{"song_id": "1182272370665345075", "download": "https://cdn.discordapp.com/attachments/1128313332273782784/1182272370665345075/chirp.mp4?ex=658417f2&amp", "lyrics": "[intro]", "style": ["American rap"], "essentia_features": {"lowlevel.average_loudness": 0.8154675960540771, "lowlevel.barkbands_crest.mean": 10.015423774719238, "lowlevel.barkbands_crest.stdev": 2.2827343940734863, "lowlevel.barkbands_flatness_db.mean": 0.31651222705841064, "lowlevel.barkbands_flatness_db.stdev": 0.028476586565375328, "lowlevel.barkbands_kurtosis.mean": 1.7587324380874634, "lowlevel.barkbands_kurtosis.stdev": 1.5191330909729004, "lowlevel.barkbands_skewness.mean": 1.3689005374908447, "lowlevel.barkbands_skewness.stdev": 0.3793385326862335, "lowlevel.barkbands_spread.mean": 7.695582866668701, "lowlevel.barkbands_spread.stdev": 2.158754587173462, "lowlevel.dissonance.mean": 0.4104633629322052, "lowlevel.dissonance.stdev": 0.03353108465671539, "lowlevel.dynamic_complexity": 3.1638617515563965, "lowlevel.erbbands_crest.mean": 8.972458839416504, "lowlevel.erbbands_crest.stdev": 2.329151153564453, "lowlevel.erbbands_flatness_db.mean": 0.3629404902458191, "lowlevel.erbbands_flatness_db.stdev": 0.02407407946884632, "lowlevel.erbbands_kurtosis.mean": -0.8221265077590942, "lowlevel.erbbands_kurtosis.stdev": 0.5154724717140198, "lowlevel.erbbands_skewness.mean": 0.4132402539253235, "lowlevel.erbbands_skewness.stdev": 0.35712534189224243, "lowlevel.erbbands_spread.mean": 18.305875778198242, "lowlevel.erbbands_spread.stdev": 3.140285015106201, "lowlevel.hfc.mean": 13.784799575805664, "lowlevel.hfc.stdev": 11.146631240844727, "lowlevel.loudness_ebu128.integrated": -24.97620391845703, "lowlevel.loudness_ebu128.loudness_range": 6.815959930419922, "lowlevel.loudness_ebu128.momentary.mean": -25.990724563598633, "lowlevel.loudness_ebu128.momentary.stdev": 3.1289803981781006, "lowlevel.loudness_ebu128.short_term.mean": -25.77373695373535, "lowlevel.loudness_ebu128.short_term.stdev": 2.6940648555755615, "lowlevel.melbands_crest.mean": 12.883930206298828, "lowlevel.melbands_crest.stdev": 3.4228649139404297, "lowlevel.melbands_flatness_db.mean": 0.40264153480529785, "lowlevel.melbands_flatness_db.stdev": 0.03933218866586685, "lowlevel.melbands_kurtosis.mean": 4.272026538848877, "lowlevel.melbands_kurtosis.stdev": 2.291947841644287, "lowlevel.melbands_skewness.mean": 1.8167166709899902, "lowlevel.melbands_skewness.stdev": 0.4323956072330475, "lowlevel.melbands_spread.mean": 10.536211967468262, "lowlevel.melbands_spread.stdev": 3.6581673622131348, "lowlevel.pitch_salience.mean": 0.6129973530769348, "lowlevel.pitch_salience.stdev": 0.08195510506629944, "lowlevel.silence_rate_20dB.mean": 1.0, "lowlevel.silence_rate_20dB.stdev": 0.0, "lowlevel.silence_rate_30dB.mean": 1.0, "lowlevel.silence_rate_30dB.stdev": 0.0, "lowlevel.silence_rate_60dB.mean": 0.01274623442441225, "lowlevel.silence_rate_60dB.stdev": 0.11217606067657471, "lowlevel.spectral_centroid.mean": 607.7168579101562, "lowlevel.spectral_centroid.stdev": 139.16053771972656, "lowlevel.spectral_complexity.mean": 14.868481636047363, "lowlevel.spectral_complexity.stdev": 3.584052085876465, "lowlevel.spectral_decrease.mean": -5.812024195250842e-09, "lowlevel.spectral_decrease.stdev": 4.230534589311219e-09, "lowlevel.spectral_energy.mean": 0.023186251521110535, "lowlevel.spectral_energy.stdev": 0.016956551000475883, "lowlevel.spectral_energyband_high.mean": 7.307752184715355e-06, "lowlevel.spectral_energyband_high.stdev": 1.7412092347512953e-05, "lowlevel.spectral_energyband_low.mean": 0.000717662856914103, "lowlevel.spectral_energyband_low.stdev": 0.0009224644745700061, "lowlevel.spectral_energyband_middle_high.mean": 0.0044580078683793545, "lowlevel.spectral_energyband_middle_high.stdev": 0.004079942591488361, "lowlevel.spectral_energyband_middle_low.mean": 0.01821286603808403, "lowlevel.spectral_energyband_middle_low.stdev": 0.013113836757838726, "lowlevel.spectral_entropy.mean": 6.236391544342041, "lowlevel.spectral_entropy.stdev": 0.2647445499897003, "lowlevel.spectral_flux.mean": 0.029007157310843468, "lowlevel.spectral_flux.stdev": 0.021992944180965424, "lowlevel.spectral_kurtosis.mean": 40.95511245727539, "lowlevel.spectral_kurtosis.stdev": 24.432615280151367, "lowlevel.spectral_rms.mean": 0.0044430335983633995, "lowlevel.spectral_rms.stdev": 0.0016971129225566983, "lowlevel.spectral_rolloff.mean": 936.8568115234375, "lowlevel.spectral_rolloff.stdev": 451.18743896484375, "lowlevel.spectral_skewness.mean": 3.8071305751800537, "lowlevel.spectral_skewness.stdev": 1.4290103912353516, "lowlevel.spectral_spread.mean": 1204461.5, "lowlevel.spectral_spread.stdev": 373705.3125, "lowlevel.spectral_strongpeak.mean": 1.3427894115447998, "lowlevel.spectral_strongpeak.stdev": 0.7416015267372131, "lowlevel.zerocrossingrate.mean": 0.030959181487560272, "lowlevel.zerocrossingrate.stdev": 0.013256160542368889, "metadata.audio_properties.analysis.equal_loudness": 0.0, "metadata.audio_properties.analysis.length": 40.04265213012695, "metadata.audio_properties.analysis.sample_rate": 44100.0, "metadata.audio_properties.analysis.start_time": 0.0, "metadata.audio_properties.bit_rate": 81159.0, "metadata.audio_properties.length": 40.042667388916016, "metadata.audio_properties.lossless": 0.0, "metadata.audio_properties.number_channels": 1.0, "metadata.audio_properties.replay_gain": -2.7737865447998047, "metadata.audio_properties.sample_rate": 48000.0, "rhythm.beats_count": 63.0, "rhythm.beats_loudness.mean": 0.03293340653181076, "rhythm.beats_loudness.stdev": 0.022541910409927368, "rhythm.bpm": 91.43305206298828, "rhythm.bpm_histogram_first_peak_bpm": 91.0, "rhythm.bpm_histogram_first_peak_weight": 0.42424237728118896, "rhythm.bpm_histogram_second_peak_bpm": 103.0, "rhythm.bpm_histogram_second_peak_spread": 0.5555555820465088, "rhythm.bpm_histogram_second_peak_weight": 0.12903225421905518, "rhythm.danceability": 0.9852609038352966, "rhythm.onset_rate": 2.49660325050354, "tonal.chords_changes_rate": 0.0243055559694767, "tonal.chords_number_rate": 0.005787036847323179, "tonal.chords_strength.mean": 0.5430660843849182, "tonal.chords_strength.stdev": 0.07092448323965073, "tonal.hpcp_crest.mean": 17.139204025268555, "tonal.hpcp_crest.stdev": 4.989847183227539, "tonal.hpcp_entropy.mean": 1.3819879293441772, "tonal.hpcp_entropy.stdev": 0.38633841276168823, "tonal.key_edma.strength": 0.7506923675537109, "tonal.key_krumhansl.strength": 0.762488067150116, "tonal.key_temperley.strength": 0.776675283908844, "tonal.tuning_diatonic_strength": 0.5344719290733337, "tonal.tuning_equal_tempered_deviation": 0.003861940000206232, "tonal.tuning_frequency": 440.5086364746094, "tonal.tuning_nontempered_energy_ratio": 0.576717734336853, "lowlevel.barkbands.mean": [2.0878894702036632e-06, 7.828616799088195e-05, 0.00048643609625287354, 0.00029230432119220495, 0.0025583424139767885, 0.005962624680250883, 0.004677001852542162, 0.0039976052939891815, 0.0005997102125547826, 0.0003006306360475719, 0.0006880327709950507, 0.001165896188467741, 0.0008218055590987206, 0.0006316793151199818, 0.0005503587308339775, 0.00022444792557507753, 8.862928370945156e-05, 2.55924114753725e-05, 2.2570367946173064e-05, 9.322694495494943e-06, 2.4476391899952432e-06, 3.997688793333509e-07, 4.9305409532962585e-08, 2.2308346281363356e-09, 1.5162109345823183e-09, 1.6680222758580499e-09, 1.074207056639409e-09], "lowlevel.barkbands.stdev": [2.035279067058582e-06, 0.0001314613182330504, 0.0007343301549553871, 0.0003817333490587771, 0.0023800665512681007, 0.0060655237175524235, 0.0048745181411504745, 0.0047380756586790085, 0.0007485123351216316, 0.00028726368327625096, 0.0008029435412026942, 0.0015316157368943095, 0.0012847123434767127, 0.0008228064398281276, 0.0006904627662152052, 0.00030616458388976753, 0.00015049547073431313, 5.483142376760952e-05, 4.17849951190874e-05, 2.7736794436350465e-05, 5.553166829486145e-06, 1.2658999821724137e-06, 3.8267373270173266e-07, 3.935594605763981e-08, 1.694697537857337e-08, 2.251764996685779e-08, 1.9933139583372395e-09], "lowlevel.erbbands.mean": [0.0007433840655721724, 0.02932419441640377, 0.38328662514686584, 0.9626997113227844, 2.418854236602783, 9.484848976135254, 25.52828025817871, 50.00328063964844, 86.86884307861328, 86.62689208984375, 41.78661346435547, 18.50908851623535, 8.496236801147461, 10.477712631225586, 37.096256256103516, 59.71459197998047, 44.79536437988281, 36.29795837402344, 27.872760772705078, 23.05384063720703, 8.856820106506348, 4.262613773345947, 1.9421687126159668, 1.443688988685608, 0.7442525029182434, 0.32290294766426086, 0.18594859540462494, 0.08322609215974808, 0.021300271153450012, 0.0034708306193351746, 0.000831320125143975, 0.00017712121189106256, 5.1823641115333885e-05, 3.1240691896528006e-05, 2.794025931507349e-05, 2.1820367692271248e-05, 1.004480327537749e-05, 2.6310128760087537e-06, 1.1606461157498416e-05, 2.6493064069654793e-05], "lowlevel.erbbands.stdev": [0.0010845678625628352, 0.04306768625974655, 0.5788299441337585, 1.1380152702331543, 3.248173236846924, 8.954545974731445, 32.956687927246094, 50.081809997558594, 81.58362579345703, 94.15193939208984, 47.28657531738281, 21.330171585083008, 8.643969535827637, 9.345657348632812, 39.27975845336914, 80.36944580078125, 64.52759552001953, 44.75571060180664, 38.69503402709961, 28.278453826904297, 11.47436237335205, 6.958122253417969, 3.127551794052124, 2.723221778869629, 1.6850847005844116, 0.8016433119773865, 0.47314873337745667, 0.198215052485466, 0.06330601125955582, 0.01801612414419651, 0.0056653572246432304, 0.0012295967899262905, 0.0004078265919815749, 0.00011040957906516269, 0.0001739082799758762, 0.00018594696302898228, 1.7974793081521057e-05, 4.428477495821426e-06, 8.571152648073621e-06, 1.9493263607728295e-05], "lowlevel.gfcc.mean": [-149.08599853515625, 238.09231567382812, -181.41708374023438, -43.90217971801758, -17.440467834472656, -56.53167724609375, -26.806835174560547, -32.01852035522461, -18.88007354736328, 4.2843170166015625, -2.3327176570892334, -12.304377555847168, -2.466294765472412], "lowlevel.melbands.mean": [1.3512843906937633e-05, 0.00015260853979270905, 0.00019556065672077239, 0.0004012776480522007, 0.0008218474104069173, 0.0011890045134350657, 0.0012458981946110725, 0.0009842306608334184, 0.00027127639623358846, 0.00010007306264014915, 3.810147973126732e-05, 3.724890120793134e-05, 9.832873183768243e-05, 0.00014769178233109415, 0.00012328752200119197, 7.017558527877554e-05, 7.113909668987617e-05, 4.2014864447992295e-05, 3.481646490399726e-05, 2.6470672310097143e-05, 7.2403918238705955e-06, 5.1699184950848576e-06, 2.426169430691516e-06, 1.0726057553256396e-06, 1.2857391311626998e-06, 4.547885339434288e-07, 4.6157518340805836e-07, 1.7325538692603004e-07, 1.45283010510866e-07, 7.163402671039876e-08, 3.500153411550855e-08, 1.3443682611580243e-08, 2.813555610714502e-09, 1.567744600805554e-09, 4.912369955256679e-10, 1.974966995499372e-10, 4.003921499906582e-11, 2.3336041432564514e-11, 1.2959958627101198e-11, 1.059010604903543e-11], "lowlevel.melbands.stdev": [2.2238205929170363e-05, 0.00021128440857864916, 0.00019990648434031755, 0.00034858446451835334, 0.0009672792511992157, 0.0012155820149928331, 0.0011927197920158505, 0.0011316622840240598, 0.0003210191207472235, 0.0001261593570234254, 4.11798209825065e-05, 3.752906559384428e-05, 0.00010615734208840877, 0.00016597766079939902, 0.00013922073412686586, 0.0001051904255291447, 9.325231076218188e-05, 5.679891546606086e-05, 3.898751310771331e-05, 3.610938074416481e-05, 1.019641786115244e-05, 9.551761650072876e-06, 3.6255171380616957e-06, 2.510125796106877e-06, 2.516365839255741e-06, 9.837107199928141e-07, 1.337999606221274e-06, 4.7379677425851696e-07, 4.3536277871680795e-07, 1.6925929458011524e-07, 9.015198543238512e-08, 4.397033492864466e-08, 1.1044679837368676e-08, 1.2467954668693437e-08, 3.970233031225234e-09, 1.3378864682778158e-09, 8.328170930660406e-10, 3.716747742910087e-10, 1.1717186942927782e-10, 8.289206820943917e-11], "lowlevel.melbands128.mean": [6.191991133164265e-07, 1.2626820762307034e-06, 1.220970352733275e-05, 4.8662139306543395e-05, 0.00013465502706822008, 0.00027498044073581696, 0.0001965755654964596, 0.00014258544251788408, 0.00021396006923168898, 0.00036450999323278666, 0.0005121814901940525, 0.0007688812911510468, 0.0009079579031094909, 0.0008918293751776218, 0.0008683501509949565, 0.0016654020873829722, 0.001648522331379354, 0.00130680191796273, 0.0005311034037731588, 0.0009985786164179444, 0.001399178639985621, 0.00030673129367642105, 0.00016992301971185952, 9.774947102414444e-05, 0.0001574346679262817, 7.755833939881995e-05, 3.012087290699128e-05, 5.105326999910176e-05, 1.369159872410819e-05, 5.463738852995448e-05, 3.041291347471997e-05, 3.2818064937600866e-05, 8.165395411197096e-05, 0.0002028488233918324, 6.214242603164166e-05, 0.00016736284305807203, 0.00023676313867326826, 3.148356336168945e-05, 0.00016311180661432445, 0.0001015735324472189, 3.635873144958168e-05, 3.779174221563153e-05, 6.600547203561291e-05, 0.00012014061212539673, 1.29926547742798e-05, 3.001906952704303e-05, 6.885096081532538e-05, 2.954748379124794e-05, 1.594506284163799e-05, 4.8542289732722566e-05, 2.2429045202443376e-05, 1.7970625776797533e-05, 4.3870149966096506e-06, 3.1628974284103606e-06, 1.017039357975591e-05, 5.131783382239519e-06, 1.3069209217064781e-06, 3.585703552744235e-06, 2.2599383555643726e-06, 1.4598666666643112e-06, 1.0831461167981615e-06, 7.607252427987987e-07, 1.1741224170691567e-06, 1.8762383433568175e-06, 3.8020192505427985e-07, 2.9745618235210713e-07, 5.917368639529741e-07, 6.746849976480007e-07, 4.4215485672793875e-07, 6.013905817781051e-08, 2.214089249719109e-07, 1.1040477687629391e-07, 3.562327037798241e-07, 7.214865149762772e-08, 5.92425486445336e-08, 5.810028014252566e-08, 1.0418610685292151e-07, 4.4212630001538855e-08, 3.1153327029187494e-08, 7.775143195942746e-09, 2.5918931001456258e-08, 8.132195361554295e-09, 5.466471719728361e-09, 2.0882762186147374e-09, 8.846019472485978e-10, 9.581059279284432e-10, 2.70387023881824e-09, 9.79169412218539e-10, 3.2020275320121527e-10, 3.857028932352513e-11, 1.9040879983833747e-10, 3.0644717319283643e-10, 3.294195818903667e-11, 3.8880763192361556e-11, 3.958239638834904e-11, 3.2628802437706383e-11, 1.6190151649886353e-11, 1.6655257034647875e-11, 1.278391108250343e-11, 1.1191962287493418e-11, 1.1145151641855922e-11, 1.061269128133091e-11, 9.860335638267603e-12, 1.019835257909385e-11, 9.408601502058911e-12, 1.8370383339516572e-11, 2.2904523763744855e-11, 2.2925543408103266e-11, 1.3890632567792327e-11, 1.4993813482466756e-11, 1.0211785410330076e-11, 6.526643808735244e-12, 6.475690209756246e-12, 6.165289632986681e-12, 6.755271689251607e-12, 5.883255254496289e-12, 5.8890522666721346e-12, 5.612702577012518e-12, 4.828371643478269e-12, 4.672718809106691e-12, 4.556823668400156e-12, 4.485489236982776e-12, 4.436892259845893e-12, 4.323672062739314e-12, 4.034784225476207e-12, 3.5652624515852827e-12, 3.307295409760158e-12, 3.2568810929417547e-12], "lowlevel.melbands128.stdev": [7.684085971959576e-07, 3.057876710954588e-06, 2.3223408788908273e-05, 8.33217054605484e-05, 0.00024899563868530095, 0.00041942266398109496, 0.00027183376369066536, 0.00022339093266054988, 0.00041707203490659595, 0.000463804550236091, 0.0005538200493901968, 0.0009585786028765142, 0.0016256255330517888, 0.0010286691831424832, 0.001157929189503193, 0.002156647853553295, 0.001860439544543624, 0.002228980418294668, 0.0007739226566627622, 0.0011618133867159486, 0.0019192686304450035, 0.00039573656977154315, 0.00045301017235033214, 0.00015954664559103549, 0.00021703739184886217, 0.00017676633433438838, 4.180287214694545e-05, 7.26560247130692e-05, 1.4272628504841123e-05, 7.112191087799147e-05, 3.676646883832291e-05, 4.890911441179924e-05, 8.670624811202288e-05, 0.0002997957344632596, 8.252561383415014e-05, 0.0002768218400888145, 0.0003836055984720588, 5.759535633842461e-05, 0.00029364737565629184, 0.00016506742394994944, 9.464362665312365e-05, 0.00011194787657586858, 8.289943798445165e-05, 0.00017445989942643791, 3.3303967938991264e-05, 6.227855919860303e-05, 0.00013426503574009985, 5.394004620029591e-05, 2.6248641006532125e-05, 8.042613626457751e-05, 3.965655923821032e-05, 3.3265838283114135e-05, 1.1760107554437127e-05, 6.884298727527494e-06, 2.60814449575264e-05, 1.4083191672398243e-05, 2.807058535836404e-06, 6.3874967963784e-06, 4.619022092811065e-06, 3.4642780519789085e-06, 2.4898693027353147e-06, 5.0976309466932435e-06, 2.4041721644607605e-06, 3.6972469388274476e-06, 1.131782141783333e-06, 5.236401534602919e-07, 2.015877953454037e-06, 1.970679932128405e-06, 1.6643787148495903e-06, 1.641251543560429e-07, 8.234885626734467e-07, 2.871328490527958e-07, 1.303642875427613e-06, 1.9534476791704947e-07, 1.6524137436135788e-07, 1.7456457612752274e-07, 2.643745631303318e-07, 1.1906786312465556e-07, 1.0234412428644646e-07, 2.209745630921134e-08, 9.315981230884063e-08, 3.2698093122007776e-08, 2.0409226308970574e-08, 1.1284737588823646e-08, 4.673230691309982e-09, 7.181835570690964e-09, 2.4242815754860203e-08, 8.020809794118122e-09, 2.9601741058371545e-09, 2.3887858358051517e-10, 1.2571543805961483e-09, 2.2305393088117853e-09, 5.95285043480942e-10, 9.424971914029356e-10, 9.77808833901861e-10, 7.190729123252027e-10, 1.407832878053128e-10, 1.9474091783600045e-10, 1.2120321413178203e-10, 7.584875783006595e-11, 9.354460955846022e-11, 8.63231847114676e-11, 7.142338803722836e-11, 9.622251606611343e-11, 7.448141409183151e-11, 3.740813492303374e-10, 5.692241678012522e-10, 6.02789651527047e-10, 2.1880769418558543e-10, 3.0540933670941683e-10, 1.2788971270882854e-10, 2.991575737132379e-11, 3.518545177438881e-11, 3.060159070589208e-11, 6.026590337881998e-11, 3.038123572163265e-11, 3.4723512259970946e-11, 2.852701928846013e-11, 6.477655217773659e-12, 6.223719890147139e-12, 6.0643035731944295e-12, 5.9301123039867676e-12, 5.820644747439596e-12, 5.718557138240099e-12, 5.628282128550266e-12, 5.564309429884062e-12, 5.516445373415779e-12, 5.486142790056547e-12], "lowlevel.mfcc.mean": [-778.0036010742188, 277.069091796875, -82.7874755859375, 5.488086700439453, -4.978255271911621, -14.453608512878418, -11.054147720336914, -35.700408935546875, -15.56068229675293, -12.577528953552246, -6.6630682945251465, 2.678173065185547, 0.715930700302124], "lowlevel.spectral_contrast_coeffs.mean": [-0.584470808506012, -0.6386131048202515, -0.6834937334060669, -0.6913955807685852, -0.7450044751167297, -0.7546971440315247], "lowlevel.spectral_contrast_coeffs.stdev": [0.07333267480134964, 0.06710536777973175, 0.05425576493144035, 0.045854706317186356, 0.03014230914413929, 0.08056075125932693], "lowlevel.spectral_contrast_valleys.mean": [-7.773018836975098, -6.625973224639893, -7.8721089363098145, -8.339071273803711, -9.706884384155273, -14.358915328979492], "lowlevel.spectral_contrast_valleys.stdev": [0.7364539504051208, 0.6994543671607971, 0.663827121257782, 0.7412458658218384, 0.8625237345695496, 0.9621434211730957], "rhythm.beats_loudness_band_ratio.mean": [0.06299669295549393, 0.4247725307941437, 0.4109339714050293, 0.15931163728237152, 0.048352502286434174, 0.0014540955889970064], "rhythm.beats_loudness_band_ratio.stdev": [0.08686009794473648, 0.18998019397258759, 0.13016365468502045, 0.05451153963804245, 0.029351631179451942, 0.0009642243385314941], "tonal.hpcp.mean": [0.4086919128894806, 0.1938508301973343, 0.010669805109500885, 0.009031279943883419, 0.0006595812155865133, 0.06665491312742233, 0.13932020962238312, 0.07827554643154144, 0.21458451449871063, 0.4260917603969574, 0.21812191605567932, 0.029118884354829788, 0.04475470259785652, 0.018842801451683044, 0.14566665887832642, 0.2737234830856323, 0.13326798379421234, 0.012195237912237644, 0.01047970075160265, 0.0027249131817370653, 0.11006678640842438, 0.22954368591308594, 0.12422966957092285, 0.06906327605247498, 0.11306961625814438, 0.04863964766263962, 0.013462086208164692, 0.02179761789739132, 0.012996756471693516, 0.24617509543895721, 0.44743287563323975, 0.20597736537456512, 0.004271260928362608, 0.005280773621052504, 0.003925419878214598, 0.21868419647216797], "tonal.hpcp.stdev": [0.4437786042690277, 0.21087653934955597, 0.01601775549352169, 0.01294988114386797, 0.0016032364219427109, 0.1178312599658966, 0.23098039627075195, 0.12302330881357193, 0.19788460433483124, 0.39310503005981445, 0.2090475708246231, 0.07437196373939514, 0.13254158198833466, 0.07252175360918045, 0.2042032927274704, 0.3552364110946655, 0.15837275981903076, 0.02489015832543373, 0.019617414101958275, 0.00987524539232254, 0.1291932314634323, 0.25942954421043396, 0.1372220516204834, 0.14259999990463257, 0.2465934455394745, 0.1126500740647316, 0.053167182952165604, 0.08856795728206635, 0.04168757423758507, 0.23559345304965973, 0.40982627868652344, 0.19441835582256317, 0.021608976647257805, 0.02559368871152401, 0.013521897606551647, 0.24425828456878662], "rhythm.beats_position": [0.650158703327179, 1.3119274377822876, 1.9969160556793213, 2.6819047927856445, 3.3436734676361084, 4.017052173614502, 4.678820610046387, 5.34058952331543, 6.0023579597473145, 6.664126873016357, 7.314285755157471, 7.964444160461426, 8.614603042602539, 9.287981986999512, 9.949749946594238, 10.623128890991211, 11.296507835388184, 11.958276748657227, 12.620044708251953, 13.281813621520996, 13.943582534790039, 14.605351448059082, 15.255510330200195, 15.905668258666992, 16.544218063354492, 17.18276596069336, 17.82131576538086, 18.459863662719727, 19.110021591186523, 19.760181427001953, 20.39872932434082, 21.03727912902832, 21.675827026367188, 22.314376831054688, 22.941314697265625, 23.568254470825195, 24.195192337036133, 24.81052017211914, 25.42584991455078, 26.05278778076172, 26.67972755432129, 27.306665420532227, 27.933605194091797, 28.548933029174805, 29.164262771606445, 29.767980575561523, 30.371700286865234, 30.975418090820312, 31.579137802124023, 32.182857513427734, 32.78657531738281, 33.378684997558594, 33.970794677734375, 34.551292419433594, 35.13179016113281, 35.71228790283203, 36.292789459228516, 36.86167907714844, 37.430564880371094, 38.01106643676758, 38.5915641784668, 39.172061920166016, 39.7525634765625], "rhythm.bpm_histogram": [0.0, 0.0, 0.0, 0.0, 0.0, 0.0, 0.0, 0.0, 0.0, 0.0, 0.0, 0.0, 0.0, 0.0, 0.0, 0.0, 0.0, 0.0, 0.0, 0.0, 0.0, 0.0, 0.0, 0.0, 0.0, 0.0, 0.0, 0.0, 0.0, 0.0, 0.0, 0.0, 0.0, 0.0, 0.0, 0.0, 0.0, 0.0, 0.0, 0.0, 0.0, 0.0, 0.0, 0.0, 0.0, 0.0, 0.0, 0.0, 0.0, 0.0, 0.0, 0.0, 0.0, 0.0, 0.0, 0.0, 0.0, 0.0, 0.0, 0.0, 0.0, 0.0, 0.0, 0.0, 0.0, 0.0, 0.0, 0.0, 0.0, 0.0, 0.0, 0.0, 0.0, 0.0, 0.0, 0.0, 0.0, 0.0, 0.0, 0.0, 0.0, 0.0, 0.0, 0.0, 0.0, 0.0, 0.0, 0.0, 0.032258063554763794, 0.06451612710952759, 0.0, 0.19354838132858276, 0.11290322244167328, 0.0, 0.12903225421905518, 0.0, 0.11290322244167328, 0.0, 0.06451612710952759, 0.09677419066429138, 0.0, 0.032258063554763794, 0.0, 0.12903225421905518, 0.0, 0.032258063554763794, 0.0, 0.0, 0.0, 0.0, 0.0, 0.0, 0.0, 0.0, 0.0, 0.0, 0.0, 0.0, 0.0, 0.0, 0.0, 0.0, 0.0, 0.0, 0.0, 0.0, 0.0, 0.0, 0.0, 0.0, 0.0, 0.0, 0.0, 0.0, 0.0, 0.0, 0.0, 0.0, 0.0, 0.0, 0.0, 0.0, 0.0, 0.0, 0.0, 0.0, 0.0, 0.0, 0.0, 0.0, 0.0, 0.0, 0.0, 0.0, 0.0, 0.0, 0.0, 0.0, 0.0, 0.0, 0.0, 0.0, 0.0, 0.0, 0.0, 0.0, 0.0, 0.0, 0.0, 0.0, 0.0, 0.0, 0.0, 0.0, 0.0, 0.0, 0.0, 0.0, 0.0, 0.0, 0.0, 0.0, 0.0, 0.0, 0.0, 0.0, 0.0, 0.0, 0.0, 0.0, 0.0, 0.0, 0.0, 0.0, 0.0, 0.0, 0.0, 0.0, 0.0, 0.0, 0.0, 0.0, 0.0, 0.0, 0.0, 0.0, 0.0, 0.0, 0.0, 0.0, 0.0, 0.0, 0.0, 0.0, 0.0, 0.0, 0.0, 0.0, 0.0, 0.0, 0.0, 0.0, 0.0, 0.0, 0.0, 0.0, 0.0, 0.0, 0.0, 0.0, 0.0, 0.0, 0.0, 0.0, 0.0, 0.0, 0.0, 0.0, 0.0, 0.0, 0.0, 0.0, 0.0, 0.0, 0.0, 0.0, 0.0, 0.0, 0.0, 0.0], "tonal.chords_histogram": [27.08333396911621, 0.0, 23.842592239379883, 0.0, 0.3472222089767456, 0.0, 12.384259223937988, 0.0, 0.0, 0.0, 0.0, 0.0, 0.0, 0.0, 0.0, 0.0, 0.0, 0.0, 0.0, 0.0, 0.0, 0.8101851940155029, 24.537036895751953, 10.995369911193848], "tonal.thpcp": [1.0, 0.46035367250442505, 0.009546149522066116, 0.011802381835877895, 0.008773203939199448, 0.488753080368042, 0.9134150147438049, 0.43325120210647583, 0.023846717551350594, 0.020184658467769623, 0.0014741455670446157, 0.14897187054157257, 0.31137678027153015, 0.17494367063045502, 0.47959041595458984, 0.9523032307624817, 0.48749640583992004, 0.06507989764213562, 0.10002551227807999, 0.04211313650012016, 0.32556092739105225, 0.6117643713951111, 0.29785022139549255, 0.027256017550826073, 0.023421838879585266, 0.006090105045586824, 0.24599619209766388, 0.5130237340927124, 0.277649849653244, 0.1543544977903366, 0.25270745158195496, 0.10870825499296188, 0.030087387189269066, 0.04871706664562225, 0.029047388583421707, 0.550194501876831], "lowlevel.gfcc.cov": [[3834.30322265625, -389.584716796875, -806.21875, 504.4934387207031, -401.2386169433594, -171.60267639160156, 251.72906494140625, -283.3406982421875, 280.1730041503906, 187.99256896972656, -131.1369171142578, 57.28394317626953, -192.24099731445312], [-389.584716796875, 376.0616455078125, 231.5824432373047, -68.2388687133789, 206.65237426757812, 28.66778564453125, -2.381772756576538, 83.0689468383789, -84.66899108886719, -53.163021087646484, 16.60674285888672, -39.95786666870117, 54.14798355102539], [-806.21875, 231.5824432373047, 367.3222351074219, -42.40702438354492, 165.13461303710938, 101.71024322509766, -36.62605667114258, 110.18025207519531, -77.61042022705078, -62.48980712890625, 40.16575622558594, -28.847278594970703, 40.65208435058594], [504.4934387207031, -68.2388687133789, -42.40702438354492, 278.09576416015625, -18.043439865112305, 39.72370147705078, 126.29737091064453, -36.600582122802734, 33.54018020629883, -6.5481133460998535, -48.31354522705078, 10.994803428649902, -47.34044647216797], [-401.2386169433594, 206.65237426757812, 165.13461303710938, -18.043439865112305, 183.73985290527344, 45.228729248046875, -4.730805397033691, 69.68265533447266, -56.17237854003906, -31.286001205444336, 20.10784339904785, -13.650664329528809, 38.6244010925293], [-171.60267639160156, 28.66778564453125, 101.71024322509766, 39.72370147705078, 45.228729248046875, 89.25469970703125, 19.743852615356445, 33.576171875, 0.8976563811302185, -18.852298736572266, 12.23609733581543, 7.495634078979492, -1.1305526494979858], [251.72906494140625, -2.381772756576538, -36.62605667114258, 126.29737091064453, -4.730805397033691, 19.743852615356445, 114.85050964355469, -2.5769879817962646, 19.90641212463379, 12.073409080505371, -34.547061920166016, -1.709770679473877, -17.261943817138672], [-283.3406982421875, 83.0689468383789, 110.18025207519531, -36.600582122802734, 69.68265533447266, 33.576171875, -2.5769879817962646, 87.6225357055664, -7.827859878540039, -7.671821594238281, 24.753406524658203, -8.605525016784668, 19.46882438659668], [280.1730041503906, -84.66899108886719, -77.61042022705078, 33.54018020629883, -56.17237854003906, 0.8976563811302185, 19.90641212463379, -7.827859878540039, 88.2999267578125, 45.396934509277344, 10.995820999145508, 31.136198043823242, -18.839025497436523], [187.99256896972656, -53.163021087646484, -62.48980712890625, -6.5481133460998535, -31.286001205444336, -18.852298736572266, 12.073409080505371, -7.671821594238281, 45.396934509277344, 69.55372619628906, 15.48676586151123, 10.488015174865723, 1.2186532020568848], [-131.1369171142578, 16.60674285888672, 40.16575622558594, -48.31354522705078, 20.10784339904785, 12.23609733581543, -34.547061920166016, 24.753406524658203, 10.995820999145508, 15.48676586151123, 57.59777069091797, 21.78618812561035, 10.901671409606934], [57.28394317626953, -39.95786666870117, -28.847278594970703, 10.994803428649902, -13.650664329528809, 7.495634078979492, -1.709770679473877, -8.605525016784668, 31.136198043823242, 10.488015174865723, 21.78618812561035, 57.115570068359375, 15.510398864746094], [-192.24099731445312, 54.14798355102539, 40.65208435058594, -47.34044647216797, 38.6244010925293, -1.1305526494979858, -17.261943817138672, 19.46882438659668, -18.839025497436523, 1.2186532020568848, 10.901671409606934, 15.510398864746094, 55.6107292175293]], "lowlevel.gfcc.icov": [[0.001678186235949397, -0.0050490619614720345, 0.004464791156351566, -0.004743346944451332, 0.004677922930568457, -0.0019879962783306837, 0.0047614420764148235, -0.002027378650382161, 0.0011053349589928985, -0.005247622262686491, 0.002128759166225791, -0.0020884713158011436, 0.0029687590431421995], [-0.0050490619614720345, 0.029000507667660713, -0.01947217807173729, 0.02007506974041462, -0.02721652202308178, 0.014713381417095661, -0.026410341262817383, 0.013606186024844646, -0.011172270402312279, 0.02618393488228321, -0.012412907555699348, 0.014307704754173756, -0.014042669907212257], [0.004464791156351566, -0.01947217807173729, 0.024838406592607498, -0.017331723123788834, 0.016487209126353264, -0.017116457223892212, 0.021848350763320923, -0.014410903677344322, 0.009755593724548817, -0.015697721391916275, 0.003503733314573765, -0.002744268625974655, 0.005238257814198732], [-0.004743346944451332, 0.02007506974041462, -0.017331723123788834, 0.027023905888199806, -0.020647834986448288, 0.008382996544241905, -0.029058903455734253, 0.014770066365599632, -0.009151567704975605, 0.021328933537006378, -0.005048551131039858, 0.0041663506999611855, -0.003689225297421217], [0.004677922930568457, -0.02721652202308178, 0.016487209126353264, -0.020647834986448288, 0.03781826049089432, -0.014975780621170998, 0.02432342618703842, -0.018233560025691986, 0.016125895082950592, -0.02462208829820156, 0.008722967468202114, -0.012245537713170052, 0.00811261497437954], [-0.0019879962783306837, 0.014713381417095661, -0.017116457223892212, 0.008382996544241905, -0.014975780621170998, 0.03220339119434357, -0.018513673916459084, 0.007005395833402872, -0.011640267446637154, 0.017227845266461372, -0.008166082203388214, 0.0015202941140159965, -0.001837289659306407], [0.0047614420764148235, -0.026410341262817383, 0.021848350763320923, -0.029058903455734253, 0.02432342618703842, -0.018513673916459084, 0.050173740833997726, -0.02255585603415966, 0.01470126211643219, -0.0343182347714901, 0.023533377796411514, -0.014446115121245384, 0.012815582565963268], [-0.002027378650382161, 0.013606186024844646, -0.014410903677344322, 0.014770066365599632, -0.018233560025691986, 0.007005395833402872, -0.02255585603415966, 0.036551982164382935, -0.019062258303165436, 0.01962939277291298, -0.016290657222270966, 0.01743440516293049, -0.012697096914052963], [0.0011053349589928985, -0.011172270402312279, 0.009755593724548817, -0.009151567704975605, 0.016125895082950592, -0.011640267446637154, 0.01470126211643219, -0.019062258303165436, 0.04260045662522316, -0.030898768454790115, 0.011612729169428349, -0.02665385976433754, 0.01984366960823536], [-0.005247622262686491, 0.02618393488228321, -0.015697721391916275, 0.021328933537006378, -0.02462208829820156, 0.017227845266461372, -0.0343182347714901, 0.01962939277291298, -0.030898768454790115, 0.06126520410180092, -0.03155883401632309, 0.03063373826444149, -0.028244197368621826], [0.002128759166225791, -0.012412907555699348, 0.003503733314573765, -0.005048551131039858, 0.008722967468202114, -0.008166082203388214, 0.023533377796411514, -0.016290657222270966, 0.011612729169428349, -0.03155883401632309, 0.053668029606342316, -0.03390500321984291, 0.022931093350052834], [-0.0020884713158011436, 0.014307704754173756, -0.002744268625974655, 0.0041663506999611855, -0.012245537713170052, 0.0015202941140159965, -0.014446115121245384, 0.01743440516293049, -0.02665385976433754, 0.03063373826444149, -0.03390500321984291, 0.05837418884038925, -0.03698524460196495], [0.0029687590431421995, -0.014042669907212257, 0.005238257814198732, -0.003689225297421217, 0.00811261497437954, -0.001837289659306407, 0.012815582565963268, -0.012697096914052963, 0.01984366960823536, -0.028244197368621826, 0.022931093350052834, -0.03698524460196495, 0.050861138850450516]], "lowlevel.mfcc.cov": [[2904.897705078125, -114.57769012451172, -956.1848754882812, 738.7991333007812, -702.0940551757812, 272.7441711425781, -207.9778594970703, -289.26776123046875, 214.23287963867188, -143.1414337158203, 187.74119567871094, 88.04121398925781, 53.920433044433594], [-114.57769012451172, 266.19195556640625, 92.39057922363281, -58.03852462768555, 141.7258758544922, -58.15607452392578, 72.27832794189453, 12.155778884887695, -0.03936566039919853, 24.88050651550293, -27.31432342529297, 11.309317588806152, -17.26944351196289], [-956.1848754882812, 92.39057922363281, 455.5251770019531, -187.53501892089844, 268.3514709472656, -44.3297004699707, 109.14295196533203, 165.5220489501953, -67.01496887207031, 73.06835174560547, -64.92671203613281, -28.934999465942383, -5.520443916320801], [738.7991333007812, -58.03852462768555, -187.53501892089844, 307.9666442871094, -148.7014923095703, 106.55392456054688, 15.865930557250977, -29.070417404174805, 81.63572692871094, -26.313392639160156, 45.78464126586914, 26.288362503051758, 4.507726192474365], [-702.0940551757812, 141.7258758544922, 268.3514709472656, -148.7014923095703, 296.00933837890625, -58.048370361328125, 93.65034484863281, 111.17703247070312, -52.142250061035156, 45.08245849609375, -45.91558074951172, -16.4617977142334, -12.753307342529297], [272.7441711425781, -58.15607452392578, -44.3297004699707, 106.55392456054688, -58.048370361328125, 106.9341812133789, -0.3743130564689636, 12.82530689239502, 28.854501724243164, -12.715229988098145, 33.08234786987305, 5.8933820724487305, 21.88371467590332], [-207.9778594970703, 72.27832794189453, 109.14295196533203, 15.865930557250977, 93.65034484863281, -0.3743130564689636, 144.0321044921875, 59.57549285888672, 18.891002655029297, 35.28429412841797, -26.533540725708008, 5.123769283294678, -28.64518928527832], [-289.26776123046875, 12.155778884887695, 165.5220489501953, -29.070417404174805, 111.17703247070312, 12.82530689239502, 59.57549285888672, 142.18014526367188, -5.195948123931885, 23.559823989868164, -5.835305213928223, -15.074990272521973, 3.027812957763672], [214.23287963867188, -0.03936566039919853, -67.01496887207031, 81.63572692871094, -52.142250061035156, 28.854501724243164, 18.891002655029297, -5.195948123931885, 86.5533447265625, 0.006046859081834555, 13.165061950683594, 33.58462142944336, -5.322284698486328], [-143.1414337158203, 24.88050651550293, 73.06835174560547, -26.313392639160156, 45.08245849609375, -12.715229988098145, 35.28429412841797, 23.559823989868164, 0.006046859081834555, 68.01128387451172, -4.536408424377441, 1.5206423997879028, 15.601032257080078], [187.74119567871094, -27.31432342529297, -64.92671203613281, 45.78464126586914, -45.91558074951172, 33.08234786987305, -26.533540725708008, -5.835305213928223, 13.165061950683594, -4.536408424377441, 63.90082550048828, 17.24517059326172, 12.747005462646484], [88.04121398925781, 11.309317588806152, -28.934999465942383, 26.288362503051758, -16.4617977142334, 5.8933820724487305, 5.123769283294678, -15.074990272521973, 33.58462142944336, 1.5206423997879028, 17.24517059326172, 66.57002258300781, 14.27230167388916], [53.920433044433594, -17.26944351196289, -5.520443916320801, 4.507726192474365, -12.753307342529297, 21.88371467590332, -28.64518928527832, 3.027812957763672, -5.322284698486328, 15.601032257080078, 12.747005462646484, 14.27230167388916, 70.1186752319336]], "lowlevel.mfcc.icov": [[0.02800772152841091, -0.0355873629450798, 0.036342717707157135, -0.03560609742999077, 0.033137641847133636, -0.03061002492904663, 0.02742839977145195, -0.021719587966799736, 0.0182110033929348, -0.016109881922602654, 0.010372737422585487, -0.010437189601361752, 0.007776736747473478], [-0.0355873629450798, 0.051778897643089294, -0.04644640162587166, 0.04479827731847763, -0.04593270272016525, 0.04179017245769501, -0.037175826728343964, 0.03070944733917713, -0.025556212291121483, 0.021599698811769485, -0.014538454823195934, 0.013719771057367325, -0.011223250068724155], [0.036342717707157135, -0.04644640162587166, 0.05624699220061302, -0.04353368654847145, 0.04056781157851219, -0.04300317540764809, 0.03515288233757019, -0.03492163121700287, 0.027850311249494553, -0.02606326900422573, 0.01888880878686905, -0.016295932233333588, 0.012305048294365406], [-0.03560609742999077, 0.04479827731847763, -0.04353368654847145, 0.05359441787004471, -0.040235500782728195, 0.03321501985192299, -0.038157034665346146, 0.026529915630817413, -0.02518320642411709, 0.020692110061645508, -0.013385558500885963, 0.013216323219239712, -0.009649007581174374], [0.033137641847133636, -0.04593270272016525, 0.04056781157851219, -0.040235500782728195, 0.05096593126654625, -0.03552447259426117, 0.03005632758140564, -0.030381714925169945, 0.025429952889680862, -0.019118700176477432, 0.012982000596821308, -0.013750207610428333, 0.009555628523230553], [-0.03061002492904663, 0.04179017245769501, -0.04300317540764809, 0.03321501985192299, -0.03552447259426117, 0.0550382137298584, -0.033375900238752365, 0.024175649508833885, -0.024273261427879333, 0.02434808388352394, -0.01966596208512783, 0.01639673300087452, -0.017029086127877235], [0.02742839977145195, -0.037175826728343964, 0.03515288233757019, -0.038157034665346146, 0.03005632758140564, -0.033375900238752365, 0.04400098696351051, -0.02529437094926834, 0.01749802567064762, -0.023761987686157227, 0.01675640605390072, -0.01449008658528328, 0.01644166000187397], [-0.021719587966799736, 0.03070944733917713, -0.03492163121700287, 0.026529915630817413, -0.030381714925169945, 0.024175649508833885, -0.02529437094926834, 0.0360136516392231, -0.021045636385679245, 0.01726393587887287, -0.015397823415696621, 0.014830394648015499, -0.0108069172129035], [0.0182110033929348, -0.025556212291121483, 0.027850311249494553, -0.02518320642411709, 0.025429952889680862, -0.024273261427879333, 0.01749802567064762, -0.021045636385679245, 0.036384567618370056, -0.016664579510688782, 0.012183989398181438, -0.01905207335948944, 0.011903835460543633], [-0.016109881922602654, 0.021599698811769485, -0.02606326900422573, 0.020692110061645508, -0.019118700176477432, 0.02434808388352394, -0.023761987686157227, 0.01726393587887287, -0.016664579510688782, 0.03504222258925438, -0.013337107375264168, 0.011523718014359474, -0.016185853630304337], [0.010372737422585487, -0.014538454823195934, 0.01888880878686905, -0.013385558500885963, 0.012982000596821308, -0.01966596208512783, 0.01675640605390072, -0.015397823415696621, 0.012183989398181438, -0.013337107375264168, 0.03137630596756935, -0.013193134218454361, 0.007673293352127075], [-0.010437189601361752, 0.013719771057367325, -0.016295932233333588, 0.013216323219239712, -0.013750207610428333, 0.01639673300087452, -0.01449008658528328, 0.014830394648015499, -0.01905207335948944, 0.011523718014359474, -0.013193134218454361, 0.029254382476210594, -0.012471992522478104], [0.007776736747473478, -0.011223250068724155, 0.012305048294365406, -0.009649007581174374, 0.009555628523230553, -0.017029086127877235, 0.01644166000187397, -0.0108069172129035, 0.011903835460543633, -0.016185853630304337, 0.007673293352127075, -0.012471992522478104, 0.026990892365574837]], "metadata.audio_properties.analysis.downmix": "mix", "metadata.audio_properties.codec": "mp3", "metadata.audio_properties.md5_encoded": "651289c39151abb80f7c2e7957e36a63", "metadata.tags.file_name": "1182272370665345075.mp3", "metadata.version.essentia": "2.1-beta6-dev", "metadata.version.essentia_git_sha": "v2.1_beta5-1110-g77a6a954", "metadata.version.extractor": "music 2.0", "tonal.chords_key": "C", "tonal.chords_scale": "major", "tonal.key_edma.key": "C", "tonal.key_edma.scale": "major", "tonal.key_krumhansl.key": "C", "tonal.key_krumhansl.scale": "major", "tonal.key_temperley.key": "C", "tonal.key_temperley.scale": "major", "metadata.tags.encoding": ["Lavf58.45.100"]}, "essentia_models": [{"model_name": "genre_dortmund", "activations": {"alternative": "0.37638372", "blues": "0.026494415", "electronic": "0.14531603", "folkcountry": "0.14253365", "funksoulrnb": "0.025561364", "jazz": "0.19623154", "pop": "0.04817185", "raphiphop": "0.03813463", "rock": "0.23376325"}}, {"model_name": "genre_rosamerica", "activations": {"classic": "0.61