{"song_id": "1182259121483956325", "download": "https://cdn.discordapp.com/attachments/1135903449314238464/1182259121483956325/chirp.mp4?ex=65840b9b&amp", "lyrics": "Verse 1:\nBrush, brush, smile big\nBrush bugs away\nClean all over\nBe happy!\n\nChorus:\n\nBrush your teeth\nFight the bugs\nKeep them clean\nSmile bright!\n\nVerse 2:\nBrush bottom nice\nBugs don\u2019t stay\nSmooth like silk\n\nVerse 3:\nBrush up on top\nBright white, yay!\n\nChorus:\nBrush your teeth\nFight the bugs\nKeep them clean\nSmile bright!\n\nVerse 4:\nBrush day and night\nNo more bugs!\nSmiles fresh and bright", "style": ["happy song for kids</span><span>, over"], "essentia_features": {"lowlevel.average_loudness": 0.9521444439888, "lowlevel.barkbands_crest.mean": 14.360379219055176, "lowlevel.barkbands_crest.stdev": 5.043410301208496, "lowlevel.barkbands_flatness_db.mean": 0.24037334322929382, "lowlevel.barkbands_flatness_db.stdev": 0.0821739137172699, "lowlevel.barkbands_kurtosis.mean": 28.793569564819336, "lowlevel.barkbands_kurtosis.stdev": 55.15492248535156, "lowlevel.barkbands_skewness.mean": 3.0824484825134277, "lowlevel.barkbands_skewness.stdev": 3.149590492248535, "lowlevel.barkbands_spread.mean": 14.05447006225586, "lowlevel.barkbands_spread.stdev": 18.530603408813477, "lowlevel.dissonance.mean": 0.42213544249534607, "lowlevel.dissonance.stdev": 0.05820680409669876, "lowlevel.dynamic_complexity": 4.9490532875061035, "lowlevel.erbbands_crest.mean": 14.22114372253418, "lowlevel.erbbands_crest.stdev": 5.657100200653076, "lowlevel.erbbands_flatness_db.mean": 0.22081713378429413, "lowlevel.erbbands_flatness_db.stdev": 0.06794605404138565, "lowlevel.erbbands_kurtosis.mean": 8.895442008972168, "lowlevel.erbbands_kurtosis.stdev": 16.1743221282959, "lowlevel.erbbands_skewness.mean": 1.6218459606170654, "lowlevel.erbbands_skewness.stdev": 2.0087225437164307, "lowlevel.erbbands_spread.mean": 30.802404403686523, "lowlevel.erbbands_spread.stdev": 29.08390998840332, "lowlevel.hfc.mean": 15.820429801940918, "lowlevel.hfc.stdev": 18.68983268737793, "lowlevel.loudness_ebu128.integrated": -15.720071792602539, "lowlevel.loudness_ebu128.loudness_range": 2.0054197311401367, "lowlevel.loudness_ebu128.momentary.mean": -16.48269271850586, "lowlevel.loudness_ebu128.momentary.stdev": 2.890632390975952, "lowlevel.loudness_ebu128.short_term.mean": -15.861967086791992, "lowlevel.loudness_ebu128.short_term.stdev": 0.6863618493080139, "lowlevel.melbands_crest.mean": 16.79180145263672, "lowlevel.melbands_crest.stdev": 5.366340637207031, "lowlevel.melbands_flatness_db.mean": 0.29631146788597107, "lowlevel.melbands_flatness_db.stdev": 0.10019057244062424, "lowlevel.melbands_kurtosis.mean": 44.223140716552734, "lowlevel.melbands_kurtosis.stdev": 64.9848403930664, "lowlevel.melbands_skewness.mean": 3.6909983158111572, "lowlevel.melbands_skewness.stdev": 3.1967978477478027, "lowlevel.melbands_spread.mean": 18.677473068237305, "lowlevel.melbands_spread.stdev": 36.884765625, "lowlevel.pitch_salience.mean": 0.48514649271965027, "lowlevel.pitch_salience.stdev": 0.14806105196475983, "lowlevel.silence_rate_20dB.mean": 1.0, "lowlevel.silence_rate_20dB.stdev": 0.0, "lowlevel.silence_rate_30dB.mean": 0.9961389899253845, "lowlevel.silence_rate_30dB.stdev": 0.06201687827706337, "lowlevel.silence_rate_60dB.mean": 0.24555984139442444, "lowlevel.silence_rate_60dB.stdev": 0.4304211735725403, "lowlevel.spectral_centroid.mean": 996.4360961914062, "lowlevel.spectral_centroid.stdev": 1202.48779296875, "lowlevel.spectral_complexity.mean": 7.005405426025391, "lowlevel.spectral_complexity.stdev": 6.225058078765869, "lowlevel.spectral_decrease.mean": -5.147922532700022e-09, "lowlevel.spectral_decrease.stdev": 6.4061151938688e-09, "lowlevel.spectral_energy.mean": 0.020864391699433327, "lowlevel.spectral_energy.stdev": 0.025053473189473152, "lowlevel.spectral_energyband_high.mean": 0.0006492428947240114, "lowlevel.spectral_energyband_high.stdev": 0.0015528920339420438, "lowlevel.spectral_energyband_low.mean": 0.0037735316436737776, "lowlevel.spectral_energyband_low.stdev": 0.014755145646631718, "lowlevel.spectral_energyband_middle_high.mean": 0.003930450417101383, "lowlevel.spectral_energyband_middle_high.stdev": 0.008809172548353672, "lowlevel.spectral_energyband_middle_low.mean": 0.012967363931238651, "lowlevel.spectral_energyband_middle_low.stdev": 0.01597379520535469, "lowlevel.spectral_entropy.mean": 6.850114822387695, "lowlevel.spectral_entropy.stdev": 0.885715901851654, "lowlevel.spectral_flux.mean": 0.07126603275537491, "lowlevel.spectral_flux.stdev": 0.06308864057064056, "lowlevel.spectral_kurtosis.mean": 7.832842826843262, "lowlevel.spectral_kurtosis.stdev": 7.011471748352051, "lowlevel.spectral_rms.mean": 0.0037445786874741316, "lowlevel.spectral_rms.stdev": 0.002516675740480423, "lowlevel.spectral_rolloff.mean": 1722.6065673828125, "lowlevel.spectral_rolloff.stdev": 3034.59228515625, "lowlevel.spectral_skewness.mean": 2.1911661624908447, "lowlevel.spectral_skewness.stdev": 0.9737783670425415, "lowlevel.spectral_spread.mean": 5802064.5, "lowlevel.spectral_spread.stdev": 2955468.0, "lowlevel.spectral_strongpeak.mean": 1.2697372436523438, "lowlevel.spectral_strongpeak.stdev": 1.596832275390625, "lowlevel.zerocrossingrate.mean": 0.07127586752176285, "lowlevel.zerocrossingrate.stdev": 0.08697092533111572, "metadata.audio_properties.analysis.equal_loudness": 0.0, "metadata.audio_properties.analysis.length": 30.03628158569336, "metadata.audio_properties.analysis.sample_rate": 44100.0, "metadata.audio_properties.analysis.start_time": 0.0, "metadata.audio_properties.bit_rate": 125408.0, "metadata.audio_properties.length": 30.03733253479004, "metadata.audio_properties.lossless": 0.0, "metadata.audio_properties.number_channels": 1.0, "metadata.audio_properties.replay_gain": -12.55003547668457, "metadata.audio_properties.sample_rate": 48000.0, "rhythm.beats_count": 72.0, "rhythm.beats_loudness.mean": 0.03431326523423195, "rhythm.beats_loudness.stdev": 0.02131917141377926, "rhythm.bpm": 144.77407836914062, "rhythm.bpm_histogram_first_peak_bpm": 144.0, "rhythm.bpm_histogram_first_peak_weight": 0.4117646813392639, "rhythm.bpm_histogram_second_peak_bpm": 152.0, "rhythm.bpm_histogram_second_peak_spread": 0.0, "rhythm.bpm_histogram_second_peak_weight": 0.0422535203397274, "rhythm.danceability": 1.5595911741256714, "rhythm.onset_rate": 4.757432460784912, "tonal.chords_changes_rate": 0.03086419776082039, "tonal.chords_number_rate": 0.010802469216287136, "tonal.chords_strength.mean": 0.570415735244751, "tonal.chords_strength.stdev": 0.08689383417367935, "tonal.hpcp_crest.mean": 18.688919067382812, "tonal.hpcp_crest.stdev": 9.097963333129883, "tonal.hpcp_entropy.mean": 1.4462060928344727, "tonal.hpcp_entropy.stdev": 0.8662098050117493, "tonal.key_edma.strength": 0.8599995374679565, "tonal.key_krumhansl.strength": 0.864184558391571, "tonal.key_temperley.strength": 0.8621071577072144, "tonal.tuning_diatonic_strength": 0.6934943199157715, "tonal.tuning_equal_tempered_deviation": 0.05518139898777008, "tonal.tuning_frequency": 439.4919738769531, "tonal.tuning_nontempered_energy_ratio": 0.6983582377433777, "lowlevel.barkbands.mean": [5.414699444372673e-06, 0.0009733038023114204, 0.0024166074581444263, 0.0004776011628564447, 0.006218909285962582, 0.0026456171181052923, 0.0013554979814216495, 0.0019606223795562983, 0.0001413103163940832, 0.00023743018391542137, 0.0020641996525228024, 0.0006834481027908623, 0.000153057582792826, 0.00019538085325621068, 0.00016723024600651115, 0.000154090957948938, 0.00010316141560906544, 0.00011887262371601537, 0.00011697578156599775, 7.621161785209551e-05, 6.16731122136116e-05, 4.9225818656850606e-05, 7.885737431934103e-05, 0.00010947829287033528, 0.0001944199320860207, 0.0001054898530128412, 3.2825585094542475e-07], "lowlevel.barkbands.stdev": [1.941914888448082e-05, 0.0037559489719569683, 0.00994864758104086, 0.002125930041074753, 0.01035255379974842, 0.0056726750917732716, 0.005029264371842146, 0.005348782986402512, 0.0011609336361289024, 0.0007696514367125928, 0.006338649429380894, 0.003201721701771021, 0.000663554819766432, 0.0006255968473851681, 0.000587490969337523, 0.0006605582893826067, 0.00034938420867547393, 0.0003050779923796654, 0.0002578672720119357, 0.0002904169959947467, 0.00020444953406695276, 0.0001815294090192765, 0.00027476774994283915, 0.0003746702568605542, 0.0005423508118838072, 0.0002415945491520688, 1.3021686982028768e-06], "lowlevel.erbbands.mean": [0.00921381264925003, 0.3152894377708435, 2.3504326343536377, 2.5452072620391846, 1.7309080362319946, 27.61884880065918, 31.68389892578125, 22.167451858520508, 16.230182647705078, 50.44947814941406, 19.68453598022461, 3.9427850246429443, 9.51148509979248, 14.479630470275879, 98.19354248046875, 27.06209945678711, 8.253216743469238, 9.045802116394043, 8.868285179138184, 9.84239387512207, 7.3876729011535645, 5.6158671379089355, 5.5915350914001465, 8.947800636291504, 3.29854154586792, 3.7816669940948486, 2.886375904083252, 2.317293167114258, 1.9384479522705078, 1.507624864578247, 2.3271851539611816, 2.0877256393432617, 2.0408987998962402, 1.9758355617523193, 1.5099246501922607, 0.7006864547729492, 0.13917042315006256, 0.011132941581308842, 0.00024351394677069038, 3.8304231566144153e-05], "lowlevel.erbbands.stdev": [0.032582033425569534, 1.229101538658142, 9.674172401428223, 10.367137908935547, 3.5671305656433105, 48.912052154541016, 46.86447525024414, 51.29697799682617, 23.572566986083984, 175.8585662841797, 58.069236755371094, 32.62288284301758, 30.869415283203125, 53.17436981201172, 287.6026611328125, 117.39623260498047, 29.911643981933594, 28.655038833618164, 25.906417846679688, 41.582183837890625, 30.445852279663086, 19.64360809326172, 14.23066520690918, 20.767736434936523, 7.335484027862549, 14.931297302246094, 9.951205253601074, 7.880021095275879, 7.445165157318115, 5.080356121063232, 8.258247375488281, 7.636444568634033, 7.124489784240723, 6.464338302612305, 3.8559937477111816, 1.7186734676361084, 0.317702978849411, 0.02148030512034893, 0.00045121845323592424, 4.264106974005699e-05], "lowlevel.gfcc.mean": [-108.10047912597656, 66.84806823730469, -90.1887435913086, 8.359694480895996, -71.28063201904297, -10.08538818359375, -66.08164978027344, 1.5729622840881348, -42.967864990234375, 10.215335845947266, -8.693456649780273, 11.466995239257812, -5.9996562004089355], "lowlevel.melbands.mean": [0.0001706977200228721, 0.0009399839327670634, 0.00038625954766757786, 0.0008770314743742347, 0.0013869005488231778, 0.0005020506796427071, 0.00024548283545300364, 0.0005668217199854553, 0.0001131569006247446, 2.1636216843035072e-05, 4.5806820708094165e-05, 3.585436206776649e-05, 0.0003099248860962689, 0.00013724803284276277, 2.9219396310509183e-05, 1.1957550668739714e-05, 1.814450297388248e-05, 1.4523179743264336e-05, 1.2529621017165482e-05, 1.3141851923137438e-05, 7.807083420630079e-06, 6.037012553861132e-06, 4.683655333792558e-06, 5.759260602644645e-06, 7.796887075528502e-06, 2.930573600679054e-06, 1.7137540453404654e-06, 2.7616979423328303e-06, 1.983006541195209e-06, 1.4445122360484675e-06, 1.2956842283529113e-06, 1.187444922834402e-06, 7.703558821958723e-07, 8.892391747394868e-07, 1.200161477754591e-06, 1.535082446935121e-06, 1.2234564792379388e-06, 1.4461197679338511e-06, 1.3122806876708637e-06, 1.8176824596594088e-06], "lowlevel.melbands.stdev": [0.0006387382745742798, 0.0037768641486763954, 0.001541948993690312, 0.001566062099300325, 0.0020621330477297306, 0.00112107302993536, 0.00045012886403128505, 0.0018117019208148122, 0.0003685109259095043, 0.00018380295659881085, 0.00015244970563799143, 0.00017686650971882045, 0.000920575694181025, 0.0004784072807524353, 0.00012078749568900093, 5.3340594604378566e-05, 5.793022864963859e-05, 4.923857341054827e-05, 4.451644417713396e-05, 5.709966353606433e-05, 3.351597479195334e-05, 2.2642077965429053e-05, 1.5214572158583906e-05, 1.4072347767069004e-05, 1.8789611203828827e-05, 7.838671990612056e-06, 4.873350462730741e-06, 1.1880000784003641e-05, 7.276592896232614e-06, 4.7523485591227654e-06, 4.606475613400107e-06, 4.763241122418549e-06, 2.805645181069849e-06, 3.097652552241925e-06, 4.280129815015243e-06, 5.605696060229093e-06, 4.660927515942603e-06, 5.183034772926476e-06, 4.463965979084605e-06, 6.1221871874295175e-06], "lowlevel.melbands128.mean": [3.575753225959488e-06, 2.420623968646396e-05, 0.00015850340423639864, 0.0005949718761257827, 0.0011508717434480786, 0.0011608886998146772, 0.0005678267916664481, 0.00015715279732830822, 6.206314719747752e-05, 0.00030794317717663944, 0.0017932968912646174, 0.0024946769699454308, 0.0009127284283749759, 0.0006106848013587296, 0.0004919726052321494, 0.0004912785370834172, 0.00039837221265770495, 4.9431655497755855e-05, 0.0002084967418340966, 0.0007630862528458238, 0.0006924590561538935, 0.0001862386125139892, 3.868677595164627e-05, 1.719931242405437e-05, 2.3339118342846632e-05, 1.1312142305541784e-05, 4.532053571892902e-05, 7.201174594229087e-05, 2.338175727345515e-05, 1.016047281154897e-05, 1.8550716049503535e-05, 0.00012194360897410661, 0.0003635674947872758, 0.0004917998448945582, 0.00012605087249539793, 7.724009628873318e-05, 4.5272812712937593e-05, 2.0286786821088754e-05, 2.812429374898784e-05, 1.2303511539357714e-05, 7.65744971431559e-06, 1.0869282050407492e-05, 1.7801723515731283e-05, 2.3708720618742518e-05, 1.6400252206949517e-05, 1.1823185559478588e-05, 1.3655642760568298e-05, 1.1796002581831999e-05, 1.1807130249508191e-05, 1.5190645171969663e-05, 1.4958875908632763e-05, 9.687274541647639e-06, 6.5240087678830605e-06, 8.393986718147062e-06, 7.240435479616281e-06, 5.741855147789465e-06, 4.89244848722592e-06, 5.0526032282505184e-06, 4.41026850239723e-06, 4.339954557508463e-06, 4.956777956977021e-06, 6.746727194695268e-06, 1.0801481948874425e-05, 7.598210686410312e-06, 4.197574980935315e-06, 3.1798674626770662e-06, 1.7407244286005152e-06, 1.3936443110651453e-06, 1.6547087398066651e-06, 2.245281848445302e-06, 2.700727463889052e-06, 3.4347733617323684e-06, 2.239112745883176e-06, 1.8671137240744429e-06, 1.3249389212433016e-06, 1.446105557079136e-06, 1.6063920611486537e-06, 1.2296235354369855e-06, 1.3044858633293188e-06, 1.1941282309635426e-06, 1.3550987887356314e-06, 1.1583846344365156e-06, 9.027239684655797e-07, 7.462145958925248e-07, 6.027449330758827e-07, 7.844772085263685e-07, 9.981775974665652e-07, 1.0810044841491617e-06, 8.863610219123075e-07, 1.5456923847523285e-06, 1.960429244718398e-06, 1.444555323359964e-06, 1.0324843060516287e-06, 1.1904286338904058e-06, 1.2807005305148778e-06, 1.4896456832502736e-06, 1.4173784848026116e-06, 1.5670135553591535e-06, 1.1703987183864228e-06, 1.2395145176924416e-06, 1.6036896113291732e-06, 2.130573193426244e-06, 1.6957701518549584e-06, 2.112048150593182e-06, 1.5196250160443014e-06, 1.756877622938191e-06, 1.4763467106604367e-06, 1.5159430404310115e-06, 1.4878861520628561e-06, 8.261947073151532e-07, 5.614201086245885e-07, 5.173336603547796e-07, 3.9737628299008065e-07, 3.0154211572153145e-07, 2.5459939934080467e-07, 7.390477918534089e-08, 1.4574629503272263e-08, 7.181497757580146e-11, 1.2566008997239031e-11, 8.91641795119913e-12, 5.787245248994877e-12, 3.4580424461416737e-12, 2.9382876340355857e-12, 2.876523021513866e-12, 2.805683853648877e-12, 2.7212839186913085e-12, 2.670017635805766e-12, 2.6502352829665954e-12], "lowlevel.melbands128.stdev": [1.4391566764970776e-05, 8.89694711077027e-05, 0.0005947973695583642, 0.0023622149601578712, 0.004798076115548611, 0.004747272003442049, 0.0023612743243575096, 0.0007122067036107183, 0.00019381909805815667, 0.0008139827405102551, 0.003416792256757617, 0.00427892804145813, 0.0015769080491736531, 0.00202671205624938, 0.0017166727920994163, 0.000765810371376574, 0.0006675349432043731, 9.192207653541118e-05, 0.0010851763654500246, 0.00321543263271451, 0.0019349359208717942, 0.000761173025239259, 0.00027398610836826265, 0.000230581994401291, 0.0003832057991530746, 7.171722245402634e-05, 0.00017518509412184358, 0.0002661321486812085, 0.0001006860111374408, 4.7025521780597046e-05, 0.00016347735072486103, 0.0007713829400017858, 0.001286928541958332, 0.0017401124350726604, 0.0007098920177668333, 0.0006441617151722312, 0.0003359048278070986, 0.00011118029215140268, 0.00015483351307921112, 5.692399645340629e-05, 6.565508374478668e-05, 9.902724559651688e-05, 7.095938053680584e-05, 8.80361840245314e-05, 0.00010195079812547192, 5.982688890071586e-05, 5.126850010128692e-05, 4.3268002627883106e-05, 6.570720870513469e-05, 9.759023669175804e-05, 6.931041571078822e-05, 5.029112799093127e-05, 3.660917718661949e-05, 3.672857565106824e-05, 2.9065844501019455e-05, 3.06305882986635e-05, 1.547246938571334e-05, 1.8515729607315734e-05, 1.8358441593591124e-05, 1.348074511042796e-05, 1.5272304153768346e-05, 2.397625030425843e-05, 3.8084057450760156e-05, 2.027303162321914e-05, 1.7125648810178973e-05, 1.1949359759455547e-05, 5.83311839363887e-06, 3.8321022657328285e-06, 5.003566911909729e-06, 9.200409294862766e-06, 1.2654504644160625e-05, 1.7883437976706773e-05, 8.441353202215396e-06, 7.370310413534753e-06, 4.233141225995496e-06, 4.908695245831041e-06, 6.170168035168899e-06, 4.142519628658192e-06, 5.152320227352902e-06, 4.609235020325286e-06, 6.200912594067631e-06, 4.9067052714235615e-06, 3.656305352706113e-06, 2.931434437414282e-06, 2.129258518834831e-06, 3.03680667457229e-06, 3.7042955227661878e-06, 4.082124632986961e-06, 3.2884179290704196e-06, 6.0301731537037995e-06, 7.75195803726092e-06, 5.720103672501864e-06, 4.5565925574919675e-06, 5.619698185910238e-06, 4.818501565750921e-06, 5.571821475314209e-06, 5.706693173124222e-06, 6.9630204961868e-06, 4.057940259372117e-06, 4.504088792600669e-06, 6.302760084508918e-06, 7.749306860205252e-06, 5.3274238780431915e-06, 5.966955541225616e-06, 4.277731477486668e-06, 4.77492767458898e-06, 3.752901420739363e-06, 4.084106876689475e-06, 4.4572325350600295e-06, 1.974984797925572e-06, 1.526515802652284e-06, 1.2141055094616604e-06, 1.1625621709754341e-06, 8.66918981046183e-07, 5.3264983534973e-07, 1.7794108941870945e-07, 4.862527802629302e-08, 7.208268981706567e-10, 2.185499420326309e-10, 1.3807008314437041e-10, 5.737242278480714e-11, 1.1888634174339607e-11, 5.664274604910702e-12, 5.562093754324371e-12, 5.4768624531409404e-12, 5.408101484000172e-12, 5.358739927491252e-12, 5.3284585944946006e-12], "lowlevel.mfcc.mean": [-770.0277709960938, 115.68843078613281, 17.6771240234375, 16.027538299560547, 5.5725202560424805, -16.314680099487305, -8.520363807678223, -22.674821853637695, -18.31550407409668, -23.005720138549805, -9.969206809997559, -0.6685619354248047, 1.9409750699996948], "lowlevel.spectral_contrast_coeffs.mean": [-0.5805762410163879, -0.6229224801063538, -0.7485980987548828, -0.807954728603363, -0.8034180402755737, -0.7681463360786438], "lowlevel.spectral_contrast_coeffs.stdev": [0.12767456471920013, 0.09793698787689209, 0.10189348459243774, 0.0629461258649826, 0.057532742619514465, 0.05972004309296608], "lowlevel.spectral_contrast_valleys.mean": [-8.427447319030762, -8.321466445922852, -9.028722763061523, -9.089077949523926, -8.90086555480957, -11.428350448608398], "lowlevel.spectral_contrast_valleys.stdev": [1.4579861164093018, 1.192866563796997, 1.3051623106002808, 1.2734884023666382, 1.2387402057647705, 1.3731051683425903], "rhythm.beats_loudness_band_ratio.mean": [0.12944944202899933, 0.4502357840538025, 0.2027023583650589, 0.1368010938167572, 0.09393203258514404, 0.05763739347457886], "rhythm.beats_loudness_band_ratio.stdev": [0.19978636503219604, 0.22891417145729065, 0.16935044527053833, 0.17664645612239838, 0.12453252822160721, 0.12334362417459488], "tonal.hpcp.mean": [0.042492713779211044, 0.044107835739851, 0.04854414612054825, 0.06357481330633163, 0.07802623510360718, 0.09684231132268906, 0.12515294551849365, 0.14378522336483002, 0.2894660532474518, 0.40098920464515686, 0.2462894320487976, 0.08759746700525284, 0.03980259597301483, 0.027783116325736046, 0.08052720874547958, 0.1222987025976181, 0.0641135722398758, 0.020294738933444023, 0.021818846464157104, 0.017820946872234344, 0.049973782151937485, 0.17991027235984802, 0.15787160396575928, 0.059561118483543396, 0.09070008248090744, 0.06043121591210365, 0.01855880208313465, 0.0182194747030735, 0.021807566285133362, 0.16697849333286285, 0.3229742646217346, 0.183929443359375, 0.027426719665527344, 0.02457672357559204, 0.023951292037963867, 0.030797025188803673], "tonal.hpcp.stdev": [0.12675048410892487, 0.13354505598545074, 0.16666142642498016, 0.19066385924816132, 0.21061933040618896, 0.2298121601343155, 0.26932644844055176, 0.26757994294166565, 0.3472309112548828, 0.40542352199554443, 0.3220595419406891, 0.2155912071466446, 0.14298778772354126, 0.1099369078874588, 0.1869182586669922, 0.2684820592403412, 0.14604012668132782, 0.08175524324178696, 0.0974787250161171, 0.07480460405349731, 0.11602654308080673, 0.2938838303089142, 0.2615083158016205, 0.13804428279399872, 0.24261924624443054, 0.15881474316120148, 0.07881199568510056, 0.08217611908912659, 0.07567194849252701, 0.2148137390613556, 0.3890272378921509, 0.23167458176612854, 0.09022291749715805, 0.09885545074939728, 0.09256526082754135, 0.10367321968078613], "rhythm.beats_position": [0.39473921060562134, 0.8010883927345276, 1.2074376344680786, 1.6253968477249146, 2.043355941772461, 2.461315155029297, 2.879274368286133, 3.285623550415039, 3.6919727325439453, 4.109931945800781, 4.527891159057617, 4.934240341186523, 5.34058952331543, 5.746938705444336, 6.164897918701172, 6.5944671630859375, 7.012426376342773, 7.40716552734375, 7.825124740600586, 8.243083953857422, 8.661043167114258, 9.067392349243164, 9.49696159362793, 9.903310775756836, 10.309659957885742, 10.727619171142578, 11.145578384399414, 11.56353759765625, 11.981496810913086, 12.387845993041992, 12.794195175170898, 13.212154388427734, 13.63011360168457, 14.04807186126709, 14.466031074523926, 14.860771179199219, 15.278729438781738, 15.696688652038574, 16.114648818969727, 16.520998001098633, 16.92734718322754, 17.345306396484375, 17.76326560974121, 18.181224822998047, 18.599184036254883, 19.00553321838379, 19.411882400512695, 19.82984161376953, 20.247800827026367, 20.665760040283203, 21.08371925354004, 21.490068435668945, 21.89641761779785, 22.314376831054688, 22.732336044311523, 23.15029525756836, 23.579862594604492, 24.009431838989258, 24.404170989990234, 24.81052017211914, 25.216869354248047, 25.623218536376953, 26.029569625854492, 26.447526931762695, 26.86548614501953, 27.283445358276367, 27.701404571533203, 28.10775375366211, 28.525712966918945, 28.93206214904785, 29.350021362304688, 29.767980575561523], "rhythm.bpm_histogram": [0.0, 0.0, 0.0, 0.0, 0.0, 0.0, 0.0, 0.0, 0.0, 0.0, 0.0, 0.0, 0.0, 0.0, 0.0, 0.0, 0.0, 0.0, 0.0, 0.0, 0.0, 0.0, 0.0, 0.0, 0.0, 0.0, 0.0, 0.0, 0.0, 0.0, 0.0, 0.0, 0.0, 0.0, 0.0, 0.0, 0.0, 0.0, 0.0, 0.0, 0.0, 0.0, 0.0, 0.0, 0.0, 0.0, 0.0, 0.0, 0.0, 0.0, 0.0, 0.0, 0.0, 0.0, 0.0, 0.0, 0.0, 0.0, 0.0, 0.0, 0.0, 0.0, 0.0, 0.0, 0.0, 0.0, 0.0, 0.0, 0.0, 0.0, 0.0, 0.0, 0.0, 0.0, 0.0, 0.0, 0.0, 0.0, 0.0, 0.0, 0.0, 0.0, 0.0, 0.0, 0.0, 0.0, 0.0, 0.0, 0.0, 0.0, 0.0, 0.0, 0.0, 0.0, 0.0, 0.0, 0.0, 0.0, 0.0, 0.0, 0.0, 0.0, 0.0, 0.0, 0.0, 0.0, 0.0, 0.0, 0.0, 0.0, 0.0, 0.0, 0.0, 0.0, 0.0, 0.0, 0.0, 0.0, 0.0, 0.0, 0.0, 0.0, 0.0, 0.0, 0.0, 0.0, 0.0, 0.0, 0.0, 0.0, 0.0, 0.0, 0.0, 0.0, 0.0, 0.0, 0.0, 0.0, 0.0, 0.0, 0.056338027119636536, 0.0, 0.0, 0.0, 0.5633803009986877, 0.0, 0.0, 0.0, 0.3380281627178192, 0.0, 0.0, 0.0, 0.0422535203397274, 0.0, 0.0, 0.0, 0.0, 0.0, 0.0, 0.0, 0.0, 0.0, 0.0, 0.0, 0.0, 0.0, 0.0, 0.0, 0.0, 0.0, 0.0, 0.0, 0.0, 0.0, 0.0, 0.0, 0.0, 0.0, 0.0, 0.0, 0.0, 0.0, 0.0, 0.0, 0.0, 0.0, 0.0, 0.0, 0.0, 0.0, 0.0, 0.0, 0.0, 0.0, 0.0, 0.0, 0.0, 0.0, 0.0, 0.0, 0.0, 0.0, 0.0, 0.0, 0.0, 0.0, 0.0, 0.0, 0.0, 0.0, 0.0, 0.0, 0.0, 0.0, 0.0, 0.0, 0.0, 0.0, 0.0, 0.0, 0.0, 0.0, 0.0, 0.0, 0.0, 0.0, 0.0, 0.0, 0.0, 0.0, 0.0, 0.0, 0.0, 0.0, 0.0, 0.0, 0.0, 0.0, 0.0, 0.0, 0.0, 0.0, 0.0, 0.0, 0.0, 0.0, 0.0, 0.0, 0.0, 0.0], "tonal.chords_histogram": [67.90123748779297, 1.3888888359069824, 12.037036895751953, 0.0, 0.0, 0.0, 0.0, 0.0, 2.160493850708008, 0.0, 0.0, 0.0, 0.0, 0.0, 0.0, 0.0, 0.0, 1.6975308656692505, 0.0, 0.0, 0.0, 4.938271522521973, 9.876543045043945, 0.0], "tonal.thpcp": [1.0, 0.6142046451568604, 0.21845343708992004, 0.09926101565361023, 0.06928644329309464, 0.2008213847875595, 0.3049924969673157, 0.15988852083683014, 0.05061168223619461, 0.05441255494952202, 0.04444245994091034, 0.12462625652551651, 0.44866612553596497, 0.3937053680419922, 0.14853546023368835, 0.22619083523750305, 0.15070533752441406, 0.04628254845738411, 0.045436322689056396, 0.054384421557188034, 0.4164164364337921, 0.8054437637329102, 0.45868927240371704, 0.0683976486325264, 0.06129023805260658, 0.059730514883995056, 0.07680262625217438, 0.10596971958875656, 0.10999756306409836, 0.12106098234653473, 0.15854494273662567, 0.19458438456058502, 0.24150852859020233, 0.3121105134487152, 0.35857629776000977, 0.7218798995018005], "lowlevel.gfcc.cov": [[13104.2041015625, -1395.5174560546875, -172.63218688964844, -1245.857177734375, 54.226478576660156, -117.04066467285156, -276.31591796875, 670.93115234375, -1337.297607421875, 324.7581787109375, -696.8035888671875, 72.99217224121094, -260.76104736328125], [-1395.5174560546875, 4315.00390625, 136.4085235595703, 9.476981163024902, 736.2195434570312, -83.28302764892578, 336.1477355957031, -399.0969543457031, 292.75225830078125, -258.33819580078125, 294.91632080078125, -229.15235900878906, 250.64137268066406], [-172.63218688964844, 136.4085235595703, 1686.5531005859375, 868.04443359375, 163.41404724121094, 236.48500061035156, -50.23136901855469, -77.76407623291016, 94.71846771240234, -43.09577178955078, -83.2496337890625, -48.78345489501953, -120.63245391845703], [-1245.857177734375, 9.476981163024902, 868.04443359375, 1529.9305419921875, 303.9883728027344, 277.5944519042969, 105.91012573242188, -165.6218719482422, 465.30792236328125, -139.4420928955078, 23.41629409790039, 5.518748760223389, -87.92890167236328], [54.226478576660156, 736.2195434570312, 163.41404724121094, 303.9883728027344, 576.290283203125, 273.3651123046875, 196.8268280029297, 12.52842903137207, 100.03297424316406, -41.29514694213867, -51.4052848815918, -71.84046936035156, -8.658743858337402], [-117.04066467285156, -83.28302764892578, 236.48500061035156, 277.5944519042969, 273.3651123046875, 577.8978271484375, 189.94361877441406, -60.63447189331055, 138.03936767578125, 6.730511665344238, -74.152099609375, -26.078907012939453, -48.7279167175293], [-276.31591796875, 336.1477355957031, -50.23136901855469, 105.91012573242188, 196.8268280029297, 189.94361877441406, 394.31744384765625, 91.60472106933594, 67.3654556274414, -9.29495620727539, 37.52898025512695, -51.7758903503418, -51.61117935180664], [670.93115234375, -399.0969543457031, -77.76407623291016, -165.6218719482422, 12.52842903137207, -60.63447189331055, 91.60472106933594, 428.4568786621094, -109.18789672851562, 80.06063079833984, -42.86073303222656, -24.368690490722656, -93.24344635009766], [-1337.297607421875, 292.75225830078125, 94.71846771240234, 465.30792236328125, 100.03297424316406, 138.03936767578125, 67.3654556274414, -109.18789672851562, 464.1030578613281, -15.890336990356445, 110.70374298095703, 1.9638543128967285, 16.83944320678711], [324.7581787109375, -258.33819580078125, -43.09577178955078, -139.4420928955078, -41.29514694213867, 6.730511665344238, -9.29495620727539, 80.06063079833984, -15.890336990356445, 165.3768768310547, -8.581647872924805, 11.764147758483887, -43.38572692871094], [-696.8035888671875, 294.91632080078125, -83.2496337890625, 23.41629409790039, -51.4052848815918, -74.152099609375, 37.52898025512695, -42.86073303222656, 110.70374298095703, -8.581647872924805, 196.08718872070312, 28.948650360107422, 41.741458892822266], [72.99217224121094, -229.15235900878906, -48.78345489501953, 5.518748760223389, -71.84046936035156, -26.078907012939453, -51.7758903503418, -24.368690490722656, 1.9638543128967285, 11.764147758483887, 28.948650360107422, 118.97791290283203, 28.34482765197754], [-260.76104736328125, 250.64137268066406, -120.63245391845703, -87.92890167236328, -8.658743858337402, -48.7279167175293, -51.61117935180664, -93.24344635009766, 16.83944320678711, -43.38572692871094, 41.741458892822266, 28.34482765197754, 154.87953186035156]], "lowlevel.gfcc.icov": [[0.0001384883071295917, -5.825635525980033e-05, 4.0188722778111696e-05, -4.0299742977367714e-05, -1.5233405065373518e-05, -6.549830141011626e-05, 0.00012005930329905823, -0.00013860028411727399, 0.0003528475353959948, -0.00020735127327498049, 0.0003225609543733299, -0.0002751816064119339, 0.00013795022096019238], [-5.825635525980033e-05, 0.0008816762710921466, -0.00041607525781728327, 0.0007073479355312884, -0.001407227129675448, 0.0009776012739166617, -0.0007085641263984144, 0.0009676581830717623, -0.0007113681058399379, 0.0007471421267837286, -0.0010683576110750437, 0.0011015775380656123, -0.0004990759771317244], [4.0188722778111696e-05, -0.00041607525781728327, 0.0012234905734658241, -0.0010818501468747854, 0.0007031778804957867, -0.0008244937635026872, 0.0008473211200907826, -0.00046387992915697396, 0.0009535262361168861, -0.0006124100182205439, 0.0003460671578068286, 9.02003885130398e-05, 0.0004777492431458086], [-4.0299742977367714e-05, 0.0007073479355312884, -0.0010818501468747854, 0.0024830964393913746, -0.0016730331117287278, 0.0010384751949459314, -0.0007911132997833192, 0.0010313946986570954, -0.002291047479957342, 0.00202390318736434, -0.0003935459826607257, -0.0003768386959563941, 0.0009361107950098813], [-1.5233405065373518e-05, -0.001407227129675448, 0.0007031778804957867, -0.0016730331117287278, 0.005249742418527603, -0.002445134101435542, 0.00020237370335962623, -0.0018361863913014531, 0.000990526401437819, -0.0010102448286488652, 0.002134113572537899, -0.00028728501638397574, -0.0005775497993454337], [-6.549830141011626e-05, 0.0009776012739166617, -0.0008244937635026872, 0.0010384751949459314, -0.002445134101435542, 0.004361588973551989, -0.002343426924198866, 0.0020273735281080008, -0.001793739735148847, 0.00025059437029995024, 0.0007187359151430428, 0.00025242293486371636, -4.4434593291953206e-05], [0.00012005930329905823, -0.0007085641263984144, 0.0008473211200907826, -0.0007911132997833192, 0.00020237370335962623, -0.002343426924198866, 0.005212555639445782, -0.0019410498207435012, 0.001110546407289803, 1.685702955001034e-05, -0.0013225158909335732, 0.00035088209551759064, 0.0015782677801325917], [-0.00013860028411727399, 0.0009676581830717623, -0.00046387992915697396, 0.0010313946986570954, -0.0018361863913014531, 0.0020273735281080008, -0.0019410498207435012, 0.004626050125807524, -0.0006936556310392916, -0.00025133503368124366, -0.0006062500178813934, 0.0010782059980556369, 0.0010694372467696667], [0.0003528475353959948, -0.0007113681058399379, 0.0009535262361168861, -0.002291047479957342, 0.000990526401437819, -0.001793739735148847, 0.001110546407289803, -0.0006936556310392916, 0.0059241000562906265, -0.0023487580474466085, -0.0011458498192951083, -4.559029184747487e-05, -0.0003541208279784769], [-0.00020735127327498049, 0.0007471421267837286, -0.0006124100182205439, 0.00202390318736434, -0.0010102448286488652, 0.00025059437029995024, 1.685702955001034e-05, -0.00025133503368124366, -0.0023487580474466085, 0.009378200396895409, -0.0012704686960205436, -0.0005072705098427832, 0.00230817380361259], [0.0003225609543733299, -0.0010683576110750437, 0.0003460671578068286, -0.0003935459826607257, 0.002134113572537899, 0.0007187359151430428, -0.0013225158909335732, -0.0006062500178813934, -0.0011458498192951083, -0.0012704686960205436, 0.010218776762485504, -0.0035781553015112877, -0.00047265487955883145], [-0.0002751816064119339, 0.0011015775380656123, 9.02003885130398e-05, -0.0003768386959563941, -0.00028728501638397574, 0.00025242293486371636, 0.00035088209551759064, 0.0010782059980556369, -4.559029184747487e-05, -0.0005072705098427832, -0.0035781553015112877, 0.012653077952563763, -0.0030487331096082926], [0.00013795022096019238, -0.0004990759771317244, 0.0004777492431458086, 0.0009361107950098813, -0.0005775497993454337, -4.4434593291953206e-05, 0.0015782677801325917, 0.0010694372467696667, -0.0003541208279784769, 0.00230817380361259, -0.00047265487955883145, -0.0030487331096082926, 0.010894033126533031]], "lowlevel.mfcc.cov": [[12048.923828125, -310.66107177734375, -1072.6700439453125, -648.9837036132812, -274.2717590332031, -662.4307250976562, 583.9373779296875, -312.8170471191406, 23.596424102783203, -72.71967315673828, -157.8256378173828, -255.85162353515625, -311.14813232421875], [-310.66107177734375, 3899.9609375, -428.998779296875, -23.062301635742188, 136.86094665527344, 56.82425308227539, 269.7381286621094, -121.88691711425781, 61.22815704345703, -182.72947692871094, 46.72267150878906, 35.01554489135742, -157.09375], [-1072.6700439453125, -428.998779296875, 1656.2210693359375, 606.5499267578125, 403.4393310546875, 452.7919616699219, -140.51039123535156, 157.375, -28.9034366607666, 52.94487762451172, 15.124349594116211, 22.714702606201172, -5.636877059936523], [-648.9837036132812, -23.062301635742188, 606.5499267578125, 929.359619140625, 332.9324645996094, 237.98611450195312, -46.06083679199219, 225.3077850341797, 46.82523727416992, 51.338600158691406, 61.77465057373047, 81.06028747558594, 2.6016578674316406], [-274.2717590332031, 136.86094665527344, 403.4393310546875, 332.9324645996094, 530.7892456054688, 338.384765625, -23.786121368408203, 141.14529418945312, 118.89431762695312, 58.854244232177734, 1.9024769067764282, 23.834569931030273, -0.9425272345542908], [-662.4307250976562, 56.82425308227539, 452.7919616699219, 237.98611450195312, 338.384765625, 860.3426513671875, -37.74147415161133, 245.8968963623047, 81.2664794921875, 181.6005859375, -32.47528076171875, -13.048261642456055, 47.668235778808594], [583.9373779296875, 269.7381286621094, -140.51039123535156, -46.06083679199219, -23.786121368408203, -37.74147415161133, 420.3125915527344, 85.0469741821289, 99.6449966430664, 70.58184814453125, 76.3940658569336, 0.033117108047008514, -31.15032386779785], [-312.8170471191406, -121.88691711425781, 157.375, 225.3077850341797, 141.14529418945312, 245.8968963623047, 85.0469741821289, 332.7360534667969, 109.48638916015625, 134.81173706054688, 54.69749069213867, 33.02529525756836, 39.80046463012695], [23.596424102783203, 61.22815704345703, -28.9034366607666, 46.82523727416992, 118.89431762695312, 81.2664794921875, 99.6449966430664, 109.48638916015625, 229.692626953125, 94.92791748046875, 55.709007263183594, 36.642337799072266, 27.568302154541016], [-72.71967315673828, -182.72947692871094, 52.94487762451172, 51.338600158691406, 58.854244232177734, 181.6005859375, 70.58184814453125, 134.81173706054688, 94.92791748046875, 214.62930297851562, 74.57096099853516, 25.688344955444336, 18.377666473388672], [-157.8256378173828, 46.72267150878906, 15.124349594116211, 61.77465057373047, 1.9024769067764282, -32.47528076171875, 76.3940658569336, 54.69749069213867, 55.709007263183594, 74.57096099853516, 200.913818359375, 93.51741027832031, 37.743717193603516], [-255.85162353515625, 35.01554489135742, 22.714702606201172, 81.06028747558594, 23.834569931030273, -13.048261642456055, 0.033117108047008514, 33.02529525756836, 36.642337799072266, 25.688344955444336, 93.51741027832031, 172.11721801757812, 61.85193634033203], [-311.14813232421875, -157.09375, -5.636877059936523, 2.6016578674316406, -0.9425272345542908, 47.668235778808594, -31.15032386779785, 39.80046463012695, 27.568302154541016, 18.377666473388672, 37.743717193603516, 61.85193634033203, 148.9277801513672]], "lowlevel.mfcc.icov": [[0.00010628098243614659, 3.614602974266745e-05, 5.476893420564011e-05, 1.3080040844215546e-05, -5.4125725000631064e-05, 2.963577389891725e-05, -0.00016736454563215375, 9.159665933111683e-05, -1.1879729754582513e-05, 1.4472702787315939e-06, 6.562154885614291e-05, 3.773300340981223e-05, 0.0001624252909095958], [3.614602974266745e-05, 0.0003727107832673937, 0.00017272084369324148, -2.9007436751271598e-05, -0.00011939737305510789, -0.0002755782625172287, -0.00030167752993293107, 0.0002179755683755502, -0.00012524084013421088, 0.0006473896210081875, -0.00026553793577477336, -0.00019466040248516947, 0.0005332448054105043], [5.476893420564011e-05, 0.00017272084369324148, 0.0010453731520101428, -0.0004382204497233033, -0.0004426114319358021, -0.0004069807182531804, -3.2298179576173425e-05, 0.0001772221439750865, 0.00038343772757798433, 0.00028927979292348027, -0.00033980171428993344, 3.341567571624182e-05, 0.0003827502951025963], [1.3080040844215546e-05, -2.9007436751271598e-05, -0.0004382204497233033, 0.0019117441261187196, -0.0007384045165963471, 0.00020891377062071115, 0.00023649087233934551, -0.0011587151093408465, 0.0003026401100214571, 0.00029984177672304213, -0.000272317643975839, -0.0006037055281922221, 0.0004610534233506769], [-5.4125725000631064e-05, -0.00011939737305510789, -0.0004426114319358021, -0.0007384045165963471, 0.0037349725607782602, -0.0010242342250421643, 0.00039958764682523906, -1.2658902960538398e-05, -0.00195493851788342, 0.0006630325806327164, 0.00019642693223431706, -0.00021748548897448927, 0.000516160624101758], [2.963577389891725e-05, -0.0002755782625172287, -0.0004069807182531804, 0.00020891377062071115, -0.0010242342250421643, 0.002597309648990631, 0.00032063573598861694, -0.0010051386198028922, 0.000596730737015605, -0.002236721571534872, 0.0012759388191625476, 0.0005015812930651009, -0.0011160937137901783], [-0.00016736454563215375, -0.00030167752993293107, -3.2298179576173425e-05, 0.00023649087233934551, 0.00039958764682523906, 0.00032063573598861694, 0.003668462624773383, -0.0011687584919854999, -0.0009951089741662145, -0.0005246430519036949, -0.001056655659340322, 0.0005483301356434822, 0.0005953306681476533], [9.159665933111683e-05, 0.0002179755683755502, 0.0001772221439750865, -0.0011587151093408465, -1.2658902960538398e-05, -0.0010051386198028922, -0.0011687584919854999, 0.005972993094474077, -0.0010809936793521047, -0.0015251301229000092, -4.013549187220633e-05, 0.0001351950049865991, -0.0007285093888640404], [-1.1879729754582513e-05, -0.00012524084013421088, 0.00038343772757798433, 0.0003026401100214571, -0.00195493851788342, 0.000596730737015605, -0.0009951089741662145, -0.0010809936793521047, 0.007292003370821476, -0.002290862612426281, -7.573138282168657e-05, -0.00042005933937616646, -0.001143816509284079], [1.4472702787315939e-06, 0.0006473896210081875, 0.00028927979292348027, 0.00029984177672304213, 0.0006630325806327164, -0.002236721571534872, -0.0005246430519036949, -0.0015251301229000092, -0.002290862612426281, 0.009949990548193455, -0.0033702587243169546, -8.955788507591933e-05, 0.0017971685156226158], [6.562154885614291e-05, -0.00026553793577477336, -0.00033980171428993344, -0.000272317643975839, 0.00019642693223431706, 0.0012759388191625476, -0.001056655659340322, -4.013549187220633e-05, -7.573138282168657e-05, -0.0033702587243169546, 0.008945975452661514, -0.0035298115108162165, -0.0011398885399103165], [3.773300340981223e-05, -0.00019466040248516947, 3.341567571624182e-05, -0.0006037055281922221, -0.00021748548897448927, 0.0005015812930651009, 0.0005483301356434822, 0.0001351950049865991, -0.00042005933937616646, -8.955788507591933e-05, -0.0035298115108162165, 0.009363635443150997, -0.0031035153660923243], [0.0001624252909095958, 0.0005332448054105043, 0.0003827502951025963, 0.0004610534233506769, 0.000516160624101758, -0.0011160937137901783, 0.0005953306681476533, -0.0007285093888640404, -0.001143816509284079, 0.0017971685156226158, -0.0011398885399103165, -0.0031035153660923243, 0.009870432317256927]], "metadata.audio_properties.analysis.downmix": "mix", "metadata.audio_properties.codec": "mp3", "metadata.audio_properties.md5_encoded": "188ab8ec0fdc689603da3f3b9fcf7a83", "metadata.tags.file_name": "1182259121483956325.mp3", "metadata.version.essentia": "2.1-beta6-dev", "metadata.version.essentia_git_sha": "v2.1_beta5-1110-g77