{"song_id": "1182268376874221598", "download": "https://cdn.discordapp.com/attachments/1135903449314238464/1182268376874221598/chirp.mp4?ex=6584143a&amp", "lyrics": "gululu gululu, let's go brush our teeth\n\nBrush your teeth up and down\n\nClean along gaps with care\nCavities go buzz buzz away\n\nTooth by tooth ding ding hooray\n\nChorus:\nHappily sing tra la la\nBrush diligently everyday\nFight tooth decay\nSmile bright, hip hip hooray\n\nVerse 2:\nCircle round those whites\n\nShoo away tiny bugs\n\nTooth by tooth make bright\nRinse and gargle after right\n\nChorus:\n\nHappily sing tra la la\nBrush diligently everyday\nFight tooth decay\nSmile bright, hip hip hooray", "style": ["happy song for kids"], "essentia_features": {"lowlevel.average_loudness": 0.9469804167747498, "lowlevel.barkbands_crest.mean": 11.880464553833008, "lowlevel.barkbands_crest.stdev": 4.791308403015137, "lowlevel.barkbands_flatness_db.mean": 0.16888946294784546, "lowlevel.barkbands_flatness_db.stdev": 0.0658235102891922, "lowlevel.barkbands_kurtosis.mean": 4.4059157371521, "lowlevel.barkbands_kurtosis.stdev": 12.694750785827637, "lowlevel.barkbands_skewness.mean": 1.2328251600265503, "lowlevel.barkbands_skewness.stdev": 1.4712885618209839, "lowlevel.barkbands_spread.mean": 18.848379135131836, "lowlevel.barkbands_spread.stdev": 14.084490776062012, "lowlevel.dissonance.mean": 0.4320669174194336, "lowlevel.dissonance.stdev": 0.04577289894223213, "lowlevel.dynamic_complexity": 3.8825125694274902, "lowlevel.erbbands_crest.mean": 12.368757247924805, "lowlevel.erbbands_crest.stdev": 5.345911026000977, "lowlevel.erbbands_flatness_db.mean": 0.20777654647827148, "lowlevel.erbbands_flatness_db.stdev": 0.07224113494157791, "lowlevel.erbbands_kurtosis.mean": 2.0281598567962646, "lowlevel.erbbands_kurtosis.stdev": 4.506315231323242, "lowlevel.erbbands_skewness.mean": 0.6190492510795593, "lowlevel.erbbands_skewness.stdev": 0.8755607008934021, "lowlevel.erbbands_spread.mean": 29.830984115600586, "lowlevel.erbbands_spread.stdev": 20.196823120117188, "lowlevel.hfc.mean": 20.601282119750977, "lowlevel.hfc.stdev": 23.274877548217773, "lowlevel.loudness_ebu128.integrated": -17.621410369873047, "lowlevel.loudness_ebu128.loudness_range": 4.21214485168457, "lowlevel.loudness_ebu128.momentary.mean": -18.249603271484375, "lowlevel.loudness_ebu128.momentary.stdev": 2.470227003097534, "lowlevel.loudness_ebu128.short_term.mean": -17.868932723999023, "lowlevel.loudness_ebu128.short_term.stdev": 1.5388875007629395, "lowlevel.melbands_crest.mean": 15.514904975891113, "lowlevel.melbands_crest.stdev": 6.044112682342529, "lowlevel.melbands_flatness_db.mean": 0.20635388791561127, "lowlevel.melbands_flatness_db.stdev": 0.07104913145303726, "lowlevel.melbands_kurtosis.mean": 10.682064056396484, "lowlevel.melbands_kurtosis.stdev": 31.263883590698242, "lowlevel.melbands_skewness.mean": 1.9717235565185547, "lowlevel.melbands_skewness.stdev": 1.826641321182251, "lowlevel.melbands_spread.mean": 24.432416915893555, "lowlevel.melbands_spread.stdev": 24.150943756103516, "lowlevel.pitch_salience.mean": 0.5066008567810059, "lowlevel.pitch_salience.stdev": 0.12563110888004303, "lowlevel.silence_rate_20dB.mean": 1.0, "lowlevel.silence_rate_20dB.stdev": 0.0, "lowlevel.silence_rate_30dB.mean": 0.9745075106620789, "lowlevel.silence_rate_30dB.stdev": 0.15761490166187286, "lowlevel.silence_rate_60dB.mean": 0.17149478197097778, "lowlevel.silence_rate_60dB.stdev": 0.37693601846694946, "lowlevel.spectral_centroid.mean": 1358.5863037109375, "lowlevel.spectral_centroid.stdev": 723.6663818359375, "lowlevel.spectral_complexity.mean": 10.72537612915039, "lowlevel.spectral_complexity.stdev": 6.575606822967529, "lowlevel.spectral_decrease.mean": -5.763384880452804e-09, "lowlevel.spectral_decrease.stdev": 7.80128495136978e-09, "lowlevel.spectral_energy.mean": 0.023620933294296265, "lowlevel.spectral_energy.stdev": 0.030738282948732376, "lowlevel.spectral_energyband_high.mean": 0.0006301635294221342, "lowlevel.spectral_energyband_high.stdev": 0.0010639100801199675, "lowlevel.spectral_energyband_low.mean": 0.006825835909694433, "lowlevel.spectral_energyband_low.stdev": 0.02299187332391739, "lowlevel.spectral_energyband_middle_high.mean": 0.008248585276305676, "lowlevel.spectral_energyband_middle_high.stdev": 0.013766649179160595, "lowlevel.spectral_energyband_middle_low.mean": 0.008206123486161232, "lowlevel.spectral_energyband_middle_low.stdev": 0.011715901084244251, "lowlevel.spectral_entropy.mean": 7.3128156661987305, "lowlevel.spectral_entropy.stdev": 0.5961383581161499, "lowlevel.spectral_flux.mean": 0.08778699487447739, "lowlevel.spectral_flux.stdev": 0.07503370940685272, "lowlevel.spectral_kurtosis.mean": 5.151312351226807, "lowlevel.spectral_kurtosis.stdev": 4.141199111938477, "lowlevel.spectral_rms.mean": 0.003992523066699505, "lowlevel.spectral_rms.stdev": 0.0026654391549527645, "lowlevel.spectral_rolloff.mean": 2064.405029296875, "lowlevel.spectral_rolloff.stdev": 2373.809814453125, "lowlevel.spectral_skewness.mean": 1.7244906425476074, "lowlevel.spectral_skewness.stdev": 0.6016666293144226, "lowlevel.spectral_spread.mean": 5184998.0, "lowlevel.spectral_spread.stdev": 2319403.75, "lowlevel.spectral_strongpeak.mean": 1.5811432600021362, "lowlevel.spectral_strongpeak.stdev": 1.977285623550415, "lowlevel.zerocrossingrate.mean": 0.0787985771894455, "lowlevel.zerocrossingrate.stdev": 0.05539644882082939, "metadata.audio_properties.analysis.equal_loudness": 0.0, "metadata.audio_properties.analysis.length": 40.04265213012695, "metadata.audio_properties.analysis.sample_rate": 44100.0, "metadata.audio_properties.analysis.start_time": 0.0, "metadata.audio_properties.bit_rate": 123023.0, "metadata.audio_properties.length": 40.042667388916016, "metadata.audio_properties.lossless": 0.0, "metadata.audio_properties.number_channels": 1.0, "metadata.audio_properties.replay_gain": -10.055486679077148, "metadata.audio_properties.sample_rate": 48000.0, "rhythm.beats_count": 63.0, "rhythm.beats_loudness.mean": 0.07057930529117584, "rhythm.beats_loudness.stdev": 0.02369340881705284, "rhythm.bpm": 95.96846771240234, "rhythm.bpm_histogram_first_peak_bpm": 96.0, "rhythm.bpm_histogram_first_peak_weight": 0.19354838132858276, "rhythm.bpm_histogram_second_peak_bpm": 0.0, "rhythm.bpm_histogram_second_peak_spread": 0.0, "rhythm.bpm_histogram_second_peak_weight": 0.0, "rhythm.danceability": 1.4610891342163086, "rhythm.onset_rate": 4.518852233886719, "tonal.chords_changes_rate": 0.07175926119089127, "tonal.chords_number_rate": 0.008101851679384708, "tonal.chords_strength.mean": 0.45522212982177734, "tonal.chords_strength.stdev": 0.09362944960594177, "tonal.hpcp_crest.mean": 17.735244750976562, "tonal.hpcp_crest.stdev": 7.992300033569336, "tonal.hpcp_entropy.mean": 1.4320182800292969, "tonal.hpcp_entropy.stdev": 0.6711977124214172, "tonal.key_edma.strength": 0.7725538611412048, "tonal.key_krumhansl.strength": 0.7832018136978149, "tonal.key_temperley.strength": 0.799329936504364, "tonal.tuning_diatonic_strength": 0.6013236045837402, "tonal.tuning_equal_tempered_deviation": 0.025953324511647224, "tonal.tuning_frequency": 441.0177917480469, "tonal.tuning_nontempered_energy_ratio": 0.6426492929458618, "lowlevel.barkbands.mean": [0.0001754688855726272, 0.0061280387453734875, 0.00047349464148283005, 0.0001585998834343627, 0.0022439295426011086, 0.0010089060524478555, 0.0015127293299883604, 0.0019818090368062258, 0.0008122537401504815, 0.0009836320532485843, 0.0015139008173719049, 0.001541451900266111, 0.0013235207879915833, 0.0012933920370414853, 0.0006602875655516982, 0.00040946342051029205, 0.00035239910357631743, 0.0001463612716179341, 0.00021775619825348258, 0.00012497708667069674, 0.00014891396858729422, 0.00010129382280865684, 7.454776641679928e-05, 8.403374522458762e-05, 9.679299546405673e-05, 5.0569964514579624e-05, 2.417649739072658e-06], "lowlevel.barkbands.stdev": [0.000613871612586081, 0.021187208592891693, 0.002237736014649272, 0.0004987287102267146, 0.0074772220104932785, 0.001969295321032405, 0.0029192673973739147, 0.003646589582785964, 0.0024218414910137653, 0.0028542655054479837, 0.0036926711909472942, 0.005871278699487448, 0.0055063869804143906, 0.005241429898887873, 0.002550881588831544, 0.001577255898155272, 0.0010788937797769904, 0.0004996854695491493, 0.0006352686905302107, 0.00025267541059292853, 0.0003224615938961506, 0.00024392864725086838, 0.00016693102952558547, 0.00020821673388127238, 0.0002887983282562345, 0.00015558027371298522, 7.010404260654468e-06], "lowlevel.erbbands.mean": [0.20886166393756866, 1.2302274703979492, 0.8991045951843262, 0.5010086297988892, 3.2788052558898926, 9.729765892028809, 5.761277198791504, 9.595155715942383, 14.015053749084473, 48.607093811035156, 27.458839416503906, 20.699203491210938, 31.788305282592773, 31.03321647644043, 65.54896545410156, 69.62020874023438, 65.72637939453125, 71.95643615722656, 40.755367279052734, 31.554973602294922, 23.03323745727539, 17.631118774414062, 9.056746482849121, 9.995563507080078, 9.439064979553223, 6.040780067443848, 6.4527268409729, 5.328892707824707, 3.8988351821899414, 2.688356399536133, 1.8789117336273193, 1.5611708164215088, 1.5584484338760376, 1.2508652210235596, 0.5621164441108704, 0.23584824800491333, 0.08926908671855927, 0.015323135070502758, 0.0003323517448734492, 3.915782508556731e-05], "lowlevel.erbbands.stdev": [0.7316004633903503, 4.3471245765686035, 3.7424020767211914, 1.7161898612976074, 11.112570762634277, 35.57888412475586, 11.924332618713379, 21.374540328979492, 28.733915328979492, 79.14835357666016, 63.939083099365234, 63.219451904296875, 90.37278747558594, 103.7062759399414, 147.23455810546875, 253.39796447753906, 233.56248474121094, 276.9461669921875, 132.7919921875, 130.18072509765625, 77.96200561523438, 50.15091323852539, 28.994260787963867, 24.85224723815918, 33.27480697631836, 12.681918144226074, 14.156070709228516, 11.55069351196289, 9.44681453704834, 6.23864221572876, 4.266740322113037, 3.7925148010253906, 4.0836381912231445, 3.5969324111938477, 1.8756994009017944, 0.8698489665985107, 0.25438347458839417, 0.037783801555633545, 0.0007868522661738098, 4.7096113121369854e-05], "lowlevel.gfcc.mean": [-54.62105941772461, 53.70377731323242, -141.349853515625, -5.851863384246826, -77.41218566894531, 9.359112739562988, -45.391883850097656, 5.627124786376953, -25.630109786987305, 13.310524940490723, -12.072866439819336, 4.834736347198486, -7.807587146759033], "lowlevel.melbands.mean": [0.0018095335690304637, 0.0008276023436337709, 0.00014660814485978335, 0.0005063802818767726, 0.0002537737018428743, 0.00021346929133869708, 0.00023232770035974681, 0.0005391343729570508, 0.00018880567222367972, 0.0001274705136893317, 0.0001554797636345029, 0.00011369011190254241, 0.0002119994896929711, 0.00016282801516354084, 0.00018300181545782834, 0.0001318983267992735, 0.00013766765187028795, 6.773932545911521e-05, 4.772674947162159e-05, 3.5533659684006125e-05, 2.605922236398328e-05, 2.1236706743366085e-05, 1.0340047992940526e-05, 6.285084964474663e-06, 8.282991075247992e-06, 7.350089163082885e-06, 4.796277153218398e-06, 3.8895987017895095e-06, 4.015428658021847e-06, 3.8757043512305245e-06, 2.8507890874607256e-06, 2.3712354959570803e-06, 1.5913101378828287e-06, 1.4939467973817955e-06, 1.0484814083611127e-06, 1.0219196155958343e-06, 9.4445266540788e-07, 1.0731286010923213e-06, 1.2155250033174525e-06, 9.917381476043374e-07], "lowlevel.melbands.stdev": [0.0062637426890432835, 0.0030051746871322393, 0.00039276955067180097, 0.0018866079626604915, 0.000576012535020709, 0.0004423969076015055, 0.00045647070510312915, 0.0008627709466964006, 0.00047444444498978555, 0.00039027255843393505, 0.0004534330510068685, 0.00041665256139822304, 0.0004983163089491427, 0.0004680580459535122, 0.0007505941903218627, 0.0006012506783008575, 0.0005716889281757176, 0.00025194973568432033, 0.0002088676847051829, 0.00015085763880051672, 0.00010086148540722206, 6.647980626439676e-05, 3.940338137908839e-05, 1.881982279883232e-05, 2.2073510990594514e-05, 2.8554695745697245e-05, 1.2204511222080328e-05, 9.575732292432804e-06, 9.407221114088316e-06, 9.332664376415778e-06, 6.882605248392792e-06, 5.941070412518457e-06, 4.212403837300371e-06, 3.6268322674004594e-06, 2.47620596383058e-06, 2.3685342966928147e-06, 2.5038825697265565e-06, 2.886640686483588e-06, 3.185419018336688e-06, 3.0059802611503983e-06], "lowlevel.melbands128.mean": [0.0001663021685089916, 0.0015787493903189898, 0.0027906596660614014, 0.001760382205247879, 0.0006294772610999644, 0.00018475932301953435, 7.18146184226498e-05, 9.161545312963426e-05, 0.0002804985560942441, 0.0006452591042034328, 0.0006058272556401789, 0.0003164221707265824, 0.00015918658755254, 0.0001548306317999959, 0.00021814052888657898, 0.000248860043939203, 0.00022908126993570477, 0.00015554101264569908, 0.0002880044048652053, 0.0007162893889471889, 0.0006001070141792297, 0.0002382345701334998, 0.00014648871729150414, 9.922971366904676e-05, 0.00014537166862282902, 0.0001164017230621539, 0.0001415308943251148, 0.00021511837258003652, 0.0001033269363688305, 9.599688928574324e-05, 0.00010974831093335524, 0.00015458553389180452, 0.0002351019502384588, 0.00028336368268355727, 9.809909533942118e-05, 0.00013364209735300392, 0.00023533985950052738, 0.00020956763182766736, 0.00013615812349598855, 0.00013225089060142636, 0.00014471556642092764, 0.00010403596388641745, 0.0001471374271204695, 0.00016489182598888874, 7.861473568482324e-05, 4.616972364601679e-05, 5.691267142537981e-05, 5.031444379710592e-05, 4.1016093746293336e-05, 4.5657914597541094e-05, 3.444757385295816e-05, 2.804563700919971e-05, 2.011043943639379e-05, 2.92159675154835e-05, 3.1459734600503e-05, 2.180144474550616e-05, 1.0166323590965476e-05, 1.123306265071733e-05, 1.2026422155031469e-05, 6.259549081732985e-06, 5.374006832425948e-06, 4.434645234141499e-06, 1.218583929585293e-05, 7.853815077396575e-06, 5.3354065130406525e-06, 6.838006356701953e-06, 1.0258551810693461e-05, 5.254430107015651e-06, 3.390682195458794e-06, 3.958692104788497e-06, 3.424779606575612e-06, 4.368533609522274e-06, 4.1922767195501365e-06, 3.869057309202617e-06, 3.785216222240706e-06, 4.423892733029788e-06, 3.825450676231412e-06, 2.660197651493945e-06, 2.903352879002341e-06, 2.673646577022737e-06, 2.6667958081816323e-06, 2.2129397621029057e-06, 1.810957542147662e-06, 1.5382710216726991e-06, 1.3449350717564812e-06, 1.515337203272793e-06, 1.6425665307906456e-06, 1.2771824913215823e-06, 8.853229473970714e-07, 9.84383746072126e-07, 1.130503505919478e-06, 1.0133080650120974e-06, 8.583619433011336e-07, 8.562450943827571e-07, 9.653775805418263e-07, 1.3814899375574896e-06, 8.815253522698185e-07, 9.841911605690257e-07, 1.3315329852048308e-06, 1.3024897498326027e-06, 1.10037797185214e-06, 9.70579662862292e-07, 7.997298894224514e-07, 8.49227490107296e-07, 5.677759986610909e-07, 4.655569796341297e-07, 5.512782195182808e-07, 4.973978775524301e-07, 3.8676347458022065e-07, 3.331429354602733e-07, 2.843082427261834e-07, 3.1246162279785494e-07, 2.8920294425915927e-07, 2.7856356155098183e-07, 2.2682790756789473e-07, 1.8008553581694287e-07, 9.963116553990403e-08, 7.193871276456321e-09, 4.975109300225933e-12, 4.045166545479928e-12, 3.5723984534441477e-12, 3.2851766012392813e-12, 3.103366738935187e-12, 3.0379104180161542e-12, 2.9437780338370523e-12, 2.8223905417651407e-12, 2.7522168571936234e-12, 2.7293388903115723e-12], "lowlevel.melbands128.stdev": [0.0005868033622391522, 0.0056382231414318085, 0.009840276092290878, 0.006447013467550278, 0.0026636479888111353, 0.0008815330802462995, 0.00033097757841460407, 0.00027215539012104273, 0.0008967954781837761, 0.00280180131085217, 0.0023347774986177683, 0.0007288524066098034, 0.00041991026955656707, 0.0003785203443840146, 0.0006589908734895289, 0.000544350070413202, 0.0005303358193486929, 0.0006176528986543417, 0.0007012958521954715, 0.0013070676941424608, 0.001170324976556003, 0.00081480952212587, 0.0006344591965898871, 0.00041575601790100336, 0.0006835730164311826, 0.0004468441766221076, 0.0005112153594382107, 0.0007984413532540202, 0.0003848126216325909, 0.00048016844084486365, 0.0006737784715369344, 0.0006299475207924843, 0.0006994699942879379, 0.000870833988301456, 0.00040064792847260833, 0.0006565712974406779, 0.00123359146527946, 0.0013090809807181358, 0.0007121719536371529, 0.0007361863390542567, 0.0009858824778348207, 0.0007236841483972967, 0.0008767371764406562, 0.0008043145062401891, 0.0005267804954200983, 0.0002452238113619387, 0.00030145436176098883, 0.0003434748505242169, 0.0002455780340824276, 0.0003407468902878463, 0.00019640249956864864, 0.00012542038166429847, 0.00014582424773834646, 0.00017844406829681247, 0.0001311937376158312, 0.00010152458708034828, 4.460083073354326e-05, 6.081732135498896e-05, 7.464117516065016e-05, 2.8488939278759062e-05, 2.7385422072256915e-05, 1.5826917660888284e-05, 4.081138104083948e-05, 2.5889861717587337e-05, 2.3944485292304307e-05, 3.6264347727410495e-05, 6.123618368292227e-05, 2.231727194157429e-05, 8.228339538618457e-06, 1.2511430213635322e-05, 1.1777978215832263e-05, 1.5423174772877246e-05, 1.3875282093067653e-05, 1.1596283911785576e-05, 1.3609723282570485e-05, 1.4285797988122795e-05, 9.757824955158867e-06, 7.620518772455398e-06, 8.619001164333895e-06, 8.386471563426312e-06, 7.734677637927234e-06, 6.58006274534273e-06, 5.201298336032778e-06, 5.217637408350129e-06, 3.6780709251615917e-06, 3.9096771615731996e-06, 4.680312031268841e-06, 3.363878931850195e-06, 2.1663463485310785e-06, 2.7278715606371406e-06, 2.9077248200337635e-06, 2.536594593038899e-06, 2.133598400178016e-06, 2.9680934403586434e-06, 2.536177134970785e-06, 4.0494151107850485e-06, 2.6277659799234243e-06, 4.030439413327258e-06, 3.082703415202559e-06, 3.834440121863736e-06, 3.943000592698809e-06, 3.1394620236824267e-06, 2.412134108453756e-06, 3.0707767564308597e-06, 2.3416505428031087e-06, 1.6418952100138995e-06, 2.087145503537613e-06, 2.1956379896437284e-06, 1.717375312182412e-06, 1.2115118579458795e-06, 1.137895992542326e-06, 1.0896532103288337e-06, 8.555927024644916e-07, 7.385876301668759e-07, 5.931816531301592e-07, 4.5588990360556636e-07, 2.9103287602083583e-07, 2.5209546450355447e-08, 3.1949623502391944e-11, 1.9911940152272933e-11, 1.1422795868909486e-11, 6.955612735087824e-12, 5.521924497514652e-12, 5.415657939461527e-12, 5.328217901612309e-12, 5.259111288818952e-12, 5.209628301666713e-12, 5.179195614046783e-12], "lowlevel.mfcc.mean": [-699.0908203125, 98.234130859375, -16.369245529174805, -11.465238571166992, -14.071391105651855, -5.780282020568848, -8.707093238830566, -13.664116859436035, -5.5799713134765625, -4.8426289558410645, -2.481705665588379, 2.3289458751678467, 6.263654708862305], "lowlevel.spectral_contrast_coeffs.mean": [-0.664192259311676, -0.6764630079269409, -0.6851879954338074, -0.7424847483634949, -0.7777618169784546, -0.7526897192001343], "lowlevel.spectral_contrast_coeffs.stdev": [0.13338243961334229, 0.0935273990035057, 0.08943605422973633, 0.0793738067150116, 0.061761390417814255, 0.06956377625465393], "lowlevel.spectral_contrast_valleys.mean": [-8.622392654418945, -7.525721549987793, -8.12711238861084, -8.312570571899414, -8.355188369750977, -10.801517486572266], "lowlevel.spectral_contrast_valleys.stdev": [1.3258291482925415, 0.9684934616088867, 0.9587664008140564, 0.9519060850143433, 1.002318024635315, 1.139338731765747], "rhythm.beats_loudness_band_ratio.mean": [0.682310938835144, 0.02221015840768814, 0.09390459209680557, 0.14999473094940186, 0.05527142807841301, 0.011998333036899567], "rhythm.beats_loudness_band_ratio.stdev": [0.2273961454629898, 0.026944395154714584, 0.08550920337438583, 0.14694325625896454, 0.09272421151399612, 0.015916883945465088], "tonal.hpcp.mean": [0.11803542822599411, 0.11571191251277924, 0.09223273396492004, 0.07077360898256302, 0.06598938256502151, 0.17708046734333038, 0.27884092926979065, 0.16916397213935852, 0.19137781858444214, 0.32748380303382874, 0.19315050542354584, 0.045196715742349625, 0.03857652470469475, 0.04456927627325058, 0.09451164305210114, 0.1376812607049942, 0.09613539278507233, 0.05489134043455124, 0.04664613679051399, 0.03135926276445389, 0.06362321972846985, 0.10318213701248169, 0.0716731995344162, 0.08660898357629776, 0.12159404903650284, 0.07935435324907303, 0.05032319948077202, 0.04669950157403946, 0.042437050491571426, 0.16024386882781982, 0.260527104139328, 0.14795641601085663, 0.06162462383508682, 0.05840256065130234, 0.04502565413713455, 0.07596543431282043], "tonal.hpcp.stdev": [0.24564902484416962, 0.24936054646968842, 0.23126822710037231, 0.20214031636714935, 0.19155479967594147, 0.2592312693595886, 0.38028857111930847, 0.23750482499599457, 0.2502090036869049, 0.39668458700180054, 0.24778051674365997, 0.14491036534309387, 0.1364668756723404, 0.15853793919086456, 0.19498878717422485, 0.25268739461898804, 0.18878871202468872, 0.16546058654785156, 0.1376834511756897, 0.1070341020822525, 0.14974883198738098, 0.22609175741672516, 0.15323972702026367, 0.18657325208187103, 0.251871258020401, 0.17832869291305542, 0.16000325977802277, 0.13726688921451569, 0.11883563548326492, 0.23270724713802338, 0.3307802677154541, 0.20924592018127441, 0.16646398603916168, 0.17516657710075378, 0.12606976926326752, 0.17824424803256989], "rhythm.beats_position": [0.638548731803894, 1.277097463607788, 1.904036283493042, 2.530975103378296, 3.1579136848449707, 3.7848525047302246, 4.4117913246154785, 5.027120113372803, 5.642448902130127, 6.269387722015381, 6.896326541900635, 7.523265361785889, 8.150203704833984, 8.777142524719238, 9.404081344604492, 10.031020164489746, 10.657958984375, 11.284897804260254, 11.911836624145508, 12.527165412902832, 13.142494201660156, 13.76943302154541, 14.396371841430664, 15.023310661315918, 15.650249481201172, 16.27718734741211, 16.90412712097168, 17.531064987182617, 18.134784698486328, 18.761722564697266, 19.388662338256836, 20.003990173339844, 20.642539978027344, 21.26947784423828, 21.89641761779785, 22.52335548400879, 23.15029525756836, 23.777233123779297, 24.404170989990234, 25.031110763549805, 25.658048629760742, 26.284988403320312, 26.90031623840332, 27.51564598083496, 28.1425838470459, 28.76952362060547, 29.396461486816406, 30.023401260375977, 30.650339126586914, 31.277278900146484, 31.904216766357422, 32.53115463256836, 33.15809631347656, 33.7850341796875, 34.40036392211914, 35.015689849853516, 35.64263153076172, 36.269569396972656, 36.896507263183594, 37.52344512939453, 38.15038299560547, 38.77732467651367, 39.40426254272461], "rhythm.bpm_histogram": [0.0, 0.0, 0.0, 0.0, 0.0, 0.0, 0.0, 0.0, 0.0, 0.0, 0.0, 0.0, 0.0, 0.0, 0.0, 0.0, 0.0, 0.0, 0.0, 0.0, 0.0, 0.0, 0.0, 0.0, 0.0, 0.0, 0.0, 0.0, 0.0, 0.0, 0.0, 0.0, 0.0, 0.0, 0.0, 0.0, 0.0, 0.0, 0.0, 0.0, 0.0, 0.0, 0.0, 0.0, 0.0, 0.0, 0.0, 0.0, 0.0, 0.0, 0.0, 0.0, 0.0, 0.0, 0.0, 0.0, 0.0, 0.0, 0.0, 0.0, 0.0, 0.0, 0.0, 0.0, 0.0, 0.0, 0.0, 0.0, 0.0, 0.0, 0.0, 0.0, 0.0, 0.0, 0.0, 0.0, 0.0, 0.0, 0.0, 0.0, 0.0, 0.0, 0.0, 0.0, 0.0, 0.0, 0.0, 0.0, 0.0, 0.0, 0.0, 0.0, 0.0, 0.0, 0.032258063554763794, 0.0, 0.8064516186714172, 0.0, 0.14516128599643707, 0.016129031777381897, 0.0, 0.0, 0.0, 0.0, 0.0, 0.0, 0.0, 0.0, 0.0, 0.0, 0.0, 0.0, 0.0, 0.0, 0.0, 0.0, 0.0, 0.0, 0.0, 0.0, 0.0, 0.0, 0.0, 0.0, 0.0, 0.0, 0.0, 0.0, 0.0, 0.0, 0.0, 0.0, 0.0, 0.0, 0.0, 0.0, 0.0, 0.0, 0.0, 0.0, 0.0, 0.0, 0.0, 0.0, 0.0, 0.0, 0.0, 0.0, 0.0, 0.0, 0.0, 0.0, 0.0, 0.0, 0.0, 0.0, 0.0, 0.0, 0.0, 0.0, 0.0, 0.0, 0.0, 0.0, 0.0, 0.0, 0.0, 0.0, 0.0, 0.0, 0.0, 0.0, 0.0, 0.0, 0.0, 0.0, 0.0, 0.0, 0.0, 0.0, 0.0, 0.0, 0.0, 0.0, 0.0, 0.0, 0.0, 0.0, 0.0, 0.0, 0.0, 0.0, 0.0, 0.0, 0.0, 0.0, 0.0, 0.0, 0.0, 0.0, 0.0, 0.0, 0.0, 0.0, 0.0, 0.0, 0.0, 0.0, 0.0, 0.0, 0.0, 0.0, 0.0, 0.0, 0.0, 0.0, 0.0, 0.0, 0.0, 0.0, 0.0, 0.0, 0.0, 0.0, 0.0, 0.0, 0.0, 0.0, 0.0, 0.0, 0.0, 0.0, 0.0, 0.0, 0.0, 0.0, 0.0, 0.0, 0.0, 0.0, 0.0, 0.0, 0.0, 0.0, 0.0, 0.0, 0.0, 0.0, 0.0, 0.0], "tonal.chords_histogram": [28.47222137451172, 2.8935184478759766, 37.5, 0.5787037014961243, 0.0, 0.0, 0.0, 0.0, 0.0, 0.0, 0.0, 0.0, 0.0, 0.0, 0.0, 1.9675925970077515, 0.0, 2.777777671813965, 0.0, 0.0, 0.23148147761821747, 0.0, 22.337963104248047, 3.2407407760620117], "tonal.thpcp": [1.0, 0.5898017287254333, 0.13801206648349762, 0.11779674142599106, 0.13609611988067627, 0.28859943151474, 0.4204216003417969, 0.29355770349502563, 0.16761544346809387, 0.14243799448013306, 0.09575820714235306, 0.19427898526191711, 0.315075546503067, 0.21886028349399567, 0.2644679844379425, 0.3712978959083557, 0.2423153519630432, 0.15366622805595398, 0.14260095357894897, 0.12958519160747528, 0.48931846022605896, 0.7955419421195984, 0.4517976641654968, 0.18817609548568726, 0.1783372461795807, 0.1374897062778473, 0.2319670021533966, 0.36043134331703186, 0.35333630442619324, 0.28164058923721313, 0.21611331403255463, 0.20150426030158997, 0.5407304763793945, 0.8514648079872131, 0.5165567398071289, 0.5843886733055115], "lowlevel.gfcc.cov": [[7939.05078125, -37.836669921875, 472.36761474609375, 598.0977172851562, 471.2757263183594, -29.789844512939453, 88.55440521240234, -123.84746551513672, -236.85977172851562, -188.71237182617188, -318.26031494140625, -95.05445861816406, -204.8842315673828], [-37.836669921875, 2049.965087890625, 107.56768798828125, 204.46224975585938, 403.4004821777344, 91.90315246582031, 315.7811584472656, 105.41146850585938, 256.4568786621094, -49.232696533203125, 300.00836181640625, -16.8147029876709, 152.05348205566406], [472.36761474609375, 107.56768798828125, 1474.578125, 438.0097961425781, 176.38177490234375, 203.27574157714844, -165.30401611328125, 146.40261840820312, -76.55340576171875, -46.34954833984375, -66.94225311279297, 100.0313949584961, -135.2216339111328], [598.0977172851562, 204.46224975585938, 438.0097961425781, 707.4662475585938, 248.0246124267578, 94.73893737792969, 155.64785766601562, 164.40380859375, 64.33674621582031, -55.74458312988281, 5.769280433654785, 38.36484146118164, -39.420997619628906], [471.2757263183594, 403.4004821777344, 176.38177490234375, 248.0246124267578, 660.9962768554688, 351.07122802734375, 317.7902526855469, 206.18194580078125, 148.5834197998047, 80.5029525756836, 42.37594223022461, 33.47423553466797, 15.905570983886719], [-29.789844512939453, 91.90315246582031, 203.27574157714844, 94.73893737792969, 351.07122802734375, 506.82000732421875, 322.38427734375, 112.18750762939453, 129.11415100097656, 157.77577209472656, 63.305625915527344, 9.196331024169922, -1.718779444694519], [88.55440521240234, 315.7811584472656, -165.30401611328125, 155.64785766601562, 317.7902526855469, 322.38427734375, 642.6175537109375, 258.3806457519531, 250.49981689453125, 192.60287475585938, 122.9367904663086, 28.08604621887207, 42.10775375366211], [-123.84746551513672, 105.41146850585938, 146.40261840820312, 164.40380859375, 206.18194580078125, 112.18750762939453, 258.3806457519531, 372.617431640625, 185.8485107421875, 39.872440338134766, 39.764915466308594, 63.223182678222656, 9.555160522460938], [-236.85977172851562, 256.4568786621094, -76.55340576171875, 64.33674621582031, 148.5834197998047, 129.11415100097656, 250.49981689453125, 185.8485107421875, 274.0520935058594, 134.09268188476562, 95.55711364746094, 22.192760467529297, 28.48185157775879], [-188.71237182617188, -49.232696533203125, -46.34954833984375, -55.74458312988281, 80.5029525756836, 157.77577209472656, 192.60287475585938, 39.872440338134766, 134.09268188476562, 301.1537780761719, 94.82469940185547, 20.740442276000977, 2.8758840560913086], [-318.26031494140625, 300.00836181640625, -66.94225311279297, 5.769280433654785, 42.37594223022461, 63.305625915527344, 122.9367904663086, 39.764915466308594, 95.55711364746094, 94.82469940185547, 210.53392028808594, 34.87374496459961, 36.34196472167969], [-95.05445861816406, -16.8147029876709, 100.0313949584961, 38.36484146118164, 33.47423553466797, 9.196331024169922, 28.08604621887207, 63.223182678222656, 22.192760467529297, 20.740442276000977, 34.87374496459961, 131.6994171142578, 37.68606948852539], [-204.8842315673828, 152.05348205566406, -135.2216339111328, -39.420997619628906, 15.905570983886719, -1.718779444694519, 42.10775375366211, 9.555160522460938, 28.48185157775879, 2.8758840560913086, 36.34196472167969, 37.68606948852539, 137.46786499023438]], "lowlevel.gfcc.icov": [[0.00017114300862886012, 3.265113991801627e-05, -7.914163143141195e-05, -6.309349555522203e-05, -0.00023253854305949062, 0.0002526780590415001, -0.00024407550517935306, 0.000258626532740891, 6.03446205786895e-05, 5.479198443936184e-05, 0.000166005251230672, 7.508350972784683e-05, 0.0001317490532528609], [3.265113991801627e-05, 0.001480409293435514, -0.000988240004517138, 0.00043164571980014443, -0.0012319524539634585, 0.0015057807322591543, -0.0012545044301077724, 0.0015761608956381679, -0.0017478695372119546, 0.001672897837124765, -0.0021120251622051, 0.0015906597254797816, -0.0015516307903453708], [-7.914163143141195e-05, -0.000988240004517138, 0.0022356053814291954, -0.0011500167893245816, 0.0010630509350448847, -0.0023746551014482975, 0.002300729276612401, -0.002205380005761981, 0.0018655449384823442, -0.001449787407182157, 0.001417067483998835, -0.0021130184177309275, 0.0019887536764144897], [-6.309349555522203e-05, 0.00043164571980014443, -0.0011500167893245816, 0.0025581263471394777, -0.0009720167727209628, 0.0012262759264558554, -0.0014104036381468177, 0.0007159552187658846, -0.0010664757573977113, 0.0014652088284492493, -0.0008565864409320056, 0.0004820880712941289, -0.00017446884885430336], [-0.00023253854305949062, -0.0012319524539634585, 0.0010630509350448847, -0.0009720167727209628, 0.004259288311004639, -0.0033820485696196556, 0.0012473443057388067, -0.0023673020768910646, 0.0012635021703317761, -0.001230597379617393, 0.0017507494194433093, -0.0015224011149257421, 0.0007488752016797662], [0.0002526780590415001, 0.0015057807322591543, -0.0023746551014482975, 0.0012262759264558554, -0.0033820485696196556, 0.006985523737967014, -0.003967852331697941, 0.0032885947730392218, -0.002045099390670657, 0.0009689817670732737, -0.0019416690338402987, 0.0026275934651494026, -0.0016112634912133217], [-0.00024407550517935306, -0.0012545044301077724, 0.002300729276612401, -0.0014104036381468177, 0.0012473443057388067, -0.003967852331697941, 0.0063482183031737804, -0.004037758801132441, 0.0010743958409875631, -0.0027509061619639397, 0.0010039039188995957, -0.0014238085132092237, 0.0009845970198512077], [0.000258626532740891, 0.0015761608956381679, -0.002205380005761981, 0.0007159552187658846, -0.0023673020768910646, 0.0032885947730392218, -0.004037758801132441, 0.008573639206588268, -0.005593863781541586, 0.003448146628215909, -0.0011928356252610683, -4.013205034425482e-05, -0.0009528775117360055], [6.03446205786895e-05, -0.0017478695372119546, 0.0018655449384823442, -0.0010664757573977113, 0.0012635021703317761, -0.002045099390670657, 0.0010743958409875631, -0.005593863781541586, 0.011022382415831089, -0.004538437817245722, 0.0009511751122772694, -0.0007473648292943835, 0.0012051085941493511], [5.479198443936184e-05, 0.001672897837124765, -0.001449787407182157, 0.0014652088284492493, -0.001230597379617393, 0.0009689817670732737, -0.0027509061619639397, 0.003448146628215909, -0.004538437817245722, 0.00784547533839941, -0.0033854704815894365, 0.0006821941351518035, -0.0005330335698090494], [0.000166005251230672, -0.0021120251622051, 0.001417067483998835, -0.0008565864409320056, 0.0017507494194433093, -0.0019416690338402987, 0.0010039039188995957, -0.0011928356252610683, 0.0009511751122772694, -0.0033854704815894365, 0.00977412611246109, -0.0035873723682016134, 0.001553621026687324], [7.508350972784683e-05, 0.0015906597254797816, -0.0021130184177309275, 0.0004820880712941289, -0.0015224011149257421, 0.0026275934651494026, -0.0014238085132092237, -4.013205034425482e-05, -0.0007473648292943835, 0.0006821941351518035, -0.0035873723682016134, 0.012304522097110748, -0.005224116146564484], [0.0001317490532528609, -0.0015516307903453708, 0.0019887536764144897, -0.00017446884885430336, 0.0007488752016797662, -0.0016112634912133217, 0.0009845970198512077, -0.0009528775117360055, 0.0012051085941493511, -0.0005330335698090494, 0.001553621026687324, -0.005224116146564484, 0.011534025892615318]], "lowlevel.mfcc.cov": [[7851.47412109375, -102.12617492675781, 7.225531578063965, 641.1688232421875, 219.12274169921875, 168.58970642089844, 154.5995635986328, 96.67755126953125, 31.999767303466797, -95.37896728515625, -77.95637512207031, -216.75135803222656, -330.5631103515625], [-102.12617492675781, 1671.235595703125, 4.844334602355957, 83.48108673095703, 203.1302947998047, 105.44593048095703, 168.78965759277344, 168.97476196289062, 74.44560241699219, 124.3469467163086, 16.69091796875, 123.77124786376953, 133.11050415039062], [7.225531578063965, 4.844334602355957, 1108.362548828125, 200.36434936523438, 323.81817626953125, 1.688735008239746, -0.9591118097305298, 94.3177719116211, -93.4577865600586, -42.632713317871094, -38.495384216308594, -14.21519660949707, -58.80826187133789], [641.1688232421875, 83.48108673095703, 200.36434936523438, 590.3482055664062, 173.02459716796875, 18.366230010986328, 88.0085678100586, 199.8042755126953, 103.26701354980469, 9.160747528076172, 67.6107177734375, 60.396766662597656, 16.716707229614258], [219.12274169921875, 203.1302947998047, 323.81817626953125, 173.02459716796875, 502.0562438964844, 98.52376556396484, 95.79141998291016, 153.2827606201172, 49.85187911987305, 31.997888565063477, -27.26850128173828, 24.514263153076172, -13.409074783325195], [168.58970642089844, 105.44593048095703, 1.688735008239746, 18.366230010986328, 98.52376556396484, 467.744140625, 233.3309783935547, 67.3558120727539, 116.35052490234375, 175.94992065429688, 120.62867736816406, 55.55357360839844, 105.66500854492188], [154.5995635986328, 168.78965759277344, -0.9591118097305298, 88.0085678100586, 95.79141998291016, 233.3309783935547, 329.6321105957031, 188.32595825195312, 146.87400817871094, 155.1170654296875, 126.4984130859375, 80.28095245361328, 60.03789138793945], [96.67755126953125, 168.97476196289062, 94.3177719116211, 199.8042755126953, 153.2827606201172, 67.3558120727539, 188.32595825195312, 382.6167297363281, 200.89617919921875, 110.0090103149414, 80.45695495605469, 92.64220428466797, 35.476966857910156], [31.999767303466797, 74.44560241699219, -93.4577865600586, 103.26701354980469, 49.85187911987305, 116.35052490234375, 146.87400817871094, 200.89617919921875, 309.880615234375, 157.0105743408203, 117.8507308959961, 90.52238464355469, 76.58533477783203], [-95.37896728515625, 124.3469467163086, -42.632713317871094, 9.160747528076172, 31.997888565063477, 175.94992065429688, 155.1170654296875, 110.0090103149414, 157.0105743408203, 249.52902221679688, 134.8318328857422, 99.4351577758789, 91.99700927734375], [-77.95637512207031, 16.69091796875, -38.495384216308594, 67.6107177734375, -27.26850128173828, 120.62867736816406, 126.4984130859375, 80.45695495605469, 117.8507308959961, 134.8318328857422, 257.1523132324219, 131.50289916992188, 110.7303695678711], [-216.75135803222656, 123.77124786376953, -14.21519660949707, 60.396766662597656, 24.514263153076172, 55.55357360839844, 80.28095245361328, 92.64220428466797, 90.52238464355469, 99.4351577758789, 131.50289916992188, 224.68576049804688, 125.55181884765625], [-330.5631103515625, 133.11050415039062, -58.80826187133789, 16.716707229614258, -13.409074783325195, 105.66500854492188, 60.03789138793945, 35.476966857910156, 76.58533477783203, 91.99700927734375, 110.7303695678711, 125.55181884765625, 241.17166137695312]], "lowlevel.mfcc.icov": [[0.00016063173825386912, 3.7512472772505134e-07, 5.251489346846938e-05, -0.00020994873193558306, -1.742423773976043e-05, -0.00010744806058937684, -5.311744098435156e-05, 5.4058811656432226e-05, -5.3364597079053055e-06, 4.532516322797164e-05, 7.972591333782475e-07, 8.926940063247457e-05, 0.00023626626352779567], [3.7512472772505134e-07, 0.0007183334673754871, 8.380908548133448e-05, -1.9256764062447473e-05, -0.0002445710706524551, 0.0001136436767410487, -0.00029053117032162845, -0.00014758677571080625, 0.0002396020427113399, -0.00028418615693226457, 0.00039100696449168026, -0.00020731263794004917, -0.00038282095920294523], [5.251489346846938e-05, 8.380908548133448e-05, 0.0012871749931946397, -0.0003159245534334332, -0.000767613819334656, -9.750693425303325e-05, 0.0002442235127091408, -0.00039797843783162534, 0.000834414386190474, -0.00012577323650475591, -0.0001807658700272441, 7.748555799480528e-05, 0.00018494096002541482], [-0.00020994873193558306, -1.9256764062447473e-05, -0.0003159245534334332, 0.0026329574175179005, -0.0004260345012880862, 0.0002203551703132689, 5.414887345978059e-05, -0.000938515062443912, -0.0004302662855479866, 0.0009160315385088325, -0.0007376004359684885, -0.00018793402705341578, -0.0003086312208324671], [-1.742423773976043e-05, -0.0002445710706524551, -0.000767613819334656, -0.0004260345012880862, 0.003205647924914956, -0.0007140570669434965, -0.0001187603993457742, -0.0006347423768602312, -0.0001928625424625352, 2.732971370278392e-05, 0.001095816376619041, -0.0004587236908264458, 0.0003539766476023942], [-0.00010744806058937684, 0.0001136436767410487, -9.750693425303325e-05, 0.0002203551703132689, -0.0007140570669434965, 0.0043897065334022045, -0.0027300515212118626, 0.0012605421943590045, -0.00020862440578639507, -0.0015675690956413746, -0.00024477162514813244, 0.0009358248789794743, -0.001428409363143146], [-5.311744098435156e-05, -0.00029053117032162845, 0.0002442235127091408, 5.414887345978059e-05, -0.0001187603993457742, -0.0027300515212118626, 0.007496886886656284, -0.0027089156210422516, 0.00025853392435237765, -0.0010317510459572077, -0.0014854975743219256, -3.096732325502671e-05, 0.0008746978710405529], [5.4058811656432226e-05, -0.00014758677571080625, -0.00039797843783162534, -0.000938515062443912, -0.0006347423768602312, 0.0012605421943590045, -0.0027089156210422516, 0.006229891441762447, -0.0029345101211220026, -0.0001015223388094455, 0.0005760140484198928, -0.0008357353508472443, 0.00043512205593287945], [-5.3364597079053055e-06, 0.0002396020427113399, 0.000834414386190474, -0.0004302662855479866, -0.0001928625424625352, -0.00020862440578639507, 0.00025853392435237765, -0.0029345101211220026, 0.007129670586436987, -0.002684552688151598, -0.0006583325448445976, 0.0002027063601417467, -0.0005015546339564025], [4.532516322797164e-05, -0.00028418615693226457, -0.00012577323650475591, 0.0009160315385088325, 2.732971370278392e-05, -0.0015675690956413746, -0.0010317510459572077, -0.0001015223388094455, -0.002684552688151598, 0.009063586592674255, -0.001905488083139062, -0.0010050067212432623, -0.00012189940025564283], [7.972591333782475e-07, 0.00039100696449168026, -0.0001807658700272441, -0.0007376004359684885, 0.001095816376619041, -0.00024477162514813244, -0.0014854975743219256, 0.0005760140484198928, -0.0006583325448445976, -0.001905488083139062, 0.00797856692224741, -0.0027752479072660208, -0.0010369779774919152], [8.926940063247457e-05, -0.00020731263794004917, 7.748555799480528e-05, -0.00018793402705341578, -0.0004587236908264458, 0.0009358248789794743, -3.096732325502671e-05, -0.0008357353508472443, 0.0002027063601417467, -0.0010050067212432623, -0.0027752479072660208, 0.008458676747977734, -0.002846471033990383], [0.00023626626352779567, -0.00038282095920294523, 0.00018494096002541482, -0.0003086312208324671, 0.0003539766476023942, -0.001428409363143146, 0.0008746978710405529, 0.00043512205593287945, -0.0005015546339564025, -0.00012189940025564283, -0.0010369779774919152, -0.002846471033990383, 0.007275531534105539]], "metadata.audio_properties.analysis.downmix": "mix", "metadata.audio_properties.codec": "mp3", "metadata.audio_properties.md5_encoded": "6bfcffce2c3561e31319c39ef7e56987", "metadata.tags.file_name": "1182268376874221598.mp3", "metadata.version.essentia": "2.1-beta6-dev", "metadata.version.essentia_git_sha": "v2.1_beta5-1110-g77a6a954", "metadata.version.extractor": "music 2.0", "tonal.chords_key": "G", "tonal.chords_scale": "major", "tonal.key_edma.key": "C", "ton