{"song_id": "1182267963278114816", "download": "https://cdn.discordapp.com/attachments/1135903449314238464/1182267963278114816/chirp.mp4?ex=658413d7&amp", "lyrics": "Bak yine kald\u0131m bir ba\u015f\u0131ma,\nAr\u0131yorum seni ama yoksun\nNeden asla bulam\u0131yorum,\nBu \u00e7ocuk senden yoksun.", "style": ["Pop Rock</span><span>, Love</span><span>, Indie"], "essentia_features": {"lowlevel.average_loudness": 0.8232069611549377, "lowlevel.barkbands_crest.mean": 14.021082878112793, "lowlevel.barkbands_crest.stdev": 4.491323471069336, "lowlevel.barkbands_flatness_db.mean": 0.3430464565753937, "lowlevel.barkbands_flatness_db.stdev": 0.1054036021232605, "lowlevel.barkbands_kurtosis.mean": 16.084932327270508, "lowlevel.barkbands_kurtosis.stdev": 14.431829452514648, "lowlevel.barkbands_skewness.mean": 2.2670838832855225, "lowlevel.barkbands_skewness.stdev": 1.4660972356796265, "lowlevel.barkbands_spread.mean": 5.306466102600098, "lowlevel.barkbands_spread.stdev": 10.493979454040527, "lowlevel.dissonance.mean": 0.34674718976020813, "lowlevel.dissonance.stdev": 0.0822053775191307, "lowlevel.dynamic_complexity": 3.241049289703369, "lowlevel.erbbands_crest.mean": 15.78866195678711, "lowlevel.erbbands_crest.stdev": 5.388128757476807, "lowlevel.erbbands_flatness_db.mean": 0.30751150846481323, "lowlevel.erbbands_flatness_db.stdev": 0.09156395494937897, "lowlevel.erbbands_kurtosis.mean": 8.315485954284668, "lowlevel.erbbands_kurtosis.stdev": 7.629637241363525, "lowlevel.erbbands_skewness.mean": 2.0050549507141113, "lowlevel.erbbands_skewness.stdev": 1.0520836114883423, "lowlevel.erbbands_spread.mean": 16.70365333557129, "lowlevel.erbbands_spread.stdev": 22.632612228393555, "lowlevel.hfc.mean": 7.868370532989502, "lowlevel.hfc.stdev": 8.501372337341309, "lowlevel.loudness_ebu128.integrated": -19.31277847290039, "lowlevel.loudness_ebu128.loudness_range": 5.306209564208984, "lowlevel.loudness_ebu128.momentary.mean": -20.342077255249023, "lowlevel.loudness_ebu128.momentary.stdev": 3.024186372756958, "lowlevel.loudness_ebu128.short_term.mean": -19.674762725830078, "lowlevel.loudness_ebu128.short_term.stdev": 1.804247498512268, "lowlevel.melbands_crest.mean": 17.055461883544922, "lowlevel.melbands_crest.stdev": 4.564070224761963, "lowlevel.melbands_flatness_db.mean": 0.42491114139556885, "lowlevel.melbands_flatness_db.stdev": 0.12990149855613708, "lowlevel.melbands_kurtosis.mean": 18.44364356994629, "lowlevel.melbands_kurtosis.stdev": 18.17450523376465, "lowlevel.melbands_skewness.mean": 2.33333420753479, "lowlevel.melbands_skewness.stdev": 1.500850796699524, "lowlevel.melbands_spread.mean": 6.010164260864258, "lowlevel.melbands_spread.stdev": 14.107486724853516, "lowlevel.pitch_salience.mean": 0.544416069984436, "lowlevel.pitch_salience.stdev": 0.11180636286735535, "lowlevel.silence_rate_20dB.mean": 1.0, "lowlevel.silence_rate_20dB.stdev": 0.0, "lowlevel.silence_rate_30dB.mean": 0.9990842342376709, "lowlevel.silence_rate_30dB.stdev": 0.03024745173752308, "lowlevel.silence_rate_60dB.mean": 0.03205128386616707, "lowlevel.silence_rate_60dB.stdev": 0.17613740265369415, "lowlevel.spectral_centroid.mean": 422.8228759765625, "lowlevel.spectral_centroid.stdev": 407.06591796875, "lowlevel.spectral_complexity.mean": 6.6978020668029785, "lowlevel.spectral_complexity.stdev": 3.748300075531006, "lowlevel.spectral_decrease.mean": -5.3460920135250944e-09, "lowlevel.spectral_decrease.stdev": 4.695158928313958e-09, "lowlevel.spectral_energy.mean": 0.020891044288873672, "lowlevel.spectral_energy.stdev": 0.018303032964468002, "lowlevel.spectral_energyband_high.mean": 0.00016615557251498103, "lowlevel.spectral_energyband_high.stdev": 0.0006859243148937821, "lowlevel.spectral_energyband_low.mean": 0.003334187436848879, "lowlevel.spectral_energyband_low.stdev": 0.0034938000608235598, "lowlevel.spectral_energyband_middle_high.mean": 0.0007299398421309888, "lowlevel.spectral_energyband_middle_high.stdev": 0.0013183972332626581, "lowlevel.spectral_energyband_middle_low.mean": 0.018280815333127975, "lowlevel.spectral_energyband_middle_low.stdev": 0.0171554796397686, "lowlevel.spectral_entropy.mean": 5.702897548675537, "lowlevel.spectral_entropy.stdev": 1.0472524166107178, "lowlevel.spectral_flux.mean": 0.03601078316569328, "lowlevel.spectral_flux.stdev": 0.03215011581778526, "lowlevel.spectral_kurtosis.mean": 57.60143280029297, "lowlevel.spectral_kurtosis.stdev": 62.52935791015625, "lowlevel.spectral_rms.mean": 0.0041456944309175014, "lowlevel.spectral_rms.stdev": 0.0017873795004561543, "lowlevel.spectral_rolloff.mean": 649.32861328125, "lowlevel.spectral_rolloff.stdev": 1554.155517578125, "lowlevel.spectral_skewness.mean": 5.247473239898682, "lowlevel.spectral_skewness.stdev": 3.3078806400299072, "lowlevel.spectral_spread.mean": 2773122.75, "lowlevel.spectral_spread.stdev": 2631928.25, "lowlevel.spectral_strongpeak.mean": 0.9084487557411194, "lowlevel.spectral_strongpeak.stdev": 0.5696554183959961, "lowlevel.zerocrossingrate.mean": 0.026659619063138962, "lowlevel.zerocrossingrate.stdev": 0.049337610602378845, "metadata.audio_properties.analysis.equal_loudness": 0.0, "metadata.audio_properties.analysis.length": 25.32265281677246, "metadata.audio_properties.analysis.sample_rate": 44100.0, "metadata.audio_properties.analysis.start_time": 0.0, "metadata.audio_properties.bit_rate": 109684.0, "metadata.audio_properties.length": 25.32266616821289, "metadata.audio_properties.lossless": 0.0, "metadata.audio_properties.number_channels": 1.0, "metadata.audio_properties.replay_gain": -9.328313827514648, "metadata.audio_properties.sample_rate": 48000.0, "rhythm.beats_count": 62.0, "rhythm.beats_loudness.mean": 0.025632277131080627, "rhythm.beats_loudness.stdev": 0.019047364592552185, "rhythm.bpm": 148.80072021484375, "rhythm.bpm_histogram_first_peak_bpm": 148.0, "rhythm.bpm_histogram_first_peak_weight": 0.5128204822540283, "rhythm.bpm_histogram_second_peak_bpm": 157.0, "rhythm.bpm_histogram_second_peak_spread": 0.1538461446762085, "rhythm.bpm_histogram_second_peak_weight": 0.1803278625011444, "rhythm.danceability": 0.9630470871925354, "rhythm.onset_rate": 2.327913999557495, "tonal.chords_changes_rate": 0.04936014488339424, "tonal.chords_number_rate": 0.018281536176800728, "tonal.chords_strength.mean": 0.48210248351097107, "tonal.chords_strength.stdev": 0.08090840280056, "tonal.hpcp_crest.mean": 19.004106521606445, "tonal.hpcp_crest.stdev": 7.913398265838623, "tonal.hpcp_entropy.mean": 1.2992156744003296, "tonal.hpcp_entropy.stdev": 0.6583714485168457, "tonal.key_edma.strength": 0.6128696799278259, "tonal.key_krumhansl.strength": 0.6194155812263489, "tonal.key_temperley.strength": 0.6415554285049438, "tonal.tuning_diatonic_strength": 0.5686425566673279, "tonal.tuning_equal_tempered_deviation": 0.03064536303281784, "tonal.tuning_frequency": 441.7826843261719, "tonal.tuning_nontempered_energy_ratio": 0.6136013269424438, "lowlevel.barkbands.mean": [1.852024752224679e-06, 5.3013449360150844e-05, 0.0016820578603073955, 0.002827858319506049, 0.007253635674715042, 0.004775102250277996, 0.002099574776366353, 0.0008185832411982119, 0.00046812708023935556, 0.00020746518566738814, 0.00010735933756222948, 0.0001485337852500379, 8.900108514353633e-05, 6.488584767794237e-05, 4.013227589894086e-05, 1.765478191373404e-05, 2.788446181511972e-05, 1.4171545444696676e-05, 2.2435973733081482e-05, 1.076052194548538e-05, 1.2111877367715351e-05, 5.247435183264315e-05, 4.113323302590288e-05, 3.3557022106833756e-05, 1.9171797248418443e-05, 2.545687493693549e-06, 1.657624482120923e-09], "lowlevel.barkbands.stdev": [5.322720880940324e-06, 9.602670616004616e-05, 0.0021051729563623667, 0.004012534394860268, 0.008500605821609497, 0.007589215878397226, 0.004273334518074989, 0.0021384882275015116, 0.0013432326959446073, 0.0004258854896761477, 0.0002852925972547382, 0.0005190902156755328, 0.0002535282983444631, 0.0001842066558310762, 0.00014368184201885015, 5.199081715545617e-05, 7.215978257590905e-05, 4.2084502638317645e-05, 0.00012691384472418576, 3.634280074038543e-05, 5.34784012415912e-05, 0.00023304688511416316, 0.00020188369671814144, 0.00016020503244362772, 9.490438969805837e-05, 1.0431186638015788e-05, 9.751350837916561e-09], "lowlevel.erbbands.mean": [0.0007368758670054376, 0.04078463092446327, 1.2843749523162842, 6.897645473480225, 10.084375381469727, 30.326955795288086, 43.97011184692383, 38.97941970825195, 36.5279655456543, 17.286142349243164, 15.813115119934082, 10.230173110961914, 6.7167863845825195, 5.396300792694092, 3.862147331237793, 5.797182083129883, 4.487030982971191, 3.9417505264282227, 2.4051759243011475, 1.2896069288253784, 1.1375902891159058, 1.7456203699111938, 0.9183884859085083, 0.9641739130020142, 0.9841501116752625, 0.5251577496528625, 0.47960588335990906, 0.6000105142593384, 1.7571247816085815, 1.7837307453155518, 1.0575945377349854, 0.7947519421577454, 0.5268059968948364, 0.29005005955696106, 0.0855388194322586, 0.024053124710917473, 0.0020490982569754124, 7.678401016164571e-05, 1.3835173376719467e-05, 2.3997710741241463e-05], "lowlevel.erbbands.stdev": [0.0007788789225742221, 0.0549146868288517, 1.4710242748260498, 7.772211074829102, 14.475346565246582, 39.25888442993164, 66.68284606933594, 58.34168243408203, 71.3586654663086, 51.7669677734375, 36.97779083251953, 29.437454223632812, 14.339409828186035, 11.254537582397461, 9.844101905822754, 20.193199157714844, 12.188095092773438, 11.230252265930176, 6.907161235809326, 4.22473669052124, 3.165325880050659, 4.619936466217041, 2.364729642868042, 5.212873458862305, 5.322286605834961, 1.790065050125122, 1.951899766921997, 2.672765016555786, 7.519479274749756, 8.46424674987793, 5.2433762550354, 3.82719349861145, 2.588787078857422, 1.392297625541687, 0.4370685815811157, 0.10957339406013489, 0.00696345092728734, 0.00025811721570789814, 1.7923091945704073e-05, 2.064667751255911e-05], "lowlevel.gfcc.mean": [-164.0971221923828, 170.5556640625, -77.68086242675781, -1.0760526657104492, -69.45548248291016, -10.82353687286377, -57.792911529541016, -20.428861618041992, -27.427976608276367, -20.91084861755371, -13.033751487731934, -10.475305557250977, -4.1619133949279785], "lowlevel.melbands.mean": [7.861946869525127e-06, 0.0005294439615681767, 0.001223509549163282, 0.0013838217128068209, 0.0015676554758101702, 0.0008908006129786372, 0.00047977585927583277, 0.00018165007350035012, 0.00012314139166846871, 5.913594213780016e-05, 3.355168882990256e-05, 2.3906306523713283e-05, 1.3074733033135999e-05, 1.382760274282191e-05, 1.5120366697374266e-05, 8.6519894466619e-06, 6.996507636358729e-06, 3.6935332445864333e-06, 2.940454805866466e-06, 1.0728854249464348e-06, 1.2563471045723418e-06, 1.9146948488923954e-06, 1.0793497722261236e-06, 6.329525490400556e-07, 7.868737270655402e-07, 8.903900265977427e-07, 4.75561165558247e-07, 3.140278295177268e-07, 2.801940865992947e-07, 3.043081449050078e-07, 3.551992051598063e-07, 8.651674079374061e-07, 1.280193600905477e-06, 8.926799637265503e-07, 5.997825383019517e-07, 5.572448458224244e-07, 4.561012190151814e-07, 3.8060969131947786e-07, 3.1161667379819846e-07, 2.219485111254471e-07], "lowlevel.melbands.stdev": [1.3452773600874934e-05, 0.0005775084136985242, 0.0014522519195452332, 0.0016485187225043774, 0.0020808724220842123, 0.001286013051867485, 0.0009339341195300221, 0.0005468225572258234, 0.0003066765202675015, 0.0001674142840784043, 7.24571873433888e-05, 4.87782817799598e-05, 3.408236079849303e-05, 4.553524559014477e-05, 5.262159902486019e-05, 2.6084819182869978e-05, 2.1077019482618198e-05, 1.032229556585662e-05, 1.1673738299577963e-05, 3.254357125115348e-06, 3.748063363673282e-06, 5.453725862025749e-06, 2.305778252775781e-06, 2.2097372038842877e-06, 4.610292762663448e-06, 5.260023044684203e-06, 1.9058688849327154e-06, 1.0941713526335661e-06, 1.0924638900178252e-06, 1.4278874687079224e-06, 1.7026007981257862e-06, 3.6271144381316844e-06, 5.964428964944091e-06, 4.378770427138079e-06, 3.1102326829568483e-06, 2.7465980565466452e-06, 2.2882993562234333e-06, 1.9274159512860933e-06, 1.5286650523194112e-06, 1.0830824521690374e-06], "lowlevel.melbands128.mean": [9.11583242668712e-07, 1.0869739526242483e-06, 1.926161075971322e-06, 3.6457386158872396e-05, 0.00034191159647889435, 0.0009948249207809567, 0.0014971819473430514, 0.0013074028538540006, 0.0007676259847357869, 0.0012851336505264044, 0.0019183270633220673, 0.0016577162314206362, 0.0016128962161019444, 0.0012300611706450582, 0.0010117215570062399, 0.00046794614172540605, 0.0008176686242222786, 0.0004574735648930073, 0.000122404468129389, 0.00017373947775922716, 0.00023291764955502003, 0.00016183947445824742, 9.300296369474381e-05, 0.00011218618601560593, 6.399970152415335e-05, 4.52460881206207e-05, 2.241439142380841e-05, 2.6663774406188168e-05, 5.67176248296164e-05, 1.9067672837991267e-05, 1.7448110156692564e-05, 2.0547904568957165e-05, 8.77658931131009e-06, 1.1184096365468577e-05, 1.4844013094261754e-05, 1.163728938990971e-05, 1.6780510122771375e-05, 2.1855379600310698e-05, 8.050667929637711e-06, 8.103235813905485e-06, 9.31461363506969e-06, 8.303623872052412e-06, 8.50780270411633e-06, 5.383409188652877e-06, 3.906806796294404e-06, 3.264316319473437e-06, 3.4113477340724785e-06, 4.717363935924368e-06, 1.6139949821081245e-06, 7.901338108240452e-07, 9.757517318575992e-07, 1.3438677797239507e-06, 1.5919158613542095e-06, 9.911557299346896e-07, 1.0202818430116167e-06, 2.65323114945204e-06, 2.0715797290904447e-06, 1.0190028660872485e-06, 8.27461576591304e-07, 8.974133152150898e-07, 5.377098659664625e-07, 4.7643206357861345e-07, 7.989421533238783e-07, 7.575757194899779e-07, 9.694070968180313e-07, 1.0641053904691944e-06, 7.719099812675267e-07, 4.838039444621245e-07, 4.672258171467547e-07, 3.627727664934355e-07, 3.067687259772356e-07, 2.891613632982626e-07, 2.700255947729602e-07, 2.7582331085795886e-07, 2.845882249857823e-07, 3.589692596506211e-07, 2.8392176432134875e-07, 2.304387436424804e-07, 2.924065540810261e-07, 5.626676511383266e-07, 6.658455049546319e-07, 9.341842428511882e-07, 1.4903358760420815e-06, 1.3725745020565228e-06, 1.0747719443315873e-06, 9.93273829408281e-07, 8.181514203897677e-07, 7.139728950278368e-07, 5.748400440097612e-07, 5.092207970847085e-07, 6.145742190710735e-07, 5.573751309384534e-07, 4.819620471607777e-07, 4.852194024351775e-07, 4.142613647672988e-07, 3.9782901239959756e-07, 3.757991464681254e-07, 3.6234663980394544e-07, 2.869296338303684e-07, 3.15881180767974e-07, 2.657706659192627e-07, 2.313173581569572e-07, 1.3741886562002037e-07, 9.213292173626542e-08, 8.1525946882266e-08, 9.000664391578539e-08, 7.044445027304391e-08, 5.061684404950029e-08, 4.442767220780297e-08, 2.3704739504637473e-08, 1.2125461523737613e-08, 6.7725154373476926e-09, 2.697411183305576e-09, 1.0867804434155914e-09, 6.589128132006294e-10, 1.8163634485368618e-10, 4.2320882909230306e-11, 5.019495236124882e-12, 3.0709046416887986e-12, 2.9904592257351537e-12, 2.9139019756124762e-12, 2.8525378673732726e-12, 2.8056682411375933e-12, 2.752166116531951e-12, 2.6636767878202017e-12, 2.5365553841388833e-12, 2.4639658802866338e-12, 2.4433176835925163e-12], "lowlevel.melbands128.stdev": [2.326773028471507e-06, 2.1096641376061598e-06, 4.503887339524226e-06, 6.784118158975616e-05, 0.0005483917193487287, 0.001305333455093205, 0.0017908057197928429, 0.0023928494192659855, 0.0016650614561513066, 0.00199621613137424, 0.0028953019063919783, 0.0028831306844949722, 0.0028303854633122683, 0.002610939322039485, 0.0018520401790738106, 0.0009014916140586138, 0.0018036512192338705, 0.0009607108077034354, 0.0006356664816848934, 0.0008160417200997472, 0.0007254622760228813, 0.0004743348981719464, 0.00034717158996500075, 0.0004472335858736187, 0.000290156138362363, 0.00012499999138526618, 0.00010136835044249892, 7.382177864201367e-05, 0.00012668059207499027, 4.7165573050733656e-05, 5.112946018925868e-05, 6.431174551835284e-05, 3.1558796763420105e-05, 3.208437919965945e-05, 5.843871986144222e-05, 5.511259951163083e-05, 8.316828461829573e-05, 8.676343713887036e-05, 2.832780774042476e-05, 2.957360447908286e-05, 3.593324436224066e-05, 3.384067167644389e-05, 3.2460935472045094e-05, 2.0878229406662285e-05, 1.1943239769607317e-05, 1.3602581930172164e-05, 1.5714189430582337e-05, 2.6562012862996198e-05, 6.286900315899402e-06, 4.269179953553248e-06, 3.419230097279069e-06, 5.2359905566845555e-06, 5.830704594700364e-06, 4.083266048837686e-06, 3.3745309337973595e-06, 9.11685037863208e-06, 6.481078798969975e-06, 2.8046572424500482e-06, 2.268922571602161e-06, 2.955895297418465e-06, 2.4102562292682705e-06, 1.923012860061135e-06, 5.318390776665183e-06, 4.967488166585099e-06, 5.819655143568525e-06, 7.279979854502017e-06, 5.075692115497077e-06, 2.4289954581036e-06, 1.7988260196943884e-06, 1.2771914725817624e-06, 1.2689048389802338e-06, 1.0723508694354678e-06, 1.075521481652686e-06, 1.1453801107563777e-06, 1.273136831514421e-06, 1.937797151185805e-06, 1.3435867458611028e-06, 1.1131169230793603e-06, 1.4937259038561024e-06, 3.144422862533247e-06, 3.1193440008792095e-06, 3.660776201286353e-06, 7.144293249439215e-06, 6.4914056565612555e-06, 5.600489657808794e-06, 5.67050074096187e-06, 3.960359208576847e-06, 3.7950719615764683e-06, 3.3318685837002704e-06, 2.7559531190490816e-06, 3.4473412142688176e-06, 2.7962771582679125e-06, 2.365973614359973e-06, 2.565642716945149e-06, 2.232852693850873e-06, 2.115806864821934e-06, 2.0040874915139284e-06, 2.1113296497787815e-06, 1.395779008817044e-06, 1.6112198863993399e-06, 1.3014091564400587e-06, 1.2027884395138244e-06, 7.162796009652084e-07, 5.07712002217886e-07, 4.5900304712631623e-07, 5.095225787954405e-07, 4.020464814402658e-07, 2.2635180130237131e-07, 2.2813200928339938e-07, 1.1836333868586735e-07, 5.0893632419501955e-08, 2.1653692172662886e-08, 1.031232432779916e-08, 6.209202485507603e-09, 4.49309700556455e-09, 1.5344403525574535e-09, 3.735851072939056e-10, 5.2789880106152154e-11, 5.044072798332522e-12, 4.914665462790735e-12, 4.797971048242644e-12, 4.693237118380544e-12, 4.601949030180741e-12, 4.522186011074458e-12, 4.4577497075593e-12, 4.40370092821829e-12, 4.3650270030448635e-12, 4.341354532810815e-12], "lowlevel.mfcc.mean": [-822.0816650390625, 204.45632934570312, 36.79878234863281, 7.150526523590088, 3.3610830307006836, -6.239349365234375, -19.192163467407227, -10.88126277923584, -19.235607147216797, -20.27161407470703, -14.350966453552246, -19.64015007019043, -9.453253746032715], "lowlevel.spectral_contrast_coeffs.mean": [-0.5157729387283325, -0.6368493437767029, -0.7543365955352783, -0.8025887608528137, -0.8126930594444275, -0.817045271396637], "lowlevel.spectral_contrast_coeffs.stdev": [0.08699815720319748, 0.09761063754558563, 0.06254371255636215, 0.050181832164525986, 0.05106189846992493, 0.06447810679674149], "lowlevel.spectral_contrast_valleys.mean": [-7.862000465393066, -7.900074005126953, -8.837409973144531, -9.567331314086914, -10.266358375549316, -12.503190040588379], "lowlevel.spectral_contrast_valleys.stdev": [1.153838038444519, 1.288941740989685, 1.3015638589859009, 1.3230483531951904, 1.5819090604782104, 1.796876311302185], "rhythm.beats_loudness_band_ratio.mean": [0.26180166006088257, 0.5866889953613281, 0.1524132937192917, 0.03196481615304947, 0.005930002313107252, 0.01220241654664278], "rhythm.beats_loudness_band_ratio.stdev": [0.18094494938850403, 0.18906353414058685, 0.16856011748313904, 0.0493365153670311, 0.008679606951773167, 0.051549311727285385], "tonal.hpcp.mean": [0.013021226041018963, 0.010006189346313477, 0.17201395332813263, 0.3236275315284729, 0.17173966765403748, 0.022359756752848625, 0.014569712802767754, 0.011580284684896469, 0.060941603034734726, 0.0863807275891304, 0.06171061471104622, 0.1425846666097641, 0.21720992028713226, 0.12086331844329834, 0.055204764008522034, 0.07786145061254501, 0.04551068693399429, 0.18197964131832123, 0.26819849014282227, 0.10236503183841705, 0.017416128888726234, 0.01728169247508049, 0.01806630752980709, 0.14667488634586334, 0.2186397761106491, 0.09299270063638687, 0.03365885466337204, 0.028252137824892998, 0.009530721232295036, 0.007279987912625074, 0.009553752839565277, 0.014993022195994854, 0.15285855531692505, 0.2482714056968689, 0.11293784528970718, 0.01742791384458542], "tonal.hpcp.stdev": [0.07670818269252777, 0.05799543112516403, 0.2487858682870865, 0.43686193227767944, 0.24980008602142334, 0.09601517021656036, 0.0866403877735138, 0.06312916427850723, 0.17807184159755707, 0.2355433851480484, 0.17125724256038666, 0.2620333135128021, 0.35156553983688354, 0.21731585264205933, 0.16843277215957642, 0.23505690693855286, 0.1347176730632782, 0.27218684554100037, 0.37901514768600464, 0.17187702655792236, 0.09638097137212753, 0.10633688420057297, 0.08885803818702698, 0.24794739484786987, 0.3425237238407135, 0.17830432951450348, 0.14821898937225342, 0.14208972454071045, 0.05385585501790047, 0.03519441559910774, 0.0481712780892849, 0.06581835448741913, 0.21524520218372345, 0.34744131565093994, 0.17196594178676605, 0.09912769496440887], "rhythm.beats_position": [0.41795918345451355, 0.8359183669090271, 1.2422676086425781, 1.6486167907714844, 2.0549659729003906, 2.461315155029297, 2.8560543060302734, 3.2624034881591797, 3.668752670288086, 4.075101852416992, 4.481451034545898, 4.887800216674805, 5.27092981338501, 5.654058933258057, 6.048798084259033, 6.44353723526001, 6.849886417388916, 7.244625568389893, 7.639364719390869, 8.034104347229004, 8.42884349822998, 8.823582649230957, 9.241541862487793, 9.659501075744629, 10.089070320129395, 10.54185962677002, 10.983037948608398, 11.424217224121094, 11.85378646850586, 12.283355712890625, 12.689704895019531, 13.107664108276367, 13.525623321533203, 13.93197250366211, 14.338321685791016, 14.733060836791992, 15.116189956665039, 15.510929107666016, 15.894058227539062, 16.30040740966797, 16.695146560668945, 17.10149574279785, 17.4846248626709, 17.879364013671875, 18.27410316467285, 18.680452346801758, 19.086801528930664, 19.469932556152344, 19.85306167602539, 20.247800827026367, 20.630929946899414, 21.01405906677246, 21.408798217773438, 21.791927337646484, 22.17505645751953, 22.581405639648438, 22.987754821777344, 23.34766387939453, 23.70757293701172, 24.067481994628906, 24.439001083374023, 24.81052017211914], "rhythm.bpm_histogram": [0.0, 0.0, 0.0, 0.0, 0.0, 0.0, 0.0, 0.0, 0.0, 0.0, 0.0, 0.0, 0.0, 0.0, 0.0, 0.0, 0.0, 0.0, 0.0, 0.0, 0.0, 0.0, 0.0, 0.0, 0.0, 0.0, 0.0, 0.0, 0.0, 0.0, 0.0, 0.0, 0.0, 0.0, 0.0, 0.0, 0.0, 0.0, 0.0, 0.0, 0.0, 0.0, 0.0, 0.0, 0.0, 0.0, 0.0, 0.0, 0.0, 0.0, 0.0, 0.0, 0.0, 0.0, 0.0, 0.0, 0.0, 0.0, 0.0, 0.0, 0.0, 0.0, 0.0, 0.0, 0.0, 0.0, 0.0, 0.0, 0.0, 0.0, 0.0, 0.0, 0.0, 0.0, 0.0, 0.0, 0.0, 0.0, 0.0, 0.0, 0.0, 0.0, 0.0, 0.0, 0.0, 0.0, 0.0, 0.0, 0.0, 0.0, 0.0, 0.0, 0.0, 0.0, 0.0, 0.0, 0.0, 0.0, 0.0, 0.0, 0.0, 0.0, 0.0, 0.0, 0.0, 0.0, 0.0, 0.0, 0.0, 0.0, 0.0, 0.0, 0.0, 0.0, 0.0, 0.0, 0.0, 0.0, 0.0, 0.0, 0.0, 0.0, 0.0, 0.0, 0.0, 0.0, 0.0, 0.0, 0.0, 0.0, 0.0, 0.0, 0.0, 0.016393441706895828, 0.0, 0.0, 0.032786883413791656, 0.0, 0.0, 0.0, 0.04918032884597778, 0.0, 0.0, 0.0, 0.08196721225976944, 0.0, 0.0, 0.0, 0.31147539615631104, 0.0, 0.0, 0.0, 0.24590164422988892, 0.0, 0.0, 0.0, 0.0, 0.1803278625011444, 0.0, 0.0, 0.0, 0.032786883413791656, 0.0, 0.0, 0.0, 0.0, 0.0, 0.04918032884597778, 0.0, 0.0, 0.0, 0.0, 0.0, 0.0, 0.0, 0.0, 0.0, 0.0, 0.0, 0.0, 0.0, 0.0, 0.0, 0.0, 0.0, 0.0, 0.0, 0.0, 0.0, 0.0, 0.0, 0.0, 0.0, 0.0, 0.0, 0.0, 0.0, 0.0, 0.0, 0.0, 0.0, 0.0, 0.0, 0.0, 0.0, 0.0, 0.0, 0.0, 0.0, 0.0, 0.0, 0.0, 0.0, 0.0, 0.0, 0.0, 0.0, 0.0, 0.0, 0.0, 0.0, 0.0, 0.0, 0.0, 0.0, 0.0, 0.0, 0.0, 0.0, 0.0, 0.0, 0.0, 0.0, 0.0, 0.0, 0.0, 0.0, 0.0, 0.0, 0.0, 0.0, 0.0, 0.0, 0.0, 0.0, 0.0, 0.0, 0.0, 0.0, 0.0], "tonal.chords_histogram": [26.873857498168945, 0.0, 1.2797075510025024, 0.0, 4.5703840255737305, 0.0, 0.0, 0.0, 0.0, 0.0, 0.0, 0.0, 0.7312614321708679, 0.0, 0.0, 8.592321395874023, 0.0, 2.559415102005005, 0.0, 2.193784236907959, 2.9250457286834717, 26.873857498168945, 17.915904998779297, 5.484460830688477], "tonal.thpcp": [1.0, 0.5306707620620728, 0.06909102201461792, 0.045020002871751785, 0.03578275442123413, 0.18830785155296326, 0.266914039850235, 0.19068406522274017, 0.44058263301849365, 0.671172559261322, 0.3734642565250397, 0.1705811768770218, 0.2405896931886673, 0.14062674343585968, 0.5623120069503784, 0.8287258148193359, 0.3163050711154938, 0.05381534993648529, 0.0533999465405941, 0.05582438409328461, 0.45322129130363464, 0.6755907535552979, 0.2873448431491852, 0.10400491952896118, 0.08729831129312515, 0.029449662193655968, 0.022494958713650703, 0.029520828276872635, 0.046328019350767136, 0.47232866287231445, 0.7671517133712769, 0.3489747643470764, 0.053851764649152756, 0.04023522511124611, 0.030918844044208527, 0.531518280506134], "lowlevel.gfcc.cov": [[15853.1201171875, -3757.15234375, -1985.45458984375, 1673.474853515625, -2379.830322265625, 1168.2962646484375, -908.4990234375, 355.0301818847656, -348.4150085449219, 494.2095642089844, -407.4907531738281, 359.11907958984375, -799.8864135742188], [-3757.15234375, 3480.495361328125, 710.4667358398438, -1201.7421875, 1278.6905517578125, -701.7105102539062, 424.6351013183594, -332.8120422363281, 231.72518920898438, -437.0361633300781, 129.71493530273438, -275.8223571777344, 358.4656066894531], [-1985.45458984375, 710.4667358398438, 915.8921508789062, -162.10777282714844, 292.13409423828125, -19.618755340576172, 142.05357360839844, -102.92098236083984, -21.303192138671875, -118.75564575195312, 17.068117141723633, -93.36988067626953, 84.30821990966797], [1673.474853515625, -1201.7421875, -162.10777282714844, 740.6423950195312, -330.31646728515625, 291.7325134277344, -134.7698211669922, 109.62388610839844, -127.5975570678711, 111.55443572998047, -55.77922058105469, 56.76734924316406, -124.4356689453125], [-2379.830322265625, 1278.6905517578125, 292.13409423828125, -330.31646728515625, 833.325927734375, -278.3275146484375, 179.65818786621094, -111.2372055053711, 61.16470718383789, -173.69044494628906, 39.65932846069336, -128.38702392578125, 182.28890991210938], [1168.2962646484375, -701.7105102539062, -19.618755340576172, 291.7325134277344, -278.3275146484375, 565.0348510742188, -6.556520462036133, 0.8405159711837769, -108.40142822265625, 126.25541687011719, -74.61915588378906, 51.57805633544922, -113.92192840576172], [-908.4990234375, 424.6351013183594, 142.05357360839844, -134.7698211669922, 179.65818786621094, -6.556520462036133, 242.350830078125, -40.94150924682617, -14.951916694641113, -41.2813606262207, 3.0572750568389893, -33.60114288330078, 26.57236099243164], [355.0301818847656, -332.8120422363281, -102.92098236083984, 109.62388610839844, -111.2372055053711, 0.8405159711837769, -40.94150924682617, 144.1781768798828, 1.8917036056518555, 16.614486694335938, -19.557788848876953, 22.408401489257812, -63.326255798339844], [-348.4150085449219, 231.72518920898438, -21.303192138671875, -127.5975570678711, 61.16470718383789, -108.40142822265625, -14.951916694641113, 1.8917036056518555, 119.83024597167969, -8.801074981689453, 8.944598197937012, -9.574756622314453, 39.3962287902832], [494.2095642089844, -437.0361633300781, -118.75564575195312, 111.55443572998047, -173.69044494628906, 126.25541687011719, -41.2813606262207, 16.614486694335938, -8.801074981689453, 162.46533203125, -10.56380844116211, 24.652971267700195, -50.70154571533203], [-407.4907531738281, 129.71493530273438, 17.068117141723633, -55.77922058105469, 39.65932846069336, -74.61915588378906, 3.0572750568389893, -19.557788848876953, 8.944598197937012, -10.56380844116211, 98.88777160644531, -6.234129428863525, 7.602562427520752], [359.11907958984375, -275.8223571777344, -93.36988067626953, 56.76734924316406, -128.38702392578125, 51.57805633544922, -33.60114288330078, 22.408401489257812, -9.574756622314453, 24.652971267700195, -6.234129428863525, 138.688232421875, -24.29758071899414], [-799.8864135742188, 358.4656066894531, 84.30821990966797, -124.4356689453125, 182.28890991210938, -113.92192840576172, 26.57236099243164, -63.326255798339844, 39.3962287902832, -50.70154571533203, 7.602562427520752, -24.29758071899414, 158.6585235595703]], "lowlevel.gfcc.icov": [[0.0004473030276130885, -0.001052242354489863, 0.0007918424671515822, -0.0010448896791785955, 0.0013401660835370421, -0.00028791610384359956, 0.0013054198352620006, -0.0001235358213307336, 0.0011460642563179135, -0.00043754512444138527, 0.0014474466443061829, -0.00023570320627186447, 0.0008479171083308756], [-0.001052242354489863, 0.005014062859117985, -0.0021518608555197716, 0.004343864973634481, -0.0047248294577002525, 0.0010836507426574826, -0.004264553543180227, 0.002745509846135974, -0.004578901920467615, 0.0037062806077301502, -0.003678463399410248, 0.0018506997730582952, -0.0012853736989200115], [0.0007918424671515822, -0.0021518608555197716, 0.0028819339349865913, -0.0019963595550507307, 0.002405348001047969, -0.0008716551819816232, 0.002074873074889183, -5.269165922072716e-05, 0.002508515026420355, -0.00028308515902608633, 0.00241952040232718, 2.73111327260267e-05, 0.0011736733140423894], [-0.0010448896791785955, 0.004343864973634481, -0.0019963595550507307, 0.006409043911844492, -0.004250324331223965, 0.00024374456552322954, -0.002800901886075735, 0.0005736067541874945, -0.0018601693445816636, 0.002445943420752883, -0.0033032039646059275, 0.0015900077996775508, -0.0015930271474644542], [0.0013401660835370421, -0.0047248294577002525, 0.002405348001047969, -0.004250324331223965, 0.007493049371987581, -0.0006657935446128249, 0.0035079363733530045, -0.0013690919149667025, 0.004248643293976784, -0.0017616915283724666, 0.0043724835850298405, -0.00032314739655703306, 0.0007218664395622909], [-0.00028791610384359956, 0.0010836507426574826, -0.0008716551819816232, 0.00024374456552322954, -0.0006657935446128249, 0.003798936028033495, -0.0016633865889161825, 0.002073837211355567, 0.00024388739257119596, -0.000916328455787152, 0.0010740087600424886, -0.00016333669191226363, 0.0009236341575160623], [0.0013054198352620006, -0.004264553543180227, 0.002074873074889183, -0.002800901886075735, 0.0035079363733530045, -0.0016633865889161825, 0.010213097557425499, -0.0016479193000122905, 0.00594168808311224, -0.0025755816604942083, 0.004643199034035206, -0.0011752396821975708, 0.002623268635943532], [-0.0001235358213307336, 0.002745509846135974, -5.269165922072716e-05, 0.0005736067541874945, -0.0013690919149667025, 0.002073837211355567, -0.0016479193000122905, 0.01326742209494114, -0.004176482558250427, 0.0036365948617458344, 0.0014819370117038488, 0.0008563810843043029, 0.004544888157397509], [0.0011460642563179135, -0.004578901920467615, 0.002508515026420355, -0.0018601693445816636, 0.004248643293976784, 0.00024388739257119596, 0.00594168808311224, -0.004176482558250427, 0.017144853249192238, -0.0050697545520961285, 0.004561175126582384, -0.0014392017619684339, -0.00035330315586179495], [-0.00043754512444138527, 0.0037062806077301502, -0.00028308515902608633, 0.002445943420752883, -0.0017616915283724666, -0.000916328455787152, -0.0025755816604942083, 0.0036365948617458344, -0.0050697545520961285, 0.012770802713930607, -0.002503289608284831, 0.0021708966232836246, 0.0005304110236465931], [0.0014474466443061829, -0.003678463399410248, 0.00241952040232718, -0.0033032039646059275, 0.0043724835850298405, 0.0010740087600424886, 0.004643199034035206, 0.0014819370117038488, 0.004561175126582384, -0.002503289608284831, 0.016732027754187584, -0.001272406312637031, 0.004364089109003544], [-0.00023570320627186447, 0.0018506997730582952, 2.73111327260267e-05, 0.0015900077996775508, -0.00032314739655703306, -0.00016333669191226363, -0.0011752396821975708, 0.0008563810843043029, -0.0014392017619684339, 0.0021708966232836246, -0.001272406312637031, 0.009529588744044304, -0.0007730538491159678], [0.0008479171083308756, -0.0012853736989200115, 0.0011736733140423894, -0.0015930271474644542, 0.0007218664395622909, 0.0009236341575160623, 0.002623268635943532, 0.004544888157397509, -0.00035330315586179495, 0.0005304110236465931, 0.004364089109003544, -0.0007730538491159678, 0.012746923603117466]], "lowlevel.mfcc.cov": [[14697.322265625, -5468.3564453125, -318.80023193359375, -291.8863830566406, -1022.4225463867188, 137.3749542236328, -565.183349609375, 122.91258239746094, -359.84954833984375, -198.02247619628906, 785.3291625976562, 66.04989624023438, 390.4786071777344], [-5468.3564453125, 4489.33935546875, -205.82107543945312, -58.48272705078125, 479.55059814453125, -115.50733184814453, 185.36715698242188, -34.9602165222168, 228.7976531982422, -59.82602310180664, -285.2405700683594, -63.60858154296875, -177.60629272460938], [-318.80023193359375, -205.82107543945312, 714.5789184570312, -17.691551208496094, -30.234771728515625, 126.71273803710938, 68.80812072753906, 38.58952713012695, -62.17243957519531, 46.97967529296875, -24.82420539855957, -0.4715414047241211, -52.72343826293945], [-291.8863830566406, -58.48272705078125, -17.691551208496094, 372.0225830078125, 136.840087890625, -65.81584167480469, 40.37586212158203, 9.521306037902832, -1.8440672159194946, 51.00171661376953, -70.55628967285156, -11.689258575439453, -28.58999252319336], [-1022.4225463867188, 479.55059814453125, -30.234771728515625, 136.840087890625, 360.1154479980469, 11.860228538513184, 47.80391311645508, 5.04164981842041, 24.83637237548828, 81.74983215332031, -160.30580139160156, -16.26365852355957, -21.076786041259766], [137.3749542236328, -115.50733184814453, 126.71273803710938, -65.81584167480469, 11.860228538513184, 335.3832092285156, 134.08969116210938, -4.778190612792969, 48.998809814453125, -31.761730194091797, 52.84630584716797, 15.269221305847168, 37.15732192993164], [-565.183349609375, 185.36715698242188, 68.80812072753906, 40.37586212158203, 47.80391311645508, 134.08969116210938, 234.46145629882812, 29.4639949798584, 23.35474395751953, 9.600564956665039, 16.749923706054688, 19.34351348876953, -43.65073776245117], [122.91258239746094, -34.9602165222168, 38.58952713012695, 9.521306037902832, 5.04164981842041, -4.778190612792969, 29.4639949798584, 147.0399932861328, -7.00489616394043, -43.21333312988281, 34.18305587768555, 20.766590118408203, -8.704398155212402], [-359.84954833984375, 228.7976531982422, -62.17243957519531, -1.8440672159194946, 24.83637237548828, 48.998809814453125, 23.35474395751953, -7.00489616394043, 165.13156127929688, -10.158452033996582, -22.5508975982666, -14.474164962768555, 20.491334915161133], [-198.02247619628906, -59.82602310180664, 46.97967529296875, 51.00171661376953, 81.74983215332031, -31.761730194091797, 9.600564956665039, -43.21333312988281, -10.158452033996582, 180.3497772216797, -51.287052154541016, -10.05066967010498, -46.01067352294922], [785.3291625976562, -285.2405700683594, -24.82420539855957, -70.55628967285156, -160.30580139160156, 52.84630584716797, 16.749923706054688, 34.18305587768555, -22.5508975982666, -51.287052154541016, 262.625244140625, 38.27204513549805, 7.386166572570801], [66.04989624023438, -63.60858154296875, -0.4715414047241211, -11.689258575439453, -16.26365852355957, 15.269221305847168, 19.34351348876953, 20.766590118408203, -14.474164962768555, -10.05066967010498, 38.27204513549805, 101.49504089355469, 30.74886131286621], [390.4786071777344, -177.60629272460938, -52.72343826293945, -28.58999252319336, -21.076786041259766, 37.15732192993164, -43.65073776245117, -8.704398155212402, 20.491334915161133, -46.01067352294922, 7.386166572570801, 30.74886131286621, 126.60015106201172]], "lowlevel.mfcc.icov": [[0.00017561338609084487, 0.00015201768837869167, 0.00015340375830419362, -7.434276199091983e-07, 0.00018940410518553108, -0.000211687438422814, 0.0003185326640959829, -0.00022745475871488452, 0.00021522546012420207, -6.706849671900272e-05, -0.00019402449834160507, 0.0001777171273715794, -0.00016787328058853745], [0.00015201768837869167, 0.0005354871391318738, 0.00011193251702934504, 0.00040981738129630685, -0.0005570866051129997, 0.00031915324507281184, -0.0001496141339885071, 0.00022490075207315385, -0.0003768838942050934, 0.0006481230957433581, -0.00010006807133322582, 2.7933720048167743e-05, 0.0004945837426930666], [0.00015340375830419362, 0.00011193251702934504, 0.002050858223810792, -9.904324542731047e-05, 0.000999318901449442, -0.001503392355516553, 0.0004838827589992434, -0.0011691820109263062, 0.0011052279733121395, -0.0008772657602094114, 0.0007559526711702347, 9.186358511215076e-05, 0.000645540130790323], [-7.434276199091983e-07, 0.00040981738129630685, -9.904324542731047e-05, 0.003876311471685767, -0.0019262386485934258, 0.0017004673136398196, -0.0015246038092300296, 0.0003971342521253973, -0.0005319435149431229, 0.0004756852285936475, 1.312792574026389e-05, 0.00022446906950790435, 0.0002969107881654054], [0.00018940410518553108, -0.0005570866051129997, 0.000999318901449442, -0.0019262386485934258, 0.006670062430202961, -0.0024942480958998203, 0.0009117919253185391, -0.0025253761559724808, 0.001363203627988696, -0.003196616657078266, 0.0027342091780155897, 0.000248250609729439, -0.0010035017039626837], [-0.000211687438422814, 0.00031915324507281184, -0.001503392355516553, 0.0017004673136398196, -0.0024942480958998203, 0.006950391922146082, -0.004544575698673725, 0.0023781592026352882, -0.0021876743994653225, 0.0019311652285978198, -0.0014736087759956717, 0.0004951626760885119, -0.001978399930521846], [0.0003185326640959829, -0.0001496141339885071, 0.0004838827589992434, -0.0015246038092300296, 0.0009117919253185391, -0.004544575698673725, 0.00867464765906334, -0.002012132201343775, 0.0003379148547537625, -0.0009331438341178, -0.0002835267223417759, -0.0017475702334195375, 0.0030502669978886843], [-0.00022745475871488452, 0.00022490075207315385, -0.0011691820109263062, 0.0003971342521253973, -0.0025253761559724808, 0.0023781592026352882, -0.002012132201343775, 0.009624037891626358, -0.001174521865323186, 0.0038410979323089123, -0.001361032947897911, -0.0017665335908532143, 0.0015638929326087236], [0.00021522546012420207, -0.0003768838942050934, 0.0011052279733121395, -0.0005319435149431229, 0.001363203627988696, -0.0021876743994653225, 0.0003379148547537625, -0.001174521865323186, 0.008239704184234142, -0.0011484086280688643, 0.0005964813753962517, 0.0017839318607002497, -0.00216673593968153], [-6.706849671900272e-05, 0.0006481230957433581, -0.0008772657602094114, 0.0004756852285936475, -0.003196616657078266, 0.0019311652285978198, -0.0009331438341178, 0.0038410979323089123, -0.0011484086280688643, 0.009307123720645905, -3.443203240749426e-05, -0.0012205082457512617, 0.0035684050526469946], [-0.00019402449834160507, -0.00010006807133322582, 0.0007559526711702347, 1.312792574026389e-05, 0.0027342091780155897, -0.0014736087759956717, -0.0002835267223417759, -0.001361032947897911, 0.0005964813753962517, -3.443203240749426e-05, 0.0067886291071772575, -0.0018461396684870124, 0.001415478764101863], [0.0001777171273715794, 2.7933720048167743e-05, 9.186358511215076e-05, 0.00022446906950790435, 0.000248250609729439, 0.0004951626760885119, -0.0017475702334195375, -0.0017665335908532143, 0.0017839318607002497, -0.0012205082457512617, -0.0018461396684870124, 0.012777881696820259, -0.004976135212928057], [-0.00016787328058853745, 0.0004945837426930666, 0.000645540130790323, 0.0002969107881654054, -0.0010035017039626837, -0.001978399930521846, 0.0030502669978886843, 0.0015638929326087236, -0.00216673593968153, 0.0035684050526469946, 0.001415478764101863, -0.004976135212928057, 0.01379284355789423]], "metadata.audio_properties.analysis.downmix": "mix", "metadata.audio_properties.codec": "mp3", "metadata.audio_properties.md5_encoded": "8f7e3afe139127195edf7ed17c6de0cc", "metadata.tags.file_name": "1182267963278114816.mp3", "metadata.version.essentia": "2.1-beta6-dev", "metadata.version.essentia_git_sha": "v2.1_beta5-1110-g77a6a954", "metadata.version.extractor": "music 2.0", "tonal.chords_key": "Bb", "tonal.chords_scale": "minor", "tonal.key_edma.key": "C#", "tonal.key_edma.scale": "major", "tonal.key_krumhansl.key": "C#", "tonal.key_krumhansl.scale": "major", "tonal.key_temperley.key": "Ab", "tonal.key_temperley.scale": "major", "me