{"song_id": "1182268141368250428", "download": "https://cdn.discordapp.com/attachments/1135903449314238464/1182268141368250428/chirp.mp4?ex=65841402&amp", "lyrics": "[verse]\nEveryday my heart longs for your touch\nCan't seem to get enough, I'm in love so much\nYou're the light that guides me through\nBaby, my love for you is eternally true\n\n[chorus]\nI'm so in love, so deep within\nWith you, my darling, it's where I begin\nYou're the rhythm of my heart, the melody in my soul\nForever and always, together we'll grow", "style": ["Pop Rock</span><span>, Love</span><span>, Indie"], "essentia_features": {"lowlevel.average_loudness": 0.9750940799713135, "lowlevel.barkbands_crest.mean": 14.208660125732422, "lowlevel.barkbands_crest.stdev": 5.362373352050781, "lowlevel.barkbands_flatness_db.mean": 0.18883638083934784, "lowlevel.barkbands_flatness_db.stdev": 0.06286763399839401, "lowlevel.barkbands_kurtosis.mean": 12.258662223815918, "lowlevel.barkbands_kurtosis.stdev": 33.736412048339844, "lowlevel.barkbands_skewness.mean": 1.9086692333221436, "lowlevel.barkbands_skewness.stdev": 2.4019947052001953, "lowlevel.barkbands_spread.mean": 17.801971435546875, "lowlevel.barkbands_spread.stdev": 15.8499116897583, "lowlevel.dissonance.mean": 0.4316163659095764, "lowlevel.dissonance.stdev": 0.052164461463689804, "lowlevel.dynamic_complexity": 2.6022214889526367, "lowlevel.erbbands_crest.mean": 14.679621696472168, "lowlevel.erbbands_crest.stdev": 7.097324848175049, "lowlevel.erbbands_flatness_db.mean": 0.19404232501983643, "lowlevel.erbbands_flatness_db.stdev": 0.07125085592269897, "lowlevel.erbbands_kurtosis.mean": 4.22520637512207, "lowlevel.erbbands_kurtosis.stdev": 7.7622389793396, "lowlevel.erbbands_skewness.mean": 0.712979793548584, "lowlevel.erbbands_skewness.stdev": 1.0852398872375488, "lowlevel.erbbands_spread.mean": 35.047119140625, "lowlevel.erbbands_spread.stdev": 31.259885787963867, "lowlevel.hfc.mean": 27.033281326293945, "lowlevel.hfc.stdev": 18.132638931274414, "lowlevel.loudness_ebu128.integrated": -11.15644645690918, "lowlevel.loudness_ebu128.loudness_range": 1.3249692916870117, "lowlevel.loudness_ebu128.momentary.mean": -11.581530570983887, "lowlevel.loudness_ebu128.momentary.stdev": 2.1724300384521484, "lowlevel.loudness_ebu128.short_term.mean": -11.250568389892578, "lowlevel.loudness_ebu128.short_term.stdev": 0.463765949010849, "lowlevel.melbands_crest.mean": 17.46956443786621, "lowlevel.melbands_crest.stdev": 6.218434810638428, "lowlevel.melbands_flatness_db.mean": 0.25278374552726746, "lowlevel.melbands_flatness_db.stdev": 0.0762539654970169, "lowlevel.melbands_kurtosis.mean": 29.99838638305664, "lowlevel.melbands_kurtosis.stdev": 77.77972412109375, "lowlevel.melbands_skewness.mean": 2.8565447330474854, "lowlevel.melbands_skewness.stdev": 3.405794620513916, "lowlevel.melbands_spread.mean": 19.0723876953125, "lowlevel.melbands_spread.stdev": 17.376651763916016, "lowlevel.pitch_salience.mean": 0.44498705863952637, "lowlevel.pitch_salience.stdev": 0.1443539261817932, "lowlevel.silence_rate_20dB.mean": 1.0, "lowlevel.silence_rate_20dB.stdev": 0.0, "lowlevel.silence_rate_30dB.mean": 0.9787408113479614, "lowlevel.silence_rate_30dB.stdev": 0.14424742758274078, "lowlevel.silence_rate_60dB.mean": 0.05151267349720001, "lowlevel.silence_rate_60dB.stdev": 0.221042662858963, "lowlevel.spectral_centroid.mean": 1092.708984375, "lowlevel.spectral_centroid.stdev": 514.9356079101562, "lowlevel.spectral_complexity.mean": 10.555191993713379, "lowlevel.spectral_complexity.stdev": 6.062225341796875, "lowlevel.spectral_decrease.mean": -9.624483432446596e-09, "lowlevel.spectral_decrease.stdev": 7.294581827466118e-09, "lowlevel.spectral_energy.mean": 0.03877704218029976, "lowlevel.spectral_energy.stdev": 0.0282121729105711, "lowlevel.spectral_energyband_high.mean": 0.0006209420971572399, "lowlevel.spectral_energyband_high.stdev": 0.0008745209779590368, "lowlevel.spectral_energyband_low.mean": 0.01551252231001854, "lowlevel.spectral_energyband_low.stdev": 0.025950230658054352, "lowlevel.spectral_energyband_middle_high.mean": 0.01252618245780468, "lowlevel.spectral_energyband_middle_high.stdev": 0.014856322668492794, "lowlevel.spectral_energyband_middle_low.mean": 0.012138254009187222, "lowlevel.spectral_energyband_middle_low.stdev": 0.012651641853153706, "lowlevel.spectral_entropy.mean": 7.213474273681641, "lowlevel.spectral_entropy.stdev": 0.666508674621582, "lowlevel.spectral_flux.mean": 0.10319812595844269, "lowlevel.spectral_flux.stdev": 0.06513561308383942, "lowlevel.spectral_kurtosis.mean": 5.758111000061035, "lowlevel.spectral_kurtosis.stdev": 4.3400068283081055, "lowlevel.spectral_rms.mean": 0.0056810821406543255, "lowlevel.spectral_rms.stdev": 0.002357230521738529, "lowlevel.spectral_rolloff.mean": 1561.73046875, "lowlevel.spectral_rolloff.stdev": 2296.00146484375, "lowlevel.spectral_skewness.mean": 1.9895886182785034, "lowlevel.spectral_skewness.stdev": 0.6995095014572144, "lowlevel.spectral_spread.mean": 5878963.0, "lowlevel.spectral_spread.stdev": 2427533.5, "lowlevel.spectral_strongpeak.mean": 2.255891799926758, "lowlevel.spectral_strongpeak.stdev": 2.416844129562378, "lowlevel.zerocrossingrate.mean": 0.061537012457847595, "lowlevel.zerocrossingrate.stdev": 0.05350300669670105, "metadata.audio_properties.analysis.equal_loudness": 0.0, "metadata.audio_properties.analysis.length": 28.35199546813965, "metadata.audio_properties.analysis.sample_rate": 44100.0, "metadata.audio_properties.analysis.start_time": 0.0, "metadata.audio_properties.bit_rate": 121454.0, "metadata.audio_properties.length": 28.351999282836914, "metadata.audio_properties.lossless": 0.0, "metadata.audio_properties.number_channels": 1.0, "metadata.audio_properties.replay_gain": -14.698659896850586, "metadata.audio_properties.sample_rate": 48000.0, "rhythm.beats_count": 58.0, "rhythm.beats_loudness.mean": 0.08925161510705948, "rhythm.beats_loudness.stdev": 0.02590973861515522, "rhythm.bpm": 125.01398468017578, "rhythm.bpm_histogram_first_peak_bpm": 126.0, "rhythm.bpm_histogram_first_peak_weight": 0.38181817531585693, "rhythm.bpm_histogram_second_peak_bpm": 120.0, "rhythm.bpm_histogram_second_peak_spread": 0.0, "rhythm.bpm_histogram_second_peak_weight": 0.017543859779834747, "rhythm.danceability": 1.3544245958328247, "rhythm.onset_rate": 5.145413398742676, "tonal.chords_changes_rate": 0.07516340166330338, "tonal.chords_number_rate": 0.008169935084879398, "tonal.chords_strength.mean": 0.558332622051239, "tonal.chords_strength.stdev": 0.12011726945638657, "tonal.hpcp_crest.mean": 17.879289627075195, "tonal.hpcp_crest.stdev": 8.120478630065918, "tonal.hpcp_entropy.mean": 1.462904691696167, "tonal.hpcp_entropy.stdev": 0.7429455518722534, "tonal.key_edma.strength": 0.6974915862083435, "tonal.key_krumhansl.strength": 0.7104988694190979, "tonal.key_temperley.strength": 0.7217691540718079, "tonal.tuning_diatonic_strength": 0.6933461427688599, "tonal.tuning_equal_tempered_deviation": 0.09738457947969437, "tonal.tuning_frequency": 441.2725830078125, "tonal.tuning_nontempered_energy_ratio": 0.7902623414993286, "lowlevel.barkbands.mean": [0.0001738545106491074, 0.010484842583537102, 0.0032817188184708357, 0.0021576108410954475, 0.0009334711940027773, 0.0034245080314576626, 0.0020613681990653276, 0.0009310386958532035, 0.0016096672043204308, 0.0025821335148066282, 0.005003238096833229, 0.0019730173517018557, 0.0008889986202120781, 0.0006657266058027744, 0.0007286458276212215, 0.00032417807960882783, 0.0004926731344312429, 0.00021324955741874874, 0.00018474445096217096, 8.553410589229316e-05, 6.251270679058507e-05, 5.5334068747470155e-05, 7.795826240908355e-05, 0.00011227707000216469, 0.0001691579382168129, 9.785356087377295e-05, 1.7348758092339267e-06], "lowlevel.barkbands.stdev": [0.0003575904411263764, 0.02467428334057331, 0.004896166734397411, 0.003052489599213004, 0.0027863741852343082, 0.007965353317558765, 0.004668745677918196, 0.002962958998978138, 0.004498891532421112, 0.00713227828964591, 0.01015047449618578, 0.006537200883030891, 0.0025333110243082047, 0.0019403708865866065, 0.0018019251292571425, 0.0009392701904289424, 0.0013649348402395844, 0.0005387562559917569, 0.0002925517037510872, 0.0001305511686950922, 0.00011344312952132896, 9.43142658798024e-05, 0.00011608111526584253, 0.00014059539535082877, 0.0003527671506162733, 0.00026144488947466016, 6.638765626121312e-06], "lowlevel.erbbands.mean": [0.32172390818595886, 2.2762694358825684, 3.3632586002349854, 7.279791831970215, 3.154125452041626, 3.566997528076172, 17.4029598236084, 24.124170303344727, 30.108675003051758, 26.329730987548828, 30.366727828979492, 30.396808624267578, 70.56584167480469, 164.08689880371094, 127.35237121582031, 86.89643859863281, 44.98664093017578, 43.21809005737305, 28.046268463134766, 32.99341583251953, 23.353225708007812, 23.225189208984375, 12.480234146118164, 12.847871780395508, 5.752991676330566, 3.8175461292266846, 3.179274559020996, 2.0643839836120605, 1.9620811939239502, 2.006190538406372, 2.3073291778564453, 2.220797300338745, 1.9206531047821045, 1.782740831375122, 1.2710566520690918, 0.5645560026168823, 0.15394794940948486, 0.014665205962955952, 0.00035927610588259995, 6.0127447795821354e-05], "lowlevel.erbbands.stdev": [0.8048939108848572, 5.300476551055908, 5.943047523498535, 7.686479091644287, 5.7586236000061035, 10.378362655639648, 60.9921760559082, 50.418704986572266, 66.49340057373047, 61.24329376220703, 90.60372924804688, 87.70158386230469, 208.15798950195312, 350.8542175292969, 324.18426513671875, 277.1840515136719, 106.20563507080078, 106.82239532470703, 59.80662155151367, 75.37621307373047, 50.85618209838867, 66.959716796875, 31.87137222290039, 21.794797897338867, 7.67974328994751, 5.802823066711426, 5.545371055603027, 3.722409725189209, 3.40167498588562, 3.348956346511841, 3.4443647861480713, 2.8454747200012207, 2.5110604763031006, 3.005908250808716, 3.0974578857421875, 1.4624744653701782, 0.4413190484046936, 0.04250630363821983, 0.0010028285905718803, 4.6183791710063815e-05], "lowlevel.gfcc.mean": [-12.344959259033203, 67.61589050292969, -108.28932189941406, 5.021517276763916, -55.430110931396484, 24.00342559814453, -47.03520202636719, 20.723466873168945, -35.50798797607422, 3.353347063064575, -15.623364448547363, -0.23007482290267944, -13.707465171813965], "lowlevel.melbands.mean": [0.002977723255753517, 0.0022200297098606825, 0.0010747917694970965, 0.00019925534434150904, 0.0004893834702670574, 0.0005972544313408434, 0.000470332452096045, 0.0002558801497798413, 0.00028556131292134523, 0.00019037524180021137, 0.0003393994993530214, 0.0006192902801558375, 0.0004912592121399939, 0.00025504553923383355, 0.0001516269549028948, 9.605448576621711e-05, 7.915738387964666e-05, 3.7242738471832126e-05, 6.440751894842833e-05, 2.7537404093891382e-05, 2.94851852231659e-05, 2.7490728825796396e-05, 1.467560105083976e-05, 8.384240572922863e-06, 1.111742494686041e-05, 4.914080363960238e-06, 3.1288830086850794e-06, 2.411998138995841e-06, 2.1393195765995188e-06, 1.552401499793632e-06, 1.0732339887908893e-06, 1.0941001846731524e-06, 1.095446350518614e-06, 1.1193986892976682e-06, 1.3122362361173145e-06, 1.3348458196560387e-06, 1.4086895134823862e-06, 1.3487384649124579e-06, 1.2980400470041786e-06, 1.6001553149180836e-06], "lowlevel.melbands.stdev": [0.007179053965955973, 0.0038196255918592215, 0.0011311352718621492, 0.0005795708275400102, 0.0016132047167047858, 0.001235875184647739, 0.0009897893760353327, 0.0006239711656235158, 0.0008870224701240659, 0.0005738493637181818, 0.001081429305486381, 0.0013626671861857176, 0.001053081825375557, 0.0008261487819254398, 0.0004867649404332042, 0.0002995506802108139, 0.0002278204628964886, 9.528733789920807e-05, 0.00017891656898427755, 8.41491564642638e-05, 7.647395977983251e-05, 7.75829903432168e-05, 4.899470877717249e-05, 1.9105729734292254e-05, 1.958621032827068e-05, 8.229699233197607e-06, 4.673713647207478e-06, 3.992845449829474e-06, 3.843023478111718e-06, 2.889635425162851e-06, 2.0139914340688847e-06, 1.9624148990260437e-06, 1.884950961539289e-06, 1.931590986714582e-06, 2.1052046577096917e-06, 1.8521302536100848e-06, 1.8414737041894114e-06, 1.7759357433533296e-06, 1.8748216916719684e-06, 2.929694801423466e-06], "lowlevel.melbands128.mean": [0.00014003751857671887, 0.002216562395915389, 0.004821368958801031, 0.0033036849927157164, 0.001601264113560319, 0.0018088424112647772, 0.0017225777264684439, 0.0007740838918834925, 0.00020147576287854463, 0.00017895993369165808, 0.00017310626571998, 0.00020823569502681494, 0.0006643912638537586, 0.000777150911744684, 0.0003791363851632923, 0.0007022153004072607, 0.0006039033178240061, 0.00031760611454956234, 0.000498332898132503, 0.00026397424517199397, 0.00017182531883008778, 0.00010566224227659404, 0.00036828109296038747, 0.0004134944174438715, 0.0001065442047547549, 0.00013151222083251923, 0.00025767070474103093, 0.00045611202949658036, 0.00032404856756329536, 0.0002391302987234667, 0.0010473397560417652, 0.0007983923424035311, 0.00026343658100813627, 0.0005400402587838471, 0.00014539205585606396, 0.0002487996534910053, 0.00026009234716184437, 0.00018556011491455138, 3.765548171941191e-05, 8.436330972472206e-05, 0.00014810182619839907, 4.931906732963398e-05, 8.326047827722505e-05, 0.00010486203973414376, 2.3658523787162267e-05, 2.7334519472788088e-05, 3.701756213558838e-05, 9.620531636755913e-05, 5.9563826653175056e-05, 2.3919033992569894e-05, 3.199217462679371e-05, 2.258652421005536e-05, 1.1075066140620038e-05, 4.833965431316756e-05, 3.835124152828939e-05, 2.1852294594282284e-05, 2.235229840152897e-05, 1.2656463695748243e-05, 1.6019001122913323e-05, 1.0816306712513324e-05, 5.614860583591508e-06, 6.244722953852033e-06, 1.4863492651784327e-05, 1.1876662028953433e-05, 8.016213541850448e-06, 3.847750122076832e-06, 3.676565029309131e-06, 3.405070629014517e-06, 3.2061700494523393e-06, 2.380141950197867e-06, 2.102168991768849e-06, 2.7170544854016043e-06, 2.5510601062705973e-06, 1.8907439880422316e-06, 1.8357877706876025e-06, 1.7564187828611466e-06, 1.3688365925190737e-06, 1.0511131449675304e-06, 1.0700434813770698e-06, 1.0247417776554357e-06, 1.1024841342077707e-06, 1.1479424983917852e-06, 1.0377842727393727e-06, 1.1395743513276102e-06, 1.0684232165658614e-06, 1.0722967545007123e-06, 1.1076891723860172e-06, 1.2738728401018307e-06, 1.32594095703098e-06, 1.3138093208908685e-06, 1.4393716583072091e-06, 1.3174683317629388e-06, 1.2225654018038767e-06, 1.3345039633350098e-06, 1.619601903257717e-06, 1.4534390402332065e-06, 1.2342774198259576e-06, 1.2686126638072892e-06, 1.33563014514948e-06, 1.208344201586442e-06, 1.5150202443692251e-06, 1.6378650116166682e-06, 1.7783627299650107e-06, 1.6059706240412197e-06, 1.4417730653804028e-06, 1.3135309018252883e-06, 1.2497815760070807e-06, 1.2545698382382398e-06, 9.552353503750055e-07, 7.724081569904229e-07, 6.579938940376451e-07, 6.035695037098776e-07, 4.950112497681403e-07, 3.5020002542296425e-07, 2.2002426192102575e-07, 1.298848673059183e-07, 5.8356707910434125e-08, 1.734533938702043e-08, 9.240433418433724e-10, 2.817799639454055e-11, 3.3539459404208216e-11, 6.126933595890227e-12, 4.996640254328888e-12, 4.773277693242983e-12, 4.54740065047865e-12, 4.301699187830854e-12, 4.1665971887983044e-12, 4.127316110408286e-12], "lowlevel.melbands128.stdev": [0.0003375538217369467, 0.005790309514850378, 0.012018448673188686, 0.007997971028089523, 0.003996860235929489, 0.0024072695523500443, 0.0018613702850416303, 0.0012225386453792453, 0.0005293271387927234, 0.0007197066443040967, 0.0006008290220052004, 0.0006361439009197056, 0.002590552670881152, 0.002904952736571431, 0.0011277918238192797, 0.0018939620349556208, 0.0017768535763025284, 0.0009492974495515227, 0.0015048704808577895, 0.0007206329028122127, 0.0007384836790151894, 0.0006996641168370843, 0.001290205866098404, 0.0014562431024387479, 0.0004997315700165927, 0.0008796463371254504, 0.0010459169279783964, 0.0016626479336991906, 0.0018170110415667295, 0.0009854842210188508, 0.0026874009054154158, 0.0020656331907957792, 0.0009594110306352377, 0.0022223193664103746, 0.0008851322927512228, 0.001211134484037757, 0.00110579002648592, 0.000886030902620405, 0.0001392481499351561, 0.0003631793078966439, 0.0005351462750695646, 0.00026361216441728175, 0.00029129916219972074, 0.00039616451249457896, 0.00010561186354607344, 0.0001292388333240524, 0.00014779232151340693, 0.0003313331108074635, 0.00019302342843730003, 0.00010059426858788356, 0.0001464477099943906, 9.568973473506048e-05, 4.1116290958598256e-05, 0.00016150085139088333, 0.0001370296231471002, 0.00010626522271195427, 0.00012741614773403853, 6.950573151698336e-05, 7.412206468870863e-05, 3.5427096008788794e-05, 2.356251934543252e-05, 1.8213973817182705e-05, 3.704124173964374e-05, 2.8488206226029433e-05, 2.3932356270961463e-05, 8.338764928339515e-06, 7.057667517074151e-06, 6.006056537444238e-06, 6.189650775922928e-06, 4.432937203091569e-06, 4.208484824630432e-06, 5.418809905677335e-06, 5.129048076923937e-06, 4.051423275086563e-06, 3.7914169297437184e-06, 3.4405763926770305e-06, 2.9467880722222617e-06, 2.1858634227100993e-06, 2.2479898689198308e-06, 1.954012304850039e-06, 2.0991590190533316e-06, 2.378121280344203e-06, 1.9753979358938523e-06, 2.050449211310479e-06, 1.9987369341833983e-06, 2.020508190980763e-06, 2.114321205226588e-06, 2.371527671130025e-06, 2.4106502678478137e-06, 2.2670699308946496e-06, 2.1854361875739414e-06, 2.0891634449071717e-06, 1.8631949387781788e-06, 2.1500040929822717e-06, 2.112676611432107e-06, 2.2508772872242844e-06, 1.8599162103782874e-06, 2.060189899566467e-06, 2.0642273739213124e-06, 2.0551299257931532e-06, 2.5914966954587726e-06, 3.4105758004443487e-06, 4.074113803653745e-06, 3.921838924725307e-06, 4.08715641242452e-06, 3.655684622572153e-06, 3.605209030865808e-06, 3.018585857716971e-06, 2.7379840048524784e-06, 2.291038526891498e-06, 2.313264303666074e-06, 1.9003498437086819e-06, 1.415810970684106e-06, 1.1946320910283248e-06, 6.413051210074627e-07, 4.478176549582713e-07, 2.1975324671075214e-07, 1.1864103299785711e-07, 1.2019609307856172e-08, 6.220112203081385e-10, 9.118260035911874e-10, 3.277214263852635e-11, 1.4969209899406977e-11, 1.306382085841662e-11, 1.0260904972914098e-11, 7.187663225022289e-12, 6.453921598537082e-12, 6.383940685111833e-12], "lowlevel.mfcc.mean": [-670.1666259765625, 111.62443542480469, 3.5895063877105713, -1.8528670072555542, 13.750563621520996, -6.283199310302734, 8.889432907104492, 1.9395607709884644, -3.328350305557251, -0.00019098127086181194, -6.127528667449951, -1.4703752994537354, 2.5092554092407227], "lowlevel.spectral_contrast_coeffs.mean": [-0.6469536423683167, -0.6880019903182983, -0.6795992255210876, -0.7572546601295471, -0.7829862833023071, -0.7961071133613586], "lowlevel.spectral_contrast_coeffs.stdev": [0.08883607387542725, 0.10172246396541595, 0.11979978531599045, 0.08282501250505447, 0.06027115136384964, 0.032592181116342545], "lowlevel.spectral_contrast_valleys.mean": [-7.610292434692383, -7.318566799163818, -7.7449798583984375, -8.031323432922363, -8.062984466552734, -10.292793273925781], "lowlevel.spectral_contrast_valleys.stdev": [1.0604867935180664, 0.7081815004348755, 0.7241259217262268, 0.6885184645652771, 0.7567857503890991, 0.9889156818389893], "rhythm.beats_loudness_band_ratio.mean": [0.7406195402145386, 0.030734635889530182, 0.062247417867183685, 0.12710392475128174, 0.029904257506132126, 0.020562585443258286], "rhythm.beats_loudness_band_ratio.stdev": [0.28887292742729187, 0.0482337586581707, 0.0931776911020279, 0.20670844614505768, 0.05294862762093544, 0.058432333171367645], "tonal.hpcp.mean": [0.0348353236913681, 0.05861072242259979, 0.17916667461395264, 0.25537970662117004, 0.1631152480840683, 0.07460728287696838, 0.05597027763724327, 0.0841636061668396, 0.24748215079307556, 0.2461850494146347, 0.07654175907373428, 0.035364940762519836, 0.025162482634186745, 0.029890166595578194, 0.05879877880215645, 0.06853370368480682, 0.08493462949991226, 0.22898593544960022, 0.2585865259170532, 0.10665453225374222, 0.03031199611723423, 0.02296067215502262, 0.02872307412326336, 0.04558947682380676, 0.05462712422013283, 0.04045062139630318, 0.027735896408557892, 0.03189165145158768, 0.05269637703895569, 0.1251124143600464, 0.14965349435806274, 0.07291758805513382, 0.046290796250104904, 0.061834193766117096, 0.04814280942082405, 0.03364305570721626], "tonal.hpcp.stdev": [0.1202172338962555, 0.16241511702537537, 0.2968404293060303, 0.3670492172241211, 0.27961674332618713, 0.1991887241601944, 0.17848825454711914, 0.1811322122812271, 0.35291561484336853, 0.34269997477531433, 0.18612928688526154, 0.13561111688613892, 0.10427231341600418, 0.11394532024860382, 0.16975048184394836, 0.1848686933517456, 0.1695028841495514, 0.32701224088668823, 0.35492265224456787, 0.21038858592510223, 0.12517666816711426, 0.1063123270869255, 0.11840207129716873, 0.14789076149463654, 0.14725828170776367, 0.11382553726434708, 0.1178826168179512, 0.12525880336761475, 0.17010463774204254, 0.2503672242164612, 0.28698426485061646, 0.16792641580104828, 0.14886395633220673, 0.18758763372898102, 0.15136167407035828, 0.10765612870454788], "rhythm.beats_position": [0.42956915497779846, 0.8823582530021667, 1.3583673238754272, 1.834376335144043, 2.321995496749878, 2.809614419937134, 3.285623550415039, 3.7616326808929443, 4.23764181137085, 4.713650703430176, 5.201269626617432, 5.6888885498046875, 6.164897918701172, 6.640906810760498, 7.128525733947754, 7.604535102844238, 8.080544471740723, 8.56816291809082, 9.044172286987305, 9.520181655883789, 10.007800102233887, 10.483809471130371, 10.959818840026855, 11.447437286376953, 11.923446655273438, 12.399456024169922, 12.87546443939209, 13.351473808288574, 13.839092254638672, 14.326711654663086, 14.80272102355957, 15.278729438781738, 15.766348838806152, 16.24235725402832, 16.718366622924805, 17.20598602294922, 17.681995391845703, 18.158004760742188, 18.6456241607666, 19.121631622314453, 19.597640991210938, 20.08526039123535, 20.561269760131836, 21.03727912902832, 21.5248966217041, 22.000905990600586, 22.47691535949707, 22.964534759521484, 23.44054412841797, 23.916553497314453, 24.404170989990234, 24.89179039001465, 25.356189727783203, 25.843809127807617, 26.3198184967041, 26.795827865600586, 27.283445358276367, 27.78267478942871], "rhythm.bpm_histogram": [0.0, 0.0, 0.0, 0.0, 0.0, 0.0, 0.0, 0.0, 0.0, 0.0, 0.0, 0.0, 0.0, 0.0, 0.0, 0.0, 0.0, 0.0, 0.0, 0.0, 0.0, 0.0, 0.0, 0.0, 0.0, 0.0, 0.0, 0.0, 0.0, 0.0, 0.0, 0.0, 0.0, 0.0, 0.0, 0.0, 0.0, 0.0, 0.0, 0.0, 0.0, 0.0, 0.0, 0.0, 0.0, 0.0, 0.0, 0.0, 0.0, 0.0, 0.0, 0.0, 0.0, 0.0, 0.0, 0.0, 0.0, 0.0, 0.0, 0.0, 0.0, 0.0, 0.0, 0.0, 0.0, 0.0, 0.0, 0.0, 0.0, 0.0, 0.0, 0.0, 0.0, 0.0, 0.0, 0.0, 0.0, 0.0, 0.0, 0.0, 0.0, 0.0, 0.0, 0.0, 0.0, 0.0, 0.0, 0.0, 0.0, 0.0, 0.0, 0.0, 0.0, 0.0, 0.0, 0.0, 0.0, 0.0, 0.0, 0.0, 0.0, 0.0, 0.0, 0.0, 0.0, 0.0, 0.0, 0.0, 0.0, 0.0, 0.0, 0.0, 0.0, 0.0, 0.0, 0.0, 0.0, 0.0, 0.0, 0.0, 0.017543859779834747, 0.0, 0.0, 0.35087719559669495, 0.0, 0.0, 0.5964912176132202, 0.0, 0.0, 0.017543859779834747, 0.0, 0.0, 0.0, 0.017543859779834747, 0.0, 0.0, 0.0, 0.0, 0.0, 0.0, 0.0, 0.0, 0.0, 0.0, 0.0, 0.0, 0.0, 0.0, 0.0, 0.0, 0.0, 0.0, 0.0, 0.0, 0.0, 0.0, 0.0, 0.0, 0.0, 0.0, 0.0, 0.0, 0.0, 0.0, 0.0, 0.0, 0.0, 0.0, 0.0, 0.0, 0.0, 0.0, 0.0, 0.0, 0.0, 0.0, 0.0, 0.0, 0.0, 0.0, 0.0, 0.0, 0.0, 0.0, 0.0, 0.0, 0.0, 0.0, 0.0, 0.0, 0.0, 0.0, 0.0, 0.0, 0.0, 0.0, 0.0, 0.0, 0.0, 0.0, 0.0, 0.0, 0.0, 0.0, 0.0, 0.0, 0.0, 0.0, 0.0, 0.0, 0.0, 0.0, 0.0, 0.0, 0.0, 0.0, 0.0, 0.0, 0.0, 0.0, 0.0, 0.0, 0.0, 0.0, 0.0, 0.0, 0.0, 0.0, 0.0, 0.0, 0.0, 0.0, 0.0, 0.0, 0.0, 0.0, 0.0, 0.0, 0.0, 0.0, 0.0, 0.0, 0.0, 0.0, 0.0, 0.0, 0.0, 0.0, 0.0, 0.0], "tonal.chords_histogram": [43.13725662231445, 0.6535947918891907, 0.0, 0.0, 0.4901960790157318, 0.0, 0.0, 0.0, 0.0, 8.333333015441895, 0.0, 0.0, 0.0, 0.0, 0.0, 0.16339869797229767, 0.0, 9.640522956848145, 0.0, 0.0, 0.0, 0.0, 9.1503267288208, 28.431371688842773], "tonal.thpcp": [1.0, 0.41245201230049133, 0.11722186952829361, 0.08879299461841583, 0.11107722669839859, 0.17630259692668915, 0.21125279366970062, 0.1564297378063202, 0.10725963860750198, 0.12333067506551743, 0.203786239027977, 0.48383191227912903, 0.5787366032600403, 0.28198525309562683, 0.17901472747325897, 0.23912380635738373, 0.18617679178714752, 0.13010366261005402, 0.13471437990665436, 0.22665806114673615, 0.6928693652153015, 0.9875986576080322, 0.6307955980300903, 0.28851962089538574, 0.21644699573516846, 0.3254756033420563, 0.9570574164390564, 0.9520412683486938, 0.29600057005882263, 0.13676249980926514, 0.09730778634548187, 0.11559057980775833, 0.22738531231880188, 0.26503199338912964, 0.3284572958946228, 0.8855292797088623], "lowlevel.gfcc.cov": [[4541.11865234375, -259.9472961425781, -36.590702056884766, 269.3333740234375, 161.13491821289062, 238.87538146972656, 71.13050079345703, 263.0926208496094, 49.416988372802734, 124.74882507324219, 38.360164642333984, 140.24278259277344, 9.580772399902344], [-259.9472961425781, 1252.70361328125, 146.61593627929688, 170.4827880859375, 342.41387939453125, 81.97063446044922, 169.0262451171875, -7.402531623840332, 51.32093048095703, -95.06413269042969, 55.748958587646484, -191.6350860595703, 34.46590042114258], [-36.590702056884766, 146.61593627929688, 1063.728759765625, 786.45361328125, 123.81632232666016, 152.81863403320312, 149.86203002929688, 22.89133644104004, 119.74695587158203, 6.395529270172119, -59.922943115234375, 45.19001007080078, -6.204793453216553], [269.3333740234375, 170.4827880859375, 786.45361328125, 1247.3861083984375, 139.2526092529297, 115.23197174072266, 138.1399383544922, 24.923274993896484, 246.57872009277344, -37.565208435058594, -54.73625564575195, 90.77643585205078, 78.81782531738281], [161.13491821289062, 342.41387939453125, 123.81632232666016, 139.2526092529297, 572.9290161132812, 266.3079833984375, 184.93067932128906, 157.4188690185547, 51.81662368774414, 46.708797454833984, 82.01944732666016, -32.017520904541016, 15.172464370727539], [238.87538146972656, 81.97063446044922, 152.81863403320312, 115.23197174072266, 266.3079833984375, 424.3689270019531, 302.5355529785156, 17.423171997070312, 8.487528800964355, 91.8489990234375, 24.234027862548828, -16.124544143676758, -7.774981498718262], [71.13050079345703, 169.0262451171875, 149.86203002929688, 138.1399383544922, 184.93067932128906, 302.5355529785156, 381.6949157714844, 40.432743072509766, 21.638731002807617, 51.645931243896484, 20.091930389404297, 2.406724214553833, 0.31775566935539246], [263.0926208496094, -7.402531623840332, 22.89133644104004, 24.923274993896484, 157.4188690185547, 17.423171997070312, 40.432743072509766, 326.3349304199219, 132.92161560058594, 11.796747207641602, 67.78816223144531, 53.623329162597656, 60.78358459472656], [49.416988372802734, 51.32093048095703, 119.74695587158203, 246.57872009277344, 51.81662368774414, 8.487528800964355, 21.638731002807617, 132.92161560058594, 248.01828002929688, 55.9453239440918, 40.07312774658203, 66.6144027709961, 73.25960540771484], [124.74882507324219, -95.06413269042969, 6.395529270172119, -37.565208435058594, 46.708797454833984, 91.8489990234375, 51.645931243896484, 11.796747207641602, 55.9453239440918, 173.45274353027344, 82.06834411621094, 32.69826126098633, 4.253156661987305], [38.360164642333984, 55.748958587646484, -59.922943115234375, -54.73625564575195, 82.01944732666016, 24.234027862548828, 20.091930389404297, 67.78816223144531, 40.07312774658203, 82.06834411621094, 192.1015167236328, 74.75161743164062, 60.691898345947266], [140.24278259277344, -191.6350860595703, 45.19001007080078, 90.77643585205078, -32.017520904541016, -16.124544143676758, 2.406724214553833, 53.623329162597656, 66.6144027709961, 32.69826126098633, 74.75161743164062, 186.71804809570312, 90.11524200439453], [9.580772399902344, 34.46590042114258, -6.204793453216553, 78.81782531738281, 15.172464370727539, -7.774981498718262, 0.31775566935539246, 60.78358459472656, 73.25960540771484, 4.253156661987305, 60.691898345947266, 90.11524200439453, 196.33163452148438]], "lowlevel.gfcc.icov": [[0.00028989874408580363, -0.0001475836179452017, 0.00021278217900544405, -0.00026031670859083533, 0.0001673677033977583, -0.000407470331992954, 0.00034426827915012836, -0.0005470285541377962, 0.0004924413515254855, -0.0004827528609894216, 0.0003374164807610214, -0.00047146700671873987, 0.00020152435172349215], [-0.0001475836179452017, 0.002273229882121086, -0.0005786177353002131, 0.00044030247954651713, -0.001394312595948577, 0.0015262378146871924, -0.001772761926986277, 0.001852783258073032, -0.0019982571247965097, 0.0026043986435979605, -0.0024619433097541332, 0.003562641330063343, -0.001174422912299633], [0.00021278217900544405, -0.0005786177353002131, 0.0021838732063770294, -0.0015581207117065787, 0.00042891231714747846, -0.0007851861300878227, 0.000519658497069031, -0.0011136415414512157, 0.0012894971296191216, -0.0014243780169636011, 0.00119734276086092, -0.0013025894295424223, 0.0008428589208051562], [-0.00026031670859083533, 0.00044030247954651713, -0.0015581207117065787, 0.0024919442366808653, -0.0007835386204533279, 0.0005473753553815186, -0.0007883162470534444, 0.001805343315936625, -0.002837476320564747, 0.0021114139817655087, -0.00037916889414191246, 0.0003001897712238133, -0.0005971859791316092], [0.0001673677033977583, -0.001394312595948577, 0.00042891231714747846, -0.0007835386204533279, 0.0043425364419817924, -0.003298885887488723, 0.001587396371178329, -0.0028974355664104223, 0.0016959133790805936, -0.0011380505748093128, -0.0001224775187438354, -0.000730791362002492, 0.0007580765523016453], [-0.000407470331992954, 0.0015262378146871924, -0.0007851861300878227, 0.0005473753553815186, -0.003298885887488723, 0.00917892251163721, -0.0062454803846776485, 0.002548675984144211, -0.0008589568315073848, -0.0009962539188563824, -0.0004506469995249063, 0.0027183108031749725, -0.0014194127870723605], [0.00034426827915012836, -0.001772761926986277, 0.000519658497069031, -0.0007883162470534444, 0.001587396371178329, -0.0062454803846776485, 0.007898840121924877, -0.0024839690886437893, 0.001907832338474691, -0.0015322455437853932, 0.001623883261345327, -0.003157311351969838, 0.0012820439878851175], [-0.0005470285541377962, 0.001852783258073032, -0.0011136415414512157, 0.001805343315936625, -0.0028974355664104223, 0.002548675984144211, -0.0024839690886437893, 0.007671544793993235, -0.00565721932798624, 0.004312597215175629, -0.002961938502267003, 0.002296851947903633, -0.001225832849740982], [0.0004924413515254855, -0.0019982571247965097, 0.0012894971296191216, -0.002837476320564747, 0.0016959133790805936, -0.0008589568315073848, 0.001907832338474691, -0.00565721932798624, 0.011113899759948254, -0.006774547975510359, 0.003288079285994172, -0.003470525611191988, -0.00033387570874765515], [-0.0004827528609894216, 0.0026043986435979605, -0.0014243780169636011, 0.0021114139817655087, -0.0011380505748093128, -0.0009962539188563824, -0.0015322455437853932, 0.004312597215175629, -0.006774547975510359, 0.01399215217679739, -0.0072977859526872635, 0.003647440578788519, 0.00019607901049312204], [0.0003374164807610214, -0.0024619433097541332, 0.00119734276086092, -0.00037916889414191246, -0.0001224775187438354, -0.0004506469995249063, 0.001623883261345327, -0.002961938502267003, 0.003288079285994172, -0.0072977859526872635, 0.012253955937922001, -0.006811137776821852, -0.00021882673900108784], [-0.00047146700671873987, 0.003562641330063343, -0.0013025894295424223, 0.0003001897712238133, -0.000730791362002492, 0.0027183108031749725, -0.003157311351969838, 0.002296851947903633, -0.003470525611191988, 0.003647440578788519, -0.006811137776821852, 0.01461767964065075, -0.00469388859346509], [0.00020152435172349215, -0.001174422912299633, 0.0008428589208051562, -0.0005971859791316092, 0.0007580765523016453, -0.0014194127870723605, 0.0012820439878851175, -0.001225832849740982, -0.00033387570874765515, 0.00019607901049312204, -0.00021882673900108784, -0.00469388859346509, 0.008161233738064766]], "lowlevel.mfcc.cov": [[3992.17919921875, -512.5787353515625, -35.79591751098633, 166.05819702148438, 104.74987030029297, 67.62422943115234, 57.34931182861328, 141.48394775390625, 113.30834197998047, 95.3768539428711, -1.6802809238433838, 90.4842758178711, 120.43558502197266], [-512.5787353515625, 1109.3348388671875, -214.65757751464844, -93.100341796875, 155.87432861328125, -3.096566915512085, 220.15992736816406, -23.102651596069336, -0.25823891162872314, 92.81678009033203, 9.725556373596191, -34.94447326660156, -20.82061195373535], [-35.79591751098633, -214.65757751464844, 914.1595458984375, 516.6223754882812, 46.046546936035156, 290.78857421875, -36.947349548339844, 136.3072509765625, 108.09660339355469, 8.047245979309082, 46.024845123291016, 6.92970609664917, -36.261104583740234], [166.05819702148438, -93.100341796875, 516.6223754882812, 700.4241333007812, 222.62001037597656, 186.38502502441406, -30.76144027709961, 186.36590576171875, 138.41416931152344, 16.50628662109375, 13.191726684570312, 46.2564582824707, 18.405195236206055], [104.74987030029297, 155.87432861328125, 46.046546936035156, 222.62001037597656, 430.6106262207031, -2.657809257507324, 90.89874267578125, 97.31488037109375, 99.46187591552734, 79.40077209472656, 9.106258392333984, 69.99700927734375, 66.47322845458984], [67.62422943115234, -3.096566915512085, 290.78857421875, 186.38502502441406, -2.657809257507324, 554.6140747070312, 178.65139770507812, 68.23771667480469, 71.86589050292969, 82.20375061035156, 64.5450210571289, -11.450789451599121, 59.53385925292969], [57.34931182861328, 220.15992736816406, -36.947349548339844, -30.76144027709961, 90.89874267578125, 178.65139770507812, 360.4412841796875, 72.99777221679688, 38.4594841003418, 91.6654281616211, 49.258296966552734, 8.633954048156738, 80.3037338256836], [141.48394775390625, -23.102651596069336, 136.3072509765625, 186.36590576171875, 97.31488037109375, 68.23771667480469, 72.99777221679688, 237.24803161621094, 129.8248291015625, 34.91936492919922, 42.27376174926758, 52.86396026611328, 45.76307678222656], [113.30834197998047, -0.25823891162872314, 108.09660339355469, 138.41416931152344, 99.46187591552734, 71.86589050292969, 38.4594841003418, 129.8248291015625, 207.2386016845703, 89.52250671386719, 20.330047607421875, 30.40345573425293, 61.67569351196289], [95.3768539428711, 92.81678009033203, 8.047245979309082, 16.50628662109375, 79.40077209472656, 82.20375061035156, 91.6654281616211, 34.91936492919922, 89.52250671386719, 169.77183532714844, 57.15061569213867, 20.142953872680664, 46.60200119018555], [-1.6802809238433838, 9.725556373596191, 46.024845123291016, 13.191726684570312, 9.106258392333984, 64.5450210571289, 49.258296966552734, 42.27376174926758, 20.330047607421875, 57.15061569213867, 143.88624572753906, 67.42488098144531, 31.146516799926758], [90.4842758178711, -34.94447326660156, 6.92970609664917, 46.2564582824707, 69.99700927734375, -11.450789451599121, 8.633954048156738, 52.86396026611328, 30.40345573425293, 20.142953872680664, 67.42488098144531, 151.37069702148438, 81.4151840209961], [120.43558502197266, -20.82061195373535, -36.261104583740234, 18.405195236206055, 66.47322845458984, 59.53385925292969, 80.3037338256836, 45.76307678222656, 61.67569351196289, 46.60200119018555, 31.146516799926758, 81.4151840209961, 201.9615936279297]], "lowlevel.mfcc.icov": [[0.00029160469421185553, 0.00018008897313848138, 0.00011580373393371701, -0.00010069223935715854, -2.0833690541621763e-06, -1.242711914528627e-05, -8.89896327862516e-05, -0.00010336194100091234, 4.169301246292889e-05, -0.00025131177972070873, 0.00018109258962795138, -0.00012453275849111378, 5.326433438312961e-06], [0.00018008897313848138, 0.0013109063729643822, 0.0003278246149420738, -0.00012565255747176707, -0.00039013047353364527, 0.00010123902757186443, -0.0008110263734124601, 0.00025678679230622947, -2.2162181267049164e-05, -0.00044949716539122164, 1.535107344352582e-06, 0.00015243852976709604, 0.0005097186076454818], [0.00011580373393371701, 0.0003278246149420738, 0.0024147224612534046, -0.0016235832590609789, 0.00036400576937012374, -0.0007402035989798605, 6.64575127302669e-05, 5.961111673968844e-05, -0.0004524429386947304, 0.00014758631004951894, -0.0005600176518782973, 4.6114178985590115e-05, 0.0007765950285829604], [-0.00010069223935715854, -0.00012565255747176707, -0.0016235832590609789, 0.003860458731651306, -0.0017215836560353637, -0.0007653133361600339, 0.0011997947003692389, -0.0015982735203579068, -6.988512905081734e-05, 0.0005729263066314161, 0.0005318118492141366, -0.00010880643094424158, -6.790569750592113e-05], [-2.0833690541621763e-06, -0.00039013047353364527, 0.00036400576937012374, -0.0017215836560353637, 0.004114482086151838, 0.0008366152760572731, -0.0010430264519527555, 0.00011319911573082209, -0.00044322069152258337, -0.0013454776490107179, 0.0011099496623501182, -0.0015572941629216075, -0.0001260811841348186], [-1.242711914528627e-05, 0.00010123902757186443, -0.0007402035989798605, -0.0007653133361600339, 0.0008366152760572731, 0.003248496912419796, -0.0017012719763442874, 0.0005967948236502707, -0.00025007271324284375, -0.0006020976579748094, -0.0008077816455624998, 0.0009573907591402531, -0.0007830957765690982], [-8.89896327862516e-05, -0.0008110263734124601, 6.64575127302669e-05, 0.0011997947003692389, -0.0010430264519527555, -0.0017012719763442874, 0.005502887535840273, -0.0024012415669858456, 0.0016485454980283976, -0.001237259479239583, -0.0004069528658874333, 0.001240497687831521, -0.0015823571011424065], [-0.00010336194100091234, 0.00025678679230622947, 5.961111673968844e-05, -0.0015982735203579068, 0.00011319911573082209, 0.0005967948236502707, -0.0024012415669858456, 0.00906835775822401, -0.005365329794585705, 0.0025385236367583275, -0.0018173923017457128, -0.0013065191451460123, 0.0007909306441433728], [4.169301246292889e-05, -2.2162181267049164e-05, -0.0004524429386947304, -6.988512905081734e-05, -0.00044322069152258337, -0.00025007271324284375, 0.0016485454980283976, -0.005365329794585705, 0.011132762767374516, -0.005526653025299311, 0.0020622657611966133, 0.0006482911412604153, -0.002026047557592392], [-0.00025131177972070873, -0.00044949716539122164, 0.00014758631004951894, 0.0005729263066314161, -0.0013454776490107179, -0.0006020976579748094, -0.001237259479239583, 0.0025385236367583275, -0.005526653025299311, 0.011584773659706116, -0.00440953578799963, 0.0012658667983487248, -0.00020077235240023583], [0.00018109258962795138, 1.535107344352582e-06, -0.0005600176518782973, 0.0005318118492141366, 0.0011099496623501182, -0.0008077816455624998, -0.0004069528658874333, -0.0018173923017457128, 0.0020622657611966133, -0.00440953578799963, 0.012059478089213371, -0.005963499192148447, 0.0011214750120416284], [-0.00012453275849111378, 0.00015243852976709604, 4.6114178985590115e-05, -0.00010880643094424158, -0.0015572941629216075, 0.0009573907591402531, 0.001240497687831521, -0.0013065191451460123, 0.0006482911412604153, 0.0012658667983487248, -0.005963499192148447, 0.0127374567091465, -0.004563809372484684], [5.326433438312961e-06, 0.0005097186076454818, 0.0007765950285829604, -6.790569750592113e-05, -0.0001260811841348186, -0.0007830957765690982, -0.0015823571011424065, 0.0007909306441433728, -0.002026047557592392, -0.00020077235240023583, 0.0011214750120416284, -0.004563809372484684, 0.008200590498745441]], "metadata.audio_properties.analysis.downmix": "mix", "metadata.audio_properties.codec": "mp3", "metadata.audio_properties.md5_encoded": "efcfadd885bdd3d3c66ecc5b3a6be4bf", "metadata.tags.file_name": "1182268141368250428.mp3", "metadata.version.essentia": "2.1-beta6-dev", "metadata.version.essentia_git_sha": "v2.1_beta5-1110-g77a6a954", "metadata.version.extractor": "music 2.0", "tonal.chords_key": "Eb", "tonal.chords_scale": "major", "tonal.key_edma.key": "Eb", "tonal.key_edma.scale": "major", "tonal.key_krumhansl.key": "Eb", "tonal.key_krumhansl.scale": "major", "tonal.key_temperley.key": "Eb", "tonal.key_temperley.scale": "major", "metadata.tags.encoding": ["Lavf58.