{"song_id": "1182282858392453121", "download": "https://cdn.discordapp.com/attachments/1135911532732108921/1182282858392453121/chirp.mp4?ex=658421b7&amp", "lyrics": "[verse]\nSavage punches, ruthless strikes, the fury ignites\nTerminator bulls, with feral might they fight\nFlying jackals, cheating reapers in sight\nA chilling symphony of the frozen night\n\n[chorus]\n\u044b\u044b\u044b\u044b \u0430\u0430 \u044b\u044b \u0430\u0430\u0430\nKulaki udary zverskiye\nTerminatovskiye bychiye\nBychiye otmorozki, shakaly letayushchiye, chiterily", "style": ["extremely hardcore death metal"], "essentia_features": {"lowlevel.average_loudness": 0.9493921995162964, "lowlevel.barkbands_crest.mean": 10.780917167663574, "lowlevel.barkbands_crest.stdev": 3.7772738933563232, "lowlevel.barkbands_flatness_db.mean": 0.22159916162490845, "lowlevel.barkbands_flatness_db.stdev": 0.0613095723092556, "lowlevel.barkbands_kurtosis.mean": 11.194161415100098, "lowlevel.barkbands_kurtosis.stdev": 14.997610092163086, "lowlevel.barkbands_skewness.mean": 2.3590800762176514, "lowlevel.barkbands_skewness.stdev": 1.3700339794158936, "lowlevel.barkbands_spread.mean": 14.22079086303711, "lowlevel.barkbands_spread.stdev": 19.693479537963867, "lowlevel.dissonance.mean": 0.4415169954299927, "lowlevel.dissonance.stdev": 0.04335309565067291, "lowlevel.dynamic_complexity": 3.803776741027832, "lowlevel.erbbands_crest.mean": 9.726122856140137, "lowlevel.erbbands_crest.stdev": 3.968736410140991, "lowlevel.erbbands_flatness_db.mean": 0.18326114118099213, "lowlevel.erbbands_flatness_db.stdev": 0.05497971549630165, "lowlevel.erbbands_kurtosis.mean": 1.1896878480911255, "lowlevel.erbbands_kurtosis.stdev": 2.68611741065979, "lowlevel.erbbands_skewness.mean": 0.6479357481002808, "lowlevel.erbbands_skewness.stdev": 0.9134226441383362, "lowlevel.erbbands_spread.mean": 33.49623107910156, "lowlevel.erbbands_spread.stdev": 20.266611099243164, "lowlevel.hfc.mean": 14.103508949279785, "lowlevel.hfc.stdev": 19.89316749572754, "lowlevel.loudness_ebu128.integrated": -17.16256332397461, "lowlevel.loudness_ebu128.loudness_range": 3.1257591247558594, "lowlevel.loudness_ebu128.momentary.mean": -18.303380966186523, "lowlevel.loudness_ebu128.momentary.stdev": 3.372924327850342, "lowlevel.loudness_ebu128.short_term.mean": -17.345142364501953, "lowlevel.loudness_ebu128.short_term.stdev": 1.0705392360687256, "lowlevel.melbands_crest.mean": 14.8936767578125, "lowlevel.melbands_crest.stdev": 5.083216667175293, "lowlevel.melbands_flatness_db.mean": 0.3087047338485718, "lowlevel.melbands_flatness_db.stdev": 0.08442388474941254, "lowlevel.melbands_kurtosis.mean": 21.01775360107422, "lowlevel.melbands_kurtosis.stdev": 25.081085205078125, "lowlevel.melbands_skewness.mean": 3.220357656478882, "lowlevel.melbands_skewness.stdev": 1.54495370388031, "lowlevel.melbands_spread.mean": 13.787708282470703, "lowlevel.melbands_spread.stdev": 24.31915855407715, "lowlevel.pitch_salience.mean": 0.574084997177124, "lowlevel.pitch_salience.stdev": 0.10863005369901657, "lowlevel.silence_rate_20dB.mean": 1.0, "lowlevel.silence_rate_20dB.stdev": 0.0, "lowlevel.silence_rate_30dB.mean": 0.9660664796829224, "lowlevel.silence_rate_30dB.stdev": 0.18105889856815338, "lowlevel.silence_rate_60dB.mean": 0.03601108118891716, "lowlevel.silence_rate_60dB.stdev": 0.1863182634115219, "lowlevel.spectral_centroid.mean": 684.1419067382812, "lowlevel.spectral_centroid.stdev": 778.6620483398438, "lowlevel.spectral_complexity.mean": 11.533241271972656, "lowlevel.spectral_complexity.stdev": 5.936993598937988, "lowlevel.spectral_decrease.mean": -7.261240497768995e-09, "lowlevel.spectral_decrease.stdev": 8.19760970216521e-09, "lowlevel.spectral_energy.mean": 0.028684835880994797, "lowlevel.spectral_energy.stdev": 0.03152308240532875, "lowlevel.spectral_energyband_high.mean": 0.0006687926943413913, "lowlevel.spectral_energyband_high.stdev": 0.0021379105746746063, "lowlevel.spectral_energyband_low.mean": 0.011333300732076168, "lowlevel.spectral_energyband_low.stdev": 0.02270755171775818, "lowlevel.spectral_energyband_middle_high.mean": 0.0021480543073266745, "lowlevel.spectral_energyband_middle_high.stdev": 0.003177548758685589, "lowlevel.spectral_energyband_middle_low.mean": 0.016430838033556938, "lowlevel.spectral_energyband_middle_low.stdev": 0.018806517124176025, "lowlevel.spectral_entropy.mean": 6.819963455200195, "lowlevel.spectral_entropy.stdev": 0.6953001618385315, "lowlevel.spectral_flux.mean": 0.07286501675844193, "lowlevel.spectral_flux.stdev": 0.060627955943346024, "lowlevel.spectral_kurtosis.mean": 14.999220848083496, "lowlevel.spectral_kurtosis.stdev": 14.826972007751465, "lowlevel.spectral_rms.mean": 0.004694108385592699, "lowlevel.spectral_rms.stdev": 0.0024393764324486256, "lowlevel.spectral_rolloff.mean": 1032.5770263671875, "lowlevel.spectral_rolloff.stdev": 2071.37109375, "lowlevel.spectral_skewness.mean": 3.012880325317383, "lowlevel.spectral_skewness.stdev": 1.3053776025772095, "lowlevel.spectral_spread.mean": 4507719.5, "lowlevel.spectral_spread.stdev": 2318727.75, "lowlevel.spectral_strongpeak.mean": 0.6134729981422424, "lowlevel.spectral_strongpeak.stdev": 0.7057515978813171, "lowlevel.zerocrossingrate.mean": 0.04288860782980919, "lowlevel.zerocrossingrate.stdev": 0.05157555267214775, "metadata.audio_properties.analysis.equal_loudness": 0.0, "metadata.audio_properties.analysis.length": 33.493309020996094, "metadata.audio_properties.analysis.sample_rate": 44100.0, "metadata.audio_properties.analysis.start_time": 0.0, "metadata.audio_properties.bit_rate": 115550.0, "metadata.audio_properties.length": 33.49333190917969, "metadata.audio_properties.lossless": 0.0, "metadata.audio_properties.number_channels": 1.0, "metadata.audio_properties.replay_gain": -10.475700378417969, "metadata.audio_properties.sample_rate": 48000.0, "rhythm.beats_count": 39.0, "rhythm.beats_loudness.mean": 0.0608755499124527, "rhythm.beats_loudness.stdev": 0.039395228028297424, "rhythm.bpm": 71.77556610107422, "rhythm.bpm_histogram_first_peak_bpm": 72.0, "rhythm.bpm_histogram_first_peak_weight": 0.21052628755569458, "rhythm.bpm_histogram_second_peak_bpm": 0.0, "rhythm.bpm_histogram_second_peak_spread": 0.0, "rhythm.bpm_histogram_second_peak_weight": 0.0, "rhythm.danceability": 1.2121877670288086, "rhythm.onset_rate": 3.8201663494110107, "tonal.chords_changes_rate": 0.059474412351846695, "tonal.chords_number_rate": 0.016597511246800423, "tonal.chords_strength.mean": 0.4896154999732971, "tonal.chords_strength.stdev": 0.10831264406442642, "tonal.hpcp_crest.mean": 13.574858665466309, "tonal.hpcp_crest.stdev": 6.531412601470947, "tonal.hpcp_entropy.mean": 2.028291702270508, "tonal.hpcp_entropy.stdev": 0.6807607412338257, "tonal.key_edma.strength": 0.5343250036239624, "tonal.key_krumhansl.strength": 0.5186139345169067, "tonal.key_temperley.strength": 0.5347893238067627, "tonal.tuning_diatonic_strength": 0.4574105143547058, "tonal.tuning_equal_tempered_deviation": 0.2008843570947647, "tonal.tuning_frequency": 434.193115234375, "tonal.tuning_nontempered_energy_ratio": 0.9422646164894104, "lowlevel.barkbands.mean": [0.0007766882190480828, 0.0068527450785040855, 0.0018475415417924523, 0.004442334640771151, 0.004015509970486164, 0.00532111618667841, 0.0014699397142976522, 0.0005895359208807349, 0.0005159961292520165, 0.00029411117429845035, 0.0004236773820593953, 0.00048312259605154395, 0.00030447597964666784, 0.0001702660956652835, 0.00011064700083807111, 0.0001403561473125592, 7.492904114769772e-05, 1.6315852917614393e-05, 8.6511172412429e-05, 0.00015015153621789068, 7.73112551541999e-05, 4.4690717913908884e-05, 9.884439350571483e-05, 0.00017342172213830054, 0.0001621911651454866, 4.2378353100502864e-05, 6.063552149271345e-08], "lowlevel.barkbands.stdev": [0.002681380370631814, 0.018628854304552078, 0.002982458798214793, 0.00511587830260396, 0.00615538377314806, 0.010326968505978584, 0.004117628559470177, 0.0013315603137016296, 0.0014697345905005932, 0.0009451641817577183, 0.0013636425137519836, 0.001214599353261292, 0.000770619953982532, 0.00035667663905769587, 0.0003032892127521336, 0.00033248623367398977, 0.00016886289813555777, 4.5554890675703064e-05, 0.00037995571619831026, 0.0005794312455691397, 0.0002841980312950909, 0.00013943268277216703, 0.0004223189898766577, 0.0006362760905176401, 0.0005588211352005601, 9.975500870496035e-05, 4.2211073036924063e-07], "lowlevel.erbbands.mean": [0.26605451107025146, 1.2296518087387085, 2.123093366622925, 8.863481521606445, 14.47572135925293, 13.73087215423584, 23.4842586517334, 49.41307830810547, 26.971725463867188, 17.07959747314453, 13.085880279541016, 12.973803520202637, 8.030038833618164, 12.431397438049316, 19.810489654541016, 19.528608322143555, 14.89766788482666, 9.71573257446289, 6.805045127868652, 6.29487943649292, 8.175222396850586, 3.9502551555633545, 1.0516021251678467, 2.0637261867523193, 6.486561298370361, 6.836460113525391, 4.747808933258057, 1.9408289194107056, 1.5745174884796143, 2.008759021759033, 2.948357582092285, 3.017119884490967, 3.3508710861206055, 2.2383170127868652, 0.9041568636894226, 0.2991827428340912, 0.05513095483183861, 0.003132178448140621, 9.359298564959317e-05, 3.949508027289994e-05], "lowlevel.erbbands.stdev": [0.8743359446525574, 3.089585065841675, 3.3591833114624023, 10.134040832519531, 16.138120651245117, 28.746482849121094, 44.14194107055664, 103.91667175292969, 72.07635498046875, 54.17007064819336, 30.403011322021484, 36.457969665527344, 21.261703491210938, 42.00574493408203, 59.41256332397461, 44.33454132080078, 34.11409378051758, 18.86225128173828, 15.129683494567871, 18.805200576782227, 18.121118545532227, 8.497000694274902, 2.422157049179077, 8.022215843200684, 29.097169876098633, 26.396862030029297, 18.68675994873047, 6.425954341888428, 4.999068260192871, 6.800662517547607, 13.204580307006836, 13.055618286132812, 11.83096694946289, 8.385061264038086, 2.765361785888672, 0.7500153183937073, 0.12385618686676025, 0.007257106713950634, 0.00018466189794708043, 4.035743040731177e-05], "lowlevel.gfcc.mean": [-60.48675537109375, 126.11198425292969, -70.61588287353516, 9.889547348022461, -49.650882720947266, 30.41851234436035, -57.07548904418945, 0.390657514333725, -29.433456420898438, 2.5137364864349365, -13.816671371459961, 1.809765100479126, -9.65010929107666], "lowlevel.melbands.mean": [0.0021042784210294485, 0.0013489233097061515, 0.0017618330894038081, 0.000977677758783102, 0.0007918616756796837, 0.0010700575076043606, 0.0003856063121929765, 0.00016550373402424157, 0.00010461310012033209, 7.595590432174504e-05, 3.7948986573610455e-05, 4.75538763566874e-05, 6.396498065441847e-05, 5.6021264754235744e-05, 4.246191747370176e-05, 2.777295776468236e-05, 1.7040349121089093e-05, 1.1581363651202992e-05, 7.907705366960727e-06, 8.456054274574853e-06, 1.0108259630214889e-05, 4.865684331889497e-06, 1.1404310953366803e-06, 7.319800374716579e-07, 1.5763409919600235e-06, 3.750247287825914e-06, 5.74818295717705e-06, 4.264651579433121e-06, 3.3429907944082515e-06, 1.7933764411282027e-06, 9.106051379603741e-07, 8.637132395961089e-07, 8.979962444755074e-07, 1.2088523817510577e-06, 1.620159309823066e-06, 1.9083290681010112e-06, 1.778165710675239e-06, 2.3343825432675658e-06, 2.2528504359797807e-06, 1.7858002365755965e-06], "lowlevel.melbands.stdev": [0.0062528373673558235, 0.0023242079187184572, 0.0018457225523889065, 0.0013188970042392612, 0.0014182311715558171, 0.0021806678269058466, 0.0010319972643628716, 0.000508109456859529, 0.00025107519468292594, 0.00022411720419768244, 0.00010259279952151701, 0.00016454566502943635, 0.00020906746794935316, 0.0001452546421205625, 0.00011022215039702132, 6.82519530528225e-05, 3.539095268934034e-05, 2.7432195565779693e-05, 2.294250407430809e-05, 2.383399805694353e-05, 2.248408054583706e-05, 1.1324823390168604e-05, 2.789916379697388e-06, 2.104885197695694e-06, 6.654800927208271e-06, 1.6527204934391193e-05, 2.437140756228473e-05, 1.7543587091495283e-05, 1.3780145309283398e-05, 6.716034022247186e-06, 2.991914016092778e-06, 2.811174226735602e-06, 2.8608794764295453e-06, 4.321367669035681e-06, 7.2837656261981465e-06, 9.210544703819323e-06, 7.6219466791371815e-06, 8.276706466858741e-06, 8.856752174324356e-06, 6.6334177972748876e-06], "lowlevel.melbands128.mean": [0.0007310963701456785, 0.002403878141194582, 0.0024701710790395737, 0.0019529963610693812, 0.001053555402904749, 0.0009979106253013015, 0.0016917599132284522, 0.0024057100526988506, 0.001332310726866126, 0.000877787300851196, 0.0007374402484856546, 0.0006024438189342618, 0.0006465115584433079, 0.0012081468012183905, 0.0013772387756034732, 0.0008647588547319174, 0.0004968642606399953, 0.00030629427055828273, 0.0002190436644013971, 0.0002116766117978841, 0.00011073057976318523, 9.825416782405227e-05, 0.00011534338409546763, 9.086047066375613e-05, 0.00010148857836611569, 6.045098780305125e-05, 4.225110387778841e-05, 3.607583130360581e-05, 2.8771199140464887e-05, 5.216441422817297e-05, 4.9038648285204545e-05, 4.851652920478955e-05, 7.513289892813191e-05, 6.523662159452215e-05, 5.775584213552065e-05, 5.2987717936048284e-05, 5.464822970679961e-05, 4.2776977352332324e-05, 3.5726421629078686e-05, 3.225331238354556e-05, 2.6580457415548153e-05, 2.0622999727493152e-05, 1.4863575415802188e-05, 1.6823889382067136e-05, 1.603758028068114e-05, 9.222350854543038e-06, 9.345010766992345e-06, 5.836598575115204e-06, 8.603625246905722e-06, 9.646431863075122e-06, 6.906008366058813e-06, 9.325101018475834e-06, 1.0584418305370491e-05, 1.0991201634169556e-05, 7.784844456182327e-06, 4.710891971626552e-06, 1.8834361981134862e-06, 1.2530210824479582e-06, 9.429182910025702e-07, 6.963931582504301e-07, 6.66731637011253e-07, 7.123014711396536e-07, 1.2407842859829543e-06, 1.7257594890907058e-06, 2.2254623672779417e-06, 3.227103434255696e-06, 5.08117773279082e-06, 5.878667252545711e-06, 6.26176779405796e-06, 5.2227246669644956e-06, 3.857125193462707e-06, 4.173244633420836e-06, 3.808005203609355e-06, 3.1674844649387524e-06, 2.867885314117302e-06, 2.0415429844433675e-06, 1.2458802984838258e-06, 9.180652682516666e-07, 9.193544769914297e-07, 8.024305770959472e-07, 9.001728358271066e-07, 8.658738579470082e-07, 8.441359113930957e-07, 8.872303283169458e-07, 9.168023211714171e-07, 1.1207653187739197e-06, 1.24143616631045e-06, 1.546950443298556e-06, 1.5791401892784052e-06, 1.7285278772760648e-06, 1.924639946082607e-06, 2.0031889107485767e-06, 1.7802026377466973e-06, 1.8214726651422097e-06, 1.6186318134714384e-06, 2.0780919385288144e-06, 2.5944698336388683e-06, 2.623714181027026e-06, 2.187156951549696e-06, 2.1451280645123916e-06, 2.0188149392197374e-06, 1.745439249134506e-06, 1.5229442169584217e-06, 1.205990315611416e-06, 9.595312349119922e-07, 7.902240781731962e-07, 7.563241410935007e-07, 6.632811846429831e-07, 4.7661890789640893e-07, 3.98028333847833e-07, 2.9880754937039455e-07, 1.758363339376956e-07, 1.7071256763756537e-07, 1.0251603299593626e-07, 4.571712963752361e-08, 1.7128190421544787e-08, 2.7868114482743067e-09, 1.1361594304259981e-10, 3.5848713320768555e-12, 3.4710116725289453e-12, 3.3783757041883078e-12, 3.304736909473527e-12, 3.233475986963441e-12, 3.1714500817181523e-12, 3.0848045472209318e-12, 2.968595204724811e-12, 2.901944093011699e-12, 2.879450801060446e-12], "lowlevel.melbands128.stdev": [0.0025267833843827248, 0.008424232713878155, 0.007723670452833176, 0.004488170612603426, 0.00202945270575583, 0.0015873067313805223, 0.0022381185553967953, 0.002838938729837537, 0.0017470576567575336, 0.001560752745717764, 0.0020269202068448067, 0.0017216354608535767, 0.0016184067353606224, 0.002836572239175439, 0.0031744902953505516, 0.00294096558354795, 0.0018409878248348832, 0.0010956204496324062, 0.0008974081720225513, 0.0008899622480385005, 0.00031970214331522584, 0.0002707191160880029, 0.000346831715432927, 0.0002805280382744968, 0.0003325018042232841, 0.00027148169465363026, 0.00014815335453022271, 0.0001097857384593226, 9.853488154476508e-05, 0.0002070957125397399, 0.00020301608310546726, 0.0001729205687297508, 0.00032171522616408765, 0.0002060333063127473, 0.00023389075067825615, 0.00014796260802540928, 0.0001468030095566064, 0.0001491975854150951, 0.00012067659554304555, 8.63958484842442e-05, 9.849383786786348e-05, 5.6109904107870534e-05, 3.688990182126872e-05, 5.0407197704771534e-05, 4.562300819088705e-05, 3.0244716981542297e-05, 2.965794556075707e-05, 1.9261737179476768e-05, 3.370886406628415e-05, 4.055149474879727e-05, 2.2527552573592402e-05, 2.896013575082179e-05, 2.6123414500034414e-05, 2.7891170248039998e-05, 2.1449042833410203e-05, 1.5192646969808266e-05, 4.734382400783943e-06, 3.6914741485816194e-06, 2.771189656414208e-06, 1.80516997261293e-06, 1.9976027942902874e-06, 2.902219648603932e-06, 5.2129080359009095e-06, 8.401366358157247e-06, 1.1069355423387606e-05, 1.3530206160794478e-05, 2.795743421302177e-05, 3.411574653000571e-05, 2.7088599381386302e-05, 2.202977157139685e-05, 1.6687690731487237e-05, 2.1516831111512147e-05, 1.7557065802975558e-05, 1.3213843885750975e-05, 1.2219031304994132e-05, 8.36042636365164e-06, 4.660675131162861e-06, 3.23003473567951e-06, 3.338807118780096e-06, 2.7044538910558913e-06, 3.1285394470614847e-06, 3.0819419407634996e-06, 3.01671025226824e-06, 2.9859204460080946e-06, 3.1319727895606775e-06, 4.109497695026221e-06, 4.761731815960957e-06, 6.798404228902655e-06, 7.5168027251493186e-06, 8.52890207170276e-06, 9.35534444579389e-06, 1.0609211130940821e-05, 8.717603122931905e-06, 8.523365067958366e-06, 6.566524007212138e-06, 8.188032552425284e-06, 9.520736057311296e-06, 9.65448998613283e-06, 9.399729606229812e-06, 9.579298421158455e-06, 8.501438060193323e-06, 6.439681328629376e-06, 5.6954804676934145e-06, 4.198774149699602e-06, 3.0705766675964696e-06, 2.273373866046313e-06, 2.1762234609923325e-06, 1.8717570355875068e-06, 1.2514091167759034e-06, 1.0067325320051168e-06, 7.358566449511272e-07, 4.0921526078818715e-07, 4.3539336047615507e-07, 3.0366516057256376e-07, 1.2723870668196469e-07, 5.664626456791666e-08, 1.636657742665193e-08, 1.7480105141132185e-09, 6.701836568340225e-12, 6.500630762851234e-12, 6.327686204871119e-12, 6.177110472432856e-12, 6.0394662361462625e-12, 5.9277192529516576e-12, 5.835706050338896e-12, 5.7598053930518756e-12, 5.706465248250803e-12, 5.6736429790427145e-12], "lowlevel.mfcc.mean": [-723.0228271484375, 168.6526641845703, 36.849761962890625, -2.841879367828369, 27.000612258911133, 15.151881217956543, 0.04626043140888214, -3.467038631439209, -7.541074275970459, -6.217528820037842, -7.214114665985107, 0.983252763748169, 5.068870544433594], "lowlevel.spectral_contrast_coeffs.mean": [-0.6779332160949707, -0.7158206701278687, -0.7837972640991211, -0.7966386079788208, -0.8045715093612671, -0.8295740485191345], "lowlevel.spectral_contrast_coeffs.stdev": [0.07084529101848602, 0.07726731151342392, 0.05452059209346771, 0.048357971012592316, 0.05390699952840805, 0.029190784320235252], "lowlevel.spectral_contrast_valleys.mean": [-6.496787071228027, -7.1425323486328125, -7.814915657043457, -8.262861251831055, -9.199441909790039, -10.926362037658691], "lowlevel.spectral_contrast_valleys.stdev": [0.6793896555900574, 0.8768892884254456, 0.8887764811515808, 0.8316765427589417, 1.1415305137634277, 1.3061225414276123], "rhythm.beats_loudness_band_ratio.mean": [0.5893851518630981, 0.28376641869544983, 0.08880943804979324, 0.0558217316865921, 0.014046292752027512, 0.012547355145215988], "rhythm.beats_loudness_band_ratio.stdev": [0.22631824016571045, 0.18198688328266144, 0.09989313036203384, 0.06882108747959137, 0.014868102967739105, 0.041130900382995605], "tonal.hpcp.mean": [0.08763707429170609, 0.10019552707672119, 0.04252104461193085, 0.04357985779643059, 0.05561245605349541, 0.03954525291919708, 0.05399806797504425, 0.06975384801626205, 0.07126211374998093, 0.13158150017261505, 0.11953269690275192, 0.040015432983636856, 0.03038645163178444, 0.029497351497411728, 0.029466845095157623, 0.14240626990795135, 0.21028392016887665, 0.1296539455652237, 0.11464528739452362, 0.09094991534948349, 0.07176856696605682, 0.24347740411758423, 0.29092761874198914, 0.17862558364868164, 0.3907369375228882, 0.37314149737358093, 0.08689877390861511, 0.047969136387109756, 0.041006095707416534, 0.03711444139480591, 0.07260674983263016, 0.0757765844464302, 0.04003281891345978, 0.05521132051944733, 0.05691766366362572, 0.03774638846516609], "tonal.hpcp.stdev": [0.1689572036266327, 0.20016078650951385, 0.10267452895641327, 0.12723824381828308, 0.1703229546546936, 0.1159634217619896, 0.1384093016386032, 0.17637211084365845, 0.15693260729312897, 0.2334636151790619, 0.22519566118717194, 0.10379423946142197, 0.11365143954753876, 0.10780913382768631, 0.10202731192111969, 0.24021591246128082, 0.3432811200618744, 0.21341630816459656, 0.2655748724937439, 0.21844206750392914, 0.16286787390708923, 0.3497627377510071, 0.39316484332084656, 0.23689381778240204, 0.41871216893196106, 0.4058833420276642, 0.18072304129600525, 0.14507202804088593, 0.12070522457361221, 0.12230709195137024, 0.17121218144893646, 0.1746201366186142, 0.11720197647809982, 0.13823994994163513, 0.13863766193389893, 0.12267352640628815], "rhythm.beats_position": [0.7778684496879578, 1.5789568424224854, 2.3800454139709473, 3.18113374710083, 3.9938321113586426, 4.8297505378723145, 5.665668964385986, 6.501587390899658, 7.337505340576172, 8.173423767089844, 9.009342193603516, 9.845260620117188, 10.68117904663086, 11.517097473144531, 12.353015899658203, 13.200544357299805, 14.024852752685547, 14.872380256652832, 15.708298683166504, 16.544218063354492, 17.380136489868164, 18.227664947509766, 19.075191497802734, 19.899499893188477, 20.73541831970215, 21.57133674621582, 22.407255172729492, 23.231563568115234, 24.067481994628906, 24.903400421142578, 25.75092887878418, 26.61006736755371, 27.445985794067383, 28.281904220581055, 29.117822647094727, 29.9537410736084, 30.81287956237793, 31.67201805114746, 32.55437469482422], "rhythm.bpm_histogram": [0.0, 0.0, 0.0, 0.0, 0.0, 0.0, 0.0, 0.0, 0.0, 0.0, 0.0, 0.0, 0.0, 0.0, 0.0, 0.0, 0.0, 0.0, 0.0, 0.0, 0.0, 0.0, 0.0, 0.0, 0.0, 0.0, 0.0, 0.0, 0.0, 0.0, 0.0, 0.0, 0.0, 0.0, 0.0, 0.0, 0.0, 0.0, 0.0, 0.0, 0.0, 0.0, 0.0, 0.0, 0.0, 0.0, 0.0, 0.0, 0.0, 0.0, 0.0, 0.0, 0.0, 0.0, 0.0, 0.0, 0.0, 0.0, 0.0, 0.0, 0.0, 0.0, 0.0, 0.0, 0.0, 0.0, 0.0, 0.0, 0.02631578966975212, 0.0, 0.07894736528396606, 0.1315789520740509, 0.5789473652839661, 0.07894736528396606, 0.02631578966975212, 0.07894736528396606, 0.0, 0.0, 0.0, 0.0, 0.0, 0.0, 0.0, 0.0, 0.0, 0.0, 0.0, 0.0, 0.0, 0.0, 0.0, 0.0, 0.0, 0.0, 0.0, 0.0, 0.0, 0.0, 0.0, 0.0, 0.0, 0.0, 0.0, 0.0, 0.0, 0.0, 0.0, 0.0, 0.0, 0.0, 0.0, 0.0, 0.0, 0.0, 0.0, 0.0, 0.0, 0.0, 0.0, 0.0, 0.0, 0.0, 0.0, 0.0, 0.0, 0.0, 0.0, 0.0, 0.0, 0.0, 0.0, 0.0, 0.0, 0.0, 0.0, 0.0, 0.0, 0.0, 0.0, 0.0, 0.0, 0.0, 0.0, 0.0, 0.0, 0.0, 0.0, 0.0, 0.0, 0.0, 0.0, 0.0, 0.0, 0.0, 0.0, 0.0, 0.0, 0.0, 0.0, 0.0, 0.0, 0.0, 0.0, 0.0, 0.0, 0.0, 0.0, 0.0, 0.0, 0.0, 0.0, 0.0, 0.0, 0.0, 0.0, 0.0, 0.0, 0.0, 0.0, 0.0, 0.0, 0.0, 0.0, 0.0, 0.0, 0.0, 0.0, 0.0, 0.0, 0.0, 0.0, 0.0, 0.0, 0.0, 0.0, 0.0, 0.0, 0.0, 0.0, 0.0, 0.0, 0.0, 0.0, 0.0, 0.0, 0.0, 0.0, 0.0, 0.0, 0.0, 0.0, 0.0, 0.0, 0.0, 0.0, 0.0, 0.0, 0.0, 0.0, 0.0, 0.0, 0.0, 0.0, 0.0, 0.0, 0.0, 0.0, 0.0, 0.0, 0.0, 0.0, 0.0, 0.0, 0.0, 0.0, 0.0, 0.0, 0.0, 0.0, 0.0, 0.0, 0.0, 0.0, 0.0, 0.0, 0.0, 0.0, 0.0, 0.0, 0.0], "tonal.chords_histogram": [8.022130012512207, 8.713692665100098, 17.704011917114258, 1.1065007448196411, 0.0, 0.0, 0.0, 0.0, 0.4149377644062042, 2.766251802444458, 4.564315319061279, 0.0, 0.0, 4.149377822875977, 0.0, 0.0, 0.2766251862049103, 14.246196746826172, 1.7980636358261108, 4.287690162658691, 0.0, 0.0, 17.150760650634766, 14.799447059631348], "tonal.thpcp": [1.0, 0.9549685716629028, 0.22239713370800018, 0.12276580929756165, 0.10494553297758102, 0.09498575329780579, 0.18582002818584442, 0.19393248856067657, 0.10245465487241745, 0.1413004845380783, 0.14566747844219208, 0.09660307317972183, 0.22428664565086365, 0.2564270794391632, 0.10882268846035004, 0.11153247207403183, 0.14232710003852844, 0.10120684653520584, 0.1381954550743103, 0.17851869761943817, 0.18237875401973724, 0.33675214648246765, 0.30591604113578796, 0.10241016000509262, 0.0777670294046402, 0.07549158483743668, 0.07541351020336151, 0.36445561051368713, 0.5381726026535034, 0.3318190276622772, 0.2934078574180603, 0.2327650785446167, 0.1836749017238617, 0.6231235861778259, 0.7445613145828247, 0.45715048909187317], "lowlevel.gfcc.cov": [[6706.818359375, -2535.993896484375, -173.6907501220703, 754.7041015625, -744.96630859375, -145.1800079345703, -293.79473876953125, 495.27069091796875, -378.9363708496094, 314.8882751464844, -9.645818710327148, 200.87796020507812, -271.2407531738281], [-2535.993896484375, 2798.16259765625, -123.4454116821289, -1115.968505859375, 542.998291015625, 0.7097651958465576, 9.817761421203613, -357.2038269042969, 474.3857727050781, -344.4073181152344, 55.692962646484375, -24.16849708557129, 211.8991241455078], [-173.6907501220703, -123.4454116821289, 286.5711669921875, 114.9250717163086, 15.782638549804688, 86.98457336425781, 80.98112487792969, 9.73059368133545, -27.565515518188477, 50.88495635986328, -8.190009117126465, 45.586341857910156, 4.613417148590088], [754.7041015625, -1115.968505859375, 114.9250717163086, 740.1190185546875, -99.00408172607422, 5.893383502960205, 54.39508056640625, 108.29869079589844, -178.42489624023438, 155.20880126953125, 20.57723617553711, -25.19305419921875, -35.894935607910156], [-744.96630859375, 542.998291015625, 15.782638549804688, -99.00408172607422, 296.9594421386719, 35.53471374511719, -10.291106224060059, -76.12831115722656, 125.85112762451172, -52.63909912109375, 7.440140247344971, -17.764427185058594, 50.451210021972656], [-145.1800079345703, 0.7097651958465576, 86.98457336425781, 5.893383502960205, 35.53471374511719, 155.29185485839844, 110.59927368164062, 22.550355911254883, 0.13208796083927155, 23.357681274414062, -7.311795711517334, -6.651921272277832, -1.9770959615707397], [-293.79473876953125, 9.817761421203613, 80.98112487792969, 54.39508056640625, -10.291106224060059, 110.59927368164062, 301.28155517578125, 48.766544342041016, -51.31880187988281, 24.874088287353516, 22.123912811279297, -16.130159378051758, 4.197925567626953], [495.27069091796875, -357.2038269042969, 9.73059368133545, 108.29869079589844, -76.12831115722656, 22.550355911254883, 48.766544342041016, 171.79026794433594, -37.778316497802734, 31.73594856262207, 8.919130325317383, 41.60822296142578, -34.957828521728516], [-378.9363708496094, 474.3857727050781, -27.565515518188477, -178.42489624023438, 125.85112762451172, 0.13208796083927155, -51.31880187988281, -37.778316497802734, 181.8381805419922, -30.872787475585938, 1.4107105731964111, 9.761528968811035, 55.06271743774414], [314.8882751464844, -344.4073181152344, 50.88495635986328, 155.20880126953125, -52.63909912109375, 23.357681274414062, 24.874088287353516, 31.73594856262207, -30.872787475585938, 150.26473999023438, 14.382874488830566, 3.9831161499023438, -22.860780715942383], [-9.645818710327148, 55.692962646484375, -8.190009117126465, 20.57723617553711, 7.440140247344971, -7.311795711517334, 22.123912811279297, 8.919130325317383, 1.4107105731964111, 14.382874488830566, 102.26499938964844, 25.857864379882812, 7.310299873352051], [200.87796020507812, -24.16849708557129, 45.586341857910156, -25.19305419921875, -17.764427185058594, -6.651921272277832, -16.130159378051758, 41.60822296142578, 9.761528968811035, 3.9831161499023438, 25.857864379882812, 123.99991607666016, 15.683774948120117], [-271.2407531738281, 211.8991241455078, 4.613417148590088, -35.894935607910156, 50.451210021972656, -1.9770959615707397, 4.197925567626953, -34.957828521728516, 55.06271743774414, -22.860780715942383, 7.310299873352051, 15.683774948120117, 90.89242553710938]], "lowlevel.gfcc.icov": [[0.0003376538516022265, -0.00012167645036242902, 0.00038717975257895887, -0.0003328871389385313, 0.0005619383882731199, -0.00024135320563800633, 0.0005055879009887576, -0.0005678299930877984, 0.00022087947581894696, -0.00040154834277927876, 0.00024429234326817095, -0.0005659423768520355, 0.0004244753217790276], [-0.00012167645036242902, 0.00524310115724802, -0.0011450373567640781, 0.005295808892697096, -0.0039201839827001095, 0.002177781192585826, -0.0033227328676730394, 0.0043700640089809895, -0.004877867642790079, 0.004079815931618214, -0.004028632305562496, 0.00176648807246238, -0.0023790206760168076], [0.00038717975257895887, -0.0011450373567640781, 0.006332921329885721, -0.0024470346979796886, 0.0009191203280352056, -0.003313902299851179, 0.0002886879083234817, 0.00035200401907786727, 0.0013578172074630857, -0.001982051646336913, 0.0025783616583794355, -0.004552010912448168, 0.0013338550925254822], [-0.0003328871389385313, 0.005295808892697096, -0.0024470346979796886, 0.008379644714295864, -0.005178106017410755, 0.0032748375087976456, -0.0029968065209686756, 0.002536773681640625, -0.0018732270691543818, 0.0019127444829791784, -0.004690665751695633, 0.004005362745374441, -0.0045446488074958324], [0.0005619383882731199, -0.0039201839827001095, 0.0009191203280352056, -0.005178106017410755, 0.009772974997758865, -0.0036459059920161963, 0.002999192802235484, -0.0017354616429656744, -0.0007614953792653978, -0.0011853420874103904, 0.0022226355504244566, -0.0015909792855381966, 0.0026735735591500998], [-0.00024135320563800633, 0.002177781192585826, -0.003313902299851179, 0.0032748375087976456, -0.0036459059920161963, 0.012234728783369064, -0.004867691081017256, 0.000269004114670679, -0.0021391764748841524, 0.0002400118682999164, -0.0005408648867160082, 0.0024774058256298304, -0.00074543192749843], [0.0005055879009887576, -0.0033227328676730394, 0.0002886879083234817, -0.0029968065209686756, 0.002999192802235484, -0.004867691081017256, 0.008300584740936756, -0.005304327234625816, 0.005564748775213957, -0.003141597378998995, 0.0008840899099595845, 0.00038002189830876887, -0.00043506681686267257], [-0.0005678299930877984, 0.0043700640089809895, 0.00035200401907786727, 0.002536773681640625, -0.0017354616429656744, 0.000269004114670679, -0.005304327234625816, 0.014463131316006184, -0.006946139503270388, 0.004877245984971523, -0.002890778938308358, -0.002885140711441636, 0.0020431862212717533], [0.00022087947581894696, -0.004877867642790079, 0.0013578172074630857, -0.0018732270691543818, -0.0007614953792653978, -0.0021391764748841524, 0.005564748775213957, -0.006946139503270388, 0.017763959243893623, -0.00684054009616375, 0.003670276142656803, -0.0007995239575393498, -0.003969227429479361], [-0.00040154834277927876, 0.004079815931618214, -0.001982051646336913, 0.0019127444829791784, -0.0011853420874103904, 0.0002400118682999164, -0.003141597378998995, 0.004877245984971523, -0.00684054009616375, 0.013668511994183064, -0.004657420329749584, 0.0013616580981761217, 0.0005518778343684971], [0.00024429234326817095, -0.004028632305562496, 0.0025783616583794355, -0.004690665751695633, 0.0022226355504244566, -0.0005408648867160082, 0.0008840899099595845, -0.002890778938308358, 0.003670276142656803, -0.004657420329749584, 0.014775745570659637, -0.005187449045479298, 0.0020514887291938066], [-0.0005659423768520355, 0.00176648807246238, -0.004552010912448168, 0.004005362745374441, -0.0015909792855381966, 0.0024774058256298304, 0.00038002189830876887, -0.002885140711441636, -0.0007995239575393498, 0.0013616580981761217, -0.005187449045479298, 0.014525267295539379, -0.005446841940283775], [0.0004244753217790276, -0.0023790206760168076, 0.0013338550925254822, -0.0045446488074958324, 0.0026735735591500998, -0.00074543192749843, -0.00043506681686267257, 0.0020431862212717533, -0.003969227429479361, 0.0005518778343684971, 0.0020514887291938066, -0.005446841940283775, 0.01857646182179451]], "lowlevel.mfcc.cov": [[6913.31884765625, -2895.00830078125, 154.0976104736328, 421.5437927246094, -307.18829345703125, -582.7697143554688, 67.6662368774414, -127.91796875, -223.4047088623047, 84.43903350830078, 39.243778228759766, -100.41184997558594, 260.28765869140625], [-2895.00830078125, 3332.7861328125, -440.7479248046875, -825.7005615234375, 267.92059326171875, 177.7322540283203, -410.8510437011719, 181.6923065185547, 92.68848419189453, -186.1048126220703, -8.731108665466309, 35.75660705566406, -15.085148811340332], [154.0976104736328, -440.7479248046875, 291.0796203613281, 113.80175018310547, -87.2152099609375, 45.114253997802734, 114.34700775146484, 6.265331268310547, 14.14484977722168, 15.983662605285645, 4.015532970428467, 8.141006469726562, 11.9483060836792], [421.5437927246094, -825.7005615234375, 113.80175018310547, 435.43927001953125, -4.9846906661987305, 23.715490341186523, 138.09793090820312, -63.287689208984375, -14.99395751953125, 51.91337585449219, -6.139745712280273, 9.47615909576416, -16.29130744934082], [-307.18829345703125, 267.92059326171875, -87.2152099609375, -4.9846906661987305, 297.25653076171875, 31.592754364013672, -144.2805938720703, -10.46165943145752, -8.061739921569824, 0.6744765639305115, -23.086713790893555, -29.615320205688477, 7.4648613929748535], [-582.7697143554688, 177.7322540283203, 45.114253997802734, 23.715490341186523, 31.592754364013672, 223.1476593017578, 54.948387145996094, -23.79409408569336, 58.577598571777344, 19.01392364501953, 19.13007926940918, 26.52452850341797, -42.75398635864258], [67.6662368774414, -410.8510437011719, 114.34700775146484, 138.09793090820312, -144.2805938720703, 54.948387145996094, 286.7178039550781, 42.374183654785156, 12.53831672668457, 39.05830001831055, 35.24164581298828, 55.70436477661133, -15.450352668762207], [-127.91796875, 181.6923065185547, 6.265331268310547, -63.287689208984375, -10.46165943145752, -23.79409408569336, 42.374183654785156, 166.19520568847656, 35.56646728515625, -21.671546936035156, 4.284862518310547, 10.714613914489746, 28.999765396118164], [-223.4047088623047, 92.68848419189453, 14.14484977722168, -14.99395751953125, -8.061739921569824, 58.577598571777344, 12.53831672668457, 35.56646728515625, 126.24542236328125, 19.808866500854492, 8.595319747924805, 10.733490943908691, -12.230278968811035], [84.43903350830078, -186.1048126220703, 15.983662605285645, 51.91337585449219, 0.6744765639305115, 19.01392364501953, 39.05830001831055, -21.671546936035156, 19.808866500854492, 109.07334899902344, 20.624866485595703, -3.1082348823547363, -23.637474060058594], [39.243778228759766, -8.731108665466309, 4.015532970428467, -6.139745712280273, -23.086713790893555, 19.13007926940918, 35.24164581298828, 4.284862518310547, 8.595319747924805, 20.624866485595703, 79.15328216552734, 33.0521240234375, -1.0477207899093628], [-100.41184997558594, 35.75660705566406, 8.141006469726562, 9.47615909576416, -29.615320205688477, 26.52452850341797, 55.70436477661133, 10.714613914489746, 10.733490943908691, -3.1082348823547363, 33.0521240234375, 95.34831237792969, 18.005985260009766], [260.28765869140625, -15.085148811340332, 11.9483060836792, -16.29130744934082, 7.4648613929748535, -42.75398635864258, -15.450352668762207, 28.999765396118164, -12.230278968811035, -23.637474060058594, -1.0477207899093628, 18.005985260009766, 108.77322387695312]], "lowlevel.mfcc.icov": [[0.0003515623102430254, 0.00036567868664860725, 0.00023895397316664457, 0.00015072559472173452, 0.00023317604791373014, 0.0002906605077441782, 0.00029110480681993067, -1.6877009329618886e-05, 0.00013910222332924604, -4.336154233897105e-06, -0.0004029005649499595, 0.0002742806973401457, -0.0006847206968814135], [0.00036567868664860725, 0.0014507920714095235, 0.0011024880222976208, 0.0015561074251309037, 1.6514515664312057e-05, -0.001097668893635273, 0.0011844792170450091, -0.001084444927982986, 0.00025791398365981877, 0.0007509140414185822, -0.00014177945558913052, -0.000575399084482342, -0.0002510327904019505], [0.00023895397316664457, 0.0011024880222976208, 0.0056247953325510025, 0.00019426924700383097, 0.0012867399491369724, -0.0022324714809656143, 0.00011858369543915614, -0.0011560166021808982, 0.0001329699734924361, 0.00048688871902413666, 0.00022216993966139853, 0.0006523352931253612, -0.0016335045220330358], [0.00015072559472173452, 0.0015561074251309037, 0.00019426924700383097, 0.0056070489808917046, -0.001690364908427, -0.0007399438181892037, -0.0013793649850413203, 0.0007362093892879784, -9.357595990877599e-05, 0.0004838083987124264, 0.0010974470060318708, -0.0010207461891695857, 0.0003806929162237793], [0.00023317604791373014, 1.6514515664312057e-05, 0.0012867399491369724, -0.001690364908427, 0.006235653534531593, -0.0022309923078864813, 0.004016865976154804, -0.0018434930825605989, 0.0016496202442795038, -0.0016515578608959913, 0.000323089916491881, 0.0006413210649043322, -0.0014694612473249435], [0.0002906605077441782, -0.001097668893635273, -0.0022324714809656143, -0.0007399438181892037, -0.0022309923078864813, 0.009586225263774395, -0.003555065719410777, 0.004000918474048376, -0.003688265336677432, 0.0002009509044000879, -0.0014133757213130593, -7.752715464448556e-05, 0.0012642177753150463], [0.00029110480681993067, 0.0011844792170450091, 0.00011858369543915614, -0.0013793649850413203, 0.004016865976154804, -0.003555065719410777, 0.010119353421032429, -0.0051236338913440704, 0.0025162252131849527, -0.0018579246243461967, -0.0006973391282372177, -0.003364874515682459, 0.0008078869432210922], [-1.6877009329618886e-05, -0.001084444927982986, -0.0011560166021808982, 0.0007362093892879784, -0.0018434930825605989, 0.004000918474048376, -0.0051236338913440704, 0.01063456665724516, -0.00404512882232666, 0.001660041161812842, -0.00048432903713546693, 0.0016011731931939721, -0.0021004907321184874], [0.00013910222332924604, 0.00025791398365981877, 0.0001329699734924361, -9.357595990877599e-05, 0.0016496202442795038, -0.003688265336677432, 0.0025162252131849527, -0.00404512882232666, 0.011185774579644203, -0.002755241934210062, 0.0003261067613493651, -0.0009609879343770444, 0.000368439476005733], [-4.336154233897105e-06, 0.0007509140414185822, 0.00048688871902413666, 0.0004838083987124264, -0.0016515578608959913, 0.0002009509044000879, -0.0018579246243461967, 0.001660041161812842, -0.002755241934210062, 0.012674017809331417, -0.003293477464467287, 0.0014817699557170272, 0.0017867210553959012], [-0.0004029005649499595, -0.00014177945558913052, 0.00022216993966139853, 0.0010974470060318708, 0.000323089916491881, -0.0014133757213130593, -0.0006973391282372177, -0.00048432903713546693, 0.0003261067613493651, -0.003293477464467287, 0.016890740022063255, -0.005725845694541931, 0.0009682783274911344], [0.0002742806973401457, -0.000575399084482342, 0.0006523352931253612, -0.0010207461891695857, 0.0006413210649043322, -7.752715464448556e-05, -0.003364874515682459, 0.0016011731931939721, -0.0009609879343770444, 0.0014817699557170272, -0.005725845694541931, 0.01602349802851677, -0.004433677531778812], [-0.0006847206968814135, -0.0002510327904019505, -0.0016335045220330358, 0.0003806929162237793, -0.0014694612473249435, 0.0012642177753150463, 0.0008078869432210922, -0.0021004907321184874, 0.000368439476005733, 0.0017867210553959012, 0.0009682783274911344, -0.004433677531778812, 0.013479048386216164]], "metadata.audio_properties.analysis.downmix": "mix", "metadata.audio_properties.codec": "mp3", "metadata.audio_properties.md5_encoded": "fd0fc334cf3db175429829b21c4e97b0", "metadata.tags.file_name": "1182282858392453121.mp3", "metadata.version.essentia": "2.1-beta6-dev", "metadata.version.essentia_git_sha": "v2.1_beta5-1110-g77a6a954", "metadata.version.extractor": "music 2.0", "tonal.chords_key": "C", "tonal.chords_scale": "major", "tonal.key_edma.key": "Bb", "tonal.key_edma.scale": "major", "tonal.key_krumhansl.key": "Bb", "tonal.key_krumhansl.scale": "major", "tonal.key_temperley.key": "F", "tonal.key_temperley.scale": "major", "metadata.tags.encoding": ["Lavf58.45.100"]}, "essentia_models": [{"model_name": "genre_dortmund", "activations": {"alternative": "0.2517371", "blues": "0.011899817", "electronic": "0.0017103202", "folkcountry": "0.23273453", "funksoulrnb": "0.011828256", "jazz": "0.015792506", "pop": "0.034438606