{"song_id": "1182264623370600488", "download": "https://cdn.discordapp.com/attachments/1135903449314238464/1182264623370600488/chirp.mp4?ex=658410bb&amp", "lyrics": "[Verse 1]\nThey say Rockstar's got the magic touch\nCreating worlds that thrill us so much\nBut why is GTA 6 taking forever to arrive\nLeaving us longing, barely alive\n\n[Chorus]\nOh Rockstar, tell us, what's the deal\nWe need our fix, it's time to reveal\nBring on GTA 6, our hearts ache\nThis wait is more than we can take", "style": ["random"], "essentia_features": {"lowlevel.average_loudness": 0.9797890782356262, "lowlevel.barkbands_crest.mean": 11.64318561553955, "lowlevel.barkbands_crest.stdev": 4.186094284057617, "lowlevel.barkbands_flatness_db.mean": 0.11752669513225555, "lowlevel.barkbands_flatness_db.stdev": 0.038316722959280014, "lowlevel.barkbands_kurtosis.mean": 3.279883623123169, "lowlevel.barkbands_kurtosis.stdev": 7.437595367431641, "lowlevel.barkbands_skewness.mean": 1.6775927543640137, "lowlevel.barkbands_skewness.stdev": 1.154086947441101, "lowlevel.barkbands_spread.mean": 34.728294372558594, "lowlevel.barkbands_spread.stdev": 18.229379653930664, "lowlevel.dissonance.mean": 0.48245492577552795, "lowlevel.dissonance.stdev": 0.01867191679775715, "lowlevel.dynamic_complexity": 1.2696049213409424, "lowlevel.erbbands_crest.mean": 7.256425380706787, "lowlevel.erbbands_crest.stdev": 3.7980873584747314, "lowlevel.erbbands_flatness_db.mean": 0.12396083027124405, "lowlevel.erbbands_flatness_db.stdev": 0.02772659808397293, "lowlevel.erbbands_kurtosis.mean": 0.29520317912101746, "lowlevel.erbbands_kurtosis.stdev": 1.456531047821045, "lowlevel.erbbands_skewness.mean": -0.4171299934387207, "lowlevel.erbbands_skewness.stdev": 0.6433529853820801, "lowlevel.erbbands_spread.mean": 49.91255187988281, "lowlevel.erbbands_spread.stdev": 18.90528106689453, "lowlevel.hfc.mean": 40.2561149597168, "lowlevel.hfc.stdev": 30.21407127380371, "lowlevel.loudness_ebu128.integrated": -12.890305519104004, "lowlevel.loudness_ebu128.loudness_range": 2.1869983673095703, "lowlevel.loudness_ebu128.momentary.mean": -13.00656509399414, "lowlevel.loudness_ebu128.momentary.stdev": 1.0330911874771118, "lowlevel.loudness_ebu128.short_term.mean": -12.984092712402344, "lowlevel.loudness_ebu128.short_term.stdev": 0.8087317943572998, "lowlevel.melbands_crest.mean": 18.809913635253906, "lowlevel.melbands_crest.stdev": 4.057596683502197, "lowlevel.melbands_flatness_db.mean": 0.18296119570732117, "lowlevel.melbands_flatness_db.stdev": 0.049359094351530075, "lowlevel.melbands_kurtosis.mean": 19.879560470581055, "lowlevel.melbands_kurtosis.stdev": 25.83194923400879, "lowlevel.melbands_skewness.mean": 3.6865432262420654, "lowlevel.melbands_skewness.stdev": 1.9593091011047363, "lowlevel.melbands_spread.mean": 27.272932052612305, "lowlevel.melbands_spread.stdev": 16.944286346435547, "lowlevel.pitch_salience.mean": 0.4606837034225464, "lowlevel.pitch_salience.stdev": 0.09566246718168259, "lowlevel.silence_rate_20dB.mean": 1.0, "lowlevel.silence_rate_20dB.stdev": 0.0, "lowlevel.silence_rate_30dB.mean": 0.9220505356788635, "lowlevel.silence_rate_30dB.stdev": 0.2680909037590027, "lowlevel.silence_rate_60dB.mean": 0.0007022471982054412, "lowlevel.silence_rate_60dB.stdev": 0.026490332558751106, "lowlevel.spectral_centroid.mean": 1842.0997314453125, "lowlevel.spectral_centroid.stdev": 617.3818359375, "lowlevel.spectral_complexity.mean": 31.532302856445312, "lowlevel.spectral_complexity.stdev": 11.239994049072266, "lowlevel.spectral_decrease.mean": -1.1549474265848403e-08, "lowlevel.spectral_decrease.stdev": 8.890247649162575e-09, "lowlevel.spectral_energy.mean": 0.04724167287349701, "lowlevel.spectral_energy.stdev": 0.034558918327093124, "lowlevel.spectral_energyband_high.mean": 0.0030931667424738407, "lowlevel.spectral_energyband_high.stdev": 0.003684425260871649, "lowlevel.spectral_energyband_low.mean": 0.029351770877838135, "lowlevel.spectral_energyband_low.stdev": 0.032787054777145386, "lowlevel.spectral_energyband_middle_high.mean": 0.007202382665127516, "lowlevel.spectral_energyband_middle_high.stdev": 0.005101899150758982, "lowlevel.spectral_energyband_middle_low.mean": 0.009940761141479015, "lowlevel.spectral_energyband_middle_low.stdev": 0.008130589500069618, "lowlevel.spectral_entropy.mean": 7.955195903778076, "lowlevel.spectral_entropy.stdev": 0.28622502088546753, "lowlevel.spectral_flux.mean": 0.11050223559141159, "lowlevel.spectral_flux.stdev": 0.07087448239326477, "lowlevel.spectral_kurtosis.mean": 2.63914155960083, "lowlevel.spectral_kurtosis.stdev": 1.266193151473999, "lowlevel.spectral_rms.mean": 0.00651049567386508, "lowlevel.spectral_rms.stdev": 0.0019242976559326053, "lowlevel.spectral_rolloff.mean": 1813.809814453125, "lowlevel.spectral_rolloff.stdev": 1751.4520263671875, "lowlevel.spectral_skewness.mean": 1.1481205224990845, "lowlevel.spectral_skewness.stdev": 0.2685646414756775, "lowlevel.spectral_spread.mean": 5127492.0, "lowlevel.spectral_spread.stdev": 1240193.5, "lowlevel.spectral_strongpeak.mean": 0.6078107357025146, "lowlevel.spectral_strongpeak.stdev": 0.6316275596618652, "lowlevel.zerocrossingrate.mean": 0.07189221680164337, "lowlevel.zerocrossingrate.stdev": 0.03528081998229027, "metadata.audio_properties.analysis.equal_loudness": 0.0, "metadata.audio_properties.analysis.length": 33.02294921875, "metadata.audio_properties.analysis.sample_rate": 44100.0, "metadata.audio_properties.analysis.start_time": 0.0, "metadata.audio_properties.bit_rate": 118658.0, "metadata.audio_properties.length": 33.02399826049805, "metadata.audio_properties.lossless": 0.0, "metadata.audio_properties.number_channels": 1.0, "metadata.audio_properties.replay_gain": -12.045856475830078, "metadata.audio_properties.sample_rate": 48000.0, "rhythm.beats_count": 78.0, "rhythm.beats_loudness.mean": 0.05639881268143654, "rhythm.beats_loudness.stdev": 0.022216536104679108, "rhythm.bpm": 143.88870239257812, "rhythm.bpm_histogram_first_peak_bpm": 144.0, "rhythm.bpm_histogram_first_peak_weight": 0.2077922224998474, "rhythm.bpm_histogram_second_peak_bpm": 0.0, "rhythm.bpm_histogram_second_peak_spread": 0.0, "rhythm.bpm_histogram_second_peak_weight": 0.0, "rhythm.danceability": 1.6673517227172852, "rhythm.onset_rate": 4.055445194244385, "tonal.chords_changes_rate": 0.049088358879089355, "tonal.chords_number_rate": 0.015427770093083382, "tonal.chords_strength.mean": 0.5045739412307739, "tonal.chords_strength.stdev": 0.052510522305965424, "tonal.hpcp_crest.mean": 13.432591438293457, "tonal.hpcp_crest.stdev": 5.815463542938232, "tonal.hpcp_entropy.mean": 2.0424554347991943, "tonal.hpcp_entropy.stdev": 0.7355602979660034, "tonal.key_edma.strength": 0.6454896330833435, "tonal.key_krumhansl.strength": 0.6392962336540222, "tonal.key_temperley.strength": 0.6226920485496521, "tonal.tuning_diatonic_strength": 0.4657985270023346, "tonal.tuning_equal_tempered_deviation": 0.07740089297294617, "tonal.tuning_frequency": 442.80462646484375, "tonal.tuning_nontempered_energy_ratio": 0.6826608180999756, "lowlevel.barkbands.mean": [0.0008528748876415193, 0.011800309643149376, 0.014421075582504272, 0.00458207493647933, 0.001711279503069818, 0.0006022690213285387, 0.000666062580421567, 0.0010076607577502728, 0.0012742168037220836, 0.0005150437937118113, 0.0008036836516112089, 0.0006904827896505594, 0.000694424903485924, 0.0006253474857658148, 0.0007604871061630547, 0.0008472561021335423, 0.001003284938633442, 0.00047201308188959956, 0.0004883248475380242, 0.0008257871959358454, 0.0006848705234006047, 0.0005519684636965394, 0.00048007769510149956, 0.0004415158764459193, 0.0002896715886890888, 0.00014849133731331676, 1.1248411055930774e-06], "lowlevel.barkbands.stdev": [0.0009894146351143718, 0.029937105253338814, 0.008924326859414577, 0.004793906584382057, 0.0032466731499880552, 0.0009954613633453846, 0.0014695703284814954, 0.0018018013797700405, 0.002375771524384618, 0.0010385036002844572, 0.0015155428554862738, 0.0013412998523563147, 0.001313499640673399, 0.0009528096998110414, 0.0012369632022455335, 0.0012904404429718852, 0.0018106153002008796, 0.0004459703923203051, 0.00040465255733579397, 0.0007474799058400095, 0.0007583073456771672, 0.0007932654698379338, 0.0007812011754140258, 0.0008004683768376708, 0.0004926316905766726, 0.0002561637666076422, 3.4866454825532855e-06], "lowlevel.erbbands.mean": [0.3143474757671356, 2.9264254570007324, 13.806434631347656, 17.924440383911133, 11.176627159118652, 3.7488129138946533, 4.267403602600098, 5.25136137008667, 7.6817779541015625, 13.670228958129883, 27.86180877685547, 27.969289779663086, 16.33023452758789, 26.523651123046875, 29.094816207885742, 26.680049896240234, 30.74098014831543, 31.578943252563477, 38.32219696044922, 38.95387268066406, 52.83613586425781, 61.03557205200195, 28.827932357788086, 24.2590274810791, 26.94166374206543, 39.1114387512207, 34.178375244140625, 22.933025360107422, 20.496814727783203, 16.011775970458984, 13.291354179382324, 10.203997611999512, 6.656326770782471, 3.5872929096221924, 1.8697149753570557, 0.883289098739624, 0.2263120859861374, 0.019573912024497986, 0.00044488650746643543, 8.071272895904258e-05], "lowlevel.erbbands.stdev": [0.8279998898506165, 6.792015075683594, 9.877900123596191, 11.554427146911621, 17.78215217590332, 7.170768737792969, 8.29195499420166, 8.598855972290039, 19.68457794189453, 23.957311630249023, 51.671470642089844, 51.70200729370117, 26.969932556152344, 50.027427673339844, 53.95566177368164, 49.657318115234375, 53.43178939819336, 48.215660095214844, 55.55293655395508, 59.99954605102539, 75.4153823852539, 116.63031768798828, 29.924678802490234, 19.122163772583008, 22.744888305664062, 35.0633544921875, 36.69932174682617, 27.14104461669922, 28.651010513305664, 24.360599517822266, 21.99677276611328, 18.74709701538086, 11.944531440734863, 6.005199432373047, 3.38055157661438, 1.5701295137405396, 0.3968961238861084, 0.03754308074712753, 0.0007646084413863719, 6.14455493632704e-05], "lowlevel.gfcc.mean": [55.29901885986328, 62.67758560180664, -113.5851058959961, 54.6754264831543, -48.82573318481445, 28.909021377563477, -32.18497848510742, 17.21708869934082, -27.78356170654297, 4.280649662017822, -29.326251983642578, -9.598423957824707, -20.50635528564453], "lowlevel.melbands.mean": [0.00309806689620018, 0.0059670195914804935, 0.0029718242585659027, 0.0004644822038244456, 0.00014506556908600032, 0.0001175168072222732, 0.0001233529910678044, 0.00016385738854296505, 0.0002405482082394883, 0.0001710061333142221, 7.842350169084966e-05, 0.00010403402848169208, 9.770714677870274e-05, 8.08024633442983e-05, 6.496733840322122e-05, 7.294207171071321e-05, 5.5917953432071954e-05, 6.087897781981155e-05, 5.7033917983062565e-05, 5.0829927204176784e-05, 6.0811027651652694e-05, 6.804292206652462e-05, 3.62571699952241e-05, 1.909826823975891e-05, 1.9554116079234518e-05, 1.8329483282286674e-05, 2.188138387282379e-05, 2.7482130462885834e-05, 2.264744762214832e-05, 1.728580718918238e-05, 1.1864741281897295e-05, 1.195316781377187e-05, 1.0056999599328265e-05, 8.636475286039058e-06, 8.003285074664745e-06, 6.6087814047932625e-06, 6.124714218458394e-06, 4.997092673875159e-06, 3.5652910810313188e-06, 2.831876372511033e-06], "lowlevel.melbands.stdev": [0.008105267770588398, 0.005604594945907593, 0.00199843174777925, 0.0008448425214737654, 0.0002807210839819163, 0.00019201167742721736, 0.0002854047925211489, 0.00026993794017471373, 0.00047563540283590555, 0.0003162313369102776, 0.00014031006139703095, 0.00019726344908121973, 0.00017644181207288057, 0.0001643951254663989, 0.0001429607073077932, 0.00013146256969776005, 9.202369983540848e-05, 9.339368989458308e-05, 0.00010339124855818227, 8.585261821281165e-05, 8.78103674040176e-05, 0.00013974290050100535, 4.8134610551642254e-05, 1.771195456967689e-05, 1.6085061361081898e-05, 1.732356940919999e-05, 1.9268101823399775e-05, 2.627283538458869e-05, 2.6496758437133394e-05, 1.9878007151419297e-05, 1.517267810413614e-05, 1.6720145140425302e-05, 1.648522083996795e-05, 1.3651555491378531e-05, 1.3557743841374759e-05, 1.1766376701416448e-05, 1.1801690561696887e-05, 9.402905561728403e-06, 6.048039267625427e-06, 4.8338365559175145e-06], "lowlevel.melbands128.mean": [0.0004378573503345251, 0.0021721168886870146, 0.004408227279782295, 0.004545565228909254, 0.00654043722897768, 0.007103672716766596, 0.003813935210928321, 0.0020589628256857395, 0.0010804756311699748, 0.00027204540674574673, 0.00015885035099927336, 0.00014216401905287057, 0.0001524989929748699, 0.0001310864754486829, 0.00012476681149564683, 9.806864545680583e-05, 0.00011012845789082348, 0.00011861407256219536, 0.00015994859859347343, 0.00013028120156377554, 0.00018181806080974638, 0.00022088033438194543, 0.00026384880766272545, 0.0002621074963826686, 0.0001552214234834537, 0.00018381120753474534, 6.882546585984528e-05, 5.737521132687107e-05, 9.723599214339629e-05, 7.236699457280338e-05, 0.0001316819543717429, 0.00012286413402762264, 7.180526154115796e-05, 0.00010572902101557702, 9.321841935161501e-05, 7.297717093024403e-05, 5.51365374121815e-05, 8.224357588915154e-05, 5.123240043758415e-05, 6.427145126508549e-05, 9.057992429006845e-05, 6.427933840313926e-05, 5.02709299325943e-05, 4.941209772368893e-05, 6.841609138064086e-05, 6.08015398029238e-05, 5.756715836469084e-05, 5.965409945929423e-05, 5.8896359405480325e-05, 4.462850120035e-05, 4.3164553062524647e-05, 6.0784856032114476e-05, 7.726631156401709e-05, 5.279620745568536e-05, 4.4824224460171536e-05, 9.385797602590173e-05, 6.229795690160245e-05, 3.571917841327377e-05, 3.2327723602065817e-05, 2.363378916925285e-05, 1.4755173651792575e-05, 1.883683398773428e-05, 2.1009696865803562e-05, 1.9307652110001072e-05, 1.8142227418138646e-05, 1.8219969206256792e-05, 1.849060572567396e-05, 1.8734101104200818e-05, 2.3568169126519933e-05, 2.5440825993428007e-05, 2.712669265747536e-05, 2.913498792622704e-05, 2.568447234807536e-05, 2.167706952604931e-05, 1.871983658929821e-05, 1.9501312635838985e-05, 1.6055215382948518e-05, 1.1950503903790377e-05, 1.1106812962680124e-05, 1.154957317339722e-05, 1.3069478882243857e-05, 1.1573243682505563e-05, 1.0792455213959329e-05, 1.0833440683200024e-05, 8.316092134919018e-06, 8.277774213638622e-06, 8.412026545556728e-06, 9.919765034283046e-06, 7.993203325895593e-06, 6.714195478707552e-06, 6.9253978836059105e-06, 6.487721748271724e-06, 6.328281415335368e-06, 6.176384886202868e-06, 6.0511165429488756e-06, 5.559080818784423e-06, 4.7398839342349675e-06, 4.1981561480497476e-06, 3.641293687906e-06, 3.1715105706098257e-06, 3.1342026431957493e-06, 2.799413778120652e-06, 2.493990905350074e-06, 2.2383871964848367e-06, 1.9367391814739676e-06, 1.967764092114521e-06, 2.090226644213544e-06, 1.8828062593456707e-06, 1.4635628531323164e-06, 1.285037001252931e-06, 1.1095296486018924e-06, 8.171882086571713e-07, 7.050535941743874e-07, 5.14089720127231e-07, 2.865497492621216e-07, 2.0194345040636108e-07, 5.026473104408069e-08, 2.8311033517525175e-09, 5.847277523285399e-11, 4.626194219370383e-11, 3.508674600860573e-11, 3.3918704650526266e-11, 3.249723753984135e-11, 3.203258491790706e-11, 3.123264147308902e-11, 3.020597313940776e-11, 2.96062341309522e-11, 2.942343590994767e-11], "lowlevel.melbands128.stdev": [0.00076470518251881, 0.005556169897317886, 0.013076185248792171, 0.011065786704421043, 0.006248973775655031, 0.0043360646814107895, 0.0027061891742050648, 0.002550253178924322, 0.0020622776355594397, 0.0007658994290977716, 0.0003557107411324978, 0.0004053694137837738, 0.00033869853359647095, 0.000304112967569381, 0.00023389729904010892, 0.00023767189122736454, 0.00039177053258754313, 0.0003713190963026136, 0.0003485589986667037, 0.00037451376556418836, 0.0003542439080774784, 0.0005579807329922915, 0.0006864503375254571, 0.0007683951407670975, 0.0004014179576188326, 0.0004179487004876137, 0.0001902208459796384, 0.00014933648344594985, 0.00026128129684366286, 0.0001900559145724401, 0.00033496180549263954, 0.0003038283030036837, 0.000177252251887694, 0.00029236599220894277, 0.0002564885944593698, 0.00020746469090227038, 0.00014564924640581012, 0.00022266613086685538, 0.00017089767789002508, 0.00015493576938752085, 0.00018940790323540568, 0.0002016645739786327, 0.00011085390724474564, 0.00010185364226344973, 0.00013821138418279588, 0.0001159603416454047, 0.00012704455002676696, 0.0001571452885400504, 0.00014066685980651528, 9.845027670962736e-05, 0.00012764208076987416, 0.00011616958363447338, 0.0001507760607637465, 8.59493957250379e-05, 6.896355625940487e-05, 0.00025253131752833724, 0.00014563299191650003, 6.015539474901743e-05, 4.3244013795629144e-05, 3.301812830613926e-05, 1.5867442925809883e-05, 2.189466613344848e-05, 2.1428406398626976e-05, 1.8676315448828973e-05, 1.9228453311370686e-05, 2.157004564651288e-05, 2.1632082280120812e-05, 1.8216129319625907e-05, 2.564563874329906e-05, 2.86143331322819e-05, 3.290962922619656e-05, 3.290265522082336e-05, 3.7442307075252756e-05, 3.062541873077862e-05, 2.3515600332757458e-05, 2.4174712962121703e-05, 2.2872507543070242e-05, 1.7812615624279715e-05, 1.5019068086985499e-05, 1.756692654453218e-05, 1.9987226551165804e-05, 1.8096003259415738e-05, 1.8051341612590477e-05, 2.1124365957803093e-05, 1.4414067663892638e-05, 1.3788201613351703e-05, 1.5021882973087486e-05, 1.849222826422192e-05, 1.461977262806613e-05, 1.2315447747823782e-05, 1.29647996800486e-05, 1.2506614439189434e-05, 1.2286377568671014e-05, 1.3110392501403112e-05, 1.2260835319466423e-05, 1.1843597349070478e-05, 9.26346274354728e-06, 8.215425623347983e-06, 6.623525223403703e-06, 5.93047889196896e-06, 5.5716441238473635e-06, 5.225376753514865e-06, 4.48730952484766e-06, 4.805518528883113e-06, 3.8435332498920616e-06, 3.892959739459911e-06, 3.963734343415126e-06, 3.524184194247937e-06, 2.8912259040225763e-06, 2.3724712718831142e-06, 2.0237228000041796e-06, 1.6223349348365446e-06, 1.4062169384487788e-06, 9.95135678749648e-07, 5.691247224604012e-07, 5.479994911183894e-07, 1.3746443983109202e-07, 1.2617187294949872e-08, 1.0559675356347498e-09, 9.929548294707047e-10, 9.297804193231229e-10, 9.185920912813117e-10, 9.078227058978428e-10, 8.985654442739133e-10, 8.897134695651232e-10, 8.829187936321148e-10, 8.778831550593225e-10, 8.746830482131429e-10], "lowlevel.mfcc.mean": [-584.9637451171875, 86.65084838867188, 1.0354262590408325, 32.217430114746094, 10.770472526550293, 16.208742141723633, 9.833697319030762, 8.274200439453125, 10.709393501281738, 8.393209457397461, -1.2431209087371826, 3.0477452278137207, -2.079143524169922], "lowlevel.spectral_contrast_coeffs.mean": [-0.6256063580513, -0.7645989656448364, -0.7861840724945068, -0.7954056262969971, -0.8022457361221313, -0.7389743328094482], "lowlevel.spectral_contrast_coeffs.stdev": [0.06797423958778381, 0.0631425753235817, 0.054325900971889496, 0.04477811977267265, 0.0265585295855999, 0.03279191628098488], "lowlevel.spectral_contrast_valleys.mean": [-6.689469814300537, -6.733715057373047, -7.033320426940918, -6.935482978820801, -6.610306262969971, -9.371500015258789], "lowlevel.spectral_contrast_valleys.stdev": [0.5603487491607666, 0.4954628050327301, 0.4993607997894287, 0.43194666504859924, 0.48263970017433167, 0.8974576592445374], "rhythm.beats_loudness_band_ratio.mean": [0.6888357996940613, 0.039314474910497665, 0.056701116263866425, 0.06762483716011047, 0.08537040650844574, 0.08128055185079575], "rhythm.beats_loudness_band_ratio.stdev": [0.1659027338027954, 0.0430319644510746, 0.06377849727869034, 0.07685214281082153, 0.07588936388492584, 0.07149700075387955], "tonal.hpcp.mean": [0.03539744019508362, 0.04003845155239105, 0.25021129846572876, 0.47004491090774536, 0.2834385931491852, 0.10555927455425262, 0.11064375936985016, 0.0704258531332016, 0.08065686374902725, 0.09395928680896759, 0.0594850555062294, 0.11567459255456924, 0.18238286674022675, 0.11839058250188828, 0.05449436977505684, 0.04197537899017334, 0.04709481820464134, 0.10324432700872421, 0.12516455352306366, 0.07055551558732986, 0.03419186547398567, 0.03443025425076485, 0.04409576207399368, 0.12578429281711578, 0.1478801816701889, 0.07165496051311493, 0.0896608978509903, 0.11907489597797394, 0.07145872712135315, 0.03222711756825447, 0.02466382086277008, 0.021751657128334045, 0.058855459094047546, 0.11042594909667969, 0.08947308361530304, 0.044031862169504166], "tonal.hpcp.stdev": [0.1222335696220398, 0.1377256065607071, 0.28401219844818115, 0.4635649025440216, 0.31114426255226135, 0.2357102334499359, 0.2712213099002838, 0.19820551574230194, 0.2044444978237152, 0.23970888555049896, 0.15294679999351501, 0.21373829245567322, 0.32685425877571106, 0.23054316639900208, 0.15013575553894043, 0.1268572062253952, 0.12308093905448914, 0.18190370500087738, 0.21379955112934113, 0.1391022801399231, 0.08907179534435272, 0.10690656304359436, 0.11189339309930801, 0.189261794090271, 0.2173198014497757, 0.12462566792964935, 0.17776557803153992, 0.24885804951190948, 0.16599377989768982, 0.09675517678260803, 0.08250274509191513, 0.06887415796518326, 0.13925497233867645, 0.25772687792778015, 0.21269893646240234, 0.13107576966285706], "rhythm.beats_position": [0.4643990993499756, 0.8939682245254517, 1.3235373497009277, 1.7414965629577637, 2.1594557762145996, 2.5774149894714355, 2.9953742027282715, 3.4017233848571777, 3.808072566986084, 4.22603178024292, 4.643990993499756, 5.061950206756592, 5.479909420013428, 5.8978681564331055, 6.315827369689941, 6.733786582946777, 7.151745796203613, 7.569705009460449, 7.987664222717285, 8.405623435974121, 8.823582649230957, 9.241541862487793, 9.659501075744629, 10.077460289001465, 10.4954195022583, 10.913378715515137, 11.319727897644043, 11.737687110900879, 12.155646324157715, 12.561995506286621, 12.979954719543457, 13.397913932800293, 13.815873146057129, 14.233832359313965, 14.6517915725708, 15.058140754699707, 15.464489936828613, 15.894058227539062, 16.323627471923828, 16.741586685180664, 17.1595458984375, 17.577505111694336, 17.995464324951172, 18.413423538208008, 18.819772720336914, 19.22612190246582, 19.644081115722656, 20.062040328979492, 20.479999542236328, 20.897958755493164, 21.31591796875, 21.733877182006836, 22.151836395263672, 22.569795608520508, 22.987754821777344, 23.40571403503418, 23.823673248291016, 24.24163246154785, 24.659591674804688, 25.077550888061523, 25.49551010131836, 25.913469314575195, 26.3198184967041, 26.726167678833008, 27.132516860961914, 27.56208610534668, 27.980045318603516, 28.39800453186035, 28.815963745117188, 29.233922958374023, 29.65188217163086, 30.069841384887695, 30.48780059814453, 30.905759811401367, 31.323719024658203, 31.74167823791504, 32.159637451171875, 32.57759475708008], "rhythm.bpm_histogram": [0.0, 0.0, 0.0, 0.0, 0.0, 0.0, 0.0, 0.0, 0.0, 0.0, 0.0, 0.0, 0.0, 0.0, 0.0, 0.0, 0.0, 0.0, 0.0, 0.0, 0.0, 0.0, 0.0, 0.0, 0.0, 0.0, 0.0, 0.0, 0.0, 0.0, 0.0, 0.0, 0.0, 0.0, 0.0, 0.0, 0.0, 0.0, 0.0, 0.0, 0.0, 0.0, 0.0, 0.0, 0.0, 0.0, 0.0, 0.0, 0.0, 0.0, 0.0, 0.0, 0.0, 0.0, 0.0, 0.0, 0.0, 0.0, 0.0, 0.0, 0.0, 0.0, 0.0, 0.0, 0.0, 0.0, 0.0, 0.0, 0.0, 0.0, 0.0, 0.0, 0.0, 0.0, 0.0, 0.0, 0.0, 0.0, 0.0, 0.0, 0.0, 0.0, 0.0, 0.0, 0.0, 0.0, 0.0, 0.0, 0.0, 0.0, 0.0, 0.0, 0.0, 0.0, 0.0, 0.0, 0.0, 0.0, 0.0, 0.0, 0.0, 0.0, 0.0, 0.0, 0.0, 0.0, 0.0, 0.0, 0.0, 0.0, 0.0, 0.0, 0.0, 0.0, 0.0, 0.0, 0.0, 0.0, 0.0, 0.0, 0.0, 0.0, 0.0, 0.0, 0.0, 0.0, 0.0, 0.0, 0.0, 0.0, 0.0, 0.0, 0.0, 0.0, 0.0, 0.0, 0.0, 0.0, 0.0, 0.0, 0.06493506580591202, 0.0, 0.0, 0.0, 0.7922077775001526, 0.0, 0.0, 0.0, 0.1428571492433548, 0.0, 0.0, 0.0, 0.0, 0.0, 0.0, 0.0, 0.0, 0.0, 0.0, 0.0, 0.0, 0.0, 0.0, 0.0, 0.0, 0.0, 0.0, 0.0, 0.0, 0.0, 0.0, 0.0, 0.0, 0.0, 0.0, 0.0, 0.0, 0.0, 0.0, 0.0, 0.0, 0.0, 0.0, 0.0, 0.0, 0.0, 0.0, 0.0, 0.0, 0.0, 0.0, 0.0, 0.0, 0.0, 0.0, 0.0, 0.0, 0.0, 0.0, 0.0, 0.0, 0.0, 0.0, 0.0, 0.0, 0.0, 0.0, 0.0, 0.0, 0.0, 0.0, 0.0, 0.0, 0.0, 0.0, 0.0, 0.0, 0.0, 0.0, 0.0, 0.0, 0.0, 0.0, 0.0, 0.0, 0.0, 0.0, 0.0, 0.0, 0.0, 0.0, 0.0, 0.0, 0.0, 0.0, 0.0, 0.0, 0.0, 0.0, 0.0, 0.0, 0.0, 0.0, 0.0, 0.0, 0.0, 0.0, 0.0, 0.0, 0.0], "tonal.chords_histogram": [14.305749893188477, 12.76297378540039, 16.97054672241211, 4.9088358879089355, 5.469845771789551, 10.098176956176758, 0.0, 12.482468605041504, 0.0, 11.92145824432373, 0.0, 0.0, 0.0, 0.0, 0.0, 0.0, 0.0, 0.0, 2.9453015327453613, 0.0, 0.0, 0.0, 3.9270687103271484, 4.207573413848877], "tonal.thpcp": [1.0, 0.603003203868866, 0.22457274794578552, 0.23538975417613983, 0.14982792735099792, 0.17159394919872284, 0.1998942792415619, 0.12655185163021088, 0.24609263241291046, 0.3880115747451782, 0.2518707811832428, 0.11593438684940338, 0.08930078148841858, 0.10019216686487198, 0.21964779496192932, 0.2662821114063263, 0.15010377764701843, 0.07274170219898224, 0.07324886322021484, 0.09381180256605148, 0.2676005959510803, 0.314608633518219, 0.1524427980184555, 0.1907496452331543, 0.2533266246318817, 0.15202531218528748, 0.06856178492307663, 0.05247120186686516, 0.046275701373815536, 0.1252124160528183, 0.23492637276649475, 0.19035007059574127, 0.09367585927248001, 0.07530650496482849, 0.08518005907535553, 0.5323135852813721], "lowlevel.gfcc.cov": [[1913.149658203125, -876.927734375, 156.42581176757812, 32.16621398925781, -136.030517578125, 202.12258911132812, -90.26538848876953, 126.49160766601562, 34.471336364746094, 150.0402374267578, -5.549639701843262, 198.96963500976562, -65.99681854248047], [-876.927734375, 1035.148681640625, -352.70294189453125, -100.8572006225586, 83.10833740234375, -172.72299194335938, 165.30784606933594, -79.0462646484375, 43.95145034790039, -92.72318267822266, 80.07997131347656, -135.6246337890625, 112.23352813720703], [156.42581176757812, -352.70294189453125, 351.66571044921875, 105.43022155761719, 4.974132061004639, 44.465850830078125, -73.39977264404297, -2.3018293380737305, -22.972946166992188, 36.57795715332031, -30.982885360717773, 54.77784729003906, -45.71421432495117], [32.16621398925781, -100.8572006225586, 105.43022155761719, 234.199462890625, 35.699073791503906, 10.013578414916992, -29.84415626525879, -14.374717712402344, 28.391569137573242, -7.5160231590271, 9.3700532913208, 14.371004104614258, 36.15847396850586], [-136.030517578125, 83.10833740234375, 4.974132061004639, 35.699073791503906, 159.49371337890625, 11.770634651184082, 32.70893859863281, 12.875555992126465, 24.621549606323242, 23.771291732788086, 14.052687644958496, 15.488202095031738, 32.818206787109375], [202.12258911132812, -172.72299194335938, 44.465850830078125, 10.013578414916992, 11.770634651184082, 140.4730224609375, 54.037025451660156, 38.832427978515625, -6.635904312133789, 25.842885971069336, 17.265426635742188, 18.374237060546875, -12.913735389709473], [-90.26538848876953, 165.30784606933594, -73.39977264404297, -29.84415626525879, 32.70893859863281, 54.037025451660156, 174.7080841064453, 43.812252044677734, 16.699838638305664, -4.439611434936523, 41.92048645019531, -21.83834457397461, 17.29360008239746], [126.49160766601562, -79.0462646484375, -2.3018293380737305, -14.374717712402344, 12.875555992126465, 38.832427978515625, 43.812252044677734, 101.33729553222656, 45.847259521484375, 31.207969665527344, 2.5162353515625, 23.03228759765625, 4.2026238441467285], [34.471336364746094, 43.95145034790039, -22.972946166992188, 28.391569137573242, 24.621549606323242, -6.635904312133789, 16.699838638305664, 45.847259521484375, 94.62671661376953, 37.48739242553711, 13.12028694152832, 5.09175443649292, 28.387401580810547], [150.0402374267578, -92.72318267822266, 36.57795715332031, -7.5160231590271, 23.771291732788086, 25.842885971069336, -4.439611434936523, 31.207969665527344, 37.48739242553711, 87.89513397216797, 26.904706954956055, 35.84068298339844, -4.1602396965026855], [-5.549639701843262, 80.07997131347656, -30.982885360717773, 9.3700532913208, 14.052687644958496, 17.265426635742188, 41.92048645019531, 2.5162353515625, 13.12028694152832, 26.904706954956055, 80.40884399414062, 27.399595260620117, 24.537179946899414], [198.96963500976562, -135.6246337890625, 54.77784729003906, 14.371004104614258, 15.488202095031738, 18.374237060546875, -21.83834457397461, 23.03228759765625, 5.09175443649292, 35.84068298339844, 27.399595260620117, 101.577880859375, 24.827125549316406], [-65.99681854248047, 112.23352813720703, -45.71421432495117, 36.15847396850586, 32.818206787109375, -12.913735389709473, 17.29360008239746, 4.2026238441467285, 28.387401580810547, -4.1602396965026855, 24.537179946899414, 24.827125549316406, 78.79544830322266]], "lowlevel.gfcc.icov": [[0.0012397642713040113, 0.00046230966108851135, 0.0008190592052415013, -0.00047127791913226247, 0.0011691683903336525, -0.0011318327160552144, -2.8238295271876268e-05, 0.00015063646424096078, -0.0006562946364283562, -0.0010918363695964217, 0.0009963703341782093, -0.002291990676894784, 0.0009877459378913045], [0.00046230966108851135, 0.007337554823607206, 0.0007546001579612494, 0.004170459695160389, -0.003101715352386236, 0.006827349308878183, -0.004465172532945871, 0.004634128883481026, -0.004018669482320547, 0.004684271290898323, -0.007597051560878754, 0.007344838231801987, -0.006649892311543226], [0.0008190592052415013, 0.0007546001579612494, 0.006290601100772619, -0.0033516273833811283, 0.0004765903577208519, -0.0010380843887105584, -0.0002488377213012427, 0.0009854724630713463, 0.0009455991094000638, -0.003073844825848937, 0.003499268786981702, -0.004634485114365816, 0.00429982366040349], [-0.00047127791913226247, 0.004170459695160389, -0.0033516273833811283, 0.010409889742732048, -0.0037607362028211355, 0.0030489773489534855, -0.000528945995029062, 0.0040162112563848495, -0.006269743666052818, 0.007856701500713825, -0.008214934729039669, 0.007598291616886854, -0.008250893093645573], [0.0011691683903336525, -0.003101715352386236, 0.0004765903577208519, -0.0037607362028211355, 0.010731696151196957, -0.004352583549916744, -0.00015114893903955817, -0.0013585719279944897, 0.0016539726639166474, -0.007042690645903349, 0.0068879337050020695, -0.006492581218481064, 0.0012551234103739262], [-0.0011318327160552144, 0.006827349308878183, -0.0010380843887105584, 0.0030489773489534855, -0.004352583549916744, 0.019498640671372414, -0.008395400829613209, 0.0007531166193075478, 0.0013600509846583009, 0.0025332560762763023, -0.009113832376897335, 0.009691215120255947, -0.006434853188693523], [-2.8238295271876268e-05, -0.004465172532945871, -0.0002488377213012427, -0.000528945995029062, -0.00015114893903955817, -0.008395400829613209, 0.014792059548199177, -0.008216643705964088, 0.0020511357579380274, 0.001534134498797357, -0.002958158263936639, 0.000445799611043185, 0.0024363046977669], [0.00015063646424096078, 0.004634128883481026, 0.0009854724630713463, 0.0040162112563848495, -0.0013585719279944897, 0.0007531166193075478, -0.008216643705964088, 0.02310827746987343, -0.012936593033373356, 0.001955869607627392, 0.001631056540645659, -0.0022527009714394808, -0.0015199099434539676], [-0.0006562946364283562, -0.004018669482320547, 0.0009455991094000638, -0.006269743666052818, 0.0016539726639166474, 0.0013600509846583009, 0.0020511357579380274, -0.012936593033373356, 0.02642042376101017, -0.014135736040771008, 0.004601294174790382, 0.0026084361597895622, -0.004145559389144182], [-0.0010918363695964217, 0.004684271290898323, -0.003073844825848937, 0.007856701500713825, -0.007042690645903349, 0.0025332560762763023, 0.001534134498797357, 0.001955869607627392, -0.014135736040771008, 0.030160482972860336, -0.016231393441557884, 0.003767632180824876, 0.00048456923104822636], [0.0009963703341782093, -0.007597051560878754, 0.003499268786981702, -0.008214934729039669, 0.0068879337050020695, -0.009113832376897335, -0.002958158263936639, 0.001631056540645659, 0.004601294174790382, -0.016231393441557884, 0.03358735889196396, -0.0183721873909235, 0.006470049731433392], [-0.002291990676894784, 0.007344838231801987, -0.004634485114365816, 0.007598291616886854, -0.006492581218481064, 0.009691215120255947, 0.000445799611043185, -0.0022527009714394808, 0.0026084361597895622, 0.003767632180824876, -0.0183721873909235, 0.03376855328679085, -0.019901785999536514], [0.0009877459378913045, -0.006649892311543226, 0.00429982366040349, -0.008250893093645573, 0.0012551234103739262, -0.006434853188693523, 0.0024363046977669, -0.0015199099434539676, -0.004145559389144182, 0.00048456923104822636, 0.006470049731433392, -0.019901785999536514, 0.03301514312624931]], "lowlevel.mfcc.cov": [[1872.900390625, -728.7431640625, 140.32456970214844, -169.7903594970703, -5.323884010314941, 8.621212005615234, -57.42336654663086, 50.1229248046875, 3.367213487625122, 5.745595455169678, 66.30614471435547, 59.24579620361328, 60.50991439819336], [-728.7431640625, 872.0433959960938, -330.78363037109375, 30.318580627441406, -116.07396697998047, -49.421348571777344, 54.342437744140625, -30.390676498413086, 18.971435546875, 5.711848258972168, -20.10615348815918, -7.904392719268799, 3.305638551712036], [140.32456970214844, -330.78363037109375, 306.8013916015625, 29.42257308959961, 49.31517791748047, 30.81720542907715, -29.898292541503906, -0.35127973556518555, -39.352928161621094, -8.651192665100098, 7.999191761016846, -19.48403549194336, -18.854284286499023], [-169.7903594970703, 30.318580627441406, 29.42257308959961, 189.31655883789062, 66.05133056640625, 16.4753475189209, -28.22272491455078, -9.6763277053833, 11.037487983703613, -9.212689399719238, -25.331167221069336, 1.5800038576126099, 0.30032142996788025], [-5.323884010314941, -116.07396697998047, 49.31517791748047, 66.05133056640625, 144.8109130859375, 28.968257904052734, -33.901058197021484, -16.54585838317871, 11.167196273803711, -5.372319221496582, -9.458391189575195, 6.978193759918213, 4.030128002166748], [8.621212005615234, -49.421348571777344, 30.81720542907715, 16.4753475189209, 28.968257904052734, 86.3750228881836, 44.10112762451172, 7.79850959777832, -7.069795608520508, 12.477283477783203, 9.702838897705078, -3.061382293701172, -7.816926956176758], [-57.42336654663086, 54.342437744140625, -29.898292541503906, -28.22272491455078, -33.901058197021484, 44.10112762451172, 131.51498413085938, 48.49204635620117, -0.9664949774742126, 16.2584171295166, 19.82744026184082, 5.701294898986816, -1.4025675058364868], [50.1229248046875, -30.390676498413086, -0.35127973556518555, -9.6763277053833, -16.54585838317871, 7.79850959777832, 48.49204635620117, 79.98991394042969, 31.234819412231445, 13.206313133239746, 6.3649373054504395, 9.699655532836914, 8.82048225402832], [3.367213487625122, 18.971435546875, -39.352928161621094, 11.037487983703613, 11.167196273803711, -7.069795608520508, -0.9664949774742126, 31.234819412231445, 88.59161376953125, 33.82215118408203, 6.760316848754883, 12.88485050201416, 9.985644340515137], [5.745595455169678, 5.711848258972168, -8.651192665100098, -9.212689399719238, -5.372319221496582, 12.477283477783203, 16.2584171295166, 13.206313133239746, 33.82215118408203, 80.61553955078125, 39.204429626464844, 3.5424985885620117, -4.657059669494629], [66.30614471435547, -20.10615348815918, 7.999191761016846, -25.331167221069336, -9.458391189575195, 9.702838897705078, 19.82744026184082, 6.3649373054504395, 6.760316848754883, 39.204429626464844, 67.23841857910156, 19.983673095703125, 2.6674001216888428], [59.24579620361328, -7.904392719268799, -19.48403549194336, 1.5800038576126099, 6.978193759918213, -3.061382293701172, 5.701294898986816, 9.699655532836914, 12.88485050201416, 3.5424985885620117, 19.983673095703125, 65.930419921875, 36.3791618347168], [60.50991439819336, 3.305638551712036, -18.854284286499023, 0.30032142996788025, 4.030128002166748, -7.816926956176758, -1.4025675058364868, 8.82048225402832, 9.985644340515137, -4.657059669494629, 2.6674001216888428, 36.3791618347168, 60.89118957519531]], "lowlevel.mfcc.icov": [[0.0010443147039040923, 0.001082651549950242, 0.0006260565132834017, 0.0004739326541312039, 0.0006923487526364625, -0.0004334901459515095, 0.0007817699806764722, -0.0003636544570326805, 6.774228495487478e-06, 0.00030978600261732936, -0.0007672385545447469, -6.345893780235201e-05, -0.0008417193312197924], [0.001082651549950242, 0.0036914118099957705, 0.003090362995862961, -0.0010563525138422847, 0.00229467311874032, 0.0005309940897859633, -0.0006964493077248335, 0.0015555868158116937, -0.0001222067221533507, 0.00011463171540526673, -0.0006884247995913029, 0.0008473325287923217, -0.0010865202639251947], [0.0006260565132834017, 0.003090362995862961, 0.007101800292730331, -0.0015122124459594488, 0.0007181366672739387, -0.0009143042843788862, 0.001439264160580933, -0.001164694083854556, 0.002699307631701231, 0.0002690505934879184, -0.0022255887743085623, 0.002060182159766555, -0.00010193009802605957], [0.0004739326541312039, -0.0010563525138422847, -0.0015122124459594488, 0.00790942832827568, -0.0028997082263231277, -0.0019367447821423411, 0.002021501772105694, -0.001083369250409305, -0.0007646026788279414, -8.604554750490934e-05, 0.002374342642724514, -0.0016917837783694267, 0.000251462624873966], [0.0006923487526364625, 0.00229467311874032, 0.0007181366672739387, -0.0028997082263231277, 0.011945695616304874, -0.0044444529339671135, 0.002292432589456439, 0.0027519199065864086, -0.0028304671868681908, 0.0011960213305428624, 0.00017073236813303083, -0.0011110540945082903, -0.0010709817288443446], [-0.0004334901459515095, 0.0005309940897859633, -0.0009143042843788862, -0.0019367447821423411, -0.0044444529339671135, 0.019306911155581474, -0.009332637302577496, 0.0026677867863327265, 0.0016008552629500628, -0.0029234103858470917, 0.000199721020180732, 0.0011914625065401196, 0.001092977006919682], [0.0007817699806764722, -0.0006964493077248335, 0.001439264160580933, 0.002021501772105694, 0.002292432589456439, -0.009332637302577496, 0.01714363694190979, -0.010666199959814548, 0.003653483698144555, 0.0002575139806140214, -0.002976679941639304, -0.0010956047335639596, 0.0004922783700749278], [-0.0003636544570326805, 0.0015555868158116937, -0.001164694083854556, -0.001083369250409305, 0.0027519199065864086, 0.0026677867863327265, -0.010666199959814548, 0.023608028888702393, -0.009336641989648342, 0.00039514529635198414, 0.0023673204705119133, -0.0003942770417779684, -0.00189027504529804], [6.774228495487478e-06, -0.0001222067221533507, 0.002699307631701231, -0.0007646026788279414, -0.0028304671868681908, 0.0016008552629500628, 0.003653483698144555, -0.009336641989648342, 0.01988748088479042, -0.008765803650021553, 0.0021337631624192, -0.0016217349329963326, -0.0003874182002618909], [0.00030978600261732936, 0.00011463171540526673, 0.0002690505934879184, -8.604554750490934e-05, 0.0011960213305428624, -0.0029234103858470917, 0.0002575139806140214, 0.00039514529635198414, -0.008765803650021553, 0.022910889238119125, -0.01341299433261156, 0.0034962769132107496, 0.0009524190099909902], [-0.0007672385545447469, -0.0006884247995913029, -0.0022255887743085623, 0.002374342642724514, 0.00017073236813303083, 0.000199721020180732, -0.002976679941639304, 0.0023673204705119133, 0.0021337631624192, -0.01341299433261156, 0.02768675982952118, -0.009998987428843975, 0.0030870558694005013], [-6.345893780235201e-05, 0.0008473325287923217, 0.002060182159766555, -0.0016917837783694267, -0.0011110540945082903, 0.0011914625065401196, -0.0010956047335639596, -0.0003942770417779684, -0.0016217349329963326, 0.0034962769132107496, -0.009998987428843975, 0.027473196387290955, -0.014520680531859398], [-0.0008417193312197924, -0.0010865202639251947, -0.00010193009802605957, 0.000251462624873966, -0.0010709817288443446, 0.001092977006919682, 0.0004922783700749278, -0.00189027504529804, -0.0003874182002618909, 0.0009524190099909902, 0.0030870558694005013, -0.014520680531859398, 0.02645817957818508]], "metadata.audio_properties.analysis.downmix": "mix", "metadata.audio_properties.codec": "mp3", "metadata.audio_properties.md5_encoded": "3c8789ec89c679bdc14c762746d6d04c", "metadata.tags.file_name": "1182264623370600488.mp3", "metadata.version.essentia": "2.1-beta6-dev", "metadata.version.essentia_git_sha": "v2.1_beta5-1110-g77a6a954", "metadata.version.extractor": "music 2.0", "tonal.chords_key": "Bb", "tonal.chords_scale": "minor", "tonal.key_edma.key": "Eb", "tonal.key_edma.scal