{"song_id": "1182258104008716288", "download": "https://cdn.discordapp.com/attachments/1135911532732108921/1182258104008716288/chirp.mp4?ex=65840aa9&amp", "lyrics": "[verse]\nIn the black of night, where fright takes hold\nCreatures lurking, secrets to unfold\nHaunted animatronics, shadows arise\nA haunting melody, sending shivers down my spine\n\n[chorus]\nFive Nights at Freddy's, a nightmare come true\nSurvive the horrors, they're after you\nLock the doors, keep your flashlight bright\nBeware the animatronics, they'll haunt you tonight", "style": ["Rock music"], "essentia_features": {"lowlevel.average_loudness": 0.9801523089408875, "lowlevel.barkbands_crest.mean": 12.102660179138184, "lowlevel.barkbands_crest.stdev": 4.544517993927002, "lowlevel.barkbands_flatness_db.mean": 0.14020337164402008, "lowlevel.barkbands_flatness_db.stdev": 0.04992156848311424, "lowlevel.barkbands_kurtosis.mean": 4.248444080352783, "lowlevel.barkbands_kurtosis.stdev": 10.378205299377441, "lowlevel.barkbands_skewness.mean": 1.7498854398727417, "lowlevel.barkbands_skewness.stdev": 1.445185661315918, "lowlevel.barkbands_spread.mean": 30.59135627746582, "lowlevel.barkbands_spread.stdev": 13.903133392333984, "lowlevel.dissonance.mean": 0.4819769561290741, "lowlevel.dissonance.stdev": 0.014719297178089619, "lowlevel.dynamic_complexity": 1.4782449007034302, "lowlevel.erbbands_crest.mean": 9.216444969177246, "lowlevel.erbbands_crest.stdev": 5.324766635894775, "lowlevel.erbbands_flatness_db.mean": 0.14197829365730286, "lowlevel.erbbands_flatness_db.stdev": 0.0436209999024868, "lowlevel.erbbands_kurtosis.mean": 1.4191488027572632, "lowlevel.erbbands_kurtosis.stdev": 3.510789632797241, "lowlevel.erbbands_skewness.mean": -0.6574904918670654, "lowlevel.erbbands_skewness.stdev": 0.7637786269187927, "lowlevel.erbbands_spread.mean": 44.528751373291016, "lowlevel.erbbands_spread.stdev": 23.78764533996582, "lowlevel.hfc.mean": 31.302654266357422, "lowlevel.hfc.stdev": 18.404630661010742, "lowlevel.loudness_ebu128.integrated": -13.47407054901123, "lowlevel.loudness_ebu128.loudness_range": 1.0023727416992188, "lowlevel.loudness_ebu128.momentary.mean": -13.56475830078125, "lowlevel.loudness_ebu128.momentary.stdev": 0.9065566658973694, "lowlevel.loudness_ebu128.short_term.mean": -13.484704971313477, "lowlevel.loudness_ebu128.short_term.stdev": 0.32591748237609863, "lowlevel.melbands_crest.mean": 18.630496978759766, "lowlevel.melbands_crest.stdev": 4.741769313812256, "lowlevel.melbands_flatness_db.mean": 0.21164382994174957, "lowlevel.melbands_flatness_db.stdev": 0.05844501033425331, "lowlevel.melbands_kurtosis.mean": 23.127704620361328, "lowlevel.melbands_kurtosis.stdev": 34.545997619628906, "lowlevel.melbands_skewness.mean": 3.8159537315368652, "lowlevel.melbands_skewness.stdev": 2.3701491355895996, "lowlevel.melbands_spread.mean": 26.869077682495117, "lowlevel.melbands_spread.stdev": 22.086807250976562, "lowlevel.pitch_salience.mean": 0.44987642765045166, "lowlevel.pitch_salience.stdev": 0.1273506134748459, "lowlevel.silence_rate_20dB.mean": 1.0, "lowlevel.silence_rate_20dB.stdev": 0.0, "lowlevel.silence_rate_30dB.mean": 0.9190256595611572, "lowlevel.silence_rate_30dB.stdev": 0.2727932929992676, "lowlevel.silence_rate_60dB.mean": 0.0013166556600481272, "lowlevel.silence_rate_60dB.stdev": 0.03626178577542305, "lowlevel.spectral_centroid.mean": 1822.9793701171875, "lowlevel.spectral_centroid.stdev": 494.2533874511719, "lowlevel.spectral_complexity.mean": 24.710336685180664, "lowlevel.spectral_complexity.stdev": 8.86474323272705, "lowlevel.spectral_decrease.mean": -1.23957359932092e-08, "lowlevel.spectral_decrease.stdev": 9.66670743451914e-09, "lowlevel.spectral_energy.mean": 0.049623582512140274, "lowlevel.spectral_energy.stdev": 0.03708034008741379, "lowlevel.spectral_energyband_high.mean": 0.0014278690796345472, "lowlevel.spectral_energyband_high.stdev": 0.0016138125211000443, "lowlevel.spectral_energyband_low.mean": 0.03255742788314819, "lowlevel.spectral_energyband_low.stdev": 0.035706114023923874, "lowlevel.spectral_energyband_middle_high.mean": 0.008873410522937775, "lowlevel.spectral_energyband_middle_high.stdev": 0.008039581589400768, "lowlevel.spectral_energyband_middle_low.mean": 0.008037295192480087, "lowlevel.spectral_energyband_middle_low.stdev": 0.010701334103941917, "lowlevel.spectral_entropy.mean": 7.802926063537598, "lowlevel.spectral_entropy.stdev": 0.28576362133026123, "lowlevel.spectral_flux.mean": 0.11688299477100372, "lowlevel.spectral_flux.stdev": 0.07218073308467865, "lowlevel.spectral_kurtosis.mean": 3.5297420024871826, "lowlevel.spectral_kurtosis.stdev": 2.0294580459594727, "lowlevel.spectral_rms.mean": 0.006596045568585396, "lowlevel.spectral_rms.stdev": 0.0022148145362734795, "lowlevel.spectral_rolloff.mean": 1451.230712890625, "lowlevel.spectral_rolloff.stdev": 1400.8519287109375, "lowlevel.spectral_skewness.mean": 1.2380715608596802, "lowlevel.spectral_skewness.stdev": 0.3360976576805115, "lowlevel.spectral_spread.mean": 4599233.5, "lowlevel.spectral_spread.stdev": 1381005.75, "lowlevel.spectral_strongpeak.mean": 0.8262161612510681, "lowlevel.spectral_strongpeak.stdev": 1.3215315341949463, "lowlevel.zerocrossingrate.mean": 0.06166744604706764, "lowlevel.zerocrossingrate.stdev": 0.03194691240787506, "metadata.audio_properties.analysis.equal_loudness": 0.0, "metadata.audio_properties.analysis.length": 35.24161148071289, "metadata.audio_properties.analysis.sample_rate": 44100.0, "metadata.audio_properties.analysis.start_time": 0.0, "metadata.audio_properties.bit_rate": 120925.0, "metadata.audio_properties.length": 35.24266815185547, "metadata.audio_properties.lossless": 0.0, "metadata.audio_properties.number_channels": 1.0, "metadata.audio_properties.replay_gain": -11.56039810180664, "metadata.audio_properties.sample_rate": 48000.0, "rhythm.beats_count": 71.0, "rhythm.beats_loudness.mean": 0.07762956619262695, "rhythm.beats_loudness.stdev": 0.03487728163599968, "rhythm.bpm": 122.31105041503906, "rhythm.bpm_histogram_first_peak_bpm": 123.0, "rhythm.bpm_histogram_first_peak_weight": 0.2571428418159485, "rhythm.bpm_histogram_second_peak_bpm": 0.0, "rhythm.bpm_histogram_second_peak_spread": 0.0, "rhythm.bpm_histogram_second_peak_weight": 0.0, "rhythm.danceability": 1.5367556810379028, "rhythm.onset_rate": 3.9138386249542236, "tonal.chords_changes_rate": 0.0802631601691246, "tonal.chords_number_rate": 0.014473684132099152, "tonal.chords_strength.mean": 0.5269796252250671, "tonal.chords_strength.stdev": 0.09380342811346054, "tonal.hpcp_crest.mean": 14.049378395080566, "tonal.hpcp_crest.stdev": 6.642566204071045, "tonal.hpcp_entropy.mean": 1.9516688585281372, "tonal.hpcp_entropy.stdev": 0.7499266266822815, "tonal.key_edma.strength": 0.6220274567604065, "tonal.key_krumhansl.strength": 0.602888286113739, "tonal.key_temperley.strength": 0.6259331107139587, "tonal.tuning_diatonic_strength": 0.5231488347053528, "tonal.tuning_equal_tempered_deviation": 0.21766230463981628, "tonal.tuning_frequency": 434.193115234375, "tonal.tuning_nontempered_energy_ratio": 0.9246068000793457, "lowlevel.barkbands.mean": [0.0005864919512532651, 0.021033821627497673, 0.009717922657728195, 0.0034313604701310396, 0.0022849261295050383, 0.0005197582067921758, 0.00021455965179484338, 0.0004716648254543543, 0.0010298296110704541, 0.00029422304942272604, 0.0006998194148764014, 0.000983098172582686, 0.0013915888266637921, 0.000982003635726869, 0.0008803046657703817, 0.0011682468466460705, 0.0012896988773718476, 0.000430522981332615, 0.0005744246300309896, 0.00040402248851023614, 0.00041387832607142627, 0.0002397759526502341, 0.0001638558169361204, 0.0002271964040119201, 0.0001244309387402609, 6.262191163841635e-05, 3.5571529224398546e-06], "lowlevel.barkbands.stdev": [0.0008814489119686186, 0.03184644505381584, 0.009296592324972153, 0.0059594083577394485, 0.004918862134218216, 0.00097274238942191, 0.0009583333157934248, 0.0012120468309149146, 0.0014103339053690434, 0.0007881807978264987, 0.0020874307956546545, 0.0028378809802234173, 0.0038464535027742386, 0.0022995793260633945, 0.002267989795655012, 0.0026076792273670435, 0.0019605522975325584, 0.0005197272403165698, 0.0004628149326890707, 0.00039629239472560585, 0.00044619652908295393, 0.00039613049011677504, 0.00035306348581798375, 0.0005636298446916044, 0.00018260690558236092, 8.86580819496885e-05, 9.810729352466296e-06], "lowlevel.erbbands.mean": [0.4244791865348816, 5.286782264709473, 12.748120307922363, 9.94953441619873, 11.88305950164795, 5.549699783325195, 4.884527206420898, 4.446813106536865, 3.076918363571167, 5.8487653732299805, 12.616119384765625, 27.00605010986328, 10.404945373535156, 15.168031692504883, 34.479366302490234, 40.596458435058594, 65.29298400878906, 49.10154724121094, 50.83034133911133, 46.64464569091797, 73.89159393310547, 72.94843292236328, 26.742647171020508, 28.41750144958496, 25.434030532836914, 19.276836395263672, 17.741701126098633, 14.341300964355469, 9.518568992614746, 5.559038162231445, 4.542746067047119, 4.687531471252441, 3.7395131587982178, 1.7470320463180542, 0.693776547908783, 0.2816585302352905, 0.11392326653003693, 0.020472325384616852, 0.0005047976737841964, 7.353624823736027e-05], "lowlevel.erbbands.stdev": [0.8497899770736694, 7.543274879455566, 11.986865043640137, 10.27120590209961, 29.103546142578125, 9.910839080810547, 8.811857223510742, 9.623323440551758, 11.275808334350586, 22.374597549438477, 23.39178466796875, 36.238929748535156, 19.460994720458984, 42.689762115478516, 89.4405746459961, 101.70698547363281, 167.93275451660156, 107.53340148925781, 112.3037109375, 109.4161376953125, 148.01980590820312, 108.0362777709961, 31.919879913330078, 24.418447494506836, 20.76671028137207, 19.18120574951172, 19.705333709716797, 15.852043151855469, 15.166044235229492, 11.144682884216309, 9.9181489944458, 11.487504005432129, 9.396563529968262, 2.9397592544555664, 0.9312630891799927, 0.3902030289173126, 0.17551888525485992, 0.03662580996751785, 0.001014110748656094, 4.8881309339776635e-05], "lowlevel.gfcc.mean": [37.01251983642578, 71.51758575439453, -114.38280487060547, 58.45112609863281, -31.551712036132812, 29.095483779907227, -27.87655258178711, 18.901212692260742, -25.97870635986328, 3.72409725189209, -23.645353317260742, -5.681486129760742, -13.208338737487793], "lowlevel.melbands.mean": [0.004916914273053408, 0.006730647757649422, 0.0019179473165422678, 0.0005933792563155293, 0.00018483612802810967, 9.633809531806037e-05, 4.551362508209422e-05, 7.453793659806252e-05, 0.00012120086466893554, 0.00015930765948724002, 4.582322435453534e-05, 5.5419994168914855e-05, 0.00010839383321581408, 0.00010629629105096683, 0.0001262794539798051, 0.00013661746925208718, 8.696122677065432e-05, 8.419657388003543e-05, 6.759302050340921e-05, 6.596487219212577e-05, 8.971321221906692e-05, 8.70754083734937e-05, 3.431050572544336e-05, 1.7033456970239058e-05, 2.3863309252192266e-05, 2.0528072127490304e-05, 1.5721820091130212e-05, 1.1829492905235384e-05, 1.080968741007382e-05, 1.0783091056509875e-05, 7.409940280922456e-06, 5.802153737022309e-06, 3.728474439412821e-06, 2.8069200652680593e-06, 2.501708650015644e-06, 2.7008554752683267e-06, 3.010209638887318e-06, 2.852785428331117e-06, 1.956130972757819e-06, 1.3034563153269119e-06], "lowlevel.melbands.stdev": [0.0083680534735322, 0.006715655792504549, 0.002418931806460023, 0.0012953460682183504, 0.0003347578167449683, 0.0002000362437684089, 0.00017889734590426087, 0.00025811418890953064, 0.0001974758051801473, 0.0002265327057102695, 0.00010135754564544186, 0.0001663361763348803, 0.00030135258566588163, 0.0003000152064487338, 0.00038037082413211465, 0.00040445724152959883, 0.0002088575711240992, 0.00020764974760822952, 0.0001993277110159397, 0.00016618378867860883, 0.00017349775589536875, 0.00014077221567276865, 5.320250420481898e-05, 1.8827771782525815e-05, 2.1716947230743244e-05, 1.817721567931585e-05, 1.3542939086619299e-05, 1.3311564543982968e-05, 1.2826511920138728e-05, 1.2164329746156e-05, 8.688236448506359e-06, 9.002447768580168e-06, 7.593666850880254e-06, 6.222004230949096e-06, 5.463253273774171e-06, 6.745165592292324e-06, 7.531215032940963e-06, 7.603875019412953e-06, 4.218091817165259e-06, 2.0459656298044138e-06], "lowlevel.melbands128.mean": [0.00040170399006456137, 0.002535138512030244, 0.006724081933498383, 0.009628834202885628, 0.0079264584928751, 0.004019260406494141, 0.0017767258686944842, 0.0018958533182740211, 0.001212859177030623, 0.00044036866165697575, 0.00023978311219252646, 0.00023989843612071127, 0.00016141986998263747, 0.00012621577479876578, 0.00011977694521192461, 6.665397086180747e-05, 4.4706514017889276e-05, 4.608225208357908e-05, 3.782843486987986e-05, 5.626473284792155e-05, 0.00010657991515472531, 9.68600288615562e-05, 8.82884269230999e-05, 0.00017380318604409695, 0.00025323478621430695, 0.00011820451618405059, 4.6680550440214574e-05, 4.241586066200398e-05, 3.9655027649132535e-05, 3.70282941730693e-05, 5.935197259532288e-05, 9.1945068561472e-05, 0.00011320051271468401, 0.00011685574281727895, 0.0001250825880561024, 8.568931662011892e-05, 0.00010507755359867588, 0.00011682190233841538, 0.00014896663196850568, 0.00016637139196973294, 0.00014406429545488209, 7.423504575854167e-05, 8.07996912044473e-05, 9.263090760214254e-05, 0.00010360613669035956, 7.715975516475737e-05, 6.889004725962877e-05, 7.905635720817372e-05, 5.954689913778566e-05, 5.2352057537063956e-05, 5.880316166440025e-05, 9.115863213082775e-05, 8.965819870354608e-05, 8.715303556527942e-05, 9.500820306129754e-05, 0.00011037266813218594, 5.588382191490382e-05, 3.711250610649586e-05, 3.1085670343600214e-05, 1.8293545508640818e-05, 1.317529495281633e-05, 1.7080090401577763e-05, 2.4267912522191182e-05, 2.6090609026141465e-05, 2.3412483642459847e-05, 2.0851430235779844e-05, 1.9060003978665918e-05, 1.5607512978021987e-05, 1.536696800030768e-05, 1.56585629156325e-05, 1.106239142245613e-05, 1.0240517440252006e-05, 1.1020621059287805e-05, 1.0882561582548078e-05, 1.049689672072418e-05, 1.2047352356603369e-05, 1.0594531886454206e-05, 8.019706001505256e-06, 7.375374025286874e-06, 6.03710395807866e-06, 6.52930248179473e-06, 5.74115983908996e-06, 4.092490144103067e-06, 3.748295284822234e-06, 3.0486494324577507e-06, 3.007129635079764e-06, 2.6398956833872944e-06, 2.593248154880712e-06, 2.3972554572537774e-06, 2.509995056243497e-06, 2.715206619541277e-06, 2.8690826638921862e-06, 2.4543639938201522e-06, 3.0729672744200798e-06, 3.2515965813217917e-06, 3.2031421142164618e-06, 2.6838727080757963e-06, 2.5468568765063537e-06, 1.9292397155368235e-06, 1.7157027514258516e-06, 1.5601563063682988e-06, 1.207094555866206e-06, 1.0543355983827496e-06, 8.924499184104207e-07, 7.476914447579475e-07, 6.183338996379462e-07, 6.467632829298964e-07, 5.697012852579064e-07, 4.204040351396543e-07, 4.4318258574094216e-07, 3.776993935389328e-07, 3.293784232027974e-07, 3.915997126568982e-07, 3.857530259665509e-07, 3.010474642906047e-07, 2.3292130890695262e-07, 1.1887156858847447e-07, 3.873366694051583e-08, 2.1703008279416736e-09, 7.560770586001464e-12, 5.757404535761124e-12, 5.609145092844159e-12, 5.466342222620879e-12, 5.3627939762546095e-12, 5.247398002228287e-12, 5.1176840543121216e-12, 5.037854248352014e-12, 5.0042218632806446e-12], "lowlevel.melbands128.stdev": [0.0007946597179397941, 0.005911574233323336, 0.013627209700644016, 0.013116030022501945, 0.007949537597596645, 0.0037331250496208668, 0.001883446704596281, 0.0038070844020694494, 0.00353689375333488, 0.0010812311666086316, 0.0004649106122087687, 0.0006098841549828649, 0.0003543723141774535, 0.000254401151323691, 0.00028929326799698174, 0.00025977479526773095, 0.00017670808301772922, 0.0002609088260214776, 0.00025235387147404253, 0.0003422439331188798, 0.0003910534724127501, 0.0002714782312978059, 0.0002721871715039015, 0.0002923073770944029, 0.0003642961091827601, 0.00031071732519194484, 0.00016764819156378508, 8.831472950987518e-05, 0.00018210789130534977, 0.00014296724111773074, 0.0002644998312462121, 0.0004117055796086788, 0.000423554825829342, 0.000438125804066658, 0.0005616521812044084, 0.0003317859664093703, 0.00036139023723080754, 0.0005998874548822641, 0.0006219272618182003, 0.0005593520472757518, 0.000672364083584398, 0.00032926391577348113, 0.00031443784246221185, 0.0003059452283196151, 0.00033499684650450945, 0.0003208744165021926, 0.00024179561296477914, 0.0003252552996855229, 0.0002447340521030128, 0.00021700697834603488, 0.000196158915059641, 0.0003534111601766199, 0.0002623225445859134, 0.00020991860947106034, 0.00020656984997913241, 0.0002475848305039108, 0.0001206772867590189, 9.932537068380043e-05, 6.168745312606916e-05, 3.477445716271177e-05, 1.7482769180787727e-05, 2.1416790332295932e-05, 3.136650047963485e-05, 3.0415860237553716e-05, 2.9322576665435918e-05, 2.5159813958453014e-05, 2.204378688475117e-05, 1.7503185517853126e-05, 1.6959857020992786e-05, 1.8589442333905026e-05, 1.7313297576038167e-05, 1.2729957234114408e-05, 1.6216035874094814e-05, 1.582462209626101e-05, 1.3286591638461687e-05, 1.5549549061688595e-05, 1.4253797417040914e-05, 1.0116528756043408e-05, 9.581012818671297e-06, 9.349297215521801e-06, 9.930408850777894e-06, 1.151629476225935e-05, 8.803704986348748e-06, 8.477886694890913e-06, 6.664861302851932e-06, 6.5801750679383986e-06, 7.477288818336092e-06, 6.222606771189021e-06, 5.179059371585026e-06, 6.607545401493553e-06, 6.899488653289154e-06, 8.020540917641483e-06, 6.480514457507525e-06, 8.016179890546482e-06, 8.249196071119513e-06, 9.11705592443468e-06, 7.634414032509085e-06, 6.990629117353819e-06, 4.6729351197427604e-06, 3.3531771350681083e-06, 2.726533921304508e-06, 1.956703954419936e-06, 1.7315642253379337e-06, 1.4682609617011622e-06, 1.186949134535098e-06, 8.727881777303992e-07, 9.851812592387432e-07, 8.831592595015536e-07, 6.822957061558554e-07, 7.915218134257884e-07, 6.827796141806175e-07, 5.7023601129913e-07, 6.825688956269005e-07, 7.010351055214414e-07, 5.63871424219542e-07, 4.3896167767343286e-07, 2.775727239168191e-07, 1.984043933589419e-07, 2.5732086683660782e-08, 5.2678406775585884e-11, 9.500891393066091e-12, 9.243976244188712e-12, 9.044816978720505e-12, 8.882309818214473e-12, 8.747643234774394e-12, 8.639986295855273e-12, 8.562775488663021e-12, 8.515111359075345e-12], "lowlevel.mfcc.mean": [-605.8294677734375, 95.67713165283203, -6.871793270111084, 39.75926971435547, 22.165559768676758, 17.92473793029785, 17.132898330688477, 10.310331344604492, 14.340352058410645, 5.098263263702393, 2.8182802200317383, 5.220921039581299, -3.5308310985565186], "lowlevel.spectral_contrast_coeffs.mean": [-0.6760129332542419, -0.7656898498535156, -0.7778062224388123, -0.7711978554725647, -0.7882305383682251, -0.7286977767944336], "lowlevel.spectral_contrast_coeffs.stdev": [0.06399749964475632, 0.06478382647037506, 0.06627319008111954, 0.06661967933177948, 0.03751527890563011, 0.044529348611831665], "lowlevel.spectral_contrast_valleys.mean": [-6.457618236541748, -7.067294597625732, -7.348110675811768, -7.1450886726379395, -6.806044578552246, -9.84747314453125], "lowlevel.spectral_contrast_valleys.stdev": [0.4678258001804352, 0.546363890171051, 0.507942795753479, 0.40219154953956604, 0.44396817684173584, 0.8063150644302368], "rhythm.beats_loudness_band_ratio.mean": [0.7575159668922424, 0.02427113801240921, 0.03380458801984787, 0.08115913718938828, 0.08794311434030533, 0.024267200380563736], "rhythm.beats_loudness_band_ratio.stdev": [0.16497363150119781, 0.03430480882525444, 0.04888611286878586, 0.10528525710105896, 0.09688813239336014, 0.017071831971406937], "tonal.hpcp.mean": [0.28525570034980774, 0.24262270331382751, 0.0615970753133297, 0.03582698851823807, 0.03599533438682556, 0.03455369919538498, 0.0541607066988945, 0.06688407808542252, 0.054948803037405014, 0.0875847265124321, 0.1207570806145668, 0.09668006002902985, 0.08150003105401993, 0.07428687810897827, 0.06441404670476913, 0.06616741418838501, 0.0741226077079773, 0.0807252898812294, 0.07843285799026489, 0.0646858885884285, 0.06765419989824295, 0.15973667800426483, 0.22379052639007568, 0.17113637924194336, 0.2255057692527771, 0.2546393871307373, 0.1425461769104004, 0.07807986438274384, 0.051591891795396805, 0.05181250721216202, 0.08253025263547897, 0.0792706087231636, 0.043789949268102646, 0.03810495510697365, 0.05246056616306305, 0.11825542151927948], "tonal.hpcp.stdev": [0.4039159417152405, 0.36093705892562866, 0.13936063647270203, 0.12379753589630127, 0.12714436650276184, 0.10483204573392868, 0.14578627049922943, 0.16846056282520294, 0.14096009731292725, 0.18877610564231873, 0.24397893249988556, 0.20100131630897522, 0.18600977957248688, 0.17215389013290405, 0.16655226051807404, 0.16332443058490753, 0.1798384040594101, 0.17715458571910858, 0.17708806693553925, 0.16162051260471344, 0.16492478549480438, 0.2612996995449066, 0.31766587495803833, 0.26772788166999817, 0.3336837589740753, 0.3807283937931061, 0.26124823093414307, 0.2105775624513626, 0.16333281993865967, 0.1553892195224762, 0.21146951615810394, 0.21043308079242706, 0.11018943041563034, 0.09633929282426834, 0.13437283039093018, 0.2141951620578766], "rhythm.beats_position": [0.4876190423965454, 0.9752380847930908, 1.4628571271896362, 1.9504761695861816, 2.4380950927734375, 2.9257142543792725, 3.424943208694458, 3.9241721630096436, 4.4117913246154785, 4.899410247802734, 5.38702917098999, 5.874648571014404, 6.36226749420166, 6.861496448516846, 7.360725402832031, 7.848344326019287, 8.335963249206543, 8.823582649230957, 9.3228120803833, 9.822040557861328, 10.309659957885742, 10.79727840423584, 11.284897804260254, 11.772517204284668, 12.260135650634766, 12.74775505065918, 13.246983528137207, 13.734602928161621, 14.233832359313965, 14.721450805664062, 15.209070205688477, 15.696688652038574, 16.184309005737305, 16.671926498413086, 17.1595458984375, 17.658775329589844, 18.158004760742188, 18.6456241607666, 19.133241653442383, 19.620861053466797, 20.10848045349121, 20.596099853515625, 21.08371925354004, 21.58294677734375, 22.082176208496094, 22.569795608520508, 23.057415008544922, 23.545034408569336, 24.032651901245117, 24.53188133239746, 25.031110763549805, 25.51873016357422, 26.006349563598633, 26.493967056274414, 26.981586456298828, 27.469205856323242, 27.956825256347656, 28.4560546875, 28.94367218017578, 29.431291580200195, 29.93052101135254, 30.418140411376953, 30.905759811401367, 31.404987335205078, 31.904216766357422, 32.3918342590332, 32.87945556640625, 33.36707305908203, 33.85469436645508, 34.34231185913086, 34.829933166503906], "rhythm.bpm_histogram": [0.0, 0.0, 0.0, 0.0, 0.0, 0.0, 0.0, 0.0, 0.0, 0.0, 0.0, 0.0, 0.0, 0.0, 0.0, 0.0, 0.0, 0.0, 0.0, 0.0, 0.0, 0.0, 0.0, 0.0, 0.0, 0.0, 0.0, 0.0, 0.0, 0.0, 0.0, 0.0, 0.0, 0.0, 0.0, 0.0, 0.0, 0.0, 0.0, 0.0, 0.0, 0.0, 0.0, 0.0, 0.0, 0.0, 0.0, 0.0, 0.0, 0.0, 0.0, 0.0, 0.0, 0.0, 0.0, 0.0, 0.0, 0.0, 0.0, 0.0, 0.0, 0.0, 0.0, 0.0, 0.0, 0.0, 0.0, 0.0, 0.0, 0.0, 0.0, 0.0, 0.0, 0.0, 0.0, 0.0, 0.0, 0.0, 0.0, 0.0, 0.0, 0.0, 0.0, 0.0, 0.0, 0.0, 0.0, 0.0, 0.0, 0.0, 0.0, 0.0, 0.0, 0.0, 0.0, 0.0, 0.0, 0.0, 0.0, 0.0, 0.0, 0.0, 0.0, 0.0, 0.0, 0.0, 0.0, 0.0, 0.0, 0.0, 0.0, 0.0, 0.0, 0.0, 0.0, 0.0, 0.0, 0.0, 0.0, 0.0, 0.2571428716182709, 0.0, 0.0, 0.7428571581840515, 0.0, 0.0, 0.0, 0.0, 0.0, 0.0, 0.0, 0.0, 0.0, 0.0, 0.0, 0.0, 0.0, 0.0, 0.0, 0.0, 0.0, 0.0, 0.0, 0.0, 0.0, 0.0, 0.0, 0.0, 0.0, 0.0, 0.0, 0.0, 0.0, 0.0, 0.0, 0.0, 0.0, 0.0, 0.0, 0.0, 0.0, 0.0, 0.0, 0.0, 0.0, 0.0, 0.0, 0.0, 0.0, 0.0, 0.0, 0.0, 0.0, 0.0, 0.0, 0.0, 0.0, 0.0, 0.0, 0.0, 0.0, 0.0, 0.0, 0.0, 0.0, 0.0, 0.0, 0.0, 0.0, 0.0, 0.0, 0.0, 0.0, 0.0, 0.0, 0.0, 0.0, 0.0, 0.0, 0.0, 0.0, 0.0, 0.0, 0.0, 0.0, 0.0, 0.0, 0.0, 0.0, 0.0, 0.0, 0.0, 0.0, 0.0, 0.0, 0.0, 0.0, 0.0, 0.0, 0.0, 0.0, 0.0, 0.0, 0.0, 0.0, 0.0, 0.0, 0.0, 0.0, 0.0, 0.0, 0.0, 0.0, 0.0, 0.0, 0.0, 0.0, 0.0, 0.0, 0.0, 0.0, 0.0, 0.0, 0.0, 0.0, 0.0, 0.0, 0.0, 0.0, 0.0], "tonal.chords_histogram": [14.605262756347656, 8.1578950881958, 1.7105263471603394, 3.4210526943206787, 0.0, 0.0, 0.0, 35.1315803527832, 3.1578948497772217, 0.0, 0.0, 0.0, 0.0, 0.0, 1.8421052694320679, 0.1315789520740509, 3.28947377204895, 0.0, 2.5, 0.0, 0.0, 0.1315789520740509, 13.815789222717285, 12.105262756347656], "tonal.thpcp": [1.0, 0.8505446314811707, 0.2159363478422165, 0.1255960464477539, 0.12618620693683624, 0.12113237380981445, 0.18986721336841583, 0.23447060585021973, 0.19262999296188354, 0.307039350271225, 0.42332923412323, 0.33892419934272766, 0.2857086956501007, 0.2604220509529114, 0.22581160068511963, 0.23195825517177582, 0.25984618067741394, 0.28299272060394287, 0.2749563157558441, 0.22676457464694977, 0.23717036843299866, 0.5599771738052368, 0.7845260500907898, 0.5999402403831482, 0.790539026260376, 0.8926706314086914, 0.4997136890888214, 0.27371886372566223, 0.1808619201183319, 0.1816353052854538, 0.2893202602863312, 0.27789315581321716, 0.15351121127605438, 0.13358174264431, 0.1839071661233902, 0.41455936431884766], "lowlevel.gfcc.cov": [[1516.8929443359375, -451.4253234863281, 124.2161636352539, -122.74649810791016, -171.47073364257812, 30.135677337646484, -34.98185348510742, 12.385136604309082, -100.0786361694336, 5.031228542327881, -111.96241760253906, 51.101036071777344, -124.32756042480469], [-451.4253234863281, 806.65185546875, -381.7469482421875, 22.195354461669922, 118.94923400878906, -124.50408935546875, 138.20608520507812, -77.51657104492188, 83.11654663085938, -5.252996444702148, 97.87107849121094, -68.97479248046875, 131.74537658691406], [124.2161636352539, -381.7469482421875, 537.2623901367188, 55.67585754394531, -82.12507629394531, 47.897342681884766, -68.4188461303711, 48.439964294433594, -58.78257751464844, -9.046002388000488, -46.801536560058594, 70.13065338134766, -65.54251861572266], [-122.74649810791016, 22.195354461669922, 55.67585754394531, 236.56031799316406, 6.353265285491943, 13.425889015197754, -18.320600509643555, 9.91980266571045, 66.90463256835938, -44.63736343383789, 3.6936557292938232, -44.867183685302734, 32.2497673034668], [-171.47073364257812, 118.94923400878906, -82.12507629394531, 6.353265285491943, 338.0423278808594, 62.38733673095703, 32.15782165527344, 10.897329330444336, 73.12622833251953, 57.06224822998047, 41.002105712890625, 10.973860740661621, 41.271244049072266], [30.135677337646484, -124.50408935546875, 47.897342681884766, 13.425889015197754, 62.38733673095703, 220.15550231933594, 55.72678756713867, 21.300861358642578, -5.158782482147217, -10.575027465820312, 46.814266204833984, 6.705868244171143, -30.866479873657227], [-34.98185348510742, 138.20608520507812, -68.4188461303711, -18.320600509643555, 32.15782165527344, 55.72678756713867, 216.8382568359375, 28.378421783447266, -7.190439224243164, -2.5111382007598877, 42.03102111816406, 8.922662734985352, -5.6165080070495605], [12.385136604309082, -77.51657104492188, 48.439964294433594, 9.91980266571045, 10.897329330444336, 21.300861358642578, 28.378421783447266, 128.83203125, 54.625186920166016, 21.628026962280273, -6.316579341888428, -3.7737185955047607, 1.1435372829437256], [-100.0786361694336, 83.11654663085938, -58.78257751464844, 66.90463256835938, 73.12622833251953, -5.158782482147217, -7.190439224243164, 54.625186920166016, 156.2081756591797, 42.14537048339844, 20.310598373413086, -41.50102615356445, 37.821937561035156], [5.031228542327881, -5.252996444702148, -9.046002388000488, -44.63736343383789, 57.06224822998047, -10.575027465820312, -2.5111382007598877, 21.628026962280273, 42.14537048339844, 108.34644317626953, 28.389842987060547, 14.565256118774414, 0.3512434661388397], [-111.96241760253906, 97.87107849121094, -46.801536560058594, 3.6936557292938232, 41.002105712890625, 46.814266204833984, 42.03102111816406, -6.316579341888428, 20.310598373413086, 28.389842987060547, 111.14999389648438, 33.68269348144531, 13.836610794067383], [51.101036071777344, -68.97479248046875, 70.13065338134766, -44.867183685302734, 10.973860740661621, 6.705868244171143, 8.922662734985352, -3.7737185955047607, -41.50102615356445, 14.565256118774414, 33.68269348144531, 118.22239685058594, 12.773906707763672], [-124.32756042480469, 131.74537658691406, -65.54251861572266, 32.2497673034668, 41.271244049072266, -30.866479873657227, -5.6165080070495605, 1.1435372829437256, 37.821937561035156, 0.3512434661388397, 13.836610794067383, 12.773906707763672, 98.60816955566406]], "lowlevel.gfcc.icov": [[0.0009308512671850622, 0.00030737509950995445, 0.000297559832688421, 9.741027315612882e-05, 0.0003919694572687149, -0.00024655897868797183, -0.00012784266436938196, 0.00016604378470219672, -0.0001716392143862322, -0.00034288872848264873, 0.0010713881347328424, -0.0007683390867896378, 0.0006947059300728142], [0.00030737509950995445, 0.0052317227236926556, 0.0005703704664483666, 0.0012280478840693831, -0.0012035536346957088, 0.004046823363751173, -0.0036020048428326845, 0.003033465938642621, -0.0010594680206850171, 0.00226104655303061, -0.005023077130317688, 0.004574013873934746, -0.004584059584885836], [0.000297559832688421, 0.0005703704664483666, 0.0037061290349811316, -0.002062136074528098, 0.0005452659097500145, -0.000666603387799114, 0.0007801535539329052, -0.0013231392949819565, 0.0010946105467155576, -0.0011070312466472387, 0.001909472863189876, -0.003140837186947465, 0.002096861135214567], [9.741027315612882e-05, 0.0012280478840693831, -0.002062136074528098, 0.007909678854048252, -0.00045428823796100914, 0.001043436350300908, -0.0008972885552793741, 0.001860819524154067, -0.004118822515010834, 0.004998610820621252, -0.0033187491353601217, 0.004277849104255438, -0.0035578343085944653], [0.0003919694572687149, -0.0012035536346957088, 0.0005452659097500145, -0.00045428823796100914, 0.004715440329164267, -0.002949170768260956, 0.0004972023307345808, 0.0001760684244800359, -0.0014032141771167517, -0.0028411629609763622, 0.0027723603416234255, -0.0026284419000148773, 0.00024255839525721967], [-0.00024655897868797183, 0.004046823363751173, -0.000666603387799114, 0.001043436350300908, -0.002949170768260956, 0.010173375718295574, -0.0036558699794113636, 0.0010690412018448114, -8.570719364797696e-05, 0.004348116461187601, -0.00834989920258522, 0.005273234564810991, -0.0017978270770981908], [-0.00012784266436938196, -0.0036020048428326845, 0.0007801535539329052, -0.0008972885552793741, 0.0004972023307345808, -0.0036558699794113636, 0.008517967537045479, -0.004573687445372343, 0.002273860154673457, -0.0008392047602683306, 0.0016296234680339694, -0.003472242970019579, 0.0040009841322898865], [0.00016604378470219672, 0.003033465938642621, -0.0013231392949819565, 0.001860819524154067, 0.0001760684244800359, 0.0010690412018448114, -0.004573687445372343, 0.013543515466153622, -0.006577436346560717, 0.00036332246963866055, -0.00022188655566424131, 0.0019435692811384797, -0.0031872806139290333], [-0.0001716392143862322, -0.0010594680206850171, 0.0010946105467155576, -0.004118822515010834, -0.0014032141771167517, -8.570719364797696e-05, 0.002273860154673457, -0.006577436346560717, 0.01528849359601736, -0.005584343336522579, -0.0015593350399285555, 0.0037196523044258356, -0.0020672003738582134], [-0.00034288872848264873, 0.00226104655303061, -0.0011070312466472387, 0.004998610820621252, -0.0028411629609763622, 0.004348116461187601, -0.0008392047602683306, 0.00036332246963866055, -0.005584343336522579, 0.01694839634001255, -0.007328697480261326, 0.002206954173743725, -0.000501616857945919], [0.0010713881347328424, -0.005023077130317688, 0.001909472863189876, -0.0033187491353601217, 0.0027723603416234255, -0.00834989920258522, 0.0016296234680339694, -0.00022188655566424131, -0.0015593350399285555, -0.007328697480261326, 0.022460902109742165, -0.012371652759611607, 0.005813001189380884], [-0.0007683390867896378, 0.004574013873934746, -0.003140837186947465, 0.004277849104255438, -0.0026284419000148773, 0.005273234564810991, -0.003472242970019579, 0.0019435692811384797, 0.0037196523044258356, 0.002206954173743725, -0.012371652759611607, 0.020901983603835106, -0.01044239941984415], [0.0006947059300728142, -0.004584059584885836, 0.002096861135214567, -0.0035578343085944653, 0.00024255839525721967, -0.0017978270770981908, 0.0040009841322898865, -0.0031872806139290333, -0.0020672003738582134, -0.000501616857945919, 0.005813001189380884, -0.01044239941984415, 0.020631205290555954]], "lowlevel.mfcc.cov": [[1476.4130859375, -302.3122253417969, 59.32857131958008, -118.76277160644531, -155.43406677246094, -41.778480529785156, -39.62540054321289, 12.78531551361084, -32.62317657470703, -16.18534278869629, -12.37152099609375, -34.83232498168945, -39.214263916015625], [-302.3122253417969, 638.935302734375, -353.62982177734375, 83.4377212524414, -58.50682830810547, 16.269960403442383, 44.279170989990234, -67.7392807006836, 46.4135627746582, -42.1989631652832, 25.33498191833496, 35.417484283447266, 33.91334533691406], [59.32857131958008, -353.62982177734375, 540.0057373046875, -7.8574748039245605, -18.509408950805664, -39.26920700073242, -30.452499389648438, 62.163368225097656, -68.03687286376953, 9.511035919189453, -52.95420455932617, -27.954553604125977, -7.130334377288818], [-118.76277160644531, 83.4377212524414, -7.8574748039245605, 200.49781799316406, 16.402231216430664, -17.628808975219727, -43.658634185791016, -9.689966201782227, 40.31790542602539, 17.39036750793457, -16.057828903198242, -17.1418399810791, 8.205163955688477], [-155.43406677246094, -58.50682830810547, -18.509408950805664, 16.402231216430664, 280.4468994140625, 54.19691467285156, -30.243003845214844, -6.423623561859131, 34.02975845336914, 47.39670181274414, 15.992728233337402, 1.8617054224014282, 6.651625156402588], [-41.778480529785156, 16.269960403442383, -39.26920700073242, -17.628808975219727, 54.19691467285156, 150.99850463867188, 70.81269836425781, 28.477800369262695, -13.762462615966797, -10.838768005371094, 30.5487003326416, 16.360733032226562, -1.6799646615982056], [-39.62540054321289, 44.279170989990234, -30.452499389648438, -43.658634185791016, -30.243003845214844, 70.81269836425781, 169.7024383544922, 69.39407348632812, -9.58152961730957, -28.960126876831055, 35.991214752197266, 36.3557243347168, -1.362633466720581], [12.78531551361084, -67.7392807006836, 62.163368225097656, -9.689966201782227, -6.423623561859131, 28.477800369262695, 69.39407348632812, 132.41802978515625, 12.413863182067871, -6.142640113830566, 7.0090508460998535, 20.89313507080078, 1.9354896545410156], [-32.62317657470703, 46.4135627746582, -68.03687286376953, 40.31790542602539, 34.02975845336914, -13.762462615966797, -9.58152961730957, 12.413863182067871, 117.00086212158203, 60.41341018676758, 0.11320827156305313, 0.3963102698326111, 15.433895111083984], [-16.18534278869629, -42.1989631652832, 9.511035919189453, 17.39036750793457, 47.39670181274414, -10.838768005371094, -28.960126876831055, -6.142640113830566, 60.41341018676758, 124.4610595703125, 30.992143630981445, 3.582089424133301, -4.0861005783081055], [-12.37152099609375, 25.33498191833496, -52.95420455932617, -16.057828903198242, 15.992728233337402, 30.5487003326416, 35.991214752197266, 7.0090508460998535, 0.11320827156305313, 30.992143630981445, 101.726318359375, 48.763458251953125, -1.6937384605407715], [-34.83232498168945, 35.417484283447266, -27.954553604125977, -17.1418399810791, 1.8617054224014282, 16.360733032226562, 36.3557243347168, 20.89313507080078, 0.3963102698326111, 3.582089424133301, 48.763458251953125, 82.98025512695312, 26.61652374267578], [-39.214263916015625, 33.91334533691406, -7.130334377288818, 8.205163955688477, 6.651625156402588, -1.6799646615982056, -1.362633466720581, 1.9354896545410156, 15.433895111083984, -4.0861005783081055, -1.6937384605407715, 26.61652374267578, 81.32171630859375]], "lowlevel.mfcc.icov": [[0.0009008356719277799, 0.0006088746595196426, 0.0003020416770596057, 0.00033769512083381414, 0.0006881422596052289, -0.00011100219853688031, 0.00040784606244415045, -3.766806548810564e-05, -0.0002503930008970201, 0.0002496302768122405, -0.00022548873675987124, 0.00021568548982031643, 0.00010681266576284543], [0.0006088746595196426, 0.003640757640823722, 0.001924410811625421, -0.0012747726868838072, 0.0011835190234705806, -0.00010746733460109681, -0.00088577187852934, 0.0016191777540370822, -0.0008323215297423303, 0.0011541882995516062, 4.993351103621535e-05, -0.0008232565014623106, -0.000593287346418947], [0.0003020416770596057, 0.001924410811625421, 0.003823126433417201, -0.0007887983229011297, 0.0005522503633983433, 0.0006403627339750528, 3.718322432177956e-07, -0.0014069211902096868, 0.002757767215371132, -0.0015023292507976294, 0.0017083198763430119, -5.4235340940067545e-05, -0.0007860781042836607], [0.00033769512083381414, -0.0012747726868838072, -0.0007887983229011297, 0.006556062959134579, -3.488569927867502e-05, -0.00027553312247619033, 0.002136431634426117, -0.000893357559107244, -0.0019694517832249403, 0.00019234784122090787, -0.0003093910636380315, 0.001312466338276863, -3.4545886592241004e-05], [0.0006881422596052289, 0.0011835190234705806, 0.0005522503633983433, -3.488569927867502e-05, 0.005235424730926752, -0.0026487463619560003, 0.001775582553818822, 0.00030933512607589364, -0.0012970534153282642, -0.0006331530166789889, -0.0003441978187765926, -0.00015218189219012856, -0.0003133507852908224], [-0.00011100219853688031, -0.00010746733460109681, 0.0006403627339750528, -0.00027553312247619033, -0.0026487463619560003, 0.010143143124878407, -0.004153299145400524, -0.0008074311772361398, 0.0022085763048380613, 5.0726201152428985e-05, -0.0013813682598993182, 0.0011595458490774035, -0.0003738481900654733], [0.00040784606244415045, -0.00088577187852934, 3.718322432177956e-07, 0.002136431634426117, 0.001775582553818822, -0.004153299145400524, 0.011993748135864735, -0.005152049008756876, -0.0009497151477262378, 0.0020630748476833105, -0.0023179722484201193, -0.0012601434718817472, 0.0010911599965766072], [-3.766806548810564e-05, 0.0016191777540370822, -0.0014069211902096868, -0.000893357559107244, 0.00030933512607589364, -0.0008074311772361398, -0.005152049008756876, 0.012762808240950108, -0.004259728826582432, 0.002042072359472513, 0.0005951435305178165, -0.002806077478453517, 0.0006831773789599538], [-0.0002503930008970201, -0.0008323215297423303, 0.002757767215371132, -0.0019694517832249403, -0.0012970534153282642, 0.0022085763048380613, -0.0009497151477262378, -0.004259728826582432, 0.017434878274798393, -0.009552107192575932, 0.0038811967242509127, 0.0008964128792285919, -0.0030973879620432854], [0.0002496302768122405, 0.0011541882995516062, -0.0015023292507976294, 0.00019234784122090787, -0.0006331530166789889, 5.0726201152428985e-05, 0.0020630748476833105, 0.002042072359472513, -0.009552107192575932, 0.015746310353279114, -0.006793438456952572, 0.0005049278261139989, 0.0018240311183035374], [-0.00022548873675987124, 4.993351103621535e-05, 0.0017083198763430119, -0.0003093910636380315, -0.0003441978187765926, -0.0013813682598993182, -0.0023179722484201193, 0.0005951435305178165, 0.0038811967242509127, -0.006793438456952572, 0.018820421770215034, -0.010081442072987556, 0.0026117409579455853], [0.00021568548982031643, -0.0008232565014623106, -5.4235340940067545e-05, 0.001312466338276863, -0.00015218189219012856, 0.0011595458490774035, -0.0012601434718817472, -0.002806077478453517, 0.0008964128792285919, 0.0005049278261139989, -0.010081442072987556, 0.02197224833071232, -0.007154008839279413], [0.00010681266576284543, -0.000593287346418947, -0.0007860781042836607, -3.4545886592241004e-05, -0.0003133507852908224, -0.0003738481900654733, 0.0010911599965766072, 0.0006831773789599538, -0.0030973879620432854, 0.0018240311183035374, 0.0026117409579455853, -0.007154008839279413, 0.015625648200511932]], "metadata.audio_properties.analysis.downmix": "mix", "metadata.audio_properties.codec": "mp3", "metadata.audio_properties.md5_encoded": "0ff8262f082b4c0d3e6953dcbabb7e48", "metadata.tags.file_name": "1182258104008716288.mp3", "metadata.version.essentia": "2.1-beta6-dev", "metadata.version.essentia_git_sha": "v2.1_beta5-1110-g77a6a954", "metadata.version.extractor": "music 2.0", "tonal.chords_key": "A", "tonal.chords_scale":