{"song_id": "1182271337981562920", "download": "https://cdn.discordapp.com/attachments/1128313332273782784/1182271337981562920/chirp.mp4?ex=658416fc&amp", "lyrics": "PURE MUSIC", "style": ["rap"], "essentia_features": {"lowlevel.average_loudness": 0.9830337166786194, "lowlevel.barkbands_crest.mean": 19.579931259155273, "lowlevel.barkbands_crest.stdev": 6.3618083000183105, "lowlevel.barkbands_flatness_db.mean": 0.34192955493927, "lowlevel.barkbands_flatness_db.stdev": 0.17849530279636383, "lowlevel.barkbands_kurtosis.mean": 155.9097137451172, "lowlevel.barkbands_kurtosis.stdev": 284.7510986328125, "lowlevel.barkbands_skewness.mean": 6.3072404861450195, "lowlevel.barkbands_skewness.stdev": 5.82822847366333, "lowlevel.barkbands_spread.mean": 21.65329360961914, "lowlevel.barkbands_spread.stdev": 26.91849708557129, "lowlevel.dissonance.mean": 0.4575127959251404, "lowlevel.dissonance.stdev": 0.04319789633154869, "lowlevel.dynamic_complexity": 3.8022046089172363, "lowlevel.erbbands_crest.mean": 14.187572479248047, "lowlevel.erbbands_crest.stdev": 7.698152542114258, "lowlevel.erbbands_flatness_db.mean": 0.2086271494626999, "lowlevel.erbbands_flatness_db.stdev": 0.09785950183868408, "lowlevel.erbbands_kurtosis.mean": 16.047569274902344, "lowlevel.erbbands_kurtosis.stdev": 36.73732376098633, "lowlevel.erbbands_skewness.mean": 1.3015042543411255, "lowlevel.erbbands_skewness.stdev": 3.2975518703460693, "lowlevel.erbbands_spread.mean": 51.573246002197266, "lowlevel.erbbands_spread.stdev": 38.2675666809082, "lowlevel.hfc.mean": 11.668828964233398, "lowlevel.hfc.stdev": 11.10327434539795, "lowlevel.loudness_ebu128.integrated": -17.097515106201172, "lowlevel.loudness_ebu128.loudness_range": 0.6165752410888672, "lowlevel.loudness_ebu128.momentary.mean": -17.23677635192871, "lowlevel.loudness_ebu128.momentary.stdev": 1.3597443103790283, "lowlevel.loudness_ebu128.short_term.mean": -17.00716209411621, "lowlevel.loudness_ebu128.short_term.stdev": 0.23996935784816742, "lowlevel.melbands_crest.mean": 25.09812355041504, "lowlevel.melbands_crest.stdev": 7.811420440673828, "lowlevel.melbands_flatness_db.mean": 0.42559099197387695, "lowlevel.melbands_flatness_db.stdev": 0.2207353562116623, "lowlevel.melbands_kurtosis.mean": 154.77880859375, "lowlevel.melbands_kurtosis.stdev": 171.5209197998047, "lowlevel.melbands_skewness.mean": 7.83133602142334, "lowlevel.melbands_skewness.stdev": 5.088768005371094, "lowlevel.melbands_spread.mean": 15.174818992614746, "lowlevel.melbands_spread.stdev": 28.50193214416504, "lowlevel.pitch_salience.mean": 0.24051359295845032, "lowlevel.pitch_salience.stdev": 0.21977999806404114, "lowlevel.silence_rate_20dB.mean": 1.0, "lowlevel.silence_rate_20dB.stdev": 0.0, "lowlevel.silence_rate_30dB.mean": 0.9040125608444214, "lowlevel.silence_rate_30dB.stdev": 0.29457515478134155, "lowlevel.silence_rate_60dB.mean": 0.09756097197532654, "lowlevel.silence_rate_60dB.stdev": 0.29672133922576904, "lowlevel.spectral_centroid.mean": 1406.7064208984375, "lowlevel.spectral_centroid.stdev": 1324.654052734375, "lowlevel.spectral_complexity.mean": 3.070810317993164, "lowlevel.spectral_complexity.stdev": 3.8809547424316406, "lowlevel.spectral_decrease.mean": -1.4021242833450742e-08, "lowlevel.spectral_decrease.stdev": 1.1059839266636118e-08, "lowlevel.spectral_energy.mean": 0.05397779121994972, "lowlevel.spectral_energy.stdev": 0.041933055967092514, "lowlevel.spectral_energyband_high.mean": 0.0007859912002459168, "lowlevel.spectral_energyband_high.stdev": 0.001298442599363625, "lowlevel.spectral_energyband_low.mean": 0.04567563533782959, "lowlevel.spectral_energyband_low.stdev": 0.042413368821144104, "lowlevel.spectral_energyband_middle_high.mean": 0.0002994020178448409, "lowlevel.spectral_energyband_middle_high.stdev": 0.0006501043681055307, "lowlevel.spectral_energyband_middle_low.mean": 0.00956609845161438, "lowlevel.spectral_energyband_middle_low.stdev": 0.022806836292147636, "lowlevel.spectral_entropy.mean": 7.0843353271484375, "lowlevel.spectral_entropy.stdev": 1.6166375875473022, "lowlevel.spectral_flux.mean": 0.1177603080868721, "lowlevel.spectral_flux.stdev": 0.09021537005901337, "lowlevel.spectral_kurtosis.mean": 19.944034576416016, "lowlevel.spectral_kurtosis.stdev": 53.55249786376953, "lowlevel.spectral_rms.mean": 0.006400012411177158, "lowlevel.spectral_rms.stdev": 0.0034206754062324762, "lowlevel.spectral_rolloff.mean": 1311.2578125, "lowlevel.spectral_rolloff.stdev": 2684.068359375, "lowlevel.spectral_skewness.mean": 2.2484490871429443, "lowlevel.spectral_skewness.stdev": 2.8718276023864746, "lowlevel.spectral_spread.mean": 6737837.5, "lowlevel.spectral_spread.stdev": 3552765.75, "lowlevel.spectral_strongpeak.mean": 0.5806683301925659, "lowlevel.spectral_strongpeak.stdev": 0.3997347354888916, "lowlevel.zerocrossingrate.mean": 0.06045813113451004, "lowlevel.zerocrossingrate.stdev": 0.07328752428293228, "metadata.audio_properties.analysis.equal_loudness": 0.0, "metadata.audio_properties.analysis.length": 29.48265266418457, "metadata.audio_properties.analysis.sample_rate": 44100.0, "metadata.audio_properties.analysis.start_time": 0.0, "metadata.audio_properties.bit_rate": 119551.0, "metadata.audio_properties.length": 29.482666015625, "metadata.audio_properties.lossless": 0.0, "metadata.audio_properties.number_channels": 1.0, "metadata.audio_properties.replay_gain": -9.450563430786133, "metadata.audio_properties.sample_rate": 48000.0, "rhythm.beats_count": 66.0, "rhythm.beats_loudness.mean": 0.0816149041056633, "rhythm.beats_loudness.stdev": 0.019884133711457253, "rhythm.bpm": 135.94546508789062, "rhythm.bpm_histogram_first_peak_bpm": 136.0, "rhythm.bpm_histogram_first_peak_weight": 0.01538461446762085, "rhythm.bpm_histogram_second_peak_bpm": 0.0, "rhythm.bpm_histogram_second_peak_spread": 0.0, "rhythm.bpm_histogram_second_peak_weight": 0.0, "rhythm.danceability": 3.4733948707580566, "rhythm.onset_rate": 4.474431991577148, "tonal.chords_changes_rate": 0.012578615918755531, "tonal.chords_number_rate": 0.004716981202363968, "tonal.chords_strength.mean": 0.5888108611106873, "tonal.chords_strength.stdev": 0.05338108539581299, "tonal.hpcp_crest.mean": 11.617415428161621, "tonal.hpcp_crest.stdev": 4.787269592285156, "tonal.hpcp_entropy.mean": 2.3159830570220947, "tonal.hpcp_entropy.stdev": 0.7588978409767151, "tonal.key_edma.strength": 0.5273899435997009, "tonal.key_krumhansl.strength": 0.5323755145072937, "tonal.key_temperley.strength": 0.5412428975105286, "tonal.tuning_diatonic_strength": 0.7144567966461182, "tonal.tuning_equal_tempered_deviation": 0.10434919595718384, "tonal.tuning_frequency": 434.193115234375, "tonal.tuning_nontempered_energy_ratio": 0.7868868112564087, "lowlevel.barkbands.mean": [0.0013769814977422357, 0.035550881177186966, 0.0064092655666172504, 0.004358359146863222, 0.004621072672307491, 0.00030764201073907316, 5.0050413847202435e-05, 0.00012333948689047247, 7.890834240242839e-05, 5.1132232329109684e-05, 4.123701000935398e-05, 4.5205473725218326e-05, 3.282900433987379e-05, 2.9891753001720645e-05, 2.577761006250512e-05, 2.2354872271534987e-05, 1.7328809917671606e-05, 2.079136174870655e-05, 1.656376844039187e-05, 2.8183158065075986e-05, 4.0846487536327913e-05, 0.00010248308535665274, 0.0002761829528026283, 0.00019517600594554096, 0.00012912889360450208, 2.6185434762737714e-05, 7.702958271238458e-09], "lowlevel.barkbands.stdev": [0.0014906433643773198, 0.03699833154678345, 0.01637476496398449, 0.012612986378371716, 0.014684406109154224, 0.0012668264098465443, 0.00019147359125781804, 0.0006156167946755886, 0.0002890171017497778, 0.00012289702135603875, 9.256794874090701e-05, 9.539822349324822e-05, 7.194303907454014e-05, 8.223979966714978e-05, 6.653065065620467e-05, 6.10236638749484e-05, 5.7220440794480965e-05, 0.00010883229697356, 5.549823981709778e-05, 7.472787547158077e-05, 9.119277819991112e-05, 0.0001940747315529734, 0.00047413556603714824, 0.0003164156514685601, 0.00022283605358097702, 4.9923321057576686e-05, 8.139031848486411e-08], "lowlevel.erbbands.mean": [1.290940523147583, 6.802155017852783, 8.343307495117188, 12.009234428405762, 15.022656440734863, 16.16987419128418, 8.1926851272583, 1.9010316133499146, 0.994365394115448, 0.889995813369751, 3.2538459300994873, 1.8300224542617798, 2.015385389328003, 1.3724703788757324, 1.7376744747161865, 1.8449276685714722, 1.5487147569656372, 1.634126901626587, 1.3286980390548706, 1.390571117401123, 1.187194585800171, 0.9867793321609497, 1.0585260391235352, 1.0031896829605103, 0.9173822402954102, 1.342586636543274, 1.6310322284698486, 1.7320778369903564, 3.4084420204162598, 5.744983673095703, 8.517525672912598, 4.707694053649902, 3.084430694580078, 1.8267799615859985, 0.7047792077064514, 0.21517044305801392, 0.02387704700231552, 0.0007165984134189785, 5.805684850201942e-05, 6.428441702155396e-05], "lowlevel.erbbands.stdev": [1.4759825468063354, 7.605990886688232, 17.871397018432617, 32.370601654052734, 46.74772262573242, 62.0242919921875, 35.70146179199219, 7.488694667816162, 3.5195534229278564, 3.090031385421753, 16.222917556762695, 7.110991954803467, 4.506784915924072, 3.3046374320983887, 4.017762184143066, 3.6415653228759766, 3.2609448432922363, 3.870976686477661, 3.6413214206695557, 4.007435321807861, 3.0635857582092285, 3.2310984134674072, 5.308430194854736, 4.874013423919678, 2.645876884460449, 3.513143539428711, 3.9272711277008057, 3.649907112121582, 6.519267559051514, 10.374673843383789, 14.63171100616455, 7.935443878173828, 5.008697986602783, 3.1130776405334473, 1.2332502603530884, 0.4020991325378418, 0.05171810835599899, 0.0015984383644536138, 6.435259274439886e-05, 4.474575325730257e-05], "lowlevel.gfcc.mean": [-130.08009338378906, 78.66248321533203, -56.41905212402344, 52.95804214477539, -40.408138275146484, 53.814239501953125, -19.87037467956543, 20.102619171142578, -4.382876873016357, 3.3252713680267334, -5.845629692077637, -4.563316822052002, -5.517146110534668], "lowlevel.melbands.mean": [0.010582472197711468, 0.0058195204474031925, 0.0021673906594514847, 0.0010819232556968927, 0.00039650427061133087, 4.224662916385569e-05, 1.4036296306585427e-05, 1.178342427010648e-05, 2.6052057364722714e-05, 1.0957343874906655e-05, 9.804386536416132e-06, 5.232188868831145e-06, 5.762458386016078e-06, 5.506183697434608e-06, 3.548105951267644e-06, 3.44685008712986e-06, 2.968321041407762e-06, 2.110180275849416e-06, 1.970268385775853e-06, 1.6767171473475173e-06, 1.3516778381017502e-06, 1.0509189678487019e-06, 9.264131790587271e-07, 9.494735877524363e-07, 8.030640401557321e-07, 5.823913511449064e-07, 7.977080827004102e-07, 9.016337116918294e-07, 9.504379363534099e-07, 1.0495972446733504e-06, 9.66849484029808e-07, 1.8379521407041466e-06, 2.2125702798803104e-06, 3.6478090805758256e-06, 5.342455551726744e-06, 3.529426066961605e-06, 2.717682264119503e-06, 2.1677053609892027e-06, 1.8103744423569879e-06, 1.478784156461188e-06], "lowlevel.melbands.stdev": [0.01124939788132906, 0.00816949363797903, 0.005409036763012409, 0.003246624954044819, 0.0017246260540559888, 0.00016607592988293618, 4.9940135795623064e-05, 4.920149513054639e-05, 0.00012690290168393403, 4.484458258957602e-05, 2.2411624740925618e-05, 1.3317636330612004e-05, 1.307516959059285e-05, 1.2248328857822344e-05, 7.248164820339298e-06, 7.741123226878699e-06, 7.330856533371843e-06, 6.413529717974598e-06, 5.6110766308847815e-06, 4.895960501016816e-06, 3.6021308460476575e-06, 3.476310439509689e-06, 3.935934728360735e-06, 5.17270518685109e-06, 4.085312411916675e-06, 1.6973498304651002e-06, 2.2505623746837955e-06, 2.386560481681954e-06, 2.4623216177133145e-06, 2.435299620628939e-06, 2.0462164229684277e-06, 3.6568940231518354e-06, 4.121481651964132e-06, 6.843118171673268e-06, 9.300646524934564e-06, 6.198894880071748e-06, 4.673233434004942e-06, 3.5023897453356767e-06, 3.1879919788480038e-06, 2.519353984098416e-06], "lowlevel.melbands128.mean": [0.0013468314427882433, 0.010591220110654831, 0.014898574911057949, 0.010003985837101936, 0.004888785537332296, 0.0030236949678510427, 0.0024730623699724674, 0.002069650450721383, 0.0015144114149734378, 0.0009227649425156415, 0.0009725036798045039, 0.0006408977205865085, 0.00025187424034811556, 7.327881030505523e-05, 3.2033774914452806e-05, 3.306436337879859e-05, 1.9620812963694334e-05, 9.646498256188352e-06, 7.97084612713661e-06, 7.0091123234306e-06, 1.2449105270206928e-05, 2.8766164177795872e-05, 3.5935561754740775e-05, 1.3079928066872526e-05, 8.457305739284493e-06, 1.0966541594825685e-05, 1.2372894161671866e-05, 1.1643155630736146e-05, 5.486572717927629e-06, 4.575743332679849e-06, 5.12963470100658e-06, 6.418895736715058e-06, 5.986962150927866e-06, 5.303821581037482e-06, 4.996340976504143e-06, 6.629794370383024e-06, 4.59500142824254e-06, 3.2152695439435774e-06, 2.7505400339578046e-06, 3.7323388824006543e-06, 3.573843287085765e-06, 3.1735489756101742e-06, 3.175590109094628e-06, 2.853090109056211e-06, 2.1944708805676783e-06, 1.959262817763374e-06, 1.9802346287178807e-06, 1.988805252040038e-06, 1.946922793649719e-06, 1.9912531570298597e-06, 1.5846067071834113e-06, 1.4866583342154627e-06, 1.2642527735806652e-06, 1.382824734719179e-06, 1.332120973529527e-06, 1.0283947631251067e-06, 8.117009997476998e-07, 8.028180218389025e-07, 1.077528622772661e-06, 9.517421517557523e-07, 9.041840485224384e-07, 9.618723879611935e-07, 9.85555857369036e-07, 7.440706895067706e-07, 5.442583983494842e-07, 5.350548804017308e-07, 6.39343966213346e-07, 6.420779641302943e-07, 8.799567581263545e-07, 9.520160801912425e-07, 8.950206051849818e-07, 8.694609618942195e-07, 9.010186090563366e-07, 8.866076655067445e-07, 1.1213031712031807e-06, 1.16742444333795e-06, 9.945971441993606e-07, 7.730518518656027e-07, 8.845099728205241e-07, 1.1726973525583162e-06, 1.7881358189697494e-06, 2.1922621726844227e-06, 1.8786894315780955e-06, 2.0247014163032873e-06, 2.68235362455016e-06, 2.8875454063381767e-06, 3.921546067431336e-06, 5.310852884576889e-06, 5.243942268862156e-06, 6.0940219555050135e-06, 4.0503118725609966e-06, 2.717736606427934e-06, 2.4941268748079892e-06, 3.184669367328752e-06, 2.5332346922368743e-06, 1.9596727725001983e-06, 2.2266062842390966e-06, 2.2672252271149773e-06, 1.7326710803899914e-06, 1.6727701677154982e-06, 1.5435455225087935e-06, 1.4730645716554136e-06, 1.3727650411965442e-06, 1.184025904876762e-06, 6.762833208995289e-07, 4.788153660229e-07, 4.590440312313149e-07, 5.18208253197372e-07, 3.7975613054186397e-07, 2.7709546657206374e-07, 1.6725385876270593e-07, 8.344251511971379e-08, 4.257715602307144e-08, 1.2993970344155059e-08, 2.2171267044512888e-09, 6.20702877984769e-10, 2.4124083286558573e-10, 2.3815590124987018e-11, 1.7015115011398407e-11, 1.558243811761173e-11, 1.1474343176998136e-11, 8.719342955987308e-12, 7.721439806984698e-12, 7.581746862272976e-12, 7.423884423873872e-12, 7.2356669267303886e-12, 7.122544741500203e-12, 7.076291375779364e-12], "lowlevel.melbands128.stdev": [0.0014666588976979256, 0.012995792552828789, 0.016815485432744026, 0.01270789559930563, 0.010649475269019604, 0.0077509465627372265, 0.007698527537286282, 0.006464462261646986, 0.005413789767771959, 0.0031108958646655083, 0.004154996480792761, 0.0028343722224235535, 0.0011327916290611029, 0.000343386665917933, 0.0001504310785094276, 0.00011854567128466442, 6.931278039701283e-05, 4.6051096433075145e-05, 3.3796171919675544e-05, 2.7062207664130256e-05, 7.498614286305383e-05, 0.0001783834450179711, 0.00020212389063090086, 6.065774505259469e-05, 4.309498763177544e-05, 7.919858762761578e-05, 2.9798819014104083e-05, 2.756378671620041e-05, 1.717183658911381e-05, 1.4412582459044643e-05, 1.4245650163502432e-05, 1.567686558701098e-05, 1.4466942047874909e-05, 1.641716698941309e-05, 1.4909625861037057e-05, 1.577306647959631e-05, 9.278307516069617e-06, 9.151279300567694e-06, 7.0239125307125505e-06, 8.768241059442516e-06, 9.41770395002095e-06, 7.857804121158551e-06, 8.09649282018654e-06, 8.937106940720696e-06, 8.428832188656088e-06, 7.012204150669277e-06, 5.942090410826495e-06, 7.076228030200582e-06, 5.577142019319581e-06, 7.604961865581572e-06, 5.556665200856514e-06, 3.919079063052777e-06, 3.665522399387555e-06, 3.993097379861865e-06, 5.5884102039271966e-06, 3.552338739609695e-06, 2.5583235583326314e-06, 2.621320618345635e-06, 5.9962640079902485e-06, 5.260291345621226e-06, 5.544627128983848e-06, 6.428663709812099e-06, 5.8169657677353825e-06, 3.893818757205736e-06, 1.6208333590839175e-06, 1.576488216414873e-06, 2.0304953523009317e-06, 2.1172797914914554e-06, 2.7048736228607595e-06, 2.8530994313769042e-06, 2.4879377633624244e-06, 2.5588828975742217e-06, 2.8104054763389286e-06, 2.5628014554968104e-06, 2.88506680590217e-06, 2.946360382338753e-06, 2.4072676296782447e-06, 1.9750455066969153e-06, 1.9485162283672253e-06, 2.8054012091160985e-06, 3.8914054130145814e-06, 4.656082182918908e-06, 3.854106580547523e-06, 3.946583092329092e-06, 5.739312655350659e-06, 5.751329354097834e-06, 8.211672138713766e-06, 1.0795876733027399e-05, 9.649830644775648e-06, 1.1583602827158757e-05, 7.504993391194148e-06, 5.492473519552732e-06, 4.470394742384087e-06, 6.110493814048823e-06, 4.512881332630059e-06, 3.351061423018109e-06, 3.993842710769968e-06, 3.9752044358465355e-06, 3.3609649108257145e-06, 3.2372533951274818e-06, 2.893239297918626e-06, 2.524451247154502e-06, 2.4913711058616173e-06, 2.1660960101144155e-06, 1.3492375501300558e-06, 1.0041194400400855e-06, 9.369725262331485e-07, 1.0042733720183605e-06, 7.534533210673544e-07, 5.921735350966628e-07, 3.977997096171748e-07, 2.4297307277265645e-07, 1.3823789402067632e-07, 5.2887980217519726e-08, 1.2428410300913129e-08, 6.000927310623183e-09, 3.012221361231582e-09, 3.432401307623678e-10, 2.236894280915891e-10, 2.2157457812976844e-10, 1.0062924798992512e-10, 2.8213148831057744e-11, 1.081814065412301e-11, 1.0631441907382744e-11, 1.0480713519278595e-11, 1.0354619071895055e-11, 1.0263742113159058e-11, 1.020832984116593e-11], "lowlevel.mfcc.mean": [-787.2769775390625, 103.76864624023438, 53.75616455078125, 19.36522674560547, 27.65369987487793, 30.78849983215332, 15.367913246154785, 23.39923095703125, 13.089783668518066, 18.235780715942383, 10.390732765197754, 8.67873477935791, 7.762860298156738], "lowlevel.spectral_contrast_coeffs.mean": [-0.6419386267662048, -0.8244304060935974, -0.8429319858551025, -0.8619802594184875, -0.8401798009872437, -0.8244465589523315], "lowlevel.spectral_contrast_coeffs.stdev": [0.10457974672317505, 0.06724286079406738, 0.04468996822834015, 0.03489358723163605, 0.03669537231326103, 0.03368932381272316], "lowlevel.spectral_contrast_valleys.mean": [-7.806447982788086, -8.315628051757812, -8.712149620056152, -9.019309997558594, -9.321050643920898, -10.788121223449707], "lowlevel.spectral_contrast_valleys.stdev": [0.923492968082428, 0.9550612568855286, 1.1880555152893066, 1.1963242292404175, 1.498445749282837, 2.3198680877685547], "rhythm.beats_loudness_band_ratio.mean": [0.9356263279914856, 0.08423591405153275, 0.008615714497864246, 0.006132487673312426, 0.005271943286061287, 0.016022082418203354], "rhythm.beats_loudness_band_ratio.stdev": [0.1768685132265091, 0.15298214554786682, 0.049970269203186035, 0.03344551473855972, 0.02887466922402382, 0.07401441037654877], "tonal.hpcp.mean": [0.13435237109661102, 0.07080759108066559, 0.03091009519994259, 0.03207209333777428, 0.031205080449581146, 0.05555906891822815, 0.06659558415412903, 0.0438423678278923, 0.037428826093673706, 0.042276088148355484, 0.04913885146379471, 0.07665780931711197, 0.06883818656206131, 0.047456201165914536, 0.07271607965230942, 0.09999886900186539, 0.09701088815927505, 0.10092060267925262, 0.1403065323829651, 0.1357671320438385, 0.09514351189136505, 0.07001712173223495, 0.04560944065451622, 0.02989748865365982, 0.028955355286598206, 0.044024478644132614, 0.0613107867538929, 0.09259282052516937, 0.15814486145973206, 0.18293671309947968, 0.1518198698759079, 0.11155541986227036, 0.06641168147325516, 0.04794996604323387, 0.07517249882221222, 0.12673866748809814], "tonal.hpcp.stdev": [0.3060477077960968, 0.20374509692192078, 0.1270921379327774, 0.1343512386083603, 0.12817738950252533, 0.19098712503910065, 0.21970528364181519, 0.1631501466035843, 0.15388478338718414, 0.1635735183954239, 0.17275182902812958, 0.2359657883644104, 0.2141990214586258, 0.16610024869441986, 0.19554585218429565, 0.22578194737434387, 0.207004114985466, 0.2034274786710739, 0.2869541645050049, 0.277847558259964, 0.23723138868808746, 0.22251001000404358, 0.1634257584810257, 0.12865926325321198, 0.1040196493268013, 0.15223810076713562, 0.1893187314271927, 0.22395697236061096, 0.3205798864364624, 0.322144091129303, 0.28975263237953186, 0.2582070827484131, 0.19595685601234436, 0.15898682177066803, 0.21862821280956268, 0.28328895568847656], "rhythm.beats_position": [0.4527890980243683, 0.9055781960487366, 1.3467572927474976, 1.7879364490509033, 2.2291154861450195, 2.670294761657715, 3.111473798751831, 3.5526530742645264, 3.9938321113586426, 4.435011386871338, 4.876190185546875, 5.31736946105957, 5.758548736572266, 6.199728012084961, 6.640906810760498, 7.082086086273193, 7.523265361785889, 7.964444160461426, 8.405623435974121, 8.846802711486816, 9.287981986999512, 9.729161262512207, 10.170339584350586, 10.611518859863281, 11.052698135375977, 11.493877410888672, 11.935056686401367, 12.376235961914062, 12.817414283752441, 13.258593559265137, 13.699772834777832, 14.140952110290527, 14.582131385803223, 15.023310661315918, 15.464489936828613, 15.905668258666992, 16.346847534179688, 16.788026809692383, 17.229206085205078, 17.670385360717773, 18.11156463623047, 18.552743911743164, 18.99392318725586, 19.435102462768555, 19.87628173828125, 20.317459106445312, 20.758638381958008, 21.199817657470703, 21.6409969329834, 22.082176208496094, 22.52335548400879, 22.964534759521484, 23.40571403503418, 23.846893310546875, 24.28807258605957, 24.729251861572266, 25.17043113708496, 25.611610412597656, 26.05278778076172, 26.493967056274414, 26.93514633178711, 27.376325607299805, 27.8175048828125, 28.258684158325195, 28.69986343383789, 29.141042709350586], "rhythm.bpm_histogram": [0.0, 0.0, 0.0, 0.0, 0.0, 0.0, 0.0, 0.0, 0.0, 0.0, 0.0, 0.0, 0.0, 0.0, 0.0, 0.0, 0.0, 0.0, 0.0, 0.0, 0.0, 0.0, 0.0, 0.0, 0.0, 0.0, 0.0, 0.0, 0.0, 0.0, 0.0, 0.0, 0.0, 0.0, 0.0, 0.0, 0.0, 0.0, 0.0, 0.0, 0.0, 0.0, 0.0, 0.0, 0.0, 0.0, 0.0, 0.0, 0.0, 0.0, 0.0, 0.0, 0.0, 0.0, 0.0, 0.0, 0.0, 0.0, 0.0, 0.0, 0.0, 0.0, 0.0, 0.0, 0.0, 0.0, 0.0, 0.0, 0.0, 0.0, 0.0, 0.0, 0.0, 0.0, 0.0, 0.0, 0.0, 0.0, 0.0, 0.0, 0.0, 0.0, 0.0, 0.0, 0.0, 0.0, 0.0, 0.0, 0.0, 0.0, 0.0, 0.0, 0.0, 0.0, 0.0, 0.0, 0.0, 0.0, 0.0, 0.0, 0.0, 0.0, 0.0, 0.0, 0.0, 0.0, 0.0, 0.0, 0.0, 0.0, 0.0, 0.0, 0.0, 0.0, 0.0, 0.0, 0.0, 0.0, 0.0, 0.0, 0.0, 0.0, 0.0, 0.0, 0.0, 0.0, 0.0, 0.0, 0.0, 0.0, 0.0, 0.0, 0.0, 0.015384615398943424, 0.0, 0.0, 0.9846153855323792, 0.0, 0.0, 0.0, 0.0, 0.0, 0.0, 0.0, 0.0, 0.0, 0.0, 0.0, 0.0, 0.0, 0.0, 0.0, 0.0, 0.0, 0.0, 0.0, 0.0, 0.0, 0.0, 0.0, 0.0, 0.0, 0.0, 0.0, 0.0, 0.0, 0.0, 0.0, 0.0, 0.0, 0.0, 0.0, 0.0, 0.0, 0.0, 0.0, 0.0, 0.0, 0.0, 0.0, 0.0, 0.0, 0.0, 0.0, 0.0, 0.0, 0.0, 0.0, 0.0, 0.0, 0.0, 0.0, 0.0, 0.0, 0.0, 0.0, 0.0, 0.0, 0.0, 0.0, 0.0, 0.0, 0.0, 0.0, 0.0, 0.0, 0.0, 0.0, 0.0, 0.0, 0.0, 0.0, 0.0, 0.0, 0.0, 0.0, 0.0, 0.0, 0.0, 0.0, 0.0, 0.0, 0.0, 0.0, 0.0, 0.0, 0.0, 0.0, 0.0, 0.0, 0.0, 0.0, 0.0, 0.0, 0.0, 0.0, 0.0, 0.0, 0.0, 0.0, 0.0, 0.0, 0.0, 0.0, 0.0, 0.0, 0.0, 0.0, 0.0, 0.0], "tonal.chords_histogram": [85.06289672851562, 9.276729583740234, 0.31446540355682373, 0.0, 0.0, 0.0, 0.0, 0.0, 0.0, 0.0, 0.0, 0.0, 0.0, 0.0, 0.0, 5.345911979675293, 0.0, 0.0, 0.0, 0.0, 0.0, 0.0, 0.0, 0.0], "tonal.thpcp": [1.0, 0.829903781414032, 0.609803318977356, 0.36303091049194336, 0.2621123194694519, 0.41092079877853394, 0.6928006410598755, 0.7344199419021606, 0.38706058263778687, 0.16896605491638184, 0.17531797289848328, 0.17057855427265167, 0.30370649695396423, 0.3640362024307251, 0.2396586686372757, 0.20459985733032227, 0.2310967892408371, 0.26861122250556946, 0.4190400540828705, 0.3762950897216797, 0.2594132125377655, 0.3974930942058563, 0.5466309189796448, 0.5302975177764893, 0.5516694784164429, 0.7669675946235657, 0.7421535849571228, 0.5200897455215454, 0.3827395737171173, 0.24931813776493073, 0.16343078017234802, 0.15828073024749756, 0.2406541407108307, 0.33514752984046936, 0.5061467289924622, 0.8644785284996033], "lowlevel.gfcc.cov": [[10728.1298828125, -4849.23828125, -1749.889404296875, 1337.41015625, -2964.019775390625, 1210.6771240234375, -1587.166748046875, 80.93646240234375, -1226.1363525390625, 297.23138427734375, -475.299072265625, 586.9398803710938, -229.65103149414062], [-4849.23828125, 5292.546875, 611.8658447265625, -1273.06005859375, 2573.967041015625, -1442.9205322265625, 1095.3416748046875, -364.9770202636719, 675.4678344726562, -680.3716430664062, 181.64866638183594, -617.1824340820312, 274.72607421875], [-1749.889404296875, 611.8658447265625, 2051.13818359375, 661.7720947265625, 572.552734375, 142.45545959472656, 321.29681396484375, -210.57981872558594, 130.55172729492188, -82.0256118774414, 35.15101623535156, -163.87147521972656, -3.8300931453704834], [1337.41015625, -1273.06005859375, 661.7720947265625, 1047.1280517578125, -348.21923828125, 513.6796264648438, -143.7425994873047, 4.4116597175598145, -166.70765686035156, 86.55330657958984, -46.82414627075195, 52.641197204589844, -74.71913146972656], [-2964.019775390625, 2573.967041015625, 572.552734375, -348.21923828125, 1975.4642333984375, -482.0321960449219, 1015.4835815429688, 56.058231353759766, 614.0791625976562, -181.0955352783203, 243.50750732421875, -268.9408874511719, 161.11709594726562], [1210.6771240234375, -1442.9205322265625, 142.45545959472656, 513.6796264648438, -482.0321960449219, 802.3292846679688, -51.60899353027344, 144.84860229492188, -123.75222778320312, 204.2222137451172, 48.613033294677734, 191.1338348388672, -40.33706283569336], [-1587.166748046875, 1095.3416748046875, 321.29681396484375, -143.7425994873047, 1015.4835815429688, -51.60899353027344, 752.571044921875, 217.67095947265625, 434.5218505859375, 47.91450881958008, 204.76248168945312, -70.70561981201172, 87.71539306640625], [80.93646240234375, -364.9770202636719, -210.57981872558594, 4.4116597175598145, 56.058231353759766, 144.84860229492188, 217.67095947265625, 376.578857421875, 239.12294006347656, 246.1683349609375, 82.13603973388672, 88.47794342041016, -15.262728691101074], [-1226.1363525390625, 675.4678344726562, 130.55172729492188, -166.70765686035156, 614.0791625976562, -123.75222778320312, 434.5218505859375, 239.12294006347656, 418.28173828125, 124.86895751953125, 141.7421417236328, -42.01621627807617, 45.50165557861328], [297.23138427734375, -680.3716430664062, -82.0256118774414, 86.55330657958984, -181.0955352783203, 204.2222137451172, 47.91450881958008, 246.1683349609375, 124.86895751953125, 302.34375, 79.2099380493164, 153.5881805419922, -21.428813934326172], [-475.299072265625, 181.64866638183594, 35.15101623535156, -46.82414627075195, 243.50750732421875, 48.613033294677734, 204.76248168945312, 82.13603973388672, 141.7421417236328, 79.2099380493164, 147.8906707763672, 51.59510803222656, 49.87409591674805], [586.9398803710938, -617.1824340820312, -163.87147521972656, 52.641197204589844, -268.9408874511719, 191.1338348388672, -70.70561981201172, 88.47794342041016, -42.01621627807617, 153.5881805419922, 51.59510803222656, 185.71282958984375, 18.53512191772461], [-229.65103149414062, 274.72607421875, -3.8300931453704834, -74.71913146972656, 161.11709594726562, -40.33706283569336, 87.71539306640625, -15.262728691101074, 45.50165557861328, -21.428813934326172, 49.87409591674805, 18.53512191772461, 73.76140594482422]], "lowlevel.gfcc.icov": [[0.000397372612496838, -0.0005284196231514215, 0.0005083882133476436, -0.000879769679158926, 0.0001929611316882074, -0.00042383940308354795, 0.00021419738186523318, -0.00041963826515711844, 0.000809214951004833, -0.0006130606052465737, 0.0011190512450411916, -0.0009527848451398313, 0.0001511732116341591], [-0.0005284196231514215, 0.0040509807877242565, -0.0013851503608748317, 0.0032257093116641045, -0.0015388570027425885, 0.00267710885964334, -0.001508073415607214, 0.001687433454208076, -0.0020206759218126535, 0.003624871838837862, -0.0028816903941333294, 0.004319946281611919, -0.003407127223908901], [0.0005083882133476436, -0.0013851503608748317, 0.002091665519401431, -0.0025214480701833963, 0.0008122346480377018, -0.001172057120129466, -0.0006503651384264231, 0.0021500352304428816, -0.0007077907212078571, -0.0019930910784751177, 0.0026675998233258724, -0.0019561736844480038, 0.001644894597120583], [-0.000879769679158926, 0.0032257093116641045, -0.0025214480701833963, 0.00557754747569561, -0.0019510615384206176, 0.0010993184987455606, 0.00015618765610270202, -0.000323335436405614, -0.0002956893004011363, 0.0024274953175336123, -0.003521515754982829, 0.005118830595165491, -0.0026416219770908356], [0.0001929611316882074, -0.0015388570027425885, 0.0008122346480377018, -0.0019510615384206176, 0.004782272037118673, 0.0001300530566368252, -0.004145465791225433, 0.001997070387005806, -0.002513572806492448, 0.0007174700149334967, 0.0006373811047524214, -0.001641908660531044, 0.0011068071471527219], [-0.00042383940308354795, 0.00267710885964334, -0.001172057120129466, 0.0010993184987455606, 0.0001300530566368252, 0.005279671400785446, -0.003061534371227026, 5.164570757187903e-05, 0.0006465447950176895, 0.0025079448241740465, -0.0038260221481323242, 0.0017401265213266015, -0.0015037908451631665], [0.00021419738186523318, -0.001508073415607214, -0.0006503651384264231, 0.00015618765610270202, -0.004145465791225433, -0.003061534371227026, 0.011686396785080433, -0.00698109669610858, 0.0015733062755316496, -0.0005432647303678095, -0.002734182635322213, 0.0002707048843149096, -0.0009004794410429895], [-0.00041963826515711844, 0.001687433454208076, 0.0021500352304428816, -0.000323335436405614, 0.001997070387005806, 5.164570757187903e-05, -0.00698109669610858, 0.018792763352394104, -0.012685532681643963, -0.002708125626668334, 0.004795266315340996, -0.0022521745413541794, 0.004411362111568451], [0.000809214951004833, -0.0020206759218126535, -0.0007077907212078571, -0.0002956893004011363, -0.002513572806492448, 0.0006465447950176895, 0.0015733062755316496, -0.012685532681643963, 0.023795446380972862, -0.011033500544726849, -0.003823448671028018, 0.008736813440918922, -0.0064370897598564625], [-0.0006130606052465737, 0.003624871838837862, -0.0019930910784751177, 0.0024274953175336123, 0.0007174700149334967, 0.0025079448241740465, -0.0005432647303678095, -0.002708125626668334, -0.011033500544726849, 0.023417621850967407, -0.005753625184297562, -0.009866151958703995, 0.006814907770603895], [0.0011190512450411916, -0.0028816903941333294, 0.0026675998233258724, -0.003521515754982829, 0.0006373811047524214, -0.0038260221481323242, -0.002734182635322213, 0.004795266315340996, -0.003823448671028018, -0.005753625184297562, 0.024621592834591866, -0.011008953675627708, -0.0016471071867272258], [-0.0009527848451398313, 0.004319946281611919, -0.0019561736844480038, 0.005118830595165491, -0.001641908660531044, 0.0017401265213266015, 0.0002707048843149096, -0.0022521745413541794, 0.008736813440918922, -0.009866151958703995, -0.011008953675627708, 0.031673092395067215, -0.018993377685546875], [0.0001511732116341591, -0.003407127223908901, 0.001644894597120583, -0.0026416219770908356, 0.0011068071471527219, -0.0015037908451631665, -0.0009004794410429895, 0.004411362111568451, -0.0064370897598564625, 0.006814907770603895, -0.0016471071867272258, -0.018993377685546875, 0.03470814600586891]], "lowlevel.mfcc.cov": [[12860.943359375, -6265.13671875, 137.16375732421875, -1153.1614990234375, -1170.0499267578125, -195.2597198486328, -597.6915893554688, -420.98858642578125, -850.0820922851562, -621.6248779296875, -645.0878295898438, -392.61529541015625, -191.15309143066406], [-6265.13671875, 6567.091796875, -1464.327392578125, 796.7429809570312, 775.93798828125, -197.6009521484375, 325.41448974609375, 220.73011779785156, 514.6197509765625, 173.64852905273438, 209.8177947998047, -1.2537100315093994, -96.79759216308594], [137.16375732421875, -1464.327392578125, 1898.2728271484375, 279.0207824707031, 89.02843475341797, 424.38433837890625, 25.060218811035156, -59.69959259033203, -132.27003479003906, -88.03526306152344, -88.81843566894531, -68.08258819580078, -40.09396743774414], [-1153.1614990234375, 796.7429809570312, 279.0207824707031, 774.715576171875, 402.5954284667969, 172.56021118164062, 177.30245971679688, 96.67906951904297, 173.9053955078125, 82.17306518554688, 89.19185638427734, 35.18857192993164, -3.3461763858795166], [-1170.0499267578125, 775.93798828125, 89.02843475341797, 402.5954284667969, 392.5332336425781, 192.77696228027344, 180.56112670898438, 129.5242156982422, 150.9805450439453, 88.90892028808594, 87.42233276367188, 40.213623046875, 6.700900554656982], [-195.2597198486328, -197.6009521484375, 424.38433837890625, 172.56021118164062, 192.77696228027344, 380.3756408691406, 242.28868103027344, 137.29812622070312, 51.939971923828125, 25.52833366394043, 28.24201202392578, 30.088775634765625, 40.21257400512695], [-597.6915893554688, 325.41448974609375, 25.060218811035156, 177.30245971679688, 180.56112670898438, 242.28868103027344, 305.1896667480469, 199.29710388183594, 139.4040985107422, 97.67113494873047, 97.01309967041016, 80.32678985595703, 73.57093811035156], [-420.98858642578125, 220.73011779785156, -59.69959259033203, 96.67906951904297, 129.5242156982422, 137.29812622070312, 199.29710388183594, 200.32281494140625, 155.2659454345703, 123.24130249023438, 112.10543823242188, 88.91312408447266, 78.06431579589844], [-850.0820922851562, 514.6197509765625, -132.27003479003906, 173.9053955078125, 150.9805450439453, 51.939971923828125, 139.4040985107422, 155.2659454345703, 250.5958709716797, 196.8286590576172, 178.69923400878906, 132.17208862304688, 92.03863525390625], [-621.6248779296875, 173.64852905273438, -88.03526306152344, 82.17306518554688, 88.90892028808594, 25.52833366394043, 97.67113494873047, 123.24130249023438, 196.8286590576172, 226.3557586669922, 193.85037231445312, 148.4197540283203, 105.13101959228516], [-645.0878295898438, 209.8177947998047, -88.81843566894531, 89.19185638427734, 87.42233276367188, 28.24201202392578, 97.01309967041016, 112.10543823242188, 178.69923400878906, 193.85037231445312, 212.22247314453125, 158.58026123046875, 108.20193481445312], [-392.61529541015625, -1.2537100315093994, -68.08258819580078, 35.18857192993164, 40.213623046875, 30.088775634765625, 80.32678985595703, 88.91312408447266, 132.17208862304688, 148.4197540283203, 158.58026123046875, 169.85504150390625, 123.39836120605469], [-191.15309143066406, -96.79759216308594, -40.09396743774414, -3.3461763858795166, 6.700900554656982, 40.21257400512695, 73.57093811035156, 78.06431579589844, 92.03863525390625, 105.13101959228516, 108.20193481445312, 123.39836120605469, 137.04234313964844]], "lowlevel.mfcc.icov": [[0.00023422563390340656, 0.00025036916485987604, 0.0002508796169422567, -0.00017871730960905552, 0.0003350693150423467, -0.00022469184477813542, 0.00023783328651916236, -0.00027695554308593273, -6.870648940093815e-05, 0.0002989440690726042, 5.124288145452738e-05, 0.0003090013633482158, 0.00015033487579785287], [0.00025036916485987604, 0.0006862858426757157, 0.00041342730401083827, -4.09557978855446e-05, -0.0006188698462210596, 0.0006713218754157424, -0.0007797013386152685, 0.000559443433303386, -0.0012890479993075132, 0.0012757990043610334, -0.00044182484271004796, 0.0010016616433858871, 0.00022102525690570474], [0.0002508796169422567, 0.00041342730401083827, 0.0015085983322933316, -0.0009491950622759759, 0.000953428156208247, -0.0025645503774285316, 0.0016371135134249926, 8.397363126277924e-05, 0.0002580787113402039, -0.00025528654805384576, -0.00014309074322227389, 0.000700677337590605, 0.00034390325890854], [-0.00017871730960905552, -4.09557978855446e-05, -0.0009491950622759759, 0.0038668359629809856, -0.004226896911859512, 0.0024504356551915407, -0.00288215558975935, 0.0028929971158504486, -0.002874253550544381, 0.001753836520947516, -0.0005142156733199954, 0.0001886118989204988, -0.00025343577726744115], [0.0003350693150423467, -0.0006188698462210596, 0.000953428156208247, -0.004226896911859512, 0.011502629145979881, -0.006848514080047607, 0.0045449440367519855, -0.00411195307970047, 0.0015287860296666622, -0.0024377743247896433, 8.153472299454734e-05, -0.0008987608598545194, 0.003143760608509183], [-0.00022469184477813542, 0.0006713218754157424, -0.0025645503774285316, 0.0024504356551915407, -0.006848514080047607, 0.014910310506820679, -0.011690517887473106, 0.0019537543412297964, -0.0013257528189569712, 0.003455657744780183, 2.4640579795232043e-05, 0.0008309538243338466, -0.0019351636292412877], [0.00023783328651916236, -0.0007797013386152685, 0.0016371135134249926, -0.00288215558975935, 0.0045449440367519855, -0.011690517887473106, 0.020923607051372528, -0.01396783534437418, 0.003685271367430687, -0.0010772946989163756, 0.00018019544950220734, -0.001946080825291574, 8.296396845253184e-05], [-0.00027695554308593273, 0.000559443433303386, 8.397363126277924e-05, 0.0028929971158504486, -0.00411195307970047, 0.0019537543412297964, -0.01396783534437418, 0.025689002126455307, -0.010273747146129608, -0.0003955503343604505, -0.0003482348402030766, 0.0034538842737674713, -0.003034667344763875], [-6.870648940093815e-05, -0.0012890479993075132, 0.0002580787113402039, -0.002874253550544381, 0.0015287860296666622, -0.0013257528189569712, 0.003685271367430687, -0.010273747146129608, 0.02508065290749073, -0.013968097977340221, -0.0008186568738892674, -0.0024306289851665497, -0.00010669313633115962], [0.0002989440690726042, 0.0012757990043610334, -0.00025528654805384576, 0.001753836520947516, -0.0024377743247896433, 0.003455657744780183, -0.0010772946989163756, -0.0003955503343604505, -0.013968097977340221, 0.031278643757104874, -0.017104463651776314, 0.0010434291325509548, -0.000853681587614119], [5.124288145452738e-05, -0.00044182484271004796, -0.00014309074322227389, -0.0005142156733199954, 8.153472299454734e-05, 2.4640579795232043e-05, 0.00018019544950220734, -0.0003482348402030766, -0.0008186568738892674, -0.017104463651776314, 0.03342171758413315, -0.017335359007120132, 0.00268806261010468], [0.0003090013633482158, 0.0010016616433858871, 0.000700677337590605, 0.0001886118989204988, -0.0008987608598545194, 0.0008309538243338466, -0.001946080825291574, 0.0034538842737674713, -0.0024306289851665497, 0.0010434291325509548, -0.017335359007120132, 0.03608959540724754, -0.01775185577571392], [0.00015033487579785287, 0.00022102525690570474, 0.00034390325890854, -0.00025343577726744115, 0.003143760608509183, -0.0019351636292412877, 8.296396845253184e-05, -0.003034667344763875, -0.00010669313633115962, -0.000853681587614119, 0.00268806261010468, -0.01775185577571392, 0.024444153532385826]], "metadata.audio_properties.analysis.downmix": "mix", "metadata.audio_properties.codec": "mp3", "metadata.audio_properties.md5_encoded": "35da9b53b0f79646e3d8343274f6193d", "metadata.tags.file_name": "1182271337981562920.mp3", "metadata.version.essentia": "2.1-beta6-dev", "metadata.version.essentia_git_sha": "v2.1_beta5-1110-g77a6a954", "metadata.version.extractor": "music 2.0", "tonal.chords_key": "G", "tonal.chords_scale": "major", "tonal.key_edma.key": "G", "tonal.key_edma.scale": "major", "tonal.key_krumhansl.key": "G", "tonal.key_krumhansl.scale": "major", "tonal.key_temperley.key": "G", "tonal.key_temperley.scale": "major", "metadata.tags.encoding": ["Lavf58.45.100"]}, "essentia_models": [{"model_name": "genre_dortmund", "activations": {"alternative": "0.021932967", "blues": "0.0012732511", "electronic": "0.36323032", "folkcountry": "0.023553843", "funksoulrnb": "0.014000492", "jazz": "0.02533098", "pop": "0.3680994", "raphiphop": "0.054332152", "rock": "0.14983732"}}, {"model_name": "genre_rosamerica", "activations": {"classic": "0.0004978356", "dance": "0.9932976", "hip hop": "0.0006897029", "jazz": "0.0051054717", "pop": "0.0035870837",