{"song_id": "1182276648645689354", "download": "https://cdn.discordapp.com/attachments/1135911532732108921/1182276648645689354/chirp.mp4?ex=65841bee&amp", "lyrics": "\u041a\u0443\u043f\u043b\u0435\u0442\n\u0421 \u043b\u044e\u0431\u043e\u0432\u044c\u044e \u0432\u0441\u0442\u0440\u0435\u0442\u0438\u0442\u044c\u0441\u044f - \u043f\u0440\u043e\u0431\u043b\u0435\u043c\u0430 \u0442\u0440\u0443\u0434\u043d\u0430\u044f\n\u041f\u043b\u0430\u043d\u0435\u0442\u0430 \u0432\u0435\u0440\u0442\u0438\u0442\u0441\u044f, \u043a\u0440\u0443\u0433\u043b\u0430\u044f, \u043a\u0440\u0443\u0433\u043b\u0430\u044f\n\u041b\u0435\u0442\u0438\u0442 \u043f\u043b\u0430\u043d\u0435\u0442\u0430 \u0432\u0434\u0430\u043b\u044c \u0441\u043a\u0432\u043e\u0437\u044c \u0441\u0443\u043c\u0430\u0442\u043e\u0445\u0443 \u0434\u043d\u0435\u0439\n\u041d\u0435\u043b\u0435\u0433\u043a\u043e, \u043d\u0435\u043b\u0435\u0433\u043a\u043e \u043f\u043e\u043b\u044e\u0431\u0438\u0442\u044c \u043d\u0430 \u043d\u0435\u0439\n\n\u041f\u0440\u0438\u043f\u0435\u0432\n\u0417\u0432\u0435\u043d\u0438\u0442 \u044f\u043d\u0432\u0430\u0440\u0441\u043a\u0430\u044f \u0432\u044c\u044e\u0433\u0430\n\u0418 \u043b\u0438\u0432\u043d\u0438 \u0445\u043b\u0435\u0449\u0443\u0442 \u0443\u043f\u0440\u0443\u0433\u043e\n\u0418 \u0437\u0432\u0451\u0437\u0434\u044b \u043c\u0447\u0430\u0442\u0441\u044f \u043f\u043e \u043a\u0440\u0443\u0433\u0443\n\u0418 \u0448\u0443\u043c\u044f\u0442 \u0433\u043e\u0440\u043e\u0434\u0430\n\u041d\u0435 \u0432\u0438\u0434\u044f\u0442 \u043b\u044e\u0434\u0438 \u0434\u0440\u0443\u0433 \u0434\u0440\u0443\u0433\u0430\n\u041f\u0440\u043e\u0445\u043e\u0434\u044f\u0442 \u043c\u0438\u043c\u043e \u0434\u0440\u0443\u0433 \u0434\u0440\u0443\u0433\u0430\n\u0422\u0435\u0440\u044f\u044e\u0442 \u043b\u044e\u0434\u0438 \u0434\u0440\u0443\u0433 \u0434\u0440\u0443\u0433\u0430\n\u0410 \u043f\u043e\u0442\u043e\u043c \u043d\u0435 \u043d\u0430\u0439\u0434\u0443\u0442 \u043d\u0438\u043a\u043e\u0433\u0434\u0430\n\n\u041a\u0443\u043f\u043b\u0435\u0442 \n\u0412 \u043b\u044e\u0431\u0432\u0438 \u0435\u0449\u0451 \u043e\u0434\u043d\u0430 \u0437\u0430\u0434\u0430\u0447\u0430 \u0441\u043b\u043e\u0436\u043d\u0430\u044f\n\u041d\u0430\u0439\u0434\u0451\u0448\u044c, \u0430 \u0432\u0434\u0440\u0443\u0433 \u043e\u043d\u0430 \u043b\u043e\u0436\u043d\u0430\u044f, \u043b\u043e\u0436\u043d\u0430\u044f\n\u041d\u0430\u0439\u0434\u0451\u0448\u044c \u043e\u0431\u043c\u0430\u043d\u043d\u0443\u044e, \u043d\u043e \u0432 \u0441\u0443\u043c\u0430\u0442\u043e\u0445\u0435 \u0434\u043d\u0435\u0439\n\u041d\u0435\u043b\u0435\u0433\u043a\u043e, \u043d\u0435\u043b\u0435\u0433\u043a\u043e \u0440\u0430\u0437\u043e\u0431\u0440\u0430\u0442\u044c\u0441\u044f \u0432 \u043d\u0435\u0439\n\n\u041f\u0440\u0438\u043f\u0435\u0432\n\u0417\u0432\u0435\u043d\u0438\u0442 \u044f\u043d\u0432\u0430\u0440\u0441\u043a\u0430\u044f \u0432\u044c\u044e\u0433\u0430\n\u0418 \u043b\u0438\u0432\u043d\u0438 \u0445\u043b\u0435\u0449\u0443\u0442 \u0443\u043f\u0440\u0443\u0433\u043e\n\u0418 \u0437\u0432\u0451\u0437\u0434\u044b \u043c\u0447\u0430\u0442\u0441\u044f \u043f\u043e \u043a\u0440\u0443\u0433\u0443\n\u0418 \u0448\u0443\u043c\u044f\u0442 \u0433\u043e\u0440\u043e\u0434\u0430\n\u041d\u0435 \u0432\u0438\u0434\u044f\u0442 \u043b\u044e\u0434\u0438 \u0434\u0440\u0443\u0433 \u0434\u0440\u0443\u0433\u0430\n\u041f\u0440\u043e\u0445\u043e\u0434\u044f\u0442 \u043c\u0438\u043c\u043e \u0434\u0440\u0443\u0433 \u0434\u0440\u0443\u0433\u0430\n\u0422\u0435\u0440\u044f\u044e\u0442 \u043b\u044e\u0434\u0438 \u0434\u0440\u0443\u0433 \u0434\u0440\u0443\u0433\u0430\n\u0410 \u043f\u043e\u0442\u043e\u043c \u043d\u0435 \u043d\u0430\u0439\u0434\u0443\u0442 \u043d\u0438\u043a\u043e\u0433\u0434\u0430", "style": ["cool silent chillout beats"], "essentia_features": {"lowlevel.average_loudness": 0.9638632535934448, "lowlevel.barkbands_crest.mean": 17.638385772705078, "lowlevel.barkbands_crest.stdev": 5.654712677001953, "lowlevel.barkbands_flatness_db.mean": 0.2520567774772644, "lowlevel.barkbands_flatness_db.stdev": 0.07574858516454697, "lowlevel.barkbands_kurtosis.mean": 29.11186408996582, "lowlevel.barkbands_kurtosis.stdev": 60.41769027709961, "lowlevel.barkbands_skewness.mean": 3.483910083770752, "lowlevel.barkbands_skewness.stdev": 3.335660219192505, "lowlevel.barkbands_spread.mean": 15.401854515075684, "lowlevel.barkbands_spread.stdev": 16.15159797668457, "lowlevel.dissonance.mean": 0.4459545910358429, "lowlevel.dissonance.stdev": 0.05433664843440056, "lowlevel.dynamic_complexity": 2.1560232639312744, "lowlevel.erbbands_crest.mean": 13.676849365234375, "lowlevel.erbbands_crest.stdev": 5.5160932540893555, "lowlevel.erbbands_flatness_db.mean": 0.19759878516197205, "lowlevel.erbbands_flatness_db.stdev": 0.06361733376979828, "lowlevel.erbbands_kurtosis.mean": 2.7602829933166504, "lowlevel.erbbands_kurtosis.stdev": 8.746644973754883, "lowlevel.erbbands_skewness.mean": 0.5665729641914368, "lowlevel.erbbands_skewness.stdev": 1.4727360010147095, "lowlevel.erbbands_spread.mean": 46.652828216552734, "lowlevel.erbbands_spread.stdev": 32.241729736328125, "lowlevel.hfc.mean": 24.944904327392578, "lowlevel.hfc.stdev": 20.142274856567383, "lowlevel.loudness_ebu128.integrated": -19.567344665527344, "lowlevel.loudness_ebu128.loudness_range": 2.0453662872314453, "lowlevel.loudness_ebu128.momentary.mean": -20.060935974121094, "lowlevel.loudness_ebu128.momentary.stdev": 2.231574773788452, "lowlevel.loudness_ebu128.short_term.mean": -19.614852905273438, "lowlevel.loudness_ebu128.short_term.stdev": 0.7221481800079346, "lowlevel.melbands_crest.mean": 22.34630012512207, "lowlevel.melbands_crest.stdev": 6.8532891273498535, "lowlevel.melbands_flatness_db.mean": 0.3236479163169861, "lowlevel.melbands_flatness_db.stdev": 0.09860134869813919, "lowlevel.melbands_kurtosis.mean": 68.07379150390625, "lowlevel.melbands_kurtosis.stdev": 118.55037689208984, "lowlevel.melbands_skewness.mean": 5.121694087982178, "lowlevel.melbands_skewness.stdev": 4.207663059234619, "lowlevel.melbands_spread.mean": 13.60823917388916, "lowlevel.melbands_spread.stdev": 17.73908805847168, "lowlevel.pitch_salience.mean": 0.3705310523509979, "lowlevel.pitch_salience.stdev": 0.16786891222000122, "lowlevel.silence_rate_20dB.mean": 0.8942307829856873, "lowlevel.silence_rate_20dB.stdev": 0.3075408935546875, "lowlevel.silence_rate_30dB.mean": 0.7151442170143127, "lowlevel.silence_rate_30dB.stdev": 0.4513484537601471, "lowlevel.silence_rate_60dB.mean": 0.0018028846243396401, "lowlevel.silence_rate_60dB.stdev": 0.04242218658328056, "lowlevel.spectral_centroid.mean": 948.3225708007812, "lowlevel.spectral_centroid.stdev": 725.4472045898438, "lowlevel.spectral_complexity.mean": 11.98978328704834, "lowlevel.spectral_complexity.stdev": 6.545087814331055, "lowlevel.spectral_decrease.mean": -2.689896128060809e-08, "lowlevel.spectral_decrease.stdev": 3.9114997463229884e-08, "lowlevel.spectral_energy.mean": 0.10378535091876984, "lowlevel.spectral_energy.stdev": 0.14868533611297607, "lowlevel.spectral_energyband_high.mean": 0.001047060708515346, "lowlevel.spectral_energyband_high.stdev": 0.0018859049305319786, "lowlevel.spectral_energyband_low.mean": 0.08293445408344269, "lowlevel.spectral_energyband_low.stdev": 0.14914757013320923, "lowlevel.spectral_energyband_middle_high.mean": 0.00376985059119761, "lowlevel.spectral_energyband_middle_high.stdev": 0.005244022235274315, "lowlevel.spectral_energyband_middle_low.mean": 0.016730062663555145, "lowlevel.spectral_energyband_middle_low.stdev": 0.013253877870738506, "lowlevel.spectral_entropy.mean": 7.140015602111816, "lowlevel.spectral_entropy.stdev": 0.7065095901489258, "lowlevel.spectral_flux.mean": 0.13098685443401337, "lowlevel.spectral_flux.stdev": 0.14237026870250702, "lowlevel.spectral_kurtosis.mean": 8.083166122436523, "lowlevel.spectral_kurtosis.stdev": 9.500407218933105, "lowlevel.spectral_rms.mean": 0.00827100407332182, "lowlevel.spectral_rms.stdev": 0.005731021054089069, "lowlevel.spectral_rolloff.mean": 939.3363037109375, "lowlevel.spectral_rolloff.stdev": 1414.6591796875, "lowlevel.spectral_skewness.mean": 1.9596129655838013, "lowlevel.spectral_skewness.stdev": 1.1057307720184326, "lowlevel.spectral_spread.mean": 5144159.5, "lowlevel.spectral_spread.stdev": 2792950.0, "lowlevel.spectral_strongpeak.mean": 1.1672645807266235, "lowlevel.spectral_strongpeak.stdev": 0.7920500636100769, "lowlevel.zerocrossingrate.mean": 0.04025855287909508, "lowlevel.zerocrossingrate.stdev": 0.033480383455753326, "metadata.audio_properties.analysis.equal_loudness": 0.0, "metadata.audio_properties.analysis.length": 38.59199523925781, "metadata.audio_properties.analysis.sample_rate": 44100.0, "metadata.audio_properties.analysis.start_time": 0.0, "metadata.audio_properties.bit_rate": 122004.0, "metadata.audio_properties.length": 38.59199905395508, "metadata.audio_properties.lossless": 0.0, "metadata.audio_properties.number_channels": 1.0, "metadata.audio_properties.replay_gain": -4.167594909667969, "metadata.audio_properties.sample_rate": 48000.0, "rhythm.beats_count": 78.0, "rhythm.beats_loudness.mean": 0.2293114960193634, "rhythm.beats_loudness.stdev": 0.19565686583518982, "rhythm.bpm": 123.01296997070312, "rhythm.bpm_histogram_first_peak_bpm": 123.0, "rhythm.bpm_histogram_first_peak_weight": 0.09722226858139038, "rhythm.bpm_histogram_second_peak_bpm": 112.0, "rhythm.bpm_histogram_second_peak_spread": 0.19999998807907104, "rhythm.bpm_histogram_second_peak_weight": 0.051948051899671555, "rhythm.danceability": 1.6357706785202026, "rhythm.onset_rate": 6.059854984283447, "tonal.chords_changes_rate": 0.022809123620390892, "tonal.chords_number_rate": 0.006002401001751423, "tonal.chords_strength.mean": 0.5691616535186768, "tonal.chords_strength.stdev": 0.05091567710042, "tonal.hpcp_crest.mean": 11.292993545532227, "tonal.hpcp_crest.stdev": 4.8521270751953125, "tonal.hpcp_entropy.mean": 2.327073335647583, "tonal.hpcp_entropy.stdev": 0.6691365242004395, "tonal.key_edma.strength": 0.6216523051261902, "tonal.key_krumhansl.strength": 0.6296864151954651, "tonal.key_temperley.strength": 0.6350260376930237, "tonal.tuning_diatonic_strength": 0.5847949385643005, "tonal.tuning_equal_tempered_deviation": 0.22351256012916565, "tonal.tuning_frequency": 436.960693359375, "tonal.tuning_nontempered_energy_ratio": 0.8798112273216248, "lowlevel.barkbands.mean": [0.0025443413760513067, 0.07553930580615997, 0.004200398921966553, 0.0011727736564353108, 0.002218877663835883, 0.01239020936191082, 0.0002877573133446276, 0.0002561906585469842, 0.000317222235025838, 0.00016865551879163831, 0.0003625988611020148, 0.0004928771522827446, 0.0004125042469240725, 0.00040481757605448365, 0.00041469791904091835, 0.0008766161627136171, 0.0004053043376188725, 7.736057887086645e-05, 0.00011467005970189348, 0.0001736984122544527, 0.00020523692364804447, 0.0001534917246317491, 0.00022552876907866448, 0.00012446855544112623, 0.00011967368482146412, 0.00012546320795081556, 7.141846367630933e-07], "lowlevel.barkbands.stdev": [0.004762644879519939, 0.1391270011663437, 0.01520855724811554, 0.004101562779396772, 0.0035605665761977434, 0.011072284542024136, 0.0007149782031774521, 0.0008486224105581641, 0.0009811394847929478, 0.000515258579980582, 0.0012588020181283355, 0.001646252814680338, 0.0011651712702587247, 0.0012010044883936644, 0.0011188503121957183, 0.002343221800401807, 0.0008383466047234833, 0.00027956158737652004, 0.00033651734702289104, 0.0004660886770579964, 0.0005859101074747741, 0.00043886000639759004, 0.00045443454291671515, 0.0002737846807576716, 0.00021260413632262498, 0.0002670151588972658, 2.9025061394349905e-06], "lowlevel.erbbands.mean": [3.084747076034546, 13.235040664672852, 7.534621715545654, 4.328271865844727, 3.9154210090637207, 9.213347434997559, 81.08236694335938, 77.02151489257812, 9.143831253051758, 5.479450702667236, 5.24737024307251, 7.114008903503418, 6.791977882385254, 5.963740348815918, 21.618175506591797, 17.63412857055664, 19.15528678894043, 21.44329833984375, 22.100656509399414, 25.24930763244629, 52.27202606201172, 23.04170799255371, 5.296635627746582, 4.8235859870910645, 6.966679573059082, 7.894122123718262, 9.5167875289917, 6.446952819824219, 5.646646499633789, 6.46444034576416, 5.8344221115112305, 2.9671378135681152, 2.012223243713379, 1.3368184566497803, 0.8606618046760559, 0.5636292099952698, 0.25410953164100647, 0.018879754468798637, 0.00042152186506427824, 0.00013283523730933666], "lowlevel.erbbands.stdev": [5.575263023376465, 26.253854751586914, 22.53156852722168, 15.06037712097168, 9.93359088897705, 13.966390609741211, 85.98828887939453, 85.39859771728516, 14.423398971557617, 16.244464874267578, 17.65688133239746, 22.201982498168945, 18.427331924438477, 18.95532989501953, 76.78790283203125, 52.21772766113281, 51.70830535888672, 58.52834701538086, 60.08738327026367, 64.60330200195312, 133.84194946289062, 48.04597854614258, 14.221030235290527, 17.62603759765625, 17.471477508544922, 20.498252868652344, 30.48997688293457, 17.58028221130371, 15.628938674926758, 15.303653717041016, 11.843999862670898, 6.448479175567627, 4.386259078979492, 2.413799524307251, 1.6312718391418457, 1.1645193099975586, 0.5757722854614258, 0.04061045125126839, 0.0008077654638327658, 0.00017469751765020192], "lowlevel.gfcc.mean": [-26.205745697021484, 86.41854858398438, -87.55753326416016, 41.28511428833008, -47.20081329345703, 12.73399829864502, -54.1153564453125, -4.0067925453186035, -19.467741012573242, 12.056447982788086, -3.7358028888702393, 21.244199752807617, 9.364751815795898], "lowlevel.melbands.mean": [0.023879647254943848, 0.00791507214307785, 0.000726994127035141, 0.000380350073100999, 0.0022403171751648188, 0.0018486864864826202, 0.00010253126674797386, 5.827473069075495e-05, 4.441276178113185e-05, 4.5300494093680754e-05, 3.282384932390414e-05, 2.046712143055629e-05, 5.886314102099277e-05, 6.233212479855865e-05, 3.913169348379597e-05, 4.286382318241522e-05, 3.9237515011336654e-05, 3.485033448669128e-05, 3.0022523787920363e-05, 4.4847380195278674e-05, 6.219495844561607e-05, 2.7290483558317646e-05, 6.370006303768605e-06, 3.5483910778566496e-06, 3.7770728340547066e-06, 4.697494205174735e-06, 5.6454341574863065e-06, 5.074413820693735e-06, 6.126486823632149e-06, 5.196043275645934e-06, 3.191311179762124e-06, 3.191684527337202e-06, 2.925738726844429e-06, 4.156644536124077e-06, 3.6418700801732484e-06, 2.475396968293353e-06, 1.5936968793539563e-06, 1.4119927982392255e-06, 1.3036883501627017e-06, 1.0707697128964355e-06], "lowlevel.melbands.stdev": [0.04347948357462883, 0.017376597970724106, 0.002434220863506198, 0.0007019003969617188, 0.0022124778479337692, 0.0017698351293802261, 0.00019330636132508516, 0.0001846763479989022, 0.00016076456813607365, 0.0001380529283778742, 9.167550160782412e-05, 7.206358714029193e-05, 0.00020586317987181246, 0.00021307822316884995, 0.0001170214090961963, 0.0001238915283465758, 0.00011635933333309367, 0.00010128162830369547, 8.190121297957376e-05, 0.00012080813030479476, 0.00015942352183628827, 5.8130783145315945e-05, 1.5849716874072328e-05, 1.431212695024442e-05, 1.4626781194237992e-05, 1.344941119896248e-05, 1.3742453120357823e-05, 1.4259951967687812e-05, 2.2943289877730422e-05, 1.4699341591040138e-05, 8.965671440819278e-06, 9.2294621936162e-06, 8.9222321548732e-06, 9.334593414678238e-06, 7.4112308539042715e-06, 5.388775207393337e-06, 3.68228938896209e-06, 3.2278130674967542e-06, 2.7457615487946896e-06, 1.9653271010611206e-06], "lowlevel.melbands128.mean": [0.0024964329786598682, 0.025901006534695625, 0.03483809158205986, 0.017083458602428436, 0.004933602176606655, 0.001761338789947331, 0.0008507443126291037, 0.0005216772551648319, 0.0003536732110660523, 0.0003067728248424828, 0.00040903862100094557, 0.0006190196145325899, 0.0029722671024501324, 0.004242817871272564, 0.0019467204110696912, 0.0005615564296022058, 9.800706175155938e-05, 4.821123366127722e-05, 5.587672785622999e-05, 5.886537110200152e-05, 6.730869063176215e-05, 3.259196091676131e-05, 4.438834366737865e-05, 5.143603993928991e-05, 4.350766175775789e-05, 4.7873232688289136e-05, 3.6917943361913785e-05, 3.935465792892501e-05, 1.9827288269880228e-05, 1.4162736988510005e-05, 2.3279568267753348e-05, 2.774760105239693e-05, 3.985144940088503e-05, 0.00010877146269194782, 8.083467400865629e-05, 4.346410423750058e-05, 3.896688940585591e-05, 4.061085928697139e-05, 3.383757211850025e-05, 4.739919677376747e-05, 4.650493065128103e-05, 3.303500125184655e-05, 4.509235077421181e-05, 3.825516614597291e-05, 3.1901705369818956e-05, 3.6580124287866056e-05, 3.629195998655632e-05, 2.805663643812295e-05, 2.7124380721943453e-05, 3.25941109622363e-05, 3.513136471156031e-05, 6.861660222057253e-05, 8.67230846779421e-05, 4.719870776170865e-05, 3.8135945942485705e-05, 2.9940903914393857e-05, 1.4304783690022305e-05, 6.748817213519942e-06, 4.078706297150347e-06, 3.6656651900557335e-06, 3.5623679650598206e-06, 3.3053522656700807e-06, 3.822985036094906e-06, 3.663007191789802e-06, 4.0791701394482516e-06, 4.996558345737867e-06, 4.787790203408804e-06, 5.117094133311184e-06, 6.797502464905847e-06, 5.039293682784773e-06, 4.2638434933905955e-06, 5.673621217283653e-06, 5.774938927061157e-06, 6.663675776508171e-06, 5.814467385789612e-06, 5.660320766764926e-06, 5.008302650821861e-06, 3.33722664436209e-06, 2.962912958537345e-06, 2.86732256427058e-06, 3.2725870369176846e-06, 3.354967248014873e-06, 2.9836442081432324e-06, 2.976837095047813e-06, 2.6802993033925304e-06, 3.332289452373516e-06, 4.759189778269501e-06, 5.681923994416138e-06, 2.8269118956814054e-06, 3.015356469404651e-06, 3.2595735319773667e-06, 2.09072732104687e-06, 1.6339935200448963e-06, 1.5640198398614302e-06, 1.6064994952103007e-06, 1.4918103943273309e-06, 1.2813584362447727e-06, 1.38457960474625e-06, 1.4319340380097856e-06, 1.2321363556111464e-06, 1.0381156698713312e-06, 1.2228221066834521e-06, 7.975431230988761e-07, 9.021701998790377e-07, 8.869661201060808e-07, 1.2454943316697609e-06, 8.521022323293437e-07, 6.942379400243226e-07, 1.0591149930405663e-06, 1.0659288136594114e-06, 1.1162794635311002e-06, 1.155947643383115e-06, 8.799764827926992e-07, 5.295268010740983e-07, 3.432785149470874e-07, 1.473669613005768e-07, 3.129216352704134e-08, 4.150801646840563e-10, 9.355369257058044e-11, 7.122059886288667e-11, 3.95047154710948e-11, 2.8137899996116822e-11, 2.1321317975053766e-11, 2.0919540405506254e-11, 2.042670720070472e-11, 1.9837492759577913e-11, 1.9483824276189665e-11, 1.9344458326853164e-11], "lowlevel.melbands128.stdev": [0.00467675132676959, 0.04705812409520149, 0.06573048233985901, 0.03705883026123047, 0.01530863530933857, 0.006410220637917519, 0.003166752867400646, 0.0017379132332280278, 0.0009550704853609204, 0.0006342371925711632, 0.0009098825976252556, 0.0011926454026252031, 0.0035463478416204453, 0.004490057472139597, 0.003193572862073779, 0.001129416166804731, 0.0002918436366599053, 0.0001540373486932367, 0.00018391611229162663, 0.00023538238019682467, 0.00025879914755932987, 0.00012033477833028883, 0.00022991752484813333, 0.00023554095241706818, 0.0001761434250511229, 0.00016917253378778696, 0.00013540059444494545, 0.000124937214422971, 8.350049756700173e-05, 6.946624489501119e-05, 8.924390567699447e-05, 0.0001037217298289761, 0.00015958171570673585, 0.00043072280823253095, 0.0003536819713190198, 0.0001875499146990478, 0.00014230688975658268, 0.0001664819719735533, 0.00010621298861224204, 0.0001618063688511029, 0.00015669077401980758, 0.00011194392573088408, 0.0001569098385516554, 0.0001263908197870478, 0.00012237566988915205, 0.0001218527540913783, 0.00012543443881440908, 9.339752432424575e-05, 9.04800690477714e-05, 0.00011231689859414473, 0.000110473352833651, 0.00021627606474794447, 0.0002415009803371504, 0.00014349778939504176, 8.771424472797662e-05, 7.075756002450362e-05, 4.30388463428244e-05, 1.8523018297855742e-05, 1.1846289453387726e-05, 1.3308739653439261e-05, 1.6616440916550346e-05, 1.6089143173303455e-05, 1.9514111045282334e-05, 1.409168999089161e-05, 1.6064093870227225e-05, 1.5982452168827876e-05, 1.5161162991716992e-05, 1.428666746505769e-05, 1.7790602214518003e-05, 1.3636315998155624e-05, 1.2717552635876928e-05, 2.0034596673212945e-05, 2.4079399736365303e-05, 3.1607192795490846e-05, 1.809928289731033e-05, 1.6962514564511366e-05, 1.6390700693591498e-05, 1.0842823030543514e-05, 8.55649068398634e-06, 9.305572348239366e-06, 1.121951027016621e-05, 9.923246580001432e-06, 9.195688107865863e-06, 1.0055009624920785e-05, 9.753812264534645e-06, 8.797268492344301e-06, 1.1677267139020842e-05, 1.1665606507449411e-05, 6.511798801511759e-06, 7.6111205089546274e-06, 7.416705557261594e-06, 4.772114152729046e-06, 4.299721695133485e-06, 4.093829375051428e-06, 3.7452853121067164e-06, 3.6816279589402257e-06, 3.1575468710798305e-06, 3.3659723612800008e-06, 3.495844566714368e-06, 2.5513886612316128e-06, 2.1441296667035203e-06, 2.3722795958747156e-06, 1.6645549294480588e-06, 1.8967136838909937e-06, 1.9312572021590313e-06, 2.6964883090840885e-06, 1.8240092458654544e-06, 1.5161207329583704e-06, 2.4819005375320558e-06, 2.4089013095363043e-06, 2.6197433271590853e-06, 2.748951601461158e-06, 2.415980816294905e-06, 1.2860858760177507e-06, 7.809273938619299e-07, 3.965631663049862e-07, 1.1321109383288785e-07, 4.141105236499243e-09, 2.3044659513971055e-09, 1.4640542111976629e-09, 6.541489017131141e-10, 2.574433166646628e-10, 3.931400691103981e-11, 3.8383966144417414e-11, 3.744177190512232e-11, 3.6685855742124573e-11, 3.6181429380333086e-11, 3.586990426907022e-11], "lowlevel.mfcc.mean": [-680.7297973632812, 117.79825592041016, 19.949283599853516, 30.73655891418457, 23.3507080078125, 18.266162872314453, -9.29826545715332, -5.301209449768066, -7.135373115539551, -8.354604721069336, -13.56798267364502, 0.4057394564151764, 11.899270057678223], "lowlevel.spectral_contrast_coeffs.mean": [-0.6078937649726868, -0.7116714119911194, -0.8011820912361145, -0.7841418981552124, -0.797786295413971, -0.7668944597244263], "lowlevel.spectral_contrast_coeffs.stdev": [0.1088758185505867, 0.09350715577602386, 0.07086019963026047, 0.06488347798585892, 0.04782803729176521, 0.051184628158807755], "lowlevel.spectral_contrast_valleys.mean": [-6.889512062072754, -7.513264179229736, -7.983948707580566, -7.847058296203613, -8.078553199768066, -10.486525535583496], "lowlevel.spectral_contrast_valleys.stdev": [1.0664646625518799, 0.7652861475944519, 0.8332116603851318, 0.9742752313613892, 0.9310072660446167, 1.2304601669311523], "rhythm.beats_loudness_band_ratio.mean": [0.5859253406524658, 0.29842400550842285, 0.022624796256422997, 0.029132267460227013, 0.04542192444205284, 0.02732650190591812], "rhythm.beats_loudness_band_ratio.stdev": [0.4240421950817108, 0.32457342743873596, 0.04777161404490471, 0.06339029222726822, 0.09776493161916733, 0.06413119286298752], "tonal.hpcp.mean": [0.15281222760677338, 0.05905715376138687, 0.04789412021636963, 0.0723835676908493, 0.06929092854261398, 0.027049100026488304, 0.01548050157725811, 0.015479243360459805, 0.03037920966744423, 0.07453159987926483, 0.06422100216150284, 0.03079242631793022, 0.033179692924022675, 0.023980118334293365, 0.018065156415104866, 0.023175736889243126, 0.03203883394598961, 0.05293148383498192, 0.39888742566108704, 0.39428243041038513, 0.041660062968730927, 0.018283603712916374, 0.0182797871530056, 0.056473322212696075, 0.18045812845230103, 0.14568279683589935, 0.020320052281022072, 0.018823817372322083, 0.017049714922904968, 0.01922958716750145, 0.036465756595134735, 0.04175339639186859, 0.05831389129161835, 0.13700896501541138, 0.259547621011734, 0.283425897359848], "tonal.hpcp.stdev": [0.28003910183906555, 0.1910029798746109, 0.16567492485046387, 0.20739708840847015, 0.20334646105766296, 0.10685040801763535, 0.0833430141210556, 0.07024987787008286, 0.08433298766613007, 0.19986797869205475, 0.1534716635942459, 0.08815484493970871, 0.10621990263462067, 0.08796925842761993, 0.07432148605585098, 0.08240830153226852, 0.12811212241649628, 0.14098986983299255, 0.43250828981399536, 0.42965489625930786, 0.12297879159450531, 0.08752048015594482, 0.09482083469629288, 0.12762796878814697, 0.3272930681705475, 0.2724156975746155, 0.07024049013853073, 0.0796714574098587, 0.05984867364168167, 0.06683500111103058, 0.11466161161661148, 0.13735614717006683, 0.16672971844673157, 0.2781389653682709, 0.36335381865501404, 0.40344521403312683], "rhythm.beats_position": [0.42956915497779846, 0.9055781960487366, 1.3931972980499268, 1.8808163404464722, 2.3684353828430176, 2.8560543060302734, 3.3436734676361084, 3.8312923908233643, 4.318911552429199, 4.806530475616455, 5.294149398803711, 5.781768798828125, 6.269387722015381, 6.757006645202637, 7.244625568389893, 7.732244968414307, 8.219863891601562, 8.707483291625977, 9.195101737976074, 9.682721138000488, 10.170339584350586, 10.657958984375, 11.145578384399414, 11.633196830749512, 12.120816230773926, 12.608434677124023, 13.096054077148438, 13.583673477172852, 14.07129192352295, 14.558911323547363, 15.046530723571777, 15.534149169921875, 16.02176856994629, 16.520998001098633, 17.055055618286133, 17.589115142822266, 18.1231746673584, 18.6572322845459, 19.1796817779541, 19.667301177978516, 20.15492057800293, 20.642539978027344, 21.130157470703125, 21.61777687072754, 22.105396270751953, 22.604625701904297, 23.10385513305664, 23.591472625732422, 24.079092025756836, 24.56671142578125, 25.054330825805664, 25.53034019470215, 26.017959594726562, 26.505577087402344, 27.004806518554688, 27.4924259185791, 27.980045318603516, 28.46766471862793, 28.95528221130371, 29.442901611328125, 29.93052101135254, 30.418140411376953, 30.905759811401367, 31.39337730407715, 31.880996704101562, 32.36861801147461, 32.85623550415039, 33.34385299682617, 33.83147430419922, 34.319091796875, 34.80671310424805, 35.29433059692383, 35.78194808959961, 36.269569396972656, 36.75718688964844, 37.244808197021484, 37.732425689697266, 38.20843505859375], "rhythm.bpm_histogram": [0.0, 0.0, 0.0, 0.0, 0.0, 0.0, 0.0, 0.0, 0.0, 0.0, 0.0, 0.0, 0.0, 0.0, 0.0, 0.0, 0.0, 0.0, 0.0, 0.0, 0.0, 0.0, 0.0, 0.0, 0.0, 0.0, 0.0, 0.0, 0.0, 0.0, 0.0, 0.0, 0.0, 0.0, 0.0, 0.0, 0.0, 0.0, 0.0, 0.0, 0.0, 0.0, 0.0, 0.0, 0.0, 0.0, 0.0, 0.0, 0.0, 0.0, 0.0, 0.0, 0.0, 0.0, 0.0, 0.0, 0.0, 0.0, 0.0, 0.0, 0.0, 0.0, 0.0, 0.0, 0.0, 0.0, 0.0, 0.0, 0.0, 0.0, 0.0, 0.0, 0.0, 0.0, 0.0, 0.0, 0.0, 0.0, 0.0, 0.0, 0.0, 0.0, 0.0, 0.0, 0.0, 0.0, 0.0, 0.0, 0.0, 0.0, 0.0, 0.0, 0.0, 0.0, 0.0, 0.0, 0.0, 0.0, 0.0, 0.0, 0.0, 0.0, 0.0, 0.0, 0.0, 0.0, 0.0, 0.0, 0.0, 0.0, 0.0, 0.0, 0.051948051899671555, 0.0, 0.0, 0.012987012974917889, 0.0, 0.0, 0.0, 0.0, 0.051948051899671555, 0.0, 0.0, 0.8441558480262756, 0.0, 0.0, 0.03896103799343109, 0.0, 0.0, 0.0, 0.0, 0.0, 0.0, 0.0, 0.0, 0.0, 0.0, 0.0, 0.0, 0.0, 0.0, 0.0, 0.0, 0.0, 0.0, 0.0, 0.0, 0.0, 0.0, 0.0, 0.0, 0.0, 0.0, 0.0, 0.0, 0.0, 0.0, 0.0, 0.0, 0.0, 0.0, 0.0, 0.0, 0.0, 0.0, 0.0, 0.0, 0.0, 0.0, 0.0, 0.0, 0.0, 0.0, 0.0, 0.0, 0.0, 0.0, 0.0, 0.0, 0.0, 0.0, 0.0, 0.0, 0.0, 0.0, 0.0, 0.0, 0.0, 0.0, 0.0, 0.0, 0.0, 0.0, 0.0, 0.0, 0.0, 0.0, 0.0, 0.0, 0.0, 0.0, 0.0, 0.0, 0.0, 0.0, 0.0, 0.0, 0.0, 0.0, 0.0, 0.0, 0.0, 0.0, 0.0, 0.0, 0.0, 0.0, 0.0, 0.0, 0.0, 0.0, 0.0, 0.0, 0.0, 0.0, 0.0, 0.0, 0.0, 0.0, 0.0, 0.0, 0.0, 0.0, 0.0, 0.0, 0.0, 0.0, 0.0, 0.0, 0.0, 0.0, 0.0, 0.0, 0.0, 0.0, 0.0, 0.0, 0.0, 0.0, 0.0], "tonal.chords_histogram": [63.385353088378906, 0.0, 0.0, 0.0, 0.12004801630973816, 0.0, 12.124850273132324, 0.0, 0.0, 0.0, 0.0, 0.0, 0.0, 0.0, 0.0, 0.24009603261947632, 0.0, 0.0, 0.0, 0.0, 0.0, 2.7611043453216553, 8.283313751220703, 13.085233688354492], "tonal.thpcp": [1.0, 0.9884554147720337, 0.10444065183401108, 0.04583650082349777, 0.04582693427801132, 0.1415770947933197, 0.4524036645889282, 0.36522284150123596, 0.050941821187734604, 0.04719080030918121, 0.042743176221847534, 0.04820805415511131, 0.09141866862773895, 0.10467463731765747, 0.14619134366512299, 0.3434777855873108, 0.6506788730621338, 0.7105410695075989, 0.3830961287021637, 0.14805468916893005, 0.12006926536560059, 0.18146364390850067, 0.17371048033237457, 0.06781136244535446, 0.03880919888615608, 0.038806043565273285, 0.07615985721349716, 0.1868487000465393, 0.1610003113746643, 0.07719577848911285, 0.08318059146404266, 0.060117509216070175, 0.04528886079788208, 0.05810094624757767, 0.08032049238681793, 0.13269780576229095], "lowlevel.gfcc.cov": [[4135.22509765625, -1502.4320068359375, 541.21728515625, 720.3477172851562, 306.1903076171875, 704.5203247070312, 127.24423217773438, 351.43585205078125, 16.446300506591797, 309.07135009765625, -134.23468017578125, 131.18890380859375, -271.06146240234375], [-1502.4320068359375, 2894.650146484375, -247.572021484375, -828.3248901367188, 306.73681640625, -144.20513916015625, 513.33203125, 71.60257720947266, 337.498046875, -336.2589111328125, 180.8346710205078, -220.5813446044922, 134.2255859375], [541.21728515625, -247.572021484375, 2147.772705078125, 327.3307800292969, 147.30471801757812, 476.3968505859375, 401.3226623535156, 392.34027099609375, 15.715055465698242, 185.5897979736328, -61.418479919433594, 169.76719665527344, -233.81228637695312], [720.3477172851562, -828.3248901367188, 327.3307800292969, 1240.3858642578125, 296.7071533203125, 179.29840087890625, 61.796871185302734, 105.37139892578125, 138.78323364257812, 195.5552215576172, 58.66560745239258, 0.7159004211425781, 64.59607696533203], [306.1903076171875, 306.73681640625, 147.30471801757812, 296.7071533203125, 698.3314208984375, 209.09852600097656, 144.31729125976562, 180.99356079101562, 277.1640319824219, 100.50804901123047, 33.789955139160156, 16.867210388183594, 55.868682861328125], [704.5203247070312, -144.20513916015625, 476.3968505859375, 179.29840087890625, 209.09852600097656, 421.156494140625, 254.94410705566406, 176.1190948486328, 71.95183563232422, 118.12589263916016, 21.30278968811035, 52.23870086669922, -63.66704559326172], [127.24423217773438, 513.33203125, 401.3226623535156, 61.796871185302734, 144.31729125976562, 254.94410705566406, 539.5405883789062, 230.53546142578125, 113.86532592773438, 11.985979080200195, 109.40290832519531, 20.85454559326172, -4.561249732971191], [351.43585205078125, 71.60257720947266, 392.34027099609375, 105.37139892578125, 180.99356079101562, 176.1190948486328, 230.53546142578125, 272.8836975097656, 112.63317108154297, 39.845455169677734, 0.5140464305877686, 41.303955078125, -36.54661178588867], [16.446300506591797, 337.498046875, 15.715055465698242, 138.78323364257812, 277.1640319824219, 71.95183563232422, 113.86532592773438, 112.63317108154297, 274.0102844238281, 58.15348434448242, 48.979591369628906, -23.830915451049805, 80.49715423583984], [309.07135009765625, -336.2589111328125, 185.5897979736328, 195.5552215576172, 100.50804901123047, 118.12589263916016, 11.985979080200195, 39.845455169677734, 58.15348434448242, 185.8440704345703, 36.354366302490234, 38.37925338745117, -6.304060935974121], [-134.23468017578125, 180.8346710205078, -61.418479919433594, 58.66560745239258, 33.789955139160156, 21.30278968811035, 109.40290832519531, 0.5140464305877686, 48.979591369628906, 36.354366302490234, 168.90927124023438, 31.924911499023438, 76.98330688476562], [131.18890380859375, -220.5813446044922, 169.76719665527344, 0.7159004211425781, 16.867210388183594, 52.23870086669922, 20.85454559326172, 41.303955078125, -23.830915451049805, 38.37925338745117, 31.924911499023438, 158.3984832763672, 25.86870002746582], [-271.06146240234375, 134.2255859375, -233.81228637695312, 64.59607696533203, 55.868682861328125, -63.66704559326172, -4.561249732971191, -36.54661178588867, 80.49715423583984, -6.304060935974121, 76.98330688476562, 25.86870002746582, 189.4650421142578]], "lowlevel.gfcc.icov": [[0.0005102120921947062, 4.3501022446434945e-05, 0.0002659425081219524, -0.00022647122386842966, 9.51443289523013e-05, -0.0008243913180194795, 0.00020029004372190684, -0.0005093380459584296, 3.49660731444601e-05, -0.00020132085774093866, 0.0003207944973837584, -0.0003875581023748964, 0.0006070381496101618], [4.3501022446434945e-05, 0.0026673886459320784, -0.0007881044875830412, 0.0019505680538713932, -0.00170923734549433, 0.0014006656128913164, -0.0022125309333205223, 0.0016731973737478256, -0.002598326653242111, 0.003961288370192051, -0.002782028866931796, 0.003350414102897048, -0.00031220540404319763], [0.0002659425081219524, -0.0007881044875830412, 0.0013168640434741974, -0.0009042343008331954, 0.0007487412076443434, -0.0011185670737177134, 0.000357818731572479, -0.0013512952718883753, 0.0008124936721287668, -0.0017417477210983634, 0.0015708700520917773, -0.002110416302457452, 0.0012702015228569508], [-0.00022647122386842966, 0.0019505680538713932, -0.0009042343008331954, 0.0026867189444601536, -0.0016397748840972781, 0.0013254728401079774, -0.0015003670705482364, 0.0011695482535287738, -0.0015399768017232418, 0.0020636904519051313, -0.002423669444397092, 0.0034740327391773462, -0.0013859502505511045], [9.51443289523013e-05, -0.00170923734549433, 0.0007487412076443434, -0.0016397748840972781, 0.0040372638031840324, -0.002151851775124669, 0.0018579487223178148, -0.0017500699032098055, -0.0009521183674223721, -0.0023455542977899313, 0.0021123026963323355, -0.0028416423592716455, 0.00047983473632484674], [-0.0008243913180194795, 0.0014006656128913164, -0.0011185670737177134, 0.0013254728401079774, -0.002151851775124669, 0.007652580738067627, -0.0038487098645418882, 0.001606981037184596, -0.000805302697699517, -5.314580994308926e-05, -0.0011477783555164933, 0.0017442377284169197, -1.2032032827846706e-05], [0.00020029004372190684, -0.0022125309333205223, 0.000357818731572479, -0.0015003670705482364, 0.0018579487223178148, -0.0038487098645418882, 0.007155849132686853, -0.004795403685420752, 0.0019130455330014229, -0.0011273775016888976, -0.0014353772858157754, -0.0014164786553010345, 0.00013953461893834174], [-0.0005093380459584296, 0.0016731973737478256, -0.0013512952718883753, 0.0011695482535287738, -0.0017500699032098055, 0.001606981037184596, -0.004795403685420752, 0.011393288150429726, -0.005109887570142746, 0.0034472390543669462, 0.00031287886667996645, -0.0003788176691159606, 0.0013682179851457477], [3.49660731444601e-05, -0.002598326653242111, 0.0008124936721287668, -0.0015399768017232418, -0.0009521183674223721, -0.000805302697699517, 0.0019130455330014229, -0.005109887570142746, 0.012222463265061378, -0.0064528509974479675, 0.002229387406259775, 0.0005257183220237494, -0.0038961879909038544], [-0.00020132085774093866, 0.003961288370192051, -0.0017417477210983634, 0.0020636904519051313, -0.0023455542977899313, -5.314580994308926e-05, -0.0011273775016888976, 0.0034472390543669462, -0.0064528509974479675, 0.015834106132388115, -0.007261828053742647, 0.0035338508896529675, 0.0011007615830749273], [0.0003207944973837584, -0.002782028866931796, 0.0015708700520917773, -0.002423669444397092, 0.0021123026963323355, -0.0011477783555164933, -0.0014353772858157754, 0.00031287886667996645, 0.002229387406259775, -0.007261828053742647, 0.01413365826010704, -0.005994749255478382, -0.0019011142430827022], [-0.0003875581023748964, 0.003350414102897048, -0.002110416302457452, 0.0034740327391773462, -0.0028416423592716455, 0.0017442377284169197, -0.0014164786553010345, -0.0003788176691159606, 0.0005257183220237494, 0.0035338508896529675, -0.005994749255478382, 0.014821640215814114, -0.005093666724860668], [0.0006070381496101618, -0.00031220540404319763, 0.0012702015228569508, -0.0013859502505511045, 0.00047983473632484674, -1.2032032827846706e-05, 0.00013953461893834174, 0.0013682179851457477, -0.0038961879909038544, 0.0011007615830749273, -0.0019011142430827022, -0.005093666724860668, 0.011689357459545135]], "lowlevel.mfcc.cov": [[3839.73779296875, -1710.6268310546875, -110.37554168701172, 210.40037536621094, 338.7701416015625, 397.3035583496094, 205.26673889160156, 123.36841583251953, 161.9059295654297, 217.4860076904297, 218.38357543945312, 90.3533935546875, -1.4393072128295898], [-1710.6268310546875, 3314.462158203125, -218.31874084472656, -577.6063842773438, -253.99398803710938, -271.8948974609375, 59.60157012939453, 311.07733154296875, 161.7235565185547, -16.11764907836914, 155.76739501953125, 128.98410034179688, 145.9654541015625], [-110.37554168701172, -218.31874084472656, 1663.4541015625, 216.50003051757812, 19.965070724487305, 150.2555389404297, 336.19378662109375, 260.13482666015625, 105.02980041503906, 100.4903564453125, 161.41600036621094, 107.69418334960938, 65.83679962158203], [210.40037536621094, -577.6063842773438, 216.50003051757812, 752.4710083007812, 316.3177185058594, 191.86048889160156, 86.85130310058594, 66.63719177246094, 128.2589874267578, 139.04031372070312, 52.1800537109375, 51.056148529052734, 43.45789337158203], [338.7701416015625, -253.99398803710938, 19.965070724487305, 316.3177185058594, 581.1959228515625, 212.21292114257812, -7.735541820526123, 46.119178771972656, 153.9773712158203, 150.40716552734375, 78.60745239257812, 17.21809196472168, 50.016929626464844], [397.3035583496094, -271.8948974609375, 150.2555389404297, 191.86048889160156, 212.21292114257812, 328.4291076660156, 142.52325439453125, 59.25566482543945, 94.68882751464844, 121.90689849853516, 104.0765151977539, 61.77154541015625, 22.224145889282227], [205.26673889160156, 59.60157012939453, 336.19378662109375, 86.85130310058594, -7.735541820526123, 142.52325439453125, 328.7888488769531, 193.11170959472656, 81.15216064453125, 71.03020477294922, 114.87527465820312, 98.1106185913086, 67.56571960449219], [123.36841583251953, 311.07733154296875, 260.13482666015625, 66.63719177246094, 46.119178771972656, 59.25566482543945, 193.11170959472656, 309.75823974609375, 155.30332946777344, 61.758243560791016, 110.45531463623047, 81.19852447509766, 89.70515441894531], [161.9059295654297, 161.7235565185547, 105.02980041503906, 128.2589874267578, 153.9773712158203, 94.68882751464844, 81.15216064453125, 155.30332946777344, 239.1178741455078, 127.31391143798828, 95.28176879882812, 59.407161712646484, 47.891971588134766], [217.4860076904297, -16.11764907836914, 100.4903564453125, 139.04031372070312, 150.40716552734375, 121.90689849853516, 71.03020477294922, 61.758243560791016, 127.31391143798828, 203.311279296875, 122.49739837646484, 48.95219802856445, 28.296092987060547], [218.38357543945312, 155.76739501953125, 161.41600036621094, 52.1800537109375, 78.60745239257812, 104.0765151977539, 114.87527465820312, 110.45531463623047, 95.28176879882812, 122.49739837646484, 207.5129852294922, 87.4648666381836, 31.24278450012207], [90.3533935546875, 128.98410034179688, 107.69418334960938, 51.056148529052734, 17.21809196472168, 61.77154541015625, 98.1106185913086, 81.19852447509766, 59.407161712646484, 48.95219802856445, 87.4648666381836, 139.02452087402344, 61.24259948730469], [-1.4393072128295898, 145.9654541015625, 65.83679962158203, 43.45789337158203, 50.016929626464844, 22.224145889282227, 67.56571960449219, 89.70515441894531, 47.891971588134766, 28.296092987060547, 31.24278450012207, 61.24259948730469, 111.06478118896484]], "lowlevel.mfcc.icov": [[0.0005094222724437714, 0.00039220982580445707, 0.00022231425100471824, 0.0003009556676261127, -9.005674655782059e-05, -0.00011279952013865113, -0.00012079389853170142, -0.00042510515777394176, -0.00017471220053266734, -7.717354310443625e-05, -0.0004959827638231218, -0.00019770595827139914, 6.510243110824376e-05], [0.00039220982580445707, 0.0007986656855791807, 0.00027274744934402406, 0.0005797232151962817, 9.331043884230894e-07, 0.0003043453907594085, -1.0957498489005957e-05, -0.0006695655756630003, -0.00047425110824406147, 2.258418135170359e-05, -0.0007665784214623272, -0.0003236580523662269, -0.000354069285094738], [0.00022231425100471824, 0.00027274744934402406, 0.0009135582367889583, 1.9478044123388827e-05, 2.7249627237324603e-05, 6.51039372314699e-05, -0.0006200384814292192, -0.0006110763060860336, 4.5776621846016496e-05, -6.659984501311556e-05, -0.0004898179904557765, -9.445617615710944e-05, 0.00012782150588463992], [0.0003009556676261127, 0.0005797232151962817, 1.9478044123388827e-05, 0.002388480817899108, -0.0008701590122655034, -8.994993550004438e-05, -0.0002772629668470472, -0