{"song_id": "1182259810209644544", "download": "https://cdn.discordapp.com/attachments/1135911532732108921/1182259810209644544/chirp.mp4?ex=65840c40&amp", "lyrics": "\u0414\u0430\u0432\u0430\u0439 \u0437\u0434\u0456\u0439\u043c\u044b \u0441\u0432\u0456\u0439 \u0445\u0456\u0434 \u0434\u0443\u043c\u043e\u043a\n\u0427\u0435\u0440\u0435\u0437 \u0441\u043c\u0456\u0445 . \u0442\u0440\u0438\u0441\u0442\u0430 \u0448\u0456\u0441\u0442\u0434\u0435\u0441\u044f\u0442 \u043f'\u044f\u0442\u044c \u0440\u0430\u0437\u0438\u0432 \u0441\u0445\u0438\u0434 \u0441\u043e\u043d\u0446\u044f\n\u041e\u0441\u0456\u043d\u044c \u0431\u0443\u0434\u0435 \u0437\u043d\u043e\u0432\u0443 . \u0412\u0438\u0431\u0443\u0445\u043d\u0435 \u044f\u043a \u043d\u0430\u0434\u043d\u043e\u0432\u0430\n\u0422\u0438 \u043f\u0430\u043c'\u044f\u0442\u0430\u0454\u0448 \u0446\u0435 \u0441\u043b\u043e\u0432\u043e\n\u041a\u0440\u0438\u0441\u0442\u0430\u043b \u0432\u0456\u0437\u044c\u043c\u0443 \u0440\u0430\u043f\u0442\u043e\u0432\u043e\n\u041a\u0456\u043b\u043e\u043c\u0435\u0442\u0440\u043e\u0432\u0430 \u043d\u0430\u043f\u0456\u0432\u043f\u0440\u043e\u0432\u0456\u0434\u043d\u0438\u043a\u00d3\u0432\u0430\n\u0414\u043e\u0440\u043e\u0433\u0430 \u0446\u0432\u0456\u0442\u0435 \u0446\u0456\u0454\u044e \u0432\u0435\u0441\u043d\u043e\u044e\n\u0410 \u043a\u0440\u043e\u0432 \u0443 \u0440\u043e\u0442\u0456 \u0437\u043d\u0430\u0439\u043e\u043c\u0430\n\u0406 \u0441\u043d\u0456\u0433, \u044f\u043a \u0433\u0440\u0456\u043c, \u043d\u0435\u043c\u043e\u0432 \u0431\u0438\u0432 \u0433\u0440\u043e\u043c\u043e\u043c\n\u041e\u0441\u0456\u043d\u044c \u044f\u043a\u0430 \u043f\u043e\u0440\u043e\u0448\u0430 \u043a\u043e\u0436\u0435\u043d \u0440\u0430\u0437 \u0432\u0456\u0434\u043a\u043e\u0448\u0430 \u043d\u0435\u0431\u0435\u0437\u043f\u0435\u043a\n\u041d\u0430 \u0440\u0430\u0434\u0456\u043e\u0445\u0432\u0438\u043b\u0456 \u0447\u0435\u0442\u0432\u0435\u0440\u0442\u0438\u0439 \u043c\u043e\u0442\u043e\u0442\u0440\u0435\u043a\n\u0412\u0441\u0456 \u043f\u043b\u0430\u0447\u0443\u0442\u044c \u0434\u0436\u0435\u0440\u0433\u043e\u0447\u0443\u0442\u044c \u0433\u043e\u0440\u044f\u0442\u044c\n\u041f'\u044e\u0442\u044c \u043e\u0442\u0440\u0443\u0442\u0443 \u043f\u0443\u0441\u0442\u043e\u0442\u0438 \u0441\u043c\u0443\u0442\u0438 \u0434\u0437\u0435\u043b\u0435\u043d\u0447\u0430\u0442\u044c\n\u041d\u0435\u0432\u0430\u0436\u043b\u0438\u0432\u043e \u0432\u043e\u043d\u0438 \u043f\u043e\u0440\u043e\u0436\u043d\u0456 \u043d\u0430\u0437\u0430\u0432\u0436\u0434\u0438\n\u0412\u0441\u0456 \u0434\u043e \u043f\u0438\u0437\u0434\u0438, \u0432\u0441\u0435 \u0434\u043e \u043f\u0438\u0437\u0434\u0438", "style": ["Female Vocal</span><span>, punk</span><span>, Haunted house </span><span>, ska"], "essentia_features": {"lowlevel.average_loudness": 0.9423131942749023, "lowlevel.barkbands_crest.mean": 12.026639938354492, "lowlevel.barkbands_crest.stdev": 4.328126907348633, "lowlevel.barkbands_flatness_db.mean": 0.27060091495513916, "lowlevel.barkbands_flatness_db.stdev": 0.06454110890626907, "lowlevel.barkbands_kurtosis.mean": 3.7323503494262695, "lowlevel.barkbands_kurtosis.stdev": 6.638713836669922, "lowlevel.barkbands_skewness.mean": 1.3340874910354614, "lowlevel.barkbands_skewness.stdev": 1.1828486919403076, "lowlevel.barkbands_spread.mean": 13.907125473022461, "lowlevel.barkbands_spread.stdev": 9.079803466796875, "lowlevel.dissonance.mean": 0.4246348738670349, "lowlevel.dissonance.stdev": 0.042993128299713135, "lowlevel.dynamic_complexity": 3.3162972927093506, "lowlevel.erbbands_crest.mean": 12.865890502929688, "lowlevel.erbbands_crest.stdev": 4.922348976135254, "lowlevel.erbbands_flatness_db.mean": 0.3123757839202881, "lowlevel.erbbands_flatness_db.stdev": 0.06103551387786865, "lowlevel.erbbands_kurtosis.mean": 0.9512024521827698, "lowlevel.erbbands_kurtosis.stdev": 2.5666697025299072, "lowlevel.erbbands_skewness.mean": 0.5412346124649048, "lowlevel.erbbands_skewness.stdev": 0.9798523187637329, "lowlevel.erbbands_spread.mean": 27.11037254333496, "lowlevel.erbbands_spread.stdev": 15.464702606201172, "lowlevel.hfc.mean": 16.180408477783203, "lowlevel.hfc.stdev": 16.471332550048828, "lowlevel.loudness_ebu128.integrated": -14.178038597106934, "lowlevel.loudness_ebu128.loudness_range": 4.1715593338012695, "lowlevel.loudness_ebu128.momentary.mean": -14.972295761108398, "lowlevel.loudness_ebu128.momentary.stdev": 2.8577680587768555, "lowlevel.loudness_ebu128.short_term.mean": -14.357633590698242, "lowlevel.loudness_ebu128.short_term.stdev": 1.469308614730835, "lowlevel.melbands_crest.mean": 14.427896499633789, "lowlevel.melbands_crest.stdev": 5.241373062133789, "lowlevel.melbands_flatness_db.mean": 0.30573412775993347, "lowlevel.melbands_flatness_db.stdev": 0.07147528231143951, "lowlevel.melbands_kurtosis.mean": 8.699332237243652, "lowlevel.melbands_kurtosis.stdev": 13.090867042541504, "lowlevel.melbands_skewness.mean": 1.987781286239624, "lowlevel.melbands_skewness.stdev": 1.4905905723571777, "lowlevel.melbands_spread.mean": 19.251968383789062, "lowlevel.melbands_spread.stdev": 16.07939338684082, "lowlevel.pitch_salience.mean": 0.5468035340309143, "lowlevel.pitch_salience.stdev": 0.13633348047733307, "lowlevel.silence_rate_20dB.mean": 1.0, "lowlevel.silence_rate_20dB.stdev": 0.0, "lowlevel.silence_rate_30dB.mean": 1.0, "lowlevel.silence_rate_30dB.stdev": 0.0, "lowlevel.silence_rate_60dB.mean": 0.12630359828472137, "lowlevel.silence_rate_60dB.stdev": 0.3321872651576996, "lowlevel.spectral_centroid.mean": 1210.2491455078125, "lowlevel.spectral_centroid.stdev": 642.072998046875, "lowlevel.spectral_complexity.mean": 10.599652290344238, "lowlevel.spectral_complexity.stdev": 4.93328857421875, "lowlevel.spectral_decrease.mean": -4.218351445928192e-09, "lowlevel.spectral_decrease.stdev": 3.339549969894051e-09, "lowlevel.spectral_energy.mean": 0.017388619482517242, "lowlevel.spectral_energy.stdev": 0.013920926488935947, "lowlevel.spectral_energyband_high.mean": 0.0002700096520129591, "lowlevel.spectral_energyband_high.stdev": 0.000408692576456815, "lowlevel.spectral_energyband_low.mean": 0.00044888039701618254, "lowlevel.spectral_energyband_low.stdev": 0.0006145071820355952, "lowlevel.spectral_energyband_middle_high.mean": 0.006597435101866722, "lowlevel.spectral_energyband_middle_high.stdev": 0.009198159910738468, "lowlevel.spectral_energyband_middle_low.mean": 0.010436436161398888, "lowlevel.spectral_energyband_middle_low.stdev": 0.008591671474277973, "lowlevel.spectral_entropy.mean": 6.730611324310303, "lowlevel.spectral_entropy.stdev": 0.5362670421600342, "lowlevel.spectral_flux.mean": 0.05793696269392967, "lowlevel.spectral_flux.stdev": 0.039505284279584885, "lowlevel.spectral_kurtosis.mean": 8.02812671661377, "lowlevel.spectral_kurtosis.stdev": 7.632432460784912, "lowlevel.spectral_rms.mean": 0.003747491165995598, "lowlevel.spectral_rms.stdev": 0.0017090418841689825, "lowlevel.spectral_rolloff.mean": 1362.2904052734375, "lowlevel.spectral_rolloff.stdev": 1013.985107421875, "lowlevel.spectral_skewness.mean": 1.3546724319458008, "lowlevel.spectral_skewness.stdev": 0.8216629028320312, "lowlevel.spectral_spread.mean": 2461278.5, "lowlevel.spectral_spread.stdev": 1251253.625, "lowlevel.spectral_strongpeak.mean": 1.7960113286972046, "lowlevel.spectral_strongpeak.stdev": 1.8656240701675415, "lowlevel.zerocrossingrate.mean": 0.04804025590419769, "lowlevel.zerocrossingrate.stdev": 0.026084108278155327, "metadata.audio_properties.analysis.equal_loudness": 0.0, "metadata.audio_properties.analysis.length": 40.04265213012695, "metadata.audio_properties.analysis.sample_rate": 44100.0, "metadata.audio_properties.analysis.start_time": 0.0, "metadata.audio_properties.bit_rate": 123689.0, "metadata.audio_properties.length": 40.042667388916016, "metadata.audio_properties.lossless": 0.0, "metadata.audio_properties.number_channels": 1.0, "metadata.audio_properties.replay_gain": -14.166240692138672, "metadata.audio_properties.sample_rate": 48000.0, "rhythm.beats_count": 87.0, "rhythm.beats_loudness.mean": 0.025722933933138847, "rhythm.beats_loudness.stdev": 0.01585216447710991, "rhythm.bpm": 132.02561950683594, "rhythm.bpm_histogram_first_peak_bpm": 133.0, "rhythm.bpm_histogram_first_peak_weight": 0.5789473056793213, "rhythm.bpm_histogram_second_peak_bpm": 140.0, "rhythm.bpm_histogram_second_peak_spread": 0.3999999761581421, "rhythm.bpm_histogram_second_peak_weight": 0.13953489065170288, "rhythm.danceability": 1.2662959098815918, "rhythm.onset_rate": 3.2955164909362793, "tonal.chords_changes_rate": 0.03356481343507767, "tonal.chords_number_rate": 0.0069444444961845875, "tonal.chords_strength.mean": 0.5759087204933167, "tonal.chords_strength.stdev": 0.08254237473011017, "tonal.hpcp_crest.mean": 19.62378692626953, "tonal.hpcp_crest.stdev": 8.11024284362793, "tonal.hpcp_entropy.mean": 1.2761833667755127, "tonal.hpcp_entropy.stdev": 0.6531494855880737, "tonal.key_edma.strength": 0.8234203457832336, "tonal.key_krumhansl.strength": 0.8171073198318481, "tonal.key_temperley.strength": 0.8013873100280762, "tonal.tuning_diatonic_strength": 0.6902968883514404, "tonal.tuning_equal_tempered_deviation": 0.05824245885014534, "tonal.tuning_frequency": 440.0, "tonal.tuning_nontempered_energy_ratio": 0.7036095857620239, "lowlevel.barkbands.mean": [1.283197661905433e-06, 8.049065218074247e-05, 0.0002845694834832102, 0.00015324866399168968, 0.0014965413138270378, 0.004315985832363367, 0.0010498461779206991, 0.0016797496937215328, 0.0011989157646894455, 0.0010636629303917289, 0.0007450995035469532, 0.0015093148685991764, 0.0006130588008090854, 0.0005827791756018996, 0.00048039277317002416, 0.0006222923402674496, 0.0006135202129371464, 0.00038656266406178474, 9.851917275227606e-05, 0.0003559250326361507, 3.8544250855920836e-05, 1.3273914191813674e-05, 4.024308964289958e-06, 8.529573278792668e-07, 1.3505915319456108e-07, 5.4386138259587824e-08, 2.937748933007356e-09], "lowlevel.barkbands.stdev": [2.3359054921456845e-06, 0.00014826816914137453, 0.00041990168392658234, 0.00020200066501274705, 0.002101354533806443, 0.0062288446351885796, 0.0023070259485393763, 0.0036541521549224854, 0.0033401595428586006, 0.0030477186664938927, 0.0029272176325321198, 0.004443379584699869, 0.0027419908437877893, 0.0023147251922637224, 0.0017235525883734226, 0.0017846721457317472, 0.0016850212123245, 0.0009532784461043775, 0.0002648965746629983, 0.0006153943832032382, 6.629575364058837e-05, 7.042167271720245e-05, 1.7537828171043657e-05, 3.674964318634011e-06, 8.066626833169721e-07, 3.7744959513474896e-07, 2.256171782732963e-08], "lowlevel.erbbands.mean": [0.0011854703770950437, 0.025989698246121407, 0.24364909529685974, 0.5145333409309387, 1.2225313186645508, 5.386552810668945, 18.805908203125, 35.643104553222656, 28.371877670288086, 16.728307723999023, 38.519161224365234, 31.590612411499023, 30.673301696777344, 31.45592498779297, 30.50731086730957, 71.23543548583984, 31.894554138183594, 27.795793533325195, 19.619626998901367, 39.3448371887207, 35.71233367919922, 30.302106857299805, 24.70909309387207, 7.75492000579834, 5.433315277099609, 16.871496200561523, 6.842130661010742, 0.7241793870925903, 0.5371004343032837, 0.24877960979938507, 0.10023152083158493, 0.035524092614650726, 0.00766312051564455, 0.002373981522396207, 0.0005405102274380624, 0.00023861884255893528, 0.00012308571604080498, 1.7735272194840945e-05, 1.0130059308721684e-05, 2.091926580760628e-05], "lowlevel.erbbands.stdev": [0.0034336282406002283, 0.040395770221948624, 0.30636128783226013, 0.7425981163978577, 1.7298964262008667, 7.945441722869873, 32.724586486816406, 57.03854751586914, 58.454185485839844, 45.48102951049805, 87.51632690429688, 83.87300109863281, 87.84033966064453, 126.19337463378906, 80.33184814453125, 208.14439392089844, 121.43754577636719, 101.51155853271484, 69.4388198852539, 121.2362289428711, 97.32373046875, 74.85104370117188, 57.79989242553711, 18.78441619873047, 9.486621856689453, 31.16798973083496, 12.435442924499512, 1.4343727827072144, 2.879574775695801, 1.2520999908447266, 0.44308584928512573, 0.14496269822120667, 0.03586019203066826, 0.013863091357052326, 0.0032031249720603228, 0.0015132809057831764, 0.0008462932310067117, 0.00010069721611216664, 8.138164048432373e-06, 1.6965916074695997e-05], "lowlevel.gfcc.mean": [-128.54812622070312, 164.9046173095703, -188.19387817382812, 20.68292999267578, -52.7563362121582, -51.87045669555664, -20.49202537536621, -22.046253204345703, -13.29520034790039, -12.868304252624512, -3.2116804122924805, -11.50049114227295, 2.4225003719329834], "lowlevel.melbands.mean": [1.6195654097828083e-05, 9.778097592061386e-05, 0.00010476021998329088, 0.00020449317526072264, 0.0006061603780835867, 0.0008459032396785915, 0.00037575006717815995, 0.00020955732907168567, 0.0003304395650047809, 0.00017079639656003565, 0.00014659040607511997, 0.0001228196342708543, 0.00010019016190199181, 0.00016629439778625965, 0.00013386017235461622, 4.193869244772941e-05, 5.697265441995114e-05, 3.2968626328511164e-05, 3.8762434996897355e-05, 4.76647364848759e-05, 4.67633071821183e-05, 3.316895163152367e-05, 3.2828385883476585e-05, 1.1900158824573737e-05, 5.824416803079657e-06, 2.3033926481730305e-06, 7.186954462667927e-06, 1.2267028068890795e-05, 6.265438969421666e-06, 6.082686923036817e-07, 2.5983550244745857e-07, 3.1742749229124456e-07, 2.2627267526331707e-07, 1.038298407252114e-07, 5.997712548833078e-08, 3.592005271002563e-08, 1.5700832634024664e-08, 5.462851060400453e-09, 2.7619151410362974e-09, 1.562769025298394e-09], "lowlevel.melbands.stdev": [3.6247536627342924e-05, 0.0001242324651684612, 0.00011999663547612727, 0.00025031500263139606, 0.0009355907095596194, 0.001275103772059083, 0.0007825196371413767, 0.0005759743507951498, 0.0007487223483622074, 0.00047354106209240854, 0.0004409125540405512, 0.0005095244850963354, 0.00033542397432029247, 0.0004895928432233632, 0.00040405933395959437, 0.00018086635100189596, 0.0002287067472934723, 0.00013827410293743014, 0.0001309456129092723, 0.00014560853014700115, 0.00014600774738937616, 0.0001008407271001488, 7.240010017994791e-05, 2.733418659772724e-05, 1.7401811419404112e-05, 4.147259915043833e-06, 1.542318204883486e-05, 2.1678499251720496e-05, 1.2903813512821216e-05, 9.930106443789555e-07, 8.710022143532115e-07, 1.7071715774363838e-06, 1.3739809219259769e-06, 4.868213068220939e-07, 2.8613339964067563e-07, 1.4500513145776495e-07, 7.273354896142337e-08, 2.683087529931072e-08, 1.6042527306581178e-08, 9.959172153628515e-09], "lowlevel.melbands128.mean": [5.199900670049828e-07, 5.280146979202982e-06, 1.9050366972805932e-05, 4.3590138375293463e-05, 9.847084584180266e-05, 0.0001520344812888652, 0.00010507025581318885, 7.276482210727409e-05, 0.0001286670594708994, 0.00012157695164205506, 0.0002781301736831665, 0.0005476731457747519, 0.0005797012127004564, 0.0008729977416805923, 0.0007064711535349488, 0.0010138748912140727, 0.0008379041100852191, 9.770358155947179e-05, 2.8028116503264755e-05, 0.0001748187787597999, 0.000310885370709002, 0.00028351607033982873, 0.00037699288805015385, 0.00030184705974534154, 0.0002625338966026902, 5.410437734099105e-05, 0.00010515331086935475, 0.00023144902661442757, 8.993499068310484e-05, 0.00011479725071694702, 0.0001294626563321799, 0.00014689630188513547, 0.00010048771218862385, 6.504177144961432e-05, 8.353516750503331e-05, 0.00023608609626535326, 0.0002620431187096983, 8.237829752033576e-05, 0.00011831658048322424, 4.9418722483096644e-05, 2.3849663193686865e-05, 2.6875966796069406e-05, 5.194797631702386e-05, 8.552967483410612e-05, 4.594828715198673e-05, 1.8805738363880664e-05, 2.2607549908570945e-05, 1.9087292457697913e-05, 4.993390029994771e-05, 8.781206997809932e-05, 3.8762671465519816e-05, 2.332624171685893e-05, 2.5006613213918172e-05, 7.439006731146947e-05, 6.0386893892427906e-05, 1.9849283489747904e-05, 1.5680676369811408e-05, 3.500255843391642e-05, 4.559499939205125e-05, 1.9428038285695948e-05, 8.022333531698678e-06, 5.526467703020899e-06, 9.37810091272695e-06, 5.033462912251707e-06, 1.7790546280593844e-06, 1.6294484339596238e-06, 3.105502855760278e-06, 3.3398744108126266e-06, 6.096871402405668e-06, 1.6401600078097545e-05, 1.1589869245653972e-05, 1.0280523383698892e-05, 1.3313590898178518e-05, 3.816386652033543e-06, 1.1808012914116262e-06, 6.627308266615728e-07, 3.230260574582644e-07, 2.279897444168455e-07, 2.595759269752307e-07, 2.4831621203702525e-07, 3.6952360460418276e-07, 3.189531412317592e-07, 2.8847398425568826e-07, 2.3672819793318922e-07, 1.5784461027124053e-07, 1.1058664739493906e-07, 8.968272879883443e-08, 7.17065660182925e-08, 5.836922056801086e-08, 5.547621739765418e-08, 3.872951737093899e-08, 3.4365282175485845e-08, 2.1807956329666922e-08, 1.7298733112625087e-08, 9.788101884566913e-09, 7.58160556557641e-09, 4.219726346121888e-09, 3.082048838365381e-09, 2.72522471256309e-09, 2.6604212166603247e-09, 2.2860111581479714e-09, 1.344194311414526e-09, 7.874447760514158e-10, 5.474370401437056e-10, 4.592563829231011e-10, 4.2841472036592165e-10, 5.587572626808424e-10, 3.632336653680568e-10, 2.4221799566070956e-10, 4.1711353815365726e-10, 4.576704848435753e-10, 5.280996751011457e-10, 3.5449573831947134e-10, 3.004683168938982e-10, 1.9805684869922402e-10, 1.408449190609673e-10, 9.571390208185093e-11, 1.4243956708570593e-11, 2.539494005707188e-12, 2.4726551101778016e-12, 2.412078783237126e-12, 2.3577220904791307e-12, 2.314597081706782e-12, 2.27219762102826e-12, 2.2213871367360305e-12, 2.1636965222976423e-12, 2.1275151779187595e-12, 2.1133661227273892e-12], "lowlevel.melbands128.stdev": [1.0794129821078968e-06, 1.9247756426921114e-05, 6.383709842339158e-05, 7.380903844023123e-05, 0.00012244000390637666, 0.00025659744278527796, 0.00018111657118424773, 0.0001025321107590571, 0.00023181679716799408, 0.00020099739776924253, 0.0004912010626867414, 0.0009552926057949662, 0.001438787905499339, 0.0018684680107980967, 0.0016242192359641194, 0.0021920388098806143, 0.001880862982943654, 0.0003197376790922135, 8.048102608881891e-05, 0.0006564190844073892, 0.0009659826755523682, 0.0008207851205952466, 0.0012236556503921747, 0.0009652262087911367, 0.0009279436198994517, 0.00038892735028639436, 0.0004638578975573182, 0.0007950816070660949, 0.0003649911377578974, 0.0006061033345758915, 0.0008514688233844936, 0.0008124685846269131, 0.0004014922014903277, 0.00029891918529756367, 0.0005054391804151237, 0.0008605193579569459, 0.000994595349766314, 0.0004049968847539276, 0.0006627319962717593, 0.0003377071989234537, 0.00017373111040797085, 0.00016554475587327033, 0.0002736811002250761, 0.0004270999052096158, 0.0003048254002351314, 0.0001209049005410634, 0.00018044513126369566, 0.00012007555778836831, 0.00024182768538594246, 0.0003274425689596683, 0.0001792142284102738, 0.00013427417434286326, 0.00010055065649794415, 0.0003253227623645216, 0.00023843090457376093, 0.00012057676940457895, 4.9876362027134746e-05, 9.786649752641097e-05, 0.00014831748558208346, 7.339381409110501e-05, 2.605386180221103e-05, 1.5143710697884671e-05, 3.454650504863821e-05, 1.9470324332360178e-05, 3.7856227663723985e-06, 2.902456117226393e-06, 8.90531373443082e-06, 9.274894182453863e-06, 1.717688428470865e-05, 5.20611647516489e-05, 2.741860953392461e-05, 2.2920432456885464e-05, 3.407882104511373e-05, 9.478599167778157e-06, 2.0497384412010433e-06, 1.3129132412359468e-06, 7.543575293311733e-07, 6.099220399846672e-07, 9.58119585448003e-07, 1.1843055744975572e-06, 1.9004754676643643e-06, 2.061224677163409e-06, 2.101636482620961e-06, 1.4580108427253435e-06, 9.153475843959313e-07, 5.516500323210494e-07, 4.094982841706951e-07, 3.7939480534987524e-07, 3.1391354582410713e-07, 2.707168960114359e-07, 1.6725984153254103e-07, 1.531067397309016e-07, 9.203792217249429e-08, 9.475900952793381e-08, 5.095838417901177e-08, 3.854401953162778e-08, 2.3754751055093948e-08, 1.9998424249934033e-08, 1.6510554701199e-08, 1.7293887211167203e-08, 1.6795725699125796e-08, 8.573895371455365e-09, 5.407522429834444e-09, 4.007997489452464e-09, 3.147347937826339e-09, 2.784781516496082e-09, 5.6644795520810476e-09, 3.5404137399552837e-09, 1.5818200083117517e-09, 2.968349566145889e-09, 3.1644775688732807e-09, 5.3331987714955176e-09, 2.7486872777870985e-09, 2.313211178162078e-09, 1.4369866407903942e-09, 1.1372094377293251e-09, 8.487760494446661e-10, 1.6372840583311898e-10, 4.410812860788926e-12, 4.295157111922077e-12, 4.191633151684471e-12, 4.099316806144282e-12, 4.018933189714469e-12, 3.949096258337725e-12, 3.890876770079599e-12, 3.8450449421634225e-12, 3.8111679610819404e-12, 3.790360820349337e-12], "lowlevel.mfcc.mean": [-756.9603271484375, 186.32815551757812, -71.36641693115234, 52.172035217285156, -21.859960556030273, -16.371646881103516, -16.039138793945312, -12.350456237792969, -14.637511253356934, -1.9199985265731812, -23.354108810424805, 4.75043249130249, 0.2635781466960907], "lowlevel.spectral_contrast_coeffs.mean": [-0.6189232468605042, -0.6244729161262512, -0.7072207927703857, -0.7387899160385132, -0.7548486590385437, -0.6982076168060303], "lowlevel.spectral_contrast_coeffs.stdev": [0.0950854942202568, 0.09648140519857407, 0.10533648729324341, 0.09118744730949402, 0.07065736502408981, 0.07013782858848572], "lowlevel.spectral_contrast_valleys.mean": [-8.212430953979492, -7.6642961502075195, -8.449129104614258, -8.531623840332031, -8.189838409423828, -13.717445373535156], "lowlevel.spectral_contrast_valleys.stdev": [1.0506576299667358, 0.906378448009491, 0.9515105485916138, 0.8773712515830994, 0.972017228603363, 0.9780036211013794], "rhythm.beats_loudness_band_ratio.mean": [0.0583600215613842, 0.32007426023483276, 0.2729375660419464, 0.24583235383033752, 0.1689848005771637, 0.03768915310502052], "rhythm.beats_loudness_band_ratio.stdev": [0.08642292767763138, 0.2478702962398529, 0.1782209575176239, 0.26262497901916504, 0.19074785709381104, 0.06804926693439484], "tonal.hpcp.mean": [0.08998733758926392, 0.061441365629434586, 0.023993590846657753, 0.01650698482990265, 0.021796945482492447, 0.044842496514320374, 0.062248345464468, 0.052151355892419815, 0.15026122331619263, 0.2657739520072937, 0.16365444660186768, 0.04971984028816223, 0.03894110023975372, 0.043465401977300644, 0.11552666872739792, 0.21704472601413727, 0.16431055963039398, 0.05863724648952484, 0.04490940272808075, 0.055872853845357895, 0.1268511861562729, 0.2220790833234787, 0.16787268221378326, 0.06752941012382507, 0.04230969771742821, 0.030173661187291145, 0.030139850452542305, 0.029330242425203323, 0.0446164645254612, 0.18756310641765594, 0.3392780125141144, 0.21704453229904175, 0.05437834560871124, 0.030045827850699425, 0.026386287063360214, 0.05823993682861328], "tonal.hpcp.stdev": [0.21119748055934906, 0.15600304305553436, 0.10018251091241837, 0.08094626665115356, 0.10426551848649979, 0.13317331671714783, 0.14057795703411102, 0.1302327960729599, 0.23757949471473694, 0.36856046319007874, 0.2401181161403656, 0.16064868867397308, 0.14460597932338715, 0.13277018070220947, 0.21319253742694855, 0.31986507773399353, 0.2623141407966614, 0.1753101348876953, 0.15508238971233368, 0.17768298089504242, 0.24247194826602936, 0.37013980746269226, 0.2944944500923157, 0.17310874164104462, 0.12353993952274323, 0.12051643431186676, 0.12365604937076569, 0.11966648697853088, 0.15664979815483093, 0.27199849486351013, 0.38348105549812317, 0.2942827343940735, 0.1556130200624466, 0.12423525005578995, 0.11459720134735107, 0.15730054676532745], "rhythm.beats_position": [0.6037188172340393, 1.2190475463867188, 1.834376335144043, 2.449705123901367, 2.983764171600342, 3.5178229808807373, 4.040272235870361, 4.504671096801758, 4.957460403442383, 5.41024923324585, 5.863038539886475, 6.2809977531433105, 6.6989569664001465, 7.116916179656982, 7.53487491607666, 7.964444160461426, 8.394013404846191, 8.823582649230957, 9.264761924743652, 9.671111106872559, 10.077460289001465, 10.54185962677002, 11.006258010864258, 11.482267379760742, 11.958276748657227, 12.422675132751465, 12.88707447052002, 13.339863777160645, 13.79265308380127, 14.257051467895508, 14.721450805664062, 15.185850143432617, 15.638639450073242, 16.114648818969727, 16.56743812561035, 17.020225524902344, 17.46140480041504, 17.925804138183594, 18.37859344482422, 18.842992782592773, 19.2957820892334, 19.644081115722656, 20.003990173339844, 20.3522891998291, 20.71219825744629, 21.06049919128418, 21.432018280029297, 21.803537368774414, 22.18666648864746, 22.639455795288086, 23.09224510192871, 23.545034408569336, 23.9746036529541, 24.404170989990234, 24.84535026550293, 25.274919509887695, 25.70448875427246, 26.145668029785156, 26.563627243041992, 26.981586456298828, 27.411155700683594, 27.82911491394043, 28.270294189453125, 28.69986343383789, 29.117822647094727, 29.559001922607422, 30.058231353759766, 30.557458877563477, 31.06829833984375, 31.555917739868164, 32.04353713989258, 32.53115463256836, 33.0303840637207, 33.52961349487305, 34.04045104980469, 34.504852294921875, 34.9692497253418, 35.42203903198242, 35.87482833862305, 36.339229583740234, 36.803627014160156, 37.244808197021484, 37.67437744140625, 38.103946685791016, 38.53351593017578, 38.974693298339844, 39.42748260498047], "rhythm.bpm_histogram": [0.0, 0.0, 0.0, 0.0, 0.0, 0.0, 0.0, 0.0, 0.0, 0.0, 0.0, 0.0, 0.0, 0.0, 0.0, 0.0, 0.0, 0.0, 0.0, 0.0, 0.0, 0.0, 0.0, 0.0, 0.0, 0.0, 0.0, 0.0, 0.0, 0.0, 0.0, 0.0, 0.0, 0.0, 0.0, 0.0, 0.0, 0.0, 0.0, 0.0, 0.0, 0.0, 0.0, 0.0, 0.0, 0.0, 0.0, 0.0, 0.0, 0.0, 0.0, 0.0, 0.0, 0.0, 0.0, 0.0, 0.0, 0.0, 0.0, 0.0, 0.0, 0.0, 0.0, 0.0, 0.0, 0.0, 0.0, 0.0, 0.0, 0.0, 0.0, 0.0, 0.0, 0.0, 0.0, 0.0, 0.0, 0.0, 0.0, 0.0, 0.0, 0.0, 0.0, 0.0, 0.0, 0.0, 0.0, 0.0, 0.0, 0.0, 0.0, 0.0, 0.0, 0.0, 0.0, 0.0, 0.0, 0.0, 0.03488372266292572, 0.0, 0.0, 0.0, 0.0, 0.0, 0.0, 0.0, 0.0, 0.0, 0.0, 0.0, 0.0, 0.0, 0.023255813866853714, 0.0, 0.0, 0.011627906933426857, 0.0, 0.023255813866853714, 0.0, 0.0, 0.04651162773370743, 0.0, 0.0, 0.03488372266292572, 0.0, 0.0, 0.03488372266292572, 0.0, 0.0, 0.1627907007932663, 0.0, 0.0, 0.0, 0.1860465109348297, 0.0, 0.0, 0.09302325546741486, 0.0, 0.0, 0.0, 0.13953489065170288, 0.0, 0.0, 0.0, 0.09302325546741486, 0.0, 0.0, 0.0, 0.023255813866853714, 0.0, 0.0, 0.0, 0.0, 0.0, 0.0, 0.0, 0.0, 0.011627906933426857, 0.0, 0.0, 0.0, 0.023255813866853714, 0.0, 0.0, 0.0, 0.0, 0.0, 0.023255813866853714, 0.0, 0.0, 0.0, 0.0, 0.03488372266292572, 0.0, 0.0, 0.0, 0.0, 0.0, 0.0, 0.0, 0.0, 0.0, 0.0, 0.0, 0.0, 0.0, 0.0, 0.0, 0.0, 0.0, 0.0, 0.0, 0.0, 0.0, 0.0, 0.0, 0.0, 0.0, 0.0, 0.0, 0.0, 0.0, 0.0, 0.0, 0.0, 0.0, 0.0, 0.0, 0.0, 0.0, 0.0, 0.0, 0.0, 0.0, 0.0, 0.0, 0.0, 0.0, 0.0, 0.0, 0.0, 0.0, 0.0, 0.0, 0.0, 0.0, 0.0, 0.0, 0.0, 0.0, 0.0, 0.0, 0.0, 0.0, 0.0, 0.0, 0.0, 0.0, 0.0, 0.0, 0.0, 0.0, 0.0, 0.0, 0.0, 0.0, 0.0, 0.0, 0.0, 0.0], "tonal.chords_histogram": [23.495370864868164, 0.0, 26.851852416992188, 0.0, 0.0, 0.0, 0.0, 0.0, 0.0, 0.0, 1.2731481790542603, 0.0, 0.0, 0.0, 0.0, 0.0, 0.9259259104728699, 9.606481552124023, 0.0, 9.143518447875977, 0.0, 0.8101851940155029, 0.0, 27.893518447875977], "tonal.thpcp": [1.0, 0.6397247314453125, 0.1602766513824463, 0.0885581374168396, 0.0777718722820282, 0.1716584414243698, 0.2652318477630615, 0.1810944527387619, 0.07071955502033234, 0.04865327104926109, 0.06424508988857269, 0.13217036426067352, 0.18347297608852386, 0.15371274948120117, 0.44288524985313416, 0.7833515405654907, 0.4823608994483948, 0.14654602110385895, 0.1147763729095459, 0.12811146676540375, 0.3405073881149292, 0.6397252678871155, 0.48429474234580994, 0.1728294938802719, 0.1323675662279129, 0.16468162834644318, 0.3738856613636017, 0.6545637249946594, 0.4947938621044159, 0.199038565158844, 0.12470509856939316, 0.08893491327762604, 0.08883526176214218, 0.08644898980855942, 0.1315041482448578, 0.5528301000595093], "lowlevel.gfcc.cov": [[4849.82275390625, -192.46014404296875, -1038.8372802734375, 416.0735168457031, -28.92736053466797, -51.15908432006836, 372.8671875, -164.47520446777344, 130.16104125976562, -88.79467010498047, 93.95053100585938, 23.61189842224121, 32.951602935791016], [-192.46014404296875, 1626.205322265625, 89.28888702392578, -396.4177551269531, 349.6231994628906, -269.196044921875, 406.3197021484375, -46.7618293762207, -181.06802368164062, -132.12522888183594, 13.937134742736816, -212.42027282714844, -12.307461738586426], [-1038.8372802734375, 89.28888702392578, 1331.008544921875, 420.1220703125, -240.35035705566406, 180.37039184570312, -344.90771484375, 139.41119384765625, 87.87349700927734, 64.34508514404297, -227.15676879882812, 37.787506103515625, -99.68052673339844], [416.0735168457031, -396.4177551269531, 420.1220703125, 886.1357421875, -64.35566711425781, 17.42853355407715, -373.5971374511719, 15.108575820922852, 332.75946044921875, 68.66805267333984, -161.64675903320312, 57.594974517822266, 67.48687744140625], [-28.92736053466797, 349.6231994628906, -240.35035705566406, -64.35566711425781, 390.6949768066406, -166.9120330810547, 21.16737174987793, -45.947998046875, 8.81533432006836, 0.9443585872650146, 30.413352966308594, -58.9104118347168, 102.75202941894531], [-51.15908432006836, -269.196044921875, 180.37039184570312, 17.42853355407715, -166.9120330810547, 501.056640625, 124.68267059326172, 68.17365264892578, -79.3498306274414, 10.986653327941895, -66.92642211914062, -3.0616655349731445, -111.48200225830078], [372.8671875, 406.3197021484375, -344.90771484375, -373.5971374511719, 21.16737174987793, 124.68267059326172, 604.280517578125, 38.27658462524414, -243.0015869140625, -72.15331268310547, 80.59349060058594, -60.26581954956055, -87.55423736572266], [-164.47520446777344, -46.7618293762207, 139.41119384765625, 15.108575820922852, -45.947998046875, 68.17365264892578, 38.27658462524414, 181.01133728027344, 26.809873580932617, 7.05113410949707, -54.276493072509766, -12.184161186218262, -20.424877166748047], [130.16104125976562, -181.06802368164062, 87.87349700927734, 332.75946044921875, 8.81533432006836, -79.3498306274414, -243.0015869140625, 26.809873580932617, 314.60638427734375, 81.17131042480469, -69.87862396240234, 12.326040267944336, 55.32823944091797], [-88.79467010498047, -132.12522888183594, 64.34508514404297, 68.66805267333984, 0.9443585872650146, 10.986653327941895, -72.15331268310547, 7.05113410949707, 81.17131042480469, 138.6074981689453, 4.685793399810791, 3.4391820430755615, 1.1990981101989746], [93.95053100585938, 13.937134742736816, -227.15676879882812, -161.64675903320312, 30.413352966308594, -66.92642211914062, 80.59349060058594, -54.276493072509766, -69.87862396240234, 4.685793399810791, 220.56297302246094, 52.84567642211914, 18.67841339111328], [23.61189842224121, -212.42027282714844, 37.787506103515625, 57.594974517822266, -58.9104118347168, -3.0616655349731445, -60.26581954956055, -12.184161186218262, 12.326040267944336, 3.4391820430755615, 52.84567642211914, 135.4545135498047, 25.8472843170166], [32.951602935791016, -12.307461738586426, -99.68052673339844, 67.48687744140625, 102.75202941894531, -111.48200225830078, -87.55423736572266, -20.424877166748047, 55.32823944091797, 1.1990981101989746, 18.67841339111328, 25.8472843170166, 143.40028381347656]], "lowlevel.gfcc.icov": [[0.00036945281317457557, -0.00018020362767856568, 0.0005141443107277155, -0.000527269090525806, 0.00032559348619543016, -4.246557364240289e-05, -0.00015068815264385194, 9.062748722499236e-05, -5.450493176795135e-07, 8.258426532847807e-06, 5.8378900575917214e-05, -0.0002449024759698659, 0.0001964433613466099], [-0.00018020362767856568, 0.003604060271754861, -0.0032239428255707026, 0.0015570909017696977, -0.002626459812745452, 0.0020289109088480473, -0.0037792345974594355, 0.002566636074334383, -0.002138333162292838, 0.0029971301555633545, -0.0009732223697938025, 0.004045086447149515, -0.000908061396330595], [0.0005141443107277155, -0.0032239428255707026, 0.004779130220413208, -0.0024181113112717867, 0.002757980953902006, -0.0017414982430636883, 0.004055636003613472, -0.0031731415074318647, 0.0030309695284813643, -0.0031252747867256403, 0.0017851426964625716, -0.004068218637257814, 0.0021168566308915615], [-0.000527269090525806, 0.0015570909017696977, -0.0024181113112717867, 0.0038206714671105146, -0.0012944262707605958, 0.0003091902763117105, -0.0011529241455718875, 0.0016955777537077665, -0.00327771226875484, 0.0015682391822338104, 0.0003440172004047781, 0.0010790751548483968, -0.0015064839972183108], [0.00032559348619543016, -0.002626459812745452, 0.002757980953902006, -0.0012944262707605958, 0.006219701375812292, -0.0007103669340722263, 0.00221871305257082, -0.0012592115672305226, 0.0016723439330235124, -0.002665617736056447, 0.0006798011600039899, -0.0007652785279788077, -0.002181100659072399], [-4.246557364240289e-05, 0.0020289109088480473, -0.0017414982430636883, 0.0003091902763117105, -0.0007103669340722263, 0.004206420853734016, -0.002743836957961321, 0.0009169010445475578, -7.652491331100464e-05, 0.0007376035209745169, 0.00037096376763656735, 0.001902329153381288, 0.0006944595952518284], [-0.00015068815264385194, -0.0037792345974594355, 0.004055636003613472, -0.0011529241455718875, 0.00221871305257082, -0.002743836957961321, 0.00802694447338581, -0.0045760078355669975, 0.004368890076875687, -0.002907848684117198, 0.0005045473808422685, -0.003476083744317293, 0.0024977473076432943], [9.062748722499236e-05, 0.002566636074334383, -0.0031731415074318647, 0.0016955777537077665, -0.0012592115672305226, 0.0009169010445475578, -0.0045760078355669975, 0.009475824423134327, -0.0038902172818779945, 0.0024166780058294535, 0.0003894544206559658, 0.0029342020861804485, -0.0017322386847808957], [-5.450493176795135e-07, -0.002138333162292838, 0.0030309695284813643, -0.00327771226875484, 0.0016723439330235124, -7.652491331100464e-05, 0.004368890076875687, -0.0038902172818779945, 0.00987694039940834, -0.005152334459125996, 0.0017197014531120658, -0.002058283658698201, 0.0007008749525994062], [8.258426532847807e-06, 0.0029971301555633545, -0.0031252747867256403, 0.0015682391822338104, -0.002665617736056447, 0.0007376035209745169, -0.002907848684117198, 0.0024166780058294535, -0.005152334459125996, 0.012089471332728863, -0.0028488393872976303, 0.003969592973589897, -6.049427975085564e-05], [5.8378900575917214e-05, -0.0009732223697938025, 0.0017851426964625716, 0.0003440172004047781, 0.0006798011600039899, 0.00037096376763656735, 0.0005045473808422685, 0.0003894544206559658, 0.0017197014531120658, -0.0028488393872976303, 0.00837461743503809, -0.00503014400601387, 0.00032300755265168846], [-0.0002449024759698659, 0.004045086447149515, -0.004068218637257814, 0.0010790751548483968, -0.0007652785279788077, 0.001902329153381288, -0.003476083744317293, 0.0029342020861804485, -0.002058283658698201, 0.003969592973589897, -0.00503014400601387, 0.015688640996813774, -0.004021115135401487], [0.0001964433613466099, -0.000908061396330595, 0.0021168566308915615, -0.0015064839972183108, -0.002181100659072399, 0.0006944595952518284, 0.0024977473076432943, -0.0017322386847808957, 0.0007008749525994062, -6.049427975085564e-05, 0.00032300755265168846, -0.004021115135401487, 0.012824689038097858]], "lowlevel.mfcc.cov": [[4497.37109375, -211.72691345214844, -1076.8046875, 580.9640502929688, -491.8146667480469, 362.0780944824219, -81.15311431884766, 263.34735107421875, -50.19306182861328, 186.8326873779297, -44.183494567871094, 76.21720123291016, -32.48624801635742], [-211.72691345214844, 1840.29736328125, -411.4823303222656, -113.01312255859375, -182.63668823242188, -245.17234802246094, 520.2706298828125, -85.52085876464844, 15.108880996704102, -103.36272430419922, 64.51640319824219, -37.5500602722168, -20.281482696533203], [-1076.8046875, -411.4823303222656, 1641.822021484375, 85.67322540283203, 142.4280242919922, 144.2767333984375, -291.7928161621094, 21.919248580932617, 201.76878356933594, -152.67501831054688, 230.37525939941406, -54.10089111328125, -1.034034013748169], [580.9640502929688, -113.01312255859375, 85.67322540283203, 659.1102905273438, 202.2722625732422, 19.70630645751953, -332.8245544433594, -40.78389358520508, 111.44111633300781, 29.48704719543457, -73.36800384521484, 40.968528747558594, 98.74626922607422], [-491.8146667480469, -182.63668823242188, 142.4280242919922, 202.2722625732422, 580.051025390625, -63.32790756225586, -313.5992126464844, -162.30020141601562, 41.97787094116211, 70.13652801513672, -191.7876434326172, 17.95343780517578, 38.325218200683594], [362.0780944824219, -245.17234802246094, 144.2767333984375, 19.70630645751953, -63.32790756225586, 337.8003845214844, -18.923662185668945, 45.237056732177734, 58.664649963378906, 2.7741386890411377, 116.64012908935547, -39.76332092285156, -72.75135803222656], [-81.15311431884766, 520.2706298828125, -291.7928161621094, -332.8245544433594, -313.5992126464844, -18.923662185668945, 635.8091430664062, 107.14682006835938, -74.04837036132812, -36.689151763916016, 88.63512420654297, -18.387714385986328, -90.16285705566406], [263.34735107421875, -85.52085876464844, 21.919248580932617, -40.78389358520508, -162.30020141601562, 45.237056732177734, 107.14682006835938, 209.5532684326172, 15.761453628540039, -14.368307113647461, 57.16633605957031, 3.291799306869507, -8.711219787597656], [-50.19306182861328, 15.108880996704102, 201.76878356933594, 111.44111633300781, 41.97787094116211, 58.664649963378906, -74.04837036132812, 15.761453628540039, 301.1807861328125, 9.464693069458008, 98.66719818115234, -6.389053821563721, -33.88529586791992], [186.8326873779297, -103.36272430419922, -152.67501831054688, 29.48704719543457, 70.13652801513672, 2.7741386890411377, -36.689151763916016, -14.368307113647461, 9.464693069458008, 175.6250762939453, -31.587133407592773, 33.00406265258789, -7.805357456207275], [-44.183494567871094, 64.51640319824219, 230.37525939941406, -73.36800384521484, -191.7876434326172, 116.64012908935547, 88.63512420654297, 57.16633605957031, 98.66719818115234, -31.587133407592773, 295.7445068359375, -17.177650451660156, -53.72463607788086], [76.21720123291016, -37.5500602722168, -54.10089111328125, 40.968528747558594, 17.95343780517578, -39.76332092285156, -18.387714385986328, 3.291799306869507, -6.389053821563721, 33.00406265258789, -17.177650451660156, 143.07110595703125, 48.87968826293945], [-32.48624801635742, -20.281482696533203, -1.034034013748169, 98.74626922607422, 38.325218200683594, -72.75135803222656, -90.16285705566406, -8.711219787597656, -33.88529586791992, -7.805357456207275, -53.72463607788086, 48.87968826293945, 163.19876098632812]], "lowlevel.mfcc.icov": [[0.0005864445702172816, -8.587764023104683e-05, 0.0003575489390641451, -0.0006340555264614522, 0.0007244669832289219, -0.0006555623258464038, 0.0004180613032076508, -0.0005557599943131208, 0.0002007029834203422, -0.0003801603161264211, 0.0003390858764760196, -0.00023667560890316963, 0.00043691101018339396], [-8.587764023104683e-05, 0.0010735468240454793, 0.00014405102410819381, -0.00025479524629190564, -0.0001381717884214595, 0.0008460595272481441, -0.0011245179921388626, 0.0009636713657528162, -0.0004130570450797677, 0.0006227383855730295, -0.0005096592358313501, 0.00039646352524869144, -0.00023132147907745093], [0.0003575489390641451, 0.00014405102410819381, 0.001267345855012536, -0.0002887037117034197, -0.00016981091175694019, -0.00037026239442639053, 0.0005329202394932508, -0.0005905167781747878, -0.00015586992958560586, 0.0008328550029546022, -0.0008823219104669988, 6.847784243291244e-05, 0.00010601647227304056], [-0.0006340555264614522, -0.00025479524629190564, -0.0002887037117034197, 0.0031920154578983784, -0.0009965196950361133, 6.86543426127173e-05, 0.0008311501005664468, 0.00013850853429175913, -0.0009753699414432049, 0.00034838440478779376, 0.00011683565389830619, -0.00011081790580647066, -0.0014740898041054606], [0.0007244669832289219, -0.0001381717884214595, -0.00016981091175694019, -0.0009965196950361133, 0.004821541253477335, -0.0006822798168286681, 0.0013290882343426347, 0.0012333818012848496, -0.0004642520798370242, -0.0016828167717903852, 0.002914892742410302, -0.0004844678333029151, 0.0010204184800386429], [-0.0006555623258464038, 0.0008460595272481441, -0.00037026239442639053, 6.86543426127173e-05, -0.0006822798168286681, 