{"song_id": "1182269451601715210", "download": "https://cdn.discordapp.com/attachments/1128313332273782784/1182269451601715210/chirp.mp4?ex=6584153a&amp", "lyrics": "Verse 1)\nIn the city of shadows where the neon lights gleam,\nLost souls chasing dreams, in a world so extreme.\nGuitar strings scream, as the night takes hold,\nConcrete jungle stories, in the alleys untold.\n\n(Pre-Chorus)\nWe're dancing on the edge, where the fire burns bright,\nIn the heart of the chaos, we find our own light.\nThrough the thunder and rain, we stand tall,\nRock 'n' roll rebels, breaking down the wall.\n\n(Chorus)\nThis is the anthem of the restless,\nIn the rhythm of rebellion, we confess.\nThrough the highs and the lows,\nIn the language of rock, our story unfolds.", "style": ["female rnb pop"], "essentia_features": {"lowlevel.average_loudness": 0.978573739528656, "lowlevel.barkbands_crest.mean": 11.330090522766113, "lowlevel.barkbands_crest.stdev": 3.6958107948303223, "lowlevel.barkbands_flatness_db.mean": 0.1451258510351181, "lowlevel.barkbands_flatness_db.stdev": 0.04026293009519577, "lowlevel.barkbands_kurtosis.mean": 4.6283345222473145, "lowlevel.barkbands_kurtosis.stdev": 8.066400527954102, "lowlevel.barkbands_skewness.mean": 1.9615387916564941, "lowlevel.barkbands_skewness.stdev": 1.1956993341445923, "lowlevel.barkbands_spread.mean": 30.177045822143555, "lowlevel.barkbands_spread.stdev": 15.530694961547852, "lowlevel.dissonance.mean": 0.48498502373695374, "lowlevel.dissonance.stdev": 0.012807241640985012, "lowlevel.dynamic_complexity": 1.2881535291671753, "lowlevel.erbbands_crest.mean": 8.257720947265625, "lowlevel.erbbands_crest.stdev": 4.2370500564575195, "lowlevel.erbbands_flatness_db.mean": 0.13868023455142975, "lowlevel.erbbands_flatness_db.stdev": 0.029255129396915436, "lowlevel.erbbands_kurtosis.mean": 0.4358955919742584, "lowlevel.erbbands_kurtosis.stdev": 1.92270827293396, "lowlevel.erbbands_skewness.mean": -0.44748634099960327, "lowlevel.erbbands_skewness.stdev": 0.752136766910553, "lowlevel.erbbands_spread.mean": 52.21648025512695, "lowlevel.erbbands_spread.stdev": 22.43503189086914, "lowlevel.hfc.mean": 27.124897003173828, "lowlevel.hfc.stdev": 14.262116432189941, "lowlevel.loudness_ebu128.integrated": -17.850427627563477, "lowlevel.loudness_ebu128.loudness_range": 1.3194313049316406, "lowlevel.loudness_ebu128.momentary.mean": -17.89787483215332, "lowlevel.loudness_ebu128.momentary.stdev": 0.6449580788612366, "lowlevel.loudness_ebu128.short_term.mean": -17.869184494018555, "lowlevel.loudness_ebu128.short_term.stdev": 0.4502759575843811, "lowlevel.melbands_crest.mean": 18.777894973754883, "lowlevel.melbands_crest.stdev": 4.797475337982178, "lowlevel.melbands_flatness_db.mean": 0.20648933947086334, "lowlevel.melbands_flatness_db.stdev": 0.05112728849053383, "lowlevel.melbands_kurtosis.mean": 25.80734634399414, "lowlevel.melbands_kurtosis.stdev": 28.772422790527344, "lowlevel.melbands_skewness.mean": 4.191717147827148, "lowlevel.melbands_skewness.stdev": 2.113823175430298, "lowlevel.melbands_spread.mean": 22.76067352294922, "lowlevel.melbands_spread.stdev": 15.111387252807617, "lowlevel.pitch_salience.mean": 0.4672718942165375, "lowlevel.pitch_salience.stdev": 0.12095364928245544, "lowlevel.silence_rate_20dB.mean": 1.0, "lowlevel.silence_rate_20dB.stdev": 0.0, "lowlevel.silence_rate_30dB.mean": 0.9833846092224121, "lowlevel.silence_rate_30dB.stdev": 0.12782587110996246, "lowlevel.silence_rate_60dB.mean": 0.0018461538711562753, "lowlevel.silence_rate_60dB.stdev": 0.04292731732130051, "lowlevel.spectral_centroid.mean": 1791.4984130859375, "lowlevel.spectral_centroid.stdev": 602.656982421875, "lowlevel.spectral_complexity.mean": 26.404308319091797, "lowlevel.spectral_complexity.stdev": 11.3962984085083, "lowlevel.spectral_decrease.mean": -1.0936369143621505e-08, "lowlevel.spectral_decrease.stdev": 6.856093026641474e-09, "lowlevel.spectral_energy.mean": 0.043736688792705536, "lowlevel.spectral_energy.stdev": 0.02645438350737095, "lowlevel.spectral_energyband_high.mean": 0.0017764631193131208, "lowlevel.spectral_energyband_high.stdev": 0.0015738920774310827, "lowlevel.spectral_energyband_low.mean": 0.027082286775112152, "lowlevel.spectral_energyband_low.stdev": 0.022757070139050484, "lowlevel.spectral_energyband_middle_high.mean": 0.005766926798969507, "lowlevel.spectral_energyband_middle_high.stdev": 0.004488537088036537, "lowlevel.spectral_energyband_middle_low.mean": 0.010551628656685352, "lowlevel.spectral_energyband_middle_low.stdev": 0.015437198802828789, "lowlevel.spectral_entropy.mean": 7.9012131690979, "lowlevel.spectral_entropy.stdev": 0.2646716833114624, "lowlevel.spectral_flux.mean": 0.1119752824306488, "lowlevel.spectral_flux.stdev": 0.06241713464260101, "lowlevel.spectral_kurtosis.mean": 2.2759811878204346, "lowlevel.spectral_kurtosis.stdev": 1.4697340726852417, "lowlevel.spectral_rms.mean": 0.0063063823617994785, "lowlevel.spectral_rms.stdev": 0.0017027849098667502, "lowlevel.spectral_rolloff.mean": 1391.656005859375, "lowlevel.spectral_rolloff.stdev": 1430.138427734375, "lowlevel.spectral_skewness.mean": 0.9759496450424194, "lowlevel.spectral_skewness.stdev": 0.30941709876060486, "lowlevel.spectral_spread.mean": 4646425.0, "lowlevel.spectral_spread.stdev": 1145333.625, "lowlevel.spectral_strongpeak.mean": 0.5257003903388977, "lowlevel.spectral_strongpeak.stdev": 0.37500324845314026, "lowlevel.zerocrossingrate.mean": 0.059308893978595734, "lowlevel.zerocrossingrate.stdev": 0.02702830173075199, "metadata.audio_properties.analysis.equal_loudness": 0.0, "metadata.audio_properties.analysis.length": 37.695987701416016, "metadata.audio_properties.analysis.sample_rate": 44100.0, "metadata.audio_properties.analysis.start_time": 0.0, "metadata.audio_properties.bit_rate": 120860.0, "metadata.audio_properties.length": 37.69599914550781, "metadata.audio_properties.lossless": 0.0, "metadata.audio_properties.number_channels": 1.0, "metadata.audio_properties.replay_gain": -7.681795120239258, "metadata.audio_properties.sample_rate": 48000.0, "rhythm.beats_count": 106.0, "rhythm.beats_loudness.mean": 0.05131075531244278, "rhythm.beats_loudness.stdev": 0.020977383479475975, "rhythm.bpm": 172.2655487060547, "rhythm.bpm_histogram_first_peak_bpm": 172.0, "rhythm.bpm_histogram_first_peak_weight": 0.0, "rhythm.bpm_histogram_second_peak_bpm": 167.0, "rhythm.bpm_histogram_second_peak_spread": 0.0, "rhythm.bpm_histogram_second_peak_weight": 0.39047619700431824, "rhythm.danceability": 1.4866536855697632, "rhythm.onset_rate": 4.189958095550537, "tonal.chords_changes_rate": 0.07872078567743301, "tonal.chords_number_rate": 0.011070110835134983, "tonal.chords_strength.mean": 0.5324125289916992, "tonal.chords_strength.stdev": 0.08718298375606537, "tonal.hpcp_crest.mean": 10.986175537109375, "tonal.hpcp_crest.stdev": 4.951604843139648, "tonal.hpcp_entropy.mean": 2.4834187030792236, "tonal.hpcp_entropy.stdev": 0.7303816676139832, "tonal.key_edma.strength": 0.6919144988059998, "tonal.key_krumhansl.strength": 0.6921752095222473, "tonal.key_temperley.strength": 0.6941236853599548, "tonal.tuning_diatonic_strength": 0.6777419447898865, "tonal.tuning_equal_tempered_deviation": 0.14035163819789886, "tonal.tuning_frequency": 441.5275573730469, "tonal.tuning_nontempered_energy_ratio": 0.8572716116905212, "lowlevel.barkbands.mean": [0.00027886166935786605, 0.015230733901262283, 0.010227884165942669, 0.002974101109430194, 0.004216761793941259, 0.0012967557413503528, 0.0006953528500162065, 0.0005988836055621505, 0.0006026763585396111, 0.0006753646302968264, 0.0003934507258236408, 0.0005025320569984615, 0.0006293448386713862, 0.0005188227514736354, 0.0006029388750903308, 0.000795143423601985, 0.0006590178818441927, 0.00037631159648299217, 0.0004608843883033842, 0.0005094726802781224, 0.00051138736307621, 0.0003555689472705126, 0.0003499615704640746, 0.000174747736309655, 7.825199281796813e-05, 2.0952134946128353e-05, 5.08105301832984e-07], "lowlevel.barkbands.stdev": [0.00044190173503011465, 0.016252486035227776, 0.010190133936703205, 0.004086804576218128, 0.010403590276837349, 0.0022323569282889366, 0.0017189031932502985, 0.001457211677916348, 0.0011004854459315538, 0.0017877374775707722, 0.0008481660042889416, 0.0011504333233460784, 0.0013050844427198172, 0.0008867037249729037, 0.001296756905503571, 0.0014619147405028343, 0.0006673989701084793, 0.00036601207102648914, 0.0003852493828162551, 0.0004898518091067672, 0.00048353159218095243, 0.0003728988522198051, 0.0006154363509267569, 0.0003336084773764014, 0.00010481799836270511, 2.9103985070833005e-05, 1.5329802636188106e-06], "lowlevel.erbbands.mean": [0.26531025767326355, 4.004024505615234, 12.968361854553223, 9.594184875488281, 16.751096725463867, 10.167759895324707, 7.103931903839111, 11.919486045837402, 11.336772918701172, 10.56252670288086, 13.36376667022705, 13.408700942993164, 18.676843643188477, 19.61760139465332, 17.349061965942383, 21.878665924072266, 29.420427322387695, 23.234094619750977, 34.24663162231445, 30.252540588378906, 50.104190826416016, 37.529544830322266, 21.110021591186523, 25.42588233947754, 20.07704734802246, 24.572803497314453, 23.288400650024414, 17.696203231811523, 13.47175121307373, 11.397162437438965, 9.164836883544922, 4.737031936645508, 2.465439796447754, 1.1529160737991333, 0.41986677050590515, 0.1363096982240677, 0.02925206907093525, 0.0033564288169145584, 0.0001063054078258574, 5.640668314299546e-05], "lowlevel.erbbands.stdev": [0.36181777715682983, 4.257763862609863, 12.10268497467041, 9.757857322692871, 37.338104248046875, 27.460437774658203, 12.218757629394531, 22.846511840820312, 27.183914184570312, 23.213720321655273, 29.01436424255371, 23.947425842285156, 41.241268157958984, 51.653018951416016, 35.627532958984375, 45.90779495239258, 60.57270431518555, 34.82923889160156, 69.2417221069336, 60.71414566040039, 82.6521987915039, 36.44313430786133, 21.846282958984375, 21.436933517456055, 16.84141731262207, 24.234128952026367, 23.590850830078125, 15.624073028564453, 14.109776496887207, 16.279348373413086, 16.555566787719727, 9.213467597961426, 4.6617326736450195, 1.7192479372024536, 0.5253759026527405, 0.177051842212677, 0.04856492578983307, 0.006800994277000427, 0.00016006283112801611, 3.101914262515493e-05], "lowlevel.gfcc.mean": [31.297100067138672, 80.47636413574219, -115.77613830566406, 73.08206939697266, -49.318756103515625, 26.847293853759766, -31.756975173950195, 11.626131057739258, -20.755033493041992, 1.9949722290039062, -18.75050163269043, -4.791170597076416, -10.688854217529297], "lowlevel.melbands.mean": [0.0032914672046899796, 0.006178221665322781, 0.0019545697141438723, 0.001034650020301342, 0.0002515893429517746, 0.00026311990222893655, 0.00016886708908714354, 0.00012080962915206328, 0.00010661255510058254, 8.430473826592788e-05, 9.53526032390073e-05, 8.243037154898047e-05, 5.5577795137651265e-05, 5.6855904404073954e-05, 6.105590000515804e-05, 6.017606574459933e-05, 4.116994023206644e-05, 5.741660424973816e-05, 4.16194015997462e-05, 4.1918170609278604e-05, 6.294487684499472e-05, 4.176161019131541e-05, 2.2543219529325143e-05, 1.6768224668339826e-05, 2.1500936782103963e-05, 1.5345511201303452e-05, 1.4593905689253006e-05, 1.650264675845392e-05, 1.4806314538873266e-05, 1.2932001482113265e-05, 9.398076144861989e-06, 8.10380242910469e-06, 5.86064561503008e-06, 6.712488811899675e-06, 5.6792227951518726e-06, 3.861777258862276e-06, 2.5661436211521504e-06, 1.8340168708164128e-06, 1.2344729611868388e-06, 8.754591931392497e-07], "lowlevel.melbands.stdev": [0.0037688231095671654, 0.0055972374975681305, 0.0022253510542213917, 0.002632508520036936, 0.0004488247213885188, 0.0004888875409960747, 0.0003896207781508565, 0.0002736369497142732, 0.000228429475100711, 0.00015246322436723858, 0.00021705277322325855, 0.00022961533977650106, 0.00011577487748581916, 0.00013798360305372626, 0.00012126100773457438, 0.0001314066321356222, 6.599088374059647e-05, 0.00011919882672373205, 8.824717224342749e-05, 8.436993084615096e-05, 0.00010086553811561316, 4.221497511025518e-05, 2.6245681510772556e-05, 1.633294414205011e-05, 1.912197876663413e-05, 1.3483715520123951e-05, 1.4598493180528749e-05, 1.7286196452914737e-05, 1.5640011042705737e-05, 1.3504271919373423e-05, 8.655419151182286e-06, 8.876922947820276e-06, 6.884572030685376e-06, 1.0972702511935495e-05, 1.0341400411562063e-05, 7.903688128862996e-06, 5.158166004548548e-06, 3.618769369495567e-06, 2.143378424079856e-06, 1.2504858659667661e-06], "lowlevel.melbands128.mean": [0.00023692184186074883, 0.0015677708433941007, 0.003965972922742367, 0.007665848825126886, 0.007919363677501678, 0.0041238293051719666, 0.001734939869493246, 0.0015450369101017714, 0.0019130496075376868, 0.0011561671271920204, 0.0003961922484450042, 0.00023759585747029632, 0.00023851571313571185, 0.00021480540453922004, 0.00026674059336073697, 0.0003126520023215562, 0.00021230611309874803, 0.00013693883374799043, 0.00012109159433748573, 0.00010620847024256364, 0.00013139357906766236, 0.00013754070096183568, 9.361933189211413e-05, 8.969023474492133e-05, 8.670883107697591e-05, 7.66874072724022e-05, 9.21635000850074e-05, 8.750346751185134e-05, 0.00011112707579741254, 0.00010374905832577497, 6.619469786528498e-05, 5.288477404974401e-05, 5.9559075452852994e-05, 5.19730820087716e-05, 5.384655742091127e-05, 6.090243914513849e-05, 5.713896462111734e-05, 5.398334906203672e-05, 6.889119686093181e-05, 7.480297063011676e-05, 5.838014476466924e-05, 3.9556995034217834e-05, 3.23694221151527e-05, 4.328294380684383e-05, 6.466931517934427e-05, 5.809723006677814e-05, 5.5020955187501386e-05, 3.752033444470726e-05, 3.99137607018929e-05, 3.9120219298638403e-05, 3.37622914230451e-05, 5.249849709798582e-05, 7.380333408946171e-05, 6.059027509763837e-05, 5.27962256455794e-05, 4.15287067880854e-05, 3.4271801268914714e-05, 2.1833071514265612e-05, 2.115164534188807e-05, 1.668066943238955e-05, 1.5405988960992545e-05, 1.681370304140728e-05, 2.198982474510558e-05, 2.45014871325111e-05, 1.804732710297685e-05, 1.55595043906942e-05, 1.3185668649384752e-05, 1.2144361789978575e-05, 1.4237248251447454e-05, 1.9580927983042784e-05, 1.60827021318255e-05, 1.5287154383258894e-05, 1.600843097548932e-05, 1.4680159438285045e-05, 1.3359828699321952e-05, 1.4807675142947119e-05, 1.192041872855043e-05, 9.428034900338389e-06, 9.448680430068634e-06, 8.655812962388154e-06, 9.030180081026629e-06, 7.781918611726724e-06, 6.197786660777638e-06, 5.5844893722678535e-06, 5.419803983386373e-06, 6.536305590998381e-06, 7.213275239337236e-06, 7.085961897246307e-06, 5.48658863408491e-06, 4.923964752379106e-06, 4.402274043968646e-06, 3.6960468605684582e-06, 2.6519110178924166e-06, 2.6277225515514147e-06, 2.4516502890037373e-06, 2.0287311599531677e-06, 1.666354592089192e-06, 1.6484485740875243e-06, 1.1594444231377565e-06, 1.0800081327033695e-06, 1.1115489542135037e-06, 7.889180437814503e-07, 6.836223747086478e-07, 5.859356519977155e-07, 4.361027095001191e-07, 3.5371346029933193e-07, 3.3854098546726163e-07, 3.2663106708241685e-07, 2.069702702556242e-07, 1.6934569657678367e-07, 1.3181856672872527e-07, 1.0737696953810882e-07, 8.679226226604442e-08, 5.793836876932801e-08, 5.049015783242794e-08, 3.1896270513698255e-08, 1.9294750686071893e-08, 3.022303296518203e-09, 1.3734026416134526e-10, 8.26958206773254e-12, 7.160929401534011e-12, 6.6714858464045346e-12, 6.502328623453346e-12, 6.377804100815565e-12, 6.207326319618289e-12, 5.990425169799529e-12, 5.862305866438655e-12, 5.818538359458891e-12], "lowlevel.melbands128.stdev": [0.0004212907515466213, 0.0027077358681708574, 0.005817782133817673, 0.008423934690654278, 0.007540126796811819, 0.004358828067779541, 0.0019996671471744776, 0.0024980325251817703, 0.004514903761446476, 0.0035879688803106546, 0.0011963755823671818, 0.0005301381461322308, 0.0004855177830904722, 0.0004585584974847734, 0.0005928112659603357, 0.0007584985578432679, 0.000642496335785836, 0.00042087447945959866, 0.00034602131927385926, 0.0002860445820260793, 0.0004149479791522026, 0.0003868720668833703, 0.0002845643612090498, 0.00026159652043133974, 0.0002093135699396953, 0.00018609955441206694, 0.00025914827710948884, 0.0002454926143400371, 0.0003416270774323493, 0.00038777137524448335, 0.0002057580859400332, 0.00013240057160146534, 0.00015307791181840003, 0.0001674102823017165, 0.00018641832866705954, 0.00019532127771526575, 0.00015641785284969956, 0.0001424001093255356, 0.00017974850197788328, 0.0002120091230608523, 0.00015508246724493802, 0.00010464547813171521, 6.766672595404088e-05, 8.306078234454617e-05, 0.0001578092633280903, 0.00015205584350042045, 0.00016665883595123887, 8.675158460391685e-05, 0.00012018936104141176, 0.00010839702736120671, 8.133025403367355e-05, 0.00013406357902567834, 0.00016213854542002082, 9.979461901821196e-05, 6.802380812587216e-05, 4.99604684591759e-05, 5.001857425668277e-05, 2.9250850275275297e-05, 2.8599935831152834e-05, 2.5330424250569195e-05, 1.8139024177799e-05, 1.6535721442778595e-05, 2.3431559384334832e-05, 2.5560470021446235e-05, 1.844421240093652e-05, 1.673614497121889e-05, 1.3746972399530932e-05, 1.4603057934436947e-05, 1.705521390249487e-05, 2.388587745372206e-05, 2.1225570890237577e-05, 1.870008600235451e-05, 1.8499385987524875e-05, 1.8615659428178333e-05, 1.6665781004121527e-05, 1.829772736527957e-05, 1.4190034562489018e-05, 9.120011782215443e-06, 1.0140069207409397e-05, 9.985734322981443e-06, 1.1270774848526344e-05, 1.0002429917221889e-05, 7.649727194802836e-06, 7.480862223019358e-06, 7.054991328914184e-06, 1.1026077118003741e-05, 1.4057632142794318e-05, 1.3606041648017708e-05, 1.0303718227078207e-05, 1.0275780368829146e-05, 9.894593858916778e-06, 8.11710469861282e-06, 5.403508566814708e-06, 5.72526232645032e-06, 5.291130491968943e-06, 4.227069894113811e-06, 3.450621079537086e-06, 3.363691121194279e-06, 2.2806086690252414e-06, 1.8062335129798157e-06, 1.7601406625544769e-06, 1.1658820540105808e-06, 1.004948217087076e-06, 8.604055778960173e-07, 6.29799671969522e-07, 4.5969099460307916e-07, 5.20214598509483e-07, 4.772110742123914e-07, 3.059774087432743e-07, 2.6852316636905016e-07, 2.501109861441364e-07, 2.2488313788926462e-07, 1.723575593359783e-07, 1.3484984151546087e-07, 1.1956926471157203e-07, 7.762994869153772e-08, 5.455459728409551e-08, 1.6499136279435334e-08, 3.982077334541145e-09, 3.7119626816739526e-11, 1.2973480796596437e-11, 8.528339492941406e-12, 8.313029951911854e-12, 8.164278281208581e-12, 8.04347474042677e-12, 7.949239357041282e-12, 7.87925540784995e-12, 7.835556856128356e-12], "lowlevel.mfcc.mean": [-602.8267822265625, 91.30780029296875, 5.0700531005859375, 46.83283615112305, 13.206653594970703, 20.96067237854004, 6.037917137145996, 10.498211860656738, 7.189825057983398, 5.320234775543213, 0.6707252860069275, 3.422520637512207, -0.0628475695848465], "lowlevel.spectral_contrast_coeffs.mean": [-0.6817489266395569, -0.7879557013511658, -0.8081743717193604, -0.798318088054657, -0.8105642795562744, -0.7139437198638916], "lowlevel.spectral_contrast_coeffs.stdev": [0.06870526075363159, 0.0735493153333664, 0.054923173040151596, 0.05240771919488907, 0.021348848938941956, 0.039716318249702454], "lowlevel.spectral_contrast_valleys.mean": [-6.343770980834961, -6.809739589691162, -7.245700836181641, -7.1320600509643555, -6.701236248016357, -9.73662281036377], "lowlevel.spectral_contrast_valleys.stdev": [0.525921106338501, 0.5916270017623901, 0.6436694264411926, 0.5513731837272644, 0.4809722304344177, 0.7203583717346191], "rhythm.beats_loudness_band_ratio.mean": [0.6558282375335693, 0.12825287878513336, 0.07654441148042679, 0.07055377215147018, 0.0716906264424324, 0.05985568091273308], "rhythm.beats_loudness_band_ratio.stdev": [0.17526890337467194, 0.1242668628692627, 0.07525815814733505, 0.06879761070013046, 0.056200843304395676, 0.031666502356529236], "tonal.hpcp.mean": [0.2521897852420807, 0.07730620354413986, 0.04545755311846733, 0.03304773569107056, 0.029094988480210304, 0.04143707454204559, 0.05034467950463295, 0.040466513484716415, 0.03418412432074547, 0.03934403136372566, 0.05007464811205864, 0.08945056051015854, 0.13688726723194122, 0.12409268319606781, 0.134553000330925, 0.15367300808429718, 0.0982590839266777, 0.053528957068920135, 0.04470081999897957, 0.042906515300273895, 0.06633297353982925, 0.08904875069856644, 0.0644812285900116, 0.04779302328824997, 0.061117175966501236, 0.09735371917486191, 0.246850848197937, 0.36398085951805115, 0.2502700686454773, 0.11093547195196152, 0.08391987532377243, 0.10074473917484283, 0.12868280708789825, 0.12335972487926483, 0.1371280550956726, 0.2860598862171173], "tonal.hpcp.stdev": [0.35585054755210876, 0.16602018475532532, 0.13045276701450348, 0.10147703438997269, 0.08800562471151352, 0.12471657991409302, 0.1561000645160675, 0.12317780405282974, 0.10825030505657196, 0.11887230724096298, 0.12974992394447327, 0.16507692635059357, 0.2195366472005844, 0.20169971883296967, 0.24867691099643707, 0.29483678936958313, 0.20119109749794006, 0.13967107236385345, 0.1311774104833603, 0.11042074114084244, 0.14407102763652802, 0.19251640141010284, 0.14440318942070007, 0.13096797466278076, 0.15759125351905823, 0.20925764739513397, 0.33319053053855896, 0.42252999544143677, 0.3342183530330658, 0.2266189455986023, 0.18940553069114685, 0.21405591070652008, 0.24624034762382507, 0.23865270614624023, 0.22657734155654907, 0.3814185857772827], "rhythm.beats_position": [0.31346938014030457, 0.638548731803894, 0.9752380847930908, 1.3235373497009277, 1.6718367338180542, 2.0317459106445312, 2.391655206680298, 2.739954710006714, 3.088253974914551, 3.4365532398223877, 3.7964625358581543, 4.14476203918457, 4.493061065673828, 4.852970600128174, 5.201269626617432, 5.561179161071777, 5.921088218688965, 6.269387722015381, 6.617686748504639, 6.965986251831055, 7.314285755157471, 7.674194812774658, 8.034104347229004, 8.382403373718262, 8.73070240020752, 9.079002380371094, 9.438911437988281, 9.798820495605469, 10.147119522094727, 10.4954195022583, 10.843718528747559, 11.203627586364746, 11.56353759765625, 11.911836624145508, 12.260135650634766, 12.608434677124023, 12.968344688415527, 13.328253746032715, 13.676552772521973, 14.024852752685547, 14.373151779174805, 14.721450805664062, 15.06974983215332, 15.429659843444824, 15.789568901062012, 16.137868881225586, 16.486167907714844, 16.84607696533203, 17.20598602294922, 17.554285049438477, 17.902584075927734, 18.250883102416992, 18.610794067382812, 18.970703125, 19.319002151489258, 19.667301177978516, 20.015600204467773, 20.37550926208496, 20.73541831970215, 21.08371925354004, 21.432018280029297, 21.780317306518555, 22.140226364135742, 22.50013542175293, 22.848434448242188, 23.208343505859375, 23.556644439697266, 23.916553497314453, 24.26485252380371, 24.61315155029297, 24.961450576782227, 25.321359634399414, 25.6812686920166, 26.029569625854492, 26.37786865234375, 26.726167678833008, 27.074466705322266, 27.434375762939453, 27.79428482055664, 28.1425838470459, 28.49088478088379, 28.850793838500977, 29.210702896118164, 29.559001922607422, 29.90730094909668, 30.255599975585938, 30.603899002075195, 30.963808059692383, 31.323719024658203, 31.67201805114746, 32.02031707763672, 32.36861801147461, 32.7285270690918, 33.088436126708984, 33.43673324584961, 33.7850341796875, 34.133331298828125, 34.481632232666016, 34.8415412902832, 35.20145034790039, 35.54975128173828, 35.898048400878906, 36.2463493347168, 36.606258392333984, 36.96616744995117, 37.32607650756836], "rhythm.bpm_histogram": [0.0, 0.0, 0.0, 0.0, 0.0, 0.0, 0.0, 0.0, 0.0, 0.0, 0.0, 0.0, 0.0, 0.0, 0.0, 0.0, 0.0, 0.0, 0.0, 0.0, 0.0, 0.0, 0.0, 0.0, 0.0, 0.0, 0.0, 0.0, 0.0, 0.0, 0.0, 0.0, 0.0, 0.0, 0.0, 0.0, 0.0, 0.0, 0.0, 0.0, 0.0, 0.0, 0.0, 0.0, 0.0, 0.0, 0.0, 0.0, 0.0, 0.0, 0.0, 0.0, 0.0, 0.0, 0.0, 0.0, 0.0, 0.0, 0.0, 0.0, 0.0, 0.0, 0.0, 0.0, 0.0, 0.0, 0.0, 0.0, 0.0, 0.0, 0.0, 0.0, 0.0, 0.0, 0.0, 0.0, 0.0, 0.0, 0.0, 0.0, 0.0, 0.0, 0.0, 0.0, 0.0, 0.0, 0.0, 0.0, 0.0, 0.0, 0.0, 0.0, 0.0, 0.0, 0.0, 0.0, 0.0, 0.0, 0.0, 0.0, 0.0, 0.0, 0.0, 0.0, 0.0, 0.0, 0.0, 0.0, 0.0, 0.0, 0.0, 0.0, 0.0, 0.0, 0.0, 0.0, 0.0, 0.0, 0.0, 0.0, 0.0, 0.0, 0.0, 0.0, 0.0, 0.0, 0.0, 0.0, 0.0, 0.0, 0.0, 0.0, 0.0, 0.0, 0.0, 0.0, 0.0, 0.0, 0.0, 0.0, 0.0, 0.0, 0.0, 0.0, 0.0, 0.0, 0.0, 0.0, 0.0, 0.0, 0.0, 0.0, 0.0, 0.0, 0.0, 0.0, 0.0, 0.0, 0.0, 0.0, 0.0, 0.0, 0.0, 0.0, 0.0, 0.0, 0.0, 0.39047619700431824, 0.0, 0.0, 0.0, 0.0, 0.5904762148857117, 0.0, 0.0, 0.0, 0.0, 0.0, 0.009523809887468815, 0.0, 0.0, 0.0, 0.0, 0.0, 0.0, 0.009523809887468815, 0.0, 0.0, 0.0, 0.0, 0.0, 0.0, 0.0, 0.0, 0.0, 0.0, 0.0, 0.0, 0.0, 0.0, 0.0, 0.0, 0.0, 0.0, 0.0, 0.0, 0.0, 0.0, 0.0, 0.0, 0.0, 0.0, 0.0, 0.0, 0.0, 0.0, 0.0, 0.0, 0.0, 0.0, 0.0, 0.0, 0.0, 0.0, 0.0, 0.0, 0.0, 0.0, 0.0, 0.0, 0.0, 0.0, 0.0, 0.0, 0.0, 0.0, 0.0, 0.0, 0.0, 0.0, 0.0, 0.0, 0.0, 0.0, 0.0, 0.0, 0.0, 0.0, 0.0, 0.0], "tonal.chords_histogram": [30.012300491333008, 11.6851167678833, 10.086100578308105, 0.984009861946106, 0.0, 1.7220171689987183, 0.0, 14.883149147033691, 0.0, 19.0651912689209, 0.0, 0.8610085844993591, 0.0, 0.0, 0.0, 0.0, 3.936039447784424, 0.0, 0.492004930973053, 0.0, 0.0, 2.46002459526062, 0.0, 3.8130381107330322], "tonal.thpcp": [1.0, 0.6875913143157959, 0.30478382110595703, 0.23056122660636902, 0.27678582072257996, 0.3535427749156952, 0.33891817927360535, 0.37674522399902344, 0.7859201431274414, 0.6928654909133911, 0.21239085495471954, 0.12488995492458344, 0.09079525619745255, 0.07993549108505249, 0.11384410411119461, 0.1383168250322342, 0.11117758601903915, 0.0939173698425293, 0.10809367895126343, 0.1375749558210373, 0.24575622379779816, 0.37608370184898376, 0.34093189239501953, 0.3696705400943756, 0.4222007989883423, 0.2699567377567291, 0.14706531167030334, 0.12281090766191483, 0.11788123846054077, 0.18224303424358368, 0.24465228617191315, 0.17715555429458618, 0.13130642473697662, 0.16791315376758575, 0.2674693465232849, 0.6781973242759705], "lowlevel.gfcc.cov": [[1758.355712890625, -190.05795288085938, -105.85904693603516, -95.02336883544922, -39.37189865112305, 81.88239288330078, 1.3949774503707886, 43.232398986816406, -40.98649215698242, 69.18006134033203, -72.38653564453125, 46.044681549072266, -65.39157104492188], [-190.05795288085938, 741.6371459960938, -213.08279418945312, -115.3185806274414, -10.145232200622559, -216.7875213623047, 87.73176574707031, -97.60355377197266, 0.793762743473053, -77.4380111694336, 74.57073211669922, -60.42735290527344, 103.5286636352539], [-105.85904693603516, -213.08279418945312, 494.9721984863281, 119.86163330078125, -20.04633140563965, -8.84058952331543, -110.63138580322266, 11.389653205871582, 1.704518437385559, 36.59174728393555, 9.483797073364258, 41.333431243896484, -66.55986785888672], [-95.02336883544922, -115.3185806274414, 119.86163330078125, 286.509765625, 18.199668884277344, 38.47919464111328, -63.011756896972656, -33.00053787231445, 56.34302520751953, -30.726482391357422, 20.32656478881836, -36.32243728637695, 30.685184478759766], [-39.37189865112305, -10.145232200622559, -20.04633140563965, 18.199668884277344, 298.67529296875, 29.887178421020508, 32.94316101074219, 46.37393569946289, 54.0495719909668, 90.50791931152344, -3.297964334487915, 20.359045028686523, 17.963560104370117], [81.88239288330078, -216.7875213623047, -8.84058952331543, 38.47919464111328, 29.887178421020508, 237.3817138671875, 75.20427703857422, 53.10435104370117, -14.820332527160645, -18.70364761352539, 4.599922180175781, 11.937538146972656, -8.015085220336914], [1.3949774503707886, 87.73176574707031, -110.63138580322266, -63.011756896972656, 32.94316101074219, 75.20427703857422, 236.89639282226562, 88.03297424316406, -17.84242820739746, -37.08502197265625, 12.438191413879395, 13.685023307800293, 10.58674430847168], [43.232398986816406, -97.60355377197266, 11.389653205871582, -33.00053787231445, 46.37393569946289, 53.10435104370117, 88.03297424316406, 148.2881317138672, 43.73712158203125, 31.123882293701172, -20.20600700378418, 21.210865020751953, -6.774055004119873], [-40.98649215698242, 0.793762743473053, 1.704518437385559, 56.34302520751953, 54.0495719909668, -14.820332527160645, -17.84242820739746, 43.73712158203125, 131.9155731201172, 55.68334197998047, -3.2574949264526367, -27.09408187866211, 17.752227783203125], [69.18006134033203, -77.4380111694336, 36.59174728393555, -30.726482391357422, 90.50791931152344, -18.70364761352539, -37.08502197265625, 31.123882293701172, 55.68334197998047, 146.6868438720703, 20.10247230529785, 28.465103149414062, -31.007783889770508], [-72.38653564453125, 74.57073211669922, 9.483797073364258, 20.32656478881836, -3.297964334487915, 4.599922180175781, 12.438191413879395, -20.20600700378418, -3.2574949264526367, 20.10247230529785, 96.1499252319336, 23.71183967590332, 8.048871994018555], [46.044681549072266, -60.42735290527344, 41.333431243896484, -36.32243728637695, 20.359045028686523, 11.937538146972656, 13.685023307800293, 21.210865020751953, -27.09408187866211, 28.465103149414062, 23.71183967590332, 83.41038513183594, 1.1738245487213135], [-65.39157104492188, 103.5286636352539, -66.55986785888672, 30.685184478759766, 17.963560104370117, -8.015085220336914, 10.58674430847168, -6.774055004119873, 17.752227783203125, -31.007783889770508, 8.048871994018555, 1.1738245487213135, 92.851806640625]], "lowlevel.gfcc.icov": [[0.0007360531599260867, -0.0005892700282856822, 0.00042652871343307197, -0.000648753484711051, 0.0005432087928056717, -0.0007655812660232186, 0.0003653760941233486, -0.00039794770418666303, 0.0005531118367798626, -0.001168341375887394, 0.00151225202716887, -0.0011722283670678735, 0.0008414938347414136], [-0.0005892700282856822, 0.009028923697769642, -0.0011471911566331983, 0.006677250377833843, -0.002930843271315098, 0.007872749119997025, -0.005080506205558777, 0.005409660283476114, -0.003601251868531108, 0.0065446216613054276, -0.010520393028855324, 0.009083821438252926, -0.007619407959282398], [0.00042652871343307197, -0.0011471911566331983, 0.003888804465532303, -0.0030941800214350224, 0.0007190833566710353, -0.0004934818716719747, 0.0023276477586477995, -0.0025003787595778704, 0.0012005097232758999, -0.0008188064093701541, 0.001558056566864252, -0.0040242369286715984, 0.004173013847321272], [-0.000648753484711051, 0.006677250377833843, -0.0030941800214350224, 0.01198273804038763, -0.003471134463325143, 0.003934634383767843, -0.002448741579428315, 0.005738488398492336, -0.006642912048846483, 0.008495926856994629, -0.010311637073755264, 0.009153068996965885, -0.007485517766326666], [0.0005432087928056717, -0.002930843271315098, 0.0007190833566710353, -0.003471134463325143, 0.006328051909804344, -0.003156394464895129, -5.4730298870708793e-05, -0.0012783887796103954, 0.001513960654847324, -0.0073023270815610886, 0.005910227540880442, -0.0037536940071731806, 0.0005363262025639415], [-0.0007655812660232186, 0.007872749119997025, -0.0004934818716719747, 0.003934634383767843, -0.003156394464895129, 0.012617798522114754, -0.005316892638802528, 0.0023758835159242153, -0.0015137983718886971, 0.00653058709576726, -0.009805228561162949, 0.00745792593806982, -0.005265853367745876], [0.0003653760941233486, -0.005080506205558777, 0.0023276477586477995, -0.002448741579428315, -5.4730298870708793e-05, -0.005316892638802528, 0.01206700038164854, -0.009376579895615578, 0.0031394632533192635, 0.001131755649112165, 0.0018334586638957262, -0.004889272153377533, 0.005572118796408176], [-0.00039794770418666303, 0.005409660283476114, -0.0025003787595778704, 0.005738488398492336, -0.0012783887796103954, 0.0023758835159242153, -0.009376579895615578, 0.01876862160861492, -0.009317759424448013, 0.0020967440214008093, -0.001146806520409882, 0.0012620987836271524, -0.0045448653399944305], [0.0005531118367798626, -0.003601251868531108, 0.0012005097232758999, -0.006642912048846483, 0.001513960654847324, -0.0015137983718886971, 0.0031394632533192635, -0.009317759424448013, 0.01938512735068798, -0.011413305066525936, 0.004410196095705032, 0.004265126772224903, -0.001954434672370553], [-0.001168341375887394, 0.0065446216613054276, -0.0008188064093701541, 0.008495926856994629, -0.0073023270815610886, 0.00653058709576726, 0.001131755649112165, 0.0020967440214008093, -0.011413305066525936, 0.024354716762900352, -0.013965488411486149, 0.0015438210684806108, 0.0019921872299164534], [0.00151225202716887, -0.010520393028855324, 0.001558056566864252, -0.010311637073755264, 0.005910227540880442, -0.009805228561162949, 0.0018334586638957262, -0.001146806520409882, 0.004410196095705032, -0.013965488411486149, 0.028250282630324364, -0.015702228993177414, 0.007279891055077314], [-0.0011722283670678735, 0.009083821438252926, -0.0040242369286715984, 0.009153068996965885, -0.0037536940071731806, 0.00745792593806982, -0.004889272153377533, 0.0012620987836271524, 0.004265126772224903, 0.0015438210684806108, -0.015702228993177414, 0.031048867851495743, -0.014175224117934704], [0.0008414938347414136, -0.007619407959282398, 0.004173013847321272, -0.007485517766326666, 0.0005363262025639415, -0.005265853367745876, 0.005572118796408176, -0.0045448653399944305, -0.001954434672370553, 0.0019921872299164534, 0.007279891055077314, -0.014175224117934704, 0.024385076016187668]], "lowlevel.mfcc.cov": [[1546.04150390625, -159.56365966796875, -167.89437866210938, -149.3682403564453, -115.92848205566406, 24.07054328918457, 1.4216361045837402, -0.029374446719884872, 30.19424057006836, -4.796809196472168, 20.991788864135742, 8.129658699035645, -42.05118179321289], [-159.56365966796875, 733.6827392578125, -249.87155151367188, 29.561504364013672, -140.94808959960938, -104.20305633544922, 14.932167053222656, -69.634033203125, -8.890022277832031, -61.29962158203125, -7.234344959259033, -5.5911455154418945, 26.21687889099121], [-167.89437866210938, -249.87155151367188, 514.9649047851562, 58.09543228149414, 45.32392120361328, -13.527266502380371, -59.522071838378906, 6.672421455383301, -94.84680938720703, -12.592899322509766, -15.887944221496582, -7.360439300537109, 0.045760251581668854], [-149.3682403564453, 29.561504364013672, 58.09543228149414, 219.17030334472656, 85.73108673095703, -5.536900520324707, -57.491371154785156, -45.459415435791016, -0.28810909390449524, 22.76664161682129, -10.904706954956055, -8.057841300964355, 20.589317321777344], [-115.92848205566406, -140.94808959960938, 45.32392120361328, 85.73108673095703, 256.39801025390625, 64.96338653564453, -54.25843811035156, -56.368064880371094, 15.738485336303711, 64.57158660888672, 3.5704848766326904, 4.257057189941406, 26.630386352539062], [24.07054328918457, -104.20305633544922, -13.527266502380371, -5.536900520324707, 64.96338653564453, 125.73711395263672, 44.98418426513672, 15.18578052520752, -2.7086830139160156, 8.027892112731934, 6.404596328735352, 6.380258560180664, -2.9707560539245605], [1.4216361045837402, 14.932167053222656, -59.522071838378906, -57.491371154785156, -54.25843811035156, 44.98418426513672, 182.65866088867188, 105.62911987304688, 14.107573509216309, -28.768047332763672, 21.717321395874023, 26.181535720825195, -9.836600303649902], [-0.029374446719884872, -69.634033203125, 6.672421455383301, -45.459415435791016, -56.368064880371094, 15.18578052520752, 105.62911987304688, 158.4842071533203, 55.65436935424805, -1.4383151531219482, 1.1214118003845215, 5.221138954162598, -15.961116790771484], [30.19424057006836, -8.890022277832031, -94.84680938720703, -0.28810909390449524, 15.738485336303711, -2.7086830139160156, 14.107573509216309, 55.65436935424805, 133.35467529296875, 68.49237060546875, 6.176730632781982, -10.67197322845459, 1.1663097143173218], [-4.796809196472168, -61.29962158203125, -12.592899322509766, 22.76664161682129, 64.57158660888672, 8.027892112731934, -28.768047332763672, -1.4383151531219482, 68.49237060546875, 110.76242065429688, 36.80478286743164, -0.12008300423622131, 1.5255208015441895], [20.991788864135742, -7.234344959259033, -15.887944221496582, -10.904706954956055, 3.5704848766326904, 6.404596328735352, 21.717321395874023, 1.1214118003845215, 6.176730632781982, 36.80478286743164, 95.10293579101562, 49.61907196044922, 2.023592710494995], [8.129658699035645, -5.5911455154418945, -7.360439300537109, -8.057841300964355, 4.257057189941406, 6.380258560180664, 26.181535720825195, 5.221138954162598, -10.67197322845459, -0.12008300423622131, 49.61907196044922, 79.35616302490234, 25.72393035888672], [-42.05118179321289, 26.21687889099121, 0.045760251581668854, 20.589317321777344, 26.630386352539062, -2.9707560539245605, -9.836600303649902, -15.961116790771484, 1.1663097143173218, 1.5255208015441895, 2.023592710494995, 25.72393035888672, 62.17245864868164]], "lowlevel.mfcc.icov": [[0.0008153964881785214, 0.00040522601921111345, 0.00032653968082740903, 0.00027514167595654726, 0.0005935790250077844, -0.00021538771397899836, 0.0002108146873069927, 0.0004936426994390786, -0.000350951828295365, 0.0002145421167369932, -9.187621617456898e-05, -0.0001894550077849999, 0.00026751181576400995], [0.00040522601921111345, 0.002771753817796707, 0.001318969763815403, -0.0008283553179353476, 0.0014052903279662132, 0.0016650439938530326, -0.0011665252968668938, 0.0019662193953990936, -0.00017722668417263776, 0.0009373680804856122, -0.00046918538282625377, 0.0008980160928331316, -0.0011994780506938696], [0.00032653968082740903, 0.001318969763815403, 0.0037432624958455563, -0.0008568696794100106, -5.436877836473286e-05, 0.0013562056701630354, 0.0012447795597836375, -0.0023599581327289343, 0.0041134292259812355, -0.0009199792984873056, -0.00012112473632441834, 0.0008357720798812807, -0.0007715875399298966], [0.00027514167595654726, -0.0008283553179353476, -0.0008568696794100106, 0.006217839661985636, -0.0018317317590117455, -1.6535179383936338e-05, 0.000921676168218255, 0.00034767179749906063, -0.0006164663936942816, -0.00026051222812384367, 0.0004212714557070285, 6.15966273471713e-05, -0.000525466282851994], [0.0005935790250077844, 0.0014052903279662132, -5.436877836473286e-05, -0.0018317317590117455, 0.008359991945326328, -0.0037151845172047615, 8.076740778051317e-05, 0.0035937761422246695, -0.0012027821503579617, -0.0030881192069500685, 0.0014877028297632933, -0.0010372466640546918, -0.0019283657893538475], [-0.00021538771397899836, 0.0016650439938530326, 0.0013562056701630354, -1.6535179383936338e-05, -0.0037151845172047615, 0.013098429888486862, -0.004629105795174837, 0.0002506536548025906, 0.0025874103885143995, -0.0005838203942403197, 0.00020797053002752364, 0.0010647629387676716, 0.00022431289835367352], [0.0002108146873069927, -0.0011665252968668938, 0.0012447795597836375, 0.000921676168218255, 8.076740778051317e-05, -0.004629105795174837, 0.013909430243074894, -0.00949999038130045, 0.001544288475997746, 0.0031849374063313007, -0.003171745454892516, -0.0014323795912787318, 0.0004231327911838889], [0.0004936426994390786, 0.0019662193953990936, -0.0023599581327289343, 0.00034767179749906063, 0.0035937761422246695, 0.0002506536548025906, -0.00949999038130045, 0.018806632608175278, -0.010187623091042042, 0.00191934232134372, 0.0023576936218887568, -0.0019174147164449096, 0.002049691742286086], [-0.000350951828295365, -0.00017722668417263776, 0.0041134292259812355, -0.0006164663936942816, -0.0012027821503579617, 0.0025874103885143995, 0.001544288475997746, -0.010187623091042042, 0.02148127183318138, -0.012857267633080482, 0.0026489044539630413, 0.0025155236944556236, -0.0029082754626870155], [0.0002145421167369932, 0.0009373680804856122, -0.0009199792984873056, -0.00026051222812384367, -0.0030881192069500685, -0.0005838203942403197, 0.0031849374063313007, 0.00191934232134372, -0.012857267633080482, 0.0239541158080101, -0.011447575874626637, 0.00431294459849596, 0.00036981599987484515], [-9.187621617456898e-05, -0.00046918538282625377, -0.00012112473632441834, 0.0004212714557070285, 0.0014877028297632933, 0.00020797053002752364, -0.003171745454892516, 0.0023576936218887568, 0.0026489044539630413, -0.011447575874626637, 0.02312115579843521, -0.014985204674303532, 0.005151243880391121], [-0.0001894550077849999, 0.0008980160928331316, 0.0008357720798812807, 6.15966273471713e-05, -0.001037246664