{"song_id": "1182276563530698763", "download": "https://cdn.discordapp.com/attachments/1128313332273782784/1182276563530698763/chirp.mp4?ex=65841bda&amp", "lyrics": "Lucie est rentr\u00e9e du coll\u00e8ge\nAm\u00e9lie est rentr\u00e9e du coll\u00e8ge\nElle a deux heures pour manger, tranquille.\nAlors elles ont les tablettes.\nC'est cool. Elles adorent.\nGenshin impact et Roblox, la vie est belle.", "style": ["afrobeat"], "essentia_features": {"lowlevel.average_loudness": 0.8865810632705688, "lowlevel.barkbands_crest.mean": 12.60803508758545, "lowlevel.barkbands_crest.stdev": 6.4633917808532715, "lowlevel.barkbands_flatness_db.mean": 0.1993638128042221, "lowlevel.barkbands_flatness_db.stdev": 0.12498760223388672, "lowlevel.barkbands_kurtosis.mean": 26.86498260498047, "lowlevel.barkbands_kurtosis.stdev": 72.08493041992188, "lowlevel.barkbands_skewness.mean": 2.306248664855957, "lowlevel.barkbands_skewness.stdev": 3.6508610248565674, "lowlevel.barkbands_spread.mean": 21.314708709716797, "lowlevel.barkbands_spread.stdev": 21.474048614501953, "lowlevel.dissonance.mean": 0.46276527643203735, "lowlevel.dissonance.stdev": 0.045086827129125595, "lowlevel.dynamic_complexity": 5.954111099243164, "lowlevel.erbbands_crest.mean": 9.914724349975586, "lowlevel.erbbands_crest.stdev": 5.138345241546631, "lowlevel.erbbands_flatness_db.mean": 0.1849813610315323, "lowlevel.erbbands_flatness_db.stdev": 0.0704314261674881, "lowlevel.erbbands_kurtosis.mean": 2.9834015369415283, "lowlevel.erbbands_kurtosis.stdev": 9.772942543029785, "lowlevel.erbbands_skewness.mean": 0.514057993888855, "lowlevel.erbbands_skewness.stdev": 1.4462155103683472, "lowlevel.erbbands_spread.mean": 39.52824020385742, "lowlevel.erbbands_spread.stdev": 26.115861892700195, "lowlevel.hfc.mean": 10.988035202026367, "lowlevel.hfc.stdev": 15.965007781982422, "lowlevel.loudness_ebu128.integrated": -15.837703704833984, "lowlevel.loudness_ebu128.loudness_range": 11.357221603393555, "lowlevel.loudness_ebu128.momentary.mean": -18.909725189208984, "lowlevel.loudness_ebu128.momentary.stdev": 5.715693950653076, "lowlevel.loudness_ebu128.short_term.mean": -17.89163589477539, "lowlevel.loudness_ebu128.short_term.stdev": 4.379207134246826, "lowlevel.melbands_crest.mean": 16.422521591186523, "lowlevel.melbands_crest.stdev": 7.74324369430542, "lowlevel.melbands_flatness_db.mean": 0.23517033457756042, "lowlevel.melbands_flatness_db.stdev": 0.16919133067131042, "lowlevel.melbands_kurtosis.mean": 48.02513122558594, "lowlevel.melbands_kurtosis.stdev": 106.87610626220703, "lowlevel.melbands_skewness.mean": 3.5478954315185547, "lowlevel.melbands_skewness.stdev": 4.00038480758667, "lowlevel.melbands_spread.mean": 34.294559478759766, "lowlevel.melbands_spread.stdev": 41.88536071777344, "lowlevel.pitch_salience.mean": 0.5232444405555725, "lowlevel.pitch_salience.stdev": 0.20764677226543427, "lowlevel.silence_rate_20dB.mean": 1.0, "lowlevel.silence_rate_20dB.stdev": 0.0, "lowlevel.silence_rate_30dB.mean": 0.9026104211807251, "lowlevel.silence_rate_30dB.stdev": 0.29648658633232117, "lowlevel.silence_rate_60dB.mean": 0.3534136414527893, "lowlevel.silence_rate_60dB.stdev": 0.47803354263305664, "lowlevel.spectral_centroid.mean": 1733.759033203125, "lowlevel.spectral_centroid.stdev": 1292.544677734375, "lowlevel.spectral_complexity.mean": 7.6465864181518555, "lowlevel.spectral_complexity.stdev": 8.91895580291748, "lowlevel.spectral_decrease.mean": -8.481523927628132e-09, "lowlevel.spectral_decrease.stdev": 1.568523622097473e-08, "lowlevel.spectral_energy.mean": 0.0330079011619091, "lowlevel.spectral_energy.stdev": 0.05991692095994949, "lowlevel.spectral_energyband_high.mean": 0.0004991754540242255, "lowlevel.spectral_energyband_high.stdev": 0.0014789755223318934, "lowlevel.spectral_energyband_low.mean": 0.025480249896645546, "lowlevel.spectral_energyband_low.stdev": 0.05401891469955444, "lowlevel.spectral_energyband_middle_high.mean": 0.0017568162875249982, "lowlevel.spectral_energyband_middle_high.stdev": 0.0027966599445790052, "lowlevel.spectral_energyband_middle_low.mean": 0.006585901603102684, "lowlevel.spectral_energyband_middle_low.stdev": 0.016868848353624344, "lowlevel.spectral_entropy.mean": 7.606597900390625, "lowlevel.spectral_entropy.stdev": 0.9232594966888428, "lowlevel.spectral_flux.mean": 0.09052933007478714, "lowlevel.spectral_flux.stdev": 0.10382676869630814, "lowlevel.spectral_kurtosis.mean": 7.501852989196777, "lowlevel.spectral_kurtosis.stdev": 20.71571922302246, "lowlevel.spectral_rms.mean": 0.00403892295435071, "lowlevel.spectral_rms.stdev": 0.003986211493611336, "lowlevel.spectral_rolloff.mean": 3246.402587890625, "lowlevel.spectral_rolloff.stdev": 3875.37646484375, "lowlevel.spectral_skewness.mean": 1.7196118831634521, "lowlevel.spectral_skewness.stdev": 1.484384298324585, "lowlevel.spectral_spread.mean": 5570156.5, "lowlevel.spectral_spread.stdev": 2795131.0, "lowlevel.spectral_strongpeak.mean": 0.5930511951446533, "lowlevel.spectral_strongpeak.stdev": 0.7809644937515259, "lowlevel.zerocrossingrate.mean": 0.1122630164027214, "lowlevel.zerocrossingrate.stdev": 0.11566200107336044, "metadata.audio_properties.analysis.equal_loudness": 0.0, "metadata.audio_properties.analysis.length": 23.082653045654297, "metadata.audio_properties.analysis.sample_rate": 44100.0, "metadata.audio_properties.analysis.start_time": 0.0, "metadata.audio_properties.bit_rate": 127867.0, "metadata.audio_properties.length": 23.082666397094727, "metadata.audio_properties.lossless": 0.0, "metadata.audio_properties.number_channels": 1.0, "metadata.audio_properties.replay_gain": -11.158578872680664, "metadata.audio_properties.sample_rate": 48000.0, "rhythm.beats_count": 45.0, "rhythm.beats_loudness.mean": 0.08776821941137314, "rhythm.beats_loudness.stdev": 0.07875281572341919, "rhythm.bpm": 119.95240020751953, "rhythm.bpm_histogram_first_peak_bpm": 120.0, "rhythm.bpm_histogram_first_peak_weight": 0.41860467195510864, "rhythm.bpm_histogram_second_peak_bpm": 110.0, "rhythm.bpm_histogram_second_peak_spread": 0.0, "rhythm.bpm_histogram_second_peak_weight": 0.022727273404598236, "rhythm.danceability": 1.2676503658294678, "rhythm.onset_rate": 5.67004919052124, "tonal.chords_changes_rate": 0.11422845721244812, "tonal.chords_number_rate": 0.02404809556901455, "tonal.chords_strength.mean": 0.5445839762687683, "tonal.chords_strength.stdev": 0.08760565519332886, "tonal.hpcp_crest.mean": 11.694579124450684, "tonal.hpcp_crest.stdev": 6.395171165466309, "tonal.hpcp_entropy.mean": 2.314922571182251, "tonal.hpcp_entropy.stdev": 0.9097198843955994, "tonal.key_edma.strength": 0.3621424436569214, "tonal.key_krumhansl.strength": 0.37726446986198425, "tonal.key_temperley.strength": 0.40059366822242737, "tonal.tuning_diatonic_strength": 0.43850013613700867, "tonal.tuning_equal_tempered_deviation": 0.18999221920967102, "tonal.tuning_frequency": 434.193115234375, "tonal.tuning_nontempered_energy_ratio": 0.8808925747871399, "lowlevel.barkbands.mean": [0.0006054547848179936, 0.01802533119916916, 0.005555879790335894, 0.0021985042840242386, 0.0014535938389599323, 0.0005122337606735528, 0.001357277506031096, 0.0005974227678962052, 0.00042895428487099707, 0.00017142985598184168, 0.00012900798174086958, 0.00023590332421008497, 0.00021999944874551147, 0.0002066470478894189, 0.0001773181720636785, 0.00014701951295137405, 0.0001859175245044753, 0.00011056401126552373, 0.0001246723986696452, 0.00010688577458495274, 6.275476334849373e-05, 6.551809929078445e-05, 0.00011172871745657176, 0.00012868308112956583, 5.6863795180106536e-05, 3.164912050124258e-05, 6.759243547094229e-07], "lowlevel.barkbands.stdev": [0.0012870992068201303, 0.04043567180633545, 0.018824610859155655, 0.010615874081850052, 0.004787789657711983, 0.0017315505538135767, 0.0039519877173006535, 0.002407065127044916, 0.0013794878032058477, 0.0005511604831553996, 0.00038967630825936794, 0.0006855493993498385, 0.0007690707570873201, 0.0005652264808304608, 0.000387780339224264, 0.00037211659946478903, 0.0003930148668587208, 0.0002460144751239568, 0.0003351416962686926, 0.00025672928313724697, 0.00014230326632969081, 0.00019413499103393406, 0.0004847136151511222, 0.0006145527004264295, 0.00023426924599334598, 0.00011117434041807428, 2.085352662106743e-06], "lowlevel.erbbands.mean": [0.5412000417709351, 3.8662383556365967, 6.989582538604736, 7.3471503257751465, 6.321385860443115, 4.395879745483398, 2.4253954887390137, 5.402281284332275, 18.69379425048828, 13.540441513061523, 16.18100357055664, 10.29580020904541, 5.089000225067139, 5.607165813446045, 6.514252185821533, 9.500171661376953, 9.999929428100586, 11.25578498840332, 10.008038520812988, 8.646211624145508, 8.430732727050781, 10.677518844604492, 6.730279922485352, 4.812435626983643, 7.476104259490967, 4.821245193481445, 3.1179070472717285, 2.167776584625244, 2.3734591007232666, 2.5472705364227295, 3.3047163486480713, 3.174901008605957, 1.8281753063201904, 0.7392871975898743, 0.36065563559532166, 0.1621326506137848, 0.055267564952373505, 0.006374978926032782, 0.00015429449558723718, 4.299382271710783e-05], "lowlevel.erbbands.stdev": [1.1979166269302368, 9.119519233703613, 19.70819854736328, 32.505836486816406, 26.316036224365234, 13.538330078125, 7.81570291519165, 17.74832534790039, 53.66318130493164, 48.71756362915039, 64.27165222167969, 34.47553634643555, 13.507586479187012, 15.314541816711426, 17.94692039489746, 28.715858459472656, 32.40401840209961, 32.40884780883789, 21.34322738647461, 21.229049682617188, 19.080734252929688, 22.035160064697266, 13.9725980758667, 10.386042594909668, 20.605304718017578, 10.56749153137207, 7.293078422546387, 5.0503950119018555, 6.929095268249512, 8.288150787353516, 15.139461517333984, 17.720705032348633, 7.670193195343018, 2.8119056224823, 1.6135343313217163, 0.6542368531227112, 0.18652009963989258, 0.01791035570204258, 0.0003751447075046599, 6.762737029930577e-05], "lowlevel.gfcc.mean": [-151.20362854003906, 37.49165725708008, -116.10234069824219, 28.17081642150879, -57.08662796020508, 18.032373428344727, -45.25173568725586, 7.541364669799805, -23.108383178710938, 2.044313907623291, -10.624295234680176, 0.7407310009002686, -13.859261512756348], "lowlevel.melbands.mean": [0.004912348929792643, 0.004126104060560465, 0.001246263855136931, 0.00036702267243526876, 0.00010375044803367928, 0.00012871659419033676, 0.0002856582577805966, 0.0001333601539954543, 0.00013181503163650632, 5.699693792848848e-05, 2.4576065698056482e-05, 2.309707815584261e-05, 1.9805032934527844e-05, 2.504182339180261e-05, 2.3157099349191412e-05, 2.2782684027333744e-05, 2.0397947082528844e-05, 1.630613587622065e-05, 1.2425534805515781e-05, 1.067485754902009e-05, 9.573851457389537e-06, 1.138263087341329e-05, 8.677316145622171e-06, 4.406404059409397e-06, 3.6101796467846725e-06, 5.219593731453642e-06, 5.1925685511378106e-06, 2.7120308914163616e-06, 2.0211589344398817e-06, 1.5446339602931403e-06, 1.1552792784641497e-06, 1.369273036289087e-06, 1.2405807865434326e-06, 1.492593241891882e-06, 1.798495759430807e-06, 2.094479214065359e-06, 1.9123890524497256e-06, 1.4017983858138905e-06, 8.072590276242408e-07, 5.541668315345305e-07], "lowlevel.melbands.stdev": [0.010958189144730568, 0.00999973714351654, 0.005379488226026297, 0.00127459189388901, 0.0003341536212246865, 0.00042202259646728635, 0.0007969386060722172, 0.0004619089013431221, 0.0005054741050116718, 0.00019840920867864043, 6.915695848874748e-05, 6.857894186396152e-05, 5.7191246014554054e-05, 7.350182568188757e-05, 7.655302761122584e-05, 8.175505354302004e-05, 6.1021492001600564e-05, 3.7094981962582096e-05, 2.8687123631243594e-05, 2.9440840080496855e-05, 2.176867565140128e-05, 2.5133724193437956e-05, 1.8117776562576182e-05, 1.0076032594952267e-05, 8.122960025502834e-06, 1.4331701095215976e-05, 1.39038284032722e-05, 6.367886271618772e-06, 4.971536782250041e-06, 3.767831458389992e-06, 2.732553184614517e-06, 4.078033271071035e-06, 3.930716957256664e-06, 5.161430181033211e-06, 7.709435521974228e-06, 1.1387598533474375e-05, 1.1165469913976267e-05, 5.789584520243807e-06, 3.451332077020197e-06, 2.019828343691188e-06], "lowlevel.melbands128.mean": [0.0005802403902634978, 0.004143463913351297, 0.006796416826546192, 0.006334531120955944, 0.004154052585363388, 0.002523639239370823, 0.0015403737779706717, 0.0009723484399728477, 0.0006254974287003279, 0.0003176546888425946, 0.00023609615163877606, 0.00014232318790163845, 7.150012243073434e-05, 4.657257522922009e-05, 7.690550410188735e-05, 0.00018206008826382458, 0.0003091511025559157, 0.00032401143107563257, 0.0002464412827976048, 0.00013393948029261082, 6.953225965844467e-05, 0.00013193799532018602, 0.00016649991448502988, 0.00010152997856494039, 6.616140308324248e-05, 4.0290560718858615e-05, 2.4944472897914238e-05, 1.978088403120637e-05, 2.614901131892111e-05, 3.03732231259346e-05, 1.7626600310904905e-05, 1.8225458916276693e-05, 2.0496807337622158e-05, 1.875122143246699e-05, 2.6156565581914037e-05, 2.5441768229939044e-05, 2.6276551579940133e-05, 2.479705653968267e-05, 1.9749928469536826e-05, 2.054586002486758e-05, 2.502382267266512e-05, 2.363476414757315e-05, 2.11823371500941e-05, 1.857422830653377e-05, 1.6506588508491404e-05, 1.6361966117983684e-05, 1.56837504619034e-05, 1.1914305105165113e-05, 1.0864744581340346e-05, 1.2845251148974057e-05, 9.522725122224074e-06, 1.0389755516371224e-05, 9.601234523870517e-06, 8.707162123755552e-06, 1.0420239050290547e-05, 1.2829179468099028e-05, 1.1086723134212662e-05, 1.0042605936178006e-05, 8.227095349866431e-06, 5.008067546441453e-06, 4.130055003770394e-06, 3.975930667365901e-06, 3.4790568861353677e-06, 3.4310476166865556e-06, 3.89387196264579e-06, 5.005122602597112e-06, 6.420082172553521e-06, 5.807868546980899e-06, 5.248233264865121e-06, 3.944866875826847e-06, 2.342900870644371e-06, 2.347969711991027e-06, 2.2556503154191887e-06, 1.8606920093588997e-06, 1.91159097084892e-06, 1.690554086053453e-06, 1.3597017414213042e-06, 1.0993195473929518e-06, 1.1335113185850787e-06, 1.116100293074851e-06, 1.503351995779667e-06, 1.4122950915407273e-06, 1.2504497135523707e-06, 1.1810532214440173e-06, 1.2542209333332721e-06, 1.3862540981790517e-06, 1.6364011798941647e-06, 1.6267736100417096e-06, 1.6221547411987558e-06, 2.1222645045781974e-06, 2.1122546058904845e-06, 2.1425646536954446e-06, 1.950684918483603e-06, 2.099057610394084e-06, 1.7483451983935083e-06, 1.4462542594628758e-06, 1.426755147804215e-06, 1.2155376225564396e-06, 7.126803325263609e-07, 6.826110734436952e-07, 6.232903615455143e-07, 5.176130457584804e-07, 4.936859454574005e-07, 5.074372211311129e-07, 3.8910150124138454e-07, 3.379143436177401e-07, 3.358533149366849e-07, 2.815389166244131e-07, 2.8712506150441186e-07, 2.6124001806238084e-07, 2.3713168673111795e-07, 1.9553580443698593e-07, 1.8794381162479112e-07, 1.369327122802133e-07, 1.0094057500964482e-07, 6.858261514253172e-08, 2.5860087404794285e-08, 4.7682502390955506e-09, 3.305432316746959e-10, 5.1052717608968123e-11, 3.759066322106541e-11, 1.1437252186996538e-11, 4.470018105662277e-12, 4.380372800594223e-12, 4.2824537319074985e-12, 4.16526231908354e-12, 4.094427488027241e-12, 4.066695331178538e-12], "lowlevel.melbands128.stdev": [0.001238368102349341, 0.009067384526133537, 0.016774315387010574, 0.01566397212445736, 0.010909165255725384, 0.009295486845076084, 0.007167191710323095, 0.004659437108784914, 0.0026075534988194704, 0.0010467151878401637, 0.000753840315155685, 0.0005483054555952549, 0.00027304430841468275, 0.00015622167848050594, 0.0003004868922289461, 0.000784200441557914, 0.0011446357239037752, 0.0010733735980466008, 0.0010400911560282111, 0.000725132820662111, 0.0003111894184257835, 0.000711197906639427, 0.0007832889095880091, 0.00040234840707853436, 0.0003320822725072503, 0.0001942824019351974, 8.199061994673684e-05, 8.282255294034258e-05, 0.00011509496835060418, 0.00013429181126412004, 4.708343476522714e-05, 6.385664892150089e-05, 7.90659396443516e-05, 6.742461118847132e-05, 8.61336593516171e-05, 9.532897092867643e-05, 9.615511953597888e-05, 9.41652397159487e-05, 7.598933734698221e-05, 8.447284926660359e-05, 0.00012928456999361515, 0.00010424156062072143, 9.453821257920936e-05, 6.738694355590269e-05, 5.0938266213051975e-05, 4.763435572385788e-05, 4.3896932766074315e-05, 3.781918348977342e-05, 3.192769145243801e-05, 4.665526284952648e-05, 3.068150545004755e-05, 4.2630294046830386e-05, 2.342672632948961e-05, 2.5902952984324656e-05, 2.6732970582088456e-05, 3.36873963533435e-05, 2.6915555281448178e-05, 2.4016637325985357e-05, 2.2558831915375777e-05, 1.3593292351288255e-05, 1.0970808943966404e-05, 1.2796847840945702e-05, 8.496215741615742e-06, 8.56084079714492e-06, 9.758381565916352e-06, 1.3007102097617462e-05, 2.5649396775406785e-05, 2.1139276213943958e-05, 1.644551048229914e-05, 1.0001263945014216e-05, 5.775889803771861e-06, 7.101161372702336e-06, 6.525237949972507e-06, 4.6949962779763155e-06, 5.247693025012268e-06, 4.538906978268642e-06, 3.542015747370897e-06, 2.776677547444706e-06, 2.662541874087765e-06, 3.365837983437814e-06, 4.616733349394053e-06, 4.417554009705782e-06, 3.956648470193613e-06, 4.164757683611242e-06, 4.18265472035273e-06, 4.9233512982027605e-06, 6.693383966194233e-06, 6.929416940693045e-06, 6.481969649030361e-06, 1.1674923371174373e-05, 1.0829631719388999e-05, 1.2759972378262319e-05, 1.0763015779957641e-05, 1.4542500139214098e-05, 9.41955568123376e-06, 5.395256266638171e-06, 6.408125045709312e-06, 6.03144553679158e-06, 2.8579713671206264e-06, 3.1576598757965257e-06, 2.366768740102998e-06, 1.9071172800977365e-06, 2.1652485884260386e-06, 2.6823211101145716e-06, 1.9794547370111104e-06, 1.6783081946414313e-06, 1.2568575584737118e-06, 9.55652922129957e-07, 1.51929975800158e-06, 1.181996708510269e-06, 8.820128982733877e-07, 7.242619517455751e-07, 6.904496672177629e-07, 4.360141190318245e-07, 3.159314587719564e-07, 2.2687316914016264e-07, 6.970889643298506e-08, 3.352884547780377e-08, 3.024973826981636e-09, 8.370874549079588e-10, 6.031237731463079e-10, 1.2840470353658873e-10, 9.749028841155027e-12, 9.584142507401694e-12, 9.443964707478436e-12, 9.330418382358374e-12, 9.249143118061909e-12, 9.1990694575661e-12], "lowlevel.mfcc.mean": [-785.6376953125, 77.0617446899414, -0.014091449789702892, 10.420947074890137, 9.571385383605957, 3.134300947189331, -2.8163297176361084, 1.7273105382919312, -7.94843053817749, 1.3285058736801147, -3.4546422958374023, 3.3976683616638184, 0.24594934284687042], "lowlevel.spectral_contrast_coeffs.mean": [-0.6960511803627014, -0.7751568555831909, -0.809748649597168, -0.8262565732002258, -0.8193179368972778, -0.799197793006897], "lowlevel.spectral_contrast_coeffs.stdev": [0.11530681699514389, 0.12194016575813293, 0.07323389500379562, 0.06215667724609375, 0.05844052508473396, 0.05747060477733612], "lowlevel.spectral_contrast_valleys.mean": [-9.114165306091309, -8.624279975891113, -8.957003593444824, -8.83252239227295, -8.76140308380127, -11.041862487792969], "lowlevel.spectral_contrast_valleys.stdev": [2.8181588649749756, 2.329270362854004, 2.1338086128234863, 1.92638099193573, 1.8741649389266968, 1.743193507194519], "rhythm.beats_loudness_band_ratio.mean": [0.613787829875946, 0.06705557554960251, 0.05854600667953491, 0.09634646028280258, 0.07252757996320724, 0.10980144143104553], "rhythm.beats_loudness_band_ratio.stdev": [0.4335317611694336, 0.15394045412540436, 0.13822104036808014, 0.18297016620635986, 0.09094509482383728, 0.18897370994091034], "tonal.hpcp.mean": [0.19764164090156555, 0.1639435738325119, 0.11202540993690491, 0.10074446350336075, 0.10636252909898758, 0.1101672351360321, 0.1322217732667923, 0.14623388648033142, 0.13490653038024902, 0.13937430083751678, 0.13285227119922638, 0.11229001730680466, 0.11278761923313141, 0.11343680322170258, 0.10736110061407089, 0.11333463340997696, 0.12148647755384445, 0.1282176375389099, 0.16955433785915375, 0.16111133992671967, 0.11932744830846786, 0.11429684609174728, 0.11258957535028458, 0.1114889457821846, 0.1168842762708664, 0.15025854110717773, 0.19214506447315216, 0.24785946309566498, 0.25082847476005554, 0.18398573994636536, 0.1539980173110962, 0.1482526659965515, 0.14942754805088043, 0.15674546360969543, 0.1487252414226532, 0.16938383877277374], "tonal.hpcp.stdev": [0.2877535820007324, 0.26652586460113525, 0.21814295649528503, 0.19142091274261475, 0.20786528289318085, 0.20533284544944763, 0.2350286990404129, 0.259752094745636, 0.238505020737648, 0.24937927722930908, 0.24896793067455292, 0.21616272628307343, 0.21089786291122437, 0.19923238456249237, 0.19559776782989502, 0.20800799131393433, 0.22490589320659637, 0.21418197453022003, 0.29009437561035156, 0.28547972440719604, 0.21023881435394287, 0.2063348889350891, 0.19688190519809723, 0.20324648916721344, 0.2005259096622467, 0.24141566455364227, 0.2663140296936035, 0.3266648054122925, 0.3375401496887207, 0.2678149938583374, 0.25195756554603577, 0.24927856028079987, 0.26063984632492065, 0.2642749547958374, 0.24572451412677765, 0.26100799441337585], "rhythm.beats_position": [0.5108389854431152, 1.05650794506073, 1.5673469305038452, 2.078185796737671, 2.5774149894714355, 3.076643943786621, 3.5758728981018066, 4.086711883544922, 4.585940837860107, 5.085169792175293, 5.584399223327637, 6.083628177642822, 6.571247100830078, 7.070476055145264, 7.569705009460449, 8.080544471740723, 8.57977294921875, 9.079002380371094, 9.578230857849121, 10.077460289001465, 10.576688766479492, 11.075918197631836, 11.586756706237793, 12.085986137390137, 12.58521556854248, 13.072834014892578, 13.583673477172852, 14.07129192352295, 14.582131385803223, 15.06974983215332, 15.568979263305664, 16.068208694458008, 16.57904815673828, 17.078275680541992, 17.577505111694336, 18.06512451171875, 18.575963973999023, 19.075191497802734, 19.574420928955078, 20.08526039123535, 20.572879791259766, 21.07210922241211, 21.57133674621582, 22.082176208496094, 22.569795608520508], "rhythm.bpm_histogram": [0.0, 0.0, 0.0, 0.0, 0.0, 0.0, 0.0, 0.0, 0.0, 0.0, 0.0, 0.0, 0.0, 0.0, 0.0, 0.0, 0.0, 0.0, 0.0, 0.0, 0.0, 0.0, 0.0, 0.0, 0.0, 0.0, 0.0, 0.0, 0.0, 0.0, 0.0, 0.0, 0.0, 0.0, 0.0, 0.0, 0.0, 0.0, 0.0, 0.0, 0.0, 0.0, 0.0, 0.0, 0.0, 0.0, 0.0, 0.0, 0.0, 0.0, 0.0, 0.0, 0.0, 0.0, 0.0, 0.0, 0.0, 0.0, 0.0, 0.0, 0.0, 0.0, 0.0, 0.0, 0.0, 0.0, 0.0, 0.0, 0.0, 0.0, 0.0, 0.0, 0.0, 0.0, 0.0, 0.0, 0.0, 0.0, 0.0, 0.0, 0.0, 0.0, 0.0, 0.0, 0.0, 0.0, 0.0, 0.0, 0.0, 0.0, 0.0, 0.0, 0.0, 0.0, 0.0, 0.0, 0.0, 0.0, 0.0, 0.0, 0.0, 0.0, 0.0, 0.0, 0.0, 0.0, 0.0, 0.0, 0.0, 0.0, 0.022727273404598236, 0.0, 0.0, 0.0, 0.0, 0.0, 0.0, 0.25, 0.0, 0.0, 0.5681818127632141, 0.0, 0.0, 0.15909090638160706, 0.0, 0.0, 0.0, 0.0, 0.0, 0.0, 0.0, 0.0, 0.0, 0.0, 0.0, 0.0, 0.0, 0.0, 0.0, 0.0, 0.0, 0.0, 0.0, 0.0, 0.0, 0.0, 0.0, 0.0, 0.0, 0.0, 0.0, 0.0, 0.0, 0.0, 0.0, 0.0, 0.0, 0.0, 0.0, 0.0, 0.0, 0.0, 0.0, 0.0, 0.0, 0.0, 0.0, 0.0, 0.0, 0.0, 0.0, 0.0, 0.0, 0.0, 0.0, 0.0, 0.0, 0.0, 0.0, 0.0, 0.0, 0.0, 0.0, 0.0, 0.0, 0.0, 0.0, 0.0, 0.0, 0.0, 0.0, 0.0, 0.0, 0.0, 0.0, 0.0, 0.0, 0.0, 0.0, 0.0, 0.0, 0.0, 0.0, 0.0, 0.0, 0.0, 0.0, 0.0, 0.0, 0.0, 0.0, 0.0, 0.0, 0.0, 0.0, 0.0, 0.0, 0.0, 0.0, 0.0, 0.0, 0.0, 0.0, 0.0, 0.0, 0.0, 0.0, 0.0, 0.0, 0.0, 0.0, 0.0, 0.0, 0.0, 0.0, 0.0, 0.0, 0.0, 0.0, 0.0, 0.0, 0.0, 0.0, 0.0, 0.0, 0.0, 0.0, 0.0, 0.0, 0.0], "tonal.chords_histogram": [17.034069061279297, 1.8036072254180908, 0.0, 0.0, 16.232465744018555, 12.625250816345215, 2.0040080547332764, 2.0040080547332764, 0.0, 0.0, 0.0, 5.410821437835693, 4.408817768096924, 5.611222267150879, 0.0, 0.0, 0.0, 0.0, 3.807615280151367, 0.0, 0.0, 0.0, 9.61923885345459, 19.43887710571289], "tonal.thpcp": [1.0, 0.7335121631622314, 0.6139574646949768, 0.5910519957542419, 0.5957359671592712, 0.6249109506607056, 0.5929360389709473, 0.6752974987030029, 0.7879553437232971, 0.6536083221435547, 0.4466215670108795, 0.40164682269096375, 0.4240448772907257, 0.43921342492103577, 0.527140200138092, 0.5830035209655762, 0.5378437638282776, 0.555655837059021, 0.5296538472175598, 0.44767650961875916, 0.44966036081314087, 0.4522485136985779, 0.4280259609222412, 0.45184117555618286, 0.4843408465385437, 0.511176586151123, 0.6759772300720215, 0.6423167586326599, 0.4757332503795624, 0.455677330493927, 0.44887077808380127, 0.44448280334472656, 0.46599283814430237, 0.5990489721298218, 0.7660416960716248, 0.9881631731987], "lowlevel.gfcc.cov": [[40593.2578125, 7223.22021484375, 44.08710861206055, 630.2907104492188, -789.7455444335938, -892.7318725585938, -46.43781661987305, 295.8161315917969, 323.05194091796875, 20.241920471191406, -495.8229675292969, -564.2389526367188, -346.9339904785156], [7223.22021484375, 7321.82470703125, 2132.1669921875, 765.4827880859375, 884.8751831054688, -431.6241455078125, 853.0819702148438, -144.28887939453125, 675.1995239257812, -351.224853515625, 211.84178161621094, -608.6116333007812, 155.9021759033203], [44.08710861206055, 2132.1669921875, 3136.9482421875, 1262.307861328125, 1232.9844970703125, 472.9650573730469, 695.2689819335938, 111.60437774658203, 324.68408203125, -44.44851303100586, 95.05097198486328, -107.71605682373047, 80.17643737792969], [630.2907104492188, 765.4827880859375, 1262.307861328125, 1332.3037109375, 856.2911376953125, 471.7794189453125, 459.22613525390625, 133.602294921875, 245.00701904296875, -6.834603309631348, 111.9608383178711, -47.19927215576172, 111.3980484008789], [-789.7455444335938, 884.8751831054688, 1232.9844970703125, 856.2911376953125, 1148.149658203125, 574.5742797851562, 629.1022338867188, 186.11032104492188, 301.48651123046875, 34.114845275878906, 155.56182861328125, -14.711179733276367, 154.30299377441406], [-892.7318725585938, -431.6241455078125, 472.9650573730469, 471.7794189453125, 574.5742797851562, 731.40576171875, 418.00384521484375, 200.03955078125, 85.026611328125, 84.53190612792969, 67.26493835449219, 96.54503631591797, 86.90433502197266], [-46.43781661987305, 853.0819702148438, 695.2689819335938, 459.22613525390625, 629.1022338867188, 418.00384521484375, 704.8077392578125, 230.15103149414062, 270.5573425292969, 33.116031646728516, 124.46739196777344, -35.49869155883789, 122.8426742553711], [295.8161315917969, -144.28887939453125, 111.60437774658203, 133.602294921875, 186.11032104492188, 200.03955078125, 230.15103149414062, 283.86920166015625, 163.49681091308594, 108.1610107421875, 22.54806900024414, 18.656776428222656, 33.10624694824219], [323.05194091796875, 675.1995239257812, 324.68408203125, 245.00701904296875, 301.48651123046875, 85.026611328125, 270.5573425292969, 163.49681091308594, 356.36578369140625, 65.74519348144531, 88.98945617675781, -76.5602798461914, 72.21035766601562], [20.241920471191406, -351.224853515625, -44.44851303100586, -6.834603309631348, 34.114845275878906, 84.53190612792969, 33.116031646728516, 108.1610107421875, 65.74519348144531, 184.57540893554688, 29.085742950439453, 42.79265213012695, -11.5930757522583], [-495.8229675292969, 211.84178161621094, 95.05097198486328, 111.9608383178711, 155.56182861328125, 67.26493835449219, 124.46739196777344, 22.54806900024414, 88.98945617675781, 29.085742950439453, 149.5363311767578, 31.781021118164062, 53.011009216308594], [-564.2389526367188, -608.6116333007812, -107.71605682373047, -47.19927215576172, -14.711179733276367, 96.54503631591797, -35.49869155883789, 18.656776428222656, -76.5602798461914, 42.79265213012695, 31.781021118164062, 188.44229125976562, 15.928470611572266], [-346.9339904785156, 155.9021759033203, 80.17643737792969, 111.3980484008789, 154.30299377441406, 86.90433502197266, 122.8426742553711, 33.10624694824219, 72.21035766601562, -11.5930757522583, 53.011009216308594, 15.928470611572266, 114.95062255859375]], "lowlevel.gfcc.icov": [[5.067191523266956e-05, -0.00011615840048762038, 6.0786769608967006e-05, -0.00011327753600198776, 9.281046368414536e-05, -4.543305840343237e-05, 6.7966990172863e-05, -0.0001716678380034864, 6.444641621783376e-05, -0.00014514310169033706, 0.00025358106358908117, -0.00014992406067904085, 0.00011313496361253783], [-0.00011615840048762038, 0.0006567968521267176, -0.0003040702431462705, 0.0003068633668590337, -0.00027016413514502347, 0.0005750572308897972, -0.0006514571723528206, 0.000783862778916955, -0.0005040127434767783, 0.0007181728724390268, -0.0008500070543959737, 0.0009596491581760347, -0.0002802694507408887], [6.0786769608967006e-05, -0.0003040702431462705, 0.0008451181929558516, -0.0005177787970751524, -0.0004698525299318135, 1.663044713495765e-05, -4.0915398130891845e-05, -5.876684372196905e-05, 0.00010913792357314378, -0.00026335971779190004, 0.0008415354532189667, -0.0005980136920697987, 0.0007866164087317884], [-0.00011327753600198776, 0.0003068633668590337, -0.0005177787970751524, 0.0019635215867310762, -0.0009029374341480434, -0.0003861405421048403, 0.00021872256183996797, 0.0002501639537513256, -0.00040680941310711205, 0.0007799096638336778, -0.0009983263444155455, 0.0008534379885531962, -0.00042523298179730773], [9.281046368414536e-05, -0.00027016413514502347, -0.0004698525299318135, -0.0009029374341480434, 0.0037204595282673836, -0.0014581906143575907, -0.0006993973511271179, 0.0001921151706483215, -0.0006418289849534631, -0.00041609557229094207, -0.00016610443708486855, -0.0002668857341632247, -0.0008755512535572052], [-4.543305840343237e-05, 0.0005750572308897972, 1.663044713495765e-05, -0.0003861405421048403, -0.0014581906143575907, 0.004259632900357246, -0.0019738520495593548, -0.00032709003426134586, 0.001013966859318316, -0.00035606647725217044, 0.0003115865110885352, -0.0005312006105668843, -0.0003567753010429442], [6.7966990172863e-05, -0.0006514571723528206, -4.0915398130891845e-05, 0.00021872256183996797, -0.0006993973511271179, -0.0019738520495593548, 0.005224821623414755, -0.002909586764872074, -5.625971971312538e-05, 0.0005943787982687354, -0.001168389804661274, 0.0004701198195107281, -0.000840263906866312], [-0.0001716678380034864, 0.000783862778916955, -5.876684372196905e-05, 0.0002501639537513256, 0.0001921151706483215, -0.00032709003426134586, -0.002909586764872074, 0.009413808584213257, -0.003894490422680974, -0.0021428707987070084, 0.001996493898332119, -0.0006839838461019099, 9.278158358938526e-06], [6.444641621783376e-05, -0.0005040127434767783, 0.00010913792357314378, -0.00040680941310711205, -0.0006418289849534631, 0.001013966859318316, -5.625971971312538e-05, -0.003894490422680974, 0.007936724461615086, -0.002245941199362278, -0.0020690960809588432, 0.002595837228000164, -0.002144834492355585], [-0.00014514310169033706, 0.0007181728724390268, -0.00026335971779190004, 0.0007799096638336778, -0.00041609557229094207, -0.00035606647725217044, 0.0005943787982687354, -0.0021428707987070084, -0.002245941199362278, 0.009671381674706936, -0.002864070702344179, -0.00044116631033830345, 0.002593692159280181], [0.00025358106358908117, -0.0008500070543959737, 0.0008415354532189667, -0.0009983263444155455, -0.00016610443708486855, 0.0003115865110885352, -0.001168389804661274, 0.001996493898332119, -0.0020690960809588432, -0.002864070702344179, 0.012887793593108654, -0.004596238490194082, -0.0013358697760850191], [-0.00014992406067904085, 0.0009596491581760347, -0.0005980136920697987, 0.0008534379885531962, -0.0002668857341632247, -0.0005312006105668843, 0.0004701198195107281, -0.0006839838461019099, 0.002595837228000164, -0.00044116631033830345, -0.004596238490194082, 0.01039532944560051, -0.0027055342216044664], [0.00011313496361253783, -0.0002802694507408887, 0.0007866164087317884, -0.00042523298179730773, -0.0008755512535572052, -0.0003567753010429442, -0.000840263906866312, 9.278158358938526e-06, -0.002144834492355585, 0.002593692159280181, -0.0013358697760850191, -0.0027055342216044664, 0.014224582351744175]], "lowlevel.mfcc.cov": [[29763.306640625, 3368.202880859375, -702.8111572265625, 745.825439453125, -375.0383605957031, -207.1364288330078, -379.91064453125, 77.40091705322266, 141.9244384765625, 418.5980224609375, 100.42938232421875, 8.874653816223145, 76.90892028808594], [3368.202880859375, 5037.5048828125, 1175.4276123046875, 1155.342041015625, 437.5333251953125, 402.8191223144531, 313.15484619140625, 329.35693359375, 344.2522277832031, 261.0265197753906, 281.5690612792969, 86.41556549072266, 78.43303680419922], [-702.8111572265625, 1175.4276123046875, 1767.483642578125, 965.6831665039062, 698.3377075195312, 569.3680419921875, 435.9493103027344, 324.7774963378906, 286.6031494140625, 155.17718505859375, 175.18768310546875, 84.08094787597656, 52.5152473449707], [745.825439453125, 1155.342041015625, 965.6831665039062, 1152.837890625, 620.54345703125, 481.7616271972656, 339.9290771484375, 304.77294921875, 266.7513122558594, 207.32766723632812, 166.38877868652344, 73.00591278076172, 67.62662506103516], [-375.0383605957031, 437.5333251953125, 698.3377075195312, 620.54345703125, 716.9149169921875, 469.2833251953125, 321.0508117675781, 244.62681579589844, 228.58950805664062, 146.2321319580078, 106.26480102539062, 88.02470397949219, 58.64447021484375], [-207.1364288330078, 402.8191223144531, 569.3680419921875, 481.7616271972656, 469.2833251953125, 601.1983642578125, 439.8894348144531, 296.896728515625, 256.0057067871094, 132.6440887451172, 131.5547332763672, 112.41178131103516, 47.40760803222656], [-379.91064453125, 313.15484619140625, 435.9493103027344, 339.9290771484375, 321.0508117675781, 439.8894348144531, 521.5183715820312, 298.4020690917969, 263.453125, 125.45305633544922, 113.96660614013672, 122.73535919189453, 48.6783561706543], [77.40091705322266, 329.35693359375, 324.7774963378906, 304.77294921875, 244.62681579589844, 296.896728515625, 298.4020690917969, 337.0476379394531, 237.48672485351562, 129.8353729248047, 102.62684631347656, 81.77894592285156, 56.80702590942383], [141.9244384765625, 344.2522277832031, 286.6031494140625, 266.7513122558594, 228.58950805664062, 256.0057067871094, 263.453125, 237.48672485351562, 340.1153259277344, 224.18814086914062, 136.0694122314453, 93.54725646972656, 45.42082595825195], [418.5980224609375, 261.0265197753906, 155.17718505859375, 207.32766723632812, 146.2321319580078, 132.6440887451172, 125.45305633544922, 129.8353729248047, 224.18814086914062, 291.5672912597656, 142.80458068847656, 68.58000183105469, 20.168563842773438], [100.42938232421875, 281.5690612792969, 175.18768310546875, 166.38877868652344, 106.26480102539062, 131.5547332763672, 113.96660614013672, 102.62684631347656, 136.0694122314453, 142.80458068847656, 172.9056854248047, 81.9341049194336, 27.69923210144043], [8.874653816223145, 86.41556549072266, 84.08094787597656, 73.00591278076172, 88.02470397949219, 112.41178131103516, 122.73535919189453, 81.77894592285156, 93.54725646972656, 68.58000183105469, 81.9341049194336, 147.14324951171875, 62.40921401977539], [76.90892028808594, 78.43303680419922, 52.5152473449707, 67.62662506103516, 58.64447021484375, 47.40760803222656, 48.6783561706543, 56.80702590942383, 45.42082595825195, 20.168563842773438, 27.69923210144043, 62.40921401977539, 112.67464447021484]], "lowlevel.mfcc.icov": [[4.184607678325847e-05, -2.942315040854737e-05, 4.715335671789944e-05, -6.0711892729159445e-05, 5.831531962030567e-05, -3.960988760809414e-05, 6.89092485117726e-05, -3.0413752028835006e-05, 1.287884788325755e-05, -8.146767504513264e-05, 7.698019180679694e-05, -3.540025863912888e-05, -1.1668341358017642e-05], [-2.942315040854737e-05, 0.000300955114653334, -0.00011983355216216296, -0.00023351561685558408, 0.00012382846034597605, 7.465018279617652e-05, -1.1251639989495743e-05, 1.6282818251056597e-05, -0.00014381132496055216, 0.00014620782167185098, -0.00030492496443912387, 8.58303828863427e-05, -3.339046088512987e-05], [4.715335671789944e-05, -0.00011983355216216296, 0.001296300208196044, -0.0006601650966331363, -0.00046548774116672575, -0.00011603935854509473, -0.00019475861336104572, 6.135910371085629e-05, -0.00016349258658010513, 0.00041468525887466967, -0.00038041447987779975, 0.00020469256560318172, 0.00015940402226988226], [-6.0711892729159445e-05, -0.00023351561685558408, -0.0006601650966331363, 0.002609708346426487, -0.0012050117366015911, -0.00028130924329161644, 5.191719901631586e-05, -0.0005404987023212016, 0.0005664569907821715, -0.0006565615185536444, -0.00038280189619399607, 0.0007937150076031685, -0.0005153857637196779], [5.831531962030567e-05, 0.00012382846034597605, -0.00046548774116672575, -0.0012050117366015911, 0.004187232814729214, -0.0023396112956106663, 0.0006861908477731049, 0.00016168488946277648, -0.0003456855483818799, -0.0006549331592395902, 0.0011928350431844592, -0.0005149366334080696, -0.0005101833958178759], [-3.960988760809414e-05, 7.465018279617652e-05, -0.00011603935854509473, -0.00028130924329161644, -0.0023396112956106663, 0.006956964265555143, -0.0036101562436670065, -0.0008739530458115041, -0.0001464247761759907, 0.0009974254062399268, -0.0014209365472197533, -0.00018189576803706586, 0.0008194339461624622], [6.89092485117726e-05, -1.1251639989495743e-05, -0.00019475861336104572, 5.191719901631586e-05, 0.0006861908477731049, -0.0036101562436670065, 0.0070100505836308, -0.002277553780004382, -0.00179819215554744, 0.000637555553112179, 0.000982892233878374, -0.0022320200223475695, 0.0009073959081433713], [-3.0413752028835006e-05, 1.6282818251056597e-05, 6.135910371085629e-05, -0.0005404987023212016, 0.00016168488946277648, -0.0008739530458115041, -0.002277553780004382, 0.008530847728252411, -0.0036269938573241234, 0.0008352333679795265, -0.0005374259781092405, 0.0009346493752673268, -0.0018012169748544693], [1.287884788325755e-05, -0.00014381132496055216, -0.00016349258658010513, 0.0005664569907821715, -0.0003456855483818799, -0.0001464247761759907, -0.00179819215554744, -0.0036269938573241234, 0.011228649877011776, -0.006055322475731373, -9.844625310506672e-05, -0.000281962042208761, -0.0005876225768588483], [-8.146767504513264e-05, 0.00014620782167185098, 0.00041468525887466967, -0.0006565615185536444, -0.0006549331592395902, 0.0009974254062399268, 0.000637555553112179, 0.0008352333679795265, -0.006055322475731373, 0.009800773113965988, -0.004819742403924465, 0.00010026474774349481, 0.0011952833738178015], [7.698019180679694e-05, -0.00030492496443912387, -0.00038041447987779975, -0.00038280189619399607, 0.0011928350431844592, -0.0014209365472197533, 0.000982892233878374, -0.0005374259781092405, -9.844625310506672e-05, -0.004819742403924465, 0.01331238355487585, -0.0050079128704965115, 0.0007937082555145025], [-3.540025863912888e-05, 8.58303828863427e-05, 0.00020469256560318172, 0.0007937150076031685, -0.0005149366334080696, -0.00018189576803706586, -0.0022320200223475695, 0.0009346493752673268, -0.000281962042208761, 0.00010026474774349481, -0.0050079128704965115, 0.013445836491882801, -0.005890422500669956], [-1.1668341358017642e-05, -3.339046088512987e-05, 0.00015940402226988226, -0.0005153857637196779, -0.0005101833958178759, 0.0008194339461624622, 0.0009073959081433713, -0.0018012169748544693, -0.0005876225768588483, 0.0011952833738178015, 0.0007937082555145025, -0.005890422500669956, 0.012668661773204803]], "metadata.audio_properties.analysis.downmix": "mix", "metadata.audio_properties.codec": "mp3", "metadata.audio_properties.md5_encoded": "2e0f5d6151495d51099026355f2e3626", "metadata.tags.file_name": "1182276563530698763.mp3", "metadata.version.essentia": "2.1-beta6-dev", "metadata.version.essentia_git_sha": "v2.1_beta5-1110-g77a6a954", "metadata.version.extractor": "music 2.0", "tonal.chords_key": "D", "tonal.chords_scale": "major", "tonal.key_edma.key": "B", "tonal.key_edma.scale": "major", "tonal.key_krumhansl.key": "F#", "tonal.key_krumhansl.scale": "minor", "tonal.key_temperley.key": "F#", "tonal.key_temperley.scale": "minor", "metadata.tags.encoding": ["Lavf58.45.100"]}, "essentia_models": [{"model_name": "genre_dortmund", "activations": {"alternative": "0.052739553", "blues": "0.006127987", "electronic": "0.14062956", "folkcountry": "0.008497941", "funksoulrnb": "0.054424997", "jazz": "0.023093471", "pop": "0.077565074", "raphiphop": "0.70449257", "rock": "0.04587406"}}, {"model_name": "genre_rosamerica", "activations": {"classic": "0.018834876", "dance": "0.074327715", "hip hop": "0.49821043", "jazz": "0.029095547", "pop": "0.08720479", "r