{"song_id": "1182280045570572388", "download": "https://cdn.discordapp.com/attachments/1128313332273782784/1182280045570572388/chirp.mp4?ex=65841f18&amp", "lyrics": "[Verse]\nIn North Macedonia, a land so grand\nWhere history and culture firmly stand\nFrom Ohrid's lakes to Skopje's heart\nThis is the place where life's a work of art\n\n[Chorus]\nNorth Macedonia, where dreams are born\nA tapestry of colors, forever worn\nTogether we thrive, hand in hand\nIn this land we call our homeland", "style": ["lyric"], "essentia_features": {"lowlevel.average_loudness": 0.9785637259483337, "lowlevel.barkbands_crest.mean": 14.810474395751953, "lowlevel.barkbands_crest.stdev": 6.295615196228027, "lowlevel.barkbands_flatness_db.mean": 0.21901774406433105, "lowlevel.barkbands_flatness_db.stdev": 0.11514463275671005, "lowlevel.barkbands_kurtosis.mean": 75.89421844482422, "lowlevel.barkbands_kurtosis.stdev": 399.42291259765625, "lowlevel.barkbands_skewness.mean": 4.121447563171387, "lowlevel.barkbands_skewness.stdev": 5.386673450469971, "lowlevel.barkbands_spread.mean": 13.9196195602417, "lowlevel.barkbands_spread.stdev": 15.988029479980469, "lowlevel.dissonance.mean": 0.4460732042789459, "lowlevel.dissonance.stdev": 0.04524241387844086, "lowlevel.dynamic_complexity": 3.1377193927764893, "lowlevel.erbbands_crest.mean": 12.127357482910156, "lowlevel.erbbands_crest.stdev": 5.576986789703369, "lowlevel.erbbands_flatness_db.mean": 0.16704364120960236, "lowlevel.erbbands_flatness_db.stdev": 0.05804023519158363, "lowlevel.erbbands_kurtosis.mean": 4.8135986328125, "lowlevel.erbbands_kurtosis.stdev": 17.125579833984375, "lowlevel.erbbands_skewness.mean": 0.7434486746788025, "lowlevel.erbbands_skewness.stdev": 1.8532544374465942, "lowlevel.erbbands_spread.mean": 40.9658317565918, "lowlevel.erbbands_spread.stdev": 26.59674644470215, "lowlevel.hfc.mean": 16.387575149536133, "lowlevel.hfc.stdev": 14.190557479858398, "lowlevel.loudness_ebu128.integrated": -12.732481002807617, "lowlevel.loudness_ebu128.loudness_range": 1.9977970123291016, "lowlevel.loudness_ebu128.momentary.mean": -13.274991989135742, "lowlevel.loudness_ebu128.momentary.stdev": 2.4266486167907715, "lowlevel.loudness_ebu128.short_term.mean": -12.750899314880371, "lowlevel.loudness_ebu128.short_term.stdev": 0.7741880416870117, "lowlevel.melbands_crest.mean": 19.283987045288086, "lowlevel.melbands_crest.stdev": 7.1514201164245605, "lowlevel.melbands_flatness_db.mean": 0.30528610944747925, "lowlevel.melbands_flatness_db.stdev": 0.134049192070961, "lowlevel.melbands_kurtosis.mean": 72.58425903320312, "lowlevel.melbands_kurtosis.stdev": 134.4861297607422, "lowlevel.melbands_skewness.mean": 4.912073612213135, "lowlevel.melbands_skewness.stdev": 4.145639896392822, "lowlevel.melbands_spread.mean": 16.61113166809082, "lowlevel.melbands_spread.stdev": 30.427860260009766, "lowlevel.pitch_salience.mean": 0.4119320809841156, "lowlevel.pitch_salience.stdev": 0.20777486264705658, "lowlevel.silence_rate_20dB.mean": 1.0, "lowlevel.silence_rate_20dB.stdev": 0.0, "lowlevel.silence_rate_30dB.mean": 0.782608687877655, "lowlevel.silence_rate_30dB.stdev": 0.41246864199638367, "lowlevel.silence_rate_60dB.mean": 0.057503506541252136, "lowlevel.silence_rate_60dB.stdev": 0.23279911279678345, "lowlevel.spectral_centroid.mean": 1055.7421875, "lowlevel.spectral_centroid.stdev": 1050.8521728515625, "lowlevel.spectral_complexity.mean": 10.812763214111328, "lowlevel.spectral_complexity.stdev": 8.424856185913086, "lowlevel.spectral_decrease.mean": -1.5035537259677767e-08, "lowlevel.spectral_decrease.stdev": 1.4614725429851205e-08, "lowlevel.spectral_energy.mean": 0.05823395401239395, "lowlevel.spectral_energy.stdev": 0.05551516264677048, "lowlevel.spectral_energyband_high.mean": 0.0006632098229601979, "lowlevel.spectral_energyband_high.stdev": 0.0016832641558721662, "lowlevel.spectral_energyband_low.mean": 0.04575546458363533, "lowlevel.spectral_energyband_low.stdev": 0.05475505068898201, "lowlevel.spectral_energyband_middle_high.mean": 0.0023307797964662313, "lowlevel.spectral_energyband_middle_high.stdev": 0.003147456329315901, "lowlevel.spectral_energyband_middle_low.mean": 0.013797903433442116, "lowlevel.spectral_energyband_middle_low.stdev": 0.020978078246116638, "lowlevel.spectral_entropy.mean": 7.24454927444458, "lowlevel.spectral_entropy.stdev": 0.7479354739189148, "lowlevel.spectral_flux.mean": 0.12359440326690674, "lowlevel.spectral_flux.stdev": 0.0997232049703598, "lowlevel.spectral_kurtosis.mean": 5.616733551025391, "lowlevel.spectral_kurtosis.stdev": 5.191806316375732, "lowlevel.spectral_rms.mean": 0.0066022370010614395, "lowlevel.spectral_rms.stdev": 0.0036364919506013393, "lowlevel.spectral_rolloff.mean": 963.889892578125, "lowlevel.spectral_rolloff.stdev": 1676.606201171875, "lowlevel.spectral_skewness.mean": 1.7454657554626465, "lowlevel.spectral_skewness.stdev": 0.7913133502006531, "lowlevel.spectral_spread.mean": 4800851.5, "lowlevel.spectral_spread.stdev": 1310207.0, "lowlevel.spectral_strongpeak.mean": 0.9308181405067444, "lowlevel.spectral_strongpeak.stdev": 0.8105049133300781, "lowlevel.zerocrossingrate.mean": 0.044409967958927155, "lowlevel.zerocrossingrate.stdev": 0.05163915827870369, "metadata.audio_properties.analysis.equal_loudness": 0.0, "metadata.audio_properties.analysis.length": 33.087982177734375, "metadata.audio_properties.analysis.sample_rate": 44100.0, "metadata.audio_properties.analysis.start_time": 0.0, "metadata.audio_properties.bit_rate": 119780.0, "metadata.audio_properties.length": 33.0880012512207, "metadata.audio_properties.lossless": 0.0, "metadata.audio_properties.number_channels": 1.0, "metadata.audio_properties.replay_gain": -12.48658561706543, "metadata.audio_properties.sample_rate": 48000.0, "rhythm.beats_count": 63.0, "rhythm.beats_loudness.mean": 0.07530102878808975, "rhythm.beats_loudness.stdev": 0.05205853655934334, "rhythm.bpm": 116.81488037109375, "rhythm.bpm_histogram_first_peak_bpm": 117.0, "rhythm.bpm_histogram_first_peak_weight": 0.28070175647735596, "rhythm.bpm_histogram_second_peak_bpm": 112.0, "rhythm.bpm_histogram_second_peak_spread": 0.25, "rhythm.bpm_histogram_second_peak_weight": 0.04838709533214569, "rhythm.danceability": 1.789404273033142, "rhythm.onset_rate": 4.169178485870361, "tonal.chords_changes_rate": 0.09943977743387222, "tonal.chords_number_rate": 0.014005602337419987, "tonal.chords_strength.mean": 0.5167140364646912, "tonal.chords_strength.stdev": 0.0863208994269371, "tonal.hpcp_crest.mean": 14.441085815429688, "tonal.hpcp_crest.stdev": 6.839078426361084, "tonal.hpcp_entropy.mean": 1.9089655876159668, "tonal.hpcp_entropy.stdev": 0.7902086973190308, "tonal.key_edma.strength": 0.6597147583961487, "tonal.key_krumhansl.strength": 0.6646547317504883, "tonal.key_temperley.strength": 0.6679487824440002, "tonal.tuning_diatonic_strength": 0.5855918526649475, "tonal.tuning_equal_tempered_deviation": 0.13256719708442688, "tonal.tuning_frequency": 442.80462646484375, "tonal.tuning_nontempered_energy_ratio": 0.8233223557472229, "lowlevel.barkbands.mean": [0.0005238439189270139, 0.026942482218146324, 0.014047509990632534, 0.006379607133567333, 0.0019142826786264777, 0.0013367427745833993, 0.001336995279416442, 0.0014540209667757154, 0.0012264959514141083, 0.0003186416579410434, 0.000250631186645478, 0.00026221186271868646, 0.000383366656024009, 0.00043637765338644385, 0.0001962564856512472, 0.00013600487727671862, 9.949682862497866e-05, 0.00011977052054135129, 0.00015415949746966362, 8.896048530004919e-05, 7.651271153008565e-05, 0.0001896905741887167, 0.00019265338778495789, 8.693418931216002e-05, 4.539089059107937e-05, 3.269207081757486e-05, 2.2682195321976906e-06], "lowlevel.barkbands.stdev": [0.0017021840903908014, 0.040722984820604324, 0.02854096330702305, 0.01577109657227993, 0.005159435328096151, 0.0023788493126630783, 0.0030660415068268776, 0.0036194121930748224, 0.0033964712638407946, 0.000876205915119499, 0.0006034962134435773, 0.0009247147245332599, 0.0009093644912354648, 0.0010804113699123263, 0.0005064586875960231, 0.00031933418358676136, 0.0001740337465889752, 0.00020787128596566617, 0.0002781940274871886, 0.00012909367796964943, 0.00017462580581195652, 0.000646898231934756, 0.0006480667507275939, 0.00024105962074827403, 9.297622455051169e-05, 5.932606654823758e-05, 5.422674803412519e-06], "lowlevel.erbbands.mean": [0.6013354659080505, 6.636099815368652, 15.509241104125977, 22.376081466674805, 11.350123405456543, 5.292226791381836, 8.47981071472168, 11.005270004272461, 12.271452903747559, 37.07307815551758, 25.603403091430664, 28.379764556884766, 16.891942977905273, 8.610435485839844, 10.075118064880371, 12.843926429748535, 16.93653678894043, 21.93177604675293, 15.397237777709961, 8.62173843383789, 7.093879222869873, 5.839877128601074, 6.592175483703613, 6.841689586639404, 7.599711894989014, 4.274847984313965, 2.9529972076416016, 3.550819158554077, 6.69611930847168, 7.413516044616699, 4.832786560058594, 2.3875536918640137, 1.201478123664856, 0.6075447797775269, 0.2663167715072632, 0.12419933825731277, 0.06374122947454453, 0.013315169140696526, 0.00031967891845852137, 7.351826934609562e-05], "lowlevel.erbbands.stdev": [0.8005099892616272, 10.783933639526367, 30.11155891418457, 44.248573303222656, 34.24557876586914, 12.367825508117676, 13.16175651550293, 22.062801361083984, 25.626625061035156, 84.08085632324219, 64.29841613769531, 73.6716537475586, 56.26874542236328, 18.381946563720703, 23.356407165527344, 45.13906478881836, 40.1493034362793, 49.1449089050293, 37.123619079589844, 22.075027465820312, 15.878645896911621, 9.796073913574219, 11.46115493774414, 11.478015899658203, 13.96150016784668, 6.202009677886963, 5.618529319763184, 9.50091552734375, 23.390466690063477, 25.638267517089844, 16.105772018432617, 7.0822272300720215, 3.181605815887451, 1.3691450357437134, 0.5090286731719971, 0.24640733003616333, 0.11616723239421844, 0.0247335247695446, 0.0005594787653535604, 6.0587877669604495e-05], "lowlevel.gfcc.mean": [-39.071224212646484, 87.34539794921875, -80.72196960449219, 41.597145080566406, -46.91608428955078, 20.067134857177734, -29.2592830657959, 11.928582191467285, -13.830759048461914, 10.756328582763672, -10.894283294677734, -2.4595141410827637, -22.284740447998047], "lowlevel.melbands.mean": [0.006652630865573883, 0.008501238189637661, 0.003478860016912222, 0.0004972363822162151, 0.0002912140917032957, 0.0002483652497176081, 0.00020745204528793693, 0.00039811592432670295, 0.0002083483268506825, 0.0001684234302956611, 8.049025200307369e-05, 3.277749055996537e-05, 3.2968899176921695e-05, 3.336587542435154e-05, 3.0522951419698074e-05, 4.019165498903021e-05, 4.1661449358798563e-05, 2.7628195311990567e-05, 1.3013253010285553e-05, 1.0343790563638322e-05, 7.820091923349537e-06, 5.903863893763628e-06, 6.00578596277046e-06, 5.638876245939173e-06, 5.433249498310033e-06, 5.870299446542049e-06, 4.474384695640765e-06, 2.4401256268902216e-06, 1.7757213299773866e-06, 1.7481314671385917e-06, 2.1208938960626256e-06, 3.700059323819005e-06, 3.968756573158316e-06, 4.270837507647229e-06, 2.983635795317241e-06, 1.9025079609491513e-06, 1.2920005474370555e-06, 8.690216191098443e-07, 6.542258574881998e-07, 4.6139277287693403e-07], "lowlevel.melbands.stdev": [0.009294633753597736, 0.013416784815490246, 0.0068588568829, 0.0014977318933233619, 0.00042277490138076246, 0.00047081668162718415, 0.0004297915438655764, 0.0008945424342527986, 0.0005074808141216636, 0.00045723788207396865, 0.0002851922472473234, 7.57657689973712e-05, 7.755664410069585e-05, 0.00011331229325151071, 8.069774776231498e-05, 9.465865878155455e-05, 9.889095963444561e-05, 7.182078115874901e-05, 3.254997864132747e-05, 2.7363515982870013e-05, 1.8865177480620332e-05, 1.0506499165785499e-05, 1.1043406630051322e-05, 1.0339338587073144e-05, 9.697741916170344e-06, 1.1926468687306624e-05, 7.092885880410904e-06, 3.816578555415617e-06, 3.254843932154472e-06, 3.921183179045329e-06, 6.157083589641843e-06, 1.3157910871086642e-05, 1.4233984984457493e-05, 1.5089595763129182e-05, 1.0326094525225926e-05, 6.032392320776125e-06, 3.765338306038757e-06, 2.333848669877625e-06, 1.7183107274831855e-06, 9.978552952816244e-07], "lowlevel.melbands128.mean": [0.0004117926873732358, 0.0035505248233675957, 0.009976181201636791, 0.011338998563587666, 0.008350011892616749, 0.006981393788009882, 0.005029733292758465, 0.002516985172405839, 0.0009430639329366386, 0.0003204290405847132, 0.00024198339087888598, 0.00029342080233618617, 0.000259630469372496, 0.00036059803096577525, 0.0002737098257057369, 0.0001811359397834167, 0.0001580916141392663, 0.0001751397066982463, 0.00028238934464752674, 0.0005482457345351577, 0.0003825094609055668, 0.0001794288109522313, 0.00017368243425153196, 0.00023764240904711187, 0.00023011764278635383, 0.00010212804772891104, 0.00014128741167951375, 7.292925874935463e-05, 4.198174792691134e-05, 2.6083134798682295e-05, 3.555236617103219e-05, 3.15531506203115e-05, 3.5696724808076397e-05, 3.462959284661338e-05, 1.900935239973478e-05, 4.567371433950029e-05, 3.638663110905327e-05, 1.4775878298678435e-05, 4.431705019669607e-05, 3.455686601228081e-05, 3.9775164623279124e-05, 4.7070720029296353e-05, 3.61671882274095e-05, 4.450908818398602e-05, 3.968057353631593e-05, 2.1178488168516196e-05, 1.974223596334923e-05, 1.2654582860704977e-05, 1.0133795512956567e-05, 1.1616962183325086e-05, 1.0807747457874939e-05, 8.864196388458367e-06, 8.125607564579695e-06, 7.798567821737379e-06, 5.628687176795211e-06, 6.319193289527902e-06, 5.090796548756771e-06, 5.908773346163798e-06, 6.691618636978092e-06, 5.806990429846337e-06, 6.032091278029839e-06, 4.636248831957346e-06, 5.5802674978622235e-06, 5.797478024760494e-06, 5.072598924016347e-06, 5.887035513296723e-06, 6.544285042764386e-06, 5.272135240375064e-06, 4.091206847078865e-06, 3.30066836795595e-06, 2.409139597148169e-06, 2.0201687220833264e-06, 1.800201971491333e-06, 1.7225351029992453e-06, 1.7410881127943867e-06, 1.8432015167491045e-06, 1.6389097936553298e-06, 1.7678513586361078e-06, 2.1617936454276787e-06, 2.292225644850987e-06, 3.6065257518202998e-06, 4.480396455619484e-06, 3.7945540043438086e-06, 3.895767804351635e-06, 3.967492375522852e-06, 4.484171768126544e-06, 4.495511802815599e-06, 3.6989181353419553e-06, 2.8194197057018755e-06, 2.578183739387896e-06, 2.2266319774644217e-06, 1.629058715479914e-06, 1.4803664498685976e-06, 1.3458676448863116e-06, 1.1637794159469195e-06, 9.697658924778807e-07, 7.59396243665833e-07, 8.012468128981709e-07, 6.633921998400183e-07, 5.87626118431217e-07, 5.340231723494071e-07, 4.627609087037854e-07, 3.475233825156465e-07, 3.0593193400818564e-07, 2.8997041567890847e-07, 2.7402998625802866e-07, 2.8511459504443337e-07, 2.015705717894889e-07, 1.906137754303927e-07, 2.1175260656036698e-07, 2.0088759811187629e-07, 2.0162661940048565e-07, 2.2377096797754348e-07, 2.0670034928116365e-07, 1.7529893625578552e-07, 1.7583644762453332e-07, 8.70100578254096e-08, 1.7719223421863717e-08, 9.500054215516585e-11, 1.871980868928258e-11, 1.89378391440842e-11, 1.128319920135068e-11, 7.1192917013018775e-12, 6.9782968466214346e-12, 6.8242928669137726e-12, 6.649613151776812e-12, 6.5451671860117244e-12, 6.502018975312884e-12], "lowlevel.melbands128.stdev": [0.001048230449669063, 0.0052486322820186615, 0.015300163067877293, 0.020965710282325745, 0.01794765703380108, 0.013727293349802494, 0.01039697416126728, 0.007038536481559277, 0.0033666016533970833, 0.0011911061592400074, 0.0005891612381674349, 0.0005334940506145358, 0.0005129211931489408, 0.0008575852843932807, 0.0007326198392547667, 0.00039607350481674075, 0.0003915433771908283, 0.0005931608029641211, 0.0008110376074910164, 0.0014100957196205854, 0.0011676549911499023, 0.0006512666004709899, 0.0007187764858826995, 0.0007036477909423411, 0.0007588804583065212, 0.0004753180837724358, 0.0008085964946076274, 0.00023559982946608216, 0.00021208096586633474, 6.631056749029085e-05, 0.00010023978393292055, 9.56806616159156e-05, 9.590878471499309e-05, 0.00011923346755793318, 5.843680628458969e-05, 0.00022015256399754435, 0.00015896977856755257, 3.800966442213394e-05, 0.0001480273058405146, 0.00010766877676360309, 0.00012669108400586993, 0.0001384538772981614, 0.0001032763029797934, 0.00013510171265807003, 0.00014453638868872076, 6.278203363763168e-05, 7.140466186683625e-05, 3.297373405075632e-05, 2.98138074867893e-05, 5.122966831550002e-05, 3.057545836782083e-05, 2.5555757019901648e-05, 2.2435191567637958e-05, 2.3311074983212166e-05, 1.3263244909467176e-05, 1.2782648809661623e-05, 1.0196817129326519e-05, 1.295116999244783e-05, 1.4689643649035133e-05, 1.2816120943170972e-05, 1.4074399587116204e-05, 8.858038199832663e-06, 1.1091994565504137e-05, 1.2077894098183606e-05, 1.1963079487031791e-05, 1.3920458513894118e-05, 1.6496303942403756e-05, 1.0236898560833652e-05, 7.160320819821209e-06, 5.680807134922361e-06, 4.475552032090491e-06, 3.533706376401824e-06, 3.262381824242766e-06, 3.4135860005335417e-06, 4.620672825694783e-06, 4.3938562157563865e-06, 3.5944058254244737e-06, 5.983441496937303e-06, 6.760009000572609e-06, 7.124927378754364e-06, 1.2521172720880713e-05, 1.888540828076657e-05, 1.4603902855014894e-05, 1.517050895927241e-05, 1.4583834854420274e-05, 1.6343365132343024e-05, 1.6815367416711524e-05, 1.4239612028177362e-05, 9.996867447625846e-06, 9.266919732908718e-06, 7.782226020935923e-06, 5.219710146775469e-06, 5.02037300975644e-06, 4.248124696459854e-06, 3.381491524123703e-06, 2.6152870304940734e-06, 2.2502474621433066e-06, 2.493498868716415e-06, 1.869422249001218e-06, 1.6149907651197282e-06, 1.290715204049775e-06, 1.0287634495398379e-06, 7.575241625090712e-07, 6.254533673200058e-07, 6.727811410200957e-07, 5.858430540683912e-07, 6.521732984765549e-07, 4.4826882117376954e-07, 4.6598248104601225e-07, 5.000553642275918e-07, 4.570995031372149e-07, 4.1304383557871915e-07, 4.344924491306301e-07, 4.094134737897548e-07, 3.3780017361095815e-07, 3.497629847970529e-07, 2.0447376414267637e-07, 6.230969518128404e-08, 1.165756158272302e-09, 3.8461578366622007e-10, 4.078909432436717e-10, 1.4141751658591772e-10, 1.2834726337285218e-11, 1.2567795762419287e-11, 1.2216745844118027e-11, 1.1885664327748735e-11, 1.1748676684297799e-11, 1.1683772005444126e-11], "lowlevel.mfcc.mean": [-694.734130859375, 120.90546417236328, 26.278366088867188, 32.05475997924805, 12.050918579101562, 14.935405731201172, 2.7779288291931152, 7.519002437591553, -4.157965660095215, 15.618935585021973, 12.2612943649292, 1.7199217081069946, 3.0517852306365967], "lowlevel.spectral_contrast_coeffs.mean": [-0.6535924673080444, -0.731519877910614, -0.8020743131637573, -0.7983416318893433, -0.8056064248085022, -0.7654299736022949], "lowlevel.spectral_contrast_coeffs.stdev": [0.09299151599407196, 0.09515030682086945, 0.06663359701633453, 0.055503033101558685, 0.04321020841598511, 0.03982294350862503], "lowlevel.spectral_contrast_valleys.mean": [-7.073241710662842, -7.332119464874268, -8.143357276916504, -8.20566463470459, -8.15654182434082, -10.663721084594727], "lowlevel.spectral_contrast_valleys.stdev": [1.1293481588363647, 1.056717872619629, 1.138034462928772, 1.0189937353134155, 1.0098471641540527, 1.1538217067718506], "rhythm.beats_loudness_band_ratio.mean": [0.6747874617576599, 0.051292672753334045, 0.10829425603151321, 0.08987206220626831, 0.05232282355427742, 0.03345267102122307], "rhythm.beats_loudness_band_ratio.stdev": [0.30449971556663513, 0.06914827227592468, 0.1277967095375061, 0.1060771495103836, 0.06434522569179535, 0.03945746272802353], "tonal.hpcp.mean": [0.06987879425287247, 0.053832702338695526, 0.04203634709119797, 0.04112980142235756, 0.05325935408473015, 0.10458477586507797, 0.13629409670829773, 0.12355592101812363, 0.2593732476234436, 0.2675244212150574, 0.09213216602802277, 0.04214118793606758, 0.04309257119894028, 0.06752506643533707, 0.12179134041070938, 0.14167927205562592, 0.09260281175374985, 0.04961881414055824, 0.037065669894218445, 0.059337012469768524, 0.13711100816726685, 0.14324915409088135, 0.0768982321023941, 0.06215519830584526, 0.054371509701013565, 0.04222116991877556, 0.0589824914932251, 0.07590346038341522, 0.06612517684698105, 0.07351697981357574, 0.08561558276414871, 0.07754363864660263, 0.07954934239387512, 0.08344348520040512, 0.07563962042331696, 0.07285741716623306], "tonal.hpcp.stdev": [0.19550253450870514, 0.16378924250602722, 0.1385955959558487, 0.14198915660381317, 0.17202438414096832, 0.2366909235715866, 0.2853810787200928, 0.23289091885089874, 0.36937594413757324, 0.3901888430118561, 0.20135736465454102, 0.14761683344841003, 0.14569884538650513, 0.19051016867160797, 0.25623956322669983, 0.29925844073295593, 0.22305646538734436, 0.16375191509723663, 0.13262014091014862, 0.1680900752544403, 0.27264371514320374, 0.2830364406108856, 0.18719831109046936, 0.17849889397621155, 0.16309332847595215, 0.13462480902671814, 0.1627233773469925, 0.19845245778560638, 0.17897863686084747, 0.18615756928920746, 0.21225605905056, 0.2002299278974533, 0.21117517352104187, 0.21412375569343567, 0.20527862012386322, 0.18938177824020386], "rhythm.beats_position": [0.5340589284896851, 1.09133780002594, 1.6253968477249146, 2.1362357139587402, 2.670294761657715, 3.18113374710083, 3.6919727325439453, 4.2028117179870605, 4.7252607345581055, 5.24770975112915, 5.758548736572266, 6.269387722015381, 6.780226707458496, 7.291065692901611, 7.801904678344727, 8.312743186950684, 8.823582649230957, 9.334421157836914, 9.856870651245117, 10.379319190979004, 10.890158653259277, 11.400997161865234, 11.911836624145508, 12.422675132751465, 12.945124626159668, 13.455963134765625, 13.966802597045898, 14.477641105651855, 15.000090599060059, 15.510929107666016, 16.02176856994629, 16.532608032226562, 17.043445587158203, 17.554285049438477, 18.06512451171875, 18.564353942871094, 19.086801528930664, 19.574420928955078, 20.10848045349121, 20.630929946899414, 21.153377532958984, 21.664216995239258, 22.17505645751953, 22.685895919799805, 23.196733474731445, 23.70757293701172, 24.230022430419922, 24.740861892700195, 25.263309478759766, 25.77414894104004, 26.284988403320312, 26.795827865600586, 27.306665420532227, 27.8175048828125, 28.328344345092773, 28.850793838500977, 29.361631393432617, 29.87247085571289, 30.394920349121094, 30.905759811401367, 31.428207397460938, 31.95065689086914, 32.46149444580078], "rhythm.bpm_histogram": [0.0, 0.0, 0.0, 0.0, 0.0, 0.0, 0.0, 0.0, 0.0, 0.0, 0.0, 0.0, 0.0, 0.0, 0.0, 0.0, 0.0, 0.0, 0.0, 0.0, 0.0, 0.0, 0.0, 0.0, 0.0, 0.0, 0.0, 0.0, 0.0, 0.0, 0.0, 0.0, 0.0, 0.0, 0.0, 0.0, 0.0, 0.0, 0.0, 0.0, 0.0, 0.0, 0.0, 0.0, 0.0, 0.0, 0.0, 0.0, 0.0, 0.0, 0.0, 0.0, 0.0, 0.0, 0.0, 0.0, 0.0, 0.0, 0.0, 0.0, 0.0, 0.0, 0.0, 0.0, 0.0, 0.0, 0.0, 0.0, 0.0, 0.0, 0.0, 0.0, 0.0, 0.0, 0.0, 0.0, 0.0, 0.0, 0.0, 0.0, 0.0, 0.0, 0.0, 0.0, 0.0, 0.0, 0.0, 0.0, 0.0, 0.0, 0.0, 0.0, 0.0, 0.0, 0.0, 0.0, 0.0, 0.0, 0.0, 0.0, 0.0, 0.0, 0.0, 0.0, 0.0, 0.0, 0.0, 0.0, 0.016129031777381897, 0.0, 0.0, 0.0, 0.04838709533214569, 0.0, 0.0, 0.24193547666072845, 0.0, 0.6612903475761414, 0.0, 0.0, 0.016129031777381897, 0.0, 0.0, 0.016129031777381897, 0.0, 0.0, 0.0, 0.0, 0.0, 0.0, 0.0, 0.0, 0.0, 0.0, 0.0, 0.0, 0.0, 0.0, 0.0, 0.0, 0.0, 0.0, 0.0, 0.0, 0.0, 0.0, 0.0, 0.0, 0.0, 0.0, 0.0, 0.0, 0.0, 0.0, 0.0, 0.0, 0.0, 0.0, 0.0, 0.0, 0.0, 0.0, 0.0, 0.0, 0.0, 0.0, 0.0, 0.0, 0.0, 0.0, 0.0, 0.0, 0.0, 0.0, 0.0, 0.0, 0.0, 0.0, 0.0, 0.0, 0.0, 0.0, 0.0, 0.0, 0.0, 0.0, 0.0, 0.0, 0.0, 0.0, 0.0, 0.0, 0.0, 0.0, 0.0, 0.0, 0.0, 0.0, 0.0, 0.0, 0.0, 0.0, 0.0, 0.0, 0.0, 0.0, 0.0, 0.0, 0.0, 0.0, 0.0, 0.0, 0.0, 0.0, 0.0, 0.0, 0.0, 0.0, 0.0, 0.0, 0.0, 0.0, 0.0, 0.0, 0.0, 0.0, 0.0, 0.0, 0.0, 0.0, 0.0, 0.0, 0.0, 0.0, 0.0, 0.0, 0.0, 0.0, 0.0, 0.0, 0.0, 0.0, 0.0, 0.0, 0.0, 0.0, 0.0, 0.0, 0.0, 0.0], "tonal.chords_histogram": [39.775909423828125, 8.823529243469238, 11.764705657958984, 6.302521228790283, 0.8403361439704895, 0.0, 0.0, 2.240896463394165, 12.184873580932617, 3.0812325477600098, 6.302521228790283, 0.0, 0.0, 0.0, 0.0, 2.5210084915161133, 0.0, 0.0, 0.0, 0.0, 0.0, 0.0, 0.28011205792427063, 5.882352828979492], "tonal.thpcp": [1.0, 0.34438785910606384, 0.1575227677822113, 0.1610790193080902, 0.25240710377693176, 0.45525315403938293, 0.5295937657356262, 0.3461471199989319, 0.1854739636182785, 0.13855060935020447, 0.22180035710334778, 0.5125177502632141, 0.535461962223053, 0.28744378685951233, 0.2323346734046936, 0.20323942601680756, 0.15782174468040466, 0.22047516703605652, 0.2837253510951996, 0.24717435240745544, 0.2748047411441803, 0.32002905011177063, 0.28985628485679626, 0.2973535656929016, 0.3119097948074341, 0.28273913264274597, 0.2723393142223358, 0.2612052857875824, 0.2012253701686859, 0.1571308821439743, 0.1537422239780426, 0.19908221065998077, 0.39093542098999023, 0.5094641447067261, 0.4618491232395172, 0.9695311188697815], "lowlevel.gfcc.cov": [[8531.9521484375, -221.06321716308594, -517.6004028320312, -521.5684204101562, -292.64068603515625, -174.3258514404297, -271.2352294921875, 309.5368957519531, -389.9935607910156, -122.91824340820312, -474.7339172363281, 70.2524642944336, -148.0537109375], [-221.06321716308594, 2042.5628662109375, 293.8348083496094, -405.53814697265625, 314.3236083984375, -285.8382568359375, 139.69854736328125, -5.679920673370361, 29.273881912231445, -153.29006958007812, 169.5841827392578, -257.9706115722656, -31.671085357666016], [-517.6004028320312, 293.8348083496094, 970.0706787109375, 529.8732299804688, 310.4376220703125, 86.1845703125, 192.03195190429688, -8.38914680480957, 124.2261962890625, -79.94154357910156, 34.6534423828125, -23.06513786315918, 100.02874755859375], [-521.5684204101562, -405.53814697265625, 529.8732299804688, 865.1657104492188, 287.0459899902344, 94.06741333007812, 64.2139663696289, 13.058445930480957, 136.0649871826172, -26.926237106323242, -7.232249736785889, 25.967971801757812, 151.06646728515625], [-292.64068603515625, 314.3236083984375, 310.4376220703125, 287.0459899902344, 560.9751586914062, 162.80653381347656, 176.32948303222656, 89.57026672363281, 113.80445098876953, -6.098844051361084, 15.003071784973145, -84.13048553466797, 117.04456329345703], [-174.3258514404297, -285.8382568359375, 86.1845703125, 94.06741333007812, 162.80653381347656, 401.6799621582031, 257.96893310546875, 74.35176849365234, 39.582889556884766, 34.37958526611328, -14.204202651977539, -2.6963162422180176, 47.56486892700195], [-271.2352294921875, 139.69854736328125, 192.03195190429688, 64.2139663696289, 176.32948303222656, 257.96893310546875, 467.1859130859375, 188.30517578125, 68.99987030029297, -25.016416549682617, 70.53195190429688, -3.1644363403320312, 47.16897964477539], [309.5368957519531, -5.679920673370361, -8.38914680480957, 13.058445930480957, 89.57026672363281, 74.35176849365234, 188.30517578125, 270.79815673828125, 82.70133209228516, 16.40508270263672, 27.030176162719727, 40.73523712158203, 40.08260726928711], [-389.9935607910156, 29.273881912231445, 124.2261962890625, 136.0649871826172, 113.80445098876953, 39.582889556884766, 68.99987030029297, 82.70133209228516, 251.4020233154297, 102.73712921142578, 102.04634857177734, -3.3022196292877197, 38.39487838745117], [-122.91824340820312, -153.29006958007812, -79.94154357910156, -26.926237106323242, -6.098844051361084, 34.37958526611328, -25.016416549682617, 16.40508270263672, 102.73712921142578, 196.32208251953125, 83.13209533691406, 26.415424346923828, -10.463932037353516], [-474.7339172363281, 169.5841827392578, 34.6534423828125, -7.232249736785889, 15.003071784973145, -14.204202651977539, 70.53195190429688, 27.030176162719727, 102.04634857177734, 83.13209533691406, 185.11648559570312, 35.747947692871094, 3.1735332012176514], [70.2524642944336, -257.9706115722656, -23.06513786315918, 25.967971801757812, -84.13048553466797, -2.6963162422180176, -3.1644363403320312, 40.73523712158203, -3.3022196292877197, 26.415424346923828, 35.747947692871094, 176.73812866210938, 55.207523345947266], [-148.0537109375, -31.671085357666016, 100.02874755859375, 151.06646728515625, 117.04456329345703, 47.56486892700195, 47.16897964477539, 40.08260726928711, 38.39487838745117, -10.463932037353516, 3.1735332012176514, 55.207523345947266, 140.366455078125]], "lowlevel.gfcc.icov": [[0.00017923882114700973, -0.00011919871030841023, 6.1430669120454695e-06, -3.9008260500850156e-05, 5.509534094016999e-05, -6.73876129440032e-05, 0.0001734197576297447, -0.0004274638486094773, 0.00018892336811404675, -0.00020995987870264798, 0.0005927201709710062, -0.00028129786369390786, 0.0002703546779230237], [-0.00011919871030841023, 0.002755440305918455, -0.0012174290604889393, 0.0025617247447371483, -0.001807092921808362, 0.0027311223093420267, -0.0009102496551349759, 0.00044212923967279494, 9.371705527883023e-05, 0.0021096989512443542, -0.00351998140104115, 0.0035652637016028166, -0.0018234779126942158], [6.1430669120454695e-06, -0.0012174290604889393, 0.002588972682133317, -0.0020904112607240677, 0.00020736278383992612, -0.0007462833891622722, -0.0007197571103461087, 0.0010419617174193263, -0.0009034246322698891, -5.586163024418056e-05, 0.0014964183792471886, -0.00196879543364048, 0.0011443557450547814], [-3.9008260500850156e-05, 0.0025617247447371483, -0.0020904112607240677, 0.004608978051692247, -0.002085642423480749, 0.002264150185510516, -0.0002975159732159227, 0.00039687423850409687, -0.0006804967997595668, 0.0021490801591426134, -0.0025551822036504745, 0.0027626866940408945, -0.0026577243115752935], [5.509534094016999e-05, -0.001807092921808362, 0.00020736278383992612, -0.002085642423480749, 0.00496760755777359, -0.002673587528988719, 0.0007994395564310253, -0.0013873259304091334, 8.073918434092775e-05, -0.0016416126163676381, 0.0015261757653206587, 0.000856481259688735, -0.0018773442134261131], [-6.73876129440032e-05, 0.0027311223093420267, -0.0007462833891622722, 0.002264150185510516, -0.002673587528988719, 0.008273035287857056, -0.00506211444735527, 0.0020893223118036985, -4.1971245082095265e-05, -0.0006214423337951303, -0.00013309340283740312, 0.0025680018588900566, -0.0018712184391915798], [0.0001734197576297447, -0.0009102496551349759, -0.0007197571103461087, -0.0002975159732159227, 0.0007994395564310253, -0.00506211444735527, 0.0074972352012991905, -0.0045656547881662846, 0.000998397241346538, 0.0019402378238737583, -0.002702111378312111, 0.0001564748235978186, 0.0005148591590113938], [-0.0004274638486094773, 0.00044212923967279494, 0.0010419617174193263, 0.00039687423850409687, -0.0013873259304091334, 0.0020893223118036985, -0.0045656547881662846, 0.008472035638988018, -0.0032682002056390047, 0.00034522218629717827, 0.0011376083130016923, -0.0020301465410739183, -0.0002644872583914548], [0.00018892336811404675, 9.371705527883023e-05, -0.0009034246322698891, -0.0006804967997595668, 8.073918434092775e-05, -4.1971245082095265e-05, 0.000998397241346538, -0.0032682002056390047, 0.00885796919465065, -0.0036140140146017075, -0.00312067405320704, 0.002667400985956192, -0.0015296817291527987], [-0.00020995987870264798, 0.0021096989512443542, -5.586163024418056e-05, 0.0021490801591426134, -0.0016416126163676381, -0.0006214423337951303, 0.0019402378238737583, 0.00034522218629717827, -0.0036140140146017075, 0.011666792444884777, -0.006612973287701607, 0.0014533400535583496, 0.0002465010329615325], [0.0005927201709710062, -0.00351998140104115, 0.0014964183792471886, -0.0025551822036504745, 0.0015261757653206587, -0.00013309340283740312, -0.002702111378312111, 0.0011376083130016923, -0.00312067405320704, -0.006612973287701607, 0.016680043190717697, -0.00809359923005104, 0.004037010949105024], [-0.00028129786369390786, 0.0035652637016028166, -0.00196879543364048, 0.0027626866940408945, 0.000856481259688735, 0.0025680018588900566, 0.0001564748235978186, -0.0020301465410739183, 0.002667400985956192, 0.0014533400535583496, -0.00809359923005104, 0.0153878228738904, -0.008610248565673828], [0.0002703546779230237, -0.0018234779126942158, 0.0011443557450547814, -0.0026577243115752935, -0.0018773442134261131, -0.0018712184391915798, 0.0005148591590113938, -0.0002644872583914548, -0.0015296817291527987, 0.0002465010329615325, 0.004037010949105024, -0.008610248565673828, 0.014876797795295715]], "lowlevel.mfcc.cov": [[8863.70703125, -283.8724060058594, -614.5230712890625, -533.2416381835938, -247.0838623046875, -614.5574340820312, -83.06954956054688, -103.6212387084961, 226.76248168945312, -373.3731689453125, -207.49307250976562, -31.92753028869629, -206.09774780273438], [-283.8724060058594, 2305.349853515625, -91.32164001464844, -98.23826599121094, -2.8983614444732666, -247.8381805419922, 135.12828063964844, -20.36254119873047, -153.89456176757812, 93.94788360595703, 68.04085540771484, 1.2031522989273071, 5.685967445373535], [-614.5230712890625, -91.32164001464844, 712.0248413085938, 369.9132995605469, 124.62891387939453, 171.5997314453125, 32.52139663696289, 107.98487091064453, 61.939693450927734, -11.447543144226074, 6.39382791519165, 11.630345344543457, 43.92559051513672], [-533.2416381835938, -98.23826599121094, 369.9132995605469, 672.565673828125, 322.87847900390625, 94.03315734863281, 6.668271541595459, 77.78291320800781, 101.54729461669922, 17.122665405273438, -11.79061222076416, -33.46730422973633, 45.95460891723633], [-247.0838623046875, -2.8983614444732666, 124.62891387939453, 322.87847900390625, 446.652587890625, 144.56283569335938, 13.55929946899414, -1.8024389743804932, 137.37852478027344, 63.6490478515625, -3.454908609390259, -15.153409957885742, -16.957319259643555], [-614.5574340820312, -247.8381805419922, 171.5997314453125, 94.03315734863281, 144.56283569335938, 364.54486083984375, 141.597900390625, 50.2468376159668, 101.46222686767578, 71.93541717529297, 40.15602111816406, 13.629986763000488, -26.066362380981445], [-83.06954956054688, 135.12828063964844, 32.52139663696289, 6.668271541595459, 13.55929946899414, 141.597900390625, 365.80950927734375, 195.97467041015625, 166.7474365234375, 59.16323471069336, 42.26457595825195, 50.85419845581055, -22.686250686645508], [-103.6212387084961, -20.36254119873047, 107.98487091064453, 77.78291320800781, -1.8024389743804932, 50.2468376159668, 195.97467041015625, 294.71697998046875, 157.4327392578125, 44.59869384765625, 17.77605438232422, 35.073883056640625, 35.70970153808594], [226.76248168945312, -153.89456176757812, 61.939693450927734, 101.54729461669922, 137.37852478027344, 101.46222686767578, 166.7474365234375, 157.4327392578125, 307.5173034667969, 59.86687088012695, 13.873868942260742, 45.38550567626953, -11.835466384887695], [-373.3731689453125, 93.94788360595703, -11.447543144226074, 17.122665405273438, 63.6490478515625, 71.93541717529297, 59.16323471069336, 44.59869384765625, 59.86687088012695, 213.3967742919922, 120.750732421875, 39.46427536010742, 12.178658485412598], [-207.49307250976562, 68.04085540771484, 6.39382791519165, -11.79061222076416, -3.454908609390259, 40.15602111816406, 42.26457595825195, 17.77605438232422, 13.873868942260742, 120.750732421875, 181.28060913085938, 83.01643371582031, 25.443387985229492], [-31.92753028869629, 1.2031522989273071, 11.630345344543457, -33.46730422973633, -15.153409957885742, 13.629986763000488, 50.85419845581055, 35.073883056640625, 45.38550567626953, 39.46427536010742, 83.01643371582031, 153.25723266601562, 78.28018951416016], [-206.09774780273438, 5.685967445373535, 43.92559051513672, 45.95460891723633, -16.957319259643555, -26.066362380981445, -22.686250686645508, 35.70970153808594, -11.835466384887695, 12.178658485412598, 25.443387985229492, 78.28018951416016, 155.95565795898438]], "lowlevel.mfcc.icov": [[0.00016762566519901156, 3.6001558328280225e-05, 2.499234142305795e-05, 0.00010994011245202273, -3.986938463640399e-05, 0.0003392790968064219, -4.7758076107129455e-05, 0.00010570960876066238, -0.0003106048970948905, 0.00027751619927585125, -6.776197551516816e-05, -1.909011734824162e-05, 0.0001773865515133366], [3.6001558328280225e-05, 0.000667694432195276, -0.00023228938516695052, 0.0002890483592636883, -0.0005431865574792027, 0.0010099314386025071, -0.0009817793034017086, 0.0002749500854406506, 0.000598253624048084, -0.00037846650229766965, -0.00010069535346701741, 0.00023904856061562896, -0.00012115138088120148], [2.499234142305795e-05, -0.00023228938516695052, 0.002552314195781946, -0.0015274110483005643, 0.0007674350054003298, -0.001576100941747427, 0.0010157062206417322, -0.0009745538700371981, -6.588792894035578e-05, 0.0008297590538859367, -0.00012598655303008854, -0.000672824855428189, 0.00025208800798282027], [0.00010994011245202273, 0.0002890483592636883, -0.0015274110483005643, 0.00380322290584445, -0.002717693103477359, 0.0012934280093759298, -0.0006084218039177358, -0.00026473766774870455, -4.9048503569792956e-05, 0.0005115386447869241, -0.0008905504364520311, 0.002014057943597436, -0.001572240493260324], [-3.986938463640399e-05, -0.0005431865574792027, 0.0007674350054003298, -0.002717693103477359, 0.00551023380830884, -0.0021970397792756557, 0.0014540113043040037, 0.001136888051405549, -0.002305048517882824, -0.0010633582714945078, 0.0012269666185602546, -0.0007968585705384612, 0.0008427981520071626], [0.0003392790968064219, 0.0010099314386025071, -0.001576100941747427, 0.0012934280093759298, -0.0021970397792756557, 0.006584294140338898, -0.003412483958527446, 0.001543763792142272, 9.861839498626068e-05, -0.0008641046588309109, -0.0005406021955423057, 0.0008009082521311939, 0.00024720889632590115], [-4.7758076107129455e-05, -0.0009817793034017086, 0.0010157062206417322, -0.0006084218039177358, 0.0014540113043040037, -0.003412483958527446, 0.00750222522765398, -0.0038637658581137657, -0.0017788178520277143, 0.0006440995493903756, 5.6009805120993406e-05, -0.0022463342174887657, 0.002362730447202921], [0.00010570960876066238, 0.0002749500854406506, -0.0009745538700371981, -0.00026473766774870455, 0.001136888051405549, 0.001543763792142272, -0.0038637658581137657, 0.007926955819129944, -0.0028212417382746935, -0.000930642883758992, 0.0002397744683548808, 0.0017340757185593247, -0.0025642479304224253], [-0.0003106048970948905, 0.000598253624048084, -6.588792894035578e-05, -4.9048503569792956e-05, -0.002305048517882824, 9.861839498626068e-05, -0.0017788178520277143, -0.0028212417382746935, 0.007949362508952618, -0.001833210582844913, 0.0016518471529707313, -0.0026499859523028135, 0.001560885924845934], [0.00027751619927585125, -0.00037846650229766965, 0.0008297590538859367, 0.0005115386447869241, -0.0010633582714945078, -0.0008641046588309109, 0.0006440995493903756, -0.000930642883758992, -0.001833210582844913, 0.009978932328522205, -0.006808850914239883, 0.0021809544414281845, -0.000859414751175791], [-6.776197551516816e-05, -0.00010069535346701741, -0.00012598655303008854, -0.0008905504364520311, 0.0012269666185602546, -0.0005406021955423057, 5.6009805120993406e-05, 0.0002397744683548808, 0.0016518471529707313, -0.006808850914239883, 0.012789580971002579, -0.006915205158293247, 0.0022498390171676874], [-1.909011734824162e-05, 0.00023904856061562896, -0.000672824855428189, 0.002014057943597436, -0.0007968585705384612, 0.0008009082521311939, -0.0022463342174887657, 0.0017340757185593247, -0.0026499859523028135, 0.0021809544414281845, -0.006915205158293247, 0.015276904217898846, -0.0080258222296834], [0.0001773865515133366, -0.00012115138088120148, 0.00025208800798282027, -0.001572240493260324, 0.0008427981520071626, 0.00024720889632590115, 0.002362730447202921, -0.0025642479304224253, 0.001560885924845934, -0.000859414751175791, 0.0022498390171676874, -0.0080258222296834, 0.011953984387218952]], "metadata.audio_properties.analysis.downmix": "mix", "metadata.audio_properties.codec": "mp3", "metadata.audio_properties.md5_encoded": "f4cc1f817fb1798c0068ea329b25249c", "metadata.tags.file_name": "1182280045570572388.mp3", "metadata.version.essentia": "2.1-beta6-dev", "metadata.version.essentia_git_sha": "v2.1_beta5-1110-g77a6a954", "metadata.version.extractor": "music 2.0", "tonal.chords_key": "C", "tonal.chords_scale": "major", "tonal.key_edma.key": "C", "tonal.key_edma.scale": "major", "tonal.key_krumhansl.key": "C", "tonal.key_krumhansl.scale": "major", "tonal.key