{"song_id": "1182272843392761876", "download": "https://cdn.discordapp.com/attachments/1128313332273782784/1182272843392761876/chirp.mp4?ex=65841863&amp", "lyrics": "[verse]\nIn shadows I wander, a soul detached\nLost in the void, where pain hatched\nThe world blurs, my senses fade\nDissociation, my twisted escapade\n\n[chorus]\nInto the abyss, I'm drawn so deep\nAching heart, inside it weeps\nTormented by existence, I silently scream\nIn this coldwave of life, I drown in my dream", "style": ["random"], "essentia_features": {"lowlevel.average_loudness": 0.9652812480926514, "lowlevel.barkbands_crest.mean": 13.750123023986816, "lowlevel.barkbands_crest.stdev": 4.797440528869629, "lowlevel.barkbands_flatness_db.mean": 0.16557465493679047, "lowlevel.barkbands_flatness_db.stdev": 0.072015181183815, "lowlevel.barkbands_kurtosis.mean": 20.920629501342773, "lowlevel.barkbands_kurtosis.stdev": 37.81880569458008, "lowlevel.barkbands_skewness.mean": 3.363682985305786, "lowlevel.barkbands_skewness.stdev": 2.9603402614593506, "lowlevel.barkbands_spread.mean": 33.93541717529297, "lowlevel.barkbands_spread.stdev": 27.196552276611328, "lowlevel.dissonance.mean": 0.48730963468551636, "lowlevel.dissonance.stdev": 0.011289809830486774, "lowlevel.dynamic_complexity": 2.4091992378234863, "lowlevel.erbbands_crest.mean": 9.043289184570312, "lowlevel.erbbands_crest.stdev": 4.115060329437256, "lowlevel.erbbands_flatness_db.mean": 0.11023859679698944, "lowlevel.erbbands_flatness_db.stdev": 0.03757819905877113, "lowlevel.erbbands_kurtosis.mean": 2.0293641090393066, "lowlevel.erbbands_kurtosis.stdev": 6.329473495483398, "lowlevel.erbbands_skewness.mean": -0.5194303393363953, "lowlevel.erbbands_skewness.stdev": 1.3854973316192627, "lowlevel.erbbands_spread.mean": 73.63726043701172, "lowlevel.erbbands_spread.stdev": 41.676551818847656, "lowlevel.hfc.mean": 50.38025665283203, "lowlevel.hfc.stdev": 68.11346435546875, "lowlevel.loudness_ebu128.integrated": -20.17499351501465, "lowlevel.loudness_ebu128.loudness_range": 3.565065383911133, "lowlevel.loudness_ebu128.momentary.mean": -20.528751373291016, "lowlevel.loudness_ebu128.momentary.stdev": 1.7889719009399414, "lowlevel.loudness_ebu128.short_term.mean": -20.393728256225586, "lowlevel.loudness_ebu128.short_term.stdev": 1.3294572830200195, "lowlevel.melbands_crest.mean": 20.236568450927734, "lowlevel.melbands_crest.stdev": 4.010129451751709, "lowlevel.melbands_flatness_db.mean": 0.2614501416683197, "lowlevel.melbands_flatness_db.stdev": 0.0916142538189888, "lowlevel.melbands_kurtosis.mean": 117.51409149169922, "lowlevel.melbands_kurtosis.stdev": 177.8188934326172, "lowlevel.melbands_skewness.mean": 7.385202884674072, "lowlevel.melbands_skewness.stdev": 5.100132942199707, "lowlevel.melbands_spread.mean": 23.89453887939453, "lowlevel.melbands_spread.stdev": 31.845966339111328, "lowlevel.pitch_salience.mean": 0.4149361848831177, "lowlevel.pitch_salience.stdev": 0.13941234350204468, "lowlevel.silence_rate_20dB.mean": 1.0, "lowlevel.silence_rate_20dB.stdev": 0.0, "lowlevel.silence_rate_30dB.mean": 0.9273478984832764, "lowlevel.silence_rate_30dB.stdev": 0.2595658302307129, "lowlevel.silence_rate_60dB.mean": 0.0011813349556177855, "lowlevel.silence_rate_60dB.stdev": 0.03434988483786583, "lowlevel.spectral_centroid.mean": 1715.5828857421875, "lowlevel.spectral_centroid.stdev": 1116.373291015625, "lowlevel.spectral_complexity.mean": 17.35735321044922, "lowlevel.spectral_complexity.stdev": 13.302050590515137, "lowlevel.spectral_decrease.mean": -1.2831543827473979e-08, "lowlevel.spectral_decrease.stdev": 8.153471675598212e-09, "lowlevel.spectral_energy.mean": 0.0529988631606102, "lowlevel.spectral_energy.stdev": 0.03209777548909187, "lowlevel.spectral_energyband_high.mean": 0.005108019802719355, "lowlevel.spectral_energyband_high.stdev": 0.009244454093277454, "lowlevel.spectral_energyband_low.mean": 0.040254708379507065, "lowlevel.spectral_energyband_low.stdev": 0.02994159795343876, "lowlevel.spectral_energyband_middle_high.mean": 0.004294547252357006, "lowlevel.spectral_energyband_middle_high.stdev": 0.0069733248092234135, "lowlevel.spectral_energyband_middle_low.mean": 0.006780959200114012, "lowlevel.spectral_energyband_middle_low.stdev": 0.008413887582719326, "lowlevel.spectral_entropy.mean": 7.956470966339111, "lowlevel.spectral_entropy.stdev": 0.3235943913459778, "lowlevel.spectral_flux.mean": 0.10409197956323624, "lowlevel.spectral_flux.stdev": 0.05686545372009277, "lowlevel.spectral_kurtosis.mean": 1.81986403465271, "lowlevel.spectral_kurtosis.stdev": 1.3640143871307373, "lowlevel.spectral_rms.mean": 0.006906911730766296, "lowlevel.spectral_rms.stdev": 0.002000197069719434, "lowlevel.spectral_rolloff.mean": 1678.8414306640625, "lowlevel.spectral_rolloff.stdev": 2410.659912109375, "lowlevel.spectral_skewness.mean": 1.0343188047409058, "lowlevel.spectral_skewness.stdev": 0.47987279295921326, "lowlevel.spectral_spread.mean": 7245365.0, "lowlevel.spectral_spread.stdev": 2045094.875, "lowlevel.spectral_strongpeak.mean": 0.5169657468795776, "lowlevel.spectral_strongpeak.stdev": 0.5543119311332703, "lowlevel.zerocrossingrate.mean": 0.08062783628702164, "lowlevel.zerocrossingrate.stdev": 0.05272344499826431, "metadata.audio_properties.analysis.equal_loudness": 0.0, "metadata.audio_properties.analysis.length": 39.2746467590332, "metadata.audio_properties.analysis.sample_rate": 44100.0, "metadata.audio_properties.analysis.start_time": 0.0, "metadata.audio_properties.bit_rate": 121118.0, "metadata.audio_properties.length": 39.27466583251953, "metadata.audio_properties.lossless": 0.0, "metadata.audio_properties.number_channels": 1.0, "metadata.audio_properties.replay_gain": -4.639585494995117, "metadata.audio_properties.sample_rate": 48000.0, "rhythm.beats_count": 81.0, "rhythm.beats_loudness.mean": 0.06118791922926903, "rhythm.beats_loudness.stdev": 0.03912746533751488, "rhythm.bpm": 124.99757385253906, "rhythm.bpm_histogram_first_peak_bpm": 126.0, "rhythm.bpm_histogram_first_peak_weight": 0.3500000238418579, "rhythm.bpm_histogram_second_peak_bpm": 0.0, "rhythm.bpm_histogram_second_peak_spread": 0.0, "rhythm.bpm_histogram_second_peak_weight": 0.0, "rhythm.danceability": 1.2452231645584106, "rhythm.onset_rate": 4.097926616668701, "tonal.chords_changes_rate": 0.05667060241103172, "tonal.chords_number_rate": 0.010625737719237804, "tonal.chords_strength.mean": 0.5315192937850952, "tonal.chords_strength.stdev": 0.10102123022079468, "tonal.hpcp_crest.mean": 10.328195571899414, "tonal.hpcp_crest.stdev": 4.876936435699463, "tonal.hpcp_entropy.mean": 2.6352126598358154, "tonal.hpcp_entropy.stdev": 0.7069723010063171, "tonal.key_edma.strength": 0.40238064527511597, "tonal.key_krumhansl.strength": 0.3997354209423065, "tonal.key_temperley.strength": 0.38677358627319336, "tonal.tuning_diatonic_strength": 0.6180882453918457, "tonal.tuning_equal_tempered_deviation": 0.21624045073986053, "tonal.tuning_frequency": 434.193115234375, "tonal.tuning_nontempered_energy_ratio": 0.8910091519355774, "lowlevel.barkbands.mean": [0.0008403670508414507, 0.025356827303767204, 0.010667267255485058, 0.004826681688427925, 0.0005355970934033394, 0.0003232554590795189, 0.00025088898837566376, 0.00026824447559192777, 0.0004783270414918661, 0.00037059697206132114, 0.0003046871570404619, 0.00036543054739013314, 0.00034403972676955163, 0.00045612952089868486, 0.0005888259620405734, 0.0006865416653454304, 0.00045381663949228823, 0.00040158419869840145, 0.0002472362539265305, 0.000339841702952981, 0.0008326858514919877, 0.0008237367728725076, 0.00159513670951128, 0.0009904883336275816, 0.0002975070965476334, 0.00030894475639797747, 4.420178447617218e-05], "lowlevel.barkbands.stdev": [0.0008292272104881704, 0.026441551744937897, 0.009058557450771332, 0.007607948966324329, 0.0007526302360929549, 0.0008885992574505508, 0.0005080602713860571, 0.0005366446566767991, 0.0014961508568376303, 0.0011835587210953236, 0.0008103133295662701, 0.001575081143528223, 0.001187194837257266, 0.001648623263463378, 0.002654143376275897, 0.001973295584321022, 0.0012823932338505983, 0.0008265745127573609, 0.0005259623867459595, 0.0007344409241341054, 0.0013031808193773031, 0.0020386502146720886, 0.004411444999277592, 0.0022776364348828793, 0.00042066993773914874, 0.00030695609166286886, 4.4988144509261474e-05], "lowlevel.erbbands.mean": [0.5886346101760864, 5.991894245147705, 14.653977394104004, 14.662047386169434, 6.0170488357543945, 1.638262152671814, 1.8288989067077637, 3.0200648307800293, 3.3840770721435547, 5.161988735198975, 5.513524055480957, 9.12463665008545, 12.975091934204102, 13.129620552062988, 14.715338706970215, 12.726007461547852, 14.995140075683594, 23.8904972076416, 25.704896926879883, 37.71821975708008, 34.81874084472656, 25.704763412475586, 22.60108184814453, 16.075851440429688, 11.546622276306152, 15.921588897705078, 32.54237747192383, 27.87078285217285, 27.711585998535156, 47.23271942138672, 40.9993782043457, 25.191875457763672, 14.209176063537598, 4.920887470245361, 1.0366103649139404, 0.5087707042694092, 0.7171819806098938, 0.21856984496116638, 0.004646554123610258, 0.0001830718683777377], "lowlevel.erbbands.stdev": [0.665817141532898, 6.575230121612549, 12.38988208770752, 18.118562698364258, 8.51390552520752, 2.4661028385162354, 3.481931686401367, 9.657100677490234, 7.459530830383301, 10.034727096557617, 10.246635437011719, 24.8519229888916, 43.92641067504883, 41.71479797363281, 46.19594955444336, 44.27358627319336, 48.347469329833984, 86.16634368896484, 121.14591979980469, 123.68636322021484, 97.88533782958984, 66.83258819580078, 45.56636428833008, 36.97169876098633, 22.697765350341797, 34.02819061279297, 60.30852508544922, 41.06829071044922, 56.47227096557617, 129.20237731933594, 118.21568298339844, 65.40287017822266, 30.394296646118164, 7.983541488647461, 1.1807756423950195, 0.607217013835907, 0.7182201147079468, 0.2207852602005005, 0.004393914248794317, 0.00013772879901807755], "lowlevel.gfcc.mean": [27.465499877929688, 29.66329574584961, -56.938560485839844, 59.58616638183594, -35.694271087646484, 38.46979904174805, -18.047883987426758, 15.015828132629395, -16.07261848449707, 7.057754039764404, -24.882461547851562, 2.0496323108673096, -22.52756118774414], "lowlevel.melbands.mean": [0.006065885070711374, 0.007797271478921175, 0.0022221088875085115, 0.00020149869669694453, 6.378343823598698e-05, 6.581713387276977e-05, 5.226216308074072e-05, 5.8125802752329037e-05, 4.471895590540953e-05, 6.518830923596397e-05, 6.548014061991125e-05, 5.2767019951716065e-05, 4.502734373090789e-05, 4.638795871869661e-05, 2.4881295757950284e-05, 3.818686673184857e-05, 4.4940607040189207e-05, 3.847295374725945e-05, 4.62346724816598e-05, 5.126041287439875e-05, 3.849538552458398e-05, 2.762322583294008e-05, 2.1110361558385193e-05, 1.908446938614361e-05, 1.2437793884600978e-05, 8.325946510012727e-06, 8.448215339740273e-06, 1.0425586879136972e-05, 1.972155223484151e-05, 2.2285648810793646e-05, 1.3228003808762878e-05, 1.3687266800843645e-05, 1.9145467376802117e-05, 3.0803053959971294e-05, 2.4626875529065728e-05, 1.7730106264934875e-05, 1.5499885194003582e-05, 1.2225163118273485e-05, 6.183228833833709e-06, 3.0046219308133004e-06], "lowlevel.melbands.stdev": [0.006578194443136454, 0.006526252254843712, 0.0026336289010941982, 0.0002591662050690502, 0.00011538729449966922, 0.00019798887660726905, 0.0001121491877711378, 0.00011660308518912643, 8.715181320440024e-05, 0.00020034663612022996, 0.00022306137543637305, 0.0001737303682602942, 0.00012362889538053423, 0.00021016215032432228, 7.738914428045973e-05, 0.0001317671121796593, 0.0001726973569020629, 0.00017177902918774635, 0.00019226061704102904, 0.00016278673138003796, 0.0001190564435091801, 8.254234853666276e-05, 4.171135515207425e-05, 4.286303010303527e-05, 3.1642444810131565e-05, 1.73128537426237e-05, 1.7209118595928885e-05, 2.4409033358097076e-05, 4.4049204007023945e-05, 3.3596603316254914e-05, 2.1045798348495737e-05, 2.5816349079832435e-05, 5.395938569563441e-05, 8.402633829973638e-05, 7.031873246887699e-05, 5.532734212465584e-05, 3.86500105378218e-05, 2.8492160708992742e-05, 1.0731965630839113e-05, 4.786640147358412e-06], "lowlevel.melbands128.mean": [0.0007923918310552835, 0.004328426439315081, 0.007264074869453907, 0.011245815083384514, 0.009274709969758987, 0.004284973721951246, 0.0032665731851011515, 0.001820882549509406, 0.00036520761204883456, 0.00011097041715402156, 6.969035166548565e-05, 6.925258639967069e-05, 6.0190115618752316e-05, 5.861531099071726e-05, 7.26916769053787e-05, 6.856979598524049e-05, 5.1438750233501196e-05, 5.077313835499808e-05, 5.057198359281756e-05, 5.9099031204823405e-05, 6.686140841338784e-05, 4.124835322727449e-05, 4.453419751371257e-05, 4.358230216894299e-05, 4.0906652429839596e-05, 8.447637083008885e-05, 9.972605766961351e-05, 5.005954881198704e-05, 5.181633241591044e-05, 5.680936010321602e-05, 5.359653732739389e-05, 4.521984010352753e-05, 3.5498120269039646e-05, 5.0301317969569936e-05, 6.492841930594295e-05, 4.1258106648456305e-05, 2.4253526134998538e-05, 2.156095433747396e-05, 2.518674409657251e-05, 3.469242437859066e-05, 4.031472053611651e-05, 4.488111881073564e-05, 4.915712997899391e-05, 4.373548290459439e-05, 3.4906046494143084e-05, 3.218260098947212e-05, 5.079979382571764e-05, 4.04723068641033e-05, 4.3161904613953084e-05, 6.63707178318873e-05, 4.766002166434191e-05, 4.3280513637000695e-05, 4.324793189880438e-05, 3.312036278657615e-05, 3.574614311219193e-05, 2.6526680812821724e-05, 2.2520740458276123e-05, 2.048982059932314e-05, 2.1208665202721022e-05, 2.0310784748289734e-05, 2.2205163986654952e-05, 1.4919865861884318e-05, 1.3833331649948377e-05, 1.2223326848470606e-05, 9.1212214101688e-06, 8.315362720168196e-06, 7.585098501294851e-06, 7.749673386570066e-06, 8.80990774021484e-06, 9.277629033022095e-06, 8.787491424300242e-06, 1.0987424502673093e-05, 1.722607521514874e-05, 2.4471775759593584e-05, 1.7685426428215578e-05, 2.2683909264742397e-05, 2.74244011961855e-05, 1.4119693332759198e-05, 1.2674440768023487e-05, 8.800667274044827e-06, 1.228665769303916e-05, 1.602457086846698e-05, 1.701041946944315e-05, 1.9231372789363377e-05, 2.0377601686050184e-05, 2.657975346664898e-05, 3.892903259838931e-05, 3.137843305012211e-05, 1.8816444935509935e-05, 2.4832468625390902e-05, 2.287537972733844e-05, 1.3836131984135136e-05, 1.2433056326699443e-05, 1.49250890899566e-05, 1.760732448019553e-05, 1.864159457909409e-05, 1.047458681568969e-05, 3.5547811876313062e-06, 6.590229986613849e-06, 7.863626706239302e-06, 4.578840162139386e-06, 2.0297261471569072e-06, 9.51703896134859e-07, 1.4130512226984138e-06, 9.77047989181301e-07, 9.363549224872258e-07, 8.893989047464856e-07, 6.993823831180634e-07, 6.46442060769914e-07, 7.854852697164461e-07, 1.2679583960562013e-06, 1.5183205732682836e-06, 2.9659497613465646e-06, 3.0608837278123247e-06, 2.7369371764507378e-06, 2.9555740184150636e-06, 1.7783769408197259e-06, 1.876678368262219e-07, 1.127645980064651e-11, 9.0526232343624e-12, 7.653222673653648e-12, 7.30673768017942e-12, 7.0664806471609776e-12, 6.866833057034283e-12, 6.570089090829345e-12, 6.182885366884383e-12, 5.960212358380179e-12, 5.8952673472056905e-12], "lowlevel.melbands128.stdev": [0.0007854294963181019, 0.004930015653371811, 0.010606185533106327, 0.012463351711630821, 0.00861208327114582, 0.00349795981310308, 0.004455720540136099, 0.002912885043770075, 0.0005320253549143672, 0.00019451550906524062, 0.00014822820958215743, 0.0001478468911955133, 0.00013094159658066928, 0.00017121406563092023, 0.0002719332987908274, 0.0002603539905976504, 0.00012408028123900294, 0.00015516493294853717, 0.00011072291090385988, 0.00013587264402303845, 0.00017445626144763082, 8.463047561235726e-05, 0.00011748471297323704, 0.00010783274046843871, 0.00010401843610452488, 0.00034609262365847826, 0.0004784350749105215, 0.00017945731815416366, 0.00018288013234268874, 0.0002546013274695724, 0.000216352054849267, 0.00015183833602350205, 9.289936133427545e-05, 0.000170608313055709, 0.00040196027839556336, 0.0001993116020457819, 7.831829861970618e-05, 8.185576007235795e-05, 0.00010827610094565898, 0.00014200617442838848, 0.0001625030708964914, 0.00019140618678648025, 0.0002545728057157248, 0.0001853729336289689, 0.0001185125729534775, 0.00013340573059394956, 0.0004334817349445075, 0.00024061877047643065, 0.0001507451815996319, 0.00029520472162403166, 0.00017092643247451633, 0.00014633919636253268, 0.00016014349239412695, 0.00011298021854599938, 0.0001414450816810131, 9.149950346909463e-05, 6.40879079583101e-05, 4.572454417939298e-05, 4.799206362804398e-05, 5.203110777074471e-05, 6.128167296992615e-05, 3.481258318061009e-05, 4.700635327026248e-05, 3.201836807420477e-05, 2.1422543795779347e-05, 1.904113742057234e-05, 1.9226617951062508e-05, 1.764697299222462e-05, 1.7722717529977672e-05, 2.4964621843537316e-05, 2.3718921511317603e-05, 3.058727452298626e-05, 4.906041067442857e-05, 6.101246617618017e-05, 3.3028918551281095e-05, 3.720407039509155e-05, 4.344801345723681e-05, 2.416955067019444e-05, 2.4494240278727375e-05, 1.7419515643268824e-05, 2.5218696464435197e-05, 3.4540920751169324e-05, 4.288222044124268e-05, 5.381440496421419e-05, 7.473866571672261e-05, 7.939561328385025e-05, 0.00011131467181257904, 9.007241897052154e-05, 5.444433190859854e-05, 8.588572381995618e-05, 7.51487459638156e-05, 5.094102743896656e-05, 3.9827900764066726e-05, 4.033588993479498e-05, 4.4731445086654276e-05, 4.614256613422185e-05, 2.658099947439041e-05, 7.3601308940851595e-06, 1.2184842489659786e-05, 1.416980830981629e-05, 9.028074600792024e-06, 3.7605934721796075e-06, 1.5157870620896574e-06, 2.4498626771674026e-06, 1.3598098576039774e-06, 1.4214620023267344e-06, 1.5449626289409935e-06, 1.1567474302864866e-06, 1.1369342018952011e-06, 1.3426813438854879e-06, 2.104390205204254e-06, 1.7596220232007909e-06, 3.433236315686372e-06, 3.1974211651686346e-06, 3.17241301672766e-06, 3.5624398151412606e-06, 1.7895380324262078e-06, 2.6496192617742054e-07, 1.830342995223777e-11, 3.34107672084194e-11, 1.1640937346013569e-11, 1.1047807634001483e-11, 1.0730285583682164e-11, 1.0481907876391805e-11, 1.0281316596694179e-11, 1.0131977722094287e-11, 1.0022552232591408e-11, 9.956475748029714e-12], "lowlevel.mfcc.mean": [-634.31201171875, 65.58958435058594, 43.46000671386719, 35.77913284301758, 20.863069534301758, 30.042354583740234, 14.51107406616211, 18.098114013671875, 15.060880661010742, 10.2709379196167, 6.446738243103027, 7.020427703857422, -1.7322252988815308], "lowlevel.spectral_contrast_coeffs.mean": [-0.6630395650863647, -0.8301153182983398, -0.8273162245750427, -0.8126739859580994, -0.8006626963615417, -0.7356840372085571], "lowlevel.spectral_contrast_coeffs.stdev": [0.06862431764602661, 0.05290324613451958, 0.05020114779472351, 0.06245149299502373, 0.041659750044345856, 0.04890715330839157], "lowlevel.spectral_contrast_valleys.mean": [-6.620197772979736, -7.216935157775879, -7.674103260040283, -7.779282093048096, -7.399226665496826, -9.332589149475098], "lowlevel.spectral_contrast_valleys.stdev": [0.5471886992454529, 0.7778458595275879, 0.9571264982223511, 0.9953747391700745, 0.8507344722747803, 0.6983717083930969], "rhythm.beats_loudness_band_ratio.mean": [0.7734719514846802, 0.016437217593193054, 0.031246976926922798, 0.03772467374801636, 0.05328376963734627, 0.0929771140217781], "rhythm.beats_loudness_band_ratio.stdev": [0.18608058989048004, 0.02012934908270836, 0.0557197704911232, 0.0696144700050354, 0.08965016156435013, 0.11811700463294983], "tonal.hpcp.mean": [0.04115823656320572, 0.023618515580892563, 0.02145403064787388, 0.0236328337341547, 0.025318050757050514, 0.024648265913128853, 0.031222661957144737, 0.03961153328418732, 0.05709388479590416, 0.07364776730537415, 0.06074690446257591, 0.04148244485259056, 0.04245458170771599, 0.05051974207162857, 0.037419918924570084, 0.029301607981324196, 0.05468945577740669, 0.14832867681980133, 0.17730595171451569, 0.08878881484270096, 0.050055697560310364, 0.06757191568613052, 0.09613941609859467, 0.13675616681575775, 0.21630120277404785, 0.25062131881713867, 0.18524526059627533, 0.12256696075201035, 0.1100938618183136, 0.11173532158136368, 0.13016124069690704, 0.14629900455474854, 0.14081288874149323, 0.13746434450149536, 0.13281118869781494, 0.0938890278339386], "tonal.hpcp.stdev": [0.13243383169174194, 0.09412334859371185, 0.09149366617202759, 0.09647392481565475, 0.10636148601770401, 0.09127272665500641, 0.11160099506378174, 0.12381717562675476, 0.16231977939605713, 0.18405459821224213, 0.15099717676639557, 0.1064561977982521, 0.11612670868635178, 0.15304914116859436, 0.12301234155893326, 0.10709153860807419, 0.15259617567062378, 0.2748144865036011, 0.3212502896785736, 0.18505437672138214, 0.1564464420080185, 0.19628657400608063, 0.24251607060432434, 0.2700274884700775, 0.3409554958343506, 0.3763669729232788, 0.31477412581443787, 0.25019723176956177, 0.24847836792469025, 0.249508798122406, 0.27161380648612976, 0.29532650113105774, 0.27935460209846497, 0.27227064967155457, 0.2786030173301697, 0.23358359932899475], "rhythm.beats_position": [0.4643990993499756, 0.952018141746521, 1.4396371841430664, 1.9156461954116821, 2.391655206680298, 2.867664337158203, 3.3436734676361084, 3.8196823596954346, 4.29569149017334, 4.783310413360596, 5.27092981338501, 5.758548736572266, 6.234557628631592, 6.710566997528076, 7.198185920715332, 7.674194812774658, 8.150203704833984, 8.626213073730469, 9.102222442626953, 9.58984088897705, 10.065850257873535, 10.54185962677002, 11.029478073120117, 11.517097473144531, 11.9931058883667, 12.469115257263184, 12.956734657287598, 13.432743072509766, 13.90875244140625, 14.384761810302734, 14.860771179199219, 15.348389625549316, 15.8243989944458, 16.30040740966797, 16.788026809692383, 17.275646209716797, 17.75165557861328, 18.227664947509766, 18.715282440185547, 19.19129180908203, 19.667301177978516, 20.15492057800293, 20.630929946899414, 21.1069393157959, 21.59455680847168, 22.070566177368164, 22.54657554626465, 23.034194946289062, 23.510204315185547, 23.9862117767334, 24.473831176757812, 24.949840545654297, 25.42584991455078, 25.913469314575195, 26.40108871459961, 26.87709617614746, 27.353105545043945, 27.82911491394043, 28.305124282836914, 28.7811336517334, 29.257143020629883, 29.744760513305664, 30.232379913330078, 30.708389282226562, 31.184398651123047, 31.67201805114746, 32.14802551269531, 32.6240348815918, 33.10004425048828, 33.58766555786133, 34.06367111206055, 34.551292419433594, 35.02730178833008, 35.50331115722656, 35.990928649902344, 36.47854995727539, 36.95455551147461, 37.430564880371094, 37.90657424926758, 38.38258361816406, 38.87020492553711], "rhythm.bpm_histogram": [0.0, 0.0, 0.0, 0.0, 0.0, 0.0, 0.0, 0.0, 0.0, 0.0, 0.0, 0.0, 0.0, 0.0, 0.0, 0.0, 0.0, 0.0, 0.0, 0.0, 0.0, 0.0, 0.0, 0.0, 0.0, 0.0, 0.0, 0.0, 0.0, 0.0, 0.0, 0.0, 0.0, 0.0, 0.0, 0.0, 0.0, 0.0, 0.0, 0.0, 0.0, 0.0, 0.0, 0.0, 0.0, 0.0, 0.0, 0.0, 0.0, 0.0, 0.0, 0.0, 0.0, 0.0, 0.0, 0.0, 0.0, 0.0, 0.0, 0.0, 0.0, 0.0, 0.0, 0.0, 0.0, 0.0, 0.0, 0.0, 0.0, 0.0, 0.0, 0.0, 0.0, 0.0, 0.0, 0.0, 0.0, 0.0, 0.0, 0.0, 0.0, 0.0, 0.0, 0.0, 0.0, 0.0, 0.0, 0.0, 0.0, 0.0, 0.0, 0.0, 0.0, 0.0, 0.0, 0.0, 0.0, 0.0, 0.0, 0.0, 0.0, 0.0, 0.0, 0.0, 0.0, 0.0, 0.0, 0.0, 0.0, 0.0, 0.0, 0.0, 0.0, 0.0, 0.0, 0.0, 0.0, 0.0, 0.0, 0.0, 0.0, 0.0, 0.0, 0.3499999940395355, 0.0, 0.0, 0.6499999761581421, 0.0, 0.0, 0.0, 0.0, 0.0, 0.0, 0.0, 0.0, 0.0, 0.0, 0.0, 0.0, 0.0, 0.0, 0.0, 0.0, 0.0, 0.0, 0.0, 0.0, 0.0, 0.0, 0.0, 0.0, 0.0, 0.0, 0.0, 0.0, 0.0, 0.0, 0.0, 0.0, 0.0, 0.0, 0.0, 0.0, 0.0, 0.0, 0.0, 0.0, 0.0, 0.0, 0.0, 0.0, 0.0, 0.0, 0.0, 0.0, 0.0, 0.0, 0.0, 0.0, 0.0, 0.0, 0.0, 0.0, 0.0, 0.0, 0.0, 0.0, 0.0, 0.0, 0.0, 0.0, 0.0, 0.0, 0.0, 0.0, 0.0, 0.0, 0.0, 0.0, 0.0, 0.0, 0.0, 0.0, 0.0, 0.0, 0.0, 0.0, 0.0, 0.0, 0.0, 0.0, 0.0, 0.0, 0.0, 0.0, 0.0, 0.0, 0.0, 0.0, 0.0, 0.0, 0.0, 0.0, 0.0, 0.0, 0.0, 0.0, 0.0, 0.0, 0.0, 0.0, 0.0, 0.0, 0.0, 0.0, 0.0, 0.0, 0.0, 0.0, 0.0, 0.0, 0.0, 0.0, 0.0, 0.0, 0.0, 0.0, 0.0, 0.0, 0.0], "tonal.chords_histogram": [2.715466260910034, 2.4793388843536377, 0.0, 0.0, 0.0, 0.0, 0.0, 0.0, 0.8264462947845459, 0.23612751066684723, 1.77095627784729, 0.0, 1.062573790550232, 49.11452102661133, 13.931523323059082, 6.257379055023193, 0.23612751066684723, 0.0, 0.0, 0.35419127345085144, 0.0, 0.0, 18.18181800842285, 2.8335301876068115], "tonal.thpcp": [1.0, 0.7391440868377686, 0.489052414894104, 0.43928369879722595, 0.4458332657814026, 0.5193542242050171, 0.5837452411651611, 0.5618551969528198, 0.5484942197799683, 0.5299277305603027, 0.3746250569820404, 0.1642248034477234, 0.09423985332250595, 0.08560337126255035, 0.09429698437452316, 0.10102114081382751, 0.09834863990545273, 0.12458103150129318, 0.15805332362651825, 0.2278093695640564, 0.2938607335090637, 0.24238522350788116, 0.16551841795444489, 0.16939732432365417, 0.20157799124717712, 0.14930860698223114, 0.11691586673259735, 0.21821549534797668, 0.5918437838554382, 0.7074655890464783, 0.35427477955818176, 0.1997264176607132, 0.26961758732795715, 0.3836042881011963, 0.5456685423851013, 0.8630598783493042], "lowlevel.gfcc.cov": [[3823.873291015625, -50.73177719116211, -1637.52099609375, -237.14651489257812, -216.80433654785156, -183.96279907226562, -242.86590576171875, -57.46052932739258, 198.489501953125, -137.64707946777344, -12.321414947509766, 58.56482696533203, 41.742523193359375], [-50.73177719116211, 810.1788330078125, -254.5283203125, -419.3116149902344, 128.90945434570312, -101.3968505859375, -21.350784301757812, 58.16852569580078, -7.815735816955566, 15.440677642822266, 2.9914438724517822, 66.5018310546875, 46.309959411621094], [-1637.52099609375, -254.5283203125, 1197.42529296875, 287.7584533691406, -25.429828643798828, 110.89984893798828, 116.15990447998047, -10.068742752075195, -110.96778869628906, 68.36915588378906, 5.168662071228027, -40.824546813964844, -44.00668716430664], [-237.14651489257812, -419.3116149902344, 287.7584533691406, 517.5972900390625, -80.94129180908203, -13.720874786376953, -19.872699737548828, -77.94613647460938, -2.2190752029418945, -27.36131477355957, -9.39946460723877, -63.92879104614258, -1.1115078926086426], [-216.80433654785156, 128.90945434570312, -25.429828643798828, -80.94129180908203, 318.6726379394531, -2.7817864418029785, -31.53032112121582, 59.2904167175293, 25.266103744506836, 50.05503845214844, -31.93157196044922, 15.568818092346191, 11.277677536010742], [-183.96279907226562, -101.3968505859375, 110.89984893798828, -13.720874786376953, -2.7817864418029785, 182.07171630859375, 113.79757690429688, -8.02020263671875, -24.913253784179688, -7.32999324798584, 27.210214614868164, -26.11512565612793, -27.24932861328125], [-242.86590576171875, -21.350784301757812, 116.15990447998047, -19.872699737548828, -31.53032112121582, 113.79757690429688, 202.02047729492188, 41.728389739990234, -62.27180862426758, -19.524444580078125, 29.387855529785156, -15.726539611816406, -24.7591552734375], [-57.46052932739258, 58.16852569580078, -10.068742752075195, -77.94613647460938, 59.2904167175293, -8.02020263671875, 41.728389739990234, 119.9145736694336, 26.04034423828125, 1.2684983015060425, -2.8397409915924072, 25.303020477294922, 12.607832908630371], [198.489501953125, -7.815735816955566, -110.96778869628906, -2.2190752029418945, 25.266103744506836, -24.913253784179688, -62.27180862426758, 26.04034423828125, 146.3124237060547, 29.118865966796875, 14.388168334960938, 18.542949676513672, 14.259432792663574], [-137.64707946777344, 15.440677642822266, 68.36915588378906, -27.36131477355957, 50.05503845214844, -7.32999324798584, -19.524444580078125, 1.2684983015060425, 29.118865966796875, 111.822998046875, 28.231782913208008, 3.8183605670928955, -7.409905910491943], [-12.321414947509766, 2.9914438724517822, 5.168662071228027, -9.39946460723877, -31.93157196044922, 27.210214614868164, 29.387855529785156, -2.8397409915924072, 14.388168334960938, 28.231782913208008, 87.00582885742188, 28.561460494995117, -7.686342239379883], [58.56482696533203, 66.5018310546875, -40.824546813964844, -63.92879104614258, 15.568818092346191, -26.11512565612793, -15.726539611816406, 25.303020477294922, 18.542949676513672, 3.8183605670928955, 28.561460494995117, 82.86812591552734, 33.93018341064453], [41.742523193359375, 46.309959411621094, -44.00668716430664, -1.1115078926086426, 11.277677536010742, -27.24932861328125, -24.7591552734375, 12.607832908630371, 14.259432792663574, -7.409905910491943, -7.686342239379883, 33.93018341064453, 61.21364974975586]], "lowlevel.gfcc.icov": [[0.0008670256356708705, 0.0004803749325219542, 0.0011550545459613204, 0.00023680285084992647, 0.0005713031277991831, 0.00021346189896576107, 0.00026580551639199257, 0.00020842648518737406, -0.0002966418687719852, 0.00019592967873904854, 0.0002951042843051255, -0.00047922038356773555, 0.00032986857695505023], [0.0004803749325219542, 0.0035546591971069574, 0.0001888691185740754, 0.003463929984718561, -0.0011301145423203707, 0.003702644957229495, -0.0013397674774751067, 0.0019450160907581449, -0.0004569761222228408, 0.00172522384673357, -0.002201944123953581, 0.002133981790393591, -0.003048210870474577], [0.0011550545459613204, 0.0001888691185740754, 0.0030258595943450928, -0.0012831162894144654, 0.0012765696737915277, -0.0013048361288383603, 0.0005691578844562173, -0.0009004785097204149, 0.0009678347269073129, -0.001830309396609664, 0.001833228743635118, -0.0022594151087105274, 0.0018566569779068232], [0.00023680285084992647, 0.003463929984718561, -0.0012831162894144654, 0.006867121905088425, -0.0014636768028140068, 0.005322095472365618, -0.0018499281723052263, 0.004116373136639595, -0.0019654601346701384, 0.0038917765486985445, -0.004078123718500137, 0.005946281831711531, -0.005416162312030792], [0.0005713031277991831, -0.0011301145423203707, 0.0012765696737915277, -0.0014636768028140068, 0.00554738100618124, -0.0032867426052689552, 0.0024235632736235857, -0.0034626517444849014, 0.0006875330582261086, -0.0035097463987767696, 0.004154870752245188, -0.002829557051882148, 0.002069961279630661], [0.00021346189896576107, 0.003702644957229495, -0.0013048361288383603, 0.005322095472365618, -0.0032867426052689552, 0.015375945717096329, -0.008451874367892742, 0.006906598806381226, -0.0034011167008429766, 0.004628550261259079, -0.005726824048906565, 0.006255634594708681, -0.004013014491647482], [0.00026580551639199257, -0.0013397674774751067, 0.0005691578844562173, -0.0018499281723052263, 0.0024235632736235857, -0.008451874367892742, 0.013929368928074837, -0.00860610231757164, 0.005519367288798094, -7.128241850296035e-05, -0.0024117266293615103, 0.00044313896796666086, 0.0025628104340285063], [0.00020842648518737406, 0.0019450160907581449, -0.0009004785097204149, 0.004116373136639595, -0.0034626517444849014, 0.006906598806381226, -0.00860610231757164, 0.017000755295157433, -0.005974986590445042, 0.0031176318880170584, 0.0003450297226663679, -0.000526572170201689, -0.0033518215641379356], [-0.0002966418687719852, -0.0004569761222228408, 0.0009678347269073129, -0.0019654601346701384, 0.0006875330582261086, -0.0034011167008429766, 0.005519367288798094, -0.005974986590445042, 0.011553449556231499, -0.0034501554910093546, -0.0015817702515050769, -0.0007242418359965086, 0.00012433421215973794], [0.00019592967873904854, 0.00172522384673357, -0.001830309396609664, 0.0038917765486985445, -0.0035097463987767696, 0.004628550261259079, -7.128241850296035e-05, 0.0031176318880170584, -0.0034501554910093546, 0.015588165260851383, -0.008649352006614208, 0.005657313857227564, -0.0021790897008031607], [0.0002951042843051255, -0.002201944123953581, 0.001833228743635118, -0.004078123718500137, 0.004154870752245188, -0.005726824048906565, -0.0024117266293615103, 0.0003450297226663679, -0.0015817702515050769, -0.008649352006614208, 0.024009689688682556, -0.0150513406842947, 0.009026236832141876], [-0.00047922038356773555, 0.002133981790393591, -0.0022594151087105274, 0.005946281831711531, -0.002829557051882148, 0.006255634594708681, 0.00044313896796666086, -0.000526572170201689, -0.0007242418359965086, 0.005657313857227564, -0.0150513406842947, 0.028595419600605965, -0.01609686017036438], [0.00032986857695505023, -0.003048210870474577, 0.0018566569779068232, -0.005416162312030792, 0.002069961279630661, -0.004013014491647482, 0.0025628104340285063, -0.0033518215641379356, 0.00012433421215973794, -0.0021790897008031607, 0.009026236832141876, -0.01609686017036438, 0.02897593192756176]], "lowlevel.mfcc.cov": [[5171.6865234375, -339.9096984863281, -1523.8326416015625, -396.2099304199219, -232.63992309570312, -271.9569396972656, -522.6188354492188, -4.593723773956299, -78.73267364501953, -80.71320343017578, -159.0299530029297, -6.177948951721191, -74.49021911621094], [-339.9096984863281, 1173.2423095703125, -416.9856262207031, -286.4282531738281, 29.800697326660156, -153.1095428466797, 14.910431861877441, -8.43721866607666, 68.61113739013672, -114.5041732788086, 64.7332534790039, 29.33034324645996, 26.465017318725586], [-1523.8326416015625, -416.9856262207031, 1074.7337646484375, 251.65301513671875, -57.46572494506836, 159.47030639648438, 162.2857208251953, 1.4521187543869019, -54.34067916870117, 57.424686431884766, -3.1655585765838623, 5.903241157531738, 34.72202682495117], [-396.2099304199219, -286.4282531738281, 251.65301513671875, 366.6512756347656, 81.45306396484375, 19.57137680053711, -14.113378524780273, -49.54707336425781, 7.537347316741943, 12.557398796081543, -46.29606246948242, -16.21367835998535, 34.677494049072266], [-232.63992309570312, 29.800697326660156, -57.46572494506836, 81.45306396484375, 248.50941467285156, 16.357845306396484, -67.81715393066406, -38.087032318115234, 49.63782501220703, 9.794857025146484, 2.311507225036621, 6.173388957977295, 26.818357467651367], [-271.9569396972656, -153.1095428466797, 159.47030639648438, 19.57137680053711, 16.357845306396484, 166.2976837158203, 81.10578155517578, -12.789587020874023, -27.126392364501953, 43.121246337890625, 24.23692512512207, -17.47430419921875, -26.939226150512695], [-522.6188354492188, 14.910431861877441, 162.2857208251953, -14.113378524780273, -67.81715393066406, 81.10578155517578, 248.2773895263672, 68.35710906982422, -13.330207824707031, 21.909622192382812, 47.6468620300293, -19.690542221069336, -41.630619049072266], [-4.593723773956299, -8.43721866607666, 1.4521187543869019, -49.54707336425781, -38.087032318115234, -12.789587020874023, 68.35710906982422, 133.57345581054688, 25.5903263092041, 0.8774334788322449, -2.8104798793792725, 4.9365997314453125, -11.95002555847168], [-78.73267364501953, 68.61113739013672, -54.34067916870117, 7.537347316741943, 49.63782501220703, -27.126392364501953, -13.330207824707031, 25.5903263092041, 98.4686279296875, 9.397401809692383, -11.844367980957031, -6.785257816314697, 14.322633743286133], [-80.71320343017578, -114.5041732788086, 57.424686431884766, 12.557398796081543, 9.794857025146484, 43.121246337890625, 21.909622192382812, 0.8774334788322449, 9.397401809692383, 107.1156234741211, 38.739200592041016, -9.59273910522461, -21.11560821533203], [-159.0299530029297, 64.7332534790039, -3.1655585765838623, -46.29606246948242, 2.311507225036621, 24.23692512512207, 47.6468620300293, -2.8104798793792725, -11.844367980957031, 38.739200592041016, 98.76360321044922, 19.47092628479004, -21.892051696777344], [-6.177948951721191, 29.33034324645996, 5.903241157531738, -16.21367835998535, 6.173388957977295, -17.47430419921875, -19.690542221069336, 4.9365997314453125, -6.785257816314697, -9.59273910522461, 19.47092628479004, 79.79545593261719, 34.05531692504883], [-74.49021911621094, 26.465017318725586, 34.72202682495117, 34.677494049072266, 26.818357467651367, -26.939226150512695, -41.630619049072266, -11.95002555847168, 14.322633743286133, -21.11560821533203, -21.892051696777344, 34.05531692504883, 93.0196762084961]], "lowlevel.mfcc.icov": [[0.0008332952274940908, 0.000694389280397445, 0.0012384149013087153, 0.00044311737292446196, 0.0009649144485592842, 0.000128871644847095, 0.0011080417316406965, -0.00013280277198646218, 0.0006049811490811408, 1.4201440535543952e-05, 0.0006872346275486052, -0.00016181166574824601, 0.00021130008099135011], [0.000694389280397445, 0.002419204916805029, 0.0011902496917173266, 0.0017498121596872807, 0.0001992710749618709, 0.0016866796649992466, -0.0003300461103208363, 0.001275767688639462, -0.0008180849836207926, 0.0019195078639313579, -0.0008302366477437317, 0.00019749805505853146, -0.0004876350867561996], [0.0012384149013087153, 0.0011902496917173266, 0.003440564963966608, -0.0003217030898667872, 0.0020206186454743147, -0.0008382113883271813, 0.0008526541059836745, -0.00023009857977740467, 0.001244613784365356, -0.00036268768599256873, 0.0011807950213551521, -0.000692325527779758, -0.0007271412760019302], [0.00044311737292446196, 0.0017498121596872807, -0.0003217030898667872, 0.005647612269967794, -0.0016313965898007154, 0.0023318836465477943, -0.0010025951778516173, 0.0025168268475681543, -0.0004730673099402338, 0.00045787711860612035, 0.0016584903933107853, 0.0007552177412435412, -0.0008174104150384665], [0.0009649144485592842, 0.0001992710749618709, 0.0020206186454743147, -0.0016313965898007154, 0.0075757126323878765, -0.0029020975343883038, 0.003532551694661379, -9.440356370760128e-05, -0.0023256319109350443, 0.00013472190767060965, -0.0007543374667875469, -0.000631870178040117, -0.00044334743870422244], [0.000128871644847095, 0.0016866796649992466, -0.0008382113883271813, 0.0023318836465477943, -0.0029020975343883038, 0.011821813881397247, -0.0042947265319526196, 0.003225201740860939, 0.0017077097436413169, -0.0015677441842854023, 0.00033537214039824903, 0.0009584305225871503, 0.0009287375723943114], [0.0011080417316406965, -0.0003300461103208363, 0.0008526541059836745, -0.0010025951778516173, 0.003532551694661379, -0.0042947265319526196, 0.010570365004241467, -0.005388213787227869, 0.0010119026992470026, 0.0008971430943347514, -0.003034690860658884, 0.001998794497922063, 0.0014148370828479528], [-0.00013280277198646218, 0.001275767688639462, -0.00023009857977740467, 0.0025168268475681543, -9.440356370760128e-05, 0.003225201740860939, -0.005388213787227869, 0.012665431946516037, -0.004504429642111063, 0.0002928874164354056, 0.0024676674511283636, -0.0028254545759409666, 0.0012304289266467094], [0.0006049811490811408, -0.0008180849836207926, 0.001244613784365356, -0.0004730673099402338, -0.0023256319109350443, 0.0017077097436413169, 0.0010119026992470026, -0.004504429642111063, 0.01613958179950714, -0.0044353920966386795, 0.0031203273683786392, 0.002215880900621414, -0.00210054824128747], [1.4201440535543952e-05, 0.0019195078639313579, -0.00036268768599256873, 0.00045787711860612035, 0.00013472190767060965, -0.0015677441842854023, 0.0008971430943347514, 0.0002928874164354056, -0.0044353920966386795, 0.015640804544091225, -0.008016038686037064, 0.0023569599725306034, 0.0008601633599027991], [0.0006872346275486052, -0.0008302366477437317, 0.0011807950213551521, 0.0016584903933107853, -0.0007543374667875469, 0.00033537214039824903, -0.003034690860658884, 0.0024676674511283636, 0.0031203273683786392, -0.008016038686037064, 0.019979426637291908, -0.007506941445171833, 0.004151348490267992], [-0.00016181166574824601, 0.00019749805505853146, -0.000692325527779758, 0.0007552177412435412, -0.000631870178040117, 0.0009584305225871503, 0.001998794497922063, -0.0028254545759409666, 0.002215880900621414, 0.0023569599725306034, -0.007506941445171833, 0.019222835078835487, -0.007828119210898876], [0.00021130008099135011, -0.0004876350867561996, -0.0007271412760019302, -0.0008174104150384665, -0.00044334743870422244, 0.0009287375723943114, 0.0014148370828479528, 0.0012304289266467094, -0.00210054824128747, 0.0008601633599027991, 0.004151348490267992, -0.007828119210898876, 0.017184223979711533]], "metadata.audio_properties.analysis.downmix": "mix", "metadata.audio_properties.codec": "mp3", "metadata.audio_properties.md5_encoded": "3b8be66121bd08206be8dfa581f0cf36", "metadata.tags.file_name": "1182272843392761876.mp3", "metadata.version.essentia": "2.1-beta6-dev", "metadata.version.es