{"song_id": "1182268734388310026", "download": "https://cdn.discordapp.com/attachments/1128313332273782784/1182268734388310026/chirp.mp4?ex=6584148f&amp", "lyrics": "(Pre-Chorus)\n\u041a\u0430\u0436\u0434\u044b\u0439 \u0434\u0435\u043d\u044c, \u043a\u043e\u0433\u0434\u0430 \u044f \u043f\u0440\u043e\u0441\u044b\u043f\u0430\u044e\u0441\u044c \u0440\u044f\u0434\u043e\u043c \u0441 \u0442\u043e\u0431\u043e\u0439,\n\u041f\u043e\u043d\u0438\u043c\u0430\u044e, \u043d\u0430\u0441\u043a\u043e\u043b\u044c\u043a\u043e \u0441\u0447\u0430\u0441\u0442\u043b\u0438\u0432\u0430 \u044f \u0432 \u044d\u0442\u043e\u043c \u043c\u0438\u0440\u0435.\n\u0422\u044b - \u043c\u043e\u0439 \u043a\u0430\u043c\u0435\u043d\u044c \u043e\u043f\u043e\u0440\u044b, \u043c\u043e\u0439 \u043b\u0443\u0447\u0448\u0438\u0439 \u0434\u0440\u0443\u0433,\n\u0421 \u0442\u043e\u0431\u043e\u0439 \u044f \u0432\u0441\u0435\u0433\u0434\u0430 \u0447\u0443\u0432\u0441\u0442\u0432\u0443\u044e \u0441\u0435\u0431\u044f \u043d\u0430 \u0432\u044b\u0441\u043e\u0442\u0435.\n\n(Chorus)\n\u0410\u043b\u0438\u0447\u043a\u0430, \u043c\u043e\u044f \u043b\u044e\u0431\u043e\u0432\u044c,\n\u0422\u044b - \u043c\u043e\u0435 \u0441\u0447\u0430\u0441\u0442\u044c\u0435, \u043c\u043e\u0439 \u0443\u044e\u0442.\n\u0417\u0430 \u0442\u0432\u043e\u044e \u043d\u0435\u0436\u043d\u043e\u0441\u0442\u044c \u0438 \u043b\u0430\u0441\u043a\u0443,\n\u042f \u0431\u043b\u0430\u0433\u043e\u0434\u0430\u0440\u044e \u043a\u0430\u0436\u0434\u044b\u0439 \u0434\u0435\u043d\u044c.\n\n(Verse 2)\n\u041c\u044b \u043f\u0440\u043e\u0448\u043b\u0438 \u0432\u043c\u0435\u0441\u0442\u0435 \u043c\u043d\u043e\u0433\u043e \u0438\u0441\u043f\u044b\u0442\u0430\u043d\u0438\u0439,\n\u0418 \u0432\u0441\u0435\u0433\u0434\u0430 \u0442\u044b \u0431\u044b\u043b \u0440\u044f\u0434\u043e\u043c, \u043f\u043e\u0434\u0434\u0435\u0440\u0436\u043a\u043e\u0439 \u043c\u043e\u0435\u0439.\n\u0422\u0432\u043e\u044f \u0443\u043b\u044b\u0431\u043a\u0430 \u043e\u0441\u0432\u0435\u0449\u0430\u0435\u0442 \u043c\u043e\u0438 \u0434\u043d\u0438,\n\u0421 \u0442\u043e\u0431\u043e\u0439 \u044f \u0447\u0443\u0432\u0441\u0442\u0432\u0443\u044e, \u0447\u0442\u043e \u043f\u043e\u0431\u0435\u0436\u0434\u0430\u044e \u0432\u0441\u0435 \u0442\u0440\u0443\u0434\u043d\u043e\u0441\u0442\u0438.", "style": ["\u0440\u043e\u0440"], "essentia_features": {"lowlevel.average_loudness": 0.953524649143219, "lowlevel.barkbands_crest.mean": 14.39627456665039, "lowlevel.barkbands_crest.stdev": 6.9958953857421875, "lowlevel.barkbands_flatness_db.mean": 0.18889425694942474, "lowlevel.barkbands_flatness_db.stdev": 0.10155019164085388, "lowlevel.barkbands_kurtosis.mean": 49.076744079589844, "lowlevel.barkbands_kurtosis.stdev": 133.50559997558594, "lowlevel.barkbands_skewness.mean": 3.811194658279419, "lowlevel.barkbands_skewness.stdev": 4.908519744873047, "lowlevel.barkbands_spread.mean": 16.51250457763672, "lowlevel.barkbands_spread.stdev": 14.33995246887207, "lowlevel.dissonance.mean": 0.45682692527770996, "lowlevel.dissonance.stdev": 0.02984713949263096, "lowlevel.dynamic_complexity": 2.018073081970215, "lowlevel.erbbands_crest.mean": 9.4535551071167, "lowlevel.erbbands_crest.stdev": 4.416005611419678, "lowlevel.erbbands_flatness_db.mean": 0.15914972126483917, "lowlevel.erbbands_flatness_db.stdev": 0.04091441631317139, "lowlevel.erbbands_kurtosis.mean": 0.36793258786201477, "lowlevel.erbbands_kurtosis.stdev": 1.5393249988555908, "lowlevel.erbbands_skewness.mean": 0.38309815526008606, "lowlevel.erbbands_skewness.stdev": 0.8273865580558777, "lowlevel.erbbands_spread.mean": 44.25224685668945, "lowlevel.erbbands_spread.stdev": 21.675048828125, "lowlevel.hfc.mean": 19.772600173950195, "lowlevel.hfc.stdev": 16.956645965576172, "lowlevel.loudness_ebu128.integrated": -14.092708587646484, "lowlevel.loudness_ebu128.loudness_range": 2.026334762573242, "lowlevel.loudness_ebu128.momentary.mean": -14.604305267333984, "lowlevel.loudness_ebu128.momentary.stdev": 2.3037779331207275, "lowlevel.loudness_ebu128.short_term.mean": -14.155722618103027, "lowlevel.loudness_ebu128.short_term.stdev": 0.7237710952758789, "lowlevel.melbands_crest.mean": 17.850746154785156, "lowlevel.melbands_crest.stdev": 7.942902088165283, "lowlevel.melbands_flatness_db.mean": 0.25992387533187866, "lowlevel.melbands_flatness_db.stdev": 0.13119275867938995, "lowlevel.melbands_kurtosis.mean": 70.09593963623047, "lowlevel.melbands_kurtosis.stdev": 132.95828247070312, "lowlevel.melbands_skewness.mean": 4.739968776702881, "lowlevel.melbands_skewness.stdev": 4.208164691925049, "lowlevel.melbands_spread.mean": 19.898029327392578, "lowlevel.melbands_spread.stdev": 23.392377853393555, "lowlevel.pitch_salience.mean": 0.4366113245487213, "lowlevel.pitch_salience.stdev": 0.20869161188602448, "lowlevel.silence_rate_20dB.mean": 0.9820393919944763, "lowlevel.silence_rate_20dB.stdev": 0.13280774652957916, "lowlevel.silence_rate_30dB.mean": 0.8082271218299866, "lowlevel.silence_rate_30dB.stdev": 0.3936927020549774, "lowlevel.silence_rate_60dB.mean": 0.045770566910505295, "lowlevel.silence_rate_60dB.stdev": 0.208987757563591, "lowlevel.spectral_centroid.mean": 1283.5550537109375, "lowlevel.spectral_centroid.stdev": 933.7408447265625, "lowlevel.spectral_complexity.mean": 16.655851364135742, "lowlevel.spectral_complexity.stdev": 12.785717010498047, "lowlevel.spectral_decrease.mean": -1.8315562400061935e-08, "lowlevel.spectral_decrease.stdev": 2.38106903083235e-08, "lowlevel.spectral_energy.mean": 0.07092060893774033, "lowlevel.spectral_energy.stdev": 0.09014570713043213, "lowlevel.spectral_energyband_high.mean": 0.0009370397892780602, "lowlevel.spectral_energyband_high.stdev": 0.0014424772234633565, "lowlevel.spectral_energyband_low.mean": 0.05857040733098984, "lowlevel.spectral_energyband_low.stdev": 0.0912923738360405, "lowlevel.spectral_energyband_middle_high.mean": 0.0035655007231980562, "lowlevel.spectral_energyband_middle_high.stdev": 0.0046540359035134315, "lowlevel.spectral_energyband_middle_low.mean": 0.009796091355383396, "lowlevel.spectral_energyband_middle_low.stdev": 0.016362015157938004, "lowlevel.spectral_entropy.mean": 7.478918075561523, "lowlevel.spectral_entropy.stdev": 0.4468993544578552, "lowlevel.spectral_flux.mean": 0.10841358453035355, "lowlevel.spectral_flux.stdev": 0.11086767911911011, "lowlevel.spectral_kurtosis.mean": 3.633347749710083, "lowlevel.spectral_kurtosis.stdev": 2.570284128189087, "lowlevel.spectral_rms.mean": 0.006961677223443985, "lowlevel.spectral_rms.stdev": 0.0045525687746703625, "lowlevel.spectral_rolloff.mean": 1315.9600830078125, "lowlevel.spectral_rolloff.stdev": 1638.8536376953125, "lowlevel.spectral_skewness.mean": 1.297043800354004, "lowlevel.spectral_skewness.stdev": 0.5681154131889343, "lowlevel.spectral_spread.mean": 4392334.0, "lowlevel.spectral_spread.stdev": 1607468.0, "lowlevel.spectral_strongpeak.mean": 0.9053473472595215, "lowlevel.spectral_strongpeak.stdev": 0.6345392465591431, "lowlevel.zerocrossingrate.mean": 0.051412396132946014, "lowlevel.zerocrossingrate.stdev": 0.04618874937295914, "metadata.audio_properties.analysis.equal_loudness": 0.0, "metadata.audio_properties.analysis.length": 40.04265213012695, "metadata.audio_properties.analysis.sample_rate": 44100.0, "metadata.audio_properties.analysis.start_time": 0.0, "metadata.audio_properties.bit_rate": 125183.0, "metadata.audio_properties.length": 40.042667388916016, "metadata.audio_properties.lossless": 0.0, "metadata.audio_properties.number_channels": 1.0, "metadata.audio_properties.replay_gain": -10.821596145629883, "metadata.audio_properties.sample_rate": 48000.0, "rhythm.beats_count": 53.0, "rhythm.beats_loudness.mean": 0.03560543432831764, "rhythm.beats_loudness.stdev": 0.014445802196860313, "rhythm.bpm": 80.22530364990234, "rhythm.bpm_histogram_first_peak_bpm": 80.0, "rhythm.bpm_histogram_first_peak_weight": 0.041666626930236816, "rhythm.bpm_histogram_second_peak_bpm": 86.0, "rhythm.bpm_histogram_second_peak_spread": 0.0, "rhythm.bpm_histogram_second_peak_weight": 0.07692307978868484, "rhythm.danceability": 1.6090233325958252, "rhythm.onset_rate": 4.94327449798584, "tonal.chords_changes_rate": 0.04282407462596893, "tonal.chords_number_rate": 0.010416666977107525, "tonal.chords_strength.mean": 0.538772702217102, "tonal.chords_strength.stdev": 0.11081527173519135, "tonal.hpcp_crest.mean": 13.685074806213379, "tonal.hpcp_crest.stdev": 5.937845706939697, "tonal.hpcp_entropy.mean": 1.909041404724121, "tonal.hpcp_entropy.stdev": 0.6860601305961609, "tonal.key_edma.strength": 0.8150312900543213, "tonal.key_krumhansl.strength": 0.8055079579353333, "tonal.key_temperley.strength": 0.7899890542030334, "tonal.tuning_diatonic_strength": 0.5708960890769958, "tonal.tuning_equal_tempered_deviation": 0.19244025647640228, "tonal.tuning_frequency": 436.7083740234375, "tonal.tuning_nontempered_energy_ratio": 0.9243080615997314, "lowlevel.barkbands.mean": [0.0010134238982573152, 0.04802190139889717, 0.0076406835578382015, 0.00323521438986063, 0.0016503235092386603, 0.0014682140899822116, 0.0010367425857111812, 0.0006952299154363573, 0.0015957007417455316, 0.0003892339300364256, 0.0002771982690319419, 0.00046276082866825163, 0.00047386385267600417, 0.0005023415433242917, 0.00017604183813091367, 0.0001607998856343329, 0.00041963084368035197, 0.00019071927818004042, 0.00037986095412634313, 0.00036514142993837595, 0.00031119753839448094, 0.00021401606500148773, 0.00010952442971756682, 7.365550118265674e-05, 2.556602885306347e-05, 2.6669446015148424e-05, 5.03844557897537e-06], "lowlevel.barkbands.stdev": [0.003022959688678384, 0.08673069626092911, 0.018715254962444305, 0.010831572115421295, 0.003500099992379546, 0.002254476537927985, 0.0017477705841884017, 0.0018505053594708443, 0.001877743867225945, 0.0008000460802577436, 0.000562029134016484, 0.0011202654568478465, 0.0011263519991189241, 0.0008500914555042982, 0.0003222227969672531, 0.00031861363095231354, 0.0007193422061391175, 0.0004078390484210104, 0.0007604608545079827, 0.0007851834525354207, 0.0006126621155999601, 0.0003466515045147389, 0.00021828353055752814, 0.00016976334154605865, 7.178535452112556e-05, 5.1523060392355546e-05, 8.308083124575205e-06], "lowlevel.erbbands.mean": [1.5034937858581543, 10.142470359802246, 11.129668235778809, 10.275237083435059, 7.251361846923828, 5.8872809410095215, 7.79617977142334, 12.516402244567871, 10.249104499816895, 20.32635498046875, 19.337623596191406, 34.925048828125, 20.562339782714844, 11.25965690612793, 12.972929000854492, 17.18341636657715, 21.254192352294922, 23.852529525756836, 17.019365310668945, 8.114087104797363, 11.723331451416016, 24.140888214111328, 11.470309257507324, 16.340656280517578, 20.039278030395508, 16.675209045410156, 14.275813102722168, 10.168182373046875, 8.044289588928223, 5.889352321624756, 2.453594923019409, 1.5734847784042358, 1.1815265417099, 0.43646523356437683, 0.09480459243059158, 0.03808416426181793, 0.05936041474342346, 0.022721951827406883, 0.0005301809287630022, 9.076331480173394e-05], "lowlevel.erbbands.stdev": [3.4135186672210693, 16.928007125854492, 19.285551071166992, 33.3792610168457, 20.041751861572266, 11.464067459106445, 11.804967880249023, 22.183908462524414, 18.329214096069336, 33.5617790222168, 38.067665100097656, 45.56133270263672, 27.768068313598633, 18.745437622070312, 27.72582244873047, 37.669063568115234, 52.18503952026367, 42.20706558227539, 25.588525772094727, 14.222628593444824, 21.40408706665039, 41.66212463378906, 22.752460479736328, 34.31369400024414, 39.65461730957031, 35.84257125854492, 29.469650268554688, 19.24526596069336, 13.418757438659668, 9.65397834777832, 5.10209846496582, 3.4004528522491455, 3.0778934955596924, 1.2792083024978638, 0.2459067851305008, 0.10830847173929214, 0.12202464044094086, 0.03728895261883736, 0.0007957818452268839, 9.795612277230248e-05], "lowlevel.gfcc.mean": [-12.425994873046875, 88.96792602539062, -109.56346893310547, 33.79915237426758, -54.930702209472656, 7.126634120941162, -16.764522552490234, -1.803829312324524, -9.163870811462402, 1.3650522232055664, -16.065467834472656, -3.6413862705230713, -20.156354904174805], "lowlevel.melbands.mean": [0.01361430436372757, 0.008231106214225292, 0.0016879334580153227, 0.0004377589502837509, 0.00026729985256679356, 0.00027850273181684315, 0.0001748845970723778, 0.00021217986068222672, 0.0001843059726525098, 0.00021185693913139403, 9.910017979564145e-05, 4.5819066144758835e-05, 4.123100734432228e-05, 4.94579435326159e-05, 4.790233651874587e-05, 4.64832664874848e-05, 4.4933942263014615e-05, 3.209330316167325e-05, 1.2333434824540745e-05, 9.624040103517473e-06, 1.4535721675201785e-05, 2.7035393941332586e-05, 1.4458304576692171e-05, 8.467111911159009e-06, 1.3755405234405771e-05, 1.3806510651193094e-05, 1.4842708878859412e-05, 1.0180302524531726e-05, 9.207132279698271e-06, 7.73894862504676e-06, 5.136073468747782e-06, 4.536369033303345e-06, 4.070082923135487e-06, 3.0103142307780217e-06, 1.4533917465087143e-06, 9.63894080996397e-07, 9.720702109916601e-07, 9.63506522566604e-07, 5.933950433245627e-07, 2.7259440571469895e-07], "lowlevel.melbands.stdev": [0.02696235477924347, 0.011537508107721806, 0.005172754637897015, 0.0009583500795997679, 0.0003983190399594605, 0.0004636053345166147, 0.00029620170244015753, 0.0003667190030682832, 0.0003154765581712127, 0.0002597894927021116, 0.00014366682444233447, 8.112566865747795e-05, 8.08101030997932e-05, 0.00013595585187431425, 0.00011806015390902758, 0.00010738295532064512, 7.975353946676478e-05, 5.1671057008206844e-05, 2.336188845220022e-05, 1.889228224172257e-05, 2.767666956060566e-05, 4.7602065023966134e-05, 2.8073858629795723e-05, 1.774546217347961e-05, 2.9952718250569887e-05, 2.7521615265868604e-05, 3.1353662052424625e-05, 2.3218814021674916e-05, 1.9989745851489715e-05, 1.5599407561239786e-05, 9.855754797172267e-06, 7.958748938108329e-06, 6.7328619479667395e-06, 5.382692961575231e-06, 3.137055728075211e-06, 2.356425738980761e-06, 2.066659362753853e-06, 2.5353376713610487e-06, 1.747241071825556e-06, 8.368275530301617e-07], "lowlevel.melbands128.mean": [0.0009732662001624703, 0.010915719904005527, 0.020993230864405632, 0.015260620974004269, 0.007059908472001553, 0.0033745053224265575, 0.002145999576896429, 0.0014343744842335582, 0.0005892798071727157, 0.0003995185252279043, 0.00032245073816739023, 0.00020756800950039178, 0.00021979803568683565, 0.00039549407665617764, 0.00030560174491256475, 0.00022187817376106977, 0.00013346954074222594, 0.000133538109366782, 0.00025894123245961964, 0.0002661971084307879, 0.00016214804782066494, 0.00015327250002883375, 0.00011498795356601477, 0.00030790615710429847, 0.00029874121537432075, 0.00011512439959915355, 0.00018043557065539062, 6.711507739964873e-05, 8.372415322810411e-05, 3.583334546419792e-05, 3.657368870335631e-05, 5.2788636821787804e-05, 3.6857614759355783e-05, 2.88566188828554e-05, 7.045597158139572e-05, 4.6062818000791594e-05, 3.2170701160794124e-05, 5.824771142215468e-05, 4.8130768846021965e-05, 4.357141369837336e-05, 4.5340872020460665e-05, 5.403716932050884e-05, 3.549920438672416e-05, 4.544536568573676e-05, 5.65274094697088e-05, 2.2220279788598418e-05, 1.6427846276201308e-05, 1.3321899132279214e-05, 9.580089681548998e-06, 1.0086853762913961e-05, 9.27707787923282e-06, 9.362904165755026e-06, 1.2258055903657805e-05, 1.531723864900414e-05, 2.3287217118195258e-05, 3.1239305826602504e-05, 2.9937820727354847e-05, 1.5053188690217212e-05, 1.0756713891169056e-05, 7.681110218982212e-06, 7.859579454816412e-06, 8.752055691729765e-06, 1.279334264836507e-05, 1.669718221819494e-05, 1.2778462405549362e-05, 1.291927219426725e-05, 1.4393762285180856e-05, 1.626123776077293e-05, 1.6644833522150293e-05, 1.0823351658473257e-05, 9.940474228642415e-06, 9.72782163444208e-06, 9.008476808958221e-06, 1.0528842722123954e-05, 7.277247732417891e-06, 8.303325557790231e-06, 8.151138899847865e-06, 5.336791218724102e-06, 5.115296971780481e-06, 4.088195510121295e-06, 4.682192411564756e-06, 4.760159299621591e-06, 4.24618338001892e-06, 4.464024186745519e-06, 3.278820486229961e-06, 3.415412948015728e-06, 2.976810492327786e-06, 2.0833224425587105e-06, 1.2732131153825321e-06, 1.1137302635688684e-06, 9.619886895961827e-07, 9.77134618551645e-07, 8.287216815006104e-07, 9.187460250359436e-07, 1.02194178452919e-06, 1.3461566368278e-06, 8.877894970282796e-07, 5.061085062152415e-07, 7.002014967838477e-07, 6.078795422581607e-07, 3.5579884638536896e-07, 2.2557989609595097e-07, 1.384650261115894e-07, 1.2944562399752613e-07, 8.782694749243092e-08, 6.655635331753729e-08, 8.706858523055416e-08, 6.195089952143462e-08, 3.861581987507634e-08, 5.065687247451933e-08, 8.306623300313731e-08, 1.406497460720857e-07, 2.2478467087694298e-07, 2.62972918108062e-07, 2.3050115771638957e-07, 3.3169911262120877e-07, 2.0554877266931726e-07, 2.4557126110380523e-08, 1.4529816586006383e-11, 1.5168654526886982e-11, 1.7135815336133398e-11, 1.1323861119627576e-11, 9.159978331396701e-12, 8.990912181428001e-12, 8.788778732560232e-12, 8.55574378705315e-12, 8.417130707705223e-12, 8.36152241195931e-12], "lowlevel.melbands128.stdev": [0.0029767956584692, 0.028495723381638527, 0.042243268340826035, 0.024640539661049843, 0.011436435393989086, 0.009312759153544903, 0.0077143884263932705, 0.0044512334279716015, 0.0017574686789885163, 0.0009127717348746955, 0.0006658008205704391, 0.0004419045872054994, 0.00039706603274680674, 0.0006355324876494706, 0.000609430659096688, 0.0006032497039996088, 0.0003111280966550112, 0.00032681928132660687, 0.0005205409834161401, 0.0005123767768964171, 0.0005056884838268161, 0.0005410072044469416, 0.00031838525319471955, 0.0005287968670018017, 0.0004939574864692986, 0.00022359196736942977, 0.000296991434879601, 0.0001509456487838179, 0.0002393939212197438, 7.6748248829972e-05, 8.638111467007548e-05, 0.000130427535623312, 7.998166256584227e-05, 7.845350046409294e-05, 0.00026451738085597754, 0.00014472112525254488, 9.299712110077962e-05, 0.00016901294293347746, 0.00015267891285475343, 0.00019389961380511522, 0.0001259424170712009, 0.00015981154865585268, 8.90011215233244e-05, 0.0001106087802327238, 0.00012467880151234567, 4.314086982049048e-05, 3.6211771657690406e-05, 3.186680987710133e-05, 2.4610013497294858e-05, 2.373055940552149e-05, 2.19491557800211e-05, 2.2070244085625745e-05, 2.8531600037240423e-05, 3.2862822990864515e-05, 5.1769475248875096e-05, 6.202438817126676e-05, 5.671128019457683e-05, 3.1608604331268e-05, 2.857985055015888e-05, 1.7991069398703985e-05, 1.860413067333866e-05, 2.013754601648543e-05, 3.0203318601706997e-05, 4.148029984207824e-05, 2.9249462386360392e-05, 2.676150506886188e-05, 3.335049041197635e-05, 3.700964225572534e-05, 4.123464532312937e-05, 2.4661694624228403e-05, 2.7319314540363848e-05, 2.48186679527862e-05, 2.2102209186414257e-05, 2.497180139471311e-05, 1.705373142613098e-05, 1.7904563719639555e-05, 1.7805417883209884e-05, 1.1627874300756957e-05, 1.0584072697383817e-05, 8.558970876038074e-06, 9.110780410992447e-06, 8.98717189556919e-06, 8.10872734291479e-06, 8.177205927495379e-06, 5.577712727244943e-06, 6.880287855892675e-06, 5.753935965913115e-06, 4.846580395678757e-06, 3.030613925147918e-06, 2.8100166673539206e-06, 2.629745495141833e-06, 2.646075472512166e-06, 2.060995939245913e-06, 2.084271727653686e-06, 2.3434095055563375e-06, 3.6098272175877355e-06, 2.7327084808348445e-06, 1.8413559246255318e-06, 2.0850347937084734e-06, 1.978987256734399e-06, 1.2784805676346878e-06, 7.119510883057956e-07, 4.412875966863794e-07, 4.040308851926966e-07, 2.560073255608586e-07, 2.3612945199147362e-07, 3.767052305647667e-07, 2.650893975442159e-07, 1.4153130223348853e-07, 1.7808663699270255e-07, 2.3703580609435448e-07, 4.2857837456722336e-07, 5.064213723926514e-07, 5.229146040619526e-07, 4.1603632894293696e-07, 5.822798243571015e-07, 3.370493004695163e-07, 4.824977040129852e-08, 1.4677747905977867e-10, 2.1179753784128508e-10, 2.948937760649528e-10, 7.836752774492695e-11, 1.8364816611882162e-11, 1.7963817933175363e-11, 1.7383216394106782e-11, 1.6849554737574657e-11, 1.6638202968155547e-11, 1.654541087470207e-11], "lowlevel.mfcc.mean": [-657.2994384765625, 119.87577819824219, 4.286768436431885, 30.804861068725586, -9.574538230895996, 15.468072891235352, -3.3295295238494873, 6.304581642150879, -0.7413960099220276, 10.701303482055664, 6.654366493225098, 2.3614118099212646, -6.789026260375977], "lowlevel.spectral_contrast_coeffs.mean": [-0.6633637547492981, -0.7355395555496216, -0.7623112797737122, -0.798941433429718, -0.8065534830093384, -0.6848598122596741], "lowlevel.spectral_contrast_coeffs.stdev": [0.07495836168527603, 0.07492882758378983, 0.06797683984041214, 0.04609467461705208, 0.03546033054590225, 0.07790154218673706], "lowlevel.spectral_contrast_valleys.mean": [-7.0693159103393555, -6.951690673828125, -7.685104846954346, -7.789562225341797, -7.5992655754089355, -11.006855964660645], "lowlevel.spectral_contrast_valleys.stdev": [1.3218592405319214, 0.9099381566047668, 0.9143505096435547, 0.8756995797157288, 1.033158779144287, 1.1327540874481201], "rhythm.beats_loudness_band_ratio.mean": [0.2975715696811676, 0.09951740503311157, 0.12352381646633148, 0.13744130730628967, 0.15480101108551025, 0.2111707329750061], "rhythm.beats_loudness_band_ratio.stdev": [0.2583286464214325, 0.05964931473135948, 0.09093502908945084, 0.08554578572511673, 0.08284291625022888, 0.10524504631757736], "tonal.hpcp.mean": [0.18855668604373932, 0.1115066334605217, 0.03978545218706131, 0.05619693547487259, 0.07572458684444427, 0.07503513246774673, 0.13242623209953308, 0.13162373006343842, 0.05644040182232857, 0.0378851480782032, 0.03723117709159851, 0.07362746447324753, 0.12574878334999084, 0.1002369076013565, 0.04753109812736511, 0.05222247168421745, 0.06429482251405716, 0.06595026701688766, 0.11117777973413467, 0.14642243087291718, 0.14286834001541138, 0.3387986421585083, 0.3555009365081787, 0.1147318184375763, 0.04952925816178322, 0.04136137291789055, 0.052348542958498, 0.1345893144607544, 0.12254168093204498, 0.044226549565792084, 0.04691972956061363, 0.053138237446546555, 0.06160106882452965, 0.11897091567516327, 0.13223686814308167, 0.14593952894210815], "tonal.hpcp.stdev": [0.35169553756713867, 0.23014990985393524, 0.13561119139194489, 0.15626409649848938, 0.1951664537191391, 0.18209606409072876, 0.22223949432373047, 0.24285893142223358, 0.15706148743629456, 0.14700281620025635, 0.13456201553344727, 0.18264047801494598, 0.26837030053138733, 0.22385045886039734, 0.13392594456672668, 0.15190277993679047, 0.1816484034061432, 0.16490426659584045, 0.2228257954120636, 0.2601824402809143, 0.24510473012924194, 0.3780817687511444, 0.4140608310699463, 0.202269047498703, 0.14160819351673126, 0.1179765984416008, 0.12251411378383636, 0.2543884515762329, 0.23404815793037415, 0.11386478692293167, 0.12437011301517487, 0.14038395881652832, 0.13796843588352203, 0.22998467087745667, 0.24862812459468842, 0.2551383674144745], "rhythm.beats_position": [0.6849886775016785, 1.381587266921997, 2.078185796737671, 2.774784564971924, 3.4829931259155273, 4.2028117179870605, 4.945850372314453, 5.6888885498046875, 6.43192720413208, 7.186575889587402, 7.941224575042725, 8.684263229370117, 9.438911437988281, 10.193559646606445, 10.936598777770996, 11.69124698638916, 12.445895195007324, 13.188934326171875, 13.93197250366211, 14.698230743408203, 15.441269874572754, 16.1959171295166, 16.93895721435547, 17.693605422973633, 18.436643600463867, 19.19129180908203, 19.945940017700195, 20.688980102539062, 21.432018280029297, 22.18666648864746, 22.941314697265625, 23.68435287475586, 24.439001083374023, 25.19365119934082, 25.936689376831055, 26.67972755432129, 27.434375762939453, 28.189023971557617, 28.93206214904785, 29.68671226501465, 30.441360473632812, 31.184398651123047, 31.93904685974121, 32.693695068359375, 33.43673324584961, 34.179771423339844, 34.93442153930664, 35.68906784057617, 36.44371795654297, 37.198368072509766, 37.94140625, 38.684444427490234, 39.42748260498047], "rhythm.bpm_histogram": [0.0, 0.0, 0.0, 0.0, 0.0, 0.0, 0.0, 0.0, 0.0, 0.0, 0.0, 0.0, 0.0, 0.0, 0.0, 0.0, 0.0, 0.0, 0.0, 0.0, 0.0, 0.0, 0.0, 0.0, 0.0, 0.0, 0.0, 0.0, 0.0, 0.0, 0.0, 0.0, 0.0, 0.0, 0.0, 0.0, 0.0, 0.0, 0.0, 0.0, 0.0, 0.0, 0.0, 0.0, 0.0, 0.0, 0.0, 0.0, 0.0, 0.0, 0.0, 0.0, 0.0, 0.0, 0.0, 0.0, 0.0, 0.0, 0.0, 0.0, 0.0, 0.0, 0.0, 0.0, 0.0, 0.0, 0.0, 0.0, 0.0, 0.0, 0.0, 0.0, 0.0, 0.0, 0.0, 0.0, 0.0, 0.0, 0.01923076994717121, 0.0, 0.4615384638309479, 0.42307692766189575, 0.0, 0.01923076994717121, 0.0, 0.01923076994717121, 0.057692307978868484, 0.0, 0.0, 0.0, 0.0, 0.0, 0.0, 0.0, 0.0, 0.0, 0.0, 0.0, 0.0, 0.0, 0.0, 0.0, 0.0, 0.0, 0.0, 0.0, 0.0, 0.0, 0.0, 0.0, 0.0, 0.0, 0.0, 0.0, 0.0, 0.0, 0.0, 0.0, 0.0, 0.0, 0.0, 0.0, 0.0, 0.0, 0.0, 0.0, 0.0, 0.0, 0.0, 0.0, 0.0, 0.0, 0.0, 0.0, 0.0, 0.0, 0.0, 0.0, 0.0, 0.0, 0.0, 0.0, 0.0, 0.0, 0.0, 0.0, 0.0, 0.0, 0.0, 0.0, 0.0, 0.0, 0.0, 0.0, 0.0, 0.0, 0.0, 0.0, 0.0, 0.0, 0.0, 0.0, 0.0, 0.0, 0.0, 0.0, 0.0, 0.0, 0.0, 0.0, 0.0, 0.0, 0.0, 0.0, 0.0, 0.0, 0.0, 0.0, 0.0, 0.0, 0.0, 0.0, 0.0, 0.0, 0.0, 0.0, 0.0, 0.0, 0.0, 0.0, 0.0, 0.0, 0.0, 0.0, 0.0, 0.0, 0.0, 0.0, 0.0, 0.0, 0.0, 0.0, 0.0, 0.0, 0.0, 0.0, 0.0, 0.0, 0.0, 0.0, 0.0, 0.0, 0.0, 0.0, 0.0, 0.0, 0.0, 0.0, 0.0, 0.0, 0.0, 0.0, 0.0, 0.0, 0.0, 0.0, 0.0, 0.0, 0.0, 0.0, 0.0, 0.0, 0.0, 0.0, 0.0, 0.0, 0.0, 0.0, 0.0, 0.0, 0.0, 0.0, 0.0, 0.0, 0.0, 0.0, 0.0, 0.0, 0.0, 0.0], "tonal.chords_histogram": [0.0, 0.0, 0.0, 0.0, 0.0, 0.0, 0.0, 4.513888835906982, 0.0, 1.0416666269302368, 0.0, 0.0, 0.0, 4.976851940155029, 15.856481552124023, 26.504629135131836, 16.66666603088379, 1.1574074029922485, 18.05555534362793, 11.226851463317871, 0.0, 0.0, 0.0, 0.0], "tonal.thpcp": [1.0, 0.3227328062057495, 0.1393224447965622, 0.11634673178195953, 0.1472529023885727, 0.3785906136035919, 0.3447014391422272, 0.12440627813339233, 0.1319820135831833, 0.14947424829006195, 0.17327962815761566, 0.33465710282325745, 0.37197333574295044, 0.41051799058914185, 0.5303971767425537, 0.313660591840744, 0.1119137778878212, 0.1580781638622284, 0.2130081206560135, 0.21106873452663422, 0.3725059926509857, 0.37024861574172974, 0.15876302123069763, 0.1065683513879776, 0.10472877323627472, 0.20710906386375427, 0.35372278094291687, 0.2819596230983734, 0.13370175659656525, 0.1468982696533203, 0.18085697293281555, 0.18551363050937653, 0.31273555755615234, 0.4118763506412506, 0.4018789529800415, 0.9530175924301147], "lowlevel.gfcc.cov": [[4328.8212890625, -575.54541015625, 7.843055725097656, 327.4172058105469, -60.20985412597656, -74.36824035644531, -206.8204345703125, 154.5598602294922, -277.9740905761719, -6.6514973640441895, -127.76502990722656, 185.4725799560547, -177.85617065429688], [-575.54541015625, 1715.0985107421875, 782.059326171875, 333.00787353515625, 592.490966796875, 272.0687255859375, 452.6556396484375, 4.820337772369385, 311.1339416503906, -51.67979049682617, 191.45223999023438, -144.8741455078125, 117.27217102050781], [7.843055725097656, 782.059326171875, 1882.43212890625, 628.4288940429688, 624.1734008789062, 744.023681640625, 328.6948547363281, 324.9795227050781, 253.4224853515625, 99.490966796875, 133.04283142089844, -99.59566497802734, 124.55940246582031], [327.4172058105469, 333.00787353515625, 628.4288940429688, 703.7952270507812, 473.63079833984375, 264.8250732421875, 357.0061340332031, 121.53163146972656, 157.5585479736328, 22.562326431274414, 88.49696350097656, -1.1346185207366943, 82.75189971923828], [-60.20985412597656, 592.490966796875, 624.1734008789062, 473.63079833984375, 666.3613891601562, 319.891845703125, 406.6490478515625, 154.8610382080078, 239.43728637695312, 49.3430290222168, 123.14986419677734, 6.8075666427612305, 102.64966583251953], [-74.36824035644531, 272.0687255859375, 744.023681640625, 264.8250732421875, 319.891845703125, 535.6419677734375, 245.0593719482422, 192.39649963378906, 182.58900451660156, 54.13465881347656, 101.23230743408203, -48.656734466552734, 100.56255340576172], [-206.8204345703125, 452.6556396484375, 328.6948547363281, 357.0061340332031, 406.6490478515625, 245.0593719482422, 506.0813903808594, 68.98637390136719, 176.4960479736328, 9.1209077835083, 104.93455505371094, -8.196975708007812, 72.49923706054688], [154.5598602294922, 4.820337772369385, 324.9795227050781, 121.53163146972656, 154.8610382080078, 192.39649963378906, 68.98637390136719, 204.54275512695312, 105.3941650390625, 56.90993118286133, 24.20036506652832, 3.7254891395568848, 45.793880462646484], [-277.9740905761719, 311.1339416503906, 253.4224853515625, 157.5585479736328, 239.43728637695312, 182.58900451660156, 176.4960479736328, 105.3941650390625, 269.4502258300781, 52.890724182128906, 97.91329956054688, -18.671491622924805, 81.0601577758789], [-6.6514973640441895, -51.67979049682617, 99.490966796875, 22.562326431274414, 49.3430290222168, 54.13465881347656, 9.1209077835083, 56.90993118286133, 52.890724182128906, 99.00325775146484, 37.292179107666016, 32.91807174682617, 16.131528854370117], [-127.76502990722656, 191.45223999023438, 133.04283142089844, 88.49696350097656, 123.14986419677734, 101.23230743408203, 104.93455505371094, 24.20036506652832, 97.91329956054688, 37.292179107666016, 139.23526000976562, 35.267189025878906, 51.85249710083008], [185.4725799560547, -144.8741455078125, -99.59566497802734, -1.1346185207366943, 6.8075666427612305, -48.656734466552734, -8.196975708007812, 3.7254891395568848, -18.671491622924805, 32.91807174682617, 35.267189025878906, 137.6236572265625, 10.5711088180542], [-177.85617065429688, 117.27217102050781, 124.55940246582031, 82.75189971923828, 102.64966583251953, 100.56255340576172, 72.49923706054688, 45.793880462646484, 81.0601577758789, 16.131528854370117, 51.85249710083008, 10.5711088180542, 108.0064697265625]], "lowlevel.gfcc.icov": [[0.0003901042218785733, -0.00017691822722554207, 0.0002168820792576298, -0.0005763470544479787, 0.00015605583030264825, -0.00030646249069832265, 0.00036824223934672773, -0.0006975807482376695, 0.0004416842421051115, 8.576639811508358e-05, 0.00022885447833687067, -0.0007178346859291196, 0.0008276490261778235], [-0.00017691822722554207, 0.0019809508230537176, -0.0011401709634810686, 0.0012635627062991261, -0.001398248365148902, 0.0015481091104447842, -0.0008895939099602401, 0.001591541338711977, -0.001236091717146337, 0.0017445728881284595, -0.0018530579982325435, 0.001990291988477111, -0.0009236333426088095], [0.0002168820792576298, -0.0011401709634810686, 0.002353207441046834, -0.0016545919934287667, 0.00011768298281822354, -0.0027086881455034018, 0.0014024748234078288, -0.0015348665183410048, 0.0013415833236649632, -0.0014525515725836158, 0.0007620327523909509, -0.00039586564525961876, 0.0011514740763232112], [-0.0005763470544479787, 0.0012635627062991261, -0.0016545919934287667, 0.004688677377998829, -0.0021947259083390236, 0.0019285385496914387, -0.0021244590170681477, 0.0014725569635629654, -0.0009003199520520866, 0.0013211907353252172, -0.0011429123114794493, 0.0015836270758882165, -0.0020412064623087645], [0.00015605583030264825, -0.001398248365148902, 0.00011768298281822354, -0.0021947259083390236, 0.005950374528765678, -0.0007876585586927831, -0.0014833570457994938, -0.0017716203583404422, -0.0007106306729838252, -0.0011011321330443025, 0.001330542261712253, -0.0024364180862903595, 0.00044346816139295697], [-0.00030646249069832265, 0.0015481091104447842, -0.0027086881455034018, 0.0019285385496914387, -0.0007876585586927831, 0.007525844033807516, -0.002520680660381913, -0.0011851504677906632, -0.0010196822695434093, 0.0013725319877266884, -0.0031206326093524694, 0.003232860006392002, -0.00286137405782938], [0.00036824223934672773, -0.0008895939099602401, 0.0014024748234078288, -0.0021244590170681477, -0.0014833570457994938, -0.002520680660381913, 0.005660926457494497, -0.00010659081453923136, 5.338714618119411e-05, 0.000369144108844921, 2.491102713975124e-05, -0.0011224201880395412, 0.0015873308293521404], [-0.0006975807482376695, 0.001591541338711977, -0.0015348665183410048, 0.0014725569635629654, -0.0017716203583404422, -0.0011851504677906632, -0.00010659081453923136, 0.012321307323873043, -0.004017601255327463, -0.0019796735141426325, 0.002217095112428069, 0.00038964967825450003, -0.002391898538917303], [0.0004416842421051115, -0.001236091717146337, 0.0013415833236649632, -0.0009003199520520866, -0.0007106306729838252, -0.0010196822695434093, 5.338714618119411e-05, -0.004017601255327463, 0.009768952615559101, -0.0031508442480117083, -0.002545336028560996, 0.001684666727669537, -0.0012995610013604164], [8.576639811508358e-05, 0.0017445728881284595, -0.0014525515725836158, 0.0013211907353252172, -0.0011011321330443025, 0.0013725319877266884, 0.000369144108844921, -0.0019796735141426325, -0.0031508442480117083, 0.01677398569881916, -0.003893199609592557, -0.0022395981941372156, 0.001217769691720605], [0.00022885447833687067, -0.0018530579982325435, 0.0007620327523909509, -0.0011429123114794493, 0.001330542261712253, -0.0031206326093524694, 2.491102713975124e-05, 0.002217095112428069, -0.002545336028560996, -0.003893199609592557, 0.015513713471591473, -0.006236343644559383, -0.0012757786316797137], [-0.0007178346859291196, 0.001990291988477111, -0.00039586564525961876, 0.0015836270758882165, -0.0024364180862903595, 0.003232860006392002, -0.0011224201880395412, 0.00038964967825450003, 0.001684666727669537, -0.0022395981941372156, -0.006236343644559383, 0.013872607611119747, -0.003499815706163645], [0.0008276490261778235, -0.0009236333426088095, 0.0011514740763232112, -0.0020412064623087645, 0.00044346816139295697, -0.00286137405782938, 0.0015873308293521404, -0.002391898538917303, -0.0012995610013604164, 0.001217769691720605, -0.0012757786316797137, -0.003499815706163645, 0.01580027863383293]], "lowlevel.mfcc.cov": [[4175.94921875, -830.0098266601562, -434.9386901855469, 149.29000854492188, -120.17757415771484, -294.8431091308594, -104.22677612304688, -69.82502746582031, -138.6909637451172, -326.05938720703125, -193.5361785888672, 20.55072021484375, 141.18759155273438], [-830.0098266601562, 1432.0950927734375, 411.6595764160156, 243.79681396484375, 286.4755859375, 305.1429443359375, 205.3743438720703, 182.51199340820312, 120.72772979736328, 198.13525390625, 119.19557189941406, 83.8109359741211, 50.831138610839844], [-434.9386901855469, 411.6595764160156, 1404.557373046875, 126.2895278930664, 600.0459594726562, 340.9139404296875, 348.3505859375, 212.6595001220703, 261.0589904785156, 244.1194610595703, 219.5375213623047, 49.026214599609375, 63.910919189453125], [149.29000854492188, 243.79681396484375, 126.2895278930664, 663.8507690429688, 182.69070434570312, 273.46417236328125, 213.98277282714844, 184.12416076660156, 130.9296112060547, 105.52922058105469, 38.041587829589844, 94.28559112548828, 46.661556243896484], [-120.17757415771484, 286.4755859375, 600.0459594726562, 182.69070434570312, 526.9822387695312, 222.9222869873047, 202.02716064453125, 173.64669799804688, 209.4121551513672, 180.15341186523438, 142.60195922851562, 54.390438079833984, 91.96896362304688], [-294.8431091308594, 305.1429443359375, 340.9139404296875, 273.46417236328125, 222.9222869873047, 387.7388000488281, 269.5733337402344, 218.60690307617188, 154.8506317138672, 164.52821350097656, 126.05474853515625, 80.82041931152344, 14.756088256835938], [-104.22677612304688, 205.3743438720703, 348.3505859375, 213.98277282714844, 202.02716064453125, 269.5733337402344, 329.4654235839844, 200.07496643066406, 147.037109375, 120.45658874511719, 101.6490707397461, 62.518653869628906, 29.758590698242188], [-69.82502746582031, 182.51199340820312, 212.6595001220703, 184.12416076660156, 173.64669799804688, 218.60690307617188, 200.07496643066406, 241.13760375976562, 152.07052612304688, 124.11648559570312, 89.64385223388672, 66.3581314086914, 33.092002868652344], [-138.6909637451172, 120.72772979736328, 261.0589904785156, 130.9296112060547, 209.4121551513672, 154.8506317138672, 147.037109375, 152.07052612304688, 209.73468017578125, 150.7952117919922, 101.8866958618164, 27.430683135986328, 22.9305477142334], [-326.05938720703125, 198.13525390625, 244.1194610595703, 105.52922058105469, 180.15341186523438, 164.52821350097656, 120.45658874511719, 124.11648559570312, 150.7952117919922, 222.95877075195312, 109.62712860107422, 30.565067291259766, -8.159751892089844], [-193.5361785888672, 119.19557189941406, 219.5375213623047, 38.041587829589844, 142.60195922851562, 126.05474853515625, 101.6490707397461, 89.64385223388672, 101.8866958618164, 109.62712860107422, 147.56300354003906, 46.361602783203125, 24.967906951904297], [20.55072021484375, 83.8109359741211, 49.026214599609375, 94.28559112548828, 54.390438079833984, 80.82041931152344, 62.518653869628906, 66.3581314086914, 27.430683135986328, 30.565067291259766, 46.361602783203125, 106.15770721435547, 62.62479019165039], [141.18759155273438, 50.831138610839844, 63.910919189453125, 46.661556243896484, 91.96896362304688, 14.756088256835938, 29.758590698242188, 33.092002868652344, 22.9305477142334, -8.159751892089844, 24.967906951904297, 62.62479019165039, 126.0899429321289]], "lowlevel.mfcc.icov": [[0.0003402460424695164, 0.000171820807736367, 3.797381941694766e-05, -0.0001904431701404974, -0.00014507964078802615, 0.0003197816258762032, -0.00011494993668748066, -0.00024827552260831, 8.127709588734433e-05, 0.00035155052319169044, 0.00013112816668581218, -3.4532062272774056e-05, -0.000239184417296201], [0.000171820807736367, 0.0010015469742938876, -6.138604658190161e-05, -0.00017375963216181844, -0.00024291161389555782, -0.0003235403564758599, 5.177026105229743e-05, -0.00029002290102653205, 0.0006958573940210044, -0.0004812261613551527, 0.00014483703125733882, 2.3419457647833042e-05, -0.0004197975795250386], [3.797381941694766e-05, -6.138604658190161e-05, 0.001713415258564055, 0.00040382042061537504, -0.001691649784334004, -0.0002693724527489394, -0.0011126372264698148, 0.0006893490208312869, -3.1036885047797114e-05, 7.24026103853248e-05, -0.0004906511167064309, 0.00020037042850162834, 0.0003193566226400435], [-0.0001904431701404974, -0.00017375963216181844, 0.00040382042061537504, 0.002757627982646227, -0.0004918784834444523, -0.001737486687488854, -0.00044989734306000173, 0.0003106448275502771, -0.0010242974385619164, -0.0001700777211226523, 0.0019164909608662128, -0.0014277836307883263, 0.00014977544196881354], [-0.00014507964078802615, -0.00024291161389555782, -0.001691649784334004, -0.0004918784834444523, 0.006013763602823019, -0.0005960940034128726, 0.0006651158910244703, -0.00011286735389148816, -0.002132595516741276, -0.0012839254923164845, -0.00056701828725636, 0.0017915075877681375, -0.0036168969236314297], [0.0003197816258762032, -0.0003235403564758599, -0.0002693724527489394, -0.001737486687488854, -0.0005960940034128726, 0.010132821276783943, -0.0038135009817779064, -0.003261276287958026, 0.0016960141947492957, -0.0009192479774355888, -0.0022443868219852448, -0.002008897252380848, 0.002631037263199687], [-0.00011494993668748066, 5.177026105229743e-05, -0.0011126372264698148, -0.00044989734306000173, 0.0006651158910244703, -0.0038135009817779064, 0.009288889355957508, -0.0033274576999247074, -0.0010418427409604192, 0.001151293981820345, -0.00037908859667368233, 0.00039127442869357765, -0.00037483780761249363], [-0.00024827552260831, -0.00029002290102653205, 0.0006893490208312869, 0.0003106448275502771, -0.00011286735389148816, -0.003261276287958026, -0.0033274576999247074, 0.013667294755578041, -0.00592036684975028, -0.000407853105571121, 0.00107869494240731, -0.0031932315323501825, 1.5558314771624282e-05], [8.127709588734433e-05, 0.0006958573940210044, -3.1036885047797114e-05, -0.0010242974385619164, -0.002132595516741276, 0.0016960141947492957, -0.0010418427409604192, -0.00592036684975028, 0.016347737982869148, -0.0057201082818210125, -0.003337609115988016, 0.004330230411142111, -0.0016529860440641642], [0.00035155052319169044, -0.0004812261613551527, 7.24026103853248e-05, -0.0001700777211226523, -0.0012839254923164845, -0.0009192479774355888, 0.001151293981820345, -0.000407853105571121, -0.0057201082818210125, 0.012637749314308167, -0.0033104761969298124, -0.