{"song_id": "1182283997301182517", "download": "https://cdn.discordapp.com/attachments/1135911532732108921/1182283997301182517/chirp.mp4?ex=658422c6&amp", "lyrics": "[Verse]\nIn the depths of the night, shadows arise\nMoonlight fades, as darkness mesmerizes\nLost in an abyss, where dreams go to die\nEmbracing the unknown, beneath the starlit sky\n\n[Chorus]\nDancing with the darkness, feeling its caress\nSynthwave rhythms, echoing distress\nGlowing neon lights, contrasting the black\nSwaying to the music, never looking back", "style": ["synthwave"], "essentia_features": {"lowlevel.average_loudness": 0.8908381462097168, "lowlevel.barkbands_crest.mean": 10.468430519104004, "lowlevel.barkbands_crest.stdev": 3.3199918270111084, "lowlevel.barkbands_flatness_db.mean": 0.19163981080055237, "lowlevel.barkbands_flatness_db.stdev": 0.043768804520368576, "lowlevel.barkbands_kurtosis.mean": 5.7971930503845215, "lowlevel.barkbands_kurtosis.stdev": 6.386813640594482, "lowlevel.barkbands_skewness.mean": 1.9258259534835815, "lowlevel.barkbands_skewness.stdev": 1.163132905960083, "lowlevel.barkbands_spread.mean": 15.172386169433594, "lowlevel.barkbands_spread.stdev": 14.087082862854004, "lowlevel.dissonance.mean": 0.44835975766181946, "lowlevel.dissonance.stdev": 0.03005969151854515, "lowlevel.dynamic_complexity": 4.048226833343506, "lowlevel.erbbands_crest.mean": 9.258580207824707, "lowlevel.erbbands_crest.stdev": 4.0772294998168945, "lowlevel.erbbands_flatness_db.mean": 0.20400936901569366, "lowlevel.erbbands_flatness_db.stdev": 0.0432538241147995, "lowlevel.erbbands_kurtosis.mean": 0.3366454243659973, "lowlevel.erbbands_kurtosis.stdev": 2.4942612648010254, "lowlevel.erbbands_skewness.mean": 0.40987056493759155, "lowlevel.erbbands_skewness.stdev": 0.8609277009963989, "lowlevel.erbbands_spread.mean": 35.45061492919922, "lowlevel.erbbands_spread.stdev": 16.046741485595703, "lowlevel.hfc.mean": 14.288122177124023, "lowlevel.hfc.stdev": 23.805042266845703, "lowlevel.loudness_ebu128.integrated": -20.06650733947754, "lowlevel.loudness_ebu128.loudness_range": 3.3635501861572266, "lowlevel.loudness_ebu128.momentary.mean": -21.61610221862793, "lowlevel.loudness_ebu128.momentary.stdev": 3.909694194793701, "lowlevel.loudness_ebu128.short_term.mean": -20.386981964111328, "lowlevel.loudness_ebu128.short_term.stdev": 1.3300654888153076, "lowlevel.melbands_crest.mean": 13.787443161010742, "lowlevel.melbands_crest.stdev": 4.0297322273254395, "lowlevel.melbands_flatness_db.mean": 0.2415378987789154, "lowlevel.melbands_flatness_db.stdev": 0.06067382171750069, "lowlevel.melbands_kurtosis.mean": 13.060635566711426, "lowlevel.melbands_kurtosis.stdev": 11.339947700500488, "lowlevel.melbands_skewness.mean": 2.797288656234741, "lowlevel.melbands_skewness.stdev": 1.189549207687378, "lowlevel.melbands_spread.mean": 19.012941360473633, "lowlevel.melbands_spread.stdev": 27.017080307006836, "lowlevel.pitch_salience.mean": 0.5891708135604858, "lowlevel.pitch_salience.stdev": 0.0933411568403244, "lowlevel.silence_rate_20dB.mean": 1.0, "lowlevel.silence_rate_20dB.stdev": 0.0, "lowlevel.silence_rate_30dB.mean": 1.0, "lowlevel.silence_rate_30dB.stdev": 0.0, "lowlevel.silence_rate_60dB.mean": 0.13731169700622559, "lowlevel.silence_rate_60dB.stdev": 0.34418046474456787, "lowlevel.spectral_centroid.mean": 934.5402221679688, "lowlevel.spectral_centroid.stdev": 757.46826171875, "lowlevel.spectral_complexity.mean": 12.893974304199219, "lowlevel.spectral_complexity.stdev": 5.9255452156066895, "lowlevel.spectral_decrease.mean": -4.408442944026092e-09, "lowlevel.spectral_decrease.stdev": 4.167218570216846e-09, "lowlevel.spectral_energy.mean": 0.01793445274233818, "lowlevel.spectral_energy.stdev": 0.01676337420940399, "lowlevel.spectral_energyband_high.mean": 0.0007716011605225503, "lowlevel.spectral_energyband_high.stdev": 0.002761554904282093, "lowlevel.spectral_energyband_low.mean": 0.002479749033227563, "lowlevel.spectral_energyband_low.stdev": 0.0038674701936542988, "lowlevel.spectral_energyband_middle_high.mean": 0.0030188884120434523, "lowlevel.spectral_energyband_middle_high.stdev": 0.005227319896221161, "lowlevel.spectral_energyband_middle_low.mean": 0.012529117055237293, "lowlevel.spectral_energyband_middle_low.stdev": 0.0126421470195055, "lowlevel.spectral_entropy.mean": 7.143858432769775, "lowlevel.spectral_entropy.stdev": 0.4094352722167969, "lowlevel.spectral_flux.mean": 0.04877607151865959, "lowlevel.spectral_flux.stdev": 0.039988696575164795, "lowlevel.spectral_kurtosis.mean": 6.247421741485596, "lowlevel.spectral_kurtosis.stdev": 4.04818058013916, "lowlevel.spectral_rms.mean": 0.0037390063516795635, "lowlevel.spectral_rms.stdev": 0.0018753338372334838, "lowlevel.spectral_rolloff.mean": 1260.7271728515625, "lowlevel.spectral_rolloff.stdev": 1790.0911865234375, "lowlevel.spectral_skewness.mean": 1.7024986743927002, "lowlevel.spectral_skewness.stdev": 0.5347059369087219, "lowlevel.spectral_spread.mean": 3571667.0, "lowlevel.spectral_spread.stdev": 1713175.625, "lowlevel.spectral_strongpeak.mean": 0.8784032464027405, "lowlevel.spectral_strongpeak.stdev": 1.210079312324524, "lowlevel.zerocrossingrate.mean": 0.04906236380338669, "lowlevel.zerocrossingrate.stdev": 0.04597347602248192, "metadata.audio_properties.analysis.equal_loudness": 0.0, "metadata.audio_properties.analysis.length": 40.04265213012695, "metadata.audio_properties.analysis.sample_rate": 44100.0, "metadata.audio_properties.analysis.start_time": 0.0, "metadata.audio_properties.bit_rate": 113178.0, "metadata.audio_properties.length": 40.042667388916016, "metadata.audio_properties.lossless": 0.0, "metadata.audio_properties.number_channels": 1.0, "metadata.audio_properties.replay_gain": -8.539575576782227, "metadata.audio_properties.sample_rate": 48000.0, "rhythm.beats_count": 86.0, "rhythm.beats_loudness.mean": 0.024824153631925583, "rhythm.beats_loudness.stdev": 0.01796834170818329, "rhythm.bpm": 132.7412109375, "rhythm.bpm_histogram_first_peak_bpm": 133.0, "rhythm.bpm_histogram_first_peak_weight": 0.4629629850387573, "rhythm.bpm_histogram_second_peak_bpm": 144.0, "rhythm.bpm_histogram_second_peak_spread": 0.3571428656578064, "rhythm.bpm_histogram_second_peak_weight": 0.10588235408067703, "rhythm.danceability": 1.057542324066162, "rhythm.onset_rate": 3.24558424949646, "tonal.chords_changes_rate": 0.028935184702277184, "tonal.chords_number_rate": 0.0069444444961845875, "tonal.chords_strength.mean": 0.5507315397262573, "tonal.chords_strength.stdev": 0.09677982330322266, "tonal.hpcp_crest.mean": 16.874296188354492, "tonal.hpcp_crest.stdev": 6.931207180023193, "tonal.hpcp_entropy.mean": 1.5764853954315186, "tonal.hpcp_entropy.stdev": 0.6196356415748596, "tonal.key_edma.strength": 0.6293176412582397, "tonal.key_krumhansl.strength": 0.6411054134368896, "tonal.key_temperley.strength": 0.6635336875915527, "tonal.tuning_diatonic_strength": 0.5314282178878784, "tonal.tuning_equal_tempered_deviation": 0.03386422619223595, "tonal.tuning_frequency": 439.2381896972656, "tonal.tuning_nontempered_energy_ratio": 0.6227000951766968, "lowlevel.barkbands.mean": [3.4623542433109833e-06, 0.0006545294891111553, 0.001037600333802402, 0.0022254770155996084, 0.004180946387350559, 0.0031983680091798306, 0.0016796664567664266, 0.0007683334406465292, 0.0003447590279392898, 0.0002881488180719316, 0.000451599364168942, 0.000583814806304872, 0.0001622723793843761, 0.00020381352805998176, 0.00046271568862721324, 0.000267432740656659, 0.00017733364074956626, 5.343944940250367e-05, 0.00019768407219089568, 0.0003889577346853912, 0.0001678494008956477, 0.00014576333342120051, 0.00015319041267503053, 6.39624850009568e-05, 5.531708666239865e-05, 1.7822392692323774e-05, 2.0746578854868858e-07], "lowlevel.barkbands.stdev": [1.2265675650269259e-05, 0.0016065787058323622, 0.0021561123430728912, 0.0035195541568100452, 0.005670566577464342, 0.005069120321422815, 0.004186768084764481, 0.0020988520700484514, 0.0013409461826086044, 0.0008753844304010272, 0.001636447967030108, 0.0025740100536495447, 0.00042165745981037617, 0.0005235740100033581, 0.0017964234575629234, 0.0009752928745001554, 0.00036405876744538546, 0.00010561221279203892, 0.0008300660410895944, 0.0015767314471304417, 0.000594014476519078, 0.0006196869653649628, 0.0007833288982510567, 0.00033259973861277103, 0.00018539727898314595, 6.291555473580956e-05, 1.7321074210485676e-06], "lowlevel.erbbands.mean": [0.008594953455030918, 0.19069261848926544, 0.9581791162490845, 4.357215881347656, 10.618969917297363, 14.738595962524414, 20.520732879638672, 29.019989013671875, 19.627302169799805, 29.684350967407227, 14.424247741699219, 7.845373153686523, 10.114017486572266, 8.929466247558594, 24.068252563476562, 22.658344268798828, 8.768680572509766, 10.608344078063965, 23.049388885498047, 19.251707077026367, 13.462843894958496, 9.813298225402832, 3.4889044761657715, 5.708123683929443, 15.034479141235352, 17.70995330810547, 9.419983863830566, 5.314752101898193, 5.294130802154541, 4.902841567993164, 4.152202129364014, 1.962898850440979, 0.9161292314529419, 0.715599775314331, 0.3186127543449402, 0.12790505588054657, 0.0224594809114933, 0.0019932647701352835, 5.7764031225815415e-05, 2.4580274839536287e-05], "lowlevel.erbbands.stdev": [0.025674637407064438, 0.43776312470436096, 1.851731538772583, 6.457578182220459, 14.404476165771484, 26.45823097229004, 33.80571365356445, 49.102935791015625, 45.54985427856445, 83.785888671875, 45.97550582885742, 24.666322708129883, 27.779386520385742, 27.04266357421875, 100.56809997558594, 93.70986938476562, 19.212413787841797, 21.02483558654785, 97.20623779296875, 67.51060485839844, 37.521358489990234, 17.36687660217285, 5.0279459953308105, 19.737913131713867, 65.10501098632812, 70.75653076171875, 35.804237365722656, 18.142505645751953, 20.861478805541992, 24.482755661010742, 22.058368682861328, 10.829377174377441, 4.126204490661621, 2.528151035308838, 1.0729782581329346, 0.4461572766304016, 0.0850445106625557, 0.009878134354948997, 0.00021573474805336446, 2.4664368538651615e-05], "lowlevel.gfcc.mean": [-69.88091278076172, 132.60452270507812, -138.20457458496094, 29.512144088745117, -64.72691345214844, -7.917240619659424, -47.76631164550781, -15.261529922485352, -30.73941993713379, -7.855527400970459, -13.628173828125, -7.282063961029053, -3.076908826828003], "lowlevel.melbands.mean": [0.00013398882583715022, 0.00045026341103948653, 0.00098980194889009, 0.000856545870192349, 0.000748786493204534, 0.00062002387130633, 0.0003137785824947059, 0.0002905095461755991, 9.874607349047437e-05, 4.851343692280352e-05, 5.04688432556577e-05, 3.282503894297406e-05, 7.21034302841872e-05, 7.082775846356526e-05, 3.547153755789623e-05, 1.6810408851597458e-05, 1.835398143157363e-05, 3.589694097172469e-05, 2.708791544137057e-05, 2.2918735339771956e-05, 1.4275143257691525e-05, 1.1862587598443497e-05, 4.123158760194201e-06, 2.2610258838540176e-06, 4.439707026904216e-06, 8.623908797744662e-06, 1.4629233191953972e-05, 1.100087320082821e-05, 6.482863682322204e-06, 3.926678346033441e-06, 2.727607579799951e-06, 2.9766763418592745e-06, 2.895641500799684e-06, 2.701135827010148e-06, 2.412216645097942e-06, 1.9883689219568623e-06, 9.111300300901348e-07, 6.327550181595143e-07, 6.01794909016462e-07, 6.03391697495681e-07], "lowlevel.melbands.stdev": [0.000355678639607504, 0.0007989965379238129, 0.001311217900365591, 0.001190688693895936, 0.0011008387664332986, 0.0010393656557425857, 0.0007082397351041436, 0.0007844724459573627, 0.00035951967583969235, 0.0001610929029993713, 0.00014294168795458972, 0.00011006447311956435, 0.00027594625134952366, 0.00034411560045555234, 0.00010808137449203059, 3.989383185398765e-05, 3.5849163396051154e-05, 0.00015112213441170752, 0.0001082547678379342, 9.149999095825478e-05, 3.933530024369247e-05, 2.2793174139223993e-05, 6.1921123233332764e-06, 4.697973054135218e-06, 1.5692647139076144e-05, 4.1454186430200934e-05, 6.369017501128837e-05, 4.4781245378544554e-05, 2.5848790755844675e-05, 1.415321366948774e-05, 9.431499165657442e-06, 1.1273682503087912e-05, 1.4373986232385505e-05, 1.3981306437926833e-05, 1.3149418009561487e-05, 1.0862754606932867e-05, 5.407379376265453e-06, 3.1286558623833116e-06, 2.3063926164468285e-06, 2.1090377231303137e-06], "lowlevel.melbands128.mean": [1.8027557189270738e-06, 2.4337532522622496e-05, 0.00018503506726119667, 0.00034978656913153827, 0.0003843829908873886, 0.0005761663778685033, 0.0007521954248659313, 0.0013017256278544664, 0.0011369111016392708, 0.0006165759987197816, 0.0008753024158068001, 0.000856732134707272, 0.0006855681422166526, 0.0006260034861043096, 0.0008379875798709691, 0.0004877725150436163, 0.00028743731672875583, 0.000255642895353958, 0.0003456723061390221, 0.00044444057857617736, 0.00016773314564488828, 0.00012601399794220924, 0.00010814631968969479, 4.914412784273736e-05, 3.585825834306888e-05, 5.629251609207131e-05, 5.756291648140177e-05, 5.9506961406441405e-05, 2.9687771530007012e-05, 3.660872971522622e-05, 2.1540410671150312e-05, 4.762746539199725e-05, 7.298401760635898e-05, 0.00010476383613422513, 6.135044532129541e-05, 7.031534914858639e-05, 6.896128616062924e-05, 3.419126369408332e-05, 1.5034329408081248e-05, 1.4907906006556004e-05, 1.4791604371566791e-05, 2.448899067530874e-05, 1.630921906325966e-05, 1.9313147276989184e-05, 1.3836583093507215e-05, 5.078051981399767e-05, 4.863372669206001e-05, 1.5790887118782848e-05, 2.2693218852509744e-05, 3.458599530858919e-05, 2.0158104234724306e-05, 1.5201361748040654e-05, 1.7484897398389876e-05, 1.0459224540682044e-05, 1.4545787053066306e-05, 1.5665866158087738e-05, 5.79337211092934e-06, 4.738601091958117e-06, 3.663100414996734e-06, 2.394064495092607e-06, 2.0333095562818926e-06, 1.9006553202416399e-06, 4.158309366175672e-06, 5.255117685010191e-06, 4.352590622147545e-06, 9.297456017520744e-06, 1.0251137609884609e-05, 1.1773669939429965e-05, 1.8882841686718166e-05, 1.4140479834168218e-05, 1.0009326615545433e-05, 1.1137895853607915e-05, 6.816512723162305e-06, 6.086761004553409e-06, 5.063824573880993e-06, 3.9826022657507565e-06, 3.6480489598034183e-06, 2.821983798639849e-06, 2.5858855678961845e-06, 2.3812763174646534e-06, 3.291532948423992e-06, 3.0281178169389023e-06, 2.8476065381255466e-06, 3.1634610877517844e-06, 2.5893457404890796e-06, 2.695446710276883e-06, 2.7671203497448005e-06, 2.5791255211515818e-06, 2.1497833131434163e-06, 2.6482523480808595e-06, 2.334247710678028e-06, 1.965308911167085e-06, 1.0885930805670796e-06, 9.117237027567171e-07, 7.056148092488002e-07, 7.447607686117408e-07, 5.809148433399969e-07, 5.44550061931659e-07, 5.737236961067538e-07, 6.474080578300345e-07, 6.796179263801605e-07, 6.517753945445293e-07, 4.4349360450723907e-07, 3.797255203608074e-07, 3.127538832359278e-07, 3.2943910355243133e-07, 3.464967903710203e-07, 2.7952575010203873e-07, 2.417718292235804e-07, 1.4601376108203112e-07, 9.975219228408605e-08, 8.262873052444775e-08, 6.258337492681676e-08, 4.285770316414528e-08, 3.04049088128977e-08, 1.75967134197208e-08, 8.273741691766645e-09, 7.557827697013408e-10, 3.265121246293079e-12, 2.898922421556982e-12, 2.8824911207925297e-12, 2.4686398758522188e-12, 2.4295710842475726e-12, 2.380148595576559e-12, 2.2834397133547624e-12, 2.1394947445629864e-12, 2.0599349049438276e-12, 2.0396165225505802e-12], "lowlevel.melbands128.stdev": [8.72912187332986e-06, 9.373389184474945e-05, 0.0005911636399105191, 0.0008253580308519304, 0.0008817382622510195, 0.001216999371536076, 0.0013258678372949362, 0.0020838940981775522, 0.0017481212271377444, 0.001159402308985591, 0.001949997153133154, 0.0014905105344951153, 0.001505442662164569, 0.0013907557586207986, 0.0015508924843743443, 0.0013456817250698805, 0.0010624979622662067, 0.000906070286873728, 0.0011147416662424803, 0.0014998759143054485, 0.0005298246396705508, 0.0005769184790551662, 0.0005006543942727149, 0.0003840369754470885, 0.00015841478307265788, 0.00025188614381477237, 0.0002587295020930469, 0.00019652630726341158, 0.00015477121633011848, 0.00017615371325518936, 0.00011944030120503157, 0.00018147555238101631, 0.00030716852052137256, 0.0006197305046953261, 0.000457587098935619, 0.0005986744654364884, 0.00025163296959362924, 0.0001359974266961217, 6.680371006950736e-05, 5.1519873522920534e-05, 4.042749424115755e-05, 0.00010119834041688591, 3.611877764342353e-05, 4.055322642670944e-05, 7.51164770917967e-05, 0.00025235829525627196, 0.00033361997338943183, 0.00013978692004457116, 0.00010431546252220869, 0.00016323436284437776, 0.00015058675489854068, 6.762664270354435e-05, 6.922988541191444e-05, 3.902444586856291e-05, 4.879495099885389e-05, 3.526714499457739e-05, 1.2713649084616918e-05, 9.606852472643368e-06, 7.164924682001583e-06, 4.643065949494485e-06, 4.552081918518525e-06, 6.5914746301132254e-06, 1.6269106708932668e-05, 1.9638371668406762e-05, 1.8960552552016452e-05, 5.337864422472194e-05, 5.4790165449958295e-05, 5.673511259374209e-05, 9.024405881064013e-05, 6.530559767270461e-05, 4.245802847435698e-05, 5.6832548580132425e-05, 2.862734800146427e-05, 2.5424675186513923e-05, 2.1122552425367758e-05, 1.544948827358894e-05, 1.353077641397249e-05, 1.1897082003997639e-05, 9.353427230962552e-06, 9.093133485293947e-06, 1.2893484381493181e-05, 1.1918430573132355e-05, 1.2801039702026173e-05, 1.7893791664391756e-05, 1.484823769715149e-05, 1.4126046153251082e-05, 1.5396002709167078e-05, 1.4859252587484661e-05, 1.2181529200461227e-05, 1.6352067177649587e-05, 1.2486300875025336e-05, 1.1514380275912117e-05, 6.7281357587489765e-06, 5.954585503786802e-06, 4.424756298249122e-06, 4.005479695479153e-06, 3.3662363421171904e-06, 2.2756803446100093e-06, 2.258734639326576e-06, 2.785699507512618e-06, 2.5340818865515757e-06, 2.3913514723972185e-06, 1.5662056966903037e-06, 1.5567255786663736e-06, 1.242449002347712e-06, 1.1768879630835727e-06, 1.2394480108923744e-06, 1.0156352345802588e-06, 9.306509696216381e-07, 5.771979658675264e-07, 3.9553097508360224e-07, 3.4737774967652513e-07, 2.8084104997105896e-07, 2.156559872901198e-07, 1.8423092740249558e-07, 1.1055818305294451e-07, 6.81985810047081e-08, 8.885132629643522e-09, 2.420541544978505e-11, 1.3178688175463638e-11, 1.5229276173478468e-11, 4.510359967457855e-12, 4.4175271080026945e-12, 4.33979588376765e-12, 4.277638139538187e-12, 4.224873922931138e-12, 4.1866336786267055e-12, 4.163541473395371e-12], "lowlevel.mfcc.mean": [-703.9735717773438, 154.66954040527344, -15.481637001037598, 29.1195068359375, -4.567250728607178, 3.2364933490753174, -10.796833992004395, -13.20624828338623, -11.366477012634277, -14.583109855651855, -12.952080726623535, -6.976110935211182, -3.1360275745391846], "lowlevel.spectral_contrast_coeffs.mean": [-0.6219646334648132, -0.6847169399261475, -0.7474256753921509, -0.7814241051673889, -0.7823419570922852, -0.7195321321487427], "lowlevel.spectral_contrast_coeffs.stdev": [0.08074761182069778, 0.06921736896038055, 0.05603961646556854, 0.05241077020764351, 0.048680514097213745, 0.05634715035557747], "lowlevel.spectral_contrast_valleys.mean": [-7.226795673370361, -7.317500114440918, -7.924735069274902, -8.14962387084961, -8.275797843933105, -11.798131942749023], "lowlevel.spectral_contrast_valleys.stdev": [0.7826330661773682, 0.6631990075111389, 0.6092879176139832, 0.6432594656944275, 0.8167005777359009, 1.6154980659484863], "rhythm.beats_loudness_band_ratio.mean": [0.30771729350090027, 0.4011126756668091, 0.1589161902666092, 0.07179323583841324, 0.05213668569922447, 0.09551344066858292], "rhythm.beats_loudness_band_ratio.stdev": [0.2255578339099884, 0.1998942345380783, 0.1524825394153595, 0.060644302517175674, 0.06400921195745468, 0.2180132418870926], "tonal.hpcp.mean": [0.08856946229934692, 0.05467654764652252, 0.017377367243170738, 0.017661644145846367, 0.02929188497364521, 0.13038314878940582, 0.23402835428714752, 0.14136594533920288, 0.15617673099040985, 0.25890085101127625, 0.1366630643606186, 0.02392789162695408, 0.018383614718914032, 0.02625865489244461, 0.1438053846359253, 0.2886345088481903, 0.18275335431098938, 0.04599430412054062, 0.03489641845226288, 0.023144755512475967, 0.04300826042890549, 0.056551381945610046, 0.039565302431583405, 0.2235468626022339, 0.40128380060195923, 0.20054961740970612, 0.024277392774820328, 0.030905060470104218, 0.034323666244745255, 0.1796264499425888, 0.31023675203323364, 0.16523252427577972, 0.025408659130334854, 0.016539277508854866, 0.02100318856537342, 0.057153649628162384], "tonal.hpcp.stdev": [0.15580935776233673, 0.12491625547409058, 0.08552700281143188, 0.08706563711166382, 0.1278216391801834, 0.22356316447257996, 0.3354538083076477, 0.2145247459411621, 0.2316090613603592, 0.36113303899765015, 0.2131757140159607, 0.10305696725845337, 0.0779438316822052, 0.12016463279724121, 0.20090921223163605, 0.3528522551059723, 0.22758589684963226, 0.13577531278133392, 0.11230403184890747, 0.10169900953769684, 0.14393727481365204, 0.1662648469209671, 0.1250336915254593, 0.24751456081867218, 0.4322297275066376, 0.23382775485515594, 0.08747545629739761, 0.1050465777516365, 0.11888118833303452, 0.249259352684021, 0.37505248188972473, 0.20966842770576477, 0.10052169114351273, 0.06992757320404053, 0.07581944763660431, 0.12834322452545166], "rhythm.beats_position": [0.5108389854431152, 1.0332880020141602, 1.5209070444107056, 2.008526086807251, 2.4845352172851562, 2.9489340782165527, 3.4133331775665283, 3.8661224842071533, 4.318911552429199, 4.771700382232666, 5.224489688873291, 5.665668964385986, 6.118457794189453, 6.571247100830078, 7.035645961761475, 7.4884352684021, 7.941224575042725, 8.394013404846191, 8.858412742614746, 9.311202049255371, 9.76399040222168, 10.216779708862305, 10.66956901550293, 11.133968353271484, 11.598366737365723, 12.039546012878418, 12.492335319519043, 12.933514595031738, 13.397913932800293, 13.850702285766602, 14.303491592407227, 14.756280899047852, 15.209070205688477, 15.673469543457031, 16.137868881225586, 16.59065818786621, 17.043445587158203, 17.496234893798828, 17.949024200439453, 18.425033569335938, 18.901042938232422, 19.319002151489258, 19.736961364746094, 20.15492057800293, 20.584489822387695, 21.02566909790039, 21.478458404541016, 21.91963768005371, 22.337596893310547, 22.76716423034668, 23.196733474731445, 23.63791275024414, 24.055871963500977, 24.485441207885742, 24.915010452270508, 25.332969665527344, 25.75092887878418, 26.168888092041016, 26.58684730529785, 27.028026580810547, 27.469205856323242, 27.910385131835938, 28.351564407348633, 28.804353713989258, 29.257143020629883, 29.721542358398438, 30.18593978881836, 30.627119064331055, 31.07990837097168, 31.532697677612305, 31.973876953125, 32.41505432128906, 32.85623550415039, 33.309024810791016, 33.76181411743164, 34.3074836730957, 34.8415412902832, 35.3755989074707, 35.921268463134766, 36.45532989501953, 37.00099563598633, 37.535057067871094, 38.080726623535156, 38.62639236450195, 39.172061920166016, 39.70612335205078], "rhythm.bpm_histogram": [0.0, 0.0, 0.0, 0.0, 0.0, 0.0, 0.0, 0.0, 0.0, 0.0, 0.0, 0.0, 0.0, 0.0, 0.0, 0.0, 0.0, 0.0, 0.0, 0.0, 0.0, 0.0, 0.0, 0.0, 0.0, 0.0, 0.0, 0.0, 0.0, 0.0, 0.0, 0.0, 0.0, 0.0, 0.0, 0.0, 0.0, 0.0, 0.0, 0.0, 0.0, 0.0, 0.0, 0.0, 0.0, 0.0, 0.0, 0.0, 0.0, 0.0, 0.0, 0.0, 0.0, 0.0, 0.0, 0.0, 0.0, 0.0, 0.0, 0.0, 0.0, 0.0, 0.0, 0.0, 0.0, 0.0, 0.0, 0.0, 0.0, 0.0, 0.0, 0.0, 0.0, 0.0, 0.0, 0.0, 0.0, 0.0, 0.0, 0.0, 0.0, 0.0, 0.0, 0.0, 0.0, 0.0, 0.0, 0.0, 0.0, 0.0, 0.0, 0.0, 0.0, 0.0, 0.0, 0.0, 0.0, 0.0, 0.0, 0.0, 0.0, 0.0, 0.0, 0.0, 0.0, 0.0, 0.0, 0.0, 0.0, 0.0, 0.07058823853731155, 0.0, 0.05882352963089943, 0.0, 0.0, 0.0117647061124444, 0.0, 0.0, 0.0, 0.0, 0.0, 0.0, 0.0, 0.0235294122248888, 0.0, 0.0, 0.03529411926865578, 0.0, 0.0, 0.12941177189350128, 0.0, 0.0, 0.0, 0.34117648005485535, 0.0, 0.0, 0.16470588743686676, 0.0, 0.0, 0.0, 0.05882352963089943, 0.0, 0.0, 0.0, 0.10588235408067703, 0.0, 0.0, 0.0, 0.0, 0.0, 0.0, 0.0, 0.0, 0.0, 0.0, 0.0, 0.0, 0.0, 0.0, 0.0, 0.0, 0.0, 0.0, 0.0, 0.0, 0.0, 0.0, 0.0, 0.0, 0.0, 0.0, 0.0, 0.0, 0.0, 0.0, 0.0, 0.0, 0.0, 0.0, 0.0, 0.0, 0.0, 0.0, 0.0, 0.0, 0.0, 0.0, 0.0, 0.0, 0.0, 0.0, 0.0, 0.0, 0.0, 0.0, 0.0, 0.0, 0.0, 0.0, 0.0, 0.0, 0.0, 0.0, 0.0, 0.0, 0.0, 0.0, 0.0, 0.0, 0.0, 0.0, 0.0, 0.0, 0.0, 0.0, 0.0, 0.0, 0.0, 0.0, 0.0, 0.0, 0.0, 0.0, 0.0, 0.0, 0.0, 0.0, 0.0, 0.0, 0.0, 0.0, 0.0, 0.0, 0.0, 0.0, 0.0, 0.0, 0.0, 0.0, 0.0, 0.0, 0.0, 0.0, 0.0, 0.0, 0.0, 0.0, 0.0, 0.0, 0.0], "tonal.chords_histogram": [4.398148059844971, 0.0, 42.70833206176758, 0.0, 0.0, 0.0, 0.0, 0.0, 0.0, 0.0, 0.0, 0.0, 0.0, 0.0, 0.0, 8.217592239379883, 0.0, 2.430555582046509, 0.0, 0.0, 0.0, 14.699073791503906, 27.546297073364258, 0.0], "tonal.thpcp": [1.0, 0.49977004528045654, 0.06049931049346924, 0.0770154669880867, 0.08553463965654373, 0.447629451751709, 0.773110568523407, 0.41175976395606995, 0.06331842392683029, 0.041215911507606506, 0.052339985966682434, 0.142426997423172, 0.22071526944637299, 0.13625405728816986, 0.043304432183504105, 0.044012852013111115, 0.07299543172121048, 0.3249150514602661, 0.5831990838050842, 0.35228419303894043, 0.38919270038604736, 0.64518141746521, 0.3405646085739136, 0.05962835252285004, 0.04581200331449509, 0.06543661653995514, 0.3583633005619049, 0.7192777395248413, 0.45542171597480774, 0.11461789160966873, 0.08696193993091583, 0.0576767735183239, 0.10717666894197464, 0.14092615246772766, 0.09859681129455566, 0.5570791959762573], "lowlevel.gfcc.cov": [[5923.7060546875, -2583.507568359375, 915.6679077148438, 457.5733337402344, -784.0494995117188, 621.3017578125, -652.5513916015625, 439.9757385253906, -409.8804626464844, 445.9310607910156, -322.31805419921875, 25.582088470458984, -173.4696807861328], [-2583.507568359375, 2876.48876953125, -891.38623046875, -265.0647888183594, 721.197509765625, -414.40966796875, 500.6797790527344, -389.03973388671875, 538.1980590820312, -373.0120544433594, 313.3587341308594, -121.91829681396484, 202.41966247558594], [915.6679077148438, -891.38623046875, 844.6405029296875, 130.08961486816406, -49.43413162231445, 318.48388671875, -202.1651153564453, 252.5111541748047, -233.7696075439453, 143.69879150390625, -141.73651123046875, 79.4301528930664, -93.4400634765625], [457.5733337402344, -265.0647888183594, 130.08961486816406, 374.7495422363281, 7.402297496795654, 91.6479263305664, 14.0714111328125, 6.8444390296936035, 8.379318237304688, 52.1948127746582, 13.979294776916504, -31.193180084228516, 11.154600143432617], [-784.0494995117188, 721.197509765625, -49.43413162231445, 7.402297496795654, 408.2521667480469, -32.19331741333008, 107.46517181396484, -59.39963150024414, 144.0640869140625, -58.2915153503418, 64.12946319580078, -18.985219955444336, 48.866172790527344], [621.3017578125, -414.40966796875, 318.48388671875, 91.6479263305664, -32.19331741333008, 246.22674560546875, -65.91150665283203, 136.6056671142578, -67.7379150390625, 90.05378723144531, -48.77670669555664, 25.2855167388916, -31.500810623168945], [-652.5513916015625, 500.6797790527344, -202.1651153564453, 14.0714111328125, 107.46517181396484, -65.91150665283203, 316.55914306640625, -56.088172912597656, 91.67285919189453, -68.35601043701172, 103.81314849853516, 13.149364471435547, -10.922792434692383], [439.9757385253906, -389.03973388671875, 252.5111541748047, 6.8444390296936035, -59.39963150024414, 136.6056671142578, -56.088172912597656, 182.24478149414062, -84.37397003173828, 73.7332534790039, -50.62308120727539, 37.943458557128906, -36.180084228515625], [-409.8804626464844, 538.1980590820312, -233.7696075439453, 8.379318237304688, 144.0640869140625, -67.7379150390625, 91.67285919189453, -84.37397003173828, 201.6978759765625, -43.224430084228516, 67.33740997314453, -38.4502067565918, 63.18065643310547], [445.9310607910156, -373.0120544433594, 143.69879150390625, 52.1948127746582, -58.2915153503418, 90.05378723144531, -68.35601043701172, 73.7332534790039, -43.224430084228516, 140.45590209960938, -34.89875411987305, 16.028669357299805, -23.972700119018555], [-322.31805419921875, 313.3587341308594, -141.73651123046875, 13.979294776916504, 64.12946319580078, -48.77670669555664, 103.81314849853516, -50.62308120727539, 67.33740997314453, -34.89875411987305, 113.25199890136719, -3.010942220687866, 12.788725852966309], [25.582088470458984, -121.91829681396484, 79.4301528930664, -31.193180084228516, -18.985219955444336, 25.2855167388916, 13.149364471435547, 37.943458557128906, -38.4502067565918, 16.028669357299805, -3.010942220687866, 80.4749526977539, -21.39504051208496], [-173.4696807861328, 202.41966247558594, -93.4400634765625, 11.154600143432617, 48.866172790527344, -31.500810623168945, -10.922792434692383, -36.180084228515625, 63.18065643310547, -23.972700119018555, 12.788725852966309, -21.39504051208496, 101.67681884765625]], "lowlevel.gfcc.icov": [[0.0004501143703237176, -0.00022737581457477063, 0.00022222301049623638, -0.0006476510898210108, 0.0007607912411913276, -0.0006991974078118801, 0.0007740037399344146, -0.0003542044432833791, 5.00648093293421e-05, -0.0004377467557787895, 0.00042606962961144745, -0.00022206605353858322, 0.0006360855186358094], [-0.00022737581457477063, 0.0031099834013730288, -0.0004529242869466543, 0.0025836699642241, -0.0030355940107256174, 0.0009056143462657928, -0.002292790450155735, 0.0013311937218531966, -0.0027537597343325615, 0.0027029127813875675, -0.0025566834956407547, 0.0024643540382385254, -0.002123582176864147], [0.00022222301049623638, -0.0004529242869466543, 0.005026498809456825, -0.0019504707306623459, -0.0012619771296158433, -0.0034051050897687674, 0.002225503558292985, -0.0023791715502738953, 0.0034021453466266394, -7.862334314268082e-05, 0.0022080917842686176, -0.002665134146809578, 0.002087038243189454], [-0.0006476510898210108, 0.0025836699642241, -0.0019504707306623459, 0.006546557415276766, -0.0024935391265898943, 0.000332872848957777, -0.0036842806730419397, 0.0031328618060797453, -0.0024587251245975494, 0.0010131786111742258, -0.003611053340137005, 0.004556967876851559, -0.003558922791853547], [0.0007607912411913276, -0.0030355940107256174, -0.0012619771296158433, -0.0024935391265898943, 0.007876487448811531, -0.0011906670406460762, 0.0019213029881939292, -0.0007076119654811919, -0.0008524058503098786, -0.0022463470231741667, 0.0018233365844935179, -0.0017611823277547956, 0.0016554702306166291], [-0.0006991974078118801, 0.0009056143462657928, -0.0034051050897687674, 0.000332872848957777, -0.0011906670406460762, 0.011786526069045067, -0.0019227538723498583, -0.00328409974463284, -0.002465613419190049, -0.0007898323819972575, -0.0013230358017608523, 0.0014973527286201715, -0.0014855093322694302], [0.0007740037399344146, -0.002292790450155735, 0.002225503558292985, -0.0036842806730419397, 0.0019213029881939292, -0.0019227538723498583, 0.008686685003340244, -0.0025653429329395294, 0.001021690433844924, -0.000276559847407043, -0.0006463213358074427, -0.00458110123872757, 0.005252969451248646], [-0.0003542044432833791, 0.0013311937218531966, -0.0023791715502738953, 0.0031328618060797453, -0.0007076119654811919, -0.00328409974463284, -0.0025653429329395294, 0.013564519584178925, -0.0003701891691889614, -0.0012232150183990598, -0.0005971629871055484, 0.00012852164218202233, -0.0018670562421903014], [5.00648093293421e-05, -0.0027537597343325615, 0.0034021453466266394, -0.0024587251245975494, -0.0008524058503098786, -0.002465613419190049, 0.001021690433844924, -0.0003701891691889614, 0.015073494054377079, -0.003544269595295191, 0.0007794747361913323, -0.00046163066872395575, -0.0018095592968165874], [-0.0004377467557787895, 0.0027029127813875675, -7.862334314268082e-05, 0.0010131786111742258, -0.0022463470231741667, -0.0007898323819972575, -0.000276559847407043, -0.0012232150183990598, -0.003544269595295191, 0.01382842380553484, -0.0019126023398712277, 0.0004893295117653906, -0.00013504108937922865], [0.00042606962961144745, -0.0025566834956407547, 0.0022080917842686176, -0.003611053340137005, 0.0018233365844935179, -0.0013230358017608523, -0.0006463213358074427, -0.0005971629871055484, 0.0007794747361913323, -0.0019126023398712277, 0.01758594438433647, -0.004243273288011551, 0.002633945783600211], [-0.00022206605353858322, 0.0024643540382385254, -0.002665134146809578, 0.004556967876851559, -0.0017611823277547956, 0.0014973527286201715, -0.00458110123872757, 0.00012852164218202233, -0.00046163066872395575, 0.0004893295117653906, -0.004243273288011551, 0.019322706386446953, -0.0023683130275458097], [0.0006360855186358094, -0.002123582176864147, 0.002087038243189454, -0.003558922791853547, 0.0016554702306166291, -0.0014855093322694302, 0.005252969451248646, -0.0018670562421903014, -0.0018095592968165874, -0.00013504108937922865, 0.002633945783600211, -0.0023683130275458097, 0.016363415867090225]], "lowlevel.mfcc.cov": [[5229.86767578125, -2432.947509765625, 1028.671630859375, -222.0547332763672, 39.37403869628906, -47.62816619873047, -40.34587478637695, -244.7566680908203, 30.787202835083008, 112.14818572998047, -101.14983367919922, 1.6898289918899536, 232.6894073486328], [-2432.947509765625, 2575.720947265625, -1014.3270874023438, 155.9391632080078, 58.489845275878906, 103.28434753417969, -79.42594909667969, 211.95101928710938, 58.47784423828125, -114.53910064697266, 150.64666748046875, 122.53755187988281, -127.59467315673828], [1028.671630859375, -1014.3270874023438, 783.1914672851562, -96.79417419433594, 139.61119079589844, -13.721421241760254, 120.11956787109375, -14.565313339233398, 11.848093032836914, 67.854736328125, -68.14755249023438, -50.94224548339844, 82.20648193359375], [-222.0547332763672, 155.9391632080078, -96.79417419433594, 271.8108825683594, 17.811016082763672, 100.54714965820312, 27.893966674804688, 29.305973052978516, -3.781691789627075, 51.4234619140625, 5.833217620849609, 17.92046356201172, 3.072140693664551], [39.37403869628906, 58.489845275878906, 139.61119079589844, 17.811016082763672, 338.6092529296875, 52.3144645690918, 3.229252338409424, -17.831756591796875, 66.23501586914062, 42.91093444824219, -18.440061569213867, -15.122688293457031, 19.52503776550293], [-47.62816619873047, 103.28434753417969, -13.721421241760254, 100.54714965820312, 52.3144645690918, 152.82220458984375, 24.29774284362793, 24.793725967407227, 25.726842880249023, 37.6444091796875, 26.45479393005371, 35.31926345825195, 12.597516059875488], [-40.34587478637695, -79.42594909667969, 120.11956787109375, 27.893966674804688, 3.229252338409424, 24.29774284362793, 161.94114685058594, 68.41152954101562, -5.302372455596924, 31.03076171875, 24.252504348754883, 21.713825225830078, 10.403543472290039], [-244.7566680908203, 211.95101928710938, -14.565313339233398, 29.305973052978516, -17.831756591796875, 24.793725967407227, 68.41152954101562, 160.30609130859375, 1.7171287536621094, -1.6896405220031738, 38.792694091796875, 32.47248458862305, -4.453009605407715], [30.787202835083008, 58.47784423828125, 11.848093032836914, -3.781691789627075, 66.23501586914062, 25.726842880249023, -5.302372455596924, 1.7171287536621094, 119.72813415527344, 18.427303314208984, 7.048543930053711, 7.710641384124756, 13.410432815551758], [112.14818572998047, -114.53910064697266, 67.854736328125, 51.4234619140625, 42.91093444824219, 37.6444091796875, 31.03076171875, -1.6896405220031738, 18.427303314208984, 99.61820983886719, 13.82778263092041, 8.371459007263184, 11.084500312805176], [-101.14983367919922, 150.64666748046875, -68.14755249023438, 5.833217620849609, -18.440061569213867, 26.45479393005371, 24.252504348754883, 38.792694091796875, 7.048543930053711, 13.82778263092041, 99.2353515625, 42.94337463378906, -0.07464378327131271], [1.6898289918899536, 122.53755187988281, -50.94224548339844, 17.92046356201172, -15.122688293457031, 35.31926345825195, 21.713825225830078, 32.47248458862305, 7.710641384124756, 8.371459007263184, 42.94337463378906, 84.38546752929688, 12.049099922180176], [232.6894073486328, -127.59467315673828, 82.20648193359375, 3.072140693664551, 19.52503776550293, 12.597516059875488, 10.403543472290039, -4.453009605407715, 13.410432815551758, 11.084500312805176, -0.07464378327131271, 12.049099922180176, 82.70588684082031]], "lowlevel.mfcc.icov": [[0.00041450810385867953, 0.0003682224196381867, -0.00012517573486547917, 9.16280405363068e-05, -4.789988452102989e-05, -4.307446215534583e-05, 0.00045682606287300587, 6.715136260027066e-05, -0.000128089843201451, 2.414885238977149e-05, -6.700717494823039e-05, -0.0006717719952575862, -0.0003977475280407816], [0.0003682224196381867, 0.0016576886409893632, 0.0015889181522652507, 6.578551983693615e-05, -0.0011560166021808982, -0.00022967201948631555, 0.000341053499141708, -0.00140998640563339, -0.000427347666118294, 0.0010283052688464522, -0.00041724133188836277, -0.001005610916763544, 0.00020633669919334352], [-0.00012517573486547917, 0.0015889181522652507, 0.004649232141673565, 0.001374959945678711, -0.002041546395048499, -0.0005079507827758789, -0.002207028679549694, -0.0018481984734535217, 6.023870446369983e-05, -0.00030298923957161605, 0.0012342204572632909, 0.0009080683230422437, -0.0012316424399614334], [9.16280405363068e-05, 6.578551983693615e-05, 0.001374959945678711, 0.006213323213160038, -3.906986239599064e-05, -0.003607929451391101, -0.0009172360878437757, -0.0007276267278939486, 0.001174336881376803, -0.002967704785987735, 0.002053898060694337, 0.0007190197356976569, -0.0010143499821424484], [-4.789988452102989e-05, -0.0011560166021808982, -0.002041546395048499, -3.906986239599064e-05, 0.004826691001653671, -0.0010554527398198843, 0.00042523519368842244, 0.0014012051979079843, -0.0015104262856766582, -0.0015287958085536957, 0.0006774493376724422, 0.001099150162190199, -0.0002844874979928136], [-4.307446215534583e-05, -0.00022967201948631555, -0.0005079507827758789, -0.003607929451391101, -0.0010554527398198843, 0.010749625973403454, 5.0234648369951174e-05, -1.5960273231030442e-05, -0.0012206699466332793, -0.0009352171909995377, -0.0014080071123316884, -0.0029463479295372963, -0.0002383589744567871], [0.00045682606287300587, 0.000341053499141708, -0.002207028679549694, -0.0009172360878437757, 0.00042523519368842244, 5.0234648369951174e-05, 0.010472645983099937, -0.003415194107219577, 0.0005896651418879628, -0.0014053572667762637, -0.0016100816428661346, -0.002099087228998542, 0.00025649720919318497], [6.715136260027066e-05, -0.00140998640563339, -0.0018481984734535217, -0.0007276267278939486, 0.0014012051979079843, -1.5960273231030442e-05, -0.003415194107219577, 0.01041537057608366, -0.00024338318326044828, 0.0009167725220322609, -0.001645384356379509, -0.0010506953112781048, 0.00023007389972917736], [-0.000128089843201451, -0.000427347666118294, 6.023870446369983e-05, 0.001174336881376803, -0.0015104262856766582, -0.0012206699466332793, 0.0005896651418879628, -0.00024338318326044828, 0.010180564597249031, -0.00180478033144027, -2.165082605642965e-06, 3.654193278634921e-05, -0.0013613648479804397], [2.414885238977149e-05, 0.0010283052688464522, -0.00030298923957161605, -0.002967704785987735, -0.0015287958085536957, -0.0009352171909995377, -0.0014053572667762637, 0.0009167725220322609, -0.00180478033144027, 0.015133770182728767, -0.0032824461814016104, -0.0007328155334107578, 0.0010275404201820493], [-6.700717494823039e-05, -0.00041724133188836277, 0.0012342204572632909, 0.002053898060694337, 0.0006774493376724422, -0.0014080071123316884, -0.0016100816428661346, -0.001645384356379509, -2.165082605642965e-06, -0.0032824461814016104, 0.015438791364431381, -0.004794165957719088, -0.00043711246689781547], [-0.0006717719952575862, -0.001005610916763544, 0.0009080683230422437, 0.0007190197356976569, 0.001099150162190199, -0.0029463479295372963, -0.002099087228998542, -0.0010506953112781048, 3.654193278634921e-05, -0.0007328155334107578, -0.004794165957719088, 0.01901395432651043, -0.002876040991395712], [-0.0003977475280407816, 0.00020633669919334352, -0.0012316424399614334, -0.0010143499821424484, -0.0002844874979928136, -0.0002383589744567871, 0.00025649720919318497, 0.00023007389972917736, -0.0013613648479804397, 0.0010275404201820493, -0.00043711246689781547, -0.002876040991395712, 0.015375513583421707]], "metadata.audio_properties.analysis.downmix": "mix", "me