{"song_id": "1182275070966636574", "download": "https://cdn.discordapp.com/attachments/1135911532732108921/1182275070966636574/chirp.mp4?ex=65841a76&amp", "lyrics": "-", "style": ["Tense"], "essentia_features": {"lowlevel.average_loudness": 0.8217481374740601, "lowlevel.barkbands_crest.mean": 20.430644989013672, "lowlevel.barkbands_crest.stdev": 4.752443313598633, "lowlevel.barkbands_flatness_db.mean": 0.39208927750587463, "lowlevel.barkbands_flatness_db.stdev": 0.14165513217449188, "lowlevel.barkbands_kurtosis.mean": 144.20303344726562, "lowlevel.barkbands_kurtosis.stdev": 80.89021301269531, "lowlevel.barkbands_skewness.mean": 7.8062424659729, "lowlevel.barkbands_skewness.stdev": 3.678619146347046, "lowlevel.barkbands_spread.mean": 8.309486389160156, "lowlevel.barkbands_spread.stdev": 21.735349655151367, "lowlevel.dissonance.mean": 0.46894708275794983, "lowlevel.dissonance.stdev": 0.017210399731993675, "lowlevel.dynamic_complexity": 18.8320255279541, "lowlevel.erbbands_crest.mean": 18.982431411743164, "lowlevel.erbbands_crest.stdev": 7.082046985626221, "lowlevel.erbbands_flatness_db.mean": 0.25575122237205505, "lowlevel.erbbands_flatness_db.stdev": 0.09167154133319855, "lowlevel.erbbands_kurtosis.mean": 10.034279823303223, "lowlevel.erbbands_kurtosis.stdev": 10.30249309539795, "lowlevel.erbbands_skewness.mean": 2.6848981380462646, "lowlevel.erbbands_skewness.stdev": 1.794538140296936, "lowlevel.erbbands_spread.mean": 26.791799545288086, "lowlevel.erbbands_spread.stdev": 21.699838638305664, "lowlevel.hfc.mean": 9.243099212646484, "lowlevel.hfc.stdev": 8.115068435668945, "lowlevel.loudness_ebu128.integrated": -17.181093215942383, "lowlevel.loudness_ebu128.loudness_range": 5.95318603515625, "lowlevel.loudness_ebu128.momentary.mean": -34.40354919433594, "lowlevel.loudness_ebu128.momentary.stdev": 26.2631893157959, "lowlevel.loudness_ebu128.short_term.mean": -18.959278106689453, "lowlevel.loudness_ebu128.short_term.stdev": 2.530870199203491, "lowlevel.melbands_crest.mean": 28.201099395751953, "lowlevel.melbands_crest.stdev": 6.21230936050415, "lowlevel.melbands_flatness_db.mean": 0.49581781029701233, "lowlevel.melbands_flatness_db.stdev": 0.17033511400222778, "lowlevel.melbands_kurtosis.mean": 170.52261352539062, "lowlevel.melbands_kurtosis.stdev": 89.79823303222656, "lowlevel.melbands_skewness.mean": 7.765146255493164, "lowlevel.melbands_skewness.stdev": 3.136746644973755, "lowlevel.melbands_spread.mean": 10.653115272521973, "lowlevel.melbands_spread.stdev": 33.38631057739258, "lowlevel.pitch_salience.mean": 0.21174781024456024, "lowlevel.pitch_salience.stdev": 0.18393002450466156, "lowlevel.silence_rate_20dB.mean": 1.0, "lowlevel.silence_rate_20dB.stdev": 0.0, "lowlevel.silence_rate_30dB.mean": 0.5470383167266846, "lowlevel.silence_rate_30dB.stdev": 0.49778270721435547, "lowlevel.silence_rate_60dB.mean": 0.3588850200176239, "lowlevel.silence_rate_60dB.stdev": 0.47967350482940674, "lowlevel.spectral_centroid.mean": 497.75146484375, "lowlevel.spectral_centroid.stdev": 982.3490600585938, "lowlevel.spectral_complexity.mean": 1.7804877758026123, "lowlevel.spectral_complexity.stdev": 1.34756338596344, "lowlevel.spectral_decrease.mean": -2.1881197298512234e-08, "lowlevel.spectral_decrease.stdev": 1.9293445063794934e-08, "lowlevel.spectral_energy.mean": 0.08342300355434418, "lowlevel.spectral_energy.stdev": 0.07355349510908127, "lowlevel.spectral_energyband_high.mean": 1.4622800108554657e-06, "lowlevel.spectral_energyband_high.stdev": 1.3408791801339248e-06, "lowlevel.spectral_energyband_low.mean": 0.08278460055589676, "lowlevel.spectral_energyband_low.stdev": 0.07306507229804993, "lowlevel.spectral_energyband_middle_high.mean": 0.00010323223250452429, "lowlevel.spectral_energyband_middle_high.stdev": 9.66484221862629e-05, "lowlevel.spectral_energyband_middle_low.mean": 0.001140858861617744, "lowlevel.spectral_energyband_middle_low.stdev": 0.0012975973077118397, "lowlevel.spectral_entropy.mean": 6.014244556427002, "lowlevel.spectral_entropy.stdev": 1.1586302518844604, "lowlevel.spectral_flux.mean": 0.021433252841234207, "lowlevel.spectral_flux.stdev": 0.02152198739349842, "lowlevel.spectral_kurtosis.mean": 19.67479133605957, "lowlevel.spectral_kurtosis.stdev": 14.24295711517334, "lowlevel.spectral_rms.mean": 0.007164152804762125, "lowlevel.spectral_rms.stdev": 0.005482994951307774, "lowlevel.spectral_rolloff.mean": 1468.9847412109375, "lowlevel.spectral_rolloff.stdev": 4076.19189453125, "lowlevel.spectral_skewness.mean": 2.9615490436553955, "lowlevel.spectral_skewness.stdev": 1.1081593036651611, "lowlevel.spectral_spread.mean": 3337002.25, "lowlevel.spectral_spread.stdev": 2904274.25, "lowlevel.spectral_strongpeak.mean": 1.0504016876220703, "lowlevel.spectral_strongpeak.stdev": 0.8496615886688232, "lowlevel.zerocrossingrate.mean": 0.0711512565612793, "lowlevel.zerocrossingrate.stdev": 0.18453164398670197, "metadata.audio_properties.analysis.equal_loudness": 0.0, "metadata.audio_properties.analysis.length": 6.634648323059082, "metadata.audio_properties.analysis.sample_rate": 44100.0, "metadata.audio_properties.analysis.start_time": 0.0, "metadata.audio_properties.bit_rate": 97007.0, "metadata.audio_properties.length": 6.634666442871094, "metadata.audio_properties.lossless": 0.0, "metadata.audio_properties.number_channels": 1.0, "metadata.audio_properties.replay_gain": -4.650266647338867, "metadata.audio_properties.sample_rate": 48000.0, "rhythm.beats_count": 11.0, "rhythm.beats_loudness.mean": 0.09045650064945221, "rhythm.beats_loudness.stdev": 0.08119381219148636, "rhythm.bpm": 103.359375, "rhythm.bpm_histogram_first_peak_bpm": 103.0, "rhythm.bpm_histogram_first_peak_weight": 0.0, "rhythm.bpm_histogram_second_peak_bpm": 112.0, "rhythm.bpm_histogram_second_peak_spread": 0.3333333730697632, "rhythm.bpm_histogram_second_peak_weight": 0.4000000059604645, "rhythm.danceability": 0.5779172778129578, "rhythm.onset_rate": 0.15031905472278595, "tonal.chords_changes_rate": 0.0625, "tonal.chords_number_rate": 0.02083333395421505, "tonal.chords_strength.mean": 0.5203991532325745, "tonal.chords_strength.stdev": 0.023756887763738632, "tonal.hpcp_crest.mean": 12.161419868469238, "tonal.hpcp_crest.stdev": 7.7076568603515625, "tonal.hpcp_entropy.mean": 2.260443687438965, "tonal.hpcp_entropy.stdev": 1.0441839694976807, "tonal.key_edma.strength": 0.6147515773773193, "tonal.key_krumhansl.strength": 0.6034365892410278, "tonal.key_temperley.strength": 0.5784655809402466, "tonal.tuning_diatonic_strength": 0.4170762896537781, "tonal.tuning_equal_tempered_deviation": 0.1847001612186432, "tonal.tuning_frequency": 439.2381896972656, "tonal.tuning_nontempered_energy_ratio": 0.7499575018882751, "lowlevel.barkbands.mean": [0.00013282903819344938, 0.014593522995710373, 0.06745235621929169, 0.0008540616254322231, 9.25099229789339e-05, 0.00015358231030404568, 1.255110419151606e-05, 1.5525807611993514e-05, 8.687434274179395e-06, 7.721324436715804e-06, 6.075025339669082e-06, 9.728583791002166e-06, 1.6253607100225054e-05, 1.1749163604690693e-05, 1.8017959519056603e-05, 2.127624065906275e-05, 9.229828719981015e-06, 3.105912583123427e-06, 1.8882926724472782e-06, 1.4740329561391263e-06, 5.781039362773299e-07, 2.1664193639026053e-07, 1.0186256815813977e-07, 4.393699271076912e-08, 9.308432247223664e-09, 6.0040510341252684e-09, 1.1064120730708282e-09], "lowlevel.barkbands.stdev": [0.00016397557919844985, 0.013357344083487988, 0.059961240738630295, 0.0010614783968776464, 0.00011945573351113126, 0.0002264944341732189, 1.4744697182322852e-05, 2.3477627109969035e-05, 1.0103220120072365e-05, 8.042928129725624e-06, 6.72753230901435e-06, 1.3032527931500226e-05, 1.9150582375004888e-05, 1.290827367483871e-05, 1.8779448510031216e-05, 2.4974864572868682e-05, 1.0019506589742377e-05, 3.3081616948038572e-06, 1.8211399037681986e-06, 1.4839063169347355e-06, 5.707790933229262e-07, 2.0099442110677046e-07, 1.0726356691748151e-07, 1.0105388525971648e-07, 4.9525706202757647e-08, 7.931807743943864e-08, 1.515004899310668e-09], "lowlevel.erbbands.mean": [0.23287618160247803, 5.481125354766846, 69.79407501220703, 30.71680450439453, 2.206212282180786, 0.4023337662220001, 0.7187142372131348, 1.2310287952423096, 0.2285660207271576, 0.25858044624328613, 0.28485310077667236, 0.20131246745586395, 0.27544981241226196, 0.21086406707763672, 0.26695993542671204, 0.46200263500213623, 0.7036630511283875, 0.6063560843467712, 0.8270352482795715, 0.9858258962631226, 1.1511956453323364, 0.5312623977661133, 0.1904812753200531, 0.14640042185783386, 0.07702012360095978, 0.07162033766508102, 0.0320175439119339, 0.016724471002817154, 0.008356896229088306, 0.004968864843249321, 0.0026002111844718456, 0.0013266426976770163, 0.0005901107215322554, 0.00019654481729958206, 8.579126006225124e-05, 7.006453961366788e-05, 3.0089397114352323e-05, 2.4455391667288495e-06, 3.702882895595394e-05, 9.035247785504907e-05], "lowlevel.erbbands.stdev": [0.24650858342647552, 4.902318000793457, 62.094970703125, 27.224079132080078, 2.208559989929199, 0.461742639541626, 1.0461429357528687, 1.7871049642562866, 0.26917538046836853, 0.3025122284889221, 0.40314602851867676, 0.23590388894081116, 0.3052259385585785, 0.22291119396686554, 0.27869120240211487, 0.6309726238250732, 0.8526376485824585, 0.6164395213127136, 0.8815890550613403, 1.044665813446045, 1.3504441976547241, 0.5220387578010559, 0.19087661802768707, 0.14537912607192993, 0.07467371970415115, 0.07196836918592453, 0.03239705413579941, 0.01541091874241829, 0.007654278539121151, 0.004814357962459326, 0.002930254675447941, 0.0019067577086389065, 0.001832835958339274, 0.000651452923193574, 0.0003252596070524305, 0.0005064521683380008, 0.00011091359192505479, 3.120152769042761e-06, 3.260329685872421e-05, 7.965345139382407e-05], "lowlevel.gfcc.mean": [-329.18072509765625, 150.8376922607422, -72.88037109375, 39.02580642700195, 12.184371948242188, 12.166800498962402, -11.952385902404785, -8.565521240234375, -4.089715957641602, -11.053133010864258, -11.477783203125, -15.596414566040039, -9.904762268066406], "lowlevel.melbands.mean": [0.002745643723756075, 0.024141278117895126, 0.005083194002509117, 3.789638867601752e-05, 2.209966078225989e-05, 2.7910098651773296e-05, 2.8288536668696906e-06, 3.2266980269923806e-06, 2.0747868347825715e-06, 1.270366738026496e-06, 1.3278475989864091e-06, 7.99189365352504e-07, 8.961911817095825e-07, 9.692662388260942e-07, 1.3738208508584648e-06, 1.5930096424199292e-06, 1.0786825441755354e-06, 1.2402962283886154e-06, 1.4931217720004497e-06, 1.3002342029722058e-06, 1.3421285984804854e-06, 5.745356475017616e-07, 2.383111592507703e-07, 1.416679396015752e-07, 1.1850182346506699e-07, 5.8070508401897314e-08, 5.9164815269241444e-08, 4.178212975602946e-08, 2.2011841238622765e-08, 1.2598904142180345e-08, 8.306799692547884e-09, 4.797754193930359e-09, 3.5655551844371303e-09, 2.3876813859402546e-09, 1.5481261828043102e-09, 1.0087969348759884e-09, 7.05607461348734e-10, 4.261856978438061e-10, 2.0699963965142842e-10, 1.0314340354034002e-10], "lowlevel.melbands.stdev": [0.0026198679115623236, 0.0214447770267725, 0.004504849668592215, 4.719369826489128e-05, 3.16804253088776e-05, 4.0744736907072365e-05, 3.509096814013901e-06, 4.102013917872682e-06, 2.805735903166351e-06, 1.5115303995116847e-06, 1.484935637563467e-06, 8.774507023190381e-07, 9.806424259295454e-07, 1.2546370271593332e-06, 1.7227238231498632e-06, 1.8563130197435385e-06, 1.1372562767064665e-06, 1.4074400951358257e-06, 1.57694194058422e-06, 1.5224009075609501e-06, 1.624622882445692e-06, 5.979633783681493e-07, 2.4679340526745364e-07, 1.5158214239363588e-07, 1.2077367728124955e-07, 5.9493572734936606e-08, 6.109685557476041e-08, 4.234026107496902e-08, 2.310027191754216e-08, 1.2786469660852617e-08, 7.809530799818276e-09, 4.5597392528407e-09, 3.4993932196414335e-09, 2.4235107254355626e-09, 1.907815905255461e-09, 1.042232966597112e-09, 1.3305819779318995e-09, 1.5490549953867117e-09, 6.83930412304079e-10, 4.3684794670539873e-10], "lowlevel.melbands128.mean": [0.0001253803784493357, 0.001531530055217445, 0.002018213737756014, 0.008332125842571259, 0.03666890785098076, 0.0279287900775671, 0.005625005811452866, 0.0003193611919414252, 6.222511001396924e-05, 2.890860014304053e-05, 1.3097501323500182e-05, 4.350164999777917e-06, 1.0968433343805373e-05, 6.403795123333111e-05, 3.674603794934228e-05, 4.159779564361088e-06, 2.6701400202000514e-06, 3.0432049697992625e-06, 2.1471148556884145e-06, 2.342449533898616e-06, 4.617535068973666e-06, 4.031969638162991e-06, 8.945365266299632e-07, 1.2045792345816153e-06, 1.4120577134235646e-06, 9.605677178115002e-07, 1.7715684634822537e-06, 1.6520897361260722e-06, 6.280391744439839e-07, 8.557830142308376e-07, 7.608740020259575e-07, 8.685972261446295e-07, 1.1309707588225137e-06, 6.484819436991529e-07, 7.818281346771982e-07, 8.694804591868888e-07, 1.690193016656849e-06, 1.1062236353609478e-06, 1.4995043784438167e-06, 1.5731610574221122e-06, 2.0233364921296015e-06, 1.0357451856179978e-06, 9.061301966539759e-07, 1.0668893537513213e-06, 1.3740509530180134e-06, 1.069762447514222e-06, 1.4478551975116716e-06, 1.6152091575349914e-06, 1.4662948615296045e-06, 1.1132306099170819e-06, 1.1659241181405378e-06, 1.7252533552891691e-06, 1.587484689480334e-06, 1.1239537798246602e-06, 7.814728064658993e-07, 4.531597710411006e-07, 5.711473249903065e-07, 2.3198138876523444e-07, 1.5507801265357557e-07, 1.4696259142965573e-07, 1.2440145269465575e-07, 1.5120784269129217e-07, 1.637164501744337e-07, 9.719133942098779e-08, 6.488710369012551e-08, 6.768208749008409e-08, 4.4246544206316685e-08, 3.851963015222282e-08, 6.92477470920494e-08, 8.425880793083707e-08, 3.791283376131105e-08, 2.307529634038019e-08, 2.4011910682020243e-08, 2.5842680884125002e-08, 1.409499716942264e-08, 1.2608555977067226e-08, 1.2403890359280467e-08, 1.011249217697241e-08, 8.032330356400053e-09, 5.95162186201037e-09, 4.826939736801705e-09, 4.944939124840175e-09, 3.3932672227621197e-09, 3.958792405001077e-09, 2.9011797408884377e-09, 2.763432593866355e-09, 2.102476859278113e-09, 1.809807526065299e-09, 1.5010277465421495e-09, 1.4545473714377977e-09, 1.1250639309068333e-09, 8.60131355029381e-10, 8.026821984863375e-10, 7.875006757807057e-10, 6.231120064370543e-10, 4.2095660290897285e-10, 4.3243839065176815e-10, 3.564482320417284e-10, 1.8403699397762097e-10, 1.2621077793983915e-10, 1.743853256241934e-10, 8.280885699374352e-11, 5.342115291795402e-11, 4.360963673510909e-11, 3.0780791110407435e-11, 5.5350442978996384e-11, 6.760674658989885e-11, 7.775088212147452e-11, 6.517202749689588e-11, 6.325254903183364e-11, 4.5748300980807954e-11, 4.6492944910658807e-11, 2.460123944836301e-11, 6.32706907699454e-12, 5.9492671206085035e-12, 5.8193415364282686e-12, 5.6253209555767736e-12, 5.302540091040031e-12, 5.048403969171167e-12, 4.887906485812055e-12, 4.766537425177075e-12, 4.72230501230575e-12, 4.6060885140752905e-12, 4.533556689778617e-12, 4.313686994411592e-12, 3.98660705142051e-12, 3.810822751110221e-12, 3.77000774348657e-12], "lowlevel.melbands128.stdev": [0.00015391514170914888, 0.0018308303551748395, 0.0024213306605815887, 0.00764082046225667, 0.03266730159521103, 0.02479781210422516, 0.00499102845788002, 0.0004391621914692223, 9.714860789244995e-05, 4.417475429363549e-05, 2.0405930627021007e-05, 1.1065461876569316e-05, 2.0108460375922732e-05, 9.670013969298452e-05, 5.421313471742906e-05, 6.799110451538581e-06, 4.26938095188234e-06, 4.77410685562063e-06, 2.6416141736262944e-06, 3.164369900332531e-06, 7.429654033330735e-06, 6.795808985771146e-06, 1.256617338185606e-06, 1.524287313259265e-06, 1.8688801901589613e-06, 1.8141136024496518e-06, 2.3479863102693344e-06, 2.020792862822418e-06, 7.989593768797931e-07, 1.13067903839692e-06, 9.686486919235904e-07, 1.0555083918006858e-06, 1.4804001011725632e-06, 8.456893283437239e-07, 1.043642782860843e-06, 1.4004518789079157e-06, 3.017081780853914e-06, 1.409320589118579e-06, 2.1980943074595416e-06, 2.473660970281344e-06, 2.575169446572545e-06, 1.2325746183705633e-06, 1.1731800668712822e-06, 1.510151150796446e-06, 1.8207167613581987e-06, 1.52243035245192e-06, 1.8492895605959347e-06, 1.8904133867181372e-06, 1.6760150174377486e-06, 1.5885235598034342e-06, 1.5536472801613854e-06, 2.4134158138622297e-06, 2.3875127226347104e-06, 1.4103360399531084e-06, 1.2777461506630061e-06, 4.962465709468233e-07, 6.568429853359703e-07, 3.054221338061325e-07, 1.9739081835723482e-07, 1.8937370782623475e-07, 1.3935463982761576e-07, 2.1169685737731925e-07, 1.9464138745206583e-07, 1.0766027003228373e-07, 6.804853569519764e-08, 8.075744517554995e-08, 5.3846545000624246e-08, 4.836519096329539e-08, 7.772742094402929e-08, 1.0108442438649945e-07, 4.442448187091941e-08, 2.5152155913588103e-08, 2.6964618982106003e-08, 3.136819515248135e-08, 1.6077512654533166e-08, 1.618824363447402e-08, 1.3369118256889578e-08, 1.0024489682791682e-08, 8.359060998941459e-09, 6.3632614732966886e-09, 5.240122558092253e-09, 5.225315735657432e-09, 3.50458728703984e-09, 4.485250837404919e-09, 3.156387373692837e-09, 2.9683715485617768e-09, 2.5350088694864326e-09, 2.4762345507411965e-09, 1.88141457968527e-09, 2.007345178967057e-09, 1.156175710725904e-09, 9.917487941990544e-10, 1.098355295603426e-09, 1.4596518438381167e-09, 1.5466190550483816e-09, 1.7218477754710193e-09, 1.6680327119544813e-09, 1.3589760428089903e-09, 2.855692904368823e-10, 5.282604353951115e-10, 1.2494290047015966e-09, 1.4414133775453308e-10, 5.828316995692973e-11, 4.668690087306082e-11, 3.246427085490389e-11, 7.138000746031992e-10, 9.581677673509148e-10, 1.1352305762102333e-09, 9.324730987358976e-10, 8.965103659441809e-10, 6.182765410756019e-10, 6.469204616443847e-10, 3.0071473089421374e-10, 8.379673691050193e-12, 7.607591639979816e-12, 7.358178302774299e-12, 7.13843090541233e-12, 7.035961223367249e-12, 6.895002364198932e-12, 6.741965492829127e-12, 6.600175267434949e-12, 6.452222003211494e-12, 6.313318357681341e-12, 6.205504859968514e-12, 6.1079843440003945e-12, 6.0370762208772355e-12, 5.984470731468239e-12, 5.95264462721623e-12], "lowlevel.mfcc.mean": [-944.57080078125, 168.88429260253906, 3.3971009254455566, 49.459693908691406, 37.138999938964844, 34.51615905761719, 11.20785140991211, 13.666315078735352, 9.20855712890625, 10.075202941894531, 0.2425909787416458, 4.092165470123291, 1.2434909343719482], "lowlevel.spectral_contrast_coeffs.mean": [-0.6078900098800659, -0.8490955829620361, -0.8744673728942871, -0.8757489323616028, -0.8495941162109375, -0.7987974882125854], "lowlevel.spectral_contrast_coeffs.stdev": [0.13978438079357147, 0.047878265380859375, 0.03449777886271477, 0.03493217006325722, 0.04025959596037865, 0.07266497611999512], "lowlevel.spectral_contrast_valleys.mean": [-8.961370468139648, -9.728036880493164, -10.150086402893066, -9.977558135986328, -10.957530975341797, -14.545123100280762], "lowlevel.spectral_contrast_valleys.stdev": [3.148287057876587, 2.6795148849487305, 2.4711110591888428, 2.6135928630828857, 2.3620221614837646, 1.240824580192566], "rhythm.beats_loudness_band_ratio.mean": [0.9584822058677673, 0.013353181071579456, 0.0032249377109110355, 0.0032948912121355534, 0.003645610064268112, 0.019024312496185303], "rhythm.beats_loudness_band_ratio.stdev": [0.08667326718568802, 0.017244111746549606, 0.004388992674648762, 0.004537006840109825, 0.007241601124405861, 0.059369880706071854], "tonal.hpcp.mean": [0.807839035987854, 0.5838193893432617, 0.12768343091011047, 0.026749156415462494, 0.0020109815523028374, 0.0001465041423216462, 0.00017622188897803426, 0.00021091042435728014, 0.00018143345369026065, 0.0001567885628901422, 0.0002168276405427605, 0.0006251492886804044, 0.0007842869381420314, 0.00038011110154911876, 0.00014571190695278347, 0.00014986895257607102, 0.0001878842303995043, 0.0002449704916216433, 0.00027606345247477293, 0.0015270995208993554, 0.009281674399971962, 0.01164439506828785, 0.0038804684299975634, 0.000253847218118608, 0.00021013942023273557, 0.0002059138787444681, 0.00019132014131173491, 0.00010963577369693667, 0.00020506438158918172, 0.0003947062068618834, 0.0003283518017269671, 0.00015163462376222014, 0.004558333195745945, 0.0070822411216795444, 0.004758415278047323, 0.3290633261203766], "tonal.hpcp.stdev": [0.3578919768333435, 0.27571752667427063, 0.2897301912307739, 0.13621513545513153, 0.022298825904726982, 0.00021467634360305965, 0.00026442110538482666, 0.0003702660615090281, 0.0003463253960944712, 0.00029676436679437757, 0.0004021111235488206, 0.0014414651086553931, 0.0018697683699429035, 0.0007773357792757452, 0.00028596652555279434, 0.00040205285768024623, 0.0004894917365163565, 0.000709241081494838, 0.0009730979218147695, 0.008033243007957935, 0.021020550280809402, 0.018732326105237007, 0.006095936521887779, 0.000502819602843374, 0.0004077213816344738, 0.000400058546802029, 0.00039091610233299434, 0.00023526331642642617, 0.00040280420216731727, 0.0006705887499265373, 0.0005305944359861314, 0.000297706137644127, 0.05304114148020744, 0.08303249627351761, 0.03364061936736107, 0.24767033755779266], "rhythm.beats_position": [0.5572788715362549, 1.1377778053283691, 1.7182766199111938, 2.2987754344940186, 2.879274368286133, 3.4017233848571777, 3.9241721630096436, 4.458230972290039, 4.992290019989014, 5.526349067687988, 6.060408115386963], "rhythm.bpm_histogram": [0.0, 0.0, 0.0, 0.0, 0.0, 0.0, 0.0, 0.0, 0.0, 0.0, 0.0, 0.0, 0.0, 0.0, 0.0, 0.0, 0.0, 0.0, 0.0, 0.0, 0.0, 0.0, 0.0, 0.0, 0.0, 0.0, 0.0, 0.0, 0.0, 0.0, 0.0, 0.0, 0.0, 0.0, 0.0, 0.0, 0.0, 0.0, 0.0, 0.0, 0.0, 0.0, 0.0, 0.0, 0.0, 0.0, 0.0, 0.0, 0.0, 0.0, 0.0, 0.0, 0.0, 0.0, 0.0, 0.0, 0.0, 0.0, 0.0, 0.0, 0.0, 0.0, 0.0, 0.0, 0.0, 0.0, 0.0, 0.0, 0.0, 0.0, 0.0, 0.0, 0.0, 0.0, 0.0, 0.0, 0.0, 0.0, 0.0, 0.0, 0.0, 0.0, 0.0, 0.0, 0.0, 0.0, 0.0, 0.0, 0.0, 0.0, 0.0, 0.0, 0.0, 0.0, 0.0, 0.0, 0.0, 0.0, 0.0, 0.0, 0.0, 0.0, 0.0, 0.4000000059604645, 0.0, 0.0, 0.0, 0.0, 0.0, 0.0, 0.0, 0.0, 0.4000000059604645, 0.0, 0.0, 0.20000000298023224, 0.0, 0.0, 0.0, 0.0, 0.0, 0.0, 0.0, 0.0, 0.0, 0.0, 0.0, 0.0, 0.0, 0.0, 0.0, 0.0, 0.0, 0.0, 0.0, 0.0, 0.0, 0.0, 0.0, 0.0, 0.0, 0.0, 0.0, 0.0, 0.0, 0.0, 0.0, 0.0, 0.0, 0.0, 0.0, 0.0, 0.0, 0.0, 0.0, 0.0, 0.0, 0.0, 0.0, 0.0, 0.0, 0.0, 0.0, 0.0, 0.0, 0.0, 0.0, 0.0, 0.0, 0.0, 0.0, 0.0, 0.0, 0.0, 0.0, 0.0, 0.0, 0.0, 0.0, 0.0, 0.0, 0.0, 0.0, 0.0, 0.0, 0.0, 0.0, 0.0, 0.0, 0.0, 0.0, 0.0, 0.0, 0.0, 0.0, 0.0, 0.0, 0.0, 0.0, 0.0, 0.0, 0.0, 0.0, 0.0, 0.0, 0.0, 0.0, 0.0, 0.0, 0.0, 0.0, 0.0, 0.0, 0.0, 0.0, 0.0, 0.0, 0.0, 0.0, 0.0, 0.0, 0.0, 0.0, 0.0, 0.0, 0.0, 0.0, 0.0, 0.0, 0.0, 0.0, 0.0, 0.0, 0.0, 0.0, 0.0, 0.0, 0.0, 0.0, 0.0, 0.0, 0.0, 0.0, 0.0, 0.0, 0.0, 0.0, 0.0, 0.0, 0.0], "tonal.chords_histogram": [0.0, 2.0833332538604736, 0.0, 0.0, 0.0, 0.0, 0.0, 0.0, 69.44444274902344, 28.47222137451172, 0.0, 0.0, 0.0, 0.0, 0.0, 0.0, 0.0, 0.0, 0.0, 0.0, 0.0, 0.0, 0.0, 0.0], "tonal.thpcp": [1.0, 0.7226927280426025, 0.15805552899837494, 0.03311198949813843, 0.002489334437996149, 0.0001813531416701153, 0.00021813985949847847, 0.00026107975281775, 0.00022459110186900944, 0.0001940839138114825, 0.00026840451755560935, 0.0007738537969999015, 0.0009708455763757229, 0.0004705282626673579, 0.00018037244444712996, 0.00018551833636593074, 0.00023257631983142346, 0.0003032417153008282, 0.00034173077438026667, 0.0018903511809185147, 0.011489509604871273, 0.014414251782000065, 0.004803516902029514, 0.0003142299538012594, 0.0002601253509055823, 0.0002548946940805763, 0.0002368295390624553, 0.0001357148721581325, 0.0002538431144785136, 0.0004885951057076454, 0.000406456965720281, 0.00018770400492940098, 0.005642625503242016, 0.008766896091401577, 0.005890301428735256, 0.4073377251625061], "lowlevel.gfcc.cov": [[65595.6484375, 18212.369140625, -1989.7652587890625, 5253.97216796875, 5176.55810546875, -1354.713623046875, 2610.79345703125, -1834.552001953125, 2813.962158203125, -1951.0303955078125, 1182.1920166015625, -2387.29150390625, 760.4969482421875], [18212.369140625, 6723.0244140625, -435.7209777832031, 928.548828125, 1774.22802734375, -312.4738464355469, 563.4227294921875, -560.5205078125, 696.4865112304688, -591.5244140625, 275.1134948730469, -659.084716796875, 175.0413360595703], [-1989.7652587890625, -435.7209777832031, 307.01861572265625, -130.9879608154297, -190.30763244628906, 79.4972152709961, -127.94487762451172, 55.894508361816406, -106.90496826171875, 65.68202209472656, -45.26708221435547, 99.78560638427734, -26.683013916015625], [5253.97216796875, 928.548828125, -130.9879608154297, 648.7216796875, 309.70782470703125, -127.15685272216797, 261.9977111816406, -140.2035675048828, 248.90452575683594, -142.060546875, 112.0725326538086, -191.9742431640625, 74.92997741699219], [5176.55810546875, 1774.22802734375, -190.30763244628906, 309.70782470703125, 567.0707397460938, -101.10238647460938, 201.37933349609375, -168.9961700439453, 211.35183715820312, -178.75079345703125, 82.53667449951172, -206.15721130371094, 62.27268600463867], [-1354.713623046875, -312.4738464355469, 79.4972152709961, -127.15685272216797, -101.10238647460938, 100.72972106933594, -53.751014709472656, 45.73828887939453, -57.028175354003906, 45.101524353027344, -45.919105529785156, 46.229637145996094, -31.210620880126953], [2610.79345703125, 563.4227294921875, -127.94487762451172, 261.9977111816406, 201.37933349609375, -53.751014709472656, 176.9314422607422, -64.58343505859375, 125.8841781616211, -91.51423645019531, 44.273162841796875, -119.3226318359375, 28.174291610717773], [-1834.552001953125, -560.5205078125, 55.894508361816406, -140.2035675048828, -168.9961700439453, 45.73828887939453, -64.58343505859375, 81.56585693359375, -66.81886291503906, 56.115394592285156, -38.804351806640625, 62.507423400878906, -27.244171142578125], [2813.962158203125, 696.4865112304688, -106.90496826171875, 248.90452575683594, 211.35183715820312, -57.028175354003906, 125.8841781616211, -66.81886291503906, 160.2716827392578, -77.2216796875, 59.3735466003418, -108.89618682861328, 40.33229446411133], [-1951.0303955078125, -591.5244140625, 65.68202209472656, -142.060546875, -178.75079345703125, 45.101524353027344, -91.51423645019531, 56.115394592285156, -77.2216796875, 83.25126647949219, -29.429121017456055, 79.19248962402344, -23.028440475463867], [1182.1920166015625, 275.1134948730469, -45.26708221435547, 112.0725326538086, 82.53667449951172, -45.919105529785156, 44.273162841796875, -38.804351806640625, 59.3735466003418, -29.429121017456055, 55.695289611816406, -32.29512405395508, 26.79279136657715], [-2387.29150390625, -659.084716796875, 99.78560638427734, -191.9742431640625, -206.15721130371094, 46.229637145996094, -119.3226318359375, 62.507423400878906, -108.89618682861328, 79.19248962402344, -32.29512405395508, 117.36195373535156, -16.612075805664062], [760.4969482421875, 175.0413360595703, -26.683013916015625, 74.92997741699219, 62.27268600463867, -31.210620880126953, 28.174291610717773, -27.244171142578125, 40.33229446411133, -23.028440475463867, 26.79279136657715, -16.612075805664062, 37.14793395996094]], "lowlevel.gfcc.icov": [[0.0010485573438927531, -0.0021405688021332026, 0.001701274886727333, -0.004837229382246733, 0.0012135436991229653, -0.0002867465082090348, -9.309223969466984e-05, -0.0001711863442324102, -0.0014233720721676946, 0.000880709383636713, -0.0004857777094002813, 0.00010734174429671839, -0.00024123569892253727], [-0.0021405688021332026, 0.005882593337446451, -0.004643137101083994, 0.011090520769357681, -0.005187730770558119, 0.0007160066743381321, 0.0021166179794818163, 0.0033364559058099985, -0.0003137266030535102, 0.0019578025676310062, 9.562366176396608e-05, 0.001348794554360211, 0.0026257766876369715], [0.001701274886727333, -0.004643137101083994, 0.010634232312440872, -0.012226633727550507, 0.004121851176023483, -0.005363504868000746, 0.005377225112169981, -0.004161132965236902, 0.0028941372875124216, 0.0036267712712287903, -4.194189023110084e-05, -0.0034756422974169254, -0.0016136604826897383], [-0.004837229382246733, 0.011090520769357681, -0.012226633727550507, 0.03220087289810181, -0.0034472669940441847, 0.004576360806822777, -0.006793125532567501, 0.011748844757676125, -0.0030424511060118675, -0.0027253744192421436, 0.0003254605398979038, 0.005047581624239683, 6.471049709944054e-05], [0.0012135436991229653, -0.005187730770558119, 0.004121851176023483, -0.0034472669940441847, 0.01912578195333481, -0.0026870116125792265, -0.002049801405519247, 0.008256332948803902, -0.0012014786479994655, 0.0055767628364264965, 0.00047534273471683264, 0.008568450808525085, -0.008943802677094936], [-0.0002867465082090348, 0.0007160066743381321, -0.005363504868000746, 0.004576360806822777, -0.0026870116125792265, 0.023507913574576378, -0.007771418895572424, 0.0007357390131801367, -0.007194069214165211, -0.009780066087841988, 0.012828563340008259, -0.007261055987328291, 0.009350189007818699], [-9.309223969466984e-05, 0.0021166179794818163, 0.005377225112169981, -0.006793125532567501, -0.002049801405519247, -0.007771418895572424, 0.03710972145199776, -0.004106665030121803, -0.000690394954290241, 0.022314757108688354, -0.003937521018087864, 0.016939818859100342, 0.00024456423125229776], [-0.0001711863442324102, 0.0033364559058099985, -0.004161132965236902, 0.011748844757676125, 0.008256332948803902, 0.0007357390131801367, -0.004106665030121803, 0.05523107573390007, -0.020398125052452087, 0.006549880374222994, 0.010376079939305782, -0.00044017480104230344, 0.010021100752055645], [-0.0014233720721676946, -0.0003137266030535102, 0.0028941372875124216, -0.0030424511060118675, -0.0012014786479994655, -0.007194069214165211, -0.000690394954290241, -0.020398125052452087, 0.04648241773247719, -0.013644841499626637, -0.013922999612987041, 0.018364405259490013, -0.020304368808865547], [0.000880709383636713, 0.0019578025676310062, 0.0036267712712287903, -0.0027253744192421436, 0.0055767628364264965, -0.009780066087841988, 0.022314757108688354, 0.006549880374222994, -0.013644841499626637, 0.07068000733852386, -0.007006160914897919, -0.006367920432239771, 0.011996420100331306], [-0.0004857777094002813, 9.562366176396608e-05, -4.194189023110084e-05, 0.0003254605398979038, 0.00047534273471683264, 0.012828563340008259, -0.003937521018087864, 0.010376079939305782, -0.013922999612987041, -0.007006160914897919, 0.05022116377949715, -0.017442552372813225, -0.003863391000777483], [0.00010734174429671839, 0.001348794554360211, -0.0034756422974169254, 0.005047581624239683, 0.008568450808525085, -0.007261055987328291, 0.016939818859100342, -0.00044017480104230344, 0.018364405259490013, -0.006367920432239771, -0.017442552372813225, 0.07689705491065979, -0.03178408741950989], [-0.00024123569892253727, 0.0026257766876369715, -0.0016136604826897383, 6.471049709944054e-05, -0.008943802677094936, 0.009350189007818699, 0.00024456423125229776, 0.010021100752055645, -0.020304368808865547, 0.011996420100331306, -0.003863391000777483, -0.03178408741950989, 0.06626294553279877]], "lowlevel.mfcc.cov": [[33691.875, 13681.783203125, -2496.689697265625, 4871.21435546875, 2298.16357421875, 2355.9951171875, 303.28131103515625, 1076.4637451171875, 645.00732421875, 1043.5181884765625, -9.51432991027832, 536.3761596679688, 169.498046875], [13681.783203125, 6391.50244140625, -737.59423828125, 1792.2486572265625, 1160.8583984375, 1067.1300048828125, 182.22988891601562, 430.810546875, 272.257080078125, 374.528076171875, -22.247875213623047, 180.988525390625, 58.732887268066406], [-2496.689697265625, -737.59423828125, 492.8319396972656, -360.9956970214844, -77.24822235107422, -118.44676208496094, -3.5090997219085693, -80.28176879882812, -57.50489044189453, -96.47099304199219, -8.155862808227539, -54.68326187133789, -16.27472496032715], [4871.21435546875, 1792.2486572265625, -360.9956970214844, 845.198974609375, 303.0468444824219, 336.35455322265625, 48.416324615478516, 166.5207977294922, 91.73452758789062, 164.37213134765625, -1.8043296337127686, 74.30860137939453, 23.88460350036621], [2298.16357421875, 1160.8583984375, -77.24822235107422, 303.0468444824219, 261.2360534667969, 208.51760864257812, 36.910301208496094, 70.5990982055664, 41.807621002197266, 51.500389099121094, -8.734797477722168, 22.11356544494629, 5.137441158294678], [2355.9951171875, 1067.1300048828125, -118.44676208496094, 336.35455322265625, 208.51760864257812, 237.79417419433594, 49.2842903137207, 82.9029769897461, 59.56553268432617, 76.22129821777344, -2.238034248352051, 34.35276794433594, 12.231205940246582], [303.28131103515625, 182.22988891601562, -3.5090997219085693, 48.416324615478516, 36.910301208496094, 49.2842903137207, 45.84465789794922, 25.932525634765625, 16.09235954284668, 13.918306350708008, 0.16507552564144135, 2.3278234004974365, -1.2995532751083374], [1076.4637451171875, 430.810546875, -80.28176879882812, 166.5207977294922, 70.5990982055664, 82.9029769897461, 25.932525634765625, 63.7612190246582, 35.370521545410156, 41.082359313964844, 4.924346923828125, 18.50048065185547, 1.4244308471679688], [645.00732421875, 272.257080078125, -57.50489044189453, 91.73452758789062, 41.807621002197266, 59.56553268432617, 16.09235954284668, 35.370521545410156, 45.85906219482422, 38.04352951049805, 4.259399890899658, 14.52778434753418, 5.041892051696777], [1043.5181884765625, 374.528076171875, -96.47099304199219, 164.37213134765625, 51.500389099121094, 76.22129821777344, 13.918306350708008, 41.082359313964844, 38.04352951049805, 64.47586059570312, 10.123364448547363, 23.786060333251953, 6.607843399047852], [-9.51432991027832, -22.247875213623047, -8.155862808227539, -1.8043296337127686, -8.734797477722168, -2.238034248352051, 0.16507552564144135, 4.924346923828125, 4.259399890899658, 10.123364448547363, 16.689485549926758, 8.6751708984375, 0.03068969026207924], [536.3761596679688, 180.988525390625, -54.68326187133789, 74.30860137939453, 22.11356544494629, 34.35276794433594, 2.3278234004974365, 18.50048065185547, 14.52778434753418, 23.786060333251953, 8.6751708984375, 30.734901428222656, 11.320661544799805], [169.498046875, 58.732887268066406, -16.27472496032715, 23.88460350036621, 5.137441158294678, 12.231205940246582, -1.2995532751083374, 1.4244308471679688, 5.041892051696777, 6.607843399047852, 0.03068969026207924, 11.320661544799805, 19.60131072998047]], "lowlevel.mfcc.icov": [[0.002536808606237173, -0.003738987958058715, 0.002515680156648159, -0.00510957557708025, 0.0029301210306584835, -0.0017019120277836919, 0.00468973396345973, -0.002958542201668024, 0.0036248776596039534, -0.002878298284485936, 0.0026368568651378155, -0.004901217296719551, 0.0012661777436733246], [-0.003738987958058715, 0.007078629918396473, -0.0032379894983023405, 0.007285436149686575, -0.0092847291380167, 0.0016048242105171084, -0.006487461272627115, 0.0026173926889896393, -0.004961185157299042, 0.0025851151440292597, -0.0022316693793982267, 0.0059490809217095375, -0.00266002444550395], [0.002515680156648159, -0.0032379894983023405, 0.00620046304538846, -0.004036238882690668, 0.0005944808945059776, -0.0024270452558994293, 0.003262701677158475, -0.0021627964451909065, 0.004458452109247446, -0.001276474678888917, 0.0011152444640174508, -0.002263310132548213, 0.0003359173715580255], [-0.00510957557708025, 0.007285436149686575, -0.004036238882690668, 0.016215801239013672, -0.006498467642813921, 0.0005671250983141363, -0.006516507361084223, -0.002078030025586486, 4.5543820306193084e-05, -0.002861298620700836, 0.0009587900131009519, 0.009050882421433926, -0.003964120056480169], [0.0029301210306584835, -0.0092847291380167, 0.0005944808945059776, -0.006498467642813921, 0.03431426361203194, -0.01339949294924736, 0.0076303631067276, 9.508886432740837e-05, 0.0038310240488499403, 0.007981032133102417, -0.0005803702515549958, -0.0006002475274726748, 0.007433305960148573], [-0.0017019120277836919, 0.0016048242105171084, -0.0024270452558994293, 0.0005671250983141363, -0.01339949294924736, 0.029125655069947243, -0.014369778335094452, 0.004415410570800304, -0.009880690835416317, -0.0038247171323746443, 0.001162271830253303, -0.0010315879480913281, -0.004309083800762892], [0.00468973396345973, -0.006487461272627115, 0.003262701677158475, -0.006516507361084223, 0.0076303631067276, -0.014369778335094452, 0.04490860924124718, -0.022349871695041656, 0.008111240342259407, -0.006106066983193159, 0.0066282176412642, -0.0035939922090619802, 0.0031406786292791367], [-0.002958542201668024, 0.0026173926889896393, -0.0021627964451909065, -0.002078030025586486, 9.508886432740837e-05, 0.004415410570800304, -0.022349871695041656, 0.06291691213846207, -0.029668301343917847, 0.012977211736142635, -0.017804285511374474, 0.0005792512092739344, 0.012592833489179611], [0.0036248776596039534, -0.004961185157299042, 0.004458452109247446, 4.5543820306193084e-05, 0.0038310240488499403, -0.009880690835416317, 0.008111240342259407, -0.029668301343917847, 0.06637442111968994, -0.036206018179655075, 0.015110756270587444, -0.005938388407230377, -0.006439690012484789], [-0.002878298284485936, 0.0025851151440292597, -0.001276474678888917, -0.002861298620700836, 0.007981032133102417, -0.0038247171323746443, -0.006106066983193159, 0.012977211736142635, -0.036206018179655075, 0.0688469186425209, -0.03331110626459122, 0.002987777115777135, 0.0029475451447069645], [0.0026368568651378155, -0.0022316693793982267, 0.0011152444640174508, 0.0009587900131009519, -0.0005803702515549958, 0.001162271830253303, 0.0066282176412642, -0.017804285511374474, 0.015110756270587444, -0.03331110626459122, 0.10074231773614883, -0.03902513161301613, 0.014526933431625366], [-0.004901217296719551, 0.0059490809217095375, -0.002263310132548213, 0.009050882421433926, -0.0006002475274726748, -0.0010315879480913281, -0.0035939922090619802, 0.0005792512092739344, -0.005938388407230377, 0.002987777115777135, -0.03902513161301613, 0.08313640207052231, -0.03526443988084793], [0.0012661777436733246, -0.00266002444550395, 0.0003359173715580255, -0.003964120056480169, 0.007433305960148573, -0.004309083800762892, 0.0031406786292791367, 0.012592833489179611, -0.006439690012484789, 0.0029475451447069645, 0.014526933431625366, -0.03526443988084793, 0.07418829947710037]], "metadata.audio_properties.analysis.downmix": "mix", "metadata.audio_properties.codec": "mp3", "metadata.audio_properties.md5_encoded": "239895dd2b6eed2f855c1c04077b2e31", "metadata.tags.file_name": "1182275070966636574.mp3", "metadata.version.essentia": "2.1-beta6-dev", "metadata.version.essentia_git_sha": "v2.1_beta5-1110-g77a6a954", "metadata.version.extractor": "music 2.0", "tonal.chords_key": "F#", "tonal.chords_scale": "minor", "tonal.key_edma.key": "D", "tonal.key_edma.scale": "minor", "tonal.key_krumhansl.key": "D", "tonal.key_krumhansl.scale": "minor", "tonal.key_temperley.key": "D", "tonal.key_temperley.scale": "minor", "metadata.tags.encoding": ["Lavf58.45.100"]}, "essentia_models": [{"model_name": "genre_dortmund", "activations": {"alternative": "0.056190208", "blues": "0.00674498", "electronic": "0.6595838", "folkcountry": "0.017864779", "funksoulrnb": "0.019847542", "jazz": "0.12123054", "pop": "0.016435008", "raphiphop": "0.016664552", "rock": "0.053790823"}}, {"model_name": "genre_rosamerica", "activations": {"classic": "0.3034247", "dance": "0.039124288", "hip hop": "0.009071093", "jazz": "0.070114784", "pop": "0.0071481494", "rhythm and blues": "0.0055843773", "rock": "0.31449246", "speech": "0.007848371"}}, {"model_name": "genre_tzanetakis", "activations": {"blues": "0.013502387", "classic": "0.50440896", "country": "0.0020187488", "disco": "0.005951708", "hip hop": "0.028023986", "jazz": "0.02165344", "metal": "0.11632891", "pop": "0.0077488692", "reggae": "0.0032489453", "rock": "0.28281313"}}, {"model_name": "genre_electronic", "activations": {"ambient": "0.94112885", "dnb": "0.14388429", "house": "0.012643489", "techno": "0.2827265", "trance": "0.0028527924"}}, {"model_name": "mood_acoustic", "activations": {"acoustic": "0.3677216", "not acoustic": "0.7782155"}}, {"model_name": "mood_electronic", "activations": {"electronic": "0.21654378", "not electronic": "0.742031"}}, {"model_name": "mood_aggressive", "activations": {"aggressive": "0.22314915", "not aggressive": "0.9657097"}}, {"model_name": 