{"song_id": "1182274075540860998", "download": "https://cdn.discordapp.com/attachments/1135903449314238464/1182274075540860998/chirp.mp4?ex=65841989&amp", "lyrics": "\u0427\u0442\u043e \u0437\u0430 \u043f\u0440\u0435\u043a\u0440\u0430\u0441\u043d\u044b\u0439 \u0434\u0435\u043d\u044c!", "style": ["Soul"], "essentia_features": {"lowlevel.average_loudness": 0.968275249004364, "lowlevel.barkbands_crest.mean": 19.059513092041016, "lowlevel.barkbands_crest.stdev": 5.786826133728027, "lowlevel.barkbands_flatness_db.mean": 0.26366713643074036, "lowlevel.barkbands_flatness_db.stdev": 0.07323537021875381, "lowlevel.barkbands_kurtosis.mean": 46.71760177612305, "lowlevel.barkbands_kurtosis.stdev": 86.45336151123047, "lowlevel.barkbands_skewness.mean": 4.6205339431762695, "lowlevel.barkbands_skewness.stdev": 3.5473697185516357, "lowlevel.barkbands_spread.mean": 7.3724141120910645, "lowlevel.barkbands_spread.stdev": 11.200331687927246, "lowlevel.dissonance.mean": 0.44346094131469727, "lowlevel.dissonance.stdev": 0.04771323874592781, "lowlevel.dynamic_complexity": 4.3297834396362305, "lowlevel.erbbands_crest.mean": 9.846184730529785, "lowlevel.erbbands_crest.stdev": 4.234373092651367, "lowlevel.erbbands_flatness_db.mean": 0.17621280252933502, "lowlevel.erbbands_flatness_db.stdev": 0.06296467781066895, "lowlevel.erbbands_kurtosis.mean": 2.5210297107696533, "lowlevel.erbbands_kurtosis.stdev": 5.8433380126953125, "lowlevel.erbbands_skewness.mean": 0.7726696729660034, "lowlevel.erbbands_skewness.stdev": 1.1645601987838745, "lowlevel.erbbands_spread.mean": 38.640323638916016, "lowlevel.erbbands_spread.stdev": 29.557188034057617, "lowlevel.hfc.mean": 13.244599342346191, "lowlevel.hfc.stdev": 26.9631404876709, "lowlevel.loudness_ebu128.integrated": -18.377382278442383, "lowlevel.loudness_ebu128.loudness_range": 1.3468399047851562, "lowlevel.loudness_ebu128.momentary.mean": -20.37732696533203, "lowlevel.loudness_ebu128.momentary.stdev": 6.026124477386475, "lowlevel.loudness_ebu128.short_term.mean": -18.408971786499023, "lowlevel.loudness_ebu128.short_term.stdev": 0.6022294759750366, "lowlevel.melbands_crest.mean": 23.341604232788086, "lowlevel.melbands_crest.stdev": 6.817320823669434, "lowlevel.melbands_flatness_db.mean": 0.34504175186157227, "lowlevel.melbands_flatness_db.stdev": 0.10798108577728271, "lowlevel.melbands_kurtosis.mean": 74.26083374023438, "lowlevel.melbands_kurtosis.stdev": 117.23495483398438, "lowlevel.melbands_skewness.mean": 5.452899932861328, "lowlevel.melbands_skewness.stdev": 3.9732847213745117, "lowlevel.melbands_spread.mean": 9.14163875579834, "lowlevel.melbands_spread.stdev": 21.66489601135254, "lowlevel.pitch_salience.mean": 0.3644336760044098, "lowlevel.pitch_salience.stdev": 0.21005591750144958, "lowlevel.silence_rate_20dB.mean": 0.9686274528503418, "lowlevel.silence_rate_20dB.stdev": 0.17432233691215515, "lowlevel.silence_rate_30dB.mean": 0.9352940917015076, "lowlevel.silence_rate_30dB.stdev": 0.2460058331489563, "lowlevel.silence_rate_60dB.mean": 0.12745098769664764, "lowlevel.silence_rate_60dB.stdev": 0.33347639441490173, "lowlevel.spectral_centroid.mean": 822.78466796875, "lowlevel.spectral_centroid.stdev": 920.0682983398438, "lowlevel.spectral_complexity.mean": 8.7960786819458, "lowlevel.spectral_complexity.stdev": 7.206855297088623, "lowlevel.spectral_decrease.mean": -1.477364364177447e-08, "lowlevel.spectral_decrease.stdev": 2.321264069848894e-08, "lowlevel.spectral_energy.mean": 0.05696045234799385, "lowlevel.spectral_energy.stdev": 0.08863559365272522, "lowlevel.spectral_energyband_high.mean": 0.0008663232438266277, "lowlevel.spectral_energyband_high.stdev": 0.002996194176375866, "lowlevel.spectral_energyband_low.mean": 0.049362484365701675, "lowlevel.spectral_energyband_low.stdev": 0.08692298084497452, "lowlevel.spectral_energyband_middle_high.mean": 0.0010601812973618507, "lowlevel.spectral_energyband_middle_high.stdev": 0.003195827826857567, "lowlevel.spectral_energyband_middle_low.mean": 0.006214948371052742, "lowlevel.spectral_energyband_middle_low.stdev": 0.010509148240089417, "lowlevel.spectral_entropy.mean": 7.18079137802124, "lowlevel.spectral_entropy.stdev": 0.5811945199966431, "lowlevel.spectral_flux.mean": 0.06928758323192596, "lowlevel.spectral_flux.stdev": 0.1118495762348175, "lowlevel.spectral_kurtosis.mean": 7.52268123626709, "lowlevel.spectral_kurtosis.stdev": 6.786293029785156, "lowlevel.spectral_rms.mean": 0.006263008341193199, "lowlevel.spectral_rms.stdev": 0.0040430002845823765, "lowlevel.spectral_rolloff.mean": 806.2239990234375, "lowlevel.spectral_rolloff.stdev": 1928.292236328125, "lowlevel.spectral_skewness.mean": 2.0769569873809814, "lowlevel.spectral_skewness.stdev": 0.8643640875816345, "lowlevel.spectral_spread.mean": 4709468.5, "lowlevel.spectral_spread.stdev": 2226161.0, "lowlevel.spectral_strongpeak.mean": 0.6547463536262512, "lowlevel.spectral_strongpeak.stdev": 0.8407801985740662, "lowlevel.zerocrossingrate.mean": 0.03317057341337204, "lowlevel.zerocrossingrate.stdev": 0.05972445383667946, "metadata.audio_properties.analysis.equal_loudness": 0.0, "metadata.audio_properties.analysis.length": 11.797324180603027, "metadata.audio_properties.analysis.sample_rate": 44100.0, "metadata.audio_properties.analysis.start_time": 0.0, "metadata.audio_properties.bit_rate": 117777.0, "metadata.audio_properties.length": 11.797333717346191, "metadata.audio_properties.lossless": 0.0, "metadata.audio_properties.number_channels": 1.0, "metadata.audio_properties.replay_gain": -7.610563278198242, "metadata.audio_properties.sample_rate": 48000.0, "rhythm.beats_count": 16.0, "rhythm.beats_loudness.mean": 0.20105735957622528, "rhythm.beats_loudness.stdev": 0.1973438411951065, "rhythm.bpm": 84.86572265625, "rhythm.bpm_histogram_first_peak_bpm": 86.0, "rhythm.bpm_histogram_first_peak_weight": 0.4166666269302368, "rhythm.bpm_histogram_second_peak_bpm": 92.0, "rhythm.bpm_histogram_second_peak_spread": 0.0, "rhythm.bpm_histogram_second_peak_weight": 0.20000001788139343, "rhythm.danceability": 1.4385199546813965, "rhythm.onset_rate": 2.7921245098114014, "tonal.chords_changes_rate": 0.0625, "tonal.chords_number_rate": 0.01953125, "tonal.chords_strength.mean": 0.49362149834632874, "tonal.chords_strength.stdev": 0.06930752098560333, "tonal.hpcp_crest.mean": 13.003619194030762, "tonal.hpcp_crest.stdev": 4.67750358581543, "tonal.hpcp_entropy.mean": 1.9608930349349976, "tonal.hpcp_entropy.stdev": 0.6499782204627991, "tonal.key_edma.strength": 0.6196398138999939, "tonal.key_krumhansl.strength": 0.6077877283096313, "tonal.key_temperley.strength": 0.5817130208015442, "tonal.tuning_diatonic_strength": 0.6693189144134521, "tonal.tuning_equal_tempered_deviation": 0.17693941295146942, "tonal.tuning_frequency": 434.9461669921875, "tonal.tuning_nontempered_energy_ratio": 0.8476519584655762, "lowlevel.barkbands.mean": [0.000565608439501375, 0.042845528572797775, 0.005438537802547216, 0.001161551452241838, 0.001127741183154285, 0.0014133121585473418, 0.0012889959616586566, 0.00057856400962919, 0.0005907948943786323, 0.0002180847222916782, 0.00013583515828941017, 0.00013075006427243352, 6.876618135720491e-05, 0.000100526878668461, 0.00010379915329394862, 8.705838990863413e-05, 6.743252743035555e-05, 7.366525096585974e-05, 6.14308737567626e-05, 8.200894808396697e-05, 0.00014557472604792565, 0.00017085445870179683, 0.0003088270022999495, 0.00014057112275622785, 4.026102396892384e-05, 1.417003386450233e-05, 2.2608550409586314e-07], "lowlevel.barkbands.stdev": [0.0008047797600738704, 0.07388627529144287, 0.024887287989258766, 0.0048123812302947044, 0.0018233521841466427, 0.002942150691524148, 0.006148063577711582, 0.0022290039341896772, 0.0010916095925495028, 0.00045610059169121087, 0.0004245040472596884, 0.0004786909557878971, 0.000290736643364653, 0.00030244316440075636, 0.00030929967761039734, 0.00026889258879236877, 0.0002974191156681627, 0.00040831699152477086, 0.00036614545388147235, 0.0004793732659891248, 0.0007649135659448802, 0.0006758581730537117, 0.0010261712595820427, 0.0005211315001361072, 0.0001414036814821884, 6.288800796028227e-05, 1.9287215309304884e-06], "lowlevel.erbbands.mean": [1.4474557638168335, 8.784769058227539, 7.782347679138184, 4.745608806610107, 3.917605400085449, 4.5211334228515625, 4.060222625732422, 15.06983757019043, 16.1486759185791, 20.108144760131836, 8.809539794921875, 16.899038314819336, 7.611596584320068, 6.843269348144531, 5.6942901611328125, 5.811168670654297, 3.3758201599121094, 5.2817816734313965, 5.8684916496276855, 4.906642436981201, 4.201193809509277, 3.7364113330841064, 3.9404540061950684, 3.552374839782715, 3.326193332672119, 3.742949962615967, 5.33651876449585, 5.676111698150635, 6.20836877822876, 7.819632530212402, 8.709121704101562, 4.567448616027832, 1.5909167528152466, 0.5992218255996704, 0.2056346982717514, 0.0825371965765953, 0.02178341895341873, 0.002192775486037135, 7.832489791326225e-05, 6.643941014772281e-05], "lowlevel.erbbands.stdev": [1.9900343418121338, 17.388578414916992, 30.894468307495117, 20.09478759765625, 10.558109283447266, 6.874842166900635, 6.4197678565979, 29.211973190307617, 61.26972579956055, 80.82608032226562, 22.06128692626953, 29.925203323364258, 14.814019203186035, 15.146376609802246, 19.070520401000977, 21.02745246887207, 13.414247512817383, 15.897690773010254, 16.738601684570312, 15.633184432983398, 14.116246223449707, 17.098798751831055, 20.486661911010742, 21.253435134887695, 20.670778274536133, 21.28333854675293, 29.552513122558594, 28.613201141357422, 25.640018463134766, 27.78485107421875, 29.419593811035156, 16.39853858947754, 5.657788276672363, 2.0903635025024414, 0.7325941324234009, 0.32422566413879395, 0.11065623164176941, 0.013146946206688881, 0.0003081632894463837, 9.923207835527137e-05], "lowlevel.gfcc.mean": [-91.78080749511719, 112.25749206542969, -88.4659652709961, 25.147472381591797, -56.69615936279297, 26.675954818725586, -30.2467098236084, 11.607192993164062, -3.8589813709259033, 5.942729473114014, -11.816731452941895, -0.16646231710910797, -2.222886562347412], "lowlevel.melbands.mean": [0.012681545689702034, 0.006280785892158747, 0.0008355716709047556, 0.000292123353574425, 0.00015090582019183785, 0.00031509241671301425, 0.0002689659013412893, 0.00020807070541195571, 5.8318983064964414e-05, 0.00011052595800720155, 3.474299228400923e-05, 2.8287027816986665e-05, 1.6968371710390784e-05, 1.603259806870483e-05, 1.1193963473488111e-05, 7.216774520202307e-06, 1.0142822247871663e-05, 9.454814971832093e-06, 6.3709653659316245e-06, 7.126998298190301e-06, 4.437199550011428e-06, 3.888614628522191e-06, 3.592949042285909e-06, 3.569662339941715e-06, 2.8053000278305262e-06, 2.1927351099293446e-06, 2.6240263650834095e-06, 2.4305202259711223e-06, 3.021576958417427e-06, 3.903632205037866e-06, 2.985800165333785e-06, 3.4284691992070293e-06, 3.4170336675742874e-06, 4.85685222884058e-06, 5.209388746152399e-06, 4.24967720391578e-06, 2.241750962639344e-06, 1.192903710034443e-06, 6.799571679039218e-07, 4.3799920490528166e-07], "lowlevel.melbands.stdev": [0.01997986249625683, 0.01631602644920349, 0.0032351978588849306, 0.0004904884262941778, 0.00021352329349610955, 0.0006657572812400758, 0.0010977726196870208, 0.0007965764380060136, 0.00015089870430529118, 0.00019465148216113448, 7.151756290113553e-05, 6.268962169997394e-05, 5.9017773310188204e-05, 5.3499785281019285e-05, 4.3136711610713974e-05, 3.0722982046427205e-05, 3.0058296033530496e-05, 2.7234853405389003e-05, 2.174864857806824e-05, 2.0522193153738044e-05, 1.634378895687405e-05, 1.6956977560766973e-05, 1.8855444068321958e-05, 2.044993198069278e-05, 1.6992307791952044e-05, 1.3331169611774385e-05, 1.6680605767760426e-05, 1.41718655868317e-05, 1.8976483261212707e-05, 1.909136881295126e-05, 1.5811870980542153e-05, 1.5007271940703504e-05, 1.2614618754014373e-05, 1.7278336599702016e-05, 1.7777470930013806e-05, 1.4750952686881647e-05, 8.48642139317235e-06, 4.30565432907315e-06, 2.4707701413717587e-06, 1.5673733742005425e-06], "lowlevel.melbands128.mean": [0.0005509385373443365, 0.010492820292711258, 0.020613377913832664, 0.01199632603675127, 0.004803608637303114, 0.0023722685873508453, 0.0008827220881357789, 0.0006115769501775503, 0.00034333206713199615, 0.00027292422601021826, 0.0002935898373834789, 9.785657312022522e-05, 0.00010890309204114601, 0.00017133704386651516, 0.0004304042086005211, 0.0003354815999045968, 0.00021028735500294715, 0.00024274141469504684, 0.0003988513199146837, 0.00018552629626356065, 0.00017290524556301534, 6.974421557970345e-05, 5.112963117426261e-05, 2.202447831223253e-05, 0.00011895679926965386, 0.0001747823116602376, 2.0288483938202262e-05, 2.746661630226299e-05, 2.7130659873364493e-05, 4.060787978232838e-05, 2.5013991034938954e-05, 1.3198068700148724e-05, 1.2682904525718186e-05, 2.8129155907663517e-05, 9.499313819105737e-06, 1.581700416863896e-05, 1.9084774976363406e-05, 1.2113729098928161e-05, 5.550766672968166e-06, 5.620790943794418e-06, 8.230233106587548e-06, 8.355086720257532e-06, 1.0079980711452663e-05, 1.2396629244904034e-05, 7.132232894946355e-06, 1.0873302016989328e-05, 1.0084158020617906e-05, 4.440671546035446e-06, 6.194119578140089e-06, 6.136407137091737e-06, 9.288280125474557e-06, 5.596995379164582e-06, 3.7123722904652823e-06, 4.555288342089625e-06, 4.231585535308113e-06, 3.894213477906305e-06, 3.312325588922249e-06, 4.0462628021487035e-06, 3.3203602924913866e-06, 3.525695092321257e-06, 3.749639290617779e-06, 3.511138402245706e-06, 3.090689688178827e-06, 2.6681057079258608e-06, 2.2063929918658687e-06, 2.0791467250091955e-06, 2.0495820081123384e-06, 2.906941745095537e-06, 2.856068931578193e-06, 2.1461771666508866e-06, 2.355632204853464e-06, 2.5154054128506687e-06, 2.759981271083234e-06, 3.21438074024627e-06, 3.2022710456658388e-06, 4.049920789839234e-06, 4.3340651245671324e-06, 3.121753252344206e-06, 2.9069353786326246e-06, 2.5795229703362565e-06, 3.1774898161529563e-06, 4.111908765480621e-06, 3.5105783808830893e-06, 2.8535603178170277e-06, 3.844009825115791e-06, 4.321821961639216e-06, 5.3955864132149145e-06, 5.506478373717982e-06, 5.027723091188818e-06, 5.449387572298292e-06, 4.463084678718587e-06, 4.463782261154847e-06, 2.8496681352407904e-06, 2.1862867924937746e-06, 1.8715345504460856e-06, 1.3443365105558769e-06, 1.0961873613268835e-06, 8.922557412915921e-07, 6.360805286931281e-07, 6.386379709510948e-07, 4.856152031607053e-07, 4.403198659019836e-07, 3.1128499244914565e-07, 2.867270723072579e-07, 2.0464921135499026e-07, 1.7738496183028474e-07, 1.6616667153357412e-07, 1.6119395240821177e-07, 1.3755391137237893e-07, 1.3261033871003747e-07, 1.1470018534964765e-07, 7.547732394641571e-08, 6.025735643788721e-08, 5.335487784918769e-08, 3.773352119651463e-08, 1.9061744183090923e-08, 8.220004232839528e-09, 1.6485839360314003e-09, 1.1070665217882691e-10, 9.275248104290146e-12, 8.46576021090728e-12, 8.275098488386146e-12, 8.072723912955215e-12, 7.931636250568808e-12, 7.737078339120629e-12, 7.497610171602886e-12, 7.357339563973664e-12, 7.306312672927806e-12], "lowlevel.melbands128.stdev": [0.0007714362000115216, 0.012560594826936722, 0.03440020978450775, 0.02820730395615101, 0.019218100234866142, 0.010349073447287083, 0.004221207462251186, 0.0020196354016661644, 0.0010088369017466903, 0.00046277514775283635, 0.0004670930211432278, 0.00020356512686703354, 0.000252554687904194, 0.0002961463469546288, 0.000730601605027914, 0.0012696260819211602, 0.0010795578127726912, 0.0013037293683737516, 0.00238983822055161, 0.000746732868719846, 0.0008894533384591341, 0.00019298578263260424, 0.00013970515283290297, 0.0001234655937878415, 0.0002372909220866859, 0.00029538970557041466, 8.298943430418149e-05, 8.488241292070597e-05, 6.39244681224227e-05, 9.37784425332211e-05, 6.760095129720867e-05, 4.721409277408384e-05, 6.777080852771178e-05, 0.00010220181138720363, 3.944270429201424e-05, 6.634246528847143e-05, 8.547551988158375e-05, 5.6368000514339656e-05, 3.251348971389234e-05, 3.321923213661648e-05, 4.164718120591715e-05, 3.327460217406042e-05, 4.231657658237964e-05, 3.0262872314779088e-05, 2.6993586288881488e-05, 3.502636536723003e-05, 3.092773476964794e-05, 1.8569218809716403e-05, 2.6087052901857533e-05, 2.3091222828952596e-05, 2.7479289201437496e-05, 1.8756962163024582e-05, 1.8480974176782183e-05, 1.8707494746195152e-05, 1.6654637875035405e-05, 1.968178003153298e-05, 2.2144631657283753e-05, 2.5854551495285705e-05, 1.818398777686525e-05, 2.1031029973528348e-05, 2.3041158783598803e-05, 2.1990965251461603e-05, 1.9202178009436466e-05, 1.7010017472784966e-05, 1.4092801393417176e-05, 1.3238845895102713e-05, 1.2442797014955431e-05, 2.1649451809935272e-05, 1.9242730559199117e-05, 1.329461611021543e-05, 1.3843074157193769e-05, 1.46206803037785e-05, 2.034907265624497e-05, 2.3276037609321065e-05, 1.794950003386475e-05, 1.911199069581926e-05, 2.3321565095102414e-05, 1.6438192687928677e-05, 1.811317451938521e-05, 1.364208492304897e-05, 1.5654526578146033e-05, 1.8106435163645074e-05, 1.4872755855321884e-05, 1.059192800312303e-05, 1.6528631022083573e-05, 1.6550751752220094e-05, 2.010160096688196e-05, 1.8823908249032684e-05, 1.7975653463508934e-05, 2.0563218640745617e-05, 1.534110378997866e-05, 1.6949139535427094e-05, 1.1147032637381926e-05, 8.858020009938627e-06, 7.465589533239836e-06, 5.193210199649911e-06, 4.006125891464762e-06, 3.4478864563425304e-06, 2.595996875243145e-06, 2.4601179120509187e-06, 1.712790435703937e-06, 1.6550451391594834e-06, 1.2261258461876423e-06, 1.3097111377646797e-06, 7.454434580722591e-07, 7.034718692011666e-07, 5.956952122687653e-07, 6.008621085129562e-07, 5.775262366114475e-07, 6.334973932098364e-07, 7.256498406604805e-07, 3.992736026248167e-07, 2.980949034281366e-07, 3.423267003199726e-07, 1.9377056048597296e-07, 1.407530589858652e-07, 6.489085535577033e-08, 2.2024016388400014e-08, 1.9164312359265523e-09, 1.602495046382213e-11, 1.2501247433072127e-11, 1.2257260310899465e-11, 1.1982118422459997e-11, 1.1777585851024952e-11, 1.1604771830986405e-11, 1.1462401340589512e-11, 1.1363197709168826e-11, 1.1301730384882802e-11], "lowlevel.mfcc.mean": [-742.167236328125, 144.17678833007812, 26.294530868530273, 11.496402740478516, 7.113058567047119, 14.573923110961914, -6.383931636810303, 8.979193687438965, 8.934656143188477, 11.017233848571777, 1.9651763439178467, 3.960283041000366, 1.050662875175476], "lowlevel.spectral_contrast_coeffs.mean": [-0.7544047832489014, -0.7258646488189697, -0.7786988019943237, -0.8208432197570801, -0.8314043879508972, -0.7846044898033142], "lowlevel.spectral_contrast_coeffs.stdev": [0.0864931270480156, 0.08431032299995422, 0.0596185140311718, 0.0469929575920105, 0.04135742038488388, 0.04797280207276344], "lowlevel.spectral_contrast_valleys.mean": [-7.160656452178955, -7.4623541831970215, -8.116252899169922, -8.53372573852539, -8.949304580688477, -11.20450496673584], "lowlevel.spectral_contrast_valleys.stdev": [2.155474901199341, 0.9841601252555847, 0.7929166555404663, 0.8780020475387573, 1.1137276887893677, 1.4254302978515625], "rhythm.beats_loudness_band_ratio.mean": [0.7051682472229004, 0.0337374284863472, 0.12766604125499725, 0.054606419056653976, 0.018418719992041588, 0.07284685969352722], "rhythm.beats_loudness_band_ratio.stdev": [0.37752965092658997, 0.0588657408952713, 0.22409462928771973, 0.1315249651670456, 0.026902807876467705, 0.11576014012098312], "tonal.hpcp.mean": [0.05116123706102371, 0.059124656021595, 0.326520174741745, 0.6686620712280273, 0.44945552945137024, 0.10751470923423767, 0.06558988243341446, 0.06365031003952026, 0.055208995938301086, 0.06135949492454529, 0.07675178349018097, 0.05751238390803337, 0.03366818279027939, 0.03106713853776455, 0.03325936943292618, 0.04336802288889885, 0.048903729766607285, 0.039657510817050934, 0.0418059267103672, 0.04202917218208313, 0.04057519882917404, 0.0416337288916111, 0.04238040745258331, 0.058156516402959824, 0.12264688313007355, 0.130776509642601, 0.07645095139741898, 0.06055578961968422, 0.04865939915180206, 0.04372899979352951, 0.061062995344400406, 0.08764322102069855, 0.07494024187326431, 0.05108471214771271, 0.06272384524345398, 0.06424019485712051], "tonal.hpcp.stdev": [0.155169278383255, 0.1525840312242508, 0.2987501919269562, 0.4169313311576843, 0.3240405023097992, 0.23183239996433258, 0.17710648477077484, 0.1938183605670929, 0.1709665060043335, 0.16731330752372742, 0.19095928966999054, 0.16569945216178894, 0.10814916342496872, 0.10824638605117798, 0.08849668502807617, 0.10323167592287064, 0.13951709866523743, 0.11961813271045685, 0.13594040274620056, 0.14447323977947235, 0.14948852360248566, 0.13117796182632446, 0.13123610615730286, 0.1593620628118515, 0.20009951293468475, 0.221542090177536, 0.19777747988700867, 0.1775551438331604, 0.14737336337566376, 0.13828831911087036, 0.17080643773078918, 0.22834038734436035, 0.2098054736852646, 0.1533307135105133, 0.1843537837266922, 0.18197762966156006], "rhythm.beats_position": [0.638548731803894, 1.300317406654358, 1.9504761695861816, 2.600634813308716, 3.2740135192871094, 3.9706122875213623, 4.678820610046387, 5.38702917098999, 6.083628177642822, 6.780226707458496, 7.500045299530029, 8.219863891601562, 8.916461944580078, 9.61306095123291, 10.332880020141602, 11.052698135375977], "rhythm.bpm_histogram": [0.0, 0.0, 0.0, 0.0, 0.0, 0.0, 0.0, 0.0, 0.0, 0.0, 0.0, 0.0, 0.0, 0.0, 0.0, 0.0, 0.0, 0.0, 0.0, 0.0, 0.0, 0.0, 0.0, 0.0, 0.0, 0.0, 0.0, 0.0, 0.0, 0.0, 0.0, 0.0, 0.0, 0.0, 0.0, 0.0, 0.0, 0.0, 0.0, 0.0, 0.0, 0.0, 0.0, 0.0, 0.0, 0.0, 0.0, 0.0, 0.0, 0.0, 0.0, 0.0, 0.0, 0.0, 0.0, 0.0, 0.0, 0.0, 0.0, 0.0, 0.0, 0.0, 0.0, 0.0, 0.0, 0.0, 0.0, 0.0, 0.0, 0.0, 0.0, 0.0, 0.0, 0.0, 0.0, 0.0, 0.0, 0.0, 0.0, 0.0, 0.0, 0.0, 0.0, 0.2666666805744171, 0.0, 0.13333334028720856, 0.3333333432674408, 0.0, 0.0, 0.06666667014360428, 0.0, 0.06666667014360428, 0.13333334028720856, 0.0, 0.0, 0.0, 0.0, 0.0, 0.0, 0.0, 0.0, 0.0, 0.0, 0.0, 0.0, 0.0, 0.0, 0.0, 0.0, 0.0, 0.0, 0.0, 0.0, 0.0, 0.0, 0.0, 0.0, 0.0, 0.0, 0.0, 0.0, 0.0, 0.0, 0.0, 0.0, 0.0, 0.0, 0.0, 0.0, 0.0, 0.0, 0.0, 0.0, 0.0, 0.0, 0.0, 0.0, 0.0, 0.0, 0.0, 0.0, 0.0, 0.0, 0.0, 0.0, 0.0, 0.0, 0.0, 0.0, 0.0, 0.0, 0.0, 0.0, 0.0, 0.0, 0.0, 0.0, 0.0, 0.0, 0.0, 0.0, 0.0, 0.0, 0.0, 0.0, 0.0, 0.0, 0.0, 0.0, 0.0, 0.0, 0.0, 0.0, 0.0, 0.0, 0.0, 0.0, 0.0, 0.0, 0.0, 0.0, 0.0, 0.0, 0.0, 0.0, 0.0, 0.0, 0.0, 0.0, 0.0, 0.0, 0.0, 0.0, 0.0, 0.0, 0.0, 0.0, 0.0, 0.0, 0.0, 0.0, 0.0, 0.0, 0.0, 0.0, 0.0, 0.0, 0.0, 0.0, 0.0, 0.0, 0.0, 0.0, 0.0, 0.0, 0.0, 0.0, 0.0, 0.0, 0.0, 0.0, 0.0, 0.0, 0.0, 0.0, 0.0, 0.0, 0.0, 0.0, 0.0, 0.0, 0.0, 0.0, 0.0, 0.0, 0.0, 0.0, 0.0, 0.0, 0.0, 0.0, 0.0, 0.0, 0.0, 0.0, 0.0, 0.0, 0.0, 0.0, 0.0], "tonal.chords_histogram": [0.0, 0.0, 10.9375, 0.0, 3.515625, 0.0, 0.0, 0.0, 7.03125, 59.375, 0.0, 19.140625, 0.0, 0.0, 0.0, 0.0, 0.0, 0.0, 0.0, 0.0, 0.0, 0.0, 0.0, 0.0], "tonal.thpcp": [1.0, 0.672171413898468, 0.1607908010482788, 0.0980912297964096, 0.09519054740667343, 0.08256636559963226, 0.09176458418369293, 0.1147841140627861, 0.0860111340880394, 0.050351567566394806, 0.046461641788482666, 0.049740176647901535, 0.06485790759325027, 0.07313668727874756, 0.059308748692274094, 0.06252175569534302, 0.06285562366247177, 0.06068117171525955, 0.062264230102300644, 0.0633809044957161, 0.08697444945573807, 0.183421328663826, 0.1955793797969818, 0.11433421075344086, 0.0905626192688942, 0.07277128845453262, 0.06539775431156158, 0.09132115542888641, 0.1310725212097168, 0.11207491159439087, 0.07639840245246887, 0.09380500018596649, 0.0960727334022522, 0.07651284337043762, 0.08842232823371887, 0.48831868171691895], "lowlevel.gfcc.cov": [[12935.8232421875, 1464.36474609375, 2709.050048828125, 2849.43603515625, 639.6555786132812, 718.8488159179688, 208.89759826660156, 168.86871337890625, 492.6067199707031, 373.1525573730469, 397.4502868652344, 147.60638427734375, 168.69439697265625], [1464.36474609375, 4044.8564453125, 1332.9444580078125, 539.822509765625, 1447.1324462890625, -125.50155639648438, 225.1580047607422, -66.39366149902344, 309.37225341796875, -86.7948226928711, 213.23497009277344, -196.3416290283203, 490.22186279296875], [2709.050048828125, 1332.9444580078125, 2477.327880859375, 1288.003662109375, 713.6814575195312, 451.42864990234375, 291.72723388671875, 135.71310424804688, 341.9294738769531, 275.85833740234375, 197.4668426513672, 9.590635299682617, 150.8394012451172], [2849.43603515625, 539.822509765625, 1288.003662109375, 1358.95849609375, 467.24908447265625, 398.8252258300781, 271.8595275878906, 71.38105010986328, 224.5320281982422, 139.86732482910156, 214.13125610351562, -2.693241834640503, 127.95081329345703], [639.6555786132812, 1447.1324462890625, 713.6814575195312, 467.24908447265625, 909.2681274414062, 114.77883911132812, 245.92788696289062, 57.35523223876953, 186.9879150390625, 9.947118759155273, 172.93299865722656, -18.223039627075195, 258.4026794433594], [718.8488159179688, -125.50155639648438, 451.42864990234375, 398.8252258300781, 114.77883911132812, 274.1956787109375, 119.7609634399414, 66.65454864501953, 61.37223434448242, 74.9334945678711, 50.82345199584961, 23.21434783935547, 27.8941593170166], [208.89759826660156, 225.1580047607422, 291.72723388671875, 271.8595275878906, 245.92788696289062, 119.7609634399414, 281.0072021484375, 93.60746002197266, 94.15188598632812, 49.798580169677734, 62.6851806640625, 7.6807122230529785, 89.36034393310547], [168.86871337890625, -66.39366149902344, 135.71310424804688, 71.38105010986328, 57.35523223876953, 66.65454864501953, 93.60746002197266, 121.24121856689453, 62.420413970947266, 55.984527587890625, 10.37221908569336, 20.59259033203125, 14.479000091552734], [492.6067199707031, 309.37225341796875, 341.9294738769531, 224.5320281982422, 186.9879150390625, 61.37223434448242, 94.15188598632812, 62.420413970947266, 209.39495849609375, 78.12664794921875, 98.17660522460938, 16.300830841064453, 64.15953826904297], [373.1525573730469, -86.7948226928711, 275.85833740234375, 139.86732482910156, 9.947118759155273, 74.9334945678711, 49.798580169677734, 55.984527587890625, 78.12664794921875, 143.98562622070312, 39.587703704833984, 45.290653228759766, -2.915418863296509], [397.4502868652344, 213.23497009277344, 197.4668426513672, 214.13125610351562, 172.93299865722656, 50.82345199584961, 62.6851806640625, 10.37221908569336, 98.17660522460938, 39.587703704833984, 124.8799819946289, 28.268939971923828, 60.6024284362793], [147.60638427734375, -196.3416290283203, 9.590635299682617, -2.693241834640503, -18.223039627075195, 23.21434783935547, 7.6807122230529785, 20.59259033203125, 16.300830841064453, 45.290653228759766, 28.268939971923828, 111.36884307861328, 4.795629501342773], [168.69439697265625, 490.22186279296875, 150.8394012451172, 127.95081329345703, 258.4026794433594, 27.8941593170166, 89.36034393310547, 14.479000091552734, 64.15953826904297, -2.915418863296509, 60.6024284362793, 4.795629501342773, 137.6328887939453]], "lowlevel.gfcc.icov": [[0.00020560876873787493, -0.00023813373991288245, 0.00012735930795315653, -0.0006058886065147817, 0.00026257161516696215, -0.00012058622087351978, 0.00035969779128208756, -0.0004468722327146679, -9.932718967320397e-06, -7.285406172741205e-05, 0.0001426817470928654, -0.0006112241535447538, 0.0003263585385866463], [-0.00023813373991288245, 0.00175873888656497, -0.0009066817001439631, 0.0008523043943569064, -0.0017805114621296525, 0.0021156335715204477, -7.819595339242369e-05, 0.0015678014606237411, -0.0005673363339155912, 0.0003785380977205932, 0.0004651306080631912, 0.0024378211237490177, -0.0029884057585150003], [0.00012735930795315653, -0.0009066817001439631, 0.0016884158831089735, -0.0012663645902648568, 7.01417593518272e-05, -0.0015518424334004521, 0.0004259519628249109, -0.0004328439827077091, -0.0004945897962898016, -0.001704221242107451, 0.0011987625621259212, -0.0011852128664031625, 0.002059897407889366], [-0.0006058886065147817, 0.0008523043943569064, -0.0012663645902648568, 0.00423317588865757, -0.000641990453004837, -0.0013716750545427203, -0.0017717266455292702, 0.0021738652139902115, 9.84829748631455e-05, 0.0007532119634561241, -0.00299712922424078, 0.0029119192622601986, -0.0012473923852667212], [0.00026257161516696215, -0.0017805114621296525, 7.01417593518272e-05, -0.000641990453004837, 0.005324332043528557, -0.0017402375815436244, -0.0007038851617835462, -0.002377578755840659, 0.0008124333689920604, 0.0012849470367655158, -0.002913701580837369, -0.0016276981914415956, -0.0014083588030189276], [-0.00012058622087351978, 0.0021156335715204477, -0.0015518424334004521, -0.0013716750545427203, -0.0017402375815436244, 0.010685689747333527, -0.0007696325774304569, -0.0008204429177567363, 0.0007981492090038955, -0.00021003694564569741, 0.0008982494473457336, 0.0015762693947181106, -0.003551118541508913], [0.00035969779128208756, -7.819595339242369e-05, 0.0004259519628249109, -0.0017717266455292702, -0.0007038851617835462, -0.0007696325774304569, 0.007936595939099789, -0.004766904748976231, -8.488792809657753e-05, -0.0006248424760997295, 0.00046455039409920573, -6.577778549399227e-05, -0.002331983996555209], [-0.0004468722327146679, 0.0015678014606237411, -0.0004328439827077091, 0.0021738652139902115, -0.002377578755840659, -0.0008204429177567363, -0.004766904748976231, 0.01744752936065197, -0.004710509441792965, -0.0028739755507558584, 0.005075232125818729, 0.0009362821583636105, -0.0008257621666416526], [-9.932718967320397e-06, -0.0005673363339155912, -0.0004945897962898016, 9.84829748631455e-05, 0.0008124333689920604, 0.0007981492090038955, -8.488792809657753e-05, -0.004710509441792965, 0.01145729050040245, -0.0026439183857291937, -0.007456670515239239, 0.0012271704617887735, -0.0008094428339973092], [-7.285406172741205e-05, 0.0003785380977205932, -0.001704221242107451, 0.0007532119634561241, 0.0012849470367655158, -0.00021003694564569741, -0.0006248424760997295, -0.0028739755507558584, -0.0026439183857291937, 0.014336297288537025, -0.0023638925049453974, -0.0031258929520845413, 0.0009326453437097371], [0.0001426817470928654, 0.0004651306080631912, 0.0011987625621259212, -0.00299712922424078, -0.002913701580837369, 0.0008982494473457336, 0.00046455039409920573, 0.005075232125818729, -0.007456670515239239, -0.0023638925049453974, 0.021524496376514435, -0.004512582905590534, -0.0018007170874625444], [-0.0006112241535447538, 0.0024378211237490177, -0.0011852128664031625, 0.0029119192622601986, -0.0016276981914415956, 0.0015762693947181106, -6.577778549399227e-05, 0.0009362821583636105, 0.0012271704617887735, -0.0031258929520845413, -0.004512582905590534, 0.015985898673534393, -0.005869609769433737], [0.0003263585385866463, -0.0029884057585150003, 0.002059897407889366, -0.0012473923852667212, -0.0014083588030189276, -0.003551118541508913, -0.002331983996555209, -0.0008257621666416526, -0.0008094428339973092, 0.0009326453437097371, -0.0018007170874625444, -0.005869609769433737, 0.02277122251689434]], "lowlevel.mfcc.cov": [[9782.2080078125, -188.55810546875, 2238.1953125, 1953.0594482421875, 1009.3899536132812, 920.1014404296875, 289.71063232421875, 288.32666015625, 136.36996459960938, 252.9136505126953, 279.5370178222656, 334.9427490234375, 245.7748565673828], [-188.55810546875, 3721.448974609375, 207.78965759277344, 752.517578125, 900.2938232421875, 183.40557861328125, 190.52967834472656, -21.79523277282715, 293.03240966796875, 26.94925880432129, 44.88246154785156, -135.6201171875, -90.25349426269531], [2238.1953125, 207.78965759277344, 1908.212890625, 893.895263671875, 604.7014770507812, 537.4829711914062, 223.87403869628906, 104.08971405029297, 205.11721801757812, 224.20370483398438, 199.80313110351562, 217.7500457763672, 121.64767456054688], [1953.0594482421875, 752.517578125, 893.895263671875, 992.4256591796875, 617.0050048828125, 447.31854248046875, 290.635009765625, 137.44607543945312, 197.13575744628906, 159.470703125, 139.85557556152344, 114.05833435058594, 76.9486083984375], [1009.3899536132812, 900.2938232421875, 604.7014770507812, 617.0050048828125, 665.5211181640625, 329.0374755859375, 199.85072326660156, 99.52617645263672, 151.33688354492188, 112.9599838256836, 67.00663757324219, 71.13788604736328, 47.59061050415039], [920.1014404296875, 183.40557861328125, 537.4829711914062, 447.31854248046875, 329.0374755859375, 331.87164306640625, 186.7412872314453, 92.03852081298828, 117.6402359008789, 89.52301788330078, 65.96129608154297, 86.6098403930664, 64.95466613769531], [289.71063232421875, 190.52967834472656, 223.87403869628906, 290.635009765625, 199.85072326660156, 186.7412872314453, 273.4541015625, 97.95589447021484, 121.13959503173828, 78.26004791259766, 52.075836181640625, 3.994375228881836, -3.175616979598999], [288.32666015625, -21.79523277282715, 104.08971405029297, 137.44607543945312, 99.52617645263672, 92.03852081298828, 97.95589447021484, 122.81044006347656, 70.61961364746094, 45.50978088378906, 31.238523483276367, 33.18918228149414, 23.444313049316406], [136.36996459960938, 293.03240966796875, 205.11721801757812, 197.13575744628906, 151.33688354492188, 117.6402359008789, 121.13959503173828, 70.61961364746094, 176.8475341796875, 84.47299194335938, 59.71774673461914, 38.244911193847656, 20.56846809387207], [252.9136505126953, 26.94925880432129, 224.20370483398438, 159.470703125, 112.9599838256836, 89.52301788330078, 78.26004791259766, 45.50978088378906, 84.47299194335938, 153.91490173339844, 62.95354461669922, 36.06790542602539, 1.7914925813674927], [279.5370178222656, 44.88246154785156, 199.80313110351562, 139.85557556152344, 67.00663757324219, 65.96129608154297, 52.075836181640625, 31.238523483276367, 59.71774673461914, 62.95354461669922, 125.4470443725586, 51.44940185546875, 24.47331428527832], [334.9427490234375, -135.6201171875, 217.7500457763672, 114.05833435058594, 71.13788604736328, 86.6098403930664, 3.994375228881836, 33.18918228149414, 38.244911193847656, 36.06790542602539, 51.44940185546875, 126.53392791748047, 68.12158966064453], [245.7748565673828, -90.25349426269531, 121.64767456054688, 76.9486083984375, 47.59061050415039, 64.95466613769531, -3.175616979598999, 23.444313049316406, 20.56846809387207, 1.7914925813674927, 24.47331428527832, 68.12158966064453, 98.0862808227539]], "lowlevel.mfcc.icov": [[0.00023074974888004363, 0.00012057079584337771, -5.4569940402871e-05, -0.0005868927692063153, -3.5699617001228034e-05, -0.0001077822525985539, 0.00043259328231215477, -0.0002347884583286941, 0.00015874195378273726, 0.00013103180390316993, -9.858366684056818e-05, 0.0002005907881539315, 6.927325011929497e-05], [0.00012057079584337771, 0.0008927300223149359, 0.00020202045561745763, -0.0007798436563462019, -0.0014452137984335423, 0.0006581881316378713, 0.0006892853416502476, 0.0009686505072750151, -0.0016435198485851288, 0.0010075890459120274, -0.00045508387847803533, 0.0011702113552019, 0.0005637630820274353], [-5.4569940402871e-05, 0.00020202045561745763, 0.0013258196413516998, -0.0004646560410037637, -0.0004247669712640345, -0.0012414376251399517, 0.0005844002007506788, 0.0009691157611086965, -0.0004975185147486627, -0.0003086316864937544, -0.0006754336645826697, -0.0003937627770937979, 0.0004102953535038978], [-0.0005868927692063153, -0.0007798436563462019, -0.0004646560410037637, 0.005586903542280197, -0.0009132223203778267, -0.002098236931487918, -0.00213413848541677, -0.00014215636474546045, 0.0006755343056283891, -0.000832230958621949, -0.0008680943865329027, -0.0007198598468676209, -0.0006660896469838917], [-3.5699617001228034e-05, -0.0014452137984335423, -0.0004247669712640345, -0.0009132223203778267, 0.006459422409534454, -0.0029160669073462486, -0.00034515236620791256, -0.0019945281092077494, 0.002094308380037546, -0.0018796720542013645, 0.0016779544530436397, -0.0015053238021209836, -0.0005126018659211695], [-0.0001077822525985539, 0.0006581881316378713, -0.0012414376251399517, -0.002098236931487918, -0.0029160669073462486, 0.01437169685959816, -0.004956175107508898, 0.0004485981771722436, -0.0012251634616404772, 0.0005813672323711216, 0.0020197133999317884, -0.002074312185868621, -0.0031256601214408875], [0.00043259328231215477, 0.0006892853416502476, 0.0005844002007506788, -0.00213413848541677, -0.00034515236620791256, -0.004956175107508898, 0.011025906540453434, -0.0034391533117741346, -0.0033560157753527164, 0.0005678338930010796, -0.0018696443876251578, 0.004599192179739475, 0.0030939721036702394], [-0.0002347884583286941, 0.0009686505072750151, 0.0009691157611086965, -0.00014215636474546045, -0.0019945281092077494, 0.0004485981771722436, -0.0034391533117741346, 0.015204615890979767, -0.004371060058474541, 0.00010015215957537293, -6.587287498405203e-05, -0.0010880404151976109, -0.0009987729135900736], [0.00015874195378273726, -0.0016435198485851288, -0.0004975185147486627, 0.0006755343056283891, 0.002094308380037546, -0.0012251634616404772, -0.0033560157753527164, -0.004371060058474541, 0.014485395513474941, -0.004777767229825258, -0.0007360277813859284, -0.002652531722560525, -0.002016115002334118], [0.00013103180390316993, 0.0010075890459120274, -0.0003086316864937544, -0.000832230958621949, -0.0018796720542013645, 0.0005813672323711216, 0.0005678338930010796, 0.00010015215957537293, -0.004777767229825258, 0.012086796574294567, -0.0032953484915196896, -8.964942389866337e-05, 0.0038215131498873234], [-9.858366684056818e-05, -0.00045508387847803533, -0.0006754336645826697, -0.0008680943865329027, 0.0016779544530436397, 0.0020197133999317884, -0.0018696443876251578, -6.587287498405203e-05, -0.0007360277813859284, -0.0032953484915196896, 0.013142840005457401, -0.004162884782999754, -0.0010229925392195582], [0.0002005907881539315, 0.0011702113552019, -0.0003937627770937979, -0.0007198598468676209, -0.0015053238021209836, -0.002074312185868621, 0.004599192179739475, -0.0010880404151976109, -0.002652531722560525, -8.964942389866337e-05, -0.004162884782999754, 0.018831754103302956, -0.007342036813497543], [6.927325011929497e-05, 0.0005637630820274353, 0.0004102953535038978, -0.0006660896469838917, -0.0005126018659211695, -0.0031256601214408875, 0.0030939721036702394, -0.0009987729135900736, -0.002016115002334118, 0.0038215131498873234, -0.0010229925392195582, -0.007342036813497543, 0.018918758258223534]], "metadata.audio_properties.analysis.downmix": "mix", "metadata.audio_properties.codec": "mp3", "metadata.audio_properties.md5_encoded": "302d90ea42fddc414b320e718bf3fb14", "metadata.tags.file_name": "1182274075540860998.mp3", "metadata.version.essentia": "2.1-beta6-dev", "metadata.version.essentia_git_sha": "v2.1_beta5-1110-g77a6a954", "metadata.version.extractor": "music 2.0", "tonal.chords_key": "Bb", "tonal.chords_scale": "major", "tonal.key_edma.key": "Eb", "tonal.key_edma.scale": "minor", "tonal.key_krumhansl.key": "Eb", "tonal.key_krumhansl.scale": "minor", "tonal.key_temperley.key": "Eb", "tonal.key_temperley.scale": "minor", "metadata.tags.encoding": ["Lavf58.45.100"]}, "essentia_models": [{"model_name": "genre_dortmund", "activations": {"alternative": "0.016633876", "blues": "0.0022991926", "electronic": "0.13736151", "folkcountry": "0.0055569145", "funksoulrnb": "0.045526642", "jazz": "0.057622474", "pop": "0.11154989", "raphiphop": "0.56269217", "rock": "0.010575157"}}, {"model_name": "genre_rosamerica", "activations": {"classic": "0.0063111894", "dance": "0.0025313117", "hip hop": "0.059666272", "jazz": "0.014341754", "pop": "0.27374986", "rhythm and blues": "0.47171727", "rock": "0.0051359613", "speech": "0.0045432984"}}, {"model_name": "genre_tzanetakis", "activations": {"blues": "0.0018319058", "classic": "0.0035810133", "country": "0.0051118443", "disco": "0.0164948", "hip hop": "0.19863349", "jazz": "0.0013666447", "metal": "0.0009295866", "pop": "0.361506", "reggae": "0.16870981", "rock": "0.042561825"}}, {"model_name": "genre_electronic", "activations": {"ambient": "0.16751604", "dnb": "0.35393235", "house": "0.38698235", "techno": "0.56272644", "trance": "0.0058523105"}}, {"model_name": "mood_acoustic", "activations": {"acoustic": "0.0059797447", "not acoustic": "0.9558378"}}, {"model_name": "mood_electronic", "activations": {"electronic": "0.43214986", "not electronic": "0.6043655"}}, {"mode