{"song_id": "1182283305660469319", "download": "https://cdn.discordapp.com/attachments/1128313332273782784/1182283305660469319/chirp.mp4?ex=65842221&amp", "lyrics": "[verse]\nMy friends and I, we gather round\nFriday nights at my place, spells abound\nBut this week, they all have plans\nLeaving me to face magic's lands\n\n[chorus]\nMy friends can't play Magic the Gathering with me\nTheir absence leaves an emptiness, can't you see\nI hold my cards, waiting for the game to start\nBut it seems this Friday night, I'll play alone, my heart apart", "style": ["UK drill"], "essentia_features": {"lowlevel.average_loudness": 0.881043553352356, "lowlevel.barkbands_crest.mean": 16.02021026611328, "lowlevel.barkbands_crest.stdev": 5.905341625213623, "lowlevel.barkbands_flatness_db.mean": 0.2720375657081604, "lowlevel.barkbands_flatness_db.stdev": 0.1049068495631218, "lowlevel.barkbands_kurtosis.mean": 56.69352340698242, "lowlevel.barkbands_kurtosis.stdev": 125.78485107421875, "lowlevel.barkbands_skewness.mean": 4.080889701843262, "lowlevel.barkbands_skewness.stdev": 3.9230422973632812, "lowlevel.barkbands_spread.mean": 13.807262420654297, "lowlevel.barkbands_spread.stdev": 21.69899559020996, "lowlevel.dissonance.mean": 0.4061972200870514, "lowlevel.dissonance.stdev": 0.07110254466533661, "lowlevel.dynamic_complexity": 5.538524150848389, "lowlevel.erbbands_crest.mean": 13.93955135345459, "lowlevel.erbbands_crest.stdev": 5.880160808563232, "lowlevel.erbbands_flatness_db.mean": 0.2228441685438156, "lowlevel.erbbands_flatness_db.stdev": 0.07133433222770691, "lowlevel.erbbands_kurtosis.mean": 10.833403587341309, "lowlevel.erbbands_kurtosis.stdev": 18.842086791992188, "lowlevel.erbbands_skewness.mean": 1.6921740770339966, "lowlevel.erbbands_skewness.stdev": 2.2762110233306885, "lowlevel.erbbands_spread.mean": 33.62800979614258, "lowlevel.erbbands_spread.stdev": 34.28144836425781, "lowlevel.hfc.mean": 13.562663078308105, "lowlevel.hfc.stdev": 19.69904899597168, "lowlevel.loudness_ebu128.integrated": -18.155332565307617, "lowlevel.loudness_ebu128.loudness_range": 4.480588912963867, "lowlevel.loudness_ebu128.momentary.mean": -20.31156349182129, "lowlevel.loudness_ebu128.momentary.stdev": 5.174808502197266, "lowlevel.loudness_ebu128.short_term.mean": -18.760377883911133, "lowlevel.loudness_ebu128.short_term.stdev": 1.7071073055267334, "lowlevel.melbands_crest.mean": 20.164230346679688, "lowlevel.melbands_crest.stdev": 6.968628883361816, "lowlevel.melbands_flatness_db.mean": 0.3443259596824646, "lowlevel.melbands_flatness_db.stdev": 0.13159362971782684, "lowlevel.melbands_kurtosis.mean": 70.71015930175781, "lowlevel.melbands_kurtosis.stdev": 124.04269409179688, "lowlevel.melbands_skewness.mean": 4.641071796417236, "lowlevel.melbands_skewness.stdev": 3.9725077152252197, "lowlevel.melbands_spread.mean": 18.53664207458496, "lowlevel.melbands_spread.stdev": 40.02712631225586, "lowlevel.pitch_salience.mean": 0.4439619779586792, "lowlevel.pitch_salience.stdev": 0.18661648035049438, "lowlevel.silence_rate_20dB.mean": 0.9874686598777771, "lowlevel.silence_rate_20dB.stdev": 0.11124002933502197, "lowlevel.silence_rate_30dB.mean": 0.9331662654876709, "lowlevel.silence_rate_30dB.stdev": 0.24973353743553162, "lowlevel.silence_rate_60dB.mean": 0.2472848743200302, "lowlevel.silence_rate_60dB.stdev": 0.4314374029636383, "lowlevel.spectral_centroid.mean": 891.3694458007812, "lowlevel.spectral_centroid.stdev": 1088.89306640625, "lowlevel.spectral_complexity.mean": 6.173767566680908, "lowlevel.spectral_complexity.stdev": 6.742682933807373, "lowlevel.spectral_decrease.mean": -8.834744491537094e-09, "lowlevel.spectral_decrease.stdev": 1.6446564998773283e-08, "lowlevel.spectral_energy.mean": 0.03457450866699219, "lowlevel.spectral_energy.stdev": 0.06254839897155762, "lowlevel.spectral_energyband_high.mean": 0.0006618264014832675, "lowlevel.spectral_energyband_high.stdev": 0.0018760303501039743, "lowlevel.spectral_energyband_low.mean": 0.018888242542743683, "lowlevel.spectral_energyband_low.stdev": 0.05945393070578575, "lowlevel.spectral_energyband_middle_high.mean": 0.0016341989394277334, "lowlevel.spectral_energyband_middle_high.stdev": 0.004564736038446426, "lowlevel.spectral_energyband_middle_low.mean": 0.015434781089425087, "lowlevel.spectral_energyband_middle_low.stdev": 0.019999239593744278, "lowlevel.spectral_entropy.mean": 6.599486827850342, "lowlevel.spectral_entropy.stdev": 1.1199687719345093, "lowlevel.spectral_flux.mean": 0.07087484747171402, "lowlevel.spectral_flux.stdev": 0.07490235567092896, "lowlevel.spectral_kurtosis.mean": 10.419774055480957, "lowlevel.spectral_kurtosis.stdev": 12.934292793273926, "lowlevel.spectral_rms.mean": 0.004474640358239412, "lowlevel.spectral_rms.stdev": 0.0037025457713752985, "lowlevel.spectral_rolloff.mean": 1520.2608642578125, "lowlevel.spectral_rolloff.stdev": 2917.46240234375, "lowlevel.spectral_skewness.mean": 2.323686122894287, "lowlevel.spectral_skewness.stdev": 1.426324486732483, "lowlevel.spectral_spread.mean": 5029268.5, "lowlevel.spectral_spread.stdev": 2754217.0, "lowlevel.spectral_strongpeak.mean": 0.8625696301460266, "lowlevel.spectral_strongpeak.stdev": 0.9110147356987, "lowlevel.zerocrossingrate.mean": 0.055066049098968506, "lowlevel.zerocrossingrate.stdev": 0.08265731483697891, "metadata.audio_properties.analysis.equal_loudness": 0.0, "metadata.audio_properties.analysis.length": 27.754648208618164, "metadata.audio_properties.analysis.sample_rate": 44100.0, "metadata.audio_properties.analysis.start_time": 0.0, "metadata.audio_properties.bit_rate": 121589.0, "metadata.audio_properties.length": 27.754667282104492, "metadata.audio_properties.lossless": 0.0, "metadata.audio_properties.number_channels": 1.0, "metadata.audio_properties.replay_gain": -9.010652542114258, "metadata.audio_properties.sample_rate": 48000.0, "rhythm.beats_count": 49.0, "rhythm.beats_loudness.mean": 0.07511776685714722, "rhythm.beats_loudness.stdev": 0.10701221972703934, "rhythm.bpm": 124.09111785888672, "rhythm.bpm_histogram_first_peak_bpm": 123.0, "rhythm.bpm_histogram_first_peak_weight": 0.42307692766189575, "rhythm.bpm_histogram_second_peak_bpm": 89.0, "rhythm.bpm_histogram_second_peak_spread": 0.3636363744735718, "rhythm.bpm_histogram_second_peak_weight": 0.1458333283662796, "rhythm.danceability": 1.2281678915023804, "rhythm.onset_rate": 4.06898307800293, "tonal.chords_changes_rate": 0.08180300146341324, "tonal.chords_number_rate": 0.015025041997432709, "tonal.chords_strength.mean": 0.5411480665206909, "tonal.chords_strength.stdev": 0.09275738149881363, "tonal.hpcp_crest.mean": 15.767961502075195, "tonal.hpcp_crest.stdev": 7.578976631164551, "tonal.hpcp_entropy.mean": 1.7477754354476929, "tonal.hpcp_entropy.stdev": 0.7762100100517273, "tonal.key_edma.strength": 0.6044602990150452, "tonal.key_krumhansl.strength": 0.6057612299919128, "tonal.key_temperley.strength": 0.5987615585327148, "tonal.tuning_diatonic_strength": 0.6163877844810486, "tonal.tuning_equal_tempered_deviation": 0.24988201260566711, "tonal.tuning_frequency": 447.1741943359375, "tonal.tuning_nontempered_energy_ratio": 0.951228141784668, "lowlevel.barkbands.mean": [0.0007701049325987697, 0.014939190819859505, 0.0013068168191239238, 0.0036380193196237087, 0.005904242396354675, 0.001871721469797194, 0.0018557030707597733, 0.0005743831861764193, 0.001261494355276227, 0.0006253955070860684, 0.00020092155318707228, 0.00021002194262109697, 0.00011311859998386353, 0.0001512360613560304, 0.0001155296849901788, 8.114096999634057e-05, 9.743382543092594e-05, 5.834620606037788e-05, 8.370818250114098e-05, 8.14799132058397e-05, 6.451575609389693e-05, 8.670449460623786e-05, 0.00016641707043163478, 0.00013854136341251433, 0.00011400225048419088, 6.32440423942171e-05, 1.1046369081668672e-06], "lowlevel.barkbands.stdev": [0.0027058925479650497, 0.05638302117586136, 0.004011365119367838, 0.007189689204096794, 0.010758895426988602, 0.005022859666496515, 0.005879316478967667, 0.002067417372018099, 0.0036338430363684893, 0.0028599672950804234, 0.0009435612009838223, 0.0009540294413454831, 0.00044634059304371476, 0.0004784785269293934, 0.00045146557386033237, 0.0002969932393170893, 0.00036373204784467816, 0.0004017371393274516, 0.00034899706952273846, 0.0002690179389901459, 0.0002723059442359954, 0.00030569604132324457, 0.0005318681942299008, 0.000500387919601053, 0.0003724302223417908, 0.0002491037594154477, 6.942860181879951e-06], "lowlevel.erbbands.mean": [0.6971403360366821, 2.292503833770752, 1.4786839485168457, 7.935184478759766, 16.11186408996582, 19.41188621520996, 18.35694122314453, 13.666642189025879, 27.67896270751953, 17.21307945251465, 17.728267669677734, 30.670442581176758, 22.692182540893555, 11.747663497924805, 9.313681602478027, 7.959739685058594, 5.7465972900390625, 7.812823295593262, 7.032190799713135, 4.922049522399902, 4.462165832519531, 5.434689521789551, 3.6768198013305664, 2.731065273284912, 5.622633457183838, 3.687098979949951, 2.7031097412109375, 2.3770554065704346, 2.9861135482788086, 3.869182586669922, 4.862088680267334, 3.333954095840454, 2.177668333053589, 1.3728864192962646, 0.7548273801803589, 0.3494764268398285, 0.10556235164403915, 0.010510741733014584, 0.00024204615328926593, 4.945832188241184e-05], "lowlevel.erbbands.stdev": [2.5859313011169434, 9.115074157714844, 4.752191066741943, 15.178789138793945, 32.22491455078125, 37.79915237426758, 46.79254913330078, 42.52177429199219, 85.51207733154297, 52.35308074951172, 57.61240005493164, 92.43386840820312, 99.3776626586914, 49.22624588012695, 48.51013946533203, 34.80426025390625, 22.161483764648438, 23.444143295288086, 26.247928619384766, 16.989011764526367, 16.22447967529297, 20.66611671447754, 23.666675567626953, 15.827385902404785, 18.577356338500977, 12.706802368164062, 11.900325775146484, 8.865144729614258, 10.958120346069336, 12.570161819458008, 15.993557929992676, 12.095133781433105, 8.05207633972168, 4.789588928222656, 2.641545534133911, 1.3100128173828125, 0.44934192299842834, 0.04636674374341965, 0.0009360770927742124, 7.736642146483064e-05], "lowlevel.gfcc.mean": [-128.35301208496094, 91.78612518310547, -73.23880004882812, 31.457733154296875, -68.05035400390625, 5.378589630126953, -49.68105697631836, -7.382271766662598, -38.019744873046875, -13.534205436706543, -24.213031768798828, -7.754865646362305, -14.759318351745605], "lowlevel.melbands.mean": [0.005003886763006449, 0.0014694349374622107, 0.0015727016143500805, 0.0013435506261885166, 0.0006841834983788431, 0.00032809824915602803, 0.0004207924648653716, 0.0001634879590710625, 0.00017455763008911163, 0.0001783491316018626, 0.00010850425314856693, 4.765335688716732e-05, 2.8582380764419213e-05, 2.621677595016081e-05, 1.5275505575118586e-05, 1.0985050721501466e-05, 1.5277746570063755e-05, 1.1262369298492558e-05, 7.404808002320351e-06, 5.886422513867728e-06, 5.164746198715875e-06, 6.068198217690224e-06, 4.195132987661054e-06, 2.47552884502511e-06, 2.0255895378795685e-06, 3.4808831514965277e-06, 4.3236232158960775e-06, 1.9600320229073986e-06, 1.5857071957725566e-06, 1.6291346582875121e-06, 1.3150147424312308e-06, 1.664197952777613e-06, 1.7550565871715662e-06, 2.309270257683238e-06, 2.866844852178474e-06, 2.5397193894605152e-06, 1.8760521243166295e-06, 1.5400971733470215e-06, 1.3480242841978907e-06, 1.088676640392805e-06], "lowlevel.melbands.stdev": [0.018756169825792313, 0.004744775127619505, 0.002736505353823304, 0.0025435001589357853, 0.0015716421185061336, 0.0009721487876959145, 0.0013048702385276556, 0.00050680449930951, 0.0005622595199383795, 0.0005253577255643904, 0.000494826992508024, 0.00021747843129560351, 0.0001391654077451676, 0.00012766783765982836, 6.628367555094883e-05, 4.160945536568761e-05, 4.9657443014439195e-05, 4.1234827222069725e-05, 2.6114170395885594e-05, 2.180376395699568e-05, 1.975425038835965e-05, 2.1954852854833007e-05, 2.5413599360035732e-05, 1.662195245444309e-05, 1.2685077308560722e-05, 1.3588156434707344e-05, 1.2610114936251193e-05, 7.7439963206416e-06, 7.74201635067584e-06, 7.319122232729569e-06, 4.791378160007298e-06, 6.335615125863114e-06, 6.0631209635175765e-06, 7.4667968874564394e-06, 9.51812671701191e-06, 9.161142770608421e-06, 7.077008376654703e-06, 5.721135039493674e-06, 5.26693656865973e-06, 3.7680881632695673e-06], "lowlevel.melbands128.mean": [0.0007567439461126924, 0.0062612975016236305, 0.006849163211882114, 0.0026465030387043953, 0.0005816316115669906, 0.00076575722778216, 0.0016328952042385936, 0.0017805768875405192, 0.0015701319789513946, 0.0015736982459202409, 0.0009671687730588019, 0.0008425583364441991, 0.000663430371787399, 0.00042341029620729387, 0.00023323003551922739, 0.00032594098593108356, 0.0004228129400871694, 0.0005097468383610249, 0.0003466420457698405, 0.000149173429235816, 9.966651123249903e-05, 8.059021638473496e-05, 0.0001744454202707857, 0.0002715767768677324, 0.0002687571686692536, 8.788303239271045e-05, 0.00010215368092758581, 0.00014918817032594234, 7.272431685123593e-05, 5.848653381690383e-05, 3.877067138091661e-05, 2.4855227820808068e-05, 2.457788104948122e-05, 3.5086537536699325e-05, 3.064878183067776e-05, 2.2898779207025655e-05, 2.07447574211983e-05, 1.3528527233575005e-05, 1.3253775250632316e-05, 1.3289846719999332e-05, 8.763023288338445e-06, 1.0095027391798794e-05, 1.7159569324576296e-05, 1.8768367226584814e-05, 8.988333320303354e-06, 9.79673131951131e-06, 1.5118748706299812e-05, 4.9998971007880755e-06, 5.203903128858656e-06, 8.337676263181493e-06, 5.576678177021677e-06, 3.891790584020782e-06, 5.596604751190171e-06, 4.446785624168115e-06, 6.988114819250768e-06, 7.149502835090971e-06, 4.2570068217173684e-06, 4.82664745504735e-06, 3.888962510245619e-06, 3.6145052035863046e-06, 2.1198832200752804e-06, 2.066384240606567e-06, 1.8162762671636301e-06, 2.2225037810130743e-06, 1.923414401971968e-06, 2.943814479294815e-06, 4.853467999055283e-06, 5.2185673666826915e-06, 4.2998076423828024e-06, 3.024960733455373e-06, 1.8046996501652757e-06, 1.5969750393196591e-06, 1.2922305359097663e-06, 1.7124488067565835e-06, 1.6107509281937382e-06, 2.029622464760905e-06, 1.418213059878326e-06, 1.0664205092325574e-06, 1.3279525319376262e-06, 1.467737888560805e-06, 1.7079975123124314e-06, 1.7967313397093676e-06, 1.5500955896641244e-06, 1.6885123841348104e-06, 1.925900960486615e-06, 2.1708719941671006e-06, 2.42646910919575e-06, 2.6267668999935267e-06, 3.036481984963757e-06, 2.888252993216156e-06, 2.8950730666110758e-06, 2.440471689624246e-06, 1.9146641534462105e-06, 1.973274493138888e-06, 1.7315486502411659e-06, 1.6573306993450387e-06, 1.4028522627995699e-06, 1.5557660617560032e-06, 1.323287278864882e-06, 1.3058577224001056e-06, 1.1855244110847707e-06, 1.0328866437703255e-06, 1.020980448629416e-06, 8.960149671111139e-07, 8.992627726911451e-07, 7.396500336653844e-07, 7.526475087615836e-07, 6.653546620327688e-07, 6.326887955765415e-07, 5.360799377740477e-07, 4.282417762624391e-07, 3.6474648368312046e-07, 3.690114454002469e-07, 2.6548607934273605e-07, 1.6279587100598292e-07, 9.731887473662937e-08, 4.2241975251045005e-08, 4.82950213154254e-09, 1.4530880665386547e-10, 1.1929610077565656e-11, 1.0486503158879668e-11, 6.08031723928204e-12, 5.275219063655134e-12, 5.176606105578019e-12, 5.046965016047844e-12, 4.876362768441167e-12, 4.7771448255518045e-12, 4.741856213241746e-12], "lowlevel.melbands128.stdev": [0.002678074175491929, 0.023064356297254562, 0.026663895696401596, 0.011112532578408718, 0.0030110585503280163, 0.002185491845011711, 0.0034267546143382788, 0.003691968973726034, 0.0038517643697559834, 0.0038761806208640337, 0.0022164680995047092, 0.002345655346289277, 0.0020616359543055296, 0.0014454128686338663, 0.001119051594287157, 0.0014587061014026403, 0.0015575008001178503, 0.002074181567877531, 0.0014700235333293676, 0.0005685159703716636, 0.0004941472434438765, 0.00039103039307519794, 0.0008444510749541223, 0.0009825407760217786, 0.0010122128296643496, 0.00038335970020852983, 0.0004575209168251604, 0.0008881203248165548, 0.00040286738658323884, 0.000426705926656723, 0.0001719043357297778, 0.0001146452414104715, 0.00012557479203678668, 0.0002549091586843133, 0.00017443165415897965, 0.00011710749822668731, 0.00010463558282935992, 8.384067768929526e-05, 7.185912545537576e-05, 7.837048906367272e-05, 4.097982309758663e-05, 3.837197436951101e-05, 6.080927778384648e-05, 8.339195483131334e-05, 4.179813549853861e-05, 4.791028186446056e-05, 8.19759297883138e-05, 2.0587292965501547e-05, 2.359045174671337e-05, 4.0140701457858086e-05, 2.530239726183936e-05, 1.607481863175053e-05, 2.3738968593534082e-05, 2.1083091269247234e-05, 2.617972313601058e-05, 2.7886391762876883e-05, 1.906188299471978e-05, 2.7690999559126794e-05, 3.437792111071758e-05, 2.7938571292907e-05, 1.3837696315022185e-05, 1.7738781025400385e-05, 1.2010616956104059e-05, 1.5991239706636406e-05, 1.0844042662938591e-05, 1.527695894765202e-05, 1.7732958440319635e-05, 1.812210939533543e-05, 1.2884080206276849e-05, 1.0080360880238004e-05, 7.730574907327536e-06, 9.567615961714182e-06, 6.255293556023389e-06, 1.0302650480298325e-05, 6.872121502965456e-06, 1.0765208571683615e-05, 6.85895520291524e-06, 4.350545168563258e-06, 4.969735073245829e-06, 5.43165242561372e-06, 7.100263246684335e-06, 7.239667866087984e-06, 6.297729214566061e-06, 5.951365892542526e-06, 6.8131043917674106e-06, 7.974288564582821e-06, 7.937883310660254e-06, 9.202982255374081e-06, 1.121588320529554e-05, 1.0172334441449493e-05, 1.0421129445603583e-05, 9.826303539739456e-06, 7.89997102401685e-06, 7.907702638476621e-06, 6.937541002116632e-06, 6.638650575041538e-06, 5.21944366482785e-06, 7.737150554021355e-06, 5.404188868851634e-06, 5.11355756316334e-06, 4.571042154566385e-06, 3.7883251025050413e-06, 3.538250894052908e-06, 3.2388759336754447e-06, 3.6315245779405814e-06, 3.2038160497904755e-06, 2.781154535114183e-06, 2.4634246074128896e-06, 2.5572869617462857e-06, 2.4930661766120465e-06, 1.6814960872579832e-06, 1.6575077097513713e-06, 1.7671115983830532e-06, 1.311899950451334e-06, 7.680420708311431e-07, 5.032416083849967e-07, 2.4581478896834597e-07, 3.3894703932446646e-08, 2.383815367323905e-09, 9.126645966750502e-11, 1.0459328542156143e-10, 2.3199976662002797e-11, 1.37614104139816e-11, 1.3532525794390793e-11, 1.3340004448303411e-11, 1.3173876052541278e-11, 1.3060934278552594e-11, 1.2989893882764392e-11], "lowlevel.mfcc.mean": [-789.2291870117188, 126.66011047363281, 40.21799087524414, 24.989755630493164, 4.284318923950195, 5.010007858276367, -6.250189304351807, 0.6896145939826965, -15.918675422668457, -3.127363681793213, -16.873455047607422, -16.479732513427734, -6.44552755355835], "lowlevel.spectral_contrast_coeffs.mean": [-0.563852846622467, -0.7318469882011414, -0.7705795168876648, -0.8040304780006409, -0.79283607006073, -0.7867906093597412], "lowlevel.spectral_contrast_coeffs.stdev": [0.10795032232999802, 0.11118857562541962, 0.07673510909080505, 0.06455934047698975, 0.07240258157253265, 0.05350460484623909], "lowlevel.spectral_contrast_valleys.mean": [-8.073356628417969, -8.310775756835938, -9.131232261657715, -9.488021850585938, -9.375341415405273, -11.452913284301758], "lowlevel.spectral_contrast_valleys.stdev": [1.2998864650726318, 1.429117202758789, 1.5222457647323608, 1.4427030086517334, 1.3042807579040527, 1.5810974836349487], "rhythm.beats_loudness_band_ratio.mean": [0.43583840131759644, 0.30394819378852844, 0.1438097208738327, 0.06915294378995895, 0.0407455675303936, 0.09549335390329361], "rhythm.beats_loudness_band_ratio.stdev": [0.3295431435108185, 0.26917168498039246, 0.18330654501914978, 0.11844459176063538, 0.08154208958148956, 0.184604212641716], "tonal.hpcp.mean": [0.14334478974342346, 0.05677396059036255, 0.036982547491788864, 0.030069783329963684, 0.04112894833087921, 0.07451137155294418, 0.07332543283700943, 0.09405124932527542, 0.1851472109556198, 0.14725200831890106, 0.046235281974077225, 0.03012826479971409, 0.03673560172319412, 0.061958152800798416, 0.1114785224199295, 0.1092076525092125, 0.06146680936217308, 0.04892836883664131, 0.05624070018529892, 0.14045286178588867, 0.22246643900871277, 0.14229418337345123, 0.04703965038061142, 0.029383039101958275, 0.0236868504434824, 0.02018970623612404, 0.02391815185546875, 0.037731073796749115, 0.10958641767501831, 0.19133174419403076, 0.15893101692199707, 0.12698142230510712, 0.14067573845386505, 0.11199863255023956, 0.09396124631166458, 0.1591080278158188], "tonal.hpcp.stdev": [0.2994558811187744, 0.16448096930980682, 0.14217083156108856, 0.11242768913507462, 0.12881241738796234, 0.1967984288930893, 0.19324079155921936, 0.19772639870643616, 0.3399145007133484, 0.2785518169403076, 0.15635327994823456, 0.11725391447544098, 0.13302133977413177, 0.1851193904876709, 0.2614501714706421, 0.25396406650543213, 0.17621755599975586, 0.15881165862083435, 0.1793212890625, 0.24909448623657227, 0.3467090427875519, 0.2440754920244217, 0.14299353957176208, 0.10023882240056992, 0.09006696194410324, 0.09269252419471741, 0.08953282982110977, 0.13292738795280457, 0.22259117662906647, 0.3301534950733185, 0.2734304666519165, 0.27198001742362976, 0.29051363468170166, 0.25440117716789246, 0.21416506171226501, 0.3043369948863983], "rhythm.beats_position": [0.7082086205482483, 1.4396371841430664, 2.18267560005188, 2.9257142543792725, 3.6571428775787354, 4.400181293487549, 5.073559761047363, 5.735328674316406, 6.3854875564575195, 7.058866024017334, 7.732244968414307, 8.405623435974121, 9.079002380371094, 9.75238037109375, 10.402539253234863, 11.052698135375977, 11.72607707977295, 12.213695526123047, 12.678094863891602, 13.142494201660156, 13.595283508300781, 14.05968189239502, 14.524081230163574, 14.9768705368042, 15.464489936828613, 15.940498352050781, 16.428117752075195, 16.90412712097168, 17.391746520996094, 17.867753982543945, 18.34376335144043, 18.831382751464844, 19.319002151489258, 19.806621551513672, 20.282630920410156, 20.758638381958008, 21.246257781982422, 21.733877182006836, 22.20988655090332, 22.709115982055664, 23.185123443603516, 23.6611328125, 24.148752212524414, 24.636371612548828, 25.123991012573242, 25.611610412597656, 26.099227905273438, 26.58684730529785, 27.062856674194336], "rhythm.bpm_histogram": [0.0, 0.0, 0.0, 0.0, 0.0, 0.0, 0.0, 0.0, 0.0, 0.0, 0.0, 0.0, 0.0, 0.0, 0.0, 0.0, 0.0, 0.0, 0.0, 0.0, 0.0, 0.0, 0.0, 0.0, 0.0, 0.0, 0.0, 0.0, 0.0, 0.0, 0.0, 0.0, 0.0, 0.0, 0.0, 0.0, 0.0, 0.0, 0.0, 0.0, 0.0, 0.0, 0.0, 0.0, 0.0, 0.0, 0.0, 0.0, 0.0, 0.0, 0.0, 0.0, 0.0, 0.0, 0.0, 0.0, 0.0, 0.0, 0.0, 0.0, 0.0, 0.0, 0.0, 0.0, 0.0, 0.0, 0.0, 0.0, 0.0, 0.0, 0.0, 0.0, 0.0, 0.0, 0.0, 0.0, 0.0, 0.0, 0.0, 0.0, 0.0, 0.0625, 0.0416666679084301, 0.0, 0.0, 0.0, 0.0, 0.0, 0.0, 0.1458333283662796, 0.0, 0.02083333395421505, 0.0625, 0.0, 0.0, 0.0, 0.0, 0.0, 0.0, 0.0, 0.0, 0.0, 0.0, 0.0, 0.0, 0.0, 0.0, 0.0, 0.0, 0.0, 0.0, 0.0, 0.0, 0.0, 0.0, 0.0, 0.0, 0.0, 0.0, 0.0, 0.02083333395421505, 0.0, 0.0, 0.3125, 0.0, 0.0, 0.2083333283662796, 0.0, 0.0, 0.0833333358168602, 0.0, 0.0, 0.0, 0.0416666679084301, 0.0, 0.0, 0.0, 0.0, 0.0, 0.0, 0.0, 0.0, 0.0, 0.0, 0.0, 0.0, 0.0, 0.0, 0.0, 0.0, 0.0, 0.0, 0.0, 0.0, 0.0, 0.0, 0.0, 0.0, 0.0, 0.0, 0.0, 0.0, 0.0, 0.0, 0.0, 0.0, 0.0, 0.0, 0.0, 0.0, 0.0, 0.0, 0.0, 0.0, 0.0, 0.0, 0.0, 0.0, 0.0, 0.0, 0.0, 0.0, 0.0, 0.0, 0.0, 0.0, 0.0, 0.0, 0.0, 0.0, 0.0, 0.0, 0.0, 0.0, 0.0, 0.0, 0.0, 0.0, 0.0, 0.0, 0.0, 0.0, 0.0, 0.0, 0.0, 0.0, 0.0, 0.0, 0.0, 0.0, 0.0, 0.0, 0.0, 0.0, 0.0, 0.0, 0.0, 0.0, 0.0, 0.0, 0.0, 0.0, 0.0, 0.0, 0.0, 0.0, 0.0, 0.0, 0.0, 0.0, 0.0, 0.0, 0.0, 0.0, 0.0, 0.0, 0.0, 0.0, 0.0, 0.0, 0.0, 0.0, 0.0, 0.0, 0.0, 0.0, 0.0, 0.0, 0.0, 0.0], "tonal.chords_histogram": [0.0, 0.33388981223106384, 10.684473991394043, 10.684473991394043, 0.0, 0.5008347034454346, 0.0, 0.0, 1.168614387512207, 22.87145233154297, 34.0567626953125, 8.848079681396484, 4.841402530670166, 0.8347245454788208, 1.83639395236969, 0.0, 0.33388981223106384, 0.0, 3.0050084590911865, 0.0, 0.0, 0.0, 0.0, 0.0], "tonal.thpcp": [1.0, 0.6396209001541138, 0.21144604682922363, 0.13207852840423584, 0.10647381842136383, 0.0907539427280426, 0.10751353204250336, 0.16960343718528748, 0.4925975203514099, 0.8600476980209351, 0.7144044637680054, 0.570789098739624, 0.6323459148406982, 0.5034405589103699, 0.42236143350601196, 0.7152001261711121, 0.6443434357643127, 0.25520235300064087, 0.16623876988887787, 0.1351654827594757, 0.18487709760665894, 0.3349331021308899, 0.3296022117137909, 0.4227660000324249, 0.8322478532791138, 0.6619065999984741, 0.20783036947250366, 0.13542835414409637, 0.16512873768806458, 0.2785056233406067, 0.5011026263237, 0.49089494347572327, 0.276297003030777, 0.21993595361709595, 0.25280532240867615, 0.6313440203666687], "lowlevel.gfcc.cov": [[16161.0732421875, -1867.7288818359375, -827.4226684570312, -250.88340759277344, -590.632568359375, 255.78443908691406, -264.66864013671875, 1066.6185302734375, 836.1875, 882.7053833007812, -12.549066543579102, 405.8520812988281, -767.18359375], [-1867.7288818359375, 3919.596923828125, -147.8644256591797, -859.3473510742188, 380.85546875, -534.607666015625, 246.59910583496094, -248.67579650878906, 349.4259338378906, -506.15069580078125, 279.7765197753906, -201.86705017089844, 157.568359375], [-827.4226684570312, -147.8644256591797, 1712.408203125, 622.7011108398438, 142.30213928222656, 241.8472442626953, 86.11746215820312, 6.5868682861328125, 23.932531356811523, 41.72394943237305, 50.453983306884766, 74.49065399169922, 163.61546325683594], [-250.88340759277344, -859.3473510742188, 622.7011108398438, 1011.7948608398438, 208.4124755859375, 162.0981903076172, -62.216835021972656, 7.888825416564941, 17.576557159423828, 139.21734619140625, -5.229678153991699, 60.24116134643555, 163.12025451660156], [-590.632568359375, 380.85546875, 142.30213928222656, 208.4124755859375, 608.0081787109375, 102.05599975585938, 106.14305877685547, 28.604570388793945, 142.31446838378906, 53.05288314819336, 91.99584197998047, 34.37669372558594, 132.50296020507812], [255.78443908691406, -534.607666015625, 241.8472442626953, 162.0981903076172, 102.05599975585938, 530.0689697265625, 283.9954528808594, 160.5553741455078, 37.22677993774414, 122.99639129638672, 47.738399505615234, 76.96508026123047, 33.952388763427734], [-264.66864013671875, 246.59910583496094, 86.11746215820312, -62.216835021972656, 106.14305877685547, 283.9954528808594, 592.3933715820312, 201.27194213867188, 42.23076629638672, 0.0055197011679410934, 102.35184478759766, 3.0536985397338867, 48.35200119018555], [1066.6185302734375, -248.67579650878906, 6.5868682861328125, 7.888825416564941, 28.604570388793945, 160.5553741455078, 201.27194213867188, 362.16461181640625, 165.54359436035156, 151.7624969482422, 20.10366439819336, 44.1639518737793, -43.567771911621094], [836.1875, 349.4259338378906, 23.932531356811523, 17.576557159423828, 142.31446838378906, 37.22677993774414, 42.23076629638672, 165.54359436035156, 372.92413330078125, 118.90554809570312, 64.099853515625, 24.73357391357422, 10.265493392944336], [882.7053833007812, -506.15069580078125, 41.72394943237305, 139.21734619140625, 53.05288314819336, 122.99639129638672, 0.0055197011679410934, 151.7624969482422, 118.90554809570312, 319.0198974609375, 45.583580017089844, 80.09259033203125, -51.42000198364258], [-12.549066543579102, 279.7765197753906, 50.453983306884766, -5.229678153991699, 91.99584197998047, 47.738399505615234, 102.35184478759766, 20.10366439819336, 64.099853515625, 45.583580017089844, 169.36053466796875, 56.028995513916016, 29.70830535888672], [405.8520812988281, -201.86705017089844, 74.49065399169922, 60.24116134643555, 34.37669372558594, 76.96508026123047, 3.0536985397338867, 44.1639518737793, 24.73357391357422, 80.09259033203125, 56.028995513916016, 152.0899200439453, 25.94934844970703], [-767.18359375, 157.568359375, 163.61546325683594, 163.12025451660156, 132.50296020507812, 33.952388763427734, 48.35200119018555, -43.567771911621094, 10.265493392944336, -51.42000198364258, 29.70830535888672, 25.94934844970703, 187.68788146972656]], "lowlevel.gfcc.icov": [[0.00012297990906517953, -4.85032705910271e-06, 4.780876770382747e-05, -5.382177550927736e-05, 0.00010112619202118367, -4.1495015466352925e-05, 9.632176806917414e-05, -0.00022050122788641602, -0.00021576751896645874, -1.9959941255365266e-06, 4.267405529390089e-05, -0.0003280225791968405, 0.0004218245449010283], [-4.85032705910271e-06, 0.0013747344492003322, -0.0003229579597245902, 0.0010907824616879225, -0.0006912972894497216, 0.0012681070948019624, -0.0007268995395861566, 0.0008925158763304353, -0.00170779915060848, 0.001497260993346572, -0.0018088824581354856, 0.0010826740181073546, -0.0005470954347401857], [4.780876770382747e-05, -0.0003229579597245902, 0.0009009273489937186, -0.0007463871734216809, 0.0002930387854576111, -0.0005469211027957499, 0.00015742362302262336, -0.000209087083931081, 0.00022248750610742718, -0.0001528324355604127, 0.00027731890440918505, -0.0005096044624224305, 0.00010535297769820318], [-5.382177550927736e-05, 0.0010907824616879225, -0.0007463871734216809, 0.002643608022481203, -0.0008846091222949326, 0.0007350657833740115, -0.00010282725997967646, 0.0006454709218814969, -0.0009092194377444685, 0.00020990399934817106, -0.0010358230210840702, 0.0013169990852475166, -0.00202568038366735], [0.00010112619202118367, -0.0006912972894497216, 0.0002930387854576111, -0.0008846091222949326, 0.002769710961729288, -0.0008338978514075279, 0.00021584898058790714, -0.00029039516812190413, -9.91252381936647e-05, -0.0009993420680984855, 0.0002732762659434229, -0.0005509774782694876, -0.0006558730383403599], [-4.1495015466352925e-05, 0.0012681070948019624, -0.0005469211027957499, 0.0007350657833740115, -0.0008338978514075279, 0.0045297760516405106, -0.0023856537882238626, 0.0007646785234101117, -0.0012688927818089724, 0.0004640029219444841, -0.0009026078623719513, -0.000131399545352906, -0.00047735634143464267], [9.632176806917414e-05, -0.0007268995395861566, 0.00015742362302262336, -0.00010282725997967646, 0.00021584898058790714, -0.0023856537882238626, 0.004319048020988703, -0.003077184781432152, 0.00161448132712394, 0.00023586492170579731, -0.001424166257493198, 0.0009335383074358106, -0.0005190211813896894], [-0.00022050122788641602, 0.0008925158763304353, -0.000209087083931081, 0.0006454709218814969, -0.00029039516812190413, 0.0007646785234101117, -0.003077184781432152, 0.007134646642953157, -0.003055259119719267, -0.0007546304841525853, 0.0009180159540846944, -0.00021187259699217975, 0.0003306205035187304], [-0.00021576751896645874, -0.00170779915060848, 0.00022248750610742718, -0.0009092194377444685, -9.91252381936647e-05, -0.0012688927818089724, 0.00161448132712394, -0.003055259119719267, 0.00686829537153244, -0.002662471029907465, 0.0007020533666945994, 0.00026474622427485883, -0.0009303951519541442], [-1.9959941255365266e-06, 0.001497260993346572, -0.0001528324355604127, 0.00020990399934817106, -0.0009993420680984855, 0.0004640029219444841, 0.00023586492170579731, -0.0007546304841525853, -0.002662471029907465, 0.007699731737375259, -0.003282087156549096, -0.0005508323665708303, 0.0019220439717173576], [4.267405529390089e-05, -0.0018088824581354856, 0.00027731890440918505, -0.0010358230210840702, 0.0002732762659434229, -0.0009026078623719513, -0.001424166257493198, 0.0009180159540846944, 0.0007020533666945994, -0.003282087156549096, 0.011750401929020882, -0.004932018928229809, 0.0007862564525566995], [-0.0003280225791968405, 0.0010826740181073546, -0.0005096044624224305, 0.0013169990852475166, -0.0005509774782694876, -0.000131399545352906, 0.0009335383074358106, -0.00021187259699217975, 0.00026474622427485883, -0.0005508323665708303, -0.004932018928229809, 0.011563246138393879, -0.0038104690611362457], [0.0004218245449010283, -0.0005470954347401857, 0.00010535297769820318, -0.00202568038366735, -0.0006558730383403599, -0.00047735634143464267, -0.0005190211813896894, 0.0003306205035187304, -0.0009303951519541442, 0.0019220439717173576, 0.0007862564525566995, -0.0038104690611362457, 0.010919883847236633]], "lowlevel.mfcc.cov": [[16529.44921875, -1538.8653564453125, -879.121337890625, -687.2327880859375, -365.1525573730469, -480.343017578125, -969.220947265625, 283.1700439453125, -162.5506591796875, 1048.793701171875, 475.21185302734375, 230.51658630371094, 859.2099609375], [-1538.8653564453125, 4040.116943359375, -561.1504516601562, -324.7481994628906, -114.12042999267578, -322.1346740722656, -209.1042938232422, 262.7319641113281, -217.45252990722656, 63.08828353881836, -49.626251220703125, -105.14769744873047, 184.2762908935547], [-879.121337890625, -561.1504516601562, 1595.189453125, 394.52215576171875, 181.1200408935547, 251.4517364501953, 197.98110961914062, 12.39298152923584, 153.73817443847656, -36.58643341064453, -18.446300506591797, 70.9768295288086, -8.072037696838379], [-687.2327880859375, -324.7481994628906, 394.52215576171875, 706.438720703125, 350.8172607421875, 139.5606231689453, 19.661800384521484, -87.40641784667969, 120.08109283447266, -54.74348831176758, -19.286911010742188, -11.372575759887695, 2.434432029724121], [-365.1525573730469, -114.12042999267578, 181.1200408935547, 350.8172607421875, 607.1912231445312, 188.5591583251953, -59.55883026123047, -45.01806640625, 91.65332794189453, 0.2004021853208542, 16.810752868652344, 14.513562202453613, 22.9648380279541], [-480.343017578125, -322.1346740722656, 251.4517364501953, 139.5606231689453, 188.5591583251953, 399.97796630859375, 227.60977172851562, 58.31682586669922, 115.5904312133789, 1.1350361108779907, 53.1225700378418, 79.81492614746094, -37.25617980957031], [-969.220947265625, -209.1042938232422, 197.98110961914062, 19.661800384521484, -59.55883026123047, 227.60977172851562, 576.0515747070312, 158.27003479003906, 137.95008850097656, -24.291757583618164, 41.879459381103516, 107.43595123291016, -65.53016662597656], [283.1700439453125, 262.7319641113281, 12.39298152923584, -87.40641784667969, -45.01806640625, 58.31682586669922, 158.27003479003906, 319.2369689941406, 99.77294921875, 145.0952606201172, 48.91751480102539, 46.1431999206543, 73.64273834228516], [-162.5506591796875, -217.45252990722656, 153.73817443847656, 120.08109283447266, 91.65332794189453, 115.5904312133789, 137.95008850097656, 99.77294921875, 276.76422119140625, 114.02397155761719, 46.60944747924805, 59.26103210449219, 20.16217803955078], [1048.793701171875, 63.08828353881836, -36.58643341064453, -54.74348831176758, 0.2004021853208542, 1.1350361108779907, -24.291757583618164, 145.0952606201172, 114.02397155761719, 394.39697265625, 163.0878143310547, 36.571800231933594, 103.1750717163086], [475.21185302734375, -49.626251220703125, -18.446300506591797, -19.286911010742188, 16.810752868652344, 53.1225700378418, 41.879459381103516, 48.91751480102539, 46.60944747924805, 163.0878143310547, 220.10098266601562, 90.83424377441406, 36.16170120239258], [230.51658630371094, -105.14769744873047, 70.9768295288086, -11.372575759887695, 14.513562202453613, 79.81492614746094, 107.43595123291016, 46.1431999206543, 59.26103210449219, 36.571800231933594, 90.83424377441406, 163.58978271484375, 73.06424713134766], [859.2099609375, 184.2762908935547, -8.072037696838379, 2.434432029724121, 22.9648380279541, -37.25617980957031, -65.53016662597656, 73.64273834228516, 20.16217803955078, 103.1750717163086, 36.16170120239258, 73.06424713134766, 267.36505126953125]], "lowlevel.mfcc.icov": [[0.00012203032383695245, 0.0001011883796309121, 4.0186085243476555e-05, 4.2261315684299916e-05, 4.3837189878104255e-05, 2.37386702792719e-05, 0.00020524210412986577, -0.00015591572446282953, 0.0001782249310053885, -0.00021946908964309841, -3.5145531001035124e-05, -0.00010608965385472402, -0.00026328369858674705], [0.0001011883796309121, 0.00040623630047775805, 8.61993248690851e-05, 8.696277654962614e-05, -6.920419400557876e-05, 0.00020775287703145295, 0.00018602871568873525, -0.0005354997701942921, 0.000385863590054214, -0.00010065043898066506, -6.273502367548645e-05, 0.00011149788770126179, -0.0003876172995660454], [4.0186085243476555e-05, 8.61993248690851e-05, 0.000825284980237484, -0.000402504694648087, 0.00010791655950015411, -0.00027988728834316134, 5.631169187836349e-06, -0.00010599101369734854, 7.410816579067614e-06, -0.00013486947864294052, 0.0002990475622937083, -0.0003397133550606668, -7.379397720796987e-05], [4.2261315684299916e-05, 8.696277654962614e-05, -0.000402504694648087, 0.002574444282799959, -0.0011726131197065115, 6.421370926545933e-05, -0.00021816672233399004, 0.0006837296532467008, -0.0008785632671788335, 0.00043270326568745077, -0.00040289395838044584, 0.0011405047262087464, -0.000721377320587635], [4.3837189878104255e-05, -6.920419400557876e-05, 0.00010791655950015411, -0.0011726131197065115, 0.002966727130115032, -0.0015254960162565112, 0.0010494322050362825, 8.463748235953972e-05, -0.00041679071728140116, 1.459770373912761e-05, -9.912163659464568e-05, -0.0001613595668459311, -0.00022943768999539316], [2.37386702792719e-05, 0.00020775287703145295, -0.00027988728834316134, 6.421370926545933e-05, -0.0015254960162565112, 0.00477241538465023, -0.0013656560331583023, -0.0005382781964726746, -0.00013370919623412192, 0.0001373755803797394, -0.0004757286515086889, -0.0009297842625528574, 0.0006565802614204586], [0.00020524210412986577, 0.00018602871568873525, 5.631169187836349e-06, -0.00021816672233399004, 0.0010494322050362825, -0.0013656560331583023, 0.003917827736586332, -0.0018982610199600458, -0.0005374965257942677, 0.0005107075558044016, -0.00012256881745997816, -0.0018529172521084547, 0.000783418829087168], [-0.00015591572446282953, -0.0005354997701942921, -0.00010599101369734854, 0.0006837296532467008, 8.463748235953972e-05, -0.0005382781964726746, -0.0018982610199600458, 0.006069407798349857, -0.00137944589368999, -0.0014430357841774821, 0.0006549572572112083, 0.000647699402179569, -0.0009632707224227488], [0.0001782249310053885, 0.000385863590054214, 7.410816579067614e-06, -0.0008785632671788335, -0.00041679071728140116, -0.00013370919623412192, -0.0005374965257942677, -0.00137944589368999, 0.006551067810505629, -0.0025011447723954916, 0.0012941592140123248, -0.0018629503902047873, 0.00024013055372051895], [-0.00021946908964309841, -0.00010065043898066506, -0.00013486947864294052, 0.00043270326568745077, 1.459770373912761e-05, 0.0001373755803797394, 0.0005107075558044016, -0.0014430357841774821, -0.0025011447723954916, 0.006356789264827967, -0.004491404630243778, 0.002815110841766, -0.001119093969464302], [-3.5145531001035124e-05, -6.273502367548645e-05, 0.0002990475622937083, -0.00040289395838044584, -9.912163659464568e-05, -0.0004757286515086889, -0.00012256881745997816, 0.0006549572572112083, 0.0012941592140123248, -0.004491404630243778, 0.00968849752098322, -0.005646258592605591, 0.0017688750522211194], [-0.00010608965385472402, 0.00011149788770126179, -0.0003397133550606668, 0.0011405047262087464, -0.0001613595668459311, -0.0009297842625528574, -0.0018529172521084547, 0.000647699402179569, -0.0018629503902047873, 0.002815110841766, -0.005646258592605591, 0.013156039640307426, -0.004282207693904638], [-0.00026328369858674705, -0.0003876172995660454, -7.379397720796987e-05, -0.000721377320587635, -0.00022943768999539316, 0.0006565802614204586, 0.000783418829087168, -0.0009632707224227488, 0.00024013055372051895, -0.001119093969464302, 0.0017688750522211194, -0.004282207693904638, 0.0067710536532104015]], "metadata.audio_properties.analysis.downmix": "mix", "metadata.audio_properties.codec": "mp3", "metadata.audio_properties.md5_encoded": "60c6706c90f117eb9df2b317b2661360", "metadata.tags.file_name": "1182283305660469319.mp3", "metadata.version.essentia": "2.1-beta6-dev", "metadata.version.essentia_git_sha": "v2.1_beta5-1110-g77a6a954", "metadata.version.extractor": "music 2.0", "tonal.chords_key": "B", "tonal.chords_scale": "major", "tonal.key_edma.key": "A", "tonal.key_edma.scale": "minor", "tonal.key_krumhansl.key": "C", "tonal.key_krumhansl.scale": "major", "tonal.key_temperley.key": "C", "tonal.key_temperley.scale": "major", "metadata.tags.encoding": ["Lavf58.45.100"]}, "essentia_models": [{"model_name": "genre_dortmund", "activations": 