{"song_id": "1182285620312285274", "download": "https://cdn.discordapp.com/attachments/1135911532732108921/1182285620312285274/chirp.mp4?ex=65842449&amp", "lyrics": "FATTO E DIRETTO DA ZAC\nFATTO E DIRETTO DA ZAC\nFATTO E DIRETTO DA ZAC\nFATTO E DIRETTO DA ZAC\nFATTO E DIRETTO DA ZAC\nFATTO E DIRETTO DA ZAC\nFATTO E DIRETTO DA ZAC\nFATTO E DIRETTO DA ZAC", "style": ["techno"], "essentia_features": {"lowlevel.average_loudness": 0.9875807166099548, "lowlevel.barkbands_crest.mean": 11.764214515686035, "lowlevel.barkbands_crest.stdev": 7.009793281555176, "lowlevel.barkbands_flatness_db.mean": 0.11501836031675339, "lowlevel.barkbands_flatness_db.stdev": 0.08369652181863785, "lowlevel.barkbands_kurtosis.mean": 11.285107612609863, "lowlevel.barkbands_kurtosis.stdev": 25.089733123779297, "lowlevel.barkbands_skewness.mean": 1.8890397548675537, "lowlevel.barkbands_skewness.stdev": 2.8313000202178955, "lowlevel.barkbands_spread.mean": 35.312339782714844, "lowlevel.barkbands_spread.stdev": 19.639402389526367, "lowlevel.dissonance.mean": 0.4873902499675751, "lowlevel.dissonance.stdev": 0.010513638146221638, "lowlevel.dynamic_complexity": 1.7051489353179932, "lowlevel.erbbands_crest.mean": 8.900135040283203, "lowlevel.erbbands_crest.stdev": 2.762834072113037, "lowlevel.erbbands_flatness_db.mean": 0.13581962883472443, "lowlevel.erbbands_flatness_db.stdev": 0.01924215815961361, "lowlevel.erbbands_kurtosis.mean": -0.24171969294548035, "lowlevel.erbbands_kurtosis.stdev": 1.0392024517059326, "lowlevel.erbbands_skewness.mean": -0.41542086005210876, "lowlevel.erbbands_skewness.stdev": 0.5575434565544128, "lowlevel.erbbands_spread.mean": 52.65837478637695, "lowlevel.erbbands_spread.stdev": 26.881271362304688, "lowlevel.hfc.mean": 39.83246994018555, "lowlevel.hfc.stdev": 13.118236541748047, "lowlevel.loudness_ebu128.integrated": -12.827043533325195, "lowlevel.loudness_ebu128.loudness_range": 0.26381874084472656, "lowlevel.loudness_ebu128.momentary.mean": -12.848995208740234, "lowlevel.loudness_ebu128.momentary.stdev": 0.4451819360256195, "lowlevel.loudness_ebu128.short_term.mean": -12.811826705932617, "lowlevel.loudness_ebu128.short_term.stdev": 0.095260851085186, "lowlevel.melbands_crest.mean": 15.745281219482422, "lowlevel.melbands_crest.stdev": 6.578281402587891, "lowlevel.melbands_flatness_db.mean": 0.1848536878824234, "lowlevel.melbands_flatness_db.stdev": 0.1114882379770279, "lowlevel.melbands_kurtosis.mean": 49.46858215332031, "lowlevel.melbands_kurtosis.stdev": 91.42185974121094, "lowlevel.melbands_skewness.mean": 4.302284240722656, "lowlevel.melbands_skewness.stdev": 4.608144283294678, "lowlevel.melbands_spread.mean": 46.79801559448242, "lowlevel.melbands_spread.stdev": 36.3138313293457, "lowlevel.pitch_salience.mean": 0.4565255343914032, "lowlevel.pitch_salience.stdev": 0.21381694078445435, "lowlevel.silence_rate_20dB.mean": 1.0, "lowlevel.silence_rate_20dB.stdev": 0.0, "lowlevel.silence_rate_30dB.mean": 0.6747663617134094, "lowlevel.silence_rate_30dB.stdev": 0.4684600234031677, "lowlevel.silence_rate_60dB.mean": 0.0028037382289767265, "lowlevel.silence_rate_60dB.stdev": 0.052876122295856476, "lowlevel.spectral_centroid.mean": 2397.158203125, "lowlevel.spectral_centroid.stdev": 831.6387939453125, "lowlevel.spectral_complexity.mean": 26.898130416870117, "lowlevel.spectral_complexity.stdev": 5.70258903503418, "lowlevel.spectral_decrease.mean": -2.164322587816514e-08, "lowlevel.spectral_decrease.stdev": 3.009889226746054e-08, "lowlevel.spectral_energy.mean": 0.08529947698116302, "lowlevel.spectral_energy.stdev": 0.11409009993076324, "lowlevel.spectral_energyband_high.mean": 0.002703170757740736, "lowlevel.spectral_energyband_high.stdev": 0.0014051352627575397, "lowlevel.spectral_energyband_low.mean": 0.0701741874217987, "lowlevel.spectral_energyband_low.stdev": 0.1147656962275505, "lowlevel.spectral_energyband_middle_high.mean": 0.0065262713469564915, "lowlevel.spectral_energyband_middle_high.stdev": 0.003552100621163845, "lowlevel.spectral_energyband_middle_low.mean": 0.00702998973429203, "lowlevel.spectral_energyband_middle_low.stdev": 0.013784454204142094, "lowlevel.spectral_entropy.mean": 7.793003559112549, "lowlevel.spectral_entropy.stdev": 0.18496502935886383, "lowlevel.spectral_flux.mean": 0.19794972240924835, "lowlevel.spectral_flux.stdev": 0.13610677421092987, "lowlevel.spectral_kurtosis.mean": 2.9550843238830566, "lowlevel.spectral_kurtosis.stdev": 0.9714624285697937, "lowlevel.spectral_rms.mean": 0.007440852466970682, "lowlevel.spectral_rms.stdev": 0.005277564749121666, "lowlevel.spectral_rolloff.mean": 3096.23681640625, "lowlevel.spectral_rolloff.stdev": 2316.05615234375, "lowlevel.spectral_skewness.mean": 1.01406991481781, "lowlevel.spectral_skewness.stdev": 0.1654139757156372, "lowlevel.spectral_spread.mean": 4510225.0, "lowlevel.spectral_spread.stdev": 539784.4375, "lowlevel.spectral_strongpeak.mean": 1.1958138942718506, "lowlevel.spectral_strongpeak.stdev": 1.3053374290466309, "lowlevel.zerocrossingrate.mean": 0.10805618762969971, "lowlevel.zerocrossingrate.stdev": 0.05227275937795639, "metadata.audio_properties.analysis.equal_loudness": 0.0, "metadata.audio_properties.analysis.length": 24.810657501220703, "metadata.audio_properties.analysis.sample_rate": 44100.0, "metadata.audio_properties.analysis.start_time": 0.0, "metadata.audio_properties.bit_rate": 124359.0, "metadata.audio_properties.length": 24.810667037963867, "metadata.audio_properties.lossless": 0.0, "metadata.audio_properties.number_channels": 1.0, "metadata.audio_properties.replay_gain": -10.507896423339844, "metadata.audio_properties.sample_rate": 48000.0, "rhythm.beats_count": 43.0, "rhythm.beats_loudness.mean": 0.1498507857322693, "rhythm.beats_loudness.stdev": 0.07255948334932327, "rhythm.bpm": 106.56945037841797, "rhythm.bpm_histogram_first_peak_bpm": 108.0, "rhythm.bpm_histogram_first_peak_weight": 0.46341460943222046, "rhythm.bpm_histogram_second_peak_bpm": 103.0, "rhythm.bpm_histogram_second_peak_spread": 0.0, "rhythm.bpm_histogram_second_peak_weight": 0.02380952425301075, "rhythm.danceability": 5.826471328735352, "rhythm.onset_rate": 1.852318525314331, "tonal.chords_changes_rate": 0.06343283504247665, "tonal.chords_number_rate": 0.011194029822945595, "tonal.chords_strength.mean": 0.5730195045471191, "tonal.chords_strength.stdev": 0.10255246609449387, "tonal.hpcp_crest.mean": 10.949912071228027, "tonal.hpcp_crest.stdev": 4.7952046394348145, "tonal.hpcp_entropy.mean": 2.4556422233581543, "tonal.hpcp_entropy.stdev": 0.7831256985664368, "tonal.key_edma.strength": 0.41026830673217773, "tonal.key_krumhansl.strength": 0.4032999873161316, "tonal.key_temperley.strength": 0.3852347135543823, "tonal.tuning_diatonic_strength": 0.5304204225540161, "tonal.tuning_equal_tempered_deviation": 0.30091843008995056, "tonal.tuning_frequency": 443.3164367675781, "tonal.tuning_nontempered_energy_ratio": 0.9260305166244507, "lowlevel.barkbands.mean": [0.00026899907970800996, 0.05594676360487938, 0.012927345931529999, 0.003074509324505925, 0.0016186230350285769, 0.00015067835920490324, 0.000208020574063994, 0.0014190238434821367, 0.00039142483728937805, 0.0003602247452363372, 0.00030617357697337866, 0.0008928197785280645, 0.0009065595804713666, 0.0010263643926009536, 0.0005068696918897331, 0.00025671167531982064, 0.0002274058642797172, 0.00026021787198260427, 0.0013846051879227161, 0.0005106470780447125, 0.0003057509893551469, 0.0017860865918919444, 4.374780473881401e-05, 0.00021450848726090044, 8.305619849124923e-05, 0.0001646805030759424, 5.7704237406142056e-05], "lowlevel.barkbands.stdev": [0.0003648088313639164, 0.09637316316366196, 0.02532893419265747, 0.007870448753237724, 0.005933585111051798, 0.00031923959613777697, 0.00038964999839663506, 0.0027369018644094467, 0.000731932872440666, 0.0006443923921324313, 0.0006332305492833257, 0.001335430657491088, 0.001330313622020185, 0.001530474633909762, 0.0006668046116828918, 0.00019286533643025905, 0.0001509919238742441, 0.0001615036017028615, 0.0009509269148111343, 0.0003720525128301233, 0.00018942871247418225, 0.0010054373415187001, 4.836796142626554e-05, 0.00028597982600331306, 8.783646626397967e-05, 6.575975567102432e-05, 3.993299469584599e-05], "lowlevel.erbbands.mean": [0.7284754514694214, 15.113411903381348, 23.666555404663086, 8.952289581298828, 10.697789192199707, 3.1974165439605713, 1.419243335723877, 1.3128963708877563, 2.074413299560547, 15.85927677154541, 24.576698303222656, 9.66142463684082, 13.656238555908203, 6.897274971008301, 26.527759552001953, 30.915157318115234, 45.091026306152344, 49.46516036987305, 37.41383743286133, 21.571168899536133, 11.237957000732422, 13.219785690307617, 13.595955848693848, 33.782440185546875, 87.52873992919922, 20.68855094909668, 9.584229469299316, 21.87119483947754, 85.4681625366211, 13.746491432189941, 1.0335772037506104, 2.2369625568389893, 4.694334506988525, 1.6708306074142456, 0.058528561145067215, 0.03140975534915924, 0.3476211726665497, 0.2203204333782196, 0.00507974112406373, 0.0002016436483245343], "lowlevel.erbbands.stdev": [1.2162086963653564, 26.11856460571289, 42.4282112121582, 16.075138092041016, 35.808937072753906, 11.104156494140625, 3.301922082901001, 2.695950984954834, 3.8183062076568604, 26.36322021484375, 55.7551383972168, 19.14480972290039, 21.235897064208984, 7.555949687957764, 48.844573974609375, 39.300697326660156, 65.14002227783203, 62.78180694580078, 46.256534576416016, 20.28533172607422, 7.200236797332764, 8.226146697998047, 7.915914535522461, 20.17177391052246, 61.037193298339844, 11.58174991607666, 6.334187984466553, 10.948051452636719, 51.356773376464844, 9.620156288146973, 0.9461850523948669, 3.0504987239837646, 6.291972637176514, 1.7735888957977295, 0.058246977627277374, 0.018464768305420876, 0.15405714511871338, 0.09138485044240952, 0.0023147715255618095, 0.0001097677304642275], "lowlevel.gfcc.mean": [46.49089813232422, 37.21815490722656, -112.40847778320312, 40.15907287597656, -33.37138366699219, 19.1590518951416, -3.5771450996398926, 0.4879917502403259, -17.07067108154297, 6.823845386505127, -19.12359046936035, -6.912354469299316, -30.77357292175293], "lowlevel.melbands.mean": [0.011656449176371098, 0.015391852706670761, 0.0017528069438412786, 0.0004675661912187934, 5.696522930520587e-05, 2.929338916146662e-05, 3.131391349597834e-05, 0.00022680049005430192, 0.0001732039381749928, 5.689623867510818e-05, 6.830778875155374e-05, 2.6076209906022996e-05, 6.443759048124775e-05, 0.00010779686272144318, 7.035859016468748e-05, 9.763128036865965e-05, 9.594894800102338e-05, 6.673449388472363e-05, 3.7594618333969265e-05, 2.299456718901638e-05, 1.0783306606754195e-05, 1.327386598859448e-05, 1.3625288374896627e-05, 1.1654532499960624e-05, 2.701461926335469e-05, 5.5423646699637175e-05, 5.3680039854953066e-05, 5.135952960699797e-06, 4.3901072785956785e-06, 8.691295988683123e-06, 1.225261075887829e-05, 5.6670269259484485e-05, 2.2554746465175413e-05, 2.579900183263817e-06, 3.6840685879724333e-07, 2.0288673852064676e-07, 1.91935509974428e-06, 3.947660388803342e-06, 2.8567314984684344e-06, 7.645317054993939e-07], "lowlevel.melbands.stdev": [0.019795825704932213, 0.026272397488355637, 0.0035862564109265804, 0.0016363990725949407, 0.00014002443640492857, 6.102811676100828e-05, 5.960496127954684e-05, 0.0003861426084768027, 0.00039850594475865364, 0.00011154756793985143, 0.00011003347026417032, 3.4389522625133395e-05, 0.00012119627353968099, 0.00016226233856286854, 0.00013176113134250045, 0.00013884302461519837, 0.00013858215243089944, 9.387033060193062e-05, 4.718166746897623e-05, 1.952980710484553e-05, 7.618499694217462e-06, 9.282733117288444e-06, 9.952924301614985e-06, 6.936579211469507e-06, 1.7936255972017534e-05, 4.400062243803404e-05, 3.377376197022386e-05, 3.862464836856816e-06, 4.264941708242986e-06, 5.744947884522844e-06, 7.0930923357082065e-06, 3.344626384205185e-05, 1.610461731615942e-05, 2.7667447284329683e-06, 4.5702725515184284e-07, 3.105532755398599e-07, 2.724668092923821e-06, 5.82692155148834e-06, 3.0257274374889676e-06, 9.108586596084933e-07], "lowlevel.melbands128.mean": [0.00010857542656594887, 0.0019378201104700565, 0.016898250207304955, 0.029374441131949425, 0.017525728791952133, 0.0045673539862036705, 0.0013668789761140943, 0.00173714489210397, 0.0011118793627247214, 0.0003108620585408062, 0.00011685516801662743, 7.24008132237941e-05, 4.421529592946172e-05, 3.047775498998817e-05, 2.919911094068084e-05, 2.7843279895023443e-05, 2.9529704988817684e-05, 2.3326088921749033e-05, 3.920573726645671e-05, 0.00014540128177031875, 0.0003848259220831096, 0.00031979905907064676, 0.00012373071513138711, 5.2417617553146556e-05, 5.1047118176938966e-05, 6.142950587673113e-05, 6.070598101359792e-05, 8.529163460480049e-05, 6.223835953278467e-05, 2.2508118490804918e-05, 1.6799551303847693e-05, 2.088091969199013e-05, 3.924781412933953e-05, 0.00011548576731001958, 0.00015001250721979886, 9.14523407118395e-05, 6.843564187875018e-05, 5.090167178423144e-05, 6.314683560049161e-05, 0.00015615310985594988, 8.455610804958269e-05, 5.8138863096246496e-05, 7.989207369973883e-05, 0.00014824597747065127, 8.282244380097836e-05, 4.057430851389654e-05, 5.758030602009967e-05, 4.305001857574098e-05, 2.631401366670616e-05, 2.5104467567871325e-05, 2.809738361975178e-05, 1.4045998796063941e-05, 9.175949344353285e-06, 9.221785148838535e-06, 1.38133364089299e-05, 1.2993611562706064e-05, 1.3923269762017298e-05, 1.5265439287759364e-05, 1.3643824786413461e-05, 9.525741916149855e-06, 9.69027587416349e-06, 1.350163893221179e-05, 2.419940756226424e-05, 3.4971228160429746e-05, 2.3284255803446285e-05, 3.671135345939547e-05, 9.763452544575557e-05, 8.128085755743086e-05, 4.4260330469114706e-05, 1.1517307939357124e-05, 2.8951894819329027e-06, 2.0442653294594493e-06, 3.5688012758328114e-06, 5.428908480098471e-06, 4.058664671902079e-06, 8.614646503701806e-06, 1.3107509403198492e-05, 4.586230716085993e-06, 7.627640570717631e-06, 1.8532462490838952e-05, 5.65356167498976e-05, 8.654408156871796e-05, 3.787333480431698e-05, 1.5539826563326642e-05, 6.399274298019009e-06, 3.4461704672139604e-06, 1.2400372497722856e-06, 5.616504950012313e-07, 3.2566876484452223e-07, 2.2503384400351933e-07, 1.2623578982129402e-07, 4.785134777307576e-08, 5.697413030247844e-07, 8.856360409481567e-07, 3.057029744013562e-06, 6.156037215987453e-06, 3.790578603002359e-06, 1.4034538935447927e-06, 3.5342529827175895e-06, 3.441117769398261e-06, 1.3834788887834293e-06, 2.2492699258691573e-07, 8.73455618943808e-09, 3.553379368526066e-09, 2.2929440568475457e-09, 9.001534517771859e-10, 3.377297019824255e-08, 2.640051377511554e-08, 2.539921883926155e-10, 7.659074263699495e-09, 7.002481083873136e-08, 1.3229326611963188e-07, 1.3085872296869638e-06, 2.238742354165879e-06, 1.4640891095041297e-06, 3.269392891525058e-06, 2.476188456057571e-06, 2.647441021963459e-07, 1.726840198612578e-11, 1.3240769591860158e-11, 1.2660744848347338e-11, 1.2297749624190502e-11, 1.192533051475042e-11, 1.1675445332759438e-11, 1.1438293888443862e-11, 1.120171056606667e-11, 1.105278455565406e-11, 1.098010918298975e-11], "lowlevel.melbands128.stdev": [0.00017532786296214908, 0.0032926765270531178, 0.029114607721567154, 0.05189702287316322, 0.03144482150673866, 0.00895649567246437, 0.0026387732941657305, 0.004959758371114731, 0.0041304053738713264, 0.0013830875977873802, 0.0004036161699332297, 0.00017201581795234233, 0.00010555220796959475, 7.730419019935653e-05, 6.527180812554434e-05, 5.769308700109832e-05, 7.231648487504572e-05, 5.752841752837412e-05, 8.239081216743216e-05, 0.0002971521462313831, 0.0007387357763946056, 0.0008102631545625627, 0.00046820042189210653, 0.00017112446948885918, 0.00018299925432074815, 0.0001220827834913507, 7.503890810767189e-05, 0.00017403931997250766, 0.00015115072892513126, 3.8780010072514415e-05, 1.775777491275221e-05, 2.306819624209311e-05, 0.00010114708129549399, 0.0002750060521066189, 0.0003415786777622998, 0.00013775478873867542, 0.0001249403430847451, 0.00022272588103078306, 0.00012593483552336693, 0.000286565424175933, 0.00014559920236933976, 9.282072278438136e-05, 0.00014039971574675292, 0.0003128905373159796, 0.00017205483163706958, 7.508401176892221e-05, 0.00010549063154030591, 6.496709102066234e-05, 4.689874913310632e-05, 2.7166483050677925e-05, 2.9185806852183305e-05, 1.4522128367389087e-05, 8.431984497292433e-06, 8.35248465591576e-06, 1.4336389540403616e-05, 1.1405973054934293e-05, 1.2288403013371862e-05, 1.3546209629566874e-05, 1.3206085895944852e-05, 8.643304681754671e-06, 7.674093467358034e-06, 1.141610846389085e-05, 1.804327985155396e-05, 2.9557239031419158e-05, 2.420526470814366e-05, 4.312294186092913e-05, 9.242887608706951e-05, 6.123110506450757e-05, 3.905479752575047e-05, 9.703824616735801e-06, 3.228511559427716e-06, 2.5679580630821874e-06, 5.963882358628325e-06, 6.02066256760736e-06, 3.7977299598423997e-06, 6.121076694398653e-06, 1.0641952940204646e-05, 5.096683707961347e-06, 7.356700734817423e-06, 1.3808312360197306e-05, 4.181128315394744e-05, 6.46831322228536e-05, 3.188065966241993e-05, 1.4171813745633699e-05, 7.334911515499698e-06, 4.997772521164734e-06, 1.2831851563532837e-06, 6.405128374353808e-07, 5.093632466923737e-07, 4.827407451557519e-07, 3.3553132539054786e-07, 1.5825966670490743e-07, 8.153419344125723e-07, 1.732295572764997e-06, 4.942917712469352e-06, 8.439839803031646e-06, 7.42852807888994e-06, 2.0095601485081716e-06, 4.122137852391461e-06, 3.656599801615812e-06, 1.980850811378332e-06, 3.9660710626776563e-07, 4.309013590386712e-08, 2.371958984781486e-08, 1.9046863641847267e-08, 8.210791158091979e-09, 6.456964740664262e-08, 4.951997212288006e-08, 4.373154283143776e-09, 2.364397033716159e-08, 1.5476427961402806e-07, 1.5398246944187122e-07, 7.845259801797511e-07, 1.263692979591724e-06, 7.468662488463451e-07, 1.5431497786266846e-06, 1.5592370345984818e-06, 2.9550889735219243e-07, 1.9871722323205887e-11, 1.8352618036399093e-11, 1.7776495553345484e-11, 1.733327370523341e-11, 1.691581770491002e-11, 1.6598007690493688e-11, 1.6337471306360207e-11, 1.6129306223966466e-11, 1.598022408844102e-11, 1.588867926116677e-11], "lowlevel.mfcc.mean": [-604.2020874023438, 80.50810241699219, -12.510272026062012, 29.43499183654785, 2.8568406105041504, 23.075912475585938, 23.009973526000977, 1.6665942668914795, 14.446208000183105, 0.17076365649700165, 29.236631393432617, -9.743035316467285, -1.3435866832733154], "lowlevel.spectral_contrast_coeffs.mean": [-0.6735995411872864, -0.7853121757507324, -0.8009668588638306, -0.8047736287117004, -0.7320706844329834, -0.5600897669792175], "lowlevel.spectral_contrast_coeffs.stdev": [0.09191388636827469, 0.07818672806024551, 0.04595666006207466, 0.03852912038564682, 0.03574629873037338, 0.04366496950387955], "lowlevel.spectral_contrast_valleys.mean": [-6.978393077850342, -6.969708442687988, -6.9893999099731445, -6.949048042297363, -7.118171691894531, -11.041226387023926], "lowlevel.spectral_contrast_valleys.stdev": [0.6546682119369507, 0.4770580530166626, 0.4040893614292145, 0.3668864667415619, 0.3779074549674988, 0.6402829885482788], "rhythm.beats_loudness_band_ratio.mean": [0.9157319068908691, 0.0024354655761271715, 0.009040099568665028, 0.027424931526184082, 0.014046302996575832, 0.034068189561367035], "rhythm.beats_loudness_band_ratio.stdev": [0.08647652715444565, 0.00230860966257751, 0.009526822715997696, 0.0616520456969738, 0.012956701219081879, 0.02769414708018303], "tonal.hpcp.mean": [0.09123054891824722, 0.06413739174604416, 0.04656799137592316, 0.03925048187375069, 0.03748393431305885, 0.03382550925016403, 0.04128771647810936, 0.06276500970125198, 0.07369983941316605, 0.10797008872032166, 0.1583198755979538, 0.15106084942817688, 0.13436105847358704, 0.14455723762512207, 0.17344029247760773, 0.2161237597465515, 0.18958449363708496, 0.13117393851280212, 0.1230737492442131, 0.1275414377450943, 0.16012555360794067, 0.2021745890378952, 0.21914920210838318, 0.212245374917984, 0.17335335910320282, 0.12888851761817932, 0.09330203384160995, 0.08243642747402191, 0.09430363029241562, 0.10339967161417007, 0.13361842930316925, 0.14768646657466888, 0.11029587686061859, 0.084466852247715, 0.08570113778114319, 0.0991949737071991], "tonal.hpcp.stdev": [0.20036408305168152, 0.13408377766609192, 0.11074330657720566, 0.09358218312263489, 0.09213634580373764, 0.08078911155462265, 0.08602315187454224, 0.14199763536453247, 0.15618591010570526, 0.19889305531978607, 0.2727062404155731, 0.2636348307132721, 0.24592070281505585, 0.25135794281959534, 0.2794560194015503, 0.3338146209716797, 0.297802597284317, 0.25162267684936523, 0.24993911385536194, 0.24709413945674896, 0.27633383870124817, 0.30624350905418396, 0.3039112091064453, 0.3011622130870819, 0.28600937128067017, 0.23276755213737488, 0.20171837508678436, 0.1694924682378769, 0.18037495017051697, 0.18051351606845856, 0.21327239274978638, 0.2292284220457077, 0.1812472939491272, 0.15030597150325775, 0.15492188930511475, 0.1991029530763626], "rhythm.beats_position": [0.5804988741874695, 1.160997748374939, 1.7182766199111938, 2.287165403366089, 2.8560543060302734, 3.4133331775665283, 3.9706122875213623, 4.539501190185547, 5.108389854431152, 5.665668964385986, 6.222947597503662, 6.791836738586426, 7.360725402832031, 7.918004512786865, 8.4752836227417, 9.032562255859375, 9.60145092010498, 10.170339584350586, 10.727619171142578, 11.284897804260254, 11.85378646850586, 12.422675132751465, 12.979954719543457, 13.537233352661133, 14.094511985778809, 14.6517915725708, 15.220680236816406, 15.789568901062012, 16.346847534179688, 16.91573715209961, 17.4846248626709, 18.04190444946289, 18.599184036254883, 19.168071746826172, 19.736961364746094, 20.294239044189453, 20.851518630981445, 21.408798217773438, 21.977685928344727, 22.54657554626465, 23.10385513305664, 23.6611328125, 24.230022430419922], "rhythm.bpm_histogram": [0.0, 0.0, 0.0, 0.0, 0.0, 0.0, 0.0, 0.0, 0.0, 0.0, 0.0, 0.0, 0.0, 0.0, 0.0, 0.0, 0.0, 0.0, 0.0, 0.0, 0.0, 0.0, 0.0, 0.0, 0.0, 0.0, 0.0, 0.0, 0.0, 0.0, 0.0, 0.0, 0.0, 0.0, 0.0, 0.0, 0.0, 0.0, 0.0, 0.0, 0.0, 0.0, 0.0, 0.0, 0.0, 0.0, 0.0, 0.0, 0.0, 0.0, 0.0, 0.0, 0.0, 0.0, 0.0, 0.0, 0.0, 0.0, 0.0, 0.0, 0.0, 0.0, 0.0, 0.0, 0.0, 0.0, 0.0, 0.0, 0.0, 0.0, 0.0, 0.0, 0.0, 0.0, 0.0, 0.0, 0.0, 0.0, 0.0, 0.0, 0.0, 0.0, 0.0, 0.0, 0.0, 0.0, 0.0, 0.0, 0.0, 0.0, 0.0, 0.0, 0.0, 0.0, 0.0, 0.0, 0.0, 0.0, 0.0, 0.0, 0.0, 0.0, 0.0, 0.02380952425301075, 0.0, 0.4523809552192688, 0.0, 0.0, 0.523809552192688, 0.0, 0.0, 0.0, 0.0, 0.0, 0.0, 0.0, 0.0, 0.0, 0.0, 0.0, 0.0, 0.0, 0.0, 0.0, 0.0, 0.0, 0.0, 0.0, 0.0, 0.0, 0.0, 0.0, 0.0, 0.0, 0.0, 0.0, 0.0, 0.0, 0.0, 0.0, 0.0, 0.0, 0.0, 0.0, 0.0, 0.0, 0.0, 0.0, 0.0, 0.0, 0.0, 0.0, 0.0, 0.0, 0.0, 0.0, 0.0, 0.0, 0.0, 0.0, 0.0, 0.0, 0.0, 0.0, 0.0, 0.0, 0.0, 0.0, 0.0, 0.0, 0.0, 0.0, 0.0, 0.0, 0.0, 0.0, 0.0, 0.0, 0.0, 0.0, 0.0, 0.0, 0.0, 0.0, 0.0, 0.0, 0.0, 0.0, 0.0, 0.0, 0.0, 0.0, 0.0, 0.0, 0.0, 0.0, 0.0, 0.0, 0.0, 0.0, 0.0, 0.0, 0.0, 0.0, 0.0, 0.0, 0.0, 0.0, 0.0, 0.0, 0.0, 0.0, 0.0, 0.0, 0.0, 0.0, 0.0, 0.0, 0.0, 0.0, 0.0, 0.0, 0.0, 0.0, 0.0, 0.0, 0.0, 0.0, 0.0, 0.0, 0.0, 0.0, 0.0, 0.0, 0.0, 0.0, 0.0, 0.0, 0.0, 0.0, 0.0, 0.0, 0.0, 0.0, 0.0, 0.0, 0.0, 0.0, 0.0, 0.0], "tonal.chords_histogram": [20.3358211517334, 0.18656715750694275, 0.0, 0.0, 0.0, 0.0, 0.0, 0.0, 0.0, 0.0, 0.0, 0.0, 0.0, 0.0, 3.91791033744812, 0.9328358173370361, 5.223880767822266, 58.208953857421875, 3.3582088947296143, 7.83582067489624, 0.0, 0.0, 0.0, 0.0], "tonal.thpcp": [1.0, 0.9684971570968628, 0.7910289168357849, 0.5881313681602478, 0.4257466197013855, 0.3761657774448395, 0.4303170144557953, 0.47182318568229675, 0.6097144484519958, 0.6739082932472229, 0.5032912492752075, 0.38543081283569336, 0.39106297492980957, 0.45263671875, 0.41629424691200256, 0.29266542196273804, 0.21249446272850037, 0.17910392582416534, 0.17104299366474152, 0.154349222779274, 0.1884000301361084, 0.286403089761734, 0.3362998366355896, 0.4926784336566925, 0.722429633140564, 0.6893059611320496, 0.6131030917167664, 0.6596292853355408, 0.7914256453514099, 0.9861946105957031, 0.8650932312011719, 0.5985599756240845, 0.561598002910614, 0.5819845199584961, 0.7306691408157349, 0.9225431084632874], "lowlevel.gfcc.cov": [[1072.6800537109375, 262.2778015136719, 148.37844848632812, 155.30950927734375, 118.35868835449219, 69.36737823486328, 55.18077850341797, -24.5255184173584, 22.228137969970703, -6.975558757781982, 26.90334701538086, -27.484764099121094, -18.981201171875], [262.2778015136719, 527.014892578125, 300.2135314941406, 269.8271179199219, 295.4287414550781, 134.89356994628906, 164.57240295410156, 50.08750534057617, 80.1279525756836, 24.6474552154541, 69.50997924804688, 10.5548734664917, 30.358173370361328], [148.37844848632812, 300.2135314941406, 450.7950134277344, 391.82257080078125, 311.1314697265625, 211.32955932617188, 132.37245178222656, 65.4796371459961, 50.10159683227539, -21.925260543823242, 49.36363983154297, 29.86990737915039, 76.45333099365234], [155.30950927734375, 269.8271179199219, 391.82257080078125, 422.01275634765625, 327.95849609375, 202.97216796875, 121.03512573242188, 62.74153137207031, 58.769874572753906, -15.568343162536621, 45.845272064208984, 19.789175033569336, 73.18162536621094], [118.35868835449219, 295.4287414550781, 311.1314697265625, 327.95849609375, 380.2615661621094, 221.64028930664062, 189.108642578125, 93.54959869384766, 90.27950286865234, 33.93704605102539, 54.21942138671875, 26.47047996520996, 67.1290512084961], [69.36737823486328, 134.89356994628906, 211.32955932617188, 202.97216796875, 221.64028930664062, 226.7845001220703, 169.3042755126953, 101.89007568359375, 69.65296936035156, 25.699573516845703, 47.05259704589844, 22.601633071899414, 49.17878723144531], [55.18077850341797, 164.57240295410156, 132.37245178222656, 121.03512573242188, 189.108642578125, 169.3042755126953, 221.61244201660156, 114.45207214355469, 80.31147003173828, 43.0085334777832, 54.31087875366211, 41.924957275390625, 30.312198638916016], [-24.5255184173584, 50.08750534057617, 65.4796371459961, 62.74153137207031, 93.54959869384766, 101.89007568359375, 114.45207214355469, 119.57678985595703, 76.01971435546875, 46.02838134765625, 39.4449577331543, 19.508106231689453, 27.153778076171875], [22.228137969970703, 80.1279525756836, 50.10159683227539, 58.769874572753906, 90.27950286865234, 69.65296936035156, 80.31147003173828, 76.01971435546875, 104.12760162353516, 69.46582794189453, 45.31581497192383, 6.776071548461914, 13.911796569824219], [-6.975558757781982, 24.6474552154541, -21.925260543823242, -15.568343162536621, 33.93704605102539, 25.699573516845703, 43.0085334777832, 46.02838134765625, 69.46582794189453, 92.84173583984375, 45.132999420166016, 2.7698075771331787, -2.7840466499328613], [26.90334701538086, 69.50997924804688, 49.36363983154297, 45.845272064208984, 54.21942138671875, 47.05259704589844, 54.31087875366211, 39.4449577331543, 45.31581497192383, 45.132999420166016, 66.35004425048828, 24.080516815185547, 8.889415740966797], [-27.484764099121094, 10.5548734664917, 29.86990737915039, 19.789175033569336, 26.47047996520996, 22.601633071899414, 41.924957275390625, 19.508106231689453, 6.776071548461914, 2.7698075771331787, 24.080516815185547, 64.418701171875, 29.424240112304688], [-18.981201171875, 30.358173370361328, 76.45333099365234, 73.18162536621094, 67.1290512084961, 49.17878723144531, 30.312198638916016, 27.153778076171875, 13.911796569824219, -2.7840466499328613, 8.889415740966797, 29.424240112304688, 57.85265350341797]], "lowlevel.gfcc.icov": [[0.001161062391474843, -0.0006136315641924739, 0.00028687602025456727, -0.0005917749949730933, 0.0005790157592855394, -0.0005869665183126926, -0.00021767332509625703, 0.0009296584175899625, -0.00031042954651638865, 9.402667637914419e-05, -9.409151243744418e-05, 0.0002998668060172349, 0.0005183329340070486], [-0.0006136315641924739, 0.006129171699285507, -0.003819590900093317, 0.001949685043655336, -0.003917919937521219, 0.005479380488395691, -0.004592124838382006, 0.0027136229909956455, -0.002267082454636693, 0.0021952849347144365, -0.004471153952181339, 0.003752236720174551, -0.0003861385630443692], [0.00028687602025456727, -0.003819590900093317, 0.015258929692208767, -0.011292549781501293, 0.002384703606367111, -0.005837704055011272, 0.0025408382061868906, -0.0012013912200927734, 0.002141837030649185, 0.0013793784892186522, -7.46159057598561e-05, -0.002685274463146925, -0.001425286871381104], [-0.0005917749949730933, 0.001949685043655336, -0.011292549781501293, 0.020945671945810318, -0.011319746263325214, -0.0002050441107712686, 0.005007583182305098, 5.917039015912451e-05, -0.004927890840917826, 0.008544038981199265, -0.005811524111777544, 0.0023921988904476166, -0.0008594494429416955], [0.0005790157592855394, -0.003917919937521219, 0.002384703606367111, -0.011319746263325214, 0.018748685717582703, -0.005091602448374033, -0.0060324217192828655, 0.0032661135774105787, 0.0007565058767795563, -0.008732514455914497, 0.007280286867171526, -0.0003518183948472142, -0.003927310463041067], [-0.0005869665183126926, 0.005479380488395691, -0.005837704055011272, -0.0002050441107712686, -0.005091602448374033, 0.02371678501367569, -0.013091943226754665, -0.002238715998828411, 0.0008666971116326749, 0.0011932093184441328, -0.005570054519921541, 0.00894239079207182, -0.005279704928398132], [-0.00021767332509625703, -0.004592124838382006, 0.0025408382061868906, 0.005007583182305098, -0.0060324217192828655, -0.013091943226754665, 0.025383301079273224, -0.012129980139434338, -0.00030739864450879395, 0.002628196496516466, 0.0020816561300307512, -0.013134077191352844, 0.0097291124984622], [0.0009296584175899625, 0.0027136229909956455, -0.0012013912200927734, 5.917039015912451e-05, 0.0032661135774105787, -0.002238715998828411, -0.012129980139434338, 0.029270749539136887, -0.013754203915596008, 0.0009641858050599694, -0.0029593706130981445, 0.004937831312417984, -0.007578703574836254], [-0.00031042954651638865, -0.002267082454636693, 0.002141837030649185, -0.004927890840917826, 0.0007565058767795563, 0.0008666971116326749, -0.00030739864450879395, -0.013754203915596008, 0.035478584468364716, -0.020122336223721504, 0.00038625451270490885, 0.00199186522513628, -0.0010791640961542726], [9.402667637914419e-05, 0.0021952849347144365, 0.0013793784892186522, 0.008544038981199265, -0.008732514455914497, 0.0011932093184441328, 0.002628196496516466, 0.0009641858050599694, -0.020122336223721504, 0.03744588419795036, -0.019343703985214233, 0.005056758411228657, 0.0005780928186140954], [-9.409151243744418e-05, -0.004471153952181339, -7.46159057598561e-05, -0.005811524111777544, 0.007280286867171526, -0.005570054519921541, 0.0020816561300307512, -0.0029593706130981445, 0.00038625451270490885, -0.019343703985214233, 0.03980187326669693, -0.01655714586377144, 0.007632468361407518], [0.0002998668060172349, 0.003752236720174551, -0.002685274463146925, 0.0023921988904476166, -0.0003518183948472142, 0.00894239079207182, -0.013134077191352844, 0.004937831312417984, 0.00199186522513628, 0.005056758411228657, -0.01655714586377144, 0.034038808196783066, -0.018981285393238068], [0.0005183329340070486, -0.0003861385630443692, -0.001425286871381104, -0.0008594494429416955, -0.003927310463041067, -0.005279704928398132, 0.0097291124984622, -0.007578703574836254, -0.0010791640961542726, 0.0005780928186140954, 0.007632468361407518, -0.018981285393238068, 0.03690193593502045]], "lowlevel.mfcc.cov": [[1015.8735961914062, 126.92208099365234, 69.84503936767578, 79.3228988647461, 40.484901428222656, 60.016544342041016, 6.920267105102539, 0.06577271968126297, -37.780784606933594, 35.227256774902344, -8.616230010986328, 17.21852684020996, -6.504576206207275], [126.92208099365234, 373.5456848144531, 62.478397369384766, 162.83840942382812, 100.69230651855469, 125.49523162841797, 114.36536407470703, 72.08584594726562, 62.131839752197266, 61.80065155029297, 57.54017639160156, 43.24071502685547, 39.45640182495117], [69.84503936767578, 62.478397369384766, 296.2241516113281, 196.18544006347656, 188.5364990234375, 138.02099609375, 93.64999389648438, 112.1505126953125, 23.968217849731445, 47.581329345703125, -36.27307891845703, 24.729825973510742, 9.26901626586914], [79.3228988647461, 162.83840942382812, 196.18544006347656, 287.4813232421875, 226.6026153564453, 166.94728088378906, 120.12604522705078, 105.19771575927734, 63.12388229370117, 57.568687438964844, -1.397214651107788, 22.728483200073242, 22.584354400634766], [40.484901428222656, 100.69230651855469, 188.5364990234375, 226.6026153564453, 262.7257385253906, 170.603759765625, 115.57145690917969, 98.84910583496094, 72.09320831298828, 78.42298126220703, 7.956815719604492, 17.478160858154297, 11.670948028564453], [60.016544342041016, 125.49523162841797, 138.02099609375, 166.94728088378906, 170.603759765625, 192.2870330810547, 142.13168334960938, 109.95008850097656, 74.66653442382812, 71.39717102050781, 29.691364288330078, 31.884017944335938, 20.098901748657227], [6.920267105102539, 114.36536407470703, 93.64999389648438, 120.12604522705078, 115.57145690917969, 142.13168334960938, 184.4796600341797, 125.10265350341797, 101.25525665283203, 51.0003776550293, 49.12281799316406, 36.90317153930664, 30.763351440429688], [0.06577271968126297, 72.08584594726562, 112.1505126953125, 105.19771575927734, 98.84910583496094, 109.95008850097656, 125.10265350341797, 157.27378845214844, 78.42889404296875, 45.70042419433594, 14.43096923828125, 34.711666107177734, 29.380008697509766], [-37.780784606933594, 62.131839752197266, 23.968217849731445, 63.12388229370117, 72.09320831298828, 74.66653442382812, 101.25525665283203, 78.42889404296875, 130.2477569580078, 53.1626091003418, 54.223899841308594, 22.468908309936523, 27.883033752441406], [35.227256774902344, 61.80065155029297, 47.581329345703125, 57.568687438964844, 78.42298126220703, 71.39717102050781, 51.0003776550293, 45.70042419433594, 53.1626091003418, 114.24119567871094, 50.72113800048828, 39.17766189575195, 13.846635818481445], [-8.616230010986328, 57.54017639160156, -36.27307891845703, -1.397214651107788, 7.956815719604492, 29.691364288330078, 49.12281799316406, 14.43096923828125, 54.223899841308594, 50.72113800048828, 100.5502700805664, 45.215885162353516, 29.56756019592285], [17.21852684020996, 43.24071502685547, 24.729825973510742, 22.728483200073242, 17.478160858154297, 31.884017944335938, 36.90317153930664, 34.711666107177734, 22.468908309936523, 39.17766189575195, 45.215885162353516, 83.90271759033203, 36.67451477050781], [-6.504576206207275, 39.45640182495117, 9.26901626586914, 22.584354400634766, 11.670948028564453, 20.098901748657227, 30.763351440429688, 29.380008697509766, 27.883033752441406, 13.846635818481445, 29.56756019592285, 36.67451477050781, 67.01878356933594]], "lowlevel.mfcc.icov": [[0.0011027241125702858, -0.00033196198637597263, -0.00015819279360584915, -0.0002237957960460335, 0.0004115962656214833, -0.000490633537992835, 0.0001390202232869342, 0.00023648454225622118, 0.0004934040480293334, -0.0004007774987258017, 0.0001740001462167129, -0.00012149354733992368, 0.00017498018860351294], [-0.00033196198637597263, 0.004748205188661814, 0.0009671261650510132, -0.003769524162635207, 0.002198022324591875, -0.0013478067703545094, -0.0011303885839879513, 0.00028817608836106956, 0.0006564556970261037, -0.0008563664741814137, -0.0014693988487124443, 0.0001607204758329317, -0.0008130262140184641], [-0.00015819279360584915, 0.0009671261650510132, 0.0096028633415699, -0.0027628301177173853, -0.003245702013373375, -0.0006382243009284139, -0.0009444919414818287, -0.0032158333342522383, 0.0030147284269332886, -0.0012238564668223262, 0.0043102409690618515, -0.0024716819170862436, 6.767172453692183e-05], [-0.0002237957960460335, -0.003769524162635207, -0.0027628301177173853, 0.01612517051398754, -0.010147378779947758, -0.0013076834147796035, 0.00014741613995283842, 1.7728756574797444e-05, -0.0009485689806751907, 0.002604876644909382, 0.0024229667615145445, -0.0005624279147014022, -0.0016751913353800774], [0.0004115962656214833, 0.002198022324591875, -0.003245702013373375, -0.010147378779947758, 0.019350912421941757, -0.0075236596167087555, 0.0013176483334973454, 0.0020936394575983286, -0.0027337323408573866, -0.004325867630541325, -0.0005207833019085228, 0.002529551275074482, 0.0008547864272259176], [-0.000490633537992835, -0.0013478067703545094, -0.0006382243009284139, -0.0013076834147796035, -0.0075236596167087555, 0.023914435878396034, -0.011196506209671497, -0.001632249797694385, 0.0027758057694882154, -0.003653090912848711, -0.00025807583006098866, 0.00011746543896151707, 0.0009176065213978291], [0.0001390202232869342, -0.0011303885839879513, -0.0009444919414818287, 0.00014741613995283842, 0.0013176483334973454, -0.011196506209671497, 0.02406127192080021, -0.008943398483097553, -0.006856828927993774, 0.005754710175096989, -0.006535468623042107, -1.6020032489905134e-05, 0.0013201197143644094], [0.00023648454225622118, 0.00028817608836106956, -0.0032158333342522383, 1.7728756574797444e-05, 0.0020936394575983286, -0.001632249797694385, -0.008943398483097553, 0.019180966541171074, -0.005095742177218199, -0.0021814971696585417, 0.006640099920332432, -0.003169370349496603, -0.0025107378605753183], [0.0004934040480293334, 0.0006564556970261037, 0.0030147284269332886, -0.0009485689806751907, -0.0027337323408573866, 0.0027758057694882154, -0.006856828927993774, -0.005095742177218199, 0.019370833411812782, -0.003763620276004076, -0.00546194426715374, 0.004212038591504097, -0.0025877582374960184], [-0.0004007774987258017, -0.0008563664741814137, -0.0012238564668223262, 0.002604876644909382, -0.004325867630541325, -0.003653090912848711, 0.005754710175096989, -0.0021814971696585417, -0.003763620276004076, 0.01806057058274746, -0.007200012449175119, -0.004091514740139246, 0.0031702930573374033], [0.0001740001462167129, -0.0014693988487124443, 0.0043102409690618515, 0.0024229667615145445, -0.0005207833019085228, -0.00025807583006098866, -0.006535468623042107, 0.006640099920332432, -0.00546194426715374, -0.007200012449175119, 0.02622349187731743, -0.008734884671866894, -0.0033029180485755205], [-0.00012149354733992368, 0.0001607204758329317, -0.0024716819170862436, -0.0005624279147014022, 0.002529551275074482, 0.00011746543896151707, -1.6020032489905134e-05, -0.003169370349496603, 0.004212038591504097, -0.004091514740139246, -0.008734884671866894, 0.022478515282273293, -0.00800826121121645], [0.00017498018860351294, -0.0008130262140184641, 6.767172453692183e-05, -0.0016751913353800774, 0.0008547864272259176, 0.0009176065213978291, 0.0013201197143644094, -0.0025107378605753183, -0.0025877582374960184, 0.0031702930573374033, -0.0033029180485755205, -0.00800826121121645, 0.02230379544198513]], "metadata.audio_properties.analysis.downmix": "mix", "metadata.audio_properties.codec": "mp3", "metadata.audio_properties.md5_encoded": "e00b0809ab0a52e103b872fdbcd4925a", "metadata.tags.file_name": "1182285620312285274.mp3", "metadata.version.essentia": "2.1-beta6-dev", "metadata.version.essentia_git_sha": "v2.1_beta5-1110-g77a6a954", "metadata.version.extractor": "music 2.0", "tonal.chords_key": "C", "tonal.chords_scale": "major", "tonal.key_edma.key": "C#", "tonal.key_edma.scale": "minor", "tonal.key_krumhansl.key": "C#", "tonal.key_krumhansl.scale": "minor", "tonal.key_temperley.key": "C#", "tonal.key_temperley.scale": "minor", "metadata.tags.encoding": ["Lavf58.45.100"]}, "essentia_models": [{"model_name": "genre_dortmund", "activations": {"alternative": "0.0035666225", "blues": "0.00028543922", "electronic": "0.36668587", "folkcountry": "0.00018794429", "funksoulrnb": "0.00343857", "jazz": "0.00058687764", "pop": "0.00041321543", "raphiphop": "0.35268214", "rock": "0.029375736"}}, {"model_name": "genre_rosamerica", "activations": {"classic": "0.012135679", "dance": "0.0008276714", "hip hop": "0.9098575", "jazz": "0.0013652454", "pop": "0.00022682235", "rhythm and blues": "0.001951886", "rock": "0.28436428", "speech": "0.0011234197"}}, {"model_name": "genre_tzanetakis", "activations": {"blues": "9.772286e-05", "classic": "0.00012695618", "country": "2.55