{"song_id": "1182286481889439775", "download": "https://cdn.discordapp.com/attachments/1135911532732108921/1182286481889439775/chirp.mp4?ex=65842517&amp", "lyrics": "\u0418\u0440\u0438\u043d\u0430 \u042e\u0440\u044c\u0435\u0432\u043d\u0430! \u041f\u043e\u0437\u0434\u0440\u0430\u0432\u043b\u044f\u044e \u0441 \u0414\u043d\u0451\u043c \u0420\u043e\u0436\u0434\u0435\u043d\u044c\u044f!\n\u041f\u0443\u0441\u0442\u044c \u0431\u043b\u0435\u0441\u0442\u044f\u0442 \u043e\u0442 \u0440\u0430\u0434\u043e\u0441\u0442\u0438 \u0433\u043b\u0430\u0437\u0430,\n\n\u0412\u0430\u043c \u0436\u0435\u043b\u0430\u044e \u043a\u0440\u0435\u043f\u043a\u043e\u0433\u043e \u0437\u0434\u043e\u0440\u043e\u0432\u044c\u044f,\n\u0414\u043e\u043b\u0433\u0438\u0445 \u043b\u0435\u0442, \u043d\u0435\u0443\u0442\u043e\u043c\u0438\u043c\u044b\u0445 \u0441\u0438\u043b.\n\u0427\u0442\u043e\u0431\u044b \u0436\u0438\u0437\u043d\u044c \u0431\u044b\u043b\u0430 \u0412\u0430\u0448\u0430 \u0441\u043f\u043e\u043a\u043e\u0439\u043d\u0430,\n\u0422\u043e\u043b\u044c\u043a\u043e \u043f\u0440\u0430\u0437\u0434\u043d\u0438\u043a \u0432 \u0434\u043e\u043c \u0412\u0430\u0448 \u0437\u0430\u0445\u043e\u0434\u0438\u043b.\n\n\u041d\u0430 \u0433\u043e\u0434\u0430 \u0412\u044b, \u0442\u0451\u0449\u0430, \u043d\u0435 \u0440\u043e\u043f\u0449\u0438\u0442\u0435,\n\u041d\u0435 \u0441\u0434\u0430\u0432\u0430\u0439\u0442\u0435\u0441\u044c \u0432 \u0438\u0445 \u0436\u0435\u0441\u0442\u043e\u043a\u0438\u0439 \u043f\u043b\u0435\u043d,\n\u0412 \u043a\u0430\u0436\u0434\u043e\u043c \u0434\u043d\u0435 \u043f\u0440\u0435\u043a\u0440\u0430\u0441\u043d\u043e\u0435 \u0438\u0449\u0438\u0442\u0435,\n\u041f\u0443\u0441\u0442\u044c \u043d\u0435 \u0431\u0443\u0434\u0435\u0442 \u0433\u043e\u0440\u044f \u0438 \u043f\u0440\u043e\u0431\u043b\u0435\u043c!\n\n\u041a\u0430\u0440\u0438\u043d\u0430 \u0438 \u0410\u0440\u0441\u0435\u043d\u0438\u0439 \u0412\u0430\u0441 \u0442\u043e\u0436\u0435 \u043f\u043e\u0437\u0434\u0440\u0430\u0432\u043b\u044f\u044e\u0442,\n\u0421\u0447\u0430\u0441\u0442\u044c\u044f, \u0440\u0430\u0434\u043e\u0441\u0442\u0438 \u0432 \u0436\u0438\u0437\u043d\u0438 \u0412\u0430\u043c \u0436\u0435\u043b\u0430\u044e\u0442.\n\n[verse]\n\u041c\u0435\u043b\u043e\u0434\u0438\u0447\u043d\u0430\u044f \u043f\u0435\u0441\u043d\u044f, \u0437\u0432\u0443\u0447\u0438\u0442 \u043d\u0430 \u0440\u0443\u0441\u0441\u043a\u043e\u043c \u044f\u0437\u044b\u043a\u0435\n\u0421\u043b\u043e\u0432\u0430 \u043b\u044c\u044e\u0442\u0441\u044f, \u043a\u0430\u043a \u0440\u0435\u043a\u0430, \u0437\u0432\u0443\u043a\u0438 \u0438\u0433\u0440\u0430\u044e\u0442 \u0432 \u0442\u0438\u0448\u0438\u043d\u0435\n\u041b\u044e\u0431\u043e\u0432\u044c \u0438 \u043c\u0435\u0447\u0442\u044b, \u043f\u0440\u043e\u043d\u0438\u0437\u044b\u0432\u0430\u044f \u0441\u0435\u0440\u0434\u0446\u0430\n\u041e\u043d\u0430 \u043d\u0435\u0436\u043d\u043e \u0437\u0432\u0443\u0447\u0438\u0442, \u043b\u0430\u0441\u043a\u0430\u0435\u0442 \u043d\u0430\u0441 \u0432\u043e \u043c\u0433\u043d\u043e\u0432\u0435\u043d\u0438\u0435\n\n[chorus]\n\u041e-\u043e-\u043e, \u043f\u0435\u0442\u044c, \u043f\u0435\u0442\u044c, \u043c\u043e\u044f \u0434\u0443\u0448\u0430 \u0441\u043c\u0435\u0435\u0442\u0441\u044f\n\u041e-\u043e-\u043e, \u0442\u0430\u043d\u0446\u0435\u0432\u0430\u0442\u044c, \u0441\u0447\u0430\u0441\u0442\u043b\u0438\u0432\u044b\u0435 \u043c\u0433\u043d\u043e\u0432\u0435\u043d\u0438\u044f", "style": ["funk"], "essentia_features": {"lowlevel.average_loudness": 0.9134983420372009, "lowlevel.barkbands_crest.mean": 17.084054946899414, "lowlevel.barkbands_crest.stdev": 5.336669921875, "lowlevel.barkbands_flatness_db.mean": 0.34346699714660645, "lowlevel.barkbands_flatness_db.stdev": 0.11177296936511993, "lowlevel.barkbands_kurtosis.mean": 15.8538236618042, "lowlevel.barkbands_kurtosis.stdev": 30.819515228271484, "lowlevel.barkbands_skewness.mean": 0.537259578704834, "lowlevel.barkbands_skewness.stdev": 2.524390459060669, "lowlevel.barkbands_spread.mean": 7.285159111022949, "lowlevel.barkbands_spread.stdev": 16.356098175048828, "lowlevel.dissonance.mean": 0.35273244976997375, "lowlevel.dissonance.stdev": 0.09242589771747589, "lowlevel.dynamic_complexity": 7.154563903808594, "lowlevel.erbbands_crest.mean": 19.94416046142578, "lowlevel.erbbands_crest.stdev": 6.777430534362793, "lowlevel.erbbands_flatness_db.mean": 0.3920753300189972, "lowlevel.erbbands_flatness_db.stdev": 0.11163085699081421, "lowlevel.erbbands_kurtosis.mean": 11.861726760864258, "lowlevel.erbbands_kurtosis.stdev": 17.40414047241211, "lowlevel.erbbands_skewness.mean": 0.7143940329551697, "lowlevel.erbbands_skewness.stdev": 2.113748073577881, "lowlevel.erbbands_spread.mean": 7.010785102844238, "lowlevel.erbbands_spread.stdev": 9.251269340515137, "lowlevel.hfc.mean": 18.272235870361328, "lowlevel.hfc.stdev": 28.479841232299805, "lowlevel.loudness_ebu128.integrated": -27.920482635498047, "lowlevel.loudness_ebu128.loudness_range": 4.480289459228516, "lowlevel.loudness_ebu128.momentary.mean": -30.406801223754883, "lowlevel.loudness_ebu128.momentary.stdev": 5.397464275360107, "lowlevel.loudness_ebu128.short_term.mean": -28.609569549560547, "lowlevel.loudness_ebu128.short_term.stdev": 1.6266999244689941, "lowlevel.melbands_crest.mean": 20.736127853393555, "lowlevel.melbands_crest.stdev": 6.417580604553223, "lowlevel.melbands_flatness_db.mean": 0.3715139925479889, "lowlevel.melbands_flatness_db.stdev": 0.10442815721035004, "lowlevel.melbands_kurtosis.mean": 13.825014114379883, "lowlevel.melbands_kurtosis.stdev": 28.386091232299805, "lowlevel.melbands_skewness.mean": 0.33263981342315674, "lowlevel.melbands_skewness.stdev": 2.294426679611206, "lowlevel.melbands_spread.mean": 10.829020500183105, "lowlevel.melbands_spread.stdev": 20.807186126708984, "lowlevel.pitch_salience.mean": 0.4979121685028076, "lowlevel.pitch_salience.stdev": 0.16042880713939667, "lowlevel.silence_rate_20dB.mean": 1.0, "lowlevel.silence_rate_20dB.stdev": 0.0, "lowlevel.silence_rate_30dB.mean": 0.9894737005233765, "lowlevel.silence_rate_30dB.stdev": 0.10205594450235367, "lowlevel.silence_rate_60dB.mean": 0.3029239773750305, "lowlevel.silence_rate_60dB.stdev": 0.4595244228839874, "lowlevel.spectral_centroid.mean": 1076.522216796875, "lowlevel.spectral_centroid.stdev": 676.3518676757812, "lowlevel.spectral_complexity.mean": 3.4678361415863037, "lowlevel.spectral_complexity.stdev": 1.9172512292861938, "lowlevel.spectral_decrease.mean": -4.114052210013597e-09, "lowlevel.spectral_decrease.stdev": 5.8096509825134035e-09, "lowlevel.spectral_energy.mean": 0.017184721305966377, "lowlevel.spectral_energy.stdev": 0.024490421637892723, "lowlevel.spectral_energyband_high.mean": 3.898388058587443e-06, "lowlevel.spectral_energyband_high.stdev": 3.6487231227511074e-06, "lowlevel.spectral_energyband_low.mean": 1.5557073993477388e-06, "lowlevel.spectral_energyband_low.stdev": 2.100101028190693e-06, "lowlevel.spectral_energyband_middle_high.mean": 0.01427899394184351, "lowlevel.spectral_energyband_middle_high.stdev": 0.024241004139184952, "lowlevel.spectral_energyband_middle_low.mean": 0.0029523861594498158, "lowlevel.spectral_energyband_middle_low.stdev": 0.003940509166568518, "lowlevel.spectral_entropy.mean": 5.831936359405518, "lowlevel.spectral_entropy.stdev": 0.9573000073432922, "lowlevel.spectral_flux.mean": 0.053274258971214294, "lowlevel.spectral_flux.stdev": 0.04864431172609329, "lowlevel.spectral_kurtosis.mean": 27.04583168029785, "lowlevel.spectral_kurtosis.stdev": 20.422382354736328, "lowlevel.spectral_rms.mean": 0.003232578979805112, "lowlevel.spectral_rms.stdev": 0.002513165818527341, "lowlevel.spectral_rolloff.mean": 1325.160400390625, "lowlevel.spectral_rolloff.stdev": 1257.8660888671875, "lowlevel.spectral_skewness.mean": 3.797196626663208, "lowlevel.spectral_skewness.stdev": 1.5201247930526733, "lowlevel.spectral_spread.mean": 2698969.75, "lowlevel.spectral_spread.stdev": 1531721.0, "lowlevel.spectral_strongpeak.mean": 3.0844593048095703, "lowlevel.spectral_strongpeak.stdev": 3.2914438247680664, "lowlevel.zerocrossingrate.mean": 0.05177151784300804, "lowlevel.zerocrossingrate.stdev": 0.03508443757891655, "metadata.audio_properties.analysis.equal_loudness": 0.0, "metadata.audio_properties.analysis.length": 19.818662643432617, "metadata.audio_properties.analysis.sample_rate": 44100.0, "metadata.audio_properties.analysis.start_time": 0.0, "metadata.audio_properties.bit_rate": 111903.0, "metadata.audio_properties.length": 19.818666458129883, "metadata.audio_properties.lossless": 0.0, "metadata.audio_properties.number_channels": 1.0, "metadata.audio_properties.replay_gain": -0.17807579040527344, "metadata.audio_properties.sample_rate": 48000.0, "rhythm.beats_count": 37.0, "rhythm.beats_loudness.mean": 0.02655857987701893, "rhythm.beats_loudness.stdev": 0.024128444492816925, "rhythm.bpm": 120.9088134765625, "rhythm.bpm_histogram_first_peak_bpm": 120.0, "rhythm.bpm_histogram_first_peak_weight": 0.375, "rhythm.bpm_histogram_second_peak_bpm": 126.0, "rhythm.bpm_histogram_second_peak_spread": 0.0, "rhythm.bpm_histogram_second_peak_weight": 0.2222222238779068, "rhythm.danceability": 1.3240089416503906, "rhythm.onset_rate": 2.4695773124694824, "tonal.chords_changes_rate": 0.10514018684625626, "tonal.chords_number_rate": 0.023364486172795296, "tonal.chords_strength.mean": 0.5585203170776367, "tonal.chords_strength.stdev": 0.11744535714387894, "tonal.hpcp_crest.mean": 19.845678329467773, "tonal.hpcp_crest.stdev": 8.486064910888672, "tonal.hpcp_entropy.mean": 1.2383917570114136, "tonal.hpcp_entropy.stdev": 0.725283682346344, "tonal.key_edma.strength": 0.6694260239601135, "tonal.key_krumhansl.strength": 0.6707533001899719, "tonal.key_temperley.strength": 0.6659306883811951, "tonal.tuning_diatonic_strength": 0.5420381426811218, "tonal.tuning_equal_tempered_deviation": 0.18534043431282043, "tonal.tuning_frequency": 441.5275573730469, "tonal.tuning_nontempered_energy_ratio": 0.8904345035552979, "lowlevel.barkbands.mean": [1.1597503544180654e-06, 7.567425654997351e-07, 1.5890151416897424e-07, 1.3267998610899667e-07, 2.1228386685834266e-05, 0.00042359516373835504, 0.0002458585368003696, 0.0008555336389690638, 0.0013230509357526898, 0.00069531420012936, 0.004198146518319845, 0.006225671619176865, 0.002162445103749633, 0.0009061750024557114, 8.28638585517183e-05, 2.052529453067109e-05, 1.1007155990228057e-05, 5.462804438138846e-06, 1.2981433883396676e-06, 1.1589310133786057e-06, 1.8035832454188494e-06, 6.275887471929309e-07, 1.972867522681554e-07, 2.481810668086837e-07, 2.2375371599991922e-07, 9.4196899169674e-08, 1.7007787178613398e-08], "lowlevel.barkbands.stdev": [2.189020733567304e-06, 1.1440431535447715e-06, 2.5441971729378565e-07, 2.0163840019904455e-07, 6.485348421847448e-05, 0.0008699468453414738, 0.0008290575351566076, 0.0021111692767590284, 0.0032249740324914455, 0.0020929749589413404, 0.011250806972384453, 0.015835871919989586, 0.00842351745814085, 0.0031068050302565098, 0.00040209601866081357, 7.795180135872215e-05, 2.920137376349885e-05, 1.1295811418676749e-05, 2.2077374524087645e-06, 1.7966111727218959e-06, 2.385428160778247e-06, 7.182543981798517e-07, 1.216531018144451e-07, 1.5187468704880303e-07, 1.12504331184482e-07, 6.560010490375134e-08, 3.799653569558359e-08], "lowlevel.erbbands.mean": [4.05800346925389e-05, 0.00011149802594445646, 0.00019403417536523193, 0.0003854607348330319, 0.002380269579589367, 0.07338400185108185, 1.3427823781967163, 4.4181013107299805, 2.135345220565796, 12.220662117004395, 17.69343376159668, 34.717044830322266, 19.64765167236328, 49.85826110839844, 264.5916442871094, 197.30870056152344, 114.84626007080078, 56.88282012939453, 18.181241989135742, 2.5401556491851807, 1.095778465270996, 0.7398771047592163, 0.3826964497566223, 0.10151243954896927, 0.05291770026087761, 0.05215506628155708, 0.08503659069538116, 0.0542566254734993, 0.025863410905003548, 0.008743107318878174, 0.005463095381855965, 0.0053057074546813965, 0.004087989218533039, 0.0028566496912389994, 0.0013525123940780759, 0.0005624038749374449, 0.00014302374620456249, 4.2117299017263576e-05, 1.0705684871936683e-05, 2.0686544303316623e-05], "lowlevel.erbbands.stdev": [6.687013956252486e-05, 0.00016001028416212648, 0.00028785807080566883, 0.00046051014214754105, 0.0037247701548039913, 0.16852344572544098, 2.8261964321136475, 10.394046783447266, 4.875953197479248, 30.242443084716797, 44.3135871887207, 89.21446990966797, 38.47652053833008, 169.93994140625, 616.02001953125, 473.1055908203125, 355.7586975097656, 177.04483032226562, 81.78202056884766, 11.302886009216309, 4.545547962188721, 1.871268391609192, 0.7000550031661987, 0.1520756483078003, 0.07974139600992203, 0.0728258490562439, 0.13992023468017578, 0.06141785532236099, 0.027234483510255814, 0.006654215976595879, 0.0032735117711126804, 0.003229839727282524, 0.0026882917154580355, 0.0017836898332461715, 0.0005858620861545205, 0.00029702321626245975, 0.00012743897968903184, 7.613326306454837e-05, 1.3264138942759018e-05, 2.9716447897953913e-05], "lowlevel.gfcc.mean": [-225.49996948242188, 75.8157730102539, -175.61915588378906, -61.24614334106445, -83.45710754394531, 8.188312530517578, -20.303062438964844, 0.6006577610969543, -19.492706298828125, 9.118938446044922, 3.4960055351257324, 7.981934547424316, 5.906801223754883], "lowlevel.melbands.mean": [3.4602427945173986e-07, 1.096519213206193e-07, 7.309459704174515e-08, 1.380385128868511e-06, 3.8869649870321155e-05, 9.015895193442702e-05, 3.5564142308430746e-05, 0.0001567832223372534, 0.00014954974176362157, 0.00021507027850020677, 8.897372026694939e-05, 0.00015610393893439323, 0.000708571111317724, 0.0007548211142420769, 0.0004421003395691514, 0.00017388570995535702, 9.230959403794259e-05, 3.403353184694424e-05, 5.3091557674633805e-06, 1.4410310313905939e-06, 9.896168648992898e-07, 7.337358738368494e-07, 5.720112881135719e-07, 1.7765572124517348e-07, 7.028052806390406e-08, 4.3997214760338466e-08, 3.2694781992859134e-08, 3.349058275148309e-08, 5.613253151182107e-08, 4.326226132889133e-08, 2.7336037433656202e-08, 1.686809802947664e-08, 7.129462353816507e-09, 3.774130785672014e-09, 2.977842861184854e-09, 3.2255367266031953e-09, 3.2612377243168567e-09, 2.920916619686409e-09, 2.7391540147192472e-09, 2.2549297984397754e-09], "lowlevel.melbands.stdev": [5.230518809185014e-07, 1.4626871802647656e-07, 9.732705308351797e-08, 3.809788040598505e-06, 7.794779230607674e-05, 0.00020176940597593784, 9.863982995739207e-05, 0.0003777841047849506, 0.0004043946391902864, 0.0005446427967399359, 0.00020115957886446267, 0.0006466728518716991, 0.0016976494807749987, 0.0019765396136790514, 0.0017452952452003956, 0.0005296746967360377, 0.00032872724113985896, 0.00017930981994140893, 3.540254692779854e-05, 5.029983640270075e-06, 4.8510873966733925e-06, 2.078445731967804e-06, 1.3369550515562878e-06, 3.4560659400995064e-07, 1.1769029839570067e-07, 8.226054859505894e-08, 4.6950486165542316e-08, 5.2762988644872166e-08, 1.0400277261624069e-07, 5.774248990064734e-08, 3.4131979020912695e-08, 2.0505179776364457e-08, 7.005098723311676e-09, 2.8639266513863504e-09, 1.93725990804694e-09, 2.048423430878188e-09, 2.2134614141577913e-09, 2.042682911707061e-09, 2.2603170446444665e-09, 1.370403790446062e-09], "lowlevel.melbands128.mean": [5.813000143461977e-07, 4.2005484601759235e-07, 2.7332262675372476e-07, 1.5573407097235759e-07, 1.030779372968027e-07, 7.341132146621021e-08, 6.034898092366348e-08, 7.071921714896234e-08, 9.073049511698628e-08, 1.8755842745576956e-07, 1.686719315330265e-06, 9.72928410192253e-06, 3.4983313526026905e-05, 8.615485421614721e-05, 0.00014330327394418418, 6.080475577618927e-05, 1.800296377041377e-05, 2.4273311282740906e-05, 5.801823135698214e-05, 0.000135057678562589, 0.0002360770886298269, 0.00016051947022788227, 0.00010811589163495228, 0.0001562124671181664, 0.00029272286337800324, 0.00022519021877087653, 7.107482815627009e-05, 6.331097392830998e-05, 0.0001288485509576276, 8.251465624198318e-05, 0.00022775519755668938, 0.00017499388195574284, 0.0005896110087633133, 0.0012388668255880475, 0.0011527364840731025, 0.00045310286805033684, 0.0002694424765650183, 0.000775835826061666, 0.00022281985729932785, 0.0002088155597448349, 0.000145284240716137, 0.00016344802861567587, 0.0001037070614984259, 4.645220542442985e-05, 6.10149436397478e-05, 3.139447289868258e-05, 4.326605449023191e-06, 1.003507713903673e-05, 2.1578582618531073e-06, 6.993564625190629e-07, 1.6900727359825396e-06, 1.6589201550232247e-06, 1.7973793546843808e-06, 2.2725888015884266e-07, 2.842564583716012e-07, 1.0373970553700929e-06, 8.624751899333205e-07, 5.881690867681755e-07, 6.032473720551934e-07, 2.765074214039487e-07, 1.3878808147183008e-07, 9.682530333066097e-08, 7.305560956183399e-08, 6.203680413818802e-08, 6.877856861819964e-08, 4.3409674077565796e-08, 2.7863297447083823e-08, 3.353103750214359e-08, 3.45805020174339e-08, 3.2279832140602593e-08, 2.771382057176197e-08, 3.2996222643078e-08, 5.356125143407553e-08, 6.677772290686335e-08, 5.5284342437289524e-08, 3.811757309790664e-08, 4.684564558488091e-08, 2.8807400909158787e-08, 2.5619439014690215e-08, 2.2658976917000473e-08, 2.1322744458984744e-08, 1.3677713184279128e-08, 7.79417685947692e-09, 7.912545285648775e-09, 4.82908824039896e-09, 3.725077357685791e-09, 3.6535505731905005e-09, 3.2741791500257023e-09, 2.810300658850906e-09, 2.8002316021513707e-09, 3.2325029319935084e-09, 3.3546097011338816e-09, 3.2014209061514975e-09, 3.06777536707159e-09, 3.5402931697348095e-09, 3.354587496673389e-09, 2.7296724880443435e-09, 2.3039039565020403e-09, 2.945582444624506e-09, 2.7693400905803855e-09, 2.5894333344211873e-09, 2.194011416989383e-09, 1.8893182573975764e-09, 1.7022919740483644e-09, 1.5271948150541448e-09, 1.269997440545012e-09, 1.1878813488408468e-09, 1.0996455968026453e-09, 8.139307006160834e-10, 9.396277089734895e-10, 7.884339292552056e-10, 6.157599430345329e-10, 2.4415688915091494e-10, 2.457311853998334e-10, 2.1873297617602816e-10, 3.333221754164839e-10, 5.689067550385118e-10, 1.5710567569104938e-10, 6.576328457491565e-12, 4.113327300298009e-12, 3.962690852538087e-12, 3.9303829288406256e-12, 3.934021077650618e-12, 3.8282862123428796e-12, 3.347914827311893e-12, 2.540552620708403e-12, 2.1047638458504547e-12, 2.034653695526245e-12], "lowlevel.melbands128.stdev": [1.0590998726911494e-06, 7.205635483842343e-07, 4.3883807165912003e-07, 2.2824967516044126e-07, 1.6539644320801017e-07, 1.1500802798991572e-07, 8.687545260954721e-08, 1.1756966955545067e-07, 1.723033449252398e-07, 4.6522592356268433e-07, 5.302759745973162e-06, 3.0148992664180696e-05, 0.00011323353828629479, 0.00017619377467781305, 0.00036992321838624775, 0.00017430615844205022, 6.0347105318214744e-05, 0.0001027667021844536, 0.0002608027425594628, 0.0004370979149825871, 0.0006709079607389867, 0.00048751922440715134, 0.0006120708421804011, 0.0006696601049043238, 0.0009422707953490317, 0.0006425773026421666, 0.0003347317106090486, 0.00021442385332193226, 0.00039873612695373595, 0.0003512866678647697, 0.0013694786466658115, 0.0007361647440120578, 0.00208832323551178, 0.0037967809475958347, 0.0039131781086325645, 0.0021296360064297915, 0.0011060289107263088, 0.0034478134475648403, 0.0016259546391665936, 0.001058718771673739, 0.00048389798030257225, 0.0008452729089185596, 0.0005013425834476948, 0.00025669237948022783, 0.00035451637813821435, 0.00023058796068653464, 1.9173096006852575e-05, 8.346550021087751e-05, 1.670938581810333e-05, 3.056633204323589e-06, 8.751767381909303e-06, 8.818737114779651e-06, 1.1280348189757206e-05, 1.0079662615680718e-06, 9.01767805316922e-07, 4.040773546876153e-06, 3.357235300427419e-06, 2.1772000309283612e-06, 1.8004276398642105e-06, 7.187729238467e-07, 4.777266440214589e-07, 3.2253169024443196e-07, 1.9266104800408357e-07, 1.466254815341017e-07, 1.715932711476853e-07, 1.2010659133920853e-07, 6.233417337853098e-08, 7.933554257988362e-08, 5.7855860546851545e-08, 9.097324493723136e-08, 5.555710558269311e-08, 6.660785345502518e-08, 1.592568850128373e-07, 1.629070141007105e-07, 1.4090667832533654e-07, 6.420391684969218e-08, 8.290411557254629e-08, 3.8883619879470643e-08, 4.833510658386331e-08, 4.9767127308086856e-08, 3.06091614277193e-08, 2.017285005706526e-08, 9.503088982398822e-09, 1.0733335997770155e-08, 6.209146974356372e-09, 4.019396815380105e-09, 3.3631215590190777e-09, 2.5405622050556076e-09, 2.4016755251210498e-09, 2.346904226513402e-09, 2.6934550145796265e-09, 2.6220690063638585e-09, 2.5446909024395836e-09, 2.569136903218805e-09, 3.2689151385767445e-09, 3.1214657525424627e-09, 2.303958357430247e-09, 1.9366979131518747e-09, 2.9437865478598724e-09, 2.8081310610161836e-09, 2.2395574283962105e-09, 1.5745262871291743e-09, 1.3678858046262121e-09, 1.1940587407721637e-09, 9.358137598169947e-10, 8.515987359736243e-10, 8.419450137076012e-10, 7.708445548537668e-10, 6.843484112728504e-10, 7.309032268310034e-10, 6.910435557117012e-10, 6.156736231943682e-10, 5.473227981944717e-10, 5.360547006283412e-10, 4.949335941084598e-10, 7.631782983352764e-10, 1.2853068609430807e-09, 4.711078194219454e-10, 2.3715690869452466e-11, 6.324169920385314e-12, 6.144907499505692e-12, 6.006651773193816e-12, 5.8897279414660275e-12, 5.7801597709572494e-12, 5.711948709158365e-12, 5.632173113306882e-12, 5.581153594835797e-12, 5.55093514556515e-12], "lowlevel.mfcc.mean": [-875.2724609375, 129.08558654785156, -49.33879470825195, -47.319210052490234, -41.92265319824219, -7.9795756340026855, 0.5504252314567566, -8.304553985595703, -5.0482096672058105, -12.293628692626953, 1.8462249040603638, 12.805289268493652, 1.3974802494049072], "lowlevel.spectral_contrast_coeffs.mean": [-0.7147308588027954, -0.6189771294593811, -0.6156249046325684, -0.7320291996002197, -0.8213179707527161, -0.7958987951278687], "lowlevel.spectral_contrast_coeffs.stdev": [0.1432279795408249, 0.11896200478076935, 0.1347493827342987, 0.11814366281032562, 0.04733658209443092, 0.035295311361551285], "lowlevel.spectral_contrast_valleys.mean": [-10.716273307800293, -9.117579460144043, -9.03094482421875, -9.792454719543457, -10.10116195678711, -12.734905242919922], "lowlevel.spectral_contrast_valleys.stdev": [0.5998213887214661, 0.8820149898529053, 0.9759148955345154, 0.8445447683334351, 0.48879125714302063, 0.3493308126926422], "rhythm.beats_loudness_band_ratio.mean": [0.0001668641052674502, 0.0711580291390419, 0.263198584318161, 0.6362997889518738, 0.03763476386666298, 0.00044421342317946255], "rhythm.beats_loudness_band_ratio.stdev": [0.0002461363619659096, 0.17199645936489105, 0.3211335241794586, 0.37308749556541443, 0.07247418165206909, 0.00037818661076016724], "tonal.hpcp.mean": [0.018270812928676605, 0.037148620933294296, 0.05710938572883606, 0.057543475180864334, 0.04275581240653992, 0.0386800542473793, 0.06612557917833328, 0.10963708162307739, 0.16475896537303925, 0.2001488208770752, 0.18584135174751282, 0.21852006018161774, 0.21083302795886993, 0.0982370525598526, 0.035047631710767746, 0.03162233158946037, 0.054883189499378204, 0.10839185118675232, 0.12064916640520096, 0.07398006319999695, 0.043258000165224075, 0.045975517481565475, 0.11540498584508896, 0.20212578773498535, 0.15769465267658234, 0.056723449379205704, 0.031961649656295776, 0.040084678679704666, 0.03490922227501869, 0.02810576558113098, 0.028725681826472282, 0.03754688426852226, 0.08678057789802551, 0.1091538742184639, 0.06603062152862549, 0.027414953336119652], "tonal.hpcp.stdev": [0.08170434832572937, 0.15160176157951355, 0.18894228339195251, 0.18599224090576172, 0.15677599608898163, 0.1308848261833191, 0.20023776590824127, 0.24739740788936615, 0.2982117831707001, 0.33641770482063293, 0.30572521686553955, 0.351095974445343, 0.3521163761615753, 0.2325035184621811, 0.12779366970062256, 0.125943124294281, 0.17423956096172333, 0.25785520672798157, 0.2693690061569214, 0.20687048137187958, 0.1607097089290619, 0.1536921113729477, 0.2355509102344513, 0.3513283431529999, 0.28490689396858215, 0.16481265425682068, 0.11759955435991287, 0.14574788510799408, 0.13280998170375824, 0.10512620955705643, 0.12001443654298782, 0.1279771476984024, 0.21494796872138977, 0.25247037410736084, 0.19332648813724518, 0.1053585335612297], "rhythm.beats_position": [0.4876190423965454, 0.9752380847930908, 1.4628571271896362, 1.9620860815048218, 2.4729251861572266, 2.972154140472412, 3.494603157043457, 4.017052173614502, 4.632380962371826, 5.24770975112915, 5.839818477630615, 6.4551472663879395, 7.070476055145264, 7.674194812774658, 8.28952407836914, 8.881632804870605, 9.427301406860352, 9.961359977722168, 10.460589408874512, 10.959818840026855, 11.447437286376953, 11.946666717529297, 12.445895195007324, 12.945124626159668, 13.444353103637695, 13.943582534790039, 14.442811965942383, 14.93043041229248, 15.418049812316895, 15.894058227539062, 16.370067596435547, 16.84607696533203, 17.322086334228516, 17.798095703125, 18.27410316467285, 18.750112533569336, 19.22612190246582], "rhythm.bpm_histogram": [0.0, 0.0, 0.0, 0.0, 0.0, 0.0, 0.0, 0.0, 0.0, 0.0, 0.0, 0.0, 0.0, 0.0, 0.0, 0.0, 0.0, 0.0, 0.0, 0.0, 0.0, 0.0, 0.0, 0.0, 0.0, 0.0, 0.0, 0.0, 0.0, 0.0, 0.0, 0.0, 0.0, 0.0, 0.0, 0.0, 0.0, 0.0, 0.0, 0.0, 0.0, 0.0, 0.0, 0.0, 0.0, 0.0, 0.0, 0.0, 0.0, 0.0, 0.0, 0.0, 0.0, 0.0, 0.0, 0.0, 0.0, 0.0, 0.0, 0.0, 0.0, 0.0, 0.0, 0.0, 0.0, 0.0, 0.0, 0.0, 0.0, 0.0, 0.0, 0.0, 0.0, 0.0, 0.0, 0.0, 0.0, 0.0, 0.0, 0.0, 0.0, 0.0, 0.0, 0.0, 0.0, 0.0, 0.0, 0.0, 0.0, 0.0, 0.0, 0.0, 0.0, 0.0, 0.0, 0.0, 0.0, 0.0, 0.1388888955116272, 0.02777777798473835, 0.0, 0.0555555559694767, 0.0, 0.0, 0.0, 0.0, 0.0, 0.0, 0.0, 0.0, 0.02777777798473835, 0.0, 0.02777777798473835, 0.0, 0.0, 0.0555555559694767, 0.0, 0.02777777798473835, 0.0, 0.0, 0.2777777910232544, 0.0, 0.0, 0.1388888955116272, 0.0, 0.0, 0.2222222238779068, 0.0, 0.0, 0.0, 0.0, 0.0, 0.0, 0.0, 0.0, 0.0, 0.0, 0.0, 0.0, 0.0, 0.0, 0.0, 0.0, 0.0, 0.0, 0.0, 0.0, 0.0, 0.0, 0.0, 0.0, 0.0, 0.0, 0.0, 0.0, 0.0, 0.0, 0.0, 0.0, 0.0, 0.0, 0.0, 0.0, 0.0, 0.0, 0.0, 0.0, 0.0, 0.0, 0.0, 0.0, 0.0, 0.0, 0.0, 0.0, 0.0, 0.0, 0.0, 0.0, 0.0, 0.0, 0.0, 0.0, 0.0, 0.0, 0.0, 0.0, 0.0, 0.0, 0.0, 0.0, 0.0, 0.0, 0.0, 0.0, 0.0, 0.0, 0.0, 0.0, 0.0, 0.0, 0.0, 0.0, 0.0, 0.0, 0.0, 0.0, 0.0, 0.0, 0.0, 0.0, 0.0, 0.0, 0.0, 0.0, 0.0, 0.0, 0.0, 0.0, 0.0, 0.0, 0.0, 0.0, 0.0, 0.0, 0.0, 0.0, 0.0, 0.0, 0.0, 0.0, 0.0, 0.0, 0.0, 0.0, 0.0, 0.0, 0.0, 0.0, 0.0, 0.0, 0.0, 0.0, 0.0, 0.0, 0.0, 0.0, 0.0, 0.0, 0.0], "tonal.chords_histogram": [9.112149238586426, 5.373831748962402, 1.4018691778182983, 0.0, 0.0, 0.0, 0.0, 0.0, 4.2056074142456055, 22.19626235961914, 28.271028518676758, 10.981307983398438, 0.0, 0.0, 0.0, 0.0, 0.9345794320106506, 0.9345794320106506, 6.074766159057617, 0.0, 3.7383177280426025, 0.0, 0.0, 6.77570104598999], "tonal.thpcp": [1.0, 0.9648222923278809, 0.44955623149871826, 0.1603863388299942, 0.14471134543418884, 0.25115859508514404, 0.49602699279785156, 0.5521194338798523, 0.3385504484176636, 0.19795894622802734, 0.210394948720932, 0.528120756149292, 0.9249758720397949, 0.7216483950614929, 0.2595800459384918, 0.14626415073871613, 0.1834370642900467, 0.15975293517112732, 0.12861870229244232, 0.13145558536052704, 0.17182351648807526, 0.3971286416053772, 0.4995141923427582, 0.30217188596725464, 0.12545737624168396, 0.08361160755157471, 0.17000097036361694, 0.2613461911678314, 0.26333269476890564, 0.1956608146429062, 0.17700916528701782, 0.3026064336299896, 0.5017254948616028, 0.7539764046669006, 0.915928840637207, 0.8504544496536255], "lowlevel.gfcc.cov": [[5129.9521484375, 1733.1700439453125, -2198.30322265625, -1922.873291015625, -257.7527160644531, -98.30054473876953, -45.72600173950195, -854.4625244140625, -62.53413009643555, -247.0931854248047, 629.899658203125, -131.49139404296875, 444.9894714355469], [1733.1700439453125, 1257.0631103515625, -292.4668884277344, -763.73828125, -546.4686279296875, -327.4569396972656, -79.79780578613281, -225.29920959472656, -132.9131622314453, -264.8177185058594, 190.57493591308594, -41.16150665283203, 198.0247039794922], [-2198.30322265625, -292.4668884277344, 2080.862060546875, 1215.5682373046875, -453.9398498535156, -545.0064697265625, -42.37441635131836, 720.6273193359375, -56.65475082397461, -49.122982025146484, -471.0727844238281, 151.7440185546875, -228.1305694580078], [-1922.873291015625, -763.73828125, 1215.5682373046875, 1331.3372802734375, 40.37297439575195, -269.85089111328125, -64.78448486328125, 595.9567260742188, 121.35538482666016, 130.4200439453125, -367.3250427246094, 91.82894897460938, -188.0295867919922], [-257.7527160644531, -546.4686279296875, -453.9398498535156, 40.37297439575195, 635.0283203125, 498.49932861328125, 70.34123992919922, -174.49176025390625, 35.395774841308594, 151.53256225585938, 53.8585319519043, 21.06360626220703, -17.70260238647461], [-98.30054473876953, -327.4569396972656, -545.0064697265625, -269.85089111328125, 498.49932861328125, 735.5625, 174.77069091796875, -281.6394348144531, -32.01561737060547, 131.43272399902344, 122.84109497070312, -37.12590408325195, -14.134098052978516], [-45.72600173950195, -79.79780578613281, -42.37441635131836, -64.78448486328125, 70.34123992919922, 174.77069091796875, 213.04933166503906, 30.9393367767334, -7.139463901519775, 8.43809986114502, 17.197525024414062, -25.765092849731445, -32.1472053527832], [-854.4625244140625, -225.29920959472656, 720.6273193359375, 595.9567260742188, -174.49176025390625, -281.6394348144531, 30.9393367767334, 550.7236938476562, 197.6173858642578, 91.2905044555664, -208.61016845703125, -8.598115921020508, -188.22198486328125], [-62.53413009643555, -132.9131622314453, -56.65475082397461, 121.35538482666016, 35.395774841308594, -32.01561737060547, -7.139463901519775, 197.6173858642578, 324.8143005371094, 218.77027893066406, 12.707428932189941, -87.0746841430664, -139.34014892578125], [-247.0931854248047, -264.8177185058594, -49.122982025146484, 130.4200439453125, 151.53256225585938, 131.43272399902344, 8.43809986114502, 91.2905044555664, 218.77027893066406, 297.00360107421875, 61.20005416870117, -45.96442413330078, -149.38250732421875], [629.899658203125, 190.57493591308594, -471.0727844238281, -367.3250427246094, 53.8585319519043, 122.84109497070312, 17.197525024414062, -208.61016845703125, 12.707428932189941, 61.20005416870117, 267.3534240722656, -2.708000421524048, 28.531362533569336], [-131.49139404296875, -41.16150665283203, 151.7440185546875, 91.82894897460938, 21.06360626220703, -37.12590408325195, -25.765092849731445, -8.598115921020508, -87.0746841430664, -45.96442413330078, -2.708000421524048, 136.87327575683594, 57.12771987915039], [444.9894714355469, 198.0247039794922, -228.1305694580078, -188.0295867919922, -17.70260238647461, -14.134098052978516, -32.1472053527832, -188.22198486328125, -139.34014892578125, -149.38250732421875, 28.531362533569336, 57.12771987915039, 241.44102478027344]], "lowlevel.gfcc.icov": [[0.0010848527308553457, -0.0013932303991168737, 0.0012035791296511889, -5.494294236996211e-05, -0.00027077950653620064, 0.000948018510825932, -0.0009216219768859446, 0.0004839918401557952, -4.9185528041562065e-05, -0.0006336221122182906, 0.0006524495547637343, -0.000845936534460634, 0.00023057432554196566], [-0.0013932303991168737, 0.00518569303676486, -0.0024041335564106703, 0.002051890129223466, 0.00180572469253093, -0.0009890763321891427, 0.0023442073725163937, -0.0012297469656914473, -0.0004656534583773464, 0.0024020473938435316, -0.00314326211810112, 0.002592002274468541, -0.001955492189154029], [0.0012035791296511889, -0.0024041335564106703, 0.004800755530595779, -0.002490219660103321, 0.0022555538453161716, 0.00039120943984016776, -0.0017921440303325653, 0.0003275024937465787, 0.0017837317427620292, -0.0018260665237903595, 0.0036107636988162994, -0.004471276421099901, 0.0030861704144626856], [-5.494294236996211e-05, 0.002051890129223466, -0.002490219660103321, 0.005301566328853369, -0.0024245604872703552, 0.0012291650054976344, 0.002120204037055373, -0.0033006889279931784, 0.0007999918889254332, -0.0007082526572048664, -0.0008083395077846944, 0.001987452618777752, -0.0025537351612001657], [-0.00027077950653620064, 0.00180572469253093, 0.0022555538453161716, -0.0024245604872703552, 0.008568274788558483, -0.004029501229524612, 7.498877039324725e-06, 0.0022111127618700266, -0.0015776014188304543, 0.0005497901001945138, 0.0015733252512291074, -0.00433816434815526, 0.0016483623767271638], [0.000948018510825932, -0.0009890763321891427, 0.00039120943984016776, 0.0012291650054976344, -0.004029501229524612, 0.006771928630769253, -0.003982381895184517, 0.0020275572314858437, 0.0016516403993591666, -0.0032199181150645018, 0.0010461618658155203, 0.0011331875575706363, 0.0001114802435040474], [-0.0009216219768859446, 0.0023442073725163937, -0.0017921440303325653, 0.002120204037055373, 7.498877039324725e-06, -0.003982381895184517, 0.01024562306702137, -0.006000490393489599, 0.0018246645340695977, 0.002602658001706004, -0.00374211766757071, 0.0034509776160120964, -0.001523475511930883], [0.0004839918401557952, -0.0012297469656914473, 0.0003275024937465787, -0.0033006889279931784, 0.0022111127618700266, 0.0020275572314858437, -0.006000490393489599, 0.012606539763510227, -0.006952458526939154, 0.0007240120903588831, 0.0043189264833927155, -0.003956334665417671, 0.004026465117931366], [-4.9185528041562065e-05, -0.0004656534583773464, 0.0017837317427620292, 0.0007999918889254332, -0.0015776014188304543, 0.0016516403993591666, 0.0018246645340695977, -0.006952458526939154, 0.01396643090993166, -0.00820802990347147, 9.993609637604095e-06, 0.00420386204496026, -0.0004290110955480486], [-0.0006336221122182906, 0.0024020473938435316, -0.0018260665237903595, -0.0007082526572048664, 0.0005497901001945138, -0.0032199181150645018, 0.002602658001706004, 0.0007240120903588831, -0.00820802990347147, 0.014370031654834747, -0.005787497386336327, 0.0006966617074795067, 0.0023564815055578947], [0.0006524495547637343, -0.00314326211810112, 0.0036107636988162994, -0.0008083395077846944, 0.0015733252512291074, 0.0010461618658155203, -0.00374211766757071, 0.0043189264833927155, 9.993609637604095e-06, -0.005787497386336327, 0.01335084531456232, -0.0074335746467113495, 0.003809161949902773], [-0.000845936534460634, 0.002592002274468541, -0.004471276421099901, 0.001987452618777752, -0.00433816434815526, 0.0011331875575706363, 0.0034509776160120964, -0.003956334665417671, 0.00420386204496026, 0.0006966617074795067, -0.0074335746467113495, 0.017785578966140747, -0.006592981982976198], [0.00023057432554196566, -0.001955492189154029, 0.0030861704144626856, -0.0025537351612001657, 0.0016483623767271638, 0.0001114802435040474, -0.001523475511930883, 0.004026465117931366, -0.0004290110955480486, 0.0023564815055578947, 0.003809161949902773, -0.006592981982976198, 0.011631637811660767]], "lowlevel.mfcc.cov": [[4711.1640625, 1669.7784423828125, -1955.99658203125, -1613.3564453125, -538.954345703125, 98.19727325439453, -75.02655792236328, -499.87225341796875, -599.5589599609375, -550.8416748046875, -160.82388305664062, 65.78196716308594, -98.23387145996094], [1669.7784423828125, 1320.8934326171875, -164.73464965820312, -677.3223266601562, -493.2258605957031, -239.32107543945312, -43.126033782958984, -102.36576843261719, -329.07733154296875, -327.3905029296875, -186.29481506347656, -140.1908721923828, -224.9165496826172], [-1955.99658203125, -164.73464965820312, 1784.3482666015625, 1080.524169921875, -126.99250793457031, -634.3016967773438, -158.2614288330078, 290.2266845703125, 275.1202697753906, 156.58059692382812, 12.324628829956055, -112.63496398925781, -185.5943145751953], [-1613.3564453125, -677.3223266601562, 1080.524169921875, 1265.1181640625, 182.42373657226562, -481.09912109375, -216.59144592285156, 178.60833740234375, 362.11376953125, 223.4250946044922, 103.34217834472656, 57.187652587890625, -43.277957916259766], [-538.954345703125, -493.2258605957031, -126.99250793457031, 182.42373657226562, 392.2779235839844, 243.4796142578125, 7.27931022644043, -0.08793754130601883, 100.24241638183594, 116.1333236694336, 64.10868072509766, 62.208412170410156, 127.22162628173828], [98.19727325439453, -239.32107543945312, -634.3016967773438, -481.09912109375, 243.4796142578125, 670.0782470703125, 271.9723205566406, -48.67081832885742, -79.6265640258789, 10.205348014831543, -5.465183258056641, 6.430731296539307, 154.2928924560547], [-75.02655792236328, -43.126033782958984, -158.2614288330078, -216.59144592285156, 7.27931022644043, 271.9723205566406, 296.1573486328125, 85.66613006591797, -62.44136047363281, -37.67854690551758, -65.63085174560547, -69.43889617919922, 2.7349531650543213], [-499.87225341796875, -102.36576843261719, 290.2266845703125, 178.60833740234375, -0.08793754130601883, -48.67081832885742, 85.66613006591797, 212.6157989501953, 112.12985229492188, 38.239418029785156, -29.568252563476562, -45.512691497802734, -33.1375846862793], [-599.5589599609375, -329.07733154296875, 275.1202697753906, 362.11376953125, 100.24241638183594, -79.6265640258789, -62.44136047363281, 112.12985229492188, 304.0059814453125, 188.740966796875, 39.834625244140625, 31.647642135620117, 35.68123245239258], [-550.8416748046875, -327.3905029296875, 156.58059692382812, 223.4250946044922, 116.1333236694336, 10.205348014831543, -37.67854690551758, 38.239418029785156, 188.740966796875, 290.3245849609375, 164.857421875, 94.07090759277344, 153.66477966308594], [-160.82388305664062, -186.29481506347656, 12.324628829956055, 103.34217834472656, 64.10868072509766, -5.465183258056641, -65.63085174560547, -29.568252563476562, 39.834625244140625, 164.857421875, 254.5961151123047, 194.4432830810547, 180.97723388671875], [65.78196716308594, -140.1908721923828, -112.63496398925781, 57.187652587890625, 62.208412170410156, 6.430731296539307, -69.43889617919922, -45.512691497802734, 31.647642135620117, 94.07090759277344, 194.4432830810547, 270.0821533203125, 220.4163360595703], [-98.23387145996094, -224.9165496826172, -185.5943145751953, -43.277957916259766, 127.22162628173828, 154.2928924560547, 2.7349531650543213, -33.1375846862793, 35.68123245239258, 153.66477966308594, 180.97723388671875, 220.4163360595703, 358.44378662109375]], "lowlevel.mfcc.icov": [[0.0018251867732033134, -0.0019853971898555756, 0.0023318252060562372, -0.0008295640000142157, 0.0011440453818067908, 2.4690238205948845e-05, 0.00024354466586373746, 0.0008814536267891526, -0.0007326300838030875, 0.0007864516810514033, -0.00040630303556099534, -0.0004964775289408863, 0.00027077889535576105], [-0.0019853971898555756, 0.00521961459890008, -0.0031893812119960785, 0.0033219624310731888, -0.0002920255938079208, 0.0015376427909359336, 0.0004994322662241757, -0.0010722308652475476, 0.0017657377757132053, -0.0004971131565980613, 0.0014869060833007097, -0.00010672174539649859, 0.00017185653268825263], [0.0023318252060562372, -0.0031893812119960785, 0.005192916374653578, -0.0035164006985723972, 0.0028768465854227543, -0.0006205036188475788, 0.0010167801519855857, -0.0006847538170404732, -6.802719144616276e-05, 0.00015063321916386485, -0.0009615109302103519, 0.0008448428707197309, -1.4904321687936317e-05], [-0.0008295640000142157, 0.0033219624310731888, -0.0035164006985723972, 0.006986369378864765, -0.004307087045162916, 0.004923492204397917, -0.001782155828550458, 0.0010462467325851321, -0.001657831366173923, 0.0006909581134095788, 0.00038324741763062775, -0.0016259062103927135, 0.00107475311961025], [0.0011440453818067908, -0.0002920255938079208, 0.0028768465854227543, -0.004307087045162916, 0.010326560586690903, -0.006340113002806902, 0.0052656931802630424, -0.00187864457257092, 0.0014307922683656216, -0.0005232534604147077, 0.0006798091344535351, 0.000543072004802525, -0.0006453851237893105], [2.4690238205948845e-05, 0.0015376427909359336, -0.0006205036188475788, 0.004923492204397917, -0.006340113002806902, 0.010440254583954811, -0.007353887427598238, 0.003691518446430564, -0.002183157717809081, 0.001084863324649632, -0.0005340757197700441, 0.00034025535569526255, -0.000788919860497117], [0.00024354466586373746, 0.0004994322662241757, 0.0010167801519855857, -0.001782155828550458, 0.0052656931802630424, -0.007353887427598238, 0.0130720790