{"song_id": "1182281293866749952", "download": "https://cdn.discordapp.com/attachments/1128313332273782784/1182281293866749952/chirp.mp4?ex=65842042&amp", "lyrics": "[Instrumental introduction]\n[verse 1]\n\u042f \u043d\u0430\u0432\u0441\u0435\u0433\u0434\u0430 \u0437\u0430\u043f\u043e\u043c\u043d\u044e \u043d\u043e\u0447\u044c,\n\u041a\u043e\u0433\u0434\u0430 \u0432\u0441\u0451 \u044d\u0442\u043e \u043d\u0430\u0447\u0430\u043b\u043e\u0441\u044c\n\u041f\u043e\u0434 \u0443\u0442\u0440\u043e \u044f \u0441 \u0443\u043c\u0430 \u0441\u043e\u0448\u043b\u0430\n\u0417\u0430\u0447\u0435\u043c \u0436\u0435 \u044f \u0442\u0435\u0431\u044f \u043d\u0430\u0448\u043b\u0430!?", "style": ["Kinderlied"], "essentia_features": {"lowlevel.average_loudness": 0.8884386420249939, "lowlevel.barkbands_crest.mean": 15.218396186828613, "lowlevel.barkbands_crest.stdev": 5.6977219581604, "lowlevel.barkbands_flatness_db.mean": 0.32520294189453125, "lowlevel.barkbands_flatness_db.stdev": 0.08226332068443298, "lowlevel.barkbands_kurtosis.mean": 26.88817596435547, "lowlevel.barkbands_kurtosis.stdev": 59.97890090942383, "lowlevel.barkbands_skewness.mean": 2.889479398727417, "lowlevel.barkbands_skewness.stdev": 3.3397951126098633, "lowlevel.barkbands_spread.mean": 9.538174629211426, "lowlevel.barkbands_spread.stdev": 14.701711654663086, "lowlevel.dissonance.mean": 0.37483736872673035, "lowlevel.dissonance.stdev": 0.07542348653078079, "lowlevel.dynamic_complexity": 5.736443519592285, "lowlevel.erbbands_crest.mean": 18.637142181396484, "lowlevel.erbbands_crest.stdev": 7.110350608825684, "lowlevel.erbbands_flatness_db.mean": 0.33911338448524475, "lowlevel.erbbands_flatness_db.stdev": 0.07585910707712173, "lowlevel.erbbands_kurtosis.mean": 8.82974624633789, "lowlevel.erbbands_kurtosis.stdev": 16.501026153564453, "lowlevel.erbbands_skewness.mean": 1.5383816957473755, "lowlevel.erbbands_skewness.stdev": 1.9944982528686523, "lowlevel.erbbands_spread.mean": 19.21173095703125, "lowlevel.erbbands_spread.stdev": 23.484758377075195, "lowlevel.hfc.mean": 11.988046646118164, "lowlevel.hfc.stdev": 14.810256004333496, "lowlevel.loudness_ebu128.integrated": -21.991981506347656, "lowlevel.loudness_ebu128.loudness_range": 3.9305992126464844, "lowlevel.loudness_ebu128.momentary.mean": -24.54939079284668, "lowlevel.loudness_ebu128.momentary.stdev": 5.914305210113525, "lowlevel.loudness_ebu128.short_term.mean": -22.37741470336914, "lowlevel.loudness_ebu128.short_term.stdev": 1.2179083824157715, "lowlevel.melbands_crest.mean": 20.30528450012207, "lowlevel.melbands_crest.stdev": 7.280493259429932, "lowlevel.melbands_flatness_db.mean": 0.3584473729133606, "lowlevel.melbands_flatness_db.stdev": 0.09260206669569016, "lowlevel.melbands_kurtosis.mean": 38.55656433105469, "lowlevel.melbands_kurtosis.stdev": 69.13875579833984, "lowlevel.melbands_skewness.mean": 3.4268782138824463, "lowlevel.melbands_skewness.stdev": 3.3842198848724365, "lowlevel.melbands_spread.mean": 13.065361022949219, "lowlevel.melbands_spread.stdev": 21.90404510498047, "lowlevel.pitch_salience.mean": 0.41382211446762085, "lowlevel.pitch_salience.stdev": 0.17931875586509705, "lowlevel.silence_rate_20dB.mean": 1.0, "lowlevel.silence_rate_20dB.stdev": 0.0, "lowlevel.silence_rate_30dB.mean": 0.9968798756599426, "lowlevel.silence_rate_30dB.stdev": 0.05577102303504944, "lowlevel.silence_rate_60dB.mean": 0.332293301820755, "lowlevel.silence_rate_60dB.stdev": 0.4710356593132019, "lowlevel.spectral_centroid.mean": 840.5701904296875, "lowlevel.spectral_centroid.stdev": 620.9583740234375, "lowlevel.spectral_complexity.mean": 4.811232566833496, "lowlevel.spectral_complexity.stdev": 3.161329746246338, "lowlevel.spectral_decrease.mean": -4.285934718240014e-09, "lowlevel.spectral_decrease.stdev": 5.156195470590319e-09, "lowlevel.spectral_energy.mean": 0.017263470217585564, "lowlevel.spectral_energy.stdev": 0.020652540028095245, "lowlevel.spectral_energyband_high.mean": 9.726126154419035e-05, "lowlevel.spectral_energyband_high.stdev": 0.00025240815011784434, "lowlevel.spectral_energyband_low.mean": 5.468220024340553e-06, "lowlevel.spectral_energyband_low.stdev": 1.3960891010356136e-05, "lowlevel.spectral_energyband_middle_high.mean": 0.005715081002563238, "lowlevel.spectral_energyband_middle_high.stdev": 0.011932941153645515, "lowlevel.spectral_energyband_middle_low.mean": 0.011694836430251598, "lowlevel.spectral_energyband_middle_low.stdev": 0.01735484041273594, "lowlevel.spectral_entropy.mean": 6.073183059692383, "lowlevel.spectral_entropy.stdev": 0.8462479114532471, "lowlevel.spectral_flux.mean": 0.05328548327088356, "lowlevel.spectral_flux.stdev": 0.049494244158267975, "lowlevel.spectral_kurtosis.mean": 18.019699096679688, "lowlevel.spectral_kurtosis.stdev": 23.44599151611328, "lowlevel.spectral_rms.mean": 0.0033980803564190865, "lowlevel.spectral_rms.stdev": 0.002301181899383664, "lowlevel.spectral_rolloff.mean": 1254.5001220703125, "lowlevel.spectral_rolloff.stdev": 1705.4219970703125, "lowlevel.spectral_skewness.mean": 2.7129790782928467, "lowlevel.spectral_skewness.stdev": 1.5417370796203613, "lowlevel.spectral_spread.mean": 3191590.25, "lowlevel.spectral_spread.stdev": 1911382.625, "lowlevel.spectral_strongpeak.mean": 1.833860158920288, "lowlevel.spectral_strongpeak.stdev": 2.043087959289551, "lowlevel.zerocrossingrate.mean": 0.04432009160518646, "lowlevel.zerocrossingrate.stdev": 0.047474782913923264, "metadata.audio_properties.analysis.equal_loudness": 0.0, "metadata.audio_properties.analysis.length": 14.846939086914062, "metadata.audio_properties.analysis.sample_rate": 44100.0, "metadata.audio_properties.analysis.start_time": 0.0, "metadata.audio_properties.bit_rate": 110323.0, "metadata.audio_properties.length": 14.847999572753906, "metadata.audio_properties.lossless": 0.0, "metadata.audio_properties.number_channels": 1.0, "metadata.audio_properties.replay_gain": -6.511255264282227, "metadata.audio_properties.sample_rate": 48000.0, "rhythm.beats_count": 23.0, "rhythm.beats_loudness.mean": 0.024353791028261185, "rhythm.beats_loudness.stdev": 0.02770514041185379, "rhythm.bpm": 105.02930450439453, "rhythm.bpm_histogram_first_peak_bpm": 105.0, "rhythm.bpm_histogram_first_peak_weight": 0.5, "rhythm.bpm_histogram_second_peak_bpm": 85.0, "rhythm.bpm_histogram_second_peak_spread": 0.3999999761581421, "rhythm.bpm_histogram_second_peak_weight": 0.13636364042758942, "rhythm.danceability": 1.1570115089416504, "rhythm.onset_rate": 3.90289306640625, "tonal.chords_changes_rate": 0.06542056053876877, "tonal.chords_number_rate": 0.024922117590904236, "tonal.chords_strength.mean": 0.5785087943077087, "tonal.chords_strength.stdev": 0.07739477604627609, "tonal.hpcp_crest.mean": 19.329320907592773, "tonal.hpcp_crest.stdev": 9.290952682495117, "tonal.hpcp_entropy.mean": 1.373384714126587, "tonal.hpcp_entropy.stdev": 0.7877358794212341, "tonal.key_edma.strength": 0.6815395951271057, "tonal.key_krumhansl.strength": 0.6707133650779724, "tonal.key_temperley.strength": 0.65001380443573, "tonal.tuning_diatonic_strength": 0.5132017731666565, "tonal.tuning_equal_tempered_deviation": 0.14464162290096283, "tonal.tuning_frequency": 443.8288879394531, "tonal.tuning_nontempered_energy_ratio": 0.8493882417678833, "lowlevel.barkbands.mean": [2.780950012493122e-07, 7.505811367991555e-07, 1.8837087054635049e-06, 2.9759354220004752e-05, 0.000744128308724612, 0.003029160900041461, 0.0056711300276219845, 0.0016384090995416045, 0.0001167789232567884, 0.0016753593226894736, 0.0025359804276376963, 0.0009662558441050351, 0.00023037267965264618, 0.00019114887982141227, 0.00010496912727830932, 2.6769392206915654e-05, 2.7699259590008296e-05, 2.556803337938618e-05, 0.00010601995018078014, 7.438924512825906e-05, 1.4691398973809555e-05, 7.131145139283035e-06, 2.5285125957452692e-05, 1.6394526028307155e-05, 2.234693738500937e-06, 8.647854201626615e-07, 6.99891913313877e-08], "lowlevel.barkbands.stdev": [6.500539484477486e-07, 1.6896684655876015e-06, 4.671830083680106e-06, 0.00030868491739965975, 0.00331419100984931, 0.006071025505661964, 0.014668441377580166, 0.006512591149657965, 0.00044268922647461295, 0.005278244148939848, 0.007999468594789505, 0.004375576972961426, 0.0007529440335929394, 0.000689870968926698, 0.00036571742384694517, 0.0001316245034104213, 8.541320130461827e-05, 7.248503243317828e-05, 0.00028079378535039723, 0.00021603344066534191, 5.4229236411629245e-05, 2.6949575840262696e-05, 9.669735300121829e-05, 5.797201447421685e-05, 7.077661848597927e-06, 3.1440013117389753e-06, 4.356040790298721e-07], "lowlevel.erbbands.mean": [2.5078026737901382e-05, 0.00022205826826393604, 0.002280693966895342, 0.05782820284366608, 1.0128012895584106, 2.081364631652832, 9.63698959350586, 29.9254207611084, 66.24073791503906, 84.90499114990234, 15.126665115356445, 3.2086286544799805, 28.840517044067383, 80.1434555053711, 111.236572265625, 30.572368621826172, 12.383857727050781, 11.45059871673584, 5.449535369873047, 4.110389232635498, 1.7738546133041382, 1.1690870523452759, 1.4174678325653076, 3.972820520401001, 5.279506206512451, 3.669419050216675, 1.3638625144958496, 0.2550266683101654, 0.24146652221679688, 0.5032061338424683, 0.7452040314674377, 0.4903927743434906, 0.1852869987487793, 0.04338353872299194, 0.008251539431512356, 0.0034320205450057983, 0.0017422863747924566, 0.0003187100519426167, 1.675106250331737e-05, 2.030926953011658e-05], "lowlevel.erbbands.stdev": [6.226586265256628e-05, 0.0004839900939259678, 0.00892018061131239, 0.49183031916618347, 8.555580139160156, 12.409073829650879, 15.1405029296875, 68.92113494873047, 159.73748779296875, 231.12960815429688, 52.51237869262695, 6.583298206329346, 68.21561431884766, 245.1169891357422, 420.2733154296875, 82.44135284423828, 34.61114501953125, 36.48984146118164, 15.701896667480469, 17.359115600585938, 6.007792949676514, 3.2225797176361084, 4.248066425323486, 9.626818656921387, 15.38403034210205, 11.068619728088379, 3.8834853172302246, 1.264075517654419, 0.9207306504249573, 1.8988869190216064, 2.9319121837615967, 1.9447391033172607, 0.5754687190055847, 0.13242338597774506, 0.02471110224723816, 0.011706606484949589, 0.0068839252926409245, 0.0012909604702144861, 3.5913759347749874e-05, 2.3513874111813493e-05], "lowlevel.gfcc.mean": [-184.7044677734375, 104.83479309082031, -158.4927520751953, -25.00628089904785, -102.43441772460938, -28.90073585510254, -50.63386535644531, -19.770626068115234, -36.12090301513672, -10.327813148498535, 21.506946563720703, -6.2347025871276855, 10.105050086975098], "lowlevel.melbands.mean": [2.0686825052962377e-07, 7.388871949842724e-07, 3.522073166095652e-05, 0.00011038056982215494, 0.00027974878321401775, 0.0006721899844706059, 0.0011020286474376917, 0.0008408436551690102, 7.192705379566178e-05, 2.0882947865175083e-05, 0.00014014658518135548, 0.00030778732616454363, 0.0003270405577495694, 0.0001839360047597438, 2.9728087611147203e-05, 2.1965142877888866e-05, 2.245223367935978e-05, 8.282801900350023e-06, 7.435874977090862e-06, 3.3922731290658703e-06, 1.984615664696321e-06, 1.2719922324322397e-06, 1.295583047067339e-06, 1.1283054845989682e-06, 3.4072952530550538e-06, 3.945455773646245e-06, 3.2107491279020905e-06, 2.2157971670822008e-06, 1.1338621561662876e-06, 2.3356940914709412e-07, 9.918910137685089e-08, 1.2151143380378926e-07, 1.6174772099475376e-07, 3.3480009165032243e-07, 4.2259702581759484e-07, 4.237839164034085e-07, 2.572146229340433e-07, 1.5041220535749744e-07, 6.378459005418335e-08, 2.5823332805430255e-08], "lowlevel.melbands.stdev": [4.881571840087418e-07, 1.6493027032993268e-06, 0.00031684720306657255, 0.0007405527867376804, 0.0005312876892276108, 0.0014744112268090248, 0.0025976765900850296, 0.0023124427534639835, 0.0002965516468975693, 5.996842810418457e-05, 0.00034576523466967046, 0.0010178390657529235, 0.0011158230481669307, 0.0007022478966973722, 7.980825466802344e-05, 7.509809074690565e-05, 8.034545317059383e-05, 2.5621182430768386e-05, 2.643709012772888e-05, 1.5390660337288864e-05, 6.676963039353723e-06, 3.7011323001934215e-06, 3.98247584598721e-06, 3.0664525638712803e-06, 8.410112968704198e-06, 1.2790951586794108e-05, 9.506578862783499e-06, 6.69872270009364e-06, 3.1747279081173474e-06, 1.1097386050096247e-06, 5.902697921555955e-07, 5.004484364690143e-07, 6.193889703354216e-07, 1.3007570487388875e-06, 1.6275994312309194e-06, 1.8713842564466177e-06, 9.918958312482573e-07, 4.6382746177187073e-07, 2.056859500498831e-07, 7.938956514408346e-08], "lowlevel.melbands128.mean": [1.2116188941035944e-07, 1.6843291916757153e-07, 2.281883979549093e-07, 3.0680064355692593e-07, 4.116075729143631e-07, 1.145952523984306e-06, 2.3769650852045743e-06, 2.1913150703767315e-05, 0.00011900963727384806, 0.000121913748444058, 7.956840272527188e-05, 0.0001919366477522999, 0.0003693658800330013, 0.0003078110748901963, 0.000610672403126955, 0.0009168218239210546, 0.0009358866373077035, 0.001050304970704019, 0.0015355914365500212, 0.0009243721724487841, 0.0006398007390089333, 0.00010668524919310585, 3.45314174410305e-06, 1.7713397255647578e-06, 4.682553935708711e-06, 1.6182488252525218e-05, 8.474034257233143e-05, 0.0002022354892687872, 8.803868695395067e-05, 0.0003180881612934172, 0.0004417238524183631, 0.0002016653015743941, 0.00016004862845875323, 0.000684642291162163, 0.0002111061185132712, 5.6497694458812475e-05, 5.312868961482309e-05, 1.5028407688078005e-05, 2.851942554116249e-05, 3.071765968343243e-05, 2.2249872927204706e-05, 4.8283145588357e-06, 2.5269077013945207e-05, 3.649407881312072e-05, 2.7740227324102307e-06, 4.937644916935824e-06, 1.0073208613903262e-05, 7.356392870860873e-06, 7.537000328738941e-06, 4.519305093708681e-06, 2.664168732735561e-06, 2.5865610950859264e-06, 6.822646696491574e-07, 2.987242623930797e-06, 2.2327894839691e-06, 5.262543822937005e-07, 8.99148062671884e-07, 1.2562946949401521e-06, 1.4424894061448867e-06, 1.594945842953166e-06, 3.4661582049011486e-07, 8.113611897897499e-07, 4.335926405474311e-06, 4.09080394092598e-06, 2.341250592508004e-06, 3.8136736293381546e-06, 5.398384473664919e-06, 3.2439425012853462e-06, 2.342634616070427e-06, 3.7441266158566577e-06, 2.027560185524635e-06, 1.7626218777877511e-06, 1.6489696008648025e-06, 1.0862431736313738e-06, 3.7340430480981013e-07, 2.706793225115689e-07, 1.4802219538978534e-07, 1.0830792973592906e-07, 1.0339762468447589e-07, 7.3095726804695e-08, 9.525422939304917e-08, 1.860755958205118e-07, 1.0337612366129179e-07, 1.3927075315223192e-07, 2.139051815674975e-07, 2.9477311613845814e-07, 3.7659816598534235e-07, 4.119005154734623e-07, 3.7657949292224657e-07, 4.869536383012019e-07, 4.769017891703697e-07, 4.191297193756327e-07, 3.2923992421274306e-07, 2.2003408162163396e-07, 2.5687535298857256e-07, 1.8700575310504064e-07, 1.2586797026870045e-07, 9.435503045551741e-08, 6.833420229668263e-08, 4.387594998433997e-08, 3.6778082801447454e-08, 2.1808959971281183e-08, 1.562309748237567e-08, 8.851266386500356e-09, 7.3310637560553005e-09, 5.944939651669756e-09, 6.558581233662153e-09, 5.574400940844271e-09, 5.0341073531967595e-09, 5.6139213278072475e-09, 6.905535254730921e-09, 7.770136534190897e-09, 4.929587849034078e-09, 4.6835921807542036e-09, 4.04366984341209e-09, 3.391199321356453e-09, 2.4815858257198897e-09, 6.758318904509508e-10, 3.648417505608403e-12, 2.975001321681159e-12, 2.894104443942891e-12, 2.836390844418446e-12, 2.808059774289662e-12, 2.7410068572514268e-12, 2.6089668619944106e-12, 2.4000521622186133e-12, 2.281945465920643e-12, 2.2559022792162375e-12], "lowlevel.melbands128.stdev": [3.6167676853438024e-07, 5.438008088276547e-07, 5.93388392644556e-07, 7.108158115443075e-07, 9.29551219996938e-07, 3.038572913283133e-06, 8.04364935902413e-06, 0.00023916638747323304, 0.0011055589420720935, 0.0010558555368334055, 0.0008148693013936281, 0.0007777902646921575, 0.0006011302466504276, 0.0008009591256268322, 0.002040678169578314, 0.0022372002713382244, 0.003040078328922391, 0.003347900928929448, 0.005141695961356163, 0.0031629742588847876, 0.002548319986090064, 0.0005168233183212578, 1.4387120245373808e-05, 6.8158801695972215e-06, 1.4724157153978013e-05, 6.81867531966418e-05, 0.00028242243570275605, 0.0006242947420105338, 0.0002630808739922941, 0.0015689828433096409, 0.0015086588682606816, 0.0008386099361814559, 0.0008310634875670075, 0.0030127845238894224, 0.0012306851567700505, 0.00019686382438521832, 0.00018401401757728308, 8.534874359611422e-05, 0.00013750662037637085, 0.00012221341603435576, 0.00011708380770869553, 2.805415897455532e-05, 0.00011857091885758564, 0.0001408875541528687, 1.8161488696932793e-05, 2.9380631531239487e-05, 5.3566083806799725e-05, 3.066477438551374e-05, 5.0279879360459745e-05, 2.8325534003670327e-05, 1.4640236258856021e-05, 2.0260116798453964e-05, 4.970857844455168e-06, 1.2923859685542993e-05, 8.650215022498742e-06, 2.5277115582866827e-06, 5.535008767765248e-06, 6.0239685808483046e-06, 5.478085768118035e-06, 7.803669177519623e-06, 1.384142251481535e-06, 3.290782387921354e-06, 1.187985617434606e-05, 1.1609538887569215e-05, 9.86202485364629e-06, 1.6046114978962578e-05, 1.7072801711037755e-05, 1.2173079085187055e-05, 9.078955372388009e-06, 1.5701229131082073e-05, 7.552256647613831e-06, 5.664574473485118e-06, 4.656002602132503e-06, 3.814597221207805e-06, 1.7522913822176633e-06, 1.2296827662794385e-06, 8.128576496346795e-07, 8.836427127789648e-07, 6.472995437434292e-07, 3.29464768356047e-07, 5.303626267050277e-07, 7.667432555535925e-07, 4.045974719701917e-07, 5.623915058095008e-07, 9.412301551492419e-07, 1.3177885875848006e-06, 1.5343066479545087e-06, 1.5840098512853729e-06, 1.4375256114362855e-06, 2.1776829726150027e-06, 2.4225016659329413e-06, 1.9629014786914922e-06, 1.4204495073499857e-06, 9.782314691619831e-07, 9.498850204181508e-07, 6.031742145751195e-07, 4.3158675566701277e-07, 3.262269103743165e-07, 2.4035355750129384e-07, 1.5991717816632445e-07, 1.1734592675338718e-07, 6.978850564109962e-08, 5.2916977466566095e-08, 3.108976898147375e-08, 2.8460634737825785e-08, 2.0192475247426955e-08, 2.497324302908055e-08, 2.4299888323753294e-08, 1.828957785221519e-08, 2.2835102697627008e-08, 3.0147635499133685e-08, 3.935814874012067e-08, 2.0446314863420412e-08, 1.9928201311358862e-08, 1.5954608301171902e-08, 1.5030092725965005e-08, 1.4160765005044595e-08, 6.338353397694618e-09, 1.0880105844046639e-11, 5.2932346006340225e-12, 5.168336245087168e-12, 5.0533735182489714e-12, 4.9595449275186e-12, 4.881806764389651e-12, 4.805381353251148e-12, 4.750093113986553e-12, 4.705906671287341e-12, 4.680541110940739e-12], "lowlevel.mfcc.mean": [-825.2782592773438, 135.23147583007812, -17.588123321533203, -11.686225891113281, -30.775432586669922, -36.71513366699219, -9.469877243041992, -29.038022994995117, -47.972076416015625, -4.094271183013916, -36.857784271240234, -6.966838836669922, 3.7014248371124268], "lowlevel.spectral_contrast_coeffs.mean": [-0.51888108253479, -0.5989972352981567, -0.6518593430519104, -0.7605369687080383, -0.763047456741333, -0.797160267829895], "lowlevel.spectral_contrast_coeffs.stdev": [0.09315524250268936, 0.13402849435806274, 0.11974183470010757, 0.0880737453699112, 0.07219723612070084, 0.043034087866544724], "lowlevel.spectral_contrast_valleys.mean": [-10.07757568359375, -8.433355331420898, -9.070777893066406, -9.745810508728027, -9.63839340209961, -12.7105712890625], "lowlevel.spectral_contrast_valleys.stdev": [0.852441132068634, 0.776836633682251, 0.7497875094413757, 0.7745539546012878, 1.24006986618042, 1.4180176258087158], "rhythm.beats_loudness_band_ratio.mean": [0.009330124594271183, 0.32722020149230957, 0.33541804552078247, 0.26664334535598755, 0.02387947030365467, 0.09205711632966995], "rhythm.beats_loudness_band_ratio.stdev": [0.03441860154271126, 0.3403390347957611, 0.3169741928577423, 0.31331127882003784, 0.03596547618508339, 0.21000118553638458], "tonal.hpcp.mean": [0.1701166331768036, 0.09361302852630615, 0.12190987169742584, 0.1323622465133667, 0.06962954252958298, 0.039190758019685745, 0.029501112177968025, 0.029176628217101097, 0.0890471562743187, 0.11459282785654068, 0.0526389479637146, 0.02254067361354828, 0.020611055195331573, 0.02567952312529087, 0.3233289420604706, 0.32986947894096375, 0.030368853360414505, 0.005715628620237112, 0.004555446095764637, 0.005634908564388752, 0.026936296373605728, 0.03679899498820305, 0.025336958467960358, 0.07247424125671387, 0.10197763890028, 0.06604112684726715, 0.08113721758127213, 0.07876806706190109, 0.053300708532333374, 0.1366156041622162, 0.1598532795906067, 0.08221295475959778, 0.04484571889042854, 0.04412524402141571, 0.05820269510149956, 0.1478860229253769], "tonal.hpcp.stdev": [0.32992884516716003, 0.21441304683685303, 0.2805054783821106, 0.29063868522644043, 0.21305735409259796, 0.14596298336982727, 0.12273600697517395, 0.126204252243042, 0.23705704510211945, 0.2920064628124237, 0.1678892821073532, 0.0904645025730133, 0.08632776886224747, 0.06168714538216591, 0.3838896155357361, 0.3873423933982849, 0.08310209959745407, 0.02977524884045124, 0.041547082364559174, 0.037853483110666275, 0.08867044746875763, 0.12249749898910522, 0.09594772756099701, 0.18516430258750916, 0.24363267421722412, 0.1682414561510086, 0.243826225399971, 0.2243998646736145, 0.17170971632003784, 0.2927871346473694, 0.32328668236732483, 0.21617114543914795, 0.16135849058628082, 0.16683275997638702, 0.1829448789358139, 0.2971166968345642], "rhythm.beats_position": [0.6849886775016785, 1.369977355003357, 2.078185796737671, 2.7863945960998535, 3.5062131881713867, 4.2028117179870605, 4.841360569000244, 5.479909420013428, 6.048798084259033, 6.617686748504639, 7.198185920715332, 7.778684616088867, 8.359183311462402, 8.928071975708008, 9.49696159362793, 10.054240226745605, 10.623128890991211, 11.180407524108887, 11.749297142028809, 12.353015899658203, 12.933514595031738, 13.514013290405273, 14.082901954650879], "rhythm.bpm_histogram": [0.0, 0.0, 0.0, 0.0, 0.0, 0.0, 0.0, 0.0, 0.0, 0.0, 0.0, 0.0, 0.0, 0.0, 0.0, 0.0, 0.0, 0.0, 0.0, 0.0, 0.0, 0.0, 0.0, 0.0, 0.0, 0.0, 0.0, 0.0, 0.0, 0.0, 0.0, 0.0, 0.0, 0.0, 0.0, 0.0, 0.0, 0.0, 0.0, 0.0, 0.0, 0.0, 0.0, 0.0, 0.0, 0.0, 0.0, 0.0, 0.0, 0.0, 0.0, 0.0, 0.0, 0.0, 0.0, 0.0, 0.0, 0.0, 0.0, 0.0, 0.0, 0.0, 0.0, 0.0, 0.0, 0.0, 0.0, 0.0, 0.0, 0.0, 0.0, 0.0, 0.0, 0.0, 0.0, 0.0, 0.0, 0.0, 0.0, 0.0, 0.0, 0.0, 0.0, 0.04545454680919647, 0.0, 0.09090909361839294, 0.04545454680919647, 0.0, 0.04545454680919647, 0.0, 0.0, 0.0, 0.0, 0.0, 0.09090909361839294, 0.0, 0.0, 0.0, 0.0, 0.04545454680919647, 0.0, 0.0, 0.0, 0.22727273404598236, 0.0, 0.3181818127632141, 0.0, 0.0, 0.09090909361839294, 0.0, 0.0, 0.0, 0.0, 0.0, 0.0, 0.0, 0.0, 0.0, 0.0, 0.0, 0.0, 0.0, 0.0, 0.0, 0.0, 0.0, 0.0, 0.0, 0.0, 0.0, 0.0, 0.0, 0.0, 0.0, 0.0, 0.0, 0.0, 0.0, 0.0, 0.0, 0.0, 0.0, 0.0, 0.0, 0.0, 0.0, 0.0, 0.0, 0.0, 0.0, 0.0, 0.0, 0.0, 0.0, 0.0, 0.0, 0.0, 0.0, 0.0, 0.0, 0.0, 0.0, 0.0, 0.0, 0.0, 0.0, 0.0, 0.0, 0.0, 0.0, 0.0, 0.0, 0.0, 0.0, 0.0, 0.0, 0.0, 0.0, 0.0, 0.0, 0.0, 0.0, 0.0, 0.0, 0.0, 0.0, 0.0, 0.0, 0.0, 0.0, 0.0, 0.0, 0.0, 0.0, 0.0, 0.0, 0.0, 0.0, 0.0, 0.0, 0.0, 0.0, 0.0, 0.0, 0.0, 0.0, 0.0, 0.0, 0.0, 0.0, 0.0, 0.0, 0.0, 0.0, 0.0, 0.0, 0.0, 0.0, 0.0, 0.0, 0.0, 0.0, 0.0, 0.0, 0.0, 0.0, 0.0, 0.0, 0.0, 0.0, 0.0, 0.0, 0.0, 0.0, 0.0, 0.0, 0.0, 0.0, 0.0, 0.0, 0.0, 0.0, 0.0, 0.0, 0.0, 0.0, 0.0, 0.0, 0.0, 0.0], "tonal.chords_histogram": [3.7383177280426025, 9.345794677734375, 0.0, 0.0, 0.0, 0.0, 0.0, 0.0, 0.0, 1.2461059093475342, 0.0, 0.0, 0.0, 0.0, 38.6292839050293, 0.0, 19.62616729736328, 0.0, 0.6230529546737671, 14.95327091217041, 0.0, 4.36137056350708, 0.0, 7.476635456085205], "tonal.thpcp": [1.0, 0.09206324070692062, 0.01732693985104561, 0.01380984392017126, 0.01708223670721054, 0.08165743947029114, 0.11155623197555542, 0.07680904120206833, 0.21970580518245697, 0.30914542078971863, 0.2002038061618805, 0.24596764147281647, 0.2387855499982834, 0.16158120334148407, 0.4141504764556885, 0.48459553718566895, 0.24922874569892883, 0.13594989478588104, 0.13376577198505402, 0.17644159495830536, 0.4483167827129364, 0.5157089233398438, 0.2837880849838257, 0.3695700168609619, 0.40125641226768494, 0.2110821008682251, 0.1188068613409996, 0.08943267911672592, 0.08844900876283646, 0.2699466347694397, 0.3473883867263794, 0.15957507491111755, 0.06833209842443466, 0.06248245760798454, 0.07784752547740936, 0.980172336101532], "lowlevel.gfcc.cov": [[10460.689453125, -2676.43603515625, -1623.9359130859375, 423.10064697265625, -1095.3182373046875, -185.02017211914062, -160.70431518554688, 521.4694213867188, -137.21914672851562, 399.85394287109375, 733.755615234375, -193.5247039794922, -83.74974822998047], [-2676.43603515625, 2808.019775390625, -164.30552673339844, -1185.488525390625, 706.4459838867188, -179.98550415039062, 381.8422546386719, -101.31474304199219, 245.1641082763672, -211.8317108154297, 94.03788757324219, -294.0995178222656, 72.29933166503906], [-1623.9359130859375, -164.30552673339844, 1526.3839111328125, 506.7518005371094, -48.14703369140625, 282.39215087890625, -143.4691619873047, -84.72005462646484, -0.8554618954658508, -88.32366943359375, -522.72265625, 214.68701171875, -268.038818359375], [423.10064697265625, -1185.488525390625, 506.7518005371094, 1107.2069091796875, -250.1824493408203, 42.38858413696289, -345.9966735839844, 2.0714824199676514, -40.02589797973633, -47.064781188964844, -244.36611938476562, 175.17825317382812, -77.86283874511719], [-1095.3182373046875, 706.4459838867188, -48.14703369140625, -250.1824493408203, 521.36279296875, -22.154136657714844, -9.177517890930176, 52.17832565307617, 90.42564392089844, -92.13126373291016, -129.5349578857422, -41.06056594848633, -11.49874496459961], [-185.02017211914062, -179.98550415039062, 282.39215087890625, 42.38858413696289, -22.154136657714844, 356.85955810546875, 73.68611145019531, -56.97956466674805, -138.24998474121094, 2.233232021331787, -148.26390075683594, 37.796531677246094, -113.58424377441406], [-160.70431518554688, 381.8422546386719, -143.4691619873047, -345.9966735839844, -9.177517890930176, 73.68611145019531, 417.468017578125, -58.0156135559082, -139.09291076660156, 44.66371154785156, 112.9785385131836, -93.82620239257812, -24.291473388671875], [521.4694213867188, -101.31474304199219, -84.72005462646484, 2.0714824199676514, 52.17832565307617, -56.97956466674805, -58.0156135559082, 273.20672607421875, 107.9287338256836, -2.9088706970214844, -19.016727447509766, -11.923356056213379, -53.24394989013672], [-137.21914672851562, 245.1641082763672, -0.8554618954658508, -40.02589797973633, 90.42564392089844, -138.24998474121094, -139.09291076660156, 107.9287338256836, 314.64288330078125, -31.71402931213379, 21.90399169921875, 5.506381034851074, 10.450499534606934], [399.85394287109375, -211.8317108154297, -88.32366943359375, -47.064781188964844, -92.13126373291016, 2.233232021331787, 44.66371154785156, -2.9088706970214844, -31.71402931213379, 202.97486877441406, 84.80651092529297, -2.866713762283325, 23.785205841064453], [733.755615234375, 94.03788757324219, -522.72265625, -244.36611938476562, -129.5349578857422, -148.26390075683594, 112.9785385131836, -19.016727447509766, 21.90399169921875, 84.80651092529297, 382.74908447265625, -87.91654205322266, 129.35458374023438], [-193.5247039794922, -294.0995178222656, 214.68701171875, 175.17825317382812, -41.06056594848633, 37.796531677246094, -93.82620239257812, -11.923356056213379, 5.506381034851074, -2.866713762283325, -87.91654205322266, 173.20301818847656, -5.6322808265686035], [-83.74974822998047, 72.29933166503906, -268.038818359375, -77.86283874511719, -11.49874496459961, -113.58424377441406, -24.291473388671875, -53.24394989013672, 10.450499534606934, 23.785205841064453, 129.35458374023438, -5.6322808265686035, 210.7218017578125]], "lowlevel.gfcc.icov": [[0.0002640273596625775, 0.00016083747323136777, 0.00028399706934578717, 6.057761493138969e-05, 0.0003915324341505766, 1.1137737601529807e-05, 0.0002428452717140317, -0.00030972305103205144, 8.71827796800062e-05, -6.669406138826162e-05, -0.00017346693493891507, 0.00028067477978765965, 0.000527676660567522], [0.00016083747323136777, 0.0021682388614863157, -0.0007344120531342924, 0.0014876920031383634, -0.001474182354286313, 0.0008675102144479752, -0.0010220966069027781, 0.0010161508107557893, -0.0012693513417616487, 0.001560799079015851, -0.0003682971582747996, 0.0021117653232067823, -0.0003690688463393599], [0.00028399706934578717, -0.0007344120531342924, 0.0025886129587888718, -0.0006872363155707717, 0.0018509853398427367, -0.0005190330557525158, 0.0004465478996280581, 0.00022874680871609598, -0.0003074431442655623, -0.000843155081383884, 0.0022193645127117634, -0.0014447348657995462, 0.002043561078608036], [6.057761493138969e-05, 0.0014876920031383634, -0.0006872363155707717, 0.002996325260028243, -2.7581272661336698e-05, 0.0010629493044689298, 0.0006688981084153056, 0.0007474948070012033, -0.00016222622070927173, 0.0013851783005520701, 0.0006275051855482161, 0.0009395069791935384, 7.567003194708377e-05], [0.0003915324341505766, -0.001474182354286313, 0.0018509853398427367, -2.7581272661336698e-05, 0.005560797639191151, -0.0003325105062685907, 0.0013981257798150182, -0.0012926181079819798, 0.00034317735116928816, -0.000634833297226578, 0.002940516918897629, -0.0007629020838066936, 0.0011936175869777799], [1.1137737601529807e-05, 0.0008675102144479752, -0.0005190330557525158, 0.0010629493044689298, -0.0003325105062685907, 0.005286790896207094, -0.0007970928563736379, 0.0011327492538839579, 0.0010218385141342878, 0.00030162459006533027, 0.0013518854975700378, 0.0001767158682923764, 0.0015553566627204418], [0.0002428452717140317, -0.0010220966069027781, 0.0004465478996280581, 0.0006688981084153056, 0.0013981257798150182, -0.0007970928563736379, 0.005874537862837315, -0.0007474054582417011, 0.00300792814232409, -0.0010417744051665068, -0.0014517692616209388, 0.00016579520888626575, 0.002261402318254113], [-0.00030972305103205144, 0.0010161508107557893, 0.00022874680871609598, 0.0007474948070012033, -0.0012926181079819798, 0.0011327492538839579, -0.0007474054582417011, 0.006461101584136486, -0.0026199116837233305, 0.00044921733206138015, 0.0014029539888724685, 0.0006750559550710022, 0.0014179123099893332], [8.71827796800062e-05, -0.0012693513417616487, -0.0003074431442655623, -0.00016222622070927173, 0.00034317735116928816, 0.0010218385141342878, 0.00300792814232409, -0.0026199116837233305, 0.0068224044516682625, -0.0005397946806624532, -0.0018245569663122296, -0.0013221688568592072, 0.0010807125363498926], [-6.669406138826162e-05, 0.001560799079015851, -0.000843155081383884, 0.0013851783005520701, -0.000634833297226578, 0.00030162459006533027, -0.0010417744051665068, 0.00044921733206138015, -0.0005397946806624532, 0.00717747351154685, -0.0013219284592196345, 0.0009042071760632098, -0.00094906723825261], [-0.00017346693493891507, -0.0003682971582747996, 0.0022193645127117634, 0.0006275051855482161, 0.002940516918897629, 0.0013518854975700378, -0.0014517692616209388, 0.0014029539888724685, -0.0018245569663122296, -0.0013219284592196345, 0.009392994455993176, 0.00026812005671672523, -0.0013305386528372765], [0.00028067477978765965, 0.0021117653232067823, -0.0014447348657995462, 0.0009395069791935384, -0.0007629020838066936, 0.0001767158682923764, 0.00016579520888626575, 0.0006750559550710022, -0.0013221688568592072, 0.0009042071760632098, 0.00026812005671672523, 0.010565618053078651, -0.0017789273988455534], [0.000527676660567522, -0.0003690688463393599, 0.002043561078608036, 7.567003194708377e-05, 0.0011936175869777799, 0.0015553566627204418, 0.002261402318254113, 0.0014179123099893332, 0.0010807125363498926, -0.00094906723825261, -0.0013305386528372765, -0.0017789273988455534, 0.010054538957774639]], "lowlevel.mfcc.cov": [[7784.09228515625, -2152.504150390625, -1026.0697021484375, 431.06500244140625, -49.1917839050293, -832.7791748046875, 99.00254821777344, -99.7818603515625, -619.4202880859375, 670.7623901367188, -180.7167510986328, 291.3736267089844, 308.333740234375], [-2152.504150390625, 2675.47705078125, -480.03704833984375, -625.6329345703125, -22.28354263305664, -127.2977523803711, 271.309814453125, -86.78263854980469, 145.91014099121094, 80.94329071044922, -30.81393814086914, 162.08090209960938, 94.31452941894531], [-1026.0697021484375, -480.03704833984375, 1371.947265625, 148.40728759765625, -26.553295135498047, 486.8804626464844, -194.5821533203125, 237.8004608154297, 233.7792510986328, -259.67462158203125, 177.17564392089844, -68.67274475097656, -77.35945892333984], [431.06500244140625, -625.6329345703125, 148.40728759765625, 535.9829711914062, 132.6646728515625, -36.54648208618164, -189.52981567382812, 45.7153434753418, 7.536479949951172, -85.20919799804688, 43.35749053955078, -24.217708587646484, 7.8323211669921875], [-49.1917839050293, -22.28354263305664, -26.553295135498047, 132.6646728515625, 450.6607971191406, -76.8962631225586, -242.88180541992188, 94.15306091308594, 128.1694793701172, -19.408979415893555, 49.33220672607422, -20.612262725830078, -46.550628662109375], [-832.7791748046875, -127.2977523803711, 486.8804626464844, -36.54648208618164, -76.8962631225586, 475.13189697265625, 24.47249412536621, 49.053489685058594, 111.61711120605469, -156.4167938232422, 65.65363311767578, -82.67005920410156, -71.63423156738281], [99.00254821777344, 271.309814453125, -194.5821533203125, -189.52981567382812, -242.88180541992188, 24.47249412536621, 458.0313415527344, -86.93307495117188, -97.88572692871094, 114.84525299072266, -78.59878540039062, 37.14079666137695, 34.99380111694336], [-99.7818603515625, -86.78263854980469, 237.8004608154297, 45.7153434753418, 94.15306091308594, 49.053489685058594, -86.93307495117188, 283.77386474609375, 117.85551452636719, -44.324642181396484, 62.93217849731445, -10.690861701965332, -16.31594467163086], [-619.4202880859375, 145.91014099121094, 233.7792510986328, 7.536479949951172, 128.1694793701172, 111.61711120605469, -97.88572692871094, 117.85551452636719, 292.7968444824219, -79.89389038085938, 94.82410430908203, -9.231487274169922, -35.33156204223633], [670.7623901367188, 80.94329071044922, -259.67462158203125, -85.20919799804688, -19.408979415893555, -156.4167938232422, 114.84525299072266, -44.324642181396484, -79.89389038085938, 233.3689727783203, -52.42510223388672, 50.78544235229492, 37.90966796875], [-180.7167510986328, -30.81393814086914, 177.17564392089844, 43.35749053955078, 49.33220672607422, 65.65363311767578, -78.59878540039062, 62.93217849731445, 94.82410430908203, -52.42510223388672, 177.75946044921875, 19.787519454956055, 17.5162296295166], [291.3736267089844, 162.08090209960938, -68.67274475097656, -24.217708587646484, -20.612262725830078, -82.67005920410156, 37.14079666137695, -10.690861701965332, -9.231487274169922, 50.78544235229492, 19.787519454956055, 185.8116455078125, 110.07246398925781], [308.333740234375, 94.31452941894531, -77.35945892333984, 7.8323211669921875, -46.550628662109375, -71.63423156738281, 34.99380111694336, -16.31594467163086, -35.33156204223633, 37.90966796875, 17.5162296295166, 110.07246398925781, 196.08370971679688]], "lowlevel.mfcc.icov": [[0.00038783796480856836, 0.0003884236793965101, 0.0001591643231222406, -1.3961870536149945e-05, 3.106540589215001e-06, 0.00022547961270902306, -2.8103438580728834e-06, -0.00015994583372958004, 0.00023005327966529876, -0.0007391955005005002, 9.446286640013568e-06, -0.00045163361937738955, -0.00022598612122237682], [0.0003884236793965101, 0.0010491719003766775, 0.00029255388653837144, 0.0007284119492396712, -0.00018433574587106705, 0.0004742278251796961, -0.0002901247935369611, 8.335036000062246e-06, -0.0003349725157022476, -0.00030695347231812775, 6.70575100230053e-05, -0.0007582459365949035, -0.00042850201134569943], [0.0001591643231222406, 0.00029255388653837144, 0.0017382934456691146, -0.00022118972265161574, 0.0005919123068451881, -0.001244531013071537, 0.000560171261895448, -0.0008855553460307419, -0.00031330736237578094, -2.4291604859172367e-05, -0.0003970793914049864, -0.0005843519465997815, 0.00012758515367750078], [-1.3961870536149945e-05, 0.0007284119492396712, -0.00022118972265161574, 0.0032949296291917562, -0.0007773933466523886, 0.0008559710695408285, 0.00011849249131046236, 0.0002243290946353227, -2.1137560906936415e-05, 0.0012914033140987158, -0.00014721948537044227, 0.00010759244469227269, -0.0007223363500088453], [3.106540589215001e-06, -0.00018433574587106705, 0.0005919123068451881, -0.0007773933466523886, 0.004143546801060438, 0.00012664379028137773, 0.0019253049977123737, -0.00071819027652964, -0.0013676773523911834, -0.0008736795862205327, -0.0001388620148645714, 1.4762968021386769e-05, 0.0009015415562316775], [0.00022547961270902306, 0.0004742278251796961, -0.001244531013071537, 0.0008559710695408285, 0.00012664379028137773, 0.00496013555675745, -0.0013399678282439709, 0.000541613670065999, -0.0007386125507764518, 0.0016186091816052794, -0.0005497762467712164, 0.0009221354848705232, 0.00010393170668976381], [-2.8103438580728834e-06, -0.0002901247935369611, 0.000560171261895448, 0.00011849249131046236, 0.0019253049977123737, -0.0013399678282439709, 0.004345893859863281, -0.00016966402472462505, 0.00013585315900854766, -0.0018532343674451113, 0.0007187325973063707, -0.00038867947296239436, 7.483454828616232e-05], [-0.00015994583372958004, 8.335036000062246e-06, -0.0008855553460307419, 0.0002243290946353227, -0.00071819027652964, 0.000541613670065999, -0.00016966402472462505, 0.004985067993402481, -0.001408189069479704, 0.0002524346928112209, -0.000380360841518268, 0.00041044666431844234, -0.00013735452375840396], [0.00023005327966529876, -0.0003349725157022476, -0.00031330736237578094, -2.1137560906936415e-05, -0.0013676773523911834, -0.0007386125507764518, 0.00013585315900854766, -0.001408189069479704, 0.006420610938221216, 1.0361647582612932e-05, -0.001706550014205277, -0.0006362132844515145, 0.0006051548407413065], [-0.0007391955005005002, -0.00030695347231812775, -2.4291604859172367e-05, 0.0012914033140987158, -0.0008736795862205327, 0.0016186091816052794, -0.0018532343674451113, 0.0002524346928112209, 1.0361647582612932e-05, 0.008959773927927017, 0.00025601073866710067, -2.7239182600169443e-05, 0.0002465331053826958], [9.446286640013568e-06, 6.70575100230053e-05, -0.0003970793914049864, -0.00014721948537044227, -0.0001388620148645714, -0.0005497762467712164, 0.0007187325973063707, -0.000380360841518268, -0.001706550014205277, 0.00025601073866710067, 0.007979582995176315, -0.0010264513548463583, -0.00108522258233279], [-0.00045163361937738955, -0.0007582459365949035, -0.0005843519465997815, 0.00010759244469227269, 1.4762968021386769e-05, 0.0009221354848705232, -0.00038867947296239436, 0.00041044666431844234, -0.0006362132844515145, -2.7239182600169443e-05, -0.0010264513548463583, 0.009585143998265266, -0.004114391282200813], [-0.00022598612122237682, -0.00042850201134569943, 0.00012758515367750078, -0.0007223363500088453, 0.0009015415562316775, 0.00010393170668976381, 7.483454828616232e-05, -0.00013735452375840396, 0.0006051548407413065, 0.0002465331053826958, -0.00108522258233279, -0.004114391282200813, 0.00843567494302988]], "metadata.audio_properties.analysis.downmix": "mix", "metadata.audio_properties.codec": "mp3", "metadata.audio_properties.md5_encoded": "0f5a7f5c0eccef8f3a4c7214fcedf7f8", "metadata.tags.file_name": "1182281293866749952.mp3", "metadata.version.essentia": "2.1-beta6-dev", "metadata.version.essentia_git_sha": "v2.1_beta5-1110-g77a6a954", "metadata.version.extractor": "music 2.0", "tonal.chords_key": "G", "tonal.chords_scale": "minor", "tonal.key_edma.key": "G", "tonal.key_edma.scale": "minor", "tonal.key_krumhansl.key": "F#", "tonal.key_krumhansl.scale": "minor", "tonal.key_temperley.key": "F#", "tonal.key_temperley.scale": "minor", "metadata.tags.encoding": ["Lavf58.45.100"]}, "essentia_models": [{"model_name": "genre_dortmund", "activations": {"alternative": "0.02937043", "blues": "0.03202454", "electronic": "0.027347406", "folkcountry": "0.09949063", "funksoulrnb": "0.031207979", "jazz": "0.32150453", "pop": "0.29961035", "raphiphop": "0.016567765", "rock": "0.019108614"}}, {"mod