{"song_id": "1182279004577865798", "download": "https://cdn.discordapp.com/attachments/1135911532732108921/1182279004577865798/chirp.mp4?ex=65841e20&amp", "lyrics": "[Verse]\nA rock band once stood tall and proud\nTheir music, a fire burning bright\nBut fate had other plans in store\nAs their dreams went up in flames that night\n\n[Chorus]\nNow the ashes whisper a mournful tale\nOf a band that lost its fiery veil\nTheir melodies silenced, forever gone\nIn the ruins where their legacy was born", "style": ["doom metal"], "essentia_features": {"lowlevel.average_loudness": 0.7189480662345886, "lowlevel.barkbands_crest.mean": 12.846036911010742, "lowlevel.barkbands_crest.stdev": 4.097644805908203, "lowlevel.barkbands_flatness_db.mean": 0.24299012124538422, "lowlevel.barkbands_flatness_db.stdev": 0.0709083154797554, "lowlevel.barkbands_kurtosis.mean": 9.864837646484375, "lowlevel.barkbands_kurtosis.stdev": 11.698540687561035, "lowlevel.barkbands_skewness.mean": 2.0381736755371094, "lowlevel.barkbands_skewness.stdev": 1.4007010459899902, "lowlevel.barkbands_spread.mean": 11.73688793182373, "lowlevel.barkbands_spread.stdev": 14.056573867797852, "lowlevel.dissonance.mean": 0.43358883261680603, "lowlevel.dissonance.stdev": 0.038528237491846085, "lowlevel.dynamic_complexity": 4.965635299682617, "lowlevel.erbbands_crest.mean": 11.007678031921387, "lowlevel.erbbands_crest.stdev": 4.312323093414307, "lowlevel.erbbands_flatness_db.mean": 0.20060111582279205, "lowlevel.erbbands_flatness_db.stdev": 0.05264002084732056, "lowlevel.erbbands_kurtosis.mean": 1.8083655834197998, "lowlevel.erbbands_kurtosis.stdev": 2.546417474746704, "lowlevel.erbbands_skewness.mean": 0.785894513130188, "lowlevel.erbbands_skewness.stdev": 0.8749640583992004, "lowlevel.erbbands_spread.mean": 26.620603561401367, "lowlevel.erbbands_spread.stdev": 16.16305923461914, "lowlevel.hfc.mean": 11.526578903198242, "lowlevel.hfc.stdev": 18.77569007873535, "lowlevel.loudness_ebu128.integrated": -18.385684967041016, "lowlevel.loudness_ebu128.loudness_range": 8.277586936950684, "lowlevel.loudness_ebu128.momentary.mean": -20.660526275634766, "lowlevel.loudness_ebu128.momentary.stdev": 4.668111801147461, "lowlevel.loudness_ebu128.short_term.mean": -19.92106819152832, "lowlevel.loudness_ebu128.short_term.stdev": 3.389716863632202, "lowlevel.melbands_crest.mean": 15.176383018493652, "lowlevel.melbands_crest.stdev": 4.436223030090332, "lowlevel.melbands_flatness_db.mean": 0.340332955121994, "lowlevel.melbands_flatness_db.stdev": 0.09410054236650467, "lowlevel.melbands_kurtosis.mean": 18.186325073242188, "lowlevel.melbands_kurtosis.stdev": 21.199565887451172, "lowlevel.melbands_skewness.mean": 2.7364768981933594, "lowlevel.melbands_skewness.stdev": 1.5580769777297974, "lowlevel.melbands_spread.mean": 12.844636917114258, "lowlevel.melbands_spread.stdev": 15.844677925109863, "lowlevel.pitch_salience.mean": 0.48075369000434875, "lowlevel.pitch_salience.stdev": 0.08541317284107208, "lowlevel.silence_rate_20dB.mean": 1.0, "lowlevel.silence_rate_20dB.stdev": 0.0, "lowlevel.silence_rate_30dB.mean": 1.0, "lowlevel.silence_rate_30dB.stdev": 0.0, "lowlevel.silence_rate_60dB.mean": 0.101969875395298, "lowlevel.silence_rate_60dB.stdev": 0.30260494351387024, "lowlevel.spectral_centroid.mean": 776.9466552734375, "lowlevel.spectral_centroid.stdev": 699.2247924804688, "lowlevel.spectral_complexity.mean": 9.052722930908203, "lowlevel.spectral_complexity.stdev": 6.13523530960083, "lowlevel.spectral_decrease.mean": -4.856952617871002e-09, "lowlevel.spectral_decrease.stdev": 4.2933887556273476e-09, "lowlevel.spectral_energy.mean": 0.019376734271645546, "lowlevel.spectral_energy.stdev": 0.017488285899162292, "lowlevel.spectral_energyband_high.mean": 0.0002647591463755816, "lowlevel.spectral_energyband_high.stdev": 0.0010429926915094256, "lowlevel.spectral_energyband_low.mean": 0.00946173444390297, "lowlevel.spectral_energyband_low.stdev": 0.008547157049179077, "lowlevel.spectral_energyband_middle_high.mean": 0.004177368711680174, "lowlevel.spectral_energyband_middle_high.stdev": 0.008915161713957787, "lowlevel.spectral_energyband_middle_low.mean": 0.006379610393196344, "lowlevel.spectral_energyband_middle_low.stdev": 0.005804463289678097, "lowlevel.spectral_entropy.mean": 6.626996040344238, "lowlevel.spectral_entropy.stdev": 0.5875450372695923, "lowlevel.spectral_flux.mean": 0.039939165115356445, "lowlevel.spectral_flux.stdev": 0.03789603337645531, "lowlevel.spectral_kurtosis.mean": 14.953712463378906, "lowlevel.spectral_kurtosis.stdev": 14.383162498474121, "lowlevel.spectral_rms.mean": 0.003922539763152599, "lowlevel.spectral_rms.stdev": 0.0018755836645141244, "lowlevel.spectral_rolloff.mean": 737.9424438476562, "lowlevel.spectral_rolloff.stdev": 1137.7781982421875, "lowlevel.spectral_skewness.mean": 2.728360891342163, "lowlevel.spectral_skewness.stdev": 1.2676371335983276, "lowlevel.spectral_spread.mean": 3346022.75, "lowlevel.spectral_spread.stdev": 1573432.125, "lowlevel.spectral_strongpeak.mean": 0.7969605922698975, "lowlevel.spectral_strongpeak.stdev": 1.6665922403335571, "lowlevel.zerocrossingrate.mean": 0.029301967471837997, "lowlevel.zerocrossingrate.stdev": 0.029975904151797295, "metadata.audio_properties.analysis.equal_loudness": 0.0, "metadata.audio_properties.analysis.length": 40.04265213012695, "metadata.audio_properties.analysis.sample_rate": 44100.0, "metadata.audio_properties.analysis.start_time": 0.0, "metadata.audio_properties.bit_rate": 114563.0, "metadata.audio_properties.length": 40.042667388916016, "metadata.audio_properties.lossless": 0.0, "metadata.audio_properties.number_channels": 1.0, "metadata.audio_properties.replay_gain": -10.685945510864258, "metadata.audio_properties.sample_rate": 48000.0, "rhythm.beats_count": 68.0, "rhythm.beats_loudness.mean": 0.02243179827928543, "rhythm.beats_loudness.stdev": 0.01812206581234932, "rhythm.bpm": 122.9842758178711, "rhythm.bpm_histogram_first_peak_bpm": 123.0, "rhythm.bpm_histogram_first_peak_weight": 0.1794871687889099, "rhythm.bpm_histogram_second_peak_bpm": 82.0, "rhythm.bpm_histogram_second_peak_spread": 0.0, "rhythm.bpm_histogram_second_peak_weight": 0.35820895433425903, "rhythm.danceability": 0.9815187454223633, "rhythm.onset_rate": 2.67136549949646, "tonal.chords_changes_rate": 0.030092593282461166, "tonal.chords_number_rate": 0.005787036847323179, "tonal.chords_strength.mean": 0.374525249004364, "tonal.chords_strength.stdev": 0.10563438385725021, "tonal.hpcp_crest.mean": 18.657299041748047, "tonal.hpcp_crest.stdev": 6.843416690826416, "tonal.hpcp_entropy.mean": 1.321253776550293, "tonal.hpcp_entropy.stdev": 0.5529100298881531, "tonal.key_edma.strength": 0.5725665092468262, "tonal.key_krumhansl.strength": 0.5638774633407593, "tonal.key_temperley.strength": 0.5508573651313782, "tonal.tuning_diatonic_strength": 0.507714569568634, "tonal.tuning_equal_tempered_deviation": 0.29441675543785095, "tonal.tuning_frequency": 434.193115234375, "tonal.tuning_nontempered_energy_ratio": 0.997494637966156, "lowlevel.barkbands.mean": [0.0006048798095434904, 0.007065892219543457, 0.000906424131244421, 0.0012388700852170587, 0.0017505158903077245, 0.00145033560693264, 0.00020365194359328598, 0.0009961678879335523, 0.000689235283061862, 0.0008413324248977005, 0.00018793248455040157, 0.0007543793763034046, 0.0006541602197103202, 0.00029389961855486035, 0.00040612011798657477, 0.0003435326798353344, 0.00017716390721034259, 0.00013838977611158043, 0.00014033776824362576, 0.00036980005097575486, 1.1914550668734591e-05, 1.2372476703603752e-05, 5.2431478252401575e-05, 6.541742186527699e-05, 1.5186092241492588e-05, 6.336750175250927e-06, 8.245331883927065e-08], "lowlevel.barkbands.stdev": [0.0010423042112961411, 0.007111102342605591, 0.001082527101971209, 0.0012428337940946221, 0.002399427816271782, 0.0018724106485024095, 0.0004966299748048186, 0.002774330787360668, 0.001769326627254486, 0.0031202195677906275, 0.000711829517967999, 0.002736238297075033, 0.0030945853795856237, 0.0014055408537387848, 0.0017253117403015494, 0.00196493836119771, 0.0005986530450172722, 0.00043128570541739464, 0.00045804993715137243, 0.0009292258764617145, 5.965135642327368e-05, 7.930795254651457e-05, 0.00034950318513438106, 0.00040857307612895966, 7.215777441160753e-05, 3.407750409678556e-05, 4.018631045710208e-07], "lowlevel.erbbands.mean": [0.21569067239761353, 1.490885853767395, 1.4122817516326904, 3.42059326171875, 2.444852828979492, 7.758639335632324, 14.547480583190918, 8.176987648010254, 2.401745319366455, 5.638432502746582, 27.869421005249023, 17.42662239074707, 13.382685661315918, 29.3798770904541, 10.038734436035156, 36.542232513427734, 26.843097686767578, 24.291501998901367, 21.178634643554688, 20.85225486755371, 14.461869239807129, 8.623899459838867, 8.980770111083984, 4.50097131729126, 14.35469913482666, 16.731746673583984, 1.7112269401550293, 0.4486951529979706, 0.4693400263786316, 0.5744068622589111, 1.736000418663025, 1.8415966033935547, 0.7647559642791748, 0.2240501344203949, 0.08310335129499435, 0.03928148373961449, 0.009258721023797989, 0.0008839400834403932, 3.0094595786067657e-05, 2.3705701096332632e-05], "lowlevel.erbbands.stdev": [0.27372637391090393, 1.4534099102020264, 1.3805880546569824, 3.2636308670043945, 2.7156243324279785, 12.721246719360352, 17.706314086914062, 12.857255935668945, 5.581591606140137, 16.25710105895996, 71.84822845458984, 37.208091735839844, 52.13307189941406, 103.52228546142578, 24.507423400878906, 133.3230438232422, 130.9930419921875, 98.56341552734375, 74.41527557373047, 96.18013000488281, 91.02021026611328, 28.949068069458008, 26.476730346679688, 11.073073387145996, 38.921566009521484, 41.66487503051758, 4.644455909729004, 2.50525164604187, 3.048788070678711, 3.662581205368042, 11.768118858337402, 11.634232521057129, 5.059853553771973, 1.149996042251587, 0.37744781374931335, 0.1988559365272522, 0.04961217939853668, 0.00515643460676074, 0.00010627202573232353, 2.2656300643575378e-05], "lowlevel.gfcc.mean": [-106.26679992675781, 147.93301391601562, -85.09435272216797, 27.447111129760742, -40.33793258666992, 16.768617630004883, -31.55033302307129, 11.363386154174805, -23.78426742553711, -1.225572109222412, -5.253260612487793, -10.411422729492188, 0.11372044682502747], "lowlevel.melbands.mean": [0.002022441476583481, 0.0012106711510568857, 0.000507014396134764, 0.00033729011192917824, 0.0004837201558984816, 0.00019906154193449765, 3.515389471431263e-05, 8.103081927401945e-05, 0.00022473848366644233, 9.608722757548094e-05, 6.954363925615326e-05, 0.00012893631355836987, 2.6745216018753126e-05, 8.28252304927446e-05, 6.135107832960784e-05, 7.401019684039056e-05, 3.7231446185614914e-05, 3.1770487112225965e-05, 2.6327888917876408e-05, 2.8524940717034042e-05, 1.4852079402771778e-05, 8.066802365647163e-06, 9.888357453746721e-06, 7.024294518487295e-06, 2.767404339465429e-06, 5.96702966504381e-06, 1.760512350301724e-05, 9.365785444970243e-06, 8.597029363954789e-07, 2.7817787895401125e-07, 2.1859680998659314e-07, 2.6434898359184444e-07, 2.3770502366460278e-07, 3.354667796884314e-07, 8.547995093977079e-07, 1.4111531072558137e-06, 1.0134782542081666e-06, 6.03272042098979e-07, 2.8391494311108545e-07, 1.5408653553095064e-07], "lowlevel.melbands.stdev": [0.0021750908344984055, 0.001079658861272037, 0.0004825926444027573, 0.00047584756975993514, 0.0005590143264271319, 0.0002951574861072004, 8.685997454449534e-05, 0.0002401848032604903, 0.0005447034491226077, 0.00024600655888207257, 0.00028408641810528934, 0.00046554216532967985, 8.853610052028671e-05, 0.00031143834348767996, 0.00021822686539962888, 0.00034893638803623617, 0.00016172202595043927, 0.00011292343697277829, 0.00013699122064281255, 0.00014986516907811165, 9.581336780684069e-05, 2.7447566026239656e-05, 3.457980346865952e-05, 2.0995074009988457e-05, 7.88743363955291e-06, 1.9706176317413338e-05, 4.686562897404656e-05, 2.622671854624059e-05, 3.1467197914025746e-06, 1.7161141840915661e-06, 1.368711082250229e-06, 1.7649290384724736e-06, 1.5778298347868258e-06, 2.2137287487566937e-06, 5.947300451225601e-06, 9.464284630666953e-06, 6.394862793968059e-06, 4.1996222535090055e-06, 1.7259336573260953e-06, 7.420157999149524e-07], "lowlevel.melbands128.mean": [0.0005680075264535844, 0.0016252618515864015, 0.002853376092389226, 0.002405906096100807, 0.000892292766366154, 0.0004883410292677581, 0.0008205888443626463, 0.00044486497063189745, 0.00014097546227276325, 0.0003164371009916067, 0.0004908929695375264, 0.00041446456452831626, 0.0005531096248887479, 0.0004927418194711208, 0.00020749785471707582, 2.7774556656368077e-05, 1.8343143892707303e-05, 4.437564348336309e-05, 3.907649079337716e-05, 5.483849599841051e-05, 5.9148067521164194e-05, 0.00026973820058628917, 0.0002854070335160941, 0.00012684406829066575, 0.00013572614989243448, 5.113118822919205e-05, 8.097542740870267e-05, 2.5825551347224973e-05, 8.452518522972241e-05, 0.00023445959959644824, 9.690246952231973e-05, 2.9941653338028118e-05, 3.557567106327042e-05, 9.07138382899575e-06, 2.4358225346077234e-05, 0.00013815709098707885, 0.0001348399673588574, 3.240777732571587e-05, 3.6053384974366054e-05, 5.41683220944833e-05, 8.930769399739802e-05, 0.00010232042404823005, 3.0357108698808588e-05, 8.057898412516806e-06, 1.7750668121152557e-05, 4.3387190089561045e-05, 4.185283250990324e-05, 2.001420216402039e-05, 1.8778991943690926e-05, 3.7331319617806e-05, 3.3923199225682765e-05, 1.4710958566865884e-05, 1.5191201782727148e-05, 1.7084614228224382e-05, 1.0537100934016053e-05, 3.126821638943511e-06, 8.883320333552547e-06, 1.4316763554234058e-05, 7.541707418567967e-06, 7.008509328443324e-06, 1.0422987543279305e-05, 3.737572797035682e-06, 2.098565119013074e-06, 2.79106393463735e-06, 3.2311595532519277e-06, 3.9468186514568515e-06, 9.314257113146596e-06, 1.1395560250093695e-05, 2.779789974738378e-05, 1.4208947504812386e-05, 1.1044677194149699e-05, 4.83188478028751e-06, 1.0490749673408573e-06, 4.558983448532672e-07, 2.6364378413745726e-07, 3.0188613209247706e-07, 2.9275517476889945e-07, 1.994879426092666e-07, 2.0899788921724394e-07, 2.2399862587008101e-07, 2.42491580593196e-07, 3.3515607356093824e-07, 2.219701968897425e-07, 2.322531003073891e-07, 2.3238233382016915e-07, 2.494460602520121e-07, 3.576452911602246e-07, 5.22027846727724e-07, 8.007053793335217e-07, 1.1478376791274059e-06, 1.3273999002194614e-06, 1.7052309431164758e-06, 1.2273847005417338e-06, 1.0842788924492197e-06, 7.41970609396958e-07, 7.457530841747939e-07, 5.555310735871899e-07, 4.443681405064126e-07, 2.678426938018674e-07, 2.4980508328553697e-07, 1.3964518075226806e-07, 1.7007640451538464e-07, 1.1372048902558163e-07, 1.0471657674315793e-07, 8.239548066057978e-08, 7.000155477498993e-08, 9.998665007060481e-08, 7.315926353612667e-08, 6.793645468405884e-08, 6.522905948713742e-08, 4.312444801257698e-08, 4.0711327642384276e-08, 2.343137417426533e-08, 1.6810266956213127e-08, 1.4383847002363837e-08, 9.10567443668242e-09, 3.34729910456133e-09, 2.469983106934137e-10, 2.8547062717182436e-12, 2.7392400413911444e-12, 2.6697461515817755e-12, 2.61925507324956e-12, 2.5666500175214324e-12, 2.5180881685349377e-12, 2.4425312033365953e-12, 2.342670762239818e-12, 2.285309528421431e-12, 2.267409350553695e-12], "lowlevel.melbands128.stdev": [0.0009959327289834619, 0.002565100323408842, 0.0031341698486357927, 0.002272003097459674, 0.0009114940767176449, 0.0005755177116952837, 0.0008049999014474452, 0.0005034474306739867, 0.0002200314775109291, 0.0004663020372390747, 0.0009695084299892187, 0.0006667001289315522, 0.0008220971212722361, 0.0007227517780847847, 0.00039573441608808935, 9.309063170803711e-05, 5.403885370469652e-05, 0.000151636908412911, 0.0001072365339496173, 0.00021254313469398767, 0.0003528541710693389, 0.0008284411742351949, 0.0008515585795976222, 0.0002953911607619375, 0.0003675443585962057, 0.00030585427884943783, 0.0005373946041800082, 0.00020241968741174787, 0.0005296954186633229, 0.0009078318835236132, 0.00046137996832840145, 0.00014054977509658784, 0.000137999071739614, 5.189686271478422e-05, 0.00011720948532456532, 0.0005987996119074523, 0.0005977824912406504, 0.00016862369375303388, 0.0002827568387147039, 0.0005561434663832188, 0.0005464991554617882, 0.0005119586130604148, 0.00020250365196261555, 6.833635416114703e-05, 0.00010308615310350433, 0.0001755649282131344, 0.00024716422194615006, 0.00021554870181716979, 0.0001563066616654396, 0.0002484220894984901, 0.00019379494187887758, 0.0002607005590107292, 0.00017183212912641466, 7.730511424597353e-05, 4.672957584261894e-05, 1.5587587768095545e-05, 5.6354616390308365e-05, 5.6106899137375876e-05, 4.619542232831009e-05, 3.2674674002919346e-05, 3.7386020267149433e-05, 1.6019172107917257e-05, 7.859734068915714e-06, 8.917329978430644e-06, 1.810481262509711e-05, 1.3772201782558113e-05, 4.325166446506046e-05, 4.535952029982582e-05, 9.137937013292685e-05, 4.551485471893102e-05, 4.121924939681776e-05, 2.1260580979287624e-05, 5.988340035401052e-06, 1.727586095512379e-06, 1.3361800483835395e-06, 2.1166374608583283e-06, 2.2172412172949407e-06, 1.470291522309708e-06, 1.326171627624717e-06, 1.5371507515737903e-06, 1.8889703596869367e-06, 2.4554901756346226e-06, 1.5565404964945628e-06, 1.6415549453085987e-06, 1.6311951185343787e-06, 1.512106905465771e-06, 2.8136612399976e-06, 3.6036806250194786e-06, 6.11214409218519e-06, 8.732835340197198e-06, 9.414258784090634e-06, 1.23392082969076e-05, 8.34157344797859e-06, 7.614303285663482e-06, 4.591981905832654e-06, 5.287460680847289e-06, 4.382000952318776e-06, 3.4418346785969334e-06, 1.6133130884554703e-06, 1.5358544942500885e-06, 6.787815891584614e-07, 9.589862202119548e-07, 4.7335947783722077e-07, 5.841914116899716e-07, 3.6393598179529363e-07, 3.3653424225121853e-07, 5.105373475089436e-07, 4.2175469161520596e-07, 3.468092018010793e-07, 3.7484056747416616e-07, 2.60369887428169e-07, 2.3519541514360753e-07, 1.2826171769120265e-07, 9.065367834182325e-08, 1.1791082954459853e-07, 6.139039498975762e-08, 1.584265696408238e-08, 1.2166712082262165e-09, 4.690246021427091e-12, 4.421399444481944e-12, 4.310740132906776e-12, 4.216093620057482e-12, 4.129277215297877e-12, 4.05650990228934e-12, 3.997317234161191e-12, 3.948624847233129e-12, 3.913912596797964e-12, 3.8924705472731524e-12], "lowlevel.mfcc.mean": [-765.0350952148438, 181.16845703125, 19.900798797607422, 24.629837036132812, 20.01361083984375, 4.927906036376953, 13.514029502868652, 4.463700294494629, -5.105966091156006, 18.98613739013672, -10.509624481201172, -3.3510994911193848, 1.5916123390197754], "lowlevel.spectral_contrast_coeffs.mean": [-0.7407544851303101, -0.7130632400512695, -0.7459096312522888, -0.7840233445167542, -0.7803724408149719, -0.7999516725540161], "lowlevel.spectral_contrast_coeffs.stdev": [0.055435504764318466, 0.06800703704357147, 0.08075716346502304, 0.07305219769477844, 0.07538982480764389, 0.03731326013803482], "lowlevel.spectral_contrast_valleys.mean": [-6.506544589996338, -7.804956436157227, -8.554413795471191, -8.978535652160645, -9.327028274536133, -12.172026634216309], "lowlevel.spectral_contrast_valleys.stdev": [0.5857916474342346, 0.7442312240600586, 0.8580947518348694, 0.902965784072876, 1.1555452346801758, 1.1514326333999634], "rhythm.beats_loudness_band_ratio.mean": [0.6129189133644104, 0.1934831738471985, 0.08530961722135544, 0.06529825925827026, 0.02847846783697605, 0.024241339415311813], "rhythm.beats_loudness_band_ratio.stdev": [0.2519874572753906, 0.1464565396308899, 0.12116654217243195, 0.13919854164123535, 0.08808545768260956, 0.07647643983364105], "tonal.hpcp.mean": [0.10617217421531677, 0.1284257471561432, 0.045298442244529724, 0.007868664339184761, 0.00589903537184, 0.00803341343998909, 0.07750515639781952, 0.12242760509252548, 0.058353569358587265, 0.011029169894754887, 0.0052393157966434956, 0.00491713173687458, 0.008709290996193886, 0.022376053035259247, 0.06398665904998779, 0.5119052529335022, 0.7817400693893433, 0.3333898186683655, 0.02189355157315731, 0.009988387115299702, 0.014091910794377327, 0.16458187997341156, 0.23112481832504272, 0.08428546041250229, 0.010813982225954533, 0.009299296885728836, 0.017378730699419975, 0.03091437928378582, 0.027979183942079544, 0.012419789098203182, 0.007021069992333651, 0.0036334034521132708, 0.0025934847071766853, 0.0049623469822108746, 0.009454673156142235, 0.024797258898615837], "tonal.hpcp.stdev": [0.14974556863307953, 0.16499313712120056, 0.08702243119478226, 0.050954025238752365, 0.05372050404548645, 0.043637290596961975, 0.17723068594932556, 0.28637179732322693, 0.14534300565719604, 0.05936974287033081, 0.04930238053202629, 0.05252131074666977, 0.055815450847148895, 0.06897230446338654, 0.11571402847766876, 0.2686353325843811, 0.3641517162322998, 0.21455836296081543, 0.09457572549581528, 0.05711863189935684, 0.0754912868142128, 0.2538386285305023, 0.3455941081047058, 0.17868277430534363, 0.07458274066448212, 0.05707719549536705, 0.08526890724897385, 0.08764728903770447, 0.08292176574468613, 0.06170429661870003, 0.06018897518515587, 0.03247721865773201, 0.011347135528922081, 0.019958192482590675, 0.04949207976460457, 0.08596253395080566], "rhythm.beats_position": [0.5108389854431152, 1.0332880020141602, 1.5441269874572754, 2.043355941772461, 2.5425848960876465, 3.0302040576934814, 3.529433012008667, 4.017052173614502, 4.504671096801758, 4.980679988861084, 5.479909420013428, 5.967528343200684, 6.4551472663879395, 6.942766189575195, 7.430385589599609, 7.918004512786865, 8.405623435974121, 8.893242835998535, 9.380861282348633, 9.868480682373047, 10.356099128723145, 10.843718528747559, 11.319727897644043, 11.795736312866211, 12.283355712890625, 12.770975112915039, 13.258593559265137, 13.74621295928955, 14.233832359313965, 14.721450805664062, 15.209070205688477, 15.696688652038574, 16.184309005737305, 16.671926498413086, 17.1595458984375, 17.647165298461914, 18.134784698486328, 18.622404098510742, 19.110021591186523, 19.597640991210938, 20.08526039123535, 20.572879791259766, 21.188207626342773, 21.803537368774414, 22.53496551513672, 23.266393661499023, 24.009431838989258, 24.729251861572266, 25.46068000793457, 26.192108154296875, 26.91192626953125, 27.631746292114258, 28.351564407348633, 29.071382522583008, 29.802810668945312, 30.53424072265625, 31.254058837890625, 31.99709701538086, 32.7285270690918, 33.45995330810547, 34.179771423339844, 34.92280960083008, 35.64263153076172, 36.362449645996094, 37.08226776123047, 37.81369400024414, 38.556732177734375, 39.28816223144531], "rhythm.bpm_histogram": [0.0, 0.0, 0.0, 0.0, 0.0, 0.0, 0.0, 0.0, 0.0, 0.0, 0.0, 0.0, 0.0, 0.0, 0.0, 0.0, 0.0, 0.0, 0.0, 0.0, 0.0, 0.0, 0.0, 0.0, 0.0, 0.0, 0.0, 0.0, 0.0, 0.0, 0.0, 0.0, 0.0, 0.0, 0.0, 0.0, 0.0, 0.0, 0.0, 0.0, 0.0, 0.0, 0.0, 0.0, 0.0, 0.0, 0.0, 0.0, 0.0, 0.0, 0.0, 0.0, 0.0, 0.0, 0.0, 0.0, 0.0, 0.0, 0.0, 0.0, 0.0, 0.0, 0.0, 0.0, 0.0, 0.0, 0.0, 0.0, 0.0, 0.0, 0.0, 0.0, 0.0, 0.0, 0.0, 0.0, 0.0, 0.0, 0.0, 0.0, 0.0, 0.05970149114727974, 0.1492537260055542, 0.1492537260055542, 0.0, 0.0, 0.0, 0.0, 0.0, 0.0, 0.0, 0.0, 0.0, 0.0, 0.0, 0.0, 0.0, 0.0, 0.02985074557363987, 0.0, 0.0, 0.0, 0.0, 0.0, 0.0, 0.0, 0.0, 0.0, 0.0, 0.0, 0.0, 0.0, 0.0, 0.0, 0.0, 0.014925372786819935, 0.0, 0.014925372786819935, 0.0, 0.0, 0.05970149114727974, 0.0, 0.0, 0.4776119291782379, 0.0, 0.0, 0.04477611929178238, 0.0, 0.0, 0.0, 0.0, 0.0, 0.0, 0.0, 0.0, 0.0, 0.0, 0.0, 0.0, 0.0, 0.0, 0.0, 0.0, 0.0, 0.0, 0.0, 0.0, 0.0, 0.0, 0.0, 0.0, 0.0, 0.0, 0.0, 0.0, 0.0, 0.0, 0.0, 0.0, 0.0, 0.0, 0.0, 0.0, 0.0, 0.0, 0.0, 0.0, 0.0, 0.0, 0.0, 0.0, 0.0, 0.0, 0.0, 0.0, 0.0, 0.0, 0.0, 0.0, 0.0, 0.0, 0.0, 0.0, 0.0, 0.0, 0.0, 0.0, 0.0, 0.0, 0.0, 0.0, 0.0, 0.0, 0.0, 0.0, 0.0, 0.0, 0.0, 0.0, 0.0, 0.0, 0.0, 0.0, 0.0, 0.0, 0.0, 0.0, 0.0, 0.0, 0.0, 0.0, 0.0, 0.0, 0.0, 0.0, 0.0, 0.0, 0.0, 0.0, 0.0, 0.0, 0.0, 0.0, 0.0, 0.0, 0.0, 0.0, 0.0, 0.0, 0.0, 0.0, 0.0, 0.0, 0.0, 0.0, 0.0, 0.0, 0.0, 0.0, 0.0, 0.0, 0.0, 0.0, 0.0, 0.0, 0.0, 0.0, 0.0, 0.0, 0.0], "tonal.chords_histogram": [1.6203703880310059, 14.467592239379883, 66.66666412353516, 0.0, 15.277777671813965, 0.0, 1.8518518209457397, 0.0, 0.0, 0.0, 0.0, 0.0, 0.0, 0.0, 0.0, 0.0, 0.0, 0.0, 0.0, 0.11574073880910873, 0.0, 0.0, 0.0, 0.0], "tonal.thpcp": [1.0, 0.42647144198417664, 0.0280061773955822, 0.012777120806276798, 0.018026338890194893, 0.21053273975849152, 0.295654296875, 0.10781775414943695, 0.01383322011679411, 0.011895637959241867, 0.022230830043554306, 0.03954559937119484, 0.035790905356407166, 0.015887364745140076, 0.008981335908174515, 0.004647840745747089, 0.0033175793942064047, 0.0063478220254182816, 0.012094395235180855, 0.0317205935716629, 0.13581518828868866, 0.1642819046974182, 0.05794565752148628, 0.010065576061606407, 0.0075460318475961685, 0.010276323184370995, 0.09914440661668777, 0.15660908818244934, 0.0746457427740097, 0.014108487404882908, 0.006702119950205088, 0.006289983168244362, 0.01114090345799923, 0.028623392805457115, 0.08185157924890518, 0.6548279523849487], "lowlevel.gfcc.cov": [[9005.3193359375, -2450.482421875, -2326.80322265625, 96.95887756347656, -136.71463012695312, 318.4444274902344, -244.31480407714844, 914.4633178710938, -612.1055908203125, 208.31048583984375, 347.03070068359375, -94.98112487792969, -209.96791076660156], [-2450.482421875, 1934.287109375, 383.6402587890625, -448.3728942871094, 251.79449462890625, -240.84326171875, 216.78977966308594, -290.70098876953125, 274.224609375, -171.39820861816406, 95.7047119140625, -145.88897705078125, 215.23460388183594], [-2326.80322265625, 383.6402587890625, 1189.244140625, 124.95623779296875, -67.61396026611328, 9.552309036254883, 30.709230422973633, -289.8131408691406, 201.96925354003906, 14.14268684387207, -213.0293731689453, 150.48187255859375, 25.059173583984375], [96.95887756347656, -448.3728942871094, 124.95623779296875, 386.8847351074219, -16.968854904174805, 69.85713958740234, -47.71084976196289, -9.390212059020996, 48.4598274230957, 37.84062576293945, -65.73080444335938, 47.58412170410156, -0.3867940902709961], [-136.71463012695312, 251.79449462890625, -67.61396026611328, -16.968854904174805, 223.60952758789062, -34.556396484375, 22.646785736083984, 12.595924377441406, 40.931400299072266, -29.506492614746094, 19.30487823486328, -46.843475341796875, 47.475162506103516], [318.4444274902344, -240.84326171875, 9.552309036254883, 69.85713958740234, -34.556396484375, 137.39190673828125, 33.484622955322266, 18.67854881286621, -40.48539352416992, 7.6144866943359375, 3.0580525398254395, 27.085233688354492, -23.668272018432617], [-244.31480407714844, 216.78977966308594, 30.709230422973633, -47.71084976196289, 22.646785736083984, 33.484622955322266, 168.15113830566406, -25.421646118164062, -3.6299920082092285, -20.8829288482666, 60.46261215209961, -12.85211181640625, 8.876776695251465], [914.4633178710938, -290.70098876953125, -289.8131408691406, -9.390212059020996, 12.595924377441406, 18.67854881286621, -25.421646118164062, 195.9032745361328, -61.505516052246094, 31.368118286132812, 38.104652404785156, -36.28228759765625, -29.830352783203125], [-612.1055908203125, 274.224609375, 201.96925354003906, 48.4598274230957, 40.931400299072266, -40.48539352416992, -3.6299920082092285, -61.505516052246094, 200.01612854003906, 2.462961435317993, -64.40113067626953, -9.51320743560791, 68.15540313720703], [208.31048583984375, -171.39820861816406, 14.14268684387207, 37.84062576293945, -29.506492614746094, 7.6144866943359375, -20.8829288482666, 31.368118286132812, 2.462961435317993, 79.62532043457031, -14.220931053161621, 11.935844421386719, -25.6450138092041], [347.03070068359375, 95.7047119140625, -213.0293731689453, -65.73080444335938, 19.30487823486328, 3.0580525398254395, 60.46261215209961, 38.104652404785156, -64.40113067626953, -14.220931053161621, 160.60972595214844, -30.909177780151367, 6.180288314819336], [-94.98112487792969, -145.88897705078125, 150.48187255859375, 47.58412170410156, -46.843475341796875, 27.085233688354492, -12.85211181640625, -36.28228759765625, -9.51320743560791, 11.935844421386719, -30.909177780151367, 117.18675994873047, -8.428534507751465], [-209.96791076660156, 215.23460388183594, 25.059173583984375, -0.3867940902709961, 47.475162506103516, -23.668272018432617, 8.876776695251465, -29.830352783203125, 68.15540313720703, -25.6450138092041, 6.180288314819336, -8.428534507751465, 115.0118408203125]], "lowlevel.gfcc.icov": [[0.0004476462781894952, 9.66298975981772e-05, 0.0006494090193882585, 1.1897437616426032e-05, 0.00012639324995689094, -0.0007665223674848676, 0.00040378744597546756, -0.0007693495717830956, 0.00017777690663933754, -0.0006084985216148198, -0.00016176787903532386, -0.0003025135665666312, -0.00020019049406982958], [9.66298975981772e-05, 0.006814990192651749, -0.002131351735442877, 0.005972749087959528, -0.003117959713563323, 0.0048657613806426525, -0.003548329696059227, 0.004955011885613203, -0.005551467649638653, 0.004943744745105505, -0.004878520965576172, 0.0051761772483587265, -0.003211773233488202], [0.0006494090193882585, -0.002131351735442877, 0.003835894400253892, -0.00198234710842371, 0.0013772848760709167, -0.002936210250481963, 0.000852429773658514, -0.0006314788479357958, 0.0009350437321700156, -0.00327112665399909, 0.003172784112393856, -0.0037885841447860003, 0.0011978019028902054], [1.1897437616426032e-05, 0.005972749087959528, -0.00198234710842371, 0.008786986581981182, -0.0031165629625320435, 0.0020691524259746075, -0.0019893208518624306, 0.004690457135438919, -0.005945133976638317, 0.0032635966781526804, -0.003883118275552988, 0.0038873779121786356, -0.0028676046058535576], [0.00012639324995689094, -0.003117959713563323, 0.0013772848760709167, -0.0031165629625320435, 0.007222034968435764, -0.0014040026580914855, 0.0008877026848495007, -0.00347251258790493, 0.001883615623228252, -0.0008733718423172832, 0.0022279340773820877, -0.0012194631854072213, -4.132838057557819e-06], [-0.0007665223674848676, 0.0048657613806426525, -0.002936210250481963, 0.0020691524259746075, -0.0014040026580914855, 0.015803735703229904, -0.0068825529888272285, 0.0034127826802432537, -0.002279186388477683, 0.0054855505004525185, -0.0024379652459174395, 0.0029460801742970943, -0.0016896513989195228], [0.00040378744597546756, -0.003548329696059227, 0.000852429773658514, -0.0019893208518624306, 0.0008877026848495007, -0.0068825529888272285, 0.011439898982644081, -0.0024856235831975937, 0.0022589124273508787, -0.002427987288683653, -0.001878650626167655, -0.0018702943343669176, 0.001958586275577545], [-0.0007693495717830956, 0.004955011885613203, -0.0006314788479357958, 0.004690457135438919, -0.00347251258790493, 0.0034127826802432537, -0.0024856235831975937, 0.014900220558047295, -0.003972133155912161, 0.0008287419914267957, -0.0028960932977497578, 0.005354877095669508, -0.0012451446382328868], [0.00017777690663933754, -0.005551467649638653, 0.0009350437321700156, -0.005945133976638317, 0.001883615623228252, -0.002279186388477683, 0.0022589124273508787, -0.003972133155912161, 0.014651324599981308, -0.0065004643984138966, 0.006687287241220474, -0.0018267793348059058, -0.00258620991371572], [-0.0006084985216148198, 0.004943744745105505, -0.00327112665399909, 0.0032635966781526804, -0.0008733718423172832, 0.0054855505004525185, -0.002427987288683653, 0.0008287419914267957, -0.0065004643984138966, 0.021435411646962166, -0.00405559316277504, 0.003225670661777258, 0.0013388260267674923], [-0.00016176787903532386, -0.004878520965576172, 0.003172784112393856, -0.003883118275552988, 0.0022279340773820877, -0.0024379652459174395, -0.001878650626167655, -0.0028960932977497578, 0.006687287241220474, -0.00405559316277504, 0.014927444979548454, -0.003444417379796505, 0.00018080102745443583], [-0.0003025135665666312, 0.0051761772483587265, -0.0037885841447860003, 0.0038873779121786356, -0.0012194631854072213, 0.0029460801742970943, -0.0018702943343669176, 0.005354877095669508, -0.0018267793348059058, 0.003225670661777258, -0.003444417379796505, 0.01666245050728321, -0.0035496384371072054], [-0.00020019049406982958, -0.003211773233488202, 0.0011978019028902054, -0.0028676046058535576, -4.132838057557819e-06, -0.0016896513989195228, 0.001958586275577545, -0.0012451446382328868, -0.00258620991371572, 0.0013388260267674923, 0.00018080102745443583, -0.0035496384371072054, 0.014810343272984028]], "lowlevel.mfcc.cov": [[10081.3134765625, -2565.052734375, -2010.7301025390625, -618.1570434570312, 275.3948974609375, -1006.6766967773438, 672.2471313476562, 171.87181091308594, -527.4638671875, 543.7572021484375, -210.05648803710938, 349.94879150390625, 148.0452423095703], [-2565.052734375, 2066.582275390625, 100.59263610839844, -49.45568084716797, -86.75149536132812, 94.29571533203125, -72.18719482421875, -64.40096282958984, 96.28282928466797, -74.76496887207031, 28.967361450195312, -106.68855285644531, 20.296199798583984], [-2010.7301025390625, 100.59263610839844, 957.1920776367188, 195.54588317871094, -137.70118713378906, 377.81768798828125, -239.1952667236328, -39.61704635620117, 177.3394317626953, -192.47154235839844, 69.93499755859375, -54.772621154785156, -53.748023986816406], [-618.1570434570312, -49.45568084716797, 195.54588317871094, 235.0416259765625, 45.84703826904297, 126.53112030029297, -109.8561019897461, -15.589617729187012, 88.8704605102539, -33.90999984741211, 13.417519569396973, -5.48882532119751, -13.526915550231934], [275.3948974609375, -86.75149536132812, -137.70118713378906, 45.84703826904297, 210.44398498535156, -60.54155731201172, -7.25901985168457, -8.885957717895508, 28.15384292602539, 52.06665802001953, -26.143592834472656, 0.21083158254623413, -5.385417938232422], [-1006.6766967773438, 94.29571533203125, 377.81768798828125, 126.53112030029297, -60.54155731201172, 306.6963195800781, -106.62066650390625, 4.939705848693848, 92.99176025390625, -91.2770004272461, 31.369461059570312, -40.301883697509766, -47.68449401855469], [672.2471313476562, -72.18719482421875, -239.1952667236328, -109.8561019897461, -7.25901985168457, -106.62066650390625, 267.030029296875, 59.13951873779297, -140.7019500732422, 77.52792358398438, -7.309013843536377, 17.47051429748535, 24.44092559814453], [171.87181091308594, -64.40096282958984, -39.61704635620117, -15.589617729187012, -8.885957717895508, 4.939705848693848, 59.13951873779297, 99.73297882080078, -29.74850845336914, 11.460042953491211, -11.738995552062988, -2.2052078247070312, 2.524099111557007], [-527.4638671875, 96.28282928466797, 177.3394317626953, 88.8704605102539, 28.15384292602539, 92.99176025390625, -140.7019500732422, -29.74850845336914, 202.24696350097656, -33.02724075317383, 20.421785354614258, -17.720539093017578, -19.535554885864258], [543.7572021484375, -74.76496887207031, -192.47154235839844, -33.90999984741211, 52.06665802001953, -91.2770004272461, 77.52792358398438, 11.460042953491211, -33.02724075317383, 148.20130920410156, -17.768545150756836, 9.31704330444336, 19.94022560119629], [-210.05648803710938, 28.967361450195312, 69.93499755859375, 13.417519569396973, -26.143592834472656, 31.369461059570312, -7.309013843536377, -11.738995552062988, 20.421785354614258, -17.768545150756836, 102.18914794921875, 11.109691619873047, -8.262890815734863], [349.94879150390625, -106.68855285644531, -54.772621154785156, -5.48882532119751, 0.21083158254623413, -40.301883697509766, 17.47051429748535, -2.2052078247070312, -17.720539093017578, 9.31704330444336, 11.109691619873047, 73.48426055908203, 21.196929931640625], [148.0452423095703, 20.296199798583984, -53.748023986816406, -13.526915550231934, -5.385417938232422, -47.68449401855469, 24.44092559814453, 2.524099111557007, -19.535554885864258, 19.94022560119629, -8.262890815734863, 21.196929931640625, 75.34032440185547]], "lowlevel.mfcc.icov": [[0.0004233287472743541, 0.0004511769802775234, 0.0005456664366647601, 0.000639009231235832, 2.831196070474107e-06, 9.203681838698685e-05, -3.339040995342657e-05, -8.516130037605762e-05, -0.00011163626186316833, -0.000318914680974558, 0.0003031987580470741, -0.0008703746716491878, -4.3651492887875065e-05], [0.0004511769802775234, 0.0010780200827866793, 0.0007501601940020919, 0.0009347242303192616, 0.0001880011841421947, -0.00014336306776385754, -7.214830839075148e-05, 0.0003367039607837796, -0.0004467917897272855, -6.764335557818413e-05, 0.00013075109745841473, 5.907904414925724e-05, -0.0006393972435034811], [0.0005456664366647601, 0.0007501601940020919, 0.0034554724115878344, 0.00026275592972524464, 0.0011123298900201917, -0.0020028522703796625, 0.0005656455759890378, 0.00047835343866609037, -0.0007604165002703667, 0.0008586958283558488, -0.00021044333698228002, -0.00024397808010689914, -0.0005285564111545682], [0.000639009231235832, 0.0009347242303192616, 0.00026275592972524464, 0.008458097465336323, -0.0025323480367660522, -0.002563252579420805, 0.0014671977842226624, -0.00014719627506565303, -0.000678288924973458, -0.0008513180655427277, 0.00011053707567043602, -0.002287105889990926, -0.0013707749312743545], [2.831196070474107e-06, 0.0001880011841421947, 0.0011123298900201917, -0.0025323480367660522, 0.007227472960948944, 0.0013782336609438062, -2.6610914574121125e-05, 0.0005265643703751266, -0.001630606479011476, -0.001242026686668396, 0.001146651804447174, 0.0008258929592557251, 0.0014619025168940425], [9.203681838698685e-05, -0.00014336306776385754, -0.0020028522703796625, -0.002563252579420805, 0.0013782336609438062, 0.008425072766840458, -0.0002843654656317085, -0.0019744224846363068, -0.0008502964628860354, 0.0007505315588787198, -0.00015056267147883773, 0.0012147807283326983, 0.00278062024153769], [-3.339040995342657e-05, -7.214830839075148e-05, 0.0005656455759890378, 0.0014671977842226624, -2.6610914574121125e-05, -0.0002843654656317085, 0.008268601261079311, -0.0031485455110669136, 0.0039567118510603905, -0.002324385568499565, -0.0015571791445836425, 9.023287020681892e-06, -0.0005389449070207775], [-8.516130037605762e-05, 0.0003367039607837796, 0.00047835343866609037, -0.00014719627506565303, 0.0005265643703751266, -0.0019744224846363068, -0.0031485455110669136, 0.012640681117773056, -0.00025328854098916054, 0.000450455816462636, 0.001348860445432365, 0.0011277644662186503, -0.000576891063246876], [-0.00011163626186316833, -0.0004467917897272855, -0.0007604165002703667, -0.000678288924973458, -0.001630606479011476, -0.0008502964628860354, 0.0039567118510603905, -0.00025328854098916054, 0.009174861945211887, -0.001134944031946361, -0.0014558862894773483, 0.0003869136271532625, 0.00015650819113943726], [-0.000318914680974558, -6.764335557818413e-05, 0.0008586958283558488, -0.0008513180655427277, -0.001242026686668396, 0.0007505315588787198, -0.002324385568499565, 0.000450455816462636, -0.001134944031946361, 0.010709308087825775, 1.1966008969466202e-05, 0.0017455436754971743, -0.001388656790368259], [0.0003031987580470741, 0.00013075109745841473, -0.00021044333698228002, 0.00011053707567043602, 0.001146651804447174, -0.00015056267147883773, -0.0015571791445836425, 0.001348860445432365, -0.0014558862894773483, 1.1966008969466202e-05, 0.011707446537911892, -0.0036679122131317854, 0.0016206334112212062], [-0.0008703746716491878, 5.907904414925724e-05, -0.00024397808010689914, -0.002287105889990926, 0.0008258929592557251, 0.0012147807283326983, 9.023287020681892e-06, 0.0011277644662186503, 0.0003869136271532625, 0.0017455436754971743, -0.0036679122131317854, 0.0198963712900877, -0.004464882891625166], [-4.3651492887875065e-05, -0.0006393972435034811, -0.0005285564111545682, -0.0013707749312743545, 0.0014619025168940425, 0.00278062024153769, -0.0005389449070207775, -0.000576891063246876, 0.00015650819113943726, -0.001388656790368259, 0.0016206334112212062, -0.004464882891625166, 0.016808567568659782]], "metadata.audio_properties.analysis.downmix": "mix", "metadata.audio_properties.codec": "mp3", "metadata.audio_properties.md5_encoded": "95a93244b2b59c0f6d6be8f3cc0c3197", "metadata.tags.file_name": "1182279004577865798.mp3", "metadata.version.essentia": "2.1-beta6-dev", "metadata.version.essentia_git_sha": "v2.1_beta5-1110-g77a6a954", "metadata.version.extractor": "music 2.0", "tonal.chords_key": "D", "tonal.chords_