{"song_id": "1182271350153424926", "download": "https://cdn.discordapp.com/attachments/1135911532732108921/1182271350153424926/chirp.mp4?ex=658416ff&amp", "lyrics": "En el Centro Comercial Santa Gloria, la vida se despierta,\nloa esquina Libertad, la obligaci\u00f3n se convierte en fiesta.\nNuevo horizonte en cada rinc\u00f3n de Arica,\nDonde la tradici\u00f3n y la modernidad bailan con destreza.\n\nEntre momias y secretos \nArica, joya del norte, en cada atardecer.\nLas olas acarician la pasi\u00f3n por surfear,\nEn este rinc\u00f3n de mar y desierto, placer sin entender.\n\nSanta Gloria, testigo de momentos especiales,\nGuardiana de historias, entre risas y colores reales.", "style": ["electr\u00f3nica andina trap"], "essentia_features": {"lowlevel.average_loudness": 0.9878203272819519, "lowlevel.barkbands_crest.mean": 17.08271026611328, "lowlevel.barkbands_crest.stdev": 4.516455173492432, "lowlevel.barkbands_flatness_db.mean": 0.2456086277961731, "lowlevel.barkbands_flatness_db.stdev": 0.07101526111364365, "lowlevel.barkbands_kurtosis.mean": 26.678789138793945, "lowlevel.barkbands_kurtosis.stdev": 29.612327575683594, "lowlevel.barkbands_skewness.mean": 3.9605932235717773, "lowlevel.barkbands_skewness.stdev": 2.0397090911865234, "lowlevel.barkbands_spread.mean": 10.152498245239258, "lowlevel.barkbands_spread.stdev": 8.696163177490234, "lowlevel.dissonance.mean": 0.43574759364128113, "lowlevel.dissonance.stdev": 0.03848902881145477, "lowlevel.dynamic_complexity": 1.8416966199874878, "lowlevel.erbbands_crest.mean": 11.834053993225098, "lowlevel.erbbands_crest.stdev": 5.887467861175537, "lowlevel.erbbands_flatness_db.mean": 0.14838255941867828, "lowlevel.erbbands_flatness_db.stdev": 0.038246020674705505, "lowlevel.erbbands_kurtosis.mean": 2.5471551418304443, "lowlevel.erbbands_kurtosis.stdev": 5.406560897827148, "lowlevel.erbbands_skewness.mean": 1.0498907566070557, "lowlevel.erbbands_skewness.stdev": 1.0810741186141968, "lowlevel.erbbands_spread.mean": 45.6287727355957, "lowlevel.erbbands_spread.stdev": 24.10134506225586, "lowlevel.hfc.mean": 21.711271286010742, "lowlevel.hfc.stdev": 17.4569091796875, "lowlevel.loudness_ebu128.integrated": -12.593260765075684, "lowlevel.loudness_ebu128.loudness_range": 0.50604248046875, "lowlevel.loudness_ebu128.momentary.mean": -12.618572235107422, "lowlevel.loudness_ebu128.momentary.stdev": 0.47637030482292175, "lowlevel.loudness_ebu128.short_term.mean": -12.571134567260742, "lowlevel.loudness_ebu128.short_term.stdev": 0.16842779517173767, "lowlevel.melbands_crest.mean": 28.72434425354004, "lowlevel.melbands_crest.stdev": 6.221320629119873, "lowlevel.melbands_flatness_db.mean": 0.33766764402389526, "lowlevel.melbands_flatness_db.stdev": 0.07951444387435913, "lowlevel.melbands_kurtosis.mean": 54.67196273803711, "lowlevel.melbands_kurtosis.stdev": 56.45773696899414, "lowlevel.melbands_skewness.mean": 5.217090129852295, "lowlevel.melbands_skewness.stdev": 2.8614914417266846, "lowlevel.melbands_spread.mean": 7.885365962982178, "lowlevel.melbands_spread.stdev": 7.953562259674072, "lowlevel.pitch_salience.mean": 0.3213261663913727, "lowlevel.pitch_salience.stdev": 0.12679538130760193, "lowlevel.silence_rate_20dB.mean": 1.0, "lowlevel.silence_rate_20dB.stdev": 0.0, "lowlevel.silence_rate_30dB.mean": 0.6785137057304382, "lowlevel.silence_rate_30dB.stdev": 0.46704694628715515, "lowlevel.silence_rate_60dB.mean": 0.0008077544625848532, "lowlevel.silence_rate_60dB.stdev": 0.028409596532583237, "lowlevel.spectral_centroid.mean": 1010.9171142578125, "lowlevel.spectral_centroid.stdev": 627.3359375, "lowlevel.spectral_complexity.mean": 12.336026191711426, "lowlevel.spectral_complexity.stdev": 9.298592567443848, "lowlevel.spectral_decrease.mean": -2.476885008206864e-08, "lowlevel.spectral_decrease.stdev": 7.485219555292133e-09, "lowlevel.spectral_energy.mean": 0.095452681183815, "lowlevel.spectral_energy.stdev": 0.028529081493616104, "lowlevel.spectral_energyband_high.mean": 0.0008877718937583268, "lowlevel.spectral_energyband_high.stdev": 0.0011481334222480655, "lowlevel.spectral_energyband_low.mean": 0.07542429864406586, "lowlevel.spectral_energyband_low.stdev": 0.030400795862078667, "lowlevel.spectral_energyband_middle_high.mean": 0.003076199907809496, "lowlevel.spectral_energyband_middle_high.stdev": 0.005859319120645523, "lowlevel.spectral_energyband_middle_low.mean": 0.016231896355748177, "lowlevel.spectral_energyband_middle_low.stdev": 0.0143025116994977, "lowlevel.spectral_entropy.mean": 7.398496627807617, "lowlevel.spectral_entropy.stdev": 0.4730125665664673, "lowlevel.spectral_flux.mean": 0.11345407366752625, "lowlevel.spectral_flux.stdev": 0.07336647063493729, "lowlevel.spectral_kurtosis.mean": 3.6107230186462402, "lowlevel.spectral_kurtosis.stdev": 2.285449504852295, "lowlevel.spectral_rms.mean": 0.009545587003231049, "lowlevel.spectral_rms.stdev": 0.0014163542073220015, "lowlevel.spectral_rolloff.mean": 314.8044738769531, "lowlevel.spectral_rolloff.stdev": 405.5224914550781, "lowlevel.spectral_skewness.mean": 1.4771875143051147, "lowlevel.spectral_skewness.stdev": 0.48461779952049255, "lowlevel.spectral_spread.mean": 5388739.5, "lowlevel.spectral_spread.stdev": 1232104.875, "lowlevel.spectral_strongpeak.mean": 0.51912522315979, "lowlevel.spectral_strongpeak.stdev": 0.40999433398246765, "lowlevel.zerocrossingrate.mean": 0.02275083027780056, "lowlevel.zerocrossingrate.stdev": 0.013277734629809856, "metadata.audio_properties.analysis.equal_loudness": 0.0, "metadata.audio_properties.analysis.length": 28.714649200439453, "metadata.audio_properties.analysis.sample_rate": 44100.0, "metadata.audio_properties.analysis.start_time": 0.0, "metadata.audio_properties.bit_rate": 123406.0, "metadata.audio_properties.length": 28.71466636657715, "metadata.audio_properties.lossless": 0.0, "metadata.audio_properties.number_channels": 1.0, "metadata.audio_properties.replay_gain": -12.246183395385742, "metadata.audio_properties.sample_rate": 48000.0, "rhythm.beats_count": 55.0, "rhythm.beats_loudness.mean": 0.10671580582857132, "rhythm.beats_loudness.stdev": 0.019221710041165352, "rhythm.bpm": 117.72935485839844, "rhythm.bpm_histogram_first_peak_bpm": 117.0, "rhythm.bpm_histogram_first_peak_weight": 0.13999998569488525, "rhythm.bpm_histogram_second_peak_bpm": 112.0, "rhythm.bpm_histogram_second_peak_spread": 0.3333333134651184, "rhythm.bpm_histogram_second_peak_weight": 0.03703703731298447, "rhythm.danceability": 2.442211866378784, "rhythm.onset_rate": 6.1946024894714355, "tonal.chords_changes_rate": 0.032258063554763794, "tonal.chords_number_rate": 0.003225806402042508, "tonal.chords_strength.mean": 0.5846807956695557, "tonal.chords_strength.stdev": 0.06815117597579956, "tonal.hpcp_crest.mean": 14.899506568908691, "tonal.hpcp_crest.stdev": 5.893095016479492, "tonal.hpcp_entropy.mean": 1.707968831062317, "tonal.hpcp_entropy.stdev": 0.6317006945610046, "tonal.key_edma.strength": 0.6121004223823547, "tonal.key_krumhansl.strength": 0.601038932800293, "tonal.key_temperley.strength": 0.5766064524650574, "tonal.tuning_diatonic_strength": 0.479966938495636, "tonal.tuning_equal_tempered_deviation": 0.26909172534942627, "tonal.tuning_frequency": 434.193115234375, "tonal.tuning_nontempered_energy_ratio": 0.9805765151977539, "lowlevel.barkbands.mean": [0.011986929923295975, 0.060490332543849945, 0.0028357498813420534, 0.0008627356146462262, 0.004082430619746447, 0.0045008230954408646, 0.001710142008960247, 0.002771492348983884, 0.002165235346183181, 0.0004853042773902416, 0.00025546562392264605, 0.00043545602238737047, 0.0005279784672893584, 0.0004224967851769179, 0.00022360899311024696, 0.00014176187687553465, 9.848557238001376e-05, 0.00020035300985909998, 0.00026127565070055425, 0.00022160392836667597, 0.00011857694335049018, 0.00022577878553420305, 0.00026724906638264656, 5.438517109723762e-05, 4.598231316776946e-05, 5.802854502690025e-05, 3.0452688406512607e-06], "lowlevel.barkbands.stdev": [0.005571122281253338, 0.0313790924847126, 0.010444579645991325, 0.003718685358762741, 0.005310636945068836, 0.00521546695381403, 0.005090204067528248, 0.006738745607435703, 0.0046994807198643684, 0.0011202479945495725, 0.0006247065612114966, 0.0011373255401849747, 0.0015400873962789774, 0.0013749023200944066, 0.00048246479127556086, 0.00036854491918347776, 0.00031284481519833207, 0.0004735221154987812, 0.0005376476910896599, 0.0004156064533162862, 0.00022480667394120246, 0.0003987479140050709, 0.00034344117739237845, 7.682980503886938e-05, 6.469982326962054e-05, 7.230364280985668e-05, 5.8209552662447095e-06], "lowlevel.erbbands.mean": [3.3019769191741943, 7.294952869415283, 4.157601833343506, 3.700331449508667, 3.9689700603485107, 12.857749938964844, 34.97520446777344, 38.91574478149414, 34.98956298828125, 28.147790908813477, 53.8023796081543, 42.69750213623047, 35.93668746948242, 13.135004997253418, 13.803211212158203, 17.549949645996094, 23.70799446105957, 23.455150604248047, 15.597458839416504, 9.395559310913086, 7.652397155761719, 5.930399417877197, 7.991600036621094, 17.396617889404297, 10.149810791015625, 10.9108247756958, 6.172887325286865, 4.198657989501953, 6.661771774291992, 12.40009880065918, 5.684450626373291, 1.401779294013977, 0.8748483657836914, 0.5242855548858643, 0.3226291835308075, 0.1755739152431488, 0.12405182421207428, 0.024443021044135094, 0.0005223797052167356, 0.00011989413178525865], "lowlevel.erbbands.stdev": [1.2829689979553223, 7.413079738616943, 10.107464790344238, 14.54611587524414, 7.217061996459961, 16.792268753051758, 67.637451171875, 40.54993438720703, 87.2977294921875, 63.70195388793945, 114.20539855957031, 98.80248260498047, 83.05207061767578, 24.70960807800293, 33.012081146240234, 46.36050033569336, 65.33625030517578, 82.03050231933594, 35.93513488769531, 20.351991653442383, 19.031436920166016, 18.341983795166016, 21.510683059692383, 35.519805908203125, 20.949556350708008, 21.01485252380371, 10.998842239379883, 8.829498291015625, 13.31627082824707, 16.67841148376465, 7.613329887390137, 2.067047595977783, 1.2351411581039429, 0.7896785736083984, 0.452406108379364, 0.24724502861499786, 0.15246550738811493, 0.03369506821036339, 0.0006679771468043327, 3.7109042750671506e-05], "lowlevel.gfcc.mean": [7.611336708068848, 86.28211212158203, -71.24665069580078, 38.99087905883789, -58.134376525878906, 12.319374084472656, -18.830322265625, 18.79376792907715, -2.3767411708831787, 23.67351531982422, 0.7071459293365479, 18.952730178833008, -6.9365763664245605], "lowlevel.melbands.mean": [0.022334160283207893, 0.00418063485994935, 0.0005947487661615014, 0.0006083245971240103, 0.0011178681161254644, 0.0008597180130891502, 0.0004836246371269226, 0.0004270198114681989, 0.0003966217627748847, 0.0002834894694387913, 0.00017789685807656497, 5.224401320447214e-05, 4.124320548726246e-05, 4.926934343529865e-05, 4.6674696932313964e-05, 5.406338823377155e-05, 4.174635250819847e-05, 2.6464475013199262e-05, 1.5355237337644212e-05, 1.0225420737697277e-05, 8.44082205730956e-06, 5.833256182086188e-06, 5.986522410239559e-06, 9.275368938688189e-06, 1.5203178918454796e-05, 7.977797395142261e-06, 6.970175491005648e-06, 7.305556664505275e-06, 4.19920888816705e-06, 2.812853153955075e-06, 2.1649836980941473e-06, 3.0486812647723127e-06, 5.734627848141827e-06, 7.685292985115666e-06, 3.959572495659813e-06, 1.1469358014437603e-06, 6.932065730325121e-07, 6.145043016658747e-07, 5.444598514259269e-07, 3.9471342461183667e-07], "lowlevel.melbands.stdev": [0.00944026093930006, 0.005385642871260643, 0.0021231130231171846, 0.000862475426401943, 0.0019899739418178797, 0.0008700579055584967, 0.001148768700659275, 0.0010279614944010973, 0.0007789888186380267, 0.00063285295618698, 0.00042168557411059737, 0.00010552770982030779, 9.810859046410769e-05, 0.00012715923367068172, 0.00013408681843429804, 0.00017060853133443743, 0.00014758032921236008, 6.522583134938031e-05, 3.392601138330065e-05, 2.592492637631949e-05, 2.1930416551185772e-05, 1.8237165932077914e-05, 2.2554568204213865e-05, 2.1127178115420975e-05, 3.157190076308325e-05, 1.8454698874847963e-05, 1.3757697161054239e-05, 1.4611690858146176e-05, 7.805690074746963e-06, 5.622840944852214e-06, 4.89904050482437e-06, 6.981774731684709e-06, 1.0049101547338068e-05, 1.006405091175111e-05, 5.3943126658850815e-06, 1.9525191419234034e-06, 1.0595755384201766e-06, 8.964520930021536e-07, 8.130852506837982e-07, 6.210648848536948e-07], "lowlevel.melbands128.mean": [0.011440208181738853, 0.033168960362672806, 0.023404890671372414, 0.008608062751591206, 0.002417387906461954, 0.0013504427624866366, 0.0008150297799147666, 0.0003003128513228148, 0.0002718043397180736, 0.0007520096842199564, 0.0005612484528683126, 0.0011980619747191668, 0.0014415293699130416, 0.0007770804222673178, 0.0008302298374474049, 0.0009793778881430626, 0.0006623170920647681, 0.0004725409089587629, 0.00013875261356588453, 0.00011422661918913946, 0.0007628086605109274, 0.0008902042172849178, 0.0001021402349579148, 0.0002486367302481085, 0.0002899227838497609, 0.000251282996032387, 0.0004323592293076217, 8.720762707525864e-05, 7.883701618993655e-05, 6.524806667584926e-05, 3.831516005448066e-05, 3.2736821594880894e-05, 4.3419400753919035e-05, 4.001611887360923e-05, 6.0316644521662965e-05, 4.631475894711912e-05, 4.342961619840935e-05, 4.344865010352805e-05, 5.053402128396556e-05, 5.628585131489672e-05, 5.255886208033189e-05, 5.56873383175116e-05, 4.394453935674392e-05, 3.327078593429178e-05, 3.3060376154026017e-05, 2.448039231239818e-05, 2.098746335832402e-05, 1.5138381968426984e-05, 1.409124888596125e-05, 1.1030543646484148e-05, 8.869659723131917e-06, 1.0180496246903203e-05, 1.0181283869314939e-05, 7.365446435869671e-06, 5.328924089553766e-06, 5.880392563994974e-06, 5.878581305296393e-06, 6.0562156249943655e-06, 6.158629275887506e-06, 5.59922045795247e-06, 6.519773251056904e-06, 1.3621466678159777e-05, 1.922528463182971e-05, 1.495210290158866e-05, 1.0924543857981917e-05, 7.549282599939033e-06, 6.215728262759512e-06, 6.184015546750743e-06, 6.7395467340247706e-06, 8.9460863819113e-06, 7.770538104523439e-06, 6.495505658676848e-06, 5.058553142589517e-06, 3.995401584688807e-06, 2.805782060022466e-06, 2.993251882799086e-06, 2.80365020444151e-06, 2.23778874897107e-06, 2.1625860426865984e-06, 1.86620172826224e-06, 2.5848353288893122e-06, 3.5295677207614062e-06, 4.235270353092346e-06, 6.095858680055244e-06, 6.853629201941658e-06, 7.02184479450807e-06, 9.143740498984698e-06, 6.913232937222347e-06, 3.461081405475852e-06, 2.035508941844455e-06, 1.2760291383528966e-06, 9.678060450823978e-07, 7.40950895306014e-07, 6.822102136538888e-07, 6.654395861005469e-07, 6.261480507419037e-07, 5.852029403285997e-07, 6.292423790910107e-07, 5.411744155026099e-07, 5.0734854539769e-07, 5.05183322729863e-07, 3.400054140456632e-07, 3.183778574111784e-07, 3.491699374080781e-07, 4.039462169203034e-07, 3.788782123592682e-07, 3.309515648197703e-07, 2.448670102239703e-07, 2.722943008848233e-07, 3.40925993214114e-07, 2.9403415169326763e-07, 3.8228304788390233e-07, 4.530737669483642e-07, 4.4169232182866836e-07, 4.3383195702517696e-07, 3.1332203320744156e-07, 1.1722966775096211e-07, 1.3480336846782848e-08, 5.792873403187571e-10, 3.457907224446721e-11, 9.838150259733336e-12, 9.560457460422445e-12, 9.236273204593637e-12, 8.920247353272348e-12, 8.233136394864005e-12, 7.301696573758232e-12, 6.821591035099939e-12, 6.724865022483817e-12], "lowlevel.melbands128.stdev": [0.0052777789533138275, 0.012954587116837502, 0.01683638244867325, 0.011066560633480549, 0.005563640967011452, 0.00521902134642005, 0.0034586822148412466, 0.0012896733824163675, 0.0005422061076387763, 0.0014695245772600174, 0.0008594895480200648, 0.0022338908165693283, 0.003354523563757539, 0.001367676304653287, 0.0009542675106786191, 0.0014891980681568384, 0.002111525507643819, 0.0013540810905396938, 0.0004200704861432314, 0.00048658231389708817, 0.0020077028311789036, 0.002108232583850622, 0.00024158574524335563, 0.0008760939235799015, 0.0010069397976621985, 0.0006936199497431517, 0.0011777894105762243, 0.00024616107111796737, 0.00026882404927164316, 0.00014868145808577538, 8.996214455692098e-05, 8.462242112727836e-05, 0.00011393415479687974, 0.00012505866470746696, 0.00015464833995793015, 0.00013478238543029875, 0.00013801950262859464, 0.00014901474060025066, 0.0001567201252328232, 0.00016983573732431978, 0.000195971573702991, 0.0002748230181168765, 0.00018371452460996807, 0.00010442523489473388, 0.00010489255510037765, 6.381923594744876e-05, 5.624592813546769e-05, 3.928672231268138e-05, 3.3148015063488856e-05, 2.8357511837384664e-05, 2.880378633562941e-05, 3.061208190047182e-05, 2.6053248802782036e-05, 2.387812673987355e-05, 1.7854905308922753e-05, 2.0580366253852844e-05, 2.126279468939174e-05, 2.685430990823079e-05, 2.4984683477669023e-05, 2.0438961655599996e-05, 1.969110599020496e-05, 2.9142111088731326e-05, 4.909708150080405e-05, 3.435554390307516e-05, 2.620701889100019e-05, 2.3498507289332338e-05, 1.4566015124728438e-05, 1.4969040421419777e-05, 1.4229630323825404e-05, 1.8986291252076626e-05, 1.8429844203637913e-05, 1.4578880836779717e-05, 1.1125678611279e-05, 8.039547537919134e-06, 6.364328328345437e-06, 6.0550460148078855e-06, 6.894497346365824e-06, 6.214922905201092e-06, 5.292140485835262e-06, 4.435552000359166e-06, 6.710258276143577e-06, 9.454113751417026e-06, 9.237201084033586e-06, 1.2705351764452644e-05, 1.1709233149304055e-05, 1.064572006725939e-05, 1.2817383321817033e-05, 9.599275472282898e-06, 5.615996997221373e-06, 3.85284829462762e-06, 2.5858284971036483e-06, 1.8683977032196708e-06, 1.3070934983261395e-06, 1.1513751587699517e-06, 1.1271993116679369e-06, 1.0512234212001204e-06, 9.419858884029964e-07, 9.848273521129158e-07, 8.590586730861105e-07, 9.415137469659385e-07, 8.379167866223725e-07, 6.041789220034843e-07, 6.01359602114826e-07, 5.840388439537492e-07, 6.4972255131579e-07, 6.148389388727082e-07, 5.384227392823959e-07, 4.567966129798151e-07, 4.653591076930752e-07, 5.453184144244005e-07, 4.878643267147709e-07, 5.40030498541455e-07, 5.829647875543742e-07, 5.8863440699497e-07, 6.456406822508143e-07, 4.7087419829949795e-07, 2.1285109141899738e-07, 5.0668532480813155e-08, 5.259895186071617e-09, 6.282210862629256e-10, 4.9244164301853743e-11, 4.6557833977001195e-11, 4.3928718301833314e-11, 3.978778417845774e-11, 2.8460558562648508e-11, 1.4495382325008244e-11, 1.0696775062934982e-11, 1.053407014395269e-11], "lowlevel.mfcc.mean": [-652.0401611328125, 123.93269348144531, 36.92319869995117, 37.72990417480469, -2.2857911586761475, 11.31618881225586, -1.4127461910247803, 9.915230751037598, -2.8465445041656494, 20.57489013671875, 15.829118728637695, 0.018368253484368324, 15.101784706115723], "lowlevel.spectral_contrast_coeffs.mean": [-0.6680625677108765, -0.6707350015640259, -0.7711599469184875, -0.8182728290557861, -0.7961409091949463, -0.7237615585327148], "lowlevel.spectral_contrast_coeffs.stdev": [0.07827381044626236, 0.08807734400033951, 0.0807570144534111, 0.04358320310711861, 0.038952093571424484, 0.048385344445705414], "lowlevel.spectral_contrast_valleys.mean": [-6.802058219909668, -6.913068771362305, -7.7107157707214355, -7.922955513000488, -7.775846004486084, -10.505081176757812], "lowlevel.spectral_contrast_valleys.stdev": [0.6202200055122375, 0.7259361147880554, 0.9088118672370911, 0.8377933502197266, 0.7414374351501465, 0.8451765179634094], "rhythm.beats_loudness_band_ratio.mean": [0.7950403094291687, 0.09643073379993439, 0.09162285178899765, 0.009939169511198997, 0.005734921898692846, 0.010653747245669365], "rhythm.beats_loudness_band_ratio.stdev": [0.11171258985996246, 0.06892576813697815, 0.08391842991113663, 0.014856173656880856, 0.007658572401851416, 0.007410809397697449], "tonal.hpcp.mean": [0.05964519828557968, 0.07898664474487305, 0.0732562392950058, 0.04919853061437607, 0.020752256736159325, 0.015804769471287727, 0.012870514765381813, 0.016440201550722122, 0.018009938299655914, 0.025834662839770317, 0.042798418551683426, 0.04514380916953087, 0.08556872606277466, 0.08261795341968536, 0.027280081063508987, 0.03739975765347481, 0.038748398423194885, 0.01939731277525425, 0.014945008791983128, 0.010707724839448929, 0.03459705784916878, 0.24539312720298767, 0.6277787685394287, 0.4797590672969818, 0.08524776995182037, 0.03111114166676998, 0.02657385542988777, 0.06519845873117447, 0.0655280128121376, 0.020849037915468216, 0.016265952959656715, 0.016611222177743912, 0.019081929698586464, 0.03356528282165527, 0.03861119970679283, 0.03354041650891304], "tonal.hpcp.stdev": [0.17014479637145996, 0.2093276083469391, 0.23042288422584534, 0.18629321455955505, 0.10648732632398605, 0.10332373529672623, 0.07361248135566711, 0.09633564949035645, 0.1014847457408905, 0.1310347467660904, 0.1788538545370102, 0.1724301427602768, 0.17893877625465393, 0.16666093468666077, 0.10304293036460876, 0.14445719122886658, 0.1440965086221695, 0.0894046276807785, 0.10229550302028656, 0.06522709876298904, 0.1414528340101242, 0.31023791432380676, 0.4312584400177002, 0.40731632709503174, 0.2070017009973526, 0.1472325623035431, 0.12271922826766968, 0.1565892994403839, 0.1375264972448349, 0.08215887099504471, 0.1067294031381607, 0.09892196208238602, 0.11332626640796661, 0.12776871025562286, 0.138161301612854, 0.13227951526641846], "rhythm.beats_position": [0.54566890001297, 1.0797278881072998, 1.6021767854690552, 2.14784574508667, 2.7167346477508545, 3.250793695449829, 3.7616326808929443, 4.2724714279174805, 4.783310413360596, 5.294149398803711, 5.804988384246826, 6.315827369689941, 6.826666355133057, 7.337505340576172, 7.848344326019287, 8.347573280334473, 8.846802711486816, 9.357641220092773, 9.868480682373047, 10.379319190979004, 10.890158653259277, 11.400997161865234, 11.911836624145508, 12.422675132751465, 12.933514595031738, 13.444353103637695, 13.955192565917969, 14.466031074523926, 14.96526050567627, 15.464489936828613, 15.97532844543457, 16.486167907714844, 16.997007369995117, 17.507844924926758, 18.01868438720703, 18.529523849487305, 19.040363311767578, 19.55120086669922, 20.062040328979492, 20.572879791259766, 21.07210922241211, 21.57133674621582, 22.082176208496094, 22.593015670776367, 23.10385513305664, 23.61469268798828, 24.125532150268555, 24.636371612548828, 25.1472110748291, 25.658048629760742, 26.168888092041016, 26.67972755432129, 27.190567016601562, 27.701404571533203, 28.212244033813477], "rhythm.bpm_histogram": [0.0, 0.0, 0.0, 0.0, 0.0, 0.0, 0.0, 0.0, 0.0, 0.0, 0.0, 0.0, 0.0, 0.0, 0.0, 0.0, 0.0, 0.0, 0.0, 0.0, 0.0, 0.0, 0.0, 0.0, 0.0, 0.0, 0.0, 0.0, 0.0, 0.0, 0.0, 0.0, 0.0, 0.0, 0.0, 0.0, 0.0, 0.0, 0.0, 0.0, 0.0, 0.0, 0.0, 0.0, 0.0, 0.0, 0.0, 0.0, 0.0, 0.0, 0.0, 0.0, 0.0, 0.0, 0.0, 0.0, 0.0, 0.0, 0.0, 0.0, 0.0, 0.0, 0.0, 0.0, 0.0, 0.0, 0.0, 0.0, 0.0, 0.0, 0.0, 0.0, 0.0, 0.0, 0.0, 0.0, 0.0, 0.0, 0.0, 0.0, 0.0, 0.0, 0.0, 0.0, 0.0, 0.0, 0.0, 0.0, 0.0, 0.0, 0.0, 0.0, 0.0, 0.0, 0.0, 0.0, 0.0, 0.0, 0.0, 0.0, 0.0, 0.0, 0.0, 0.0, 0.0, 0.018518518656492233, 0.0, 0.0, 0.0, 0.0, 0.018518518656492233, 0.0, 0.03703703731298447, 0.0, 0.0, 0.018518518656492233, 0.0, 0.7962962985038757, 0.0, 0.0, 0.1111111119389534, 0.0, 0.0, 0.0, 0.0, 0.0, 0.0, 0.0, 0.0, 0.0, 0.0, 0.0, 0.0, 0.0, 0.0, 0.0, 0.0, 0.0, 0.0, 0.0, 0.0, 0.0, 0.0, 0.0, 0.0, 0.0, 0.0, 0.0, 0.0, 0.0, 0.0, 0.0, 0.0, 0.0, 0.0, 0.0, 0.0, 0.0, 0.0, 0.0, 0.0, 0.0, 0.0, 0.0, 0.0, 0.0, 0.0, 0.0, 0.0, 0.0, 0.0, 0.0, 0.0, 0.0, 0.0, 0.0, 0.0, 0.0, 0.0, 0.0, 0.0, 0.0, 0.0, 0.0, 0.0, 0.0, 0.0, 0.0, 0.0, 0.0, 0.0, 0.0, 0.0, 0.0, 0.0, 0.0, 0.0, 0.0, 0.0, 0.0, 0.0, 0.0, 0.0, 0.0, 0.0, 0.0, 0.0, 0.0, 0.0, 0.0, 0.0, 0.0, 0.0, 0.0, 0.0, 0.0, 0.0, 0.0, 0.0, 0.0, 0.0, 0.0, 0.0, 0.0, 0.0, 0.0, 0.0, 0.0, 0.0, 0.0, 0.0, 0.0, 0.0, 0.0, 0.0, 0.0, 0.0, 0.0, 0.0, 0.0, 0.0, 0.0, 0.0, 0.0, 0.0, 0.0, 0.0, 0.0, 0.0, 0.0], "tonal.chords_histogram": [0.0, 0.0, 0.0, 0.0, 0.0, 0.0, 0.0, 90.16129302978516, 9.838709831237793, 0.0, 0.0, 0.0, 0.0, 0.0, 0.0, 0.0, 0.0, 0.0, 0.0, 0.0, 0.0, 0.0, 0.0, 0.0], "tonal.thpcp": [1.0, 0.7642167806625366, 0.13579268753528595, 0.04955749213695526, 0.04232996702194214, 0.10385578870773315, 0.10438074171543121, 0.03321080282330513, 0.025910327211022377, 0.02646031230688095, 0.03039594553411007, 0.053466737270355225, 0.06150446832180023, 0.05342712625861168, 0.09500990062952042, 0.12581923604011536, 0.11669117212295532, 0.07836921513080597, 0.03305663913488388, 0.025175699964165688, 0.020501673221588135, 0.026187891140580177, 0.028688352555036545, 0.04115249589085579, 0.06817436218261719, 0.07191038131713867, 0.13630394637584686, 0.13160361349582672, 0.04345492646098137, 0.05957474187016487, 0.0617230162024498, 0.0308983251452446, 0.023806171491742134, 0.017056526616215706, 0.05511027202010155, 0.39089110493659973], "lowlevel.gfcc.cov": [[2921.92578125, -499.754638671875, -724.4524536132812, -246.6199951171875, -88.98750305175781, 290.46954345703125, -132.82273864746094, -58.17805862426758, -384.6098327636719, -101.9723892211914, -182.03965759277344, -23.282817840576172, -179.8208770751953], [-499.754638671875, 706.1668701171875, 93.26131439208984, -167.6121368408203, 53.94057083129883, -161.35472106933594, 76.22714233398438, 13.914831161499023, 77.4813461303711, -112.7481460571289, -0.4511362910270691, -111.90042877197266, 6.621066570281982], [-724.4524536132812, 93.26131439208984, 755.9607543945312, 173.8954315185547, -125.83463287353516, -94.4758071899414, -23.56998062133789, -4.006293296813965, 49.08189392089844, -38.282196044921875, -81.85224151611328, -29.771259307861328, -17.733417510986328], [-246.6199951171875, -167.6121368408203, 173.8954315185547, 442.0018615722656, -6.548853874206543, -99.76847076416016, -38.4325065612793, -28.921628952026367, 38.07711410522461, -42.41389465332031, -23.391883850097656, 23.27747917175293, 53.9085693359375], [-88.98750305175781, 53.94057083129883, -125.83463287353516, -6.548853874206543, 319.4856262207031, 47.993900299072266, 3.8597357273101807, -18.24180030822754, -25.20560073852539, 18.82440185546875, 19.09728240966797, -28.3565673828125, -2.8972361087799072], [290.46954345703125, -161.35472106933594, -94.4758071899414, -99.76847076416016, 47.993900299072266, 240.6753692626953, 25.176864624023438, -68.21160125732422, -82.63109588623047, 46.517669677734375, 11.058610916137695, 16.215600967407227, -34.41328811645508], [-132.82273864746094, 76.22714233398438, -23.56998062133789, -38.4325065612793, 3.8597357273101807, 25.176864624023438, 138.28106689453125, 36.84464645385742, 17.46550941467285, 0.8953233957290649, 21.066478729248047, -1.210837483406067, -3.99871563911438], [-58.17805862426758, 13.914831161499023, -4.006293296813965, -28.921628952026367, -18.24180030822754, -68.21160125732422, 36.84464645385742, 149.70819091796875, 62.80044937133789, -7.502779483795166, -12.766105651855469, -21.721227645874023, -3.9871768951416016], [-384.6098327636719, 77.4813461303711, 49.08189392089844, 38.07711410522461, -25.20560073852539, -82.63109588623047, 17.46550941467285, 62.80044937133789, 173.93521118164062, 51.93782043457031, 45.5289421081543, 7.121424674987793, 33.658905029296875], [-101.9723892211914, -112.7481460571289, -38.282196044921875, -42.41389465332031, 18.82440185546875, 46.517669677734375, 0.8953233957290649, -7.502779483795166, 51.93782043457031, 146.75022888183594, 81.43994140625, 44.48823547363281, 5.5477471351623535], [-182.03965759277344, -0.4511362910270691, -81.85224151611328, -23.391883850097656, 19.09728240966797, 11.058610916137695, 21.066478729248047, -12.766105651855469, 45.5289421081543, 81.43994140625, 130.8699951171875, 58.30773162841797, 31.80735969543457], [-23.282817840576172, -111.90042877197266, -29.771259307861328, 23.27747917175293, -28.3565673828125, 16.215600967407227, -1.210837483406067, -21.721227645874023, 7.121424674987793, 44.48823547363281, 58.30773162841797, 99.20408630371094, 43.59150314331055], [-179.8208770751953, 6.621066570281982, -17.733417510986328, 53.9085693359375, -2.8972361087799072, -34.41328811645508, -3.99871563911438, -3.9871768951416016, 33.658905029296875, 5.5477471351623535, 31.80735969543457, 43.59150314331055, 110.61991882324219]], "lowlevel.gfcc.icov": [[0.001174553413875401, -0.00011867246212204918, 0.001349490019492805, -0.00022548637934960425, 0.0009236732148565352, -0.0008290190598927438, 0.0012561004841700196, -0.0007153779151849449, 0.0015760704409331083, -0.00020096545631531626, 0.001680220477283001, -0.0007564169354736805, 0.00137402955442667], [-0.00011867246212204918, 0.008721460588276386, -0.0018816733499988914, 0.006517941132187843, -0.002607454778626561, 0.006878633517771959, -0.005208454094827175, 0.007945314981043339, -0.005718384403735399, 0.00939091108739376, -0.005605544429272413, 0.008029507473111153, -0.002306608948856592], [0.001349490019492805, -0.0018816733499988914, 0.003671892685815692, -0.0021225607488304377, 0.0021488857455551624, -0.0018858392722904682, 0.0022452115081250668, -0.0017654791008681059, 0.0023261592723429203, -0.00254930485971272, 0.004287136252969503, -0.002286687260493636, 0.0025049352552741766], [-0.00022548637934960425, 0.006517941132187843, -0.0021225607488304377, 0.00806440133601427, -0.0026123858988285065, 0.006221291143447161, -0.0037876530550420284, 0.007190266624093056, -0.005345347337424755, 0.00792092364281416, -0.0034760439302772284, 0.004552946425974369, -0.002603190718218684], [0.0009236732148565352, -0.002607454778626561, 0.0021488857455551624, -0.0026123858988285065, 0.0052969674579799175, -0.003186383517459035, 0.002460403833538294, -0.0027946648187935352, 0.0036085997708141804, -0.0036643636412918568, 0.0018233244773000479, -0.00015497727144975215, 0.0010333871468901634], [-0.0008290190598927438, 0.006878633517771959, -0.0018858392722904682, 0.006221291143447161, -0.003186383517459035, 0.013666756451129913, -0.0073205833323299885, 0.009602432139217854, -0.002642556559294462, 0.0037890418898314238, -0.0032967079896479845, 0.005466211587190628, -0.0014358898624777794], [0.0012561004841700196, -0.005208454094827175, 0.0022452115081250668, -0.0037876530550420284, 0.002460403833538294, -0.0073205833323299885, 0.013403750956058502, -0.008329879492521286, 0.003921056166291237, -0.0031508896499872208, 0.0018730522133409977, -0.005040863994508982, 0.0029435281176120043], [-0.0007153779151849449, 0.007945314981043339, -0.0017654791008681059, 0.007190266624093056, -0.0027946648187935352, 0.009602432139217854, -0.008329879492521286, 0.018285533413290977, -0.009473162703216076, 0.008204803802073002, -0.0027978699654340744, 0.007574558723717928, -0.001862896140664816], [0.0015760704409331083, -0.005718384403735399, 0.0023261592723429203, -0.005345347337424755, 0.0036085997708141804, -0.002642556559294462, 0.003921056166291237, -0.009473162703216076, 0.017175719141960144, -0.0112540852278471, 0.0029876709450036287, -0.00288363522849977, 0.00057040253886953], [-0.00020096545631531626, 0.00939091108739376, -0.00254930485971272, 0.00792092364281416, -0.0036643636412918568, 0.0037890418898314238, -0.0031508896499872208, 0.008204803802073002, -0.0112540852278471, 0.02461584284901619, -0.012615090236067772, 0.005262401420623064, -0.00014955156075302511], [0.001680220477283001, -0.005605544429272413, 0.004287136252969503, -0.0034760439302772284, 0.0018233244773000479, -0.0032967079896479845, 0.0018730522133409977, -0.0027978699654340744, 0.0029876709450036287, -0.012615090236067772, 0.023332053795456886, -0.012707593850791454, 0.002459497656673193], [-0.0007564169354736805, 0.008029507473111153, -0.002286687260493636, 0.004552946425974369, -0.00015497727144975215, 0.005466211587190628, -0.005040863994508982, 0.007574558723717928, -0.00288363522849977, 0.005262401420623064, -0.012707593850791454, 0.027100112289190292, -0.008920145221054554], [0.00137402955442667, -0.002306608948856592, 0.0025049352552741766, -0.002603190718218684, 0.0010333871468901634, -0.0014358898624777794, 0.0029435281176120043, -0.001862896140664816, 0.00057040253886953, -0.00014955156075302511, 0.002459497656673193, -0.008920145221054554, 0.015343282371759415]], "lowlevel.mfcc.cov": [[3548.4462890625, -566.083984375, -756.642333984375, -532.1782836914062, -106.42941284179688, 54.80586242675781, 171.57510375976562, 7.590185642242432, -108.4247817993164, -208.34471130371094, -117.21753692626953, 9.248427391052246, -118.02442932128906], [-566.083984375, 860.507080078125, -28.467872619628906, -101.18315887451172, -35.49253463745117, -126.37181854248047, 6.812297821044922, 22.489154815673828, 0.28528523445129395, 112.7031478881836, 42.79942321777344, -89.05089569091797, -64.3624267578125], [-756.642333984375, -28.467872619628906, 778.6211547851562, 224.11770629882812, -56.82343292236328, -50.94429397583008, -134.59400939941406, 4.267746448516846, 22.116762161254883, 0.4289988577365875, -17.048847198486328, -33.86433029174805, 3.823489189147949], [-532.1782836914062, -101.18315887451172, 224.11770629882812, 472.49029541015625, 72.16720581054688, -71.05181121826172, -106.10887908935547, 23.64136505126953, 41.23097229003906, 5.234974384307861, -64.10919189453125, -31.0163516998291, 44.37803649902344], [-106.42941284179688, -35.49253463745117, -56.82343292236328, 72.16720581054688, 217.9402313232422, 40.877132415771484, 6.366971015930176, -34.84467697143555, 5.915953159332275, -14.359314918518066, -45.402915954589844, 17.365074157714844, -2.047269105911255], [54.80586242675781, -126.37181854248047, -50.94429397583008, -71.05181121826172, 40.877132415771484, 249.25245666503906, 76.82027435302734, -37.96381759643555, -53.017539978027344, -53.096927642822266, -2.247170925140381, 7.793932914733887, 7.008285999298096], [171.57510375976562, 6.812297821044922, -134.59400939941406, -106.10887908935547, 6.366971015930176, 76.82027435302734, 161.35072326660156, 16.405492782592773, -27.593460083007812, -16.6074161529541, 3.160609245300293, -19.352418899536133, -23.928117752075195], [7.590185642242432, 22.489154815673828, 4.267746448516846, 23.64136505126953, -34.84467697143555, -37.96381759643555, 16.405492782592773, 93.89059448242188, 22.268936157226562, 18.754852294921875, -4.087625980377197, -30.262157440185547, -4.820603370666504], [-108.4247817993164, 0.28528523445129395, 22.116762161254883, 41.23097229003906, 5.915953159332275, -53.017539978027344, -27.593460083007812, 22.268936157226562, 105.60301208496094, 32.084938049316406, 2.48618483543396, 5.7304606437683105, -3.4423227310180664], [-208.34471130371094, 112.7031478881836, 0.4289988577365875, 5.234974384307861, -14.359314918518066, -53.096927642822266, -16.6074161529541, 18.754852294921875, 32.084938049316406, 119.83734893798828, 38.020538330078125, -15.712835311889648, -4.567019462585449], [-117.21753692626953, 42.79942321777344, -17.048847198486328, -64.10919189453125, -45.402915954589844, -2.247170925140381, 3.160609245300293, -4.087625980377197, 2.48618483543396, 38.020538330078125, 116.2034683227539, 45.53278732299805, 13.077017784118652], [9.248427391052246, -89.05089569091797, -33.86433029174805, -31.0163516998291, 17.365074157714844, 7.793932914733887, -19.352418899536133, -30.262157440185547, 5.7304606437683105, -15.712835311889648, 45.53278732299805, 143.7577362060547, 30.01066017150879], [-118.02442932128906, -64.3624267578125, 3.823489189147949, 44.37803649902344, -2.047269105911255, 7.008285999298096, -23.928117752075195, -4.820603370666504, -3.4423227310180664, -4.567019462585449, 13.077017784118652, 30.01066017150879, 90.58208465576172]], "lowlevel.mfcc.icov": [[0.0007380081224255264, 0.0006597507745027542, 0.0006523546180687845, 0.0007191902259364724, 0.0004357268044259399, 0.0005590423825196922, 0.0002469575556460768, -0.00019203060946892947, 0.0004929070710204542, 0.0006895777187310159, 0.0007387145888060331, 0.00020299642346799374, 0.000951701367739588], [0.0006597507745027542, 0.0022319622803479433, 0.0005710423574782908, 0.0010588481090962887, 8.567758777644485e-05, 0.0013662485871464014, 0.00021489978826139122, -5.898212748434162e-06, 0.0009782358538359404, -0.00040312507189810276, 2.16277148865629e-05, 0.0012529464438557625, 0.0014539746334776282], [0.0006523546180687845, 0.0005710423574782908, 0.0023377060424536467, -0.00015858256665524095, 0.001105777220800519, 0.00016794017574284226, 0.001433448283933103, -3.852101508527994e-05, 0.00038500200025737286, 0.0008882741094566882, 0.0004356950521469116, 0.0005113620427437127, 0.0014504620339721441], [0.0007191902259364724, 0.0010588481090962887, -0.00015858256665524095, 0.004389310255646706, -0.0011973378714174032, 0.0012250441359356046, 0.0016116121551021934, -0.0013485237723216414, 0.0001726960326777771, 0.0004515469481702894, 0.0016626525903120637, 0.0012212733272463083, -0.0008374971803277731], [0.0004357268044259399, 8.567758777644485e-05, 0.001105777220800519, -0.0011973378714174032, 0.006911180913448334, -0.0009185876697301865, -0.0006243339157663286, 0.0023979281540960073, -0.0006639240891672671, -0.00036546465707942843, 0.00333577417768538, -0.0016985569382086396, 0.0013960135402157903], [0.0005590423825196922, 0.0013662485871464014, 0.00016794017574284226, 0.0012250441359356046, -0.0009185876697301865, 0.006898676510900259, -0.0025049594696611166, 0.001732385135255754, 0.001980412285774946, 0.001683990121819079, -0.0003516142605803907, 0.0011363910743966699, -0.00019767160119954497], [0.0002469575556460768, 0.00021489978826139122, 0.001433448283933103, 0.0016116121551021934, -0.0006243339157663286, -0.0025049594696611166, 0.010615017265081406, -0.003604137571528554, 0.001284823170863092, 0.0011568145127967, -0.0006836620741523802, 0.0015346106374636292, 0.0021137697622179985], [-0.00019203060946892947, -5.898212748434162e-06, -3.852101508527994e-05, -0.0013485237723216414, 0.0023979281540960073, 0.001732385135255754, -0.003604137571528554, 0.014724280685186386, -0.0027514747343957424, -0.0011855214834213257, 0.00041273926035501063, 0.0019362122984603047, -0.0007058142800815403], [0.0004929070710204542, 0.0009782358538359404, 0.00038500200025737286, 0.0001726960326777771, -0.0006639240891672671, 0.001980412285774946, 0.001284823170863092, -0.0027514747343957424, 0.01257677748799324, -0.0023017581552267075, 0.0006296264473348856, -0.0010779628064483404, 0.0018893333617597818], [0.0006895777187310159, -0.00040312507189810276, 0.0008882741094566882, 0.0004515469481702894, -0.00036546465707942843, 0.001683990121819079, 0.0011568145127967, -0.0011855214834213257, -0.0023017581552267075, 0.013338921591639519, -0.004402951803058386, 0.002648778259754181, 0.0008004102273844182], [0.0007387145888060331, 2.16277148865629e-05, 0.0004356950521469116, 0.0016626525903120637, 0.00333577417768538, -0.0003516142605803907, -0.0006836620741523802, 0.00041273926035501063, 0.0006296264473348856, -0.004402951803058386, 0.015164474956691265, -0.0051474254578351974, -0.0005930298357270658], [0.00020299642346799374, 0.0012529464438557625, 0.0005113620427437127, 0.0012212733272463083, -0.0016985569382086396, 0.0011363910743966699, 0.0015346106374636292, 0.0019362122984603047, -0.0010779628064483404, 0.002648778259754181, -0.0051474254578351974, 0.011234926991164684, -0.0019695668015629053], [0.000951701367739588, 0.0014539746334776282, 0.0014504620339721441, -0.0008374971803277731, 0.0013960135402157903, -0.00019767160119954497, 0.0021137697622179985, -0.0007058142800815403, 0.0018893333617597818, 0.0008004102273844182, -0.0005930298357270658, -0.0019695668015629053, 0.015079887583851814]], "metadata.audio_properties.analysis.downmix": "mix", "metadata.audio_properties.codec": "mp3", "metadata.audio_properties.md5_encoded": "112b197662b9f89c7b3429735a169878", "metadata.tags.file_name": "1182271350153424926.mp3", "metadata.version.essentia": "2.1-beta6-dev", "metadata.version.essentia_git_sha": "v2.1_beta5-1110-g77a6a954", "metadata.version.extractor": "music 2.0", "tonal.chords_key": "A", "tonal.chords_scale": "major", "tonal.key_edma.key": "A", "tonal.key_edma.scale": "minor", "tonal.key_krumhansl.key": "A", "tonal.key_krumhansl.scale": "minor", "tonal.key_temperley.key": "A", "tonal.key_temperley.scale": "minor", "metadata.tags.encoding": ["Lavf58.45.100"]}, "essentia_models": [