{"song_id": "1182255942042136607", "download": "https://cdn.discordapp.com/attachments/1135903449314238464/1182255942042136607/chirp.mp4?ex=658408a5&amp", "lyrics": "In the winter of December.\nI met a lion boy who could burn me,\nHe is like a wild lion,\nCaught my attention and lit up my world.\nDispelling loneliness with a fiery touch\nI know I'm falling into a lion's trap,\nGradually lose myself and become the king in my heart.\n\nHe is as tall and strong as a lion,\nArmed with confidence under the bright sun, \nA proud child with a simple heart.\nIn this tired world, \nWith a roaring heart and such a free spirit, \nUnder the starry night, we fit together so well,\nHe is the sun and I am the moon, \nevery time, every moments\nIn the hot embrace, in the moist warmth, \nIn this passion, we find our own rhythme", "style": ["EDM"], "essentia_features": {"lowlevel.average_loudness": 0.9857500791549683, "lowlevel.barkbands_crest.mean": 13.412994384765625, "lowlevel.barkbands_crest.stdev": 7.10136604309082, "lowlevel.barkbands_flatness_db.mean": 0.1470480114221573, "lowlevel.barkbands_flatness_db.stdev": 0.07057864218950272, "lowlevel.barkbands_kurtosis.mean": 6.114639759063721, "lowlevel.barkbands_kurtosis.stdev": 13.325362205505371, "lowlevel.barkbands_skewness.mean": 1.9604781866073608, "lowlevel.barkbands_skewness.stdev": 1.6015369892120361, "lowlevel.barkbands_spread.mean": 34.41841506958008, "lowlevel.barkbands_spread.stdev": 22.69375991821289, "lowlevel.dissonance.mean": 0.4688461124897003, "lowlevel.dissonance.stdev": 0.025201791897416115, "lowlevel.dynamic_complexity": 1.0941869020462036, "lowlevel.erbbands_crest.mean": 9.865102767944336, "lowlevel.erbbands_crest.stdev": 4.956618785858154, "lowlevel.erbbands_flatness_db.mean": 0.12615042924880981, "lowlevel.erbbands_flatness_db.stdev": 0.03616427630186081, "lowlevel.erbbands_kurtosis.mean": 1.190033197402954, "lowlevel.erbbands_kurtosis.stdev": 2.695019245147705, "lowlevel.erbbands_skewness.mean": 0.09433271735906601, "lowlevel.erbbands_skewness.stdev": 0.7217108607292175, "lowlevel.erbbands_spread.mean": 46.98009490966797, "lowlevel.erbbands_spread.stdev": 23.10544204711914, "lowlevel.hfc.mean": 53.18022537231445, "lowlevel.hfc.stdev": 31.06315040588379, "lowlevel.loudness_ebu128.integrated": -11.687171936035156, "lowlevel.loudness_ebu128.loudness_range": 0.47660064697265625, "lowlevel.loudness_ebu128.momentary.mean": -11.713623046875, "lowlevel.loudness_ebu128.momentary.stdev": 0.48786652088165283, "lowlevel.loudness_ebu128.short_term.mean": -11.666797637939453, "lowlevel.loudness_ebu128.short_term.stdev": 0.1658405065536499, "lowlevel.melbands_crest.mean": 21.032978057861328, "lowlevel.melbands_crest.stdev": 9.177640914916992, "lowlevel.melbands_flatness_db.mean": 0.2098531424999237, "lowlevel.melbands_flatness_db.stdev": 0.08574763685464859, "lowlevel.melbands_kurtosis.mean": 26.413164138793945, "lowlevel.melbands_kurtosis.stdev": 39.8713264465332, "lowlevel.melbands_skewness.mean": 3.9181056022644043, "lowlevel.melbands_skewness.stdev": 2.537511110305786, "lowlevel.melbands_spread.mean": 26.820817947387695, "lowlevel.melbands_spread.stdev": 19.991436004638672, "lowlevel.pitch_salience.mean": 0.42530450224876404, "lowlevel.pitch_salience.stdev": 0.18456920981407166, "lowlevel.silence_rate_20dB.mean": 1.0, "lowlevel.silence_rate_20dB.stdev": 0.0, "lowlevel.silence_rate_30dB.mean": 0.6936880946159363, "lowlevel.silence_rate_30dB.stdev": 0.46096256375312805, "lowlevel.silence_rate_60dB.mean": 0.0012376237427815795, "lowlevel.silence_rate_60dB.stdev": 0.03515835478901863, "lowlevel.spectral_centroid.mean": 1776.5877685546875, "lowlevel.spectral_centroid.stdev": 636.9710083007812, "lowlevel.spectral_complexity.mean": 23.912128448486328, "lowlevel.spectral_complexity.stdev": 10.901156425476074, "lowlevel.spectral_decrease.mean": -1.9315208987791266e-08, "lowlevel.spectral_decrease.stdev": 1.37153532975276e-08, "lowlevel.spectral_energy.mean": 0.07772371172904968, "lowlevel.spectral_energy.stdev": 0.05131423845887184, "lowlevel.spectral_energyband_high.mean": 0.003581864293664694, "lowlevel.spectral_energyband_high.stdev": 0.003545502433553338, "lowlevel.spectral_energyband_low.mean": 0.05420072376728058, "lowlevel.spectral_energyband_low.stdev": 0.05406052619218826, "lowlevel.spectral_energyband_middle_high.mean": 0.009857065975666046, "lowlevel.spectral_energyband_middle_high.stdev": 0.007665435317903757, "lowlevel.spectral_energyband_middle_low.mean": 0.01120389997959137, "lowlevel.spectral_energyband_middle_low.stdev": 0.010493815876543522, "lowlevel.spectral_entropy.mean": 7.975036144256592, "lowlevel.spectral_entropy.stdev": 0.36685267090797424, "lowlevel.spectral_flux.mean": 0.13221561908721924, "lowlevel.spectral_flux.stdev": 0.07525269687175751, "lowlevel.spectral_kurtosis.mean": 2.0864665508270264, "lowlevel.spectral_kurtosis.stdev": 1.37699294090271, "lowlevel.spectral_rms.mean": 0.008244222030043602, "lowlevel.spectral_rms.stdev": 0.0028037019073963165, "lowlevel.spectral_rolloff.mean": 2099.489501953125, "lowlevel.spectral_rolloff.stdev": 2596.07373046875, "lowlevel.spectral_skewness.mean": 1.3195754289627075, "lowlevel.spectral_skewness.stdev": 0.3499201834201813, "lowlevel.spectral_spread.mean": 7045866.0, "lowlevel.spectral_spread.stdev": 1989204.25, "lowlevel.spectral_strongpeak.mean": 0.9604983925819397, "lowlevel.spectral_strongpeak.stdev": 1.2741377353668213, "lowlevel.zerocrossingrate.mean": 0.07942789047956467, "lowlevel.zerocrossingrate.stdev": 0.05420621484518051, "metadata.audio_properties.analysis.equal_loudness": 0.0, "metadata.audio_properties.analysis.length": 37.4826545715332, "metadata.audio_properties.analysis.sample_rate": 44100.0, "metadata.audio_properties.analysis.start_time": 0.0, "metadata.audio_properties.bit_rate": 116566.0, "metadata.audio_properties.length": 37.482666015625, "metadata.audio_properties.lossless": 0.0, "metadata.audio_properties.number_channels": 1.0, "metadata.audio_properties.replay_gain": -12.251888275146484, "metadata.audio_properties.sample_rate": 48000.0, "rhythm.beats_count": 77.0, "rhythm.beats_loudness.mean": 0.04639030247926712, "rhythm.beats_loudness.stdev": 0.00846278015524149, "rhythm.bpm": 124.79026794433594, "rhythm.bpm_histogram_first_peak_bpm": 126.0, "rhythm.bpm_histogram_first_peak_weight": 0.5, "rhythm.bpm_histogram_second_peak_bpm": 0.0, "rhythm.bpm_histogram_second_peak_spread": 0.0, "rhythm.bpm_histogram_second_peak_weight": 0.0, "rhythm.danceability": 2.502429962158203, "rhythm.onset_rate": 4.6666388511657715, "tonal.chords_changes_rate": 0.07169345021247864, "tonal.chords_number_rate": 0.0074165635742247105, "tonal.chords_strength.mean": 0.5350420475006104, "tonal.chords_strength.stdev": 0.1079987958073616, "tonal.hpcp_crest.mean": 13.001749038696289, "tonal.hpcp_crest.stdev": 5.140807151794434, "tonal.hpcp_entropy.mean": 1.9700610637664795, "tonal.hpcp_entropy.stdev": 0.6328610181808472, "tonal.key_edma.strength": 0.43411093950271606, "tonal.key_krumhansl.strength": 0.4266044497489929, "tonal.key_temperley.strength": 0.4388134777545929, "tonal.tuning_diatonic_strength": 0.6271073818206787, "tonal.tuning_equal_tempered_deviation": 0.2154725193977356, "tonal.tuning_frequency": 434.193115234375, "tonal.tuning_nontempered_energy_ratio": 0.9179019927978516, "lowlevel.barkbands.mean": [0.0026204935275018215, 0.045496463775634766, 0.005154846236109734, 0.002287886803969741, 0.0017688337247818708, 0.0021834848448634148, 0.000723045552149415, 0.001656798762269318, 0.002225539879873395, 0.0007589735905639827, 0.0017364028608426452, 0.0008036585059016943, 0.0019738825503736734, 0.000929490604903549, 0.0015112410765141249, 0.0006670073489658535, 0.0004892128054052591, 0.00045855395728722215, 0.0004890235140919685, 0.0005089033511467278, 0.0004227662575431168, 0.0002920643601100892, 0.0005678497836925089, 0.0009648333070799708, 0.0007288784836418927, 0.00030192482518032193, 1.6045810298237484e-06], "lowlevel.barkbands.stdev": [0.002883364912122488, 0.05233839899301529, 0.012296220287680626, 0.005403915420174599, 0.0029040160588920116, 0.0037825489416718483, 0.0016282160067930818, 0.003056540619581938, 0.003480906831100583, 0.0015390336047858, 0.002999773481860757, 0.0015656700124964118, 0.003857688745483756, 0.00202220119535923, 0.0024913977831602097, 0.001220116624608636, 0.0008932744385674596, 0.0008762263460084796, 0.0005374171305447817, 0.0005219480954110622, 0.0004970112931914628, 0.000435907713836059, 0.000824029790237546, 0.0011189414653927088, 0.000939873862080276, 0.00047809764510020614, 6.019157353875926e-06], "lowlevel.erbbands.mean": [1.9761385917663574, 7.487937927246094, 7.103147029876709, 6.812736511230469, 6.768972396850586, 4.962095737457275, 11.802053451538086, 20.37777328491211, 9.010512351989746, 26.48260498046875, 31.558061599731445, 59.836708068847656, 33.284183502197266, 24.038671493530273, 87.19734191894531, 34.98429489135742, 83.09294891357422, 62.33852005004883, 99.05491638183594, 39.90279006958008, 32.14249038696289, 27.749948501586914, 23.86312484741211, 28.975828170776367, 21.058252334594727, 23.66059112548828, 22.952314376831055, 12.199366569519043, 10.607800483703613, 13.05178165435791, 16.438961029052734, 18.1873836517334, 16.753032684326172, 9.670777320861816, 4.395854473114014, 1.8582874536514282, 0.44856971502304077, 0.032803453505039215, 0.0007713550003245473, 0.00013725967437494546], "lowlevel.erbbands.stdev": [2.472407341003418, 8.937360763549805, 13.690831184387207, 15.592660903930664, 13.9231538772583, 10.304794311523438, 23.209413528442383, 38.34101104736328, 18.734357833862305, 52.57554626464844, 58.29404067993164, 93.59867095947266, 55.749820709228516, 39.847007751464844, 152.90869140625, 60.79963684082031, 159.42245483398438, 106.9187240600586, 159.1320343017578, 63.01351547241211, 49.799049377441406, 52.18815612792969, 50.27336502075195, 33.564632415771484, 23.094181060791016, 23.85081672668457, 25.07230567932129, 16.46210289001465, 16.13448715209961, 19.678627014160156, 23.519004821777344, 22.517982482910156, 19.625465393066406, 11.699971199035645, 6.507140636444092, 2.995648145675659, 0.7040148973464966, 0.0602426715195179, 0.0012687718262895942, 7.51300758565776e-05], "lowlevel.gfcc.mean": [66.44816589355469, 51.652095794677734, -98.4471664428711, 34.69367599487305, -49.512786865234375, 45.29368591308594, -34.254337310791016, 29.442646026611328, -24.094711303710938, 17.477989196777344, -8.931707382202148, -1.1088382005691528, -7.5995192527771], "lowlevel.melbands.mean": [0.014627673663198948, 0.0054140640422701836, 0.0012029240606352687, 0.0003803288273047656, 0.00038359547033905983, 0.00042863102862611413, 0.00013647499145008624, 0.00031212763860821724, 0.00024025002494454384, 0.00038928561843931675, 0.00015430395433213562, 8.132716175168753e-05, 0.00025222095428034663, 0.00014694758283440024, 7.467993418686092e-05, 0.00023600790882483125, 9.281540405936539e-05, 0.0001629949256312102, 7.083117088768631e-05, 5.530081034521572e-05, 3.242193997721188e-05, 3.176786412950605e-05, 2.2400328816729598e-05, 1.927762605191674e-05, 2.444853089400567e-05, 1.5938419892336242e-05, 1.3975849469716195e-05, 1.625936602067668e-05, 1.587749102327507e-05, 1.0206109436694533e-05, 5.972118742647581e-06, 5.844781753694406e-06, 5.7878592087945435e-06, 8.113896910799667e-06, 9.365607184008695e-06, 9.692867934063543e-06, 1.2031196092721075e-05, 1.2516225069703069e-05, 9.650469110056292e-06, 7.700296009716112e-06], "lowlevel.melbands.stdev": [0.01748747192323208, 0.006835986394435167, 0.0025724738370627165, 0.0006729835295118392, 0.0007051294087432325, 0.0007784591289237142, 0.0002823149843607098, 0.0006128591485321522, 0.0004510037542786449, 0.0006292604957707226, 0.0002781005168799311, 0.00016552828310523182, 0.00043241633102297783, 0.00023342858185060322, 0.00015519888256676495, 0.0004922939697280526, 0.00021230282436590642, 0.0002725732629187405, 0.00011924206046387553, 0.00011114048538729548, 5.119611159898341e-05, 6.553944695042446e-05, 6.100518658058718e-05, 3.0023591534700245e-05, 2.9988061214680783e-05, 1.998578227357939e-05, 1.5676005205023102e-05, 1.782121580617968e-05, 1.865243393694982e-05, 1.3454415238811634e-05, 8.705015716259368e-06, 9.233357559423894e-06, 8.94300319487229e-06, 1.2813546163670253e-05, 1.4159802049107384e-05, 1.3281935935083311e-05, 1.5063874343468342e-05, 1.5609999536536634e-05, 1.0588780241960194e-05, 1.0263863259751815e-05], "lowlevel.melbands128.mean": [0.002314432058483362, 0.017589112743735313, 0.01956014707684517, 0.009814025834202766, 0.004228510893881321, 0.002226362470537424, 0.0013638895470649004, 0.0010913591831922531, 0.0006833536899648607, 0.0002584182657301426, 0.00023841885558795184, 0.00032478614593856037, 0.0004001153283752501, 0.0004593285557348281, 0.0006301832618191838, 0.0002891814219765365, 0.00012125069042667747, 9.829438204178587e-05, 0.00014970074698794633, 0.00034578447230160236, 0.0003801494021899998, 0.00024742845562286675, 0.00025854064733721316, 0.0001492941373726353, 0.00041079585207626224, 0.0005696879234164953, 0.00014661722525488585, 0.00015910434012766927, 7.487345283152536e-05, 8.903643174562603e-05, 7.834342977730557e-05, 7.53877466195263e-05, 0.00021862899302504957, 0.0005150920478627086, 0.0001271467044716701, 7.338157593039796e-05, 7.919370546005666e-05, 4.2004445276688784e-05, 7.914622983662412e-05, 0.00022077317407820374, 0.00036397401709109545, 9.886090265354142e-05, 7.429377001244575e-05, 9.754044731380418e-05, 8.438563236268237e-05, 0.00023631349904462695, 0.00018697611812967807, 4.652508141589351e-05, 3.62435239367187e-05, 3.7267531297402456e-05, 7.612162153236568e-05, 5.337209950084798e-05, 2.331694668100681e-05, 2.8249240131117404e-05, 3.7431589589687064e-05, 4.095253461855464e-05, 1.5927664207993075e-05, 1.933709609147627e-05, 2.7996968128718436e-05, 2.2826741769677028e-05, 1.329423685092479e-05, 1.7477996152592823e-05, 3.686960189952515e-05, 2.2396270651370287e-05, 1.2990081813768484e-05, 1.8315231500309892e-05, 1.6278918337775394e-05, 1.0534065040701535e-05, 1.5524006812484004e-05, 1.5698578863521107e-05, 1.3308626876096241e-05, 1.977267129404936e-05, 1.7146794561995193e-05, 1.5566469301120378e-05, 1.3759914509137161e-05, 1.0998728612321429e-05, 8.90162027644692e-06, 5.913891982345376e-06, 6.05367858952377e-06, 5.0824023674067575e-06, 5.77850551053416e-06, 6.262412171054166e-06, 5.905118086957373e-06, 5.557295025937492e-06, 5.727700226998422e-06, 6.958084213692928e-06, 9.0603807620937e-06, 1.0216449481958989e-05, 9.089674676943105e-06, 8.876024367054924e-06, 1.0136824130313471e-05, 9.758373380464036e-06, 9.287136890634429e-06, 1.1722321687557269e-05, 1.4486503459920641e-05, 1.2770283319696318e-05, 1.249362867383752e-05, 1.1255297067691572e-05, 9.85858787316829e-06, 8.586143849242944e-06, 8.524560143996496e-06, 7.596363502671011e-06, 6.916801794432104e-06, 5.564308139582863e-06, 4.8113629418367054e-06, 4.107279437448597e-06, 3.7528043321799487e-06, 3.887545972247608e-06, 3.3456599339842796e-06, 2.7282449082122184e-06, 2.14877718462958e-06, 1.5825552281967248e-06, 1.4266389598560636e-06, 1.0124987284143572e-06, 4.976679974788567e-07, 2.5456958496761217e-07, 6.716958012020768e-08, 6.224082582662049e-09, 2.5375801460114644e-10, 1.469260130226857e-11, 1.4168250773993751e-11, 1.3837589060705646e-11, 1.3486784605776236e-11, 1.3191642223020494e-11, 1.2791696521463614e-11, 1.2285009814982928e-11, 1.1990092946279063e-11, 1.1890446960372003e-11], "lowlevel.melbands128.stdev": [0.0027708089910447598, 0.02264378033578396, 0.025082075968384743, 0.012696771882474422, 0.008232945576310158, 0.005599444266408682, 0.003453742479905486, 0.002733947243541479, 0.0013917820760980248, 0.0005454192869365215, 0.0006747713778167963, 0.0007979671936482191, 0.0010070721618831158, 0.0010717783588916063, 0.001339669688604772, 0.0005826246924698353, 0.00038352442788891494, 0.0003110275720246136, 0.0004044592787977308, 0.0007735128747299314, 0.0008888061274774373, 0.0005741856875829399, 0.000675176503136754, 0.000426313781645149, 0.0007645158329978585, 0.0011016823118552566, 0.0003279242664575577, 0.0004703037266153842, 0.00018771713075693697, 0.00024338302318938076, 0.00021047737391199917, 0.0002255087747471407, 0.00044197237002663314, 0.001039711874909699, 0.0003145044029224664, 0.00019520278146956116, 0.00027400595718063414, 0.00013452187704388052, 0.0003047894570045173, 0.0005232023540884256, 0.0009008703054860234, 0.00024575251154601574, 0.00026662260643206537, 0.0003468706563580781, 0.0002205407654400915, 0.0005290392437018454, 0.0003726510622072965, 0.00014280654431786388, 0.0001249412161996588, 0.00010164403647650033, 0.00019877079466823488, 0.00013827893417328596, 5.580216384259984e-05, 6.541757466038689e-05, 7.332626410061494e-05, 0.00012334654456935823, 3.0234077712520957e-05, 7.209017348941416e-05, 0.00010356382699683309, 6.761842087144032e-05, 2.3609338313690387e-05, 2.786913319141604e-05, 5.649785452987999e-05, 3.3321364753646776e-05, 1.903479642351158e-05, 2.9997181627550162e-05, 2.4539407604606822e-05, 1.659324516367633e-05, 2.1238789486233145e-05, 1.9853941921610385e-05, 1.7348898836644366e-05, 3.0549206712748855e-05, 2.6512447220738977e-05, 2.1731810193159617e-05, 1.7794687664718367e-05, 1.6816722563817166e-05, 1.5126291145861614e-05, 9.36933884077007e-06, 9.770632459549233e-06, 7.988465767994057e-06, 1.0765877050289419e-05, 1.1142700714117382e-05, 9.67962114373222e-06, 9.854717973212246e-06, 9.305920684710145e-06, 1.1479900422273204e-05, 1.58156908582896e-05, 1.93791256606346e-05, 1.46219117596047e-05, 1.405138482368784e-05, 1.60976305778604e-05, 1.3934050912212115e-05, 1.378928300255211e-05, 1.772160794644151e-05, 1.798455195967108e-05, 1.7076412405003794e-05, 1.834666181821376e-05, 1.4309128346212674e-05, 1.1615072253334802e-05, 1.006221464194823e-05, 1.1410038496251218e-05, 1.1491028999444097e-05, 1.08788281067973e-05, 9.48678825807292e-06, 8.436833923042286e-06, 6.632371423620498e-06, 6.572307484020712e-06, 6.468892024713568e-06, 5.885141490580281e-06, 5.12272981723072e-06, 3.979867415182525e-06, 2.721191549426294e-06, 2.257291043861187e-06, 2.0432100882317172e-06, 1.0018901548392023e-06, 6.592131285287905e-07, 2.1505847769276443e-07, 8.097160275610804e-08, 8.27793389390763e-09, 2.900405610128942e-11, 2.8597822027132125e-11, 2.820170312556325e-11, 2.7990765955054897e-11, 2.6812789835628514e-11, 2.3106756091850755e-11, 1.8814588775839525e-11, 1.7921639866580463e-11, 1.7812107691583812e-11], "lowlevel.mfcc.mean": [-583.4741821289062, 85.78229522705078, 16.164281845092773, 6.505690097808838, 20.23352813720703, 10.647565841674805, 20.306352615356445, 4.922171115875244, 7.364471912384033, 17.339950561523438, 2.9533283710479736, 8.130797386169434, 2.6783699989318848], "lowlevel.spectral_contrast_coeffs.mean": [-0.7131994366645813, -0.7360653281211853, -0.7416989207267761, -0.7625144124031067, -0.7883042693138123, -0.7938308119773865], "lowlevel.spectral_contrast_coeffs.stdev": [0.07484055310487747, 0.07430408895015717, 0.0778631791472435, 0.06492779403924942, 0.03991636261343956, 0.027387065812945366], "lowlevel.spectral_contrast_valleys.mean": [-6.5005059242248535, -6.710376262664795, -7.084160804748535, -7.127023220062256, -7.013992786407471, -8.941306114196777], "lowlevel.spectral_contrast_valleys.stdev": [0.6327429413795471, 0.6989202499389648, 0.6045178174972534, 0.5824937224388123, 0.6027480959892273, 0.7372145652770996], "rhythm.beats_loudness_band_ratio.mean": [0.35383015871047974, 0.11992093175649643, 0.20680347084999084, 0.09574875235557556, 0.09367666393518448, 0.16358903050422668], "rhythm.beats_loudness_band_ratio.stdev": [0.15741820633411407, 0.1028403490781784, 0.10449588298797607, 0.10423041880130768, 0.07025207579135895, 0.07972250878810883], "tonal.hpcp.mean": [0.14345677196979523, 0.12864971160888672, 0.05488217994570732, 0.033517077565193176, 0.03305049613118172, 0.04261237382888794, 0.05648087337613106, 0.04975397512316704, 0.04431503638625145, 0.1218072921037674, 0.13280972838401794, 0.0530228428542614, 0.025818144902586937, 0.025213580578565598, 0.03841198980808258, 0.11641942709684372, 0.15362167358398438, 0.07990450412034988, 0.03077254444360733, 0.02379154972732067, 0.024165678769350052, 0.02698894590139389, 0.03389932960271835, 0.08062327653169632, 0.24084904789924622, 0.26495087146759033, 0.1308731585741043, 0.08371543884277344, 0.07223877310752869, 0.0974200963973999, 0.24782401323318481, 0.2732551395893097, 0.1575121432542801, 0.17616435885429382, 0.18199442327022552, 0.1251651793718338], "tonal.hpcp.stdev": [0.27006611227989197, 0.2539307177066803, 0.1505270004272461, 0.1206090971827507, 0.12127363681793213, 0.14097584784030914, 0.15596841275691986, 0.1469893604516983, 0.123868927359581, 0.209292471408844, 0.2199111431837082, 0.12642374634742737, 0.10507005453109741, 0.10223685950040817, 0.12018972635269165, 0.20266655087471008, 0.257361501455307, 0.16071459650993347, 0.09448299556970596, 0.09488197416067123, 0.09953752160072327, 0.09851354360580444, 0.10450154542922974, 0.16217389702796936, 0.34213605523109436, 0.3599926233291626, 0.2344532161951065, 0.20380836725234985, 0.19333550333976746, 0.2097061276435852, 0.36277899146080017, 0.37556731700897217, 0.2644396126270294, 0.3147903084754944, 0.33878886699676514, 0.2440338432788849], "rhythm.beats_position": [0.4527890980243683, 0.9171881675720215, 1.3931972980499268, 1.8692063093185425, 2.345215320587158, 2.832834482192993, 3.3088433742523193, 3.7848525047302246, 4.2724714279174805, 4.7600908279418945, 5.236099720001221, 5.712108612060547, 6.199728012084961, 6.675736904144287, 7.151745796203613, 7.639364719390869, 8.126983642578125, 8.614603042602539, 9.090612411499023, 9.566620826721191, 10.042630195617676, 10.53024959564209, 11.006258010864258, 11.493877410888672, 11.969886779785156, 12.445895195007324, 12.933514595031738, 13.421133995056152, 13.90875244140625, 14.373151779174805, 14.860771179199219, 15.348389625549316, 15.812788963317871, 16.30040740966797, 16.788026809692383, 17.275646209716797, 17.75165557861328, 18.227664947509766, 18.715282440185547, 19.19129180908203, 19.667301177978516, 20.15492057800293, 20.630929946899414, 21.1069393157959, 21.59455680847168, 22.070566177368164, 22.54657554626465, 23.034194946289062, 23.521814346313477, 24.009431838989258, 24.485441207885742, 24.961450576782227, 25.44906997680664, 25.936689376831055, 26.41269874572754, 26.88870620727539, 27.376325607299805, 27.85233497619629, 28.328344345092773, 28.815963745117188, 29.3035831451416, 29.779590606689453, 30.255599975585938, 30.74321937561035, 31.219228744506836, 31.69523811340332, 32.182857513427734, 32.670475006103516, 33.146484375, 33.622493743896484, 34.110111236572266, 34.58612060546875, 35.062129974365234, 35.54975128173828, 36.03736877441406, 36.524986267089844, 37.00099563598633], "rhythm.bpm_histogram": [0.0, 0.0, 0.0, 0.0, 0.0, 0.0, 0.0, 0.0, 0.0, 0.0, 0.0, 0.0, 0.0, 0.0, 0.0, 0.0, 0.0, 0.0, 0.0, 0.0, 0.0, 0.0, 0.0, 0.0, 0.0, 0.0, 0.0, 0.0, 0.0, 0.0, 0.0, 0.0, 0.0, 0.0, 0.0, 0.0, 0.0, 0.0, 0.0, 0.0, 0.0, 0.0, 0.0, 0.0, 0.0, 0.0, 0.0, 0.0, 0.0, 0.0, 0.0, 0.0, 0.0, 0.0, 0.0, 0.0, 0.0, 0.0, 0.0, 0.0, 0.0, 0.0, 0.0, 0.0, 0.0, 0.0, 0.0, 0.0, 0.0, 0.0, 0.0, 0.0, 0.0, 0.0, 0.0, 0.0, 0.0, 0.0, 0.0, 0.0, 0.0, 0.0, 0.0, 0.0, 0.0, 0.0, 0.0, 0.0, 0.0, 0.0, 0.0, 0.0, 0.0, 0.0, 0.0, 0.0, 0.0, 0.0, 0.0, 0.0, 0.0, 0.0, 0.0, 0.0, 0.0, 0.0, 0.0, 0.0, 0.0, 0.0, 0.0, 0.0, 0.0, 0.0, 0.0, 0.0, 0.0, 0.0, 0.0, 0.0, 0.0, 0.0, 0.0, 0.46052631735801697, 0.0, 0.0, 0.5, 0.0, 0.0, 0.03947368264198303, 0.0, 0.0, 0.0, 0.0, 0.0, 0.0, 0.0, 0.0, 0.0, 0.0, 0.0, 0.0, 0.0, 0.0, 0.0, 0.0, 0.0, 0.0, 0.0, 0.0, 0.0, 0.0, 0.0, 0.0, 0.0, 0.0, 0.0, 0.0, 0.0, 0.0, 0.0, 0.0, 0.0, 0.0, 0.0, 0.0, 0.0, 0.0, 0.0, 0.0, 0.0, 0.0, 0.0, 0.0, 0.0, 0.0, 0.0, 0.0, 0.0, 0.0, 0.0, 0.0, 0.0, 0.0, 0.0, 0.0, 0.0, 0.0, 0.0, 0.0, 0.0, 0.0, 0.0, 0.0, 0.0, 0.0, 0.0, 0.0, 0.0, 0.0, 0.0, 0.0, 0.0, 0.0, 0.0, 0.0, 0.0, 0.0, 0.0, 0.0, 0.0, 0.0, 0.0, 0.0, 0.0, 0.0, 0.0, 0.0, 0.0, 0.0, 0.0, 0.0, 0.0, 0.0, 0.0, 0.0, 0.0, 0.0, 0.0, 0.0, 0.0, 0.0, 0.0, 0.0, 0.0, 0.0, 0.0, 0.0, 0.0, 0.0, 0.0, 0.0, 0.0, 0.0, 0.0, 0.0, 0.0, 0.0, 0.0, 0.0], "tonal.chords_histogram": [4.4499382972717285, 0.0, 7.416563510894775, 0.0, 0.0, 0.0, 0.0, 0.0, 0.0, 0.0, 0.0, 0.0, 0.0, 0.0, 0.0, 56.73671340942383, 0.0, 2.1013596057891846, 0.0, 0.12360939383506775, 0.0, 18.294189453125, 10.877626419067383, 0.0], "tonal.thpcp": [1.0, 0.5764288306236267, 0.6446881890296936, 0.6660237908363342, 0.4580524265766144, 0.524992048740387, 0.470804363489151, 0.20084592700004578, 0.12265854328870773, 0.12095104902982712, 0.15594354271888733, 0.20669646561145782, 0.18207882344722748, 0.16217458248138428, 0.4457639455795288, 0.4860282838344574, 0.19404152035713196, 0.09448365867137909, 0.09227120131254196, 0.14057187736034393, 0.42604660987854004, 0.562191367149353, 0.2924171984195709, 0.1126146987080574, 0.08706716448068619, 0.0884363204240799, 0.09876830130815506, 0.12405742704868317, 0.2950476109981537, 0.8814072012901306, 0.9696098566055298, 0.47894126176834106, 0.30636364221572876, 0.2643638253211975, 0.3565169870853424, 0.9069326519966125], "lowlevel.gfcc.cov": [[2242.277587890625, -203.32948303222656, -134.94754028320312, 64.10267639160156, -376.688232421875, -178.32882690429688, -218.45852661132812, -91.41710662841797, -60.75646209716797, -90.78376770019531, -216.22760009765625, -31.833799362182617, -197.71908569335938], [-203.32948303222656, 603.828125, -131.0511474609375, -113.11427307128906, 67.21894073486328, -20.875404357910156, 62.89594650268555, -37.969573974609375, -66.1749496459961, -18.995986938476562, 85.63017272949219, -109.66439819335938, 51.02594757080078], [-134.94754028320312, -131.0511474609375, 459.1445007324219, 43.26820373535156, -72.06134796142578, -22.78015899658203, -71.54875946044922, -4.381378650665283, -12.288918495178223, 18.790184020996094, -15.497763633728027, 83.83050537109375, -21.07158660888672], [64.10267639160156, -113.11427307128906, 43.26820373535156, 197.15074157714844, 27.431167602539062, -28.712371826171875, -26.053966522216797, 3.8646581172943115, 30.522920608520508, -19.655725479125977, -31.114717483520508, 25.9665470123291, -2.9351251125335693], [-376.688232421875, 67.21894073486328, -72.06134796142578, 27.431167602539062, 449.0834045410156, 224.75701904296875, 196.49899291992188, 157.0399169921875, 71.60423278808594, 73.16407012939453, 139.12847900390625, 17.402782440185547, 145.4420928955078], [-178.32882690429688, -20.875404357910156, -22.78015899658203, -28.712371826171875, 224.75701904296875, 328.9540100097656, 204.26133728027344, 74.63011169433594, 48.445945739746094, 55.351776123046875, 118.14817810058594, -0.253775417804718, 61.35107421875], [-218.45852661132812, 62.89594650268555, -71.54875946044922, -26.053966522216797, 196.49899291992188, 204.26133728027344, 279.4640197753906, 130.3416748046875, 50.14219665527344, 67.31476593017578, 143.3196563720703, 24.32326316833496, 89.00251770019531], [-91.41710662841797, -37.969573974609375, -4.381378650665283, 3.8646581172943115, 157.0399169921875, 74.63011169433594, 130.3416748046875, 234.3690948486328, 112.54220581054688, 47.32502365112305, 85.44828033447266, 49.79525375366211, 104.69129943847656], [-60.75646209716797, -66.1749496459961, -12.288918495178223, 30.522920608520508, 71.60423278808594, 48.445945739746094, 50.14219665527344, 112.54220581054688, 167.40858459472656, 75.03107452392578, 37.02138137817383, 45.53496170043945, 68.10458374023438], [-90.78376770019531, -18.995986938476562, 18.790184020996094, -19.655725479125977, 73.16407012939453, 55.351776123046875, 67.31476593017578, 47.32502365112305, 75.03107452392578, 151.33477783203125, 104.07528686523438, 38.83031463623047, 75.96360778808594], [-216.22760009765625, 85.63017272949219, -15.497763633728027, -31.114717483520508, 139.12847900390625, 118.14817810058594, 143.3196563720703, 85.44828033447266, 37.02138137817383, 104.07528686523438, 208.8938446044922, 58.03704833984375, 109.19844055175781], [-31.833799362182617, -109.66439819335938, 83.83050537109375, 25.9665470123291, 17.402782440185547, -0.253775417804718, 24.32326316833496, 49.79525375366211, 45.53496170043945, 38.83031463623047, 58.03704833984375, 158.03155517578125, 66.94550323486328], [-197.71908569335938, 51.02594757080078, -21.07158660888672, -2.9351251125335693, 145.4420928955078, 61.35107421875, 89.00251770019531, 104.69129943847656, 68.10458374023438, 75.96360778808594, 109.19844055175781, 66.94550323486328, 169.73313903808594]], "lowlevel.gfcc.icov": [[0.0006966321961954236, -0.0002706281084101647, 0.0006600501365028322, -0.0006427382468245924, 0.0007972872699610889, -0.0008228180813603103, 0.0007851405534893274, -0.0011953230714425445, 0.0009863566374406219, -0.0011056587100028992, 0.0008699169266037643, -0.0007743148016743362, 0.000748281367123127], [-0.0002706281084101647, 0.00417551351711154, -0.0008824632968753576, 0.002505674958229065, -0.0015068211359903216, 0.0036261756904423237, -0.0025362928863614798, 0.0037984352093189955, -0.002286253497004509, 0.004343823529779911, -0.004067367408424616, 0.004570700228214264, -0.002881908556446433], [0.0006600501365028322, -0.0008824632968753576, 0.003821196034550667, -0.001779261277988553, 0.001582075492478907, -0.002622257685288787, 0.0027431815396994352, -0.003270204644650221, 0.0032229959033429623, -0.0035537295043468475, 0.0020743340719491243, -0.0034343493171036243, 0.001965866656973958], [-0.0006427382468245924, 0.002505674958229065, -0.001779261277988553, 0.008296233601868153, -0.0031739945989102125, 0.0040752640925347805, -0.0024163206107914448, 0.0045595066621899605, -0.004824772477149963, 0.005286453757435083, -0.0025819388683885336, 0.002154796849936247, -0.0014967501629143953], [0.0007972872699610889, -0.0015068211359903216, 0.001582075492478907, -0.0031739945989102125, 0.006678620353341103, -0.004875596147030592, 0.001686022151261568, -0.0046536121517419815, 0.003403441281989217, -0.003304819343611598, 0.002180535113438964, -0.0011662158649414778, -0.001280435943044722], [-0.0008228180813603103, 0.0036261756904423237, -0.002622257685288787, 0.0040752640925347805, -0.004875596147030592, 0.01165429875254631, -0.007690256927162409, 0.007328405510634184, -0.00615051481872797, 0.0065146987326443195, -0.005774063523858786, 0.0055314926430583, -0.0017407095292583108], [0.0007851405534893274, -0.0025362928863614798, 0.0027431815396994352, -0.0024163206107914448, 0.001686022151261568, -0.007690256927162409, 0.01276759710162878, -0.0077594975009560585, 0.004822029732167721, -0.004955480806529522, 0.0005357690970413387, -0.003979333210736513, 0.002909759758040309], [-0.0011953230714425445, 0.0037984352093189955, -0.003270204644650221, 0.0045595066621899605, -0.0046536121517419815, 0.007328405510634184, -0.0077594975009560585, 0.016327358782291412, -0.011014724150300026, 0.009902138262987137, -0.0063067530281841755, 0.005384913180023432, -0.005603100173175335], [0.0009863566374406219, -0.002286253497004509, 0.0032229959033429623, -0.004824772477149963, 0.003403441281989217, -0.00615051481872797, 0.004822029732167721, -0.011014724150300026, 0.017428794875741005, -0.011938891373574734, 0.007538318168371916, -0.00539014209061861, 0.0013512731529772282], [-0.0011056587100028992, 0.004343823529779911, -0.0035537295043468475, 0.005286453757435083, -0.003304819343611598, 0.0065146987326443195, -0.004955480806529522, 0.009902138262987137, -0.011938891373574734, 0.021126944571733475, -0.011863939464092255, 0.006849688943475485, -0.005709451157599688], [0.0008699169266037643, -0.004067367408424616, 0.0020743340719491243, -0.0025819388683885336, 0.002180535113438964, -0.005774063523858786, 0.0005357690970413387, -0.0063067530281841755, 0.007538318168371916, -0.011863939464092255, 0.017757464200258255, -0.007484162226319313, 8.913726196624339e-05], [-0.0007743148016743362, 0.004570700228214264, -0.0034343493171036243, 0.002154796849936247, -0.0011662158649414778, 0.0055314926430583, -0.003979333210736513, 0.005384913180023432, -0.00539014209061861, 0.006849688943475485, -0.007484162226319313, 0.015489542856812477, -0.007097157649695873], [0.000748281367123127, -0.002881908556446433, 0.001965866656973958, -0.0014967501629143953, -0.001280435943044722, -0.0017407095292583108, 0.002909759758040309, -0.005603100173175335, 0.0013512731529772282, -0.005709451157599688, 8.913726196624339e-05, -0.007097157649695873, 0.01625933311879635]], "lowlevel.mfcc.cov": [[1913.135498046875, -355.74755859375, -13.4024019241333, 55.78217315673828, -239.6535186767578, -101.56351470947266, -351.3670349121094, -58.957462310791016, -109.87966918945312, -106.4742660522461, -33.83109664916992, -124.7237319946289, -128.61163330078125], [-355.74755859375, 594.2291259765625, -111.03173065185547, -64.77144622802734, 22.94188117980957, -34.923927307128906, 167.86741638183594, -72.23072814941406, -27.195615768432617, 63.701568603515625, -31.599842071533203, -1.1065645217895508, 7.046778202056885], [-13.4024019241333, -111.03173065185547, 445.3846435546875, 23.780664443969727, -82.8943099975586, -32.84577178955078, -145.28794860839844, -32.88436508178711, -85.03008270263672, -92.78160858154297, -11.340093612670898, -26.22699737548828, -17.2684268951416], [55.78217315673828, -64.77144622802734, 23.780664443969727, 203.4596710205078, 25.109058380126953, -57.04233932495117, -73.05518341064453, -5.58442497253418, 14.986583709716797, -57.323638916015625, -27.503650665283203, 10.302724838256836, -8.303374290466309], [-239.6535186767578, 22.94188117980957, -82.8943099975586, 25.109058380126953, 248.3712615966797, 45.83158493041992, 111.90152740478516, 50.186885833740234, 93.19564819335938, 60.39347457885742, 5.419378280639648, 49.192298889160156, 26.547975540161133], [-101.56351470947266, -34.923927307128906, -32.84577178955078, -57.04233932495117, 45.83158493041992, 223.2194061279297, 105.4025650024414, 23.629737854003906, 4.635681629180908, 42.26136779785156, 40.50838851928711, 1.390504240989685, 26.08781623840332], [-351.3670349121094, 167.86741638183594, -145.28794860839844, -73.05518341064453, 111.90152740478516, 105.4025650024414, 383.9904479980469, 78.54989624023438, 51.7706413269043, 115.4590835571289, 40.95805358886719, 82.39069366455078, 69.88197326660156], [-58.957462310791016, -72.23072814941406, -32.88436508178711, -5.58442497253418, 50.186885833740234, 23.629737854003906, 78.54989624023438, 176.4088592529297, 81.83219146728516, 6.85178279876709, 33.51045227050781, 49.18012619018555, 23.653141021728516], [-109.87966918945312, -27.195615768432617, -85.03008270263672, 14.986583709716797, 93.19564819335938, 4.635681629180908, 51.7706413269043, 81.83219146728516, 167.79490661621094, 73.16522216796875, 21.449419021606445, 50.595333099365234, 39.46133041381836], [-106.4742660522461, 63.701568603515625, -92.78160858154297, -57.323638916015625, 60.39347457885742, 42.26136779785156, 115.4590835571289, 6.85178279876709, 73.16522216796875, 182.3569793701172, 40.58512496948242, 25.342145919799805, 29.11427116394043], [-33.83109664916992, -31.599842071533203, -11.340093612670898, -27.503650665283203, 5.419378280639648, 40.50838851928711, 40.95805358886719, 33.51045227050781, 21.449419021606445, 40.58512496948242, 97.0352783203125, 44.077598571777344, 15.59744930267334], [-124.7237319946289, -1.1065645217895508, -26.22699737548828, 10.302724838256836, 49.192298889160156, 1.390504240989685, 82.39069366455078, 49.18012619018555, 50.595333099365234, 25.342145919799805, 44.077598571777344, 129.6538543701172, 53.38282775878906], [-128.61163330078125, 7.046778202056885, -17.2684268951416, -8.303374290466309, 26.547975540161133, 26.08781623840332, 69.88197326660156, 23.653141021728516, 39.46133041381836, 29.11427116394043, 15.59744930267334, 53.38282775878906, 108.46015930175781]], "lowlevel.mfcc.icov": [[0.0008105108281597495, 0.0004622958949767053, 0.000437708746176213, -7.095851469784975e-05, 0.0005273601855151355, 0.00016047226381488144, 0.00041649496415629983, -0.00011387453560018912, 0.00041477655759081244, -0.0002349764108657837, 0.00011234156409045681, 0.00012883248564321548, 0.00041672360384836793], [0.0004622958949767053, 0.0028078623581677675, 0.0005552158690989017, 0.0005673069972544909, 0.0002163293829653412, 0.0011760268826037645, -0.0013440159382298589, 0.001356923603452742, 0.00042371187009848654, -0.00022457003069575876, 0.0007198324892669916, 0.00024379161186516285, 0.0004144244303461164], [0.000437708746176213, 0.0005552158690989017, 0.003138261381536722, 1.623409661988262e-05, 0.0003739741805475205, 0.00017532591300550848, 0.0010410764953121543, -0.0002650480601005256, 0.001555367955006659, 0.0003197678306605667, -9.5011419034563e-05, -0.00014744565123692155, -0.0003283186233602464], [-7.095851469784975e-05, 0.0005673069972544909, 1.623409661988262e-05, 0.006662460509687662, -0.0012621433706954122, 0.0011301788035780191, 0.00043753086356446147, 0.0010459711775183678, -0.0012759865494444966, 0.002117549767717719, 0.000981388846412301, -0.0011447066208347678, 0.00023682996106799692], [0.0005273601855151355, 0.0002163293829653412, 0.0003739741805475205, -0.0012621433706954122, 0.006560344714671373, -0.00116388825699687, -0.0009158027241937816, 3.775040022446774e-05, -0.002515310887247324, -0.0006874739774502814, 0.0016077779000625014, -0.0011816341429948807, 0.0012802608544006944], [0.00016047226381488144, 0.0011760268826037645, 0.00017532591300550848, 0.0011301788035780191, -0.00116388825699687, 0.006659377831965685, -0.0018793408526107669, 0.00039434334030374885, 0.0009089683298952878, 0.00018136139260604978, -0.0024859837722033262, 0.0024756568018347025, -0.0012040709843859076], [0.00041649496415629983, -0.0013440159382298589, 0.0010410764953121543, 0.00043753086356446147, -0.0009158027241937816, -0.0018793408526107669, 0.006537528242915869, -0.003054046770557761, 0.002617193153128028, -0.0026150254998356104, 0.0008676144061610103, -0.0023248197976499796, -0.0013202970148995519], [-0.00011387453560018912, 0.001356923603452742, -0.0002650480601005256, 0.0010459711775183678, 3.775040022446774e-05, 0.00039434334030374885, -0.003054046770557761, 0.010335446335375309, -0.005673462990671396, 0.003727432107552886, -0.002031673677265644, -0.00047412654384970665, 0.0010135330958291888], [0.00041477655759081244, 0.00042371187009848654, 0.001555367955006659, -0.0012759865494444966, -0.002515310887247324, 0.0009089683298952878, 0.002617193153128028, -0.005673462990671396, 0.013803612440824509, -0.005514784716069698, 0.0009978004964068532, -0.0013920189812779427, -0.002437910530716181], [-0.0002349764108657837, -0.00022457003069575876, 0.0003197678306605667, 0.002117549767717719, -0.0006874739774502814, 0.00018136139260604978, -0.0026150254998356104, 0.003727432107552886, -0.005514784716069698, 0.010807006619870663, -0.0037153377197682858, 0.0015513671096414328, -0.000178130590938963], [0.00011234156409045681, 0.0007198324892669916, -9.5011419034563e-05, 0.000981388846412301, 0.0016077779000625014, -0.0024859837722033262, 0.0008676144061610103, -0.002031673677265644, 0.0009978004964068532, -0.0037153377197682858, 0.015975914895534515, -0.00608688173815608, 0.0015676338225603104], [0.00012883248564321548, 0.00024379161186516285, -0.00014744565123692155, -0.0011447066208347678, -0.0011816341429948807, 0.0024756568018347025, -0.0023248197976499796, -0.00047412654384970665, -0.0013920189812779427, 0.0015513671096414328, -0.00608688173815608, 0.014230816625058651, -0.004717990756034851], [0.00041672360384836793, 0.0004144244303461164, -0.0003283186233602464, 0.00023682996106799692, 0.0012802608544006944, -0.0012040709843859076, -0.0013202970148995519, 0.0010135330958291888, -0.002437910530716181, -0.000178130590938963, 0.0015676338225603104, -0.004717990756034851, 0.01329045556485653]], "metadata.audio_properties.analysis.downmix": "mix", "metadata.audio_properties.codec": "mp3", "metadata.audio_properties.md5_encoded": "0dbe7fbee47943564c1593bb14d7a1c4", "metadata.tags.file_name": "1182255942042136607.mp3", "metadata.version.ess