{"song_id": "1182273022871220294", "download": "https://cdn.discordapp.com/attachments/1128313332273782784/1182273022871220294/chirp.mp4?ex=6584188e&amp", "lyrics": "Eddy, der Barketing-Star,\nmit einem Bellen, leuchtet der Raum.\nIn Meetings und Pausen, er ist immer da,\nsein fr\u00f6hliches Wesen, wie ein lebendiger Traum.\n\nEddy, der s\u00fc\u00dfeste Hund der Welt,\nmit seinen Augen, so rein und so hell.\nEr ist mehr als nur ein Haustier, er ist ein Freund,\nEddy, der Barketing-Star, ein Wunder, das sich lohnt.", "style": ["rap"], "essentia_features": {"lowlevel.average_loudness": 0.9223824739456177, "lowlevel.barkbands_crest.mean": 15.50898265838623, "lowlevel.barkbands_crest.stdev": 4.734996318817139, "lowlevel.barkbands_flatness_db.mean": 0.26457852125167847, "lowlevel.barkbands_flatness_db.stdev": 0.09038450568914413, "lowlevel.barkbands_kurtosis.mean": 22.680980682373047, "lowlevel.barkbands_kurtosis.stdev": 31.82213020324707, "lowlevel.barkbands_skewness.mean": 3.7069177627563477, "lowlevel.barkbands_skewness.stdev": 2.3048696517944336, "lowlevel.barkbands_spread.mean": 22.48701286315918, "lowlevel.barkbands_spread.stdev": 22.18414878845215, "lowlevel.dissonance.mean": 0.4723229706287384, "lowlevel.dissonance.stdev": 0.03777028247714043, "lowlevel.dynamic_complexity": 4.085409641265869, "lowlevel.erbbands_crest.mean": 8.419612884521484, "lowlevel.erbbands_crest.stdev": 3.6527316570281982, "lowlevel.erbbands_flatness_db.mean": 0.16747526824474335, "lowlevel.erbbands_flatness_db.stdev": 0.04980683699250221, "lowlevel.erbbands_kurtosis.mean": 0.38179513812065125, "lowlevel.erbbands_kurtosis.stdev": 2.7280852794647217, "lowlevel.erbbands_skewness.mean": 0.1377471536397934, "lowlevel.erbbands_skewness.stdev": 1.0159803628921509, "lowlevel.erbbands_spread.mean": 71.77775573730469, "lowlevel.erbbands_spread.stdev": 32.127288818359375, "lowlevel.hfc.mean": 29.695898056030273, "lowlevel.hfc.stdev": 34.1059455871582, "lowlevel.loudness_ebu128.integrated": -20.641809463500977, "lowlevel.loudness_ebu128.loudness_range": 2.5481529235839844, "lowlevel.loudness_ebu128.momentary.mean": -22.654264450073242, "lowlevel.loudness_ebu128.momentary.stdev": 5.354426860809326, "lowlevel.loudness_ebu128.short_term.mean": -21.30373764038086, "lowlevel.loudness_ebu128.short_term.stdev": 2.751984119415283, "lowlevel.melbands_crest.mean": 18.88348388671875, "lowlevel.melbands_crest.stdev": 4.4747700691223145, "lowlevel.melbands_flatness_db.mean": 0.3148985207080841, "lowlevel.melbands_flatness_db.stdev": 0.1278381645679474, "lowlevel.melbands_kurtosis.mean": 79.78779602050781, "lowlevel.melbands_kurtosis.stdev": 82.58802795410156, "lowlevel.melbands_skewness.mean": 6.60310697555542, "lowlevel.melbands_skewness.stdev": 3.166820764541626, "lowlevel.melbands_spread.mean": 14.048035621643066, "lowlevel.melbands_spread.stdev": 20.72337532043457, "lowlevel.pitch_salience.mean": 0.4497615396976471, "lowlevel.pitch_salience.stdev": 0.11957910656929016, "lowlevel.silence_rate_20dB.mean": 0.9987437129020691, "lowlevel.silence_rate_20dB.stdev": 0.03542163223028183, "lowlevel.silence_rate_30dB.mean": 0.911432147026062, "lowlevel.silence_rate_30dB.stdev": 0.28411799669265747, "lowlevel.silence_rate_60dB.mean": 0.09673366695642471, "lowlevel.silence_rate_60dB.stdev": 0.2955888509750366, "lowlevel.spectral_centroid.mean": 1168.29345703125, "lowlevel.spectral_centroid.stdev": 980.4920043945312, "lowlevel.spectral_complexity.mean": 14.44660758972168, "lowlevel.spectral_complexity.stdev": 11.237099647521973, "lowlevel.spectral_decrease.mean": -1.3564723566616976e-08, "lowlevel.spectral_decrease.stdev": 1.2337016741525986e-08, "lowlevel.spectral_energy.mean": 0.053889840841293335, "lowlevel.spectral_energy.stdev": 0.0478379987180233, "lowlevel.spectral_energyband_high.mean": 0.002467244165018201, "lowlevel.spectral_energyband_high.stdev": 0.0039830077439546585, "lowlevel.spectral_energyband_low.mean": 0.04082522168755531, "lowlevel.spectral_energyband_low.stdev": 0.042013395577669144, "lowlevel.spectral_energyband_middle_high.mean": 0.002845592563971877, "lowlevel.spectral_energyband_middle_high.stdev": 0.0036393161863088608, "lowlevel.spectral_energyband_middle_low.mean": 0.010087987408041954, "lowlevel.spectral_energyband_middle_low.stdev": 0.01217618677765131, "lowlevel.spectral_entropy.mean": 7.445405960083008, "lowlevel.spectral_entropy.stdev": 0.7530397772789001, "lowlevel.spectral_flux.mean": 0.0818878710269928, "lowlevel.spectral_flux.stdev": 0.06662139296531677, "lowlevel.spectral_kurtosis.mean": 10.237771034240723, "lowlevel.spectral_kurtosis.stdev": 31.908655166625977, "lowlevel.spectral_rms.mean": 0.0065772864036262035, "lowlevel.spectral_rms.stdev": 0.0030520136933773756, "lowlevel.spectral_rolloff.mean": 1058.31982421875, "lowlevel.spectral_rolloff.stdev": 2242.75732421875, "lowlevel.spectral_skewness.mean": 1.5961817502975464, "lowlevel.spectral_skewness.stdev": 2.0507652759552, "lowlevel.spectral_spread.mean": 5108095.5, "lowlevel.spectral_spread.stdev": 2368016.25, "lowlevel.spectral_strongpeak.mean": 0.5493700504302979, "lowlevel.spectral_strongpeak.stdev": 0.6150795817375183, "lowlevel.zerocrossingrate.mean": 0.05776962265372276, "lowlevel.zerocrossingrate.stdev": 0.05913495272397995, "metadata.audio_properties.analysis.equal_loudness": 0.0, "metadata.audio_properties.analysis.length": 36.927982330322266, "metadata.audio_properties.analysis.sample_rate": 44100.0, "metadata.audio_properties.analysis.start_time": 0.0, "metadata.audio_properties.bit_rate": 92156.0, "metadata.audio_properties.length": 36.928001403808594, "metadata.audio_properties.lossless": 0.0, "metadata.audio_properties.number_channels": 1.0, "metadata.audio_properties.replay_gain": -4.153659820556641, "metadata.audio_properties.sample_rate": 48000.0, "rhythm.beats_count": 77.0, "rhythm.beats_loudness.mean": 0.0760285034775734, "rhythm.beats_loudness.stdev": 0.05187465250492096, "rhythm.bpm": 126.77627563476562, "rhythm.bpm_histogram_first_peak_bpm": 126.0, "rhythm.bpm_histogram_first_peak_weight": 0.41333335638046265, "rhythm.bpm_histogram_second_peak_bpm": 133.0, "rhythm.bpm_histogram_second_peak_spread": 0.0, "rhythm.bpm_histogram_second_peak_weight": 0.01315789483487606, "rhythm.danceability": 1.0928847789764404, "rhythm.onset_rate": 3.546008348464966, "tonal.chords_changes_rate": 0.06900878250598907, "tonal.chords_number_rate": 0.00878293626010418, "tonal.chords_strength.mean": 0.5153611302375793, "tonal.chords_strength.stdev": 0.09920431673526764, "tonal.hpcp_crest.mean": 12.455293655395508, "tonal.hpcp_crest.stdev": 6.74123477935791, "tonal.hpcp_entropy.mean": 2.3317246437072754, "tonal.hpcp_entropy.stdev": 0.8772552013397217, "tonal.key_edma.strength": 0.6663594245910645, "tonal.key_krumhansl.strength": 0.6529433727264404, "tonal.key_temperley.strength": 0.6296270489692688, "tonal.tuning_diatonic_strength": 0.6105335354804993, "tonal.tuning_equal_tempered_deviation": 0.1764269322156906, "tonal.tuning_frequency": 442.5489196777344, "tonal.tuning_nontempered_energy_ratio": 0.7933114767074585, "lowlevel.barkbands.mean": [0.0002997881965711713, 0.025933945551514626, 0.012276377528905869, 0.0039464873261749744, 0.0034149913117289543, 0.0013376851566135883, 0.0008429455338045955, 0.00034069677349179983, 0.00017376420146320015, 0.00018836189701687545, 0.00032336561707779765, 0.00022714576334692538, 0.00026386810350231826, 0.0003422324371058494, 0.00040666188579052687, 0.00020979571854695678, 0.0003679074579849839, 0.00019054861331824213, 0.00019873924611601979, 0.0002561561414040625, 0.00032376794843003154, 0.0001513136230641976, 0.00015702378004789352, 0.001713430043309927, 2.9003649615333416e-06, 5.335279773532875e-09, 4.011477816590059e-09], "lowlevel.barkbands.stdev": [0.0007232010830193758, 0.029873479157686234, 0.017926039174199104, 0.004964631050825119, 0.006769383791834116, 0.0032187472097575665, 0.0022757318802177906, 0.0011620876612141728, 0.0005013032350689173, 0.0005264468491077423, 0.0006763485725969076, 0.0006661548395641148, 0.0009001741418614984, 0.0008364612003788352, 0.0011064930586144328, 0.0005111089558340609, 0.0006655460456386209, 0.0003469660587143153, 0.0003280566888861358, 0.000519013439770788, 0.0007228984613902867, 0.00029248790815472603, 0.00034887660876847804, 0.002913194941356778, 1.2502870049502235e-05, 8.543292295826177e-08, 6.620653181244052e-08], "lowlevel.erbbands.mean": [0.5785255432128906, 6.387543678283691, 13.266165733337402, 16.18226432800293, 13.065231323242188, 10.634114265441895, 7.722506046295166, 13.253265380859375, 10.20448112487793, 15.009872436523438, 5.122533321380615, 3.9297428131103516, 4.360695838928223, 9.217000961303711, 13.694348335266113, 9.019830703735352, 12.1426420211792, 14.44766902923584, 24.209196090698242, 16.510616302490234, 11.25003433227539, 21.343889236450195, 11.833701133728027, 10.592399597167969, 10.700749397277832, 11.871171951293945, 12.581698417663574, 11.474142074584961, 6.038205146789551, 4.1500020027160645, 6.347984313964844, 45.999549865722656, 15.737826347351074, 0.5536696314811707, 0.022176651284098625, 0.0021328984294086695, 0.00036980523145757616, 8.474695641780272e-05, 4.9203415983356535e-05, 6.95371491019614e-05], "lowlevel.erbbands.stdev": [0.7159088850021362, 7.580657482147217, 17.38922119140625, 19.298110961914062, 21.664812088012695, 23.1673641204834, 13.995414733886719, 37.35985565185547, 21.71040916442871, 49.32851028442383, 12.619588851928711, 11.9774169921875, 10.910676956176758, 22.255035400390625, 30.061920166015625, 25.711057662963867, 40.10627365112305, 36.189903259277344, 52.246334075927734, 50.3964958190918, 22.487470626831055, 38.931434631347656, 20.591745376586914, 18.746557235717773, 17.53984260559082, 25.421751022338867, 26.910476684570312, 26.898433685302734, 11.835862159729004, 7.862499237060547, 11.84204387664795, 80.33953857421875, 27.676828384399414, 1.078421950340271, 0.03980879858136177, 0.003639398841187358, 0.0006192488363012671, 0.00014629846555180848, 5.136147956363857e-05, 5.8603574871085584e-05], "lowlevel.gfcc.mean": [-55.651920318603516, 119.63504028320312, -97.9922866821289, 84.80902862548828, -48.175682067871094, 37.373985290527344, -31.964906692504883, -2.907041072845459, -3.690737009048462, -23.329574584960938, 14.389935493469238, -19.65289306640625, 6.915476322174072], "lowlevel.melbands.mean": [0.00646391324698925, 0.007580186706036329, 0.002726661739870906, 0.000808929733466357, 0.00031810172367841005, 0.00027840808616019785, 0.00016565305122639984, 0.0001472842850489542, 3.437288251006976e-05, 2.4280983780045062e-05, 2.1679652491002344e-05, 3.548344102455303e-05, 4.75339220429305e-05, 2.823243812599685e-05, 2.244318602606654e-05, 2.711118577281013e-05, 2.679724093468394e-05, 4.0158789488486946e-05, 2.7942898668698035e-05, 1.6688869436620735e-05, 1.2278356734896079e-05, 2.237445551145356e-05, 1.6840878743096255e-05, 7.714337698416784e-06, 8.778491064731497e-06, 6.52642484055832e-06, 9.313436748925596e-06, 7.2265138442162424e-06, 7.759530490147881e-06, 7.756999366392847e-06, 6.0420088630053215e-06, 3.3428718779759947e-06, 2.7435219180915738e-06, 1.9826275092782453e-06, 1.97670237866987e-06, 9.011951078718994e-06, 3.828020635410212e-05, 1.4538198229274713e-05, 7.673424420318042e-07, 2.2120753229160073e-08], "lowlevel.melbands.stdev": [0.007339905481785536, 0.008679796941578388, 0.0030445768497884274, 0.0016168601578101516, 0.0005970214260742068, 0.0007425657822750509, 0.00036795818596147, 0.00048738528857938945, 8.396952762268484e-05, 7.402087067021057e-05, 5.5383403378073126e-05, 9.034871618496254e-05, 9.997385495807976e-05, 7.739577267784625e-05, 8.028118463698775e-05, 9.344203135697171e-05, 7.318985444726422e-05, 8.620781591162086e-05, 8.424860425293446e-05, 4.917716432828456e-05, 2.3819155103410594e-05, 4.162281038588844e-05, 3.303483026684262e-05, 1.3885241060052067e-05, 1.6212430637096986e-05, 1.1238083970965818e-05, 1.6487229004269466e-05, 1.7003752873279154e-05, 1.7353340808767825e-05, 1.7535181541461498e-05, 1.471143878006842e-05, 6.8109138737781905e-06, 5.2635950851254165e-06, 3.971998921770137e-06, 4.564859864331083e-06, 1.6723080989322625e-05, 6.736821524100378e-05, 2.622696410981007e-05, 2.028195240200148e-06, 8.72199592549805e-08], "lowlevel.melbands128.mean": [0.0002734148583840579, 0.003250514855608344, 0.010123252868652344, 0.010720663703978062, 0.007097569759935141, 0.006297180894762278, 0.0034429840743541718, 0.001760401064530015, 0.0013544369721785188, 0.0006702480022795498, 0.0005916557274758816, 0.0004146794672124088, 0.0002150271029677242, 0.00022715935483574867, 0.00034384039463475347, 0.000294031371595338, 0.00013956318434793502, 0.00013763779134023935, 0.00019191174942534417, 0.00021182026830501854, 9.621604840504006e-05, 3.861135701299645e-05, 2.9111952244420536e-05, 2.525023592170328e-05, 2.6461817469680682e-05, 2.1688947526854463e-05, 2.4888127882150002e-05, 1.612780033610761e-05, 2.3346769012277946e-05, 3.685827323351987e-05, 3.585291779018007e-05, 4.137585710850544e-05, 5.79975894652307e-05, 4.362057370599359e-05, 3.287547588115558e-05, 2.3780236006132327e-05, 2.0187313566566445e-05, 2.0694567865575664e-05, 2.3279593733604997e-05, 3.123641727142967e-05, 2.8499574909801595e-05, 2.0955747459083796e-05, 2.1844405637239106e-05, 3.194253076799214e-05, 3.954905696446076e-05, 3.9517326513305306e-05, 4.601656110025942e-05, 2.7115203920402564e-05, 2.0071902326890267e-05, 2.4758164727245457e-05, 1.5041959159134421e-05, 1.1021938007615972e-05, 1.0044575901702046e-05, 1.3609082998300437e-05, 1.5477509805350564e-05, 2.542293441365473e-05, 2.6042353056254797e-05, 2.1799312889925204e-05, 1.3190376193961129e-05, 7.239148544613272e-06, 7.004578492342262e-06, 8.016407264221925e-06, 9.624145604902878e-06, 1.0100541658175644e-05, 5.425703420769423e-06, 5.292630248732166e-06, 7.931552318041213e-06, 8.332433026225772e-06, 1.0247179488942493e-05, 1.018377224681899e-05, 6.635322733927751e-06, 5.588237854681211e-06, 7.837619705242105e-06, 8.435447853116784e-06, 7.222663498396287e-06, 8.297440217575058e-06, 7.095887212926755e-06, 8.340048225363716e-06, 6.702095106447814e-06, 2.684532319108257e-06, 3.4967863484780537e-06, 3.824093710136367e-06, 2.619716497065383e-06, 2.611223408166552e-06, 2.98162945000513e-06, 1.974119413716835e-06, 1.7043556681528571e-06, 1.6912326827878132e-06, 2.1975345134706004e-06, 1.6295412024192046e-06, 3.515797970976564e-06, 8.078122846200131e-06, 2.140196374966763e-05, 5.0769958761520684e-05, 4.319359868532047e-05, 2.003027475439012e-05, 9.848103218246251e-06, 2.1381031274358975e-06, 3.564449286841409e-07, 1.3744454463449074e-07, 3.3589078185514154e-08, 2.4609134730013693e-09, 1.918984693372039e-10, 6.226333337799872e-11, 6.434738158977993e-11, 5.79633667452395e-11, 4.876797923825116e-11, 4.5268504222928385e-11, 3.890436930942265e-11, 3.69064709349054e-11, 3.3569969720703696e-11, 3.128272640928742e-11, 2.9935654649593246e-11, 2.7951013031879413e-11, 2.628590574371703e-11, 2.48826584337003e-11, 2.2491886825237728e-11, 2.1036949959807316e-11, 1.9732774442227097e-11, 1.8630697679045127e-11, 1.758896327197501e-11, 1.660059763264332e-11, 1.5717881857169047e-11, 1.4925612829008728e-11, 1.4072540008291945e-11, 1.3208951293863791e-11, 1.2647395283837959e-11, 1.2376017745341361e-11], "lowlevel.melbands128.stdev": [0.0006861298461444676, 0.005098872352391481, 0.011854828335344791, 0.014162606559693813, 0.009937310591340065, 0.009409538470208645, 0.004405521787703037, 0.0024968679063022137, 0.00257885386236012, 0.002101501217111945, 0.0013720885617658496, 0.0010151165770366788, 0.0004607684095390141, 0.000540960521902889, 0.001140211126767099, 0.0009356213849969208, 0.00034863335895352066, 0.0004238841065671295, 0.0006993662100285292, 0.0008083038846962154, 0.00039158386061899364, 0.00012099614832550287, 9.17354627745226e-05, 7.524531247327104e-05, 0.00011445170821389183, 6.443532038247213e-05, 8.107083704089746e-05, 5.034768400946632e-05, 7.526620902353898e-05, 0.00012909952783957124, 0.00010104115790454671, 9.232384763890877e-05, 0.0001356155116809532, 0.00012643160880543292, 0.00010644518624758348, 7.446808740496635e-05, 7.144536357372999e-05, 9.11154638743028e-05, 9.755650535225868e-05, 0.00012403320579323918, 0.0001289424253627658, 6.359653343679383e-05, 7.7143355156295e-05, 0.00011294969590380788, 0.00010698108235374093, 9.829499322222546e-05, 0.00015234426246024668, 9.416130342287943e-05, 0.000104583399661351, 9.462399611948058e-05, 4.266131509211846e-05, 3.81603604182601e-05, 2.404416591161862e-05, 2.6150773919653147e-05, 3.478634243947454e-05, 5.3086027037352324e-05, 5.6606433645356447e-05, 4.98034423799254e-05, 3.0285575121524744e-05, 1.4323855793918483e-05, 1.3768652024737094e-05, 1.9646364307845943e-05, 1.94040567293996e-05, 1.9792500097537413e-05, 1.1451543286966626e-05, 1.0368903531343676e-05, 1.4821766853856388e-05, 1.6146428606589325e-05, 1.9507955585140735e-05, 2.2643211195827462e-05, 2.2276521121966653e-05, 1.385515588481212e-05, 1.9244736904511228e-05, 2.1646139430231415e-05, 1.8003103832597844e-05, 1.904347118397709e-05, 1.872528991953004e-05, 2.304482586623635e-05, 1.694203274382744e-05, 6.66953337713494e-06, 7.898180228949059e-06, 8.031604011193849e-06, 5.5128862186393235e-06, 5.471767053677468e-06, 6.232214218471199e-06, 4.106901997147361e-06, 4.028517651022412e-06, 3.87116733691073e-06, 5.620302545139566e-06, 4.2195329115202185e-06, 9.698435860627797e-06, 1.777165562089067e-05, 4.0966235246742144e-05, 0.00010078313789563254, 7.346920028794557e-05, 3.825109524768777e-05, 2.195173510699533e-05, 5.680892172676977e-06, 1.3147044910510886e-06, 6.524738864754909e-07, 1.2001267180039576e-07, 1.2543845073764714e-08, 1.4118231028703576e-09, 8.611342749986761e-10, 8.638287307682901e-10, 7.719790917626312e-10, 7.086635722686196e-10, 6.80030476374327e-10, 6.100706051448412e-10, 5.951149018024182e-10, 5.516586631948428e-10, 5.226774568711789e-10, 4.929722186020058e-10, 4.642462803072789e-10, 4.353468974205299e-10, 4.083462457060705e-10, 3.801781944812177e-10, 3.546812288313106e-10, 3.2871799726663653e-10, 3.0869679035205877e-10, 2.9041211102587283e-10, 2.722362890672514e-10, 2.58618598758531e-10, 2.4731042214121146e-10, 2.3787746772363505e-10, 2.3051538455831633e-10, 2.2596043092182327e-10, 2.2323716486472023e-10], "lowlevel.mfcc.mean": [-685.3802490234375, 115.25948333740234, 29.330371856689453, 48.30155563354492, 24.88131332397461, 31.01641273498535, 5.2986297607421875, 21.003746032714844, -10.73213005065918, 18.484895706176758, -21.91254425048828, 21.497764587402344, -15.65001106262207], "lowlevel.spectral_contrast_coeffs.mean": [-0.7143613696098328, -0.7811467051506042, -0.8229138255119324, -0.8189395666122437, -0.8168860673904419, -0.6760974526405334], "lowlevel.spectral_contrast_coeffs.stdev": [0.07564295083284378, 0.0801701620221138, 0.045921094715595245, 0.05400838702917099, 0.03459322452545166, 0.08069785684347153], "lowlevel.spectral_contrast_valleys.mean": [-6.302855014801025, -7.582042694091797, -7.963698387145996, -8.099052429199219, -7.945490837097168, -11.385814666748047], "lowlevel.spectral_contrast_valleys.stdev": [1.442101001739502, 1.5228387117385864, 1.5525972843170166, 1.6933151483535767, 2.06408953666687, 1.9169385433197021], "rhythm.beats_loudness_band_ratio.mean": [0.8114067912101746, 0.10574628412723541, 0.025607667863368988, 0.021951710805296898, 0.02575870417058468, 0.05751126632094383], "rhythm.beats_loudness_band_ratio.stdev": [0.1246180310845375, 0.10233638435602188, 0.036343052983284, 0.032651375979185104, 0.026275740936398506, 0.05780959874391556], "tonal.hpcp.mean": [0.024206167086958885, 0.0235185157507658, 0.031874921172857285, 0.04910419136285782, 0.10269354283809662, 0.2700694501399994, 0.46432843804359436, 0.308870792388916, 0.05570568889379501, 0.0229375921189785, 0.02930835261940956, 0.06893687695264816, 0.07589854300022125, 0.038268569856882095, 0.016725732013583183, 0.023981578648090363, 0.056853581219911575, 0.1330290585756302, 0.1168140321969986, 0.035052962601184845, 0.07572504878044128, 0.1199745386838913, 0.07061094790697098, 0.04033180698752403, 0.04915690794587135, 0.04656963795423508, 0.07037367671728134, 0.08692452311515808, 0.05282614007592201, 0.022327866405248642, 0.017069902271032333, 0.01657942868769169, 0.02585817128419876, 0.03998776152729988, 0.03838299959897995, 0.02794710360467434], "tonal.hpcp.stdev": [0.11001542955636978, 0.09669928252696991, 0.12266447395086288, 0.15200461447238922, 0.23850612342357635, 0.31371253728866577, 0.4537108540534973, 0.3545098900794983, 0.15233930945396423, 0.09844166040420532, 0.11915406584739685, 0.22050829231739044, 0.2319871038198471, 0.13836658000946045, 0.08654975891113281, 0.1093541756272316, 0.17623038589954376, 0.3107951581478119, 0.281480610370636, 0.10555039346218109, 0.20655980706214905, 0.3056485652923584, 0.19275648891925812, 0.1436735987663269, 0.1764363795518875, 0.14114554226398468, 0.13652439415454865, 0.17823678255081177, 0.1268780529499054, 0.09540796279907227, 0.07859940081834793, 0.07043129205703735, 0.08202867209911346, 0.14355237782001495, 0.14285677671432495, 0.11656992882490158], "rhythm.beats_position": [0.4760090708732605, 0.9636281132698059, 1.4512470960617065, 1.9272562265396118, 2.4032652378082275, 2.879274368286133, 3.355283498764038, 3.8312923908233643, 4.3073015213012695, 4.783310413360596, 5.25931978225708, 5.735328674316406, 6.199728012084961, 6.664126873016357, 7.140135765075684, 7.616145133972168, 8.092154502868652, 8.56816291809082, 9.032562255859375, 9.520181655883789, 9.984580039978027, 10.448979377746582, 10.924988746643066, 11.400997161865234, 11.865396499633789, 12.353015899658203, 12.817414283752441, 13.281813621520996, 13.75782299041748, 14.222222328186035, 14.698230743408203, 15.162630081176758, 15.638639450073242, 16.114648818969727, 16.59065818786621, 17.066665649414062, 17.531064987182617, 17.995464324951172, 18.483083724975586, 18.94748306274414, 19.423492431640625, 19.887889862060547, 20.36389923095703, 20.839908599853516, 21.31591796875, 21.780317306518555, 22.25632667541504, 22.732336044311523, 23.196733474731445, 23.6611328125, 24.148752212524414, 24.61315155029297, 25.089160919189453, 25.565170288085938, 26.05278778076172, 26.528797149658203, 26.981586456298828, 27.445985794067383, 27.921995162963867, 28.39800453186035, 28.862403869628906, 29.338411331176758, 29.814420700073242, 30.278820037841797, 30.75482940673828, 31.230838775634766, 31.69523811340332, 32.17124557495117, 32.63564682006836, 33.111656188964844, 33.58766555786133, 34.06367111206055, 34.53968048095703, 35.015689849853516, 35.4800910949707, 35.95610046386719, 36.43210983276367], "rhythm.bpm_histogram": [0.0, 0.0, 0.0, 0.0, 0.0, 0.0, 0.0, 0.0, 0.0, 0.0, 0.0, 0.0, 0.0, 0.0, 0.0, 0.0, 0.0, 0.0, 0.0, 0.0, 0.0, 0.0, 0.0, 0.0, 0.0, 0.0, 0.0, 0.0, 0.0, 0.0, 0.0, 0.0, 0.0, 0.0, 0.0, 0.0, 0.0, 0.0, 0.0, 0.0, 0.0, 0.0, 0.0, 0.0, 0.0, 0.0, 0.0, 0.0, 0.0, 0.0, 0.0, 0.0, 0.0, 0.0, 0.0, 0.0, 0.0, 0.0, 0.0, 0.0, 0.0, 0.0, 0.0, 0.0, 0.0, 0.0, 0.0, 0.0, 0.0, 0.0, 0.0, 0.0, 0.0, 0.0, 0.0, 0.0, 0.0, 0.0, 0.0, 0.0, 0.0, 0.0, 0.0, 0.0, 0.0, 0.0, 0.0, 0.0, 0.0, 0.0, 0.0, 0.0, 0.0, 0.0, 0.0, 0.0, 0.0, 0.0, 0.0, 0.0, 0.0, 0.0, 0.0, 0.0, 0.0, 0.0, 0.0, 0.0, 0.0, 0.0, 0.0, 0.0, 0.0, 0.0, 0.0, 0.0, 0.0, 0.0, 0.0, 0.0, 0.0, 0.0, 0.0, 0.09210526198148727, 0.0, 0.0, 0.5789473652839661, 0.0, 0.0, 0.31578946113586426, 0.0, 0.0, 0.0, 0.01315789483487606, 0.0, 0.0, 0.0, 0.0, 0.0, 0.0, 0.0, 0.0, 0.0, 0.0, 0.0, 0.0, 0.0, 0.0, 0.0, 0.0, 0.0, 0.0, 0.0, 0.0, 0.0, 0.0, 0.0, 0.0, 0.0, 0.0, 0.0, 0.0, 0.0, 0.0, 0.0, 0.0, 0.0, 0.0, 0.0, 0.0, 0.0, 0.0, 0.0, 0.0, 0.0, 0.0, 0.0, 0.0, 0.0, 0.0, 0.0, 0.0, 0.0, 0.0, 0.0, 0.0, 0.0, 0.0, 0.0, 0.0, 0.0, 0.0, 0.0, 0.0, 0.0, 0.0, 0.0, 0.0, 0.0, 0.0, 0.0, 0.0, 0.0, 0.0, 0.0, 0.0, 0.0, 0.0, 0.0, 0.0, 0.0, 0.0, 0.0, 0.0, 0.0, 0.0, 0.0, 0.0, 0.0, 0.0, 0.0, 0.0, 0.0, 0.0, 0.0, 0.0, 0.0, 0.0, 0.0, 0.0, 0.0, 0.0, 0.0, 0.0, 0.0, 0.0, 0.0, 0.0, 0.0, 0.0, 0.0, 0.0, 0.0, 0.0, 0.0, 0.0, 0.0, 0.0, 0.0, 0.0], "tonal.chords_histogram": [3.6386449337005615, 9.41028881072998, 0.0, 0.0, 0.0, 0.0, 0.0, 43.66373825073242, 22.961103439331055, 6.148055076599121, 0.6273525953292847, 0.0, 7.653701305389404, 3.136762857437134, 0.8782935738563538, 0.0, 0.0, 0.0, 0.7528231143951416, 0.8782935738563538, 0.0, 0.12547051906585693, 0.12547051906585693, 0.0], "tonal.thpcp": [1.0, 0.6651989817619324, 0.11997044086456299, 0.04939949885010719, 0.06311987340450287, 0.14846576750278473, 0.16345874965190887, 0.08241702616214752, 0.036021340638399124, 0.05164787918329239, 0.12244260311126709, 0.2864977717399597, 0.25157630443573, 0.07549174129962921, 0.16308510303497314, 0.2583829164505005, 0.15207111835479736, 0.08686051517724991, 0.1058666780591011, 0.10029460489749908, 0.15156012773513794, 0.18720482289791107, 0.11376891285181046, 0.048086363822221756, 0.03676256164908409, 0.03570625185966492, 0.05568939819931984, 0.08611956238746643, 0.08266346901655197, 0.06018822267651558, 0.05213156342506409, 0.05065060406923294, 0.0686473622918129, 0.10575313866138458, 0.2211657464504242, 0.581634521484375], "lowlevel.gfcc.cov": [[23872.763671875, -3589.28515625, -3764.590087890625, 3125.391357421875, -2268.1171875, 1545.9344482421875, -1190.982421875, 327.7137451171875, -154.36167907714844, -563.52734375, 475.6609802246094, -935.6638793945312, 76.05132293701172], [-3589.28515625, 1993.0115966796875, 837.0103149414062, -1009.749755859375, 552.2035522460938, -516.087890625, 236.59812927246094, -91.91718292236328, 104.454833984375, 94.83048248291016, 3.4802207946777344, 180.3502960205078, -43.03252029418945], [-3764.590087890625, 837.0103149414062, 1052.668212890625, -584.1397094726562, 449.2563171386719, -260.8614501953125, 153.32476806640625, -47.0990104675293, 3.008138656616211, 70.99523162841797, -64.59454345703125, 209.88197326660156, -5.4144110679626465], [3125.391357421875, -1009.749755859375, -584.1397094726562, 956.0342407226562, -267.85638427734375, 304.6033630371094, -119.45877075195312, -58.08308029174805, -34.291015625, -142.4143524169922, -2.2590441703796387, -126.94966125488281, 93.50023651123047], [-2268.1171875, 552.2035522460938, 449.2563171386719, -267.85638427734375, 441.4498596191406, -136.77346801757812, 120.29264068603516, -57.3585090637207, 32.510013580322266, 28.923667907714844, -64.78845977783203, 74.06494903564453, 7.933069705963135], [1545.9344482421875, -516.087890625, -260.8614501953125, 304.6033630371094, -136.77346801757812, 311.81890869140625, -9.020822525024414, 30.993305206298828, -62.45989990234375, -89.43681335449219, 31.249378204345703, -96.1893081665039, 3.555568218231201], [-1190.982421875, 236.59812927246094, 153.32476806640625, -119.45877075195312, 120.29264068603516, -9.020822525024414, 261.9742431640625, -13.879816055297852, -26.624290466308594, -15.165863037109375, -34.297183990478516, 32.296775817871094, -22.25984001159668], [327.7137451171875, -91.91718292236328, -47.0990104675293, -58.08308029174805, -57.3585090637207, 30.993305206298828, -13.879816055297852, 123.44047546386719, 1.071163296699524, -9.806440353393555, 20.3405704498291, -26.34926414489746, -25.286806106567383], [-154.36167907714844, 104.454833984375, 3.008138656616211, -34.291015625, 32.510013580322266, -62.45989990234375, -26.624290466308594, 1.071163296699524, 97.3087387084961, 57.31397247314453, -9.354063034057617, -10.021889686584473, 1.3871599435806274], [-563.52734375, 94.83048248291016, 70.99523162841797, -142.4143524169922, 28.923667907714844, -89.43681335449219, -15.165863037109375, -9.806440353393555, 57.31397247314453, 128.80984497070312, -10.810667037963867, 18.912885665893555, -18.52789878845215], [475.6609802246094, 3.4802207946777344, -64.59454345703125, -2.2590441703796387, -64.78845977783203, 31.249378204345703, -34.297183990478516, 20.3405704498291, -9.354063034057617, -10.810667037963867, 90.21955871582031, 1.9988653659820557, -3.0425121784210205], [-935.6638793945312, 180.3502960205078, 209.88197326660156, -126.94966125488281, 74.06494903564453, -96.1893081665039, 32.296775817871094, -26.34926414489746, -10.021889686584473, 18.912885665893555, 1.9988653659820557, 123.84107971191406, 24.35400390625], [76.05132293701172, -43.03252029418945, -5.4144110679626465, 93.50023651123047, 7.933069705963135, 3.555568218231201, -22.25984001159668, -25.286806106567383, 1.3871599435806274, -18.52789878845215, -3.0425121784210205, 24.35400390625, 61.23027420043945]], "lowlevel.gfcc.icov": [[0.0005439275410026312, -0.0016805162886157632, 0.0007182928384281695, -0.0021960102021694183, 0.0014941372210159898, -0.002075366908684373, 0.001990781631320715, -0.002084422390908003, 0.0013668928295373917, -0.001254012226127088, 0.0007101231603883207, -0.00030469155171886086, 0.0010961273219436407], [-0.0016805162886157632, 0.008512458764016628, -0.0025757362600415945, 0.0096832774579525, -0.00573385925963521, 0.009553056210279465, -0.007757263258099556, 0.009844949468970299, -0.007258964702486992, 0.007858465425670147, -0.005705575924366713, 0.0033727511763572693, -0.004593371879309416], [0.0007182928384281695, -0.0025757362600415945, 0.003787779249250889, -0.002339655067771673, 0.00025964080123230815, -0.003340822411701083, 0.0030094843823462725, -0.0031176547054201365, 0.0025559791829437017, -0.0019733693916350603, 0.002340923761948943, -0.0037885934580117464, 0.0021403629798442125], [-0.0021960102021694183, 0.0096832774579525, -0.002339655067771673, 0.014636805281043053, -0.0062111797742545605, 0.009128221310675144, -0.008904644288122654, 0.013467185199260712, -0.009357339702546597, 0.010453719645738602, -0.004241763614118099, 0.0037004107143729925, -0.008732988499104977], [0.0014941372210159898, -0.00573385925963521, 0.00025964080123230815, -0.0062111797742545605, 0.009741956368088722, -0.006706495303660631, 0.004846170078963041, -0.005060300230979919, 0.0025392300449311733, -0.003384549869224429, 0.004594523459672928, -0.00022144493414089084, 0.001656011096201837], [-0.002075366908684373, 0.009553056210279465, -0.003340822411701083, 0.009128221310675144, -0.006706495303660631, 0.018590403720736504, -0.010278720408678055, 0.009381677024066448, -0.004012639168649912, 0.008736180141568184, -0.008620459586381912, 0.008209303952753544, -0.005974942352622747], [0.001990781631320715, -0.007757263258099556, 0.0030094843823462725, -0.008904644288122654, 0.004846170078963041, -0.010278720408678055, 0.013405568897724152, -0.00865920353680849, 0.006933941040188074, -0.0052355933003127575, 0.006264043971896172, -0.004325501620769501, 0.007496085483580828], [-0.002084422390908003, 0.009844949468970299, -0.0031176547054201365, 0.013467185199260712, -0.005060300230979919, 0.009381677024066448, -0.00865920353680849, 0.0228473749011755, -0.011052882298827171, 0.011865303851664066, -0.00654220674186945, 0.004462932702153921, -0.0031935470178723335], [0.0013668928295373917, -0.007258964702486992, 0.0025559791829437017, -0.009357339702546597, 0.0025392300449311733, -0.004012639168649912, 0.006933941040188074, -0.011052882298827171, 0.02490607276558876, -0.014993629418313503, 0.0037296989466995, 0.002489400329068303, -0.00033025594893842936], [-0.001254012226127088, 0.007858465425670147, -0.0019733693916350603, 0.010453719645738602, -0.003384549869224429, 0.008736180141568184, -0.0052355933003127575, 0.011865303851664066, -0.014993629418313503, 0.02247427962720394, -0.0038408737163990736, 0.0011894614435732365, 0.0003471254894975573], [0.0007101231603883207, -0.005705575924366713, 0.002340923761948943, -0.004241763614118099, 0.004594523459672928, -0.008620459586381912, 0.006264043971896172, -0.00654220674186945, 0.0037296989466995, -0.0038408737163990736, 0.01949138566851616, -0.007303447928279638, 0.0038998774252831936], [-0.00030469155171886086, 0.0033727511763572693, -0.0037885934580117464, 0.0037004107143729925, -0.00022144493414089084, 0.008209303952753544, -0.004325501620769501, 0.004462932702153921, 0.002489400329068303, 0.0011894614435732365, -0.007303447928279638, 0.02222033217549324, -0.01231164950877428], [0.0010961273219436407, -0.004593371879309416, 0.0021403629798442125, -0.008732988499104977, 0.001656011096201837, -0.005974942352622747, 0.007496085483580828, -0.0031935470178723335, -0.00033025594893842936, 0.0003471254894975573, 0.0038998774252831936, -0.01231164950877428, 0.03200877457857132]], "lowlevel.mfcc.cov": [[19084.990234375, -3885.864013671875, -2101.90380859375, 464.4123229980469, -223.9789581298828, 20.19611358642578, -347.2579345703125, 362.028564453125, -681.0864868164062, 801.50830078125, -873.447265625, 770.0946655273438, -947.263671875], [-3885.864013671875, 1970.30029296875, 518.565673828125, -262.5527038574219, 48.518821716308594, -173.85227966308594, 46.31520080566406, -108.80302429199219, 60.579505920410156, -132.49415588378906, 228.06845092773438, -101.43804931640625, 245.70541381835938], [-2101.90380859375, 518.565673828125, 643.31298828125, -94.97616577148438, 81.17241668701172, -46.439762115478516, 71.77867889404297, -58.29886245727539, 85.87397003173828, -174.40306091308594, 95.60599517822266, -94.32905578613281, 176.79457092285156], [464.4123229980469, -262.5527038574219, -94.97616577148438, 351.8224792480469, 41.36213302612305, 155.54319763183594, -69.74313354492188, 50.043643951416016, 9.059548377990723, 0.8206194043159485, -90.29414367675781, -17.21554946899414, -35.67875289916992], [-223.9789581298828, 48.518821716308594, 81.17241668701172, 41.36213302612305, 240.63336181640625, 12.456656455993652, -12.117592811584473, -28.88772964477539, 29.51076889038086, -16.41870880126953, -39.13677215576172, -10.790711402893066, 24.971220016479492], [20.19611358642578, -173.85227966308594, -46.439762115478516, 155.54319763183594, 12.456656455993652, 262.0882568359375, 23.956350326538086, 55.53143310546875, 10.453248977661133, 10.396693229675293, -33.3381233215332, -21.76341438293457, -49.1784782409668], [-347.2579345703125, 46.31520080566406, 71.77867889404297, -69.74313354492188, -12.117592811584473, 23.956350326538086, 203.77493286132812, 79.0406494140625, 25.04887580871582, -34.544498443603516, 36.220035552978516, -19.82665252685547, -0.48362839221954346], [362.028564453125, -108.80302429199219, -58.29886245727539, 50.043643951416016, -28.88772964477539, 55.53143310546875, 79.0406494140625, 169.46917724609375, -20.47637939453125, 11.924482345581055, -62.830352783203125, 22.006181716918945, -44.600093841552734], [-681.0864868164062, 60.579505920410156, 85.87397003173828, 9.059548377990723, 29.51076889038086, 10.453248977661133, 25.04887580871582, -20.47637939453125, 134.8324432373047, -21.956119537353516, 53.069698333740234, -50.72711181640625, 38.472023010253906], [801.50830078125, -132.49415588378906, -174.40306091308594, 0.8206194043159485, -16.41870880126953, 10.396693229675293, -34.544498443603516, 11.924482345581055, -21.956119537353516, 144.7599639892578, -28.492172241210938, 52.51866149902344, -82.5925064086914], [-873.447265625, 228.06845092773438, 95.60599517822266, -90.29414367675781, -39.13677215576172, -33.3381233215332, 36.220035552978516, -62.830352783203125, 53.069698333740234, -28.492172241210938, 156.23934936523438, -43.431026458740234, 58.65055847167969], [770.0946655273438, -101.43804931640625, -94.32905578613281, -17.21554946899414, -10.790711402893066, -21.76341438293457, -19.82665252685547, 22.006181716918945, -50.72711181640625, 52.51866149902344, -43.431026458740234, 125.72688293457031, -49.86518859863281], [-947.263671875, 245.70541381835938, 176.79457092285156, -35.67875289916992, 24.971220016479492, -49.1784782409668, -0.48362839221954346, -44.600093841552734, 38.472023010253906, -82.5925064086914, 58.65055847167969, -49.86518859863281, 127.37305450439453]], "lowlevel.mfcc.icov": [[0.00016961601795628667, 0.00020880854572169483, 0.00012532279652077705, -9.615967428544536e-05, 2.0246312487870455e-05, 0.00024501513689756393, -4.447791070560925e-05, 4.669945337809622e-05, 0.0003479243314359337, -0.0002668442321009934, 0.0002483766002114862, -0.0003260460216552019, 0.0002444251731503755], [0.00020880854572169483, 0.0010766068007797003, -0.000242721289396286, 0.0001398486056132242, -0.00020332762505859137, 0.000426268030423671, 0.0001534443290438503, -0.00030265076202340424, 0.0008345269015990198, -0.0006855451501905918, -0.0005465095164254308, -0.00023835136380512267, -0.000587036251090467], [0.00012532279652077705, -0.000242721289396286, 0.0034287956077605486, 0.0005175222177058458, -0.0005412299069575965, -0.00023627508198842406, -0.0006708740838803351, 0.0004369054513517767, -0.0005985494935885072, 0.0019539818167686462, 0.0006458350690081716, -0.0002097439719364047, -0.001980363857001066], [-9.615967428544536e-05, 0.0001398486056132242, 0.0005175222177058458, 0.005830427166074514, -0.0005984875606372952, -0.0029332193080335855, 0.0029476266354322433, -0.0017879043007269502, -0.0014694732381030917, 0.0016696300590410829, 0.0013939369237050414, 0.0011540810810402036, -0.00036364432889968157], [2.0246312487870455e-05, -0.00020332762505859137, -0.0005412299069575965, -0.0005984875606372952, 0.00553409568965435, -0.00022546220861840993, -0.001103617250919342, 0.0023153633810579777, -0.001416025566868484, -0.000756425375584513, 0.0035691617522388697, -0.0003750129253603518, -0.0010921456851065159], [0.00024501513689756393, 0.000426268030423671, -0.00023627508198842406, -0.0029332193080335855, -0.00022546220861840993, 0.006522721610963345, -0.0011692929547280073, -0.000549998483620584, 0.0006814831285737455, -0.0006330118048936129, -0.0006232999730855227, 0.0007319817668758333, 0.0028290555346757174], [-4.447791070560925e-05, 0.0001534443290438503, -0.0006708740838803351, 0.0029476266354322433, -0.001103617250919342, -0.0011692929547280073, 0.010005819611251354, -0.006443750113248825, -0.0011244956403970718, 0.002895595273002982, -0.0037466655485332012, 0.0009309520246461034, 0.002983552636578679], [4.669945337809622e-05, -0.00030265076202340424, 0.0004369054513517767, -0.0017879043007269502, 0.0023153633810579777, -0.000549998483620584, -0.006443750113248825, 0.012181243859231472, -3.690068842843175e-05, -0.0008107890607789159, 0.005892782937735319, -0.0012607487151399255, -0.000323132291669026], [0.0003479243314359337, 0.0008345269015990198, -0.0005985494935885072, -0.0014694732381030917, -0.001416025566868484, 0.0006814831285737455, -0.0011244956403970718, -3.690068842843175e-05, 0.011604409664869308, -0.002465715864673257, -0.0032170582562685013, 0.0019451426342129707, -0.000940649420954287], [-0.0002668442321009934, -0.0006855451501905918, 0.0019539818167686462, 0.0016696300590410829, -0.000756425375584513, -0.0006330118048936129, 0.002895595273002982, -0.0008107890607789159, -0.002465715864673257, 0.01484497357159853, -0.0016782029997557402, -0.0017225134652107954, 0.007193541619926691], [0.0002483766002114862, -0.0005465095164254308, 0.0006458350690081716, 0.0013939369237050414, 0.0035691617522388697, -0.0006232999730855227, -0.0037466655485332012, 0.005892782937735319, -0.0032170582562685013, -0.0016782029997557402, 0.01522249449044466, 0.0006089287926442921, -0.0033833219204097986], [-0.0003260460216552019, -0.00023835136380512267, -0.0002097439719364047, 0.0011540810810402036, -0.0003750129253603518, 0.0007319817668758333, 0.0009309520246461034, -0.0012607487151399255, 0.0019451426342129707, -0.0017225134652107954, 0.0006089287926442921, 0.01252536941319704, 0.0014863351825624704], [0.0002444251731503755, -0.000587036251090467, -0.001980363857001066, -0.00036364432889968157, -0.0010921456851065159, 0.0028290555346757174, 0.002983552636578679, -0.000323132291669026, -0.000940649420954287, 0.007193541619926691, -0.0033833219204097986, 0.0014863351825624704, 0.021741017699241638]], "metadata.audio_properties.analysis.downmix": "mix", "metadata.audio_properties.codec": "mp3", "metadata.audio_properties.md5_encoded": "5aee77741f8b169d508f837b1f87931d", "metadata.tags.file_name": "1182273022871220294.mp3", "metadata.version.essentia": "2.1-beta6-dev", "metadata.version.essentia_git_sha": "v2.1_beta5-1110-g77a6a954", "me