{"song_id": "1182266004634599434", "download": "https://cdn.discordapp.com/attachments/1135903449314238464/1182266004634599434/chirp.mp4?ex=65841204&amp", "lyrics": "Brush your teeth up and down\n\nClean along gaps with care\nCavities go buzz buzz away\n\nTooth by tooth ding ding hooray\n\nChorus:\nHappily sing tra la la\nBrush diligently everyday\nFight tooth decay\nSmile bright, hip hip hooray\n\nVerse 2:\nCircle round those whites\n\nShoo away tiny bugs\n\nTooth by tooth make bright\nRinse and gargle after right\n\nChorus:\n\nHappily sing tra la la\nBrush diligently everyday\nFight tooth decay\nSmile bright, hip hip hooray", "style": ["happy song for kids"], "essentia_features": {"lowlevel.average_loudness": 0.9518711566925049, "lowlevel.barkbands_crest.mean": 12.526689529418945, "lowlevel.barkbands_crest.stdev": 4.700232982635498, "lowlevel.barkbands_flatness_db.mean": 0.24493856728076935, "lowlevel.barkbands_flatness_db.stdev": 0.08102887868881226, "lowlevel.barkbands_kurtosis.mean": 3.6735470294952393, "lowlevel.barkbands_kurtosis.stdev": 8.243719100952148, "lowlevel.barkbands_skewness.mean": 0.7960571646690369, "lowlevel.barkbands_skewness.stdev": 1.3653308153152466, "lowlevel.barkbands_spread.mean": 13.933340072631836, "lowlevel.barkbands_spread.stdev": 11.693633079528809, "lowlevel.dissonance.mean": 0.40853798389434814, "lowlevel.dissonance.stdev": 0.05930531769990921, "lowlevel.dynamic_complexity": 4.81700325012207, "lowlevel.erbbands_crest.mean": 16.18943977355957, "lowlevel.erbbands_crest.stdev": 6.473588466644287, "lowlevel.erbbands_flatness_db.mean": 0.28839752078056335, "lowlevel.erbbands_flatness_db.stdev": 0.08132459968328476, "lowlevel.erbbands_kurtosis.mean": 4.448869705200195, "lowlevel.erbbands_kurtosis.stdev": 8.527976036071777, "lowlevel.erbbands_skewness.mean": 0.35373955965042114, "lowlevel.erbbands_skewness.stdev": 1.3842133283615112, "lowlevel.erbbands_spread.mean": 18.952518463134766, "lowlevel.erbbands_spread.stdev": 14.836719512939453, "lowlevel.hfc.mean": 14.417860984802246, "lowlevel.hfc.stdev": 20.21158218383789, "lowlevel.loudness_ebu128.integrated": -24.540102005004883, "lowlevel.loudness_ebu128.loudness_range": 1.909891128540039, "lowlevel.loudness_ebu128.momentary.mean": -25.6480712890625, "lowlevel.loudness_ebu128.momentary.stdev": 3.4790494441986084, "lowlevel.loudness_ebu128.short_term.mean": -24.662477493286133, "lowlevel.loudness_ebu128.short_term.stdev": 0.633154034614563, "lowlevel.melbands_crest.mean": 15.835427284240723, "lowlevel.melbands_crest.stdev": 5.724523544311523, "lowlevel.melbands_flatness_db.mean": 0.2741430103778839, "lowlevel.melbands_flatness_db.stdev": 0.0891944020986557, "lowlevel.melbands_kurtosis.mean": 5.811058521270752, "lowlevel.melbands_kurtosis.stdev": 10.590325355529785, "lowlevel.melbands_skewness.mean": 1.2628092765808105, "lowlevel.melbands_skewness.stdev": 1.4555425643920898, "lowlevel.melbands_spread.mean": 21.89991569519043, "lowlevel.melbands_spread.stdev": 21.706058502197266, "lowlevel.pitch_salience.mean": 0.465808629989624, "lowlevel.pitch_salience.stdev": 0.12797117233276367, "lowlevel.silence_rate_20dB.mean": 1.0, "lowlevel.silence_rate_20dB.stdev": 0.0, "lowlevel.silence_rate_30dB.mean": 0.9942062497138977, "lowlevel.silence_rate_30dB.stdev": 0.07589530199766159, "lowlevel.silence_rate_60dB.mean": 0.2560834288597107, "lowlevel.silence_rate_60dB.stdev": 0.4364699721336365, "lowlevel.spectral_centroid.mean": 1217.614013671875, "lowlevel.spectral_centroid.stdev": 710.7479858398438, "lowlevel.spectral_complexity.mean": 8.831401824951172, "lowlevel.spectral_complexity.stdev": 6.076664447784424, "lowlevel.spectral_decrease.mean": -3.7292640087116524e-09, "lowlevel.spectral_decrease.stdev": 4.97350693962062e-09, "lowlevel.spectral_energy.mean": 0.015382833778858185, "lowlevel.spectral_energy.stdev": 0.020412977784872055, "lowlevel.spectral_energyband_high.mean": 0.00031515382579527795, "lowlevel.spectral_energyband_high.stdev": 0.0009173000580631196, "lowlevel.spectral_energyband_low.mean": 0.0007709068013355136, "lowlevel.spectral_energyband_low.stdev": 0.0013151057064533234, "lowlevel.spectral_energyband_middle_high.mean": 0.006658756174147129, "lowlevel.spectral_energyband_middle_high.stdev": 0.014437314122915268, "lowlevel.spectral_energyband_middle_low.mean": 0.008109472692012787, "lowlevel.spectral_energyband_middle_low.stdev": 0.01211716327816248, "lowlevel.spectral_entropy.mean": 6.693549633026123, "lowlevel.spectral_entropy.stdev": 0.8229749202728271, "lowlevel.spectral_flux.mean": 0.05602957680821419, "lowlevel.spectral_flux.stdev": 0.05507879704236984, "lowlevel.spectral_kurtosis.mean": 13.005629539489746, "lowlevel.spectral_kurtosis.stdev": 16.896743774414062, "lowlevel.spectral_rms.mean": 0.0032526052091270685, "lowlevel.spectral_rms.stdev": 0.0021043375600129366, "lowlevel.spectral_rolloff.mean": 1689.8453369140625, "lowlevel.spectral_rolloff.stdev": 1697.034423828125, "lowlevel.spectral_skewness.mean": 2.370237350463867, "lowlevel.spectral_skewness.stdev": 1.3114622831344604, "lowlevel.spectral_spread.mean": 3583799.75, "lowlevel.spectral_spread.stdev": 1849175.0, "lowlevel.spectral_strongpeak.mean": 1.6339298486709595, "lowlevel.spectral_strongpeak.stdev": 1.584922194480896, "lowlevel.zerocrossingrate.mean": 0.059035636484622955, "lowlevel.zerocrossingrate.stdev": 0.04474972188472748, "metadata.audio_properties.analysis.equal_loudness": 0.0, "metadata.audio_properties.analysis.length": 40.04265213012695, "metadata.audio_properties.analysis.sample_rate": 44100.0, "metadata.audio_properties.analysis.start_time": 0.0, "metadata.audio_properties.bit_rate": 116786.0, "metadata.audio_properties.length": 40.042667388916016, "metadata.audio_properties.lossless": 0.0, "metadata.audio_properties.number_channels": 1.0, "metadata.audio_properties.replay_gain": -4.532800674438477, "metadata.audio_properties.sample_rate": 48000.0, "rhythm.beats_count": 107.0, "rhythm.beats_loudness.mean": 0.031514476984739304, "rhythm.beats_loudness.stdev": 0.024583445861935616, "rhythm.bpm": 161.88967895507812, "rhythm.bpm_histogram_first_peak_bpm": 161.0, "rhythm.bpm_histogram_first_peak_weight": 0.23711341619491577, "rhythm.bpm_histogram_second_peak_bpm": 167.0, "rhythm.bpm_histogram_second_peak_spread": 0.0, "rhythm.bpm_histogram_second_peak_weight": 0.056603774428367615, "rhythm.danceability": 1.5726975202560425, "rhythm.onset_rate": 3.9695992469787598, "tonal.chords_changes_rate": 0.07754629850387573, "tonal.chords_number_rate": 0.008101851679384708, "tonal.chords_strength.mean": 0.4592849612236023, "tonal.chords_strength.stdev": 0.08428966999053955, "tonal.hpcp_crest.mean": 20.944833755493164, "tonal.hpcp_crest.stdev": 9.085491180419922, "tonal.hpcp_entropy.mean": 1.1620908975601196, "tonal.hpcp_entropy.stdev": 0.6921681761741638, "tonal.key_edma.strength": 0.8409067988395691, "tonal.key_krumhansl.strength": 0.8510882258415222, "tonal.key_temperley.strength": 0.858033299446106, "tonal.tuning_diatonic_strength": 0.5939184427261353, "tonal.tuning_equal_tempered_deviation": 0.033102475106716156, "tonal.tuning_frequency": 440.2542419433594, "tonal.tuning_nontempered_energy_ratio": 0.6154949069023132, "lowlevel.barkbands.mean": [1.190107923321193e-06, 0.00023219692229758948, 0.00044573689228855073, 0.00016309080820064992, 0.001095019979402423, 0.001936918357387185, 0.001586665865033865, 0.0009855919051915407, 0.001528975204564631, 0.0015718218637630343, 0.002550274832174182, 0.0005564341554418206, 0.0009917118586599827, 0.0005431437748484313, 0.00023376407625619322, 0.00016366405179724097, 0.0001625177392270416, 0.00015210510173346847, 0.00012343084381427616, 0.0001014016306726262, 5.825067637488246e-05, 3.431236109463498e-05, 6.396260141627863e-05, 5.325869278749451e-05, 3.632579682744108e-05, 1.0774209840747062e-05, 3.2531298188587243e-07], "lowlevel.barkbands.stdev": [3.3244677979382686e-06, 0.0006076445570215583, 0.000815304578281939, 0.0004046448157168925, 0.002748367376625538, 0.004636000841856003, 0.004943301435559988, 0.0032493744511157274, 0.0055602556094527245, 0.007279377896338701, 0.008779448457062244, 0.0021921813022345304, 0.002558913314715028, 0.0017836958868429065, 0.000815501029137522, 0.000609397713560611, 0.0004665693559218198, 0.00044459625496529043, 0.00030952724046073854, 0.00021740478405263275, 0.00013322704762686044, 0.00013938963820692152, 0.000319835206028074, 0.00027170300018042326, 0.0001630207698326558, 3.5050372389378026e-05, 1.7580501889824518e-06], "lowlevel.erbbands.mean": [0.001425351481884718, 0.07338517159223557, 0.45212870836257935, 0.5965592861175537, 1.2615464925765991, 4.737040996551514, 6.533323764801025, 19.33740234375, 22.910419464111328, 23.90925407409668, 25.036264419555664, 41.228511810302734, 47.68010711669922, 52.06511306762695, 96.40029907226562, 30.487424850463867, 46.26969528198242, 30.368040084838867, 18.511808395385742, 10.952942848205566, 8.684965133666992, 9.189844131469727, 8.481881141662598, 8.110045433044434, 4.913278102874756, 4.715703964233398, 3.6202685832977295, 1.4105710983276367, 1.1819429397583008, 1.699702501296997, 1.7785207033157349, 1.1495667695999146, 0.8747498393058777, 0.5707029700279236, 0.15988358855247498, 0.05330421030521393, 0.01974027417600155, 0.002768242033198476, 6.536948785651475e-05, 2.0982319256290793e-05], "lowlevel.erbbands.stdev": [0.0036909072659909725, 0.18094995617866516, 0.8499287962913513, 1.1893013715744019, 3.3235902786254883, 13.726896286010742, 14.840596199035645, 50.56374740600586, 58.01523208618164, 97.24756622314453, 70.80709838867188, 149.5992431640625, 162.73399353027344, 251.64865112304688, 306.6123352050781, 92.32347869873047, 113.264892578125, 86.7522201538086, 57.15261459350586, 46.369510650634766, 29.249801635742188, 25.635032653808594, 24.37959861755371, 21.55463409423828, 13.474501609802246, 10.023839950561523, 7.491432189941406, 3.560795307159424, 4.996447563171387, 7.240380764007568, 9.294501304626465, 5.572337627410889, 4.722800254821777, 2.882524013519287, 0.5743715763092041, 0.18507787585258484, 0.0662134662270546, 0.00940009206533432, 0.00019138737116008997, 2.614225013530813e-05], "lowlevel.gfcc.mean": [-124.91861724853516, 90.6448974609375, -157.1498260498047, -14.790874481201172, -81.10009765625, 6.6223578453063965, -35.800025939941406, -5.654809951782227, -36.68685531616211, -5.514148712158203, 0.7374619245529175, -7.397025108337402, -6.803470611572266], "lowlevel.melbands.mean": [3.630888386396691e-05, 0.00019066988897975534, 0.00011488850577734411, 0.00021289984579198062, 0.00023720768513157964, 0.0004227622121106833, 0.00035122042754665017, 0.00024597818264737725, 0.00021584384376183152, 0.0002469861356075853, 0.00023036322090774775, 0.00019283487927168608, 0.0003377326938789338, 0.00011281269689789042, 8.672293915878981e-05, 9.084941848414019e-05, 5.406622585724108e-05, 3.315623689559288e-05, 1.3875379409000743e-05, 1.3374734407989308e-05, 9.671171028458048e-06, 9.075080924958456e-06, 1.0013813152909279e-05, 6.412068614736199e-06, 6.739624950569123e-06, 3.390945266801282e-06, 3.2451184779347386e-06, 3.185383093295968e-06, 2.6133006940654013e-06, 1.4808002788413432e-06, 5.666556717187632e-07, 6.139488277767668e-07, 7.553857130915276e-07, 1.0502636769160745e-06, 1.0561036560829962e-06, 8.747090873839625e-07, 6.500060294456489e-07, 6.217522354745597e-07, 6.133100214356091e-07, 4.395811856738874e-07], "lowlevel.melbands.stdev": [9.634898015065119e-05, 0.0003518554149195552, 0.00021252736041788012, 0.0006006381008774042, 0.0005211312090978026, 0.0010575437918305397, 0.0008876724168658257, 0.0009517776197753847, 0.000605326087679714, 0.0009092677501030266, 0.0008356336620636284, 0.0010696051176637411, 0.001221405458636582, 0.0003147726529277861, 0.00026605292805470526, 0.00026710706879384816, 0.0001783856569090858, 0.00011547571193659678, 5.437024447019212e-05, 5.434999184217304e-05, 3.6817295040236786e-05, 2.8197588108014315e-05, 3.341911360621452e-05, 1.695791979727801e-05, 1.9505196178215556e-05, 9.034221875481308e-06, 9.402383511769585e-06, 6.973116342123831e-06, 5.769249128206866e-06, 3.8984103412076365e-06, 1.6116242704811157e-06, 2.6475604499864858e-06, 3.3644917039055144e-06, 4.764877303387038e-06, 5.7108209148282185e-06, 4.670959242503159e-06, 3.122874204564141e-06, 3.3989163057412952e-06, 3.4535878512542695e-06, 2.130359234797652e-06], "lowlevel.melbands128.mean": [6.187944450175564e-07, 1.1947342954954365e-06, 2.2705064111505635e-05, 0.00015367149899248034, 0.00023010847507975996, 0.00021490883955266327, 0.00012163237988715991, 7.52974592614919e-05, 0.00010236202797386795, 0.00021751486929133534, 0.0003005119797307998, 0.00023903913097456098, 0.00017803901573643088, 0.00026838816120289266, 0.00045289244735613465, 0.0005300515913404524, 0.00039664754876866937, 0.00031723626307211816, 0.00027401268016546965, 0.000313501717755571, 0.00017713620036374778, 0.00020001966913696378, 0.0001907599507831037, 0.0002610331866890192, 0.00034539535408839583, 0.00018501465092413127, 0.00016077033069450408, 0.0003431319782976061, 0.00015188610996119678, 0.0001745048357406631, 0.00016014993889257312, 0.00032026891130954027, 0.00035893748281523585, 0.0004410395340528339, 7.267391629284248e-05, 6.158597534522414e-05, 6.025046968716197e-05, 6.081548417569138e-05, 0.00014194578398019075, 0.00010442257189424708, 9.553746349411085e-05, 2.8639738957281224e-05, 5.839203004143201e-05, 6.807305908296257e-05, 3.74297596863471e-05, 3.438686690060422e-05, 1.7474401829531416e-05, 8.495943802699912e-06, 1.5439440176123753e-05, 1.6824549675220624e-05, 1.3096362636133563e-05, 1.0461522833793424e-05, 8.645555681141559e-06, 1.0474253940628842e-05, 9.0444782472332e-06, 8.249754500866402e-06, 9.022741323860828e-06, 1.230912675964646e-05, 1.033761782309739e-05, 6.066042715247022e-06, 5.683849849447142e-06, 5.225660061114468e-06, 1.1786962204496376e-05, 5.303160833136644e-06, 2.5519250357319834e-06, 3.3746980534488102e-06, 3.945498519897228e-06, 3.2608106721454533e-06, 3.2540935990255093e-06, 3.0354342470673146e-06, 2.6636878374119988e-06, 3.9380429370794445e-06, 3.134243115709978e-06, 2.367903562117135e-06, 1.8298327404409065e-06, 1.8059705553241656e-06, 1.325634229942807e-06, 5.363037871575216e-07, 5.181677238397242e-07, 4.4310871771813254e-07, 5.93062907228159e-07, 7.049164310046763e-07, 6.429130507967784e-07, 7.752432225061057e-07, 8.072275932136108e-07, 9.456791758566396e-07, 1.1898092679984984e-06, 1.1536209285623045e-06, 1.0071123597299447e-06, 1.0041095492852037e-06, 1.084186919797503e-06, 7.69138182477036e-07, 6.73313934385078e-07, 5.705067565031641e-07, 7.085350262059364e-07, 7.246238737934618e-07, 5.583901838690508e-07, 4.879400989921123e-07, 7.442127980539226e-07, 5.989633677927486e-07, 4.946607532474445e-07, 4.5561654360426473e-07, 3.2831530916155316e-07, 1.870833870043498e-07, 1.4916452073521214e-07, 1.3248279628896853e-07, 1.1857036952278577e-07, 9.298663172785382e-08, 9.215376906013262e-08, 7.912849753211049e-08, 6.410851938198903e-08, 6.751000114491035e-08, 6.341554836808427e-08, 6.450919443068415e-08, 4.712498125059028e-08, 2.913090924039352e-08, 1.3427517764341701e-08, 7.380189237515822e-10, 3.247641522027833e-12, 3.161181602942542e-12, 3.1955349824586143e-12, 2.8095746215650585e-12, 2.6905632669743662e-12, 2.62360575972731e-12, 2.4299744074557372e-12, 2.11599162670828e-12, 1.9445484718966233e-12, 1.9121648708875227e-12], "lowlevel.melbands128.stdev": [1.7414939748050529e-06, 3.4332995255681453e-06, 7.546585402451456e-05, 0.0003999297332484275, 0.0005095066735520959, 0.00041672331281006336, 0.0002820374502334744, 0.0002394663606537506, 0.00032155803637579083, 0.0007857362506911159, 0.0009773027850314975, 0.0007837233715690672, 0.0005502513376995921, 0.0008610333316028118, 0.0015381518751382828, 0.0016072794096544385, 0.0012889100471511483, 0.0011135872919112444, 0.0012868804624304175, 0.0016856874572113156, 0.0007798445294611156, 0.0008413635659962893, 0.0006919301231391728, 0.0011205868795514107, 0.0015417644754052162, 0.0011267203371971846, 0.0006536701112054288, 0.0013999455841258168, 0.000946068437770009, 0.001874340232461691, 0.0010478352196514606, 0.0018254113383591175, 0.0019586465787142515, 0.001268990570679307, 0.0003382758586667478, 0.00034305089502595365, 0.0003189191047567874, 0.0003536889562383294, 0.0004850050900131464, 0.00032879685750231147, 0.0004163650155533105, 0.00013775720435660332, 0.00027015103842131793, 0.0002720917691476643, 0.00022223246924113482, 0.00015761429676786065, 6.911062519066036e-05, 4.174835703452118e-05, 9.991605475079268e-05, 0.00010750614455901086, 6.436624971684068e-05, 4.618048114934936e-05, 4.731360968435183e-05, 6.124276842456311e-05, 4.070195427630097e-05, 3.699912122101523e-05, 3.3988122595474124e-05, 4.616298247128725e-05, 5.170308577362448e-05, 2.103325277857948e-05, 2.2833568436908536e-05, 1.7910817405208945e-05, 4.215161607135087e-05, 1.7815758837969042e-05, 7.735836334177293e-06, 9.535292520013172e-06, 1.5988571249181405e-05, 1.6252257410087623e-05, 9.658513590693474e-06, 8.012638318177778e-06, 7.575715699204011e-06, 1.0051366189145483e-05, 8.064109351835214e-06, 6.803627456974937e-06, 5.874801900063176e-06, 5.315715952747269e-06, 4.4404823711374775e-06, 1.7621240431253682e-06, 1.5703831195423845e-06, 1.5482902426811052e-06, 2.670745061550406e-06, 3.544575747582712e-06, 3.669157877084217e-06, 3.926670615328476e-06, 3.4081886042258702e-06, 3.951596227125265e-06, 6.2299104683916084e-06, 7.02045463185641e-06, 5.500138286151923e-06, 5.696676453226246e-06, 6.404844043572666e-06, 4.365420863905456e-06, 3.4112636058125645e-06, 3.0485750812658807e-06, 3.5402235880610533e-06, 3.798403213295387e-06, 3.805801497946959e-06, 2.6936918402498122e-06, 4.452833309187554e-06, 3.5804830531560583e-06, 2.582426759545342e-06, 2.180354385927785e-06, 1.7196766748384107e-06, 7.108756676643679e-07, 5.723862273043778e-07, 5.397619133873377e-07, 4.992976414541772e-07, 3.4011091543106886e-07, 3.849970369174116e-07, 2.934759493200545e-07, 2.5258253799620434e-07, 2.4903283701860346e-07, 2.256431201885789e-07, 2.466475450546568e-07, 1.6699758020877198e-07, 1.1467000149423257e-07, 6.889779768926019e-08, 3.896336142616974e-09, 1.0395119660888685e-11, 1.0741927312929445e-11, 1.2172702082424713e-11, 5.7443984464999875e-12, 4.59348097753276e-12, 4.5107259941112865e-12, 4.4401123402981746e-12, 4.3909845377776424e-12, 4.3529841189937635e-12, 4.329144247944283e-12], "lowlevel.mfcc.mean": [-766.8864135742188, 126.98587799072266, -24.986848831176758, -19.827056884765625, -23.258071899414062, -10.274256706237793, 5.207277297973633, -9.999454498291016, -23.08469581604004, -7.398037910461426, -12.896891593933105, 2.809305191040039, -1.606642484664917], "lowlevel.spectral_contrast_coeffs.mean": [-0.6188332438468933, -0.6588260531425476, -0.6484553813934326, -0.7275760769844055, -0.7802734375, -0.7832081913948059], "lowlevel.spectral_contrast_coeffs.stdev": [0.1219840943813324, 0.09894374758005142, 0.07285555452108383, 0.08004973083734512, 0.0574786402285099, 0.04650109261274338], "lowlevel.spectral_contrast_valleys.mean": [-9.405633926391602, -8.081995964050293, -8.53406047821045, -9.011876106262207, -8.989641189575195, -11.873835563659668], "lowlevel.spectral_contrast_valleys.stdev": [1.5066087245941162, 1.2018901109695435, 1.1080249547958374, 1.227396845817566, 1.3847938776016235, 1.55197012424469], "rhythm.beats_loudness_band_ratio.mean": [0.04175962507724762, 0.18333052098751068, 0.35973772406578064, 0.3561278283596039, 0.07826617360115051, 0.045783933252096176], "rhythm.beats_loudness_band_ratio.stdev": [0.06254465132951736, 0.188245490193367, 0.2661775052547455, 0.25182798504829407, 0.07690928876399994, 0.07173140347003937], "tonal.hpcp.mean": [0.12316044420003891, 0.0730409249663353, 0.0471770204603672, 0.0650072917342186, 0.05843966826796532, 0.08093622326850891, 0.10137074440717697, 0.05880524963140488, 0.2174190729856491, 0.35560786724090576, 0.16993911564350128, 0.029155077412724495, 0.028454633429646492, 0.034679483622312546, 0.08965452760457993, 0.12413455545902252, 0.06551110744476318, 0.023501070216298103, 0.02726818062365055, 0.03666629642248154, 0.11131495982408524, 0.15989266335964203, 0.0977390855550766, 0.09700459986925125, 0.12134163826704025, 0.07037195563316345, 0.03592098504304886, 0.0372532457113266, 0.0513608455657959, 0.20320960879325867, 0.3106418251991272, 0.15559664368629456, 0.035951364785432816, 0.05551408976316452, 0.05845757946372032, 0.090746209025383], "tonal.hpcp.stdev": [0.2805377244949341, 0.17846378684043884, 0.15473011136054993, 0.1857285499572754, 0.17363329231739044, 0.20025795698165894, 0.2443293035030365, 0.1508205384016037, 0.24306407570838928, 0.3847988247871399, 0.20316092669963837, 0.12681962549686432, 0.12498388439416885, 0.14065317809581757, 0.20301291346549988, 0.26388299465179443, 0.14778263866901398, 0.10656579583883286, 0.11727148294448853, 0.13767990469932556, 0.2173292189836502, 0.29417192935943604, 0.20211806893348694, 0.2152223438024521, 0.27184537053108215, 0.17725056409835815, 0.13318410515785217, 0.13375376164913177, 0.1635044813156128, 0.2756931185722351, 0.3934755027294159, 0.21583598852157593, 0.12931708991527557, 0.1887097805738449, 0.18520735204219818, 0.19994749128818512], "rhythm.beats_position": [0.3599092960357666, 0.743038535118103, 1.1145577430725098, 1.4976871013641357, 1.8808163404464722, 2.2639455795288086, 2.6470746994018555, 3.0185940265655518, 3.390113353729248, 3.7616326808929443, 4.133152008056641, 4.504671096801758, 4.876190185546875, 5.24770975112915, 5.619228839874268, 5.990748405456543, 6.36226749420166, 6.745396614074707, 7.128525733947754, 7.500045299530029, 7.8715643882751465, 8.243083953857422, 8.60299301147461, 8.986122131347656, 9.357641220092773, 9.729161262512207, 10.100680351257324, 10.472199440002441, 10.843718528747559, 11.215237617492676, 11.598366737365723, 11.981496810913086, 12.353015899658203, 12.72453498840332, 13.096054077148438, 13.479183197021484, 13.862312316894531, 14.245442390441895, 14.628571510314941, 15.000090599060059, 15.371609687805176, 15.719908714294434, 16.091428756713867, 16.462947845458984, 16.8344669342041, 17.21759605407715, 17.589115142822266, 17.972244262695312, 18.34376335144043, 18.703672409057617, 19.063581466674805, 19.435102462768555, 19.8182315826416, 20.20136070251465, 20.572879791259766, 20.944398880004883, 21.31591796875, 21.687437057495117, 22.058956146240234, 22.43047523498535, 22.80199432373047, 23.173513412475586, 23.545034408569336, 23.916553497314453, 24.28807258605957, 24.659591674804688, 25.031110763549805, 25.402629852294922, 25.77414894104004, 26.145668029785156, 26.517187118530273, 26.88870620727539, 27.26022720336914, 27.631746292114258, 28.003265380859375, 28.374784469604492, 28.74630355834961, 29.117822647094727, 29.489341735839844, 29.86086082458496, 30.232379913330078, 30.603899002075195, 30.963808059692383, 31.346939086914062, 31.71845817565918, 32.0899772644043, 32.46149444580078, 32.83301544189453, 33.20453643798828, 33.576053619384766, 33.947574615478516, 34.33070373535156, 34.71383285522461, 35.10857009887695, 35.4800910949707, 35.85160827636719, 36.22312927246094, 36.57142639160156, 36.94294738769531, 37.3144645690918, 37.68598556518555, 38.069114685058594, 38.45224380493164, 38.82376480102539, 39.195281982421875, 39.55519104003906, 39.91510009765625], "rhythm.bpm_histogram": [0.0, 0.0, 0.0, 0.0, 0.0, 0.0, 0.0, 0.0, 0.0, 0.0, 0.0, 0.0, 0.0, 0.0, 0.0, 0.0, 0.0, 0.0, 0.0, 0.0, 0.0, 0.0, 0.0, 0.0, 0.0, 0.0, 0.0, 0.0, 0.0, 0.0, 0.0, 0.0, 0.0, 0.0, 0.0, 0.0, 0.0, 0.0, 0.0, 0.0, 0.0, 0.0, 0.0, 0.0, 0.0, 0.0, 0.0, 0.0, 0.0, 0.0, 0.0, 0.0, 0.0, 0.0, 0.0, 0.0, 0.0, 0.0, 0.0, 0.0, 0.0, 0.0, 0.0, 0.0, 0.0, 0.0, 0.0, 0.0, 0.0, 0.0, 0.0, 0.0, 0.0, 0.0, 0.0, 0.0, 0.0, 0.0, 0.0, 0.0, 0.0, 0.0, 0.0, 0.0, 0.0, 0.0, 0.0, 0.0, 0.0, 0.0, 0.0, 0.0, 0.0, 0.0, 0.0, 0.0, 0.0, 0.0, 0.0, 0.0, 0.0, 0.0, 0.0, 0.0, 0.0, 0.0, 0.0, 0.0, 0.0, 0.0, 0.0, 0.0, 0.0, 0.0, 0.0, 0.0, 0.0, 0.0, 0.0, 0.0, 0.0, 0.0, 0.0, 0.0, 0.0, 0.0, 0.0, 0.0, 0.0, 0.0, 0.0, 0.0, 0.0, 0.0, 0.0, 0.0, 0.0, 0.0, 0.0, 0.0, 0.0, 0.0, 0.0, 0.0, 0.0, 0.0, 0.0, 0.0, 0.0, 0.0, 0.0, 0.0, 0.009433962404727936, 0.0, 0.0, 0.0, 0.0, 0.21698112785816193, 0.0, 0.0, 0.0, 0.698113203048706, 0.0, 0.0, 0.0, 0.0, 0.0, 0.056603774428367615, 0.0, 0.0, 0.0, 0.0, 0.01886792480945587, 0.0, 0.0, 0.0, 0.0, 0.0, 0.0, 0.0, 0.0, 0.0, 0.0, 0.0, 0.0, 0.0, 0.0, 0.0, 0.0, 0.0, 0.0, 0.0, 0.0, 0.0, 0.0, 0.0, 0.0, 0.0, 0.0, 0.0, 0.0, 0.0, 0.0, 0.0, 0.0, 0.0, 0.0, 0.0, 0.0, 0.0, 0.0, 0.0, 0.0, 0.0, 0.0, 0.0, 0.0, 0.0, 0.0, 0.0, 0.0, 0.0, 0.0, 0.0, 0.0, 0.0, 0.0, 0.0, 0.0, 0.0, 0.0, 0.0, 0.0, 0.0, 0.0, 0.0, 0.0, 0.0, 0.0, 0.0, 0.0, 0.0, 0.0, 0.0, 0.0, 0.0, 0.0, 0.0, 0.0, 0.0], "tonal.chords_histogram": [49.76852035522461, 1.5046296119689941, 8.68055534362793, 0.0, 0.3472222089767456, 0.0, 0.0, 0.0, 0.0, 0.0, 0.11574073880910873, 0.0, 0.0, 0.11574073880910873, 0.0, 2.314814805984497, 0.0, 4.861111164093018, 0.0, 0.9259259104728699, 0.0, 0.11574073880910873, 19.560184478759766, 11.689814567565918], "tonal.thpcp": [1.0, 0.4778834581375122, 0.08198659121990204, 0.08001688122749329, 0.09752169996500015, 0.25211626291275024, 0.3490770757198334, 0.18422289192676544, 0.0660870373249054, 0.07668047398328781, 0.10310878604650497, 0.3130272626876831, 0.4496319591999054, 0.2748507261276245, 0.2727853059768677, 0.3412231504917145, 0.19789201021194458, 0.10101290792226791, 0.1047593429684639, 0.14443112909793854, 0.5714429616928101, 0.873551607131958, 0.4375511705875397, 0.10109833627939224, 0.15611040592193604, 0.1643877625465393, 0.25518617033958435, 0.34633779525756836, 0.20539738237857819, 0.13266585767269135, 0.1828061193227768, 0.1643373817205429, 0.227599635720253, 0.2850632667541504, 0.16536542773246765, 0.6114012002944946], "lowlevel.gfcc.cov": [[12304.2060546875, -1337.1475830078125, 890.16650390625, 1476.6346435546875, -151.50244140625, -267.8224182128906, -695.495361328125, 959.6380615234375, -76.64617919921875, 212.77627563476562, -873.2260131835938, 6.803427696228027, -367.1253356933594], [-1337.1475830078125, 4095.77734375, 385.2889709472656, -72.48854064941406, 832.2147827148438, -120.4599838256836, 469.3953857421875, -392.43414306640625, 204.0791473388672, -468.3578186035156, 237.76670837402344, -550.6546630859375, 67.21076202392578], [890.16650390625, 385.2889709472656, 1680.7969970703125, 630.10498046875, 255.22239685058594, 399.034423828125, 58.82135772705078, 152.99476623535156, -95.68983459472656, 29.59521484375, -293.8448791503906, 154.53895568847656, -368.47259521484375], [1476.6346435546875, -72.48854064941406, 630.10498046875, 909.263427734375, 163.77291870117188, 104.16983795166016, 34.45320510864258, 282.5093078613281, -32.10212326049805, -74.52851104736328, -174.31048583984375, 88.71342468261719, -156.4159393310547], [-151.50244140625, 832.2147827148438, 255.22239685058594, 163.77291870117188, 685.7671508789062, 373.57659912109375, 278.96954345703125, 3.06356143951416, 27.53725242614746, -104.54700469970703, -61.528228759765625, -125.2979507446289, -118.20989227294922], [-267.8224182128906, -120.4599838256836, 399.034423828125, 104.16983795166016, 373.57659912109375, 797.3197021484375, 384.8455505371094, 45.37812042236328, 3.657604455947876, 45.82246780395508, -127.03036499023438, -18.938880920410156, -148.08111572265625], [-695.495361328125, 469.3953857421875, 58.82135772705078, 34.45320510864258, 278.96954345703125, 384.8455505371094, 545.0265502929688, 43.90549087524414, 94.27621459960938, -31.129648208618164, 37.53981018066406, -86.97103118896484, -34.31919479370117], [959.6380615234375, -392.43414306640625, 152.99476623535156, 282.5093078613281, 3.06356143951416, 45.37812042236328, 43.90549087524414, 395.60760498046875, 91.40575408935547, 36.78633499145508, -127.42730712890625, 85.4931869506836, -67.98970794677734], [-76.64617919921875, 204.0791473388672, -95.68983459472656, -32.10212326049805, 27.53725242614746, 3.657604455947876, 94.27621459960938, 91.40575408935547, 321.77734375, 54.17407989501953, 29.488428115844727, -8.029984474182129, 64.8214111328125], [212.77627563476562, -468.3578186035156, 29.59521484375, -74.52851104736328, -104.54700469970703, 45.82246780395508, -31.129648208618164, 36.78633499145508, 54.17407989501953, 323.003662109375, 37.96902084350586, 65.78134155273438, -6.946504592895508], [-873.2260131835938, 237.76670837402344, -293.8448791503906, -174.31048583984375, -61.528228759765625, -127.03036499023438, 37.53981018066406, -127.42730712890625, 29.488428115844727, 37.96902084350586, 283.946044921875, -5.9526896476745605, 103.98921203613281], [6.803427696228027, -550.6546630859375, 154.53895568847656, 88.71342468261719, -125.2979507446289, -18.938880920410156, -86.97103118896484, 85.4931869506836, -8.029984474182129, 65.78134155273438, -5.9526896476745605, 268.3188171386719, -15.870293617248535], [-367.1253356933594, 67.21076202392578, -368.47259521484375, -156.4159393310547, -118.20989227294922, -148.08111572265625, -34.31919479370117, -67.98970794677734, 64.8214111328125, -6.946504592895508, 103.98921203613281, -15.870293617248535, 275.63189697265625]], "lowlevel.gfcc.icov": [[0.0001625525183044374, -6.784391007386148e-05, 0.00010209361062152311, -0.00023193327069748193, 7.929901767056435e-05, -1.5985369827831164e-05, 0.00022890906257089227, -0.00024678747286088765, 8.73623212100938e-05, -0.000280269276117906, 0.00039788821595720947, 0.0001470635470468551, 6.171059067128226e-05], [-6.784391007386148e-05, 0.001543426071293652, -0.0014384596142917871, 0.0005640818271785975, -0.0015654397429898381, 0.0016268090112134814, -0.0010484909871593118, 0.000821370747871697, -0.0010793344117701054, 0.0015228791162371635, -0.0014957089442759752, 0.002106265863403678, -0.0008171249646693468], [0.00010209361062152311, -0.0014384596142917871, 0.002610698575153947, -0.0012479966972023249, 0.0013649670872837305, -0.0017257125582545996, 0.0010002943454310298, -0.00021752149041276425, 0.0009327498264610767, -0.0017320143524557352, 0.002183085074648261, -0.002531151520088315, 0.0017653676914051175], [-0.00023193327069748193, 0.0005640818271785975, -0.0012479966972023249, 0.0025389527436345816, -0.0009478062274865806, 0.0007508800481446087, -0.0005987932672724128, -0.0008312018471769989, -7.074952736729756e-05, 0.001353215309791267, -0.0010717444820329547, 0.0003378375549800694, -0.00048214802518486977], [7.929901767056435e-05, -0.0015654397429898381, 0.0013649670872837305, -0.0009478062274865806, 0.004201657138764858, -0.002579794730991125, 0.0007404371281154454, -0.000585608126129955, 0.0006444932660087943, -0.0007944389362819493, 0.0012767668813467026, -0.0011546319583430886, 0.0014181691221892834], [-1.5985369827831164e-05, 0.0016268090112134814, -0.0017257125582545996, 0.0007508800481446087, -0.002579794730991125, 0.004799346439540386, -0.003099642926827073, 0.0012799064861610532, -0.0006804675795137882, 0.0004941566148772836, 0.0001226609165314585, 0.0016273825895041227, -0.0006771502085030079], [0.00022890906257089227, -0.0010484909871593118, 0.0010002943454310298, -0.0005987932672724128, 0.0007404371281154454, -0.003099642926827073, 0.004950221162289381, -0.001773760886862874, -1.3072936781099997e-05, -0.0004357764555606991, -0.0005884837009944022, -0.0001103361792047508, 0.000596854486502707], [-0.00024678747286088765, 0.000821370747871697, -0.00021752149041276425, -0.0008312018471769989, -0.000585608126129955, 0.0012799064861610532, -0.001773760886862874, 0.0056249904446303844, -0.002009711926802993, 0.00033496273681521416, 0.0010397802107036114, -0.0005557201220653951, 0.00036844698479399085], [8.73623212100938e-05, -0.0010793344117701054, 0.0009327498264610767, -7.074952736729756e-05, 0.0006444932660087943, -0.0006804675795137882, -1.3072936781099997e-05, -0.002009711926802993, 0.004940152168273926, -0.0018959165317937732, 0.0009825717424973845, -0.0012461872538551688, -0.0006522356416098773], [-0.000280269276117906, 0.0015228791162371635, -0.0017320143524557352, 0.001353215309791267, -0.0007944389362819493, 0.0004941566148772836, -0.0004357764555606991, 0.00033496273681521416, -0.0018959165317937732, 0.005940037313848734, -0.0032500969246029854, 0.0014878534711897373, -0.00043156748870387673], [0.00039788821595720947, -0.0014957089442759752, 0.002183085074648261, -0.0010717444820329547, 0.0012767668813467026, 0.0001226609165314585, -0.0005884837009944022, 0.0010397802107036114, 0.0009825717424973845, -0.0032500969246029854, 0.008652692660689354, -0.0028663326520472765, 0.00025909653049893677], [0.0001470635470468551, 0.002106265863403678, -0.002531151520088315, 0.0003378375549800694, -0.0011546319583430886, 0.0016273825895041227, -0.0001103361792047508, -0.0005557201220653951, -0.0012461872538551688, 0.0014878534711897373, -0.0028663326520472765, 0.008561791852116585, -0.001376484869979322], [6.171059067128226e-05, -0.0008171249646693468, 0.0017653676914051175, -0.00048214802518486977, 0.0014181691221892834, -0.0006771502085030079, 0.000596854486502707, 0.00036844698479399085, -0.0006522356416098773, -0.00043156748870387673, 0.00025909653049893677, -0.001376484869979322, 0.006370976101607084]], "lowlevel.mfcc.cov": [[12652.0439453125, -1529.219970703125, 219.6118621826172, 1232.6015625, 452.19427490234375, -710.1283569335938, -453.9392395019531, 68.1707534790039, 494.43743896484375, 447.72467041015625, -288.1833190917969, -14.471843719482422, -14.801688194274902], [-1529.219970703125, 3587.845703125, 38.86692810058594, 143.8746795654297, 314.9629821777344, 285.001708984375, 269.7007751464844, 26.62576675415039, -47.47688674926758, 84.41429138183594, -50.506103515625, 126.99423217773438, -88.26844787597656], [219.6118621826172, 38.86692810058594, 1297.583740234375, 441.1516418457031, 201.49339294433594, 303.3595275878906, 75.39087677001953, 234.0121307373047, 146.02610778808594, -179.21331787109375, 134.04534912109375, 125.04817962646484, 101.75809478759766], [1232.6015625, 143.8746795654297, 441.1516418457031, 836.82861328125, 256.7987060546875, -98.9933853149414, 1.9236280918121338, 210.20977783203125, 130.2744140625, -138.0253143310547, -5.701961517333984, 135.88836669921875, 48.24330139160156], [452.19427490234375, 314.9629821777344, 201.49339294433594, 256.7987060546875, 460.06591796875, 144.53897094726562, 77.20487976074219, 153.5159454345703, 94.89932250976562, -5.325555801391602, -16.51514434814453, 103.14035034179688, -15.9898042678833], [-710.1283569335938, 285.001708984375, 303.3595275878906, -98.9933853149414, 144.53897094726562, 744.4019775390625, 349.4672546386719, 197.389404296875, 131.68539428710938, 115.9538345336914, 164.283447265625, 0.7083263397216797, 14.837711334228516], [-453.9392395019531, 269.7007751464844, 75.39087677001953, 1.9236280918121338, 77.20487976074219, 349.4672546386719, 465.85711669921875, 176.26210021972656, 45.11109924316406, 77.01871490478516, 104.18083953857422, 23.702539443969727, -28.71787452697754], [68.1707534790039, 26.62576675415039, 234.0121307373047, 210.20977783203125, 153.5159454345703, 197.389404296875, 176.26210021972656, 479.5115966796875, 242.36886596679688, -13.710914611816406, 101.82538604736328, 115.07230377197266, -22.19579315185547], [494.43743896484375, -47.47688674926758, 146.02610778808594, 130.2744140625, 94.89932250976562, 131.68539428710938, 45.11109924316406, 242.36886596679688, 431.2926940917969, 127.82148742675781, 49.52878952026367, 20.552799224853516, 49.21111297607422], [447.72467041015625, 84.41429138183594, -179.21331787109375, -138.0253143310547, -5.325555801391602, 115.9538345336914, 77.01871490478516, -13.710914611816406, 127.82148742675781, 380.4707946777344, 64.47235870361328, -80.96691131591797, -19.557661056518555], [-288.1833190917969, -50.506103515625, 134.04534912109375, -5.701961517333984, -16.51514434814453, 164.283447265625, 104.18083953857422, 101.82538604736328, 49.52878952026367, 64.47235870361328, 315.3957824707031, 31.24074935913086, -78.77061462402344], [-14.471843719482422, 126.99423217773438, 125.04817962646484, 135.88836669921875, 103.14035034179688, 0.7083263397216797, 23.702539443969727, 115.07230377197266, 20.552799224853516, -80.96691131591797, 31.24074935913086, 288.51580810546875, 135.65292358398438], [-14.801688194274902, -88.26844787597656, 101.75809478759766, 48.24330139160156, -15.9898042678833, 14.837711334228516, -28.71787452697754, -22.19579315185547, 49.21111297607422, -19.557661056518555, -78.77061462402344, 135.65292358398438, 448.406982421875]], "lowlevel.mfcc.icov": [[0.00013627487351186574, 7.676050154259428e-05, -2.7162461265106685e-05, -0.00022338831331580877, -7.396438013529405e-05, 7.442846981575713e-05, 5.879126547370106e-05, 5.497099118656479e-05, -4.439200711203739e-05, -0.0003259743098169565, 0.00016605756536591798, -5.846552812727168e-05, 8.870477904565632e-05], [7.676050154259428e-05, 0.0003743476700037718, 5.008689640817465e-07, -0.00020229686924722046, -0.00016040967602748424, -9.012029477162287e-05, -0.00010119927901541814, 0.00017563921574037522, 3.596393435145728e-05, -0.00030498369596898556, 0.0002813205064740032, -0.000290923286229372, 0.00021753017790615559], [-2.7162461265106685e-05, 5.008689640817465e-07, 0.0013312947703525424, -0.000588691676966846, -5.101691567688249e-05, -0.0007565784035250545, 0.00031772657530382276, 1.3014408978051506e-05, -0.0001823031052481383, 0.0007681123679503798, -0.0005224483902566135, 9.611558198230341e-05, -0.00026271247770637274], [-0.00022338831331580877, -0.00020229686924722046, -0.000588691676966846, 0.002578131854534149, -0.000869913783390075, 0.0009906408376991749, -0.0004633180215023458, -0.0005647680372931063, -0.0002788627170957625, 0.0009104155469685793, -0.00041960811358876526, 0.00018636349705047905, -0.00037218595389276743], [-7.396438013529405e-05, -0.00016040967602748424, -5.101691567688249e-05, -0.000869913783390075, 0.0035903563257306814, -0.00103653350379318, 0.00023804533702787012, -0.00022196477220859379, -9.267805580748245e-05, -0.0002807913697324693, 0.0010322805028408766, -0.0012745860731229186, 0.000802590511739254], [7.442846981575713e-05, -9.012029477162287e-05, -0.0007565784035250545, 0.0009906408376991749, -0.00103653350379318, 0.0033008153550326824, -0.001726910355500877, -0.00039129715878516436, -0.00028822440071962774, -0.00036607691436074674, -0.000801064888946712, 0.000856721424497664, -0.0006105584907345474], [5.879126547370106e-05, -0.00010119927901541814, 0.00031772657530382276, -0.0004633180215023458, 0.00023804533702787012, -0.001726910355500877, 0.003985188901424408, -0.0012149609392508864, 0.0009008854394778609, -0.0006891528610140085, -8.304871153086424e-05, -9.378432150697336e-05, 0.00010534092143643647], [5.497099118656479e-05, 0.00017563921574037522, 1.3014408978051506e-05, -0.0005647680372931063, -0.00022196477220859379, -0.00039129715878516436, -0.0012149609392508864, 0.004755828063935041, -0.002513444283977151, 0.0008380545186810195, -0.0002528578042984009, -0.0015575787983834743, 0.0009960064198821783], [-4.439200711203739e-05, 3.596393435145728e-05, -0.0001823031052481383, -0.0002788627170957625, -9.267805580748245e-05, -0.00028822440071962774, 0.0009008854394778609, -0.002513444283977151, 0.004507084842771292, -0.0017525001894682646, 9.38847369980067e-05, 0.0006814750959165394, -0.0007442400092259049], [-0.0003259743098169565, -0.00030498369596898556, 0.0007681123679503798, 0.0009104155469685793, -0.0002807913697324693, -0.00036607691436074674, -0.0006891528610140085, 0.0008380545186810195, -0.0017525001894682646, 0.005120847839862108, -0.0015494899125769734, 0.001170037081465125, -0.0005540841957554221], [0.00016605756536591798, 0.0002813205064740032, -0.0005224483902566135, -0.00041960811358876526, 0.0010322805028408766, -0.000801064888946712, -8.304871153086424e-05, -0.0002528578042984009, 9.38847369980067e-05, -0.0015494899125769734, 0.005026303231716156, -0.0016812190879136324, 0.0015837254468351603], [-5.846552812727168e-05, -0.000290923286229372, 9.611558198230341e-05, 0.00018636349705047905, -0.0012745860731229186, 0.000856721424497664, -9.