{"song_id": "1182273705464840293", "download": "https://cdn.discordapp.com/attachments/1128313332273782784/1182273705464840293/chirp.mp4?ex=65841930&amp", "lyrics": "Last night we went to a bar, \nand it felt like we were listening to a rock star. \nWe tried to make Tom sing,\nBut instead, we hear behind us the door going ding ding. \n\nEray was not able to come,\nBecause he was learning how to use .some(), \nWe tried to bring him over,\nBut his government said to him it's a game over. \n\nWe were eating this morning at Billy,\nDoesn't it sound silly?\nThat would be everything from me today,\nBecause I do not know about what is the other way.", "style": ["60s"], "essentia_features": {"lowlevel.average_loudness": 0.7861582636833191, "lowlevel.barkbands_crest.mean": 18.111047744750977, "lowlevel.barkbands_crest.stdev": 4.764587879180908, "lowlevel.barkbands_flatness_db.mean": 0.32832446694374084, "lowlevel.barkbands_flatness_db.stdev": 0.10258859395980835, "lowlevel.barkbands_kurtosis.mean": 18.109535217285156, "lowlevel.barkbands_kurtosis.stdev": 24.29439353942871, "lowlevel.barkbands_skewness.mean": 2.978555917739868, "lowlevel.barkbands_skewness.stdev": 2.174154758453369, "lowlevel.barkbands_spread.mean": 5.366132736206055, "lowlevel.barkbands_spread.stdev": 4.108091354370117, "lowlevel.dissonance.mean": 0.3933446705341339, "lowlevel.dissonance.stdev": 0.08459492772817612, "lowlevel.dynamic_complexity": 3.140882968902588, "lowlevel.erbbands_crest.mean": 16.28501319885254, "lowlevel.erbbands_crest.stdev": 8.359203338623047, "lowlevel.erbbands_flatness_db.mean": 0.3191763162612915, "lowlevel.erbbands_flatness_db.stdev": 0.1413045972585678, "lowlevel.erbbands_kurtosis.mean": 6.558814525604248, "lowlevel.erbbands_kurtosis.stdev": 11.937338829040527, "lowlevel.erbbands_skewness.mean": 1.5662140846252441, "lowlevel.erbbands_skewness.stdev": 1.4921495914459229, "lowlevel.erbbands_spread.mean": 17.772727966308594, "lowlevel.erbbands_spread.stdev": 15.379487037658691, "lowlevel.hfc.mean": 17.321821212768555, "lowlevel.hfc.stdev": 16.806346893310547, "lowlevel.loudness_ebu128.integrated": -18.544633865356445, "lowlevel.loudness_ebu128.loudness_range": 7.993259429931641, "lowlevel.loudness_ebu128.momentary.mean": -19.97966957092285, "lowlevel.loudness_ebu128.momentary.stdev": 3.776562213897705, "lowlevel.loudness_ebu128.short_term.mean": -19.456647872924805, "lowlevel.loudness_ebu128.short_term.stdev": 2.740748643875122, "lowlevel.melbands_crest.mean": 21.525920867919922, "lowlevel.melbands_crest.stdev": 5.590002059936523, "lowlevel.melbands_flatness_db.mean": 0.39132633805274963, "lowlevel.melbands_flatness_db.stdev": 0.07602966576814651, "lowlevel.melbands_kurtosis.mean": 29.058364868164062, "lowlevel.melbands_kurtosis.stdev": 34.305885314941406, "lowlevel.melbands_skewness.mean": 3.5828628540039062, "lowlevel.melbands_skewness.stdev": 2.4956047534942627, "lowlevel.melbands_spread.mean": 6.8586249351501465, "lowlevel.melbands_spread.stdev": 6.262507915496826, "lowlevel.pitch_salience.mean": 0.36402568221092224, "lowlevel.pitch_salience.stdev": 0.1224028542637825, "lowlevel.silence_rate_20dB.mean": 0.9953595995903015, "lowlevel.silence_rate_20dB.stdev": 0.06796182692050934, "lowlevel.silence_rate_30dB.mean": 0.9083526730537415, "lowlevel.silence_rate_30dB.stdev": 0.28852754831314087, "lowlevel.silence_rate_60dB.mean": 0.05104408413171768, "lowlevel.silence_rate_60dB.stdev": 0.2200927585363388, "lowlevel.spectral_centroid.mean": 889.0650634765625, "lowlevel.spectral_centroid.stdev": 422.04071044921875, "lowlevel.spectral_complexity.mean": 8.052204132080078, "lowlevel.spectral_complexity.stdev": 5.606034755706787, "lowlevel.spectral_decrease.mean": -1.1278853406793132e-08, "lowlevel.spectral_decrease.stdev": 1.501662794112235e-08, "lowlevel.spectral_energy.mean": 0.044140055775642395, "lowlevel.spectral_energy.stdev": 0.0572693757712841, "lowlevel.spectral_energyband_high.mean": 8.620612788945436e-05, "lowlevel.spectral_energyband_high.stdev": 0.00016286074242088944, "lowlevel.spectral_energyband_low.mean": 0.027126776054501534, "lowlevel.spectral_energyband_low.stdev": 0.055902451276779175, "lowlevel.spectral_energyband_middle_high.mean": 0.0067669120617210865, "lowlevel.spectral_energyband_middle_high.stdev": 0.012585505843162537, "lowlevel.spectral_energyband_middle_low.mean": 0.012187131680548191, "lowlevel.spectral_energyband_middle_low.stdev": 0.01616024784743786, "lowlevel.spectral_entropy.mean": 6.136960029602051, "lowlevel.spectral_entropy.stdev": 0.925265371799469, "lowlevel.spectral_flux.mean": 0.09583798795938492, "lowlevel.spectral_flux.stdev": 0.07100860029459, "lowlevel.spectral_kurtosis.mean": 10.262557029724121, "lowlevel.spectral_kurtosis.stdev": 4.06529426574707, "lowlevel.spectral_rms.mean": 0.005683253984898329, "lowlevel.spectral_rms.stdev": 0.003280865028500557, "lowlevel.spectral_rolloff.mean": 795.0833129882812, "lowlevel.spectral_rolloff.stdev": 563.173583984375, "lowlevel.spectral_skewness.mean": 2.456331491470337, "lowlevel.spectral_skewness.stdev": 0.5146830677986145, "lowlevel.spectral_spread.mean": 3365149.75, "lowlevel.spectral_spread.stdev": 897691.6875, "lowlevel.spectral_strongpeak.mean": 2.404207944869995, "lowlevel.spectral_strongpeak.stdev": 2.265815019607544, "lowlevel.zerocrossingrate.mean": 0.03297937661409378, "lowlevel.zerocrossingrate.stdev": 0.016547663137316704, "metadata.audio_properties.analysis.equal_loudness": 0.0, "metadata.audio_properties.analysis.length": 39.999977111816406, "metadata.audio_properties.analysis.sample_rate": 44100.0, "metadata.audio_properties.analysis.start_time": 0.0, "metadata.audio_properties.bit_rate": 122561.0, "metadata.audio_properties.length": 40.0, "metadata.audio_properties.lossless": 0.0, "metadata.audio_properties.number_channels": 1.0, "metadata.audio_properties.replay_gain": -7.499788284301758, "metadata.audio_properties.sample_rate": 48000.0, "rhythm.beats_count": 82.0, "rhythm.beats_loudness.mean": 0.05492302402853966, "rhythm.beats_loudness.stdev": 0.07285420596599579, "rhythm.bpm": 121.0264663696289, "rhythm.bpm_histogram_first_peak_bpm": 120.0, "rhythm.bpm_histogram_first_peak_weight": 0.5111111402511597, "rhythm.bpm_histogram_second_peak_bpm": 144.0, "rhythm.bpm_histogram_second_peak_spread": 0.40000003576278687, "rhythm.bpm_histogram_second_peak_weight": 0.1111111119389534, "rhythm.danceability": 1.0283337831497192, "rhythm.onset_rate": 2.473788261413574, "tonal.chords_changes_rate": 0.08574739098548889, "tonal.chords_number_rate": 0.016222478821873665, "tonal.chords_strength.mean": 0.5183264017105103, "tonal.chords_strength.stdev": 0.0985112115740776, "tonal.hpcp_crest.mean": 13.191965103149414, "tonal.hpcp_crest.stdev": 5.524407386779785, "tonal.hpcp_entropy.mean": 1.9360884428024292, "tonal.hpcp_entropy.stdev": 0.665192186832428, "tonal.key_edma.strength": 0.5009058117866516, "tonal.key_krumhansl.strength": 0.5132576823234558, "tonal.key_temperley.strength": 0.5258527398109436, "tonal.tuning_diatonic_strength": 0.5141919255256653, "tonal.tuning_equal_tempered_deviation": 0.184270977973938, "tonal.tuning_frequency": 436.20416259765625, "tonal.tuning_nontempered_energy_ratio": 0.8335627317428589, "lowlevel.barkbands.mean": [0.00039417235529981554, 0.0193400327116251, 0.005841123405843973, 0.002035008044913411, 0.0007445053779520094, 0.0006096400320529938, 0.0003222973900847137, 0.00016572455933783203, 0.007067125756293535, 0.002067793859168887, 0.0022554912138730288, 0.001331272884272039, 0.0009291635360568762, 0.0005971528007648885, 6.540763570228592e-05, 3.628572085290216e-05, 2.3751488697598688e-05, 3.681063753901981e-05, 0.00015262074884958565, 7.987084973137826e-05, 1.3254266377771273e-05, 6.556986136274645e-06, 8.240464012487791e-06, 8.380567123822402e-06, 5.2185596359777264e-06, 2.7930436772294343e-06, 4.545207445971755e-07], "lowlevel.barkbands.stdev": [0.0011856943601742387, 0.043774060904979706, 0.014734141528606415, 0.005869150161743164, 0.0017391995061188936, 0.0013141591334715486, 0.0008230043458752334, 0.000269433599896729, 0.014674930833280087, 0.006961176171898842, 0.007821289822459221, 0.007202101871371269, 0.0018086102791130543, 0.0010183565318584442, 0.00017955081420950592, 6.976838631089777e-05, 4.90449347125832e-05, 7.714141247561201e-05, 0.0002792988670989871, 0.000164905097335577, 2.4519582439097576e-05, 1.4709049537486862e-05, 1.4712607480760198e-05, 1.2679322935582604e-05, 7.351136446231976e-06, 7.51774723539711e-06, 1.1161993143105065e-06], "lowlevel.erbbands.mean": [0.41560038924217224, 4.751352787017822, 7.74747896194458, 7.955867767333984, 2.993263006210327, 3.0349016189575195, 3.2439653873443604, 5.371411323547363, 4.002945423126221, 5.080013751983643, 6.532400608062744, 111.9848403930664, 185.1924285888672, 49.60002136230469, 109.4498062133789, 33.85559844970703, 33.07339859008789, 49.50897979736328, 7.0374226570129395, 2.8313019275665283, 2.018016815185547, 1.3966429233551025, 1.5805273056030273, 6.242408275604248, 7.516489028930664, 3.654937267303467, 1.1706385612487793, 0.3330404758453369, 0.2534778416156769, 0.2374458760023117, 0.22292488813400269, 0.19070817530155182, 0.13003148138523102, 0.07794573903083801, 0.023435184732079506, 0.009824294596910477, 0.005397979170084, 0.0016765572363510728, 6.212293374119326e-05, 5.049202445661649e-05], "lowlevel.erbbands.stdev": [1.0526803731918335, 10.653875350952148, 17.165544509887695, 21.29576873779297, 7.540422439575195, 7.154534339904785, 8.187097549438477, 11.64997673034668, 8.071813583374023, 10.980013847351074, 7.2831244468688965, 214.36940002441406, 362.5014343261719, 131.50413513183594, 398.2874755859375, 138.5830535888672, 66.06685638427734, 71.75749206542969, 10.081253051757812, 6.605445861816406, 3.876941442489624, 2.7347071170806885, 2.5470681190490723, 15.096043586730957, 12.173853874206543, 8.818676948547363, 2.2220356464385986, 0.6449623703956604, 0.5585900545120239, 0.5679842829704285, 0.3612019717693329, 0.2643367052078247, 0.2087375372648239, 0.10570342093706131, 0.047179657965898514, 0.02688564546406269, 0.014324750751256943, 0.004338690545409918, 0.00011740587797248736, 6.307366857072338e-05], "lowlevel.gfcc.mean": [-116.79838562011719, 62.2275505065918, -154.3138427734375, -26.332489013671875, -61.618125915527344, 24.45919418334961, -3.4297640323638916, 21.960369110107422, -27.131973266601562, 2.8937313556671143, -1.4251823425292969, -24.644168853759766, -13.892221450805664], "lowlevel.melbands.mean": [0.004763125441968441, 0.004910013638436794, 0.0011757244355976582, 0.00018992082914337516, 0.00011431362509028986, 0.00011586040636757389, 6.874368409626186e-05, 5.170868098502979e-05, 4.20448268414475e-05, 0.0009521201136521995, 0.0009338259696960449, 0.00016556376067455858, 0.000316168850986287, 0.00022842324688099325, 1.7179534552269615e-05, 0.00012261005758773535, 8.201308082789183e-05, 9.83678637567209e-06, 5.504321507032728e-06, 2.3928305381559767e-06, 2.265936927869916e-06, 1.4216734598448966e-06, 1.2234050927872886e-06, 1.7094344002543949e-06, 5.537561264645774e-06, 4.610927135217935e-06, 4.769465704157483e-06, 2.2599551812163554e-06, 9.199228543366189e-07, 2.705222925669659e-07, 1.5305356271255732e-07, 1.5139346487558214e-07, 1.1243704278740552e-07, 1.418788428964035e-07, 1.1835954438765839e-07, 1.392727995153109e-07, 1.0911725212281453e-07, 9.605050621530609e-08, 9.145994539494495e-08, 5.210713638348352e-08], "lowlevel.melbands.stdev": [0.011217992752790451, 0.010172577574849129, 0.0030486148316413164, 0.00044167140731588006, 0.0002626411151140928, 0.0002467034209985286, 0.0001481164654251188, 0.0001050790015142411, 6.525098433485255e-05, 0.0018884200835600495, 0.0018548715161159635, 0.0005377149791456759, 0.0010869856923818588, 0.0009934440022334456, 3.913400723831728e-05, 0.00023505795979872346, 0.0001250596542377025, 2.286686321895104e-05, 1.856372364272829e-05, 4.6250711420725565e-06, 4.626605914381798e-06, 3.0286057608464034e-06, 2.346669816688518e-06, 3.566721943570883e-06, 1.4332351383927744e-05, 7.466033366654301e-06, 8.130289643304422e-06, 7.643553544767201e-06, 2.120403223671019e-06, 5.093725690130668e-07, 3.4788732250490284e-07, 3.484266528630542e-07, 2.5673838877082744e-07, 3.5424201882960915e-07, 2.2336651284149411e-07, 1.7918118544457684e-07, 1.7312638078692544e-07, 1.6628744958779862e-07, 1.5421350951783097e-07, 7.061476026137825e-08], "lowlevel.melbands128.mean": [0.0003573719586711377, 0.002319444203749299, 0.007285714615136385, 0.008230973035097122, 0.004793380852788687, 0.0027294030878692865, 0.001816837815567851, 0.0006875604740343988, 0.0001971932506421581, 0.00018477588309906423, 0.00018288102000951767, 9.86072700470686e-05, 0.00010790314263431355, 0.00011675788118736818, 0.00012215925380587578, 0.00013317468983586878, 4.2069492337759584e-05, 5.8151374105364084e-05, 0.00010568521247478202, 4.550179437501356e-05, 3.645523975137621e-05, 3.1579875212628394e-05, 3.695875784615055e-05, 4.985079795005731e-05, 0.0002198791626142338, 0.0016375763807445765, 0.002042891923338175, 0.0006439736462198198, 0.00030934662208892405, 4.6918172301957384e-05, 0.0002319335180800408, 0.00015661334327887744, 0.00022026135411579162, 0.0005351232248358428, 0.0004274739185348153, 6.903331814100966e-05, 1.1450633792264853e-05, 1.912446714413818e-05, 9.737755135574844e-06, 6.219135684659705e-05, 0.00015972139954101294, 0.00019655365031212568, 8.318931941175833e-05, 2.9423588784993626e-05, 1.7384038073942065e-05, 4.465567144507077e-06, 4.164364327152725e-06, 8.97901554708369e-06, 3.684519242597162e-06, 2.3248885554494336e-06, 2.240735284431139e-06, 2.480425791873131e-06, 2.786492586892564e-06, 2.008802084674244e-06, 1.475808744544338e-06, 1.3919634511694312e-06, 1.3706379604627728e-06, 1.151279889199941e-06, 1.2636859310077853e-06, 1.2143555068178102e-06, 8.435209792878595e-07, 1.7330635273538064e-06, 6.57962709738058e-06, 6.836954980826704e-06, 4.8981378313328605e-06, 1.3716172588829068e-06, 6.048303930583643e-06, 1.0207610102952458e-05, 2.590796611912083e-06, 7.456000048478018e-07, 2.1025769001425942e-06, 4.030841409985442e-06, 7.10120559688221e-07, 6.745866016899527e-07, 3.4079388910868147e-07, 3.2513764836039627e-07, 2.1049477538781503e-07, 1.5916607765120716e-07, 1.5453582591362647e-07, 1.1767188823341712e-07, 1.8134795709556784e-07, 1.6174418249192968e-07, 9.919986609929765e-08, 1.1225338170106625e-07, 1.0642210668265761e-07, 1.5029030464575044e-07, 1.5647215434455575e-07, 1.235625148865438e-07, 9.405907519521861e-08, 1.253208807838746e-07, 1.6671887692609744e-07, 1.357429795234566e-07, 1.2261850201866764e-07, 9.423762037386041e-08, 1.0917223391970765e-07, 1.2354352918464429e-07, 9.2471076129641e-08, 5.297475169641075e-08, 9.504110209945793e-08, 1.1662236687470795e-07, 7.965800818965363e-08, 3.304340268073247e-08, 2.9193474304634037e-08, 2.5391610591896097e-08, 3.045274254986907e-08, 1.972878393985411e-08, 2.094367346217041e-08, 1.6600044006054304e-08, 1.4962651562200335e-08, 1.621013367980595e-08, 1.5725689195278392e-08, 1.7222145487494345e-08, 1.7874874913559324e-08, 1.8157372494442825e-08, 1.4921802460321487e-08, 2.2036088509480578e-08, 1.647014791217316e-08, 3.244398749657762e-09, 5.4019098222335415e-11, 3.248583346771028e-11, 3.2137001393373055e-11, 2.964077594480585e-11, 2.6646199136060034e-11, 2.8201083829282325e-11, 2.7331008983777494e-11, 2.7224313081664064e-11, 2.7436618948994962e-11, 2.7107911401702545e-11], "lowlevel.melbands128.stdev": [0.0010752632515504956, 0.006559046916663647, 0.018539413809776306, 0.01817484200000763, 0.010401986539363861, 0.0071355439722537994, 0.005104143172502518, 0.0019569178111851215, 0.0005765497335232794, 0.00048408994916826487, 0.00046382160508073866, 0.00025392425595782697, 0.0003110037650913, 0.00036351094604469836, 0.00028220974490977824, 0.0003391129430383444, 8.914487989386544e-05, 0.00015747420547995716, 0.00031908066011965275, 0.0001015671223285608, 6.97351642884314e-05, 6.009954449837096e-05, 8.040546526899561e-05, 0.00011070517939515412, 0.0005604909383691847, 0.0036174245178699493, 0.004746587015688419, 0.0019025920191779733, 0.0017629292560741305, 0.00019457093731034547, 0.000987223000265658, 0.0006370130577124655, 0.0010777348652482033, 0.0024778530932962894, 0.002474099164828658, 0.0003636605979409069, 3.2357533200411126e-05, 7.23826015018858e-05, 2.8709027901641093e-05, 0.00021010867203585804, 0.00039172294782474637, 0.0004192364576738328, 0.00017342864884994924, 8.384446118725464e-05, 6.99232259648852e-05, 1.0097144695464522e-05, 8.559523848816752e-06, 3.9413167542079464e-05, 1.13457517727511e-05, 5.907576451136265e-06, 4.875615104538156e-06, 5.558293196372688e-06, 7.297100637515541e-06, 4.416396222950425e-06, 3.6486262615653686e-06, 3.43696729032672e-06, 3.0655041882710066e-06, 2.485729055479169e-06, 2.9088014343869872e-06, 3.3713556604197947e-06, 1.7251975350518478e-06, 4.349562459537992e-06, 2.820192457875237e-05, 2.1542136892094277e-05, 1.9257344320067205e-05, 3.348512336742715e-06, 1.5196656931948382e-05, 2.1256784748402424e-05, 5.219853392190998e-06, 1.7675316712484346e-06, 9.688258614914957e-06, 1.6253214198513888e-05, 1.8201327520728228e-06, 2.072243660222739e-06, 6.569783863596967e-07, 6.68991219754389e-07, 4.966364031133708e-07, 4.005312632671121e-07, 3.801959849170089e-07, 3.1292424296225363e-07, 4.5545641569333384e-07, 4.0094414544000756e-07, 2.231479498959743e-07, 2.773282119505893e-07, 2.806341115046962e-07, 4.4702599666379683e-07, 3.956945420213742e-07, 3.263503174366633e-07, 2.2386771547644457e-07, 2.3611968913428427e-07, 2.71872778512261e-07, 2.1035334896168933e-07, 2.0702900371816213e-07, 1.9565361242257495e-07, 1.969408742752421e-07, 2.419569682388101e-07, 1.9706168075117603e-07, 9.110870280437666e-08, 2.7134711899634567e-07, 1.7175290167870116e-07, 1.0656051330215632e-07, 6.80994389767875e-08, 5.816112036427512e-08, 5.6023587546860654e-08, 6.431756105484965e-08, 5.649251733075289e-08, 6.07962604703971e-08, 4.9262197876487335e-08, 4.305572787188794e-08, 5.0284533870126324e-08, 4.51713084714811e-08, 5.1761599451083384e-08, 4.7087652887967124e-08, 4.809701792396481e-08, 4.217238469550466e-08, 6.210117220462053e-08, 4.0946858348434034e-08, 9.062241623780665e-09, 1.2583102337870855e-09, 9.951338642011365e-10, 9.861569338909248e-10, 8.958041530782168e-10, 7.873474650033074e-10, 8.501948589589858e-10, 8.245583105193077e-10, 8.290116371156842e-10, 8.421834896132907e-10, 8.314218202798429e-10], "lowlevel.mfcc.mean": [-779.8057861328125, 109.32360076904297, -26.26115608215332, -21.47174072265625, -21.158580780029297, -9.807917594909668, 33.48747634887695, 5.076513290405273, -6.004502296447754, 33.3940315246582, 8.717845916748047, -4.629026889801025, -17.030445098876953], "lowlevel.spectral_contrast_coeffs.mean": [-0.7656335234642029, -0.735390841960907, -0.5932000279426575, -0.7004141211509705, -0.7321898937225342, -0.775206446647644], "lowlevel.spectral_contrast_coeffs.stdev": [0.09599997103214264, 0.11818426102399826, 0.15913522243499756, 0.11867181956768036, 0.07895084470510483, 0.028643643483519554], "lowlevel.spectral_contrast_valleys.mean": [-8.98656177520752, -8.283580780029297, -8.43510913848877, -9.044557571411133, -9.29670524597168, -11.996116638183594], "lowlevel.spectral_contrast_valleys.stdev": [2.791041612625122, 1.6623791456222534, 1.2780369520187378, 1.3490910530090332, 1.12007474899292, 0.8459229469299316], "rhythm.beats_loudness_band_ratio.mean": [0.35191240906715393, 0.030664339661598206, 0.32926902174949646, 0.29771238565444946, 0.01240974199026823, 0.012107682414352894], "rhythm.beats_loudness_band_ratio.stdev": [0.39646992087364197, 0.047812800854444504, 0.3436850309371948, 0.3405015468597412, 0.02545717917382717, 0.020434750244021416], "tonal.hpcp.mean": [0.03153344243764877, 0.024674594402313232, 0.03049621731042862, 0.09800715744495392, 0.09895709156990051, 0.03447466716170311, 0.02138073742389679, 0.03347756713628769, 0.07263211905956268, 0.10562530905008316, 0.08733908832073212, 0.07473843544721603, 0.09037300944328308, 0.07191649079322815, 0.05207809805870056, 0.049217626452445984, 0.06064555048942566, 0.09124282002449036, 0.11230896413326263, 0.09376560896635056, 0.05733808875083923, 0.04453478381037712, 0.05276031047105789, 0.07437688857316971, 0.12861886620521545, 0.14639364182949066, 0.17089930176734924, 0.22741356492042542, 0.16610509157180786, 0.11025409400463104, 0.11012105643749237, 0.06929799169301987, 0.05122605338692665, 0.05176599323749542, 0.03620798513293266, 0.029843688011169434], "tonal.hpcp.stdev": [0.12903796136379242, 0.11094629019498825, 0.10643617063760757, 0.24494969844818115, 0.24174925684928894, 0.11617673188447952, 0.1056845560669899, 0.1336652785539627, 0.21409335732460022, 0.2673977017402649, 0.2313205897808075, 0.2092124968767166, 0.24420955777168274, 0.19467449188232422, 0.169024258852005, 0.17239756882190704, 0.1910136342048645, 0.241165429353714, 0.270656943321228, 0.2360459715127945, 0.1927652657032013, 0.15788206458091736, 0.18948040902614594, 0.19883231818675995, 0.2759905755519867, 0.283250093460083, 0.3034166991710663, 0.35823386907577515, 0.29166674613952637, 0.24947473406791687, 0.2736915946006775, 0.20308080315589905, 0.16811616718769073, 0.18140272796154022, 0.13560530543327332, 0.125971257686615], "rhythm.beats_position": [0.3715192675590515, 0.7662584781646729, 1.172607660293579, 1.5789568424224854, 1.9969160556793213, 2.4148752689361572, 2.832834482192993, 3.2624034881591797, 3.6803627014160156, 4.098321914672852, 4.5162811279296875, 4.934240341186523, 5.34058952331543, 5.758548736572266, 6.164897918701172, 6.571247100830078, 6.989206314086914, 7.47682523727417, 7.964444160461426, 8.45206356048584, 9.067392349243164, 9.694331169128418, 10.309659957885742, 10.936598777770996, 11.55192756652832, 12.155646324157715, 12.75936508178711, 13.351473808288574, 13.827483177185059, 14.303491592407227, 14.79111099243164, 15.255510330200195, 15.708298683166504, 16.172698974609375, 16.625486373901367, 17.089885711669922, 17.542675018310547, 17.995464324951172, 18.448253631591797, 18.901042938232422, 19.388662338256836, 19.899499893188477, 20.41033935546875, 20.909568786621094, 21.408798217773438, 21.90802764892578, 22.395645141601562, 22.894874572753906, 23.39410400390625, 23.893333435058594, 24.392560958862305, 24.89179039001465, 25.391019821166992, 25.890249252319336, 26.37786865234375, 26.86548614501953, 27.364715576171875, 27.86394500732422, 28.351564407348633, 28.839183807373047, 29.338411331176758, 29.8376407623291, 30.325260162353516, 30.81287956237793, 31.312108993530273, 31.811336517333984, 32.31056594848633, 32.79818344116211, 33.29741287231445, 33.80825424194336, 34.29587173461914, 34.78349304199219, 35.282718658447266, 35.78194808959961, 36.28117752075195, 36.7804069519043, 37.244808197021484, 37.732425689697266, 38.22004318237305, 38.707664489746094, 39.218502044677734, 39.72934341430664], "rhythm.bpm_histogram": [0.0, 0.0, 0.0, 0.0, 0.0, 0.0, 0.0, 0.0, 0.0, 0.0, 0.0, 0.0, 0.0, 0.0, 0.0, 0.0, 0.0, 0.0, 0.0, 0.0, 0.0, 0.0, 0.0, 0.0, 0.0, 0.0, 0.0, 0.0, 0.0, 0.0, 0.0, 0.0, 0.0, 0.0, 0.0, 0.0, 0.0, 0.0, 0.0, 0.0, 0.0, 0.0, 0.0, 0.0, 0.0, 0.0, 0.0, 0.0, 0.0, 0.0, 0.0, 0.0, 0.0, 0.0, 0.0, 0.0, 0.0, 0.0, 0.0, 0.0, 0.0, 0.0, 0.0, 0.0, 0.0, 0.0, 0.0, 0.0, 0.0, 0.0, 0.0, 0.0, 0.0, 0.0, 0.0, 0.0, 0.0, 0.0, 0.0, 0.0, 0.0, 0.0, 0.0, 0.0, 0.0, 0.0, 0.0, 0.0, 0.0, 0.0, 0.0, 0.0, 0.0, 0.0, 0.0, 0.0, 0.02469135820865631, 0.0, 0.03703703731298447, 0.02469135820865631, 0.0, 0.012345679104328156, 0.0, 0.0, 0.0, 0.0, 0.0, 0.0, 0.0, 0.0, 0.0, 0.0, 0.0, 0.0, 0.0, 0.0, 0.0, 0.06172839552164078, 0.0, 0.0, 0.2716049253940582, 0.0, 0.0, 0.2222222238779068, 0.0, 0.0, 0.02469135820865631, 0.0, 0.0, 0.04938271641731262, 0.0, 0.0, 0.0, 0.07407407462596893, 0.0, 0.0, 0.0, 0.0, 0.0, 0.0, 0.012345679104328156, 0.0, 0.0, 0.0, 0.1111111119389534, 0.0, 0.0, 0.0, 0.06172839552164078, 0.0, 0.0, 0.0, 0.012345679104328156, 0.0, 0.0, 0.0, 0.0, 0.0, 0.0, 0.0, 0.0, 0.0, 0.0, 0.0, 0.0, 0.0, 0.0, 0.0, 0.0, 0.0, 0.0, 0.0, 0.0, 0.0, 0.0, 0.0, 0.0, 0.0, 0.0, 0.0, 0.0, 0.0, 0.0, 0.0, 0.0, 0.0, 0.0, 0.0, 0.0, 0.0, 0.0, 0.0, 0.0, 0.0, 0.0, 0.0, 0.0, 0.0, 0.0, 0.0, 0.0, 0.0, 0.0, 0.0, 0.0, 0.0, 0.0, 0.0, 0.0, 0.0, 0.0, 0.0, 0.0, 0.0, 0.0, 0.0, 0.0, 0.0, 0.0, 0.0, 0.0, 0.0, 0.0, 0.0, 0.0, 0.0, 0.0, 0.0, 0.0, 0.0, 0.0, 0.0, 0.0, 0.0, 0.0, 0.0, 0.0, 0.0, 0.0, 0.0, 0.0, 0.0, 0.0, 0.0, 0.0, 0.0, 0.0, 0.0, 0.0, 0.0], "tonal.chords_histogram": [16.68597984313965, 7.647740364074707, 4.287369728088379, 1.3904982805252075, 0.0, 0.0, 6.488991737365723, 2.5492467880249023, 5.677867889404297, 0.0, 4.403244495391846, 0.0, 1.042873740196228, 0.0, 0.0, 3.9397451877593994, 1.1587485074996948, 5.9096174240112305, 0.0, 0.0, 0.0, 0.0, 7.184240818023682, 31.633834838867188], "tonal.thpcp": [1.0, 0.7304098010063171, 0.4848175644874573, 0.4842325747013092, 0.3047223389148712, 0.22525504231452942, 0.22762931883335114, 0.15921646356582642, 0.1312309056520462, 0.1386612206697464, 0.10850097984075546, 0.13410025835037231, 0.4309644401073456, 0.43514156341552734, 0.1515945941209793, 0.09401698410511017, 0.14721007645130157, 0.3193834125995636, 0.4644635319709778, 0.3840540051460266, 0.3286454677581787, 0.39739498496055603, 0.31623658537864685, 0.2290017157793045, 0.21642343699932098, 0.2666751742362976, 0.40121978521347046, 0.4938534200191498, 0.41231316328048706, 0.2521313428878784, 0.19583170115947723, 0.23200160264968872, 0.3270556330680847, 0.5655725598335266, 0.6437330842018127, 0.7514912486076355], "lowlevel.gfcc.cov": [[9549.6005859375, 6291.197265625, 4886.6796875, 4505.9228515625, 2390.025390625, -132.92735290527344, -682.5836181640625, -1031.4464111328125, 537.4326171875, -223.52383422851562, -667.99951171875, 1517.31591796875, 499.3605651855469], [6291.197265625, 6337.19775390625, 4410.36767578125, 3799.107421875, 2002.4320068359375, -132.1537322998047, -492.92706298828125, -864.4683227539062, 919.015380859375, -165.6844024658203, -470.683349609375, 1272.4693603515625, 387.3869323730469], [4886.6796875, 4410.36767578125, 3550.6337890625, 2860.71240234375, 1411.525634765625, 30.948230743408203, -358.8668518066406, -476.0657958984375, 783.0919189453125, -88.9476089477539, -496.9630432128906, 885.905029296875, 243.4966583251953], [4505.9228515625, 3799.107421875, 2860.71240234375, 2716.864501953125, 1400.663330078125, -64.16519927978516, -363.9390563964844, -568.5464477539062, 532.1216430664062, -134.90118408203125, -356.0884094238281, 980.2969360351562, 252.62176513671875], [2390.025390625, 2002.4320068359375, 1411.525634765625, 1400.663330078125, 855.61474609375, -8.286805152893066, -156.6403045654297, -309.482177734375, 231.82872009277344, -81.11775970458984, -162.79122924804688, 514.0174560546875, 165.49423217773438], [-132.92735290527344, -132.1537322998047, 30.948230743408203, -64.16519927978516, -8.286805152893066, 170.0730743408203, 94.38996887207031, 131.95501708984375, 84.47297668457031, 40.9591178894043, -38.242706298828125, -124.028564453125, -5.744176864624023], [-682.5836181640625, -492.92706298828125, -358.8668518066406, -363.9390563964844, -156.6403045654297, 94.38996887207031, 245.4647979736328, 205.4213409423828, 21.4160099029541, 47.245513916015625, 48.8148307800293, -217.13970947265625, -6.483722686767578], [-1031.4464111328125, -864.4683227539062, -476.0657958984375, -568.5464477539062, -309.482177734375, 131.95501708984375, 205.4213409423828, 339.6424255371094, 42.59231185913086, 76.88890075683594, 31.9313907623291, -321.2110290527344, -60.852508544921875], [537.4326171875, 919.015380859375, 783.0919189453125, 532.1216430664062, 231.82872009277344, 84.47297668457031, 21.4160099029541, 42.59231185913086, 467.50262451171875, 47.12807083129883, -150.70391845703125, 117.59056854248047, 35.996131896972656], [-223.52383422851562, -165.6844024658203, -88.9476089477539, -134.90118408203125, -81.11775970458984, 40.9591178894043, 47.245513916015625, 76.88890075683594, 47.12807083129883, 147.590087890625, 72.133544921875, -111.16695404052734, -42.87002182006836], [-667.99951171875, -470.683349609375, -496.9630432128906, -356.0884094238281, -162.79122924804688, -38.242706298828125, 48.8148307800293, 31.9313907623291, -150.70391845703125, 72.133544921875, 275.53497314453125, -100.41487121582031, -84.5401611328125], [1517.31591796875, 1272.4693603515625, 885.905029296875, 980.2969360351562, 514.0174560546875, -124.028564453125, -217.13970947265625, -321.2110290527344, 117.59056854248047, -111.16695404052734, -100.41487121582031, 587.907470703125, 98.50263977050781], [499.3605651855469, 387.3869323730469, 243.4966583251953, 252.62176513671875, 165.49423217773438, -5.744176864624023, -6.483722686767578, -60.852508544921875, 35.996131896972656, -42.87002182006836, -84.5401611328125, 98.50263977050781, 118.8865737915039]], "lowlevel.gfcc.icov": [[0.0008500684052705765, 0.0003512953990139067, -0.0009817332029342651, -0.0008125831955112517, -0.0006344785797409713, 0.0005571257206611335, -3.660472430055961e-05, 0.0002935596858151257, 0.0011739891488105059, -0.0006360257393680513, 0.00028875062707811594, 0.0005149652133695781, -0.0007255955715663731], [0.0003512953990139067, 0.004203811753541231, -0.004548399709165096, 0.0002397657954134047, -0.00302024744451046, 0.0032373799476772547, -0.001277676783502102, 0.0047705029137432575, -0.002395278075709939, 0.0015565159264951944, -0.0031289183534681797, 0.0026031984016299248, -0.00272970087826252], [-0.0009817332029342651, -0.004548399709165096, 0.00861587468534708, -0.003402387723326683, 0.004028544761240482, -0.004054257180541754, 0.002426743507385254, -0.005219708196818829, 8.986581087810919e-05, -0.0012079066364094615, 0.0039703031070530415, -0.0014622302260249853, 0.003756424644961953], [-0.0008125831955112517, 0.0002397657954134047, -0.003402387723326683, 0.009255211800336838, -0.005432400852441788, 0.000943208287935704, -0.00037106481613591313, 0.0009704247931949794, -0.001407779287546873, 0.00035098165972158313, -0.0006706508575007319, -0.0032893684692680836, 0.0008194673573598266], [-0.0006344785797409713, -0.00302024744451046, 0.004028544761240482, -0.005432400852441788, 0.013030736707150936, -0.006402125582098961, -0.0006871344521641731, -0.0012410542694851756, 0.0018135863356292248, -0.0002057255624094978, 0.00021966129133943468, -0.0026039318181574345, -0.0016322849551215768], [0.0005571257206611335, 0.0032373799476772547, -0.004054257180541754, 0.000943208287935704, -0.006402125582098961, 0.015110510401427746, -0.002203204669058323, -0.00031852858955971897, -0.001649791607633233, -0.0004066342953592539, 0.0001997040817514062, 0.004214530345052481, -0.0002276426093885675], [-3.660472430055961e-05, -0.001277676783502102, 0.002426743507385254, -0.00037106481613591313, -0.0006871344521641731, -0.002203204669058323, 0.011839164420962334, -0.006952093448489904, -0.0008855334599502385, 0.000634003896266222, -0.001715708989650011, 0.0011382348602637649, -0.003593928413465619], [0.0002935596858151257, 0.0047705029137432575, -0.005219708196818829, 0.0009704247931949794, -0.0012410542694851756, -0.00031852858955971897, -0.006952093448489904, 0.017922312021255493, -0.004789214581251144, 0.00168323062825948, -0.0027386608999222517, 0.004414529539644718, -0.0011902768164873123], [0.0011739891488105059, -0.002395278075709939, 8.986581087810919e-05, -0.001407779287546873, 0.0018135863356292248, -0.001649791607633233, -0.0008855334599502385, -0.004789214581251144, 0.009297792799770832, -0.004675965756177902, 0.004417819902300835, -0.0027511208318173885, 0.001496802200563252], [-0.0006360257393680513, 0.0015565159264951944, -0.0012079066364094615, 0.00035098165972158313, -0.0002057255624094978, -0.0004066342953592539, 0.000634003896266222, 0.00168323062825948, -0.004675965756177902, 0.012739471159875393, -0.0059420885518193245, 0.0031393093522638083, -0.00032618717523291707], [0.00028875062707811594, -0.0031289183534681797, 0.0039703031070530415, -0.0006706508575007319, 0.00021966129133943468, 0.0001997040817514062, -0.001715708989650011, -0.0027386608999222517, 0.004417819902300835, -0.0059420885518193245, 0.011318905279040337, -0.0023664708714932203, 0.007013715337961912], [0.0005149652133695781, 0.0026031984016299248, -0.0014622302260249853, -0.0032893684692680836, -0.0026039318181574345, 0.004214530345052481, 0.0011382348602637649, 0.004414529539644718, -0.0027511208318173885, 0.0031393093522638083, -0.0023664708714932203, 0.009517832659184933, -0.002114668255671859], [-0.0007255955715663731, -0.00272970087826252, 0.003756424644961953, 0.0008194673573598266, -0.0016322849551215768, -0.0002276426093885675, -0.003593928413465619, -0.0011902768164873123, 0.001496802200563252, -0.00032618717523291707, 0.007013715337961912, -0.002114668255671859, 0.018543416634202003]], "lowlevel.mfcc.cov": [[10953.296875, 5667.1220703125, 2895.770263671875, 4318.71337890625, 2817.615478515625, 2431.43017578125, -1248.68798828125, 558.6749267578125, 766.1220703125, -1885.7733154296875, -1019.1160278320312, 479.60845947265625, 1740.6708984375], [5667.1220703125, 4406.21337890625, 2063.399658203125, 2709.197509765625, 1727.9429931640625, 1632.858642578125, -961.7891235351562, 463.8748779296875, 614.5277709960938, -1162.29931640625, -362.1556396484375, 448.9718017578125, 1098.12353515625], [2895.770263671875, 2063.399658203125, 1552.8740234375, 1338.96923828125, 860.5903930664062, 882.831298828125, -589.0734252929688, 333.2088928222656, 573.5059814453125, -360.8542175292969, 74.77867126464844, 111.42073059082031, 295.888427734375], [4318.71337890625, 2709.197509765625, 1338.96923828125, 2103.574462890625, 1263.8406982421875, 1155.9178466796875, -719.2461547851562, 355.2451171875, 378.42388916015625, -882.6139526367188, -398.02886962890625, 284.80511474609375, 834.26416015625], [2817.615478515625, 1727.9429931640625, 860.5903930664062, 1263.8406982421875, 919.470703125, 732.9204711914062, -377.9825134277344, 204.96810913085938, 237.2970428466797, -519.5585327148438, -238.60108947753906, 212.82301330566406, 523.19677734375], [2431.43017578125, 1632.858642578125, 882.831298828125, 1155.9178466796875, 732.9204711914062, 810.7625732421875, -457.4524841308594, 276.24310302734375, 359.85113525390625, -470.6978454589844, -154.8570556640625, 86.1473388671875, 367.8567810058594], [-1248.68798828125, -961.7891235351562, -589.0734252929688, -719.2461547851562, -377.9825134277344, -457.4524841308594, 527.6381225585938, -198.79324340820312, -236.8712615966797, 329.1413879394531, 54.772239685058594, -47.83648681640625, -173.25588989257812], [558.6749267578125, 463.8748779296875, 333.2088928222656, 355.2451171875, 204.96810913085938, 276.24310302734375, -198.79324340820312, 260.480712890625, 222.31825256347656, -81.69389343261719, 15.523072242736816, -31.014528274536133, 49.87997817993164], [766.1220703125, 614.5277709960938, 573.5059814453125, 378.42388916015625, 237.2970428466797, 359.85113525390625, -236.8712615966797, 222.31825256347656, 479.4762268066406, 34.44789123535156, 124.77706146240234, -114.04479217529297, -98.05986785888672], [-1885.7733154296875, -1162.29931640625, -360.8542175292969, -882.6139526367188, -519.5585327148438, -470.6978454589844, 329.1413879394531, -81.69389343261719, 34.44789123535156, 647.2527465820312, 352.1951599121094, -175.6115264892578, -486.1194152832031], [-1019.1160278320312, -362.1556396484375, 74.77867126464844, -398.02886962890625, -238.60108947753906, -154.8570556640625, 54.772239685058594, 15.523072242736816, 124.77706146240234, 352.1951599121094, 417.1792297363281, -7.492771148681641, -275.1122741699219], [479.60845947265625, 448.9718017578125, 111.42073059082031, 284.80511474609375, 212.82301330566406, 86.1473388671875, -47.83648681640625, -31.014528274536133, -114.04479217529297, -175.6115264892578, -7.492771148681641, 404.7299499511719, 361.3083190917969], [1740.6708984375, 1098.12353515625, 295.888427734375, 834.26416015625, 523.19677734375, 367.8567810058594, -173.25588989257812, 49.87997817993164, -98.05986785888672, -486.1194152832031, -275.1122741699219, 361.3083190917969, 701.1585693359375]], "lowlevel.mfcc.icov": [[0.0008366435649804771, 0.00018436061509419233, -0.0006749313906766474, -0.000845428672619164, -0.0008337629842571914, -0.00018153764540329576, -0.0005996770923957229, 0.000806095136795193, -0.0003577861643861979, 0.00044731685193255544, 0.0005592067027464509, 0.0004278711276128888, -0.0003041309246327728], [0.00018436061509419233, 0.0018220919882878661, -0.0009807072347030044, -0.0006949855596758425, -0.0006127798114903271, -0.0008418653160333633, -0.0004565597919281572, 0.0007112635066732764, -0.0006424284656532109, 0.0012594880536198616, -0.00045566234621219337, 5.632895044982433e-05, -0.0007595231872983277], [-0.0006749313906766474, -0.0009807072347030044, 0.004553980194032192, -0.0006558927707374096, -0.0005114792147651315, 6.286966527113691e-05, 0.0011899742530658841, -7.48328457120806e-05, -0.0007405651267617941, -0.0007043118239380419, -0.0029334980063140392, 8.669720409670845e-05, 0.0009306081919930875], [-0.000845428672619164, -0.0006949855596758425, -0.0006558927707374096, 0.007887394167482853, -0.0022614640183746815, -0.0015042693121358752, 0.0027036620303988457, -0.0012670025462284684, 0.0001951005106093362, -0.00032144866418093443, 0.0013918649638071656, 0.0002978288976009935, -0.002488675294443965], [-0.0008337629842571914, -0.0006127798114903271, -0.0005114792147651315, -0.0022614640183746815, 0.00958588719367981, -0.002667871071025729, -0.0012816159287467599, -0.0007930556894280016, 0.0007582519901916385, -0.0015496199484914541, 0.0017115476075559855, -0.0025522715877741575, 0.0009411447681486607], [-0.00018153764540329576, -0.0008418653160333633, 6.286966527113691e-05, -0.0015042693121358752, -0.002667871071025729, 0.01217398326843977, 8.608903590356931e-05, -0.002259029308333993, -0.003811973612755537, 0.003850454231724143, -0.0014494064962491393, 0.0011440612142905593, 0.0002964101149700582], [-0.0005996770923957229, -0.0004565597919281572, 0.0011899742530658841, 0.0027036620303988457, -0.0012816159287467599, 8.608903590356931e-05, 0.006742107216268778, 0.0007799433660693467, 0.0013711205683648586, -0.0041369106620550156, 0.0009645347017794847, 0.0004841582849621773, -0.00154109054710716], [0.000806095136795193, 0.0007112635066732764, -7.48328457120806e-05, -0.0012670025462284684, -0.0007930556894280016, -0.002259029308333993, 0.0007799433660693467, 0.009099112823605537, -0.00266235857270658, -7.370051025645807e-05, -0.0006140344776213169, 0.0016319694695994258, -0.0017589818453416228], [-0.0003577861643861979, -0.0006424284656532109, -0.0007405651267617941, 0.0001951005106093362, 0.0007582519901916385, -0.003811973612755537, 0.0013711205683648586, -0.00266235857270658, 0.009470277465879917, -0.004526105243712664, -2.6501211323193274e-05, 0.0007253325893543661, 0.001739376224577427], [0.00044731685193255544, 0.0012594880536198616, -0.0007043118239380419, -0.00032144866418093443, -0.0015496199484914541, 0.003850454231724143, -0.0041369106620550156, -7.370051025645807e-05, -0.004526105243712664, 0.011642313562333584, -0.00492447754368186, 0.0010877010645344853, 0.0006618821644224226], [0.0005592067027464509, -0.00045566234621219337, -0.0029334980063140392, 0.0013918649638071656, 0.0017115476075559855, -0.0014494064962491393, 0.0009645347017794847, -0.0006140344776213169, -2.6501211323193274e-05, -0.00492447754368186, 0.010774902068078518, -0.004326432477682829, 0.001711769844405353], [0.0004278711276128888, 5.632895044982433e-05, 8.669720409670845e-05, 0.0002978288976009935, -0.0025522715877741575, 0.0011440612142905593, 0.0004841582849621773, 0.0016319694695994258, 0.0007253325893543661, 0.0010877010645344853, -0.004326432477682829, 0.008343075402081013, -0.005374801345169544], [-0.0003041309246327728, -0.0007595231872983277, 0.0009306081919930875, -0.002488675294443965, 0.0009411447681486607, 0.0002964101149700582, -0.00154109054710716, -0.0017589818453416228, 0.001739376224577427, 0.0006618821644224226, 0.001711769844405353, -0.005374801345169544, 0.008969154208898544]], "metadata.a