{"song_id": "1182274895242072084", "download": "https://cdn.discordapp.com/attachments/1128313332273782784/1182274895242072084/chirp.mp4?ex=65841a4c&amp", "lyrics": "Lucie est rentr\u00e9e du coll\u00e8ge\nAm\u00e9lie est rentr\u00e9e du coll\u00e8ge\nElle a deux heures pour manger\nTranquille.\nAlors elles ont les tablettes.\nC'est cool.", "style": ["cinematic royal"], "essentia_features": {"lowlevel.average_loudness": 0.8272421956062317, "lowlevel.barkbands_crest.mean": 17.330303192138672, "lowlevel.barkbands_crest.stdev": 5.122864246368408, "lowlevel.barkbands_flatness_db.mean": 0.31973394751548767, "lowlevel.barkbands_flatness_db.stdev": 0.0928410142660141, "lowlevel.barkbands_kurtosis.mean": 49.14405059814453, "lowlevel.barkbands_kurtosis.stdev": 80.66909790039062, "lowlevel.barkbands_skewness.mean": 4.218260288238525, "lowlevel.barkbands_skewness.stdev": 3.623661518096924, "lowlevel.barkbands_spread.mean": 6.875387191772461, "lowlevel.barkbands_spread.stdev": 13.97018051147461, "lowlevel.dissonance.mean": 0.35936814546585083, "lowlevel.dissonance.stdev": 0.06666301190853119, "lowlevel.dynamic_complexity": 8.3790922164917, "lowlevel.erbbands_crest.mean": 15.442362785339355, "lowlevel.erbbands_crest.stdev": 5.222428798675537, "lowlevel.erbbands_flatness_db.mean": 0.2991645038127899, "lowlevel.erbbands_flatness_db.stdev": 0.07392451167106628, "lowlevel.erbbands_kurtosis.mean": 12.446737289428711, "lowlevel.erbbands_kurtosis.stdev": 13.511019706726074, "lowlevel.erbbands_skewness.mean": 2.368877410888672, "lowlevel.erbbands_skewness.stdev": 1.6708959341049194, "lowlevel.erbbands_spread.mean": 16.699623107910156, "lowlevel.erbbands_spread.stdev": 22.495145797729492, "lowlevel.hfc.mean": 6.499109268188477, "lowlevel.hfc.stdev": 9.661125183105469, "lowlevel.loudness_ebu128.integrated": -21.72605323791504, "lowlevel.loudness_ebu128.loudness_range": 5.264307022094727, "lowlevel.loudness_ebu128.momentary.mean": -26.42725944519043, "lowlevel.loudness_ebu128.momentary.stdev": 7.798163890838623, "lowlevel.loudness_ebu128.short_term.mean": -22.777864456176758, "lowlevel.loudness_ebu128.short_term.stdev": 2.0704736709594727, "lowlevel.melbands_crest.mean": 19.23163414001465, "lowlevel.melbands_crest.stdev": 5.158442497253418, "lowlevel.melbands_flatness_db.mean": 0.3900788724422455, "lowlevel.melbands_flatness_db.stdev": 0.10625138133764267, "lowlevel.melbands_kurtosis.mean": 40.58182144165039, "lowlevel.melbands_kurtosis.stdev": 60.42884826660156, "lowlevel.melbands_skewness.mean": 3.609553098678589, "lowlevel.melbands_skewness.stdev": 2.5769758224487305, "lowlevel.melbands_spread.mean": 9.404068946838379, "lowlevel.melbands_spread.stdev": 24.175458908081055, "lowlevel.pitch_salience.mean": 0.44804731011390686, "lowlevel.pitch_salience.stdev": 0.14916591346263885, "lowlevel.silence_rate_20dB.mean": 1.0, "lowlevel.silence_rate_20dB.stdev": 0.0, "lowlevel.silence_rate_30dB.mean": 0.9824561476707458, "lowlevel.silence_rate_30dB.stdev": 0.13128693401813507, "lowlevel.silence_rate_60dB.mean": 0.41910332441329956, "lowlevel.silence_rate_60dB.stdev": 0.4934115707874298, "lowlevel.spectral_centroid.mean": 577.96435546875, "lowlevel.spectral_centroid.stdev": 651.4895629882812, "lowlevel.spectral_complexity.mean": 3.840155839920044, "lowlevel.spectral_complexity.stdev": 2.937589645385742, "lowlevel.spectral_decrease.mean": -4.619144622353133e-09, "lowlevel.spectral_decrease.stdev": 7.40990868663971e-09, "lowlevel.spectral_energy.mean": 0.018023202195763588, "lowlevel.spectral_energy.stdev": 0.028786221519112587, "lowlevel.spectral_energyband_high.mean": 8.443753176834434e-05, "lowlevel.spectral_energyband_high.stdev": 0.0003570281551219523, "lowlevel.spectral_energyband_low.mean": 8.035885912249796e-06, "lowlevel.spectral_energyband_low.stdev": 2.0849685824941844e-05, "lowlevel.spectral_energyband_middle_high.mean": 0.0004808305238839239, "lowlevel.spectral_energyband_middle_high.stdev": 0.0014994664816185832, "lowlevel.spectral_energyband_middle_low.mean": 0.017478683963418007, "lowlevel.spectral_energyband_middle_low.stdev": 0.02836330607533455, "lowlevel.spectral_entropy.mean": 5.824710369110107, "lowlevel.spectral_entropy.stdev": 0.9781673550605774, "lowlevel.spectral_flux.mean": 0.0354405976831913, "lowlevel.spectral_flux.stdev": 0.03901391103863716, "lowlevel.spectral_kurtosis.mean": 25.752172470092773, "lowlevel.spectral_kurtosis.stdev": 25.889698028564453, "lowlevel.spectral_rms.mean": 0.0030940300785005093, "lowlevel.spectral_rms.stdev": 0.0028302972204983234, "lowlevel.spectral_rolloff.mean": 989.9786376953125, "lowlevel.spectral_rolloff.stdev": 2047.40185546875, "lowlevel.spectral_skewness.mean": 3.770569324493408, "lowlevel.spectral_skewness.stdev": 1.960917592048645, "lowlevel.spectral_spread.mean": 3617278.5, "lowlevel.spectral_spread.stdev": 2406855.5, "lowlevel.spectral_strongpeak.mean": 0.8402132987976074, "lowlevel.spectral_strongpeak.stdev": 0.8202357888221741, "lowlevel.zerocrossingrate.mean": 0.037678562104701996, "lowlevel.zerocrossingrate.stdev": 0.062319688498973846, "metadata.audio_properties.analysis.equal_loudness": 0.0, "metadata.audio_properties.analysis.length": 11.88265323638916, "metadata.audio_properties.analysis.sample_rate": 44100.0, "metadata.audio_properties.analysis.start_time": 0.0, "metadata.audio_properties.bit_rate": 115573.0, "metadata.audio_properties.length": 11.88266658782959, "metadata.audio_properties.lossless": 0.0, "metadata.audio_properties.number_channels": 1.0, "metadata.audio_properties.replay_gain": -6.630287170410156, "metadata.audio_properties.sample_rate": 48000.0, "rhythm.beats_count": 28.0, "rhythm.beats_loudness.mean": 0.02593749575316906, "rhythm.beats_loudness.stdev": 0.03445194289088249, "rhythm.bpm": 143.5990447998047, "rhythm.bpm_histogram_first_peak_bpm": 144.0, "rhythm.bpm_histogram_first_peak_weight": 0.40000003576278687, "rhythm.bpm_histogram_second_peak_bpm": 157.0, "rhythm.bpm_histogram_second_peak_spread": 0.125, "rhythm.bpm_histogram_second_peak_weight": 0.25925925374031067, "rhythm.danceability": 1.0637201070785522, "rhythm.onset_rate": 3.3612804412841797, "tonal.chords_changes_rate": 0.023346303030848503, "tonal.chords_number_rate": 0.019455252215266228, "tonal.chords_strength.mean": 0.622687816619873, "tonal.chords_strength.stdev": 0.05812354013323784, "tonal.hpcp_crest.mean": 18.367074966430664, "tonal.hpcp_crest.stdev": 8.180435180664062, "tonal.hpcp_entropy.mean": 1.407726526260376, "tonal.hpcp_entropy.stdev": 0.6807993650436401, "tonal.key_edma.strength": 0.49726906418800354, "tonal.key_krumhansl.strength": 0.5031411051750183, "tonal.key_temperley.strength": 0.4813360869884491, "tonal.tuning_diatonic_strength": 0.42653146386146545, "tonal.tuning_equal_tempered_deviation": 0.30416926741600037, "tonal.tuning_frequency": 431.9417724609375, "tonal.tuning_nontempered_energy_ratio": 0.9897234439849854, "lowlevel.barkbands.mean": [1.3415123021331965e-06, 1.8934351828647777e-06, 2.610916226331028e-06, 8.298947250295896e-06, 0.013015552423894405, 0.001753294258378446, 0.0016538172494620085, 0.0007346876082010567, 0.00025212601758539677, 0.00015383509162347764, 0.0001588819723110646, 4.2714404116850346e-05, 2.4461089196847752e-05, 2.1126668798387982e-05, 2.994376336573623e-05, 1.6015288565540686e-05, 1.7152797227026895e-05, 2.440850767015945e-05, 2.2292533685686067e-05, 1.1141695722471923e-05, 1.5442235962837003e-05, 3.731219976543798e-06, 2.0321404008427635e-05, 1.8379208995611407e-05, 1.2948557014169637e-05, 6.548968030983815e-06, 2.417816915567528e-07], "lowlevel.barkbands.stdev": [6.876203315187013e-06, 5.050966592534678e-06, 8.723368409846444e-06, 2.074325311696157e-05, 0.02347174659371376, 0.003915263339877129, 0.0033398468513041735, 0.0030053292866796255, 0.0009113426203839481, 0.0006856006802991033, 0.0011045268038287759, 0.00013916454918216914, 6.969012611079961e-05, 5.330412750481628e-05, 0.00011339513002894819, 6.256765482248738e-05, 7.88528413977474e-05, 6.831507198512554e-05, 9.564622450852767e-05, 3.893432949553244e-05, 4.358289152150974e-05, 1.9165838239132427e-05, 0.00013078602205496281, 0.00011067873856518418, 5.32958802068606e-05, 2.8586193366209045e-05, 1.5181474282144336e-06], "lowlevel.erbbands.mean": [0.0001111599849537015, 0.0005888365558348596, 0.005611870903521776, 0.13638316094875336, 7.0301923751831055, 67.29690551757812, 32.00360870361328, 17.10299301147461, 17.27100944519043, 36.17154312133789, 7.193239212036133, 5.607792854309082, 5.778782844543457, 4.525304794311523, 6.87897253036499, 1.937636137008667, 1.1513959169387817, 1.2827975749969482, 1.664943814277649, 1.0633926391601562, 0.8292261362075806, 1.0625795125961304, 1.2389897108078003, 1.4634532928466797, 0.7426642775535583, 0.5192999839782715, 0.7279344201087952, 0.423753947019577, 0.13371600210666656, 0.2871856987476349, 0.6017676591873169, 0.4599190056324005, 0.27637726068496704, 0.1600184291601181, 0.08791544288396835, 0.040836118161678314, 0.00926455482840538, 0.0012866398319602013, 3.900677620549686e-05, 2.129591848643031e-05], "lowlevel.erbbands.stdev": [0.0002961439313367009, 0.0009345549624413252, 0.010253199376165867, 0.2667715549468994, 14.055850982666016, 126.40695190429688, 62.24448013305664, 38.723289489746094, 40.23799514770508, 104.88750457763672, 21.51955223083496, 23.290414810180664, 16.361120223999023, 21.42865562438965, 50.42034912109375, 6.480147838592529, 3.0678324699401855, 3.1245968341827393, 5.971151351928711, 3.523012399673462, 2.755444049835205, 5.002260208129883, 3.5917890071868896, 4.326266288757324, 4.058515548706055, 1.8195370435714722, 1.9898301362991333, 1.4124850034713745, 0.6335588693618774, 1.6323881149291992, 3.879032850265503, 2.8403480052948, 1.6920679807662964, 0.726616621017456, 0.365405410528183, 0.17399722337722778, 0.04262102395296097, 0.006528235971927643, 0.00015300296945497394, 3.220232611056417e-05], "lowlevel.gfcc.mean": [-226.03079223632812, 111.49907684326172, -92.03618621826172, -18.972993850708008, -90.00352478027344, -27.28915786743164, -66.50924682617188, -10.673681259155273, -38.95911407470703, 3.127281427383423, -4.531054973602295, 2.9843556880950928, 3.530071496963501], "lowlevel.melbands.mean": [6.827182801316667e-07, 1.0263594276693766e-06, 0.00010244932491332293, 0.0025482673663645983, 0.0017971486086025834, 0.0003538123273756355, 0.00028250148170627654, 0.0003553118440322578, 3.7968577089486644e-05, 3.61443089786917e-05, 2.842215144482907e-05, 1.7447737263864838e-05, 2.3229185899253935e-05, 8.518621143593919e-06, 2.5827603167272173e-06, 2.6917673494608607e-06, 2.1445171114464756e-06, 2.6866905500355642e-06, 1.4541423070113524e-06, 1.382196728627605e-06, 8.685748298375984e-07, 1.0473910379005247e-06, 1.0543045618760516e-06, 1.2088258927178686e-06, 1.2193855809528031e-06, 7.0019240183683e-07, 3.2916679515437863e-07, 3.3672122867756116e-07, 4.556293902169273e-07, 4.430680178302282e-07, 1.6983739214992966e-07, 6.990858025801572e-08, 7.089462883413944e-08, 2.0281866852656094e-07, 3.184525212418521e-07, 3.958808463266905e-07, 2.4434814349660883e-07, 2.0201034089950554e-07, 1.4288063709955168e-07, 1.377726306373006e-07], "lowlevel.melbands.stdev": [2.1725334136135643e-06, 2.8128740723332157e-06, 0.00026589178014546633, 0.004464134108275175, 0.003576718270778656, 0.0008473903872072697, 0.0005995658575557172, 0.0010814359411597252, 0.00011609709326876327, 0.00014157082478050143, 8.373392483917996e-05, 9.574813884682953e-05, 0.00015655127936042845, 5.206346031627618e-05, 7.263027782755671e-06, 8.192019777197856e-06, 5.559178134717513e-06, 9.708383004181087e-06, 5.1219471970398445e-06, 5.540208803722635e-06, 3.0695712212036597e-06, 4.7349972192023415e-06, 4.353446001914563e-06, 3.100020421697991e-06, 3.668026238301536e-06, 4.211735358694568e-06, 1.4140946404950228e-06, 1.215332872561703e-06, 1.382212985845399e-06, 1.3457836303132353e-06, 6.282231765908364e-07, 3.629143066063989e-07, 3.841742284294014e-07, 1.2260427411092678e-06, 2.000908807531232e-06, 2.711559773160843e-06, 1.4389484022103716e-06, 1.2887600178146386e-06, 7.827705417184916e-07, 5.97195310092502e-07], "lowlevel.melbands128.mean": [7.056619324430358e-07, 7.883467674218991e-07, 6.553125331265619e-07, 5.166403980183532e-07, 6.927662070665974e-07, 1.5199567542367731e-06, 2.562684812801308e-06, 4.914626515528653e-06, 0.00028539428603835404, 0.0021653014700859785, 0.004767308011651039, 0.0033628116361796856, 0.0007126816199161112, 0.00026801362400874496, 0.000431395776104182, 0.0003628295671660453, 0.0002711070410441607, 0.000217871944187209, 0.00031197696807794273, 0.0005926712183281779, 0.00025063540670089424, 3.4876735298894346e-05, 1.5434869055752642e-05, 2.723227589740418e-05, 4.1781782783800736e-05, 3.118278618785553e-05, 4.813828491023742e-05, 2.6647299819160253e-05, 1.1018194527423475e-05, 2.799988396873232e-05, 1.117104784498224e-05, 1.4317684872366954e-05, 2.986066829180345e-05, 2.9052120225969702e-05, 7.195752004918177e-06, 5.103599050926277e-06, 4.126720796193695e-06, 1.6533638245164184e-06, 2.7077844606537838e-06, 2.071059270747355e-06, 2.7702515126293292e-06, 3.1818667594052386e-06, 2.4223459149652626e-06, 1.7058206367437379e-06, 8.38527512314613e-07, 4.4891467041452415e-06, 2.7148437311552698e-06, 7.999205990927294e-07, 1.1561837709450629e-06, 1.7221161670022411e-06, 1.47081834711571e-06, 1.0296946584276156e-06, 8.158637001542957e-07, 9.114309591495839e-07, 7.284668299689656e-07, 9.356485861644614e-07, 1.6576364032516722e-06, 7.088397069310304e-07, 1.1738485454770853e-06, 9.73032797446649e-07, 1.2610636304088985e-06, 1.2917405456391862e-06, 1.2967271914021694e-06, 1.340078711109527e-06, 8.149283416969411e-07, 8.403777087551134e-07, 4.7556980575791385e-07, 3.1835602953833586e-07, 3.115050901669747e-07, 3.233771792565676e-07, 3.1684697887612856e-07, 3.033085533843405e-07, 5.072652129456401e-07, 4.794848109668237e-07, 4.0312579585588537e-07, 5.374503189159441e-07, 4.4329047454993997e-07, 2.289469733796068e-07, 1.3859444436548074e-07, 9.27464185451754e-08, 8.470321688491822e-08, 5.817022241672021e-08, 3.861016395489969e-08, 7.11753571636109e-08, 9.137713874451947e-08, 1.3749637162163708e-07, 2.5717437779348984e-07, 3.115234221695573e-07, 2.3928686232466134e-07, 3.891269670930342e-07, 5.207205617807631e-07, 3.3900317930601886e-07, 2.8873438395748963e-07, 2.4970634626697574e-07, 2.1002439609674184e-07, 2.141931929600105e-07, 2.0166201863958122e-07, 1.881058722119633e-07, 1.646284459866365e-07, 9.594138106194805e-08, 1.2396661475122528e-07, 1.5192311764167243e-07, 1.4700084705054905e-07, 1.238859539398618e-07, 8.533206852234798e-08, 7.392424805630071e-08, 9.807659751004394e-08, 7.938307078347862e-08, 8.895225533933626e-08, 4.88778475471463e-08, 3.825118355393897e-08, 3.522681168988129e-08, 2.2275287392403698e-08, 2.4994706748771023e-08, 1.932861160014454e-08, 1.1966249324757428e-08, 8.616361846236487e-09, 1.7881881531067734e-09, 1.1847510819618101e-11, 9.051087136724423e-12, 6.006492178634026e-12, 3.1475256428992182e-12, 2.9701208940219326e-12, 2.8976192105456544e-12, 2.7674423083018374e-12, 2.5594810559165238e-12, 2.444428990819314e-12, 2.4174431987461498e-12], "lowlevel.melbands128.stdev": [3.1998654321796494e-06, 2.9769876164209563e-06, 2.030790028584306e-06, 9.96546987153124e-07, 2.1102671325934352e-06, 5.217308171268087e-06, 8.456740943074692e-06, 1.277190494874958e-05, 0.0007952086161822081, 0.004379478748887777, 0.009351667948067188, 0.007975566200911999, 0.0016003738855943084, 0.0006309067830443382, 0.0011739374604076147, 0.001341929892078042, 0.001169391325674951, 0.0004954866017214954, 0.0007155808852985501, 0.001900268136523664, 0.0010791006498038769, 0.00015156723384279758, 8.438339864369482e-05, 0.00014293179265223444, 0.00026834657182917, 0.00013050092093180865, 0.0001832658745115623, 0.00010636654042173177, 7.559923687949777e-05, 0.00020874381880275905, 5.9140184021089226e-05, 0.00010052203288068995, 0.00019672497001010925, 0.00032103719422593713, 3.928669320885092e-05, 1.950405385287013e-05, 1.3532308912544977e-05, 8.763083314988762e-06, 1.0274287888023537e-05, 7.082020147208823e-06, 1.2845209312217776e-05, 9.910678272717632e-06, 8.534529115422629e-06, 5.669062829838367e-06, 3.6057551824342227e-06, 1.9200368114979938e-05, 1.3567066162067931e-05, 4.135934432270005e-06, 5.744966983911581e-06, 6.546193617396057e-06, 9.67431151366327e-06, 5.6097464948834386e-06, 3.164360123264487e-06, 6.036788818164496e-06, 2.650714350238559e-06, 4.024573627248174e-06, 1.4385968825081363e-05, 2.33884770750592e-06, 4.900674866803456e-06, 3.647227458714042e-06, 3.2250434287561802e-06, 4.673654530051863e-06, 3.7041677387605887e-06, 4.541571342997486e-06, 4.3075979192508385e-06, 6.175604539748747e-06, 3.4790352856362006e-06, 1.5513007838308113e-06, 1.3587962257588515e-06, 1.4997200423749746e-06, 1.3433916592475725e-06, 1.1186386927874992e-06, 2.2410847577702953e-06, 1.5997587752281106e-06, 1.053686105478846e-06, 1.4929764802218415e-06, 1.9605904526542872e-06, 7.624531122019107e-07, 5.897318828829157e-07, 4.707040375251381e-07, 5.610872904071584e-07, 3.1166968028628617e-07, 1.9421970876010164e-07, 4.463236678020621e-07, 5.403211957855092e-07, 7.941342801132123e-07, 1.6576872212681337e-06, 2.171689402530319e-06, 1.4196459687809693e-06, 2.851595127140172e-06, 3.6444366742216516e-06, 2.3446523300663102e-06, 1.915968368848553e-06, 1.5880167438808712e-06, 1.1575826874832273e-06, 1.4276739648266812e-06, 1.4635578509114566e-06, 1.1139903790535755e-06, 1.0299639825461782e-06, 4.801656245945196e-07, 6.00338239564735e-07, 6.745241876160435e-07, 6.593498937945697e-07, 5.232458875070733e-07, 3.8946475910961453e-07, 3.9318044287028897e-07, 4.4688476918963715e-07, 3.4054625075441436e-07, 4.479669257761998e-07, 2.1921609061337222e-07, 1.797513817791696e-07, 1.8689721059672593e-07, 1.0639562475489583e-07, 1.4472729503722803e-07, 9.188877925225825e-08, 7.84179690072051e-08, 5.223478538596282e-08, 1.3219874084313687e-08, 1.72254932540028e-10, 1.185437303874437e-10, 5.461778945781148e-11, 6.138243992953596e-12, 5.756034104215102e-12, 5.655723285535874e-12, 5.575638475224798e-12, 5.5080475770685755e-12, 5.460528296891143e-12, 5.430801208045066e-12], "lowlevel.mfcc.mean": [-887.324951171875, 160.56529235839844, 21.24953269958496, -2.6320464611053467, -14.558506965637207, -31.519338607788086, -18.532556533813477, -33.6583366394043, -25.590499877929688, -20.606182098388672, -20.492992401123047, -0.9845129251480103, -11.234950065612793], "lowlevel.spectral_contrast_coeffs.mean": [-0.49027353525161743, -0.6333745121955872, -0.7327085137367249, -0.7993142008781433, -0.8260234594345093, -0.8106234073638916], "lowlevel.spectral_contrast_coeffs.stdev": [0.16290590167045593, 0.09225426614284515, 0.0817575454711914, 0.06438704580068588, 0.06060958281159401, 0.059829991310834885], "lowlevel.spectral_contrast_valleys.mean": [-9.853909492492676, -8.61976432800293, -9.943018913269043, -10.419666290283203, -10.352808952331543, -12.826711654663086], "lowlevel.spectral_contrast_valleys.stdev": [0.9105049967765808, 1.1484519243240356, 1.2294524908065796, 1.369218349456787, 1.5779742002487183, 1.348667860031128], "rhythm.beats_loudness_band_ratio.mean": [0.03131352365016937, 0.7160089612007141, 0.20648373663425446, 0.030294690281152725, 0.022388126701116562, 0.05305197834968567], "rhythm.beats_loudness_band_ratio.stdev": [0.05578095093369484, 0.19751130044460297, 0.12373299896717072, 0.060071419924497604, 0.08876895159482956, 0.13629579544067383], "tonal.hpcp.mean": [0.20184944570064545, 0.35216227173805237, 0.20084138214588165, 0.04241696000099182, 0.049148526042699814, 0.09060786664485931, 0.15910236537456512, 0.2160785049200058, 0.150022491812706, 0.10482551902532578, 0.11031907051801682, 0.06082024425268173, 0.022852743044495583, 0.008646807633340359, 0.004767473787069321, 0.12398749589920044, 0.1940561980009079, 0.07561997324228287, 0.0065025645308196545, 0.00596876535564661, 0.0051315114833414555, 0.03139205276966095, 0.07196234166622162, 0.048783913254737854, 0.15414376556873322, 0.24542947113513947, 0.10312037914991379, 0.012704829685389996, 0.01134595088660717, 0.007567957509309053, 0.10573386400938034, 0.17125914990901947, 0.07442725449800491, 0.012375141493976116, 0.01537292543798685, 0.030053142458200455], "tonal.hpcp.stdev": [0.2756151556968689, 0.42505377531051636, 0.279974102973938, 0.1700311303138733, 0.1722494512796402, 0.2605971693992615, 0.28741455078125, 0.36233144998550415, 0.27176791429519653, 0.26448559761047363, 0.24541744589805603, 0.1998462826013565, 0.10847119987010956, 0.06581830233335495, 0.022166503593325615, 0.21506193280220032, 0.33239132165908813, 0.13363470137119293, 0.03351574018597603, 0.030172402039170265, 0.031320128589868546, 0.08025814592838287, 0.20078419148921967, 0.13772889971733093, 0.2234829217195511, 0.3561955690383911, 0.15441617369651794, 0.05827817693352699, 0.034375760704278946, 0.021718041971325874, 0.2163761556148529, 0.34690093994140625, 0.15004368126392365, 0.07407503575086594, 0.08791640400886536, 0.1286456286907196], "rhythm.beats_position": [0.40634921193122864, 0.8359183669090271, 1.277097463607788, 1.7066665887832642, 2.1246259212493896, 2.554194927215576, 2.9953742027282715, 3.4133331775665283, 3.8312923908233643, 4.249251842498779, 4.667210578918457, 5.085169792175293, 5.503129005432129, 5.921088218688965, 6.339047431945801, 6.733786582946777, 7.116916179656982, 7.500045299530029, 7.8715643882751465, 8.254693984985352, 8.637823104858398, 9.020952224731445, 9.404081344604492, 9.798820495605469, 10.181949615478516, 10.588298797607422, 10.994647979736328, 11.400997161865234], "rhythm.bpm_histogram": [0.0, 0.0, 0.0, 0.0, 0.0, 0.0, 0.0, 0.0, 0.0, 0.0, 0.0, 0.0, 0.0, 0.0, 0.0, 0.0, 0.0, 0.0, 0.0, 0.0, 0.0, 0.0, 0.0, 0.0, 0.0, 0.0, 0.0, 0.0, 0.0, 0.0, 0.0, 0.0, 0.0, 0.0, 0.0, 0.0, 0.0, 0.0, 0.0, 0.0, 0.0, 0.0, 0.0, 0.0, 0.0, 0.0, 0.0, 0.0, 0.0, 0.0, 0.0, 0.0, 0.0, 0.0, 0.0, 0.0, 0.0, 0.0, 0.0, 0.0, 0.0, 0.0, 0.0, 0.0, 0.0, 0.0, 0.0, 0.0, 0.0, 0.0, 0.0, 0.0, 0.0, 0.0, 0.0, 0.0, 0.0, 0.0, 0.0, 0.0, 0.0, 0.0, 0.0, 0.0, 0.0, 0.0, 0.0, 0.0, 0.0, 0.0, 0.0, 0.0, 0.0, 0.0, 0.0, 0.0, 0.0, 0.0, 0.0, 0.0, 0.0, 0.0, 0.0, 0.0, 0.0, 0.0, 0.0, 0.0, 0.0, 0.0, 0.0, 0.0, 0.0, 0.0, 0.0, 0.0, 0.0, 0.0, 0.0, 0.0, 0.0, 0.0, 0.0, 0.0, 0.0, 0.0, 0.0, 0.0, 0.0, 0.0, 0.0, 0.0, 0.0, 0.0, 0.0, 0.0, 0.07407407462596893, 0.0, 0.0, 0.0, 0.1111111119389534, 0.0, 0.0, 0.0, 0.3333333432674408, 0.0, 0.0, 0.0, 0.1111111119389534, 0.0, 0.0, 0.0, 0.07407407462596893, 0.0, 0.0, 0.0, 0.0, 0.25925925374031067, 0.0, 0.0, 0.0, 0.03703703731298447, 0.0, 0.0, 0.0, 0.0, 0.0, 0.0, 0.0, 0.0, 0.0, 0.0, 0.0, 0.0, 0.0, 0.0, 0.0, 0.0, 0.0, 0.0, 0.0, 0.0, 0.0, 0.0, 0.0, 0.0, 0.0, 0.0, 0.0, 0.0, 0.0, 0.0, 0.0, 0.0, 0.0, 0.0, 0.0, 0.0, 0.0, 0.0, 0.0, 0.0, 0.0, 0.0, 0.0, 0.0, 0.0, 0.0, 0.0, 0.0, 0.0, 0.0, 0.0, 0.0, 0.0, 0.0, 0.0, 0.0, 0.0, 0.0, 0.0, 0.0, 0.0, 0.0, 0.0, 0.0, 0.0, 0.0, 0.0, 0.0, 0.0, 0.0, 0.0, 0.0, 0.0, 0.0, 0.0, 0.0, 0.0, 0.0, 0.0, 0.0, 0.0, 0.0, 0.0, 0.0, 0.0, 0.0, 0.0, 0.0], "tonal.chords_histogram": [47.47081756591797, 0.0, 0.0, 24.90272331237793, 4.669260501861572, 7.392996311187744, 14.785992622375488, 0.0, 0.0, 0.0, 0.0, 0.0, 0.0, 0.7782101035118103, 0.0, 0.0, 0.0, 0.0, 0.0, 0.0, 0.0, 0.0, 0.0, 0.0], "tonal.thpcp": [1.0, 0.5703092217445374, 0.12044720351696014, 0.13956215977668762, 0.2572900950908661, 0.4517870843410492, 0.6135765314102173, 0.4260038733482361, 0.29766255617141724, 0.31326204538345337, 0.17270517349243164, 0.06489264965057373, 0.02455347590148449, 0.013537718914449215, 0.35207489132881165, 0.5510419607162476, 0.21473048627376556, 0.01846468262374401, 0.01694890670478344, 0.014571440406143665, 0.0891408771276474, 0.2043442726135254, 0.1385267972946167, 0.4377066493034363, 0.6969215273857117, 0.29282063245773315, 0.036076635122299194, 0.03221796080470085, 0.02148997224867344, 0.3002418875694275, 0.4863075017929077, 0.21134363114833832, 0.03514045104384422, 0.043652959167957306, 0.08533890545368195, 0.5731716752052307], "lowlevel.gfcc.cov": [[19884.54296875, -1709.2393798828125, -1294.5457763671875, 1201.3438720703125, -231.6164093017578, -1567.5020751953125, -1282.4088134765625, -4.427024841308594, -1507.0482177734375, -1281.656005859375, -1512.7918701171875, -1626.081298828125, -172.7322998046875], [-1709.2393798828125, 2536.575439453125, -99.01461791992188, -972.4652099609375, 319.559326171875, -152.45118713378906, 136.60513305664062, -297.31646728515625, 154.98440551757812, -143.9767303466797, 264.9806213378906, -78.3033447265625, 256.6341247558594], [-1294.5457763671875, -99.01461791992188, 749.84814453125, -30.26837730407715, -179.99246215820312, 131.4816436767578, 23.576772689819336, -16.66613006591797, 22.855632781982422, 45.78430938720703, -4.04807186126709, 116.74130249023438, -33.192527770996094], [1201.3438720703125, -972.4652099609375, -30.26837730407715, 965.5140380859375, 75.1184310913086, -231.09494018554688, -137.84230041503906, 173.81588745117188, -134.1677703857422, -91.72767639160156, -229.44126892089844, -105.26878356933594, -134.6550750732422], [-231.6164093017578, 319.559326171875, -179.99246215820312, 75.1184310913086, 338.3221435546875, -50.571388244628906, 23.555830001831055, -9.417859077453613, -15.294584274291992, -42.52932357788086, -18.57902717590332, -59.96122741699219, 6.47334623336792], [-1567.5020751953125, -152.45118713378906, 131.4816436767578, -231.09494018554688, -50.571388244628906, 587.7979125976562, 216.9048614501953, -59.76580810546875, 67.66080474853516, 223.16001892089844, 144.5977325439453, 194.841796875, -13.553567886352539], [-1282.4088134765625, 136.60513305664062, 23.576772689819336, -137.84230041503906, 23.555830001831055, 216.9048614501953, 268.19439697265625, -4.623459339141846, 30.632568359375, 101.17051696777344, 118.933349609375, 143.6796417236328, 28.807262420654297], [-4.427024841308594, -297.31646728515625, -16.66613006591797, 173.81588745117188, -9.417859077453613, -59.76580810546875, -4.623459339141846, 235.30191040039062, 15.150096893310547, 0.5063719749450684, -78.3626480102539, 0.6891754865646362, -22.765953063964844], [-1507.0482177734375, 154.98440551757812, 22.855632781982422, -134.1677703857422, -15.294584274291992, 67.66080474853516, 30.632568359375, 15.150096893310547, 317.87811279296875, 168.7531280517578, 170.00277709960938, 177.2343292236328, 23.224342346191406], [-1281.656005859375, -143.9767303466797, 45.78430938720703, -91.72767639160156, -42.52932357788086, 223.16001892089844, 101.17051696777344, 0.5063719749450684, 168.7531280517578, 290.1531066894531, 176.35470581054688, 198.89419555664062, -39.924461364746094], [-1512.7918701171875, 264.9806213378906, -4.04807186126709, -229.44126892089844, -18.57902717590332, 144.5977325439453, 118.933349609375, -78.3626480102539, 170.00277709960938, 176.35470581054688, 343.7999267578125, 232.4438934326172, 12.20710563659668], [-1626.081298828125, -78.3033447265625, 116.74130249023438, -105.26878356933594, -59.96122741699219, 194.841796875, 143.6796417236328, 0.6891754865646362, 177.2343292236328, 198.89419555664062, 232.4438934326172, 328.7275085449219, -1.77535080909729], [-172.7322998046875, 256.6341247558594, -33.192527770996094, -134.6550750732422, 6.47334623336792, -13.553567886352539, 28.807262420654297, -22.765953063964844, 23.224342346191406, -39.924461364746094, 12.20710563659668, -1.77535080909729, 94.40995025634766]], "lowlevel.gfcc.icov": [[0.0002185527264373377, 6.518603186123073e-05, 0.00041177895036526024, 8.115584205370396e-05, 0.00035038002533838153, 0.00020369153935462236, 0.0005116318934597075, 0.00024754443438723683, 0.0006386793684214354, 6.796808884246275e-05, 0.0004112721362616867, 2.0267494619474746e-05, 0.00021082408784423023], [6.518603186123073e-05, 0.0019591443706303835, -0.0005403020768426359, 0.0016413733828812838, -0.0018319061491638422, 0.0012327671283856034, -0.0010538490023463964, 0.0008939698454923928, -0.0008469895110465586, 0.0009592933347448707, -0.001393580692820251, 0.001754679367877543, -0.0013882433995604515], [0.00041177895036526024, -0.0005403020768426359, 0.002783432835713029, -0.0003021532320417464, 0.002117131371051073, -0.00025178593932650983, 0.0013191369362175465, 0.0006270642043091357, 0.0013258708640933037, 0.0003727280127350241, 0.0022133351303637028, -0.0017149345949292183, 0.001850155764259398], [8.115584205370396e-05, 0.0016413733828812838, -0.0003021532320417464, 0.0033147588837891817, -0.0019451937405392528, 0.0016049470286816359, -0.0005662825424224138, 6.57382988720201e-05, -0.00023891395539976656, 0.0009501106687821448, 2.837863576132804e-06, 0.0004616270598489791, 0.001329586491920054], [0.00035038002533838153, -0.0018319061491638422, 0.002117131371051073, -0.0019451937405392528, 0.00629779789596796, -0.0007249930640682578, 0.0006497466238215566, 0.00019899981271009892, 0.0012284732656553388, -0.00018753424228634685, 0.0021005512680858374, -0.0008059898973442614, 0.0022362368181347847], [0.00020369153935462236, 0.0012327671283856034, -0.00025178593932650983, 0.0016049470286816359, -0.0007249930640682578, 0.00445398036390543, -0.002232993021607399, 0.0015478404238820076, 0.0005652373656630516, -0.0015951573150232434, 0.000468118058051914, 0.00043508311500772834, 9.999769099522382e-05], [0.0005116318934597075, -0.0010538490023463964, 0.0013191369362175465, -0.0005662825424224138, 0.0006497466238215566, -0.002232993021607399, 0.009683522395789623, -0.0013702884316444397, 0.004545985255390406, -0.0012834074441343546, 0.000799969828221947, -0.0034085840452462435, -0.0020219767466187477], [0.00024754443438723683, 0.0008939698454923928, 0.0006270642043091357, 6.57382988720201e-05, 0.00019899981271009892, 0.0015478404238820076, -0.0013702884316444397, 0.006689194589853287, -0.0010568458819761872, 0.00021642682258971035, 0.002425116254016757, -0.0003330875188112259, 0.0006084378692321479], [0.0006386793684214354, -0.0008469895110465586, 0.0013258708640933037, -0.00023891395539976656, 0.0012284732656553388, 0.0005652373656630516, 0.004545985255390406, -0.0010568458819761872, 0.009431364946067333, -0.0039725154638290405, 0.0007568400469608605, -0.002913970500230789, -0.0022013969719409943], [6.796808884246275e-05, 0.0009592933347448707, 0.0003727280127350241, 0.0009501106687821448, -0.00018753424228634685, -0.0015951573150232434, -0.0012834074441343546, 0.00021642682258971035, -0.0039725154638290405, 0.0108180595561862, -0.0018090629018843174, -0.0008890359313227236, 0.004999724682420492], [0.0004112721362616867, -0.001393580692820251, 0.0022133351303637028, 2.837863576132804e-06, 0.0021005512680858374, 0.000468118058051914, 0.000799969828221947, 0.002425116254016757, 0.0007568400469608605, -0.0018090629018843174, 0.0105903847143054, -0.00611667288467288, 0.003151158569380641], [2.0267494619474746e-05, 0.001754679367877543, -0.0017149345949292183, 0.0004616270598489791, -0.0008059898973442614, 0.00043508311500772834, -0.0034085840452462435, -0.0003330875188112259, -0.002913970500230789, -0.0008890359313227236, -0.00611667288467288, 0.011824692599475384, -0.0022456154692918062], [0.00021082408784423023, -0.0013882433995604515, 0.001850155764259398, 0.001329586491920054, 0.0022362368181347847, 9.999769099522382e-05, -0.0020219767466187477, 0.0006084378692321479, -0.0022013969719409943, 0.004999724682420492, 0.003151158569380641, -0.0022456154692918062, 0.020129196345806122]], "lowlevel.mfcc.cov": [[17529.2265625, -2111.22607421875, -1818.2552490234375, 1258.5120849609375, 378.19891357421875, -1677.226806640625, -3.7636470794677734, -818.1226806640625, -55.73298263549805, -110.65585327148438, -1307.1060791015625, -469.5381774902344, -2067.30029296875], [-2111.22607421875, 2908.997802734375, -209.13771057128906, -708.453369140625, -84.54051208496094, 65.49256896972656, 27.057315826416016, -118.8484878540039, -37.95821762084961, -196.99252319335938, -2.1507568359375, 62.44627380371094, 79.51583099365234], [-1818.2552490234375, -209.13771057128906, 929.5956420898438, -208.59083557128906, -152.9635009765625, 238.599853515625, -57.062232971191406, 94.91015625, -31.90855598449707, -27.697263717651367, 116.03399658203125, 14.328394889831543, 273.1246643066406], [1258.5120849609375, -708.453369140625, -208.59083557128906, 895.3252563476562, 209.92039489746094, -296.7428283691406, -53.84891891479492, 1.685577630996704, 30.79743766784668, -9.957246780395508, -81.47422790527344, -94.08555603027344, -209.8422088623047], [378.19891357421875, -84.54051208496094, -152.9635009765625, 209.92039489746094, 251.0850830078125, -76.72344970703125, -52.57539367675781, -19.728851318359375, 28.81755828857422, -0.2311813235282898, -15.422224998474121, -22.844268798828125, -114.82051849365234], [-1677.226806640625, 65.49256896972656, 238.599853515625, -296.7428283691406, -76.72344970703125, 622.4273071289062, 110.3787841796875, 100.82026672363281, -47.781429290771484, 20.40398406982422, 214.87701416015625, 18.65505599975586, 306.6236267089844], [-3.7636470794677734, 27.057315826416016, -57.062232971191406, -53.84891891479492, -52.57539367675781, 110.3787841796875, 284.8806457519531, 48.51348114013672, -4.523108959197998, 14.741198539733887, -46.750675201416016, -31.593408584594727, 8.961173057556152], [-818.1226806640625, -118.8484878540039, 94.91015625, 1.685577630996704, -19.728851318359375, 100.82026672363281, 48.51348114013672, 191.09683227539062, 38.117881774902344, 27.15630531311035, 52.06899642944336, -0.0039831772446632385, 164.3219451904297], [-55.73298263549805, -37.95821762084961, -31.90855598449707, 30.79743766784668, 28.81755828857422, -47.781429290771484, -4.523108959197998, 38.117881774902344, 195.50628662109375, 50.09913635253906, -42.253395080566406, -46.506004333496094, -80.04552459716797], [-110.65585327148438, -196.99252319335938, -27.697263717651367, -9.957246780395508, -0.2311813235282898, 20.40398406982422, 14.741198539733887, 27.15630531311035, 50.09913635253906, 148.23309326171875, 35.729312896728516, -24.920291900634766, 3.659420967102051], [-1307.1060791015625, -2.1507568359375, 116.03399658203125, -81.47422790527344, -15.422224998474121, 214.87701416015625, -46.750675201416016, 52.06899642944336, -42.253395080566406, 35.729312896728516, 258.07305908203125, 98.41719055175781, 215.88818359375], [-469.5381774902344, 62.44627380371094, 14.328394889831543, -94.08555603027344, -22.844268798828125, 18.65505599975586, -31.593408584594727, -0.0039831772446632385, -46.506004333496094, -24.920291900634766, 98.41719055175781, 171.18980407714844, 103.99130249023438], [-2067.30029296875, 79.51583099365234, 273.1246643066406, -209.8422088623047, -114.82051849365234, 306.6236267089844, 8.961173057556152, 164.3219451904297, -80.04552459716797, 3.659420967102051, 215.88818359375, 103.99130249023438, 491.2621154785156]], "lowlevel.mfcc.icov": [[0.0002319767518201843, 0.00022890520631335676, 0.00031408166978508234, 9.601074998499826e-05, 0.00013215812214184552, 6.154381844680756e-05, 0.00010769701475510374, 0.00022669207828585058, 0.00040378954145126045, 0.00021882366854697466, 0.0005560943973250687, 0.00011920116230612621, 0.000514768878929317], [0.00022890520631335676, 0.0008124953601509333, 0.000591162359341979, 0.0007160063832998276, -1.52301126945531e-05, 0.0003643884265329689, -4.501097646425478e-05, 0.0005945753073319793, 0.0001120335582527332, 0.0012939745793119073, 0.00011708387319231406, 0.0006566486554220319, 0.00019803980831056833], [0.00031408166978508234, 0.000591162359341979, 0.002067227615043521, 0.000499420624691993, 0.000837059342302382, -8.573323430027813e-05, 0.0007382052135653794, 0.00014115136582404375, 0.00035712390672415495, 0.0012745097046718001, 0.00047290706424973905, 0.0009424020536243916, 0.00011989232734777033], [9.601074998499826e-05, 0.0007160063832998276, 0.000499420624691993, 0.0025443793274462223, -0.0011996706016361713, 0.001366621465422213, -0.00025894990540109575, -0.0004024296358693391, 0.0002862219698727131, 0.0017090239562094212, -0.001250807661563158, 0.0018709060968831182, 0.000290801894152537], [0.00013215812214184552, -1.52301126945531e-05, 0.000837059342302382, -0.0011996706016361713, 0.006086173467338085, -0.0007253002841025591, 0.0013549195136874914, -0.0007158045773394406, 5.856821735505946e-05, 0.0002166012127418071, -0.00019265541050117463, -0.00015268840070348233, 0.0017956133233383298], [6.154381844680756e-05, 0.0003643884265329689, -8.573323430027813e-05, 0.001366621465422213, -0.0007253002841025591, 0.00429715309292078, -0.0019990454893559217, 0.0005074860528111458, -0.00011682011972879991, 0.0015432997606694698, -0.0036242392379790545, 0.0028641740791499615, -0.001197603065520525], [0.00010769701475510374, -4.501097646425478e-05, 0.0007382052135653794, -0.00025894990540109575, 0.0013549195136874914, -0.0019990454893559217, 0.005410516634583473, -0.0019721100106835365, 0.001191973453387618, -0.0009993542917072773, 0.0028929112013429403, -0.000670748355332762, 0.0011371521977707744], [0.00022669207828585058, 0.0005945753073319793, 0.00014115136582404375, -0.0004024296358693391, -0.0007158045773394406, 0.0005074860528111458, -0.0019721100106835365, 0.011081412434577942, -0.0032392768189311028, 0.0002762101066764444, 0.0007907655090093613, 0.0012058870634064078, -0.004679983016103506], [0.00040378954145126045, 0.0001120335582527332, 0.00035712390672415495, 0.0002862219698727131, 5.856821735505946e-05, -0.00011682011972879991, 0.001191973453387618, -0.0032392768189311028, 0.008252211846411228, -0.002190827392041683, 0.0017097214004024863, 0.0003807264438364655, 0.0032821260392665863], [0.00021882366854697466, 0.0012939745793119073, 0.0012745097046718001, 0.0017090239562094212, 0.0002166012127418071, 0.0015432997606694698, -0.0009993542917072773, 0.0002762101066764444, -0.002190827392041683, 0.011154199950397015, -0.003989478573203087, 0.0038050746079534292, 0.0002537076361477375], [0.0005560943973250687, 0.00011708387319231406, 0.00047290706424973905, -0.001250807661563158, -0.00019265541050117463, -0.0036242392379790545, 0.0028929112013429403, 0.0007907655090093613, 0.0017097214004024863, -0.003989478573203087, 0.013094911351799965, -0.005459250416606665, -0.0008669616654515266], [0.00011920116230612621, 0.0006566486554220319, 0.0009424020536243916, 0.0018709060968831182, -0.00015268840070348233, 0.0028641740791499615, -0.000670748355332762, 0.0012058870634064078, 0.0003807264438364655, 0.0038050746079534292, -0.005459250416606665, 0.011106040328741074, -0.0014621088048443198], [0.000514768878929317, 0.00019803980831056833, 0.00011989232734777033, 0.000290801894152537, 0.0017956133233383298, -0.001197603065520525, 0.0011371521977707744, -0.004679983016103506, 0.0032821260392665863, 0.0002537076361477375, -0.0008669616654515266, -0.0014621088048443198, 0.008162518963217735]], "metadata.audio_properties.analysis.downmix": "mix", "metadata.audio_properties.codec": "mp3", "metadata.audio_properties.md5_encoded": "71e819d8fb5d512fee7b3a92edccb13d", "metadata.tags.file_name": "1182274895242072084.mp3", "metadata.version.essentia": "2.1-beta6-dev", "metadata.version.essentia_git_sha": "v2.1_beta5-1110-g77a6a954", "metadata.version.extractor": "music 2.0", "tonal.chords_key": "D", "tonal.chords_scale": "minor", "tonal.key_edma.key": "D", "tonal.key_edma.scale": "minor", "tonal.key_krumhansl.key": "D", "tonal.key_krumhansl.scale": "minor", "tonal.key_temperley.key": "D", "tonal.key_temperley.scale": "minor", "metadata.tags.encoding": ["Lavf58.45.100"]}, "essentia_models": [{"model_name": "genre_dortmund", "activations": {"alternative": "0.037969172", "blues": "0.03968853", "electronic": "0.011339436", "folkcountry": "0.499441", "funksoulrnb": "0.011258736", "jazz": "0.49734858", "pop": "0.18431582", "raphiphop": "0.0136368135", "rock": "0.019487815"}}, {"model_name": "genre_rosamerica", "activations": {"classic": "0.014084824", "dance": "0.0024648067", "hip hop": "0.00097230374", "jazz": "0.2529524", "pop": "0.07806784", "rhythm and blues": "0.16167538", "rock": "0.0036164608", "speech": "0.111964256"}}, {"model_name": "genre_tzanetakis", "activations": {"blues": "0.3952299", "classic": "0.0105243595"