{"song_id": "1182264525127434290", "download": "https://cdn.discordapp.com/attachments/1135911532732108921/1182264525127434290/chirp.mp4?ex=658410a4&amp", "lyrics": "[Verse]\nIn the heart of the Andes, majestic mountains stand\nLa Cordillera de los Andes, unites this sacred land\nMachu Picchu's ancient ruins, a testament of time\nWhere Aymara culture thrives, their spirit so sublime\n\n[Chorus]\nOh, la Cordillera de los Andes, where dreams take flight\nMachu Picchu shines, in the morning's golden light\nAymara heritage, strong and proud, it will never fade\nAs the condor soars above, an emblem of their grace", "style": ["andina electronica"], "essentia_features": {"lowlevel.average_loudness": 0.9040020704269409, "lowlevel.barkbands_crest.mean": 15.612103462219238, "lowlevel.barkbands_crest.stdev": 5.953380584716797, "lowlevel.barkbands_flatness_db.mean": 0.25296610593795776, "lowlevel.barkbands_flatness_db.stdev": 0.12062062323093414, "lowlevel.barkbands_kurtosis.mean": 27.761005401611328, "lowlevel.barkbands_kurtosis.stdev": 63.159725189208984, "lowlevel.barkbands_skewness.mean": 3.055971622467041, "lowlevel.barkbands_skewness.stdev": 3.7292227745056152, "lowlevel.barkbands_spread.mean": 26.455476760864258, "lowlevel.barkbands_spread.stdev": 25.003341674804688, "lowlevel.dissonance.mean": 0.46182960271835327, "lowlevel.dissonance.stdev": 0.0390363484621048, "lowlevel.dynamic_complexity": 3.598055124282837, "lowlevel.erbbands_crest.mean": 14.06098461151123, "lowlevel.erbbands_crest.stdev": 6.154870510101318, "lowlevel.erbbands_flatness_db.mean": 0.2078276127576828, "lowlevel.erbbands_flatness_db.stdev": 0.07536588609218597, "lowlevel.erbbands_kurtosis.mean": 3.9843759536743164, "lowlevel.erbbands_kurtosis.stdev": 14.05868911743164, "lowlevel.erbbands_skewness.mean": -0.1540987193584442, "lowlevel.erbbands_skewness.stdev": 1.948991060256958, "lowlevel.erbbands_spread.mean": 54.86461639404297, "lowlevel.erbbands_spread.stdev": 33.713470458984375, "lowlevel.hfc.mean": 32.942508697509766, "lowlevel.hfc.stdev": 61.568904876708984, "lowlevel.loudness_ebu128.integrated": -16.211637496948242, "lowlevel.loudness_ebu128.loudness_range": 3.5379676818847656, "lowlevel.loudness_ebu128.momentary.mean": -16.714344024658203, "lowlevel.loudness_ebu128.momentary.stdev": 2.150778293609619, "lowlevel.loudness_ebu128.short_term.mean": -16.4167423248291, "lowlevel.loudness_ebu128.short_term.stdev": 1.3242038488388062, "lowlevel.melbands_crest.mean": 20.314903259277344, "lowlevel.melbands_crest.stdev": 6.964400291442871, "lowlevel.melbands_flatness_db.mean": 0.3239755928516388, "lowlevel.melbands_flatness_db.stdev": 0.14048750698566437, "lowlevel.melbands_kurtosis.mean": 82.41777038574219, "lowlevel.melbands_kurtosis.stdev": 156.95680236816406, "lowlevel.melbands_skewness.mean": 5.527585506439209, "lowlevel.melbands_skewness.stdev": 5.058295249938965, "lowlevel.melbands_spread.mean": 31.66716957092285, "lowlevel.melbands_spread.stdev": 44.85038757324219, "lowlevel.pitch_salience.mean": 0.4364317059516907, "lowlevel.pitch_salience.stdev": 0.17968150973320007, "lowlevel.silence_rate_20dB.mean": 1.0, "lowlevel.silence_rate_20dB.stdev": 0.0, "lowlevel.silence_rate_30dB.mean": 0.9924681186676025, "lowlevel.silence_rate_30dB.stdev": 0.08645816892385483, "lowlevel.silence_rate_60dB.mean": 0.08806488662958145, "lowlevel.silence_rate_60dB.stdev": 0.2833883762359619, "lowlevel.spectral_centroid.mean": 1961.216796875, "lowlevel.spectral_centroid.stdev": 1369.5205078125, "lowlevel.spectral_complexity.mean": 10.517960548400879, "lowlevel.spectral_complexity.stdev": 9.595684051513672, "lowlevel.spectral_decrease.mean": -6.772825855705378e-09, "lowlevel.spectral_decrease.stdev": 6.319960998979468e-09, "lowlevel.spectral_energy.mean": 0.028550200164318085, "lowlevel.spectral_energy.stdev": 0.025762323290109634, "lowlevel.spectral_energyband_high.mean": 0.00396896293386817, "lowlevel.spectral_energyband_high.stdev": 0.008582781068980694, "lowlevel.spectral_energyband_low.mean": 0.014682736247777939, "lowlevel.spectral_energyband_low.stdev": 0.019063588231801987, "lowlevel.spectral_energyband_middle_high.mean": 0.002580062486231327, "lowlevel.spectral_energyband_middle_high.stdev": 0.005158676765859127, "lowlevel.spectral_energyband_middle_low.mean": 0.007786241825670004, "lowlevel.spectral_energyband_middle_low.stdev": 0.009893093258142471, "lowlevel.spectral_entropy.mean": 7.028562068939209, "lowlevel.spectral_entropy.stdev": 0.8707424998283386, "lowlevel.spectral_flux.mean": 0.08918223530054092, "lowlevel.spectral_flux.stdev": 0.07060062140226364, "lowlevel.spectral_kurtosis.mean": 2.865504264831543, "lowlevel.spectral_kurtosis.stdev": 3.110074996948242, "lowlevel.spectral_rms.mean": 0.004728310275822878, "lowlevel.spectral_rms.stdev": 0.002344549400731921, "lowlevel.spectral_rolloff.mean": 1935.3511962890625, "lowlevel.spectral_rolloff.stdev": 2688.9716796875, "lowlevel.spectral_skewness.mean": 1.0377771854400635, "lowlevel.spectral_skewness.stdev": 0.7344730496406555, "lowlevel.spectral_spread.mean": 5323560.0, "lowlevel.spectral_spread.stdev": 1659722.375, "lowlevel.spectral_strongpeak.mean": 0.8744710683822632, "lowlevel.spectral_strongpeak.stdev": 1.799441933631897, "lowlevel.zerocrossingrate.mean": 0.06848865747451782, "lowlevel.zerocrossingrate.stdev": 0.06973617523908615, "metadata.audio_properties.analysis.equal_loudness": 0.0, "metadata.audio_properties.analysis.length": 40.04265213012695, "metadata.audio_properties.analysis.sample_rate": 44100.0, "metadata.audio_properties.analysis.start_time": 0.0, "metadata.audio_properties.bit_rate": 127119.0, "metadata.audio_properties.length": 40.042667388916016, "metadata.audio_properties.lossless": 0.0, "metadata.audio_properties.number_channels": 1.0, "metadata.audio_properties.replay_gain": -10.902490615844727, "metadata.audio_properties.sample_rate": 48000.0, "rhythm.beats_count": 62.0, "rhythm.beats_loudness.mean": 0.06508059799671173, "rhythm.beats_loudness.stdev": 0.022943153977394104, "rhythm.bpm": 94.08638000488281, "rhythm.bpm_histogram_first_peak_bpm": 94.0, "rhythm.bpm_histogram_first_peak_weight": 0.25, "rhythm.bpm_histogram_second_peak_bpm": 99.0, "rhythm.bpm_histogram_second_peak_spread": 0.0, "rhythm.bpm_histogram_second_peak_weight": 0.016393441706895828, "rhythm.danceability": 1.2739425897598267, "rhythm.onset_rate": 6.016814231872559, "tonal.chords_changes_rate": 0.09490741044282913, "tonal.chords_number_rate": 0.013888888992369175, "tonal.chords_strength.mean": 0.4762275516986847, "tonal.chords_strength.stdev": 0.10373722016811371, "tonal.hpcp_crest.mean": 11.593534469604492, "tonal.hpcp_crest.stdev": 5.113193988800049, "tonal.hpcp_entropy.mean": 2.31858229637146, "tonal.hpcp_entropy.stdev": 0.8036211729049683, "tonal.key_edma.strength": 0.49444881081581116, "tonal.key_krumhansl.strength": 0.4763064384460449, "tonal.key_temperley.strength": 0.44561100006103516, "tonal.tuning_diatonic_strength": 0.472740113735199, "tonal.tuning_equal_tempered_deviation": 0.26088911294937134, "tonal.tuning_frequency": 434.193115234375, "tonal.tuning_nontempered_energy_ratio": 0.9204075932502747, "lowlevel.barkbands.mean": [0.00047814197023399174, 0.01141471229493618, 0.0023532730992883444, 0.0010828602826222777, 0.004775745794177055, 0.0010403149062767625, 0.00018229866691399366, 0.00013330145156942308, 0.0005222220788709819, 0.00017262267647311091, 0.00037104071816429496, 0.0003129845717921853, 0.0002671925467438996, 0.000435311027104035, 0.00038603757275268435, 0.0002656072610989213, 8.925508882384747e-05, 9.575542935635895e-05, 0.0001268500927835703, 0.0004203054995741695, 0.0019303732551634312, 0.0004634507931768894, 0.0002501201815903187, 0.00015417540271300822, 0.0006581644411198795, 0.00016488753317389637, 3.205765096936375e-06], "lowlevel.barkbands.stdev": [0.0011386934202164412, 0.014837415888905525, 0.007415497675538063, 0.0025817453861236572, 0.008144604973495007, 0.0023599094711244106, 0.0006044256151653826, 0.0004846084048040211, 0.0017104321159422398, 0.0005103884031996131, 0.0013939645141363144, 0.0009306815918534994, 0.0007495966856367886, 0.0013891842681914568, 0.0013301835861057043, 0.0008783286320976913, 0.00026471720775589347, 0.0003005884645972401, 0.0004099054785910994, 0.002165669808164239, 0.004508913494646549, 0.0014087149174883962, 0.0008742695790715516, 0.0005387463024817407, 0.002555642044171691, 0.0006277603097259998, 1.3053963812126312e-05], "lowlevel.erbbands.mean": [0.38431376218795776, 2.3237011432647705, 2.9749386310577393, 3.4459688663482666, 13.298381805419922, 13.597423553466797, 6.818829536437988, 10.00357437133789, 3.990471124649048, 2.38822340965271, 3.520258665084839, 11.989062309265137, 7.968541145324707, 10.100586891174316, 15.367569923400879, 11.845194816589355, 12.01559066772461, 19.441102981567383, 22.943695068359375, 17.9846134185791, 11.951460838317871, 5.320522308349609, 4.863821029663086, 6.747133731842041, 6.559552192687988, 21.372940063476562, 99.42967224121094, 35.360347747802734, 16.23419761657715, 15.938304901123047, 5.174840450286865, 1.6578097343444824, 4.431735515594482, 9.143534660339355, 3.3771228790283203, 0.8758997321128845, 0.29350724816322327, 0.038086891174316406, 0.0008189603686332703, 7.141254172893241e-05], "lowlevel.erbbands.stdev": [0.4818856418132782, 3.5038745403289795, 8.563207626342773, 7.804261207580566, 23.12141227722168, 23.826648712158203, 12.091444969177246, 24.709829330444336, 12.008288383483887, 6.922599792480469, 12.346132278442383, 39.914466857910156, 20.395465850830078, 39.75817108154297, 48.654685974121094, 35.239219665527344, 33.089073181152344, 54.74513626098633, 80.07755279541016, 57.23928451538086, 32.36985778808594, 15.194456100463867, 15.654364585876465, 20.091472625732422, 24.926101684570312, 98.89633178710938, 234.34060668945312, 91.3782958984375, 49.252647399902344, 50.157188415527344, 18.596086502075195, 5.605350494384766, 16.315832138061523, 37.484073638916016, 12.8224515914917, 3.408909320831299, 1.133211374282837, 0.14270079135894775, 0.0028233088087290525, 0.00013550779840443283], "lowlevel.gfcc.mean": [-84.40116119384766, 81.58553314208984, -79.9399642944336, 62.773338317871094, -52.11041259765625, 24.683338165283203, -9.321015357971191, -13.590437889099121, -26.920881271362305, 17.945724487304688, -26.733675003051758, -6.703419208526611, 12.274651527404785], "lowlevel.melbands.mean": [0.0033425437286496162, 0.0020156658720225096, 0.0008554600062780082, 0.0011628104839473963, 0.00027745586703531444, 0.00021214330627117306, 5.5028700444381684e-05, 2.539847446314525e-05, 2.9200808057794347e-05, 8.366736437892541e-05, 3.874685717164539e-05, 3.740018655662425e-05, 5.1842842367477715e-05, 3.919907976523973e-05, 2.570416654634755e-05, 2.693551687116269e-05, 3.7965146475471556e-05, 3.850766006507911e-05, 2.8098738766857423e-05, 2.1434694644995034e-05, 1.1841521882161032e-05, 5.351593244995456e-06, 4.37022981714108e-06, 4.470633029995952e-06, 5.635794877889566e-06, 4.530447313300101e-06, 5.0331850616203155e-06, 1.415655788150616e-05, 5.681670154444873e-05, 5.694381979992613e-05, 9.486556336923968e-06, 8.05188301455928e-06, 1.0267173820466269e-05, 8.309028999065049e-06, 3.3498110951768467e-06, 1.2536659141915152e-06, 7.473767027477152e-07, 1.9100252757198177e-06, 6.427398147934582e-06, 8.114991942420602e-06], "lowlevel.melbands.stdev": [0.004090647678822279, 0.004075618460774422, 0.001441080472432077, 0.002107433509081602, 0.0005113044753670692, 0.0005078086396679282, 0.00016693747602403164, 7.503374945372343e-05, 0.00010212103370577097, 0.00028814616962336004, 0.00010164286504732445, 0.0001497305347584188, 0.00017621956067159772, 0.00011536126839928329, 7.904828089522198e-05, 7.266116153914481e-05, 0.00011474877828732133, 0.0001416222658008337, 8.790975698502734e-05, 7.68871177569963e-05, 3.274929622421041e-05, 1.6102285371744074e-05, 1.5168337085924577e-05, 1.4740955521119758e-05, 1.7216840205946937e-05, 1.6287254766211845e-05, 2.3963386411196552e-05, 8.124599844450131e-05, 0.00013989629223942757, 0.00014380879292730242, 3.0397206501220353e-05, 2.5707477107062005e-05, 3.265622945036739e-05, 2.7572099497774616e-05, 1.3099725038046017e-05, 4.519574304140406e-06, 2.7460123419587035e-06, 6.805805696785683e-06, 2.6625570171745494e-05, 3.332851701998152e-05], "lowlevel.melbands128.mean": [0.00043990800622850657, 0.0029520539101213217, 0.004968722816556692, 0.0034142264630645514, 0.001733387354761362, 0.0011058597592636943, 0.0006143712671473622, 0.0005799324717372656, 0.0014243987388908863, 0.0017717033624649048, 0.0004908463452011347, 0.0003582569188438356, 0.0001663280709180981, 0.00024161243345588446, 0.00027910718927159905, 0.0001714630489004776, 7.672825449844822e-05, 3.389206176507287e-05, 2.4443617803626694e-05, 2.639899503265042e-05, 2.458566268614959e-05, 2.5970337446779013e-05, 2.9174218070693314e-05, 3.062450559809804e-05, 5.914539724471979e-05, 0.00014811955043114722, 5.476019578054547e-05, 2.386069536441937e-05, 1.8836035451386124e-05, 2.4702765585971065e-05, 4.737317794933915e-05, 5.6734341342234984e-05, 4.9653765017865226e-05, 5.192351818550378e-05, 4.762681419379078e-05, 3.551035115378909e-05, 2.548702286730986e-05, 2.456084985169582e-05, 2.5977911718655378e-05, 2.575625512690749e-05, 2.5992823793785647e-05, 3.0405539291677997e-05, 3.40555670845788e-05, 4.654501026379876e-05, 4.321388041717e-05, 3.5296288842801005e-05, 3.546038715285249e-05, 2.954499541374389e-05, 2.4630810003145598e-05, 2.2478880055132322e-05, 2.1838774046045728e-05, 2.005284659389872e-05, 1.3741316251980606e-05, 8.670305760460906e-06, 5.930115548835602e-06, 5.08926223119488e-06, 4.8059996515803505e-06, 4.349652954260819e-06, 4.3351665226509795e-06, 4.077080575370928e-06, 4.160041044087848e-06, 5.007449544791598e-06, 5.526089807972312e-06, 6.423482318496099e-06, 4.796568646270316e-06, 4.63302421849221e-06, 4.102825187146664e-06, 4.083038220414892e-06, 4.8750953283160925e-06, 6.608546300412854e-06, 1.1612910384428687e-05, 1.6788093489594758e-05, 3.0120858355076052e-05, 6.38447527308017e-05, 9.021261212183163e-05, 7.782001193845645e-05, 3.389708945178427e-05, 1.1284229913144372e-05, 6.9060201894899365e-06, 6.13280235484126e-06, 6.808694251958514e-06, 9.445650903217029e-06, 9.90979515336221e-06, 1.0450838090036996e-05, 1.0570193808234762e-05, 9.26079519558698e-06, 7.893982001405675e-06, 5.800793587695807e-06, 2.9491257009794936e-06, 1.6428764411102748e-06, 1.461112333345227e-06, 1.0891170632021385e-06, 1.0363556839365629e-06, 6.211065510797198e-07, 6.001486099194153e-07, 1.0204624913967564e-06, 1.7222882888745517e-06, 3.8086282074800692e-06, 5.248115940048592e-06, 8.111103852570523e-06, 1.0938240848190617e-05, 7.446952622558456e-06, 6.34959178569261e-06, 4.508587153395638e-06, 3.77501487491827e-06, 2.734733470788342e-06, 2.0242414393578656e-06, 1.8968420363307814e-06, 1.3956262137071462e-06, 9.060885304279509e-07, 1.0007969422076712e-06, 8.073056960711256e-07, 1.1367108072590781e-06, 9.482400287197379e-07, 5.933295597060351e-07, 4.4684279032480845e-07, 1.2857789499776118e-07, 2.02907397550689e-08, 3.170018691989185e-09, 4.2649314635490043e-10, 1.4807707837682926e-10, 7.516116201644607e-11, 4.854324407721489e-12, 4.903588386034885e-12, 4.170086585070232e-12, 3.53176298970026e-12, 3.2824569885098187e-12, 3.219424726808029e-12], "lowlevel.melbands128.stdev": [0.0010847101220861077, 0.004167958162724972, 0.0064346990548074245, 0.006200452800840139, 0.005133637227118015, 0.0032722169999033213, 0.0016751864459365606, 0.00136578269302845, 0.0025382707826793194, 0.003786988090723753, 0.0009603072539903224, 0.0010327791096642613, 0.0003541046171449125, 0.0006374485092237592, 0.0007821070030331612, 0.0005734980222769082, 0.0002924702421296388, 0.0001408612442901358, 8.256169530795887e-05, 8.991946378955618e-05, 8.216412970796227e-05, 0.00010992078750859946, 0.0001478188205510378, 0.00012040957517456263, 0.00021963345352560282, 0.0006164816441014409, 0.00017586885951459408, 8.256039291154593e-05, 6.0639715229626745e-05, 8.641925523988903e-05, 0.00026127821183763444, 0.00029951729811728, 0.0002159676660085097, 0.00021234460291452706, 0.00016961083747446537, 0.00013087334809824824, 0.00011173804523423314, 8.725175575818866e-05, 9.106579091167077e-05, 9.232896263711154e-05, 7.751056546112522e-05, 9.448369382880628e-05, 0.00011048148735426366, 0.00019034712749999017, 0.00017298526654485613, 0.00020972351194359362, 0.00014682015171274543, 0.00010646615555742756, 8.985056047094986e-05, 0.00010662362183211371, 9.713967301649973e-05, 6.48935092613101e-05, 4.138788062846288e-05, 3.0049712222535163e-05, 2.002021392399911e-05, 1.6468695321236737e-05, 1.6875632354640402e-05, 1.696367507975083e-05, 1.7526881492813118e-05, 1.6192387192859314e-05, 1.709817115624901e-05, 1.6329138816217892e-05, 1.6639598470646888e-05, 2.4295830371556804e-05, 1.7496235159342177e-05, 1.8142780390917324e-05, 1.7103064237744547e-05, 1.9002711269422434e-05, 2.5494686269667e-05, 3.767949601751752e-05, 9.078440780285746e-05, 0.00010447238310007378, 0.00013407506048679352, 0.0001644787407713011, 0.0002430043969070539, 0.0002202671894337982, 0.00010506086255190894, 4.094394535059109e-05, 2.5361761800013483e-05, 2.4794000637484714e-05, 2.319467421330046e-05, 3.356392335263081e-05, 3.403438677196391e-05, 3.689176810439676e-05, 3.496411954984069e-05, 3.1372423109132797e-05, 2.9126402296242304e-05, 2.5720204575918615e-05, 1.236661773873493e-05, 6.557929282280384e-06, 5.853862148796907e-06, 4.228831130603794e-06, 4.151945177000016e-06, 3.0653363864985295e-06, 2.5138674573099706e-06, 4.114764578844188e-06, 6.725526873196941e-06, 1.5766550859552808e-05, 2.255168328701984e-05, 3.66348831448704e-05, 4.9266960559180006e-05, 3.03392116620671e-05, 2.644160485942848e-05, 1.8662012735148892e-05, 1.6717540347599424e-05, 1.1267128684266936e-05, 8.628833711554762e-06, 7.648309292562772e-06, 5.98192173129064e-06, 4.497134796110913e-06, 4.543725935945986e-06, 3.3368455660820473e-06, 4.647361947718309e-06, 4.032940069009783e-06, 2.151871967726038e-06, 1.9968395008618245e-06, 4.948422542838671e-07, 1.3122495090556185e-07, 3.2376298975123063e-08, 8.991402289382222e-09, 3.9489131964387525e-09, 2.697155609965307e-09, 2.3745590563284402e-11, 2.9556492670002044e-11, 1.555988324297708e-11, 7.1675339274879235e-12, 5.840626593478504e-12, 5.742769974836914e-12], "lowlevel.mfcc.mean": [-743.341552734375, 109.97602081298828, 33.05936813354492, 44.21123504638672, -3.4079902172088623, 44.664451599121094, 16.780916213989258, -15.133981704711914, 27.390214920043945, -5.7259111404418945, -4.227334499359131, -2.2011146545410156, -1.7211533784866333], "lowlevel.spectral_contrast_coeffs.mean": [-0.6720570921897888, -0.791740894317627, -0.7917847633361816, -0.8183093070983887, -0.7135878205299377, -0.6768858432769775], "lowlevel.spectral_contrast_coeffs.stdev": [0.0981040969491005, 0.08482750505208969, 0.08801354467868805, 0.05305660143494606, 0.08492747694253922, 0.07362919300794601], "lowlevel.spectral_contrast_valleys.mean": [-7.276273727416992, -8.088825225830078, -8.477474212646484, -8.593574523925781, -8.897367477416992, -11.444961547851562], "lowlevel.spectral_contrast_valleys.stdev": [0.9514957070350647, 1.1503163576126099, 1.365247368812561, 1.4892348051071167, 1.6173923015594482, 1.810738205909729], "rhythm.beats_loudness_band_ratio.mean": [0.8050389885902405, 0.09470487385988235, 0.024025922641158104, 0.01526839192956686, 0.009223086759448051, 0.08050431311130524], "rhythm.beats_loudness_band_ratio.stdev": [0.166122168302536, 0.10199619084596634, 0.051987893879413605, 0.037356022745370865, 0.019195543602108955, 0.1278453767299652], "tonal.hpcp.mean": [0.05748121440410614, 0.05236352980136871, 0.06365250796079636, 0.07977548986673355, 0.09923013299703598, 0.11867255717515945, 0.12935756146907806, 0.18624621629714966, 0.28026577830314636, 0.25661176443099976, 0.12632685899734497, 0.05018702149391174, 0.030868979170918465, 0.026057220995426178, 0.027374235913157463, 0.025512274354696274, 0.024089505895972252, 0.023197617381811142, 0.02756238915026188, 0.034378163516521454, 0.06759558618068695, 0.0849192664027214, 0.0785805806517601, 0.08158053457736969, 0.07253285497426987, 0.09416782110929489, 0.11684408783912659, 0.0824841633439064, 0.0523674413561821, 0.04791908338665962, 0.04242745041847229, 0.04534405097365379, 0.06313449144363403, 0.1382213681936264, 0.23654420673847198, 0.16859771311283112], "tonal.hpcp.stdev": [0.15996769070625305, 0.16960446536540985, 0.19080843031406403, 0.21321816742420197, 0.2402963936328888, 0.2579832673072815, 0.2642403244972229, 0.29268157482147217, 0.383526474237442, 0.35104772448539734, 0.24482496082782745, 0.13082268834114075, 0.10657192021608353, 0.09092449396848679, 0.10994499176740646, 0.09725810587406158, 0.09287194907665253, 0.10231673717498779, 0.12346586585044861, 0.12215515971183777, 0.18404480814933777, 0.21942226588726044, 0.19659151136875153, 0.21411147713661194, 0.18839424848556519, 0.2101326733827591, 0.25871896743774414, 0.19183140993118286, 0.16129523515701294, 0.15440133213996887, 0.13683761656284332, 0.1444755643606186, 0.18090808391571045, 0.2500010132789612, 0.3647294342517853, 0.2862594723701477], "rhythm.beats_position": [0.5688889026641846, 1.172607660293579, 1.7879364490509033, 2.4148752689361572, 3.0534238815307617, 3.6919727325439453, 4.330521583557129, 4.9690704345703125, 5.607618808746338, 6.2461676597595215, 6.884716510772705, 7.523265361785889, 8.161813735961914, 8.800362586975098, 9.438911437988281, 10.077460289001465, 10.716009140014648, 11.354557991027832, 11.9931058883667, 12.631654739379883, 13.270203590393066, 13.90875244140625, 14.535691261291504, 15.174240112304688, 15.812788963317871, 16.462947845458984, 17.089885711669922, 17.728435516357422, 18.36698341369629, 19.01714324951172, 19.644081115722656, 20.282630920410156, 20.921178817749023, 21.54811668395996, 22.19827651977539, 22.836824417114258, 23.475374221801758, 24.113922119140625, 24.752471923828125, 25.391019821166992, 26.029569625854492, 26.67972755432129, 27.306665420532227, 27.945215225219727, 28.583763122558594, 29.222312927246094, 29.86086082458496, 30.49941062927246, 31.137958526611328, 31.7648983001709, 32.403446197509766, 33.041996002197266, 33.6805419921875, 34.33070373535156, 34.9692497253418, 35.61941146850586, 36.2463493347168, 36.8848991394043, 37.52344512939453, 38.16199493408203, 38.80054473876953, 39.439090728759766], "rhythm.bpm_histogram": [0.0, 0.0, 0.0, 0.0, 0.0, 0.0, 0.0, 0.0, 0.0, 0.0, 0.0, 0.0, 0.0, 0.0, 0.0, 0.0, 0.0, 0.0, 0.0, 0.0, 0.0, 0.0, 0.0, 0.0, 0.0, 0.0, 0.0, 0.0, 0.0, 0.0, 0.0, 0.0, 0.0, 0.0, 0.0, 0.0, 0.0, 0.0, 0.0, 0.0, 0.0, 0.0, 0.0, 0.0, 0.0, 0.0, 0.0, 0.0, 0.0, 0.0, 0.0, 0.0, 0.0, 0.0, 0.0, 0.0, 0.0, 0.0, 0.0, 0.0, 0.0, 0.0, 0.0, 0.0, 0.0, 0.0, 0.0, 0.0, 0.0, 0.0, 0.0, 0.0, 0.0, 0.0, 0.0, 0.0, 0.0, 0.0, 0.0, 0.0, 0.0, 0.0, 0.0, 0.0, 0.0, 0.0, 0.0, 0.0, 0.0, 0.0, 0.0, 0.0, 0.09836065769195557, 0.0, 0.7377049326896667, 0.0, 0.13114753365516663, 0.0, 0.016393441706895828, 0.016393441706895828, 0.0, 0.0, 0.0, 0.0, 0.0, 0.0, 0.0, 0.0, 0.0, 0.0, 0.0, 0.0, 0.0, 0.0, 0.0, 0.0, 0.0, 0.0, 0.0, 0.0, 0.0, 0.0, 0.0, 0.0, 0.0, 0.0, 0.0, 0.0, 0.0, 0.0, 0.0, 0.0, 0.0, 0.0, 0.0, 0.0, 0.0, 0.0, 0.0, 0.0, 0.0, 0.0, 0.0, 0.0, 0.0, 0.0, 0.0, 0.0, 0.0, 0.0, 0.0, 0.0, 0.0, 0.0, 0.0, 0.0, 0.0, 0.0, 0.0, 0.0, 0.0, 0.0, 0.0, 0.0, 0.0, 0.0, 0.0, 0.0, 0.0, 0.0, 0.0, 0.0, 0.0, 0.0, 0.0, 0.0, 0.0, 0.0, 0.0, 0.0, 0.0, 0.0, 0.0, 0.0, 0.0, 0.0, 0.0, 0.0, 0.0, 0.0, 0.0, 0.0, 0.0, 0.0, 0.0, 0.0, 0.0, 0.0, 0.0, 0.0, 0.0, 0.0, 0.0, 0.0, 0.0, 0.0, 0.0, 0.0, 0.0, 0.0, 0.0, 0.0, 0.0, 0.0, 0.0, 0.0, 0.0, 0.0, 0.0, 0.0, 0.0, 0.0, 0.0, 0.0, 0.0, 0.0, 0.0, 0.0, 0.0, 0.0, 0.0, 0.0, 0.0, 0.0, 0.0, 0.0, 0.0, 0.0, 0.0, 0.0, 0.0, 0.0, 0.0, 0.0, 0.0, 0.0, 0.0, 0.0, 0.0, 0.0], "tonal.chords_histogram": [2.314814805984497, 0.0, 2.314814805984497, 3.0092592239379883, 2.314814805984497, 0.0, 0.0, 0.3472222089767456, 10.416666984558105, 9.375, 0.9259259104728699, 10.648148536682129, 0.0, 3.125, 3.7037036418914795, 0.8101851940155029, 41.550926208496094, 0.23148147761821747, 0.0, 0.0, 0.0, 1.3888888359069824, 0.0, 7.523148059844971], "tonal.thpcp": [1.0, 0.9156014919281006, 0.4507395029067993, 0.179069384932518, 0.1101418063044548, 0.0929732546210289, 0.09767241775989532, 0.0910288617014885, 0.08595236390829086, 0.08277006447315216, 0.09834375232458115, 0.12266272306442261, 0.24118387699127197, 0.302995502948761, 0.2803787887096405, 0.2910827398300171, 0.2588002681732178, 0.3359947204589844, 0.41690459847450256, 0.2943069338798523, 0.1868492215871811, 0.17097729444503784, 0.1513829082250595, 0.16178946197032928, 0.2252665013074875, 0.4931796193122864, 0.8439996242523193, 0.6015636920928955, 0.20509538054466248, 0.18683525919914246, 0.22711481153964996, 0.2846422791481018, 0.354057252407074, 0.42342862486839294, 0.4615531861782074, 0.6645342707633972], "lowlevel.gfcc.cov": [[15123.5244140625, -4304.9619140625, -952.44580078125, -1663.8148193359375, 332.7581481933594, 185.71575927734375, -2690.288330078125, 1413.8736572265625, -1327.2862548828125, 613.09912109375, -126.36625671386719, 1226.8260498046875, -1157.32373046875], [-4304.9619140625, 3304.594482421875, 256.9830627441406, 219.5940399169922, -113.56878662109375, -318.9119567871094, 997.7542114257812, -663.3787841796875, 436.5173645019531, -428.76025390625, 143.38804626464844, -548.5037841796875, 506.1881408691406], [-952.44580078125, 256.9830627441406, 1019.6732177734375, 445.9517822265625, 98.05259704589844, -20.03545570373535, -3.15822172164917, -117.17374420166016, 3.747185230255127, -61.89876174926758, 33.70124053955078, 15.226302146911621, 121.41448974609375], [-1663.8148193359375, 219.5940399169922, 445.9517822265625, 912.2324829101562, 71.97391510009766, -24.133258819580078, 377.4019470214844, -211.64015197753906, 265.0294494628906, -59.769779205322266, 32.804779052734375, -118.52651977539062, 174.20521545410156], [332.7581481933594, -113.56878662109375, 98.05259704589844, 71.97391510009766, 630.8615112304688, 191.4834747314453, -192.21600341796875, 110.49858093261719, -53.55732727050781, 105.63822174072266, 111.57841491699219, 155.66053771972656, 20.184246063232422], [185.71575927734375, -318.9119567871094, -20.03545570373535, -24.133258819580078, 191.4834747314453, 424.197998046875, 105.86638641357422, 101.82817077636719, 29.218582153320312, 93.84864807128906, 60.66958236694336, 62.261558532714844, -10.675369262695312], [-2690.288330078125, 997.7542114257812, -3.15822172164917, 377.4019470214844, -192.21600341796875, 105.86638641357422, 1150.3443603515625, -151.99302673339844, 449.98199462890625, -92.18621063232422, 17.49444007873535, -316.8786315917969, 253.08566284179688], [1413.8736572265625, -663.3787841796875, -117.17374420166016, -211.64015197753906, 110.49858093261719, 101.82817077636719, -151.99302673339844, 525.9739990234375, -24.866981506347656, 102.50383758544922, -2.0760626792907715, 181.12155151367188, -148.06983947753906], [-1327.2862548828125, 436.5173645019531, 3.747185230255127, 265.0294494628906, -53.55732727050781, 29.218582153320312, 449.98199462890625, -24.866981506347656, 401.48211669921875, -22.837888717651367, 21.363325119018555, -122.25299835205078, 131.33912658691406], [613.09912109375, -428.76025390625, -61.89876174926758, -59.769779205322266, 105.63822174072266, 93.84864807128906, -92.18621063232422, 102.50383758544922, -22.837888717651367, 271.1976623535156, 63.633480072021484, 130.38906860351562, -18.300077438354492], [-126.36625671386719, 143.38804626464844, 33.70124053955078, 32.804779052734375, 111.57841491699219, 60.66958236694336, 17.49444007873535, -2.0760626792907715, 21.363325119018555, 63.633480072021484, 203.44593811035156, 90.85547637939453, 44.508602142333984], [1226.8260498046875, -548.5037841796875, 15.226302146911621, -118.52651977539062, 155.66053771972656, 62.261558532714844, -316.8786315917969, 181.12155151367188, -122.25299835205078, 130.38906860351562, 90.85547637939453, 308.5704040527344, -56.32862854003906], [-1157.32373046875, 506.1881408691406, 121.41448974609375, 174.20521545410156, 20.184246063232422, -10.675369262695312, 253.08566284179688, -148.06983947753906, 131.33912658691406, -18.300077438354492, 44.508602142333984, -56.32862854003906, 299.5313415527344]], "lowlevel.gfcc.icov": [[0.00021560894674621522, -7.272265065694228e-05, 0.00015865956083871424, -9.04858679859899e-05, 0.0001553159672766924, -0.00015801479457877576, 0.00027922866865992546, -0.00031677159131504595, 0.0003049669903703034, -0.00018875148089136928, 0.0002694987051654607, -0.00043252549949102104, 0.00026901523233391345], [-7.272265065694228e-05, 0.0017114875372499228, -0.0006183322984725237, 0.001503043225966394, -0.001134236459620297, 0.0015973717672750354, -0.001069995341822505, 0.0011922389967367053, -0.0010295946849510074, 0.001645248499698937, -0.002105382736772299, 0.0017283750930801034, -0.0009801365667954087], [0.00015865956083871424, -0.0006183322984725237, 0.0017216397682204843, -0.0013894049916416407, 0.0005089586484245956, -0.0007468139519914985, 0.0007246870663948357, -0.000672653375659138, 0.0009940239833667874, -0.00029621177236549556, 0.0007977696368470788, -0.0010322812013328075, -4.206801804684801e-06], [-9.04858679859899e-05, 0.001503043225966394, -0.0013894049916416407, 0.0034616119228303432, -0.001566645922139287, 0.0017809993587434292, -0.0013734176754951477, 0.0017961860867217183, -0.002117069438099861, 0.0013990661827847362, -0.0016613168409094214, 0.001344023854471743, -0.0006089059170335531], [0.0001553159672766924, -0.001134236459620297, 0.0005089586484245956, -0.001566645922139287, 0.0032971722539514303, -0.002207899233326316, 0.0015482889721170068, -0.001438136212527752, 0.0010509302373975515, -0.0012677564518526196, 0.0006101715262047946, -0.0012654750607907772, 3.481016028672457e-05], [-0.00015801479457877576, 0.0015973717672750354, -0.0007468139519914985, 0.0017809993587434292, -0.002207899233326316, 0.004916264209896326, -0.0020839974749833345, 0.0011234704870730639, -0.0010009667603299022, 0.0008983647567220032, -0.0021317133214324713, 0.0012988343369215727, -0.00034805439645424485], [0.00027922866865992546, -0.001069995341822505, 0.0007246870663948357, -0.0013734176754951477, 0.0015482889721170068, -0.0020839974749833345, 0.0034311634954065084, -0.0014724639477208257, -0.00045610766392201185, -0.0010674864752218127, 0.0007389684906229377, 0.0004491059808060527, -0.00030408025486394763], [-0.00031677159131504595, 0.0011922389967367053, -0.000672653375659138, 0.0017961860867217183, -0.001438136212527752, 0.0011234704870730639, -0.0014724639477208257, 0.004559327848255634, -0.002161322394385934, 0.0010810826206579804, -0.0005502772401086986, -0.0006289610755629838, 0.0006014516693539917], [0.0003049669903703034, -0.0010295946849510074, 0.0009940239833667874, -0.002117069438099861, 0.0010509302373975515, -0.0010009667603299022, -0.00045610766392201185, -0.002161322394385934, 0.006322063039988279, -0.0013319328427314758, 0.000914303120225668, -0.0006631494616158307, -0.00015697152412030846], [-0.00018875148089136928, 0.001645248499698937, -0.00029621177236549556, 0.0013990661827847362, -0.0012677564518526196, 0.0008983647567220032, -0.0010674864752218127, 0.0010810826206579804, -0.0013319328427314758, 0.0067308940924704075, -0.0026870558504015207, 0.0001498123601777479, -0.0012267334386706352], [0.0002694987051654607, -0.002105382736772299, 0.0007977696368470788, -0.0016613168409094214, 0.0006101715262047946, -0.0021317133214324713, 0.0007389684906229377, -0.0005502772401086986, 0.000914303120225668, -0.0026870558504015207, 0.009872682392597198, -0.005483785178512335, 0.001165224937722087], [-0.00043252549949102104, 0.0017283750930801034, -0.0010322812013328075, 0.001344023854471743, -0.0012654750607907772, 0.0012988343369215727, 0.0004491059808060527, -0.0006289610755629838, -0.0006631494616158307, 0.0001498123601777479, -0.005483785178512335, 0.010657991282641888, -0.002394996816292405], [0.00026901523233391345, -0.0009801365667954087, -4.206801804684801e-06, -0.0006089059170335531, 3.481016028672457e-05, -0.00034805439645424485, -0.00030408025486394763, 0.0006014516693539917, -0.00015697152412030846, -0.0012267334386706352, 0.001165224937722087, -0.002394996816292405, 0.006300013046711683]], "lowlevel.mfcc.cov": [[15678.6201171875, -3105.568603515625, -1948.6617431640625, -1561.361572265625, 1219.768310546875, -1723.616943359375, -204.8085479736328, -208.26487731933594, -1193.214599609375, -554.6357421875, 331.257568359375, -454.6414794921875, 401.06390380859375], [-3105.568603515625, 2512.738525390625, 231.2465362548828, 173.8367156982422, -323.84344482421875, 217.3409423828125, 132.09446716308594, -59.53669357299805, 177.7595977783203, 7.444949626922607, -137.7672119140625, 45.71982192993164, -178.0411376953125], [-1948.6617431640625, 231.2465362548828, 1076.6514892578125, 468.82843017578125, -131.5283203125, 278.27557373046875, -45.508052825927734, 55.33427429199219, 108.56848907470703, 16.19974136352539, -55.845367431640625, 7.335695266723633, -111.25819396972656], [-1561.361572265625, 173.8367156982422, 468.82843017578125, 778.0037231445312, -34.55218505859375, 212.81353759765625, -47.297725677490234, 54.5709342956543, 157.6722412109375, 66.1363296508789, -42.83022689819336, 54.93840408325195, -48.98412322998047], [1219.768310546875, -323.84344482421875, -131.5283203125, -34.55218505859375, 881.64599609375, -131.03651428222656, 49.62787628173828, -35.395469665527344, -228.4161376953125, -150.338134765625, -13.14570426940918, -83.4806137084961, 172.80416870117188], [-1723.616943359375, 217.3409423828125, 278.27557373046875, 212.81353759765625, -131.03651428222656, 642.2694702148438, 104.3118667602539, 32.23408508300781, 213.02389526367188, 81.9606704711914, -6.380719184875488, 103.01348876953125, 1.803182601928711], [-204.8085479736328, 132.09446716308594, -45.508052825927734, -47.297725677490234, 49.62787628173828, 104.3118667602539, 299.4916076660156, 72.6280746459961, 46.58271789550781, 17.991744995117188, 39.61204528808594, 48.06745910644531, 47.4991455078125], [-208.26487731933594, -59.53669357299805, 55.33427429199219, 54.5709342956543, -35.395469665527344, 32.23408508300781, 72.6280746459961, 323.04241943359375, 91.75946807861328, 127.68548583984375, 60.25534439086914, 87.29324340820312, 0.7640144228935242], [-1193.214599609375, 177.7595977783203, 108.56848907470703, 157.6722412109375, -228.4161376953125, 213.02389526367188, 46.58271789550781, 91.75946807861328, 406.3262939453125, 145.50071716308594, 33.73940658569336, 71.83892822265625, -38.435062408447266], [-554.6357421875, 7.444949626922607, 16.19974136352539, 66.1363296508789, -150.338134765625, 81.9606704711914, 17.991744995117188, 127.68548583984375, 145.50071716308594, 304.22381591796875, 37.24187088012695, 88.69465637207031, -55.908531188964844], [331.257568359375, -137.7672119140625, -55.845367431640625, -42.83022689819336, -13.14570426940918, -6.380719184875488, 39.61204528808594, 60.25534439086914, 33.73940658569336, 37.24187088012695, 197.13925170898438, 45.763736724853516, 50.57277297973633], [-454.6414794921875, 45.71982192993164, 7.335695266723633, 54.93840408325195, -83.4806137084961, 103.01348876953125, 48.06745910644531, 87.29324340820312, 71.83892822265625, 88.69465637207031, 45.763736724853516, 218.88746643066406, 25.964054107666016], [401.06390380859375, -178.0411376953125, -111.25819396972656, -48.98412322998047, 172.80416870117188, 1.803182601928711, 47.4991455078125, 0.7640144228935242, -38.435062408447266, -55.908531188964844, 50.57277297973633, 25.964054107666016, 221.18223571777344]], "lowlevel.mfcc.icov": [[0.00017357002070639282, 0.00014208057837095112, 0.00015065251500345767, 0.00010342016321374103, -6.397516699507833e-05, 0.0002077742392430082, 6.081806532165501e-06, -2.5494944566162303e-05, 0.00018670124700292945, 0.0001148075534729287, -0.0002096557873301208, 0.00011765704402932897, 4.0982158679980785e-05], [0.00014208057837095112, 0.0006083242478780448, 9.837418474489823e-05, 2.8246229703654535e-05, 6.611250864807516e-05, 0.0001531640300527215, -0.000331596820615232, 0.000135381385916844, 2.3060531020746566e-05, 0.00023564045841339976, 0.00012759248784277588, -4.101191007066518e-05, 0.0003448337665759027], [0.00015065251500345767, 9.837418474489823e-05, 0.0015912483213469386, -0.0006521021714434028, 5.1573661039583385e-05, -0.0003372984938323498, 0.00019949235138483346, -0.00039743472007103264, 0.0003386072057764977, 0.0004529610450845212, -0.00017288271919824183, 0.00037177547346800566, 0.000552229059394449], [0.00010342016321374103, 2.8246229703654535e-05, -0.0006521021714434028, 0.002049901755526662, -0.00035664733150042593, -6.012410085531883e-05, 0.00048409972805529833, -8.92610551090911e-05, -0.0004615706857293844, -7.403281051665545e-05, 0.00016879418399184942, -0.0003203360829502344, 3.673679384519346e-05], [-6.397516699507833e-05, 6.611250864807516e-05, 5.1573661039583385e-05, -0.00035664733150042593, 0.0017436033813282847, 1.4494525203190278e-05, -0.0004454875597730279, -0.00015678659838158637, 0.0006725987186655402, 0.0001789763628039509, 0.0003649492864497006, 0.0005244229105301201, -0.001132849371060729], [0.0002077742392430082, 0.0001531640300527215, -0.0003372984938323498, -6.012410085531883e-05, 1.4494525203190278e-05, 0.002660132013261318, -0.00078614242374897, 0.0004949067370034754, -0.0006742345285601914, -5.885118662263267e-05, 0.0001032852815114893, -0.0005753128789365292, -0.0003904587065335363], [6.081806532165501e-06, -0.000331596820615232, 0.00019949235138483346, 0.00048409972805529833, -0.0004454875597730279, -0.00078614242374897, 0.004394206218421459, -0.0009766475996002555, -0.00022963077935855836, 0.00020543842401821166, -0.0005328675615601242, -0.0002598216524347663, -0.0004918542108498514], [-2.5494944566162303e-05, 0.000135381385916844, -0.00039743472007103264, -8.92610551090911e-05, -0.00015678659838158637, 0.0004949067370034754, -0.0009766475996002555, 0.004420547746121883, -0.0004882022913079709, -0.001396891544573009, -0.000569279189221561, -0.0010489723645150661, 6.38171040918678e-05], [0.00018670124700292945, 2.3060531020746566e-05, 0.0003386072057764977, -0.0004615706857293844, 0.0006725987186655402, -0.0006742345285601914, -0.00022963077935855836, -0.0004882022913079709, 0.00426480732858181, -0.0009507240611128509, -0.0007107669371180236, 0.0004537047352641821, -0.00011082287528552115], [0.0001148075534729287, 0.00023564045841339976, 0.0004529610450845212, -7.403281051665545e-05, 0.0001789763628039509, -5.885118662263267e-05, 0.00020543842401821166, -0.001396891544573009, -0.0009507240611128509, 0.005246593151241541, -0.00045799423241987824, -0.0010845339857041836, 0.0014073201455175877], [-0.0002096557873301208, 0.00012759248784277588, -0.00017288271919824183, 0.00016879418399184942, 0.0003649492864497006, 0.0001032852815114893, -0.0005328675615601242, -0.000569279189221561, -0.0007107669371180236, -0.00045799423241987824, 0.006570600438863039, -0.0008555561653338373, -0.0013774775434285402], [0.00011765704402932897, -4.101191007066518e-05, 0.00037177547346800566, -0.0003203360829502344, 0.0005244229105301201, -0.0005753128789365292, -0.0002598216524347663, -0.0010489723645150661, 0.0004537047352641821, -0.0010845339857041836, -0.0008555561653338373, 0.006451270543038845, -0.0012328759767115116], [4.0982158679980785e-05, 0.0003448337665759027, 0.000552229059394449, 3.673679384519346e-05, -0.001132849371060729, -0.0003904587065335363, -0.0004918542108498514, 6.38171040918678e-05, -0.00011082287528552115, 0.0014073201455175877, -0.0013774775434285402, -0.0012328759767115116, 0.0068001472391188145]], "metadata.audio_properties.analysis.downmix": "mix", "metadata.audio_properties.codec": "mp3", "metadata.audio_properties.md5_encoded": "4025f5a2f5d9f170c1fecfdf9ff34584", "metadata.tags.file_name": "1182264525127434290.mp3", "metadata.version.essentia": "2.1-beta6-dev", "metadata.version.essentia_git_sha": "v2.1_beta5-1110-g77a6a954", "metadata.version.extractor":