{"song_id": "1182269610792325220", "download": "https://cdn.discordapp.com/attachments/1128313332273782784/1182269610792325220/chirp.mp4?ex=65841560&amp", "lyrics": "[intro]\n[verse 1]\n\u042f \u043d\u0430\u0432\u0441\u0435\u0433\u0434\u0430 \u0437\u0430\u043f\u043e\u043c\u043d\u044e \u043d\u043e\u0447\u044c, \n\u041a\u043e\u0433\u0434\u0430 \u0432\u0441\u0451 \u044d\u0442\u043e \u043d\u0430\u0447\u0430\u043b\u043e\u0441\u044c \n\u041f\u043e\u0434 \u0443\u0442\u0440\u043e \u044f \u0441 \u0443\u043c\u0430 \u0441\u043e\u0448\u043b\u0430 \n\u0417\u0430\u0447\u0435\u043c \u0436\u0435 \u044f \u0442\u0435\u0431\u044f \u043d\u0430\u0448\u043b\u0430!?", "style": ["random"], "essentia_features": {"lowlevel.average_loudness": 0.982749879360199, "lowlevel.barkbands_crest.mean": 10.918244361877441, "lowlevel.barkbands_crest.stdev": 3.5695626735687256, "lowlevel.barkbands_flatness_db.mean": 0.14555467665195465, "lowlevel.barkbands_flatness_db.stdev": 0.03642437979578972, "lowlevel.barkbands_kurtosis.mean": 9.853376388549805, "lowlevel.barkbands_kurtosis.stdev": 11.812769889831543, "lowlevel.barkbands_skewness.mean": 2.7058815956115723, "lowlevel.barkbands_skewness.stdev": 1.4698580503463745, "lowlevel.barkbands_spread.mean": 20.1573486328125, "lowlevel.barkbands_spread.stdev": 11.847993850708008, "lowlevel.dissonance.mean": 0.47099095582962036, "lowlevel.dissonance.stdev": 0.023764420300722122, "lowlevel.dynamic_complexity": 2.760164976119995, "lowlevel.erbbands_crest.mean": 8.148311614990234, "lowlevel.erbbands_crest.stdev": 4.428037643432617, "lowlevel.erbbands_flatness_db.mean": 0.1133551299571991, "lowlevel.erbbands_flatness_db.stdev": 0.026568913832306862, "lowlevel.erbbands_kurtosis.mean": -0.5399004220962524, "lowlevel.erbbands_kurtosis.stdev": 1.2691986560821533, "lowlevel.erbbands_skewness.mean": -0.0400707982480526, "lowlevel.erbbands_skewness.stdev": 0.638146698474884, "lowlevel.erbbands_spread.mean": 63.2147331237793, "lowlevel.erbbands_spread.stdev": 24.637372970581055, "lowlevel.hfc.mean": 20.182443618774414, "lowlevel.hfc.stdev": 13.879881858825684, "lowlevel.loudness_ebu128.integrated": -17.933576583862305, "lowlevel.loudness_ebu128.loudness_range": 1.185281753540039, "lowlevel.loudness_ebu128.momentary.mean": -18.1141300201416, "lowlevel.loudness_ebu128.momentary.stdev": 1.3001536130905151, "lowlevel.loudness_ebu128.short_term.mean": -17.942384719848633, "lowlevel.loudness_ebu128.short_term.stdev": 0.4256740212440491, "lowlevel.melbands_crest.mean": 14.9424409866333, "lowlevel.melbands_crest.stdev": 4.539245128631592, "lowlevel.melbands_flatness_db.mean": 0.24279843270778656, "lowlevel.melbands_flatness_db.stdev": 0.049673404544591904, "lowlevel.melbands_kurtosis.mean": 39.63851547241211, "lowlevel.melbands_kurtosis.stdev": 41.85163497924805, "lowlevel.melbands_skewness.mean": 4.935338973999023, "lowlevel.melbands_skewness.stdev": 2.5804014205932617, "lowlevel.melbands_spread.mean": 14.52524185180664, "lowlevel.melbands_spread.stdev": 14.124651908874512, "lowlevel.pitch_salience.mean": 0.5133792161941528, "lowlevel.pitch_salience.stdev": 0.09885510057210922, "lowlevel.silence_rate_20dB.mean": 1.0, "lowlevel.silence_rate_20dB.stdev": 0.0, "lowlevel.silence_rate_30dB.mean": 0.8833189010620117, "lowlevel.silence_rate_30dB.stdev": 0.3210376799106598, "lowlevel.silence_rate_60dB.mean": 0.01123595517128706, "lowlevel.silence_rate_60dB.stdev": 0.10540090501308441, "lowlevel.spectral_centroid.mean": 1336.017333984375, "lowlevel.spectral_centroid.stdev": 462.45458984375, "lowlevel.spectral_complexity.mean": 15.547104835510254, "lowlevel.spectral_complexity.stdev": 6.2940521240234375, "lowlevel.spectral_decrease.mean": -1.2680945182808046e-08, "lowlevel.spectral_decrease.stdev": 1.3988867841874253e-08, "lowlevel.spectral_energy.mean": 0.049691420048475266, "lowlevel.spectral_energy.stdev": 0.05364557355642319, "lowlevel.spectral_energyband_high.mean": 0.0008065158035606146, "lowlevel.spectral_energyband_high.stdev": 0.0006757750525139272, "lowlevel.spectral_energyband_low.mean": 0.033271703869104385, "lowlevel.spectral_energyband_low.stdev": 0.05080227181315422, "lowlevel.spectral_energyband_middle_high.mean": 0.004305256996303797, "lowlevel.spectral_energyband_middle_high.stdev": 0.005158907733857632, "lowlevel.spectral_energyband_middle_low.mean": 0.014612133614718914, "lowlevel.spectral_energyband_middle_low.stdev": 0.010160050354897976, "lowlevel.spectral_entropy.mean": 7.610570907592773, "lowlevel.spectral_entropy.stdev": 0.25116491317749023, "lowlevel.spectral_flux.mean": 0.09910055249929428, "lowlevel.spectral_flux.stdev": 0.08852160722017288, "lowlevel.spectral_kurtosis.mean": 4.014502048492432, "lowlevel.spectral_kurtosis.stdev": 1.2351447343826294, "lowlevel.spectral_rms.mean": 0.006390512455254793, "lowlevel.spectral_rms.stdev": 0.0027641914784908295, "lowlevel.spectral_rolloff.mean": 775.9570922851562, "lowlevel.spectral_rolloff.stdev": 1457.7152099609375, "lowlevel.spectral_skewness.mean": 1.3840653896331787, "lowlevel.spectral_skewness.stdev": 0.23110049962997437, "lowlevel.spectral_spread.mean": 5119927.0, "lowlevel.spectral_spread.stdev": 1182517.875, "lowlevel.spectral_strongpeak.mean": 0.7167853116989136, "lowlevel.spectral_strongpeak.stdev": 0.9434475302696228, "lowlevel.zerocrossingrate.mean": 0.056395430117845535, "lowlevel.zerocrossingrate.stdev": 0.04571223258972168, "metadata.audio_properties.analysis.equal_loudness": 0.0, "metadata.audio_properties.analysis.length": 26.837324142456055, "metadata.audio_properties.analysis.sample_rate": 44100.0, "metadata.audio_properties.analysis.start_time": 0.0, "metadata.audio_properties.bit_rate": 120014.0, "metadata.audio_properties.length": 26.83733367919922, "metadata.audio_properties.lossless": 0.0, "metadata.audio_properties.number_channels": 1.0, "metadata.audio_properties.replay_gain": -7.639333724975586, "metadata.audio_properties.sample_rate": 48000.0, "rhythm.beats_count": 58.0, "rhythm.beats_loudness.mean": 0.09116622805595398, "rhythm.beats_loudness.stdev": 0.055236443877220154, "rhythm.bpm": 131.9453125, "rhythm.bpm_histogram_first_peak_bpm": 133.0, "rhythm.bpm_histogram_first_peak_weight": 0.24999994039535522, "rhythm.bpm_histogram_second_peak_bpm": 120.0, "rhythm.bpm_histogram_second_peak_spread": 0.3999999761581421, "rhythm.bpm_histogram_second_peak_weight": 0.05263157933950424, "rhythm.danceability": 1.8349580764770508, "rhythm.onset_rate": 3.239755630493164, "tonal.chords_changes_rate": 0.015544041059911251, "tonal.chords_number_rate": 0.005181347019970417, "tonal.chords_strength.mean": 0.6015264987945557, "tonal.chords_strength.stdev": 0.0848047211766243, "tonal.hpcp_crest.mean": 12.381070137023926, "tonal.hpcp_crest.stdev": 6.946394443511963, "tonal.hpcp_entropy.mean": 2.330965518951416, "tonal.hpcp_entropy.stdev": 0.9005080461502075, "tonal.key_edma.strength": 0.7683045864105225, "tonal.key_krumhansl.strength": 0.7632080912590027, "tonal.key_temperley.strength": 0.7470160722732544, "tonal.tuning_diatonic_strength": 0.6094030141830444, "tonal.tuning_equal_tempered_deviation": 0.132443368434906, "tonal.tuning_frequency": 437.9714660644531, "tonal.tuning_nontempered_energy_ratio": 0.7789159417152405, "lowlevel.barkbands.mean": [0.0005093531799502671, 0.018774479627609253, 0.01086366456001997, 0.005330100189894438, 0.0037025457713752985, 0.0030038373079150915, 0.0007950729341246188, 0.0004986163694411516, 0.0009647050173953176, 0.0008509859908372164, 0.0006164298392832279, 0.00020731118274852633, 0.0004671501519624144, 0.00037701037945225835, 0.0004253006190992892, 0.00032008669222705066, 0.00039483531145378947, 0.00021305563859641552, 0.0002922503335867077, 0.0004912387812510133, 0.00016824938938952982, 0.00010880365880439058, 4.640538463718258e-05, 6.914698315085843e-05, 9.101397154154256e-05, 9.60288816713728e-05, 1.3719891285290942e-05], "lowlevel.barkbands.stdev": [0.0008917792001739144, 0.030555345118045807, 0.021961472928524017, 0.0051429495215415955, 0.003409444820135832, 0.006394388619810343, 0.0018272873712703586, 0.001647725235670805, 0.002802037401124835, 0.0027457389514893293, 0.0021188613027334213, 0.0005371608422137797, 0.0012665861286222935, 0.0010268723126500845, 0.0014073402853682637, 0.0004501386429183185, 0.00040703179547563195, 0.0002534669474698603, 0.0003457051934674382, 0.0004026185197290033, 0.00014421582454815507, 0.00012494882685132325, 6.586720701307058e-05, 0.00016464210057165474, 0.00018835472292266786, 9.667400445323437e-05, 1.4212779205990955e-05], "lowlevel.erbbands.mean": [0.5875348448753357, 4.132548809051514, 11.956082344055176, 16.056753158569336, 12.257272720336914, 14.189512252807617, 16.915672302246094, 27.573680877685547, 14.435128211975098, 7.390354156494141, 13.023639678955078, 25.702030181884766, 24.173912048339844, 21.550453186035156, 27.653457641601562, 11.328965187072754, 22.06181526184082, 15.930851936340332, 31.50855827331543, 16.133148193359375, 18.5261173248291, 20.9374942779541, 11.3925199508667, 15.035603523254395, 17.270410537719727, 23.132383346557617, 9.528852462768555, 5.944511413574219, 4.375175952911377, 2.1531174182891846, 1.1771249771118164, 1.0543348789215088, 1.3583805561065674, 1.0334593057632446, 0.632645308971405, 0.36356642842292786, 0.1657775342464447, 0.05587371438741684, 0.0013124484103173018, 8.684067870490253e-05], "lowlevel.erbbands.stdev": [0.9491180181503296, 7.116879940032959, 23.77718734741211, 19.80349349975586, 9.72540283203125, 13.773134231567383, 27.908184051513672, 63.87458801269531, 32.592227935791016, 14.79649543762207, 44.676475524902344, 69.17249298095703, 81.1125259399414, 74.03949737548828, 90.43965911865234, 25.83106803894043, 56.15740966796875, 35.64582061767578, 98.17163848876953, 37.79733657836914, 20.713790893554688, 21.146074295043945, 11.867740631103516, 17.463212966918945, 19.21627426147461, 18.605424880981445, 7.724607944488525, 5.562012672424316, 4.959931373596191, 2.8810760974884033, 1.6682649850845337, 1.9170939922332764, 3.6902525424957275, 2.6843864917755127, 1.026425838470459, 0.4536454379558563, 0.16676360368728638, 0.052737221121788025, 0.0012470389483496547, 7.563571125501767e-05], "lowlevel.gfcc.mean": [25.060466766357422, 70.55635833740234, -79.12199401855469, 53.174007415771484, -25.86849021911621, 5.759822845458984, -32.0635986328125, 10.911394119262695, -34.48988342285156, 12.859146118164062, -23.72650909423828, 6.280348777770996, -13.515432357788086], "lowlevel.melbands.mean": [0.005241377744823694, 0.0057905870489776134, 0.0026545519940555096, 0.0009727739961817861, 0.0005964593146927655, 0.0005874927737750113, 0.0002000747772399336, 7.789446681272238e-05, 0.00011122293653897941, 0.00016161146049853414, 0.00011812338198069483, 8.559130947105587e-05, 9.409817721461877e-05, 3.284346530563198e-05, 3.4910612157545984e-05, 4.656552118831314e-05, 2.6927747967420146e-05, 5.536411845241673e-05, 2.1556770661845803e-05, 2.3025466362014413e-05, 2.2081441784393974e-05, 2.4798975573503412e-05, 1.1606198313529603e-05, 9.947876606020145e-06, 1.2410398085194174e-05, 1.0684711924113799e-05, 1.7090573237510398e-05, 1.480429546063533e-05, 6.633261364186183e-06, 3.8663997656840365e-06, 3.234717269151588e-06, 2.7792734726972412e-06, 1.5310756680264603e-06, 1.0575485021036002e-06, 6.832109988863522e-07, 5.589283205154061e-07, 6.872612630104413e-07, 9.203301374327566e-07, 1.0593178103590617e-06, 8.120027814584319e-07], "lowlevel.melbands.stdev": [0.008333737961947918, 0.010645181871950626, 0.0030432373750954866, 0.0007555079646408558, 0.0008720656624063849, 0.0013234445359557867, 0.00045463108108378947, 0.00017323141219094396, 0.00038169632898643613, 0.0004639182589016855, 0.00040959735633805394, 0.0003274482733104378, 0.00032481044763699174, 7.799118611728773e-05, 8.285476360470057e-05, 0.0001429838448530063, 7.358763105003163e-05, 0.0001740030711516738, 6.118847522884607e-05, 4.421262565301731e-05, 2.6540341423242353e-05, 2.8966976969968528e-05, 1.2012914339720737e-05, 1.2383229659462813e-05, 1.527285530755762e-05, 1.4684283087262884e-05, 1.741634332574904e-05, 1.2538419468910433e-05, 6.037537332304055e-06, 3.445696847848012e-06, 3.270384468123666e-06, 3.2669624943082454e-06, 2.0772886273334734e-06, 1.543812800264277e-06, 9.859750207397155e-07, 9.11611834908399e-07, 1.42276405767916e-06, 2.7107043933938257e-06, 2.983477770612808e-06, 2.0761426640092395e-06], "lowlevel.melbands128.mean": [0.0004474518063943833, 0.004406869877129793, 0.007660379633307457, 0.006189190782606602, 0.0063311439007520676, 0.004883079323917627, 0.0034264863934367895, 0.0023638387210667133, 0.0008022523834370077, 0.0012528166407719254, 0.0007199321989901364, 0.0004686106985900551, 0.0004658416146412492, 0.0008374936296604574, 0.000883045548107475, 0.00024692562874406576, 0.0001801013422664255, 0.0002784880925901234, 0.00010005273361457512, 5.850796515005641e-05, 7.406916847685352e-05, 9.39725578064099e-05, 0.00012670032447203994, 9.86573941190727e-05, 0.00020010625303257257, 0.00017822747759055346, 9.379572293255478e-05, 0.00014222419122233987, 8.84503242559731e-05, 0.00013214742648415267, 6.215900066308677e-05, 3.743699926417321e-05, 0.00013821948959957808, 0.00010744422615971416, 1.9034498109249398e-05, 2.216020402556751e-05, 3.089928213739768e-05, 2.0987978132325225e-05, 4.7704761527711526e-05, 6.492788816103712e-05, 4.8178651923080906e-05, 1.761434214131441e-05, 2.0912677427986637e-05, 3.1444251362700015e-05, 4.6755179937463254e-05, 7.533820462413132e-05, 4.895357778877951e-05, 1.1046648978663143e-05, 1.3145689081284218e-05, 2.5678124075056985e-05, 2.653235242178198e-05, 1.879722003650386e-05, 1.6045554730226286e-05, 2.6422627342981286e-05, 3.0176941436366178e-05, 2.6907258870778605e-05, 1.8509599613025784e-05, 1.1884285413543694e-05, 9.943447366822511e-06, 8.961159437603783e-06, 8.034067832340952e-06, 1.1512305718497373e-05, 1.6059142581070773e-05, 1.063410581991775e-05, 1.0121660125150811e-05, 1.1910910870938096e-05, 9.425335520063527e-06, 1.1781381545006298e-05, 2.222487273684237e-05, 2.063270949292928e-05, 1.4163167179503944e-05, 1.3289827620610595e-05, 8.222643373301253e-06, 5.734912519983482e-06, 4.0098866520565934e-06, 3.7426646031235578e-06, 4.256844931660453e-06, 3.0640985642094165e-06, 3.316644779260969e-06, 2.8692002160823904e-06, 3.25059272654471e-06, 2.7847199817188084e-06, 1.6133922144945245e-06, 1.5595442164340056e-06, 1.2344368087724433e-06, 1.115829491027398e-06, 1.028636006594752e-06, 8.645845923638262e-07, 6.275089390328503e-07, 5.871152097824961e-07, 5.853914331055421e-07, 5.361898161027057e-07, 5.279482593323337e-07, 6.290058536251308e-07, 7.545994549218449e-07, 1.1022791568393586e-06, 7.429536594827368e-07, 9.98734321910888e-07, 1.2125151442887727e-06, 1.086638008018781e-06, 7.396781711577205e-07, 8.422848054578935e-07, 7.574140568067378e-07, 7.536336852353998e-07, 7.288101642188849e-07, 6.326840207293571e-07, 6.92522974077292e-07, 6.892769874866644e-07, 7.202938263617398e-07, 5.653777748193534e-07, 3.997726878424146e-07, 4.687341288445168e-07, 5.154160476195102e-07, 6.21590402261063e-07, 5.297288794281485e-07, 7.699916864112311e-07, 5.325169354364334e-07, 8.66311324898561e-08, 9.499545247648733e-12, 7.731241861985705e-12, 7.453609777996473e-12, 7.2721017575771985e-12, 7.0990964842754245e-12, 6.9655865277129525e-12, 6.775351980847777e-12, 6.527575355241844e-12, 6.381984784392669e-12, 6.331962731920271e-12], "lowlevel.melbands128.stdev": [0.0008218210423365235, 0.007495514582842588, 0.012468581087887287, 0.01184210553765297, 0.013055622577667236, 0.009831905364990234, 0.004407211672514677, 0.0023358177859336138, 0.000774665386416018, 0.0011328860418871045, 0.0008221733733080328, 0.0010973596945405006, 0.001010742736980319, 0.0021189155522733927, 0.0022806671913713217, 0.0007780490559525788, 0.000716127862688154, 0.0006774997455067933, 0.00020487167057581246, 0.00020604061137419194, 0.0002718375180847943, 0.0003660233342088759, 0.0006535274442285299, 0.0004524818214122206, 0.0005958350957371294, 0.0007441475754603744, 0.0005329250125214458, 0.0006834639352746308, 0.0003664000832941383, 0.000611243536695838, 0.00032553612254559994, 0.0002184301702072844, 0.0005589388310909271, 0.00040469944360665977, 6.443414895329624e-05, 8.182139572454616e-05, 0.00012547285587061197, 7.592514157295227e-05, 0.0001656165113672614, 0.00022112882288638502, 0.00024440267588943243, 5.64360452699475e-05, 7.276618271134794e-05, 0.00014741871564183384, 0.000182366871740669, 0.0003217262274120003, 0.00024672228028066456, 3.5151897463947535e-05, 5.7639266742626205e-05, 0.00010737704724306241, 5.9019486798206344e-05, 3.41319537255913e-05, 3.1149163987720385e-05, 5.226828943705186e-05, 4.473318767850287e-05, 5.448318552225828e-05, 1.8135249774786644e-05, 1.8858489056583494e-05, 1.3904250408813823e-05, 1.307412821915932e-05, 1.1722246199497022e-05, 2.4157010557246394e-05, 2.990698158100713e-05, 1.4724218999617733e-05, 1.566132777952589e-05, 2.294950718351174e-05, 1.629524376767222e-05, 2.0080236936337315e-05, 2.9210097636678256e-05, 2.0919731468893588e-05, 1.6616921129752882e-05, 1.8557468138169497e-05, 9.263576430385001e-06, 6.332300017675152e-06, 4.377328423288418e-06, 3.7065385640744353e-06, 5.05846765008755e-06, 3.4333668281760765e-06, 3.708214308062452e-06, 3.6343999454402365e-06, 4.46114700025646e-06, 3.715650109370472e-06, 2.447372253300273e-06, 2.3994905404833844e-06, 2.005402620852692e-06, 1.768716174410656e-06, 1.62309311235731e-06, 1.4446197837969521e-06, 9.929609632308711e-07, 9.290048410548479e-07, 1.0670673873391934e-06, 9.931810609487002e-07, 9.651274694988388e-07, 1.4112757753537153e-06, 1.8876477270168834e-06, 3.7510442325583426e-06, 2.4045625650614966e-06, 3.322442807984771e-06, 3.3053461265808437e-06, 3.191567657268024e-06, 2.476377403581864e-06, 1.9956471533078e-06, 2.018042778217932e-06, 1.9279586922493763e-06, 1.2047722748320666e-06, 8.836477718432434e-07, 1.1636653880486847e-06, 1.0934450074273627e-06, 1.0833042551894323e-06, 7.455479931195441e-07, 5.357221652957378e-07, 5.709365495931706e-07, 6.104261842665437e-07, 7.282540082087507e-07, 6.225591278052889e-07, 7.495925160583283e-07, 5.406093919191335e-07, 1.1836561242262178e-07, 1.76827580355976e-11, 1.2219277673031215e-11, 1.1817018717719119e-11, 1.1500640717532207e-11, 1.1245599070008883e-11, 1.104495054443655e-11, 1.086955438850401e-11, 1.0707599737425078e-11, 1.059931656333113e-11, 1.053705386833137e-11], "lowlevel.mfcc.mean": [-635.2413330078125, 109.24961853027344, 9.353930473327637, 57.79853057861328, 22.167131423950195, 13.022258758544922, 13.502103805541992, -1.782530426979065, 5.730853080749512, -2.400566816329956, -1.340017557144165, 0.545166015625, 2.7119996547698975], "lowlevel.spectral_contrast_coeffs.mean": [-0.6996437311172485, -0.7171825766563416, -0.7691383361816406, -0.7843953967094421, -0.7851701974868774, -0.7241935729980469], "lowlevel.spectral_contrast_coeffs.stdev": [0.05832482874393463, 0.08376318216323853, 0.08885171264410019, 0.05859561637043953, 0.039100196212530136, 0.04030359163880348], "lowlevel.spectral_contrast_valleys.mean": [-6.070214748382568, -7.406461238861084, -7.980955123901367, -7.701755046844482, -7.172715663909912, -10.398838996887207], "lowlevel.spectral_contrast_valleys.stdev": [0.8904635310173035, 0.8157522082328796, 0.8008625507354736, 0.7273823618888855, 0.729184091091156, 0.782346785068512], "rhythm.beats_loudness_band_ratio.mean": [0.7733442187309265, 0.08903171122074127, 0.047186266630887985, 0.04811540246009827, 0.03610192984342575, 0.02200414426624775], "rhythm.beats_loudness_band_ratio.stdev": [0.19448097050189972, 0.07977132499217987, 0.0665455162525177, 0.09204452484846115, 0.043807502835989, 0.01829945296049118], "tonal.hpcp.mean": [0.5923597812652588, 0.37709832191467285, 0.08879217505455017, 0.05933835357427597, 0.04225217178463936, 0.03328031301498413, 0.03115578554570675, 0.0350499153137207, 0.05387118086218834, 0.06240692362189293, 0.04547622427344322, 0.033264532685279846, 0.029180843383073807, 0.03348083421587944, 0.08899566531181335, 0.2853494882583618, 0.26973485946655273, 0.0661514475941658, 0.022259818390011787, 0.02024836651980877, 0.059977397322654724, 0.19993621110916138, 0.19551615417003632, 0.08653410524129868, 0.07105134427547455, 0.044136300683021545, 0.02448265440762043, 0.016631748527288437, 0.012527723796665668, 0.018029848113656044, 0.031205998733639717, 0.03431140258908272, 0.02690657041966915, 0.0376189649105072, 0.08340726047754288, 0.3262863755226135], "tonal.hpcp.stdev": [0.394185870885849, 0.2984652817249298, 0.2170516699552536, 0.19829539954662323, 0.16491910815238953, 0.1473246067762375, 0.11627870798110962, 0.11201915144920349, 0.14645348489284515, 0.1649044156074524, 0.13631996512413025, 0.1247749850153923, 0.1198105439543724, 0.12653395533561707, 0.1676717847585678, 0.39234164357185364, 0.373261958360672, 0.15813907980918884, 0.08581718802452087, 0.09116116166114807, 0.1148454025387764, 0.2588732838630676, 0.26167112588882446, 0.20314539968967438, 0.20202426612377167, 0.15439245104789734, 0.10990887880325317, 0.08038555085659027, 0.064430370926857, 0.06717584282159805, 0.11346597969532013, 0.12742720544338226, 0.11714812368154526, 0.12593646347522736, 0.19683676958084106, 0.29592806100845337], "rhythm.beats_position": [0.4760090708732605, 0.9752380847930908, 1.486077070236206, 1.9969160556793213, 2.496145009994507, 2.9953742027282715, 3.459773063659668, 3.9241721630096436, 4.3769612312316895, 4.8297505378723145, 5.282539367675781, 5.735328674316406, 6.188117980957031, 6.640906810760498, 7.093696117401123, 7.54648494720459, 7.999274253845215, 8.45206356048584, 8.916461944580078, 9.369251251220703, 9.810430526733398, 10.263219833374023, 10.727619171142578, 11.192017555236816, 11.633196830749512, 12.085986137390137, 12.538775444030762, 13.003174781799316, 13.455963134765625, 13.90875244140625, 14.361541748046875, 14.8143310546875, 15.278729438781738, 15.731518745422363, 16.184309005737305, 16.637096405029297, 17.089885711669922, 17.542675018310547, 17.995464324951172, 18.459863662719727, 18.91265296936035, 19.365442276000977, 19.8182315826416, 20.271020889282227, 20.72380828857422, 21.176597595214844, 21.6409969329834, 22.093786239624023, 22.54657554626465, 22.999364852905273, 23.4521541595459, 23.904943466186523, 24.35773277282715, 24.82213020324707, 25.286529541015625, 25.73931884765625, 26.192108154296875, 26.6448974609375], "rhythm.bpm_histogram": [0.0, 0.0, 0.0, 0.0, 0.0, 0.0, 0.0, 0.0, 0.0, 0.0, 0.0, 0.0, 0.0, 0.0, 0.0, 0.0, 0.0, 0.0, 0.0, 0.0, 0.0, 0.0, 0.0, 0.0, 0.0, 0.0, 0.0, 0.0, 0.0, 0.0, 0.0, 0.0, 0.0, 0.0, 0.0, 0.0, 0.0, 0.0, 0.0, 0.0, 0.0, 0.0, 0.0, 0.0, 0.0, 0.0, 0.0, 0.0, 0.0, 0.0, 0.0, 0.0, 0.0, 0.0, 0.0, 0.0, 0.0, 0.0, 0.0, 0.0, 0.0, 0.0, 0.0, 0.0, 0.0, 0.0, 0.0, 0.0, 0.0, 0.0, 0.0, 0.0, 0.0, 0.0, 0.0, 0.0, 0.0, 0.0, 0.0, 0.0, 0.0, 0.0, 0.0, 0.0, 0.0, 0.0, 0.0, 0.0, 0.0, 0.0, 0.0, 0.0, 0.0, 0.0, 0.0, 0.0, 0.0, 0.0, 0.0, 0.0, 0.0, 0.0, 0.0, 0.0, 0.0, 0.0, 0.0, 0.0, 0.0, 0.0, 0.0, 0.0, 0.0, 0.0, 0.0, 0.0, 0.0, 0.035087719559669495, 0.0, 0.0, 0.05263157933950424, 0.0, 0.0, 0.0, 0.0, 0.0, 0.0, 0.0, 0.0, 0.19298245012760162, 0.0, 0.0, 0.0, 0.6842105388641357, 0.0, 0.0, 0.035087719559669495, 0.0, 0.0, 0.0, 0.0, 0.0, 0.0, 0.0, 0.0, 0.0, 0.0, 0.0, 0.0, 0.0, 0.0, 0.0, 0.0, 0.0, 0.0, 0.0, 0.0, 0.0, 0.0, 0.0, 0.0, 0.0, 0.0, 0.0, 0.0, 0.0, 0.0, 0.0, 0.0, 0.0, 0.0, 0.0, 0.0, 0.0, 0.0, 0.0, 0.0, 0.0, 0.0, 0.0, 0.0, 0.0, 0.0, 0.0, 0.0, 0.0, 0.0, 0.0, 0.0, 0.0, 0.0, 0.0, 0.0, 0.0, 0.0, 0.0, 0.0, 0.0, 0.0, 0.0, 0.0, 0.0, 0.0, 0.0, 0.0, 0.0, 0.0, 0.0, 0.0, 0.0, 0.0, 0.0, 0.0, 0.0, 0.0, 0.0, 0.0, 0.0, 0.0, 0.0, 0.0, 0.0, 0.0, 0.0, 0.0, 0.0, 0.0, 0.0, 0.0, 0.0, 0.0, 0.0, 0.0, 0.0, 0.0, 0.0, 0.0, 0.0, 0.0, 0.0, 0.0, 0.0, 0.0, 0.0, 0.0, 0.0, 0.0, 0.0, 0.0, 0.0], "tonal.chords_histogram": [42.83246994018555, 0.0, 20.552677154541016, 0.0, 0.0, 0.0, 0.0, 0.0, 0.0, 36.61485290527344, 0.0, 0.0, 0.0, 0.0, 0.0, 0.0, 0.0, 0.0, 0.0, 0.0, 0.0, 0.0, 0.0, 0.0], "tonal.thpcp": [1.0, 0.6366035342216492, 0.14989568293094635, 0.10017282515764236, 0.07132856547832489, 0.05618260055780411, 0.05259605124592781, 0.05916997790336609, 0.090943343937397, 0.10535307228565216, 0.07677128911018372, 0.056155961006879807, 0.04926202818751335, 0.05652111396193504, 0.15023921430110931, 0.481716513633728, 0.4553564786911011, 0.11167444288730621, 0.03757820650935173, 0.03418254852294922, 0.10125163942575455, 0.337524950504303, 0.33006319403648376, 0.14608369767665863, 0.11994626373052597, 0.07450927793979645, 0.041330717504024506, 0.028077106922864914, 0.021148841828107834, 0.030437326058745384, 0.05268082022666931, 0.057923249900341034, 0.04542268440127373, 0.06350695341825485, 0.14080506563186646, 0.5508246421813965], "lowlevel.gfcc.cov": [[6707.16357421875, 869.57470703125, -178.73443603515625, -140.7899932861328, -86.249267578125, 132.76658630371094, 52.86500549316406, 79.34236907958984, -114.62032318115234, -19.393339157104492, -7.241474628448486, -55.84531021118164, 78.06122589111328], [869.57470703125, 421.2062072753906, -181.4146728515625, -158.49461364746094, -44.85329055786133, -39.64204025268555, 74.48517608642578, -10.346656799316406, -17.04291343688965, 6.596244812011719, 0.16480110585689545, -8.424633026123047, 40.631370544433594], [-178.73443603515625, -181.4146728515625, 333.36663818359375, 237.14576721191406, 95.5792236328125, -6.696507453918457, -44.218162536621094, 23.00946617126465, 39.30452346801758, 3.1575067043304443, -6.672060012817383, 34.04448318481445, -55.40570068359375], [-140.7899932861328, -158.49461364746094, 237.14576721191406, 408.6606140136719, 202.48690795898438, -73.03089141845703, -40.31962966918945, -11.13196849822998, 44.796791076660156, 18.991844177246094, -23.40899658203125, 30.51774787902832, -84.43962860107422], [-86.249267578125, -44.85329055786133, 95.5792236328125, 202.48690795898438, 225.15011596679688, -27.915666580200195, 12.462686538696289, -9.651542663574219, 24.742069244384766, 32.75801086425781, -38.33428192138672, 7.6162567138671875, -45.9542236328125], [132.76658630371094, -39.64204025268555, -6.696507453918457, -73.03089141845703, -27.915666580200195, 156.19851684570312, 37.074981689453125, 14.49722957611084, -14.45305061340332, -24.26085090637207, -0.36601129174232483, -42.00975036621094, 10.5037841796875], [52.86500549316406, 74.48517608642578, -44.218162536621094, -40.31962966918945, 12.462686538696289, 37.074981689453125, 121.20738220214844, 20.597471237182617, 0.30784934759140015, -0.6843916773796082, -18.84343147277832, -14.43831729888916, -21.697439193725586], [79.34236907958984, -10.346656799316406, 23.00946617126465, -11.13196849822998, -9.651542663574219, 14.49722957611084, 20.597471237182617, 69.0368423461914, 22.151281356811523, -1.6528749465942383, -12.379742622375488, -11.638895988464355, 2.573737859725952], [-114.62032318115234, -17.04291343688965, 39.30452346801758, 44.796791076660156, 24.742069244384766, -14.45305061340332, 0.30784934759140015, 22.151281356811523, 67.86970520019531, 21.38115692138672, -7.0417799949646, -1.0052330493927002, -14.458406448364258], [-19.393339157104492, 6.596244812011719, 3.1575067043304443, 18.991844177246094, 32.75801086425781, -24.26085090637207, -0.6843916773796082, -1.6528749465942383, 21.38115692138672, 55.371299743652344, 10.200756072998047, 2.792226791381836, -12.614180564880371], [-7.241474628448486, 0.16480110585689545, -6.672060012817383, -23.40899658203125, -38.33428192138672, -0.36601129174232483, -18.84343147277832, -12.379742622375488, -7.0417799949646, 10.200756072998047, 66.12237548828125, 21.76959228515625, 11.282872200012207], [-55.84531021118164, -8.424633026123047, 34.04448318481445, 30.51774787902832, 7.6162567138671875, -42.00975036621094, -14.43831729888916, -11.638895988464355, -1.0052330493927002, 2.792226791381836, 21.76959228515625, 69.82231903076172, 15.6275053024292], [78.06122589111328, 40.631370544433594, -55.40570068359375, -84.43962860107422, -45.9542236328125, 10.5037841796875, -21.697439193725586, 2.573737859725952, -14.458406448364258, -12.614180564880371, 11.282872200012207, 15.6275053024292, 83.8481216430664]], "lowlevel.gfcc.icov": [[0.00030633085407316685, -0.001035717548802495, 7.442607602570206e-05, -0.0005364032695069909, 0.00027085363399237394, -0.0009647144470363855, 0.0008305103401653469, -0.0009235239122062922, 0.0008043751004152, -0.00045676372246816754, 0.00030340722878463566, -0.00041593893547542393, 0.0003449324576649815], [-0.001035717548802495, 0.007580827455967665, 0.0003779129183385521, 0.0028577677439898252, -0.0013837965670973063, 0.0059953550808131695, -0.006043113302439451, 0.004333335906267166, -0.0029783023055642843, 0.0017916910583153367, -0.001796702854335308, 0.003082555951550603, -0.0033646821975708008], [7.442607602570206e-05, 0.0003779129183385521, 0.007368286140263081, -0.0035817150492221117, 0.0005181849119253457, -0.003161822212859988, 0.0029252187814563513, -0.003786630928516388, -0.0006401143036782742, 0.00010024649964179844, 0.0008698571473360062, -0.004923128988593817, 0.003267957828938961], [-0.0005364032695069909, 0.0028577677439898252, -0.0035817150492221117, 0.010174344293773174, -0.006655498873442411, 0.004960945341736078, -0.00045837846118956804, 0.002955005504190922, -0.003404503921046853, 0.00464883167296648, -0.0021551959216594696, 0.0011560210259631276, 0.00270236493088305], [0.00027085363399237394, -0.0013837965670973063, 0.0005181849119253457, -0.006655498873442411, 0.01167470496147871, -0.002812686376273632, -0.0012063253670930862, 0.000894745287951082, 0.0019274818478152156, -0.00765260960906744, 0.006446709856390953, -0.0018407665193080902, -0.0008737235912121832], [-0.0009647144470363855, 0.0059953550808131695, -0.003161822212859988, 0.004960945341736078, -0.002812686376273632, 0.016233688220381737, -0.008792774751782417, 0.004603755660355091, -0.0021882066503167152, 0.006242126692086458, -0.005743488669395447, 0.01116477232426405, -0.005838508252054453], [0.0008305103401653469, -0.006043113302439451, 0.0029252187814563513, -0.00045837846118956804, -0.0012063253670930862, -0.008792774751782417, 0.018349871039390564, -0.008466600440442562, 0.002659190446138382, -0.0012990859104320407, 0.004392907023429871, -0.007621503435075283, 0.010167630389332771], [-0.0009235239122062922, 0.004333335906267166, -0.003786630928516388, 0.002955005504190922, 0.000894745287951082, 0.004603755660355091, -0.008466600440442562, 0.02407098561525345, -0.009214282967150211, 0.0020962823182344437, 0.0009303246042691171, 0.006184018217027187, -0.006333753000944853], [0.0008043751004152, -0.0029783023055642843, -0.0006401143036782742, -0.003404503921046853, 0.0019274818478152156, -0.0021882066503167152, 0.002659190446138382, -0.009214282967150211, 0.02347530983388424, -0.009731809608638287, 0.0030322731472551823, -0.0009835342643782496, 0.0015035318210721016], [-0.00045676372246816754, 0.0017916910583153367, 0.00010024649964179844, 0.00464883167296648, -0.00765260960906744, 0.006242126692086458, -0.0012990859104320407, 0.0020962823182344437, -0.009731809608638287, 0.029325801879167557, -0.009956246241927147, 0.0037158264312893152, 0.0023091654293239117], [0.00030340722878463566, -0.001796702854335308, 0.0008698571473360062, -0.0021551959216594696, 0.006446709856390953, -0.005743488669395447, 0.004392907023429871, 0.0009303246042691171, 0.0030322731472551823, -0.009956246241927147, 0.024493301287293434, -0.01019008457660675, 0.0019818495493382215], [-0.00041593893547542393, 0.003082555951550603, -0.004923128988593817, 0.0011560210259631276, -0.0018407665193080902, 0.01116477232426405, -0.007621503435075283, 0.006184018217027187, -0.0009835342643782496, 0.0037158264312893152, -0.01019008457660675, 0.0281626395881176, -0.011253302916884422], [0.0003449324576649815, -0.0033646821975708008, 0.003267957828938961, 0.00270236493088305, -0.0008737235912121832, -0.005838508252054453, 0.010167630389332771, -0.006333753000944853, 0.0015035318210721016, 0.0023091654293239117, 0.0019818495493382215, -0.011253302916884422, 0.023631907999515533]], "lowlevel.mfcc.cov": [[4400.35888671875, 674.7974243164062, 2.9792490005493164, -183.63685607910156, -82.7828598022461, -9.256415367126465, 141.8030548095703, 12.616554260253906, -5.793152809143066, 136.68502807617188, -48.89151382446289, -123.08467864990234, -47.262516021728516], [674.7974243164062, 433.0812683105469, -151.3387451171875, -88.60519409179688, -135.47784423828125, -26.85245704650879, 20.103919982910156, -27.697288513183594, 14.620774269104004, 19.906217575073242, -25.269161224365234, -29.59071922302246, -1.5111726522445679], [2.9792490005493164, -151.3387451171875, 252.82125854492188, 34.97431564331055, 70.65338134765625, -5.537899017333984, -14.170998573303223, 39.736412048339844, -10.074889183044434, -14.978224754333496, 12.67178726196289, 29.025754928588867, 9.111891746520996], [-183.63685607910156, -88.60519409179688, 34.97431564331055, 448.5749206542969, 156.08453369140625, 53.6382942199707, -49.67798614501953, 13.818443298339844, 32.368675231933594, -74.10409545898438, 69.84220123291016, 95.71089935302734, 55.26035690307617], [-82.7828598022461, -135.47784423828125, 70.65338134765625, 156.08453369140625, 190.36846923828125, 39.057594299316406, -16.51775360107422, -4.913829803466797, 20.950672149658203, -20.575183868408203, 25.640762329101562, 17.43130874633789, 14.735569953918457], [-9.256415367126465, -26.85245704650879, -5.537899017333984, 53.6382942199707, 39.057594299316406, 102.6697998046875, 26.954641342163086, 13.303568840026855, 9.331006050109863, 3.202913999557495, 21.461349487304688, 10.400209426879883, 2.25485897064209], [141.8030548095703, 20.103919982910156, -14.170998573303223, -49.67798614501953, -16.51775360107422, 26.954641342163086, 86.54365539550781, 16.119075775146484, 3.4453282356262207, 10.078654289245605, 0.0803186371922493, -13.400958061218262, -5.4782609939575195], [12.616554260253906, -27.697288513183594, 39.736412048339844, 13.818443298339844, -4.913829803466797, 13.303568840026855, 16.119075775146484, 74.67671966552734, 19.187227249145508, 4.589897155761719, 3.9021410942077637, 6.913259029388428, 3.779555320739746], [-5.793152809143066, 14.620774269104004, -10.074889183044434, 32.368675231933594, 20.950672149658203, 9.331006050109863, 3.4453282356262207, 19.187227249145508, 86.71981048583984, 17.39084243774414, 16.746097564697266, -10.267706871032715, -0.1039683148264885], [136.68502807617188, 19.906217575073242, -14.978224754333496, -74.10409545898438, -20.575183868408203, 3.202913999557495, 10.078654289245605, 4.589897155761719, 17.39084243774414, 87.3562240600586, 12.636175155639648, -24.726585388183594, -27.14763832092285], [-48.89151382446289, -25.269161224365234, 12.67178726196289, 69.84220123291016, 25.640762329101562, 21.461349487304688, 0.0803186371922493, 3.9021410942077637, 16.746097564697266, 12.636175155639648, 82.55583953857422, 36.11515426635742, 5.897819519042969], [-123.08467864990234, -29.59071922302246, 29.025754928588867, 95.71089935302734, 17.43130874633789, 10.400209426879883, -13.400958061218262, 6.913259029388428, -10.267706871032715, -24.726585388183594, 36.11515426635742, 85.77665710449219, 26.506162643432617], [-47.262516021728516, -1.5111726522445679, 9.111891746520996, 55.26035690307617, 14.735569953918457, 2.25485897064209, -5.4782609939575195, 3.779555320739746, -0.1039683148264885, -27.14763832092285, 5.897819519042969, 26.506162643432617, 58.958213806152344]], "lowlevel.mfcc.icov": [[0.00040110378176905215, -0.0008791142026893795, -0.0004746982885990292, -0.00015413375513162464, -0.0004002021159976721, 9.847829642239958e-05, -0.0005728551768697798, -0.00016450815019197762, 0.0004789944796357304, -0.0006282450631260872, 9.311860776506364e-05, 0.0004074307216797024, 8.948787581175566e-05], [-0.0008791142026893795, 0.00559838954359293, 0.0022471442352980375, -8.21244393591769e-05, 0.0033463675063103437, 7.045511301839724e-05, 0.0005750124109908938, 0.0017424215329810977, -0.0022763172164559364, 0.0009306319989264011, 0.0004314483667258173, -0.0005894842906855047, -0.0010825188364833593], [-0.0004746982885990292, 0.0022471442352980375, 0.006758946925401688, 0.0012811960186809301, -0.002047627465799451, 0.001364417257718742, 0.001447866321541369, -0.0036120039876550436, 0.0006052094395272434, 0.0013118006754666567, -0.0006674680043943226, -0.0020813073497265577, -0.000135121401399374], [-0.00015413375513162464, -8.21244393591769e-05, 0.0012811960186809301, 0.005744709633290768, -0.0035994951613247395, -0.001241915626451373, 0.0028415017295628786, -0.0017524095019325614, -0.0014090054901316762, 0.0036724808160215616, -0.002346418099477887, -0.003469321643933654, -0.0009016055846586823], [-0.0004002021159976721, 0.0033463675063103437, -0.002047627465799451, -0.0035994951613247395, 0.011968773789703846, -0.0026711116079241037, 0.0001436897146049887, 0.004835432395339012, -0.002956708427518606, 8.719453762751073e-05, 0.00041304610203951597, 0.002589551266282797, -0.0009012863738462329], [9.847829642239958e-05, 7.045511301839724e-05, 0.001364417257718742, -0.001241915626451373, -0.0026711116079241037, 0.013336553238332272, -0.004850468598306179, -0.0020762851927429438, 0.000987249892205, -0.001358831999823451, -0.0014677857980132103, -0.0004101072845514864, 0.0005811125738546252], [-0.0005728551768697798, 0.0005750124109908938, 0.001447866321541369, 0.0028415017295628786, 0.0001436897146049887, -0.004850468598306179, 0.016261328011751175, -0.00360606680624187, -0.00039591206586919725, 0.0023722448386251926, -0.0019843417685478926, 0.0007247504545375705, -0.00047551162424497306], [-0.00016450815019197762, 0.0017424215329810977, -0.0036120039876550436, -0.0017524095019325614, 0.004835432395339012, -0.0020762851927429438, -0.00360606680624187, 0.019302720203995705, -0.005454398691654205, -0.0015598493628203869, 0.0025242434348911047, -0.001147440867498517, -0.001052599516697228], [0.0004789944796357304, -0.0022763172164559364, 0.0006052094395272434, -0.0014090054901316762, -0.002956708427518606, 0.000987249892205, -0.00039591206586919725, -0.005454398691654205, 0.01621231809258461, -0.003417626488953829, -0.003133491612970829, 0.004634379874914885, -0.0007483044173568487], [-0.0006282450631260872, 0.0009306319989264011, 0.0013118006754666567, 0.0036724808160215616, 8.719453762751073e-05, -0.001358831999823451, 0.0023722448386251926, -0.0015598493628203869, -0.003417626488953829, 0.019036632031202316, -0.006341667380183935, 0.0017805874813348055, 0.00481931958347559], [9.311860776506364e-05, 0.0004314483667258173, -0.0006674680043943226, -0.002346418099477887, 0.00041304610203951597, -0.0014677857980132103, -0.0019843417685478926, 0.0025242434348911047, -0.003133491612970829, -0.006341667380183935, 0.01955479197204113, -0.007940447889268398, 0.0006829214980825782], [0.0004074307216797024, -0.0005894842906855047, -0.0020813073497265577, -0.003469321643933654, 0.002589551266282797, -0.0004101072845514864, 0.0007247504545375705, -0.001147440867498517, 0.004634379874914885, 0.0017805874813348055, -0.007940447889268398, 0.02230365201830864, -0.005010547116398811], [8.948787581175566e-05, -0.0010825188364833593, -0.000135121401399374, -0.0009016055846586823, -0.0009012863738462329, 0.0005811125738546252, -0.00047551162424497306, -0.001052599516697228, -0.0007483044173568487, 0.00481931958347559, 0.0006829214980825782, -0.005010547116398811, 0.022499490529298782]], "metadata.audio_properties.analysis.downmix": "mix", "metadata.audio_properties.codec": "mp3", "metadata.audio_properties.md5_encoded": "fd21484cc794c522a13779d16ac67674", "metadata.tags.file_name": "1182269610792325220.mp3", "metadata.version.essentia": "2.1-beta6-dev", "metadata.version.essentia_git_sha": "v2.1_beta5-1110-g77a6a954", "metadata.version.extractor": "music 2.0", "tonal.chords_key": "D", "tonal.chords_scale": "minor", "tonal.key_edma.key": "D", "tonal.key_edma.scale": "minor", "tonal.key_krumhansl.key": "D", "tonal.key_krumhansl.scale": "minor", "tonal.key_temperley.key": "D", "tonal.key_temperley.scale": "minor", "metadata.tags.encoding": [