{"song_id": "1182286690073718804", "download": "https://cdn.discordapp.com/attachments/1135911532732108921/1182286690073718804/chirp.mp4?ex=65842548&amp", "lyrics": "[verse]\nEce, bir liseli k\u0131z, y\u0131ld\u0131z gibi parlar\nOkul koridorunda ad\u0131 hep an\u0131l\u0131r\nBak\u0131\u015flar\u0131 sarsar, herkes onun pe\u015finde\nBa\u015ftan \u00e7\u0131kar\u0131r, dillerde hep \u015fark\u0131s\u0131\n\n[chorus]\nEce, bir liseli k\u0131z, hepimizin hayali\nKafalar\u0131 kar\u0131\u015ft\u0131r\u0131r, g\u00f6zlerde b\u00fcy\u00fclenir\nEce, bir liseli k\u0131z, herkesin derdi a\u015fk\nHaydi hep birlikte \u015fark\u0131s\u0131n\u0131 s\u00f6yleyelim", "style": ["Rap"], "essentia_features": {"lowlevel.average_loudness": 0.877311646938324, "lowlevel.barkbands_crest.mean": 15.320460319519043, "lowlevel.barkbands_crest.stdev": 8.053709983825684, "lowlevel.barkbands_flatness_db.mean": 0.18752723932266235, "lowlevel.barkbands_flatness_db.stdev": 0.08700598776340485, "lowlevel.barkbands_kurtosis.mean": 25.51419448852539, "lowlevel.barkbands_kurtosis.stdev": 59.19379425048828, "lowlevel.barkbands_skewness.mean": 2.9115254878997803, "lowlevel.barkbands_skewness.stdev": 4.11515998840332, "lowlevel.barkbands_spread.mean": 31.964811325073242, "lowlevel.barkbands_spread.stdev": 24.4173526763916, "lowlevel.dissonance.mean": 0.4881134331226349, "lowlevel.dissonance.stdev": 0.012444625608623028, "lowlevel.dynamic_complexity": 2.314608573913574, "lowlevel.erbbands_crest.mean": 6.764884948730469, "lowlevel.erbbands_crest.stdev": 2.7215301990509033, "lowlevel.erbbands_flatness_db.mean": 0.14459873735904694, "lowlevel.erbbands_flatness_db.stdev": 0.035647615790367126, "lowlevel.erbbands_kurtosis.mean": 1.0261069536209106, "lowlevel.erbbands_kurtosis.stdev": 2.5671117305755615, "lowlevel.erbbands_skewness.mean": -0.8945766687393188, "lowlevel.erbbands_skewness.stdev": 0.8433337807655334, "lowlevel.erbbands_spread.mean": 61.36146926879883, "lowlevel.erbbands_spread.stdev": 38.345191955566406, "lowlevel.hfc.mean": 34.623435974121094, "lowlevel.hfc.stdev": 31.320850372314453, "lowlevel.loudness_ebu128.integrated": -13.54939079284668, "lowlevel.loudness_ebu128.loudness_range": 6.067596435546875, "lowlevel.loudness_ebu128.momentary.mean": -14.453033447265625, "lowlevel.loudness_ebu128.momentary.stdev": 4.744065761566162, "lowlevel.loudness_ebu128.short_term.mean": -14.012943267822266, "lowlevel.loudness_ebu128.short_term.stdev": 2.226799726486206, "lowlevel.melbands_crest.mean": 22.354860305786133, "lowlevel.melbands_crest.stdev": 11.227042198181152, "lowlevel.melbands_flatness_db.mean": 0.22129641473293304, "lowlevel.melbands_flatness_db.stdev": 0.13035570085048676, "lowlevel.melbands_kurtosis.mean": 130.50962829589844, "lowlevel.melbands_kurtosis.stdev": 232.02740478515625, "lowlevel.melbands_skewness.mean": 7.198097229003906, "lowlevel.melbands_skewness.stdev": 7.422308921813965, "lowlevel.melbands_spread.mean": 42.83946990966797, "lowlevel.melbands_spread.stdev": 44.821876525878906, "lowlevel.pitch_salience.mean": 0.3799175024032593, "lowlevel.pitch_salience.stdev": 0.2629978656768799, "lowlevel.silence_rate_20dB.mean": 1.0, "lowlevel.silence_rate_20dB.stdev": 0.0, "lowlevel.silence_rate_30dB.mean": 0.7323290705680847, "lowlevel.silence_rate_30dB.stdev": 0.4427487254142761, "lowlevel.silence_rate_60dB.mean": 0.07184240967035294, "lowlevel.silence_rate_60dB.stdev": 0.258232444524765, "lowlevel.spectral_centroid.mean": 2866.58837890625, "lowlevel.spectral_centroid.stdev": 1240.29296875, "lowlevel.spectral_complexity.mean": 17.888181686401367, "lowlevel.spectral_complexity.stdev": 14.58365535736084, "lowlevel.spectral_decrease.mean": -1.536820271041961e-08, "lowlevel.spectral_decrease.stdev": 1.6110638156874302e-08, "lowlevel.spectral_energy.mean": 0.06114364042878151, "lowlevel.spectral_energy.stdev": 0.060921747237443924, "lowlevel.spectral_energyband_high.mean": 0.003730946220457554, "lowlevel.spectral_energyband_high.stdev": 0.00386057049036026, "lowlevel.spectral_energyband_low.mean": 0.05079270154237747, "lowlevel.spectral_energyband_low.stdev": 0.06205648556351662, "lowlevel.spectral_energyband_middle_high.mean": 0.0029673289973288774, "lowlevel.spectral_energyband_middle_high.stdev": 0.004123477265238762, "lowlevel.spectral_energyband_middle_low.mean": 0.004031292162835598, "lowlevel.spectral_energyband_middle_low.stdev": 0.010485480539500713, "lowlevel.spectral_entropy.mean": 8.106535911560059, "lowlevel.spectral_entropy.stdev": 0.24734437465667725, "lowlevel.spectral_flux.mean": 0.09142076224088669, "lowlevel.spectral_flux.stdev": 0.0735812783241272, "lowlevel.spectral_kurtosis.mean": 1.3423792123794556, "lowlevel.spectral_kurtosis.stdev": 1.0771547555923462, "lowlevel.spectral_rms.mean": 0.00663005281239748, "lowlevel.spectral_rms.stdev": 0.003961649257689714, "lowlevel.spectral_rolloff.mean": 3033.55810546875, "lowlevel.spectral_rolloff.stdev": 3336.86376953125, "lowlevel.spectral_skewness.mean": 0.6011816263198853, "lowlevel.spectral_skewness.stdev": 0.26927584409713745, "lowlevel.spectral_spread.mean": 5172805.0, "lowlevel.spectral_spread.stdev": 3515207.25, "lowlevel.spectral_strongpeak.mean": 0.7162484526634216, "lowlevel.spectral_strongpeak.stdev": 0.7179523706436157, "lowlevel.zerocrossingrate.mean": 0.10115060210227966, "lowlevel.zerocrossingrate.stdev": 0.08707298338413239, "metadata.audio_properties.analysis.equal_loudness": 0.0, "metadata.audio_properties.analysis.length": 40.04265213012695, "metadata.audio_properties.analysis.sample_rate": 44100.0, "metadata.audio_properties.analysis.start_time": 0.0, "metadata.audio_properties.bit_rate": 121964.0, "metadata.audio_properties.length": 40.042667388916016, "metadata.audio_properties.lossless": 0.0, "metadata.audio_properties.number_channels": 1.0, "metadata.audio_properties.replay_gain": -12.069412231445312, "metadata.audio_properties.sample_rate": 48000.0, "rhythm.beats_count": 84.0, "rhythm.beats_loudness.mean": 0.06859132647514343, "rhythm.beats_loudness.stdev": 0.04557991400361061, "rhythm.bpm": 126.8604736328125, "rhythm.bpm_histogram_first_peak_bpm": 126.0, "rhythm.bpm_histogram_first_peak_weight": 0.32926827669143677, "rhythm.bpm_histogram_second_peak_bpm": 120.0, "rhythm.bpm_histogram_second_peak_spread": 0.0, "rhythm.bpm_histogram_second_peak_weight": 0.012048192322254181, "rhythm.danceability": 1.0209256410598755, "rhythm.onset_rate": 5.39266300201416, "tonal.chords_changes_rate": 0.1145833358168602, "tonal.chords_number_rate": 0.013888888992369175, "tonal.chords_strength.mean": 0.4704543650150299, "tonal.chords_strength.stdev": 0.09957950562238693, "tonal.hpcp_crest.mean": 11.338111877441406, "tonal.hpcp_crest.stdev": 5.5798187255859375, "tonal.hpcp_entropy.mean": 2.5060908794403076, "tonal.hpcp_entropy.stdev": 0.8598544001579285, "tonal.key_edma.strength": 0.26717376708984375, "tonal.key_krumhansl.strength": 0.268596351146698, "tonal.key_temperley.strength": 0.2693350613117218, "tonal.tuning_diatonic_strength": 0.34489360451698303, "tonal.tuning_equal_tempered_deviation": 0.359152615070343, "tonal.tuning_frequency": 453.678466796875, "tonal.tuning_nontempered_energy_ratio": 0.9451148509979248, "lowlevel.barkbands.mean": [0.0020702143665403128, 0.04620581492781639, 0.002174641937017441, 0.0013065759558230639, 0.001452150521799922, 0.00038441066863015294, 0.0002777618356049061, 0.00035072313039563596, 0.00022311379143502563, 0.00015769028686918318, 0.0002088391047436744, 0.00020548109023366123, 0.00033954877289943397, 0.00025536020984873176, 0.00020985644368920475, 0.00019036988669540733, 0.0002392882452113554, 0.00029804499354213476, 0.00050796550931409, 0.0007009268156252801, 0.000868482340592891, 0.0008897655643522739, 0.0009913770481944084, 0.00047393515706062317, 6.885961920488626e-05, 9.136838343692943e-05, 1.092258912649413e-06], "lowlevel.barkbands.stdev": [0.0027298841159790754, 0.058316174894571304, 0.010360322892665863, 0.004723964259028435, 0.005287897307425737, 0.0008002285030670464, 0.0006327364826574922, 0.0008041949477046728, 0.0006091826362535357, 0.0006827792967669666, 0.00047156770597212017, 0.0007071471191011369, 0.0012449811911210418, 0.0006109407404437661, 0.00035584470606409013, 0.00033806668943725526, 0.0003572869172785431, 0.0004105712578166276, 0.0006421256111934781, 0.0008472217596136034, 0.0010599876986816525, 0.0009920716984197497, 0.0010337146231904626, 0.000622590072453022, 0.0001367146905977279, 0.00019449827959761024, 4.1906305341399275e-06], "lowlevel.erbbands.mean": [2.048084259033203, 7.462244033813477, 3.852292060852051, 2.9973623752593994, 6.55967378616333, 3.594735860824585, 2.7791285514831543, 3.3073537349700928, 4.0500922203063965, 4.616458415985107, 8.254858016967773, 5.779562950134277, 4.301356315612793, 6.510378837585449, 9.085617065429688, 8.377609252929688, 14.232832908630371, 14.884539604187012, 11.412551879882812, 11.852622032165527, 10.460512161254883, 14.083367347717285, 15.336812019348145, 21.69330596923828, 30.23322296142578, 32.3928108215332, 36.74091720581055, 30.46497344970703, 32.820735931396484, 28.205568313598633, 27.828575134277344, 16.594919204711914, 4.786350250244141, 0.9294213652610779, 0.4003749489784241, 0.3568533957004547, 0.1796339750289917, 0.02100011147558689, 0.0004327021597418934, 9.05663036974147e-05], "lowlevel.erbbands.stdev": [2.6308248043060303, 10.134480476379395, 12.481947898864746, 9.947723388671875, 25.921823501586914, 12.95138168334961, 7.845879554748535, 6.9267168045043945, 8.58696174621582, 13.348435401916504, 17.857324600219727, 15.741456031799316, 15.829995155334473, 19.622507095336914, 20.09935188293457, 30.757946014404297, 52.99309539794922, 39.85123825073242, 20.822141647338867, 20.755239486694336, 17.73821449279785, 20.309104919433594, 21.305206298828125, 28.106096267700195, 37.451622009277344, 39.19618225097656, 44.85067367553711, 37.81878662109375, 37.01081466674805, 32.278133392333984, 29.16571044921875, 19.34893035888672, 7.363753318786621, 1.8798836469650269, 0.7922118902206421, 0.698384702205658, 0.3891199827194214, 0.06105612963438034, 0.001125555718317628, 7.638778333785012e-05], "lowlevel.gfcc.mean": [-16.38835906982422, 27.026227951049805, -113.39707946777344, 67.65138244628906, -61.64132308959961, 24.04845428466797, -16.406986236572266, 7.22944974899292, -6.338586330413818, 8.203709602355957, -8.062254905700684, 10.595649719238281, -15.02919864654541], "lowlevel.melbands.mean": [0.015092331916093826, 0.004240664187818766, 0.0006751350010745227, 0.0003677557979244739, 0.00010041224595624954, 7.39901588531211e-05, 6.0666236095130444e-05, 5.516918463399634e-05, 6.498766015283763e-05, 3.239119178033434e-05, 2.0904284610878676e-05, 2.5573986931703985e-05, 3.0285427783383057e-05, 2.452157059451565e-05, 2.1867432224098593e-05, 3.699354419950396e-05, 2.6089819584740326e-05, 1.884861740109045e-05, 1.4848988939775154e-05, 1.511590107838856e-05, 1.1539880688360427e-05, 1.4395540347322822e-05, 1.3825785572407767e-05, 1.4252294931793585e-05, 1.763540603860747e-05, 1.9429977328400128e-05, 2.4984239644254558e-05, 2.013547418755479e-05, 2.325119021406863e-05, 2.1190026018302888e-05, 1.591521686350461e-05, 1.7627282431931235e-05, 1.879581577668432e-05, 1.4842824384686537e-05, 1.5418552720802836e-05, 1.5479048670385964e-05, 8.742024874663912e-06, 4.241132046445273e-06, 1.0436165212013293e-06, 5.743136739511101e-07], "lowlevel.melbands.stdev": [0.01912696659564972, 0.007114744279533625, 0.00221155839972198, 0.0013505796669051051, 0.00029647868359461427, 0.00015099137090146542, 0.0001294340763706714, 0.0001529469882370904, 0.00013887671229895204, 8.994976087706164e-05, 8.389392314711586e-05, 8.390250877710059e-05, 6.657472113147378e-05, 7.05828788341023e-05, 0.00011072842607973143, 0.00012908758071716875, 6.958495214348659e-05, 3.667512282845564e-05, 2.5511966669000685e-05, 2.7823100026580505e-05, 2.0229112124070525e-05, 2.147457234968897e-05, 2.1002240828238428e-05, 1.9970037101302296e-05, 2.3703050828771666e-05, 2.6244404580211267e-05, 3.0919534765416756e-05, 2.5882729460136034e-05, 2.9602579161291942e-05, 2.7092884920421056e-05, 2.0642783056246117e-05, 2.0777390091097914e-05, 2.1671503418474458e-05, 1.8315571651328355e-05, 1.6684112779330462e-05, 1.7510121324448846e-05, 1.1181031368323602e-05, 6.705635769321816e-06, 2.417494670226006e-06, 1.288980797653494e-06], "lowlevel.melbands128.mean": [0.0020177047699689865, 0.018032539635896683, 0.020995929837226868, 0.009175369516015053, 0.0024358751252293587, 0.000905354565475136, 0.0004606280999723822, 0.0008028282900340855, 0.0007301725563593209, 0.0003237159689888358, 0.00016241912089753896, 0.00010386155190644786, 0.00010214759822702035, 6.538935849675909e-05, 7.394303975161165e-05, 7.930153515189886e-05, 6.948308146093041e-05, 5.942249845247716e-05, 4.519172944128513e-05, 4.8670044634491205e-05, 5.577553383773193e-05, 8.677305595483631e-05, 6.680170190520585e-05, 4.187685044598766e-05, 4.5747954573016614e-05, 2.1109850422362797e-05, 2.063083229586482e-05, 1.941756454471033e-05, 2.30117111641448e-05, 2.4048749764915556e-05, 2.5353374439873733e-05, 3.025902151421178e-05, 3.264005499659106e-05, 2.8843751351814717e-05, 2.743335790000856e-05, 2.4001734345802106e-05, 1.8088649085257202e-05, 2.126510298694484e-05, 2.118437987519428e-05, 3.4404121834086254e-05, 4.532958701020107e-05, 3.516349534038454e-05, 2.4055432731984183e-05, 2.303608926013112e-05, 2.137618685082998e-05, 1.862735371105373e-05, 1.5591300325468183e-05, 1.2276871530048084e-05, 1.4967450624681078e-05, 1.9956494725192897e-05, 1.4085933798924088e-05, 1.2241453987371642e-05, 1.159007297246717e-05, 1.0476163879502565e-05, 1.2697473721345887e-05, 1.5882040315773338e-05, 1.4862773241475224e-05, 1.4168364941724576e-05, 1.3509192285710014e-05, 1.2615020750672556e-05, 1.3925616258347873e-05, 1.5396935850731097e-05, 1.7791588106774725e-05, 1.9131113731418736e-05, 1.5845729649299756e-05, 1.82928688445827e-05, 2.181633681175299e-05, 2.4451281205983832e-05, 2.79073301499011e-05, 2.3220296498038806e-05, 1.822780723159667e-05, 1.9681583580677398e-05, 2.0811754438909702e-05, 2.6921623430098407e-05, 2.1529602236114442e-05, 2.1198900867602788e-05, 2.233607847301755e-05, 1.7329681213595904e-05, 1.5026714208943304e-05, 1.3707878679269925e-05, 1.607307967788074e-05, 1.930487997015007e-05, 2.1653433577739634e-05, 2.0489700546022505e-05, 1.4547635146300308e-05, 1.414850430592196e-05, 1.530816916783806e-05, 1.5169534890446812e-05, 1.3283270163810812e-05, 1.7187056073453277e-05, 2.0216051780153066e-05, 1.4903755072737113e-05, 8.405007974943146e-06, 8.36636172607541e-06, 9.411280188942328e-06, 6.48582681606058e-06, 3.023573526661494e-06, 8.484624913762673e-07, 1.0639223546604626e-06, 1.2102633490940207e-06, 6.627064408348815e-07, 4.997965561415185e-07, 3.525568104123522e-07, 3.5899341810363694e-07, 3.120680105439533e-07, 5.805779323964089e-07, 6.133923875495384e-07, 3.655771934063523e-07, 4.6960784061411687e-07, 7.818123322067549e-07, 1.2643019999813987e-06, 5.461650403049134e-07, 4.933502850690274e-07, 4.858317197431461e-07, 4.5089703348821786e-07, 2.1397862326466566e-07, 5.727172336378317e-08, 2.8766744541997014e-10, 1.2869466776976868e-11, 1.2428049908641547e-11, 1.209172345584264e-11, 1.1821863800387522e-11, 1.1526640752990147e-11, 1.1320474072040732e-11, 1.1113204106960595e-11, 1.0904162121849748e-11, 1.0772369975209362e-11, 1.0706087925915764e-11], "lowlevel.melbands128.stdev": [0.002677234122529626, 0.0235496386885643, 0.027876010164618492, 0.013871217146515846, 0.007785370107740164, 0.0044189258478581905, 0.001860041287727654, 0.003108978271484375, 0.003117433749139309, 0.001339903217740357, 0.0006270244484767318, 0.00036670148256234825, 0.0003110502439085394, 0.00016862922348082066, 0.00017017476784531027, 0.00018025643657892942, 0.00015547742077615112, 0.0001538414362585172, 0.00013504685193765908, 0.00018023997836280614, 0.00018316603382118046, 0.00019388618238735944, 0.00018253782764077187, 0.00012969982344657183, 0.0001646300806896761, 6.577379099326208e-05, 6.216962356120348e-05, 8.915503713069484e-05, 0.00015541160246357322, 9.56787625909783e-05, 0.00010082063818117604, 8.33617668831721e-05, 7.95575397205539e-05, 7.867941894801334e-05, 7.946610276121646e-05, 8.3031045505777e-05, 6.196575122885406e-05, 0.0001533722534077242, 0.00010603662667563185, 0.00014332208957057446, 0.00018546008504927158, 0.00011827892012661323, 7.962526433402672e-05, 6.619361374760047e-05, 4.702111618826166e-05, 4.307570998207666e-05, 3.253539398428984e-05, 2.7467696781968698e-05, 3.074132837355137e-05, 4.2885792936431244e-05, 3.3755004551494494e-05, 2.8406180717865936e-05, 2.2684333089273423e-05, 1.958163375093136e-05, 2.5558807465131395e-05, 2.530239180487115e-05, 2.4882279831217602e-05, 2.4832597773638554e-05, 2.3717771910014562e-05, 2.0479534214246087e-05, 2.351688817725517e-05, 2.351369766984135e-05, 2.7434391085989773e-05, 2.869226773327682e-05, 2.5544750315020792e-05, 3.005399412359111e-05, 3.190095230820589e-05, 3.600178024498746e-05, 3.801038837991655e-05, 3.126679075649008e-05, 2.809647958201822e-05, 2.99008606816642e-05, 3.0087463528616354e-05, 3.871704393532127e-05, 3.0319582947413437e-05, 3.0534196412190795e-05, 3.1976898753782734e-05, 2.605300869618077e-05, 2.192893771280069e-05, 2.0544479411910288e-05, 2.2214000637177378e-05, 2.4818480596877635e-05, 2.7980106096947566e-05, 2.6110359613085166e-05, 1.916075052577071e-05, 1.8846891180146486e-05, 2.1612620912492275e-05, 2.1455893147503957e-05, 1.6000811228877865e-05, 2.069839865725953e-05, 2.4923330784076825e-05, 1.8645629097591154e-05, 1.2597044587892015e-05, 1.2370329386612866e-05, 1.2948936273460276e-05, 9.877044249151368e-06, 6.66618871036917e-06, 2.47249454332632e-06, 2.913053549491451e-06, 2.762367785180686e-06, 1.550218712509377e-06, 1.3338814142116462e-06, 1.0094194067278295e-06, 9.924906407832168e-07, 7.713770173722878e-07, 1.3648675576405367e-06, 1.3518554169422714e-06, 8.017946129257325e-07, 1.0317302212570212e-06, 1.8518635442887899e-06, 3.4101776691386476e-06, 1.410756453879003e-06, 1.0263330523230252e-06, 1.0934063539025374e-06, 1.2395961448419257e-06, 1.035358764056582e-06, 2.8265210971767374e-07, 2.5011401838526126e-09, 2.0568767175599412e-11, 1.9966799047477224e-11, 1.947728957285566e-11, 1.9064768860821424e-11, 1.8654175426568997e-11, 1.8336030610521803e-11, 1.8059305786910507e-11, 1.783434858126931e-11, 1.767917583161971e-11, 1.7583084294114926e-11], "lowlevel.mfcc.mean": [-648.53173828125, 50.43404769897461, 4.776559352874756, 46.00532150268555, -11.3759183883667, 29.623172760009766, -6.098349571228027, 21.64070701599121, -6.9072723388671875, 20.74273109436035, -3.3799054622650146, 13.619527816772461, -0.07234428822994232], "lowlevel.spectral_contrast_coeffs.mean": [-0.6947005391120911, -0.8055271506309509, -0.8322545289993286, -0.8332391977310181, -0.8064172863960266, -0.6229895353317261], "lowlevel.spectral_contrast_coeffs.stdev": [0.09305054694414139, 0.06603692471981049, 0.04335855320096016, 0.036223091185092926, 0.03111553192138672, 0.07825836539268494], "lowlevel.spectral_contrast_valleys.mean": [-7.843268871307373, -7.549149513244629, -7.891855239868164, -7.842260837554932, -7.119256496429443, -10.595697402954102], "lowlevel.spectral_contrast_valleys.stdev": [2.2469840049743652, 2.033543348312378, 1.9915038347244263, 1.990128517150879, 2.039217472076416, 2.003369092941284], "rhythm.beats_loudness_band_ratio.mean": [0.6411277055740356, 0.06426995247602463, 0.03844161704182625, 0.049062058329582214, 0.05782412365078926, 0.1831943690776825], "rhythm.beats_loudness_band_ratio.stdev": [0.29844582080841064, 0.07321075350046158, 0.08074095845222473, 0.10425674170255661, 0.06557676196098328, 0.17170287668704987], "tonal.hpcp.mean": [0.08384599536657333, 0.07506199181079865, 0.06181202456355095, 0.05720822885632515, 0.10383892804384232, 0.09892263263463974, 0.05178500711917877, 0.05113566294312477, 0.050107136368751526, 0.042193084955215454, 0.05716245621442795, 0.05809943377971649, 0.04461758956313133, 0.11954223364591599, 0.12179657816886902, 0.047027237713336945, 0.051652900874614716, 0.05871296674013138, 0.0518336221575737, 0.09065164625644684, 0.10418100655078888, 0.07711925357580185, 0.09324216842651367, 0.11118139326572418, 0.11191745102405548, 0.11638108640909195, 0.10324831306934357, 0.10679875314235687, 0.21120329201221466, 0.2845548391342163, 0.23418603837490082, 0.19513311982154846, 0.21449187397956848, 0.212717667222023, 0.20528021454811096, 0.15376092493534088], "tonal.hpcp.stdev": [0.19657723605632782, 0.19752100110054016, 0.1668010652065277, 0.14659112691879272, 0.2343435138463974, 0.22380927205085754, 0.14269688725471497, 0.1426350623369217, 0.13690556585788727, 0.12216122448444366, 0.14957942068576813, 0.15184690058231354, 0.10681241005659103, 0.2621278464794159, 0.26751187443733215, 0.11497848480939865, 0.1384619176387787, 0.15321283042430878, 0.12231612950563431, 0.19625157117843628, 0.21997693181037903, 0.1605166792869568, 0.20785172283649445, 0.23756040632724762, 0.240967258810997, 0.23033122718334198, 0.20906485617160797, 0.20733831822872162, 0.3154658079147339, 0.37804415822029114, 0.322713702917099, 0.29938390851020813, 0.3226340413093567, 0.31813016533851624, 0.30440381169319153, 0.2639234662055969], "rhythm.beats_position": [0.4643990993499756, 0.9287981986999512, 1.3931972980499268, 1.8575963973999023, 2.3336052894592285, 2.809614419937134, 3.285623550415039, 3.7616326808929443, 4.22603178024292, 4.690430641174316, 5.166440010070801, 5.642448902130127, 6.118457794189453, 6.5944671630859375, 7.058866024017334, 7.53487491607666, 8.010884284973145, 8.486893653869629, 8.962902069091797, 9.438911437988281, 9.914920806884766, 10.379319190979004, 10.855328559875488, 11.331337928771973, 11.795736312866211, 12.271745681762695, 12.74775505065918, 13.212154388427734, 13.688162803649902, 14.164172172546387, 14.640181541442871, 15.116189956665039, 15.580589294433594, 16.056598663330078, 16.532608032226562, 16.997007369995117, 17.47301483154297, 17.949024200439453, 18.413423538208008, 18.901042938232422, 19.365442276000977, 19.85306167602539, 20.317459106445312, 20.793468475341797, 21.26947784423828, 21.733877182006836, 22.20988655090332, 22.685895919799805, 23.15029525756836, 23.62630271911621, 24.102312088012695, 24.57832145690918, 25.054330825805664, 25.51873016357422, 25.994739532470703, 26.470746994018555, 26.93514633178711, 27.411155700683594, 27.887165069580078, 28.363174438476562, 28.839183807373047, 29.3035831451416, 29.779590606689453, 30.255599975585938, 30.719999313354492, 31.196008682250977, 31.67201805114746, 32.14802551269531, 32.6240348815918, 33.088436126708984, 33.552833557128906, 34.04045104980469, 34.51646041870117, 34.992469787597656, 35.456871032714844, 35.93288040161133, 36.40888977050781, 36.873287200927734, 37.34929656982422, 37.8253059387207, 38.30131530761719, 38.77732467651367, 39.253334045410156, 39.7525634765625], "rhythm.bpm_histogram": [0.0, 0.0, 0.0, 0.0, 0.0, 0.0, 0.0, 0.0, 0.0, 0.0, 0.0, 0.0, 0.0, 0.0, 0.0, 0.0, 0.0, 0.0, 0.0, 0.0, 0.0, 0.0, 0.0, 0.0, 0.0, 0.0, 0.0, 0.0, 0.0, 0.0, 0.0, 0.0, 0.0, 0.0, 0.0, 0.0, 0.0, 0.0, 0.0, 0.0, 0.0, 0.0, 0.0, 0.0, 0.0, 0.0, 0.0, 0.0, 0.0, 0.0, 0.0, 0.0, 0.0, 0.0, 0.0, 0.0, 0.0, 0.0, 0.0, 0.0, 0.0, 0.0, 0.0, 0.0, 0.0, 0.0, 0.0, 0.0, 0.0, 0.0, 0.0, 0.0, 0.0, 0.0, 0.0, 0.0, 0.0, 0.0, 0.0, 0.0, 0.0, 0.0, 0.0, 0.0, 0.0, 0.0, 0.0, 0.0, 0.0, 0.0, 0.0, 0.0, 0.0, 0.0, 0.0, 0.0, 0.0, 0.0, 0.0, 0.0, 0.0, 0.0, 0.0, 0.0, 0.0, 0.0, 0.0, 0.0, 0.0, 0.0, 0.0, 0.0, 0.0, 0.0, 0.0, 0.0, 0.0, 0.0, 0.0, 0.0, 0.012048192322254181, 0.0, 0.0, 0.03614457696676254, 0.0, 0.0, 0.6626505851745605, 0.0, 0.0, 0.28915661573410034, 0.0, 0.0, 0.0, 0.0, 0.0, 0.0, 0.0, 0.0, 0.0, 0.0, 0.0, 0.0, 0.0, 0.0, 0.0, 0.0, 0.0, 0.0, 0.0, 0.0, 0.0, 0.0, 0.0, 0.0, 0.0, 0.0, 0.0, 0.0, 0.0, 0.0, 0.0, 0.0, 0.0, 0.0, 0.0, 0.0, 0.0, 0.0, 0.0, 0.0, 0.0, 0.0, 0.0, 0.0, 0.0, 0.0, 0.0, 0.0, 0.0, 0.0, 0.0, 0.0, 0.0, 0.0, 0.0, 0.0, 0.0, 0.0, 0.0, 0.0, 0.0, 0.0, 0.0, 0.0, 0.0, 0.0, 0.0, 0.0, 0.0, 0.0, 0.0, 0.0, 0.0, 0.0, 0.0, 0.0, 0.0, 0.0, 0.0, 0.0, 0.0, 0.0, 0.0, 0.0, 0.0, 0.0, 0.0, 0.0, 0.0, 0.0, 0.0, 0.0, 0.0, 0.0, 0.0, 0.0, 0.0, 0.0, 0.0, 0.0, 0.0, 0.0, 0.0, 0.0, 0.0, 0.0, 0.0, 0.0, 0.0, 0.0, 0.0, 0.0, 0.0, 0.0, 0.0, 0.0, 0.0, 0.0, 0.0, 0.0], "tonal.chords_histogram": [0.0, 0.0, 0.0, 2.1990740299224854, 0.0, 2.6620371341705322, 4.398148059844971, 0.0, 9.143518447875977, 0.3472222089767456, 8.796296119689941, 0.5787037014961243, 2.8935184478759766, 9.722222328186035, 7.1759257316589355, 17.129629135131836, 0.5787037014961243, 1.0416666269302368, 0.0, 0.9259259104728699, 0.0, 0.0, 19.328702926635742, 13.078703880310059], "tonal.thpcp": [1.0, 0.822990894317627, 0.6857487559318542, 0.7537804245948792, 0.7475454211235046, 0.7214082479476929, 0.5403560400009155, 0.2946567237377167, 0.2637874484062195, 0.21722359955310822, 0.20104464888572693, 0.3649170994758606, 0.34763994812965393, 0.1819860339164734, 0.17970407009124756, 0.1760895550251007, 0.14827752113342285, 0.20088379085063934, 0.20417657494544983, 0.156797856092453, 0.42010262608528137, 0.4280249774456024, 0.1652659922838211, 0.18152177333831787, 0.20633269846439362, 0.18215687572956085, 0.31857356429100037, 0.36611926555633545, 0.2710171937942505, 0.32767733931541443, 0.3907204568386078, 0.3933071494102478, 0.40899351239204407, 0.36284151673316956, 0.375318706035614, 0.7422235012054443], "lowlevel.gfcc.cov": [[18962.439453125, 474.9965515136719, -1011.0056762695312, 1037.6181640625, -476.64794921875, 596.5233154296875, -206.1273193359375, 211.73007202148438, -269.8492736816406, 223.97283935546875, -214.2325897216797, 94.48515319824219, -231.30343627929688], [474.9965515136719, 1723.2025146484375, 744.4939575195312, 453.1574401855469, 428.13232421875, 125.032470703125, 484.8041076660156, 207.26564025878906, 461.7535400390625, 83.93865966796875, 95.84648895263672, -27.69261360168457, 89.27651977539062], [-1011.0056762695312, 744.4939575195312, 1488.186767578125, 621.744873046875, 707.7175903320312, 487.1166687011719, 477.0236511230469, 455.903564453125, 395.9487609863281, 181.63929748535156, 118.54412078857422, 6.803143501281738, 155.3126678466797], [1037.6181640625, 453.1574401855469, 621.744873046875, 777.9834594726562, 468.898193359375, 484.74017333984375, 413.011474609375, 362.221435546875, 370.210693359375, 102.00548553466797, 185.70501708984375, 19.45880889892578, 163.93345642089844], [-476.64794921875, 428.13232421875, 707.7175903320312, 468.898193359375, 696.6276245117188, 482.9216003417969, 459.3798828125, 324.94769287109375, 319.6184997558594, 124.16136169433594, 138.59356689453125, 47.38624572753906, 134.1886444091797], [596.5233154296875, 125.032470703125, 487.1166687011719, 484.74017333984375, 482.9216003417969, 609.6328735351562, 360.5448303222656, 331.1819152832031, 266.3441467285156, 105.15674591064453, 178.83326721191406, 32.495792388916016, 141.4590606689453], [-206.1273193359375, 484.8041076660156, 477.0236511230469, 413.011474609375, 459.3798828125, 360.5448303222656, 515.8873291015625, 281.9768371582031, 383.4698791503906, 114.69974517822266, 179.6161651611328, 66.52368927001953, 126.41715240478516], [211.73007202148438, 207.26564025878906, 455.903564453125, 362.221435546875, 324.94769287109375, 331.1819152832031, 281.9768371582031, 363.2912292480469, 240.03086853027344, 146.291259765625, 114.85956573486328, 34.193519592285156, 131.9790802001953], [-269.8492736816406, 461.7535400390625, 395.9487609863281, 370.210693359375, 319.6184997558594, 266.3441467285156, 383.4698791503906, 240.03086853027344, 432.6408386230469, 104.29536437988281, 200.13214111328125, 45.4344367980957, 122.32037353515625], [223.97283935546875, 83.93865966796875, 181.63929748535156, 102.00548553466797, 124.16136169433594, 105.15674591064453, 114.69974517822266, 146.291259765625, 104.29536437988281, 152.65762329101562, 53.61868667602539, 54.372467041015625, 41.43854522705078], [-214.2325897216797, 95.84648895263672, 118.54412078857422, 185.70501708984375, 138.59356689453125, 178.83326721191406, 179.6161651611328, 114.85956573486328, 200.13214111328125, 53.61868667602539, 201.0396270751953, 39.87141799926758, 89.18878936767578], [94.48515319824219, -27.69261360168457, 6.803143501281738, 19.45880889892578, 47.38624572753906, 32.495792388916016, 66.52368927001953, 34.193519592285156, 45.4344367980957, 54.372467041015625, 39.87141799926758, 95.54290771484375, 26.15768814086914], [-231.30343627929688, 89.27651977539062, 155.3126678466797, 163.93345642089844, 134.1886444091797, 141.4590606689453, 126.41715240478516, 131.9790802001953, 122.32037353515625, 41.43854522705078, 89.18878936767578, 26.15768814086914, 129.68504333496094]], "lowlevel.gfcc.icov": [[0.00016652970225550234, -0.0002777417830657214, 0.0003134577127639204, -0.0005582721787504852, 0.0004635897639673203, -0.0006481282180175185, 0.0002338472695555538, -0.000110366650915239, 0.0003006238548550755, -0.00041552301263436675, 0.00039553834358230233, -0.0005261281039565802, 0.0006134872091934085], [-0.0002777417830657214, 0.0017095357179641724, -0.0008492031483910978, 0.0005420276429504156, -0.0009208162664435804, 0.0019970214925706387, -0.0013788256328552961, 0.000883106782566756, -0.0014038216322660446, 0.0002777371264528483, -4.076972254551947e-05, 0.0020141310524195433, -0.001263433718122542], [0.0003134577127639204, -0.0008492031483910978, 0.0023298754822462797, -0.0013740876456722617, -0.0005462002009153366, -0.0009924566838890314, 0.0011065423022955656, -0.0012540902243927121, 0.0002996913099195808, -0.0011402636300772429, 0.0011302271159365773, -0.00048701572814024985, 0.0013383135665208101], [-0.0005582721787504852, 0.0005420276429504156, -0.0013740876456722617, 0.005690829828381538, -0.0013851019321009517, 0.00045482596033252776, -0.0007152623729780316, -0.0011309534311294556, -0.002005545422434807, 0.002702644094824791, -0.0014467451255768538, 0.0017779479967430234, -0.0024672357831150293], [0.0004635897639673203, -0.0009208162664435804, -0.0005462002009153366, -0.0013851019321009517, 0.0077288164757192135, -0.004723655059933662, -0.0029054717160761356, 0.0006180173368193209, 0.0015395455993711948, -0.0015123685589060187, 0.0025026651564985514, -0.0020018788054585457, 0.0009381303680129349], [-0.0006481282180175185, 0.0019970214925706387, -0.0009924566838890314, 0.00045482596033252776, -0.004723655059933662, 0.00931595265865326, -0.0018131881952285767, -0.0021174659486860037, 9.754754137247801e-05, 0.002284679329022765, -0.004217721056193113, 0.0033147793728858232, -0.0018587076338008046], [0.0002338472695555538, -0.0013788256328552961, 0.0011065423022955656, -0.0007152623729780316, -0.0029054717160761356, -0.0018131881952285767, 0.01114908792078495, -0.002188071608543396, -0.004610021132975817, 0.0010557746281847358, 6.104524072725326e-05, -0.004513415973633528, 0.0021672851871699095], [-0.000110366650915239, 0.000883106782566756, -0.0012540902243927121, -0.0011309534311294556, 0.0006180173368193209, -0.0021174659486860037, -0.002188071608543396, 0.01322502363473177, -0.001417955500073731, -0.007666509598493576, 0.0026377118192613125, 0.0035420178901404142, -0.006270391400903463], [0.0003006238548550755, -0.0014038216322660446, 0.0002996913099195808, -0.002005545422434807, 0.0015395455993711948, 9.754754137247801e-05, -0.004610021132975817, -0.001417955500073731, 0.011551820673048496, -0.0015013351803645492, -0.005068547558039427, -0.00020138506079092622, 0.0010266952449455857], [-0.00041552301263436675, 0.0002777371264528483, -0.0011402636300772429, 0.002702644094824791, -0.0015123685589060187, 0.002284679329022765, 0.0010557746281847358, -0.007666509598493576, -0.0015013351803645492, 0.01628059521317482, -0.0024905777536332607, -0.006058664061129093, 0.0020114360377192497], [0.00039553834358230233, -4.076972254551947e-05, 0.0011302271159365773, -0.0014467451255768538, 0.0025026651564985514, -0.004217721056193113, 6.104524072725326e-05, 0.0026377118192613125, -0.005068547558039427, -0.0024905777536332607, 0.014117816463112831, -0.0021642991341650486, -0.0032202573493123055], [-0.0005261281039565802, 0.0020141310524195433, -0.00048701572814024985, 0.0017779479967430234, -0.0020018788054585457, 0.0033147793728858232, -0.004513415973633528, 0.0035420178901404142, -0.00020138506079092622, -0.006058664061129093, -0.0021642991341650486, 0.01877496764063835, -0.0049110776744782925], [0.0006134872091934085, -0.001263433718122542, 0.0013383135665208101, -0.0024672357831150293, 0.0009381303680129349, -0.0018587076338008046, 0.0021672851871699095, -0.006270391400903463, 0.0010266952449455857, 0.0020114360377192497, -0.0032202573493123055, -0.0049110776744782925, 0.018110506236553192]], "lowlevel.mfcc.cov": [[7579.75244140625, 35.448028564453125, 47.702232360839844, 135.78921508789062, 147.17507934570312, 190.5979461669922, 234.17213439941406, -23.468425750732422, 36.51496505737305, -78.09990692138672, 30.87217903137207, -29.923410415649414, 10.09467601776123], [35.448028564453125, 1454.2569580078125, 350.5516662597656, 485.3026428222656, 36.656219482421875, 248.70155334472656, -9.719505310058594, 224.4480438232422, 185.94053649902344, 241.98568725585938, 146.4617919921875, 124.89533233642578, 85.37907409667969], [47.702232360839844, 350.5516662597656, 917.6061401367188, 357.6505432128906, 481.91094970703125, 162.9215545654297, 314.05218505859375, 218.8165283203125, 392.7101745605469, 228.09658813476562, 228.6893310546875, 111.28581237792969, 181.20223999023438], [135.78921508789062, 485.3026428222656, 357.6505432128906, 537.7779541015625, 182.03814697265625, 272.0480651855469, 119.84417724609375, 292.9504699707031, 217.4336700439453, 258.40301513671875, 122.47644805908203, 152.55184936523438, 113.06249237060547], [147.17507934570312, 36.656219482421875, 481.91094970703125, 182.03814697265625, 548.0950927734375, 192.8116912841797, 372.3622131347656, 199.66949462890625, 351.0066223144531, 159.570068359375, 168.24777221679688, 96.5981216430664, 140.5651092529297], [190.5979461669922, 248.70155334472656, 162.9215545654297, 272.0480651855469, 192.8116912841797, 426.40814208984375, 173.35377502441406, 343.15802001953125, 139.6902313232422, 266.92864990234375, 55.00285339355469, 203.48764038085938, 54.560768127441406], [234.17213439941406, -9.719505310058594, 314.05218505859375, 119.84417724609375, 372.3622131347656, 173.35377502441406, 387.67498779296875, 188.108642578125, 300.2925109863281, 131.9785919189453, 153.03704833984375, 88.37085723876953, 128.34996032714844], [-23.468425750732422, 224.4480438232422, 218.8165283203125, 292.9504699707031, 199.66949462890625, 343.15802001953125, 188.108642578125, 403.715576171875, 196.3217010498047, 304.5763854980469, 77.23751831054688, 218.69639587402344, 85.55963134765625], [36.51496505737305, 185.94053649902344, 392.7101745605469, 217.4336700439453, 351.0066223144531, 139.6902313232422, 300.2925109863281, 196.3217010498047, 408.637451171875, 177.63804626464844, 196.7112274169922, 83.25787353515625, 178.7116241455078], [-78.09990692138672, 241.98568725585938, 228.09658813476562, 258.40301513671875, 159.570068359375, 266.92864990234375, 131.9785919189453, 304.5763854980469, 177.63804626464844, 330.0044250488281, 97.99532318115234, 212.27044677734375, 80.25314331054688], [30.87217903137207, 146.4617919921875, 228.6893310546875, 122.47644805908203, 168.24777221679688, 55.00285339355469, 153.03704833984375, 77.23751831054688, 196.7112274169922, 97.99532318115234, 178.66119384765625, 58.761924743652344, 120.65629577636719], [-29.923410415649414, 124.89533233642578, 111.28581237792969, 152.55184936523438, 96.5981216430664, 203.48764038085938, 88.37085723876953, 218.69639587402344, 83.25787353515625, 212.27044677734375, 58.761924743652344, 212.1610565185547, 61.94757080078125], [10.09467601776123, 85.37907409667969, 181.20223999023438, 113.06249237060547, 140.5651092529297, 54.560768127441406, 128.34996032714844, 85.55963134765625, 178.7116241455078, 80.25314331054688, 120.65629577636719, 61.94757080078125, 161.39805603027344]], "lowlevel.mfcc.icov": [[0.00014547294995281845, 1.304266902479867e-06, 9.894857612380292e-06, -0.0001101552988984622, 5.4037860536482185e-05, -0.00018308071594219655, -0.00022560868819709867, 0.0002192844112869352, 6.288359872996807e-05, 8.197400893550366e-05, 2.104585655615665e-05, -2.4871098958101356e-06, 9.09437130758306e-06], [1.304266902479867e-06, 0.0012140445178374648, -0.00032768180244602263, -0.0007228823960758746, 0.0006183320074342191, -0.0008065445581451058, 0.0008290871628560126, 0.0002935997035820037, -0.0007426338852383196, 0.00016391997633036226, -0.0009159085457213223, 3.823792212642729e-05, 0.000561965920496732], [9.894857612380292e-06, -0.00032768180244602263, 0.0029157681856304407, -0.0010305601172149181, -0.002289380179718137, 0.0011555211385712028, 2.2645512217422947e-05, 0.00016758732090238482, 0.00011379005445633084, -0.0010254356311634183, -0.0006094283307902515, 0.0003608982951845974, -0.0001815371069824323], [-0.0001101552988984622, -0.0007228823960758746, -0.0010305601172149181, 0.0051414198242127895, 3.371471393620595e-05, -0.0011737024178728461, 0.0017880990635603666, -0.002288231858983636, -0.00047025864478200674, -0.0005415273481048644, -0.0006624181987717748, 0.0012010198552161455, -0.0010726862819865346], [5.4037860536482185e-05, 0.0006183320074342191, -0.002289380179718137, 3.371471393620595e-05, 0.008163669146597385, -0.0020879674702882767, -0.004136989824473858, 0.0014944158028811216, -0.0031559704802930355, 0.0009558956953696907, 0.0007355079287663102, -0.0009691236773505807, 0.0011511404300108552], [-0.00018308071594219655, -0.0008065445581451058, 0.0011555211385712028, -0.0011737024178728461, -0.0020879674702882767, 0.009953731670975685, -0.0020145047456026077, -0.005716775543987751, 0.0025958495680242777, -0.0011976368259638548, 0.0010025230003520846, -0.0014433255419135094, 0.0005748720141127706], [-0.00022560868819709867, 0.0008290871628560126, 2.2645512217422947e-05, 0.0017880990635603666, -0.004136989824473858, -0.0020145047456026077, 0.012208563275635242, -0.003230457892641425, -0.004310358315706253, 0.00320023694075644, -0.003859924152493477, -0.00043780371197499335, 0.0008203628822229803], [0.0002192844112869352, 0.0002935997035820037, 0.00016758732090238482, -0.002288231858983636, 0.0014944158028811216, -0.005716775543987751, -0.003230457892641425, 0.016655733808875084, -0.0027498474810272455, -0.00636226637288928, 0.005078766494989395, -0.003368791425600648, -0.0006790065672248602], [6.288359872996807e-05, -0.0007426338852383196, 0.00011379005445633084, -0.00047025864478200674, -0.0031559704802930355, 0.0025958495680242777, -0.004310358315706253, -0.0027498474810272455, 0.014048357494175434, -0.004328995943069458, -0.0031778181437402964, 0.005715027917176485, -0.00587354926392436], [8.197400893550366e-05, 0.00016391997633036226, -0.0010254356311634183, -0.0005415273481048644, 0.0009558956953696907, -0.0011976368259638548, 0.00320023694075644, -0.00636226637288928, -0.004328995943069458, 0.017484163865447044, -0.003584320191293955, -0.009236120618879795, 0.004163030069321394], [2.104585655615665e-05, -0.0009159085457213223, -0.0006094283307902515, -0.0006624181987717748, 0.0007355079287663102, 0.0010025230003520846, -0.003859924152493477, 0.005078766494989395, -0.0031778181437402964, -0.003584320191293955, 0.01819458045065403, -0.0018792761256918311, -0.00655025290325284], [-2.4871098958101356e-06, 3.823792212642729e-05, 0.0003608982951845974, 0.0012010198552161455, -0.0009691236773505807, -0.0014433255419135094, -0.00043780371197499335, -0.003368791425600648, 0.005715027917176485, -0.009236120618879795, -0.0018792761256918311, 0.018122080713510513, -0.00508688623085618], [9.09437130758306e-06, 0.000561965920496732, -0.0001815371069824323, -0.0010726862819865346, 0.0011511404300108552, 0.0005748720141127706, 0.0008203628822229803, -0.0006790065672248602, -0.00587354926392436, 0.004163030069321394, -0.00655025290325284, -0.00508688623085618, 0.01664675958454609]], "metadata.audio_properties.analysis.downmi