{"song_id": "1182270629752344576", "download": "https://cdn.discordapp.com/attachments/1135903449314238464/1182270629752344576/chirp.mp4?ex=65841653&amp", "lyrics": "\u039d\u03b1 \u03c0\u03ac\u03c1\u03c9 \u03b8\u03ad\u03bb\u03c9 \u03c4\u03b7\u03bd \u03b1\u03c0\u03cc\u03c6\u03b1\u03c3\u03b7\n\u03ba\u03b1\u03b9 \u03b8\u03b1 \u03c0\u03ac\u03c9 \u03c3\u03c4' \u03cc\u03bc\u03bf\u03c1\u03c6\u03bf \u03bd\u03b7\u03c3\u03af\n\u03b8\u03ad\u03bb\u03c9 \u03bd\u03b1 \u03c4\u03b7\u03c2 \u03c0\u03c9 \u03c0\u03c9\u03c2 \u03c4\u03b7\u03bd \u03b1\u03b3\u03b1\u03c0\u03ce\n\u03ba\u03b1\u03b9 \u03bc\u03b9\u03b1 \u03bc\u03ad\u03c1\u03b1 \u03b8\u03b1 \u03c4\u03b7\u03bd \u03c0\u03b1\u03bd\u03c4\u03c1\u03b5\u03c5\u03c4\u03ce\n\u03bc\u03b5\u03c2 \u03c4\u03b7\u03bd \u0399\u03ba\u03b1\u03c1\u03b9\u03ac \u03bc\u03b9\u03b1 \u03b3\u03bb\u03c5\u03ba\u03b9\u03ac \u03b2\u03c1\u03b1\u03b4\u03b9\u03ac\n\u03b8\u03b1 \u03c4\u03bf \u03ba\u03ac\u03c8\u03bf\u03c5\u03bc\u03b5 \u03bc\u03b5 \u03c4\u03b1 \u03b2\u03b9\u03bf\u03bb\u03b9\u03ac\n\u039a\u03b1\u03b9 \u03b8\u03b1 \u03c7\u03bf\u03c1\u03ad\u03c8\u03bf\u03c5\u03bc\u03b5 \u03bc\u03b1\u03b6\u03af \u03ba\u03b9 \u03bf\u03b9 \u03b4\u03c5\u03bf\n\u03c4\u03bf \u03c3\u03ba\u03bf\u03c0\u03cc \u03c4\u03bf\u03bd \u0399\u03ba\u03b1\u03c1\u03b9\u03ce\u03c4\u03b9\u03ba\u03bf\n\u03b8\u03b1 \u03b3\u03bb\u03b5\u03bd\u03c4\u03ae\u03c3\u03bf\u03c5\u03bc\u03b5, \u03b8\u03b1 \u03bc\u03b5\u03b8\u03cd\u03c3\u03bf\u03c5\u03bc\u03b5\n\u03c4\u03bf\u03c5\u03c2 \u03ba\u03b1\u03b7\u03bc\u03bf\u03cd\u03c2 \u03b8\u03b1 \u03bb\u03b7\u03c3\u03bc\u03bf\u03bd\u03ae\u03c3\u03bf\u03c5\u03bc\u03b5\n\u03bc\u03b5\u03c2 \u03c4\u03b7\u03bd \u0399\u03ba\u03b1\u03c1\u03b9\u03ac \u03ba\u03b1\u03b9 \u03c3\u03b1\u03bd \u03c4\u03b1 \u03c0\u03bf\u03c5\u03bb\u03b9\u03ac\n\u03b8\u03b1 '\u03c7\u03bf\u03c5\u03bc\u03b5 \u03ba\u03b9 \u03bf\u03b9 \u03b4\u03c5\u03bf \u03b6\u03b5\u03c3\u03c4\u03ae \u03c6\u03c9\u03bb\u03b9\u03ac", "style": ["90s boom bap"], "essentia_features": {"lowlevel.average_loudness": 0.9843162298202515, "lowlevel.barkbands_crest.mean": 21.10372543334961, "lowlevel.barkbands_crest.stdev": 5.52313756942749, "lowlevel.barkbands_flatness_db.mean": 0.3167068362236023, "lowlevel.barkbands_flatness_db.stdev": 0.10295476019382477, "lowlevel.barkbands_kurtosis.mean": 156.6485595703125, "lowlevel.barkbands_kurtosis.stdev": 229.60765075683594, "lowlevel.barkbands_skewness.mean": 8.397465705871582, "lowlevel.barkbands_skewness.stdev": 7.049676418304443, "lowlevel.barkbands_spread.mean": 9.993946075439453, "lowlevel.barkbands_spread.stdev": 12.571017265319824, "lowlevel.dissonance.mean": 0.4839455485343933, "lowlevel.dissonance.stdev": 0.018310535699129105, "lowlevel.dynamic_complexity": 3.803891658782959, "lowlevel.erbbands_crest.mean": 10.019912719726562, "lowlevel.erbbands_crest.stdev": 5.206831455230713, "lowlevel.erbbands_flatness_db.mean": 0.1922205686569214, "lowlevel.erbbands_flatness_db.stdev": 0.04205701872706413, "lowlevel.erbbands_kurtosis.mean": 1.2653138637542725, "lowlevel.erbbands_kurtosis.stdev": 3.8166189193725586, "lowlevel.erbbands_skewness.mean": 0.23310188949108124, "lowlevel.erbbands_skewness.stdev": 1.4728976488113403, "lowlevel.erbbands_spread.mean": 62.084102630615234, "lowlevel.erbbands_spread.stdev": 29.874258041381836, "lowlevel.hfc.mean": 14.421749114990234, "lowlevel.hfc.stdev": 18.338531494140625, "lowlevel.loudness_ebu128.integrated": -14.219017028808594, "lowlevel.loudness_ebu128.loudness_range": 1.3724660873413086, "lowlevel.loudness_ebu128.momentary.mean": -14.892909049987793, "lowlevel.loudness_ebu128.momentary.stdev": 4.205188274383545, "lowlevel.loudness_ebu128.short_term.mean": -14.388836860656738, "lowlevel.loudness_ebu128.short_term.stdev": 0.7067846059799194, "lowlevel.melbands_crest.mean": 24.451732635498047, "lowlevel.melbands_crest.stdev": 5.858137607574463, "lowlevel.melbands_flatness_db.mean": 0.38280075788497925, "lowlevel.melbands_flatness_db.stdev": 0.12825028598308563, "lowlevel.melbands_kurtosis.mean": 187.16268920898438, "lowlevel.melbands_kurtosis.stdev": 172.03378295898438, "lowlevel.melbands_skewness.mean": 9.023641586303711, "lowlevel.melbands_skewness.stdev": 4.943985939025879, "lowlevel.melbands_spread.mean": 7.363307952880859, "lowlevel.melbands_spread.stdev": 12.558816909790039, "lowlevel.pitch_salience.mean": 0.27446651458740234, "lowlevel.pitch_salience.stdev": 0.17075201869010925, "lowlevel.silence_rate_20dB.mean": 1.0, "lowlevel.silence_rate_20dB.stdev": 0.0, "lowlevel.silence_rate_30dB.mean": 0.8696407675743103, "lowlevel.silence_rate_30dB.stdev": 0.3366989493370056, "lowlevel.silence_rate_60dB.mean": 0.05214368551969528, "lowlevel.silence_rate_60dB.stdev": 0.2223130762577057, "lowlevel.spectral_centroid.mean": 1402.2696533203125, "lowlevel.spectral_centroid.stdev": 1073.90234375, "lowlevel.spectral_complexity.mean": 11.852838516235352, "lowlevel.spectral_complexity.stdev": 12.961370468139648, "lowlevel.spectral_decrease.mean": -1.583024911155917e-08, "lowlevel.spectral_decrease.stdev": 1.2547817007657613e-08, "lowlevel.spectral_energy.mean": 0.06105510890483856, "lowlevel.spectral_energy.stdev": 0.04840525984764099, "lowlevel.spectral_energyband_high.mean": 0.0009334816713817418, "lowlevel.spectral_energyband_high.stdev": 0.0016467879759147763, "lowlevel.spectral_energyband_low.mean": 0.05299331992864609, "lowlevel.spectral_energyband_low.stdev": 0.0442594550549984, "lowlevel.spectral_energyband_middle_high.mean": 0.0018016601679846644, "lowlevel.spectral_energyband_middle_high.stdev": 0.0027032161597162485, "lowlevel.spectral_energyband_middle_low.mean": 0.0071851834654808044, "lowlevel.spectral_energyband_middle_low.stdev": 0.018367506563663483, "lowlevel.spectral_entropy.mean": 7.429803848266602, "lowlevel.spectral_entropy.stdev": 0.49839475750923157, "lowlevel.spectral_flux.mean": 0.09309493005275726, "lowlevel.spectral_flux.stdev": 0.1053042784333229, "lowlevel.spectral_kurtosis.mean": 2.270493268966675, "lowlevel.spectral_kurtosis.stdev": 2.5903680324554443, "lowlevel.spectral_rms.mean": 0.007167265750467777, "lowlevel.spectral_rms.stdev": 0.0028629049193114042, "lowlevel.spectral_rolloff.mean": 516.3836669921875, "lowlevel.spectral_rolloff.stdev": 1302.310302734375, "lowlevel.spectral_skewness.mean": 0.7588800191879272, "lowlevel.spectral_skewness.stdev": 0.5631811022758484, "lowlevel.spectral_spread.mean": 3687555.75, "lowlevel.spectral_spread.stdev": 1199626.25, "lowlevel.spectral_strongpeak.mean": 0.6138166189193726, "lowlevel.spectral_strongpeak.stdev": 0.31546637415885925, "lowlevel.zerocrossingrate.mean": 0.026405662298202515, "lowlevel.zerocrossingrate.stdev": 0.04462355747818947, "metadata.audio_properties.analysis.equal_loudness": 0.0, "metadata.audio_properties.analysis.length": 40.04265213012695, "metadata.audio_properties.analysis.sample_rate": 44100.0, "metadata.audio_properties.analysis.start_time": 0.0, "metadata.audio_properties.bit_rate": 126625.0, "metadata.audio_properties.length": 40.042667388916016, "metadata.audio_properties.lossless": 0.0, "metadata.audio_properties.number_channels": 1.0, "metadata.audio_properties.replay_gain": -11.548002243041992, "metadata.audio_properties.sample_rate": 48000.0, "rhythm.beats_count": 59.0, "rhythm.beats_loudness.mean": 0.10912507027387619, "rhythm.beats_loudness.stdev": 0.04937928169965744, "rhythm.bpm": 89.88732147216797, "rhythm.bpm_histogram_first_peak_bpm": 91.0, "rhythm.bpm_histogram_first_peak_weight": 0.48275864124298096, "rhythm.bpm_histogram_second_peak_bpm": 0.0, "rhythm.bpm_histogram_second_peak_spread": 0.0, "rhythm.bpm_histogram_second_peak_weight": 0.0, "rhythm.danceability": 1.2651323080062866, "rhythm.onset_rate": 3.1457202434539795, "tonal.chords_changes_rate": 0.07523148506879807, "tonal.chords_number_rate": 0.009259259328246117, "tonal.chords_strength.mean": 0.522132396697998, "tonal.chords_strength.stdev": 0.09614741802215576, "tonal.hpcp_crest.mean": 11.757818222045898, "tonal.hpcp_crest.stdev": 7.3731794357299805, "tonal.hpcp_entropy.mean": 2.6097071170806885, "tonal.hpcp_entropy.stdev": 0.9948806166648865, "tonal.key_edma.strength": 0.46818748116493225, "tonal.key_krumhansl.strength": 0.4656033515930176, "tonal.key_temperley.strength": 0.4620683193206787, "tonal.tuning_diatonic_strength": 0.49709466099739075, "tonal.tuning_equal_tempered_deviation": 0.17916755378246307, "tonal.tuning_frequency": 434.193115234375, "tonal.tuning_nontempered_energy_ratio": 0.8166491389274597, "lowlevel.barkbands.mean": [0.00180571258533746, 0.04460044205188751, 0.004758057650178671, 0.00361546385101974, 0.0015228746924549341, 0.0006861923611722887, 0.0006061622989363968, 0.00043005196494050324, 0.00028739849221892655, 0.00012487712956499308, 9.426025644643232e-05, 0.0002569736971054226, 0.00013806496281176805, 9.325049904873595e-05, 0.00011620116129051894, 0.0001208263129228726, 0.0001813731068978086, 0.00016823405167087913, 0.0002551095385570079, 0.0004347130889073014, 0.0003355578810442239, 0.0002847275463864207, 0.0001128338772105053, 2.3876942577771842e-05, 1.7738364022079622e-06, 1.3657769670771813e-07, 2.085774664095652e-09], "lowlevel.barkbands.stdev": [0.0041336724534630775, 0.03533458709716797, 0.016829583793878555, 0.012844830751419067, 0.004280236549675465, 0.002996769268065691, 0.0016946564428508282, 0.0016152422176674008, 0.0010686333989724517, 0.00031952676363289356, 0.0002145377657143399, 0.0008423109538853168, 0.00030405918369069695, 0.00017664588813204318, 0.0002039819664787501, 0.00024348014267161489, 0.0003291144093964249, 0.00031618241337127984, 0.0004639732069335878, 0.0007383833290077746, 0.0005990375066176057, 0.0005527641042135656, 0.00022631000319961458, 5.082093775854446e-05, 6.118601959315129e-06, 6.465961064350267e-07, 7.74738051489976e-09], "lowlevel.erbbands.mean": [1.395432472229004, 9.469874382019043, 7.530611038208008, 9.683817863464355, 8.82140064239502, 3.9852256774902344, 4.420032024383545, 6.3938889503479, 9.777682304382324, 6.357601642608643, 9.944536209106445, 6.702878952026367, 4.658023357391357, 3.3232078552246094, 7.463772296905518, 8.030712127685547, 6.5571136474609375, 4.929136753082275, 5.847527027130127, 6.204596996307373, 7.35441255569458, 10.574457168579102, 9.323752403259277, 10.193619728088379, 17.161706924438477, 20.202659606933594, 14.376712799072266, 12.63697338104248, 11.174947738647461, 5.992350101470947, 2.803217649459839, 1.0160281658172607, 0.19762815535068512, 0.03639430180191994, 0.006966682150959969, 0.0014315880835056305, 0.00016431721451226622, 1.5215757230180316e-05, 3.0494367820210755e-05, 6.823633884778246e-05], "lowlevel.erbbands.stdev": [1.4060158729553223, 7.745687484741211, 18.439790725708008, 26.95102310180664, 33.18921661376953, 10.539240837097168, 16.562580108642578, 26.319305419921875, 28.658679962158203, 15.924248695373535, 37.00461959838867, 24.23751449584961, 13.577323913574219, 7.603583812713623, 24.547218322753906, 21.772808074951172, 14.034199714660645, 9.147920608520508, 9.919337272644043, 11.141480445861816, 14.714390754699707, 18.969017028808594, 17.05708122253418, 18.321374893188477, 29.92539405822754, 33.94975662231445, 26.335954666137695, 22.46856689453125, 21.521589279174805, 12.123991966247559, 5.6861701011657715, 2.0752720832824707, 0.4867804944515228, 0.11297271400690079, 0.026638902723789215, 0.006418122909963131, 0.0005937148234806955, 4.326074486016296e-05, 2.507332646928262e-05, 5.4403673857450485e-05], "lowlevel.gfcc.mean": [-106.66474151611328, 128.43365478515625, -121.07522583007812, 98.4426498413086, -29.660358428955078, 15.002209663391113, 8.486001968383789, -9.015819549560547, 8.023128509521484, -9.152923583984375, 5.8640618324279785, -11.038697242736816, -0.9609425663948059], "lowlevel.melbands.mean": [0.012943553738296032, 0.006766028702259064, 0.0016658916138112545, 0.000418225972680375, 0.00015627966786269099, 0.00014736758021172136, 0.0001383735507261008, 7.470029959222302e-05, 7.77727400418371e-05, 3.9803686377126724e-05, 2.2707654352416284e-05, 1.336743571300758e-05, 1.935686668730341e-05, 2.949486042780336e-05, 1.4622931303165387e-05, 1.4449959962803405e-05, 8.359527782886289e-06, 9.393231266585644e-06, 8.681459803483449e-06, 8.161813639162574e-06, 8.598968634032644e-06, 1.1037300282623619e-05, 9.915148439176846e-06, 7.392040060949512e-06, 8.087807145784609e-06, 9.843313819146715e-06, 1.6956808394752443e-05, 1.2208781299705151e-05, 8.748110303713474e-06, 8.143960258166771e-06, 7.140117759263376e-06, 6.748974556103349e-06, 4.586961040331516e-06, 2.8345743885438424e-06, 1.6658202639519004e-06, 1.095023662855965e-06, 4.341291628406907e-07, 1.476096400665483e-07, 4.914558360269439e-08, 2.12808721755664e-08], "lowlevel.melbands.stdev": [0.010579381138086319, 0.008694051764905453, 0.004947823006659746, 0.0012897849082946777, 0.0005344537203200161, 0.0005792290903627872, 0.0003928445221390575, 0.000214254338061437, 0.00028217380167916417, 0.00015243413508869708, 6.837297405581921e-05, 3.1203115213429555e-05, 5.594801768893376e-05, 9.977616718970239e-05, 3.850407665595412e-05, 3.318368180771358e-05, 1.6189023881452158e-05, 1.62872311193496e-05, 1.5746836652397178e-05, 1.5573992641293444e-05, 1.786776374501642e-05, 2.0677120119216852e-05, 1.8168138922192156e-05, 1.421758315700572e-05, 1.4812037079536822e-05, 1.8475218894309364e-05, 2.9724922569585033e-05, 2.0910731109324843e-05, 1.6380587112507783e-05, 1.5564473869744688e-05, 1.2827661521441769e-05, 1.3224691429059021e-05, 9.240010513167363e-06, 5.8672326304076705e-06, 3.407042413527961e-06, 2.346622068216675e-06, 9.0028743215953e-07, 3.8955320746936195e-07, 1.5792659269209253e-07, 7.399193435730922e-08], "lowlevel.melbands128.mean": [0.0017150413477793336, 0.009818083606660366, 0.02056971937417984, 0.013855524361133575, 0.004845146555453539, 0.002308440860360861, 0.001995575148612261, 0.0017429526196792722, 0.0007988715078681707, 0.0003075954446103424, 0.00017481669783592224, 0.00017376686446368694, 0.00014870303857605904, 0.00013536836195271462, 0.00014188411296345294, 0.0001372618426103145, 0.000203429939574562, 0.00013214534556027502, 7.652916247025132e-05, 4.874356818618253e-05, 8.961607818491757e-05, 0.00011018933582818136, 7.317676499951631e-05, 5.235014759819023e-05, 4.1907387640094385e-05, 3.809793997788802e-05, 2.3168247935245745e-05, 2.108625449182e-05, 2.4303724785568193e-05, 1.2191907444503158e-05, 1.1045351129723713e-05, 1.1091340638813563e-05, 1.2694522411038633e-05, 2.6602356228977442e-05, 4.874686055700295e-05, 1.996647915802896e-05, 1.8856821043300442e-05, 1.5560917745460756e-05, 9.431193575437646e-06, 1.7200471120304428e-05, 1.636569868423976e-05, 1.0123450920218602e-05, 6.308263891696697e-06, 8.747852916712873e-06, 1.0121902960236184e-05, 8.879345841705799e-06, 9.366152880829759e-06, 9.110573955695145e-06, 8.015904313651845e-06, 8.363501365238335e-06, 7.936153451737482e-06, 8.345828064193483e-06, 8.542685463908128e-06, 7.787955837557092e-06, 1.055599841492949e-05, 1.2278934264031705e-05, 1.0567233402980492e-05, 1.07412442957866e-05, 9.886010957416147e-06, 7.630085747223347e-06, 7.107263627403881e-06, 7.290872872545151e-06, 7.796580575814005e-06, 8.902901754481718e-06, 7.3022338256123476e-06, 9.423648407391738e-06, 1.0680338164092973e-05, 1.4478660887107253e-05, 2.0310801119194366e-05, 1.9195707864128053e-05, 1.0735865544120315e-05, 9.893017704598606e-06, 8.716740921954624e-06, 8.281127520604059e-06, 9.217044862452894e-06, 8.83154098119121e-06, 7.146361440391047e-06, 7.0889750531932805e-06, 7.515027391491458e-06, 6.593242687813472e-06, 7.174704023782397e-06, 6.899474556121277e-06, 5.7766324061958585e-06, 4.252899088896811e-06, 3.7477016121556517e-06, 3.1538950224785367e-06, 2.5567137527104933e-06, 2.094236606353661e-06, 1.4685467704111943e-06, 1.5279313174687559e-06, 1.3586976592705469e-06, 9.781590506463544e-07, 6.54753819162579e-07, 4.4021615508427203e-07, 2.833110954725271e-07, 1.9302669329590572e-07, 1.2144782601808402e-07, 7.610282892756004e-08, 4.936542552513856e-08, 3.4483132793639015e-08, 2.930829445801919e-08, 1.8498127474231296e-08, 1.3171684187796018e-08, 8.745527857456636e-09, 5.410737191624548e-09, 5.370138556060056e-09, 4.394121511097637e-09, 2.9312998695019132e-09, 2.0925317034681257e-09, 1.1161638280299258e-09, 7.24224014092556e-10, 3.9953257369163e-10, 2.8579366651015903e-10, 1.4368739531533947e-10, 7.564282533678579e-11, 3.763328537687016e-11, 2.7901823212994614e-11, 1.0022537487441863e-11, 8.158680328551604e-12, 7.488224450236114e-12, 7.109409415340107e-12, 6.530382571506843e-12, 5.997375773086899e-12, 5.89605664638726e-12, 5.7712471954185496e-12, 5.621531885824371e-12, 5.534493002778973e-12, 5.498751193960816e-12], "lowlevel.melbands128.stdev": [0.003951113671064377, 0.013421811163425446, 0.015445162542164326, 0.01323528029024601, 0.010604933835566044, 0.007673768792301416, 0.005478650331497192, 0.0070583331398665905, 0.003218475729227066, 0.0008260468021035194, 0.0006006374023854733, 0.0006096967263147235, 0.0005774840828962624, 0.000738772505428642, 0.0007287950720638037, 0.0004982247482985258, 0.0007060352945700288, 0.0004411255067680031, 0.0002791289007291198, 0.00016611213504802436, 0.0003561725898180157, 0.0005352970911189914, 0.00032962800469249487, 0.00025874795392155647, 0.00019768775382544845, 0.00020488080917857587, 0.00012856173270847648, 6.623038643738255e-05, 7.243999425554648e-05, 3.3400396205252036e-05, 3.3836538932519034e-05, 3.076350185438059e-05, 3.3883407013490796e-05, 0.00010682036372600123, 0.0002313850709469989, 7.655603985767812e-05, 7.947270933073014e-05, 4.882004577666521e-05, 2.4074020984699018e-05, 4.9395755922887474e-05, 4.4219701521797106e-05, 2.6836431061383337e-05, 1.4756346899957862e-05, 2.059684629784897e-05, 2.1853238649782725e-05, 1.749820694385562e-05, 1.883493496279698e-05, 1.8580700270831585e-05, 1.838161188061349e-05, 1.692662772256881e-05, 1.7428159480914474e-05, 1.865385456767399e-05, 1.9760209397645667e-05, 1.9933784642489627e-05, 2.286844392074272e-05, 2.6116678782273084e-05, 2.0302622942836024e-05, 2.127153675246518e-05, 2.153511013602838e-05, 1.6401447282987647e-05, 1.4740860024176072e-05, 1.6260999473161064e-05, 1.591313412063755e-05, 1.7368756743962876e-05, 1.5024197637103498e-05, 2.0720888642244972e-05, 2.0823330487473868e-05, 2.9664930480066687e-05, 4.058293052366935e-05, 3.632357038441114e-05, 2.0014051187899895e-05, 2.0768853573827073e-05, 1.799340680008754e-05, 1.689256532699801e-05, 1.905555291159544e-05, 1.895423702080734e-05, 1.5161311239353381e-05, 1.4272547559812665e-05, 1.409733340551611e-05, 1.344589236396132e-05, 1.5036805962154176e-05, 1.465857531002257e-05, 1.2668046110775322e-05, 9.205974492942914e-06, 8.767703548073769e-06, 7.063866632961435e-06, 5.675195097865071e-06, 4.382437509775627e-06, 3.2249195101030637e-06, 3.392070311747375e-06, 3.1708534606877947e-06, 2.2152491965243826e-06, 1.497726543675526e-06, 9.281034181185532e-07, 6.994174555075006e-07, 5.192690650801524e-07, 3.6715169926537783e-07, 2.5847424467428937e-07, 1.8017476577369962e-07, 1.2238366764449893e-07, 1.0939093186834725e-07, 7.029134252434233e-08, 5.2897167535093104e-08, 4.0577599946800547e-08, 2.3534703075256402e-08, 2.605552573697878e-08, 2.3232258783423276e-08, 1.8289204817278915e-08, 1.0508283132537599e-08, 5.875455233450566e-09, 3.0920765947684004e-09, 2.6739077618742613e-09, 2.026176337821539e-09, 9.648584153865158e-10, 6.143673902947455e-10, 2.9280891600258485e-10, 2.4659116415470805e-10, 5.097968922007645e-11, 3.160308473248996e-11, 2.4908517956556686e-11, 2.244543960416845e-11, 1.26875810205207e-11, 9.33421482468555e-12, 9.161674890956206e-12, 8.967871584220077e-12, 8.779765976740794e-12, 8.677348770080862e-12, 8.627235210945106e-12], "lowlevel.mfcc.mean": [-733.9498901367188, 125.53825378417969, -5.696188926696777, 83.2939224243164, 1.665632963180542, 44.4671516418457, 8.182550430297852, 24.498558044433594, 2.9255831241607666, 19.01117515563965, 1.5033878087997437, 12.47671890258789, 3.6451077461242676], "lowlevel.spectral_contrast_coeffs.mean": [-0.6976096034049988, -0.8141570687294006, -0.8453002572059631, -0.8484745025634766, -0.8229727745056152, -0.6143197417259216], "lowlevel.spectral_contrast_coeffs.stdev": [0.07238203287124634, 0.08196061849594116, 0.05366731807589531, 0.036124080419540405, 0.03261328116059303, 0.08789266645908356], "lowlevel.spectral_contrast_valleys.mean": [-7.037596702575684, -7.924111366271973, -8.33105754852295, -8.278519630432129, -7.762142181396484, -12.639533996582031], "lowlevel.spectral_contrast_valleys.stdev": [1.656100869178772, 1.5128846168518066, 1.4079160690307617, 1.3035707473754883, 1.3067377805709839, 1.5061947107315063], "rhythm.beats_loudness_band_ratio.mean": [0.8592279553413391, 0.03227565065026283, 0.01362290047109127, 0.010037382133305073, 0.02803804539144039, 0.07423390448093414], "rhythm.beats_loudness_band_ratio.stdev": [0.13333967328071594, 0.04187015816569328, 0.019045520573854446, 0.011821147985756397, 0.024408284574747086, 0.10366221517324448], "tonal.hpcp.mean": [0.030242610722780228, 0.0279148668050766, 0.026848969981074333, 0.024285558611154556, 0.024256525561213493, 0.03809712827205658, 0.15529106557369232, 0.2452113926410675, 0.1386846899986267, 0.044836513698101044, 0.05258619040250778, 0.22516201436519623, 0.4683782756328583, 0.30281540751457214, 0.043006062507629395, 0.02344595454633236, 0.019179359078407288, 0.02341637760400772, 0.025454089045524597, 0.03297757729887962, 0.04839077964425087, 0.07750964909791946, 0.0941232293844223, 0.08416543155908585, 0.05842006206512451, 0.03802790120244026, 0.03023054450750351, 0.03206508606672287, 0.03378815948963165, 0.0239547211676836, 0.025006327778100967, 0.034884799271821976, 0.0442754290997982, 0.04533465579152107, 0.034174494445323944, 0.02823173999786377], "tonal.hpcp.stdev": [0.13504862785339355, 0.13425131142139435, 0.11981743574142456, 0.1124752089381218, 0.11348938941955566, 0.14448457956314087, 0.2775349020957947, 0.4031670391559601, 0.25617969036102295, 0.14930255711078644, 0.16829945147037506, 0.2859291434288025, 0.4692607820034027, 0.3408633768558502, 0.13306936621665955, 0.1074729636311531, 0.0862860307097435, 0.10036389529705048, 0.10162525624036789, 0.1296425461769104, 0.16664065420627594, 0.21950170397758484, 0.24860349297523499, 0.2392893135547638, 0.188009113073349, 0.14814364910125732, 0.11990569531917572, 0.12208124250173569, 0.1427057832479477, 0.10472259670495987, 0.10688254237174988, 0.14308711886405945, 0.15290160477161407, 0.15273933112621307, 0.1163872703909874, 0.1155596449971199], "rhythm.beats_position": [0.7314285635948181, 1.4164172410964966, 2.1014058589935303, 2.763174533843994, 3.4365532398223877, 4.109931945800781, 4.771700382232666, 5.433469295501709, 6.106847763061523, 6.768616676330566, 7.430385589599609, 8.103763580322266, 8.765532493591309, 9.427301406860352, 10.100680351257324, 10.77405834197998, 11.447437286376953, 12.109206199645996, 12.770975112915039, 13.444353103637695, 14.106122016906738, 14.767890930175781, 15.441269874572754, 16.114648818969727, 16.764806747436523, 17.43818473815918, 18.11156463623047, 18.773332595825195, 19.435102462768555, 20.10848045349121, 20.781858444213867, 21.443628311157227, 22.105396270751953, 22.76716423034668, 23.42893409729004, 24.102312088012695, 24.775691986083984, 25.43745994567871, 26.099227905273438, 26.772607803344727, 27.445985794067383, 28.10775375366211, 28.76952362060547, 29.442901611328125, 30.116281509399414, 30.77804946899414, 31.439817428588867, 32.101585388183594, 32.76335525512695, 33.43673324584961, 34.110111236572266, 34.771881103515625, 35.433650970458984, 36.10702896118164, 36.7804069519043, 37.442176818847656, 38.103946685791016, 38.77732467651367, 39.45070266723633], "rhythm.bpm_histogram": [0.0, 0.0, 0.0, 0.0, 0.0, 0.0, 0.0, 0.0, 0.0, 0.0, 0.0, 0.0, 0.0, 0.0, 0.0, 0.0, 0.0, 0.0, 0.0, 0.0, 0.0, 0.0, 0.0, 0.0, 0.0, 0.0, 0.0, 0.0, 0.0, 0.0, 0.0, 0.0, 0.0, 0.0, 0.0, 0.0, 0.0, 0.0, 0.0, 0.0, 0.0, 0.0, 0.0, 0.0, 0.0, 0.0, 0.0, 0.0, 0.0, 0.0, 0.0, 0.0, 0.0, 0.0, 0.0, 0.0, 0.0, 0.0, 0.0, 0.0, 0.0, 0.0, 0.0, 0.0, 0.0, 0.0, 0.0, 0.0, 0.0, 0.0, 0.0, 0.0, 0.0, 0.0, 0.0, 0.0, 0.0, 0.0, 0.0, 0.0, 0.0, 0.0, 0.0, 0.0, 0.0, 0.0, 0.0, 0.0, 0.03448275849223137, 0.4482758641242981, 0.0, 0.5, 0.017241379246115685, 0.0, 0.0, 0.0, 0.0, 0.0, 0.0, 0.0, 0.0, 0.0, 0.0, 0.0, 0.0, 0.0, 0.0, 0.0, 0.0, 0.0, 0.0, 0.0, 0.0, 0.0, 0.0, 0.0, 0.0, 0.0, 0.0, 0.0, 0.0, 0.0, 0.0, 0.0, 0.0, 0.0, 0.0, 0.0, 0.0, 0.0, 0.0, 0.0, 0.0, 0.0, 0.0, 0.0, 0.0, 0.0, 0.0, 0.0, 0.0, 0.0, 0.0, 0.0, 0.0, 0.0, 0.0, 0.0, 0.0, 0.0, 0.0, 0.0, 0.0, 0.0, 0.0, 0.0, 0.0, 0.0, 0.0, 0.0, 0.0, 0.0, 0.0, 0.0, 0.0, 0.0, 0.0, 0.0, 0.0, 0.0, 0.0, 0.0, 0.0, 0.0, 0.0, 0.0, 0.0, 0.0, 0.0, 0.0, 0.0, 0.0, 0.0, 0.0, 0.0, 0.0, 0.0, 0.0, 0.0, 0.0, 0.0, 0.0, 0.0, 0.0, 0.0, 0.0, 0.0, 0.0, 0.0, 0.0, 0.0, 0.0, 0.0, 0.0, 0.0, 0.0, 0.0, 0.0, 0.0, 0.0, 0.0, 0.0, 0.0, 0.0, 0.0, 0.0, 0.0, 0.0, 0.0, 0.0, 0.0, 0.0, 0.0, 0.0, 0.0, 0.0, 0.0, 0.0, 0.0, 0.0, 0.0, 0.0, 0.0, 0.0, 0.0, 0.0, 0.0, 0.0, 0.0, 0.0, 0.0, 0.0, 0.0, 0.0, 0.0, 0.0, 0.0, 0.0, 0.0, 0.0], "tonal.chords_histogram": [16.087963104248047, 4.745370388031006, 20.48611068725586, 17.592592239379883, 4.398148059844971, 0.3472222089767456, 0.0, 0.0, 0.0, 29.86111068725586, 0.0, 0.0, 0.0, 0.0, 0.0, 0.0, 0.0, 0.0, 0.0, 2.314814805984497, 4.166666507720947, 0.0, 0.0, 0.0], "tonal.thpcp": [1.0, 0.646518886089325, 0.09181907773017883, 0.050057731568813324, 0.04094843938946724, 0.049994584172964096, 0.05434515327215195, 0.07040800154209137, 0.10331559181213379, 0.16548514366149902, 0.2009555846452713, 0.17969542741775513, 0.12472837418317795, 0.0811905711889267, 0.06454300880432129, 0.06845980882644653, 0.07213861495256424, 0.051143962889909744, 0.05338916927576065, 0.07447996735572815, 0.09452921152114868, 0.09679068624973297, 0.07296344637870789, 0.06027550995349884, 0.06456877291202545, 0.059598978608846664, 0.057323262095451355, 0.05185031145811081, 0.0517883226275444, 0.08133837580680847, 0.3315505385398865, 0.5235328078269958, 0.29609549045562744, 0.09572714567184448, 0.11227290332317352, 0.48072683811187744], "lowlevel.gfcc.cov": [[17004.642578125, 2164.06689453125, -605.8534545898438, 325.62835693359375, -1011.4105224609375, 430.776123046875, -381.1967468261719, -11.306549072265625, 15.23105525970459, -152.3109130859375, 98.59602355957031, -64.5980453491211, -66.90190124511719], [2164.06689453125, 2299.015625, 784.2619018554688, -406.7647399902344, 386.5542297363281, -251.60403442382812, 284.50201416015625, -65.56266021728516, 108.92256927490234, -79.45965576171875, 113.55001068115234, -65.20814514160156, 48.94772720336914], [-605.8534545898438, 784.2619018554688, 1375.3204345703125, 216.44561767578125, 523.2098388671875, 37.599891662597656, 230.90780639648438, 2.4175796508789062, -22.93663215637207, -37.41973114013672, -18.70044708251953, -57.922359466552734, 55.054527282714844], [325.62835693359375, -406.7647399902344, 216.44561767578125, 726.9268188476562, 179.0308380126953, 147.0460968017578, 111.41482543945312, -112.89765167236328, 48.963558197021484, -64.13485717773438, -34.987335205078125, -9.589906692504883, -4.720426559448242], [-1011.4105224609375, 386.5542297363281, 523.2098388671875, 179.0308380126953, 566.4569702148438, 24.409326553344727, 281.25006103515625, -13.890030860900879, 89.27991485595703, -25.159347534179688, 19.747299194335938, -14.364740371704102, 34.37550354003906], [430.776123046875, -251.60403442382812, 37.599891662597656, 147.0460968017578, 24.409326553344727, 211.50404357910156, 21.711881637573242, 67.1412353515625, -8.5766019821167, 7.950098514556885, -19.575618743896484, -12.61594295501709, -7.574936389923096], [-381.1967468261719, 284.50201416015625, 230.90780639648438, 111.41482543945312, 281.25006103515625, 21.711881637573242, 342.7973937988281, -15.636512756347656, 130.09890747070312, -15.043879508972168, 26.35036277770996, -14.797799110412598, -12.263528823852539], [-11.306549072265625, -65.56266021728516, 2.4175796508789062, -112.89765167236328, -13.890030860900879, 67.1412353515625, -15.636512756347656, 142.4424591064453, -1.5024343729019165, 47.029624938964844, 6.054208755493164, -7.624191761016846, 1.8394172191619873], [15.23105525970459, 108.92256927490234, -22.93663215637207, 48.963558197021484, 89.27991485595703, -8.5766019821167, 130.09890747070312, -1.5024343729019165, 128.6575927734375, 18.654579162597656, 37.5543098449707, 2.5729711055755615, -6.794022083282471], [-152.3109130859375, -79.45965576171875, -37.41973114013672, -64.13485717773438, -25.159347534179688, 7.950098514556885, -15.043879508972168, 47.029624938964844, 18.654579162597656, 67.31901550292969, 22.273998260498047, 12.132454872131348, -0.3136013448238373], [98.59602355957031, 113.55001068115234, -18.70044708251953, -34.987335205078125, 19.747299194335938, -19.575618743896484, 26.35036277770996, 6.054208755493164, 37.5543098449707, 22.273998260498047, 65.47145080566406, 20.509817123413086, 14.846433639526367], [-64.5980453491211, -65.20814514160156, -57.922359466552734, -9.589906692504883, -14.364740371704102, -12.61594295501709, -14.797799110412598, -7.624191761016846, 2.5729711055755615, 12.132454872131348, 20.509817123413086, 57.53189468383789, 18.40409278869629], [-66.90190124511719, 48.94772720336914, 55.054527282714844, -4.720426559448242, 34.37550354003906, -7.574936389923096, -12.263528823852539, 1.8394172191619873, -6.794022083282471, -0.3136013448238373, 14.846433639526367, 18.40409278869629, 50.26409149169922]], "lowlevel.gfcc.icov": [[0.0003347864549141377, -0.0011285529471933842, 0.000509599398355931, -0.001089144148863852, 0.0009598967735655606, -0.0013230890035629272, 0.0004608658200595528, -0.0005312096909619868, 0.00017071956244762987, -0.0003773659700527787, 0.0003823804436251521, -0.0007477247272618115, 0.000341723469318822], [-0.0011285529471933842, 0.005190091673284769, -0.002648033434525132, 0.005072795320302248, -0.003267502412199974, 0.004703562706708908, -0.0015081054298207164, 0.002692620502784848, -0.0021971629466861486, 0.004033960867673159, -0.0036437546368688345, 0.00395691255107522, -0.0013468661345541477], [0.000509599398355931, -0.002648033434525132, 0.0028438533190637827, -0.002996833296492696, 0.0003854482201859355, -0.001676000189036131, -8.907927258405834e-05, -0.0018228546250611544, 0.003343287156894803, -0.0031614559702575207, 0.002114481758326292, -0.0006581645575352013, -0.0005619642324745655], [-0.001089144148863852, 0.005072795320302248, -0.002996833296492696, 0.007894203066825867, -0.003555439179763198, 0.0013919813791289926, -0.0006139305187389255, 0.006090338807553053, -0.00458543561398983, 0.004976150579750538, -0.0024530498776584864, 0.003295993898063898, -0.0011681418400257826], [0.0009598967735655606, -0.003267502412199974, 0.0003854482201859355, -0.003555439179763198, 0.007254228461533785, -0.0035730283707380295, -0.0013545375550165772, -0.0019435033900663257, -0.00017470426973886788, -0.0006607898976653814, 0.0012876526452600956, -0.0021886297035962343, -0.0016622066032141447], [-0.0013230890035629272, 0.004703562706708908, -0.001676000189036131, 0.0013919813791289926, -0.0035730283707380295, 0.01470215991139412, -0.0035186081659048796, -0.00468703918159008, 0.0023562004789710045, 0.001511520124040544, -0.0013353803660720587, 0.0035628858022391796, -0.0009848829358816147], [0.0004608658200595528, -0.0015081054298207164, -8.907927258405834e-05, -0.0006139305187389255, -0.0013545375550165772, -0.0035186081659048796, 0.009301877580583096, 0.0002379341167397797, -0.00739212054759264, 0.002844187431037426, -2.8564689273480326e-05, -0.0017511791083961725, 0.004447028506547213], [-0.0005312096909619868, 0.002692620502784848, -0.0018228546250611544, 0.006090338807553053, -0.0019435033900663257, -0.00468703918159008, 0.0002379341167397797, 0.017062265425920486, -0.0030538716819137335, -0.004942835308611393, -0.0011239461600780487, 0.004853731021285057, -0.002592966193333268], [0.00017071956244762987, -0.0021971629466861486, 0.003343287156894803, -0.00458543561398983, -0.00017470426973886788, 0.0023562004789710045, -0.00739212054759264, -0.0030538716819137335, 0.022201482206583023, -0.009574593044817448, -0.0037851312663406134, 0.0005533502553589642, 0.0009136404260061681], [-0.0003773659700527787, 0.004033960867673159, -0.0031614559702575207, 0.004976150579750538, -0.0006607898976653814, 0.001511520124040544, 0.002844187431037426, -0.004942835308611393, -0.009574593044817448, 0.03180509805679321, -0.010321170091629028, -0.0017254207050427794, 0.003638584865257144], [0.0003823804436251521, -0.0036437546368688345, 0.002114481758326292, -0.0024530498776584864, 0.0012876526452600956, -0.0013353803660720587, -2.8564689273480326e-05, -0.0011239461600780487, -0.0037851312663406134, -0.010321170091629028, 0.02923004887998104, -0.008364582434296608, -0.005683783441781998], [-0.0007477247272618115, 0.00395691255107522, -0.0006581645575352013, 0.003295993898063898, -0.0021886297035962343, 0.0035628858022391796, -0.0017511791083961725, 0.004853731021285057, 0.0005533502553589642, -0.0017254207050427794, -0.008364582434296608, 0.027881618589162827, -0.010063362307846546], [0.000341723469318822, -0.0013468661345541477, -0.0005619642324745655, -0.0011681418400257826, -0.0016622066032141447, -0.0009848829358816147, 0.004447028506547213, -0.002592966193333268, 0.0009136404260061681, 0.003638584865257144, -0.005683783441781998, -0.010063362307846546, 0.029845092445611954]], "lowlevel.mfcc.cov": [[15662.005859375, 263.77337646484375, -312.2209777832031, -241.96087646484375, -609.59716796875, 106.71800994873047, -609.347900390625, 176.26220703125, -392.8027038574219, 32.40110778808594, -179.27716064453125, 225.44155883789062, -16.285831451416016], [263.77337646484375, 2408.18505859375, 271.6360778808594, 51.5783576965332, 80.9015121459961, -101.78673553466797, 158.546142578125, 29.165512084960938, 89.96778869628906, 15.425207138061523, 53.61442947387695, 95.67253875732422, 64.65092468261719], [-312.2209777832031, 271.6360778808594, 739.3177490234375, 167.9830780029297, 228.2273406982422, 47.13566970825195, 172.46133422851562, -10.94604206085205, 80.95994567871094, -19.457870483398438, 19.669803619384766, -60.15092849731445, -34.1086311340332], [-241.96087646484375, 51.5783576965332, 167.9830780029297, 642.4197387695312, 133.17581176757812, 366.15057373046875, 60.973419189453125, 168.03123474121094, 27.8335018157959, 93.96112060546875, 1.2119266986846924, 1.8472728729248047, -42.3056526184082], [-609.59716796875, 80.9015121459961, 228.2273406982422, 133.17581176757812, 296.632080078125, 63.40375900268555, 132.45079040527344, 14.033522605895996, 71.25094604492188, 4.6794233322143555, 5.4706950187683105, -28.394044876098633, -12.4651517868042], [106.71800994873047, -101.78673553466797, 47.13566970825195, 366.15057373046875, 63.40375900268555, 342.4449768066406, 57.60830307006836, 162.7762451171875, 31.29648780822754, 90.88658142089844, 13.53490161895752, 21.247880935668945, -33.72850036621094], [-609.347900390625, 158.546142578125, 172.46133422851562, 60.973419189453125, 132.45079040527344, 57.60830307006836, 177.0095977783203, 52.78743362426758, 83.70738220214844, 31.012773513793945, 38.09882354736328, -4.105839729309082, -4.017330169677734], [176.26220703125, 29.165512084960938, -10.94604206085205, 168.03123474121094, 14.033522605895996, 162.7762451171875, 52.78743362426758, 152.7866973876953, 40.93357467651367, 73.89506530761719, 23.337738037109375, 34.612449645996094, -6.0681471824646], [-392.8027038574219, 89.96778869628906, 80.95994567871094, 27.8335018157959, 71.25094604492188, 31.29648780822754, 83.70738220214844, 40.93357467651367, 99.09627532958984, 39.02396011352539, 39.124778747558594, 8.508590698242188, 5.9957427978515625], [32.40110778808594, 15.425207138061523, -19.457870483398438, 93.96112060546875, 4.6794233322143555, 90.88658142089844, 31.012773513793945, 73.89506530761719, 39.02396011352539, 101.29403686523438, 42.583824157714844, 35.971927642822266, -4.241979598999023], [-179.27716064453125, 53.61442947387695, 19.669803619384766, 1.2119266986846924, 5.4706950187683105, 13.53490161895752, 38.09882354736328, 23.337738037109375, 39.124778747558594, 42.583824157714844, 74.3506088256836, 30.00990867614746, 10.056525230407715], [225.44155883789062, 95.67253875732422, -60.15092849731445, 1.8472728729248047, -28.394044876098633, 21.247880935668945, -4.105839729309082, 34.612449645996094, 8.508590698242188, 35.971927642822266, 30.00990867614746, 71.27137756347656, 25.91387939453125], [-16.285831451416016, 64.65092468261719, -34.1086311340332, -42.3056526184082, -12.4651517868042, -33.72850036621094, -4.017330169677734, -6.0681471824646, 5.9957427978515625, -4.241979598999023, 10.056525230407715, 25.91387939453125, 61.48262405395508]], "lowlevel.mfcc.icov": [[0.00010096781625179574, -3.6629855458159e-05, -0.00015012506628409028, 0.00023055989004205912, -1.4529900909110438e-05, -0.00014722070773132145, 0.00043836236000061035, -0.00035966571886092424, 0.0003020024159923196, -0.00012269678700249642, 0.00022941244242247194, -0.0002673199342098087, 8.728992543183267e-05], [-3.6629855458159e-05, 0.0005711528938263655, -0.00010875459702219814, -0.0005012638866901398, 0.00018608284881338477, 0.000837511382997036, -0.0007581075769849122, -4.0874056139728054e-06, -0.00027168975793756545, 0.000238999433349818, 0.00022053078282624483, -0.00109099003020674, -0.0001015550660667941], [-0.00015012506628409028, -0.00010875459702219814, 0.002569489646703005, -0.001115429331548512, -0.0005317360628396273, 0.00034112995490431786, -0.0021699173375964165, 0.001617299858480692, -0.0010201785480603576, 0.0012199609773233533, -0.0011597761185839772, 0.0013597006909549236, 0.0006299881497398019], [0.00023055989004205912, -0.0005012638866901398, -0.001115429331548512, 0.00569447735324502, -0.0015746501740068197, -0.00538833299651742, 0.0030905024614185095, -0.0018061043228954077, 0.001994791440665722, -0.001773082884028554, 0.0006473066750913858, 0.0014118080725893378, -0.00038164693978615105], [-1.4529900909110438e-05, 0.00018608284881338477, -0.0005317360628396273, -0.0015746501740068197, 0.006776976864784956, 4.316862941777799e-06, -0.004305678885430098, 0.0027011341881006956, -0.0027428597677499056, 0.0006602403009310365, 0.0020597598049789667, -0.0003055399574805051, -0.00011150060163345188], [-0.00014722070773132145, 0.000837511382997036, 0.00034112995490431786, -0.00538833299651742, 4.316862941777799e-06, 0.012714879587292671, -0.0022032661363482475, -0.0060315062291920185, 0.00041911692824214697, -0.0009616410243324935, 0.0005053747445344925, -0.0018661239882931113, 0.0023953982163220644], [0.00043836236000061035, -0.0007581075769849122, -0.0021699173375964165, 0.0030905024614185095, -0.004305678885430098, -0.0022032661363482475, 0.01719202846288681, -0.00612635025754571, -0.0039315433241426945, 2.620292616484221e-05, -0.0029183358419686556, 0.0022424086928367615, 0.00019051559502258897], [-0.00035966571886092424, -4.0874056139728054e-06, 0.001617299858480692, -0.0018061043228954077, 0.0027011341881006956, -0.0060315062291920185, -0.00612635025754571, 0.020985238254070282, -0.004852376412600279, -0.003994310274720192, 0.00246227765455842, -0.003456556936725974, -0.0002750490966718644], [0.0003020024159923196, -0.00027168975793756545, -0.0010201785480603576, 0.001994791440665722, -0.0027428597677499056, 0.00041911692824214697, -0.0039315433241426945, -0.004852376412600279, 0.02293740212917328, -0.005416217725723982, -0.004739890340715647, 0.002394287846982479, -0.0027340492233633995], [-0.00012269678700249642, 0.000238999433349818, 0.0012199609773233533, -0.001773082884028554, 0.0006602403009310365, -0.0009616410243324935, 2.620292616484221e-05, -0.003994310274720192, -0.005416217725723982, 0.02311522141098976, -0.00813843123614788, -0.005466429982334375, 0.004144940059632063], [0.00022941244242247194, 0.00022053078282624483, -0.0011597761185839772, 0.0006473066750913858, 0.0020597598049789667, 0.0005053747445344925, -0.0029183358419686556, 0.00246227765455842, -0.004739890340715647, -0.008138431236147