{"song_id": "1182266509758840933", "download": "https://cdn.discordapp.com/attachments/1135903449314238464/1182266509758840933/chirp.mp4?ex=6584127d&amp", "lyrics": "Brush your teeth up and down\n\nClean along gaps with care\nCavities go buzz buzz away\n\nTooth by tooth ding ding hooray\n\nChorus:\nHappily sing tra la la\nBrush diligently everyday\nFight tooth decay\nSmile bright, hip hip hooray", "style": ["happy song for kids"], "essentia_features": {"lowlevel.average_loudness": 0.9795699119567871, "lowlevel.barkbands_crest.mean": 11.828834533691406, "lowlevel.barkbands_crest.stdev": 4.797477722167969, "lowlevel.barkbands_flatness_db.mean": 0.1647181510925293, "lowlevel.barkbands_flatness_db.stdev": 0.07690740376710892, "lowlevel.barkbands_kurtosis.mean": 18.45480728149414, "lowlevel.barkbands_kurtosis.stdev": 35.10326385498047, "lowlevel.barkbands_skewness.mean": 2.7452802658081055, "lowlevel.barkbands_skewness.stdev": 2.5760655403137207, "lowlevel.barkbands_spread.mean": 20.716367721557617, "lowlevel.barkbands_spread.stdev": 15.905695915222168, "lowlevel.dissonance.mean": 0.45336294174194336, "lowlevel.dissonance.stdev": 0.03550739586353302, "lowlevel.dynamic_complexity": 2.7921876907348633, "lowlevel.erbbands_crest.mean": 10.782663345336914, "lowlevel.erbbands_crest.stdev": 5.518195629119873, "lowlevel.erbbands_flatness_db.mean": 0.13435885310173035, "lowlevel.erbbands_flatness_db.stdev": 0.03742906078696251, "lowlevel.erbbands_kurtosis.mean": 1.2695814371109009, "lowlevel.erbbands_kurtosis.stdev": 3.365118980407715, "lowlevel.erbbands_skewness.mean": 0.6647152900695801, "lowlevel.erbbands_skewness.stdev": 0.9501010775566101, "lowlevel.erbbands_spread.mean": 48.19186019897461, "lowlevel.erbbands_spread.stdev": 28.014999389648438, "lowlevel.hfc.mean": 24.54347038269043, "lowlevel.hfc.stdev": 24.7039852142334, "lowlevel.loudness_ebu128.integrated": -15.786764144897461, "lowlevel.loudness_ebu128.loudness_range": 1.0641803741455078, "lowlevel.loudness_ebu128.momentary.mean": -15.939166069030762, "lowlevel.loudness_ebu128.momentary.stdev": 1.1984257698059082, "lowlevel.loudness_ebu128.short_term.mean": -15.787315368652344, "lowlevel.loudness_ebu128.short_term.stdev": 0.3660223186016083, "lowlevel.melbands_crest.mean": 18.92909812927246, "lowlevel.melbands_crest.stdev": 6.915413856506348, "lowlevel.melbands_flatness_db.mean": 0.2489798665046692, "lowlevel.melbands_flatness_db.stdev": 0.10838282853364944, "lowlevel.melbands_kurtosis.mean": 55.872703552246094, "lowlevel.melbands_kurtosis.stdev": 115.92564392089844, "lowlevel.melbands_skewness.mean": 4.365645408630371, "lowlevel.melbands_skewness.stdev": 3.993234634399414, "lowlevel.melbands_spread.mean": 22.291385650634766, "lowlevel.melbands_spread.stdev": 25.852907180786133, "lowlevel.pitch_salience.mean": 0.45383527874946594, "lowlevel.pitch_salience.stdev": 0.15215805172920227, "lowlevel.silence_rate_20dB.mean": 1.0, "lowlevel.silence_rate_20dB.stdev": 0.0, "lowlevel.silence_rate_30dB.mean": 0.9252925515174866, "lowlevel.silence_rate_30dB.stdev": 0.2629193663597107, "lowlevel.silence_rate_60dB.mean": 0.03870387002825737, "lowlevel.silence_rate_60dB.stdev": 0.19288861751556396, "lowlevel.spectral_centroid.mean": 1357.4583740234375, "lowlevel.spectral_centroid.stdev": 858.7141723632812, "lowlevel.spectral_complexity.mean": 15.226822853088379, "lowlevel.spectral_complexity.stdev": 12.179750442504883, "lowlevel.spectral_decrease.mean": -1.1279379208417595e-08, "lowlevel.spectral_decrease.stdev": 9.304023329548272e-09, "lowlevel.spectral_energy.mean": 0.044797152280807495, "lowlevel.spectral_energy.stdev": 0.035807184875011444, "lowlevel.spectral_energyband_high.mean": 0.001379012013785541, "lowlevel.spectral_energyband_high.stdev": 0.0019728364422917366, "lowlevel.spectral_energyband_low.mean": 0.029831886291503906, "lowlevel.spectral_energyband_low.stdev": 0.031159494072198868, "lowlevel.spectral_energyband_middle_high.mean": 0.0050522806122899055, "lowlevel.spectral_energyband_middle_high.stdev": 0.007317850831896067, "lowlevel.spectral_energyband_middle_low.mean": 0.010011330246925354, "lowlevel.spectral_energyband_middle_low.stdev": 0.01159588247537613, "lowlevel.spectral_entropy.mean": 7.5660552978515625, "lowlevel.spectral_entropy.stdev": 0.5283037424087524, "lowlevel.spectral_flux.mean": 0.09357132017612457, "lowlevel.spectral_flux.stdev": 0.07436957210302353, "lowlevel.spectral_kurtosis.mean": 3.0379631519317627, "lowlevel.spectral_kurtosis.stdev": 1.5523967742919922, "lowlevel.spectral_rms.mean": 0.006129272747784853, "lowlevel.spectral_rms.stdev": 0.0024772014003247023, "lowlevel.spectral_rolloff.mean": 1406.73388671875, "lowlevel.spectral_rolloff.stdev": 1964.53955078125, "lowlevel.spectral_skewness.mean": 1.4247201681137085, "lowlevel.spectral_skewness.stdev": 0.33703672885894775, "lowlevel.spectral_spread.mean": 6047823.5, "lowlevel.spectral_spread.stdev": 1477877.75, "lowlevel.spectral_strongpeak.mean": 0.7098531723022461, "lowlevel.spectral_strongpeak.stdev": 1.0363266468048096, "lowlevel.zerocrossingrate.mean": 0.06244945898652077, "lowlevel.zerocrossingrate.stdev": 0.05343182384967804, "metadata.audio_properties.analysis.equal_loudness": 0.0, "metadata.audio_properties.analysis.length": 25.769615173339844, "metadata.audio_properties.analysis.sample_rate": 44100.0, "metadata.audio_properties.analysis.start_time": 0.0, "metadata.audio_properties.bit_rate": 121846.0, "metadata.audio_properties.length": 25.770666122436523, "metadata.audio_properties.lossless": 0.0, "metadata.audio_properties.number_channels": 1.0, "metadata.audio_properties.replay_gain": -10.264097213745117, "metadata.audio_properties.sample_rate": 48000.0, "rhythm.beats_count": 65.0, "rhythm.beats_loudness.mean": 0.08608853816986084, "rhythm.beats_loudness.stdev": 0.04812076687812805, "rhythm.bpm": 154.26165771484375, "rhythm.bpm_histogram_first_peak_bpm": 152.0, "rhythm.bpm_histogram_first_peak_weight": 0.0, "rhythm.bpm_histogram_second_peak_bpm": 157.0, "rhythm.bpm_histogram_second_peak_spread": 0.1764705777168274, "rhythm.bpm_histogram_second_peak_weight": 0.4375, "rhythm.danceability": 1.7208348512649536, "rhythm.onset_rate": 3.4902987480163574, "tonal.chords_changes_rate": 0.041366904973983765, "tonal.chords_number_rate": 0.010791366919875145, "tonal.chords_strength.mean": 0.567963182926178, "tonal.chords_strength.stdev": 0.10238876193761826, "tonal.hpcp_crest.mean": 14.878321647644043, "tonal.hpcp_crest.stdev": 6.736537456512451, "tonal.hpcp_entropy.mean": 1.8003625869750977, "tonal.hpcp_entropy.stdev": 0.8149386644363403, "tonal.key_edma.strength": 0.7447108626365662, "tonal.key_krumhansl.strength": 0.7543436288833618, "tonal.key_temperley.strength": 0.7594863772392273, "tonal.tuning_diatonic_strength": 0.646283745765686, "tonal.tuning_equal_tempered_deviation": 0.2097247987985611, "tonal.tuning_frequency": 434.193115234375, "tonal.tuning_nontempered_energy_ratio": 0.9596418738365173, "lowlevel.barkbands.mean": [0.002202611416578293, 0.018764469772577286, 0.007705657742917538, 0.0019998308271169662, 0.0014848053688183427, 0.001444343593902886, 0.0008239243179559708, 0.0018036419060081244, 0.001745481276884675, 0.000921323022339493, 0.0009656818583607674, 0.0004545775300357491, 0.000361740734660998, 0.0005308391992002726, 0.0006160997436381876, 0.0005686804070137441, 0.0003686798154376447, 0.0002518020337447524, 0.00032023878884501755, 0.00022830493981018662, 0.00034776347456499934, 0.00022678784443996847, 0.00024210904666688293, 0.0001393566926708445, 0.00017650386143941432, 9.551114635542035e-05, 6.412528364307946e-06], "lowlevel.barkbands.stdev": [0.0035732765682041645, 0.021987011656165123, 0.015279823914170265, 0.004851773381233215, 0.0027278538327664137, 0.002430155174806714, 0.0025252262130379677, 0.0035902259405702353, 0.004311443772166967, 0.0034184467513114214, 0.0030989728402346373, 0.0017024948028847575, 0.0008797963964752853, 0.0013841981999576092, 0.0013248117174953222, 0.0012450065696612, 0.000795074796769768, 0.0005161469453014433, 0.0005687513621523976, 0.00037489025271497667, 0.00047667542821727693, 0.0005056267837062478, 0.0004537210043054074, 0.00027305743424221873, 0.0002773652959149331, 0.00015552360855508596, 1.1021928912668955e-05], "lowlevel.erbbands.mean": [0.6301524043083191, 3.769239902496338, 9.764183044433594, 7.493945598602295, 6.0682172775268555, 3.928317070007324, 5.49625825881958, 14.054287910461426, 12.32127571105957, 36.6916389465332, 20.345487594604492, 46.77096176147461, 41.3524055480957, 20.415916442871094, 38.36429977416992, 20.347816467285156, 16.72687339782715, 27.535741806030273, 29.2905330657959, 31.089326858520508, 30.7919979095459, 19.105083465576172, 13.60002326965332, 19.259790420532227, 12.04501724243164, 10.406034469604492, 15.65079116821289, 10.985871315002441, 7.958466529846191, 9.259186744689941, 5.944582462310791, 2.7541046142578125, 2.5863847732543945, 2.3718929290771484, 0.9910373091697693, 0.3652712106704712, 0.1856255680322647, 0.03861943259835243, 0.0008168354397639632, 7.624669524375349e-05], "lowlevel.erbbands.stdev": [0.8016378283500671, 5.308003902435303, 16.76861000061035, 17.368270874023438, 12.021800994873047, 8.329767227172852, 11.483975410461426, 24.438648223876953, 35.290557861328125, 70.06539916992188, 32.6265983581543, 118.49800872802734, 137.07327270507812, 74.65253448486328, 126.6399154663086, 72.92926788330078, 36.34449768066406, 65.70856475830078, 61.87949752807617, 63.704803466796875, 66.33343505859375, 39.84969711303711, 28.39443588256836, 37.78882598876953, 20.269550323486328, 16.47587776184082, 22.042463302612305, 16.740894317626953, 17.535045623779297, 19.321073532104492, 11.039008140563965, 5.607440948486328, 4.969566345214844, 3.8900837898254395, 1.6132453680038452, 0.6421005725860596, 0.3093068599700928, 0.05999070778489113, 0.0012010064674541354, 5.908542516408488e-05], "lowlevel.gfcc.mean": [7.794735431671143, 59.82731628417969, -80.37227630615234, 43.857215881347656, -47.43732452392578, 22.392372131347656, -28.944082260131836, 18.04466438293457, -14.69444751739502, 17.059234619140625, -22.341054916381836, 3.6064279079437256, -14.668436050415039], "lowlevel.melbands.mean": [0.005339076276868582, 0.004954768810421228, 0.0012694814940914512, 0.00034512204001657665, 0.00019464458455331624, 0.0003056407149415463, 0.000179547059815377, 0.00043844833271577954, 0.00015915608673822135, 0.0002949173212982714, 0.00019427540246397257, 6.989514076849446e-05, 0.00012183338549220935, 7.568963337689638e-05, 3.090485552093014e-05, 4.087409615749493e-05, 5.3807369113201275e-05, 4.5323471567826346e-05, 4.362358959042467e-05, 4.236160384607501e-05, 3.476063648122363e-05, 2.0618645066861063e-05, 1.432451608707197e-05, 1.213609994010767e-05, 1.6421263353549875e-05, 9.35887965169968e-06, 6.951997875148663e-06, 6.9772945607837755e-06, 9.73569603957003e-06, 9.526030225970317e-06, 5.215261353441747e-06, 4.439299573277822e-06, 4.328896920924308e-06, 5.630879513773834e-06, 3.797352519541164e-06, 2.065030457742978e-06, 1.5268552715497208e-06, 1.6306015595546342e-06, 2.240123876617872e-06, 1.9243848328187596e-06], "lowlevel.melbands.stdev": [0.0062079885974526405, 0.0072791059501469135, 0.002738488372415304, 0.0006590209086425602, 0.0003912061802111566, 0.0005222734762355685, 0.0005481690168380737, 0.0008567367331124842, 0.00030068718479014933, 0.0007198973326012492, 0.0006770463078282773, 0.00028350591310299933, 0.0003703120455611497, 0.00025036721490323544, 8.398181671509519e-05, 0.00010637925151968375, 0.00014492655463982373, 9.932018292602152e-05, 9.570946713211015e-05, 9.054636757355183e-05, 8.094493387034163e-05, 4.496857582125813e-05, 3.549483881215565e-05, 2.6026018531410955e-05, 3.397836917429231e-05, 1.6055408195825294e-05, 1.3375603884924203e-05, 1.1924992577405646e-05, 1.4850627849227749e-05, 1.30057878777734e-05, 9.45683950703824e-06, 9.709022378956433e-06, 1.087188684323337e-05, 1.1365858881617896e-05, 7.2444981924491e-06, 4.054066266689915e-06, 3.4492566101107514e-06, 3.5538846532290336e-06, 3.77205492441135e-06, 3.22207051794976e-06], "lowlevel.melbands128.mean": [0.002067175693809986, 0.005629025399684906, 0.005755646154284477, 0.006581516936421394, 0.005915761459618807, 0.003186433343216777, 0.001542000100016594, 0.000829586002510041, 0.0006300832028500736, 0.000313787255436182, 0.00016918248729780316, 0.00019121888908557594, 0.00012408023758325726, 0.000296916114166379, 0.00037065858487039804, 0.0002918763202615082, 0.00020585949823725969, 0.00015274884935934097, 0.00014408098650164902, 0.00046158587792888284, 0.000668571621645242, 0.0001245102466782555, 4.847773743676953e-05, 0.00019102165242657065, 0.0004038398328702897, 0.00028469483368098736, 0.0001972597383428365, 0.00029136837110854685, 6.535708234878257e-05, 3.800694685196504e-05, 8.820986113278195e-05, 9.991146362153813e-05, 9.809910989133641e-05, 0.00019905656517948955, 5.6626624427735806e-05, 6.208494596648961e-05, 5.5036143749020994e-05, 1.7738786482368596e-05, 2.506974669813644e-05, 3.8120659155538306e-05, 5.360963405109942e-05, 2.8786776965716854e-05, 5.119510751683265e-05, 7.777968858135864e-05, 3.418695632717572e-05, 4.126350177102722e-05, 5.3244450100464746e-05, 4.484441160457209e-05, 3.9621354517294094e-05, 3.919428854715079e-05, 4.7022946091601625e-05, 4.064299719175324e-05, 3.3863081625895575e-05, 3.802037826972082e-05, 2.4309698346769437e-05, 1.835682814999018e-05, 1.532414898974821e-05, 1.9655701180454344e-05, 1.1772358448070008e-05, 9.405974196852185e-06, 1.0752035450423136e-05, 1.2340453395154327e-05, 2.4122993636410683e-05, 1.4297924280981533e-05, 1.1508011084515601e-05, 8.418587640335318e-06, 8.681116014486179e-06, 8.802903721516486e-06, 6.066762580303475e-06, 5.506834895641077e-06, 4.781658844876802e-06, 9.8724949566531e-06, 9.3727403509547e-06, 9.501939530309755e-06, 9.900665645545814e-06, 1.0906251191045158e-05, 9.766459697857499e-06, 5.381426035455661e-06, 4.800644092028961e-06, 4.295374765206361e-06, 4.498085672821617e-06, 4.64950653622509e-06, 3.98578458771226e-06, 3.977489996032091e-06, 4.898505267192377e-06, 5.419677563622827e-06, 6.402916824299609e-06, 5.176948434382211e-06, 3.477260634099366e-06, 2.9647596875292948e-06, 2.542422180340509e-06, 1.6345775293302722e-06, 1.5782163700350793e-06, 1.4954846392356558e-06, 1.4772065242141252e-06, 1.678784087744134e-06, 1.4492360378426383e-06, 1.8448508853907697e-06, 2.4013768324948614e-06, 2.419346628812491e-06, 2.150896307284711e-06, 1.8949795048683882e-06, 1.5318607893277658e-06, 1.5165430795605062e-06, 9.662162483436987e-07, 8.557528872188414e-07, 8.238858981712838e-07, 8.034280085666978e-07, 5.951173420726263e-07, 4.327514488977613e-07, 4.313155841373373e-07, 5.216236331762047e-07, 7.250494036270538e-07, 6.494761919384473e-07, 5.760695671597205e-07, 4.816097884940973e-07, 2.5580763463040057e-07, 2.1145718065440633e-08, 3.238071477618121e-10, 8.643421395282402e-11, 1.2366583451717261e-11, 5.89709140894068e-12, 5.7486697693787114e-12, 5.634252613073709e-12, 5.501637340143972e-12, 5.349666022669286e-12, 5.258030989774287e-12, 5.221005051903038e-12], "lowlevel.melbands128.stdev": [0.003379184752702713, 0.007946247234940529, 0.008654274977743626, 0.01015914510935545, 0.009765414521098137, 0.006835837848484516, 0.003923324868083, 0.0019655891228467226, 0.0012685502879321575, 0.0006625749520026147, 0.0004583745030686259, 0.0005469581228680909, 0.0004249288758728653, 0.0005807458655908704, 0.000712034641765058, 0.0006682179518975317, 0.000558151863515377, 0.0008612611563876271, 0.0005866638384759426, 0.000922519073355943, 0.0014240475138649344, 0.0002788048586808145, 0.00014423142420127988, 0.000756843714043498, 0.0012804457219317555, 0.0008735957089811563, 0.0007594808121211827, 0.0012529221130535007, 0.0002770527498796582, 0.00021014914091210812, 0.000513416831381619, 0.0004958728677593172, 0.0002931136987172067, 0.0009046737104654312, 0.00026315730065107346, 0.00032184459269046783, 0.0002854199265129864, 4.632290074368939e-05, 6.554306310135871e-05, 0.00010056482278741896, 0.0001886817772174254, 8.189827349269763e-05, 0.00013691534695681185, 0.00030637410236522555, 9.52202535700053e-05, 0.00013124485849402845, 0.00014428100257646292, 0.00013767379277851433, 0.00010945550457108766, 0.00011161046859342605, 0.00012377434177324176, 0.00010273107182001695, 9.971463441615924e-05, 0.00011850761075038463, 6.383838626788929e-05, 5.094644075143151e-05, 4.057463229401037e-05, 6.895601836731657e-05, 3.1093288271222264e-05, 2.5034043574123643e-05, 3.285468483227305e-05, 3.113810089416802e-05, 6.745551218045875e-05, 3.160160486004315e-05, 2.7469624910736457e-05, 1.7609634596738033e-05, 1.7629457943257876e-05, 2.2733638616045937e-05, 1.3838414815836586e-05, 1.1102105418103747e-05, 8.926152077037841e-06, 2.4735130864428356e-05, 1.830333894758951e-05, 1.8996786820935085e-05, 1.744045948726125e-05, 1.78249702003086e-05, 1.711133518256247e-05, 1.0099829523824155e-05, 1.0551831110205967e-05, 1.023627737595234e-05, 9.62750164035242e-06, 1.2189282642793842e-05, 1.2048464668623637e-05, 1.1161311704199761e-05, 1.2923567737743724e-05, 1.1660505151667167e-05, 1.3428975762508344e-05, 1.159969178843312e-05, 6.736688192177098e-06, 6.154567017802037e-06, 5.65130949325976e-06, 3.591549102566205e-06, 3.4944209801324178e-06, 4.372845523903379e-06, 3.67938832823711e-06, 3.9799547266738955e-06, 3.7904310374869965e-06, 4.098741101188352e-06, 4.43557428297936e-06, 3.999228738393867e-06, 4.1350608626089524e-06, 3.300383013993269e-06, 2.820101144607179e-06, 2.8943454708496574e-06, 1.7395041140844114e-06, 1.9060890963373822e-06, 1.542149448141572e-06, 1.5332395832956536e-06, 1.2511167142292834e-06, 9.816947112994967e-07, 9.470928148402891e-07, 9.691085551821743e-07, 1.4406731452254462e-06, 1.107875846173556e-06, 1.0502615168661578e-06, 8.094413033177261e-07, 4.2624594698281726e-07, 5.169920314074261e-08, 6.453256151672804e-09, 2.4435833356761805e-09, 2.0080341556205639e-10, 8.983529198314244e-12, 8.782832967846321e-12, 8.62048106509139e-12, 8.485769378840935e-12, 8.37828677963115e-12, 8.300807090300122e-12, 8.25343005744772e-12], "lowlevel.mfcc.mean": [-651.2916259765625, 95.47327423095703, 25.218656539916992, 33.710227966308594, 12.935079574584961, 14.98247241973877, 2.1142449378967285, 3.8287034034729004, 13.108670234680176, 9.369711875915527, 8.401753425598145, 1.3462826013565063, 7.019613265991211], "lowlevel.spectral_contrast_coeffs.mean": [-0.7198206186294556, -0.6922525763511658, -0.7557377219200134, -0.7897886037826538, -0.7988706827163696, -0.7349246740341187], "lowlevel.spectral_contrast_coeffs.stdev": [0.0758444219827652, 0.09694258123636246, 0.10104257613420486, 0.06055278703570366, 0.049993354827165604, 0.04224967211484909], "lowlevel.spectral_contrast_valleys.mean": [-6.706532001495361, -7.390739917755127, -8.112994194030762, -7.892230987548828, -7.685689449310303, -10.150684356689453], "lowlevel.spectral_contrast_valleys.stdev": [0.9732357263565063, 0.8133151531219482, 1.0220333337783813, 1.0516386032104492, 0.8851078748703003, 0.9610915184020996], "rhythm.beats_loudness_band_ratio.mean": [0.6063897013664246, 0.04245934635400772, 0.07865455001592636, 0.07645706087350845, 0.1287584751844406, 0.08239488303661346], "rhythm.beats_loudness_band_ratio.stdev": [0.2966383695602417, 0.04642539843916893, 0.0841136947274208, 0.07539635896682739, 0.15153628587722778, 0.08293092995882034], "tonal.hpcp.mean": [0.1437315195798874, 0.1556433141231537, 0.06928537786006927, 0.05481800436973572, 0.0485052764415741, 0.043518368154764175, 0.05826728418469429, 0.06828594952821732, 0.0787091925740242, 0.22285063564777374, 0.2553354501724243, 0.10156793892383575, 0.05102468654513359, 0.050881147384643555, 0.049401212483644485, 0.08033857494592667, 0.09702115505933762, 0.07647859305143356, 0.06082407012581825, 0.08331489562988281, 0.15674926340579987, 0.20681405067443848, 0.17168647050857544, 0.1165226623415947, 0.19288383424282074, 0.19443796575069427, 0.07878368347883224, 0.05633479729294777, 0.06179187446832657, 0.08891210705041885, 0.2976917326450348, 0.3273797929286957, 0.11397503316402435, 0.05238797143101692, 0.047640178352594376, 0.05282047018408775], "tonal.hpcp.stdev": [0.28286242485046387, 0.3126358985900879, 0.1601274460554123, 0.15130242705345154, 0.1399255394935608, 0.13079148530960083, 0.15555427968502045, 0.17178545892238617, 0.18282796442508698, 0.2932513952255249, 0.3330535888671875, 0.17277778685092926, 0.14337588846683502, 0.1511404812335968, 0.1408420354127884, 0.17358194291591644, 0.1825692355632782, 0.18034659326076508, 0.16532698273658752, 0.1939041167497635, 0.30556055903434753, 0.31238558888435364, 0.2787863314151764, 0.2226715236902237, 0.3194267451763153, 0.32700681686401367, 0.16935694217681885, 0.15774047374725342, 0.1632598638534546, 0.19935981929302216, 0.35098201036453247, 0.37963244318962097, 0.17884021997451782, 0.13517989218235016, 0.1450621485710144, 0.13415417075157166], "rhythm.beats_position": [0.4527890980243683, 0.8823582530021667, 1.277097463607788, 1.6602267026901245, 2.043355941772461, 2.4380950927734375, 2.8212244510650635, 3.2043535709381104, 3.599092960357666, 3.982222080230713, 4.36535120010376, 4.7600908279418945, 5.154829978942871, 5.526349067687988, 5.921088218688965, 6.315827369689941, 6.687346935272217, 7.082086086273193, 7.46521520614624, 7.848344326019287, 8.243083953857422, 8.637823104858398, 9.020952224731445, 9.404081344604492, 9.77560043334961, 10.170339584350586, 10.565078735351562, 10.948208808898926, 11.331337928771973, 11.72607707977295, 12.109206199645996, 12.492335319519043, 12.88707447052002, 13.281813621520996, 13.653332710266113, 14.04807186126709, 14.431201934814453, 14.8143310546875, 15.209070205688477, 15.592199325561523, 15.97532844543457, 16.370067596435547, 16.764806747436523, 17.13632583618164, 17.531064987182617, 17.925804138183594, 18.30893325805664, 18.692062377929688, 19.063581466674805, 19.458322525024414, 19.85306167602539, 20.236190795898438, 20.619319915771484, 21.01405906677246, 21.397188186645508, 21.780317306518555, 22.17505645751953, 22.569795608520508, 22.952924728393555, 23.3360538482666, 23.71918296813965, 24.102312088012695, 24.497051239013672, 24.89179039001465, 25.286529541015625], "rhythm.bpm_histogram": [0.0, 0.0, 0.0, 0.0, 0.0, 0.0, 0.0, 0.0, 0.0, 0.0, 0.0, 0.0, 0.0, 0.0, 0.0, 0.0, 0.0, 0.0, 0.0, 0.0, 0.0, 0.0, 0.0, 0.0, 0.0, 0.0, 0.0, 0.0, 0.0, 0.0, 0.0, 0.0, 0.0, 0.0, 0.0, 0.0, 0.0, 0.0, 0.0, 0.0, 0.0, 0.0, 0.0, 0.0, 0.0, 0.0, 0.0, 0.0, 0.0, 0.0, 0.0, 0.0, 0.0, 0.0, 0.0, 0.0, 0.0, 0.0, 0.0, 0.0, 0.0, 0.0, 0.0, 0.0, 0.0, 0.0, 0.0, 0.0, 0.0, 0.0, 0.0, 0.0, 0.0, 0.0, 0.0, 0.0, 0.0, 0.0, 0.0, 0.0, 0.0, 0.0, 0.0, 0.0, 0.0, 0.0, 0.0, 0.0, 0.0, 0.0, 0.0, 0.0, 0.0, 0.0, 0.0, 0.0, 0.0, 0.0, 0.0, 0.0, 0.0, 0.0, 0.0, 0.0, 0.0, 0.0, 0.0, 0.0, 0.0, 0.0, 0.0, 0.0, 0.0, 0.0, 0.0, 0.0, 0.0, 0.0, 0.0, 0.0, 0.0, 0.0, 0.0, 0.0, 0.0, 0.0, 0.0, 0.0, 0.0, 0.0, 0.0, 0.0, 0.0, 0.0, 0.0, 0.0, 0.0, 0.0, 0.0, 0.0, 0.015625, 0.0, 0.0, 0.0, 0.0, 0.0, 0.0, 0.0, 0.0, 0.0, 0.0, 0.0, 0.453125, 0.0, 0.0, 0.0, 0.0, 0.4375, 0.0, 0.0, 0.0, 0.09375, 0.0, 0.0, 0.0, 0.0, 0.0, 0.0, 0.0, 0.0, 0.0, 0.0, 0.0, 0.0, 0.0, 0.0, 0.0, 0.0, 0.0, 0.0, 0.0, 0.0, 0.0, 0.0, 0.0, 0.0, 0.0, 0.0, 0.0, 0.0, 0.0, 0.0, 0.0, 0.0, 0.0, 0.0, 0.0, 0.0, 0.0, 0.0, 0.0, 0.0, 0.0, 0.0, 0.0, 0.0, 0.0, 0.0, 0.0, 0.0, 0.0, 0.0, 0.0, 0.0, 0.0, 0.0, 0.0, 0.0, 0.0, 0.0, 0.0, 0.0, 0.0, 0.0, 0.0, 0.0, 0.0, 0.0, 0.0, 0.0, 0.0, 0.0, 0.0, 0.0, 0.0, 0.0, 0.0, 0.0, 0.0, 0.0, 0.0, 0.0, 0.0, 0.0, 0.0, 0.0, 0.0, 0.0, 0.0, 0.0], "tonal.chords_histogram": [48.201438903808594, 0.0, 0.0, 0.0, 0.0, 0.0, 0.0, 0.0, 0.0, 0.0, 0.0, 0.0, 0.0, 0.0, 0.0, 3.7769784927368164, 0.0, 9.532374382019043, 0.0, 0.0, 4.136690616607666, 0.0, 19.60431671142578, 14.748201370239258], "tonal.thpcp": [1.0, 0.34814316034317017, 0.16002200543880463, 0.14551959931850433, 0.16134309768676758, 0.4390360116958618, 0.4754212498664856, 0.21163608133792877, 0.16744467616081238, 0.1481620967388153, 0.13292931020259857, 0.1779806911945343, 0.2085832804441452, 0.24042165279388428, 0.6807097792625427, 0.7799364924430847, 0.31024497747421265, 0.15585777163505554, 0.15541933476924896, 0.1508987843990326, 0.24539870023727417, 0.29635658860206604, 0.2336081713438034, 0.1857905387878418, 0.25449004769325256, 0.478799432516098, 0.6317251324653625, 0.5244259834289551, 0.3559250235557556, 0.5891745090484619, 0.5939217209815979, 0.24064919352531433, 0.17207780480384827, 0.18874675035476685, 0.2715870440006256, 0.9093161225318909], "lowlevel.gfcc.cov": [[4544.90771484375, -28.76961898803711, -1371.9627685546875, -436.84417724609375, -118.75804901123047, 68.2012939453125, 110.07889556884766, 279.7225646972656, -179.5728759765625, -79.96648406982422, -30.47053337097168, -19.912670135498047, 41.936031341552734], [-28.76961898803711, 1479.59619140625, 760.703125, 100.6437759399414, 21.235273361206055, -173.31246948242188, 259.1736755371094, 109.965087890625, 81.2409439086914, 0.24565333127975464, -2.6117143630981445, -98.75424194335938, 10.06850814819336], [-1371.9627685546875, 760.703125, 1707.099365234375, 572.7249145507812, 44.11634063720703, -132.4390106201172, -42.72951889038086, -39.23883056640625, 167.7989044189453, 21.130056381225586, -34.02354431152344, -60.903316497802734, -128.90589904785156], [-436.84417724609375, 100.6437759399414, 572.7249145507812, 470.6437072753906, 146.05470275878906, -41.121734619140625, -35.23584747314453, 19.448694229125977, 80.42832946777344, -34.65489196777344, -19.489246368408203, -12.941452026367188, -61.395870208740234], [-118.75804901123047, 21.235273361206055, 44.11634063720703, 146.05470275878906, 285.7330017089844, 136.91879272460938, 57.54161834716797, -3.35160756111145, 9.481305122375488, -9.876784324645996, -16.67746925354004, -38.651824951171875, -35.49435806274414], [68.2012939453125, -173.31246948242188, -132.4390106201172, -41.121734619140625, 136.91879272460938, 282.1546936035156, 68.30146026611328, -56.960575103759766, -40.973175048828125, 3.6790850162506104, -21.828128814697266, -51.24782943725586, -29.06675148010254], [110.07889556884766, 259.1736755371094, -42.72951889038086, -35.23584747314453, 57.54161834716797, 68.30146026611328, 274.9130554199219, 115.44229125976562, -7.661744117736816, -3.6504123210906982, 13.299891471862793, -6.216574668884277, 45.49561309814453], [279.7225646972656, 109.965087890625, -39.23883056640625, 19.448694229125977, -3.35160756111145, -56.960575103759766, 115.44229125976562, 204.24417114257812, 54.21593475341797, -13.735569953918457, 8.138955116271973, 22.815134048461914, 29.79446029663086], [-179.5728759765625, 81.2409439086914, 167.7989044189453, 80.42832946777344, 9.481305122375488, -40.973175048828125, -7.661744117736816, 54.21593475341797, 132.7205047607422, 45.24422073364258, 5.442441940307617, -9.446873664855957, -24.23293113708496], [-79.96648406982422, 0.24565333127975464, 21.130056381225586, -34.65489196777344, -9.876784324645996, 3.6790850162506104, -3.6504123210906982, -13.735569953918457, 45.24422073364258, 131.2230682373047, 71.1982650756836, -1.6795897483825684, -11.545050621032715], [-30.47053337097168, -2.6117143630981445, -34.02354431152344, -19.489246368408203, -16.67746925354004, -21.828128814697266, 13.299891471862793, 8.138955116271973, 5.442441940307617, 71.1982650756836, 120.4284896850586, 57.648868560791016, 28.240949630737305], [-19.912670135498047, -98.75424194335938, -60.903316497802734, -12.941452026367188, -38.651824951171875, -51.24782943725586, -6.216574668884277, 22.815134048461914, -9.446873664855957, -1.6795897483825684, 57.648868560791016, 128.22048950195312, 87.24352264404297], [41.936031341552734, 10.06850814819336, -128.90589904785156, -61.395870208740234, -35.49435806274414, -29.06675148010254, 45.49561309814453, 29.79446029663086, -24.23293113708496, -11.545050621032715, 28.240949630737305, 87.24352264404297, 154.49899291992188]], "lowlevel.gfcc.icov": [[0.00046010591904632747, -0.0005124001763761044, 0.0006277518114075065, -0.00047058850759640336, 0.0005342131480574608, -0.0007401267648674548, 0.0007889812695793808, -0.0011442402610555291, 0.0008909969474188983, -0.0005373464664444327, 0.0005275578005239367, -0.00047725377953611314, 0.0004897407488897443], [-0.0005124001763761044, 0.0026644947938621044, -0.0019595050252974033, 0.0020432868041098118, -0.001768654678016901, 0.00312314135953784, -0.002988268621265888, 0.0017335634911432862, -0.001567481434904039, 0.002049678936600685, -0.0022396233398467302, 0.0037376252003014088, -0.001924494979903102], [0.0006277518114075065, -0.0019595050252974033, 0.002930517541244626, -0.003288800595328212, 0.002214130712673068, -0.0019883690401911736, 0.0014505756553262472, -0.0006787471356801689, 0.0007127561839297414, -0.0020737985614687204, 0.0022180413361638784, -0.002581896958872676, 0.0019431333057582378], [-0.00047058850759640336, 0.0020432868041098118, -0.003288800595328212, 0.0074920267798006535, -0.0047593615017831326, 0.003233792260289192, -0.0010009051766246557, 0.0005539702251553535, -0.0025554450694471598, 0.004319594707340002, -0.0031066916417330503, 0.002248103730380535, -0.0008489387691952288], [0.0005342131480574608, -0.001768654678016901, 0.002214130712673068, -0.0047593615017831326, 0.00819395948201418, -0.005180830135941505, 0.0008737934986129403, -0.001132256118580699, 0.0008659082814119756, -0.0016384389018639922, 0.0015366192674264312, -0.001741336309351027, 0.001510930829681456], [-0.0007401267648674548, 0.00312314135953784, -0.0019883690401911736, 0.003233792260289192, -0.005180830135941505, 0.010434344410896301, -0.005784525536000729, 0.005007450934499502, -0.0015763381961733103, 0.0017026510322466493, -0.0015044996980577707, 0.004571783356368542, -0.0012926427880302072], [0.0007889812695793808, -0.002988268621265888, 0.0014505756553262472, -0.0010009051766246557, 0.0008737934986129403, -0.005784525536000729, 0.01098282728344202, -0.007947856560349464, 0.0041962116956710815, -0.002169687068089843, 0.0006123489583842456, -0.0011804915266111493, -0.0007451163255609572], [-0.0011442402610555291, 0.0017335634911432862, -0.0006787471356801689, 0.0005539702251553535, -0.001132256118580699, 0.005007450934499502, -0.007947856560349464, 0.013743729330599308, -0.00799899734556675, 0.0042914436198771, -0.0019090522546321154, 0.00047331536188721657, -0.0006288699223659933], [0.0008909969474188983, -0.001567481434904039, 0.0007127561839297414, -0.0025554450694471598, 0.0008659082814119756, -0.0015763381961733103, 0.0041962116956710815, -0.00799899734556675, 0.016417931765317917, -0.00923532247543335, 0.005259482655674219, -0.0022671089973300695, 0.0018525983905419707], [-0.0005373464664444327, 0.002049678936600685, -0.0020737985614687204, 0.004319594707340002, -0.0016384389018639922, 0.0017026510322466493, -0.002169687068089843, 0.0042914436198771, -0.00923532247543335, 0.020028166472911835, -0.014611920341849327, 0.0076861935667693615, -0.0018674961756914854], [0.0005275578005239367, -0.0022396233398467302, 0.0022180413361638784, -0.0031066916417330503, 0.0015366192674264312, -0.0015044996980577707, 0.0006123489583842456, -0.0019090522546321154, 0.005259482655674219, -0.014611920341849327, 0.02230921946465969, -0.013229139149188995, 0.004002080298960209], [-0.00047725377953611314, 0.0037376252003014088, -0.002581896958872676, 0.002248103730380535, -0.001741336309351027, 0.004571783356368542, -0.0011804915266111493, 0.00047331536188721657, -0.0022671089973300695, 0.0076861935667693615, -0.013229139149188995, 0.024847377091646194, -0.01205251831561327], [0.0004897407488897443, -0.001924494979903102, 0.0019431333057582378, -0.0008489387691952288, 0.001510930829681456, -0.0012926427880302072, -0.0007451163255609572, -0.0006288699223659933, 0.0018525983905419707, -0.0018674961756914854, 0.004002080298960209, -0.01205251831561327, 0.014418910257518291]], "lowlevel.mfcc.cov": [[5518.6396484375, -378.3174133300781, -1524.9576416015625, -662.5137329101562, -374.1185607910156, -317.4363708496094, 164.691162109375, 94.45283508300781, 54.164466857910156, -46.53652572631836, -159.1527099609375, -16.50181007385254, 17.540266036987305], [-378.3174133300781, 1312.131591796875, 571.9832763671875, 311.2979736328125, -89.24066162109375, -67.54065704345703, 77.99920654296875, 24.97799301147461, 86.93616485595703, 123.60830688476562, 62.49675369262695, -36.909244537353516, 39.38242721557617], [-1524.9576416015625, 571.9832763671875, 1327.0220947265625, 552.8501586914062, 187.484375, 51.27155303955078, -123.87076568603516, -10.84138011932373, -7.6829833984375, 51.03303527832031, 111.6741943359375, 28.880617141723633, 12.524287223815918], [-662.5137329101562, 311.2979736328125, 552.8501586914062, 572.4408569335938, 158.4332275390625, -54.592559814453125, -32.06088638305664, 81.46842193603516, 49.6161994934082, 17.572322845458984, 48.13245391845703, 71.09085845947266, 53.69356918334961], [-374.1185607910156, -89.24066162109375, 187.484375, 158.4332275390625, 294.2852478027344, 129.42315673828125, -30.58745765686035, 14.606908798217773, -4.529262065887451, 14.92613697052002, 38.45924377441406, 29.063220977783203, -12.583500862121582], [-317.4363708496094, -67.54065704345703, 51.27155303955078, -54.592559814453125, 129.42315673828125, 288.14202880859375, 77.63861083984375, -14.541191101074219, -17.439590454101562, 45.64017868041992, 22.82906150817871, -32.97349548339844, -31.61223602294922], [164.691162109375, 77.99920654296875, -123.87076568603516, -32.06088638305664, -30.58745765686035, 77.63861083984375, 220.13368225097656, 71.53429412841797, 39.54144287109375, 38.22030258178711, -9.191638946533203, -16.51497459411621, 13.434578895568848], [94.45283508300781, 24.97799301147461, -10.84138011932373, 81.46842193603516, 14.606908798217773, -14.541191101074219, 71.53429412841797, 169.0283203125, 84.8182144165039, 8.348464012145996, -13.81594181060791, 11.993988990783691, 0.75754314661026], [54.164466857910156, 86.93616485595703, -7.6829833984375, 49.6161994934082, -4.529262065887451, -17.439590454101562, 39.54144287109375, 84.8182144165039, 133.0504150390625, 42.812957763671875, 6.569146156311035, -5.385867595672607, 4.599228382110596], [-46.53652572631836, 123.60830688476562, 51.03303527832031, 17.572322845458984, 14.92613697052002, 45.64017868041992, 38.22030258178711, 8.348464012145996, 42.812957763671875, 121.95626068115234, 56.190120697021484, 2.2670345306396484, 4.782354831695557], [-159.1527099609375, 62.49675369262695, 111.6741943359375, 48.13245391845703, 38.45924377441406, 22.82906150817871, -9.191638946533203, -13.81594181060791, 6.569146156311035, 56.190120697021484, 128.38841247558594, 50.70953369140625, 12.54200553894043], [-16.50181007385254, -36.909244537353516, 28.880617141723633, 71.09085845947266, 29.063220977783203, -32.97349548339844, -16.51497459411621, 11.993988990783691, -5.385867595672607, 2.2670345306396484, 50.70953369140625, 126.20972442626953, 44.77429962158203], [17.540266036987305, 39.38242721557617, 12.524287223815918, 53.69356918334961, -12.583500862121582, -31.61223602294922, 13.434578895568848, 0.75754314661026, 4.599228382110596, 4.782354831695557, 12.54200553894043, 44.77429962158203, 119.55218505859375]], "lowlevel.mfcc.icov": [[0.00029711038223467767, -5.1497994718374684e-05, 0.00027511498774401844, 0.00017478401423431933, -6.45584732410498e-05, 0.0003538123273756355, -9.1709298430942e-05, -0.00017318109166808426, 8.07671676739119e-05, -0.00012814506771974266, 9.341436816612259e-05, -4.865262235398404e-05, -2.5343146262457594e-05], [-5.1497994718374684e-05, 0.001375672989524901, -0.0005882916157133877, -0.0005226386711001396, 0.0007155927596613765, 0.0003907201753463596, -0.000785753654781729, 0.0005375677137635648, -0.0004201456904411316, -0.0009066389175131917, -0.0001575859059812501, 0.000697283714544028, -7.790973904775456e-05], [0.00027511498774401844, -0.0005882916157133877, 0.0021095520351082087, -0.001476119621656835, 0.00014633328828494996, -0.000719848379958421, 0.0011923981364816427, -0.00024415471125394106, 0.0007033910951577127, 3.2757675398897845e-06, -0.0007367883226834238, 0.00043381002615205944, 0.00017563672736287117], [0.00017478401423431933, -0.0005226386711001396, -0.001476119621656835, 0.005038341041654348, -0.002717639785259962, 0.0022353981621563435, -0.0006919964798726141, -0.0014547312166541815, -0.0004857952881138772, 0.0002743486547842622, 0.0005755753954872489, -0.0012155420845374465, -0.0011670761741697788], [-6.45584732410498e-05, 0.0007155927596613765, 0.00014633328828494996, -0.002717639785259962, 0.007173414807766676, -0.00418085977435112, 0.0020306874066591263, -0.0006230529979802668, 7.274703239090741e-05, -8.529511251254007e-05, -0.0006130047840997577, -0.0007341582677327096, 0.0007441237685270607], [0.0003538123273756355, 0.0003907201753463596, -0.000719848379958421, 0.0022353981621563435, -0.00418085977435112, 0.008098327554762363, -0.003961825743317604, 0.0008463233825750649, 0.0009482112363912165, -0.0019015490543097258, -0.00021121298777870834, 0.0015190778067335486, 0.0005248132511042058], [-9.1709298430942e-05, -0.000785753654781729, 0.0011923981364816427, -0.0006919964798726141, 0.0020306874066591263, -0.003961825743317604, 0.008598791435360909, -0.003915997687727213, 0.0008000282687135041, -0.001184773864224553, 0.0002696937008295208, 0.0003324371646158397, -0.0014533313224092126], [-0.00017318109166808426, 0.0005375677137635648, -0.00024415471125394106, -0.0014547312166541815, -0.0006230529979802668, 0.0008463233825750649, -0.003915997687727213, 0.01203044131398201, -0.006869627628475428, 0.0015084075275808573, 0.0015887017361819744, -0.001874336856417358, 0.0017885288689285517], [8.07671676739119e-05, -0.0004201456904411316, 0.0007033910951577127, -0.0004857952881138772, 7.274703239090741e-05, 0.0009482112363912165, 0.0008000282687135041, -0.006869627628475428, 0.01384669914841652, -0.004577754531055689, -0.0004561917157843709, 0.0020538277458399534, -0.000587844115216285], [-0.00012814506771974266, -0.0009066389175131917, 3.2757675398897845e-06, 0.0002743486547842622, -8.529511251254007e-05, -0.0019015490543097258, -0.001184773864224553, 0.0015084075275808573, -0.004577754531055689, 0.014207999221980572, -0.005610140506178141, 0.0006805171724408865, -0.0002528647892177105], [9.341436816612259e-05, -0.0001575859059812501, -0.0007367883226834238, 0.0005755753954872489, -0.0006130047840997577, -0.00021121298777870834, 0.0002696937008295208, 0.0015887017361819744, -0.0004561917157843709, -0.005610140506178141, 0.013527415692806244, -0.005821028724312782, 0.0006990474066697061], [-4.865262235398404e-05, 0.000697283714544028, 0.00043381002615205944, -0.0012155420845374465, -0.0007341582677327096, 0.0015190778067335486, 0.0003324371646158397, -0.001874336856417358, 0.0020538277458399534, 0.0006805171724408865, -0.005821028724312782, 0.013290289789438248, -0.0038961509708315134], [-2.5343146262457594e-05, -7.790973904775456e-05, 0.00017563672736287117, -0.0011670761741697788, 0.0007441237685270607, 0.0005248132511042058, -0.0014533313224092126, 0.0017885288689285517, -0.000587844115216285, -0.0002528647892177105, 0.0006990474066697061, -0.0038961509708315134, 0.010687338188290596]], "metadata.audio_properties.analysis.downmix": "mix", "metadata.audio_properties.codec": "mp3", "metadata.audio_properties.md5_encoded": "7409013ee24cbfb552a6f76abc07bb81", "metadata.tags.file_name": "1182266509758840933.mp3", "metadata.version.essentia": "2.1-beta6-dev", "metadata.version.essentia_git_sha": "v2.1_beta5-1110-g77a6a954", "metadata.version.extractor": "music 2.0", "tonal.chords_key": "C", "tonal.chords_scale": "major", "tonal.key_edma.key": "C", "tonal.key_edma.scale": "major", "tonal.key_krumhansl.key": "C", "tonal.key_krumhansl.scale": "major", "tonal.key_temperley.key": "C", "tonal.key_temperley.scale": "major", "metadata.tags.encoding": ["Lavf58.45.100"]}, "essentia_models": [{"model_name": "genre_dortmund", "activations": {"alternative": "0.03382516", "blues": "0.0073615266", "electronic": "0.30808324", "folkcountry": "0.008166526", "funksoulrnb": "0.0