{"song_id": "1182283482374881290", "download": "https://cdn.discordapp.com/attachments/1135911532732108921/1182283482374881290/chirp.mp4?ex=6584224b&amp", "lyrics": "\u3075\u307f\u3075\u307f\u30de\u30a4\u30cb\u30f3\u30b0\n\n\u30de\u30a4\u30cb\u30f3\u30b0\u3000\u4e00\u6b69\u8e0f\u307f\u51fa\u3059\u524d\u306b\n\u30b7\u30e3\u30a4\u30cb\u30f3\u30b0\u3000\u3057\u3083\u306b\u3080\u306b\u524d\u306b\n\u4ffa\u3058\u307e\u3044\u3000\u5e97\u3058\u307e\u3044\n\u6bce\u65e5\u3000\u6bce\u56de\u3000\u6bce\u79d2\u3000my mine\n\u308f\u304b\u3089\u305a\u3058\u307e\u3044\u3067\u3000\u3066\u3093\u3066\u3053 my mind", "style": ["japanese anime</span><span>, kirakira pop</span><span>, female vocal"], "essentia_features": {"lowlevel.average_loudness": 0.9844135642051697, "lowlevel.barkbands_crest.mean": 14.916463851928711, "lowlevel.barkbands_crest.stdev": 5.365172863006592, "lowlevel.barkbands_flatness_db.mean": 0.17424266040325165, "lowlevel.barkbands_flatness_db.stdev": 0.05337744206190109, "lowlevel.barkbands_kurtosis.mean": 19.34095001220703, "lowlevel.barkbands_kurtosis.stdev": 26.278282165527344, "lowlevel.barkbands_skewness.mean": 3.3085570335388184, "lowlevel.barkbands_skewness.stdev": 2.246309518814087, "lowlevel.barkbands_spread.mean": 20.124095916748047, "lowlevel.barkbands_spread.stdev": 20.221464157104492, "lowlevel.dissonance.mean": 0.45548611879348755, "lowlevel.dissonance.stdev": 0.03125721961259842, "lowlevel.dynamic_complexity": 1.964728593826294, "lowlevel.erbbands_crest.mean": 9.907782554626465, "lowlevel.erbbands_crest.stdev": 5.3240556716918945, "lowlevel.erbbands_flatness_db.mean": 0.1128188967704773, "lowlevel.erbbands_flatness_db.stdev": 0.033414777368307114, "lowlevel.erbbands_kurtosis.mean": 1.3121658563613892, "lowlevel.erbbands_kurtosis.stdev": 2.854268789291382, "lowlevel.erbbands_skewness.mean": 0.4494936764240265, "lowlevel.erbbands_skewness.stdev": 1.030985713005066, "lowlevel.erbbands_spread.mean": 53.206295013427734, "lowlevel.erbbands_spread.stdev": 25.357473373413086, "lowlevel.hfc.mean": 29.65102767944336, "lowlevel.hfc.stdev": 24.40557098388672, "lowlevel.loudness_ebu128.integrated": -18.329971313476562, "lowlevel.loudness_ebu128.loudness_range": 1.009552001953125, "lowlevel.loudness_ebu128.momentary.mean": -18.40546226501465, "lowlevel.loudness_ebu128.momentary.stdev": 0.8258358240127563, "lowlevel.loudness_ebu128.short_term.mean": -18.410478591918945, "lowlevel.loudness_ebu128.short_term.stdev": 0.34797754883766174, "lowlevel.melbands_crest.mean": 20.541040420532227, "lowlevel.melbands_crest.stdev": 6.798444747924805, "lowlevel.melbands_flatness_db.mean": 0.2608349025249481, "lowlevel.melbands_flatness_db.stdev": 0.065940260887146, "lowlevel.melbands_kurtosis.mean": 53.04338836669922, "lowlevel.melbands_kurtosis.stdev": 74.18632507324219, "lowlevel.melbands_skewness.mean": 4.9813103675842285, "lowlevel.melbands_skewness.stdev": 3.0858912467956543, "lowlevel.melbands_spread.mean": 13.828811645507812, "lowlevel.melbands_spread.stdev": 13.994328498840332, "lowlevel.pitch_salience.mean": 0.42931410670280457, "lowlevel.pitch_salience.stdev": 0.1313593089580536, "lowlevel.silence_rate_20dB.mean": 0.9984685778617859, "lowlevel.silence_rate_20dB.stdev": 0.03910278528928757, "lowlevel.silence_rate_30dB.mean": 0.803981602191925, "lowlevel.silence_rate_30dB.stdev": 0.3969813883304596, "lowlevel.silence_rate_60dB.mean": 0.0030627872329205275, "lowlevel.silence_rate_60dB.stdev": 0.05525743216276169, "lowlevel.spectral_centroid.mean": 1143.922607421875, "lowlevel.spectral_centroid.stdev": 859.6846313476562, "lowlevel.spectral_complexity.mean": 16.17151641845703, "lowlevel.spectral_complexity.stdev": 8.345596313476562, "lowlevel.spectral_decrease.mean": -1.9720390653787945e-08, "lowlevel.spectral_decrease.stdev": 1.7080273195801965e-08, "lowlevel.spectral_energy.mean": 0.07711882144212723, "lowlevel.spectral_energy.stdev": 0.06486483663320541, "lowlevel.spectral_energyband_high.mean": 0.001834852620959282, "lowlevel.spectral_energyband_high.stdev": 0.0028900201432406902, "lowlevel.spectral_energyband_low.mean": 0.057349108159542084, "lowlevel.spectral_energyband_low.stdev": 0.06469196081161499, "lowlevel.spectral_energyband_middle_high.mean": 0.004772333428263664, "lowlevel.spectral_energyband_middle_high.stdev": 0.007105095777660608, "lowlevel.spectral_energyband_middle_low.mean": 0.014562617056071758, "lowlevel.spectral_energyband_middle_low.stdev": 0.011590183712542057, "lowlevel.spectral_entropy.mean": 7.719453811645508, "lowlevel.spectral_entropy.stdev": 0.3679642677307129, "lowlevel.spectral_flux.mean": 0.12188959121704102, "lowlevel.spectral_flux.stdev": 0.09444524347782135, "lowlevel.spectral_kurtosis.mean": 2.816188097000122, "lowlevel.spectral_kurtosis.stdev": 1.7351353168487549, "lowlevel.spectral_rms.mean": 0.008137008175253868, "lowlevel.spectral_rms.stdev": 0.0030045059975236654, "lowlevel.spectral_rolloff.mean": 979.0850219726562, "lowlevel.spectral_rolloff.stdev": 1639.425048828125, "lowlevel.spectral_skewness.mean": 1.4642691612243652, "lowlevel.spectral_skewness.stdev": 0.4567165970802307, "lowlevel.spectral_spread.mean": 6699026.0, "lowlevel.spectral_spread.stdev": 1641185.75, "lowlevel.spectral_strongpeak.mean": 0.8013266324996948, "lowlevel.spectral_strongpeak.stdev": 1.207025408744812, "lowlevel.zerocrossingrate.mean": 0.049443524330854416, "lowlevel.zerocrossingrate.stdev": 0.03635576367378235, "metadata.audio_properties.analysis.equal_loudness": 0.0, "metadata.audio_properties.analysis.length": 15.12532901763916, "metadata.audio_properties.analysis.sample_rate": 44100.0, "metadata.audio_properties.analysis.start_time": 0.0, "metadata.audio_properties.bit_rate": 118278.0, "metadata.audio_properties.length": 15.125333786010742, "metadata.audio_properties.lossless": 0.0, "metadata.audio_properties.number_channels": 1.0, "metadata.audio_properties.replay_gain": -6.153398513793945, "metadata.audio_properties.sample_rate": 48000.0, "rhythm.beats_count": 31.0, "rhythm.beats_loudness.mean": 0.23066923022270203, "rhythm.beats_loudness.stdev": 0.059084806591272354, "rhythm.bpm": 126.68826293945312, "rhythm.bpm_histogram_first_peak_bpm": 126.0, "rhythm.bpm_histogram_first_peak_weight": 0.3333333134651184, "rhythm.bpm_histogram_second_peak_bpm": 0.0, "rhythm.bpm_histogram_second_peak_spread": 0.0, "rhythm.bpm_histogram_second_peak_weight": 0.0, "rhythm.danceability": 2.427084445953369, "rhythm.onset_rate": 4.953958034515381, "tonal.chords_changes_rate": 0.03669724613428116, "tonal.chords_number_rate": 0.01834862306714058, "tonal.chords_strength.mean": 0.5556491017341614, "tonal.chords_strength.stdev": 0.12007524073123932, "tonal.hpcp_crest.mean": 13.08089828491211, "tonal.hpcp_crest.stdev": 5.443460464477539, "tonal.hpcp_entropy.mean": 2.0464861392974854, "tonal.hpcp_entropy.stdev": 0.6986702084541321, "tonal.key_edma.strength": 0.5284837484359741, "tonal.key_krumhansl.strength": 0.5342943668365479, "tonal.key_temperley.strength": 0.5617677569389343, "tonal.tuning_diatonic_strength": 0.6385332345962524, "tonal.tuning_equal_tempered_deviation": 0.1987425982952118, "tonal.tuning_frequency": 434.193115234375, "tonal.tuning_nontempered_energy_ratio": 0.8939580321311951, "lowlevel.barkbands.mean": [0.00199663988314569, 0.04666769504547119, 0.007313249167054892, 0.002342208521440625, 0.003972237464040518, 0.00522309634834528, 0.000680915720295161, 0.000709855929017067, 0.0015936819836497307, 0.00038318990846164525, 0.0008765001548454165, 0.0005057220696471632, 0.0012159785255789757, 0.00047269207425415516, 0.00039413830381818116, 0.00019420686294324696, 0.00016597048670519143, 0.00011356834147591144, 0.0002979464188683778, 0.00032129857572726905, 0.0003943126939702779, 0.0002802805101964623, 0.0002396219497313723, 0.0003947578661609441, 0.00026477474602870643, 0.00010268689948134124, 1.6477584949825541e-06], "lowlevel.barkbands.stdev": [0.002352020237594843, 0.057194843888282776, 0.015905920416116714, 0.0046373894438147545, 0.004510527942329645, 0.0075170863419771194, 0.0009417193359695375, 0.0016087796539068222, 0.0045868996530771255, 0.0010165601270273328, 0.002644524211063981, 0.0018157531740143895, 0.0043544708751142025, 0.0011915538925677538, 0.000967226515058428, 0.000408271502237767, 0.000344548694556579, 0.0002271989214932546, 0.0006546747754327953, 0.0006783426506444812, 0.0010242535499855876, 0.0005756646860390902, 0.0004126043932046741, 0.0007972887251526117, 0.0005777544574812055, 0.00012347119627520442, 4.567593350657262e-06], "lowlevel.erbbands.mean": [1.8675662279129028, 8.398055076599121, 8.888875007629395, 9.03620719909668, 7.442144393920898, 13.19369125366211, 42.17705535888672, 35.872066497802734, 10.173511505126953, 12.915594100952148, 22.386741638183594, 40.730926513671875, 12.163597106933594, 22.420902252197266, 31.875743865966797, 29.66885757446289, 55.70256423950195, 21.80672264099121, 22.960880279541016, 19.471330642700195, 10.15418815612793, 9.049131393432617, 6.3234333992004395, 12.438922882080078, 14.712488174438477, 15.58720874786377, 16.876571655273438, 12.976556777954102, 10.850252151489258, 7.785082817077637, 6.647429466247559, 7.032586097717285, 7.153549671173096, 3.7500131130218506, 1.5123755931854248, 0.5385463833808899, 0.1710980236530304, 0.022795990109443665, 0.00048637838335707784, 0.00010770360677270219], "lowlevel.erbbands.stdev": [2.0993783473968506, 11.647930145263672, 18.119997024536133, 18.529523849487305, 8.761279106140137, 19.190561294555664, 60.186317443847656, 60.4769401550293, 13.613469123840332, 18.06051254272461, 46.14337158203125, 125.80882263183594, 28.48342514038086, 47.31486511230469, 85.41449737548828, 90.95267486572266, 198.6248016357422, 50.458831787109375, 47.471012115478516, 55.24501037597656, 17.41702651977539, 18.829120635986328, 11.635865211486816, 29.870859146118164, 29.175390243530273, 32.60325622558594, 42.982234954833984, 30.493213653564453, 22.850788116455078, 14.48556137084961, 10.98931884765625, 12.833433151245117, 15.746346473693848, 9.725809097290039, 2.5628504753112793, 0.6688389182090759, 0.21978069841861725, 0.0293827336281538, 0.0005804278189316392, 7.631930930074304e-05], "lowlevel.gfcc.mean": [40.827659606933594, 77.79612731933594, -68.69434356689453, 42.560813903808594, -52.72615051269531, 33.67325973510742, -35.372100830078125, 15.197509765625, -24.186017990112305, 16.84004783630371, -11.70156192779541, 7.398582458496094, -5.203366279602051], "lowlevel.melbands.mean": [0.014638268388807774, 0.00645969994366169, 0.0015066693304106593, 0.0006807764293625951, 0.001305597135797143, 0.0008240166935138404, 0.00015220687782857567, 0.00013827599468640983, 0.00021410334738902748, 0.00023321170010603964, 5.352643711376004e-05, 8.64049288793467e-05, 0.00013036040763836354, 6.263913383008912e-05, 0.0001281596050830558, 8.114027878036723e-05, 3.8545476854778826e-05, 4.051262294524349e-05, 2.694041540962644e-05, 1.8825970983016305e-05, 1.1197534149687272e-05, 9.661622243584134e-06, 6.841638878540834e-06, 5.322822744346922e-06, 1.0545300938247237e-05, 1.1431681741669308e-05, 1.0922600267804228e-05, 9.847188266576268e-06, 9.729999874252826e-06, 1.0875194675463717e-05, 6.429845143429702e-06, 6.387843313859776e-06, 4.9282098188996315e-06, 4.169585281488253e-06, 3.7531069665419636e-06, 3.7966212858009385e-06, 4.578526386467274e-06, 5.52577057533199e-06, 3.6655524127127137e-06, 3.006843371622381e-06], "lowlevel.melbands.stdev": [0.01726878061890602, 0.009862890467047691, 0.0027664334047585726, 0.0008878097287379205, 0.0017073764465749264, 0.0013305391184985638, 0.00020530461915768683, 0.00019086601969320327, 0.0004506062832660973, 0.000711372762452811, 0.00014295386790763587, 0.00019040120241697878, 0.00038933620089665055, 0.0002237391599919647, 0.0004587808216456324, 0.00023920511011965573, 9.547870286041871e-05, 9.096111898543313e-05, 7.235960219986737e-05, 4.8220146709354594e-05, 2.0520588805084117e-05, 2.095107083732728e-05, 1.395499384670984e-05, 1.0804671546793543e-05, 2.668173510755878e-05, 2.566191687947139e-05, 2.5986928449128754e-05, 2.0278514057281427e-05, 2.416718598396983e-05, 3.0501512810587883e-05, 1.4986619135015644e-05, 1.396086281602038e-05, 1.0058312000182923e-05, 7.920532880234532e-06, 6.359180133586051e-06, 6.5814247136586346e-06, 8.994026757136453e-06, 1.2566543773573358e-05, 8.083275133685675e-06, 8.263026757049374e-06], "lowlevel.melbands128.mean": [0.0019264506408944726, 0.015645615756511688, 0.02108413353562355, 0.011083273217082024, 0.004924697335809469, 0.003473136108368635, 0.001907650614157319, 0.0010146498680114746, 0.0006698654033243656, 0.000609222799539566, 0.0006704042316414416, 0.000992263201624155, 0.001601480646058917, 0.0015788766322657466, 0.000906911154743284, 0.00041843843064270914, 0.00011170424841111526, 0.0001263434678548947, 0.0001411372795701027, 0.00017203102470375597, 8.847226126817986e-05, 0.00018352014012634754, 0.00016195507487282157, 0.0003180788771715015, 0.00040265879943035543, 0.00011052472109440714, 9.405660966876894e-05, 2.3970113034010865e-05, 3.849585118587129e-05, 9.746295108925551e-05, 5.022562982048839e-05, 0.00016603789117652923, 0.0002069272450171411, 3.4445900382706895e-05, 5.491285628522746e-05, 8.667972724651918e-05, 5.889745443710126e-05, 5.285104634822346e-05, 0.0002990723878610879, 9.200654312735423e-05, 2.6047209757962264e-05, 5.234527634456754e-05, 2.5532423023832962e-05, 3.588533218135126e-05, 6.50979854981415e-05, 3.267105421400629e-05, 2.9718110454268754e-05, 1.9180841263732873e-05, 3.0083412639214657e-05, 3.5419139749137685e-05, 1.22833434943459e-05, 9.283282452088315e-06, 1.0954471690638456e-05, 1.2813720786652993e-05, 1.0313247912563384e-05, 9.04511398402974e-06, 9.171402780339122e-06, 8.890264325600583e-06, 5.27659585713991e-06, 4.386196451378055e-06, 5.041952135798056e-06, 5.923026037635282e-06, 7.782935426803306e-06, 1.2599202818819322e-05, 1.422064087819308e-05, 1.1510003787407186e-05, 1.0014438885264099e-05, 8.650535164633766e-06, 1.2172531569376588e-05, 1.2885620890301652e-05, 9.535398021398578e-06, 8.355982572538778e-06, 8.845031516102608e-06, 9.55817631620448e-06, 1.1528285540407524e-05, 1.261548459297046e-05, 1.0258824659103993e-05, 6.041242613719078e-06, 6.488349754363298e-06, 5.8380901464261115e-06, 6.555384061357472e-06, 7.05071079210029e-06, 5.259657427814091e-06, 4.991262812836794e-06, 4.274384082236793e-06, 3.865368398692226e-06, 4.38258257418056e-06, 4.180030828138115e-06, 3.5877840218745405e-06, 3.5647994991450105e-06, 3.769690692934091e-06, 4.003850790468277e-06, 3.564568942238111e-06, 4.525690656009829e-06, 4.92776280225371e-06, 5.880649950995576e-06, 5.814436008222401e-06, 5.080291430203943e-06, 3.3433984754083212e-06, 3.002919584105257e-06, 3.6586638998414855e-06, 2.9915172490291297e-06, 2.3724874154140707e-06, 2.1779774215247016e-06, 1.611024231351621e-06, 1.2052088322889176e-06, 1.26395514143951e-06, 1.172151428363577e-06, 9.129853992817516e-07, 6.984443530200224e-07, 5.416808335212409e-07, 5.295015057527053e-07, 6.162619570204697e-07, 5.040999440097949e-07, 4.092489689355716e-07, 2.778746761578077e-07, 6.866334700816878e-08, 4.033822609272875e-09, 1.8733884235566656e-11, 1.4242960977295382e-11, 1.3871842910462284e-11, 1.3586598859860466e-11, 1.3285541070051643e-11, 1.303459944146379e-11, 1.2730036642871756e-11, 1.2375995193936173e-11, 1.2159179045567736e-11, 1.2076125689708395e-11], "lowlevel.melbands128.stdev": [0.002275624079629779, 0.017020512372255325, 0.027266554534435272, 0.01743534579873085, 0.010605471208691597, 0.0073114605620503426, 0.0042157648131251335, 0.0016944085946306586, 0.0008161301375366747, 0.0012535301502794027, 0.0013709845952689648, 0.0015000965213403106, 0.0028959871269762516, 0.0029000621289014816, 0.0018912825034931302, 0.000943645485676825, 0.00019001461623702198, 0.0002941643469966948, 0.0002207599172834307, 0.000310703442664817, 0.00013894167204853147, 0.0004261656722519547, 0.0005179927102290094, 0.0010399100137874484, 0.0014855331974104047, 0.0004306781629566103, 0.00043573492439463735, 5.480390973389149e-05, 7.319707947317511e-05, 0.0003243136452510953, 0.00016126110858749598, 0.0005159088177606463, 0.0007032349822111428, 0.00015679457283113152, 0.0002062725689029321, 0.0004313161189202219, 0.00030458442051894963, 0.00021304810070432723, 0.0012910051736980677, 0.0003282708930782974, 6.74797483952716e-05, 0.0002295519516337663, 8.197889837902039e-05, 0.00011004185216734186, 0.00022180270752869546, 9.138259338214993e-05, 8.919162792153656e-05, 7.31183827156201e-05, 0.00013758073328062892, 0.00012463412713259459, 3.18092861562036e-05, 1.8802342310664244e-05, 2.402983227511868e-05, 2.6654764951672405e-05, 2.37242038565455e-05, 2.4007167667150497e-05, 2.6622765290085226e-05, 2.229465826530941e-05, 1.0811483662109822e-05, 1.0627851224853657e-05, 1.0435752301418688e-05, 1.406642059009755e-05, 2.3865863113314845e-05, 3.167774775647558e-05, 4.812363113160245e-05, 2.99604707834078e-05, 2.1225441741989926e-05, 1.968201650015544e-05, 3.683878458105028e-05, 3.596898750402033e-05, 2.2033733330317773e-05, 1.6788499124231748e-05, 2.0851326553383842e-05, 2.868858791771345e-05, 3.507739893393591e-05, 3.939185626222752e-05, 2.8809261493734084e-05, 1.4713807104271837e-05, 1.7136129827122204e-05, 1.5455349057447165e-05, 1.552119829284493e-05, 1.6246647646767087e-05, 1.144378893513931e-05, 1.130457894760184e-05, 8.938392966229003e-06, 7.186929906310979e-06, 1.0037422725872602e-05, 8.363069355254993e-06, 6.536903129017446e-06, 5.96898416915792e-06, 6.969070000195643e-06, 7.913464287412353e-06, 6.471407687058672e-06, 1.0159064913750626e-05, 1.0450894478708506e-05, 1.3906768799643032e-05, 1.4352793186844792e-05, 1.205460648634471e-05, 6.989185294514755e-06, 7.360045856330544e-06, 1.4808263586019166e-05, 7.25924155631219e-06, 4.486484158405801e-06, 4.585983788274461e-06, 3.2546406600886257e-06, 1.5416875385199091e-06, 1.4840605899735237e-06, 1.5881973922660109e-06, 1.3770202258456266e-06, 9.488838372817554e-07, 7.805113000358688e-07, 8.466819849672902e-07, 9.441658335163083e-07, 6.516686994473275e-07, 5.737732067245815e-07, 4.17674527852796e-07, 1.657622590300889e-07, 1.6704445826576375e-08, 7.666477175316544e-11, 2.168680686420732e-11, 2.11635431401902e-11, 2.0707801792752e-11, 2.0277545267899377e-11, 1.9926591626751033e-11, 1.9628559194684314e-11, 1.9396260639292784e-11, 1.92277565397303e-11, 1.9122472702526316e-11], "lowlevel.mfcc.mean": [-616.630615234375, 110.34381866455078, 41.596885681152344, 23.062959671020508, 15.821096420288086, 17.54537010192871, 10.591341972351074, 1.0211734771728516, 4.135022163391113, 6.202723026275635, 0.8296490907669067, 4.015287399291992, 3.8253979682922363], "lowlevel.spectral_contrast_coeffs.mean": [-0.7404140830039978, -0.7353280782699585, -0.7817279696464539, -0.8061060905456543, -0.8138381838798523, -0.7840650081634521], "lowlevel.spectral_contrast_coeffs.stdev": [0.06215379014611244, 0.07472789287567139, 0.07026809453964233, 0.058779582381248474, 0.04050331935286522, 0.0327746607363224], "lowlevel.spectral_contrast_valleys.mean": [-5.7844109535217285, -6.761109352111816, -7.392681121826172, -7.539262771606445, -7.487258434295654, -9.394851684570312], "lowlevel.spectral_contrast_valleys.stdev": [0.5134590864181519, 0.5548596382141113, 0.5535960793495178, 0.5796838402748108, 0.6438283920288086, 0.6559097170829773], "rhythm.beats_loudness_band_ratio.mean": [0.9383239150047302, 0.025341443717479706, 0.01761070266366005, 0.012749871239066124, 0.0035242808517068624, 0.004718721378594637], "rhythm.beats_loudness_band_ratio.stdev": [0.0435163639485836, 0.023223193362355232, 0.023595711216330528, 0.017551420256495476, 0.005109050776809454, 0.002456440357491374], "tonal.hpcp.mean": [0.23099744319915771, 0.20643962919712067, 0.10870851576328278, 0.07366061210632324, 0.0671047642827034, 0.07357791066169739, 0.20682306587696075, 0.26966381072998047, 0.1346922218799591, 0.04909281060099602, 0.035302434116601944, 0.021256940439343452, 0.03335003927350044, 0.04570327699184418, 0.04229896888136864, 0.09178054332733154, 0.08789073675870895, 0.026487793773412704, 0.014231937006115913, 0.017343632876873016, 0.03690129518508911, 0.11636977642774582, 0.11344794183969498, 0.0353398397564888, 0.020652243867516518, 0.028719916939735413, 0.06692712754011154, 0.1556418240070343, 0.1478434056043625, 0.07108929008245468, 0.05207318440079689, 0.04606803134083748, 0.05974429473280907, 0.08761442452669144, 0.11139660328626633, 0.1545362025499344], "tonal.hpcp.stdev": [0.3748006820678711, 0.33848604559898376, 0.2588958144187927, 0.209671750664711, 0.21364706754684448, 0.18294718861579895, 0.3037034571170807, 0.3804405927658081, 0.2530580461025238, 0.1688181310892105, 0.16131822764873505, 0.10806182026863098, 0.0745939388871193, 0.10183029621839523, 0.10625429451465607, 0.20100989937782288, 0.19911989569664001, 0.10712706297636032, 0.08216065913438797, 0.09665258973836899, 0.10543949902057648, 0.2437998205423355, 0.2218426614999771, 0.12056146562099457, 0.0930938720703125, 0.11446616053581238, 0.18511852622032166, 0.2851172089576721, 0.25708308815956116, 0.19458043575286865, 0.18343955278396606, 0.17281483113765717, 0.2007087767124176, 0.2351197451353073, 0.26963552832603455, 0.29094427824020386], "rhythm.beats_position": [0.4876190423965454, 0.9636281132698059, 1.4396371841430664, 1.9156461954116821, 2.391655206680298, 2.8560543060302734, 3.3320634365081787, 3.808072566986084, 4.28408145904541, 4.7600908279418945, 5.224489688873291, 5.712108612060547, 6.176507949829102, 6.652516841888428, 7.128525733947754, 7.604535102844238, 8.080544471740723, 8.544942855834961, 9.009342193603516, 9.49696159362793, 9.961359977722168, 10.425759315490723, 10.901768684387207, 11.377777099609375, 11.85378646850586, 12.329795837402344, 12.805805206298828, 13.281813621520996, 13.74621295928955, 14.222222328186035, 14.698230743408203], "rhythm.bpm_histogram": [0.0, 0.0, 0.0, 0.0, 0.0, 0.0, 0.0, 0.0, 0.0, 0.0, 0.0, 0.0, 0.0, 0.0, 0.0, 0.0, 0.0, 0.0, 0.0, 0.0, 0.0, 0.0, 0.0, 0.0, 0.0, 0.0, 0.0, 0.0, 0.0, 0.0, 0.0, 0.0, 0.0, 0.0, 0.0, 0.0, 0.0, 0.0, 0.0, 0.0, 0.0, 0.0, 0.0, 0.0, 0.0, 0.0, 0.0, 0.0, 0.0, 0.0, 0.0, 0.0, 0.0, 0.0, 0.0, 0.0, 0.0, 0.0, 0.0, 0.0, 0.0, 0.0, 0.0, 0.0, 0.0, 0.0, 0.0, 0.0, 0.0, 0.0, 0.0, 0.0, 0.0, 0.0, 0.0, 0.0, 0.0, 0.0, 0.0, 0.0, 0.0, 0.0, 0.0, 0.0, 0.0, 0.0, 0.0, 0.0, 0.0, 0.0, 0.0, 0.0, 0.0, 0.0, 0.0, 0.0, 0.0, 0.0, 0.0, 0.0, 0.0, 0.0, 0.0, 0.0, 0.0, 0.0, 0.0, 0.0, 0.0, 0.0, 0.0, 0.0, 0.0, 0.0, 0.0, 0.0, 0.0, 0.0, 0.0, 0.0, 0.0, 0.0, 0.0, 0.06666667014360428, 0.0, 0.0, 0.6666666865348816, 0.0, 0.0, 0.2666666805744171, 0.0, 0.0, 0.0, 0.0, 0.0, 0.0, 0.0, 0.0, 0.0, 0.0, 0.0, 0.0, 0.0, 0.0, 0.0, 0.0, 0.0, 0.0, 0.0, 0.0, 0.0, 0.0, 0.0, 0.0, 0.0, 0.0, 0.0, 0.0, 0.0, 0.0, 0.0, 0.0, 0.0, 0.0, 0.0, 0.0, 0.0, 0.0, 0.0, 0.0, 0.0, 0.0, 0.0, 0.0, 0.0, 0.0, 0.0, 0.0, 0.0, 0.0, 0.0, 0.0, 0.0, 0.0, 0.0, 0.0, 0.0, 0.0, 0.0, 0.0, 0.0, 0.0, 0.0, 0.0, 0.0, 0.0, 0.0, 0.0, 0.0, 0.0, 0.0, 0.0, 0.0, 0.0, 0.0, 0.0, 0.0, 0.0, 0.0, 0.0, 0.0, 0.0, 0.0, 0.0, 0.0, 0.0, 0.0, 0.0, 0.0, 0.0, 0.0, 0.0, 0.0, 0.0, 0.0, 0.0, 0.0, 0.0, 0.0, 0.0, 0.0, 0.0, 0.0, 0.0, 0.0, 0.0, 0.0, 0.0, 0.0, 0.0, 0.0, 0.0, 0.0, 0.0, 0.0, 0.0, 0.0, 0.0, 0.0, 0.0], "tonal.chords_histogram": [23.547401428222656, 12.844037055969238, 7.339449405670166, 0.0, 0.0, 0.0, 0.0, 0.0, 0.0, 0.0, 0.0, 0.0, 0.0, 0.0, 0.0, 0.0, 0.0, 0.0, 0.0, 0.3058103919029236, 0.0, 41.590213775634766, 6.422018527984619, 7.951070308685303], "tonal.thpcp": [1.0, 0.49948200583457947, 0.1820519119501114, 0.13091276586055756, 0.07882755994796753, 0.12367265671491623, 0.16948242485523224, 0.1568581610918045, 0.34035173058509827, 0.32592707872390747, 0.09822524338960648, 0.05277659371495247, 0.06431575864553452, 0.13684184849262238, 0.4315364956855774, 0.42070138454437256, 0.13105148077011108, 0.07658515125513077, 0.10650267452001572, 0.24818727374076843, 0.5771698355674744, 0.5482507944107056, 0.2636219263076782, 0.193104088306427, 0.17083504796028137, 0.22155103087425232, 0.32490241527557373, 0.4130943715572357, 0.5730698704719543, 0.8566126823425293, 0.7655444145202637, 0.4031260907649994, 0.2731572091579437, 0.24884600937366486, 0.27285051345825195, 0.7669663429260254], "lowlevel.gfcc.cov": [[2313.403076171875, -255.28836059570312, -251.79629516601562, 101.98588562011719, -41.24777603149414, 19.07773208618164, 54.55930709838867, 51.60696029663086, -102.31285858154297, 50.4622917175293, 45.46397018432617, -72.92660522460938, -45.49005889892578], [-255.28836059570312, 706.0892944335938, -0.25305476784706116, -357.7154541015625, 96.86055755615234, -38.746559143066406, -12.502580642700195, -80.01859283447266, 13.602664947509766, -28.017189025878906, -4.848875045776367, 7.631697177886963, 43.706077575683594], [-251.79629516601562, -0.25305476784706116, 401.9395446777344, 103.59976196289062, -18.84056282043457, 12.700489044189453, -33.1587028503418, 14.437609672546387, 61.596492767333984, -19.146501541137695, -8.170808792114258, 36.21063232421875, 30.722257614135742], [101.98588562011719, -357.7154541015625, 103.59976196289062, 443.86224365234375, -34.42432403564453, -57.688316345214844, -18.661840438842773, 41.679847717285156, 26.041723251342773, -14.351630210876465, -21.10045051574707, -16.391374588012695, -4.244348049163818], [-41.24777603149414, 96.86055755615234, -18.84056282043457, -34.42432403564453, 179.66090393066406, 29.15347671508789, -23.418630599975586, -12.721858024597168, 26.056835174560547, -14.965185165405273, -17.155471801757812, -2.281101942062378, -17.185794830322266], [19.07773208618164, -38.746559143066406, 12.700489044189453, -57.688316345214844, 29.15347671508789, 168.5849609375, 71.65653991699219, -21.875436782836914, 4.8335280418396, 19.442855834960938, 28.565195083618164, 2.8919436931610107, 1.573504090309143], [54.55930709838867, -12.502580642700195, -33.1587028503418, -18.661840438842773, -23.418630599975586, 71.65653991699219, 155.52699279785156, 22.56163215637207, -11.435135841369629, 27.110477447509766, 36.49652099609375, -3.553044080734253, -4.056496620178223], [51.60696029663086, -80.01859283447266, 14.437609672546387, 41.679847717285156, -12.721858024597168, -21.875436782836914, 22.56163215637207, 110.36983489990234, 33.265506744384766, -5.615372657775879, -6.696110725402832, -17.5533390045166, 3.4036407470703125], [-102.31285858154297, 13.602664947509766, 61.596492767333984, 26.041723251342773, 26.056835174560547, 4.8335280418396, -11.435135841369629, 33.265506744384766, 102.08352661132812, 16.63065528869629, -22.642812728881836, -7.012659549713135, 15.52581787109375], [50.4622917175293, -28.017189025878906, -19.146501541137695, -14.351630210876465, -14.965185165405273, 19.442855834960938, 27.110477447509766, -5.615372657775879, 16.63065528869629, 68.61986541748047, 32.448143005371094, -4.142840385437012, 8.1217622756958], [45.46397018432617, -4.848875045776367, -8.170808792114258, -21.10045051574707, -17.155471801757812, 28.565195083618164, 36.49652099609375, -6.696110725402832, -22.642812728881836, 32.448143005371094, 93.33892059326172, 35.885677337646484, 8.839011192321777], [-72.92660522460938, 7.631697177886963, 36.21063232421875, -16.391374588012695, -2.281101942062378, 2.8919436931610107, -3.553044080734253, -17.5533390045166, -7.012659549713135, -4.142840385437012, 35.885677337646484, 78.67662811279297, 25.679309844970703], [-45.49005889892578, 43.706077575683594, 30.722257614135742, -4.244348049163818, -17.185794830322266, 1.573504090309143, -4.056496620178223, 3.4036407470703125, 15.52581787109375, 8.1217622756958, 8.839011192321777, 25.679309844970703, 80.82420349121094]], "lowlevel.gfcc.icov": [[0.0005358746857382357, -0.00012016354594379663, 0.00029925137641839683, -0.00032429516431875527, 5.8566296502249315e-05, -0.0003876032424159348, 0.0002904217108152807, -0.0006350453477352858, 0.00079626269871369, -0.0006730789900757372, 1.1815541256510187e-06, 0.00017444595869164914, 0.0001562474644742906], [-0.00012016354594379663, 0.00707053579390049, -0.0019266536692157388, 0.006466165650635958, -0.0036348518915474415, 0.007770954631268978, -0.004959843121469021, 0.008067784830927849, -0.005259003024548292, 0.008106471970677376, -0.004936927929520607, 0.006700215861201286, -0.005725247319787741], [0.00029925137641839683, -0.0019266536692157388, 0.004060923587530851, -0.002582310000434518, 0.0018988538067787886, -0.0032778491731733084, 0.002241510199382901, -0.0023367940448224545, -0.0005815357435494661, -0.0008836180786602199, 0.0011146761244162917, -0.0032223276793956757, 0.0013119293143972754], [-0.00032429516431875527, 0.006466165650635958, -0.002582310000434518, 0.008649440482258797, -0.002984690945595503, 0.00809903908520937, -0.004775180481374264, 0.00713345455005765, -0.005429729353636503, 0.007994748651981354, -0.004637901205569506, 0.006727755535393953, -0.004966406151652336], [5.8566296502249315e-05, -0.0036348518915474415, 0.0018988538067787886, -0.002984690945595503, 0.00897437334060669, -0.005856662057340145, 0.003969284705817699, -0.0032815292943269014, -0.0005121976719237864, -0.0016863116761669517, 0.0024696015752851963, -0.003974319435656071, 0.004740151576697826], [-0.0003876032424159348, 0.007770954631268978, -0.0032778491731733084, 0.00809903908520937, -0.005856662057340145, 0.0180896557867527, -0.010404531843960285, 0.012209206819534302, -0.007611410226672888, 0.0097523657605052, -0.0075982497073709965, 0.009072186425328255, -0.006952233146876097], [0.0002904217108152807, -0.004959843121469021, 0.002241510199382901, -0.004775180481374264, 0.003969284705817699, -0.010404531843960285, 0.014030098915100098, -0.009659056551754475, 0.005794646218419075, -0.008445682004094124, 0.0021861756686121225, -0.00483554694801569, 0.0049330247566103935], [-0.0006350453477352858, 0.008067784830927849, -0.0023367940448224545, 0.00713345455005765, -0.0032815292943269014, 0.012209206819534302, -0.009659056551754475, 0.023011086508631706, -0.012906849384307861, 0.01501144003123045, -0.008820896968245506, 0.011474032886326313, -0.007556505501270294], [0.00079626269871369, -0.005259003024548292, -0.0005815357435494661, -0.005429729353636503, -0.0005121976719237864, -0.007611410226672888, 0.005794646218419075, -0.012906849384307861, 0.022610202431678772, -0.01645110920071602, 0.010542061179876328, -0.006372979376465082, 0.002283296314999461], [-0.0006730789900757372, 0.008106471970677376, -0.0008836180786602199, 0.007994748651981354, -0.0016863116761669517, 0.0097523657605052, -0.008445682004094124, 0.01501144003123045, -0.01645110920071602, 0.035366833209991455, -0.017438214272260666, 0.014403430745005608, -0.00867411307990551], [1.1815541256510187e-06, -0.004936927929520607, 0.0011146761244162917, -0.004637901205569506, 0.0024696015752851963, -0.0075982497073709965, 0.0021861756686121225, -0.008820896968245506, 0.010542061179876328, -0.017438214272260666, 0.024899844080209732, -0.015515124425292015, 0.005090915597975254], [0.00017444595869164914, 0.006700215861201286, -0.0032223276793956757, 0.006727755535393953, -0.003974319435656071, 0.009072186425328255, -0.00483554694801569, 0.011474032886326313, -0.006372979376465082, 0.014403430745005608, -0.015515124425292015, 0.027883030474185944, -0.011079755611717701], [0.0001562474644742906, -0.005725247319787741, 0.0013119293143972754, -0.004966406151652336, 0.004740151576697826, -0.006952233146876097, 0.0049330247566103935, -0.007556505501270294, 0.002283296314999461, -0.00867411307990551, 0.005090915597975254, -0.011079755611717701, 0.019902518019080162]], "lowlevel.mfcc.cov": [[2372.2431640625, -428.8701171875, -253.3634796142578, 76.66558074951172, -100.8033447265625, -15.74458122253418, 133.9154815673828, -60.37136459350586, -56.1408576965332, 74.73095703125, 63.12643814086914, -20.142637252807617, -3.383998394012451], [-428.8701171875, 994.6527099609375, -137.07806396484375, -282.54248046875, 32.97652816772461, 2.872257947921753, -46.54128646850586, -31.4799861907959, -21.639089584350586, -37.55876541137695, -24.764699935913086, -16.745525360107422, -12.14354419708252], [-253.3634796142578, -137.07806396484375, 407.0978698730469, 84.58186340332031, 9.167665481567383, 9.162362098693848, -26.257186889648438, 28.073257446289062, 38.74718475341797, -20.530864715576172, -5.391836166381836, 28.735689163208008, 10.792276382446289], [76.66558074951172, -282.54248046875, 84.58186340332031, 302.6836242675781, 30.302330017089844, -51.71223831176758, -35.5008544921875, 12.337960243225098, 28.8118953704834, -12.892572402954102, 6.197453022003174, -8.292067527770996, -7.949682235717773], [-100.8033447265625, 32.97652816772461, 9.167665481567383, 30.302330017089844, 193.67514038085938, 10.275666236877441, -62.441009521484375, 18.564212799072266, 24.445859909057617, -4.34295654296875, -8.495733261108398, -16.175100326538086, -11.276630401611328], [-15.74458122253418, 2.872257947921753, 9.162362098693848, -51.71223831176758, 10.275666236877441, 165.9392852783203, 35.20133972167969, 2.824967384338379, -7.658884525299072, 13.530359268188477, -0.9434642195701599, 17.271345138549805, 15.128037452697754], [133.9154815673828, -46.54128646850586, -26.257186889648438, -35.5008544921875, -62.441009521484375, 35.20133972167969, 135.18038940429688, 17.55470085144043, -29.831016540527344, 13.274267196655273, 17.476016998291016, 21.320009231567383, 12.36609172821045], [-60.37136459350586, -31.4799861907959, 28.073257446289062, 12.337960243225098, 18.564212799072266, 2.824967384338379, 17.55470085144043, 90.73169708251953, 23.881183624267578, -3.440852165222168, 3.4094724655151367, 14.022998809814453, 9.610458374023438], [-56.1408576965332, -21.639089584350586, 38.74718475341797, 28.8118953704834, 24.445859909057617, -7.658884525299072, -29.831016540527344, 23.881183624267578, 99.8213882446289, 37.93844223022461, 1.7598743438720703, -9.533947944641113, -4.251034736633301], [74.73095703125, -37.55876541137695, -20.530864715576172, -12.892572402954102, -4.34295654296875, 13.530359268188477, 13.274267196655273, -3.440852165222168, 37.93844223022461, 109.19270324707031, 26.363964080810547, -11.946149826049805, 0.1180754005908966], [63.12643814086914, -24.764699935913086, -5.391836166381836, 6.197453022003174, -8.495733261108398, -0.9434642195701599, 17.476016998291016, 3.4094724655151367, 1.7598743438720703, 26.363964080810547, 66.58251190185547, 20.99764060974121, -3.350841999053955], [-20.142637252807617, -16.745525360107422, 28.735689163208008, -8.292067527770996, -16.175100326538086, 17.271345138549805, 21.320009231567383, 14.022998809814453, -9.533947944641113, -11.946149826049805, 20.99764060974121, 65.55631256103516, 22.631671905517578], [-3.383998394012451, -12.14354419708252, 10.792276382446289, -7.949682235717773, -11.276630401611328, 15.128037452697754, 12.36609172821045, 9.610458374023438, -4.251034736633301, 0.1180754005908966, -3.350841999053955, 22.631671905517578, 52.04645538330078]], "lowlevel.mfcc.icov": [[0.0005610465887002647, 0.00025817909045144916, 0.00035764582571573555, -5.7642831961857155e-05, 5.17215630679857e-05, 8.143699233187363e-05, -0.0004164880665484816, 0.0003833416267298162, 9.058618161361665e-05, -9.653887536842376e-05, -0.0003564343205653131, 0.0002634471165947616, -0.00010042721987701952], [0.00025817909045144916, 0.0016855038702487946, 0.0004363844927866012, 0.0015645419480279088, -0.00026923592668026686, 0.00026130088372156024, 0.0004173679044470191, 0.0004271650977898389, -0.00026207949849776924, 0.0007893083384260535, -0.0002987366751767695, 0.00033552164677530527, 5.788002090412192e-05], [0.00035764582571573555, 0.0004363844927866012, 0.003205616259947419, -0.0005266083753667772, 0.00025202403776347637, -0.00037165527464821935, 0.0003778079117182642, -0.00013151473831385374, -0.001114176120609045, 0.0006358309765346348, 0.0002523920848034322, -0.0013004204956814647, -3.365248994668946e-05], [-5.7642831961857155e-05, 0.0015645419480279088, -0.0005266083753667772, 0.005538173485547304, -0.0007367483340203762, 0.0012966026552021503, 0.0008594191167503595, 9.135717846220359e-05, -0.0010658188257366419, 0.0016011972911655903, -0.0011554417433217168, 0.0010139992227777839, -4.716519470093772e-05], [5.17215630679857e-05, -0.00026923592668026686, 0.00025202403776347637, -0.0007367483340203762, 0.006844250485301018, -0.001514506177045405, 0.003353425767272711, -0.0022718256805092096, -1.8825872757588513e-05, -1.56292699102778e-05, -0.00023550173500552773, 0.000995321897789836, 0.0008721383637748659], [8.143699233187363e-05, 0.00026130088372156024, -0.00037165527464821935, 0.0012966026552021503, -0.001514506177045405, 0.007338060066103935, -0.0020954161882400513, 0.0007819518214091659, 0.00019552488811314106, -0.001093694707378745, 0.0011656470596790314, -0.001577670336700976, -0.000986675382591784], [-0.0004164880665484816, 0.0004173679044470191, 0.0003778079117182642, 0.0008594191167503595, 0.003353425767272711, -0.0020954161882400513, 0.012210921384394169, -0.004170683212578297, 0.00370949343778193, -0.001787064946256578, -0.0010812516557052732, -0.0012561361072584987, 0.00011134031228721142], [0.0003833416267298162, 0.0004271650977898389, -0.00013151473831385374, 9.135717846220359e-05, -0.0022718256805092096, 0.0007819518214091659, -0.004170683212578297, 0.014558975584805012, -0.004883460234850645, 0.0022819500882178545, -0.0004926869878545403, -0.0016912315040826797, -0.0019514471059665084], [9.058618161361665e-05, -0.00026207949849776924, -0.001114176120609045, -0.0010658188257366419, -1.8825872757588513e-05, 0.00019552488811314106, 0.00370949343778193, -0.004883460234850645, 0.01572028547525406, -0.006892506964504719, 0.0014023850671947002, 0.00024384223797824234, 0.0012563320342451334], [-9.653887536842376e-05, 0.0007893083384260535, 0.0006358309765346348, 0.0016011972911655903, -1.56292699102778e-05, -0.001093694707378745, -0.001787064946256578, 0.0022819500882178545, -0.006892506964504719, 0.014880608767271042, -0.006913584657013416, 0.005349498707801104, -0.0027596279978752136], [-0.0003564343205653131, -0.0002987366751767695, 0.0002523920848034322, -0.0011554417433217168, -0.00023550173500552773, 0.0011656470596790314, -0.0010812516557052732, -0.0004926869878545403, 0.0014023850671947002, -0.006913584657013416, 0.021936872974038124, -0.01040145568549633, 0.005701834335923195], [0.0002634471165947616, 0.00033552164677530527, -0.0013004204956814647, 0.0010139992227777839, 0.000995321897789836, -0.001577670336700976, -0.0012561361072584987, -0.0016912315040826797, 0.00024384223797824234, 0.005349498707801104, -0.01040145568549633, 0.02529495395720005, -0.009856126271188259], [-0.00010042721987701952, 5.788002090412192e-05, -3.365248994668946e-05, -4.716519470093772e-05, 0.0008721383637748659, -0.000986675382591784, 0.00011134031228721142, -0.0019514471059665084, 0.0012563320342451334, -0.0027596279978752136, 0.005701834335923195, -0.009856126271188259, 0.02479175664484501]], "metadata.audio_properties.analysis.downmix": "mix", "metadata.audio_properties.codec": "mp3", "metadata.audio_properties.md5_encoded": "ca8e0b6ffc2f7e0153bbdfd8f6ae1d8b", "metadata.tags.file_name": "1182283482374881290.mp3", "metadata.version.essentia": "2.1-beta6-dev", "metadata.version.essentia_git_sha": "v2.1_beta5-1110-g77a6a954", "metadata.version.extractor": "music 2.0", "tonal.chords_key": "B", "tonal.chords_scale": "minor", "tonal.key_edma.key": "E", "tonal.key_edma.scale": "major", "tonal.key_krumhansl.key": "A", "tonal.key_krumhansl.scale": "major", "tonal.key_temperley.key": "A", "tonal.key_temperley.scale": "major", "metadata.tags.encoding": ["Lavf58.45.100"]}, "essentia_models": [{"model_name": "genre_dortmund", "activations": {"alternative": "0.024511501", "blues": "0.0015843358", "electronic": "0.5065344", "folkcountry": "0.008058888", "funksoulrnb": "0.045987524", "jazz": "0.011653649", "pop": "0.45157927", "raphiphop": "0.010846745", "rock": "0.019907389"}}, {"model_name": "genre_rosamerica", "activations": {"classic": "0.01120044", "dance": "0.4060734", "hip hop": "0.08875643", "jazz": "0.009004628", "pop": "0.4238345", "rhythm and blues": "0.018