{"song_id": "1182274954587287662", "download": "https://cdn.discordapp.com/attachments/1128313332273782784/1182274954587287662/chirp.mp4?ex=65841a5a&amp", "lyrics": "[Verse]\nAncient whispers from the past\nA poem written long ago, it will last\nIn hallowed words, stories untold\nA treasure of wisdom, from days of old\n\n[Chorus]\nDancing sakura on the gentle breeze\nUnveiling secrets beneath the trees\nAn ode to love, the moon above\nIn this Japanese land we hold so dear", "style": ["study with me"], "essentia_features": {"lowlevel.average_loudness": 0.9780705571174622, "lowlevel.barkbands_crest.mean": 14.092803955078125, "lowlevel.barkbands_crest.stdev": 4.500492572784424, "lowlevel.barkbands_flatness_db.mean": 0.23814745247364044, "lowlevel.barkbands_flatness_db.stdev": 0.07491178065538406, "lowlevel.barkbands_kurtosis.mean": 30.662792205810547, "lowlevel.barkbands_kurtosis.stdev": 45.242637634277344, "lowlevel.barkbands_skewness.mean": 3.8742761611938477, "lowlevel.barkbands_skewness.stdev": 2.4806745052337646, "lowlevel.barkbands_spread.mean": 11.036279678344727, "lowlevel.barkbands_spread.stdev": 12.061896324157715, "lowlevel.dissonance.mean": 0.4505598247051239, "lowlevel.dissonance.stdev": 0.036114320158958435, "lowlevel.dynamic_complexity": 2.6990456581115723, "lowlevel.erbbands_crest.mean": 10.293335914611816, "lowlevel.erbbands_crest.stdev": 4.689957141876221, "lowlevel.erbbands_flatness_db.mean": 0.15955005586147308, "lowlevel.erbbands_flatness_db.stdev": 0.04329831898212433, "lowlevel.erbbands_kurtosis.mean": 1.8950681686401367, "lowlevel.erbbands_kurtosis.stdev": 6.644557952880859, "lowlevel.erbbands_skewness.mean": 0.7913140058517456, "lowlevel.erbbands_skewness.stdev": 1.2133163213729858, "lowlevel.erbbands_spread.mean": 49.6981086730957, "lowlevel.erbbands_spread.stdev": 28.77426528930664, "lowlevel.hfc.mean": 13.74602222442627, "lowlevel.hfc.stdev": 11.57705307006836, "lowlevel.loudness_ebu128.integrated": -16.40999412536621, "lowlevel.loudness_ebu128.loudness_range": 1.7659931182861328, "lowlevel.loudness_ebu128.momentary.mean": -16.658092498779297, "lowlevel.loudness_ebu128.momentary.stdev": 1.6025766134262085, "lowlevel.loudness_ebu128.short_term.mean": -16.440258026123047, "lowlevel.loudness_ebu128.short_term.stdev": 0.7008007764816284, "lowlevel.melbands_crest.mean": 20.62891387939453, "lowlevel.melbands_crest.stdev": 5.800539016723633, "lowlevel.melbands_flatness_db.mean": 0.3187626302242279, "lowlevel.melbands_flatness_db.stdev": 0.092154860496521, "lowlevel.melbands_kurtosis.mean": 70.47804260253906, "lowlevel.melbands_kurtosis.stdev": 95.170654296875, "lowlevel.melbands_skewness.mean": 5.574798583984375, "lowlevel.melbands_skewness.stdev": 3.2877678871154785, "lowlevel.melbands_spread.mean": 8.734968185424805, "lowlevel.melbands_spread.stdev": 15.00631332397461, "lowlevel.pitch_salience.mean": 0.4110952317714691, "lowlevel.pitch_salience.stdev": 0.13441282510757446, "lowlevel.silence_rate_20dB.mean": 1.0, "lowlevel.silence_rate_20dB.stdev": 0.0, "lowlevel.silence_rate_30dB.mean": 0.8680272102355957, "lowlevel.silence_rate_30dB.stdev": 0.33845964074134827, "lowlevel.silence_rate_60dB.mean": 0.04149659723043442, "lowlevel.silence_rate_60dB.stdev": 0.19943244755268097, "lowlevel.spectral_centroid.mean": 748.5396118164062, "lowlevel.spectral_centroid.stdev": 587.3078002929688, "lowlevel.spectral_complexity.mean": 11.068707466125488, "lowlevel.spectral_complexity.stdev": 7.799005508422852, "lowlevel.spectral_decrease.mean": -1.431127394369014e-08, "lowlevel.spectral_decrease.stdev": 1.376964231525335e-08, "lowlevel.spectral_energy.mean": 0.055260878056287766, "lowlevel.spectral_energy.stdev": 0.052531883120536804, "lowlevel.spectral_energyband_high.mean": 0.0004325980262365192, "lowlevel.spectral_energyband_high.stdev": 0.0008144151652231812, "lowlevel.spectral_energyband_low.mean": 0.04061093553900719, "lowlevel.spectral_energyband_low.stdev": 0.04830067232251167, "lowlevel.spectral_energyband_middle_high.mean": 0.002377924509346485, "lowlevel.spectral_energyband_middle_high.stdev": 0.003563796868547797, "lowlevel.spectral_energyband_middle_low.mean": 0.013217998668551445, "lowlevel.spectral_energyband_middle_low.stdev": 0.020858369767665863, "lowlevel.spectral_entropy.mean": 7.1332597732543945, "lowlevel.spectral_entropy.stdev": 0.6494824886322021, "lowlevel.spectral_flux.mean": 0.10172449052333832, "lowlevel.spectral_flux.stdev": 0.09707293659448624, "lowlevel.spectral_kurtosis.mean": 5.205373287200928, "lowlevel.spectral_kurtosis.stdev": 4.218216419219971, "lowlevel.spectral_rms.mean": 0.006727571599185467, "lowlevel.spectral_rms.stdev": 0.002941568149253726, "lowlevel.spectral_rolloff.mean": 524.9260864257812, "lowlevel.spectral_rolloff.stdev": 1142.4825439453125, "lowlevel.spectral_skewness.mean": 1.7553813457489014, "lowlevel.spectral_skewness.stdev": 0.6818352341651917, "lowlevel.spectral_spread.mean": 4874375.5, "lowlevel.spectral_spread.stdev": 1786117.25, "lowlevel.spectral_strongpeak.mean": 0.6553701162338257, "lowlevel.spectral_strongpeak.stdev": 0.4474233090877533, "lowlevel.zerocrossingrate.mean": 0.029779842123389244, "lowlevel.zerocrossingrate.stdev": 0.029536379501223564, "metadata.audio_properties.analysis.equal_loudness": 0.0, "metadata.audio_properties.analysis.length": 34.09065628051758, "metadata.audio_properties.analysis.sample_rate": 44100.0, "metadata.audio_properties.analysis.start_time": 0.0, "metadata.audio_properties.bit_rate": 115887.0, "metadata.audio_properties.length": 34.090667724609375, "metadata.audio_properties.lossless": 0.0, "metadata.audio_properties.number_channels": 1.0, "metadata.audio_properties.replay_gain": -9.159063339233398, "metadata.audio_properties.sample_rate": 48000.0, "rhythm.beats_count": 68.0, "rhythm.beats_loudness.mean": 0.06347233802080154, "rhythm.beats_loudness.stdev": 0.040392059832811356, "rhythm.bpm": 120.37250518798828, "rhythm.bpm_histogram_first_peak_bpm": 120.0, "rhythm.bpm_histogram_first_peak_weight": 0.2727273106575012, "rhythm.bpm_histogram_second_peak_bpm": 129.0, "rhythm.bpm_histogram_second_peak_spread": 0.0, "rhythm.bpm_histogram_second_peak_weight": 0.014925372786819935, "rhythm.danceability": 1.5786199569702148, "rhythm.onset_rate": 4.397522449493408, "tonal.chords_changes_rate": 0.07336956262588501, "tonal.chords_number_rate": 0.014945652335882187, "tonal.chords_strength.mean": 0.5393428206443787, "tonal.chords_strength.stdev": 0.09813804179430008, "tonal.hpcp_crest.mean": 14.302392959594727, "tonal.hpcp_crest.stdev": 6.2448649406433105, "tonal.hpcp_entropy.mean": 1.9120728969573975, "tonal.hpcp_entropy.stdev": 0.7142306566238403, "tonal.key_edma.strength": 0.5852839350700378, "tonal.key_krumhansl.strength": 0.6020294427871704, "tonal.key_temperley.strength": 0.628120481967926, "tonal.tuning_diatonic_strength": 0.6383629441261292, "tonal.tuning_equal_tempered_deviation": 0.242479607462883, "tonal.tuning_frequency": 434.193115234375, "tonal.tuning_nontempered_energy_ratio": 0.9424384236335754, "lowlevel.barkbands.mean": [0.0021236336324363947, 0.021923406049609184, 0.015300200320780277, 0.0025500734336674213, 0.006949644070118666, 0.0017456301720812917, 0.0004420496115926653, 0.0007872838759794831, 0.0005187171045690775, 0.0004847012460231781, 0.0004867525422014296, 0.00018027404439635575, 0.00024568222579546273, 0.00023457816860172898, 0.00018947292119264603, 0.00014322726929094642, 0.00016968112322501838, 0.000154360372107476, 0.0001555222406750545, 0.00012232559674885124, 9.859731653705239e-05, 6.269093864830211e-05, 7.076136535033584e-05, 5.7223565818276256e-05, 5.132264050189406e-05, 1.3058632248430513e-05, 3.134606885168978e-08], "lowlevel.barkbands.stdev": [0.00445935083553195, 0.04026316478848457, 0.01300553698092699, 0.005823460407555103, 0.014342905022203922, 0.00348429917357862, 0.0007334701949730515, 0.0016764589818194509, 0.0024458961561322212, 0.00118911056779325, 0.0016914953012019396, 0.0006508633960038424, 0.000842948560602963, 0.0006482859025709331, 0.0004496798210311681, 0.0003446291957516223, 0.0004785138589795679, 0.0004457089235074818, 0.0002467496960889548, 0.0002992351946886629, 0.00022967557015363127, 0.00013962358934804797, 0.00022381758026313037, 0.00016109683201648295, 0.00012114591663703322, 3.70083398593124e-05, 2.2030917534721084e-07], "lowlevel.erbbands.mean": [0.6563548445701599, 4.856943130493164, 17.685562133789062, 11.973812103271484, 13.795040130615234, 24.843948364257812, 24.558740615844727, 11.730483055114746, 6.658554553985596, 13.865706443786621, 12.956596374511719, 13.289113998413086, 14.24091625213623, 13.292753219604492, 20.024429321289062, 8.8826322555542, 12.124602317810059, 11.438274383544922, 11.40317153930664, 8.503493309020996, 7.6638264656066895, 9.696805000305176, 8.876874923706055, 9.92978572845459, 4.954733371734619, 5.617839336395264, 5.504363536834717, 2.9895570278167725, 2.1818342208862305, 2.453010320663452, 1.8493002653121948, 1.0547784566879272, 1.079777717590332, 0.7029651403427124, 0.2938308119773865, 0.0932934507727623, 0.01684693619608879, 0.001058206195011735, 5.2649222197942436e-05, 6.333449709927663e-05], "lowlevel.erbbands.stdev": [1.480341911315918, 8.25379753112793, 15.262981414794922, 13.781557083129883, 47.35068130493164, 44.23632049560547, 34.28229522705078, 25.76319122314453, 10.269189834594727, 26.53733253479004, 31.700862884521484, 65.58980560302734, 40.839088439941406, 32.442691802978516, 66.12965393066406, 29.664939880371094, 39.20285415649414, 30.909561157226562, 24.870853424072266, 24.88393783569336, 16.148170471191406, 26.26636505126953, 24.386384963989258, 16.995637893676758, 9.428136825561523, 13.60338020324707, 11.883628845214844, 8.520552635192871, 4.789999961853027, 7.051711082458496, 5.96637487411499, 3.2390518188476562, 2.863410234451294, 1.6935620307922363, 0.7810243964195251, 0.2596505582332611, 0.04878851771354675, 0.003133865538984537, 8.024537237361073e-05, 5.7605579058872536e-05], "lowlevel.gfcc.mean": [-35.68846130371094, 114.51811218261719, -84.14342498779297, 53.42794418334961, -45.53299331665039, 23.256935119628906, -36.711082458496094, 9.038182258605957, -28.46717643737793, 0.17470020055770874, -12.623343467712402, -10.675548553466797, -3.660756826400757], "lowlevel.melbands.mean": [0.005908667109906673, 0.007973597384989262, 0.002186044119298458, 0.001383315771818161, 0.0009900412987917662, 0.00027037705876864493, 9.520549792796373e-05, 0.00016513277660124004, 0.00010562329407548532, 7.665867451578379e-05, 6.87931606080383e-05, 5.061715273768641e-05, 6.954177661100402e-05, 2.5640620151534677e-05, 2.9027376513113268e-05, 2.0685100025730208e-05, 2.2080863345763646e-05, 1.883448931039311e-05, 1.2597635759448167e-05, 1.0396238394605462e-05, 8.887879630492534e-06, 9.633059562474955e-06, 1.0482854122528806e-05, 6.446011866501067e-06, 8.640905434731394e-06, 4.113398063054774e-06, 2.971352159875096e-06, 3.966810254496522e-06, 3.970029865740798e-06, 2.3267900814971654e-06, 1.5162530644374783e-06, 1.2359525953797856e-06, 1.1728708386726794e-06, 1.4509791981254239e-06, 1.1438706906119478e-06, 7.401579296129057e-07, 6.214734753484663e-07, 7.553187515441095e-07, 7.08070047039655e-07, 5.643811959998857e-07], "lowlevel.melbands.stdev": [0.011919296346604824, 0.007806493900716305, 0.003126680152490735, 0.0033934174571186304, 0.0013042149366810918, 0.0005748680559918284, 0.0001542044192319736, 0.00033452382194809616, 0.00031472736736759543, 0.00036521925358101726, 0.00020441418746486306, 0.0001273940724786371, 0.0002546135219745338, 6.127041706349701e-05, 0.00010960009967675433, 5.33960155735258e-05, 6.542821211041883e-05, 4.412490307004191e-05, 3.248335269745439e-05, 2.9120641556801274e-05, 2.2572892703465186e-05, 2.680994657566771e-05, 3.661659138742834e-05, 1.6119973224704154e-05, 1.5224405615299474e-05, 7.179864041972905e-06, 8.730901754461229e-06, 9.871314432530198e-06, 9.074086847249418e-06, 5.33080901732319e-06, 5.064000106358435e-06, 2.790178086797823e-06, 2.8820813895436004e-06, 4.562475169223035e-06, 3.714933427545475e-06, 2.4594073693151586e-06, 1.943897586897947e-06, 2.0919360395055264e-06, 1.7813244994613342e-06, 1.3603494153358042e-06], "lowlevel.melbands128.mean": [0.0019506076350808144, 0.005553540773689747, 0.006581475026905537, 0.008428509347140789, 0.010107923299074173, 0.006458338815718889, 0.0023106641601771116, 0.0011815611505880952, 0.0013918242184445262, 0.0013743346789851785, 0.0013774046674370766, 0.00148579862434417, 0.000818672648165375, 0.000515116611495614, 0.00027412737836129963, 0.00013631221372634172, 0.0001098983411793597, 8.75906553119421e-05, 6.992231647018343e-05, 0.000168318729265593, 0.00023464096011593938, 9.820968989515677e-05, 8.404032996622846e-05, 0.00010713282972574234, 0.00011084463039878756, 4.169018575339578e-05, 5.390197111410089e-05, 9.981091716326773e-05, 4.66033598058857e-05, 5.6651930208317935e-05, 4.6247838326962665e-05, 4.708396954811178e-05, 8.850391895975918e-05, 8.105271263048053e-05, 2.0076206055819057e-05, 1.2371324373816606e-05, 2.3735050490358844e-05, 2.4549921363359317e-05, 4.252620055922307e-05, 2.5638053557486273e-05, 1.3858124475518707e-05, 1.3814226804242935e-05, 2.2319032723316923e-05, 2.8892847694805823e-05, 1.7868745999294333e-05, 1.7522344933240674e-05, 1.959780274773948e-05, 1.1819294741144404e-05, 8.882581823854707e-06, 1.3376882634474896e-05, 1.0621037290547974e-05, 8.275267646240536e-06, 7.187707524280995e-06, 1.064665411831811e-05, 9.229240276908968e-06, 9.049196705745999e-06, 9.908997526508756e-06, 1.2101694665034302e-05, 1.1437913599365856e-05, 6.150174158392474e-06, 5.922980108152842e-06, 5.829579549754271e-06, 9.49652985582361e-06, 1.0297747394361068e-05, 5.952761057415046e-06, 3.741443379112752e-06, 3.150423253828194e-06, 2.567955789345433e-06, 2.8858380574092735e-06, 3.644300932137412e-06, 3.2420291518064914e-06, 4.744448688143166e-06, 5.0142361942562275e-06, 3.7020206491433783e-06, 2.958833647426218e-06, 2.5401693619642174e-06, 1.974339966182015e-06, 1.666852426751575e-06, 1.4678106481369468e-06, 1.3178281506043277e-06, 1.340739459010365e-06, 1.204353111461387e-06, 1.007806531561073e-06, 1.1431095572334016e-06, 1.2844337788919802e-06, 1.5217028703773394e-06, 1.4932793419575319e-06, 1.3606486390926875e-06, 1.132070792664308e-06, 1.0073283647216158e-06, 8.714073373994324e-07, 6.651588364547933e-07, 5.039511847826361e-07, 5.7020906751859e-07, 7.407314228657924e-07, 7.067397405080555e-07, 7.299292406059976e-07, 8.920206937546027e-07, 6.852114893263206e-07, 6.526887545987847e-07, 6.157105758575199e-07, 5.555652933253441e-07, 4.95500614761113e-07, 4.365160748420749e-07, 3.049417500733398e-07, 2.421625424631202e-07, 2.347254621781758e-07, 2.084970844862255e-07, 1.4692855643261282e-07, 1.3019759137478104e-07, 7.705991578177418e-08, 6.056958312683491e-08, 5.0338851309561505e-08, 3.017267502514187e-08, 1.6190416118888606e-08, 7.166086390952842e-09, 1.3537930776408302e-09, 1.7026335896730416e-10, 3.4952957195244494e-11, 9.539460367469221e-12, 9.169431706979037e-12, 7.413417102419828e-12, 6.984635526202654e-12, 6.859100527140116e-12, 6.7129309923308345e-12, 6.5283325620391075e-12, 6.41834588949175e-12, 6.375956186632781e-12], "lowlevel.melbands128.stdev": [0.0041284868493676186, 0.01323795411735773, 0.016329942271113396, 0.013661610893905163, 0.009442134760320187, 0.00561711797490716, 0.002809327794238925, 0.003480697749182582, 0.005634271074086428, 0.0041079153306782246, 0.0024517762940376997, 0.0023783566430211067, 0.0013998982030898333, 0.0013250799383968115, 0.0008460827521048486, 0.0003056779387407005, 0.00024733299505896866, 0.00019015106954611838, 0.00016347781638614833, 0.0003625212993938476, 0.0006098745507188141, 0.0002720952033996582, 0.0004143831611145288, 0.0006565680960193276, 0.0007402153569273651, 0.00017655575356911868, 0.00019755677203647792, 0.00036046115565113723, 0.00018941618327517062, 0.00014605499745812267, 0.0001971139427041635, 0.00023241949384100735, 0.0004486301331780851, 0.0002604051260277629, 5.219101149123162e-05, 5.2671388402814046e-05, 0.0001524117833469063, 0.00012418410915415734, 0.0002361639344599098, 8.343264198629186e-05, 3.8061330997152254e-05, 5.889703970751725e-05, 8.936838275985792e-05, 0.0001041419745888561, 7.079673378029838e-05, 5.863443584530614e-05, 5.186680573388003e-05, 4.260699643054977e-05, 3.1890223908703774e-05, 6.936615682207048e-05, 3.000451579282526e-05, 1.6166814020834863e-05, 1.4233300134947058e-05, 5.1614690164569765e-05, 3.160927735734731e-05, 3.257076969021e-05, 4.4156393414596096e-05, 5.302377394400537e-05, 5.456263534142636e-05, 2.2182681277627125e-05, 2.0807943656109273e-05, 1.8041571820504032e-05, 2.1995541828800924e-05, 2.107002910634037e-05, 1.5727480786154047e-05, 7.390481187030673e-06, 7.775953235977795e-06, 7.725521754764486e-06, 1.1035242096113507e-05, 1.1358179108356126e-05, 1.0020016816270072e-05, 1.330047962255776e-05, 1.3681782547791954e-05, 8.676395736983977e-06, 7.1730423769622575e-06, 6.173239398776786e-06, 4.838869699597126e-06, 6.260957889026031e-06, 5.798661277367501e-06, 4.105086190975271e-06, 3.197007799826679e-06, 2.9204729798948392e-06, 2.3472830434911884e-06, 3.058238007724867e-06, 3.57575663656462e-06, 4.9213167585548945e-06, 5.551654794544447e-06, 4.263249593350338e-06, 3.682911028590752e-06, 3.9289707274292596e-06, 3.0574610718758777e-06, 2.3216557565319818e-06, 1.734741772452253e-06, 1.8298769646207802e-06, 2.504431222405401e-06, 2.2428569081967e-06, 2.060766973954742e-06, 2.4750509055593284e-06, 1.9646611235657474e-06, 1.5944738152029458e-06, 1.6758947367634391e-06, 1.4106019534665393e-06, 1.2197676824143855e-06, 1.2130686855016393e-06, 1.1022849548680824e-06, 7.159723054428468e-07, 5.995240144329728e-07, 6.059083261789056e-07, 4.6212781512622314e-07, 4.1124638983092154e-07, 2.2894320750310726e-07, 2.1728475019244797e-07, 1.6933891799908452e-07, 9.362180719563185e-08, 5.060431362835516e-08, 4.2725968540935355e-08, 8.912619087197982e-09, 2.8871389723406082e-09, 7.237832555517798e-10, 8.054406447355333e-11, 7.317263461814605e-11, 1.6010366643559593e-11, 1.2263341384044502e-11, 1.2053307137105396e-11, 1.1880336124592272e-11, 1.1738054972454393e-11, 1.1636885899335425e-11, 1.1574082837972899e-11], "lowlevel.mfcc.mean": [-685.8488159179688, 135.84347534179688, 27.692623138427734, 37.4455451965332, 21.82779884338379, 14.27087688446045, 14.678505897521973, 1.2245512008666992, 3.5504989624023438, 2.898756980895996, -2.065819263458252, -3.067898750305176, -2.509758710861206], "lowlevel.spectral_contrast_coeffs.mean": [-0.6462846994400024, -0.7469449043273926, -0.7826008200645447, -0.8097133040428162, -0.8114463686943054, -0.7850725650787354], "lowlevel.spectral_contrast_coeffs.stdev": [0.0743158683180809, 0.08392547816038132, 0.07538742572069168, 0.05181802064180374, 0.04756319522857666, 0.039196327328681946], "lowlevel.spectral_contrast_valleys.mean": [-6.4550862312316895, -7.420192718505859, -8.013103485107422, -8.098468780517578, -8.05059814453125, -10.618329048156738], "lowlevel.spectral_contrast_valleys.stdev": [0.9575033783912659, 0.82866370677948, 0.834864616394043, 0.8476608395576477, 0.9090683460235596, 0.9296308159828186], "rhythm.beats_loudness_band_ratio.mean": [0.7010685801506042, 0.1653333604335785, 0.05579128861427307, 0.052724648267030716, 0.027573836967349052, 0.0262287650257349], "rhythm.beats_loudness_band_ratio.stdev": [0.2522067725658417, 0.1563735157251358, 0.0813281461596489, 0.08287547528743744, 0.03215964883565903, 0.03534667193889618], "tonal.hpcp.mean": [0.28653568029403687, 0.2950783669948578, 0.06908807903528214, 0.02204766310751438, 0.023673661053180695, 0.02994995005428791, 0.07391620427370071, 0.08598082512617111, 0.0708475336432457, 0.14970430731773376, 0.158138707280159, 0.07857824862003326, 0.05518827587366104, 0.04677944630384445, 0.05204372480511665, 0.09324174374341965, 0.12188811600208282, 0.08970429748296738, 0.054559677839279175, 0.047827813774347305, 0.045791324228048325, 0.07354126125574112, 0.08167677372694016, 0.05628814548254013, 0.10143831372261047, 0.10266870260238647, 0.042037319391965866, 0.04023056477308273, 0.04696756228804588, 0.06262250244617462, 0.2082059234380722, 0.2170954942703247, 0.06616772711277008, 0.032747674733400345, 0.034946244210004807, 0.06902380287647247], "tonal.hpcp.stdev": [0.39191049337387085, 0.40451109409332275, 0.15283502638339996, 0.10414508730173111, 0.11064343899488449, 0.11129419505596161, 0.21034638583660126, 0.21900859475135803, 0.15164175629615784, 0.2635582387447357, 0.28244292736053467, 0.16755057871341705, 0.16202867031097412, 0.15853537619113922, 0.15646041929721832, 0.2102516144514084, 0.2648997902870178, 0.21112924814224243, 0.17106878757476807, 0.17416946589946747, 0.1518661081790924, 0.19549603760242462, 0.21345391869544983, 0.1626741886138916, 0.26162582635879517, 0.27052655816078186, 0.14544115960597992, 0.15911422669887543, 0.16675038635730743, 0.18188242614269257, 0.3513721227645874, 0.36862340569496155, 0.16068387031555176, 0.12789344787597656, 0.14348725974559784, 0.1792503297328949], "rhythm.beats_position": [0.4411791265010834, 0.9055781960487366, 1.3931972980499268, 1.8924262523651123, 2.391655206680298, 2.8908843994140625, 3.390113353729248, 3.8893423080444336, 4.388571262359619, 4.887800216674805, 5.38702917098999, 5.886258602142334, 6.3854875564575195, 6.896326541900635, 7.383945465087891, 7.883174419403076, 8.382403373718262, 8.870022773742676, 9.380861282348633, 9.868480682373047, 10.367709159851074, 10.866938591003418, 11.354557991027832, 11.85378646850586, 12.353015899658203, 12.85224437713623, 13.351473808288574, 13.850702285766602, 14.349931716918945, 14.849161148071289, 15.348389625549316, 15.84761905670166, 16.346847534179688, 16.85768699645996, 17.345306396484375, 17.844533920288086, 18.34376335144043, 18.842992782592773, 19.342222213745117, 19.84145164489746, 20.340679168701172, 20.839908599853516, 21.33913803100586, 21.838367462158203, 22.337596893310547, 22.825214385986328, 23.324443817138672, 23.823673248291016, 24.31129264831543, 24.82213020324707, 25.321359634399414, 25.820589065551758, 26.308208465576172, 26.819047927856445, 27.329885482788086, 27.82911491394043, 28.328344345092773, 28.815963745117188, 29.3151912689209, 29.814420700073242, 30.313650131225586, 30.81287956237793, 31.300498962402344, 31.799726486206055, 32.29895782470703, 32.80979537963867, 33.309024810791016, 33.80825424194336], "rhythm.bpm_histogram": [0.0, 0.0, 0.0, 0.0, 0.0, 0.0, 0.0, 0.0, 0.0, 0.0, 0.0, 0.0, 0.0, 0.0, 0.0, 0.0, 0.0, 0.0, 0.0, 0.0, 0.0, 0.0, 0.0, 0.0, 0.0, 0.0, 0.0, 0.0, 0.0, 0.0, 0.0, 0.0, 0.0, 0.0, 0.0, 0.0, 0.0, 0.0, 0.0, 0.0, 0.0, 0.0, 0.0, 0.0, 0.0, 0.0, 0.0, 0.0, 0.0, 0.0, 0.0, 0.0, 0.0, 0.0, 0.0, 0.0, 0.0, 0.0, 0.0, 0.0, 0.0, 0.0, 0.0, 0.0, 0.0, 0.0, 0.0, 0.0, 0.0, 0.0, 0.0, 0.0, 0.0, 0.0, 0.0, 0.0, 0.0, 0.0, 0.0, 0.0, 0.0, 0.0, 0.0, 0.0, 0.0, 0.0, 0.0, 0.0, 0.0, 0.0, 0.0, 0.0, 0.0, 0.0, 0.0, 0.0, 0.0, 0.0, 0.0, 0.0, 0.0, 0.0, 0.0, 0.0, 0.0, 0.0, 0.0, 0.0, 0.0, 0.0, 0.0, 0.0, 0.0, 0.0, 0.0, 0.0, 0.0, 0.10447761416435242, 0.0, 0.0, 0.7164179086685181, 0.0, 0.0, 0.16417910158634186, 0.0, 0.0, 0.0, 0.0, 0.0, 0.014925372786819935, 0.0, 0.0, 0.0, 0.0, 0.0, 0.0, 0.0, 0.0, 0.0, 0.0, 0.0, 0.0, 0.0, 0.0, 0.0, 0.0, 0.0, 0.0, 0.0, 0.0, 0.0, 0.0, 0.0, 0.0, 0.0, 0.0, 0.0, 0.0, 0.0, 0.0, 0.0, 0.0, 0.0, 0.0, 0.0, 0.0, 0.0, 0.0, 0.0, 0.0, 0.0, 0.0, 0.0, 0.0, 0.0, 0.0, 0.0, 0.0, 0.0, 0.0, 0.0, 0.0, 0.0, 0.0, 0.0, 0.0, 0.0, 0.0, 0.0, 0.0, 0.0, 0.0, 0.0, 0.0, 0.0, 0.0, 0.0, 0.0, 0.0, 0.0, 0.0, 0.0, 0.0, 0.0, 0.0, 0.0, 0.0, 0.0, 0.0, 0.0, 0.0, 0.0, 0.0, 0.0, 0.0, 0.0, 0.0, 0.0, 0.0, 0.0, 0.0, 0.0, 0.0, 0.0, 0.0, 0.0, 0.0, 0.0, 0.0, 0.0, 0.0, 0.0, 0.0, 0.0, 0.0, 0.0, 0.0, 0.0, 0.0, 0.0, 0.0, 0.0, 0.0, 0.0, 0.0, 0.0, 0.0, 0.0, 0.0, 0.0], "tonal.chords_histogram": [11.27717399597168, 0.135869562625885, 9.64673900604248, 0.0, 1.08695650100708, 1.4945652484893799, 0.0, 0.0, 2.4456522464752197, 0.679347813129425, 0.0, 0.0, 0.0, 0.0, 0.0, 3.2608695030212402, 0.0, 5.570652008056641, 0.0, 2.4456522464752197, 0.0, 4.34782600402832, 21.33152198791504, 36.27717208862305], "tonal.thpcp": [1.0, 0.23413467407226562, 0.07471799105405807, 0.08022838830947876, 0.10149829089641571, 0.25049686431884766, 0.2913830280303955, 0.24009734392166138, 0.5073374509811401, 0.535921037197113, 0.2662962079048157, 0.18702921271324158, 0.1585322767496109, 0.17637255787849426, 0.31598976254463196, 0.41307032108306885, 0.3040015995502472, 0.18489894270896912, 0.1620851308107376, 0.1551835983991623, 0.24922619760036469, 0.2767968773841858, 0.19075660407543182, 0.343767374753952, 0.34793707728385925, 0.14246153831481934, 0.13633857667446136, 0.15916979312896729, 0.21222329139709473, 0.7055953741073608, 0.7357214689254761, 0.2242378145456314, 0.1109795868396759, 0.11843038350343704, 0.23391684889793396, 0.971049427986145], "lowlevel.gfcc.cov": [[6164.05859375, -306.0163879394531, -786.3563842773438, -59.7183723449707, -291.6797180175781, -34.01237869262695, -58.017215728759766, 388.8227233886719, -158.43568420410156, 155.69053649902344, -44.89205551147461, 172.6174774169922, -16.388330459594727], [-306.0163879394531, 1391.4569091796875, -28.353534698486328, -237.3129425048828, 280.94854736328125, -113.01251983642578, 232.05450439453125, -72.359619140625, 133.56629943847656, -69.34490203857422, 292.0657653808594, -205.17909240722656, 199.9173583984375], [-786.3563842773438, -28.353534698486328, 807.82666015625, 208.35800170898438, 178.5207061767578, 152.03688049316406, 26.02263641357422, -77.31251525878906, 52.537620544433594, 7.297480583190918, -9.300085067749023, 39.339698791503906, -14.0910005569458], [-59.7183723449707, -237.3129425048828, 208.35800170898438, 440.5699768066406, 143.20703125, -8.492281913757324, -6.369768142700195, -18.541933059692383, 105.1802978515625, -45.6120491027832, -59.6292610168457, 70.81550598144531, -8.408102989196777], [-291.6797180175781, 280.94854736328125, 178.5207061767578, 143.20703125, 359.0752258300781, 15.460155487060547, 85.29102325439453, 4.98561429977417, 94.31131744384766, -6.64198112487793, 55.97000503540039, -16.882017135620117, 45.438011169433594], [-34.01237869262695, -113.01251983642578, 152.03688049316406, -8.492281913757324, 15.460155487060547, 257.01605224609375, 76.84969329833984, -20.47797393798828, 16.78971290588379, 26.55337142944336, -15.243321418762207, -13.117149353027344, -19.758010864257812], [-58.017215728759766, 232.05450439453125, 26.02263641357422, -6.369768142700195, 85.29102325439453, 76.84969329833984, 222.18463134765625, 15.560181617736816, 40.10082244873047, -8.278304100036621, 59.997230529785156, -50.34132385253906, 27.71578598022461], [388.8227233886719, -72.359619140625, -77.31251525878906, -18.541933059692383, 4.98561429977417, -20.47797393798828, 15.560181617736816, 170.1245574951172, -0.4752572774887085, 30.745485305786133, 13.975240707397461, 21.64122200012207, -2.437915086746216], [-158.43568420410156, 133.56629943847656, 52.537620544433594, 105.1802978515625, 94.31131744384766, 16.78971290588379, 40.10082244873047, -0.4752572774887085, 193.36521911621094, -4.363679885864258, 25.9178524017334, 7.7975053787231445, 23.942014694213867], [155.69053649902344, -69.34490203857422, 7.297480583190918, -45.6120491027832, -6.64198112487793, 26.55337142944336, -8.278304100036621, 30.745485305786133, -4.363679885864258, 116.1737060546875, 20.393003463745117, 12.779738426208496, -6.898088455200195], [-44.89205551147461, 292.0657653808594, -9.300085067749023, -59.6292610168457, 55.97000503540039, -15.243321418762207, 59.997230529785156, 13.975240707397461, 25.9178524017334, 20.393003463745117, 187.35464477539062, -13.578804016113281, 65.957275390625], [172.6174774169922, -205.17909240722656, 39.339698791503906, 70.81550598144531, -16.882017135620117, -13.117149353027344, -50.34132385253906, 21.64122200012207, 7.7975053787231445, 12.779738426208496, -13.578804016113281, 133.75570678710938, -3.292315721511841], [-16.388330459594727, 199.9173583984375, -14.0910005569458, -8.408102989196777, 45.438011169433594, -19.758010864257812, 27.71578598022461, -2.437915086746216, 23.942014694213867, -6.898088455200195, 65.957275390625, -3.292315721511841, 110.26605224609375]], "lowlevel.gfcc.icov": [[0.00030567278736270964, -0.0006292325560934842, 0.00040494499262422323, -0.000708737934473902, 0.0004639231483452022, -0.0006450374494306743, 0.00029232699307613075, -0.0007913142908364534, 0.0006477923598140478, -0.0006288773147389293, 0.0004295471590012312, -0.000796290289144963, 0.00032552515040151775], [-0.0006292325560934842, 0.005852376110851765, -0.0014954340877011418, 0.0050079673528671265, -0.0034156774636358023, 0.004518616013228893, -0.0028545986860990524, 0.0035922268871217966, -0.004138306248933077, 0.0036986505147069693, -0.003771039890125394, 0.005342049058526754, -0.003954114392399788], [0.00040494499262422323, -0.0014954340877011418, 0.002495882334187627, -0.0021170952823013067, 0.00018310220912098885, -0.0024220061022788286, 0.000980607233941555, -0.0005669168895110488, 0.0015553907724097371, -0.0014059707755222917, 0.0007039544871076941, -0.002037427620962262, 0.001252948073670268], [-0.000708737934473902, 0.0050079673528671265, -0.0021170952823013067, 0.008438455872237682, -0.004197439644485712, 0.004620932973921299, -0.0025740175042301416, 0.003525099251419306, -0.005273057147860527, 0.004597455728799105, -0.0017262777546420693, 0.002755561610683799, -0.0029820839408785105], [0.0004639231483452022, -0.0034156774636358023, 0.00018310220912098885, -0.004197439644485712, 0.00646209716796875, -0.0022512346040457487, 0.0006486731581389904, -0.002784184878692031, 0.0015494158724322915, -0.002555644139647484, 0.001476579811424017, -0.0020462991669774055, 0.0012335566570982337], [-0.0006450374494306743, 0.004518616013228893, -0.0024220061022788286, 0.004620932973921299, -0.0022512346040457487, 0.009197726845741272, -0.0045854696072638035, 0.0036785947158932686, -0.0038558123633265495, 0.0015617120079696178, -0.0017469972372055054, 0.004167460836470127, -0.002331462921574712], [0.00029232699307613075, -0.0028545986860990524, 0.000980607233941555, -0.0025740175042301416, 0.0006486731581389904, -0.0045854696072638035, 0.008319390937685966, -0.002869780408218503, 0.0015103694749996066, -0.0005359965725801885, 1.3596174539998174e-05, -0.00045214928104542196, 0.0015213817823678255], [-0.0007913142908364534, 0.0035922268871217966, -0.0005669168895110488, 0.003525099251419306, -0.002784184878692031, 0.0036785947158932686, -0.002869780408218503, 0.009899566881358624, -0.0027835473883897066, 0.0008103838190436363, -0.002404432976618409, 0.001962542999535799, -0.001535547897219658], [0.0006477923598140478, -0.004138306248933077, 0.0015553907724097371, -0.005273057147860527, 0.0015494158724322915, -0.0038558123633265495, 0.0015103694749996066, -0.0027835473883897066, 0.009850946255028248, -0.0030940610449761152, 0.0019213407067582011, -0.004047362133860588, 0.0020227187778800726], [-0.0006288773147389293, 0.0036986505147069693, -0.0014059707755222917, 0.004597455728799105, -0.002555644139647484, 0.0015617120079696178, -0.0005359965725801885, 0.0008103838190436363, -0.0030940610449761152, 0.013015530072152615, -0.0038881581276655197, 0.0024735848419368267, -0.0012571318075060844], [0.0004295471590012312, -0.003771039890125394, 0.0007039544871076941, -0.0017262777546420693, 0.001476579811424017, -0.0017469972372055054, 1.3596174539998174e-05, -0.002404432976618409, 0.0019213407067582011, -0.0038881581276655197, 0.01073416881263256, -0.0039061547722667456, -0.0013166930293664336], [-0.000796290289144963, 0.005342049058526754, -0.002037427620962262, 0.002755561610683799, -0.0020462991669774055, 0.004167460836470127, -0.00045214928104542196, 0.001962542999535799, -0.004047362133860588, 0.0024735848419368267, -0.0039061547722667456, 0.014999116770923138, -0.004289042204618454], [0.00032552515040151775, -0.003954114392399788, 0.001252948073670268, -0.0029820839408785105, 0.0012335566570982337, -0.002331462921574712, 0.0015213817823678255, -0.001535547897219658, 0.0020227187778800726, -0.0012571318075060844, -0.0013166930293664336, -0.004289042204618454, 0.015018331818282604]], "lowlevel.mfcc.cov": [[6171.1552734375, -527.8838500976562, -694.6818237304688, -137.74212646484375, -308.2115478515625, -385.23388671875, 13.67330265045166, 43.093170166015625, 40.2443962097168, 26.155427932739258, 29.279083251953125, 59.022315979003906, -40.70265197753906], [-527.8838500976562, 1393.7032470703125, -136.5383758544922, -66.75033569335938, 59.05778121948242, -41.47285079956055, 235.4191131591797, -87.96200561523438, 12.896116256713867, 73.1643295288086, 38.749732971191406, 58.471073150634766, 53.60623550415039], [-694.6818237304688, -136.5383758544922, 594.9595336914062, 54.563419342041016, 112.23625946044922, 191.91531372070312, 2.884796142578125, 48.051963806152344, 0.6172459125518799, -15.105463027954102, 5.494487285614014, 3.3198649883270264, 19.036645889282227], [-137.74212646484375, -66.75033569335938, 54.563419342041016, 421.2212829589844, 158.6145782470703, 33.414794921875, -63.687801361083984, 72.70526123046875, 49.41708755493164, -43.70030212402344, 8.553361892700195, 30.18730354309082, 2.181980609893799], [-308.2115478515625, 59.05778121948242, 112.23625946044922, 158.6145782470703, 277.708984375, 63.471458435058594, -8.96536636352539, 34.48200988769531, 32.74312210083008, 0.08049239218235016, 16.53097915649414, 28.168561935424805, 22.931684494018555], [-385.23388671875, -41.47285079956055, 191.91531372070312, 33.414794921875, 63.471458435058594, 302.1874694824219, 3.6776046752929688, 49.101829528808594, 37.38248062133789, 38.442588806152344, 13.707756996154785, -23.97275161743164, 27.473434448242188], [13.67330265045166, 235.4191131591797, 2.884796142578125, -63.687801361083984, -8.96536636352539, 3.6776046752929688, 266.6480407714844, -14.165112495422363, -8.484384536743164, 49.7295036315918, 18.444406509399414, 19.257835388183594, 4.689909934997559], [43.093170166015625, -87.96200561523438, 48.051963806152344, 72.70526123046875, 34.48200988769531, 49.101829528808594, -14.165112495422363, 154.25546264648438, 43.44151306152344, 0.455573707818985, 13.796884536743164, 22.519126892089844, 4.84363317489624], [40.2443962097168, 12.896116256713867, 0.6172459125518799, 49.41708755493164, 32.74312210083008, 37.38248062133789, -8.484384536743164, 43.44151306152344, 126.96709442138672, 28.674028396606445, 14.151368141174316, 5.291230201721191, 16.217994689941406], [26.155427932739258, 73.1643295288086, -15.105463027954102, -43.70030212402344, 0.08049239218235016, 38.442588806152344, 49.7295036315918, 0.455573707818985, 28.674028396606445, 103.17219543457031, 33.986515045166016, 2.7401881217956543, 13.587987899780273], [29.279083251953125, 38.749732971191406, 5.494487285614014, 8.553361892700195, 16.53097915649414, 13.707756996154785, 18.444406509399414, 13.796884536743164, 14.151368141174316, 33.986515045166016, 88.34161376953125, 35.804664611816406, 8.727266311645508], [59.022315979003906, 58.471073150634766, 3.3198649883270264, 30.18730354309082, 28.168561935424805, -23.97275161743164, 19.257835388183594, 22.519126892089844, 5.291230201721191, 2.7401881217956543, 35.804664611816406, 87.2162094116211, 27.50309181213379], [-40.70265197753906, 53.60623550415039, 19.036645889282227, 2.181980609893799, 22.931684494018555, 27.473434448242188, 4.689909934997559, 4.84363317489624, 16.217994689941406, 13.587987899780273, 8.727266311645508, 27.50309181213379, 87.13689422607422]], "lowlevel.mfcc.icov": [[0.0002173436078010127, 0.00012869431520812213, 0.00021588100935332477, 2.853053592843935e-05, 0.00011702829215209931, 0.00015701061056461185, -0.00010054135782411322, -9.018636774271727e-05, -0.00012030133075313643, -5.9386700741015375e-05, -4.354168413556181e-05, -0.00017195653344970196, -5.116646207170561e-06], [0.00012869431520812213, 0.0010420624166727066, 0.00037830095971003175, 9.732480975799263e-05, -0.0002823557297233492, 8.878009248292074e-05, -0.0008215177804231644, 0.0005193935940042138, -0.00026184655143879354, -0.00016171323659364134, -5.5401131248800084e-05, -0.0005127108888700604, -0.00036305258981883526], [0.00021588100935332477, 0.00037830095971003175, 0.0026053686160594225, 0.0002194922708440572, -0.0006615577731281519, -0.001348621561191976, -0.0004373200936242938, -0.00020334766304586083, 0.0002534521627239883, 0.0008513143984600902, -9.759618842508644e-05, -0.0005645690253004432, -6.43806197331287e-05], [2.853053592843935e-05, 9.732480975799263e-05, 0.0002194922708440572, 0.003621206386014819, -0.0018331797327846289, -0.00015996080765035003, 0.0003885482146870345, -0.000848225608933717, -0.0009830174967646599, 0.0016652760095894337, -0.00023729016538709402, -0.000734563625883311, 0.0005528261535800993], [0.00011702829215209931, -0.0002823557297233492, -0.0006615577731281519, -0.0018331797327846289, 0.005354180466383696, -0.00032270178780891, 0.0001476192264817655, 5.333238732418977e-05, -0.0003814242663793266, -0.0004512635350693017, -4.534187610261142e-05, -0.0008895345381461084, -0.0004727474588435143], [0.00015701061056461185, 8.878009248292074e-05, -0.001348621561191976, -0.00015996080765035003, -0.00032270178780891, 0.005365566350519657, -5.938390677329153e-05, -0.0012909609358757734, -0.0004611784825101495, -0.001818180549889803, -0.0007379144662991166, 0.0027737030759453773, -0.0016466708621010184], [-0.00010054135782411322, -0.0008215177804231644, -0.0004373200936242938, 0.0003885482146870345, 0.0001476192264817655, -5.938390677329153e-05, 0.005018970929086208, -0.00014362027286551893, 0.000706425285898149, -0.0020693070255219936, 0.0003497176803648472, -0.0009855384705588222, 0.0007292102673090994], [-9.018636774271727e-05, 0.0005193935940042138, -0.00020334766304586083, -0.000848225608933717, 5.333238732418977e-05, -0.0012909609358757734, -0.00014362027286551893, 0.008696239441633224, -0.002399739343672991, 0.00040205352706834674, 2.5034557893377496e-06, -0.0027110588271170855, 0.0008607275667600334], [-0.00012030133075313643, -0.00026184655143879354, 0.0002534521627239883, -0.0009830174967646599, -0.0003814242663793266, -0.0004611784825101495, 0.000706425285898149, -0.002399739343672991, 0.010240599513053894, -0.002960849553346634, -0.0001752374810166657, 0.0010108595015481114, -0.001330493832938373], [-5.9386700741015375e-05, -0.00016171323659364134, 0.0008513143984600902, 0.0016652760095894337, -0.0004512635350693017, -0.001818180549889803, -0.0020693070255219936, 0.00040205352706834674, -0.002960849553346634, 0.01500382088124752, -0.005296704359352589, 0.001800396479666233, -0.0012012613005936146], [-4.354168413556181e-05, -5.5401131248800084e-05, -9.759618842508644e-05, -0.00023729016538709402, -4.534187610261142e-05, -0.0007379144662991166, 0.0003497176803648472, 2.5034557893377496e-06, -0.0001752374810166657, -0.005296704359352589, 0.016228297725319862, -0.007152945268899202, 0.0017575423698872328], [-0.00017195653344970196, -0.0005127108888700604, -0.0005645690253004432, -0.000734563625883311, -0.0008895345381461084, 0.0027737030759453773, -0.0009855384705588222, -0.0027110588271170855, 0.0010108595015481114, 0.001800396479666233, -0.007152945268899202, 0.01879945397377014, -0.005746025126427412], [-5.116646207170561e-06, -0.00036305258981883526, -6.43806197331287e-05, 0.0005528261535800993, -0.0004727474588435143, -0.0016466708621010184, 0.0007292102673090994, 0.0008607275667600334, -0.001330493832938373, -0.0012012613005936146, 0.0017575423698872328, -0.005746025126427412, 0.014326425269246101]], "metadata.audio_properties.analysis.downmix": "mix", "metadata.audio_properties.codec": "mp3", "metadata.audio_properties.md5_encoded": "68f9259077b47a9098403ba96fe9eb82", "metadata.tags.file_name": "1182274954587287662.mp3", "metadata.version.essentia": "2.1-beta6-dev", "metadata.version.essentia_git_sha": "v2.1_beta5-1110-g77a6a954", "metadata.version.extractor": "music 2.0", "tonal.chords_key": "A", "tonal.chords_scale": "minor", "tonal.key_edma.key": "C", "tonal.key_edma.scale": "major