{"song_id": "1182276585378824223", "download": "https://cdn.discordapp.com/attachments/1135903449314238464/1182276585378824223/chirp.mp4?ex=65841bdf&amp", "lyrics": "Outro:\nGululu, gululu, what a wonderful feat,\nOur teeth are clean, oh so neat!\nTogether we've brushed, and had some fun,\nHealthy teeth for everyone!", "style": ["happy song for kids"], "essentia_features": {"lowlevel.average_loudness": 0.9578129053115845, "lowlevel.barkbands_crest.mean": 11.6605863571167, "lowlevel.barkbands_crest.stdev": 4.777987003326416, "lowlevel.barkbands_flatness_db.mean": 0.15586242079734802, "lowlevel.barkbands_flatness_db.stdev": 0.04805120453238487, "lowlevel.barkbands_kurtosis.mean": 5.5477166175842285, "lowlevel.barkbands_kurtosis.stdev": 9.271116256713867, "lowlevel.barkbands_skewness.mean": 1.5482759475708008, "lowlevel.barkbands_skewness.stdev": 1.6244442462921143, "lowlevel.barkbands_spread.mean": 23.82967185974121, "lowlevel.barkbands_spread.stdev": 15.440193176269531, "lowlevel.dissonance.mean": 0.45313870906829834, "lowlevel.dissonance.stdev": 0.032897867262363434, "lowlevel.dynamic_complexity": 2.544994831085205, "lowlevel.erbbands_crest.mean": 12.792296409606934, "lowlevel.erbbands_crest.stdev": 6.458504676818848, "lowlevel.erbbands_flatness_db.mean": 0.16984236240386963, "lowlevel.erbbands_flatness_db.stdev": 0.05498489737510681, "lowlevel.erbbands_kurtosis.mean": 1.301996111869812, "lowlevel.erbbands_kurtosis.stdev": 3.4587881565093994, "lowlevel.erbbands_skewness.mean": 0.5124276876449585, "lowlevel.erbbands_skewness.stdev": 0.9657200574874878, "lowlevel.erbbands_spread.mean": 42.627647399902344, "lowlevel.erbbands_spread.stdev": 26.126863479614258, "lowlevel.hfc.mean": 27.296043395996094, "lowlevel.hfc.stdev": 16.795612335205078, "lowlevel.loudness_ebu128.integrated": -11.622642517089844, "lowlevel.loudness_ebu128.loudness_range": 2.547104835510254, "lowlevel.loudness_ebu128.momentary.mean": -11.859691619873047, "lowlevel.loudness_ebu128.momentary.stdev": 1.5378493070602417, "lowlevel.loudness_ebu128.short_term.mean": -11.711462020874023, "lowlevel.loudness_ebu128.short_term.stdev": 0.8021080493927002, "lowlevel.melbands_crest.mean": 15.25302791595459, "lowlevel.melbands_crest.stdev": 6.124741554260254, "lowlevel.melbands_flatness_db.mean": 0.20457486808300018, "lowlevel.melbands_flatness_db.stdev": 0.06224047392606735, "lowlevel.melbands_kurtosis.mean": 18.71922492980957, "lowlevel.melbands_kurtosis.stdev": 27.7076473236084, "lowlevel.melbands_skewness.mean": 2.8672683238983154, "lowlevel.melbands_skewness.stdev": 2.402235269546509, "lowlevel.melbands_spread.mean": 27.5481014251709, "lowlevel.melbands_spread.stdev": 26.771183013916016, "lowlevel.pitch_salience.mean": 0.4806613028049469, "lowlevel.pitch_salience.stdev": 0.12684425711631775, "lowlevel.silence_rate_20dB.mean": 1.0, "lowlevel.silence_rate_20dB.stdev": 0.0, "lowlevel.silence_rate_30dB.mean": 1.0, "lowlevel.silence_rate_30dB.stdev": 0.0, "lowlevel.silence_rate_60dB.mean": 0.0671573132276535, "lowlevel.silence_rate_60dB.stdev": 0.2502937912940979, "lowlevel.spectral_centroid.mean": 1518.33203125, "lowlevel.spectral_centroid.stdev": 858.7837524414062, "lowlevel.spectral_complexity.mean": 14.23827075958252, "lowlevel.spectral_complexity.stdev": 6.964446067810059, "lowlevel.spectral_decrease.mean": -7.480894126388193e-09, "lowlevel.spectral_decrease.stdev": 4.552516141842489e-09, "lowlevel.spectral_energy.mean": 0.030710449442267418, "lowlevel.spectral_energy.stdev": 0.018099674955010414, "lowlevel.spectral_energyband_high.mean": 0.0013253310462459922, "lowlevel.spectral_energyband_high.stdev": 0.0012930643279105425, "lowlevel.spectral_energyband_low.mean": 0.008899540640413761, "lowlevel.spectral_energyband_low.stdev": 0.012919486500322819, "lowlevel.spectral_energyband_middle_high.mean": 0.008238822221755981, "lowlevel.spectral_energyband_middle_high.stdev": 0.009804720059037209, "lowlevel.spectral_energyband_middle_low.mean": 0.013498020358383656, "lowlevel.spectral_energyband_middle_low.stdev": 0.01124922838062048, "lowlevel.spectral_entropy.mean": 7.4490742683410645, "lowlevel.spectral_entropy.stdev": 0.49467676877975464, "lowlevel.spectral_flux.mean": 0.08393296599388123, "lowlevel.spectral_flux.stdev": 0.0554085411131382, "lowlevel.spectral_kurtosis.mean": 3.644550085067749, "lowlevel.spectral_kurtosis.stdev": 1.9604203701019287, "lowlevel.spectral_rms.mean": 0.005162030924111605, "lowlevel.spectral_rms.stdev": 0.0018206750974059105, "lowlevel.spectral_rolloff.mean": 1947.377685546875, "lowlevel.spectral_rolloff.stdev": 2303.428466796875, "lowlevel.spectral_skewness.mean": 1.4721462726593018, "lowlevel.spectral_skewness.stdev": 0.3938007950782776, "lowlevel.spectral_spread.mean": 5673747.0, "lowlevel.spectral_spread.stdev": 1878071.5, "lowlevel.spectral_strongpeak.mean": 1.977121353149414, "lowlevel.spectral_strongpeak.stdev": 2.0848026275634766, "lowlevel.zerocrossingrate.mean": 0.07836666703224182, "lowlevel.zerocrossingrate.stdev": 0.054735295474529266, "metadata.audio_properties.analysis.equal_loudness": 0.0, "metadata.audio_properties.analysis.length": 25.215986251831055, "metadata.audio_properties.analysis.sample_rate": 44100.0, "metadata.audio_properties.analysis.start_time": 0.0, "metadata.audio_properties.bit_rate": 118160.0, "metadata.audio_properties.length": 25.215999603271484, "metadata.audio_properties.lossless": 0.0, "metadata.audio_properties.number_channels": 1.0, "metadata.audio_properties.replay_gain": -14.79020881652832, "metadata.audio_properties.sample_rate": 48000.0, "rhythm.beats_count": 48.0, "rhythm.beats_loudness.mean": 0.03498994931578636, "rhythm.beats_loudness.stdev": 0.009322240017354488, "rhythm.bpm": 117.28356170654297, "rhythm.bpm_histogram_first_peak_bpm": 117.0, "rhythm.bpm_histogram_first_peak_weight": 0.06521737575531006, "rhythm.bpm_histogram_second_peak_bpm": 112.0, "rhythm.bpm_histogram_second_peak_spread": 0.0, "rhythm.bpm_histogram_second_peak_weight": 0.021276595070958138, "rhythm.danceability": 1.208014965057373, "rhythm.onset_rate": 4.439426898956299, "tonal.chords_changes_rate": 0.08272058516740799, "tonal.chords_number_rate": 0.016544118523597717, "tonal.chords_strength.mean": 0.5578765869140625, "tonal.chords_strength.stdev": 0.06475992500782013, "tonal.hpcp_crest.mean": 16.658483505249023, "tonal.hpcp_crest.stdev": 7.697813034057617, "tonal.hpcp_entropy.mean": 1.6366510391235352, "tonal.hpcp_entropy.stdev": 0.7089745998382568, "tonal.key_edma.strength": 0.797810971736908, "tonal.key_krumhansl.strength": 0.8092966079711914, "tonal.key_temperley.strength": 0.8191255927085876, "tonal.tuning_diatonic_strength": 0.6960980892181396, "tonal.tuning_equal_tempered_deviation": 0.1006343886256218, "tonal.tuning_frequency": 442.5489196777344, "tonal.tuning_nontempered_energy_ratio": 0.7693517208099365, "lowlevel.barkbands.mean": [0.00012127344962209463, 0.0030448257457464933, 0.004807007499039173, 0.0019274683436378837, 0.0017010952578857541, 0.004572717007249594, 0.0026473943144083023, 0.0006195254391059279, 0.0013948596315458417, 0.0011798701016232371, 0.0026309622917324305, 0.0012435553362593055, 0.0010423108469694853, 0.0002871639153454453, 0.0005828803405165672, 0.0002629116643220186, 0.00028580453363247216, 0.00035987209412269294, 0.0003383450675755739, 0.0008207270875573158, 0.00021046814799774438, 7.206647569546476e-05, 0.00010177838703384623, 0.0001602294942131266, 0.00020148033217992634, 9.290521848015487e-05, 9.71601821220247e-07], "lowlevel.barkbands.stdev": [0.00018270967120770365, 0.007533019408583641, 0.006290045566856861, 0.001979465363547206, 0.002819187007844448, 0.008431674912571907, 0.007071174681186676, 0.0026054896879941225, 0.0033476410899311304, 0.0031488402746617794, 0.006579837761819363, 0.0036514950916171074, 0.0023430909495800734, 0.0010659961262717843, 0.001790650887414813, 0.0006774247740395367, 0.0006322647095657885, 0.0009567215456627309, 0.0006940723396837711, 0.0010182337136939168, 0.0003163259825669229, 0.00016919885820243508, 0.0002661238831933588, 0.0003870813234243542, 0.0003047141362912953, 0.00014814191672485322, 2.9209854801592883e-06], "lowlevel.erbbands.mean": [0.04651615768671036, 0.8638495206832886, 4.555678844451904, 6.785881519317627, 6.259343147277832, 4.68388557434082, 13.74338150024414, 49.87278747558594, 43.59711837768555, 26.03908920288086, 9.83537769317627, 36.31942367553711, 40.39824295043945, 35.10733413696289, 130.31808471679688, 59.06936264038086, 50.68806838989258, 22.40338706970215, 33.1400146484375, 15.908717155456543, 16.67982292175293, 16.29677391052246, 21.342628479003906, 15.428079605102539, 21.41408920288086, 38.00627899169922, 19.973968505859375, 4.516569137573242, 2.7576372623443604, 2.4297032356262207, 2.8917739391326904, 2.8111329078674316, 3.0523412227630615, 2.5846080780029297, 1.2249832153320312, 0.5312566161155701, 0.1470392942428589, 0.01444593071937561, 0.0003057890571653843, 5.164310641703196e-05], "lowlevel.erbbands.stdev": [0.11650112271308899, 2.08670711517334, 7.0110697746276855, 6.786077499389648, 6.884143829345703, 10.225824356079102, 34.12492370605469, 92.68085479736328, 106.58045959472656, 73.24002838134766, 31.52055549621582, 84.94651794433594, 110.16503143310547, 105.15522766113281, 322.8769836425781, 168.61502075195312, 109.8355941772461, 57.22832489013672, 105.15474700927734, 39.142860412597656, 40.506492614746094, 33.9365119934082, 62.56438446044922, 23.73907470703125, 43.17667770385742, 47.32353210449219, 25.21929931640625, 6.532028675079346, 6.244637966156006, 6.1946821212768555, 7.390010356903076, 7.557046413421631, 7.070387363433838, 4.470353603363037, 1.7863879203796387, 0.8318883776664734, 0.24279700219631195, 0.02452494390308857, 0.00047314559924416244, 3.3696374885039404e-05], "lowlevel.gfcc.mean": [4.819841384887695, 63.91720199584961, -113.1355972290039, 26.63930892944336, -61.861602783203125, 14.810181617736816, -44.57781982421875, 12.512693405151367, -45.090641021728516, 10.474653244018555, -11.162758827209473, -3.1360793113708496, -7.275319576263428], "lowlevel.melbands.mean": [0.0006317421211861074, 0.001992041477933526, 0.0011956088710576296, 0.00034743742435239255, 0.000457766349427402, 0.0010374407283961773, 0.000643316947389394, 0.00025137976626865566, 7.443343929480761e-05, 0.0002439415839035064, 0.00019449670799076557, 0.00011841552623081952, 0.00036184454802423716, 0.0002370388974668458, 0.00010064389061881229, 0.00010708265472203493, 3.223625753889792e-05, 5.0783492042683065e-05, 2.9874343454139307e-05, 1.969984259631019e-05, 1.8968572476296686e-05, 1.7851640222943388e-05, 1.9056389646721072e-05, 1.4345140698424075e-05, 1.1908412488992326e-05, 1.3802801731799264e-05, 1.893466105684638e-05, 2.749515260802582e-05, 1.6934083760133944e-05, 4.330438969191164e-06, 1.8714474663283909e-06, 1.6328773426721455e-06, 1.2046996289427625e-06, 1.4377266097653774e-06, 1.6010060335247545e-06, 1.7655205510891392e-06, 1.7400209344486939e-06, 2.135742533937446e-06, 2.237275111838244e-06, 2.1969958652334753e-06], "lowlevel.melbands.stdev": [0.0015333470655605197, 0.0032022015657275915, 0.00111008295789361, 0.0004303049063310027, 0.001033872365951538, 0.0018873276421800256, 0.0015737279318273067, 0.0007636218215338886, 0.00027661799686029553, 0.0005631701205857098, 0.0005486573209054768, 0.0004240618727635592, 0.0008836687775328755, 0.0005241940380074084, 0.00028192211175337434, 0.00024844100698828697, 0.0001229067420354113, 0.0001579874224262312, 8.384684042539448e-05, 4.902458385913633e-05, 5.035217327531427e-05, 4.2174466216238216e-05, 5.183000394026749e-05, 3.824107625405304e-05, 1.9205903299734928e-05, 3.9303911762544885e-05, 2.826238051056862e-05, 3.541881960700266e-05, 2.4004319129744545e-05, 6.059209681552602e-06, 3.5217842651036335e-06, 4.038935912831221e-06, 2.6955701741826488e-06, 4.13465431847726e-06, 4.315840214985656e-06, 5.267139385978226e-06, 4.644672571885167e-06, 5.689462795999134e-06, 4.240650923748035e-06, 3.7835877719771815e-06], "lowlevel.melbands128.mean": [5.548569606617093e-05, 0.00023736247385386378, 0.0007437739986926317, 0.0016133012250065804, 0.0021524487528949976, 0.00246150279417634, 0.0014009821461513638, 0.0009472592500969768, 0.0006610647542402148, 0.00019881375192198902, 0.00021748569270130247, 0.0003671931044664234, 0.00031758815748617053, 0.0007575965719297528, 0.001499335397966206, 0.0008925328147597611, 0.0006584791699424386, 0.000719354662578553, 0.00048655341379344463, 0.00022421074390877038, 0.00020884198602288961, 5.6474240409443155e-05, 4.138515578233637e-05, 9.097470319829881e-05, 0.00024302376550622284, 0.00034535920713096857, 0.0001665171148488298, 0.0002678867313079536, 8.55223333928734e-05, 0.00013692141510546207, 0.00013408529048319906, 7.889755943324417e-05, 0.00026229818467982113, 0.0008466776343993843, 0.00014855411427561194, 0.00013789803779218346, 0.00017570369527675211, 4.775157503900118e-05, 9.918067371472716e-05, 0.000139786017825827, 0.00012947668437846005, 2.041471998381894e-05, 2.8152628146926872e-05, 4.543488466879353e-05, 1.5481946320505813e-05, 6.429718632716686e-05, 8.22309375507757e-05, 1.6550859072594903e-05, 1.8003875084104948e-05, 1.7146205209428445e-05, 2.0399775166879408e-05, 2.1101477614138275e-05, 1.997093750105705e-05, 1.6469044567202218e-05, 2.146516999346204e-05, 2.2258340322878212e-05, 8.991656613943633e-06, 1.1154153071402106e-05, 2.6592344511300325e-05, 3.0024037187104113e-05, 6.431567271647509e-06, 8.327798241225537e-06, 1.8236767573398538e-05, 1.120391516451491e-05, 5.550695277634077e-06, 1.5486060874536633e-05, 1.912826337502338e-05, 9.369728104502428e-06, 2.0101892005186528e-05, 3.103943890891969e-05, 1.925332981045358e-05, 3.666326665552333e-05, 2.6078147129737772e-05, 1.186862664326327e-05, 7.185599770309636e-06, 4.390445610624738e-06, 3.5771163311437704e-06, 1.7683203168417094e-06, 1.7643662886257516e-06, 1.5781080264787306e-06, 1.917636154757929e-06, 1.5746292092444492e-06, 1.2114343235225533e-06, 1.2019834230159177e-06, 1.126538109019748e-06, 1.2585364856931847e-06, 1.5963876194291515e-06, 1.6999916852000752e-06, 1.4873590998831787e-06, 1.5729636970718275e-06, 2.0049267277499894e-06, 1.7837166979006724e-06, 1.444148551854596e-06, 1.5112732398847584e-06, 2.0842405774601502e-06, 2.3146867533796467e-06, 2.019876092163031e-06, 2.0166410195088247e-06, 2.3506370325776516e-06, 2.2869046460982645e-06, 2.2522983726958046e-06, 2.4760227006481728e-06, 1.754774871187692e-06, 1.273835096071707e-06, 1.249173010364757e-06, 1.4749500678590266e-06, 1.1034734370696242e-06, 1.1136463626826298e-06, 9.655842632128042e-07, 7.288000460903277e-07, 5.326091354618256e-07, 5.778578611170815e-07, 4.822343839805399e-07, 3.291584391718061e-07, 3.0290226504803286e-07, 1.2953404393556411e-07, 3.632566958344796e-08, 5.3116972625888437e-11, 4.360003243858435e-12, 4.191285339627537e-12, 4.0606099212248115e-12, 3.952842827364966e-12, 3.858477773399649e-12, 3.77936440823512e-12, 3.701466216865512e-12, 3.6233258147305714e-12, 3.5722028633722314e-12, 3.5481411645582606e-12], "lowlevel.melbands128.stdev": [0.00014898045628797263, 0.0007645120494998991, 0.0019449676619842649, 0.004163672216236591, 0.004212582018226385, 0.0029705713968724012, 0.0015744426054880023, 0.001146889990195632, 0.0008021066314540803, 0.00032348494278267026, 0.0006341497646644711, 0.0011424812255427241, 0.0014020001981407404, 0.0021131373941898346, 0.0031791268847882748, 0.001995486207306385, 0.002120246412232518, 0.002440413925796747, 0.00170118547976017, 0.0008827050914987922, 0.0009816826786845922, 0.00031126392423175275, 0.00023273442639037967, 0.0005846598651260138, 0.000713279761839658, 0.0009599102195352316, 0.0006588457617908716, 0.0009782869601622224, 0.0003209053829777986, 0.000557409250177443, 0.000704024510923773, 0.0004776900459546596, 0.0007152608595788479, 0.0023488737642765045, 0.0005008859443478286, 0.0006071171956136823, 0.0007845597574487329, 0.0002672358532436192, 0.0003847106418106705, 0.0004186274891253561, 0.000347683992004022, 8.408081339439377e-05, 0.00015220056229736656, 0.00020978979591745883, 6.115880387369543e-05, 0.0002337487821932882, 0.00035515156923793256, 6.662913074251264e-05, 8.231975516537204e-05, 7.990434824023396e-05, 7.540729711763561e-05, 6.024754839017987e-05, 0.00010266575554851443, 5.948305988567881e-05, 6.196236063260585e-05, 7.524048123741522e-05, 3.3897154935402796e-05, 4.061021172674373e-05, 9.326730651082471e-05, 0.00012839605915360153, 2.6569412511889823e-05, 3.4788808989105746e-05, 3.636183828348294e-05, 2.467975537001621e-05, 1.351301671093097e-05, 6.014566315570846e-05, 6.10374627285637e-05, 3.119037137366831e-05, 4.0709623135626316e-05, 6.174017471494153e-05, 3.965367068303749e-05, 7.225033186841756e-05, 5.5538166634505615e-05, 2.492890416760929e-05, 1.182171945401933e-05, 7.1044273681764025e-06, 8.420726771873888e-06, 3.155359763695742e-06, 3.5910893529944587e-06, 4.3127083699801005e-06, 5.769115432485705e-06, 3.7406921364890877e-06, 2.7661646981869126e-06, 2.829607865351136e-06, 2.8741876576532377e-06, 3.3188755423907423e-06, 5.1886395340261515e-06, 6.539448804687709e-06, 4.175048161414452e-06, 4.252383405400906e-06, 6.2485269154421985e-06, 5.933297416049754e-06, 4.34207686339505e-06, 4.482324129639892e-06, 5.7350243878318e-06, 6.6578504629433155e-06, 6.684556865366176e-06, 4.5966253310325556e-06, 4.756233920488739e-06, 4.353920303401537e-06, 4.575269485940225e-06, 4.375855496618897e-06, 3.0667620194435585e-06, 2.3209629489429062e-06, 2.1121848021721235e-06, 2.509370233383379e-06, 1.7990139440371422e-06, 1.82730423148314e-06, 1.6483792251165141e-06, 1.4064989954931661e-06, 1.0672246162357624e-06, 1.0986030929416302e-06, 8.181966677511809e-07, 5.894296464248328e-07, 5.851742344020749e-07, 2.80427542520556e-07, 9.915642351643328e-08, 1.9131796147320301e-10, 6.149477628503153e-12, 5.955356433690051e-12, 5.7918990784000535e-12, 5.649699891946414e-12, 5.528519048808578e-12, 5.4257757141351615e-12, 5.3410284008015285e-12, 5.274213791400806e-12, 5.2254689290875955e-12, 5.1955527553826375e-12], "lowlevel.mfcc.mean": [-644.2255249023438, 98.6563720703125, 3.3105854988098145, 16.790143966674805, 5.685720443725586, -4.394892692565918, 16.37337303161621, -12.10098934173584, -6.295168876647949, -2.6470351219177246, -11.090542793273926, 1.2108728885650635, 3.7225253582000732], "lowlevel.spectral_contrast_coeffs.mean": [-0.665436863899231, -0.6611765623092651, -0.7089276909828186, -0.7648444175720215, -0.7642574906349182, -0.7838063836097717], "lowlevel.spectral_contrast_coeffs.stdev": [0.09238611161708832, 0.1016504168510437, 0.09984295070171356, 0.06714367866516113, 0.061848413199186325, 0.039587974548339844], "lowlevel.spectral_contrast_valleys.mean": [-7.26350212097168, -7.384922027587891, -7.757796287536621, -7.905284881591797, -7.542234897613525, -10.05485725402832], "lowlevel.spectral_contrast_valleys.stdev": [1.2357059717178345, 0.6646570563316345, 0.5805479884147644, 0.5023855566978455, 0.6013167500495911, 0.7348262667655945], "rhythm.beats_loudness_band_ratio.mean": [0.3395876884460449, 0.21279020607471466, 0.13786228001117706, 0.1633612960577011, 0.0759732648730278, 0.10053809732198715], "rhythm.beats_loudness_band_ratio.stdev": [0.23361636698246002, 0.22576038539409637, 0.13671523332595825, 0.17080816626548767, 0.07806801050901413, 0.09125431627035141], "tonal.hpcp.mean": [0.11898869276046753, 0.07114988565444946, 0.13059677183628082, 0.17497926950454712, 0.08660584688186646, 0.02823025919497013, 0.026996677741408348, 0.043983787298202515, 0.28460079431533813, 0.34188398718833923, 0.10893529653549194, 0.03768617659807205, 0.03126769885420799, 0.02495509199798107, 0.07315593212842941, 0.09889362007379532, 0.05517473816871643, 0.03380635380744934, 0.025605861097574234, 0.026119545102119446, 0.06375306844711304, 0.07905270904302597, 0.09707251191139221, 0.36193764209747314, 0.414054811000824, 0.14553432166576385, 0.04279514029622078, 0.029937488958239555, 0.03637209162116051, 0.12737496197223663, 0.1654619723558426, 0.0808279812335968, 0.042599454522132874, 0.04657899960875511, 0.058496326208114624, 0.10960159450769424], "tonal.hpcp.stdev": [0.2599519193172455, 0.18476073443889618, 0.2520911693572998, 0.3439550995826721, 0.187474325299263, 0.09131500124931335, 0.08707394450902939, 0.11115694791078568, 0.3429652452468872, 0.37591424584388733, 0.18954740464687347, 0.13059104979038239, 0.11610850691795349, 0.09080751240253448, 0.1701812893152237, 0.2291608601808548, 0.14014793932437897, 0.112176813185215, 0.08978646993637085, 0.10263052582740784, 0.17233657836914062, 0.1982024908065796, 0.1758018285036087, 0.36394697427749634, 0.3943159878253937, 0.24076424539089203, 0.13738173246383667, 0.12113235890865326, 0.11600545048713684, 0.2334040254354477, 0.29051098227500916, 0.1870858520269394, 0.12856082618236542, 0.1459006369113922, 0.15746428072452545, 0.2372777909040451], "rhythm.beats_position": [0.5340589284896851, 1.0681178569793701, 1.5789568424224854, 2.0897958278656006, 2.600634813308716, 3.1230838298797607, 3.6455328464508057, 4.156371593475342, 4.667210578918457, 5.178049564361572, 5.6888885498046875, 6.199728012084961, 6.710566997528076, 7.221405982971191, 7.732244968414307, 8.243083953857422, 8.753922462463379, 9.264761924743652, 9.77560043334961, 10.286439895629883, 10.79727840423584, 11.308117866516113, 11.81895637512207, 12.329795837402344, 12.8406343460083, 13.351473808288574, 13.862312316894531, 14.373151779174805, 14.883990287780762, 15.394829750061035, 15.905668258666992, 16.416507720947266, 16.92734718322754, 17.43818473815918, 17.949024200439453, 18.459863662719727, 18.970703125, 19.48154067993164, 19.992380142211914, 20.503219604492188, 21.01405906677246, 21.5248966217041, 22.035736083984375, 22.54657554626465, 23.057415008544922, 23.568254470825195, 24.079092025756836, 24.60154151916504], "rhythm.bpm_histogram": [0.0, 0.0, 0.0, 0.0, 0.0, 0.0, 0.0, 0.0, 0.0, 0.0, 0.0, 0.0, 0.0, 0.0, 0.0, 0.0, 0.0, 0.0, 0.0, 0.0, 0.0, 0.0, 0.0, 0.0, 0.0, 0.0, 0.0, 0.0, 0.0, 0.0, 0.0, 0.0, 0.0, 0.0, 0.0, 0.0, 0.0, 0.0, 0.0, 0.0, 0.0, 0.0, 0.0, 0.0, 0.0, 0.0, 0.0, 0.0, 0.0, 0.0, 0.0, 0.0, 0.0, 0.0, 0.0, 0.0, 0.0, 0.0, 0.0, 0.0, 0.0, 0.0, 0.0, 0.0, 0.0, 0.0, 0.0, 0.0, 0.0, 0.0, 0.0, 0.0, 0.0, 0.0, 0.0, 0.0, 0.0, 0.0, 0.0, 0.0, 0.0, 0.0, 0.0, 0.0, 0.0, 0.0, 0.0, 0.0, 0.0, 0.0, 0.0, 0.0, 0.0, 0.0, 0.0, 0.0, 0.0, 0.0, 0.0, 0.0, 0.0, 0.0, 0.0, 0.0, 0.0, 0.0, 0.0, 0.0, 0.0, 0.0, 0.0, 0.0, 0.021276595070958138, 0.0, 0.0, 0.06382978707551956, 0.0, 0.914893627166748, 0.0, 0.0, 0.0, 0.0, 0.0, 0.0, 0.0, 0.0, 0.0, 0.0, 0.0, 0.0, 0.0, 0.0, 0.0, 0.0, 0.0, 0.0, 0.0, 0.0, 0.0, 0.0, 0.0, 0.0, 0.0, 0.0, 0.0, 0.0, 0.0, 0.0, 0.0, 0.0, 0.0, 0.0, 0.0, 0.0, 0.0, 0.0, 0.0, 0.0, 0.0, 0.0, 0.0, 0.0, 0.0, 0.0, 0.0, 0.0, 0.0, 0.0, 0.0, 0.0, 0.0, 0.0, 0.0, 0.0, 0.0, 0.0, 0.0, 0.0, 0.0, 0.0, 0.0, 0.0, 0.0, 0.0, 0.0, 0.0, 0.0, 0.0, 0.0, 0.0, 0.0, 0.0, 0.0, 0.0, 0.0, 0.0, 0.0, 0.0, 0.0, 0.0, 0.0, 0.0, 0.0, 0.0, 0.0, 0.0, 0.0, 0.0, 0.0, 0.0, 0.0, 0.0, 0.0, 0.0, 0.0, 0.0, 0.0, 0.0, 0.0, 0.0, 0.0, 0.0, 0.0, 0.0, 0.0, 0.0, 0.0, 0.0, 0.0, 0.0, 0.0, 0.0, 0.0, 0.0, 0.0, 0.0, 0.0, 0.0, 0.0, 0.0, 0.0, 0.0, 0.0, 0.0, 0.0, 0.0, 0.0, 0.0, 0.0, 0.0], "tonal.chords_histogram": [35.84558868408203, 0.0, 11.029411315917969, 2.941176414489746, 0.0, 0.0, 1.2867647409439087, 0.0, 0.0, 0.0, 1.654411792755127, 0.0, 0.0, 0.0, 0.0, 0.0, 0.0, 22.242647171020508, 0.0, 6.433823585510254, 0.0, 0.36764705181121826, 11.948529243469238, 6.25], "tonal.thpcp": [1.0, 0.35148563981056213, 0.10335621982812881, 0.07230320572853088, 0.08784366399049759, 0.3076282739639282, 0.39961370825767517, 0.19521082937717438, 0.10288361459970474, 0.11249476671218872, 0.1412767767906189, 0.26470309495925903, 0.28737425804138184, 0.17183688282966614, 0.315409392118454, 0.42259928584098816, 0.20916517078876495, 0.06818000227212906, 0.06520073115825653, 0.10622696578502655, 0.6873505115509033, 0.8256974220275879, 0.26309388875961304, 0.09101736545562744, 0.07551584392786026, 0.06027001887559891, 0.1766817569732666, 0.23884186148643494, 0.13325467705726624, 0.08164705336093903, 0.06184171885251999, 0.06308233737945557, 0.1539725363254547, 0.1909232884645462, 0.23444363474845886, 0.8741297721862793], "lowlevel.gfcc.cov": [[3999.00927734375, 757.7162475585938, 446.6570739746094, 197.7075958251953, 437.0332946777344, -79.78086853027344, 374.5635070800781, 347.12921142578125, -190.34521484375, 119.98580169677734, -83.44943237304688, -107.0698471069336, -92.07188415527344], [757.7162475585938, 1952.8812255859375, 186.0159454345703, 185.4095458984375, 424.346923828125, 37.38241195678711, 310.0445251464844, 54.08284378051758, -125.91617584228516, -165.0063018798828, 46.12754821777344, -367.0121154785156, 56.29218292236328], [446.6570739746094, 186.0159454345703, 941.057373046875, 351.6132507324219, 253.4769287109375, 206.5994873046875, -80.66919708251953, 43.24836730957031, 33.44331359863281, -112.82735443115234, -177.77511596679688, 58.023773193359375, -180.63270568847656], [197.7075958251953, 185.4095458984375, 351.6132507324219, 525.7889404296875, 238.2096405029297, 74.57939910888672, -45.08222579956055, 64.75685119628906, 87.47615814208984, -115.20683288574219, -109.02136993408203, -64.96670532226562, -65.50989532470703], [437.0332946777344, 424.346923828125, 253.4769287109375, 238.2096405029297, 416.43267822265625, 148.26951599121094, 104.1541976928711, 91.49745178222656, -15.265474319458008, -26.750019073486328, -80.59053802490234, -71.37078094482422, -67.08611297607422], [-79.78086853027344, 37.38241195678711, 206.5994873046875, 74.57939910888672, 148.26951599121094, 435.0519714355469, 147.7252655029297, -27.096622467041016, -32.71950149536133, -70.36490631103516, -72.93043518066406, -74.06143188476562, -115.0326919555664], [374.5635070800781, 310.0445251464844, -80.66919708251953, -45.08222579956055, 104.1541976928711, 147.7252655029297, 348.5184020996094, 83.02839660644531, -100.57491302490234, 13.086750984191895, 25.984416961669922, -89.97125244140625, -25.688386917114258], [347.12921142578125, 54.08284378051758, 43.24836730957031, 64.75685119628906, 91.49745178222656, -27.096622467041016, 83.02839660644531, 224.6486358642578, 71.68926239013672, 36.9798583984375, -7.417503356933594, 8.441719055175781, -5.291940212249756], [-190.34521484375, -125.91617584228516, 33.44331359863281, 87.47615814208984, -15.265474319458008, -32.71950149536133, -100.57491302490234, 71.68926239013672, 212.71121215820312, 65.3218002319336, -7.54734992980957, 38.3857307434082, 5.39773416519165], [119.98580169677734, -165.0063018798828, -112.82735443115234, -115.20683288574219, -26.750019073486328, -70.36490631103516, 13.086750984191895, 36.9798583984375, 65.3218002319336, 216.3022918701172, 84.73663330078125, 55.60342788696289, 21.549823760986328], [-83.44943237304688, 46.12754821777344, -177.77511596679688, -109.02136993408203, -80.59053802490234, -72.93043518066406, 25.984416961669922, -7.417503356933594, -7.54734992980957, 84.73663330078125, 163.01585388183594, 29.659812927246094, 65.91133117675781], [-107.0698471069336, -367.0121154785156, 58.023773193359375, -64.96670532226562, -71.37078094482422, -74.06143188476562, -89.97125244140625, 8.441719055175781, 38.3857307434082, 55.60342788696289, 29.659812927246094, 213.6298370361328, 20.387792587280273], [-92.07188415527344, 56.29218292236328, -180.63270568847656, -65.50989532470703, -67.08611297607422, -115.0326919555664, -25.688386917114258, -5.291940212249756, 5.39773416519165, 21.549823760986328, 65.91133117675781, 20.387792587280273, 149.89756774902344]], "lowlevel.gfcc.icov": [[0.0004598473315127194, -0.00016138865612447262, -0.00018540860037319362, -0.00024560446036048234, 0.00013456889428198338, 0.00020806767861358821, -0.00011326238745823503, -0.0006914811092428863, 0.0009659927454777062, -0.0009152436396107078, 0.0005654632113873959, 8.352762961294502e-06, 3.5393983125686646e-05], [-0.00016138865612447262, 0.0029230876825749874, -0.0021518529392778873, 0.0020575490780174732, -0.003551871282979846, 0.0027066622860729694, -0.002879759529605508, 0.0021447313483804464, -0.0030603448394685984, 0.004044756758958101, -0.004136902280151844, 0.0048806858249008656, -0.002137107541784644], [-0.00018540860037319362, -0.0021518529392778873, 0.004141401499509811, -0.0024298992939293385, 0.0021318322978913784, -0.002960841404274106, 0.0031940096523612738, -0.0016831763787195086, 0.002390619134530425, -0.00237914826720953, 0.0035450076684355736, -0.00516326492652297, 0.003192138858139515], [-0.00024560446036048234, 0.0020575490780174732, -0.0024298992939293385, 0.005946045275777578, -0.004590398631989956, 0.002618113998323679, -0.0019609679002314806, 0.0019714930094778538, -0.005202001426368952, 0.005613742396235466, -0.0035459292121231556, 0.004433352965861559, -0.0012283159885555506], [0.00013456889428198338, -0.003551871282979846, 0.0021318322978913784, -0.004590398631989956, 0.009302811697125435, -0.004486071411520243, 0.0033196285367012024, -0.004255824722349644, 0.005799713544547558, -0.006966570857912302, 0.00627876166254282, -0.005168133415281773, 0.0018535458948463202], [0.00020806767861358821, 0.0027066622860729694, -0.002960841404274106, 0.002618113998323679, -0.004486071411520243, 0.007449377328157425, -0.005731514189392328, 0.0040465765632689, -0.004560459405183792, 0.0048116897232830524, -0.003490694332867861, 0.004926485009491444, -0.00010545993427513167], [-0.00011326238745823503, -0.002879759529605508, 0.0031940096523612738, -0.0019609679002314806, 0.0033196285367012024, -0.005731514189392328, 0.010255808010697365, -0.006131348200142384, 0.0069653806276619434, -0.00508444057777524, 0.0026995320804417133, -0.003314151894301176, 0.0023760718759149313], [-0.0006914811092428863, 0.0021447313483804464, -0.0016831763787195086, 0.0019714930094778538, -0.004255824722349644, 0.0040465765632689, -0.006131348200142384, 0.010829810984432697, -0.008020508103072643, 0.004672393202781677, -0.0029947017319500446, 0.0021227970719337463, -0.0012193986913189292], [0.0009659927454777062, -0.0030603448394685984, 0.002390619134530425, -0.005202001426368952, 0.005799713544547558, -0.004560459405183792, 0.0069653806276619434, -0.008020508103072643, 0.01537906564772129, -0.010265140794217587, 0.006238557398319244, -0.004464467987418175, 0.001142434892244637], [-0.0009152436396107078, 0.004044756758958101, -0.00237914826720953, 0.005613742396235466, -0.006966570857912302, 0.0048116897232830524, -0.00508444057777524, 0.004672393202781677, -0.010265140794217587, 0.016034595668315887, -0.010123009793460369, 0.0050102705135941505, -0.0007922595250420272], [0.0005654632113873959, -0.004136902280151844, 0.0035450076684355736, -0.0035459292121231556, 0.00627876166254282, -0.003490694332867861, 0.0026995320804417133, -0.0029947017319500446, 0.006238557398319244, -0.010123009793460369, 0.0170411616563797, -0.007562571205198765, -0.00012264700490050018], [8.352762961294502e-06, 0.0048806858249008656, -0.00516326492652297, 0.004433352965861559, -0.005168133415281773, 0.004926485009491444, -0.003314151894301176, 0.0021227970719337463, -0.004464467987418175, 0.0050102705135941505, -0.007562571205198765, 0.015295355580747128, -0.004452093038707972], [3.5393983125686646e-05, -0.002137107541784644, 0.003192138858139515, -0.0012283159885555506, 0.0018535458948463202, -0.00010545993427513167, 0.0023760718759149313, -0.0012193986913189292, 0.001142434892244637, -0.0007922595250420272, -0.00012264700490050018, -0.004452093038707972, 0.01265035942196846]], "lowlevel.mfcc.cov": [[3256.0361328125, 645.8596801757812, 17.194133758544922, 510.9197082519531, 56.820621490478516, -119.45362091064453, 437.22540283203125, 37.60476303100586, 176.1301727294922, 195.6243896484375, 12.218026161193848, 15.603830337524414, 117.1191635131836], [645.8596801757812, 1581.4090576171875, 19.808320999145508, 266.3517150878906, 147.6466522216797, 17.53228187561035, 421.0225524902344, 18.936389923095703, 75.5246353149414, 136.5333709716797, -28.307790756225586, -39.42941665649414, 27.520002365112305], [17.194133758544922, 19.808320999145508, 639.985107421875, 106.72378540039062, 251.09161376953125, 186.0559844970703, -60.81250762939453, 174.97662353515625, 31.500110626220703, -58.48487091064453, 38.73943328857422, -20.122961044311523, -72.32292938232422], [510.9197082519531, 266.3517150878906, 106.72378540039062, 468.7970886230469, 222.65525817871094, -48.46286392211914, 41.099849700927734, 67.59828186035156, 108.30656433105469, 9.68344783782959, -3.9750449657440186, 47.5711669921875, 21.537120819091797], [56.820621490478516, 147.6466522216797, 251.09161376953125, 222.65525817871094, 416.0052185058594, 120.08453369140625, -38.595245361328125, 114.1224365234375, 92.02398681640625, -0.7985337376594543, 20.525733947753906, 3.45660138130188, -43.735504150390625], [-119.45362091064453, 17.53228187561035, 186.0559844970703, -48.46286392211914, 120.08453369140625, 348.748291015625, 98.69355773925781, 101.71022033691406, 11.276004791259766, 34.45497512817383, 52.10596466064453, -57.513858795166016, -29.35776138305664], [437.22540283203125, 421.0225524902344, -60.81250762939453, 41.099849700927734, -38.595245361328125, 98.69355773925781, 396.9390869140625, 70.533935546875, 18.066987991333008, 117.43494415283203, 14.461519241333008, -44.7020149230957, 48.219364166259766], [37.60476303100586, 18.936389923095703, 174.97662353515625, 67.59828186035156, 114.1224365234375, 101.71022033691406, 70.533935546875, 240.5206756591797, 72.03643798828125, 17.876291275024414, 42.44749450683594, -18.711261749267578, -29.223100662231445], [176.1301727294922, 75.5246353149414, 31.500110626220703, 108.30656433105469, 92.02398681640625, 11.276004791259766, 18.066987991333008, 72.03643798828125, 161.3245086669922, 72.27439880371094, 26.442415237426758, 13.890419960021973, 2.8040931224823], [195.6243896484375, 136.5333709716797, -58.48487091064453, 9.68344783782959, -0.7985337376594543, 34.45497512817383, 117.43494415283203, 17.876291275024414, 72.27439880371094, 167.86688232421875, 55.2005729675293, -2.465991497039795, 16.469341278076172], [12.218026161193848, -28.307790756225586, 38.73943328857422, -3.9750449657440186, 20.525733947753906, 52.10596466064453, 14.461519241333008, 42.44749450683594, 26.442415237426758, 55.2005729675293, 135.650390625, 43.63154602050781, 11.693129539489746], [15.603830337524414, -39.42941665649414, -20.122961044311523, 47.5711669921875, 3.45660138130188, -57.513858795166016, -44.7020149230957, -18.711261749267578, 13.890419960021973, -2.465991497039795, 43.63154602050781, 135.19009399414062, 53.24246597290039], [117.1191635131836, 27.520002365112305, -72.32292938232422, 21.537120819091797, -43.735504150390625, -29.35776138305664, 48.219364166259766, -29.223100662231445, 2.8040931224823, 16.469341278076172, 11.693129539489746, 53.24246597290039, 131.30007934570312]], "lowlevel.mfcc.icov": [[0.0004876413440797478, 6.006877083564177e-05, -0.00022331152285914868, -0.0004757683491334319, 0.00012134762073401362, 0.00030831381445750594, -0.0006017976556904614, 0.00030861972481943667, -0.00027577660512179136, -0.00018872763030231, -6.117629527579993e-05, 0.00016049135592766106, -0.00012354497448541224], [6.006877083564177e-05, 0.001134768477641046, -0.00026355352019891143, -0.0002781264774966985, -0.0005305709782987833, 0.0004976560594514012, -0.0015751057071611285, 0.0007586869178339839, -0.0002287827228428796, -0.00014016211207490414, 0.0001813660201150924, 4.463661753106862e-05, 0.0002790912694763392], [-0.00022331152285914868, -0.00026355352019891143, 0.002946014516055584, -0.00010933085286524147, -0.0007337858551181853, -0.001262684934772551, 0.0011623239843174815, -0.0016346786869689822, 0.0006097714649513364, 0.0009549708920530975, -0.0004347429203335196, -3.548372842487879e-05, 0.0004979607183486223], [-0.0004757683491334319, -0.0002781264774966985, -0.00010933085286524147, 0.004561584908515215, -0.0022590220905840397, 0.0012038504937663674, -0.0005100491107441485, -0.00021834736980963498, -0.0015109942760318518, 0.001159520004875958, 0.0003490544331725687, -0.0010615423088893294, -0.00038416218012571335], [0.00012134762073401362, -0.0005305709782987833, -0.0007337858551181853, -0.0022590220905840397, 0.005425456911325455, -0.001969266915693879, 0.0016990789445117116, -0.000740444811526686, -0.0009548586094751954, -0.0002897542144637555, 0.00034591875737532973, -0.00029139657272025943, 0.0006915234844200313], [0.00030831381445750594, 0.0004976560594514012, -0.001262684934772551, 0.0012038504937663674, -0.001969266915693879, 0.005659161601215601, -0.0024887206964194775, 0.00019532818987499923, -4.477892798604444e-05, -8.436178177362308e-05, -0.0017207813216373324, 0.0018297864589840174, -0.0002826618147082627], [-0.0006017976556904614, -0.0015751057071611285, 0.0011623239843174815, -0.0005100491107441485, 0.0016990789445117116, -0.0024887206964194775, 0.007677634246647358, -0.003371479455381632, 0.002615400357171893, -0.003289272077381611, 0.0009606960229575634, 0.00114544783718884, -0.0021629384718835354], [0.00030861972481943667, 0.0007586869178339839, -0.0016346786869689822, -0.00021834736980963498, -0.000740444811526686, 0.00019532818987499923, -0.003371479455381632, 0.008076965808868408, -0.003728737123310566, 0.0020669305231422186, -0.0019850993994623423, 0.0006935428245924413, 0.0012498815776780248], [-0.00027577660512179136, -0.0002287827228428796, 0.0006097714649513364, -0.0015109942760318518, -0.0009548586094751954, -4.477892798604444e-05, 0.002615400357171893, -0.003728737123310566, 0.012037309817969799, -0.006143767852336168, 0.0011920371325686574, -0.0005518492544069886, -0.0006096191355027258], [-0.00018872763030231, -0.00014016211207490414, 0.0009549708920530975, 0.001159520004875958, -0.0002897542144637555, -8.436178177362308e-05, -0.003289272077381611, 0.0020669305231422186, -0.006143767852336168, 0.012874594889581203, -0.004918945953249931, 0.00110537838190794, 0.0005923100979998708], [-6.117629527579993e-05, 0.0001813660201150924, -0.0004347429203335196, 0.0003490544331725687, 0.00034591875737532973, -0.0017207813216373324, 0.0009606960229575634, -0.0019850993994623423, 0.0011920371325686574, -0.004918945953249931, 0.012038066051900387, -0.005003323312848806, 0.00020400421635713428], [0.00016049135592766106, 4.463661753106862e-05, -3.548372842487879e-05, -0.0010615423088893294, -0.00029139657272025943, 0.0018297864589840174, 0.00114544783718884, 0.0006935428245924413, -0.0005518492544069886, 0.00110537838190794, -0.005003323312848806, 0.012576083652675152, -0.004733086097985506], [-0.00012354497448541224, 0.0002790912694763392, 0.0004979607183486223, -0.00038416218012571335, 0.0006915234844200313, -0.0002826618147082627, -0.0021629384718835354, 0.0012498815776780248, -0.0006096191355027258, 0.0005923100979998708, 0.00020400421635713428, -0.004733086097985506, 0.011084635742008686]], "metadata.audio_properties.analysis.downmix": "mix", "metadata.audio_properties.codec": "mp3", "metadata.audio_properties.md5_encoded": "ee6c4d38cb6d480cb82eb33e55edf151", "metadata.tags.file_name": "1182276585378824223.mp3", "metadata.version.essentia": "2.1-beta6-dev", "metadata.version.essentia_git_sha": "v2.1_beta5-1110-g77a6a954", "metadata.version.extractor": "music 2.0", "tonal.chords_key": "F", "tonal.chords_scale": "major", "tonal.key_edma.key": "F", "tonal.key_edma.scale": "major", "tonal.key_krumhansl.key": "F", "tonal.key_krumhansl.scale": "major", "tonal.key_temperley.key": "F", "tonal.key_temperley.scale": "major", "metadata.tags.encoding": ["Lavf58.45.100"]}, "essentia_models": [{"model_name": "genre_dortmund", "activations": {"alternative": "0.015811533", "blues": "0.022670189", "electronic": "0.011511423", "folkcountry": "0.29765132", "funksoulrnb": "0.03221845", "jazz": "0.011548258", "pop": "0.34359628", "raphiphop": "0.017343545", "rock": "0.14901094"}}, {"model_name": "genre_rosamerica", "activations": {"classic": "0.0009394409", "dance": "0.008859573", "hip hop": "0.01289143", "jazz": "0.0032629785", "pop": "0.78913146", "rhythm and blues": "0.09128241", "rock