{"song_id": "1182274554073198622", "download": "https://cdn.discordapp.com/attachments/1128313332273782784/1182274554073198622/chirp.mp4?ex=658419fb&amp", "lyrics": "Eddy, der Barketing-Star,\nmit einem Bellen, leuchtet der Raum.\nIn Meetings und Pausen, er ist immer da,\nsein fr\u00f6hliches Wesen, wie ein lebendiger Traum.\n\n\n(chorus)\nEddy, der s\u00fc\u00dfeste Hund der Welt,\nmit seinen Augen, so rein und so hell.\nEr ist mehr als nur ein Haustier, er ist ein Freund,\nEddy, der Barketing-Star, ein Wunder, das sich lohnt.", "style": ["70s</span><span>, female voice"], "essentia_features": {"lowlevel.average_loudness": 0.9798939824104309, "lowlevel.barkbands_crest.mean": 12.74841594696045, "lowlevel.barkbands_crest.stdev": 3.8297910690307617, "lowlevel.barkbands_flatness_db.mean": 0.12603363394737244, "lowlevel.barkbands_flatness_db.stdev": 0.032038524746894836, "lowlevel.barkbands_kurtosis.mean": 2.0227887630462646, "lowlevel.barkbands_kurtosis.stdev": 3.862718343734741, "lowlevel.barkbands_skewness.mean": 1.5941261053085327, "lowlevel.barkbands_skewness.stdev": 0.8017172813415527, "lowlevel.barkbands_spread.mean": 30.79770278930664, "lowlevel.barkbands_spread.stdev": 9.075399398803711, "lowlevel.dissonance.mean": 0.48716673254966736, "lowlevel.dissonance.stdev": 0.00882811937481165, "lowlevel.dynamic_complexity": 0.8780327439308167, "lowlevel.erbbands_crest.mean": 7.734742164611816, "lowlevel.erbbands_crest.stdev": 3.203827381134033, "lowlevel.erbbands_flatness_db.mean": 0.1393919736146927, "lowlevel.erbbands_flatness_db.stdev": 0.02261902019381523, "lowlevel.erbbands_kurtosis.mean": 0.712348997592926, "lowlevel.erbbands_kurtosis.stdev": 0.9916560053825378, "lowlevel.erbbands_skewness.mean": -0.4549029767513275, "lowlevel.erbbands_skewness.stdev": 0.34359222650527954, "lowlevel.erbbands_spread.mean": 38.01395034790039, "lowlevel.erbbands_spread.stdev": 12.58697509765625, "lowlevel.hfc.mean": 41.445167541503906, "lowlevel.hfc.stdev": 15.888765335083008, "lowlevel.loudness_ebu128.integrated": -12.006292343139648, "lowlevel.loudness_ebu128.loudness_range": 1.2244319915771484, "lowlevel.loudness_ebu128.momentary.mean": -12.048199653625488, "lowlevel.loudness_ebu128.momentary.stdev": 0.6049649715423584, "lowlevel.loudness_ebu128.short_term.mean": -12.033527374267578, "lowlevel.loudness_ebu128.short_term.stdev": 0.3944362998008728, "lowlevel.melbands_crest.mean": 17.164478302001953, "lowlevel.melbands_crest.stdev": 3.2677621841430664, "lowlevel.melbands_flatness_db.mean": 0.19458487629890442, "lowlevel.melbands_flatness_db.stdev": 0.037035778164863586, "lowlevel.melbands_kurtosis.mean": 14.534501075744629, "lowlevel.melbands_kurtosis.stdev": 14.912476539611816, "lowlevel.melbands_skewness.mean": 3.387615919113159, "lowlevel.melbands_skewness.stdev": 1.3812023401260376, "lowlevel.melbands_spread.mean": 24.179399490356445, "lowlevel.melbands_spread.stdev": 11.203322410583496, "lowlevel.pitch_salience.mean": 0.5109608769416809, "lowlevel.pitch_salience.stdev": 0.11128398776054382, "lowlevel.silence_rate_20dB.mean": 1.0, "lowlevel.silence_rate_20dB.stdev": 0.0, "lowlevel.silence_rate_30dB.mean": 0.8968713879585266, "lowlevel.silence_rate_30dB.stdev": 0.3041265308856964, "lowlevel.silence_rate_60dB.mean": 0.0011587485205382109, "lowlevel.silence_rate_60dB.stdev": 0.03402106463909149, "lowlevel.spectral_centroid.mean": 1770.3798828125, "lowlevel.spectral_centroid.stdev": 311.4001770019531, "lowlevel.spectral_complexity.mean": 35.97914123535156, "lowlevel.spectral_complexity.stdev": 5.710332870483398, "lowlevel.spectral_decrease.mean": -1.7279365494005106e-08, "lowlevel.spectral_decrease.stdev": 8.844073917657624e-09, "lowlevel.spectral_energy.mean": 0.06897545605897903, "lowlevel.spectral_energy.stdev": 0.03397351875901222, "lowlevel.spectral_energyband_high.mean": 0.0021279575303196907, "lowlevel.spectral_energyband_high.stdev": 0.0014964186120778322, "lowlevel.spectral_energyband_low.mean": 0.04597252607345581, "lowlevel.spectral_energyband_low.stdev": 0.03386818617582321, "lowlevel.spectral_energyband_middle_high.mean": 0.012596523389220238, "lowlevel.spectral_energyband_middle_high.stdev": 0.005864794831722975, "lowlevel.spectral_energyband_middle_low.mean": 0.011159921996295452, "lowlevel.spectral_energyband_middle_low.stdev": 0.006283412221819162, "lowlevel.spectral_entropy.mean": 7.943583011627197, "lowlevel.spectral_entropy.stdev": 0.13772551715373993, "lowlevel.spectral_flux.mean": 0.11261921375989914, "lowlevel.spectral_flux.stdev": 0.06244371458888054, "lowlevel.spectral_kurtosis.mean": 2.5091395378112793, "lowlevel.spectral_kurtosis.stdev": 1.0559555292129517, "lowlevel.spectral_rms.mean": 0.008021999150514603, "lowlevel.spectral_rms.stdev": 0.0017148454207926989, "lowlevel.spectral_rolloff.mean": 1322.1810302734375, "lowlevel.spectral_rolloff.stdev": 741.0272216796875, "lowlevel.spectral_skewness.mean": 1.1362375020980835, "lowlevel.spectral_skewness.stdev": 0.23914863169193268, "lowlevel.spectral_spread.mean": 4363699.0, "lowlevel.spectral_spread.stdev": 756552.625, "lowlevel.spectral_strongpeak.mean": 0.6127135157585144, "lowlevel.spectral_strongpeak.stdev": 0.2560701370239258, "lowlevel.zerocrossingrate.mean": 0.054075874388217926, "lowlevel.zerocrossingrate.stdev": 0.01690496690571308, "metadata.audio_properties.analysis.equal_loudness": 0.0, "metadata.audio_properties.analysis.length": 40.04265213012695, "metadata.audio_properties.analysis.sample_rate": 44100.0, "metadata.audio_properties.analysis.start_time": 0.0, "metadata.audio_properties.bit_rate": 124254.0, "metadata.audio_properties.length": 40.042667388916016, "metadata.audio_properties.lossless": 0.0, "metadata.audio_properties.number_channels": 1.0, "metadata.audio_properties.replay_gain": -11.609783172607422, "metadata.audio_properties.sample_rate": 48000.0, "rhythm.beats_count": 108.0, "rhythm.beats_loudness.mean": 0.0715927928686142, "rhythm.beats_loudness.stdev": 0.02165163680911064, "rhythm.bpm": 163.70106506347656, "rhythm.bpm_histogram_first_peak_bpm": 161.0, "rhythm.bpm_histogram_first_peak_weight": 0.125, "rhythm.bpm_histogram_second_peak_bpm": 167.0, "rhythm.bpm_histogram_second_peak_spread": 0.0, "rhythm.bpm_histogram_second_peak_weight": 0.38317757844924927, "rhythm.danceability": 1.3865318298339844, "rhythm.onset_rate": 3.8947012424468994, "tonal.chords_changes_rate": 0.06712962687015533, "tonal.chords_number_rate": 0.008101851679384708, "tonal.chords_strength.mean": 0.44480907917022705, "tonal.chords_strength.stdev": 0.07993730902671814, "tonal.hpcp_crest.mean": 20.068885803222656, "tonal.hpcp_crest.stdev": 9.852922439575195, "tonal.hpcp_entropy.mean": 1.4711283445358276, "tonal.hpcp_entropy.stdev": 0.9527972936630249, "tonal.key_edma.strength": 0.6138571500778198, "tonal.key_krumhansl.strength": 0.6008145213127136, "tonal.key_temperley.strength": 0.5723094940185547, "tonal.tuning_diatonic_strength": 0.4947452247142792, "tonal.tuning_equal_tempered_deviation": 0.041357625275850296, "tonal.tuning_frequency": 444.0853271484375, "tonal.tuning_nontempered_energy_ratio": 0.6750009059906006, "lowlevel.barkbands.mean": [0.0008035047794692218, 0.03337445855140686, 0.008970146998763084, 0.006867206189781427, 0.0013084011152386665, 0.0008505351725034416, 0.0009007786866277456, 0.0004295235266909003, 0.000702246674336493, 0.0006009838543832302, 0.0014006186975166202, 0.0017110486514866352, 0.0024393454659730196, 0.0010222723940387368, 0.0009912020759657025, 0.0014691493706777692, 0.0015863757580518723, 0.0009580418118275702, 0.00031141319777816534, 0.0003850509529002011, 0.000583565968554467, 0.000774662010371685, 0.00017908246081788093, 0.00021274731261655688, 0.00011406028352212161, 2.8167407435830683e-05, 9.905679689836688e-07], "lowlevel.barkbands.stdev": [0.000519700872246176, 0.02578025497496128, 0.01224350742995739, 0.005531748291105032, 0.0010103036183863878, 0.000999670010060072, 0.0012991309631615877, 0.0006491453968919814, 0.0008551815990358591, 0.0009500319720245898, 0.0022329348139464855, 0.0020643274765461683, 0.0026648910716176033, 0.0008740313933230937, 0.0010402388870716095, 0.0012740318197757006, 0.0010989367729052901, 0.0007973795873112977, 0.00019739186973311007, 0.0002656895376276225, 0.0003550204273778945, 0.0006390394410118461, 0.00021641967759933323, 0.00031314819352701306, 0.0001552107569295913, 4.32358356192708e-05, 2.35492234423873e-06], "lowlevel.erbbands.mean": [0.3771331310272217, 9.123172760009766, 15.465262413024902, 15.904349327087402, 12.195528984069824, 5.302778720855713, 4.586136341094971, 7.704446792602539, 7.456772327423096, 18.321741104125977, 9.916118621826172, 16.589763641357422, 14.563209533691406, 30.1754150390625, 72.32806396484375, 73.85615539550781, 124.05487823486328, 60.73713684082031, 45.97117614746094, 68.52747344970703, 74.94766998291016, 92.49636840820312, 63.26362609863281, 23.216699600219727, 13.96154499053955, 18.032167434692383, 22.892492294311523, 25.23843002319336, 30.447175979614258, 12.15261173248291, 4.661017894744873, 4.089340686798096, 3.668717384338379, 1.7462209463119507, 0.5557711720466614, 0.16818350553512573, 0.04269826412200928, 0.005886404309421778, 0.00017485911666881293, 8.756149327382445e-05], "lowlevel.erbbands.stdev": [0.36650246381759644, 7.005543231964111, 15.876954078674316, 14.042083740234375, 9.003647804260254, 4.924417495727539, 4.507230758666992, 8.961896896362305, 12.808140754699707, 25.376440048217773, 15.169629096984863, 21.38150405883789, 16.519052505493164, 42.106109619140625, 97.43251037597656, 87.80587768554688, 137.07749938964844, 48.01776885986328, 46.119205474853516, 59.99724578857422, 61.02361297607422, 62.46488952636719, 46.86149597167969, 14.515058517456055, 9.774604797363281, 12.5416259765625, 15.373577117919922, 15.529655456542969, 25.011974334716797, 12.122252464294434, 5.688384532928467, 5.850847244262695, 5.525713920593262, 2.475274085998535, 0.7258619666099548, 0.24741454422473907, 0.0715886577963829, 0.010540571995079517, 0.0002428763546049595, 4.085850014234893e-05], "lowlevel.gfcc.mean": [66.88117980957031, 85.97769165039062, -128.13356018066406, 61.68111801147461, -37.5339469909668, 40.37659454345703, -28.24717140197754, 7.5508713722229, -19.324020385742188, 3.31706166267395, -18.164793014526367, 1.821183204650879, -11.336909294128418], "lowlevel.melbands.mean": [0.006619170308113098, 0.009962758049368858, 0.0027457671239972115, 0.0004923442029394209, 0.00019295168749522418, 0.00017253239639103413, 0.00012738810619339347, 0.0001771921815816313, 8.429886656813323e-05, 9.98334217001684e-05, 7.021174678811803e-05, 0.00011101488780695945, 0.00022881767654325813, 0.0002137035335181281, 0.00022682266717310995, 0.000219831767026335, 0.00010158809163840488, 6.81208330206573e-05, 8.04616793175228e-05, 0.00010343502799514681, 8.126805914798751e-05, 8.748546679271385e-05, 9.973956184694543e-05, 3.0500035791192204e-05, 1.7480217138654552e-05, 9.845606655289885e-06, 1.0312531230738387e-05, 1.2346768926363438e-05, 1.394719674863154e-05, 1.360879741696408e-05, 1.5625701053068042e-05, 1.9290904674562626e-05, 1.174050248664571e-05, 4.705752417066833e-06, 2.5830893264355836e-06, 2.2672704744763905e-06, 2.6664135930332122e-06, 2.8553920401463984e-06, 1.9406543287914246e-06, 1.3037085864198161e-06], "lowlevel.melbands.stdev": [0.005349765997380018, 0.00818481482565403, 0.0021299608051776886, 0.0003234133473597467, 0.00017428240971639752, 0.00019869167590513825, 0.0002056947269011289, 0.0002391332236584276, 0.00012705316476058215, 0.00012475033872760832, 8.353291923413053e-05, 0.00016869796672835946, 0.00034717281232587993, 0.0002497386303730309, 0.00023474617046304047, 0.0002131174987880513, 9.001067519420758e-05, 7.097247726051137e-05, 8.051491749938577e-05, 9.46737636695616e-05, 6.980619946261868e-05, 6.298976950347424e-05, 8.036748477024958e-05, 2.26129122893326e-05, 1.1619932593021076e-05, 7.356053174589761e-06, 7.85158044891432e-06, 9.06777313502971e-06, 1.0459350050950889e-05, 9.30591340875253e-06, 1.0275427484884858e-05, 1.59590199473314e-05, 1.1781467947002966e-05, 5.286980012897402e-06, 3.25570226777927e-06, 3.2440386803500587e-06, 4.0014792830334045e-06, 4.534645086096134e-06, 2.8722936349367956e-06, 1.8723972061707173e-06], "lowlevel.melbands128.mean": [0.0002325021050637588, 0.0008374594035558403, 0.00877594668418169, 0.01850067265331745, 0.011062195524573326, 0.0036028274334967136, 0.0031180742662400007, 0.003455652389675379, 0.0008512706845067441, 0.00013759963621851057, 0.0003453002718742937, 0.00021962325263302773, 7.129260484362021e-05, 0.0002782305236905813, 0.00020868150750175118, 8.883856207830831e-05, 0.00011197539424756542, 9.233646414941177e-05, 0.0001777953002601862, 0.00030644540674984455, 8.943722787080333e-05, 6.864498573122546e-05, 6.724429840687662e-05, 0.00011418973008403555, 0.00014810812717769295, 5.986478572594933e-05, 8.380487270187587e-05, 5.769624112872407e-05, 7.34115019440651e-05, 0.00010572776955086738, 0.00010789380030473694, 0.00014406751142814755, 0.0002895525540225208, 0.00023629702627658844, 0.0002212431572843343, 0.00023079218226484954, 0.00017080230463761836, 9.310406312579289e-05, 0.0003960256581194699, 0.00035938690416514874, 0.00010673289943952113, 0.00014565818128176033, 0.00010754132381407544, 8.013443584786728e-05, 7.000031473580748e-05, 5.176845661480911e-05, 8.836699271341786e-05, 7.47033191146329e-05, 7.113448373274878e-05, 0.00011185686162207276, 0.00010723176819738, 9.935307753039524e-05, 9.04124099179171e-05, 7.156166975619271e-05, 6.354407378239557e-05, 8.174301183316857e-05, 0.00011494865611894056, 0.00012513319961726665, 9.748066077008843e-05, 4.10247957915999e-05, 2.4607632440165617e-05, 2.367481829423923e-05, 2.1117621145094745e-05, 1.5800267647136934e-05, 1.1107376849395223e-05, 9.663752280175686e-06, 8.856558451952878e-06, 9.363231583847664e-06, 1.1143932169943582e-05, 1.0798633411468472e-05, 1.3365128324949183e-05, 1.0537107300478965e-05, 1.4961982742534019e-05, 1.4266559446696192e-05, 1.3980255971546285e-05, 1.5145973520702682e-05, 1.2658940249821171e-05, 1.0856659173441585e-05, 1.6058051187428646e-05, 2.0254496121197008e-05, 2.0841032892349176e-05, 1.914615677378606e-05, 1.5089258340594824e-05, 1.1976409950875677e-05, 8.070927833614405e-06, 5.329147370503051e-06, 3.5899345220968826e-06, 3.0543542379746214e-06, 2.4668693185958546e-06, 2.2390063350030687e-06, 2.4370312985411147e-06, 2.2482001895696158e-06, 2.0853681235166732e-06, 2.4888904590625316e-06, 3.0356804927578196e-06, 3.5433452012512134e-06, 2.6101924959220923e-06, 2.304655481566442e-06, 1.96385963135981e-06, 1.7555365730004269e-06, 1.620948296476854e-06, 1.2103721473977203e-06, 9.865598258329555e-07, 7.665138923584891e-07, 5.904315116822545e-07, 4.2326803395553725e-07, 3.852419467875734e-07, 3.855583656786621e-07, 2.5597981334612996e-07, 2.100298814866619e-07, 1.9457033317848982e-07, 1.5209862169740518e-07, 1.2618542655218334e-07, 1.0023608609799339e-07, 8.378255245133914e-08, 6.021647180887157e-08, 3.972570894461569e-08, 4.763388350426112e-09, 1.8520959071954834e-11, 8.771827882114724e-12, 8.543160970320152e-12, 8.366908728352218e-12, 8.163365816660217e-12, 7.987441437429244e-12, 7.70929240584417e-12, 7.34153016157535e-12, 7.1358175444957705e-12, 7.074900994913369e-12], "lowlevel.melbands128.stdev": [0.000248107360675931, 0.0016562362434342504, 0.007885708473622799, 0.01398393139243126, 0.010536487214267254, 0.005058611277490854, 0.003367692232131958, 0.0025962824001908302, 0.0006989478715695441, 0.00012655870523303747, 0.00037297196104191244, 0.00023851521837059408, 9.32395487325266e-05, 0.000372677284758538, 0.00026599838747642934, 0.00016960168431978673, 0.000220558256842196, 0.0002566413604654372, 0.0003275946364738047, 0.0004508367564994842, 0.00014359192573465407, 0.00014964051661081612, 0.0001647885947022587, 0.00017972478235606104, 0.00022979894129093736, 9.530584065942094e-05, 0.00011851284943986684, 9.47594890021719e-05, 0.0001139007363235578, 0.0002496714296285063, 0.00019681081175804138, 0.0002630916133057326, 0.0006001266301609576, 0.00048128695925697684, 0.0003079318266827613, 0.0003344072902109474, 0.00039881738484837115, 0.0001502135710325092, 0.0005514953518286347, 0.0004636447411030531, 0.00014080524852033705, 0.00018191906565334648, 0.00011019650992238894, 0.00010785368067445233, 8.344562957063317e-05, 6.417943950509652e-05, 0.00014666594506707042, 9.502417378826067e-05, 8.773282752372324e-05, 0.00012935926497448236, 0.00012587886885739863, 0.00010996637138305232, 0.0001015711750369519, 7.486201502615586e-05, 6.810524791944772e-05, 7.520670624217018e-05, 0.00010218975512543693, 0.00012230323045514524, 0.00011267475929344073, 3.894206747645512e-05, 2.2579741198569536e-05, 2.5006085706991144e-05, 1.8038030248135328e-05, 1.172541033156449e-05, 9.529018825560343e-06, 8.867726137395948e-06, 9.289755325880833e-06, 8.481351869704667e-06, 9.988334568333812e-06, 1.0170720997848548e-05, 1.215184420289006e-05, 9.14512111194199e-06, 1.3706144272873644e-05, 1.356338725599926e-05, 1.2016514119750354e-05, 1.273953057534527e-05, 1.0461691090313252e-05, 9.525909263174981e-06, 1.1631039342319127e-05, 1.640839400351979e-05, 2.0273506379453465e-05, 1.9428944142418914e-05, 1.6296073226840235e-05, 1.4670138625660911e-05, 9.107989171752706e-06, 6.583351932931691e-06, 4.941452516504796e-06, 4.642774001695216e-06, 3.1984379802452167e-06, 3.2021348488342483e-06, 4.11393466492882e-06, 3.5486239085003035e-06, 3.383359171493794e-06, 3.8599396248173434e-06, 4.992908543499652e-06, 6.438296622945927e-06, 4.221129529469181e-06, 3.5913324154535076e-06, 3.2419777653558413e-06, 2.7562671220948687e-06, 2.5861195354082156e-06, 1.8439668565406464e-06, 1.504601641499903e-06, 1.2297424518692424e-06, 8.435651466243144e-07, 5.966010121483123e-07, 5.971721748210257e-07, 6.098047151681385e-07, 4.4532615106618323e-07, 4.057910132360121e-07, 3.49567130797368e-07, 2.809811405768414e-07, 2.6210096848444664e-07, 2.3695784534538689e-07, 1.710636041707403e-07, 1.2339737054389843e-07, 9.289288271929763e-08, 1.5365699823632895e-08, 2.8055957557171496e-10, 2.438579199681712e-11, 2.3627013540084008e-11, 2.2902625976262136e-11, 2.2650610553842654e-11, 2.1239751277213337e-11, 1.6760615464961326e-11, 1.1194351869081576e-11, 9.940990738921407e-12, 9.857903555954284e-12], "lowlevel.mfcc.mean": [-565.5989379882812, 101.33564758300781, -10.201695442199707, 31.15234375, 19.264385223388672, 33.08774185180664, 10.093093872070312, 12.436409950256348, 13.261578559875488, -7.9028544425964355, 7.459384918212891, 11.54386043548584, 0.7626460790634155], "lowlevel.spectral_contrast_coeffs.mean": [-0.6708612442016602, -0.7878546714782715, -0.7764990925788879, -0.7888239622116089, -0.787970781326294, -0.6915496587753296], "lowlevel.spectral_contrast_coeffs.stdev": [0.04931851103901863, 0.04936807230114937, 0.04872974380850792, 0.03296343982219696, 0.02488342486321926, 0.04432652145624161], "lowlevel.spectral_contrast_valleys.mean": [-6.197996616363525, -6.598527431488037, -6.686270713806152, -6.443995475769043, -6.601365089416504, -9.59084415435791], "lowlevel.spectral_contrast_valleys.stdev": [0.42201271653175354, 0.4744096100330353, 0.45360201597213745, 0.34618061780929565, 0.2879108488559723, 0.6734480857849121], "rhythm.beats_loudness_band_ratio.mean": [0.733070433139801, 0.02715635672211647, 0.0294520054012537, 0.09512405097484589, 0.08764556050300598, 0.03357112035155296], "rhythm.beats_loudness_band_ratio.stdev": [0.10890740156173706, 0.02216743305325508, 0.020558321848511696, 0.06040504202246666, 0.05497734993696213, 0.02045171894133091], "tonal.hpcp.mean": [0.014740919694304466, 0.017276732251048088, 0.02041839435696602, 0.01908215694129467, 0.020359085872769356, 0.0797569751739502, 0.10530472546815872, 0.051015663892030716, 0.028768090531229973, 0.036079879850149155, 0.03391295671463013, 0.026344047859311104, 0.024420514702796936, 0.03444673493504524, 0.07056958228349686, 0.093240886926651, 0.0736190527677536, 0.06141325831413269, 0.07280281186103821, 0.11275877058506012, 0.5068480968475342, 0.7525119781494141, 0.3638877272605896, 0.06802161782979965, 0.03769708052277565, 0.028995171189308167, 0.032720405608415604, 0.03648160398006439, 0.03267302364110947, 0.02438332699239254, 0.018847478553652763, 0.02037804201245308, 0.027894381433725357, 0.02515134960412979, 0.013606562279164791, 0.011752762831747532], "tonal.hpcp.stdev": [0.029741663485765457, 0.0403473861515522, 0.07266034185886383, 0.06929302960634232, 0.05469316244125366, 0.09996240586042404, 0.13117745518684387, 0.08016547560691833, 0.07921342551708221, 0.09751968085765839, 0.0848584845662117, 0.06344997137784958, 0.06472159177064896, 0.1023937314748764, 0.1823032796382904, 0.24428223073482513, 0.20090444386005402, 0.18540191650390625, 0.203083798289299, 0.2213737517595291, 0.29348641633987427, 0.37842148542404175, 0.2677880823612213, 0.18898087739944458, 0.13402928411960602, 0.12073283642530441, 0.10673591494560242, 0.10844177007675171, 0.12423577904701233, 0.10398460179567337, 0.07745428383350372, 0.0836096853017807, 0.10154734551906586, 0.0946127399802208, 0.06442578136920929, 0.03137725964188576], "rhythm.beats_position": [0.40634921193122864, 0.7894784212112427, 1.1842176914215088, 1.5557368993759155, 1.9272562265396118, 2.2987754344940186, 2.6819047927856445, 3.0534238815307617, 3.4365532398223877, 3.808072566986084, 4.191201686859131, 4.562720775604248, 4.945850372314453, 5.31736946105957, 5.700498580932617, 6.060408115386963, 6.43192720413208, 6.8034467697143555, 7.174965858459473, 7.54648494720459, 7.918004512786865, 8.28952407836914, 8.661043167114258, 9.032562255859375, 9.392471313476562, 9.75238037109375, 10.123900413513184, 10.4954195022583, 10.866938591003418, 11.226847648620605, 11.598366737365723, 11.958276748657227, 12.329795837402344, 12.701314926147461, 13.061223983764648, 13.421133995056152, 13.79265308380127, 14.175782203674316, 14.535691261291504, 14.907210350036621, 15.278729438781738, 15.650249481201172, 16.02176856994629, 16.393287658691406, 16.764806747436523, 17.13632583618164, 17.507844924926758, 17.879364013671875, 18.250883102416992, 18.622404098510742, 18.99392318725586, 19.353832244873047, 19.713741302490234, 20.08526039123535, 20.44516944885254, 20.805078506469727, 21.164987564086914, 21.53650665283203, 21.89641761779785, 22.25632667541504, 22.639455795288086, 22.999364852905273, 23.35927391052246, 23.730792999267578, 24.102312088012695, 24.473831176757812, 24.84535026550293, 25.20526123046875, 25.565170288085938, 25.936689376831055, 26.296598434448242, 26.65650749206543, 27.016416549682617, 27.387935638427734, 27.75945472717285, 28.11936378479004, 28.49088478088379, 28.862403869628906, 29.222312927246094, 29.59383201599121, 29.9537410736084, 30.325260162353516, 30.685169219970703, 31.04507827758789, 31.416597366333008, 31.776506423950195, 32.136417388916016, 32.5079345703125, 32.86784362792969, 33.227752685546875, 33.599273681640625, 33.970794677734375, 34.319091796875, 34.69061279296875, 35.05052185058594, 35.410430908203125, 35.78194808959961, 36.1418571472168, 36.501766204833984, 36.873287200927734, 37.23319625854492, 37.59310531616211, 37.9530143737793, 38.312923431396484, 38.684444427490234, 39.05596160888672, 39.415870666503906, 39.775779724121094], "rhythm.bpm_histogram": [0.0, 0.0, 0.0, 0.0, 0.0, 0.0, 0.0, 0.0, 0.0, 0.0, 0.0, 0.0, 0.0, 0.0, 0.0, 0.0, 0.0, 0.0, 0.0, 0.0, 0.0, 0.0, 0.0, 0.0, 0.0, 0.0, 0.0, 0.0, 0.0, 0.0, 0.0, 0.0, 0.0, 0.0, 0.0, 0.0, 0.0, 0.0, 0.0, 0.0, 0.0, 0.0, 0.0, 0.0, 0.0, 0.0, 0.0, 0.0, 0.0, 0.0, 0.0, 0.0, 0.0, 0.0, 0.0, 0.0, 0.0, 0.0, 0.0, 0.0, 0.0, 0.0, 0.0, 0.0, 0.0, 0.0, 0.0, 0.0, 0.0, 0.0, 0.0, 0.0, 0.0, 0.0, 0.0, 0.0, 0.0, 0.0, 0.0, 0.0, 0.0, 0.0, 0.0, 0.0, 0.0, 0.0, 0.0, 0.0, 0.0, 0.0, 0.0, 0.0, 0.0, 0.0, 0.0, 0.0, 0.0, 0.0, 0.0, 0.0, 0.0, 0.0, 0.0, 0.0, 0.0, 0.0, 0.0, 0.0, 0.0, 0.0, 0.0, 0.0, 0.0, 0.0, 0.0, 0.0, 0.0, 0.0, 0.0, 0.0, 0.0, 0.0, 0.0, 0.0, 0.0, 0.0, 0.0, 0.0, 0.0, 0.0, 0.0, 0.0, 0.0, 0.0, 0.0, 0.0, 0.0, 0.0, 0.0, 0.0, 0.0, 0.0, 0.0, 0.0, 0.0, 0.0, 0.0, 0.0, 0.0, 0.0, 0.0, 0.0, 0.009345794096589088, 0.0, 0.0, 0.0, 0.0, 0.07476635277271271, 0.0, 0.0, 0.0, 0.5233644843101501, 0.0, 0.0, 0.0, 0.0, 0.0, 0.38317757844924927, 0.0, 0.0, 0.0, 0.0, 0.009345794096589088, 0.0, 0.0, 0.0, 0.0, 0.0, 0.0, 0.0, 0.0, 0.0, 0.0, 0.0, 0.0, 0.0, 0.0, 0.0, 0.0, 0.0, 0.0, 0.0, 0.0, 0.0, 0.0, 0.0, 0.0, 0.0, 0.0, 0.0, 0.0, 0.0, 0.0, 0.0, 0.0, 0.0, 0.0, 0.0, 0.0, 0.0, 0.0, 0.0, 0.0, 0.0, 0.0, 0.0, 0.0, 0.0, 0.0, 0.0, 0.0, 0.0, 0.0, 0.0, 0.0, 0.0, 0.0, 0.0, 0.0, 0.0, 0.0, 0.0, 0.0, 0.0, 0.0, 0.0, 0.0, 0.0, 0.0, 0.0, 0.0, 0.0, 0.0, 0.0, 0.0, 0.0, 0.0, 0.0, 0.0, 0.0], "tonal.chords_histogram": [18.865739822387695, 8.796296119689941, 19.328702926635742, 0.0, 3.472222328186035, 0.0, 0.0, 29.16666603088379, 13.773148536682129, 6.597222328186035, 0.0, 0.0, 0.0, 0.0, 0.0, 0.0, 0.0, 0.0, 0.0, 0.0, 0.0, 0.0, 0.0, 0.0], "tonal.thpcp": [1.0, 0.48356401920318604, 0.09039273858070374, 0.05009499192237854, 0.03853117674589157, 0.04348157346248627, 0.04847976565361023, 0.043418608605861664, 0.03240257501602173, 0.025046084076166153, 0.027080023661255836, 0.037068355828523636, 0.03342318907380104, 0.01808152161538601, 0.015618041157722473, 0.019588951021432877, 0.022958748042583466, 0.027133647352457047, 0.025357944890856743, 0.027054833248257637, 0.10598764568567276, 0.1399376094341278, 0.0677938237786293, 0.03822941333055496, 0.04794592037796974, 0.045066334307193756, 0.03500814363360405, 0.032451994717121124, 0.04577566310763359, 0.09377868473529816, 0.12390618026256561, 0.09783107042312622, 0.08161100745201111, 0.09674638509750366, 0.14984315633773804, 0.6735415458679199], "lowlevel.gfcc.cov": [[968.41748046875, -310.7301940917969, 195.03585815429688, -115.3058853149414, -0.011824049055576324, 102.06637573242188, -78.42851257324219, 134.12091064453125, -36.56309509277344, 33.71049118041992, -67.89907836914062, 50.1421012878418, -85.70086669921875], [-310.7301940917969, 486.8817138671875, -165.86231994628906, 55.798500061035156, -5.863310813903809, -129.8589630126953, 73.30453491210938, -110.92283630371094, 58.77546691894531, -9.94077205657959, 72.01639556884766, -60.37812423706055, 74.69293975830078], [195.03585815429688, -165.86231994628906, 199.62576293945312, -19.99555206298828, -5.073853492736816, 10.08768081665039, -40.600852966308594, 33.52159881591797, -25.950828552246094, 31.235862731933594, -26.03982925415039, 30.852937698364258, -47.354949951171875], [-115.3058853149414, 55.798500061035156, -19.99555206298828, 149.16026306152344, 29.09521484375, -6.7472243309021, 27.883281707763672, -54.11860656738281, 15.487772941589355, -22.581972122192383, 26.049531936645508, -22.530872344970703, 29.746105194091797], [-0.011824049055576324, -5.863310813903809, -5.073853492736816, 29.09521484375, 92.69062805175781, 28.378171920776367, 27.304141998291016, -7.5167436599731445, 0.6073467135429382, -7.636104106903076, -4.0330281257629395, 7.133838176727295, 3.964588165283203], [102.06637573242188, -129.8589630126953, 10.08768081665039, -6.7472243309021, 28.378171920776367, 122.03903198242188, 27.343154907226562, 35.46579360961914, -26.023366928100586, -30.238187789916992, -20.631954193115234, 11.826147079467773, 3.14190936088562], [-78.42851257324219, 73.30453491210938, -40.600852966308594, 27.883281707763672, 27.304141998291016, 27.343154907226562, 110.44844055175781, -11.38291072845459, 2.398159980773926, -21.74043083190918, 6.122880458831787, -4.988723278045654, 22.555789947509766], [134.12091064453125, -110.92283630371094, 33.52159881591797, -54.11860656738281, -7.5167436599731445, 35.46579360961914, -11.38291072845459, 93.89631652832031, 16.516450881958008, 9.857854843139648, -25.010265350341797, 8.716015815734863, -21.003402709960938], [-36.56309509277344, 58.77546691894531, -25.950828552246094, 15.487772941589355, 0.6073467135429382, -26.023366928100586, 2.398159980773926, 16.516450881958008, 78.70689392089844, 27.462377548217773, 22.43974494934082, -19.192079544067383, 4.637821197509766], [33.71049118041992, -9.94077205657959, 31.235862731933594, -22.581972122192383, -7.636104106903076, -30.238187789916992, -21.74043083190918, 9.857854843139648, 27.462377548217773, 70.91880798339844, 20.599485397338867, 5.5808210372924805, -25.52357292175293], [-67.89907836914062, 72.01639556884766, -26.03982925415039, 26.049531936645508, -4.0330281257629395, -20.631954193115234, 6.122880458831787, -25.010265350341797, 22.43974494934082, 20.599485397338867, 63.417259216308594, 2.840392827987671, 14.029088973999023], [50.1421012878418, -60.37812423706055, 30.852937698364258, -22.530872344970703, 7.133838176727295, 11.826147079467773, -4.988723278045654, 8.716015815734863, -19.192079544067383, 5.5808210372924805, 2.840392827987671, 59.039554595947266, 14.033979415893555], [-85.70086669921875, 74.69293975830078, -47.354949951171875, 29.746105194091797, 3.964588165283203, 3.14190936088562, 22.555789947509766, -21.003402709960938, 4.637821197509766, -25.52357292175293, 14.029088973999023, 14.033979415893555, 72.3316650390625]], "lowlevel.gfcc.icov": [[0.0017910976894199848, -0.0009476399864070117, -0.0010241768322885036, -0.00022573303431272507, 8.813994645606726e-05, -0.0020248948130756617, 0.001320950803346932, -0.001766125438734889, 0.00035377516178414226, -0.0005329501000232995, 0.0009552190895192325, -0.0015306331915780902, 0.0015823611756786704], [-0.0009476399864070117, 0.011584571562707424, 0.0018886514008045197, 0.005921593867242336, -0.0023247471544891596, 0.01134010311216116, -0.006993357557803392, 0.007473744451999664, -0.002918470883741975, 0.003224519081413746, -0.007015112321823835, 0.01167190819978714, -0.00987749733030796], [-0.0010241768322885036, 0.0018886514008045197, 0.00960902962833643, -0.00265279458835721, 0.0007509145652875304, 0.002175587462261319, -0.00015271591837517917, -0.0005186061025597155, 0.002216951223090291, -0.0035165813751518726, 0.002245905576273799, -0.0034218584187328815, 0.0028247651644051075], [-0.00022573303431272507, 0.005921593867242336, -0.00265279458835721, 0.01574086956679821, -0.004461306147277355, 0.004864870570600033, -0.0040358202531933784, 0.009996606037020683, -0.005708896555006504, 0.006612109951674938, -0.007664733100682497, 0.01127321645617485, -0.008399371057748795], [8.813994645606726e-05, -0.0023247471544891596, 0.0007509145652875304, -0.004461306147277355, 0.014764601364731789, -0.005962681490927935, -0.0009523223852738738, 0.001407390576787293, -0.002438189461827278, -0.0017411814769729972, 0.005184184294193983, -0.00748526630923152, 0.004975501447916031], [-0.0020248948130756617, 0.01134010311216116, 0.002175587462261319, 0.004864870570600033, -0.005962681490927935, 0.025618182495236397, -0.009702877141535282, -0.00010440195183036849, 0.0027693381998687983, 0.007099738344550133, -0.008738219738006592, 0.012035129591822624, -0.01078889425843954], [0.001320950803346932, -0.006993357557803392, -0.00015271591837517917, -0.0040358202531933784, -0.0009523223852738738, -0.009702877141535282, 0.016145911067724228, -0.004420516546815634, 0.0012357778614386916, -0.0007858166354708374, 0.0034945476800203323, -0.006473490968346596, 0.004723324906080961], [-0.001766125438734889, 0.007473744451999664, -0.0005186061025597155, 0.009996606037020683, 0.001407390576787293, -0.00010440195183036849, -0.004420516546815634, 0.02942822314798832, -0.015564996749162674, 0.003960743546485901, 0.002142689423635602, 0.0035667780321091413, -0.003121728077530861], [0.00035377516178414226, -0.002918470883741975, 0.002216951223090291, -0.005708896555006504, -0.002438189461827278, 0.0027693381998687983, 0.0012357778614386916, -0.015564996749162674, 0.02829323336482048, -0.011703837662935257, -0.004167964216321707, 0.007011899258941412, -0.004155748523771763], [-0.0005329501000232995, 0.003224519081413746, -0.0035165813751518726, 0.006612109951674938, -0.0017411814769729972, 0.007099738344550133, -0.0007858166354708374, 0.003960743546485901, -0.011703837662935257, 0.030892277136445045, -0.011804292909801006, -0.0014341389760375023, 0.006418582051992416], [0.0009552190895192325, -0.007015112321823835, 0.002245905576273799, -0.007664733100682497, 0.005184184294193983, -0.008738219738006592, 0.0034945476800203323, 0.002142689423635602, -0.004167964216321707, -0.011804292909801006, 0.03158222883939743, -0.014004255644977093, 0.005319720599800348], [-0.0015306331915780902, 0.01167190819978714, -0.0034218584187328815, 0.01127321645617485, -0.00748526630923152, 0.012035129591822624, -0.006473490968346596, 0.0035667780321091413, 0.007011899258941412, -0.0014341389760375023, -0.014004255644977093, 0.04254867136478424, -0.024295784533023834], [0.0015823611756786704, -0.00987749733030796, 0.0028247651644051075, -0.008399371057748795, 0.004975501447916031, -0.01078889425843954, 0.004723324906080961, -0.003121728077530861, -0.004155748523771763, 0.006418582051992416, 0.005319720599800348, -0.024295784533023834, 0.03523360565304756]], "lowlevel.mfcc.cov": [[817.279052734375, -156.0147247314453, 91.54837799072266, -131.6321258544922, 68.73023223876953, -45.460262298583984, 2.3448052406311035, 56.82073211669922, 8.362504959106445, 56.696285247802734, -17.254663467407227, -8.826891899108887, 11.416080474853516], [-156.0147247314453, 343.4925231933594, -97.5381851196289, 70.17720794677734, -84.06619262695312, -7.404961109161377, -27.174501419067383, -62.94694900512695, -4.922026634216309, -20.88440704345703, 28.293790817260742, 21.379533767700195, -10.832016944885254], [91.54837799072266, -97.5381851196289, 150.15390014648438, -16.522151947021484, 14.580103874206543, -24.754249572753906, -11.685795783996582, -1.2515369653701782, -22.878406524658203, 18.321718215942383, -6.70601749420166, -4.316256999969482, -1.5298092365264893], [-131.6321258544922, 70.17720794677734, -16.522151947021484, 159.50790405273438, -11.702140808105469, 36.42410659790039, -11.119003295898438, -37.114376068115234, -11.792715072631836, -21.779815673828125, 17.559242248535156, 11.382336616516113, 5.363771915435791], [68.73023223876953, -84.06619262695312, 14.580103874206543, -11.702140808105469, 95.4308090209961, 4.766564846038818, -8.530744552612305, 7.805103778839111, 3.4592437744140625, 8.145901679992676, -14.194000244140625, 5.3849873542785645, 9.702627182006836], [-45.460262298583984, -7.404961109161377, -24.754249572753906, 36.42410659790039, 4.766564846038818, 94.40958404541016, 47.58140563964844, 13.483857154846191, 4.602210521697998, -22.860939025878906, -2.237137794494629, -9.963574409484863, -2.1864542961120605], [2.3448052406311035, -27.174501419067383, -11.685795783996582, -11.119003295898438, -8.530744552612305, 47.58140563964844, 82.04428100585938, 42.9222412109375, 7.416274547576904, -14.218668937683105, -10.52444076538086, -17.488948822021484, -3.8407557010650635], [56.82073211669922, -62.94694900512695, -1.2515369653701782, -37.114376068115234, 7.805103778839111, 13.483857154846191, 42.9222412109375, 81.29488372802734, 33.384605407714844, 4.065315246582031, -18.351974487304688, -22.975143432617188, -3.1810953617095947], [8.362504959106445, -4.922026634216309, -22.878406524658203, -11.792715072631836, 3.4592437744140625, 4.602210521697998, 7.416274547576904, 33.384605407714844, 63.722991943359375, 11.795801162719727, -4.339331150054932, -13.262017250061035, -1.1411004066467285], [56.696285247802734, -20.88440704345703, 18.321718215942383, -21.779815673828125, 8.145901679992676, -22.860939025878906, -14.218668937683105, 4.065315246582031, 11.795801162719727, 61.379695892333984, 18.694337844848633, 8.259943962097168, -3.1999666690826416], [-17.254663467407227, 28.293790817260742, -6.70601749420166, 17.559242248535156, -14.194000244140625, -2.237137794494629, -10.52444076538086, -18.351974487304688, -4.339331150054932, 18.694337844848633, 56.20036315917969, 31.511329650878906, 2.3731629848480225], [-8.826891899108887, 21.379533767700195, -4.316256999969482, 11.382336616516113, 5.3849873542785645, -9.963574409484863, -17.488948822021484, -22.975143432617188, -13.262017250061035, 8.259943962097168, 31.511329650878906, 61.94196701049805, 19.00052833557129], [11.416080474853516, -10.832016944885254, -1.5298092365264893, 5.363771915435791, 9.702627182006836, -2.1864542961120605, -3.8407557010650635, -3.1810953617095947, -1.1411004066467285, -3.1999666690826416, 2.3731629848480225, 19.00052833557129, 41.13315200805664]], "lowlevel.mfcc.icov": [[0.001645694370381534, -7.825986540410668e-05, -0.0006792557542212307, 0.00095291220350191, -0.0008835936314426363, 0.00017209556244779378, 3.65893793059513e-05, -0.0008318025502376258, 0.0003834411909338087, -0.0008671780815348029, -0.00015118731244001538, 0.0003250959562137723, -0.0006684894906356931], [-7.825986540410668e-05, 0.006022779271006584, 0.0033595438580960035, -0.0014922230038791895, 0.004332424607127905, 0.0011303856736049056, 0.00022263250139076263, 0.003594519104808569, -0.0011996137909591198, 0.0005859117372892797, 0.0007589093875139952, -0.0017237645806744695, 0.002028979826718569], [-0.0006792557542212307, 0.0033595438580960035, 0.010237893089652061, -0.0013212631456553936, 0.001736122532747686, 0.002014425117522478, 0.0005031851469539106, 0.0009830084163695574, 0.0035911451559513807, -0.002309445757418871, 0.001456809462979436, 0.00037499782047234476, 0.0011095310328528285], [0.00095291220350191, -0.0014922230038791895, -0.0013212631456553936, 0.009703692980110645, -0.0006791650084778666, -0.004806852899491787, 0.002576683647930622, 0.0016477442113682628, -1.9299559426144697e-05, 0.0017909682355821133, -0.002601463347673416, 0.0010640176478773355, -0.0019018333405256271], [-0.0008835936314426363, 0.004332424607127905, 0.001736122532747686, -0.0006791650084778666, 0.01655888743698597, -0.003338790964335203, 0.004252962302416563, 0.0009548655361868441, -0.0008864724659360945, -0.0021706365514546633, 0.0065492866560816765, -0.004914399702101946, -0.0003744345740415156], [0.00017209556244779378, 0.0011303856736049056, 0.002014425117522478, -0.004806852899491787, -0.003338790964335203, 0.020546717569231987, -0.012761115096509457, 0.0027321274392306805, -0.001889422070235014, 0.003931103739887476, -0.002755525056272745, 0.0016805140767246485, 0.0014872339088469744], [3.65893793059513e-05, 0.00022263250139076263, 0.0005031851469539106, 0.002576683647930622, 0.004252962302416563, -0.012761115096509457, 0.027569271624088287, -0.013478419743478298, 0.005085381213575602, 0.0016935719177126884, -0.00023532836348749697, 0.0010199404787272215, -0.0006032007513567805], [-0.0008318025502376258, 0.003594519104808569, 0.0009830084163695574, 0.0016477442113682628, 0.0009548655361868441, 0.0027321274392306805, -0.013478419743478298, 0.029273532330989838, -0.01232501957565546, -0.0007056196918711066, 0.0034511673729866743, 0.0012902353191748261, 0.0007325885235331953], [0.0003834411909338087, -0.0011996137909591198, 0.0035911451559513807, -1.9299559426144697e-05, -0.0008864724659360945, -0.001889422070235014, 0.005085381213575602, -0.01232501957565546, 0.02479974739253521, -0.005676787346601486, -0.0009225178509950638, 0.004666476976126432, -0.002511903177946806], [-0.0008671780815348029, 0.0005859117372892797, -0.002309445757418871, 0.0017909682355821133, -0.0021706365514546633, 0.003931103739887476, 0.0016935719177126884, -0.0007056196918711066, -0.005676787346601486, 0.025335149839520454, -0.010756521485745907, 8.987918408820406e-05, 0.003292626701295376], [-0.00015118731244001538, 0.0007589093875139952, 0.001456809462979436, -0.002601463347673416, 0.0065492866560816765, -0.002755525056272745, -0.00023532836348749697, 0.0034511673729866743, -0.0009225178509950638, -0.010756521485745907, 0.0336349755525589, -0.016623809933662415, 0.004064848180860281], [0.0003250959562137723, -0.0017237645806744695, 0.00037499782047234476, 0.0010640176478773355, -0.004914399702101946, 0.0016805140767246485, 0.0010199404787272215, 0.0012902353191748261, 0.004666476976126432, 8.987918408820406e-05, -0.016623809933662415, 0.031399697065353394, -0.012634220533072948], [-0.0006684894906356931, 0.