{"song_id": "1182275079149727795", "download": "https://cdn.discordapp.com/attachments/1128313332273782784/1182275079149727795/chirp.mp4?ex=65841a78&amp", "lyrics": "[Instrumental introduction]\n[verse 1]\n\u042f \u043d\u0430\u0432\u0441\u0435\u0433\u0434\u0430 \u0437\u0430\u043f\u043e\u043c\u043d\u044e \u043d\u043e\u0447\u044c,\n\u041a\u043e\u0433\u0434\u0430 \u0432\u0441\u0451 \u044d\u0442\u043e \u043d\u0430\u0447\u0430\u043b\u043e\u0441\u044c\n\u041f\u043e\u0434 \u0443\u0442\u0440\u043e \u044f \u0441 \u0443\u043c\u0430 \u0441\u043e\u0448\u043b\u0430\n\u0417\u0430\u0447\u0435\u043c \u0436\u0435 \u044f \u0442\u0435\u0431\u044f \u043d\u0430\u0448\u043b\u0430!?", "style": ["Rap"], "essentia_features": {"lowlevel.average_loudness": 0.9738650918006897, "lowlevel.barkbands_crest.mean": 9.840662002563477, "lowlevel.barkbands_crest.stdev": 3.2893214225769043, "lowlevel.barkbands_flatness_db.mean": 0.23350460827350616, "lowlevel.barkbands_flatness_db.stdev": 0.041199710220098495, "lowlevel.barkbands_kurtosis.mean": 1.9052972793579102, "lowlevel.barkbands_kurtosis.stdev": 3.0782058238983154, "lowlevel.barkbands_skewness.mean": 1.0501023530960083, "lowlevel.barkbands_skewness.stdev": 0.850361168384552, "lowlevel.barkbands_spread.mean": 12.792613983154297, "lowlevel.barkbands_spread.stdev": 11.168455123901367, "lowlevel.dissonance.mean": 0.42033815383911133, "lowlevel.dissonance.stdev": 0.033542223274707794, "lowlevel.dynamic_complexity": 2.3163723945617676, "lowlevel.erbbands_crest.mean": 11.122875213623047, "lowlevel.erbbands_crest.stdev": 4.494448184967041, "lowlevel.erbbands_flatness_db.mean": 0.27120518684387207, "lowlevel.erbbands_flatness_db.stdev": 0.050577033311128616, "lowlevel.erbbands_kurtosis.mean": 0.5334146618843079, "lowlevel.erbbands_kurtosis.stdev": 1.6538387537002563, "lowlevel.erbbands_skewness.mean": 0.37671080231666565, "lowlevel.erbbands_skewness.stdev": 0.6146305799484253, "lowlevel.erbbands_spread.mean": 22.293886184692383, "lowlevel.erbbands_spread.stdev": 17.557472229003906, "lowlevel.hfc.mean": 23.692155838012695, "lowlevel.hfc.stdev": 17.73070526123047, "lowlevel.loudness_ebu128.integrated": -19.40092658996582, "lowlevel.loudness_ebu128.loudness_range": 1.3775520324707031, "lowlevel.loudness_ebu128.momentary.mean": -19.808109283447266, "lowlevel.loudness_ebu128.momentary.stdev": 1.9440743923187256, "lowlevel.loudness_ebu128.short_term.mean": -19.360637664794922, "lowlevel.loudness_ebu128.short_term.stdev": 0.460746169090271, "lowlevel.melbands_crest.mean": 12.406522750854492, "lowlevel.melbands_crest.stdev": 4.312019348144531, "lowlevel.melbands_flatness_db.mean": 0.25491592288017273, "lowlevel.melbands_flatness_db.stdev": 0.055324018001556396, "lowlevel.melbands_kurtosis.mean": 4.626335620880127, "lowlevel.melbands_kurtosis.stdev": 5.58999490737915, "lowlevel.melbands_skewness.mean": 1.5690463781356812, "lowlevel.melbands_skewness.stdev": 1.056064248085022, "lowlevel.melbands_spread.mean": 16.779924392700195, "lowlevel.melbands_spread.stdev": 10.076157569885254, "lowlevel.pitch_salience.mean": 0.5816583037376404, "lowlevel.pitch_salience.stdev": 0.08774878084659576, "lowlevel.silence_rate_20dB.mean": 1.0, "lowlevel.silence_rate_20dB.stdev": 0.0, "lowlevel.silence_rate_30dB.mean": 1.0, "lowlevel.silence_rate_30dB.stdev": 0.0, "lowlevel.silence_rate_60dB.mean": 0.003225806402042508, "lowlevel.silence_rate_60dB.stdev": 0.056704722344875336, "lowlevel.spectral_centroid.mean": 932.3965454101562, "lowlevel.spectral_centroid.stdev": 312.8993835449219, "lowlevel.spectral_complexity.mean": 14.67258071899414, "lowlevel.spectral_complexity.stdev": 3.37890362739563, "lowlevel.spectral_decrease.mean": -6.344214931175429e-09, "lowlevel.spectral_decrease.stdev": 3.911103441112118e-09, "lowlevel.spectral_energy.mean": 0.02609347365796566, "lowlevel.spectral_energy.stdev": 0.01611294597387314, "lowlevel.spectral_energyband_high.mean": 0.0003695136692840606, "lowlevel.spectral_energyband_high.stdev": 0.0008387730340473354, "lowlevel.spectral_energyband_low.mean": 0.0004956111661158502, "lowlevel.spectral_energyband_low.stdev": 0.0007137287175282836, "lowlevel.spectral_energyband_middle_high.mean": 0.010569502599537373, "lowlevel.spectral_energyband_middle_high.stdev": 0.011829668655991554, "lowlevel.spectral_energyband_middle_low.mean": 0.01552691962569952, "lowlevel.spectral_energyband_middle_low.stdev": 0.009096894413232803, "lowlevel.spectral_entropy.mean": 6.911596775054932, "lowlevel.spectral_entropy.stdev": 0.4226242005825043, "lowlevel.spectral_flux.mean": 0.05960678681731224, "lowlevel.spectral_flux.stdev": 0.03623313084244728, "lowlevel.spectral_kurtosis.mean": 10.655298233032227, "lowlevel.spectral_kurtosis.stdev": 7.38395357131958, "lowlevel.spectral_rms.mean": 0.0048067523166537285, "lowlevel.spectral_rms.stdev": 0.0015336856013163924, "lowlevel.spectral_rolloff.mean": 1650.1370849609375, "lowlevel.spectral_rolloff.stdev": 1753.979736328125, "lowlevel.spectral_skewness.mean": 2.3769073486328125, "lowlevel.spectral_skewness.stdev": 0.6826051473617554, "lowlevel.spectral_spread.mean": 3687075.0, "lowlevel.spectral_spread.stdev": 2406660.75, "lowlevel.spectral_strongpeak.mean": 2.2657980918884277, "lowlevel.spectral_strongpeak.stdev": 2.0074079036712646, "lowlevel.zerocrossingrate.mean": 0.05457251891493797, "lowlevel.zerocrossingrate.stdev": 0.03811405599117279, "metadata.audio_properties.analysis.equal_loudness": 0.0, "metadata.audio_properties.analysis.length": 14.357324600219727, "metadata.audio_properties.analysis.sample_rate": 44100.0, "metadata.audio_properties.analysis.start_time": 0.0, "metadata.audio_properties.bit_rate": 98853.0, "metadata.audio_properties.length": 14.357333183288574, "metadata.audio_properties.lossless": 0.0, "metadata.audio_properties.number_channels": 1.0, "metadata.audio_properties.replay_gain": -7.366596221923828, "metadata.audio_properties.sample_rate": 48000.0, "rhythm.beats_count": 16.0, "rhythm.beats_loudness.mean": 0.028842534869909286, "rhythm.beats_loudness.stdev": 0.01697331666946411, "rhythm.bpm": 71.56739807128906, "rhythm.bpm_histogram_first_peak_bpm": 74.0, "rhythm.bpm_histogram_first_peak_weight": 0.4615384340286255, "rhythm.bpm_histogram_second_peak_bpm": 68.0, "rhythm.bpm_histogram_second_peak_spread": 0.0, "rhythm.bpm_histogram_second_peak_weight": 0.13333334028720856, "rhythm.danceability": 1.3127708435058594, "rhythm.onset_rate": 2.8525407314300537, "tonal.chords_changes_rate": 0.03215434029698372, "tonal.chords_number_rate": 0.012861736118793488, "tonal.chords_strength.mean": 0.5326151847839355, "tonal.chords_strength.stdev": 0.08419032394886017, "tonal.hpcp_crest.mean": 16.69219398498535, "tonal.hpcp_crest.stdev": 5.496367931365967, "tonal.hpcp_entropy.mean": 1.471897840499878, "tonal.hpcp_entropy.stdev": 0.4340685307979584, "tonal.key_edma.strength": 0.7739933729171753, "tonal.key_krumhansl.strength": 0.7834663391113281, "tonal.key_temperley.strength": 0.7951000928878784, "tonal.tuning_diatonic_strength": 0.6109173893928528, "tonal.tuning_equal_tempered_deviation": 0.0028031193651258945, "tonal.tuning_frequency": 440.5086364746094, "tonal.tuning_nontempered_energy_ratio": 0.5881763696670532, "lowlevel.barkbands.mean": [1.170453401755367e-06, 4.940231519867666e-06, 0.0003687956486828625, 0.0001758755970513448, 0.0008592251688241959, 0.004413709044456482, 0.004775770474225283, 0.002736669033765793, 0.001095047453418374, 0.002023922512307763, 0.0018493619281798601, 0.0024198079481720924, 0.001297567505389452, 0.002199153881520033, 0.0010311899241060019, 0.00025723405997268856, 5.776480975328013e-05, 2.4415850930381566e-05, 0.00010046133684227243, 9.399330883752555e-05, 7.527854177169502e-05, 9.328189662483055e-06, 1.7785756426746957e-05, 5.534043884836137e-05, 0.0001495767937740311, 9.535769862623056e-08, 9.823040159062657e-10], "lowlevel.barkbands.stdev": [1.5798121921761776e-06, 9.542664884065744e-06, 0.0005596666596829891, 0.00018998062296304852, 0.0007811854011379182, 0.00404862267896533, 0.004282462876290083, 0.0030012561473995447, 0.0027408055029809475, 0.00508900498971343, 0.004968786146491766, 0.0048221079632639885, 0.0025815663393586874, 0.0038407633546739817, 0.0025894977152347565, 0.0006652018055319786, 7.821051985956728e-05, 2.9545837605837733e-05, 0.00014646364434156567, 0.00014999644190538675, 0.00014511535118799657, 2.0705258066300303e-05, 7.357975846389309e-05, 0.00023686650092713535, 0.0005379588692449033, 6.509774834739801e-07, 1.5962975385974687e-09], "lowlevel.erbbands.mean": [0.00016364705516025424, 0.005945064127445221, 0.24414603412151337, 0.7224998474121094, 0.7183886766433716, 2.9939887523651123, 13.294114112854004, 39.07585144042969, 82.05562591552734, 71.99052429199219, 31.876785278320312, 29.300403594970703, 72.81419372558594, 32.849632263183594, 83.97268676757812, 126.68431091308594, 71.00112915039062, 111.30715942382812, 72.2317123413086, 36.791656494140625, 9.66375732421875, 3.08591890335083, 1.5143160820007324, 3.071211338043213, 5.4248151779174805, 5.014920711517334, 4.2586259841918945, 1.7202928066253662, 0.40550562739372253, 0.34678807854652405, 0.5658454298973083, 0.7587307691574097, 1.3482946157455444, 2.290471076965332, 0.6474997997283936, 0.0315670445561409, 0.0009619607008062303, 7.736374391242862e-05, 2.424443118798081e-05, 3.323562486912124e-05], "lowlevel.erbbands.stdev": [0.00020994697115384042, 0.008579407818615437, 0.36599501967430115, 0.9089958667755127, 1.4406952857971191, 2.753978729248047, 14.124682426452637, 35.103729248046875, 70.9853515625, 66.68241882324219, 35.57558059692383, 71.427978515625, 196.40945434570312, 61.380130767822266, 226.08160400390625, 240.73939514160156, 107.83760070800781, 198.49288940429688, 155.9061737060547, 74.08344268798828, 17.91619110107422, 3.854943037033081, 1.640945315361023, 5.127640724182129, 8.133008003234863, 8.607095718383789, 7.214043617248535, 3.598330497741699, 0.8001346588134766, 1.0617891550064087, 2.435011148452759, 3.3659725189208984, 5.602489948272705, 8.671866416931152, 2.0911731719970703, 0.10320053994655609, 0.003096899716183543, 0.0002444628917146474, 3.513080082484521e-05, 2.0023351680720225e-05], "lowlevel.gfcc.mean": [-52.5976448059082, 120.38080596923828, -168.8423614501953, -23.759063720703125, -80.9986801147461, -6.782533645629883, -60.21607971191406, -10.332860946655273, -38.61014175415039, 18.7912654876709, 0.13269759714603424, -25.455860137939453, 7.248348712921143], "lowlevel.melbands.mean": [1.0867076980503043e-06, 9.640042117098346e-05, 0.0001175355791929178, 0.00011769300908781588, 0.0004031565913464874, 0.0009342250996269286, 0.0011959067778661847, 0.00077210454037413, 0.0002292905846843496, 0.00017378345364704728, 0.0003574145957827568, 0.00011425733100622892, 0.00025786939659155905, 0.0002944605075754225, 0.00023648508067708462, 0.00012319788220338523, 0.00022633347543887794, 0.00012631044955924153, 5.4457435908261687e-05, 3.5605509765446186e-05, 7.194970748969354e-06, 3.4877016332757194e-06, 1.5532159522990696e-06, 1.1467585636637523e-06, 2.4918974759202683e-06, 4.16102193412371e-06, 2.8783442758140154e-06, 3.4013737604254857e-06, 2.806105385388946e-06, 2.076484634017106e-06, 6.230775966287183e-07, 2.0344150186701881e-07, 1.666596745053539e-07, 2.0173027337477833e-07, 3.24544373597746e-07, 3.6837838024439407e-07, 4.817089234165906e-07, 7.482258865820768e-07, 1.5172444136624108e-06, 2.108893795593758e-06], "lowlevel.melbands.stdev": [1.8257032934343442e-06, 0.00014350522542372346, 0.00012725051783490926, 0.0001651763159316033, 0.0003998597676400095, 0.0008609025389887393, 0.0010328516364097595, 0.0007619819953106344, 0.00032571449992246926, 0.00040941155748441815, 0.0009808632312342525, 0.0002498700632713735, 0.0006877169362269342, 0.0005365010001696646, 0.00037402738234959543, 0.0002796972112264484, 0.0004169605963397771, 0.0002556455438025296, 0.00011845467815874144, 8.324074588017538e-05, 1.6273641449515708e-05, 4.895991878584027e-06, 1.8015144860328292e-06, 1.5757316305098357e-06, 4.786076715390664e-06, 6.4930995904433075e-06, 4.260665718902601e-06, 6.157965799502563e-06, 4.6086456677585375e-06, 4.932576302962843e-06, 1.4607437606173335e-06, 4.437951304225862e-07, 4.3840310581799713e-07, 6.798275080655003e-07, 1.4199719089447171e-06, 1.747324745338119e-06, 2.1919172468187753e-06, 3.308186705908156e-06, 5.928404334554216e-06, 8.220455129048787e-06], "lowlevel.melbands128.mean": [4.4444877289606666e-07, 5.815932695441006e-07, 1.0383163271399098e-06, 2.6119125777768204e-06, 5.63217508897651e-05, 0.0002277232415508479, 0.00016572624735999852, 6.85760605847463e-05, 5.5388896726071835e-05, 0.00010035465675173327, 0.0001393798884237185, 0.0003007563063874841, 0.0004264377639628947, 0.000601008243393153, 0.0006262988899834454, 0.0013851216062903404, 0.0015065575717017055, 0.0012998925521969795, 0.0005982869770377874, 0.0008535548695363104, 0.0009464318864047527, 0.00019683090795297176, 0.00013724221207667142, 0.00021028971241321415, 0.00023268598306458443, 6.437922274926677e-05, 0.000263063091551885, 0.0006272431346587837, 0.00017074130300898105, 9.593099093763158e-05, 6.733309419360012e-05, 0.00018070735677611083, 0.0002860376553144306, 0.00038367591332644224, 6.531745748361573e-05, 0.0003615295572672039, 0.0005314641748555005, 9.07040448510088e-05, 0.000228356642764993, 0.00013070796558167785, 7.002108759479597e-05, 0.0001481131330365315, 0.0002039562095887959, 0.000360146164894104, 9.592109563527629e-05, 0.0001078360146493651, 0.00012061787128914148, 1.7109268810600042e-05, 4.820366302737966e-05, 7.022422505542636e-05, 2.7567788492888212e-05, 1.2354976206552237e-05, 6.114970346970949e-06, 5.950852482783375e-06, 5.69555504625896e-06, 3.308302211735281e-06, 1.491532657382777e-06, 1.923917807289399e-06, 1.499398081250547e-06, 1.0599799225019524e-06, 9.394094035997114e-07, 1.2499119748099474e-06, 2.464629233145388e-06, 3.31482942783623e-06, 1.4041922895557946e-06, 4.039677605760517e-06, 7.152694251999492e-06, 2.0277302610338666e-06, 1.6180115380848292e-06, 3.7414154121506726e-06, 4.433832600625465e-06, 2.167650563933421e-06, 3.4376298572169617e-06, 2.914344122473267e-06, 2.151380613213405e-06, 2.7664991648634896e-06, 1.7676951529210783e-06, 6.322608783193573e-07, 7.288274446182186e-07, 2.0605699546649703e-07, 2.589342784631299e-07, 1.7023371867708192e-07, 1.486245366777439e-07, 1.9352684432760725e-07, 1.4372371026638575e-07, 1.6566632154990657e-07, 1.9129288375552278e-07, 3.276468589774595e-07, 3.714399952059466e-07, 2.794964757413254e-07, 3.221194049274345e-07, 3.819186531472951e-07, 4.851306130149169e-07, 4.0152278302230116e-07, 5.573712655859708e-07, 5.956638347015542e-07, 8.119246786009171e-07, 9.440333315069438e-07, 1.2021512247883948e-06, 1.971779738596524e-06, 2.431107986922143e-06, 2.6356681246397784e-06, 8.093534802355862e-07, 1.4012914562044898e-06, 5.352616767595464e-07, 5.124506969877984e-07, 7.827557624295878e-08, 7.761749465373668e-09, 8.408066777543244e-12, 1.0534810003515194e-11, 9.218814080169668e-12, 4.766093769648094e-11, 5.7723086727135e-11, 1.0287049684309935e-10, 4.3870043014981874e-11, 3.481109150937911e-11, 5.5357268248512614e-12, 4.546163792640279e-12, 4.4193316540985794e-12, 4.308744333547665e-12, 4.196329481814809e-12, 4.1077232761088656e-12, 4.037856854433031e-12, 3.966784366260523e-12, 3.8250791423166675e-12, 3.6292065273141327e-12, 3.516848487775115e-12, 3.4859847213714046e-12], "lowlevel.melbands128.stdev": [6.606194347114069e-07, 1.0232541853838484e-06, 1.9547856027202215e-06, 5.7723191275727e-06, 8.630090451333672e-05, 0.00034581756335683167, 0.0002278594474773854, 9.147615492111072e-05, 0.00013575908087659627, 0.0002973932714667171, 0.00015020080900285393, 0.0002886559523176402, 0.0005633496912196279, 0.00098310480825603, 0.0007860934711061418, 0.001821865444071591, 0.0016886164667084813, 0.0018140948377549648, 0.0008653565309941769, 0.0009810469346120954, 0.001194665441289544, 0.0002578468411229551, 0.0003474806435406208, 0.0007310431683436036, 0.0008115629316307604, 0.0002111590001732111, 0.0008445970597676933, 0.00185603485442698, 0.0005792134907096624, 0.0003562644124031067, 0.00024742959067225456, 0.000644478015601635, 0.0008020291570574045, 0.0015929974615573883, 0.00023194370442070067, 0.0007957214838825166, 0.0012428773334249854, 0.00029264434124343097, 0.0004930680734105408, 0.0002844503032974899, 0.0003553376882337034, 0.0007101254886947572, 0.00043982311035506427, 0.0008057320956140757, 0.0002615429402794689, 0.0003949889214709401, 0.0004982432583346963, 4.155978240305558e-05, 0.00013988745922688395, 0.00019673621864058077, 0.0001247901818715036, 2.847913492587395e-05, 2.8959741030121222e-05, 1.7352005670545623e-05, 1.2602008609974291e-05, 7.009906312305247e-06, 2.7605306058831047e-06, 3.006201268362929e-06, 2.2279045879258774e-06, 1.73698583694204e-06, 1.7415928823538707e-06, 2.7285941541776992e-06, 5.204385615797946e-06, 7.461058430635603e-06, 2.8954113986401353e-06, 7.716239451838192e-06, 1.2441382750694174e-05, 4.100273145013489e-06, 3.206943574696197e-06, 7.602584446431138e-06, 1.1302874554530717e-05, 3.911934527423e-06, 6.960076461837161e-06, 5.787331247120164e-06, 4.8497054194740485e-06, 8.983089173852932e-06, 4.539325800578808e-06, 1.7854041516329744e-06, 1.8157504655391676e-06, 5.760050498793134e-07, 6.727340746692789e-07, 3.71361437601081e-07, 3.5098565831503947e-07, 6.110010417614831e-07, 4.0603589468446444e-07, 5.8499983879301e-07, 6.588586529687745e-07, 1.3498309954229626e-06, 1.7611700968700461e-06, 1.3566074130721972e-06, 1.545307895867154e-06, 2.0825436877203174e-06, 2.2440408429247327e-06, 1.8233832861369592e-06, 3.113152388323215e-06, 2.5436033865844365e-06, 3.8853368096170016e-06, 4.450140295375604e-06, 5.060042894911021e-06, 7.82861934567336e-06, 9.377087735629175e-06, 1.1465100214991253e-05, 2.8886840937047964e-06, 4.532700131676393e-06, 1.6180473494387115e-06, 1.8470790337232756e-06, 3.1780095355316007e-07, 4.266269115760224e-08, 3.1292517188585833e-11, 9.858766580883582e-11, 5.87512538618995e-11, 9.812481938098472e-10, 1.2538432514475062e-09, 2.366224771677139e-09, 9.321440286313987e-10, 7.259549628102491e-10, 2.2286408829508275e-11, 7.244602487355145e-12, 7.037353772637589e-12, 6.849026987915119e-12, 6.686635620201109e-12, 6.538854527282645e-12, 6.412982991865768e-12, 6.298821273592603e-12, 6.2100806268172715e-12, 6.1354320061990375e-12, 6.079692738830689e-12, 6.046392986985838e-12], "lowlevel.mfcc.mean": [-686.8876953125, 161.7063446044922, -40.56255340576172, -20.851591110229492, -16.380800247192383, -18.788162231445312, -1.687307596206665, -55.97751235961914, -11.292825698852539, -12.481245994567871, -5.182279109954834, -3.650946617126465, 6.312525272369385], "lowlevel.spectral_contrast_coeffs.mean": [-0.5773359537124634, -0.6296619176864624, -0.6697095036506653, -0.7094965577125549, -0.7900999784469604, -0.7407809495925903], "lowlevel.spectral_contrast_coeffs.stdev": [0.062195342034101486, 0.06283533573150635, 0.07460980117321014, 0.055207304656505585, 0.041016511619091034, 0.06542835384607315], "lowlevel.spectral_contrast_valleys.mean": [-8.453986167907715, -6.6195855140686035, -7.638782978057861, -7.752055644989014, -8.27929973602295, -11.683889389038086], "lowlevel.spectral_contrast_valleys.stdev": [0.6531810760498047, 0.6017118096351624, 0.6061950325965881, 0.5252399444580078, 0.6069314479827881, 1.3567461967468262], "rhythm.beats_loudness_band_ratio.mean": [0.033219706267118454, 0.28989678621292114, 0.431545615196228, 0.2304733246564865, 0.09363257884979248, 0.03772308677434921], "rhythm.beats_loudness_band_ratio.stdev": [0.031010819599032402, 0.1677936613559723, 0.1358671933412552, 0.10522335022687912, 0.1245272234082222, 0.07564312219619751], "tonal.hpcp.mean": [0.3683003783226013, 0.1835183948278427, 0.013255465775728226, 0.016718542203307152, 0.016971323639154434, 0.08309674263000488, 0.14704906940460205, 0.08475232869386673, 0.22400373220443726, 0.4116862416267395, 0.20121519267559052, 0.006060237064957619, 0.004656120669096708, 0.007971728220582008, 0.13438433408737183, 0.28325074911117554, 0.17068533599376678, 0.025442440062761307, 0.01629510708153248, 0.02790984883904457, 0.11732050031423569, 0.19124633073806763, 0.10441146790981293, 0.06594464182853699, 0.09888574481010437, 0.04560688138008118, 0.02503027766942978, 0.04100003093481064, 0.040756333619356155, 0.23586952686309814, 0.44625893235206604, 0.267055481672287, 0.05597145855426788, 0.030998235568404198, 0.02500765398144722, 0.20233018696308136], "tonal.hpcp.stdev": [0.4151226580142975, 0.212678000330925, 0.05133673548698425, 0.09665130078792572, 0.0729442834854126, 0.1466951221227646, 0.22867846488952637, 0.14431101083755493, 0.1886008381843567, 0.3260612189769745, 0.1856982409954071, 0.016933592036366463, 0.010962959378957748, 0.02669154293835163, 0.19174537062644958, 0.3752121329307556, 0.22938445210456848, 0.07483328133821487, 0.061543840914964676, 0.10366436094045639, 0.21659740805625916, 0.24674683809280396, 0.17123277485370636, 0.1377766877412796, 0.21421770751476288, 0.09642520546913147, 0.10925581306219101, 0.14773054420948029, 0.1210857406258583, 0.26607638597488403, 0.40070807933807373, 0.27741539478302, 0.15187357366085052, 0.08471119403839111, 0.1006653904914856, 0.24769075214862823], "rhythm.beats_position": [0.8707482814788818, 1.7531065940856934, 2.635464906692505, 3.494603157043457, 4.353741645812988, 5.201269626617432, 6.048798084259033, 6.896326541900635, 7.720634937286377, 8.544942855834961, 9.357641220092773, 10.193559646606445, 11.006258010864258, 11.81895637512207, 12.631654739379883, 13.455963134765625], "rhythm.bpm_histogram": [0.0, 0.0, 0.0, 0.0, 0.0, 0.0, 0.0, 0.0, 0.0, 0.0, 0.0, 0.0, 0.0, 0.0, 0.0, 0.0, 0.0, 0.0, 0.0, 0.0, 0.0, 0.0, 0.0, 0.0, 0.0, 0.0, 0.0, 0.0, 0.0, 0.0, 0.0, 0.0, 0.0, 0.0, 0.0, 0.0, 0.0, 0.0, 0.0, 0.0, 0.0, 0.0, 0.0, 0.0, 0.0, 0.0, 0.0, 0.0, 0.0, 0.0, 0.0, 0.0, 0.0, 0.0, 0.0, 0.0, 0.0, 0.0, 0.0, 0.0, 0.0, 0.0, 0.0, 0.0, 0.0, 0.0, 0.0, 0.0, 0.13333334028720856, 0.0, 0.13333334028720856, 0.20000000298023224, 0.06666667014360428, 0.20000000298023224, 0.2666666805744171, 0.0, 0.0, 0.0, 0.0, 0.0, 0.0, 0.0, 0.0, 0.0, 0.0, 0.0, 0.0, 0.0, 0.0, 0.0, 0.0, 0.0, 0.0, 0.0, 0.0, 0.0, 0.0, 0.0, 0.0, 0.0, 0.0, 0.0, 0.0, 0.0, 0.0, 0.0, 0.0, 0.0, 0.0, 0.0, 0.0, 0.0, 0.0, 0.0, 0.0, 0.0, 0.0, 0.0, 0.0, 0.0, 0.0, 0.0, 0.0, 0.0, 0.0, 0.0, 0.0, 0.0, 0.0, 0.0, 0.0, 0.0, 0.0, 0.0, 0.0, 0.0, 0.0, 0.0, 0.0, 0.0, 0.0, 0.0, 0.0, 0.0, 0.0, 0.0, 0.0, 0.0, 0.0, 0.0, 0.0, 0.0, 0.0, 0.0, 0.0, 0.0, 0.0, 0.0, 0.0, 0.0, 0.0, 0.0, 0.0, 0.0, 0.0, 0.0, 0.0, 0.0, 0.0, 0.0, 0.0, 0.0, 0.0, 0.0, 0.0, 0.0, 0.0, 0.0, 0.0, 0.0, 0.0, 0.0, 0.0, 0.0, 0.0, 0.0, 0.0, 0.0, 0.0, 0.0, 0.0, 0.0, 0.0, 0.0, 0.0, 0.0, 0.0, 0.0, 0.0, 0.0, 0.0, 0.0, 0.0, 0.0, 0.0, 0.0, 0.0, 0.0, 0.0, 0.0, 0.0, 0.0, 0.0, 0.0, 0.0, 0.0, 0.0, 0.0, 0.0, 0.0, 0.0, 0.0, 0.0, 0.0, 0.0, 0.0, 0.0, 0.0, 0.0, 0.0, 0.0, 0.0, 0.0, 0.0, 0.0, 0.0, 0.0, 0.0, 0.0, 0.0, 0.0, 0.0, 0.0, 0.0, 0.0, 0.0, 0.0, 0.0, 0.0, 0.0], "tonal.chords_histogram": [24.437299728393555, 0.0, 28.938907623291016, 0.0, 0.0, 0.0, 0.0, 0.0, 0.0, 0.0, 0.0, 0.0, 0.0, 0.0, 0.0, 0.0, 0.0, 0.0, 0.0, 0.0, 0.0, 0.3215433955192566, 29.581993103027344, 16.720256805419922], "tonal.thpcp": [1.0, 0.5984317064285278, 0.12542372941970825, 0.06946244090795517, 0.05603843927383423, 0.4533919095993042, 0.8253064751625061, 0.4112374782562256, 0.029703529551625252, 0.03746376931667328, 0.03803021460771561, 0.18620745837688446, 0.32951512932777405, 0.18991738557815552, 0.5019590854644775, 0.9225277304649353, 0.450893372297287, 0.013580091297626495, 0.010433674789965153, 0.017863459885120392, 0.3011353313922882, 0.634722888469696, 0.3824805021286011, 0.05701272934675217, 0.03651491552591324, 0.06254182755947113, 0.2628978192806244, 0.42855462431907654, 0.23397059738636017, 0.1477721482515335, 0.22158826887607574, 0.10219825059175491, 0.056089136749506, 0.09187497943639755, 0.09132888913154602, 0.5285485982894897], "lowlevel.gfcc.cov": [[3065.65234375, -1078.91943359375, 156.01609802246094, 108.83113098144531, -561.9938354492188, 513.3355712890625, -258.9413757324219, 281.0940246582031, -300.576904296875, 201.52642822265625, -40.86011505126953, -207.5823974609375, 131.7975616455078], [-1078.91943359375, 1880.8931884765625, -458.2788391113281, -159.00125122070312, 855.8993530273438, -674.0521240234375, 534.1417846679688, -317.7803039550781, 194.13504028320312, -110.18927001953125, -9.907269477844238, 36.66328430175781, -32.84492874145508], [156.01609802246094, -458.2788391113281, 543.3211059570312, 197.48504638671875, -193.44288635253906, 326.825927734375, -249.48390197753906, 129.98268127441406, 29.79315185546875, -9.387141227722168, -3.113477945327759, 35.8858528137207, -108.41556549072266], [108.83113098144531, -159.00125122070312, 197.48504638671875, 342.2707824707031, -40.01700210571289, 97.43763732910156, -62.026824951171875, 33.22102355957031, 65.00930786132812, -37.60002136230469, 6.1932692527771, 26.553857803344727, -119.09107208251953], [-561.9938354492188, 855.8993530273438, -193.44288635253906, -40.01700210571289, 545.9974975585938, -300.4749450683594, 273.9306945800781, -127.45640563964844, 79.20172119140625, -4.204617977142334, -38.14724349975586, 25.831478118896484, -37.47812271118164], [513.3355712890625, -674.0521240234375, 326.825927734375, 97.43763732910156, -300.4749450683594, 423.7353210449219, -221.3763427734375, 142.83473205566406, -62.23594665527344, 41.61038589477539, 5.16947603225708, -28.78148651123047, -10.66604232788086], [-258.9413757324219, 534.1417846679688, -249.48390197753906, -62.026824951171875, 273.9306945800781, -221.3763427734375, 339.8461608886719, -84.51095581054688, -10.162516593933105, 18.091142654418945, -32.31948471069336, -11.761219024658203, 7.6621527671813965], [281.0940246582031, -317.7803039550781, 129.98268127441406, 33.22102355957031, -127.45640563964844, 142.83473205566406, -84.51095581054688, 178.5399932861328, -58.6233024597168, 36.169925689697266, -15.180878639221191, -32.0737419128418, 20.974088668823242], [-300.576904296875, 194.13504028320312, 29.79315185546875, 65.00930786132812, 79.20172119140625, -62.23594665527344, -10.162516593933105, -58.6233024597168, 177.69459533691406, -80.32119750976562, 20.534210205078125, 61.50568771362305, -87.2564697265625], [201.52642822265625, -110.18927001953125, -9.387141227722168, -37.60002136230469, -4.204617977142334, 41.61038589477539, 18.091142654418945, 36.169925689697266, -80.32119750976562, 120.33688354492188, -18.06078338623047, -40.56690216064453, 56.84382629394531], [-40.86011505126953, -9.907269477844238, -3.113477945327759, 6.1932692527771, -38.14724349975586, 5.16947603225708, -32.31948471069336, -15.180878639221191, 20.534210205078125, -18.06078338623047, 101.14651489257812, 11.892050743103027, -12.098241806030273], [-207.5823974609375, 36.66328430175781, 35.8858528137207, 26.553857803344727, 25.831478118896484, -28.78148651123047, -11.761219024658203, -32.0737419128418, 61.50568771362305, -40.56690216064453, 11.892050743103027, 76.0826187133789, -41.666114807128906], [131.7975616455078, -32.84492874145508, -108.41556549072266, -119.09107208251953, -37.47812271118164, -10.66604232788086, 7.6621527671813965, 20.974088668823242, -87.2564697265625, 56.84382629394531, -12.098241806030273, -41.666114807128906, 137.1428680419922]], "lowlevel.gfcc.icov": [[0.0006064593908376992, -0.0003771544143091887, 0.0006428233464248478, -0.00040278167580254376, 0.0006608548574149609, -0.0007109692087396979, 0.00046490368549712, -0.0003712800389621407, 0.00050228281179443, -0.0007976755732670426, 0.0003882278688251972, 0.0004584603011608124, 0.00046510499669238925], [-0.0003771544143091887, 0.0058706291019916534, -0.00354768056422472, 0.0013300066348165274, -0.006002294365316629, 0.004173537716269493, -0.003944164142012596, 0.002936064265668392, -0.003234429517760873, 0.005472218617796898, -0.0025605037808418274, 0.005104345269501209, -0.004426694940775633], [0.0006428233464248478, -0.00354768056422472, 0.008889449760317802, -0.0018792563350871205, 0.00275990623049438, -0.006360330153256655, 0.005209761206060648, -0.003699513617902994, 0.0025482955388724804, -0.004363713786005974, 0.0028975640889257193, -0.005456176586449146, 0.0064903260208666325], [-0.00040278167580254376, 0.0013300066348165274, -0.0018792563350871205, 0.005221876315772533, -0.0012486744672060013, 0.0010544487740844488, -0.0012548569357022643, 0.00024007796309888363, -0.0013616771902889013, 0.001374998246319592, -0.0006418252014555037, 0.0013234327780082822, 0.0024378825910389423], [0.0006608548574149609, -0.006002294365316629, 0.00275990623049438, -0.0012486744672060013, 0.010810315608978271, -0.002139408839866519, 0.0015640775673091412, -0.0023584056179970503, 0.0017513540806248784, -0.0074661471880972385, 0.0036402714904397726, -0.004492487758398056, 0.005251144990324974], [-0.0007109692087396979, 0.004173537716269493, -0.006360330153256655, 0.0010544487740844488, -0.002139408839866519, 0.011006486602127552, -0.00246517569757998, 0.0014829450519755483, -0.001871182699687779, 0.002562802517786622, -0.0022333047818392515, 0.005363377742469311, -0.0030676061287522316], [0.00046490368549712, -0.003944164142012596, 0.005209761206060648, -0.0012548569357022643, 0.0015640775673091412, -0.00246517569757998, 0.01017714012414217, -0.0019498220644891262, 0.004427643492817879, -0.004722369369119406, 0.003009131411090493, -0.002989904722198844, 0.005734206642955542], [-0.0003712800389621407, 0.002936064265668392, -0.003699513617902994, 0.00024007796309888363, -0.0023584056179970503, 0.0014829450519755483, -0.0019498220644891262, 0.010826734825968742, -0.0005597330164164305, 0.0024256170727312565, -0.0003968403034377843, 0.00462675467133522, -0.00372298969887197], [0.00050228281179443, -0.003234429517760873, 0.0025482955388724804, -0.0013616771902889013, 0.0017513540806248784, -0.001871182699687779, 0.004427643492817879, -0.0005597330164164305, 0.014444831758737564, 0.0005621975287795067, 0.0008750161505304277, -0.006426550447940826, 0.006828173995018005], [-0.0007976755732670426, 0.005472218617796898, -0.004363713786005974, 0.001374998246319592, -0.0074661471880972385, 0.002562802517786622, -0.004722369369119406, 0.0024256170727312565, 0.0005621975287795067, 0.019624751061201096, -0.002444066107273102, 0.006491973530501127, -0.008146367035806179], [0.0003882278688251972, -0.0025605037808418274, 0.0028975640889257193, -0.0006418252014555037, 0.0036402714904397726, -0.0022333047818392515, 0.003009131411090493, -0.0003968403034377843, 0.0008750161505304277, -0.002444066107273102, 0.012416104786098003, -0.002788218669593334, 0.0032785881776362658], [0.0004584603011608124, 0.005104345269501209, -0.005456176586449146, 0.0013234327780082822, -0.004492487758398056, 0.005363377742469311, -0.002989904722198844, 0.00462675467133522, -0.006426550447940826, 0.006491973530501127, -0.002788218669593334, 0.02673809789121151, -0.002635507145896554], [0.00046510499669238925, -0.004426694940775633, 0.0064903260208666325, 0.0024378825910389423, 0.005251144990324974, -0.0030676061287522316, 0.005734206642955542, -0.00372298969887197, 0.006828173995018005, -0.008146367035806179, 0.0032785881776362658, -0.002635507145896554, 0.021687230095267296]], "lowlevel.mfcc.cov": [[2591.07373046875, -945.4439697265625, 359.19720458984375, -222.0006103515625, -152.09071350097656, -59.297393798828125, 148.06187438964844, -179.80740356445312, 49.816497802734375, 83.541748046875, 12.577178001403809, -90.8944320678711, 34.76903533935547], [-945.4439697265625, 1912.9266357421875, -1024.2490234375, 443.3558654785156, -28.02312469482422, 13.010170936584473, 119.81352233886719, -92.1320571899414, 125.64910888671875, -124.39433288574219, 49.94702911376953, -48.86268615722656, -44.31639099121094], [359.19720458984375, -1024.2490234375, 917.2227172851562, -295.5264892578125, 176.16790771484375, 56.4200325012207, -159.8072052001953, 157.26547241210938, -132.0391845703125, 62.35782241821289, -13.144784927368164, 65.60769653320312, 31.965682983398438], [-222.0006103515625, 443.3558654785156, -295.5264892578125, 386.9983825683594, 6.949746608734131, 42.30447769165039, 36.35638427734375, 18.162813186645508, 32.740718841552734, -38.138084411621094, 57.24818801879883, -16.62177085876465, -5.599885940551758], [-152.09071350097656, -28.02312469482422, 176.16790771484375, 6.949746608734131, 241.85845947265625, 32.67998504638672, -106.25191497802734, 92.2464370727539, -58.47591781616211, -3.344736099243164, 11.395750999450684, 50.26652908325195, 24.699607849121094], [-59.297393798828125, 13.010170936584473, 56.4200325012207, 42.30447769165039, 32.67998504638672, 159.93685913085938, -18.09049415588379, 35.137908935546875, -23.62537956237793, 8.177732467651367, 16.219074249267578, -13.802092552185059, 22.326217651367188], [148.06187438964844, 119.81352233886719, -159.8072052001953, 36.35638427734375, -106.25191497802734, -18.09049415588379, 245.41763305664062, -129.76361083984375, 105.32872009277344, 13.431787490844727, 17.893898010253906, -66.79498291015625, 22.478784561157227], [-179.80740356445312, -92.1320571899414, 157.26547241210938, 18.162813186645508, 92.2464370727539, 35.137908935546875, -129.76361083984375, 219.46092224121094, -89.4624252319336, 6.74819278717041, 7.905947685241699, 78.99054718017578, -19.301170349121094], [49.816497802734375, 125.64910888671875, -132.0391845703125, 32.740718841552734, -58.47591781616211, -23.62537956237793, 105.32872009277344, -89.4624252319336, 173.41229248046875, -17.439285278320312, 32.975852966308594, -92.00695037841797, 13.143438339233398], [83.541748046875, -124.39433288574219, 62.35782241821289, -38.138084411621094, -3.344736099243164, 8.177732467651367, 13.431787490844727, 6.74819278717041, -17.439285278320312, 87.18821716308594, -19.605775833129883, 17.51984214782715, 1.6929545402526855], [12.577178001403809, 49.94702911376953, -13.144784927368164, 57.24818801879883, 11.395750999450684, 16.219074249267578, 17.893898010253906, 7.905947685241699, 32.975852966308594, -19.605775833129883, 101.61404418945312, -35.91556930541992, 11.595890998840332], [-90.8944320678711, -48.86268615722656, 65.60769653320312, -16.62177085876465, 50.26652908325195, -13.802092552185059, -66.79498291015625, 78.99054718017578, -92.00695037841797, 17.51984214782715, -35.91556930541992, 152.9193878173828, -14.759088516235352], [34.76903533935547, -44.31639099121094, 31.965682983398438, -5.599885940551758, 24.699607849121094, 22.326217651367188, 22.478784561157227, -19.301170349121094, 13.143438339233398, 1.6929545402526855, 11.595890998840332, -14.759088516235352, 87.17864227294922]], "lowlevel.mfcc.icov": [[0.0005537964752875268, 0.00029113920754753053, -3.4533539292169735e-05, -4.362536856206134e-05, 0.00015615869779139757, 0.00011129040649393573, -0.0001707821647869423, 0.00043855514377355576, 9.712987230159342e-05, -0.00018513794930186123, -0.000263981957687065, 0.00011218167492188513, 4.843302667723037e-05], [0.00029113920754753053, 0.0019267722964286804, 0.00210127723403275, -0.00016448060341645032, -0.0012591773411259055, -0.000682612881064415, -0.00041118563967756927, -1.2528509614639916e-05, -9.616504394216463e-05, 0.0009148358949460089, -0.0002025551366386935, -9.176442836178467e-05, 0.0007252605864778161], [-3.4533539292169735e-05, 0.00210127723403275, 0.00473953178152442, 0.0015948567306622863, -0.0026160292327404022, -0.0013960286742076278, -0.00023149930348154157, -0.001345798489637673, 0.00041649420745670795, 0.00039212554111145437, -0.0006826943717896938, 0.00019897833408322185, 0.0003610610729083419], [-4.362536856206134e-05, -0.00016448060341645032, 0.0015948567306622863, 0.004556708503514528, -0.0008628786308690906, -0.0012792423367500305, -0.0006913812831044197, -0.0013284707674756646, 5.34228965989314e-05, 0.0005983204464428127, -0.0017290505347773433, -0.0001299066498177126, 0.0002862541878130287], [0.00015615869779139757, -0.0012591773411259055, -0.0026160292327404022, -0.0008628786308690906, 0.007505818270146847, 0.0004438555333763361, 0.0021567302756011486, -0.0002694356662686914, -8.746074308874086e-05, -0.00041496360790915787, -0.0006336992373690009, -0.0010439085308462381, -0.0027257686015218496], [0.00011129040649393573, -0.000682612881064415, -0.0013960286742076278, -0.0012792423367500305, 0.0004438555333763361, 0.008120179176330566, 0.0001173992786789313, -0.0007712256046943367, 0.0016912537394091487, -0.0014706308720633388, -0.00022722376161254942, 0.002266842406243086, -0.002180434064939618], [-0.0001707821647869423, -0.00041118563967756927, -0.00023149930348154157, -0.0006913812831044197, 0.0021567302756011486, 0.0001173992786789313, 0.008158478885889053, 0.002880806103348732, -0.0026465491391718388, -0.002576214959844947, -0.0009649540297687054, -0.0005212108953855932, -0.0017182431183755398], [0.00043855514377355576, -1.2528509614639916e-05, -0.001345798489637673, -0.0013284707674756646, -0.0002694356662686914, -0.0007712256046943367, 0.002880806103348732, 0.009466366842389107, 0.0008208620129153132, -0.0009838284458965063, -0.0021437632385641336, -0.0026670361403375864, 0.0015826997114345431], [9.712987230159342e-05, -9.616504394216463e-05, 0.00041649420745670795, 5.34228965989314e-05, -8.746074308874086e-05, 0.0016912537394091487, -0.0026465491391718388, 0.0008208620129153132, 0.011266089044511318, 0.0006269321893341839, -0.001604608609341085, 0.00473931897431612, -0.00047602292033843696], [-0.00018513794930186123, 0.0009148358949460089, 0.00039212554111145437, 0.0005983204464428127, -0.00041496360790915787, -0.0014706308720633388, -0.002576214959844947, -0.0009838284458965063, 0.0006269321893341839, 0.014383014291524887, 0.0021723418030887842, -0.0012464872561395168, 0.0005003791302442551], [-0.000263981957687065, -0.0002025551366386935, -0.0006826943717896938, -0.0017290505347773433, -0.0006336992373690009, -0.00022722376161254942, -0.0009649540297687054, -0.0021437632385641336, -0.001604608609341085, 0.0021723418030887842, 0.01326042227447033, 0.0025628209114074707, -0.0009767059236764908], [0.00011218167492188513, -9.176442836178467e-05, 0.00019897833408322185, -0.0001299066498177126, -0.0010439085308462381, 0.002266842406243086, -0.0005212108953855932, -0.0026670361403375864, 0.00473931897431612, -0.0012464872561395168, 0.0025628209114074707, 0.011775952763855457, 4.888534749625251e-05], [4.843302667723037e-05, 0.0007252605864778161, 0.0003610610729083419, 0.0002862541878130287, -0.0027257686015218496, -0.002180434064939618, -0.0017182431183755398, 0.0015826997114345431, -0.00047602292033843696, 0.0005003791302442551, -0.0009767059236764908, 4.888534749625251e-05, 0.014030424878001213]], "metadata.audio_properties.analysis.downmix": "mix", "metadata.audio_properties.codec": "mp3", "metadata.audio_properties.md5_encoded": "e2989b5600541fa40cd0b4bf64f76e43", "metadata.tags.file_name": "1182275079149727795.mp3", "metadata.version.essentia": "2.1-beta6-dev", "metadata.version.essentia_git_sha": "v2.1_beta5-1110-g77a6a954", "metadata.version.extractor": "music 2.0", "tonal.chords_key": "F", "tonal.chords_scale": "major", "tonal.key_edma.key": "C", "tonal.key_edma.scale": "major", "tonal.key_krumhansl.key": "C", "tonal.key_krumhansl.scale": "major", "tonal.key_temperley.key": "C", "tonal.key_temperley.scale": "major", "metadata.tags.encoding": ["Lavf58.45.100"]}, "essentia_models": [{"model_name": "genre_dortmund", "activations": {"alternative": "0.14277765", "blues": "0.007934386", "electronic": "0.10437787", "folkcountry": "0.1605046", "funksoulrnb": "0.011999033", "jazz": "0.038013633", "pop": "0.39814532", "raphiphop": "0.010064101", "rock": "0.11029866"}}, {"model_name": "genre_rosamerica", "activations": {"classic": "0.00944441", "dance": "0.013259653", "hip hop": "0.0025467835", "jazz": "0.05314862", "pop": "0.1293823", "rhythm and blues": "0.039338633", "rock": "0.1529129", "speech": "0.0073684943"}}, {"model_name": "genre_tzanetakis", "activations": {"blues": "0.02265874", "classic": "0.0117753", "country": "0.2249981", "disco": "0.1349799", "hip hop"