{"song_id": "1182277195599728650", "download": "https://cdn.discordapp.com/attachments/1135911532732108921/1182277195599728650/chirp.mp4?ex=65841c71&amp", "lyrics": "[Verse]\nLost on this island, Christmas without cheer\nNo sign of rescue, feeling lonely and near\nNo gifts or loved ones, just solitude and fear\nWaiting in darkness, as the end draws near\n\n[Chorus]\nChristmas on a lost island, feeling so blue\nHoping for salvation, but what can I do\nNo sleigh bells or laughter, just a heartfelt plea\nPlease rescue me from this deserted Christmas tree", "style": ["hip hop"], "essentia_features": {"lowlevel.average_loudness": 0.9767011404037476, "lowlevel.barkbands_crest.mean": 16.758058547973633, "lowlevel.barkbands_crest.stdev": 5.003775596618652, "lowlevel.barkbands_flatness_db.mean": 0.20873717963695526, "lowlevel.barkbands_flatness_db.stdev": 0.09164531528949738, "lowlevel.barkbands_kurtosis.mean": 42.260074615478516, "lowlevel.barkbands_kurtosis.stdev": 92.41799926757812, "lowlevel.barkbands_skewness.mean": 4.286251068115234, "lowlevel.barkbands_skewness.stdev": 3.7359111309051514, "lowlevel.barkbands_spread.mean": 26.364988327026367, "lowlevel.barkbands_spread.stdev": 26.960124969482422, "lowlevel.dissonance.mean": 0.45808830857276917, "lowlevel.dissonance.stdev": 0.032866399735212326, "lowlevel.dynamic_complexity": 3.556408166885376, "lowlevel.erbbands_crest.mean": 11.921340942382812, "lowlevel.erbbands_crest.stdev": 7.032704830169678, "lowlevel.erbbands_flatness_db.mean": 0.12176267802715302, "lowlevel.erbbands_flatness_db.stdev": 0.04174381121993065, "lowlevel.erbbands_kurtosis.mean": 1.7524855136871338, "lowlevel.erbbands_kurtosis.stdev": 5.080080986022949, "lowlevel.erbbands_skewness.mean": 0.6342166066169739, "lowlevel.erbbands_skewness.stdev": 1.3297516107559204, "lowlevel.erbbands_spread.mean": 61.21698760986328, "lowlevel.erbbands_spread.stdev": 28.57415199279785, "lowlevel.hfc.mean": 31.040843963623047, "lowlevel.hfc.stdev": 39.451393127441406, "lowlevel.loudness_ebu128.integrated": -17.022457122802734, "lowlevel.loudness_ebu128.loudness_range": 0.9560050964355469, "lowlevel.loudness_ebu128.momentary.mean": -17.447229385375977, "lowlevel.loudness_ebu128.momentary.stdev": 2.0792996883392334, "lowlevel.loudness_ebu128.short_term.mean": -17.012880325317383, "lowlevel.loudness_ebu128.short_term.stdev": 0.32289427518844604, "lowlevel.melbands_crest.mean": 28.364408493041992, "lowlevel.melbands_crest.stdev": 7.036128997802734, "lowlevel.melbands_flatness_db.mean": 0.2886030673980713, "lowlevel.melbands_flatness_db.stdev": 0.11093545705080032, "lowlevel.melbands_kurtosis.mean": 95.62711334228516, "lowlevel.melbands_kurtosis.stdev": 143.7814178466797, "lowlevel.melbands_skewness.mean": 6.474155902862549, "lowlevel.melbands_skewness.stdev": 4.3034138679504395, "lowlevel.melbands_spread.mean": 16.76531410217285, "lowlevel.melbands_spread.stdev": 22.848020553588867, "lowlevel.pitch_salience.mean": 0.3327058255672455, "lowlevel.pitch_salience.stdev": 0.16703705489635468, "lowlevel.silence_rate_20dB.mean": 0.9877907037734985, "lowlevel.silence_rate_20dB.stdev": 0.10981856286525726, "lowlevel.silence_rate_30dB.mean": 0.8023256063461304, "lowlevel.silence_rate_30dB.stdev": 0.3982457220554352, "lowlevel.silence_rate_60dB.mean": 0.0017441860400140285, "lowlevel.silence_rate_60dB.stdev": 0.041727326810359955, "lowlevel.spectral_centroid.mean": 1622.0809326171875, "lowlevel.spectral_centroid.stdev": 1072.471435546875, "lowlevel.spectral_complexity.mean": 10.662209510803223, "lowlevel.spectral_complexity.stdev": 11.844391822814941, "lowlevel.spectral_decrease.mean": -1.784432335227848e-08, "lowlevel.spectral_decrease.stdev": 2.1498758329130396e-08, "lowlevel.spectral_energy.mean": 0.07016404718160629, "lowlevel.spectral_energy.stdev": 0.08168081194162369, "lowlevel.spectral_energyband_high.mean": 0.0026136289816349745, "lowlevel.spectral_energyband_high.stdev": 0.004067458212375641, "lowlevel.spectral_energyband_low.mean": 0.059533070772886276, "lowlevel.spectral_energyband_low.stdev": 0.0812884122133255, "lowlevel.spectral_energyband_middle_high.mean": 0.0015729737933725119, "lowlevel.spectral_energyband_middle_high.stdev": 0.0031210542656481266, "lowlevel.spectral_energyband_middle_low.mean": 0.007554612588137388, "lowlevel.spectral_energyband_middle_low.stdev": 0.013206749223172665, "lowlevel.spectral_entropy.mean": 7.921115398406982, "lowlevel.spectral_entropy.stdev": 0.5969488620758057, "lowlevel.spectral_flux.mean": 0.12317447364330292, "lowlevel.spectral_flux.stdev": 0.11845142394304276, "lowlevel.spectral_kurtosis.mean": 1.7718162536621094, "lowlevel.spectral_kurtosis.stdev": 1.3867312669754028, "lowlevel.spectral_rms.mean": 0.00727725587785244, "lowlevel.spectral_rms.stdev": 0.003936287946999073, "lowlevel.spectral_rolloff.mean": 1438.0797119140625, "lowlevel.spectral_rolloff.stdev": 2537.250732421875, "lowlevel.spectral_skewness.mean": 1.1450761556625366, "lowlevel.spectral_skewness.stdev": 0.3955121338367462, "lowlevel.spectral_spread.mean": 7278736.5, "lowlevel.spectral_spread.stdev": 1455454.125, "lowlevel.spectral_strongpeak.mean": 0.5225460529327393, "lowlevel.spectral_strongpeak.stdev": 0.5204229950904846, "lowlevel.zerocrossingrate.mean": 0.06026923656463623, "lowlevel.zerocrossingrate.stdev": 0.055739160627126694, "metadata.audio_properties.analysis.equal_loudness": 0.0, "metadata.audio_properties.analysis.length": 39.914649963378906, "metadata.audio_properties.analysis.sample_rate": 44100.0, "metadata.audio_properties.analysis.start_time": 0.0, "metadata.audio_properties.bit_rate": 121139.0, "metadata.audio_properties.length": 39.91466522216797, "metadata.audio_properties.lossless": 0.0, "metadata.audio_properties.number_channels": 1.0, "metadata.audio_properties.replay_gain": -8.053939819335938, "metadata.audio_properties.sample_rate": 48000.0, "rhythm.beats_count": 62.0, "rhythm.beats_loudness.mean": 0.12118302285671234, "rhythm.beats_loudness.stdev": 0.10590792447328568, "rhythm.bpm": 94.92521667480469, "rhythm.bpm_histogram_first_peak_bpm": 96.0, "rhythm.bpm_histogram_first_peak_weight": 0.41379308700561523, "rhythm.bpm_histogram_second_peak_bpm": 88.0, "rhythm.bpm_histogram_second_peak_spread": 0.3333333134651184, "rhythm.bpm_histogram_second_peak_weight": 0.032786883413791656, "rhythm.danceability": 2.53790283203125, "rhythm.onset_rate": 5.485049724578857, "tonal.chords_changes_rate": 0.04065040498971939, "tonal.chords_number_rate": 0.008130080997943878, "tonal.chords_strength.mean": 0.5685422420501709, "tonal.chords_strength.stdev": 0.08861979842185974, "tonal.hpcp_crest.mean": 14.374786376953125, "tonal.hpcp_crest.stdev": 4.342740535736084, "tonal.hpcp_entropy.mean": 1.7246575355529785, "tonal.hpcp_entropy.stdev": 0.7024517059326172, "tonal.key_edma.strength": 0.596869170665741, "tonal.key_krumhansl.strength": 0.6050384640693665, "tonal.key_temperley.strength": 0.615826427936554, "tonal.tuning_diatonic_strength": 0.7317591309547424, "tonal.tuning_equal_tempered_deviation": 0.1666075438261032, "tonal.tuning_frequency": 434.193115234375, "tonal.tuning_nontempered_energy_ratio": 0.9041478037834167, "lowlevel.barkbands.mean": [0.004128291737288237, 0.04263859987258911, 0.011699299328029156, 0.00188914081081748, 0.002061582403257489, 0.000616726407315582, 0.0009759380482137203, 0.001438461127690971, 0.0004941332736052573, 0.00021870422642678022, 0.00023435465118382126, 0.0001432273566024378, 0.00014698007726110518, 9.452984522795305e-05, 9.348796447739005e-05, 0.00012066258932463825, 0.00011235793499508873, 0.00013742368901148438, 0.00018633859872352332, 0.0002635614073369652, 0.00040733779314905405, 0.00042531549115665257, 0.00044926186092197895, 0.0003541867481544614, 0.00043595617171376944, 0.0003952965489588678, 2.9603279472212307e-06], "lowlevel.barkbands.stdev": [0.00357939675450325, 0.05930251255631447, 0.03762203827500343, 0.0075403605587780476, 0.00679753115400672, 0.001441963016986847, 0.0018356948858126998, 0.0024720127694308758, 0.001450328272767365, 0.0005509633338078856, 0.0008299677865579724, 0.0004456148308236152, 0.00043164019007235765, 0.00021534887491725385, 0.00024006345483940095, 0.00035122339613735676, 0.00021274694881867617, 0.00029327531228773296, 0.00033446488669142127, 0.0005060512339696288, 0.0007344193872995675, 0.0006776856607757509, 0.0006850798381492496, 0.0005779245984740555, 0.000819407228846103, 0.00079591094981879, 8.616152626927942e-06], "lowlevel.erbbands.mean": [1.5219193696975708, 8.12381362915039, 15.664521217346191, 9.184425354003906, 7.506498336791992, 6.15170431137085, 2.5377299785614014, 5.734930515289307, 11.623138427734375, 32.048946380615234, 19.191774368286133, 13.498278617858887, 6.428891658782959, 7.105398178100586, 9.52648639678955, 6.333012580871582, 6.999966144561768, 5.056909561157227, 4.754973888397217, 5.778859615325928, 6.5928053855896, 6.443052291870117, 7.154367446899414, 9.119750022888184, 10.115472793579102, 12.528711318969727, 14.34576416015625, 16.648130416870117, 16.21977424621582, 14.688748359680176, 11.854808807373047, 6.826268196105957, 6.528785228729248, 4.683165550231934, 3.1067748069763184, 1.896898865699768, 0.7130236029624939, 0.0725233405828476, 0.0013987877173349261, 0.0001406476367264986], "lowlevel.erbbands.stdev": [1.218721628189087, 16.332656860351562, 44.08314895629883, 32.013946533203125, 22.754764556884766, 21.842702865600586, 8.146594047546387, 12.887323379516602, 25.723037719726562, 48.25032043457031, 43.974979400634766, 37.459877014160156, 14.392196655273438, 23.860383987426758, 31.711380004882812, 17.932727813720703, 20.51313591003418, 11.74563217163086, 11.294586181640625, 15.93267822265625, 17.163753509521484, 12.432291984558105, 15.635069847106934, 16.424734115600586, 18.206209182739258, 23.947599411010742, 25.953121185302734, 30.179393768310547, 25.940448760986328, 23.427684783935547, 18.106260299682617, 11.279583930969238, 10.738624572753906, 8.711243629455566, 6.085339069366455, 4.122601509094238, 1.398746132850647, 0.12217030674219131, 0.0023145428858697414, 0.0001425374939572066], "lowlevel.gfcc.mean": [-1.8445124626159668, 38.45479965209961, -69.38426971435547, 45.51227569580078, -56.39683532714844, 32.73656463623047, -16.456541061401367, 32.87770080566406, -4.230795860290527, 26.727828979492188, -9.616491317749023, 11.787310600280762, -15.661023139953613], "lowlevel.melbands.mean": [0.012433957308530807, 0.008877013809978962, 0.0015685948310419917, 0.0005233757547102869, 0.00010840553295565769, 0.00013198606029618531, 0.00018203046056441963, 0.0003635827451944351, 0.00014008836296852678, 7.22140830475837e-05, 2.987683728861157e-05, 2.798213972710073e-05, 3.2248357456410304e-05, 1.9443912606220692e-05, 1.592061380506493e-05, 1.3112469787301961e-05, 9.074127774510998e-06, 7.611780802108115e-06, 6.969547030166723e-06, 8.346876711584628e-06, 7.548149824287975e-06, 6.6123820943175815e-06, 6.26662085778662e-06, 6.765796570107341e-06, 7.449446911778068e-06, 6.796050911361817e-06, 8.28346219350351e-06, 8.227287253248505e-06, 8.13423321233131e-06, 1.0508834748179652e-05, 9.157420208794065e-06, 9.36190099309897e-06, 7.789602022967301e-06, 8.641000022180378e-06, 7.231010840769159e-06, 4.7672920118202455e-06, 4.171109594608424e-06, 4.876523234997876e-06, 4.153405370743712e-06, 3.86377996619558e-06], "lowlevel.melbands.stdev": [0.012882011942565441, 0.020655544474720955, 0.004954854492098093, 0.0017035645432770252, 0.0003859720891341567, 0.0003121653280686587, 0.00038421867066062987, 0.0005450313910841942, 0.00032832150463946164, 0.00020567256433423609, 7.227696914924309e-05, 9.461691661272198e-05, 0.00011184503819094971, 6.0571939684450626e-05, 4.655161319533363e-05, 3.5038865462411195e-05, 2.1301733795553446e-05, 1.8249673303216696e-05, 1.8313694454263896e-05, 2.526230673538521e-05, 1.9037281163036823e-05, 1.2988239177502692e-05, 1.331941984972218e-05, 1.53003929881379e-05, 1.337584308203077e-05, 1.277636783925118e-05, 1.5531508324784227e-05, 1.663865623413585e-05, 1.5760639143991284e-05, 1.9908235117327422e-05, 1.678238550084643e-05, 1.533150498289615e-05, 1.2686238733294886e-05, 1.4174015632306691e-05, 1.1236852515139617e-05, 7.75430271460209e-06, 7.209149771369994e-06, 8.139041710819583e-06, 7.360969448200194e-06, 7.623455985594774e-06], "lowlevel.melbands128.mean": [0.003975200466811657, 0.013612556271255016, 0.014142513275146484, 0.013719271868467331, 0.00984939280897379, 0.0048780059441924095, 0.0018176431767642498, 0.000785367505159229, 0.000751014391425997, 0.0006564569775946438, 0.0002827051212079823, 0.00012333833728916943, 6.560017936863005e-05, 7.347266364376992e-05, 9.78200914687477e-05, 0.00020239781588315964, 0.0001873169676400721, 0.00016378848522435874, 0.00016866308578755707, 0.00045031201443634927, 0.00044268311467021704, 0.00015338811499532312, 9.424425661563873e-05, 0.00011849607835756615, 0.00012657674960792065, 2.5243125492124818e-05, 2.4908002160373144e-05, 3.577561074052937e-05, 2.7145269996253774e-05, 3.092239057878032e-05, 2.412666435702704e-05, 3.0382976547116414e-05, 3.482620377326384e-05, 3.7012072425568476e-05, 1.6800604498712346e-05, 1.8059568901662715e-05, 1.5278141290764324e-05, 1.2308090845181141e-05, 2.0935141947120428e-05, 1.6070987840066664e-05, 1.090174828277668e-05, 9.013397175294813e-06, 8.85280951479217e-06, 9.653344932303298e-06, 7.941341209516395e-06, 7.151615591283189e-06, 7.48830188967986e-06, 5.936451088928152e-06, 7.193622877821326e-06, 8.65042966324836e-06, 8.489852916682139e-06, 8.202125172829255e-06, 7.461368568328908e-06, 7.768327122903429e-06, 6.6699544731818605e-06, 6.614390258619096e-06, 6.241522896743845e-06, 6.592182671738556e-06, 6.158257292554481e-06, 5.770987627329305e-06, 7.122481747501297e-06, 7.08849756847485e-06, 7.465103408321738e-06, 8.013325896172319e-06, 6.444929113058606e-06, 6.844264134997502e-06, 6.646645488217473e-06, 7.547735549451318e-06, 9.326334293291438e-06, 8.388980859308504e-06, 8.40682059788378e-06, 7.979671863722615e-06, 7.630975233041681e-06, 8.158839591487776e-06, 8.525292287231423e-06, 1.0249987099086866e-05, 1.2601902199094184e-05, 9.108807716984302e-06, 9.164427865471225e-06, 7.999164154171012e-06, 9.34105264605023e-06, 1.03008933365345e-05, 8.762659490457736e-06, 7.440041827067034e-06, 6.806761575717246e-06, 8.379679456993472e-06, 9.715759915707167e-06, 8.297240128740668e-06, 6.663898147962755e-06, 7.141932655940764e-06, 5.918012448091758e-06, 4.069112492288696e-06, 2.7418202535045566e-06, 3.827745331363985e-06, 5.150293873157352e-06, 5.69909479963826e-06, 4.748102128360188e-06, 3.7285310554580064e-06, 4.280006578483153e-06, 4.63376818515826e-06, 3.418738742766436e-06, 4.4102657739131246e-06, 3.0417666039284086e-06, 3.94846438211971e-06, 2.773136429823353e-06, 4.027529485028936e-06, 3.6164874472888187e-06, 3.3339561014145147e-06, 3.4016127301583765e-06, 3.1083886824490037e-06, 3.091281087108655e-06, 2.7291428068565438e-06, 2.163486669815029e-06, 1.945047870322014e-06, 1.649855562391167e-06, 6.187593726281193e-07, 1.3809565757583186e-07, 1.2959368023146567e-09, 8.209995183694474e-11, 2.349800388989909e-11, 1.167139562080477e-11, 8.91048432954955e-12, 7.970196551354558e-12, 7.794030178198685e-12, 7.584359355827797e-12, 7.338119695221579e-12, 7.192101081354707e-12, 7.134957555332555e-12], "lowlevel.melbands128.stdev": [0.003447387833148241, 0.011236010119318962, 0.019167812541127205, 0.032701656222343445, 0.027348659932613373, 0.016198035329580307, 0.007202968932688236, 0.00289198849350214, 0.0024328238796442747, 0.0023017434868961573, 0.001180737977847457, 0.0005274633876979351, 0.0002458767266944051, 0.0002010190364671871, 0.00020055912318639457, 0.0006649849819950759, 0.0005317914765328169, 0.0005918346578255296, 0.00039966724580153823, 0.0007678871625103056, 0.0007862751372158527, 0.0005212092073634267, 0.00040877453284338117, 0.00040825866744853556, 0.00040309166070073843, 8.815023466013372e-05, 6.382964784279466e-05, 9.019991557579488e-05, 8.859073568601161e-05, 9.630199201637879e-05, 0.00011031785834347829, 0.0001335793494945392, 0.0001208340036100708, 0.00013659540854860097, 6.803892028983682e-05, 6.464880425482988e-05, 5.212522955844179e-05, 3.7840447475900874e-05, 8.907628944143653e-05, 5.01714093843475e-05, 3.316082802484743e-05, 2.9927365176263265e-05, 2.308221701241564e-05, 2.2260872356127948e-05, 2.3709633751423098e-05, 1.8046324839815497e-05, 2.2258389435592107e-05, 1.6339145076926798e-05, 2.204425800300669e-05, 2.7543273972696625e-05, 2.8916738301631995e-05, 2.7319611035636626e-05, 2.0995878003304824e-05, 2.262670750496909e-05, 1.3726573342864867e-05, 1.5021507351775654e-05, 1.3790983757644426e-05, 1.3708956430491526e-05, 1.6929272533161566e-05, 1.4731806004419923e-05, 2.0095169020351022e-05, 1.5471627193619497e-05, 1.4993336662882939e-05, 1.509391950094141e-05, 1.2981171494175214e-05, 1.484411313867895e-05, 1.454673838452436e-05, 1.5449229977093637e-05, 1.8953300241264515e-05, 1.8188524336437695e-05, 1.894966044346802e-05, 1.9310582501930185e-05, 1.8550474123912863e-05, 1.716701444820501e-05, 1.639927359065041e-05, 2.1101226593600586e-05, 2.7004951334674843e-05, 1.9233926650485955e-05, 1.9139301002724096e-05, 1.4591719263989944e-05, 1.6964017049758695e-05, 1.816853546188213e-05, 1.5428746337420307e-05, 1.3170404599804897e-05, 1.265551327378489e-05, 1.4713998098159209e-05, 1.7659145669313148e-05, 1.46788534038933e-05, 1.1155851098010316e-05, 1.2044609320582822e-05, 9.904937542160042e-06, 7.705561984039377e-06, 5.783634605904808e-06, 7.857061973481905e-06, 9.079652954824269e-06, 1.0010490768763702e-05, 8.667971997056156e-06, 7.0932128437561914e-06, 7.76876368036028e-06, 9.060563570528757e-06, 7.683907824684866e-06, 9.164969924313482e-06, 6.8738690970349126e-06, 7.621636541443877e-06, 5.999175300530624e-06, 8.796035217528697e-06, 8.059706487983931e-06, 7.817478035576642e-06, 7.979875590535812e-06, 7.605548034916865e-06, 7.2804450610419735e-06, 5.901342319702962e-06, 4.551139682007488e-06, 3.6962271678930847e-06, 3.083793444602634e-06, 1.2215491551614832e-06, 3.5858687397194444e-07, 1.8001125923206018e-08, 2.461539194698048e-09, 3.9850447941525147e-10, 9.896201913495162e-11, 2.5487875698892992e-11, 1.6600510896469522e-11, 1.6286251861008516e-11, 1.6029847588194812e-11, 1.5819895740620815e-11, 1.5670711256410286e-11, 1.5579215001393365e-11], "lowlevel.mfcc.mean": [-660.133056640625, 74.98003387451172, 39.803810119628906, 28.732328414916992, 5.004662990570068, 15.351356506347656, 7.922717094421387, 15.02403736114502, 14.836350440979004, 16.89276123046875, 18.234146118164062, 18.499813079833984, 14.922581672668457], "lowlevel.spectral_contrast_coeffs.mean": [-0.723697304725647, -0.6940956711769104, -0.813198447227478, -0.8447502851486206, -0.8314089775085449, -0.758435845375061], "lowlevel.spectral_contrast_coeffs.stdev": [0.09924107789993286, 0.08279649168252945, 0.048268936574459076, 0.028043026104569435, 0.026693828403949738, 0.0429270975291729], "lowlevel.spectral_contrast_valleys.mean": [-7.2414631843566895, -7.3733391761779785, -7.897978782653809, -8.027442932128906, -7.565230369567871, -9.571032524108887], "lowlevel.spectral_contrast_valleys.stdev": [0.8183122277259827, 0.7411028146743774, 0.7587479948997498, 0.6913204193115234, 0.7489754557609558, 0.9136745929718018], "rhythm.beats_loudness_band_ratio.mean": [0.7373304963111877, 0.07959099858999252, 0.057704124599695206, 0.01909448578953743, 0.02452991157770157, 0.1242603212594986], "rhythm.beats_loudness_band_ratio.stdev": [0.22544418275356293, 0.1295350342988968, 0.0527895949780941, 0.018132200464606285, 0.025912553071975708, 0.1324666291475296], "tonal.hpcp.mean": [0.053144849836826324, 0.047785211354494095, 0.028282389044761658, 0.016099566593766212, 0.01802905835211277, 0.021153418347239494, 0.03305225446820259, 0.03671834245324135, 0.027806177735328674, 0.07484646141529083, 0.08376472443342209, 0.030289242044091225, 0.017368093132972717, 0.01900980994105339, 0.02274136245250702, 0.03377678617835045, 0.03705035522580147, 0.026323216035962105, 0.023199189454317093, 0.027295667678117752, 0.03969988226890564, 0.09783239662647247, 0.1866914927959442, 0.293766587972641, 0.35791444778442383, 0.26745450496673584, 0.1412697434425354, 0.09109432250261307, 0.06536788493394852, 0.05450128763914108, 0.0719059556722641, 0.07295621186494827, 0.06069391593337059, 0.059601787477731705, 0.04771297797560692, 0.04519035667181015], "tonal.hpcp.stdev": [0.17272230982780457, 0.1674129217863083, 0.12584346532821655, 0.09668470919132233, 0.10998187959194183, 0.11565709114074707, 0.11223431676626205, 0.12527857720851898, 0.0996745303273201, 0.18332670629024506, 0.19653736054897308, 0.09979186207056046, 0.10484181344509125, 0.10831174999475479, 0.11448798328638077, 0.1337912529706955, 0.15125326812267303, 0.1301061362028122, 0.12050112336874008, 0.13178956508636475, 0.15045835077762604, 0.23641441762447357, 0.32227689027786255, 0.37950390577316284, 0.4127650856971741, 0.36295175552368164, 0.29069119691848755, 0.24415794014930725, 0.21191613376140594, 0.18431098759174347, 0.20062443614006042, 0.20748461782932281, 0.18961387872695923, 0.19952313601970673, 0.1628309041261673, 0.16915205121040344], "rhythm.beats_position": [0.6617686748504639, 1.3467572927474976, 1.9969160556793213, 2.658684730529785, 3.3436734676361084, 3.9938321113586426, 4.632380962371826, 5.27092981338501, 5.8978681564331055, 6.524806976318359, 7.151745796203613, 7.790294647216797, 8.42884349822998, 9.055782318115234, 9.682721138000488, 10.309659957885742, 10.948208808898926, 11.586756706237793, 12.213695526123047, 12.8406343460083, 13.467573165893555, 14.094511985778809, 14.733060836791992, 15.371609687805176, 15.99854850769043, 16.625486373901367, 17.264036178588867, 17.890974044799805, 18.529523849487305, 19.156461715698242, 19.783401489257812, 20.41033935546875, 21.04888916015625, 21.687437057495117, 22.314376831054688, 22.941314697265625, 23.568254470825195, 24.206802368164062, 24.84535026550293, 25.4722900390625, 26.099227905273438, 26.726167678833008, 27.364715576171875, 28.003265380859375, 28.630203247070312, 29.257143020629883, 29.89569091796875, 30.53424072265625, 31.161178588867188, 31.788116455078125, 32.41505432128906, 33.05360412597656, 33.69215393066406, 34.319091796875, 34.94602966308594, 35.58457946777344, 36.211517333984375, 36.850067138671875, 37.47700500488281, 38.103946685791016, 38.73088455200195, 39.35782241821289], "rhythm.bpm_histogram": [0.0, 0.0, 0.0, 0.0, 0.0, 0.0, 0.0, 0.0, 0.0, 0.0, 0.0, 0.0, 0.0, 0.0, 0.0, 0.0, 0.0, 0.0, 0.0, 0.0, 0.0, 0.0, 0.0, 0.0, 0.0, 0.0, 0.0, 0.0, 0.0, 0.0, 0.0, 0.0, 0.0, 0.0, 0.0, 0.0, 0.0, 0.0, 0.0, 0.0, 0.0, 0.0, 0.0, 0.0, 0.0, 0.0, 0.0, 0.0, 0.0, 0.0, 0.0, 0.0, 0.0, 0.0, 0.0, 0.0, 0.0, 0.0, 0.0, 0.0, 0.0, 0.0, 0.0, 0.0, 0.0, 0.0, 0.0, 0.0, 0.0, 0.0, 0.0, 0.0, 0.0, 0.0, 0.0, 0.0, 0.0, 0.0, 0.0, 0.0, 0.0, 0.0, 0.0, 0.0, 0.0, 0.0, 0.0, 0.0, 0.032786883413791656, 0.0, 0.0, 0.016393441706895828, 0.032786883413791656, 0.0, 0.3606557250022888, 0.0, 0.5573770403862, 0.0, 0.0, 0.0, 0.0, 0.0, 0.0, 0.0, 0.0, 0.0, 0.0, 0.0, 0.0, 0.0, 0.0, 0.0, 0.0, 0.0, 0.0, 0.0, 0.0, 0.0, 0.0, 0.0, 0.0, 0.0, 0.0, 0.0, 0.0, 0.0, 0.0, 0.0, 0.0, 0.0, 0.0, 0.0, 0.0, 0.0, 0.0, 0.0, 0.0, 0.0, 0.0, 0.0, 0.0, 0.0, 0.0, 0.0, 0.0, 0.0, 0.0, 0.0, 0.0, 0.0, 0.0, 0.0, 0.0, 0.0, 0.0, 0.0, 0.0, 0.0, 0.0, 0.0, 0.0, 0.0, 0.0, 0.0, 0.0, 0.0, 0.0, 0.0, 0.0, 0.0, 0.0, 0.0, 0.0, 0.0, 0.0, 0.0, 0.0, 0.0, 0.0, 0.0, 0.0, 0.0, 0.0, 0.0, 0.0, 0.0, 0.0, 0.0, 0.0, 0.0, 0.0, 0.0, 0.0, 0.0, 0.0, 0.0, 0.0, 0.0, 0.0, 0.0, 0.0, 0.0, 0.0, 0.0, 0.0, 0.0, 0.0, 0.0, 0.0, 0.0, 0.0, 0.0, 0.0, 0.0, 0.0, 0.0, 0.0, 0.0, 0.0, 0.0, 0.0, 0.0, 0.0, 0.0, 0.0, 0.0, 0.0, 0.0, 0.0, 0.0, 0.0, 0.0, 0.0, 0.0, 0.0, 0.0, 0.0, 0.0, 0.0, 0.0, 0.0, 0.0, 0.0, 0.0, 0.0, 0.0, 0.0, 0.0, 0.0, 0.0], "tonal.chords_histogram": [14.5180025100708, 13.821138381958008, 27.526132583618164, 8.710801124572754, 0.0, 0.0, 0.0, 0.0, 0.11614401638507843, 0.0, 1.7421603202819824, 0.0, 0.0, 0.0, 0.0, 0.0, 0.0, 22.415796279907227, 0.0, 0.0, 0.0, 0.0, 0.0, 11.149826049804688], "tonal.thpcp": [1.0, 0.747258186340332, 0.3947025537490845, 0.25451424717903137, 0.18263550102710724, 0.15227462351322174, 0.20090264081954956, 0.20383700728416443, 0.16957660019397736, 0.1665252298116684, 0.13330833613872528, 0.12626022100448608, 0.14848478138446808, 0.13351014256477356, 0.07901997119188309, 0.04498160630464554, 0.05037253722548485, 0.059101883322000504, 0.09234680235385895, 0.10258971899747849, 0.07768945395946503, 0.2091183066368103, 0.23403561115264893, 0.08462704718112946, 0.048525821417570114, 0.05311271920800209, 0.06353854387998581, 0.09437111765146255, 0.10351735353469849, 0.07354611158370972, 0.06481769680976868, 0.07626310735940933, 0.11092003434896469, 0.2733401656150818, 0.5216092467308044, 0.820773184299469], "lowlevel.gfcc.cov": [[3792.02392578125, -902.0014038085938, -151.1010284423828, 46.01234817504883, -145.8274688720703, -125.64994049072266, -521.7009887695312, -255.3339385986328, -639.617919921875, -156.23373413085938, -276.540771484375, 113.64427185058594, 2.3491272926330566], [-902.0014038085938, 1346.2559814453125, 373.5486755371094, -17.24481201171875, 125.3052978515625, -86.04489135742188, 44.28702163696289, -208.95391845703125, 57.260040283203125, -183.25877380371094, 39.80397415161133, -129.87460327148438, 6.556766510009766], [-151.1010284423828, 373.5486755371094, 601.6884155273438, 125.18464660644531, 135.99014282226562, -22.541805267333984, -9.081827163696289, -76.7198486328125, -42.38479232788086, -76.59266662597656, -89.55256652832031, -102.35082244873047, -64.38330078125], [46.01234817504883, -17.24481201171875, 125.18464660644531, 354.9396057128906, 62.684814453125, 8.988202095031738, 33.50309371948242, -86.20154571533203, -28.44202423095703, -91.33552551269531, -43.89534378051758, -74.68606567382812, -23.25509262084961], [-145.8274688720703, 125.3052978515625, 135.99014282226562, 62.684814453125, 191.39161682128906, 74.83037567138672, 76.50265502929688, 9.444860458374023, 25.85129737854004, -16.23276710510254, -18.181909561157227, -39.70823287963867, -23.12714195251465], [-125.64994049072266, -86.04489135742188, -22.541805267333984, 8.988202095031738, 74.83037567138672, 126.75289154052734, 104.33464050292969, 78.132568359375, 60.20126724243164, 23.33045196533203, 2.4405791759490967, -18.898303985595703, -9.036673545837402], [-521.7009887695312, 44.28702163696289, -9.081827163696289, 33.50309371948242, 76.50265502929688, 104.33464050292969, 237.67584228515625, 130.03775024414062, 172.90826416015625, 39.117401123046875, 29.53377914428711, -45.23914337158203, -16.237821578979492], [-255.3339385986328, -208.95391845703125, -76.7198486328125, -86.20154571533203, 9.444860458374023, 78.132568359375, 130.03775024414062, 203.17352294921875, 140.49118041992188, 107.09113311767578, 24.784101486206055, 5.341191291809082, -12.438593864440918], [-639.617919921875, 57.260040283203125, -42.38479232788086, -28.44202423095703, 25.85129737854004, 60.20126724243164, 172.90826416015625, 140.49118041992188, 245.48500061035156, 109.05322265625, 91.53665161132812, -14.712876319885254, -14.595963478088379], [-156.23373413085938, -183.25877380371094, -76.59266662597656, -91.33552551269531, -16.23276710510254, 23.33045196533203, 39.117401123046875, 107.09113311767578, 109.05322265625, 170.47276306152344, 95.64486694335938, 69.82221984863281, 2.881598711013794], [-276.540771484375, 39.80397415161133, -89.55256652832031, -43.89534378051758, -18.181909561157227, 2.4405791759490967, 29.53377914428711, 24.784101486206055, 91.53665161132812, 95.64486694335938, 153.7862548828125, 90.96232604980469, 48.05210494995117], [113.64427185058594, -129.87460327148438, -102.35082244873047, -74.68606567382812, -39.70823287963867, -18.898303985595703, -45.23914337158203, 5.341191291809082, -14.712876319885254, 69.82221984863281, 90.96232604980469, 152.11203002929688, 83.57508087158203], [2.3491272926330566, 6.556766510009766, -64.38330078125, -23.25509262084961, -23.12714195251465, -9.036673545837402, -16.237821578979492, -12.438593864440918, -14.595963478088379, 2.881598711013794, 48.05210494995117, 83.57508087158203, 110.28057861328125]], "lowlevel.gfcc.icov": [[0.0006314081256277859, 0.00022053752036299556, 0.00017455921624787152, -0.0001046830730047077, -4.6161425416357815e-05, -0.0001698832056717947, 0.0004862694477196783, 0.00014299720351118594, 0.0010154289193451405, -0.0002000908862100914, 0.0007870464469306171, -0.0005899750394746661, 0.00036119334981776774], [0.00022053752036299556, 0.004124862607568502, -0.00179965328425169, 0.0038596715312451124, -0.0022270928602665663, 0.0031546480022370815, -0.001910709892399609, 0.004903673660010099, -0.002344734501093626, 0.005100607872009277, -0.005386796314269304, 0.005057021044194698, -0.0023523615673184395], [0.00017455921624787152, -0.00179965328425169, 0.0034629686269909143, -0.0021184610668569803, -0.0011757139582186937, 0.00012857705587521195, 0.001200482016429305, -0.001653606304898858, 0.0013031343696638942, -0.0029627028852701187, 0.0037777156103402376, -0.0017921129474416375, 0.0013944839593023062], [-0.0001046830730047077, 0.0038596715312451124, -0.0021184610668569803, 0.007826547138392925, -0.002324202097952366, 0.0028063105419278145, -0.003907436039298773, 0.007150265853852034, -0.0024658264592289925, 0.005331272259354591, -0.0056264945305883884, 0.0062020341865718365, -0.0025541509967297316], [-4.6161425416357815e-05, -0.0022270928602665663, -0.0011757139582186937, -0.002324202097952366, 0.011002772487699986, -0.007738463580608368, -0.0009795959340408444, -0.0003456417180132121, 0.001516102347522974, -0.0029659324791282415, 0.0033618707675486803, -0.003878521267324686, 0.0021995746064931154], [-0.0001698832056717947, 0.0031546480022370815, 0.00012857705587521195, 0.0028063105419278145, -0.007738463580608368, 0.02027016133069992, -0.007103380281478167, -0.0010233725188300014, 0.0015051927184686065, 0.0032743820920586586, -0.005754754412919283, 0.006343082990497351, -0.0028261891566216946], [0.0004862694477196783, -0.001910709892399609, 0.001200482016429305, -0.003907436039298773, -0.0009795959340408444, -0.007103380281478167, 0.018004348501563072, -0.008165037259459496, -0.006880518514662981, 0.002709756139665842, 0.002365199150517583, -0.0022746813483536243, 0.0006344749126583338], [0.00014299720351118594, 0.004903673660010099, -0.001653606304898858, 0.007150265853852034, -0.0003456417180132121, -0.0010233725188300014, -0.008165037259459496, 0.024981146678328514, -0.008515628054738045, -0.003143270965665579, 0.0037913527339696884, 0.0031717240344733, -0.0033937261905521154], [0.0010154289193451405, -0.002344734501093626, 0.0013031343696638942, -0.0024658264592289925, 0.001516102347522974, 0.0015051927184686065, -0.006880518514662981, -0.008515628054738045, 0.023073336109519005, -0.00892550777643919, -0.0062828403897583485, 0.005417206324636936, 0.0007455629529431462], [-0.0002000908862100914, 0.005100607872009277, -0.0029627028852701187, 0.005331272259354591, -0.0029659324791282415, 0.0032743820920586586, 0.002709756139665842, -0.003143270965665579, -0.00892550777643919, 0.02794523537158966, -0.014807437546551228, -0.0016900737537071109, 0.004607602953910828], [0.0007870464469306171, -0.005386796314269304, 0.0037777156103402376, -0.0056264945305883884, 0.0033618707675486803, -0.005754754412919283, 0.002365199150517583, 0.0037913527339696884, -0.0062828403897583485, -0.014807437546551228, 0.033128999173641205, -0.01953781396150589, 0.0022586104460060596], [-0.0005899750394746661, 0.005057021044194698, -0.0017921129474416375, 0.0062020341865718365, -0.003878521267324686, 0.006343082990497351, -0.0022746813483536243, 0.0031717240344733, 0.005417206324636936, -0.0016900737537071109, -0.01953781396150589, 0.034629933536052704, -0.017266999930143356], [0.00036119334981776774, -0.0023523615673184395, 0.0013944839593023062, -0.0025541509967297316, 0.0021995746064931154, -0.0028261891566216946, 0.0006344749126583338, -0.0033937261905521154, 0.0007455629529431462, 0.004607602953910828, 0.0022586104460060596, -0.017266999930143356, 0.021495576947927475]], "lowlevel.mfcc.cov": [[4067.41845703125, -923.7650756835938, -252.9531707763672, -77.68183135986328, -15.688925743103027, -123.92486572265625, -34.46202850341797, -221.45066833496094, -277.32525634765625, -395.2217712402344, -348.76190185546875, -393.8856201171875, -207.86087036132812], [-923.7650756835938, 1217.0670166015625, 258.2365417480469, 38.48793029785156, 89.3311538696289, 44.6337776184082, -32.887046813964844, -6.938478469848633, -48.35612106323242, -41.560882568359375, -54.84282684326172, -17.351404190063477, -40.60410690307617], [-252.9531707763672, 258.2365417480469, 389.1551513671875, 179.26968383789062, 92.0196762084961, 52.84853744506836, 1.076763391494751, -17.7210636138916, -9.43126106262207, -30.620080947875977, -41.66499710083008, -40.765830993652344, -46.03366470336914], [-77.68183135986328, 38.48793029785156, 179.26968383789062, 273.0118408203125, 68.40840911865234, 92.13329315185547, 15.374893188476562, 11.361001968383789, -8.973604202270508, -26.666173934936523, -35.01267623901367, -27.494962692260742, -38.327239990234375], [-15.688925743103027, 89.3311538696289, 92.0196762084961, 68.40840911865234, 130.83584594726562, 58.925907135009766, 31.752803802490234, -1.5669527053833008, -2.8306453227996826, -18.4350643157959, -16.908140182495117, -23.11783790588379, -12.697619438171387], [-123.92486572265625, 44.6337776184082, 52.84853744506836, 92.13329315185547, 58.925907135009766, 123.48092651367188, 48.03936767578125, 41.60666275024414, 20.389331817626953, 14.767874717712402, 9.954527854919434, 9.410616874694824, -9.67496395111084], [-34.46202850341797, -32.887046813964844, 1.076763391494751, 15.374893188476562, 31.752803802490234, 48.03936767578125, 83.69855499267578, 48.456642150878906, 42.40932846069336, 24.871339797973633, 19.062536239624023, 0.8850041031837463, -7.499538898468018], [-221.45066833496094, -6.938478469848633, -17.7210636138916, 11.361001968383789, -1.5669527053833008, 41.60666275024414, 48.456642150878906, 113.37750244140625, 77.41951751708984, 77.66407775878906, 44.33592987060547, 32.01346206665039, -8.594898223876953], [-277.32525634765625, -48.35612106323242, -9.43126106262207, -8.973604202270508, -2.8306453227996826, 20.389331817626953, 42.40932846069336, 77.41951751708984, 133.25962829589844, 109.35953521728516, 81.73812103271484, 52.472660064697266, 7.792113304138184], [-395.2217712402344, -41.560882568359375, -30.620080947875977, -26.666173934936523, -18.4350643157959, 14.767874717712402, 24.871339797973633, 77.66407775878906, 109.35953521728516, 160.76023864746094, 118.67829895019531, 91.43413543701172, 26.81052589416504], [-348.76190185546875, -54.84282684326172, -41.66499710083008, -35.01267623901367, -16.908140182495117, 9.954527854919434, 19.062536239624023, 44.33592987060547, 81.73812103271484, 118.67829895019531, 147.00588989257812, 114.35006713867188, 60.64530563354492], [-393.8856201171875, -17.351404190063477, -40.765830993652344, -27.494962692260742, -23.11783790588379, 9.410616874694824, 0.8850041031837463, 32.01346206665039, 52.472660064697266, 91.43413543701172, 114.35006713867188, 157.0933380126953, 98.5333251953125], [-207.86087036132812, -40.60410690307617, -46.03366470336914, -38.327239990234375, -12.697619438171387, -9.67496395111084, -7.499538898468018, -8.594898223876953, 7.792113304138184, 26.81052589416504, 60.64530563354492, 98.5333251953125, 131.38851928710938]], "lowlevel.mfcc.icov": [[0.0005649186205118895, 0.00045867872540839016, 0.0002307829272467643, 0.0002102846628986299, -0.0002486392913851887, 6.623324588872492e-05, -0.00011031438771169633, 0.0003129116084892303, 0.00028213526820763946, 0.0007683353614993393, 0.00015671584696974605, 0.0004215101944282651, 0.0006107319495640695], [0.00045867872540839016, 0.0014817793853580952, -0.0007035488379187882, 0.000952231464907527, -0.0007373288390226662, -0.0004346415516920388, 0.000771153427194804, -0.00042874348582699895, 0.0007042954675853252, 0.0007568656583316624, 0.0005250888061709702, -0.000362073682481423, 0.0009605117957107723], [0.0002307829272467643, -0.0007035488379187882, 0.005049532745033503, -0.0029876516200602055, -0.0017701283795759082, 0.0010268279584124684, -6.727026629960164e-05, 0.0018014779780060053, -0.0011542660649865866, -8.0143116065301e-05, 0.00036538776475936174, 0.00028543907683342695, 0.0007659686962142587], [0.0002102846628986299, 0.000952231464907527, -0.0029876516200602055, 0.007615929003804922, -0.0005195831181481481, -0.004854889120906591, 0.0020318517927080393, -0.0010471297428011894, 0.00032611200003884733, 0.0013397012371569872, 0.0009680410148575902, -0.0008067629532888532, 0.0013070835266262293], [-0.0002486392913851887, -0.0007373288390226662, -0.0017701283795759082, -0.0005195831181481481, 0.012705185450613499, -0.0044921329244971275, -0.0037709856405854225, 0.002692905254662037, -0.00062619085656479, -0.0003059383016079664, -0.0004087517154403031, 0.0022575666662305593, -0.0019397936994209886], [6.623324588872492e-05, -0.0004346415516920388, 0.0010268279584124684, -0.004854889120906591, -0.0044921329244971275, 0.017254184931516647, -0.006326236762106419, -0.0035280101001262665, 0.002120393328368664, 0.00024131241661962122, -0.0004637358069885522, -0.002668184693902731, 0.0011985611636191607], [-0.00011031438771169633, 0.000771153427194804, -6.727026629960164e-05, 0.0020318517927080393, -0.0037709856405854225, -0.006326236762106419, 0.022948479279875755, -0.0074265701696276665, -0.004685669206082821, 0.004352514166384935, -0.0035531772300601006, 0.0036519062705338, -0.0010821996256709099], [0.0003129116084892303, -0.00042874348582699895, 0.0018014779780060053, -0.0010471297428011894, 0.002692905254662037, -0.0035280101001262665, -0.0074265701696276665, 0.022029248997569084, -0.006107678171247244, -0.007044859696179628, 0.005583081394433975, -0.0025005678180605173, 0.0028039091266691685], [0.00028213526820763946, 0.0007042954675853252, -0.0011542660649865866, 0.00032611200003884733, -0.00062619085656479, 0.002120393328368664, -0.004685669206082821, -0.006107678171247244, 0.022212952375411987, -0.009752682410180569, -0.0032350351102650166, 0.0018572102999314666, 0.0005564847378991544], [0.0007683353614993393, 0.0007568656583316624, -8.0143116065301e-05, 0.0013397012371569872, -0.0003059383016079664, 0.00024131241661962122, 0.004352514166384935, -0.007044859696179628, -0.009752682410180569, 0.02867032401263714, -0.01332455687224865, -0.003213604213669896, 0.004876262973994017], [0.00015671584696974605, 0.0005250888061709702, 0.00036538776475936174, 0.0009680410148575902, -0.0004087517154403031, -0.0004637358069885522, -0.0035531772300601006, 0.005583081394433975, -0.0032350351102650166, -0.01332455687224865, 0.028766879811882973, -0.012474097311496735, -0.00010301897418685257], [0.0004215101944282651, -0.000362073682481423, 0.00028543907683342695, -0.0008067629532888532, 0.0022575666662305593, -0.002668184693902731, 0.0036519062705338, -0.0025005678180605173, 0.0018572102999314666, -0.003213604213669896, -0.012474097311496735, 0.027129052206873894, -0.01355563011020422], [0.0006107319495640695, 0.0009605117957107723, 0.0007659686962142587, 0.0013070835266262293, -0.0019397936994209886, 0.0011985611636191607, -0.0010821996256709099, 0.0028039091266691685, 0.0005564847378991544, 0.004876262973994017, -0.00010301897418685257, -0.01355563011020422, 0.018731556832790375]], "metadata.audio_properties.analysis.downmix": "mix", "metadata.audio_properties.codec": "mp3", "metadata.audio_properties.md5_encoded": "76ab334c07263a812fd8c63530303cc0", "metadata.tags.file_name": "1182277195599728650.mp3", "metadata.version.essentia": "2.1-beta6-dev", "metadata.version.essentia_git_sha": "v2.1_beta5-1110-g77a6a954", "metadata.version.extractor": "music 2.0", "tonal.chords_key": "C", "tonal.chords_scale": "major", "tonal.key_edma.key": "F", "tonal.key_edma.scale": "major", "tonal.key_krumhansl.key": "F", "tonal.key_krumhansl.scale": "major", "tonal.key