{"song_id": "1182269617754869760", "download": "https://cdn.discordapp.com/attachments/1128313332273782784/1182269617754869760/chirp.mp4?ex=65841562&amp", "lyrics": "[Verse 1]\nIn the jungle, with my friend so dear\nWe laugh and sing, banishing all fear\nEating bananas, our favorite delight\nUnderneath the sun, shining ever so bright\n\n[Chorus]\nBeautiful faces all around\nDancing together, feeling so profound\nWe're wild and free, having fun\nIn the jungle, our adventure's just begun", "style": ["punk"], "essentia_features": {"lowlevel.average_loudness": 0.9356245398521423, "lowlevel.barkbands_crest.mean": 15.226956367492676, "lowlevel.barkbands_crest.stdev": 4.8068156242370605, "lowlevel.barkbands_flatness_db.mean": 0.3892613649368286, "lowlevel.barkbands_flatness_db.stdev": 0.08946572244167328, "lowlevel.barkbands_kurtosis.mean": 31.119609832763672, "lowlevel.barkbands_kurtosis.stdev": 49.663997650146484, "lowlevel.barkbands_skewness.mean": 2.924147605895996, "lowlevel.barkbands_skewness.stdev": 2.6316545009613037, "lowlevel.barkbands_spread.mean": 5.300695896148682, "lowlevel.barkbands_spread.stdev": 11.755837440490723, "lowlevel.dissonance.mean": 0.286344051361084, "lowlevel.dissonance.stdev": 0.08960136771202087, "lowlevel.dynamic_complexity": 3.4250242710113525, "lowlevel.erbbands_crest.mean": 17.193265914916992, "lowlevel.erbbands_crest.stdev": 5.7696919441223145, "lowlevel.erbbands_flatness_db.mean": 0.37737610936164856, "lowlevel.erbbands_flatness_db.stdev": 0.0814073458313942, "lowlevel.erbbands_kurtosis.mean": 16.262723922729492, "lowlevel.erbbands_kurtosis.stdev": 24.93227195739746, "lowlevel.erbbands_skewness.mean": 2.0109453201293945, "lowlevel.erbbands_skewness.stdev": 1.9058129787445068, "lowlevel.erbbands_spread.mean": 11.403477668762207, "lowlevel.erbbands_spread.stdev": 20.678531646728516, "lowlevel.hfc.mean": 11.531723022460938, "lowlevel.hfc.stdev": 12.411978721618652, "lowlevel.loudness_ebu128.integrated": -20.701993942260742, "lowlevel.loudness_ebu128.loudness_range": 3.8403244018554688, "lowlevel.loudness_ebu128.momentary.mean": -21.61892318725586, "lowlevel.loudness_ebu128.momentary.stdev": 3.1121833324432373, "lowlevel.loudness_ebu128.short_term.mean": -20.904006958007812, "lowlevel.loudness_ebu128.short_term.stdev": 1.4096826314926147, "lowlevel.melbands_crest.mean": 18.44733238220215, "lowlevel.melbands_crest.stdev": 5.694333076477051, "lowlevel.melbands_flatness_db.mean": 0.4711214601993561, "lowlevel.melbands_flatness_db.stdev": 0.10488040000200272, "lowlevel.melbands_kurtosis.mean": 26.709270477294922, "lowlevel.melbands_kurtosis.stdev": 55.29493713378906, "lowlevel.melbands_skewness.mean": 2.257908344268799, "lowlevel.melbands_skewness.stdev": 2.590651273727417, "lowlevel.melbands_spread.mean": 5.377642631530762, "lowlevel.melbands_spread.stdev": 10.556268692016602, "lowlevel.pitch_salience.mean": 0.4610729515552521, "lowlevel.pitch_salience.stdev": 0.13458015024662018, "lowlevel.silence_rate_20dB.mean": 1.0, "lowlevel.silence_rate_20dB.stdev": 0.0, "lowlevel.silence_rate_30dB.mean": 0.9967741966247559, "lowlevel.silence_rate_30dB.stdev": 0.05670469254255295, "lowlevel.silence_rate_60dB.mean": 0.11370968073606491, "lowlevel.silence_rate_60dB.stdev": 0.31745967268943787, "lowlevel.spectral_centroid.mean": 516.353759765625, "lowlevel.spectral_centroid.stdev": 304.4368591308594, "lowlevel.spectral_complexity.mean": 5.424193382263184, "lowlevel.spectral_complexity.stdev": 2.6504592895507812, "lowlevel.spectral_decrease.mean": -5.569208649802704e-09, "lowlevel.spectral_decrease.stdev": 4.812132026188465e-09, "lowlevel.spectral_energy.mean": 0.022065430879592896, "lowlevel.spectral_energy.stdev": 0.019043922424316406, "lowlevel.spectral_energyband_high.mean": 0.00014129807823337615, "lowlevel.spectral_energyband_high.stdev": 0.0005614254041574895, "lowlevel.spectral_energyband_low.mean": 8.877798973117024e-05, "lowlevel.spectral_energyband_low.stdev": 0.00025541457580402493, "lowlevel.spectral_energyband_middle_high.mean": 0.0017004249384626746, "lowlevel.spectral_energyband_middle_high.stdev": 0.005814179312437773, "lowlevel.spectral_energyband_middle_low.mean": 0.02053854614496231, "lowlevel.spectral_energyband_middle_low.stdev": 0.01737036369740963, "lowlevel.spectral_entropy.mean": 5.394798755645752, "lowlevel.spectral_entropy.stdev": 0.9223759174346924, "lowlevel.spectral_flux.mean": 0.047183435410261154, "lowlevel.spectral_flux.stdev": 0.03744787722826004, "lowlevel.spectral_kurtosis.mean": 62.05686569213867, "lowlevel.spectral_kurtosis.stdev": 86.91299438476562, "lowlevel.spectral_rms.mean": 0.0041952249594032764, "lowlevel.spectral_rms.stdev": 0.0019817447755485773, "lowlevel.spectral_rolloff.mean": 906.3908081054688, "lowlevel.spectral_rolloff.stdev": 1801.63671875, "lowlevel.spectral_skewness.mean": 5.720865726470947, "lowlevel.spectral_skewness.stdev": 3.773240804672241, "lowlevel.spectral_spread.mean": 3757675.25, "lowlevel.spectral_spread.stdev": 3538410.0, "lowlevel.spectral_strongpeak.mean": 1.5326098203659058, "lowlevel.spectral_strongpeak.stdev": 1.0518385171890259, "lowlevel.zerocrossingrate.mean": 0.03507749363780022, "lowlevel.zerocrossingrate.stdev": 0.04383968934416771, "metadata.audio_properties.analysis.equal_loudness": 0.0, "metadata.audio_properties.analysis.length": 28.75628089904785, "metadata.audio_properties.analysis.sample_rate": 44100.0, "metadata.audio_properties.analysis.start_time": 0.0, "metadata.audio_properties.bit_rate": 120253.0, "metadata.audio_properties.length": 28.757333755493164, "metadata.audio_properties.lossless": 0.0, "metadata.audio_properties.number_channels": 1.0, "metadata.audio_properties.replay_gain": -7.465749740600586, "metadata.audio_properties.sample_rate": 48000.0, "rhythm.beats_count": 53.0, "rhythm.beats_loudness.mean": 0.034154262393713, "rhythm.beats_loudness.stdev": 0.02011379599571228, "rhythm.bpm": 111.81916046142578, "rhythm.bpm_histogram_first_peak_bpm": 112.0, "rhythm.bpm_histogram_first_peak_weight": 0.5416666269302368, "rhythm.bpm_histogram_second_peak_bpm": 117.0, "rhythm.bpm_histogram_second_peak_spread": 0.25, "rhythm.bpm_histogram_second_peak_weight": 0.057692307978868484, "rhythm.danceability": 1.4312595129013062, "rhythm.onset_rate": 3.7192134857177734, "tonal.chords_changes_rate": 0.043478261679410934, "tonal.chords_number_rate": 0.012882447801530361, "tonal.chords_strength.mean": 0.49280184507369995, "tonal.chords_strength.stdev": 0.0865887701511383, "tonal.hpcp_crest.mean": 19.832021713256836, "tonal.hpcp_crest.stdev": 7.803233623504639, "tonal.hpcp_entropy.mean": 1.1855109930038452, "tonal.hpcp_entropy.stdev": 0.5681473016738892, "tonal.key_edma.strength": 0.8501744866371155, "tonal.key_krumhansl.strength": 0.8405486941337585, "tonal.key_temperley.strength": 0.8267675042152405, "tonal.tuning_diatonic_strength": 0.5803842544555664, "tonal.tuning_equal_tempered_deviation": 0.023518888279795647, "tonal.tuning_frequency": 438.98455810546875, "tonal.tuning_nontempered_energy_ratio": 0.6069015860557556, "lowlevel.barkbands.mean": [1.2981377039977815e-06, 3.448365305303014e-06, 2.834924634953495e-05, 0.00010690629278542474, 0.005201876629143953, 0.006722033489495516, 0.0027315886691212654, 0.003708892036229372, 0.0012773703783750534, 0.0011447981232777238, 0.00014432401803787798, 0.0005973466904833913, 2.3960796170285903e-05, 9.999309259001166e-05, 6.188346014823765e-05, 1.7034852135111578e-05, 2.9323580747586675e-05, 1.087008149625035e-05, 9.680121365818195e-06, 1.1037843250960577e-05, 2.766385023278417e-06, 3.185904233760084e-06, 4.669196641771123e-06, 1.0797532013384625e-05, 0.00010183572885580361, 1.015922589431284e-05, 1.6015162529470217e-08], "lowlevel.barkbands.stdev": [5.091353159514256e-06, 7.786488822603133e-06, 8.564174640923738e-05, 0.00035210649366490543, 0.0075926389545202255, 0.009703903459012508, 0.0038615032099187374, 0.006020753178745508, 0.0036494561936706305, 0.004654612857848406, 0.0009479512227699161, 0.0031104618683457375, 0.00012678292114287615, 0.0006081950850784779, 0.00026156569947488606, 9.011219663079828e-05, 0.00020155319361947477, 4.627980888471939e-05, 3.4854820114560425e-05, 2.56191378866788e-05, 8.662316759000532e-06, 1.6099156709969975e-05, 2.3451973902410828e-05, 7.1568283601664e-05, 0.0004423411446623504, 4.5184671762399375e-05, 1.3456119063448568e-07], "lowlevel.erbbands.mean": [0.00012006376346107572, 0.0011258939048275352, 0.021960845217108727, 0.269101619720459, 2.447986602783203, 20.126689910888672, 48.609275817871094, 52.181549072265625, 51.73292922973633, 36.32048416137695, 87.76355743408203, 30.63831329345703, 51.88145065307617, 13.734623908996582, 9.751443862915039, 25.76210594177246, 2.6770622730255127, 5.2796101570129395, 2.9554996490478516, 2.4603867530822754, 1.563943862915039, 1.1193493604660034, 0.6570487022399902, 0.5405566692352295, 0.3997274339199066, 0.5321556329727173, 0.2848745882511139, 0.07684917747974396, 0.1133173331618309, 0.10868687927722931, 0.1422354280948639, 0.11819601058959961, 0.34812483191490173, 1.2434818744659424, 0.6170843243598938, 0.10051002353429794, 0.008317283354699612, 0.0004663403960876167, 2.8573562303790823e-05, 2.7149686502525583e-05], "lowlevel.erbbands.stdev": [0.00025387463392689824, 0.0020004455000162125, 0.05589114502072334, 0.6630306243896484, 5.706819534301758, 33.633331298828125, 74.1192626953125, 85.99784851074219, 66.46161651611328, 44.09349822998047, 153.13888549804688, 78.44783020019531, 184.0428924560547, 41.808353424072266, 43.24954605102539, 143.19847106933594, 10.616028785705566, 32.24929428100586, 11.88266658782959, 10.349329948425293, 8.045164108276367, 6.990250110626221, 3.1621787548065186, 1.7033239603042603, 1.729156255722046, 1.249060034751892, 0.7128282785415649, 0.35140329599380493, 0.5892006158828735, 0.5166856646537781, 0.7364441752433777, 0.7539948225021362, 1.9871858358383179, 5.752887725830078, 2.485868453979492, 0.4429227113723755, 0.035076919943094254, 0.0018541334429755807, 6.641445361310616e-05, 2.3022759705781937e-05], "lowlevel.gfcc.mean": [-185.3126220703125, 135.6043701171875, -83.0047378540039, -60.20476150512695, -93.8393783569336, -34.38596725463867, -67.02598571777344, 13.466134071350098, -42.76875305175781, 12.248661994934082, -8.382000923156738, -17.718891143798828, 14.187154769897461], "lowlevel.melbands.mean": [9.764470405571046e-07, 1.033356602420099e-05, 7.75988373789005e-05, 0.0007322691380977631, 0.0016087715048342943, 0.001192600466310978, 0.0007602986879646778, 0.00046307643060572445, 0.0006402063881978393, 0.00017906760331243277, 0.0002569482021499425, 5.305389640852809e-05, 2.3817387045710348e-05, 7.488437404390424e-05, 2.4223565560532734e-05, 3.4862746360886376e-06, 1.0590312740532681e-05, 4.4000244088238105e-06, 4.585927854350302e-06, 1.5065004390635295e-06, 2.2821816401119577e-06, 1.4099990721661015e-06, 8.158757509590941e-07, 4.26142321430234e-07, 4.3732921994887874e-07, 3.397133809812658e-07, 2.1378167502916767e-07, 4.0506381537852576e-07, 2.456245908888377e-07, 4.993908575556816e-08, 3.9572242371832544e-08, 6.331343627152819e-08, 6.518429529478453e-08, 5.672217895380527e-08, 7.784647948483325e-08, 8.637310600079218e-08, 6.393632645540492e-08, 1.33356437004295e-07, 5.675933039128722e-07, 1.2509154885265161e-06], "lowlevel.melbands.stdev": [2.236936097688158e-06, 2.8737431421177462e-05, 0.00018607400124892592, 0.0012626306852325797, 0.002269052667543292, 0.0018666668329387903, 0.000980266253463924, 0.0005998408887535334, 0.00115734594874084, 0.0004837204469367862, 0.0009184171794913709, 0.00018131178512703627, 0.00014234043192118406, 0.0004005744413007051, 0.00013629884051624686, 1.960460576810874e-05, 6.797625974286348e-05, 1.9069291738560423e-05, 2.1838774046045728e-05, 7.267086857609684e-06, 1.3578201105701737e-05, 1.0238506547466386e-05, 4.732414708996657e-06, 1.8737802065516007e-06, 1.4677384569949936e-06, 1.6685032733221306e-06, 7.080027444317238e-07, 9.434702405997086e-07, 6.890003874104877e-07, 2.027607592935965e-07, 2.1266764349547884e-07, 3.4704677887020807e-07, 3.3198824667124427e-07, 2.70802416935112e-07, 4.021041775104095e-07, 4.988245336789987e-07, 4.815120178136567e-07, 9.766192761162529e-07, 3.1412405405717436e-06, 5.595858056040015e-06], "lowlevel.melbands128.mean": [6.557689857800142e-07, 8.63027537434391e-07, 1.007115884021914e-06, 1.3811394410367939e-06, 2.6215261641482357e-06, 1.8734930563368835e-05, 4.8141726438188925e-05, 5.179318395676091e-05, 0.00015204641385935247, 0.0005755590391345322, 0.0011755713494494557, 0.0017046272987499833, 0.0018904849421232939, 0.0013042059727013111, 0.0010197418741881847, 0.0014258079463616014, 0.0008717873133718967, 0.0007860797340981662, 0.0003640789072960615, 0.00030159257585182786, 0.00046095039579086006, 0.0010482068173587322, 0.0007400015601888299, 0.00015246366092469543, 0.00013813564146403223, 0.00014476533397100866, 0.0003602237848099321, 0.0003383415169082582, 0.00010223022400168702, 6.749409658368677e-05, 3.2747400837251917e-05, 2.3255819542100653e-05, 2.626008790684864e-05, 1.6125623005791567e-05, 4.6094039134914055e-05, 0.0001238752156496048, 7.920761709101498e-05, 5.05504067405127e-06, 3.0298986075649736e-06, 1.4298840369519894e-06, 1.9165800040354952e-06, 8.69016093929531e-06, 1.3460027730616275e-05, 1.1211899618501775e-05, 3.512308012432186e-06, 3.5090984056296293e-06, 4.456965598365059e-06, 5.452677669381956e-06, 4.196939698886126e-06, 3.4965078157256357e-06, 4.679698406562238e-07, 3.4780197211148334e-07, 1.1233559007450822e-06, 3.999757609562948e-06, 3.4603988297021715e-06, 3.6607895026463666e-07, 3.188334574133478e-07, 1.1318840051899315e-06, 1.0127583891517133e-06, 3.616055721522571e-07, 3.4720537200882973e-07, 3.862911910346156e-07, 6.237295906430518e-07, 3.7292130627974984e-07, 3.111736361915973e-07, 3.821055827302189e-07, 3.653074145404389e-07, 1.36538034212208e-07, 1.560590305871301e-07, 3.3877000760185183e-07, 4.158957551680942e-07, 4.2728967741823e-07, 4.409029372709483e-07, 1.8094262088652613e-07, 7.675399871232003e-08, 5.4971039276097144e-08, 3.317928332080555e-08, 3.21913127265816e-08, 4.061265101995559e-08, 4.3327126775238867e-08, 6.493571902410622e-08, 7.195795603820443e-08, 6.360247084558068e-08, 6.603973901064819e-08, 6.644017247481315e-08, 5.308371342493956e-08, 5.6002317450065675e-08, 5.637996380869481e-08, 7.95270125308889e-08, 9.03581351963112e-08, 9.655532551278156e-08, 9.612200102537827e-08, 5.5523301512039325e-08, 4.18770262911039e-08, 7.930101730835304e-08, 1.0128252370122937e-07, 1.1491760432136289e-07, 2.2061246340854268e-07, 4.077363655596855e-07, 7.862184929763316e-07, 1.178480147245864e-06, 1.305193904954649e-06, 1.4263550838222727e-06, 1.193186335513019e-06, 6.295014145507594e-07, 3.1022210578157683e-07, 3.093102520779212e-07, 2.7265954827271344e-07, 1.4672029635676154e-07, 5.3676100009170113e-08, 2.9494529485418752e-08, 2.6771557415372627e-08, 1.9130386164079027e-08, 1.0090859703382193e-08, 4.763162309018298e-09, 2.9772435627961613e-09, 6.419828557646667e-10, 1.5061718539044477e-10, 2.323260681058592e-11, 3.85774441905018e-12, 3.7111594179684015e-12, 3.3683017312824415e-12, 3.283282500043949e-12, 3.2183880126906983e-12, 3.091007484690156e-12, 2.9083033724341956e-12, 2.804456319949189e-12, 2.777782561261266e-12], "lowlevel.melbands128.stdev": [2.420538294245489e-06, 2.329900098629878e-06, 2.6578200049698353e-06, 3.422306917855167e-06, 5.634660283249104e-06, 5.891728505957872e-05, 0.0001477827609051019, 0.00021889909112360328, 0.0004967643762938678, 0.0014399273786693811, 0.0024666315875947475, 0.003058926435187459, 0.003430323675274849, 0.003283527446910739, 0.002436417154967785, 0.0026035537011921406, 0.0013714892556890845, 0.001668986165896058, 0.0006108192610554397, 0.0006431521032936871, 0.0009545173379592597, 0.0018891635118052363, 0.0016012697014957666, 0.000816596148069948, 0.000680633180309087, 0.0005814017495140433, 0.0011091366177424788, 0.001700787921436131, 0.0005276422016322613, 0.00029791740234941244, 0.00016588246216997504, 0.00016432252596132457, 0.0002344845561310649, 0.0001409181277267635, 0.0002432573528494686, 0.0008219454321078956, 0.0004964042454957962, 3.427812043810263e-05, 2.9222048397059552e-05, 7.546279448433779e-06, 1.0579638910712674e-05, 7.413832645397633e-05, 9.351439075544477e-05, 9.97795577859506e-05, 2.5767003535293043e-05, 2.1862164430785924e-05, 3.4536642488092184e-05, 4.457527757040225e-05, 2.2016427465132438e-05, 2.0799468984478153e-05, 2.8568524612637702e-06, 1.7700695025268942e-06, 6.149654836917762e-06, 2.7833855710923672e-05, 3.1479550671065226e-05, 4.216343768348452e-06, 2.161755901397555e-06, 1.0907105206570122e-05, 6.097673121985281e-06, 2.453864226481528e-06, 2.538498392823385e-06, 2.270850927743595e-06, 3.1094746191229206e-06, 1.4673706800749642e-06, 1.5742782579764025e-06, 2.4401640530413715e-06, 2.383055743848672e-06, 5.967543756923988e-07, 7.998591513569409e-07, 1.2291620805626735e-06, 1.4627729569838266e-06, 1.1234967587370193e-06, 1.6607697261861176e-06, 6.072539804335975e-07, 2.446299731673207e-07, 2.4975523160719604e-07, 2.0262581301722093e-07, 1.7752078917965264e-07, 2.2310516101242683e-07, 2.2376480046659708e-07, 4.3642077685035474e-07, 4.0977013782139693e-07, 3.5703166645362217e-07, 3.5210806004215556e-07, 3.5043785828747787e-07, 2.659925826264953e-07, 2.952869522232504e-07, 2.9275994961608376e-07, 4.4779901031688496e-07, 5.049259925726801e-07, 5.651842798215512e-07, 6.278439173001971e-07, 4.044398735914001e-07, 2.842521666934772e-07, 6.863085104669153e-07, 1.0793000910780393e-06, 8.462617415716522e-07, 1.4743071687917109e-06, 2.4594421574875014e-06, 5.107013748784084e-06, 5.961435817880556e-06, 5.86923306400422e-06, 6.23875530436635e-06, 4.979611730959732e-06, 2.6104280550498515e-06, 1.3738884945269092e-06, 1.3921951449447079e-06, 1.2652086525122286e-06, 7.629230935890519e-07, 2.938188572443323e-07, 1.804446156938866e-07, 1.610279696251382e-07, 9.795631683573447e-08, 4.865206904014485e-08, 2.3228908574424167e-08, 2.0033981584788307e-08, 5.5900577500267445e-09, 1.9097745607155048e-09, 5.29828014794731e-10, 1.3482904029360476e-11, 1.179087556757441e-11, 5.266098321299317e-12, 5.070309623544933e-12, 4.9814922152557894e-12, 4.90680716544456e-12, 4.847572863952987e-12, 4.8048145323553726e-12, 4.7781930322121635e-12], "lowlevel.mfcc.mean": [-860.2747192382812, 203.49647521972656, 23.920425415039062, -22.027339935302734, -19.441818237304688, -59.38496780395508, -9.832490921020508, -50.08838653564453, -4.9864420890808105, -15.15385913848877, -8.355242729187012, -9.7340669631958, 5.046828746795654], "lowlevel.spectral_contrast_coeffs.mean": [-0.5011633038520813, -0.5866312384605408, -0.6836709380149841, -0.7978410720825195, -0.8140619993209839, -0.7807490229606628], "lowlevel.spectral_contrast_coeffs.stdev": [0.1336001753807068, 0.0884462520480156, 0.0944308415055275, 0.060378510504961014, 0.05961030721664429, 0.08209913223981857], "lowlevel.spectral_contrast_valleys.mean": [-9.299544334411621, -7.514993190765381, -9.203391075134277, -10.092087745666504, -10.492481231689453, -13.219538688659668], "lowlevel.spectral_contrast_valleys.stdev": [0.738139271736145, 1.0359947681427002, 1.185645580291748, 1.1293519735336304, 1.4038801193237305, 1.3118951320648193], "rhythm.beats_loudness_band_ratio.mean": [0.037820298224687576, 0.5604904890060425, 0.40886521339416504, 0.05759895592927933, 0.007284608669579029, 0.0018838499672710896], "rhythm.beats_loudness_band_ratio.stdev": [0.1121450811624527, 0.2498369812965393, 0.21183642745018005, 0.0953320637345314, 0.014904189854860306, 0.0021306490525603294], "tonal.hpcp.mean": [0.18938274681568146, 0.11638577282428741, 0.013503368012607098, 0.013003524392843246, 0.03522581607103348, 0.08756184577941895, 0.12662921845912933, 0.07776530086994171, 0.041518036276102066, 0.05598943680524826, 0.034659095108509064, 0.06744269281625748, 0.14586496353149414, 0.12867631018161774, 0.20063911378383636, 0.31659767031669617, 0.1727813333272934, 0.02222207933664322, 0.02105661667883396, 0.024372605606913567, 0.055485181510448456, 0.09763869643211365, 0.06456588208675385, 0.01582816056907177, 0.008489777334034443, 0.011217677965760231, 0.08625861257314682, 0.17031319439411163, 0.1135210394859314, 0.1434003710746765, 0.2282741665840149, 0.11467890441417694, 0.01519207376986742, 0.013205092400312424, 0.01863919012248516, 0.09538650512695312], "tonal.hpcp.stdev": [0.31467318534851074, 0.20954744517803192, 0.08700719475746155, 0.07963234931230545, 0.1615539938211441, 0.22041837871074677, 0.2809641659259796, 0.18501588702201843, 0.15888455510139465, 0.19458124041557312, 0.12328413128852844, 0.17388609051704407, 0.2984299957752228, 0.2657262086868286, 0.2784620225429535, 0.40499213337898254, 0.25029513239860535, 0.11824172735214233, 0.11782204359769821, 0.12594980001449585, 0.1663190722465515, 0.249627023935318, 0.18586406111717224, 0.09974941611289978, 0.07063382863998413, 0.08306322246789932, 0.1798654943704605, 0.3023645579814911, 0.21349143981933594, 0.24031810462474823, 0.37061649560928345, 0.2113107442855835, 0.0936577171087265, 0.08151945471763611, 0.08529201149940491, 0.1835402101278305], "rhythm.beats_position": [0.5108389854431152, 1.0216779708862305, 1.5325169563293457, 2.0549659729003906, 2.565804958343506, 3.088253974914551, 3.6223127841949463, 4.1679816246032715, 4.713650703430176, 5.25931978225708, 5.804988384246826, 6.3506574630737305, 6.896326541900635, 7.441995143890381, 7.987664222717285, 8.533332824707031, 9.067392349243164, 9.61306095123291, 10.147119522094727, 10.68117904663086, 11.226847648620605, 11.772517204284668, 12.306575775146484, 12.86385440826416, 13.397913932800293, 13.93197250366211, 14.466031074523926, 15.000090599060059, 15.534149169921875, 16.056598663330078, 16.57904815673828, 17.11310577392578, 17.635555267333984, 18.158004760742188, 18.692062377929688, 19.22612190246582, 19.771791458129883, 20.317459106445312, 20.863128662109375, 21.408798217773438, 21.90802764892578, 22.43047523498535, 22.964534759521484, 23.498594284057617, 24.032651901245117, 24.56671142578125, 25.100770950317383, 25.634828567504883, 26.168888092041016, 26.70294761657715, 27.22539710998535, 27.77106475830078, 28.305124282836914], "rhythm.bpm_histogram": [0.0, 0.0, 0.0, 0.0, 0.0, 0.0, 0.0, 0.0, 0.0, 0.0, 0.0, 0.0, 0.0, 0.0, 0.0, 0.0, 0.0, 0.0, 0.0, 0.0, 0.0, 0.0, 0.0, 0.0, 0.0, 0.0, 0.0, 0.0, 0.0, 0.0, 0.0, 0.0, 0.0, 0.0, 0.0, 0.0, 0.0, 0.0, 0.0, 0.0, 0.0, 0.0, 0.0, 0.0, 0.0, 0.0, 0.0, 0.0, 0.0, 0.0, 0.0, 0.0, 0.0, 0.0, 0.0, 0.0, 0.0, 0.0, 0.0, 0.0, 0.0, 0.0, 0.0, 0.0, 0.0, 0.0, 0.0, 0.0, 0.0, 0.0, 0.0, 0.0, 0.0, 0.0, 0.0, 0.0, 0.0, 0.0, 0.0, 0.0, 0.0, 0.0, 0.0, 0.0, 0.0, 0.0, 0.0, 0.0, 0.0, 0.0, 0.0, 0.0, 0.0, 0.0, 0.0, 0.0, 0.0, 0.0, 0.0, 0.0, 0.0, 0.0, 0.0, 0.0, 0.0, 0.0, 0.0, 0.0, 0.01923076994717121, 0.0, 0.32692307233810425, 0.0, 0.42307692766189575, 0.0, 0.0, 0.1538461595773697, 0.0, 0.057692307978868484, 0.0, 0.0, 0.01923076994717121, 0.0, 0.0, 0.0, 0.0, 0.0, 0.0, 0.0, 0.0, 0.0, 0.0, 0.0, 0.0, 0.0, 0.0, 0.0, 0.0, 0.0, 0.0, 0.0, 0.0, 0.0, 0.0, 0.0, 0.0, 0.0, 0.0, 0.0, 0.0, 0.0, 0.0, 0.0, 0.0, 0.0, 0.0, 0.0, 0.0, 0.0, 0.0, 0.0, 0.0, 0.0, 0.0, 0.0, 0.0, 0.0, 0.0, 0.0, 0.0, 0.0, 0.0, 0.0, 0.0, 0.0, 0.0, 0.0, 0.0, 0.0, 0.0, 0.0, 0.0, 0.0, 0.0, 0.0, 0.0, 0.0, 0.0, 0.0, 0.0, 0.0, 0.0, 0.0, 0.0, 0.0, 0.0, 0.0, 0.0, 0.0, 0.0, 0.0, 0.0, 0.0, 0.0, 0.0, 0.0, 0.0, 0.0, 0.0, 0.0, 0.0, 0.0, 0.0, 0.0, 0.0, 0.0, 0.0, 0.0, 0.0, 0.0, 0.0, 0.0, 0.0, 0.0, 0.0, 0.0, 0.0, 0.0, 0.0, 0.0, 0.0, 0.0, 0.0, 0.0, 0.0, 0.0, 0.0, 0.0, 0.0, 0.0, 0.0, 0.0, 0.0, 0.0, 0.0, 0.0, 0.0, 0.0, 0.0, 0.0, 0.0], "tonal.chords_histogram": [28.98550796508789, 9.339774131774902, 29.951690673828125, 10.466988563537598, 5.314009666442871, 0.0, 0.0, 0.0, 0.0, 0.0, 0.483091801404953, 0.0, 0.0, 0.0, 0.0, 12.07729434967041, 0.0, 0.0, 0.0, 0.966183602809906, 0.0, 0.0, 1.2882447242736816, 1.1272141933441162], "tonal.thpcp": [1.0, 0.5457441806793213, 0.07019028067588806, 0.06650906801223755, 0.07698289304971695, 0.17525455355644226, 0.30839991569519043, 0.20393669605255127, 0.04999455809593201, 0.026815665885806084, 0.03543196618556976, 0.27245497703552246, 0.5379483699798584, 0.35856562852859497, 0.4529419541358948, 0.72102290391922, 0.362222820520401, 0.04798542335629463, 0.041709378361701965, 0.05887342616915703, 0.3012861907482147, 0.5981811285018921, 0.36761412024497986, 0.04265150800347328, 0.04107271134853363, 0.11126366257667542, 0.2765713632106781, 0.3999688923358917, 0.24562814831733704, 0.1311381608247757, 0.17684727907180786, 0.10947362333536148, 0.2130233347415924, 0.4607265889644623, 0.4064348042011261, 0.6337352991104126], "lowlevel.gfcc.cov": [[9544.939453125, -3156.95068359375, -1878.0772705078125, 266.98162841796875, -171.63726806640625, 496.3858947753906, -461.1338195800781, 1466.4344482421875, -1464.689697265625, 1006.9550170898438, 56.91032409667969, -146.07373046875, 697.441162109375], [-3156.95068359375, 3785.585205078125, 409.0798034667969, -881.580810546875, 809.2446899414062, -684.4274291992188, 59.2642822265625, -897.4373779296875, 230.1318359375, -617.708984375, 196.43487548828125, -370.3585510253906, 40.89815902709961], [-1878.0772705078125, 409.0798034667969, 1452.9034423828125, 283.96697998046875, -287.2483825683594, -15.72584056854248, -107.90916442871094, -437.3658142089844, 246.71473693847656, -263.33685302734375, -232.88536071777344, 21.90264892578125, -286.3992919921875], [266.98162841796875, -881.580810546875, 283.96697998046875, 813.8333129882812, -186.29949951171875, -28.361562728881836, -123.28598022460938, 132.5616455078125, 40.856204986572266, -11.85092830657959, -182.69573974609375, 97.39190673828125, -160.4320526123047], [-171.63726806640625, 809.2446899414062, -287.2483825683594, -186.29949951171875, 564.9025268554688, -219.34375, -89.68038940429688, -35.15379333496094, -86.24413299560547, -105.189208984375, 18.870521545410156, -88.19269561767578, 117.97769165039062], [496.3858947753906, -684.4274291992188, -15.72584056854248, -28.361562728881836, -219.34375, 511.7381591796875, 183.2230682373047, 101.74151611328125, 8.914006233215332, 113.27635955810547, -48.76836013793945, 25.568899154663086, -48.08307647705078], [-461.1338195800781, 59.2642822265625, -107.90916442871094, -123.28598022460938, -89.68038940429688, 183.2230682373047, 387.4111328125, -16.666955947875977, 80.0602035522461, -49.61876678466797, 35.31044387817383, 6.868437767028809, -62.56304168701172], [1466.4344482421875, -897.4373779296875, -437.3658142089844, 132.5616455078125, -35.15379333496094, 101.74151611328125, -16.666955947875977, 591.2025146484375, -155.0378875732422, 203.52381896972656, -34.839988708496094, 33.696895599365234, 116.7386474609375], [-1464.689697265625, 230.1318359375, 246.71473693847656, 40.856204986572266, -86.24413299560547, 8.914006233215332, 80.0602035522461, -155.0378875732422, 723.2392578125, -84.57881927490234, -42.47586441040039, 130.3087921142578, -240.12538146972656], [1006.9550170898438, -617.708984375, -263.33685302734375, -11.85092830657959, -105.189208984375, 113.27635955810547, -49.61876678466797, 203.52381896972656, -84.57881927490234, 319.9140319824219, 74.3784408569336, -2.8862643241882324, 38.73030471801758], [56.91032409667969, 196.43487548828125, -232.88536071777344, -182.69573974609375, 18.870521545410156, -48.76836013793945, 35.31044387817383, -34.839988708496094, -42.47586441040039, 74.3784408569336, 245.29190063476562, -5.871473789215088, 47.44959259033203], [-146.07373046875, -370.3585510253906, 21.90264892578125, 97.39190673828125, -88.19269561767578, 25.568899154663086, 6.868437767028809, 33.696895599365234, 130.3087921142578, -2.8862643241882324, -5.871473789215088, 231.41714477539062, -11.681982040405273], [697.441162109375, 40.89815902709961, -286.3992919921875, -160.4320526123047, 117.97769165039062, -48.08307647705078, -62.56304168701172, 116.7386474609375, -240.12538146972656, 38.73030471801758, 47.44959259033203, -11.681982040405273, 295.3793640136719]], "lowlevel.gfcc.icov": [[0.00044468228588812053, -0.00026575729134492576, 0.0005670753307640553, -0.00027599604800343513, 0.0005504175205715001, -0.0005748818512074649, 0.0007685224409215152, -0.0004609868337865919, 0.0006658080383203924, -0.0005737744504585862, 0.0004025381349492818, -0.00013818581646773964, -3.533448762027547e-05], [-0.00026575729134492576, 0.0035511543974280357, -0.0017739038448780775, 0.0022361106239259243, -0.0031981293577700853, 0.0028616434428840876, -0.0019192041363567114, 0.001823415164835751, -0.0018856899114325643, 0.003021855605766177, -0.002376999706029892, 0.003980262670665979, -0.0011435148771852255], [0.0005670753307640553, -0.0017739038448780775, 0.003145933151245117, -0.0011652617249637842, 0.0030632324051111937, -0.0018497123382985592, 0.0026101029943674803, -0.0002680343750398606, 0.0015624213265255094, -0.0007963977404870093, 0.0026011886075139046, -0.0017107310704886913, 0.0013472846476361156], [-0.00027599604800343513, 0.0022361106239259243, -0.0011652617249637842, 0.003750275354832411, -0.0014016132336109877, 0.0024243982043117285, -0.0006191650172695518, 0.0005248257657513022, -0.0007883296930231154, 0.002368748188018799, -0.0003011598309967667, 0.001593911205418408, 0.001025018747895956], [0.0005504175205715001, -0.0031981293577700853, 0.0030632324051111937, -0.0014016132336109877, 0.006586774718016386, -0.0020293944980949163, 0.0032805148512125015, -0.0016597204376012087, 0.0021057946141809225, -0.0013190668541938066, 0.00318522029556334, -0.002662577200680971, 0.0010094786994159222], [-0.0005748818512074649, 0.0028616434428840876, -0.0018497123382985592, 0.0024243982043117285, -0.0020293944980949163, 0.006093224976211786, -0.0037320053670555353, 0.0016460665501654148, -0.001669424818828702, 0.0012013389496132731, -0.0004643436404876411, 0.0027147585060447454, -0.00048679273459129035], [0.0007685224409215152, -0.0019192041363567114, 0.0026101029943674803, -0.0006191650172695518, 0.0032805148512125015, -0.0037320053670555353, 0.006744828075170517, -0.0016828151419758797, 0.0016979883657768369, 0.0005095964297652245, 0.0008980515995062888, -0.0016953187296167016, 0.0019236941589042544], [-0.0004609868337865919, 0.001823415164835751, -0.0002680343750398606, 0.0005248257657513022, -0.0016597204376012087, 0.0016460665501654148, -0.0016828151419758797, 0.004645638167858124, -0.001189807546325028, 0.0002533801307436079, 0.00015930351219139993, 0.0015991524560377002, -0.0013632396003231406], [0.0006658080383203924, -0.0018856899114325643, 0.0015624213265255094, -0.0007883296930231154, 0.0021057946141809225, -0.001669424818828702, 0.0016979883657768369, -0.001189807546325028, 0.004031265154480934, -0.001927434466779232, 0.0020504025742411613, -0.0034167130943387747, 0.00255819084122777], [-0.0005737744504585862, 0.003021855605766177, -0.0007963977404870093, 0.002368748188018799, -0.0013190668541938066, 0.0012013389496132731, 0.0005095964297652245, 0.0002533801307436079, -0.001927434466779232, 0.009739981964230537, -0.00420044781640172, 0.003973774611949921, 0.00016887049423530698], [0.0004025381349492818, -0.002376999706029892, 0.0026011886075139046, -0.0003011598309967667, 0.00318522029556334, -0.0004643436404876411, 0.0008980515995062888, 0.00015930351219139993, 0.0020504025742411613, -0.00420044781640172, 0.009013177827000618, -0.0033742287196218967, 0.0011529448674991727], [-0.00013818581646773964, 0.003980262670665979, -0.0017107310704886913, 0.001593911205418408, -0.002662577200680971, 0.0027147585060447454, -0.0016953187296167016, 0.0015991524560377002, -0.0034167130943387747, 0.003973774611949921, -0.0033742287196218967, 0.010341833345592022, -0.0028511176351457834], [-3.533448762027547e-05, -0.0011435148771852255, 0.0013472846476361156, 0.001025018747895956, 0.0010094786994159222, -0.00048679273459129035, 0.0019236941589042544, -0.0013632396003231406, 0.00255819084122777, 0.00016887049423530698, 0.0011529448674991727, -0.0028511176351457834, 0.0077136182226240635]], "lowlevel.mfcc.cov": [[7845.029296875, -1414.79931640625, -2248.77978515625, -385.1576232910156, 121.08185577392578, -1026.6212158203125, 1383.0267333984375, -658.3036499023438, 560.1300659179688, 79.3780746459961, 231.6603546142578, -343.56976318359375, 394.6028747558594], [-1414.79931640625, 3476.257568359375, -505.7433776855469, -190.96234130859375, 261.51434326171875, -137.3165740966797, 142.7899627685547, -423.9875793457031, -243.44317626953125, -294.3804931640625, -348.7923889160156, -132.07546997070312, -29.953651428222656], [-2248.77978515625, -505.7433776855469, 2015.033447265625, 146.58778381347656, -247.63949584960938, 618.2642211914062, -739.9569091796875, 326.58355712890625, -170.27252197265625, 30.370834350585938, 3.9495127201080322, 156.62911987304688, -171.13665771484375], [-385.1576232910156, -190.96234130859375, 146.58778381347656, 707.8011474609375, 193.55279541015625, -127.90630340576172, -184.27767944335938, 42.29412841796875, -32.67784881591797, -144.70616149902344, -45.437744140625, 49.28840637207031, -106.62870788574219], [121.08185577392578, 261.51434326171875, -247.63949584960938, 193.55279541015625, 437.1097717285156, -121.95140075683594, -55.60507583618164, -95.62726593017578, 50.2223014831543, -123.73746490478516, -56.221832275390625, 15.483100891113281, -55.81755065917969], [-1026.6212158203125, -137.3165740966797, 618.2642211914062, -127.90630340576172, -121.95140075683594, 579.1397094726562, -264.8660888671875, 186.9031219482422, -104.71888732910156, 123.70652770996094, 18.228572845458984, 29.011945724487305, -81.42349243164062], [1383.0267333984375, 142.7899627685547, -739.9569091796875, -184.27767944335938, -55.60507583618164, -264.8660888671875, 813.2405395507812, -205.24916076660156, 61.99974822998047, -39.07583999633789, -38.53601837158203, -216.45901489257812, 80.98493957519531], [-658.3036499023438, -423.9875793457031, 326.58355712890625, 42.29412841796875, -95.62726593017578, 186.9031219482422, -205.24916076660156, 430.74017333984375, 81.93257904052734, 96.79733276367188, 59.09202194213867, 98.12500762939453, -78.98511505126953], [560.1300659179688, -243.44317626953125, -170.27252197265625, -32.67784881591797, 50.2223014831543, -104.71888732910156, 61.99974822998047, 81.93257904052734, 335.02001953125, 42.80104064941406, 59.23042678833008, 7.548593997955322, 20.843318939208984], [79.3780746459961, -294.3804931640625, 30.370834350585938, -144.70616149902344, -123.73746490478516, 123.70652770996094, -39.07583999633789, 96.79733276367188, 42.80104064941406, 307.447265625, 118.03167724609375, 8.362897872924805, 39.45521545410156], [231.6603546142578, -348.7923889160156, 3.9495127201080322, -45.437744140625, -56.221832275390625, 18.228572845458984, -38.53601837158203, 59.09202194213867, 59.23042678833008, 118.03167724609375, 258.1864318847656, 106.93075561523438, 65.73729705810547], [-343.56976318359375, -132.07546997070312, 156.62911987304688, 49.28840637207031, 15.483100891113281, 29.011945724487305, -216.45901489257812, 98.12500762939453, 7.548593997955322, 8.362897872924805, 106.93075561523438, 277.1921081542969, 59.52458572387695], [394.6028747558594, -29.953651428222656, -171.13665771484375, -106.62870788574219, -55.81755065917969, -81.42349243164062, 80.98493957519531, -78.98511505126953, 20.843318939208984, 39.45521545410156, 65.73729705810547, 59.52458572387695, 215.37982177734375]], "lowlevel.mfcc.icov": [[0.000380896293791011, 0.00024167825176846236, 0.00019284462905488908, 0.00015848135808482766, -7.712980004725978e-05, 0.00022136741608846933, -0.00022244556748773903, 0.0004605766152963042, -0.00031200909870676696, -9.714274256111821e-07, -0.00013892487913835794, 0.00017643945466261357, -9.229152783518657e-05], [0.00024167825176846236, 0.000574190285988152, 0.00022698359680362046, 0.00033842120319604874, -0.00018834919319488108, 0.00012717839854303747, -4.547157368506305e-05, 0.0005237198784016073, 2.4411792765022255e-05, 0.00019153961329720914, 0.00032432281295768917, 1.8311597159481607e-05, 5.1895967771997675e-05], [0.00019284462905488908, 0.00022698359680362046, 0.0013194960774853826, -0.00014580023707821965, 0.0007954139728099108, -0.0007716830587014556, 0.0006903263856656849, 0.00034650310408324003, -0.00017352649592794478, 0.0005365134566091001, 5.720155968447216e-05, -2.7356685677659698e-05, 0.00034503606730140746], [0.00015848135808482766, 0.00033842120319604874, -0.00014580023707821965, 0.0023816830944269896, -0.0009142429335042834, 0.0011043234262615442, 0.0002581953885965049, -0.00022401876049116254, 0.0005183034227229655, 0.0005595171242021024, -2.1303107132553123e-05, 6.934408156666905e-05, 0.0006559595931321383], [-7.712980004725978e-05, -0.00018834919319488108, 0.0007954139728099108, -0.0009142429335042834, 0.004099793266505003, -0.000492212304379791, 0.0008980028214864433, 0.001133820740506053, -0.0011282444465905428, 0.0008310578414238989, 0.0002931033668573946, -0.0007410040125250816, 0.001321357791312039], [0.00022136741608846933, 0.00012717839854303747, -0.0007716830587014556, 0.0011043234262615442, -0.000492212304379791, 0.0038633523508906364, 0.00013687473256140947, -0.0007337691495195031, 0.0009786795126274228, -0.001019276212900877, -0.00011558394180610776, 0.0004953431198373437, 0.0005484655266627669], [-0.00022244556748773903, -4.547157368506305e-05, 0.0006903263856656849, 0.0002581953885965049, 0.0008980028214864433, 0.00013687473256140947, 0.0028734973166137934, 4.101295780856162e-05, -1.2672246157308109e-05, 0.0007680270937271416, -0.0001394827413605526, 0.00150920485612005, -0.0002173776738345623], [0.0004605766152963042, 0.0005237198784016073, 0.00034650310408324003, -0.00022401876049116254, 0.001133820740506053, -0.0007337691495195031, 4.101295780856162e-05, 0.0050515602342784405, -0.0019292487995699048, -0.0006292531033977866, 0.0002776605833787471, -0.001518420409411192, 0.0018838471733033657], [-0.00031200909870676696, 2.4411792765022255e-05, -0.00017352649592794478, 0.0005183034227229655, -0.0011282444465905428, 0.0009786795126274228, -1.2672246157308109e-05, -0.0019292487995699048, 0.0045661404728889465, -0.00030900922138243914, -0.0004637053934857249, 0.0003889915533363819, -0.00028265017317608], [-9.714274256111821e-07, 0.00019153961329720914, 0.0005365134566091001, 0.0005595171242021024, 0.0008310578414238989, -0.001019276212900877, 0.0007680270937271416, -0.0006292531033977866, -0.00030900922138243914, 0.005540310870856047, -0.0019680149853229523, 0.001322592725045979, -0.0007076592301018536], [-0.00013892487913835794, 0.00032432281295768917, 5.720155968447216e-05, -2.1303107132553123e-05, 0.0002931033668573946, -0.00011558394180610776, -0.0001394827413605526, 0.0002776605833787471, -0.0004637053934857249, -0.0019680149853229523, 0.006618683226406574, -0.0026620638091117144, -0.0003579435287974775], [0.00017643945466261357, 1.8311597159481607e-05, -2.7356685677659698e-05, 6.934408156666905e-05, -0.0007410040125250816, 0.0004953431198373437, 0.00150920485612005, -0.001518420409411192, 0.0003889915533363819, 0.001322592725045979, -0.0026620638091117144, 0.007138073910027742, -0.0028773897793143988], [-9.229152783518657e-05, 5.1895967771997675e-05, 0.00034503606730140746, 0.0006559595931321383, 0.001321357791312039, 0.0005484655266627669, -0.0002173776738345623, 0.0018838471733033657, -0.00028265017317608, -0.0007076592301018536, -0.0003579435287974775, -0.0028773897793143988, 0.007802014239132404]], "metadata.audio_properties.analysis.downmix": "mix", "metadata.audio_properties.codec": "mp3", "metadata.audio_properties.md5_encoded": "ba9b4ff9762b5e8ab25feedda65923bb", "metadata.tags.file_name": "1182269617754869760.mp3", "metadata.version.essentia": "2.1-beta6-dev", "metadata.version.essentia_git_sha": "v2.1_beta5-1110-g77a6a954", "metadata.version.extractor": "music 2.0", "tonal.chords_key": "D", "tonal.chords_scale": "major", "tonal.key_edma.key": "G", "tonal.key_edma.scale": "major", "tonal.key_krumhansl.key": "G", "tonal.key_krumhansl.scale": "major", "tonal.key_temperley.key": "G", "tonal.key_temperley.scale": "major", "metadata.tags.encoding": ["Lavf58