{"song_id": "1182283481812836382", "download": "https://cdn.discordapp.com/attachments/1135911532732108921/1182283481812836382/chirp.mp4?ex=6584224b&amp", "lyrics": "\u3075\u307f\u3075\u307f\u30de\u30a4\u30cb\u30f3\u30b0\n\n\u30de\u30a4\u30cb\u30f3\u30b0\u3000\u4e00\u6b69\u8e0f\u307f\u51fa\u3059\u524d\u306b\n\u30b7\u30e3\u30a4\u30cb\u30f3\u30b0\u3000\u3057\u3083\u306b\u3080\u306b\u524d\u306b\n\u4ffa\u3058\u307e\u3044\u3000\u5e97\u3058\u307e\u3044\n\u6bce\u65e5\u3000\u6bce\u56de\u3000\u6bce\u79d2\u3000my mine\n\u308f\u304b\u3089\u305a\u3058\u307e\u3044\u3067\u3000\u3066\u3093\u3066\u3053 my mind", "style": ["japanese anime</span><span>, kirakira pop</span><span>, female vocal"], "essentia_features": {"lowlevel.average_loudness": 0.9861279726028442, "lowlevel.barkbands_crest.mean": 14.783187866210938, "lowlevel.barkbands_crest.stdev": 5.165191650390625, "lowlevel.barkbands_flatness_db.mean": 0.16397157311439514, "lowlevel.barkbands_flatness_db.stdev": 0.053058475255966187, "lowlevel.barkbands_kurtosis.mean": 16.15808868408203, "lowlevel.barkbands_kurtosis.stdev": 25.793743133544922, "lowlevel.barkbands_skewness.mean": 3.120959758758545, "lowlevel.barkbands_skewness.stdev": 2.1573808193206787, "lowlevel.barkbands_spread.mean": 24.084651947021484, "lowlevel.barkbands_spread.stdev": 20.299776077270508, "lowlevel.dissonance.mean": 0.4613364338874817, "lowlevel.dissonance.stdev": 0.03106287308037281, "lowlevel.dynamic_complexity": 1.646939754486084, "lowlevel.erbbands_crest.mean": 9.018607139587402, "lowlevel.erbbands_crest.stdev": 5.1976141929626465, "lowlevel.erbbands_flatness_db.mean": 0.10552185028791428, "lowlevel.erbbands_flatness_db.stdev": 0.03511982411146164, "lowlevel.erbbands_kurtosis.mean": 0.8825750350952148, "lowlevel.erbbands_kurtosis.stdev": 2.667961835861206, "lowlevel.erbbands_skewness.mean": 0.15839490294456482, "lowlevel.erbbands_skewness.stdev": 0.9288313984870911, "lowlevel.erbbands_spread.mean": 59.46989822387695, "lowlevel.erbbands_spread.stdev": 27.812114715576172, "lowlevel.hfc.mean": 37.78667068481445, "lowlevel.hfc.stdev": 29.554414749145508, "lowlevel.loudness_ebu128.integrated": -18.39661979675293, "lowlevel.loudness_ebu128.loudness_range": 0.7672348022460938, "lowlevel.loudness_ebu128.momentary.mean": -18.487516403198242, "lowlevel.loudness_ebu128.momentary.stdev": 0.9403725266456604, "lowlevel.loudness_ebu128.short_term.mean": -18.315744400024414, "lowlevel.loudness_ebu128.short_term.stdev": 0.24411992728710175, "lowlevel.melbands_crest.mean": 20.41217613220215, "lowlevel.melbands_crest.stdev": 6.167320728302002, "lowlevel.melbands_flatness_db.mean": 0.2485036551952362, "lowlevel.melbands_flatness_db.stdev": 0.06549062579870224, "lowlevel.melbands_kurtosis.mean": 55.20499038696289, "lowlevel.melbands_kurtosis.stdev": 68.0010757446289, "lowlevel.melbands_skewness.mean": 5.4313578605651855, "lowlevel.melbands_skewness.stdev": 3.211080312728882, "lowlevel.melbands_spread.mean": 15.398872375488281, "lowlevel.melbands_spread.stdev": 14.338045120239258, "lowlevel.pitch_salience.mean": 0.41026702523231506, "lowlevel.pitch_salience.stdev": 0.12767817080020905, "lowlevel.silence_rate_20dB.mean": 0.9976415038108826, "lowlevel.silence_rate_20dB.stdev": 0.04850687086582184, "lowlevel.silence_rate_30dB.mean": 0.775943398475647, "lowlevel.silence_rate_30dB.stdev": 0.4169594645500183, "lowlevel.silence_rate_60dB.mean": 0.002358490601181984, "lowlevel.silence_rate_60dB.stdev": 0.04850678890943527, "lowlevel.spectral_centroid.mean": 1390.2059326171875, "lowlevel.spectral_centroid.stdev": 790.8457641601562, "lowlevel.spectral_complexity.mean": 18.38443374633789, "lowlevel.spectral_complexity.stdev": 9.528050422668457, "lowlevel.spectral_decrease.mean": -2.0860779770259796e-08, "lowlevel.spectral_decrease.stdev": 1.6756136034246083e-08, "lowlevel.spectral_energy.mean": 0.08216089010238647, "lowlevel.spectral_energy.stdev": 0.06363370269536972, "lowlevel.spectral_energyband_high.mean": 0.002625928493216634, "lowlevel.spectral_energyband_high.stdev": 0.0033812643960118294, "lowlevel.spectral_energyband_low.mean": 0.06361863762140274, "lowlevel.spectral_energyband_low.stdev": 0.06379155814647675, "lowlevel.spectral_energyband_middle_high.mean": 0.006149610038846731, "lowlevel.spectral_energyband_middle_high.stdev": 0.007860173471271992, "lowlevel.spectral_energyband_middle_low.mean": 0.011350045911967754, "lowlevel.spectral_energyband_middle_low.stdev": 0.01056234072893858, "lowlevel.spectral_entropy.mean": 7.863523483276367, "lowlevel.spectral_entropy.stdev": 0.3743670880794525, "lowlevel.spectral_flux.mean": 0.12107163667678833, "lowlevel.spectral_flux.stdev": 0.09158670157194138, "lowlevel.spectral_kurtosis.mean": 2.2341623306274414, "lowlevel.spectral_kurtosis.stdev": 1.490898847579956, "lowlevel.spectral_rms.mean": 0.008462893776595592, "lowlevel.spectral_rms.stdev": 0.0029216958209872246, "lowlevel.spectral_rolloff.mean": 1044.7152099609375, "lowlevel.spectral_rolloff.stdev": 1779.397705078125, "lowlevel.spectral_skewness.mean": 1.3044236898422241, "lowlevel.spectral_skewness.stdev": 0.4124789535999298, "lowlevel.spectral_spread.mean": 7012183.0, "lowlevel.spectral_spread.stdev": 1763561.625, "lowlevel.spectral_strongpeak.mean": 0.7651876211166382, "lowlevel.spectral_strongpeak.stdev": 1.0751768350601196, "lowlevel.zerocrossingrate.mean": 0.05798109620809555, "lowlevel.zerocrossingrate.stdev": 0.0394582599401474, "metadata.audio_properties.analysis.equal_loudness": 0.0, "metadata.audio_properties.analysis.length": 19.647981643676758, "metadata.audio_properties.analysis.sample_rate": 44100.0, "metadata.audio_properties.analysis.start_time": 0.0, "metadata.audio_properties.bit_rate": 118927.0, "metadata.audio_properties.length": 19.648000717163086, "metadata.audio_properties.lossless": 0.0, "metadata.audio_properties.number_channels": 1.0, "metadata.audio_properties.replay_gain": -5.660531997680664, "metadata.audio_properties.sample_rate": 48000.0, "rhythm.beats_count": 41.0, "rhythm.beats_loudness.mean": 0.20111748576164246, "rhythm.beats_loudness.stdev": 0.06821796298027039, "rhythm.bpm": 126.68949127197266, "rhythm.bpm_histogram_first_peak_bpm": 126.0, "rhythm.bpm_histogram_first_peak_weight": 0.3500000238418579, "rhythm.bpm_histogram_second_peak_bpm": 0.0, "rhythm.bpm_histogram_second_peak_spread": 0.0, "rhythm.bpm_histogram_second_peak_weight": 0.0, "rhythm.danceability": 2.149165391921997, "rhythm.onset_rate": 4.728661060333252, "tonal.chords_changes_rate": 0.0235294122248888, "tonal.chords_number_rate": 0.0117647061124444, "tonal.chords_strength.mean": 0.6206858158111572, "tonal.chords_strength.stdev": 0.08248244225978851, "tonal.hpcp_crest.mean": 12.711716651916504, "tonal.hpcp_crest.stdev": 5.793880462646484, "tonal.hpcp_entropy.mean": 2.132892608642578, "tonal.hpcp_entropy.stdev": 0.764999270439148, "tonal.key_edma.strength": 0.6042850613594055, "tonal.key_krumhansl.strength": 0.615134596824646, "tonal.key_temperley.strength": 0.6127158403396606, "tonal.tuning_diatonic_strength": 0.5570898652076721, "tonal.tuning_equal_tempered_deviation": 0.20698487758636475, "tonal.tuning_frequency": 434.193115234375, "tonal.tuning_nontempered_energy_ratio": 0.9086500406265259, "lowlevel.barkbands.mean": [0.001989564625546336, 0.04903797805309296, 0.011065525002777576, 0.002556489547714591, 0.002544446149840951, 0.0027611413970589638, 0.0019466475350782275, 0.0007472120341844857, 0.0006961243925616145, 0.0011770803248509765, 0.0007091810111887753, 0.001164720975793898, 0.0008973733056336641, 0.0003830315836239606, 0.000538951950147748, 0.00032633350929245353, 0.0002687056257855147, 0.0002015153440879658, 0.0003271681780461222, 0.0004260461719240993, 0.0004480383940972388, 0.0003704276168718934, 0.0003704933915287256, 0.000543894013389945, 0.00046691755414940417, 0.00019308355695102364, 2.749056193351862e-06], "lowlevel.barkbands.stdev": [0.002374521689489484, 0.057572636753320694, 0.014856584370136261, 0.005380487069487572, 0.0024007370229810476, 0.004435491748154163, 0.00518131023272872, 0.0014232611283659935, 0.0018964603077620268, 0.0036139697767794132, 0.002672747476026416, 0.0035425438545644283, 0.0024320860393345356, 0.0009298018994741142, 0.0013303320156410336, 0.0006317853694781661, 0.0006038288702256978, 0.0004132418835069984, 0.0005303960060700774, 0.0009266250999644399, 0.0006867353804409504, 0.0005881049437448382, 0.0005694375140592456, 0.0009655458270572126, 0.0009378682589158416, 0.00027369544841349125, 6.184469384606928e-06], "lowlevel.erbbands.mean": [1.8603702783584595, 9.178068161010742, 13.167973518371582, 11.426187515258789, 8.0617094039917, 6.598376750946045, 20.375497817993164, 22.119253158569336, 28.787118911743164, 20.068283081054688, 18.1295108795166, 14.557652473449707, 20.960866928100586, 44.000736236572266, 39.40468215942383, 43.82551956176758, 37.582244873046875, 24.03753089904785, 29.767065048217773, 20.142620086669922, 18.404117584228516, 15.696459770202637, 11.677234649658203, 12.902170181274414, 18.511005401611328, 20.841943740844727, 19.96388816833496, 14.986761093139648, 14.061495780944824, 12.102731704711914, 9.83488941192627, 9.300413131713867, 10.403609275817871, 6.4662652015686035, 2.6197781562805176, 1.0121737718582153, 0.31576409935951233, 0.040943074971437454, 0.000846072391141206, 0.000130177300889045], "lowlevel.erbbands.stdev": [2.1921231746673584, 11.554224967956543, 17.14089584350586, 18.987796783447266, 10.57740306854248, 7.4267778396606445, 30.24418067932129, 42.61315155029297, 77.62457275390625, 46.51224136352539, 33.7874870300293, 35.712310791015625, 58.50296401977539, 117.43822479248047, 104.35173034667969, 118.57801055908203, 97.07173919677734, 60.911216735839844, 69.99488067626953, 51.22893142700195, 36.273799896240234, 35.26791763305664, 24.82668113708496, 20.30742645263672, 29.787498474121094, 45.47804260253906, 33.62385559082031, 22.995771408081055, 22.78483772277832, 19.17033576965332, 14.761635780334473, 15.005517959594727, 21.101791381835938, 14.12358570098877, 4.629539966583252, 1.6178288459777832, 0.4157939553260803, 0.05141157656908035, 0.0010093811433762312, 8.51344593684189e-05], "lowlevel.gfcc.mean": [54.29337692260742, 65.95098876953125, -70.94839477539062, 46.980350494384766, -49.581626892089844, 36.081851959228516, -32.256202697753906, 18.703487396240234, -24.4254150390625, 16.711896896362305, -14.243036270141602, 6.342548370361328, -8.554903030395508], "lowlevel.melbands.mean": [0.014881002716720104, 0.008301187306642532, 0.001909375307150185, 0.00045609919470734894, 0.0006260744412429631, 0.0004886317765340209, 0.00043919269228354096, 0.00019771911320276558, 0.0001360795140499249, 9.386378224007785e-05, 0.0001137762883445248, 0.0001881997741293162, 0.00012533555855043232, 0.00014520743570756167, 9.389055048814043e-05, 6.933443364687264e-05, 3.984115392086096e-05, 4.803825504495762e-05, 3.174040830344893e-05, 2.370965557929594e-05, 1.990562304854393e-05, 1.5697771232225932e-05, 1.3184777344577014e-05, 9.531991054245736e-06, 1.004277237370843e-05, 1.3716683497477788e-05, 1.347605120827211e-05, 1.3662006494996604e-05, 1.2340310604486149e-05, 1.1912439731531776e-05, 7.522947726101847e-06, 7.98314704297809e-06, 7.016346899035852e-06, 6.84499173075892e-06, 5.602431428997079e-06, 5.338702521839878e-06, 5.851517471455736e-06, 7.713948434684426e-06, 6.2653530221723486e-06, 5.205427441978827e-06], "lowlevel.melbands.stdev": [0.017576487734913826, 0.009440620429813862, 0.002868200885131955, 0.0004862056812271476, 0.000875029363669455, 0.0008858347428031266, 0.0011597397970035672, 0.0004247996548656374, 0.00025997712509706616, 0.0002506312448531389, 0.0003133425780106336, 0.0005316907772794366, 0.00040457313298247755, 0.00046122382627800107, 0.00027385365683585405, 0.00016827762010507286, 0.00011332117719575763, 0.00011559949052752927, 8.526827150490135e-05, 5.301580677041784e-05, 3.9422997360816225e-05, 3.581052806111984e-05, 3.26356130244676e-05, 1.9575543774408288e-05, 1.6330781363649294e-05, 2.4043856683420017e-05, 2.530307938286569e-05, 3.297280636616051e-05, 2.5027207811945118e-05, 1.9671137124532834e-05, 1.258333486475749e-05, 1.3460035916068591e-05, 1.1360763892298564e-05, 1.1648244253592566e-05, 8.723603968974203e-06, 8.349040399480145e-06, 9.811220479605254e-06, 1.5887182598817162e-05, 1.4018900401424617e-05, 1.141691336670192e-05], "lowlevel.melbands128.mean": [0.0019218303496018052, 0.015518486499786377, 0.0208874624222517, 0.012990766204893589, 0.007414238527417183, 0.00513890665024519, 0.002378790406510234, 0.001096124411560595, 0.0008820061921142042, 0.00025828424259088933, 0.00030911999056115746, 0.0005456622457131743, 0.000843533780425787, 0.0005561664584092796, 0.0004998014774173498, 0.00046842897427268326, 0.0003350870974827558, 0.000597048900090158, 0.0003140878106933087, 0.00021445575112011284, 0.00011434861517045647, 0.00020047421276103705, 0.00013244793808553368, 8.634380355942994e-05, 8.002278627827764e-05, 9.987552766688168e-05, 0.00012919942673761398, 4.963934770785272e-05, 0.0001300300209550187, 0.0003335443325340748, 0.0001032955406117253, 0.00013162831601221114, 0.00015771806647535414, 6.0541282437043265e-05, 0.00020390652935020626, 0.0001697187399258837, 7.35100984456949e-05, 6.420767749659717e-05, 0.00015111193351913244, 5.920528928982094e-05, 5.02073198731523e-05, 7.97594984760508e-05, 3.0423661883105524e-05, 2.7969446819042787e-05, 3.4110584238078445e-05, 6.353318894980475e-05, 5.0728238420560956e-05, 2.7724501705961302e-05, 2.4185112124541774e-05, 3.0755607440369204e-05, 1.6429698007414117e-05, 2.55958475463558e-05, 2.754681554506533e-05, 1.3346152627491392e-05, 1.365028765576426e-05, 1.4319828551379032e-05, 2.0357570974738337e-05, 1.5295885532395914e-05, 1.0723480045271572e-05, 8.41899418446701e-06, 1.028916631184984e-05, 9.703577234176919e-06, 8.03459988674149e-06, 1.1013583389285486e-05, 1.135769889515359e-05, 1.5108361367310863e-05, 1.4530215594277252e-05, 1.135835555032827e-05, 1.3570147530117538e-05, 1.5921850717859343e-05, 1.4342314898385666e-05, 1.1678149348881561e-05, 1.286995302507421e-05, 1.2940326996613294e-05, 1.090798650693614e-05, 1.3862471860193182e-05, 1.1954830370086711e-05, 6.833365205238806e-06, 7.75833996158326e-06, 6.701911388518056e-06, 7.895678209024481e-06, 8.948282811616082e-06, 7.67102392273955e-06, 7.068309514579596e-06, 5.929416602157289e-06, 6.6319480538368225e-06, 7.648087375855539e-06, 6.342001597658964e-06, 5.204886292631272e-06, 5.273560873320093e-06, 5.562932074099081e-06, 5.35745357410633e-06, 4.924350378132658e-06, 5.460356987896375e-06, 6.517649126180913e-06, 7.666579222131986e-06, 8.3338836702751e-06, 7.4336203397251666e-06, 5.781375875812955e-06, 6.11866926192306e-06, 5.8962432376574725e-06, 5.2401560424186755e-06, 4.130926299694693e-06, 3.7791785416629864e-06, 2.6623642952472437e-06, 2.121053739756462e-06, 2.299045945619582e-06, 2.3307011360884644e-06, 1.712621724436758e-06, 1.310366883444658e-06, 1.0209562333329814e-06, 1.0083339248012635e-06, 1.1129186532343738e-06, 9.340999440610176e-07, 7.04386877714569e-07, 5.048391926720797e-07, 1.228931978403125e-07, 6.4269705113417785e-09, 1.379194536355044e-10, 1.7646628949763432e-11, 1.2879369445939481e-11, 1.2595045666141669e-11, 1.2287538174449164e-11, 1.2044762756624472e-11, 1.1728775936581393e-11, 1.1348946088451939e-11, 1.112671500075324e-11, 1.1044408443350306e-11], "lowlevel.melbands128.stdev": [0.0023104010615497828, 0.018247781321406364, 0.027485812082886696, 0.017344750463962555, 0.010494532063603401, 0.006941673811525106, 0.004387026187032461, 0.0021331191528588533, 0.0011037022341042757, 0.0003515695862006396, 0.000458527822047472, 0.0007279870915226638, 0.0013906819513067603, 0.0013301806757226586, 0.0012071575038135052, 0.0011328618275001645, 0.000904650310985744, 0.0020700045861303806, 0.0009702561073936522, 0.0007208693423308432, 0.0002656473370734602, 0.0004320947336964309, 0.0003299990785308182, 0.0003184085653629154, 0.00031342977308668196, 0.0003742074768524617, 0.0005204413319006562, 0.00038412012509070337, 0.0004011771525256336, 0.0011823629029095173, 0.000314132688799873, 0.0005594047252088785, 0.0006964304484426975, 0.0002276272716699168, 0.0008887797594070435, 0.0006776473019272089, 0.0002870397293008864, 0.00029490672750398517, 0.0006118437158875167, 0.00018217015895061195, 0.0001866982493083924, 0.0003097056760452688, 0.00012997377780266106, 0.00011172806262038648, 9.132331615546718e-05, 0.00021305916015990078, 0.00018283214012626559, 0.00012827459431719035, 8.165403414750472e-05, 0.00013208189920987934, 3.8111553294584155e-05, 7.175516657298431e-05, 7.793689292157069e-05, 2.618646976770833e-05, 3.644337266450748e-05, 3.875582115142606e-05, 7.590642780996859e-05, 4.478627670323476e-05, 3.0489180062431842e-05, 2.279863110743463e-05, 2.7723277526092716e-05, 1.7747428501024842e-05, 1.4495056348096114e-05, 2.0019129806314595e-05, 2.4855133233359084e-05, 3.2888241548789665e-05, 2.7633843274088576e-05, 2.2569192879018374e-05, 3.165438829455525e-05, 3.388206096133217e-05, 4.022906796308234e-05, 3.6954894312657416e-05, 3.2452677260152996e-05, 3.1020408641779795e-05, 2.0055134882568382e-05, 2.372413109696936e-05, 2.4317012503161095e-05, 1.238733148056781e-05, 1.4355959137901664e-05, 1.4017892681295052e-05, 1.4912709957570769e-05, 1.595313733560033e-05, 1.3907810171076562e-05, 1.2838454495067708e-05, 9.42913356993813e-06, 1.1404411452531349e-05, 1.6089055861812085e-05, 1.0805489182530437e-05, 9.065193808055483e-06, 8.600261935498565e-06, 9.442885129828937e-06, 8.974335287348367e-06, 9.317358490079641e-06, 1.0250233572151046e-05, 1.1470066056062933e-05, 1.4932294106984045e-05, 2.012288496189285e-05, 1.8192346033174545e-05, 1.2626257557712961e-05, 1.644358599151019e-05, 1.482807238062378e-05, 1.1232538781769108e-05, 9.541840881865937e-06, 7.95538471720647e-06, 5.1903821258747485e-06, 3.6301576074038167e-06, 3.3279220588156022e-06, 4.336034635343822e-06, 3.6376204661792144e-06, 2.0876827875326853e-06, 1.6952874375419924e-06, 1.5935596593408263e-06, 1.595238245499786e-06, 1.3199650084061432e-06, 9.688276350061642e-07, 6.972744586164481e-07, 2.437441253277939e-07, 2.8809456154021973e-08, 3.6063008135300834e-09, 1.2934753268467603e-10, 1.837620507150195e-11, 1.7931970144879905e-11, 1.751805991934141e-11, 1.7189860646027455e-11, 1.6918060702364457e-11, 1.6698267768511244e-11, 1.6540550179522384e-11, 1.6444396191972466e-11], "lowlevel.mfcc.mean": [-602.5125732421875, 98.14871978759766, 38.49199676513672, 25.818147659301758, 17.063051223754883, 18.262510299682617, 13.26451301574707, 4.0457329750061035, 7.654967308044434, 6.516545295715332, 1.8576879501342773, 5.352467060089111, 6.131356716156006], "lowlevel.spectral_contrast_coeffs.mean": [-0.7398136258125305, -0.7298852205276489, -0.7642884254455566, -0.8000824451446533, -0.806011974811554, -0.7732011079788208], "lowlevel.spectral_contrast_coeffs.stdev": [0.05750954523682594, 0.0831957682967186, 0.08798671513795853, 0.057828307151794434, 0.03988763317465782, 0.03219117224216461], "lowlevel.spectral_contrast_valleys.mean": [-5.868156433105469, -6.8749871253967285, -7.346847057342529, -7.4606242179870605, -7.278203010559082, -9.199880599975586], "lowlevel.spectral_contrast_valleys.stdev": [0.6680012941360474, 0.6746670603752136, 0.6882038116455078, 0.6664129495620728, 0.7197407484054565, 0.71253502368927], "rhythm.beats_loudness_band_ratio.mean": [0.9229220747947693, 0.01969611458480358, 0.01384632010012865, 0.019680676981806755, 0.008226838894188404, 0.019564053043723106], "rhythm.beats_loudness_band_ratio.stdev": [0.07068977504968643, 0.015323893167078495, 0.014578406699001789, 0.023143000900745392, 0.013431988656520844, 0.033904340118169785], "tonal.hpcp.mean": [0.1406654417514801, 0.11376690864562988, 0.0911790132522583, 0.07409333437681198, 0.060885194689035416, 0.07668931037187576, 0.22970420122146606, 0.311551958322525, 0.15791499614715576, 0.04617749899625778, 0.032051440328359604, 0.03352342173457146, 0.05862252786755562, 0.067369744181633, 0.04960065335035324, 0.06870824843645096, 0.06446685642004013, 0.025696778669953346, 0.012454968877136707, 0.007232199888676405, 0.02095038630068302, 0.04500534385442734, 0.04131221026182175, 0.02182125486433506, 0.02459666132926941, 0.04527072608470917, 0.11225774139165878, 0.24527645111083984, 0.23718303442001343, 0.1128503754734993, 0.11202074587345123, 0.1099327802658081, 0.08576671034097672, 0.09928460419178009, 0.10305081307888031, 0.13043212890625], "tonal.hpcp.stdev": [0.2797411382198334, 0.25526079535484314, 0.24037636816501617, 0.22131268680095673, 0.20213063061237335, 0.19334793090820312, 0.31623461842536926, 0.4111730456352234, 0.26762697100639343, 0.1659567654132843, 0.128655806183815, 0.14096353948116302, 0.14013993740081787, 0.1483081579208374, 0.1360587179660797, 0.16064587235450745, 0.1379500925540924, 0.08461551368236542, 0.06121772527694702, 0.024558434262871742, 0.0916547104716301, 0.1439601331949234, 0.12808962166309357, 0.08970343321561813, 0.10952293872833252, 0.15224100649356842, 0.23609144985675812, 0.3402578830718994, 0.29923149943351746, 0.20332442224025726, 0.2735878527164459, 0.26856085658073425, 0.23630587756633759, 0.26050078868865967, 0.24953778088092804, 0.2866574823856354], "rhythm.beats_position": [0.4876190423965454, 0.9636281132698059, 1.4512470960617065, 1.9272562265396118, 2.391655206680298, 2.8560543060302734, 3.3436734676361084, 3.808072566986084, 4.29569149017334, 4.7600908279418945, 5.224489688873291, 5.700498580932617, 6.176507949829102, 6.652516841888428, 7.128525733947754, 7.604535102844238, 8.080544471740723, 8.55655288696289, 9.032562255859375, 9.49696159362793, 9.961359977722168, 10.437369346618652, 10.913378715515137, 11.389387130737305, 11.865396499633789, 12.341405868530273, 12.817414283752441, 13.281813621520996, 13.74621295928955, 14.222222328186035, 14.698230743408203, 15.174240112304688, 15.650249481201172, 16.126258850097656, 16.60226821899414, 17.078275680541992, 17.554285049438477, 18.01868438720703, 18.494693756103516, 18.970703125, 19.435102462768555], "rhythm.bpm_histogram": [0.0, 0.0, 0.0, 0.0, 0.0, 0.0, 0.0, 0.0, 0.0, 0.0, 0.0, 0.0, 0.0, 0.0, 0.0, 0.0, 0.0, 0.0, 0.0, 0.0, 0.0, 0.0, 0.0, 0.0, 0.0, 0.0, 0.0, 0.0, 0.0, 0.0, 0.0, 0.0, 0.0, 0.0, 0.0, 0.0, 0.0, 0.0, 0.0, 0.0, 0.0, 0.0, 0.0, 0.0, 0.0, 0.0, 0.0, 0.0, 0.0, 0.0, 0.0, 0.0, 0.0, 0.0, 0.0, 0.0, 0.0, 0.0, 0.0, 0.0, 0.0, 0.0, 0.0, 0.0, 0.0, 0.0, 0.0, 0.0, 0.0, 0.0, 0.0, 0.0, 0.0, 0.0, 0.0, 0.0, 0.0, 0.0, 0.0, 0.0, 0.0, 0.0, 0.0, 0.0, 0.0, 0.0, 0.0, 0.0, 0.0, 0.0, 0.0, 0.0, 0.0, 0.0, 0.0, 0.0, 0.0, 0.0, 0.0, 0.0, 0.0, 0.0, 0.0, 0.0, 0.0, 0.0, 0.0, 0.0, 0.0, 0.0, 0.0, 0.0, 0.0, 0.0, 0.0, 0.0, 0.0, 0.0, 0.0, 0.0, 0.0, 0.0, 0.0, 0.07500000298023224, 0.0, 0.0, 0.6499999761581421, 0.0, 0.0, 0.2750000059604645, 0.0, 0.0, 0.0, 0.0, 0.0, 0.0, 0.0, 0.0, 0.0, 0.0, 0.0, 0.0, 0.0, 0.0, 0.0, 0.0, 0.0, 0.0, 0.0, 0.0, 0.0, 0.0, 0.0, 0.0, 0.0, 0.0, 0.0, 0.0, 0.0, 0.0, 0.0, 0.0, 0.0, 0.0, 0.0, 0.0, 0.0, 0.0, 0.0, 0.0, 0.0, 0.0, 0.0, 0.0, 0.0, 0.0, 0.0, 0.0, 0.0, 0.0, 0.0, 0.0, 0.0, 0.0, 0.0, 0.0, 0.0, 0.0, 0.0, 0.0, 0.0, 0.0, 0.0, 0.0, 0.0, 0.0, 0.0, 0.0, 0.0, 0.0, 0.0, 0.0, 0.0, 0.0, 0.0, 0.0, 0.0, 0.0, 0.0, 0.0, 0.0, 0.0, 0.0, 0.0, 0.0, 0.0, 0.0, 0.0, 0.0, 0.0, 0.0, 0.0, 0.0, 0.0, 0.0, 0.0, 0.0, 0.0, 0.0, 0.0, 0.0, 0.0, 0.0, 0.0, 0.0, 0.0, 0.0, 0.0, 0.0, 0.0, 0.0, 0.0, 0.0, 0.0, 0.0, 0.0, 0.0, 0.0, 0.0, 0.0], "tonal.chords_histogram": [49.882354736328125, 4.470588207244873, 32.235294342041016, 0.0, 1.1764706373214722, 0.0, 0.0, 0.0, 0.0, 0.0, 0.0, 0.0, 0.0, 0.0, 0.0, 0.0, 0.7058823704719543, 0.0, 0.0, 0.0, 0.0, 0.0, 0.0, 11.529411315917969], "tonal.thpcp": [1.0, 0.5068656802177429, 0.14821764826774597, 0.1028767079114914, 0.10760138183832169, 0.1881629228591919, 0.21623919904232025, 0.15920507907867432, 0.22053544223308563, 0.20692168176174164, 0.08247991651296616, 0.03997718170285225, 0.02321346290409565, 0.0672452375292778, 0.14445534348487854, 0.13260135054588318, 0.0700405016541481, 0.07894882559776306, 0.14530715346336365, 0.3603178858757019, 0.7872730493545532, 0.7612952589988708, 0.36222007870674133, 0.359557181596756, 0.3528553545475006, 0.2752886116504669, 0.31867751479148865, 0.33076605200767517, 0.41865289211273193, 0.4514991343021393, 0.3651619255542755, 0.2926606833934784, 0.23782014846801758, 0.19542549550533295, 0.24615254998207092, 0.7372902035713196], "lowlevel.gfcc.cov": [[3254.0390625, -116.73870849609375, -314.0792541503906, 16.983333587646484, -65.70758819580078, 47.66226577758789, -15.012760162353516, 11.317652702331543, -111.25257110595703, 21.24789047241211, -42.58373260498047, 9.087296485900879, -60.73585891723633], [-116.73870849609375, 686.4877319335938, -45.41326141357422, -282.04315185546875, 81.35704803466797, -13.50709056854248, 55.3859748840332, -37.99407958984375, 0.7613719701766968, 4.12769079208374, 40.3847770690918, -13.009929656982422, 54.602569580078125], [-314.0792541503906, -45.41326141357422, 443.11444091796875, 89.05677032470703, -64.30850219726562, 13.04758071899414, -34.65008544921875, 31.35240364074707, 53.58612823486328, -14.299480438232422, 3.6210949420928955, 16.291547775268555, 17.827009201049805], [16.983333587646484, -282.04315185546875, 89.05677032470703, 433.8117370605469, 13.551431655883789, -71.93746948242188, -60.97187042236328, 31.785076141357422, 47.142494201660156, -39.020347595214844, -19.602630615234375, -28.803728103637695, -16.701847076416016], [-65.70758819580078, 81.35704803466797, -64.30850219726562, 13.551431655883789, 182.1590576171875, 21.53609275817871, 20.331533432006836, -2.6836953163146973, 17.038501739501953, 5.426633358001709, -9.529397010803223, -9.665102005004883, -1.7918611764907837], [47.66226577758789, -13.50709056854248, 13.04758071899414, -71.93746948242188, 21.53609275817871, 181.87550354003906, 74.1980209350586, -38.31162643432617, -23.033906936645508, 5.253153324127197, 16.18360137939453, 0.6669256687164307, -0.6640527844429016], [-15.012760162353516, 55.3859748840332, -34.65008544921875, -60.97187042236328, 20.331533432006836, 74.1980209350586, 153.88348388671875, 4.335961818695068, -17.242053985595703, 10.447248458862305, 14.705450057983398, 9.92609977722168, -4.899207592010498], [11.317652702331543, -37.99407958984375, 31.35240364074707, 31.785076141357422, -2.6836953163146973, -38.31162643432617, 4.335961818695068, 100.2325668334961, 45.27668380737305, 0.5069513320922852, -5.104814052581787, 6.021345615386963, 13.144116401672363], [-111.25257110595703, 0.7613719701766968, 53.58612823486328, 47.142494201660156, 17.038501739501953, -23.033906936645508, -17.242053985595703, 45.27668380737305, 110.94779205322266, 29.634422302246094, 0.06005743145942688, 0.7110651135444641, 6.979783535003662], [21.24789047241211, 4.12769079208374, -14.299480438232422, -39.020347595214844, 5.426633358001709, 5.253153324127197, 10.447248458862305, 0.5069513320922852, 29.634422302246094, 75.64266967773438, 23.37794303894043, -4.24910831451416, 3.11956524848938], [-42.58373260498047, 40.3847770690918, 3.6210949420928955, -19.602630615234375, -9.529397010803223, 16.18360137939453, 14.705450057983398, -5.104814052581787, 0.06005743145942688, 23.37794303894043, 69.82009887695312, 22.63935661315918, 5.892975807189941], [9.087296485900879, -13.009929656982422, 16.291547775268555, -28.803728103637695, -9.665102005004883, 0.6669256687164307, 9.92609977722168, 6.021345615386963, 0.7110651135444641, -4.24910831451416, 22.63935661315918, 72.9470443725586, 18.029815673828125], [-60.73585891723633, 54.602569580078125, 17.827009201049805, -16.701847076416016, -1.7918611764907837, -0.6640527844429016, -4.899207592010498, 13.144116401672363, 6.979783535003662, 3.11956524848938, 5.892975807189941, 18.029815673828125, 83.20198822021484]], "lowlevel.gfcc.icov": [[0.00043836369877681136, -0.00046718912199139595, 0.00044964824337512255, -0.000625703192781657, 0.0005473561468534172, -0.0008702332270331681, 0.0006118655437603593, -0.0009265033295378089, 0.0009817318059504032, -0.0011967711616307497, 0.0010835693683475256, -0.0009988469537347555, 0.0006941081373952329], [-0.00046718912199139595, 0.004800138063728809, -0.0011719850590452552, 0.004454080946743488, -0.0030471407808363438, 0.004625998437404633, -0.0030269615817815065, 0.004318174906075001, -0.0040498096495866776, 0.006112610921263695, -0.005853644106537104, 0.005733294878154993, -0.003952355589717627], [0.00044964824337512255, -0.0011719850590452552, 0.0034608999267220497, -0.0017652998212724924, 0.0021484382450580597, -0.0025912520941346884, 0.0016524405218660831, -0.0018893133383244276, -1.7315118384431116e-05, -0.0012158401077613235, 0.0017746428493410349, -0.0023266691714525223, 0.0008483586134389043], [-0.000625703192781657, 0.004454080946743488, -0.0017652998212724924, 0.007298451382666826, -0.003417841624468565, 0.005455079488456249, -0.0025635976344347, 0.004168433602899313, -0.005365440621972084, 0.008171318098902702, -0.006422074511647224, 0.006985299289226532, -0.0032911584712564945], [0.0005473561468534172, -0.0030471407808363438, 0.0021484382450580597, -0.003417841624468565, 0.00846930406987667, -0.004190413281321526, 0.0014829357387498021, -0.0025345799513161182, 0.0010481529170647264, -0.004116558935493231, 0.0050213453359901905, -0.003673846833407879, 0.00239644106477499], [-0.0008702332270331681, 0.004625998437404633, -0.0025912520941346884, 0.005455079488456249, -0.004190413281321526, 0.013387935236096382, -0.007230395916849375, 0.008132636547088623, -0.004720167722553015, 0.0074097756296396255, -0.007539371959865093, 0.007264656946063042, -0.00463690934702754], [0.0006118655437603593, -0.0030269615817815065, 0.0016524405218660831, -0.0025635976344347, 0.0014829357387498021, -0.007230395916849375, 0.01152003649622202, -0.006324877496808767, 0.0048564113676548, -0.005623767152428627, 0.003550739958882332, -0.005221008788794279, 0.003899587085470557], [-0.0009265033295378089, 0.004318174906075001, -0.0018893133383244276, 0.004168433602899313, -0.0025345799513161182, 0.008132636547088623, -0.006324877496808767, 0.019155221059918404, -0.010477122850716114, 0.00852509681135416, -0.005446283612400293, 0.005574922077357769, -0.005919895600527525], [0.0009817318059504032, -0.0040498096495866776, -1.7315118384431116e-05, -0.005365440621972084, 0.0010481529170647264, -0.004720167722553015, 0.0048564113676548, -0.010477122850716114, 0.019642775878310204, -0.013683833181858063, 0.007323511876165867, -0.006836972665041685, 0.004055172670632601], [-0.0011967711616307497, 0.006112610921263695, -0.0012158401077613235, 0.008171318098902702, -0.004116558935493231, 0.0074097756296396255, -0.005623767152428627, 0.00852509681135416, -0.013683833181858063, 0.028805186972022057, -0.015489897690713406, 0.012336721643805504, -0.006200088188052177], [0.0010835693683475256, -0.005853644106537104, 0.0017746428493410349, -0.006422074511647224, 0.0050213453359901905, -0.007539371959865093, 0.003550739958882332, -0.005446283612400293, 0.007323511876165867, -0.015489897690713406, 0.027064232155680656, -0.014063332229852676, 0.00517761055380106], [-0.0009988469537347555, 0.005733294878154993, -0.0023266691714525223, 0.006985299289226532, -0.003673846833407879, 0.007264656946063042, -0.005221008788794279, 0.005574922077357769, -0.006836972665041685, 0.012336721643805504, -0.014063332229852676, 0.024984082207083702, -0.008107219822704792], [0.0006941081373952329, -0.003952355589717627, 0.0008483586134389043, -0.0032911584712564945, 0.00239644106477499, -0.00463690934702754, 0.003899587085470557, -0.005919895600527525, 0.004055172670632601, -0.006200088188052177, 0.00517761055380106, -0.008107219822704792, 0.01673881895840168]], "lowlevel.mfcc.cov": [[2338.941650390625, -398.726806640625, -255.74366760253906, 53.27155685424805, -51.98170852661133, 14.74146842956543, 40.36836242675781, -8.173547744750977, -33.50432586669922, -11.244392395019531, 14.860984802246094, -23.96115493774414, -32.95462417602539], [-398.726806640625, 841.3294677734375, -118.79962921142578, -219.33050537109375, -29.46546173095703, -4.509927272796631, 45.682865142822266, -47.15531539916992, 15.301737785339355, -15.152853012084961, -19.510528564453125, 17.1146183013916, 28.535619735717773], [-255.74366760253906, -118.79962921142578, 470.3717956542969, 33.40215301513672, 13.783488273620605, -18.0539608001709, -35.87205505371094, 20.041868209838867, 13.107600212097168, -13.387483596801758, -4.30735445022583, 30.963945388793945, 1.5921211242675781], [53.27155685424805, -219.33050537109375, 33.40215301513672, 318.4612121582031, 75.58509826660156, -55.02042770385742, -51.45814895629883, 26.063976287841797, 10.580095291137695, 19.20447540283203, 8.280060768127441, -13.422667503356934, -13.819579124450684], [-51.98170852661133, -29.46546173095703, 13.783488273620605, 75.58509826660156, 159.58035278320312, 1.785417079925537, -39.68706512451172, 2.3931493759155273, 13.68250846862793, 12.752896308898926, 7.7035112380981445, -19.93328857421875, -13.485143661499023], [14.74146842956543, -4.509927272796631, -18.0539608001709, -55.02042770385742, 1.785417079925537, 168.59982299804688, 59.75159454345703, 7.879363059997559, -13.05278205871582, 11.795938491821289, 7.874087333679199, 6.569309234619141, 4.779340744018555], [40.36836242675781, 45.682865142822266, -35.87205505371094, -51.45814895629883, -39.68706512451172, 59.75159454345703, 125.40636444091797, 16.72406005859375, -9.406044960021973, -0.383034884929657, -2.740534782409668, 9.382951736450195, -0.11213656514883041], [-8.173547744750977, -47.15531539916992, 20.041868209838867, 26.063976287841797, 2.3931493759155273, 7.879363059997559, 16.72406005859375, 103.15478515625, 14.223163604736328, -11.071056365966797, 12.534919738769531, 14.588347434997559, -4.6250529289245605], [-33.50432586669922, 15.301737785339355, 13.107600212097168, 10.580095291137695, 13.68250846862793, -13.05278205871582, -9.406044960021973, 14.223163604736328, 91.32286071777344, 32.18057632446289, -6.182501316070557, -12.726408958435059, 18.611370086669922], [-11.244392395019531, -15.152853012084961, -13.387483596801758, 19.20447540283203, 12.752896308898926, 11.795938491821289, -0.383034884929657, -11.071056365966797, 32.18057632446289, 79.93118286132812, 20.25460433959961, -13.01492977142334, 5.467226982116699], [14.860984802246094, -19.510528564453125, -4.30735445022583, 8.280060768127441, 7.7035112380981445, 7.874087333679199, -2.740534782409668, 12.534919738769531, -6.182501316070557, 20.25460433959961, 73.01042175292969, 23.48311996459961, -2.2859461307525635], [-23.96115493774414, 17.1146183013916, 30.963945388793945, -13.422667503356934, -19.93328857421875, 6.569309234619141, 9.382951736450195, 14.588347434997559, -12.726408958435059, -13.01492977142334, 23.48311996459961, 75.2444076538086, 21.855878829956055], [-32.95462417602539, 28.535619735717773, 1.5921211242675781, -13.819579124450684, -13.485143661499023, 4.779340744018555, -0.11213656514883041, -4.6250529289245605, 18.611370086669922, 5.467226982116699, -2.2859461307525635, 21.855878829956055, 66.99022674560547]], "lowlevel.mfcc.icov": [[0.0005329195992089808, 0.000335804361384362, 0.0003557773306965828, 2.6035786504507996e-05, 0.00015037193952593952, 3.9549562643514946e-05, -0.00019198762311134487, 0.00021598683088086545, -0.0001232904614880681, 0.00026269169757142663, -0.00013952795416116714, -1.117070951295318e-05, 0.00016977002087514848], [0.000335804361384362, 0.001831992994993925, 0.0005921117844991386, 0.001137810992076993, -0.00039409022429026663, 0.0005927808815613389, -0.0006368171889334917, 0.0007188948220573366, -0.0006273804465308785, 0.00040136207826435566, 0.00019205779244657606, -0.0006301118992269039, -0.00011390594590920955], [0.0003557773306965828, 0.0005921117844991386, 0.0026433051098138094, 0.00012503752077464014, -8.832294406602159e-05, 6.419402780011296e-05, 0.0004969345754943788, -5.617070655716816e-06, -0.0007354090921580791, 0.0004317919665481895, 0.0005922011914663017, -0.0015760126989334822, 0.0005673182313330472], [2.6035786504507996e-05, 0.001137810992076993, 0.00012503752077464014, 0.004866458009928465, -0.0019880023319274187, 0.0016836060676723719, 0.00038682279409840703, -0.0011098975082859397, 0.0004637677047867328, -0.0013649510219693184, 0.0004878730105701834, -0.000254851154750213, 1.5145439647312742e-05], [0.00015037193952593952, -0.00039409022429026663, -8.832294406602159e-05, -0.0019880023319274187, 0.008286350406706333, -0.0018130687531083822, 0.0025002046022564173, 4.0651208109920844e-05, -0.0011062235571444035, 0.00030815848731435835, -0.0011946975719183683, 0.001707984833046794, 0.0013223964488133788], [3.9549562643514946e-05, 0.0005927808815613389, 6.419402780011296e-05, 0.0016836060676723719, -0.0018130687531083822, 0.00820272695273161, -0.003788428381085396, -0.0006081320461817086, 0.0017553255893290043, -0.0019242275739088655, -8.322401845362037e-05, -0.00012182467617094517, -0.0011794940801337361], [-0.00019198762311134487, -0.0006368171889334917, 0.0004969345754943788, 0.00038682279409840703, 0.0025002046022564173, -0.003788428381085396, 0.011644103564321995, -0.002397767035290599, 0.0007479392806999385, -0.0012092378456145525, 0.0015881011495366693, -0.0009517391445115209, 0.0011279225582256913], [0.00021598683088086545, 0.0007188948220573366, -5.617070655716816e-06, -0.0011098975082859397, 4.0651208109920844e-05, -0.0006081320461817086, -0.002397767035290599, 0.012585916556417942, -0.004632316995412111, 0.004327108152210712, -0.0027606715448200703, -0.0021283843088895082, 0.0020216985139995813], [-0.0001232904614880681, -0.0006273804465308785, -0.0007354090921580791, 0.0004637677047867328, -0.0011062235571444035, 0.0017553255893290043, 0.0007479392806999385, -0.004632316995412111, 0.016663765534758568, -0.0077221146784722805, 0.002965823281556368, 0.0029135532677173615, -0.0051954383961856365], [0.00026269169757142663, 0.00040136207826435566, 0.0004317919665481895, -0.0013649510219693184, 0.00030815848731435835, -0.0019242275739088655, -0.0012092378456145525, 0.004327108152210712, -0.0077221146784722805, 0.019611140713095665, -0.00774558586999774, 0.0038745326455682516, -0.0008210726664401591], [-0.00013952795416116714, 0.00019205779244657606, 0.0005922011914663017, 0.0004878730105701834, -0.0011946975719183683, -8.322401845362037e-05, 0.0015881011495366693, -0.0027606715448200703, 0.002965823281556368, -0.00774558586999774, 0.01943250559270382, -0.007860126905143261, 0.002549299504607916], [-1.117070951295318e-05, -0.0006301118992269039, -0.0015760126989334822, -0.000254851154750213, 0.001707984833046794, -0.00012182467617094517, -0.0009517391445115209, -0.0021283843088895082, 0.0029135532677173615, 0.0038745326455682516, -0.007860126905143261, 0.020897341892123222, -0.007759966887533665], [0.00016977002087514848, -0.00011390594590920955, 0.0005673182313330472, 1.5145439647312742e-05, 0.0013223964488133788, -0.0011794940801337361, 0.0011279225582256913, 0.0020216985139995813, -0.0051954383961856365, -0.0008210726664401591, 0.002549299504607916, -0.007759966887533665, 0.01967017725110054]], "metadata.audio_properties.analysis.downmix": "mix", "metadata.audio_properties.codec": "mp3", "metadata.audio_properties.md5_encoded": "1510ce3441df6915d0354e5093543ffd", "metadata.tags.file_name": "1182283481812836382.mp3", "metadata.version.essentia": "2.1-beta6-dev", "metadata.version.essentia_git_sha": "v2.1_beta5-1110-g77a6a954", "metadata.version.extractor": "music 2.0", "tonal.chords_key": "B", "tonal.chords_scale": "minor", "tonal.key_edma.key": "B", "tonal.key_edma.scale": "minor", "tonal.key_krumhansl.key": "B", "tonal.key_krumhansl.scale": "minor", "tonal.key_temperley.key": "B", "tonal.key_temperley.scale": "minor", "metadata.tags.encoding": ["Lavf58.45.100"]}, "essentia_models": [{"model_name": "genre_dortmund", "activations": {"alternative": "0.022720417", "blues": "0.0034361852", "electronic": "0.39495578", "folkcountry": "0.011069334", "funksoulrnb": "0.06095864", "jazz": "0.011820388", "pop": "0.48679996", "raphiphop": "0.010635662", "rock": "0.0758373"}}, 