{"song_id": "1182266278145163295", "download": "https://cdn.discordapp.com/attachments/1135903449314238464/1182266278145163295/chirp.mp4?ex=65841246&amp", "lyrics": "Brush your teeth up and down\n\nClean along gaps with care\nCavities go buzz buzz away\n\nTooth by tooth ding ding hooray\n\nChorus:\nHappily sing tra la la\nBrush diligently everyday\nFight tooth decay\nSmile bright, hip hip hooray\n\nVerse 2:\nCircle round those whites\n\nShoo away tiny bugs\n\nTooth by tooth make bright\nRinse and gargle after right\n\nChorus:\n\nHappily sing tra la la\nBrush diligently everyday\nFight tooth decay\nSmile bright, hip hip hooray", "style": ["Acoustic"], "essentia_features": {"lowlevel.average_loudness": 0.9684998989105225, "lowlevel.barkbands_crest.mean": 12.487689971923828, "lowlevel.barkbands_crest.stdev": 4.342121124267578, "lowlevel.barkbands_flatness_db.mean": 0.23459288477897644, "lowlevel.barkbands_flatness_db.stdev": 0.07006383687257767, "lowlevel.barkbands_kurtosis.mean": 13.897748947143555, "lowlevel.barkbands_kurtosis.stdev": 19.504499435424805, "lowlevel.barkbands_skewness.mean": 2.5456178188323975, "lowlevel.barkbands_skewness.stdev": 1.7341670989990234, "lowlevel.barkbands_spread.mean": 14.638205528259277, "lowlevel.barkbands_spread.stdev": 18.648881912231445, "lowlevel.dissonance.mean": 0.42179620265960693, "lowlevel.dissonance.stdev": 0.05407896637916565, "lowlevel.dynamic_complexity": 2.7101054191589355, "lowlevel.erbbands_crest.mean": 11.275694847106934, "lowlevel.erbbands_crest.stdev": 4.313155651092529, "lowlevel.erbbands_flatness_db.mean": 0.2096301168203354, "lowlevel.erbbands_flatness_db.stdev": 0.059376806020736694, "lowlevel.erbbands_kurtosis.mean": 2.2700915336608887, "lowlevel.erbbands_kurtosis.stdev": 4.572059631347656, "lowlevel.erbbands_skewness.mean": 0.8920555710792542, "lowlevel.erbbands_skewness.stdev": 1.1774287223815918, "lowlevel.erbbands_spread.mean": 36.41398239135742, "lowlevel.erbbands_spread.stdev": 28.374446868896484, "lowlevel.hfc.mean": 14.664897918701172, "lowlevel.hfc.stdev": 21.591873168945312, "lowlevel.loudness_ebu128.integrated": -19.19178581237793, "lowlevel.loudness_ebu128.loudness_range": 1.8993644714355469, "lowlevel.loudness_ebu128.momentary.mean": -19.560609817504883, "lowlevel.loudness_ebu128.momentary.stdev": 1.8271188735961914, "lowlevel.loudness_ebu128.short_term.mean": -19.22726821899414, "lowlevel.loudness_ebu128.short_term.stdev": 0.6350823640823364, "lowlevel.melbands_crest.mean": 17.387514114379883, "lowlevel.melbands_crest.stdev": 5.394546031951904, "lowlevel.melbands_flatness_db.mean": 0.30206409096717834, "lowlevel.melbands_flatness_db.stdev": 0.0874943807721138, "lowlevel.melbands_kurtosis.mean": 26.071563720703125, "lowlevel.melbands_kurtosis.stdev": 34.49470138549805, "lowlevel.melbands_skewness.mean": 3.4424750804901123, "lowlevel.melbands_skewness.stdev": 2.1436142921447754, "lowlevel.melbands_spread.mean": 14.4138765335083, "lowlevel.melbands_spread.stdev": 23.731979370117188, "lowlevel.pitch_salience.mean": 0.5248952507972717, "lowlevel.pitch_salience.stdev": 0.12540686130523682, "lowlevel.silence_rate_20dB.mean": 1.0, "lowlevel.silence_rate_20dB.stdev": 0.0, "lowlevel.silence_rate_30dB.mean": 0.9890843033790588, "lowlevel.silence_rate_30dB.stdev": 0.10390647500753403, "lowlevel.silence_rate_60dB.mean": 0.024863554164767265, "lowlevel.silence_rate_60dB.stdev": 0.15570852160453796, "lowlevel.spectral_centroid.mean": 829.1798706054688, "lowlevel.spectral_centroid.stdev": 749.8805541992188, "lowlevel.spectral_complexity.mean": 9.629472732543945, "lowlevel.spectral_complexity.stdev": 5.360422611236572, "lowlevel.spectral_decrease.mean": -5.641358935548624e-09, "lowlevel.spectral_decrease.stdev": 5.4449191821959175e-09, "lowlevel.spectral_energy.mean": 0.02262192592024803, "lowlevel.spectral_energy.stdev": 0.02161460742354393, "lowlevel.spectral_energyband_high.mean": 0.0005471537006087601, "lowlevel.spectral_energyband_high.stdev": 0.0019245926523581147, "lowlevel.spectral_energyband_low.mean": 0.004786573350429535, "lowlevel.spectral_energyband_low.stdev": 0.005627080798149109, "lowlevel.spectral_energyband_middle_high.mean": 0.0031529588159173727, "lowlevel.spectral_energyband_middle_high.stdev": 0.009201383218169212, "lowlevel.spectral_energyband_middle_low.mean": 0.01719125173985958, "lowlevel.spectral_energyband_middle_low.stdev": 0.016837192699313164, "lowlevel.spectral_entropy.mean": 6.741872310638428, "lowlevel.spectral_entropy.stdev": 0.7755178213119507, "lowlevel.spectral_flux.mean": 0.05993210896849632, "lowlevel.spectral_flux.stdev": 0.04561762511730194, "lowlevel.spectral_kurtosis.mean": 12.671492576599121, "lowlevel.spectral_kurtosis.stdev": 18.413745880126953, "lowlevel.spectral_rms.mean": 0.004321389365941286, "lowlevel.spectral_rms.stdev": 0.001842767233029008, "lowlevel.spectral_rolloff.mean": 1237.176513671875, "lowlevel.spectral_rolloff.stdev": 2237.437255859375, "lowlevel.spectral_skewness.mean": 2.4599924087524414, "lowlevel.spectral_skewness.stdev": 1.4353983402252197, "lowlevel.spectral_spread.mean": 4298332.0, "lowlevel.spectral_spread.stdev": 2473478.5, "lowlevel.spectral_strongpeak.mean": 0.9969518780708313, "lowlevel.spectral_strongpeak.stdev": 1.1013718843460083, "lowlevel.zerocrossingrate.mean": 0.04611489176750183, "lowlevel.zerocrossingrate.stdev": 0.05483861640095711, "metadata.audio_properties.analysis.equal_loudness": 0.0, "metadata.audio_properties.analysis.length": 38.25065612792969, "metadata.audio_properties.analysis.sample_rate": 44100.0, "metadata.audio_properties.analysis.start_time": 0.0, "metadata.audio_properties.bit_rate": 116950.0, "metadata.audio_properties.length": 38.250667572021484, "metadata.audio_properties.lossless": 0.0, "metadata.audio_properties.number_channels": 1.0, "metadata.audio_properties.replay_gain": -8.812505722045898, "metadata.audio_properties.sample_rate": 48000.0, "rhythm.beats_count": 70.0, "rhythm.beats_loudness.mean": 0.038783732801675797, "rhythm.beats_loudness.stdev": 0.029031913727521896, "rhythm.bpm": 112.37020874023438, "rhythm.bpm_histogram_first_peak_bpm": 112.0, "rhythm.bpm_histogram_first_peak_weight": 0.4333333373069763, "rhythm.bpm_histogram_second_peak_bpm": 101.0, "rhythm.bpm_histogram_second_peak_spread": 0.625, "rhythm.bpm_histogram_second_peak_weight": 0.043478261679410934, "rhythm.danceability": 1.5813218355178833, "rhythm.onset_rate": 3.7369513511657715, "tonal.chords_changes_rate": 0.05696969851851463, "tonal.chords_number_rate": 0.012121211737394333, "tonal.chords_strength.mean": 0.4979119300842285, "tonal.chords_strength.stdev": 0.06118530035018921, "tonal.hpcp_crest.mean": 16.83324432373047, "tonal.hpcp_crest.stdev": 7.314425945281982, "tonal.hpcp_entropy.mean": 1.5789928436279297, "tonal.hpcp_entropy.stdev": 0.6752994060516357, "tonal.key_edma.strength": 0.6207809448242188, "tonal.key_krumhansl.strength": 0.6273585557937622, "tonal.key_temperley.strength": 0.6371560096740723, "tonal.tuning_diatonic_strength": 0.5102137923240662, "tonal.tuning_equal_tempered_deviation": 0.016311418265104294, "tonal.tuning_frequency": 439.4919738769531, "tonal.tuning_nontempered_energy_ratio": 0.6317827701568604, "lowlevel.barkbands.mean": [4.6605957322753966e-05, 0.00082648970419541, 0.0009841059800237417, 0.0055142720229923725, 0.0034598459023982286, 0.0035350783728063107, 0.001817731885239482, 0.0016802378231659532, 0.0009686515550129116, 0.0007887548999860883, 0.0006401726277545094, 0.0003453221288509667, 0.00031448708614334464, 0.00039547058986499906, 0.00013163236144464463, 0.00013274287630338222, 0.00015551589604001492, 0.0001903786469483748, 7.732291851425543e-05, 0.00012411258649080992, 7.141745300032198e-05, 8.163823076756671e-05, 6.71142406645231e-05, 5.761539432569407e-05, 0.00012536732538137585, 8.962525316746905e-05, 2.4427151856798446e-07], "lowlevel.barkbands.stdev": [0.00019496024469844997, 0.003488088259473443, 0.0013113217428326607, 0.006785666570067406, 0.006584783084690571, 0.004292866215109825, 0.006825448013842106, 0.0054265218786895275, 0.0035042858216911554, 0.0041705104522407055, 0.004152070730924606, 0.0016738601261749864, 0.0016638214001432061, 0.0016727952752262354, 0.0003868656058330089, 0.0003857052361126989, 0.0003555486327968538, 0.00046274339547380805, 0.00018547824583947659, 0.00032425730023533106, 0.00025462365010753274, 0.00035883611417375505, 0.00032602803548797965, 0.00024071792722679675, 0.0005519267870113254, 0.00038576204678975046, 1.6604645907136728e-06], "lowlevel.erbbands.mean": [0.03313698247075081, 0.15820631384849548, 0.8081419467926025, 11.29295539855957, 15.92673397064209, 9.928213119506836, 20.63579750061035, 28.273639678955078, 19.84822654724121, 42.24952697753906, 25.12455177307129, 23.77235984802246, 23.122854232788086, 28.135692596435547, 19.640399932861328, 11.451373100280762, 15.063408851623535, 18.99072265625, 12.072711944580078, 6.926950454711914, 7.256027698516846, 9.352669715881348, 11.330947875976562, 5.138450622558594, 4.813141822814941, 5.687281608581543, 3.424431085586548, 2.551147222518921, 2.8081607818603516, 2.812926769256592, 1.680544376373291, 1.0724362134933472, 1.1031848192214966, 1.19996178150177, 0.9865918755531311, 0.6053241491317749, 0.11752784997224808, 0.007079340051859617, 0.0001744445035001263, 3.653184467111714e-05], "lowlevel.erbbands.stdev": [0.13198941946029663, 0.6777518391609192, 0.9804490208625793, 12.910321235656738, 28.553205490112305, 16.69384002685547, 26.333768844604492, 45.786415100097656, 57.96556854248047, 120.28394317626953, 74.25340270996094, 88.07286834716797, 118.29007720947266, 144.0012969970703, 81.61943054199219, 42.7967529296875, 80.47480010986328, 76.56898498535156, 38.48961639404297, 21.085533142089844, 19.858217239379883, 21.2283992767334, 26.712799072265625, 10.081277847290039, 13.688033103942871, 15.175454139709473, 10.707576751708984, 8.965497970581055, 11.958592414855957, 14.695935249328613, 7.638707637786865, 4.20416259765625, 4.9534010887146, 5.4698357582092285, 4.270107746124268, 2.724951982498169, 0.5100172162055969, 0.030505917966365814, 0.0006708690198138356, 5.1297676691319793e-05], "lowlevel.gfcc.mean": [-69.5477066040039, 106.4883041381836, -95.13028717041016, 16.860523223876953, -67.00109100341797, -8.808600425720215, -58.59130096435547, -3.328035593032837, -44.04811096191406, -5.736067771911621, -23.093978881835938, -5.284348487854004, -15.092127799987793], "lowlevel.melbands.mean": [0.0002597218262962997, 0.00047413998981937766, 0.0020759638864547014, 0.0008990062051452696, 0.0006282442482188344, 0.0006294600898399949, 0.0003319946408737451, 0.000475126231322065, 0.00018411394557915628, 0.00014824417303316295, 0.00011425010598031804, 0.00011535074008861557, 6.948028749320656e-05, 4.249423000146635e-05, 2.8526790629257448e-05, 3.278141230111942e-05, 3.815716991084628e-05, 2.3036556740407832e-05, 9.229121133103035e-06, 9.728992154123262e-06, 7.908657607913483e-06, 9.174814294965472e-06, 1.131609587901039e-05, 8.117558536469005e-06, 3.706883717313758e-06, 2.8892832233395893e-06, 4.456179794942727e-06, 3.5674593164003454e-06, 2.1318980998330517e-06, 1.9364256331755314e-06, 1.3154435691831168e-06, 1.4992655223977636e-06, 1.7618673382457928e-06, 1.516310817351041e-06, 1.0087760529131629e-06, 7.314942536140734e-07, 6.326653192445519e-07, 7.576550160592888e-07, 8.05675654191873e-07, 1.0943120969386655e-06], "lowlevel.melbands.stdev": [0.0010725600877776742, 0.0005985114257782698, 0.002418048446998, 0.0016017097514122725, 0.0008120234124362469, 0.0009217893821187317, 0.0010991914896294475, 0.0013364114565774798, 0.0005829798174090683, 0.000575579353608191, 0.0006264870753511786, 0.00056748918723315, 0.0003662212111521512, 0.00022662419360131025, 0.00014881487004458904, 0.00014947574527468532, 0.00016906204109545797, 8.663409244036302e-05, 2.9155244192224927e-05, 3.0212955607566983e-05, 2.3507402147515677e-05, 2.2164633264765143e-05, 2.661840699147433e-05, 1.881915159174241e-05, 7.672484571230598e-06, 8.05928539193701e-06, 1.3631171896122396e-05, 9.688035788713023e-06, 6.1538289628515486e-06, 7.718975211901125e-06, 4.6697145990037825e-06, 6.25406300969189e-06, 8.405369953834452e-06, 8.519027687725611e-06, 4.9720720198820345e-06, 2.92662934953114e-06, 2.590808890090557e-06, 3.4528420655988157e-06, 3.785774424613919e-06, 5.078014055470703e-06], "lowlevel.melbands128.mean": [4.318877472542226e-05, 0.0002754541055765003, 0.0003706572169903666, 0.00019980614888481796, 9.453704842599109e-05, 0.0006614513695240021, 0.002398394513875246, 0.0026555920485407114, 0.0015343227423727512, 0.0008369332645088434, 0.0004521664814092219, 0.00032221991568803787, 0.0007179425447247922, 0.0009568709647282958, 0.0007761650485917926, 0.0003608590632211417, 0.00021654301963280886, 0.000291119737084955, 0.0005714815924875438, 0.0004329236107878387, 0.000557425431907177, 0.00021201386698521674, 0.00013357045827433467, 0.00014896020002197474, 0.00014102972636464983, 0.00018974534759763628, 5.039843381382525e-05, 0.00012173115828773007, 0.00015604571672156453, 8.406838605878875e-05, 0.00013477946049533784, 0.0001123818292398937, 2.8266998924664222e-05, 7.853864372009411e-05, 6.467233470175415e-05, 2.13142793654697e-05, 1.9426493963692337e-05, 3.7111432902747765e-05, 2.4476958060404286e-05, 3.69342124031391e-05, 4.198418537271209e-05, 1.2892682207166217e-05, 3.341717820148915e-05, 5.856177085661329e-05, 3.5998033126816154e-05, 1.581447031639982e-05, 8.132067705446389e-06, 9.914939255395439e-06, 9.830844646785408e-06, 6.508750630018767e-06, 1.23740401249961e-05, 9.425955795450136e-06, 7.308668955374742e-06, 8.429062290815637e-06, 6.504233169835061e-06, 9.652216249378398e-06, 1.0914072845480405e-05, 8.944884029915556e-06, 1.3476084859576076e-05, 1.3097906958137173e-05, 5.899233201489551e-06, 6.892475994391134e-06, 4.356084446044406e-06, 3.0440335194725776e-06, 1.937219622050179e-06, 3.072784693358699e-06, 2.887843038479332e-06, 3.902397565980209e-06, 5.288981810736004e-06, 4.8563542804913595e-06, 3.2359153010474984e-06, 3.519539632179658e-06, 2.3052537017065333e-06, 1.734111606310762e-06, 1.9874087229254656e-06, 2.1329531136871083e-06, 2.0025536286993884e-06, 1.1467949434518232e-06, 1.2680392273978214e-06, 1.3520027550839586e-06, 1.4781873005631496e-06, 1.5334753697970882e-06, 1.6464042573716142e-06, 2.000936547119636e-06, 1.5948525060593965e-06, 1.5687352288296097e-06, 1.46522677368921e-06, 1.4556453606928699e-06, 8.584702300140634e-07, 8.287207720059087e-07, 8.707525580575748e-07, 6.759596544725355e-07, 5.514117447091849e-07, 5.925086838942661e-07, 7.007802196312696e-07, 7.570238267362583e-07, 7.654628575437528e-07, 7.628050866514968e-07, 7.649529152331525e-07, 8.181887096725404e-07, 1.0279591151629575e-06, 1.3774168792224373e-06, 8.264490247711365e-07, 8.866671237228729e-07, 9.946689942808007e-07, 1.466101139158127e-06, 1.2810253338102484e-06, 1.0152882623515325e-06, 1.2256531363163958e-06, 1.0586759344732855e-06, 6.198570190463215e-07, 4.858378019889642e-07, 2.7272704983261065e-07, 1.9794752859070286e-07, 1.223246499648667e-07, 4.41213892088399e-08, 1.0061318889142967e-08, 4.929290309263479e-10, 9.391532690417037e-11, 5.468224831273183e-11, 4.0788410843317635e-11, 9.127499971117725e-12, 3.575750806561473e-12, 3.4959092912179024e-12, 3.384445718471185e-12, 3.2284309774144315e-12, 3.1406422601465422e-12, 3.113695716192022e-12], "lowlevel.melbands128.stdev": [0.00017981859855353832, 0.0010925602400675416, 0.0016316010151058435, 0.0009580623009242117, 0.000352547038346529, 0.0008649050141684711, 0.0029083637055009604, 0.0036162131000310183, 0.003611439373344183, 0.0022396696731448174, 0.0008920974214561284, 0.0010294456733390689, 0.0011071087792515755, 0.0011226916685700417, 0.0016050997655838728, 0.0009807972237467766, 0.0010129985166713595, 0.001099337707273662, 0.0027836814988404512, 0.0013228141469880939, 0.001982469344511628, 0.00096302101155743, 0.0005912171327508986, 0.0008638133876956999, 0.0006467344937846065, 0.0009200794738717377, 0.0002485412114765495, 0.0008368726121261716, 0.0012345968279987574, 0.0003337731759529561, 0.0009152889833785594, 0.0011694758431985974, 0.00013686199963558465, 0.00040340921259485185, 0.00048436757060699165, 0.00017554806254338473, 7.023044599918649e-05, 0.00016992528981063515, 0.0003262292593717575, 0.00025109038688242435, 0.0001954822801053524, 7.819133315933868e-05, 0.00021139658929314464, 0.0003035562695004046, 0.00021915273100603372, 5.619124203803949e-05, 2.9908631404396147e-05, 3.9401431422447786e-05, 5.0933638704009354e-05, 3.183681474183686e-05, 4.893466757494025e-05, 2.9555734727182426e-05, 2.7689384296536446e-05, 3.5805831430479884e-05, 1.8330432794755325e-05, 2.9420772989396937e-05, 3.905001358361915e-05, 2.2027430532034487e-05, 4.2179282900178805e-05, 3.854784881696105e-05, 1.4973637007642537e-05, 2.1869598640478216e-05, 9.566090739099309e-06, 7.95566666056402e-06, 4.776314199261833e-06, 9.561363185639493e-06, 1.0939944331767038e-05, 1.5414392692036927e-05, 1.7484488125774078e-05, 1.5010649804025888e-05, 1.2218384654261172e-05, 8.657804755785037e-06, 6.803119049436646e-06, 5.794441676698625e-06, 8.763659025134984e-06, 8.681943654664792e-06, 9.253067219106015e-06, 4.818311481358251e-06, 4.767839527630713e-06, 5.10023528477177e-06, 6.107699391577626e-06, 8.351304131792858e-06, 7.215117420855677e-06, 9.340278666059021e-06, 9.18596560950391e-06, 9.046246304933447e-06, 7.821197868906893e-06, 1.0634585123625584e-05, 3.6711762732011266e-06, 4.220270966470707e-06, 3.7469483231689082e-06, 2.815381094478653e-06, 2.3931058876769384e-06, 2.807361170198419e-06, 2.9627174171764636e-06, 3.5158263926859945e-06, 3.935143922717543e-06, 4.180198175163241e-06, 3.6801638998440467e-06, 4.0454333429806866e-06, 5.475169018609449e-06, 6.769613719370682e-06, 3.537151087584789e-06, 3.7044364944449626e-06, 4.5527831389335915e-06, 7.1318677328235935e-06, 7.5571488196146674e-06, 4.091795744898263e-06, 5.652685103996191e-06, 5.3699523050454445e-06, 2.9592249575216556e-06, 2.066475644824095e-06, 1.188597366308386e-06, 1.2003964684481616e-06, 6.563332703990454e-07, 2.5299422645730374e-07, 6.315203648910028e-08, 9.44667366553631e-09, 3.5361251704557617e-09, 1.9969073061787412e-09, 1.4522222313573252e-09, 2.1150957374427293e-10, 6.112384036416341e-12, 6.001654468540396e-12, 5.909783513252664e-12, 5.834878153559986e-12, 5.781226192214106e-12, 5.7484360153903236e-12], "lowlevel.mfcc.mean": [-726.0052490234375, 146.15780639648438, 14.388648986816406, 22.550539016723633, 0.8572761416435242, -10.52717399597168, -9.006928443908691, -11.70479965209961, -18.488964080810547, -13.220450401306152, -14.845449447631836, -14.588290214538574, -6.795997142791748], "lowlevel.spectral_contrast_coeffs.mean": [-0.543720006942749, -0.6784430146217346, -0.7384544610977173, -0.7793886065483093, -0.7796570658683777, -0.7770141959190369], "lowlevel.spectral_contrast_coeffs.stdev": [0.09385794401168823, 0.0890357568860054, 0.07656773924827576, 0.0630510225892067, 0.06059602275490761, 0.05020257458090782], "lowlevel.spectral_contrast_valleys.mean": [-7.665402889251709, -7.529665946960449, -8.462896347045898, -8.72237777709961, -8.657097816467285, -11.419438362121582], "lowlevel.spectral_contrast_valleys.stdev": [0.9178255796432495, 0.8297244906425476, 0.8980823159217834, 0.9026929140090942, 1.0904139280319214, 1.2340673208236694], "rhythm.beats_loudness_band_ratio.mean": [0.4140757620334625, 0.30371493101119995, 0.16751869022846222, 0.08879132568836212, 0.04876136779785156, 0.03794531896710396], "rhythm.beats_loudness_band_ratio.stdev": [0.2189299613237381, 0.18770912289619446, 0.16969285905361176, 0.13097193837165833, 0.06869768351316452, 0.0957709327340126], "tonal.hpcp.mean": [0.024053793400526047, 0.01670006476342678, 0.08479424566030502, 0.1751209944486618, 0.11226800084114075, 0.024148449301719666, 0.017810849472880363, 0.012606308795511723, 0.04358984902501106, 0.09539005160331726, 0.06852949410676956, 0.08029351383447647, 0.19669976830482483, 0.1390385776758194, 0.020248979330062866, 0.015572134405374527, 0.02608371339738369, 0.23513388633728027, 0.4749058187007904, 0.28224942088127136, 0.03157952427864075, 0.01843130588531494, 0.024510646238923073, 0.1440628468990326, 0.23989930748939514, 0.12867498397827148, 0.07056592404842377, 0.09231528639793396, 0.051013313233852386, 0.030831189826130867, 0.03482946380972862, 0.03349822759628296, 0.08236027508974075, 0.1496702879667282, 0.09853609651327133, 0.02854117378592491], "tonal.hpcp.stdev": [0.09785174578428268, 0.08177759498357773, 0.17205297946929932, 0.28774765133857727, 0.19493459165096283, 0.1009126827120781, 0.10588109493255615, 0.06633270531892776, 0.11962732672691345, 0.2215348184108734, 0.16352708637714386, 0.15190741419792175, 0.3448523283004761, 0.2552122473716736, 0.08182620257139206, 0.08084405958652496, 0.10293743014335632, 0.269643098115921, 0.44264477491378784, 0.2948649525642395, 0.10668491572141647, 0.0948653593659401, 0.10197910666465759, 0.2334299385547638, 0.34652179479599, 0.21048292517662048, 0.18245725333690643, 0.2527112364768982, 0.1474325805902481, 0.11311527341604233, 0.1262550950050354, 0.11582250148057938, 0.18744021654129028, 0.29190316796302795, 0.2060769647359848, 0.09617967903614044], "rhythm.beats_position": [0.5224489569664001, 1.0681178569793701, 1.6137868165969849, 2.1594557762145996, 2.705124616622925, 3.2391836643218994, 3.7848525047302246, 4.330521583557129, 4.852970600128174, 5.375419616699219, 5.8978681564331055, 6.43192720413208, 6.977596282958984, 7.569705009460449, 8.161813735961914, 8.753922462463379, 9.357641220092773, 9.938140869140625, 10.51863956451416, 11.087528228759766, 11.656416893005371, 12.178866386413574, 12.689704895019531, 13.212154388427734, 13.74621295928955, 14.268661499023438, 14.80272102355957, 15.325169563293457, 15.84761905670166, 16.381677627563477, 16.91573715209961, 17.44979476928711, 17.995464324951172, 18.529523849487305, 19.051973342895508, 19.574420928955078, 20.09687042236328, 20.619319915771484, 21.153377532958984, 21.699047088623047, 22.23310661315918, 22.75555419921875, 23.289613723754883, 23.835283279418945, 24.380952835083008, 24.915010452270508, 25.44906997680664, 25.983129501342773, 26.517187118530273, 27.051246643066406, 27.58530616760254, 28.11936378479004, 28.653423309326172, 29.187482833862305, 29.721542358398438, 30.255599975585938, 30.78965950012207, 31.335329055786133, 31.880996704101562, 32.41505432128906, 32.94911575317383, 33.48317337036133, 34.017234802246094, 34.551292419433594, 35.085350036621094, 35.61941146850586, 36.15346908569336, 36.68752670288086, 37.221588134765625, 37.755645751953125], "rhythm.bpm_histogram": [0.0, 0.0, 0.0, 0.0, 0.0, 0.0, 0.0, 0.0, 0.0, 0.0, 0.0, 0.0, 0.0, 0.0, 0.0, 0.0, 0.0, 0.0, 0.0, 0.0, 0.0, 0.0, 0.0, 0.0, 0.0, 0.0, 0.0, 0.0, 0.0, 0.0, 0.0, 0.0, 0.0, 0.0, 0.0, 0.0, 0.0, 0.0, 0.0, 0.0, 0.0, 0.0, 0.0, 0.0, 0.0, 0.0, 0.0, 0.0, 0.0, 0.0, 0.0, 0.0, 0.0, 0.0, 0.0, 0.0, 0.0, 0.0, 0.0, 0.0, 0.0, 0.0, 0.0, 0.0, 0.0, 0.0, 0.0, 0.0, 0.0, 0.0, 0.0, 0.0, 0.0, 0.0, 0.0, 0.0, 0.0, 0.0, 0.0, 0.0, 0.0, 0.0, 0.0, 0.0, 0.0, 0.0, 0.0, 0.0, 0.0, 0.0, 0.0, 0.0, 0.0, 0.0, 0.0, 0.0, 0.0, 0.0, 0.0, 0.014492753893136978, 0.0, 0.043478261679410934, 0.0, 0.028985507786273956, 0.0, 0.028985507786273956, 0.0, 0.0, 0.0, 0.0, 0.18840579688549042, 0.0, 0.49275362491607666, 0.0, 0.0, 0.18840579688549042, 0.0, 0.014492753893136978, 0.0, 0.0, 0.0, 0.0, 0.0, 0.0, 0.0, 0.0, 0.0, 0.0, 0.0, 0.0, 0.0, 0.0, 0.0, 0.0, 0.0, 0.0, 0.0, 0.0, 0.0, 0.0, 0.0, 0.0, 0.0, 0.0, 0.0, 0.0, 0.0, 0.0, 0.0, 0.0, 0.0, 0.0, 0.0, 0.0, 0.0, 0.0, 0.0, 0.0, 0.0, 0.0, 0.0, 0.0, 0.0, 0.0, 0.0, 0.0, 0.0, 0.0, 0.0, 0.0, 0.0, 0.0, 0.0, 0.0, 0.0, 0.0, 0.0, 0.0, 0.0, 0.0, 0.0, 0.0, 0.0, 0.0, 0.0, 0.0, 0.0, 0.0, 0.0, 0.0, 0.0, 0.0, 0.0, 0.0, 0.0, 0.0, 0.0, 0.0, 0.0, 0.0, 0.0, 0.0, 0.0, 0.0, 0.0, 0.0, 0.0, 0.0, 0.0, 0.0, 0.0, 0.0, 0.0, 0.0, 0.0, 0.0, 0.0, 0.0, 0.0, 0.0, 0.0, 0.0, 0.0, 0.0, 0.0, 0.0, 0.0, 0.0, 0.0, 0.0, 0.0, 0.0, 0.0, 0.0, 0.0, 0.0, 0.0, 0.0, 0.0, 0.0, 0.0, 0.0, 0.0, 0.0, 0.0, 0.0, 0.0, 0.0, 0.0, 0.0], "tonal.chords_histogram": [18.545454025268555, 5.939393997192383, 16.484848022460938, 0.0, 0.0, 0.0, 1.454545497894287, 0.0, 0.0, 0.0, 0.0, 0.0, 0.0, 0.0, 0.0, 0.0, 0.0, 4.0, 0.0, 12.848484992980957, 1.575757622718811, 29.57575798034668, 4.242424011230469, 5.333333492279053], "tonal.thpcp": [1.0, 0.5943271517753601, 0.06649639457464218, 0.03881044313311577, 0.05161159485578537, 0.3033503592014313, 0.5051513314247131, 0.2709484398365021, 0.14858929812908173, 0.19438651204109192, 0.1074177473783493, 0.06492064148187637, 0.07333973050117493, 0.07053656876087189, 0.17342443764209747, 0.31515783071517944, 0.20748555660247803, 0.06009859964251518, 0.05064960941672325, 0.035165004432201385, 0.1785496026277542, 0.36874890327453613, 0.2364005595445633, 0.05084892362356186, 0.037503961473703384, 0.026544861495494843, 0.09178630262613297, 0.20086099207401276, 0.14430123567581177, 0.1690724939107895, 0.41418689489364624, 0.2927708327770233, 0.04263788461685181, 0.032789941877126694, 0.05492397025227547, 0.4951168894767761], "lowlevel.gfcc.cov": [[6162.5654296875, -2001.441650390625, -689.5618896484375, 483.1827697753906, -323.5960998535156, 169.33139038085938, 40.73273468017578, 691.8298950195312, -3.702592372894287, 397.0646667480469, -268.2819519042969, 217.83428955078125, -287.6158752441406], [-2001.441650390625, 2885.712890625, -347.4353332519531, -881.7049560546875, 396.0838623046875, -60.79145050048828, 195.7496337890625, -269.80291748046875, 319.0472106933594, -264.7877197265625, 312.1127014160156, -297.22784423828125, 94.96147918701172], [-689.5618896484375, -347.4353332519531, 1056.8837890625, 351.1194152832031, 22.841516494750977, 163.52963256835938, 7.925502777099609, -82.63375091552734, -127.49925994873047, 29.001554489135742, -58.160404205322266, 52.40016174316406, 20.74101448059082], [483.1827697753906, -881.7049560546875, 351.1194152832031, 933.271484375, 94.27116394042969, -113.72308349609375, -87.86663055419922, 190.57315063476562, -82.45402526855469, 41.73057174682617, -81.27472686767578, 155.376220703125, 49.22578811645508], [-323.5960998535156, 396.0838623046875, 22.841516494750977, 94.27116394042969, 367.9001770019531, 15.03468132019043, -18.663692474365234, 30.413711547851562, 82.14031982421875, -48.80893325805664, 29.25663185119629, 16.572364807128906, 58.91379165649414], [169.33139038085938, -60.79145050048828, 163.52963256835938, -113.72308349609375, 15.03468132019043, 538.870849609375, 187.90077209472656, -127.869873046875, 36.73247528076172, 142.8782958984375, 54.344242095947266, 22.26923179626465, 68.95987701416016], [40.73273468017578, 195.7496337890625, 7.925502777099609, -87.86663055419922, -18.663692474365234, 187.90077209472656, 299.8430480957031, -11.500748634338379, 23.600889205932617, 70.02550506591797, 52.158470153808594, 12.374814987182617, -12.361461639404297], [691.8298950195312, -269.80291748046875, -82.63375091552734, 190.57315063476562, 30.413711547851562, -127.869873046875, -11.500748634338379, 329.6105041503906, 49.48320007324219, 16.439651489257812, -23.015398025512695, 66.82389068603516, -61.95961380004883], [-3.702592372894287, 319.0472106933594, -127.49925994873047, -82.45402526855469, 82.14031982421875, 36.73247528076172, 23.600889205932617, 49.48320007324219, 219.62744140625, 24.55480194091797, 35.519622802734375, -20.943300247192383, 23.173654556274414], [397.0646667480469, -264.7877197265625, 29.001554489135742, 41.73057174682617, -48.80893325805664, 142.8782958984375, 70.02550506591797, 16.439651489257812, 24.55480194091797, 201.2084503173828, 17.287918090820312, 33.7080192565918, -14.266562461853027], [-268.2819519042969, 312.1127014160156, -58.160404205322266, -81.27472686767578, 29.25663185119629, 54.344242095947266, 52.158470153808594, -23.015398025512695, 35.519622802734375, 17.287918090820312, 187.09413146972656, 25.814083099365234, 36.08095932006836], [217.83428955078125, -297.22784423828125, 52.40016174316406, 155.376220703125, 16.572364807128906, 22.26923179626465, 12.374814987182617, 66.82389068603516, -20.943300247192383, 33.7080192565918, 25.814083099365234, 171.19110107421875, 29.277877807617188], [-287.6158752441406, 94.96147918701172, 20.74101448059082, 49.22578811645508, 58.91379165649414, 68.95987701416016, -12.361461639404297, -61.95961380004883, 23.173654556274414, -14.266562461853027, 36.08095932006836, 29.277877807617188, 167.21182250976562]], "lowlevel.gfcc.icov": [[0.0004223579599056393, -8.69576251716353e-05, 0.0004570631717797369, -0.00027930649230256677, 0.00037811248330399394, -0.0006676932098343968, 0.00031943400972522795, -0.0007744776085019112, 0.00026216276455670595, -0.00043654610635712743, 0.000655650335829705, -0.000315157842123881, 0.0005203061155043542], [-8.69576251716353e-05, 0.0021811367478221655, -0.0004552386235445738, 0.001449313829652965, -0.0021637575700879097, 0.0017504807328805327, -0.0020708974916487932, 0.0011785863898694515, -0.0018462100997567177, 0.0016560775693506002, -0.002687005326151848, 0.002396144438534975, -0.0008769865380600095], [0.0004570631717797369, -0.0004552386235445738, 0.001900017261505127, -0.0011744515504688025, 0.0006798656540922821, -0.0016089420532807708, 0.0007485302048735321, -0.0005109336925670505, 0.0010287953773513436, -0.0004744757025036961, 0.0013253040378913283, -0.000769280653912574, 0.001110465731471777], [-0.00027930649230256677, 0.001449313829652965, -0.0011744515504688025, 0.0031607700511813164, -0.0021400118712335825, 0.0021331810858100653, -0.0013256388483569026, 6.179076444823295e-05, -0.0005581177538260818, 0.00030333458562381566, -0.0013572013704106212, 0.0007878585020080209, -0.0020310559775680304], [0.00037811248330399394, -0.0021637575700879097, 0.0006798656540922821, -0.0021400118712335825, 0.005910563748329878, -0.0026267135981470346, 0.002418357878923416, -0.0018528177170082927, 0.000445953308371827, -0.00043326272862032056, 0.0025390477385371923, -0.002551569137722254, 0.0007180345128290355], [-0.0006676932098343968, 0.0017504807328805327, -0.0016089420532807708, 0.0021331810858100653, -0.0026267135981470346, 0.006098151672631502, -0.0036980232689529657, 0.002922340761870146, -0.0020216687116771936, -0.0005317209288477898, -0.0026847603730857372, 0.0017822751542553306, -0.002848941832780838], [0.00031943400972522795, -0.0020708974916487932, 0.0007485302048735321, -0.0013256388483569026, 0.002418357878923416, -0.0036980232689529657, 0.006808488629758358, -0.0019706985913217068, 0.001831625821068883, -0.002001451561227441, 0.001911009312607348, -0.0025287908501923084, 0.0020748961251229048], [-0.0007744776085019112, 0.0011785863898694515, -0.0005109336925670505, 6.179076444823295e-05, -0.0018528177170082927, 0.002922340761870146, -0.0019706985913217068, 0.007221493404358625, -0.003178816521540284, 0.0013968040002509952, -0.0020219513680785894, -0.00028675474459305406, 0.0010677332757040858], [0.00026216276455670595, -0.0018462100997567177, 0.0010287953773513436, -0.0005581177538260818, 0.000445953308371827, -0.0020216687116771936, 0.001831625821068883, -0.003178816521540284, 0.008315447717905045, -0.0029367245733737946, 0.0020374844316393137, -0.0006348395836539567, -0.0005612212116830051], [-0.00043654610635712743, 0.0016560775693506002, -0.0004744757025036961, 0.00030333458562381566, -0.00043326272862032056, -0.0005317209288477898, -0.002001451561227441, 0.0013968040002509952, -0.0029367245733737946, 0.009346231818199158, -0.003048965008929372, 0.0011552234645932913, 0.0006797696114517748], [0.000655650335829705, -0.002687005326151848, 0.0013253040378913283, -0.0013572013704106212, 0.0025390477385371923, -0.0026847603730857372, 0.001911009312607348, -0.0020219513680785894, 0.0020374844316393137, -0.003048965008929372, 0.010648892261087894, -0.004758162889629602, 0.0004863913054578006], [-0.000315157842123881, 0.002396144438534975, -0.000769280653912574, 0.0007878585020080209, -0.002551569137722254, 0.0017822751542553306, -0.0025287908501923084, -0.00028675474459305406, -0.0006348395836539567, 0.0011552234645932913, -0.004758162889629602, 0.011142423376441002, -0.002906358800828457], [0.0005203061155043542, -0.0008769865380600095, 0.001110465731471777, -0.0020310559775680304, 0.0007180345128290355, -0.002848941832780838, 0.0020748961251229048, 0.0010677332757040858, -0.0005612212116830051, 0.0006797696114517748, 0.0004863913054578006, -0.002906358800828457, 0.00984432827681303]], "lowlevel.mfcc.cov": [[6152.857421875, -2014.1844482421875, -712.7118530273438, 180.23248291015625, -221.17665100097656, -225.77117919921875, -17.31389617919922, 252.8922882080078, 239.27392578125, 333.6525573730469, 275.96728515625, 126.72906494140625, 144.44847106933594], [-2014.1844482421875, 3035.415771484375, -509.4246826171875, -672.0950317382812, 19.725709915161133, 12.661537170410156, -31.812923431396484, 30.525875091552734, -140.59385681152344, 106.19769287109375, 75.75030517578125, -0.4789273142814636, 17.30772590637207], [-712.7118530273438, -509.4246826171875, 989.8761596679688, 130.5055389404297, 21.321208953857422, 257.243896484375, 141.07366943359375, -63.53337478637695, 39.90835952758789, -55.64127731323242, -40.7027702331543, -61.64064407348633, 1.5130033493041992], [180.23248291015625, -672.0950317382812, 130.5055389404297, 897.7953491210938, 219.6957550048828, -243.98744201660156, -43.43769454956055, 99.37885284423828, 55.280277252197266, -94.40667724609375, -75.39674377441406, 51.99144744873047, 48.408451080322266], [-221.17665100097656, 19.725709915161133, 21.321208953857422, 219.6957550048828, 454.5967102050781, -26.32137680053711, -53.65065002441406, 41.611114501953125, 63.70685577392578, -13.895063400268555, -85.6996841430664, 42.8860969543457, 35.30310821533203], [-225.77117919921875, 12.661537170410156, 257.243896484375, -243.98744201660156, -26.32137680053711, 570.1116333007812, 169.30015563964844, -68.00043487548828, 80.43426513671875, 36.83216094970703, 38.637935638427734, -23.13050651550293, -8.125792503356934], [-17.31389617919922, -31.812923431396484, 141.07366943359375, -43.43769454956055, -53.65065002441406, 169.30015563964844, 252.50692749023438, 28.71953010559082, -5.1724934577941895, 12.24595832824707, 47.83396530151367, -5.295612812042236, 16.78114891052246], [252.8922882080078, 30.525875091552734, -63.53337478637695, 99.37885284423828, 41.611114501953125, -68.00043487548828, 28.71953010559082, 215.81678771972656, 37.732486724853516, 20.842214584350586, 41.2418098449707, 49.26283645629883, 57.49888229370117], [239.27392578125, -140.59385681152344, 39.90835952758789, 55.280277252197266, 63.70685577392578, 80.43426513671875, -5.1724934577941895, 37.732486724853516, 199.39268493652344, 52.157962799072266, 0.060719750821590424, 12.68482494354248, 23.721744537353516], [333.6525573730469, 106.19769287109375, -55.64127731323242, -94.40667724609375, -13.895063400268555, 36.83216094970703, 12.24595832824707, 20.842214584350586, 52.157962799072266, 209.32102966308594, 81.34375762939453, -2.749983072280884, 16.552574157714844], [275.96728515625, 75.75030517578125, -40.7027702331543, -75.39674377441406, -85.6996841430664, 38.637935638427734, 47.83396530151367, 41.2418098449707, 0.060719750821590424, 81.34375762939453, 189.74398803710938, 36.39822769165039, 20.826709747314453], [126.72906494140625, -0.4789273142814636, -61.64064407348633, 51.99144744873047, 42.8860969543457, -23.13050651550293, -5.295612812042236, 49.26283645629883, 12.68482494354248, -2.749983072280884, 36.39822769165039, 160.8092803955078, 55.8487434387207], [144.44847106933594, 17.30772590637207, 1.5130033493041992, 48.408451080322266, 35.30310821533203, -8.125792503356934, 16.78114891052246, 57.49888229370117, 23.721744537353516, 16.552574157714844, 20.826709747314453, 55.8487434387207, 151.65267944335938]], "lowlevel.mfcc.icov": [[0.0003935623390134424, 0.00037012994289398193, 0.0003999458276666701, 0.00011373393499525264, 0.00010309500066796318, 7.728686614427716e-05, -4.401831756695174e-05, -0.00024129930534400046, -0.00019058064208365977, -0.0004626551817636937, -0.0002716091403272003, 2.707737439777702e-05, -0.00027326453709974885], [0.00037012994289398193, 0.0008113875519484282, 0.0005427240976132452, 0.00047776391147635877, -0.00014919388922862709, 6.825885793659836e-05, -1.0965131878037937e-05, -0.0004009161493740976, 0.00015376342344097793, -0.000509503239300102, -0.0003098045417573303, 0.0001178790771518834, -0.0003807658504229039], [0.0003999458276666701, 0.0005427240976132452, 0.001832029316574335, -0.00015244689711835235, 3.310024112579413e-05, -0.0005184552865102887, -0.0005167401977814734, 6.597531319130212e-05, -0.00016324131865985692, -0.00021456000104080886, -0.0001844962389441207, 0.0005583232850767672, -0.0005471433978527784], [0.00011373393499525264, 0.00047776391147635877, -0.00015244689711835235, 0.002081330167129636, -0.0007867692038416862, 0.0010092795128002763, -0.00027419181424193084, -0.0005374354659579694, -0.00049493124242872, 0.000491196580696851, -8.954347140388563e-05, -0.0001498814090155065, -0.0002630720555316657], [0.00010309500066796318, -0.00014919388922862709, 3.310024112579413e-05, -0.0007867692038416862, 0.0031467482913285494, -0.0004007378302048892, 0.0005564001621678472, -0.0004229593905620277, -0.0005357033805921674, -0.0005791016155853868, 0.0014844407560303807, -0.000778397370595485, -0.00025576353073120117], [7.728686614427716e-05, 6.825885793659836e-05, -0.0005184552865102887, 0.0010092795128002763, -0.0004007378302048892, 0.003421568777412176, -0.0019821645691990852, 0.0011136161629110575, -0.0017782950308173895, 0.00017487112199887633, -0.000521733658388257, -0.00015353075286839157, 6.259793735807762e-05], [-4.401831756695174e-05, -1.0965131878037937e-05, -0.0005167401977814734, -0.00027419181424193084, 0.0005564001621678472, -0.0019821645691990852, 0.006017802283167839, -0.001578587107360363, 0.001333202701061964, -2.2413290935219266e-05, -0.0006861976580694318, 0.00036716091562993824, -0.00041432763100601733], [-0.00024129930534400046, -0.0004009161493740976, 6.597531319130212e-05, -0.0005374354659579694, -0.0004229593905620277, 0.0011136161629110575, -0.001578587107360363, 0.006777707487344742, -0.0014180808793753386, 0.0004244620504323393, -0.001099659944884479, -0.0006774971843697131, -0.0012144551146775484], [-0.00019058064208365977, 0.00015376342344097793, -0.00016324131865985692, -0.00049493124242872, -0.0005357033805921674, -0.0017782950308173895, 0.001333202701061964, -0.0014180808793753386, 0.007232775911688805, -0.001835700822994113, 0.000910300062969327, -9.839626727625728e-05, -0.00027662405045703053], [-0.0004626551817636937, -0.000509503239300102, -0.00021456000104080886, 0.000491196580696851, -0.0005791016155853868, 0.00017487112199887633, -2.2413290935219266e-05, 0.0004244620504323393, -0.001835700822994113, 0.007371739484369755, -0.002710342640057206, 0.0011364119127392769, -0.00023385722306557], [-0.0002716091403272003, -0.0003098045417573303, -0.0001844962389441207, -8.954347140388563e-05, 0.0014844407560303807, -0.000521733658388257, -0.0006861976580694318, -0.001099659944884479, 0.000910300062969327, -0.002710342640057206, 0.008441648446023464, -0.002085741376504302, 0.0002060786500805989], [2.707737439777702e-05, 0.0001178790771518834, 0.0005583232850767672, -0.0001498814090155065, -0.000778397370595485, -0.00015353075286839157, 0.00036716091562993824, -0.0006774971843697131, -9.839626727625728e-05, 0.0011364119127392769, -0.002085741376504302, 0.00821749772876501, -0.0024561958853155375], [-0.00027326453709974885, -0.0003807658504229039, -0.0005471433978527784, -0.0002630720555316657, -0.00025576353073120117, 6.259793735807762e-05, -0.00041432763100601733, -0.0012144551146775484, -0.00027662405045703053, -0.00023385722306557, 0.0002060786500805989, -0.0024561958853155375, 0.008501417003571987]], "metadata.audio_properties.analysis.downmix": "mix", "metadata.audio_properties.codec": "mp3", "metadata.audio_properties.md5_encoded": "835b6736759d9bedca6c01bd76685f5b", "metadata.tags.file_name": "11822662781451632