{"song_id": "1182284738816381008", "download": "https://cdn.discordapp.com/attachments/1135911532732108921/1182284738816381008/chirp.mp4?ex=65842377&amp", "lyrics": "\u0418\u0440\u0438\u043d\u0430 \u042e\u0440\u044c\u0435\u0432\u043d\u0430, \u0442\u0451\u0449\u0430 \u0434\u043e\u0440\u043e\u0433\u0430\u044f!\n\u0421 \u0414\u043d\u0451\u043c \u0420\u043e\u0436\u0434\u0435\u043d\u0438\u044f! \u0412\u0430\u0441 \u044f \u043f\u043e\u0437\u0434\u0440\u0430\u0432\u043b\u044f\u044e!\n\u041f\u0443\u0441\u0442\u044c \u0431\u043b\u0435\u0441\u0442\u044f\u0442 \u043e\u0442 \u0440\u0430\u0434\u043e\u0441\u0442\u0438 \u0433\u043b\u0430\u0437\u0430,\n\u041b\u0443\u0447\u0448\u0435\u0439 \u0442\u0451\u0449\u0438 \u0432 \u043c\u0438\u0440\u0435 \u043d\u0435 \u043d\u0430\u0439\u0442\u0438!\n\n\u0412\u0430\u043c \u0436\u0435\u043b\u0430\u044e \u043a\u0440\u0435\u043f\u043a\u043e\u0433\u043e \u0437\u0434\u043e\u0440\u043e\u0432\u044c\u044f,\n\u0414\u043e\u043b\u0433\u0438\u0445 \u043b\u0435\u0442, \u043d\u0435\u0443\u0442\u043e\u043c\u0438\u043c\u044b\u0445 \u0441\u0438\u043b.\n\u0427\u0442\u043e\u0431\u044b \u0436\u0438\u0437\u043d\u044c \u0431\u044b\u043b\u0430 \u0412\u0430\u0448\u0430 \u0441\u043f\u043e\u043a\u043e\u0439\u043d\u0430,\n\u0422\u043e\u043b\u044c\u043a\u043e \u043f\u0440\u0430\u0437\u0434\u043d\u0438\u043a \u0432 \u0434\u043e\u043c \u0412\u0430\u0448 \u0437\u0430\u0445\u043e\u0434\u0438\u043b.\n\n\u041d\u0430 \u0433\u043e\u0434\u0430 \u0412\u044b, \u0442\u0451\u0449\u0430, \u043d\u0435 \u0440\u043e\u043f\u0449\u0438\u0442\u0435,\n\u041d\u0435 \u0441\u0434\u0430\u0432\u0430\u0439\u0442\u0435\u0441\u044c \u0432 \u0438\u0445 \u0436\u0435\u0441\u0442\u043e\u043a\u0438\u0439 \u043f\u043b\u0435\u043d,\n\u0412 \u043a\u0430\u0436\u0434\u043e\u043c \u0434\u043d\u0435 \u043f\u0440\u0435\u043a\u0440\u0430\u0441\u043d\u043e\u0435 \u0438\u0449\u0438\u0442\u0435,\n\u041f\u0443\u0441\u0442\u044c \u043d\u0435 \u0431\u0443\u0434\u0435\u0442 \u0433\u043e\u0440\u044f \u0438 \u043f\u0440\u043e\u0431\u043b\u0435\u043c!\n\n\u041a\u0430\u0440\u0438\u043d\u0430 \u0438 \u0410\u0440\u0441\u0435\u043d\u0438\u0439 \u0412\u0430\u0441 \u0442\u043e\u0436\u0435 \u043f\u043e\u0437\u0434\u0440\u0430\u0432\u043b\u044f\u044e\u0442,\n\u0421\u0447\u0430\u0441\u0442\u044c\u044f, \u0440\u0430\u0434\u043e\u0441\u0442\u0438 \u0432 \u0436\u0438\u0437\u043d\u0438 \u0412\u0430\u043c \u0436\u0435\u043b\u0430\u044e\u0442.\n\n[Verse]\nIn the neon lights, we come alive\nMelodic piano takes us for a ride\nDisco fever, our spirits ignite\nGrooving to the rhythm, feeling oh so right\n\n[Chorus]\nDisco song, we dance all night long\nMelodic piano, playing its strong\nIn the groove, we're feeling so alive\nDisco song, let the music revive", "style": ["disco song lyric melodic piano"], "essentia_features": {"lowlevel.average_loudness": 0.9859344959259033, "lowlevel.barkbands_crest.mean": 9.357074737548828, "lowlevel.barkbands_crest.stdev": 4.40617036819458, "lowlevel.barkbands_flatness_db.mean": 0.1095166802406311, "lowlevel.barkbands_flatness_db.stdev": 0.03298141807317734, "lowlevel.barkbands_kurtosis.mean": 0.8262238502502441, "lowlevel.barkbands_kurtosis.stdev": 3.348076105117798, "lowlevel.barkbands_skewness.mean": 1.0951324701309204, "lowlevel.barkbands_skewness.stdev": 0.9557892680168152, "lowlevel.barkbands_spread.mean": 38.234893798828125, "lowlevel.barkbands_spread.stdev": 12.579423904418945, "lowlevel.dissonance.mean": 0.4902602732181549, "lowlevel.dissonance.stdev": 0.007814613170921803, "lowlevel.dynamic_complexity": 1.074601411819458, "lowlevel.erbbands_crest.mean": 7.813684940338135, "lowlevel.erbbands_crest.stdev": 2.985863208770752, "lowlevel.erbbands_flatness_db.mean": 0.14075914025306702, "lowlevel.erbbands_flatness_db.stdev": 0.023443136364221573, "lowlevel.erbbands_kurtosis.mean": 0.7489305734634399, "lowlevel.erbbands_kurtosis.stdev": 1.2679866552352905, "lowlevel.erbbands_skewness.mean": -0.61939537525177, "lowlevel.erbbands_skewness.stdev": 0.5128987431526184, "lowlevel.erbbands_spread.mean": 39.94712829589844, "lowlevel.erbbands_spread.stdev": 14.333319664001465, "lowlevel.hfc.mean": 39.45393371582031, "lowlevel.hfc.stdev": 18.645030975341797, "lowlevel.loudness_ebu128.integrated": -15.184146881103516, "lowlevel.loudness_ebu128.loudness_range": 0.30271053314208984, "lowlevel.loudness_ebu128.momentary.mean": -15.218847274780273, "lowlevel.loudness_ebu128.momentary.stdev": 0.5588994026184082, "lowlevel.loudness_ebu128.short_term.mean": -15.18278980255127, "lowlevel.loudness_ebu128.short_term.stdev": 0.10144735872745514, "lowlevel.melbands_crest.mean": 17.229917526245117, "lowlevel.melbands_crest.stdev": 7.00584077835083, "lowlevel.melbands_flatness_db.mean": 0.14975778758525848, "lowlevel.melbands_flatness_db.stdev": 0.049690671265125275, "lowlevel.melbands_kurtosis.mean": 10.900344848632812, "lowlevel.melbands_kurtosis.stdev": 15.112907409667969, "lowlevel.melbands_skewness.mean": 2.795574188232422, "lowlevel.melbands_skewness.stdev": 1.6737624406814575, "lowlevel.melbands_spread.mean": 38.49372100830078, "lowlevel.melbands_spread.stdev": 19.153545379638672, "lowlevel.pitch_salience.mean": 0.5409798622131348, "lowlevel.pitch_salience.stdev": 0.1239514946937561, "lowlevel.silence_rate_20dB.mean": 1.0, "lowlevel.silence_rate_20dB.stdev": 0.0, "lowlevel.silence_rate_30dB.mean": 0.9653784036636353, "lowlevel.silence_rate_30dB.stdev": 0.1828179657459259, "lowlevel.silence_rate_60dB.mean": 0.0016103059751912951, "lowlevel.silence_rate_60dB.stdev": 0.04009666293859482, "lowlevel.spectral_centroid.mean": 2115.81494140625, "lowlevel.spectral_centroid.stdev": 384.09423828125, "lowlevel.spectral_complexity.mean": 36.03542709350586, "lowlevel.spectral_complexity.stdev": 6.627081394195557, "lowlevel.spectral_decrease.mean": -1.0841626263413673e-08, "lowlevel.spectral_decrease.stdev": 8.156503916723068e-09, "lowlevel.spectral_energy.mean": 0.04449741169810295, "lowlevel.spectral_energy.stdev": 0.03151208534836769, "lowlevel.spectral_energyband_high.mean": 0.0025835258420556784, "lowlevel.spectral_energyband_high.stdev": 0.0022637443616986275, "lowlevel.spectral_energyband_low.mean": 0.02358626388013363, "lowlevel.spectral_energyband_low.stdev": 0.030603107064962387, "lowlevel.spectral_energyband_middle_high.mean": 0.009234707802534103, "lowlevel.spectral_energyband_middle_high.stdev": 0.004741557873785496, "lowlevel.spectral_energyband_middle_low.mean": 0.010415419936180115, "lowlevel.spectral_energyband_middle_low.stdev": 0.011591953225433826, "lowlevel.spectral_entropy.mean": 8.055094718933105, "lowlevel.spectral_entropy.stdev": 0.1570860594511032, "lowlevel.spectral_flux.mean": 0.13048155605793, "lowlevel.spectral_flux.stdev": 0.06660842150449753, "lowlevel.spectral_kurtosis.mean": 2.372001886367798, "lowlevel.spectral_kurtosis.stdev": 1.1011625528335571, "lowlevel.spectral_rms.mean": 0.006263240240514278, "lowlevel.spectral_rms.stdev": 0.0020454598125070333, "lowlevel.spectral_rolloff.mean": 2332.264404296875, "lowlevel.spectral_rolloff.stdev": 1492.162841796875, "lowlevel.spectral_skewness.mean": 1.126665472984314, "lowlevel.spectral_skewness.stdev": 0.20962488651275635, "lowlevel.spectral_spread.mean": 4748370.0, "lowlevel.spectral_spread.stdev": 874044.9375, "lowlevel.spectral_strongpeak.mean": 0.5623487234115601, "lowlevel.spectral_strongpeak.stdev": 0.6388303637504578, "lowlevel.zerocrossingrate.mean": 0.08271374553442001, "lowlevel.zerocrossingrate.stdev": 0.031196294352412224, "metadata.audio_properties.analysis.equal_loudness": 0.0, "metadata.audio_properties.analysis.length": 28.799978256225586, "metadata.audio_properties.analysis.sample_rate": 44100.0, "metadata.audio_properties.analysis.start_time": 0.0, "metadata.audio_properties.bit_rate": 123404.0, "metadata.audio_properties.length": 28.799999237060547, "metadata.audio_properties.lossless": 0.0, "metadata.audio_properties.number_channels": 1.0, "metadata.audio_properties.replay_gain": -10.14681625366211, "metadata.audio_properties.sample_rate": 48000.0, "rhythm.beats_count": 57.0, "rhythm.beats_loudness.mean": 0.03977386653423309, "rhythm.beats_loudness.stdev": 0.030176866799592972, "rhythm.bpm": 119.55583953857422, "rhythm.bpm_histogram_first_peak_bpm": 120.0, "rhythm.bpm_histogram_first_peak_weight": 0.3035714030265808, "rhythm.bpm_histogram_second_peak_bpm": 0.0, "rhythm.bpm_histogram_second_peak_spread": 0.0, "rhythm.bpm_histogram_second_peak_weight": 0.0, "rhythm.danceability": 2.077636241912842, "rhythm.onset_rate": 4.580794334411621, "tonal.chords_changes_rate": 0.10450160503387451, "tonal.chords_number_rate": 0.00803858507424593, "tonal.chords_strength.mean": 0.393037348985672, "tonal.chords_strength.stdev": 0.05982738733291626, "tonal.hpcp_crest.mean": 9.736379623413086, "tonal.hpcp_crest.stdev": 4.845564842224121, "tonal.hpcp_entropy.mean": 2.758310317993164, "tonal.hpcp_entropy.stdev": 0.6777373552322388, "tonal.key_edma.strength": 0.5675612092018127, "tonal.key_krumhansl.strength": 0.5801967978477478, "tonal.key_temperley.strength": 0.5951945185661316, "tonal.tuning_diatonic_strength": 0.3974270522594452, "tonal.tuning_equal_tempered_deviation": 0.32147669792175293, "tonal.tuning_frequency": 434.193115234375, "tonal.tuning_nontempered_energy_ratio": 0.9303344488143921, "lowlevel.barkbands.mean": [0.0028578010387718678, 0.013958060182631016, 0.005509026814252138, 0.0039103371091187, 0.0026243485044687986, 0.002043126616626978, 0.0008338898769579828, 0.0004304667527321726, 0.0004761903255712241, 0.00031278375536203384, 0.0010109920985996723, 0.001054874388501048, 0.000983359757810831, 0.0005748563562519848, 0.0004884845111519098, 0.001109610078856349, 0.002264750888571143, 0.0006222901283763349, 0.0005762006039731205, 0.0005669294623658061, 0.0005634892731904984, 0.000715052941814065, 0.00038999374373815954, 0.00036784165422432125, 0.0002167427446693182, 3.5779437894234434e-05, 1.4838390427485137e-07], "lowlevel.barkbands.stdev": [0.004480003844946623, 0.02572561800479889, 0.005808680318295956, 0.0034552423749119043, 0.006495489273220301, 0.003654813626781106, 0.0012971704127267003, 0.0005695535219274461, 0.0008382694213651121, 0.0005448944866657257, 0.0023123801220208406, 0.0014740483602508903, 0.0011893610935658216, 0.0006195023306645453, 0.0004682509752456099, 0.0010796976275742054, 0.0014799690106883645, 0.0004605886642821133, 0.00030939705902710557, 0.0004070993163622916, 0.0004806900105904788, 0.0008176816627383232, 0.0004524740797933191, 0.00039924861630424857, 0.0002484522119630128, 5.4966654715826735e-05, 6.744069764863525e-07], "lowlevel.erbbands.mean": [0.6818022131919861, 2.0643789768218994, 4.999358177185059, 10.704483032226562, 14.177908897399902, 5.912085056304932, 10.536699295043945, 17.586565017700195, 11.515989303588867, 13.378697395324707, 8.308557510375977, 11.067455291748047, 9.153762817382812, 19.695449829101562, 46.70073318481445, 42.09454345703125, 45.66068649291992, 31.023456573486328, 29.747426986694336, 28.412391662597656, 86.1773681640625, 127.31036376953125, 41.74394226074219, 32.18937301635742, 26.06941032409668, 26.544532775878906, 24.088777542114258, 23.168855667114258, 26.95375633239746, 17.136560440063477, 10.126020431518555, 7.231611251831055, 6.348052024841309, 3.376005172729492, 1.0432724952697754, 0.2912639081478119, 0.033916424959897995, 0.002085733925923705, 9.42357728490606e-05, 6.23613887000829e-05], "lowlevel.erbbands.stdev": [1.1906704902648926, 4.589466094970703, 6.884359836578369, 7.811158180236816, 23.520448684692383, 17.642772674560547, 23.095579147338867, 31.952762603759766, 19.289962768554688, 16.62262725830078, 11.852684020996094, 18.969703674316406, 14.414344787597656, 41.29561233520508, 92.26659393310547, 53.54784393310547, 53.190834045410156, 32.810325622558594, 27.62948989868164, 24.91278076171875, 72.17329406738281, 82.94865417480469, 28.230558395385742, 17.42519760131836, 14.750545501708984, 18.088558197021484, 20.017791748046875, 21.23552131652832, 29.9150447845459, 20.546154022216797, 11.426180839538574, 7.824028015136719, 7.197835445404053, 3.9290051460266113, 1.2146660089492798, 0.41091063618659973, 0.06580987572669983, 0.004596542101353407, 0.00011676038411678746, 3.904108962160535e-05], "lowlevel.gfcc.mean": [53.94886779785156, 63.26587677001953, -133.51443481445312, 64.10478973388672, -56.789642333984375, 30.09713363647461, -48.46653366088867, 10.168347358703613, -27.168540954589844, -0.5112752914428711, -15.902101516723633, -2.3273539543151855, -12.920090675354004], "lowlevel.melbands.mean": [0.004882522858679295, 0.0026057707145810127, 0.0020582047291100025, 0.0006839006091468036, 0.00033237269963137805, 0.00038877662154845893, 0.00017586234025657177, 0.00013747316552326083, 6.908686191309243e-05, 6.80596349411644e-05, 4.347749563748948e-05, 7.073279994074255e-05, 0.0001507624110672623, 0.00012795654765795916, 0.00010122798994416371, 9.329809108749032e-05, 5.2785857405979186e-05, 4.968624853063375e-05, 3.549073517206125e-05, 4.220187111059204e-05, 0.00011919707321794704, 0.00014924952120054513, 5.935017179581337e-05, 2.5291448764619417e-05, 2.630939707159996e-05, 2.0129253243794665e-05, 1.835274997574743e-05, 1.7279873645748012e-05, 1.5282692402251996e-05, 1.3650055734615307e-05, 1.3373187357501592e-05, 1.6576941561652347e-05, 1.2013974810543004e-05, 8.592712219979148e-06, 6.129081612016307e-06, 4.436611106939381e-06, 4.446621915121796e-06, 4.608227300195722e-06, 3.791854396695271e-06, 2.54117367148865e-06], "lowlevel.melbands.stdev": [0.008527614176273346, 0.004015811253339052, 0.0016163095133379102, 0.0015714155742898583, 0.0007044799858704209, 0.0006856299005448818, 0.0002865212154574692, 0.0001664897135924548, 0.00011308577086310834, 0.00011596694821491838, 7.053260924294591e-05, 0.0001521653903182596, 0.0003296099021099508, 0.00019924750085920095, 0.00012359602260403335, 0.00010991576709784567, 6.0388123529264703e-05, 4.890594209427945e-05, 3.450585063546896e-05, 4.134184564463794e-05, 0.00010330551594961435, 0.0001011994099826552, 4.349688606453128e-05, 1.7981039491132833e-05, 1.5106880709936377e-05, 1.2677237464231439e-05, 1.2405144843796734e-05, 1.2746731954393908e-05, 1.2991174116905313e-05, 1.333367072220426e-05, 1.2763560334860813e-05, 1.9096572941634804e-05, 1.5613164578098804e-05, 1.0693915101001039e-05, 7.182345598266693e-06, 5.222928393777693e-06, 4.822638402401935e-06, 5.292903551890049e-06, 4.464216999622295e-06, 3.0620215056842426e-06], "lowlevel.melbands128.mean": [0.002476974157616496, 0.006633995100855827, 0.005299287382513285, 0.0027270156424492598, 0.0021212000865489244, 0.002985784551128745, 0.0020830626599490643, 0.0021360849495977163, 0.0015121661126613617, 0.0004974263138137758, 0.0002379086217842996, 0.00020943344861734658, 0.00032760188332758844, 0.000524364470038563, 0.0004806681245099753, 0.00026597623946145177, 0.0001828648819355294, 0.00014935724902898073, 0.00018519001605454832, 0.00015579297905787826, 0.0001230494526680559, 5.436685751192272e-05, 5.782447260571644e-05, 8.746163075556979e-05, 7.691005157539621e-05, 6.273424514802173e-05, 4.325695408624597e-05, 4.5659002353204414e-05, 3.5547993320506066e-05, 4.63477372250054e-05, 7.075500616338104e-05, 0.00014347967226058245, 0.00015194638399407268, 0.00017315105651505291, 0.00013662857236340642, 0.0001196080120280385, 0.00010162605030927807, 9.637416951591149e-05, 9.954655251931399e-05, 0.00011513480421854183, 9.547919762553647e-05, 5.90147428738419e-05, 4.730137516162358e-05, 5.407685966929421e-05, 5.239620077190921e-05, 5.1291957788635045e-05, 4.251075006322935e-05, 3.483070759102702e-05, 3.1576673791278154e-05, 3.646248296718113e-05, 3.6514666135190055e-05, 5.277910167933442e-05, 0.00010362676403019577, 0.00013791247329209, 0.00017368971020914614, 0.000160293624503538, 0.00013837250298820436, 5.761681677540764e-05, 4.251992140780203e-05, 2.975223833345808e-05, 2.1610647308989428e-05, 2.3946391593199223e-05, 2.760585630312562e-05, 2.7551410312298685e-05, 2.3419132048729807e-05, 2.1217480025370605e-05, 1.6616600987617858e-05, 1.6745139873819426e-05, 1.9327917470945977e-05, 2.0805306121474132e-05, 1.5739011359983124e-05, 1.645115844439715e-05, 1.6953030353761278e-05, 1.4828321582172066e-05, 1.369787787552923e-05, 1.4653766811534297e-05, 1.266651634068694e-05, 1.2967122529516928e-05, 1.196586435980862e-05, 1.495435481047025e-05, 1.9847628209390678e-05, 1.5519668522756547e-05, 1.355233780486742e-05, 1.2654875717998948e-05, 9.515511010249611e-06, 9.23868083191337e-06, 8.189452273654751e-06, 7.572138656541938e-06, 6.093075171520468e-06, 5.070995030109771e-06, 4.613066721503856e-06, 4.288406216801377e-06, 4.063972937728977e-06, 4.346387413534103e-06, 4.703262220573379e-06, 4.843710030399961e-06, 4.328822342358762e-06, 4.8565307224635035e-06, 3.7355237054725876e-06, 3.3219755550817354e-06, 3.2764928619144484e-06, 2.2502965748572024e-06, 1.9788669760600897e-06, 1.4538310324496706e-06, 1.0418449392091134e-06, 7.909938517514092e-07, 7.337054626077588e-07, 7.872906735428842e-07, 4.447732067092147e-07, 3.0703202469339885e-07, 2.0502341158135096e-07, 9.391950328563325e-08, 7.551337688482818e-08, 4.923261442968396e-08, 2.6204311609490105e-08, 1.2859659115349587e-08, 6.013654019199066e-09, 4.364457961703039e-10, 5.462361032243512e-12, 5.278417026383098e-12, 5.132983881689368e-12, 5.017507676702282e-12, 4.89960199148709e-12, 4.801956575428701e-12, 4.686237509154978e-12, 4.5416157813671365e-12, 4.455638549089036e-12, 4.422946384141646e-12], "lowlevel.melbands128.stdev": [0.004059925675392151, 0.011536476202309132, 0.010868950746953487, 0.006881043314933777, 0.00419898284599185, 0.002764898119494319, 0.0017240531742572784, 0.0021122859325259924, 0.0028406272176653147, 0.0018791245529428124, 0.0008192496607080102, 0.000528598902747035, 0.000907127745449543, 0.0011352215660735965, 0.0009911435190588236, 0.0005650037783198059, 0.00038014183519408107, 0.0003081898030359298, 0.0003039531584363431, 0.00021808054589200765, 0.00017256394494324923, 9.349764877697453e-05, 0.00012445326137822121, 0.00022952737344894558, 0.00015328382141888142, 0.000123799400171265, 9.086555655812845e-05, 8.848909055814147e-05, 6.731315806973726e-05, 0.000109466454887297, 0.0001656130625633523, 0.0004336054844316095, 0.000444420293206349, 0.0004251094942446798, 0.0002680419711396098, 0.0002482542477082461, 0.00014844171528238803, 0.00013574270997196436, 0.00017582291911821812, 0.00016147374117281288, 0.0001344123447779566, 8.06388197815977e-05, 6.770477921236306e-05, 8.15664097899571e-05, 6.018578278599307e-05, 6.398906407412142e-05, 5.238673111307435e-05, 3.914141416316852e-05, 4.031546995975077e-05, 4.189718310954049e-05, 4.163900302955881e-05, 7.282245496753603e-05, 0.00012776719813700765, 0.00013612525071948767, 0.00016489731206092983, 0.00013431350816972554, 0.0001236253883689642, 5.3262116125551984e-05, 4.711500514531508e-05, 3.02947864838643e-05, 1.915776556415949e-05, 1.9818562577711418e-05, 2.1929039576207288e-05, 1.9284892914583907e-05, 1.938710738613736e-05, 1.884071753011085e-05, 1.2032365702907555e-05, 1.3730395949096419e-05, 1.7500957255833782e-05, 1.7710222891764715e-05, 1.3599836165667512e-05, 1.5593821444781497e-05, 1.8472417650627904e-05, 1.4318140529212542e-05, 1.4388462659553625e-05, 1.592922126292251e-05, 1.6404761481680907e-05, 1.4180392099660821e-05, 1.1965652447543107e-05, 1.9162329408572987e-05, 2.8217004000907764e-05, 1.7978316463995725e-05, 1.9082553990301676e-05, 1.955589686986059e-05, 1.3081914403301198e-05, 1.234940100403037e-05, 1.2630717719730455e-05, 1.0131167982763145e-05, 7.485939477192005e-06, 6.280996785790194e-06, 6.150983153929701e-06, 5.628382041322766e-06, 5.13212262376328e-06, 5.366726782085607e-06, 5.2472655625024345e-06, 5.889070052944589e-06, 5.6649159887456335e-06, 6.300190307229059e-06, 4.832474132854259e-06, 4.065789198648417e-06, 4.2708570617833175e-06, 2.9348166208365e-06, 2.592259306766209e-06, 1.8243534896100755e-06, 1.4248596471588826e-06, 1.0616689678499824e-06, 1.0385239193055895e-06, 1.0593171282380354e-06, 7.33368494820752e-07, 7.916421509435168e-07, 4.6858684754624846e-07, 2.0574925940763933e-07, 2.206322875508704e-07, 1.757579894956507e-07, 7.506682209168503e-08, 5.072748265888549e-08, 2.666870990708503e-08, 2.4550697030889523e-09, 7.609145952214291e-12, 7.375638294560005e-12, 7.177684661907602e-12, 7.011149039809483e-12, 6.856432522434064e-12, 6.726963170528011e-12, 6.6233277543070734e-12, 6.5396971692111006e-12, 6.478622326111516e-12, 6.441393425593578e-12], "lowlevel.mfcc.mean": [-573.3947143554688, 75.0068359375, -5.1343674659729, 29.78536605834961, 17.79753303527832, 14.402334213256836, 2.078153610229492, 5.3039655685424805, 0.6026964783668518, -9.145899772644043, -0.21117979288101196, 8.404304504394531, 2.6196298599243164], "lowlevel.spectral_contrast_coeffs.mean": [-0.658582866191864, -0.7840995788574219, -0.8035357594490051, -0.8042023181915283, -0.7908106446266174, -0.7440111041069031], "lowlevel.spectral_contrast_coeffs.stdev": [0.07635226100683212, 0.058863114565610886, 0.0452718585729599, 0.03219899535179138, 0.023193512111902237, 0.025232059881091118], "lowlevel.spectral_contrast_valleys.mean": [-6.663858890533447, -6.58728551864624, -6.890827655792236, -6.681753158569336, -6.440886974334717, -9.032280921936035], "lowlevel.spectral_contrast_valleys.stdev": [0.6625850796699524, 0.4947586953639984, 0.5300166010856628, 0.37242504954338074, 0.30662739276885986, 0.4924464821815491], "rhythm.beats_loudness_band_ratio.mean": [0.4439849257469177, 0.11409170925617218, 0.06232186034321785, 0.12120838463306427, 0.1811009794473648, 0.1255340427160263], "rhythm.beats_loudness_band_ratio.stdev": [0.2349090427160263, 0.09993939101696014, 0.04296973720192909, 0.11054106056690216, 0.09577342122793198, 0.07915414869785309], "tonal.hpcp.mean": [0.05660131201148033, 0.05185503885149956, 0.06344450265169144, 0.10921906679868698, 0.14253544807434082, 0.11281602829694748, 0.08200392127037048, 0.08650334179401398, 0.15808844566345215, 0.35454368591308594, 0.3500724732875824, 0.1504402458667755, 0.07819069176912308, 0.08301609009504318, 0.10228050500154495, 0.1142592579126358, 0.14156772196292877, 0.15520301461219788, 0.14722523093223572, 0.17587777972221375, 0.1796109676361084, 0.1330946534872055, 0.11177723109722137, 0.1442049890756607, 0.3148099184036255, 0.3437782824039459, 0.17793847620487213, 0.10889478027820587, 0.09138448536396027, 0.06849294155836105, 0.06294021010398865, 0.07162623107433319, 0.05978063493967056, 0.05407119169831276, 0.05639849603176117, 0.05875387415289879], "tonal.hpcp.stdev": [0.1333681344985962, 0.13906453549861908, 0.1541934609413147, 0.21251092851161957, 0.2597414255142212, 0.21166400611400604, 0.18133659660816193, 0.19001230597496033, 0.2463047057390213, 0.36390143632888794, 0.3574025630950928, 0.21361756324768066, 0.13881535828113556, 0.1236439123749733, 0.1435154527425766, 0.17847266793251038, 0.2072714865207672, 0.2174878716468811, 0.2105352133512497, 0.24253320693969727, 0.24234679341316223, 0.21913643181324005, 0.1915939599275589, 0.20831657946109772, 0.3196282982826233, 0.33863717317581177, 0.2463618516921997, 0.23011411726474762, 0.21884320676326752, 0.1612343192100525, 0.14136210083961487, 0.14653046429157257, 0.11187075823545456, 0.1225016713142395, 0.13526283204555511, 0.13149304687976837], "rhythm.beats_position": [0.4992290139198303, 0.9984580278396606, 1.5092970132827759, 2.008526086807251, 2.5077550411224365, 3.0185940265655518, 3.5178229808807373, 4.017052173614502, 4.5162811279296875, 5.015510082244873, 5.526349067687988, 6.013967990875244, 6.524806976318359, 7.035645961761475, 7.53487491607666, 8.034104347229004, 8.533332824707031, 9.032562255859375, 9.531790733337402, 10.031020164489746, 10.53024959564209, 11.029478073120117, 11.54031753540039, 12.051156044006348, 12.550385475158691, 13.049613952636719, 13.548843383789062, 14.04807186126709, 14.547301292419434, 15.046530723571777, 15.545759201049805, 16.04498863220215, 16.555828094482422, 17.055055618286133, 17.554285049438477, 18.06512451171875, 18.564353942871094, 19.063581466674805, 19.574420928955078, 20.073650360107422, 20.572879791259766, 21.07210922241211, 21.57133674621582, 22.082176208496094, 22.581405639648438, 23.08063507080078, 23.579862594604492, 24.079092025756836, 24.57832145690918, 25.077550888061523, 25.565170288085938, 26.076007843017578, 26.575237274169922, 27.074466705322266, 27.58530616760254, 28.09614372253418, 28.606983184814453], "rhythm.bpm_histogram": [0.0, 0.0, 0.0, 0.0, 0.0, 0.0, 0.0, 0.0, 0.0, 0.0, 0.0, 0.0, 0.0, 0.0, 0.0, 0.0, 0.0, 0.0, 0.0, 0.0, 0.0, 0.0, 0.0, 0.0, 0.0, 0.0, 0.0, 0.0, 0.0, 0.0, 0.0, 0.0, 0.0, 0.0, 0.0, 0.0, 0.0, 0.0, 0.0, 0.0, 0.0, 0.0, 0.0, 0.0, 0.0, 0.0, 0.0, 0.0, 0.0, 0.0, 0.0, 0.0, 0.0, 0.0, 0.0, 0.0, 0.0, 0.0, 0.0, 0.0, 0.0, 0.0, 0.0, 0.0, 0.0, 0.0, 0.0, 0.0, 0.0, 0.0, 0.0, 0.0, 0.0, 0.0, 0.0, 0.0, 0.0, 0.0, 0.0, 0.0, 0.0, 0.0, 0.0, 0.0, 0.0, 0.0, 0.0, 0.0, 0.0, 0.0, 0.0, 0.0, 0.0, 0.0, 0.0, 0.0, 0.0, 0.0, 0.0, 0.0, 0.0, 0.0, 0.0, 0.0, 0.0, 0.0, 0.0, 0.0, 0.0, 0.0, 0.0, 0.0, 0.0, 0.0, 0.0, 0.0, 0.0, 0.2678571343421936, 0.0, 0.0, 0.6964285969734192, 0.0, 0.0, 0.0357142873108387, 0.0, 0.0, 0.0, 0.0, 0.0, 0.0, 0.0, 0.0, 0.0, 0.0, 0.0, 0.0, 0.0, 0.0, 0.0, 0.0, 0.0, 0.0, 0.0, 0.0, 0.0, 0.0, 0.0, 0.0, 0.0, 0.0, 0.0, 0.0, 0.0, 0.0, 0.0, 0.0, 0.0, 0.0, 0.0, 0.0, 0.0, 0.0, 0.0, 0.0, 0.0, 0.0, 0.0, 0.0, 0.0, 0.0, 0.0, 0.0, 0.0, 0.0, 0.0, 0.0, 0.0, 0.0, 0.0, 0.0, 0.0, 0.0, 0.0, 0.0, 0.0, 0.0, 0.0, 0.0, 0.0, 0.0, 0.0, 0.0, 0.0, 0.0, 0.0, 0.0, 0.0, 0.0, 0.0, 0.0, 0.0, 0.0, 0.0, 0.0, 0.0, 0.0, 0.0, 0.0, 0.0, 0.0, 0.0, 0.0, 0.0, 0.0, 0.0, 0.0, 0.0, 0.0, 0.0, 0.0, 0.0, 0.0, 0.0, 0.0, 0.0, 0.0, 0.0, 0.0, 0.0, 0.0, 0.0, 0.0, 0.0, 0.0, 0.0, 0.0, 0.0, 0.0, 0.0, 0.0, 0.0, 0.0, 0.0, 0.0, 0.0, 0.0, 0.0, 0.0, 0.0, 0.0], "tonal.chords_histogram": [2.4115755558013916, 0.0, 0.0, 0.0, 0.0, 0.0, 0.0, 0.0, 0.0, 0.0, 0.0, 0.0, 0.0, 0.0, 0.0, 0.0, 0.0, 10.128617286682129, 36.17363357543945, 22.347267150878906, 0.0, 0.0, 28.938907623291016, 0.0], "tonal.thpcp": [1.0, 0.9873888492584229, 0.4243207573890686, 0.2205389440059662, 0.23414911329746246, 0.2884849011898041, 0.32227131724357605, 0.3992955684661865, 0.4377542734146118, 0.4152527153491974, 0.49606800079345703, 0.5065975785255432, 0.37539705634117126, 0.31527069211006165, 0.40673404932022095, 0.8879298567771912, 0.9696359038352966, 0.5018802285194397, 0.30714064836502075, 0.257752388715744, 0.1931861788034439, 0.17752455174922943, 0.2020237147808075, 0.16861288249492645, 0.15250925719738007, 0.15907347202301025, 0.16571688652038574, 0.15964552760124207, 0.14625853300094604, 0.17894692718982697, 0.3080553114414215, 0.4020250737667084, 0.31820064783096313, 0.23129425942897797, 0.24398499727249146, 0.44589272141456604], "lowlevel.gfcc.cov": [[1151.6741943359375, -48.99635314941406, 186.60903930664062, 23.68852996826172, -47.130348205566406, 8.15964412689209, -25.82341957092285, -24.32929039001465, -22.510149002075195, 13.357423782348633, -38.73263931274414, 72.12174224853516, -11.646299362182617], [-48.99635314941406, 444.8907775878906, -118.66622161865234, -25.371065139770508, 97.74828338623047, -3.8444840908050537, 117.85081481933594, 39.68289566040039, 94.69032287597656, 15.035734176635742, 103.84182739257812, 19.984216690063477, 111.6701889038086], [186.60903930664062, -118.66622161865234, 336.8123474121094, 183.9456329345703, 82.95478820800781, 39.46748733520508, 19.817258834838867, 31.84542465209961, 45.512115478515625, 99.16280364990234, 47.128971099853516, 83.97423553466797, 12.11815357208252], [23.68852996826172, -25.371065139770508, 183.9456329345703, 239.4527587890625, 141.5472412109375, 63.79778289794922, 42.97062683105469, 46.36899185180664, 86.52696990966797, 82.79487609863281, 68.89691162109375, 27.402334213256836, 26.570730209350586], [-47.130348205566406, 97.74828338623047, 82.95478820800781, 141.5472412109375, 226.4352569580078, 107.62957000732422, 125.98236083984375, 92.54998016357422, 115.10643005371094, 89.00706481933594, 84.19464111328125, 32.415985107421875, 52.6429328918457], [8.15964412689209, -3.8444840908050537, 39.46748733520508, 63.79778289794922, 107.62957000732422, 168.3583984375, 156.575927734375, 93.57909393310547, 51.76807403564453, 20.237110137939453, 29.788307189941406, -0.4383375346660614, 22.015159606933594], [-25.82341957092285, 117.85081481933594, 19.817258834838867, 42.97062683105469, 125.98236083984375, 156.575927734375, 262.37908935546875, 136.9368896484375, 84.31771850585938, 16.217361450195312, 42.14487075805664, 20.389415740966797, 52.61686706542969], [-24.32929039001465, 39.68289566040039, 31.84542465209961, 46.36899185180664, 92.54998016357422, 93.57909393310547, 136.9368896484375, 125.82640075683594, 84.6765365600586, 32.832916259765625, 34.32978057861328, 14.579170227050781, 33.96373748779297], [-22.510149002075195, 94.69032287597656, 45.512115478515625, 86.52696990966797, 115.10643005371094, 51.76807403564453, 84.31771850585938, 84.6765365600586, 134.36593627929688, 85.2521743774414, 71.53485870361328, 20.763151168823242, 44.31843566894531], [13.357423782348633, 15.035734176635742, 99.16280364990234, 82.79487609863281, 89.00706481933594, 20.237110137939453, 16.217361450195312, 32.832916259765625, 85.2521743774414, 120.5756607055664, 80.19490814208984, 40.64625930786133, 18.70218276977539], [-38.73263931274414, 103.84182739257812, 47.128971099853516, 68.89691162109375, 84.19464111328125, 29.788307189941406, 42.14487075805664, 34.32978057861328, 71.53485870361328, 80.19490814208984, 123.06790161132812, 60.853973388671875, 58.19987487792969], [72.12174224853516, 19.984216690063477, 83.97423553466797, 27.402334213256836, 32.415985107421875, -0.4383375346660614, 20.389415740966797, 14.579170227050781, 20.763151168823242, 40.64625930786133, 60.853973388671875, 99.66858673095703, 54.18644332885742], [-11.646299362182617, 111.6701889038086, 12.11815357208252, 26.570730209350586, 52.6429328918457, 22.015159606933594, 52.61686706542969, 33.96373748779297, 44.31843566894531, 18.70218276977539, 58.19987487792969, 54.18644332885742, 93.51222229003906]], "lowlevel.gfcc.icov": [[0.0012939911102876067, -0.0015232423320412636, -0.0005076893139630556, -0.0005604341858997941, 0.0013390996027737856, -0.0023367898538708687, 0.001343470998108387, -0.00015512215031776577, -9.398729162057862e-05, -0.00099262036383152, 0.002877301536500454, -0.0028407350182533264, 0.0014002940151840448], [-0.0015232423320412636, 0.011974453926086426, -0.000499169051181525, 0.006109115667641163, -0.006981442682445049, 0.011887643486261368, -0.009262134321033955, 0.007424677722156048, -0.006872402969747782, 0.00902965571731329, -0.014344765804708004, 0.012033045291900635, -0.009107674472033978], [-0.0005076893139630556, -0.000499169051181525, 0.01138378120958805, -0.009432964026927948, 0.002999423071742058, -0.0011529256589710712, -0.00041693157982081175, -0.0028461890760809183, 0.005585283972322941, -0.009861711412668228, 0.0074259745888412, -0.009737067855894566, 0.0019349229987710714], [-0.0005604341858997941, 0.006109115667641163, -0.009432964026927948, 0.018208464607596397, -0.009729547426104546, 0.004443086218088865, -0.0019323724554851651, 0.006862919311970472, -0.010249034501612186, 0.012058805674314499, -0.013525111600756645, 0.012809420935809612, -0.0048497989773750305], [0.0013390996027737856, -0.006981442682445049, 0.002999423071742058, -0.009729547426104546, 0.018097152933478355, -0.010805853642523289, 0.0031516931485384703, -0.004398563876748085, 0.0019963623490184546, -0.01152708102017641, 0.010309240780770779, -0.009168016724288464, 0.0033155528362840414], [-0.0023367898538708687, 0.011887643486261368, -0.0011529256589710712, 0.004443086218088865, -0.010805853642523289, 0.030532412230968475, -0.0173354335129261, 0.0008021153626032174, 0.0013589849695563316, 0.007618651259690523, -0.017685625702142715, 0.018504073843359947, -0.00912509486079216], [0.001343470998108387, -0.009262134321033955, -0.00041693157982081175, -0.0019323724554851651, 0.0031516931485384703, -0.0173354335129261, 0.021437400951981544, -0.01282945554703474, 0.0018562022596597672, -0.0013672044733539224, 0.010161708109080791, -0.011343504302203655, 0.006377806421369314], [-0.00015512215031776577, 0.007424677722156048, -0.0028461890760809183, 0.006862919311970472, -0.004398563876748085, 0.0008021153626032174, -0.01282945554703474, 0.034644484519958496, -0.02225400321185589, 0.01108768954873085, -0.005971680860966444, 0.003942216746509075, -0.003782016457989812], [-9.398729162057862e-05, -0.006872402969747782, 0.005585283972322941, -0.010249034501612186, 0.0019963623490184546, 0.0013589849695563316, 0.0018562022596597672, -0.02225400321185589, 0.04197385534644127, -0.0274545606225729, 0.007932486943900585, 0.0017904554260894656, -0.0043984162621200085], [-0.00099262036383152, 0.00902965571731329, -0.009861711412668228, 0.012058805674314499, -0.01152708102017641, 0.007618651259690523, -0.0013672044733539224, 0.01108768954873085, -0.0274545606225729, 0.04593190178275108, -0.027492718771100044, 0.007371097337454557, 0.005047665908932686], [0.002877301536500454, -0.014344765804708004, 0.0074259745888412, -0.013525111600756645, 0.010309240780770779, -0.017685625702142715, 0.010161708109080791, -0.005971680860966444, 0.007932486943900585, -0.027492718771100044, 0.04613824561238289, -0.02712223306298256, 0.003920320887118578], [-0.0028407350182533264, 0.012033045291900635, -0.009737067855894566, 0.012809420935809612, -0.009168016724288464, 0.018504073843359947, -0.011343504302203655, 0.003942216746509075, 0.0017904554260894656, 0.007371097337454557, -0.02712223306298256, 0.04467342421412468, -0.022674445062875748], [0.0014002940151840448, -0.009107674472033978, 0.0019349229987710714, -0.0048497989773750305, 0.0033155528362840414, -0.00912509486079216, 0.006377806421369314, -0.003782016457989812, -0.0043984162621200085, 0.005047665908932686, 0.003920320887118578, -0.022674445062875748, 0.03271245211362839]], "lowlevel.mfcc.cov": [[973.4129638671875, -11.471078872680664, 110.46298217773438, -5.0383195877075195, -46.344322204589844, 6.97580623626709, -49.080543518066406, 2.3240389823913574, -26.394372940063477, -33.378501892089844, -33.485626220703125, -52.968994140625, -13.901435852050781], [-11.471078872680664, 387.2061767578125, -138.58981323242188, -13.597026824951172, -34.06742858886719, -16.012096405029297, 32.73491668701172, 25.41803741455078, 46.96586990356445, -0.7603012919425964, 11.852273941040039, 38.14234924316406, 38.46380615234375], [110.46298217773438, -138.58981323242188, 236.18304443359375, 102.2989273071289, 48.73602294921875, 37.78543472290039, -4.561225414276123, -3.2692911624908447, -25.092985153198242, 12.721661567687988, 13.328962326049805, -0.6798790097236633, 18.435649871826172], [-5.0383195877075195, -13.597026824951172, 102.2989273071289, 194.2310333251953, 118.35606384277344, 55.90449905395508, 3.679443120956421, -6.177436351776123, 11.243162155151367, 37.864715576171875, 52.9382438659668, 46.68013000488281, 39.715938568115234], [-46.344322204589844, -34.06742858886719, 48.73602294921875, 118.35606384277344, 161.0391387939453, 60.73267364501953, 7.141689777374268, -17.604089736938477, 8.99954891204834, 46.75467300415039, 54.56904602050781, 49.967220306396484, 32.09877395629883], [6.97580623626709, -16.012096405029297, 37.78543472290039, 55.90449905395508, 60.73267364501953, 101.89144134521484, 72.69905853271484, 41.20005416870117, 41.0421142578125, 47.33296585083008, 45.80984878540039, 36.841041564941406, 27.476228713989258], [-49.080543518066406, 32.73491668701172, -4.561225414276123, 3.679443120956421, 7.141689777374268, 72.69905853271484, 148.86155700683594, 110.60413360595703, 79.91134643554688, 48.24831008911133, 36.00029754638672, 39.71541213989258, 32.84361267089844], [2.3240389823913574, 25.41803741455078, -3.2692911624908447, -6.177436351776123, -17.604089736938477, 41.20005416870117, 110.60413360595703, 144.6314239501953, 98.71434020996094, 44.84783172607422, 18.535598754882812, 21.991113662719727, 25.078903198242188], [-26.394372940063477, 46.96586990356445, -25.092985153198242, 11.243162155151367, 8.99954891204834, 41.0421142578125, 79.91134643554688, 98.71434020996094, 124.67216491699219, 74.27289581298828, 39.72966766357422, 28.653316497802734, 17.92745590209961], [-33.378501892089844, -0.7603012919425964, 12.721661567687988, 37.864715576171875, 46.75467300415039, 47.33296585083008, 48.24831008911133, 44.84783172607422, 74.27289581298828, 100.11382293701172, 69.10098266601562, 40.2430419921875, 17.078168869018555], [-33.485626220703125, 11.852273941040039, 13.328962326049805, 52.9382438659668, 54.56904602050781, 45.80984878540039, 36.00029754638672, 18.535598754882812, 39.72966766357422, 69.10098266601562, 93.26591491699219, 61.225399017333984, 29.584083557128906], [-52.968994140625, 38.14234924316406, -0.6798790097236633, 46.68013000488281, 49.967220306396484, 36.841041564941406, 39.71541213989258, 21.991113662719727, 28.653316497802734, 40.2430419921875, 61.225399017333984, 83.2249755859375, 49.673370361328125], [-13.901435852050781, 38.46380615234375, 18.435649871826172, 39.715938568115234, 32.09877395629883, 27.476228713989258, 32.84361267089844, 25.078903198242188, 17.92745590209961, 17.078168869018555, 29.584083557128906, 49.673370361328125, 68.47251892089844]], "lowlevel.mfcc.icov": [[0.001263441750779748, -0.0004036261234432459, -0.0008351389551535249, 0.000394773727748543, 0.0003223189269192517, -0.0012386295711621642, 0.0014764033257961273, -0.000960483739618212, 0.00012868903286289424, 0.0004140760574955493, -0.00038328280788846314, 0.0007151857716962695, -2.1539848603424616e-05], [-0.0004036261234432459, 0.00436306232586503, 0.0029506520368158817, -0.0019428731175139546, 0.001676318235695362, 0.0013666364829987288, -0.0015462342416867614, 0.0019328392809256911, -0.0021422349382191896, 0.0010430874535813928, -2.8336678951745853e-05, -0.0006528798257932067, -0.002714265836402774], [-0.0008351389551535249, 0.0029506520368158817, 0.009267563000321388, -0.005532851908355951, 0.0021212592255324125, -0.0007471135468222201, -0.00047960985102690756, -0.0014357899781316519, 0.004146842751652002, -0.0030808518640697002, 0.0006046219496056437, 0.002735213376581669, -0.0036145502235740423], [0.000394773727748543, -0.0019428731175139546, -0.005532851908355951, 0.013674759306013584, -0.007594025228172541, -0.0020803362131118774, 0.0033473693765699863, -0.0007366715581156313, -0.002601450541988015, 0.003192115807905793, -0.002902996726334095, -0.0006494586123153567, -0.000601217441726476], [0.0003223189269192517, 0.001676318235695362, 0.0021212592255324125, -0.007594025228172541, 0.016055360436439514, -0.005658597219735384, 0.001306398306041956, 0.0033467866014689207, 0.0008764351950958371, -0.0045059616677463055, 0.0019004462519660592, -0.0035554072819650173, -0.0014983154833316803], [-0.0012386295711621642, 0.0013666364829987288, -0.0007471135468222201, -0.0020803362131118774, -0.005658597219735384, 0.025782013311982155, -0.014626755379140377, 0.0046654799953103065, -0.001622940064407885, -0.0012718720827251673, -0.0029428955167531967, 0.0014226838247850537, -0.0010156931821256876], [0.0014764033257961273, -0.0015462342416867614, -0.00047960985102690756, 0.0033473693765699863, 0.001306398306041956, -0.014626755379140377, 0.02672177366912365, -0.016584686934947968, 0.001860580756329, 0.0006286195130087435, -0.0008474501664750278, -0.003167510498315096, -0.00011015430209226906], [-0.000960483739618212, 0.0019328392809256911, -0.0014357899781316519, -0.0007366715581156313, 0.0033467866014689207, 0.0046654799953103065, -0.016584686934947968, 0.030331360176205635, -0.01856132224202156, 0.0031520649790763855, 0.0032538706436753273, -0.00030912901274859905, -0.004170204047113657], [0.00012868903286289424, -0.0021422349382191896, 0.004146842751652002, -0.002601450541988015, 0.0008764351950958371, -0.001622940064407885, 0.001860580756329, -0.01856132224202156, 0.03458278626203537, -0.020827986299991608, 0.0038997058290988207, 0.001295258873142302, 0.00128401000