{"song_id": "1182269636201431052", "download": "https://cdn.discordapp.com/attachments/1128313332273782784/1182269636201431052/chirp.mp4?ex=65841566&amp", "lyrics": "[Verse]\nFar from home, I roam these foreign lands\nChasing dreams, with strength, I take a stand\nMissing family, their love, their touch\nBut I gotta grind, I gotta hustle, I must\n\n[Chorus]\nLiving abroad, it's a bittersweet melody\nMissing my fam, always in my memory", "style": ["\u0440\u043e\u0440"], "essentia_features": {"lowlevel.average_loudness": 0.9619583487510681, "lowlevel.barkbands_crest.mean": 16.348655700683594, "lowlevel.barkbands_crest.stdev": 4.041717052459717, "lowlevel.barkbands_flatness_db.mean": 0.3447817265987396, "lowlevel.barkbands_flatness_db.stdev": 0.12099470943212509, "lowlevel.barkbands_kurtosis.mean": 99.76377868652344, "lowlevel.barkbands_kurtosis.stdev": 104.6575698852539, "lowlevel.barkbands_skewness.mean": 6.8210835456848145, "lowlevel.barkbands_skewness.stdev": 3.761373996734619, "lowlevel.barkbands_spread.mean": 6.331686019897461, "lowlevel.barkbands_spread.stdev": 10.564360618591309, "lowlevel.dissonance.mean": 0.43273186683654785, "lowlevel.dissonance.stdev": 0.0483129657804966, "lowlevel.dynamic_complexity": 3.097612142562866, "lowlevel.erbbands_crest.mean": 10.323412895202637, "lowlevel.erbbands_crest.stdev": 4.1143317222595215, "lowlevel.erbbands_flatness_db.mean": 0.14703524112701416, "lowlevel.erbbands_flatness_db.stdev": 0.05130787938833237, "lowlevel.erbbands_kurtosis.mean": 2.0147817134857178, "lowlevel.erbbands_kurtosis.stdev": 4.255882263183594, "lowlevel.erbbands_skewness.mean": 0.642497718334198, "lowlevel.erbbands_skewness.stdev": 1.1228677034378052, "lowlevel.erbbands_spread.mean": 54.952945709228516, "lowlevel.erbbands_spread.stdev": 39.530765533447266, "lowlevel.hfc.mean": 29.828933715820312, "lowlevel.hfc.stdev": 27.130538940429688, "lowlevel.loudness_ebu128.integrated": -15.786778450012207, "lowlevel.loudness_ebu128.loudness_range": 2.741872787475586, "lowlevel.loudness_ebu128.momentary.mean": -16.909120559692383, "lowlevel.loudness_ebu128.momentary.stdev": 4.014780521392822, "lowlevel.loudness_ebu128.short_term.mean": -15.893136978149414, "lowlevel.loudness_ebu128.short_term.stdev": 1.06356942653656, "lowlevel.melbands_crest.mean": 34.24522399902344, "lowlevel.melbands_crest.stdev": 6.967225551605225, "lowlevel.melbands_flatness_db.mean": 0.4446857273578644, "lowlevel.melbands_flatness_db.stdev": 0.1354379802942276, "lowlevel.melbands_kurtosis.mean": 417.4466552734375, "lowlevel.melbands_kurtosis.stdev": 623.1284790039062, "lowlevel.melbands_skewness.mean": 13.433769226074219, "lowlevel.melbands_skewness.stdev": 9.82367992401123, "lowlevel.melbands_spread.mean": 4.200422763824463, "lowlevel.melbands_spread.stdev": 7.847283363342285, "lowlevel.pitch_salience.mean": 0.1824469268321991, "lowlevel.pitch_salience.stdev": 0.15075884759426117, "lowlevel.silence_rate_20dB.mean": 0.4488636255264282, "lowlevel.silence_rate_20dB.stdev": 0.4973764419555664, "lowlevel.silence_rate_30dB.mean": 0.1748737394809723, "lowlevel.silence_rate_30dB.stdev": 0.3798576295375824, "lowlevel.silence_rate_60dB.mean": 0.025883838534355164, "lowlevel.silence_rate_60dB.stdev": 0.15878869593143463, "lowlevel.spectral_centroid.mean": 902.1881103515625, "lowlevel.spectral_centroid.stdev": 856.8482666015625, "lowlevel.spectral_complexity.mean": 10.070075988769531, "lowlevel.spectral_complexity.stdev": 7.5018157958984375, "lowlevel.spectral_decrease.mean": -8.160857589700754e-08, "lowlevel.spectral_decrease.stdev": 4.597810843165462e-08, "lowlevel.spectral_energy.mean": 0.3107146918773651, "lowlevel.spectral_energy.stdev": 0.17436285316944122, "lowlevel.spectral_energyband_high.mean": 0.0012514768168330193, "lowlevel.spectral_energyband_high.stdev": 0.002267228439450264, "lowlevel.spectral_energyband_low.mean": 0.27702537178993225, "lowlevel.spectral_energyband_low.stdev": 0.1607603132724762, "lowlevel.spectral_energyband_middle_high.mean": 0.0032085957936942577, "lowlevel.spectral_energyband_middle_high.stdev": 0.006132159847766161, "lowlevel.spectral_energyband_middle_low.mean": 0.010339888744056225, "lowlevel.spectral_energyband_middle_low.stdev": 0.028959868475794792, "lowlevel.spectral_entropy.mean": 7.309423446655273, "lowlevel.spectral_entropy.stdev": 0.7582389116287231, "lowlevel.spectral_flux.mean": 0.15068963170051575, "lowlevel.spectral_flux.stdev": 0.12532536685466766, "lowlevel.spectral_kurtosis.mean": 7.002182483673096, "lowlevel.spectral_kurtosis.stdev": 9.993575096130371, "lowlevel.spectral_rms.mean": 0.016267839819192886, "lowlevel.spectral_rms.stdev": 0.006204305216670036, "lowlevel.spectral_rolloff.mean": 274.5176696777344, "lowlevel.spectral_rolloff.stdev": 1137.82958984375, "lowlevel.spectral_skewness.mean": 2.0519802570343018, "lowlevel.spectral_skewness.stdev": 1.1297109127044678, "lowlevel.spectral_spread.mean": 6900751.5, "lowlevel.spectral_spread.stdev": 3243820.25, "lowlevel.spectral_strongpeak.mean": 0.6884576678276062, "lowlevel.spectral_strongpeak.stdev": 0.5689584612846375, "lowlevel.zerocrossingrate.mean": 0.020497947931289673, "lowlevel.zerocrossingrate.stdev": 0.034758616238832474, "metadata.audio_properties.analysis.equal_loudness": 0.0, "metadata.audio_properties.analysis.length": 36.735984802246094, "metadata.audio_properties.analysis.sample_rate": 44100.0, "metadata.audio_properties.analysis.start_time": 0.0, "metadata.audio_properties.bit_rate": 124731.0, "metadata.audio_properties.length": 36.736000061035156, "metadata.audio_properties.lossless": 0.0, "metadata.audio_properties.number_channels": 1.0, "metadata.audio_properties.replay_gain": -7.039552688598633, "metadata.audio_properties.sample_rate": 48000.0, "rhythm.beats_count": 83.0, "rhythm.beats_loudness.mean": 0.31051039695739746, "rhythm.beats_loudness.stdev": 0.14950627088546753, "rhythm.bpm": 137.90679931640625, "rhythm.bpm_histogram_first_peak_bpm": 140.0, "rhythm.bpm_histogram_first_peak_weight": 0.4810127019882202, "rhythm.bpm_histogram_second_peak_bpm": 123.0, "rhythm.bpm_histogram_second_peak_spread": 0.5, "rhythm.bpm_histogram_second_peak_weight": 0.012195121496915817, "rhythm.danceability": 1.091160774230957, "rhythm.onset_rate": 5.114645957946777, "tonal.chords_changes_rate": 0.041614122688770294, "tonal.chords_number_rate": 0.008827238343656063, "tonal.chords_strength.mean": 0.5110974311828613, "tonal.chords_strength.stdev": 0.09007813781499863, "tonal.hpcp_crest.mean": 14.18844223022461, "tonal.hpcp_crest.stdev": 5.715863227844238, "tonal.hpcp_entropy.mean": 1.806247591972351, "tonal.hpcp_entropy.stdev": 0.6311980485916138, "tonal.key_edma.strength": 0.6017601490020752, "tonal.key_krumhansl.strength": 0.6090219616889954, "tonal.key_temperley.strength": 0.6126430630683899, "tonal.tuning_diatonic_strength": 0.5717641711235046, "tonal.tuning_equal_tempered_deviation": 0.21204259991645813, "tonal.tuning_frequency": 434.193115234375, "tonal.tuning_nontempered_energy_ratio": 0.971275806427002, "lowlevel.barkbands.mean": [0.128957137465477, 0.16178598999977112, 0.005280804354697466, 0.0029953299090266228, 0.0013471002457663417, 0.002362388651818037, 0.0012362806592136621, 0.0008363740053027868, 0.001282388693653047, 0.0009448440978303552, 0.0007107300916686654, 0.00043558201286941767, 0.0003092530823778361, 0.00039048021426424384, 0.00021122772886883467, 9.5717805379536e-05, 0.00013720216520596296, 6.921912427060306e-05, 5.3023930377094075e-05, 4.79251793876756e-05, 9.712823521113023e-05, 8.872309263097122e-05, 0.000350209535099566, 0.0002729509142227471, 0.00020359420159365982, 0.00020825550018344074, 5.466199127113214e-06], "lowlevel.barkbands.stdev": [0.10156457871198654, 0.11704093962907791, 0.025098558515310287, 0.017558204010128975, 0.0066316137090325356, 0.004836777225136757, 0.003821164835244417, 0.002294327365234494, 0.0029016146436333656, 0.0025943259242922068, 0.0019311392679810524, 0.0013224596623331308, 0.0008344983798451722, 0.0013681611744686961, 0.0005630091764032841, 0.0002911915653385222, 0.00032276648562401533, 0.00021492724772542715, 0.00021200520859565586, 0.00015645564417354763, 0.00024569639936089516, 0.00023193862580228597, 0.0008177498239092529, 0.0005732562858611345, 0.00045651441905647516, 0.00041724718175828457, 1.3949887033959385e-05], "lowlevel.erbbands.mean": [10.876891136169434, 13.247224807739258, 7.683311939239502, 8.346121788024902, 7.9757843017578125, 3.3515617847442627, 9.10233211517334, 23.800792694091797, 15.735044479370117, 21.44792938232422, 15.922896385192871, 32.24824142456055, 26.686189651489258, 31.309833526611328, 27.637451171875, 15.7162504196167, 15.657709121704102, 21.910818099975586, 14.905183792114258, 7.095623016357422, 5.470174312591553, 7.8646931648254395, 4.630772590637207, 2.7683260440826416, 2.652820110321045, 2.2979393005371094, 3.5155179500579834, 3.5485594272613525, 3.1634676456451416, 5.458578109741211, 10.244241714477539, 7.378972053527832, 3.8381028175354004, 2.2242696285247803, 1.4936250448226929, 0.8201883435249329, 0.4213893711566925, 0.056636955589056015, 0.0012726050335913897, 0.00037704777787439525], "lowlevel.erbbands.stdev": [6.975739479064941, 18.7559871673584, 24.831783294677734, 50.675559997558594, 39.94051742553711, 17.508920669555664, 17.635482788085938, 56.26955032348633, 45.036067962646484, 54.9671745300293, 35.60277557373047, 79.74595642089844, 65.09806823730469, 81.02473449707031, 78.4797592163086, 42.40193176269531, 39.6453971862793, 67.71595764160156, 39.85029983520508, 19.503923416137695, 14.60942268371582, 18.1185245513916, 12.885601997375488, 9.712908744812012, 11.263777732849121, 7.412713050842285, 9.068456649780273, 9.28154468536377, 8.264843940734863, 12.534523963928223, 24.097782135009766, 15.804819107055664, 8.48970890045166, 5.189966201782227, 3.4989376068115234, 1.820011854171753, 0.8214617371559143, 0.11844697594642639, 0.002320733852684498, 0.00020306202350184321], "lowlevel.gfcc.mean": [-30.667604446411133, 84.15255737304688, -48.74228286743164, 17.005830764770508, -39.2497673034668, 42.48008728027344, -21.100645065307617, 20.24958610534668, -0.24766062200069427, 14.179670333862305, -2.479814052581787, 15.178803443908691, -0.12740547955036163], "lowlevel.melbands.mean": [0.07688157260417938, 0.007092839106917381, 0.0014619460562244058, 0.0003696005733218044, 0.0002771618601400405, 0.0004972650785930455, 0.0002461262629367411, 0.0002338681515539065, 0.00012416670506354421, 0.00021393244969658554, 0.00012971599062439054, 0.00012771728506777436, 8.616014383733273e-05, 5.1887400331906974e-05, 3.9253936847671866e-05, 3.5577038943301886e-05, 4.2279927583877e-05, 2.4884455342544243e-05, 1.2578540008689743e-05, 7.348879080382176e-06, 5.8534542404231615e-06, 8.74733359523816e-06, 5.641522875521332e-06, 3.057228241232224e-06, 2.115422148563084e-06, 2.029258666880196e-06, 1.7295012639806373e-06, 1.429434178135125e-06, 1.8487414763512788e-06, 2.7369626423023874e-06, 1.8203220406576293e-06, 1.6493326029376476e-06, 1.9105818864773028e-06, 3.819850462605245e-06, 5.609197614830919e-06, 6.6181414695165586e-06, 3.8046875943109626e-06, 2.8306526473897975e-06, 2.1018372535763774e-06, 1.7847111166702234e-06], "lowlevel.melbands.stdev": [0.04674753546714783, 0.013612841255962849, 0.008206041529774666, 0.0018460281426087022, 0.0005871878238394856, 0.001121691893786192, 0.0007222294807434082, 0.0005898391245864332, 0.0002756868489086628, 0.0005376022891141474, 0.00032779097091406584, 0.00034407057682983577, 0.00023905541456770152, 0.00014823810488451272, 0.00012065503688063473, 0.00010344992915634066, 0.00014352907601278275, 7.329027721425518e-05, 3.775322329602204e-05, 2.3937009245855734e-05, 1.6119613064802252e-05, 2.05004707822809e-05, 1.4796731193200685e-05, 1.0163936167373322e-05, 7.607632596773328e-06, 9.000645150081255e-06, 6.894159469084116e-06, 4.5688325371884275e-06, 5.17332091476419e-06, 7.046628525131382e-06, 5.050435447628843e-06, 4.5493825382436626e-06, 5.0578460104588885e-06, 9.117287845583633e-06, 1.3086570106679574e-05, 1.6373245671275072e-05, 8.389361937588546e-06, 6.360384759318549e-06, 4.897869075648487e-06, 4.343161435826914e-06], "lowlevel.melbands128.mean": [0.10839398950338364, 0.12050069123506546, 0.052801523357629776, 0.014033395797014236, 0.004372656811028719, 0.0023695705458521843, 0.0016746834153309464, 0.0014589596539735794, 0.0007631768239662051, 0.0002706183586269617, 0.00013431953266263008, 0.00012078220606781542, 0.0002659447200130671, 0.0004972027381882071, 0.0007606946746818721, 0.000304943387163803, 0.0002056160446954891, 0.00023206343757919967, 0.0003307624428998679, 0.0002047609887085855, 0.0002510446647647768, 0.00011950695625273511, 0.00011013532639481127, 0.00011968333274126053, 0.00019878220336977392, 0.00031006746576167643, 9.472353849560022e-05, 0.0001267485204152763, 0.00011702584015438333, 0.0001634578948142007, 0.0001293560053454712, 7.439076580340043e-05, 5.4447205911856145e-05, 0.0001410745462635532, 5.977110777166672e-05, 1.784669620974455e-05, 3.7337835237849504e-05, 6.582726200576872e-05, 1.598018570803106e-05, 2.9481992896762677e-05, 5.3780924645252526e-05, 1.6905438315006904e-05, 4.973621616954915e-05, 5.470195901580155e-05, 1.8608854588819668e-05, 2.948503606603481e-05, 1.7733711501932703e-05, 1.2323158443905413e-05, 1.1274241842329502e-05, 6.439095614041435e-06, 7.699934940319508e-06, 7.0146279540495016e-06, 5.635800789605128e-06, 5.3084509090695065e-06, 6.2579874793300405e-06, 1.1938443094550166e-05, 7.001365247560898e-06, 7.300783636310371e-06, 4.407941560202744e-06, 4.287830961402506e-06, 2.8075510272174142e-06, 2.3896477614471223e-06, 2.22137032324099e-06, 1.9867807168338913e-06, 2.004420821322128e-06, 2.1966516214888543e-06, 1.8470273062121123e-06, 1.9599569895945024e-06, 1.6515003835593234e-06, 1.5257061249940307e-06, 1.4222039226297056e-06, 1.3839116945746355e-06, 1.4319609817903256e-06, 1.8248141486765235e-06, 2.43959129875293e-06, 3.0056833111302694e-06, 3.0379478630493395e-06, 1.7032817822837387e-06, 1.8221817299490795e-06, 1.642492065911938e-06, 1.543408075121988e-06, 1.661269038777391e-06, 1.8518263686928549e-06, 2.13610110222362e-06, 1.7433445691494853e-06, 2.02055775844201e-06, 4.771320618601749e-06, 7.0105070335557684e-06, 4.078940946783405e-06, 5.1752699619100895e-06, 9.92412242339924e-06, 5.493475782714086e-06, 4.812129191122949e-06, 3.4950298868352547e-06, 3.527017952364986e-06, 3.202354719178402e-06, 2.6806762889464153e-06, 2.259838083773502e-06, 2.1889113668294158e-06, 1.999980213440722e-06, 1.758145685926138e-06, 1.850048647611402e-06, 1.669718017183186e-06, 1.5204583405648009e-06, 1.797423351490579e-06, 1.8783575796987861e-06, 1.4420941170101287e-06, 1.2348951941021369e-06, 1.4060211697142222e-06, 1.4237299410524429e-06, 1.5407273394885124e-06, 1.4042653901924496e-06, 1.54612791902764e-06, 1.2856827424911899e-06, 9.66996935858333e-07, 6.429319228118402e-07, 2.1562449603607092e-07, 3.613347843156589e-08, 1.1133846067323816e-09, 8.941708484755395e-11, 7.909895655133781e-11, 6.334275465258443e-11, 5.546809192513713e-11, 5.450783227556322e-11, 5.3615452355604276e-11, 5.276554540523115e-11, 5.221169330216213e-11, 5.191129123782723e-11], "lowlevel.melbands128.stdev": [0.08156926184892654, 0.0773518905043602, 0.05235714837908745, 0.024234382435679436, 0.012772537767887115, 0.01275351457297802, 0.011437995359301567, 0.007681264542043209, 0.0038206088356673717, 0.0015594250289723277, 0.0008540607523173094, 0.0006036965642124414, 0.0006114538409747183, 0.000913757539819926, 0.001987553434446454, 0.0008921457920223475, 0.0008322168723680079, 0.000768825993873179, 0.0012788822641596198, 0.0005868782172910869, 0.0007991293095983565, 0.0004917233600281179, 0.0003014124231413007, 0.0003390208294149488, 0.0005720568005926907, 0.0009091031970456243, 0.00032710516825318336, 0.00046182284131646156, 0.00048630559467710555, 0.0006248432910069823, 0.0003769139584619552, 0.0002768563572317362, 0.00021308350551407784, 0.00046242919052019715, 0.0002510208578314632, 0.00010068684787256643, 0.0001211324124597013, 0.00024206993111874908, 7.688056211918592e-05, 9.131582919508219e-05, 0.00017650338122621179, 6.826876779086888e-05, 0.00017285719513893127, 0.00021669428679160774, 9.74973154370673e-05, 9.758261876413599e-05, 5.7026336435228586e-05, 5.4121072025736794e-05, 4.057769547216594e-05, 2.06972545129247e-05, 3.822975850198418e-05, 2.594717989268247e-05, 1.6049072655732743e-05, 1.926017830555793e-05, 1.811874062696006e-05, 2.91663618554594e-05, 2.0616142137441784e-05, 2.16813750739675e-05, 1.3750453945249319e-05, 1.339382379228482e-05, 1.0754487448139116e-05, 1.0057598956336733e-05, 8.865034942573402e-06, 7.69928465160774e-06, 7.901952812972013e-06, 1.1075800102844369e-05, 9.47042371990392e-06, 1.0229893632640596e-05, 6.08351410846808e-06, 5.9854978644580115e-06, 5.216867975832429e-06, 4.550305675365962e-06, 4.669176178140333e-06, 6.094413947721478e-06, 7.178911346272798e-06, 7.818355697963852e-06, 8.85608187672915e-06, 5.2505565690808e-06, 5.449712261906825e-06, 5.090791546535911e-06, 4.761535365105374e-06, 4.781045845447807e-06, 5.3879603001405485e-06, 6.050253432476893e-06, 5.24332881468581e-06, 5.800016879220493e-06, 1.2292888641241007e-05, 1.8893681044573896e-05, 9.566464541421738e-06, 1.3326833141036332e-05, 3.0201024856069125e-05, 1.2942932698933873e-05, 1.1727541277650744e-05, 8.538606380170677e-06, 8.357233127753716e-06, 7.674528205825482e-06, 6.526293418573914e-06, 6.393353942257818e-06, 5.228994723438518e-06, 5.0994253797398414e-06, 4.69942051495309e-06, 5.014739144826308e-06, 4.120377525396179e-06, 3.829542038147338e-06, 4.61337685919716e-06, 5.220692855800735e-06, 3.7234212868497707e-06, 3.5918139928980963e-06, 3.400323748792289e-06, 3.3008009268087335e-06, 3.2755983738752548e-06, 2.9196271498221904e-06, 3.430246124480618e-06, 2.8293516152189113e-06, 2.1424239093903452e-06, 1.6303544043694274e-06, 5.174563852961e-07, 1.5034375167033431e-07, 1.6320230500355137e-08, 6.096078641881775e-10, 4.855061908060065e-10, 1.82293111161691e-10, 6.864178669907517e-11, 6.744145519821387e-11, 6.644419042745042e-11, 6.564208898662827e-11, 6.506487015833784e-11, 6.470923102908088e-11], "lowlevel.mfcc.mean": [-701.6753540039062, 135.2061004638672, 49.909175872802734, 3.286710739135742, 21.023181915283203, 23.249732971191406, 7.183847904205322, 19.23439598083496, 11.647241592407227, 13.764786720275879, 3.984428882598877, 16.629919052124023, 6.355772495269775], "lowlevel.spectral_contrast_coeffs.mean": [-0.6998845338821411, -0.7243967056274414, -0.756691575050354, -0.800072431564331, -0.8120524287223816, -0.7946363687515259], "lowlevel.spectral_contrast_coeffs.stdev": [0.08000051230192184, 0.0831373780965805, 0.06913135200738907, 0.05456908792257309, 0.04407767578959465, 0.04421861469745636], "lowlevel.spectral_contrast_valleys.mean": [-6.915475368499756, -7.364262580871582, -7.925831317901611, -8.433935165405273, -8.89070987701416, -10.453630447387695], "lowlevel.spectral_contrast_valleys.stdev": [1.1315491199493408, 1.0033674240112305, 1.0085574388504028, 1.0221147537231445, 1.1967427730560303, 1.3938202857971191], "rhythm.beats_loudness_band_ratio.mean": [0.8873633742332458, 0.04255976155400276, 0.02973324991762638, 0.025061817839741707, 0.00917262677103281, 0.010063919238746166], "rhythm.beats_loudness_band_ratio.stdev": [0.21557655930519104, 0.13019350171089172, 0.06550314277410507, 0.05468038097023964, 0.02515610307455063, 0.022653372958302498], "tonal.hpcp.mean": [0.012256561778485775, 0.013481230475008488, 0.05154699832201004, 0.12899696826934814, 0.32332780957221985, 0.3397268056869507, 0.11293971538543701, 0.020942019298672676, 0.047998324036598206, 0.19757838547229767, 0.19768637418746948, 0.08992426842451096, 0.07368440926074982, 0.028729349374771118, 0.012571480125188828, 0.013969718478620052, 0.008286130614578724, 0.010541132651269436, 0.036707427352666855, 0.04003748297691345, 0.017058128491044044, 0.009321251884102821, 0.011835210956633091, 0.0373012013733387, 0.16595400869846344, 0.15676414966583252, 0.024441612884402275, 0.008742853999137878, 0.008804061450064182, 0.009399346075952053, 0.017849048599600792, 0.01670784503221512, 0.0112743666395545, 0.024385368451476097, 0.027218060567975044, 0.014890184625983238], "tonal.hpcp.stdev": [0.07475949078798294, 0.08144005388021469, 0.18546754121780396, 0.27893340587615967, 0.3986812233924866, 0.43727830052375793, 0.23991362750530243, 0.11042534559965134, 0.14625710248947144, 0.36736592650413513, 0.3531119227409363, 0.23159664869308472, 0.24075466394424438, 0.10784722864627838, 0.08416140824556351, 0.09997810423374176, 0.06148243695497513, 0.0735144317150116, 0.14804281294345856, 0.16488438844680786, 0.09115193039178848, 0.07231216877698898, 0.0870366096496582, 0.13547001779079437, 0.3293343782424927, 0.31344401836395264, 0.08837543427944183, 0.07426916807889938, 0.07561366260051727, 0.07003113627433777, 0.07470723241567612, 0.06632295250892639, 0.0735531896352768, 0.12091995775699615, 0.1342659890651703, 0.0832681804895401], "rhythm.beats_position": [0.4760090708732605, 0.9636281132698059, 1.4396371841430664, 1.8924262523651123, 2.321995496749878, 2.763174533843994, 3.2043535709381104, 3.6455328464508057, 4.086711883544922, 4.5162811279296875, 4.945850372314453, 5.38702917098999, 5.816598415374756, 6.2461676597595215, 6.687346935272217, 7.128525733947754, 7.5580949783325195, 7.987664222717285, 8.42884349822998, 8.870022773742676, 9.299592018127441, 9.729161262512207, 10.170339584350586, 10.599908828735352, 11.029478073120117, 11.470657348632812, 11.911836624145508, 12.341405868530273, 12.770975112915039, 13.212154388427734, 13.641722679138184, 14.07129192352295, 14.512471199035645, 14.94204044342041, 15.383219718933105, 15.812788963317871, 16.25396728515625, 16.683536529541016, 17.11310577392578, 17.554285049438477, 17.983854293823242, 18.413423538208008, 18.854602813720703, 19.28417205810547, 19.725351333618164, 20.16653060913086, 20.596099853515625, 21.03727912902832, 21.478458404541016, 21.90802764892578, 22.337596893310547, 22.77877426147461, 23.208343505859375, 23.63791275024414, 24.079092025756836, 24.5086612701416, 24.938230514526367, 25.379409790039062, 25.820589065551758, 26.261768341064453, 26.69133758544922, 27.120906829833984, 27.55047607421875, 27.980045318603516, 28.42122459411621, 28.862403869628906, 29.3035831451416, 29.733150482177734, 30.1627197265625, 30.603899002075195, 31.03346824645996, 31.463037490844727, 31.904216766357422, 32.33378601074219, 32.76335525512695, 33.20453643798828, 33.645713806152344, 34.086891174316406, 34.51646041870117, 34.94602966308594, 35.387210845947266, 35.82838821411133, 36.269569396972656], "rhythm.bpm_histogram": [0.0, 0.0, 0.0, 0.0, 0.0, 0.0, 0.0, 0.0, 0.0, 0.0, 0.0, 0.0, 0.0, 0.0, 0.0, 0.0, 0.0, 0.0, 0.0, 0.0, 0.0, 0.0, 0.0, 0.0, 0.0, 0.0, 0.0, 0.0, 0.0, 0.0, 0.0, 0.0, 0.0, 0.0, 0.0, 0.0, 0.0, 0.0, 0.0, 0.0, 0.0, 0.0, 0.0, 0.0, 0.0, 0.0, 0.0, 0.0, 0.0, 0.0, 0.0, 0.0, 0.0, 0.0, 0.0, 0.0, 0.0, 0.0, 0.0, 0.0, 0.0, 0.0, 0.0, 0.0, 0.0, 0.0, 0.0, 0.0, 0.0, 0.0, 0.0, 0.0, 0.0, 0.0, 0.0, 0.0, 0.0, 0.0, 0.0, 0.0, 0.0, 0.0, 0.0, 0.0, 0.0, 0.0, 0.0, 0.0, 0.0, 0.0, 0.0, 0.0, 0.0, 0.0, 0.0, 0.0, 0.0, 0.0, 0.0, 0.0, 0.0, 0.0, 0.0, 0.0, 0.0, 0.0, 0.0, 0.0, 0.0, 0.0, 0.0, 0.0, 0.0, 0.0, 0.0, 0.0, 0.0, 0.0, 0.0, 0.0, 0.0, 0.0, 0.0, 0.012195121496915817, 0.0, 0.0, 0.012195121496915817, 0.0, 0.0, 0.0, 0.0, 0.0, 0.0, 0.012195121496915817, 0.0, 0.0, 0.46341463923454285, 0.0, 0.0, 0.0, 0.5, 0.0, 0.0, 0.0, 0.0, 0.0, 0.0, 0.0, 0.0, 0.0, 0.0, 0.0, 0.0, 0.0, 0.0, 0.0, 0.0, 0.0, 0.0, 0.0, 0.0, 0.0, 0.0, 0.0, 0.0, 0.0, 0.0, 0.0, 0.0, 0.0, 0.0, 0.0, 0.0, 0.0, 0.0, 0.0, 0.0, 0.0, 0.0, 0.0, 0.0, 0.0, 0.0, 0.0, 0.0, 0.0, 0.0, 0.0, 0.0, 0.0, 0.0, 0.0, 0.0, 0.0, 0.0, 0.0, 0.0, 0.0, 0.0, 0.0, 0.0, 0.0, 0.0, 0.0, 0.0, 0.0, 0.0, 0.0, 0.0, 0.0, 0.0, 0.0, 0.0, 0.0, 0.0, 0.0, 0.0, 0.0, 0.0, 0.0, 0.0, 0.0, 0.0, 0.0, 0.0, 0.0, 0.0, 0.0, 0.0, 0.0, 0.0, 0.0, 0.0, 0.0, 0.0, 0.0, 0.0, 0.0, 0.0, 0.0, 0.0, 0.0, 0.0, 0.0, 0.0, 0.0, 0.0, 0.0, 0.0, 0.0], "tonal.chords_histogram": [28.49936866760254, 0.0, 16.645648956298828, 3.909205436706543, 12.484236717224121, 9.079444885253906, 0.0, 10.340478897094727, 0.0, 19.041614532470703, 0.0, 0.0, 0.0, 0.0, 0.0, 0.0, 0.0, 0.0, 0.0, 0.0, 0.0, 0.0, 0.0, 0.0], "tonal.thpcp": [1.0, 0.3324427604675293, 0.061643704771995544, 0.14128506183624268, 0.5815802216529846, 0.5818980932235718, 0.26469582319259644, 0.21689312160015106, 0.08456603437662125, 0.03700467571616173, 0.04112044721841812, 0.0243905708193779, 0.03102826327085495, 0.10804983973503113, 0.11785199493169785, 0.050211310386657715, 0.027437493205070496, 0.03483743593096733, 0.1097976416349411, 0.48849254846572876, 0.4614418148994446, 0.07194490730762482, 0.025734955444931984, 0.025915121659636497, 0.027667365968227386, 0.05253941938281059, 0.04918023943901062, 0.03318656608462334, 0.07177934795618057, 0.08011749386787415, 0.04382987692952156, 0.036077700555324554, 0.03968256339430809, 0.1517307311296463, 0.3797079622745514, 0.951728880405426], "lowlevel.gfcc.cov": [[9701.21875, -1851.3076171875, -446.3451843261719, 180.431640625, -740.6898193359375, 363.3340148925781, -421.7777099609375, 659.2440795898438, -158.85842895507812, 439.1856689453125, -481.5677795410156, 302.2066345214844, -612.6661987304688], [-1851.3076171875, 2641.34814453125, 197.72508239746094, -401.11865234375, 646.0003051757812, -108.06179809570312, 550.4290161132812, -173.36524963378906, 324.3465270996094, -272.9480285644531, 400.2132873535156, -317.8852844238281, 264.550048828125], [-446.3451843261719, 197.72508239746094, 1130.9952392578125, 469.7491455078125, 261.4449768066406, 310.94720458984375, 250.13595581054688, 109.69762420654297, 183.5361328125, -12.971002578735352, 107.41864013671875, -24.0767822265625, 102.41112518310547], [180.431640625, -401.11865234375, 469.7491455078125, 992.6932373046875, 191.1559295654297, 151.43841552734375, 156.4434814453125, 161.23391723632812, 122.33595275878906, 13.760546684265137, 101.68602752685547, -9.735755920410156, 128.15304565429688], [-740.6898193359375, 646.0003051757812, 261.4449768066406, 191.1559295654297, 555.130615234375, 98.14938354492188, 335.9658203125, 60.28038787841797, 173.4914093017578, -45.86713790893555, 170.26174926757812, -83.95872497558594, 149.79779052734375], [363.3340148925781, -108.06179809570312, 310.94720458984375, 151.43841552734375, 98.14938354492188, 417.8536071777344, 238.23414611816406, 111.33513641357422, 91.96279907226562, 31.653518676757812, 18.04656219482422, 16.03944969177246, -12.380926132202148], [-421.7777099609375, 550.4290161132812, 250.13595581054688, 156.4434814453125, 335.9658203125, 238.23414611816406, 555.387939453125, 106.34397888183594, 160.6904754638672, -11.055170059204102, 185.13763427734375, -71.16935729980469, 107.31327819824219], [659.2440795898438, -173.36524963378906, 109.69762420654297, 161.23391723632812, 60.28038787841797, 111.33513641357422, 106.34397888183594, 236.91156005859375, 88.31207275390625, 79.44477081298828, 16.50442886352539, 10.839427947998047, -7.460850715637207], [-158.85842895507812, 324.3465270996094, 183.5361328125, 122.33595275878906, 173.4914093017578, 91.96279907226562, 160.6904754638672, 88.31207275390625, 234.5233917236328, 23.55345916748047, 120.01988220214844, -43.80329513549805, 79.69924926757812], [439.1856689453125, -272.9480285644531, -12.971002578735352, 13.760546684265137, -45.86713790893555, 31.653518676757812, -11.055170059204102, 79.44477081298828, 23.55345916748047, 162.52000427246094, -2.3248555660247803, 54.037445068359375, -16.500225067138672], [-481.5677795410156, 400.2132873535156, 107.41864013671875, 101.68602752685547, 170.26174926757812, 18.04656219482422, 185.13763427734375, 16.50442886352539, 120.01988220214844, -2.3248555660247803, 228.22715759277344, -25.687162399291992, 88.64129638671875], [302.2066345214844, -317.8852844238281, -24.0767822265625, -9.735755920410156, -83.95872497558594, 16.03944969177246, -71.16935729980469, 10.839427947998047, -43.80329513549805, 54.037445068359375, -25.687162399291992, 144.31097412109375, -21.16823959350586], [-612.6661987304688, 264.550048828125, 102.41112518310547, 128.15304565429688, 149.79779052734375, -12.380926132202148, 107.31327819824219, -7.460850715637207, 79.69924926757812, -16.500225067138672, 88.64129638671875, -21.16823959350586, 188.8788299560547]], "lowlevel.gfcc.icov": [[0.00024323647085111588, -0.000309548107907176, 0.00018957398424390703, -0.0003220941580366343, 0.00023004571266938, -0.0003202535735908896, 0.00025065417867153883, -0.000706880702637136, 0.00021446323080454022, -0.0004654850345104933, 0.0004165099235251546, -0.00043524368084035814, 0.0005891198525205255], [-0.000309548107907176, 0.0023726450745016336, -0.0006316954968497157, 0.0018150361720472574, -0.0010600535897538066, 0.0014254262205213308, -0.0013395821442827582, 0.0017005127156153321, -0.001820323639549315, 0.0024493455421179533, -0.001933105755597353, 0.0023230952210724354, -0.0013042052742093801], [0.00018957398424390703, -0.0006316954968497157, 0.0016485571395605803, -0.0009861867874860764, 7.11592729203403e-05, -0.0013495601015165448, 0.0005872176843695343, -0.0005703491624444723, 1.7935286450665444e-05, -0.0004723435558844358, 0.0005431884783320129, -0.0007200065883807838, 0.00038945418782532215], [-0.0003220941580366343, 0.0018150361720472574, -0.0009861867874860764, 0.002922708634287119, -0.0009221110376529396, 0.000937036529649049, -0.0007186167640611529, 0.0004371973336674273, -0.0009808538015931845, 0.0021530671510845423, -0.001976868836209178, 0.0019176095956936479, -0.0020723710767924786], [0.00023004571266938, -0.0010600535897538066, 7.11592729203403e-05, -0.0009221110376529396, 0.00419246219098568, -0.000320366962114349, -0.000876416452229023, -0.001211580471135676, -9.186361421598122e-05, -0.0003643317031674087, 0.0005498869577422738, -0.0005850850138813257, -0.00039460224797949195], [-0.0003202535735908896, 0.0014254262205213308, -0.0013495601015165448, 0.000937036529649049, -0.000320366962114349, 0.005832275841385126, -0.0034281837288290262, 0.001189138856716454, -0.0024138556327670813, 0.0014677942963317037, 0.0005740305641666055, -6.367827154463157e-05, 0.0005620124284178019], [0.00025065417867153883, -0.0013395821442827582, 0.0005872176843695343, -0.0007186167640611529, -0.000876416452229023, -0.0034281837288290262, 0.005709685850888491, -0.0024110409431159496, 0.0019385224441066384, -0.0012146593071520329, -0.0015494145918637514, 0.0001818621822167188, -0.00018695741891860962], [-0.000706880702637136, 0.0017005127156153321, -0.0005703491624444723, 0.0004371973336674273, -0.001211580471135676, 0.001189138856716454, -0.0024110409431159496, 0.009849175810813904, -0.0037438394501805305, -0.0008476043003611267, -0.0001729561190586537, 0.0015292681055143476, -0.00010608669981593266], [0.00021446323080454022, -0.001820323639549315, 1.7935286450665444e-05, -0.0009808538015931845, -9.186361421598122e-05, -0.0024138556327670813, 0.0019385224441066384, -0.0037438394501805305, 0.010293694213032722, -0.002998902229592204, -0.0019250146578997374, 0.0006793548236601055, -0.0010595587082207203], [-0.0004654850345104933, 0.0024493455421179533, -0.0004723435558844358, 0.0021530671510845423, -0.0003643317031674087, 0.0014677942963317037, -0.0012146593071520329, -0.0008476043003611267, -0.002998902229592204, 0.011616888456046581, -0.0025064751971513033, -0.0004288680211175233, -0.001694980775937438], [0.0004165099235251546, -0.001933105755597353, 0.0005431884783320129, -0.001976868836209178, 0.0005498869577422738, 0.0005740305641666055, -0.0015494145918637514, -0.0001729561190586537, -0.0019250146578997374, -0.0025064751971513033, 0.010331028141081333, -0.0033354598563164473, 0.0009515033452771604], [-0.00043524368084035814, 0.0023230952210724354, -0.0007200065883807838, 0.0019176095956936479, -0.0005850850138813257, -6.367827154463157e-05, 0.0001818621822167188, 0.0015292681055143476, 0.0006793548236601055, -0.0004288680211175233, -0.0033354598563164473, 0.012004658579826355, -0.0025727548636496067], [0.0005891198525205255, -0.0013042052742093801, 0.00038945418782532215, -0.0020723710767924786, -0.00039460224797949195, 0.0005620124284178019, -0.00018695741891860962, -0.00010608669981593266, -0.0010595587082207203, -0.001694980775937438, 0.0009515033452771604, -0.0025727548636496067, 0.01024293340742588]], "lowlevel.mfcc.cov": [[9474.8984375, -2078.894775390625, -212.260009765625, -291.761474609375, -307.5266418457031, -374.2567138671875, -318.1471252441406, 75.74681854248047, -12.024755477905273, 174.62890625, 236.61892700195312, 125.84957122802734, -147.35992431640625], [-2078.894775390625, 2801.144287109375, -287.2889099121094, -211.1711883544922, 32.825111389160156, 84.04400634765625, 228.92149353027344, 78.3484115600586, 15.026219367980957, 71.1067123413086, 63.38045883178711, 50.03668975830078, 3.9703989028930664], [-212.260009765625, -287.2889099121094, 1002.1357421875, 236.73597717285156, 231.3218994140625, 206.22727966308594, 123.8769760131836, 158.83612060546875, 134.48663330078125, 115.27748107910156, 56.30015563964844, 6.592486381530762, 114.25727081298828], [-291.761474609375, -211.1711883544922, 236.73597717285156, 690.2476196289062, 249.3104248046875, 55.6789665222168, 168.31178283691406, 67.19364166259766, 127.82614135742188, 48.75559997558594, 29.83023452758789, 10.262011528015137, 102.20692443847656], [-307.5266418457031, 32.825111389160156, 231.3218994140625, 249.3104248046875, 363.3378601074219, 71.97753143310547, 71.998046875, 63.36701583862305, 106.55378723144531, 81.31619262695312, 9.39748764038086, 14.595536231994629, 55.096031188964844], [-374.2567138671875, 84.04400634765625, 206.22727966308594, 55.6789665222168, 71.97753143310547, 307.70660400390625, 186.0383758544922, 147.10549926757812, 93.30565643310547, 55.04922103881836, 76.51571655273438, 18.760343551635742, 27.890316009521484], [-318.1471252441406, 228.92149353027344, 123.8769760131836, 168.31178283691406, 71.998046875, 186.0383758544922, 365.8412780761719, 181.3826141357422, 124.2880630493164, 100.60148620605469, 133.46823120117188, 34.6979866027832, 50.659061431884766], [75.74681854248047, 78.3484115600586, 158.83612060546875, 67.19364166259766, 63.36701583862305, 147.10549926757812, 181.3826141357422, 249.66592407226562, 86.2057876586914, 89.84197998046875, 102.7483901977539, 25.24479866027832, 34.5057258605957], [-12.024755477905273, 15.026219367980957, 134.48663330078125, 127.82614135742188, 106.55378723144531, 93.30565643310547, 124.2880630493164, 86.2057876586914, 247.54957580566406, 92.39144134521484, 70.3058853149414, 25.782949447631836, 32.775482177734375], [174.62890625, 71.1067123413086, 115.27748107910156, 48.75559997558594, 81.31619262695312, 55.04922103881836, 100.60148620605469, 89.84197998046875, 92.39144134521484, 178.99920654296875, 102.10317993164062, 28.348892211914062, 22.524717330932617], [236.61892700195312, 63.38045883178711, 56.30015563964844, 29.83023452758789, 9.39748764038086, 76.51571655273438, 133.46823120117188, 102.7483901977539, 70.3058853149414, 102.10317993164062, 214.0311737060547, 74.88948822021484, 23.36947250366211], [125.84957122802734, 50.03668975830078, 6.592486381530762, 10.262011528015137, 14.595536231994629, 18.760343551635742, 34.6979866027832, 25.24479866027832, 25.782949447631836, 28.348892211914062, 74.88948822021484, 128.26087951660156, 30.145851135253906], [-147.35992431640625, 3.9703989028930664, 114.25727081298828, 102.20692443847656, 55.096031188964844, 27.890316009521484, 50.659061431884766, 34.5057258605957, 32.775482177734375, 22.524717330932617, 23.36947250366211, 30.145851135253906, 113.64787292480469]], "lowlevel.mfcc.icov": [[0.0001663870207266882, 0.00012985295325051993, 3.4256601793458685e-05, 4.361184619483538e-05, 8.860904927132651e-05, 0.00022870350221637636, 0.0001274013629881665, -0.00023718118609394878, -3.527465742081404e-05, -0.0002092170325340703, -0.0001421211491106078, -0.00015548651572316885, 0.0001757924328558147], [0.00012985295325051993, 0.0005361147341318429, 0.00019864951900672168, 0.00030684901867061853, -0.00016507526743225753, 0.00017880195809993893, -0.00035498192301020026, -0.00012804973812308162, 5.2437659178394824e-05, -0.0002692262642085552, 1.6321895600412972e-05, -0.00021800343529321253, -6.18056574808179e-08], [3.4256601793458685e-05, 0.00019864951900672168, 0.001559075666591525, -7.257438846863806e-05, -0.0004925129469484091, -0.000775218300987035, 0.0003828142362181097, -0.00043342524440959096, -6.237510388018563e-05, -0.0005525753367692232, 6.0901467804796994e-05, 0.0003097388835158199, -0.0010418951278552413], [4.361184619483538e-05, 0.00030684901867061853, -7.257438846863806e-05, 0.0025891680270433426, -0.0014824215322732925, 0.0007359363371506333, -0.0014126939931884408, 0.00029445369727909565, -0.00043764690053649247, 0.0006420773570425808, -7.22996992408298e-05, 0.00028824317269027233, -0.001193979405798018], [8.860904927132651e-05, -0.00016507526743225753, -0.0004925129469484091, -0.0014824215322732925, 0.004781561903655529, -0.00041974199120886624, 0.0008650723029859364, -0.00036894602817483246, -0.0007422667113132775, -0.0018528731307014823, 0.001232729060575366, -0.0006761486874893308, -3.2496285712113604e-05], [0.00022870350221637636, 0.00017880195809993893, -0.000775218300987035, 0.0007359363371506333, -0.00041974199120886624, 0.006221638061106205, -0.0020806030370295048, -0.0018721891101449728, -0.0007376936846412718, 0.0009590008994564414, -0.00042955821845680475, -0.00023404014063999057, 0.0007534201140515506], [0.0001274013629881665, -0.00035498192301020026, 0.0003828142362181097, -0.0014126939931884408, 0.0008650723029859364, -0.0020806030370295048, 0.006860944442451, -0.0024380707181990147, -0.0008047811570577323, -0.0007947570993565023, -0.0017972660716623068, 0.00044622537097893655, -0.0005228064255788922], [-0.00023718118609394878, -0.00012804973812308162, -0.00043342524440959096, 0.00029445369727909565, -0.00036894602817483246, -0.0018721891101449728, -0.0024380707181990147, 0.008036801591515541, 5.070038696430856e-06, -0.0008880204404704273, -0.0009990420658141375, 0.0006007895572111011, -0.0006265465053729713], [-3.527465742081404e-05, 5.2437659178394824e-05, -6.237510388018563e-05, -0.00043764690053649247, -0.0007422667113132775, -0.0007376936846412718, -0.0008047811570577323, 5.070038696430856e-06, 0.006032816134393215, -0.0018157341983169317, -0.00012213937588967383, -0.0002850999590009451, 2.758883056230843e-05], [-0.0002092170325340703, -0.0002692262642085552, -0.0005525753367692232, 0.0006420773570425808, -0.0018528731307014823, 0.0009590008994564414, -0.0007947570993565023, -0.0008880204404704273, -0.0018157341983169317, 0.01040127594023943, -0.003672398393973708, 0.0009664872195571661, -3.603687946451828e-05], [-0.0001421211491106078, 1.6321895600412972e-05, 6.0901467804796994e-05, -7.22996992408298e-05, 0.001232729060575366, -0.00042955821845680475, -0.0017972660716623068, -0.0009990420658141375, -0.00012213937588967383, -0.003672398393973708, 0.009740343317389488, -0.00418042903766036, 0.00030026663444004953], [-0.00015548651572316885, -0.00021800343529321253, 0.0003097388835158199, 0.00028824317269027233, -0.0006761486874893308, -0.00023404014063999057, 0.00044622537097893655, 0.0006007895572111011, -0.0002850999590009451, 0.0009664872195571661, -0.00418042903766036, 0.010829645209014416, -0.0028830524533987045], [0.0001757924328558147, -6.18056574808179e-08, -0.0010418951278552413, -0.001193979405798018, -3.2496285712113604e-05, 0.0007534201140515506, -0.0005228064255788922, -0.0006265465053729713, 2.758883056230843e-05, -3.603687946451828e-05, 0.00030026663444004953, -0.0028830524533987045, 0.012104636058211327]], "metadata.audio_properties.analysis.downmix": "mix", "metadata.audio_properties.codec": "mp3", "metadata.audio_properties.md5_encoded": "ba77b3d5c450804fafb76d6f68c65df2", "metadata.tags.file_name": "1182269636201431052.mp3", "metadata.version.essentia": "2.1-beta6-dev", "metadata.version.essentia_git_