{"song_id": "1182268258947170304", "download": "https://cdn.discordapp.com/attachments/1135903449314238464/1182268258947170304/chirp.mp4?ex=6584141e&amp", "lyrics": "gululu gululu, let's go brush our teeth\n\nBrush your teeth up and down\n\nClean along gaps with care\nCavities go buzz buzz away\n\nTooth by tooth ding ding hooray\n\nChorus:\nHappily sing tra la la\nBrush diligently everyday\nFight tooth decay\nSmile bright, hip hip hooray\n\nVerse 2:\nCircle round those whites\n\nShoo away tiny bugs\n\nTooth by tooth make bright\nRinse and gargle after right\n\nChorus:\n\nHappily sing tra la la\nBrush diligently everyday\nFight tooth decay\nSmile bright, hip hip hooray", "style": ["happy song for kids"], "essentia_features": {"lowlevel.average_loudness": 0.9860347509384155, "lowlevel.barkbands_crest.mean": 11.355958938598633, "lowlevel.barkbands_crest.stdev": 3.289149284362793, "lowlevel.barkbands_flatness_db.mean": 0.19770297408103943, "lowlevel.barkbands_flatness_db.stdev": 0.06420563906431198, "lowlevel.barkbands_kurtosis.mean": 17.442617416381836, "lowlevel.barkbands_kurtosis.stdev": 22.619094848632812, "lowlevel.barkbands_skewness.mean": 3.023310899734497, "lowlevel.barkbands_skewness.stdev": 1.8327144384384155, "lowlevel.barkbands_spread.mean": 17.633769989013672, "lowlevel.barkbands_spread.stdev": 14.576783180236816, "lowlevel.dissonance.mean": 0.463776558637619, "lowlevel.dissonance.stdev": 0.034158289432525635, "lowlevel.dynamic_complexity": 1.4629391431808472, "lowlevel.erbbands_crest.mean": 12.459375381469727, "lowlevel.erbbands_crest.stdev": 5.38437032699585, "lowlevel.erbbands_flatness_db.mean": 0.15812808275222778, "lowlevel.erbbands_flatness_db.stdev": 0.039603155106306076, "lowlevel.erbbands_kurtosis.mean": 2.378228187561035, "lowlevel.erbbands_kurtosis.stdev": 8.09032154083252, "lowlevel.erbbands_skewness.mean": 0.40898397564888, "lowlevel.erbbands_skewness.stdev": 1.5310379266738892, "lowlevel.erbbands_spread.mean": 59.20705032348633, "lowlevel.erbbands_spread.stdev": 33.0684928894043, "lowlevel.hfc.mean": 14.060810089111328, "lowlevel.hfc.stdev": 13.108061790466309, "lowlevel.loudness_ebu128.integrated": -16.39546012878418, "lowlevel.loudness_ebu128.loudness_range": 0.5128173828125, "lowlevel.loudness_ebu128.momentary.mean": -16.438045501708984, "lowlevel.loudness_ebu128.momentary.stdev": 0.610686182975769, "lowlevel.loudness_ebu128.short_term.mean": -16.40654945373535, "lowlevel.loudness_ebu128.short_term.stdev": 0.16959148645401, "lowlevel.melbands_crest.mean": 17.00541877746582, "lowlevel.melbands_crest.stdev": 3.9638917446136475, "lowlevel.melbands_flatness_db.mean": 0.29277747869491577, "lowlevel.melbands_flatness_db.stdev": 0.08124830573797226, "lowlevel.melbands_kurtosis.mean": 62.51874542236328, "lowlevel.melbands_kurtosis.stdev": 68.32401275634766, "lowlevel.melbands_skewness.mean": 5.511745452880859, "lowlevel.melbands_skewness.stdev": 3.0020055770874023, "lowlevel.melbands_spread.mean": 13.57968807220459, "lowlevel.melbands_spread.stdev": 15.139060974121094, "lowlevel.pitch_salience.mean": 0.504703938961029, "lowlevel.pitch_salience.stdev": 0.09685467928647995, "lowlevel.silence_rate_20dB.mean": 1.0, "lowlevel.silence_rate_20dB.stdev": 0.0, "lowlevel.silence_rate_30dB.mean": 0.9843953251838684, "lowlevel.silence_rate_30dB.stdev": 0.12394043058156967, "lowlevel.silence_rate_60dB.mean": 0.007802340667694807, "lowlevel.silence_rate_60dB.stdev": 0.08798611909151077, "lowlevel.spectral_centroid.mean": 882.6036376953125, "lowlevel.spectral_centroid.stdev": 567.0172729492188, "lowlevel.spectral_complexity.mean": 9.04226303100586, "lowlevel.spectral_complexity.stdev": 6.6952128410339355, "lowlevel.spectral_decrease.mean": -8.622497382759775e-09, "lowlevel.spectral_decrease.stdev": 7.966442616691438e-09, "lowlevel.spectral_energy.mean": 0.03381867706775665, "lowlevel.spectral_energy.stdev": 0.030855489894747734, "lowlevel.spectral_energyband_high.mean": 0.0008022527326829731, "lowlevel.spectral_energyband_high.stdev": 0.0012353589991107583, "lowlevel.spectral_energyband_low.mean": 0.01850944384932518, "lowlevel.spectral_energyband_low.stdev": 0.0226761307567358, "lowlevel.spectral_energyband_middle_high.mean": 0.0027709072455763817, "lowlevel.spectral_energyband_middle_high.stdev": 0.003621709067374468, "lowlevel.spectral_energyband_middle_low.mean": 0.014185973443090916, "lowlevel.spectral_energyband_middle_low.stdev": 0.021494869142770767, "lowlevel.spectral_entropy.mean": 7.269688129425049, "lowlevel.spectral_entropy.stdev": 0.5918723940849304, "lowlevel.spectral_flux.mean": 0.08915326744318008, "lowlevel.spectral_flux.stdev": 0.07260708510875702, "lowlevel.spectral_kurtosis.mean": 3.050852060317993, "lowlevel.spectral_kurtosis.stdev": 2.974546432495117, "lowlevel.spectral_rms.mean": 0.005339340306818485, "lowlevel.spectral_rms.stdev": 0.0021178442984819412, "lowlevel.spectral_rolloff.mean": 835.1041870117188, "lowlevel.spectral_rolloff.stdev": 1297.58349609375, "lowlevel.spectral_skewness.mean": 1.3449236154556274, "lowlevel.spectral_skewness.stdev": 0.6144393682479858, "lowlevel.spectral_spread.mean": 5504705.0, "lowlevel.spectral_spread.stdev": 1427796.625, "lowlevel.spectral_strongpeak.mean": 0.6377958059310913, "lowlevel.spectral_strongpeak.stdev": 0.797851026058197, "lowlevel.zerocrossingrate.mean": 0.04573049023747444, "lowlevel.zerocrossingrate.stdev": 0.03102622926235199, "metadata.audio_properties.analysis.equal_loudness": 0.0, "metadata.audio_properties.analysis.length": 35.668277740478516, "metadata.audio_properties.analysis.sample_rate": 44100.0, "metadata.audio_properties.analysis.start_time": 0.0, "metadata.audio_properties.bit_rate": 122269.0, "metadata.audio_properties.length": 35.669334411621094, "metadata.audio_properties.lossless": 0.0, "metadata.audio_properties.number_channels": 1.0, "metadata.audio_properties.replay_gain": -10.778026580810547, "metadata.audio_properties.sample_rate": 48000.0, "rhythm.beats_count": 88.0, "rhythm.beats_loudness.mean": 0.051647771149873734, "rhythm.beats_loudness.stdev": 0.01877383328974247, "rhythm.bpm": 150.13783264160156, "rhythm.bpm_histogram_first_peak_bpm": 152.0, "rhythm.bpm_histogram_first_peak_weight": 0.4285714626312256, "rhythm.bpm_histogram_second_peak_bpm": 144.0, "rhythm.bpm_histogram_second_peak_spread": 0.0, "rhythm.bpm_histogram_second_peak_weight": 0.02298850566148758, "rhythm.danceability": 2.267580986022949, "rhythm.onset_rate": 5.1556396484375, "tonal.chords_changes_rate": 0.04415584355592728, "tonal.chords_number_rate": 0.007792207878082991, "tonal.chords_strength.mean": 0.5891531705856323, "tonal.chords_strength.stdev": 0.1076352596282959, "tonal.hpcp_crest.mean": 11.591273307800293, "tonal.hpcp_crest.stdev": 5.112334251403809, "tonal.hpcp_entropy.mean": 2.268359899520874, "tonal.hpcp_entropy.stdev": 0.7172743678092957, "tonal.key_edma.strength": 0.670136570930481, "tonal.key_krumhansl.strength": 0.6773122549057007, "tonal.key_temperley.strength": 0.6852799654006958, "tonal.tuning_diatonic_strength": 0.6556990742683411, "tonal.tuning_equal_tempered_deviation": 0.20895196497440338, "tonal.tuning_frequency": 434.193115234375, "tonal.tuning_nontempered_energy_ratio": 0.9094236493110657, "lowlevel.barkbands.mean": [0.001585772610269487, 0.008679166436195374, 0.0058184959925711155, 0.006467291619628668, 0.006703956983983517, 0.0001926616096170619, 0.00019526462710928172, 0.0004026666865684092, 0.00017810544522944838, 0.00015220722707454115, 0.00024357593792956322, 0.0006521558971144259, 0.0006937335710972548, 0.00023407030676025897, 0.00014644720067735761, 0.00017490025493316352, 0.0001930988219100982, 0.0001713215751806274, 8.980543498182669e-05, 8.215570414904505e-05, 0.0001331270905211568, 0.0002802319941110909, 0.00020770436094608158, 7.826527144061401e-05, 3.2362986530642956e-05, 2.5998531782533973e-05, 4.156087925366592e-06], "lowlevel.barkbands.stdev": [0.0026738394517451525, 0.015651287510991096, 0.006919722072780132, 0.01116238534450531, 0.010841635055840015, 0.0004763661709148437, 0.00057262770133093, 0.0013189972378313541, 0.00044851453276351094, 0.0006846830365248024, 0.0008473898633383214, 0.0017590749775990844, 0.0022027711383998394, 0.0006974861607886851, 0.00035068942815996706, 0.00040326151065528393, 0.00042090940405614674, 0.00029471568996086717, 0.00014709425158798695, 0.00014310568803921342, 0.00023539982794318348, 0.0004841696936637163, 0.0003530328394845128, 0.00016764826432336122, 6.805534212617204e-05, 3.5855340684065595e-05, 6.3064358073461335e-06], "lowlevel.erbbands.mean": [0.3040866255760193, 1.7183934450149536, 5.992726802825928, 14.911993980407715, 34.47556686401367, 11.47411060333252, 3.3418753147125244, 1.8082489967346191, 1.829712986946106, 7.405431747436523, 6.324924945831299, 4.443249225616455, 4.35066032409668, 6.243183135986328, 12.949824333190918, 30.211894989013672, 34.07086181640625, 15.301420211791992, 8.577218055725098, 8.459893226623535, 9.545221328735352, 10.232922554016113, 10.517553329467773, 5.354447841644287, 4.5413665771484375, 3.6904616355895996, 4.7119669914245605, 5.975529193878174, 10.066863059997559, 9.851168632507324, 4.699015140533447, 2.112356424331665, 1.1288307905197144, 0.5133615136146545, 0.13217605650424957, 0.05377962067723274, 0.0587894544005394, 0.01792648434638977, 0.0004217283276375383, 4.8656911530997604e-05], "lowlevel.erbbands.stdev": [0.5570311546325684, 3.409203290939331, 8.221234321594238, 17.055177688598633, 59.74213409423828, 19.685405731201172, 6.6303486824035645, 4.717021465301514, 5.537374496459961, 20.461746215820312, 26.163911819458008, 11.066208839416504, 12.519761085510254, 25.650108337402344, 36.741641998291016, 77.77398681640625, 102.32380676269531, 41.3787956237793, 21.029245376586914, 18.668935775756836, 19.055755615234375, 20.489158630371094, 18.240278244018555, 7.856451988220215, 7.312751293182373, 6.1792144775390625, 8.350692749023438, 10.902704238891602, 17.866127014160156, 16.470539093017578, 8.210756301879883, 4.213860034942627, 2.6167361736297607, 1.175788402557373, 0.23744620382785797, 0.097513847053051, 0.08172998577356339, 0.024459728971123695, 0.0005596746923401952, 4.309139330871403e-05], "lowlevel.gfcc.mean": [-33.21141815185547, 73.46026611328125, -73.14453887939453, 62.824405670166016, -35.11629867553711, 29.94377326965332, -31.760976791381836, -11.513163566589355, -27.024120330810547, -10.14052677154541, -24.620777130126953, 2.0420784950256348, -28.208412170410156], "lowlevel.melbands.mean": [0.002549426630139351, 0.002913990058004856, 0.00330945011228323, 0.0016856950242072344, 0.0001494583993917331, 3.7255147617543116e-05, 3.0496408726321533e-05, 8.627987699583173e-05, 4.585712667903863e-05, 2.7169995519216172e-05, 2.144923564628698e-05, 2.3678743673372082e-05, 3.746087895706296e-05, 5.930545012233779e-05, 0.00010241234849672765, 5.1769278798019513e-05, 2.6453584723640233e-05, 1.3722315088671166e-05, 1.0047755495179445e-05, 1.3484319424605928e-05, 1.0683387699828018e-05, 1.033543321682373e-05, 1.1219158295716625e-05, 7.863145583542064e-06, 3.865443886752473e-06, 3.3311800962110283e-06, 3.1045826744957594e-06, 2.2179481220518937e-06, 2.8204995032865554e-06, 3.2362343063141452e-06, 3.400535206310451e-06, 5.702191629097797e-06, 5.707325271941954e-06, 5.472879365697736e-06, 2.852169245670666e-06, 1.7110605767811649e-06, 1.1252808462813846e-06, 8.842206966619415e-07, 6.152064884190622e-07, 3.489615778562438e-07], "lowlevel.melbands.stdev": [0.00445836316794157, 0.004177862778306007, 0.0045359935611486435, 0.0028416570276021957, 0.00029720389284193516, 9.640517237130553e-05, 9.4237519078888e-05, 0.0002444929559715092, 0.0001999006635742262, 6.96795541443862e-05, 6.447960186051205e-05, 0.00010968279093503952, 0.00012725719716399908, 0.00016644936113152653, 0.0002756135072559118, 0.00016519136261194944, 8.349937706952915e-05, 3.744066270883195e-05, 2.2392354367184453e-05, 3.46115994034335e-05, 2.258863241877407e-05, 2.290326119691599e-05, 2.240527464891784e-05, 1.4145844033919275e-05, 6.192829459905624e-06, 5.87292151976726e-06, 5.37170944880927e-06, 3.91019557355321e-06, 5.348420927475672e-06, 5.948289071966428e-06, 6.527860023197718e-06, 1.0818440387083683e-05, 9.704924195830245e-06, 9.577563105267473e-06, 5.161139597475994e-06, 3.290431550340145e-06, 2.480778221070068e-06, 2.1495197870535776e-06, 1.407911668138695e-06, 8.117636411952844e-07], "lowlevel.melbands128.mean": [0.0013980482472106814, 0.0028294925577938557, 0.0024841437116265297, 0.003031886648386717, 0.0029437451157718897, 0.002959498204290867, 0.0027237010654062033, 0.0035920115187764168, 0.004203335847705603, 0.0014117712853476405, 0.0003138075699098408, 0.00025685864966362715, 8.570142381358892e-05, 4.341968087828718e-05, 4.699095370597206e-05, 2.797260822262615e-05, 2.082265018543694e-05, 2.5566938347765245e-05, 4.6628712880192325e-05, 9.755907376529649e-05, 0.00010621541878208518, 5.2246712584747e-05, 4.76920758956112e-05, 2.152059823856689e-05, 2.846308780135587e-05, 2.9509967134799808e-05, 2.416484676359687e-05, 2.0948320525349118e-05, 1.5378009265987203e-05, 2.805627264024224e-05, 2.079839941870887e-05, 2.7324273105477914e-05, 4.0706436266191304e-05, 4.471523061511107e-05, 3.7869918742217124e-05, 6.71528687234968e-05, 8.590160723542795e-05, 0.00010760266741272062, 0.00012691480515059084, 6.0495225625345483e-05, 3.722082692547701e-05, 2.8137028493802063e-05, 2.733244764385745e-05, 2.815900916175451e-05, 1.2370323929644655e-05, 1.268120831809938e-05, 1.2849292033934034e-05, 9.083006261789706e-06, 9.157160093309358e-06, 1.1043152881029528e-05, 1.627889105293434e-05, 1.3926873180025723e-05, 8.187995263142511e-06, 1.0644957910699304e-05, 1.2801922821381595e-05, 8.13292535895016e-06, 1.023550248646643e-05, 1.3085918908473104e-05, 1.085233179765055e-05, 9.556731129123364e-06, 9.297672477259766e-06, 4.969605470250826e-06, 4.208521204418503e-06, 3.5585389923653565e-06, 3.180777866873541e-06, 3.52726124219771e-06, 3.1439433314517373e-06, 3.3900180369528243e-06, 3.252541546316934e-06, 2.5545330117893172e-06, 1.963512886504759e-06, 2.0398065316840075e-06, 2.7975129341939464e-06, 3.1618997127225157e-06, 2.5196627575496677e-06, 3.1163133371592266e-06, 3.936534085369203e-06, 2.9241984975669766e-06, 3.3348362649121555e-06, 3.166627038808656e-06, 6.237138222786598e-06, 6.6783295551431365e-06, 5.207181402511196e-06, 5.95047004026128e-06, 5.488947408593958e-06, 6.143763130239677e-06, 5.535330728889676e-06, 3.979730990977259e-06, 2.522848490116303e-06, 2.2807548702985514e-06, 1.930322923726635e-06, 1.5769935544085456e-06, 1.259089685845538e-06, 1.0340040716982912e-06, 1.0794801710289903e-06, 1.2126885167162982e-06, 8.000320690371154e-07, 4.5296059170141234e-07, 6.759064490324818e-07, 7.124979788386554e-07, 4.3720208964259655e-07, 3.112462252374826e-07, 1.8501015119909425e-07, 1.7568953580848756e-07, 1.3416320143733174e-07, 1.1397757049280699e-07, 9.569171766088402e-08, 7.336269902680215e-08, 6.396207652414887e-08, 9.769659214953208e-08, 1.2349627809271624e-07, 1.4267887138430524e-07, 2.1976474329221674e-07, 2.5476373366473126e-07, 2.0568685954458488e-07, 2.180342022484183e-07, 1.6968670024652965e-07, 2.297992551802963e-08, 4.828347357349605e-12, 4.106999896419383e-12, 3.772740366642102e-12, 3.668049371186033e-12, 3.580019093674114e-12, 3.5066305328207426e-12, 3.4084126580152807e-12, 3.2724350573082317e-12, 3.1956171649832887e-12, 3.170244665742783e-12], "lowlevel.melbands128.stdev": [0.00237520900554955, 0.0053446972742676735, 0.005140366964042187, 0.00630349712446332, 0.0051801749505102634, 0.003244319697842002, 0.0027736083138734102, 0.007317100185900927, 0.007255293894559145, 0.002491157967597246, 0.0007273974479176104, 0.0005084187141619623, 0.00021135977294761688, 0.0001201071499963291, 0.00015707462443970144, 7.601198012707755e-05, 7.4678951932583e-05, 0.00012182252248749137, 0.0001744285982567817, 0.0002893222263082862, 0.0003841233847197145, 0.00023821729701012373, 0.00033346566488035023, 8.357875049114227e-05, 9.651780419517308e-05, 0.00010418766760267317, 8.480910764774308e-05, 9.797466918826103e-05, 6.723554542986676e-05, 0.00020499878155533224, 0.00011400124640204012, 0.00012418213009368628, 0.0002083604922518134, 0.00017256251885555685, 0.00013697556278202683, 0.00029767295927740633, 0.0002914712531492114, 0.000388302025385201, 0.0005435137427411973, 0.000255188177106902, 0.0001871697895694524, 0.00013131725427228957, 0.00011513584468048066, 0.00012081680324627087, 4.730024011223577e-05, 5.746564420405775e-05, 4.0937000449048355e-05, 2.8887588996440172e-05, 2.7587182557908818e-05, 3.524898420437239e-05, 5.812949893879704e-05, 3.7211681046755984e-05, 2.677709017007146e-05, 3.1615938496543095e-05, 4.095111944479868e-05, 2.4273382223327644e-05, 2.7453854272607714e-05, 3.455819023656659e-05, 2.6169331249548122e-05, 1.9491293642204255e-05, 2.1991223547956906e-05, 9.291784408560488e-06, 7.625951184309088e-06, 6.712015874654753e-06, 6.80000766806188e-06, 7.349582574533997e-06, 5.7562615438655484e-06, 6.405211479432182e-06, 6.899901563883759e-06, 4.736823029816151e-06, 4.016005277662771e-06, 3.959615241910797e-06, 6.1221630858199205e-06, 6.653744094364811e-06, 4.9573404794500675e-06, 6.3359589148603845e-06, 7.964952601469122e-06, 6.084161213948391e-06, 7.4144909376627766e-06, 6.198727078299271e-06, 1.4579091839550529e-05, 1.312340646109078e-05, 9.688148566056043e-06, 1.1039735909434967e-05, 1.0701818609959446e-05, 1.1604772225837223e-05, 1.0745796316768974e-05, 7.826324690540787e-06, 4.903070021100575e-06, 4.642148724087747e-06, 4.169740350334905e-06, 3.286631908849813e-06, 2.6258351226715604e-06, 2.7356659302313346e-06, 2.5380529677931918e-06, 2.8696351819235133e-06, 2.4325970571226208e-06, 1.1775397297242307e-06, 1.5253668834702694e-06, 1.738043920340715e-06, 1.2702612366410904e-06, 6.911189984748489e-07, 4.4053240344510414e-07, 3.637498480202339e-07, 2.74006367817492e-07, 2.698165246783901e-07, 2.3126068526835297e-07, 1.9106698800896993e-07, 1.538712126603059e-07, 2.3528028236796672e-07, 3.3957070399992517e-07, 2.3708045659986965e-07, 3.3049926173589483e-07, 3.9606382529200346e-07, 3.245158382014779e-07, 3.0820743290860264e-07, 2.622090846671199e-07, 3.645382307126965e-08, 2.2274114844234028e-11, 1.170083648027731e-11, 7.175712714996285e-12, 6.973056247000509e-12, 6.8275112126425785e-12, 6.699198053933264e-12, 6.5562355891501944e-12, 6.435095512014044e-12, 6.372822842354298e-12, 6.338006508510574e-12], "lowlevel.mfcc.mean": [-689.2095336914062, 97.99069213867188, 31.94707679748535, 42.60475158691406, 24.4431209564209, 39.5203742980957, 5.8604607582092285, 17.533803939819336, -5.822968482971191, -6.691253185272217, 1.693054437637329, -1.4458109140396118, -5.436855316162109], "lowlevel.spectral_contrast_coeffs.mean": [-0.6164590716362, -0.7747639417648315, -0.7863668203353882, -0.7909339666366577, -0.8043485879898071, -0.7201699018478394], "lowlevel.spectral_contrast_coeffs.stdev": [0.06813684105873108, 0.07957132905721664, 0.08613520115613937, 0.06817103177309036, 0.05265196040272713, 0.05495057255029678], "lowlevel.spectral_contrast_valleys.mean": [-6.734440803527832, -8.04067325592041, -8.331498146057129, -8.273693084716797, -8.106229782104492, -10.546177864074707], "lowlevel.spectral_contrast_valleys.stdev": [0.5937722325325012, 0.7897893190383911, 0.8349485397338867, 0.7914642095565796, 0.8699878454208374, 0.825352132320404], "rhythm.beats_loudness_band_ratio.mean": [0.7497602105140686, 0.1269044578075409, 0.025479866191744804, 0.06948424130678177, 0.03150109201669693, 0.07325399667024612], "rhythm.beats_loudness_band_ratio.stdev": [0.1470213085412979, 0.11607739329338074, 0.03369401395320892, 0.09631957113742828, 0.029272813349962234, 0.06786064803600311], "tonal.hpcp.mean": [0.021231351420283318, 0.020736373960971832, 0.014757108874619007, 0.016534019261598587, 0.019224559888243675, 0.01816050335764885, 0.025425191968679428, 0.037446945905685425, 0.07629510015249252, 0.288609117269516, 0.3062358796596527, 0.11331143230199814, 0.07250984758138657, 0.05126141756772995, 0.04723043739795685, 0.12457887828350067, 0.15974602103233337, 0.08495808392763138, 0.044798072427511215, 0.04047837108373642, 0.03594937175512314, 0.058857716619968414, 0.06338856369256973, 0.07881244271993637, 0.2366073876619339, 0.2593751847743988, 0.12322494387626648, 0.09694556891918182, 0.08664605021476746, 0.11736609041690826, 0.4163348376750946, 0.41169121861457825, 0.09394262731075287, 0.024910468608140945, 0.013675366528332233, 0.013188348151743412], "tonal.hpcp.stdev": [0.08978019654750824, 0.09223239868879318, 0.06704732775688171, 0.061342328786849976, 0.07916484028100967, 0.0757226049900055, 0.07183582335710526, 0.10777515172958374, 0.1490987092256546, 0.3433152437210083, 0.35096168518066406, 0.19733308255672455, 0.18393461406230927, 0.1534540206193924, 0.13035304844379425, 0.2310563325881958, 0.2902727723121643, 0.16895875334739685, 0.13263791799545288, 0.1343664675951004, 0.11653554439544678, 0.16704989969730377, 0.1757478564977646, 0.18363700807094574, 0.3671870231628418, 0.3797137141227722, 0.24734856188297272, 0.24022060632705688, 0.23029546439647675, 0.22041364014148712, 0.3998594582080841, 0.4004795253276825, 0.17386771738529205, 0.10475632548332214, 0.07291276007890701, 0.05938928946852684], "rhythm.beats_position": [0.4643990993499756, 0.9287981986999512, 1.3351473808288574, 1.7414965629577637, 2.1362357139587402, 2.530975103378296, 2.9257142543792725, 3.3320634365081787, 3.738412618637085, 4.133152008056641, 4.527891159057617, 4.934240341186523, 5.3289794921875, 5.735328674316406, 6.130067825317383, 6.524806976318359, 6.931156158447266, 7.337505340576172, 7.732244968414307, 8.126983642578125, 8.533332824707031, 8.939682006835938, 9.334421157836914, 9.729161262512207, 10.123900413513184, 10.53024959564209, 10.936598777770996, 11.331337928771973, 11.72607707977295, 12.132426261901855, 12.538775444030762, 12.933514595031738, 13.328253746032715, 13.722992897033691, 14.129342079162598, 14.535691261291504, 14.93043041229248, 15.325169563293457, 15.731518745422363, 16.137868881225586, 16.532608032226562, 16.92734718322754, 17.333696365356445, 17.74004554748535, 18.134784698486328, 18.529523849487305, 18.92426300048828, 19.330612182617188, 19.725351333618164, 20.13170051574707, 20.526439666748047, 20.921178817749023, 21.32752799987793, 21.733877182006836, 22.128616333007812, 22.52335548400879, 22.918094635009766, 23.3360538482666, 23.730792999267578, 24.125532150268555, 24.52027130126953, 24.938230514526367, 25.332969665527344, 25.72770881652832, 26.134057998657227, 26.540407180786133, 26.93514633178711, 27.329885482788086, 27.724624633789062, 28.13097381591797, 28.537322998046875, 28.93206214904785, 29.326801300048828, 29.721542358398438, 30.127891540527344, 30.53424072265625, 30.928979873657227, 31.323719024658203, 31.73006820678711, 32.136417388916016, 32.53115463256836, 32.92589569091797, 33.332244873046875, 33.73859405517578, 34.133331298828125, 34.528072357177734, 34.93442153930664, 35.34077072143555], "rhythm.bpm_histogram": [0.0, 0.0, 0.0, 0.0, 0.0, 0.0, 0.0, 0.0, 0.0, 0.0, 0.0, 0.0, 0.0, 0.0, 0.0, 0.0, 0.0, 0.0, 0.0, 0.0, 0.0, 0.0, 0.0, 0.0, 0.0, 0.0, 0.0, 0.0, 0.0, 0.0, 0.0, 0.0, 0.0, 0.0, 0.0, 0.0, 0.0, 0.0, 0.0, 0.0, 0.0, 0.0, 0.0, 0.0, 0.0, 0.0, 0.0, 0.0, 0.0, 0.0, 0.0, 0.0, 0.0, 0.0, 0.0, 0.0, 0.0, 0.0, 0.0, 0.0, 0.0, 0.0, 0.0, 0.0, 0.0, 0.0, 0.0, 0.0, 0.0, 0.0, 0.0, 0.0, 0.0, 0.0, 0.0, 0.0, 0.0, 0.0, 0.0, 0.0, 0.0, 0.0, 0.0, 0.0, 0.0, 0.0, 0.0, 0.0, 0.0, 0.0, 0.0, 0.0, 0.0, 0.0, 0.0, 0.0, 0.0, 0.0, 0.0, 0.0, 0.0, 0.0, 0.0, 0.0, 0.0, 0.0, 0.0, 0.0, 0.0, 0.0, 0.0, 0.0, 0.0, 0.0, 0.0, 0.0, 0.0, 0.0, 0.0, 0.0, 0.0, 0.0, 0.0, 0.0, 0.0, 0.0, 0.0, 0.0, 0.0, 0.01149425283074379, 0.0, 0.0, 0.0, 0.0, 0.0, 0.0, 0.0, 0.0, 0.0, 0.0, 0.0, 0.0, 0.0, 0.0, 0.02298850566148758, 0.0, 0.0, 0.0, 0.4137931168079376, 0.0, 0.0, 0.0, 0.5517241358757019, 0.0, 0.0, 0.0, 0.0, 0.0, 0.0, 0.0, 0.0, 0.0, 0.0, 0.0, 0.0, 0.0, 0.0, 0.0, 0.0, 0.0, 0.0, 0.0, 0.0, 0.0, 0.0, 0.0, 0.0, 0.0, 0.0, 0.0, 0.0, 0.0, 0.0, 0.0, 0.0, 0.0, 0.0, 0.0, 0.0, 0.0, 0.0, 0.0, 0.0, 0.0, 0.0, 0.0, 0.0, 0.0, 0.0, 0.0, 0.0, 0.0, 0.0, 0.0, 0.0, 0.0, 0.0, 0.0, 0.0, 0.0, 0.0, 0.0, 0.0, 0.0, 0.0, 0.0, 0.0, 0.0, 0.0, 0.0, 0.0, 0.0, 0.0, 0.0, 0.0, 0.0, 0.0, 0.0, 0.0, 0.0, 0.0, 0.0, 0.0, 0.0, 0.0, 0.0, 0.0, 0.0, 0.0, 0.0, 0.0, 0.0, 0.0, 0.0, 0.0, 0.0, 0.0, 0.0, 0.0, 0.0], "tonal.chords_histogram": [38.441558837890625, 0.0, 5.974026203155518, 0.0, 0.0, 0.0, 0.0, 0.0, 0.0, 0.0, 0.0, 0.0, 0.0, 0.0, 0.0, 27.14285659790039, 0.0, 18.441558837890625, 0.0, 5.584415435791016, 0.5194805264472961, 0.0, 3.896103858947754, 0.0], "tonal.thpcp": [1.0, 0.9888464212417603, 0.22564201056957245, 0.059832774102687836, 0.03284703940153122, 0.03167726472020149, 0.050995856523513794, 0.04980696365237236, 0.03544528782367706, 0.03971327468752861, 0.04617571830749512, 0.043619945645332336, 0.061069097369909286, 0.08994430303573608, 0.1832541823387146, 0.693213939666748, 0.7355518937110901, 0.2721641957759857, 0.17416232824325562, 0.12312545627355576, 0.11344339698553085, 0.29922759532928467, 0.3836960196495056, 0.20406191051006317, 0.10760106891393661, 0.09722551703453064, 0.08634725958108902, 0.14137110114097595, 0.15225380659103394, 0.18930062651634216, 0.5683103203773499, 0.6229965686798096, 0.29597556591033936, 0.23285481333732605, 0.20811626315116882, 0.28190311789512634], "lowlevel.gfcc.cov": [[4303.169921875, -583.9802856445312, -1050.017333984375, -249.6237335205078, -390.14678955078125, -63.84017562866211, 109.45526885986328, 186.9388885498047, 99.94976043701172, 124.7637939453125, -21.061447143554688, 8.215310096740723, -165.7799530029297], [-583.9802856445312, 940.6054077148438, -78.87471008300781, -421.2058410644531, 157.36070251464844, 137.11102294921875, 195.55789184570312, 30.499887466430664, 82.77417755126953, -12.826866149902344, 117.74473571777344, -0.6892163157463074, -23.996360778808594], [-1050.017333984375, -78.87471008300781, 862.9547119140625, 364.1126403808594, 176.44288635253906, 32.50931930541992, -39.28346252441406, -56.19923782348633, -116.6311264038086, 3.2594735622406006, 1.4427391290664673, 23.857629776000977, 116.2979965209961], [-249.6237335205078, -421.2058410644531, 364.1126403808594, 708.7940063476562, 131.6367645263672, -219.50735473632812, -209.44412231445312, -3.307705879211426, 42.20205307006836, -42.762786865234375, -40.48632049560547, 70.22259521484375, 85.75763702392578], [-390.14678955078125, 157.36070251464844, 176.44288635253906, 131.6367645263672, 370.5562438964844, 63.82606506347656, -0.7707140445709229, 54.67462921142578, 60.329261779785156, 12.79060173034668, 9.98585319519043, 28.81884765625, 84.22714233398438], [-63.84017562866211, 137.11102294921875, 32.50931930541992, -219.50735473632812, 63.82606506347656, 355.0685729980469, 225.66885375976562, -13.778837203979492, -80.39456939697266, 52.55270004272461, 71.14962768554688, -30.04074478149414, 8.676595687866211], [109.45526885986328, 195.55789184570312, -39.28346252441406, -209.44412231445312, -0.7707140445709229, 225.66885375976562, 329.2133483886719, 44.92710876464844, -57.618194580078125, 24.442291259765625, 95.85653686523438, 27.4456844329834, -35.1934814453125], [186.9388885498047, 30.499887466430664, -56.19923782348633, -3.307705879211426, 54.67462921142578, -13.778837203979492, 44.92710876464844, 209.09251403808594, 110.14424133300781, 8.430085182189941, 5.239904880523682, 25.996580123901367, 1.2883199453353882], [99.94976043701172, 82.77417755126953, -116.6311264038086, 42.20205307006836, 60.329261779785156, -80.39456939697266, -57.618194580078125, 110.14424133300781, 215.80123901367188, 30.090036392211914, -8.578134536743164, 3.8400557041168213, -17.112096786499023], [124.7637939453125, -12.826866149902344, 3.2594735622406006, -42.762786865234375, 12.79060173034668, 52.55270004272461, 24.442291259765625, 8.430085182189941, 30.090036392211914, 126.36347961425781, 42.78609848022461, -21.278501510620117, -17.14165496826172], [-21.061447143554688, 117.74473571777344, 1.4427391290664673, -40.48632049560547, 9.98585319519043, 71.14962768554688, 95.85653686523438, 5.239904880523682, -8.578134536743164, 42.78609848022461, 122.81800079345703, 42.548973083496094, -30.441282272338867], [8.215310096740723, -0.6892163157463074, 23.857629776000977, 70.22259521484375, 28.81884765625, -30.04074478149414, 27.4456844329834, 25.996580123901367, 3.8400557041168213, -21.278501510620117, 42.548973083496094, 121.12591552734375, 16.196613311767578], [-165.7799530029297, -23.996360778808594, 116.2979965209961, 85.75763702392578, 84.22714233398438, 8.676595687866211, -35.1934814453125, 1.2883199453353882, -17.112096786499023, -17.14165496826172, -30.441282272338867, 16.196613311767578, 108.60426330566406]], "lowlevel.gfcc.icov": [[0.0004565477720461786, 0.00028383012977428734, 0.0005719855544157326, -6.672906602034345e-05, 0.00013438021414913237, 9.049870277522132e-05, -0.00028932688292115927, -0.0003195760364178568, 0.00017936769290827215, -0.0005808971473015845, 0.0002347662375541404, -0.00017245011986233294, 2.6483636247576214e-05], [0.00028383012977428734, 0.004229080863296986, -0.0007974863983690739, 0.0037718615494668484, -0.0023422525264322758, 0.002407542895525694, -0.0019884295761585236, 0.0018888349877670407, -0.0037310186307877302, 0.0036596034187823534, -0.005060300230979919, 0.00191586057189852, -0.0015136750880628824], [0.0005719855544157326, -0.0007974863983690739, 0.0030792192555963993, -0.002260883105918765, 0.00028877874137833714, -0.000777220877353102, 8.51813456392847e-05, -0.0010726144537329674, 0.0027267204131931067, -0.002444349927827716, 0.0015726534184068441, -0.0004055749741382897, -0.00039160079904831946], [-6.672906602034345e-05, 0.0037718615494668484, -0.002260883105918765, 0.006498489063233137, -0.002777922200039029, 0.0035198896657675505, -0.000869590207003057, 0.0021883142180740833, -0.004143407568335533, 0.004205362405627966, -0.005274924915283918, 0.0009588423417881131, -0.002024033572524786], [0.00013438021414913237, -0.0023422525264322758, 0.00028877874137833714, -0.002777922200039029, 0.005923817399889231, -0.0030367656145244837, 0.00136317010037601, -0.0016994584584608674, 0.000300573039567098, -0.0022723940201103687, 0.002625897526741028, -0.0016871995758265257, -0.0016414104029536247], [9.049870277522132e-05, 0.002407542895525694, -0.000777220877353102, 0.0035198896657675505, -0.0030367656145244837, 0.009456350468099117, -0.005683457478880882, 0.002131072338670492, -0.000959337514359504, 0.0007697485852986574, -0.004716446157544851, 0.004313942044973373, -0.0035394327715039253], [-0.00028932688292115927, -0.0019884295761585236, 8.51813456392847e-05, -0.000869590207003057, 0.00136317010037601, -0.005683457478880882, 0.009410498663783073, -0.0035274960100650787, 0.0032658628188073635, -0.00037107488606125116, -0.0002565237518865615, -0.00309976888820529, 0.003049047663807869], [-0.0003195760364178568, 0.0018888349877670407, -0.0010726144537329674, 0.0021883142180740833, -0.0016994584584608674, 0.002131072338670492, -0.0035274960100650787, 0.009264607913792133, -0.006575640756636858, 0.002586010145023465, -0.001802967512048781, 0.00027282326482236385, -0.0019290626514703035], [0.00017936769290827215, -0.0037310186307877302, 0.0027267204131931067, -0.004143407568335533, 0.000300573039567098, -0.000959337514359504, 0.0032658628188073635, -0.006575640756636858, 0.013497513718903065, -0.006630194839090109, 0.005201233550906181, -0.0017040487146005034, 0.00357341137714684], [-0.0005808971473015845, 0.0036596034187823534, -0.002444349927827716, 0.004205362405627966, -0.0022723940201103687, 0.0007697485852986574, -0.00037107488606125116, 0.002586010145023465, -0.006630194839090109, 0.015971096232533455, -0.010492722503840923, 0.0052640847861766815, -0.0014813713496550918], [0.0002347662375541404, -0.005060300230979919, 0.0015726534184068441, -0.005274924915283918, 0.002625897526741028, -0.004716446157544851, -0.0002565237518865615, -0.001802967512048781, 0.005201233550906181, -0.010492722503840923, 0.02324589341878891, -0.009774044156074524, 0.007136807311326265], [-0.00017245011986233294, 0.00191586057189852, -0.0004055749741382897, 0.0009588423417881131, -0.0016871995758265257, 0.004313942044973373, -0.00309976888820529, 0.00027282326482236385, -0.0017040487146005034, 0.0052640847861766815, -0.009774044156074524, 0.014946643263101578, -0.0046129426918923855], [2.6483636247576214e-05, -0.0015136750880628824, -0.00039160079904831946, -0.002024033572524786, -0.0016414104029536247, -0.0035394327715039253, 0.003049047663807869, -0.0019290626514703035, 0.00357341137714684, -0.0014813713496550918, 0.007136807311326265, -0.0046129426918923855, 0.016515584662556648]], "lowlevel.mfcc.cov": [[4876.11865234375, -695.333251953125, -877.6826782226562, -325.3966369628906, -550.8639526367188, -305.8460998535156, -212.33642578125, -22.606950759887695, -15.975126266479492, 69.92554473876953, 153.35484313964844, 61.8618049621582, 40.48698425292969], [-695.333251953125, 1197.8994140625, -186.04991149902344, -439.0169677734375, -74.71632385253906, 79.77023315429688, 173.4473419189453, 117.80091857910156, 18.5925235748291, 27.70269775390625, 139.16400146484375, 96.82203674316406, 13.067556381225586], [-877.6826782226562, -186.04991149902344, 600.0337524414062, 230.96885681152344, 100.08952331542969, 99.31417846679688, 111.02638244628906, -49.873714447021484, -26.58772087097168, -38.94443893432617, -83.50756072998047, -29.173194885253906, 0.31366369128227234], [-325.3966369628906, -439.0169677734375, 230.96885681152344, 690.533203125, 305.8717346191406, -86.50606536865234, -190.73158264160156, 4.036043643951416, 21.085668563842773, -67.5618667602539, -101.84284210205078, -20.384008407592773, 48.83780288696289], [-550.8639526367188, -74.71632385253906, 100.08952331542969, 305.8717346191406, 443.4505615234375, 9.702799797058105, -101.98294830322266, -16.501367568969727, 100.23294830322266, 28.295045852661133, -63.027870178222656, -31.566831588745117, 16.908523559570312], [-305.8460998535156, 79.77023315429688, 99.31417846679688, -86.50606536865234, 9.702799797058105, 251.58236694335938, 185.77197265625, -24.203351974487305, -26.797950744628906, 13.763141632080078, 3.561934471130371, -13.4141206741333, -20.114471435546875], [-212.33642578125, 173.4473419189453, 111.02638244628906, -190.73158264160156, -101.98294830322266, 185.77197265625, 385.1820983886719, 58.42853546142578, -18.0032901763916, 7.329542636871338, 25.579368591308594, 28.037616729736328, -19.54620933532715], [-22.606950759887695, 117.80091857910156, -49.873714447021484, 4.036043643951416, -16.501367568969727, -24.203351974487305, 58.42853546142578, 208.09817504882812, 37.927940368652344, -33.45923614501953, 41.31623458862305, 53.814720153808594, 19.881513595581055], [-15.975126266479492, 18.5925235748291, -26.58772087097168, 21.085668563842773, 100.23294830322266, -26.797950744628906, -18.0032901763916, 37.927940368652344, 148.97348022460938, 62.80118179321289, -15.448382377624512, -7.966830730438232, 6.527759075164795], [69.92554473876953, 27.70269775390625, -38.94443893432617, -67.5618667602539, 28.295045852661133, 13.763141632080078, 7.329542636871338, -33.45923614501953, 62.80118179321289, 141.2240447998047, 35.83552551269531, -6.5434088706970215, -10.890472412109375], [153.35484313964844, 139.16400146484375, -83.50756072998047, -101.84284210205078, -63.027870178222656, 3.561934471130371, 25.579368591308594, 41.31623458862305, -15.448382377624512, 35.83552551269531, 159.0453338623047, 83.62699890136719, 17.082569122314453], [61.8618049621582, 96.82203674316406, -29.173194885253906, -20.384008407592773, -31.566831588745117, -13.4141206741333, 28.037616729736328, 53.814720153808594, -7.966830730438232, -6.5434088706970215, 83.62699890136719, 149.54757690429688, 63.33500289916992], [40.48698425292969, 13.067556381225586, 0.31366369128227234, 48.83780288696289, 16.908523559570312, -20.114471435546875, -19.54620933532715, 19.881513595581055, 6.527759075164795, -10.890472412109375, 17.082569122314453, 63.33500289916992, 107.63087463378906]], "lowlevel.mfcc.icov": [[0.00046770740300416946, 0.0004500004288274795, 0.000679872406180948, 4.336538404459134e-05, 0.000465861230622977, 0.00023688972578383982, -0.00014505532453767955, 0.00018945155898109078, -0.00023923313710838556, -1.489024180045817e-05, -0.00029985516448505223, 7.979646397870965e-06, -0.0002865829155780375], [0.0004500004288274795, 0.0017712933477014303, 0.0007007772219367325, 0.0011147259501740336, -0.00024284365645144135, 0.0001817513257265091, -0.00026040777447633445, -0.00039305337122641504, -0.00014459552767220885, 0.00031506697996519506, -0.0007577906362712383, -0.0002540213172324002, -0.00048435150529257953], [0.000679872406180948, 0.0007007772219367325, 0.0035953184124082327, -0.0010841988259926438, 0.0006548615056090057, -4.898769111605361e-05, -0.001529724569991231, 0.0011500249383971095, -0.00022656346845906228, 0.00025440676836296916, 0.00014216318959370255, -8.879831148078665e-05, -0.0003924415213987231], [4.336538404459134e-05, 0.0011147259501740336, -0.0010841988259926438, 0.0041934652253985405, -0.0024121832102537155, 0.0006482144235633314, 0.0011449912562966347, -0.001382689457386732, 0.0010355474660173059, 0.0008258739835582674, 0.0004931443836539984, -0.00032909752917476, -0.000951709458604455], [0.000465861230622977, -0.00024284365645144135, 0.0006548615056090057, -0.0024121832102537155, 0.005353814922273159, -0.0015029991045594215, 0.0008347887778654695, 0.0008711256086826324, -0.003205686341971159, -0.0005372727755457163, 0.0001499448117101565, 5.260195393930189e-05, -9.909139043884352e-05], [0.00023688972578383982, 0.0001817513257265091, -4.898769111605361e-05, 0.0006482144235633314, -0.0015029991045594215, 0.007775213569402695, -0.003941578324884176, 0.0013593685580417514, 0.0015810492914170027, -0.00023878163483459502, -0.000880700652487576, 0.0012210154673084617, -0.0003816651878878474], [-0.00014505532453767955, -0.00026040777447633445, -0.001529724569991231, 0.0011449912562966347, 0.0008347887778654695, -0.003941578324884176, 0.006222279742360115, -0.002468316350132227, 1.6531315850443207e-05, -0.0007504880777560174, 0.001188425114378333, -0.001433166558854282, 0.0008670552633702755], [0.00018945155898109078, -0.00039305337122641504, 0.0011500249383971095, -0.001382689457386732, 0.0008711256086826324, 0.0013593685580417514, -0.002468316350132227, 0.0083670224994421, -0.004283756949007511, 0.0039647966623306274, -0.0025025594513863325, -0.000790252408478409, 0.00024708136334083974], [-0.00023923313710838556, -0.00014459552767220885, -0.00022656346845906228, 0.0010355474660173059, -0.003205686341971159, 0.0015810492914170027, 1.6531315850443207e-05, -0.004283756949007511, 0.013367495499551296, -0.0068763550370931625, 0.0036203081253916025, 5.274765862850472e-05, -0.0008804429089650512], [-1.489024180045817e-05, 0.00031506697996519506, 0.00025440676836296916, 0.0008258739835582674, -0.0005372727755457163, -0.00023878163483459502, -0.0007504880777560174, 0.0039647966623306274, -0.0068763550370931625, 0.013059758581221104, -0.005116376560181379, 0.00140308344271034, 0.0004878608451690525], [-0.00029985516448505223, -0.0007577906362712383, 0.00014216318959370255, 0.0004931443836539984, 0.0001499448117101565, -0.000880700652487576, 0.001188425114378333, -0.0025025594513863325, 0.0036203081253916025, -0.005116376560181379, 0.012981782667338848, -0.006612888537347317, 0.0015642405487596989], [7.979646397870965e-06, -0.0002540213172324002, -8.879831148078665e-05, -0.00032909752917476, 5.260195393930189e-05, 0.0012210154673084617, -0.001433166558854282, -0.000790252408478409, 5.274765862850472e-05, 0.00140308344271034, -0.006612888537347317, 0.01411651261150837, -0.006835423409938812], [-0.0002865829155780375, -0.00048435150529257953, -0.0003924415213987231, -0.000951709458604455, -9.909139043884352e-05, -0.0003816651878878474, 0.0008670552633702755, 0.00024708136334083974, -0.0008804429089650512, 0.0004878608451690525, 0.001564240548759