{"song_id": "1182282398247944222", "download": "https://cdn.discordapp.com/attachments/1135911532732108921/1182282398247944222/chirp.mp4?ex=65842149&amp", "lyrics": "[Verse]\nIn the depths of darkness, where shadows creep\nA requiem for a death, hauntingly deep\nMelancholy melodies, echoes of despair\nSpiraling in the air, a soul laid bare\n\n[Chorus]\nRequiem for a death, a somber refrain\nPiercing through our hearts, invoking pain\nThe chorus of loss, whispered in the night\nRequiem for a death, guiding our plight", "style": ["post punk"], "essentia_features": {"lowlevel.average_loudness": 0.8569068908691406, "lowlevel.barkbands_crest.mean": 12.430766105651855, "lowlevel.barkbands_crest.stdev": 2.8691890239715576, "lowlevel.barkbands_flatness_db.mean": 0.33837535977363586, "lowlevel.barkbands_flatness_db.stdev": 0.05340464413166046, "lowlevel.barkbands_kurtosis.mean": 11.393877029418945, "lowlevel.barkbands_kurtosis.stdev": 11.218295097351074, "lowlevel.barkbands_skewness.mean": 2.505829095840454, "lowlevel.barkbands_skewness.stdev": 1.0636727809906006, "lowlevel.barkbands_spread.mean": 4.034173011779785, "lowlevel.barkbands_spread.stdev": 3.4277842044830322, "lowlevel.dissonance.mean": 0.3346491754055023, "lowlevel.dissonance.stdev": 0.04701301082968712, "lowlevel.dynamic_complexity": 2.4632086753845215, "lowlevel.erbbands_crest.mean": 13.282282829284668, "lowlevel.erbbands_crest.stdev": 3.938063144683838, "lowlevel.erbbands_flatness_db.mean": 0.3039385676383972, "lowlevel.erbbands_flatness_db.stdev": 0.044349733740091324, "lowlevel.erbbands_kurtosis.mean": 1.3120269775390625, "lowlevel.erbbands_kurtosis.stdev": 2.920957088470459, "lowlevel.erbbands_skewness.mean": 0.9998982548713684, "lowlevel.erbbands_skewness.stdev": 0.7394012212753296, "lowlevel.erbbands_spread.mean": 17.116615295410156, "lowlevel.erbbands_spread.stdev": 7.276553630828857, "lowlevel.hfc.mean": 8.24984359741211, "lowlevel.hfc.stdev": 5.355754375457764, "lowlevel.loudness_ebu128.integrated": -20.494596481323242, "lowlevel.loudness_ebu128.loudness_range": 3.2154006958007812, "lowlevel.loudness_ebu128.momentary.mean": -21.509069442749023, "lowlevel.loudness_ebu128.momentary.stdev": 3.6709117889404297, "lowlevel.loudness_ebu128.short_term.mean": -20.80817985534668, "lowlevel.loudness_ebu128.short_term.stdev": 1.1936527490615845, "lowlevel.melbands_crest.mean": 17.948604583740234, "lowlevel.melbands_crest.stdev": 4.267143726348877, "lowlevel.melbands_flatness_db.mean": 0.42708832025527954, "lowlevel.melbands_flatness_db.stdev": 0.06322787702083588, "lowlevel.melbands_kurtosis.mean": 15.145242691040039, "lowlevel.melbands_kurtosis.stdev": 14.6018705368042, "lowlevel.melbands_skewness.mean": 2.82869553565979, "lowlevel.melbands_skewness.stdev": 1.1806907653808594, "lowlevel.melbands_spread.mean": 5.081258773803711, "lowlevel.melbands_spread.stdev": 5.546813488006592, "lowlevel.pitch_salience.mean": 0.45822468400001526, "lowlevel.pitch_salience.stdev": 0.09618573635816574, "lowlevel.silence_rate_20dB.mean": 1.0, "lowlevel.silence_rate_20dB.stdev": 0.0, "lowlevel.silence_rate_30dB.mean": 0.9808806777000427, "lowlevel.silence_rate_30dB.stdev": 0.13694451749324799, "lowlevel.silence_rate_60dB.mean": 0.03012746199965477, "lowlevel.silence_rate_60dB.stdev": 0.1709386110305786, "lowlevel.spectral_centroid.mean": 350.3681945800781, "lowlevel.spectral_centroid.stdev": 156.3603057861328, "lowlevel.spectral_complexity.mean": 7.426998615264893, "lowlevel.spectral_complexity.stdev": 1.7527161836624146, "lowlevel.spectral_decrease.mean": -7.851256533797368e-09, "lowlevel.spectral_decrease.stdev": 6.573320998626286e-09, "lowlevel.spectral_energy.mean": 0.030380727723240852, "lowlevel.spectral_energy.stdev": 0.025264116004109383, "lowlevel.spectral_energyband_high.mean": 1.076380522135878e-05, "lowlevel.spectral_energyband_high.stdev": 8.099729893729091e-05, "lowlevel.spectral_energyband_low.mean": 0.008224857039749622, "lowlevel.spectral_energyband_low.stdev": 0.01308941375464201, "lowlevel.spectral_energyband_middle_high.mean": 0.0010255509987473488, "lowlevel.spectral_energyband_middle_high.stdev": 0.0008974819793365896, "lowlevel.spectral_energyband_middle_low.mean": 0.026766011491417885, "lowlevel.spectral_energyband_middle_low.stdev": 0.023135589435696602, "lowlevel.spectral_entropy.mean": 5.489875316619873, "lowlevel.spectral_entropy.stdev": 0.4360484182834625, "lowlevel.spectral_flux.mean": 0.030110759660601616, "lowlevel.spectral_flux.stdev": 0.03530510142445564, "lowlevel.spectral_kurtosis.mean": 42.78044891357422, "lowlevel.spectral_kurtosis.stdev": 29.21100425720215, "lowlevel.spectral_rms.mean": 0.0050697834230959415, "lowlevel.spectral_rms.stdev": 0.001984192291274667, "lowlevel.spectral_rolloff.mean": 447.8667297363281, "lowlevel.spectral_rolloff.stdev": 538.66259765625, "lowlevel.spectral_skewness.mean": 4.823533535003662, "lowlevel.spectral_skewness.stdev": 1.6407119035720825, "lowlevel.spectral_spread.mean": 1910227.5, "lowlevel.spectral_spread.stdev": 953484.1875, "lowlevel.spectral_strongpeak.mean": 1.020207166671753, "lowlevel.spectral_strongpeak.stdev": 0.47854527831077576, "lowlevel.zerocrossingrate.mean": 0.017728060483932495, "lowlevel.zerocrossingrate.stdev": 0.01736457459628582, "metadata.audio_properties.analysis.equal_loudness": 0.0, "metadata.audio_properties.analysis.length": 40.04265213012695, "metadata.audio_properties.analysis.sample_rate": 44100.0, "metadata.audio_properties.analysis.start_time": 0.0, "metadata.audio_properties.bit_rate": 109317.0, "metadata.audio_properties.length": 40.042667388916016, "metadata.audio_properties.lossless": 0.0, "metadata.audio_properties.number_channels": 1.0, "metadata.audio_properties.replay_gain": -6.5892181396484375, "metadata.audio_properties.sample_rate": 48000.0, "rhythm.beats_count": 53.0, "rhythm.beats_loudness.mean": 0.049815770238637924, "rhythm.beats_loudness.stdev": 0.04107842966914177, "rhythm.bpm": 80.60918426513672, "rhythm.bpm_histogram_first_peak_bpm": 81.0, "rhythm.bpm_histogram_first_peak_weight": 0.038461506366729736, "rhythm.bpm_histogram_second_peak_bpm": 0.0, "rhythm.bpm_histogram_second_peak_spread": 0.0, "rhythm.bpm_histogram_second_peak_weight": 0.0, "rhythm.danceability": 1.0263869762420654, "rhythm.onset_rate": 3.7199389934539795, "tonal.chords_changes_rate": 0.009259259328246117, "tonal.chords_number_rate": 0.0034722222480922937, "tonal.chords_strength.mean": 0.46858182549476624, "tonal.chords_strength.stdev": 0.05767733231186867, "tonal.hpcp_crest.mean": 20.33941650390625, "tonal.hpcp_crest.stdev": 6.838610649108887, "tonal.hpcp_entropy.mean": 1.145129680633545, "tonal.hpcp_entropy.stdev": 0.4595492482185364, "tonal.key_edma.strength": 0.752799928188324, "tonal.key_krumhansl.strength": 0.7530878782272339, "tonal.key_temperley.strength": 0.7496950626373291, "tonal.tuning_diatonic_strength": 0.5670762062072754, "tonal.tuning_equal_tempered_deviation": 0.010608803480863571, "tonal.tuning_frequency": 440.2542419433594, "tonal.tuning_nontempered_energy_ratio": 0.5807307958602905, "lowlevel.barkbands.mean": [3.486219384285505e-06, 0.00010167762957280502, 0.0026629294734448195, 0.010558136738836765, 0.008156032301485538, 0.005782346241176128, 0.0014110724441707134, 0.00024246075190603733, 0.00019616536155808717, 0.00045742676593363285, 1.8954848201246932e-05, 0.00046776424278505147, 1.7257108993362635e-05, 0.0002532917133066803, 7.516965979448287e-06, 2.840786919477978e-06, 7.772773642500397e-06, 1.0165194908040576e-05, 8.501139745931141e-06, 5.163256446394371e-06, 1.1407993270040606e-06, 1.7877107438835083e-06, 2.1360028767958283e-06, 1.2736308008243213e-06, 2.105126441165339e-06, 1.3468644510794547e-06, 1.3933593834281055e-08], "lowlevel.barkbands.stdev": [5.752438028139295e-06, 0.0003247601562179625, 0.005164875648915768, 0.01254743617027998, 0.013048574328422546, 0.0038131552282720804, 0.0016936996253207326, 0.00031631041201762855, 0.00038930962909944355, 0.0008990811184048653, 3.4910335671156645e-05, 0.0006291237659752369, 5.4031330364523456e-05, 0.0002724773657973856, 2.0529119865386747e-05, 1.7221973394043744e-05, 1.6183219486265443e-05, 2.631927236507181e-05, 8.344587695319206e-05, 1.5663012163713574e-05, 4.153795998718124e-06, 1.0818304872373119e-05, 2.3240390873979777e-05, 1.0539329196035396e-05, 2.2315643946058117e-05, 1.2438731573638506e-05, 1.1438109481787251e-07], "lowlevel.erbbands.mean": [0.0015492374077439308, 0.058226779103279114, 1.9552974700927734, 22.326791763305664, 36.992740631103516, 14.169200897216797, 54.64811706542969, 27.709047317504883, 33.21657180786133, 11.09804916381836, 5.358455657958984, 3.614664316177368, 20.640663146972656, 2.6425716876983643, 2.369861364364624, 23.94708251953125, 2.5942044258117676, 13.828178405761719, 2.2757468223571777, 0.45223739743232727, 0.24751028418540955, 0.5031082034111023, 0.5944302082061768, 0.2470240741968155, 0.5090808272361755, 0.27987709641456604, 0.06557197868824005, 0.04893394187092781, 0.05995834246277809, 0.08229684084653854, 0.04871249943971634, 0.03065451979637146, 0.02020004205405712, 0.020679963752627373, 0.015954727306962013, 0.009200980886816978, 0.0017825416289269924, 0.00013181626854930073, 1.7083804777939804e-05, 3.364307849551551e-05], "lowlevel.erbbands.stdev": [0.0026410871651023626, 0.12130307406187057, 3.342794418334961, 28.89535140991211, 69.33191680908203, 30.339324951171875, 49.06997299194336, 21.61113929748535, 35.54890823364258, 24.510787963867188, 6.826752185821533, 5.282799243927002, 36.70209884643555, 3.1952245235443115, 2.4661407470703125, 32.36436462402344, 2.978423833847046, 15.079360961914062, 2.2805497646331787, 1.43459951877594, 0.960900604724884, 1.011066198348999, 1.0092445611953735, 2.1366677284240723, 4.6890788078308105, 0.8635552525520325, 0.25291019678115845, 0.14850741624832153, 0.31334972381591797, 0.8586361408233643, 0.48622047901153564, 0.2430347055196762, 0.20025745034217834, 0.23647341132164001, 0.1641286462545395, 0.09380660206079483, 0.012908432632684708, 0.0009256875491701066, 2.685743493202608e-05, 2.782947922241874e-05], "lowlevel.gfcc.mean": [-136.9676513671875, 184.78179931640625, -97.47123718261719, -6.721118927001953, -53.93051528930664, -11.306642532348633, -46.777198791503906, -30.95568084716797, -40.24568176269531, -12.335992813110352, -3.702787160873413, -15.376413345336914, -13.749798774719238], "lowlevel.melbands.mean": [1.7273410776397213e-05, 0.0009563366766087711, 0.004324798006564379, 0.0016979580977931619, 0.0015284139662981033, 0.0007820937316864729, 0.00046082225162535906, 9.394810331286862e-05, 3.4447464713593945e-05, 2.9450064175762236e-05, 0.00010251194180455059, 7.817147888999898e-06, 2.7436922209744807e-06, 5.096470340504311e-05, 2.7469654014566913e-05, 3.638941734607215e-06, 2.9979608370922506e-05, 4.027001978101907e-06, 4.654222038880107e-07, 3.840389410925127e-07, 2.755752745997597e-07, 5.330784915713593e-07, 6.961039957786852e-07, 2.809998136399372e-07, 1.621465486323359e-07, 4.1864572608574235e-07, 2.6464934421710495e-07, 1.5138405728976068e-07, 4.211484849747649e-08, 2.4224183547971734e-08, 2.8962748643834857e-08, 3.4394872727716574e-08, 3.488617039693054e-08, 5.0407361840143494e-08, 2.710806867867177e-08, 2.6719702006516854e-08, 1.5231407246574236e-08, 1.318749198730984e-08, 1.5455066559866282e-08, 1.7916951478014198e-08], "lowlevel.melbands.stdev": [5.207207868807018e-05, 0.0016173375770449638, 0.005228331778198481, 0.0032203770242631435, 0.001384773408062756, 0.0005777357146143913, 0.0004971157177351415, 0.0002193543768953532, 4.891980643151328e-05, 4.84723859699443e-05, 0.00018169354007113725, 8.88285558175994e-06, 4.956998509442201e-06, 6.8527995608747e-05, 3.682352325995453e-05, 1.309086746914545e-05, 3.19220416713506e-05, 4.320900188758969e-06, 1.4166830624162685e-06, 1.6416557855336578e-06, 1.0611109928504447e-06, 1.3313289173311205e-06, 8.249253369285725e-07, 1.3498498674380244e-06, 1.4389428315553232e-06, 4.681360223912634e-06, 1.3658401485372451e-06, 4.173604111201712e-07, 1.7383484873789712e-07, 9.5578300829402e-08, 8.432967035787442e-08, 1.6243225786638504e-07, 2.5771453238121467e-07, 5.843533017468872e-07, 2.8279703201405937e-07, 2.442536981561716e-07, 1.1052936343958208e-07, 1.306725323502178e-07, 1.671564149319238e-07, 2.0879913620319712e-07], "lowlevel.melbands128.mean": [1.8169653230870608e-06, 2.523856664993218e-06, 1.3034052244620398e-05, 6.430149369407445e-05, 0.000228506323765032, 0.0017598036210983992, 0.004645611625164747, 0.0051753767766058445, 0.004227053839713335, 0.0011072022607550025, 0.0003310493484605104, 0.001130269025452435, 0.0027337875217199326, 0.0008860634989105165, 0.00014288212696556002, 0.0011810584692284465, 0.0010506364051252604, 6.653619493590668e-05, 8.658209117129445e-05, 0.00018445056048221886, 2.802991912176367e-05, 4.338592043495737e-05, 5.3185747674433514e-05, 2.562107283665682e-06, 1.1533588804013561e-06, 2.7765958293457516e-05, 0.00011983681906713173, 0.0001698370761005208, 2.237319858977571e-05, 7.48030424801982e-06, 3.828848093689885e-06, 3.4369084005447803e-06, 4.155184797127731e-06, 7.719041263953841e-07, 1.8149554534829804e-06, 8.97633726708591e-05, 0.000106420113297645, 2.747481403275742e-06, 3.6956208759875153e-07, 4.2187610915789264e-07, 1.253720711247297e-06, 1.4223134712665342e-05, 3.4202788810944185e-05, 4.49768704129383e-05, 3.1259034471986524e-07, 3.858487502839125e-07, 5.457974339151406e-07, 1.19480148441653e-07, 6.516445409943117e-07, 8.354374472219206e-07, 1.6968799343430874e-07, 1.7044824573986261e-07, 2.1952378403966577e-07, 2.9238293564048945e-07, 4.933932018502674e-07, 8.15248938579316e-07, 2.622796557716356e-07, 2.4594686465206905e-07, 1.5155060282268096e-06, 4.265271513759217e-07, 9.515660792658309e-08, 1.2978948404906987e-07, 2.610877061215433e-07, 1.0910665793062435e-07, 1.038530683672434e-07, 5.174911734684429e-07, 6.468207516263647e-07, 1.3874912951905571e-07, 1.5864144131683133e-07, 4.5081719690642785e-07, 1.180095594577324e-07, 3.6177091544686846e-08, 6.927974993686803e-08, 3.5675444820526536e-08, 2.6544039855025403e-08, 2.5641149647981365e-08, 1.6933981328293157e-08, 3.359483002896013e-08, 2.7768402688366223e-08, 2.1632846625152524e-08, 5.1082238883282116e-08, 2.6737380309782566e-08, 3.317188657092629e-08, 2.6286354426474645e-08, 4.575143108809243e-08, 5.556587012733871e-08, 5.860134777435633e-08, 3.1738231598410493e-08, 2.3258303727402563e-08, 2.029689305516058e-08, 3.21819442206106e-08, 2.8178879674101154e-08, 2.164467893805977e-08, 1.223976830999618e-08, 1.1865279425649078e-08, 1.5930112340356573e-08, 1.144910477535177e-08, 1.3681598964865316e-08, 1.5278363463266942e-08, 1.4878026810549727e-08, 2.050070158077233e-08, 1.7386533102126123e-08, 1.6728108676034026e-08, 1.8789789280049263e-08, 1.654570702669389e-08, 1.859944021020965e-08, 2.118253839000772e-08, 1.6464190011333812e-08, 1.6660781199107078e-08, 1.743792665820365e-08, 9.606259787631188e-09, 5.173423911486452e-09, 4.811625764489236e-09, 3.6875051900864264e-09, 2.2689321532709528e-09, 6.679327646530453e-10, 5.113264256451089e-10, 4.552752619346734e-11, 5.390745575623024e-12, 5.233199290577417e-12, 5.101553294389882e-12, 5.0031827639185344e-12, 4.921617367120712e-12, 4.825211410985908e-12, 4.6630004545134e-12, 4.42517810589349e-12, 4.2926968403522725e-12, 4.256236856015061e-12], "lowlevel.melbands128.stdev": [2.889249117288273e-06, 4.684699888457544e-06, 4.4172804336994886e-05, 0.00021288564312271774, 0.0005659271846525371, 0.00346856820397079, 0.007248201873153448, 0.006894265301525593, 0.009416051208972931, 0.002846658229827881, 0.0020225131884217262, 0.001095547922886908, 0.002516406588256359, 0.0008218563161790371, 0.00013262681022752076, 0.001265171100385487, 0.0011447296710684896, 7.648371683899313e-05, 0.00021106284111738205, 0.00046628544805571437, 6.747688166797161e-05, 6.362496787915006e-05, 7.879131590016186e-05, 3.731779543159064e-06, 3.8252810554695316e-06, 6.03417465754319e-05, 0.0001955515326699242, 0.00034609282738529146, 4.4949516450287774e-05, 1.1528875802468974e-05, 6.017542546032928e-06, 6.852995738881873e-06, 8.118143341562245e-06, 3.4106017210433492e-06, 5.5298796723946e-06, 0.0001215917436638847, 0.00014555698726326227, 4.8274919208779465e-06, 1.1745341907953843e-06, 1.2956546697751037e-06, 3.916576133633498e-06, 5.5628119298489764e-05, 3.646833647508174e-05, 5.1699462346732616e-05, 5.642207838718605e-07, 7.563235158158932e-07, 1.3189252285883413e-06, 4.7306582473538583e-07, 2.8093311357224593e-06, 3.196002353433869e-06, 1.258104248336167e-06, 2.102748112520203e-06, 1.5120300531634712e-06, 1.0283858955517644e-06, 1.1096840353275184e-06, 2.873668563552201e-06, 6.758826884833979e-07, 4.5977577656231006e-07, 1.9838485059153754e-06, 7.622711564181373e-07, 1.0409305559733184e-06, 2.6433128823555307e-06, 2.092666818498401e-06, 6.450350156228524e-07, 1.359104317089077e-06, 7.491452379326802e-06, 5.138133474247297e-06, 1.3646001661982154e-06, 1.0742181757450453e-06, 1.2412298246999853e-06, 3.9260189055312367e-07, 2.0332328176664305e-07, 2.533421934458602e-07, 1.7998010548581078e-07, 1.4905657508279546e-07, 1.0112689352581583e-07, 9.451830607076772e-08, 7.678940505684295e-08, 7.12775332090132e-08, 1.2411628347308579e-07, 1.8345595265145676e-07, 2.4616514338049456e-07, 1.6141358116783522e-07, 1.740242225878319e-07, 4.718600905562198e-07, 6.836633019702276e-07, 7.20578384516557e-07, 3.620896222855663e-07, 2.459543111399398e-07, 2.0936353450906608e-07, 3.606701284297742e-07, 2.3201396004424168e-07, 1.7546359742937057e-07, 8.52913260018795e-08, 8.526291139787645e-08, 1.8259423484323634e-07, 1.2421681105934113e-07, 1.5904457484339218e-07, 1.434779051123769e-07, 1.8171536453337467e-07, 2.4894831085475744e-07, 2.0463791372549167e-07, 1.934916582513324e-07, 2.4630264761071885e-07, 1.7442013700019743e-07, 1.647502330115458e-07, 1.9501401027355314e-07, 2.1143679873603105e-07, 1.710374277763549e-07, 1.846936754645867e-07, 7.7273213605622e-08, 3.3233568785817624e-08, 3.5479491344858616e-08, 3.035038531606915e-08, 1.767457469270539e-08, 4.659858721112187e-09, 5.021685733908043e-09, 4.119634633426017e-10, 8.383002625400593e-12, 8.141951522711022e-12, 7.942373321523366e-12, 7.768703215449424e-12, 7.613717815935228e-12, 7.482930074187433e-12, 7.381365484115943e-12, 7.292002071612735e-12, 7.228451344432063e-12, 7.1895193791415846e-12], "lowlevel.mfcc.mean": [-798.6107788085938, 220.91897583007812, 13.636693000793457, 15.233696937561035, -1.7265352010726929, 1.8906924724578857, -4.0344767570495605, -18.867692947387695, -32.38475799560547, -17.7191162109375, -6.673488616943359, -10.355497360229492, -14.700785636901855], "lowlevel.spectral_contrast_coeffs.mean": [-0.5151137113571167, -0.6083515286445618, -0.6543502807617188, -0.7304706573486328, -0.7817268967628479, -0.7965751886367798], "lowlevel.spectral_contrast_coeffs.stdev": [0.08481507748365402, 0.0752255767583847, 0.06288223713636398, 0.049307022243738174, 0.03949403390288353, 0.03478813171386719], "lowlevel.spectral_contrast_valleys.mean": [-7.435308456420898, -8.045806884765625, -8.87201976776123, -9.846831321716309, -10.145849227905273, -12.973694801330566], "lowlevel.spectral_contrast_valleys.stdev": [0.9134577512741089, 0.7052358388900757, 0.6646416783332825, 0.6887093186378479, 0.8085736036300659, 0.8664380311965942], "rhythm.beats_loudness_band_ratio.mean": [0.5081213116645813, 0.4386271834373474, 0.12660452723503113, 0.07898985594511032, 0.002958915429189801, 0.0016069365665316582], "rhythm.beats_loudness_band_ratio.stdev": [0.2819737493991852, 0.17206767201423645, 0.07363441586494446, 0.06950080394744873, 0.005824774969369173, 0.002465280471369624], "tonal.hpcp.mean": [0.008065208792686462, 0.006246952340006828, 0.004834985826164484, 0.004806098528206348, 0.003436940023675561, 0.026625048369169235, 0.05362718179821968, 0.03174237906932831, 0.05090281739830971, 0.0616040863096714, 0.014475617557764053, 0.0007223429856821895, 0.003334981156513095, 0.010299989022314548, 0.3795037865638733, 0.7089179754257202, 0.33879590034484863, 0.0028417427092790604, 0.0022374275140464306, 0.0026312479749321938, 0.15925227105617523, 0.2013128101825714, 0.04458381235599518, 0.002067776396870613, 0.001215761061757803, 0.001924152486026287, 0.08677162975072861, 0.16020332276821136, 0.07906749844551086, 0.1851264238357544, 0.3644607663154602, 0.18515504896640778, 0.004518312867730856, 0.0063878800719976425, 0.006975713185966015, 0.007444487884640694], "tonal.hpcp.stdev": [0.04019937664270401, 0.03952205181121826, 0.05631910637021065, 0.05013320595026016, 0.04101815074682236, 0.0713576003909111, 0.12136293202638626, 0.06623902916908264, 0.13855238258838654, 0.17018108069896698, 0.048229463398456573, 0.009065797552466393, 0.0428738035261631, 0.08033185452222824, 0.21803982555866241, 0.37567609548568726, 0.1998276263475418, 0.026703767478466034, 0.025150327011942863, 0.0363815538585186, 0.30255332589149475, 0.378182590007782, 0.0962054505944252, 0.013906000182032585, 0.006548459641635418, 0.015732616186141968, 0.1959066092967987, 0.33428865671157837, 0.17729762196540833, 0.1882343292236328, 0.3406042456626892, 0.17603640258312225, 0.030708424746990204, 0.04442700743675232, 0.051036521792411804, 0.0413140244781971], "rhythm.beats_position": [0.7198185920715332, 1.4396371841430664, 2.18267560005188, 2.9257142543792725, 3.668752670288086, 4.4117913246154785, 5.154829978942871, 5.8978681564331055, 6.640906810760498, 7.383945465087891, 8.126983642578125, 8.870022773742676, 9.61306095123291, 10.379319190979004, 11.122358322143555, 11.865396499633789, 12.608434677124023, 13.351473808288574, 14.094511985778809, 14.83755111694336, 15.580589294433594, 16.323627471923828, 17.078275680541992, 17.832923889160156, 18.575963973999023, 19.319002151489258, 20.062040328979492, 20.816688537597656, 21.57133674621582, 22.314376831054688, 23.057415008544922, 23.800453186035156, 24.54349136352539, 25.286529541015625, 26.029569625854492, 26.772607803344727, 27.51564598083496, 28.258684158325195, 29.00172233581543, 29.744760513305664, 30.48780059814453, 31.230838775634766, 31.973876953125, 32.716915130615234, 33.45995330810547, 34.2029914855957, 34.94602966308594, 35.68906784057617, 36.43210983276367, 37.175148010253906, 37.92979431152344, 38.684444427490234, 39.42748260498047], "rhythm.bpm_histogram": [0.0, 0.0, 0.0, 0.0, 0.0, 0.0, 0.0, 0.0, 0.0, 0.0, 0.0, 0.0, 0.0, 0.0, 0.0, 0.0, 0.0, 0.0, 0.0, 0.0, 0.0, 0.0, 0.0, 0.0, 0.0, 0.0, 0.0, 0.0, 0.0, 0.0, 0.0, 0.0, 0.0, 0.0, 0.0, 0.0, 0.0, 0.0, 0.0, 0.0, 0.0, 0.0, 0.0, 0.0, 0.0, 0.0, 0.0, 0.0, 0.0, 0.0, 0.0, 0.0, 0.0, 0.0, 0.0, 0.0, 0.0, 0.0, 0.0, 0.0, 0.0, 0.0, 0.0, 0.0, 0.0, 0.0, 0.0, 0.0, 0.0, 0.0, 0.0, 0.0, 0.0, 0.0, 0.0, 0.0, 0.0, 0.0, 0.01923076994717121, 0.0, 0.11538461595773697, 0.8461538553237915, 0.0, 0.01923076994717121, 0.0, 0.0, 0.0, 0.0, 0.0, 0.0, 0.0, 0.0, 0.0, 0.0, 0.0, 0.0, 0.0, 0.0, 0.0, 0.0, 0.0, 0.0, 0.0, 0.0, 0.0, 0.0, 0.0, 0.0, 0.0, 0.0, 0.0, 0.0, 0.0, 0.0, 0.0, 0.0, 0.0, 0.0, 0.0, 0.0, 0.0, 0.0, 0.0, 0.0, 0.0, 0.0, 0.0, 0.0, 0.0, 0.0, 0.0, 0.0, 0.0, 0.0, 0.0, 0.0, 0.0, 0.0, 0.0, 0.0, 0.0, 0.0, 0.0, 0.0, 0.0, 0.0, 0.0, 0.0, 0.0, 0.0, 0.0, 0.0, 0.0, 0.0, 0.0, 0.0, 0.0, 0.0, 0.0, 0.0, 0.0, 0.0, 0.0, 0.0, 0.0, 0.0, 0.0, 0.0, 0.0, 0.0, 0.0, 0.0, 0.0, 0.0, 0.0, 0.0, 0.0, 0.0, 0.0, 0.0, 0.0, 0.0, 0.0, 0.0, 0.0, 0.0, 0.0, 0.0, 0.0, 0.0, 0.0, 0.0, 0.0, 0.0, 0.0, 0.0, 0.0, 0.0, 0.0, 0.0, 0.0, 0.0, 0.0, 0.0, 0.0, 0.0, 0.0, 0.0, 0.0, 0.0, 0.0, 0.0, 0.0, 0.0, 0.0, 0.0, 0.0, 0.0, 0.0, 0.0, 0.0, 0.0, 0.0, 0.0, 0.0, 0.0, 0.0, 0.0, 0.0, 0.0, 0.0, 0.0, 0.0, 0.0, 0.0, 0.0, 0.0, 0.0, 0.0, 0.0, 0.0, 0.0, 0.0, 0.0, 0.0, 0.0, 0.0, 0.0, 0.0, 0.0], "tonal.chords_histogram": [95.02314758300781, 2.6620371341705322, 0.0, 0.0, 0.0, 0.0, 0.0, 0.0, 0.0, 0.0, 0.0, 0.0, 0.0, 0.0, 0.0, 0.0, 0.0, 2.314814805984497, 0.0, 0.0, 0.0, 0.0, 0.0, 0.0], "tonal.thpcp": [1.0, 0.47790563106536865, 0.0040085637010633945, 0.003156116232275963, 0.0037116394378244877, 0.2246413230895996, 0.2839719355106354, 0.0628899484872818, 0.0029168063774704933, 0.0017149531049653888, 0.0027142104227095842, 0.12240009754896164, 0.2259828746318817, 0.11153265088796616, 0.2611394226551056, 0.5141085386276245, 0.2611798048019409, 0.006373533979058266, 0.009010746143758297, 0.00983994361013174, 0.010501197539269924, 0.011376786977052689, 0.008811953477561474, 0.0068202330730855465, 0.006779484450817108, 0.004848149139434099, 0.03755730390548706, 0.0756465271115303, 0.044775813817977905, 0.07180353254079819, 0.08689875155687332, 0.02041931264102459, 0.0010189373278990388, 0.0047043259255588055, 0.014529168605804443, 0.535328209400177], "lowlevel.gfcc.cov": [[4893.60302734375, -604.67138671875, 137.31317138671875, 773.4540405273438, -126.03559875488281, 234.2577362060547, -178.54006958007812, 94.3741226196289, -185.15382385253906, 184.1189727783203, 92.9663314819336, -36.30744552612305, -199.09182739257812], [-604.67138671875, 1019.873779296875, 46.49274826049805, -304.86798095703125, 238.93472290039062, -172.26547241210938, 178.16943359375, -60.63764572143555, 173.20384216308594, -253.1580047607422, -88.63219451904297, -175.55938720703125, 90.40320587158203], [137.31317138671875, 46.49274826049805, 399.1510925292969, 134.35435485839844, 86.52915954589844, 24.128507614135742, -11.151163101196289, 38.00353240966797, 16.360660552978516, -69.21235656738281, -96.60911560058594, -21.18655776977539, -45.033958435058594], [773.4540405273438, -304.86798095703125, 134.35435485839844, 423.306884765625, 6.49045467376709, 92.21367645263672, -49.90958786010742, 15.961942672729492, -40.999725341796875, 113.65886688232422, 82.50861358642578, 34.57919692993164, -88.71150970458984], [-126.03559875488281, 238.93472290039062, 86.52915954589844, 6.49045467376709, 242.85720825195312, 11.671489715576172, 9.878771781921387, -37.172691345214844, 28.09112548828125, -59.84306335449219, -41.12998962402344, -51.43592071533203, -17.126911163330078], [234.2577362060547, -172.26547241210938, 24.128507614135742, 92.21367645263672, 11.671489715576172, 140.95989990234375, -21.794567108154297, 2.1176815032958984, -40.29656219482422, 41.05227279663086, 1.8419502973556519, 8.346014022827148, -35.49806594848633], [-178.54006958007812, 178.16943359375, -11.151163101196289, -49.90958786010742, 9.878771781921387, -21.794567108154297, 113.41548156738281, 16.875028610229492, 29.956920623779297, -47.28563690185547, -21.128355026245117, -36.72798156738281, 24.11187744140625], [94.3741226196289, -60.63764572143555, 38.00353240966797, 15.961942672729492, -37.172691345214844, 2.1176815032958984, 16.875028610229492, 126.71360778808594, 44.82964324951172, -19.87792205810547, -59.64876937866211, 10.127057075500488, -3.8852741718292236], [-185.15382385253906, 173.20384216308594, 16.360660552978516, -40.999725341796875, 28.09112548828125, -40.29656219482422, 29.956920623779297, 44.82964324951172, 117.91534423828125, -28.93597412109375, -30.247966766357422, -19.0234375, 5.667874336242676], [184.1189727783203, -253.1580047607422, -69.21235656738281, 113.65886688232422, -59.84306335449219, 41.05227279663086, -47.28563690185547, -19.87792205810547, -28.93597412109375, 232.7438201904297, 155.18504333496094, 56.0449333190918, -77.26026916503906], [92.9663314819336, -88.63219451904297, -96.60911560058594, 82.50861358642578, -41.12998962402344, 1.8419502973556519, -21.128355026245117, -59.64876937866211, -30.247966766357422, 155.18504333496094, 196.36854553222656, 37.13882827758789, -39.832237243652344], [-36.30744552612305, -175.55938720703125, -21.18655776977539, 34.57919692993164, -51.43592071533203, 8.346014022827148, -36.72798156738281, 10.127057075500488, -19.0234375, 56.0449333190918, 37.13882827758789, 88.35309600830078, -7.836940765380859], [-199.09182739257812, 90.40320587158203, -45.033958435058594, -88.71150970458984, -17.126911163330078, -35.49806594848633, 24.11187744140625, -3.8852741718292236, 5.667874336242676, -77.26026916503906, -39.832237243652344, -7.836940765380859, 94.04585266113281]], "lowlevel.gfcc.icov": [[0.0004285004106350243, -0.0007128059514798224, 0.0003715088532771915, -0.0010505907703191042, 0.0006790946936234832, -0.00034959023469127715, 0.0011100431438535452, -0.0008373711025342345, 0.0011795457685366273, -0.00026242295280098915, 0.0004891444114036858, 0.000497289642225951, 0.00041367937228642404], [-0.0007128059514798224, 0.008716975338757038, -0.0021283214446157217, 0.004699558950960636, -0.005142353009432554, 0.003774995217099786, -0.007241083774715662, 0.004935802426189184, -0.008878626860678196, 0.005410755053162575, -0.00590546103194356, 0.004797728732228279, -0.0010469525586813688], [0.0003715088532771915, -0.0021283214446157217, 0.004813878331333399, -0.0032029803842306137, 0.0007357917493209243, -0.0002561561414040625, 0.0022401572205126286, -0.001297888346016407, 0.0022438124287873507, -9.925986523739994e-05, 0.0037504492793232203, -0.0009160983026959002, 0.002820888301357627], [-0.0010505907703191042, 0.004699558950960636, -0.0032029803842306137, 0.00802224688231945, -0.0034880212042480707, 0.0003129913820885122, -0.00421889778226614, 0.0017402166267856956, -0.004722930490970612, 0.00247667427174747, -0.00586566049605608, 0.0008481738623231649, -0.00016604593838565052], [0.0006790946936234832, -0.005142353009432554, 0.0007357917493209243, -0.0034880212042480707, 0.009428106248378754, -0.003246224019676447, 0.004734886344522238, 0.00015397227252833545, 0.0031544382218271494, -0.0014264431083574891, 0.004074325319379568, -0.0005095904343761504, 0.003048255806788802], [-0.00034959023469127715, 0.003774995217099786, -0.0002561561414040625, 0.0003129913820885122, -0.003246224019676447, 0.011879353784024715, -0.003317807801067829, 0.0017484098207205534, -0.00043872982496395707, -3.1924035283736885e-05, 0.0007470925338566303, 0.0022935534361749887, 0.0011270984541624784], [0.0011100431438535452, -0.007241083774715662, 0.0022401572205126286, -0.00421889778226614, 0.004734886344522238, -0.003317807801067829, 0.01866975612938404, -0.0072270953096449375, 0.0066907042637467384, -0.0023232067469507456, 0.002398987766355276, 0.0018021113937720656, -0.00021714322792831808], [-0.0008373711025342345, 0.004935802426189184, -0.001297888346016407, 0.0017402166267856956, 0.00015397227252833545, 0.0017484098207205534, -0.0072270953096449375, 0.018050437793135643, -0.01125114131718874, 0.0016260485863313079, 0.0034725400619208813, -0.001489231246523559, 0.0011498765088617802], [0.0011795457685366273, -0.008878626860678196, 0.0022438124287873507, -0.004722930490970612, 0.0031544382218271494, -0.00043872982496395707, 0.0066907042637467384, -0.01125114131718874, 0.022577431052923203, -0.0061758351512253284, 0.005605387035757303, -0.0022548206616193056, 0.001631839550100267], [-0.00026242295280098915, 0.005410755053162575, -9.925986523739994e-05, 0.00247667427174747, -0.0014264431083574891, -3.1924035283736885e-05, -0.0023232067469507456, 0.0016260485863313079, -0.0061758351512253284, 0.01834823563694954, -0.012730480171740055, 0.0006772882770746946, 0.007033081259578466], [0.0004891444114036858, -0.00590546103194356, 0.0037504492793232203, -0.00586566049605608, 0.004074325319379568, 0.0007470925338566303, 0.002398987766355276, 0.0034725400619208813, 0.005605387035757303, -0.012730480171740055, 0.020714236423373222, -0.004764343146234751, 0.001107730669900775], [0.000497289642225951, 0.004797728732228279, -0.0009160983026959002, 0.0008481738623231649, -0.0005095904343761504, 0.0022935534361749887, 0.0018021113937720656, -0.001489231246523559, -0.0022548206616193056, 0.0006772882770746946, -0.004764343146234751, 0.02178007736802101, -0.002459051785990596], [0.00041367937228642404, -0.0010469525586813688, 0.002820888301357627, -0.00016604593838565052, 0.003048255806788802, 0.0011270984541624784, -0.00021714322792831808, 0.0011498765088617802, 0.001631839550100267, 0.007033081259578466, 0.001107730669900775, -0.002459051785990596, 0.020736848935484886]], "lowlevel.mfcc.cov": [[3461.40087890625, -488.0819091796875, 88.58063507080078, 357.29107666015625, 107.3150634765625, 110.70507049560547, 78.07835388183594, -8.690733909606934, -145.54312133789062, 98.9163589477539, 115.89611053466797, 16.30695343017578, 22.104259490966797], [-488.0819091796875, 1190.6343994140625, -123.7635269165039, -84.38337707519531, 63.019142150878906, -60.17813491821289, -54.50969314575195, 85.31472778320312, 208.99588012695312, 7.578149795532227, -52.72605895996094, -54.64162063598633, -131.08963012695312], [88.58063507080078, -123.7635269165039, 223.62774658203125, 84.57209777832031, 24.58958625793457, 17.509000778198242, -4.995486259460449, 27.55706214904785, 10.122370719909668, -14.084739685058594, 6.011804580688477, -6.412391185760498, 16.281476974487305], [357.29107666015625, -84.38337707519531, 84.57209777832031, 276.9841613769531, 66.52779388427734, 70.48291778564453, 47.83433532714844, -9.671804428100586, -60.46905517578125, -13.258301734924316, 51.80861282348633, 38.740638732910156, 43.530059814453125], [107.3150634765625, 63.019142150878906, 24.58958625793457, 66.52779388427734, 211.9449462890625, 83.6396713256836, 11.111451148986816, 32.587249755859375, 30.168685913085938, -29.11964225769043, -21.069189071655273, 16.344724655151367, 13.208477973937988], [110.70507049560547, -60.17813491821289, 17.509000778198242, 70.48291778564453, 83.6396713256836, 139.0857391357422, 53.57872772216797, -22.885438919067383, -43.10892105102539, -15.8021879196167, 8.942023277282715, 23.07686424255371, 42.041259765625], [78.07835388183594, -54.50969314575195, -4.995486259460449, 47.83433532714844, 11.111451148986816, 53.57872772216797, 103.62215423583984, -21.419017791748047, -60.30540466308594, 7.91377592086792, 13.089497566223145, 7.368566036224365, 16.66884422302246], [-8.690733909606934, 85.31472778320312, 27.55706214904785, -9.671804428100586, 32.587249755859375, -22.885438919067383, -21.419017791748047, 134.60459899902344, 116.93340301513672, 0.44010788202285767, -21.197263717651367, -38.63349151611328, -61.27571487426758], [-145.54312133789062, 208.99588012695312, 10.122370719909668, -60.46905517578125, 30.168685913085938, -43.10892105102539, -60.30540466308594, 116.93340301513672, 213.9193878173828, 19.2353458404541, -52.61585998535156, -51.0615348815918, -73.70628356933594], [98.9163589477539, 7.578149795532227, -14.084739685058594, -13.258301734924316, -29.11964225769043, -15.8021879196167, 7.91377592086792, 0.44010788202285767, 19.2353458404541, 68.43287658691406, 16.539011001586914, -1.8164664506912231, 3.0839390754699707], [115.89611053466797, -52.72605895996094, 6.011804580688477, 51.80861282348633, -21.069189071655273, 8.942023277282715, 13.089497566223145, -21.197263717651367, -52.61585998535156, 16.539011001586914, 94.7405776977539, 55.39307403564453, 31.39490509033203], [16.30695343017578, -54.64162063598633, -6.412391185760498, 38.740638732910156, 16.344724655151367, 23.07686424255371, 7.368566036224365, -38.63349151611328, -51.0615348815918, -1.8164664506912231, 55.39307403564453, 139.3966064453125, 104.23200988769531], [22.104259490966797, -131.08963012695312, 16.281476974487305, 43.530059814453125, 13.208477973937988, 42.041259765625, 16.66884422302246, -61.27571487426758, -73.70628356933594, 3.0839390754699707, 31.39490509033203, 104.23200988769531, 167.64688110351562]], "lowlevel.mfcc.icov": [[0.00040413503302261233, 0.0001441396161681041, 7.365302735706791e-05, -0.00047172780614346266, -0.0002655409334693104, -9.204442176269367e-05, 0.0002914216311182827, -0.000244396593188867, 0.00041938730282709, -0.0009650097927078605, -2.7065694666816853e-05, 5.363871969166212e-05, 0.0002743113727774471], [0.0001441396161681041, 0.0012352208141237497, 0.0006897260318510234, -0.0002633160329423845, -0.0005439852247945964, 0.00037185748806223273, -0.00012956559658050537, 0.0005866062128916383, -0.0012746381107717752, -6.546073564095423e-06, -0.0002468485909048468, -0.00015315062773879617, 0.0007063153316266835], [7.365302735706791e-05, 0.0006897260318510234, 0.00599577184766531, -0.001943096867762506, -2.3189157218439505e-05, 6.964885869820137e-06, 0.0008030020981095731, -0.0010729011846706271, -0.000979083590209484, 0.0011226431233808398, -0.0006530364626087248, 0.0017112556379288435, -0.001412825658917427], [-0.00047172780614346266, -0.0002633160329423845, -0.001943096867762506, 0.006237240508198738, -0.0011005299165844917, -0.0006699005025438964, -0.00179553241468966, -0.00016432793927378953, 0.00036509582423605025, 0.0017178073758259416, -0.002815060783177614, 0.00018862499564420432, -0.0006625343230552971], [-0.0002655409334693104, -0.0005439852247945964, -2.3189157218439505e-05, -0.0011005299165844917, 0.008450336754322052, -0.005082727875560522, 0.0008752454887144268, -0.0018952225800603628, -0.0008665773784741759, 0.002079673809930682, 0.002761134412139654, -0.0020209108479321003, 4.689892739406787e-05], [-9.204442176269367e-05, 0.00037185748806223273, 6.964885869820137e-06, -0.0006699005025438964, -0.005082727875560522, 0.014061440713703632, -0.006081492640078068, 0.002576726721599698, -0.0012970631942152977, 0.0026812490541487932, -0.0017503071576356888, 0.0017662708414718509, -0.0024930762592703104], [0.0002914216311182827, -0.00012956559658050537, 0.0008030020981095731, -0.00179553241468966, 0.0008752454887144268, -0.006081492640078068, 0.01629805378615856, -0.003551195142790675, 0.006601432338356972, -0.00605367636308074, 0.00263994256965816, -0.00032975291833281517, 0.0015104769263416529], [-0.000244396593188867, 0.0005866062128916383, -0.0010729011846706271, -0.00016432793927378953, -0.0018952225800603628, 0.002576726721599698, -0.003551195142790675, 0.01772341877222061, -0.010854789987206459, 0.003926414996385574, -0.0034205650445073843, 0.0009619506890885532, 0.002169933868572116], [0.00041938730282709, -0.0012746381107717752, -0.000979083590209484, 0.00036509582423605025, -0.0008665773784741759, -0.0012970631942152977, 0.006601432338356972, -0.010854789987206459, 0.016592539846897125, -0.008282884955406189, 0.006267848890274763, -0.0018656982574611902, 0.0021515137050300837], [-0.0009650097927078605, -6.546073564095423e-06, 0.0011226431233808398, 0.0017178073758259416, 0.002079673809930682, 0.0026812490541487932, -0.00605367636308074, 0.003926414996385574, -0.008282884955406189, 0.023149913176894188, -0.007351298816502094, 0.0037968740798532963, -0.00428357906639576], [-2.7065694666816853e-05, -0.0002468485909048468, -0.0006530364626087248, -0.002815060783177614, 0.002761134412139654, -0.0017503071576356888, 0.00263994256965816, -0.0034205650445073843, 0.006267848890274763, -0.007351298816502094, 0.020707828924059868, -0.0097928736358881, 0.0044151428155601025], [5.363871969166212e-05, -0.00015315062773879617, 0.0017112556379288435, 0.00018862499564420432, -0.0020209108479321003, 0.0017662708414718509, -0.00032975291833281517, 0.0009619506890885532, -0.0018656982574611902, 0.0037968740798532963, -0.0097928736358881, 0.018864745274186134, -0.0110264141112566], [0.0002743113727774471, 0.0007063153316266835, -0.001412825658917427, -0.0006625343230552971, 4.689892739406787e-05, -0.0024930762592703104, 0.0015104769263416529, 0.002169933868572116, 0.0021515137050300837, -0.00428357906639576, 0.0044151428155601025, -0.0110264141112566, 0.015108136460185051]], "metadata.audio_properties.analysis.downmix": "mix", "metadata.audio_properties.codec": "mp3", "metadata.audio_properties.md5_encoded": "30550d88cc2ad68eaa85d30e13427255", "metadata.tags.file_name": "1182282398247944222.mp3", "metadata.version.essentia": "2.1-beta6-dev", "metadata.version.essentia_git_sha": "v2.1_beta5-1110-g77a6a954", "metadata.version.extractor": "music 2.0", "tonal.chords_key": "G", "tonal.chords_scale": "major", "tonal.key_edma.key": "G", "tonal.key_edma.scale": "major", "tonal.key_krumhansl.key": "G", "tonal.key_krumhansl.scale": "major", "tonal.key_temperley.key": "G", "tonal.key_temperley.scale": "major", "metadata.tags.encoding": ["Lavf58.45.100"]}, "essentia_models": [{"model_name": "genre_dortmund", "activations": {"alternative": "0.1469419", "blues": "0.0025900188"