{"song_id": "1182273168497451089", "download": "https://cdn.discordapp.com/attachments/1128313332273782784/1182273168497451089/chirp.mp4?ex=658418b0&amp", "lyrics": "[verso]Empresa de customiza\u00e7\u00e3o de carros, aeronaves e barcos, traga seu projeto para a melhor empresa do Brasil.\nOs melhores produtos, melhores profissionais.\nOversign, trabalhando pra voc\u00ea\n[refr\u00e3o]Oh Oh Oh Oh OVERSign\nOh Oh Oh Oh OVERSign", "style": ["pop punk"], "essentia_features": {"lowlevel.average_loudness": 0.8830615282058716, "lowlevel.barkbands_crest.mean": 13.786491394042969, "lowlevel.barkbands_crest.stdev": 5.564359664916992, "lowlevel.barkbands_flatness_db.mean": 0.26197391748428345, "lowlevel.barkbands_flatness_db.stdev": 0.11174598336219788, "lowlevel.barkbands_kurtosis.mean": 45.18083190917969, "lowlevel.barkbands_kurtosis.stdev": 115.49087524414062, "lowlevel.barkbands_skewness.mean": 3.4770872592926025, "lowlevel.barkbands_skewness.stdev": 3.775336980819702, "lowlevel.barkbands_spread.mean": 17.54936981201172, "lowlevel.barkbands_spread.stdev": 26.515779495239258, "lowlevel.dissonance.mean": 0.4429079294204712, "lowlevel.dissonance.stdev": 0.04695192351937294, "lowlevel.dynamic_complexity": 5.432234287261963, "lowlevel.erbbands_crest.mean": 10.730143547058105, "lowlevel.erbbands_crest.stdev": 5.006919860839844, "lowlevel.erbbands_flatness_db.mean": 0.19867806136608124, "lowlevel.erbbands_flatness_db.stdev": 0.07213303446769714, "lowlevel.erbbands_kurtosis.mean": 6.701046943664551, "lowlevel.erbbands_kurtosis.stdev": 17.056499481201172, "lowlevel.erbbands_skewness.mean": 0.9213672280311584, "lowlevel.erbbands_skewness.stdev": 2.037750005722046, "lowlevel.erbbands_spread.mean": 40.33726119995117, "lowlevel.erbbands_spread.stdev": 38.60270690917969, "lowlevel.hfc.mean": 16.424758911132812, "lowlevel.hfc.stdev": 17.711149215698242, "lowlevel.loudness_ebu128.integrated": -13.246798515319824, "lowlevel.loudness_ebu128.loudness_range": 8.48214340209961, "lowlevel.loudness_ebu128.momentary.mean": -15.642595291137695, "lowlevel.loudness_ebu128.momentary.stdev": 5.0146355628967285, "lowlevel.loudness_ebu128.short_term.mean": -15.198275566101074, "lowlevel.loudness_ebu128.short_term.stdev": 3.796283721923828, "lowlevel.melbands_crest.mean": 20.21590805053711, "lowlevel.melbands_crest.stdev": 8.513984680175781, "lowlevel.melbands_flatness_db.mean": 0.3628074526786804, "lowlevel.melbands_flatness_db.stdev": 0.1345842182636261, "lowlevel.melbands_kurtosis.mean": 96.3506088256836, "lowlevel.melbands_kurtosis.stdev": 236.60800170898438, "lowlevel.melbands_skewness.mean": 5.015660285949707, "lowlevel.melbands_skewness.stdev": 5.249913215637207, "lowlevel.melbands_spread.mean": 17.668872833251953, "lowlevel.melbands_spread.stdev": 39.976318359375, "lowlevel.pitch_salience.mean": 0.5065996050834656, "lowlevel.pitch_salience.stdev": 0.18839040398597717, "lowlevel.silence_rate_20dB.mean": 1.0, "lowlevel.silence_rate_20dB.stdev": 0.0, "lowlevel.silence_rate_30dB.mean": 0.9348078966140747, "lowlevel.silence_rate_30dB.stdev": 0.24686381220817566, "lowlevel.silence_rate_60dB.mean": 0.16006985306739807, "lowlevel.silence_rate_60dB.stdev": 0.3666691482067108, "lowlevel.spectral_centroid.mean": 947.2739868164062, "lowlevel.spectral_centroid.stdev": 1336.9229736328125, "lowlevel.spectral_complexity.mean": 10.343422889709473, "lowlevel.spectral_complexity.stdev": 9.762724876403809, "lowlevel.spectral_decrease.mean": -9.94538496001951e-09, "lowlevel.spectral_decrease.stdev": 1.1094927643284791e-08, "lowlevel.spectral_energy.mean": 0.039025917649269104, "lowlevel.spectral_energy.stdev": 0.04227662459015846, "lowlevel.spectral_energyband_high.mean": 0.0007534309988841414, "lowlevel.spectral_energyband_high.stdev": 0.001553227542899549, "lowlevel.spectral_energyband_low.mean": 0.018179994076490402, "lowlevel.spectral_energyband_low.stdev": 0.03825143724679947, "lowlevel.spectral_energyband_middle_high.mean": 0.0019236896187067032, "lowlevel.spectral_energyband_middle_high.stdev": 0.002829729113727808, "lowlevel.spectral_energyband_middle_low.mean": 0.019697602838277817, "lowlevel.spectral_energyband_middle_low.stdev": 0.02184794656932354, "lowlevel.spectral_entropy.mean": 6.934617042541504, "lowlevel.spectral_entropy.stdev": 0.8764262795448303, "lowlevel.spectral_flux.mean": 0.09142520278692245, "lowlevel.spectral_flux.stdev": 0.06285864859819412, "lowlevel.spectral_kurtosis.mean": 14.531662940979004, "lowlevel.spectral_kurtosis.stdev": 19.88449478149414, "lowlevel.spectral_rms.mean": 0.005256796721369028, "lowlevel.spectral_rms.stdev": 0.0032311202958226204, "lowlevel.spectral_rolloff.mean": 1486.081298828125, "lowlevel.spectral_rolloff.stdev": 3018.889892578125, "lowlevel.spectral_skewness.mean": 2.5030417442321777, "lowlevel.spectral_skewness.stdev": 1.644658088684082, "lowlevel.spectral_spread.mean": 5466365.5, "lowlevel.spectral_spread.stdev": 4084660.25, "lowlevel.spectral_strongpeak.mean": 0.6389272212982178, "lowlevel.spectral_strongpeak.stdev": 0.6960179805755615, "lowlevel.zerocrossingrate.mean": 0.05609209090471268, "lowlevel.zerocrossingrate.stdev": 0.0728236734867096, "metadata.audio_properties.analysis.equal_loudness": 0.0, "metadata.audio_properties.analysis.length": 39.849613189697266, "metadata.audio_properties.analysis.sample_rate": 44100.0, "metadata.audio_properties.analysis.start_time": 0.0, "metadata.audio_properties.bit_rate": 137073.0, "metadata.audio_properties.length": 39.85066604614258, "metadata.audio_properties.lossless": 0.0, "metadata.audio_properties.number_channels": 1.0, "metadata.audio_properties.replay_gain": -13.275432586669922, "metadata.audio_properties.sample_rate": 48000.0, "rhythm.beats_count": 72.0, "rhythm.beats_loudness.mean": 0.061640653759241104, "rhythm.beats_loudness.stdev": 0.0691893994808197, "rhythm.bpm": 109.74848175048828, "rhythm.bpm_histogram_first_peak_bpm": 110.0, "rhythm.bpm_histogram_first_peak_weight": 0.4098360538482666, "rhythm.bpm_histogram_second_peak_bpm": 105.0, "rhythm.bpm_histogram_second_peak_spread": 0.3333333134651184, "rhythm.bpm_histogram_second_peak_weight": 0.056338027119636536, "rhythm.danceability": 1.0522793531417847, "rhythm.onset_rate": 5.819106578826904, "tonal.chords_changes_rate": 0.08139535039663315, "tonal.chords_number_rate": 0.013953488320112228, "tonal.chords_strength.mean": 0.49501821398735046, "tonal.chords_strength.stdev": 0.08565549552440643, "tonal.hpcp_crest.mean": 12.355485916137695, "tonal.hpcp_crest.stdev": 6.964228630065918, "tonal.hpcp_entropy.mean": 2.273691415786743, "tonal.hpcp_entropy.stdev": 0.8244986534118652, "tonal.key_edma.strength": 0.5078308582305908, "tonal.key_krumhansl.strength": 0.508573055267334, "tonal.key_temperley.strength": 0.5166135430335999, "tonal.tuning_diatonic_strength": 0.3984929919242859, "tonal.tuning_equal_tempered_deviation": 0.2715049982070923, "tonal.tuning_frequency": 434.193115234375, "tonal.tuning_nontempered_energy_ratio": 0.9272546172142029, "lowlevel.barkbands.mean": [0.0015897760167717934, 0.013418388552963734, 0.0017508352175354958, 0.004190538078546524, 0.008203689940273762, 0.004019091837108135, 0.0011697825975716114, 0.000821577908936888, 0.0010786537313833833, 0.0007050121785141528, 0.00025738932890817523, 0.0002295780723216012, 0.00020547557505778968, 0.00013289156777318567, 0.00010915505845332518, 7.020303746685386e-05, 9.957340807886794e-05, 0.00010668501636246219, 8.1283287727274e-05, 5.917514499742538e-05, 5.575935574597679e-05, 6.880291766719893e-05, 0.0002158379356842488, 8.361523214261979e-05, 8.819621143629774e-05, 0.00020841046352870762, 6.592305908270646e-06], "lowlevel.barkbands.stdev": [0.0037903517950326204, 0.035480912774801254, 0.004220759030431509, 0.007144540548324585, 0.012095313519239426, 0.005851677618920803, 0.0022955704480409622, 0.002866676775738597, 0.0019348484929651022, 0.0011395046021789312, 0.0003840083081740886, 0.0004495513276197016, 0.0005692617851309478, 0.0004045938258059323, 0.00025850062957033515, 0.00019103437080048025, 0.0003076520224567503, 0.00043723880662582815, 0.0003547341038938612, 0.0002959808916784823, 0.00024695711908861995, 0.0002187995851272717, 0.0005343060474842787, 0.00020999721891712397, 0.00020125368610024452, 0.00047157052904367447, 1.8738408471108414e-05], "lowlevel.erbbands.mean": [0.5973958373069763, 2.180537700653076, 2.083247184753418, 8.251848220825195, 23.470293045043945, 24.255460739135742, 34.098602294921875, 33.28395080566406, 18.15887451171875, 17.38471031188965, 19.102663040161133, 23.83271026611328, 22.446378707885742, 16.234634399414062, 10.782305717468262, 9.016106605529785, 9.306669235229492, 7.584450721740723, 6.177968978881836, 4.998190879821777, 4.18269681930542, 5.62293815612793, 5.6860551834106445, 5.02957010269165, 3.747570514678955, 2.744992971420288, 2.2927870750427246, 2.112762928009033, 2.4237277507781982, 4.899832248687744, 5.701444149017334, 2.4595232009887695, 1.1606403589248657, 0.8054600954055786, 0.7318145632743835, 0.7400490641593933, 0.43302786350250244, 0.05934343487024307, 0.0011765724048018456, 8.210894884541631e-05], "lowlevel.erbbands.stdev": [1.5633200407028198, 6.167471408843994, 4.931328296661377, 13.487573623657227, 36.77983093261719, 39.103370666503906, 50.57245635986328, 54.909141540527344, 30.64928436279297, 53.06008529663086, 44.18686294555664, 43.70161819458008, 36.024532318115234, 24.88982582092285, 15.614553451538086, 17.61835479736328, 27.295467376708984, 22.31943130493164, 13.113895416259766, 11.899184226989746, 11.54004192352295, 16.31416893005371, 20.913280487060547, 21.396221160888672, 18.362079620361328, 13.473918914794922, 11.12753963470459, 8.475327491760254, 8.027694702148438, 11.591304779052734, 14.860543251037598, 7.428747653961182, 2.5881919860839844, 1.8594509363174438, 1.7477128505706787, 1.7363619804382324, 0.9923462867736816, 0.1334899514913559, 0.0026195498649030924, 9.879741992335767e-05], "lowlevel.gfcc.mean": [-101.58192443847656, 104.35661315917969, -52.475284576416016, 19.283660888671875, -49.72553634643555, 13.212881088256836, -37.47138977050781, -1.295854926109314, -17.89303207397461, -2.0080692768096924, -16.288673400878906, 10.826903343200684, -16.491456985473633], "lowlevel.melbands.mean": [0.0044898646883666515, 0.0016424166969954967, 0.0019231288461014628, 0.001795539865270257, 0.001160915708169341, 0.000721158052328974, 0.0002625583438202739, 0.00018861192802432925, 0.00016275882080662996, 0.00014837681374046952, 0.00011419793736422434, 7.098617061274126e-05, 3.554814975359477e-05, 2.725371996348258e-05, 2.1053185264463536e-05, 2.0038765796925873e-05, 1.327606696577277e-05, 1.010657797451131e-05, 7.992895007191692e-06, 5.302299086906714e-06, 4.860510671278462e-06, 5.852138656337047e-06, 5.669143320119474e-06, 4.7585167521901894e-06, 4.043806711706566e-06, 2.833991857187357e-06, 2.4641797153890366e-06, 1.6375029190385249e-06, 1.4427758969759452e-06, 1.3274197954160627e-06, 1.148255023508682e-06, 1.2917070080220583e-06, 1.4637448657595087e-06, 3.5882364954886725e-06, 3.7424536003527464e-06, 2.243348035335657e-06, 1.246321289727348e-06, 8.265205906354822e-07, 7.141076707739558e-07, 6.517376505144057e-07], "lowlevel.melbands.stdev": [0.011584078893065453, 0.0037374631501734257, 0.0028728635516017675, 0.002707126084715128, 0.001691458746790886, 0.0011276795994490385, 0.0004613737983163446, 0.0006318200030364096, 0.0003374140942469239, 0.0002791677543427795, 0.0001844815706135705, 0.00011457069922471419, 5.2243442041799426e-05, 4.46854428446386e-05, 5.115211752126925e-05, 6.678673526039347e-05, 4.238700421410613e-05, 2.185774610552471e-05, 2.060766018985305e-05, 1.4082520465308335e-05, 1.4469604138866998e-05, 1.827115374908317e-05, 1.8569833628134802e-05, 2.0209876311128028e-05, 1.7380030840286054e-05, 1.3457325621857308e-05, 1.30189719129703e-05, 8.090412848105188e-06, 7.2517314038123e-06, 6.026518803992076e-06, 4.516181888902793e-06, 4.623370386980241e-06, 4.499163424043218e-06, 8.444579179922584e-06, 9.457397027290426e-06, 7.376876055786852e-06, 3.6941089547326555e-06, 1.947432110682712e-06, 1.6198071079998044e-06, 1.6176520603039535e-06], "lowlevel.melbands128.mean": [0.001404126756824553, 0.0053641656413674355, 0.005867983214557171, 0.0027836780063807964, 0.0010050417622551322, 0.0009276947821490467, 0.001447500428184867, 0.002377753145992756, 0.0024750549346208572, 0.0019926633685827255, 0.0011347588151693344, 0.0011486761504784226, 0.001265807542949915, 0.0009928832296282053, 0.0009547338122501969, 0.000407651299610734, 0.0002525168238207698, 0.0002856263308785856, 0.00020129355834797025, 0.00018648598052095622, 0.00019334645185153931, 0.0001561438402859494, 0.00013916715397499502, 0.00020803937513846904, 0.00014426583948079497, 0.00014729933172930032, 0.00010505264799576253, 0.00010521813965169713, 0.0001280130964005366, 9.72019333858043e-05, 3.9303835364989936e-05, 4.30457730544731e-05, 3.083276897086762e-05, 3.809877671301365e-05, 2.9257989808684215e-05, 2.4369359380216338e-05, 2.2421610992751084e-05, 2.2058913600631058e-05, 1.7890128219733015e-05, 2.201483766839374e-05, 2.2832153263152577e-05, 1.3946156286692712e-05, 1.3182917427911889e-05, 1.3477965694619343e-05, 1.033451462717494e-05, 1.0099408427777234e-05, 8.525746125087608e-06, 8.707532288099173e-06, 7.593702775920974e-06, 6.271326128626242e-06, 4.7584803724021185e-06, 4.617863851308357e-06, 4.39833638665732e-06, 4.696278665505815e-06, 6.467855200753547e-06, 5.957331723038806e-06, 5.326561677065911e-06, 6.074761131458217e-06, 5.7078773352259304e-06, 5.076884917798452e-06, 4.3705222196877e-06, 4.850500772590749e-06, 4.922427251585759e-06, 3.697213287523482e-06, 2.780997419904452e-06, 3.0545866138709243e-06, 2.5332167297165142e-06, 2.701217908906983e-06, 2.5430699679418467e-06, 2.1179212126298808e-06, 1.5480405863854685e-06, 1.4185106920194812e-06, 1.484163362874824e-06, 1.512870994702098e-06, 1.30128285036335e-06, 1.2895706049675937e-06, 1.4133426020634943e-06, 1.243902829628496e-06, 1.1176678071933566e-06, 9.778955245565157e-07, 1.2888989431303344e-06, 1.4714242979607661e-06, 1.2576518884088728e-06, 1.4264355741033796e-06, 1.5574318013023003e-06, 2.2877725314174313e-06, 4.2379169826745056e-06, 6.487786777142901e-06, 2.7984970074612647e-06, 2.935502379841637e-06, 2.8744311748596374e-06, 1.978745558517403e-06, 1.3004698757868027e-06, 1.3335728681340697e-06, 1.086231236513413e-06, 1.0463280659678276e-06, 6.971888524276437e-07, 6.051710670362809e-07, 7.78210790031153e-07, 7.517461995121266e-07, 6.368118761201913e-07, 6.693186946904461e-07, 5.995206038278411e-07, 6.222041406545031e-07, 7.186490051935834e-07, 1.1570348306122469e-06, 9.083057079806167e-07, 7.880674388616171e-07, 1.3431549632514361e-06, 1.4916487316440907e-06, 1.961656380444765e-06, 1.9006641878149821e-06, 1.4085758266446646e-06, 1.0123923175342497e-06, 7.852981980249751e-07, 8.201848231692566e-07, 2.9779010901620495e-07, 4.4314321101524e-09, 2.9867425199725517e-10, 1.7784856920499692e-10, 1.1085037748825854e-10, 2.752355808544049e-11, 4.962972307426261e-12, 4.835925063173541e-12, 4.73567149036902e-12, 4.624817022402805e-12, 4.55783110905883e-12, 4.5265115440618064e-12], "lowlevel.melbands128.stdev": [0.0032643142621964216, 0.013868859969079494, 0.016899490728974342, 0.008099689148366451, 0.0030555767007172108, 0.002112091053277254, 0.002683436032384634, 0.0040906574577093124, 0.004256858956068754, 0.003556981449946761, 0.0023330748081207275, 0.0021770833991467953, 0.0021273335441946983, 0.0016136658377945423, 0.00184100482147187, 0.0007871979614719748, 0.0004926322726532817, 0.000647531938739121, 0.0006065964698791504, 0.0007256579701788723, 0.0009974963031709194, 0.0005789280403405428, 0.0003237584896851331, 0.0004968983121216297, 0.00031498269527219236, 0.00040151263237930834, 0.0002431960601825267, 0.0002146018814528361, 0.0002455970679875463, 0.0001973404287127778, 6.993116403464228e-05, 7.935755274957046e-05, 5.6068074627546594e-05, 6.75917326589115e-05, 5.3455642046174034e-05, 5.153112579137087e-05, 6.631286669289693e-05, 7.693448424106464e-05, 4.041847205371596e-05, 0.0001057986228261143, 9.75820585153997e-05, 5.3791696700500324e-05, 5.8722620451590046e-05, 5.9916317695751786e-05, 2.572107950982172e-05, 2.4756373022682965e-05, 2.311042044311762e-05, 3.4788161428878084e-05, 1.8458027625456452e-05, 1.967356183740776e-05, 1.5733821783214808e-05, 1.3744905118073802e-05, 1.2685043657256756e-05, 1.5709130821051076e-05, 3.454036050243303e-05, 2.0866835257038474e-05, 1.5371018889709376e-05, 2.2119809727882966e-05, 2.195557863160502e-05, 2.20760175579926e-05, 1.861473538156133e-05, 2.5860010282485746e-05, 2.5171812012558803e-05, 1.4946241208235733e-05, 1.196298671857221e-05, 1.7175101675093174e-05, 1.39090607262915e-05, 1.6316373148583807e-05, 1.406700539519079e-05, 1.1090874068031553e-05, 8.959432307165116e-06, 7.193556484708097e-06, 7.764940164634027e-06, 7.961876690387726e-06, 7.165535407693824e-06, 6.5652034209051635e-06, 6.50147785563604e-06, 5.513535597856389e-06, 4.656914825318381e-06, 3.8357152334356215e-06, 5.2488112487480976e-06, 5.36684137841803e-06, 4.226836608722806e-06, 4.939360223943368e-06, 4.81240658700699e-06, 6.324235982901882e-06, 1.1247077054576948e-05, 1.6177735233213753e-05, 8.08943877927959e-06, 9.840191523835529e-06, 9.238397069566417e-06, 8.068805072980467e-06, 4.516917670116527e-06, 4.328793238528306e-06, 3.118246468147845e-06, 2.7588171178649645e-06, 1.8707791014094255e-06, 1.5073239865159849e-06, 1.9044215378016816e-06, 1.8741551457424066e-06, 1.6839404679558356e-06, 1.8530990928411484e-06, 1.8103737602359615e-06, 1.757289737724932e-06, 1.9855804112012265e-06, 3.0824185159872286e-06, 2.5243364234484034e-06, 2.213118023064453e-06, 3.58099941877299e-06, 3.8015255086065736e-06, 5.291026809572941e-06, 4.926248038827907e-06, 3.3944525057449937e-06, 2.343957703487831e-06, 1.7881201301861438e-06, 2.0159145606157836e-06, 7.952653504617047e-07, 2.4064803483270225e-08, 4.985015511493884e-09, 3.831617689797895e-09, 2.6795754504149727e-09, 5.606404784863628e-10, 1.0408522134464082e-11, 1.019716255878933e-11, 1.0038724192196202e-11, 9.909698062138261e-12, 9.818612069223409e-12, 9.762534530777245e-12], "lowlevel.mfcc.mean": [-770.3977661132812, 152.5957489013672, 45.97880935668945, 19.495529174804688, 12.463956832885742, 15.200239181518555, -8.838201522827148, 12.700584411621094, -10.113517761230469, 0.43006598949432373, -1.5685392618179321, -3.1421682834625244, -2.031256914138794], "lowlevel.spectral_contrast_coeffs.mean": [-0.6660684943199158, -0.7816562056541443, -0.8142824769020081, -0.8369868397712708, -0.7910919785499573, -0.769084095954895], "lowlevel.spectral_contrast_coeffs.stdev": [0.12402627617120743, 0.0871468037366867, 0.0648273378610611, 0.049513060599565506, 0.07638589292764664, 0.061549440026283264], "lowlevel.spectral_contrast_valleys.mean": [-7.044558525085449, -7.415557861328125, -8.323698997497559, -8.93927001953125, -9.581270217895508, -11.687749862670898], "lowlevel.spectral_contrast_valleys.stdev": [1.2944016456604004, 1.8929113149642944, 1.9945448637008667, 1.8671375513076782, 1.6612948179244995, 1.7791715860366821], "rhythm.beats_loudness_band_ratio.mean": [0.521395206451416, 0.14264678955078125, 0.10650774836540222, 0.051326554268598557, 0.058080241084098816, 0.14656950533390045], "rhythm.beats_loudness_band_ratio.stdev": [0.3878078758716583, 0.19417886435985565, 0.18210169672966003, 0.07394598424434662, 0.10158990323543549, 0.20045308768749237], "tonal.hpcp.mean": [0.0971354991197586, 0.03961654752492905, 0.03402119502425194, 0.04646333307027817, 0.11490925401449203, 0.12114077061414719, 0.06641659140586853, 0.07196551561355591, 0.1064220517873764, 0.13526131212711334, 0.11602337658405304, 0.07250255346298218, 0.0732174813747406, 0.14403565227985382, 0.17342901229858398, 0.11976888030767441, 0.07562722265720367, 0.06637424975633621, 0.06826384365558624, 0.09186859428882599, 0.11511740833520889, 0.08632049709558487, 0.06686973571777344, 0.10143115371465683, 0.16129152476787567, 0.18979772925376892, 0.12388444691896439, 0.0681920051574707, 0.10675987601280212, 0.18711702525615692, 0.23682577908039093, 0.18210887908935547, 0.10041246563196182, 0.07649920135736465, 0.1262059509754181, 0.16236896812915802], "tonal.hpcp.stdev": [0.20267806947231293, 0.12760300934314728, 0.11634990572929382, 0.12161371111869812, 0.24791353940963745, 0.2562025785446167, 0.16911321878433228, 0.1952284872531891, 0.23477055132389069, 0.2845523953437805, 0.2473466694355011, 0.18747664988040924, 0.1731777936220169, 0.2575407326221466, 0.2789222002029419, 0.2347746342420578, 0.17976225912570953, 0.17709703743457794, 0.16999530792236328, 0.19662423431873322, 0.22448132932186127, 0.1845032125711441, 0.1683317869901657, 0.22088496387004852, 0.2771281898021698, 0.31565243005752563, 0.22899027168750763, 0.16778986155986786, 0.2302509844303131, 0.3068836033344269, 0.34626781940460205, 0.29949912428855896, 0.20571830868721008, 0.18122218549251556, 0.23741498589515686, 0.2864614725112915], "rhythm.beats_position": [0.5572788715362549, 1.1145577430725098, 1.6834466457366943, 2.252335548400879, 2.809614419937134, 3.3668932914733887, 3.912562370300293, 4.458230972290039, 5.003900051116943, 5.549569129943848, 6.095238208770752, 6.640906810760498, 7.186575889587402, 7.732244968414307, 8.266304016113281, 8.811972618103027, 9.357641220092773, 9.914920806884766, 10.472199440002441, 11.041088104248047, 11.621586799621582, 12.202085494995117, 12.75936508178711, 13.328253746032715, 13.88553237915039, 14.442811965942383, 14.988480567932129, 15.534149169921875, 16.068208694458008, 16.60226821899414, 17.11310577392578, 17.623945236206055, 18.146394729614258, 18.668842315673828, 19.21451187133789, 19.760181427001953, 20.305849075317383, 20.851518630981445, 21.397188186645508, 21.942855834960938, 22.488525390625, 23.034194946289062, 23.579862594604492, 24.125532150268555, 24.671201705932617, 25.216869354248047, 25.75092887878418, 26.296598434448242, 26.842267990112305, 27.399545669555664, 27.933605194091797, 28.49088478088379, 29.02494239807129, 29.58222198486328, 30.116281509399414, 30.661949157714844, 31.207618713378906, 31.7648983001709, 32.31056594848633, 32.85623550415039, 33.39029312133789, 33.93596267700195, 34.481632232666016, 35.02730178833008, 35.57297134399414, 36.1302490234375, 36.664306640625, 37.221588134765625, 37.76725387573242, 38.312923431396484, 38.84698486328125, 39.38104248046875], "rhythm.bpm_histogram": [0.0, 0.0, 0.0, 0.0, 0.0, 0.0, 0.0, 0.0, 0.0, 0.0, 0.0, 0.0, 0.0, 0.0, 0.0, 0.0, 0.0, 0.0, 0.0, 0.0, 0.0, 0.0, 0.0, 0.0, 0.0, 0.0, 0.0, 0.0, 0.0, 0.0, 0.0, 0.0, 0.0, 0.0, 0.0, 0.0, 0.0, 0.0, 0.0, 0.0, 0.0, 0.0, 0.0, 0.0, 0.0, 0.0, 0.0, 0.0, 0.0, 0.0, 0.0, 0.0, 0.0, 0.0, 0.0, 0.0, 0.0, 0.0, 0.0, 0.0, 0.0, 0.0, 0.0, 0.0, 0.0, 0.0, 0.0, 0.0, 0.0, 0.0, 0.0, 0.0, 0.0, 0.0, 0.0, 0.0, 0.0, 0.0, 0.0, 0.0, 0.0, 0.0, 0.0, 0.0, 0.0, 0.0, 0.0, 0.0, 0.0, 0.0, 0.0, 0.0, 0.0, 0.0, 0.0, 0.0, 0.0, 0.0, 0.0, 0.0, 0.0, 0.0, 0.0, 0.028169013559818268, 0.0, 0.056338027119636536, 0.0, 0.0, 0.19718310236930847, 0.0, 0.5070422291755676, 0.0, 0.15492957830429077, 0.0, 0.0, 0.028169013559818268, 0.0, 0.028169013559818268, 0.0, 0.0, 0.0, 0.0, 0.0, 0.0, 0.0, 0.0, 0.0, 0.0, 0.0, 0.0, 0.0, 0.0, 0.0, 0.0, 0.0, 0.0, 0.0, 0.0, 0.0, 0.0, 0.0, 0.0, 0.0, 0.0, 0.0, 0.0, 0.0, 0.0, 0.0, 0.0, 0.0, 0.0, 0.0, 0.0, 0.0, 0.0, 0.0, 0.0, 0.0, 0.0, 0.0, 0.0, 0.0, 0.0, 0.0, 0.0, 0.0, 0.0, 0.0, 0.0, 0.0, 0.0, 0.0, 0.0, 0.0, 0.0, 0.0, 0.0, 0.0, 0.0, 0.0, 0.0, 0.0, 0.0, 0.0, 0.0, 0.0, 0.0, 0.0, 0.0, 0.0, 0.0, 0.0, 0.0, 0.0, 0.0, 0.0, 0.0, 0.0, 0.0, 0.0, 0.0, 0.0, 0.0, 0.0, 0.0, 0.0, 0.0, 0.0, 0.0, 0.0, 0.0, 0.0, 0.0, 0.0, 0.0, 0.0, 0.0, 0.0, 0.0, 0.0, 0.0, 0.0, 0.0, 0.0, 0.0, 0.0, 0.0, 0.0, 0.0, 0.0, 0.0, 0.0, 0.0, 0.0, 0.0, 0.0, 0.0, 0.0, 0.0, 0.0, 0.0, 0.0, 0.0, 0.0, 0.0, 0.0, 0.0, 0.0, 0.0], "tonal.chords_histogram": [0.0, 5.581395149230957, 40.69767379760742, 1.7441860437393188, 2.2093024253845215, 27.9069766998291, 1.3953487873077393, 2.3255813121795654, 0.0, 0.3488371968269348, 2.0930233001708984, 0.0, 9.651163101196289, 1.9767441749572754, 1.3953487873077393, 0.3488371968269348, 0.0, 0.0, 0.0, 0.5813953280448914, 1.2790697813034058, 0.0, 0.4651162922382355, 0.0], "tonal.thpcp": [1.0, 0.7689571380615234, 0.42399296164512634, 0.3230189085006714, 0.5329062938690186, 0.6856051087379456, 0.41015592217445374, 0.1672814041376114, 0.1436549425125122, 0.19619204103946686, 0.48520585894584656, 0.5115185379981995, 0.2804449498653412, 0.3038753569126129, 0.44936853647232056, 0.5711426734924316, 0.4899102449417114, 0.30614298582077026, 0.3091617822647095, 0.6081924438476562, 0.7323063015937805, 0.5057256817817688, 0.3193369507789612, 0.2802661657333374, 0.28824499249458313, 0.38791635632514954, 0.48608478903770447, 0.36448943614959717, 0.2823583483695984, 0.4282943904399872, 0.6810556054115295, 0.8014234304428101, 0.5231037139892578, 0.2879416346549988, 0.4507949948310852, 0.7901041507720947], "lowlevel.gfcc.cov": [[18184.1796875, 453.0009765625, -3363.6298828125, -2831.498291015625, -1390.0833740234375, -1023.0029296875, -1244.1158447265625, 11.798018455505371, -836.5759887695312, -507.6981506347656, -690.287353515625, 98.58644104003906, -338.3297119140625], [453.0009765625, 6772.71337890625, -2563.018310546875, -2135.81494140625, 1231.5203857421875, -1158.3187255859375, 220.08778381347656, -405.3411865234375, 212.6763458251953, -856.7257690429688, 249.12168884277344, -550.6748046875, 472.66217041015625], [-3363.6298828125, -2563.018310546875, 3262.5908203125, 1095.7322998046875, -289.4194030761719, 1129.3232421875, 249.57443237304688, 52.67578887939453, -13.456049919128418, 456.5155334472656, -145.37510681152344, 266.06689453125, -75.5858383178711], [-2831.498291015625, -2135.81494140625, 1095.7322998046875, 1942.614990234375, 80.39540100097656, 413.16278076171875, 325.16632080078125, 191.44146728515625, 229.49746704101562, 429.26849365234375, 195.34934997558594, 112.76699829101562, 5.486961841583252], [-1390.0833740234375, 1231.5203857421875, -289.4194030761719, 80.39540100097656, 707.5474853515625, -102.44107055664062, 269.7368469238281, 21.819623947143555, 187.1416015625, -64.2675552368164, 151.5201416015625, -131.72203063964844, 169.77813720703125], [-1023.0029296875, -1158.3187255859375, 1129.3232421875, 413.16278076171875, -102.44107055664062, 720.098876953125, 248.94659423828125, 81.56141662597656, 31.879920959472656, 242.51832580566406, -53.174137115478516, 93.29644775390625, -52.62534713745117], [-1244.1158447265625, 220.08778381347656, 249.57443237304688, 325.16632080078125, 269.7368469238281, 248.94659423828125, 556.260498046875, 61.15083694458008, 94.32612609863281, 69.36904907226562, 91.68144989013672, -89.54414367675781, 105.68270111083984], [11.798018455505371, -405.3411865234375, 52.67578887939453, 191.44146728515625, 21.819623947143555, 81.56141662597656, 61.15083694458008, 223.35447692871094, 70.29336547851562, 96.62644958496094, 51.65729522705078, 55.98577117919922, -23.47835350036621], [-836.5759887695312, 212.6763458251953, -13.456049919128418, 229.49746704101562, 187.1416015625, 31.879920959472656, 94.32612609863281, 70.29336547851562, 267.21173095703125, 92.43524169921875, 150.93441772460938, 13.18840217590332, 33.70805358886719], [-507.6981506347656, -856.7257690429688, 456.5155334472656, 429.26849365234375, -64.2675552368164, 242.51832580566406, 69.36904907226562, 96.62644958496094, 92.43524169921875, 266.4075622558594, 61.82215118408203, 92.49356079101562, -38.28544616699219], [-690.287353515625, 249.12168884277344, -145.37510681152344, 195.34934997558594, 151.5201416015625, -53.174137115478516, 91.68144989013672, 51.65729522705078, 150.93441772460938, 61.82215118408203, 222.09054565429688, 20.931650161743164, 46.389564514160156], [98.58644104003906, -550.6748046875, 266.06689453125, 112.76699829101562, -131.72203063964844, 93.29644775390625, -89.54414367675781, 55.98577117919922, 13.18840217590332, 92.49356079101562, 20.931650161743164, 180.48533630371094, -54.27987289428711], [-338.3297119140625, 472.66217041015625, -75.5858383178711, 5.486961841583252, 169.77813720703125, -52.62534713745117, 105.68270111083984, -23.47835350036621, 33.70805358886719, -38.28544616699219, 46.389564514160156, -54.27987289428711, 157.5909423828125]], "lowlevel.gfcc.icov": [[0.0001313460525125265, -3.030719562957529e-05, 0.00018062914023175836, 6.992739508859813e-05, 0.00020207234774716198, -4.701516081695445e-05, 5.518306352314539e-05, -0.00018876566900871694, 0.0001780469756340608, -0.0002147780469385907, 0.00034845908521674573, -0.00018979690503329039, -9.965235949493945e-05], [-3.030719562957529e-05, 0.0013874266296625137, -9.587627573637292e-05, 0.0013194093480706215, -0.0011807084083557129, 0.000845659407787025, -0.0007781510939821601, 0.001228094450198114, -0.0014828831190243363, 0.0015737764770165086, -0.0011653797701001167, 0.0007051474531181157, -0.0007736320840194821], [0.00018062914023175836, -9.587627573637292e-05, 0.001150351483374834, -0.00027670609415508807, 0.00027395106735639274, -0.0012900279834866524, 0.00025430222740396857, 0.00019249427714385092, 0.00045120439608581364, -0.0005024140700697899, 0.0010587135329842567, -0.001034873304888606, -0.000517717213369906], [6.992739508859813e-05, 0.0013194093480706215, -0.00027670609415508807, 0.002320025349035859, -0.0010132084134966135, 0.0012211514404043555, -0.0010563192190602422, 0.0008125872118398547, -0.001397340907715261, 0.00014909061428625137, -0.0012652365257963538, 0.0007534071337431669, -0.0007248260662890971], [0.00020207234774716198, -0.0011807084083557129, 0.00027395106735639274, -0.0010132084134966135, 0.004169185645878315, -0.0004953668685629964, -6.802046118536964e-05, -0.001633638166822493, -0.00016775724361650646, -0.000544036622159183, 0.0009330258471891284, 0.0001618454698473215, -0.0010281938593834639], [-4.701516081695445e-05, 0.000845659407787025, -0.0012900279834866524, 0.0012211514404043555, -0.0004953668685629964, 0.005382617004215717, -0.002663730876520276, 0.0004961887607350945, -0.0015873307129368186, -0.0011657604482024908, 0.0008657195139676332, -5.9089474234497175e-05, 0.0006739275413565338], [5.518306352314539e-05, -0.0007781510939821601, 0.00025430222740396857, -0.0010563192190602422, -6.802046118536964e-05, -0.002663730876520276, 0.0045614661648869514, -0.0014880503294989467, 0.0015651663998141885, -0.0005105656455270946, -0.0008670812239870429, 0.0018657587934285402, -0.0010467317188158631], [-0.00018876566900871694, 0.001228094450198114, 0.00019249427714385092, 0.0008125872118398547, -0.001633638166822493, 0.0004961887607350945, -0.0014880503294989467, 0.0075110141187906265, -0.0020830114372074604, 0.00020319651230238378, -0.0010744336759671569, -0.001155956881120801, 0.00043098285095766187], [0.0001780469756340608, -0.0014828831190243363, 0.00045120439608581364, -0.001397340907715261, -0.00016775724361650646, -0.0015873307129368186, 0.0015651663998141885, -0.0020830114372074604, 0.009421105496585369, -0.0036106612533330917, -0.0022256753873080015, -0.0005884856218472123, 0.0009457803680561483], [-0.0002147780469385907, 0.0015737764770165086, -0.0005024140700697899, 0.00014909061428625137, -0.000544036622159183, -0.0011657604482024908, -0.0005105656455270946, 0.00020319651230238378, -0.0036106612533330917, 0.0121024614199996, -0.003508538706228137, -0.00012224126840010285, -0.00015481433365494013], [0.00034845908521674573, -0.0011653797701001167, 0.0010587135329842567, -0.0012652365257963538, 0.0009330258471891284, 0.0008657195139676332, -0.0008670812239870429, -0.0010744336759671569, -0.0022256753873080015, -0.003508538706228137, 0.011907312087714672, -0.004031346179544926, -0.0007693766383454204], [-0.00018979690503329039, 0.0007051474531181157, -0.001034873304888606, 0.0007534071337431669, 0.0001618454698473215, -5.9089474234497175e-05, 0.0018657587934285402, -0.001155956881120801, -0.0005884856218472123, -0.00012224126840010285, -0.004031346179544926, 0.01097737904638052, 0.00040134170558303595], [-9.965235949493945e-05, -0.0007736320840194821, -0.000517717213369906, -0.0007248260662890971, -0.0010281938593834639, 0.0006739275413565338, -0.0010467317188158631, 0.00043098285095766187, 0.0009457803680561483, -0.00015481433365494013, -0.0007693766383454204, 0.00040134170558303595, 0.010452601127326488]], "lowlevel.mfcc.cov": [[18373.5078125, 1640.82958984375, -3704.45458984375, -2038.9759521484375, -1294.4156494140625, -1904.1231689453125, -1075.1353759765625, -445.9272766113281, -618.5542602539062, -611.5278930664062, -629.3440551757812, -551.7761840820312, -582.3212890625], [1640.82958984375, 7225.20166015625, -3015.01171875, -1040.637939453125, -63.329166412353516, -772.1668701171875, -200.28201293945312, -24.573532104492188, -79.6990966796875, -267.0751953125, -339.42291259765625, -310.9883117675781, -313.9197998046875], [-3704.45458984375, -3015.01171875, 3276.14453125, 264.34014892578125, 185.60202026367188, 916.4523315429688, 324.0426330566406, 112.07707977294922, 167.08645629882812, 241.27432250976562, 67.69544219970703, 167.99118041992188, 195.22146606445312], [-2038.9759521484375, -1040.637939453125, 264.34014892578125, 1120.68212890625, 245.37017822265625, 257.2249755859375, 194.2574920654297, 35.21397399902344, 143.374755859375, 121.33998107910156, 180.6785888671875, 146.25909423828125, 178.8939208984375], [-1294.4156494140625, -63.329166412353516, 185.60202026367188, 245.37017822265625, 407.743408203125, 86.52536010742188, 3.5145785808563232, 30.659887313842773, 55.991920471191406, 36.53639221191406, 106.05593872070312, 32.05281448364258, 89.59905242919922], [-1904.1231689453125, -772.1668701171875, 916.4523315429688, 257.2249755859375, 86.52536010742188, 606.6739501953125, 279.52978515625, 86.13739776611328, 170.49131774902344, 195.818359375, 56.020423889160156, 130.26187133789062, 89.96475219726562], [-1075.1353759765625, -200.28201293945312, 324.0426330566406, 194.2574920654297, 3.5145785808563232, 279.52978515625, 428.74969482421875, 82.42747497558594, 200.83663940429688, 126.9963607788086, 14.488479614257812, 69.38969421386719, 47.24909973144531], [-445.9272766113281, -24.573532104492188, 112.07707977294922, 35.21397399902344, 30.659887313842773, 86.13739776611328, 82.42747497558594, 173.32931518554688, 47.667362213134766, 62.692832946777344, 62.48486328125, 47.751983642578125, 36.84843063354492], [-618.5542602539062, -79.6990966796875, 167.08645629882812, 143.374755859375, 55.991920471191406, 170.49131774902344, 200.83663940429688, 47.667362213134766, 231.51498413085938, 106.42296600341797, 11.96509075164795, 42.85887145996094, 42.10121154785156], [-611.5278930664062, -267.0751953125, 241.27432250976562, 121.33998107910156, 36.53639221191406, 195.818359375, 126.9963607788086, 62.692832946777344, 106.42296600341797, 210.06268310546875, 74.06195831298828, 72.99224090576172, 46.18327713012695], [-629.3440551757812, -339.42291259765625, 67.69544219970703, 180.6785888671875, 106.05593872070312, 56.020423889160156, 14.488479614257812, 62.48486328125, 11.96509075164795, 74.06195831298828, 241.48318481445312, 101.00328826904297, 90.30133056640625], [-551.7761840820312, -310.9883117675781, 167.99118041992188, 146.25909423828125, 32.05281448364258, 130.26187133789062, 69.38969421386719, 47.751983642578125, 42.85887145996094, 72.99224090576172, 101.00328826904297, 153.03395080566406, 74.63935852050781], [-582.3212890625, -313.9197998046875, 195.22146606445312, 178.8939208984375, 89.59905242919922, 89.96475219726562, 47.24909973144531, 36.84843063354492, 42.10121154785156, 46.18327713012695, 90.30133056640625, 74.63935852050781, 132.2637176513672]], "lowlevel.mfcc.icov": [[0.00014150288188830018, 9.040465374710038e-05, 0.0001615694200154394, 0.00018721568631008267, 0.00021884034504182637, 0.0001752045500325039, 0.00012830275227315724, 3.4478649467928335e-05, -9.247701382264495e-05, -7.665072189411148e-05, 0.00019607572176028043, 4.612400880432688e-05, -8.068424358498305e-05], [9.040465374710038e-05, 0.0003722317924257368, 0.0004328609211370349, 0.0003964460629504174, -0.00017511296027805656, -3.418459527892992e-05, -3.741649561561644e-05, -0.00016834262351039797, -9.524219785816967e-05, 6.536566161230439e-06, 0.0004370139504317194, 0.00011051380715798587, -2.4173799829441123e-05], [0.0001615694200154394, 0.0004328609211370349, 0.0011074946960434318, 0.0006133970455266535, -0.00015638880722690374, -0.0009450307115912437, 6.879745342303067e-05, -0.00013683833822142333, 0.00010822227341122925, 3.8122598198242486e-05, 0.0006652140291407704, 0.0003425245522521436, -0.0006585317314602435], [0.00018721568631008267, 0.0003964460629504174, 0.0006133970455266535, 0.0018589725950732827, -0.00046780562843196094, -0.00020301748008932918, -0.0003206081746611744, 0.0004023645888082683, -0.0002756494504865259, 2.8406693672877736e-06, 0.0001466852700104937, -0.000150841471622698, -0.0011253812117502093], [0.00021884034504182637, -0.00017511296027805656, -0.00015638880722690374, -0.00046780562843196094, 0.0041233547963202, 5.5438646086258814e-05, 0.0011881499085575342, 2.9055949198664166e-05, -0.0011765911476686597, 0.0002568667405284941, -0.0011984608136117458, 0.001319941715337336, -0.0014938936801627278], [0.0001752045500325039, -3.418459527892992e-05, -0.0009450307115912437, -0.00020301748008932918, 5.5438646086258814e-05, 0.005227274261415005, -0.0011315997689962387, -1.4923877643013839e-05, -0.0004444063815753907, -0.0020781331695616245, 0.0009295220952481031, -0.0018743419786915183, 0.0004652066854760051], [0.00012830275227315724, -3.741649561561644e-05, 6.879745342303067e-05, -0.0003206081746611744, 0.0011881499085575342, -0.0011315997689962387, 0.005174631252884865, -0.000982679077424109, -0.003269061679020524, -1.9229884856031276e-05, 0.00036116171395406127, -2.8980719434912317e-05, 1.528415123175364e-05], [3.4478649467928335e-05, -0.00016834262351039797, -0.00013683833822142333, 0.0004023645888082683, 2.9055949198664166e-05, -1.4923877643013839e-05, -0.000982679077424109, 0.007508872076869011, -9.646758553571999e-05, -0.0008992895018309355, -0.001558111049234867, -0.0005575822433456779, -0.0006172881694510579], [-9.247701382264495e-05, -9.524219785816967e-05, 0.00010822227341122925, -0.0002756494504865259, -0.0011765911476686597, -0.0004444063815753907, -0.003269061679020524, -9.646758553571999e-05, 0.008839338086545467, -0.002479416551068425, 0.0013048680266365409, 9.822121501201764e-05, -0.0010203064884990454], [-7.665072189411148e-05, 6.536566161230439e-06, 3.8122598198242486e-05, 2.8406693672877736e-06, 0.0002568667405284941, -0.0020781331695616245, -1.9229884856031276e-05, -0.0008992895018309355, -0.002479416551068425, 0.008779455907642841, -0.002125402446836233, -0.0007379311718977988, 0.0007060407078824937], [0.00019607572176028043, 0.0004370139504317194, 0.0006652140291407704, 0.0001466852700104937, -0.0011984608136117458, 0.0009295220952481031, 0.00036116171395406127, -0.001558111049234867, 0.0013048680266365409, -0.002125402446836233, 0.00853830948472023, -0.0032894082833081484, -0.002441429067403078], [4.612400880432688e-05, 0.00011051380715798587, 0.0003425245522521436, -0.000150841471622698, 0.001319941715337336, -0.0018743419786915183, -2.8980719434912317e-05, -0.0005575822433456779, 9.822121501201764e-05, -0.0007379311718977988, -0.0032894082833081484, 0.012615084648132324, -0.0039365035481750965], [-8.068424358498305e-05, -2.4173799829441123e-05, -0.0006585317314602435, -0.0011253812117502093, -0.0014938936801627278, 0.0004652066854760051, 1.528415123175364e-05, -0.0006172881694510579, -0.0010203064884990454, 0.0007060407078824937, -0.002441429067403078, -0.0039365035481750965, 0.014470824971795082]], "metadata.audio_properties.analysis.downmix": "mix", "metadata.audio_properties.codec": "mp3", "metadata.audio_properties.md5_encoded": "8f187b839fe931d02b12887ff31da6ee", "metadata.tags.file_name": "1182273168497451089.mp3", "metadata.version.essentia": "2.1-beta6-dev", "metadata.version.essentia_git_sha": "v2.1_beta5-1110-g77a6a954", "metadata.version.extractor": "music 2.0", "tona