{"song_id": "1182271314648629288", "download": "https://cdn.discordapp.com/attachments/1135903449314238464/1182271314648629288/chirp.mp4?ex=658416f6&amp", "lyrics": "Intro:\nGululu, gululu, grab your brush, let's meet,\nIt's time for a dental cleaning treat!\n\nVerse 1:\nBrush on top, now brush below,\nGentle circles, round we go.\nInside, outside, don't forget the space,\nBrush every tooth, keep a happy face.\n\nChorus:\nTra la la, sing with glee,\nBrushing's fun for you and me.\nWave goodbye to tooth decay,\nSmile bright, hip hip hooray!", "style": ["happy song for kids"], "essentia_features": {"lowlevel.average_loudness": 0.9510674476623535, "lowlevel.barkbands_crest.mean": 12.891008377075195, "lowlevel.barkbands_crest.stdev": 5.969983100891113, "lowlevel.barkbands_flatness_db.mean": 0.1666916012763977, "lowlevel.barkbands_flatness_db.stdev": 0.09618443995714188, "lowlevel.barkbands_kurtosis.mean": 12.106887817382812, "lowlevel.barkbands_kurtosis.stdev": 38.944419860839844, "lowlevel.barkbands_skewness.mean": 1.6250861883163452, "lowlevel.barkbands_skewness.stdev": 2.368535041809082, "lowlevel.barkbands_spread.mean": 31.49220848083496, "lowlevel.barkbands_spread.stdev": 24.537826538085938, "lowlevel.dissonance.mean": 0.4424712061882019, "lowlevel.dissonance.stdev": 0.058891747146844864, "lowlevel.dynamic_complexity": 3.0622074604034424, "lowlevel.erbbands_crest.mean": 14.275076866149902, "lowlevel.erbbands_crest.stdev": 8.652259826660156, "lowlevel.erbbands_flatness_db.mean": 0.18303146958351135, "lowlevel.erbbands_flatness_db.stdev": 0.11204742640256882, "lowlevel.erbbands_kurtosis.mean": 11.665380477905273, "lowlevel.erbbands_kurtosis.stdev": 38.753360748291016, "lowlevel.erbbands_skewness.mean": 0.6354786157608032, "lowlevel.erbbands_skewness.stdev": 2.321107864379883, "lowlevel.erbbands_spread.mean": 46.9974479675293, "lowlevel.erbbands_spread.stdev": 33.37382888793945, "lowlevel.hfc.mean": 26.771682739257812, "lowlevel.hfc.stdev": 20.42264175415039, "lowlevel.loudness_ebu128.integrated": -12.620406150817871, "lowlevel.loudness_ebu128.loudness_range": 3.491455078125, "lowlevel.loudness_ebu128.momentary.mean": -12.926984786987305, "lowlevel.loudness_ebu128.momentary.stdev": 1.6620464324951172, "lowlevel.loudness_ebu128.short_term.mean": -12.759149551391602, "lowlevel.loudness_ebu128.short_term.stdev": 1.0430655479431152, "lowlevel.melbands_crest.mean": 16.876855850219727, "lowlevel.melbands_crest.stdev": 6.4735002517700195, "lowlevel.melbands_flatness_db.mean": 0.22460640966892242, "lowlevel.melbands_flatness_db.stdev": 0.09705672413110733, "lowlevel.melbands_kurtosis.mean": 28.509563446044922, "lowlevel.melbands_kurtosis.stdev": 49.576759338378906, "lowlevel.melbands_skewness.mean": 3.1382927894592285, "lowlevel.melbands_skewness.stdev": 2.830395221710205, "lowlevel.melbands_spread.mean": 33.500457763671875, "lowlevel.melbands_spread.stdev": 40.158843994140625, "lowlevel.pitch_salience.mean": 0.4631744623184204, "lowlevel.pitch_salience.stdev": 0.15568561851978302, "lowlevel.silence_rate_20dB.mean": 1.0, "lowlevel.silence_rate_20dB.stdev": 0.0, "lowlevel.silence_rate_30dB.mean": 1.0, "lowlevel.silence_rate_30dB.stdev": 0.0, "lowlevel.silence_rate_60dB.mean": 0.07814870774745941, "lowlevel.silence_rate_60dB.stdev": 0.26840293407440186, "lowlevel.spectral_centroid.mean": 1576.3153076171875, "lowlevel.spectral_centroid.stdev": 905.8617553710938, "lowlevel.spectral_complexity.mean": 9.47192668914795, "lowlevel.spectral_complexity.stdev": 6.066436290740967, "lowlevel.spectral_decrease.mean": -5.360272670174027e-09, "lowlevel.spectral_decrease.stdev": 4.181706536598995e-09, "lowlevel.spectral_energy.mean": 0.022659191861748695, "lowlevel.spectral_energy.stdev": 0.01674460433423519, "lowlevel.spectral_energyband_high.mean": 0.001245620776899159, "lowlevel.spectral_energyband_high.stdev": 0.0017189659411087632, "lowlevel.spectral_energyband_low.mean": 0.004937189165502787, "lowlevel.spectral_energyband_low.stdev": 0.008805845864117146, "lowlevel.spectral_energyband_middle_high.mean": 0.00856873020529747, "lowlevel.spectral_energyband_middle_high.stdev": 0.01143567729741335, "lowlevel.spectral_energyband_middle_low.mean": 0.008400095626711845, "lowlevel.spectral_energyband_middle_low.stdev": 0.010678719729185104, "lowlevel.spectral_entropy.mean": 7.382965087890625, "lowlevel.spectral_entropy.stdev": 0.9309037923812866, "lowlevel.spectral_flux.mean": 0.07093936949968338, "lowlevel.spectral_flux.stdev": 0.04633684083819389, "lowlevel.spectral_kurtosis.mean": 4.079076766967773, "lowlevel.spectral_kurtosis.stdev": 6.572589874267578, "lowlevel.spectral_rms.mean": 0.004310650750994682, "lowlevel.spectral_rms.stdev": 0.0018774555064737797, "lowlevel.spectral_rolloff.mean": 2873.17724609375, "lowlevel.spectral_rolloff.stdev": 3264.200927734375, "lowlevel.spectral_skewness.mean": 1.5703723430633545, "lowlevel.spectral_skewness.stdev": 0.8752673864364624, "lowlevel.spectral_spread.mean": 7066149.5, "lowlevel.spectral_spread.stdev": 2680987.75, "lowlevel.spectral_strongpeak.mean": 2.028196334838867, "lowlevel.spectral_strongpeak.stdev": 2.6281983852386475, "lowlevel.zerocrossingrate.mean": 0.10745447874069214, "lowlevel.zerocrossingrate.stdev": 0.08129284530878067, "metadata.audio_properties.analysis.equal_loudness": 0.0, "metadata.audio_properties.analysis.length": 30.57065773010254, "metadata.audio_properties.analysis.sample_rate": 44100.0, "metadata.audio_properties.analysis.start_time": 0.0, "metadata.audio_properties.bit_rate": 122855.0, "metadata.audio_properties.length": 30.570667266845703, "metadata.audio_properties.lossless": 0.0, "metadata.audio_properties.number_channels": 1.0, "metadata.audio_properties.replay_gain": -14.793642044067383, "metadata.audio_properties.sample_rate": 48000.0, "rhythm.beats_count": 48.0, "rhythm.beats_loudness.mean": 0.04469054564833641, "rhythm.beats_loudness.stdev": 0.01581975631415844, "rhythm.bpm": 96.76737976074219, "rhythm.bpm_histogram_first_peak_bpm": 98.0, "rhythm.bpm_histogram_first_peak_weight": 0.3913043737411499, "rhythm.bpm_histogram_second_peak_bpm": 91.0, "rhythm.bpm_histogram_second_peak_spread": 0.0, "rhythm.bpm_histogram_second_peak_weight": 0.021276595070958138, "rhythm.danceability": 1.4325058460235596, "rhythm.onset_rate": 4.739756107330322, "tonal.chords_changes_rate": 0.057575758546590805, "tonal.chords_number_rate": 0.010606060735881329, "tonal.chords_strength.mean": 0.5417576432228088, "tonal.chords_strength.stdev": 0.07645312696695328, "tonal.hpcp_crest.mean": 19.072784423828125, "tonal.hpcp_crest.stdev": 8.304888725280762, "tonal.hpcp_entropy.mean": 1.3579349517822266, "tonal.hpcp_entropy.stdev": 0.7138684391975403, "tonal.key_edma.strength": 0.8295032382011414, "tonal.key_krumhansl.strength": 0.8301022052764893, "tonal.key_temperley.strength": 0.8244701623916626, "tonal.tuning_diatonic_strength": 0.6847586035728455, "tonal.tuning_equal_tempered_deviation": 0.024941345676779747, "tonal.tuning_frequency": 440.76312255859375, "tonal.tuning_nontempered_energy_ratio": 0.6505798101425171, "lowlevel.barkbands.mean": [5.034830974182114e-05, 0.0031884198542684317, 0.0014807154657319188, 0.00043333834037184715, 0.0032606092281639576, 0.003104629460722208, 0.00022589224681723863, 0.0003884943434968591, 0.00043827001354657114, 0.0008755970047786832, 0.002349465386942029, 0.0016859424067661166, 0.0013757172273471951, 0.0005721276975236833, 0.00043808884220197797, 0.00020446661801543087, 0.00038838593172840774, 0.00046073191333562136, 0.0004214511427562684, 0.00012636657629627734, 0.00011404934775782749, 0.0001367348013445735, 0.00011487748270155862, 0.00032846693648025393, 0.00040004009497351944, 8.84711480466649e-05, 7.497341812268132e-06], "lowlevel.barkbands.stdev": [7.854826253606007e-05, 0.00754672521725297, 0.0024063149467110634, 0.0010711756767705083, 0.006747855804860592, 0.006909559480845928, 0.001049811951816082, 0.0012194629525765777, 0.0017565647140145302, 0.0029666253831237555, 0.006551266182214022, 0.0059153358452022076, 0.005375336389988661, 0.002238065470010042, 0.0013469805708155036, 0.0005475154612213373, 0.0011508956085890532, 0.0016215438954532146, 0.001147374277934432, 0.0002646192442625761, 0.00020381505601108074, 0.00024468021001666784, 0.00023105704167392105, 0.0006442536832764745, 0.0006349384784698486, 0.00012144052016083151, 1.207000150316162e-05], "lowlevel.erbbands.mean": [0.06570526957511902, 0.8090860843658447, 1.83002769947052, 1.6138544082641602, 3.268545150756836, 11.867951393127441, 25.45815658569336, 24.532638549804688, 7.215963840484619, 4.337920665740967, 8.420576095581055, 11.76718807220459, 28.082653045654297, 26.146255493164062, 110.06842803955078, 91.3104476928711, 68.55020904541016, 35.25542068481445, 24.052143096923828, 18.430734634399414, 12.402262687683105, 19.448959350585938, 27.24190902709961, 28.80381965637207, 11.807363510131836, 6.107156753540039, 4.865871429443359, 4.416623115539551, 5.132416248321533, 4.051726341247559, 3.0858657360076904, 3.2422890663146973, 7.4385151863098145, 6.595554828643799, 1.6155470609664917, 0.3054887652397156, 0.17247505486011505, 0.04534293711185455, 0.0009379639523103833, 5.7973345974460244e-05], "lowlevel.erbbands.stdev": [0.1782093346118927, 1.8385335206985474, 3.0220606327056885, 2.905653476715088, 7.847375392913818, 29.462299346923828, 52.65818786621094, 64.56497192382812, 31.154277801513672, 12.837532997131348, 27.379993438720703, 41.99276351928711, 104.74407958984375, 78.69173431396484, 292.5283508300781, 295.2992248535156, 247.99253845214844, 115.70533752441406, 64.21392822265625, 52.63826370239258, 27.874258041381836, 56.759151458740234, 91.87449645996094, 89.82475280761719, 21.947900772094727, 12.768247604370117, 9.169740676879883, 7.6007537841796875, 9.361332893371582, 7.374571323394775, 6.425735950469971, 8.678682327270508, 13.75312614440918, 10.939993858337402, 2.5903666019439697, 0.4875916540622711, 0.23319584131240845, 0.06602602452039719, 0.0012904168106615543, 4.512308805715293e-05], "lowlevel.gfcc.mean": [-28.22316551208496, 34.99068832397461, -97.39209747314453, 15.849188804626465, -55.53209686279297, 24.541820526123047, -43.29094314575195, 11.803791046142578, -37.85940933227539, 5.884681224822998, -12.655597686767578, 8.280715942382812, -6.354172229766846], "lowlevel.melbands.mean": [0.0007697321125306189, 0.0009856530232354999, 0.00032183900475502014, 0.00048014576896093786, 0.0008964792941696942, 0.0005448699230328202, 9.138766472460702e-05, 5.347566548152827e-05, 6.687465065624565e-05, 7.551361341029406e-05, 0.00013760420551989228, 8.423167309956625e-05, 0.00032461900264024734, 0.00026817771140486, 0.00016400845197495073, 0.0001280615251744166, 6.143948849057779e-05, 3.830027344520204e-05, 3.08143426082097e-05, 2.0319563191151246e-05, 1.4121863387117628e-05, 1.9689727196237072e-05, 2.5719531549839303e-05, 2.2143831301946193e-05, 2.4523289539502002e-05, 1.014272311294917e-05, 5.548908575292444e-06, 3.5620612379716476e-06, 3.085159050897346e-06, 2.7249093363934662e-06, 2.496039087418467e-06, 2.998954187205527e-06, 2.5193949113599956e-06, 2.1692194422939792e-06, 1.7118085224865354e-06, 1.7192209043059847e-06, 2.0079774003534112e-06, 4.287314368411899e-06, 7.643400749657303e-06, 4.92515164296492e-06], "lowlevel.melbands.stdev": [0.0019506409298628569, 0.0016648391028866172, 0.0005897929077036679, 0.001027291757054627, 0.0017367106629535556, 0.001365342759527266, 0.000422910408815369, 0.00017147268226835877, 0.00020936562214046717, 0.0002902164123952389, 0.0005219040904194117, 0.00031271306215785444, 0.0009058432187885046, 0.0007253352086991072, 0.0004943279782310128, 0.0005646591307595372, 0.0002467184385750443, 0.00011026560241589323, 0.00010389603266958147, 5.454779966385104e-05, 3.778901373152621e-05, 6.350129115162417e-05, 8.80596271599643e-05, 7.662184361834079e-05, 7.951072620926425e-05, 2.256773950648494e-05, 1.1285203981969971e-05, 7.616023140144534e-06, 6.515322638733778e-06, 4.768558483192464e-06, 4.58536760561401e-06, 5.644752945954679e-06, 4.656225428334437e-06, 4.185572834103368e-06, 3.5586251669883495e-06, 4.392709342937451e-06, 5.753688128606882e-06, 8.84777728060726e-06, 1.3504602975444868e-05, 8.072831406025216e-06], "lowlevel.melbands128.mean": [2.6394880478619598e-05, 0.00034593179589137435, 0.0011904578423127532, 0.0013850104296579957, 0.0010865385411307216, 0.0006481038290075958, 0.0003139713080599904, 0.0002022276312345639, 0.00036524597089737654, 0.00027852848870679736, 0.0006694422336295247, 0.0011002605315297842, 0.0008840789087116718, 0.000779186375439167, 0.0006696052150800824, 0.00036093208473175764, 0.00017414141620974988, 2.0462706743273884e-05, 1.2104201232432388e-05, 4.8660800530342385e-05, 7.140656816773117e-05, 7.452958379872143e-05, 7.196676597231999e-05, 4.552325117401779e-05, 7.727663614787161e-05, 7.322290912270546e-05, 0.00010582091636024415, 0.00022774004901293665, 5.713493737857789e-05, 8.359588537132367e-05, 6.1635764723178e-05, 0.000142420016345568, 0.00032153315260075033, 0.0006110397516749799, 7.893078145571053e-05, 0.0003140820190310478, 0.0003024654870387167, 3.8292571844067425e-05, 0.00021830160403624177, 0.00014750880654901266, 0.00014132446085568517, 1.6318343114107847e-05, 5.7951318012783304e-05, 9.79504402494058e-05, 3.327132071717642e-05, 2.5508832550258376e-05, 4.3171770812477916e-05, 3.621774521889165e-05, 2.415664857835509e-05, 2.0825524188694544e-05, 2.492775092832744e-05, 1.3820219464832917e-05, 5.132958449394209e-06, 1.84434829861857e-05, 2.4811128241708502e-05, 1.7241734894923866e-05, 1.427386359864613e-05, 2.9484101105481386e-05, 2.8510352422017604e-05, 2.597111597424373e-05, 2.1165258658584207e-05, 1.2521969438239466e-05, 3.832135917036794e-05, 2.39798264374258e-05, 1.2962976143171545e-05, 9.40328391152434e-06, 9.348380444862414e-06, 5.095138476463035e-06, 5.307945684762672e-06, 5.160195996722905e-06, 3.012710521943518e-06, 3.21134893965791e-06, 3.184912202414125e-06, 3.170378477079794e-06, 2.75355409939948e-06, 2.8264994398341514e-06, 2.8391650630510412e-06, 2.1594923964585178e-06, 2.5527140223857714e-06, 2.4658011170686223e-06, 3.2166090022656135e-06, 3.157625542371534e-06, 2.776108203761396e-06, 2.5236265628336696e-06, 2.1889495656068902e-06, 2.304888312210096e-06, 2.224810032203095e-06, 1.750766614350141e-06, 1.625010440875485e-06, 1.6797317812233814e-06, 1.8933563978862367e-06, 1.5900805010460317e-06, 1.6926401258388069e-06, 1.5548246210528305e-06, 2.2579847609449644e-06, 3.993499376520049e-06, 3.79563721253362e-06, 5.650162620440824e-06, 9.759322892932687e-06, 7.5077468864037655e-06, 5.8174227888230234e-06, 4.532214916252997e-06, 3.6815058592765126e-06, 3.1314689294958953e-06, 1.2819136827602051e-06, 6.922231818862201e-07, 7.522077112298575e-07, 7.356821356552246e-07, 4.350993094703881e-07, 2.534492580252845e-07, 2.502238203305751e-07, 3.89440685921727e-07, 6.218210728548001e-07, 7.557507046840328e-07, 7.600827984788339e-07, 5.627653649753483e-07, 3.0402364359360945e-07, 2.2510368680173087e-08, 4.222078242577254e-11, 5.037676872876595e-12, 4.669196019407851e-12, 4.352941184587733e-12, 4.07192899190556e-12, 3.817503171216208e-12, 3.5018544054105094e-12, 3.1678312317068302e-12, 3.0080243851315913e-12, 2.9706263490747453e-12], "lowlevel.melbands128.stdev": [5.271460395306349e-05, 0.0009758261148817837, 0.0033936265390366316, 0.003082060953602195, 0.0019535485189408064, 0.0010427699889987707, 0.0006170624401420355, 0.0005926674930378795, 0.0009751515462994576, 0.0007389726815745234, 0.0019803037866950035, 0.002760239876806736, 0.002392487833276391, 0.0021780887618660927, 0.002104860730469227, 0.0014599801506847143, 0.0009600205230526626, 0.0001360250753350556, 4.649772745324299e-05, 0.00016860106552485377, 0.000298010854749009, 0.000327792891766876, 0.0003032488457392901, 0.00018050518701784313, 0.0003352847706992179, 0.0005090120248496532, 0.0004755460249725729, 0.0010095423785969615, 0.000212151076993905, 0.0004725135222543031, 0.00035401186323724687, 0.0008478458621539176, 0.0010950015857815742, 0.001969916746020317, 0.00023218135174829513, 0.001317449496127665, 0.001219743280671537, 0.00022633408661931753, 0.0011140828719362617, 0.0006397892138920724, 0.0009096050634980202, 7.790063682477921e-05, 0.0002695928269531578, 0.0004671765782404691, 0.00020462179963942617, 0.00011611188529059291, 0.00017472887702751905, 0.0001867364189820364, 0.00013579304504673928, 8.357242768397555e-05, 8.52207449497655e-05, 5.7084955187747255e-05, 2.7163439881405793e-05, 6.73418035148643e-05, 9.00606028153561e-05, 0.00010475180897628888, 6.833394581917673e-05, 0.00014752853894606233, 0.0001427607494406402, 0.00013452753773890436, 0.00010735628166003153, 5.541956124943681e-05, 0.00018075716798193753, 8.258965681307018e-05, 6.38723504380323e-05, 2.2126216208562255e-05, 2.2668020392302424e-05, 1.1117685971839819e-05, 1.4731580449733883e-05, 1.4093185200181324e-05, 8.87773057911545e-06, 6.373039923346369e-06, 6.528640369651839e-06, 1.0245538760500494e-05, 5.305356808094075e-06, 5.37181222171057e-06, 5.795923243567813e-06, 4.041282409161795e-06, 4.965193966199877e-06, 6.111290531407576e-06, 6.752529770892579e-06, 6.460450549639063e-06, 5.833285285916645e-06, 5.281731773720821e-06, 4.277801508578705e-06, 4.843549959332449e-06, 4.694879407907138e-06, 3.7179311220825184e-06, 3.61192519449105e-06, 4.102793354832102e-06, 4.684163286583498e-06, 4.381234703032533e-06, 5.991662874293979e-06, 5.743728252127767e-06, 6.483187462436035e-06, 9.30605619942071e-06, 9.684380529506598e-06, 1.1116525456600357e-05, 1.9037302990909666e-05, 1.409608194080647e-05, 1.0860801012313459e-05, 7.567939974251203e-06, 6.429799213947263e-06, 6.807595127611421e-06, 2.3585046164953383e-06, 1.3088841797070927e-06, 1.4038909057489946e-06, 1.4184345218382077e-06, 9.122112487602863e-07, 5.493106982612517e-07, 5.597300969384378e-07, 6.519460953313683e-07, 9.54921915763407e-07, 1.2052252031935495e-06, 1.3936381719759083e-06, 9.732888202051981e-07, 4.783639724337263e-07, 5.371180122892838e-08, 8.850217780853598e-10, 5.046116996476613e-11, 4.2893254920128854e-11, 3.556843361507411e-11, 2.894094859595686e-11, 2.2632984028603254e-11, 1.4397497950791038e-11, 6.669002156067805e-12, 4.990182312508695e-12, 4.937484015393734e-12], "lowlevel.mfcc.mean": [-686.875244140625, 80.64434814453125, 13.99190902709961, 4.72121524810791, 13.262016296386719, 1.069576621055603, 14.015178680419922, -3.789618968963623, 3.4399502277374268, -16.81389808654785, 3.909832000732422, -4.159913063049316, 3.8914589881896973], "lowlevel.spectral_contrast_coeffs.mean": [-0.693962812423706, -0.7218917608261108, -0.7058903574943542, -0.7673628926277161, -0.7794479131698608, -0.7560297846794128], "lowlevel.spectral_contrast_coeffs.stdev": [0.09583120048046112, 0.09677868336439133, 0.11614271253347397, 0.09166254848241806, 0.062493953853845596, 0.0491512157022953], "lowlevel.spectral_contrast_valleys.mean": [-7.638573169708252, -7.996644973754883, -8.289360046386719, -8.440132141113281, -8.203176498413086, -10.250818252563477], "lowlevel.spectral_contrast_valleys.stdev": [1.8094723224639893, 1.0324605703353882, 0.9922900199890137, 1.0316615104675293, 1.4163906574249268, 1.4178045988082886], "rhythm.beats_loudness_band_ratio.mean": [0.39251407980918884, 0.12361227720975876, 0.07467520236968994, 0.29225394129753113, 0.1021687462925911, 0.04328121617436409], "rhythm.beats_loudness_band_ratio.stdev": [0.3080656826496124, 0.14361122250556946, 0.13018013536930084, 0.32588204741477966, 0.11710197478532791, 0.08817743510007858], "tonal.hpcp.mean": [0.03357213735580444, 0.02573312073945999, 0.021536946296691895, 0.01918240450322628, 0.018916236236691475, 0.04301021620631218, 0.061563652008771896, 0.07143359631299973, 0.27015775442123413, 0.3831346333026886, 0.1766262948513031, 0.03328254073858261, 0.02254101261496544, 0.03224949166178703, 0.1334427297115326, 0.20177891850471497, 0.1126069724559784, 0.03397111967206001, 0.022243374958634377, 0.027005165815353394, 0.0889679566025734, 0.13731031119823456, 0.08602729439735413, 0.07518653571605682, 0.09464916586875916, 0.05344618111848831, 0.02759207785129547, 0.0308658629655838, 0.04925296828150749, 0.24443401396274567, 0.3424154222011566, 0.15436594188213348, 0.03968492150306702, 0.025058798491954803, 0.01920464262366295, 0.029552681371569633], "tonal.hpcp.stdev": [0.10630369186401367, 0.08589864522218704, 0.08278142660856247, 0.0778287872672081, 0.087872713804245, 0.1402101218700409, 0.1867118626832962, 0.1754273772239685, 0.3159060478210449, 0.4286916255950928, 0.24242129921913147, 0.12216582894325256, 0.10726635903120041, 0.11589365452528, 0.25139695405960083, 0.3428865969181061, 0.2189079076051712, 0.12636005878448486, 0.10193870961666107, 0.12070399522781372, 0.19873666763305664, 0.2941688895225525, 0.1893831044435501, 0.20085017383098602, 0.252641886472702, 0.16222672164440155, 0.10452260822057724, 0.1078246533870697, 0.1432863026857376, 0.2999017536640167, 0.3785836398601532, 0.20392438769340515, 0.1219116747379303, 0.08625511825084686, 0.07207732647657394, 0.10034993290901184], "rhythm.beats_position": [0.6617686748504639, 1.3235373497009277, 1.9504761695861816, 2.5774149894714355, 3.1927437782287598, 3.808072566986084, 4.435011386871338, 5.061950206756592, 5.677278995513916, 6.29260778427124, 6.9079365730285645, 7.523265361785889, 8.138593673706055, 8.753922462463379, 9.369251251220703, 9.984580039978027, 10.611518859863281, 11.226847648620605, 11.84217643737793, 12.457505226135254, 13.084444046020508, 13.711382865905762, 14.326711654663086, 14.95365047454834, 15.568979263305664, 16.184309005737305, 16.811246871948242, 17.414966583251953, 18.03029441833496, 18.6572322845459, 19.27256202697754, 19.899499893188477, 20.514829635620117, 21.130157470703125, 21.757097244262695, 22.372425079345703, 22.999364852905273, 23.61469268798828, 24.230022430419922, 24.84535026550293, 25.46068000793457, 26.076007843017578, 26.70294761657715, 27.329885482788086, 27.956825256347656, 28.572153091430664, 29.210702896118164, 29.84925079345703], "rhythm.bpm_histogram": [0.0, 0.0, 0.0, 0.0, 0.0, 0.0, 0.0, 0.0, 0.0, 0.0, 0.0, 0.0, 0.0, 0.0, 0.0, 0.0, 0.0, 0.0, 0.0, 0.0, 0.0, 0.0, 0.0, 0.0, 0.0, 0.0, 0.0, 0.0, 0.0, 0.0, 0.0, 0.0, 0.0, 0.0, 0.0, 0.0, 0.0, 0.0, 0.0, 0.0, 0.0, 0.0, 0.0, 0.0, 0.0, 0.0, 0.0, 0.0, 0.0, 0.0, 0.0, 0.0, 0.0, 0.0, 0.0, 0.0, 0.0, 0.0, 0.0, 0.0, 0.0, 0.0, 0.0, 0.0, 0.0, 0.0, 0.0, 0.0, 0.0, 0.0, 0.0, 0.0, 0.0, 0.0, 0.0, 0.0, 0.0, 0.0, 0.0, 0.0, 0.0, 0.0, 0.0, 0.0, 0.0, 0.0, 0.0, 0.0, 0.0, 0.0, 0.0, 0.021276595070958138, 0.0, 0.0, 0.042553190141916275, 0.0, 0.3404255211353302, 0.0, 0.5744680762290955, 0.021276595070958138, 0.0, 0.0, 0.0, 0.0, 0.0, 0.0, 0.0, 0.0, 0.0, 0.0, 0.0, 0.0, 0.0, 0.0, 0.0, 0.0, 0.0, 0.0, 0.0, 0.0, 0.0, 0.0, 0.0, 0.0, 0.0, 0.0, 0.0, 0.0, 0.0, 0.0, 0.0, 0.0, 0.0, 0.0, 0.0, 0.0, 0.0, 0.0, 0.0, 0.0, 0.0, 0.0, 0.0, 0.0, 0.0, 0.0, 0.0, 0.0, 0.0, 0.0, 0.0, 0.0, 0.0, 0.0, 0.0, 0.0, 0.0, 0.0, 0.0, 0.0, 0.0, 0.0, 0.0, 0.0, 0.0, 0.0, 0.0, 0.0, 0.0, 0.0, 0.0, 0.0, 0.0, 0.0, 0.0, 0.0, 0.0, 0.0, 0.0, 0.0, 0.0, 0.0, 0.0, 0.0, 0.0, 0.0, 0.0, 0.0, 0.0, 0.0, 0.0, 0.0, 0.0, 0.0, 0.0, 0.0, 0.0, 0.0, 0.0, 0.0, 0.0, 0.0, 0.0, 0.0, 0.0, 0.0, 0.0, 0.0, 0.0, 0.0, 0.0, 0.0, 0.0, 0.0, 0.0, 0.0, 0.0, 0.0, 0.0, 0.0, 0.0, 0.0, 0.0, 0.0, 0.0, 0.0, 0.0, 0.0, 0.0, 0.0, 0.0, 0.0, 0.0, 0.0, 0.0, 0.0, 0.0, 0.0, 0.0, 0.0, 0.0, 0.0, 0.0, 0.0, 0.0, 0.0, 0.0, 0.0, 0.0, 0.0], "tonal.chords_histogram": [46.06060791015625, 1.9696969985961914, 27.272727966308594, 0.0, 0.0, 0.0, 0.0, 0.0, 0.0, 0.0, 0.0, 0.0, 0.0, 0.0, 0.0, 5.60606050491333, 0.0, 7.4242424964904785, 0.0, 3.6363637447357178, 0.0, 0.0, 0.9090909361839294, 7.121212005615234], "tonal.thpcp": [1.0, 0.46100321412086487, 0.08686904609203339, 0.05883313715457916, 0.08417274057865143, 0.3482919931411743, 0.5266527533531189, 0.2939096689224243, 0.08866627514362335, 0.058056287467479706, 0.07048479467630386, 0.2322106808423996, 0.3583865761756897, 0.22453542053699493, 0.19624051451683044, 0.24703891575336456, 0.13949713110923767, 0.07201666384935379, 0.08056139945983887, 0.12855264544487, 0.6379846334457397, 0.8937208652496338, 0.40290260314941406, 0.1035795733332634, 0.06540468335151672, 0.05012505128979683, 0.07713393121957779, 0.08762490749359131, 0.06716469675302505, 0.05621247738599777, 0.050067007541656494, 0.049372296780347824, 0.11225875467061996, 0.16068412363529205, 0.18644516170024872, 0.7051248550415039], "lowlevel.gfcc.cov": [[9953.7509765625, 1393.1746826171875, 1393.0067138671875, 2523.06689453125, 563.9743041992188, -357.8660888671875, -330.701416015625, 94.25594329833984, -615.765869140625, -493.35980224609375, -50.398162841796875, 163.5410919189453, 162.6292266845703], [1393.1746826171875, 1846.4158935546875, 488.3595275878906, 724.5686645507812, 485.1150817871094, -142.68820190429688, 193.29518127441406, 81.87814331054688, -165.8691864013672, -233.5318603515625, 51.45696258544922, 30.618160247802734, 162.79769897460938], [1393.0067138671875, 488.3595275878906, 1807.3956298828125, 1607.7890625, 163.0428466796875, -174.14476013183594, -118.891845703125, -5.76976203918457, -197.7312469482422, -236.18809509277344, -104.25015258789062, 70.69225311279297, -87.90231323242188], [2523.06689453125, 724.5686645507812, 1607.7890625, 2405.380126953125, 456.7546081542969, -396.383056640625, -183.6251983642578, 129.52796936035156, -282.6782531738281, -411.16644287109375, -35.05210876464844, 66.12743377685547, -45.66520690917969], [563.9743041992188, 485.1150817871094, 163.0428466796875, 456.7546081542969, 428.204833984375, 62.842037200927734, 99.44610595703125, 59.34482192993164, -73.90778350830078, -88.29275512695312, 24.22670555114746, -15.048789978027344, 21.126829147338867], [-357.8660888671875, -142.68820190429688, -174.14476013183594, -396.383056640625, 62.842037200927734, 528.1011962890625, 225.7733917236328, -117.41804504394531, 37.560386657714844, 121.0413818359375, -17.512577056884766, -85.4775161743164, -50.473716735839844], [-330.701416015625, 193.29518127441406, -118.891845703125, -183.6251983642578, 99.44610595703125, 225.7733917236328, 298.3238525390625, 42.122108459472656, 22.675813674926758, 24.22205924987793, 12.866904258728027, -19.197349548339844, -15.055654525756836], [94.25594329833984, 81.87814331054688, -5.76976203918457, 129.52796936035156, 59.34482192993164, -117.41804504394531, 42.122108459472656, 232.41659545898438, 63.40116500854492, -67.33281707763672, -0.8013373017311096, 32.211910247802734, 7.0962724685668945], [-615.765869140625, -165.8691864013672, -197.7312469482422, -282.6782531738281, -73.90778350830078, 37.560386657714844, 22.675813674926758, 63.40116500854492, 207.7728271484375, 99.84821319580078, -30.639631271362305, -40.55357360839844, -21.448806762695312], [-493.35980224609375, -233.5318603515625, -236.18809509277344, -411.16644287109375, -88.29275512695312, 121.0413818359375, 24.22205924987793, -67.33281707763672, 99.84821319580078, 216.35606384277344, 27.87814712524414, -48.11320877075195, -37.92662811279297], [-50.398162841796875, 51.45696258544922, -104.25015258789062, -35.05210876464844, 24.22670555114746, -17.512577056884766, 12.866904258728027, -0.8013373017311096, -30.639631271362305, 27.87814712524414, 173.2286834716797, 54.74259567260742, 0.07358981668949127], [163.5410919189453, 30.618160247802734, 70.69225311279297, 66.12743377685547, -15.048789978027344, -85.4775161743164, -19.197349548339844, 32.211910247802734, -40.55357360839844, -48.11320877075195, 54.74259567260742, 149.88409423828125, 45.798309326171875], [162.6292266845703, 162.79769897460938, -87.90231323242188, -45.66520690917969, 21.126829147338867, -50.473716735839844, -15.055654525756836, 7.0962724685668945, -21.448806762695312, -37.92662811279297, 0.07358981668949127, 45.798309326171875, 142.07562255859375]], "lowlevel.gfcc.icov": [[0.00019397263531573117, -0.00019042217172682285, 0.00018118793377652764, -0.00029973109485581517, 0.0002158975403290242, -0.0003837169788312167, 0.0004581740067806095, -0.00040262716356664896, 0.000579296494834125, -0.00037181086372584105, 0.00029517721850425005, -0.00024163868511095643, -2.1895071768085472e-05], [-0.00019042217172682285, 0.0015406182501465082, -0.0007668628823012114, 0.000600681989453733, -0.0015041375299915671, 0.0015899762511253357, -0.001991979544982314, 0.0011510667391121387, -0.0008167503983713686, 0.0011285836808383465, -0.0010433928109705448, 0.001232042908668518, -0.0015274434117600322], [0.00018118793377652764, -0.0007668628823012114, 0.002307286486029625, -0.0019123534439131618, 0.0014595058746635914, -0.0012079101288691163, 0.0007867852691560984, -0.00014738526078872383, 0.0008298921748064458, -0.001210454967804253, 0.0018546548672020435, -0.0019521533977240324, 0.0013592368923127651], [-0.00029973109485581517, 0.000600681989453733, -0.0019123534439131618, 0.002715336624532938, -0.0022144599352031946, 0.0015931740636005998, -0.00030760979279875755, 0.0003900599549524486, -0.0006539697642438114, 0.0022194208577275276, -0.0012895751278847456, 0.0014081182889640331, 0.00022807532513979822], [0.0002158975403290242, -0.0015041375299915671, 0.0014595058746635914, -0.0022144599352031946, 0.006130424328148365, -0.002886081114411354, 0.000853521516546607, -0.0023373228032141924, 0.0018050125800073147, -0.0013593384064733982, 0.00027581138419918716, -6.712346657877788e-05, -0.00013097201008349657], [-0.0003837169788312167, 0.0015899762511253357, -0.0012079101288691163, 0.0015931740636005998, -0.002886081114411354, 0.006696911528706551, -0.005470451898872852, 0.004382964689284563, -0.002056732540950179, 0.001011241227388382, -0.0006150769186206162, 0.0019221847178414464, -0.00026807948597706854], [0.0004581740067806095, -0.001991979544982314, 0.0007867852691560984, -0.00030760979279875755, 0.000853521516546607, -0.005470451898872852, 0.009688725695014, -0.004906750284135342, 0.002470610197633505, -0.0013475819723680615, 0.0009307165164500475, -0.001759965787641704, 0.0019275035010650754], [-0.00040262716356664896, 0.0011510667391121387, -0.00014738526078872383, 0.0003900599549524486, -0.0023373228032141924, 0.004382964689284563, -0.004906750284135342, 0.01073848083615303, -0.006646273657679558, 0.0045025162398815155, -0.0009606558014638722, -0.0007101132650859654, 0.0004524006217252463], [0.000579296494834125, -0.0008167503983713686, 0.0008298921748064458, -0.0006539697642438114, 0.0018050125800073147, -0.002056732540950179, 0.002470610197633505, -0.006646273657679558, 0.012092499993741512, -0.006254701409488916, 0.003183398162946105, 0.00020747103553730994, 0.0002580983273219317], [-0.00037181086372584105, 0.0011285836808383465, -0.001210454967804253, 0.0022194208577275276, -0.0013593384064733982, 0.001011241227388382, -0.0013475819723680615, 0.0045025162398815155, -0.006254701409488916, 0.012502661906182766, -0.004282450303435326, 0.0027030615601688623, 0.000814722734503448], [0.00029517721850425005, -0.0010433928109705448, 0.0018546548672020435, -0.0012895751278847456, 0.00027581138419918716, -0.0006150769186206162, 0.0009307165164500475, -0.0009606558014638722, 0.003183398162946105, -0.004282450303435326, 0.009761542081832886, -0.00525596784427762, 0.0025043839123100042], [-0.00024163868511095643, 0.001232042908668518, -0.0019521533977240324, 0.0014081182889640331, -6.712346657877788e-05, 0.0019221847178414464, -0.001759965787641704, -0.0007101132650859654, 0.00020747103553730994, 0.0027030615601688623, -0.00525596784427762, 0.012229112908244133, -0.004534988198429346], [-2.1895071768085472e-05, -0.0015274434117600322, 0.0013592368923127651, 0.00022807532513979822, -0.00013097201008349657, -0.00026807948597706854, 0.0019275035010650754, 0.0004524006217252463, 0.0002580983273219317, 0.000814722734503448, 0.0025043839123100042, -0.004534988198429346, 0.01155097410082817]], "lowlevel.mfcc.cov": [[8589.650390625, 308.0270690917969, 1091.666259765625, 2398.048095703125, 1105.967041015625, 150.63507080078125, 368.67547607421875, 471.26806640625, -670.739013671875, 399.9964294433594, -867.8472900390625, -604.937255859375, -410.0655822753906], [308.0270690917969, 1400.173095703125, -153.66766357421875, 79.62481689453125, 51.41084671020508, 57.722713470458984, 238.68569946289062, 80.22737121582031, 94.51634216308594, 1.4768377542495728, -56.8179931640625, -80.52918243408203, -14.726800918579102], [1091.666259765625, -153.66766357421875, 1420.751220703125, 1070.5943603515625, 379.9368591308594, 194.57830810546875, 42.03441619873047, 183.5646514892578, -201.78623962402344, 24.920724868774414, -169.71920776367188, -131.52171325683594, -126.3714370727539], [2398.048095703125, 79.62481689453125, 1070.5943603515625, 1971.1260986328125, 743.6526489257812, -29.311737060546875, 171.67691040039062, 417.1195983886719, -369.3636779785156, 156.12742614746094, -414.5286560058594, -236.83041381835938, -228.56301879882812], [1105.967041015625, 51.41084671020508, 379.9368591308594, 743.6526489257812, 473.20562744140625, 72.08952331542969, 102.76846313476562, 167.17767333984375, -139.18490600585938, 88.12120056152344, -176.8968963623047, -105.40345001220703, -85.00595092773438], [150.63507080078125, 57.722713470458984, 194.57830810546875, -29.311737060546875, 72.08952331542969, 439.26092529296875, 158.57452392578125, -12.497897148132324, 5.958708763122559, 87.9666976928711, -5.382414817810059, -28.299224853515625, 31.82900619506836], [368.67547607421875, 238.68569946289062, 42.03441619873047, 171.67691040039062, 102.76846313476562, 158.57452392578125, 297.90301513671875, 113.2638931274414, -54.04847717285156, 48.54713439941406, -49.43361282348633, -7.338690757751465, 1.2004650831222534], [471.26806640625, 80.22737121582031, 183.5646514892578, 417.1195983886719, 167.17767333984375, -12.497897148132324, 113.2638931274414, 301.10272216796875, -16.346193313598633, 53.23463439941406, -119.82411193847656, -21.77328109741211, -21.588233947753906], [-670.739013671875, 94.51634216308594, -201.78623962402344, -369.3636779785156, -139.18490600585938, 5.958708763122559, -54.04847717285156, -16.346193313598633, 324.4881896972656, -24.814029693603516, 127.97655487060547, 28.37675666809082, 94.26227569580078], [399.9964294433594, 1.4768377542495728, 24.920724868774414, 156.12742614746094, 88.12120056152344, 87.9666976928711, 48.54713439941406, 53.23463439941406, -24.814029693603516, 258.1601867675781, -54.76836013793945, -57.264591217041016, -89.18600463867188], [-867.8472900390625, -56.8179931640625, -169.71920776367188, -414.5286560058594, -176.8968963623047, -5.382414817810059, -49.43361282348633, -119.82411193847656, 127.97655487060547, -54.76836013793945, 329.7876892089844, 152.26889038085938, 60.85530471801758], [-604.937255859375, -80.52918243408203, -131.52171325683594, -236.83041381835938, -105.40345001220703, -28.299224853515625, -7.338690757751465, -21.77328109741211, 28.37675666809082, -57.264591217041016, 152.26889038085938, 235.4486083984375, 91.8560562133789], [-410.0655822753906, -14.726800918579102, -126.3714370727539, -228.56301879882812, -85.00595092773438, 31.82900619506836, 1.2004650831222534, -21.588233947753906, 94.26227569580078, -89.18600463867188, 60.85530471801758, 91.8560562133789, 223.4932098388672]], "lowlevel.mfcc.icov": [[0.00021976960124447942, -1.4071041732677259e-05, 2.8114678571000695e-05, -0.00012321081885602325, -0.00015709617582615465, -3.4670019886107184e-06, -6.89267399138771e-05, 3.609554914874025e-05, 0.00017126296006608754, -0.00011224031186429784, 0.00016352349484805018, 0.00023701116151642054, -2.2164778783917427e-05], [-1.4071041732677259e-05, 0.0009528046939522028, 0.00016273526125587523, -0.00014500063844025135, 5.7850182201946154e-05, 9.064070036401972e-05, -0.0009663753444328904, 0.00020851692534051836, -0.0006252537714317441, 0.00028480842593126, 0.000133482288219966, 0.00021448761981446296, 0.0002679853932932019], [2.8114678571000695e-05, 0.00016273526125587523, 0.0017704358324408531, -0.0012863349402323365, 0.0005013950867578387, -0.0015440827701240778, 0.0009002397418953478, -0.00033047949546016753, 8.098930265987292e-05, 0.0009513962431810796, -0.00036814159830100834, 0.00011633409303613007, 0.0005196433048695326], [-0.00012321081885602325, -0.00014500063844025135, -0.0012863349402323365, 0.0028485681395977736, -0.0023134981747716665, 0.0014684409834444523, -0.0004135006165597588, -0.001162357279099524, 0.0009537399164400995, -0.0006106782238930464, 0.00021232763538137078, 0.0004546615236904472, -0.00013953837333247066], [-0.00015709617582615465, 5.7850182201946154e-05, 0.0005013950867578387, -0.0023134981747716665, 0.005994362290948629, -0.0014288744423538446, 0.00019164281548000872, -0.00030399885145016015, -0.0001324237819062546, 0.00012527505168691278, 0.00011373750021448359, -3.712188117788173e-05, 0.00017629646754357964], [-3.4670019886107184e-06, 9.064070036401972e-05, -0.0015440827701240778, 0.0014684409834444523, -0.0014288744423538446, 0.004982330370694399, -0.003067778656259179, 0.0013999429065734148, -0.0003350547340232879, -0.002006708877161145, 0.00020014395704492927, 0.0006140872719697654, -0.001439411542378366], [-6.89267399138771e-05, -0.0009663753444328904, 0.0009002397418953478, -0.0004135006165597588, 0.00019164281548000872, -0.003067778656259179, 0.007104864344000816, -0.0028378567658364773, 0.0018332437612116337, 0.00038169819163158536, -0.000801172514911741, -0.0002785972901619971, -0.0001947170530911535], [3.609554914874025e-05, 0.00020851692534051836, -0.00033047949546016753, -0.001162357279099524, -0.00030399885145016015, 0.0013999429065734148, -0.0028378567658364773, 0.007085397839546204, -0.002588418312370777, -0.0008087538299150765, 0.0022784373722970486, -0.0019669902976602316, 4.604335117619485e-05], [0.00017126296006608754, -0.0006252537714317441, 8.098930265987292e-05, 0.0009537399164400995, -0.0001324237819062546, -0.0003350547340232879, 0.0018332437612116337, -0.002588418312370777, 0.006195850670337677, -0.0006215893081389368, -0.002395584946498275, 0.0024529360234737396, -0.0021854445803910494], [-0.00011224031186429784, 0.00028480842593126, 0.0009513962431810796, -0.0006106782238930464, 0.00012527505168691278, -0.002006708877161145, 0.00038169819163158536, -0.0008087538299150765, -0.0006215893081389368, 0.005896061193197966, 3.8029720599297434e-05, -5.4335087043000385e-05, 0.0026065106503665447], [0.00016352349484805018, 0.000133482288219966, -0.00036814159830100834, 0.00021232763538137078, 0.00011373750021448359, 0.00020014395704492927, -0.000801172514911741, 0.0022784373722970486, -0.002395584946498275, 3.8029720599297434e-05, 0.006827005185186863, -0.0039003053680062294, 0.0013266094028949738], [0.00023701116151642054, 0.00021448761981446296, 0.00011633409303613007, 0.0004546615236904472, -3.712188117788173e-05, 0.0006140872719697654, -0.0002785972901619971, -0.0019669902976602316, 0.0024529360234737396, -5.4335087043000385e-05, -0.0039003053680062294, 0.00864721741527319, -0.002858574967831373], [-2.2164778783917427e-05, 0.0002679853932932019, 0.0005196433048695326, -0.00013953837333247066, 0.00017629646754357964, -0.001439411542378366, -0.0001947170530911535, 4.604335117619485e-05, -0.0021854445803910494, 0.0026065106503665447, 0.0013266094028949738, -0.002858574967831373, 0.007655609864741564]], "metadata.audio_properties.analysis.downmix": "mix", "metadata.audio_properties.codec": "mp3", "metadata.audio_properties.md5_encoded": "c7a27d1f0906c3fcec1047715cf8c2d3", "metadata.tags.file_name": "1182271314648629288.mp3", "metadata.version.essentia": "2.1-beta6-dev", "metadata.version.essentia_git_sha": "v2.1_beta5-1110-g77a6a954", "metadata.version.extractor": "music 2.0", "tonal.chords_key": "C", "tonal.chords_scale": "major", "tonal.key_edma.key": "C", "tonal.key_edma.scale": "major", "tonal.key_krumhansl.key": "C", "tonal.key_krumhansl.scale": "major", "tonal.key_temperley.key": "C", "tonal.key_temperley.scale": "major", "metadata.tags.encoding": ["Lavf58.45.100"]}, "essentia_models": [{"model_name": "genre_dortmund", "activations": {"alternative": "0.028636336", "blues": "0.05471889", "electronic": "0.029330736", "f