{"song_id": "1182254338098339870", "download": "https://cdn.discordapp.com/attachments/1135911532732108921/1182254338098339870/chirp.mp4?ex=65840727&amp", "lyrics": "Get down and get silly,\nWith Babs, Nick and Lilly,\nGet down,\nGet Silly,\nWith Babs, Nick and Lilly", "style": ["reggae"], "essentia_features": {"lowlevel.average_loudness": 0.9845892786979675, "lowlevel.barkbands_crest.mean": 13.626483917236328, "lowlevel.barkbands_crest.stdev": 5.633031368255615, "lowlevel.barkbands_flatness_db.mean": 0.14918769896030426, "lowlevel.barkbands_flatness_db.stdev": 0.06766900420188904, "lowlevel.barkbands_kurtosis.mean": 11.822279930114746, "lowlevel.barkbands_kurtosis.stdev": 25.719074249267578, "lowlevel.barkbands_skewness.mean": 2.4235856533050537, "lowlevel.barkbands_skewness.stdev": 2.296074151992798, "lowlevel.barkbands_spread.mean": 29.86480140686035, "lowlevel.barkbands_spread.stdev": 21.87727928161621, "lowlevel.dissonance.mean": 0.4659850299358368, "lowlevel.dissonance.stdev": 0.03864692896604538, "lowlevel.dynamic_complexity": 2.8513917922973633, "lowlevel.erbbands_crest.mean": 9.136465072631836, "lowlevel.erbbands_crest.stdev": 4.767224311828613, "lowlevel.erbbands_flatness_db.mean": 0.12286560237407684, "lowlevel.erbbands_flatness_db.stdev": 0.0436273030936718, "lowlevel.erbbands_kurtosis.mean": 0.8507546186447144, "lowlevel.erbbands_kurtosis.stdev": 3.9582016468048096, "lowlevel.erbbands_skewness.mean": 0.041374821215867996, "lowlevel.erbbands_skewness.stdev": 0.9506102800369263, "lowlevel.erbbands_spread.mean": 60.649864196777344, "lowlevel.erbbands_spread.stdev": 32.76931381225586, "lowlevel.hfc.mean": 40.4527473449707, "lowlevel.hfc.stdev": 41.8443717956543, "lowlevel.loudness_ebu128.integrated": -21.645631790161133, "lowlevel.loudness_ebu128.loudness_range": 0.6900272369384766, "lowlevel.loudness_ebu128.momentary.mean": -21.882841110229492, "lowlevel.loudness_ebu128.momentary.stdev": 1.6068753004074097, "lowlevel.loudness_ebu128.short_term.mean": -21.694271087646484, "lowlevel.loudness_ebu128.short_term.stdev": 0.24161262810230255, "lowlevel.melbands_crest.mean": 18.874906539916992, "lowlevel.melbands_crest.stdev": 6.229836463928223, "lowlevel.melbands_flatness_db.mean": 0.21846666932106018, "lowlevel.melbands_flatness_db.stdev": 0.08844776451587677, "lowlevel.melbands_kurtosis.mean": 50.147483825683594, "lowlevel.melbands_kurtosis.stdev": 77.13460540771484, "lowlevel.melbands_skewness.mean": 4.964451789855957, "lowlevel.melbands_skewness.stdev": 3.7328526973724365, "lowlevel.melbands_spread.mean": 25.776748657226562, "lowlevel.melbands_spread.stdev": 33.32752990722656, "lowlevel.pitch_salience.mean": 0.4001411497592926, "lowlevel.pitch_salience.stdev": 0.18326738476753235, "lowlevel.silence_rate_20dB.mean": 1.0, "lowlevel.silence_rate_20dB.stdev": 0.0, "lowlevel.silence_rate_30dB.mean": 0.7884940505027771, "lowlevel.silence_rate_30dB.stdev": 0.40837496519088745, "lowlevel.silence_rate_60dB.mean": 0.060913704335689545, "lowlevel.silence_rate_60dB.stdev": 0.23917162418365479, "lowlevel.spectral_centroid.mean": 1545.377685546875, "lowlevel.spectral_centroid.stdev": 849.1388549804688, "lowlevel.spectral_complexity.mean": 17.766496658325195, "lowlevel.spectral_complexity.stdev": 11.983054161071777, "lowlevel.spectral_decrease.mean": -1.5160617650167296e-08, "lowlevel.spectral_decrease.stdev": 1.241454494760319e-08, "lowlevel.spectral_energy.mean": 0.06088889390230179, "lowlevel.spectral_energy.stdev": 0.047776348888874054, "lowlevel.spectral_energyband_high.mean": 0.0028381668962538242, "lowlevel.spectral_energyband_high.stdev": 0.004558770451694727, "lowlevel.spectral_energyband_low.mean": 0.042805783450603485, "lowlevel.spectral_energyband_low.stdev": 0.04459024593234062, "lowlevel.spectral_energyband_middle_high.mean": 0.00594349205493927, "lowlevel.spectral_energyband_middle_high.stdev": 0.007189192343503237, "lowlevel.spectral_energyband_middle_low.mean": 0.010797297582030296, "lowlevel.spectral_energyband_middle_low.stdev": 0.013794305734336376, "lowlevel.spectral_entropy.mean": 7.918489933013916, "lowlevel.spectral_entropy.stdev": 0.42478758096694946, "lowlevel.spectral_flux.mean": 0.10764477401971817, "lowlevel.spectral_flux.stdev": 0.06340271979570389, "lowlevel.spectral_kurtosis.mean": 2.0582706928253174, "lowlevel.spectral_kurtosis.stdev": 1.4032413959503174, "lowlevel.spectral_rms.mean": 0.006935733836144209, "lowlevel.spectral_rms.stdev": 0.003361454699188471, "lowlevel.spectral_rolloff.mean": 2025.7606201171875, "lowlevel.spectral_rolloff.stdev": 2869.774169921875, "lowlevel.spectral_skewness.mean": 1.1918894052505493, "lowlevel.spectral_skewness.stdev": 0.3866191804409027, "lowlevel.spectral_spread.mean": 6643211.0, "lowlevel.spectral_spread.stdev": 1663395.0, "lowlevel.spectral_strongpeak.mean": 1.0281555652618408, "lowlevel.spectral_strongpeak.stdev": 1.165274739265442, "lowlevel.zerocrossingrate.mean": 0.08019214123487473, "lowlevel.zerocrossingrate.stdev": 0.062447693198919296, "metadata.audio_properties.analysis.equal_loudness": 0.0, "metadata.audio_properties.analysis.length": 13.6959867477417, "metadata.audio_properties.analysis.sample_rate": 44100.0, "metadata.audio_properties.analysis.start_time": 0.0, "metadata.audio_properties.bit_rate": 123902.0, "metadata.audio_properties.length": 13.696000099182129, "metadata.audio_properties.lossless": 0.0, "metadata.audio_properties.number_channels": 1.0, "metadata.audio_properties.replay_gain": -2.7309207916259766, "metadata.audio_properties.sample_rate": 48000.0, "rhythm.beats_count": 21.0, "rhythm.beats_loudness.mean": 0.08366309106349945, "rhythm.beats_loudness.stdev": 0.049130748957395554, "rhythm.bpm": 94.83619689941406, "rhythm.bpm_histogram_first_peak_bpm": 96.0, "rhythm.bpm_histogram_first_peak_weight": 0.44999998807907104, "rhythm.bpm_histogram_second_peak_bpm": 0.0, "rhythm.bpm_histogram_second_peak_spread": 0.0, "rhythm.bpm_histogram_second_peak_weight": 0.0, "rhythm.danceability": 1.9089281558990479, "rhythm.onset_rate": 5.396975517272949, "tonal.chords_changes_rate": 0.06756756454706192, "tonal.chords_number_rate": 0.020270269364118576, "tonal.chords_strength.mean": 0.6077703237533569, "tonal.chords_strength.stdev": 0.1363324522972107, "tonal.hpcp_crest.mean": 14.111454963684082, "tonal.hpcp_crest.stdev": 7.1789631843566895, "tonal.hpcp_entropy.mean": 2.022933006286621, "tonal.hpcp_entropy.stdev": 0.8548628091812134, "tonal.key_edma.strength": 0.6202910542488098, "tonal.key_krumhansl.strength": 0.6166704297065735, "tonal.key_temperley.strength": 0.6099981069564819, "tonal.tuning_diatonic_strength": 0.5498058795928955, "tonal.tuning_equal_tempered_deviation": 0.10519694536924362, "tonal.tuning_frequency": 438.7310485839844, "tonal.tuning_nontempered_energy_ratio": 0.783473551273346, "lowlevel.barkbands.mean": [0.00014757964527234435, 0.030941467732191086, 0.010443374514579773, 0.002010228345170617, 0.0019987060222774744, 0.0007793412078171968, 0.0029336228035390377, 0.0015234086895361543, 0.001075676060281694, 0.0008791405707597733, 0.0008904226124286652, 0.0009754311176948249, 0.0007039793999865651, 0.0005808898713439703, 0.0005029543535783887, 0.0005705465446226299, 0.00047785340575501323, 0.00030688990955241024, 0.00016560977383051068, 0.000334044307237491, 0.00025612773606553674, 0.0005875771166756749, 0.00048054420039989054, 0.0005227264482527971, 0.00044583718408830464, 0.00032260618172585964, 3.2313713745679706e-05], "lowlevel.barkbands.stdev": [0.00031852416577748954, 0.03951358422636986, 0.011981935240328312, 0.00594475120306015, 0.005353518761694431, 0.0017277698498219252, 0.006142712663859129, 0.003919180948287249, 0.0026308284141123295, 0.0020357181783765554, 0.002798473695293069, 0.003099755384027958, 0.002285149646922946, 0.0014597205445170403, 0.000823782233055681, 0.0012295570923015475, 0.0008499103132635355, 0.0004538955690804869, 0.0002681173791643232, 0.00043129309779033065, 0.00028377713169902563, 0.0010107668349519372, 0.0010693621588870883, 0.0014266222715377808, 0.0008956408128142357, 0.0006125984364189208, 7.837747398298234e-05], "lowlevel.erbbands.mean": [0.3727022111415863, 8.42844295501709, 16.03937530517578, 8.836472511291504, 7.109113693237305, 6.292693138122559, 4.669819355010986, 7.027738571166992, 24.650876998901367, 57.512142181396484, 28.653345108032227, 23.24815559387207, 34.77300262451172, 25.75448989868164, 35.30909729003906, 40.75185775756836, 26.923564910888672, 39.479496002197266, 22.837486267089844, 31.991744995117188, 30.81275177001953, 27.395978927612305, 18.190494537353516, 10.721973419189453, 9.268235206604004, 16.12467384338379, 11.323622703552246, 11.652865409851074, 21.102008819580078, 18.781585693359375, 12.466198921203613, 10.00858211517334, 9.5030517578125, 6.26927375793457, 2.1695265769958496, 1.0740406513214111, 0.6496687531471252, 0.15954002737998962, 0.0035309994127601385, 0.00016553967725485563], "lowlevel.erbbands.stdev": [0.4821537733078003, 10.74233341217041, 16.302366256713867, 19.126678466796875, 22.91927146911621, 16.11023712158203, 9.796072959899902, 14.60638427734375, 53.033729553222656, 132.60606384277344, 64.20624542236328, 54.30194854736328, 74.5273666381836, 75.28886413574219, 82.16521453857422, 123.92838287353516, 64.56584930419922, 101.83399200439453, 37.159942626953125, 59.10047912597656, 64.47461700439453, 47.07276916503906, 26.477067947387695, 17.146984100341797, 12.258633613586426, 21.34821319580078, 12.637040138244629, 13.235227584838867, 35.292781829833984, 35.06311798095703, 30.757532119750977, 31.05474853515625, 24.517229080200195, 14.57568073272705, 3.634479522705078, 2.132366180419922, 1.22677743434906, 0.32915785908699036, 0.007230418734252453, 0.00019651839102152735], "lowlevel.gfcc.mean": [29.024494171142578, 46.84355545043945, -85.90970611572266, 41.82687759399414, -54.74776077270508, 31.704763412475586, -27.978660583496094, 16.866832733154297, -15.305549621582031, 11.86246395111084, -17.913299560546875, 3.386814594268799, -18.951339721679688], "lowlevel.melbands.mean": [0.0061950706876814365, 0.009665807709097862, 0.0014909922610968351, 0.0004737819836009294, 0.00018469621136318892, 0.00016485940432175994, 0.0004413664573803544, 0.0005717241438105702, 0.0002072534989565611, 0.00014930251927580684, 0.00017048530571628362, 9.718639921629801e-05, 0.00012383662397041917, 0.0001317083660978824, 5.355818211683072e-05, 7.618335075676441e-05, 7.117551285773516e-05, 3.479003862594254e-05, 3.650180224212818e-05, 4.1855226299958304e-05, 3.5475393815431744e-05, 2.979852433782071e-05, 2.1130872482899576e-05, 1.2817729839298408e-05, 8.188120773411356e-06, 5.718860847991891e-06, 8.759763659327291e-06, 1.1238720617257059e-05, 7.710974387009628e-06, 5.5491545936092734e-06, 7.08887228029198e-06, 1.1997376532235648e-05, 1.1733580322470516e-05, 9.977186891774181e-06, 6.794730779802194e-06, 6.5280864873784594e-06, 6.2323492784344126e-06, 7.1892723099153955e-06, 6.456805294874357e-06, 4.777588856086368e-06], "lowlevel.melbands.stdev": [0.007985252887010574, 0.01010948233306408, 0.0031194444745779037, 0.0013388277729973197, 0.00037358750705607235, 0.0003657280467450619, 0.0009041443699970841, 0.001316942390985787, 0.0005367887788452208, 0.00034380375291220844, 0.000368204724509269, 0.00029420453938655555, 0.0003585228114388883, 0.0004449070547707379, 0.00010498054325580597, 0.00024974209372885525, 0.00018204873776994646, 6.362484418787062e-05, 6.016998304403387e-05, 8.485649595968425e-05, 8.074898505583405e-05, 5.551402864512056e-05, 3.318510061944835e-05, 2.028836934186984e-05, 1.4389049283636268e-05, 8.609664291725494e-06, 1.1302799975965172e-05, 1.652670107432641e-05, 9.526634130452294e-06, 6.430764642573195e-06, 8.45324666443048e-06, 1.8298791474080645e-05, 2.5632483811932616e-05, 1.8246226318296976e-05, 1.4741975974175148e-05, 2.1859046682948247e-05, 2.0020415831822902e-05, 2.0045832570758648e-05, 1.6213623894145712e-05, 1.0673715223674662e-05], "lowlevel.melbands128.mean": [0.00012259473442099988, 0.0010416406439617276, 0.008205072954297066, 0.016922585666179657, 0.01105798315256834, 0.004313451237976551, 0.0017505694413557649, 0.0008356065372936428, 0.0007413287530653179, 0.00045979133574292064, 0.0003415998653508723, 0.0002065937005681917, 0.00012698207865469158, 0.0001795772259356454, 0.00012759718811139464, 0.00016022119962144643, 0.00028598489006981254, 0.0004092612653039396, 0.0007186639704741538, 0.0008386130793951452, 0.00035234514507465065, 0.00022466549125965685, 0.0002190177474403754, 0.0001471029972890392, 0.00013611491885967553, 0.00013022091297898442, 0.00021981923782732338, 0.0002122602891176939, 9.38238445087336e-05, 7.323815952986479e-05, 8.22101064841263e-05, 0.000169039485626854, 0.00015435692330356687, 6.68239954393357e-05, 9.751759353093803e-05, 0.00021811177430208772, 7.497276237700135e-05, 3.383998409844935e-05, 4.7834517317824066e-05, 3.963923154515214e-05, 9.612986468710005e-05, 0.00011230452946620062, 7.456304592778906e-05, 5.241264807409607e-05, 3.033327084267512e-05, 3.4564673114800826e-05, 3.5629229387268424e-05, 2.753014450718183e-05, 3.5486264096107334e-05, 6.379312981152907e-05, 3.497612487990409e-05, 3.1226743885781616e-05, 4.04157726734411e-05, 3.3828731829999015e-05, 3.194958480889909e-05, 3.3995089324889705e-05, 2.2496031306218356e-05, 2.323672379134223e-05, 2.2294641894404776e-05, 1.3657559065904934e-05, 1.3591316928796005e-05, 1.0108617061632685e-05, 1.03223874248215e-05, 7.189154530351516e-06, 5.418151431513252e-06, 5.90019726587343e-06, 5.491060164786177e-06, 6.263184786803322e-06, 9.860548743745312e-06, 1.1918978998437524e-05, 1.1503006135171745e-05, 1.1151941180287395e-05, 9.290849448007066e-06, 7.60739749239292e-06, 4.91200898977695e-06, 5.595002676272998e-06, 6.081756509956904e-06, 4.964249001204735e-06, 7.185567937995074e-06, 8.450943823845591e-06, 1.2095695637981407e-05, 1.3711176507058553e-05, 1.200331280415412e-05, 1.1816886399174109e-05, 1.1203636859136168e-05, 1.083749157260172e-05, 1.0118573300132994e-05, 6.776524514862103e-06, 5.714403869205853e-06, 7.507704140152782e-06, 7.95543019194156e-06, 5.826379037898732e-06, 4.951655228069285e-06, 5.328861334419344e-06, 7.126692253223155e-06, 1.0104170542035718e-05, 6.208306331245694e-06, 4.583794634527294e-06, 6.884333288326161e-06, 7.656637535546906e-06, 5.485807832883438e-06, 4.665082087740302e-06, 3.1804740956431488e-06, 2.891724989240174e-06, 2.0046236386406235e-06, 1.812231744224846e-06, 2.4204703095165314e-06, 1.8827229268936208e-06, 1.6786444803074119e-06, 1.7161825098810368e-06, 1.7207732980750734e-06, 2.1531839138333453e-06, 2.215741460531717e-06, 2.2462440938397776e-06, 2.0146351289440645e-06, 2.04739239961782e-06, 1.2715750017378014e-06, 1.8565366133316274e-07, 1.353621659205828e-10, 5.576739070534131e-11, 1.87212224889155e-11, 1.1810611516560598e-11, 8.79300972311814e-12, 8.565128641058184e-12, 8.15766464795642e-12, 7.621773004395926e-12, 7.308553935658768e-12, 7.226647232017047e-12], "lowlevel.melbands128.stdev": [0.0002970235364045948, 0.0019523795926943421, 0.011831792071461678, 0.021810263395309448, 0.0121464217081666, 0.005696207284927368, 0.0045048948377370834, 0.0027055435348302126, 0.0027298335917294025, 0.0014178446726873517, 0.0009622600045986474, 0.0005456251092255116, 0.00029323104536160827, 0.0005413492326624691, 0.00031352703808806837, 0.00040997398900799453, 0.0008516195230185986, 0.0012159880716353655, 0.0018677703337743878, 0.00218901876360178, 0.0013062278740108013, 0.0006130546098574996, 0.0007655011140741408, 0.0007668340695090592, 0.0004496242618188262, 0.00037894389242865145, 0.0005581278819590807, 0.0005933635984547436, 0.00028604231192730367, 0.0002746438840404153, 0.0004038892802782357, 0.0007351359818130732, 0.0005074996734037995, 0.00019888354290742427, 0.0004217438108753413, 0.0008779367781244218, 0.00020089070312678814, 7.924689998617396e-05, 0.00012543900811579078, 0.00010380035382695496, 0.00044279094436205924, 0.00046440199366770685, 0.0002860203094314784, 0.00013829581439495087, 8.428157161688432e-05, 9.650689025875181e-05, 7.33828273951076e-05, 6.424482853617519e-05, 7.265916792675853e-05, 0.00015268362767528743, 8.393133612116799e-05, 7.128479046514258e-05, 0.0001259259006474167, 9.037261042976752e-05, 7.787942740833387e-05, 7.773191464366391e-05, 4.416445881361142e-05, 4.355301280156709e-05, 4.623295899364166e-05, 2.5200031814165413e-05, 2.7916901672142558e-05, 1.7356111129629426e-05, 2.11839269468328e-05, 1.585683821758721e-05, 9.475744263909291e-06, 9.947934813681059e-06, 9.93339745036792e-06, 9.58054715738399e-06, 1.3503416084859055e-05, 2.1294219550327398e-05, 1.8318592992727645e-05, 2.3124281142372638e-05, 1.6159328879439272e-05, 1.0613101039780304e-05, 6.160270913824206e-06, 8.175843504432123e-06, 7.652645763300825e-06, 6.503782515210332e-06, 1.02665226222598e-05, 1.138499010266969e-05, 1.767977482813876e-05, 2.297914215887431e-05, 3.0619659810326993e-05, 3.271099558332935e-05, 2.6109421014552936e-05, 1.9751078070839867e-05, 2.2034195353626274e-05, 1.1044382517866325e-05, 1.1664660632959567e-05, 2.397514799667988e-05, 2.83699955616612e-05, 2.3017793864710256e-05, 1.5370946130133234e-05, 1.5274465113179758e-05, 2.8926562663400546e-05, 3.212631054338999e-05, 1.655762389418669e-05, 1.1800694664998446e-05, 1.6989055438898504e-05, 2.173577740904875e-05, 1.540423727419693e-05, 1.0040394045063294e-05, 6.465008482336998e-06, 5.763423359894659e-06, 3.7767572393931914e-06, 3.63609728992742e-06, 4.840474502998404e-06, 3.960098638344789e-06, 4.0861714296625e-06, 4.740862095786724e-06, 4.060913852299564e-06, 5.004252670914866e-06, 4.27714758188813e-06, 4.371415798232192e-06, 4.359834747447167e-06, 4.4310013436188456e-06, 3.068461865041172e-06, 4.5664668846256973e-07, 1.9490900005081357e-09, 1.024417439765557e-09, 2.18903908888457e-10, 6.623711995557002e-11, 1.230463213958144e-11, 1.2049154209103907e-11, 1.1847115302665578e-11, 1.1689934610592534e-11, 1.1584335053715922e-11, 1.1517121457915724e-11], "lowlevel.mfcc.mean": [-622.6190795898438, 81.001708984375, 27.24414825439453, 20.612167358398438, 8.649112701416016, 17.142698287963867, 4.786158561706543, 10.167289733886719, 8.842988014221191, 7.078776836395264, 9.148405075073242, 6.590331077575684, 5.908384799957275], "lowlevel.spectral_contrast_coeffs.mean": [-0.6742053627967834, -0.7480795383453369, -0.7770794630050659, -0.7989721298217773, -0.8055426478385925, -0.7527979612350464], "lowlevel.spectral_contrast_coeffs.stdev": [0.0759533941745758, 0.08781404793262482, 0.08387483656406403, 0.05638628080487251, 0.036105986684560776, 0.036515649408102036], "lowlevel.spectral_contrast_valleys.mean": [-6.904341697692871, -6.967861652374268, -7.488699913024902, -7.597775936126709, -7.348031997680664, -9.389093399047852], "lowlevel.spectral_contrast_valleys.stdev": [0.8790587186813354, 0.8725636601448059, 0.9204834699630737, 0.8831005692481995, 0.7220862507820129, 0.7825431823730469], "rhythm.beats_loudness_band_ratio.mean": [0.5522482991218567, 0.05570143088698387, 0.113497294485569, 0.08855976164340973, 0.0916660949587822, 0.1296558976173401], "rhythm.beats_loudness_band_ratio.stdev": [0.3371654748916626, 0.08818738907575607, 0.13881294429302216, 0.09548930823802948, 0.08836569637060165, 0.10875675827264786], "tonal.hpcp.mean": [0.06455203145742416, 0.0539652444422245, 0.044756997376680374, 0.04381529241800308, 0.06083791330456734, 0.09219791740179062, 0.1144758015871048, 0.08058410882949829, 0.09344442188739777, 0.13323812186717987, 0.08493869006633759, 0.038805041462183, 0.03688983619213104, 0.042050015181303024, 0.06971221417188644, 0.08371581882238388, 0.05951528251171112, 0.05773515999317169, 0.06145082414150238, 0.0819602683186531, 0.22064915299415588, 0.32597750425338745, 0.2113960087299347, 0.07790220528841019, 0.04098335653543472, 0.038076676428318024, 0.0518459677696228, 0.055054813623428345, 0.06775850057601929, 0.12826377153396606, 0.17310884594917297, 0.12533213198184967, 0.0984615832567215, 0.11027205735445023, 0.09065864980220795, 0.0764898955821991], "tonal.hpcp.stdev": [0.18498417735099792, 0.16360044479370117, 0.14647559821605682, 0.1525520384311676, 0.18723449110984802, 0.2204405963420868, 0.23405073583126068, 0.17953257262706757, 0.21754419803619385, 0.28311437368392944, 0.20606862008571625, 0.1266900897026062, 0.11639891564846039, 0.12338332831859589, 0.1770326942205429, 0.20529143512248993, 0.15354295074939728, 0.1823354959487915, 0.18557490408420563, 0.19439521431922913, 0.3365750312805176, 0.4107168912887573, 0.31786012649536133, 0.19915145635604858, 0.12490136176347733, 0.11207638680934906, 0.139056995511055, 0.12299493700265884, 0.1689971536397934, 0.2559618055820465, 0.317613810300827, 0.2394559234380722, 0.21179527044296265, 0.2589772939682007, 0.2148934304714203, 0.20629513263702393], "rhythm.beats_position": [0.650158703327179, 1.300317406654358, 1.9272562265396118, 2.554194927215576, 3.1927437782287598, 3.8312923908233643, 4.458230972290039, 5.085169792175293, 5.712108612060547, 6.3506574630737305, 6.989206314086914, 7.616145133972168, 8.243083953857422, 8.881632804870605, 9.520181655883789, 10.147119522094727, 10.77405834197998, 11.412607192993164, 12.039546012878418, 12.678094863891602, 13.305033683776855], "rhythm.bpm_histogram": [0.0, 0.0, 0.0, 0.0, 0.0, 0.0, 0.0, 0.0, 0.0, 0.0, 0.0, 0.0, 0.0, 0.0, 0.0, 0.0, 0.0, 0.0, 0.0, 0.0, 0.0, 0.0, 0.0, 0.0, 0.0, 0.0, 0.0, 0.0, 0.0, 0.0, 0.0, 0.0, 0.0, 0.0, 0.0, 0.0, 0.0, 0.0, 0.0, 0.0, 0.0, 0.0, 0.0, 0.0, 0.0, 0.0, 0.0, 0.0, 0.0, 0.0, 0.0, 0.0, 0.0, 0.0, 0.0, 0.0, 0.0, 0.0, 0.0, 0.0, 0.0, 0.0, 0.0, 0.0, 0.0, 0.0, 0.0, 0.0, 0.0, 0.0, 0.0, 0.0, 0.0, 0.0, 0.0, 0.0, 0.0, 0.0, 0.0, 0.0, 0.0, 0.0, 0.0, 0.0, 0.0, 0.0, 0.0, 0.0, 0.0, 0.0, 0.0, 0.0, 0.05000000074505806, 0.0, 0.4000000059604645, 0.0, 0.550000011920929, 0.0, 0.0, 0.0, 0.0, 0.0, 0.0, 0.0, 0.0, 0.0, 0.0, 0.0, 0.0, 0.0, 0.0, 0.0, 0.0, 0.0, 0.0, 0.0, 0.0, 0.0, 0.0, 0.0, 0.0, 0.0, 0.0, 0.0, 0.0, 0.0, 0.0, 0.0, 0.0, 0.0, 0.0, 0.0, 0.0, 0.0, 0.0, 0.0, 0.0, 0.0, 0.0, 0.0, 0.0, 0.0, 0.0, 0.0, 0.0, 0.0, 0.0, 0.0, 0.0, 0.0, 0.0, 0.0, 0.0, 0.0, 0.0, 0.0, 0.0, 0.0, 0.0, 0.0, 0.0, 0.0, 0.0, 0.0, 0.0, 0.0, 0.0, 0.0, 0.0, 0.0, 0.0, 0.0, 0.0, 0.0, 0.0, 0.0, 0.0, 0.0, 0.0, 0.0, 0.0, 0.0, 0.0, 0.0, 0.0, 0.0, 0.0, 0.0, 0.0, 0.0, 0.0, 0.0, 0.0, 0.0, 0.0, 0.0, 0.0, 0.0, 0.0, 0.0, 0.0, 0.0, 0.0, 0.0, 0.0, 0.0, 0.0, 0.0, 0.0, 0.0, 0.0, 0.0, 0.0, 0.0, 0.0, 0.0, 0.0, 0.0, 0.0, 0.0, 0.0, 0.0, 0.0, 0.0, 0.0, 0.0, 0.0, 0.0, 0.0, 0.0, 0.0, 0.0, 0.0, 0.0, 0.0, 0.0, 0.0, 0.0, 0.0, 0.0, 0.0, 0.0, 0.0, 0.0, 0.0, 0.0, 0.0, 0.0, 0.0, 0.0], "tonal.chords_histogram": [51.68918991088867, 7.770270347595215, 0.0, 0.0, 0.0, 0.0, 5.405405521392822, 1.6891891956329346, 0.0, 0.3378378450870514, 0.0, 0.0, 0.0, 0.0, 0.0, 0.0, 0.0, 0.0, 0.0, 0.0, 0.0, 0.0, 3.378378391265869, 29.7297306060791], "tonal.thpcp": [1.0, 0.6484987735748291, 0.23898030817508698, 0.12572449445724487, 0.11680768430233002, 0.1590476930141449, 0.16889144480228424, 0.2078625112771988, 0.3934743106365204, 0.5310453772544861, 0.38448092341423035, 0.30205023288726807, 0.33828118443489075, 0.2781132161617279, 0.23464778065681458, 0.19802603125572205, 0.16554898023605347, 0.13730087876319885, 0.1344120055437088, 0.18663224577903748, 0.2828352153301239, 0.35117700695991516, 0.24720758199691772, 0.2866591215133667, 0.40873411297798157, 0.2605661153793335, 0.11904208362102509, 0.11316681653261185, 0.12899668514728546, 0.21385590732097626, 0.25681471824645996, 0.1825748085975647, 0.17711393535137177, 0.18851247429847717, 0.2514292299747467, 0.6768845915794373], "lowlevel.gfcc.cov": [[5691.830078125, 97.49604034423828, -259.51409912109375, -389.2743225097656, 207.08706665039062, 11.93769359588623, -66.86087799072266, 285.150146484375, 171.3209686279297, 94.19221496582031, -254.5009307861328, 46.1580924987793, 39.44105529785156], [97.49604034423828, 1580.078125, -359.7784729003906, -83.41499328613281, 23.656005859375, 134.38504028320312, 225.848388671875, 38.674747467041016, 147.96009826660156, -103.22090911865234, 89.7197265625, -128.4122772216797, 147.417724609375], [-259.51409912109375, -359.7784729003906, 1003.1068725585938, 355.9021301269531, 189.48785400390625, 117.54727172851562, 123.54570770263672, 4.062707424163818, -187.00685119628906, -62.93867111206055, -60.24812698364258, 3.448178291320801, -99.59628295898438], [-389.2743225097656, -83.41499328613281, 355.9021301269531, 559.4602661132812, 225.62269592285156, 40.867191314697266, -24.60312843322754, -19.771421432495117, 29.54086685180664, 4.273736476898193, -7.918119430541992, -54.07441711425781, -21.38606071472168], [207.08706665039062, 23.656005859375, 189.48785400390625, 225.62269592285156, 356.9300537109375, 163.25631713867188, 120.7374496459961, 33.22956085205078, 25.271381378173828, 41.75872802734375, 16.41176414489746, -16.003164291381836, -41.9898681640625], [11.93769359588623, 134.38504028320312, 117.54727172851562, 40.867191314697266, 163.25631713867188, 348.1019287109375, 241.0674591064453, 4.412877559661865, -64.37602233886719, -32.43313980102539, 54.04681396484375, -27.160831451416016, -18.104942321777344], [-66.86087799072266, 225.848388671875, 123.54570770263672, -24.60312843322754, 120.7374496459961, 241.0674591064453, 340.7754211425781, 73.294921875, -34.41577911376953, -47.536964416503906, 14.914478302001953, -37.73456573486328, -16.38437271118164], [285.150146484375, 38.674747467041016, 4.062707424163818, -19.771421432495117, 33.22956085205078, 4.412877559661865, 73.294921875, 149.00010681152344, 98.71883392333984, 8.280929565429688, -40.94267272949219, 0.9570289850234985, 14.377285957336426], [171.3209686279297, 147.96009826660156, -187.00685119628906, 29.54086685180664, 25.271381378173828, -64.37602233886719, -34.41577911376953, 98.71883392333984, 236.31919860839844, 69.81769561767578, 14.038650512695312, 1.8923190832138062, 54.374454498291016], [94.19221496582031, -103.22090911865234, -62.93867111206055, 4.273736476898193, 41.75872802734375, -32.43313980102539, -47.536964416503906, 8.280929565429688, 69.81769561767578, 119.11254119873047, 36.31380081176758, 22.60394287109375, -12.878289222717285], [-254.5009307861328, 89.7197265625, -60.24812698364258, -7.918119430541992, 16.41176414489746, 54.04681396484375, 14.914478302001953, -40.94267272949219, 14.038650512695312, 36.31380081176758, 121.24496459960938, 30.276830673217773, 12.618523597717285], [46.1580924987793, -128.4122772216797, 3.448178291320801, -54.07441711425781, -16.003164291381836, -27.160831451416016, -37.73456573486328, 0.9570289850234985, 1.8923190832138062, 22.60394287109375, 30.276830673217773, 83.05638885498047, 15.187792778015137], [39.44105529785156, 147.417724609375, -99.59628295898438, -21.38606071472168, -41.9898681640625, -18.104942321777344, -16.38437271118164, 14.377285957336426, 54.374454498291016, -12.878289222717285, 12.618523597717285, 15.187792778015137, 80.932373046875]], "lowlevel.gfcc.icov": [[0.0002938097750302404, -0.0001263501908397302, -8.51531785883708e-06, 0.00036632033879868686, -0.00039797171484678984, -0.00038185922312550247, 0.000555364356841892, -0.0004361028550192714, 0.0001134881895268336, -0.00038672727532684803, 0.0009250157163478434, -0.00026923848781734705, -0.00016019967733882368], [-0.0001263501908397302, 0.0015990367392078042, 4.9654652684694156e-05, 0.000541335844900459, -0.0006804557633586228, 0.0008277322049252689, -0.000986689468845725, 0.0005314528825692832, -0.0008554537198506296, 0.0018393838545307517, -0.0024130248930305243, 0.00343552534468472, -0.0025099986232817173], [-8.51531785883708e-06, 4.9654652684694156e-05, 0.0023396089673042297, -0.0019104195525869727, 0.00017004975234158337, 0.00018407308380119503, -0.0009086236823350191, -0.0012347283773124218, 0.0020750798285007477, 0.000211284015676938, 0.0006654548342339694, -0.0021675527095794678, 0.00139532086905092], [0.00036632033879868686, 0.000541335844900459, -0.0019104195525869727, 0.005388002842664719, -0.003527621505782008, -9.697861969470978e-05, 0.0022815957199782133, 0.0011084458092227578, -0.002356861950829625, 0.001387199736200273, -0.0007162168622016907, 0.004962899722158909, -0.0026941902469843626], [-0.00039797171484678984, -0.0006804557633586228, 0.00017004975234158337, -0.003527621505782008, 0.007507422007620335, -0.002357480116188526, -0.0017477861838415265, 0.0003294518974144012, -0.0006983262137509882, -0.0028949070256203413, 0.0013208281015977263, -0.0036956665571779013, 0.004161924589425325], [-0.00038185922312550247, 0.0008277322049252689, 0.00018407308380119503, -9.697861969470978e-05, -0.002357480116188526, 0.008723613806068897, -0.0053585912100970745, 0.0010413312120363116, 0.0015141817275434732, 0.0019962757360190153, -0.0052094366401433945, 0.003083568997681141, -0.0021282248198986053], [0.000555364356841892, -0.000986689468845725, -0.0009086236823350191, 0.0022815957199782133, -0.0017477861838415265, -0.0053585912100970745, 0.010619782842695713, -0.006657816469669342, 0.0019360114820301533, 0.0006160787888802588, -0.00039071697392500937, 0.0023108681198209524, 0.0006630403804592788], [-0.0004361028550192714, 0.0005314528825692832, -0.0012347283773124218, 0.0011084458092227578, 0.0003294518974144012, 0.0010413312120363116, -0.006657816469669342, 0.019962117075920105, -0.011271481402218342, 0.0015870621427893639, 0.006896941922605038, -0.003887326456606388, 0.001007228041999042], [0.0001134881895268336, -0.0008554537198506296, 0.0020750798285007477, -0.002356861950829625, -0.0006983262137509882, 0.0015141817275434732, 0.0019360114820301533, -0.011271481402218342, 0.015509581193327904, -0.0067045255564153194, -0.002524219686165452, 0.001783597283065319, -0.005623713135719299], [-0.00038672727532684803, 0.0018393838545307517, 0.000211284015676938, 0.001387199736200273, -0.0028949070256203413, 0.0019962757360190153, 0.0006160787888802588, 0.0015870621427893639, -0.0067045255564153194, 0.01854950562119484, -0.007612525951117277, 0.001340151415206492, 0.004643541295081377], [0.0009250157163478434, -0.0024130248930305243, 0.0006654548342339694, -0.0007162168622016907, 0.0013208281015977263, -0.0052094366401433945, -0.00039071697392500937, 0.006896941922605038, -0.002524219686165452, -0.007612525951117277, 0.022333528846502304, -0.012860155664384365, 0.002205553697422147], [-0.00026923848781734705, 0.00343552534468472, -0.0021675527095794678, 0.004962899722158909, -0.0036956665571779013, 0.003083568997681141, 0.0023108681198209524, -0.003887326456606388, 0.001783597283065319, 0.001340151415206492, -0.012860155664384365, 0.028674336150288582, -0.011912784539163113], [-0.00016019967733882368, -0.0025099986232817173, 0.00139532086905092, -0.0026941902469843626, 0.004161924589425325, -0.0021282248198986053, 0.0006630403804592788, 0.001007228041999042, -0.005623713135719299, 0.004643541295081377, 0.002205553697422147, -0.011912784539163113, 0.02605857327580452]], "lowlevel.mfcc.cov": [[5610.30322265625, 420.7193908691406, -641.1192016601562, -324.4787902832031, 88.11404418945312, -194.0472869873047, -259.6741638183594, -1.1992195844650269, 354.9819641113281, 81.87935638427734, 1.8732209205627441, 20.07634162902832, 164.02354431152344], [420.7193908691406, 1182.48681640625, -189.5363006591797, -170.8298797607422, -150.25808715820312, 28.449199676513672, 97.20491027832031, 126.84864807128906, 115.71399688720703, 50.695518493652344, -1.3818151950836182, 39.589412689208984, 57.235618591308594], [-641.1192016601562, -189.5363006591797, 679.0415649414062, 234.73768615722656, 91.14837646484375, 102.02750396728516, 196.49916076660156, 84.86396026611328, -40.43037796020508, -8.058342933654785, -40.21173095703125, -82.91191101074219, -75.87027740478516], [-324.4787902832031, -170.8298797607422, 234.73768615722656, 454.46124267578125, 236.5365447998047, 61.41762924194336, -10.525394439697266, -16.823301315307617, 41.35498809814453, 37.351863861083984, 12.181364059448242, 18.093751907348633, -11.63665771484375], [88.11404418945312, -150.25808715820312, 91.14837646484375, 236.5365447998047, 297.81719970703125, 109.89340209960938, 6.844145774841309, -9.017810821533203, 19.33350372314453, 28.49928855895996, 43.275333404541016, 39.51084518432617, 16.4449405670166], [-194.0472869873047, 28.449199676513672, 102.02750396728516, 61.41762924194336, 109.89340209960938, 282.6732482910156, 240.03553771972656, 75.8089599609375, -24.90390396118164, 41.813072204589844, 61.51658630371094, 12.821310997009277, -31.85083770751953], [-259.6741638183594, 97.20491027832031, 196.49916076660156, -10.525394439697266, 6.844145774841309, 240.03553771972656, 392.80889892578125, 164.074462890625, -17.495019912719727, 36.734012603759766, 47.59865951538086, -41.01701354980469, -54.51776885986328], [-1.1992195844650269, 126.84864807128906, 84.86396026611328, -16.823301315307617, -9.017810821533203, 75.8089599609375, 164.074462890625, 182.05393981933594, 88.00575256347656, 44.901004791259766, 15.67251205444336, -9.661022186279297, 8.926568031311035], [354.9819641113281, 115.71399688720703, -40.43037796020508, 41.35498809814453, 19.33350372314453, -24.90390396118164, -17.495019912719727, 88.00575256347656, 193.31558227539062, 84.39198303222656, 11.451237678527832, 14.206072807312012, 44.2429313659668], [81.87935638427734, 50.695518493652344, -8.058342933654785, 37.351863861083984, 28.49928855895996, 41.813072204589844, 36.734012603759766, 44.901004791259766, 84.39198303222656, 99.13260650634766, 50.28433609008789, 11.732894897460938, 12.384068489074707], [1.8732209205627441, -1.3818151950836182, -40.21173095703125, 12.181364059448242, 43.275333404541016, 61.51658630371094, 47.59865951538086, 15.67251205444336, 11.451237678527832, 50.28433609008789, 98.5451431274414, 40.89280700683594, 17.030479431152344], [20.07634162902832, 39.589412689208984, -82.91191101074219, 18.093751907348633, 39.51084518432617, 12.821310997009277, -41.01701354980469, -9.661022186279297, 14.206072807312012, 11.732894897460938, 40.89280700683594, 97.39362335205078, 61.729713439941406], [164.02354431152344, 57.235618591308594, -75.87027740478516, -11.63665771484375, 16.4449405670166, -31.85083770751953, -54.51776885986328, 8.926568031311035, 44.2429313659668, 12.384068489074707, 17.030479431152344, 61.729713439941406, 101.36255645751953]], "lowlevel.mfcc.icov": [[0.00027356084319762886, -6.18680496700108e-05, 0.00012674635217990726, 0.00039162850589491427, -0.0005093775107525289, 0.0001326924393652007, -0.0001235592644661665, 0.0003767072921618819, -0.0007307236664928496, 0.0002502481802366674, -3.3004762372002006e-05, 0.00038527449942193925, -0.00018391602498013526], [-6.18680496700108e-05, 0.0011430868180468678, 0.00028307587490417063, -4.808766607311554e-05, 0.0006811220082454383, -0.00023976765805855393, -0.0003639179631136358, -0.00035523436963558197, -0.00026492818142287433, -0.00034440189483575523, 0.0007749460637569427, -0.000750877195969224, -0.00020448137365747243], [0.00012674635217990726, 0.00028307587490417063, 0.003014803398400545, -0.0015755491331219673, -0.0002602228778414428, 0.000684283091686666, -0.0013625029241666198, -0.0013435696018859744, 0.0012444118037819862, -0.0004922272637486458, 0.0015491945669054985, 0.0014120354317128658, -0.0002497282694093883], [0.00039162850589491427, -4.808766607311554e-05, -0.0015755491331219673, 0.005882150027900934, -0.004271167796105146, 0.0007222218555398285, -0.00020431324082892388, 0.0022784117609262466, -0.0027922415174543858, -0.0007659736438654363, 0.0008949085022322834, -0.0016491655260324478, 0.001665084739215672], [-0.0005093775107525289, 0.0006811220082454383, -0.0002602228778414428, -0.004271167796105146, 0.009306158870458603, -0.0049616615287959576, 0.0026203221641480923, -0.0008102557039819658, 0.00026563549181446433, 0.001636775559745729, -0.00232632621191442, 0.00025511314743198454, -0.001914092106744647], [0.0001326924393652007, -0.00023976765805855393, 0.000684283091686666, 0.0007222218555398285, -0.0049616615287959576, 0.01293298788368702, -0.008266760036349297, 0.0011843369575217366, 0.002033318392932415, -0.003952630329877138, 0.001385330455377698, -0.004986959043890238, 0.0032337710727006197], [-0.0001235592644661665, -0.0003639179631136358, -0.0013625029241666198, -0.00020431324082892388, 0.0026203221641480923, -0.008266760036349297, 0.012824689038097858, -0.008331716991961002, 0.003417285392060876, 0.0005680873873643577, -0.004037368111312389, 0.004596416372805834, 0.00028900589677505195], [0.0003767072921618819, -0.00035523436963558197, -0.0013435696018859744, 0.0022784117609262466, -0.0008102557039819658, 0.0011843369575217366, -0.008331716991961002, 0.018082255497574806, -0.010742992162704468, 0.002829105593264103, 0.00036234164144843817, -0.0006870224606245756, -0.002022133208811283], [-0.0007307236664928496, -0.00026492818142287433, 0.0012444118037819862, -0.0027922415174543858, 0.00026563549181446433, 0.002033318392932415, 0.003417285392060876, -0.010742992162704468, 0.019340770319104195, -0.01407517958432436, 0.004805769771337509, 0.00014655664563179016, -0.0022961117792874575], [0.0002502481802366674, -0.00034440189483575523, -0.0004922272637486458, -0.0007659736438654363, 0.001636775559745729, -0.003952630329877138, 0.0005680873873643577, 0.002829105593264103, -0.01407517958432436, 0.028499595820903778, -0.013921926729381084, 0.004602476954460144, 7.977124187164009e-05], [-3.3004762372002006e-05, 0.0007749460637569427, 0.0015491945669054985, 0.0008949085022322834, -0.00232632621191442, 0.001385330455377698, -0.004037368111312389, 0.00036234164144843817, 0.004805769771337509, -0.013921926729381084, 0.02297857403755188, -0.009295003488659859, 0.0008906500297598541], [0.00038527449942193925, -0.000750877195969224, 0.0014120354317128658, -0.0016491655260324478, 0.00025511314743198454, -0.004986959043890238, 0.004596416372805834, -0.0006870224606245756, 0.00014655664563179016, 0.004602476954460144, -0.009295003488659859, 0.026298120617866516, -0.013487721793353558], [-0.00018391602498013526, -0.00020448137365747243, -0.0002497282694093883, 0.001665084739215672, -0.001914092106744647, 0.0032337710727006197, 0.00028900589677505195, -0.002022133208811283, -0.0022961117792874575, 7.977124187164009e-05, 0.0008906500297598541, -0.013487721793353558, 0.020999915897846222]], "metadata.audio_properties.analysis.downmix": "mix", "metadata.audio_properties.codec": "mp3", "metadata.audio_properties.md5_encoded": "922dd59ad4bf93df47d98e86448fbae0", "metadata.tags.file_name": "1182254338098339870.mp3", "metadata.version.essentia": "2.1-beta6-dev", "metadata.version.essentia_git_sha": "v2.1_beta5-1110-g77a6a954", "metadata.version.extractor": "music 2.0", "tonal.chords_key": "E", "tonal.chords_scale": "minor", "tonal.key_edma.key": "A", "tonal.key_edma.scale": "minor", "tonal.key_krumhansl.key": "E", "tonal.key_krumhansl.scale": "minor", "tonal.key_temperley.key": "E", "tonal.key_temperley.scale": "minor", "metadata.tags.encoding": ["Lavf58.45.100"]}, "essentia_models": [{"model_name": "genre_dortmund", "activations": {"alternative": "0.039615028", "blues": "0.035569284", "electronic": "0.038353004", "folkcountry": "0.18251818", "funksoulrnb": "0.18207717", "jazz": "0.054272912", "pop": "0.23797207", "raphiphop": "0.30825245", "rock": "0.118667215"}}, {"model_name": "genre_rosamerica", "activations": {"classic": "0.009906376", "dance": "0.011745589", "hip hop": "0.17713962", "jazz": "0.0072733485", "pop": "0.29067883", "rhythm and blues": "0.10701824", "rock": "0.04702393", "speech": "0.053014435"}}, {"model_name": "genre_tzanetakis", "activations": {"blues": "0.014049634", "classic": "0.0005341399", "country": "0.066791356", "disco": "0.099435925", "hip hop": "0.020162439", "jazz": "0.0013234669", "metal": "0.0025498034", "pop": "0.032700133", "reggae": "0.576056", "rock": "0.40565866"}}, {"model_name": "genre_electronic", "activations": {"ambient": "0.24361119", "dnb": "0.2555872", "house": "0.2108085", "techno": "0.3015367", "trance": "0.007389538"}}, {"model_name": "mood_acoustic", "activations": {"acoustic": "0.11252907", "not acoustic": "0.8449272"}}, {"model_name": "mood_electronic", "act