{"song_id": "1182258104625270864", "download": "https://cdn.discordapp.com/attachments/1135911532732108921/1182258104625270864/chirp.mp4?ex=65840aa9&amp", "lyrics": "[verse]\nIn the black of night, where fright takes hold\nCreatures lurking, secrets to unfold\nHaunted animatronics, shadows arise\nA haunting melody, sending shivers down my spine\n\n[chorus]\nFive Nights at Freddy's, a nightmare come true\nSurvive the horrors, they're after you\nLock the doors, keep your flashlight bright\nBeware the animatronics, they'll haunt you tonight", "style": ["Rock music"], "essentia_features": {"lowlevel.average_loudness": 0.9832101464271545, "lowlevel.barkbands_crest.mean": 11.623343467712402, "lowlevel.barkbands_crest.stdev": 4.700087547302246, "lowlevel.barkbands_flatness_db.mean": 0.1263188123703003, "lowlevel.barkbands_flatness_db.stdev": 0.03970887511968613, "lowlevel.barkbands_kurtosis.mean": 3.2989604473114014, "lowlevel.barkbands_kurtosis.stdev": 6.030966758728027, "lowlevel.barkbands_skewness.mean": 1.7238926887512207, "lowlevel.barkbands_skewness.stdev": 1.15151846408844, "lowlevel.barkbands_spread.mean": 31.9951229095459, "lowlevel.barkbands_spread.stdev": 14.777976036071777, "lowlevel.dissonance.mean": 0.48241204023361206, "lowlevel.dissonance.stdev": 0.0185227170586586, "lowlevel.dynamic_complexity": 1.1117361783981323, "lowlevel.erbbands_crest.mean": 7.792304515838623, "lowlevel.erbbands_crest.stdev": 3.8571717739105225, "lowlevel.erbbands_flatness_db.mean": 0.13710905611515045, "lowlevel.erbbands_flatness_db.stdev": 0.02794978767633438, "lowlevel.erbbands_kurtosis.mean": 0.16104266047477722, "lowlevel.erbbands_kurtosis.stdev": 1.4398919343948364, "lowlevel.erbbands_skewness.mean": -0.5050712823867798, "lowlevel.erbbands_skewness.stdev": 0.6546719074249268, "lowlevel.erbbands_spread.mean": 49.348453521728516, "lowlevel.erbbands_spread.stdev": 18.518051147460938, "lowlevel.hfc.mean": 31.031723022460938, "lowlevel.hfc.stdev": 13.635161399841309, "lowlevel.loudness_ebu128.integrated": -12.030006408691406, "lowlevel.loudness_ebu128.loudness_range": 1.0276756286621094, "lowlevel.loudness_ebu128.momentary.mean": -12.07889461517334, "lowlevel.loudness_ebu128.momentary.stdev": 0.6790987253189087, "lowlevel.loudness_ebu128.short_term.mean": -12.015680313110352, "lowlevel.loudness_ebu128.short_term.stdev": 0.37845882773399353, "lowlevel.melbands_crest.mean": 18.478736877441406, "lowlevel.melbands_crest.stdev": 6.2561235427856445, "lowlevel.melbands_flatness_db.mean": 0.18986868858337402, "lowlevel.melbands_flatness_db.stdev": 0.05058285966515541, "lowlevel.melbands_kurtosis.mean": 20.401521682739258, "lowlevel.melbands_kurtosis.stdev": 23.976436614990234, "lowlevel.melbands_skewness.mean": 3.758543014526367, "lowlevel.melbands_skewness.stdev": 1.9926825761795044, "lowlevel.melbands_spread.mean": 26.731199264526367, "lowlevel.melbands_spread.stdev": 17.514835357666016, "lowlevel.pitch_salience.mean": 0.4899500906467438, "lowlevel.pitch_salience.stdev": 0.12374579906463623, "lowlevel.silence_rate_20dB.mean": 1.0, "lowlevel.silence_rate_20dB.stdev": 0.0, "lowlevel.silence_rate_30dB.mean": 0.965068519115448, "lowlevel.silence_rate_30dB.stdev": 0.18360672891139984, "lowlevel.silence_rate_60dB.mean": 0.0020547944586724043, "lowlevel.silence_rate_60dB.stdev": 0.045283135026693344, "lowlevel.spectral_centroid.mean": 2005.2086181640625, "lowlevel.spectral_centroid.stdev": 568.885009765625, "lowlevel.spectral_complexity.mean": 30.389726638793945, "lowlevel.spectral_complexity.stdev": 7.6331706047058105, "lowlevel.spectral_decrease.mean": -1.2304743002289342e-08, "lowlevel.spectral_decrease.stdev": 8.317258881618272e-09, "lowlevel.spectral_energy.mean": 0.04925558716058731, "lowlevel.spectral_energy.stdev": 0.03166138380765915, "lowlevel.spectral_energyband_high.mean": 0.0018723858520388603, "lowlevel.spectral_energyband_high.stdev": 0.0016965277027338743, "lowlevel.spectral_energyband_low.mean": 0.029780276119709015, "lowlevel.spectral_energyband_low.stdev": 0.03002888150513172, "lowlevel.spectral_energyband_middle_high.mean": 0.006529380101710558, "lowlevel.spectral_energyband_middle_high.stdev": 0.003753052791580558, "lowlevel.spectral_energyband_middle_low.mean": 0.012348475866019726, "lowlevel.spectral_energyband_middle_low.stdev": 0.014691214077174664, "lowlevel.spectral_entropy.mean": 7.880967617034912, "lowlevel.spectral_entropy.stdev": 0.2118396759033203, "lowlevel.spectral_flux.mean": 0.12951037287712097, "lowlevel.spectral_flux.stdev": 0.07016096264123917, "lowlevel.spectral_kurtosis.mean": 2.371307373046875, "lowlevel.spectral_kurtosis.stdev": 1.1446796655654907, "lowlevel.spectral_rms.mean": 0.006626507267355919, "lowlevel.spectral_rms.stdev": 0.0020355922169983387, "lowlevel.spectral_rolloff.mean": 1660.1351318359375, "lowlevel.spectral_rolloff.stdev": 1494.2667236328125, "lowlevel.spectral_skewness.mean": 0.9193176031112671, "lowlevel.spectral_skewness.stdev": 0.2300645112991333, "lowlevel.spectral_spread.mean": 4371912.0, "lowlevel.spectral_spread.stdev": 1013791.1875, "lowlevel.spectral_strongpeak.mean": 0.6779699325561523, "lowlevel.spectral_strongpeak.stdev": 0.7276103496551514, "lowlevel.zerocrossingrate.mean": 0.0649765208363533, "lowlevel.zerocrossingrate.stdev": 0.031146101653575897, "metadata.audio_properties.analysis.equal_loudness": 0.0, "metadata.audio_properties.analysis.length": 33.855987548828125, "metadata.audio_properties.analysis.sample_rate": 44100.0, "metadata.audio_properties.analysis.start_time": 0.0, "metadata.audio_properties.bit_rate": 123654.0, "metadata.audio_properties.length": 33.85599899291992, "metadata.audio_properties.lossless": 0.0, "metadata.audio_properties.number_channels": 1.0, "metadata.audio_properties.replay_gain": -13.286100387573242, "metadata.audio_properties.sample_rate": 48000.0, "rhythm.beats_count": 101.0, "rhythm.beats_loudness.mean": 0.0592796690762043, "rhythm.beats_loudness.stdev": 0.028180675581097603, "rhythm.bpm": 178.2058868408203, "rhythm.bpm_histogram_first_peak_bpm": 178.0, "rhythm.bpm_histogram_first_peak_weight": 0.0, "rhythm.bpm_histogram_second_peak_bpm": 185.0, "rhythm.bpm_histogram_second_peak_spread": 0.0, "rhythm.bpm_histogram_second_peak_weight": 0.3700000047683716, "rhythm.danceability": 1.4895540475845337, "rhythm.onset_rate": 4.752358436584473, "tonal.chords_changes_rate": 0.04514363780617714, "tonal.chords_number_rate": 0.010943912900984287, "tonal.chords_strength.mean": 0.5531598329544067, "tonal.chords_strength.stdev": 0.0744834765791893, "tonal.hpcp_crest.mean": 12.451218605041504, "tonal.hpcp_crest.stdev": 6.195161819458008, "tonal.hpcp_entropy.mean": 2.232194185256958, "tonal.hpcp_entropy.stdev": 0.8261057734489441, "tonal.key_edma.strength": 0.5160572528839111, "tonal.key_krumhansl.strength": 0.5254819989204407, "tonal.key_temperley.strength": 0.5148209929466248, "tonal.tuning_diatonic_strength": 0.5115748643875122, "tonal.tuning_equal_tempered_deviation": 0.20246867835521698, "tonal.tuning_frequency": 434.193115234375, "tonal.tuning_nontempered_energy_ratio": 0.928384006023407, "lowlevel.barkbands.mean": [0.002024955814704299, 0.0176568403840065, 0.008982913568615913, 0.0030168872326612473, 0.004917446989566088, 0.0010591784957796335, 0.0015320408856496215, 0.000790812075138092, 0.0007063673692755401, 0.0007482133223675191, 0.0003126419323962182, 0.0003719863307196647, 0.000637922203168273, 0.0009328167070634663, 0.0006254463805817068, 0.0005429343436844647, 0.0006850530626252294, 0.0005164230242371559, 0.0008284898940473795, 0.000771618215367198, 0.0005300291231833398, 0.00047697164700366557, 0.0002576591505203396, 0.00021162943448871374, 8.351592987310141e-05, 3.374755033291876e-05, 1.116542989620939e-06], "lowlevel.barkbands.stdev": [0.0030905308667570353, 0.028368692845106125, 0.007190521340817213, 0.0030533757526427507, 0.011932853609323502, 0.0021979620214551687, 0.003708451986312866, 0.0020203059539198875, 0.0016635219799354672, 0.0013499886263161898, 0.000680144876241684, 0.0008467461448162794, 0.0010242447024211287, 0.0017489425372332335, 0.0010240557603538036, 0.000738304341211915, 0.0006186169339343905, 0.000441231852164492, 0.0006040592561475933, 0.0004987041465938091, 0.00043895552516914904, 0.00048785272520035505, 0.0003743171109817922, 0.00038799099274910986, 0.00013918738113716245, 7.99396148067899e-05, 3.6110902783548227e-06], "lowlevel.erbbands.mean": [0.7463779449462891, 3.147106647491455, 9.114523887634277, 10.900952339172363, 15.231924057006836, 16.5761775970459, 6.806309700012207, 10.04546070098877, 24.54561424255371, 16.71504783630371, 15.588973999023438, 18.870540618896484, 19.294960021972656, 18.7836856842041, 15.348479270935059, 17.625110626220703, 29.504331588745117, 50.36152648925781, 32.536739349365234, 33.675724029541016, 31.08856201171875, 36.47526168823242, 31.823183059692383, 33.524871826171875, 47.4066047668457, 35.3487434387207, 22.41721534729004, 20.60826301574707, 18.493898391723633, 11.238143920898438, 6.661162853240967, 5.116849899291992, 3.0276222229003906, 1.2542747259140015, 0.43992093205451965, 0.1818295568227768, 0.05546627193689346, 0.007864267565310001, 0.00020016971393488348, 6.57567143207416e-05], "lowlevel.erbbands.stdev": [1.3179303407669067, 4.617719650268555, 7.416006088256836, 8.253560066223145, 30.89120101928711, 42.36827850341797, 13.098209381103516, 21.307191848754883, 57.57830810546875, 32.30615234375, 37.93687057495117, 44.389583587646484, 40.88742446899414, 38.21562194824219, 34.94623947143555, 33.915863037109375, 46.31861877441406, 97.80598449707031, 41.50739288330078, 59.462215423583984, 41.13871383666992, 31.5279483795166, 26.71855926513672, 22.601455688476562, 36.289207458496094, 22.612627029418945, 17.844253540039062, 18.668170928955078, 19.009037017822266, 13.298799514770508, 9.836321830749512, 9.01712417602539, 5.737168312072754, 2.068737745285034, 0.8025131225585938, 0.39462360739707947, 0.14482097327709198, 0.02135656587779522, 0.00046134035801514983, 3.8289505027933046e-05], "lowlevel.gfcc.mean": [44.198890686035156, 74.78290557861328, -120.5868911743164, 68.30879211425781, -47.05508804321289, 22.070493698120117, -29.625890731811523, 10.273234367370605, -22.01474952697754, 3.519313097000122, -17.567798614501953, -6.055215835571289, -15.602435111999512], "lowlevel.melbands.mean": [0.005667039658874273, 0.004309429321438074, 0.0020255623385310173, 0.0012491358211264014, 0.0003022078890353441, 0.00022054376313462853, 0.00036593532422557473, 0.00017877981008496135, 0.00013226685405243188, 0.00010737152479123324, 9.349779429612681e-05, 7.666426245123148e-05, 4.683783481596038e-05, 4.652090137824416e-05, 5.392224556999281e-05, 5.978406989015639e-05, 0.0001020417403196916, 5.165226320968941e-05, 4.093765528523363e-05, 4.3702319089788944e-05, 3.580165866878815e-05, 3.6060224374523386e-05, 3.922795076505281e-05, 2.2198420992936008e-05, 2.691202098503709e-05, 3.2320684113074094e-05, 3.567365274648182e-05, 1.9958086340921e-05, 1.3939865311840549e-05, 1.2840961971960496e-05, 1.1437926332291681e-05, 1.1277837984380312e-05, 7.829119567759335e-06, 5.610476819128962e-06, 3.8498978938150685e-06, 3.2850828119990183e-06, 3.1119595860218396e-06, 2.318190126970876e-06, 1.452974515814276e-06, 9.166920449388272e-07], "lowlevel.melbands.stdev": [0.009533866308629513, 0.003279966302216053, 0.0015703921671956778, 0.0030652442947030067, 0.0005763678927905858, 0.0004627587622962892, 0.000872412754688412, 0.00037898047594353557, 0.0003005129110533744, 0.00024611401022411883, 0.00020275266433600336, 0.0001669493067311123, 0.00010020889749284834, 0.0001085355834220536, 9.45798892644234e-05, 8.682018233230338e-05, 0.00020730923279188573, 6.629793642787263e-05, 6.587950338143855e-05, 6.347636372083798e-05, 6.080238017602824e-05, 3.467119677225128e-05, 3.7787907785968855e-05, 1.75293862412218e-05, 2.002419023483526e-05, 2.6811456336872652e-05, 2.6274758056388237e-05, 1.3825661881128326e-05, 1.2567828889586963e-05, 1.1232361430302262e-05, 1.1055692084482871e-05, 1.2056988452968653e-05, 8.87010264705168e-06, 7.449524218827719e-06, 5.777514161309227e-06, 5.351242634787923e-06, 5.938115464232396e-06, 4.569000338960905e-06, 2.5990032099798555e-06, 1.5559827488687006e-06], "lowlevel.melbands128.mean": [0.0015160863986238837, 0.006653063464909792, 0.007275370415300131, 0.004164373967796564, 0.0045002843253314495, 0.0042188470251858234, 0.0022050512488931417, 0.001441408065147698, 0.0015023023588582873, 0.0016064067604020238, 0.0008608697098679841, 0.0003191092982888222, 0.00017868823488242924, 0.0002079066907754168, 0.00022232029004953802, 0.00022411778627429157, 0.00028963954537175596, 0.0005620624287985265, 0.0002240688627352938, 0.00014368041593115777, 0.00019571985467337072, 0.00012230750871822238, 0.00010847044177353382, 0.0001490640570409596, 0.00017208853387273848, 4.554364932118915e-05, 7.596339128213003e-05, 0.00013484391092788428, 5.1588707719929516e-05, 0.00012031265941914171, 6.328039307845756e-05, 3.743293564184569e-05, 4.7702997107990086e-05, 5.5280055676121265e-05, 4.3114618165418506e-05, 4.7904431994538754e-05, 4.8299527406925336e-05, 2.345472421438899e-05, 9.694827895145863e-05, 6.269912410061806e-05, 4.190544132143259e-05, 6.660354847554117e-05, 0.00011815277684945613, 0.00012315594358369708, 4.583527334034443e-05, 4.1857776523102075e-05, 5.64574875170365e-05, 2.5431914764340036e-05, 4.2886567825917155e-05, 5.750396303483285e-05, 4.2408712033648044e-05, 3.29016984323971e-05, 3.1095201848074794e-05, 4.3413758248789236e-05, 3.389308403711766e-05, 3.0512264856952243e-05, 3.709792872541584e-05, 5.478272578329779e-05, 3.385761738172732e-05, 2.571887307567522e-05, 1.9111506844637915e-05, 1.9280105334473774e-05, 2.9681426894967444e-05, 2.7795602363767102e-05, 2.5915873266058043e-05, 3.0206774681573734e-05, 3.917820504284464e-05, 3.535313226166181e-05, 3.763682616408914e-05, 3.3142649044748396e-05, 1.7699583622743376e-05, 1.460887142457068e-05, 1.5078226169862319e-05, 1.4015431588632055e-05, 1.231629812536994e-05, 1.315044573857449e-05, 1.2843845070165116e-05, 1.2508760846685618e-05, 1.0872582606680226e-05, 1.0340163498767652e-05, 1.3049929293629248e-05, 1.1048167834815104e-05, 8.922046617954038e-06, 7.864052349759731e-06, 6.4243404267472215e-06, 6.2768967836746015e-06, 5.169008545635734e-06, 4.55014560429845e-06, 3.711957106133923e-06, 3.3974220059462823e-06, 3.4856732327170903e-06, 3.1818840398045722e-06, 3.090698328378494e-06, 3.2238713174592704e-06, 3.1195352221402572e-06, 2.6372308639110997e-06, 2.1024734451202676e-06, 1.91663116311247e-06, 1.491629404881678e-06, 1.200961492031638e-06, 1.1257398000452667e-06, 8.795569215180876e-07, 6.804509098401468e-07, 5.069371695753944e-07, 4.380831057915202e-07, 4.239931001848163e-07, 4.4445411617743957e-07, 3.580741179121105e-07, 2.875767108889704e-07, 2.7525337031875097e-07, 2.4240705442934996e-07, 1.774763518369582e-07, 1.716437623144884e-07, 1.622988179406093e-07, 1.0196288968700173e-07, 9.400267941828133e-08, 4.428864386341047e-08, 5.687146309441005e-09, 2.9195364875667096e-11, 7.759136215479412e-12, 7.413703331793364e-12, 7.075858128591239e-12, 6.7654336993738795e-12, 6.5186024980623536e-12, 6.175031406346898e-12, 5.777663937556188e-12, 5.590665083654578e-12, 5.542810568165413e-12], "lowlevel.melbands128.stdev": [0.0027473571244627237, 0.01215682178735733, 0.012826059944927692, 0.006184789817780256, 0.004247279372066259, 0.0032785830553621054, 0.0020059235394001007, 0.00163457659073174, 0.003341444069519639, 0.004609552212059498, 0.002293864730745554, 0.0006793283973820508, 0.00045473742648027837, 0.0004781466268468648, 0.0006177537725307047, 0.0006374891381710768, 0.000655094743706286, 0.0016430392861366272, 0.0005720403278246522, 0.0003873817913699895, 0.0006324299029074609, 0.00041219539707526565, 0.0004087784909643233, 0.00043959726463072, 0.0005081164417788386, 0.00012626235547941178, 0.00020243311882950366, 0.0003806052845902741, 8.806843106867746e-05, 0.00032491146703250706, 0.00016307471378240734, 9.883429447654635e-05, 0.00011062782141380012, 0.0002196958230342716, 0.00017574394587427378, 0.0001291209046030417, 0.00014044868294149637, 4.364079359220341e-05, 0.00025488430401310325, 0.00010836570436367765, 7.840942998882383e-05, 0.00019523859373293817, 0.00035791780101135373, 0.00025363609893247485, 9.49908426264301e-05, 7.548840949311852e-05, 0.0001281944423681125, 5.41090703336522e-05, 0.0001102273163269274, 0.00015748215082567185, 8.187910134438425e-05, 4.470581188797951e-05, 4.0767718019196764e-05, 0.00014986985479481518, 4.160731259617023e-05, 4.2210442188661546e-05, 4.133056427235715e-05, 7.61706760386005e-05, 4.828445889870636e-05, 3.3271979191340506e-05, 1.969756885955576e-05, 1.644128860789351e-05, 3.163603469147347e-05, 2.573980418674182e-05, 2.4083392418106087e-05, 3.330368781462312e-05, 4.7232559154508635e-05, 3.773135904339142e-05, 3.313856723252684e-05, 3.24162065226119e-05, 1.5221691683109384e-05, 1.308755327045219e-05, 1.7925400243257172e-05, 1.525960396975279e-05, 1.1542475476744585e-05, 1.309340132138459e-05, 1.394945320498664e-05, 1.4039689631317742e-05, 1.207511104439618e-05, 1.1599555364227854e-05, 1.5823337889742106e-05, 1.3772282727586571e-05, 1.075866020983085e-05, 1.0421500519441906e-05, 8.213153705582954e-06, 8.656401405460201e-06, 8.09069570095744e-06, 7.333940629905555e-06, 5.991194939269917e-06, 5.60963417228777e-06, 5.942255938862218e-06, 5.684009011019953e-06, 5.777291335107293e-06, 6.907605438755127e-06, 6.4201867644442245e-06, 5.314388999977382e-06, 4.635075583792059e-06, 3.867611212626798e-06, 3.021634483957314e-06, 2.0060051610926166e-06, 1.9904764485545456e-06, 1.7400766409991775e-06, 1.3252449662104482e-06, 1.0104483862960478e-06, 9.32716602619621e-07, 9.26464679196215e-07, 9.721970855025575e-07, 7.461963491550705e-07, 7.532846666435944e-07, 7.13827432718972e-07, 6.623565127483744e-07, 4.780755489264266e-07, 4.872965746471891e-07, 5.149968842488306e-07, 3.0140935791678203e-07, 2.7764318133449706e-07, 1.3702187118269649e-07, 3.462647413243758e-08, 7.715135197372547e-10, 3.842473561554982e-11, 3.382507121618694e-11, 2.910324065075187e-11, 2.4861290109923218e-11, 2.01403078242679e-11, 1.3733515193126156e-11, 8.752550767487932e-12, 7.956448867807442e-12, 7.896329423662252e-12], "lowlevel.mfcc.mean": [-590.3635864257812, 88.56019592285156, -2.4373083114624023, 46.51425552368164, 11.431410789489746, 18.34021759033203, 7.42124605178833, 7.710587501525879, 3.071033477783203, 8.230005264282227, 3.3218634128570557, 0.7077112197875977, -2.7843518257141113], "lowlevel.spectral_contrast_coeffs.mean": [-0.6853616237640381, -0.7563523650169373, -0.7926345467567444, -0.7901110649108887, -0.7886729836463928, -0.6990283131599426], "lowlevel.spectral_contrast_coeffs.stdev": [0.06955458223819733, 0.08281680196523666, 0.06201312318444252, 0.04372366890311241, 0.030503589659929276, 0.04288572818040848], "lowlevel.spectral_contrast_valleys.mean": [-6.337008953094482, -6.866936206817627, -7.29923152923584, -7.038956642150879, -6.582720756530762, -9.785693168640137], "lowlevel.spectral_contrast_valleys.stdev": [0.6384631395339966, 0.6159770488739014, 0.5593501925468445, 0.47825175523757935, 0.46716225147247314, 0.7804248332977295], "rhythm.beats_loudness_band_ratio.mean": [0.6659698486328125, 0.1179165244102478, 0.06944917887449265, 0.047468964010477066, 0.06255385279655457, 0.07223360240459442], "rhythm.beats_loudness_band_ratio.stdev": [0.243550106883049, 0.14507423341274261, 0.0904158502817154, 0.053036075085401535, 0.05056000500917435, 0.0638565644621849], "tonal.hpcp.mean": [0.35722148418426514, 0.3953440487384796, 0.1792607307434082, 0.07791366428136826, 0.05255003646016121, 0.046750348061323166, 0.06051661819219589, 0.06029784306883812, 0.07970917224884033, 0.21889935433864594, 0.22049613296985626, 0.07199548929929733, 0.03121776320040226, 0.026451604440808296, 0.03391503915190697, 0.061144545674324036, 0.06289004534482956, 0.0360913909971714, 0.021529600024223328, 0.02030755579471588, 0.041058413684368134, 0.10235586017370224, 0.11205008625984192, 0.06971675157546997, 0.08004245907068253, 0.07298468053340912, 0.03701126202940941, 0.034515850245952606, 0.045887503772974014, 0.060027554631233215, 0.14883482456207275, 0.19718989729881287, 0.14557646214962006, 0.13976171612739563, 0.13851182162761688, 0.1565314680337906], "tonal.hpcp.stdev": [0.3853828012943268, 0.41773560643196106, 0.26597246527671814, 0.20103897154331207, 0.15569286048412323, 0.14932483434677124, 0.17039357125759125, 0.16028998792171478, 0.17240853607654572, 0.33852675557136536, 0.3394400477409363, 0.1468188464641571, 0.08519364893436432, 0.08114486932754517, 0.10547910630702972, 0.1636170744895935, 0.1582944691181183, 0.10990718007087708, 0.07498607039451599, 0.053707849234342575, 0.11947555840015411, 0.16322749853134155, 0.16624176502227783, 0.13385196030139923, 0.19272586703300476, 0.18160928785800934, 0.09731999039649963, 0.107215516269207, 0.14759798347949982, 0.1605546623468399, 0.24385584890842438, 0.3025861382484436, 0.2583470940589905, 0.27220436930656433, 0.25900712609291077, 0.2476639449596405], "rhythm.beats_position": [0.3482993245124817, 0.6849886775016785, 1.0216779708862305, 1.369977355003357, 1.7066665887832642, 2.043355941772461, 2.3684353828430176, 2.705124616622925, 3.041814088821411, 3.3668932914733887, 3.6919727325439453, 4.028662204742432, 4.36535120010376, 4.702040672302246, 5.038730144500732, 5.363809585571289, 5.700498580932617, 6.0371880531311035, 6.37387752532959, 6.710566997528076, 7.035645961761475, 7.372335433959961, 7.709024906158447, 8.034104347229004, 8.382403373718262, 8.707483291625977, 9.032562255859375, 9.357641220092773, 9.694331169128418, 10.031020164489746, 10.367709159851074, 10.704399108886719, 11.029478073120117, 11.354557991027832, 11.69124698638916, 12.027935981750488, 12.364625930786133, 12.701314926147461, 13.038003921508789, 13.374693870544434, 13.699772834777832, 14.036462783813477, 14.373151779174805, 14.721450805664062, 15.06974983215332, 15.394829750061035, 15.719908714294434, 16.04498863220215, 16.381677627563477, 16.706756591796875, 17.043445587158203, 17.368526458740234, 17.693605422973633, 18.01868438720703, 18.36698341369629, 18.703672409057617, 19.040363311767578, 19.365442276000977, 19.713741302490234, 20.038820266723633, 20.37550926208496, 20.71219825744629, 21.03727912902832, 21.37396812438965, 21.710657119750977, 22.035736083984375, 22.360815048217773, 22.709115982055664, 23.034194946289062, 23.37088394165039, 23.70757293701172, 24.032651901245117, 24.369342803955078, 24.706031799316406, 25.031110763549805, 25.367799758911133, 25.70448875427246, 26.029569625854492, 26.36625862121582, 26.70294761657715, 27.039636611938477, 27.376325607299805, 27.713014602661133, 28.049705505371094, 28.374784469604492, 28.69986343383789, 29.04816246032715, 29.373241424560547, 29.698322296142578, 30.035011291503906, 30.371700286865234, 30.708389282226562, 31.04507827758789, 31.37015724182129, 31.71845817565918, 32.04353713989258, 32.36861801147461, 32.693695068359375, 33.041996002197266, 33.36707305908203, 33.70376205444336], "rhythm.bpm_histogram": [0.0, 0.0, 0.0, 0.0, 0.0, 0.0, 0.0, 0.0, 0.0, 0.0, 0.0, 0.0, 0.0, 0.0, 0.0, 0.0, 0.0, 0.0, 0.0, 0.0, 0.0, 0.0, 0.0, 0.0, 0.0, 0.0, 0.0, 0.0, 0.0, 0.0, 0.0, 0.0, 0.0, 0.0, 0.0, 0.0, 0.0, 0.0, 0.0, 0.0, 0.0, 0.0, 0.0, 0.0, 0.0, 0.0, 0.0, 0.0, 0.0, 0.0, 0.0, 0.0, 0.0, 0.0, 0.0, 0.0, 0.0, 0.0, 0.0, 0.0, 0.0, 0.0, 0.0, 0.0, 0.0, 0.0, 0.0, 0.0, 0.0, 0.0, 0.0, 0.0, 0.0, 0.0, 0.0, 0.0, 0.0, 0.0, 0.0, 0.0, 0.0, 0.0, 0.0, 0.0, 0.0, 0.0, 0.0, 0.0, 0.0, 0.0, 0.0, 0.0, 0.0, 0.0, 0.0, 0.0, 0.0, 0.0, 0.0, 0.0, 0.0, 0.0, 0.0, 0.0, 0.0, 0.0, 0.0, 0.0, 0.0, 0.0, 0.0, 0.0, 0.0, 0.0, 0.0, 0.0, 0.0, 0.0, 0.0, 0.0, 0.0, 0.0, 0.0, 0.0, 0.0, 0.0, 0.0, 0.0, 0.0, 0.0, 0.0, 0.0, 0.0, 0.0, 0.0, 0.0, 0.0, 0.0, 0.0, 0.0, 0.0, 0.0, 0.0, 0.0, 0.0, 0.0, 0.0, 0.0, 0.0, 0.0, 0.0, 0.0, 0.0, 0.0, 0.0, 0.0, 0.0, 0.0, 0.0, 0.0, 0.0, 0.0, 0.0, 0.0, 0.0, 0.0, 0.0, 0.0, 0.0, 0.0, 0.0, 0.0, 0.10000000149011612, 0.0, 0.0, 0.0, 0.0, 0.0, 0.5299999713897705, 0.0, 0.0, 0.0, 0.0, 0.0, 0.0, 0.3700000047683716, 0.0, 0.0, 0.0, 0.0, 0.0, 0.0, 0.0, 0.0, 0.0, 0.0, 0.0, 0.0, 0.0, 0.0, 0.0, 0.0, 0.0, 0.0, 0.0, 0.0, 0.0, 0.0, 0.0, 0.0, 0.0, 0.0, 0.0, 0.0, 0.0, 0.0, 0.0, 0.0, 0.0, 0.0, 0.0, 0.0, 0.0, 0.0, 0.0, 0.0, 0.0, 0.0, 0.0, 0.0, 0.0, 0.0, 0.0, 0.0, 0.0, 0.0, 0.0, 0.0, 0.0, 0.0, 0.0, 0.0, 0.0, 0.0, 0.0, 0.0, 0.0, 0.0, 0.0, 0.0], "tonal.chords_histogram": [53.3515739440918, 27.633378982543945, 2.3255813121795654, 2.735978126525879, 0.0, 0.0, 0.0, 2.051983594894409, 0.0, 0.0, 0.0, 0.0, 0.0, 0.0, 0.0, 0.0, 1.5047879219055176, 0.0, 0.0, 0.0, 0.0, 0.0, 6.155950546264648, 4.2407660484313965], "tonal.thpcp": [1.0, 0.4534296989440918, 0.19707812368869781, 0.13292229175567627, 0.11825231462717056, 0.1530732959508896, 0.15251992642879486, 0.20161975920200348, 0.5536932945251465, 0.5577322840690613, 0.18210844695568085, 0.07896353304386139, 0.06690780818462372, 0.08578614145517349, 0.1546616107225418, 0.1590767502784729, 0.09129109233617783, 0.0544578842818737, 0.051366791129112244, 0.10385489463806152, 0.25890326499938965, 0.2834242284297943, 0.17634451389312744, 0.2024627923965454, 0.1846105456352234, 0.09361785650253296, 0.08730585873126984, 0.11606980115175247, 0.15183624625205994, 0.37646910548210144, 0.4987804889678955, 0.3682272732257843, 0.3535192012786865, 0.35035768151283264, 0.39593732357025146, 0.9035711884498596], "lowlevel.gfcc.cov": [[2266.936279296875, -153.31582641601562, 127.62226104736328, 18.54928970336914, -133.85891723632812, 64.93978118896484, -133.5125274658203, 45.479522705078125, -24.99608039855957, 85.3487319946289, -35.91559600830078, 88.79054260253906, -51.50437545776367], [-153.31582641601562, 671.383544921875, -287.93157958984375, -22.48228645324707, 80.71422576904297, -99.3277359008789, 178.17221069335938, 7.663120746612549, 103.62455749511719, -32.76493835449219, 110.57489013671875, -60.65755081176758, 69.312744140625], [127.62226104736328, -287.93157958984375, 451.1430358886719, 84.29965209960938, -38.67795944213867, 16.722585678100586, -123.27107238769531, 20.34765625, -34.157188415527344, 53.29191207885742, -28.090333938598633, 83.07843017578125, -12.385041236877441], [18.54928970336914, -22.48228645324707, 84.29965209960938, 241.02911376953125, 68.58151245117188, 21.276107788085938, 22.445472717285156, 16.337251663208008, 47.19070053100586, 6.852957248687744, 11.217371940612793, -5.791421413421631, 45.1082878112793], [-133.85891723632812, 80.71422576904297, -38.67795944213867, 68.58151245117188, 196.1953582763672, 95.6764144897461, 116.75023651123047, 32.446449279785156, 35.19770812988281, -6.329789161682129, 18.561325073242188, -8.437952041625977, 26.97808837890625], [64.93978118896484, -99.3277359008789, 16.722585678100586, 21.276107788085938, 95.6764144897461, 233.9507598876953, 123.7026138305664, 39.70066833496094, -8.680413246154785, -4.770342826843262, -1.672716736793518, 1.2763354778289795, 2.452855348587036], [-133.5125274658203, 178.17221069335938, -123.27107238769531, 22.445472717285156, 116.75023651123047, 123.7026138305664, 259.1934509277344, 76.78343200683594, 73.5135726928711, 1.0895394086837769, 51.60245132446289, -20.33536148071289, 29.795812606811523], [45.479522705078125, 7.663120746612549, 20.34765625, 16.337251663208008, 32.446449279785156, 39.70066833496094, 76.78343200683594, 139.5668487548828, 82.64405822753906, 50.14570236206055, 24.921833038330078, 0.04736197367310524, 9.871164321899414], [-24.99608039855957, 103.62455749511719, -34.157188415527344, 47.19070053100586, 35.19770812988281, -8.680413246154785, 73.5135726928711, 82.64405822753906, 149.5036163330078, 74.16854095458984, 53.51554489135742, -15.375279426574707, 23.487865447998047], [85.3487319946289, -32.76493835449219, 53.29191207885742, 6.852957248687744, -6.329789161682129, -4.770342826843262, 1.0895394086837769, 50.14570236206055, 74.16854095458984, 125.33968353271484, 52.187076568603516, 19.161457061767578, -7.137942314147949], [-35.91559600830078, 110.57489013671875, -28.090333938598633, 11.217371940612793, 18.561325073242188, -1.672716736793518, 51.60245132446289, 24.921833038330078, 53.51554489135742, 52.187076568603516, 103.5127944946289, 21.485721588134766, 22.996313095092773], [88.79054260253906, -60.65755081176758, 83.07843017578125, -5.791421413421631, -8.437952041625977, 1.2763354778289795, -20.33536148071289, 0.04736197367310524, -15.375279426574707, 19.161457061767578, 21.485721588134766, 83.1689224243164, 25.501218795776367], [-51.50437545776367, 69.312744140625, -12.385041236877441, 45.1082878112793, 26.97808837890625, 2.452855348587036, 29.795812606811523, 9.871164321899414, 23.487865447998047, -7.137942314147949, 22.996313095092773, 25.501218795776367, 80.59009552001953]], "lowlevel.gfcc.icov": [[0.0006905152695253491, -0.0008267697994597256, 0.0004671804199460894, -0.0008434427436441183, 0.000881082727573812, -0.0012888847850263119, 0.00103003007825464, -0.0006950635579414666, 0.00023052039614412934, -0.0008605963084846735, 0.0012594745494425297, -0.0019773675594478846, 0.0012677646009251475], [-0.0008267697994597256, 0.006018038839101791, -0.00045587492058984935, 0.0028501690831035376, -0.002664754865691066, 0.005600934848189354, -0.004426425788551569, 0.0021995522547513247, -0.0016158303478732705, 0.0037076727021485567, -0.006211539264768362, 0.006388005334883928, -0.004730539862066507], [0.0004671804199460894, -0.00045587492058984935, 0.005062393844127655, -0.00306331948377192, 0.0010933734010905027, -0.001844316953793168, 0.0026486790738999844, -0.0022808746434748173, 0.0012761164689436555, -0.0022393513936549425, 0.002458644798025489, -0.006061147432774305, 0.002819579327479005], [-0.0008434427436441183, 0.0028501690831035376, -0.00306331948377192, 0.0084944237023592, -0.0036888946779072285, 0.00302392290905118, -0.0021611147094517946, 0.0027260740753263235, -0.0031790342181921005, 0.00299749244004488, -0.003891595872119069, 0.007449981290847063, -0.006662656553089619], [0.000881082727573812, -0.002664754865691066, 0.0010933734010905027, -0.0036888946779072285, 0.01005120761692524, -0.005112994462251663, 0.00010455570736667141, -0.0010446839733049273, -1.4761827515030745e-05, -0.0013847410446032882, 0.0032600853592157364, -0.004337431397289038, 0.002291852841153741], [-0.0012888847850263119, 0.005600934848189354, -0.001844316953793168, 0.00302392290905118, -0.005112994462251663, 0.013479000888764858, -0.008781015872955322, 0.0013136687921360135, 0.002271992387250066, 0.002014937810599804, -0.004721843171864748, 0.007244501728564501, -0.0046586222015321255], [0.00103003007825464, -0.004426425788551569, 0.0026486790738999844, -0.0021611147094517946, 0.00010455570736667141, -0.008781015872955322, 0.013883196748793125, -0.004860555287450552, -0.0018679045606404543, 0.0002456641523167491, 0.0012777105439454317, -0.005448826123028994, 0.003702424233779311], [-0.0006950635579414666, 0.0021995522547513247, -0.0022808746434748173, 0.0027260740753263235, -0.0010446839733049273, 0.0013136687921360135, -0.004860555287450552, 0.014474388211965561, -0.007512519136071205, 0.0002586802584119141, -0.0006841798895038664, 0.0029579345136880875, -0.0024068024940788746], [0.00023052039614412934, -0.0016158303478732705, 0.0012761164689436555, -0.0031790342181921005, -1.4761827515030745e-05, 0.002271992387250066, -0.0018679045606404543, -0.007512519136071205, 0.02058948576450348, -0.010766934603452682, -4.939968857797794e-05, 0.003839588724076748, -0.0030961697921156883], [-0.0008605963084846735, 0.0037076727021485567, -0.0022393513936549425, 0.00299749244004488, -0.0013847410446032882, 0.002014937810599804, 0.0002456641523167491, 0.0002586802584119141, -0.010766934603452682, 0.021074911579489708, -0.010910578072071075, 0.001241637859493494, 0.0022440229076892138], [0.0012594745494425297, -0.006211539264768362, 0.002458644798025489, -0.003891595872119069, 0.0032600853592157364, -0.004721843171864748, 0.0012777105439454317, -0.0006841798895038664, -4.939968857797794e-05, -0.010910578072071075, 0.024056673049926758, -0.01268936600536108, 0.0035658974666148424], [-0.0019773675594478846, 0.006388005334883928, -0.006061147432774305, 0.007449981290847063, -0.004337431397289038, 0.007244501728564501, -0.005448826123028994, 0.0029579345136880875, 0.003839588724076748, 0.001241637859493494, -0.01268936600536108, 0.032265499234199524, -0.016573486849665642], [0.0012677646009251475, -0.004730539862066507, 0.002819579327479005, -0.006662656553089619, 0.002291852841153741, -0.0046586222015321255, 0.003702424233779311, -0.0024068024940788746, -0.0030961697921156883, 0.0022440229076892138, 0.0035658974666148424, -0.016573486849665642, 0.025078315287828445]], "lowlevel.mfcc.cov": [[1317.557373046875, -84.51022338867188, 133.48159790039062, -32.97697067260742, -7.437055587768555, -0.03186913579702377, -54.474666595458984, -19.73394203186035, -9.09814453125, -3.95853328704834, 33.84572982788086, 4.253177642822266, 7.32742166519165], [-84.51022338867188, 533.3722534179688, -236.1192169189453, 20.203670501708984, -90.13211059570312, -50.474700927734375, 32.59488296508789, 22.741098403930664, 4.188545227050781, 27.6490478515625, 34.31537628173828, 20.787473678588867, 18.331663131713867], [133.48159790039062, -236.1192169189453, 390.2744140625, 26.963605880737305, 61.702049255371094, -24.88492774963379, -64.76605987548828, -45.02013397216797, -32.32073974609375, -46.468910217285156, -22.2967586517334, 1.8207159042358398, 18.869874954223633], [-32.97697067260742, 20.203670501708984, 26.963605880737305, 215.8025360107422, 44.960548400878906, -11.536154747009277, -31.630817413330078, -15.902519226074219, 32.86880111694336, 7.386767387390137, -4.0095391273498535, 26.295156478881836, 40.17855453491211], [-7.437055587768555, -90.13211059570312, 61.702049255371094, 44.960548400878906, 132.62940979003906, 33.751556396484375, 2.615762710571289, 2.8409347534179688, 10.637426376342773, 7.252107620239258, -10.939382553100586, -5.391355991363525, -3.9394290447235107], [-0.03186913579702377, -50.474700927734375, -24.88492774963379, -11.536154747009277, 33.751556396484375, 164.71142578125, 98.19609069824219, 55.86922073364258, 24.78175926208496, 10.229055404663086, 15.757819175720215, -4.406222343444824, -33.364139556884766], [-54.474666595458984, 32.59488296508789, -64.76605987548828, -31.630817413330078, 2.615762710571289, 98.19609069824219, 161.31591796875, 97.9493637084961, 36.48306655883789, 25.737794876098633, 26.200353622436523, 10.125619888305664, -19.483089447021484], [-19.73394203186035, 22.741098403930664, -45.02013397216797, -15.902519226074219, 2.8409347534179688, 55.86922073364258, 97.9493637084961, 127.18247985839844, 58.34873580932617, 28.58418083190918, 15.405290603637695, -0.35919901728630066, -12.322096824645996], [-9.09814453125, 4.188545227050781, -32.32073974609375, 32.86880111694336, 10.637426376342773, 24.78175926208496, 36.48306655883789, 58.34873580932617, 113.0119400024414, 62.72578048706055, 34.36100387573242, 20.677324295043945, 15.627816200256348], [-3.95853328704834, 27.6490478515625, -46.468910217285156, 7.386767387390137, 7.252107620239258, 10.229055404663086, 25.737794876098633, 28.58418083190918, 62.72578048706055, 106.28238677978516, 63.3773307800293, 31.766448974609375, 19.93486213684082], [33.84572982788086, 34.31537628173828, -22.2967586517334, -4.0095391273498535, -10.939382553100586, 15.757819175720215, 26.200353622436523, 15.405290603637695, 34.36100387573242, 63.3773307800293, 101.35543060302734, 56.58051300048828, 18.844614028930664], [4.253177642822266, 20.787473678588867, 1.8207159042358398, 26.295156478881836, -5.391355991363525, -4.406222343444824, 10.125619888305664, -0.35919901728630066, 20.677324295043945, 31.766448974609375, 56.58051300048828, 88.23477935791016, 49.0708122253418], [7.32742166519165, 18.331663131713867, 18.869874954223633, 40.17855453491211, -3.9394290447235107, -33.364139556884766, -19.483089447021484, -12.322096824645996, 15.627816200256348, 19.93486213684082, 18.844614028930664, 49.0708122253418, 88.76006317138672]], "lowlevel.mfcc.icov": [[0.0008264606003649533, -1.574784050717426e-06, -0.0002810353471431881, 0.00016096308536361903, 0.00013793361722491682, -0.00028217487852089107, 0.000541095098014921, -0.00022053069551475346, -7.941468425087805e-07, 0.00014052941696718335, -0.0005782252410426736, 0.00024677501642145216, -0.00013789422519039363], [-1.574784050717426e-06, 0.003147020936012268, 0.001739374129101634, -0.000987636623904109, 0.0011288115056231618, 0.0015187396202236414, -0.0009768498130142689, -0.00040307632298208773, 0.0009748797165229917, 0.00018284634279552847, -0.0011381723452359438, 0.000455245201010257, -0.000444683333626017], [-0.0002810353471431881, 0.001739374129101634, 0.0042916289530694485, -0.00037888469523750246, -0.0012138199526816607, 0.000926093605812639, 0.0004350221424829215, -0.0002515390224289149, 0.0005661897012032568, 0.0019206998404115438, -0.0011273865820840001, 1.7076023141271435e-05, -0.0010232431814074516], [0.00016096308536361903, -0.000987636623904109, -0.00037888469523750246, 0.006499505136162043, -0.0023581571877002716, -0.0007731218356639147, 0.0015311014140024781, 0.0008834173204377294, -0.002942788414657116, 0.0009698579669930041, 0.0014543660217896104, -0.0017275128047913313, -0.0016608255682513118], [0.00013793361722491682, 0.0011288115056231618, -0.0012138199526816607, -0.0023581571877002716, 0.010543067939579487, -0.002180076204240322, 0.0001887585676740855, -0.00015839916886761785, 0.0007300190627574921, -0.003039340255782008, 0.0021201984491199255, 8.308310498250648e-05, 0.0008068981114774942], [-0.00028217487852089107, 0.0015187396202236414, 0.000926093605812639, -0.0007731218356639147, -0.002180076204240322, 0.011987313628196716, -0.007520716637372971, 0.0010389802046120167, -0.0009100381867028773, 0.0017672082176432014, -0.0022909946274012327, 0.000821818015538156, 0.002560684224590659], [0.000541095098014921, -0.0009768498130142689, 0.0004350221424829215, 0.0015311014140024781, 0.0001887585676740855, -0.007520716637372971, 0.01811184547841549, -0.010745618492364883, 0.0020213574171066284, -0.0007161847315728664, -8.048552263062447e-05, -0.003287957049906254, 0.0006765520083718002], [-0.00022053069551475346, -0.00040307632298208773, -0.0002515390224289149, 0.0008834173204377294, -0.00015839916886761785, 0.0010389802046120167, -0.010745618492364883, 0.019241726025938988, -0.008202030323445797, 0.0009013770031742752, 0.0008840569062158465, 0.002014108933508396, 0.0003915682027582079], [-7.941468425087805e-07, 0.0009748797165229917, 0.0005661897012032568, -0.002942788414657116, 0.0007300190627574921, -0.0009100381867028773, 0.0020213574171066284, -0.008202030323445797, 0.018606036901474, -0.0088662039488554, 0.00025040432228706777, -0.0003155352605972439, -0.0011575405951589346], [0.00014052941696718335, 0.00018284634279552847, 0.0019206998404115438, 0.0009698579669930041, -0.003039340255782008, 0.0017672082176432014, -0.0007161847315728664, 0.0009013770031742752, -0.0088662039488554, 0.022349268198013306, -0.01246432401239872, 0.0033325511030852795, -0.003053927095606923], [-0.0005782252410426736, -0.0011381723452359438, -0.0011273865820840001, 0.0014543660217896104, 0.0021201984491199255, -0.0022909946274012327, -8.048552263062447e-05, 0.0008840569062158465, 0.00025040432228706777, -0.01246432401239872, 0.025842415168881416, -0.014823920093476772, 0.004666222259402275], [0.00024677501642145216, 0.000455245201010257, 1.7076023141271435e-05, -0.0017275128047913313, 8.308310498250648e-05, 0.000821818015538156, -0.003287957049906254, 0.002014108933508396, -0.0003155352605972439, 0.0033325511030852795, -0.014823920093476772, 0.027259303256869316, -0.012081445194780827], [-0.00013789422519039363, -0.000444683333626017, -0.0010232431814074516, -0.0016608255682513118, 0.0008068981114774942, 0.002560684224590659, 0.0006765520083718002, 0.0003915682027582079, -0.0011575405951589346, -0.003053927095606923, 0.004666222259402275, -0.0120814451947