{"song_id": "1182273260575014962", "download": "https://cdn.discordapp.com/attachments/1128313332273782784/1182273260575014962/chirp.mp4?ex=658418c6&amp", "lyrics": "There was a man from White Church, his name was Philly More \nBy the age of only twenty, he had his hair no more \nHe used to rock it long, wild and free\nBut now he's sportin' that shiny dome, for all to see (ooh-yeah)\nBut he don't care, he's just showin' off his style\n\n\nOh Philly More, where'd your locks go? (where'd they go?)\nYou traded in your hair for that smooth, bald glow (shiny and bald)\nBut it don't matter, you're still rockin' the show (rockin' it)\nPhilly More, oh-oh, Philly More, woah-oh (you've got the groove)", "style": ["jazz"], "essentia_features": {"lowlevel.average_loudness": 0.985018253326416, "lowlevel.barkbands_crest.mean": 13.783805847167969, "lowlevel.barkbands_crest.stdev": 3.790296792984009, "lowlevel.barkbands_flatness_db.mean": 0.2692643105983734, "lowlevel.barkbands_flatness_db.stdev": 0.06933474540710449, "lowlevel.barkbands_kurtosis.mean": 34.658180236816406, "lowlevel.barkbands_kurtosis.stdev": 33.568790435791016, "lowlevel.barkbands_skewness.mean": 4.47369909286499, "lowlevel.barkbands_skewness.stdev": 2.103975296020508, "lowlevel.barkbands_spread.mean": 12.012425422668457, "lowlevel.barkbands_spread.stdev": 13.526400566101074, "lowlevel.dissonance.mean": 0.4571463465690613, "lowlevel.dissonance.stdev": 0.03632870689034462, "lowlevel.dynamic_complexity": 1.3577960729599, "lowlevel.erbbands_crest.mean": 10.35238265991211, "lowlevel.erbbands_crest.stdev": 4.418806076049805, "lowlevel.erbbands_flatness_db.mean": 0.15654107928276062, "lowlevel.erbbands_flatness_db.stdev": 0.039608433842659, "lowlevel.erbbands_kurtosis.mean": 2.4915003776550293, "lowlevel.erbbands_kurtosis.stdev": 7.519308567047119, "lowlevel.erbbands_skewness.mean": 0.8403105735778809, "lowlevel.erbbands_skewness.stdev": 1.5247957706451416, "lowlevel.erbbands_spread.mean": 68.4842300415039, "lowlevel.erbbands_spread.stdev": 37.4162483215332, "lowlevel.hfc.mean": 21.6483154296875, "lowlevel.hfc.stdev": 21.418577194213867, "lowlevel.loudness_ebu128.integrated": -14.03443717956543, "lowlevel.loudness_ebu128.loudness_range": 0.5281963348388672, "lowlevel.loudness_ebu128.momentary.mean": -14.10941219329834, "lowlevel.loudness_ebu128.momentary.stdev": 0.8526639938354492, "lowlevel.loudness_ebu128.short_term.mean": -14.013998985290527, "lowlevel.loudness_ebu128.short_term.stdev": 0.1762787401676178, "lowlevel.melbands_crest.mean": 18.344017028808594, "lowlevel.melbands_crest.stdev": 3.5541064739227295, "lowlevel.melbands_flatness_db.mean": 0.3495199382305145, "lowlevel.melbands_flatness_db.stdev": 0.08710456639528275, "lowlevel.melbands_kurtosis.mean": 104.39410400390625, "lowlevel.melbands_kurtosis.stdev": 88.13238525390625, "lowlevel.melbands_skewness.mean": 7.093723773956299, "lowlevel.melbands_skewness.stdev": 3.151421546936035, "lowlevel.melbands_spread.mean": 6.477647304534912, "lowlevel.melbands_spread.stdev": 9.835821151733398, "lowlevel.pitch_salience.mean": 0.48871907591819763, "lowlevel.pitch_salience.stdev": 0.10128317028284073, "lowlevel.silence_rate_20dB.mean": 1.0, "lowlevel.silence_rate_20dB.stdev": 0.0, "lowlevel.silence_rate_30dB.mean": 0.8323244452476501, "lowlevel.silence_rate_30dB.stdev": 0.3735809326171875, "lowlevel.silence_rate_60dB.mean": 0.004842615220695734, "lowlevel.silence_rate_60dB.stdev": 0.06941958516836166, "lowlevel.spectral_centroid.mean": 806.0535888671875, "lowlevel.spectral_centroid.stdev": 694.5831909179688, "lowlevel.spectral_complexity.mean": 10.88680362701416, "lowlevel.spectral_complexity.stdev": 9.836261749267578, "lowlevel.spectral_decrease.mean": -1.9009425145100067e-08, "lowlevel.spectral_decrease.stdev": 1.4097344624985908e-08, "lowlevel.spectral_energy.mean": 0.07370947301387787, "lowlevel.spectral_energy.stdev": 0.05397047847509384, "lowlevel.spectral_energyband_high.mean": 0.001389856799505651, "lowlevel.spectral_energyband_high.stdev": 0.0023180993739515543, "lowlevel.spectral_energyband_low.mean": 0.057742711156606674, "lowlevel.spectral_energyband_low.stdev": 0.05236952751874924, "lowlevel.spectral_energyband_middle_high.mean": 0.0019034359138458967, "lowlevel.spectral_energyband_middle_high.stdev": 0.0025183241814374924, "lowlevel.spectral_energyband_middle_low.mean": 0.016862282529473305, "lowlevel.spectral_energyband_middle_low.stdev": 0.011898872442543507, "lowlevel.spectral_entropy.mean": 7.1692047119140625, "lowlevel.spectral_entropy.stdev": 0.6650922298431396, "lowlevel.spectral_flux.mean": 0.09656693786382675, "lowlevel.spectral_flux.stdev": 0.08977531641721725, "lowlevel.spectral_kurtosis.mean": 3.171692371368408, "lowlevel.spectral_kurtosis.stdev": 2.8265416622161865, "lowlevel.spectral_rms.mean": 0.008097467944025993, "lowlevel.spectral_rms.stdev": 0.002518487861379981, "lowlevel.spectral_rolloff.mean": 443.73779296875, "lowlevel.spectral_rolloff.stdev": 1017.114501953125, "lowlevel.spectral_skewness.mean": 1.4252961874008179, "lowlevel.spectral_skewness.stdev": 0.6184110641479492, "lowlevel.spectral_spread.mean": 6255313.5, "lowlevel.spectral_spread.stdev": 1965358.875, "lowlevel.spectral_strongpeak.mean": 0.7177149653434753, "lowlevel.spectral_strongpeak.stdev": 0.30527549982070923, "lowlevel.zerocrossingrate.mean": 0.03200133889913559, "lowlevel.zerocrossingrate.stdev": 0.028006181120872498, "metadata.audio_properties.analysis.equal_loudness": 0.0, "metadata.audio_properties.analysis.length": 38.31360626220703, "metadata.audio_properties.analysis.sample_rate": 44100.0, "metadata.audio_properties.analysis.start_time": 0.0, "metadata.audio_properties.bit_rate": 108150.0, "metadata.audio_properties.length": 38.314666748046875, "metadata.audio_properties.lossless": 0.0, "metadata.audio_properties.number_channels": 1.0, "metadata.audio_properties.replay_gain": -10.1888427734375, "metadata.audio_properties.sample_rate": 48000.0, "rhythm.beats_count": 68.0, "rhythm.beats_loudness.mean": 0.09458603709936142, "rhythm.beats_loudness.stdev": 0.06182689592242241, "rhythm.bpm": 108.13410186767578, "rhythm.bpm_histogram_first_peak_bpm": 108.0, "rhythm.bpm_histogram_first_peak_weight": 0.2539682388305664, "rhythm.bpm_histogram_second_peak_bpm": 103.0, "rhythm.bpm_histogram_second_peak_spread": 0.3333333730697632, "rhythm.bpm_histogram_second_peak_weight": 0.02985074557363987, "rhythm.danceability": 2.285392999649048, "rhythm.onset_rate": 5.6082844734191895, "tonal.chords_changes_rate": 0.10399032384157181, "tonal.chords_number_rate": 0.01692865788936615, "tonal.chords_strength.mean": 0.4677935540676117, "tonal.chords_strength.stdev": 0.09321992099285126, "tonal.hpcp_crest.mean": 12.502886772155762, "tonal.hpcp_crest.stdev": 5.249225616455078, "tonal.hpcp_entropy.mean": 2.133857011795044, "tonal.hpcp_entropy.stdev": 0.7854323387145996, "tonal.key_edma.strength": 0.5178557634353638, "tonal.key_krumhansl.strength": 0.5255572199821472, "tonal.key_temperley.strength": 0.5251551270484924, "tonal.tuning_diatonic_strength": 0.45318925380706787, "tonal.tuning_equal_tempered_deviation": 0.1670529842376709, "tonal.tuning_frequency": 443.57257080078125, "tonal.tuning_nontempered_energy_ratio": 0.8009165525436401, "lowlevel.barkbands.mean": [0.00027361439424566925, 0.03840239346027374, 0.014956863597035408, 0.009370210580527782, 0.005848770961165428, 0.0004360191524028778, 0.0004299915162846446, 0.0003016798582393676, 0.000325958855682984, 0.00033437684760428965, 0.00012582512863446027, 0.00018676342733670026, 0.00016182557737920433, 0.00012894775136373937, 0.00015778544184286147, 0.0001174772551166825, 0.00012205747771076858, 0.00016744970344007015, 0.0003001039440277964, 0.0003373463114257902, 0.0003405052120797336, 0.0002588240313343704, 0.00020318792667239904, 0.00015006835747044533, 0.0002122334117302671, 5.9302787121851e-05, 2.2582553604877376e-09], "lowlevel.barkbands.stdev": [0.0006111477850936353, 0.04319298267364502, 0.01684308610856533, 0.008198891766369343, 0.005492239724844694, 0.0009645033278502524, 0.0017219362780451775, 0.001374524086713791, 0.0009159879991784692, 0.000965991523116827, 0.00046710247988812625, 0.0006900547305122018, 0.0006558741442859173, 0.00037810919457115233, 0.0005186439957469702, 0.00030779873486608267, 0.00025603536050766706, 0.0003723932895809412, 0.0006665705004706979, 0.0006917906575836241, 0.0006806977326050401, 0.0005040210671722889, 0.0004169359162915498, 0.0002936715609394014, 0.00033376249484717846, 0.00012339082604739815, 3.4445868379862077e-09], "lowlevel.erbbands.mean": [0.7085373997688293, 9.767269134521484, 20.154582977294922, 23.764331817626953, 34.65083694458008, 10.359952926635742, 6.369287967681885, 3.620640754699707, 5.174202919006348, 7.5890913009643555, 6.100224018096924, 6.679137706756592, 11.378846168518066, 8.330065727233887, 5.202521800994873, 8.406891822814941, 8.035307884216309, 7.019432544708252, 8.195210456848145, 6.575589179992676, 7.100342273712158, 7.173686981201172, 8.09945297241211, 12.63488483428955, 17.047157287597656, 16.02303695678711, 13.738774299621582, 12.584417343139648, 9.416886329650879, 8.081277847290039, 5.316596984863281, 3.5277605056762695, 2.345776081085205, 1.888693928718567, 1.8008652925491333, 0.6044125556945801, 0.02128160558640957, 0.0006317078368738294, 8.320583583554253e-05, 8.972260548034683e-05], "lowlevel.erbbands.stdev": [1.1339809894561768, 10.394014358520508, 19.44340705871582, 22.44427490234375, 29.407485961914062, 10.176685333251953, 9.601757049560547, 8.589960098266602, 16.25811004638672, 37.8064079284668, 22.909656524658203, 20.381319046020508, 24.083160400390625, 35.54375457763672, 13.07915210723877, 32.11503982543945, 32.93458557128906, 18.163366317749023, 25.664514541625977, 21.489681243896484, 17.553979873657227, 14.870209693908691, 18.056079864501953, 27.23240089416504, 38.18474197387695, 32.591552734375, 27.51620864868164, 25.518457412719727, 18.53929901123047, 16.441503524780273, 10.992071151733398, 7.120240211486816, 4.446208953857422, 3.1566498279571533, 2.9485325813293457, 1.1473857164382935, 0.04227697104215622, 0.0011369087733328342, 8.997167606139556e-05, 6.33300660410896e-05], "lowlevel.gfcc.mean": [-22.514299392700195, 89.735595703125, -60.37434387207031, 84.48394012451172, -45.51846694946289, 34.75137710571289, -31.20237922668457, 11.236141204833984, -36.11412048339844, -2.909623861312866, -19.2282772064209, -11.763078689575195, -4.4004106521606445], "lowlevel.melbands.mean": [0.008704491890966892, 0.011583538725972176, 0.004671783652156591, 0.0015123119810596108, 0.00024945518816821277, 7.91309357737191e-05, 8.332485595019534e-05, 8.069562318269163e-05, 4.7905356041155756e-05, 4.488541526370682e-05, 5.645304190693423e-05, 3.3755430195014924e-05, 1.661551505094394e-05, 2.1345846107578836e-05, 1.838840398704633e-05, 1.5818601241335273e-05, 1.2648706615436822e-05, 1.2614303159352858e-05, 1.060500926541863e-05, 7.688967343710829e-06, 8.254382919403724e-06, 7.352369266300229e-06, 7.078192084009061e-06, 7.78315279603703e-06, 1.0316643965779804e-05, 1.1625474144238979e-05, 1.2681251064350363e-05, 1.0171233952860348e-05, 7.906699465820566e-06, 9.275346201320644e-06, 6.6609864006750286e-06, 5.5037658057699446e-06, 4.643852662411518e-06, 4.429493401403306e-06, 3.259304321545642e-06, 2.261200052089407e-06, 2.086061613226775e-06, 1.6585303228566772e-06, 1.316516318183858e-06, 1.7050880387614598e-06], "lowlevel.melbands.stdev": [0.011148275807499886, 0.010338600724935532, 0.0035847353283315897, 0.0013205133145675063, 0.0003252411261200905, 0.00018248488777317107, 0.00028265867149457335, 0.00039650252438150346, 0.0001869729458121583, 0.0001296667760470882, 0.00012113075354136527, 0.0001506703847553581, 4.894898665952496e-05, 7.487721450161189e-05, 6.755496724508703e-05, 5.5671898735454306e-05, 3.638246198534034e-05, 4.125212217331864e-05, 3.5003500670427456e-05, 2.2504364096676e-05, 2.0835641407757066e-05, 1.6120604414027184e-05, 1.649506521061994e-05, 1.7324500731774606e-05, 2.2982492737355642e-05, 2.7204127036384307e-05, 2.7469430278870277e-05, 2.1385680156527087e-05, 1.6822534234961495e-05, 1.9076824173680507e-05, 1.3969057363283355e-05, 1.117855299526127e-05, 9.408749974681996e-06, 9.412564395461231e-06, 6.951578143343795e-06, 4.622057076630881e-06, 4.318305855122162e-06, 3.305228347016964e-06, 2.411027480775374e-06, 2.9010411708441097e-06], "lowlevel.melbands128.mean": [0.00023235187109094113, 0.0037896756548434496, 0.012233210727572441, 0.018132375553250313, 0.012627506628632545, 0.006579095497727394, 0.004452035296708345, 0.004993819631636143, 0.003920829389244318, 0.0008944279979914427, 0.0003673136525321752, 0.0003733776102308184, 0.00022832829563412815, 7.741158333374187e-05, 7.302498852368444e-05, 8.570697536924854e-05, 7.226567686302587e-05, 8.340549538843334e-05, 9.613473957870156e-05, 9.044710895977914e-05, 7.400326285278425e-05, 4.933205127599649e-05, 4.817418084712699e-05, 4.1060491639655083e-05, 3.4341424907324836e-05, 4.5772045268677175e-05, 6.898569699842483e-05, 6.760124233551323e-05, 3.3938784326892346e-05, 3.9571168599650264e-05, 3.4337484976276755e-05, 2.0391826183185913e-05, 1.4181126971379854e-05, 1.4855160770821385e-05, 1.6339183275704272e-05, 2.4467242837999947e-05, 2.973513437609654e-05, 9.106210200116038e-06, 2.14023075386649e-05, 1.955599509528838e-05, 1.3545130968850572e-05, 1.1511720003909431e-05, 1.4711226867802907e-05, 1.1901372090505902e-05, 9.339631105831359e-06, 1.2836817404604517e-05, 1.772038740455173e-05, 8.464001439278945e-06, 9.745801435201429e-06, 8.543636795366183e-06, 5.467028586281231e-06, 9.207134098687675e-06, 9.468922144151293e-06, 7.102620656951331e-06, 7.339424428209895e-06, 8.060274922172539e-06, 6.484088316938141e-06, 7.223447482829215e-06, 7.44654926165822e-06, 6.4048344938782975e-06, 6.946504072402604e-06, 9.411400242242962e-06, 1.0774328075058293e-05, 1.0995082448062021e-05, 8.695235010236502e-06, 1.1120905583084095e-05, 1.4413089957088232e-05, 1.1878521036123857e-05, 1.344120846624719e-05, 1.2114724995626602e-05, 9.781209882930852e-06, 9.661291187512688e-06, 8.224748853535857e-06, 7.052502041915432e-06, 8.02676186140161e-06, 1.0774812835734338e-05, 9.483743269811384e-06, 6.288112217589514e-06, 7.0449523263960145e-06, 5.667796813213499e-06, 6.293922524491791e-06, 5.4381671361625195e-06, 3.774870720008039e-06, 5.029938620282337e-06, 4.733140940516023e-06, 4.555336545308819e-06, 4.265517418389209e-06, 4.20325159211643e-06, 3.102149776168517e-06, 2.8580827802215936e-06, 2.2688991521135904e-06, 1.9963579234172357e-06, 2.370627498748945e-06, 2.3810659968148684e-06, 1.6314471622536075e-06, 1.594519062564359e-06, 1.7547182551425067e-06, 1.7418519746570382e-06, 1.0500750704522943e-06, 1.3610828091259464e-06, 1.3494194490704103e-06, 1.897013703455741e-06, 1.8470549321136787e-06, 1.967693606275134e-06, 2.291795681230724e-06, 2.2968126813793788e-06, 1.6627483319098246e-06, 1.8779949186864542e-06, 1.0446962050991715e-06, 3.9897844317238196e-07, 4.229143257816759e-08, 4.7590795887453297e-11, 1.3721733818639059e-11, 1.2450791266049865e-11, 1.1840136510121724e-11, 1.1363879455494885e-11, 1.0964154063819453e-11, 1.0602005384718893e-11, 1.0299685583581297e-11, 1.0006396752859636e-11, 9.766229491781075e-12, 9.582651512574092e-12, 9.349507279488023e-12, 9.183496844922256e-12, 9.011776568035312e-12, 8.813774363125582e-12, 8.694130484987461e-12, 8.639904763851902e-12], "lowlevel.melbands128.stdev": [0.0005645317141897976, 0.007888948544859886, 0.018078774213790894, 0.018680447712540627, 0.012642213143408298, 0.008168608881533146, 0.005363885313272476, 0.004394315183162689, 0.0038166085723787546, 0.0011493994388729334, 0.0005558184930123389, 0.0004854882718063891, 0.0004205734294373542, 0.0002470430335961282, 0.00023531523765996099, 0.00023603785666637123, 0.00020305748330429196, 0.0003927720827050507, 0.0005305494996719062, 0.0006038748542778194, 0.00045780622167512774, 0.0002593610843177885, 0.0002646368520800024, 0.00022517678735312074, 0.000181794268428348, 0.00016487955872435123, 0.00019693246576935053, 0.00019634619820863008, 0.0001056039473041892, 0.0002414584014331922, 0.00019503463408909738, 0.00011389260907890275, 5.0537077186163515e-05, 5.787211921415292e-05, 8.392874588025734e-05, 0.00010662271961336955, 0.00016670818149577826, 3.4441924071870744e-05, 0.0001362959446851164, 0.00010641845437930897, 6.0671063693007454e-05, 4.8376470658695325e-05, 6.168743129819632e-05, 3.917308640666306e-05, 5.46090304851532e-05, 5.3449497499968857e-05, 9.531646355753765e-05, 3.069380181841552e-05, 5.714313738280907e-05, 3.861783989123069e-05, 1.9763876480283216e-05, 3.4715532819973305e-05, 2.956206299131736e-05, 2.117180520144757e-05, 1.8570754036772996e-05, 2.1706862753489986e-05, 1.5988418454071507e-05, 1.8613731299410574e-05, 2.018096529354807e-05, 1.900524330267217e-05, 1.6504483937751502e-05, 2.298783692822326e-05, 2.681976002349984e-05, 2.7916676117456518e-05, 2.2853642803966068e-05, 2.9108754461049102e-05, 3.958600063924678e-05, 2.9473369068000466e-05, 3.2776988518889993e-05, 3.0057832191232592e-05, 2.3066946596372873e-05, 2.3466351194656454e-05, 2.157506787625607e-05, 1.652543323871214e-05, 1.78679074451793e-05, 2.3537886590929702e-05, 2.1734516849392094e-05, 1.5292609532480128e-05, 1.6589410734013654e-05, 1.1737326531147119e-05, 1.441060612705769e-05, 1.178344973595813e-05, 8.175579750968609e-06, 1.094737854145933e-05, 1.0266408025927376e-05, 1.0459747500135563e-05, 1.00029483292019e-05, 9.911719644151162e-06, 7.094784905348206e-06, 6.73772001391626e-06, 5.013944246456958e-06, 4.360695584182395e-06, 5.273977876640856e-06, 5.213718395680189e-06, 3.77517403649108e-06, 3.631746039900463e-06, 3.704095661305473e-06, 3.342046056786785e-06, 2.3020645585347665e-06, 2.693694796107593e-06, 2.702149913602625e-06, 3.564439566616784e-06, 3.1070990189618897e-06, 3.1798815598449437e-06, 4.374895979708526e-06, 4.314964371587848e-06, 3.0235528356570285e-06, 3.95155802834779e-06, 2.4001481051527662e-06, 1.1234096746193245e-06, 1.339568456160123e-07, 6.762989612774106e-10, 2.5710596845973654e-11, 1.921641665236784e-11, 1.7923591430490937e-11, 1.7215886702337535e-11, 1.6650422360320327e-11, 1.6138257397102507e-11, 1.567371926691763e-11, 1.52558399940661e-11, 1.4884928359326643e-11, 1.456136253241702e-11, 1.4258772981778911e-11, 1.4012099640303699e-11, 1.3805102894171029e-11, 1.3638967559514992e-11, 1.3518733008033301e-11, 1.3444792154593266e-11], "lowlevel.mfcc.mean": [-677.265869140625, 102.59889221191406, 52.76124954223633, 60.0084228515625, 24.035415649414062, 27.089435577392578, 22.553077697753906, 11.040729522705078, 5.9061150550842285, 3.687478542327881, -1.8953142166137695, -7.3407440185546875, -4.0680036544799805], "lowlevel.spectral_contrast_coeffs.mean": [-0.6212801933288574, -0.7791174650192261, -0.7780517339706421, -0.8129593729972839, -0.8059648871421814, -0.7640466094017029], "lowlevel.spectral_contrast_coeffs.stdev": [0.050093911588191986, 0.08184343576431274, 0.08847858756780624, 0.06176935136318207, 0.039040565490722656, 0.04420044645667076], "lowlevel.spectral_contrast_valleys.mean": [-6.247359752655029, -7.810891628265381, -8.38429069519043, -8.484519004821777, -7.818324565887451, -10.03819751739502], "lowlevel.spectral_contrast_valleys.stdev": [0.6203373670578003, 0.8017643094062805, 0.7917748689651489, 0.8450403809547424, 0.9610269665718079, 0.9847486019134521], "rhythm.beats_loudness_band_ratio.mean": [0.8930941820144653, 0.0621030330657959, 0.015359212644398212, 0.014208067208528519, 0.012628637254238129, 0.04030562564730644], "rhythm.beats_loudness_band_ratio.stdev": [0.08715967833995819, 0.07965072244405746, 0.027843864634633064, 0.0333649218082428, 0.015262286178767681, 0.048012036830186844], "tonal.hpcp.mean": [0.026061031967401505, 0.026460278779268265, 0.02690284326672554, 0.031041786074638367, 0.047706376761198044, 0.1016555204987526, 0.11122700572013855, 0.0708841010928154, 0.12223178148269653, 0.09938005357980728, 0.018146483227610588, 0.02553301490843296, 0.03194601461291313, 0.02449595369398594, 0.06777777522802353, 0.09084935486316681, 0.04128866270184517, 0.015553761273622513, 0.014465976506471634, 0.030119536444544792, 0.16012509167194366, 0.21735766530036926, 0.09613076597452164, 0.032632987946271896, 0.04463543742895126, 0.07194880396127701, 0.292315274477005, 0.35659560561180115, 0.12544283270835876, 0.037895072251558304, 0.029253356158733368, 0.013264955021440983, 0.010663416236639023, 0.012427715584635735, 0.01636815071105957, 0.02459186501801014], "tonal.hpcp.stdev": [0.10068690776824951, 0.12256655097007751, 0.128426656126976, 0.13989879190921783, 0.16414077579975128, 0.25799989700317383, 0.2817341685295105, 0.17751111090183258, 0.30915895104408264, 0.26587244868278503, 0.0878034308552742, 0.10044827312231064, 0.11912567913532257, 0.11111842840909958, 0.2059580534696579, 0.2664591670036316, 0.13519518077373505, 0.09468423575162888, 0.08243909478187561, 0.10654502362012863, 0.2983030080795288, 0.3952926695346832, 0.20079712569713593, 0.13481299579143524, 0.16783402860164642, 0.20002645254135132, 0.3646963834762573, 0.4511318504810333, 0.1998162716627121, 0.11342494189739227, 0.09439507871866226, 0.06853296607732773, 0.06783904135227203, 0.0801376923918724, 0.08150661736726761, 0.10062173008918762], "rhythm.beats_position": [0.5224489569664001, 1.0681178569793701, 1.6021767854690552, 2.14784574508667, 2.693514585494995, 3.250793695449829, 3.808072566986084, 4.36535120010376, 4.922630310058594, 5.479909420013428, 6.025578022003174, 6.571247100830078, 7.128525733947754, 7.685804843902588, 8.243083953857422, 8.800362586975098, 9.346031188964844, 9.891700744628906, 10.448979377746582, 11.006258010864258, 11.56353759765625, 12.120816230773926, 12.678094863891602, 13.235373497009277, 13.79265308380127, 14.349931716918945, 14.907210350036621, 15.464489936828613, 16.01015853881836, 16.555828094482422, 17.11310577392578, 17.670385360717773, 18.227664947509766, 18.784942626953125, 19.342222213745117, 19.899499893188477, 20.44516944885254, 21.00244903564453, 21.55972671508789, 22.117006301879883, 22.662675857543945, 23.219953536987305, 23.777233123779297, 24.33451271057129, 24.88018035888672, 25.42584991455078, 25.983129501342773, 26.540407180786133, 27.097686767578125, 27.654966354370117, 28.212244033813477, 28.76952362060547, 29.326801300048828, 29.87247085571289, 30.418140411376953, 30.975418090820312, 31.532697677612305, 32.0899772644043, 32.647254943847656, 33.20453643798828, 33.7850341796875, 34.38875198364258, 35.015689849853516, 35.59619140625, 36.15346908569336, 36.71074676513672, 37.268028259277344, 37.8253059387207], "rhythm.bpm_histogram": [0.0, 0.0, 0.0, 0.0, 0.0, 0.0, 0.0, 0.0, 0.0, 0.0, 0.0, 0.0, 0.0, 0.0, 0.0, 0.0, 0.0, 0.0, 0.0, 0.0, 0.0, 0.0, 0.0, 0.0, 0.0, 0.0, 0.0, 0.0, 0.0, 0.0, 0.0, 0.0, 0.0, 0.0, 0.0, 0.0, 0.0, 0.0, 0.0, 0.0, 0.0, 0.0, 0.0, 0.0, 0.0, 0.0, 0.0, 0.0, 0.0, 0.0, 0.0, 0.0, 0.0, 0.0, 0.0, 0.0, 0.0, 0.0, 0.0, 0.0, 0.0, 0.0, 0.0, 0.0, 0.0, 0.0, 0.0, 0.0, 0.0, 0.0, 0.0, 0.0, 0.0, 0.0, 0.0, 0.0, 0.0, 0.0, 0.0, 0.0, 0.0, 0.0, 0.0, 0.0, 0.0, 0.0, 0.0, 0.0, 0.0, 0.0, 0.0, 0.0, 0.0, 0.0, 0.0, 0.0, 0.014925372786819935, 0.0, 0.0, 0.014925372786819935, 0.0, 0.0, 0.0, 0.02985074557363987, 0.0, 0.0, 0.0, 0.0, 0.7014925479888916, 0.0, 0.2238806039094925, 0.0, 0.014925372786819935, 0.0, 0.0, 0.0, 0.0, 0.0, 0.0, 0.0, 0.0, 0.0, 0.0, 0.0, 0.0, 0.0, 0.0, 0.0, 0.0, 0.0, 0.0, 0.0, 0.0, 0.0, 0.0, 0.0, 0.0, 0.0, 0.0, 0.0, 0.0, 0.0, 0.0, 0.0, 0.0, 0.0, 0.0, 0.0, 0.0, 0.0, 0.0, 0.0, 0.0, 0.0, 0.0, 0.0, 0.0, 0.0, 0.0, 0.0, 0.0, 0.0, 0.0, 0.0, 0.0, 0.0, 0.0, 0.0, 0.0, 0.0, 0.0, 0.0, 0.0, 0.0, 0.0, 0.0, 0.0, 0.0, 0.0, 0.0, 0.0, 0.0, 0.0, 0.0, 0.0, 0.0, 0.0, 0.0, 0.0, 0.0, 0.0, 0.0, 0.0, 0.0, 0.0, 0.0, 0.0, 0.0, 0.0, 0.0, 0.0, 0.0, 0.0, 0.0, 0.0, 0.0, 0.0, 0.0, 0.0, 0.0, 0.0, 0.0, 0.0, 0.0, 0.0, 0.0, 0.0, 0.0, 0.0, 0.0, 0.0, 0.0, 0.0, 0.0, 0.0, 0.0, 0.0, 0.0, 0.0, 0.0, 0.0, 0.0, 0.0, 0.0, 0.0, 0.0, 0.0, 0.0, 0.0, 0.0, 0.0, 0.0, 0.0, 0.0, 0.0, 0.0, 0.0, 0.0, 0.0, 0.0], "tonal.chords_histogram": [11.366384506225586, 7.496976852416992, 4.474002361297607, 1.5719467401504517, 3.8694074153900146, 1.9347037076950073, 0.7255139350891113, 15.961305618286133, 2.5392987728118896, 4.23216438293457, 0.0, 0.48367592692375183, 6.529624938964844, 0.0, 0.0, 0.0, 0.36275696754455566, 0.0, 0.0, 0.0, 1.8137847185134888, 7.496976852416992, 18.258766174316406, 10.882708549499512], "tonal.thpcp": [1.0, 0.35177895426750183, 0.10626903921365738, 0.08203510195016861, 0.03719887509942055, 0.029903385788202286, 0.03485100716352463, 0.04590115696191788, 0.06896289438009262, 0.07308287173509598, 0.07420247793197632, 0.0754435658454895, 0.08705038577318192, 0.13378284871578217, 0.2850722670555115, 0.31191354990005493, 0.19878007471561432, 0.3427742123603821, 0.27869120240211487, 0.05088812857866287, 0.07160215824842453, 0.08958611637353897, 0.06869392842054367, 0.1900690197944641, 0.25476858019828796, 0.11578567326068878, 0.0436173677444458, 0.04056689515709877, 0.08446412533521652, 0.4490383267402649, 0.6095354557037354, 0.2695792317390442, 0.09151259064674377, 0.1251710206270218, 0.20176582038402557, 0.8197388648986816], "lowlevel.gfcc.cov": [[4640.11181640625, -975.7110595703125, -912.5573120117188, 220.40628051757812, -346.4586486816406, 7.050934314727783, -277.6255798339844, 324.6487121582031, 16.320663452148438, 243.98928833007812, -148.77166748046875, 110.77096557617188, -192.13211059570312], [-975.7110595703125, 1244.783935546875, -25.93145179748535, -496.8081970214844, 88.66825866699219, -4.035562038421631, 290.6712341308594, -141.6658477783203, 72.04730224609375, -153.76416015625, 120.97914123535156, -158.5666046142578, 117.48738098144531], [-912.5573120117188, -25.93145179748535, 909.2565307617188, 183.6292724609375, 87.82474517822266, -25.2412166595459, -8.70482063293457, 20.972225189208984, -76.06571960449219, -17.34014129638672, -29.451128005981445, 66.43335723876953, 6.100371360778809], [220.40628051757812, -496.8081970214844, 183.6292724609375, 700.660888671875, 89.03031921386719, -104.14309692382812, -139.89659118652344, -24.527406692504883, 43.26483917236328, -8.041614532470703, -0.048413410782814026, 58.25465774536133, 13.507970809936523], [-346.4586486816406, 88.66825866699219, 87.82474517822266, 89.03031921386719, 346.2296447753906, 73.1314468383789, 23.655771255493164, -40.109500885009766, -20.566898345947266, 1.4049016237258911, 4.775360584259033, -12.636300086975098, 42.83795928955078], [7.050934314727783, -4.035562038421631, -25.2412166595459, -104.14309692382812, 73.1314468383789, 279.3382568359375, 144.19874572753906, -50.68803787231445, -80.8880386352539, -3.8745365142822266, 18.915977478027344, -57.67153549194336, -6.702218055725098], [-277.6255798339844, 290.6712341308594, -8.70482063293457, -139.89659118652344, 23.655771255493164, 144.19874572753906, 294.4883728027344, -5.4681396484375, -49.5479621887207, -75.09123992919922, 33.42170333862305, -69.14630126953125, 26.174711227416992], [324.6487121582031, -141.6658477783203, 20.972225189208984, -24.527406692504883, -40.109500885009766, -50.68803787231445, -5.4681396484375, 202.03273010253906, 35.59037399291992, 15.78543472290039, -66.07037353515625, 40.466529846191406, -23.94245147705078], [16.320663452148438, 72.04730224609375, -76.06571960449219, 43.26483917236328, -20.566898345947266, -80.8880386352539, -49.5479621887207, 35.59037399291992, 159.54208374023438, 10.805912017822266, -5.84902811050415, -13.370381355285645, 15.651494026184082], [243.98928833007812, -153.76416015625, -17.34014129638672, -8.041614532470703, 1.4049016237258911, -3.8745365142822266, -75.09123992919922, 15.78543472290039, 10.805912017822266, 130.21368408203125, 7.582314968109131, 18.00083351135254, -38.88869857788086], [-148.77166748046875, 120.97914123535156, -29.451128005981445, -0.048413410782814026, 4.775360584259033, 18.915977478027344, 33.42170333862305, -66.07037353515625, -5.84902811050415, 7.582314968109131, 126.05117797851562, -19.156654357910156, 5.64713716506958], [110.77096557617188, -158.5666046142578, 66.43335723876953, 58.25465774536133, -12.636300086975098, -57.67153549194336, -69.14630126953125, 40.466529846191406, -13.370381355285645, 18.00083351135254, -19.156654357910156, 104.96599578857422, -2.605940103530884], [-192.13211059570312, 117.48738098144531, 6.100371360778809, 13.507970809936523, 42.83795928955078, -6.702218055725098, 26.174711227416992, -23.94245147705078, 15.651494026184082, -38.88869857788086, 5.64713716506958, -2.605940103530884, 81.51195526123047]], "lowlevel.gfcc.icov": [[0.0009369105682708323, -0.0022428056690841913, 0.0015889669302850962, -0.0027251357678323984, 0.001846160041168332, -0.002719191601499915, 0.0021052006632089615, -0.003091217251494527, 0.002646205248311162, -0.0026953481137752533, 0.001813024515286088, -0.0014075080398470163, 0.0010312979575246572], [-0.0022428056690841913, 0.012602127157151699, -0.005279830656945705, 0.012661685235798359, -0.007728271652013063, 0.012577797286212444, -0.01004383247345686, 0.012355131097137928, -0.011927484534680843, 0.011422056704759598, -0.00836438499391079, 0.007199337240308523, -0.004654456861317158], [0.0015889669302850962, -0.005279830656945705, 0.004301982931792736, -0.006193992681801319, 0.0035224640741944313, -0.005591991823166609, 0.0043542771600186825, -0.006374268792569637, 0.006344846449792385, -0.005536576267331839, 0.004122206941246986, -0.0036955582909286022, 0.002214920474216342], [-0.0027251357678323984, 0.012661685235798359, -0.006193992681801319, 0.015009262599050999, -0.008738784119486809, 0.013265730813145638, -0.00961273442953825, 0.01355478074401617, -0.013070470653474331, 0.012808241881430149, -0.008979659527540207, 0.006660314742475748, -0.004490049090236425], [0.001846160041168332, -0.007728271652013063, 0.0035224640741944313, -0.008738784119486809, 0.008836081251502037, -0.009263502433896065, 0.006531936582177877, -0.008220397867262363, 0.00804184190928936, -0.0085182785987854, 0.005677166394889355, -0.004019450396299362, 0.0006278391228988767], [-0.002719191601499915, 0.012577797286212444, -0.005591991823166609, 0.013265730813145638, -0.009263502433896065, 0.019610458984971046, -0.01319321058690548, 0.014310370199382305, -0.01007250789552927, 0.010299177840352058, -0.007735911291092634, 0.008944899775087833, -0.0037279485259205103], [0.0021052006632089615, -0.01004383247345686, 0.0043542771600186825, -0.00961273442953825, 0.006531936582177877, -0.01319321058690548, 0.0155571810901165, -0.012880012392997742, 0.010978120379149914, -0.005897650960832834, 0.004337473772466183, -0.0028103841468691826, 0.0020974797662347555], [-0.003091217251494527, 0.012355131097137928, -0.006374268792569637, 0.01355478074401617, -0.008220397867262363, 0.014310370199382305, -0.012880012392997742, 0.021724482998251915, -0.015035958029329777, 0.011184372007846832, -0.004735080525279045, 0.0036994339898228645, -0.002180306240916252], [0.002646205248311162, -0.011927484534680843, 0.006344846449792385, -0.013070470653474331, 0.00804184190928936, -0.01007250789552927, 0.010978120379149914, -0.015035958029329777, 0.021427983418107033, -0.012688188813626766, 0.00774168549105525, -0.0027587278746068478, 0.0013315093237906694], [-0.0026953481137752533, 0.011422056704759598, -0.005536576267331839, 0.012808241881430149, -0.0085182785987854, 0.010299177840352058, -0.005897650960832834, 0.011184372007846832, -0.012688188813626766, 0.022874964401125908, -0.010367059148848057, 0.005505582317709923, 0.00022196910867933184], [0.001813024515286088, -0.00836438499391079, 0.004122206941246986, -0.008979659527540207, 0.005677166394889355, -0.007735911291092634, 0.004337473772466183, -0.004735080525279045, 0.00774168549105525, -0.010367059148848057, 0.01641375944018364, -0.005215219222009182, 0.003369330195710063], [-0.0014075080398470163, 0.007199337240308523, -0.0036955582909286022, 0.006660314742475748, -0.004019450396299362, 0.008944899775087833, -0.0028103841468691826, 0.0036994339898228645, -0.0027587278746068478, 0.005505582317709923, -0.005215219222009182, 0.019298482686281204, -0.005549943074584007], [0.0010312979575246572, -0.004654456861317158, 0.002214920474216342, -0.004490049090236425, 0.0006278391228988767, -0.0037279485259205103, 0.0020974797662347555, -0.002180306240916252, 0.0013315093237906694, 0.00022196910867933184, 0.003369330195710063, -0.005549943074584007, 0.019474975764751434]], "lowlevel.mfcc.cov": [[5070.7314453125, -1354.1217041015625, -794.6677856445312, -50.05998229980469, -165.99241638183594, -270.5304260253906, -307.8171081542969, -56.34756851196289, 30.561445236206055, 72.2766342163086, 114.88800048828125, 136.80996704101562, 27.87449836730957], [-1354.1217041015625, 1488.4989013671875, -39.593116760253906, -377.6269836425781, -166.2479705810547, 8.342830657958984, 157.18942260742188, 35.36747741699219, 29.027603149414062, 48.885520935058594, -12.862492561340332, -67.8880844116211, -8.530797958374023], [-794.6677856445312, -39.593116760253906, 633.5242309570312, 165.27328491210938, 34.36854553222656, 17.107397079467773, 35.41889572143555, 34.277584075927734, -20.827573776245117, -37.98438262939453, -17.47210693359375, -6.649714469909668, -10.631465911865234], [-50.05998229980469, -377.6269836425781, 165.27328491210938, 538.3075561523438, 205.9474334716797, -12.302946090698242, -90.91802215576172, 6.9475812911987305, 4.7492876052856445, -51.824745178222656, -35.06827926635742, 18.260536193847656, 19.571269989013672], [-165.99241638183594, -166.2479705810547, 34.36854553222656, 205.9474334716797, 310.1137390136719, 56.032188415527344, -39.97161865234375, -34.49222183227539, 9.319220542907715, -23.088735580444336, -20.603961944580078, 3.984839677810669, 20.354881286621094], [-270.5304260253906, 8.342830657958984, 17.107397079467773, -12.302946090698242, 56.032188415527344, 269.2025146484375, 154.1984405517578, -14.384234428405762, -35.98772048950195, 16.025293350219727, -1.7910760641098022, -29.969263076782227, -38.38288497924805], [-307.8171081542969, 157.18942260742188, 35.41889572143555, -90.91802215576172, -39.97161865234375, 154.1984405517578, 301.8973083496094, 63.241485595703125, -31.199316024780273, 38.98043441772461, 1.0335649251937866, -47.36643981933594, -41.57714080810547], [-56.34756851196289, 35.36747741699219, 34.277584075927734, 6.9475812911987305, -34.49222183227539, -14.384234428405762, 63.241485595703125, 142.18846130371094, 56.15851974487305, -4.486243724822998, -6.446089267730713, -10.860989570617676, -26.285608291625977], [30.561445236206055, 29.027603149414062, -20.827573776245117, 4.7492876052856445, 9.319220542907715, -35.98772048950195, -31.199316024780273, 56.15851974487305, 137.13035583496094, 22.5600528717041, -8.151467323303223, -8.158947944641113, -13.335052490234375], [72.2766342163086, 48.885520935058594, -37.98438262939453, -51.824745178222656, -23.088735580444336, 16.025293350219727, 38.98043441772461, -4.486243724822998, 22.5600528717041, 101.79930877685547, 30.86119842529297, -10.927907943725586, -17.961584091186523], [114.88800048828125, -12.862492561340332, -17.47210693359375, -35.06827926635742, -20.603961944580078, -1.7910760641098022, 1.0335649251937866, -6.446089267730713, -8.151467323303223, 30.86119842529297, 83.21177673339844, 27.99213981628418, -6.733187675476074], [136.80996704101562, -67.8880844116211, -6.649714469909668, 18.260536193847656, 3.984839677810669, -29.969263076782227, -47.36643981933594, -10.860989570617676, -8.158947944641113, -10.927907943725586, 27.99213981628418, 84.87576293945312, 37.72551345825195], [27.87449836730957, -8.530797958374023, -10.631465911865234, 19.571269989013672, 20.354881286621094, -38.38288497924805, -41.57714080810547, -26.285608291625977, -13.335052490234375, -17.961584091186523, -6.733187675476074, 37.72551345825195, 90.83551025390625]], "lowlevel.mfcc.icov": [[0.0004449181433301419, 0.00046176722389645875, 0.0005154811078682542, 8.256782166427001e-05, 0.00029778116731904447, 0.0002933167270384729, 8.294612052850425e-05, -1.9750996216316707e-05, -6.8234344325901475e-06, -0.00028121029026806355, -0.0001446898386348039, -0.00020642459276132286, 5.7241381000494584e-05], [0.00046176722389645875, 0.0013682122807949781, 0.0004420011828187853, 0.0006585479713976383, 0.00037982361391186714, 0.00047255054232664406, -0.0002758151094894856, 2.9036782507319003e-05, -0.00028339706477709115, -0.0003343417192809284, 1.4476244359684642e-05, 0.0003207634435966611, -0.00034650290035642684], [0.0005154811078682542, 0.0004420011828187853, 0.0024169529788196087, -0.0005992130609229207, 0.0004860159242525697, 0.0003837427357211709, -0.00022711527708452195, -0.0002758146438281983, 0.00028425909113138914, 0.00017638332792557776, -0.00021200573246460408, -0.00023154178052209318, 0.00032184383599087596], [8.256782166427001e-05, 0.0006585479713976383, -0.0005992130609229207, 0.0034022147301584482, -0.001807040418498218, 0.00019906929810531437, 0.0007265141466632485, -0.0010544222313910723, 0.0004457435861695558, -2.4340313757420518e-05, 0.0008737659081816673, -0.00018714497855398804, -4.707830157713033e-05], [0.00029778116731904447, 0.00037982361391186714, 0.0004860159242525697, -0.001807040418498218, 0.00530941691249609, -0.0013751356163993478, 0.0003268381115049124, 0.0013726761098951101, -0.001379681983962655, 0.00040088771493174136, -0.00010227484017377719, 0.00031302502611652017, -0.0010943516390398145], [0.0002933167270384729, 0.00047255054232664406, 0.0003837427357211709, 0.00019906929810531437, -0.0013751356163993478, 0.006928460672497749, -0.003952882718294859, 0.002414802787825465, 6.312324694590643e-05, 0.00033332096063531935, 0.00014156976249068975, -0.0005575506365858018, 0.00239889370277524], [8.294612052850425e-05, -0.0002758151094894856, -0.00022711527708452195, 0.0007265141466632485, 0.0003268381115049124, -0.003952882718294859, 0.007830358110368252, -0.005056724417954683, 0.0033139241859316826, -0.0029094067867845297, 0.0002933900977950543, 0.0019583511166274548, -0.0007375958375632763], [-1.9750996216316707e-05, 2.9036782507319003e-05, -0.0002758146438281983, -0.0010544222313910723, 0.0013726761098951101, 0.002414802787825465, -0.005056724417954683, 0.012967667542397976, -0.006363965570926666, 0.003632295411080122, -0.00031390582444146276, -0.0013426592340692878, 0.0026727933436632156], [-6.8234344325901475e-06, -0.00028339706477709115, 0.00028425909113138914, 0.0004457435861695558, -0.001379681983962655, 6.312324694590643e-05, 0.0033139241859316826, -0.006363965570926666, 0.011810503900051117, -0.004477039445191622, 0.0021013966761529446, 0.00035088410368189216, 0.0007824100321158767], [-0.00028121029026806355, -0.0003343417192809284, 0.00017638332792557776, -2.4340313757420518e-05, 0.00040088771493174136, 0.00033332096063531935, -0.0029094067867845297, 0.003632295411080122, -0.004477039445191622, 0.014651104807853699, -0.0057472228072583675, 0.002153913490474224, 0.000770457845646888], [-0.0001446898386348039, 1.4476244359684642e-05, -0.00021200573246460408, 0.0008737659081816673, -0.00010227484017377719, 0.00014156976249068975, 0.0002933900977950543, -0.00031390582444146276, 0.0021013966761529446, -0.0057472228072583675, 0.017759501934051514, -0.007818675599992275, 0.003694583661854267], [-0.00020642459276132286, 0.0003207634435966611, -0.00023154178052209318, -0.00018714497855398804, 0.00031302502611652017, -0.0005575506365858018, 0.0019583511166274548, -0.0013426592340692878, 0.00035088410368189216, 0.002153913490474224, -0.007818675599992275, 0.01950044371187687, -0.007892207242548466], [5.7241381000494584e-05, -0.00034650290035642684, 0.00032184383599087596, -4.707830157713033e-05, -0.0010943516390398145, 0.00239889370277524, -0.0007375958375632763, 0.0026727933436632156, 0.0007824100321158767, 0.000770457845646888, 0.003694583661854267, -0.007892207242548466, 0.016520172357559204]], "metadata.audio_properties.analysis.downmix": "mix", "metadata.audio_properties.codec": "mp3", "metadata.audio_properties.md5_encoded": "8517e1f5e7806a5180a538627cdfd019", "