{"song_id": "1182272490152669257", "download": "https://cdn.discordapp.com/attachments/1128313332273782784/1182272490152669257/chirp.mp4?ex=6584180f&amp", "lyrics": "[Verse]\nYo, ich r\u00e4pp' straight aus der Hood\nFlex mit meinem Stil, keiner bringt's besser wie ich, Bruder\nHolla, holla, check mal meine Kundschaft\n10 Tausend Euro Couch, nur f\u00fcr den Loungepart\n\nIva, Iva, Ivan, was geht ab?\nWir ballern Jacky Dose, keine halben Sachen gemacht\nBljad, Pusher im Block, wir sind die Nummer 1\nIn der E-Klasse cruisend, wir lassen alles liegen, Mann!\n\n[Verse]\nYo, ich r\u00e4pp' straight aus der Hood\nFlex mit meinem Stil, keiner bringt's besser wie ich, Bruder\nHolla, holla, check mal meine Kundschaft\n10 Tausend Euro Couch, nur f\u00fcr den Loungepart\n\nIva, Iva, Ivan, was geht ab?\nWir ballern Jacky Dose, keine halben Sachen gemacht\nBljad, Pusher im Block, wir sind die Nummer 1\nIn der E-Klasse cruisend, wir lassen alles liegen,", "style": ["christmas"], "essentia_features": {"lowlevel.average_loudness": 0.44313544034957886, "lowlevel.barkbands_crest.mean": 16.53421401977539, "lowlevel.barkbands_crest.stdev": 6.023924827575684, "lowlevel.barkbands_flatness_db.mean": 0.2950974702835083, "lowlevel.barkbands_flatness_db.stdev": 0.07633627951145172, "lowlevel.barkbands_kurtosis.mean": 23.712074279785156, "lowlevel.barkbands_kurtosis.stdev": 48.26524353027344, "lowlevel.barkbands_skewness.mean": 2.9957635402679443, "lowlevel.barkbands_skewness.stdev": 3.329011917114258, "lowlevel.barkbands_spread.mean": 8.655542373657227, "lowlevel.barkbands_spread.stdev": 6.707481861114502, "lowlevel.dissonance.mean": 0.4311230778694153, "lowlevel.dissonance.stdev": 0.05775180831551552, "lowlevel.dynamic_complexity": 4.3560662269592285, "lowlevel.erbbands_crest.mean": 11.941431045532227, "lowlevel.erbbands_crest.stdev": 4.9674506187438965, "lowlevel.erbbands_flatness_db.mean": 0.26478567719459534, "lowlevel.erbbands_flatness_db.stdev": 0.11910377442836761, "lowlevel.erbbands_kurtosis.mean": 0.9905083775520325, "lowlevel.erbbands_kurtosis.stdev": 2.2859747409820557, "lowlevel.erbbands_skewness.mean": -0.0791582316160202, "lowlevel.erbbands_skewness.stdev": 0.8053187727928162, "lowlevel.erbbands_spread.mean": 30.028059005737305, "lowlevel.erbbands_spread.stdev": 25.82921600341797, "lowlevel.hfc.mean": 19.42546272277832, "lowlevel.hfc.stdev": 18.312875747680664, "lowlevel.loudness_ebu128.integrated": -16.148447036743164, "lowlevel.loudness_ebu128.loudness_range": 16.2049560546875, "lowlevel.loudness_ebu128.momentary.mean": -20.435827255249023, "lowlevel.loudness_ebu128.momentary.stdev": 6.695249557495117, "lowlevel.loudness_ebu128.short_term.mean": -19.614055633544922, "lowlevel.loudness_ebu128.short_term.stdev": 5.692442417144775, "lowlevel.melbands_crest.mean": 22.554309844970703, "lowlevel.melbands_crest.stdev": 9.433218002319336, "lowlevel.melbands_flatness_db.mean": 0.3555810749530792, "lowlevel.melbands_flatness_db.stdev": 0.10036677122116089, "lowlevel.melbands_kurtosis.mean": 56.44779586791992, "lowlevel.melbands_kurtosis.stdev": 98.21761322021484, "lowlevel.melbands_skewness.mean": 4.435492038726807, "lowlevel.melbands_skewness.stdev": 4.73802375793457, "lowlevel.melbands_spread.mean": 11.049141883850098, "lowlevel.melbands_spread.stdev": 12.003355026245117, "lowlevel.pitch_salience.mean": 0.3798460364341736, "lowlevel.pitch_salience.stdev": 0.19708935916423798, "lowlevel.silence_rate_20dB.mean": 0.9704518914222717, "lowlevel.silence_rate_20dB.stdev": 0.16933703422546387, "lowlevel.silence_rate_30dB.mean": 0.4658169150352478, "lowlevel.silence_rate_30dB.stdev": 0.49882781505584717, "lowlevel.silence_rate_60dB.mean": 0.21378910541534424, "lowlevel.silence_rate_60dB.stdev": 0.4099821448326111, "lowlevel.spectral_centroid.mean": 1146.3104248046875, "lowlevel.spectral_centroid.stdev": 574.0498657226562, "lowlevel.spectral_complexity.mean": 12.761877059936523, "lowlevel.spectral_complexity.stdev": 7.726912975311279, "lowlevel.spectral_decrease.mean": -2.5026208660960947e-08, "lowlevel.spectral_decrease.stdev": 2.557177225526175e-08, "lowlevel.spectral_energy.mean": 0.0962165966629982, "lowlevel.spectral_energy.stdev": 0.09763193130493164, "lowlevel.spectral_energyband_high.mean": 0.0003824463638011366, "lowlevel.spectral_energyband_high.stdev": 0.0010561600793153048, "lowlevel.spectral_energyband_low.mean": 0.08333832770586014, "lowlevel.spectral_energyband_low.stdev": 0.09214513748884201, "lowlevel.spectral_energyband_middle_high.mean": 0.006317037157714367, "lowlevel.spectral_energyband_middle_high.stdev": 0.008351536467671394, "lowlevel.spectral_energyband_middle_low.mean": 0.007327354978770018, "lowlevel.spectral_energyband_middle_low.stdev": 0.015902303159236908, "lowlevel.spectral_entropy.mean": 6.960131645202637, "lowlevel.spectral_entropy.stdev": 0.7103912234306335, "lowlevel.spectral_flux.mean": 0.07287035137414932, "lowlevel.spectral_flux.stdev": 0.07183080166578293, "lowlevel.spectral_kurtosis.mean": 21.635032653808594, "lowlevel.spectral_kurtosis.stdev": 29.990921020507812, "lowlevel.spectral_rms.mean": 0.007929685525596142, "lowlevel.spectral_rms.stdev": 0.005566864740103483, "lowlevel.spectral_rolloff.mean": 822.5443725585938, "lowlevel.spectral_rolloff.stdev": 1004.5419921875, "lowlevel.spectral_skewness.mean": 2.5863876342773438, "lowlevel.spectral_skewness.stdev": 1.7207896709442139, "lowlevel.spectral_spread.mean": 3061622.75, "lowlevel.spectral_spread.stdev": 2038018.875, "lowlevel.spectral_strongpeak.mean": 1.154478907585144, "lowlevel.spectral_strongpeak.stdev": 1.0552880764007568, "lowlevel.zerocrossingrate.mean": 0.034536704421043396, "lowlevel.zerocrossingrate.stdev": 0.03240091726183891, "metadata.audio_properties.analysis.equal_loudness": 0.0, "metadata.audio_properties.analysis.length": 40.04265213012695, "metadata.audio_properties.analysis.sample_rate": 44100.0, "metadata.audio_properties.analysis.start_time": 0.0, "metadata.audio_properties.bit_rate": 112134.0, "metadata.audio_properties.length": 40.042667388916016, "metadata.audio_properties.lossless": 0.0, "metadata.audio_properties.number_channels": 1.0, "metadata.audio_properties.replay_gain": -7.497127532958984, "metadata.audio_properties.sample_rate": 48000.0, "rhythm.beats_count": 72.0, "rhythm.beats_loudness.mean": 0.1066373959183693, "rhythm.beats_loudness.stdev": 0.11752112209796906, "rhythm.bpm": 109.66878509521484, "rhythm.bpm_histogram_first_peak_bpm": 110.0, "rhythm.bpm_histogram_first_peak_weight": 0.4259259104728699, "rhythm.bpm_histogram_second_peak_bpm": 105.0, "rhythm.bpm_histogram_second_peak_spread": 0.3999999761581421, "rhythm.bpm_histogram_second_peak_weight": 0.0845070406794548, "rhythm.danceability": 0.9174067974090576, "rhythm.onset_rate": 4.119395732879639, "tonal.chords_changes_rate": 0.0659722238779068, "tonal.chords_number_rate": 0.011574073694646358, "tonal.chords_strength.mean": 0.5089775919914246, "tonal.chords_strength.stdev": 0.09853991866111755, "tonal.hpcp_crest.mean": 17.66805648803711, "tonal.hpcp_crest.stdev": 8.257526397705078, "tonal.hpcp_entropy.mean": 1.497519850730896, "tonal.hpcp_entropy.stdev": 0.7502556443214417, "tonal.key_edma.strength": 0.7626743912696838, "tonal.key_krumhansl.strength": 0.770908772945404, "tonal.key_temperley.strength": 0.782328188419342, "tonal.tuning_diatonic_strength": 0.5769760608673096, "tonal.tuning_equal_tempered_deviation": 0.24619197845458984, "tonal.tuning_frequency": 434.193115234375, "tonal.tuning_nontempered_energy_ratio": 0.9805015921592712, "lowlevel.barkbands.mean": [0.007296971511095762, 0.07132405042648315, 0.003687778254970908, 0.0019842342007905245, 0.0010372912511229515, 0.00037308354512788355, 0.00169851235114038, 0.00039266084786504507, 0.001603399170562625, 0.0016378338914364576, 0.00047530006850138307, 0.0012006721226498485, 0.0006542687187902629, 0.0007658873219043016, 0.0005396779743023217, 0.0002856565988622606, 0.0003668524732347578, 0.00028058342286385596, 0.00020689911616500467, 4.188774255453609e-05, 6.879939610371366e-05, 0.00012241947115398943, 9.286454587709159e-05, 3.978718086727895e-05, 2.8541257051983848e-05, 1.0627803931129165e-05, 1.0905046821108044e-07], "lowlevel.barkbands.stdev": [0.012530944310128689, 0.08462337404489517, 0.013956679031252861, 0.010831541381776333, 0.003566172206774354, 0.0011272103292867541, 0.004045628476887941, 0.0011398163624107838, 0.004131527151912451, 0.003940975293517113, 0.001653734128922224, 0.0032082877587527037, 0.0018754114862531424, 0.0018573232227936387, 0.0012595804873853922, 0.0008331777644343674, 0.0007044135127216578, 0.0005069731851108372, 0.0004036188474856317, 0.0001563364639878273, 0.00026679676375351846, 0.0004077480989508331, 0.0002658950397744775, 0.00012782563862856477, 8.81438609212637e-05, 4.3571548303589225e-05, 7.468134413102234e-07], "lowlevel.erbbands.mean": [3.2012791633605957, 11.389933586120605, 6.0426740646362305, 6.54509162902832, 4.874032974243164, 2.9760398864746094, 1.5789825916290283, 4.6389851570129395, 27.567785263061523, 8.88459587097168, 17.184444427490234, 32.330413818359375, 38.570533752441406, 46.15651321411133, 30.548789978027344, 44.95741271972656, 32.253074645996094, 35.55989074707031, 37.39411544799805, 20.379722595214844, 17.3126277923584, 21.765771865844727, 15.830132484436035, 14.461637496948242, 6.295164108276367, 2.073019504547119, 2.355910062789917, 3.2301833629608154, 4.587817668914795, 3.3199520111083984, 2.4984967708587646, 1.1465498208999634, 0.5777395963668823, 0.3760741353034973, 0.16895444691181183, 0.06945347040891647, 0.01449435856193304, 0.0011461001122370362, 7.215695222839713e-05, 0.00010754733375506476], "lowlevel.erbbands.stdev": [3.621715784072876, 16.843189239501953, 16.70989990234375, 30.706050872802734, 19.976011276245117, 9.972432136535645, 5.739630699157715, 11.750690460205078, 66.406494140625, 18.77973175048828, 43.50906753540039, 95.47799682617188, 108.42481231689453, 101.78321838378906, 74.59272003173828, 127.47901153564453, 81.875732421875, 70.64188385009766, 83.8616714477539, 57.779685974121094, 42.4520378112793, 41.27843475341797, 28.780427932739258, 27.09894561767578, 12.312810897827148, 6.971424579620361, 8.856889724731445, 12.905267715454102, 15.022650718688965, 9.920948028564453, 6.908646106719971, 3.543076515197754, 1.868262529373169, 1.161664605140686, 0.5522872805595398, 0.24866217374801636, 0.06530843675136566, 0.006736733019351959, 0.00015220396744553, 0.00010778965224744752], "lowlevel.gfcc.mean": [-98.15056610107422, 130.6186065673828, -151.34373474121094, -4.597838401794434, -40.247493743896484, 10.738288879394531, -26.976816177368164, 3.168844699859619, -8.187231063842773, -12.270719528198242, -6.693722724914551, -2.592914342880249, -6.7479777336120605], "lowlevel.melbands.mean": [0.023916034027934074, 0.006675014737993479, 0.0010406491346657276, 0.00027895785751752555, 6.025888069416396e-05, 0.00011041652760468423, 0.00039895903319120407, 7.609221938764676e-05, 0.00017853736062534153, 0.00020196496916469187, 0.00020024727564305067, 0.00020357391622383147, 7.92653372627683e-05, 0.0001249427441507578, 0.00011225353227928281, 6.068166476325132e-05, 6.451662193285301e-05, 6.405614112736657e-05, 3.219143400201574e-05, 2.173722896259278e-05, 1.9004646674147807e-05, 2.257086271129083e-05, 1.9007149603567086e-05, 1.1516473932715598e-05, 1.213802897837013e-05, 6.4077903516590595e-06, 2.084480456687743e-06, 1.1397218031561351e-06, 1.2924469956487883e-06, 1.6796105910543702e-06, 1.972590098375804e-06, 2.762594931482454e-06, 2.160049689337029e-06, 1.7632436311032507e-06, 1.5382197489088867e-06, 1.0556750567047857e-06, 5.721304319195042e-07, 4.1007024265127257e-07, 3.353921442794672e-07, 3.0931863648220315e-07], "lowlevel.melbands.stdev": [0.027079259976744652, 0.011229787953197956, 0.004627996124327183, 0.000985880265943706, 0.00022012363479007035, 0.00028752346406690776, 0.0009481020970270038, 0.00016843459161464125, 0.0004853737191297114, 0.0005651258979924023, 0.0005682009505107999, 0.00044807622907683253, 0.00021019807900302112, 0.0003483735490590334, 0.00034302915446460247, 0.0001372812403133139, 0.00013543259410653263, 0.00016240136756096035, 7.914876186987385e-05, 7.16420472599566e-05, 4.531981176114641e-05, 4.5179829612607136e-05, 3.936566281481646e-05, 2.0574327209033072e-05, 2.451400905556511e-05, 1.2723648978862911e-05, 6.28721227258211e-06, 4.292602625355357e-06, 5.018122010369552e-06, 6.460145868913969e-06, 8.46646616992075e-06, 9.332055924460292e-06, 6.938456408533966e-06, 5.493351636687294e-06, 4.271736543159932e-06, 3.1718736863695085e-06, 2.000902213694644e-06, 1.371425241813995e-06, 1.0732732107499032e-06, 9.58616169555171e-07], "lowlevel.melbands128.mean": [0.007000843528658152, 0.02875712141394615, 0.031508542597293854, 0.014405032619833946, 0.0037089292891323566, 0.0018094532424584031, 0.0014400675427168608, 0.0007993323961272836, 0.0004442871722858399, 0.00030595416319556534, 0.00013304947060532868, 6.575245060957968e-05, 5.092072024126537e-05, 3.42390121659264e-05, 5.797941776108928e-05, 0.00013057401520200074, 0.00039549043867737055, 0.0006109647802077234, 0.00018510926747694612, 4.16933253291063e-05, 4.0765738958725706e-05, 8.523242286173627e-05, 0.00016638277156744152, 0.0003277081123087555, 0.00022000537137500942, 0.00013218091044109315, 0.0002123835583915934, 0.00014192915114108473, 0.00025632846518419683, 0.0003278595977462828, 0.0001420891931047663, 4.9269187002209947e-05, 5.7403834944125265e-05, 0.00010504660895094275, 0.00015846452151890844, 0.00010630406904965639, 0.00011149607598781586, 0.0001505858963355422, 8.714603609405458e-05, 4.498639464145526e-05, 4.102229286218062e-05, 0.00010472840949660167, 6.474690599134192e-05, 3.0879145924700424e-05, 8.964047447079793e-05, 6.325151480268687e-05, 5.776172110927291e-05, 2.065861008304637e-05, 3.0499892091029324e-05, 2.8907088562846184e-05, 1.564896410854999e-05, 1.8321497918805107e-05, 2.7620744731393643e-05, 1.1527783499332145e-05, 1.8400496628601104e-05, 2.6853374947677366e-05, 2.2762600565329194e-05, 2.1994930648361333e-05, 1.8469387214281596e-05, 1.1791542419814505e-05, 1.0128929716302082e-05, 1.146770500781713e-05, 1.3484800547303166e-05, 1.2531494576251134e-05, 1.0195070899499115e-05, 6.180885975481942e-06, 4.593722223944496e-06, 2.3066229459800525e-06, 1.6192583416341222e-06, 1.4452460845859605e-06, 1.1290028396615526e-06, 9.347119771518919e-07, 1.1193684485988342e-06, 1.3117953585606301e-06, 1.5753444131405558e-06, 1.7420214817320812e-06, 1.7460331491747638e-06, 1.512066432951542e-06, 1.914405402203556e-06, 2.4338476123375585e-06, 2.9574180189229082e-06, 2.971602498291759e-06, 2.2910301140655065e-06, 2.235424744867487e-06, 1.8717612420005025e-06, 1.5824090269234148e-06, 1.8696838424148154e-06, 1.8118798834620975e-06, 1.484026142861694e-06, 1.3763626611762447e-06, 1.3225596831034636e-06, 9.455860094931268e-07, 6.423526315302297e-07, 5.758358270213648e-07, 5.368287361307011e-07, 4.085102034423471e-07, 3.9970177567738574e-07, 3.851858707548672e-07, 2.9568840886895487e-07, 3.309239104964945e-07, 3.681695943669183e-07, 3.0368562420335365e-07, 2.496555566722236e-07, 2.3029672036045667e-07, 1.8487189379357005e-07, 1.378531067075528e-07, 1.6192886675980844e-07, 1.5896556249117566e-07, 1.2029524043555284e-07, 9.13525326495801e-08, 7.601888540875734e-08, 5.300794470031178e-08, 4.2404046496358205e-08, 2.7541464220348644e-08, 1.5840903699881892e-08, 9.251257537812307e-09, 4.4401948784411616e-09, 5.729582364111252e-10, 6.205453512153625e-11, 1.3131892274975687e-11, 1.2346894340264924e-11, 1.0968385054377361e-11, 1.0257063427776547e-11, 1.0086636387240944e-11, 9.86906389943698e-12, 9.593448431488572e-12, 9.43370555284151e-12, 9.371771587940447e-12], "lowlevel.melbands128.stdev": [0.011935140937566757, 0.034115176647901535, 0.04130041226744652, 0.024351835250854492, 0.011030662804841995, 0.006856108549982309, 0.007375603541731834, 0.004305569920688868, 0.0018547800136730075, 0.0010065014939755201, 0.0004928600392304361, 0.0002717668830882758, 0.00020713795674964786, 0.00014592887600883842, 0.0002101486606989056, 0.0004364938649814576, 0.0010799437295645475, 0.0015693844761699438, 0.0004928954876959324, 0.00017490579921286553, 0.00015809941396582872, 0.00032527046278119087, 0.0005427293363027275, 0.0011643526377156377, 0.0009356972295790911, 0.0005345034878700972, 0.0007215359946712852, 0.0007140108500607312, 0.0010336695704609156, 0.0006917531718499959, 0.0005502405110746622, 0.00030401002732105553, 0.0002029061142820865, 0.0003615925961639732, 0.0005565903848037124, 0.0004722487065009773, 0.0005561421858146787, 0.0005474836798384786, 0.0004059528873767704, 0.00018654466839507222, 0.00013139848306309432, 0.0002767021069303155, 0.00018893636297434568, 0.000106708517705556, 0.0003979862667620182, 0.00015212339349091053, 0.0001875656598713249, 7.81042908784002e-05, 0.0001177684825961478, 0.00012495499686338007, 7.958392234286293e-05, 7.721433939877898e-05, 8.729658293304965e-05, 2.8347529223538004e-05, 4.418764729052782e-05, 6.981255864957348e-05, 6.0359787312336266e-05, 5.777458500233479e-05, 4.9078997108154e-05, 2.7892943762708455e-05, 2.347754343645647e-05, 2.3091977709555067e-05, 3.14330609398894e-05, 3.5800214391201735e-05, 2.5152941816486418e-05, 1.551353489048779e-05, 1.1930056643905118e-05, 8.027492185647134e-06, 6.462067176471464e-06, 6.160373231978156e-06, 4.838243057747604e-06, 3.218772008040105e-06, 4.893837740382878e-06, 5.700661404262064e-06, 6.934523298696149e-06, 6.803673841204727e-06, 7.183134584920481e-06, 6.925691195647232e-06, 9.086629688681569e-06, 1.1178125532751437e-05, 1.0733143426477909e-05, 9.902926649374422e-06, 7.55752989789471e-06, 7.960740731505211e-06, 6.167160790937487e-06, 5.542471171793295e-06, 6.940769708307926e-06, 5.847761713084765e-06, 4.115280262340093e-06, 4.172644821665017e-06, 4.4879770939587615e-06, 2.9348980206123088e-06, 2.1673085939255543e-06, 2.4668702280905563e-06, 1.9067040284426184e-06, 1.4452002687903587e-06, 1.4291894103735103e-06, 1.3476652611643658e-06, 1.0306902140655438e-06, 1.1381467857063399e-06, 1.2216663662911742e-06, 1.0158531722481712e-06, 7.64416881793295e-07, 9.048828815139132e-07, 7.027931019365496e-07, 4.7116949986047985e-07, 5.366121058614226e-07, 6.502371547867369e-07, 4.583440613714629e-07, 3.382119757588953e-07, 3.7249196793709416e-07, 2.4457673930555757e-07, 2.1422700058337796e-07, 1.8050545236292237e-07, 1.2437884322480386e-07, 7.502714538532018e-08, 3.3680947808534256e-08, 4.481612858597828e-09, 1.2932379611640954e-09, 8.576007265448382e-11, 6.720976553076241e-11, 2.93980881305167e-11, 2.2519798525966195e-11, 2.2143144956521255e-11, 2.1828058457962207e-11, 2.156789156992911e-11, 2.138404037177466e-11, 2.1269774136412067e-11], "lowlevel.mfcc.mean": [-730.319580078125, 159.97764587402344, -33.04525375366211, -9.82651138305664, 5.745104789733887, 2.4557912349700928, -6.997992992401123, 16.484825134277344, -3.0416829586029053, 1.1350339651107788, 5.592387676239014, -6.535092830657959, -4.857229709625244], "lowlevel.spectral_contrast_coeffs.mean": [-0.6366323828697205, -0.7191798686981201, -0.7023698687553406, -0.7605037093162537, -0.7420735359191895, -0.7633258104324341], "lowlevel.spectral_contrast_coeffs.stdev": [0.09242387115955353, 0.08699176460504532, 0.077153779566288, 0.060312479734420776, 0.07867678254842758, 0.058906469494104385], "lowlevel.spectral_contrast_valleys.mean": [-8.395478248596191, -7.534520149230957, -7.768303871154785, -8.025897026062012, -9.006461143493652, -12.107071876525879], "lowlevel.spectral_contrast_valleys.stdev": [2.2000346183776855, 0.8551422953605652, 0.9516423344612122, 0.9217117428779602, 1.4951300621032715, 2.2601728439331055], "rhythm.beats_loudness_band_ratio.mean": [0.498745322227478, 0.04297829791903496, 0.21518206596374512, 0.15909218788146973, 0.08672025799751282, 0.008344613946974277], "rhythm.beats_loudness_band_ratio.stdev": [0.44233787059783936, 0.051840316504240036, 0.22186778485774994, 0.16730478405952454, 0.14760766923427582, 0.015025675296783447], "tonal.hpcp.mean": [0.2513692378997803, 0.3009687066078186, 0.09367486834526062, 0.020096957683563232, 0.018568631261587143, 0.0247988011687994, 0.09644538909196854, 0.14943884313106537, 0.09886583685874939, 0.04891885071992874, 0.024262670427560806, 0.01978963427245617, 0.0997486263513565, 0.11281143128871918, 0.040885090827941895, 0.04620916768908501, 0.052060920745134354, 0.02439326047897339, 0.04569031298160553, 0.058834463357925415, 0.03591771796345711, 0.11760404706001282, 0.176792174577713, 0.1013440191745758, 0.04493279755115509, 0.025569342076778412, 0.023049311712384224, 0.1390533596277237, 0.1721407175064087, 0.060305994004011154, 0.020422521978616714, 0.014834128320217133, 0.015190904960036278, 0.10850626975297928, 0.1653168648481369, 0.10185685753822327], "tonal.hpcp.stdev": [0.32834041118621826, 0.41056233644485474, 0.15582752227783203, 0.08834579586982727, 0.08677469938993454, 0.11136934161186218, 0.2166338562965393, 0.33114543557167053, 0.22513745725154877, 0.16891813278198242, 0.09757784008979797, 0.08452566713094711, 0.2085598111152649, 0.21900410950183868, 0.12645742297172546, 0.15688085556030273, 0.18983140587806702, 0.0775802880525589, 0.1446346938610077, 0.19738559424877167, 0.10878307372331619, 0.2544616460800171, 0.34443795680999756, 0.23639315366744995, 0.16255103051662445, 0.11756426841020584, 0.09817411750555038, 0.26657548546791077, 0.3264719545841217, 0.11520834267139435, 0.07559987902641296, 0.07299145311117172, 0.05954352393746376, 0.2283059060573578, 0.32340115308761597, 0.22157637774944305], "rhythm.beats_position": [0.5688889026641846, 1.1377778053283691, 1.695056676864624, 2.240725517272949, 2.7863945960998535, 3.3320634365081787, 3.877732276916504, 4.423401355743408, 4.9690704345703125, 5.503129005432129, 6.060408115386963, 6.606077194213867, 7.163355827331543, 7.697414875030518, 8.243083953857422, 8.788752555847168, 9.334421157836914, 9.880090713500977, 10.425759315490723, 10.971427917480469, 11.517097473144531, 12.062766075134277, 12.608434677124023, 13.154104232788086, 13.699772834777832, 14.257051467895508, 14.80272102355957, 15.348389625549316, 15.894058227539062, 16.428117752075195, 16.973787307739258, 17.507844924926758, 18.06512451171875, 18.610794067382812, 19.168071746826172, 19.690521240234375, 20.20136070251465, 20.72380828857422, 21.223037719726562, 21.722267150878906, 22.22149658203125, 22.80199432373047, 23.38249397277832, 23.951383590698242, 24.53188133239746, 25.112380981445312, 25.6812686920166, 26.238548278808594, 26.795827865600586, 27.341495513916016, 27.898775100708008, 28.43283462524414, 28.97850227355957, 29.535781860351562, 30.093061447143555, 30.661949157714844, 31.207618713378906, 31.74167823791504, 32.27573776245117, 32.82140350341797, 33.36707305908203, 33.912742614746094, 34.446800231933594, 34.9692497253418, 35.51491928100586, 36.06058883666992, 36.59464645385742, 37.12870788574219, 37.68598556518555, 38.243263244628906, 38.81215286254883, 39.38104248046875], "rhythm.bpm_histogram": [0.0, 0.0, 0.0, 0.0, 0.0, 0.0, 0.0, 0.0, 0.0, 0.0, 0.0, 0.0, 0.0, 0.0, 0.0, 0.0, 0.0, 0.0, 0.0, 0.0, 0.0, 0.0, 0.0, 0.0, 0.0, 0.0, 0.0, 0.0, 0.0, 0.0, 0.0, 0.0, 0.0, 0.0, 0.0, 0.0, 0.0, 0.0, 0.0, 0.0, 0.0, 0.0, 0.0, 0.0, 0.0, 0.0, 0.0, 0.0, 0.0, 0.0, 0.0, 0.0, 0.0, 0.0, 0.0, 0.0, 0.0, 0.0, 0.0, 0.0, 0.0, 0.0, 0.0, 0.0, 0.0, 0.0, 0.0, 0.0, 0.0, 0.0, 0.0, 0.0, 0.0, 0.0, 0.0, 0.0, 0.0, 0.0, 0.0, 0.0, 0.0, 0.0, 0.0, 0.0, 0.0, 0.0, 0.0, 0.0, 0.0, 0.0, 0.0, 0.0, 0.0, 0.0, 0.0, 0.0, 0.0, 0.0, 0.0, 0.0, 0.0, 0.0, 0.0, 0.056338027119636536, 0.0, 0.0845070406794548, 0.0, 0.0, 0.18309858441352844, 0.0, 0.43661972880363464, 0.0, 0.14084507524967194, 0.0, 0.0, 0.0422535203397274, 0.0, 0.014084506779909134, 0.0, 0.0, 0.0422535203397274, 0.0, 0.0, 0.0, 0.0, 0.0, 0.0, 0.0, 0.0, 0.0, 0.0, 0.0, 0.0, 0.0, 0.0, 0.0, 0.0, 0.0, 0.0, 0.0, 0.0, 0.0, 0.0, 0.0, 0.0, 0.0, 0.0, 0.0, 0.0, 0.0, 0.0, 0.0, 0.0, 0.0, 0.0, 0.0, 0.0, 0.0, 0.0, 0.0, 0.0, 0.0, 0.0, 0.0, 0.0, 0.0, 0.0, 0.0, 0.0, 0.0, 0.0, 0.0, 0.0, 0.0, 0.0, 0.0, 0.0, 0.0, 0.0, 0.0, 0.0, 0.0, 0.0, 0.0, 0.0, 0.0, 0.0, 0.0, 0.0, 0.0, 0.0, 0.0, 0.0, 0.0, 0.0, 0.0, 0.0, 0.0, 0.0, 0.0, 0.0, 0.0, 0.0, 0.0, 0.0, 0.0, 0.0, 0.0, 0.0, 0.0, 0.0, 0.0, 0.0, 0.0, 0.0, 0.0, 0.0, 0.0, 0.0, 0.0, 0.0, 0.0, 0.0, 0.0, 0.0, 0.0, 0.0, 0.0, 0.0, 0.0, 0.0, 0.0, 0.0, 0.0, 0.0, 0.0, 0.0, 0.0, 0.0, 0.0, 0.0, 0.0, 0.0, 0.0, 0.0, 0.0, 0.0, 0.0, 0.0, 0.0], "tonal.chords_histogram": [14.93055534362793, 0.6944444179534912, 14.004630088806152, 7.638888835906982, 6.134259223937988, 0.0, 0.0, 0.0, 2.777777671813965, 0.0, 1.6203703880310059, 0.0, 0.0, 0.0, 0.0, 2.5462963581085205, 0.0, 2.777777671813965, 0.0, 0.11574073880910873, 0.0, 0.46296295523643494, 17.824073791503906, 28.47222137451172], "tonal.thpcp": [1.0, 0.31124454736709595, 0.06677424162626266, 0.06169622018933296, 0.08239661157131195, 0.3204498887062073, 0.49652618169784546, 0.32849207520484924, 0.16253799200057983, 0.08061525970697403, 0.06575313210487366, 0.3314252495765686, 0.3748277723789215, 0.13584499061107635, 0.15353478491306305, 0.17297784984111786, 0.08104915916919708, 0.15181083977222443, 0.19548365473747253, 0.11934037506580353, 0.39075174927711487, 0.5874105095863342, 0.3367260992527008, 0.149293914437294, 0.0849568098783493, 0.07658375054597855, 0.46201932430267334, 0.5719555616378784, 0.20037296414375305, 0.06785596162080765, 0.04928794130682945, 0.05047336965799332, 0.36052343249320984, 0.5492825508117676, 0.3384300470352173, 0.8352006077766418], "lowlevel.gfcc.cov": [[19403.611328125, -5066.12890625, 4978.85009765625, 7492.974609375, 158.05535888671875, 4392.8505859375, 712.4987182617188, 2647.109619140625, 1005.3378295898438, 1274.7291259765625, 800.9969482421875, 1087.43798828125, -530.2548217773438], [-5066.12890625, 3481.68310546875, -781.9950561523438, -1826.763916015625, 835.8479614257812, -1158.318359375, 530.0275268554688, -558.4302368164062, 102.99546813964844, -387.2632751464844, 73.79855346679688, -438.1175231933594, 333.07794189453125], [4978.85009765625, -781.9950561523438, 3530.691650390625, 2975.3935546875, 787.9266967773438, 1936.4405517578125, 815.3023681640625, 1033.9736328125, 432.5900573730469, 672.0715942382812, 159.12791442871094, 329.47540283203125, 37.238399505615234], [7492.974609375, -1826.763916015625, 2975.3935546875, 3881.662109375, 513.5324096679688, 2131.416015625, 685.9524536132812, 1170.0953369140625, 569.5253295898438, 674.9122924804688, 327.87957763671875, 414.423583984375, -51.371849060058594], [158.05535888671875, 835.8479614257812, 787.9266967773438, 513.5324096679688, 890.0331420898438, 344.98309326171875, 546.5648193359375, 206.212158203125, 236.6170654296875, 157.03993225097656, 93.91645050048828, -54.73577880859375, 158.7544403076172], [4392.8505859375, -1158.318359375, 1936.4405517578125, 2131.416015625, 344.98309326171875, 1537.807373046875, 517.2235717773438, 770.6818237304688, 298.1697692871094, 403.4831237792969, 186.3566436767578, 268.0096435546875, -76.12689208984375], [712.4987182617188, 530.0275268554688, 815.3023681640625, 685.9524536132812, 546.5648193359375, 517.2235717773438, 794.226806640625, 301.1133728027344, 203.9771270751953, 107.64288330078125, 143.63616943359375, -0.6605363488197327, 111.76564025878906], [2647.109619140625, -558.4302368164062, 1033.9736328125, 1170.0953369140625, 206.212158203125, 770.6818237304688, 301.1133728027344, 597.0830078125, 227.45611572265625, 220.6185302734375, 137.81871032714844, 146.2086944580078, -53.70722198486328], [1005.3378295898438, 102.99546813964844, 432.5900573730469, 569.5253295898438, 236.6170654296875, 298.1697692871094, 203.9771270751953, 227.45611572265625, 303.242431640625, 113.68250274658203, 119.16690063476562, 34.125511169433594, 45.52718734741211], [1274.7291259765625, -387.2632751464844, 672.0715942382812, 674.9122924804688, 157.03993225097656, 403.4831237792969, 107.64288330078125, 220.6185302734375, 113.68250274658203, 310.874267578125, 34.00196838378906, 81.36650085449219, 32.506813049316406], [800.9969482421875, 73.79855346679688, 159.12791442871094, 327.87957763671875, 93.91645050048828, 186.3566436767578, 143.63616943359375, 137.81871032714844, 119.16690063476562, 34.00196838378906, 207.748291015625, 47.412559509277344, -16.782285690307617], [1087.43798828125, -438.1175231933594, 329.47540283203125, 414.423583984375, -54.73577880859375, 268.0096435546875, -0.6605363488197327, 146.2086944580078, 34.125511169433594, 81.36650085449219, 47.412559509277344, 168.3326873779297, -24.833250045776367], [-530.2548217773438, 333.07794189453125, 37.238399505615234, -51.371849060058594, 158.7544403076172, -76.12689208984375, 111.76564025878906, -53.70722198486328, 45.52718734741211, 32.506813049316406, -16.782285690307617, -24.833250045776367, 174.64451599121094]], "lowlevel.gfcc.icov": [[0.0005203044274821877, -0.0005456880899146199, 0.0007374679553322494, -0.0010456483578309417, 0.0003934968844987452, -0.0009064311161637306, 0.0005759195191785693, -0.0010185998398810625, 0.00048447545850649476, -0.0006556856678798795, 0.0002844568225555122, -0.0009643203811720014, 0.0006069948431104422], [-0.0005456880899146199, 0.004131942056119442, -0.003030121326446533, 0.0027851106133311987, -0.002344665816053748, 0.004126591607928276, -0.00232074037194252, 0.002379482379183173, -0.0028860836755484343, 0.0035312827676534653, -0.003954574000090361, 0.003688426921144128, -0.0016852571861818433], [0.0007374679553322494, -0.003030121326446533, 0.0038941202219575644, -0.0029563172720372677, 0.0012019149726256728, -0.00408925162628293, 0.0017045532586053014, -0.0026108345482498407, 0.002507060067728162, -0.00337278307415545, 0.003621078794822097, -0.003513806266710162, 0.0013719153357669711], [-0.0010456483578309417, 0.0027851106133311987, -0.0029563172720372677, 0.004367811139672995, -0.001449468545615673, 0.002113131107762456, -0.0017300564795732498, 0.002394953742623329, -0.0028411801904439926, 0.0023092536721378565, -0.0028322916477918625, 0.003074656007811427, -0.002013113349676132], [0.0003934968844987452, -0.002344665816053748, 0.0012019149726256728, -0.001449468545615673, 0.004084680695086718, -0.0023106695152819157, 0.00024877043324522674, -0.0013202213449403644, 0.0007090562721714377, -0.002469623927026987, 0.0017774981679394841, -0.0007181399269029498, 4.186293517705053e-05], [-0.0009064311161637306, 0.004126591607928276, -0.00408925162628293, 0.002113131107762456, -0.0023106695152819157, 0.00910443440079689, -0.003657745895907283, 0.0016668319003656507, -0.002556647639721632, 0.0031826437916606665, -0.003540227422490716, 0.0026512376498430967, -9.542651969240978e-05], [0.0005759195191785693, -0.00232074037194252, 0.0017045532586053014, -0.0017300564795732498, 0.00024877043324522674, -0.003657745895907283, 0.0047591994516551495, -0.002457116963341832, 0.002052874071523547, -0.0009351974003948271, 0.0006907220813445747, -0.001051609986461699, -0.0007637794478796422], [-0.0010185998398810625, 0.002379482379183173, -0.0026108345482498407, 0.002394953742623329, -0.0013202213449403644, 0.0016668319003656507, -0.002457116963341832, 0.008568661287426949, -0.003742827568203211, 0.0019009626703336835, -0.0021580245811492205, 0.00196738145314157, 0.00045884025166742504], [0.00048447545850649476, -0.0028860836755484343, 0.002507060067728162, -0.0028411801904439926, 0.0007090562721714377, -0.002556647639721632, 0.002052874071523547, -0.003742827568203211, 0.008983885869383812, -0.002744049998000264, 0.00038714712718501687, -0.0016938529442995787, -0.000653669994790107], [-0.0006556856678798795, 0.0035312827676534653, -0.00337278307415545, 0.0023092536721378565, -0.002469623927026987, 0.0031826437916606665, -0.0009351974003948271, 0.0019009626703336835, -0.002744049998000264, 0.009559409692883492, -0.0031217634677886963, 0.0031264987774193287, -0.0034312247298657894], [0.0002844568225555122, -0.003954574000090361, 0.003621078794822097, -0.0028322916477918625, 0.0017774981679394841, -0.003540227422490716, 0.0006907220813445747, -0.0021580245811492205, 0.00038714712718501687, -0.0031217634677886963, 0.011983565986156464, -0.005600558128207922, 0.0033712158910930157], [-0.0009643203811720014, 0.003688426921144128, -0.003513806266710162, 0.003074656007811427, -0.0007181399269029498, 0.0026512376498430967, -0.001051609986461699, 0.00196738145314157, -0.0016938529442995787, 0.0031264987774193287, -0.005600558128207922, 0.014759021811187267, -0.0038021630607545376], [0.0006069948431104422, -0.0016852571861818433, 0.0013719153357669711, -0.002013113349676132, 4.186293517705053e-05, -9.542651969240978e-05, -0.0007637794478796422, 0.00045884025166742504, -0.000653669994790107, -0.0034312247298657894, 0.0033712158910930157, -0.0038021630607545376, 0.01104088593274355]], "lowlevel.mfcc.cov": [[15614.462890625, -4918.033203125, 3360.862060546875, 3923.687744140625, 1591.167236328125, 2266.102783203125, 1308.185546875, 2174.822998046875, 724.4559326171875, 900.5499267578125, 1734.31005859375, 1142.3551025390625, 973.5664672851562], [-4918.033203125, 3340.4384765625, -1223.421630859375, -980.7556762695312, -274.5939636230469, -663.2759399414062, -86.69009399414062, -442.7978515625, -43.844337463378906, -116.03411102294922, -367.0791931152344, -219.97755432128906, -205.21206665039062], [3360.862060546875, -1223.421630859375, 2497.86474609375, 1525.9654541015625, 799.6448364257812, 1180.8306884765625, 800.993408203125, 735.7588500976562, 672.1900634765625, 400.3486633300781, 570.4088745117188, 415.6126708984375, 405.57196044921875], [3923.687744140625, -980.7556762695312, 1525.9654541015625, 1848.0208740234375, 786.6401977539062, 1071.8316650390625, 755.886962890625, 715.3717651367188, 609.37841796875, 452.1909484863281, 585.9716186523438, 425.39093017578125, 386.4235534667969], [1591.167236328125, -274.5939636230469, 799.6448364257812, 786.6401977539062, 676.2798461914062, 533.6753540039062, 351.40911865234375, 327.0549621582031, 332.5653991699219, 262.10748291015625, 311.05938720703125, 190.05381774902344, 202.38052368164062], [2266.102783203125, -663.2759399414062, 1180.8306884765625, 1071.8316650390625, 533.6753540039062, 946.9330444335938, 616.7589721679688, 500.2880554199219, 454.76470947265625, 316.13043212890625, 390.3879089355469, 288.4013977050781, 240.2493133544922], [1308.185546875, -86.69009399414062, 800.993408203125, 755.886962890625, 351.40911865234375, 616.7589721679688, 754.145263671875, 452.06231689453125, 398.9570617675781, 289.3648986816406, 295.7076416015625, 252.32144165039062, 175.68771362304688], [2174.822998046875, -442.7978515625, 735.7588500976562, 715.3717651367188, 327.0549621582031, 500.2880554199219, 452.06231689453125, 686.115234375, 246.39337158203125, 216.7905731201172, 379.0223083496094, 236.63986206054688, 199.0785675048828], [724.4559326171875, -43.844337463378906, 672.1900634765625, 609.37841796875, 332.5653991699219, 454.76470947265625, 398.9570617675781, 246.39337158203125, 472.6002502441406, 251.26026916503906, 191.69168090820312, 147.85121154785156, 131.142578125], [900.5499267578125, -116.03411102294922, 400.3486633300781, 452.1909484863281, 262.10748291015625, 316.13043212890625, 289.3648986816406, 216.7905731201172, 251.26026916503906, 275.6934814453125, 217.8891143798828, 137.59371948242188, 93.55372619628906], [1734.31005859375, -367.0791931152344, 570.4088745117188, 585.9716186523438, 311.05938720703125, 390.3879089355469, 295.7076416015625, 379.0223083496094, 191.69168090820312, 217.8891143798828, 389.5550842285156, 212.21292114257812, 148.71412658691406], [1142.3551025390625, -219.97755432128906, 415.6126708984375, 425.39093017578125, 190.05381774902344, 288.4013977050781, 252.32144165039062, 236.63986206054688, 147.85121154785156, 137.59371948242188, 212.21292114257812, 224.0692596435547, 134.5794677734375], [973.5664672851562, -205.21206665039062, 405.57196044921875, 386.4235534667969, 202.38052368164062, 240.2493133544922, 175.68771362304688, 199.0785675048828, 131.142578125, 93.55372619628906, 148.71412658691406, 134.5794677734375, 190.9282989501953]], "lowlevel.mfcc.icov": [[0.0003809794143307954, 0.0003474075347185135, 0.00011219883162993938, -0.00047467774129472673, -6.384689913829789e-05, 0.00010220457625109702, 8.981329301605001e-05, -0.00041606317972764373, 0.000352271570591256, -6.916657730471343e-05, -0.00041362675256095827, -0.00031174172181636095, -0.0002227981894975528], [0.0003474075347185135, 0.0008435217314399779, 0.00035999485407955945, -0.000145675556268543, -0.0003510596579872072, 0.00047203656868077815, -0.0004232494975440204, -0.0002521724672988057, -0.00023942309780977666, 0.00012605094525497407, -0.0003600643831305206, -0.0002888190792873502, -0.000317448953865096], [0.00011219883162993938, 0.00035999485407955945, 0.0013405900681391358, -9.955556015484035e-05, -0.0003644280368462205, -0.0006392842042259872, -0.00018684430688153952, -0.00015465055184904486, -0.0008185965125449002, 0.0008088962058536708, -0.0004832612758036703, -8.638376311864704e-05, -0.0007042824290692806], [-0.00047467774129472673, -0.000145675556268543, -9.955556015484035e-05, 0.003048676997423172, -0.0006386189488694072, -0.0010979454964399338, -0.00024204610963352025, 0.0003318430099170655, -0.0012648148695006967, -3.928621663362719e-05, 3.41942795785144e-05, -0.00014455735799856484, -0.0007964538526721299], [-6.384689913829789e-05, -0.0003510596579872072, -0.0003644280368462205, -0.0006386189488694072, 0.003930533770471811, -0.0007888656691648066, 0.0006109357927925885, 0.0003662215603981167, -0.00022545180399902165, -0.0012133122654631734, -0.001058978377841413, 0.0011969773331657052, -0.0013722974108532071], [0.00010220457625109702, 0.00047203656868077815, -0.0006392842042259872, -0.0010979454964399338, -0.0007888656691648066, 0.005233136471360922, -0.0017301292391493917, -9.76404407992959e-05, -0.0007409224635921419, 0.0002330184361198917, -0.0003530785033944994, -0.00040083553176373243, 0.00046365748858079314], [8.981329301605001e-05, -0.0004232494975440204, -0.00018684430688153952, -0.00024204610963352025, 0.0006109357927925885, -0.0017301292391493917, 0.004680255427956581, -0.0016167012508958578, -0.000647520471829921, -0.0015816973755136132, 0.001159278443083167, -0.0019771005026996136, 0.0005928470636717975], [-0.00041606317972764373, -0.0002521724672988057, -0.00015465055184904486, 0.0003318430099170655, 0.0003662215603981167, -9.76404407992959e-05, -0.0016167012508958578, 0.004610531963407993, -0.0002596085541881621, 0.0009657057235017419, -0.002710148924961686, 0.0010387746151536703, -0.000993751222267747], [0.000352271570591256, -0.00023942309780977666, -0.0008185965125449002, -0.0012648148695006967, -0.00022545180399902165, -0.0007409224635921419, -0.000647520471829921, -0.0002596085541881621, 0.007419798988848925, -0.004094689153134823, 0.0014969201292842627, 0.000383908482035622, -0.00024364447745028883], [-6.916657730471343e-05, 0.00012605094525497407, 0.0008088962058536708, -3.928621663362719e-05, -0.0012133122654631734, 0.0002330184361198917, -0.0015816973755136132, 0.0009657057235017419, -0.004094689153134823, 0.011600392870604992, -0.00438500102609396, -0.00039690209086984396, 0.0011144354939460754], [-0.00041362675256095827, -0.0003600643831305206, -0.0004832612758036703, 3.41942795785144e-05, -0.001058978377841413, -0.0003530785033944994, 0.001159278443083167, -0.002710148924961686, 0.0014969201292842627, -0.00438500102609396, 0.011152184568345547, -0.004203007556498051, 0.00140192243270576], [-0.00031174172181636095, -0.0002888190792873502, -8.638376311864704e-05, -0.00014455735799856484, 0.0011969773331657052, -0.00040083553176373243, -0.0019771005026996136, 0.0010387746151536703, 0.000383908482035622, -0.00039690209086984396, -0.004203007556498051, 0.013600065372884274, -0.0046547348611056805], [-0.0002227981894975528, -0.000317448953865096, -0.0007042824290692806, -0.0007964538526721299, -0.0013722974108532071, 0.00046365748858079314, 0.0005928470636717975, -0.000993751222267747, -0.00024364447745028883, 0.0011144354939460754, 0.00140192243270576, -0.0