{"song_id": "1182271835128217631", "download": "https://cdn.discordapp.com/attachments/1128313332273782784/1182271835128217631/chirp.mp4?ex=65841773&amp", "lyrics": "[Verse 1]\nIvan ist der Mann, der reich ist, was f\u00fcr ein Gl\u00fcck\nMit seiner Couch f\u00fcr 10 tausend Euro, das ist f\u00fcr ihn ein St\u00fcck\nEin Haus mit Pool, ein Mercedes E-Klasse V8\nEr lebt ein Leben in Luxus, er hat auf sich acht\n\n[Chorus]\nIvan, der reiche Mann, er hat alles, was er will\nMit seiner Couch, seinem Haus und dem teuren Autospiel\nEr sagt oft \"bljad\" und trinkt Jacky-Dosen ohne Ende\nIvan, der reiche Mann, lebt das Leben in Vollst\u00e4nde", "style": ["Comedy"], "essentia_features": {"lowlevel.average_loudness": 0.45561930537223816, "lowlevel.barkbands_crest.mean": 12.546456336975098, "lowlevel.barkbands_crest.stdev": 4.724459171295166, "lowlevel.barkbands_flatness_db.mean": 0.27663418650627136, "lowlevel.barkbands_flatness_db.stdev": 0.1349760740995407, "lowlevel.barkbands_kurtosis.mean": 6.805578231811523, "lowlevel.barkbands_kurtosis.stdev": 13.476408958435059, "lowlevel.barkbands_skewness.mean": 0.9244495630264282, "lowlevel.barkbands_skewness.stdev": 2.0639023780822754, "lowlevel.barkbands_spread.mean": 15.489752769470215, "lowlevel.barkbands_spread.stdev": 19.202505111694336, "lowlevel.dissonance.mean": 0.4433077871799469, "lowlevel.dissonance.stdev": 0.046674005687236786, "lowlevel.dynamic_complexity": 4.9440507888793945, "lowlevel.erbbands_crest.mean": 13.574374198913574, "lowlevel.erbbands_crest.stdev": 5.80518913269043, "lowlevel.erbbands_flatness_db.mean": 0.31930404901504517, "lowlevel.erbbands_flatness_db.stdev": 0.16683968901634216, "lowlevel.erbbands_kurtosis.mean": 2.8438425064086914, "lowlevel.erbbands_kurtosis.stdev": 3.8972344398498535, "lowlevel.erbbands_skewness.mean": 0.30203500390052795, "lowlevel.erbbands_skewness.stdev": 1.0333768129348755, "lowlevel.erbbands_spread.mean": 23.812286376953125, "lowlevel.erbbands_spread.stdev": 25.271875381469727, "lowlevel.hfc.mean": 22.70120620727539, "lowlevel.hfc.stdev": 36.52438735961914, "lowlevel.loudness_ebu128.integrated": -18.460853576660156, "lowlevel.loudness_ebu128.loudness_range": 11.407608032226562, "lowlevel.loudness_ebu128.momentary.mean": -21.48009490966797, "lowlevel.loudness_ebu128.momentary.stdev": 5.374556064605713, "lowlevel.loudness_ebu128.short_term.mean": -20.72214698791504, "lowlevel.loudness_ebu128.short_term.stdev": 4.345966339111328, "lowlevel.melbands_crest.mean": 16.826393127441406, "lowlevel.melbands_crest.stdev": 7.0370025634765625, "lowlevel.melbands_flatness_db.mean": 0.3048044741153717, "lowlevel.melbands_flatness_db.stdev": 0.1504032015800476, "lowlevel.melbands_kurtosis.mean": 15.357048034667969, "lowlevel.melbands_kurtosis.stdev": 30.355756759643555, "lowlevel.melbands_skewness.mean": 1.6691468954086304, "lowlevel.melbands_skewness.stdev": 2.8096327781677246, "lowlevel.melbands_spread.mean": 21.26473045349121, "lowlevel.melbands_spread.stdev": 31.73775863647461, "lowlevel.pitch_salience.mean": 0.5471534132957458, "lowlevel.pitch_salience.stdev": 0.16746550798416138, "lowlevel.silence_rate_20dB.mean": 1.0, "lowlevel.silence_rate_20dB.stdev": 0.0, "lowlevel.silence_rate_30dB.mean": 0.8991888761520386, "lowlevel.silence_rate_30dB.stdev": 0.3010782301425934, "lowlevel.silence_rate_60dB.mean": 0.2908459007740021, "lowlevel.silence_rate_60dB.stdev": 0.45415475964546204, "lowlevel.spectral_centroid.mean": 1444.891357421875, "lowlevel.spectral_centroid.stdev": 810.2991333007812, "lowlevel.spectral_complexity.mean": 10.554461479187012, "lowlevel.spectral_complexity.stdev": 8.338104248046875, "lowlevel.spectral_decrease.mean": -8.444087207237772e-09, "lowlevel.spectral_decrease.stdev": 1.53811416936378e-08, "lowlevel.spectral_energy.mean": 0.033928994089365005, "lowlevel.spectral_energy.stdev": 0.05898021161556244, "lowlevel.spectral_energyband_high.mean": 0.0014957439852878451, "lowlevel.spectral_energyband_high.stdev": 0.0038002701476216316, "lowlevel.spectral_energyband_low.mean": 0.020798157900571823, "lowlevel.spectral_energyband_low.stdev": 0.05455228313803673, "lowlevel.spectral_energyband_middle_high.mean": 0.004277889616787434, "lowlevel.spectral_energyband_middle_high.stdev": 0.003999537322670221, "lowlevel.spectral_energyband_middle_low.mean": 0.008413262665271759, "lowlevel.spectral_energyband_middle_low.stdev": 0.01585420034825802, "lowlevel.spectral_entropy.mean": 7.0301337242126465, "lowlevel.spectral_entropy.stdev": 1.0044728517532349, "lowlevel.spectral_flux.mean": 0.07777448743581772, "lowlevel.spectral_flux.stdev": 0.08925461769104004, "lowlevel.spectral_kurtosis.mean": 40.60322189331055, "lowlevel.spectral_kurtosis.stdev": 69.65817260742188, "lowlevel.spectral_rms.mean": 0.004331362433731556, "lowlevel.spectral_rms.stdev": 0.003786921501159668, "lowlevel.spectral_rolloff.mean": 1951.322265625, "lowlevel.spectral_rolloff.stdev": 2366.207763671875, "lowlevel.spectral_skewness.mean": 3.1386609077453613, "lowlevel.spectral_skewness.stdev": 3.1528966426849365, "lowlevel.spectral_spread.mean": 3805058.25, "lowlevel.spectral_spread.stdev": 3148140.5, "lowlevel.spectral_strongpeak.mean": 1.4106303453445435, "lowlevel.spectral_strongpeak.stdev": 1.2993420362472534, "lowlevel.zerocrossingrate.mean": 0.07487252354621887, "lowlevel.zerocrossingrate.stdev": 0.0664045512676239, "metadata.audio_properties.analysis.equal_loudness": 0.0, "metadata.audio_properties.analysis.length": 40.04265213012695, "metadata.audio_properties.analysis.sample_rate": 44100.0, "metadata.audio_properties.analysis.start_time": 0.0, "metadata.audio_properties.bit_rate": 107717.0, "metadata.audio_properties.length": 40.042667388916016, "metadata.audio_properties.lossless": 0.0, "metadata.audio_properties.number_channels": 1.0, "metadata.audio_properties.replay_gain": -8.300149917602539, "metadata.audio_properties.sample_rate": 48000.0, "rhythm.beats_count": 50.0, "rhythm.beats_loudness.mean": 0.0663985162973404, "rhythm.beats_loudness.stdev": 0.08074016124010086, "rhythm.bpm": 75.91159057617188, "rhythm.bpm_histogram_first_peak_bpm": 76.0, "rhythm.bpm_histogram_first_peak_weight": 0.020408153533935547, "rhythm.bpm_histogram_second_peak_bpm": 0.0, "rhythm.bpm_histogram_second_peak_spread": 0.0, "rhythm.bpm_histogram_second_peak_weight": 0.0, "rhythm.danceability": 1.2501500844955444, "rhythm.onset_rate": 3.3953804969787598, "tonal.chords_changes_rate": 0.054398149251937866, "tonal.chords_number_rate": 0.008101851679384708, "tonal.chords_strength.mean": 0.5226002931594849, "tonal.chords_strength.stdev": 0.12999196350574493, "tonal.hpcp_crest.mean": 14.800324440002441, "tonal.hpcp_crest.stdev": 7.113213539123535, "tonal.hpcp_entropy.mean": 1.780918002128601, "tonal.hpcp_entropy.stdev": 0.6717855930328369, "tonal.key_edma.strength": 0.5400916934013367, "tonal.key_krumhansl.strength": 0.5358715057373047, "tonal.key_temperley.strength": 0.5564500689506531, "tonal.tuning_diatonic_strength": 0.5217747092247009, "tonal.tuning_equal_tempered_deviation": 0.18902164697647095, "tonal.tuning_frequency": 434.193115234375, "tonal.tuning_nontempered_energy_ratio": 0.9678421020507812, "lowlevel.barkbands.mean": [0.0008409999427385628, 0.015286793932318687, 0.003667824901640415, 0.0024363845586776733, 0.0013209329918026924, 0.0024663524236530066, 0.000808417855296284, 0.0009396407986059785, 0.00033807195723056793, 0.0004920886713080108, 0.0008040813845582306, 0.0009549905080348253, 0.0006735695642419159, 0.0006487650680355728, 0.00020159299310762435, 0.00013376936840359122, 0.00013271519856061786, 9.790038166102022e-05, 0.00012197697651572526, 0.00012438322301022708, 0.00015172117855399847, 0.00016108430281747133, 0.00018479954451322556, 0.0004567051073536277, 0.0004138424701523036, 6.91291643306613e-05, 4.839282610191731e-07], "lowlevel.barkbands.stdev": [0.001985088223591447, 0.0447591096162796, 0.01521049253642559, 0.0058919708244502544, 0.003855304326862097, 0.0068891532719135284, 0.0030211571138352156, 0.003962281160056591, 0.0010205996222794056, 0.0013928834814578295, 0.001125303446315229, 0.0016710258787497878, 0.0009246804402209818, 0.0009233088931068778, 0.0004202480486128479, 0.000333106960169971, 0.0003021226730197668, 0.00027094659162685275, 0.0003045914345420897, 0.00034680255339480937, 0.00045051745837554336, 0.00047438708133995533, 0.0005422535468824208, 0.0013323993189260364, 0.0012633089208975434, 0.0002146094193449244, 4.507008725340711e-06], "lowlevel.erbbands.mean": [0.5177209377288818, 3.058475971221924, 5.0512895584106445, 5.737135410308838, 8.222307205200195, 2.5157647132873535, 8.635793685913086, 22.031360626220703, 12.15181827545166, 20.99968719482422, 15.31391716003418, 8.756505966186523, 8.447832107543945, 18.66236114501953, 40.999855041503906, 48.40046691894531, 30.553932189941406, 37.96831130981445, 16.981229782104492, 8.492707252502441, 7.15794563293457, 7.17356014251709, 6.004298686981201, 5.16650915145874, 6.82397985458374, 5.809476852416992, 5.961468696594238, 5.822680950164795, 5.852873802185059, 5.15765380859375, 5.432371616363525, 6.099223613739014, 9.646623611450195, 6.426889419555664, 1.9247097969055176, 0.4691399037837982, 0.09396391361951828, 0.00819331780076027, 0.0002173791581299156, 5.467790469992906e-05], "lowlevel.erbbands.stdev": [1.4781779050827026, 10.185285568237305, 20.072298049926758, 14.855926513671875, 19.990285873413086, 8.245556831359863, 29.884450912475586, 64.78857421875, 38.98728561401367, 80.59447479248047, 62.02098846435547, 24.222932815551758, 21.71688461303711, 50.62936019897461, 54.80801773071289, 76.16600799560547, 40.51205825805664, 49.02021026611328, 29.866634368896484, 17.64562225341797, 17.301979064941406, 16.343719482421875, 15.3920316696167, 13.597174644470215, 18.140274047851562, 15.512225151062012, 17.479267120361328, 17.183866500854492, 17.56915855407715, 15.420145034790039, 15.82193374633789, 17.0197696685791, 29.6546630859375, 19.9451961517334, 5.915050983428955, 1.3564783334732056, 0.3362744450569153, 0.04035656526684761, 0.0008825538097880781, 8.397573401452973e-05], "lowlevel.gfcc.mean": [-141.0005645751953, 96.12875366210938, -184.7803497314453, -23.73154067993164, -43.74148941040039, 19.2595272064209, -28.235631942749023, -11.883356094360352, -21.09581184387207, -1.916936993598938, 1.7068437337875366, -2.61618971824646, -1.3406256437301636], "lowlevel.melbands.mean": [0.004392051137983799, 0.003046132158488035, 0.0011334525188431144, 0.0003579794429242611, 0.000248664990067482, 0.0004858998872805387, 0.00018802090198732913, 0.00023820433125365525, 0.0001126104180002585, 4.741154407383874e-05, 4.196498775854707e-05, 7.293414091691375e-05, 0.00011282929335720837, 0.0001352058898191899, 8.841792441671714e-05, 5.647751095239073e-05, 7.551707676611841e-05, 2.9375352823990397e-05, 1.19886817628867e-05, 1.070424696081318e-05, 7.944435310491826e-06, 7.340086995100137e-06, 7.075543635437498e-06, 4.2265983211109415e-06, 4.058095328218769e-06, 4.793381322087953e-06, 4.909450581180863e-06, 3.553519036358921e-06, 3.4711588341451716e-06, 3.879848918586504e-06, 3.2168161396839423e-06, 3.316417632959201e-06, 3.0689159302710323e-06, 2.768652393569937e-06, 2.987691004818771e-06, 3.3446276574977674e-06, 3.834714789263671e-06, 6.514658707601484e-06, 7.109821581252618e-06, 4.9693167056830134e-06], "lowlevel.melbands.stdev": [0.01235775277018547, 0.010685482993721962, 0.0025644898414611816, 0.0009568737004883587, 0.0008491004700772464, 0.0013895905576646328, 0.000594905111938715, 0.0009101575124077499, 0.0004348040674813092, 0.00013337042764760554, 0.00011137298861285672, 0.00022177070786710829, 0.00015181807975750417, 0.00018429374904371798, 0.00012429697380866855, 9.116656292462721e-05, 0.00010339881555410102, 5.291083289193921e-05, 2.3589966076542623e-05, 2.523943840060383e-05, 2.0544333892758004e-05, 1.7385273167747073e-05, 1.7086349544115365e-05, 1.2561617950268555e-05, 1.0922189176199026e-05, 1.2699038961727638e-05, 1.4526935046887957e-05, 9.545147804601584e-06, 1.0505211321287788e-05, 1.1331236237310804e-05, 9.924038749886677e-06, 1.024403900373727e-05, 9.1497950052144e-06, 8.678109225002117e-06, 9.044850230566226e-06, 9.810759365791455e-06, 1.0846294571820181e-05, 1.976069324882701e-05, 2.3322894776356407e-05, 1.553834772494156e-05], "lowlevel.melbands128.mean": [0.0007959167705848813, 0.004259264096617699, 0.005831021349877119, 0.004851749632507563, 0.0031360688153654337, 0.0015136597212404013, 0.0010498360497877002, 0.0013167946599423885, 0.0008755837916396558, 0.00023721456818748266, 7.087700214469805e-05, 8.776381582720205e-05, 0.00024647917598485947, 0.0005217132274992764, 0.0005356234614737332, 0.0005124898161739111, 0.00022889977844897658, 8.59488791320473e-05, 0.00017648715584073216, 0.0002662615734152496, 0.00027431873604655266, 0.0001608983875485137, 7.411295518977568e-05, 8.367328700842336e-05, 6.967429362703115e-05, 2.0927867808495648e-05, 2.6285062631359324e-05, 4.6081255277385935e-05, 3.532263508532196e-05, 0.00011755730520235375, 5.7169429055647925e-05, 4.66287019662559e-05, 9.963785123545676e-05, 0.00021960053709335625, 5.730506018153392e-05, 0.0001717598206596449, 0.00015786556468810886, 3.04170316667296e-05, 0.00011453339539002627, 4.851966878050007e-05, 3.621078940341249e-05, 7.636066584382206e-05, 7.265844760695472e-05, 9.14189440663904e-05, 3.315100912004709e-05, 2.035792203969322e-05, 2.2403795810532756e-05, 8.014801096578594e-06, 1.0259078408125788e-05, 1.187851194117684e-05, 1.1600490324781276e-05, 8.609339602116961e-06, 6.948640930204419e-06, 8.895908649719786e-06, 7.4190375016769394e-06, 6.875681719975546e-06, 6.76473928251653e-06, 9.03953787201317e-06, 6.679998023173539e-06, 4.934319349558791e-06, 4.039330178784439e-06, 3.497814532238408e-06, 4.0175568756239954e-06, 4.2697192839113995e-06, 4.137914856983116e-06, 4.470612566365162e-06, 5.630781743093394e-06, 5.026827238907572e-06, 4.993739821657073e-06, 4.46975491286139e-06, 3.1861598017712822e-06, 3.436781526033883e-06, 3.1936394861986628e-06, 3.3287510632362682e-06, 3.879102223436348e-06, 4.379324309411459e-06, 3.6538053791446146e-06, 3.1610563837602967e-06, 3.24447273669648e-06, 3.114962737527094e-06, 3.2415823625342455e-06, 3.52523488800216e-06, 3.280699047536473e-06, 3.0028863875486422e-06, 2.916722905865754e-06, 2.800547463266412e-06, 2.646395159899839e-06, 2.770155560938292e-06, 3.0549460916518e-06, 3.0177729968272615e-06, 3.460934749455191e-06, 3.485368779365672e-06, 3.142214382023667e-06, 3.239755415052059e-06, 4.6395907702390105e-06, 5.466185029945336e-06, 7.021420515229693e-06, 7.869975888752379e-06, 7.736920451861806e-06, 6.347819180518854e-06, 5.705178409698419e-06, 4.7149183046713006e-06, 4.2836140892177355e-06, 3.1885233511275146e-06, 1.7588846503713285e-06, 1.1104216355306562e-06, 1.1437000466685276e-06, 1.1203484291399946e-06, 7.405963629025791e-07, 5.096007384963741e-07, 4.19975975773923e-07, 3.1859786986387917e-07, 2.8951336616955814e-07, 2.093767221822418e-07, 1.3482252825269825e-07, 7.462082862730313e-08, 1.8413604863098954e-08, 4.808388798238639e-09, 1.0638030734089199e-10, 5.597857247185978e-12, 5.33312847009193e-12, 4.8813323175189716e-12, 4.685463822484692e-12, 4.578176813346824e-12, 4.40843975907379e-12, 4.174357907948956e-12, 4.043094851968743e-12, 4.0054778070730546e-12], "lowlevel.melbands128.stdev": [0.0018937400309368968, 0.012496148236095905, 0.018353575840592384, 0.018440496176481247, 0.013228590600192547, 0.006202906370162964, 0.0031804670579731464, 0.00311388005502522, 0.002418049843981862, 0.0009921661112457514, 0.00036891785566695035, 0.000389433786040172, 0.001006344915367663, 0.002027560491114855, 0.0018497583223506808, 0.0018894276581704617, 0.0010494086891412735, 0.0004173264605924487, 0.0009008855558931828, 0.001231254544109106, 0.0013281560968607664, 0.0009253222960978746, 0.0004628833557944745, 0.0003343277203384787, 0.00021406405721791089, 9.145037620328367e-05, 9.629109263187274e-05, 0.00016106451221276075, 0.00013373912952374667, 0.0004392980190459639, 0.0002001269458560273, 0.0001245403109351173, 0.00013058239710517228, 0.0003910089435521513, 0.0001939265785040334, 0.0003081203904002905, 0.000335661054123193, 0.0001135932543547824, 0.00018620752962306142, 0.00010152410686714575, 0.0001248774497071281, 0.00016475969459861517, 0.00012596050510182977, 0.00016812521789688617, 7.648618338862434e-05, 6.266105629038066e-05, 5.886128201382235e-05, 1.9724524463526905e-05, 2.6257192075718194e-05, 3.279646989540197e-05, 2.8846734494436532e-05, 2.584675712569151e-05, 2.0465933630475774e-05, 2.4903831217670813e-05, 2.1272549929562956e-05, 1.9947727196267806e-05, 1.8654689483810216e-05, 2.3417647753376514e-05, 1.900309325719718e-05, 1.6369502191082574e-05, 1.2801782759197522e-05, 1.3303191735758446e-05, 1.2479392353270669e-05, 1.2315644198679365e-05, 1.0917978215729818e-05, 1.4620751244365238e-05, 1.7641783415456302e-05, 1.6139892977662385e-05, 1.8511933376430534e-05, 1.3754516658082139e-05, 8.199734111258294e-06, 1.1682121112244204e-05, 9.223894267051946e-06, 1.1895527677552309e-05, 1.3719356502406299e-05, 1.3440359907690436e-05, 1.082558992493432e-05, 1.1804086170741357e-05, 1.1417870155128185e-05, 9.588577995600644e-06, 1.0742550330178346e-05, 1.2350034921837505e-05, 1.019845967675792e-05, 9.532017429592088e-06, 9.462201887799893e-06, 9.509376468486153e-06, 9.534011951473076e-06, 8.854342013364658e-06, 1.0410486538603436e-05, 9.550118193146773e-06, 1.057249573932495e-05, 1.1288265341136139e-05, 9.658154340286274e-06, 1.0548854334047064e-05, 1.371316011500312e-05, 1.6433637938462198e-05, 2.359290374442935e-05, 2.6625682949088514e-05, 2.7899637643713504e-05, 2.175628651457373e-05, 1.7888076399685815e-05, 1.5531066310359165e-05, 1.4962143723096233e-05, 1.1638751857390162e-05, 6.255389507714426e-06, 3.3654771414148854e-06, 3.281886620243313e-06, 3.3458943562436616e-06, 2.5184672267641872e-06, 1.7481988834333606e-06, 1.5552950571873225e-06, 1.3027463410253404e-06, 1.1505534303068998e-06, 9.697557743493235e-07, 7.071037657624402e-07, 5.251974357634026e-07, 1.455274656336769e-07, 6.616050995944533e-08, 2.455058600858706e-09, 2.3955221487015343e-11, 2.091186251940158e-11, 1.2477700296609218e-11, 1.1787708829869015e-11, 1.1422180042075514e-11, 1.0876747419397148e-11, 1.0406004183338702e-11, 1.0259837250614634e-11, 1.0201789933661498e-11], "lowlevel.mfcc.mean": [-760.78369140625, 129.74070739746094, -61.017574310302734, -32.73702621459961, -4.49045991897583, 14.81098461151123, 5.135149002075195, -4.861937046051025, -9.522778511047363, -5.096546173095703, -1.0246363878250122, 3.69973087310791, 1.0161950588226318], "lowlevel.spectral_contrast_coeffs.mean": [-0.6713548302650452, -0.736909806728363, -0.6904030442237854, -0.7457098364830017, -0.7902029752731323, -0.7823842167854309], "lowlevel.spectral_contrast_coeffs.stdev": [0.11979179084300995, 0.0900125801563263, 0.07637651264667511, 0.060487955808639526, 0.056331273168325424, 0.09105732291936874], "lowlevel.spectral_contrast_valleys.mean": [-9.40888500213623, -8.175374031066895, -8.016417503356934, -8.05911922454834, -9.008681297302246, -12.128717422485352], "lowlevel.spectral_contrast_valleys.stdev": [2.4067790508270264, 1.3046201467514038, 0.9119971394538879, 0.9160246253013611, 2.209108829498291, 2.8229191303253174], "rhythm.beats_loudness_band_ratio.mean": [0.3420020341873169, 0.1637727916240692, 0.07753481715917587, 0.37291988730430603, 0.06824488937854767, 0.05842626094818115], "rhythm.beats_loudness_band_ratio.stdev": [0.3395983576774597, 0.19043821096420288, 0.11239228397607803, 0.36128121614456177, 0.07128467410802841, 0.09606309980154037], "tonal.hpcp.mean": [0.12463293969631195, 0.1426299810409546, 0.046857502311468124, 0.019835209473967552, 0.01769896410405636, 0.025754820555448532, 0.10607555508613586, 0.12038668245077133, 0.044962767511606216, 0.16661986708641052, 0.20679064095020294, 0.06716795265674591, 0.03377222269773483, 0.031204722821712494, 0.025376370176672935, 0.25465837121009827, 0.30575883388519287, 0.0824536681175232, 0.03542104363441467, 0.03796248510479927, 0.0636192262172699, 0.2840936779975891, 0.33914390206336975, 0.14684511721134186, 0.08954720199108124, 0.07223643362522125, 0.08984864503145218, 0.15092431008815765, 0.1112767681479454, 0.05096670985221863, 0.16011369228363037, 0.18146781623363495, 0.09288216382265091, 0.09864490479230881, 0.0646270215511322, 0.02455316297709942], "tonal.hpcp.stdev": [0.23403649032115936, 0.26050466299057007, 0.11143950372934341, 0.07344760745763779, 0.07631528377532959, 0.09758153557777405, 0.21122029423713684, 0.2448062151670456, 0.10623742640018463, 0.27365079522132874, 0.34485936164855957, 0.13150344789028168, 0.12443672865629196, 0.11806376278400421, 0.08196353912353516, 0.3178386092185974, 0.3794310688972473, 0.14789026975631714, 0.1270826756954193, 0.13604311645030975, 0.16156281530857086, 0.34752166271209717, 0.3970794975757599, 0.25626814365386963, 0.23220257461071014, 0.20290766656398773, 0.19291146099567413, 0.2753104269504547, 0.2113729566335678, 0.16495169699192047, 0.2564428746700287, 0.2852896749973297, 0.16452129185199738, 0.2250523865222931, 0.1522141993045807, 0.09223733097314835], "rhythm.beats_position": [0.8126984238624573, 1.6253968477249146, 2.426485300064087, 3.2275736331939697, 4.017052173614502, 4.806530475616455, 5.596008777618408, 6.397097587585449, 7.186575889587402, 7.964444160461426, 8.74231243133545, 9.543400764465332, 10.332880020141602, 11.122358322143555, 11.911836624145508, 12.701314926147461, 13.490793228149414, 14.280271530151367, 15.06974983215332, 15.85922908782959, 16.648706436157227, 17.43818473815918, 18.227664947509766, 19.01714324951172, 19.806621551513672, 20.596099853515625, 21.385578155517578, 22.17505645751953, 22.964534759521484, 23.754013061523438, 24.54349136352539, 25.332969665527344, 26.122447967529297, 26.91192626953125, 27.701404571533203, 28.49088478088379, 29.280363082885742, 30.069841384887695, 30.85931968688965, 31.6487979888916, 32.43827438354492, 33.227752685546875, 34.017234802246094, 34.80671310424805, 35.59619140625, 36.38566970825195, 37.175148010253906, 37.96462631225586, 38.75410461425781, 39.543582916259766], "rhythm.bpm_histogram": [0.0, 0.0, 0.0, 0.0, 0.0, 0.0, 0.0, 0.0, 0.0, 0.0, 0.0, 0.0, 0.0, 0.0, 0.0, 0.0, 0.0, 0.0, 0.0, 0.0, 0.0, 0.0, 0.0, 0.0, 0.0, 0.0, 0.0, 0.0, 0.0, 0.0, 0.0, 0.0, 0.0, 0.0, 0.0, 0.0, 0.0, 0.0, 0.0, 0.0, 0.0, 0.0, 0.0, 0.0, 0.0, 0.0, 0.0, 0.0, 0.0, 0.0, 0.0, 0.0, 0.0, 0.0, 0.0, 0.0, 0.0, 0.0, 0.0, 0.0, 0.0, 0.0, 0.0, 0.0, 0.0, 0.0, 0.0, 0.0, 0.0, 0.0, 0.0, 0.0, 0.0, 0.0, 0.020408162847161293, 0.08163265138864517, 0.8571428656578064, 0.040816325694322586, 0.0, 0.0, 0.0, 0.0, 0.0, 0.0, 0.0, 0.0, 0.0, 0.0, 0.0, 0.0, 0.0, 0.0, 0.0, 0.0, 0.0, 0.0, 0.0, 0.0, 0.0, 0.0, 0.0, 0.0, 0.0, 0.0, 0.0, 0.0, 0.0, 0.0, 0.0, 0.0, 0.0, 0.0, 0.0, 0.0, 0.0, 0.0, 0.0, 0.0, 0.0, 0.0, 0.0, 0.0, 0.0, 0.0, 0.0, 0.0, 0.0, 0.0, 0.0, 0.0, 0.0, 0.0, 0.0, 0.0, 0.0, 0.0, 0.0, 0.0, 0.0, 0.0, 0.0, 0.0, 0.0, 0.0, 0.0, 0.0, 0.0, 0.0, 0.0, 0.0, 0.0, 0.0, 0.0, 0.0, 0.0, 0.0, 0.0, 0.0, 0.0, 0.0, 0.0, 0.0, 0.0, 0.0, 0.0, 0.0, 0.0, 0.0, 0.0, 0.0, 0.0, 0.0, 0.0, 0.0, 0.0, 0.0, 0.0, 0.0, 0.0, 0.0, 0.0, 0.0, 0.0, 0.0, 0.0, 0.0, 0.0, 0.0, 0.0, 0.0, 0.0, 0.0, 0.0, 0.0, 0.0, 0.0, 0.0, 0.0, 0.0, 0.0, 0.0, 0.0, 0.0, 0.0, 0.0, 0.0, 0.0, 0.0, 0.0, 0.0, 0.0, 0.0, 0.0, 0.0, 0.0, 0.0, 0.0, 0.0, 0.0, 0.0, 0.0, 0.0, 0.0, 0.0, 0.0, 0.0, 0.0, 0.0, 0.0, 0.0, 0.0, 0.0, 0.0, 0.0, 0.0, 0.0, 0.0, 0.0, 0.0, 0.0, 0.0, 0.0, 0.0, 0.0, 0.0, 0.0, 0.0, 0.0, 0.0, 0.0], "tonal.chords_histogram": [4.398148059844971, 2.777777671813965, 8.217592239379883, 0.0, 0.6944444179534912, 0.0, 0.0, 0.0, 0.0, 0.0, 0.0, 0.0, 0.0, 0.0, 0.0, 0.0, 0.0, 0.11574073880910873, 0.46296295523643494, 6.481481552124023, 0.0, 14.699073791503906, 36.689815521240234, 25.462963104248047], "tonal.thpcp": [1.0, 0.43298763036727905, 0.26403895020484924, 0.21299640834331512, 0.26492780447006226, 0.445015549659729, 0.32811078429222107, 0.15028049051761627, 0.47211137413978577, 0.5350761413574219, 0.273872435092926, 0.2908644378185272, 0.1905592978000641, 0.07239747792482376, 0.36749279499053955, 0.4205588698387146, 0.13816407322883606, 0.05848611518740654, 0.05218718200922012, 0.07594068348407745, 0.3127744793891907, 0.3549722731113434, 0.13257725536823273, 0.4912954866886139, 0.609743058681488, 0.19805148243904114, 0.0995808020234108, 0.09201027452945709, 0.07482478767633438, 0.7508859038352966, 0.9015607833862305, 0.24312295019626617, 0.1044425219297409, 0.11193621903657913, 0.187587708234787, 0.837678849697113], "lowlevel.gfcc.cov": [[27958.5859375, -5243.42041015625, 10284.25390625, 10373.1435546875, -3158.34375, 2917.097900390625, -1494.115966796875, 2398.076171875, -1563.6663818359375, 925.8348999023438, -1239.185302734375, -332.37884521484375, -1436.673828125], [-5243.42041015625, 3745.580078125, -1667.2845458984375, -1932.6370849609375, 1515.3033447265625, -769.6864624023438, 917.8150634765625, -506.60577392578125, 748.1445922851562, -309.8893737792969, 412.5999755859375, 61.13290786743164, 394.151123046875], [10284.25390625, -1667.2845458984375, 5416.19189453125, 3689.893798828125, -724.7833251953125, 1600.5106201171875, -834.5005493164062, 1209.0416259765625, -537.9608764648438, 577.5444946289062, -474.85760498046875, -21.76413345336914, -595.7318725585938], [10373.1435546875, -1932.6370849609375, 3689.893798828125, 5345.28857421875, -994.9325561523438, 1444.14306640625, 110.73970794677734, 870.5931396484375, -315.8800354003906, 326.13958740234375, -284.9986267089844, -158.0567169189453, -408.8631286621094], [-3158.34375, 1515.3033447265625, -724.7833251953125, -994.9325561523438, 1337.6207275390625, -75.39897918701172, 646.9629516601562, -150.192138671875, 446.8535461425781, -24.197418212890625, 245.33892822265625, 139.27838134765625, 229.13983154296875], [2917.097900390625, -769.6864624023438, 1600.5106201171875, 1444.14306640625, -75.39897918701172, 1013.2222290039062, 6.88679838180542, 440.417236328125, 9.632810592651367, 232.41854858398438, -46.52372360229492, 16.25164794921875, -81.94397735595703], [-1494.115966796875, 917.8150634765625, -834.5005493164062, 110.73970794677734, 646.9629516601562, 6.88679838180542, 1026.859375, -35.69873046875, 387.0894470214844, -87.55979919433594, 202.58087158203125, 13.639627456665039, 181.31475830078125], [2398.076171875, -506.60577392578125, 1209.0416259765625, 870.5931396484375, -150.192138671875, 440.417236328125, -35.69873046875, 492.9599304199219, -48.911956787109375, 207.92208862304688, -80.70645904541016, 19.495473861694336, -128.96629333496094], [-1563.6663818359375, 748.1445922851562, -537.9608764648438, -315.8800354003906, 446.8535461425781, 9.632810592651367, 387.0894470214844, -48.911956787109375, 404.26385498046875, 18.993249893188477, 206.24452209472656, 58.195152282714844, 164.69720458984375], [925.8348999023438, -309.8893737792969, 577.5444946289062, 326.13958740234375, -24.197418212890625, 232.41854858398438, -87.55979919433594, 207.92208862304688, 18.993249893188477, 224.0990753173828, 34.29452133178711, 67.10283660888672, -32.71636962890625], [-1239.185302734375, 412.5999755859375, -474.85760498046875, -284.9986267089844, 245.33892822265625, -46.52372360229492, 202.58087158203125, -80.70645904541016, 206.24452209472656, 34.29452133178711, 222.6455841064453, 74.49208068847656, 136.78155517578125], [-332.37884521484375, 61.13290786743164, -21.76413345336914, -158.0567169189453, 139.27838134765625, 16.25164794921875, 13.639627456665039, 19.495473861694336, 58.195152282714844, 67.10283660888672, 74.49208068847656, 127.44287109375, 63.810394287109375], [-1436.673828125, 394.151123046875, -595.7318725585938, -408.8631286621094, 229.13983154296875, -81.94397735595703, 181.31475830078125, -128.96629333496094, 164.69720458984375, -32.71636962890625, 136.78155517578125, 63.810394287109375, 183.7588653564453]], "lowlevel.gfcc.icov": [[0.000394735048757866, -0.00015770622121635824, -0.00017616282275412232, -0.0005319577176123857, 0.0002894968492910266, 5.3837378800380975e-05, 0.00012773979688063264, -0.0003393624792806804, 0.000334834010573104, -0.0002028961171163246, 0.0004932108568027616, -0.00040769000770524144, 0.0004067250119987875], [-0.00015770622121635824, 0.0018380277324467897, -0.001480529666878283, 0.0007484647212550044, -0.0007574810297228396, 0.0018957178108394146, -0.0009621530771255493, 0.0009823987493291497, -0.0023626263719052076, 0.002341637620702386, -0.001739255036227405, 0.0015863146400079131, -0.0016029110411182046], [-0.00017616282275412232, -0.001480529666878283, 0.0029286197386682034, -0.000901644176337868, -0.000521019275765866, -0.0023358785547316074, 0.002153542824089527, -0.002227363409474492, 0.0021046879701316357, -0.001958164619281888, 0.0016014507273212075, -0.0013882739003747702, 0.002261525020003319], [-0.0005319577176123857, 0.0007484647212550044, -0.000901644176337868, 0.001689336379058659, 0.0002581650041975081, 0.00019999948563054204, -0.001596324611455202, 0.0014321196358650923, -0.0010625108843669295, 0.0007998731452971697, -0.001368486089631915, 0.0011342874495312572, -0.0008617686107754707], [0.0002894968492910266, -0.0007574810297228396, -0.000521019275765866, 0.0002581650041975081, 0.0029171586502343416, -0.0007717458065599203, -0.001546907122246921, 0.0010828598169609904, -0.00015547934162896127, -0.0011363982921466231, 0.0011448628501966596, -0.00220490712672472, 0.0009285065461881459], [5.3837378800380975e-05, 0.0018957178108394146, -0.0023358785547316074, 0.00019999948563054204, -0.0007717458065599203, 0.004757632501423359, -0.0010198884410783648, 0.00029218746931292117, -0.0028107520192861557, 0.0017076053190976381, -0.0013863687636330724, 0.0022868101950734854, -0.0034166520927101374], [0.00012773979688063264, -0.0009621530771255493, 0.002153542824089527, -0.001596324611455202, -0.001546907122246921, -0.0010198884410783648, 0.0045198844745755196, -0.0033148122020065784, 0.0004319541621953249, 0.0006905992631800473, 0.000294562109047547, -6.690742156933993e-05, 0.0007199893589131534], [-0.0003393624792806804, 0.0009823987493291497, -0.002227363409474492, 0.0014321196358650923, 0.0010828598169609904, 0.00029218746931292117, -0.0033148122020065784, 0.008746596984565258, -0.00243503344245255, -0.0029889701399952173, 0.0009817557875066996, -0.0002539600827731192, 0.0004021260829176754], [0.000334834010573104, -0.0023626263719052076, 0.0021046879701316357, -0.0010625108843669295, -0.00015547934162896127, -0.0028107520192861557, 0.0004319541621953249, -0.00243503344245255, 0.010667192749679089, -0.003945690579712391, -0.0014730188995599747, 9.553246491122991e-05, -0.00024993010447360575], [-0.0002028961171163246, 0.002341637620702386, -0.001958164619281888, 0.0007998731452971697, -0.0011363982921466231, 0.0017076053190976381, 0.0006905992631800473, -0.0029889701399952173, -0.003945690579712391, 0.01577114500105381, -0.007164563983678818, -0.002240943955257535, 0.0006773401983082294], [0.0004932108568027616, -0.001739255036227405, 0.0016014507273212075, -0.001368486089631915, 0.0011448628501966596, -0.0013863687636330724, 0.000294562109047547, 0.0009817557875066996, -0.0014730188995599747, -0.007164563983678818, 0.015949804335832596, -0.0043136924505233765, -0.0022436261642724276], [-0.00040769000770524144, 0.0015863146400079131, -0.0013882739003747702, 0.0011342874495312572, -0.00220490712672472, 0.0022868101950734854, -6.690742156933993e-05, -0.0002539600827731192, 9.553246491122991e-05, -0.002240943955257535, -0.0043136924505233765, 0.017076212912797928, -0.008113297633826733], [0.0004067250119987875, -0.0016029110411182046, 0.002261525020003319, -0.0008617686107754707, 0.0009285065461881459, -0.0034166520927101374, 0.0007199893589131534, 0.0004021260829176754, -0.00024993010447360575, 0.0006773401983082294, -0.0022436261642724276, -0.008113297633826733, 0.019196592271327972]], "lowlevel.mfcc.cov": [[21750.994140625, -5778.5908203125, 8866.3427734375, 6124.32421875, 1326.43359375, 362.54937744140625, 1121.0623779296875, 535.1446533203125, 186.32684326171875, 295.647216796875, 206.34469604492188, -55.40204620361328, -154.64889526367188], [-5778.5908203125, 4126.21630859375, -2553.4013671875, -1251.3702392578125, -147.8505859375, -0.01587904803454876, -167.34201049804688, 147.05482482910156, 94.11719512939453, 53.912147521972656, 42.76300811767578, 36.1772346496582, 151.2556915283203], [8866.3427734375, -2553.4013671875, 5181.97119140625, 2095.869873046875, 1131.1304931640625, 257.78619384765625, 418.1388854980469, 145.40924072265625, 150.46067810058594, 125.94792938232422, 166.24493408203125, 73.5512466430664, -2.7234859466552734], [6124.32421875, -1251.3702392578125, 2095.869873046875, 2846.288330078125, 365.2505798339844, 499.0106506347656, 676.5979614257812, 485.845458984375, 200.88815307617188, 292.4486999511719, 163.67478942871094, 59.50449752807617, 38.8864631652832], [1326.43359375, -147.8505859375, 1131.1304931640625, 365.2505798339844, 704.8493041992188, 265.38043212890625, 152.36195373535156, 100.21249389648438, 145.15040588378906, 79.42132568359375, 121.61000061035156, 85.96733093261719, 62.015865325927734], [362.54937744140625, -0.01587904803454876, 257.78619384765625, 499.0106506347656, 265.38043212890625, 635.6640014648438, 262.3250427246094, 272.0196533203125, 205.78713989257812, 186.14849853515625, 120.35137939453125, 91.17316436767578, 75.63414764404297], [1121.0623779296875, -167.34201049804688, 418.1388854980469, 676.5979614257812, 152.36195373535156, 262.3250427246094, 456.4144592285156, 271.8511657714844, 175.4125213623047, 169.31251525878906, 127.14784240722656, 62.57854461669922, 61.036991119384766], [535.1446533203125, 147.05482482910156, 145.40924072265625, 485.845458984375, 100.21249389648438, 272.0196533203125, 271.8511657714844, 364.2738037109375, 201.3084716796875, 178.77870178222656, 127.95679473876953, 62.10866928100586, 58.646541595458984], [186.32684326171875, 94.11719512939453, 150.46067810058594, 200.88815307617188, 145.15040588378906, 205.78713989257812, 175.4125213623047, 201.3084716796875, 225.14151000976562, 153.67271423339844, 113.54930114746094, 74.50939178466797, 71.83802795410156], [295.647216796875, 53.912147521972656, 125.94792938232422, 292.4486999511719, 79.42132568359375, 186.14849853515625, 169.31251525878906, 178.77870178222656, 153.67271423339844, 209.00473022460938, 124.81840515136719, 82.34264373779297, 64.42681884765625], [206.34469604492188, 42.76300811767578, 166.24493408203125, 163.67478942871094, 121.61000061035156, 120.35137939453125, 127.14784240722656, 127.95679473876953, 113.54930114746094, 124.81840515136719, 155.33859252929688, 89.06864929199219, 61.64079284667969], [-55.40204620361328, 36.1772346496582, 73.5512466430664, 59.50449752807617, 85.96733093261719, 91.17316436767578, 62.57854461669922, 62.10866928100586, 74.50939178466797, 82.34264373779297, 89.06864929199219, 125.22808837890625, 86.64338684082031], [-154.64889526367188, 151.2556915283203, -2.7234859466552734, 38.8864631652832, 62.015865325927734, 75.63414764404297, 61.036991119384766, 58.646541595458984, 71.83802795410156, 64.42681884765625, 61.64079284667969, 86.64338684082031, 118.63884735107422]], "lowlevel.mfcc.icov": [[0.0004479326889850199, 0.00013170368038117886, -0.0005065446021035314, -0.0006353714852593839, 0.00016589317237958312, 0.0003190053394064307, 0.0001295699767069891, -6.0090918850619346e-05, -0.00015082360187079757, 0.00011028530570911244, -9.883615712169558e-05, 0.00042676078737713397, 5.668363519362174e-05], [0.00013170368038117886, 0.0005078304675407708, 0.00012443825835362077, -0.00010222823766525835, -0.0003790767805185169, 0.0002502578718122095, 0.0002329755516257137, -0.0005564947496168315, 0.0001759638253133744, -0.00018287111015524715, -5.341723226592876e-05, 0.0006749554886482656, -0.0007179769454523921], [-0.0005065446021035314, 0.00012443825835362077, 0.0012064370093867183, 0.00041159786633215845, -0.0011394456960260868, -8.795788744464517e-06, -1.8041715520666912e-05, 7.371897663688287e-05, 0.00013515655882656574, -0.00019643436826299876, 4.887921386398375e-05, -0.0002934385556727648, -0.0001383508206345141], [-0.0006353714852593839, -0.00010222823766525835, 0.00041159786633215845, 0.0018280971562489867, -5.9682624851120636e-05, -0.0006714596529491246, -0.0009237828198820353, -0.0007724585011601448, 0.001243356615304947, -0.0008862947579473257, 0.0005926224985159934, -0.00037365779280662537, -0.0002778561320155859], [0.00016589317237958312, -0.0003790767805185169, -0.0011394456960260868, -5.9682624851120636e-05, 0.003640156937763095, -0.0011412468738853931, -0.00014449033187702298, 0.0010236998787149787, -0.0015691950684413314, 0.001713926438242197, -0.0015911958180367947, -0.00048043247079476714, 0.0002830166195053607], [0.0003190053394064307, 0.0002502578718122095, -8.795788744464517e-06, -0.0006714596529491246, -0.0011412468738853931, 0.0033117264974862337, -0.00013547882554121315, -0.0012291836319491267, -0.000635917647741735, -0.001017855480313301, 0.001142952824011445, -0.00040480337338522077, 0.00011885902495123446], [0.0001295699767069891, 0.0002329755516257137, -1.8041715520666912e-05, -0.0009237828198820353, -0.00014449033187702298, -0.00013547882554121315, 0.005348973907530308, -0.0018668111879378557, -0.0009241963271051645, -0.00019172366592101753, -0.0013299514539539814, 0.001228639273904264, -0.001035519759170711], [-6.0090918850619346e-05, -0.0005564947496168315, 7.371897663688287e-05, -0.0007724585011601448, 0.0010236998787149787, -0.0012291836319491267, -0.0018668111879378557, 0.00937587022781372, -0.004833355080336332, -0.0003511181566864252, -0.0021678723860532045, 0.0008136391988955438, 0.0011097273090854287], [-0.00015082360187079757, 0.0001759638253133744, 0.00013515655882656574, 0.001243356615304947, -0.0015691950684413314, -0.000635917647741735, -0.0009241963271051645, -0.004833355080336332, 0.014533063396811485, -0.005499742459505796, -0.00039502623258158565, 0.0009761340916156769, -0.0030560106970369816], [0.00011028530570911244, -0.00018287111015524715, -0.00019643436826299876, -0.0008862947579473257, 0.001713926438242197, -0.001017855480313301, -0.00019172366592101753, -0.0003511181566864252, -0.005499742459505796, 0.01518314890563488, -0.006183641497045755, -0.0023022331297397614, 0.000667237676680088], [-9.883615712169558e-05, -5.341723226592876e-05, 4.887921386398375e-05, 0.0005926224985159934, -0.0015911958180367947, 0.001142952824011445, -0.0013299514539539814, -0.0021678723860532045, -0.00039502623258158565, -0.006183641497045755, 0.01854141242802143, -0.008407656103372574, 0.001709061791189015], [0.00042676078737713397, 0.0006749554886482656, -0.0002934385556727648, -0.00037365779280662537, -0.00048043247079476714, -0.00040480337338522077, 0.001228639273904264, 0.0008136391988955438, 0.0009761340916156769, -0.0023022331297397614, -0.008407656103372574, 0.023982660844922066, -0.013200921937823296], [5.668363519362174e-05, -0.0007179769454523921, -0.0001383508206345141, -0.0002778561320155859, 0.0002830166195053607, 0.00011885902495123446, -0.001035519759170711, 0.0011097273090854287, -0.0030560106970369816, 0.000667237676680088, 0.001709061791189015, -0.013200921937823296, 0.01950751058757305]], "metadata.audio_properties.analysis.downmix": "mix", "metadata.audio_properties.codec": "mp3", "metadata.audio_properties.md5_encoded": "b49ae81827cd6ab6433e2fc4c1ff9be4", "metadata.tags.file_name": "1182271835128217631.mp3", "metadata.version.essentia": "2.1-beta6-dev", "metadata.version.essentia_git_sha": "v2.1_beta5-1110-g77a6a954", "metadata.version.extractor": "music 2.0", "tonal.chords_key": "C", "tonal.chords_scale": "major", "tonal.key_edma.key": "C", "tonal.key_edma.scale": "major", "tonal.key_krumhansl.key": "C", "tonal.key_krumhansl.scale": "major", "tonal.key_temperley.key": "G", "tonal.key_temperley.scale": "major", "metadata.tags.encoding": ["Lavf58.45.100"]}, "essentia_models": [{"model_name": "genre_dortmund", "activations": {"alternative": "0.10292367", "blues": "0.019330852", "electronic": "0.24740806", "fo