{"song_id": "1182280217100828672", "download": "https://cdn.discordapp.com/attachments/1128313332273782784/1182280217100828672/chirp.mp4?ex=65841f41&amp", "lyrics": "\u0418\u0440\u0438\u043d\u0430 \u042e\u0440\u044c\u0435\u0432\u043d\u0430, \u0442\u0435\u0449\u0430 \u0434\u043e\u0440\u043e\u0433\u0430\u044f!\n\u0421 \u0414\u043d\u0451\u043c \u0420\u043e\u0436\u0434\u0435\u043d\u0438\u044f! \u0412\u0430\u0441 \u044f \u043f\u043e\u0437\u0434\u0440\u0430\u0432\u043b\u044f\u044e!\n\u041f\u0443\u0441\u0442\u044c \u0431\u043b\u0435\u0441\u0442\u044f\u0442 \u043e\u0442 \u0440\u0430\u0434\u043e\u0441\u0442\u0438 \u0433\u043b\u0430\u0437\u0430,\n\u041b\u0443\u0447\u0448\u0435\u0439 \u0442\u0435\u0449\u0438 \u0432 \u043c\u0438\u0440\u0435 \u043d\u0435\u0442, \u044f \u0437\u043d\u0430\u044e!\n\n\u0412\u0430\u043c \u0436\u0435\u043b\u0430\u044e \u043a\u0440\u0435\u043f\u043a\u043e\u0433\u043e \u0437\u0434\u043e\u0440\u043e\u0432\u044c\u044f,\n\u0414\u043e\u043b\u0433\u0438\u0445 \u043b\u0435\u0442, \u043d\u0435\u0443\u0442\u043e\u043c\u0438\u043c\u044b\u0445 \u0441\u0438\u043b.\n\u0427\u0442\u043e\u0431\u044b \u0436\u0438\u0437\u043d\u044c \u0431\u044b\u043b\u0430 \u0412\u0430\u0448\u0430 \u0441\u043f\u043e\u043a\u043e\u0439\u043d\u0430,\n\u0422\u043e\u043b\u044c\u043a\u043e \u043f\u0440\u0430\u0437\u0434\u043d\u0438\u043a \u0432 \u0434\u043e\u043c \u0412\u0430\u0448 \u0437\u0430\u0445\u043e\u0434\u0438\u043b.\n\n\u041d\u0430 \u0433\u043e\u0434\u0430 \u0412\u044b, \u0442\u0435\u0449\u0430, \u043d\u0435 \u0440\u043e\u043f\u0449\u0438\u0442\u0435,\n\u041d\u0435 \u0441\u0434\u0430\u0432\u0430\u0439\u0442\u0435\u0441\u044c \u0432 \u0438\u0445 \u0436\u0435\u0441\u0442\u043e\u043a\u0438\u0439 \u043f\u043b\u0435\u043d,\n\u0412 \u043a\u0430\u0436\u0434\u043e\u043c \u0434\u043d\u0435 \u043f\u0440\u0435\u043a\u0440\u0430\u0441\u043d\u043e\u0435 \u0438\u0449\u0438\u0442\u0435,\n\u041f\u0443\u0441\u0442\u044c \u043d\u0435 \u0431\u0443\u0434\u0435\u0442 \u0433\u043e\u0440\u044f \u0438 \u043f\u0440\u043e\u0431\u043b\u0435\u043c!\n\n\u041a\u0430\u0440\u0438\u043d\u0430 \u0438 \u0410\u0440\u0441\u0435\u043d\u0438\u0439 \u0412\u0430\u0441 \u0442\u043e\u0436\u0435 \u043f\u043e\u0437\u0434\u0440\u0430\u0432\u043b\u044f\u044e\u0442,\n\u0421\u0447\u0430\u0441\u0442\u044c\u044f, \u0440\u0430\u0434\u043e\u0441\u0442\u0438 \u0432 \u0436\u0438\u0437\u043d\u0438 \u0412\u0430\u043c \u0436\u0435\u043b\u0430\u044e\u0442.", "style": ["rock</span><span>, female vocal"], "essentia_features": {"lowlevel.average_loudness": 0.9207354187965393, "lowlevel.barkbands_crest.mean": 12.69044017791748, "lowlevel.barkbands_crest.stdev": 4.2945709228515625, "lowlevel.barkbands_flatness_db.mean": 0.2663893401622772, "lowlevel.barkbands_flatness_db.stdev": 0.10283122211694717, "lowlevel.barkbands_kurtosis.mean": 6.257597923278809, "lowlevel.barkbands_kurtosis.stdev": 10.875128746032715, "lowlevel.barkbands_skewness.mean": 1.5904288291931152, "lowlevel.barkbands_skewness.stdev": 1.5816730260849, "lowlevel.barkbands_spread.mean": 13.032914161682129, "lowlevel.barkbands_spread.stdev": 11.728724479675293, "lowlevel.dissonance.mean": 0.4106067419052124, "lowlevel.dissonance.stdev": 0.05849121883511543, "lowlevel.dynamic_complexity": 4.770812511444092, "lowlevel.erbbands_crest.mean": 11.30466365814209, "lowlevel.erbbands_crest.stdev": 5.298900127410889, "lowlevel.erbbands_flatness_db.mean": 0.25941094756126404, "lowlevel.erbbands_flatness_db.stdev": 0.12247169762849808, "lowlevel.erbbands_kurtosis.mean": 1.2933120727539062, "lowlevel.erbbands_kurtosis.stdev": 3.4208409786224365, "lowlevel.erbbands_skewness.mean": 0.44905081391334534, "lowlevel.erbbands_skewness.stdev": 0.860716700553894, "lowlevel.erbbands_spread.mean": 27.67576789855957, "lowlevel.erbbands_spread.stdev": 24.089040756225586, "lowlevel.hfc.mean": 17.02311897277832, "lowlevel.hfc.stdev": 17.94634246826172, "lowlevel.loudness_ebu128.integrated": -11.537823677062988, "lowlevel.loudness_ebu128.loudness_range": 12.077727317810059, "lowlevel.loudness_ebu128.momentary.mean": -14.55306339263916, "lowlevel.loudness_ebu128.momentary.stdev": 5.6232709884643555, "lowlevel.loudness_ebu128.short_term.mean": -14.02713394165039, "lowlevel.loudness_ebu128.short_term.stdev": 5.040306091308594, "lowlevel.melbands_crest.mean": 16.681936264038086, "lowlevel.melbands_crest.stdev": 5.549590110778809, "lowlevel.melbands_flatness_db.mean": 0.3544573485851288, "lowlevel.melbands_flatness_db.stdev": 0.1234724298119545, "lowlevel.melbands_kurtosis.mean": 16.365575790405273, "lowlevel.melbands_kurtosis.stdev": 28.209733963012695, "lowlevel.melbands_skewness.mean": 2.4977006912231445, "lowlevel.melbands_skewness.stdev": 2.384559154510498, "lowlevel.melbands_spread.mean": 13.45571517944336, "lowlevel.melbands_spread.stdev": 11.456792831420898, "lowlevel.pitch_salience.mean": 0.45471689105033875, "lowlevel.pitch_salience.stdev": 0.10485338419675827, "lowlevel.silence_rate_20dB.mean": 1.0, "lowlevel.silence_rate_20dB.stdev": 0.0, "lowlevel.silence_rate_30dB.mean": 0.9982618689537048, "lowlevel.silence_rate_30dB.stdev": 0.041654497385025024, "lowlevel.silence_rate_60dB.mean": 0.19466975331306458, "lowlevel.silence_rate_60dB.stdev": 0.3959527611732483, "lowlevel.spectral_centroid.mean": 848.2171020507812, "lowlevel.spectral_centroid.stdev": 543.633056640625, "lowlevel.spectral_complexity.mean": 12.082850456237793, "lowlevel.spectral_complexity.stdev": 6.102210998535156, "lowlevel.spectral_decrease.mean": -9.094905273343556e-09, "lowlevel.spectral_decrease.stdev": 6.726694756764573e-09, "lowlevel.spectral_energy.mean": 0.03587029501795769, "lowlevel.spectral_energy.stdev": 0.026608899235725403, "lowlevel.spectral_energyband_high.mean": 0.0004096929042134434, "lowlevel.spectral_energyband_high.stdev": 0.0011498251697048545, "lowlevel.spectral_energyband_low.mean": 0.018230104818940163, "lowlevel.spectral_energyband_low.stdev": 0.014908973127603531, "lowlevel.spectral_energyband_middle_high.mean": 0.00559179438278079, "lowlevel.spectral_energyband_middle_high.stdev": 0.009284931235015392, "lowlevel.spectral_energyband_middle_low.mean": 0.012303948402404785, "lowlevel.spectral_energyband_middle_low.stdev": 0.014292030595242977, "lowlevel.spectral_entropy.mean": 6.742832660675049, "lowlevel.spectral_entropy.stdev": 0.8164522647857666, "lowlevel.spectral_flux.mean": 0.06775445491075516, "lowlevel.spectral_flux.stdev": 0.05766191706061363, "lowlevel.spectral_kurtosis.mean": 49.55430221557617, "lowlevel.spectral_kurtosis.stdev": 72.15498352050781, "lowlevel.spectral_rms.mean": 0.005254474934190512, "lowlevel.spectral_rms.stdev": 0.0027176905423402786, "lowlevel.spectral_rolloff.mean": 754.7097778320312, "lowlevel.spectral_rolloff.stdev": 749.2139892578125, "lowlevel.spectral_skewness.mean": 3.75040340423584, "lowlevel.spectral_skewness.stdev": 3.2726945877075195, "lowlevel.spectral_spread.mean": 3127708.75, "lowlevel.spectral_spread.stdev": 2485937.75, "lowlevel.spectral_strongpeak.mean": 1.0088422298431396, "lowlevel.spectral_strongpeak.stdev": 1.43733549118042, "lowlevel.zerocrossingrate.mean": 0.03288175165653229, "lowlevel.zerocrossingrate.stdev": 0.021022086963057518, "metadata.audio_properties.analysis.equal_loudness": 0.0, "metadata.audio_properties.analysis.length": 40.04265213012695, "metadata.audio_properties.analysis.sample_rate": 44100.0, "metadata.audio_properties.analysis.start_time": 0.0, "metadata.audio_properties.bit_rate": 112259.0, "metadata.audio_properties.length": 40.042667388916016, "metadata.audio_properties.lossless": 0.0, "metadata.audio_properties.number_channels": 1.0, "metadata.audio_properties.replay_gain": -14.766084671020508, "metadata.audio_properties.sample_rate": 48000.0, "rhythm.beats_count": 73.0, "rhythm.beats_loudness.mean": 0.04218380153179169, "rhythm.beats_loudness.stdev": 0.02843612991273403, "rhythm.bpm": 110.72743225097656, "rhythm.bpm_histogram_first_peak_bpm": 110.0, "rhythm.bpm_histogram_first_peak_weight": 0.5499999523162842, "rhythm.bpm_histogram_second_peak_bpm": 115.0, "rhythm.bpm_histogram_second_peak_spread": 0.4444444179534912, "rhythm.bpm_histogram_second_peak_weight": 0.0694444477558136, "rhythm.danceability": 0.9629082083702087, "rhythm.onset_rate": 3.1457202434539795, "tonal.chords_changes_rate": 0.046296294778585434, "tonal.chords_number_rate": 0.011574073694646358, "tonal.chords_strength.mean": 0.5565596222877502, "tonal.chords_strength.stdev": 0.08787333965301514, "tonal.hpcp_crest.mean": 14.711647033691406, "tonal.hpcp_crest.stdev": 6.098896503448486, "tonal.hpcp_entropy.mean": 1.7628027200698853, "tonal.hpcp_entropy.stdev": 0.5648379325866699, "tonal.key_edma.strength": 0.7380381226539612, "tonal.key_krumhansl.strength": 0.7266978621482849, "tonal.key_temperley.strength": 0.7422194480895996, "tonal.tuning_diatonic_strength": 0.5533624291419983, "tonal.tuning_equal_tempered_deviation": 0.1950729340314865, "tonal.tuning_frequency": 434.193115234375, "tonal.tuning_nontempered_energy_ratio": 0.9597511887550354, "lowlevel.barkbands.mean": [0.001302708638831973, 0.014181683771312237, 0.002538804430514574, 0.0006118487217463553, 0.0028875742573291063, 0.0016313201049342752, 0.002001021523028612, 0.0031520153861492872, 0.0011083323042839766, 0.002099374309182167, 0.0009291731403209269, 0.0006936023128218949, 0.0004284523311071098, 0.0004911299329251051, 0.00021691406436730176, 0.0004072533338330686, 0.0003007875639013946, 0.000306208647089079, 0.00011005265696439892, 0.00011279150930931792, 5.241384860710241e-05, 0.00011742142669390887, 7.768595969537273e-05, 5.833681279909797e-05, 3.6486206226982176e-05, 1.6724050510674715e-05, 2.0656537458307866e-07], "lowlevel.barkbands.stdev": [0.0014659679727628827, 0.012016708962619305, 0.0032143648713827133, 0.0013246078742668033, 0.004439368378371, 0.004973386414349079, 0.0064037456177175045, 0.008091580122709274, 0.003967880271375179, 0.006268033292144537, 0.0033202248159796, 0.0027537876740098, 0.0011994143715128303, 0.0013873727293685079, 0.0006728725275024772, 0.0013319972204044461, 0.0009144057403318584, 0.0006210337160155177, 0.00034690319444052875, 0.0008776869508437812, 0.00022336405527312309, 0.00034727583988569677, 0.000194562177057378, 0.00019934546435251832, 0.00014297546294983476, 7.061079668346792e-05, 1.3794256119581405e-06], "lowlevel.erbbands.mean": [0.6111712455749512, 2.3217525482177734, 3.459841728210449, 2.17614483833313, 3.7447986602783203, 11.702536582946777, 15.093987464904785, 13.524214744567871, 21.044513702392578, 55.538692474365234, 53.39200210571289, 25.612409591674805, 62.92433547973633, 46.678077697753906, 39.697181701660156, 23.910314559936523, 21.450502395629883, 26.027027130126953, 13.850069999694824, 12.836650848388672, 25.557388305664062, 16.908353805541992, 17.18120002746582, 8.899659156799316, 5.537184238433838, 5.111351490020752, 2.7630655765533447, 2.2097997665405273, 4.16258430480957, 3.4660534858703613, 2.0342485904693604, 1.3488025665283203, 0.9078819751739502, 0.47825559973716736, 0.2211446762084961, 0.09759076684713364, 0.02637181058526039, 0.002219020389020443, 6.813919026171789e-05, 4.358043224783614e-05], "lowlevel.erbbands.stdev": [0.5266332030296326, 2.141099691390991, 3.6240785121917725, 3.278792142868042, 5.693046569824219, 20.120410919189453, 38.67144775390625, 47.57247543334961, 72.56855010986328, 142.46002197265625, 137.8487548828125, 91.36396789550781, 190.35838317871094, 164.89959716796875, 129.7502899169922, 92.242919921875, 58.462894439697266, 72.42444610595703, 33.2762565612793, 32.83124923706055, 83.387939453125, 46.22282028198242, 35.099281311035156, 18.029890060424805, 28.820045471191406, 39.14108657836914, 14.544288635253906, 8.486098289489746, 13.214207649230957, 8.275239944458008, 5.326248645782471, 4.55239725112915, 3.1856653690338135, 1.8364920616149902, 0.89259934425354, 0.4118894338607788, 0.11253385990858078, 0.009606552310287952, 0.00020771418348886073, 3.2752992410678416e-05], "lowlevel.gfcc.mean": [-103.48965454101562, 170.56637573242188, -113.3219985961914, -2.157886505126953, -37.33873748779297, 9.31096076965332, -32.240169525146484, 7.68283748626709, -5.558218002319336, -7.896648406982422, -4.566223621368408, 1.806124210357666, -4.979045391082764], "lowlevel.melbands.mean": [0.0045033716596663, 0.0021182559430599213, 0.0004216654924675822, 0.0005519040860235691, 0.0005540396668948233, 0.00029578348039649427, 0.00035152165219187737, 0.0006773620843887329, 0.000386308558518067, 0.00015373388305306435, 0.00031671568285673857, 0.00019233940111007541, 0.00012189325934741646, 9.734327613841742e-05, 4.4269287172937766e-05, 4.287260162527673e-05, 5.1349976274650544e-05, 2.255372419313062e-05, 1.7677108189673163e-05, 2.279448017361574e-05, 2.9687207643291913e-05, 1.7203487004735507e-05, 1.7636122720432468e-05, 1.266792696696939e-05, 6.675407803413691e-06, 3.595497673813952e-06, 4.420183813635958e-06, 3.1653519272367703e-06, 1.9446054011496017e-06, 1.1755729474316468e-06, 1.2885117257610545e-06, 2.3285583665710874e-06, 2.4626508547953563e-06, 1.726532445900375e-06, 1.216386522173707e-06, 8.995980351755861e-07, 8.060687832767144e-07, 6.979192903600051e-07, 4.631002639143844e-07, 3.8069782704042154e-07], "lowlevel.melbands.stdev": [0.0038416299503296614, 0.001944124698638916, 0.000566456641536206, 0.0008495404617860913, 0.0011829559225589037, 0.0009983457857742906, 0.00113938027061522, 0.0016785216284915805, 0.0010567371500656009, 0.000572197837755084, 0.0009719729423522949, 0.0007086221594363451, 0.00040774885565042496, 0.00036580042797140777, 0.0001742104213917628, 0.00012659902859013528, 0.0001553054607938975, 6.09139351581689e-05, 5.977926412015222e-05, 6.823839794378728e-05, 9.868911729427055e-05, 5.3225576266413555e-05, 4.536703636404127e-05, 2.4398856112384237e-05, 1.4802051737206057e-05, 1.2949941265105736e-05, 3.616722096921876e-05, 2.4196791855501942e-05, 1.1537335012690164e-05, 5.32161584487767e-06, 4.875576905760681e-06, 7.891770110290963e-06, 6.9359798544610385e-06, 4.0048880691756494e-06, 3.067335228479351e-06, 3.1126983230933547e-06, 2.821799171215389e-06, 2.5026729417731985e-06, 1.6827409581310349e-06, 1.5293627484425087e-06], "lowlevel.melbands128.mean": [0.0012194423470646143, 0.005692117847502232, 0.005286097060889006, 0.0034243641421198845, 0.0021491521038115025, 0.0010272964136675, 0.0003931660030502826, 0.0003150428819935769, 0.0002982696460094303, 0.0005786226829513907, 0.0006998496828600764, 0.0006702999817207456, 0.0005556872929446399, 0.0003502346226014197, 0.0003306072030682117, 0.0002362401719437912, 0.00021108162763994187, 0.000382622005417943, 0.0005209127557463944, 0.000569649098906666, 0.0009069371735677123, 0.0006039580330252647, 0.00029378337785601616, 0.0001982053800020367, 0.0001300095027545467, 0.00011558474216144532, 0.00022403958428185433, 0.00043145654490217566, 0.0003123382630292326, 0.00018943710892926902, 0.0001925555116031319, 0.00010270514758303761, 8.766069367993623e-05, 0.00016812296235002577, 0.0001335466658929363, 7.061115320539102e-05, 4.1171995690092444e-05, 4.191213520243764e-05, 4.536465712590143e-05, 5.5131611588876694e-05, 4.1348448576172814e-05, 2.4098406356642954e-05, 6.225368997547776e-05, 6.259288056753576e-05, 2.8265943910810165e-05, 1.3356577255763113e-05, 1.6222811609623022e-05, 2.356285222049337e-05, 1.6176829376490787e-05, 9.104043783736415e-06, 1.9736282411031425e-05, 4.1477251215837896e-05, 3.5260676668258384e-05, 2.4794378987280652e-05, 1.8754446500679478e-05, 1.7515358194941655e-05, 1.3302333172759973e-05, 1.6808526197564788e-05, 2.051783121714834e-05, 1.7146385289379396e-05, 1.1232215001655277e-05, 1.03318780020345e-05, 9.747596777742729e-06, 4.6068230403761845e-06, 3.571785100575653e-06, 3.3773990253394004e-06, 3.5251537156000268e-06, 4.325911504565738e-06, 5.147241154190851e-06, 4.179622465017019e-06, 2.665851752681192e-06, 3.0450864869635552e-06, 2.669878767846967e-06, 1.5926655123621458e-06, 1.2757187732859165e-06, 1.3064336599200033e-06, 1.0824579703694326e-06, 9.618498779673246e-07, 1.2801551747543272e-06, 1.4964186902943766e-06, 2.4477938040945446e-06, 2.5370959519932512e-06, 2.4469236450386234e-06, 2.7697878977051005e-06, 2.19940920942463e-06, 1.714004497443966e-06, 1.6556191440031398e-06, 1.4874257203700836e-06, 1.1598294804571196e-06, 1.0744626024461468e-06, 9.736363608681131e-07, 8.509027225045429e-07, 7.612896411046677e-07, 8.246191214311693e-07, 8.115936793728906e-07, 7.949994937916927e-07, 6.997607897574198e-07, 5.302453587319178e-07, 4.4640913188231934e-07, 4.289666151180427e-07, 4.322777726883942e-07, 3.8008607816664153e-07, 3.2674117278475023e-07, 2.4998195158332237e-07, 2.4838257672854525e-07, 2.2231944285522331e-07, 2.0818389145915717e-07, 1.895870838097835e-07, 1.569407146462254e-07, 1.6233917676800047e-07, 1.3377095342548273e-07, 1.0610352063622486e-07, 7.667521373377895e-08, 5.467786579060885e-08, 3.2150452966561716e-08, 1.983321773479929e-08, 7.996182382896677e-09, 1.1615358674887943e-09, 3.783981461502606e-11, 4.50755535327807e-12, 4.391750851873155e-12, 4.298272241604062e-12, 4.200602539417009e-12, 4.12699084975654e-12, 4.050484340295535e-12, 3.970274196213319e-12, 3.920128978374127e-12, 3.896181988150005e-12], "lowlevel.melbands128.stdev": [0.0013732517836615443, 0.0049883173778653145, 0.005321611650288105, 0.0031844554468989372, 0.0021724316757172346, 0.0014369490090757608, 0.0007281614816747606, 0.0006683053798042238, 0.0006089751259423792, 0.0010447546374052763, 0.0013962351949885488, 0.0015724289696663618, 0.0017664451152086258, 0.0013180160894989967, 0.0014350570272654295, 0.0011864930856972933, 0.0014335482846945524, 0.0014702283078804612, 0.0019177282229065895, 0.0020165536552667618, 0.0027501611039042473, 0.0019464538199827075, 0.0013320303987711668, 0.001053271465934813, 0.0008512272615917027, 0.0006197840557433665, 0.0010553745087236166, 0.0015709524741396308, 0.0013058079639449716, 0.0010519921779632568, 0.0009888100903481245, 0.0005598955904133618, 0.0005037008668296039, 0.0007685759919695556, 0.000622434657998383, 0.00043510651448741555, 0.0003081061295233667, 0.000274551595794037, 0.00015989346138667315, 0.0002243715280201286, 0.00016105589747894555, 0.00010060201020678505, 0.00024485349422320724, 0.00023602470173500478, 0.00012000573769910261, 5.25054638274014e-05, 6.596070306841284e-05, 0.0001045545213855803, 8.323698421008885e-05, 3.734749770956114e-05, 7.389960228465497e-05, 0.000177590933162719, 0.0001735589758027345, 0.00011438401998020709, 7.893521251389757e-05, 7.90297708590515e-05, 4.71763669338543e-05, 6.412887887563556e-05, 6.6008695284836e-05, 4.308731877245009e-05, 3.191937867086381e-05, 2.5632396500441246e-05, 3.20411090797279e-05, 1.1008837645931635e-05, 1.047142177412752e-05, 1.2007514669676311e-05, 1.5825122318346985e-05, 3.681387534015812e-05, 5.069443068350665e-05, 3.7872618122491986e-05, 2.191107523685787e-05, 2.2257669115788303e-05, 2.2334239474730566e-05, 7.857913260522764e-06, 6.985439540585503e-06, 5.919260274822591e-06, 5.276873707771301e-06, 4.483129032450961e-06, 5.096952918393072e-06, 5.603801128017949e-06, 9.439934729016386e-06, 8.851216080074664e-06, 8.46677357912995e-06, 8.383036401937716e-06, 6.003583166602766e-06, 4.424699454830261e-06, 4.3228342292422894e-06, 3.940724582207622e-06, 2.7967789719696157e-06, 3.3228971005883068e-06, 3.6892699881718727e-06, 3.218232450308278e-06, 2.8351316814223537e-06, 3.0631756544607924e-06, 2.9005616397626e-06, 3.077621158809052e-06, 2.7437240532890428e-06, 2.1342998479667585e-06, 1.6895761518753716e-06, 1.6426730553575908e-06, 1.8222499420517124e-06, 1.6251646002274356e-06, 1.4095269307290437e-06, 1.1249723002038081e-06, 1.0799227538882405e-06, 9.397659823662252e-07, 8.623288749731728e-07, 8.54708787301206e-07, 7.248262363646063e-07, 8.135802431752381e-07, 6.07872038926871e-07, 4.827340944757452e-07, 3.5119680319439794e-07, 2.644181051891792e-07, 1.573456813730445e-07, 1.0644984627106169e-07, 5.08661912590469e-08, 1.1182046399937917e-08, 7.166167104166732e-10, 8.02138997585411e-12, 7.811997576601115e-12, 7.630667799018997e-12, 7.474534012563705e-12, 7.344240667006563e-12, 7.235206357647517e-12, 7.148027395681433e-12, 7.085144103358143e-12, 7.046265047133682e-12], "lowlevel.mfcc.mean": [-737.2266845703125, 186.9979248046875, 4.844926357269287, -0.0421309657394886, 11.710099220275879, 6.027990341186523, -9.590205192565918, 13.59347152709961, 0.8009613752365112, -0.8004373908042908, 3.6093482971191406, 0.3739526569843292, 3.4071109294891357], "lowlevel.spectral_contrast_coeffs.mean": [-0.7044633030891418, -0.6866523027420044, -0.7154644131660461, -0.7625608444213867, -0.7529429793357849, -0.7987539172172546], "lowlevel.spectral_contrast_coeffs.stdev": [0.08816170692443848, 0.08743647485971451, 0.08009440451860428, 0.05740286409854889, 0.049008771777153015, 0.09564436227083206], "lowlevel.spectral_contrast_valleys.mean": [-7.015784740447998, -7.241687774658203, -7.959272384643555, -8.500283241271973, -9.661643981933594, -12.265120506286621], "lowlevel.spectral_contrast_valleys.stdev": [1.4248744249343872, 0.7265462279319763, 0.8346770405769348, 1.1531612873077393, 2.431644916534424, 2.4716274738311768], "rhythm.beats_loudness_band_ratio.mean": [0.3673584461212158, 0.16576603055000305, 0.31366851925849915, 0.14196859300136566, 0.040166471153497696, 0.009152795188128948], "rhythm.beats_loudness_band_ratio.stdev": [0.2553475499153137, 0.1580195128917694, 0.21065321564674377, 0.12191241979598999, 0.047786302864551544, 0.01756330206990242], "tonal.hpcp.mean": [0.22253552079200745, 0.2335602045059204, 0.0733461081981659, 0.19886884093284607, 0.20948635041713715, 0.054652076214551926, 0.017271514981985092, 0.01482897438108921, 0.028301918879151344, 0.17715199291706085, 0.20675645768642426, 0.07553225755691528, 0.12330710142850876, 0.1351529210805893, 0.043873127549886703, 0.018506018444895744, 0.022422853857278824, 0.02710484340786934, 0.0770319327712059, 0.08400243520736694, 0.034314338117837906, 0.024225054308772087, 0.022426938638091087, 0.05251965671777725, 0.2693725824356079, 0.28746846318244934, 0.13057075440883636, 0.1465584933757782, 0.10455045849084854, 0.044714029878377914, 0.05450982227921486, 0.061102863401174545, 0.03801114484667778, 0.05049518868327141, 0.07269509881734848, 0.06433967500925064], "tonal.hpcp.stdev": [0.35801830887794495, 0.36769089102745056, 0.14176702499389648, 0.320314884185791, 0.33542826771736145, 0.12192691117525101, 0.09396447986364365, 0.07660499215126038, 0.10334157943725586, 0.2839304506778717, 0.32601144909858704, 0.15098579227924347, 0.24215556681156158, 0.2849820554256439, 0.11173930019140244, 0.08406278491020203, 0.09507687389850616, 0.1012025773525238, 0.20830321311950684, 0.23031091690063477, 0.12458378821611404, 0.09335688501596451, 0.06382216513156891, 0.12035174667835236, 0.3568922281265259, 0.36336663365364075, 0.22810006141662598, 0.3248503506183624, 0.24406211078166962, 0.12355558574199677, 0.13431034982204437, 0.1364903301000595, 0.12562666833400726, 0.15866093337535858, 0.23153744637966156, 0.16637291014194489], "rhythm.beats_position": [0.5688889026641846, 1.1261677742004395, 1.6718367338180542, 2.217505693435669, 2.763174533843994, 3.2972335815429688, 3.842902421951294, 4.388571262359619, 4.922630310058594, 5.468299388885498, 6.0023579597473145, 6.536417007446289, 7.082086086273193, 7.616145133972168, 8.150203704833984, 8.695873260498047, 9.241541862487793, 9.787210464477539, 10.332880020141602, 10.878548622131348, 11.412607192993164, 11.958276748657227, 12.492335319519043, 13.038003921508789, 13.572063446044922, 14.106122016906738, 14.6517915725708, 15.197460174560547, 15.743128776550293, 16.28879737854004, 16.8344669342041, 17.391746520996094, 17.925804138183594, 18.459863662719727, 18.99392318725586, 19.51637077331543, 20.050430297851562, 20.572879791259766, 21.08371925354004, 21.60616683959961, 22.117006301879883, 22.627845764160156, 23.13868522644043, 23.6611328125, 24.195192337036133, 24.740861892700195, 25.298139572143555, 25.867029190063477, 26.42430877685547, 26.993196487426758, 27.56208610534668, 28.11936378479004, 28.653423309326172, 29.199092864990234, 29.733150482177734, 30.278820037841797, 30.81287956237793, 31.335329055786133, 31.880996704101562, 32.41505432128906, 32.960723876953125, 33.51800537109375, 34.06367111206055, 34.59773254394531, 35.13179016113281, 35.66584777832031, 36.22312927246094, 36.7804069519043, 37.3144645690918, 37.84852600097656, 38.394195556640625, 38.93986511230469, 39.47392272949219], "rhythm.bpm_histogram": [0.0, 0.0, 0.0, 0.0, 0.0, 0.0, 0.0, 0.0, 0.0, 0.0, 0.0, 0.0, 0.0, 0.0, 0.0, 0.0, 0.0, 0.0, 0.0, 0.0, 0.0, 0.0, 0.0, 0.0, 0.0, 0.0, 0.0, 0.0, 0.0, 0.0, 0.0, 0.0, 0.0, 0.0, 0.0, 0.0, 0.0, 0.0, 0.0, 0.0, 0.0, 0.0, 0.0, 0.0, 0.0, 0.0, 0.0, 0.0, 0.0, 0.0, 0.0, 0.0, 0.0, 0.0, 0.0, 0.0, 0.0, 0.0, 0.0, 0.0, 0.0, 0.0, 0.0, 0.0, 0.0, 0.0, 0.0, 0.0, 0.0, 0.0, 0.0, 0.0, 0.0, 0.0, 0.0, 0.0, 0.0, 0.0, 0.0, 0.0, 0.0, 0.0, 0.0, 0.0, 0.0, 0.0, 0.0, 0.0, 0.0, 0.0, 0.0, 0.0, 0.0, 0.0, 0.0, 0.0, 0.0, 0.0, 0.0, 0.0, 0.0, 0.0, 0.0, 0.0, 0.0, 0.0416666679084301, 0.0, 0.0, 0.1111111119389534, 0.0, 0.375, 0.0, 0.3472222089767456, 0.0, 0.0, 0.0694444477558136, 0.0, 0.0555555559694767, 0.0, 0.0, 0.0, 0.0, 0.0, 0.0, 0.0, 0.0, 0.0, 0.0, 0.0, 0.0, 0.0, 0.0, 0.0, 0.0, 0.0, 0.0, 0.0, 0.0, 0.0, 0.0, 0.0, 0.0, 0.0, 0.0, 0.0, 0.0, 0.0, 0.0, 0.0, 0.0, 0.0, 0.0, 0.0, 0.0, 0.0, 0.0, 0.0, 0.0, 0.0, 0.0, 0.0, 0.0, 0.0, 0.0, 0.0, 0.0, 0.0, 0.0, 0.0, 0.0, 0.0, 0.0, 0.0, 0.0, 0.0, 0.0, 0.0, 0.0, 0.0, 0.0, 0.0, 0.0, 0.0, 0.0, 0.0, 0.0, 0.0, 0.0, 0.0, 0.0, 0.0, 0.0, 0.0, 0.0, 0.0, 0.0, 0.0, 0.0, 0.0, 0.0, 0.0, 0.0, 0.0, 0.0, 0.0, 0.0, 0.0, 0.0, 0.0, 0.0, 0.0, 0.0, 0.0, 0.0, 0.0, 0.0, 0.0, 0.0, 0.0, 0.0, 0.0, 0.0, 0.0, 0.0, 0.0, 0.0, 0.0, 0.0, 0.0, 0.0, 0.0, 0.0, 0.0, 0.0, 0.0, 0.0, 0.0, 0.0, 0.0, 0.0, 0.0, 0.0, 0.0, 0.0, 0.0, 0.0, 0.0, 0.0, 0.0, 0.0], "tonal.chords_histogram": [2.5462963581085205, 0.0, 0.0, 0.0, 0.0, 0.0, 2.8935184478759766, 0.0, 0.0, 0.0, 0.0, 0.0, 0.9259259104728699, 10.879630088806152, 26.504629135131836, 2.8935184478759766, 9.606481552124023, 0.0, 2.314814805984497, 2.1990740299224854, 0.0, 1.3888888359069824, 0.0, 37.84722137451172], "tonal.thpcp": [1.0, 0.45420897006988525, 0.5098245739936829, 0.3636936545372009, 0.15554411709308624, 0.18962018191814423, 0.21255502104759216, 0.13222718238830566, 0.17565470933914185, 0.2528802454471588, 0.2238147258758545, 0.7741215229034424, 0.8124724626541138, 0.2551448941230774, 0.6917936205863953, 0.7287281155586243, 0.1901150345802307, 0.06008142605423927, 0.051584698259830475, 0.09845225512981415, 0.6162484288215637, 0.7192317843437195, 0.26274973154067993, 0.4289413094520569, 0.4701486825942993, 0.15261892974376678, 0.06437581777572632, 0.07800108939409256, 0.09428805857896805, 0.26796653866767883, 0.29221442341804504, 0.119367316365242, 0.08427030593156815, 0.0780152976512909, 0.1826971024274826, 0.9370508790016174], "lowlevel.gfcc.cov": [[24689.39453125, -10750.8369140625, 1235.7027587890625, 9152.2373046875, -2695.441650390625, 3938.58984375, 551.800537109375, 1700.9422607421875, -11.948813438415527, 1322.7144775390625, -179.30870056152344, 759.6578979492188, -821.2020874023438], [-10750.8369140625, 6155.015625, -772.4631958007812, -4455.72802734375, 1378.0802001953125, -1911.162353515625, -32.44591522216797, -838.3749389648438, 199.14108276367188, -703.2567138671875, 227.0662078857422, -440.7625732421875, 464.5549011230469], [1235.7027587890625, -772.4631958007812, 859.6842041015625, 661.3718872070312, -55.565155029296875, 374.5922546386719, -71.2672119140625, 124.60858917236328, -56.06165313720703, 170.04335021972656, -19.64732551574707, 158.59439086914062, -70.12579345703125], [9152.2373046875, -4455.72802734375, 661.3718872070312, 4147.24365234375, -931.6033935546875, 1552.7769775390625, 190.46331787109375, 617.1366577148438, 9.727606773376465, 521.2649536132812, -68.63673400878906, 351.43280029296875, -261.9169616699219], [-2695.441650390625, 1378.0802001953125, -55.565155029296875, -931.6033935546875, 578.7659912109375, -417.0265197753906, -37.07217025756836, -177.32003784179688, 33.50011444091797, -128.00791931152344, 27.534635543823242, -91.79839324951172, 127.72418212890625], [3938.58984375, -1911.162353515625, 374.5922546386719, 1552.7769775390625, -417.0265197753906, 1018.0806274414062, 251.2209930419922, 278.6114196777344, -17.964256286621094, 244.28553771972656, -23.59493637084961, 117.82666778564453, -135.0694580078125], [551.800537109375, -32.44591522216797, -71.2672119140625, 190.46331787109375, -37.07217025756836, 251.2209930419922, 352.2617492675781, 37.68489074707031, 15.70120906829834, 26.495651245117188, 40.988338470458984, -39.73325729370117, -8.220053672790527], [1700.9422607421875, -838.3749389648438, 124.60858917236328, 617.1366577148438, -177.32003784179688, 278.6114196777344, 37.68489074707031, 242.6456756591797, 17.42967987060547, 107.28620147705078, -19.943204879760742, 52.347537994384766, -91.68222045898438], [-11.948813438415527, 199.14108276367188, -56.06165313720703, 9.727606773376465, 33.50011444091797, -17.964256286621094, 15.70120906829834, 17.42967987060547, 155.7614288330078, -1.8383448123931885, 19.085674285888672, -22.957693099975586, 25.503509521484375], [1322.7144775390625, -703.2567138671875, 170.04335021972656, 521.2649536132812, -128.00791931152344, 244.28553771972656, 26.495651245117188, 107.28620147705078, -1.8383448123931885, 180.8729705810547, -6.322770118713379, 45.64430618286133, -76.93949890136719], [-179.30870056152344, 227.0662078857422, -19.64732551574707, -68.63673400878906, 27.534635543823242, -23.59493637084961, 40.988338470458984, -19.943204879760742, 19.085674285888672, -6.322770118713379, 98.017333984375, -16.739233016967773, -0.34598350524902344], [759.6578979492188, -440.7625732421875, 158.59439086914062, 351.43280029296875, -91.79839324951172, 117.82666778564453, -39.73325729370117, 52.347537994384766, -22.957693099975586, 45.64430618286133, -16.739233016967773, 127.31135559082031, -14.106921195983887], [-821.2020874023438, 464.5549011230469, -70.12579345703125, -261.9169616699219, 127.72418212890625, -135.0694580078125, -8.220053672790527, -91.68222045898438, 25.503509521484375, -76.93949890136719, -0.34598350524902344, -14.106921195983887, 126.13746643066406]], "lowlevel.gfcc.icov": [[0.00045358019997365773, -0.000452084670541808, 0.0003989787073805928, -0.0008353611337952316, 0.0007631717598997056, -0.0007366806967183948, 0.00046718967496417463, -0.001003751764073968, 0.0004980211961083114, -0.000811239646282047, 0.00039563406608067453, -0.00021436758106574416, 0.0002260497130919248], [-0.000452084670541808, 0.004783679731190205, -0.0017705513164401054, 0.0031751275528222322, -0.002995871240273118, 0.0034588538110256195, -0.003626367775723338, 0.0040178257040679455, -0.0049658725038170815, 0.0045644361525774, -0.004564159084111452, 0.0012436524266377091, -0.0016164403641596437], [0.0003989787073805928, -0.0017705513164401054, 0.0029760049656033516, -0.001358096138574183, 0.0004191553744021803, -0.0025499160401523113, 0.002331752795726061, -0.0019401278113946319, 0.0023305159993469715, -0.003036498324945569, 0.0013029143447056413, -0.002496725181117654, 0.000940666301175952], [-0.0008353611337952316, 0.0031751275528222322, -0.001358096138574183, 0.0036667543463408947, -0.0022119164932519197, 0.0019846034701913595, -0.0023357856553047895, 0.0028441420290619135, -0.003545096144080162, 0.002740628318861127, -0.0030700876377522945, 1.2872054867330007e-05, -0.0016121133230626583], [0.0007631717598997056, -0.002995871240273118, 0.0004191553744021803, -0.0022119164932519197, 0.0060828919522464275, -0.001732479315251112, 0.0018813373753800988, -0.003104160074144602, 0.002720859134569764, -0.0035290145315229893, 0.0026491612661629915, 0.0004880666092503816, -0.001146839582361281], [-0.0007366806967183948, 0.0034588538110256195, -0.0025499160401523113, 0.0019846034701913595, -0.001732479315251112, 0.006750904023647308, -0.0050766682252287865, 0.0030183542985469103, -0.003416963154450059, 0.0030748662538826466, -0.002507431898266077, 0.0015591288683936, -0.001251295441761613], [0.00046718967496417463, -0.003626367775723338, 0.002331752795726061, -0.0023357856553047895, 0.0018813373753800988, -0.0050766682252287865, 0.007680265698581934, -0.0035255674738436937, 0.004048303235322237, -0.0036337189376354218, 0.0014507261803373694, 0.00037571764551103115, 0.00045127863995730877], [-0.001003751764073968, 0.0040178257040679455, -0.0019401278113946319, 0.0028441420290619135, -0.003104160074144602, 0.0030183542985469103, -0.0035255674738436937, 0.013125811703503132, -0.006297564134001732, 0.004076126031577587, -0.0022338556591421366, 0.00037515925941988826, 0.002976307412609458], [0.0004980211961083114, -0.0049658725038170815, 0.0023305159993469715, -0.003545096144080162, 0.002720859134569764, -0.003416963154450059, 0.004048303235322237, -0.006297564134001732, 0.013007404282689095, -0.005628062412142754, 0.002991258865222335, 0.00031067864620126784, -0.0012817492242902517], [-0.000811239646282047, 0.0045644361525774, -0.003036498324945569, 0.002740628318861127, -0.0035290145315229893, 0.0030748662538826466, -0.0036337189376354218, 0.004076126031577587, -0.005628062412142754, 0.016153227537870407, -0.004248321987688541, 0.0015898261917755008, 0.0026595706585794687], [0.00039563406608067453, -0.004564159084111452, 0.0013029143447056413, -0.0030700876377522945, 0.0026491612661629915, -0.002507431898266077, 0.0014507261803373694, -0.0022338556591421366, 0.002991258865222335, -0.004248321987688541, 0.016165493056178093, -0.0011259361635893583, 0.0035603761207312346], [-0.00021436758106574416, 0.0012436524266377091, -0.002496725181117654, 1.2872054867330007e-05, 0.0004880666092503816, 0.0015591288683936, 0.00037571764551103115, 0.00037515925941988826, 0.00031067864620126784, 0.0015898261917755008, -0.0011259361635893583, 0.014352296479046345, -0.0033557559363543987], [0.0002260497130919248, -0.0016164403641596437, 0.000940666301175952, -0.0016121133230626583, -0.001146839582361281, -0.001251295441761613, 0.00045127863995730877, 0.002976307412609458, -0.0012817492242902517, 0.0026595706585794687, 0.0035603761207312346, -0.0033557559363543987, 0.016058210283517838]], "lowlevel.mfcc.cov": [[19506.583984375, -8636.990234375, 820.7626953125, 4269.69677734375, 395.5718078613281, 1358.4351806640625, 1292.0526123046875, 1578.43017578125, 64.18688201904297, 869.8141479492188, 1174.2225341796875, 569.1163940429688, 257.1650695800781], [-8636.990234375, 5300.46240234375, -657.7156372070312, -2042.6663818359375, -250.93724060058594, -632.9487915039062, -598.2341918945312, -662.9588623046875, 0.782965898513794, -351.20880126953125, -465.95220947265625, -245.6316375732422, -99.15422058105469], [820.7626953125, -657.7156372070312, 638.747314453125, 246.60638427734375, 121.5617904663086, 151.2225341796875, 100.64116668701172, 85.42762756347656, 6.462510108947754, -4.11595344543457, 49.0848274230957, 55.27976989746094, 62.981056213378906], [4269.69677734375, -2042.6663818359375, 246.60638427734375, 1519.3995361328125, 271.1202087402344, 341.46435546875, 287.78338623046875, 355.4205322265625, 35.452354431152344, 153.85205078125, 222.6321258544922, 174.68402099609375, 141.78302001953125], [395.5718078613281, -250.93724060058594, 121.5617904663086, 271.1202087402344, 339.19403076171875, 39.068084716796875, -17.976491928100586, 21.784324645996094, 25.708227157592773, 9.81648063659668, -15.599797248840332, 56.621124267578125, 36.57857131958008], [1358.4351806640625, -632.9487915039062, 151.2225341796875, 341.46435546875, 39.068084716796875, 377.9930114746094, 246.00299072265625, 149.93722534179688, 67.4878158569336, 87.99940490722656, 116.29959106445312, 52.56687545776367, -3.3549258708953857], [1292.0526123046875, -598.2341918945312, 100.64116668701172, 287.78338623046875, -17.976491928100586, 246.00299072265625, 359.2906799316406, 167.1162567138672, 29.97114372253418, 115.23910522460938, 134.2206573486328, 46.38609313964844, -17.357656478881836], [1578.43017578125, -662.9588623046875, 85.42762756347656, 355.4205322265625, 21.784324645996094, 149.93722534179688, 167.1162567138672, 245.28970336914062, 45.33674240112305, 81.24610137939453, 109.91641235351562, 47.37382125854492, 25.832500457763672], [64.18688201904297, 0.782965898513794, 6.462510108947754, 35.452354431152344, 25.708227157592773, 67.4878158569336, 29.97114372253418, 45.33674240112305, 142.30825805664062, 39.48542022705078, -5.896154880523682, 16.877941131591797, 2.774554491043091], [869.8141479492188, -351.20880126953125, -4.11595344543457, 153.85205078125, 9.81648063659668, 87.99940490722656, 115.23910522460938, 81.24610137939453, 39.48542022705078, 167.261962890625, 95.49703216552734, 35.6716194152832, 0.23751305043697357], [1174.2225341796875, -465.95220947265625, 49.0848274230957, 222.6321258544922, -15.599797248840332, 116.29959106445312, 134.2206573486328, 109.91641235351562, -5.896154880523682, 95.49703216552734, 191.8891143798828, 60.13254165649414, 9.001924514770508], [569.1163940429688, -245.6316375732422, 55.27976989746094, 174.68402099609375, 56.621124267578125, 52.56687545776367, 46.38609313964844, 47.37382125854492, 16.877941131591797, 35.6716194152832, 60.13254165649414, 107.25959777832031, 38.227752685546875], [257.1650695800781, -99.15422058105469, 62.981056213378906, 141.78302001953125, 36.57857131958008, -3.3549258708953857, -17.357656478881836, 25.832500457763672, 2.774554491043091, 0.23751305043697357, 9.001924514770508, 38.227752685546875, 114.49903106689453]], "lowlevel.mfcc.icov": [[0.00038704139296896756, 0.0003323541022837162, 0.0001147802104242146, -0.0003830883069895208, 0.00012605781375896186, -0.0001729239011183381, 0.00026406210963614285, -0.0008512607309967279, 0.0002965109597425908, -0.0004157382354605943, -0.00047920848010107875, -0.00011870520393131301, 8.74893376021646e-05], [0.0003323541022837162, 0.0008139515994116664, 0.00044308401993475854, 0.0002537231193855405, -6.973833660595119e-05, -7.329572690650821e-05, 9.999558096751571e-05, -0.0002631731331348419, -0.00016460084589198232, 0.00012339292152319103, -0.0003798293764702976, -3.353535066707991e-05, -0.0004600472457241267], [0.0001147802104242146, 0.00044308401993475854, 0.0022840264718979597, 0.00039199827006086707, -0.0007496245671063662, -0.00069764768704772, -0.000336367724230513, -0.00021286404808051884, 0.00010888130054809153, 0.000959384604357183, -0.00032330775866284966, -0.00010924274829449132, -0.0013425133656710386], [-0.0003830883069895208, 0.0002537231193855405, 0.00039199827006086707, 0.0025259158574044704, -0.0012567536905407906, -0.0003705517156049609, -0.0004939745413139462, -6.37342018308118e-05, -9.315949864685535e-05, 0.0008272725390270352, 0.00021211181592661887, -0.0003404036979191005, -0.0018356583314016461], [0.00012605781375896186, -6.973833660595119e-05, -0.0007496245671063662, -0.0012567536905407906, 0.00442976551130414, -0.00025092362193390727, 0.0010648288298398256, 7.43371419957839e-05, -9.905266779242083e-05, -0.0009743162081576884, 0.0014699954772368073, -0.0018988103838637471, 0.0008699896279722452], [-0.0001729239011183381, -7.329572690650821e-05, -0.00069764768704772, -0.0003705517156049609, -0.00025092362193390727, 0.006151208654046059, -0.0032136684749275446, 0.00063787103863433, -0.002533995546400547, 0.0008654276025481522, -0.0010287209879606962, 0.00033165558124892414, 0.0008265732321888208], [0.00026406210963614285, 9.999558096751571e-05, -0.000336367724230513, -0.0004939745413139462, 0.0010648288298398256, -0.0032136684749275446, 0.007146234158426523, -0.002803211100399494, 0.0014443055260926485, -0.0024618455208837986, -0.0006615968886762857, -0.0007257912075147033, 0.0018361042020842433], [-0.0008512607309967279, -0.0002631731331348419, -0.00021286404808051884, -6.37342018308118e-05, 7.43371419957839e-05, 0.00063787103863433, -0.002803211100399494, 0.01114827673882246, -0.003416885156184435, 0.001330576022155583, -0.001225771033205092, 0.001320337294600904, -0.0013295875396579504], [0.0002965109597425908, 