{"song_id": "1182256643438817290", "download": "https://cdn.discordapp.com/attachments/1135903449314238464/1182256643438817290/chirp.mp4?ex=6584094d&amp", "lyrics": "In the winter of December.\nI met a lion boy who could burn me,\nHe is like a wild lion,\nCaught my attention and lit up my world.\nDispelling loneliness with a fiery touch\nI know I'm falling into a lion's trap,\nGradually lose myself and become the king in my heart.\n\nHe is as tall and strong as a lion,\nArmed with confidence under the bright sun, \nA proud child with a simple heart.\nIn this tired world, \nWith a roaring heart and such a free spirit, \nUnder the starry night, we fit together so well,\nHe is the sun and I am the moon, \nevery time, every moments\nIn the hot embrace, in the moist warmth, \nIn this passion, we find our own rhythme", "style": ["EDM"], "essentia_features": {"lowlevel.average_loudness": 0.9815195202827454, "lowlevel.barkbands_crest.mean": 14.096652030944824, "lowlevel.barkbands_crest.stdev": 4.571866512298584, "lowlevel.barkbands_flatness_db.mean": 0.2277182787656784, "lowlevel.barkbands_flatness_db.stdev": 0.06937538087368011, "lowlevel.barkbands_kurtosis.mean": 26.955032348632812, "lowlevel.barkbands_kurtosis.stdev": 63.470951080322266, "lowlevel.barkbands_skewness.mean": 3.517190456390381, "lowlevel.barkbands_skewness.stdev": 2.7050418853759766, "lowlevel.barkbands_spread.mean": 14.36701488494873, "lowlevel.barkbands_spread.stdev": 13.433472633361816, "lowlevel.dissonance.mean": 0.44734886288642883, "lowlevel.dissonance.stdev": 0.04091746360063553, "lowlevel.dynamic_complexity": 2.5260910987854004, "lowlevel.erbbands_crest.mean": 11.936697959899902, "lowlevel.erbbands_crest.stdev": 6.117361068725586, "lowlevel.erbbands_flatness_db.mean": 0.15352335572242737, "lowlevel.erbbands_flatness_db.stdev": 0.052624743431806564, "lowlevel.erbbands_kurtosis.mean": 2.919701337814331, "lowlevel.erbbands_kurtosis.stdev": 5.884847164154053, "lowlevel.erbbands_skewness.mean": 0.8531792163848877, "lowlevel.erbbands_skewness.stdev": 1.3780367374420166, "lowlevel.erbbands_spread.mean": 43.259666442871094, "lowlevel.erbbands_spread.stdev": 25.81524658203125, "lowlevel.hfc.mean": 16.621810913085938, "lowlevel.hfc.stdev": 11.419824600219727, "lowlevel.loudness_ebu128.integrated": -14.681058883666992, "lowlevel.loudness_ebu128.loudness_range": 1.4276981353759766, "lowlevel.loudness_ebu128.momentary.mean": -15.078343391418457, "lowlevel.loudness_ebu128.momentary.stdev": 2.0188231468200684, "lowlevel.loudness_ebu128.short_term.mean": -14.727615356445312, "lowlevel.loudness_ebu128.short_term.stdev": 0.5076858401298523, "lowlevel.melbands_crest.mean": 25.91615104675293, "lowlevel.melbands_crest.stdev": 7.577841281890869, "lowlevel.melbands_flatness_db.mean": 0.31383684277534485, "lowlevel.melbands_flatness_db.stdev": 0.07875652611255646, "lowlevel.melbands_kurtosis.mean": 66.32441711425781, "lowlevel.melbands_kurtosis.stdev": 118.57670593261719, "lowlevel.melbands_skewness.mean": 5.257129192352295, "lowlevel.melbands_skewness.stdev": 4.162702560424805, "lowlevel.melbands_spread.mean": 9.96228313446045, "lowlevel.melbands_spread.stdev": 9.39548110961914, "lowlevel.pitch_salience.mean": 0.37989506125450134, "lowlevel.pitch_salience.stdev": 0.16083326935768127, "lowlevel.silence_rate_20dB.mean": 1.0, "lowlevel.silence_rate_20dB.stdev": 0.0, "lowlevel.silence_rate_30dB.mean": 0.8675417900085449, "lowlevel.silence_rate_30dB.stdev": 0.338989794254303, "lowlevel.silence_rate_60dB.mean": 0.013126491568982601, "lowlevel.silence_rate_60dB.stdev": 0.11381366848945618, "lowlevel.spectral_centroid.mean": 1180.7962646484375, "lowlevel.spectral_centroid.stdev": 963.0065307617188, "lowlevel.spectral_complexity.mean": 10.632458686828613, "lowlevel.spectral_complexity.stdev": 7.692387104034424, "lowlevel.spectral_decrease.mean": -1.4780801471658833e-08, "lowlevel.spectral_decrease.stdev": 1.0434743735743268e-08, "lowlevel.spectral_energy.mean": 0.057293862104415894, "lowlevel.spectral_energy.stdev": 0.03976844996213913, "lowlevel.spectral_energyband_high.mean": 0.0007691467762924731, "lowlevel.spectral_energyband_high.stdev": 0.0010344214970245957, "lowlevel.spectral_energyband_low.mean": 0.03908825293183327, "lowlevel.spectral_energyband_low.stdev": 0.03670626878738403, "lowlevel.spectral_energyband_middle_high.mean": 0.0022072759456932545, "lowlevel.spectral_energyband_middle_high.stdev": 0.0031171729788184166, "lowlevel.spectral_energyband_middle_low.mean": 0.0167150367051363, "lowlevel.spectral_energyband_middle_low.stdev": 0.019001567736268044, "lowlevel.spectral_entropy.mean": 7.398344039916992, "lowlevel.spectral_entropy.stdev": 0.6682281494140625, "lowlevel.spectral_flux.mean": 0.10982070863246918, "lowlevel.spectral_flux.stdev": 0.09802954643964767, "lowlevel.spectral_kurtosis.mean": 4.229788780212402, "lowlevel.spectral_kurtosis.stdev": 2.9108259677886963, "lowlevel.spectral_rms.mean": 0.0071149468421936035, "lowlevel.spectral_rms.stdev": 0.0022965064272284508, "lowlevel.spectral_rolloff.mean": 443.4101257324219, "lowlevel.spectral_rolloff.stdev": 645.4259643554688, "lowlevel.spectral_skewness.mean": 1.6274248361587524, "lowlevel.spectral_skewness.stdev": 0.561658501625061, "lowlevel.spectral_spread.mean": 5764242.0, "lowlevel.spectral_spread.stdev": 1985508.25, "lowlevel.spectral_strongpeak.mean": 0.6053211688995361, "lowlevel.spectral_strongpeak.stdev": 0.7033402323722839, "lowlevel.zerocrossingrate.mean": 0.03158969804644585, "lowlevel.zerocrossingrate.stdev": 0.020086199045181274, "metadata.audio_properties.analysis.equal_loudness": 0.0, "metadata.audio_properties.analysis.length": 38.89065933227539, "metadata.audio_properties.analysis.sample_rate": 44100.0, "metadata.audio_properties.analysis.start_time": 0.0, "metadata.audio_properties.bit_rate": 122264.0, "metadata.audio_properties.length": 38.89066696166992, "metadata.audio_properties.lossless": 0.0, "metadata.audio_properties.number_channels": 1.0, "metadata.audio_properties.replay_gain": -11.499565124511719, "metadata.audio_properties.sample_rate": 48000.0, "rhythm.beats_count": 90.0, "rhythm.beats_loudness.mean": 0.07165566831827164, "rhythm.beats_loudness.stdev": 0.04662787541747093, "rhythm.bpm": 140.0666046142578, "rhythm.bpm_histogram_first_peak_bpm": 140.0, "rhythm.bpm_histogram_first_peak_weight": 0.39534884691238403, "rhythm.bpm_histogram_second_peak_bpm": 123.0, "rhythm.bpm_histogram_second_peak_spread": 0.0, "rhythm.bpm_histogram_second_peak_weight": 0.01123595517128706, "rhythm.danceability": 1.692681908607483, "rhythm.onset_rate": 5.320648193359375, "tonal.chords_changes_rate": 0.07628128677606583, "tonal.chords_number_rate": 0.013110846281051636, "tonal.chords_strength.mean": 0.548263669013977, "tonal.chords_strength.stdev": 0.11694744229316711, "tonal.hpcp_crest.mean": 14.341713905334473, "tonal.hpcp_crest.stdev": 6.540220737457275, "tonal.hpcp_entropy.mean": 1.8976258039474487, "tonal.hpcp_entropy.stdev": 0.7415934801101685, "tonal.key_edma.strength": 0.6575916409492493, "tonal.key_krumhansl.strength": 0.6710876822471619, "tonal.key_temperley.strength": 0.683125376701355, "tonal.tuning_diatonic_strength": 0.6905673146247864, "tonal.tuning_equal_tempered_deviation": 0.22556397318840027, "tonal.tuning_frequency": 434.193115234375, "tonal.tuning_nontempered_energy_ratio": 0.9366479516029358, "lowlevel.barkbands.mean": [0.007221085485070944, 0.025496963411569595, 0.0049758180975914, 0.004625305999070406, 0.004053477663546801, 0.004329640418291092, 0.0021676544565707445, 0.0007619991083629429, 0.000595742545556277, 0.0003611863066907972, 0.0003638540511019528, 0.0003609317645896226, 0.00016439345199614763, 0.0002371728915022686, 0.00020531036716420203, 0.00015594399883411825, 0.00012793477799277753, 8.749384141992778e-05, 0.00013891709386371076, 0.00020589357882272452, 0.00016563956160098314, 8.068088936852291e-05, 7.474724407074973e-05, 0.00012016556866001338, 0.00015676139446441084, 5.7574845413910225e-05, 1.5568072058158577e-06], "lowlevel.barkbands.stdev": [0.004638632759451866, 0.03024258278310299, 0.017607714980840683, 0.011703825555741787, 0.007401507813483477, 0.008093100972473621, 0.005571138579398394, 0.001981200650334358, 0.001372297527268529, 0.0009218975901603699, 0.0012788745807483792, 0.0010955637553706765, 0.0003639392089098692, 0.0004880173655692488, 0.0004537977511063218, 0.0003557915915735066, 0.00031405017944052815, 0.00023855455219745636, 0.0002889843890443444, 0.0003767634916584939, 0.00027048008632846177, 0.00016113794117700309, 0.0001600263494765386, 0.0002687916567083448, 0.00025398534489795566, 0.00010419841419206932, 4.792365871253423e-06], "lowlevel.erbbands.mean": [1.3490257263183594, 3.302978992462158, 5.247117042541504, 11.359990119934082, 16.946874618530273, 11.396710395812988, 12.581525802612305, 48.16537094116211, 44.5721549987793, 18.549413681030273, 10.697969436645508, 15.175025939941406, 14.030524253845215, 9.256508827209473, 16.327438354492188, 16.003389358520508, 8.687369346618652, 11.350458145141602, 12.122663497924805, 9.476885795593262, 8.354729652404785, 7.21882963180542, 4.8551764488220215, 6.066461563110352, 7.73795747756958, 9.704355239868164, 9.326274871826172, 4.286505699157715, 3.032100200653076, 2.447052001953125, 2.0984067916870117, 1.7835215330123901, 2.540344715118408, 2.084789276123047, 0.9041182994842529, 0.29772061109542847, 0.10350089520215988, 0.012164278887212276, 0.00030529036303050816, 7.511187141062692e-05], "lowlevel.erbbands.stdev": [0.9552692174911499, 7.170063018798828, 16.052501678466797, 34.765846252441406, 32.59904098510742, 27.73105812072754, 26.63934326171875, 92.77974700927734, 106.41007232666016, 41.80996322631836, 24.295394897460938, 35.31741714477539, 31.25051498413086, 31.97736358642578, 51.62133026123047, 52.304874420166016, 17.819231033325195, 22.48077964782715, 25.039081573486328, 21.05061149597168, 18.834043502807617, 18.037410736083984, 13.725586891174316, 13.314020156860352, 16.39255142211914, 18.37550163269043, 15.795241355895996, 6.883482933044434, 6.12859582901001, 5.027213096618652, 4.587398529052734, 4.248539447784424, 5.636345863342285, 3.7033486366271973, 1.4464895725250244, 0.5296369194984436, 0.19781933724880219, 0.02475064992904663, 0.0005684295319952071, 4.576387436827645e-05], "lowlevel.gfcc.mean": [-17.50764274597168, 82.58362579345703, -82.83033752441406, 35.569942474365234, -48.18697738647461, 20.13504981994629, -30.857576370239258, 20.940448760986328, -21.730247497558594, 26.003955841064453, -4.341807842254639, 4.837456703186035, 5.399612903594971], "lowlevel.melbands.mean": [0.009474659338593483, 0.0031693249475210905, 0.002223137766122818, 0.0009525541099719703, 0.0004877750761806965, 0.001038862275891006, 0.0006021471926942468, 0.0001929122518049553, 7.518844358855858e-05, 9.957151632988825e-05, 6.793306238250807e-05, 3.519824531394988e-05, 4.730140062747523e-05, 4.435754453879781e-05, 3.287314029876143e-05, 1.5165592230914626e-05, 2.2579202777706087e-05, 2.0536095689749345e-05, 1.2887847333331592e-05, 1.2394986697472632e-05, 9.261771083401982e-06, 8.22375022835331e-06, 4.7907756197673734e-06, 3.82699863621383e-06, 4.950597940478474e-06, 5.428194072010228e-06, 6.099096935940906e-06, 6.47283786747721e-06, 6.262871465878561e-06, 4.101596914551919e-06, 1.971355459318147e-06, 1.7578018969288678e-06, 1.4377726529346546e-06, 1.3433503909254796e-06, 1.2506346820373437e-06, 1.0136853916264954e-06, 1.1131077144455048e-06, 1.6987154367598123e-06, 1.9724971025425475e-06, 1.690923227215535e-06], "lowlevel.melbands.stdev": [0.008225985802710056, 0.007620385382324457, 0.005492068361490965, 0.0017089416505768895, 0.0010725063038989902, 0.00189987663179636, 0.0014118888648226857, 0.00048135549877770245, 0.00017843124805949628, 0.00023505430726800114, 0.000158186157932505, 0.00012559228343889117, 0.0001526334381196648, 0.00012449883797671646, 0.00010368198854848742, 3.2247444323729724e-05, 4.897551116300747e-05, 4.308487768867053e-05, 2.8466949515859596e-05, 2.6898300347966142e-05, 2.2854221242596395e-05, 2.116281757480465e-05, 1.3738451343670022e-05, 1.015778980217874e-05, 1.1283245839877054e-05, 1.2108498594898265e-05, 1.2890983271063305e-05, 1.2551814506878145e-05, 1.1541551430127583e-05, 6.710713023494463e-06, 3.5188386391382664e-06, 3.652892019090359e-06, 3.096940872637788e-06, 2.8695533274003537e-06, 2.7972441785095725e-06, 2.3454188067262294e-06, 2.799831463562441e-06, 3.97627900383668e-06, 4.106985215912573e-06, 2.94391452371201e-06], "lowlevel.melbands128.mean": [0.0065927752293646336, 0.01370094995945692, 0.009147102013230324, 0.004393020644783974, 0.002561499597504735, 0.0025689664762467146, 0.002197039080783725, 0.0024802873376756907, 0.0018179136095568538, 0.0006373242358677089, 0.0005847912980243564, 0.0006164864171296358, 0.0002754981687758118, 0.0005044329445809126, 0.001278498093597591, 0.0011501453118398786, 0.0010728442575782537, 0.0004160568059887737, 0.00016558154311496764, 0.00017517396190669388, 0.0002573128149379045, 0.000100394019682426, 4.229045589454472e-05, 4.885618545813486e-05, 9.780119580682367e-05, 0.00014003331307321787, 6.13849624642171e-05, 8.135502139339224e-05, 4.4899781642016023e-05, 3.178304177708924e-05, 3.6816720239585266e-05, 3.1153740565059707e-05, 3.169259071000852e-05, 9.167671669274569e-05, 2.6547459128778428e-05, 3.945363641832955e-05, 5.14654784637969e-05, 3.8609574403380975e-05, 1.6992258679238148e-05, 1.3892412425775547e-05, 1.877506474556867e-05, 9.223289453075267e-06, 2.0472571122809313e-05, 3.453873432590626e-05, 1.855021582741756e-05, 2.1822730559506454e-05, 1.7574941011844203e-05, 9.497300197836012e-06, 1.3607920664071571e-05, 1.2471654372347984e-05, 1.306515059695812e-05, 1.1801653272414114e-05, 7.888720574555919e-06, 9.147886885330081e-06, 9.432491424377076e-06, 9.409277481609024e-06, 6.061187377781607e-06, 4.131874447921291e-06, 5.083129508420825e-06, 4.550559424387757e-06, 3.1323725124821067e-06, 3.4731970117718447e-06, 5.334288289304823e-06, 5.196735855861334e-06, 4.874653313891031e-06, 5.446777322504204e-06, 5.954731932433788e-06, 4.9645659601083025e-06, 6.223820037121186e-06, 7.779563020449132e-06, 5.696932930732146e-06, 6.501500593003584e-06, 6.536314231198048e-06, 6.132582257123431e-06, 6.336309979815269e-06, 4.559002263704315e-06, 3.1128618047659984e-06, 2.039175797108328e-06, 1.9081030586676206e-06, 1.7312449926976115e-06, 1.8289480294697569e-06, 1.8019100025412627e-06, 1.5266321042872733e-06, 1.4030030115463887e-06, 1.3762042954112985e-06, 1.2753803275700193e-06, 1.3586181921709795e-06, 1.3927067357144551e-06, 1.238338654729887e-06, 1.1783356512751197e-06, 1.100842723644746e-06, 9.247610819329566e-07, 9.24742550978408e-07, 1.013454834719596e-06, 1.2727945204460411e-06, 1.5428520327986917e-06, 1.7732795640768018e-06, 1.9931187580368714e-06, 1.9308433820697246e-06, 1.98149359675881e-06, 2.0131260498601478e-06, 1.598978201400314e-06, 1.4069619282963686e-06, 1.2400523701217026e-06, 1.0570477115834365e-06, 8.073337198766239e-07, 6.068551101634512e-07, 6.279480544435501e-07, 5.050211484558531e-07, 3.8143849678817787e-07, 3.253555007631803e-07, 3.4560920880721824e-07, 4.009792178294447e-07, 2.8940277729816444e-07, 2.0307341230818565e-07, 1.0816179951689264e-07, 5.359128607551611e-08, 1.4556449379199421e-08, 1.5784963336429314e-09, 1.1028915281041662e-10, 9.222332619795992e-11, 2.679184131493262e-11, 6.815564605744395e-12, 6.681084938758852e-12, 6.551198819537696e-12, 6.4059148610629e-12, 6.317689427159934e-12, 6.277733975018629e-12], "lowlevel.melbands128.stdev": [0.004032815340906382, 0.008168340660631657, 0.013784070499241352, 0.011979742906987667, 0.00825763400644064, 0.009475030936300755, 0.008138195611536503, 0.005422461312264204, 0.0036517211701720953, 0.001757461461238563, 0.0018099037697538733, 0.002071720315143466, 0.0008687644149176776, 0.0013492287835106254, 0.003159701358526945, 0.002432761015370488, 0.0029282832983881235, 0.0013958485797047615, 0.00064084428595379, 0.0005600089789368212, 0.0007266487227752805, 0.0003060120507143438, 0.00016945756215136498, 0.00021128376829437912, 0.00028412428218871355, 0.00041006767423823476, 0.0001750904630171135, 0.00025890886900015175, 0.00018501642625778913, 0.0001142174587585032, 0.00019896506273653358, 0.00023600446002092212, 0.00010214008943876252, 0.000371764472220093, 8.317371975863352e-05, 0.0001723230379866436, 0.00023681053426116705, 0.00017994549125432968, 6.267970456974581e-05, 3.1604380637872964e-05, 5.2132625569356605e-05, 2.41075103986077e-05, 5.652223990182392e-05, 8.34954553283751e-05, 5.067694655735977e-05, 7.000634650466964e-05, 4.642259591491893e-05, 2.796423177642282e-05, 4.542940223473124e-05, 3.824157829512842e-05, 3.255274714319967e-05, 3.25644614349585e-05, 2.4689161364221945e-05, 2.540163586672861e-05, 2.6042614990728907e-05, 2.7797266739071347e-05, 2.1546500647673383e-05, 1.04834662124631e-05, 1.8955608538817614e-05, 1.926516051753424e-05, 8.831491868477315e-06, 9.854073141468689e-06, 1.4857126188871916e-05, 1.2955214515386615e-05, 1.2276631423446815e-05, 1.452652668376686e-05, 1.6105923350551166e-05, 1.3475972082233056e-05, 1.3917686374043114e-05, 1.9008857634617016e-05, 1.3771469639323186e-05, 1.312282620347105e-05, 1.4568749065801967e-05, 1.4046560863789637e-05, 1.2358169442450162e-05, 8.278124369098805e-06, 5.757573944720207e-06, 4.3642130549415015e-06, 3.7620893635903485e-06, 3.3799203720263904e-06, 4.1252196751884185e-06, 4.335313406045316e-06, 3.619377366703702e-06, 3.281176304881228e-06, 3.2838274819368962e-06, 2.8392094009177526e-06, 3.0563833206542768e-06, 3.5089292396150995e-06, 2.969350134662818e-06, 2.9102172902639722e-06, 2.566544480941957e-06, 2.375429630774306e-06, 2.614370032461011e-06, 2.9393434033408994e-06, 3.420531129449955e-06, 3.885658770741429e-06, 4.5741917347186245e-06, 4.764479399455013e-06, 4.395320956973592e-06, 4.2436449803062715e-06, 3.7542283735092496e-06, 3.1292072435462615e-06, 2.712216883082874e-06, 2.2169999738252955e-06, 1.9348262867424637e-06, 1.393853949593904e-06, 1.183416657113412e-06, 1.311792971137038e-06, 9.63695583777735e-07, 7.798481078680197e-07, 7.629753895344038e-07, 7.907348731350794e-07, 8.134023801176227e-07, 5.907197646592977e-07, 4.248746563462191e-07, 2.8126925144533743e-07, 1.516050787131462e-07, 7.125020573539587e-08, 1.2247817871013922e-08, 1.6696568572172055e-09, 1.6113796963423965e-09, 4.378166162943842e-10, 1.0454803689441405e-11, 1.026609526555422e-11, 1.011591938687717e-11, 9.994115778011459e-12, 9.906850513552445e-12, 9.852925766939968e-12], "lowlevel.mfcc.mean": [-674.615234375, 119.85718536376953, 23.021276473999023, 28.329029083251953, 13.122490882873535, 7.397832870483398, 16.650604248046875, -9.199405670166016, 12.276277542114258, 5.764765739440918, 3.1818835735321045, 7.838386535644531, 11.744845390319824], "lowlevel.spectral_contrast_coeffs.mean": [-0.6923159956932068, -0.6877635717391968, -0.778533935546875, -0.8110660314559937, -0.8096179366111755, -0.7689619064331055], "lowlevel.spectral_contrast_coeffs.stdev": [0.11224348843097687, 0.11530899256467819, 0.07575686275959015, 0.0479840487241745, 0.04014080390334129, 0.04351053014397621], "lowlevel.spectral_contrast_valleys.mean": [-7.060787677764893, -7.265281677246094, -7.807262420654297, -7.978182315826416, -7.834680557250977, -10.446272850036621], "lowlevel.spectral_contrast_valleys.stdev": [0.8316612839698792, 0.7024441361427307, 0.6587979793548584, 0.6859397292137146, 0.7405726313591003, 1.0674211978912354], "rhythm.beats_loudness_band_ratio.mean": [0.7577028274536133, 0.13307324051856995, 0.06884218752384186, 0.031234364956617355, 0.01996293105185032, 0.02382325381040573], "rhythm.beats_loudness_band_ratio.stdev": [0.21938557922840118, 0.15569765865802765, 0.10626370459794998, 0.04641350731253624, 0.024329494684934616, 0.03191603720188141], "tonal.hpcp.mean": [0.021459082141518593, 0.016736408695578575, 0.015389167703688145, 0.02826719358563423, 0.03410571068525314, 0.02458343468606472, 0.023506823927164078, 0.03642436861991882, 0.09338699281215668, 0.20636136829853058, 0.20719090104103088, 0.10640931874513626, 0.06274200230836868, 0.051586274057626724, 0.07665006816387177, 0.1294056922197342, 0.10764279216527939, 0.043752510100603104, 0.05797569081187248, 0.09131292998790741, 0.0592859610915184, 0.026308303698897362, 0.038140397518873215, 0.0843622013926506, 0.3009198307991028, 0.3538930118083954, 0.15367302298545837, 0.06701294332742691, 0.03820214420557022, 0.027401546016335487, 0.05453379452228546, 0.05802657827734947, 0.03711492940783501, 0.05428919196128845, 0.05970469489693642, 0.03549044951796532], "tonal.hpcp.stdev": [0.10499688982963562, 0.08539431542158127, 0.09918293356895447, 0.12229932099580765, 0.1497637927532196, 0.11239027976989746, 0.1242150217294693, 0.152600958943367, 0.2358134686946869, 0.33520129323005676, 0.3312537372112274, 0.23788832128047943, 0.2033548504114151, 0.18661972880363464, 0.2135028839111328, 0.30472132563591003, 0.26313313841819763, 0.15543796122074127, 0.18142785131931305, 0.2619457244873047, 0.19403904676437378, 0.11917636543512344, 0.15627583861351013, 0.20239177346229553, 0.38083624839782715, 0.4049689769744873, 0.25891098380088806, 0.1818690001964569, 0.14338617026805878, 0.11289678514003754, 0.16851645708084106, 0.1796720325946808, 0.11576023697853088, 0.17730146646499634, 0.1917106807231903, 0.13778966665267944], "rhythm.beats_position": [0.4643990993499756, 0.9287981986999512, 1.4164172410964966, 1.834376335144043, 2.2639455795288086, 2.693514585494995, 3.1346938610076904, 3.5526530742645264, 3.982222080230713, 4.4117913246154785, 4.8297505378723145, 5.27092981338501, 5.6888885498046875, 6.118457794189453, 6.548027038574219, 6.965986251831055, 7.40716552734375, 7.825124740600586, 8.254693984985352, 8.684263229370117, 9.113832473754883, 9.543400764465332, 9.972970008850098, 10.402539253234863, 10.832108497619629, 11.261677742004395, 11.70285701751709, 12.120816230773926, 12.538775444030762, 12.968344688415527, 13.397913932800293, 13.839092254638672, 14.257051467895508, 14.686620712280273, 15.116189956665039, 15.545759201049805, 15.97532844543457, 16.404897689819336, 16.8344669342041, 17.264036178588867, 17.693605422973633, 18.11156463623047, 18.552743911743164, 18.970703125, 19.400272369384766, 19.82984161376953, 20.271020889282227, 20.688980102539062, 21.1069393157959, 21.53650665283203, 21.966075897216797, 22.384035110473633, 22.825214385986328, 23.254783630371094, 23.68435287475586, 24.113922119140625, 24.54349136352539, 24.973060607910156, 25.402629852294922, 25.820589065551758, 26.250158309936523, 26.67972755432129, 27.120906829833984, 27.53886604309082, 27.980045318603516, 28.39800453186035, 28.839183807373047, 29.245532989501953, 29.67510223388672, 30.104671478271484, 30.53424072265625, 30.963808059692383, 31.39337730407715, 31.822946548461914, 32.25251770019531, 32.68208694458008, 33.111656188964844, 33.552833557128906, 33.98240280151367, 34.40036392211914, 34.829933166503906, 35.259498596191406, 35.68906784057617, 36.11863708496094, 36.5482063293457, 36.96616744995117, 37.407344818115234, 37.8253059387207, 38.243263244628906, 38.67283248901367], "rhythm.bpm_histogram": [0.0, 0.0, 0.0, 0.0, 0.0, 0.0, 0.0, 0.0, 0.0, 0.0, 0.0, 0.0, 0.0, 0.0, 0.0, 0.0, 0.0, 0.0, 0.0, 0.0, 0.0, 0.0, 0.0, 0.0, 0.0, 0.0, 0.0, 0.0, 0.0, 0.0, 0.0, 0.0, 0.0, 0.0, 0.0, 0.0, 0.0, 0.0, 0.0, 0.0, 0.0, 0.0, 0.0, 0.0, 0.0, 0.0, 0.0, 0.0, 0.0, 0.0, 0.0, 0.0, 0.0, 0.0, 0.0, 0.0, 0.0, 0.0, 0.0, 0.0, 0.0, 0.0, 0.0, 0.0, 0.0, 0.0, 0.0, 0.0, 0.0, 0.0, 0.0, 0.0, 0.0, 0.0, 0.0, 0.0, 0.0, 0.0, 0.0, 0.0, 0.0, 0.0, 0.0, 0.0, 0.0, 0.0, 0.0, 0.0, 0.0, 0.0, 0.0, 0.0, 0.0, 0.0, 0.0, 0.0, 0.0, 0.0, 0.0, 0.0, 0.0, 0.0, 0.0, 0.0, 0.0, 0.0, 0.0, 0.0, 0.0, 0.0, 0.0, 0.0, 0.0, 0.0, 0.0, 0.0, 0.0, 0.0, 0.0, 0.0, 0.0, 0.0, 0.0, 0.01123595517128706, 0.0, 0.0, 0.0, 0.0, 0.0, 0.01123595517128706, 0.0, 0.0, 0.0, 0.0, 0.0, 0.0, 0.14606741070747375, 0.0, 0.0, 0.0, 0.584269642829895, 0.0, 0.0, 0.0, 0.23595505952835083, 0.0, 0.0, 0.0, 0.01123595517128706, 0.0, 0.0, 0.0, 0.0, 0.0, 0.0, 0.0, 0.0, 0.0, 0.0, 0.0, 0.0, 0.0, 0.0, 0.0, 0.0, 0.0, 0.0, 0.0, 0.0, 0.0, 0.0, 0.0, 0.0, 0.0, 0.0, 0.0, 0.0, 0.0, 0.0, 0.0, 0.0, 0.0, 0.0, 0.0, 0.0, 0.0, 0.0, 0.0, 0.0, 0.0, 0.0, 0.0, 0.0, 0.0, 0.0, 0.0, 0.0, 0.0, 0.0, 0.0, 0.0, 0.0, 0.0, 0.0, 0.0, 0.0, 0.0, 0.0, 0.0, 0.0, 0.0, 0.0, 0.0, 0.0, 0.0, 0.0, 0.0, 0.0, 0.0, 0.0, 0.0, 0.0, 0.0, 0.0, 0.0, 0.0, 0.0, 0.0, 0.0, 0.0, 0.0, 0.0, 0.0, 0.0, 0.0, 0.0, 0.0, 0.0, 0.0, 0.0, 0.0, 0.0, 0.0, 0.0, 0.0, 0.0, 0.0, 0.0, 0.0, 0.0], "tonal.chords_histogram": [16.448152542114258, 0.0, 11.918951034545898, 0.0, 0.0, 0.0, 1.9070321321487427, 0.0, 0.0, 0.0, 0.0, 0.0, 0.0, 0.0, 0.0, 0.0, 2.5029797554016113, 46.483909606933594, 2.860548257827759, 5.601907253265381, 2.026221752166748, 1.4302741289138794, 3.6948747634887695, 5.125148773193359], "tonal.thpcp": [1.0, 0.4342358112335205, 0.18935932219028473, 0.10794828832149506, 0.07742889970541, 0.1540968418121338, 0.16396644711494446, 0.10487613081932068, 0.15340566635131836, 0.16870832443237305, 0.10028581321239471, 0.060637202113866806, 0.04729228466749191, 0.0434853658080101, 0.07987497001886368, 0.09637293964624405, 0.06946572661399841, 0.06642353534698486, 0.10292480140924454, 0.2638848125934601, 0.5831179618835449, 0.5854619741439819, 0.3006821572780609, 0.1772908717393875, 0.14576798677444458, 0.21659107506275177, 0.3656633198261261, 0.30416759848594666, 0.1236320286989212, 0.16382265090942383, 0.258024126291275, 0.16752509772777557, 0.07433971017599106, 0.1077738106250763, 0.23838335275650024, 0.8503130078315735], "lowlevel.gfcc.cov": [[3732.201416015625, -894.4851684570312, 162.72044372558594, 90.23602294921875, -107.2459487915039, 184.73028564453125, -272.83197021484375, 180.9724884033203, -300.4531555175781, 157.71551513671875, -233.84315490722656, 168.8794403076172, -163.56239318847656], [-894.4851684570312, 1733.2562255859375, 50.39259338378906, -279.1083068847656, 96.52488708496094, -327.1728820800781, 96.3116455078125, -245.61065673828125, -68.37833404541016, -211.65806579589844, 40.015743255615234, -301.5634460449219, 138.08309936523438], [162.72044372558594, 50.39259338378906, 938.2854614257812, 241.95950317382812, 89.3541030883789, 167.29971313476562, -46.56366729736328, 17.697416305541992, -43.53953170776367, -98.44772338867188, -146.33436584472656, -70.37887573242188, -98.29364013671875], [90.23602294921875, -279.1083068847656, 241.95950317382812, 576.0343017578125, 187.3893280029297, 160.65138244628906, 53.70748519897461, 26.22392463684082, 127.42606353759766, -73.00814056396484, -37.280460357666016, 5.562756538391113, -53.10537338256836], [-107.2459487915039, 96.52488708496094, 89.3541030883789, 187.3893280029297, 357.63385009765625, 151.35523986816406, 122.71119689941406, 27.474098205566406, 41.53245162963867, -8.44343376159668, -1.2320698499679565, -25.14141845703125, 22.82167625427246], [184.73028564453125, -327.1728820800781, 167.29971313476562, 160.65138244628906, 151.35523986816406, 439.2459716796875, 150.9784698486328, 85.4903564453125, 81.39566802978516, 14.617916107177734, -4.966970443725586, 30.575077056884766, -36.13736343383789], [-272.83197021484375, 96.3116455078125, -46.56366729736328, 53.70748519897461, 122.71119689941406, 150.9784698486328, 261.2604064941406, 76.5151138305664, 97.5408935546875, 9.543597221374512, 64.93340301513672, -2.731043577194214, 32.56072998046875], [180.9724884033203, -245.61065673828125, 17.697416305541992, 26.22392463684082, 27.474098205566406, 85.4903564453125, 76.5151138305664, 231.79177856445312, 79.74360656738281, 84.66394805908203, 29.20791244506836, 57.19742202758789, 5.8894805908203125], [-300.4531555175781, -68.37833404541016, -43.53953170776367, 127.42606353759766, 41.53245162963867, 81.39566802978516, 97.5408935546875, 79.74360656738281, 293.62432861328125, 67.30623626708984, 106.33528900146484, 48.29320526123047, 13.187358856201172], [157.71551513671875, -211.65806579589844, -98.44772338867188, -73.00814056396484, -8.44343376159668, 14.617916107177734, 9.543597221374512, 84.66394805908203, 67.30623626708984, 230.95468139648438, 116.20055389404297, 84.43653106689453, 62.64506530761719], [-233.84315490722656, 40.015743255615234, -146.33436584472656, -37.280460357666016, -1.2320698499679565, -4.966970443725586, 64.93340301513672, 29.20791244506836, 106.33528900146484, 116.20055389404297, 228.15695190429688, 78.13924407958984, 101.92342376708984], [168.8794403076172, -301.5634460449219, -70.37887573242188, 5.562756538391113, -25.14141845703125, 30.575077056884766, -2.731043577194214, 57.19742202758789, 48.29320526123047, 84.43653106689453, 78.13924407958984, 164.3869171142578, 31.49734878540039], [-163.56239318847656, 138.08309936523438, -98.29364013671875, -53.10537338256836, 22.82167625427246, -36.13736343383789, 32.56072998046875, 5.8894805908203125, 13.187358856201172, 62.64506530761719, 101.92342376708984, 31.49734878540039, 195.1273651123047]], "lowlevel.gfcc.icov": [[0.0005195525591261685, -0.00040535119478590786, 0.0002420095115667209, -0.0005663424963131547, 0.0003765507717616856, -0.0006780790281482041, 0.0007208235329017043, -0.000655070471111685, 0.0008774789748713374, -0.0009297305368818343, 0.0007254229276441038, -0.0009387568570673466, 0.00043179860222153366], [-0.00040535119478590786, 0.0030586221255362034, -0.0011622585589066148, 0.002360660582780838, -0.0017721053445711732, 0.002753408392891288, -0.0022496357560157776, 0.0020903737749904394, -0.0017113977810367942, 0.0029743381310254335, -0.0022975909523665905, 0.004304846748709679, -0.0017517426749691367], [0.0002420095115667209, -0.0011622585589066148, 0.0019285628804937005, -0.0014390075812116265, 0.0006562556955032051, -0.0017110713524743915, 0.0016124254325404763, -0.0012491984525695443, 0.0010253681102767587, -0.0010547328274697065, 0.0012033029925078154, -0.0011111247586086392, 0.0008003382827155292], [-0.0005663424963131547, 0.002360660582780838, -0.0014390075812116265, 0.004904966801404953, -0.0027929930947721004, 0.0020126551389694214, -0.0014680227031931281, 0.0018711325246840715, -0.0031760907731950283, 0.0037661639507859945, -0.0017554856603965163, 0.002709094900637865, -0.0011621314333751798], [0.0003765507717616856, -0.0017721053445711732, 0.0006562556955032051, -0.0027929930947721004, 0.005462995730340481, -0.002404507715255022, -0.0001653018407523632, -0.0010782335884869099, 0.0017140638083219528, -0.002582673681899905, 0.001862064702436328, -0.0016941105714067817, 0.0001301469310419634], [-0.0006780790281482041, 0.002753408392891288, -0.0017110713524743915, 0.0020126551389694214, -0.002404507715255022, 0.006480781827121973, -0.004381965380162001, 0.0020303656347095966, -0.0021271216683089733, 0.0024853902868926525, -0.0016966912662610412, 0.0029256409034132957, -0.0009198106126859784], [0.0007208235329017043, -0.0022496357560157776, 0.0016124254325404763, -0.0014680227031931281, -0.0001653018407523632, -0.004381965380162001, 0.00940172839909792, -0.003911972977221012, 0.0007248898618854582, -0.0007831507246010005, -7.707197073614225e-05, -0.0017656134441494942, 0.0008936133235692978], [-0.000655070471111685, 0.0020903737749904394, -0.0012491984525695443, 0.0018711325246840715, -0.0010782335884869099, 0.0020303656347095966, -0.003911972977221012, 0.00815639365464449, -0.0026450136210769415, 7.15721253072843e-05, -0.00021056504920125008, 0.0015386341838166118, -0.0012222612276673317], [0.0008774789748713374, -0.0017113977810367942, 0.0010253681102767587, -0.0031760907731950283, 0.0017140638083219528, -0.0021271216683089733, 0.0007248898618854582, -0.0026450136210769415, 0.007510101422667503, -0.0031352010555565357, -0.0005248500383459032, -0.002665947889909148, 0.0021666723769158125], [-0.0009297305368818343, 0.0029743381310254335, -0.0010547328274697065, 0.0037661639507859945, -0.002582673681899905, 0.0024853902868926525, -0.0007831507246010005, 7.15721253072843e-05, -0.0031352010555565357, 0.011463625356554985, -0.005584769416600466, 0.00311404000967741, -0.0025535612367093563], [0.0007254229276441038, -0.0022975909523665905, 0.0012033029925078154, -0.0017554856603965163, 0.001862064702436328, -0.0016966912662610412, -7.707197073614225e-05, -0.00021056504920125008, -0.0005248500383459032, -0.005584769416600466, 0.011891152709722519, -0.006044289562851191, -0.0015575791476294398], [-0.0009387568570673466, 0.004304846748709679, -0.0011111247586086392, 0.002709094900637865, -0.0016941105714067817, 0.0029256409034132957, -0.0017656134441494942, 0.0015386341838166118, -0.002665947889909148, 0.00311404000967741, -0.006044289562851191, 0.015612266957759857, -0.0028500277549028397], [0.00043179860222153366, -0.0017517426749691367, 0.0008003382827155292, -0.0011621314333751798, 0.0001301469310419634, -0.0009198106126859784, 0.0008936133235692978, -0.0012222612276673317, 0.0021666723769158125, -0.0025535612367093563, -0.0015575791476294398, -0.0028500277549028397, 0.008462546393275261]], "lowlevel.mfcc.cov": [[3692.013427734375, -930.7650146484375, -8.274127960205078, -58.379425048828125, 63.81932830810547, -8.236334800720215, -15.409396171569824, 11.887595176696777, -65.09152221679688, 37.92840576171875, -37.96353530883789, -140.7525177001953, -10.988163948059082], [-930.7650146484375, 1756.2271728515625, -69.3866195678711, -14.220918655395508, -125.36573028564453, -171.53318786621094, 103.47483825683594, -240.2061309814453, -18.198089599609375, -101.1495361328125, -99.63426971435547, -134.05067443847656, -122.91694641113281], [-8.274127960205078, -69.3866195678711, 810.5302734375, 80.94603729248047, 173.47068786621094, 108.67061614990234, -0.3612079918384552, 109.46607971191406, 23.540374755859375, 22.554683685302734, -0.612102210521698, -28.333385467529297, -93.38085174560547], [-58.379425048828125, -14.220918655395508, 80.94603729248047, 382.24041748046875, 131.4254608154297, 37.66014099121094, -10.825418472290039, 47.056922912597656, 36.88695526123047, -9.110013008117676, -1.1361228227615356, 5.006963729858398, -25.66982078552246], [63.81932830810547, -125.36573028564453, 173.47068786621094, 131.4254608154297, 297.73004150390625, 144.85385131835938, 58.24800491333008, 82.01031494140625, 57.861663818359375, 55.646514892578125, -8.716534614562988, 12.396208763122559, -16.490144729614258], [-8.236334800720215, -171.53318786621094, 108.67061614990234, 37.66014099121094, 144.85385131835938, 335.8448791503906, 73.21882629394531, 150.98678588867188, 37.091087341308594, 93.94709777832031, 19.1978759765625, 22.612464904785156, -10.487485885620117], [-15.409396171569824, 103.47483825683594, -0.3612079918384552, -10.825418472290039, 58.24800491333008, 73.21882629394531, 262.1656799316406, 32.05121612548828, 57.59547424316406, 46.52879333496094, -16.703933715820312, -10.80532169342041, 18.40622329711914], [11.887595176696777, -240.2061309814453, 109.46607971191406, 47.056922912597656, 82.01031494140625, 150.98678588867188, 32.05121612548828, 305.30474853515625, 58.60951614379883, 75.9894790649414, 79.58692169189453, 36.5989990234375, -20.44342613220215], [-65.09152221679688, -18.198089599609375, 23.540374755859375, 36.88695526123047, 57.861663818359375, 37.091087341308594, 57.59547424316406, 58.60951614379883, 159.435791015625, 65.13432312011719, 37.39442443847656, 12.593117713928223, 18.065832138061523], [37.92840576171875, -101.1495361328125, 22.554683685302734, -9.110013008117676, 55.646514892578125, 93.94709777832031, 46.52879333496094, 75.9894790649414, 65.13432312011719, 169.22702026367188, 53.02657699584961, 41.123538970947266, 36.212100982666016], [-37.96353530883789, -99.63426971435547, -0.612102210521698, -1.1361228227615356, -8.716534614562988, 19.1978759765625, -16.703933715820312, 79.58692169189453, 37.39442443847656, 53.02657699584961, 163.83413696289062, 43.78458023071289, 22.60110855102539], [-140.7525177001953, -134.05067443847656, -28.333385467529297, 5.006963729858398, 12.396208763122559, 22.612464904785156, -10.80532169342041, 36.5989990234375, 12.593117713928223, 41.123538970947266, 43.78458023071289, 157.5064697265625, 79.6456527709961], [-10.988163948059082, -122.91694641113281, -93.38085174560547, -25.66982078552246, -16.490144729614258, -10.487485885620117, 18.40622329711914, -20.44342613220215, 18.065832138061523, 36.212100982666016, 22.60110855102539, 79.6456527709961, 162.63031005859375]], "lowlevel.mfcc.icov": [[0.0003622793301474303, 0.0002489433391019702, 3.459243816905655e-05, 3.694191764225252e-05, -0.00010426520020700991, 0.0001573901972733438, -8.629952208139002e-05, 6.239415233721957e-05, 0.0002056751836789772, -0.0002194984699599445, 5.4621694289380684e-05, 0.0005223695770837367, 1.812584559957031e-05], [0.0002489433391019702, 0.0009411295759491622, 2.6279973099008203e-05, -8.653193799545988e-05, 0.00023200050054583699, 0.0002587619237601757, -0.0005570437642745674, 0.0006090975948609412, -2.9707473004236817e-05, -0.00011748873657779768, 8.661529864184558e-05, 0.000446701655164361, 0.0007080435752868652], [3.459243816905655e-05, 2.6279973099008203e-05, 0.0015363392885774374, 4.84468910144642e-05, -0.0008226484060287476, -1.951200647454243e-05, 0.0001717146224109456, -0.0002995844406541437, 4.8135036195162684e-05, -3.130711775156669e-05, 2.1742655007983558e-05, 0.00011504252324812114, 0.0007124953554011881], [3.694191764225252e-05, -8.653193799545988e-05, 4.84468910144642e-05, 0.0033026740420609713, -0.0016363341128453612, 0.00018621017807163298, 0.0004924524109810591, -0.0003433578822296113, -0.0006001530564390123, 0.0007996538770385087, -1.4428619579121005e-05, -0.00018713127064984292, 0.00021566734358202666], [-0.00010426520020700991, 0.00023200050054583699, -0.0008226484060287476, -0.0016363341128453612, 0.005973381455987692, -0.0016812931280583143, -0.000695779686793685, 0.0002432215987937525, -0.001120896078646183, -0.0005930414190515876, 0.000968119828030467, -0.0005760920466855168, 0.0004483990778680891], [0.0001573901972733438, 0.0002587619237601757, -1.951200647454243e-05, 0.00018621017807163298, -0.0016812931280583143, 0.00514221889898181, -0.0008178569260053337, -0.0016724377637729049, 0.0009502405882813036, -0.0018458861159160733, 0.0005207258509472013, 0.00011422639363445342, 0.0004450030392035842], [-8.629952208139002e-05, -0.0005570437642745674, 0.0001717146224109456, 0.0004924524109810591, -0.000695779686793685, -0.0008178569260053337, 0.005053522996604443, -0.000546615628991276, -0.0013727719197049737, -0.00043809012277051806, 0.0009227705886587501, 0.000703008845448494, -0.0012369583128020167], [6.239415233721957e-05, 0.0006090975948609412, -0.0002995844406541437, -0.0003433578822296113, 0.0002432215987937525, -0.0016724377637729049, -0.000546615628991276, 0.005735594779253006, -0.0008965129964053631, -0.000443034601630643, -0.0019375220872461796, -0.0008013342157937586, 0.001797970267944038], [0.0002056751836789772, -2.9707473004236817e-05, 4.8135036195162684e-05, -0.0006001530564390123, -0.001120896078646183, 0.0009502405882813036, -0.0013727719197049737, -0.0008965129964053631, 0.008838819339871407, -0.0025747292675077915, -0.0011773392325267196, 0.0009464129107072949, -0.0007937857299111784], [-0.0002194984699599445, -0.00011748873657779768, -3.130711775156669e-05, 0.0007996538770385087, -0.0005930414190515876, -0.0018458861159160733, -0.00043809012277051806, -0.000443034601630643, -0.0025747292675077915, 0.009563492611050606, -0.0018027509795501828, -0.00111082021612674, -0.00122956617269665], [5.4621694289380684e-05, 8.661529864184558e-05, 2.1742655007983558e-05, -1.4428619579121005e-05, 0.000968119828030467, 0.0005207258509472013, 0.0009227705886587501, -0.0019375220872461796, -0.0011773392325267196, -0.0018027509795501828, 0.008389045484364033, -0.0011804549722000957, -0.00019242861890234053], [0.0005223695770837367, 0.000446701655164361, 0.00011504252324812114, -0.00018713127064984292, -0.0005760920466855168, 0.00011422639363445342, 0.000703008845448494, -0.0008013342157937586, 0.0009464129107072949, -0.00111082021612674, -0.0011804549722000957, 0.0103455176576972, -0.0045822081156075], [1.8125845