{"song_id": "1182272633480429588", "download": "https://cdn.discordapp.com/attachments/1135903449314238464/1182272633480429588/chirp.mp4?ex=65841831&amp", "lyrics": "Verse 2:\nRound and round your toothbrush sweeps,\nCleaning deep where the tiny bug creeps.\nTop to bottom, side to side,\nBrush them all, wide and wide.\n\nBridge:\nTeeth help us eat, and smile so bright,\nLet's keep them clean, morning and night.\nFloss in between, it's quite the scene,\nFor teeth so clean, and gums so lean.\n\nChorus:\nTra la la, sing with glee,\nBrushing's fun for you and me.\nWave goodbye to tooth decay,\nSmile bright, hip hip hooray!", "style": ["happy song for kids"], "essentia_features": {"lowlevel.average_loudness": 0.9609330296516418, "lowlevel.barkbands_crest.mean": 10.978161811828613, "lowlevel.barkbands_crest.stdev": 4.241008281707764, "lowlevel.barkbands_flatness_db.mean": 0.1510538011789322, "lowlevel.barkbands_flatness_db.stdev": 0.04518716037273407, "lowlevel.barkbands_kurtosis.mean": 7.266834259033203, "lowlevel.barkbands_kurtosis.stdev": 13.449800491333008, "lowlevel.barkbands_skewness.mean": 1.9209175109863281, "lowlevel.barkbands_skewness.stdev": 1.5044708251953125, "lowlevel.barkbands_spread.mean": 23.958614349365234, "lowlevel.barkbands_spread.stdev": 19.32038688659668, "lowlevel.dissonance.mean": 0.44958940148353577, "lowlevel.dissonance.stdev": 0.03313036262989044, "lowlevel.dynamic_complexity": 2.2128937244415283, "lowlevel.erbbands_crest.mean": 11.708330154418945, "lowlevel.erbbands_crest.stdev": 6.091678619384766, "lowlevel.erbbands_flatness_db.mean": 0.15698082745075226, "lowlevel.erbbands_flatness_db.stdev": 0.04881124570965767, "lowlevel.erbbands_kurtosis.mean": 1.3553509712219238, "lowlevel.erbbands_kurtosis.stdev": 4.442515850067139, "lowlevel.erbbands_skewness.mean": 0.6084479689598083, "lowlevel.erbbands_skewness.stdev": 1.0361557006835938, "lowlevel.erbbands_spread.mean": 47.12464904785156, "lowlevel.erbbands_spread.stdev": 27.690305709838867, "lowlevel.hfc.mean": 25.59383201599121, "lowlevel.hfc.stdev": 15.761093139648438, "lowlevel.loudness_ebu128.integrated": -11.562583923339844, "lowlevel.loudness_ebu128.loudness_range": 1.6124248504638672, "lowlevel.loudness_ebu128.momentary.mean": -11.770830154418945, "lowlevel.loudness_ebu128.momentary.stdev": 1.4110954999923706, "lowlevel.loudness_ebu128.short_term.mean": -11.611018180847168, "lowlevel.loudness_ebu128.short_term.stdev": 0.5414672493934631, "lowlevel.melbands_crest.mean": 14.43079948425293, "lowlevel.melbands_crest.stdev": 4.845373630523682, "lowlevel.melbands_flatness_db.mean": 0.21003609895706177, "lowlevel.melbands_flatness_db.stdev": 0.055606525391340256, "lowlevel.melbands_kurtosis.mean": 20.66192626953125, "lowlevel.melbands_kurtosis.stdev": 25.570438385009766, "lowlevel.melbands_skewness.mean": 3.1384482383728027, "lowlevel.melbands_skewness.stdev": 1.9857866764068604, "lowlevel.melbands_spread.mean": 22.812088012695312, "lowlevel.melbands_spread.stdev": 22.455097198486328, "lowlevel.pitch_salience.mean": 0.5098545551300049, "lowlevel.pitch_salience.stdev": 0.11495066434144974, "lowlevel.silence_rate_20dB.mean": 1.0, "lowlevel.silence_rate_20dB.stdev": 0.0, "lowlevel.silence_rate_30dB.mean": 1.0, "lowlevel.silence_rate_30dB.stdev": 0.0, "lowlevel.silence_rate_60dB.mean": 0.0015772870974615216, "lowlevel.silence_rate_60dB.stdev": 0.03968393802642822, "lowlevel.spectral_centroid.mean": 1219.7537841796875, "lowlevel.spectral_centroid.stdev": 636.8223876953125, "lowlevel.spectral_complexity.mean": 14.634858131408691, "lowlevel.spectral_complexity.stdev": 5.5996809005737305, "lowlevel.spectral_decrease.mean": -7.4279098427609824e-09, "lowlevel.spectral_decrease.stdev": 4.148299481698814e-09, "lowlevel.spectral_energy.mean": 0.030356088653206825, "lowlevel.spectral_energy.stdev": 0.01632009632885456, "lowlevel.spectral_energyband_high.mean": 0.0012688833521679044, "lowlevel.spectral_energyband_high.stdev": 0.001482290797866881, "lowlevel.spectral_energyband_low.mean": 0.007045839913189411, "lowlevel.spectral_energyband_low.stdev": 0.00834084302186966, "lowlevel.spectral_energyband_middle_high.mean": 0.006278065033257008, "lowlevel.spectral_energyband_middle_high.stdev": 0.008252724073827267, "lowlevel.spectral_energyband_middle_low.mean": 0.01723172515630722, "lowlevel.spectral_energyband_middle_low.stdev": 0.013297111727297306, "lowlevel.spectral_entropy.mean": 7.416214466094971, "lowlevel.spectral_entropy.stdev": 0.5045109391212463, "lowlevel.spectral_flux.mean": 0.08028566092252731, "lowlevel.spectral_flux.stdev": 0.04664355143904686, "lowlevel.spectral_kurtosis.mean": 3.6198537349700928, "lowlevel.spectral_kurtosis.stdev": 2.5901684761047363, "lowlevel.spectral_rms.mean": 0.005223996937274933, "lowlevel.spectral_rms.stdev": 0.0015249717980623245, "lowlevel.spectral_rolloff.mean": 1726.5128173828125, "lowlevel.spectral_rolloff.stdev": 2157.33251953125, "lowlevel.spectral_skewness.mean": 1.515190839767456, "lowlevel.spectral_skewness.stdev": 0.5302715301513672, "lowlevel.spectral_spread.mean": 5958861.5, "lowlevel.spectral_spread.stdev": 2250987.25, "lowlevel.spectral_strongpeak.mean": 1.629117488861084, "lowlevel.spectral_strongpeak.stdev": 1.7874305248260498, "lowlevel.zerocrossingrate.mean": 0.07203304022550583, "lowlevel.zerocrossingrate.stdev": 0.049904610961675644, "metadata.audio_properties.analysis.equal_loudness": 0.0, "metadata.audio_properties.analysis.length": 29.418663024902344, "metadata.audio_properties.analysis.sample_rate": 44100.0, "metadata.audio_properties.analysis.start_time": 0.0, "metadata.audio_properties.bit_rate": 117242.0, "metadata.audio_properties.length": 29.41866683959961, "metadata.audio_properties.lossless": 0.0, "metadata.audio_properties.number_channels": 1.0, "metadata.audio_properties.replay_gain": -14.89897346496582, "metadata.audio_properties.sample_rate": 48000.0, "rhythm.beats_count": 57.0, "rhythm.beats_loudness.mean": 0.035798218101263046, "rhythm.beats_loudness.stdev": 0.00897402036935091, "rhythm.bpm": 117.2610092163086, "rhythm.bpm_histogram_first_peak_bpm": 117.0, "rhythm.bpm_histogram_first_peak_weight": 0.2745097875595093, "rhythm.bpm_histogram_second_peak_bpm": 123.0, "rhythm.bpm_histogram_second_peak_spread": 0.3333333730697632, "rhythm.bpm_histogram_second_peak_weight": 0.0357142873108387, "rhythm.danceability": 1.209480881690979, "rhythm.onset_rate": 4.586954593658447, "tonal.chords_changes_rate": 0.05511811003088951, "tonal.chords_number_rate": 0.011023622006177902, "tonal.chords_strength.mean": 0.517067015171051, "tonal.chords_strength.stdev": 0.07523996382951736, "tonal.hpcp_crest.mean": 18.948991775512695, "tonal.hpcp_crest.stdev": 8.249848365783691, "tonal.hpcp_entropy.mean": 1.412375807762146, "tonal.hpcp_entropy.stdev": 0.6708000898361206, "tonal.key_edma.strength": 0.7860768437385559, "tonal.key_krumhansl.strength": 0.7975540161132812, "tonal.key_temperley.strength": 0.811302125453949, "tonal.tuning_diatonic_strength": 0.6631966829299927, "tonal.tuning_equal_tempered_deviation": 0.01261384878307581, "tonal.tuning_frequency": 439.2381896972656, "tonal.tuning_nontempered_energy_ratio": 0.6150476336479187, "lowlevel.barkbands.mean": [7.988496508914977e-05, 0.0016601684037595987, 0.004029152914881706, 0.0025614709593355656, 0.003046684432774782, 0.005910104606300592, 0.0028776684775948524, 0.0012142382329329848, 0.0012342475820332766, 0.0010153335751965642, 0.0011021203827112913, 0.0010333533864468336, 0.001209464157000184, 0.00035044809919781983, 0.0003903275646734983, 0.00025919813197106123, 0.00038342978223226964, 0.0002494485233910382, 0.0003077243163716048, 0.00047187620657496154, 0.00020827181288041174, 8.237615111283958e-05, 0.0001697682891972363, 0.00024517474230378866, 0.00019274138321634382, 7.04847407178022e-05, 9.236884466190531e-07], "lowlevel.barkbands.stdev": [0.00010901901259785518, 0.004585021175444126, 0.0045603737235069275, 0.0023839978966861963, 0.004202608950436115, 0.010225459933280945, 0.006834014318883419, 0.003566032275557518, 0.003126011462882161, 0.002659442601725459, 0.002589950803667307, 0.004462733399122953, 0.0040511139668524265, 0.0013496533501893282, 0.0009544315980747342, 0.0005923972930759192, 0.0008403505780734122, 0.000564098940230906, 0.00047714702668599784, 0.0006696661002933979, 0.00034503699862398207, 0.00020051882893312722, 0.00041592412162572145, 0.0006479349685832858, 0.0002829170261975378, 0.0001039910494000651, 2.7154073904966936e-06], "lowlevel.erbbands.mean": [0.025741083547472954, 0.4897923171520233, 3.439634084701538, 7.819615364074707, 9.156455993652344, 9.3615083694458, 21.160274505615234, 60.19375991821289, 53.4793586730957, 31.771343231201172, 17.994224548339844, 34.36240768432617, 28.01249885559082, 35.97913360595703, 45.7109260559082, 53.972232818603516, 58.533363342285156, 24.20128059387207, 22.642948150634766, 15.446820259094238, 16.230772018432617, 19.35323715209961, 15.441264152526855, 15.502632141113281, 15.325754165649414, 21.352888107299805, 15.797521591186523, 4.954022407531738, 3.1002581119537354, 3.438908576965332, 4.9594502449035645, 4.699672222137451, 4.364630699157715, 2.718311309814453, 1.020387887954712, 0.3840464651584625, 0.11649807542562485, 0.013575191609561443, 0.00028341801953502, 4.954831820214167e-05], "lowlevel.erbbands.stdev": [0.07536463439464569, 1.249437928199768, 4.528329372406006, 6.651568412780762, 9.293708801269531, 15.570157051086426, 47.558475494384766, 110.8519058227539, 113.36542510986328, 75.43498992919922, 55.46181106567383, 87.01131439208984, 70.91500854492188, 90.50003814697266, 107.80567169189453, 225.03665161132812, 184.67686462402344, 72.99610900878906, 51.13592529296875, 37.483245849609375, 31.295406341552734, 40.46750259399414, 34.686824798583984, 30.43229103088379, 22.733591079711914, 30.66217803955078, 22.409381866455078, 8.716548919677734, 7.067968368530273, 8.317449569702148, 12.75641918182373, 13.659578323364258, 10.947952270507812, 4.552572727203369, 1.411990761756897, 0.5628367066383362, 0.17967937886714935, 0.022966671735048294, 0.00043273146729916334, 2.683207276277244e-05], "lowlevel.gfcc.mean": [14.71152114868164, 76.26392364501953, -100.97986602783203, 27.125581741333008, -67.3584976196289, 10.212820053100586, -50.856143951416016, 9.45799446105957, -42.33775329589844, 3.1703615188598633, -18.678739547729492, -5.2369208335876465, -10.882864952087402], "lowlevel.melbands.mean": [0.0003455051046330482, 0.0014697388978675008, 0.0014144134474918246, 0.0006092612748034298, 0.0007169558666646481, 0.0012905820040032268, 0.0007620104006491601, 0.00033020199043676257, 0.0001319497387157753, 0.0002200663584517315, 0.00013287103502079844, 0.00013957479677628726, 0.00014469503366854042, 0.0001373254635836929, 0.00011252672993578017, 0.00012142377090640366, 3.6081815778743476e-05, 3.684594776132144e-05, 2.307477370777633e-05, 2.1150553948245943e-05, 1.8615788576425985e-05, 2.2061707568354905e-05, 1.7932814444066025e-05, 9.787750968826003e-06, 1.2883189810963813e-05, 1.0352678145864047e-05, 1.1096331945736893e-05, 1.5544481357210316e-05, 1.238658296642825e-05, 5.121339199831709e-06, 2.090321913783555e-06, 1.7867855603981297e-06, 1.4644340353697771e-06, 2.1303058019839227e-06, 2.689050234039314e-06, 3.131810899503762e-06, 2.8593760816875147e-06, 3.2428074518975336e-06, 2.79083042187267e-06, 2.1321134227036964e-06], "lowlevel.melbands.stdev": [0.000963527534622699, 0.0019932386931031942, 0.001055042608641088, 0.0007532391464337707, 0.0014235678827390075, 0.00225699320435524, 0.0016233924543485045, 0.000844147929456085, 0.00042107817716896534, 0.0005611077649518847, 0.00035769984242506325, 0.0003818186232820153, 0.0003486442437861115, 0.000508537283167243, 0.0003480657178442925, 0.0004645310982596129, 0.00014254340203478932, 8.7739885202609e-05, 6.564055365743116e-05, 4.97829241794534e-05, 3.876402843161486e-05, 5.1951359637314454e-05, 4.5063297875458375e-05, 1.9563307432690635e-05, 2.7982812753180042e-05, 1.8024085875367746e-05, 1.633898682484869e-05, 2.413881702523213e-05, 1.7706573999021202e-05, 1.0464835213497281e-05, 4.506844561547041e-06, 4.462810011318652e-06, 3.416181925786077e-06, 5.484502707986394e-06, 6.942575510038296e-06, 9.131731530942488e-06, 8.473337402392644e-06, 8.999485544336494e-06, 5.591965418716427e-06, 3.415943410800537e-06], "lowlevel.melbands128.mean": [3.2664192985976115e-05, 0.0001291384396608919, 0.0004087995912414044, 0.0008781955693848431, 0.0013833253178745508, 0.002211968181654811, 0.0016320169670507312, 0.0012558095622807741, 0.0009702774113975465, 0.00042091976501978934, 0.000482388335512951, 0.000653028313536197, 0.0005814994219690561, 0.0009776083752512932, 0.0016809380613267422, 0.0012313110055401921, 0.000979083706624806, 0.0007562488899566233, 0.0003980920009780675, 0.00030516221886500716, 0.00037331186467781663, 0.00012909511860925704, 0.0001046261313604191, 9.62465419434011e-05, 0.00025438464945182204, 0.00029220347641967237, 9.573634451953694e-05, 0.00016457766469102353, 7.505806570407003e-05, 0.00016751607472542673, 0.00014947407180443406, 0.00011608864588197321, 0.00014413363533094525, 0.00020320675685070455, 4.732208253699355e-05, 0.0001793322153389454, 0.0001864581136032939, 3.290566382929683e-05, 0.00014521156845148653, 0.0001515729381935671, 0.00014396184997167438, 1.6433816199423745e-05, 2.8261962143005803e-05, 5.5838994740042835e-05, 2.7522248274181038e-05, 3.938342706533149e-05, 4.095250551472418e-05, 1.810996764106676e-05, 1.8303973774891347e-05, 1.926574441313278e-05, 2.2519505364471115e-05, 2.4437887987005524e-05, 1.1904461644007824e-05, 1.8344893760513514e-05, 2.835095438058488e-05, 2.602442509669345e-05, 8.64284720591968e-06, 2.347523331991397e-05, 1.890788735181559e-05, 1.5797928426763974e-05, 4.295675807952648e-06, 6.262286660785321e-06, 2.3560480258311145e-05, 1.0707180990721099e-05, 4.2069800656463485e-06, 1.1121485840703826e-05, 1.455871642974671e-05, 8.001070455065928e-06, 1.0671132258721627e-05, 1.5259991414495744e-05, 8.829130820231512e-06, 2.3961760234669782e-05, 1.7427426428184845e-05, 8.302404239657335e-06, 8.3237264334457e-06, 6.111451057222439e-06, 3.582411636671168e-06, 2.1801618004246848e-06, 1.9560059172363253e-06, 1.7278786117458367e-06, 2.008003548326087e-06, 1.7534807739139069e-06, 1.436804609511455e-06, 1.4789866327191703e-06, 1.3632875379698817e-06, 1.8977025320054963e-06, 2.5183596790157026e-06, 2.302199163750629e-06, 2.6121922473976156e-06, 2.8673562155745458e-06, 3.652975010481896e-06, 3.125252987956628e-06, 2.513917479518568e-06, 2.3695674826740287e-06, 3.4726583635347197e-06, 3.7099737255630316e-06, 3.1306533401220804e-06, 2.5884551178023685e-06, 3.0351352506841067e-06, 2.788679012155626e-06, 2.3120066998671973e-06, 2.2342312604450854e-06, 1.622698619030416e-06, 1.2231841992615955e-06, 9.661322337706224e-07, 1.088122871806263e-06, 8.600886758358683e-07, 8.364157224605151e-07, 6.942738082216238e-07, 4.5938634229969466e-07, 3.509662462874985e-07, 3.986915828591009e-07, 4.286726209556946e-07, 3.0749484380976355e-07, 2.719622500535479e-07, 1.4021155436694244e-07, 3.796104408593237e-08, 2.0283746904325994e-10, 3.936680842420159e-12, 3.781291252336061e-12, 3.663245921881053e-12, 3.564943696146572e-12, 3.4815314693681376e-12, 3.4098429375212236e-12, 3.336299769438056e-12, 3.2562390284152087e-12, 3.2062057002402167e-12, 3.1839528843308207e-12], "lowlevel.melbands128.stdev": [8.440967940259725e-05, 0.0004780505259986967, 0.001285422476939857, 0.0024503080639988184, 0.002551259472966194, 0.002350197872146964, 0.0016533351736143231, 0.0013361062156036496, 0.001102281967177987, 0.0009354515932500362, 0.00097681675106287, 0.001511987647973001, 0.002026808215305209, 0.0023299872409552336, 0.00389552372507751, 0.0025233691558241844, 0.0025463132187724113, 0.0023714457638561726, 0.0012936320854350924, 0.0010218779789283872, 0.0012449988862499595, 0.0005667903460562229, 0.0006063107284717262, 0.00044742453610524535, 0.0007842175546102226, 0.000895649311132729, 0.0003237449564039707, 0.0006265975534915924, 0.00034398931893520057, 0.00062055658781901, 0.0005250587128102779, 0.0003859625430777669, 0.0004711103392764926, 0.0006873689126223326, 0.00017491356993559748, 0.0009336533257737756, 0.0009759614476934075, 0.0001569119922351092, 0.0006692655151709914, 0.0005718684988096356, 0.0007637323578819633, 6.930868403287604e-05, 0.00013256889360491186, 0.00031469156965613365, 0.00012593643623404205, 0.00012747818254865706, 0.00014692208787892014, 0.00010019894398283213, 7.760091830277815e-05, 8.565667667426169e-05, 6.646116526098922e-05, 8.113933290587738e-05, 5.233501360635273e-05, 6.071478856028989e-05, 8.912557677831501e-05, 9.047347703017294e-05, 2.7381665859138593e-05, 9.429021156392992e-05, 6.326011498458683e-05, 5.3226565796649083e-05, 1.099493329093093e-05, 1.577693547005765e-05, 6.808689067838714e-05, 2.464483623043634e-05, 9.008670531329699e-06, 2.5224731871276163e-05, 3.283925252617337e-05, 1.8101027308148332e-05, 2.412899448245298e-05, 3.109104000031948e-05, 1.8558768715593033e-05, 5.8052402891917154e-05, 3.2851272408152e-05, 1.5669951608288102e-05, 1.8781191101879813e-05, 1.873797555163037e-05, 7.395028205792187e-06, 5.060687726654578e-06, 4.835038453165907e-06, 5.213443728280254e-06, 6.541835318785161e-06, 4.104026629647706e-06, 3.729583568201633e-06, 3.732845016202191e-06, 3.6012227155879373e-06, 5.313503152137855e-06, 7.530440143455053e-06, 5.574185706791468e-06, 7.657949026906863e-06, 8.477051778754685e-06, 1.0501488759473432e-05, 9.662424417911097e-06, 8.99238330021035e-06, 8.02073918748647e-06, 1.0044273949461058e-05, 1.1081381671829149e-05, 9.775669241207652e-06, 6.465497790486552e-06, 6.617965937039116e-06, 5.498300652106991e-06, 4.342684860603185e-06, 3.6431531498237746e-06, 2.770083710856852e-06, 2.102286998706404e-06, 1.5289008388208458e-06, 1.6879607755981851e-06, 1.3260911373436102e-06, 1.3049238987150602e-06, 1.2301128435865394e-06, 8.153527915055747e-07, 6.505910619125643e-07, 7.195325792963558e-07, 7.150357532736962e-07, 5.536921321436239e-07, 4.825293444810086e-07, 3.121384395399218e-07, 1.0118068161091287e-07, 2.2673802835271317e-09, 6.125433060083507e-12, 5.9419309750285976e-12, 5.7855439189458124e-12, 5.6506010807921836e-12, 5.534113098337734e-12, 5.4349658454300176e-12, 5.339334877008106e-12, 5.255603244269658e-12, 5.201699748019761e-12, 5.171891560851183e-12], "lowlevel.mfcc.mean": [-636.2489013671875, 109.98221588134766, 16.935199737548828, 18.276832580566406, 6.279426574707031, -6.994489669799805, 5.977161884307861, -10.214473724365234, -5.737156867980957, -4.542360782623291, -12.915037155151367, -3.2313902378082275, -0.6959512829780579], "lowlevel.spectral_contrast_coeffs.mean": [-0.6511819362640381, -0.6607208847999573, -0.7195293307304382, -0.7727567553520203, -0.7749229669570923, -0.7809974551200867], "lowlevel.spectral_contrast_coeffs.stdev": [0.06973887979984283, 0.0921967476606369, 0.08062919229269028, 0.06810153275728226, 0.060111064463853836, 0.03736260533332825], "lowlevel.spectral_contrast_valleys.mean": [-6.772109031677246, -7.041950702667236, -7.709809303283691, -7.922657489776611, -7.629166603088379, -9.98842716217041], "lowlevel.spectral_contrast_valleys.stdev": [0.6352258920669556, 0.5563835501670837, 0.5178277492523193, 0.4921441376209259, 0.5928969979286194, 0.7767923474311829], "rhythm.beats_loudness_band_ratio.mean": [0.33624932169914246, 0.2674761116504669, 0.16496852040290833, 0.1734197586774826, 0.058115288615226746, 0.0549529604613781], "rhythm.beats_loudness_band_ratio.stdev": [0.22221454977989197, 0.21040770411491394, 0.14222396910190582, 0.19335050880908966, 0.06515970081090927, 0.03373591601848602], "tonal.hpcp.mean": [0.09930828213691711, 0.07253577560186386, 0.07929643988609314, 0.1607697606086731, 0.11285239458084106, 0.026386428624391556, 0.0351460836827755, 0.03291028365492821, 0.20678403973579407, 0.38020530343055725, 0.20366977155208588, 0.02761022374033928, 0.016045931726694107, 0.012335344217717648, 0.07156525552272797, 0.16501300036907196, 0.1150149405002594, 0.030587531626224518, 0.019790222868323326, 0.013371419161558151, 0.043705057352781296, 0.08860968053340912, 0.07872675359249115, 0.23195601999759674, 0.4300628900527954, 0.24440144002437592, 0.027250418439507484, 0.01239698939025402, 0.0197590421885252, 0.11423657089471817, 0.21039167046546936, 0.12919577956199646, 0.037950191646814346, 0.035838544368743896, 0.03614657372236252, 0.06510578840970993], "tonal.hpcp.stdev": [0.23454740643501282, 0.18331700563430786, 0.16517743468284607, 0.301426500082016, 0.2215847223997116, 0.08194375783205032, 0.12681840360164642, 0.11462583392858505, 0.24066631495952606, 0.38197073340415955, 0.23044714331626892, 0.11894118040800095, 0.09065903723239899, 0.06289185583591461, 0.14751720428466797, 0.29563242197036743, 0.21957431733608246, 0.10693569481372833, 0.08520442992448807, 0.07004494220018387, 0.12237303704023361, 0.21183879673480988, 0.17604157328605652, 0.27438434958457947, 0.43581825494766235, 0.28161102533340454, 0.10363003611564636, 0.06035849452018738, 0.09892319142818451, 0.2084939032793045, 0.31354233622550964, 0.2242862433195114, 0.1308879256248474, 0.129179909825325, 0.1401566118001938, 0.16992972791194916], "rhythm.beats_position": [0.42956915497779846, 0.8939682245254517, 1.3583673238754272, 1.834376335144043, 2.3336052894592285, 2.832834482192993, 3.3436734676361084, 3.8545124530792236, 4.36535120010376, 4.876190185546875, 5.38702917098999, 5.8978681564331055, 6.42031717300415, 6.919546127319336, 7.430385589599609, 7.952834129333496, 8.4752836227417, 8.986122131347656, 9.49696159362793, 10.007800102233887, 10.51863956451416, 11.029478073120117, 11.54031753540039, 12.051156044006348, 12.561995506286621, 13.072834014892578, 13.583673477172852, 14.094511985778809, 14.605351448059082, 15.116189956665039, 15.615419387817383, 16.126258850097656, 16.637096405029297, 17.13632583618164, 17.658775329589844, 18.181224822998047, 18.692062377929688, 19.20290184020996, 19.713741302490234, 20.224580764770508, 20.73541831970215, 21.246257781982422, 21.757097244262695, 22.26793670654297, 22.77877426147461, 23.289613723754883, 23.777233123779297, 24.28807258605957, 24.81052017211914, 25.332969665527344, 25.820589065551758, 26.33142852783203, 26.8538761138916, 27.364715576171875, 27.87555503845215, 28.39800453186035, 28.908842086791992], "rhythm.bpm_histogram": [0.0, 0.0, 0.0, 0.0, 0.0, 0.0, 0.0, 0.0, 0.0, 0.0, 0.0, 0.0, 0.0, 0.0, 0.0, 0.0, 0.0, 0.0, 0.0, 0.0, 0.0, 0.0, 0.0, 0.0, 0.0, 0.0, 0.0, 0.0, 0.0, 0.0, 0.0, 0.0, 0.0, 0.0, 0.0, 0.0, 0.0, 0.0, 0.0, 0.0, 0.0, 0.0, 0.0, 0.0, 0.0, 0.0, 0.0, 0.0, 0.0, 0.0, 0.0, 0.0, 0.0, 0.0, 0.0, 0.0, 0.0, 0.0, 0.0, 0.0, 0.0, 0.0, 0.0, 0.0, 0.0, 0.0, 0.0, 0.0, 0.0, 0.0, 0.0, 0.0, 0.0, 0.0, 0.0, 0.0, 0.0, 0.0, 0.0, 0.0, 0.0, 0.0, 0.0, 0.0, 0.0, 0.0, 0.0, 0.0, 0.0, 0.0, 0.0, 0.0, 0.0, 0.0, 0.0, 0.0, 0.0, 0.0, 0.0, 0.0, 0.0, 0.0, 0.0, 0.0, 0.0, 0.0, 0.0, 0.0, 0.0, 0.0, 0.0, 0.0, 0.0, 0.0, 0.0, 0.1607142835855484, 0.0, 0.6607142686843872, 0.0, 0.0, 0.0892857164144516, 0.0, 0.0, 0.0357142873108387, 0.0, 0.0, 0.01785714365541935, 0.0, 0.0, 0.0357142873108387, 0.0, 0.0, 0.0, 0.0, 0.0, 0.0, 0.0, 0.0, 0.0, 0.0, 0.0, 0.0, 0.0, 0.0, 0.0, 0.0, 0.0, 0.0, 0.0, 0.0, 0.0, 0.0, 0.0, 0.0, 0.0, 0.0, 0.0, 0.0, 0.0, 0.0, 0.0, 0.0, 0.0, 0.0, 0.0, 0.0, 0.0, 0.0, 0.0, 0.0, 0.0, 0.0, 0.0, 0.0, 0.0, 0.0, 0.0, 0.0, 0.0, 0.0, 0.0, 0.0, 0.0, 0.0, 0.0, 0.0, 0.0, 0.0, 0.0, 0.0, 0.0, 0.0, 0.0, 0.0, 0.0, 0.0, 0.0, 0.0, 0.0, 0.0, 0.0, 0.0, 0.0, 0.0, 0.0, 0.0, 0.0, 0.0, 0.0, 0.0, 0.0, 0.0, 0.0, 0.0, 0.0, 0.0, 0.0, 0.0, 0.0, 0.0, 0.0, 0.0, 0.0, 0.0, 0.0, 0.0, 0.0, 0.0, 0.0, 0.0, 0.0, 0.0, 0.0, 0.0, 0.0, 0.0, 0.0, 0.0, 0.0, 0.0, 0.0, 0.0, 0.0, 0.0, 0.0, 0.0, 0.0, 0.0, 0.0, 0.0], "tonal.chords_histogram": [27.716535568237305, 0.787401556968689, 18.740158081054688, 0.0, 0.0, 0.0, 0.0, 0.0, 0.0, 0.0, 0.0, 0.0, 0.0, 0.0, 0.0, 0.0, 0.0, 12.283464431762695, 0.0, 2.047244071960449, 0.0, 2.3622047901153564, 25.35433006286621, 10.708661079406738], "tonal.thpcp": [1.0, 0.5682923197746277, 0.06336379796266556, 0.028825992718338966, 0.045944541692733765, 0.26562759280204773, 0.48921141028404236, 0.3004113733768463, 0.08824335038661957, 0.08333326131105423, 0.08404950797557831, 0.15138666331768036, 0.23091572523117065, 0.16866318881511688, 0.184383362531662, 0.3738285005092621, 0.2624090611934662, 0.06135481223464012, 0.08172312378883362, 0.07652435451745987, 0.4808228015899658, 0.8840690851211548, 0.47358137369155884, 0.06420043110847473, 0.03731066361069679, 0.028682652860879898, 0.16640648245811462, 0.3836950361728668, 0.26743748784065247, 0.0711233913898468, 0.04601704329252243, 0.031091775745153427, 0.10162480175495148, 0.20603889226913452, 0.1830586940050125, 0.5393537282943726], "lowlevel.gfcc.cov": [[2409.947021484375, -355.6170959472656, -276.3236389160156, 8.598536491394043, 46.87602233886719, -74.06200408935547, 138.76971435546875, 174.94039916992188, -73.56005096435547, 257.65167236328125, 46.712520599365234, 52.88972473144531, -29.989643096923828], [-355.6170959472656, 891.5603637695312, -279.76690673828125, -89.52547454833984, 136.9557342529297, -153.47720336914062, 130.2995147705078, -17.81923484802246, -19.521453857421875, 3.5099964141845703, 94.6673583984375, -121.9840316772461, 103.38343811035156], [-276.3236389160156, -279.76690673828125, 723.2400512695312, 169.3694610595703, 14.377941131591797, 204.00144958496094, -110.54117584228516, 4.007842063903809, 61.13880157470703, -128.17672729492188, -118.42185974121094, 92.8144302368164, -104.00235748291016], [8.598536491394043, -89.52547454833984, 169.3694610595703, 416.7126159667969, 62.080326080322266, -8.40020751953125, -24.548580169677734, 61.79145050048828, 67.07867431640625, -80.62259674072266, -35.435340881347656, 12.780312538146973, 5.611485958099365], [46.87602233886719, 136.9557342529297, 14.377941131591797, 62.080326080322266, 270.9985656738281, 8.974213600158691, 57.9600944519043, 74.03148651123047, -14.552347183227539, 28.90322494506836, -35.518192291259766, -8.418136596679688, -6.794214248657227], [-74.06200408935547, -153.47720336914062, 204.00144958496094, -8.40020751953125, 8.974213600158691, 416.9552001953125, 89.79447937011719, -69.59760284423828, 8.19215202331543, -1.4688646793365479, -31.77431869506836, -26.295093536376953, -82.53389739990234], [138.76971435546875, 130.2995147705078, -110.54117584228516, -24.548580169677734, 57.9600944519043, 89.79447937011719, 240.03225708007812, 24.813331604003906, -42.500247955322266, 81.5819091796875, 14.173317909240723, -40.50191116333008, -2.6097865104675293], [174.94039916992188, -17.81923484802246, 4.007842063903809, 61.79145050048828, 74.03148651123047, -69.59760284423828, 24.813331604003906, 192.2792205810547, 40.458553314208984, -1.9463562965393066, -8.132067680358887, 16.589855194091797, 10.270790100097656], [-73.56005096435547, -19.521453857421875, 61.13880157470703, 67.07867431640625, -14.552347183227539, 8.19215202331543, -42.500247955322266, 40.458553314208984, 136.41641235351562, 20.97402572631836, 4.963751316070557, 19.841821670532227, -10.281289100646973], [257.65167236328125, 3.5099964141845703, -128.17672729492188, -80.62259674072266, 28.90322494506836, -1.4688646793365479, 81.5819091796875, -1.9463562965393066, 20.97402572631836, 192.15280151367188, 59.419776916503906, 3.2829666137695312, -2.8692288398742676], [46.712520599365234, 94.6673583984375, -118.42185974121094, -35.435340881347656, -35.518192291259766, -31.77431869506836, 14.173317909240723, -8.132067680358887, 4.963751316070557, 59.419776916503906, 138.3572235107422, 7.249902725219727, 26.44220733642578], [52.88972473144531, -121.9840316772461, 92.8144302368164, 12.780312538146973, -8.418136596679688, -26.295093536376953, -40.50191116333008, 16.589855194091797, 19.841821670532227, 3.2829666137695312, 7.249902725219727, 109.98197174072266, -3.7985353469848633], [-29.989643096923828, 103.38343811035156, -104.00235748291016, 5.611485958099365, -6.794214248657227, -82.53389739990234, -2.6097865104675293, 10.270790100097656, -10.281289100646973, -2.8692288398742676, 26.44220733642578, -3.7985353469848633, 113.28080749511719]], "lowlevel.gfcc.icov": [[0.0006859261775389314, 5.6906763347797096e-05, 0.00033567840000614524, -0.0004427159146871418, 0.00038397262687794864, -0.00023138303367886692, 0.00034891985706053674, -0.0009935981361195445, 0.0011864021653309464, -0.0013168996665626764, 0.00032435779576189816, -0.0004285519535187632, 0.00039658305468037724], [5.6906763347797096e-05, 0.003961085807532072, -0.0007032919675111771, 0.002067932393401861, -0.003643703879788518, 0.0030197822488844395, -0.00415535643696785, 0.0032114372588694096, -0.004147092811763287, 0.004180846735835075, -0.0039052097126841545, 0.003960056696087122, -0.0019795005209743977], [0.00033567840000614524, -0.0007032919675111771, 0.0034448024816811085, -0.0014123308937996626, 0.0007996365311555564, -0.002297099679708481, 0.0021292732562869787, -0.001360266818664968, 0.0011707607191056013, -0.0005506857414729893, 0.002339571714401245, -0.0034651209134608507, 0.0019400621531531215], [-0.0004427159146871418, 0.002067932393401861, -0.0014123308937996626, 0.004887200891971588, -0.0031659817323088646, 0.0023942659609019756, -0.003410446923226118, 0.002474309178069234, -0.005196894519031048, 0.004962908569723368, -0.0027133962139487267, 0.002733649918809533, -0.0019125215476378798], [0.00038397262687794864, -0.003643703879788518, 0.0007996365311555564, -0.0031659817323088646, 0.008655342273414135, -0.003289873478934169, 0.004029555711895227, -0.005735077429562807, 0.006458017975091934, -0.006603848654776812, 0.0053418828174471855, -0.0035553325433284044, 0.00210571032948792], [-0.00023138303367886692, 0.0030197822488844395, -0.002297099679708481, 0.0023942659609019756, -0.003289873478934169, 0.006963503547012806, -0.00612413277849555, 0.004948512651026249, -0.005225146189332008, 0.0045452299527823925, -0.003651136066764593, 0.004576069302856922, -0.00011177577107446268], [0.00034891985706053674, -0.00415535643696785, 0.0021292732562869787, -0.003410446923226118, 0.004029555711895227, -0.00612413277849555, 0.012607034295797348, -0.006607025396078825, 0.008812696672976017, -0.008867712691426277, 0.004904414061456919, -0.0032731713727116585, 0.001998413586989045], [-0.0009935981361195445, 0.0032114372588694096, -0.001360266818664968, 0.002474309178069234, -0.005735077429562807, 0.004948512651026249, -0.006607025396078825, 0.012113155797123909, -0.008816747926175594, 0.007321456912904978, -0.003909057471901178, 0.0029392291326075792, -0.00215812586247921], [0.0011864021653309464, -0.004147092811763287, 0.0011707607191056013, -0.005196894519031048, 0.006458017975091934, -0.005225146189332008, 0.008812696672976017, -0.008816747926175594, 0.01825079694390297, -0.011149832978844643, 0.004949852824211121, -0.004914097022265196, 0.0030678033363074064], [-0.0013168996665626764, 0.004180846735835075, -0.0005506857414729893, 0.004962908569723368, -0.006603848654776812, 0.0045452299527823925, -0.008867712691426277, 0.007321456912904978, -0.011149832978844643, 0.01699681207537651, -0.007708935998380184, 0.0033288404811173677, -0.0015386444283649325], [0.00032435779576189816, -0.0039052097126841545, 0.002339571714401245, -0.0027133962139487267, 0.0053418828174471855, -0.003651136066764593, 0.004904414061456919, -0.003909057471901178, 0.004949852824211121, -0.007708935998380184, 0.014179830439388752, -0.00578437652438879, 0.0008100447594188154], [-0.0004285519535187632, 0.003960056696087122, -0.0034651209134608507, 0.002733649918809533, -0.0035553325433284044, 0.004576069302856922, -0.0032731713727116585, 0.0029392291326075792, -0.004914097022265196, 0.0033288404811173677, -0.00578437652438879, 0.016544951125979424, -0.0027220507618039846], [0.00039658305468037724, -0.0019795005209743977, 0.0019400621531531215, -0.0019125215476378798, 0.00210571032948792, -0.00011177577107446268, 0.001998413586989045, -0.00215812586247921, 0.0030678033363074064, -0.0015386444283649325, 0.0008100447594188154, -0.0027220507618039846, 0.012860727496445179]], "lowlevel.mfcc.cov": [[2164.15771484375, -301.2310485839844, -385.9778137207031, 136.62265014648438, -176.27325439453125, -124.6926040649414, 142.7813720703125, -122.9591293334961, 31.318647384643555, 90.95588684082031, 42.43431091308594, 101.45931243896484, 155.6461944580078], [-301.2310485839844, 865.9714965820312, -343.91510009765625, 16.494056701660156, -60.622806549072266, -75.58177185058594, 123.55264282226562, -105.34347534179688, 16.48534393310547, 26.359859466552734, 5.9872727394104, -18.74345588684082, 40.324913024902344], [-385.9778137207031, -343.91510009765625, 671.760986328125, -89.81575012207031, 146.5755615234375, 165.52186584472656, -114.93462371826172, 178.3959503173828, -15.623151779174805, -54.434661865234375, 9.490636825561523, -8.676831245422363, -82.28976440429688], [136.62265014648438, 16.494056701660156, -89.81575012207031, 418.2941589355469, 82.04920959472656, -132.76162719726562, 3.52058482170105, 30.036231994628906, 66.82206726074219, -23.397796630859375, -26.946117401123047, 32.59833908081055, 12.967575073242188], [-176.27325439453125, -60.622806549072266, 146.5755615234375, 82.04920959472656, 267.287841796875, -3.6486358642578125, -48.73933029174805, 98.59101104736328, 36.11626052856445, -18.222780227661133, -0.03061974048614502, -14.559829711914062, -33.41184616088867], [-124.6926040649414, -75.58177185058594, 165.52186584472656, -132.76162719726562, -3.6486358642578125, 365.5133056640625, 63.829593658447266, 31.64984703063965, 8.093289375305176, 48.626182556152344, 72.88162231445312, -27.257993698120117, -16.83470344543457], [142.7813720703125, 123.55264282226562, -114.93462371826172, 3.52058482170105, -48.73933029174805, 63.829593658447266, 236.03245544433594, 3.137761116027832, 30.19475746154785, 60.54863357543945, 17.92015266418457, -1.260462999343872, 33.00456619262695], [-122.9591293334961, -105.34347534179688, 178.3959503173828, 30.036231994628906, 98.59101104736328, 31.64984703063965, 3.137761116027832, 191.25987243652344, 48.47077941894531, -11.12736988067627, 22.304492950439453, 2.2176153659820557, -37.03532409667969], [31.318647384643555, 16.48534393310547, -15.623151779174805, 66.82206726074219, 36.11626052856445, 8.093289375305176, 30.19475746154785, 48.47077941894531, 129.2996063232422, 46.535621643066406, 18.071054458618164, 1.6659412384033203, -3.76023268699646], [90.95588684082031, 26.359859466552734, -54.434661865234375, -23.397796630859375, -18.222780227661133, 48.626182556152344, 60.54863357543945, -11.12736988067627, 46.535621643066406, 129.506591796875, 42.695438385009766, -5.671701431274414, 11.589484214782715], [42.43431091308594, 5.9872727394104, 9.490636825561523, -26.946117401123047, -0.03061974048614502, 72.88162231445312, 17.92015266418457, 22.304492950439453, 18.071054458618164, 42.695438385009766, 134.8446807861328, 33.55769729614258, 20.47196388244629], [101.45931243896484, -18.74345588684082, -8.676831245422363, 32.59833908081055, -14.559829711914062, -27.257993698120117, -1.260462999343872, 2.2176153659820557, 1.6659412384033203, -5.671701431274414, 33.55769729614258, 114.97024536132812, 36.4836311340332], [155.6461944580078, 40.324913024902344, -82.28976440429688, 12.967575073242188, -33.41184616088867, -16.83470344543457, 33.00456619262695, -37.03532409667969, -3.76023268699646, 11.589484214782715, 20.47196388244629, 36.4836311340332, 108.28186798095703]], "lowlevel.mfcc.icov": [[0.0007576994248665869, 0.0005789595888927579, 0.0003659768553916365, -0.0001437253231415525, 0.0002155277325073257, 0.00025097851175814867, -0.00045132619561627507, 0.00028923724312335253, -0.00013134692562744021, -0.00018582181655801833, -0.0002345172397326678, -0.00019661354599520564, -0.0005414717015810311], [0.0005789595888927579, 0.002004299545660615, 0.0008871505269780755, 7.24496494513005e-05, -8.637793507659808e-05, 0.00044273887760937214, -0.001061239279806614, 0.0007615751819685102, -0.000416816386859864, 0.0003407367330510169, -0.0006059107254259288, 0.0002245426003355533, -0.00029901714879088104], [0.0003659768553916365, 0.0008871505269780755, 0.0035193273797631264, 0.0004645647422876209, -0.0007134080515243113, -0.001305766636505723, 0.0009691767045296729, -0.0021818578243255615, 0.0006589891854673624, 0.0004033629666082561, 0.0005152660305611789, -0.000659317709505558, 0.00040210431325249374], [-0.0001437253231415525, 7.24496494513005e-05, 0.0004645647422876209, 0.00345393898896873, -0.0011357031762599945, 0.0008177161798812449, -0.00030137639259919524, -0.00012103027256671339, -0.0017399494536221027, 0.0010208595776930451, 0.0004307730414438993, -0.000794924155343324, -3.710637611220591e-05], [0.0002155277325073257, -8.637793507659808e-05, -0.0007134080515243113, -0.0011357031762599945, 0.005541000049561262, 0.00018060803995467722, 0.0008532967767678201, -0.0018452887888997793, -0.0005307731917127967, -0.00016049921396188438, -0.0002449596067890525, 0.0009614784503355622, -0.00011607608757913113], [0.00025097851175814867, 0.00044273887760937214, -0.001305766636505723, 0.0008177161798812449, 0.00018060803995467722, 0.0047056786715984344, -0.0019543322268873453, 0.0010777678107842803, -0.0005255123833194375, -0.00036383303813636303, -0.0024637377355247736, 0.001262978883460164, 0.00019669331959448755], [-0.00045132619561627507, -0.001061239279806614, 0.0009691767045296729, -0.00030137639259919524, 0.0008532967767678201, -0.0019543322268873453, 0.006859117653220892, -0.002572564873844385, 0.00030460875132121146, -0.0021694903261959553, 0.0014626870397478342, 5.382370090956101e-06, -0.0012300960952416062], [0.00028923724312335253, 0.0007615751819685102, -0.0021818578243255615, -0.00012103027256671339, -0.0018452887888997793, 0.0010777678107842803, -0.002572564873844385, 0.01032330747693777, -0.0035314413253217936, 0.0019982056692242622, -0.0023195657413452864, -0.00019122232333756983, 0.0017366150859743357], [-0.00013134692562744021, -0.000416816386859864, 0.0006589891854673624, -0.0017399494536221027, -0.0005307731917127967, -0.0005255123833194375, 0.00030460875132121146, -0.0035314413253217936, 0.011852068826556206, -0.004595956299453974, 0.0003377487591933459, -0.0001527024433016777, 0.0003981116460636258], [-0.00018582181655801833, 0.0003407367330510169, 0.0004033629666082561, 0.0010208595776930451, -0.00016049921396188438, -0.00036383303813636303, -0.0021694903261959553, 0.0019982056692242622, -0.004595956299453974, 0.0121902571991086, -0.0032395655289292336, 0.0013206441653892398, 0.00026628884370438755], [-0.0002345172397326678, -0.0006059107254259288, 0.0005152660305611789, 0.0004307730414438993, -0.0002449596067890525, -0.0024637377355247736, 0.0014626870397478342, -0.0023195657413452864, 0.0003377487591933459, -0.0032395655289292336, 0.011149443686008453, -0.003517042612656951, -0.001359540969133377], [-0.00019661354599520564, 0.0002245426003355533, -0.000659317709505558, -0.000794924155343324, 0.0009614784503355622, 0.001262978883460164, 5.382370090956101e-06, -0.00019122232333756983, -0.0001527024433016777, 0.0013206441653892398, -0.003517042612656951, 0.011609823442995548, -0.0031743068248033524], [-0.0005414717015810311, -0.00029901714879088104, 0.00040210431325249374, -3.710637611220591e-05, -0.00011607608757913113, 0.00019669331959448755, -0.0012300960952416062, 0.0017366150859743357, 0.0003981116460636258, 0.00026628884370438755, -0.001359540969133377, -0.0031743068248033524, 0.012710414826869965]], "metadata.audio_properties.analysis.downmix": "mix", "metadata.audio_properties.codec": "mp3", "metadata.audio_properties.md5_encoded": "6fe195149b931a0de0325d42acb0caeb", "metadata.tags.file_name": "1182272633480429588.mp3", "metadata.version.essentia": "2.1-beta6-dev", "metadata.version.essentia_git_sha": "v2.1_beta5-1110-g77a6a954", "metadata.version.extractor": "music 2.0", "tonal.chords_key": "F", "tonal.chords_scale": "major", "tonal.key_edma.key": "F", "tonal.key_edma.scale": "major", "tonal.key_krumhansl.key": "F", "tonal.key_krumhansl.scale": "major"