{"song_id": "1182282794068623480", "download": "https://cdn.discordapp.com/attachments/1128313332273782784/1182282794068623480/chirp.mp4?ex=658421a7&amp", "lyrics": "[Verse 1]\nSheryl Dolega's classes, vibrant and bold\nHer aesthetics training shining like gold\nFrom contouring to skincare, she's the best\nWith her expertise, we'll outshine the rest\n\n[Chorus]\nSheryl Dolega Academy, here we go\nAesthetics training, let your talents show\nWe'll rock the '80s, with neon lights\nUnlock your potential, reach dazzling heights", "style": ["UK drill po polsku"], "essentia_features": {"lowlevel.average_loudness": 0.978582501411438, "lowlevel.barkbands_crest.mean": 10.463346481323242, "lowlevel.barkbands_crest.stdev": 4.892696380615234, "lowlevel.barkbands_flatness_db.mean": 0.09039317816495895, "lowlevel.barkbands_flatness_db.stdev": 0.037073612213134766, "lowlevel.barkbands_kurtosis.mean": 2.5820980072021484, "lowlevel.barkbands_kurtosis.stdev": 8.188973426818848, "lowlevel.barkbands_skewness.mean": 1.2882319688796997, "lowlevel.barkbands_skewness.stdev": 1.4623385667800903, "lowlevel.barkbands_spread.mean": 58.92532730102539, "lowlevel.barkbands_spread.stdev": 27.145051956176758, "lowlevel.dissonance.mean": 0.480238676071167, "lowlevel.dissonance.stdev": 0.015773644670844078, "lowlevel.dynamic_complexity": 1.9023367166519165, "lowlevel.erbbands_crest.mean": 5.701534271240234, "lowlevel.erbbands_crest.stdev": 3.0491483211517334, "lowlevel.erbbands_flatness_db.mean": 0.08015527576208115, "lowlevel.erbbands_flatness_db.stdev": 0.026984257623553276, "lowlevel.erbbands_kurtosis.mean": 0.5839687585830688, "lowlevel.erbbands_kurtosis.stdev": 2.7052793502807617, "lowlevel.erbbands_skewness.mean": -0.5071274042129517, "lowlevel.erbbands_skewness.stdev": 0.9266474843025208, "lowlevel.erbbands_spread.mean": 65.12310028076172, "lowlevel.erbbands_spread.stdev": 22.184980392456055, "lowlevel.hfc.mean": 66.6286849975586, "lowlevel.hfc.stdev": 70.23212432861328, "lowlevel.loudness_ebu128.integrated": -17.69542694091797, "lowlevel.loudness_ebu128.loudness_range": 2.0617599487304688, "lowlevel.loudness_ebu128.momentary.mean": -17.93851661682129, "lowlevel.loudness_ebu128.momentary.stdev": 1.5029765367507935, "lowlevel.loudness_ebu128.short_term.mean": -17.732236862182617, "lowlevel.loudness_ebu128.short_term.stdev": 0.6665723919868469, "lowlevel.melbands_crest.mean": 16.919282913208008, "lowlevel.melbands_crest.stdev": 5.284707546234131, "lowlevel.melbands_flatness_db.mean": 0.16220958530902863, "lowlevel.melbands_flatness_db.stdev": 0.058554861694574356, "lowlevel.melbands_kurtosis.mean": 26.76508903503418, "lowlevel.melbands_kurtosis.stdev": 37.093788146972656, "lowlevel.melbands_skewness.mean": 4.127527713775635, "lowlevel.melbands_skewness.stdev": 2.395097255706787, "lowlevel.melbands_spread.mean": 43.77299499511719, "lowlevel.melbands_spread.stdev": 43.81647872924805, "lowlevel.pitch_salience.mean": 0.5111038088798523, "lowlevel.pitch_salience.stdev": 0.12171180546283722, "lowlevel.silence_rate_20dB.mean": 1.0, "lowlevel.silence_rate_20dB.stdev": 0.0, "lowlevel.silence_rate_30dB.mean": 0.9644572734832764, "lowlevel.silence_rate_30dB.stdev": 0.18514642119407654, "lowlevel.silence_rate_60dB.mean": 0.0019212295301258564, "lowlevel.silence_rate_60dB.stdev": 0.043789755553007126, "lowlevel.spectral_centroid.mean": 2288.38525390625, "lowlevel.spectral_centroid.stdev": 924.8220825195312, "lowlevel.spectral_complexity.mean": 18.968299865722656, "lowlevel.spectral_complexity.stdev": 11.039443016052246, "lowlevel.spectral_decrease.mean": -6.878278391297954e-09, "lowlevel.spectral_decrease.stdev": 7.879632057949948e-09, "lowlevel.spectral_energy.mean": 0.03200364112854004, "lowlevel.spectral_energy.stdev": 0.03239075839519501, "lowlevel.spectral_energyband_high.mean": 0.006368860136717558, "lowlevel.spectral_energyband_high.stdev": 0.007405218202620745, "lowlevel.spectral_energyband_low.mean": 0.017652515321969986, "lowlevel.spectral_energyband_low.stdev": 0.02625153213739395, "lowlevel.spectral_energyband_middle_high.mean": 0.0028065477963536978, "lowlevel.spectral_energyband_middle_high.stdev": 0.002446090569719672, "lowlevel.spectral_energyband_middle_low.mean": 0.006818040739744902, "lowlevel.spectral_energyband_middle_low.stdev": 0.010795838199555874, "lowlevel.spectral_entropy.mean": 8.333796501159668, "lowlevel.spectral_entropy.stdev": 0.2477869838476181, "lowlevel.spectral_flux.mean": 0.09768293052911758, "lowlevel.spectral_flux.stdev": 0.06442408263683319, "lowlevel.spectral_kurtosis.mean": 1.3085020780563354, "lowlevel.spectral_kurtosis.stdev": 0.9880914688110352, "lowlevel.spectral_rms.mean": 0.005150260869413614, "lowlevel.spectral_rms.stdev": 0.00216746237128973, "lowlevel.spectral_rolloff.mean": 4890.873046875, "lowlevel.spectral_rolloff.stdev": 3933.91064453125, "lowlevel.spectral_skewness.mean": 1.0311179161071777, "lowlevel.spectral_skewness.stdev": 0.3163766860961914, "lowlevel.spectral_spread.mean": 8270329.5, "lowlevel.spectral_spread.stdev": 1508283.625, "lowlevel.spectral_strongpeak.mean": 0.4383348524570465, "lowlevel.spectral_strongpeak.stdev": 0.5171533226966858, "lowlevel.zerocrossingrate.mean": 0.15720780193805695, "lowlevel.zerocrossingrate.stdev": 0.07598473131656647, "metadata.audio_properties.analysis.equal_loudness": 0.0, "metadata.audio_properties.analysis.length": 24.148277282714844, "metadata.audio_properties.analysis.sample_rate": 44100.0, "metadata.audio_properties.analysis.start_time": 0.0, "metadata.audio_properties.bit_rate": 122286.0, "metadata.audio_properties.length": 24.149333953857422, "metadata.audio_properties.lossless": 0.0, "metadata.audio_properties.number_channels": 1.0, "metadata.audio_properties.replay_gain": -8.269372940063477, "metadata.audio_properties.sample_rate": 48000.0, "rhythm.beats_count": 48.0, "rhythm.beats_loudness.mean": 0.07190471142530441, "rhythm.beats_loudness.stdev": 0.02135849930346012, "rhythm.bpm": 120.07890319824219, "rhythm.bpm_histogram_first_peak_bpm": 120.0, "rhythm.bpm_histogram_first_peak_weight": 0.3181818127632141, "rhythm.bpm_histogram_second_peak_bpm": 126.0, "rhythm.bpm_histogram_second_peak_spread": 0.5, "rhythm.bpm_histogram_second_peak_weight": 0.021276595070958138, "rhythm.danceability": 1.554848551750183, "rhythm.onset_rate": 6.125735759735107, "tonal.chords_changes_rate": 0.028790786862373352, "tonal.chords_number_rate": 0.01343570090830326, "tonal.chords_strength.mean": 0.5413912534713745, "tonal.chords_strength.stdev": 0.08317632973194122, "tonal.hpcp_crest.mean": 18.386287689208984, "tonal.hpcp_crest.stdev": 8.818136215209961, "tonal.hpcp_entropy.mean": 1.5897988080978394, "tonal.hpcp_entropy.stdev": 0.8606003522872925, "tonal.key_edma.strength": 0.7785115242004395, "tonal.key_krumhansl.strength": 0.7765312790870667, "tonal.key_temperley.strength": 0.7730108499526978, "tonal.tuning_diatonic_strength": 0.7054145336151123, "tonal.tuning_equal_tempered_deviation": 0.021830156445503235, "tonal.tuning_frequency": 439.74591064453125, "tonal.tuning_nontempered_energy_ratio": 0.6655066013336182, "lowlevel.barkbands.mean": [0.00016406534996349365, 0.011073118075728416, 0.004873150959610939, 0.002666599815711379, 0.0015394340734928846, 0.0007283258601091802, 0.00028200953966006637, 0.0007988280267454684, 0.000595326884649694, 0.00035427813418209553, 0.0003520255850162357, 0.00021170249965507537, 0.0002683447382878512, 0.00015460436407011002, 0.00020784106163773686, 0.00022076010645832866, 0.00023519096430391073, 0.0002890799951273948, 0.00034960746415890753, 0.0005230525275692344, 0.0004934757598675787, 0.0007685815216973424, 0.0010090734576806426, 0.0012505733175203204, 0.0013699415139853954, 0.00105015910230577, 0.00017450527229811996], "lowlevel.barkbands.stdev": [0.0004333042888902128, 0.019943026825785637, 0.007876034826040268, 0.007004491053521633, 0.0034830402582883835, 0.0016692469362169504, 0.0007516320911236107, 0.0017315834993496537, 0.0014370186254382133, 0.0010541133815422654, 0.0007857202435843647, 0.0003869154315907508, 0.00044570505269803107, 0.00021877828112337738, 0.0003229897120036185, 0.0003343688149470836, 0.0002756211324594915, 0.0003189221606589854, 0.00045569430221803486, 0.0006760153919458389, 0.0006698197103105485, 0.0014153149677440524, 0.001268173917196691, 0.0018387285526841879, 0.002249891171231866, 0.0013289890484884381, 0.00018515031842980534], "lowlevel.erbbands.mean": [0.24885964393615723, 2.6995303630828857, 5.758552074432373, 8.17147445678711, 7.827134609222412, 3.7892472743988037, 2.7533366680145264, 7.778817176818848, 4.74592924118042, 11.370482444763184, 13.914087295532227, 15.547250747680664, 14.157736778259277, 6.752066612243652, 17.445411682128906, 9.692455291748047, 11.93761920928955, 9.804213523864746, 12.076749801635742, 9.37782096862793, 11.82762336730957, 13.44109058380127, 15.575032234191895, 16.13541030883789, 20.754236221313477, 24.548486709594727, 20.33149528503418, 20.53872299194336, 26.85321807861328, 31.011699676513672, 27.227392196655273, 24.08921241760254, 22.33283805847168, 16.531530380249023, 8.94608211517334, 4.485887050628662, 1.9636127948760986, 0.4786275029182434, 0.01753714680671692, 0.00040635812911204994], "lowlevel.erbbands.stdev": [0.5224775075912476, 4.767553806304932, 9.90213680267334, 17.366209030151367, 17.947406768798828, 9.986428260803223, 5.789345741271973, 18.39519691467285, 13.028176307678223, 25.5417423248291, 33.2063102722168, 36.92732238769531, 41.46567916870117, 12.820919036865234, 40.08899688720703, 16.775117874145508, 18.556955337524414, 13.981881141662598, 19.40578842163086, 14.344854354858398, 15.091104507446289, 15.119216918945312, 17.066396713256836, 17.38089942932129, 29.386125564575195, 30.72492790222168, 26.043039321899414, 31.040082931518555, 51.79518127441406, 44.994197845458984, 34.15407180786133, 32.72771453857422, 35.637962341308594, 28.564661026000977, 14.147031784057617, 6.4417724609375, 2.44533634185791, 0.5102831721305847, 0.017513062804937363, 0.0003735059581231326], "lowlevel.gfcc.mean": [55.81951904296875, 10.035151481628418, -66.13241577148438, 39.52261734008789, -45.38722610473633, 28.918832778930664, -30.101295471191406, 18.38519859313965, -24.930814743041992, 8.101666450500488, -21.74889373779297, 3.3012993335723877, -23.292184829711914], "lowlevel.melbands.mean": [0.002723351586610079, 0.003257407806813717, 0.0014036010252311826, 0.0003981139452662319, 0.00010761632438516244, 0.0001624923461349681, 6.607139221159741e-05, 0.00014149906928651035, 0.00010516578913666308, 9.779275569599122e-05, 6.807079626014456e-05, 2.4452159777865745e-05, 5.083120413473807e-05, 3.426379771553911e-05, 2.0035453417222016e-05, 2.857197068806272e-05, 1.6406387658207677e-05, 1.9253711798228323e-05, 1.1671219908748753e-05, 1.5810946933925152e-05, 1.3248077266325708e-05, 1.3485631825460587e-05, 1.4904901036061347e-05, 1.3187259355618153e-05, 1.2832594620704185e-05, 1.3177332220948301e-05, 1.76027442648774e-05, 1.5861745850997977e-05, 1.2784600585291628e-05, 1.1521511623868719e-05, 1.2334960047155619e-05, 1.4983460459916387e-05, 1.530502049718052e-05, 1.8464550521457568e-05, 1.5665960745536722e-05, 1.4546805687132291e-05, 1.491923558205599e-05, 1.624588003323879e-05, 1.4411820302484557e-05, 1.3836056496074889e-05], "lowlevel.melbands.stdev": [0.005074154119938612, 0.005238656885921955, 0.0028567879926413298, 0.0009420107817277312, 0.00023500408860854805, 0.00037371268263086677, 0.00017824048700276762, 0.00032083099358715117, 0.00025935450685210526, 0.00022913390421308577, 0.00020670267986133695, 5.6532058806624264e-05, 0.00011470938625279814, 6.36126205790788e-05, 3.336677036713809e-05, 4.978594006388448e-05, 2.4529455913580023e-05, 3.137746898573823e-05, 1.6171461538760923e-05, 2.8840584491263144e-05, 1.75829936779337e-05, 1.6214569768635556e-05, 1.6849666280904785e-05, 1.4916940926923417e-05, 1.4360371096699964e-05, 1.9104483726550825e-05, 2.46055715251714e-05, 2.0210911316098645e-05, 1.705663453321904e-05, 1.602998236194253e-05, 2.0226490960340016e-05, 2.8787286282749847e-05, 3.0347802749020047e-05, 2.5342254957649857e-05, 2.006307477131486e-05, 1.883603363239672e-05, 2.1404952349257655e-05, 2.654998388607055e-05, 2.4574021153966896e-05, 2.462076736264862e-05], "lowlevel.melbands128.mean": [0.0001298239512834698, 0.0015027869958430529, 0.004037341568619013, 0.004662587773054838, 0.0032665939070284367, 0.0023383349180221558, 0.0017401148797944188, 0.0011927444720640779, 0.0008097054669633508, 0.000331846036715433, 0.00016713955847080797, 0.00011926406295970082, 6.278249202296138e-05, 0.00011506539158290252, 0.00023035118647385389, 0.00015049544163048267, 9.200532804243267e-05, 4.440720658749342e-05, 3.507981455186382e-05, 0.00014025869313627481, 0.00020220612350385636, 0.00012293668987695128, 0.00010146741988137364, 6.587211828446016e-05, 0.00010758259304566309, 0.00011355762399034575, 6.685385596938431e-05, 8.865765994414687e-05, 3.6539771826937795e-05, 3.092208135058172e-05, 1.6639942259644158e-05, 1.7889529772219248e-05, 4.736929258797318e-05, 9.71992703853175e-05, 2.5027704396052286e-05, 2.56901876127813e-05, 2.58147410931997e-05, 1.2744612831738777e-05, 2.275777114846278e-05, 2.8423384719644673e-05, 3.707805080921389e-05, 1.5949573935358785e-05, 1.573401823407039e-05, 1.8173632270190865e-05, 1.0183985068579204e-05, 2.6067053113365546e-05, 2.200162452936638e-05, 8.261195944214705e-06, 9.276543096348178e-06, 1.0626153198245447e-05, 2.120246244885493e-05, 1.576506474521011e-05, 1.0847187695617322e-05, 1.460964085708838e-05, 1.2489892469602637e-05, 1.3467803000821732e-05, 1.3427826161205303e-05, 1.496630284236744e-05, 1.616309236851521e-05, 1.4213153917808086e-05, 1.1977121175732464e-05, 1.2348853488219902e-05, 1.6015635992516764e-05, 1.1927638297493104e-05, 9.722831237013452e-06, 1.2390919437166303e-05, 1.641817834752146e-05, 1.4878642105031759e-05, 1.8249222193844616e-05, 2.200853305112105e-05, 1.2965972928213887e-05, 1.558563053549733e-05, 1.4334617844724562e-05, 1.1428057405282743e-05, 1.2000548849755432e-05, 1.2645334209082648e-05, 1.1075080692535266e-05, 9.116190994973294e-06, 1.3642898011312354e-05, 1.360053829557728e-05, 1.4689799172629137e-05, 1.582388358656317e-05, 1.550186425447464e-05, 1.4340379493660294e-05, 1.597512346052099e-05, 1.779997364792507e-05, 2.054425385722425e-05, 1.7526865121908486e-05, 1.4481929611065425e-05, 1.473834527132567e-05, 1.6194704585359432e-05, 1.346913541055983e-05, 1.3761990885541309e-05, 1.4001750059833284e-05, 1.670328674663324e-05, 1.7165986719192006e-05, 1.6076686733867973e-05, 1.4789261513215024e-05, 1.4017424291523639e-05, 1.457429061701987e-05, 1.4488750821328722e-05, 1.384858933306532e-05, 1.2952022188983392e-05, 1.1969688785029575e-05, 1.0406242836324964e-05, 8.171344234142452e-06, 7.640873263881076e-06, 7.341248419834301e-06, 7.605306109326193e-06, 8.28778138384223e-06, 7.92103492130991e-06, 5.848316959600197e-06, 6.446291536121862e-06, 6.336034402920632e-06, 4.587116109178169e-06, 3.962639311794192e-06, 4.1193516153725795e-06, 3.3606295346544357e-06, 4.6368717221412226e-07, 4.08101413773565e-10, 2.164946971694448e-10, 6.560943455191648e-11, 7.727654453837385e-12, 7.198467516511542e-12, 6.1871215616127184e-12, 4.7163314920162236e-12, 3.908681538156156e-12, 3.748727890606762e-12], "lowlevel.melbands128.stdev": [0.00040674683987163007, 0.003832257352769375, 0.007692126091569662, 0.00864818412810564, 0.006373897660523653, 0.0035723138134926558, 0.003980225883424282, 0.0031427701469510794, 0.0018459176644682884, 0.0009213830344378948, 0.0005411520833149552, 0.0003247526765335351, 0.00014363416994456202, 0.00036974504473619163, 0.0006451260996982455, 0.0003491720708552748, 0.0003219264035578817, 0.00019576969498302788, 8.833497122395784e-05, 0.00035565378493629396, 0.0005280853365547955, 0.0003947641816921532, 0.0003379603149369359, 0.00029473911854438484, 0.00034278410021215677, 0.0003027239581570029, 0.00023672982933931053, 0.00034333457006141543, 0.00016930497076828033, 9.09870577743277e-05, 2.961868085549213e-05, 4.5658362068934366e-05, 0.00011812544107669964, 0.0002610085066407919, 6.904789188411087e-05, 5.971079008304514e-05, 6.537866283906624e-05, 2.4820315957185812e-05, 6.123822095105425e-05, 5.142617737874389e-05, 8.147000335156918e-05, 4.810269092558883e-05, 2.4484954337822273e-05, 3.199131242581643e-05, 2.0598505216185004e-05, 5.1151229854440317e-05, 5.047290324000642e-05, 1.1533160432009026e-05, 1.6981073713395745e-05, 1.9993984096799977e-05, 5.0099486543331295e-05, 2.540961759223137e-05, 1.8287859347765334e-05, 2.359703830734361e-05, 1.9350580259924755e-05, 1.9404777049203403e-05, 1.7283020497416146e-05, 1.928979327203706e-05, 2.243570088467095e-05, 2.0277031580917537e-05, 1.6540552678634413e-05, 1.6547919585718773e-05, 2.1169587853364646e-05, 1.547964166093152e-05, 1.2846450772485696e-05, 1.9015145880985074e-05, 3.007432860613335e-05, 2.5198200091836043e-05, 2.9995377190061845e-05, 3.332935011712834e-05, 1.847693602030631e-05, 2.2886990336701274e-05, 2.496112028893549e-05, 1.5754165360704064e-05, 1.883059121610131e-05, 1.8342698240303434e-05, 1.9228868040954694e-05, 1.5217659893096425e-05, 2.472872984071728e-05, 2.427867366350256e-05, 2.9693737815250643e-05, 3.227943670935929e-05, 4.185100260656327e-05, 3.37585988745559e-05, 2.6755773433251306e-05, 2.724273144849576e-05, 2.9739585443167016e-05, 2.491805025783833e-05, 2.0051857063663192e-05, 2.0663306713686325e-05, 2.2570007786271162e-05, 1.924471689562779e-05, 1.8678952983464114e-05, 2.1795267457491718e-05, 2.7696736651705578e-05, 2.8333908630884252e-05, 3.027504135388881e-05, 2.4887414838303812e-05, 2.5201683456543833e-05, 2.8294516596361063e-05, 2.6988469471689314e-05, 2.5475728762103245e-05, 2.5522709620418027e-05, 2.342359584872611e-05, 1.7729122191667557e-05, 1.3360025150177535e-05, 1.3246578419057187e-05, 1.2208913176436909e-05, 1.2953445548191667e-05, 1.200672431878047e-05, 1.1451101272541564e-05, 7.672284482396208e-06, 9.451289770368021e-06, 9.132892955676652e-06, 6.589177701243898e-06, 5.667445748258615e-06, 4.607368282449897e-06, 3.97816666009021e-06, 7.788964921928709e-07, 8.30829005593614e-09, 4.450763757546383e-09, 1.3914940311110513e-09, 8.700062892330607e-11, 8.253673439151399e-11, 6.018466974788694e-11, 2.3962092726703688e-11, 7.745487411170426e-12, 7.0863800938347765e-12], "lowlevel.mfcc.mean": [-606.8331298828125, 57.031211853027344, 33.802703857421875, 23.465282440185547, 16.384727478027344, 14.010802268981934, 11.176501274108887, 11.953460693359375, 4.908459663391113, 7.348499298095703, 4.319530487060547, 3.6419427394866943, 2.551676034927368], "lowlevel.spectral_contrast_coeffs.mean": [-0.7007117867469788, -0.7626818418502808, -0.7927384972572327, -0.815599799156189, -0.8140450119972229, -0.7849536538124084], "lowlevel.spectral_contrast_coeffs.stdev": [0.06119989603757858, 0.06467492133378983, 0.05298624560236931, 0.03483487665653229, 0.027713723480701447, 0.03273235633969307], "lowlevel.spectral_contrast_valleys.mean": [-6.7865800857543945, -7.16459321975708, -7.544591426849365, -7.535902500152588, -6.980910778045654, -8.674299240112305], "lowlevel.spectral_contrast_valleys.stdev": [0.5833331346511841, 0.5923540592193604, 0.5161716938018799, 0.4577663540840149, 0.5488507151603699, 0.70060795545578], "rhythm.beats_loudness_band_ratio.mean": [0.6914429664611816, 0.04747144505381584, 0.035088758915662766, 0.025032425299286842, 0.029966475442051888, 0.1982729285955429], "rhythm.beats_loudness_band_ratio.stdev": [0.17832887172698975, 0.03368355333805084, 0.042825814336538315, 0.04278776794672012, 0.018614130094647408, 0.13342852890491486], "tonal.hpcp.mean": [0.0423201359808445, 0.03271663188934326, 0.055651575326919556, 0.08366617560386658, 0.057666514068841934, 0.028565945103764534, 0.028955334797501564, 0.046025004237890244, 0.29564541578292847, 0.44677573442459106, 0.20938536524772644, 0.04322260990738869, 0.02884516678750515, 0.028095005080103874, 0.0635860487818718, 0.12198939919471741, 0.09184954315423965, 0.029618732631206512, 0.025783460587263107, 0.025573771446943283, 0.028340378776192665, 0.03368087485432625, 0.05640696734189987, 0.18897975981235504, 0.24600286781787872, 0.12303319573402405, 0.04121029004454613, 0.03053983300924301, 0.04203006997704506, 0.16548289358615875, 0.21097707748413086, 0.08347822725772858, 0.02321569062769413, 0.02194947749376297, 0.024427499622106552, 0.03890574723482132], "tonal.hpcp.stdev": [0.11480183899402618, 0.11634498834609985, 0.16613224148750305, 0.2504737973213196, 0.18126069009304047, 0.11973745375871658, 0.10454307496547699, 0.13625755906105042, 0.3283945918083191, 0.4527958929538727, 0.2579648196697235, 0.1413540542125702, 0.11319290846586227, 0.10203555971384048, 0.15346749126911163, 0.26900818943977356, 0.22567230463027954, 0.09713482111692429, 0.0992123931646347, 0.10500994324684143, 0.09131238609552383, 0.1020224392414093, 0.14732101559638977, 0.2957422435283661, 0.36426419019699097, 0.20998458564281464, 0.12955833971500397, 0.1088058352470398, 0.12275035679340363, 0.28293997049331665, 0.3392813503742218, 0.14413560926914215, 0.07974885404109955, 0.0911593809723854, 0.08175424486398697, 0.11254723370075226], "rhythm.beats_position": [0.4411791265010834, 0.8939682245254517, 1.3583673238754272, 1.834376335144043, 2.321995496749878, 2.8212244510650635, 3.320453405380249, 3.8196823596954346, 4.318911552429199, 4.818140506744385, 5.31736946105957, 5.8282084465026855, 6.315827369689941, 6.826666355133057, 7.314285755157471, 7.825124740600586, 8.324353218078613, 8.823582649230957, 9.3228120803833, 9.822040557861328, 10.321269989013672, 10.8204984664917, 11.319727897644043, 11.81895637512207, 12.318185806274414, 12.817414283752441, 13.316643714904785, 13.815873146057129, 14.315101623535156, 14.8143310546875, 15.313559532165527, 15.812788963317871, 16.323627471923828, 16.8344669342041, 17.322086334228516, 17.82131576538086, 18.32054328918457, 18.819772720336914, 19.319002151489258, 19.8182315826416, 20.317459106445312, 20.828298568725586, 21.31591796875, 21.826757431030273, 22.325986862182617, 22.825214385986328, 23.312833786010742, 23.823673248291016], "rhythm.bpm_histogram": [0.0, 0.0, 0.0, 0.0, 0.0, 0.0, 0.0, 0.0, 0.0, 0.0, 0.0, 0.0, 0.0, 0.0, 0.0, 0.0, 0.0, 0.0, 0.0, 0.0, 0.0, 0.0, 0.0, 0.0, 0.0, 0.0, 0.0, 0.0, 0.0, 0.0, 0.0, 0.0, 0.0, 0.0, 0.0, 0.0, 0.0, 0.0, 0.0, 0.0, 0.0, 0.0, 0.0, 0.0, 0.0, 0.0, 0.0, 0.0, 0.0, 0.0, 0.0, 0.0, 0.0, 0.0, 0.0, 0.0, 0.0, 0.0, 0.0, 0.0, 0.0, 0.0, 0.0, 0.0, 0.0, 0.0, 0.0, 0.0, 0.0, 0.0, 0.0, 0.0, 0.0, 0.0, 0.0, 0.0, 0.0, 0.0, 0.0, 0.0, 0.0, 0.0, 0.0, 0.0, 0.0, 0.0, 0.0, 0.0, 0.0, 0.0, 0.0, 0.0, 0.0, 0.0, 0.0, 0.0, 0.0, 0.0, 0.0, 0.0, 0.0, 0.0, 0.0, 0.0, 0.0, 0.0, 0.0, 0.0, 0.0, 0.0, 0.0, 0.0, 0.0, 0.0, 0.0, 0.0, 0.0, 0.1702127605676651, 0.0, 0.0, 0.6382978558540344, 0.0, 0.0, 0.12765957415103912, 0.0, 0.0, 0.021276595070958138, 0.0, 0.0, 0.021276595070958138, 0.0, 0.0, 0.0, 0.021276595070958138, 0.0, 0.0, 0.0, 0.0, 0.0, 0.0, 0.0, 0.0, 0.0, 0.0, 0.0, 0.0, 0.0, 0.0, 0.0, 0.0, 0.0, 0.0, 0.0, 0.0, 0.0, 0.0, 0.0, 0.0, 0.0, 0.0, 0.0, 0.0, 0.0, 0.0, 0.0, 0.0, 0.0, 0.0, 0.0, 0.0, 0.0, 0.0, 0.0, 0.0, 0.0, 0.0, 0.0, 0.0, 0.0, 0.0, 0.0, 0.0, 0.0, 0.0, 0.0, 0.0, 0.0, 0.0, 0.0, 0.0, 0.0, 0.0, 0.0, 0.0, 0.0, 0.0, 0.0, 0.0, 0.0, 0.0, 0.0, 0.0, 0.0, 0.0, 0.0, 0.0, 0.0, 0.0, 0.0, 0.0, 0.0, 0.0, 0.0, 0.0, 0.0, 0.0, 0.0, 0.0, 0.0, 0.0, 0.0, 0.0, 0.0, 0.0, 0.0, 0.0, 0.0, 0.0, 0.0, 0.0, 0.0, 0.0, 0.0, 0.0, 0.0, 0.0, 0.0, 0.0, 0.0, 0.0, 0.0, 0.0, 0.0, 0.0, 0.0, 0.0, 0.0, 0.0, 0.0, 0.0], "tonal.chords_histogram": [42.418426513671875, 0.0, 14.77927017211914, 0.0, 8.445297241210938, 0.0, 0.0, 0.0, 0.0, 0.0, 0.0, 0.0, 0.0, 0.0, 0.0, 0.0, 0.0, 9.021113395690918, 0.0, 0.0, 0.0, 6.909789085388184, 11.132437705993652, 7.293665885925293], "tonal.thpcp": [1.0, 0.46865877509117126, 0.09674341231584549, 0.06456296890974045, 0.06288391351699829, 0.14232207834720612, 0.2730439305305481, 0.2055831104516983, 0.06629440933465958, 0.05771007388830185, 0.05724073573946953, 0.06343311816453934, 0.07538653910160065, 0.1262534260749817, 0.4229857325553894, 0.5506182312965393, 0.2753802239894867, 0.09223932027816772, 0.06835606694221497, 0.09407419711351395, 0.37039363384246826, 0.4722214341163635, 0.18684592843055725, 0.05196273699402809, 0.04912862554192543, 0.05467507988214493, 0.08708115667104721, 0.09472344070672989, 0.07322830706834793, 0.12456266582012177, 0.18726660311222076, 0.1290726214647293, 0.06393799930810928, 0.06480955332517624, 0.10301589965820312, 0.6617311239242554], "lowlevel.gfcc.cov": [[2031.517822265625, -376.3351135253906, -4.783972263336182, 136.70875549316406, -218.49859619140625, -64.239013671875, -101.47503662109375, 9.94780158996582, -103.71637725830078, -17.688892364501953, -52.46332931518555, -44.9578971862793, -43.80681228637695], [-376.3351135253906, 709.6377563476562, -67.42759704589844, -191.6956329345703, 66.77716827392578, -85.24967956542969, 127.58446502685547, 39.46169662475586, 61.26691818237305, 21.131649017333984, 78.7955093383789, 28.829519271850586, 12.11900806427002], [-4.783972263336182, -67.42759704589844, 274.71221923828125, 107.39635467529297, 105.68436431884766, 68.30786895751953, -33.07170867919922, -7.343531608581543, -3.762589931488037, 11.556353569030762, -10.041370391845703, 19.349136352539062, 15.283637046813965], [136.70875549316406, -191.6956329345703, 107.39635467529297, 309.0361633300781, 65.0936050415039, 64.79686737060547, -62.617008209228516, -22.518169403076172, -17.928007125854492, 6.35184383392334, -26.74335479736328, 2.2978196144104004, 13.31737995147705], [-218.49859619140625, 66.77716827392578, 105.68436431884766, 65.0936050415039, 246.9699249267578, 39.88734436035156, 22.550006866455078, -14.579322814941406, 31.584487915039062, 17.557323455810547, -7.879469871520996, 8.49686050415039, 10.357413291931152], [-64.239013671875, -85.24967956542969, 68.30786895751953, 64.79686737060547, 39.88734436035156, 184.99057006835938, 48.70901870727539, 45.74534606933594, 16.40917205810547, 16.069965362548828, -1.3873296976089478, -5.1298651695251465, 17.99575424194336], [-101.47503662109375, 127.58446502685547, -33.07170867919922, -62.617008209228516, 22.550006866455078, 48.70901870727539, 167.12933349609375, 60.45219039916992, 41.8853874206543, 14.185431480407715, 30.31175422668457, 17.670318603515625, 7.500515937805176], [9.94780158996582, 39.46169662475586, -7.343531608581543, -22.518169403076172, -14.579322814941406, 45.74534606933594, 60.45219039916992, 82.1163558959961, 43.59125900268555, 17.106430053710938, 13.2059907913208, 0.13036991655826569, 3.8687429428100586], [-103.71637725830078, 61.26691818237305, -3.762589931488037, -17.928007125854492, 31.584487915039062, 16.40917205810547, 41.8853874206543, 43.59125900268555, 92.8370590209961, 42.470455169677734, 27.060102462768555, 7.06436014175415, 3.975804328918457], [-17.688892364501953, 21.131649017333984, 11.556353569030762, 6.35184383392334, 17.557323455810547, 16.069965362548828, 14.185431480407715, 17.106430053710938, 42.470455169677734, 65.60639190673828, 36.3986701965332, 18.123491287231445, 3.24163556098938], [-52.46332931518555, 78.7955093383789, -10.041370391845703, -26.74335479736328, -7.879469871520996, -1.3873296976089478, 30.31175422668457, 13.2059907913208, 27.060102462768555, 36.3986701965332, 73.9145278930664, 36.8085823059082, 6.943429946899414], [-44.9578971862793, 28.829519271850586, 19.349136352539062, 2.2978196144104004, 8.49686050415039, -5.1298651695251465, 17.670318603515625, 0.13036991655826569, 7.06436014175415, 18.123491287231445, 36.8085823059082, 57.77415466308594, 23.834938049316406], [-43.80681228637695, 12.11900806427002, 15.283637046813965, 13.31737995147705, 10.357413291931152, 17.99575424194336, 7.500515937805176, 3.8687429428100586, 3.975804328918457, 3.24163556098938, 6.943429946899414, 23.834938049316406, 45.202213287353516]], "lowlevel.gfcc.icov": [[0.0006964865606278181, 0.00028944158111698925, -0.00017357783508487046, -0.00034561348729766905, 0.0004410971305333078, 0.0007042266661301255, -0.00014353790902532637, -0.0009450319921597838, 0.0009998263558372855, -0.0006584831280633807, 5.648952082992764e-06, 0.0005271569243632257, 0.00016160999075509608], [0.00028944158111698925, 0.0026414310559630394, -0.00011697794980136678, 0.0008105657179839909, -0.0010972352465614676, 0.0020925127901136875, -0.0013402760960161686, -0.001299929921515286, 0.000533921062014997, 0.00033247462124563754, -0.0027999484445899725, 0.0019184863194823265, -0.0015272488817572594], [-0.00017357783508487046, -0.00011697794980136678, 0.00571587635204196, -0.0005751576391048729, -0.0022607389837503433, -0.0020981216803193092, 0.002134006703272462, -0.0008501274278387427, 0.0005385958938859403, -0.0001067562261596322, 0.0011172473896294832, -0.003563209669664502, 0.0008394612232223153], [-0.00034561348729766905, 0.0008105657179839909, -0.0005751576391048729, 0.0051258886232972145, -0.0013810426462441683, -0.0014432164607569575, 0.0014571830397471786, 0.0005259110475890338, 4.7031753638293594e-05, -0.0005383065436035395, 0.0005877192597836256, -0.0009246476111002266, -0.0008320098859257996], [0.0004410971305333078, -0.0010972352465614676, -0.0022607389837503433, -0.0013810426462441683, 0.007194295059889555, -0.0008341714856214821, -0.0018583929631859064, 0.004299208987504244, -0.003020649077370763, -0.001211961847729981, 0.0033056498505175114, -0.00048103323206305504, 0.0006154427537694573], [0.0007042266661301255, 0.0020925127901136875, -0.0020981216803193092, -0.0014432164607569575, -0.0008341714856214821, 0.011084533296525478, -0.003754745004698634, -0.005881339777261019, 0.0034444471821188927, -0.002421916462481022, -0.002775429515168071, 0.006742275785654783, -0.005097436718642712], [-0.00014353790902532637, -0.0013402760960161686, 0.002134006703272462, 0.0014571830397471786, -0.0018583929631859064, -0.003754745004698634, 0.0118707325309515, -0.005753039848059416, -0.0009349624742753804, 0.0023908219300210476, -0.0004358908045105636, -0.005164527799934149, 0.0022136413026601076], [-0.0009450319921597838, -0.001299929921515286, -0.0008501274278387427, 0.0005259110475890338, 0.004299208987504244, -0.005881339777261019, -0.005753039848059416, 0.026923038065433502, -0.011760623194277287, 0.0010041281348094344, 0.0023097035009413958, 0.00038195063825696707, -2.1921508960076608e-05], [0.0009998263558372855, 0.000533921062014997, 0.0005385958938859403, 4.7031753638293594e-05, -0.003020649077370763, 0.0034444471821188927, -0.0009349624742753804, -0.011760623194277287, 0.023918012157082558, -0.012057704851031303, -0.002540093380957842, 0.004804565571248531, -0.0022698764223605394], [-0.0006584831280633807, 0.00033247462124563754, -0.0001067562261596322, -0.0005383065436035395, -0.001211961847729981, -0.002421916462481022, 0.0023908219300210476, 0.0010041281348094344, -0.012057704851031303, 0.030054258182644844, -0.011449065059423447, -0.003090308979153633, 0.0025200594682246447], [5.648952082992764e-06, -0.0027999484445899725, 0.0011172473896294832, 0.0005877192597836256, 0.0033056498505175114, -0.002775429515168071, -0.0004358908045105636, 0.0023097035009413958, -0.002540093380957842, -0.011449065059423447, 0.03237362578511238, -0.019016409292817116, 0.006526291836053133], [0.0005271569243632257, 0.0019184863194823265, -0.003563209669664502, -0.0009246476111002266, -0.00048103323206305504, 0.006742275785654783, -0.005164527799934149, 0.00038195063825696707, 0.004804565571248531, -0.003090308979153633, -0.019016409292817116, 0.04055032506585121, -0.01893790438771248], [0.00016160999075509608, -0.0015272488817572594, 0.0008394612232223153, -0.0008320098859257996, 0.0006154427537694573, -0.005097436718642712, 0.0022136413026601076, -2.1921508960076608e-05, -0.0022698764223605394, 0.0025200594682246447, 0.006526291836053133, -0.01893790438771248, 0.03317541256546974]], "lowlevel.mfcc.cov": [[2172.675537109375, -491.6017150878906, 74.08678436279297, 62.39794921875, -133.8154754638672, -113.08135986328125, -46.73726272583008, -60.32733154296875, -71.20018005371094, -28.381067276000977, -18.43731689453125, -46.34724426269531, -60.10055923461914], [-491.6017150878906, 810.67822265625, -145.25677490234375, -68.00581359863281, -89.10665130615234, -80.10997772216797, 30.2148380279541, 33.079383850097656, -4.072718620300293, 39.752376556396484, 37.245662689208984, 41.888282775878906, 41.18073654174805], [74.08678436279297, -145.25677490234375, 220.1712188720703, 23.923368453979492, 64.10692596435547, 39.26911926269531, 15.145875930786133, 4.710506916046143, 12.448777198791504, -20.898283004760742, -12.013578414916992, 15.10243034362793, 11.159363746643066], [62.39794921875, -68.00581359863281, 23.923368453979492, 202.58279418945312, 92.21640014648438, 41.851829528808594, -17.010644912719727, -21.83135986328125, -4.913720607757568, -30.180822372436523, -22.1217098236084, 1.3990415334701538, 13.883573532104492], [-133.8154754638672, -89.10665130615234, 64.10692596435547, 92.21640014648438, 230.6530303955078, 91.8351058959961, -2.6858603954315186, -20.241737365722656, 23.725893020629883, -2.4366416931152344, -9.783486366271973, -7.25761604309082, -8.929320335388184], [-113.08135986328125, -80.10997772216797, 39.26911926269531, 41.851829528808594, 91.8351058959961, 123.81700897216797, 46.3389778137207, 14.785664558410645, 35.22916793823242, 4.48984956741333, 4.481245994567871, 12.961063385009766, 1.69387686252594], [-46.73726272583008, 30.2148380279541, 15.145875930786133, -17.010644912719727, -2.6858603954315186, 46.3389778137207, 95.940185546875, 47.59817123413086, 28.80118751525879, 6.6494526863098145, 6.624212741851807, 18.605178833007812, 8.293243408203125], [-60.32733154296875, 33.079383850097656, 4.710506916046143, -21.83135986328125, -20.241737365722656, 14.785664558410645, 47.59817123413086, 77.59968566894531, 40.29178237915039, 21.229381561279297, 14.473806381225586, 11.423249244689941, 8.35146713256836], [-71.20018005371094, -4.072718620300293, 12.448777198791504, -4.913720607757568, 23.725893020629883, 35.22916793823242, 28.80118751525879, 40.29178237915039, 79.14493560791016, 36.32512664794922, 14.021988868713379, 9.022988319396973, 3.089815855026245], [-28.381067276000977, 39.752376556396484, -20.898283004760742, -30.180822372436523, -2.4366416931152344, 4.48984956741333, 6.6494526863098145, 21.229381561279297, 36.32512664794922, 73.17257690429688, 37.349273681640625, 7.2180657386779785, -2.7311172485351562], [-18.43731689453125, 37.245662689208984, -12.013578414916992, -22.1217098236084, -9.783486366271973, 4.481245994567871, 6.624212741851807, 14.473806381225586, 14.021988868713379, 37.349273681640625, 65.49166107177734, 33.04747009277344, 10.171258926391602], [-46.34724426269531, 41.888282775878906, 15.10243034362793, 1.3990415334701538, -7.25761604309082, 12.961063385009766, 18.605178833007812, 11.423249244689941, 9.022988319396973, 7.2180657386779785, 33.04747009277344, 68.66075897216797, 36.9293327331543], [-60.10055923461914, 41.18073654174805, 11.159363746643066, 13.883573532104492, -8.929320335388184, 1.69387686252594, 8.293243408203125, 8.35146713256836, 3.089815855026245, -2.7311172485351562, 10.171258926391602, 36.9293327331543, 59.6700325012207]], "lowlevel.mfcc.icov": [[0.0006977802840992808, 0.0004901725915260613, -0.0002399476943537593, -0.0005938920076005161, 0.0005300260963849723, 0.0009722047252580523, -0.0006757680093869567, 0.0005080071859993041, 0.0002541760331951082, -0.0003893306711688638, -0.00029887998243793845, 2.096202297252603e-05, 0.0006291133468039334], [0.0004901725915260613, 0.0020561781711876392, 0.0009151165140792727, -0.00019624570268206298, -8.278110180981457e-05, 0.0021709436550736427, -0.0015706964768469334, 8.398415229748935e-05, 0.00053128827130422, -0.0009470072691328824, -3.250619920436293e-05, -0.0008294295403175056, -0.0004702794540207833], [-0.0002399476943537593, 0.0009151165140792727, 0.006185493431985378, 0.0008256775327026844, -0.0019646454602479935, 0.00016680349654052407, -0.00040746081504039466, -0.0009243193781003356, -0.0006150070112198591, 0.0015792392659932375, 0.0012656928738579154, -0.002175193279981613, -0.0011002925457432866], [-0.0005938920076005161, -0.00019624570268206298, 0.0008256775327026844, 0.007572750095278025, -0.002830824349075556, -0.002213297178968787, 0.0023792681749910116, -0.0005664998898282647, -0.0001790982496459037, 0.0024281423538923264, 0.0016396539285779, -0.000562771107070148, -0.0028020977042615414], [0.0005300260963849723, -8.278110180981457e-05, -0.0019646454602479935, -0.002830824349075556, 0.0088546983897686, -0.005192814394831657, 0.0015441911527886987, 0.0028146174736320972, -0.001439712825231254, -0.0010167291620746255, -0.00035010784631595016, 0.0015149021055549383, 0.001631107646971941], [0.0009722047252580523, 0.0021709436550736427, 0.00016680349654052407, -0.002213297178968787, -0.005192814394831657, 0.0196518711745739, -0.010097703896462917, 0.0026039076037704945, -0.003546178573742509, 5.7315170124638826e-05, -0.001811535214073956, -0.002055925317108631, 0.001436219667084515], [-0.0006757680093869567, -0.0015706964768469334, -0.00040746081504039466, 0.0023792681749910116, 0.0015441911527886987, -0.010097703896462917, 0.02160578779876232, -0.010822907090187073, 7.436102896463126e-05, 0.0021091068629175425, 0.0029934782069176435, -0.0034885674249380827, 0.0006970681715756655], [0.0005080071859993041, 8.398415229748935e-05, -0.0009243193781003356, -0.0005664998898282647, 0.0028146174736320972, 0.0026039076037704945, -0.010822907090187073, 0.025758203119039536, -0.010008289478719234, -0.0005840773810632527, -0.0033186322543770075, 0.002848610980436206, -0.0017010390292853117], [0.0002541760331951082, 0.00053128827130422, -0.0006150070112198591, -0.0001790982496459037, -0.001439712825231254, -0.003546178573742509, 7.436102896463126e-05, -0.010008289478719234, 0.024876821786165237, -0.011613584123551846, 0.0040503861382603645, -0.0018137680599465966, -6.592782301595435e-05], [-0.0003893306711688638, -0.0009470072691328824, 0.0015792392659932375, 0.0024281423538923264, -0.0010167291620746255, 5.7315170124638826e-05, 0.0021091068629175425, -0.0005840773810632527, -0.011613584123551846, 0.028309952467679977, -0.014826031401753426, 0.004722331650555134, 0.0005376925691962242], [-0.00029887998243793845, -3.250619920436293e-05, 0.0012656928738579154, 0.0016396539285779, -0.00035010784631595016, -0.001811535214073956, 0.0029934782069176435, -0.0033186322543770075, 0.0040503861382603645, -0.014826031401753426, 0.0318702794611454, -0.016345584765076637, 0.0029459234792739153], [2.096202297252603e-05, -0.0008294295403175056, -0.002175193279981613, -0.000562771107070148, 0.0015149021055549383, -0.002055925317108631, -0.0034885674249380827, 0.002848610980436206, -0.0018137680599465966, 0.004722331650555134, -0.016345584765076637, 0.032572273164987564, -0.015559925697743893], [0.0006291133468039334, -0.0004702794540207833, -0.0011002925457432866, -0.0028020977042615414, 0.001631107646971941, 0.001436219667084515, 0.0006970681715756655, -0.0017010390292853117, -6.592782301595435e-05, 0.0005376925691962242, 0.0029459234792739153, -0.015559925697743893, 0.028075087815523148]], "metadata.audio_properties.analysis.downmix": "mix", "metadata.audio_properties.codec": "mp3", "metadata.audio_properties.md5_encoded": "52b9d218a4d1b0f492000e3a19326c8e", "metadata.tags.file_name": "1182282794068623480.mp3", "metadata.version.essentia": "2.1-beta6-dev", "metadata.version.essentia_git_sha": "v2.1_beta5-1110-g77a6a954", "metadata.version.extractor": "music 2.0", "tonal.chords_key": "F", "tonal.chords_scale": "major", "tonal.key_edma.key": "F", "tonal.key_edma.scale": "major", "tonal.key_krumhansl.key": "F", "tonal.key_krumhansl.scale": "major", "tonal.key_temperley.key": "F", "tonal.key_temperley.scale": "major", "metadata.tags.encoding": ["Lavf58.45.100"]}, "essentia_models": [{"model_name": "genre_dortmund", "activations": {"alternative": "0.010758755", "blues": "0.00070066255", "electronic": "0.11856822", "folkcountry": "0.042829543", "funksoulr