{"song_id": "1182269411860692992", "download": "https://cdn.discordapp.com/attachments/1128313332273782784/1182269411860692992/chirp.mp4?ex=65841531&amp", "lyrics": "deeznuts deeznuts deeznuts ligma ligma ligma balls\ndeeeeznuts ye, ye. \ndragon? draggin deeznuts ye\ndeeznuts deeznuts deeznuts ligma ligma ligma balls", "style": ["rap"], "essentia_features": {"lowlevel.average_loudness": 0.9142692685127258, "lowlevel.barkbands_crest.mean": 16.18722915649414, "lowlevel.barkbands_crest.stdev": 4.512342929840088, "lowlevel.barkbands_flatness_db.mean": 0.3148286044597626, "lowlevel.barkbands_flatness_db.stdev": 0.08418934047222137, "lowlevel.barkbands_kurtosis.mean": 34.10898208618164, "lowlevel.barkbands_kurtosis.stdev": 38.29651641845703, "lowlevel.barkbands_skewness.mean": 3.9802911281585693, "lowlevel.barkbands_skewness.stdev": 2.694840908050537, "lowlevel.barkbands_spread.mean": 11.153865814208984, "lowlevel.barkbands_spread.stdev": 12.481788635253906, "lowlevel.dissonance.mean": 0.4616679251194, "lowlevel.dissonance.stdev": 0.03472696617245674, "lowlevel.dynamic_complexity": 2.6032252311706543, "lowlevel.erbbands_crest.mean": 12.135570526123047, "lowlevel.erbbands_crest.stdev": 4.224335193634033, "lowlevel.erbbands_flatness_db.mean": 0.22935685515403748, "lowlevel.erbbands_flatness_db.stdev": 0.045363329350948334, "lowlevel.erbbands_kurtosis.mean": 3.5223348140716553, "lowlevel.erbbands_kurtosis.stdev": 8.075879096984863, "lowlevel.erbbands_skewness.mean": 0.23561039566993713, "lowlevel.erbbands_skewness.stdev": 1.896111249923706, "lowlevel.erbbands_spread.mean": 42.738765716552734, "lowlevel.erbbands_spread.stdev": 26.8902530670166, "lowlevel.hfc.mean": 17.162765502929688, "lowlevel.hfc.stdev": 13.031891822814941, "lowlevel.loudness_ebu128.integrated": -13.700027465820312, "lowlevel.loudness_ebu128.loudness_range": 7.916347503662109, "lowlevel.loudness_ebu128.momentary.mean": -14.821871757507324, "lowlevel.loudness_ebu128.momentary.stdev": 3.55597186088562, "lowlevel.loudness_ebu128.short_term.mean": -14.155255317687988, "lowlevel.loudness_ebu128.short_term.stdev": 2.6670846939086914, "lowlevel.melbands_crest.mean": 18.57763671875, "lowlevel.melbands_crest.stdev": 5.084441184997559, "lowlevel.melbands_flatness_db.mean": 0.39420437812805176, "lowlevel.melbands_flatness_db.stdev": 0.11193370819091797, "lowlevel.melbands_kurtosis.mean": 70.6483383178711, "lowlevel.melbands_kurtosis.stdev": 72.96533966064453, "lowlevel.melbands_skewness.mean": 5.527014255523682, "lowlevel.melbands_skewness.stdev": 3.3559961318969727, "lowlevel.melbands_spread.mean": 11.688033103942871, "lowlevel.melbands_spread.stdev": 17.753995895385742, "lowlevel.pitch_salience.mean": 0.40387290716171265, "lowlevel.pitch_salience.stdev": 0.12187009304761887, "lowlevel.silence_rate_20dB.mean": 1.0, "lowlevel.silence_rate_20dB.stdev": 0.0, "lowlevel.silence_rate_30dB.mean": 0.6037209033966064, "lowlevel.silence_rate_30dB.stdev": 0.48912304639816284, "lowlevel.silence_rate_60dB.mean": 0.023255813866853714, "lowlevel.silence_rate_60dB.stdev": 0.15071718394756317, "lowlevel.spectral_centroid.mean": 998.4625854492188, "lowlevel.spectral_centroid.stdev": 810.8289794921875, "lowlevel.spectral_complexity.mean": 10.904186248779297, "lowlevel.spectral_complexity.stdev": 5.240192413330078, "lowlevel.spectral_decrease.mean": -2.162246737213991e-08, "lowlevel.spectral_decrease.stdev": 1.4465763698012779e-08, "lowlevel.spectral_energy.mean": 0.08316485583782196, "lowlevel.spectral_energy.stdev": 0.055045079439878464, "lowlevel.spectral_energyband_high.mean": 0.00012074170081177726, "lowlevel.spectral_energyband_high.stdev": 0.0003377213724888861, "lowlevel.spectral_energyband_low.mean": 0.07363180816173553, "lowlevel.spectral_energyband_low.stdev": 0.05350816622376442, "lowlevel.spectral_energyband_middle_high.mean": 0.004025118891149759, "lowlevel.spectral_energyband_middle_high.stdev": 0.005043113604187965, "lowlevel.spectral_energyband_middle_low.mean": 0.00812479853630066, "lowlevel.spectral_energyband_middle_low.stdev": 0.00584765337407589, "lowlevel.spectral_entropy.mean": 6.638068675994873, "lowlevel.spectral_entropy.stdev": 0.562542200088501, "lowlevel.spectral_flux.mean": 0.05034691095352173, "lowlevel.spectral_flux.stdev": 0.03594646602869034, "lowlevel.spectral_kurtosis.mean": 6.790562152862549, "lowlevel.spectral_kurtosis.stdev": 5.246842861175537, "lowlevel.spectral_rms.mean": 0.008261686190962791, "lowlevel.spectral_rms.stdev": 0.0035889907740056515, "lowlevel.spectral_rolloff.mean": 649.5633544921875, "lowlevel.spectral_rolloff.stdev": 1193.107421875, "lowlevel.spectral_skewness.mean": 1.5698039531707764, "lowlevel.spectral_skewness.stdev": 0.8532324433326721, "lowlevel.spectral_spread.mean": 3105359.75, "lowlevel.spectral_spread.stdev": 1847952.875, "lowlevel.spectral_strongpeak.mean": 0.9357462525367737, "lowlevel.spectral_strongpeak.stdev": 1.068831205368042, "lowlevel.zerocrossingrate.mean": 0.027602652087807655, "lowlevel.zerocrossingrate.stdev": 0.03789759799838066, "metadata.audio_properties.analysis.equal_loudness": 0.0, "metadata.audio_properties.analysis.length": 24.91628074645996, "metadata.audio_properties.analysis.sample_rate": 44100.0, "metadata.audio_properties.analysis.start_time": 0.0, "metadata.audio_properties.bit_rate": 115154.0, "metadata.audio_properties.length": 24.917333602905273, "metadata.audio_properties.lossless": 0.0, "metadata.audio_properties.number_channels": 1.0, "metadata.audio_properties.replay_gain": -10.147863388061523, "metadata.audio_properties.sample_rate": 48000.0, "rhythm.beats_count": 36.0, "rhythm.beats_loudness.mean": 0.0999363511800766, "rhythm.beats_loudness.stdev": 0.06110280379652977, "rhythm.bpm": 89.4261703491211, "rhythm.bpm_histogram_first_peak_bpm": 89.0, "rhythm.bpm_histogram_first_peak_weight": 0.3428571820259094, "rhythm.bpm_histogram_second_peak_bpm": 0.0, "rhythm.bpm_histogram_second_peak_spread": 0.0, "rhythm.bpm_histogram_second_peak_weight": 0.0, "rhythm.danceability": 0.8795437216758728, "rhythm.onset_rate": 2.686638116836548, "tonal.chords_changes_rate": 0.026022305712103844, "tonal.chords_number_rate": 0.013011152856051922, "tonal.chords_strength.mean": 0.47990041971206665, "tonal.chords_strength.stdev": 0.09297924488782883, "tonal.hpcp_crest.mean": 15.337018966674805, "tonal.hpcp_crest.stdev": 7.08885383605957, "tonal.hpcp_entropy.mean": 1.7659506797790527, "tonal.hpcp_entropy.stdev": 0.7004290819168091, "tonal.key_edma.strength": 0.800288200378418, "tonal.key_krumhansl.strength": 0.7929176092147827, "tonal.key_temperley.strength": 0.7795045375823975, "tonal.tuning_diatonic_strength": 0.5764724612236023, "tonal.tuning_equal_tempered_deviation": 0.08036120235919952, "tonal.tuning_frequency": 437.2131652832031, "tonal.tuning_nontempered_energy_ratio": 0.7042051553726196, "lowlevel.barkbands.mean": [0.00025814713444560766, 0.05213906243443489, 0.018559787422418594, 0.004854558501392603, 0.002107710810378194, 0.0005984333693049848, 0.0001231778005603701, 0.00012574042193591595, 0.00018177898891735822, 0.0002172543463530019, 0.00029018110944889486, 0.0002860648091882467, 0.0003462283930275589, 0.0002672883274499327, 4.3195588659727946e-05, 0.00021530501544475555, 0.0013200559187680483, 0.0007559130317531526, 0.00032935020863078535, 3.879012001561932e-05, 6.2492152210325e-05, 2.0597135517164133e-05, 1.3766979463980533e-05, 6.985107575019356e-06, 2.369914909650106e-06, 6.399593530659331e-07, 3.190398611963019e-09], "lowlevel.barkbands.stdev": [0.0005564616876654327, 0.038684867322444916, 0.02144656889140606, 0.004123072139918804, 0.0022064766380935907, 0.0008956852834671736, 0.0002319755731150508, 0.0002467901213094592, 0.000470765313366428, 0.0005483646527864039, 0.0007889113039709628, 0.001048942911438644, 0.000881476909853518, 0.0012117353035137057, 0.00011491602344904095, 0.0005870540626347065, 0.003584831254556775, 0.0013653223868459463, 0.0006231504958122969, 9.06572604435496e-05, 0.00020726800721604377, 6.607011891901493e-05, 3.5846020182361826e-05, 3.236104021198116e-05, 1.1132726285723038e-05, 2.043689619313227e-06, 1.4605892495467288e-08], "lowlevel.erbbands.mean": [0.9822758436203003, 13.205649375915527, 24.790882110595703, 19.112260818481445, 13.468714714050293, 4.226457118988037, 4.069587230682373, 4.865729808807373, 1.792136549949646, 2.5967257022857666, 3.0382635593414307, 4.961576461791992, 7.04367733001709, 6.205896377563477, 11.024033546447754, 14.014973640441895, 17.251665115356445, 17.259286880493164, 3.324784994125366, 3.645846366882324, 29.745256423950195, 62.30796432495117, 49.652286529541016, 26.041915893554688, 9.6076021194458, 2.0053279399871826, 2.4885735511779785, 1.882205605506897, 0.7860973477363586, 0.6409595012664795, 0.32884836196899414, 0.18423064053058624, 0.09698136895895004, 0.03872913122177124, 0.010249142535030842, 0.003831405658274889, 0.0011288862442597747, 6.673607276752591e-05, 3.993972859461792e-05, 9.159288310911506e-05], "lowlevel.erbbands.stdev": [0.9175641536712646, 10.374568939208984, 24.24044418334961, 20.462779998779297, 12.250319480895996, 4.320732116699219, 5.485383033752441, 6.985434055328369, 3.287656307220459, 4.404277801513672, 6.990554332733154, 12.026962280273438, 21.464889526367188, 12.398508071899414, 27.500530242919922, 47.03013229370117, 42.679176330566406, 72.06520080566406, 10.089349746704102, 6.354298114776611, 68.09300994873047, 158.9063262939453, 97.56076049804688, 42.70188522338867, 15.969533920288086, 4.252810001373291, 7.058716773986816, 7.882544994354248, 2.8290414810180664, 1.4814491271972656, 0.9372098445892334, 0.7644457221031189, 0.47465619444847107, 0.19800765812397003, 0.04296290874481201, 0.012219583615660667, 0.00375713175162673, 0.00022704277944285423, 2.5102308427449316e-05, 5.955384040134959e-05], "lowlevel.gfcc.mean": [-79.01884460449219, 145.0391082763672, -100.66926574707031, 69.08995819091797, -26.999500274658203, 5.892177104949951, -12.657709121704102, 6.295138835906982, -15.329377174377441, -24.851232528686523, -6.8020339012146, -6.45482063293457, -8.26552963256836], "lowlevel.melbands.mean": [0.012014631181955338, 0.014757750555872917, 0.0032419341150671244, 0.0005669809179380536, 0.00015256805636454374, 0.00011016012285836041, 2.5160385121125728e-05, 2.751090687524993e-05, 2.833991493389476e-05, 2.8144315365352668e-05, 3.4146283724112436e-05, 2.270677941851318e-05, 4.189515675534494e-05, 3.6909514165017754e-05, 2.9026781703578308e-05, 4.0946044464362785e-05, 2.942849459941499e-05, 4.519037247519009e-06, 2.844096343324054e-06, 7.711363650741987e-06, 4.491454819799401e-05, 6.450834916904569e-05, 6.351412594085559e-05, 3.4179996873717755e-05, 1.978068939934019e-05, 9.710532140161376e-06, 2.775433586066356e-06, 8.966314908320783e-07, 1.2735433756461134e-06, 1.850597072916571e-06, 8.155786872521276e-07, 4.329595526542107e-07, 3.7608214142892393e-07, 3.450253700520989e-07, 1.9691080410666473e-07, 1.3487330363659567e-07, 1.0445086218169308e-07, 7.56426814518818e-08, 4.5366146395053875e-08, 2.7602151675409914e-08], "lowlevel.melbands.stdev": [0.008762910962104797, 0.012086132541298866, 0.0030558942817151546, 0.0005287735257297754, 0.00020109627803321928, 0.00015964465274009854, 4.7322362661361694e-05, 4.502380033954978e-05, 6.59837678540498e-05, 6.83529069647193e-05, 0.0001056155379046686, 4.569658631226048e-05, 0.00011487206938909367, 0.00014082239067647606, 6.92156536388211e-05, 0.00011940720287384465, 0.00013006794324610382, 1.5868019545450807e-05, 7.134115548979025e-06, 1.601536678208504e-05, 0.00010898364416789263, 0.00016262230928987265, 0.00016752055671531707, 5.942892676102929e-05, 3.8315924030030146e-05, 1.8717575585469604e-05, 4.627992893802002e-06, 2.8940264655830106e-06, 3.7456757127074525e-06, 5.819339094159659e-06, 4.242366230755579e-06, 1.6294726492560585e-06, 1.0370337122367346e-06, 7.837029443180654e-07, 5.624477239507542e-07, 5.126829591972637e-07, 4.731034835003811e-07, 3.828520220849896e-07, 2.3472968280202622e-07, 1.4531859449107287e-07], "lowlevel.melbands128.mean": [0.00023638659331481904, 0.005102003458887339, 0.017586713656783104, 0.024083014577627182, 0.015655215829610825, 0.008357110433280468, 0.003839975455775857, 0.0022716147359460592, 0.0013650134205818176, 0.00035182666033506393, 0.0001472619187552482, 0.0001826766092563048, 8.379475912079215e-05, 0.00022536117467097938, 0.00013653551286552101, 3.6289948184276e-05, 3.110215038759634e-05, 2.00744834728539e-05, 1.901632458611857e-05, 3.7744215660495684e-05, 2.4201452106353827e-05, 1.8847475075745024e-05, 2.4471000870107673e-05, 4.0741368138697e-05, 4.658809848478995e-05, 8.319449989357963e-06, 2.4100576411001384e-05, 5.6532557209720835e-05, 2.0122326532145962e-05, 1.6786882042651996e-05, 1.2625831914192531e-05, 5.212382529862225e-05, 6.674007454421371e-05, 1.4699059647682589e-05, 1.4480887330137193e-05, 7.029685366433114e-05, 3.057680805795826e-05, 1.1106264537374955e-05, 3.81950922019314e-05, 4.928335329168476e-05, 2.3436454284819774e-05, 6.0346603277139366e-05, 3.826833562925458e-05, 1.0273584848619066e-05, 5.32575086253928e-06, 3.7062502542539733e-06, 4.190540948911803e-06, 1.8032127400147147e-06, 2.701735866139643e-06, 4.088940841029398e-06, 4.2454039430595e-06, 1.5881192666711286e-05, 2.1383750208769925e-05, 6.453868263633922e-05, 9.021985169965774e-05, 3.369360638316721e-05, 7.49463215470314e-05, 8.94878467079252e-05, 5.067170786787756e-05, 3.7475743738468736e-05, 4.159888703725301e-05, 1.9648570741992444e-05, 2.4037164621404372e-05, 2.0705301722045988e-05, 1.3229282558313571e-05, 1.0177303011005279e-05, 6.844635663583176e-06, 3.7621689443767536e-06, 1.976720795937581e-06, 1.1167596767336363e-06, 9.386105830344604e-07, 6.728202492922719e-07, 7.599761033816321e-07, 1.3598478290077765e-06, 1.8556398799773888e-06, 2.245789801236242e-06, 1.7879584675029037e-06, 1.0420030776003841e-06, 7.412268132611644e-07, 4.4657934950009803e-07, 4.810545988220838e-07, 4.04668810460862e-07, 3.695954546856228e-07, 3.670863293336879e-07, 3.8456695961031073e-07, 3.9917006233736174e-07, 3.1961079116626934e-07, 2.5832738970166247e-07, 1.8815659075244184e-07, 1.5450710577624704e-07, 1.5404187081458076e-07, 1.2225802947796183e-07, 1.1499685825810957e-07, 1.0170955277999383e-07, 1.0432715669139725e-07, 9.136686429656038e-08, 6.918223505181231e-08, 5.250937817891099e-08, 4.5642899237918755e-08, 4.3101501034925604e-08, 3.4728252273907856e-08, 2.6603132141644892e-08, 1.6227582833039378e-08, 1.3852325508878494e-08, 7.987158490152524e-09, 9.806197631689884e-09, 8.44592840110181e-09, 6.087774728769091e-09, 5.759444476893805e-09, 6.417268050284974e-09, 6.661930118667669e-09, 4.67131178183422e-09, 3.3183957803828434e-09, 1.8390684530800172e-09, 9.479804718992568e-10, 3.512162782826067e-10, 9.262010602917314e-11, 8.118308976456934e-12, 5.371347030352913e-12, 5.18057688761453e-12, 5.044218515104504e-12, 4.961625728328034e-12, 4.805385256378969e-12, 4.724624771274e-12, 4.617519908101109e-12, 4.474911760588007e-12, 4.394256226253335e-12, 4.364307960164071e-12], "lowlevel.melbands128.stdev": [0.0005393779138103127, 0.0072731445543468, 0.014354121871292591, 0.02234366163611412, 0.016095474362373352, 0.010102391242980957, 0.004971152637153864, 0.0020925751887261868, 0.0014204524923115969, 0.0005468427552841604, 0.0002163086464861408, 0.00030286324908956885, 0.0001458048209315166, 0.0003803366853389889, 0.0002101331192534417, 5.112462167744525e-05, 5.594584945356473e-05, 7.526419358327985e-05, 3.9218550227815285e-05, 7.293976523214951e-05, 4.930794966639951e-05, 5.290806802804582e-05, 8.138039993355051e-05, 0.00011960059782722965, 0.00012321209942456335, 2.8767355615855195e-05, 0.00010157730866922066, 0.00019679803517647088, 4.265325333108194e-05, 5.441033135866746e-05, 3.7931185943307355e-05, 0.00015957135474309325, 0.00019717002578545362, 6.513093831017613e-05, 7.444845687132329e-05, 0.0002984577149618417, 0.00012207269901409745, 5.4664160415995866e-05, 0.00012201720528537408, 0.00017547815514262766, 9.40086247283034e-05, 0.00035065689007751644, 0.00019560306100174785, 5.406980562838726e-05, 3.0753566534258425e-05, 1.282781067857286e-05, 1.9465207515168004e-05, 4.979359800927341e-06, 8.80064362718258e-06, 1.1794795682362746e-05, 1.0159014891542029e-05, 4.310635995352641e-05, 7.511002331739292e-05, 0.00018800148973241448, 0.0002637126308400184, 0.00011847575660794973, 0.00024976101121865213, 0.00034276186488568783, 0.00015921937301754951, 9.176539606414735e-05, 9.016785043058917e-05, 4.177452137810178e-05, 6.002530062687583e-05, 4.9485683121019974e-05, 3.234842006349936e-05, 2.33595183090074e-05, 1.407331001246348e-05, 7.523125532316044e-06, 4.555818577500759e-06, 2.595983005448943e-06, 4.2774913708854e-06, 2.276941131640342e-06, 2.449525254633045e-06, 4.659228125092341e-06, 5.975182375550503e-06, 6.5537160480744205e-06, 7.80511891207425e-06, 4.968611847289139e-06, 5.122722086525755e-06, 2.210505272159935e-06, 1.7647327013037284e-06, 1.6780745681899134e-06, 1.2647234370888327e-06, 1.0719484180299332e-06, 8.867219207786547e-07, 1.0077287697640713e-06, 7.311923013730848e-07, 8.519281777807919e-07, 5.582196536124684e-07, 5.119446200296807e-07, 6.052226808606065e-07, 4.955981580678781e-07, 5.349605771698407e-07, 4.859421665059926e-07, 5.73229442579759e-07, 4.904153456664062e-07, 3.50471083265802e-07, 2.7025262738789024e-07, 2.6058611979351554e-07, 2.2655807185856247e-07, 1.8587202532671654e-07, 1.5421532850723452e-07, 9.869999217926306e-08, 8.87595774656802e-08, 3.031104967021747e-08, 3.8515612033052093e-08, 2.994785219812002e-08, 2.729908388232616e-08, 2.0354335106276267e-08, 2.165623236294323e-08, 2.496729223366856e-08, 1.617186562441475e-08, 1.39399167764509e-08, 8.679010399248455e-09, 4.175071843803835e-09, 1.924506110029256e-09, 5.801898406154748e-10, 3.591353950338494e-11, 1.0539255232422384e-11, 9.998005895406337e-12, 9.664292803523988e-12, 9.422905164480078e-12, 9.227443462100915e-12, 9.070058072657705e-12, 8.940855868166953e-12, 8.836578170579035e-12, 8.75953649892569e-12, 8.712548044131907e-12], "lowlevel.mfcc.mean": [-724.808837890625, 158.72076416015625, 5.5292768478393555, 65.65580749511719, 16.0959415435791, 13.859025001525879, 10.639766693115234, 31.21396827697754, -0.5309733152389526, -1.640515923500061, 1.3858145475387573, -1.9891310930252075, -6.093617916107178], "lowlevel.spectral_contrast_coeffs.mean": [-0.6267077922821045, -0.7650688290596008, -0.7549164891242981, -0.7783499360084534, -0.7243274450302124, -0.7175735235214233], "lowlevel.spectral_contrast_coeffs.stdev": [0.0656455010175705, 0.05330202355980873, 0.06764480471611023, 0.07296912372112274, 0.09715349227190018, 0.06354551762342453], "lowlevel.spectral_contrast_valleys.mean": [-6.603626251220703, -7.728778839111328, -8.413801193237305, -8.70824146270752, -8.454001426696777, -12.105374336242676], "lowlevel.spectral_contrast_valleys.stdev": [1.0253167152404785, 0.8686171174049377, 0.9173019528388977, 0.9287948608398438, 0.9869930148124695, 0.9449866414070129], "rhythm.beats_loudness_band_ratio.mean": [0.7813063859939575, 0.07629980891942978, 0.015121161937713623, 0.014126907102763653, 0.11567386239767075, 0.01398133859038353], "rhythm.beats_loudness_band_ratio.stdev": [0.3168930113315582, 0.13052065670490265, 0.02405381202697754, 0.041845813393592834, 0.18042020499706268, 0.025153666734695435], "tonal.hpcp.mean": [0.11440571397542953, 0.0577419213950634, 0.004043643828481436, 0.0037633730098605156, 0.00406134407967329, 0.01943960413336754, 0.057843293994665146, 0.05241380259394646, 0.2035309076309204, 0.41308361291885376, 0.22788499295711517, 0.013908940367400646, 0.009254511445760727, 0.007675999775528908, 0.031601835042238235, 0.04692406579852104, 0.02674194425344467, 0.011876372620463371, 0.009808637201786041, 0.011877219192683697, 0.0716417133808136, 0.28945615887641907, 0.24949847161769867, 0.1461273431777954, 0.22243644297122955, 0.10711707174777985, 0.017931442707777023, 0.02903185412287712, 0.02410505898296833, 0.03703027218580246, 0.0756087526679039, 0.05033149942755699, 0.013322151266038418, 0.01334888581186533, 0.00795423611998558, 0.06052733212709427], "tonal.hpcp.stdev": [0.3056023418903351, 0.15656763315200806, 0.02997244894504547, 0.043463196605443954, 0.03144214302301407, 0.09126939624547958, 0.1901252120733261, 0.17793434858322144, 0.25313806533813477, 0.4727134704589844, 0.28405264019966125, 0.07209672033786774, 0.06310752034187317, 0.03427775949239731, 0.12321780622005463, 0.147604838013649, 0.09266890585422516, 0.05797315761446953, 0.05528142303228378, 0.06303177028894424, 0.13634614646434784, 0.3930686116218567, 0.35145774483680725, 0.24515816569328308, 0.4044037461280823, 0.19610504806041718, 0.06209249049425125, 0.11665768176317215, 0.10176742076873779, 0.10410330444574356, 0.162056565284729, 0.10677987337112427, 0.0436311736702919, 0.04318482428789139, 0.0332663469016552, 0.1606277972459793], "rhythm.beats_position": [0.7082086205482483, 1.404807209968567, 2.0897958278656006, 2.763174533843994, 3.4365532398223877, 4.121541976928711, 4.806530475616455, 5.479909420013428, 6.153287887573242, 6.826666355133057, 7.4884352684021, 8.150203704833984, 8.811972618103027, 9.47374153137207, 10.147119522094727, 10.8204984664917, 11.493877410888672, 12.167256355285645, 12.829024314880371, 13.490793228149414, 14.164172172546387, 14.83755111694336, 15.510929107666016, 16.184309005737305, 16.8344669342041, 17.496234893798828, 18.169614791870117, 18.842992782592773, 19.5047607421875, 20.16653060913086, 20.828298568725586, 21.501678466796875, 22.17505645751953, 22.848434448242188, 23.521814346313477, 24.195192337036133], "rhythm.bpm_histogram": [0.0, 0.0, 0.0, 0.0, 0.0, 0.0, 0.0, 0.0, 0.0, 0.0, 0.0, 0.0, 0.0, 0.0, 0.0, 0.0, 0.0, 0.0, 0.0, 0.0, 0.0, 0.0, 0.0, 0.0, 0.0, 0.0, 0.0, 0.0, 0.0, 0.0, 0.0, 0.0, 0.0, 0.0, 0.0, 0.0, 0.0, 0.0, 0.0, 0.0, 0.0, 0.0, 0.0, 0.0, 0.0, 0.0, 0.0, 0.0, 0.0, 0.0, 0.0, 0.0, 0.0, 0.0, 0.0, 0.0, 0.0, 0.0, 0.0, 0.0, 0.0, 0.0, 0.0, 0.0, 0.0, 0.0, 0.0, 0.0, 0.0, 0.0, 0.0, 0.0, 0.0, 0.0, 0.0, 0.0, 0.0, 0.0, 0.0, 0.0, 0.0, 0.0, 0.0, 0.0, 0.0, 0.0, 0.02857142873108387, 0.0, 0.08571428805589676, 0.5714285969734192, 0.0, 0.2857142984867096, 0.02857142873108387, 0.0, 0.0, 0.0, 0.0, 0.0, 0.0, 0.0, 0.0, 0.0, 0.0, 0.0, 0.0, 0.0, 0.0, 0.0, 0.0, 0.0, 0.0, 0.0, 0.0, 0.0, 0.0, 0.0, 0.0, 0.0, 0.0, 0.0, 0.0, 0.0, 0.0, 0.0, 0.0, 0.0, 0.0, 0.0, 0.0, 0.0, 0.0, 0.0, 0.0, 0.0, 0.0, 0.0, 0.0, 0.0, 0.0, 0.0, 0.0, 0.0, 0.0, 0.0, 0.0, 0.0, 0.0, 0.0, 0.0, 0.0, 0.0, 0.0, 0.0, 0.0, 0.0, 0.0, 0.0, 0.0, 0.0, 0.0, 0.0, 0.0, 0.0, 0.0, 0.0, 0.0, 0.0, 0.0, 0.0, 0.0, 0.0, 0.0, 0.0, 0.0, 0.0, 0.0, 0.0, 0.0, 0.0, 0.0, 0.0, 0.0, 0.0, 0.0, 0.0, 0.0, 0.0, 0.0, 0.0, 0.0, 0.0, 0.0, 0.0, 0.0, 0.0, 0.0, 0.0, 0.0, 0.0, 0.0, 0.0, 0.0, 0.0, 0.0, 0.0, 0.0, 0.0, 0.0, 0.0, 0.0, 0.0, 0.0, 0.0, 0.0, 0.0, 0.0, 0.0, 0.0, 0.0, 0.0, 0.0, 0.0, 0.0, 0.0, 0.0, 0.0, 0.0, 0.0, 0.0, 0.0, 0.0, 0.0, 0.0, 0.0, 0.0, 0.0, 0.0, 0.0, 0.0, 0.0, 0.0, 0.0, 0.0, 0.0, 0.0, 0.0, 0.0, 0.0, 0.0, 0.0], "tonal.chords_histogram": [5.94795560836792, 8.178438186645508, 39.40520477294922, 21.561338424682617, 0.0, 0.0, 0.0, 0.0, 7.806691646575928, 0.0, 0.0, 0.0, 0.0, 0.0, 0.0, 0.0, 0.0, 14.869888305664062, 0.0, 0.0, 0.0, 0.0, 0.0, 2.230483293533325], "tonal.thpcp": [1.0, 0.5516679286956787, 0.03367100656032562, 0.022403482347726822, 0.018582193180918694, 0.07650227099657059, 0.11359459161758423, 0.06473736464977264, 0.028750529512763023, 0.023744920268654823, 0.028752578422427177, 0.17343150079250336, 0.700720489025116, 0.6039902567863464, 0.3537476062774658, 0.5384780168533325, 0.25931087136268616, 0.043408747762441635, 0.07028082013130188, 0.05835394561290741, 0.08964353054761887, 0.1830349862575531, 0.1218433678150177, 0.03225049749016762, 0.0323152169585228, 0.019255753606557846, 0.14652562141418457, 0.27695533633232117, 0.13978265225887299, 0.00978892296552658, 0.009110438637435436, 0.009831772185862064, 0.04705973342061043, 0.14002805948257446, 0.12688425183296204, 0.4927111566066742], "lowlevel.gfcc.cov": [[4804.4765625, 13.47740650177002, -788.6585693359375, 677.6427612304688, 203.43878173828125, 100.06779479980469, 199.85472106933594, 152.1056671142578, 251.78025817871094, 18.75320816040039, 60.30295944213867, 4.474964618682861, -187.53245544433594], [13.47740650177002, 755.6668090820312, 302.40789794921875, -150.10079956054688, 261.4619140625, 42.80525588989258, 344.587890625, 3.053231716156006, -5.982288360595703, -34.250274658203125, 139.2506103515625, -86.23039245605469, -21.170692443847656], [-788.6585693359375, 302.40789794921875, 2046.3272705078125, 270.47698974609375, 222.87184143066406, 350.7109375, 346.4729309082031, 232.9517059326172, 204.85279846191406, 241.86849975585938, -254.42861938476562, -84.15644836425781, 323.1679992675781], [677.6427612304688, -150.10079956054688, 270.47698974609375, 876.9275512695312, 491.3045959472656, 35.346099853515625, 112.38946533203125, 213.4135284423828, 469.1165771484375, -79.1340103149414, -149.94326782226562, 45.13495635986328, 203.0553741455078], [203.43878173828125, 261.4619140625, 222.87184143066406, 491.3045959472656, 732.40087890625, 132.1378631591797, 240.80197143554688, 155.72476196289062, 365.67059326171875, -79.36072540283203, 14.295358657836914, -29.973209381103516, 65.68092346191406], [100.06779479980469, 42.80525588989258, 350.7109375, 35.346099853515625, 132.1378631591797, 330.5061950683594, 175.1004638671875, -7.866972923278809, 20.398351669311523, 103.52943420410156, 58.005699157714844, -93.43521118164062, -42.55238723754883], [199.85472106933594, 344.587890625, 346.4729309082031, 112.38946533203125, 240.80197143554688, 175.1004638671875, 535.194580078125, 93.5556640625, 34.864219665527344, 29.124378204345703, 118.60604095458984, -88.27216339111328, -61.12226486206055], [152.1056671142578, 3.053231716156006, 232.9517059326172, 213.4135284423828, 155.72476196289062, -7.866972923278809, 93.5556640625, 195.38296508789062, 160.3448486328125, -30.939729690551758, -89.26130676269531, 22.933073043823242, 83.87770080566406], [251.78025817871094, -5.982288360595703, 204.85279846191406, 469.1165771484375, 365.67059326171875, 20.398351669311523, 34.864219665527344, 160.3448486328125, 402.3953857421875, -45.335514068603516, -119.91558837890625, 24.73717498779297, 149.3405303955078], [18.75320816040039, -34.250274658203125, 241.86849975585938, -79.1340103149414, -79.36072540283203, 103.52943420410156, 29.124378204345703, -30.939729690551758, -45.335514068603516, 207.29710388183594, 1.9252620935440063, -78.53485107421875, -26.03615379333496], [60.30295944213867, 139.2506103515625, -254.42861938476562, -149.94326782226562, 14.295358657836914, 58.005699157714844, 118.60604095458984, -89.26130676269531, -119.91558837890625, 1.9252620935440063, 218.2333984375, -39.28938674926758, -154.87718200683594], [4.474964618682861, -86.23039245605469, -84.15644836425781, 45.13495635986328, -29.973209381103516, -93.43521118164062, -88.27216339111328, 22.933073043823242, 24.73717498779297, -78.53485107421875, -39.28938674926758, 154.4610137939453, 32.72481155395508], [-187.53245544433594, -21.170692443847656, 323.1679992675781, 203.0553741455078, 65.68092346191406, -42.55238723754883, -61.12226486206055, 83.87770080566406, 149.3405303955078, -26.03615379333496, -154.87718200683594, 32.72481155395508, 239.76870727539062]], "lowlevel.gfcc.icov": [[0.0006163006764836609, -0.0015875246608629823, 0.0009585496736690402, -0.0017769578844308853, 0.0010753771057352424, -0.001488249865360558, 0.0005752560100518167, -0.0014204754261299968, 0.0006852265214547515, -0.001267080893740058, 0.0010247810278087854, -0.0006838198751211166, 0.0008305234368890524], [-0.0015875246608629823, 0.009105944074690342, -0.0038007358089089394, 0.007747533265501261, -0.005087843164801598, 0.00690169632434845, -0.004248528275638819, 0.006094220094382763, -0.0036189111415296793, 0.005257186479866505, -0.0049595884047448635, 0.0033413758501410484, -0.003307238221168518], [0.0009585496736690402, -0.0038007358089089394, 0.0033719148486852646, -0.0032395527232438326, 0.001971476711332798, -0.004409557208418846, 0.0006155839073471725, -0.0034508025273680687, 0.002090098336338997, -0.003960408736020327, 0.00366729567758739, -0.0021130063105374575, -0.00042027098243124783], [-0.0017769578844308853, 0.007747533265501261, -0.0032395527232438326, 0.010591171681880951, -0.005212066229432821, 0.005842321086674929, -0.0041969274170696735, 0.005545658990740776, -0.005962884984910488, 0.004809324163943529, -0.0035040583461523056, 0.0022128538694232702, -0.0041833361610770226], [0.0010753771057352424, -0.005087843164801598, 0.001971476711332798, -0.005212066229432821, 0.0070229037664830685, -0.0046591004356741905, 0.0018529485678300261, -0.0039123427122831345, -0.001205607783049345, -0.0013652830384671688, 0.0007718346314504743, -0.0009172025602310896, 0.0024653642904013395], [-0.001488249865360558, 0.00690169632434845, -0.004409557208418846, 0.005842321086674929, -0.0046591004356741905, 0.011511877179145813, -0.0033086638431996107, 0.006417434196919203, -0.0032546038273721933, 0.00332436989992857, -0.005091042257845402, 0.004085388034582138, -0.000786136370152235], [0.0005752560100518167, -0.004248528275638819, 0.0006155839073471725, -0.0041969274170696735, 0.0018529485678300261, -0.0033086638431996107, 0.006574620958417654, -0.005486855749040842, 0.002734540728852153, -0.001517992583103478, -0.0013309967471286654, 1.036854155245237e-05, 0.002570858458057046], [-0.0014204754261299968, 0.006094220094382763, -0.0034508025273680687, 0.005545658990740776, -0.0039123427122831345, 0.006417434196919203, -0.005486855749040842, 0.01600687950849533, -0.005211309529840946, 0.004948080983012915, 0.0007876834715716541, 0.0013800052693113685, -0.001302408054471016], [0.0006852265214547515, -0.0036189111415296793, 0.002090098336338997, -0.005962884984910488, -0.001205607783049345, -0.0032546038273721933, 0.002734540728852153, -0.005211309529840946, 0.011999662965536118, -0.0034655407071113586, 0.0037904884666204453, -0.0016484521329402924, -0.0004549441218841821], [-0.001267080893740058, 0.005257186479866505, -0.003960408736020327, 0.004809324163943529, -0.0013652830384671688, 0.00332436989992857, -0.001517992583103478, 0.004948080983012915, -0.0034655407071113586, 0.012478754855692387, -0.0029764908831566572, 0.005608204752206802, 0.000409729836974293], [0.0010247810278087854, -0.0049595884047448635, 0.00366729567758739, -0.0035040583461523056, 0.0007718346314504743, -0.005091042257845402, -0.0013309967471286654, 0.0007876834715716541, 0.0037904884666204453, -0.0029764908831566572, 0.017183486372232437, -0.002480156719684601, 0.0054123676382005215], [-0.0006838198751211166, 0.0033413758501410484, -0.0021130063105374575, 0.0022128538694232702, -0.0009172025602310896, 0.004085388034582138, 1.036854155245237e-05, 0.0013800052693113685, -0.0016484521329402924, 0.005608204752206802, -0.002480156719684601, 0.011196354404091835, -0.00026412418810650706], [0.0008305234368890524, -0.003307238221168518, -0.00042027098243124783, -0.0041833361610770226, 0.0024653642904013395, -0.000786136370152235, 0.002570858458057046, -0.001302408054471016, -0.0004549441218841821, 0.000409729836974293, 0.0054123676382005215, -0.00026412418810650706, 0.012793604284524918]], "lowlevel.mfcc.cov": [[3813.925537109375, -585.93896484375, -982.7227783203125, 343.5481262207031, 43.227149963378906, 104.12460327148438, -153.3138885498047, 259.3424987792969, -108.35646057128906, 54.26969909667969, 258.5203552246094, 203.16224670410156, -32.60761260986328], [-585.93896484375, 1124.860595703125, 189.98751831054688, -133.77737426757812, -135.56089782714844, 97.02307891845703, 376.7386474609375, 55.785343170166016, -138.67428588867188, 188.74928283691406, 144.1472930908203, -203.12159729003906, 104.94166564941406], [-982.7227783203125, 189.98751831054688, 1461.2431640625, 160.83349609375, 112.86869049072266, 214.9753875732422, 199.6381378173828, -91.93971252441406, 510.59521484375, 235.2056427001953, -75.06330108642578, 9.473106384277344, 11.332164764404297], [343.5481262207031, -133.77737426757812, 160.83349609375, 811.7738037109375, 421.8043212890625, 115.09304809570312, -107.61001586914062, 321.9880676269531, 525.3145141601562, 80.1173095703125, -34.2084846496582, 255.6910858154297, 1.2571688890457153], [43.227149963378906, -135.56089782714844, 112.86869049072266, 421.8043212890625, 639.4846801757812, 155.19688415527344, -145.62196350097656, 195.1653289794922, 415.79083251953125, 42.24917221069336, -36.59465026855469, 263.2513732910156, -47.7115364074707], [104.12460327148438, 97.02307891845703, 214.9753875732422, 115.09304809570312, 155.19688415527344, 367.43255615234375, 191.67562866210938, 86.34449768066406, 72.11385345458984, 211.0207977294922, 140.39617919921875, 37.06049346923828, 15.223830223083496], [-153.3138885498047, 376.7386474609375, 199.6381378173828, -107.61001586914062, -145.62196350097656, 191.67562866210938, 475.9227294921875, 34.025665283203125, -138.18272399902344, 227.2901153564453, 198.2118682861328, -155.11180114746094, 71.57456970214844], [259.3424987792969, 55.785343170166016, -91.93971252441406, 321.9880676269531, 195.1653289794922, 86.34449768066406, 34.025665283203125, 398.7577209472656, 158.6959686279297, 11.80200481414795, 78.0767593383789, 123.79204559326172, 24.2675724029541], [-108.35646057128906, -138.67428588867188, 510.59521484375, 525.3145141601562, 415.79083251953125, 72.11385345458984, -138.18272399902344, 158.6959686279297, 684.096923828125, 82.47085571289062, -129.18443298339844, 231.4248504638672, -38.366607666015625], [54.26969909667969, 188.74928283691406, 235.2056427001953, 80.1173095703125, 42.24917221069336, 211.0207977294922, 227.2901153564453, 11.80200481414795, 82.47085571289062, 325.780029296875, 155.61798095703125, -56.26023864746094, 11.00110912322998], [258.5203552246094, 144.1472930908203, -75.06330108642578, -34.2084846496582, -36.59465026855469, 140.39617919921875, 198.2118682861328, 78.0767593383789, -129.18443298339844, 155.61798095703125, 236.03968811035156, -30.58331871032715, 17.128040313720703], [203.16224670410156, -203.12159729003906, 9.473106384277344, 255.6910858154297, 263.2513732910156, 37.06049346923828, -155.11180114746094, 123.79204559326172, 231.4248504638672, -56.26023864746094, -30.58331871032715, 267.6603698730469, -30.980730056762695], [-32.60761260986328, 104.94166564941406, 11.332164764404297, 1.2571688890457153, -47.7115364074707, 15.223830223083496, 71.57456970214844, 24.2675724029541, -38.366607666015625, 11.00110912322998, 17.128040313720703, -30.980730056762695, 89.91226196289062]], "lowlevel.mfcc.icov": [[0.0004430644912645221, 0.00019623327534645796, 0.00032295886194333434, -0.00019233927014283836, 0.00030254889861680567, -0.00019999414507765323, 0.0001874834269983694, 3.2027453471528133e-06, -0.00013178416702430695, -0.00016714392404537648, -0.0005017204093746841, -0.00016306403267662972, -5.846265048603527e-05], [0.00019623327534645796, 0.0014780184719711542, -3.5953900805907324e-05, 0.00012477712880354375, -0.00019177547073923051, 0.0003313560737296939, -0.0005526018794625998, -0.0005076225497759879, 0.00014725490473210812, -0.0005217337748035789, -0.0001448494294891134, 0.0005559183191508055, -0.0008862728136591613], [0.00032295886194333434, -3.5953900805907324e-05, 0.0019263819558545947, 0.0002922335406765342, 0.0007775705889798701, -0.00108407624065876, -0.0007732187514193356, 0.0008521410636603832, -0.0023358489852398634, 0.00017129554180428386, 7.149421435315162e-05, -2.9924141927040182e-05, -0.00014772028953302652], [-0.00019233927014283836, 0.00012477712880354375, 0.0002922335406765342, 0.003978249151259661, -0.00026186901959590614, -4.4247095502214506e-05, 0.00025798490969464183, -0.001878339797258377, -0.002150959335267544, -0.001205597771331668, 0.0008115197997540236, -0.0007415865547955036, -0.001318159862421453], [0.00030254889861680567, -0.00019177547073923051, 0.0007775705889798701, -0.00026186901959590614, 0.004361059051007032, -0.002011992735788226, 0.0007735205581411719, -0.00028333000955171883, -0.0018609986873343587, -0.00015468322089873254, 8.423341932939366e-05, -0.0018921976443380117, 0.0009115524590015411], [-0.00019999414507765323, 0.0003313560737296939, -0.00108407624065876, -4.4247095502214506e-05, -0.002011992735788226, 0.006706984713673592, -0.0013805626658722758, -0.0007001866470091045, 0.002107706619426608, -0.0031543592922389507, -0.0001741224405122921, -0.0014977469108998775, -0.00043489059316925704], [0.0001874834269983694, -0.0005526018794625998, -0.0007732187514193356, 0.00025798490969464183, 0.0007735205581411719, -0.0013805626658722758, 0.0068036592565476894, -0.0011688077356666327, 0.0006167417741380632, -0.0016427200753241777, -0.002668580040335655, 0.0017077885568141937, -0.00208858260884881], [3.2027453471528133e-06, -0.0005076225497759879, 0.0008521410636603832, -0.001878339797258377, -0.00028333000955171883, -0.0007001866470091045, -0.0011688077356666327, 0.006002779118716717, -0.001834831782616675, 0.00341761764138937, -0.0035173711366951466, 0.00012057887215632945, -0.0006985380314290524], [-0.00013178416702430695, 0.00014725490473210812, -0.0023358489852398634, -0.002150959335267544, -0.0018609986873343587, 0.002107706619426608, 0.0006167417741380632, -0.001834831782616675, 0.008682937361299992, -0.004266770090907812, 0.004683728329837322, -0.0026375544257462025, 0.0011907941661775112], [-0.00016714392404537648, -0.0005217337748035789, 0.00017129554180428386, -0.001205597771331668, -0.00015468322089873254, -0.0031543592922389507, -0.0016427200753241777, 0.00341761764138937, -0.004266770090907812, 0.011908349581062794, -0.007203610613942146, 0.004417387768626213, 0.0009975056163966656], [-0.0005017204093746841, -0.0001448494294891134, 7.149421435315162e-05, 0.0008115197997540236, 8.423341932939366e-05, -0.0001741224405122921, -0.002668580040335655, -0.0035173711366951466, 0.004683728329837322, -0.007203610613942146, 0.015192914754152298, -0.0041185226291418076, 0.0016812774119898677], [-0.00016306403267662972, 0.0005559183191508055, -2.9924141927040182e-05, -0.0007415865547955036, -0.0018921976443380117, -0.0014977469108998775, 0.0017077885568141937, 0.00012057887215632945, -0.0026375544257462025, 0.004417387768626213, -0.0041185226291418076, 0.010729528032243252, -2.0716623112093657e-05], [-5.846265048603527e-05, -0.0008862728136591613, -0.00014772028953302652, -0.001318159862421453, 0.0009115524590015411, -0.00043489059316925704, -0.00208858260884881, -0.0006985380314290524, 0.0011907941661775112, 0.0009975056163966656, 0.0016812774119898677, -2.0716623112093657e-05, 0.01463937759399414]], "metadata.audio_properties.analysis.downmix": "mix", "metadata.audio_properties.codec": "mp3", "metadata.audio_properties.md5_encoded": "7aa581808bce7c1de4454c31e55a1f1a", "metadata.tags.file_name": "1182269411860692992.mp3", "metadata.version.essentia": "2.1-beta6-dev", "metadata.version.essentia_git_sha": "v2.1_beta5-1110-g77a6a954", "metadata.version.extractor": "music 2.0", "tonal.chords_key": "C", "tonal.chords_scale": "major", "tonal.key_edma.key": "F", "tonal.key_edma.scale": "major", "tonal.key_krumhansl.key": "F", "tonal.key_krumhansl.scale": "major", "tonal.key_temperley.key": "F", "tonal.key_temperley.scale": "major", "metadata.tags.encoding": ["Lavf58.45.100"]}, "essentia_models": [{"model_name": "genre_dortmund", "activations": {"alternative": "0.30656913", "blues": "0.031447202", "electronic": "0.08116601", "folkcountry": "0.16084272", "funksoulrnb": "0.061909594", "jazz": "0.021115221", "pop": "0.079795666", "raphiphop": "0.2869591", "rock": "0.35305294"}}, {"model_name": "genre_rosamerica", "activations": {"classic": "0.09233486", "dance": "0.015107572", "hip hop": "0.048957832", "jazz": "0.03144984", "pop": "0.08947169", "rhythm and blues": "0.08081428", "rock": "0.38378108", "speech": "0.365494"}}, {"model_name": "genre_tzanetakis", "activations": {"blues": "0.16021612", "classic": "0.037109487", "country": "0.23867029", "disco": "0.059955887", "hip hop": "0.04935658", "jazz"