{"song_id": "1182267420480647198", "download": "https://cdn.discordapp.com/attachments/1135911532732108921/1182267420480647198/chirp.mp4?ex=65841356&amp", "lyrics": "[Verse]\nElisa's feeling dizzy, spinning round and round\nHer head is in a whirlwind, dizzy feelings confound\nBut we'll dance through the chaos, together by her side\nSending love and healing vibes, in this wild dance ride\n\n[Chorus]\nElisa, get better quick, we're supporting you\nWe'll dance our way to healing, with every move we groove\nThe beat will lift your spirits, make those dizziness fade away\nElisa, we're here for you, dancing through the pain", "style": ["dance"], "essentia_features": {"lowlevel.average_loudness": 0.89938884973526, "lowlevel.barkbands_crest.mean": 19.249671936035156, "lowlevel.barkbands_crest.stdev": 5.525698661804199, "lowlevel.barkbands_flatness_db.mean": 0.27228379249572754, "lowlevel.barkbands_flatness_db.stdev": 0.10049400478601456, "lowlevel.barkbands_kurtosis.mean": 70.86614990234375, "lowlevel.barkbands_kurtosis.stdev": 123.49830627441406, "lowlevel.barkbands_skewness.mean": 5.742799758911133, "lowlevel.barkbands_skewness.stdev": 4.201423645019531, "lowlevel.barkbands_spread.mean": 9.290976524353027, "lowlevel.barkbands_spread.stdev": 10.229533195495605, "lowlevel.dissonance.mean": 0.45413804054260254, "lowlevel.dissonance.stdev": 0.030896635726094246, "lowlevel.dynamic_complexity": 3.0512869358062744, "lowlevel.erbbands_crest.mean": 11.477824211120605, "lowlevel.erbbands_crest.stdev": 4.827871322631836, "lowlevel.erbbands_flatness_db.mean": 0.16382090747356415, "lowlevel.erbbands_flatness_db.stdev": 0.04902401193976402, "lowlevel.erbbands_kurtosis.mean": 3.2172296047210693, "lowlevel.erbbands_kurtosis.stdev": 22.050947189331055, "lowlevel.erbbands_skewness.mean": 0.7952343225479126, "lowlevel.erbbands_skewness.stdev": 1.183009147644043, "lowlevel.erbbands_spread.mean": 42.61103057861328, "lowlevel.erbbands_spread.stdev": 22.579280853271484, "lowlevel.hfc.mean": 19.82305335998535, "lowlevel.hfc.stdev": 18.954614639282227, "lowlevel.loudness_ebu128.integrated": -12.625640869140625, "lowlevel.loudness_ebu128.loudness_range": 3.0348052978515625, "lowlevel.loudness_ebu128.momentary.mean": -12.958443641662598, "lowlevel.loudness_ebu128.momentary.stdev": 1.761748194694519, "lowlevel.loudness_ebu128.short_term.mean": -12.811347007751465, "lowlevel.loudness_ebu128.short_term.stdev": 1.0164306163787842, "lowlevel.melbands_crest.mean": 27.171710968017578, "lowlevel.melbands_crest.stdev": 7.420917510986328, "lowlevel.melbands_flatness_db.mean": 0.3721989691257477, "lowlevel.melbands_flatness_db.stdev": 0.11709100753068924, "lowlevel.melbands_kurtosis.mean": 124.43563842773438, "lowlevel.melbands_kurtosis.stdev": 165.78111267089844, "lowlevel.melbands_skewness.mean": 7.298290252685547, "lowlevel.melbands_skewness.stdev": 4.864474773406982, "lowlevel.melbands_spread.mean": 7.953227996826172, "lowlevel.melbands_spread.stdev": 11.285807609558105, "lowlevel.pitch_salience.mean": 0.2809908986091614, "lowlevel.pitch_salience.stdev": 0.17832829058170319, "lowlevel.silence_rate_20dB.mean": 0.9671623110771179, "lowlevel.silence_rate_20dB.stdev": 0.17821112275123596, "lowlevel.silence_rate_30dB.mean": 0.4101610779762268, "lowlevel.silence_rate_30dB.stdev": 0.4918651878833771, "lowlevel.silence_rate_60dB.mean": 0.045848824083805084, "lowlevel.silence_rate_60dB.stdev": 0.20915906131267548, "lowlevel.spectral_centroid.mean": 837.8837280273438, "lowlevel.spectral_centroid.stdev": 426.83050537109375, "lowlevel.spectral_complexity.mean": 10.768277168273926, "lowlevel.spectral_complexity.stdev": 6.300376892089844, "lowlevel.spectral_decrease.mean": -3.5386818808547105e-08, "lowlevel.spectral_decrease.stdev": 2.793918874033352e-08, "lowlevel.spectral_energy.mean": 0.13535596430301666, "lowlevel.spectral_energy.stdev": 0.10634556412696838, "lowlevel.spectral_energyband_high.mean": 0.0005792605224996805, "lowlevel.spectral_energyband_high.stdev": 0.0012610957492142916, "lowlevel.spectral_energyband_low.mean": 0.1245221272110939, "lowlevel.spectral_energyband_low.stdev": 0.1044110432267189, "lowlevel.spectral_energyband_middle_high.mean": 0.002458835020661354, "lowlevel.spectral_energyband_middle_high.stdev": 0.002664214465767145, "lowlevel.spectral_energyband_middle_low.mean": 0.009387065656483173, "lowlevel.spectral_energyband_middle_low.stdev": 0.01645788550376892, "lowlevel.spectral_entropy.mean": 7.310082912445068, "lowlevel.spectral_entropy.stdev": 0.5272631049156189, "lowlevel.spectral_flux.mean": 0.14505869150161743, "lowlevel.spectral_flux.stdev": 0.11550799012184143, "lowlevel.spectral_kurtosis.mean": 5.598965644836426, "lowlevel.spectral_kurtosis.stdev": 4.049335956573486, "lowlevel.spectral_rms.mean": 0.010222537443041801, "lowlevel.spectral_rms.stdev": 0.005249228328466415, "lowlevel.spectral_rolloff.mean": 417.22930908203125, "lowlevel.spectral_rolloff.stdev": 867.5843505859375, "lowlevel.spectral_skewness.mean": 2.0963563919067383, "lowlevel.spectral_skewness.stdev": 0.5137025117874146, "lowlevel.spectral_spread.mean": 5895692.5, "lowlevel.spectral_spread.stdev": 1844140.625, "lowlevel.spectral_strongpeak.mean": 0.8053405284881592, "lowlevel.spectral_strongpeak.stdev": 0.5010409355163574, "lowlevel.zerocrossingrate.mean": 0.028602268546819687, "lowlevel.zerocrossingrate.stdev": 0.028469854965806007, "metadata.audio_properties.analysis.equal_loudness": 0.0, "metadata.audio_properties.analysis.length": 37.43997573852539, "metadata.audio_properties.analysis.sample_rate": 44100.0, "metadata.audio_properties.analysis.start_time": 0.0, "metadata.audio_properties.bit_rate": 117853.0, "metadata.audio_properties.length": 37.439998626708984, "metadata.audio_properties.lossless": 0.0, "metadata.audio_properties.number_channels": 1.0, "metadata.audio_properties.replay_gain": -10.836267471313477, "metadata.audio_properties.sample_rate": 48000.0, "rhythm.beats_count": 77.0, "rhythm.beats_loudness.mean": 0.2285844385623932, "rhythm.beats_loudness.stdev": 0.07908596843481064, "rhythm.bpm": 123.92720031738281, "rhythm.bpm_histogram_first_peak_bpm": 123.0, "rhythm.bpm_histogram_first_peak_weight": 0.29333335161209106, "rhythm.bpm_histogram_second_peak_bpm": 129.0, "rhythm.bpm_histogram_second_peak_spread": 0.0, "rhythm.bpm_histogram_second_peak_weight": 0.01315789483487606, "rhythm.danceability": 1.5858479738235474, "rhythm.onset_rate": 4.939420700073242, "tonal.chords_changes_rate": 0.02227722853422165, "tonal.chords_number_rate": 0.008663366548717022, "tonal.chords_strength.mean": 0.5888084173202515, "tonal.chords_strength.stdev": 0.10170106589794159, "tonal.hpcp_crest.mean": 14.466418266296387, "tonal.hpcp_crest.stdev": 5.709559440612793, "tonal.hpcp_entropy.mean": 1.7405976057052612, "tonal.hpcp_entropy.stdev": 0.638597846031189, "tonal.key_edma.strength": 0.417743057012558, "tonal.key_krumhansl.strength": 0.41569918394088745, "tonal.key_temperley.strength": 0.3904290199279785, "tonal.tuning_diatonic_strength": 0.5333801507949829, "tonal.tuning_equal_tempered_deviation": 0.21933205425739288, "tonal.tuning_frequency": 434.193115234375, "tonal.tuning_nontempered_energy_ratio": 0.9588547945022583, "lowlevel.barkbands.mean": [0.007635977119207382, 0.10348284989595413, 0.01188722625374794, 0.002748960629105568, 0.0009683555108495057, 0.0022471013944596052, 0.001199583988636732, 0.00038247203337959945, 0.0016707374015823007, 0.00036733856541104615, 0.0008915726211853325, 0.0003108949167653918, 7.386179640889168e-05, 0.0002223794290330261, 0.00026225688634440303, 0.0001826345978770405, 9.857473924057558e-05, 7.266064494615421e-05, 5.681116817868315e-05, 3.664786709123291e-05, 5.40894761797972e-05, 3.507106885081157e-05, 1.9106355466647074e-05, 7.459548214683309e-05, 0.00028466692310757935, 8.295434236060828e-05, 6.732248948537745e-06], "lowlevel.barkbands.stdev": [0.007957221008837223, 0.0919511616230011, 0.035892654210329056, 0.010615717619657516, 0.0034072455018758774, 0.004630882292985916, 0.002987393643707037, 0.0010419889586046338, 0.002553254831582308, 0.0008689058595336974, 0.0013579990481957793, 0.0007459958433173597, 0.0001319894363405183, 0.0008766052778810263, 0.0003513188275974244, 0.00023233464162331074, 0.0001658246765146032, 0.00010386392386863008, 7.448903488693759e-05, 6.786714948248118e-05, 0.0001158989907708019, 9.144710202235729e-05, 5.9698613767977804e-05, 0.00017304364882875234, 0.0005800867220386863, 0.00029643034213222563, 3.5878383641829714e-05], "lowlevel.erbbands.mean": [4.833683967590332, 15.847125053405762, 15.08927059173584, 11.687139511108398, 5.04068660736084, 3.0677318572998047, 6.17606782913208, 22.74182891845703, 19.68927574157715, 12.345775604248047, 11.91513442993164, 45.55497741699219, 19.354934692382812, 21.207883834838867, 30.77863311767578, 12.928080558776855, 4.39555549621582, 10.855384826660156, 11.688714981079102, 13.661999702453613, 8.168651580810547, 5.837584018707275, 4.0455474853515625, 4.176105976104736, 1.7784290313720703, 1.6495962142944336, 2.5862064361572266, 1.634809136390686, 1.34125554561615, 0.8548832535743713, 0.5106704235076904, 0.5104302167892456, 2.220682382583618, 4.2654194831848145, 1.2795966863632202, 0.3203273117542267, 0.1682901829481125, 0.034155651926994324, 0.0008978161495178938, 0.00017152554937638342], "lowlevel.erbbands.stdev": [4.47601842880249, 14.957600593566895, 36.527862548828125, 39.67356872558594, 18.53104019165039, 10.929278373718262, 13.318203926086426, 47.63395690917969, 48.937965393066406, 32.05778884887695, 27.73299789428711, 73.57637786865234, 32.87757110595703, 42.3102912902832, 47.465511322021484, 33.81278991699219, 7.580231666564941, 46.942039489746094, 15.110593795776367, 19.07386016845703, 9.90922737121582, 9.696462631225586, 5.827045917510986, 5.198882102966309, 2.826761484146118, 3.020831346511841, 5.521036624908447, 3.4010212421417236, 3.3177249431610107, 2.6508519649505615, 1.622326374053955, 1.9587290287017822, 4.586818218231201, 7.970325469970703, 3.2621757984161377, 1.1923415660858154, 0.5842788219451904, 0.13244757056236267, 0.0038158686365932226, 0.0001523649407317862], "lowlevel.gfcc.mean": [-32.09779739379883, 101.71121215820312, -86.51429748535156, 21.554716110229492, -29.80028533935547, 37.548282623291016, -26.169767379760742, 43.93115234375, -12.479415893554688, 14.084770202636719, -5.8493523597717285, -2.4820122718811035, 19.39078140258789], "lowlevel.melbands.mean": [0.03460359945893288, 0.011188410222530365, 0.001835586503148079, 0.00024494479293935, 0.0002022428234340623, 0.0004941844963468611, 0.0002999359858222306, 0.00011808239651145414, 9.616194438422099e-05, 0.0003024254983756691, 8.406932465732098e-05, 7.634731446160004e-05, 0.00010032817954197526, 5.507783134817146e-05, 1.5849862393224612e-05, 7.770090633130167e-06, 2.26212232519174e-05, 1.7548127289046533e-05, 1.979998887691181e-05, 1.6913687431951985e-05, 7.568561613879865e-06, 6.531965937028872e-06, 4.156470822636038e-06, 3.0091184726188658e-06, 3.598391458581318e-06, 1.4051099697098834e-06, 1.0210112577624386e-06, 1.082862127077533e-06, 1.645278871365008e-06, 1.3797244946545106e-06, 8.195672762667527e-07, 7.860834330131183e-07, 6.182068545967923e-07, 4.180247685781069e-07, 2.946289612282271e-07, 2.499225217889034e-07, 2.992170493598678e-07, 9.970102610168396e-07, 3.1696934001956834e-06, 3.751066515178536e-06], "lowlevel.melbands.stdev": [0.031165264546871185, 0.015005973167717457, 0.006080486811697483, 0.0008803954115137458, 0.00046287704026326537, 0.001044719130732119, 0.0007276243413798511, 0.00029761073528788984, 0.00021124335762578994, 0.000496374792419374, 0.00015877587429713458, 0.00016116310143843293, 0.0001466922549298033, 9.935255366144702e-05, 4.626434019883163e-05, 1.422944387741154e-05, 0.00010676190140657127, 2.485388540662825e-05, 2.704138751141727e-05, 2.287733877892606e-05, 9.713357030705083e-06, 1.2781863915733993e-05, 6.502034466393525e-06, 4.15342447013245e-06, 4.6490790737152565e-06, 2.3738045911159134e-06, 1.9008884919458069e-06, 2.093375314871082e-06, 3.456497324805241e-06, 3.2562775231781416e-06, 1.7309340591964428e-06, 1.8742405245575355e-06, 1.9069875634158961e-06, 1.3341566500457702e-06, 9.541996632833616e-07, 8.696511031303089e-07, 1.345446889899904e-06, 2.4539269816159504e-06, 5.963522198726423e-06, 7.047384769975906e-06], "lowlevel.melbands128.mean": [0.007261353079229593, 0.044319964945316315, 0.044818416237831116, 0.01936706155538559, 0.008479531854391098, 0.005187563598155975, 0.0024743929971009493, 0.0010760710574686527, 0.0004019054467789829, 0.00018109566008206457, 0.00015550163516309112, 0.0001459175255149603, 0.00016651953046675771, 0.00029929273296147585, 0.0005907578160986304, 0.0005721531342715025, 0.000401811848860234, 0.00018721175729297101, 0.0002909339382313192, 0.00010173609189223498, 5.526880704564974e-05, 7.622195698786527e-05, 0.00010901807399932295, 9.200018394039944e-05, 0.0003161203349009156, 0.0004695607058238238, 6.504834163933992e-05, 7.588708831463009e-05, 4.577857907861471e-05, 2.981003126478754e-05, 0.00012879418500233442, 9.453074017073959e-05, 6.261726230150089e-05, 0.0001671592181082815, 4.313913086662069e-05, 4.072481897310354e-05, 2.85205587715609e-05, 1.5834171790629625e-05, 6.099446181906387e-06, 7.717584594502114e-06, 9.259654689230956e-06, 5.1214883569628e-06, 2.641957689775154e-05, 3.1471885449718684e-05, 1.2964998859388288e-05, 1.8785702195600607e-05, 1.6509231500094756e-05, 2.1745738195022568e-05, 2.0422108718776144e-05, 1.6581874660914764e-05, 1.9159948351443745e-05, 1.5023618288978469e-05, 6.33375566394534e-06, 5.721522029489279e-06, 6.104407930251909e-06, 8.527780664735474e-06, 4.746350896311924e-06, 3.4125205274904147e-06, 4.858034571952885e-06, 3.932868821721058e-06, 1.928286792463041e-06, 2.4274727365991566e-06, 5.866818810318364e-06, 3.153353418383631e-06, 1.6395124475820921e-06, 1.4731064084116952e-06, 1.1923445981665282e-06, 9.206707431985706e-07, 1.0523381206439808e-06, 1.066972345142858e-06, 8.15182772839762e-07, 1.2238580211487715e-06, 1.6098772448458476e-06, 1.6422967519247322e-06, 1.8258763248013565e-06, 1.634475552236836e-06, 1.085201688511006e-06, 8.104583457679837e-07, 8.370567456950084e-07, 7.246343329825322e-07, 8.275463301288255e-07, 8.295693305626628e-07, 6.813390882598469e-07, 6.271795314205519e-07, 5.367227231545257e-07, 4.285982129204058e-07, 4.0075585161503113e-07, 3.377869290943636e-07, 2.8487917802522134e-07, 2.6004170194937615e-07, 2.719106362292223e-07, 2.436807733374735e-07, 2.2985324221735937e-07, 1.605433510576404e-07, 4.233778270190669e-07, 6.68470931941556e-07, 9.260863862436963e-07, 1.6738064232413308e-06, 2.9613972856168402e-06, 3.8101943573565222e-06, 5.013002919440623e-06, 3.6822634683630895e-06, 2.4871981167962076e-06, 2.0122040496062255e-06, 1.2310161991990753e-06, 8.399285889026942e-07, 6.702614427922526e-07, 7.530445031989075e-07, 4.883238489128416e-07, 3.2567055541221634e-07, 3.246390463118587e-07, 4.371168813577242e-07, 7.063325142553367e-07, 6.35909486845776e-07, 4.781719553648145e-07, 3.8484984088427154e-07, 2.1395746330199472e-07, 7.504845456196563e-08, 9.408115175801868e-09, 5.0245002602977706e-11, 4.081280799428377e-11, 3.020453678836965e-11, 2.6257343521685073e-11, 2.5764083574908447e-11, 2.4163161055357207e-11, 2.1856483636839563e-11, 2.0645180009992714e-11, 2.0399551839411778e-11], "lowlevel.melbands128.stdev": [0.00757170096039772, 0.0421208031475544, 0.04284010827541351, 0.019937964156270027, 0.019510215148329735, 0.0164677482098341, 0.009019103832542896, 0.004160348791629076, 0.0015766698634251952, 0.0006803846335969865, 0.0006128133391030133, 0.000547465868294239, 0.00047269315109588206, 0.0005916966474615037, 0.0013418797170743346, 0.0017551577184349298, 0.0013933578738942742, 0.0005272418493404984, 0.0010181870311498642, 0.00026432357844896615, 0.00014659880253020674, 0.00029165067826397717, 0.0003072026011068374, 0.00017694347479846328, 0.0005621417658403516, 0.0008470115135423839, 0.0001434273726772517, 0.0002526795433368534, 0.00016673182835802436, 8.709247049409896e-05, 0.0003170330310240388, 0.00023784169752616435, 0.00012623431393876672, 0.0003217252669855952, 7.097858178894967e-05, 0.00015848077600821853, 0.00011376662587281317, 6.517382280435413e-05, 1.3436057088256348e-05, 1.6301817595376633e-05, 1.9966857507824898e-05, 9.414503438165411e-06, 0.00013952620793133974, 0.00016726390458643436, 2.2705711671733297e-05, 3.503400876070373e-05, 2.703067184484098e-05, 3.958739398512989e-05, 3.980292967753485e-05, 4.078296115039848e-05, 3.0710110877407715e-05, 3.008418389072176e-05, 1.1050613466068171e-05, 1.0760126315290108e-05, 1.2368502211757004e-05, 2.4140794266713783e-05, 7.559274763480062e-06, 6.8691788328578696e-06, 9.406894605490379e-06, 6.570477125933394e-06, 3.8077953377069207e-06, 4.022305802209303e-06, 8.797347618383355e-06, 4.7433845793420915e-06, 2.963936367450515e-06, 3.064806151087396e-06, 2.4495975594618358e-06, 1.9847007024509367e-06, 2.202713403676171e-06, 2.401320216449676e-06, 1.763439968271996e-06, 2.9707127850997495e-06, 3.729164291144116e-06, 3.772116087930044e-06, 4.719499429484131e-06, 4.286499915906461e-06, 2.7248295282333856e-06, 1.8562541299615987e-06, 1.975041186597082e-06, 1.6695295244062436e-06, 2.0483348635025322e-06, 2.3540849269920727e-06, 1.8531807199906325e-06, 2.2348756374412915e-06, 1.984074970096117e-06, 1.3624900248032645e-06, 1.367884920000506e-06, 1.1590767599045648e-06, 9.619848242437001e-07, 9.060634056368144e-07, 9.895813946059207e-07, 8.195469263228006e-07, 1.453222353120509e-06, 1.3189967376092682e-06, 1.7174191953017726e-06, 2.463368446115055e-06, 2.464027602400165e-06, 3.7999152482370846e-06, 5.87820022701635e-06, 7.686368917347863e-06, 9.994647371058818e-06, 6.95215021551121e-06, 5.510638402483892e-06, 5.351173058443237e-06, 3.87086447517504e-06, 3.0834889912512153e-06, 2.649022007972235e-06, 2.920116230598069e-06, 2.1680043573724106e-06, 1.6967545661827899e-06, 1.4831229009359959e-06, 1.6082810816442361e-06, 2.5668762191344285e-06, 2.3251523089129478e-06, 1.609888499842782e-06, 1.6233244650720735e-06, 1.020301738208218e-06, 7.086700293257309e-07, 8.990474498205003e-08, 3.9910291738110004e-10, 2.812923782791188e-10, 1.217128481334484e-10, 1.007870870095573e-10, 9.506428283456714e-11, 7.089251408132213e-11, 3.781873425534599e-11, 2.8899885956557014e-11, 2.8529286572043233e-11], "lowlevel.mfcc.mean": [-693.1023559570312, 144.4397735595703, 11.733870506286621, 9.999312400817871, 31.914836883544922, -2.49027681350708, 27.640552520751953, 3.414940118789673, 40.57115173339844, -0.8620639443397522, 16.732471466064453, -3.28578519821167, 13.245756149291992], "lowlevel.spectral_contrast_coeffs.mean": [-0.7103378176689148, -0.7244212031364441, -0.743475615978241, -0.8010372519493103, -0.8082391023635864, -0.7411571741104126], "lowlevel.spectral_contrast_coeffs.stdev": [0.0796770304441452, 0.09155575931072235, 0.06575852632522583, 0.04399248585104942, 0.034452155232429504, 0.05089679732918739], "lowlevel.spectral_contrast_valleys.mean": [-6.864323616027832, -7.23960018157959, -7.609054088592529, -7.893396377563477, -8.296317100524902, -11.18294906616211], "lowlevel.spectral_contrast_valleys.stdev": [1.1142737865447998, 0.9518822431564331, 0.8239293694496155, 0.7224828004837036, 0.7717093825340271, 1.1476879119873047], "rhythm.beats_loudness_band_ratio.mean": [0.9673943519592285, 0.010459823533892632, 0.012464691884815693, 0.006765579339116812, 0.0037336512468755245, 0.001895317924208939], "rhythm.beats_loudness_band_ratio.stdev": [0.030795391649007797, 0.019246967509388924, 0.015527458861470222, 0.00830985140055418, 0.004451747518032789, 0.00295839156024158], "tonal.hpcp.mean": [0.11207637190818787, 0.07072949409484863, 0.06800193339586258, 0.09215480834245682, 0.0843910276889801, 0.04441162198781967, 0.02472197264432907, 0.02414541505277157, 0.03453716263175011, 0.07224459946155548, 0.07691054046154022, 0.039178092032670975, 0.02495041862130165, 0.018190842121839523, 0.013133526779711246, 0.01375465840101242, 0.01498471386730671, 0.01280192006379366, 0.02876800112426281, 0.03954809531569481, 0.02561846189200878, 0.021086540073156357, 0.0235958993434906, 0.034822575747966766, 0.11829011142253876, 0.15503323078155518, 0.09664031118154526, 0.06860211491584778, 0.06480241566896439, 0.08104024082422256, 0.1175280436873436, 0.1654062420129776, 0.21251963078975677, 0.2372516542673111, 0.2220071256160736, 0.1730753779411316], "tonal.hpcp.stdev": [0.27083712816238403, 0.20769250392913818, 0.2085569202899933, 0.23654837906360626, 0.2231474071741104, 0.15922911465168, 0.11578944325447083, 0.11743920296430588, 0.13984443247318268, 0.205126091837883, 0.2107768952846527, 0.13205163180828094, 0.10857360064983368, 0.08399724960327148, 0.06756631284952164, 0.04702010750770569, 0.05474971979856491, 0.05570555105805397, 0.09987353533506393, 0.14676469564437866, 0.09579569101333618, 0.10900010913610458, 0.10946131497621536, 0.13441039621829987, 0.24532227218151093, 0.29957297444343567, 0.23587864637374878, 0.21139678359031677, 0.19614706933498383, 0.21451707184314728, 0.2567492723464966, 0.30594512820243835, 0.35335543751716614, 0.36213356256484985, 0.3610435426235199, 0.321285218000412], "rhythm.beats_position": [0.4876190423965454, 0.9752380847930908, 1.4628571271896362, 1.9504761695861816, 2.4380950927734375, 2.9257142543792725, 3.4133331775665283, 3.8893423080444336, 4.36535120010376, 4.852970600128174, 5.34058952331543, 5.8282084465026855, 6.315827369689941, 6.791836738586426, 7.267845630645752, 7.755464553833008, 8.243083953857422, 8.73070240020752, 9.218321800231934, 9.705941200256348, 10.181949615478516, 10.657958984375, 11.145578384399414, 11.633196830749512, 12.120816230773926, 12.608434677124023, 13.072834014892578, 13.560453414916992, 14.04807186126709, 14.535691261291504, 15.023310661315918, 15.510929107666016, 15.9869384765625, 16.462947845458984, 16.9505672454834, 17.43818473815918, 17.925804138183594, 18.401813507080078, 18.877822875976562, 19.365442276000977, 19.85306167602539, 20.340679168701172, 20.828298568725586, 21.31591796875, 21.791927337646484, 22.26793670654297, 22.75555419921875, 23.243173599243164, 23.730792999267578, 24.218412399291992, 24.694421768188477, 25.17043113708496, 25.658048629760742, 26.145668029785156, 26.63328742980957, 27.120906829833984, 27.59691619873047, 28.072925567626953, 28.560543060302734, 29.04816246032715, 29.535781860351562, 30.011791229248047, 30.49941062927246, 30.975418090820312, 31.463037490844727, 31.95065689086914, 32.43827438354492, 32.92589569091797, 33.40190505981445, 33.87791442871094, 34.36553192138672, 34.8531494140625, 35.34077072143555, 35.81678009033203, 36.292789459228516, 36.7804069519043, 37.268028259277344], "rhythm.bpm_histogram": [0.0, 0.0, 0.0, 0.0, 0.0, 0.0, 0.0, 0.0, 0.0, 0.0, 0.0, 0.0, 0.0, 0.0, 0.0, 0.0, 0.0, 0.0, 0.0, 0.0, 0.0, 0.0, 0.0, 0.0, 0.0, 0.0, 0.0, 0.0, 0.0, 0.0, 0.0, 0.0, 0.0, 0.0, 0.0, 0.0, 0.0, 0.0, 0.0, 0.0, 0.0, 0.0, 0.0, 0.0, 0.0, 0.0, 0.0, 0.0, 0.0, 0.0, 0.0, 0.0, 0.0, 0.0, 0.0, 0.0, 0.0, 0.0, 0.0, 0.0, 0.0, 0.0, 0.0, 0.0, 0.0, 0.0, 0.0, 0.0, 0.0, 0.0, 0.0, 0.0, 0.0, 0.0, 0.0, 0.0, 0.0, 0.0, 0.0, 0.0, 0.0, 0.0, 0.0, 0.0, 0.0, 0.0, 0.0, 0.0, 0.0, 0.0, 0.0, 0.0, 0.0, 0.0, 0.0, 0.0, 0.0, 0.0, 0.0, 0.0, 0.0, 0.0, 0.0, 0.0, 0.0, 0.0, 0.0, 0.0, 0.0, 0.0, 0.0, 0.0, 0.0, 0.0, 0.0, 0.0, 0.0, 0.0, 0.0, 0.0, 0.0, 0.0, 0.0, 0.6973684430122375, 0.0, 0.0, 0.28947368264198303, 0.0, 0.0, 0.01315789483487606, 0.0, 0.0, 0.0, 0.0, 0.0, 0.0, 0.0, 0.0, 0.0, 0.0, 0.0, 0.0, 0.0, 0.0, 0.0, 0.0, 0.0, 0.0, 0.0, 0.0, 0.0, 0.0, 0.0, 0.0, 0.0, 0.0, 0.0, 0.0, 0.0, 0.0, 0.0, 0.0, 0.0, 0.0, 0.0, 0.0, 0.0, 0.0, 0.0, 0.0, 0.0, 0.0, 0.0, 0.0, 0.0, 0.0, 0.0, 0.0, 0.0, 0.0, 0.0, 0.0, 0.0, 0.0, 0.0, 0.0, 0.0, 0.0, 0.0, 0.0, 0.0, 0.0, 0.0, 0.0, 0.0, 0.0, 0.0, 0.0, 0.0, 0.0, 0.0, 0.0, 0.0, 0.0, 0.0, 0.0, 0.0, 0.0, 0.0, 0.0, 0.0, 0.0, 0.0, 0.0, 0.0, 0.0, 0.0, 0.0, 0.0, 0.0, 0.0, 0.0, 0.0, 0.0, 0.0, 0.0, 0.0, 0.0, 0.0, 0.0, 0.0, 0.0, 0.0, 0.0, 0.0, 0.0, 0.0, 0.0, 0.0, 0.0, 0.0, 0.0, 0.0, 0.0, 0.0, 0.0, 0.0, 0.0, 0.0, 0.0], "tonal.chords_histogram": [2.5990099906921387, 59.03465270996094, 9.282177925109863, 0.7425742745399475, 14.727723121643066, 3.2178218364715576, 7.920792102813721, 0.0, 0.12376237660646439, 0.0, 1.2376238107681274, 0.0, 0.0, 0.0, 0.0, 0.0, 0.0, 0.0, 0.0, 0.0, 0.0, 0.8663366436958313, 0.0, 0.24752475321292877], "tonal.thpcp": [1.0, 0.9357452988624573, 0.7295012474060059, 0.4723944664001465, 0.2981201410293579, 0.28662365674972534, 0.38842642307281494, 0.35570257902145386, 0.18719203770160675, 0.10420147329568863, 0.10177132487297058, 0.14557185769081116, 0.30450621247291565, 0.32417282462120056, 0.1651330590248108, 0.10516436398029327, 0.07667319476604462, 0.0553569458425045, 0.05797497183084488, 0.06315957754850388, 0.05395924299955368, 0.12125521898269653, 0.1666925996541977, 0.10798011720180511, 0.08887837082147598, 0.09945515543222427, 0.14677484333515167, 0.4985849857330322, 0.6534547805786133, 0.40733250975608826, 0.2891533672809601, 0.2731378972530365, 0.34157925844192505, 0.4953729212284088, 0.6971763372421265, 0.895756185054779], "lowlevel.gfcc.cov": [[6695.83935546875, -407.9435119628906, 992.0079345703125, 18.014469146728516, -299.4411315917969, -223.1280059814453, -67.5715560913086, -229.6617889404297, -227.2960662841797, 445.2320556640625, -322.1512451171875, 385.8694152832031, -603.1077880859375], [-407.9435119628906, 922.27587890625, 198.6244354248047, 193.88912963867188, 421.5103454589844, 100.32343292236328, 138.86729431152344, -57.75798797607422, 79.0680923461914, -185.44813537597656, 103.36162567138672, -238.91925048828125, 129.16493225097656], [992.0079345703125, 198.6244354248047, 1001.1808471679688, 396.6451416015625, 287.6885986328125, 55.60520553588867, 212.57667541503906, -121.11702728271484, 122.64339447021484, 23.528270721435547, -20.029361724853516, 11.254273414611816, -211.55471801757812], [18.014469146728516, 193.88912963867188, 396.6451416015625, 407.6637878417969, 252.25131225585938, 40.13909912109375, 118.4433822631836, -11.414453506469727, 114.56867218017578, -73.17874145507812, 20.24723243713379, -67.76110076904297, -51.16117477416992], [-299.4411315917969, 421.5103454589844, 287.6885986328125, 252.25131225585938, 507.3989562988281, 233.52166748046875, 239.93202209472656, 44.09407424926758, 129.70852661132812, -115.38980102539062, 48.71807861328125, -146.62855529785156, 37.35891342163086], [-223.1280059814453, 100.32343292236328, 55.60520553588867, 40.13909912109375, 233.52166748046875, 318.824462890625, 178.23565673828125, 59.41094207763672, 79.1060791015625, -27.765546798706055, 42.110347747802734, -59.516326904296875, 20.682554244995117], [-67.5715560913086, 138.86729431152344, 212.57667541503906, 118.4433822631836, 239.93202209472656, 178.23565673828125, 274.1239318847656, 33.62202835083008, 114.7204360961914, -5.517989158630371, 30.219907760620117, -35.49751281738281, -30.703418731689453], [-229.6617889404297, -57.75798797607422, -121.11702728271484, -11.414453506469727, 44.09407424926758, 59.41094207763672, 33.62202835083008, 206.061279296875, 72.1491928100586, 17.331764221191406, 25.29322052001953, -11.005671501159668, 132.01585388183594], [-227.2960662841797, 79.0680923461914, 122.64339447021484, 114.56867218017578, 129.70852661132812, 79.1060791015625, 114.7204360961914, 72.1491928100586, 159.95431518554688, 12.81091594696045, 52.289642333984375, -26.392202377319336, 51.161094665527344], [445.2320556640625, -185.44813537597656, 23.528270721435547, -73.17874145507812, -115.38980102539062, -27.765546798706055, -5.517989158630371, 17.331764221191406, 12.81091594696045, 176.35057067871094, 12.625373840332031, 95.60354614257812, -12.327509880065918], [-322.1512451171875, 103.36162567138672, -20.029361724853516, 20.24723243713379, 48.71807861328125, 42.110347747802734, 30.219907760620117, 25.29322052001953, 52.289642333984375, 12.625373840332031, 116.75344848632812, -10.527308464050293, 77.73017883300781], [385.8694152832031, -238.91925048828125, 11.254273414611816, -67.76110076904297, -146.62855529785156, -59.516326904296875, -35.49751281738281, -11.005671501159668, -26.392202377319336, 95.60354614257812, -10.527308464050293, 157.19288635253906, -53.548667907714844], [-603.1077880859375, 129.16493225097656, -211.55471801757812, -51.16117477416992, 37.35891342163086, 20.682554244995117, -30.703418731689453, 132.01585388183594, 51.161094665527344, -12.327509880065918, 77.73017883300781, -53.548667907714844, 261.328857421875]], "lowlevel.gfcc.icov": [[0.0003596174356061965, -0.0004375696007627994, -0.00028690192266367376, -7.877510506659746e-05, 0.00011209446529392153, -0.00017175677930936217, 0.0002993803354911506, -0.0005405271658673882, 0.0005691963015124202, -0.0010358095169067383, 0.0008116966346278787, -0.0005081890849396586, 0.0005984797026030719], [-0.0004375696007627994, 0.004175911191850901, -0.00026675796834751964, 0.0009413624065928161, -0.002394920913502574, 0.001638956950046122, -0.0010801352327689528, 0.003033221233636141, -0.00035794315044768155, 0.00241808220744133, -0.0030415707733482122, 0.0035334904678165913, -0.002739160554483533], [-0.00028690192266367376, -0.00026675796834751964, 0.002966369269415736, -0.0018776458455249667, -0.0009091776446439326, 0.000274123769486323, -0.0005335172754712403, 0.0014211708912625909, -0.0013501783832907677, -0.000819824927020818, 0.000527434516698122, -0.0009400175185874104, 0.000707324012182653], [-7.877510506659746e-05, 0.0009413624065928161, -0.0018776458455249667, 0.006805470213294029, -0.0025538092013448477, 0.0019949977286159992, 0.0009252618183381855, -0.00033533864188939333, -0.0031926436349749565, 0.0026759840548038483, -0.0019514714367687702, 0.0013881223276257515, 0.0012666890397667885], [0.00011209446529392153, -0.002394920913502574, -0.0009091776446439326, -0.0025538092013448477, 0.009144234471023083, -0.0035269511863589287, -0.002885433379560709, -0.0018769475864246488, 0.0009317554067820311, 0.0011462927795946598, 0.0012146515073254704, 0.0008188980864360929, -0.0005343185039237142], [-0.00017175677930936217, 0.001638956950046122, 0.000274123769486323, 0.0019949977286159992, -0.0035269511863589287, 0.00720092561095953, -0.0027969905640929937, -4.2234922148054466e-05, -0.0003904116456396878, 0.0009144735522568226, -0.0025714891962707043, 0.0018629503902047873, 0.00029920507222414017], [0.0002993803354911506, -0.0010801352327689528, -0.0005335172754712403, 0.0009252618183381855, -0.002885433379560709, -0.0027969905640929937, 0.010623494163155556, -0.0016053353901952505, -0.004010994918644428, -0.0019162069074809551, 0.000639408768620342, -0.0015561669133603573, 0.0038528055883944035], [-0.0005405271658673882, 0.003033221233636141, 0.0014211708912625909, -0.00033533864188939333, -0.0018769475864246488, -4.2234922148054466e-05, -0.0016053353901952505, 0.012475050054490566, -0.004099562298506498, 0.0010112032759934664, 0.0012587378732860088, 0.0007453820435330272, -0.007252188865095377], [0.0005691963015124202, -0.00035794315044768155, -0.0013501783832907677, -0.0031926436349749565, 0.0009317554067820311, -0.0003904116456396878, -0.004010994918644428, -0.004099562298506498, 0.016207117587327957, -0.003595720510929823, -0.002033600816503167, 0.0006229779100976884, -0.0013400842435657978], [-0.0010358095169067383, 0.00241808220744133, -0.000819824927020818, 0.0026759840548038483, 0.0011462927795946598, 0.0009144735522568226, -0.0019162069074809551, 0.0010112032759934664, -0.003595720510929823, 0.014238822273910046, -0.004695090930908918, -0.001881648087874055, -0.0023110867477953434], [0.0008116966346278787, -0.0030415707733482122, 0.000527434516698122, -0.0019514714367687702, 0.0012146515073254704, -0.0025714891962707043, 0.000639408768620342, 0.0012587378732860088, -0.002033600816503167, -0.004695090930908918, 0.0168211217969656, -0.004430671688169241, -0.002843890804797411], [-0.0005081890849396586, 0.0035334904678165913, -0.0009400175185874104, 0.0013881223276257515, 0.0008188980864360929, 0.0018629503902047873, -0.0015561669133603573, 0.0007453820435330272, 0.0006229779100976884, -0.001881648087874055, -0.004430671688169241, 0.01580631732940674, 0.00011360126518411562], [0.0005984797026030719, -0.002739160554483533, 0.000707324012182653, 0.0012666890397667885, -0.0005343185039237142, 0.00029920507222414017, 0.0038528055883944035, -0.007252188865095377, -0.0013400842435657978, -0.0023110867477953434, -0.002843890804797411, 0.00011360126518411562, 0.012573718093335629]], "lowlevel.mfcc.cov": [[6095.7373046875, -238.53030395507812, 681.9614868164062, 156.36953735351562, -394.54638671875, 122.49755859375, -310.6275939941406, -182.90711975097656, -370.0321960449219, -34.687801361083984, -80.29609680175781, 151.74066162109375, 39.31350326538086], [-238.53030395507812, 765.3551025390625, -7.944957733154297, 130.93533325195312, 242.0346221923828, 129.92276000976562, 187.61163330078125, 21.010967254638672, 130.09695434570312, -16.026844024658203, 57.25825881958008, -78.6838150024414, 13.72614860534668], [681.9614868164062, -7.944957733154297, 680.0453491210938, 309.5178527832031, 74.89119720458984, 221.9537811279297, -47.29877471923828, 94.2776870727539, -114.59253692626953, 126.14701080322266, -16.638668060302734, 148.51768493652344, 15.481002807617188], [156.36953735351562, 130.93533325195312, 309.5178527832031, 432.8741149902344, 149.64132690429688, 102.8839340209961, 6.022238254547119, 67.44915008544922, 11.468342781066895, 55.4351692199707, 15.203852653503418, 58.26937484741211, -6.958280086517334], [-394.54638671875, 242.0346221923828, 74.89119720458984, 149.64132690429688, 327.7982482910156, 108.14765167236328, 142.50924682617188, 112.32865905761719, 137.98683166503906, 41.24462890625, 60.73212814331055, -8.354729652404785, -0.46650657057762146], [122.49755859375, 129.92276000976562, 221.9537811279297, 102.8839340209961, 108.14765167236328, 337.4049072265625, 109.70169830322266, 155.80726623535156, -23.779541015625, 123.6091537475586, 41.90777587890625, 60.9349479675293, 42.67235565185547], [-310.6275939941406, 187.61163330078125, -47.29877471923828, 6.022238254547119, 142.50924682617188, 109.70169830322266, 199.48292541503906, 84.2584457397461, 119.45354461669922, 45.029258728027344, 65.11946868896484, -9.022225379943848, 24.02657127380371], [-182.90711975097656, 21.010967254638672, 94.2776870727539, 67.44915008544922, 112.32865905761719, 155.80726623535156, 84.2584457397461, 222.49365234375, 37.31374740600586, 98.73657989501953, 28.447011947631836, 56.99414825439453, 11.292537689208984], [-370.0321960449219, 130.09695434570312, -114.59253692626953, 11.468342781066895, 137.98683166503906, -23.779541015625, 119.45354461669922, 37.31374740600586, 282.1874084472656, 9.955046653747559, 93.44166564941406, -39.287017822265625, 49.807701110839844], [-34.687801361083984, -16.026844024658203, 126.14701080322266, 55.4351692199707, 41.24462890625, 123.6091537475586, 45.029258728027344, 98.73657989501953, 9.955046653747559, 159.77914428710938, 16.187297821044922, 60.908267974853516, 2.6607868671417236], [-80.29609680175781, 57.25825881958008, -16.638668060302734, 15.203852653503418, 60.73212814331055, 41.90777587890625, 65.11946868896484, 28.447011947631836, 93.44166564941406, 16.187297821044922, 116.13394165039062, 10.472113609313965, 41.43026351928711], [151.74066162109375, -78.6838150024414, 148.51768493652344, 58.26937484741211, -8.354729652404785, 60.9349479675293, -9.022225379943848, 56.99414825439453, -39.287017822265625, 60.908267974853516, 10.472113609313965, 135.16845703125, 12.968524932861328], [39.31350326538086, 13.72614860534668, 15.481002807617188, -6.958280086517334, -0.46650657057762146, 42.67235565185547, 24.02657127380371, 11.292537689208984, 49.807701110839844, 2.6607868671417236, 41.43026351928711, 12.968524932861328, 97.61003112792969]], "lowlevel.mfcc.icov": [[0.00022354844259098172, -2.044370921794325e-05, -0.0002445848367642611, 1.0463191983944853e-06, 0.0002854100603144616, -0.00017114369256887585, 0.00011945295409532264, 0.0001565821294207126, -1.039819198922487e-05, 0.00019303502631373703, -8.6103958892636e-05, -4.33386376244016e-05, 2.2717631509294733e-05], [-2.044370921794325e-05, 0.002325929468497634, 0.00012087126378901303, -0.0006064744666218758, -0.0009076883434318006, -0.0009529241942800581, -0.0015848339535295963, 0.0010342698078602552, -0.00013344890612643212, 0.0007475506863556802, 0.00026927623548544943, 0.0009299574885517359, 0.00011132515646750107], [-0.0002445848367642611, 0.00012087126378901303, 0.004061602987349033, -0.001780712278559804, -0.001216332777403295, -0.001693454454652965, 0.001654755207709968, 0.0006795382359996438, 0.0005990827339701355, -0.001201710430905223, 0.0009071614476852119, -0.0021141506731510162, -0.0008181074517779052], [1.0463191983944853e-06, -0.0006064744666218758, -0.001780712278559804, 0.004319301340728998, -0.0013998261420056224, 0.00017800359637476504, 0.0013230221811681986, -0.00023279576271306723, -0.0005384456599131227, 8.039164094952866e-05, -0.0003496512945275754, -0.0004800905007869005, 0.0007767121423967183], [0.0002854100603144616, -0.0009076883434318006, -0.001216332777403295, -0.0013998261420056224, 0.007814763113856316, -0.00041198430699296296, -0.0024021384306252003, -0.002015883568674326, -0.002332691103219986, 0.0014657876454293728, -0.000743003620300442, 0.0009297080687247217, 0.0024899649433791637], [-0.00017114369256887585, -0.0009529241942800581, -0.001693454454652965, 0.00017800359637476504, -0.00041198430699296296, 0.009389171376824379, -0.0037847028579562902, -0.0035037370398640633, 0.004194776993244886, -0.0034299977123737335, -0.0018018101109191775, 0.001655755564570427, -0.0037876891437917948], [0.00011945295409532264, -0.0015848339535295963, 0.001654755207709968, 0.0013230221811681986, -0.0024021384306252003, -0.0037847028579562902, 0.013524889014661312, -0.0007553671603091061, -0.003032228909432888, -0.000964003091212362, -0.0014405278488993645, -0.001072098733857274, 0.0007353696855716407], [0.0001565821294207126, 0.0010342698078602552, 0.0006795382359996438, -0.00023279576271306723, -0.002015883568674326, -0.0035037370398640633, -0.0007553671603091061, 0.009512091055512428, -0.0010200132383033633, -0.0018979035085067153, 0.0012080033775418997, -0.002424124861136079, 0.0006562568596564233], [-1.039819198922487e-05, -0.00013344890612643212, 0.0005990827339701355, -0.0005384456599131227, -0.002332691103219986, 0.004194776993244886, -0.003032228909432888, -0.0010200132383033633, 0.009197254665195942, -0.002400383586063981, -0.003826565109193325, 0.002172170439735055, -0.004383142106235027], [0.00019303502631373703, 0.0007475506863556802, -0.001201710430905223, 8.039164094952866e-05, 0.0014657876454293728, -0.0034299977123737335, -0.000964003091212362, -0.0018979035085067153, -0.002400383586063981, 0.012050202116370201, 0.00046641420340165496, -0.0025762892328202724, 0.003017502138391137], [-8.6103958892636e-05, 0.00026927623548544943, 0.0009071614476852119, -0.0003496512945275754, -0.000743003620300442, -0.0018018101109191775, -0.0014405278488993645, 0.0012080033775418997, -0.003826565109193325, 0.00046641420340165496, 0.014473731629550457, -0.002584489295259118, -0.003033085260540247], [-4.33386376244016e-05, 0.0009299574885517359, -0.0021141506731510162, -0.0004800905007869005, 0.0009297080687247217, 0.001655755564570427, -0.001072098733857274, -0.002424124861136079, 0.002172170439735055, -0.0025762892328202724, -0.002584489295259118, 0.012930134311318398, -0.0016463965876027942], [2.2717631509294733e-05, 0.00011132515646750107, -0.0008181074517779052, 0.0007767121423967183, 0.0024899649433791637, -0.0037876891437917948, 0.0007353696855716407, 0.0006562568596564233, -0.004383142106235027, 0.003017502138391137, -0.003033085260540247, -0.0016463965876027942, 0.0154764698818326]], "metadata.audio_properties.analysis.downmix": "mix", "metadata.audio_properties.codec": "mp3", "metadata.audio_properties.md5_encoded": "14d5ae1614e5cf1ca213e0311d160ca6", "metadata.tags.file_name": "118226742048064