{"song_id": "1182274914821079040", "download": "https://cdn.discordapp.com/attachments/1128313332273782784/1182274914821079040/chirp.mp4?ex=65841a51&amp", "lyrics": "\u3053\u306e\u4e16\u754c\u306f\u5618\u3068\u507d\u308a\u3067\u6e80\u3061\u3066\u308b \u305d\u308c\u3067\u3082\u3001\u3042\u308b\u65e5\u3001\u305d\u308c\u3092\u8d85\u3048\u3066\u65c5\u7acb\u3064 \u305d\u306e\u3068\u304d\u3001\u611b\u304c\u7f8e\u3057\u304d\u9053\u6a19\u306b\u306a\u308b\n\n\u79c1\u3092\u98df\u3079\u308b \u79c1\u3092\u98df\u3079\u308b \u79c1\u3092\u98df\u3079\u308b \u79c1\u3092\u98df\u3079\u308b \u79c1\u3092\u98df\u3079\u308b \u79c1\u3092\u98df\u3079\u308b \u79c1\u3092\u98df\u3079\u308b \u79c1\u3092\u98df\u3079\u308b \u79c1\u3092\u98df\u3079\u308b \u79c1\u3092\u98df\u3079\u308b \u79c1\u3092\u98df\u3079\u308b \u79c1\u3092\u98df\u3079\u308b\n\n\u9858\u3044\u9752\u3044\u7a7a\u3092\u898b\u4e0a\u3052\u305f\u541b\u3068\u3044\u3063\u3057\u3087\u306b\u3044\u305f\u3044\u3042\u306e\u3072\u304b\u3089\u305a\u3063\u3068\u7d9a\u3051\u305f\u308b\u5922\u306e\u306a\u304b\u3067\n\n\u79c1\u3092\u98df\u3079\u308b \u79c1\u3092\u98df\u3079\u308b \u79c1\u3092\u98df\u3079\u308b \u79c1\u3092\u98df\u3079\u308b \u79c1\u3092\u98df\u3079\u308b \u79c1\u3092\u98df\u3079\u308b \u79c1\u3092\u98df\u3079\u308b \u79c1\u3092\u98df\u3079\u308b \u79c1\u3092\u98df\u3079\u308b \u79c1\u3092\u98df\u3079\u308b \u79c1\u3092\u98df\u3079\u308b \u79c1\u3092\u98df\u3079\u308b \u79c1\u3092\u98df\u3079\u308b \u79c1\u3092\u98df\u3079\u308b \u79c1\u3092\u98df\u3079\u308b\n\n\u3044\u3064\u304b\u3053\u306e\u8857\u304c \u4e8c\u4eba\u306e\u661f\u5ea7\u306b\u306a\u308b \u305d\u306e\u6642\u541b\u306b\u4f1d\u3048\u305f\u3044 \u611b\u306f\u5b87\u5b99\u3092\u8d8a\u3048\u3066\n\n\u79c1\u306f\u541b\u3092\u63a2\u3057\u3066\u305f \u8ff7\u3044\u306a\u304c\u3089\u9032\u3081\u305f \u3069\u3053\u306b\u3082\u541b\u306f\u3044\u306a\u3044\u3068\u77e5\u3063\u3066 \u50b7\u3064\u3044\u3066\u3082\u7acb\u3061\u4e0a\u304c\u308b\n\n\u79c1\u3092\u98df\u3079\u308b \u79c1\u3092\u98df\u3079\u308b \u79c1\u3092\u98df\u3079\u308b \u79c1\u3092\u98df\u3079\u308b \u79c1\u3092\u98df\u3079\u308b \u79c1\u3092\u98df\u3079\u308b \u79c1\u3092\u98df\u3079\u308b \u79c1\u3092\u98df\u3079\u308b \u79c1\u3092\u98df\u3079\u308b \u79c1\u3092\u98df\u3079\u308b \u79c1\u3092\u98df\u3079\u308b \u79c1\u3092\u98df\u3079\u308b \u79c1\u3092\u98df\u3079\u308b \u79c1\u3092\u98df\u3079\u308b \u79c1\u3092\u98df\u3079\u308b \u79c1\u3092\u98df\u3079\u308b \u79c1\u3092\u98df\u3079\u308b \u79c1\u3092\u98df\u3079\u308b \u79c1\u3092\u98df\u3079\u308b \u79c1\u3092\u98df\u3079\u308b \u79c1\u3092\u98df\u3079\u308b \n\n\u8cb4\u65b9\u304c\u3044\u308c\u3070\u50d5\u306f \u4f55\u3082\u6016\u304f\u306a\u3044\u3088 \u3060\u304b\u3089\u541b\u3060\u3051\u306e\u5b58\u5728 \u4fe1\u3058\u7d9a\u3051\u3066\u3044\u308b\u304b\u3089", "style": ["rock</span><span>, female vocal"], "essentia_features": {"lowlevel.average_loudness": 0.634518563747406, "lowlevel.barkbands_crest.mean": 9.027509689331055, "lowlevel.barkbands_crest.stdev": 5.557213306427002, "lowlevel.barkbands_flatness_db.mean": 0.18443536758422852, "lowlevel.barkbands_flatness_db.stdev": 0.1280786544084549, "lowlevel.barkbands_kurtosis.mean": 5.9687724113464355, "lowlevel.barkbands_kurtosis.stdev": 32.957420349121094, "lowlevel.barkbands_skewness.mean": -0.16587507724761963, "lowlevel.barkbands_skewness.stdev": 1.710939645767212, "lowlevel.barkbands_spread.mean": 24.928279876708984, "lowlevel.barkbands_spread.stdev": 23.634674072265625, "lowlevel.dissonance.mean": 0.48196983337402344, "lowlevel.dissonance.stdev": 0.0364869087934494, "lowlevel.dynamic_complexity": 4.756062984466553, "lowlevel.erbbands_crest.mean": 10.431276321411133, "lowlevel.erbbands_crest.stdev": 6.372130870819092, "lowlevel.erbbands_flatness_db.mean": 0.2573261559009552, "lowlevel.erbbands_flatness_db.stdev": 0.13488245010375977, "lowlevel.erbbands_kurtosis.mean": 2.186081647872925, "lowlevel.erbbands_kurtosis.stdev": 7.371952533721924, "lowlevel.erbbands_skewness.mean": -0.05136004090309143, "lowlevel.erbbands_skewness.stdev": 0.9821512699127197, "lowlevel.erbbands_spread.mean": 20.444705963134766, "lowlevel.erbbands_spread.stdev": 9.749298095703125, "lowlevel.hfc.mean": 42.68429946899414, "lowlevel.hfc.stdev": 53.18498992919922, "lowlevel.loudness_ebu128.integrated": -12.769261360168457, "lowlevel.loudness_ebu128.loudness_range": 12.851007461547852, "lowlevel.loudness_ebu128.momentary.mean": -17.669279098510742, "lowlevel.loudness_ebu128.momentary.stdev": 14.012491226196289, "lowlevel.loudness_ebu128.short_term.mean": -15.419332504272461, "lowlevel.loudness_ebu128.short_term.stdev": 4.443535804748535, "lowlevel.melbands_crest.mean": 12.985158920288086, "lowlevel.melbands_crest.stdev": 7.840412616729736, "lowlevel.melbands_flatness_db.mean": 0.14015471935272217, "lowlevel.melbands_flatness_db.stdev": 0.1402784287929535, "lowlevel.melbands_kurtosis.mean": 3.9645919799804688, "lowlevel.melbands_kurtosis.stdev": 21.00018310546875, "lowlevel.melbands_skewness.mean": 0.6383872032165527, "lowlevel.melbands_skewness.stdev": 1.5045355558395386, "lowlevel.melbands_spread.mean": 58.342529296875, "lowlevel.melbands_spread.stdev": 44.9674186706543, "lowlevel.pitch_salience.mean": 0.5994712710380554, "lowlevel.pitch_salience.stdev": 0.1469261646270752, "lowlevel.silence_rate_20dB.mean": 1.0, "lowlevel.silence_rate_20dB.stdev": 0.0, "lowlevel.silence_rate_30dB.mean": 1.0, "lowlevel.silence_rate_30dB.stdev": 0.0, "lowlevel.silence_rate_60dB.mean": 0.3221321105957031, "lowlevel.silence_rate_60dB.stdev": 0.4672898054122925, "lowlevel.spectral_centroid.mean": 2939.19775390625, "lowlevel.spectral_centroid.stdev": 841.6153564453125, "lowlevel.spectral_complexity.mean": 17.436847686767578, "lowlevel.spectral_complexity.stdev": 14.808380126953125, "lowlevel.spectral_decrease.mean": -1.970583030086459e-09, "lowlevel.spectral_decrease.stdev": 2.194663117904838e-09, "lowlevel.spectral_energy.mean": 0.011309033259749413, "lowlevel.spectral_energy.stdev": 0.012061318382620811, "lowlevel.spectral_energyband_high.mean": 0.004595680627971888, "lowlevel.spectral_energyband_high.stdev": 0.006399534642696381, "lowlevel.spectral_energyband_low.mean": 0.0017844530520960689, "lowlevel.spectral_energyband_low.stdev": 0.005907231010496616, "lowlevel.spectral_energyband_middle_high.mean": 0.004507806617766619, "lowlevel.spectral_energyband_middle_high.stdev": 0.003666440723463893, "lowlevel.spectral_energyband_middle_low.mean": 0.00042507436592131853, "lowlevel.spectral_energyband_middle_low.stdev": 0.0008880808018147945, "lowlevel.spectral_entropy.mean": 7.784155368804932, "lowlevel.spectral_entropy.stdev": 0.8364264369010925, "lowlevel.spectral_flux.mean": 0.06137046590447426, "lowlevel.spectral_flux.stdev": 0.04126347601413727, "lowlevel.spectral_kurtosis.mean": 10.279278755187988, "lowlevel.spectral_kurtosis.stdev": 24.405567169189453, "lowlevel.spectral_rms.mean": 0.0028030192479491234, "lowlevel.spectral_rms.stdev": 0.0017822106601670384, "lowlevel.spectral_rolloff.mean": 5339.04931640625, "lowlevel.spectral_rolloff.stdev": 3102.4599609375, "lowlevel.spectral_skewness.mean": 1.6567012071609497, "lowlevel.spectral_skewness.stdev": 1.5317833423614502, "lowlevel.spectral_spread.mean": 4444455.5, "lowlevel.spectral_spread.stdev": 2038779.25, "lowlevel.spectral_strongpeak.mean": 1.6741503477096558, "lowlevel.spectral_strongpeak.stdev": 1.3856858015060425, "lowlevel.zerocrossingrate.mean": 0.17737367749214172, "lowlevel.zerocrossingrate.stdev": 0.1116652637720108, "metadata.audio_properties.analysis.equal_loudness": 0.0, "metadata.audio_properties.analysis.length": 40.04265213012695, "metadata.audio_properties.analysis.sample_rate": 44100.0, "metadata.audio_properties.analysis.start_time": 0.0, "metadata.audio_properties.bit_rate": 126850.0, "metadata.audio_properties.length": 40.042667388916016, "metadata.audio_properties.lossless": 0.0, "metadata.audio_properties.number_channels": 1.0, "metadata.audio_properties.replay_gain": -15.242816925048828, "metadata.audio_properties.sample_rate": 48000.0, "rhythm.beats_count": 60.0, "rhythm.beats_loudness.mean": 0.01376265473663807, "rhythm.beats_loudness.stdev": 0.010652707889676094, "rhythm.bpm": 92.39155578613281, "rhythm.bpm_histogram_first_peak_bpm": 92.0, "rhythm.bpm_histogram_first_peak_weight": 0.3035714030265808, "rhythm.bpm_histogram_second_peak_bpm": 85.0, "rhythm.bpm_histogram_second_peak_spread": 0.0, "rhythm.bpm_histogram_second_peak_weight": 0.033898305147886276, "rhythm.danceability": 0.9811479449272156, "rhythm.onset_rate": 3.0208899974823, "tonal.chords_changes_rate": 0.06481481343507767, "tonal.chords_number_rate": 0.013888888992369175, "tonal.chords_strength.mean": 0.503227174282074, "tonal.chords_strength.stdev": 0.11969305574893951, "tonal.hpcp_crest.mean": 12.979096412658691, "tonal.hpcp_crest.stdev": 7.096861362457275, "tonal.hpcp_entropy.mean": 1.9575148820877075, "tonal.hpcp_entropy.stdev": 0.8755788803100586, "tonal.key_edma.strength": 0.5713995695114136, "tonal.key_krumhansl.strength": 0.57884281873703, "tonal.key_temperley.strength": 0.603179931640625, "tonal.tuning_diatonic_strength": 0.5670709609985352, "tonal.tuning_equal_tempered_deviation": 0.3383490741252899, "tonal.tuning_frequency": 434.193115234375, "tonal.tuning_nontempered_energy_ratio": 0.9517115950584412, "lowlevel.barkbands.mean": [0.00017025560373440385, 0.0012719675432890654, 0.0003603703517001122, 6.604489317396656e-05, 6.762096745660529e-05, 4.228137913742103e-05, 4.16908114857506e-05, 7.624604768352583e-05, 0.00010782389290397987, 6.71297384542413e-05, 0.0003565418301150203, 0.0005003206897526979, 0.0003180479980073869, 0.00023909646552056074, 0.00017146985919680446, 0.0007761488668620586, 0.0004396249423734844, 0.0002643776242621243, 0.0011263965861871839, 0.0005177708226256073, 0.0010512742446735501, 0.0010140014346688986, 0.0009384755394421518, 0.0006179823540151119, 0.0004826016374863684, 0.00022089472622610629, 2.5757401544979075e-06], "lowlevel.barkbands.stdev": [0.000541848421562463, 0.004675794392824173, 0.0018036895198747516, 0.0003539979225024581, 0.0002466791193000972, 0.0001271910296054557, 0.0001203117790282704, 0.000195294531295076, 0.00022916248417459428, 0.00012494086695369333, 0.0006125340005382895, 0.0007641506963409483, 0.001412105979397893, 0.00045558909187093377, 0.00020400763605721295, 0.0007052798173390329, 0.0005949079641140997, 0.00032714538974687457, 0.0016847008373588324, 0.0007300659199245274, 0.0016049275873228908, 0.00135608424898237, 0.0014112687204033136, 0.0008711484842933714, 0.0007551898597739637, 0.00036890877527184784, 8.260112736024894e-06], "lowlevel.erbbands.mean": [0.037215545773506165, 0.275325745344162, 0.5007593035697937, 0.295427143573761, 0.16185083985328674, 0.29701265692710876, 0.23540185391902924, 0.38362744450569153, 0.4856750965118408, 0.9617480039596558, 2.1024625301361084, 1.980839490890503, 2.6841201782226562, 5.073497772216797, 17.96368980407715, 19.403953552246094, 15.558052062988281, 13.598626136779785, 8.327122688293457, 20.332691192626953, 44.01735305786133, 27.19919776916504, 12.539334297180176, 32.25041198730469, 59.31647491455078, 26.401308059692383, 48.39900207519531, 29.466249465942383, 37.49931335449219, 34.146026611328125, 24.30047607421875, 15.073511123657227, 9.74940013885498, 6.452662944793701, 2.6226646900177, 1.2234820127487183, 0.3455623388290405, 0.03870636597275734, 0.0007856469019316137, 5.860945748281665e-05], "lowlevel.erbbands.stdev": [0.13981276750564575, 1.116896152496338, 2.2966113090515137, 1.4017553329467773, 0.8027695417404175, 1.0905797481536865, 0.9201511740684509, 1.05975341796875, 1.4978892803192139, 2.608624219894409, 5.581428050994873, 4.508179664611816, 5.219272136688232, 8.099924087524414, 24.930021286010742, 33.215843200683594, 64.3213119506836, 25.765226364135742, 12.579546928405762, 22.461669921875, 46.46463394165039, 35.87302780151367, 13.443839073181152, 38.357200622558594, 90.45687866210938, 35.96009826660156, 73.38397979736328, 43.88059616088867, 49.47468185424805, 50.174251556396484, 36.4556884765625, 21.31075668334961, 14.135578155517578, 10.039148330688477, 4.245443820953369, 2.0255863666534424, 0.591689944267273, 0.07205818593502045, 0.0014084306312724948, 8.343522495124489e-05], "lowlevel.gfcc.mean": [-140.13375854492188, -27.15822982788086, -195.00938415527344, 16.764320373535156, -65.30091094970703, 26.34470558166504, -31.435184478759766, 9.627918243408203, -22.2506160736084, -0.8141847252845764, -13.036080360412598, 4.4739155769348145, -6.781101703643799], "lowlevel.melbands.mean": [0.0003492815885692835, 0.00029363814974203706, 4.78316105727572e-05, 1.4952035598980729e-05, 9.875981959339697e-06, 8.56683800520841e-06, 7.911119610071182e-06, 1.063530089595588e-05, 1.832125235523563e-05, 1.3232876881374978e-05, 1.2963131666765548e-05, 1.601233088877052e-05, 5.820389196742326e-05, 6.438304990297183e-05, 3.627229671110399e-05, 3.24088177876547e-05, 2.3535210857517086e-05, 1.2564786629809532e-05, 1.717879240459297e-05, 3.215686228941195e-05, 5.811984738102183e-05, 3.0270519346231595e-05, 1.0731284419307485e-05, 1.3441163901006803e-05, 2.472903361194767e-05, 5.403744216891937e-05, 2.496479282854125e-05, 1.4898907465976663e-05, 2.7492904337123036e-05, 2.9300337700988166e-05, 1.2814890396839473e-05, 2.0596617105184123e-05, 2.1309724616003223e-05, 1.88908616109984e-05, 1.4601698239857797e-05, 1.1371795153536368e-05, 8.373390301130712e-06, 6.93594984113588e-06, 6.1069031289662234e-06, 5.242061888566241e-06], "lowlevel.melbands.stdev": [0.0012407173635438085, 0.0012005246244370937, 0.00022199594241101295, 5.9371424868004397e-05, 3.539080353220925e-05, 2.443891207803972e-05, 2.301430140505545e-05, 2.8395603294484317e-05, 4.999619704904035e-05, 2.8497246603365056e-05, 2.5474017093074508e-05, 2.7669335395330563e-05, 9.573998977430165e-05, 9.105541539611295e-05, 0.00013405352365225554, 0.0001361821632599458, 4.79239497508388e-05, 2.481521551089827e-05, 1.8451637515681796e-05, 3.416152321733534e-05, 6.71449743094854e-05, 4.175466892775148e-05, 1.4414388715522364e-05, 1.7477659639553167e-05, 3.0329671062645502e-05, 8.45611430122517e-05, 3.694528277264908e-05, 2.1470439605764113e-05, 4.127148349652998e-05, 4.7296442062361166e-05, 1.936321314133238e-05, 2.7618931198958308e-05, 2.9257093046908267e-05, 2.9204429665696807e-05, 2.2402036847779527e-05, 1.6864374629221857e-05, 1.1949889085371979e-05, 1.0017764907388482e-05, 9.535607205179986e-06, 8.34117327030981e-06], "lowlevel.melbands128.mean": [0.00010824648052221164, 0.0002938918478321284, 0.0004419291508384049, 0.00047366463695652783, 0.00032162643037736416, 0.00014864795957691967, 5.95940655330196e-05, 2.675222458492499e-05, 1.3133720131008886e-05, 1.1741276466636918e-05, 1.9862576664309017e-05, 1.3173708794056438e-05, 6.867323463666253e-06, 6.317219686025055e-06, 7.450244083884172e-06, 1.1795681530202273e-05, 7.911527973192278e-06, 5.9351932577556e-06, 8.98068719834555e-06, 1.221027378051076e-05, 9.534647688269615e-06, 1.1674534107442014e-05, 2.6248708309140056e-05, 1.6235704606515355e-05, 8.634833648102358e-06, 1.1525617992447224e-05, 2.281532943015918e-05, 1.1115981578768697e-05, 7.747180461592507e-06, 9.172855243377853e-06, 1.3021539416513406e-05, 3.939705857192166e-05, 9.079925803234801e-05, 3.476199344731867e-05, 6.674691394437104e-05, 8.930543845053762e-05, 2.881593354686629e-05, 3.916871719411574e-05, 3.3014119253493845e-05, 3.734125493792817e-05, 2.7826619771076366e-05, 3.201833533239551e-05, 2.8501395718194544e-05, 1.7298803868470713e-05, 1.318677550443681e-05, 1.1958690265601035e-05, 1.0881050911848433e-05, 1.1295705917291343e-05, 1.4117245882516727e-05, 4.727972191176377e-05, 2.5100749553530477e-05, 2.727931678236928e-05, 7.509964052587748e-05, 6.342813867377117e-05, 3.311376349302009e-05, 3.31039191223681e-05, 2.4551973183406517e-05, 8.8655979197938e-06, 8.442997568636201e-06, 7.078091130097164e-06, 1.0134040167031344e-05, 2.467570266162511e-05, 1.4012008250574581e-05, 2.163250246667303e-05, 4.4228119804756716e-05, 6.537920125992969e-05, 5.8558489399729297e-05, 2.8135822503827512e-05, 1.8354827261646278e-05, 1.618380338186398e-05, 1.4447321518673562e-05, 1.3799868611386046e-05, 1.717054510663729e-05, 3.0447188692050986e-05, 3.952293991460465e-05, 3.5931472666561604e-05, 2.273693826282397e-05, 1.3034664334554691e-05, 1.0962582564388867e-05, 1.2007576515316032e-05, 1.9280521883047186e-05, 2.553101148805581e-05, 2.177711940021254e-05, 2.363678504480049e-05, 1.718837665976025e-05, 1.7519983884994872e-05, 2.056388257187791e-05, 1.979950138775166e-05, 1.2543671800813172e-05, 1.2451894690457266e-05, 1.3087350453133695e-05, 1.073703242582269e-05, 9.451789082959294e-06, 8.306275958602782e-06, 7.723673661530484e-06, 7.271611139003653e-06, 6.9185489337542094e-06, 6.357596248562913e-06, 5.62428522243863e-06, 6.567091531906044e-06, 5.758056886406848e-06, 5.1217948566772975e-06, 4.541987891570898e-06, 3.246336973461439e-06, 2.2724464088241803e-06, 2.4075409328361275e-06, 3.0431472168857e-06, 2.8568438210641034e-06, 1.8604973774927203e-06, 1.6780336409283336e-06, 1.6830387039590278e-06, 1.1475609653643914e-06, 1.0739662457126542e-06, 8.735042911212076e-07, 6.454284857682069e-07, 4.690687660513504e-07, 1.0658040139333025e-07, 1.224068402194689e-09, 5.30600736958764e-12, 4.971047011526064e-12, 4.846058884039328e-12, 4.408470550415489e-12, 4.26417972113069e-12, 4.069627447533808e-12, 3.3475399102006476e-12, 2.191100816409386e-12, 1.5658628907400107e-12, 1.4630538534149418e-12], "lowlevel.melbands128.stdev": [0.0004731038643512875, 0.0012161931954324245, 0.0017860282678157091, 0.002066895365715027, 0.0014872676692903042, 0.0007485104142688215, 0.0003005183534696698, 0.00015664314560126513, 7.10405147401616e-05, 5.11646103404928e-05, 7.567316060885787e-05, 4.6698587539140135e-05, 3.425279282964766e-05, 2.7008547476725653e-05, 2.169926665374078e-05, 3.5335542634129524e-05, 3.283925252617337e-05, 2.0017287170048803e-05, 2.8610264052986167e-05, 3.612270302255638e-05, 2.9804878067807294e-05, 3.0790706659900025e-05, 7.868476677685976e-05, 4.99546731589362e-05, 2.6882860765908845e-05, 2.5373119569849223e-05, 5.024627535021864e-05, 2.6763096684589982e-05, 1.6633388440823182e-05, 2.0954203137080185e-05, 3.479768565739505e-05, 7.187037408584729e-05, 0.00017822404333855957, 6.0431004385463893e-05, 0.00010170582390855998, 0.00014119692787062377, 6.667114939773455e-05, 0.00016849809617269784, 0.00020648252393584698, 0.0002250861143693328, 0.00015431971405632794, 8.736769086681306e-05, 6.157860480016097e-05, 7.671103958273306e-05, 3.563132486306131e-05, 3.480935265542939e-05, 2.7047915864386596e-05, 1.7145061065093614e-05, 1.9486536984913982e-05, 7.90701451478526e-05, 3.287915751570836e-05, 4.425643419381231e-05, 0.00010252876381855458, 8.429234731011093e-05, 5.088037141831592e-05, 5.694403080269694e-05, 5.871949906577356e-05, 1.2292205610719975e-05, 1.2601391063071787e-05, 1.0490247404959518e-05, 1.4226214261725545e-05, 4.491204890655354e-05, 2.1024119632784277e-05, 3.446295886533335e-05, 7.464470400009304e-05, 0.00011256430298089981, 0.0001081699228961952, 4.817373337573372e-05, 2.972605943796225e-05, 2.668894740054384e-05, 2.329479502805043e-05, 2.25214462261647e-05, 2.7829917598864995e-05, 4.9467667849967256e-05, 7.021577039267868e-05, 6.406209286069497e-05, 3.970944817410782e-05, 2.304723602719605e-05, 1.8219328921986744e-05, 1.955465631908737e-05, 2.9219976568128914e-05, 3.509917587507516e-05, 3.207719055353664e-05, 3.398202170501463e-05, 2.8521304557216354e-05, 2.9537333830376156e-05, 3.3646407246124e-05, 3.234743053326383e-05, 2.053347088804003e-05, 2.0547047824948095e-05, 2.1192625354160555e-05, 1.707552291918546e-05, 1.449795763619477e-05, 1.2820881238440052e-05, 1.2016103937639855e-05, 1.0975697477988433e-05, 1.0824868695635814e-05, 1.0678744729375467e-05, 9.527027941658162e-06, 1.0994023796229158e-05, 9.780919754120987e-06, 8.669242561154533e-06, 7.981869202922098e-06, 5.975182375550503e-06, 4.298060503060697e-06, 4.278006144886604e-06, 5.343406883184798e-06, 4.920528681395808e-06, 3.3665826322248904e-06, 3.113046204816783e-06, 3.146792323605041e-06, 2.1320606720109936e-06, 1.9806891486950917e-06, 1.7198044588440098e-06, 1.2947714367328444e-06, 1.0226992799289292e-06, 2.882868841425079e-07, 1.1342739192343743e-08, 4.7751708837084905e-11, 4.7459147722861417e-11, 4.7538206010555584e-11, 4.451213009293298e-11, 4.430666597499133e-11, 4.2085553791926245e-11, 3.0738026707277655e-11, 1.2222093129232725e-11, 3.6068524469218266e-12, 3.1543743311823746e-12], "lowlevel.mfcc.mean": [-738.4847412109375, 5.145279884338379, -58.19913101196289, -14.833361625671387, -11.59552001953125, 4.219236373901367, 1.0460705757141113, 8.477754592895508, 0.4765574038028717, -2.0478556156158447, -5.161623001098633, 3.3799312114715576, 6.436628818511963], "lowlevel.spectral_contrast_coeffs.mean": [-0.7646526098251343, -0.832466721534729, -0.7749342918395996, -0.7638371586799622, -0.7795589566230774, -0.7489380240440369], "lowlevel.spectral_contrast_coeffs.stdev": [0.09442361444234848, 0.058235544711351395, 0.07298295199871063, 0.07153700292110443, 0.04887552186846733, 0.05194208398461342], "lowlevel.spectral_contrast_valleys.mean": [-10.50727653503418, -8.925466537475586, -8.32767391204834, -8.243301391601562, -7.992584228515625, -10.53274917602539], "lowlevel.spectral_contrast_valleys.stdev": [2.5953023433685303, 2.335930109024048, 2.258391857147217, 2.1597249507904053, 2.4330363273620605, 2.8478424549102783], "rhythm.beats_loudness_band_ratio.mean": [0.07848639041185379, 0.010177673771977425, 0.06127103418111801, 0.27456581592559814, 0.18351531028747559, 0.3996366560459137], "rhythm.beats_loudness_band_ratio.stdev": [0.19350577890872955, 0.01572432741522789, 0.06191170960664749, 0.28273680806159973, 0.14672577381134033, 0.2758796215057373], "tonal.hpcp.mean": [0.18926356732845306, 0.08741072565317154, 0.04333854094147682, 0.04789644852280617, 0.05657394602894783, 0.07003414630889893, 0.11267805099487305, 0.29952195286750793, 0.2983003556728363, 0.1151636466383934, 0.08577264100313187, 0.0956893116235733, 0.13209094107151031, 0.3479149043560028, 0.406719446182251, 0.19585047662258148, 0.14008304476737976, 0.1571315973997116, 0.15019084513187408, 0.16435912251472473, 0.12558792531490326, 0.07160527259111404, 0.06670122593641281, 0.07469607889652252, 0.08569134026765823, 0.07010889798402786, 0.06248382106423378, 0.09196433424949646, 0.20892992615699768, 0.2403998076915741, 0.13445287942886353, 0.09884161502122879, 0.1059996634721756, 0.1164180263876915, 0.1837473213672638, 0.24359923601150513], "tonal.hpcp.stdev": [0.3004470765590668, 0.1515360325574875, 0.11118610948324203, 0.11957632750272751, 0.1142025887966156, 0.1398494392633438, 0.16781136393547058, 0.36309224367141724, 0.37399059534072876, 0.15399755537509918, 0.15471085906028748, 0.1563536524772644, 0.19609391689300537, 0.32480138540267944, 0.3966847062110901, 0.21270546317100525, 0.2049621343612671, 0.22093883156776428, 0.19952763617038727, 0.2179616093635559, 0.1815912276506424, 0.15856817364692688, 0.14632591605186462, 0.1480935513973236, 0.19331224262714386, 0.13943076133728027, 0.13298152387142181, 0.16670097410678864, 0.24117714166641235, 0.2670113444328308, 0.1937033087015152, 0.17551514506340027, 0.1757310926914215, 0.18630535900592804, 0.26026034355163574, 0.34656521677970886], "rhythm.beats_position": [0.7314285635948181, 1.486077070236206, 2.1942856311798096, 2.902494192123413, 3.5526530742645264, 4.21442174911499, 4.8645806312561035, 5.514739036560059, 6.199728012084961, 6.873106479644775, 7.523265361785889, 8.173423767089844, 8.823582649230957, 9.47374153137207, 10.123900413513184, 10.76244831085205, 11.400997161865234, 12.051156044006348, 12.701314926147461, 13.351473808288574, 13.990022659301758, 14.628571510314941, 15.278729438781738, 15.917278289794922, 16.555828094482422, 17.20598602294922, 17.856143951416016, 18.506303787231445, 19.156461715698242, 19.806621551513672, 20.44516944885254, 21.08371925354004, 21.733877182006836, 22.384035110473633, 23.034194946289062, 23.67274284362793, 24.31129264831543, 24.961450576782227, 25.611610412597656, 26.250158309936523, 26.88870620727539, 27.52725601196289, 28.189023971557617, 28.839183807373047, 29.489341735839844, 30.13949966430664, 30.80126953125, 31.451427459716797, 32.101585388183594, 32.751747131347656, 33.39029312133789, 34.04045104980469, 34.70222091674805, 35.352378845214844, 36.0141487121582, 36.67591857910156, 37.337684631347656, 37.98784637451172, 38.638004302978516, 39.276554107666016], "rhythm.bpm_histogram": [0.0, 0.0, 0.0, 0.0, 0.0, 0.0, 0.0, 0.0, 0.0, 0.0, 0.0, 0.0, 0.0, 0.0, 0.0, 0.0, 0.0, 0.0, 0.0, 0.0, 0.0, 0.0, 0.0, 0.0, 0.0, 0.0, 0.0, 0.0, 0.0, 0.0, 0.0, 0.0, 0.0, 0.0, 0.0, 0.0, 0.0, 0.0, 0.0, 0.0, 0.0, 0.0, 0.0, 0.0, 0.0, 0.0, 0.0, 0.0, 0.0, 0.0, 0.0, 0.0, 0.0, 0.0, 0.0, 0.0, 0.0, 0.0, 0.0, 0.0, 0.0, 0.0, 0.0, 0.0, 0.0, 0.0, 0.0, 0.0, 0.0, 0.0, 0.0, 0.0, 0.0, 0.0, 0.0, 0.0, 0.0, 0.0, 0.0, 0.0, 0.016949152573943138, 0.0, 0.0, 0.0, 0.0, 0.033898305147886276, 0.0, 0.0, 0.016949152573943138, 0.016949152573943138, 0.0, 0.11864406615495682, 0.5423728823661804, 0.0, 0.2542372941970825, 0.0, 0.0, 0.0, 0.0, 0.0, 0.0, 0.0, 0.0, 0.0, 0.0, 0.0, 0.0, 0.0, 0.0, 0.0, 0.0, 0.0, 0.0, 0.0, 0.0, 0.0, 0.0, 0.0, 0.0, 0.0, 0.0, 0.0, 0.0, 0.0, 0.0, 0.0, 0.0, 0.0, 0.0, 0.0, 0.0, 0.0, 0.0, 0.0, 0.0, 0.0, 0.0, 0.0, 0.0, 0.0, 0.0, 0.0, 0.0, 0.0, 0.0, 0.0, 0.0, 0.0, 0.0, 0.0, 0.0, 0.0, 0.0, 0.0, 0.0, 0.0, 0.0, 0.0, 0.0, 0.0, 0.0, 0.0, 0.0, 0.0, 0.0, 0.0, 0.0, 0.0, 0.0, 0.0, 0.0, 0.0, 0.0, 0.0, 0.0, 0.0, 0.0, 0.0, 0.0, 0.0, 0.0, 0.0, 0.0, 0.0, 0.0, 0.0, 0.0, 0.0, 0.0, 0.0, 0.0, 0.0, 0.0, 0.0, 0.0, 0.0, 0.0, 0.0, 0.0, 0.0, 0.0, 0.0, 0.0, 0.0, 0.0, 0.0, 0.0, 0.0, 0.0, 0.0, 0.0, 0.0, 0.0, 0.0, 0.0, 0.0, 0.0, 0.0, 0.0, 0.0, 0.0, 0.0, 0.0, 0.0, 0.0, 0.0, 0.0, 0.0, 0.0, 0.0, 0.0, 0.0, 0.0, 0.0, 0.0, 0.0, 0.0, 0.0, 0.0, 0.0, 0.0, 0.0, 0.0, 0.0, 0.0, 0.0, 0.0, 0.0, 0.0, 0.0], "tonal.chords_histogram": [0.0, 0.23148147761821747, 0.0, 0.46296295523643494, 1.3888888359069824, 0.0, 4.0509257316589355, 0.0, 6.481481552124023, 4.513888835906982, 8.217592239379883, 0.0, 7.407407283782959, 0.0, 2.430555582046509, 18.865739822387695, 4.282407283782959, 21.064815521240234, 0.8101851940155029, 12.847222328186035, 6.597222328186035, 0.3472222089767456, 0.0, 0.0], "tonal.thpcp": [1.0, 0.4815370440483093, 0.3444218039512634, 0.3863390386104584, 0.3692738115787506, 0.40410932898521423, 0.308782696723938, 0.1760556846857071, 0.16399812698364258, 0.1836550533771515, 0.21068906784057617, 0.17237655818462372, 0.15362879633903503, 0.2261124551296234, 0.5136954188346863, 0.5910703539848328, 0.33057892322540283, 0.24302160739898682, 0.2606210708618164, 0.2862366735935211, 0.4517790377140045, 0.5989367961883545, 0.46534180641174316, 0.21491651237010956, 0.10655635595321655, 0.11776287108659744, 0.13909821212291718, 0.1721927672624588, 0.2770412266254425, 0.7364338040351868, 0.7334302663803101, 0.2831525504589081, 0.21088896691799164, 0.23527105152606964, 0.3247716426849365, 0.8554174304008484], "lowlevel.gfcc.cov": [[61109.171875, -2240.836181640625, 2152.064208984375, 5503.5693359375, -4334.1650390625, 1457.736328125, -1894.2486572265625, 1548.0853271484375, -945.36767578125, -68.22350311279297, -1188.078369140625, 188.39871215820312, -936.2216186523438], [-2240.836181640625, 3482.400634765625, -562.0282592773438, -246.63250732421875, 945.9962158203125, -93.88907623291016, 138.7537078857422, -648.5923461914062, 90.78194427490234, -392.94818115234375, 272.48065185546875, -273.9443054199219, 195.41697692871094], [2152.064208984375, -562.0282592773438, 3991.27587890625, 2133.674560546875, 94.31021118164062, 578.5223999023438, -54.915950775146484, 703.783935546875, -191.18804931640625, 315.256591796875, -341.65789794921875, 173.2712860107422, -415.61572265625], [5503.5693359375, -246.63250732421875, 2133.674560546875, 1710.7608642578125, -284.95526123046875, 425.0733642578125, -212.21963500976562, 461.79443359375, -136.26046752929688, 60.2261848449707, -238.63436889648438, 65.8549575805664, -267.7131042480469], [-4334.1650390625, 945.9962158203125, 94.31021118164062, -284.95526123046875, 1755.5614013671875, 217.94918823242188, 721.6954345703125, -187.97018432617188, 147.36524963378906, 211.6714630126953, 192.37158203125, -52.80427169799805, 41.89872360229492], [1457.736328125, -93.88907623291016, 578.5223999023438, 425.0733642578125, 217.94918823242188, 284.7117004394531, 149.41006469726562, 168.320068359375, 5.952420234680176, 106.89330291748047, -32.592742919921875, 20.09345817565918, -75.15596771240234], [-1894.2486572265625, 138.7537078857422, -54.915950775146484, -212.21963500976562, 721.6954345703125, 149.41006469726562, 523.8888549804688, 52.827903747558594, 143.98472595214844, 179.30389404296875, 125.32640075683594, 4.317601680755615, 37.833621978759766], [1548.0853271484375, -648.5923461914062, 703.783935546875, 461.79443359375, -187.97018432617188, 168.320068359375, 52.827903747558594, 384.5265808105469, 32.85200500488281, 149.91624450683594, -92.47840881347656, 88.89375305175781, -89.09485626220703], [-945.36767578125, 90.78194427490234, -191.18804931640625, -136.26046752929688, 147.36524963378906, 5.952420234680176, 143.98472595214844, 32.85200500488281, 177.58648681640625, 73.38025665283203, 76.36154174804688, -10.439461708068848, 64.27392578125], [-68.22350311279297, -392.94818115234375, 315.256591796875, 60.2261848449707, 211.6714630126953, 106.89330291748047, 179.30389404296875, 149.91624450683594, 73.38025665283203, 238.72705078125, 23.303691864013672, 63.97305679321289, -27.047895431518555], [-1188.078369140625, 272.48065185546875, -341.65789794921875, -238.63436889648438, 192.37158203125, -32.592742919921875, 125.32640075683594, -92.47840881347656, 76.36154174804688, 23.303691864013672, 170.62835693359375, 9.896613121032715, 71.66259765625], [188.39871215820312, -273.9443054199219, 173.2712860107422, 65.8549575805664, -52.80427169799805, 20.09345817565918, 4.317601680755615, 88.89375305175781, -10.439461708068848, 63.97305679321289, 9.896613121032715, 102.45870208740234, 3.3920764923095703], [-936.2216186523438, 195.41697692871094, -415.61572265625, -267.7131042480469, 41.89872360229492, -75.15596771240234, 37.833621978759766, -89.09485626220703, 64.27392578125, -27.047895431518555, 71.66259765625, 3.3920764923095703, 116.29768371582031]], "lowlevel.gfcc.icov": [[8.101978892227635e-05, -0.00013805212802253664, 0.00038299793959595263, -0.0005240903119556606, 0.00023425329709425569, -0.00023723543563392013, -9.126789518631995e-05, 9.356997907161713e-05, 0.00036069125053472817, -0.0007125696283765137, 0.00046959638711996377, -0.00031147655681706965, 0.00026481057284399867], [-0.00013805212802253664, 0.0011727841338142753, -0.0008977105026133358, 0.0005735484883189201, -0.0008746974053792655, 0.0004651215858757496, 0.0002646195935085416, 0.0005028911400586367, -0.0010303746676072478, 0.002787139965221286, -0.0020150328055024147, 0.001953686820343137, -0.0016526441322639585], [0.00038299793959595263, -0.0008977105026133358, 0.003067408688366413, -0.0038246617186814547, 0.0008156467811204493, -0.0002653785631991923, -0.00057556526735425, 7.576707866974175e-05, 0.002226064680144191, -0.004709784407168627, 0.0032222699373960495, -0.0026223561726510525, 0.002294699428603053], [-0.0005240903119556606, 0.0005735484883189201, -0.0038246617186814547, 0.007490362972021103, -0.0015568900853395462, -0.002419342752546072, 0.0032888902351260185, -0.002964550396427512, -0.0027401966508477926, 0.006330697797238827, -0.004021984059363604, 0.0024313556496053934, -0.000557934632524848], [0.00023425329709425569, -0.0008746974053792655, 0.0008156467811204493, -0.0015568900853395462, 0.0035394805017858744, -0.0013229958713054657, -0.004104912281036377, 0.00395167525857687, 0.00030497333500534296, -0.0034709309693425894, 0.002957570133730769, -0.002480052877217531, 0.002193238353356719], [-0.00023723543563392013, 0.0004651215858757496, -0.0002653785631991923, -0.002419342752546072, -0.0013229958713054657, 0.01221337541937828, -0.0035348376259207726, -0.0012892729137092829, 0.0008799750357866287, -2.9893888040533056e-06, -0.0007911832071840763, 0.0020664925687015057, -0.0007371308165602386], [-9.126789518631995e-05, 0.0002646195935085416, -0.00057556526735425, 0.0032888902351260185, -0.004104912281036377, -0.0035348376259207726, 0.011307141743600368, -0.007107953075319529, 2.496610613889061e-05, 0.0006317386287264526, -0.005141408648341894, 0.004187545273452997, -0.0024154745042324066], [9.356997907161713e-05, 0.0005028911400586367, 7.576707866974175e-05, -0.002964550396427512, 0.00395167525857687, -0.0012892729137092829, -0.007107953075319529, 0.016279729083180428, -0.00722153577953577, -0.0016950562130659819, 0.006875072605907917, -0.009109454229474068, 0.005508156958967447], [0.00036069125053472817, -0.0010303746676072478, 0.002226064680144191, -0.0027401966508477926, 0.00030497333500534296, 0.0008799750357866287, 2.496610613889061e-05, -0.00722153577953577, 0.018061868846416473, -0.00863473117351532, -0.0028249018359929323, 0.008639968000352383, -0.00930091179907322], [-0.0007125696283765137, 0.002787139965221286, -0.004709784407168627, 0.006330697797238827, -0.0034709309693425894, -2.9893888040533056e-06, 0.0006317386287264526, -0.0016950562130659819, -0.00863473117351532, 0.020436109974980354, -0.006640701089054346, -0.000707671046257019, 0.000704107980709523], [0.00046959638711996377, -0.0020150328055024147, 0.0032222699373960495, -0.004021984059363604, 0.002957570133730769, -0.0007911832071840763, -0.005141408648341894, 0.006875072605907917, -0.0028249018359929323, -0.006640701089054346, 0.018430070951581, -0.011230675503611565, 0.003773732576519251], [-0.00031147655681706965, 0.001953686820343137, -0.0026223561726510525, 0.0024313556496053934, -0.002480052877217531, 0.0020664925687015057, 0.004187545273452997, -0.009109454229474068, 0.008639968000352383, -0.000707671046257019, -0.011230675503611565, 0.027358712628483772, -0.014494232833385468], [0.00026481057284399867, -0.0016526441322639585, 0.002294699428603053, -0.000557934632524848, 0.002193238353356719, -0.0007371308165602386, -0.0024154745042324066, 0.005508156958967447, -0.00930091179907322, 0.000704107980709523, 0.003773732576519251, -0.014494232833385468, 0.02756413258612156]], "lowlevel.mfcc.cov": [[36805.671875, -2995.42041015625, 4010.912841796875, 2550.893310546875, -776.6177978515625, -52.6880989074707, -501.8063049316406, 838.8237915039062, 222.86233520507812, 89.73748016357422, -229.00184631347656, -270.73291015625, 602.4111938476562], [-2995.42041015625, 2387.9580078125, -735.552978515625, -134.47610473632812, 531.3363037109375, 319.130859375, 168.57142639160156, -128.6071014404297, -196.65744018554688, -170.3343505859375, -77.277587890625, 3.549405574798584, -230.33883666992188], [4010.912841796875, -735.552978515625, 2807.0166015625, 1434.990966796875, 222.777587890625, 150.00770568847656, -10.562129974365234, 290.4905700683594, 144.04539489746094, 127.09223937988281, 61.56983184814453, -138.38357543945312, 138.68008422851562], [2550.893310546875, -134.47610473632812, 1434.990966796875, 1036.1798095703125, 394.8695068359375, 272.50750732421875, 177.66860961914062, 220.0807647705078, 120.00509643554688, 117.20356750488281, 77.45712280273438, -46.479461669921875, 101.27681732177734], [-776.6177978515625, 531.3363037109375, 222.777587890625, 394.8695068359375, 603.09765625, 409.8919982910156, 327.7008056640625, 74.35045623779297, 94.50434875488281, 103.07881927490234, 79.7359619140625, 21.63137435913086, 20.64011001586914], [-52.6880989074707, 319.130859375, 150.00770568847656, 272.50750732421875, 409.8919982910156, 397.3701171875, 318.3482666015625, 84.38986206054688, 118.16055297851562, 130.50254821777344, 94.45811462402344, 58.67118835449219, 47.36830520629883], [-501.8063049316406, 168.57142639160156, -10.562129974365234, 177.66860961914062, 327.7008056640625, 318.3482666015625, 400.2550964355469, 118.49610137939453, 129.09371948242188, 143.33978271484375, 123.31170654296875, 93.54011535644531, 65.2118911743164], [838.8237915039062, -128.6071014404297, 290.4905700683594, 220.0807647705078, 74.35045623779297, 84.38986206054688, 118.49610137939453, 165.05227661132812, 102.8730697631836, 75.8344955444336, 53.19850540161133, 20.282440185546875, 64.32770538330078], [222.86233520507812, -196.65744018554688, 144.04539489746094, 120.00509643554688, 94.50434875488281, 118.16055297851562, 129.09371948242188, 102.8730697631836, 189.85263061523438, 168.32632446289062, 84.0771255493164, 38.093021392822266, 78.77921295166016], [89.73748016357422, -170.3343505859375, 127.09223937988281, 117.20356750488281, 103.07881927490234, 130.50254821777344, 143.33978271484375, 75.8344955444336, 168.32632446289062, 220.3234100341797, 122.0870590209961, 50.36760330200195, 83.74302673339844], [-229.00184631347656, -77.277587890625, 61.56983184814453, 77.45712280273438, 79.7359619140625, 94.45811462402344, 123.31170654296875, 53.19850540161133, 84.0771255493164, 122.0870590209961, 125.19515991210938, 69.43335723876953, 59.82051086425781], [-270.73291015625, 3.549405574798584, -138.38357543945312, -46.479461669921875, 21.63137435913086, 58.67118835449219, 93.54011535644531, 20.282440185546875, 38.093021392822266, 50.36760330200195, 69.43335723876953, 110.6413345336914, 49.467533111572266], [602.4111938476562, -230.33883666992188, 138.68008422851562, 101.27681732177734, 20.64011001586914, 47.36830520629883, 65.2118911743164, 64.32770538330078, 78.77921295166016, 83.74302673339844, 59.82051086425781, 49.467533111572266, 114.88101196289062]], "lowlevel.mfcc.icov": [[6.032021337887272e-05, 3.281755562056787e-05, 9.800137195270509e-05, -0.00030496870749630034, 0.0003578155592549592, -0.00040466393693350255, 0.0002117231342708692, -0.00024357708753086627, 0.00019718661496881396, -0.0001343054318567738, 0.00031831764499656856, 3.363399810041301e-05, -0.0001987359719350934], [3.281755562056787e-05, 0.0010059484047815204, 0.0002758738992270082, -6.421414582291618e-05, -0.0008719247998669744, -0.0009030759683810174, 0.0008104389999061823, -0.0008897606749087572, 0.0014439007500186563, -0.000497740285936743, 0.0006744113052263856, -0.0008888518786989152, 0.0015398795949295163], [9.800137195270509e-05, 0.0002758738992270082, 0.0020789974369108677, -0.003432369325309992, 0.0016181010287255049, -0.001370082376524806, 0.0013077298644930124, -0.00040777013055048883, 2.052100171567872e-05, 3.4077496820827946e-05, -0.00018782637198455632, 0.0008625474292784929, 3.139896762149874e-06], [-0.00030496870749630034, -6.421414582291618e-05, -0.003432369325309992, 0.00859769620001316, -0.005402450915426016, 0.002036716090515256, -0.0007745928014628589, -0.00231097056530416, 0.0016849556704983115, -0.000381643942091614, -0.0012484763283282518, 0.00018973635451402515, -0.0004099702346138656], [0.0003578155592549592, -0.0008719247998669744, 0.0016181010287255049, -0.005402450915426016, 0.011471572332084179, -0.00797505583614111, -0.000973240181338042, 0.0021154957357794046, -0.0018077469430863857, 0.0017571165226399899, -0.0004221308045089245, 0.003944345749914646, -0.00173981545958668], [-0.00040466393693350255, -0.0009030759683810174, -0.001370082376524806, 0.002036716090515256, -0.00797505583614111, 0.017466766759753227, -0.0077081359922885895, 0.0038280540611594915, -0.0036017580423504114, -0.0008388987625949085, 0.00034739740658551455, -0.0025940488558262587, 0.0006500119343400002], [0.0002117231342708692, 0.0008104389999061823, 0.0013077298644930124, -0.0007745928014628589, -0.000973240181338042, -0.0077081359922885895, 0.012331751175224781, -0.006871855817735195, 0.0029840574134141207, -0.001762980129569769, -0.0011255564168095589, -0.003028632141649723, 0.0009489152580499649], [-0.00024357708753086627, -0.0008897606749087572, -0.00040777013055048883, -0.00231097056530416, 0.0021154957357794046, 0.0038280540611594915, -0.006871855817735195, 0.0183857772499322