{"song_id": "1182265201991630878", "download": "https://cdn.discordapp.com/attachments/1135903449314238464/1182265201991630878/chirp.mp4?ex=65841145&amp", "lyrics": "\u0427\u0442\u043e \u0437\u0430 \u0434\u0435\u043d\u044c! \n\u0427\u0442\u043e \u0437\u0430 \u0434\u0435\u043d\u044c! \n\u0427\u0442\u043e \u0437\u0430 \u043f\u0440\u0435\u043a\u0440\u0430\u0441\u043d\u044b\u0439 \u0434\u0435\u043d\u044c!", "style": ["Pop music"], "essentia_features": {"lowlevel.average_loudness": 0.9828895926475525, "lowlevel.barkbands_crest.mean": 18.63547706604004, "lowlevel.barkbands_crest.stdev": 4.606621742248535, "lowlevel.barkbands_flatness_db.mean": 0.19998612999916077, "lowlevel.barkbands_flatness_db.stdev": 0.07163143903017044, "lowlevel.barkbands_kurtosis.mean": 31.987829208374023, "lowlevel.barkbands_kurtosis.stdev": 49.18980407714844, "lowlevel.barkbands_skewness.mean": 4.1452412605285645, "lowlevel.barkbands_skewness.stdev": 2.98547625541687, "lowlevel.barkbands_spread.mean": 19.642667770385742, "lowlevel.barkbands_spread.stdev": 20.132509231567383, "lowlevel.dissonance.mean": 0.4691324234008789, "lowlevel.dissonance.stdev": 0.023372627794742584, "lowlevel.dynamic_complexity": 1.5020904541015625, "lowlevel.erbbands_crest.mean": 9.063796043395996, "lowlevel.erbbands_crest.stdev": 4.526285648345947, "lowlevel.erbbands_flatness_db.mean": 0.11460497975349426, "lowlevel.erbbands_flatness_db.stdev": 0.030787713825702667, "lowlevel.erbbands_kurtosis.mean": 0.8847904205322266, "lowlevel.erbbands_kurtosis.stdev": 2.854861259460449, "lowlevel.erbbands_skewness.mean": -0.026776505634188652, "lowlevel.erbbands_skewness.stdev": 1.0435134172439575, "lowlevel.erbbands_spread.mean": 55.96857833862305, "lowlevel.erbbands_spread.stdev": 24.928083419799805, "lowlevel.hfc.mean": 33.77677536010742, "lowlevel.hfc.stdev": 30.93290901184082, "lowlevel.loudness_ebu128.integrated": -11.708667755126953, "lowlevel.loudness_ebu128.loudness_range": 0.37757015228271484, "lowlevel.loudness_ebu128.momentary.mean": -11.873687744140625, "lowlevel.loudness_ebu128.momentary.stdev": 1.392664909362793, "lowlevel.loudness_ebu128.short_term.mean": -11.626469612121582, "lowlevel.loudness_ebu128.short_term.stdev": 0.18104596436023712, "lowlevel.melbands_crest.mean": 26.963407516479492, "lowlevel.melbands_crest.stdev": 5.798790454864502, "lowlevel.melbands_flatness_db.mean": 0.2816632091999054, "lowlevel.melbands_flatness_db.stdev": 0.0883917436003685, "lowlevel.melbands_kurtosis.mean": 83.42018127441406, "lowlevel.melbands_kurtosis.stdev": 98.80036926269531, "lowlevel.melbands_skewness.mean": 6.735361099243164, "lowlevel.melbands_skewness.stdev": 3.60037899017334, "lowlevel.melbands_spread.mean": 14.160806655883789, "lowlevel.melbands_spread.stdev": 24.412811279296875, "lowlevel.pitch_salience.mean": 0.3206993341445923, "lowlevel.pitch_salience.stdev": 0.14925354719161987, "lowlevel.silence_rate_20dB.mean": 1.0, "lowlevel.silence_rate_20dB.stdev": 0.0, "lowlevel.silence_rate_30dB.mean": 0.7019704580307007, "lowlevel.silence_rate_30dB.stdev": 0.45739224553108215, "lowlevel.silence_rate_60dB.mean": 0.004926108289510012, "lowlevel.silence_rate_60dB.stdev": 0.07001310586929321, "lowlevel.spectral_centroid.mean": 1515.3155517578125, "lowlevel.spectral_centroid.stdev": 1000.8718872070312, "lowlevel.spectral_complexity.mean": 17.77093505859375, "lowlevel.spectral_complexity.stdev": 9.986159324645996, "lowlevel.spectral_decrease.mean": -2.4938662690487945e-08, "lowlevel.spectral_decrease.stdev": 1.5299448818950623e-08, "lowlevel.spectral_energy.mean": 0.09718790650367737, "lowlevel.spectral_energy.stdev": 0.057244233787059784, "lowlevel.spectral_energyband_high.mean": 0.002705082530155778, "lowlevel.spectral_energyband_high.stdev": 0.004239870235323906, "lowlevel.spectral_energyband_low.mean": 0.08210811018943787, "lowlevel.spectral_energyband_low.stdev": 0.05859680101275444, "lowlevel.spectral_energyband_middle_high.mean": 0.003715639002621174, "lowlevel.spectral_energyband_middle_high.stdev": 0.0037674198392778635, "lowlevel.spectral_energyband_middle_low.mean": 0.0100240558385849, "lowlevel.spectral_energyband_middle_low.stdev": 0.015495441854000092, "lowlevel.spectral_entropy.mean": 7.882931709289551, "lowlevel.spectral_entropy.stdev": 0.39884284138679504, "lowlevel.spectral_flux.mean": 0.12808190286159515, "lowlevel.spectral_flux.stdev": 0.0952444076538086, "lowlevel.spectral_kurtosis.mean": 2.6481289863586426, "lowlevel.spectral_kurtosis.stdev": 1.7876968383789062, "lowlevel.spectral_rms.mean": 0.009286417625844479, "lowlevel.spectral_rms.stdev": 0.002929151989519596, "lowlevel.spectral_rolloff.mean": 1036.72119140625, "lowlevel.spectral_rolloff.stdev": 1963.12890625, "lowlevel.spectral_skewness.mean": 1.286033034324646, "lowlevel.spectral_skewness.stdev": 0.47452855110168457, "lowlevel.spectral_spread.mean": 6021651.0, "lowlevel.spectral_spread.stdev": 1535553.25, "lowlevel.spectral_strongpeak.mean": 0.6408578753471375, "lowlevel.spectral_strongpeak.stdev": 0.42189842462539673, "lowlevel.zerocrossingrate.mean": 0.04513835534453392, "lowlevel.zerocrossingrate.stdev": 0.047409482300281525, "metadata.audio_properties.analysis.equal_loudness": 0.0, "metadata.audio_properties.analysis.length": 9.385623931884766, "metadata.audio_properties.analysis.sample_rate": 44100.0, "metadata.audio_properties.analysis.start_time": 0.0, "metadata.audio_properties.bit_rate": 118677.0, "metadata.audio_properties.length": 9.386666297912598, "metadata.audio_properties.lossless": 0.0, "metadata.audio_properties.number_channels": 1.0, "metadata.audio_properties.replay_gain": -12.332559585571289, "metadata.audio_properties.sample_rate": 48000.0, "rhythm.beats_count": 15.0, "rhythm.beats_loudness.mean": 0.19307608902454376, "rhythm.beats_loudness.stdev": 0.05163015425205231, "rhythm.bpm": 102.12419128417969, "rhythm.bpm_histogram_first_peak_bpm": 103.0, "rhythm.bpm_histogram_first_peak_weight": 0.46153849363327026, "rhythm.bpm_histogram_second_peak_bpm": 94.0, "rhythm.bpm_histogram_second_peak_spread": 0.0, "rhythm.bpm_histogram_second_peak_weight": 0.0714285746216774, "rhythm.danceability": 2.0852365493774414, "rhythm.onset_rate": 4.1471357345581055, "tonal.chords_changes_rate": 0.10294117778539658, "tonal.chords_number_rate": 0.03921568766236305, "tonal.chords_strength.mean": 0.5193052291870117, "tonal.chords_strength.stdev": 0.09339752793312073, "tonal.hpcp_crest.mean": 13.675345420837402, "tonal.hpcp_crest.stdev": 5.712869167327881, "tonal.hpcp_entropy.mean": 1.9769617319107056, "tonal.hpcp_entropy.stdev": 0.7186177968978882, "tonal.key_edma.strength": 0.6532794237136841, "tonal.key_krumhansl.strength": 0.6673987507820129, "tonal.key_temperley.strength": 0.6862799525260925, "tonal.tuning_diatonic_strength": 0.6712275147438049, "tonal.tuning_equal_tempered_deviation": 0.2017650604248047, "tonal.tuning_frequency": 434.193115234375, "tonal.tuning_nontempered_energy_ratio": 0.8789399862289429, "lowlevel.barkbands.mean": [0.00616455590352416, 0.06826590746641159, 0.006413686089217663, 0.0031186502892524004, 0.002779850037768483, 0.0017721542390063405, 0.0007225140579976141, 0.0010664004366844893, 0.0003619427152443677, 0.0004342849424574524, 0.0012280023656785488, 0.00029526741127483547, 0.00023685138148721308, 0.0002973141090478748, 0.00017700789612717927, 0.00022345205070450902, 0.0002221071335952729, 0.00025363374152220786, 0.000265625276369974, 0.0003898045397363603, 0.00028577056946232915, 0.0005711411940865219, 0.0007137677748687565, 0.000519538065418601, 0.00028992336592637, 0.00011692909174598753, 1.92494417206035e-06], "lowlevel.barkbands.stdev": [0.008507183752954006, 0.05115721747279167, 0.020854275673627853, 0.010268674232065678, 0.004896026104688644, 0.002587628085166216, 0.0014980742707848549, 0.0025259528774768114, 0.0004977254429832101, 0.0008284254581667483, 0.0025908639654517174, 0.0005159695283509791, 0.00033111940138041973, 0.0004619892861228436, 0.0002241722831968218, 0.00027263385709375143, 0.00030951749067753553, 0.00033480237470939755, 0.00043618754716590047, 0.0005855558556504548, 0.0004099246871192008, 0.0011609597131609917, 0.0013905114028602839, 0.0009555242722854018, 0.0004557677311822772, 0.0001489923888584599, 4.612595603248337e-06], "lowlevel.erbbands.mean": [2.8933637142181396, 11.564913749694824, 9.334127426147461, 9.436095237731934, 8.490727424621582, 9.301935195922852, 19.202289581298828, 9.445518493652344, 9.297327041625977, 14.483501434326172, 23.507572174072266, 9.022193908691406, 11.824431419372559, 29.005592346191406, 42.4208984375, 12.693483352661133, 11.274106979370117, 16.029258728027344, 10.64094352722168, 9.489446640014648, 13.497098922729492, 11.832118034362793, 12.616283416748047, 15.211020469665527, 13.98249626159668, 18.682743072509766, 12.848466873168945, 11.91299819946289, 19.286157608032227, 25.256643295288086, 18.041831970214844, 11.7063627243042, 8.133317947387695, 4.106177806854248, 1.6317039728164673, 0.6426199078559875, 0.19000905752182007, 0.020452722907066345, 0.0004968387656845152, 0.00013213265629019588], "lowlevel.erbbands.stdev": [2.3458704948425293, 11.095730781555176, 23.9070987701416, 28.309097290039062, 26.875629425048828, 13.040295600891113, 28.812427520751953, 14.334259033203125, 18.99039077758789, 23.580596923828125, 65.043701171875, 12.425532341003418, 25.992650985717773, 67.93177795410156, 104.46011352539062, 16.904632568359375, 15.768502235412598, 23.45052146911621, 11.944826126098633, 11.013585090637207, 17.08357048034668, 15.125252723693848, 16.07054328918457, 21.905149459838867, 24.43060302734375, 27.680334091186523, 18.0341854095459, 18.657644271850586, 39.72113800048828, 50.35662078857422, 35.09260940551758, 21.908973693847656, 15.00864315032959, 6.936112403869629, 2.4093332290649414, 0.8807836771011353, 0.23546358942985535, 0.02896728925406933, 0.0006226364057511091, 6.0132686485303566e-05], "lowlevel.gfcc.mean": [32.09846115112305, 71.20035552978516, -80.73817443847656, 50.78633499145508, -48.3134651184082, 31.7840576171875, -29.25996208190918, 19.272964477539062, -20.7540340423584, 10.180156707763672, -7.467447280883789, 8.90500259399414, -5.268863201141357], "lowlevel.melbands.mean": [0.02217458188533783, 0.007915514521300793, 0.001605346566066146, 0.0005947694298811257, 0.000605928071308881, 0.00023416279873345047, 0.00014790067507419735, 0.00016745348693802953, 0.0001843599893618375, 4.7797402658034116e-05, 5.43564347026404e-05, 0.00010373238910688087, 0.00014403379464056343, 5.5870907090138644e-05, 2.5335020836791955e-05, 2.3492253603762947e-05, 3.1540272175334394e-05, 1.7187177945743315e-05, 1.2739683370455168e-05, 1.4137552170723211e-05, 1.6479683836223558e-05, 1.2590136975632049e-05, 1.0819058843480889e-05, 1.2133007658121642e-05, 1.2439310921763536e-05, 9.227102964359801e-06, 1.1861310667882208e-05, 1.2613086255441885e-05, 8.331761819135863e-06, 6.61341755403555e-06, 6.999367542448454e-06, 9.951138054020703e-06, 1.3022460734646302e-05, 1.509805406385567e-05, 1.0967157322738785e-05, 7.944479875732213e-06, 6.843717983429087e-06, 6.0956881497986615e-06, 4.43553835793864e-06, 3.102327355009038e-06], "lowlevel.melbands.stdev": [0.016043521463871002, 0.011590258218348026, 0.004716970957815647, 0.0013234069338068366, 0.0008089299662970006, 0.00033638515742495656, 0.0003116815641988069, 0.0002827863208949566, 0.0005092883948236704, 5.663748015649617e-05, 0.00012842890282627195, 0.00025603233370929956, 0.0003167578543070704, 0.0001208467801916413, 4.181016265647486e-05, 3.126093724858947e-05, 5.001177851227112e-05, 2.050273906206712e-05, 1.646679811528884e-05, 1.7691836546873674e-05, 2.2831034584669396e-05, 1.725590664136689e-05, 1.383199924021028e-05, 1.7474272681283765e-05, 1.8400085536995903e-05, 1.7201706214109436e-05, 2.1127887521288358e-05, 1.8438251572661102e-05, 1.2343418347882107e-05, 9.339933967567049e-06, 1.1936929695366416e-05, 2.0494719137786888e-05, 2.7894533559447154e-05, 3.0599519959650934e-05, 2.1820545953232795e-05, 1.549352782603819e-05, 1.2856873581768014e-05, 1.1454247214714997e-05, 8.155088835337665e-06, 5.166078608453972e-06], "lowlevel.melbands128.mean": [0.005658985581248999, 0.02541245147585869, 0.0297580324113369, 0.01536443829536438, 0.005682398099452257, 0.002889249473810196, 0.0019448921084403992, 0.001437805243767798, 0.0007528438000008464, 0.0005242824554443359, 0.00049460434820503, 0.0005131392972543836, 0.0008285919902846217, 0.0004772676038555801, 0.00019221549155190587, 0.0001173838900285773, 0.00010010898404289037, 0.00017813844897318631, 0.00018588537932373583, 0.0001407325908076018, 0.00017426387057639658, 0.00017238289001397789, 0.00026275814161635935, 9.189676347887143e-05, 3.5080043744528666e-05, 3.3581873140065e-05, 4.6445467887679115e-05, 8.444594277534634e-05, 2.6110965336556546e-05, 4.526297561824322e-05, 0.0001791295944713056, 0.00013612226757686585, 0.00010591006139293313, 0.00022336757683660835, 4.41332085756585e-05, 2.3121379854273982e-05, 2.6665700715966523e-05, 2.4994484192575328e-05, 2.621670500957407e-05, 2.301408130733762e-05, 2.5259067115257494e-05, 1.8143349734600633e-05, 3.404404560569674e-05, 4.341216117609292e-05, 1.361818976874929e-05, 1.4159960301185492e-05, 1.7253902115044184e-05, 1.2787765626853798e-05, 1.067855191649869e-05, 1.1481352885311935e-05, 1.5958970834617503e-05, 1.508807145000901e-05, 1.446045826014597e-05, 1.9723653167602606e-05, 1.5946907296893187e-05, 1.0691046554711647e-05, 1.073920248018112e-05, 1.0918725820374675e-05, 1.0771009328891523e-05, 1.0641161679814104e-05, 1.2095618330931757e-05, 1.2591687664098572e-05, 1.5125430763873737e-05, 1.2101084394089412e-05, 9.084299563255627e-06, 8.793736924417317e-06, 9.412508006789722e-06, 9.763248272065539e-06, 1.2837580470659304e-05, 1.4666195056634024e-05, 1.2649516975216102e-05, 1.1909078239114024e-05, 9.879044228000566e-06, 7.374131655524252e-06, 6.872011454106541e-06, 7.446638392138993e-06, 5.844251063535921e-06, 5.822149432788137e-06, 7.357380127359647e-06, 7.616970833623782e-06, 9.400055205333047e-06, 1.0368989023845643e-05, 1.2812657587346621e-05, 1.4081587323744316e-05, 1.1962213648075704e-05, 1.4871072380628902e-05, 1.6795289411675185e-05, 1.4345109775604215e-05, 1.010489995678654e-05, 9.163990398519672e-06, 8.62553952174494e-06, 7.435849965986563e-06, 7.187444680312183e-06, 6.770865184080321e-06, 6.695841875625774e-06, 6.687972472718684e-06, 5.86102532906807e-06, 5.413628514361335e-06, 4.48154332843842e-06, 3.886835656885523e-06, 3.873900368489558e-06, 2.8579652280313894e-06, 2.4208211470977403e-06, 2.1444534468173515e-06, 1.8365624327998376e-06, 1.4418599221244222e-06, 1.3229624755695113e-06, 1.3225164821051294e-06, 1.0643180985425715e-06, 9.151221433967294e-07, 9.183431188830582e-07, 7.045119332360628e-07, 6.076909926377994e-07, 4.202238983452844e-07, 3.144770062135649e-07, 2.328482793245712e-07, 7.174568850132346e-08, 1.3319349179141682e-08, 8.746485202770771e-10, 8.651398347714334e-11, 2.7875373884156396e-11, 1.4006706385016887e-11, 1.2388779238592385e-11, 1.2148958054847281e-11, 1.1936901120335186e-11, 1.1726611869045112e-11, 1.1594177007356876e-11, 1.1523691723080987e-11], "lowlevel.melbands128.stdev": [0.007961799390614033, 0.024055102840065956, 0.022170264273881912, 0.02001630887389183, 0.014720426872372627, 0.0093108294531703, 0.006226146128028631, 0.004777305759489536, 0.0027143547777086496, 0.001285775564610958, 0.0006829106132499874, 0.0007243942236527801, 0.001383502152748406, 0.000804354262072593, 0.0004038921615574509, 0.0002493428473826498, 0.0002004426351049915, 0.0004875138110946864, 0.0004168659506831318, 0.00028432044200599194, 0.00045474135549739003, 0.0005272708949632943, 0.000890113995410502, 0.00018200183694716543, 5.092139690532349e-05, 5.194811456021853e-05, 0.00010955121251754463, 0.00024474188103340566, 5.228028021520004e-05, 0.00010399608436273411, 0.0005053216591477394, 0.00043203766108490527, 0.00031589853460900486, 0.0006801543058827519, 0.00012581254122778773, 3.0534585675923154e-05, 3.917738649761304e-05, 6.853542436147109e-05, 5.9628098824759945e-05, 3.967046723118983e-05, 4.121847086935304e-05, 3.0521874577971175e-05, 6.45158434053883e-05, 8.719918696442619e-05, 2.0938885427312925e-05, 2.195413617300801e-05, 2.6693787731346674e-05, 1.9838424123008735e-05, 1.75806853803806e-05, 1.7314654542133212e-05, 2.7846463126479648e-05, 2.088520886900369e-05, 2.1078485588077456e-05, 3.6952093068975955e-05, 3.0312949093058705e-05, 1.6221210898947902e-05, 1.678389344306197e-05, 1.791044996934943e-05, 1.4990123418101575e-05, 1.698941741778981e-05, 2.217864675913006e-05, 2.043935819528997e-05, 2.4675853637745604e-05, 1.998867082875222e-05, 1.7109687178162858e-05, 1.8986664144904353e-05, 1.9670413166750222e-05, 1.817870361264795e-05, 2.7363823392079212e-05, 2.6226443878840655e-05, 2.1240108253550716e-05, 1.787200744729489e-05, 1.6974830941762775e-05, 1.2256177797098644e-05, 1.1294791875116061e-05, 1.2124507520638872e-05, 8.728471584618092e-06, 1.0359963198425248e-05, 1.4511927474814001e-05, 1.4743113752047066e-05, 2.0937197405146435e-05, 2.345076427445747e-05, 3.0586157663492486e-05, 3.2457883207825944e-05, 2.5390418159076944e-05, 3.1405797926709056e-05, 3.591925269574858e-05, 3.193036900484003e-05, 2.0679091903730296e-05, 1.9552146113710478e-05, 1.7430649677407928e-05, 1.5677893316023983e-05, 1.5415735106216744e-05, 1.357188284600852e-05, 1.3104154277243651e-05, 1.2839436749345623e-05, 1.1908215128642041e-05, 1.0952459888358135e-05, 8.957970749179367e-06, 7.152820671763038e-06, 7.079737770254724e-06, 4.719987828138983e-06, 4.237104803905822e-06, 4.1137445805361494e-06, 2.8072643090126803e-06, 2.2977262688073097e-06, 1.9657147731777513e-06, 1.9800559130089823e-06, 1.6391843473684276e-06, 1.4471050917563844e-06, 1.3876458524464397e-06, 9.643603107178933e-07, 8.396610837735352e-07, 6.068257221159001e-07, 4.912354256703111e-07, 4.7193819341373455e-07, 1.5543618303581752e-07, 6.443479350082271e-08, 1.0885242041069887e-08, 1.4646821533403909e-09, 2.9954355662553667e-10, 3.18702529644721e-11, 1.864148418961875e-11, 1.8321292399869904e-11, 1.8046021274531476e-11, 1.78278503071283e-11, 1.7668923615876686e-11, 1.7571137253535873e-11], "lowlevel.mfcc.mean": [-619.5087280273438, 99.89384460449219, 30.355127334594727, 30.623857498168945, 16.7492733001709, 15.578263282775879, 13.0015230178833, 11.648507118225098, 3.218656539916992, 6.8766374588012695, 1.8127080202102661, 5.686615467071533, 6.769489288330078], "lowlevel.spectral_contrast_coeffs.mean": [-0.74070805311203, -0.7656023502349854, -0.7805553674697876, -0.8167861700057983, -0.8129121661186218, -0.7799967527389526], "lowlevel.spectral_contrast_coeffs.stdev": [0.09541835635900497, 0.0632389634847641, 0.0652376115322113, 0.03705252707004547, 0.028895556926727295, 0.036935124546289444], "lowlevel.spectral_contrast_valleys.mean": [-6.096229076385498, -6.915737152099609, -7.423491954803467, -7.5203680992126465, -7.23456335067749, -9.441719055175781], "lowlevel.spectral_contrast_valleys.stdev": [0.8966988921165466, 0.6518642902374268, 0.6024060249328613, 0.5443100333213806, 0.6579800844192505, 0.9680639505386353], "rhythm.beats_loudness_band_ratio.mean": [0.9013824462890625, 0.029034975916147232, 0.005317570175975561, 0.005465698894113302, 0.005284445360302925, 0.05626887083053589], "rhythm.beats_loudness_band_ratio.stdev": [0.23807759582996368, 0.04352733492851257, 0.004298816435039043, 0.004782011732459068, 0.005756017751991749, 0.19780635833740234], "tonal.hpcp.mean": [0.12420275807380676, 0.10366836190223694, 0.15609906613826752, 0.3133607804775238, 0.22601433098316193, 0.0509495884180069, 0.024092795327305794, 0.022129235789179802, 0.04197417199611664, 0.11310860514640808, 0.10660343617200851, 0.03729768842458725, 0.019942495971918106, 0.015779681503772736, 0.025063062086701393, 0.04463382437825203, 0.05367245525121689, 0.04399490728974342, 0.039963167160749435, 0.051760055124759674, 0.061442334204912186, 0.06082530692219734, 0.06090971827507019, 0.0685422420501709, 0.08778413385152817, 0.0759187713265419, 0.05374675989151001, 0.04459766671061516, 0.034079328179359436, 0.03339430317282677, 0.08773507922887802, 0.10332539677619934, 0.05468657985329628, 0.0420079343020916, 0.03993813693523407, 0.0726553201675415], "tonal.hpcp.stdev": [0.301201194524765, 0.2608118951320648, 0.27712929248809814, 0.4250352382659912, 0.33651202917099, 0.13314169645309448, 0.12441660463809967, 0.12154468894004822, 0.13437508046627045, 0.2736731767654419, 0.23983198404312134, 0.13624487817287445, 0.10512713342905045, 0.08257034420967102, 0.11913774907588959, 0.1286868453025818, 0.1369253695011139, 0.12371102720499039, 0.13526487350463867, 0.1806894987821579, 0.199222132563591, 0.19582673907279968, 0.1895437389612198, 0.20625469088554382, 0.22454266250133514, 0.20235583186149597, 0.1811138391494751, 0.17341746389865875, 0.15410558879375458, 0.13261839747428894, 0.2337513566017151, 0.2672695815563202, 0.1620079129934311, 0.17623113095760345, 0.14430679380893707, 0.21630032360553741], "rhythm.beats_position": [0.6153287887573242, 1.2538775205612183, 1.8575963973999023, 2.461315155029297, 3.041814088821411, 3.6223127841949463, 4.21442174911499, 4.806530475616455, 5.38702917098999, 5.967528343200684, 6.559637069702148, 7.151745796203613, 7.732244968414307, 8.312743186950684, 8.893242835998535], "rhythm.bpm_histogram": [0.0, 0.0, 0.0, 0.0, 0.0, 0.0, 0.0, 0.0, 0.0, 0.0, 0.0, 0.0, 0.0, 0.0, 0.0, 0.0, 0.0, 0.0, 0.0, 0.0, 0.0, 0.0, 0.0, 0.0, 0.0, 0.0, 0.0, 0.0, 0.0, 0.0, 0.0, 0.0, 0.0, 0.0, 0.0, 0.0, 0.0, 0.0, 0.0, 0.0, 0.0, 0.0, 0.0, 0.0, 0.0, 0.0, 0.0, 0.0, 0.0, 0.0, 0.0, 0.0, 0.0, 0.0, 0.0, 0.0, 0.0, 0.0, 0.0, 0.0, 0.0, 0.0, 0.0, 0.0, 0.0, 0.0, 0.0, 0.0, 0.0, 0.0, 0.0, 0.0, 0.0, 0.0, 0.0, 0.0, 0.0, 0.0, 0.0, 0.0, 0.0, 0.0, 0.0, 0.0, 0.0, 0.0, 0.0, 0.0, 0.0, 0.0, 0.0, 0.0, 0.0, 0.0, 0.0714285746216774, 0.0, 0.0, 0.0, 0.0, 0.1428571492433548, 0.0, 0.2857142984867096, 0.0, 0.5, 0.0, 0.0, 0.0, 0.0, 0.0, 0.0, 0.0, 0.0, 0.0, 0.0, 0.0, 0.0, 0.0, 0.0, 0.0, 0.0, 0.0, 0.0, 0.0, 0.0, 0.0, 0.0, 0.0, 0.0, 0.0, 0.0, 0.0, 0.0, 0.0, 0.0, 0.0, 0.0, 0.0, 0.0, 0.0, 0.0, 0.0, 0.0, 0.0, 0.0, 0.0, 0.0, 0.0, 0.0, 0.0, 0.0, 0.0, 0.0, 0.0, 0.0, 0.0, 0.0, 0.0, 0.0, 0.0, 0.0, 0.0, 0.0, 0.0, 0.0, 0.0, 0.0, 0.0, 0.0, 0.0, 0.0, 0.0, 0.0, 0.0, 0.0, 0.0, 0.0, 0.0, 0.0, 0.0, 0.0, 0.0, 0.0, 0.0, 0.0, 0.0, 0.0, 0.0, 0.0, 0.0, 0.0, 0.0, 0.0, 0.0, 0.0, 0.0, 0.0, 0.0, 0.0, 0.0, 0.0, 0.0, 0.0, 0.0, 0.0, 0.0, 0.0, 0.0, 0.0, 0.0, 0.0, 0.0, 0.0, 0.0, 0.0, 0.0, 0.0, 0.0, 0.0, 0.0, 0.0, 0.0, 0.0, 0.0, 0.0, 0.0, 0.0, 0.0, 0.0, 0.0, 0.0, 0.0, 0.0, 0.0, 0.0, 0.0, 0.0, 0.0, 0.0, 0.0, 0.0, 0.0, 0.0, 0.0, 0.0, 0.0, 0.0, 0.0, 0.0, 0.0, 0.0], "tonal.chords_histogram": [24.509803771972656, 10.29411792755127, 8.333333015441895, 0.0, 0.0, 0.0, 0.0, 0.0, 3.43137264251709, 0.0, 0.0, 0.0, 0.0, 0.0, 0.0, 0.0, 0.0, 3.43137264251709, 0.0, 0.0, 0.0, 11.764705657958984, 17.647058486938477, 20.58823585510254], "tonal.thpcp": [1.0, 0.7212591767311096, 0.16259083151817322, 0.0768851637840271, 0.07061903178691864, 0.13394838571548462, 0.36095330119132996, 0.3401939272880554, 0.11902474611997604, 0.06364069133996964, 0.05035627633333206, 0.0799814909696579, 0.14243589341640472, 0.17128007113933563, 0.14039698243141174, 0.12753085792064667, 0.16517719626426697, 0.19607537984848022, 0.1941063106060028, 0.19437569379806519, 0.21873266994953156, 0.2801375985145569, 0.2422727346420288, 0.17151719331741333, 0.14232051372528076, 0.10875428467988968, 0.10656822472810745, 0.2799810469150543, 0.3297330141067505, 0.17451635003089905, 0.13405613601207733, 0.12745097279548645, 0.23185837268829346, 0.39635705947875977, 0.3308275043964386, 0.49814486503601074], "lowlevel.gfcc.cov": [[3506.22705078125, -750.06005859375, 105.2292251586914, 242.6607208251953, -285.791259765625, 197.8262176513672, -5.376636028289795, 252.8712921142578, -31.241674423217773, 232.0074462890625, -91.21064758300781, 105.3213119506836, -184.39801025390625], [-750.06005859375, 1602.366455078125, -13.100157737731934, -262.5264892578125, 512.1100463867188, -38.93381881713867, 341.5671691894531, 171.1324920654297, 216.16421508789062, -33.70546340942383, 197.10931396484375, -105.25466918945312, 172.20486450195312], [105.2292251586914, -13.100157737731934, 446.3701477050781, 283.82171630859375, 86.68338775634766, 173.9727020263672, 96.11290740966797, 84.39449310302734, 112.61660766601562, 33.33477783203125, 34.49842834472656, 15.59009838104248, 13.674105644226074], [242.6607208251953, -262.5264892578125, 283.82171630859375, 440.1540832519531, 18.73739242553711, 59.80086898803711, -22.48269271850586, 13.949052810668945, 74.7870864868164, -25.211898803710938, -19.301218032836914, -3.4786322116851807, -15.972126007080078], [-285.791259765625, 512.1100463867188, 86.68338775634766, 18.73739242553711, 327.9169006347656, 42.461524963378906, 170.8211669921875, 122.92794036865234, 125.16130065917969, 4.74708366394043, 89.27603912353516, -35.907981872558594, 66.82722473144531], [197.8262176513672, -38.93381881713867, 173.9727020263672, 59.80086898803711, 42.461524963378906, 296.1816101074219, 207.49374389648438, 81.18553161621094, 65.49867248535156, 69.8211441040039, 39.864646911621094, 15.181394577026367, -2.688234806060791], [-5.376636028289795, 341.5671691894531, 96.11290740966797, -22.48269271850586, 170.8211669921875, 207.49374389648438, 352.0044860839844, 136.2677764892578, 103.75897979736328, 52.05051040649414, 93.1551513671875, -9.191808700561523, 33.023406982421875], [252.8712921142578, 171.1324920654297, 84.39449310302734, 13.949052810668945, 122.92794036865234, 81.18553161621094, 136.2677764892578, 233.29237365722656, 117.44438934326172, 81.07147979736328, 76.55387878417969, 8.135385513305664, 33.667877197265625], [-31.241674423217773, 216.16421508789062, 112.61660766601562, 74.7870864868164, 125.16130065917969, 65.49867248535156, 103.75897979736328, 117.44438934326172, 164.15695190429688, 40.39442825317383, 67.89779663085938, -2.8731207847595215, 40.98629379272461], [232.0074462890625, -33.70546340942383, 33.33477783203125, -25.211898803710938, 4.74708366394043, 69.8211441040039, 52.05051040649414, 81.07147979736328, 40.39442825317383, 97.62046813964844, 42.258392333984375, 28.215686798095703, -0.286863774061203], [-91.21064758300781, 197.10931396484375, 34.49842834472656, -19.301218032836914, 89.27603912353516, 39.864646911621094, 93.1551513671875, 76.55387878417969, 67.89779663085938, 42.258392333984375, 118.50372314453125, 22.97553062438965, 53.77470016479492], [105.3213119506836, -105.25466918945312, 15.59009838104248, -3.4786322116851807, -35.907981872558594, 15.181394577026367, -9.191808700561523, 8.135385513305664, -2.8731207847595215, 28.215686798095703, 22.97553062438965, 73.1096420288086, 17.05930519104004], [-184.39801025390625, 172.20486450195312, 13.674105644226074, -15.972126007080078, 66.82722473144531, -2.688234806060791, 33.023406982421875, 33.667877197265625, 40.98629379272461, -0.286863774061203, 53.77470016479492, 17.05930519104004, 81.63581848144531]], "lowlevel.gfcc.icov": [[0.0006174214649945498, -0.0004744445323012769, 0.0005324548110365868, -0.0010503801750019193, 0.0006699711084365845, -0.0004171812324784696, 0.00020715442951768637, -0.001152463024482131, 0.0008867669384926558, -0.0013605690328404307, 0.0008184191538020968, -0.0011383740929886699, 0.0011788401752710342], [-0.0004744445323012769, 0.0034322270657867193, -0.0016821754397824407, 0.003511404385790229, -0.002759157447144389, 0.0024333354085683823, -0.00203523482196033, 0.0015607934910804033, -0.002836500061675906, 0.0028732321225106716, -0.002014969242736697, 0.0039473045617341995, -0.002887924201786518], [0.0005324548110365868, -0.0016821754397824407, 0.00653193099424243, -0.005092861130833626, 0.0005611946689896286, -0.003843252779915929, 0.0016011350089684129, -0.0014743159990757704, 0.0009340333053842187, -0.0023519680835306644, 0.0013578555081039667, -0.0031770046334713697, 0.0013272326905280352], [-0.0010503801750019193, 0.003511404385790229, -0.005092861130833626, 0.009116445668041706, -0.0027760902885347605, 0.0023692066315561533, -0.0008401084924116731, 0.002328892471268773, -0.005601782817393541, 0.0069371494464576244, -0.0024816282093524933, 0.004173676948994398, -0.0018136980943381786], [0.0006699711084365845, -0.002759157447144389, 0.0005611946689896286, -0.0027760902885347605, 0.00927482359111309, -0.00042919759289361537, -0.0007956064073368907, -0.003044692799448967, 0.0005012095789425075, -0.0008865006966516376, 0.00012391078053042293, -6.342442065943033e-05, 0.00034429668448865414], [-0.0004171812324784696, 0.0024333354085683823, -0.003843252779915929, 0.0023692066315561533, -0.00042919759289361537, 0.011078959330916405, -0.007351236883550882, 0.002487409161403775, -0.0019328112248331308, -0.0023682888131588697, 0.00030333513859659433, 0.0025509267579764128, -0.0020747343078255653], [0.00020715442951768637, -0.00203523482196033, 0.0016011350089684129, -0.0008401084924116731, -0.0007956064073368907, -0.007351236883550882, 0.009835378266870975, -0.0026578339748084545, 0.0010255681117996573, 0.0012142439372837543, -0.002127393614500761, -0.0014111740747466683, 0.003040867391973734], [-0.001152463024482131, 0.0015607934910804033, -0.0014743159990757704, 0.002328892471268773, -0.003044692799448967, 0.002487409161403775, -0.0026578339748084545, 0.012030214071273804, -0.005443186964839697, -0.0038930505979806185, -0.0014153026277199388, 0.0032030674628913403, -0.003522866405546665], [0.0008867669384926558, -0.002836500061675906, 0.0009340333053842187, -0.005601782817393541, 0.0005012095789425075, -0.0019328112248331308, 0.0010255681117996573, -0.005443186964839697, 0.017120102420449257, -0.006210878025740385, -3.766627924051136e-05, -0.0013096813345327973, -0.00022867677034810185], [-0.0013605690328404307, 0.0028732321225106716, -0.0023519680835306644, 0.0069371494464576244, -0.0008865006966516376, -0.0023682888131588697, 0.0012142439372837543, -0.0038930505979806185, -0.006210878025740385, 0.028330326080322266, -0.008947035297751427, -0.0016926631797105074, 0.0038442322984337807], [0.0008184191538020968, -0.002014969242736697, 0.0013578555081039667, -0.0024816282093524933, 0.00012391078053042293, 0.00030333513859659433, -0.002127393614500761, -0.0014153026277199388, -3.766627924051136e-05, -0.008947035297751427, 0.021120980381965637, -0.00642195763066411, -0.005844323430210352], [-0.0011383740929886699, 0.0039473045617341995, -0.0031770046334713697, 0.004173676948994398, -6.342442065943033e-05, 0.0025509267579764128, -0.0014111740747466683, 0.0032030674628913403, -0.0013096813345327973, -0.0016926631797105074, -0.00642195763066411, 0.02589736320078373, -0.01069328747689724], [0.0011788401752710342, -0.002887924201786518, 0.0013272326905280352, -0.0018136980943381786, 0.00034429668448865414, -0.0020747343078255653, 0.003040867391973734, -0.003522866405546665, -0.00022867677034810185, 0.0038442322984337807, -0.005844323430210352, -0.01069328747689724, 0.026512224227190018]], "lowlevel.mfcc.cov": [[3594.406494140625, -904.7086181640625, 206.63783264160156, 4.109195232391357, -162.9380340576172, -24.49643325805664, -39.12163543701172, 18.289533615112305, 10.653253555297852, 75.1810302734375, 126.19391632080078, 48.28620147705078, 43.41767120361328], [-904.7086181640625, 1713.682861328125, -372.674072265625, -35.17392349243164, 127.15381622314453, -93.5036849975586, 246.0727996826172, 103.72872924804688, 183.53524780273438, 133.1239471435547, 74.08080291748047, 153.4821319580078, 42.68547439575195], [206.63783264160156, -372.674072265625, 472.5624694824219, 109.46456146240234, 63.093414306640625, 152.79635620117188, 14.228588104248047, 82.5975570678711, 49.4683723449707, 35.44092559814453, 52.48396682739258, 37.07380294799805, 37.73752975463867], [4.109195232391357, -35.17392349243164, 109.46456146240234, 287.3204345703125, 143.8684844970703, -12.867744445800781, -30.53893280029297, 42.03156661987305, 33.49842834472656, 14.59000301361084, -3.2346510887145996, 20.522537231445312, 19.174545288085938], [-162.9380340576172, 127.15381622314453, 63.093414306640625, 143.8684844970703, 214.34571838378906, -18.437644958496094, -3.5939435958862305, 36.48427200317383, 57.56769943237305, 41.6057243347168, 12.645818710327148, 46.20401382446289, 37.58131408691406], [-24.49643325805664, -93.5036849975586, 152.79635620117188, -12.867744445800781, -18.437644958496094, 222.9813690185547, 82.26949310302734, 70.46922302246094, 38.31350326538086, 23.091936111450195, 48.09385299682617, -0.6118602156639099, 2.731536626815796], [-39.12163543701172, 246.0727996826172, 14.228588104248047, -30.53893280029297, -3.5939435958862305, 82.26949310302734, 223.14064025878906, 105.2918701171875, 88.46582794189453, 90.292236328125, 79.54862976074219, 68.45240783691406, 31.539871215820312], [18.289533615112305, 103.72872924804688, 82.5975570678711, 42.03156661987305, 36.48427200317383, 70.46922302246094, 105.2918701171875, 135.81912231445312, 95.75528717041016, 75.68637084960938, 67.02521514892578, 58.03699493408203, 44.35825729370117], [10.653253555297852, 183.53524780273438, 49.4683723449707, 33.49842834472656, 57.56769943237305, 38.31350326538086, 88.46582794189453, 95.75528717041016, 138.04908752441406, 96.06990814208984, 65.81695556640625, 62.0976448059082, 46.75086975097656], [75.1810302734375, 133.1239471435547, 35.44092559814453, 14.59000301361084, 41.6057243347168, 23.091936111450195, 90.292236328125, 75.68637084960938, 96.06990814208984, 129.99473571777344, 77.8265380859375, 65.25821685791016, 43.83373260498047], [126.19391632080078, 74.08080291748047, 52.48396682739258, -3.2346510887145996, 12.645818710327148, 48.09385299682617, 79.54862976074219, 67.02521514892578, 65.81695556640625, 77.8265380859375, 94.71195220947266, 63.5582160949707, 32.592037200927734], [48.28620147705078, 153.4821319580078, 37.07380294799805, 20.522537231445312, 46.20401382446289, -0.6118602156639099, 68.45240783691406, 58.03699493408203, 62.0976448059082, 65.25821685791016, 63.5582160949707, 108.37393188476562, 60.17180633544922], [43.41767120361328, 42.68547439575195, 37.73752975463867, 19.174545288085938, 37.58131408691406, 2.731536626815796, 31.539871215820312, 44.35825729370117, 46.75086975097656, 43.83373260498047, 32.592037200927734, 60.17180633544922, 75.5440902709961]], "lowlevel.mfcc.icov": [[0.00039394147461280227, 0.0002616325509734452, 8.455117495032027e-06, -0.00014697889855597168, 0.00039954911335371435, 0.0003335518704261631, 1.0962838132400066e-05, 0.00013688970648217946, -0.00024349537852685899, -4.089959111297503e-05, -0.0007571217720396817, -0.000154514069436118, -1.2806611266569234e-05], [0.0002616325509734452, 0.0014280939940363169, 0.00113804975990206, 0.00013673432113137096, -0.0005393471219576895, 0.000302118161926046, -0.0009158201282843947, 6.249309808481485e-05, -0.0015980247408151627, 0.0003736742364708334, 0.00019784343021456152, -0.00188743369653821, 0.00123267387971282], [8.455117495032027e-06, 0.00113804975990206, 0.004523708485066891, -0.0008305182564072311, -0.0008609963115304708, -0.0025843456387519836, 0.0006607170216739178, -0.0009353748755529523, -0.0008100263657979667, 0.00019465383957140148, 8.939312465372495e-06, -0.0024842042475938797, 0.0004614516510628164], [-0.00014697889855597168, 0.00013673432113137096, -0.0008305182564072311, 0.006278586108237505, -0.0039526959881186485, 0.000837804633192718, 0.0009305590647272766, -0.0030619818717241287, 0.00028624897822737694, 0.00024309199943672866, 0.0015743669355288148, -0.00031924358336254954, 0.0014308290556073189], [0.00039954911335371435, -0.0005393471219576895, -0.0008609963115304708, -0.0039526959881186485, 0.009423763491213322, 0.00033992869430221617, 0.001365380478091538, 0.0013139434158802032, -0.001978507498279214, -0.0016301042633131146, 0.001035120920278132, -0.0015862631844356656, -0.0015463046729564667], [0.0003335518704261631, 0.000302118161926046, -0.0025843456387519836, 0.000837804633192718, 0.00033992869430221617, 0.009126625955104828, -0.0028448975645005703, -0.002200504532083869, -0.0006974837160669267, 0.00271090236492455, -0.004790596663951874, 0.004655447322875261, -8.597075066063553e-05], [1.0962838132400066e-05, -0.0009158201282843947, 0.0006607170216739178, 0.0009305590647272766, 0.001365380478091538, -0.0028448975645005703, 0.010935747995972633, -0.005240284372121096, 0.0008108361507765949, -0.0033909669145941734, -0.00011357303446857259, -0.0032798168249428272, 0.0020070509053766727], [0.00013688970648217946, 6.249309808481485e-05, -0.0009353748755529523, -0.0030619818717241287, 0.0013139434158802032, -0.002200504532083869, -0.005240284372121096, 0.02238297648727894, -0.008745822124183178, 0.0010658013634383678, -0.004067576490342617, 0.0007056313334032893, -0.0044118971563875675], [-0.00024349537852685899, -0.0015980247408151627, -0.0008100263657979667, 0.00028624897822737694, -0.001978507498279214, -0.0006974837160669267, 0.0008108361507765949, -0.008745822124183178, 0.023173563182353973, -0.00969244446605444, -0.0002888084854930639, 0.0020019772928208113, -0.003005899954587221], [-4.089959111297503e-05, 0.0003736742364708334, 0.00019465383957140148, 0.00024309199943672866, -0.0016301042633131146, 0.00271090236492455, -0.0033909669145941734, 0.0010658013634383678, -0.00969244446605444, 0.02356158010661602, -0.012231585569679737, 0.001587661332450807, -0.0025044118519872427], [-0.0007571217720396817, 0.00019784343021456152, 8.939312465372495e-06, 0.0015743669355288148, 0.001035120920278132, -0.004790596663951874, -0.00011357303446857259, -0.004067576490342617, -0.0002888084854930639, -0.012231585569679737, 0.034734610468149185, -0.014593696221709251, 0.005927861202508211], [-0.000154514069436118, -0.00188743369653821, -0.0024842042475938797, -0.00031924358336254954, -0.0015862631844356656, 0.004655447322875261, -0.0032798168249428272, 0.0007056313334032893, 0.0020019772928208113, 0.001587661332450807, -0.014593696221709251, 0.030810290947556496, -0.01635170169174671], [-1.2806611266569234e-05, 0.00123267387971282, 0.0004614516510628164, 0.0014308290556073189, -0.0015463046729564667, -8.597075066063553e-05, 0.0020070509053766727, -0.0044118971563875675, -0.003005899954587221, -0.0025044118519872427, 0.005927861202508211, -0.01635170169174671, 0.02825971692800522]], "metadata.audio_properties.analysis.downmix": "mix", "metadata.audio_properties.codec": "mp3", "metadata.audio_properties.md5_encoded": "0ccfb3bd054b5b0bb5fcb32a51a80996", "metadata.tags.file_name": "1182265201991630878.mp3", "metadata.version.essentia": "2.1-beta6-dev", "metadata.version.essentia_git_sha": "v2.1_beta5-1110-g77a6a954", "metadata.version.extractor": "music 2.0", "tonal.chords_key": "Bb", "tonal.chords_scale": "major", "tonal.key_edma.key": "Bb", "tonal.key_edma.scale": "major", "tonal.key_krumhansl.key": "Bb", "tonal.key_krumhansl.scale": "major", "tonal.key_temperley.key": "Bb", "tonal.key_temperley.scale": "major", "metadata.tags.encoding": ["Lavf58.45.100"]}, "essentia_models": [{"model_name": "genre_dortmund", "activations": {"alternative": "0.017184468", "blues": "0.0005420255", "electronic": "0.24481773", "folkcountry": "0.0016021704", "funksoulrnb": "0.0098213395", "jazz": "0.0021359434", "pop": "0.26118338", "raphiphop": "0.09114203", "rock": "0.034632973"}}, {"model_name": "genre_rosamerica", "activations": {"classic": "0.0013369797", "dance": "0.18610978", "hip hop": "0.099223256", "jazz": "0.0019445593", "pop": "0.42558768", "rhythm and blues": "0.035647485", "rock": "0.0098094465", "speech": "0.010277546"}}, {"model_name": "genre_tzanetakis", "activations": {"blues": "0.00021191024", "classic": "0.0014170351", "country": "0.005050134", "disco": "0.017438555", "hip hop": "0.033600047", "jazz": "0.0017300094", "metal": "0.034538172", "pop": "0.7771792", "reggae": "0.02231995", "rock": "0.029510306"}}, {"model_name": "genre_electronic", "activations": {"ambient": "0.045306157", "dnb": "0.13732496", "house": "0.0944073", "techno": "0.2333176", "trance": "0.03953366"}}, {"model_name": "mood_acoustic", "activations": {"acoustic": "1.18