{"song_id": "1182279348452081694", "download": "https://cdn.discordapp.com/attachments/1135903449314238464/1182279348452081694/chirp.mp4?ex=65841e72&amp", "lyrics": "In the dimming glow of day's retreat,\nWe walk a road with no clear sign.\nEchoes of tomorrow, subtly sweet,\nLost in the maze of the grand design.\n\nUnknown futures, silently they beckon,\nThrough the strings of destiny's play.\nIn this dance of life, a mystery to reckon,\nIn our wordless song, we find our way.", "style": ["acoustic grunge</span><span>, alice in chains"], "essentia_features": {"lowlevel.average_loudness": 0.9825437068939209, "lowlevel.barkbands_crest.mean": 9.495858192443848, "lowlevel.barkbands_crest.stdev": 4.0659308433532715, "lowlevel.barkbands_flatness_db.mean": 0.09630539268255234, "lowlevel.barkbands_flatness_db.stdev": 0.031198393553495407, "lowlevel.barkbands_kurtosis.mean": 2.6034576892852783, "lowlevel.barkbands_kurtosis.stdev": 4.071041107177734, "lowlevel.barkbands_skewness.mean": 1.5944912433624268, "lowlevel.barkbands_skewness.stdev": 0.8445876240730286, "lowlevel.barkbands_spread.mean": 31.502344131469727, "lowlevel.barkbands_spread.stdev": 13.244590759277344, "lowlevel.dissonance.mean": 0.47295045852661133, "lowlevel.dissonance.stdev": 0.022237900644540787, "lowlevel.dynamic_complexity": 1.2497539520263672, "lowlevel.erbbands_crest.mean": 7.588350296020508, "lowlevel.erbbands_crest.stdev": 4.195798873901367, "lowlevel.erbbands_flatness_db.mean": 0.11303723603487015, "lowlevel.erbbands_flatness_db.stdev": 0.026170063763856888, "lowlevel.erbbands_kurtosis.mean": -0.17161385715007782, "lowlevel.erbbands_kurtosis.stdev": 1.253137469291687, "lowlevel.erbbands_skewness.mean": 0.12504372000694275, "lowlevel.erbbands_skewness.stdev": 0.619673490524292, "lowlevel.erbbands_spread.mean": 52.70830535888672, "lowlevel.erbbands_spread.stdev": 16.65947914123535, "lowlevel.hfc.mean": 33.857120513916016, "lowlevel.hfc.stdev": 14.46395492553711, "lowlevel.loudness_ebu128.integrated": -15.034049987792969, "lowlevel.loudness_ebu128.loudness_range": 0.6362390518188477, "lowlevel.loudness_ebu128.momentary.mean": -15.081159591674805, "lowlevel.loudness_ebu128.momentary.stdev": 0.6437259316444397, "lowlevel.loudness_ebu128.short_term.mean": -15.038799285888672, "lowlevel.loudness_ebu128.short_term.stdev": 0.222812682390213, "lowlevel.melbands_crest.mean": 14.56291389465332, "lowlevel.melbands_crest.stdev": 4.719661235809326, "lowlevel.melbands_flatness_db.mean": 0.16082942485809326, "lowlevel.melbands_flatness_db.stdev": 0.040615297853946686, "lowlevel.melbands_kurtosis.mean": 14.926947593688965, "lowlevel.melbands_kurtosis.stdev": 17.04721450805664, "lowlevel.melbands_skewness.mean": 3.135711669921875, "lowlevel.melbands_skewness.stdev": 1.5622780323028564, "lowlevel.melbands_spread.mean": 25.615676879882812, "lowlevel.melbands_spread.stdev": 13.491608619689941, "lowlevel.pitch_salience.mean": 0.5509666204452515, "lowlevel.pitch_salience.stdev": 0.10971248149871826, "lowlevel.silence_rate_20dB.mean": 1.0, "lowlevel.silence_rate_20dB.stdev": 0.0, "lowlevel.silence_rate_30dB.mean": 0.9620177745819092, "lowlevel.silence_rate_30dB.stdev": 0.1911521553993225, "lowlevel.silence_rate_60dB.mean": 0.0011869436129927635, "lowlevel.silence_rate_60dB.stdev": 0.034431908279657364, "lowlevel.spectral_centroid.mean": 1646.8380126953125, "lowlevel.spectral_centroid.stdev": 478.5440979003906, "lowlevel.spectral_complexity.mean": 29.798812866210938, "lowlevel.spectral_complexity.stdev": 7.143892765045166, "lowlevel.spectral_decrease.mean": -1.0240310821529874e-08, "lowlevel.spectral_decrease.stdev": 7.528927703503996e-09, "lowlevel.spectral_energy.mean": 0.04172021523118019, "lowlevel.spectral_energy.stdev": 0.028932586312294006, "lowlevel.spectral_energyband_high.mean": 0.002161921700462699, "lowlevel.spectral_energyband_high.stdev": 0.0013838100712746382, "lowlevel.spectral_energyband_low.mean": 0.019018076360225677, "lowlevel.spectral_energyband_low.stdev": 0.027356373146176338, "lowlevel.spectral_energyband_middle_high.mean": 0.0069990637712180614, "lowlevel.spectral_energyband_middle_high.stdev": 0.005346548277884722, "lowlevel.spectral_energyband_middle_low.mean": 0.017184466123580933, "lowlevel.spectral_energyband_middle_low.stdev": 0.012024445459246635, "lowlevel.spectral_entropy.mean": 7.981502056121826, "lowlevel.spectral_entropy.stdev": 0.18935969471931458, "lowlevel.spectral_flux.mean": 0.1084645539522171, "lowlevel.spectral_flux.stdev": 0.06300412863492966, "lowlevel.spectral_kurtosis.mean": 2.457252025604248, "lowlevel.spectral_kurtosis.stdev": 0.9052178859710693, "lowlevel.spectral_rms.mean": 0.006114552263170481, "lowlevel.spectral_rms.stdev": 0.0018206849927082658, "lowlevel.spectral_rolloff.mean": 1701.44140625, "lowlevel.spectral_rolloff.stdev": 1404.583740234375, "lowlevel.spectral_skewness.mean": 1.2181192636489868, "lowlevel.spectral_skewness.stdev": 0.22646687924861908, "lowlevel.spectral_spread.mean": 5677710.0, "lowlevel.spectral_spread.stdev": 1016305.6875, "lowlevel.spectral_strongpeak.mean": 0.9918525218963623, "lowlevel.spectral_strongpeak.stdev": 1.0649521350860596, "lowlevel.zerocrossingrate.mean": 0.0818365141749382, "lowlevel.zerocrossingrate.stdev": 0.0296840388327837, "metadata.audio_properties.analysis.equal_loudness": 0.0, "metadata.audio_properties.analysis.length": 39.08161163330078, "metadata.audio_properties.analysis.sample_rate": 44100.0, "metadata.audio_properties.analysis.start_time": 0.0, "metadata.audio_properties.bit_rate": 117733.0, "metadata.audio_properties.length": 39.08266830444336, "metadata.audio_properties.lossless": 0.0, "metadata.audio_properties.number_channels": 1.0, "metadata.audio_properties.replay_gain": -10.434988021850586, "metadata.audio_properties.sample_rate": 48000.0, "rhythm.beats_count": 112.0, "rhythm.beats_loudness.mean": 0.05624240264296532, "rhythm.beats_loudness.stdev": 0.02533293515443802, "rhythm.bpm": 172.26556396484375, "rhythm.bpm_histogram_first_peak_bpm": 172.0, "rhythm.bpm_histogram_first_peak_weight": 0.0, "rhythm.bpm_histogram_second_peak_bpm": 178.0, "rhythm.bpm_histogram_second_peak_spread": 0.0, "rhythm.bpm_histogram_second_peak_weight": 0.3243243098258972, "rhythm.danceability": 2.014564275741577, "rhythm.onset_rate": 3.5036211013793945, "tonal.chords_changes_rate": 0.026097271591424942, "tonal.chords_number_rate": 0.004744958598166704, "tonal.chords_strength.mean": 0.535828709602356, "tonal.chords_strength.stdev": 0.05978265777230263, "tonal.hpcp_crest.mean": 14.883001327514648, "tonal.hpcp_crest.stdev": 7.518589973449707, "tonal.hpcp_entropy.mean": 1.935185432434082, "tonal.hpcp_entropy.stdev": 0.8538684844970703, "tonal.key_edma.strength": 0.7257509231567383, "tonal.key_krumhansl.strength": 0.7096351981163025, "tonal.key_temperley.strength": 0.6877389550209045, "tonal.tuning_diatonic_strength": 0.5738914012908936, "tonal.tuning_equal_tempered_deviation": 0.050542064011096954, "tonal.tuning_frequency": 441.0177917480469, "tonal.tuning_nontempered_energy_ratio": 0.6787947416305542, "lowlevel.barkbands.mean": [0.0002836659550666809, 0.010077603161334991, 0.005217722617089748, 0.004958531819283962, 0.004890564829111099, 0.0028647063300013542, 0.0009904812322929502, 0.0023957944940775633, 0.0006957654841244221, 0.0014045343268662691, 0.0008348662522621453, 0.0011952200438827276, 0.0007671189960092306, 0.0006618835031986237, 0.00036662622005678713, 0.00026102716219611466, 0.0005122415022924542, 0.0003397960972506553, 0.0005860096425749362, 0.0004877207102254033, 0.000565605063457042, 0.0003448511124588549, 0.00028973002918064594, 0.00027507281629368663, 0.0002578154962975532, 0.00018929244833998382, 5.985643838357646e-06], "lowlevel.barkbands.stdev": [0.00044298506691120565, 0.022425372153520584, 0.007045881822705269, 0.004450726788491011, 0.0073276604525744915, 0.0033924730960279703, 0.0022221303079277277, 0.004148112144321203, 0.0015099684242159128, 0.003274467308074236, 0.0016132238088175654, 0.0016676436644047499, 0.0013711875071749091, 0.0010147079592570662, 0.000417836825363338, 0.00022071177954785526, 0.000484927324578166, 0.0002247833035653457, 0.0003124150971416384, 0.00030332119786180556, 0.0003492355754133314, 0.0002915198274422437, 0.0003300101088825613, 0.00023310618416871876, 0.0002541162248235196, 0.0002600490697659552, 1.7863971152110025e-05], "lowlevel.erbbands.mean": [0.27013298869132996, 2.3563270568847656, 5.652597427368164, 14.194759368896484, 15.242940902709961, 12.702104568481445, 28.576919555664062, 16.583934783935547, 15.830792427062988, 23.26481056213379, 52.67811965942383, 20.489240646362305, 28.95486831665039, 44.15665054321289, 39.3620719909668, 56.83600997924805, 35.8503303527832, 39.5262336730957, 25.305923461914062, 14.419578552246094, 18.973684310913086, 27.835880279541016, 19.357181549072266, 28.070159912109375, 26.81720542907715, 22.67130470275879, 22.79854393005371, 20.669612884521484, 13.775769233703613, 9.144336700439453, 7.917112350463867, 6.201312065124512, 4.2632927894592285, 2.8899929523468018, 1.8056647777557373, 0.9447550177574158, 0.31440794467926025, 0.047948937863111496, 0.001017507165670395, 8.569344936404377e-05], "lowlevel.erbbands.stdev": [0.6421267986297607, 5.1598052978515625, 8.695052146911621, 12.295280456542969, 23.653026580810547, 19.723655700683594, 35.59357833862305, 27.444433212280273, 33.47782516479492, 51.458003997802734, 99.21162414550781, 37.80575180053711, 54.10483932495117, 117.22056579589844, 74.33964538574219, 82.85406494140625, 56.55261993408203, 65.4437026977539, 25.680334091186523, 16.275373458862305, 16.020755767822266, 25.809709548950195, 13.399523735046387, 15.422385215759277, 15.827116012573242, 13.296720504760742, 13.892711639404297, 13.594328880310059, 11.232428550720215, 9.674699783325195, 8.879161834716797, 5.909132957458496, 3.554365396499634, 2.5453720092773438, 2.0787112712860107, 1.2109683752059937, 0.4701279401779175, 0.08406505733728409, 0.0018348109442740679, 6.55025796731934e-05], "lowlevel.gfcc.mean": [66.71469116210938, 60.366695404052734, -105.2583999633789, 42.59172439575195, -58.35346984863281, 22.689552307128906, -37.66328430175781, 9.686542510986328, -40.35235595703125, 4.907404899597168, -21.69650650024414, 1.1666252613067627, -17.154407501220703], "lowlevel.melbands.mean": [0.0026854395400732756, 0.003086019540205598, 0.0023310785181820393, 0.0010309648932889104, 0.0008546491735614836, 0.00041020690696313977, 0.00023075290664564818, 0.0002955571690108627, 0.0003890949592459947, 0.0001142580877058208, 0.00014575694513041526, 0.0001824470527935773, 0.00012095543934265152, 0.00014238404401112348, 9.28947702050209e-05, 8.416282798862085e-05, 7.276880933204666e-05, 4.292237645131536e-05, 2.278041029057931e-05, 1.6579575458308682e-05, 2.42849018832203e-05, 3.090554673690349e-05, 2.021308864641469e-05, 1.6015934306778945e-05, 2.3683494873694144e-05, 2.1034973542555235e-05, 1.7914300769916736e-05, 1.4013839972903952e-05, 1.3884296095056925e-05, 1.4388452655111905e-05, 1.0928041774604935e-05, 8.381842235394288e-06, 5.273988335829927e-06, 5.103473085910082e-06, 4.6134277909004595e-06, 4.131108653382398e-06, 3.714559625223046e-06, 3.063398025915376e-06, 2.6785037334775552e-06, 2.360520511501818e-06], "lowlevel.melbands.stdev": [0.0060849543660879135, 0.004904147237539291, 0.00190766213927418, 0.0017391324508935213, 0.0010295553365722299, 0.0006053189863450825, 0.0004915445460937917, 0.000612621137406677, 0.000746537814848125, 0.0002520648413337767, 0.0002755068999249488, 0.0005155511316843331, 0.000224909235839732, 0.00020021437376271933, 0.00012386689195409417, 0.00015312926552724093, 0.000123724908917211, 4.583080590236932e-05, 2.5446508516324684e-05, 1.650902777328156e-05, 2.2655120119452477e-05, 2.9745955544058233e-05, 1.7622305676923133e-05, 1.1256154721195344e-05, 1.4268722225097008e-05, 1.301024076383328e-05, 1.3969576684758067e-05, 8.695757969690021e-06, 9.203985428030137e-06, 1.0067260518553667e-05, 7.62519812269602e-06, 7.002170150371967e-06, 5.17703983859974e-06, 5.974661235086387e-06, 5.465785761771258e-06, 4.468605311558349e-06, 3.5205412132199854e-06, 2.669875584615511e-06, 2.348662292206427e-06, 2.2012077351973858e-06], "lowlevel.melbands128.mean": [0.00017402465164195746, 0.001767235342413187, 0.004170312080532312, 0.0036921834107488394, 0.002819027518853545, 0.0026010465808212757, 0.0032962283585220575, 0.0018610295373946428, 0.0015292934840545058, 0.0012406132882460952, 0.0004585025308188051, 0.0006771537009626627, 0.001306444755755365, 0.0006103290361352265, 0.00031702336855232716, 0.0003452632518019527, 0.00030691083520650864, 0.00019123952370136976, 0.00016213285562116653, 0.00024639719049446285, 0.0003309690218884498, 0.0005013385089114308, 0.0005382171948440373, 8.012143371161073e-05, 9.218569175573066e-05, 0.00013939649215899408, 0.00010852295235963538, 0.00016851948748808354, 0.00010461091005709022, 0.00029768614331260324, 0.00014530395856127143, 9.312995098298416e-05, 0.00013868232781533152, 0.00014431786257773638, 6.0376940382411703e-05, 0.00018812381313182414, 0.00021028656919952482, 5.297940879245289e-05, 4.437600000528619e-05, 9.221465734299272e-05, 8.974243974080309e-05, 8.62128144945018e-05, 6.1031772929709405e-05, 8.779725612839684e-05, 4.179979077889584e-05, 3.752019256353378e-05, 4.0484399505658075e-05, 1.8365541109233163e-05, 1.8834820366464555e-05, 1.8598248061607592e-05, 1.4940467735868879e-05, 1.571912616782356e-05, 1.9949000488850288e-05, 2.7860198315465823e-05, 3.518054654705338e-05, 3.0517474442603998e-05, 3.031050437130034e-05, 2.1080712031107396e-05, 1.7773640138329938e-05, 1.5647618056391366e-05, 1.4775540876144078e-05, 1.5434485248988494e-05, 2.4373421183554456e-05, 2.658804260136094e-05, 2.196405694121495e-05, 2.290396332682576e-05, 1.9078661352978088e-05, 1.604119643161539e-05, 2.025326648436021e-05, 1.6899046386242844e-05, 1.2782597877958324e-05, 1.317329952144064e-05, 1.3433967978926376e-05, 1.4788563021284062e-05, 1.300116582569899e-05, 1.49689494719496e-05, 1.536004310764838e-05, 1.2354256796243135e-05, 1.0666648449841887e-05, 8.673055162944365e-06, 8.941768101067282e-06, 8.986061402538326e-06, 5.685837095370516e-06, 4.993096808902919e-06, 4.534832442004699e-06, 4.965542302670656e-06, 5.400928785093129e-06, 5.102915565657895e-06, 4.487038495426532e-06, 4.3755198930739425e-06, 4.321698270359775e-06, 4.098612862435402e-06, 3.7681979847548064e-06, 3.5935167943534907e-06, 3.8115133520477684e-06, 3.5814443890558323e-06, 2.6075351797771873e-06, 2.736855776674929e-06, 2.8799008759960998e-06, 2.5847384677035734e-06, 2.299264451721683e-06, 2.4646956262586173e-06, 2.2180279302119743e-06, 2.1530959202209488e-06, 1.9177641661372036e-06, 1.9372553197172238e-06, 2.153672539861873e-06, 1.8991346451002755e-06, 1.578820047143381e-06, 1.504478746028326e-06, 1.2068458090652712e-06, 1.0437846640343196e-06, 9.671580301073845e-07, 9.315479019278428e-07, 7.643218395969598e-07, 5.765297146353987e-07, 2.3939520588101004e-07, 3.112348778699925e-08, 4.458535762807969e-10, 6.742426495592868e-12, 5.7856141752465895e-12, 5.627299407701125e-12, 5.479080297104977e-12, 5.36006438886516e-12, 5.2265136663010026e-12, 5.0745319404854605e-12, 4.9831310952597185e-12, 4.9456580324125365e-12], "lowlevel.melbands128.stdev": [0.0004006232775282115, 0.004539200570434332, 0.009798855520784855, 0.008504554629325867, 0.0054587810300290585, 0.003186208428815007, 0.003020609263330698, 0.0017805250827223063, 0.003008526284247637, 0.002533713122829795, 0.000959165277890861, 0.0009946339996531606, 0.0017476440407335758, 0.0008894733036868274, 0.0008489633328281343, 0.0008543736767023802, 0.0008783849189057946, 0.0005371360457502306, 0.0005981664871796966, 0.0007340036681853235, 0.0009346716105937958, 0.0010469370754435658, 0.0012072853278368711, 0.00025934871518984437, 0.0002574243408162147, 0.0004431996203493327, 0.00027642861823551357, 0.00047477963380515575, 0.00023684019106440246, 0.0010228382889181376, 0.0005002559628337622, 0.00020414774189703166, 0.00026905484264716506, 0.0004912200383841991, 0.00010477957403054461, 0.000344021333148703, 0.0003477205755189061, 0.00010056114115286618, 0.00013819952437188476, 0.00022254142095334828, 0.00019234430510550737, 0.0002984387974720448, 0.00013920522178523242, 0.00018116095452569425, 7.061220094328746e-05, 4.640235783881508e-05, 6.389036570908502e-05, 2.9157701646909118e-05, 3.077789369854145e-05, 3.43903957400471e-05, 1.6720367057132535e-05, 1.783999687177129e-05, 2.2998683562036604e-05, 3.3278396585956216e-05, 4.601155160344206e-05, 3.656572516774759e-05, 4.114342664252035e-05, 2.5765501050045714e-05, 1.6618159861536697e-05, 1.4718478269060142e-05, 1.585426252859179e-05, 1.2200619494251441e-05, 1.9147626517224126e-05, 2.2501915736938827e-05, 1.6295853129122406e-05, 1.8841992641682737e-05, 1.6558935385546647e-05, 1.4904401723470073e-05, 2.32899055845337e-05, 1.403605165251065e-05, 1.0778046998893842e-05, 1.0871259291889146e-05, 1.168108792626299e-05, 1.2449523637769744e-05, 1.0083576853503473e-05, 1.3075911738269497e-05, 1.3691086678591091e-05, 1.0247616046399344e-05, 8.830048500385601e-06, 7.968309546413366e-06, 8.426842214248609e-06, 9.274293006455991e-06, 5.8831660680880304e-06, 5.728621090383967e-06, 5.281476205709623e-06, 6.08099526289152e-06, 7.417879260174232e-06, 6.908613613632042e-06, 5.918722763453843e-06, 5.461475211632205e-06, 5.503102329385001e-06, 4.9393324843549635e-06, 4.2568021854094695e-06, 3.9353435568045825e-06, 4.073671789228683e-06, 3.4204667826998048e-06, 2.607352371342131e-06, 2.9055972845526412e-06, 2.89639115180762e-06, 2.558663481977419e-06, 2.506027612980688e-06, 2.476011559338076e-06, 2.5390663722646423e-06, 2.7494791083881864e-06, 2.6973348212777637e-06, 2.6818879632628523e-06, 2.9483187518053455e-06, 2.471497737133177e-06, 2.195770775870187e-06, 2.3021880224405322e-06, 2.0544309791148407e-06, 1.7588042737770593e-06, 1.5568767821605434e-06, 1.535746832814766e-06, 1.3523753068511724e-06, 1.07373193714011e-06, 6.656917435066134e-07, 1.5398774166897056e-07, 7.218968089972577e-09, 2.1713084455421416e-11, 9.13186540274502e-12, 8.88626065093101e-12, 8.677671428647393e-12, 8.50676994124111e-12, 8.366364025180761e-12, 8.253750981290775e-12, 8.173187820981198e-12, 8.123848815877466e-12], "lowlevel.mfcc.mean": [-577.9818115234375, 90.6818618774414, 9.688494682312012, 25.804580688476562, 4.281973361968994, 11.30242919921875, 12.437407493591309, 2.0160269737243652, -2.910113573074341, -3.8967721462249756, -2.383213996887207, 0.4164934456348419, -5.190249919891357], "lowlevel.spectral_contrast_coeffs.mean": [-0.6721894145011902, -0.7389770150184631, -0.7665843963623047, -0.8089247345924377, -0.8074153661727905, -0.7438481450080872], "lowlevel.spectral_contrast_coeffs.stdev": [0.06708131730556488, 0.08553292602300644, 0.06758065521717072, 0.03711371868848801, 0.019831694662570953, 0.02497081272304058], "lowlevel.spectral_contrast_valleys.mean": [-6.230776309967041, -6.773743152618408, -6.867044925689697, -7.077202796936035, -6.628273010253906, -9.213150978088379], "lowlevel.spectral_contrast_valleys.stdev": [0.5384552478790283, 0.5592029690742493, 0.45423004031181335, 0.4005465805530548, 0.35986852645874023, 0.4993855059146881], "rhythm.beats_loudness_band_ratio.mean": [0.5370873808860779, 0.20720180869102478, 0.10859530419111252, 0.09550680220127106, 0.04313546419143677, 0.08172524720430374], "rhythm.beats_loudness_band_ratio.stdev": [0.2318173050880432, 0.1953498125076294, 0.11531439423561096, 0.10594161599874496, 0.027790827676653862, 0.059750743210315704], "tonal.hpcp.mean": [0.26428908109664917, 0.14232702553272247, 0.07596630603075027, 0.08535443246364594, 0.06874578446149826, 0.07533061504364014, 0.08361044526100159, 0.07176220417022705, 0.09524084627628326, 0.1092941015958786, 0.0780499279499054, 0.05907484516501427, 0.060980889946222305, 0.08498917520046234, 0.36318448185920715, 0.631977915763855, 0.3810066282749176, 0.10169952362775803, 0.07636142522096634, 0.052797429263591766, 0.040257420390844345, 0.04094419255852699, 0.04805263876914978, 0.07511117309331894, 0.08289241790771484, 0.05241159349679947, 0.04101373255252838, 0.03961086645722389, 0.033579230308532715, 0.11957595497369766, 0.1846589297056198, 0.12365929037332535, 0.08488864451646805, 0.0707799419760704, 0.06316054612398148, 0.18923942744731903], "tonal.hpcp.stdev": [0.317922443151474, 0.20395126938819885, 0.19321700930595398, 0.22379083931446075, 0.18810606002807617, 0.1890445351600647, 0.20199139416217804, 0.18465884029865265, 0.19768840074539185, 0.23392729461193085, 0.18506428599357605, 0.17192943394184113, 0.16634570062160492, 0.18067693710327148, 0.2864662706851959, 0.37193089723587036, 0.2794514298439026, 0.18554864823818207, 0.1929321438074112, 0.1476096212863922, 0.11196471005678177, 0.11360538750886917, 0.11606030911207199, 0.151794895529747, 0.17901486158370972, 0.12064533680677414, 0.10261860489845276, 0.09706051647663116, 0.08199731260538101, 0.20893630385398865, 0.2954694330692291, 0.19976894557476044, 0.20048289000988007, 0.17522205412387848, 0.13742196559906006, 0.24273844063282013], "rhythm.beats_position": [0.3599092960357666, 0.7198185920715332, 1.0681178569793701, 1.4164172410964966, 1.7647165060043335, 2.1246259212493896, 2.4845352172851562, 2.832834482192993, 3.18113374710083, 3.529433012008667, 3.877732276916504, 4.21442174911499, 4.551111221313477, 4.911020278930664, 5.27092981338501, 5.619228839874268, 5.967528343200684, 6.304217338562012, 6.664126873016357, 7.012426376342773, 7.360725402832031, 7.709024906158447, 8.057324409484863, 8.394013404846191, 8.73070240020752, 9.067392349243164, 9.404081344604492, 9.74077033996582, 10.077460289001465, 10.437369346618652, 10.78566837310791, 11.145578384399414, 11.493877410888672, 11.83056640625, 12.178866386413574, 12.527165412902832, 12.86385440826416, 13.223763465881348, 13.583673477172852, 13.93197250366211, 14.268661499023438, 14.605351448059082, 14.95365047454834, 15.290339469909668, 15.638639450073242, 15.99854850769043, 16.346847534179688, 16.683536529541016, 17.031835556030273, 17.368526458740234, 17.716825485229492, 18.06512451171875, 18.413423538208008, 18.761722564697266, 19.110021591186523, 19.458322525024414, 19.795011520385742, 20.13170051574707, 20.479999542236328, 20.816688537597656, 21.141767501831055, 21.478458404541016, 21.826757431030273, 22.17505645751953, 22.51174545288086, 22.860044479370117, 23.196733474731445, 23.545034408569336, 23.904943466186523, 24.24163246154785, 24.58993148803711, 24.938230514526367, 25.286529541015625, 25.623218536376953, 25.959909439086914, 26.308208465576172, 26.65650749206543, 27.004806518554688, 27.353105545043945, 27.713014602661133, 28.061315536499023, 28.40961456298828, 28.74630355834961, 29.082992553710938, 29.419681549072266, 29.767980575561523, 30.116281509399414, 30.464580535888672, 30.81287956237793, 31.149568557739258, 31.497867584228516, 31.834556579589844, 32.182857513427734, 32.53115463256836, 32.87945556640625, 33.227752685546875, 33.576053619384766, 33.924354553222656, 34.261043548583984, 34.59773254394531, 34.94602966308594, 35.29433059692383, 35.64263153076172, 35.990928649902344, 36.339229583740234, 36.68752670288086, 37.02421569824219, 37.360904693603516, 37.69759750366211, 38.045894622802734, 38.394195556640625, 38.73088455200195], "rhythm.bpm_histogram": [0.0, 0.0, 0.0, 0.0, 0.0, 0.0, 0.0, 0.0, 0.0, 0.0, 0.0, 0.0, 0.0, 0.0, 0.0, 0.0, 0.0, 0.0, 0.0, 0.0, 0.0, 0.0, 0.0, 0.0, 0.0, 0.0, 0.0, 0.0, 0.0, 0.0, 0.0, 0.0, 0.0, 0.0, 0.0, 0.0, 0.0, 0.0, 0.0, 0.0, 0.0, 0.0, 0.0, 0.0, 0.0, 0.0, 0.0, 0.0, 0.0, 0.0, 0.0, 0.0, 0.0, 0.0, 0.0, 0.0, 0.0, 0.0, 0.0, 0.0, 0.0, 0.0, 0.0, 0.0, 0.0, 0.0, 0.0, 0.0, 0.0, 0.0, 0.0, 0.0, 0.0, 0.0, 0.0, 0.0, 0.0, 0.0, 0.0, 0.0, 0.0, 0.0, 0.0, 0.0, 0.0, 0.0, 0.0, 0.0, 0.0, 0.0, 0.0, 0.0, 0.0, 0.0, 0.0, 0.0, 0.0, 0.0, 0.0, 0.0, 0.0, 0.0, 0.0, 0.0, 0.0, 0.0, 0.0, 0.0, 0.0, 0.0, 0.0, 0.0, 0.0, 0.0, 0.0, 0.0, 0.0, 0.0, 0.0, 0.0, 0.0, 0.0, 0.0, 0.0, 0.0, 0.0, 0.0, 0.0, 0.0, 0.0, 0.0, 0.0, 0.0, 0.0, 0.0, 0.0, 0.0, 0.0, 0.0, 0.0, 0.0, 0.0, 0.0, 0.0, 0.0, 0.0, 0.0, 0.0, 0.0, 0.0, 0.0, 0.0, 0.0, 0.0, 0.0, 0.0, 0.0, 0.0, 0.0, 0.0, 0.0, 0.0, 0.0, 0.0, 0.0, 0.0, 0.0, 0.11711711436510086, 0.0, 0.0, 0.0, 0.0, 0.5495495200157166, 0.0, 0.0, 0.0, 0.0, 0.0, 0.3243243098258972, 0.0, 0.0, 0.0, 0.0, 0.0, 0.0, 0.009009009227156639, 0.0, 0.0, 0.0, 0.0, 0.0, 0.0, 0.0, 0.0, 0.0, 0.0, 0.0, 0.0, 0.0, 0.0, 0.0, 0.0, 0.0, 0.0, 0.0, 0.0, 0.0, 0.0, 0.0, 0.0, 0.0, 0.0, 0.0, 0.0, 0.0, 0.0, 0.0, 0.0, 0.0, 0.0, 0.0, 0.0, 0.0, 0.0, 0.0, 0.0, 0.0, 0.0, 0.0, 0.0, 0.0, 0.0, 0.0, 0.0, 0.0, 0.0, 0.0, 0.0, 0.0, 0.0, 0.0, 0.0, 0.0, 0.0, 0.0, 0.0, 0.0, 0.0, 0.0, 0.0], "tonal.chords_histogram": [25.74139976501465, 0.0, 23.606168746948242, 0.0, 0.0, 0.0, 0.0, 27.876630783081055, 0.0, 22.775800704956055, 0.0, 0.0, 0.0, 0.0, 0.0, 0.0, 0.0, 0.0, 0.0, 0.0, 0.0, 0.0, 0.0, 0.0], "tonal.thpcp": [1.0, 0.6028796434402466, 0.1609225869178772, 0.1208292618393898, 0.08354315906763077, 0.06370067596435547, 0.0647873803973198, 0.07603531330823898, 0.1188509464263916, 0.13116347789764404, 0.08293263614177704, 0.06489741057157516, 0.06267761439085007, 0.05313355103135109, 0.18920907378196716, 0.2921920716762543, 0.19567027688026428, 0.1343221664428711, 0.11199749261140823, 0.09994106739759445, 0.299439936876297, 0.4181935489177704, 0.22520886361598969, 0.12020405381917953, 0.1350592076778412, 0.10877877473831177, 0.11919817328453064, 0.13229963183403015, 0.11355175822973251, 0.1507028043270111, 0.1729397475719452, 0.12350104004144669, 0.09347612410783768, 0.09649211913347244, 0.13448123633861542, 0.5746790766716003], "lowlevel.gfcc.cov": [[1418.7581787109375, -62.9301872253418, 135.6380157470703, -110.57188415527344, -36.44463348388672, -33.47039794921875, -14.657973289489746, 31.089069366455078, 9.817510604858398, 44.37019729614258, -34.690391540527344, 27.34946060180664, -74.6815414428711], [-62.9301872253418, 455.5458679199219, -163.78717041015625, 16.571073532104492, -20.674625396728516, -14.803754806518555, 53.42209243774414, 5.194918155670166, 39.474205017089844, -10.846866607666016, 56.83860397338867, -44.42072296142578, 62.4039306640625], [135.6380157470703, -163.78717041015625, 294.4034118652344, 11.374100685119629, 100.73038482666016, -28.986736297607422, -15.403197288513184, 30.827951431274414, -3.9326252937316895, 51.355289459228516, -13.181741714477539, 73.29549407958984, -6.55892276763916], [-110.57188415527344, 16.571073532104492, 11.374100685119629, 333.1640319824219, 97.23570251464844, 107.94282531738281, 2.1124041080474854, -25.289236068725586, 45.937076568603516, -6.910289764404297, 65.88367462158203, 10.120525360107422, 55.176849365234375], [-36.44463348388672, -20.674625396728516, 100.73038482666016, 97.23570251464844, 186.4469757080078, 66.17269134521484, 41.43633270263672, 10.29472827911377, 2.796205997467041, 28.840133666992188, 24.11851692199707, 35.06935119628906, 20.707462310791016], [-33.47039794921875, -14.803754806518555, -28.986736297607422, 107.94282531738281, 66.17269134521484, 205.90882873535156, 123.34286499023438, 35.24736785888672, 19.919139862060547, -5.981740474700928, 42.27293014526367, -13.003997802734375, 9.085522651672363], [-14.657973289489746, 53.42209243774414, -15.403197288513184, 2.1124041080474854, 41.43633270263672, 123.34286499023438, 178.43516540527344, 85.277587890625, 30.286827087402344, 1.3034260272979736, 19.57684898376465, -12.428229331970215, -2.1219189167022705], [31.089069366455078, 5.194918155670166, 30.827951431274414, -25.289236068725586, 10.29472827911377, 35.24736785888672, 85.277587890625, 110.54039001464844, 54.51091003417969, 27.027822494506836, -3.8852615356445312, -5.923360824584961, -5.216953277587891], [9.817510604858398, 39.474205017089844, -3.9326252937316895, 45.937076568603516, 2.796205997467041, 19.919139862060547, 30.286827087402344, 54.51091003417969, 116.25849914550781, 51.65217971801758, 17.958974838256836, -22.166812896728516, -4.343045234680176], [44.37019729614258, -10.846866607666016, 51.355289459228516, -6.910289764404297, 28.840133666992188, -5.981740474700928, 1.3034260272979736, 27.027822494506836, 51.65217971801758, 87.70011901855469, 28.062469482421875, 10.687495231628418, -9.236501693725586], [-34.690391540527344, 56.83860397338867, -13.181741714477539, 65.88367462158203, 24.11851692199707, 42.27293014526367, 19.57684898376465, -3.8852615356445312, 17.958974838256836, 28.062469482421875, 73.63616943359375, 25.43110466003418, 27.06873893737793], [27.34946060180664, -44.42072296142578, 73.29549407958984, 10.120525360107422, 35.06935119628906, -13.003997802734375, -12.428229331970215, -5.923360824584961, -22.166812896728516, 10.687495231628418, 25.43110466003418, 82.38700866699219, 39.526546478271484], [-74.6815414428711, 62.4039306640625, -6.55892276763916, 55.176849365234375, 20.707462310791016, 9.085522651672363, -2.1219189167022705, -5.216953277587891, -4.343045234680176, -9.236501693725586, 27.06873893737793, 39.526546478271484, 82.35906982421875]], "lowlevel.gfcc.icov": [[0.0008717511664144695, -0.0005904624122194946, -0.0004183270502835512, -7.031921086309012e-06, 0.0005806679255329072, -0.0008284543873742223, 0.0005018706433475018, -0.00011982132855337113, -2.7845635486301035e-05, -0.000488611520268023, 0.0011281596962362528, -0.0015453919768333435, 0.0014746388187631965], [-0.0005904624122194946, 0.006231946870684624, 0.001429941738024354, 0.0011911675101146102, -0.0021601743064820766, 0.005730012897402048, -0.0041664233431220055, 0.0011956406524404883, -0.0014689987292513251, 0.00284053897485137, -0.008379720151424408, 0.008721488527953625, -0.00725260004401207], [-0.0004183270502835512, 0.001429941738024354, 0.008578155189752579, -0.001783460844308138, -0.0032042621169239283, 0.002249112818390131, -0.00017577259859535843, -0.003014323068782687, 0.0016934408340603113, -0.0038929495494812727, 0.003932109102606773, -0.006321914028376341, 0.0021716707851737738], [-7.031921086309012e-06, 0.0011911675101146102, -0.001783460844308138, 0.008168243803083897, -0.0034776057582348585, -0.002667639870196581, 0.00321939610876143, 0.0020514552015811205, -0.006177420262247324, 0.0072498619556427, -0.007957779802381992, 0.004874726757407188, -0.004378519952297211], [0.0005806679255329072, -0.0021601743064820766, -0.0032042621169239283, -0.0034776057582348585, 0.011226728558540344, -0.0034850274678319693, -0.002054785843938589, 0.0017950577894225717, 0.0031084914226084948, -0.006531999912112951, 0.00621003657579422, -0.004499115515500307, 0.0014100495027378201], [-0.0008284543873742223, 0.005730012897402048, 0.002249112818390131, -0.002667639870196581, -0.0034850274678319693, 0.01825675182044506, -0.012559632770717144, 0.0017631934024393559, 0.0007664909935556352, 0.0027971072122454643, -0.010648977942764759, 0.010026004165410995, -0.005433942656964064], [0.0005018706433475018, -0.0041664233431220055, -0.00017577259859535843, 0.00321939610876143, -0.002054785843938589, -0.012559632770717144, 0.021935025230050087, -0.012993642129004002, 0.00016100076027214527, 0.0042842780239880085, -0.00033870298648253083, -0.004626610316336155, 0.005906127393245697], [-0.00011982132855337113, 0.0011956406524404883, -0.003014323068782687, 0.0020514552015811205, 0.0017950577894225717, 0.0017631934024393559, -0.012993642129004002, 0.02488989196717739, -0.009618683718144894, -0.0021698204800486565, 0.004353112541139126, 0.001077480730600655, -0.004731423687189817], [-2.7845635486301035e-05, -0.0014689987292513251, 0.0016934408340603113, -0.006177420262247324, 0.0031084914226084948, 0.0007664909935556352, 0.00016100076027214527, -0.009618683718144894, 0.022141126915812492, -0.014087877236306667, 0.0035894629545509815, 0.002824724419042468, 0.000942231563385576], [-0.000488611520268023, 0.00284053897485137, -0.0038929495494812727, 0.0072498619556427, -0.006531999912112951, 0.0027971072122454643, 0.0042842780239880085, -0.0021698204800486565, -0.014087877236306667, 0.03224533423781395, -0.02155948616564274, 0.006468906998634338, 0.0003989144170191139], [0.0011281596962362528, -0.008379720151424408, 0.003932109102606773, -0.007957779802381992, 0.00621003657579422, -0.010648977942764759, -0.00033870298648253083, 0.004353112541139126, 0.0035894629545509815, -0.02155948616564274, 0.04614199697971344, -0.025721164420247078, 0.007847619242966175], [-0.0015453919768333435, 0.008721488527953625, -0.006321914028376341, 0.004874726757407188, -0.004499115515500307, 0.010026004165410995, -0.004626610316336155, 0.001077480730600655, 0.002824724419042468, 0.006468906998634338, -0.025721164420247078, 0.04456595703959465, -0.023865103721618652], [0.0014746388187631965, -0.00725260004401207, 0.0021716707851737738, -0.004378519952297211, 0.0014100495027378201, -0.005433942656964064, 0.005906127393245697, -0.004731423687189817, 0.000942231563385576, 0.0003989144170191139, 0.007847619242966175, -0.023865103721618652, 0.031146937981247902]], "lowlevel.mfcc.cov": [[890.4423217773438, -22.124828338623047, 49.082584381103516, -40.314029693603516, -33.9925651550293, -7.967187881469727, -42.69606018066406, 5.72560453414917, -1.9573966264724731, 24.456470489501953, 31.608219146728516, 13.218481063842773, -19.630645751953125], [-22.124828338623047, 373.42926025390625, -80.79113006591797, -34.214046478271484, -70.90770721435547, -81.39676666259766, 5.464557647705078, -34.245445251464844, 23.610326766967773, -8.113618850708008, 3.5485424995422363, -4.80837869644165, 16.14223289489746], [49.082584381103516, -80.79113006591797, 137.20394897460938, 43.27146911621094, 35.555992126464844, 4.674661636352539, -11.561158180236816, 9.10317611694336, 1.6446669101715088, 3.1852850914001465, 0.542178750038147, 5.607689380645752, 14.034341812133789], [-40.314029693603516, -34.214046478271484, 43.27146911621094, 172.64381408691406, 108.81129455566406, 42.23891067504883, -11.540862083435059, -6.496374607086182, -3.2093141078948975, -5.4550065994262695, -18.277482986450195, 5.829481601715088, 22.48471450805664], [-33.9925651550293, -70.90770721435547, 35.555992126464844, 108.81129455566406, 156.26303100585938, 72.46751403808594, 6.73610258102417, -8.295703887939453, -9.384148597717285, -3.5513482093811035, -11.87948989868164, 3.7406888008117676, 12.947755813598633], [-7.967187881469727, -81.39676666259766, 4.674661636352539, 42.23891067504883, 72.46751403808594, 147.520263671875, 77.51263427734375, 43.63361358642578, -6.932917594909668, 20.59852409362793, 17.058757781982422, 21.361114501953125, -11.837515830993652], [-42.69606018066406, 5.464557647705078, -11.561158180236816, -11.540862083435059, 6.73610258102417, 77.51263427734375, 152.1298828125, 78.45648193359375, 21.946212768554688, 7.999967575073242, 11.823197364807129, 18.011463165283203, -6.114210605621338], [5.72560453414917, -34.245445251464844, 9.10317611694336, -6.496374607086182, -8.295703887939453, 43.63361358642578, 78.45648193359375, 108.9093246459961, 45.02370071411133, 27.11160659790039, 12.499846458435059, 15.805306434631348, -2.62626314163208], [-1.9573966264724731, 23.610326766967773, 1.6446669101715088, -3.2093141078948975, -9.384148597717285, -6.932917594909668, 21.946212768554688, 45.02370071411133, 85.52656555175781, 51.19478225708008, 26.284616470336914, 13.56418514251709, 10.30737018585205], [24.456470489501953, -8.113618850708008, 3.1852850914001465, -5.4550065994262695, -3.5513482093811035, 20.59852409362793, 7.999967575073242, 27.11160659790039, 51.19478225708008, 93.96888732910156, 61.56272888183594, 31.470256805419922, 2.7032630443573], [31.608219146728516, 3.5485424995422363, 0.542178750038147, -18.277482986450195, -11.87948989868164, 17.058757781982422, 11.823197364807129, 12.499846458435059, 26.284616470336914, 61.56272888183594, 85.94181823730469, 42.7808837890625, 7.101260185241699], [13.218481063842773, -4.80837869644165, 5.607689380645752, 5.829481601715088, 3.7406888008117676, 21.361114501953125, 18.011463165283203, 15.805306434631348, 13.56418514251709, 31.470256805419922, 42.7808837890625, 62.48139953613281, 21.184280395507812], [-19.630645751953125, 16.14223289489746, 14.034341812133789, 22.48471450805664, 12.947755813598633, -11.837515830993652, -6.114210605621338, -2.62626314163208, 10.30737018585205, 2.7032630443573, 7.101260185241699, 21.184280395507812, 55.81204605102539]], "lowlevel.mfcc.icov": [[0.0012394859222695231, -0.00016382178000640124, -0.0006255310145206749, 0.0003499558661133051, 0.0001240208075614646, -0.00030369512387551367, 0.0007750899530947208, -0.00046098409802652895, 0.0001867695536930114, 2.7226718884776346e-05, -0.00030561763560399413, -0.00030649948166683316, 0.0005890980246476829], [-0.00016382178000640124, 0.004255880136042833, 0.002222565934062004, -0.0011757699539884925, 0.0013747483026236296, 0.002221286529675126, -0.002527383156120777, 0.002708748448640108, -0.0017661270685493946, 0.0005356171168386936, -0.0006274610059335828, 0.0004054361779708415, -0.0011447725119069219], [-0.0006255310145206749, 0.002222565934062004, 0.00987208355218172, -0.002053347183391452, -0.0009757009102031589, 0.0023393791634589434, -0.0003340071707498282, -0.0011328805703669786, 0.0002828910364769399, 8.410584996454418e-05, -0.0009768668096512556, 0.0004954652977176011, -0.002005484653636813], [0.0003499558661133051, -0.0011757699539884925, -0.002053347183391452, 0.011871873401105404, -0.00729740783572197, -0.0016133437165990472, 0.0026191112119704485, -0.0012149875983595848, -0.00034984759986400604, -0.0003388822078704834, 0.002916766796261072, -0.001659063040278852, -0.0018831681227311492], [0.0001240208075614646, 0.0013747483026236296, -0.0009757009102031589, -0.00729740783572197, 0.01595180854201317, -0.00698777474462986, -0.00024927675258368254, 0.0047706542536616325, -0.0026648796629160643, 0.0009028514032252133, 0.0009342774283140898, 0.0014343643561005592, -0.0023691994138062], [-0.00030369512387551367, 0.002221286529675126, 0.0023393791634589434, -0.0016133437165990472, -0.00698777474462986, 0.01869083195924759, -0.008114512078464031, -0.002778984373435378, 0.006891580298542976, -0.005162845831364393, -0.0011413636384531856, -0.0021638101898133755, 0.0038219140842556953], [0.0007750899530947208, -0.002527383156120777, -0.0003340071707498282, 0.0026191112119704485, -0.00024927675258368254, -0.008114512078464031, 0.016318919137120247, -0.009404691867530346, -0.001533728209324181, 0.005062319338321686, -0.0013299296842887998, -0.0015937237767502666, 0.0005266020307317376], [-0.00046098409802652895, 0.002708748448640108, -0.0011328805703669786, -0.0012149875983595848, 0.0047706542536616325, -0.002778984373435378, -0.009404691867530346, 0.022684544324874878, -0.010461440309882164, -0.0006737746298313141, 0.0035537825897336006, -0.0017867444548755884, 0.00036043982254341245], [0.0001867695536930114, -0.0017661270685493946, 0.0002828910364769399, -0.00034984759986400604, -0.0026648796629160643, 0.006891580298542976, -0.001533728209324181, -0.010461440309882164, 0.02690776437520981, -0.01511156652122736, 0.001501630526036024, 0.0026011888403445482, -0.0033498588018119335], [2.7226718884776346e-05, 0.0005356171168386936, 8.410584996454418e-05, -0.0003388822078704834, 0.0009028514032252133, -0.005162845831364393, 0.005062319338321686, -0.0006737746298313141, -0.01511156652122736, 0.031269583851099014, -0.016822518780827522, -0.001552064437419176, 0.003194224089384079], [-0.00030561763560399413, -0.0006274610059335828, -0.0009768668096512556, 0.002916766796261072, 0.0009342774283140898, -0.0011413636384531856, -0.0013299296842887998, 0.0035537825897336006, 0.001501630526036024, -0.016822518780827522, 0.030593108385801315, -0.013282938860356808, 0.00039396295323967934], [-0.00030649948166683316, 0.0004054361779708415, 0.0004954652977176011, -0.001659063040278852, 0.0014343643561005592, -0.0021638101898133755, -0.0015937237767502666, -0.0017867444548755884, 0.0026011888403445482, -0.001552064437419176, -0.013282938860356808, 0.03087388537824154, -0.011165427975356579], [0.0005890980246476829, -0.0011447725119069219, -0.002005484653636813, -0.0018831681227