{"song_id": "1182274476268847184", "download": "https://cdn.discordapp.com/attachments/1128313332273782784/1182274476268847184/chirp.mp4?ex=658419e8&amp", "lyrics": "[Verse]\n\u0412 \u0421\u0422\u041e \u043e\u043d - \u043a\u043e\u0440\u043e\u043b\u044c, \u0432\u043b\u0430\u0434\u044b\u043a\u0430 \u0441\u0432\u0430\u0440\u043a\u0438, \u0432\u044b\u0445\u043b\u043e\u043f\u043d\u044b\u0445 \u0438 \u0448\u0438\u043d\n\u041d\u043e \u043f\u043e\u043a\u0430 \u043e\u043d \u043a\u0440\u0443\u0442\u0438\u0442 \u0433\u0430\u0439\u043a\u0438, \u0435\u043c\u0443 \u0442\u043e\u043b\u044c\u043a\u043e \u043f\u0440\u0435\u0434\u0441\u0442\u043e\u0438\u0442 \u0434\u043e\u0441\u0442\u0438\u0447\u044c \u0432\u0435\u0440\u0448\u0438\u043d (brr yeah)\n'\u0421\u0442\u0430\u0440\u044b\u0439 \u0433\u043e\u043b\u044c\u0444 \u0438\u043b\u0438 \u043b\u0443\u043f\u0430\u200c\u0442\u044b\u0439 \u043c\u0435\u0440\u0441', \u2013 \u0432\u0438\u0442\u0430\u0435\u0442 \u0432 \u0443\u043c\u0435 \u043b\u0435\u043f\u043e\u0442\u0430 \n\u041f\u0435\u0440\u0435\u0434 \u0433\u043b\u0430\u0437\u0430\u043c\u0430 \u0435\u0437\u0434\u0438\u0442 \u043c\u0435\u0447\u0442\u0430, \u0430 \u043d\u0430 \u0441\u0442\u0435\u043d\u0430\u0445 \u0433\u0430\u0440\u0430\u0436\u0430 \u0432\u0438\u0441\u0438\u0442 \u0441\u0440\u0430\u043c\u043e\u0442\u0430 (scr)\n\u041d\u043e \u0440\u0435\u0430\u043b\u044c\u043d\u043e\u0441\u0442\u044c \u0431\u043e\u043b\u0435\u0435 \u0441\u0430\u0442\u0438\u0440\u0438\u0441\u0442\u0438\u200c\u0447\u043d\u0430, \u043e\u043d \u0441\u043d\u043e\u0432\u0430 \u0438\u0434\u0451\u0442 \u043d\u0430 \u0440\u0430\u0431\u043e\u0442\u0443 \u0441 \u0443\u0442\u0440\u0430\u200c (nah nah)\n\n[Chorus]\n\u0418 \u0442\u043e\u043b\u044c\u043a\u043e \u043e\u0434\u0438\u043d \u043f\u0440\u0438\u043d\u0446\u0438\u043f \u0437\u043d\u0430\u0435\u0442 \u041c\u0430\u043a\u0441 \u043f\u043e \u0436\u0438\u0437\u043d\u0438\nWork hard, pays off! (yeah)\n\u041f\u043e\u0436\u0435\u043b\u0430\u0435\u043c \u0436\u0435 \u0435\u043c\u0443 \u0443\u0434\u0430\u0447\u0438, \u0447\u0442\u043e\u0431\u044b \u043d\u0435 \u0432\u0441\u0442\u0440\u0435\u0447\u0430\u043b\u0438\u0441\u044c \u043d\u0430 \u043f\u0443\u0442\u0438 \u0440\u0430\u0437\u043d\u044b\u0435 \u0441\u043b\u0438\u0437\u043d\u0438. (scr)", "style": ["rock"], "essentia_features": {"lowlevel.average_loudness": 0.7913252711296082, "lowlevel.barkbands_crest.mean": 12.040513038635254, "lowlevel.barkbands_crest.stdev": 5.665314674377441, "lowlevel.barkbands_flatness_db.mean": 0.22359009087085724, "lowlevel.barkbands_flatness_db.stdev": 0.10787951201200485, "lowlevel.barkbands_kurtosis.mean": 16.194623947143555, "lowlevel.barkbands_kurtosis.stdev": 37.62956619262695, "lowlevel.barkbands_skewness.mean": 1.7942063808441162, "lowlevel.barkbands_skewness.stdev": 3.0409507751464844, "lowlevel.barkbands_spread.mean": 17.329750061035156, "lowlevel.barkbands_spread.stdev": 15.621915817260742, "lowlevel.dissonance.mean": 0.4615793228149414, "lowlevel.dissonance.stdev": 0.04006258770823479, "lowlevel.dynamic_complexity": 2.665950059890747, "lowlevel.erbbands_crest.mean": 10.10791015625, "lowlevel.erbbands_crest.stdev": 3.5429160594940186, "lowlevel.erbbands_flatness_db.mean": 0.22048436105251312, "lowlevel.erbbands_flatness_db.stdev": 0.0779133141040802, "lowlevel.erbbands_kurtosis.mean": 1.750400424003601, "lowlevel.erbbands_kurtosis.stdev": 4.205204010009766, "lowlevel.erbbands_skewness.mean": -0.16610999405384064, "lowlevel.erbbands_skewness.stdev": 1.2036714553833008, "lowlevel.erbbands_spread.mean": 34.00068283081055, "lowlevel.erbbands_spread.stdev": 27.721435546875, "lowlevel.hfc.mean": 28.345659255981445, "lowlevel.hfc.stdev": 32.07044982910156, "lowlevel.loudness_ebu128.integrated": -14.795099258422852, "lowlevel.loudness_ebu128.loudness_range": 4.248933792114258, "lowlevel.loudness_ebu128.momentary.mean": -15.21947956085205, "lowlevel.loudness_ebu128.momentary.stdev": 2.107311248779297, "lowlevel.loudness_ebu128.short_term.mean": -15.067466735839844, "lowlevel.loudness_ebu128.short_term.stdev": 1.4027239084243774, "lowlevel.melbands_crest.mean": 17.73225212097168, "lowlevel.melbands_crest.stdev": 11.0309419631958, "lowlevel.melbands_flatness_db.mean": 0.2589600086212158, "lowlevel.melbands_flatness_db.stdev": 0.14796236157417297, "lowlevel.melbands_kurtosis.mean": 41.08000564575195, "lowlevel.melbands_kurtosis.stdev": 102.64988708496094, "lowlevel.melbands_skewness.mean": 3.3593504428863525, "lowlevel.melbands_skewness.stdev": 4.413723468780518, "lowlevel.melbands_spread.mean": 29.106470108032227, "lowlevel.melbands_spread.stdev": 32.710227966308594, "lowlevel.pitch_salience.mean": 0.5263118147850037, "lowlevel.pitch_salience.stdev": 0.24746252596378326, "lowlevel.silence_rate_20dB.mean": 1.0, "lowlevel.silence_rate_20dB.stdev": 0.0, "lowlevel.silence_rate_30dB.mean": 0.785328209400177, "lowlevel.silence_rate_30dB.stdev": 0.41059473156929016, "lowlevel.silence_rate_60dB.mean": 0.13899613916873932, "lowlevel.silence_rate_60dB.stdev": 0.34594035148620605, "lowlevel.spectral_centroid.mean": 1729.695556640625, "lowlevel.spectral_centroid.stdev": 1126.5184326171875, "lowlevel.spectral_complexity.mean": 13.969883918762207, "lowlevel.spectral_complexity.stdev": 10.278502464294434, "lowlevel.spectral_decrease.mean": -1.1220604889672359e-08, "lowlevel.spectral_decrease.stdev": 1.3279244370778542e-08, "lowlevel.spectral_energy.mean": 0.04492015019059181, "lowlevel.spectral_energy.stdev": 0.050080083310604095, "lowlevel.spectral_energyband_high.mean": 0.0015308940783143044, "lowlevel.spectral_energyband_high.stdev": 0.0034926694352179766, "lowlevel.spectral_energyband_low.mean": 0.029551785439252853, "lowlevel.spectral_energyband_low.stdev": 0.051651518791913986, "lowlevel.spectral_energyband_middle_high.mean": 0.005742832086980343, "lowlevel.spectral_energyband_middle_high.stdev": 0.008420363999903202, "lowlevel.spectral_energyband_middle_low.mean": 0.00795930065214634, "lowlevel.spectral_energyband_middle_low.stdev": 0.010656608268618584, "lowlevel.spectral_entropy.mean": 7.375303745269775, "lowlevel.spectral_entropy.stdev": 0.7537901401519775, "lowlevel.spectral_flux.mean": 0.08960649371147156, "lowlevel.spectral_flux.stdev": 0.056474145501852036, "lowlevel.spectral_kurtosis.mean": 14.735298156738281, "lowlevel.spectral_kurtosis.stdev": 35.14326095581055, "lowlevel.spectral_rms.mean": 0.005504020024091005, "lowlevel.spectral_rms.stdev": 0.0036783551331609488, "lowlevel.spectral_rolloff.mean": 2550.69677734375, "lowlevel.spectral_rolloff.stdev": 3064.354248046875, "lowlevel.spectral_skewness.mean": 2.322760581970215, "lowlevel.spectral_skewness.stdev": 1.7954365015029907, "lowlevel.spectral_spread.mean": 4593446.0, "lowlevel.spectral_spread.stdev": 2965280.5, "lowlevel.spectral_strongpeak.mean": 1.081216812133789, "lowlevel.spectral_strongpeak.stdev": 1.2752068042755127, "lowlevel.zerocrossingrate.mean": 0.08901612460613251, "lowlevel.zerocrossingrate.stdev": 0.08712378144264221, "metadata.audio_properties.analysis.equal_loudness": 0.0, "metadata.audio_properties.analysis.length": 30.03628158569336, "metadata.audio_properties.analysis.sample_rate": 44100.0, "metadata.audio_properties.analysis.start_time": 0.0, "metadata.audio_properties.bit_rate": 126800.0, "metadata.audio_properties.length": 30.03733253479004, "metadata.audio_properties.lossless": 0.0, "metadata.audio_properties.number_channels": 1.0, "metadata.audio_properties.replay_gain": -12.053972244262695, "metadata.audio_properties.sample_rate": 48000.0, "rhythm.beats_count": 62.0, "rhythm.beats_loudness.mean": 0.045823678374290466, "rhythm.beats_loudness.stdev": 0.04007640853524208, "rhythm.bpm": 126.31732177734375, "rhythm.bpm_histogram_first_peak_bpm": 126.0, "rhythm.bpm_histogram_first_peak_weight": 0.4358974099159241, "rhythm.bpm_histogram_second_peak_bpm": 133.0, "rhythm.bpm_histogram_second_peak_spread": 0.3333333134651184, "rhythm.bpm_histogram_second_peak_weight": 0.13114753365516663, "rhythm.danceability": 1.0841069221496582, "rhythm.onset_rate": 5.589151382446289, "tonal.chords_changes_rate": 0.1635802537202835, "tonal.chords_number_rate": 0.020061727613210678, "tonal.chords_strength.mean": 0.37866249680519104, "tonal.chords_strength.stdev": 0.10563882440328598, "tonal.hpcp_crest.mean": 12.518445014953613, "tonal.hpcp_crest.stdev": 5.936053276062012, "tonal.hpcp_entropy.mean": 2.237523078918457, "tonal.hpcp_entropy.stdev": 0.8557946681976318, "tonal.key_edma.strength": 0.5477805733680725, "tonal.key_krumhansl.strength": 0.5578294992446899, "tonal.key_temperley.strength": 0.5709405541419983, "tonal.tuning_diatonic_strength": 0.47112637758255005, "tonal.tuning_equal_tempered_deviation": 0.2500319480895996, "tonal.tuning_frequency": 434.193115234375, "tonal.tuning_nontempered_energy_ratio": 0.9484524130821228, "lowlevel.barkbands.mean": [0.007040753029286861, 0.022434789687395096, 0.0002826871641445905, 0.0003414736420381814, 0.0013105535181239247, 0.0027181252371519804, 0.001299159717746079, 0.0009168277028948069, 0.0012209985870867968, 0.00044021886424161494, 0.0004815731372218579, 0.0005327258841134608, 0.00045452287304215133, 0.0004413020797073841, 0.000511283753439784, 0.0006413865485228598, 0.0012962697073817253, 0.0006163035868667066, 0.0003195104072801769, 0.00013903467333875597, 0.00014365049719344825, 0.00021087411732878536, 0.0003787530295085162, 0.00041186113958247006, 0.00017933759954757988, 0.00015450030332431197, 1.6877856978680938e-06], "lowlevel.barkbands.stdev": [0.014614530839025974, 0.040105339139699936, 0.0019329868955537677, 0.0026962466072291136, 0.0038330424576997757, 0.004358106292784214, 0.0029987336602061987, 0.002442355267703533, 0.002113240072503686, 0.0013595984783023596, 0.001965665491297841, 0.001780842081643641, 0.0014776905300095677, 0.0012020865688100457, 0.0015596640296280384, 0.0018816986121237278, 0.0026082906406372786, 0.0016005390789359808, 0.0006704080733470619, 0.000468432845082134, 0.0005761905922554433, 0.0006012219237163663, 0.00106612138915807, 0.0010171831818297505, 0.0004541428352240473, 0.0004039328487124294, 6.4744272094685584e-06], "lowlevel.erbbands.mean": [1.3750005960464478, 2.1527175903320312, 0.563932478427887, 0.8741511702537537, 1.1982442140579224, 5.174008846282959, 17.018896102905273, 21.658485412597656, 18.361467361450195, 19.430973052978516, 20.526758193969727, 30.44800567626953, 18.29536247253418, 16.926021575927734, 20.305728912353516, 19.865188598632812, 20.576074600219727, 23.746126174926758, 24.100711822509766, 27.863733291625977, 43.90289306640625, 74.95792388916016, 40.152984619140625, 20.854421615600586, 13.57739543914795, 6.094088077545166, 5.047867774963379, 6.4174485206604, 8.139382362365723, 7.8982415199279785, 10.782516479492188, 11.438844680786133, 4.835654258728027, 2.098468780517578, 1.1942518949508667, 0.8249938488006592, 0.2657334506511688, 0.023397214710712433, 0.0005026683211326599, 7.598375668749213e-05], "lowlevel.erbbands.stdev": [2.476511001586914, 4.940082550048828, 2.16048002243042, 6.231198310852051, 7.746693134307861, 16.39894676208496, 30.991601943969727, 36.67687225341797, 40.545799255371094, 49.32986831665039, 54.82514572143555, 52.984405517578125, 40.80825424194336, 61.52533721923828, 67.99418640136719, 62.251617431640625, 63.430389404296875, 65.58439636230469, 63.635257720947266, 82.39979553222656, 120.36686706542969, 149.0421600341797, 95.10704803466797, 45.868167877197266, 35.32754898071289, 19.152490615844727, 21.087926864624023, 23.214054107666016, 23.643625259399414, 22.42159652709961, 30.023094177246094, 28.77728843688965, 12.276405334472656, 5.411713600158691, 3.1956050395965576, 2.2905995845794678, 0.6715198755264282, 0.06499814987182617, 0.0012725943233817816, 7.845242362236604e-05], "lowlevel.gfcc.mean": [-63.803306579589844, 50.09249496459961, -126.59779357910156, -4.306471824645996, -68.27426147460938, -6.211736679077148, -63.993534088134766, 17.920740127563477, -18.118301391601562, -5.427201271057129, -11.600050926208496, 10.456961631774902, -12.700663566589355], "lowlevel.melbands.mean": [0.009038114920258522, 0.0009417359833605587, 0.0001501101942267269, 0.00019818084547296166, 0.0005329977138899267, 0.0004938877536915243, 0.00027748034335672855, 0.00020974225481040776, 0.00015888598863966763, 0.00019868495292030275, 8.642781904200092e-05, 6.576002488145605e-05, 6.711832975270227e-05, 6.0906844737473875e-05, 4.428221654961817e-05, 4.89518788526766e-05, 4.257606269675307e-05, 3.6806362913921475e-05, 3.9444574213121086e-05, 3.7349542253650725e-05, 5.309536209097132e-05, 8.131626236718148e-05, 5.508117101271637e-05, 2.4309363652719185e-05, 1.6083467926364392e-05, 1.1261032341280952e-05, 7.333230314543471e-06, 3.178441147611011e-06, 2.9404814085864928e-06, 3.453411636655801e-06, 3.737736960829352e-06, 4.721576260635629e-06, 3.902124717569677e-06, 4.9921636673389e-06, 5.72247154195793e-06, 7.5915704655926675e-06, 6.979724730626913e-06, 3.810421048910939e-06, 2.1630996798194246e-06, 1.5382468063762644e-06], "lowlevel.melbands.stdev": [0.01607845351099968, 0.0023799105547368526, 0.0011016085045412183, 0.000709919782821089, 0.0009834407828748226, 0.0008048268500715494, 0.0005896341172046959, 0.0005198982544243336, 0.00043497286969795823, 0.00033811171306297183, 0.00020493942429311574, 0.00024096760898828506, 0.00024002800637390465, 0.00021064843167550862, 0.00014790843124501407, 0.00016128728748299181, 0.0001213250943692401, 0.00010083692177431658, 0.00012843516014982015, 0.00011233174882363528, 0.00014762966020498425, 0.00016413313278462738, 0.00012879421410616487, 6.579855835298076e-05, 3.711735917022452e-05, 2.5375189579790458e-05, 2.7406784283812158e-05, 1.1642236131592654e-05, 1.2455660908017308e-05, 1.5624691513949074e-05, 1.3113978639012203e-05, 1.430561769666383e-05, 1.0971783012792002e-05, 1.5304078260669485e-05, 1.703101042949129e-05, 2.0517110897344537e-05, 1.776714088919107e-05, 9.958454938896466e-06, 5.946737474005204e-06, 3.998774445790332e-06], "lowlevel.melbands128.mean": [0.006635739002376795, 0.014446333982050419, 0.008257686160504818, 0.0021867614705115557, 0.0002950277994386852, 0.00014469047891907394, 0.0001855979789979756, 0.00015468077617697418, 9.21012760954909e-05, 0.00013767195923719555, 0.0002947860339190811, 0.00042420989484526217, 0.0006259840447455645, 0.0006453522946685553, 0.0005332943401299417, 0.00038571638287976384, 0.00032926429412327707, 0.00022884503414388746, 0.000262953108176589, 0.00020933781343046576, 0.00019337843696121126, 0.00018449717026669532, 0.00016546266851946712, 0.00011348000407451764, 0.00018287122657056898, 0.0002934203657787293, 9.363990102428943e-05, 7.286691106855869e-05, 5.8096084103453904e-05, 5.520129343494773e-05, 7.066132820909843e-05, 8.241608884418383e-05, 5.726333984057419e-05, 6.482101889559999e-05, 7.517016638303176e-05, 5.372554005589336e-05, 4.813326813746244e-05, 4.947394336340949e-05, 3.353851207066327e-05, 4.628966053132899e-05, 5.345551107893698e-05, 5.249131936579943e-05, 4.55153567600064e-05, 3.351989289512858e-05, 3.857920819427818e-05, 3.414819002500735e-05, 4.029032788821496e-05, 4.106923006474972e-05, 3.973967250203714e-05, 3.422425652388483e-05, 3.13986383844167e-05, 4.655686643673107e-05, 5.298423275235109e-05, 4.979288496542722e-05, 6.756306538591161e-05, 9.432347724214196e-05, 8.664745837450027e-05, 6.209848652360961e-05, 4.78762412967626e-05, 3.05775465676561e-05, 2.247906377306208e-05, 2.0280278477002867e-05, 1.7137239410658367e-05, 1.558675467094872e-05, 1.2751963367918506e-05, 1.1870249181811232e-05, 9.734281775308773e-06, 8.784908459347207e-06, 7.535508757428033e-06, 4.115904175705509e-06, 2.718481027841335e-06, 3.0333972063090187e-06, 2.7528319606062723e-06, 3.098901061093784e-06, 2.774670292637893e-06, 3.506029997879523e-06, 3.6893798096571118e-06, 3.6329429349279962e-06, 3.752822522073984e-06, 3.5982141071144724e-06, 4.861716206505662e-06, 5.2117984523647465e-06, 4.577261734084459e-06, 3.9160818232630845e-06, 3.183585931765265e-06, 3.318224344184273e-06, 5.8607161008694675e-06, 7.898390322225168e-06, 3.8659791243844666e-06, 5.382771632866934e-06, 9.111314284382388e-06, 7.339855528698536e-06, 7.229483344417531e-06, 7.515317975048674e-06, 6.592754743905971e-06, 5.165719358046772e-06, 3.0633316328021465e-06, 1.9372607766854344e-06, 2.189165343224886e-06, 2.3798652364348527e-06, 1.8736205902314396e-06, 1.4240791870179237e-06, 1.0391418072686065e-06, 9.74131353359553e-07, 1.1791146334871883e-06, 1.8159272485718247e-06, 1.5000789517216617e-06, 1.2149303074693307e-06, 1.6755933529566391e-06, 1.4176009699440328e-06, 1.3466608379530953e-06, 1.011049448607082e-06, 8.176820074368152e-07, 6.316868734757008e-07, 3.391407972230809e-07, 2.3531799797638087e-07, 7.306800142714565e-08, 7.873315888140553e-10, 3.264010589587585e-11, 1.5161798899709922e-11, 1.1239560497589007e-11, 9.09113236080561e-12, 8.726712061313258e-12, 8.418976453483662e-12, 7.460985822216326e-12, 5.814078819083024e-12, 4.884908449964698e-12, 4.739160886640947e-12], "lowlevel.melbands128.stdev": [0.013753045350313187, 0.0266996081918478, 0.015952683985233307, 0.005780678242444992, 0.0012890791986137629, 0.0010066161630675197, 0.0013487455435097218, 0.0012899908469989896, 0.0007551777525804937, 0.0006461263983510435, 0.0010848487727344036, 0.0012458233395591378, 0.0013117915950715542, 0.001189034548588097, 0.0010584917617961764, 0.0008047856972552836, 0.0009418689296580851, 0.0006696960190311074, 0.0007365989149548113, 0.0007263422594405711, 0.0006213964079506695, 0.0005918264505453408, 0.0005982501315884292, 0.00041258789133280516, 0.00042346323607489467, 0.0005153330275788903, 0.0002684763167053461, 0.00025722378632053733, 0.00023450821754522622, 0.0002176178095396608, 0.00032071801251731813, 0.0004766920756082982, 0.00022523895313497633, 0.0002950091438833624, 0.0003358219109941274, 0.00022875111608300358, 0.00018631057173479348, 0.000216823595110327, 0.00014329570694826543, 0.00018275616457685828, 0.00021788511367049068, 0.0001933841995196417, 0.00016940700879786164, 0.00010722825390985236, 0.0001308288483414799, 0.00011419944348745048, 0.00015649001579731703, 0.0001644966978346929, 0.0001495224714744836, 0.00014210157678462565, 0.00010452658898429945, 0.0001703412999631837, 0.00020687073993030936, 0.000128937404952012, 0.00017918726371135563, 0.0002001127286348492, 0.00021331262541934848, 0.00015967713261488825, 0.00013952550943940878, 9.010810754261911e-05, 5.762852742918767e-05, 8.15800012787804e-05, 4.2137678974540904e-05, 3.924118573195301e-05, 2.9744205676252022e-05, 2.818595567077864e-05, 2.898725142586045e-05, 4.0577881009085104e-05, 3.249313522246666e-05, 1.374152816424612e-05, 1.0496562026673928e-05, 1.526219057268463e-05, 1.2376217455312144e-05, 1.4432965144806076e-05, 1.1421670023992192e-05, 2.0985542505513877e-05, 1.6238916941802017e-05, 1.4946340343158226e-05, 1.4424271284951828e-05, 1.212807183037512e-05, 1.6491147107444704e-05, 1.6717505786800757e-05, 1.373625491396524e-05, 1.2008746125502512e-05, 9.843754014582373e-06, 1.0597472282825038e-05, 2.0638892237911932e-05, 2.8456608561100438e-05, 1.239967969013378e-05, 1.6022275303839706e-05, 2.760561073955614e-05, 2.103128281305544e-05, 1.9876240912708454e-05, 2.007613147725351e-05, 1.807201078918297e-05, 1.4619073226640467e-05, 8.512880413036328e-06, 5.931974101258675e-06, 6.490034593298333e-06, 7.205811471067136e-06, 5.586884071817622e-06, 3.743941078937496e-06, 3.0700334718858358e-06, 2.669733476068359e-06, 3.6495628137345193e-06, 6.148951797513291e-06, 4.248481218382949e-06, 3.518093535603839e-06, 5.843975486641284e-06, 4.030547643196769e-06, 3.957039552915376e-06, 2.6428162982483627e-06, 2.3433663045580033e-06, 2.039440005319193e-06, 1.0732314876804594e-06, 8.239213684646529e-07, 2.551811348894262e-07, 5.693566507147807e-09, 4.464432989959022e-10, 1.2771840529612888e-10, 1.0448091697368156e-10, 9.034609865787857e-11, 8.74034594700035e-11, 8.24477847105598e-11, 6.216880482634579e-11, 2.6059631882957568e-11, 9.438184608856481e-12, 8.701683471001864e-12], "lowlevel.mfcc.mean": [-711.785888671875, 103.67996215820312, -13.184125900268555, -4.8574910163879395, 8.176523208618164, -28.218475341796875, -26.181060791015625, 6.8099141120910645, -15.042665481567383, -3.39453387260437, -4.691776275634766, 0.016376590356230736, -4.991894721984863], "lowlevel.spectral_contrast_coeffs.mean": [-0.6287243366241455, -0.7522577047348022, -0.7787164449691772, -0.7960764765739441, -0.7153176069259644, -0.7779515385627747], "lowlevel.spectral_contrast_coeffs.stdev": [0.1173410713672638, 0.08148712664842606, 0.0750604122877121, 0.07287842780351639, 0.1015673279762268, 0.05612436681985855], "lowlevel.spectral_contrast_valleys.mean": [-8.608827590942383, -7.051417827606201, -7.851006507873535, -7.999546051025391, -8.521353721618652, -10.87978458404541], "lowlevel.spectral_contrast_valleys.stdev": [1.5772465467453003, 0.9091008305549622, 0.9691961407661438, 1.029514193534851, 1.2624613046646118, 1.6179821491241455], "rhythm.beats_loudness_band_ratio.mean": [0.2680422067642212, 0.13939137756824493, 0.18563693761825562, 0.12332899123430252, 0.19018355011940002, 0.11044557392597198], "rhythm.beats_loudness_band_ratio.stdev": [0.3981230854988098, 0.19315105676651, 0.19670990109443665, 0.17588002979755402, 0.21492324769496918, 0.1933058202266693], "tonal.hpcp.mean": [0.10060734301805496, 0.09849502146244049, 0.12102347612380981, 0.17180322110652924, 0.17094112932682037, 0.12752754986286163, 0.12349159270524979, 0.12374236434698105, 0.11388722062110901, 0.11225272715091705, 0.13384494185447693, 0.1655135601758957, 0.1703399419784546, 0.15943990647792816, 0.1449497789144516, 0.14515072107315063, 0.1766752451658249, 0.19705477356910706, 0.34531116485595703, 0.48874631524086, 0.34572774171829224, 0.1825404167175293, 0.15072116255760193, 0.14882417023181915, 0.23304565250873566, 0.2870233654975891, 0.2040468156337738, 0.13486021757125854, 0.12895719707012177, 0.13664448261260986, 0.16001677513122559, 0.14595390856266022, 0.11901284754276276, 0.13179700076580048, 0.129572331905365, 0.11480242758989334], "tonal.hpcp.stdev": [0.17520803213119507, 0.17910128831863403, 0.21098777651786804, 0.26485705375671387, 0.22894331812858582, 0.1930285096168518, 0.21241743862628937, 0.2173047810792923, 0.20757345855236053, 0.2023850530385971, 0.22860385477542877, 0.25799044966697693, 0.25458815693855286, 0.23829010128974915, 0.2282928079366684, 0.22399522364139557, 0.25888296961784363, 0.2752114236354828, 0.29312917590141296, 0.3789890706539154, 0.3096621036529541, 0.2615021765232086, 0.2350250780582428, 0.22822138667106628, 0.2572273910045624, 0.341659277677536, 0.24098578095436096, 0.2228573113679886, 0.21626344323158264, 0.21684113144874573, 0.22239874303340912, 0.20242004096508026, 0.19362111389636993, 0.22185200452804565, 0.21624775230884552, 0.20420698821544647], "rhythm.beats_position": [0.5340589284896851, 1.0797278881072998, 1.6253968477249146, 2.1710658073425293, 2.7167346477508545, 3.2275736331939697, 3.738412618637085, 4.23764181137085, 4.736870765686035, 5.224489688873291, 5.712108612060547, 6.188117980957031, 6.664126873016357, 7.128525733947754, 7.569705009460449, 8.010884284973145, 8.46367359161377, 8.916461944580078, 9.369251251220703, 9.822040557861328, 10.263219833374023, 10.704399108886719, 11.133968353271484, 11.56353759765625, 12.016325950622559, 12.480725288391113, 12.945124626159668, 13.397913932800293, 13.850702285766602, 14.303491592407227, 14.767890930175781, 15.255510330200195, 15.743128776550293, 16.21913719177246, 16.695146560668945, 17.17115592956543, 17.635555267333984, 18.11156463623047, 18.575963973999023, 19.040363311767578, 19.52798080444336, 19.992380142211914, 20.4683895111084, 20.944398880004883, 21.420408248901367, 21.89641761779785, 22.372425079345703, 22.848434448242188, 23.324443817138672, 23.800453186035156, 24.27646255493164, 24.752471923828125, 25.228479385375977, 25.70448875427246, 26.168888092041016, 26.63328742980957, 27.109296798706055, 27.58530616760254, 28.072925567626953, 28.548933029174805, 29.02494239807129, 29.512561798095703], "rhythm.bpm_histogram": [0.0, 0.0, 0.0, 0.0, 0.0, 0.0, 0.0, 0.0, 0.0, 0.0, 0.0, 0.0, 0.0, 0.0, 0.0, 0.0, 0.0, 0.0, 0.0, 0.0, 0.0, 0.0, 0.0, 0.0, 0.0, 0.0, 0.0, 0.0, 0.0, 0.0, 0.0, 0.0, 0.0, 0.0, 0.0, 0.0, 0.0, 0.0, 0.0, 0.0, 0.0, 0.0, 0.0, 0.0, 0.0, 0.0, 0.0, 0.0, 0.0, 0.0, 0.0, 0.0, 0.0, 0.0, 0.0, 0.0, 0.0, 0.0, 0.0, 0.0, 0.0, 0.0, 0.0, 0.0, 0.0, 0.0, 0.0, 0.0, 0.0, 0.0, 0.0, 0.0, 0.0, 0.0, 0.0, 0.0, 0.0, 0.0, 0.0, 0.0, 0.0, 0.0, 0.0, 0.0, 0.0, 0.0, 0.0, 0.0, 0.0, 0.0, 0.0, 0.0, 0.0, 0.0, 0.0, 0.0, 0.0, 0.0, 0.0, 0.0, 0.0, 0.0, 0.0, 0.0, 0.0, 0.0, 0.0, 0.0, 0.0, 0.0, 0.06557376682758331, 0.0, 0.0, 0.0, 0.0, 0.0, 0.0, 0.032786883413791656, 0.0, 0.0, 0.032786883413791656, 0.0, 0.0, 0.1147540956735611, 0.0, 0.0, 0.3606557250022888, 0.0, 0.0, 0.16393442451953888, 0.0, 0.0, 0.0, 0.13114753365516663, 0.0, 0.0, 0.06557376682758331, 0.0, 0.0, 0.0, 0.032786883413791656, 0.0, 0.0, 0.0, 0.0, 0.0, 0.0, 0.0, 0.0, 0.0, 0.0, 0.0, 0.0, 0.0, 0.0, 0.0, 0.0, 0.0, 0.0, 0.0, 0.0, 0.0, 0.0, 0.0, 0.0, 0.0, 0.0, 0.0, 0.0, 0.0, 0.0, 0.0, 0.0, 0.0, 0.0, 0.0, 0.0, 0.0, 0.0, 0.0, 0.0, 0.0, 0.0, 0.0, 0.0, 0.0, 0.0, 0.0, 0.0, 0.0, 0.0, 0.0, 0.0, 0.0, 0.0, 0.0, 0.0, 0.0, 0.0, 0.0, 0.0, 0.0, 0.0, 0.0, 0.0, 0.0, 0.0, 0.0, 0.0, 0.0, 0.0, 0.0, 0.0, 0.0, 0.0, 0.0, 0.0, 0.0, 0.0, 0.0, 0.0, 0.0, 0.0, 0.0, 0.0, 0.0, 0.0, 0.0, 0.0, 0.0, 0.0, 0.0, 0.0, 0.0, 0.0, 0.0, 0.0, 0.0, 0.0, 0.0, 0.0, 0.0, 0.0, 0.0, 0.0, 0.0, 0.0, 0.0, 0.0, 0.0], "tonal.chords_histogram": [2.160493850708008, 5.092592716217041, 11.882716178894043, 0.3086419701576233, 0.0, 0.0, 0.0, 1.5432099103927612, 0.3086419701576233, 0.0, 0.0, 0.0, 1.3888888359069824, 0.6172839403152466, 4.320987701416016, 10.493826866149902, 4.938271522521973, 5.092592716217041, 0.15432098507881165, 21.296297073364258, 4.938271522521973, 0.0, 18.981481552124023, 6.481481552124023], "tonal.thpcp": [1.0, 0.7073766589164734, 0.37348705530166626, 0.3083832263946533, 0.30450189113616943, 0.4768233299255371, 0.5872645378112793, 0.41749024391174316, 0.27593091130256653, 0.2638530433177948, 0.27958160638809204, 0.3274025321006775, 0.29862916469573975, 0.24350638687610626, 0.26966342329978943, 0.26511162519454956, 0.23489165306091309, 0.20584778487682343, 0.20152586698532104, 0.24762022495269775, 0.3515181839466095, 0.34975430369377136, 0.26092788577079773, 0.25267013907432556, 0.2531832158565521, 0.23301908373832703, 0.229674831032753, 0.273853600025177, 0.3386492133140564, 0.3485242426395416, 0.3262222111225128, 0.2965746819972992, 0.29698580503463745, 0.36148661375045776, 0.403184175491333, 0.7065243124961853], "lowlevel.gfcc.cov": [[8602.89453125, -2238.63916015625, 623.81005859375, 1194.0596923828125, -518.0107421875, 445.4834899902344, -380.78009033203125, 306.5572204589844, -108.15740966796875, 484.0116271972656, -134.5968475341797, 228.5465087890625, -207.5540008544922], [-2238.63916015625, 5816.1474609375, 1531.9786376953125, -211.99594116210938, 1292.775146484375, -228.1702880859375, 838.1132202148438, 326.59173583984375, 842.56494140625, -286.6656799316406, 587.6625366210938, -165.91131591796875, 447.9795227050781], [623.81005859375, 1531.9786376953125, 3341.0791015625, 1115.137939453125, 95.57832336425781, 510.7695617675781, 783.7183837890625, 208.61135864257812, 561.5943603515625, 441.4858093261719, 135.67149353027344, 109.48297119140625, 437.1705322265625], [1194.0596923828125, -211.99594116210938, 1115.137939453125, 1399.523193359375, 169.68215942382812, 264.2266540527344, 183.7178497314453, 77.4543685913086, 341.8714599609375, 320.6394958496094, 74.6172103881836, 86.40385437011719, 210.61993408203125], [-518.0107421875, 1292.775146484375, 95.57832336425781, 169.68215942382812, 1055.8551025390625, 256.4013977050781, 307.4410705566406, 245.93856811523438, 382.50701904296875, 49.079830169677734, 297.5267028808594, -14.550301551818848, 133.06275939941406], [445.4834899902344, -228.1702880859375, 510.7695617675781, 264.2266540527344, 256.4013977050781, 737.8522338867188, 425.0498352050781, 206.2587127685547, 200.53353881835938, 263.33782958984375, 124.1497802734375, 100.64998626708984, 42.94995880126953], [-380.78009033203125, 838.1132202148438, 783.7183837890625, 183.7178497314453, 307.4410705566406, 425.0498352050781, 795.7093505859375, 240.27450561523438, 323.8696594238281, 172.5098114013672, 216.0563201904297, 69.84991455078125, 172.50575256347656], [306.5572204589844, 326.59173583984375, 208.61135864257812, 77.4543685913086, 245.93856811523438, 206.2587127685547, 240.27450561523438, 329.7110595703125, 202.14979553222656, 69.48506164550781, 141.83497619628906, 42.785831451416016, 57.40376281738281], [-108.15740966796875, 842.56494140625, 561.5943603515625, 341.8714599609375, 382.50701904296875, 200.53353881835938, 323.8696594238281, 202.14979553222656, 579.0869140625, 156.8943634033203, 211.14808654785156, 9.598468780517578, 187.89076232910156], [484.0116271972656, -286.6656799316406, 441.4858093261719, 320.6394958496094, 49.079830169677734, 263.33782958984375, 172.5098114013672, 69.48506164550781, 156.8943634033203, 318.402099609375, 48.65660095214844, 37.836578369140625, 47.33008575439453], [-134.5968475341797, 587.6625366210938, 135.67149353027344, 74.6172103881836, 297.5267028808594, 124.1497802734375, 216.0563201904297, 141.83497619628906, 211.14808654785156, 48.65660095214844, 262.6761779785156, 43.540645599365234, 72.68806457519531], [228.5465087890625, -165.91131591796875, 109.48297119140625, 86.40385437011719, -14.550301551818848, 100.64998626708984, 69.84991455078125, 42.785831451416016, 9.598468780517578, 37.836578369140625, 43.540645599365234, 144.43275451660156, 33.68113708496094], [-207.5540008544922, 447.9795227050781, 437.1705322265625, 210.61993408203125, 133.06275939941406, 42.94995880126953, 172.50575256347656, 57.40376281738281, 187.89076232910156, 47.33008575439453, 72.68806457519531, 33.68113708496094, 211.25743103027344]], "lowlevel.gfcc.icov": [[0.00019433839770499617, -2.5540277420077473e-05, -5.0364774324407335e-06, -0.00018503745377529413, 0.00012520866584964097, -7.812545663909987e-05, 0.00022368718055076897, -0.0003716458741109818, 8.390498987864703e-05, -0.00018695536709856242, 4.541502858046442e-05, -0.00018825344159267843, 0.0002769896818790585], [-2.5540277420077473e-05, 0.0008028616430237889, -0.0005655480781570077, 0.00047727645142003894, -0.0007587816216982901, 0.000743948039598763, -0.00044950220035389066, 0.00024877372197806835, -0.0004828191886190325, 0.001044869190081954, -0.0008151870570145547, 0.0006675428012385964, -3.7589477869914845e-05], [-5.0364774324407335e-06, -0.0005655480781570077, 0.001029847888275981, -0.0006106821238063276, 0.0007404586067423224, -0.0005906998994760215, -0.00011839900253107771, -0.0001491378206992522, 0.0002457599912304431, -0.00093235814711079, 0.0007566694403067231, -0.0002921656414400786, -0.0007605311111547053], [-0.00018503745377529413, 0.00047727645142003894, -0.0006106821238063276, 0.0017013180768117309, -0.000719972129445523, 0.0004471721185836941, -8.955646990216337e-06, 0.0006302994443103671, -0.0006704694824293256, -6.72765527269803e-05, -0.00031757401302456856, 4.408937456901185e-05, -0.0007140943198464811], [0.00012520866584964097, -0.0007587816216982901, 0.0007404586067423224, -0.000719972129445523, 0.0025631673634052277, -0.0013047648826614022, 0.0005727256648242474, -0.0008040703251026571, 7.616329821757972e-05, -0.0005406844429671764, -0.0006316119688563049, 0.00036451994674280286, -0.00046820062561891973], [-7.812545663909987e-05, 0.000743948039598763, -0.0005906998994760215, 0.0004471721185836941, -0.0013047648826614022, 0.0037466995418071747, -0.001621945295482874, -0.0002695048460736871, -0.000379570119548589, -0.0006898923311382532, -0.00012198502372484654, -0.0007652206695638597, 0.0012361020781099796], [0.00022368718055076897, -0.00044950220035389066, -0.00011839900253107771, -8.955646990216337e-06, 0.0005727256648242474, -0.001621945295482874, 0.0033888781908899546, -0.0010578035144135356, 0.00017203418246936053, -0.0007515804027207196, -0.0006356921512633562, -0.0003505530476104468, -0.0007939144852571189], [-0.0003716458741109818, 0.00024877372197806835, -0.0001491378206992522, 0.0006302994443103671, -0.0008040703251026571, -0.0002695048460736871, -0.0010578035144135356, 0.005733918398618698, -0.0012624493101611733, 0.0008551687933504581, -0.0011415588669478893, -0.0002714449947234243, 2.1804151401738636e-05], [8.390498987864703e-05, -0.0004828191886190325, 0.0002457599912304431, -0.0006704694824293256, 7.616329821757972e-05, -0.000379570119548589, 0.00017203418246936053, -0.0012624493101611733, 0.004467634484171867, -0.001611557207070291, -0.0011143917217850685, 0.0009921645978465676, -0.0018892717780545354], [-0.00018695536709856242, 0.001044869190081954, -0.00093235814711079, -6.72765527269803e-05, -0.0005406844429671764, -0.0006898923311382532, -0.0007515804027207196, 0.0008551687933504581, -0.001611557207070291, 0.00736892968416214, -0.001240714336745441, 0.001219670637510717, 0.00047408344107680023], [4.541502858046442e-05, -0.0008151870570145547, 0.0007566694403067231, -0.00031757401302456856, -0.0006316119688563049, -0.00012198502372484654, -0.0006356921512633562, -0.0011415588669478893, -0.0011143917217850685, -0.001240714336745441, 0.0087582403793931, -0.003088238649070263, 0.000523927272297442], [-0.00018825344159267843, 0.0006675428012385964, -0.0002921656414400786, 4.408937456901185e-05, 0.00036451994674280286, -0.0007652206695638597, -0.0003505530476104468, -0.0002714449947234243, 0.0009921645978465676, 0.001219670637510717, -0.003088238649070263, 0.010122743435204029, -0.0024608587846159935], [0.0002769896818790585, -3.7589477869914845e-05, -0.0007605311111547053, -0.0007140943198464811, -0.00046820062561891973, 0.0012361020781099796, -0.0007939144852571189, 2.1804151401738636e-05, -0.0018892717780545354, 0.00047408344107680023, 0.000523927272297442, -0.0024608587846159935, 0.009843280538916588]], "lowlevel.mfcc.cov": [[8555.0576171875, -3024.0263671875, 207.41844177246094, 311.32769775390625, 31.669170379638672, 30.658782958984375, -183.92005920410156, -127.00460052490234, -194.68434143066406, 55.00296401977539, 32.09602737426758, 7.911636829376221, 15.815186500549316], [-3024.0263671875, 5475.62548828125, 421.8763122558594, 247.4533233642578, 659.803466796875, -170.9326629638672, 328.0228576660156, 542.1065673828125, 274.73870849609375, 248.87960815429688, 349.4781494140625, 107.63563537597656, 216.33641052246094], [207.41844177246094, 421.8763122558594, 3164.0498046875, 965.7384033203125, -38.421836853027344, 616.1470947265625, 236.70159912109375, 35.36762237548828, 555.4732666015625, 346.2197265625, 177.62506103515625, 102.75743865966797, 257.96002197265625], [311.32769775390625, 247.4533233642578, 965.7384033203125, 1112.2314453125, 316.733154296875, 262.96832275390625, -3.9217705726623535, 22.473127365112305, 211.26519775390625, 240.50743103027344, 33.30233383178711, 32.20246505737305, 167.40435791015625], [31.669170379638672, 659.803466796875, -38.421836853027344, 316.733154296875, 748.7664184570312, 138.74105834960938, 63.446163177490234, 149.96461486816406, 108.16822814941406, 238.3330535888672, 96.93833923339844, 88.52801513671875, 126.6517333984375], [30.658782958984375, -170.9326629638672, 616.1470947265625, 262.96832275390625, 138.74105834960938, 642.2311401367188, 265.8023681640625, 86.5972671508789, 276.0306091308594, 213.7050323486328, 189.63485717773438, 191.37384033203125, 108.13546752929688], [-183.92005920410156, 328.0228576660156, 236.70159912109375, -3.9217705726623535, 63.446163177490234, 265.8023681640625, 519.8843383789062, 199.2597198486328, 196.339111328125, 102.38301849365234, 203.49224853515625, 156.885009765625, 79.49078369140625], [-127.00460052490234, 542.1065673828125, 35.36762237548828, 22.473127365112305, 149.96461486816406, 86.5972671508789, 199.2597198486328, 390.6829833984375, 129.9552459716797, 96.32455444335938, 155.29812622070312, 120.07311248779297, 99.98075866699219], [-194.68434143066406, 274.73870849609375, 555.4732666015625, 211.26519775390625, 108.16822814941406, 276.0306091308594, 196.339111328125, 129.9552459716797, 395.9613037109375, 224.03729248046875, 172.45968627929688, 138.41026306152344, 102.24711608886719], [55.00296401977539, 248.87960815429688, 346.2197265625, 240.50743103027344, 238.3330535888672, 213.7050323486328, 102.38301849365234, 96.32455444335938, 224.03729248046875, 355.37017822265625, 166.61477661132812, 135.9387969970703, 98.94324493408203], [32.09602737426758, 349.4781494140625, 177.62506103515625, 33.30233383178711, 96.93833923339844, 189.63485717773438, 203.49224853515625, 155.29812622070312, 172.45968627929688, 166.61477661132812, 306.2705078125, 182.56178283691406, 83.19181060791016], [7.911636829376221, 107.63563537597656, 102.75743865966797, 32.20246505737305, 88.52801513671875, 191.37384033203125, 156.885009765625, 120.07311248779297, 138.41026306152344, 135.9387969970703, 182.56178283691406, 238.4246826171875, 88.82220458984375], [15.815186500549316, 216.33641052246094, 257.96002197265625, 167.40435791015625, 126.6517333984375, 108.13546752929688, 79.49078369140625, 99.98075866699219, 102.24711608886719, 98.94324493408203, 83.19181060791016, 88.82220458984375, 170.12879943847656]], "lowlevel.mfcc.icov": [[0.0001699842105153948, 0.00013135721383150667, -5.112195140100084e-05, -4.985924533684738e-05, -0.00010141511302208528, 0.00012614834122359753, 3.910669875040185e-06, -7.215923687908798e-05, 0.00015896187687758356, -2.5111219656537287e-05, -0.000247309566475451, 4.727584382635541e-05, -5.045961188443471e-06], [0.00013135721383150667, 0.0003730953030753881, -0.00011281443585176021, -2.8436450520530343e-05, -0.0003205504617653787, 0.00041643367148935795, -9.72760099102743e-05, -0.0002676978474482894, 3.216858021914959e-05, 5.117880937177688e-05, -0.0004813337291125208, 0.0001935215841513127, -2.5652714612078853e-05], [-5.112195140100084e-05, -0.00011281443585176021, 0.0006820153212174773, -0.0003961869515478611, 0.0004985870327800512, -0.0004144207341596484, -2.6904115657089278e-05, 0.00021805509459227324, -0.0005559994024224579, -0.0001350321836071089, 7.872223068261519e-05, 0.0004167355946265161, -0.0005627822829410434], [-4.985924533684738e-05, -2.8436450520530343e-05, -0.0003961869515478611, 0.0016662169946357608, -0.0005319144111126661, -0.0002709406544454396, 0.0003105052746832371, 0.00011429356527514756, -8.883108239388093e-05, -0.00037348782643675804, 0.0004109324945602566, 0.0003431482764426619, -0.0007515663746744394], [-0.00010141511302208528, -0.0003205504617653787, 0.0004985870327800512, -0.0005319144111126661, 0.0024905307218432426, -0.000586684443987906, 7.454173464793712e-05, -0.00025371520314365625, 0.00024318232317455113, -0.0013920171186327934, 0.000543000758625567, 0.000197286470211111, -0.000887551810592413], [0.00012614834122359753, 0.00041643367148935795, -0.0004144207341596484, -0.0002709406544454396, -0.000586684443987906, 0.0035137864761054516, -0.0010291392682120204, 0.00027570908423513174, -0.0007006081868894398, -0.00013139018847141415, -0.0005212963442318141, -0.0012686732225120068, 0.0002906399022322148], [3.910669875040185e-06, -9.72760099102743e-05, -2.6904115657089278e-05, 0.0003105052746832371, 7.454173464793712e-05, -0.0010291392682120204, 0.003430707845836878, -0.0009226704714819789, -0.0006218330818228424, 0.0006555833388119936, -0.0009552153060212731, -0.00025910415570251644, -8.679345228301827e-06], [-7.215923687908798e-05, -0.0002676978474482894, 0.00021805509459227324, 0.00011429356527514756, -0.00025371520314365625, 0.00027570908423513174, -0.0009226704714819789, 0.00427555525675416, -0.000664054648950696, 0.0002837551000993699, -0.000600749917794019, -0.00045457080705091357, -0.0013987235724925995], [0.00015896187687758356, 3.216858021914959e-05, -0.0005559994024224579, -8.883108239388093e-05, 0.00024318232317455113, -0.0007006081868894398, -0.0006218330818228424, -0.000664054648950696, 0.005969479