{"song_id": "1182273048833949807", "download": "https://cdn.discordapp.com/attachments/1128313332273782784/1182273048833949807/chirp.mp4?ex=65841894&amp", "lyrics": "-", "style": ["Dream</span><span>- house pop"], "essentia_features": {"lowlevel.average_loudness": 0.946392297744751, "lowlevel.barkbands_crest.mean": 15.186222076416016, "lowlevel.barkbands_crest.stdev": 4.660582065582275, "lowlevel.barkbands_flatness_db.mean": 0.310481995344162, "lowlevel.barkbands_flatness_db.stdev": 0.10528846085071564, "lowlevel.barkbands_kurtosis.mean": 72.5266342163086, "lowlevel.barkbands_kurtosis.stdev": 144.4246063232422, "lowlevel.barkbands_skewness.mean": 5.087878704071045, "lowlevel.barkbands_skewness.stdev": 3.8460357189178467, "lowlevel.barkbands_spread.mean": 5.406162261962891, "lowlevel.barkbands_spread.stdev": 5.6639275550842285, "lowlevel.dissonance.mean": 0.42512577772140503, "lowlevel.dissonance.stdev": 0.05621366575360298, "lowlevel.dynamic_complexity": 3.8261022567749023, "lowlevel.erbbands_crest.mean": 16.058433532714844, "lowlevel.erbbands_crest.stdev": 6.719775199890137, "lowlevel.erbbands_flatness_db.mean": 0.19125472009181976, "lowlevel.erbbands_flatness_db.stdev": 0.06177136301994324, "lowlevel.erbbands_kurtosis.mean": 8.120205879211426, "lowlevel.erbbands_kurtosis.stdev": 24.885086059570312, "lowlevel.erbbands_skewness.mean": 1.1322944164276123, "lowlevel.erbbands_skewness.stdev": 1.9213604927062988, "lowlevel.erbbands_spread.mean": 29.645164489746094, "lowlevel.erbbands_spread.stdev": 18.4940185546875, "lowlevel.hfc.mean": 15.291603088378906, "lowlevel.hfc.stdev": 15.03300952911377, "lowlevel.loudness_ebu128.integrated": -18.74849510192871, "lowlevel.loudness_ebu128.loudness_range": 2.5866241455078125, "lowlevel.loudness_ebu128.momentary.mean": -19.826839447021484, "lowlevel.loudness_ebu128.momentary.stdev": 3.2692246437072754, "lowlevel.loudness_ebu128.short_term.mean": -18.95596694946289, "lowlevel.loudness_ebu128.short_term.stdev": 0.8419474959373474, "lowlevel.melbands_crest.mean": 27.109195709228516, "lowlevel.melbands_crest.stdev": 5.341258525848389, "lowlevel.melbands_flatness_db.mean": 0.4267257750034332, "lowlevel.melbands_flatness_db.stdev": 0.11777278035879135, "lowlevel.melbands_kurtosis.mean": 91.58992004394531, "lowlevel.melbands_kurtosis.stdev": 120.15509796142578, "lowlevel.melbands_skewness.mean": 5.835421562194824, "lowlevel.melbands_skewness.stdev": 3.782926321029663, "lowlevel.melbands_spread.mean": 4.887996196746826, "lowlevel.melbands_spread.stdev": 6.962952613830566, "lowlevel.pitch_salience.mean": 0.24103201925754547, "lowlevel.pitch_salience.stdev": 0.14408178627490997, "lowlevel.silence_rate_20dB.mean": 0.8707995414733887, "lowlevel.silence_rate_20dB.stdev": 0.3354218304157257, "lowlevel.silence_rate_30dB.mean": 0.5857474207878113, "lowlevel.silence_rate_30dB.stdev": 0.4925910532474518, "lowlevel.silence_rate_60dB.mean": 0.03823870047926903, "lowlevel.silence_rate_60dB.stdev": 0.19177162647247314, "lowlevel.spectral_centroid.mean": 459.9874267578125, "lowlevel.spectral_centroid.stdev": 320.36865234375, "lowlevel.spectral_complexity.mean": 7.786790370941162, "lowlevel.spectral_complexity.stdev": 5.413358211517334, "lowlevel.spectral_decrease.mean": -3.6261091906908405e-08, "lowlevel.spectral_decrease.stdev": 4.592757818500104e-08, "lowlevel.spectral_energy.mean": 0.13824467360973358, "lowlevel.spectral_energy.stdev": 0.17450572550296783, "lowlevel.spectral_energyband_high.mean": 0.00012322262045927346, "lowlevel.spectral_energyband_high.stdev": 0.000346341694239527, "lowlevel.spectral_energyband_low.mean": 0.13127078115940094, "lowlevel.spectral_energyband_low.stdev": 0.17396488785743713, "lowlevel.spectral_energyband_middle_high.mean": 0.0016867833910509944, "lowlevel.spectral_energyband_middle_high.stdev": 0.0033043776638805866, "lowlevel.spectral_energyband_middle_low.mean": 0.005577527917921543, "lowlevel.spectral_energyband_middle_low.stdev": 0.009197051636874676, "lowlevel.spectral_entropy.mean": 6.626081466674805, "lowlevel.spectral_entropy.stdev": 0.8492558002471924, "lowlevel.spectral_flux.mean": 0.11058076471090317, "lowlevel.spectral_flux.stdev": 0.12815383076667786, "lowlevel.spectral_kurtosis.mean": 10.743651390075684, "lowlevel.spectral_kurtosis.stdev": 8.137992858886719, "lowlevel.spectral_rms.mean": 0.009653300046920776, "lowlevel.spectral_rms.stdev": 0.006456500384956598, "lowlevel.spectral_rolloff.mean": 271.8957214355469, "lowlevel.spectral_rolloff.stdev": 525.406494140625, "lowlevel.spectral_skewness.mean": 2.5686428546905518, "lowlevel.spectral_skewness.stdev": 0.9278953671455383, "lowlevel.spectral_spread.mean": 4526944.0, "lowlevel.spectral_spread.stdev": 1524890.125, "lowlevel.spectral_strongpeak.mean": 0.9895182251930237, "lowlevel.spectral_strongpeak.stdev": 0.7527010440826416, "lowlevel.zerocrossingrate.mean": 0.01504873763769865, "lowlevel.zerocrossingrate.stdev": 0.018528426066040993, "metadata.audio_properties.analysis.equal_loudness": 0.0, "metadata.audio_properties.analysis.length": 40.04265213012695, "metadata.audio_properties.analysis.sample_rate": 44100.0, "metadata.audio_properties.analysis.start_time": 0.0, "metadata.audio_properties.bit_rate": 122692.0, "metadata.audio_properties.length": 40.042667388916016, "metadata.audio_properties.lossless": 0.0, "metadata.audio_properties.number_channels": 1.0, "metadata.audio_properties.replay_gain": -3.8008594512939453, "metadata.audio_properties.sample_rate": 48000.0, "rhythm.beats_count": 70.0, "rhythm.beats_loudness.mean": 0.3187253475189209, "rhythm.beats_loudness.stdev": 0.27949026226997375, "rhythm.bpm": 106.8196792602539, "rhythm.bpm_histogram_first_peak_bpm": 108.0, "rhythm.bpm_histogram_first_peak_weight": 0.305084764957428, "rhythm.bpm_histogram_second_peak_bpm": 101.0, "rhythm.bpm_histogram_second_peak_spread": 0.5, "rhythm.bpm_histogram_second_peak_weight": 0.07246376574039459, "rhythm.danceability": 1.5560686588287354, "rhythm.onset_rate": 5.56742525100708, "tonal.chords_changes_rate": 0.03125, "tonal.chords_number_rate": 0.0069444444961845875, "tonal.chords_strength.mean": 0.5543990135192871, "tonal.chords_strength.stdev": 0.08340325951576233, "tonal.hpcp_crest.mean": 14.31065845489502, "tonal.hpcp_crest.stdev": 4.778212070465088, "tonal.hpcp_entropy.mean": 1.6634961366653442, "tonal.hpcp_entropy.stdev": 0.5022987127304077, "tonal.key_edma.strength": 0.5903965830802917, "tonal.key_krumhansl.strength": 0.5806501507759094, "tonal.key_temperley.strength": 0.5589845180511475, "tonal.tuning_diatonic_strength": 0.4840375781059265, "tonal.tuning_equal_tempered_deviation": 0.21898484230041504, "tonal.tuning_frequency": 434.193115234375, "tonal.tuning_nontempered_energy_ratio": 0.9422260522842407, "lowlevel.barkbands.mean": [0.005408231634646654, 0.0917903408408165, 0.033763639628887177, 0.0007875177543610334, 0.0010512283770367503, 0.00044644487206824124, 0.0003898354189004749, 0.001832297071814537, 0.0008521854178979993, 0.00031955953454598784, 0.0009969958337023854, 4.8996753321262076e-05, 5.7893987104762346e-05, 9.875930845737457e-05, 9.298591612605378e-05, 5.967929246253334e-05, 4.029325282317586e-05, 3.9312257285928354e-05, 3.0308317946037278e-05, 2.6791276468429714e-05, 2.0853738533332944e-05, 2.0319019313319586e-05, 1.8718321371125057e-05, 1.4347665455716196e-05, 1.4481153812084813e-05, 2.085044798150193e-05, 2.047136376859271e-06], "lowlevel.barkbands.stdev": [0.011067734099924564, 0.1387694925069809, 0.0610528290271759, 0.0037743058055639267, 0.0024474626407027245, 0.0012586137745529413, 0.0006957075092941523, 0.004490124527364969, 0.003548518056049943, 0.0011120737763121724, 0.002909817034378648, 9.49505774769932e-05, 0.00013957300689071417, 0.0001666025200393051, 0.0002981390862260014, 0.00011099322000518441, 8.458332013105974e-05, 7.720671419519931e-05, 7.505677785957232e-05, 7.158098014770076e-05, 7.711875514360145e-05, 8.107334724627435e-05, 5.646020144922659e-05, 4.091479058843106e-05, 4.265371535439044e-05, 5.4519769037142396e-05, 6.203074008226395e-06], "lowlevel.erbbands.mean": [2.9970645904541016, 18.653461456298828, 48.14984893798828, 10.02303695678711, 4.462310791015625, 2.365185260772705, 4.204684257507324, 2.3164477348327637, 3.42348051071167, 29.362281799316406, 24.509559631347656, 25.312231063842773, 14.820478439331055, 37.14653778076172, 11.194920539855957, 2.3833580017089844, 2.685201406478882, 5.2074127197265625, 4.500466823577881, 4.308643341064453, 2.9592092037200928, 2.251737356185913, 2.3318188190460205, 1.8024206161499023, 1.4899182319641113, 1.182938814163208, 0.9669803380966187, 0.7137842774391174, 0.7162141799926758, 0.709629476070404, 0.48355916142463684, 0.33221468329429626, 0.2178957164287567, 0.16389203071594238, 0.10428087413311005, 0.06950582563877106, 0.04073639586567879, 0.010087227448821068, 0.00028171573649160564, 0.00015558885934296995], "lowlevel.erbbands.stdev": [6.397052764892578, 26.929677963256836, 83.62359619140625, 19.892061233520508, 11.550507545471191, 6.068016529083252, 10.997030258178711, 6.0784173011779785, 6.193933486938477, 83.54727172851562, 47.84951400756836, 102.0453872680664, 46.997074127197266, 105.94412994384766, 28.195825576782227, 4.162353515625, 6.245965957641602, 8.906270027160645, 11.908113479614258, 11.846112251281738, 5.908856391906738, 4.563769340515137, 4.475976467132568, 4.08048677444458, 3.6275675296783447, 3.1173198223114014, 3.389063596725464, 2.6154675483703613, 2.6375362873077393, 2.629669666290283, 1.53157639503479, 0.9305104613304138, 0.6424242258071899, 0.5466607213020325, 0.2860472500324249, 0.18651121854782104, 0.10586457699537277, 0.02839655801653862, 0.0006151364068500698, 0.00018936119158752263], "lowlevel.gfcc.mean": [-69.31727600097656, 112.12716674804688, -56.570701599121094, 25.697826385498047, -28.65870475769043, 28.267223358154297, -5.873936176300049, 27.725908279418945, -7.0301194190979, 3.994457960128784, -24.061010360717773, -4.212769508361816, -19.816579818725586], "lowlevel.melbands.mean": [0.025001658126711845, 0.023775223642587662, 0.0018631417769938707, 0.00023874036560300738, 0.0001246091560460627, 5.8724737755255774e-05, 5.605814294540323e-05, 0.000362335704267025, 0.0001662356808083132, 0.00016182159015443176, 6.28411362413317e-05, 0.0001360044116154313, 7.244645530590788e-05, 6.00372868575505e-06, 5.085840257379459e-06, 6.286892130447086e-06, 1.0418878446216695e-05, 6.815516371716512e-06, 6.7749697336694226e-06, 4.994023584004026e-06, 3.135068482151837e-06, 2.2345179786498193e-06, 2.219020416305284e-06, 1.9319647890370106e-06, 1.4152403764455812e-06, 1.0835453849722398e-06, 1.0942839026029105e-06, 6.949892394914059e-07, 6.09758785685699e-07, 5.323144023350324e-07, 3.727446937773493e-07, 4.086637659383996e-07, 3.903421372797311e-07, 3.9793988548808557e-07, 2.7976369665339007e-07, 2.338072135898983e-07, 1.9372895110336685e-07, 1.5409025877488602e-07, 1.455029519092932e-07, 1.3661399123066076e-07], "lowlevel.melbands.stdev": [0.044512297958135605, 0.03663095086812973, 0.0034728473983705044, 0.0006225340184755623, 0.0003111479745712131, 0.00016009366663638502, 0.00010425972141092643, 0.0010335822589695454, 0.00032844001543708146, 0.0006906783673912287, 0.0002229865494882688, 0.0003909950901288539, 0.00020330090774223208, 1.038684513332555e-05, 1.129231350205373e-05, 1.579980380483903e-05, 1.7809566998039372e-05, 1.640325535845477e-05, 2.1879975975025445e-05, 1.0313858183508273e-05, 6.921277872606879e-06, 4.855752194998786e-06, 4.151954271947034e-06, 3.944446234527277e-06, 3.39653593073308e-06, 2.8702925192192197e-06, 2.793903831843636e-06, 1.96091764337325e-06, 2.0694983504654374e-06, 2.176323732783203e-06, 1.3850481082045007e-06, 1.5050065940158674e-06, 1.8024234123004135e-06, 1.3404402352534817e-06, 9.150822961601079e-07, 7.042666538836784e-07, 5.591495551016123e-07, 4.506958930505789e-07, 5.071240138931898e-07, 4.5840974394195655e-07], "lowlevel.melbands128.mean": [0.005260330159217119, 0.026429248973727226, 0.027704203501343727, 0.03276142105460167, 0.031625982373952866, 0.011399409733712673, 0.0012751995818689466, 0.0003574481524992734, 0.0004968333523720503, 0.00024006480816751719, 8.452817564830184e-05, 7.752769306534901e-05, 0.00017672184912953526, 0.00013534828030969948, 4.1591134504415095e-05, 2.806539851007983e-05, 2.3121869162423536e-05, 5.0858594477176666e-05, 0.00010785457561723888, 0.0003686687268782407, 0.0005374355241656303, 0.00018591179104987532, 0.00017577179824002087, 3.730904427357018e-05, 0.00016308375052176416, 0.0002554473467171192, 4.079440259374678e-05, 8.849465666571632e-05, 1.6117208360810764e-05, 1.675397106737364e-05, 0.00026740317116491497, 0.00022460641048382968, 1.0186290637648199e-05, 9.726572898216546e-06, 5.206733021623222e-06, 5.756250175181776e-06, 5.579700427915668e-06, 5.075101853435626e-06, 4.477798938751221e-06, 5.92374317420763e-06, 7.427036507579032e-06, 5.295620667311596e-06, 1.047863952408079e-05, 1.5560197425656952e-05, 4.5493266043195035e-06, 5.510145911102882e-06, 8.550670827389695e-06, 7.106973498594016e-06, 5.8815917327592615e-06, 5.532015165954363e-06, 5.313394012773642e-06, 4.245212039677426e-06, 2.9971906769787893e-06, 2.9892594284319784e-06, 2.3076397610566346e-06, 1.7992558696278138e-06, 2.560136181273265e-06, 2.4871435471141012e-06, 1.6378837699448923e-06, 2.7240364488534397e-06, 1.7520846995466854e-06, 1.6878318547242088e-06, 1.6150954706972698e-06, 1.3588080491899746e-06, 1.0030777275460423e-06, 1.2438183603080688e-06, 9.427286045138317e-07, 1.002414251161099e-06, 1.397928372171009e-06, 8.150136636686511e-07, 6.892711894579406e-07, 5.716605642192008e-07, 6.501168741124275e-07, 6.267273420235142e-07, 5.542727308238682e-07, 5.980552373330283e-07, 5.29943463334348e-07, 3.25884286667133e-07, 3.734921563136595e-07, 3.559817400855536e-07, 4.458940168206027e-07, 4.2994241766791674e-07, 3.450870735832723e-07, 4.0363411812904815e-07, 3.950098914629052e-07, 4.228217278523516e-07, 4.183877422292426e-07, 3.129789831746166e-07, 2.5250531621168193e-07, 2.702925883113494e-07, 2.679751105461037e-07, 2.0472087669531902e-07, 2.126004972069495e-07, 1.8211302688087017e-07, 2.0050208604516229e-07, 1.8035856896858604e-07, 1.324711860206662e-07, 1.2307106089792796e-07, 1.6877076802757074e-07, 1.4620000854392856e-07, 1.2320779774199764e-07, 1.5300102518267522e-07, 1.2624003886685387e-07, 1.1100859609314284e-07, 1.1399928467881182e-07, 1.1724095827503334e-07, 1.1435339075660522e-07, 1.2665583426496596e-07, 1.1391333032406692e-07, 1.2973600860277656e-07, 1.0666100536127487e-07, 1.2878359711976373e-07, 1.4226401390260435e-07, 1.4209255994046543e-07, 1.1598387317235392e-07, 1.3503705531547894e-07, 8.081330094000805e-08, 1.1483438200343699e-08, 3.176675242300142e-11, 2.7298118626672974e-11, 2.5350431823167874e-11, 2.4532124595633142e-11, 2.3841548527081535e-11, 2.341053392806991e-11, 2.287420079738478e-11, 2.225796109922573e-11, 2.1897988630725784e-11, 2.1751055817587073e-11], "lowlevel.melbands128.stdev": [0.010889585129916668, 0.06097904592752457, 0.059333670884370804, 0.048550549894571304, 0.05476916581392288, 0.02069953642785549, 0.0033884807489812374, 0.0016444009961560369, 0.0012647886760532856, 0.0006330193718895316, 0.0002871183096431196, 0.00019470513507258147, 0.00046276109060272574, 0.0004690767964348197, 0.00011949890904361382, 8.363443339476362e-05, 7.245803135447204e-05, 0.00012709348811767995, 0.00021383252169471234, 0.0011344017693772912, 0.0017131686909124255, 0.0003952033002860844, 0.0004669709596782923, 0.00013464003859553486, 0.0007455099257640541, 0.0011757269967347383, 0.0001481958170188591, 0.0004173591441940516, 6.447233317885548e-05, 4.314131729188375e-05, 0.0007955022738315165, 0.0006760125397704542, 1.978261389012914e-05, 1.7711596228764392e-05, 1.2489009350247215e-05, 1.2589724065037444e-05, 1.2720734957838431e-05, 1.3211795703682583e-05, 1.2303705261729192e-05, 1.835785951698199e-05, 1.9949213310610503e-05, 1.931880251504481e-05, 1.925245305756107e-05, 2.8308259061304852e-05, 1.0469238986843266e-05, 1.8421185814077035e-05, 3.1978848710423335e-05, 2.7725760446628556e-05, 2.2823529434390366e-05, 1.9483533833408728e-05, 9.590036825102288e-06, 8.228699698520359e-06, 8.156715921359137e-06, 8.050661563174799e-06, 6.763310921087395e-06, 4.611271378962556e-06, 5.7504257711116225e-06, 5.267294000077527e-06, 3.4385716389806475e-06, 6.159896656754427e-06, 4.35940546594793e-06, 3.918676156899892e-06, 4.280358552932739e-06, 3.815280706476187e-06, 3.368291800143197e-06, 3.841517354885582e-06, 2.3896293441794114e-06, 2.8268518690310884e-06, 3.965698397223605e-06, 2.167323827961809e-06, 2.3622387743671425e-06, 1.8299247130926233e-06, 2.4912485514505534e-06, 2.0954310002707643e-06, 2.376872089371318e-06, 2.8642289180424996e-06, 2.3463355773856165e-06, 1.1272554729657713e-06, 1.598414200998377e-06, 1.4451705965257133e-06, 1.932700570250745e-06, 1.6114915979414945e-06, 1.442234065507364e-06, 2.4456408027617726e-06, 2.0847039650107035e-06, 1.637873651816335e-06, 1.412606025041896e-06, 1.0593431625238736e-06, 8.713226975487487e-07, 1.0623951993693481e-06, 8.368335784325609e-07, 6.40246071270667e-07, 6.699049777125765e-07, 5.566647587329498e-07, 6.622001933465071e-07, 5.263805746835715e-07, 4.509980442435335e-07, 4.148253083258169e-07, 6.11023949659284e-07, 5.783920755675354e-07, 5.95994265495392e-07, 5.226507937550195e-07, 3.911346766471979e-07, 3.935758741135942e-07, 3.4944338267450803e-07, 3.28397248949841e-07, 3.3230745088985714e-07, 3.9957933495315956e-07, 3.2290802209899994e-07, 4.4051407144252153e-07, 3.0928450200917723e-07, 3.576319329567923e-07, 4.0370039755543985e-07, 4.004039624305733e-07, 3.4337821830376924e-07, 4.2352809259682545e-07, 2.425583716103574e-07, 3.730822228931174e-08, 1.41790607033343e-10, 7.302757010219096e-11, 4.6160009842255434e-11, 4.3249823861168935e-11, 4.2044586562317576e-11, 4.13236944662998e-11, 4.06849866296799e-11, 4.020011754035657e-11, 3.987171356967245e-11, 3.965881442691277e-11], "lowlevel.mfcc.mean": [-740.4022827148438, 156.99032592773438, 33.801448822021484, 29.63742446899414, 15.019332885742188, 16.966716766357422, 13.64810562133789, 26.645790100097656, 21.88056755065918, 22.715341567993164, 11.11337947845459, 2.916090488433838, 1.9844399690628052], "lowlevel.spectral_contrast_coeffs.mean": [-0.6203609108924866, -0.7321664690971375, -0.728831946849823, -0.8321555256843567, -0.8376457095146179, -0.7866740822792053], "lowlevel.spectral_contrast_coeffs.stdev": [0.09589357674121857, 0.0963262990117073, 0.07828531414270401, 0.03989328816533089, 0.03312996029853821, 0.04380248859524727], "lowlevel.spectral_contrast_valleys.mean": [-7.1175689697265625, -7.555544853210449, -8.383955955505371, -8.626402854919434, -8.766931533813477, -11.412205696105957], "lowlevel.spectral_contrast_valleys.stdev": [1.0734829902648926, 0.8998872637748718, 0.8812255859375, 0.9999945163726807, 0.8943923711776733, 0.8509464859962463], "rhythm.beats_loudness_band_ratio.mean": [0.8881804347038269, 0.01194312609732151, 0.07037081569433212, 0.029177386313676834, 0.004810284357517958, 0.0032633182127028704], "rhythm.beats_loudness_band_ratio.stdev": [0.18593914806842804, 0.018956264480948448, 0.15727175772190094, 0.0804910734295845, 0.012131447903811932, 0.006410672795027494], "tonal.hpcp.mean": [0.018427906557917595, 0.01189905870705843, 0.007027954328805208, 0.03751344606280327, 0.0535895973443985, 0.021896524354815483, 0.004317308310419321, 0.004713950213044882, 0.008291601203382015, 0.04423735663294792, 0.05307215079665184, 0.015515719540417194, 0.0028851362876594067, 0.005244059022516012, 0.011230988427996635, 0.036150429397821426, 0.04926063492894173, 0.0403633788228035, 0.045847706496715546, 0.04334986209869385, 0.02802087366580963, 0.013849679380655289, 0.011890883557498455, 0.029737412929534912, 0.07447250932455063, 0.08997445553541183, 0.06254541873931885, 0.05913768708705902, 0.06945572793483734, 0.16361786425113678, 0.6398495435714722, 0.583663821220398, 0.08671662211418152, 0.026143208146095276, 0.02034844271838665, 0.020243003964424133], "tonal.hpcp.stdev": [0.11391621083021164, 0.08756274729967117, 0.06318093091249466, 0.10480569303035736, 0.14588914811611176, 0.08176149427890778, 0.03822164237499237, 0.04179518669843674, 0.0735301524400711, 0.13355734944343567, 0.15664274990558624, 0.05571139231324196, 0.01943853124976158, 0.05153554677963257, 0.08014500141143799, 0.1229955330491066, 0.14716744422912598, 0.15451978147029877, 0.17784111201763153, 0.16987904906272888, 0.13467347621917725, 0.08319494128227234, 0.0860380083322525, 0.13683217763900757, 0.21535596251487732, 0.2371365875005722, 0.20155102014541626, 0.21112127602100372, 0.21937808394432068, 0.2702861428260803, 0.41348502039909363, 0.41312310099601746, 0.1884945034980774, 0.1347869485616684, 0.11950308084487915, 0.11955732107162476], "rhythm.beats_position": [0.5688889026641846, 1.1493877172470093, 1.7182766199111938, 2.2755556106567383, 2.832834482192993, 3.390113353729248, 3.947392225265503, 4.504671096801758, 5.061950206756592, 5.630838871002197, 6.199728012084961, 6.757006645202637, 7.314285755157471, 7.8715643882751465, 8.45206356048584, 9.009342193603516, 9.566620826721191, 10.123900413513184, 10.68117904663086, 11.250067710876465, 11.80734634399414, 12.364625930786133, 12.933514595031738, 13.490793228149414, 14.04807186126709, 14.605351448059082, 15.174240112304688, 15.743128776550293, 16.30040740966797, 16.85768699645996, 17.43818473815918, 18.04190444946289, 18.6456241607666, 19.23773193359375, 19.82984161376953, 20.42194938659668, 21.01405906677246, 21.60616683959961, 22.17505645751953, 22.732336044311523, 23.301223754882812, 23.870113372802734, 24.427391052246094, 24.984670639038086, 25.541950225830078, 26.099227905273438, 26.65650749206543, 27.213787078857422, 27.78267478942871, 28.351564407348633, 28.908842086791992, 29.466121673583984, 30.023401260375977, 30.580678939819336, 31.149568557739258, 31.71845817565918, 32.27573776245117, 32.83301544189453, 33.39029312133789, 33.947574615478516, 34.504852294921875, 35.062129974365234, 35.631019592285156, 36.19990921020508, 36.75718688964844, 37.3144645690918, 37.87174606323242, 38.440635681152344, 38.9979133605957, 39.566802978515625], "rhythm.bpm_histogram": [0.0, 0.0, 0.0, 0.0, 0.0, 0.0, 0.0, 0.0, 0.0, 0.0, 0.0, 0.0, 0.0, 0.0, 0.0, 0.0, 0.0, 0.0, 0.0, 0.0, 0.0, 0.0, 0.0, 0.0, 0.0, 0.0, 0.0, 0.0, 0.0, 0.0, 0.0, 0.0, 0.0, 0.0, 0.0, 0.0, 0.0, 0.0, 0.0, 0.0, 0.0, 0.0, 0.0, 0.0, 0.0, 0.0, 0.0, 0.0, 0.0, 0.0, 0.0, 0.0, 0.0, 0.0, 0.0, 0.0, 0.0, 0.0, 0.0, 0.0, 0.0, 0.0, 0.0, 0.0, 0.0, 0.0, 0.0, 0.0, 0.0, 0.0, 0.0, 0.0, 0.0, 0.0, 0.0, 0.0, 0.0, 0.0, 0.0, 0.0, 0.0, 0.0, 0.0, 0.0, 0.0, 0.0, 0.0, 0.0, 0.0, 0.0, 0.0, 0.0, 0.0, 0.0, 0.0, 0.0, 0.0, 0.0, 0.0, 0.028985507786273956, 0.0, 0.07246376574039459, 0.0, 0.043478261679410934, 0.0, 0.260869562625885, 0.0, 0.0, 0.5942028760910034, 0.0, 0.0, 0.0, 0.0, 0.0, 0.0, 0.0, 0.0, 0.0, 0.0, 0.0, 0.0, 0.0, 0.0, 0.0, 0.0, 0.0, 0.0, 0.0, 0.0, 0.0, 0.0, 0.0, 0.0, 0.0, 0.0, 0.0, 0.0, 0.0, 0.0, 0.0, 0.0, 0.0, 0.0, 0.0, 0.0, 0.0, 0.0, 0.0, 0.0, 0.0, 0.0, 0.0, 0.0, 0.0, 0.0, 0.0, 0.0, 0.0, 0.0, 0.0, 0.0, 0.0, 0.0, 0.0, 0.0, 0.0, 0.0, 0.0, 0.0, 0.0, 0.0, 0.0, 0.0, 0.0, 0.0, 0.0, 0.0, 0.0, 0.0, 0.0, 0.0, 0.0, 0.0, 0.0, 0.0, 0.0, 0.0, 0.0, 0.0, 0.0, 0.0, 0.0, 0.0, 0.0, 0.0, 0.0, 0.0, 0.0, 0.0, 0.0, 0.0, 0.0, 0.0, 0.0, 0.0, 0.0, 0.0, 0.0, 0.0, 0.0, 0.0, 0.0, 0.0, 0.0, 0.0, 0.0, 0.0, 0.0, 0.0, 0.0, 0.0, 0.0, 0.0, 0.0, 0.0, 0.0, 0.0, 0.0, 0.0, 0.0, 0.0, 0.0, 0.0, 0.0, 0.0, 0.0, 0.0, 0.0, 0.0, 0.0, 0.0, 0.0, 0.0, 0.0, 0.0, 0.0, 0.0, 0.0, 0.0, 0.0], "tonal.chords_histogram": [26.273147583007812, 4.282407283782959, 51.967594146728516, 2.430555582046509, 0.0, 1.9675925970077515, 0.0, 13.078703880310059, 0.0, 0.0, 0.0, 0.0, 0.0, 0.0, 0.0, 0.0, 0.0, 0.0, 0.0, 0.0, 0.0, 0.0, 0.0, 0.0], "tonal.thpcp": [1.0, 0.9121891856193542, 0.13552658259868622, 0.04085836932063103, 0.031801916658878326, 0.03163713216781616, 0.028800373896956444, 0.018596651032567024, 0.010983760468661785, 0.058628544211387634, 0.08375343680381775, 0.03422136604785919, 0.006747380364686251, 0.007367279380559921, 0.012958673760294914, 0.06913712620735168, 0.08294473588466644, 0.024249011650681496, 0.004509085323661566, 0.008195769041776657, 0.01755254529416561, 0.05649832636117935, 0.0769878402352333, 0.06308261305093765, 0.07165388762950897, 0.06775008887052536, 0.04379291087388992, 0.021645212545990944, 0.01858387514948845, 0.04647563397884369, 0.116390660405159, 0.14061814546585083, 0.09775019437074661, 0.09242436289787292, 0.10855009406805038, 0.25571301579475403], "lowlevel.gfcc.cov": [[6004.16015625, 176.75674438476562, -880.5363159179688, 307.97198486328125, -71.51900482177734, -224.7284393310547, -546.5845947265625, -187.82449340820312, -1.047748327255249, 73.37438201904297, 232.52908325195312, 112.7574691772461, 154.27105712890625], [176.75674438476562, 667.8026123046875, 44.57088851928711, -90.29585266113281, 115.90384674072266, -133.98097229003906, 34.22540283203125, -31.281524658203125, 142.77613830566406, -3.3208935260772705, 127.45541381835938, -61.742305755615234, 68.3172836303711], [-880.5363159179688, 44.57088851928711, 1053.621826171875, 93.91687774658203, 103.6854019165039, 134.78460693359375, 152.42811584472656, 18.79497718811035, 16.370052337646484, -78.51004791259766, -17.38935089111328, -15.614673614501953, 18.704408645629883], [307.97198486328125, -90.29585266113281, 93.91687774658203, 312.81353759765625, 146.01255798339844, 48.64939498901367, 13.72939395904541, -85.34355926513672, -24.92989730834961, -39.252052307128906, 22.02581214904785, 1.9621516466140747, 29.447431564331055], [-71.51900482177734, 115.90384674072266, 103.6854019165039, 146.01255798339844, 338.0914001464844, 89.06637573242188, 98.21669006347656, -54.50352478027344, 11.182517051696777, -36.3687858581543, 70.59811401367188, 12.083046913146973, 70.86013793945312], [-224.7284393310547, -133.98097229003906, 134.78460693359375, 48.64939498901367, 89.06637573242188, 191.2608642578125, 109.8526611328125, 14.27090835571289, -68.01338195800781, -86.0120849609375, -28.54823875427246, 39.872344970703125, 63.81692886352539], [-546.5845947265625, 34.22540283203125, 152.42811584472656, 13.72939395904541, 98.21669006347656, 109.8526611328125, 253.13983154296875, 52.3109245300293, 19.9262752532959, -62.009742736816406, -10.526878356933594, 6.499972820281982, 53.34532165527344], [-187.82449340820312, -31.281524658203125, 18.79497718811035, -85.34355926513672, -54.50352478027344, 14.27090835571289, 52.3109245300293, 112.15086364746094, 54.410343170166016, 18.181873321533203, -21.737735748291016, -27.33426856994629, -13.824382781982422], [-1.047748327255249, 142.77613830566406, 16.370052337646484, -24.92989730834961, 11.182517051696777, -68.01338195800781, 19.9262752532959, 54.410343170166016, 221.56314086914062, 123.81491088867188, 68.65470886230469, -92.0916748046875, -45.264713287353516], [73.37438201904297, -3.3208935260772705, -78.51004791259766, -39.252052307128906, -36.3687858581543, -86.0120849609375, -62.009742736816406, 18.181873321533203, 123.81491088867188, 170.2350311279297, 55.98265838623047, -51.0064811706543, -79.4597396850586], [232.52908325195312, 127.45541381835938, -17.38935089111328, 22.02581214904785, 70.59811401367188, -28.54823875427246, -10.526878356933594, -21.737735748291016, 68.65470886230469, 55.98265838623047, 160.91372680664062, 64.63850402832031, 77.50436401367188], [112.7574691772461, -61.742305755615234, -15.614673614501953, 1.9621516466140747, 12.083046913146973, 39.872344970703125, 6.499972820281982, -27.33426856994629, -92.0916748046875, -51.0064811706543, 64.63850402832031, 180.68626403808594, 129.43006896972656], [154.27105712890625, 68.3172836303711, 18.704408645629883, 29.447431564331055, 70.86013793945312, 63.81692886352539, 53.34532165527344, -13.824382781982422, -45.264713287353516, -79.4597396850586, 77.50436401367188, 129.43006896972656, 198.46534729003906]], "lowlevel.gfcc.icov": [[0.000301921769278124, -0.0004125073319301009, 0.0002456955553498119, -0.0007047516410239041, 0.00026532509946264327, -0.0004383077030070126, 0.0007532025338150561, -0.0003931518003810197, -2.9294518753886223e-05, -0.00016630937170702964, 5.533438888960518e-05, -0.00034188322024419904, -6.682729144813493e-05], [-0.0004125073319301009, 0.008103759959340096, -0.00097798986826092, 0.00640127994120121, -0.0028044201899319887, 0.007922111079096794, -0.0027706618420779705, 0.0059024435468018055, -0.002838251180946827, 0.007877415977418423, -0.00644282903522253, 0.008353354409337044, -0.004141801968216896], [0.0002456955553498119, -0.00097798986826092, 0.001397217158228159, -0.0012649943819269538, 0.00047748186625540257, -0.0016378393629565835, 0.00045297108590602875, -0.0007224417640827596, -0.0003959895111620426, -2.7776837669080123e-05, 0.00038773735286667943, -0.001112359226681292, 0.0008583501912653446], [-0.0007047516410239041, 0.00640127994120121, -0.0012649943819269538, 0.010577510111033916, -0.003593777073547244, 0.005282991100102663, -0.0027821422554552555, 0.008455073460936546, -0.0026688671205192804, 0.006486580707132816, -0.004700073506683111, 0.007196961902081966, -0.0030545059125870466], [0.00026532509946264327, -0.0028044201899319887, 0.00047748186625540257, -0.003593777073547244, 0.006810316350311041, -0.004942380823194981, -0.0005862473626621068, 0.0006976306904107332, 0.0008990949136205018, -0.002161548240110278, -0.0012137170415371656, -0.0005701290210708976, 0.0007966214325278997], [-0.0004383077030070126, 0.007922111079096794, -0.0016378393629565835, 0.005282991100102663, -0.004942380823194981, 0.018517615273594856, -0.0052626351825892925, 0.002303941873833537, 0.0005742298671975732, 0.007484611123800278, -0.00423335051164031, 0.007680263835936785, -0.005858468357473612], [0.0007532025338150561, -0.0027706618420779705, 0.00045297108590602875, -0.0027821422554552555, -0.0005862473626621068, -0.0052626351825892925, 0.0097664101049304, -0.0050769769586622715, -0.0024271125439554453, 0.00046762332203797996, 0.0029180736746639013, -0.003929486498236656, 0.0007178810774348676], [-0.0003931518003810197, 0.0059024435468018055, -0.0007224417640827596, 0.008455073460936546, 0.0006976306904107332, 0.002303941873833537, -0.0050769769586622715, 0.02269792929291725, -0.008146091364324093, 0.005035271868109703, -0.001116367639042437, 0.005814350210130215, -0.004154673311859369], [-2.9294518753886223e-05, -0.002838251180946827, -0.0003959895111620426, -0.0026688671205192804, 0.0008990949136205018, 0.0005742298671975732, -0.0024271125439554453, -0.008146091364324093, 0.019003750756382942, -0.01112871989607811, -0.005254666320979595, 0.007557790260761976, -0.001985776238143444], [-0.00016630937170702964, 0.007877415977418423, -2.7776837669080123e-05, 0.006486580707132816, -0.002161548240110278, 0.007484611123800278, 0.00046762332203797996, 0.005035271868109703, -0.01112871989607811, 0.026588764041662216, -0.01273596752434969, 0.004743674304336309, 0.005035151727497578], [5.533438888960518e-05, -0.00644282903522253, 0.00038773735286667943, -0.004700073506683111, -0.0012137170415371656, -0.00423335051164031, 0.0029180736746639013, -0.001116367639042437, -0.005254666320979595, -0.01273596752434969, 0.02578049898147583, -0.014793260022997856, -0.0029497260693460703], [-0.00034188322024419904, 0.008353354409337044, -0.001112359226681292, 0.007196961902081966, -0.0005701290210708976, 0.007680263835936785, -0.003929486498236656, 0.005814350210130215, 0.007557790260761976, 0.004743674304336309, -0.014793260022997856, 0.027546027675271034, -0.012941823340952396], [-6.682729144813493e-05, -0.004141801968216896, 0.0008583501912653446, -0.0030545059125870466, 0.0007966214325278997, -0.005858468357473612, 0.0007178810774348676, -0.004154673311859369, -0.001985776238143444, 0.005035151727497578, -0.0029497260693460703, -0.012941823340952396, 0.019160684198141098]], "lowlevel.mfcc.cov": [[6562.19384765625, -276.154541015625, -926.0347290039062, 94.62985229492188, 185.61297607421875, -149.22824096679688, -361.491943359375, -409.8594055175781, -390.8924255371094, -244.58709716796875, -113.49861145019531, 69.67803192138672, 91.34480285644531], [-276.154541015625, 714.99365234375, 38.31066131591797, 16.41047477722168, 35.59185791015625, -69.2516098022461, -36.315372467041016, -17.344083786010742, 5.237122058868408, 62.97085189819336, 56.958988189697266, 31.49362564086914, 9.911989212036133], [-926.0347290039062, 38.31066131591797, 814.0151977539062, 44.99901580810547, 47.64860153198242, 32.3039665222168, 79.2383041381836, 101.46038818359375, 93.23402404785156, 12.928857803344727, 1.995145320892334, -42.55817794799805, -21.718191146850586], [94.62985229492188, 16.41047477722168, 44.99901580810547, 220.52093505859375, 84.70428466796875, 102.35797119140625, 31.666696548461914, -0.12452573329210281, -21.2141056060791, -6.667914390563965, 7.146477222442627, 35.37499237060547, 7.905799388885498], [185.61297607421875, 35.59185791015625, 47.64860153198242, 84.70428466796875, 222.06072998046875, 100.31529998779297, 53.92133331298828, -0.6651119589805603, -27.381532669067383, -29.12687110900879, -11.29313850402832, 22.31732749938965, 19.9563045501709], [-149.22824096679688, -69.2516098022461, 32.3039665222168, 102.35797119140625, 100.31529998779297, 202.55462646484375, 125.71694946289062, 73.62211608886719, 11.385875701904297, -24.736330032348633, -45.334903717041016, -2.982630968093872, 3.345968246459961], [-361.491943359375, -36.315372467041016, 79.2383041381836, 31.666696548461914, 53.92133331298828, 125.71694946289062, 194.71177673339844, 136.8062286376953, 54.16349792480469, -43.519588470458984, -71.66925811767578, -51.382808685302734, -3.8473055362701416], [-409.8594055175781, -17.344083786010742, 101.46038818359375, -0.12452573329210281, -0.6651119589805603, 73.62211608886719, 136.8062286376953, 178.54200744628906, 85.44400024414062, -19.734437942504883, -68.37449645996094, -58.822410583496094, -21.686851501464844], [-390.8924255371094, 5.237122058868408, 93.23402404785156, -21.2141056060791, -27.381532669067383, 11.385875701904297, 54.16349792480469, 85.44400024414062, 129.681640625, 73.08811950683594, 32.914676666259766, -23.828039169311523, -36.59596633911133], [-244.58709716796875, 62.97085189819336, 12.928857803344727, -6.667914390563965, -29.12687110900879, -24.736330032348633, -43.519588470458984, -19.734437942504883, 73.08811950683594, 170.2095184326172, 134.236572265625, 47.577232360839844, -35.94449234008789], [-113.49861145019531, 56.958988189697266, 1.995145320892334, 7.146477222442627, -11.29313850402832, -45.334903717041016, -71.66925811767578, -68.37449645996094, 32.914676666259766, 134.236572265625, 187.18641662597656, 85.93472290039062, -11.042248725891113], [69.67803192138672, 31.49362564086914, -42.55817794799805, 35.37499237060547, 22.31732749938965, -2.982630968093872, -51.382808685302734, -58.822410583496094, -23.828039169311523, 47.577232360839844, 85.93472290039062, 116.87187194824219, 48.504188537597656], [91.34480285644531, 9.911989212036133, -21.718191146850586, 7.905799388885498, 19.9563045501709, 3.345968246459961, -3.8473055362701416, -21.686851501464844, -36.59596633911133, -35.94449234008789, -11.042248725891113, 48.504188537597656, 99.66908264160156]], "lowlevel.mfcc.icov": [[0.0002546024916227907, 0.00012008066551061347, 0.0002470496983733028, -0.00020119579858146608, -0.00038092126487754285, 0.00024520864826627076, 0.00038605747977271676, 0.000147681450471282, 5.472030534292571e-05, 0.00020507953013293445, 0.0001588756131241098, 9.943516488419846e-05, 2.8486815608630423e-06], [0.00012008066551061347, 0.0016934144077822566, 8.54354293551296e-05, -0.0005184781621210277, -0.0008669309318065643, 0.0014676309656351805, -7.120186637621373e-05, -0.0005163119058124721, 0.0006794552900828421, -0.0011058581294491887, 0.00024587794905528426, 0.00014723341155331582, -0.0004032440483570099], [0.0002470496983733028, 8.54354293551296e-05, 0.0017045967979356647, -0.0006600633496418595, -0.0008276193402707577, 0.000583523535169661, 0.0004990351153537631, -0.00044854797306470573, -0.0009080830495804548, 0.0006279280642047524, -0.0004345813940744847, 0.0008187730563804507, -0.0002969088964164257], [-0.00020119579858146608, -0.0005184781621210277, -0.0006600633496418595, 0.0072223953902721405, -0.0003157778410241008, -0.004251313861459494, 0.0005570576759055257, 0.0001018968760035932, 0.0007866859086789191, 0.0007851509726606309, -0.0006895082187838852, -0.002106175757944584, 0.001289453823119402], [-0.00038092126487754285, -0.0008669309318065643, -0.0008276193402707577, -0.0003157778410241008, 0.007612519897520542, -0.0035315074492245913, -0.002062595449388027, 0.0018453208031132817, 0.00042191080865450203, 0.0011051124893128872, -0.0007872069836594164, -0.0011426701676100492, 0.00021859614935237914], [0.00024520864826627076, 0.0014676309656351805, 0.000583523535169661, -0.004251313861459494, -0.0035315074492245913, 0.014552035368978977, -0.007548845373094082, -0.0005978365079499781, 0.0019411381799727678, -0.0035793541464954615, 0.0037349716294556856, -0.003002765355631709, 0.0011877671349793673], [0.00038605747977271676, -7.120186637621373e-05, 0.0004990351153537631, 0.0005570576759055257, -0.002062595449388027, -0.007548845373094082, 0.019368339329957962, -0.009266839362680912, -0.0024893777444958687, 0.004171727690845728, -0.002609917661175132, 0.004774098750203848, -0.0029065264388918877], [0.000147681450471282, -0.0005163119058124721, -0.00044854797306470573, 0.0001018968760035932, 0.0018453208031132817, -0.0005978365079499781, -0.009266839362680912, 0.020720694214105606, -0.010872617363929749, 0.0015230729477480054, 0.006336294114589691, -0.0025226944126188755, 0.002098440658301115], [5.472030534292571e-05, 0.0006794552900828421, -0.0009080830495804548, 0.0007866859086789191, 0.00042191080865450203, 0.0019411381799727678, -0.0024893777444958687, -0.010872617363929749, 0.024491384625434875, -0.01106199249625206, -0.0032163648866117, 0.004750962369143963, -0.0006546537624672055], [0.00020507953013293445, -0.0011058581294491887, 0.0006279280642047524, 0.0007851509726606309, 0.0011051124893128872, -0.0035793541464954615, 0.004171727690845728, 0.0015230729477480054, -0.01106199249625206, 0.022606005892157555, -0.010837803594768047, -0.0029879859648644924, 0.004732207395136356], [0.0001588756131241098, 0.00024587794905528426, -0.0004345813940744847, -0.0006895082187838852, -0.0007872069836594164, 0.0037349716294556856, -0.002609917661175132, 0.006336294114589691, -0.0032163648866117, -0.010837803594768047, 0.02138110063970089, -0.011422870680689812, 0.003938394598662853], [9.943516488419846e-05, 0.00014723341155331582, 0.0008187730563804507, -0.002106175757944584, -0.0011426701676100492, -0.003002765355631709, 0.004774098750203848, -0.0025226944126188755, 0.004750962369143963, -0.0029879859648644924, -0.011422870680689812, 0.026454588398337364, -0.013268189504742622], [2.8486815608630423e-06, -0.0004032440483570099, -0.0002969088964164257, 0.001289453823119402, 0.00021859614935237914, 0.0011877671349793673, -0.0029065264388918877, 0.002098440658301115, -0.0006546537624672055, 0.004732207395136356, 0.003938394598662853, -0.013268189504742622, 0.01852404512465]], "metadata.audio_properties.analysis.downmix": "mix", "metadata.audio_properties.codec": "mp3", "metadata.audio_properties.md5_encoded": "c3f0d773edbcfd7f76e5426434a67e5a", "metadata.tags.file_name": "1182273048833949807.mp3", "metadata.version.essentia": "2.1-beta6-dev", "metadata.version.essentia_git_sha": "v2.1_beta5-1110-g77a6a954", "metadata.version.extractor": "music 2.0", "tonal.chords_key": "G", "tonal.chords_scale": "minor", "tonal.key_edma.key": "C", "tonal.key_edma.scale": "minor", "tonal.key_krumhansl.key": "C", "tonal.key_krumhansl.scale": "minor", "tonal.key_temperley.key": "C", "tonal.key_temperley.scale": "minor", "metadata.tags.encoding": ["Lavf58.45.100"]}, "essentia_models": [{"model_name": "genre_dortmund", "activations": {"alternative": "0.007429108", "blues": "0.00042967114", "elect