{"song_id": "1182274622452940801", "download": "https://cdn.discordapp.com/attachments/1128313332273782784/1182274622452940801/chirp.mp4?ex=65841a0b&amp", "lyrics": "-", "style": ["fast femele rnb"], "essentia_features": {"lowlevel.average_loudness": 0.981434166431427, "lowlevel.barkbands_crest.mean": 21.381546020507812, "lowlevel.barkbands_crest.stdev": 4.8273444175720215, "lowlevel.barkbands_flatness_db.mean": 0.5946003794670105, "lowlevel.barkbands_flatness_db.stdev": 0.12601442635059357, "lowlevel.barkbands_kurtosis.mean": 95.7625961303711, "lowlevel.barkbands_kurtosis.stdev": 286.6874084472656, "lowlevel.barkbands_skewness.mean": 4.539999961853027, "lowlevel.barkbands_skewness.stdev": 4.594945430755615, "lowlevel.barkbands_spread.mean": 1.4221090078353882, "lowlevel.barkbands_spread.stdev": 2.1653988361358643, "lowlevel.dissonance.mean": 0.31031033396720886, "lowlevel.dissonance.stdev": 0.11546511948108673, "lowlevel.dynamic_complexity": 1.8544929027557373, "lowlevel.erbbands_crest.mean": 17.457836151123047, "lowlevel.erbbands_crest.stdev": 4.7764763832092285, "lowlevel.erbbands_flatness_db.mean": 0.3780193328857422, "lowlevel.erbbands_flatness_db.stdev": 0.09836499392986298, "lowlevel.erbbands_kurtosis.mean": 24.325952529907227, "lowlevel.erbbands_kurtosis.stdev": 34.57780838012695, "lowlevel.erbbands_skewness.mean": 1.8399583101272583, "lowlevel.erbbands_skewness.stdev": 2.694862127304077, "lowlevel.erbbands_spread.mean": 13.394707679748535, "lowlevel.erbbands_spread.stdev": 29.652780532836914, "lowlevel.hfc.mean": 14.12519645690918, "lowlevel.hfc.stdev": 11.724230766296387, "lowlevel.loudness_ebu128.integrated": -18.026641845703125, "lowlevel.loudness_ebu128.loudness_range": 0.7786979675292969, "lowlevel.loudness_ebu128.momentary.mean": -18.178476333618164, "lowlevel.loudness_ebu128.momentary.stdev": 1.1884727478027344, "lowlevel.loudness_ebu128.short_term.mean": -17.98456573486328, "lowlevel.loudness_ebu128.short_term.stdev": 0.26793742179870605, "lowlevel.melbands_crest.mean": 27.013200759887695, "lowlevel.melbands_crest.stdev": 5.620113849639893, "lowlevel.melbands_flatness_db.mean": 0.7303221225738525, "lowlevel.melbands_flatness_db.stdev": 0.13593707978725433, "lowlevel.melbands_kurtosis.mean": 49.044673919677734, "lowlevel.melbands_kurtosis.stdev": 136.8787078857422, "lowlevel.melbands_skewness.mean": 3.177079200744629, "lowlevel.melbands_skewness.stdev": 3.5183653831481934, "lowlevel.melbands_spread.mean": 1.2630130052566528, "lowlevel.melbands_spread.stdev": 3.950051784515381, "lowlevel.pitch_salience.mean": 0.2844751179218292, "lowlevel.pitch_salience.stdev": 0.15897463262081146, "lowlevel.silence_rate_20dB.mean": 0.8713788986206055, "lowlevel.silence_rate_20dB.stdev": 0.3347783386707306, "lowlevel.silence_rate_30dB.mean": 0.385283887386322, "lowlevel.silence_rate_30dB.stdev": 0.48665785789489746, "lowlevel.silence_rate_60dB.mean": 0.0011587485205382109, "lowlevel.silence_rate_60dB.stdev": 0.03402106463909149, "lowlevel.spectral_centroid.mean": 205.15443420410156, "lowlevel.spectral_centroid.stdev": 107.20950317382812, "lowlevel.spectral_complexity.mean": 2.778679132461548, "lowlevel.spectral_complexity.stdev": 1.3721071481704712, "lowlevel.spectral_decrease.mean": -4.5189501918230235e-08, "lowlevel.spectral_decrease.stdev": 4.044415646831112e-08, "lowlevel.spectral_energy.mean": 0.17183661460876465, "lowlevel.spectral_energy.stdev": 0.15357963740825653, "lowlevel.spectral_energyband_high.mean": 0.00010824870696524158, "lowlevel.spectral_energyband_high.stdev": 0.0004002894274890423, "lowlevel.spectral_energyband_low.mean": 0.1577933430671692, "lowlevel.spectral_energyband_low.stdev": 0.15720635652542114, "lowlevel.spectral_energyband_middle_high.mean": 2.5461169570917264e-05, "lowlevel.spectral_energyband_middle_high.stdev": 9.582934580976143e-05, "lowlevel.spectral_energyband_middle_low.mean": 0.016163451597094536, "lowlevel.spectral_energyband_middle_low.stdev": 0.01717049442231655, "lowlevel.spectral_entropy.mean": 4.5404205322265625, "lowlevel.spectral_entropy.stdev": 1.0369919538497925, "lowlevel.spectral_flux.mean": 0.11788759380578995, "lowlevel.spectral_flux.stdev": 0.15345428884029388, "lowlevel.spectral_kurtosis.mean": 112.00801849365234, "lowlevel.spectral_kurtosis.stdev": 113.30188751220703, "lowlevel.spectral_rms.mean": 0.01197132933884859, "lowlevel.spectral_rms.stdev": 0.0049327947199344635, "lowlevel.spectral_rolloff.mean": 143.2462158203125, "lowlevel.spectral_rolloff.stdev": 409.0820617675781, "lowlevel.spectral_skewness.mean": 7.9886298179626465, "lowlevel.spectral_skewness.stdev": 4.679035663604736, "lowlevel.spectral_spread.mean": 2891453.75, "lowlevel.spectral_spread.stdev": 3399729.75, "lowlevel.spectral_strongpeak.mean": 0.8941552639007568, "lowlevel.spectral_strongpeak.stdev": 0.4382382929325104, "lowlevel.zerocrossingrate.mean": 0.0066483765840530396, "lowlevel.zerocrossingrate.stdev": 0.016220495104789734, "metadata.audio_properties.analysis.equal_loudness": 0.0, "metadata.audio_properties.analysis.length": 40.04265213012695, "metadata.audio_properties.analysis.sample_rate": 44100.0, "metadata.audio_properties.analysis.start_time": 0.0, "metadata.audio_properties.bit_rate": 127147.0, "metadata.audio_properties.length": 40.042667388916016, "metadata.audio_properties.lossless": 0.0, "metadata.audio_properties.number_channels": 1.0, "metadata.audio_properties.replay_gain": -4.2745361328125, "metadata.audio_properties.sample_rate": 48000.0, "rhythm.beats_count": 68.0, "rhythm.beats_loudness.mean": 0.5392724871635437, "rhythm.beats_loudness.stdev": 0.11462399363517761, "rhythm.bpm": 103.00101470947266, "rhythm.bpm_histogram_first_peak_bpm": 103.0, "rhythm.bpm_histogram_first_peak_weight": 0.11940300464630127, "rhythm.bpm_histogram_second_peak_bpm": 0.0, "rhythm.bpm_histogram_second_peak_spread": 0.0, "rhythm.bpm_histogram_second_peak_weight": 0.0, "rhythm.danceability": 3.2589688301086426, "rhythm.onset_rate": 4.41898775100708, "tonal.chords_changes_rate": 0.1215277761220932, "tonal.chords_number_rate": 0.008101851679384708, "tonal.chords_strength.mean": 0.5408227443695068, "tonal.chords_strength.stdev": 0.04040133208036423, "tonal.hpcp_crest.mean": 14.434107780456543, "tonal.hpcp_crest.stdev": 4.584311485290527, "tonal.hpcp_entropy.mean": 1.701575517654419, "tonal.hpcp_entropy.stdev": 0.656116783618927, "tonal.key_edma.strength": 0.4034081995487213, "tonal.key_krumhansl.strength": 0.40093451738357544, "tonal.key_temperley.strength": 0.40407630801200867, "tonal.tuning_diatonic_strength": 0.44024524092674255, "tonal.tuning_equal_tempered_deviation": 0.23577570915222168, "tonal.tuning_frequency": 442.5489196777344, "tonal.tuning_nontempered_energy_ratio": 0.909112811088562, "lowlevel.barkbands.mean": [0.003283748170360923, 0.14536941051483154, 0.006888212636113167, 0.004432572051882744, 0.011403445154428482, 0.00021024729358032346, 4.717881165561266e-05, 5.0122980610467494e-05, 1.6277948816423304e-05, 8.476573384541553e-06, 4.878612799075199e-06, 4.0966015149024315e-06, 2.6275890832039295e-06, 1.277454202863737e-06, 1.0742802487584413e-06, 8.859870490596222e-07, 7.964974315655127e-07, 9.279002597395447e-07, 1.2776940820913296e-06, 2.6269572117598727e-06, 5.102371233078884e-06, 1.1110025297966786e-05, 2.3986211090232246e-05, 2.1126090359757654e-05, 2.7959476938121952e-05, 1.6566686099395156e-05, 8.395418831241841e-07], "lowlevel.barkbands.stdev": [0.00181831163354218, 0.14669036865234375, 0.031616419553756714, 0.010350361466407776, 0.009820744395256042, 0.0005814901669509709, 0.00021110096713528037, 0.00024626246886327863, 8.936024096328765e-05, 3.698770888149738e-05, 2.2305766833596863e-05, 1.991312819882296e-05, 1.3456098713504616e-05, 5.716709893022198e-06, 4.399745648697717e-06, 3.835785264527658e-06, 3.046236997761298e-06, 4.311304110160563e-06, 5.486031568580074e-06, 1.1631726920313668e-05, 2.1181782358326018e-05, 4.304107278585434e-05, 0.00011007820285158232, 7.83212308306247e-05, 0.00011247798829572275, 7.106468547135592e-05, 4.5693650463363156e-06], "lowlevel.erbbands.mean": [5.596441268920898, 26.947717666625977, 13.536304473876953, 11.791666984558105, 21.645668029785156, 43.308319091796875, 23.80251121520996, 2.0045549869537354, 0.808485209941864, 1.1703375577926636, 0.5755195021629333, 0.3705757260322571, 0.32757556438446045, 0.2165856957435608, 0.20722649991512299, 0.1598968207836151, 0.12395039945840836, 0.0769515410065651, 0.059037692844867706, 0.05397908389568329, 0.04623955488204956, 0.0460878424346447, 0.04919927939772606, 0.06220076605677605, 0.07338709384202957, 0.12806972861289978, 0.15336637198925018, 0.24750438332557678, 0.3706779479980469, 0.673662006855011, 0.6240671873092651, 0.49287089705467224, 0.3456619381904602, 0.35919398069381714, 0.16169056296348572, 0.07566899806261063, 0.032700393348932266, 0.004402168095111847, 0.00017122496501542628, 0.00018903971067629755], "lowlevel.erbbands.stdev": [4.699294090270996, 32.60839080810547, 41.27466583251953, 31.10403060913086, 40.1654052734375, 32.19819259643555, 17.416276931762695, 4.179586887359619, 3.6330349445343018, 5.317626476287842, 2.370534896850586, 1.9871176481246948, 1.6199896335601807, 0.9211813807487488, 0.9590864181518555, 0.7681750655174255, 0.5919584035873413, 0.36796221137046814, 0.2482472062110901, 0.21679212152957916, 0.1944824457168579, 0.1771998256444931, 0.21442124247550964, 0.2866556644439697, 0.302369087934494, 0.5660480856895447, 0.6502688527107239, 1.020666241645813, 1.4111300706863403, 3.100867748260498, 2.7540652751922607, 1.8693641424179077, 1.307050108909607, 1.441009521484375, 0.6909111142158508, 0.31591886281967163, 0.1438695341348648, 0.020707450807094574, 0.00043716226355172694, 0.0001654889783822], "lowlevel.gfcc.mean": [-223.98399353027344, 162.37014770507812, 46.44148635864258, 62.16176223754883, -23.36249351501465, 5.802351474761963, -20.235353469848633, -11.968633651733398, -10.986989974975586, -6.041965007781982, 2.2776896953582764, 2.6471259593963623, 12.457576751708984], "lowlevel.melbands.mean": [0.045194800943136215, 0.015624472871422768, 0.0022803833708167076, 0.0022740396670997143, 0.001293250359594822, 3.009571992151905e-05, 1.0804073099279776e-05, 1.3124844372214284e-05, 3.923438271158375e-06, 2.278442025271943e-06, 1.5943127209538943e-06, 8.642284115012444e-07, 6.850028171356826e-07, 5.091954449198965e-07, 3.4693530892582203e-07, 2.2630749185736931e-07, 1.3160560285996326e-07, 9.382925725276436e-08, 8.041526911028996e-08, 6.678813235794223e-08, 4.988709179087891e-08, 4.6787199892150966e-08, 4.4957616296414926e-08, 4.5311200125297546e-08, 5.1231786812877544e-08, 4.582246049267269e-08, 6.904658533812835e-08, 8.788685335048285e-08, 8.320763811298093e-08, 1.2292166218230705e-07, 1.4555564575857716e-07, 1.8731911666236556e-07, 2.508151624169841e-07, 4.497816803450405e-07, 3.6901030853186967e-07, 3.102605887761456e-07, 2.9979347004882584e-07, 2.2291868617685395e-07, 2.879512521758443e-07, 3.0260113703661773e-07], "lowlevel.melbands.stdev": [0.04224344342947006, 0.02530079521238804, 0.005326497368514538, 0.002343507716432214, 0.000954415590967983, 9.746739669935778e-05, 5.238938319962472e-05, 6.229658902157098e-05, 1.5849720512051135e-05, 1.2836710084229708e-05, 7.870919034758117e-06, 3.769647037188406e-06, 3.2088939860841492e-06, 2.4764904082985595e-06, 1.6494632291141897e-06, 1.2574497532114037e-06, 6.244479777706147e-07, 4.0560402680966945e-07, 3.284030469785648e-07, 2.882634930756467e-07, 2.0889150675884594e-07, 1.8390022660241812e-07, 1.8160071135753242e-07, 2.197074024934409e-07, 2.442836262162018e-07, 1.973413503719712e-07, 2.930024720626534e-07, 4.002981484063639e-07, 3.761707318972185e-07, 5.072049020782288e-07, 6.197828383847082e-07, 7.214084121187625e-07, 9.941237522070878e-07, 2.2761646505387034e-06, 1.736590093059931e-06, 1.2016464552289108e-06, 1.1512579476402607e-06, 8.802880415714753e-07, 1.093542095986777e-06, 1.2579416761582252e-06], "lowlevel.melbands128.mean": [0.003252253634855151, 0.04449019208550453, 0.06997613608837128, 0.034724120050668716, 0.008955543860793114, 0.0029385918751358986, 0.0022656982764601707, 0.0021774969063699245, 0.002174477092921734, 0.0019704836886376143, 0.0024993596598505974, 0.0028733285143971443, 0.0005463046254590154, 6.028102870914154e-05, 2.350121212657541e-05, 1.826266998250503e-05, 1.4268493941926863e-05, 8.644734407425858e-06, 7.307882242457708e-06, 1.4781709069211502e-05, 1.730573239910882e-05, 4.251918198860949e-06, 2.45212368099601e-06, 2.660252448549727e-06, 2.3447257717634784e-06, 2.1477474092534976e-06, 2.0621862404368585e-06, 1.6623874898868962e-06, 1.0619249906085315e-06, 9.716683280203142e-07, 7.86206499014952e-07, 6.535691454701009e-07, 7.044071139716834e-07, 7.052943828966818e-07, 5.708281491934031e-07, 4.6414737653321936e-07, 3.706663278535416e-07, 3.6422130733626545e-07, 3.2129511851053394e-07, 2.6058668822770414e-07, 2.128371789922312e-07, 1.6740605701670574e-07, 1.3016793332099041e-07, 1.1757557416558484e-07, 9.795105171406249e-08, 8.713343646604699e-08, 9.10204960291594e-08, 8.751046465249601e-08, 7.249701639011619e-08, 6.854100575992561e-08, 6.936814855862394e-08, 5.983163475775655e-08, 5.5350717786950554e-08, 4.1816690554696834e-08, 4.567364797480877e-08, 4.822059196385453e-08, 4.64151561629933e-08, 4.897168537354446e-08, 4.2452001025594654e-08, 4.0577422311116607e-08, 4.4459294912257974e-08, 5.2725052768209935e-08, 4.623003491133204e-08, 5.6123688807474537e-08, 4.577290724228078e-08, 4.7371866429557485e-08, 3.9977859245254876e-08, 5.662351298951762e-08, 7.640712595957666e-08, 8.526797756758242e-08, 9.115740340348566e-08, 9.186010885287033e-08, 7.790357869907893e-08, 7.357050435530255e-08, 9.592748995146394e-08, 1.1333165872429163e-07, 1.3997293990541948e-07, 1.5334521208387741e-07, 1.4672262693693483e-07, 1.301020233768213e-07, 1.611913660326536e-07, 2.2526903364905593e-07, 2.3183007158422697e-07, 2.269242713737185e-07, 2.848799738330854e-07, 3.859152002405608e-07, 5.67302606668818e-07, 4.703598222022265e-07, 2.976435666823818e-07, 3.6588869534170954e-07, 3.1787487841938855e-07, 2.832166217103804e-07, 3.0639046144642634e-07, 3.3808976240834454e-07, 2.6825890131476626e-07, 2.3675700333569694e-07, 2.037511990238272e-07, 2.1174538744617166e-07, 2.5831931793618423e-07, 3.392262328816287e-07, 3.8520047951351444e-07, 3.06205606648291e-07, 1.9603737655415898e-07, 2.0662231747792248e-07, 1.9206413526262622e-07, 1.3102527418595855e-07, 1.6966725979727926e-07, 1.4226351652268932e-07, 1.2464843734960596e-07, 1.2061862264545198e-07, 1.0478348855258446e-07, 1.0309639719707775e-07, 1.3452104496991524e-07, 9.769257758307504e-08, 4.949035670165358e-08, 4.528088126676266e-08, 3.145490623523983e-08, 2.3929989101389992e-09, 3.5005026655099414e-11, 3.116182312190574e-11, 3.0261015915300504e-11, 2.9619643543421503e-11, 2.8913234653704656e-11, 2.8390826148361192e-11, 2.7789525888777256e-11, 2.7120056200757858e-11, 2.6718727924590624e-11, 2.6551713952494005e-11], "lowlevel.melbands128.stdev": [0.001803452498279512, 0.033971529453992844, 0.07235868275165558, 0.050242066383361816, 0.026909153908491135, 0.013397119008004665, 0.006573339458554983, 0.005292413290590048, 0.004679517354816198, 0.003021221375092864, 0.0019709172192960978, 0.002176586538553238, 0.0004326154012233019, 0.00016953158774413168, 9.098102600546554e-05, 0.00010754754475783557, 8.092319330899045e-05, 4.332686876296066e-05, 3.4689939639065415e-05, 7.362385804299265e-05, 9.17099168873392e-05, 2.07344965019729e-05, 1.2460990546969697e-05, 1.4385540453076828e-05, 1.4129126611805987e-05, 1.3783492249785922e-05, 1.2407815120241139e-05, 8.37791412777733e-06, 4.61638273918652e-06, 4.95132962896605e-06, 3.4882059480878524e-06, 3.00137958220148e-06, 3.968854798586108e-06, 3.5345221931493143e-06, 2.90351658804866e-06, 2.568834588601021e-06, 1.9651793081720825e-06, 1.93064352060901e-06, 1.6417607184848748e-06, 1.3404236369751743e-06, 1.4729222357345861e-06, 1.1482491117931204e-06, 6.25754239536036e-07, 5.669008373843099e-07, 4.7341796971522854e-07, 4.1445696297159884e-07, 4.421935955178924e-07, 3.9330399204118294e-07, 3.353850388521096e-07, 2.9118132260919083e-07, 3.3525310527693364e-07, 3.031129836017499e-07, 2.588989502783079e-07, 1.7008017039188417e-07, 2.110145942424424e-07, 2.139654924349088e-07, 1.8749811658835824e-07, 1.9742746815154533e-07, 1.990590448031071e-07, 1.9239458026731882e-07, 2.3091359935278888e-07, 2.981948341584939e-07, 2.464829265136359e-07, 2.8231457349647826e-07, 2.2011846567693283e-07, 2.3217216948978603e-07, 1.8363094511641975e-07, 2.6445061962476757e-07, 3.36550584734141e-07, 4.0878879303818394e-07, 4.3112356706842547e-07, 4.6102681494630815e-07, 3.8311384287226247e-07, 3.7995403090462787e-07, 4.70252814466221e-07, 5.172396981834027e-07, 6.13435418017616e-07, 7.738418617009302e-07, 6.714702749377466e-07, 5.864147283318744e-07, 7.10517895186058e-07, 9.224686436937191e-07, 1.0206625802311464e-06, 9.444207194064802e-07, 1.3065388202448958e-06, 1.7819328377299826e-06, 3.267143483753898e-06, 2.878310169762699e-06, 1.2626933312276378e-06, 1.707639512460446e-06, 1.2539196632133098e-06, 1.1355908782206825e-06, 1.249110937351361e-06, 1.3861064189768513e-06, 1.11118538370647e-06, 1.0494992466192343e-06, 9.230393516190816e-07, 8.750145070735016e-07, 1.028903511723911e-06, 1.3163191852072487e-06, 1.710113906483457e-06, 1.416525606146024e-06, 8.937259963204269e-07, 1.0055998700408963e-06, 9.229895567841595e-07, 5.959353188700334e-07, 7.223154625535244e-07, 7.560523158645083e-07, 5.598366215053829e-07, 5.436442052086932e-07, 5.059849286226381e-07, 4.540537190678151e-07, 6.564916361639916e-07, 4.83299402276316e-07, 2.368049365486513e-07, 2.387020003880025e-07, 1.7241285377167515e-07, 1.2497631374230878e-08, 8.726534772574013e-11, 3.325411820909174e-11, 3.218891819756209e-11, 3.145812776939039e-11, 3.078174173887227e-11, 3.020515781937405e-11, 2.975813692684959e-11, 2.9389667782764306e-11, 2.9132102979945174e-11, 2.897548173619313e-11], "lowlevel.mfcc.mean": [-923.270263671875, 196.1534423828125, 123.01265716552734, 74.81285095214844, 38.93393325805664, 32.554508209228516, 15.038352012634277, 10.392147064208984, 2.855109453201294, 0.3756176233291626, -2.4783787727355957, -2.6969943046569824, -1.7009949684143066], "lowlevel.spectral_contrast_coeffs.mean": [-0.6186591982841492, -0.8088073134422302, -0.858166515827179, -0.8968706130981445, -0.8773970007896423, -0.8443365097045898], "lowlevel.spectral_contrast_coeffs.stdev": [0.06216169893741608, 0.05520429462194443, 0.034775570034980774, 0.024119200184941292, 0.0480167381465435, 0.03452521935105324], "lowlevel.spectral_contrast_valleys.mean": [-6.316223621368408, -8.972023010253906, -10.506848335266113, -11.2776460647583, -11.178643226623535, -12.786124229431152], "lowlevel.spectral_contrast_valleys.stdev": [0.6855433583259583, 0.97279953956604, 1.1649340391159058, 1.1995956897735596, 1.2351765632629395, 1.632531762123108], "rhythm.beats_loudness_band_ratio.mean": [0.9925438165664673, 0.007954183034598827, 0.0002379022480454296, 3.4402860364934895e-06, 1.7382633359375177e-06, 0.0004094390897080302], "rhythm.beats_loudness_band_ratio.stdev": [0.005998873617500067, 0.005620506126433611, 0.001358929555863142, 2.9697632726310985e-06, 1.6819470829432248e-06, 0.001471669296734035], "tonal.hpcp.mean": [0.15388505160808563, 0.20885144174098969, 0.21161095798015594, 0.10815688222646713, 0.03775470703840256, 0.025129543617367744, 0.0305048618465662, 0.09752283245325089, 0.14171908795833588, 0.07105190306901932, 0.01598765142261982, 0.01278386078774929, 0.012249129824340343, 0.008033382706344128, 0.008653637021780014, 0.012157466262578964, 0.020141413435339928, 0.036429889500141144, 0.03462306782603264, 0.020266093313694, 0.017001351341605186, 0.01505696214735508, 0.010374621488153934, 0.01297389343380928, 0.015334111638367176, 0.016147378832101822, 0.018507905304431915, 0.016951866447925568, 0.01164970826357603, 0.009162498638033867, 0.015389833599328995, 0.04371442273259163, 0.2105116844177246, 0.38301390409469604, 0.2887457311153412, 0.15724050998687744], "tonal.hpcp.stdev": [0.30865469574928284, 0.36192068457603455, 0.3710138499736786, 0.2649076282978058, 0.16062471270561218, 0.13148105144500732, 0.15357178449630737, 0.18258287012577057, 0.21679377555847168, 0.13535505533218384, 0.10561089217662811, 0.0982736200094223, 0.09973601996898651, 0.07560010999441147, 0.07928928732872009, 0.09058509767055511, 0.10169876366853714, 0.13503721356391907, 0.12574853003025055, 0.0875549465417862, 0.09625166654586792, 0.10083715617656708, 0.07746418565511703, 0.08484368026256561, 0.0990065187215805, 0.10140010714530945, 0.10587293654680252, 0.11013587564229965, 0.08031725138425827, 0.06948421895503998, 0.09545494616031647, 0.15271012485027313, 0.3206811547279358, 0.4435770511627197, 0.3711511790752411, 0.31585758924484253], "rhythm.beats_position": [0.6037188172340393, 1.2074376344680786, 1.7879364490509033, 2.3684353828430176, 2.9489340782165527, 3.529433012008667, 4.109931945800781, 4.690430641174316, 5.27092981338501, 5.851428508758545, 6.44353723526001, 7.035645961761475, 7.616145133972168, 8.196643829345703, 8.777142524719238, 9.357641220092773, 9.938140869140625, 10.51863956451416, 11.099138259887695, 11.67963695526123, 12.260135650634766, 12.85224437713623, 13.444353103637695, 14.024852752685547, 14.605351448059082, 15.185850143432617, 15.766348838806152, 16.346847534179688, 16.92734718322754, 17.507844924926758, 18.08834457397461, 18.692062377929688, 19.27256202697754, 19.85306167602539, 20.43355941772461, 21.01405906677246, 21.59455680847168, 22.17505645751953, 22.75555419921875, 23.3360538482666, 23.916553497314453, 24.497051239013672, 25.077550888061523, 25.6812686920166, 26.261768341064453, 26.842267990112305, 27.422765731811523, 28.003265380859375, 28.583763122558594, 29.164262771606445, 29.744760513305664, 30.325260162353516, 30.905759811401367, 31.486257553100586, 32.06675720214844, 32.670475006103516, 33.250972747802734, 33.83147430419922, 34.41197204589844, 34.992469787597656, 35.57297134399414, 36.15346908569336, 36.73396682739258, 37.3144645690918, 37.89496612548828, 38.4754638671875, 39.05596160888672, 39.6364631652832], "rhythm.bpm_histogram": [0.0, 0.0, 0.0, 0.0, 0.0, 0.0, 0.0, 0.0, 0.0, 0.0, 0.0, 0.0, 0.0, 0.0, 0.0, 0.0, 0.0, 0.0, 0.0, 0.0, 0.0, 0.0, 0.0, 0.0, 0.0, 0.0, 0.0, 0.0, 0.0, 0.0, 0.0, 0.0, 0.0, 0.0, 0.0, 0.0, 0.0, 0.0, 0.0, 0.0, 0.0, 0.0, 0.0, 0.0, 0.0, 0.0, 0.0, 0.0, 0.0, 0.0, 0.0, 0.0, 0.0, 0.0, 0.0, 0.0, 0.0, 0.0, 0.0, 0.0, 0.0, 0.0, 0.0, 0.0, 0.0, 0.0, 0.0, 0.0, 0.0, 0.0, 0.0, 0.0, 0.0, 0.0, 0.0, 0.0, 0.0, 0.0, 0.0, 0.0, 0.0, 0.0, 0.0, 0.0, 0.0, 0.0, 0.0, 0.0, 0.0, 0.0, 0.0, 0.0, 0.0, 0.0, 0.0, 0.0, 0.0, 0.0, 0.0, 0.05970149114727974, 0.0, 0.05970149114727974, 0.0, 0.8805969953536987, 0.0, 0.0, 0.0, 0.0, 0.0, 0.0, 0.0, 0.0, 0.0, 0.0, 0.0, 0.0, 0.0, 0.0, 0.0, 0.0, 0.0, 0.0, 0.0, 0.0, 0.0, 0.0, 0.0, 0.0, 0.0, 0.0, 0.0, 0.0, 0.0, 0.0, 0.0, 0.0, 0.0, 0.0, 0.0, 0.0, 0.0, 0.0, 0.0, 0.0, 0.0, 0.0, 0.0, 0.0, 0.0, 0.0, 0.0, 0.0, 0.0, 0.0, 0.0, 0.0, 0.0, 0.0, 0.0, 0.0, 0.0, 0.0, 0.0, 0.0, 0.0, 0.0, 0.0, 0.0, 0.0, 0.0, 0.0, 0.0, 0.0, 0.0, 0.0, 0.0, 0.0, 0.0, 0.0, 0.0, 0.0, 0.0, 0.0, 0.0, 0.0, 0.0, 0.0, 0.0, 0.0, 0.0, 0.0, 0.0, 0.0, 0.0, 0.0, 0.0, 0.0, 0.0, 0.0, 0.0, 0.0, 0.0, 0.0, 0.0, 0.0, 0.0, 0.0, 0.0, 0.0, 0.0, 0.0, 0.0, 0.0, 0.0, 0.0, 0.0, 0.0, 0.0, 0.0, 0.0, 0.0, 0.0, 0.0, 0.0, 0.0, 0.0, 0.0, 0.0, 0.0, 0.0, 0.0, 0.0, 0.0, 0.0, 0.0, 0.0, 0.0, 0.0, 0.0, 0.0, 0.0, 0.0, 0.0, 0.0, 0.0, 0.0, 0.0, 0.0, 0.0, 0.0], "tonal.chords_histogram": [0.0, 23.61111068725586, 17.824073791503906, 0.0, 0.0, 0.0, 0.0, 0.0, 4.398148059844971, 30.092592239379883, 0.0, 0.0, 0.0, 0.0, 0.0, 2.1990740299224854, 0.8101851940155029, 0.0, 13.88888931274414, 7.1759257316589355, 0.0, 0.0, 0.0, 0.0], "tonal.thpcp": [1.0, 0.7538779377937317, 0.41053473949432373, 0.4017740488052368, 0.5452842116355896, 0.5524889826774597, 0.2823837101459503, 0.09857267886400223, 0.06561000645160675, 0.07964427024126053, 0.2546195685863495, 0.37001028656959534, 0.1855073720216751, 0.04174169898033142, 0.033377014100551605, 0.03198090195655823, 0.02097412757575512, 0.022593531757593155, 0.03174157813191414, 0.0525866374373436, 0.09511375427246094, 0.09039637446403503, 0.052912160754203796, 0.044388338923454285, 0.039311788976192474, 0.027086801826953888, 0.033873166888952255, 0.040035393089056015, 0.04215872660279274, 0.04832175746560097, 0.04425914213061333, 0.030415888875722885, 0.023922104388475418, 0.04018087312579155, 0.11413273215293884, 0.5496188998222351], "lowlevel.gfcc.cov": [[7938.16943359375, -2949.449462890625, -1294.7564697265625, 424.2746276855469, -1381.021484375, 993.0942993164062, -427.9071960449219, 514.3235473632812, -562.8723754882812, 320.5178527832031, -544.2379760742188, 182.92889404296875, -514.7676391601562], [-2949.449462890625, 2685.596923828125, -34.64997100830078, -668.530029296875, 867.0538330078125, -786.8009643554688, 264.63018798828125, -406.614501953125, 279.5577392578125, -347.9464416503906, 258.9650573730469, -278.3399353027344, 190.8333740234375], [-1294.7564697265625, -34.64997100830078, 944.5931396484375, 169.8191375732422, -92.76287078857422, -23.801223754882812, -10.832550048828125, -25.238204956054688, 86.4345474243164, 44.44400405883789, 63.124534606933594, 48.74782180786133, 81.31568145751953], [424.2746276855469, -668.530029296875, 169.8191375732422, 373.4046630859375, -124.35807800292969, 186.32989501953125, -51.16508102416992, 45.50553512573242, -35.0881462097168, 66.49903869628906, -8.583518981933594, 66.2208251953125, 8.836991310119629], [-1381.021484375, 867.0538330078125, -92.76287078857422, -124.35807800292969, 828.104248046875, -207.70884704589844, 252.39492797851562, -114.59178161621094, 174.30380249023438, -99.55191802978516, 169.2498779296875, -79.79952239990234, 127.63219451904297], [993.0942993164062, -786.8009643554688, -23.801223754882812, 186.32989501953125, -207.70884704589844, 339.7724914550781, -23.271167755126953, 140.85894775390625, -49.845420837402344, 81.34091186523438, -77.61847686767578, 45.98213195800781, -77.0904769897461], [-427.9071960449219, 264.63018798828125, -10.832550048828125, -51.16508102416992, 252.39492797851562, -23.271167755126953, 165.67819213867188, 9.818806648254395, 108.35425567626953, -19.407638549804688, 56.28988265991211, -48.405574798583984, 17.357845306396484], [514.3235473632812, -406.614501953125, -25.238204956054688, 45.50553512573242, -114.59178161621094, 140.85894775390625, 9.818806648254395, 144.68385314941406, 11.825362205505371, 73.7576675415039, -51.666908264160156, 10.378273010253906, -74.421142578125], [-562.8723754882812, 279.5577392578125, 86.4345474243164, -35.0881462097168, 174.30380249023438, -49.845420837402344, 108.35425567626953, 11.825362205505371, 148.19207763671875, -4.985604763031006, 64.69049072265625, -52.63921356201172, 13.197789192199707], [320.5178527832031, -347.9464416503906, 44.44400405883789, 66.49903869628906, -99.55191802978516, 81.34091186523438, -19.407638549804688, 73.7576675415039, -4.985604763031006, 95.04131317138672, -16.07406234741211, 49.07079315185547, -25.669025421142578], [-544.2379760742188, 258.9650573730469, 63.124534606933594, -8.583518981933594, 169.2498779296875, -77.61847686767578, 56.28988265991211, -51.666908264160156, 64.69049072265625, -16.07406234741211, 92.4504623413086, 4.646944522857666, 70.48129272460938], [182.92889404296875, -278.3399353027344, 48.74782180786133, 66.2208251953125, -79.79952239990234, 45.98213195800781, -48.405574798583984, 10.378273010253906, -52.63921356201172, 49.07079315185547, 4.646944522857666, 99.44358825683594, 38.729408264160156], [-514.7676391601562, 190.8333740234375, 81.31568145751953, 8.836991310119629, 127.63219451904297, -77.0904769897461, 17.357845306396484, -74.421142578125, 13.197789192199707, -25.669025421142578, 70.48129272460938, 38.729408264160156, 112.97959899902344]], "lowlevel.gfcc.icov": [[0.0007058466435410082, -0.0016039252514019608, 0.001052284031175077, -0.0018430172931402922, 0.00061474071117118, -0.0019878384191542864, 0.0001187420857604593, -0.0014687852235510945, 0.0016071697464212775, -0.0021432715002447367, 0.0017315096920356154, -0.002109715947881341, 0.0012437409022822976], [-0.0016039252514019608, 0.019235607236623764, -0.003555086674168706, 0.017795754596590996, -0.0025444766506552696, 0.016636556014418602, -0.002953458111733198, 0.018130261451005936, -0.01214941218495369, 0.018925698474049568, -0.015013725496828556, 0.0200254637748003, -0.0037886621430516243], [0.001052284031175077, -0.003555086674168706, 0.0032686537597328424, -0.004547938238829374, 0.0016604769043624401, -0.003504258580505848, 0.00034638942452147603, -0.002361007034778595, 0.00064189633121714, -0.004817562643438578, 0.004463227931410074, -0.004828576929867268, 0.0006285351701080799], [-0.0018430172931402922, 0.017795754596590996, -0.004547938238829374, 0.02177920937538147, -0.0030167000368237495, 0.01213095709681511, -0.0005855663912370801, 0.0175652913749218, -0.01089430134743452, 0.015773028135299683, -0.016120392829179764, 0.020135173574090004, -0.0055299317464232445], [0.00061474071117118, -0.0025444766506552696, 0.0016604769043624401, -0.0030167000368237495, 0.00437750481069088, -0.0017825810937210917, -0.00426510302349925, -0.0016204860294237733, 0.0021594802383333445, -0.0026447048876434565, 0.0002406864077784121, -0.0018824604339897633, -0.000792047823779285], [-0.0019878384191542864, 0.016636556014418602, -0.003504258580505848, 0.01213095709681511, -0.0017825810937210917, 0.023638121783733368, -0.006000904366374016, 0.01011139526963234, -0.009261321276426315, 0.01892883889377117, -0.011594070121645927, 0.014714724384248257, -0.002287983661517501], [0.0001187420857604593, -0.002953458111733198, 0.00034638942452147603, -0.0005855663912370801, -0.00426510302349925, -0.006000904366374016, 0.020914288237690926, -0.007193073630332947, -0.005607821978628635, -0.0012110635871067643, -0.0007780656451359391, 0.00010086998372571543, -0.0010708535555750132], [-0.0014687852235510945, 0.018130261451005936, -0.002361007034778595, 0.0175652913749218, -0.0016204860294237733, 0.01011139526963234, -0.007193073630332947, 0.045681606978178024, -0.02222943678498268, 0.005743550136685371, -0.0014810896245762706, 0.012820852920413017, 0.003366346936672926], [0.0016071697464212775, -0.01214941218495369, 0.00064189633121714, -0.01089430134743452, 0.0021594802383333445, -0.009261321276426315, -0.005607821978628635, -0.02222943678498268, 0.03827136382460594, -0.017414703965187073, -0.010655688121914864, 0.003933663945645094, 0.0025658784434199333], [-0.0021432715002447367, 0.018925698474049568, -0.004817562643438578, 0.015773028135299683, -0.0026447048876434565, 0.01892883889377117, -0.0012110635871067643, 0.005743550136685371, -0.017414703965187073, 0.05198430269956589, -0.02007511630654335, 0.00017473236948717386, 0.006682943552732468], [0.0017315096920356154, -0.015013725496828556, 0.004463227931410074, -0.016120392829179764, 0.0002406864077784121, -0.011594070121645927, -0.0007780656451359391, -0.0014810896245762706, -0.010655688121914864, -0.02007511630654335, 0.06111373007297516, -0.02590937726199627, -0.010301481001079082], [-0.002109715947881341, 0.0200254637748003, -0.004828576929867268, 0.020135173574090004, -0.0018824604339897633, 0.014714724384248257, 0.00010086998372571543, 0.012820852920413017, 0.003933663945645094, 0.00017473236948717386, -0.02590937726199627, 0.06298194825649261, -0.026786908507347107], [0.0012437409022822976, -0.0037886621430516243, 0.0006285351701080799, -0.0055299317464232445, -0.000792047823779285, -0.002287983661517501, -0.0010708535555750132, 0.003366346936672926, 0.0025658784434199333, 0.006682943552732468, -0.010301481001079082, -0.026786908507347107, 0.039440806955099106]], "lowlevel.mfcc.cov": [[9153.673828125, -3494.05908203125, -381.6390075683594, -1023.0145874023438, -727.5712890625, -86.95372009277344, -82.38381958007812, 0.6697579622268677, -41.19329071044922, -8.688538551330566, -40.55031204223633, -28.8095645904541, 27.45747947692871], [-3494.05908203125, 3174.07568359375, -787.3627319335938, 316.3907165527344, 228.93267822265625, -146.96299743652344, -28.886743545532227, -80.19712829589844, -54.75777053833008, -63.522159576416016, -6.618717193603516, -0.09555210918188095, -49.777217864990234], [-381.6390075683594, -787.3627319335938, 1195.8360595703125, -4.032097816467285, -115.55403900146484, 3.591261863708496, -101.9368896484375, -22.26909828186035, -9.553356170654297, 12.180553436279297, -28.122507095336914, -8.483986854553223, 19.549938201904297], [-1023.0145874023438, 316.3907165527344, -4.032097816467285, 301.471435546875, 159.1457977294922, 63.993995666503906, 39.90534591674805, 4.326282978057861, 6.290863513946533, 1.9127535820007324, 6.979763031005859, 2.858314275741577, -6.196047306060791], [-727.5712890625, 228.93267822265625, -115.55403900146484, 159.1457977294922, 205.0967254638672, 86.12358093261719, 67.85070037841797, 33.654380798339844, 23.781003952026367, 6.598811626434326, 19.160856246948242, 10.337722778320312, -2.623689889907837], [-86.95372009277344, -146.96299743652344, 3.591261863708496, 63.993995666503906, 86.12358093261719, 127.10259246826172, 65.4603271484375, 44.723907470703125, 25.92656707763672, 16.221630096435547, 4.4048752784729, 7.748919486999512, 14.66226863861084], [-82.38381958007812, -28.886743545532227, -101.9368896484375, 39.90534591674805, 67.85070037841797, 65.4603271484375, 85.88621520996094, 40.2661018371582, 28.019432067871094, 8.856562614440918, 7.498466491699219, 2.1329665184020996, 6.210909843444824], [0.6697579622268677, -80.19712829589844, -22.26909828186035, 4.326282978057861, 33.654380798339844, 44.723907470703125, 40.2661018371582, 66.2938232421875, 38.1044807434082, 30.889402389526367, 25.348432540893555, 20.446609497070312, 15.949882507324219], [-41.19329071044922, -54.75777053833008, -9.553356170654297, 6.290863513946533, 23.781003952026367, 25.92656707763672, 28.019432067871094, 38.1044807434082, 59.3371467590332, 43.82931137084961, 36.38111877441406, 29.833581924438477, 22.222713470458984], [-8.688538551330566, -63.522159576416016, 12.180553436279297, 1.9127535820007324, 6.598811626434326, 16.221630096435547, 8.856562614440918, 30.889402389526367, 43.82931137084961, 71.8321762084961, 52.956703186035156, 43.86045837402344, 32.00849914550781], [-40.55031204223633, -6.618717193603516, -28.122507095336914, 6.979763031005859, 19.160856246948242, 4.4048752784729, 7.498466491699219, 25.348432540893555, 36.38111877441406, 52.956703186035156, 69.76960754394531, 50.763763427734375, 32.03188705444336], [-28.8095645904541, -0.09555210918188095, -8.483986854553223, 2.858314275741577, 10.337722778320312, 7.748919486999512, 2.1329665184020996, 20.446609497070312, 29.833581924438477, 43.86045837402344, 50.763763427734375, 61.17257308959961, 37.551055908203125], [27.45747947692871, -49.777217864990234, 19.549938201904297, -6.196047306060791, -2.623689889907837, 14.66226863861084, 6.210909843444824, 15.949882507324219, 22.222713470458984, 32.00849914550781, 32.03188705444336, 37.551055908203125, 45.95366287231445]], "lowlevel.mfcc.icov": [[0.0005506438901647925, 0.0006657611229456961, 0.00077672372572124, 0.0005953258369117975, 0.0010637075174599886, -0.00034235368366353214, 0.0006677299388684332, 4.558477667160332e-05, 0.000291209842544049, 0.00030348298605531454, 9.2749745817855e-05, -0.0002843176480382681, 2.1334919438231736e-05], [0.0006657611229456961, 0.0013731912476941943, 0.001299249823205173, 0.0001747104397509247, 0.000562944682314992, 0.0007638114620931447, 0.0013023429783061147, 6.180140189826488e-05, 0.0003890642838086933, 0.00038936929195187986, 0.000850542273838073, -0.0007865812513045967, -0.00025803386233747005], [0.00077672372572124, 0.001299249823205173, 0.0024484836030751467, 3.378198016434908e-05, 0.0018190857954323292, -0.0008759910706430674, 0.0034286004956811666, -0.0002296598395332694, -0.00022716991952620447, 0.00018046401964966208, 0.0012542507611215115, 2.2806365450378507e-05, -0.0010029156692326069], [0.0005953258369117975, 0.0001747104397509247, 3.378198016434908e-05, 0.007337769027799368, -0.003455627243965864, -0.0017024596454575658, -0.00021670071873813868, 0.0025991713628172874, 0.0011187776690348983, -0.0011938269017264247, -0.00012432297808118165, -0.00022065720986574888, 0.000839075306430459], [0.0010637075174599886, 0.000562944682314992, 0.0018190857954323292, -0.003455627243965864, 0.016315124928951263, -0.0075326357036828995, -0.001829794724471867, -0.0006965360371395946, -0.001049018232151866, 0.005146216135472059, -0.00628116587176919, -0.0018573376582935452, 0.005377123598009348], [-0.00034235368366353214, 0.0007638114620931447, -0.0008759910706430674, -0.0017024596454575658, -0.0075326357036828995, 0.02166827581822872, -0.008978176862001419, -0.005565690342336893, 0.002694081049412489, -0.00493351835757494, 0.009640227071940899, -0.0012154624564573169, -0.006616339553147554], [0.0006677299388684332, 0.0013023429783061147, 0.0034286004956811666, -0.00021670071873813868, -0.001829794724471867, -0.008978176862001419, 0.03128417208790779, -0.007924379780888557, -0.00856069941073656, 0.005558996461331844, -0.0002689771936275065, 0.006911385804414749, -0.004386082291603088], [4.558477667160332e-05, 6.180140189826488e-05, -0.0002296598395332694, 0.0025991713628172874, -0.0006965360371395946, -0.005565690342336893, -0.007924379780888557, 0.03238445892930031, -0.010665341280400753, -0.0033400750253349543, -0.0024886936880648136, -0.0019610419403761625, 0.00287609058432281], [0.000291209842544049, 0.0003890642838086933, -0.00022716991952620447, 0.0011187776690348983, -0.001049018232151866, 0.002694081049412489, -0.00856069941073656, -0.010665341280400753, 0.04303974285721779, -0.0171479694545269, -0.0022892674896866083, -0.002606941619887948, -0.000709091778844595], [0.00030348298605531454, 0.00038936929195187986, 0.00018046401964966208, -0.0011938269017264247, 0.005146216135472059, -0.00493351835757494, 0.005558996461331844, -0.0033400750253349543, -0.0171479694545269, 0.045931559056043625, -0.022058067843317986, -0.0033129833173006773, -0.0033392012119293213], [9.2749745817855e-05, 0.000850542273838073, 0.0012542507611215115, -0.00012432297808118165, -0.00628116587176919, 0.009640227071940899, -0.0002689771936275065, -0.0024886936880648136, -0.0022892674896866083, -0.022058067843317986, 0.05559326708316803, -0.026599599048495293, -0.002762722782790661], [-0.0002843176480382681, -0.0007865812513045967, 2.2806365450378507e-05, -0.00022065720986574888, -0.0018573376582935452, -0.0012154624564573169, 0.006911385804414749, -0.0019610419403761625, -0.002606941619887948, -0.0033129833173006773, -0.026599599048495293, 0.059555478394031525, -0.027249587699770927], [2.1334919438231736e-05, -0.00025803386233747005, -0.0010029156692326069, 0.000839075306430459, 0.005377123598009348, -0.006616339553147554, -0.004386082291603088, 0.00287609058432281, -0.000709091778844595, -0.0033392012119293213, -0.002762722782790661, -0.027249587699770927, 0.05088276416063309]], "metadata.audio_properties.analysis.downmix": "mix", "metadata.audio_properties.codec": "mp3", "metadata.audio_properties.md5_encoded": "bbc46f91934f9ba26c33bff98689ab16", "metadata.tags.file_name": "1182274622452940801.mp3", "metadata.version.essentia": "2.1-beta6-dev", "metadata.version.essentia_git_sha": "v2.1_beta5-1110-g77a6a954", "metadata.version.extractor": "music 2.0", "tonal.chords_key": "Ab", "tonal.chords_scale": "major", "tonal.key_edma.key": "C#", "tonal.key_edma.scale": "minor", "tonal.key_krumhansl.key": "C#", "tonal.key_krumhansl.scale": "minor", "tonal.key_temperley.key": "C#", "tonal.key_temperley.scale": "minor", "metadata.tags.encoding": ["Lavf58.45.100"]}, "essentia_models": [{"model_name": "genre_dortmund", "activations": {"alternative": "0.0022621101", "blues": "0.0002658575", "electronic": "0.9748501", "folkcountry": "0.00012189777", "funksoulrnb": "0.0009378443", "jazz": "0.03196145", "pop": "0.002078