{"song_id": "1182277196719603794", "download": "https://cdn.discordapp.com/attachments/1135911532732108921/1182277196719603794/chirp.mp4?ex=65841c71&amp", "lyrics": "[Verse]\nLost on this island, Christmas without cheer\nNo sign of rescue, feeling lonely and near\nNo gifts or loved ones, just solitude and fear\nWaiting in darkness, as the end draws near\n\n[Chorus]\nChristmas on a lost island, feeling so blue\nHoping for salvation, but what can I do\nNo sleigh bells or laughter, just a heartfelt plea\nPlease rescue me from this deserted Christmas tree", "style": ["hip hop"], "essentia_features": {"lowlevel.average_loudness": 0.9152825474739075, "lowlevel.barkbands_crest.mean": 8.75175952911377, "lowlevel.barkbands_crest.stdev": 3.2391462326049805, "lowlevel.barkbands_flatness_db.mean": 0.16614681482315063, "lowlevel.barkbands_flatness_db.stdev": 0.06630522012710571, "lowlevel.barkbands_kurtosis.mean": 0.8771066069602966, "lowlevel.barkbands_kurtosis.stdev": 2.487417221069336, "lowlevel.barkbands_skewness.mean": 0.6690734624862671, "lowlevel.barkbands_skewness.stdev": 0.7923182249069214, "lowlevel.barkbands_spread.mean": 20.520854949951172, "lowlevel.barkbands_spread.stdev": 13.417157173156738, "lowlevel.dissonance.mean": 0.46709996461868286, "lowlevel.dissonance.stdev": 0.037157658487558365, "lowlevel.dynamic_complexity": 3.0448906421661377, "lowlevel.erbbands_crest.mean": 9.544198989868164, "lowlevel.erbbands_crest.stdev": 3.9275403022766113, "lowlevel.erbbands_flatness_db.mean": 0.2212180644273758, "lowlevel.erbbands_flatness_db.stdev": 0.0730048269033432, "lowlevel.erbbands_kurtosis.mean": 0.5946481823921204, "lowlevel.erbbands_kurtosis.stdev": 2.640282154083252, "lowlevel.erbbands_skewness.mean": 0.06896528601646423, "lowlevel.erbbands_skewness.stdev": 0.8680896162986755, "lowlevel.erbbands_spread.mean": 26.422283172607422, "lowlevel.erbbands_spread.stdev": 14.765068054199219, "lowlevel.hfc.mean": 18.480619430541992, "lowlevel.hfc.stdev": 19.175119400024414, "lowlevel.loudness_ebu128.integrated": -21.241872787475586, "lowlevel.loudness_ebu128.loudness_range": 2.041322708129883, "lowlevel.loudness_ebu128.momentary.mean": -21.50878143310547, "lowlevel.loudness_ebu128.momentary.stdev": 1.6012184619903564, "lowlevel.loudness_ebu128.short_term.mean": -21.31001853942871, "lowlevel.loudness_ebu128.short_term.stdev": 0.6355739235877991, "lowlevel.melbands_crest.mean": 11.438796043395996, "lowlevel.melbands_crest.stdev": 4.179129123687744, "lowlevel.melbands_flatness_db.mean": 0.20368154346942902, "lowlevel.melbands_flatness_db.stdev": 0.07160095870494843, "lowlevel.melbands_kurtosis.mean": 3.279358148574829, "lowlevel.melbands_kurtosis.stdev": 4.150473594665527, "lowlevel.melbands_skewness.mean": 1.3328839540481567, "lowlevel.melbands_skewness.stdev": 0.9286836981773376, "lowlevel.melbands_spread.mean": 27.92074203491211, "lowlevel.melbands_spread.stdev": 20.242633819580078, "lowlevel.pitch_salience.mean": 0.6460702419281006, "lowlevel.pitch_salience.stdev": 0.0928620770573616, "lowlevel.silence_rate_20dB.mean": 1.0, "lowlevel.silence_rate_20dB.stdev": 0.0, "lowlevel.silence_rate_30dB.mean": 0.9987499713897705, "lowlevel.silence_rate_30dB.stdev": 0.03533308580517769, "lowlevel.silence_rate_60dB.mean": 0.04937500134110451, "lowlevel.silence_rate_60dB.stdev": 0.21664953231811523, "lowlevel.spectral_centroid.mean": 1352.134033203125, "lowlevel.spectral_centroid.stdev": 691.47802734375, "lowlevel.spectral_complexity.mean": 18.421249389648438, "lowlevel.spectral_complexity.stdev": 7.952282905578613, "lowlevel.spectral_decrease.mean": -4.53708093317573e-09, "lowlevel.spectral_decrease.stdev": 4.488119653700551e-09, "lowlevel.spectral_energy.mean": 0.018800238147377968, "lowlevel.spectral_energy.stdev": 0.01838613674044609, "lowlevel.spectral_energyband_high.mean": 0.0004459652991499752, "lowlevel.spectral_energyband_high.stdev": 0.001037921872921288, "lowlevel.spectral_energyband_low.mean": 0.000996172777377069, "lowlevel.spectral_energyband_low.stdev": 0.0011015243362635374, "lowlevel.spectral_energyband_middle_high.mean": 0.006223693024367094, "lowlevel.spectral_energyband_middle_high.stdev": 0.007678150665014982, "lowlevel.spectral_energyband_middle_low.mean": 0.011445610783994198, "lowlevel.spectral_energyband_middle_low.stdev": 0.012598685920238495, "lowlevel.spectral_entropy.mean": 7.402563571929932, "lowlevel.spectral_entropy.stdev": 0.5161434412002563, "lowlevel.spectral_flux.mean": 0.0833364948630333, "lowlevel.spectral_flux.stdev": 0.048661209642887115, "lowlevel.spectral_kurtosis.mean": 9.91353702545166, "lowlevel.spectral_kurtosis.stdev": 12.40821361541748, "lowlevel.spectral_rms.mean": 0.0038699647411704063, "lowlevel.spectral_rms.stdev": 0.0018344115233048797, "lowlevel.spectral_rolloff.mean": 1874.5589599609375, "lowlevel.spectral_rolloff.stdev": 1378.9473876953125, "lowlevel.spectral_skewness.mean": 1.8855913877487183, "lowlevel.spectral_skewness.stdev": 1.0919077396392822, "lowlevel.spectral_spread.mean": 3136923.25, "lowlevel.spectral_spread.stdev": 1735150.75, "lowlevel.spectral_strongpeak.mean": 1.0013031959533691, "lowlevel.spectral_strongpeak.stdev": 1.0172632932662964, "lowlevel.zerocrossingrate.mean": 0.061533812433481216, "lowlevel.zerocrossingrate.stdev": 0.03148459270596504, "metadata.audio_properties.analysis.equal_loudness": 0.0, "metadata.audio_properties.analysis.length": 37.11895751953125, "metadata.audio_properties.analysis.sample_rate": 44100.0, "metadata.audio_properties.analysis.start_time": 0.0, "metadata.audio_properties.bit_rate": 123669.0, "metadata.audio_properties.length": 37.119998931884766, "metadata.audio_properties.lossless": 0.0, "metadata.audio_properties.number_channels": 1.0, "metadata.audio_properties.replay_gain": -6.909029006958008, "metadata.audio_properties.sample_rate": 48000.0, "rhythm.beats_count": 72.0, "rhythm.beats_loudness.mean": 0.029107652604579926, "rhythm.beats_loudness.stdev": 0.019115189090371132, "rhythm.bpm": 117.99578857421875, "rhythm.bpm_histogram_first_peak_bpm": 117.0, "rhythm.bpm_histogram_first_peak_weight": 0.2535211443901062, "rhythm.bpm_histogram_second_peak_bpm": 0.0, "rhythm.bpm_histogram_second_peak_spread": 0.0, "rhythm.bpm_histogram_second_peak_weight": 0.0, "rhythm.danceability": 1.674294352531433, "rhythm.onset_rate": 5.277284145355225, "tonal.chords_changes_rate": 0.072409488260746, "tonal.chords_number_rate": 0.009987515397369862, "tonal.chords_strength.mean": 0.49208536744117737, "tonal.chords_strength.stdev": 0.06795375049114227, "tonal.hpcp_crest.mean": 10.488978385925293, "tonal.hpcp_crest.stdev": 4.549544334411621, "tonal.hpcp_entropy.mean": 2.461064100265503, "tonal.hpcp_entropy.stdev": 0.6509508490562439, "tonal.key_edma.strength": 0.8495209217071533, "tonal.key_krumhansl.strength": 0.8511990904808044, "tonal.key_temperley.strength": 0.8493528962135315, "tonal.tuning_diatonic_strength": 0.6844660043716431, "tonal.tuning_equal_tempered_deviation": 0.22143509984016418, "tonal.tuning_frequency": 435.7005310058594, "tonal.tuning_nontempered_energy_ratio": 0.9061065316200256, "lowlevel.barkbands.mean": [4.5924762162030675e-06, 0.0007615192444063723, 9.524147753836587e-05, 0.000581919273827225, 0.0010657247621566057, 0.0019689733162522316, 0.002432384295389056, 0.002840490313246846, 0.0021575232967734337, 0.0008124019368551672, 0.0008287612581625581, 0.0010584801202639937, 0.0006430874927900732, 0.0010781582677736878, 0.0007850711699575186, 0.0003867129562422633, 0.00032153987558558583, 0.0002032156044151634, 0.00020214435062371194, 0.0002097025135299191, 0.00011261365580139682, 5.583109668805264e-05, 6.567942182300612e-05, 3.801507773459889e-05, 4.548248034552671e-05, 4.3971260311082006e-05, 1.025883079819323e-06], "lowlevel.barkbands.stdev": [1.8353450286667794e-05, 0.000891546078491956, 0.00019123262609355152, 0.0015400164993479848, 0.0010361910099163651, 0.0032931838650256395, 0.004890186712145805, 0.005921203177422285, 0.0055776056833565235, 0.002020077081397176, 0.0020038550719618797, 0.0030025155283510685, 0.0018235273892059922, 0.0028099697083234787, 0.0019055063603445888, 0.0009587009553797543, 0.0007581132231280208, 0.0008400508668273687, 0.0007742533925920725, 0.00047919145436026156, 0.00027333913021720946, 0.00015129651001188904, 0.00019155444169882685, 0.00011281424667686224, 0.00013497733743861318, 0.00012613143189810216, 4.099184025108116e-06], "lowlevel.erbbands.mean": [0.012422881089150906, 0.19791074097156525, 0.21393992006778717, 0.8500794172286987, 2.7462637424468994, 5.028402328491211, 4.879859447479248, 18.112333297729492, 32.204044342041016, 52.195072174072266, 58.40553283691406, 48.10567855834961, 36.182395935058594, 28.6478214263916, 32.88141632080078, 42.737728118896484, 30.774354934692383, 48.67462921142578, 57.462398529052734, 24.182655334472656, 22.790870666503906, 18.57529640197754, 12.556208610534668, 9.427726745605469, 11.464107513427734, 9.476037979125977, 5.935057163238525, 3.429295539855957, 2.165966272354126, 1.921445369720459, 1.7527966499328613, 0.9137883186340332, 0.622882068157196, 0.49804019927978516, 0.3266163170337677, 0.19459974765777588, 0.08470488339662552, 0.01003595907241106, 0.00020989618496969342, 3.0324654289870523e-05], "lowlevel.erbbands.stdev": [0.018416890874505043, 0.2281055599451065, 0.312572717666626, 2.114078998565674, 5.480384826660156, 5.462206840515137, 6.711280345916748, 31.55460548400879, 60.39031219482422, 103.89142608642578, 127.91087341308594, 123.9200210571289, 95.056640625, 66.23811340332031, 83.95925903320312, 123.26143646240234, 80.52766418457031, 126.07526397705078, 143.20741271972656, 49.87760543823242, 55.84813690185547, 43.46110916137695, 49.94516372680664, 36.3096809387207, 39.5804557800293, 21.527341842651367, 14.302998542785645, 8.659721374511719, 5.92075777053833, 5.633063316345215, 5.017725944519043, 2.746793508529663, 1.8591798543930054, 1.5839983224868774, 0.9438925981521606, 0.5830138921737671, 0.24417918920516968, 0.028830116614699364, 0.0005802161176688969, 3.2602496503386647e-05], "lowlevel.gfcc.mean": [-46.292179107666016, 120.23596954345703, -152.56552124023438, 12.316170692443848, -60.6185302734375, -0.9457823038101196, -34.867618560791016, 1.1209666728973389, -15.038338661193848, 5.296646595001221, -8.532794952392578, -5.97025203704834, -5.98934268951416], "lowlevel.melbands.mean": [0.00017351006681565195, 0.00017321089399047196, 0.00022202769469004124, 0.00027305842377245426, 0.00017046162975020707, 0.00043015769915655255, 0.0005020889802835882, 0.0005939420079812407, 0.00046978966565802693, 0.000293776422040537, 0.0001731676748022437, 0.00010837515583261847, 0.00010661562555469573, 0.00011802683729911223, 8.735420124139637e-05, 6.658953498117626e-05, 9.276920172851533e-05, 9.95152149698697e-05, 4.71840648970101e-05, 2.397229582129512e-05, 2.6671375962905586e-05, 1.999369851546362e-05, 1.3795299310004339e-05, 8.885825991455931e-06, 7.380416718660854e-06, 7.71949089539703e-06, 8.989084562927019e-06, 5.547923137783073e-06, 3.908870894520078e-06, 2.8034025945089525e-06, 1.7004488199745538e-06, 1.2954859585079248e-06, 9.194624794872652e-07, 1.1800456150012906e-06, 1.108604806177027e-06, 7.168662818912708e-07, 5.032366630075558e-07, 4.262616926098417e-07, 4.2077724060618493e-07, 4.183212922725943e-07], "lowlevel.melbands.stdev": [0.0002137650444637984, 0.00020575796952471137, 0.0005453127669170499, 0.00028334854869171977, 0.00018675865430850536, 0.0007493539014831185, 0.0009167257812805474, 0.0011745728552341461, 0.001074094558134675, 0.0007780027226544917, 0.0004660693812184036, 0.0002628953952807933, 0.0002629156515467912, 0.00034114913432858884, 0.00024380773538723588, 0.00018746446585282683, 0.0002517187094781548, 0.000255191553151235, 0.00011363421072019264, 5.524777952814475e-05, 6.891239900141954e-05, 4.941498991684057e-05, 4.622924097930081e-05, 3.9480539271607995e-05, 3.0203158530639485e-05, 3.2337797165382653e-05, 2.2607371647609398e-05, 1.3313608178577852e-05, 9.887306077871472e-06, 7.0773194238427095e-06, 4.424318831297569e-06, 3.6620685932575725e-06, 2.6714913019532105e-06, 3.628496187957353e-06, 3.1934614526107907e-06, 2.301091171830194e-06, 1.5138385833779466e-06, 1.3163930816517677e-06, 1.2801973525711219e-06, 1.4127303984423634e-06], "lowlevel.melbands128.mean": [2.7816743113362463e-06, 4.3138697947142646e-05, 0.00027914802194572985, 0.0003604469820857048, 0.00015417607210110873, 4.122762766201049e-05, 0.00010910153650911525, 0.0003801734128501266, 0.0002447062870487571, 0.0002492461644578725, 0.0003563929640222341, 9.874157694866881e-05, 0.00014069183089304715, 0.00022011490364093333, 0.00028207284049130976, 0.0006795965600758791, 0.0006478133727796376, 0.0003414687525946647, 0.0005029274034313858, 0.0006096776924096048, 0.0006728465086780488, 0.00047837651800364256, 0.0004891856806352735, 0.00039649836253374815, 0.0002912485506385565, 0.00027029606280848384, 0.0002399385703029111, 0.00018110097153112292, 9.891553781926632e-05, 7.295675459317863e-05, 0.0001362036564387381, 0.00013464012590702623, 7.778930739732459e-05, 0.00011144165182486176, 0.00011730763799278066, 0.00011635683767963201, 0.00013203403796069324, 8.779940981185064e-05, 5.89920709899161e-05, 5.94875164097175e-05, 6.621929060202092e-05, 7.864471263019368e-05, 9.830186900217086e-05, 9.41116813919507e-05, 0.00010061852663056925, 0.00011339870252413675, 8.435716154053807e-05, 4.849587639910169e-05, 3.1631087040295824e-05, 2.3600850909133442e-05, 2.0034489352838136e-05, 2.6925814381684177e-05, 3.256925992900506e-05, 2.2677366359857842e-05, 2.2167811039253138e-05, 2.065079752355814e-05, 1.8211087080999278e-05, 1.3913059774495196e-05, 1.2763772247126326e-05, 1.2446189430193044e-05, 8.123806765070185e-06, 6.527195182570722e-06, 8.113648618746083e-06, 7.161458597693127e-06, 7.160035238484852e-06, 7.298324362636777e-06, 8.195401278499048e-06, 9.320910066890065e-06, 9.660652722232044e-06, 8.349194104084745e-06, 5.079427864984609e-06, 4.309819360059919e-06, 4.592795903590741e-06, 3.614280785768642e-06, 3.530525418682373e-06, 3.1082263376447372e-06, 2.429824462524266e-06, 1.8644013835000806e-06, 1.697076754680893e-06, 1.3793655853078235e-06, 1.4472882412519539e-06, 1.2721631037493353e-06, 8.895874543668469e-07, 9.26619463825773e-07, 8.516910270373046e-07, 1.0031078545580385e-06, 1.3110844747643569e-06, 1.538026026537409e-06, 9.83627046480251e-07, 9.701253702587564e-07, 8.404846312259906e-07, 6.329041184471862e-07, 5.057216867498937e-07, 5.37728851668362e-07, 4.7121932311711134e-07, 4.220124765197397e-07, 4.159512911883212e-07, 4.3793946247205895e-07, 3.910169539267372e-07, 4.362422032500035e-07, 4.5465989728654677e-07, 4.2456770188437076e-07, 3.633445260220469e-07, 3.328566151594714e-07, 3.7875466318837425e-07, 4.0207476104114903e-07, 3.4088031952705933e-07, 3.013444711541524e-07, 3.4541301374702016e-07, 3.495315183954517e-07, 3.388185803032684e-07, 3.1500988484367554e-07, 3.008937028425862e-07, 2.186700527317953e-07, 1.6210613296152587e-07, 1.141419687655798e-07, 3.90013887852092e-08, 2.5794366642628574e-09, 2.7290109061439694e-10, 3.193418446345575e-11, 2.2080521439038492e-11, 8.039686971716975e-12, 2.5879803942224777e-12, 2.5238042992287157e-12, 2.390811723942954e-12, 2.198621926879918e-12, 2.0893909432467828e-12, 2.064551437794271e-12], "lowlevel.melbands128.stdev": [1.1333291695336811e-05, 0.00010101087536895648, 0.0003639034111984074, 0.00042464284342713654, 0.00022514784359373152, 8.280819747596979e-05, 0.00028307168395258486, 0.0010157587239518762, 0.0005919848917983472, 0.00027819653041660786, 0.00042466455488465726, 0.00011352472938597202, 0.00024220925115514547, 0.0003809695190284401, 0.0006411049398593605, 0.0013719138223677874, 0.001536190859042108, 0.0008606248302385211, 0.0013781506568193436, 0.001478591002523899, 0.0015853429213166237, 0.0012854919768869877, 0.0013790111988782883, 0.0012124357745051384, 0.0009935152484104037, 0.0008834036998450756, 0.0008931364282034338, 0.0004994371556676924, 0.00030707751284353435, 0.00027129799127578735, 0.00035177654353901744, 0.00035900744842365384, 0.00026628098567016423, 0.00035203428706154227, 0.00042077674879692495, 0.0004206190351396799, 0.0004533985920716077, 0.00028861596365459263, 0.0001969144504982978, 0.00021003383153583854, 0.0002184329932788387, 0.0002664782223291695, 0.0003088932717218995, 0.0002898330567404628, 0.0003136656014248729, 0.0003061804745811969, 0.00029067645664326847, 0.0001345463824691251, 8.303346839966252e-05, 6.447765917982906e-05, 5.050763502367772e-05, 8.282074122689664e-05, 9.8858326964546e-05, 7.52087144064717e-05, 6.196680624270812e-05, 6.052073877071962e-05, 5.097722896607593e-05, 4.4005671952618286e-05, 5.6808457884471864e-05, 6.660060171270743e-05, 4.4052070734323934e-05, 2.209007834608201e-05, 3.658024434116669e-05, 3.9399757952196524e-05, 3.0104480174486525e-05, 2.8459304303396493e-05, 5.042403790866956e-05, 2.7577494620345533e-05, 2.4313836547662504e-05, 2.110526656906586e-05, 1.3124563338351436e-05, 1.17464478535112e-05, 1.327528661931865e-05, 1.0181570360145997e-05, 9.24773485166952e-06, 7.706011274422053e-06, 8.072122909652535e-06, 5.315909675118746e-06, 4.614749286702136e-06, 4.010129032394616e-06, 4.28918247052934e-06, 4.261057256371714e-06, 2.6576574327918934e-06, 2.9966045076434966e-06, 2.8693193598883227e-06, 3.2104514957609354e-06, 4.4783846533391625e-06, 5.284269718686119e-06, 2.883058868974331e-06, 3.1899467103357892e-06, 2.8303766157478094e-06, 2.2492008611152414e-06, 1.885384676825197e-06, 1.6425083231297322e-06, 1.5341835251092562e-06, 1.5154287211771589e-06, 1.3741470183958882e-06, 1.4098594647293794e-06, 1.224960442414158e-06, 1.4646323052147636e-06, 1.5952646208461374e-06, 1.7019117422023555e-06, 1.2596739225045894e-06, 1.1232915539949317e-06, 1.149598119809525e-06, 1.231995270245534e-06, 1.1079127943958156e-06, 9.994377023758716e-07, 1.1881796808665968e-06, 1.1182378329976927e-06, 1.0960284271277487e-06, 9.951728543455829e-07, 9.330165653409495e-07, 6.551216529260273e-07, 4.829279305340606e-07, 3.500163074932061e-07, 1.4764948730316974e-07, 2.2273162869623775e-08, 3.893557476430942e-09, 7.071095931010518e-10, 4.175167711562011e-10, 1.3838838408553045e-10, 4.198288418300056e-12, 4.123759493601664e-12, 4.0538813625423664e-12, 4.003323280515891e-12, 3.9666655377024185e-12, 3.944129311345135e-12], "lowlevel.mfcc.mean": [-678.3328247070312, 152.14544677734375, -33.5319709777832, 13.753412246704102, -11.121253967285156, -0.35126277804374695, -9.666958808898926, -5.997239589691162, -5.781689643859863, 7.4184184074401855, -2.938821792602539, 1.39756178855896, 2.5494449138641357], "lowlevel.spectral_contrast_coeffs.mean": [-0.6854302287101746, -0.7497562170028687, -0.7956733703613281, -0.8010746240615845, -0.8028213381767273, -0.7313652634620667], "lowlevel.spectral_contrast_coeffs.stdev": [0.07727488875389099, 0.08128482848405838, 0.06335456669330597, 0.04992669075727463, 0.042774610221385956, 0.054690394550561905], "lowlevel.spectral_contrast_valleys.mean": [-7.516669750213623, -6.381451606750488, -6.999143600463867, -7.260995388031006, -7.746004581451416, -11.577526092529297], "lowlevel.spectral_contrast_valleys.stdev": [0.5893615484237671, 0.6110586524009705, 0.6206749081611633, 0.6044013500213623, 0.7963617444038391, 1.288999319076538], "rhythm.beats_loudness_band_ratio.mean": [0.14688080549240112, 0.1487002819776535, 0.3534187078475952, 0.15259118378162384, 0.1292930245399475, 0.11581272631883621], "rhythm.beats_loudness_band_ratio.stdev": [0.1787695586681366, 0.13709746301174164, 0.20755580067634583, 0.11709710210561752, 0.11948712915182114, 0.13217437267303467], "tonal.hpcp.mean": [0.11527863889932632, 0.10189490020275116, 0.11404388397932053, 0.33693209290504456, 0.4600070118904114, 0.24514402449131012, 0.10644812136888504, 0.08720019459724426, 0.10334483534097672, 0.17431263625621796, 0.1938868761062622, 0.1739863157272339, 0.15989117324352264, 0.11620987206697464, 0.09166914969682693, 0.11354456096887589, 0.13596303761005402, 0.2153579592704773, 0.4177607595920563, 0.3729601204395294, 0.15642023086547852, 0.10193232446908951, 0.09133952856063843, 0.10910756886005402, 0.22801090776920319, 0.26200899481773376, 0.16189070045948029, 0.11190716922283173, 0.1194225624203682, 0.15664029121398926, 0.24160507321357727, 0.2303171157836914, 0.135857954621315, 0.11416181921958923, 0.10942324250936508, 0.11864502727985382], "tonal.hpcp.stdev": [0.16914814710617065, 0.15683570504188538, 0.1683472990989685, 0.2759218215942383, 0.36871999502182007, 0.2329702228307724, 0.18900398910045624, 0.1598474085330963, 0.15693646669387817, 0.23298075795173645, 0.2400681972503662, 0.20164676010608673, 0.21645967662334442, 0.17685364186763763, 0.14174360036849976, 0.1565321385860443, 0.17053045332431793, 0.21617989242076874, 0.34376248717308044, 0.31865280866622925, 0.19184531271457672, 0.17813104391098022, 0.16833414137363434, 0.17163774371147156, 0.2924046814441681, 0.3033154606819153, 0.20565979182720184, 0.18520914018154144, 0.20809341967105865, 0.20930248498916626, 0.2812594771385193, 0.2706213593482971, 0.18210840225219727, 0.17267359793186188, 0.14853787422180176, 0.15985368192195892], "rhythm.beats_position": [0.4876190423965454, 0.9868480563163757, 1.486077070236206, 1.9853061437606812, 2.4845352172851562, 2.983764171600342, 3.494603157043457, 4.017052173614502, 4.5162811279296875, 5.015510082244873, 5.526349067687988, 6.0371880531311035, 6.548027038574219, 7.047255992889404, 7.5580949783325195, 8.080544471740723, 8.59138298034668, 9.102222442626953, 9.61306095123291, 10.123900413513184, 10.63473892211914, 11.133968353271484, 11.633196830749512, 12.144036293029785, 12.654874801635742, 13.165714263916016, 13.676552772521973, 14.187392234802246, 14.698230743408203, 15.209070205688477, 15.719908714294434, 16.23074722290039, 16.741586685180664, 17.252426147460938, 17.75165557861328, 18.262493133544922, 18.773332595825195, 19.27256202697754, 19.783401489257812, 20.294239044189453, 20.805078506469727, 21.31591796875, 21.826757431030273, 22.337596893310547, 22.848434448242188, 23.35927391052246, 23.870113372802734, 24.380952835083008, 24.89179039001465, 25.402629852294922, 25.913469314575195, 26.42430877685547, 26.93514633178711, 27.445985794067383, 27.945215225219727, 28.4560546875, 28.95528221130371, 29.466121673583984, 29.976961135864258, 30.48780059814453, 30.998638153076172, 31.509477615356445, 32.02031707763672, 32.53115463256836, 33.041996002197266, 33.54122543334961, 34.04045104980469, 34.551292419433594, 35.062129974365234, 35.57297134399414, 36.08380889892578, 36.59464645385742], "rhythm.bpm_histogram": [0.0, 0.0, 0.0, 0.0, 0.0, 0.0, 0.0, 0.0, 0.0, 0.0, 0.0, 0.0, 0.0, 0.0, 0.0, 0.0, 0.0, 0.0, 0.0, 0.0, 0.0, 0.0, 0.0, 0.0, 0.0, 0.0, 0.0, 0.0, 0.0, 0.0, 0.0, 0.0, 0.0, 0.0, 0.0, 0.0, 0.0, 0.0, 0.0, 0.0, 0.0, 0.0, 0.0, 0.0, 0.0, 0.0, 0.0, 0.0, 0.0, 0.0, 0.0, 0.0, 0.0, 0.0, 0.0, 0.0, 0.0, 0.0, 0.0, 0.0, 0.0, 0.0, 0.0, 0.0, 0.0, 0.0, 0.0, 0.0, 0.0, 0.0, 0.0, 0.0, 0.0, 0.0, 0.0, 0.0, 0.0, 0.0, 0.0, 0.0, 0.0, 0.0, 0.0, 0.0, 0.0, 0.0, 0.0, 0.0, 0.0, 0.0, 0.0, 0.0, 0.0, 0.0, 0.0, 0.0, 0.0, 0.0, 0.0, 0.0, 0.0, 0.0, 0.0, 0.0, 0.0, 0.0, 0.0, 0.0, 0.0, 0.0, 0.0, 0.0, 0.0, 0.0, 0.0, 0.028169013559818268, 0.0, 0.7464788556098938, 0.0, 0.0, 0.22535210847854614, 0.0, 0.0, 0.0, 0.0, 0.0, 0.0, 0.0, 0.0, 0.0, 0.0, 0.0, 0.0, 0.0, 0.0, 0.0, 0.0, 0.0, 0.0, 0.0, 0.0, 0.0, 0.0, 0.0, 0.0, 0.0, 0.0, 0.0, 0.0, 0.0, 0.0, 0.0, 0.0, 0.0, 0.0, 0.0, 0.0, 0.0, 0.0, 0.0, 0.0, 0.0, 0.0, 0.0, 0.0, 0.0, 0.0, 0.0, 0.0, 0.0, 0.0, 0.0, 0.0, 0.0, 0.0, 0.0, 0.0, 0.0, 0.0, 0.0, 0.0, 0.0, 0.0, 0.0, 0.0, 0.0, 0.0, 0.0, 0.0, 0.0, 0.0, 0.0, 0.0, 0.0, 0.0, 0.0, 0.0, 0.0, 0.0, 0.0, 0.0, 0.0, 0.0, 0.0, 0.0, 0.0, 0.0, 0.0, 0.0, 0.0, 0.0, 0.0, 0.0, 0.0, 0.0, 0.0, 0.0, 0.0, 0.0, 0.0, 0.0, 0.0, 0.0, 0.0, 0.0, 0.0, 0.0, 0.0, 0.0, 0.0, 0.0, 0.0, 0.0, 0.0, 0.0, 0.0, 0.0, 0.0, 0.0, 0.0, 0.0, 0.0, 0.0, 0.0, 0.0, 0.0, 0.0, 0.0, 0.0, 0.0], "tonal.chords_histogram": [46.1922607421875, 0.12484394758939743, 6.367041110992432, 1.4981273412704468, 0.0, 0.0, 0.0, 0.0, 0.0, 0.0, 0.0, 0.0, 0.0, 0.0, 0.0, 0.6242197155952454, 2.372035026550293, 24.219724655151367, 0.0, 4.369538307189941, 0.0, 0.6242197155952454, 1.4981273412704468, 12.109862327575684], "tonal.thpcp": [1.0, 0.5329136848449707, 0.23140543699264526, 0.18956275284290314, 0.224659264087677, 0.37893474102020264, 0.4214867949485779, 0.3782253563404083, 0.34758421778678894, 0.25262629985809326, 0.19927772879600525, 0.2468322366476059, 0.2955673038959503, 0.46816232800483704, 0.9081616997718811, 0.8107705116271973, 0.34003880620002747, 0.2215886265039444, 0.1985611617565155, 0.2371867448091507, 0.49566832184791565, 0.5695760846138, 0.3519309461116791, 0.24327275156974792, 0.25961029529571533, 0.34051719307899475, 0.5252203941345215, 0.5006817579269409, 0.29533886909484863, 0.24817408621311188, 0.23787298798561096, 0.2579200267791748, 0.2506019175052643, 0.22150728106498718, 0.24791771173477173, 0.7324498891830444], "lowlevel.gfcc.cov": [[3676.85888671875, -2207.546875, 688.2703247070312, -49.12364196777344, -155.77423095703125, 188.4619903564453, -295.29583740234375, 301.7650146484375, -319.5891418457031, 400.88946533203125, -448.6981201171875, 175.80699157714844, -450.6087341308594], [-2207.546875, 2947.66162109375, -867.1655883789062, -367.6817626953125, 239.1230010986328, -233.91766357421875, 494.1883544921875, -251.66989135742188, 608.6026611328125, -411.29705810546875, 640.554443359375, -222.27178955078125, 453.2004089355469], [688.2703247070312, -867.1655883789062, 889.4026489257812, -67.0973129272461, -143.7306671142578, 270.0495300292969, -147.07838439941406, 159.90216064453125, -191.74368286132812, 200.7417755126953, -175.0329132080078, 214.21469116210938, -134.48768615722656], [-49.12364196777344, -367.6817626953125, -67.0973129272461, 780.4602661132812, 105.56834411621094, -73.94549560546875, -56.258575439453125, -13.852158546447754, -111.4527359008789, 8.986641883850098, -101.34899139404297, -6.675355434417725, 48.29550552368164], [-155.77423095703125, 239.1230010986328, -143.7306671142578, 105.56834411621094, 285.2685241699219, -22.976760864257812, -0.3675065040588379, 12.024484634399414, 88.80509185791016, -9.036893844604492, 15.68709945678711, -37.99391555786133, 20.12467384338379], [188.4619903564453, -233.91766357421875, 270.0495300292969, -73.94549560546875, -22.976760864257812, 303.4866027832031, 64.97784423828125, 73.50230407714844, -56.62479019165039, 77.51758575439453, -56.148681640625, 33.955814361572266, -47.37283706665039], [-295.29583740234375, 494.1883544921875, -147.07838439941406, -56.258575439453125, -0.3675065040588379, 64.97784423828125, 353.9249267578125, 25.454214096069336, 96.51261901855469, -71.54856872558594, 141.8768310546875, -18.966686248779297, 91.2455062866211], [301.7650146484375, -251.66989135742188, 159.90216064453125, -13.852158546447754, 12.024484634399414, 73.50230407714844, 25.454214096069336, 186.66835021972656, 5.13763952255249, 53.60618591308594, -52.13460922241211, 57.96748352050781, -28.89875602722168], [-319.5891418457031, 608.6026611328125, -191.74368286132812, -111.4527359008789, 88.80509185791016, -56.62479019165039, 96.51261901855469, 5.13763952255249, 272.2193298339844, -32.02955627441406, 162.9095001220703, -44.647308349609375, 100.9326171875], [400.88946533203125, -411.29705810546875, 200.7417755126953, 8.986641883850098, -9.036893844604492, 77.51758575439453, -71.54856872558594, 53.60618591308594, -32.02955627441406, 222.02304077148438, -32.983177185058594, 65.5926284790039, -67.67147064208984], [-448.6981201171875, 640.554443359375, -175.0329132080078, -101.34899139404297, 15.68709945678711, -56.148681640625, 141.8768310546875, -52.13460922241211, 162.9095001220703, -32.983177185058594, 295.4000244140625, 41.90327835083008, 130.76290893554688], [175.80699157714844, -222.27178955078125, 214.21469116210938, -6.675355434417725, -37.99391555786133, 33.955814361572266, -18.966686248779297, 57.96748352050781, -44.647308349609375, 65.5926284790039, 41.90327835083008, 178.64810180664062, 17.56827735900879], [-450.6087341308594, 453.2004089355469, -134.48768615722656, 48.29550552368164, 20.12467384338379, -47.37283706665039, 91.2455062866211, -28.89875602722168, 100.9326171875, -67.67147064208984, 130.76290893554688, 17.56827735900879, 169.32382202148438]], "lowlevel.gfcc.icov": [[0.0006128669483587146, 0.00045998074347153306, 2.666131331352517e-05, 0.00016281934222206473, -2.4114418920362368e-05, 0.00019077883916907012, -0.0002551670477259904, -0.00016231955669354647, -0.00044432617141865194, -0.00017548439791426063, 8.569602505303919e-05, -0.0002071469061775133, 0.0006906414055265486], [0.00045998074347153306, 0.003155708545818925, -0.0008994262898340821, 0.0012646500254049897, -0.0019241180270910263, 0.0008384623215533793, -0.0014499204698950052, 0.001532216789200902, -0.0016706205205991864, 0.002013223944231868, -0.0029910861048847437, 0.00322107900865376, -0.003015069290995598], [2.666131331352517e-05, -0.0008994262898340821, 0.003875920781865716, -0.0003299275122117251, 0.0017567812465131283, -0.002579545136541128, 0.0014449121663346887, -0.0011008086148649454, -5.7470995670882985e-05, -0.001138400170020759, 0.0024169122334569693, -0.00478704646229744, 0.0019633634947240353], [0.00016281934222206473, 0.0012646500254049897, -0.0003299275122117251, 0.0024766912683844566, -0.0018051501829177141, 0.0010709117632359266, -0.0007664675358682871, 0.0005195793346501887, 0.0009829958435148, -3.813639341387898e-05, -0.0003700633533298969, 0.0017448507715016603, -0.0034006130881607533], [-2.4114418920362368e-05, -0.0019241180270910263, 0.0017567812465131283, -0.0018051501829177141, 0.006259983871132135, -0.0016077245818451047, 0.0016630453756079078, -0.0016159998485818505, -0.0015915562398731709, -0.0011640992015600204, 0.002456735586747527, -0.0031009127851575613, 0.00353815546259284], [0.00019077883916907012, 0.0008384623215533793, -0.002579545136541128, 0.0010709117632359266, -0.0016077245818451047, 0.006748958956450224, -0.002978110918775201, -8.324627742695156e-06, 0.0011008491273969412, -0.0011262142797932029, -0.00036514256498776376, 0.0029762224294245243, -0.0015411614440381527], [-0.0002551670477259904, -0.0014499204698950052, 0.0014449121663346887, -0.0007664675358682871, 0.0016630453756079078, -0.002978110918775201, 0.006137215066701174, -0.0029966309666633606, 0.0010645934380590916, 0.0004966296255588531, -0.001455381279811263, -0.00038925628177821636, 0.00044663401786237955], [-0.00016231955669354647, 0.001532216789200902, -0.0011008086148649454, 0.0005195793346501887, -0.0016159998485818505, -8.324627742695156e-06, -0.0029966309666633606, 0.010429931804537773, -0.00432245247066021, 0.0008372545707970858, 0.0024698686320334673, -0.002536825370043516, -0.0007038525654934347], [-0.00044432617141865194, -0.0016706205205991864, -5.7470995670882985e-05, 0.0009829958435148, -0.0015915562398731709, 0.0011008491273969412, 0.0010645934380590916, -0.00432245247066021, 0.011461054906249046, -0.0025692007038742304, -0.0033881457056850195, 0.00438345642760396, -0.003548169042915106], [-0.00017548439791426063, 0.002013223944231868, -0.001138400170020759, -3.813639341387898e-05, -0.0011640992015600204, -0.0011262142797932029, 0.0004966296255588531, 0.0008372545707970858, -0.0025692007038742304, 0.009055248461663723, -0.0035699098370969296, 0.0005808392888866365, 0.000796895707026124], [8.569602505303919e-05, -0.0029910861048847437, 0.0024169122334569693, -0.0003700633533298969, 0.002456735586747527, -0.00036514256498776376, -0.001455381279811263, 0.0024698686320334673, -0.0033881457056850195, -0.0035699098370969296, 0.014469943009316921, -0.010163615457713604, 0.0015434754313901067], [-0.0002071469061775133, 0.00322107900865376, -0.00478704646229744, 0.0017448507715016603, -0.0031009127851575613, 0.0029762224294245243, -0.00038925628177821636, -0.002536825370043516, 0.00438345642760396, 0.0005808392888866365, -0.010163615457713604, 0.019325336441397667, -0.00903131254017353], [0.0006906414055265486, -0.003015069290995598, 0.0019633634947240353, -0.0034006130881607533, 0.00353815546259284, -0.0015411614440381527, 0.00044663401786237955, -0.0007038525654934347, -0.003548169042915106, 0.000796895707026124, 0.0015434754313901067, -0.00903131254017353, 0.01930917613208294]], "lowlevel.mfcc.cov": [[2951.224853515625, -1560.6982421875, 231.8773651123047, -23.435327529907227, 51.04014205932617, -66.09963989257812, 1.7402081489562988, -122.4354476928711, 43.710052490234375, 33.091407775878906, 129.1233673095703, -17.9800968170166, -102.9825668334961], [-1560.6982421875, 2426.29541015625, -564.3899536132812, -327.3816833496094, -169.514892578125, -71.86923217773438, -71.25159454345703, 200.83018493652344, -38.819950103759766, 75.841552734375, 27.086238861083984, 117.34638214111328, 192.87957763671875], [231.8773651123047, -564.3899536132812, 800.3135375976562, -191.34609985351562, -1.889855980873108, 41.03483581542969, 82.43902587890625, 0.7839232087135315, 32.644012451171875, -59.96581268310547, 1.9338092803955078, -20.660490036010742, 11.545426368713379], [-23.435327529907227, -327.3816833496094, -191.34609985351562, 651.685546875, 112.75521850585938, 39.0191650390625, -14.357752799987793, -26.145877838134766, 6.902836799621582, -9.784943580627441, -92.62132263183594, -26.461477279663086, -24.202661514282227], [51.04014205932617, -169.514892578125, -1.889855980873108, 112.75521850585938, 319.5184020996094, 18.098432540893555, -73.8359146118164, -44.722320556640625, 22.69500732421875, 23.140586853027344, 1.5232146978378296, -36.31449890136719, 4.7089385986328125], [-66.09963989257812, -71.86923217773438, 41.03483581542969, 39.0191650390625, 18.098432540893555, 192.5196075439453, 77.43865966796875, -17.602996826171875, 11.653644561767578, 32.270145416259766, 12.34341812133789, 5.514590263366699, -32.29581069946289], [1.7402081489562988, -71.25159454345703, 82.43902587890625, -14.357752799987793, -73.8359146118164, 77.43865966796875, 192.82391357421875, 79.8060531616211, 26.530248641967773, 3.4516327381134033, 22.663942337036133, 15.258187294006348, -18.32730484008789], [-122.4354476928711, 200.83018493652344, 0.7839232087135315, -26.145877838134766, -44.722320556640625, -17.602996826171875, 79.8060531616211, 191.89871215820312, 60.5701904296875, 3.5741052627563477, 2.3770692348480225, 12.022847175598145, 19.086660385131836], [43.710052490234375, -38.819950103759766, 32.644012451171875, 6.902836799621582, 22.69500732421875, 11.653644561767578, 26.530248641967773, 60.5701904296875, 133.33351135253906, 66.45687866210938, 13.055618286132812, -17.002033233642578, -19.446189880371094], [33.091407775878906, 75.841552734375, -59.96581268310547, -9.784943580627441, 23.140586853027344, 32.270145416259766, 3.4516327381134033, 3.5741052627563477, 66.45687866210938, 136.82394409179688, 61.63454818725586, 5.917555809020996, -13.961853981018066], [129.1233673095703, 27.086238861083984, 1.9338092803955078, -92.62132263183594, 1.5232146978378296, 12.34341812133789, 22.663942337036133, 2.3770692348480225, 13.055618286132812, 61.63454818725586, 116.08242797851562, 40.715606689453125, -1.7568223476409912], [-17.9800968170166, 117.34638214111328, -20.660490036010742, -26.461477279663086, -36.31449890136719, 5.514590263366699, 15.258187294006348, 12.022847175598145, -17.002033233642578, 5.917555809020996, 40.715606689453125, 108.90135192871094, 59.704227447509766], [-102.9825668334961, 192.87957763671875, 11.545426368713379, -24.202661514282227, 4.7089385986328125, -32.29581069946289, -18.32730484008789, 19.086660385131836, -19.446189880371094, -13.961853981018066, -1.7568223476409912, 59.704227447509766, 129.96434020996094]], "lowlevel.mfcc.icov": [[0.0006371478084474802, 0.0005527740577235818, 0.0002216557477368042, 0.0002227843797300011, 0.000142458186019212, 0.0002709988912101835, 0.00017681255121715367, -0.00011176890257047489, -4.211416307953186e-05, -0.00014906680735293776, -0.0006410120404325426, -1.4010040104039945e-05, -0.00021471770014613867], [0.0005527740577235818, 0.001358956447802484, 0.0008542141877114773, 0.0007824713829904795, 0.0004248949699103832, -0.00021922806627117097, 0.0007741827866993845, -0.0012413951335474849, 0.000559072068426758, -0.0008324940572492778, -8.713611168786883e-05, 4.702692967839539e-05, -0.001315926667302847], [0.0002216557477368042, 0.0008542141877114773, 0.002263772999867797, 0.0010741109726950526, 8.48407216835767e-05, -0.0005823413375765085, -0.0003353735664859414, -0.0001215569136547856, -0.0009087055223062634, 0.001012961263768375, -0.00019948167027905583, 0.0006887923809699714, -0.0016166670247912407], [0.0002227843797300011, 0.0007824713829904795, 0.0010741109726950526, 0.0026589292101562023, -0.0006790101178921759, -0.00036857841769233346, -0.0001651391648920253, -0.0004198517999611795, 0.0001235436648130417, -0.0007548185531049967, 0.0024196761660277843, -0.0007837256998755038, -0.00028346540057100356], [0.000142458186019212, 0.0004248949699103832, 8.48407216835767e-05, -0.0006790101178921759, 0.004539535380899906, -0.0013458447065204382, 0.002390820998698473, -0.000153798348037526, -0.0008912903140299022, 0.0002851723984349519, -0.002117847790941596, 0.0024373200722038746, -0.0020419033244252205], [0.0002709988912101835, -0.00021922806627117097, -0.0005823413375765085, -0.00036857841769233346, -0.0013458447065204382, 0.008341711945831776, -0.004542015492916107, 0.002466866746544838, 0.0004609367751982063, -0.002457020105794072, 0.0014577889814972878, -0.002098439261317253, 0.0024307742714881897], [0.00017681255121715367, 0.0007741827866993845, -0.0003353735664859414, -0.0001651391648920253, 0.002390820998698473, -0.004542015492916107, 0.010715696029365063, -0.0051104119047522545, 0.00023738514573778957, 0.0009649749845266342, -0.002606671769171953, 8.48567287903279e-05, 0.00010146875865757465], [-0.00011176890257047489, -0.0012413951335474849, -0.0001215569136547856, -0.0004198517999611795, -0.000153798348037526, 0.002466866746544838, -0.0051104119047522545, 0.010473364032804966, -0.005609625950455666, 0.002682351740077138, -0.00014321575872600079, -0.00015024935419205576, -0.00043791119242087007], [-4.211416307953186e-05, 0.000559072068426758, -0.0009087055223062634, 0.0001235436648130417, -0.0008912903140299022, 0.0004609367751982063, 0.00023738514573778957, -0.005609625950455666, 0.014959590509533882, -0.009016868658363819, 0.0030187945812940598, 0.00047840329352766275, 0.0013355162227526307], [-0.00014906680735293776, -0.0008324940572492778, 0.001012961263768375, -0.0007548185531049967, 0.0002851723984349519, -0.002457020105794072, 0.0009649749845266342, 0.002682351740077138, -0.009016868658363819, 0.016876015812158585, -0.008891641162335873, 0.0019731309730559587, -0.0005547561449930072], [-0.0006410120404325426, -8.713611168786883e-05, -0.00019948167027905583, 0.0024196761660277843, -0.002117847790941596, 0.0014577889814972878, -0.002606671769171953, -0.00014321575872600079, 0.0030187945812940598, -0.008891641162335873, 0.01888216659426689, -0.0079259118065238, 0.003574951784685254], [-1.4010040104039945e-05, 4.702692967839539e-05, 0.0006887923809699714, -0.0007837256998755038, 0.0024373200722038746, -0.002098439261317253, 8.48567287903279e-05, -0.00015024935419205576, 0.00047840329352766275, 0.0019731309730559587, -0.0079259118065238, 0.017778947949409485, -0.008854814805090427], [-0.00021471770014613867, -0.001315926667302847, -0.0016166670247912407, -0.00028346540057100356, -0.0020419033244252205, 0.0024307742714881897, 0.00010146875865757465, -0.00043791119242087007, 0.0013355162227526307, -0.0005547561449930072, 0.003574951784685254, -0.008854814805090427, 0.014581078663468361]], "metadata.audio_properties.analysis.downmix": "mix", "metadata.audio_properties.codec": "mp3", "metadata.audio_properties.md5_encoded": "514a6d02b1c7be9a8236c8a5714ad6e3", "metadata.tags.file_name": "1182277196719603794.mp3", "metadata.version.essentia": "2.1-beta6-dev", "metadata.version.essentia_git_sha": "v2.1_beta5-1110-g77a6a954", "metadata.vers