{"song_id": "1182258443843813468", "download": "https://cdn.discordapp.com/attachments/1135903449314238464/1182258443843813468/chirp.mp4?ex=65840afa&amp", "lyrics": "Verse 1:\nBrush, brush, smile big\nBrush bugs away\nClean all over\nBe happy!\n\nChorus:\n\nBrush your teeth\nFight the bugs\nKeep them clean\nSmile bright!\n\nVerse 2:\nBrush bottom nice\nBugs don\u2019t stay\nSmooth like silk\n\nVerse 3:\nBrush up on top\nBright white, yay!\n\nChorus:\nBrush your teeth\nFight the bugs\nKeep them clean\nSmile bright!\n\nVerse 4:\nBrush day and night\nNo more bugs!\nSmiles fresh and bright", "style": ["happy song for kids</span><span>, over"], "essentia_features": {"lowlevel.average_loudness": 0.9445688128471375, "lowlevel.barkbands_crest.mean": 13.613465309143066, "lowlevel.barkbands_crest.stdev": 4.576777458190918, "lowlevel.barkbands_flatness_db.mean": 0.2240167260169983, "lowlevel.barkbands_flatness_db.stdev": 0.0695899948477745, "lowlevel.barkbands_kurtosis.mean": 25.180145263671875, "lowlevel.barkbands_kurtosis.stdev": 59.88729476928711, "lowlevel.barkbands_skewness.mean": 2.8654251098632812, "lowlevel.barkbands_skewness.stdev": 3.0258231163024902, "lowlevel.barkbands_spread.mean": 15.5925931930542, "lowlevel.barkbands_spread.stdev": 19.24170684814453, "lowlevel.dissonance.mean": 0.42253777384757996, "lowlevel.dissonance.stdev": 0.05593213438987732, "lowlevel.dynamic_complexity": 4.8177714347839355, "lowlevel.erbbands_crest.mean": 13.548418045043945, "lowlevel.erbbands_crest.stdev": 5.024360656738281, "lowlevel.erbbands_flatness_db.mean": 0.21035179495811462, "lowlevel.erbbands_flatness_db.stdev": 0.06236894801259041, "lowlevel.erbbands_kurtosis.mean": 7.349448204040527, "lowlevel.erbbands_kurtosis.stdev": 14.383697509765625, "lowlevel.erbbands_skewness.mean": 1.5237268209457397, "lowlevel.erbbands_skewness.stdev": 1.9002312421798706, "lowlevel.erbbands_spread.mean": 32.72782516479492, "lowlevel.erbbands_spread.stdev": 28.23360824584961, "lowlevel.hfc.mean": 14.889304161071777, "lowlevel.hfc.stdev": 18.276395797729492, "lowlevel.loudness_ebu128.integrated": -16.14988899230957, "lowlevel.loudness_ebu128.loudness_range": 3.7898292541503906, "lowlevel.loudness_ebu128.momentary.mean": -16.969274520874023, "lowlevel.loudness_ebu128.momentary.stdev": 2.8539464473724365, "lowlevel.loudness_ebu128.short_term.mean": -16.41485595703125, "lowlevel.loudness_ebu128.short_term.stdev": 1.394920825958252, "lowlevel.melbands_crest.mean": 16.07633399963379, "lowlevel.melbands_crest.stdev": 4.921078681945801, "lowlevel.melbands_flatness_db.mean": 0.28351491689682007, "lowlevel.melbands_flatness_db.stdev": 0.09037844091653824, "lowlevel.melbands_kurtosis.mean": 39.762088775634766, "lowlevel.melbands_kurtosis.stdev": 63.95948791503906, "lowlevel.melbands_skewness.mean": 3.5768229961395264, "lowlevel.melbands_skewness.stdev": 2.9317967891693115, "lowlevel.melbands_spread.mean": 20.06741714477539, "lowlevel.melbands_spread.stdev": 37.770057678222656, "lowlevel.pitch_salience.mean": 0.5026832818984985, "lowlevel.pitch_salience.stdev": 0.13392408192157745, "lowlevel.silence_rate_20dB.mean": 1.0, "lowlevel.silence_rate_20dB.stdev": 0.0, "lowlevel.silence_rate_30dB.mean": 0.9969111680984497, "lowlevel.silence_rate_30dB.stdev": 0.055491071194410324, "lowlevel.silence_rate_60dB.mean": 0.24401544034481049, "lowlevel.silence_rate_60dB.stdev": 0.42950010299682617, "lowlevel.spectral_centroid.mean": 936.39111328125, "lowlevel.spectral_centroid.stdev": 956.1329956054688, "lowlevel.spectral_complexity.mean": 7.327413082122803, "lowlevel.spectral_complexity.stdev": 5.997247219085693, "lowlevel.spectral_decrease.mean": -4.829950661644489e-09, "lowlevel.spectral_decrease.stdev": 6.2909841780367515e-09, "lowlevel.spectral_energy.mean": 0.019579855725169182, "lowlevel.spectral_energy.stdev": 0.02464495785534382, "lowlevel.spectral_energyband_high.mean": 0.0006385867018252611, "lowlevel.spectral_energyband_high.stdev": 0.0014541706768795848, "lowlevel.spectral_energyband_low.mean": 0.003690510056912899, "lowlevel.spectral_energyband_low.stdev": 0.014292416162788868, "lowlevel.spectral_energyband_middle_high.mean": 0.003417450934648514, "lowlevel.spectral_energyband_middle_high.stdev": 0.008219744078814983, "lowlevel.spectral_energyband_middle_low.mean": 0.012297568842768669, "lowlevel.spectral_energyband_middle_low.stdev": 0.015685856342315674, "lowlevel.spectral_entropy.mean": 6.8964457511901855, "lowlevel.spectral_entropy.stdev": 0.8583535552024841, "lowlevel.spectral_flux.mean": 0.07062003016471863, "lowlevel.spectral_flux.stdev": 0.06377625465393066, "lowlevel.spectral_kurtosis.mean": 8.055251121520996, "lowlevel.spectral_kurtosis.stdev": 7.961821556091309, "lowlevel.spectral_rms.mean": 0.0036195088177919388, "lowlevel.spectral_rms.stdev": 0.0024497865233570337, "lowlevel.spectral_rolloff.mean": 1657.807373046875, "lowlevel.spectral_rolloff.stdev": 2866.09228515625, "lowlevel.spectral_skewness.mean": 2.1892783641815186, "lowlevel.spectral_skewness.stdev": 0.999754011631012, "lowlevel.spectral_spread.mean": 5705515.5, "lowlevel.spectral_spread.stdev": 2811327.0, "lowlevel.spectral_strongpeak.mean": 1.1011476516723633, "lowlevel.spectral_strongpeak.stdev": 1.3578898906707764, "lowlevel.zerocrossingrate.mean": 0.06958366185426712, "lowlevel.zerocrossingrate.stdev": 0.07567495852708817, "metadata.audio_properties.analysis.equal_loudness": 0.0, "metadata.audio_properties.analysis.length": 30.03628158569336, "metadata.audio_properties.analysis.sample_rate": 44100.0, "metadata.audio_properties.analysis.start_time": 0.0, "metadata.audio_properties.bit_rate": 124450.0, "metadata.audio_properties.length": 30.03733253479004, "metadata.audio_properties.lossless": 0.0, "metadata.audio_properties.number_channels": 1.0, "metadata.audio_properties.replay_gain": -12.36838150024414, "metadata.audio_properties.sample_rate": 48000.0, "rhythm.beats_count": 72.0, "rhythm.beats_loudness.mean": 0.03557950258255005, "rhythm.beats_loudness.stdev": 0.020168321207165718, "rhythm.bpm": 144.86244201660156, "rhythm.bpm_histogram_first_peak_bpm": 144.0, "rhythm.bpm_histogram_first_peak_weight": 0.31884056329727173, "rhythm.bpm_histogram_second_peak_bpm": 152.0, "rhythm.bpm_histogram_second_peak_spread": 0.0, "rhythm.bpm_histogram_second_peak_weight": 0.028169013559818268, "rhythm.danceability": 1.2412573099136353, "rhythm.onset_rate": 4.923776149749756, "tonal.chords_changes_rate": 0.029320986941456795, "tonal.chords_number_rate": 0.006172839552164078, "tonal.chords_strength.mean": 0.5779765248298645, "tonal.chords_strength.stdev": 0.07417112588882446, "tonal.hpcp_crest.mean": 18.059978485107422, "tonal.hpcp_crest.stdev": 8.647995948791504, "tonal.hpcp_entropy.mean": 1.525248646736145, "tonal.hpcp_entropy.stdev": 0.8561440706253052, "tonal.key_edma.strength": 0.8588945865631104, "tonal.key_krumhansl.strength": 0.8562101721763611, "tonal.key_temperley.strength": 0.8473502993583679, "tonal.tuning_diatonic_strength": 0.6848570108413696, "tonal.tuning_equal_tempered_deviation": 0.021245529875159264, "tonal.tuning_frequency": 440.5086364746094, "tonal.tuning_nontempered_energy_ratio": 0.6555521488189697, "lowlevel.barkbands.mean": [6.10602910455782e-06, 0.0008982645231299102, 0.002406071638688445, 0.0004812573315575719, 0.005077577196061611, 0.004276864230632782, 0.0007512884913012385, 0.0011710238177329302, 0.00035377146559767425, 0.0002873404009733349, 0.0015875534154474735, 0.0004693162627518177, 0.0001869347324827686, 0.0001590415631653741, 0.0001954349281731993, 0.00023022291134111583, 0.00014031703176442534, 0.00012641449575312436, 0.00010593756451271474, 8.674784476170316e-05, 5.84232657274697e-05, 4.846394949709065e-05, 8.368020644411445e-05, 0.00012284347030799836, 0.0001785481144906953, 9.003960440168157e-05, 3.8264164459178573e-07], "lowlevel.barkbands.stdev": [2.099301855196245e-05, 0.003566110273823142, 0.009647078812122345, 0.0021919903811067343, 0.010009982623159885, 0.0073480079881846905, 0.0014436270575970411, 0.0036528920754790306, 0.0020043300464749336, 0.0012938942527398467, 0.005506328772753477, 0.0029972968623042107, 0.0008640018058940768, 0.0004947403213009238, 0.0006555654108524323, 0.0007877646712586284, 0.0005132833030074835, 0.0003531748952809721, 0.00026873848401010036, 0.0002950229973066598, 0.000154530382133089, 0.00013194920029491186, 0.00028002221370115876, 0.00042963679879903793, 0.0004353002004791051, 0.0002103070291923359, 1.4915699466655497e-06], "lowlevel.erbbands.mean": [0.009627259336411953, 0.2920093834400177, 2.3040685653686523, 2.560459613800049, 1.5276753902435303, 21.634103775024414, 35.679595947265625, 34.75654983520508, 18.3319149017334, 20.43788719177246, 15.370205879211426, 9.738677978515625, 10.544949531555176, 14.497032165527344, 69.43822479248047, 23.566619873046875, 9.352829933166504, 7.9750165939331055, 9.106901168823242, 12.101751327514648, 11.27010440826416, 7.315338611602783, 6.266092300415039, 8.511651992797852, 3.134237289428711, 4.123874187469482, 3.003113269805908, 2.2270607948303223, 1.819382905960083, 1.6179863214492798, 2.531928300857544, 2.178825855255127, 2.3778815269470215, 2.0710039138793945, 1.2245820760726929, 0.5542752146720886, 0.13380767405033112, 0.012069999240338802, 0.00025209251907654107, 3.615936657297425e-05], "lowlevel.erbbands.stdev": [0.03435296565294266, 1.1667916774749756, 9.313551902770996, 10.318771362304688, 3.8896090984344482, 45.476558685302734, 54.20140075683594, 64.8346939086914, 34.929100036621094, 57.4313850402832, 57.69863510131836, 55.56880187988281, 44.64189910888672, 59.48783874511719, 234.99423217773438, 138.64732360839844, 36.99397277832031, 25.735013961791992, 27.873104095458984, 37.656951904296875, 35.9239501953125, 25.327070236206055, 18.639156341552734, 21.166139602661133, 7.195834636688232, 14.168418884277344, 8.708030700683594, 6.3019185066223145, 5.104552745819092, 4.617257118225098, 8.600872993469238, 7.612010955810547, 8.554130554199219, 6.0021233558654785, 2.640024185180664, 1.3376593589782715, 0.3140052556991577, 0.024445801973342896, 0.0004834423598367721, 4.161123069934547e-05], "lowlevel.gfcc.mean": [-96.4721450805664, 73.1349105834961, -88.39241027832031, 14.287967681884766, -66.53829193115234, -7.49338436126709, -67.73747253417969, -0.9086992144584656, -40.0715446472168, 11.535871505737305, -6.556317329406738, 15.135693550109863, -2.7324204444885254], "lowlevel.melbands.mean": [0.00016309101192746311, 0.0009118149173446, 0.00038877243059687316, 0.0006855395622551441, 0.001390765537507832, 0.0007936968468129635, 0.00024160284374374896, 0.00024776766076684, 0.00010726199980126694, 5.650604725815356e-05, 4.9822301662061363e-05, 4.1941711970139295e-05, 0.0002284465590491891, 9.391977800987661e-05, 3.274748814874329e-05, 1.4590866157959681e-05, 1.5550096577499062e-05, 1.4049779565539211e-05, 1.4525468941428699e-05, 1.8656462998478673e-05, 1.2110607713111676e-05, 8.164793143805582e-06, 5.496257472259458e-06, 5.945122666162206e-06, 7.3562459874665365e-06, 2.4479825242451625e-06, 1.9634660475276178e-06, 3.019112227775622e-06, 2.2098397494119126e-06, 1.2803791378246387e-06, 1.2945233720529359e-06, 1.097266931537888e-06, 7.757021762699878e-07, 9.620570153856534e-07, 1.3505971310223686e-06, 1.5700347830716055e-06, 1.284187987948826e-06, 1.6728547507227631e-06, 1.6390556538681267e-06, 1.7928865645444603e-06], "lowlevel.melbands.stdev": [0.0006225943798199296, 0.0036335261538624763, 0.0015355126233771443, 0.0014365667011588812, 0.0021973291877657175, 0.0014247266808524728, 0.0004739072755910456, 0.0007253693765960634, 0.00042079106788150966, 0.0003259481745772064, 0.00022041430929675698, 0.00021977283176966012, 0.0007838107412680984, 0.00038890712312422693, 0.0001676353276707232, 8.199668809538707e-05, 5.252406117506325e-05, 4.238499604980461e-05, 4.909678682452068e-05, 6.624988600378856e-05, 4.069708666065708e-05, 3.130787445115857e-05, 2.1626650777761824e-05, 1.700831126072444e-05, 1.908609010570217e-05, 6.236615718080429e-06, 5.498173322848743e-06, 1.1219317457289435e-05, 7.065197223710129e-06, 3.232580638723448e-06, 4.0464910853188485e-06, 3.348959126014961e-06, 2.071037215500837e-06, 2.9652323974005412e-06, 4.67332984044333e-06, 5.552170932787703e-06, 4.691401045420207e-06, 6.351663159875898e-06, 5.401028374762973e-06, 5.153505298949312e-06], "lowlevel.melbands128.mean": [4.200306193524739e-06, 3.118013046332635e-05, 0.00016185955610126257, 0.0005342468502931297, 0.0011079562827944756, 0.0011636695126071572, 0.0005730135599151254, 0.00015891992370598018, 6.0764894442399964e-05, 0.00024804999702610075, 0.0013410584069788456, 0.002081617247313261, 0.0010706071043387055, 0.001082911156117916, 0.0008377256453968585, 0.0006660593790002167, 0.0005029874155297875, 6.265196134336293e-05, 4.728631756734103e-05, 0.0002565128670539707, 0.00037463739863596857, 0.00015431611973326653, 6.3184583268594e-05, 5.855173003510572e-05, 7.812564581399783e-05, 4.0628852730151266e-05, 4.406916195875965e-05, 7.715569518040866e-05, 2.2791591618442908e-05, 2.3620976207894273e-05, 2.2720843844581395e-05, 0.00012551192776300013, 0.0002793422027025372, 0.00032877468038350344, 5.3668518376071006e-05, 7.059129711706191e-05, 5.964732918073423e-05, 1.881149728433229e-05, 3.087049481109716e-05, 1.556113966216799e-05, 1.334384342044359e-05, 7.017270945652854e-06, 1.4584613381884992e-05, 2.2518339392263442e-05, 1.2701152627414558e-05, 1.0908753210969735e-05, 1.771301140252035e-05, 1.3846320143784396e-05, 1.3392708751780447e-05, 1.6627043805783615e-05, 2.3386935936287045e-05, 1.6209156456170604e-05, 1.006072670861613e-05, 1.2156879165559076e-05, 1.197281017084606e-05, 7.0062210397736635e-06, 5.795282959297765e-06, 5.727311418013414e-06, 5.141078418091638e-06, 5.600134954875102e-06, 5.1114930101903155e-06, 5.633426553686149e-06, 1.1633442227321211e-05, 6.559096163982758e-06, 3.532573828124441e-06, 2.1750947780674323e-06, 1.979670514629106e-06, 1.4638584389103926e-06, 1.9574772522901185e-06, 2.6921827611658955e-06, 2.5062561235245084e-06, 3.971063961216714e-06, 2.880894726331462e-06, 1.8841620885723387e-06, 1.3046452522758045e-06, 1.2632693824343733e-06, 1.3075728020339739e-06, 1.2108248483855277e-06, 1.3790305501970579e-06, 1.2681816770054866e-06, 1.1366850003469153e-06, 1.0890540806940407e-06, 8.277497727249283e-07, 7.243057211780979e-07, 7.475613870155939e-07, 8.035085556912236e-07, 1.0698983032852993e-06, 1.1969946172030177e-06, 1.083099391507858e-06, 1.7246472907572752e-06, 1.958151642611483e-06, 1.4734704336660798e-06, 1.0334213129681302e-06, 1.2160354572188226e-06, 1.3868168480257737e-06, 1.6906719793041702e-06, 1.726172285998473e-06, 1.7278606492254767e-06, 1.5141260973905446e-06, 1.6492882650709362e-06, 1.9203589545213617e-06, 1.9543608686944935e-06, 1.3969261090096552e-06, 1.635999183235981e-06, 1.2229874073454994e-06, 1.4201860949469847e-06, 1.1903529184564832e-06, 1.1168444871145766e-06, 1.1598606306506554e-06, 6.876532552269055e-07, 4.838947802454641e-07, 5.163155947229825e-07, 4.153177712851175e-07, 3.0279130669441656e-07, 2.7964188120677136e-07, 9.41532931619804e-08, 1.8690084147010566e-08, 1.7184055567387446e-10, 7.728383905059033e-12, 4.234338140535199e-12, 3.2724675833734063e-12, 2.6524325270893545e-12, 2.55931452246283e-12, 2.5052251939605696e-12, 2.4383878163142247e-12, 2.356026181440929e-12, 2.3069740562320362e-12, 2.288927944751884e-12], "lowlevel.melbands128.stdev": [1.8145632566302083e-05, 0.0001177452431875281, 0.0006308123702183366, 0.002207493409514427, 0.004576764069497585, 0.00462702102959156, 0.0023567781317979097, 0.0007475744932889938, 0.0002431736938888207, 0.0007766223861835897, 0.0030350296292454004, 0.0042761340737342834, 0.0018803554121404886, 0.002538777654990554, 0.002051775110885501, 0.00131925567984581, 0.0010695079108700156, 0.00022025872021913528, 0.00016697945829946548, 0.0007957811467349529, 0.001243423786945641, 0.0007587182335555553, 0.0004988987930119038, 0.0004034429439343512, 0.000602157786488533, 0.00030474833329208195, 0.00020167430920992047, 0.0004114545590709895, 0.00011329106928315014, 0.00021809348254464567, 0.00017999036936089396, 0.0008310271077789366, 0.0010901025962084532, 0.0012959963642060757, 0.00042414592462591827, 0.0006024935864843428, 0.0005569360801018775, 0.00010488439147593454, 0.00016668469470459968, 0.00010125025437446311, 0.0001401566987624392, 5.503249849425629e-05, 5.992143996991217e-05, 8.92540265340358e-05, 5.853409675182775e-05, 4.8867561417864636e-05, 8.55785037856549e-05, 7.210965850390494e-05, 6.604719237657264e-05, 6.227410631254315e-05, 0.00011066876322729513, 6.622383807552978e-05, 4.7061348595889285e-05, 4.8394082114100456e-05, 5.92827818763908e-05, 3.42904677381739e-05, 2.6899277145275846e-05, 2.8914793801959604e-05, 2.3726581275695935e-05, 2.068538378807716e-05, 2.3407617845805362e-05, 2.0963027054676786e-05, 3.8481182855321094e-05, 2.2462480046669953e-05, 1.3445924196275882e-05, 6.5356680352124386e-06, 7.056069534883136e-06, 4.429282398632495e-06, 6.062593001843197e-06, 9.955380846804474e-06, 1.0305967407475691e-05, 1.7326055967714638e-05, 1.0720112186390907e-05, 6.2198050727602094e-06, 3.28225701196061e-06, 3.508112740746583e-06, 3.645306378530222e-06, 3.7430399970617145e-06, 4.903993158222875e-06, 4.891916432825383e-06, 4.088143668923294e-06, 3.3250244086957537e-06, 2.404852011750336e-06, 2.0308327748352895e-06, 2.346657538510044e-06, 2.5087986159633147e-06, 3.7283855363057228e-06, 4.829208592127543e-06, 4.315278602007311e-06, 6.3010284065967426e-06, 7.392988663923461e-06, 5.486769168783212e-06, 4.313591944082873e-06, 5.297385996527737e-06, 5.298150426824577e-06, 6.18512194705545e-06, 7.969709258759394e-06, 7.678191650484223e-06, 5.23256085216417e-06, 5.668057838192908e-06, 6.66441883367952e-06, 5.892526587558677e-06, 3.488180482236203e-06, 3.701181185533642e-06, 2.810429805322201e-06, 3.506556822685525e-06, 3.1350859899248462e-06, 2.8817034944950137e-06, 3.1645256513002096e-06, 2.0604841211024905e-06, 1.4645636383647798e-06, 1.365197817904118e-06, 1.0684041171771241e-06, 7.999990998541762e-07, 6.801981271564728e-07, 2.3171790530795988e-07, 6.279853437263228e-08, 1.1283222134395032e-09, 1.0980415188210912e-10, 3.312798299570652e-11, 1.2700536802801032e-11, 5.270552657504757e-12, 5.101219360120757e-12, 5.012690783290363e-12, 4.937771979490746e-12, 4.876415243826315e-12, 4.832469494009395e-12, 4.80551405959706e-12], "lowlevel.mfcc.mean": [-756.79833984375, 119.42501068115234, 19.378686904907227, 19.518640518188477, 11.589248657226562, -11.02688217163086, -9.64291763305664, -22.494842529296875, -17.665674209594727, -24.765426635742188, -10.691015243530273, -0.833849310874939, 4.928398132324219], "lowlevel.spectral_contrast_coeffs.mean": [-0.5908823013305664, -0.614132821559906, -0.7537257075309753, -0.7991400361061096, -0.8035936951637268, -0.7740498781204224], "lowlevel.spectral_contrast_coeffs.stdev": [0.11886189877986908, 0.08376303315162659, 0.09409087896347046, 0.06204504519701004, 0.053012922406196594, 0.06102589890360832], "lowlevel.spectral_contrast_valleys.mean": [-8.09919261932373, -8.248902320861816, -8.943217277526855, -8.967988967895508, -8.813227653503418, -11.286171913146973], "lowlevel.spectral_contrast_valleys.stdev": [1.028488278388977, 1.0489939451217651, 1.1166099309921265, 1.2183164358139038, 1.2298057079315186, 1.4175599813461304], "rhythm.beats_loudness_band_ratio.mean": [0.14887934923171997, 0.5037198066711426, 0.13488616049289703, 0.15928858518600464, 0.08855196833610535, 0.03526722267270088], "rhythm.beats_loudness_band_ratio.stdev": [0.22206127643585205, 0.2207425981760025, 0.09807082265615463, 0.1919413059949875, 0.10985073447227478, 0.040195200592279434], "tonal.hpcp.mean": [0.05802692472934723, 0.05375783145427704, 0.050630416721105576, 0.07750928401947021, 0.0892685130238533, 0.08420977741479874, 0.08158371597528458, 0.09099431335926056, 0.24596384167671204, 0.3188655972480774, 0.15978564321994781, 0.05641542375087738, 0.03536605089902878, 0.032552894204854965, 0.15754511952400208, 0.23648972809314728, 0.11062774062156677, 0.02210109680891037, 0.015756817534565926, 0.022191273048520088, 0.09457871317863464, 0.21265679597854614, 0.1513049602508545, 0.08228150755167007, 0.1303611397743225, 0.07717766612768173, 0.01766674965620041, 0.013692812994122505, 0.021814286708831787, 0.21880608797073364, 0.375773549079895, 0.18429338932037354, 0.02171400934457779, 0.01851491816341877, 0.020888442173600197, 0.03614649921655655], "tonal.hpcp.stdev": [0.16335874795913696, 0.16800124943256378, 0.16041044890880585, 0.22444261610507965, 0.23212365806102753, 0.2115355134010315, 0.1925780177116394, 0.19922631978988647, 0.3257456123828888, 0.383833646774292, 0.25407883524894714, 0.17898224294185638, 0.1266694813966751, 0.12037869542837143, 0.2504320442676544, 0.35523056983947754, 0.1801477074623108, 0.08599022030830383, 0.07073884457349777, 0.09440720081329346, 0.17340588569641113, 0.3245587944984436, 0.2395787239074707, 0.1809788942337036, 0.2875545024871826, 0.17887172102928162, 0.07737371325492859, 0.06079455092549324, 0.08693665266036987, 0.25089308619499207, 0.40085822343826294, 0.2131452113389969, 0.07958926260471344, 0.06809335947036743, 0.08112342655658722, 0.10984178632497787], "rhythm.beats_position": [0.39473921060562134, 0.8010883927345276, 1.2074376344680786, 1.6253968477249146, 2.043355941772461, 2.461315155029297, 2.879274368286133, 3.285623550415039, 3.6919727325439453, 4.109931945800781, 4.527891159057617, 4.945850372314453, 5.352199554443359, 5.758548736572266, 6.176507949829102, 6.5944671630859375, 7.012426376342773, 7.41877555847168, 7.825124740600586, 8.243083953857422, 8.661043167114258, 9.079002380371094, 9.49696159362793, 9.914920806884766, 10.309659957885742, 10.727619171142578, 11.145578384399414, 11.56353759765625, 11.981496810913086, 12.387845993041992, 12.794195175170898, 13.212154388427734, 13.63011360168457, 14.036462783813477, 14.454421043395996, 14.860771179199219, 15.278729438781738, 15.696688652038574, 16.114648818969727, 16.532608032226562, 16.9505672454834, 17.368526458740234, 17.76326560974121, 18.181224822998047, 18.599184036254883, 19.00553321838379, 19.411882400512695, 19.82984161376953, 20.247800827026367, 20.665760040283203, 21.08371925354004, 21.490068435668945, 21.89641761779785, 22.314376831054688, 22.732336044311523, 23.15029525756836, 23.568254470825195, 23.9746036529541, 24.380952835083008, 24.798912048339844, 25.216869354248047, 25.634828567504883, 26.05278778076172, 26.459136962890625, 26.86548614501953, 27.283445358276367, 27.701404571533203, 28.11936378479004, 28.525712966918945, 28.93206214904785, 29.350021362304688, 29.767980575561523], "rhythm.bpm_histogram": [0.0, 0.0, 0.0, 0.0, 0.0, 0.0, 0.0, 0.0, 0.0, 0.0, 0.0, 0.0, 0.0, 0.0, 0.0, 0.0, 0.0, 0.0, 0.0, 0.0, 0.0, 0.0, 0.0, 0.0, 0.0, 0.0, 0.0, 0.0, 0.0, 0.0, 0.0, 0.0, 0.0, 0.0, 0.0, 0.0, 0.0, 0.0, 0.0, 0.0, 0.0, 0.0, 0.0, 0.0, 0.0, 0.0, 0.0, 0.0, 0.0, 0.0, 0.0, 0.0, 0.0, 0.0, 0.0, 0.0, 0.0, 0.0, 0.0, 0.0, 0.0, 0.0, 0.0, 0.0, 0.0, 0.0, 0.0, 0.0, 0.0, 0.0, 0.0, 0.0, 0.0, 0.0, 0.0, 0.0, 0.0, 0.0, 0.0, 0.0, 0.0, 0.0, 0.0, 0.0, 0.0, 0.0, 0.0, 0.0, 0.0, 0.0, 0.0, 0.0, 0.0, 0.0, 0.0, 0.0, 0.0, 0.0, 0.0, 0.0, 0.0, 0.0, 0.0, 0.0, 0.0, 0.0, 0.0, 0.0, 0.0, 0.0, 0.0, 0.0, 0.0, 0.0, 0.0, 0.0, 0.0, 0.0, 0.0, 0.0, 0.0, 0.0, 0.0, 0.0, 0.0, 0.0, 0.0, 0.0, 0.0, 0.0, 0.0, 0.0, 0.0, 0.0, 0.0, 0.0, 0.0, 0.0, 0.0, 0.0, 0.0, 0.0, 0.0, 0.0, 0.6619718074798584, 0.0, 0.0, 0.0, 0.30985915660858154, 0.0, 0.0, 0.0, 0.028169013559818268, 0.0, 0.0, 0.0, 0.0, 0.0, 0.0, 0.0, 0.0, 0.0, 0.0, 0.0, 0.0, 0.0, 0.0, 0.0, 0.0, 0.0, 0.0, 0.0, 0.0, 0.0, 0.0, 0.0, 0.0, 0.0, 0.0, 0.0, 0.0, 0.0, 0.0, 0.0, 0.0, 0.0, 0.0, 0.0, 0.0, 0.0, 0.0, 0.0, 0.0, 0.0, 0.0, 0.0, 0.0, 0.0, 0.0, 0.0, 0.0, 0.0, 0.0, 0.0, 0.0, 0.0, 0.0, 0.0, 0.0, 0.0, 0.0, 0.0, 0.0, 0.0, 0.0, 0.0, 0.0, 0.0, 0.0, 0.0, 0.0, 0.0, 0.0, 0.0, 0.0, 0.0, 0.0, 0.0, 0.0, 0.0, 0.0, 0.0, 0.0, 0.0, 0.0, 0.0, 0.0, 0.0, 0.0, 0.0, 0.0, 0.0, 0.0, 0.0, 0.0, 0.0, 0.0, 0.0, 0.0, 0.0], "tonal.chords_histogram": [57.25308609008789, 0.0, 22.685184478759766, 0.0, 0.0, 0.0, 0.0, 0.0, 0.0, 0.0, 0.0, 0.0, 0.0, 0.0, 0.0, 0.0, 0.0, 0.9259259104728699, 0.0, 0.0, 0.0, 12.34567928314209, 6.327160358428955, 0.46296295523643494], "tonal.thpcp": [1.0, 0.4904373586177826, 0.057784825563430786, 0.04927147924900055, 0.05558784678578377, 0.09619224071502686, 0.1544199287891388, 0.1430591195821762, 0.13473650813102722, 0.20626594126224518, 0.23755933344364166, 0.2240971326828003, 0.21710872650146484, 0.24215199053287506, 0.6545533537864685, 0.8485578298568726, 0.4252178966999054, 0.1501314342021942, 0.09411533176898956, 0.08662901818752289, 0.41925546526908875, 0.6293410658836365, 0.29440000653266907, 0.05881493538618088, 0.04193168506026268, 0.0590549111366272, 0.25169071555137634, 0.565917432308197, 0.40264931321144104, 0.21896566450595856, 0.3469140827655792, 0.20538344979286194, 0.047014351934194565, 0.03643900156021118, 0.05805168300867081, 0.582281768321991], "lowlevel.gfcc.cov": [[10543.5068359375, -2687.720458984375, -445.51904296875, -757.3572387695312, -83.6041488647461, -123.27327728271484, -174.6301727294922, 803.08203125, -1186.3914794921875, 267.0039978027344, -937.982421875, -179.9869842529297, -197.6178741455078], [-2687.720458984375, 3503.559814453125, -333.17755126953125, -381.30987548828125, 502.79608154296875, -81.15003967285156, 366.81719970703125, -298.7006530761719, 346.6829528808594, -134.89627075195312, 412.8153991699219, -113.69800567626953, 284.8409118652344], [-445.51904296875, -333.17755126953125, 1327.918701171875, 635.1636962890625, -8.769183158874512, 171.70066833496094, -33.18335723876953, -15.874842643737793, 73.91951751708984, 3.200692653656006, 14.498565673828125, -9.175092697143555, -199.20883178710938], [-757.3572387695312, -381.30987548828125, 635.1636962890625, 1179.21826171875, 184.54296875, 226.70709228515625, 89.02574157714844, -42.4165153503418, 307.4302673339844, -72.14798736572266, 97.52156829833984, 78.09312438964844, -161.89207458496094], [-83.6041488647461, 502.79608154296875, -8.769183158874512, 184.54296875, 444.0290222167969, 173.42599487304688, 139.20225524902344, 31.117834091186523, 78.14667510986328, 5.555909156799316, -14.54523754119873, 1.3556697368621826, 18.628244400024414], [-123.27327728271484, -81.15003967285156, 171.70066833496094, 226.70709228515625, 173.42599487304688, 424.5281066894531, 159.93856811523438, -32.186912536621094, 123.28143310546875, 18.668485641479492, -13.900776863098145, 18.47932243347168, -37.13835144042969], [-174.6301727294922, 366.81719970703125, -33.18335723876953, 89.02574157714844, 139.20225524902344, 159.93856811523438, 338.4664001464844, 62.370914459228516, 30.33307647705078, 21.029279708862305, 47.203330993652344, -19.004745483398438, 21.93006134033203], [803.08203125, -298.7006530761719, -15.874842643737793, -42.4165153503418, 31.117834091186523, -32.186912536621094, 62.370914459228516, 302.6292419433594, -119.63124084472656, 52.38774490356445, -88.3020248413086, -27.232229232788086, -15.574347496032715], [-1186.3914794921875, 346.6829528808594, 73.91951751708984, 307.4302673339844, 78.14667510986328, 123.28143310546875, 30.33307647705078, -119.63124084472656, 375.4825744628906, -23.162750244140625, 146.6481170654297, 62.79867935180664, -1.3853256702423096], [267.0039978027344, -134.89627075195312, 3.200692653656006, -72.14798736572266, 5.555909156799316, 18.668485641479492, 21.029279708862305, 52.38774490356445, -23.162750244140625, 125.68152618408203, -17.054567337036133, 8.153529167175293, -3.1433722972869873], [-937.982421875, 412.8153991699219, 14.498565673828125, 97.52156829833984, -14.54523754119873, -13.900776863098145, 47.203330993652344, -88.3020248413086, 146.6481170654297, -17.054567337036133, 244.0494842529297, 57.57261276245117, 37.164180755615234], [-179.9869842529297, -113.69800567626953, -9.175092697143555, 78.09312438964844, 1.3556697368621826, 18.47932243347168, -19.004745483398438, -27.232229232788086, 62.79867935180664, 8.153529167175293, 57.57261276245117, 110.7569808959961, 12.041728973388672], [-197.6178741455078, 284.8409118652344, -199.20883178710938, -161.89207458496094, 18.628244400024414, -37.13835144042969, 21.93006134033203, -15.574347496032715, -1.3853256702423096, -3.1433722972869873, 37.164180755615234, 12.041728973388672, 153.08168029785156]], "lowlevel.gfcc.icov": [[0.00021645301603712142, 1.0958111488434952e-05, 0.00011559362610569224, -5.979127672617324e-05, -5.297704319673358e-07, -0.00012017611879855394, 0.0001295346737606451, -0.0002550103818066418, 0.0005003022961318493, -0.0002280607441207394, 0.0003828807675745338, -9.189362026518211e-05, 0.0001867559622041881], [1.0958111488434952e-05, 0.001782416133210063, -0.0006070478120818734, 0.0016202585538849235, -0.0026579261757433414, 0.0018308854196220636, -0.0019029760733246803, 0.0013768567005172372, -0.001794490497559309, 0.0016405353089794517, -0.002019573701545596, 0.002436340320855379, -0.00088245898950845], [0.00011559362610569224, -0.0006070478120818734, 0.0015469761565327644, -0.0013121237279847264, 0.0011570579372346401, -0.0012166706146672368, 0.0012379962718114257, -0.0006090574315749109, 0.0013572323368862271, -0.001169824623502791, 0.0004093170864507556, -0.00014950617332942784, 0.0011296035954728723], [-5.979127672617324e-05, 0.0016202585538849235, -0.0013121237279847264, 0.00348476180806756, -0.0029757050797343254, 0.0018025265308097005, -0.0022788315545767546, 0.0010395844001322985, -0.003001800272613764, 0.0028549463022500277, -0.0018547215731814504, 0.000999976648017764, 0.0005205142078921199], [-5.297704319673358e-07, -0.0026579261757433414, 0.0011570579372346401, -0.0029757050797343254, 0.007126337382942438, -0.0035936012864112854, 0.002204654971137643, -0.002365750726312399, 0.0023933881893754005, -0.0025895044673234224, 0.0036668013781309128, -0.003336803987622261, 0.00034891648101620376], [-0.00012017611879855394, 0.0018308854196220636, -0.0012166706146672368, 0.0018025265308097005, -0.0035936012864112854, 0.006299417000263929, -0.004243680741637945, 0.002623181091621518, -0.0034385768231004477, 0.0013451119884848595, -0.0003793778014369309, 0.0013150196755304933, -0.000413354835473001], [0.0001295346737606451, -0.0019029760733246803, 0.0012379962718114257, -0.0022788315545767546, 0.002204654971137643, -0.004243680741637945, 0.007304529193788767, -0.0030431514605879784, 0.003102132584899664, -0.0024783697444945574, -4.880128471995704e-05, -0.00042878452222794294, 0.0002780657378025353], [-0.0002550103818066418, 0.0013768567005172372, -0.0006090574315749109, 0.0010395844001322985, -0.002365750726312399, 0.002623181091621518, -0.0030431514605879784, 0.006172299385070801, -0.0010514603927731514, -0.00011587408516788855, -0.0005571409128606319, 0.0017630696529522538, -0.0006114252610132098], [0.0005003022961318493, -0.001794490497559309, 0.0013572323368862271, -0.003001800272613764, 0.0023933881893754005, -0.0034385768231004477, 0.003102132584899664, -0.0010514603927731514, 0.008301414549350739, -0.0026339467149227858, 0.0003723322879523039, -0.0028027237858623266, 0.0010507946135476232], [-0.0002280607441207394, 0.0016405353089794517, -0.001169824623502791, 0.0028549463022500277, -0.0025895044673234224, 0.0013451119884848595, -0.0024783697444945574, -0.00011587408516788855, -0.0026339467149227858, 0.011466911993920803, -0.0020154828671365976, 0.00027428416069597006, -0.0001859825715655461], [0.0003828807675745338, -0.002019573701545596, 0.0004093170864507556, -0.0018547215731814504, 0.0036668013781309128, -0.0003793778014369309, -4.880128471995704e-05, -0.0005571409128606319, 0.0003723322879523039, -0.0020154828671365976, 0.010720167309045792, -0.005877697840332985, 5.712952770409174e-05], [-9.189362026518211e-05, 0.002436340320855379, -0.00014950617332942784, 0.000999976648017764, -0.003336803987622261, 0.0013150196755304933, -0.00042878452222794294, 0.0017630696529522538, -0.0028027237858623266, 0.00027428416069597006, -0.005877697840332985, 0.015757305547595024, -0.0026553887873888016], [0.0001867559622041881, -0.00088245898950845, 0.0011296035954728723, 0.0005205142078921199, 0.00034891648101620376, -0.000413354835473001, 0.0002780657378025353, -0.0006114252610132098, 0.0010507946135476232, -0.0001859825715655461, 5.712952770409174e-05, -0.0026553887873888016, 0.010391920804977417]], "lowlevel.mfcc.cov": [[9684.177734375, -1838.2880859375, -1097.2471923828125, -413.0992126464844, -309.7720642089844, -777.1903686523438, 540.585693359375, -355.68743896484375, 413.012451171875, 88.30927276611328, -152.59446716308594, -437.79241943359375, -277.0726318359375], [-1838.2880859375, 3320.24609375, -691.69873046875, -271.5423583984375, -66.49148559570312, 26.244672775268555, 172.58438110351562, -155.85508728027344, 102.14208984375, -193.0796356201172, 129.19488525390625, 106.86115264892578, -42.98693084716797], [-1097.2471923828125, -691.69873046875, 1415.692626953125, 398.09234619140625, 228.1492919921875, 285.8878173828125, -95.81571960449219, 189.63821411132812, -176.82798767089844, 134.9892120361328, 30.20383071899414, 81.26239013671875, 44.99300003051758], [-413.0992126464844, -271.5423583984375, 398.09234619140625, 686.1318969726562, 226.75692749023438, 147.3176727294922, 32.39299011230469, 202.3818817138672, -7.2078070640563965, 83.7226333618164, 44.24840545654297, 71.2633056640625, 52.323081970214844], [-309.7720642089844, -66.49148559570312, 228.1492919921875, 226.75692749023438, 407.1139831542969, 220.11956787109375, -55.127227783203125, 134.7975616455078, 15.813799858093262, 52.42996597290039, 10.649967193603516, 48.55031204223633, 38.87538146972656], [-777.1903686523438, 26.244672775268555, 285.8878173828125, 147.3176727294922, 220.11956787109375, 611.3283081054688, -20.531597137451172, 215.56427001953125, -0.13139602541923523, 106.54837036132812, 37.73503494262695, 71.69914245605469, 76.78282165527344], [540.585693359375, 172.58438110351562, -95.81571960449219, 32.39299011230469, -55.127227783203125, -20.531597137451172, 371.8172912597656, 25.030189514160156, 127.19835662841797, 42.029869079589844, 49.337406158447266, -31.280628204345703, -28.753952026367188], [-355.68743896484375, -155.85508728027344, 189.63821411132812, 202.3818817138672, 134.7975616455078, 215.56427001953125, 25.030189514160156, 282.477783203125, 28.536245346069336, 82.57415771484375, 36.534324645996094, 70.22730255126953, 40.911155700683594], [413.012451171875, 102.14208984375, -176.82798767089844, -7.2078070640563965, 15.813799858093262, -0.13139602541923523, 127.19835662841797, 28.536245346069336, 253.75485229492188, 57.3181037902832, 10.438925743103027, -24.373802185058594, 4.27852201461792], [88.30927276611328, -193.0796356201172, 134.9892120361328, 83.7226333618164, 52.42996597290039, 106.54837036132812, 42.029869079589844, 82.57415771484375, 57.3181037902832, 160.1746826171875, 27.510169982910156, 6.86447811126709, -2.967874765396118], [-152.59446716308594, 129.19488525390625, 30.20383071899414, 44.24840545654297, 10.649967193603516, 37.73503494262695, 49.337406158447266, 36.534324645996094, 10.438925743103027, 27.510169982910156, 132.3999481201172, 50.624202728271484, 9.145023345947266], [-437.79241943359375, 106.86115264892578, 81.26239013671875, 71.2633056640625, 48.55031204223633, 71.69914245605469, -31.280628204345703, 70.22730255126953, -24.373802185058594, 6.86447811126709, 50.624202728271484, 145.1938934326172, 52.89995193481445], [-277.0726318359375, -42.98693084716797, 44.99300003051758, 52.323081970214844, 38.87538146972656, 76.78282165527344, -28.753952026367188, 40.911155700683594, 4.27852201461792, -2.967874765396118, 9.145023345947266, 52.89995193481445, 122.85929107666016]], "lowlevel.mfcc.icov": [[0.00019747520855162293, 0.00016336467524524778, 0.0001498977217124775, 4.775905472342856e-05, -0.00010157965880353004, 9.765580762177706e-05, -0.00027135657728649676, 0.00017455570923630148, -0.00013899363693781197, -6.771786138415337e-05, 2.320166095159948e-05, 9.621864592190832e-05, 0.00023679652076680213], [0.00016336467524524778, 0.0005779212806373835, 0.0002784600656013936, 9.002538718050346e-05, -0.00014649114746134728, -0.00019272792269475758, -0.0004155598289798945, 0.000468958547571674, -0.0003092989500146359, 0.000566926843021065, -0.00032468856079503894, -0.0004903830704279244, 0.0006034764810465276], [0.0001498977217124775, 0.0002784600656013936, 0.0012661544606089592, -0.0003451236116234213, -0.0002912194177042693, -0.00018075569823849946, -0.00023035495541989803, 0.00017296742589678615, 0.0007731898222118616, -0.0007071538711898029, -3.228049899917096e-05, -0.00015016240649856627, 0.0002354300522711128], [4.775905472342856e-05, 9.002538718050346e-05, -0.0003451236116234213, 0.002359786769375205, -0.0009665872203186154, 0.00046680017840117216, -0.0005144220194779336, -0.001028926228173077, 0.00020208212663419545, -0.0002278717001900077, -0.0002116312534781173, -0.00012712027819361538, -0.0004450969572644681], [-0.00010157965880353004, -0.00014649114746134728, -0.0002912194177042693, -0.0009665872203186154, 0.003897403134033084, -0.001001368393190205, 0.0009796966332942247, -0.0005071026971563697, -0.0007738751592114568, 0.0002727753890212625, 0.0002268197131343186, -0.0001801308972062543, 0.00012292046449147165], [9.765580762177706e-05, -0.00019272792269475758, -0.00018075569823849946, 0.00046680017840117216, -0.001001368393190205, 0.003007874358445406, -7.986451964825392e-05, -0.0015774831408634782, 0.0004842028138227761, -0.0014412655727937818, 2.6319017706555314e-05, 0.0005229982198216021, -0.0013149954611435533], [-0.00027135657728649676, -0.0004155598289798945, -0.00023035495541989803, -0.0005144220194779336, 0.0009796966332942247, -7.986451964825392e-05, 0.004270641133189201, -0.0007428937824442983, -0.0014998010592535138, -0.00015897529374342412, -0.0013751739170402288, 0.0010039359331130981, 0.00025135200121439993], [0.00017455570923630148, 0.000468958547571674, 0.00017296742589678615, -0.001028926228173077, -0.0005071026971563697, -0.0015774831408634782, -0.0007428937824442983, 0.006996349431574345, -0.0007809722446836531, -0.0009436716209165752, -2.0391087673488073e-05, -0.0022925606463104486, 0.0005683659110218287], [-0.00013899363693781197, -0.0003092989500146359, 0.0007731898222118616, 0.00020208212663419545, -0.0007738751592114568, 0.0004842028138227761, -0.0014998010592535138, -0.0007809722446836531, 0.006468295585364103, -0.002782832132652402, 0.00037686017458327115, 0.0010627395240589976, -0.0017177084228023887], [-6.771786138415337e-05, 0.000566926843021065, -0.0007071538711898029, -0.0002278717001900077, 0.0002727753890212625, -0.0014412655727937818, -0.00015897529374342412, -0.0009436716209165752, -0.002782832132652402, 0.010410258546471596, -0.0017001884989440441, -0.00018347849254496396, 0.0020470600575208664], [2.320166095159948e-05, -0.00032468856079503894, -3.228049899917096e-05, -0.0002116312534781173, 0.0002268197131343186, 2.6319017706555314e-05, -0.0013751739170402288, -2.0391087673488073e-05, 0.00037686017458327115, -0.0017001884989440441, 0.010079688392579556, -0.0034276891965419054, 0.00030879242694936693], [9.621864592190832e-05, -0.0004903830704279244, -0.00015016240649856627, -0.00012712027819361538, -0.0001801308972062543, 0.0005229982198216021, 0.0010039359331130981, -0.0022925606463104486, 0.0010627395240589976, -0.00018347849254496396, -0.0034276891965419054, 0.011616954579949379, -0.003905204590409994], [0.00023679652076680213, 0.0006034764810465276, 0.0002354300522711128, -0.0004450969572644681, 0.00012292046449147165, -0.0013149954611435533, 0.00025135200121439993, 0.0005683659110218287, -0.0017177084228023887, 0.0020470600575208664, 0.00030879242694936693, -0.003905204590409994, 0.011408163234591484]], "metadata.audio_properties.analysis.downmix": "mix", "metadata.audio_properties.codec": "mp3", "metadata.audio_properties.md5_encoded": "54ca7afefaf4801bf140563cf7eb8c6a", "metadata.tags.file_name": "1182258443843813468.mp3", "metadata.version.essentia": "2.1-beta6-dev", "metadata.version.essentia_git_