{"song_id": "1182282016339791923", "download": "https://cdn.discordapp.com/attachments/1135911532732108921/1182282016339791923/chirp.mp4?ex=658420ee&amp", "lyrics": "[Verse]\nDickfoot burns out in the flames, lost in the night\nRising from the ashes, a phoenix takes flight\nTen years of silence, darkness filled their void\nNow they return, ready to destroy\n\n[Chorus]\nDickfoot's back, stronger than before\nRaging inferno, forever we roar\nThrough the ashes, we rise up higher\nWith burning fury, reclaiming our fire", "style": ["djent metal"], "essentia_features": {"lowlevel.average_loudness": 0.9740477204322815, "lowlevel.barkbands_crest.mean": 12.054557800292969, "lowlevel.barkbands_crest.stdev": 4.378461837768555, "lowlevel.barkbands_flatness_db.mean": 0.16404370963573456, "lowlevel.barkbands_flatness_db.stdev": 0.058367904275655746, "lowlevel.barkbands_kurtosis.mean": 6.728797435760498, "lowlevel.barkbands_kurtosis.stdev": 14.025073051452637, "lowlevel.barkbands_skewness.mean": 1.9638363122940063, "lowlevel.barkbands_skewness.stdev": 1.4697086811065674, "lowlevel.barkbands_spread.mean": 19.778348922729492, "lowlevel.barkbands_spread.stdev": 13.055052757263184, "lowlevel.dissonance.mean": 0.4571945071220398, "lowlevel.dissonance.stdev": 0.032336536794900894, "lowlevel.dynamic_complexity": 2.137481451034546, "lowlevel.erbbands_crest.mean": 8.870193481445312, "lowlevel.erbbands_crest.stdev": 4.636584758758545, "lowlevel.erbbands_flatness_db.mean": 0.17456914484500885, "lowlevel.erbbands_flatness_db.stdev": 0.058800384402275085, "lowlevel.erbbands_kurtosis.mean": 0.06365787237882614, "lowlevel.erbbands_kurtosis.stdev": 2.112724542617798, "lowlevel.erbbands_skewness.mean": 0.15682712197303772, "lowlevel.erbbands_skewness.stdev": 0.8071669936180115, "lowlevel.erbbands_spread.mean": 42.49007797241211, "lowlevel.erbbands_spread.stdev": 21.051647186279297, "lowlevel.hfc.mean": 21.577964782714844, "lowlevel.hfc.stdev": 14.139415740966797, "lowlevel.loudness_ebu128.integrated": -12.322219848632812, "lowlevel.loudness_ebu128.loudness_range": 2.6447105407714844, "lowlevel.loudness_ebu128.momentary.mean": -12.536642074584961, "lowlevel.loudness_ebu128.momentary.stdev": 1.386309266090393, "lowlevel.loudness_ebu128.short_term.mean": -12.39168643951416, "lowlevel.loudness_ebu128.short_term.stdev": 0.9130743741989136, "lowlevel.melbands_crest.mean": 17.038076400756836, "lowlevel.melbands_crest.stdev": 5.885785102844238, "lowlevel.melbands_flatness_db.mean": 0.2358749359846115, "lowlevel.melbands_flatness_db.stdev": 0.06522467732429504, "lowlevel.melbands_kurtosis.mean": 19.489477157592773, "lowlevel.melbands_kurtosis.stdev": 29.33635139465332, "lowlevel.melbands_skewness.mean": 3.2264599800109863, "lowlevel.melbands_skewness.stdev": 1.9741437435150146, "lowlevel.melbands_spread.mean": 18.210988998413086, "lowlevel.melbands_spread.stdev": 12.389734268188477, "lowlevel.pitch_salience.mean": 0.48761576414108276, "lowlevel.pitch_salience.stdev": 0.11290612816810608, "lowlevel.silence_rate_20dB.mean": 1.0, "lowlevel.silence_rate_20dB.stdev": 0.0, "lowlevel.silence_rate_30dB.mean": 1.0, "lowlevel.silence_rate_30dB.stdev": 0.0, "lowlevel.silence_rate_60dB.mean": 0.0017381227808073163, "lowlevel.silence_rate_60dB.stdev": 0.041654061526060104, "lowlevel.spectral_centroid.mean": 1162.083251953125, "lowlevel.spectral_centroid.stdev": 576.120361328125, "lowlevel.spectral_complexity.mean": 19.757822036743164, "lowlevel.spectral_complexity.stdev": 9.07610034942627, "lowlevel.spectral_decrease.mean": -8.636241055626215e-09, "lowlevel.spectral_decrease.stdev": 4.28411084385516e-09, "lowlevel.spectral_energy.mean": 0.034552350640296936, "lowlevel.spectral_energy.stdev": 0.016973061487078667, "lowlevel.spectral_energyband_high.mean": 0.0006696193595416844, "lowlevel.spectral_energyband_high.stdev": 0.001134877442382276, "lowlevel.spectral_energyband_low.mean": 0.014252611435949802, "lowlevel.spectral_energyband_low.stdev": 0.011420883238315582, "lowlevel.spectral_energyband_middle_high.mean": 0.005977869499474764, "lowlevel.spectral_energyband_middle_high.stdev": 0.006840868853032589, "lowlevel.spectral_energyband_middle_low.mean": 0.015291308052837849, "lowlevel.spectral_energyband_middle_low.stdev": 0.012872039340436459, "lowlevel.spectral_entropy.mean": 7.395566463470459, "lowlevel.spectral_entropy.stdev": 0.46998968720436096, "lowlevel.spectral_flux.mean": 0.08078335225582123, "lowlevel.spectral_flux.stdev": 0.049966972321271896, "lowlevel.spectral_kurtosis.mean": 5.538943767547607, "lowlevel.spectral_kurtosis.stdev": 4.447489261627197, "lowlevel.spectral_rms.mean": 0.005617089103907347, "lowlevel.spectral_rms.stdev": 0.0014689721865579486, "lowlevel.spectral_rolloff.mean": 1136.916748046875, "lowlevel.spectral_rolloff.stdev": 1074.10693359375, "lowlevel.spectral_skewness.mean": 1.5176650285720825, "lowlevel.spectral_skewness.stdev": 0.6014621257781982, "lowlevel.spectral_spread.mean": 3880740.0, "lowlevel.spectral_spread.stdev": 1573523.5, "lowlevel.spectral_strongpeak.mean": 1.0638138055801392, "lowlevel.spectral_strongpeak.stdev": 1.158205509185791, "lowlevel.zerocrossingrate.mean": 0.04720825329422951, "lowlevel.zerocrossingrate.stdev": 0.025754934176802635, "metadata.audio_properties.analysis.equal_loudness": 0.0, "metadata.audio_properties.analysis.length": 40.04265213012695, "metadata.audio_properties.analysis.sample_rate": 44100.0, "metadata.audio_properties.analysis.start_time": 0.0, "metadata.audio_properties.bit_rate": 126726.0, "metadata.audio_properties.length": 40.042667388916016, "metadata.audio_properties.lossless": 0.0, "metadata.audio_properties.number_channels": 1.0, "metadata.audio_properties.replay_gain": -13.911338806152344, "metadata.audio_properties.sample_rate": 48000.0, "rhythm.beats_count": 64.0, "rhythm.beats_loudness.mean": 0.04435541108250618, "rhythm.beats_loudness.stdev": 0.014865531586110592, "rhythm.bpm": 97.09103393554688, "rhythm.bpm_histogram_first_peak_bpm": 96.0, "rhythm.bpm_histogram_first_peak_weight": 0.5873016119003296, "rhythm.bpm_histogram_second_peak_bpm": 0.0, "rhythm.bpm_histogram_second_peak_spread": 0.0, "rhythm.bpm_histogram_second_peak_weight": 0.0, "rhythm.danceability": 1.2587131261825562, "rhythm.onset_rate": 3.7698709964752197, "tonal.chords_changes_rate": 0.07523148506879807, "tonal.chords_number_rate": 0.008101851679384708, "tonal.chords_strength.mean": 0.5069451332092285, "tonal.chords_strength.stdev": 0.08374528586864471, "tonal.hpcp_crest.mean": 16.55813980102539, "tonal.hpcp_crest.stdev": 7.896823406219482, "tonal.hpcp_entropy.mean": 1.7139978408813477, "tonal.hpcp_entropy.stdev": 0.8197975158691406, "tonal.key_edma.strength": 0.4267582297325134, "tonal.key_krumhansl.strength": 0.40816259384155273, "tonal.key_temperley.strength": 0.37257543206214905, "tonal.tuning_diatonic_strength": 0.3631758689880371, "tonal.tuning_equal_tempered_deviation": 0.07165896147489548, "tonal.tuning_frequency": 438.7310485839844, "tonal.tuning_nontempered_energy_ratio": 0.685682475566864, "lowlevel.barkbands.mean": [0.0002744983648881316, 0.002983941463753581, 0.009555337019264698, 0.002447834238409996, 0.003387077711522579, 0.0027039595879614353, 0.003789836075156927, 0.0016897196182981133, 0.0009273261530324817, 0.0009036035044118762, 0.0005154166137799621, 0.0008712694980204105, 0.0007736138650216162, 0.0005290574044920504, 0.0005838802899233997, 0.000548970652744174, 0.00066251156385988, 0.0002821794478222728, 0.00033522373996675014, 0.0002156997798010707, 0.0001758476864779368, 0.0001476993056712672, 9.944249904947355e-05, 6.086779831093736e-05, 4.7432877181563526e-05, 3.4710305044427514e-05, 5.399605015554698e-06], "lowlevel.barkbands.stdev": [0.0008400747319683433, 0.00687769427895546, 0.006952692288905382, 0.0046989331021904945, 0.0042302957735955715, 0.005939511116594076, 0.007408681325614452, 0.004046779591590166, 0.0027350012678653, 0.0033572118263691664, 0.0014505154686048627, 0.002516598906368017, 0.002523728646337986, 0.0009752291371114552, 0.00122225028462708, 0.000748427351936698, 0.0009970642859116197, 0.0003116706502623856, 0.00044703995808959007, 0.00029434196767397225, 0.0003011717926710844, 0.00037134005106054246, 0.0002190364320995286, 0.00018035780522041023, 0.00010560730879660696, 6.598592881346121e-05, 1.3129420040058903e-05], "lowlevel.erbbands.mean": [0.09358660131692886, 0.8062280416488647, 8.705246925354004, 10.801708221435547, 8.778339385986328, 10.218306541442871, 14.102327346801758, 25.973575592041016, 55.80296325683594, 46.53340530395508, 32.38513946533203, 24.415868759155273, 23.427366256713867, 25.212291717529297, 26.709508895874023, 36.33808517456055, 38.18348693847656, 26.24044418334961, 34.15625, 23.51273536682129, 39.37167739868164, 34.59261703491211, 15.862937927246094, 19.673913955688477, 13.829211235046387, 9.7119140625, 7.938426971435547, 6.345515727996826, 5.388211727142334, 4.279974460601807, 2.481846809387207, 1.4116806983947754, 0.9923444390296936, 0.5951142311096191, 0.3045533001422882, 0.14116691052913666, 0.06510813534259796, 0.01679966226220131, 0.0005434435443021357, 5.194218465476297e-05], "lowlevel.erbbands.stdev": [0.3292321562767029, 1.199699878692627, 6.903144836425781, 10.2413911819458, 20.917503356933594, 12.147188186645508, 17.71164321899414, 63.13096237182617, 103.3360366821289, 98.99718475341797, 74.03689575195312, 71.78508758544922, 85.04801177978516, 93.9000473022461, 65.15336608886719, 102.44188690185547, 127.80742645263672, 52.59115219116211, 61.819862365722656, 35.91383361816406, 51.96309280395508, 47.5781135559082, 16.485435485839844, 25.25727081298828, 18.846399307250977, 13.332072257995605, 11.362701416015625, 12.740083694458008, 13.468035697937012, 10.54836654663086, 5.391108512878418, 3.340393304824829, 3.4808197021484375, 1.674450159072876, 0.5811096429824829, 0.27022039890289307, 0.1283712238073349, 0.03566014766693115, 0.0012395554222166538, 3.431195727898739e-05], "lowlevel.gfcc.mean": [-0.7830358743667603, 111.72087860107422, -122.56355285644531, 37.164642333984375, -47.74690246582031, -0.1293422281742096, -40.219810485839844, 1.7159160375595093, -19.765880584716797, -1.2825474739074707, -15.98790454864502, -5.907844066619873, -16.923965454101562], "lowlevel.melbands.mean": [0.000788048142567277, 0.0032459143549203873, 0.0018304387340322137, 0.0006658940692432225, 0.000514241517521441, 0.0005919552640989423, 0.0008571465732529759, 0.0004781542520504445, 0.00025319261476397514, 0.00013414175191428512, 0.00011436818749643862, 0.0001024716257234104, 8.034297206904739e-05, 0.00010229379404336214, 8.827254350762814e-05, 6.784457946196198e-05, 4.768431608681567e-05, 5.543243605643511e-05, 3.818451295956038e-05, 2.7894866434508003e-05, 5.2101378969382495e-05, 4.166612052358687e-05, 1.635353510209825e-05, 1.2837033864343539e-05, 1.6761427104938775e-05, 1.0777241186588071e-05, 8.672038347867783e-06, 5.834017429151572e-06, 5.066314315627096e-06, 4.34671437687939e-06, 3.456855438344064e-06, 3.0864227937854594e-06, 2.7385033263271907e-06, 2.253603724966524e-06, 1.489545866206754e-06, 1.0770650078484323e-06, 7.706448741373606e-07, 7.242335868795635e-07, 5.962654086033581e-07, 4.6173818191164173e-07], "lowlevel.melbands.stdev": [0.0022891757544130087, 0.0025031412951648235, 0.0019499582704156637, 0.0010546650737524033, 0.0005707717500627041, 0.0013580655213445425, 0.0015478971181437373, 0.0010261121205985546, 0.0006199420313350856, 0.000405688100727275, 0.0004381847393233329, 0.0004150814493186772, 0.00021049848874099553, 0.00030351884197443724, 0.0002587827621027827, 0.00022428952797781676, 0.00010403516353107989, 9.807779133552685e-05, 8.570562931708992e-05, 3.4166285331593826e-05, 7.392912084469572e-05, 6.384917651303113e-05, 1.944679934240412e-05, 1.4499600183626171e-05, 2.289729491167236e-05, 1.573731060489081e-05, 1.2874587810074445e-05, 8.120877282635774e-06, 6.952964213269297e-06, 7.825513421266805e-06, 7.582082616863772e-06, 7.803863809385803e-06, 7.136132353480207e-06, 5.56394252271275e-06, 3.293233476142632e-06, 2.420369128230959e-06, 1.9420635908318218e-06, 2.7352130018698517e-06, 2.1095993361086585e-06, 1.1758863820432452e-06], "lowlevel.melbands128.mean": [0.00020290219981689006, 0.0008042243425734341, 0.0008209392544813454, 0.0011510177282616496, 0.0039187283255159855, 0.004665798041969538, 0.0022992861922830343, 0.001058284193277359, 0.0008710972033441067, 0.0006468333303928375, 0.0004896578029729426, 0.0007001513731665909, 0.00047158708912320435, 0.0003453360986895859, 0.00045353989116847515, 0.0008542423020116985, 0.0008811202133074403, 0.0009537392179481685, 0.0007176490616984665, 0.00047267816262319684, 0.0004164532001595944, 0.0002757300972007215, 0.0002392214664723724, 0.00020265836792532355, 0.00020771744311787188, 5.759307532571256e-05, 8.162277663359419e-05, 0.00015717789938207716, 9.003826562548056e-05, 0.00013534525351133198, 8.73720709932968e-05, 7.584291597595438e-05, 7.845411892049015e-05, 8.0395198892802e-05, 0.0001085782641894184, 0.00010762982128653675, 0.00010085861140396446, 6.194137677084655e-05, 0.00010603560076560825, 0.00010239340917905793, 4.773158798343502e-05, 3.8672045775456354e-05, 4.6122371713863686e-05, 4.9702703108778223e-05, 5.660382521455176e-05, 5.394992695073597e-05, 6.34662137599662e-05, 3.635240500443615e-05, 2.8392087187967263e-05, 3.1707677408121526e-05, 1.8905642718891613e-05, 3.350355473230593e-05, 5.344169039744884e-05, 5.423730908660218e-05, 6.378776743076742e-05, 4.077020275872201e-05, 2.6138490284211002e-05, 1.6008645616238937e-05, 1.4608843230234925e-05, 1.2721960047201719e-05, 1.115730992751196e-05, 1.2520902600954287e-05, 2.1414436560007744e-05, 1.6633948689559475e-05, 1.1701844414346851e-05, 1.1606541193032172e-05, 9.197412509820424e-06, 9.425752068636939e-06, 8.891282959666569e-06, 7.325907972699497e-06, 5.340688403521199e-06, 5.3314552133088e-06, 5.658493137161713e-06, 4.890388481726404e-06, 4.627435373549815e-06, 4.641007762984373e-06, 4.154067937633954e-06, 3.4899553611467127e-06, 3.4785600746545242e-06, 3.1889787805994274e-06, 3.342172249176656e-06, 2.8834792829002254e-06, 2.9056532184768002e-06, 2.8901288260385627e-06, 2.3616883026988944e-06, 2.501526068954263e-06, 2.1999421733198687e-06, 1.8102786043527885e-06, 1.4777361911910702e-06, 1.2307968972891103e-06, 1.1635430610112962e-06, 1.096857317861577e-06, 8.1799163353935e-07, 7.470287073374493e-07, 7.30847148133762e-07, 7.814273885742296e-07, 7.22342576864321e-07, 6.434101464947162e-07, 6.004187866892607e-07, 5.728956011807895e-07, 5.427404516922252e-07, 4.176907850705902e-07, 4.068058672146435e-07, 3.979969278589124e-07, 3.8408273894674494e-07, 2.7435154947852425e-07, 2.4852215574355796e-07, 2.3496022549807094e-07, 2.2139879263249895e-07, 2.7655730150399904e-07, 2.23672643073769e-07, 1.9930148198454845e-07, 1.9982905996585032e-07, 2.2156257273309166e-07, 1.948350529801246e-07, 1.616232339074486e-07, 1.4410518645036063e-07, 7.923162570477871e-08, 1.1253569631719529e-08, 6.050702473781033e-12, 4.118330676483595e-12, 4.025935401025249e-12, 3.9399685770880044e-12, 3.846738899637714e-12, 3.639851007403161e-12, 3.342621752305819e-12, 3.1753829166786263e-12, 3.136658684524396e-12], "lowlevel.melbands128.stdev": [0.00078680639853701, 0.0032056199852377176, 0.0027758977375924587, 0.0018488186178728938, 0.003795308992266655, 0.003389765042811632, 0.00229292712174356, 0.002799256471917033, 0.002506875665858388, 0.0011641801102086902, 0.0007417951710522175, 0.0007930612773634493, 0.0006791638443246484, 0.001061127637512982, 0.0016639141831547022, 0.0023543706629425287, 0.002150990767404437, 0.002307231305167079, 0.0020641989540308714, 0.0013958096969872713, 0.0013694844674319029, 0.0006328824674710631, 0.001033745938912034, 0.0007231078343465924, 0.0008146878099068999, 0.0002519556728657335, 0.000337293982738629, 0.0007914392044767737, 0.0004620715044438839, 0.0007985722622834146, 0.0004138201184105128, 0.000310830568196252, 0.000296712969429791, 0.00030332160531543195, 0.000428788858698681, 0.00047976794303394854, 0.00042557355482131243, 0.00031650217715650797, 0.00042885428410954773, 0.0005439177039079368, 0.0001615398214198649, 0.000192643899936229, 0.00013895992015022784, 0.00014336146705318242, 0.00013653951464220881, 0.00013743080489803106, 0.00018515823467168957, 0.00015241595974657685, 7.55895089241676e-05, 5.169005453353748e-05, 3.232456947444007e-05, 6.078414662624709e-05, 9.672674059402198e-05, 0.0001017570320982486, 0.0001461273932363838, 8.452847396256402e-05, 4.373843330540694e-05, 2.7905654860660434e-05, 2.070090704364702e-05, 1.6711728676455095e-05, 1.5999868992366828e-05, 2.0217165001668036e-05, 3.1823889003135264e-05, 2.8831724193878472e-05, 2.2735033780918457e-05, 1.8746197383734398e-05, 1.586383041285444e-05, 1.6481288184877485e-05, 1.502116174378898e-05, 1.3163442417862825e-05, 8.548697223886847e-06, 7.780704436299857e-06, 8.530466402589809e-06, 7.372093477897579e-06, 7.892610483395401e-06, 9.136132575804368e-06, 8.565901225665584e-06, 8.368657290702686e-06, 8.169117791112512e-06, 8.398557838518173e-06, 8.267442353826482e-06, 8.333711775776464e-06, 8.331867320521269e-06, 7.92437913332833e-06, 6.348292117763776e-06, 6.903076609887648e-06, 5.6574458540126216e-06, 4.122194241062971e-06, 3.5375542211113498e-06, 2.944105290225707e-06, 2.7328937903803308e-06, 2.70079044639715e-06, 2.1006503629905637e-06, 1.9493393210723298e-06, 2.036412752204342e-06, 3.208762109352392e-06, 3.1267120448319474e-06, 2.1186499452596763e-06, 2.5727874799486017e-06, 1.9623819298431044e-06, 1.6891334553292836e-06, 1.0458710448801867e-06, 8.917603508962202e-07, 8.944603564486897e-07, 7.912158821454796e-07, 5.536293770092016e-07, 5.502290605363669e-07, 4.994724349671742e-07, 4.767577763686859e-07, 6.094144282542402e-07, 4.798339432454668e-07, 4.240782516262698e-07, 4.3661120230353845e-07, 5.372317559704243e-07, 4.5030623141428805e-07, 3.8395148749259533e-07, 3.314091543415998e-07, 2.535768430789176e-07, 5.045158957273088e-08, 2.7353865700296964e-11, 1.3418890131011718e-11, 1.3348076983998869e-11, 1.324302820182588e-11, 1.2635732737908967e-11, 9.813712342765513e-12, 5.998350687680398e-12, 5.023462548714441e-12, 4.974194667273224e-12], "lowlevel.mfcc.mean": [-641.9854736328125, 138.75164794921875, -11.589775085449219, 36.5026741027832, 8.345853805541992, 4.62196159362793, -7.32857084274292, 0.3021315336227417, -4.432598114013672, -0.4098219573497772, -1.7948620319366455, 1.0879969596862793, 1.9082159996032715], "lowlevel.spectral_contrast_coeffs.mean": [-0.6347636580467224, -0.6889734864234924, -0.7698622345924377, -0.7766299247741699, -0.7808322906494141, -0.7331600189208984], "lowlevel.spectral_contrast_coeffs.stdev": [0.0719582587480545, 0.08888846635818481, 0.07636052370071411, 0.05750206112861633, 0.04930286109447479, 0.05727686733007431], "lowlevel.spectral_contrast_valleys.mean": [-6.765122413635254, -6.8341522216796875, -7.512611389160156, -7.434046745300293, -7.449616432189941, -10.854344367980957], "lowlevel.spectral_contrast_valleys.stdev": [0.6719037294387817, 0.602736234664917, 0.5722061395645142, 0.5807434320449829, 0.7517390251159668, 1.2362362146377563], "rhythm.beats_loudness_band_ratio.mean": [0.5627723336219788, 0.13908086717128754, 0.16777288913726807, 0.06489274650812149, 0.0628834143280983, 0.06632180511951447], "rhythm.beats_loudness_band_ratio.stdev": [0.23559942841529846, 0.12068746238946915, 0.1886122077703476, 0.09666473418474197, 0.06386065483093262, 0.04844976216554642], "tonal.hpcp.mean": [0.470649391412735, 0.25987958908081055, 0.05167444422841072, 0.044014573097229004, 0.04352833703160286, 0.06168179586529732, 0.08651866018772125, 0.0694132000207901, 0.1480719894170761, 0.28719955682754517, 0.17632676661014557, 0.04653206467628479, 0.11070295423269272, 0.09602969139814377, 0.03523679077625275, 0.05085195600986481, 0.05313926190137863, 0.03573184460401535, 0.03258134797215462, 0.04343392699956894, 0.0648941919207573, 0.0926910936832428, 0.07466530054807663, 0.044808048754930496, 0.04757693409919739, 0.05504331365227699, 0.057861216366291046, 0.05383334308862686, 0.05121655762195587, 0.08630646020174026, 0.13923393189907074, 0.10318511724472046, 0.04609154909849167, 0.041506584733724594, 0.0453997366130352, 0.2632277011871338], "tonal.hpcp.stdev": [0.4627474844455719, 0.28535884618759155, 0.1627272367477417, 0.14625132083892822, 0.15664389729499817, 0.1756347119808197, 0.21878041326999664, 0.19354578852653503, 0.21934553980827332, 0.419430673122406, 0.2676863968372345, 0.09558150172233582, 0.17518527805805206, 0.1543819159269333, 0.10087050497531891, 0.12360799312591553, 0.13662782311439514, 0.11694496124982834, 0.1043861135840416, 0.13176783919334412, 0.15734495222568512, 0.17088118195533752, 0.16615334153175354, 0.1317220777273178, 0.1509094387292862, 0.17460383474826813, 0.17858819663524628, 0.16909250617027283, 0.1611347198486328, 0.1826113760471344, 0.2526569068431854, 0.19963398575782776, 0.14364300668239594, 0.12330106645822525, 0.12220164388418198, 0.2910993993282318], "rhythm.beats_position": [0.650158703327179, 1.277097463607788, 1.904036283493042, 2.530975103378296, 3.1346938610076904, 3.7616326808929443, 4.36535120010376, 4.992290019989014, 5.619228839874268, 6.234557628631592, 6.849886417388916, 7.4536051750183105, 8.080544471740723, 8.707483291625977, 9.334421157836914, 9.961359977722168, 10.565078735351562, 11.168798446655273, 11.784127235412598, 12.399456024169922, 13.02639389038086, 13.653332710266113, 14.257051467895508, 14.883990287780762, 15.499319076538086, 16.114648818969727, 16.741586685180664, 17.356916427612305, 17.972244262695312, 18.587574005126953, 19.20290184020996, 19.82984161376953, 20.43355941772461, 21.06049919128418, 21.687437057495117, 22.302766799926758, 22.918094635009766, 23.533424377441406, 24.148752212524414, 24.764081954956055, 25.379409790039062, 26.006349563598633, 26.62167739868164, 27.23700714111328, 27.86394500732422, 28.47927474975586, 29.094602584838867, 29.698322296142578, 30.325260162353516, 30.940589904785156, 31.555917739868164, 32.182857513427734, 32.78657531738281, 33.41351318359375, 34.017234802246094, 34.64417266845703, 35.27111053466797, 35.88644027709961, 36.501766204833984, 37.12870788574219, 37.74403381347656, 38.347755432128906, 38.96308135986328, 39.590023040771484], "rhythm.bpm_histogram": [0.0, 0.0, 0.0, 0.0, 0.0, 0.0, 0.0, 0.0, 0.0, 0.0, 0.0, 0.0, 0.0, 0.0, 0.0, 0.0, 0.0, 0.0, 0.0, 0.0, 0.0, 0.0, 0.0, 0.0, 0.0, 0.0, 0.0, 0.0, 0.0, 0.0, 0.0, 0.0, 0.0, 0.0, 0.0, 0.0, 0.0, 0.0, 0.0, 0.0, 0.0, 0.0, 0.0, 0.0, 0.0, 0.0, 0.0, 0.0, 0.0, 0.0, 0.0, 0.0, 0.0, 0.0, 0.0, 0.0, 0.0, 0.0, 0.0, 0.0, 0.0, 0.0, 0.0, 0.0, 0.0, 0.0, 0.0, 0.0, 0.0, 0.0, 0.0, 0.0, 0.0, 0.0, 0.0, 0.0, 0.0, 0.0, 0.0, 0.0, 0.0, 0.0, 0.0, 0.0, 0.0, 0.0, 0.0, 0.0, 0.0, 0.0, 0.0, 0.0, 0.0, 0.0, 0.0, 0.0, 0.4126984179019928, 0.0, 0.4126984179019928, 0.1746031790971756, 0.0, 0.0, 0.0, 0.0, 0.0, 0.0, 0.0, 0.0, 0.0, 0.0, 0.0, 0.0, 0.0, 0.0, 0.0, 0.0, 0.0, 0.0, 0.0, 0.0, 0.0, 0.0, 0.0, 0.0, 0.0, 0.0, 0.0, 0.0, 0.0, 0.0, 0.0, 0.0, 0.0, 0.0, 0.0, 0.0, 0.0, 0.0, 0.0, 0.0, 0.0, 0.0, 0.0, 0.0, 0.0, 0.0, 0.0, 0.0, 0.0, 0.0, 0.0, 0.0, 0.0, 0.0, 0.0, 0.0, 0.0, 0.0, 0.0, 0.0, 0.0, 0.0, 0.0, 0.0, 0.0, 0.0, 0.0, 0.0, 0.0, 0.0, 0.0, 0.0, 0.0, 0.0, 0.0, 0.0, 0.0, 0.0, 0.0, 0.0, 0.0, 0.0, 0.0, 0.0, 0.0, 0.0, 0.0, 0.0, 0.0, 0.0, 0.0, 0.0, 0.0, 0.0, 0.0, 0.0, 0.0, 0.0, 0.0, 0.0, 0.0, 0.0, 0.0, 0.0, 0.0, 0.0, 0.0, 0.0, 0.0, 0.0, 0.0, 0.0, 0.0, 0.0, 0.0, 0.0, 0.0, 0.0, 0.0, 0.0, 0.0, 0.0, 0.0, 0.0, 0.0, 0.0, 0.0, 0.0, 0.0, 0.0, 0.0, 0.0, 0.0, 0.0, 0.0, 0.0, 0.0, 0.0, 0.0, 0.0, 0.0, 0.0, 0.0, 0.0, 0.0, 0.0, 0.0, 0.0, 0.0, 0.0], "tonal.chords_histogram": [1.0416666269302368, 4.513888835906982, 15.625, 12.962963104248047, 0.0, 0.0, 0.0, 0.11574073880910873, 14.120369911193848, 43.05555725097656, 0.0, 0.0, 0.0, 0.0, 0.0, 0.0, 0.0, 0.0, 0.0, 0.0, 8.564814567565918, 0.0, 0.0, 0.0], "tonal.thpcp": [1.0, 0.5521723628044128, 0.10979392379522324, 0.09351881593465805, 0.0924856960773468, 0.1310567855834961, 0.18382826447486877, 0.14748388528823853, 0.31461209058761597, 0.6102197766304016, 0.3746456801891327, 0.09886778891086578, 0.23521320521831512, 0.20403657853603363, 0.07486844807863235, 0.10804636776447296, 0.11290626227855682, 0.07592030614614487, 0.06922636926174164, 0.09228510409593582, 0.13788223266601562, 0.1969429850578308, 0.15864314138889313, 0.09520473331212997, 0.10108784586191177, 0.1169518455862999, 0.1229391098022461, 0.11438099294900894, 0.10882104188203812, 0.18337740004062653, 0.29583364725112915, 0.21923987567424774, 0.09793181717395782, 0.08819003403186798, 0.09646190702915192, 0.5592861771583557], "lowlevel.gfcc.cov": [[3549.4443359375, -1466.574951171875, 268.749755859375, 41.674468994140625, -103.53236389160156, 205.9235076904297, -92.53549194335938, 279.45025634765625, -200.48095703125, 286.8277587890625, -286.6931457519531, 218.5221710205078, -255.155029296875], [-1466.574951171875, 2278.2783203125, -958.5964965820312, -185.4446258544922, 315.8018798828125, -344.8449401855469, 347.59014892578125, -167.94496154785156, 398.297607421875, -342.5201416015625, 422.00140380859375, -252.29519653320312, 250.69525146484375], [268.749755859375, -958.5964965820312, 1176.01220703125, 113.20845031738281, -0.4748622477054596, 287.9947204589844, -160.1123504638672, 120.45034790039062, -210.05792236328125, 210.62237548828125, -177.39816284179688, 176.72348022460938, -108.71346282958984], [41.674468994140625, -185.4446258544922, 113.20845031738281, 530.2000122070312, 17.000680923461914, 40.18189239501953, 7.53851318359375, -64.94715881347656, 18.491771697998047, 42.715396881103516, -39.213985443115234, -41.137393951416016, 42.74918746948242], [-103.53236389160156, 315.8018798828125, -0.4748622477054596, 17.000680923461914, 316.1519775390625, -21.444866180419922, 99.827880859375, 44.9555778503418, 83.89048767089844, 27.014150619506836, 47.975711822509766, -22.64059066772461, 9.494304656982422], [205.9235076904297, -344.8449401855469, 287.9947204589844, 40.18189239501953, -21.444866180419922, 305.1708068847656, 76.74302673339844, 93.06287384033203, -74.11129760742188, 23.93195343017578, -45.28247833251953, 26.99974250793457, -61.518409729003906], [-92.53549194335938, 347.59014892578125, -160.1123504638672, 7.53851318359375, 99.827880859375, 76.74302673339844, 395.83905029296875, 59.03048324584961, 20.63677978515625, -54.49688720703125, 49.285926818847656, -25.361270904541016, 0.1931947022676468], [279.45025634765625, -167.94496154785156, 120.45034790039062, -64.94715881347656, 44.9555778503418, 93.06287384033203, 59.03048324584961, 179.71820068359375, -5.44010591506958, 43.79092788696289, -19.990079879760742, 43.170650482177734, -46.61494445800781], [-200.48095703125, 398.297607421875, -210.05792236328125, 18.491771697998047, 83.89048767089844, -74.11129760742188, 20.63677978515625, -5.44010591506958, 181.92431640625, -22.9619197845459, 96.27303314208984, -62.652687072753906, 53.7823600769043], [286.8277587890625, -342.5201416015625, 210.62237548828125, 42.715396881103516, 27.014150619506836, 23.93195343017578, -54.49688720703125, 43.79092788696289, -22.9619197845459, 180.3268585205078, -60.74348831176758, 55.384281158447266, -42.697044372558594], [-286.6931457519531, 422.00140380859375, -177.39816284179688, -39.213985443115234, 47.975711822509766, -45.28247833251953, 49.285926818847656, -19.990079879760742, 96.27303314208984, -60.74348831176758, 157.27464294433594, -26.405492782592773, 49.75165939331055], [218.5221710205078, -252.29519653320312, 176.72348022460938, -41.137393951416016, -22.64059066772461, 26.99974250793457, -25.361270904541016, 43.170650482177734, -62.652687072753906, 55.384281158447266, -26.405492782592773, 125.45823669433594, -19.862136840820312], [-255.155029296875, 250.69525146484375, -108.71346282958984, 42.74918746948242, 9.494304656982422, -61.518409729003906, 0.1931947022676468, -46.61494445800781, 53.7823600769043, -42.697044372558594, 49.75165939331055, -19.862136840820312, 97.93750762939453]], "lowlevel.gfcc.icov": [[0.0005065752193331718, 0.00015493064711336046, 0.00038751092506572604, -0.00018088282376993448, -5.523789150174707e-05, -0.0001320011797361076, 0.00013224926078692079, -0.0004771607927978039, -5.290883927955292e-05, -0.00023598143889103085, 0.0003720117674674839, -0.0006960087921470404, 0.0007234009681269526], [0.00015493064711336046, 0.0036296143662184477, -0.00022774933313485235, 0.001522747683338821, -0.0018028989434242249, 0.0018573896959424019, -0.002352010225877166, 0.0016436713049188256, -0.002312210388481617, 0.002462304662913084, -0.003548047039657831, 0.002619934966787696, -0.0029993453063070774], [0.00038751092506572604, -0.00022774933313485235, 0.002476708497852087, -0.0006843576557002962, -0.0006948340451344848, -0.001982744550332427, 0.0014387930277734995, -0.0007600106182508171, 0.0014813410816714168, -0.001395817962475121, 0.0009740107343532145, -0.0023189429193735123, 0.0007107495912350714], [-0.00018088282376993448, 0.001522747683338821, -0.0006843576557002962, 0.00334931630641222, -0.0007614383357577026, 0.00024956840206868947, -0.0015539302257820964, 0.002285693772137165, -0.0017469607992097735, 0.00024210530682466924, -0.0006175418384373188, 0.002502912189811468, -0.0033829568419605494], [-5.523789150174707e-05, -0.0018028989434242249, -0.0006948340451344848, -0.0007614383357577026, 0.005465483292937279, 0.00024757994106039405, -0.000274860009085387, -0.0016896636225283146, -0.000712345470674336, -0.0021081429440528154, 0.0010686133755370975, -0.00026784930378198624, 0.0017290731193497777], [-0.0001320011797361076, 0.0018573896959424019, -0.001982744550332427, 0.00024956840206868947, 0.00024757994106039405, 0.007451648823916912, -0.0028529800474643707, -0.0013423861237242818, -0.00032000787905417383, 0.002378099597990513, -0.002927764318883419, 0.0033389986492693424, -7.873537470004521e-06], [0.00013224926078692079, -0.002352010225877166, 0.0014387930277734995, -0.0015539302257820964, -0.000274860009085387, -0.0028529800474643707, 0.0055742207914590836, -0.0025278909597545862, 0.002866076771169901, -0.0010861989576369524, 0.001698511652648449, -0.0023056743666529655, 0.0022829913068562746], [-0.0004771607927978039, 0.0016436713049188256, -0.0007600106182508171, 0.002285693772137165, -0.0016896636225283146, -0.0013423861237242818, -0.0025278909597545862, 0.011005879379808903, -0.0044484818354249, 0.0008583281887695193, -0.0003905350749846548, -0.0010277446126565337, 7.919871131889522e-05], [-5.290883927955292e-05, -0.002312210388481617, 0.0014813410816714168, -0.0017469607992097735, -0.000712345470674336, -0.00032000787905417383, 0.002866076771169901, -0.0044484818354249, 0.01529810018837452, -0.004314803518354893, -0.0039438521489501, 0.0032817188184708357, -0.0016802723985165358], [-0.00023598143889103085, 0.002462304662913084, -0.001395817962475121, 0.00024210530682466924, -0.0021081429440528154, 0.002378099597990513, -0.0010861989576369524, 0.0008583281887695193, -0.004314803518354893, 0.01159499678760767, -9.480086737312376e-05, -0.0011701765470206738, 0.0007713670493103564], [0.0003720117674674839, -0.003548047039657831, 0.0009740107343532145, -0.0006175418384373188, 0.0010686133755370975, -0.002927764318883419, 0.001698511652648449, -0.0003905350749846548, -0.0039438521489501, -9.480086737312376e-05, 0.016534078866243362, -0.006230422295629978, 0.0017318318132311106], [-0.0006960087921470404, 0.002619934966787696, -0.0023189429193735123, 0.002502912189811468, -0.00026784930378198624, 0.0033389986492693424, -0.0023056743666529655, -0.0010277446126565337, 0.0032817188184708357, -0.0011701765470206738, -0.006230422295629978, 0.017531748861074448, -0.006139352452009916], [0.0007234009681269526, -0.0029993453063070774, 0.0007107495912350714, -0.0033829568419605494, 0.0017290731193497777, -7.873537470004521e-06, 0.0022829913068562746, 7.919871131889522e-05, -0.0016802723985165358, 0.0007713670493103564, 0.0017318318132311106, -0.006139352452009916, 0.021033205091953278]], "lowlevel.mfcc.cov": [[3123.18408203125, -1089.5999755859375, -76.61204528808594, -49.90036392211914, -92.0279312133789, -26.925195693969727, 18.447160720825195, 0.7346644997596741, 100.43190002441406, 10.897144317626953, 53.80656433105469, 72.57010650634766, 9.544975280761719], [-1089.5999755859375, 1899.9197998046875, -781.1189575195312, -3.179959297180176, -56.35207748413086, -141.62860107421875, -7.680178165435791, 133.873046875, -42.45305252075195, 43.65522003173828, 3.667318820953369, 112.73843383789062, 99.51529693603516], [-76.61204528808594, -781.1189575195312, 954.6351928710938, -69.73385620117188, 165.07098388671875, 122.36019134521484, 77.8084945678711, -31.81839370727539, 9.828633308410645, -49.19318389892578, 7.669719219207764, -58.47013473510742, -49.72164535522461], [-49.90036392211914, -3.179959297180176, -69.73385620117188, 437.70361328125, 33.09761428833008, 98.2481460571289, -33.20317077636719, -63.73637390136719, 35.04684066772461, 55.37177658081055, -13.08753490447998, -57.91734313964844, 26.918548583984375], [-92.0279312133789, -56.35207748413086, 165.07098388671875, 33.09761428833008, 300.997802734375, 6.2772321701049805, -57.245330810546875, -50.37977981567383, -7.661779880523682, 38.70231246948242, 17.99869728088379, -28.162912368774414, 1.2444612979888916], [-26.925195693969727, -141.62860107421875, 122.36019134521484, 98.2481460571289, 6.2772321701049805, 191.09877014160156, 82.90968322753906, 5.147140026092529, 34.40085220336914, 27.99717140197754, 17.979267120361328, -3.3994410037994385, -11.281484603881836], [18.447160720825195, -7.680178165435791, 77.8084945678711, -33.20317077636719, -57.245330810546875, 82.90968322753906, 251.77635192871094, 130.74325561523438, 63.90912628173828, 13.258635520935059, 46.33666229248047, 55.311832427978516, 1.949912428855896], [0.7346644997596741, 133.873046875, -31.81839370727539, -63.73637390136719, -50.37977981567383, 5.147140026092529, 130.74325561523438, 192.5719757080078, 41.82941436767578, -1.903534173965454, 27.437549591064453, 59.17878341674805, 9.836236000061035], [100.43190002441406, -42.45305252075195, 9.828633308410645, 35.04684066772461, -7.661779880523682, 34.40085220336914, 63.90912628173828, 41.82941436767578, 107.09112548828125, 49.24901580810547, 26.525920867919922, 12.015448570251465, 3.343352794647217], [10.897144317626953, 43.65522003173828, -49.19318389892578, 55.37177658081055, 38.70231246948242, 27.99717140197754, 13.258635520935059, -1.903534173965454, 49.24901580810547, 108.59767150878906, 38.63373947143555, 2.5487890243530273, -1.3068218231201172], [53.80656433105469, 3.667318820953369, 7.669719219207764, -13.08753490447998, 17.99869728088379, 17.979267120361328, 46.33666229248047, 27.437549591064453, 26.525920867919922, 38.63373947143555, 85.19611358642578, 44.79132080078125, 5.976024150848389], [72.57010650634766, 112.73843383789062, -58.47013473510742, -57.91734313964844, -28.162912368774414, -3.3994410037994385, 55.311832427978516, 59.17878341674805, 12.015448570251465, 2.5487890243530273, 44.79132080078125, 111.47853088378906, 37.908203125], [9.544975280761719, 99.51529693603516, -49.72164535522461, 26.918548583984375, 1.2444612979888916, -11.281484603881836, 1.949912428855896, 9.836236000061035, 3.343352794647217, -1.3068218231201172, 5.976024150848389, 37.908203125, 80.62646484375]], "lowlevel.mfcc.icov": [[0.0005450678872875869, 0.0005411536549217999, 0.0004327077476773411, 4.59364709968213e-05, -4.633334538084455e-05, 0.00021727285638917238, 1.0605190254864283e-05, -6.834075611550361e-05, -0.0003494871489237994, 4.5217744627734646e-05, -5.272323323879391e-05, -0.0005044642020948231, -0.00018543553596828133], [0.0005411536549217999, 0.0014743335777893662, 0.00114508590195328, 5.0954640755662695e-05, -0.00037412490928545594, 0.00042072549695149064, -0.0001767037610989064, -0.0006663239328190684, 0.00036873211502097547, -0.00039018853567540646, 0.0003168144030496478, -0.00076670030830428, -0.0007290560752153397], [0.0004327077476773411, 0.00114508590195328, 0.0025607291609048843, 0.0006135586882010102, -0.001380793983116746, -0.000763832766097039, -0.0008176292176358402, 5.7390589063288644e-05, -0.00038621085695922375, 0.0014092745259404182, -0.00032591877970844507, 0.00047566110151819885, -0.00032366628875024617], [4.59364709968213e-05, 5.0954640755662695e-05, 0.0006135586882010102, 0.0036617170553654432, -0.0001926638069562614, -0.002278157277032733, 0.0004685288295149803, 0.000539407308679074, -0.0009471779339946806, -0.0006893136887811124, 7.618632662342861e-05, 0.0024155222345143557, -0.002418662654235959], [-4.633334538084455e-05, -0.00037412490928545594, -0.001380793983116746, -0.0001926638069562614, 0.0047393739223480225, 0.00023634170065633953, 0.0013312422670423985, 7.00751697877422e-05, 0.0007935965550132096, -0.0022152778692543507, -0.0012841431889683008, 0.0008324864902533591, -0.0007658121176064014], [0.00021727285638917238, 0.00042072549695149064, -0.000763832766097039, -0.002278157277032733, 0.00023634170065633953, 0.008806227706372738, -0.0031945351511240005, 0.0010999164078384638, 0.00014642925816588104, -0.001441393280401826, 0.0003010297368746251, -0.0014515668153762817, 0.0015468932688236237], [1.0605190254864283e-05, -0.0001767037610989064, -0.0008176292176358402, 0.0004685288295149803, 0.0013312422670423985, -0.0031945351511240005, 0.009120709262788296, -0.00457212096080184, -0.0022839894518256187, 0.0003657859633676708, -0.001945442403666675, -0.0008826517150737345, 8.569845522288233e-05], [-6.834075611550361e-05, -0.0006663239328190684, 5.7390589063288644e-05, 0.000539407308679074, 7.00751697877422e-05, 0.0010999164078384638, -0.00457212096080184, 0.010079516097903252, -0.00250535411760211, 0.0015380633994936943, 0.0003137588792014867, -0.0021830382756888866, 0.0008515037479810417], [-0.0003494871489237994, 0.00036873211502097547, -0.00038621085695922375, -0.0009471779339946806, 0.0007935965550132096, 0.00014642925816588104, -0.0022839894518256187, -0.00250535411760211, 0.01570817269384861, -0.007030538748949766, -3.376496533746831e-05, 0.0006634557503275573, -0.0010413220152258873], [4.5217744627734646e-05, -0.00039018853567540646, 0.0014092745259404182, -0.0006893136887811124, -0.0022152778692543507, -0.001441393280401826, 0.0003657859633676708, 0.0015380633994936943, -0.007030538748949766, 0.017046386376023293, -0.006708362605422735, 0.0017067643348127604, 0.0014740792103111744], [-5.272323323879391e-05, 0.0003168144030496478, -0.00032591877970844507, 7.618632662342861e-05, -0.0012841431889683008, 0.0003010297368746251, -0.001945442403666675, 0.0003137588792014867, -3.376496533746831e-05, -0.006708362605422735, 0.020417045801877975, -0.008624358102679253, 0.001893771579489112], [-0.0005044642020948231, -0.00076670030830428, 0.00047566110151819885, 0.0024155222345143557, 0.0008324864902533591, -0.0014515668153762817, -0.0008826517150737345, -0.0021830382756888866, 0.0006634557503275573, 0.0017067643348127604, -0.008624358102679253, 0.019386129453778267, -0.007910774089396], [-0.00018543553596828133, -0.0007290560752153397, -0.00032366628875024617, -0.002418662654235959, -0.0007658121176064014, 0.0015468932688236237, 8.569845522288233e-05, 0.0008515037479810417, -0.0010413220152258873, 0.0014740792103111744, 0.001893771579489112, -0.007910774089396, 0.017701027914881706]], "metadata.audio_properties.analysis.downmix": "mix", "metadata.audio_properties.codec": "mp3", "metadata.audio_properties.md5_encoded": "0993327ec1f3633530db3f0af727870e", "metadata.tags.file_name": "1182282016339791923.mp3", "metadata.version.essentia": "2.1-beta6-dev", "metadata.version.essentia_git_sha": "v2.1_beta5-1110-g77a6a954", "metadata.version.extractor": "music 2.0", "tonal.chords_key": "A", "tonal.chords_scale": "major", "tonal.key_edma.key": "F", "tonal.key_edma.scale": "major", "tonal.key_krumhansl.key": "F", "tonal.key_krumhansl.scale": "major", "tonal.key_temperley.key": "D", "tonal.key_temperley.scale": "minor", "metadata.tags.encoding": ["Lavf58.45.100"]}, "essentia_models": [{"model_name": "