{"song_id": "1182279265266450472", "download": "https://cdn.discordapp.com/attachments/1135903449314238464/1182279265266450472/chirp.mp4?ex=65841e5e&amp", "lyrics": "[verse]\n\u0418 \u043d\u0430\u0451\u043c\u043d\u0438\u043a \u0441\u0440\u0430\u0437\u0443 \u0432\u0441\u043f\u043e\u043c\u043d\u0438\u043b \u043c\u043e\u043b\u043e\u0434\u043e\u0435 \u043b\u0438\u0446\u043e,\n\u0412 \u0441\u0442\u0430\u0440\u043e\u0439 \u0431\u0438\u0442\u0432\u0435 \u043f\u0440\u0438\u043d\u044f\u043b \u0432\u044b\u0441\u0442\u0440\u0435\u043b \u043e\u043d \u0437\u0430 \u043d\u0435\u0433\u043e.\n\"\u0412\u043e\u043f\u0440\u0435\u043a\u0438 \u0441\u0443\u0434\u044c\u0431\u0435 \u0442\u044b \u043f\u0435\u0440\u0435\u0436\u0438\u043b \u0442\u043e\u0442 \u0441\u0442\u0440\u0430\u0448\u043d\u044b\u0439 \u0431\u043e\u0439,\n\u041d\u043e \u043e\u0442 \u043d\u0435\u0451 \u043d\u0435 \u0443\u0431\u0435\u0436\u0430\u0442\u044c, \u0438 \u044f \u043f\u0440\u0438\u0448\u0451\u043b \u0437\u0430 \u0442\u043e\u0431\u043e\u0439!\".\n\n[chorus]\n\u0422\u0430\u043c, \u0437\u0430 \u0440\u0435\u043a\u043e\u0439, \u0441\u0442\u0430\u0440\u044b\u0439 \u0441\u043a\u043b\u0435\u043f \n\u0411\u044b\u043b \u043e\u043d \u0437\u0430\u0431\u0440\u043e\u0448\u0435\u043d \u0441\u043e\u0442\u043d\u044e \u043b\u0435\u0442 \n\u041e\u0442\u044b\u0449\u0438 \u043f\u0440\u0438\u044f\u0442\u0435\u043b\u044f \u043c\u043e\u0435\u0433\u043e, \n\u042f \u043d\u0435 \u043f\u043e\u0441\u043a\u0443\u043f\u043b\u044e\u0441\u044c \u0437\u0430 \u043d\u0435\u0433\u043e!\n[violin coda]", "style": ["violin rock"], "essentia_features": {"lowlevel.average_loudness": 0.9829298853874207, "lowlevel.barkbands_crest.mean": 11.411473274230957, "lowlevel.barkbands_crest.stdev": 4.247683525085449, "lowlevel.barkbands_flatness_db.mean": 0.1388235092163086, "lowlevel.barkbands_flatness_db.stdev": 0.047187499701976776, "lowlevel.barkbands_kurtosis.mean": 5.513740062713623, "lowlevel.barkbands_kurtosis.stdev": 9.132546424865723, "lowlevel.barkbands_skewness.mean": 1.8590281009674072, "lowlevel.barkbands_skewness.stdev": 1.6332372426986694, "lowlevel.barkbands_spread.mean": 30.29903793334961, "lowlevel.barkbands_spread.stdev": 19.484697341918945, "lowlevel.dissonance.mean": 0.4806281626224518, "lowlevel.dissonance.stdev": 0.01784271001815796, "lowlevel.dynamic_complexity": 1.9319677352905273, "lowlevel.erbbands_crest.mean": 9.493168830871582, "lowlevel.erbbands_crest.stdev": 4.851395606994629, "lowlevel.erbbands_flatness_db.mean": 0.1475716531276703, "lowlevel.erbbands_flatness_db.stdev": 0.04505215585231781, "lowlevel.erbbands_kurtosis.mean": 0.2722793221473694, "lowlevel.erbbands_kurtosis.stdev": 2.4695351123809814, "lowlevel.erbbands_skewness.mean": -0.2853025496006012, "lowlevel.erbbands_skewness.stdev": 0.9292928576469421, "lowlevel.erbbands_spread.mean": 58.317928314208984, "lowlevel.erbbands_spread.stdev": 31.100421905517578, "lowlevel.hfc.mean": 25.496606826782227, "lowlevel.hfc.stdev": 20.53009033203125, "lowlevel.loudness_ebu128.integrated": -12.083248138427734, "lowlevel.loudness_ebu128.loudness_range": 2.091423988342285, "lowlevel.loudness_ebu128.momentary.mean": -12.251250267028809, "lowlevel.loudness_ebu128.momentary.stdev": 1.2345399856567383, "lowlevel.loudness_ebu128.short_term.mean": -12.069181442260742, "lowlevel.loudness_ebu128.short_term.stdev": 0.6994774341583252, "lowlevel.melbands_crest.mean": 17.497577667236328, "lowlevel.melbands_crest.stdev": 5.263072490692139, "lowlevel.melbands_flatness_db.mean": 0.2062734067440033, "lowlevel.melbands_flatness_db.stdev": 0.06367360055446625, "lowlevel.melbands_kurtosis.mean": 30.85772132873535, "lowlevel.melbands_kurtosis.stdev": 40.61253356933594, "lowlevel.melbands_skewness.mean": 4.147531032562256, "lowlevel.melbands_skewness.stdev": 3.0282769203186035, "lowlevel.melbands_spread.mean": 29.15814971923828, "lowlevel.melbands_spread.stdev": 27.469051361083984, "lowlevel.pitch_salience.mean": 0.48689770698547363, "lowlevel.pitch_salience.stdev": 0.11466807126998901, "lowlevel.silence_rate_20dB.mean": 1.0, "lowlevel.silence_rate_20dB.stdev": 0.0, "lowlevel.silence_rate_30dB.mean": 1.0, "lowlevel.silence_rate_30dB.stdev": 0.0, "lowlevel.silence_rate_60dB.mean": 0.00154440151527524, "lowlevel.silence_rate_60dB.stdev": 0.039268504828214645, "lowlevel.spectral_centroid.mean": 1676.973388671875, "lowlevel.spectral_centroid.stdev": 806.8585815429688, "lowlevel.spectral_complexity.mean": 16.83783721923828, "lowlevel.spectral_complexity.stdev": 10.016045570373535, "lowlevel.spectral_decrease.mean": -6.43164588254308e-09, "lowlevel.spectral_decrease.stdev": 4.100577211119116e-09, "lowlevel.spectral_energy.mean": 0.026587141677737236, "lowlevel.spectral_energy.stdev": 0.01602705381810665, "lowlevel.spectral_energyband_high.mean": 0.0017447674181312323, "lowlevel.spectral_energyband_high.stdev": 0.0027747522108256817, "lowlevel.spectral_energyband_low.mean": 0.010407858528196812, "lowlevel.spectral_energyband_low.stdev": 0.01285073533654213, "lowlevel.spectral_energyband_middle_high.mean": 0.004957469180226326, "lowlevel.spectral_energyband_middle_high.stdev": 0.005279561039060354, "lowlevel.spectral_energyband_middle_low.mean": 0.01194852776825428, "lowlevel.spectral_energyband_middle_low.stdev": 0.009992442093789577, "lowlevel.spectral_entropy.mean": 7.70456600189209, "lowlevel.spectral_entropy.stdev": 0.35164615511894226, "lowlevel.spectral_flux.mean": 0.09434916079044342, "lowlevel.spectral_flux.stdev": 0.05349397286772728, "lowlevel.spectral_kurtosis.mean": 3.4541289806365967, "lowlevel.spectral_kurtosis.stdev": 2.0276713371276855, "lowlevel.spectral_rms.mean": 0.004898007959127426, "lowlevel.spectral_rms.stdev": 0.0013957691844552755, "lowlevel.spectral_rolloff.mean": 1849.7752685546875, "lowlevel.spectral_rolloff.stdev": 1972.3822021484375, "lowlevel.spectral_skewness.mean": 1.2485331296920776, "lowlevel.spectral_skewness.stdev": 0.38926196098327637, "lowlevel.spectral_spread.mean": 5141680.0, "lowlevel.spectral_spread.stdev": 1709231.5, "lowlevel.spectral_strongpeak.mean": 1.0082319974899292, "lowlevel.spectral_strongpeak.stdev": 1.8317406177520752, "lowlevel.zerocrossingrate.mean": 0.07616772502660751, "lowlevel.zerocrossingrate.stdev": 0.04317038878798485, "metadata.audio_properties.analysis.equal_loudness": 0.0, "metadata.audio_properties.analysis.length": 30.03628158569336, "metadata.audio_properties.analysis.sample_rate": 44100.0, "metadata.audio_properties.analysis.start_time": 0.0, "metadata.audio_properties.bit_rate": 121769.0, "metadata.audio_properties.length": 30.03733253479004, "metadata.audio_properties.lossless": 0.0, "metadata.audio_properties.number_channels": 1.0, "metadata.audio_properties.replay_gain": -14.907899856567383, "metadata.audio_properties.sample_rate": 48000.0, "rhythm.beats_count": 57.0, "rhythm.beats_loudness.mean": 0.031843774020671844, "rhythm.beats_loudness.stdev": 0.011181725189089775, "rhythm.bpm": 114.46324920654297, "rhythm.bpm_histogram_first_peak_bpm": 115.0, "rhythm.bpm_histogram_first_peak_weight": 0.5, "rhythm.bpm_histogram_second_peak_bpm": 120.0, "rhythm.bpm_histogram_second_peak_spread": 0.0, "rhythm.bpm_histogram_second_peak_weight": 0.2857142984867096, "rhythm.danceability": 1.5883148908615112, "rhythm.onset_rate": 4.258400917053223, "tonal.chords_changes_rate": 0.0972222238779068, "tonal.chords_number_rate": 0.021604938432574272, "tonal.chords_strength.mean": 0.5116856694221497, "tonal.chords_strength.stdev": 0.10273903608322144, "tonal.hpcp_crest.mean": 11.526330947875977, "tonal.hpcp_crest.stdev": 5.225409984588623, "tonal.hpcp_entropy.mean": 2.352849245071411, "tonal.hpcp_entropy.stdev": 0.7449368834495544, "tonal.key_edma.strength": 0.8092311024665833, "tonal.key_krumhansl.strength": 0.8250057101249695, "tonal.key_temperley.strength": 0.8437355160713196, "tonal.tuning_diatonic_strength": 0.5139336585998535, "tonal.tuning_equal_tempered_deviation": 0.1340545415878296, "tonal.tuning_frequency": 439.2381896972656, "tonal.tuning_nontempered_energy_ratio": 0.8183583617210388, "lowlevel.barkbands.mean": [0.0004061732906848192, 0.00278410199098289, 0.004897743463516235, 0.004689793102443218, 0.0028412712272256613, 0.0008100527920760214, 0.0009899366414174438, 0.0009351008920930326, 0.0015003015287220478, 0.0005015579517930746, 0.0006709001027047634, 0.00041266941116191447, 0.00057559012202546, 0.00021901993022765964, 0.0003067014622502029, 0.0004769012739416212, 0.0006114685093052685, 0.00036432177876122296, 0.0005103574367240071, 0.0009952501859515905, 0.0001845538936322555, 0.0001737381680868566, 0.00025142935919575393, 0.00022418434673454612, 0.00016621114627923816, 8.417855860898271e-05, 3.6359267596708378e-06], "lowlevel.barkbands.stdev": [0.0006151078850962222, 0.006826041731983423, 0.006234475877135992, 0.003803232219070196, 0.006778125651180744, 0.0022997853811830282, 0.0030578544829040766, 0.0028306099120527506, 0.0039451224729418755, 0.0015561411855742335, 0.0019584696274250746, 0.0011811822187155485, 0.0014006337150931358, 0.0006661257357336581, 0.0010870739351958036, 0.0011130468919873238, 0.0008511843043379486, 0.000461082614492625, 0.000594251905567944, 0.0023171058855950832, 0.00023771057021804154, 0.00033757349592633545, 0.0006944205961190164, 0.0006201721262186766, 0.0002947483735624701, 0.0001174780772998929, 1.0344027032260783e-05], "lowlevel.erbbands.mean": [0.08920710533857346, 0.6567313075065613, 4.48221492767334, 11.997751235961914, 13.078693389892578, 9.283842086791992, 4.622431755065918, 7.4128289222717285, 9.263993263244629, 23.227069854736328, 21.74405860900879, 34.413150787353516, 21.319339752197266, 19.229591369628906, 25.139631271362305, 17.85218048095703, 28.156312942504883, 12.887397766113281, 16.227542877197266, 15.35477352142334, 33.12949752807617, 33.867740631103516, 18.47625732421875, 31.89225959777832, 21.317466735839844, 59.23258972167969, 12.702343940734863, 6.689198017120361, 6.360466003417969, 6.294567108154297, 7.111104965209961, 5.578899383544922, 3.2885022163391113, 2.0024890899658203, 1.1052833795547485, 0.48659032583236694, 0.12774473428726196, 0.017614400014281273, 0.00047060297220014036, 4.910845746053383e-05], "lowlevel.erbbands.stdev": [0.23829281330108643, 1.5244064331054688, 5.844447135925293, 9.389678955078125, 14.89272403717041, 27.172637939453125, 11.860403060913086, 23.02448081970215, 32.8166389465332, 69.41024017333984, 63.11897659301758, 93.10535430908203, 54.701229095458984, 52.54018020629883, 76.11893463134766, 47.31049346923828, 67.06047821044922, 34.15776062011719, 58.472164154052734, 41.739540100097656, 64.87724304199219, 44.1363639831543, 21.915645599365234, 38.13489532470703, 24.947322845458984, 152.68109130859375, 16.091716766357422, 9.223578453063965, 12.733229637145996, 13.41238784790039, 20.543184280395508, 17.592227935791016, 8.030754089355469, 3.9617116451263428, 1.8247498273849487, 0.714230477809906, 0.18855519592761993, 0.0337534099817276, 0.0009748482261784375, 3.394877785467543e-05], "lowlevel.gfcc.mean": [7.3865580558776855, 59.42548370361328, -105.65937805175781, 53.516517639160156, -50.39995574951172, 10.843085289001465, -37.65739440917969, 18.100669860839844, -40.1925163269043, -7.470349311828613, -29.246665954589844, -7.607786178588867, -22.234695434570312], "lowlevel.melbands.mean": [0.0007770596421323717, 0.0018767464207485318, 0.0021211057901382446, 0.000815069826785475, 0.0001879899064078927, 0.00016246103041339666, 0.00015790449106134474, 0.00024638729519210756, 0.0001883774239104241, 0.00021536069107241929, 0.00010218608804279938, 7.379628368653357e-05, 9.054915426531807e-05, 4.916538091492839e-05, 5.630192026728764e-05, 5.24157949257642e-05, 2.039926766883582e-05, 2.541096182540059e-05, 2.113911796186585e-05, 2.195401248172857e-05, 4.409603570820764e-05, 3.9461538108298555e-05, 1.8877557522500865e-05, 1.6317486370098777e-05, 2.813282480929047e-05, 1.4675761121907271e-05, 2.1779747839900665e-05, 4.3303043639753014e-05, 6.749089607183123e-06, 4.4385756154952105e-06, 3.6443759654503083e-06, 3.684147486637812e-06, 3.1645856779505266e-06, 3.744724835996749e-06, 4.021087079308927e-06, 4.1243183659389615e-06, 3.1793206289876252e-06, 2.409904027445009e-06, 1.8070953728965833e-06, 1.6528789501535357e-06], "lowlevel.melbands.stdev": [0.0019592095632106066, 0.0025712016504257917, 0.0014504356076940894, 0.001737275393679738, 0.00044348352821543813, 0.00048129880451597273, 0.0005250077228993177, 0.0007250753697007895, 0.0005683921626769006, 0.0005766881513409317, 0.00027586432406678796, 0.00021367943554650992, 0.0002613472461234778, 0.00014315062435343862, 0.00014892466424498707, 0.00012655089085455984, 6.535697320941836e-05, 8.879414235707372e-05, 6.709455919917673e-05, 6.551685510203242e-05, 8.627140778116882e-05, 5.511376730282791e-05, 2.655362186487764e-05, 2.039691389654763e-05, 3.53903160430491e-05, 1.797786717361305e-05, 4.0944218199001625e-05, 0.00011724927753675729, 8.223525583161972e-06, 6.160567863844335e-06, 5.39548136657686e-06, 7.152372745622415e-06, 6.90653496349114e-06, 9.006158506963402e-06, 1.1256021934968885e-05, 1.4109972653386649e-05, 9.888944077829365e-06, 6.1312030084081925e-06, 3.998184638476232e-06, 3.1954696169123054e-06], "lowlevel.melbands128.mean": [0.00023590547789353877, 0.0007387431687675416, 0.000931005401071161, 0.000992031884379685, 0.0018931403756141663, 0.0025201523676514626, 0.00252484530210495, 0.0022609499283134937, 0.0011316421441733837, 0.0009077700669877231, 0.00046093238051980734, 0.00016857513401191682, 0.00011864092812174931, 0.00018891223589889705, 0.00018632985302247107, 0.0001380761677864939, 0.00011671869287965819, 0.00013689836487174034, 0.0002239770838059485, 0.0003291721222922206, 0.0002084447187371552, 0.00015189296391326934, 0.00016953764134086668, 0.00024684061645530164, 0.00024119776207953691, 0.000216273867408745, 0.00013931735884398222, 8.773887384450063e-05, 6.957866571610793e-05, 6.258440407691523e-05, 6.938564183656126e-05, 0.00010740579455159605, 9.587813838152215e-05, 8.582757436670363e-05, 4.843280839850195e-05, 3.957982698921114e-05, 4.378762241685763e-05, 4.931278817821294e-05, 6.318893429124728e-05, 8.863467519404367e-05, 3.8186270103324205e-05, 2.672164009709377e-05, 1.70835464814445e-05, 1.884810990304686e-05, 2.2110451027401723e-05, 2.642521030793432e-05, 3.236437260056846e-05, 1.685742972767912e-05, 2.0014544134028256e-05, 1.8999560779775493e-05, 1.859444637375418e-05, 2.8492624551290646e-05, 4.149685992160812e-05, 5.04376512253657e-05, 5.0535676564322785e-05, 4.2309271520935e-05, 2.8050215405528434e-05, 1.8864451703848317e-05, 1.806657382985577e-05, 1.2300190974201541e-05, 1.2846502613683697e-05, 1.9964905732194893e-05, 3.257754724472761e-05, 3.034816836589016e-05, 2.180752926506102e-05, 1.468626123823924e-05, 9.947846592694987e-06, 9.841944120125845e-06, 1.7662576283328235e-05, 4.2699768528109416e-05, 7.850288966437802e-05, 1.7282474800595082e-05, 7.942562660900876e-06, 5.573035195993725e-06, 4.9596401368035e-06, 5.040850737714209e-06, 3.88141143048415e-06, 3.384252295290935e-06, 3.6542146517604124e-06, 3.82801954401657e-06, 3.842951173282927e-06, 3.656122771644732e-06, 3.306858616269892e-06, 3.164439249303541e-06, 2.8633671718125697e-06, 3.316993115731748e-06, 4.245522632118082e-06, 4.380757673061453e-06, 3.5273872072139056e-06, 4.171069576841546e-06, 4.6040113375056535e-06, 4.105828793399269e-06, 3.3762582916097017e-06, 3.3144829103548545e-06, 2.961678774227039e-06, 2.5430397272430127e-06, 2.3299660369957564e-06, 2.1502671643247595e-06, 1.741303208291356e-06, 1.6360100971724023e-06, 1.8108813719663885e-06, 1.509223693574313e-06, 1.739565504976781e-06, 1.457482994737802e-06, 1.2192668918942218e-06, 1.0225882078884752e-06, 1.0563028354226844e-06, 9.90210992313223e-07, 8.136324254337524e-07, 7.661037102479895e-07, 6.325122399175598e-07, 4.334835921326885e-07, 3.64564527899347e-07, 3.0857367505632283e-07, 2.3236019330852287e-07, 1.7303680976965552e-07, 1.1698537605298043e-07, 3.722127672745046e-08, 4.540587017487496e-09, 5.720293162758683e-12, 4.494682404043715e-12, 4.308660633139949e-12, 4.419217596030034e-12, 4.025207250846208e-12, 3.7892549341334014e-12, 3.4890478093491106e-12, 3.0905035475203846e-12, 3.0205952756406917e-12], "lowlevel.melbands128.stdev": [0.000511365884449333, 0.0020589386112987995, 0.002751910127699375, 0.0025031177792698145, 0.002876091515645385, 0.0032261041924357414, 0.002272962359711528, 0.002068055560812354, 0.001437141327187419, 0.00283868913538754, 0.0015503080794587731, 0.0005489549366757274, 0.00042972486699, 0.0006535426364280283, 0.0006999918259680271, 0.0005844647530466318, 0.0004925061948597431, 0.0007610365282744169, 0.0008152684313245118, 0.0011432867031544447, 0.0007752279052510858, 0.0006166440434753895, 0.0006851377547718585, 0.001018899492919445, 0.0008128610206767917, 0.000811278005130589, 0.0004319885338190943, 0.0003249980800319463, 0.0002811964077409357, 0.00027589485398493707, 0.000265658920397982, 0.0003954373823944479, 0.0003155716694891453, 0.0004229766200296581, 0.0001792109542293474, 0.00013649370521306992, 0.00017317692982032895, 0.0001937052875291556, 0.00018304742116015404, 0.0002511917264200747, 0.00012177348253317177, 9.610668348614126e-05, 7.793906115693972e-05, 9.040343866217881e-05, 7.60053881094791e-05, 0.00010936205217149109, 0.0002045318396994844, 6.20366699877195e-05, 7.994490442797542e-05, 7.89402038208209e-05, 7.071714207995683e-05, 0.0001320998853771016, 0.00011116610403405502, 0.0001241052377736196, 9.985771612264216e-05, 7.325891783693805e-05, 4.8468238674104214e-05, 3.413464582990855e-05, 3.850434586638585e-05, 1.7704011042951606e-05, 2.1342151740100235e-05, 3.291473331046291e-05, 4.869059193879366e-05, 4.5953762310091406e-05, 3.477377686067484e-05, 2.2029511455912143e-05, 1.2303005860303529e-05, 1.513440474809613e-05, 3.525571446516551e-05, 0.00010730376379797235, 0.00026061476091854274, 3.501755418255925e-05, 1.1274977623543236e-05, 7.492637905670563e-06, 7.133471171982819e-06, 8.3099785115337e-06, 5.864495506102685e-06, 5.2498289733193815e-06, 5.87256226936006e-06, 6.989081157371402e-06, 7.111968898243504e-06, 8.823619282338768e-06, 9.438371307624038e-06, 7.360627023444977e-06, 5.600735676125623e-06, 6.927375579834916e-06, 1.2491747838794254e-05, 1.3757849956164137e-05, 8.926170266931877e-06, 1.4081423614697997e-05, 1.6484940715599805e-05, 1.4830404325039126e-05, 1.2470167348510586e-05, 1.1115781489934307e-05, 9.185342605633195e-06, 6.564624982274836e-06, 6.541990387631813e-06, 5.228069312579464e-06, 4.318128048907965e-06, 3.6748765523952898e-06, 3.935633685614448e-06, 2.9324980914680054e-06, 3.5531791127141332e-06, 2.907412181230029e-06, 2.2319866275211098e-06, 1.6088123402369092e-06, 1.601097665115958e-06, 1.5681480363127775e-06, 1.3111307453073096e-06, 1.2595007774507394e-06, 1.054369363373553e-06, 7.069534149195533e-07, 6.290338205872104e-07, 6.087801693865913e-07, 4.845285275223432e-07, 3.6616327747651667e-07, 3.045582275262859e-07, 1.506775504367397e-07, 3.97814794439455e-08, 2.8978678831559357e-11, 1.749978634224547e-11, 1.5520819005021558e-11, 2.037646093522305e-11, 1.3317046250460596e-11, 1.1152781823065006e-11, 9.746787578424065e-12, 4.5533724360447e-12, 4.42259987312732e-12], "lowlevel.mfcc.mean": [-638.4588623046875, 88.64291381835938, 5.029762268066406, 43.001312255859375, 10.736883163452148, -0.6065024137496948, 11.375916481018066, 11.594911575317383, 1.332902193069458, -1.3305208683013916, -5.147650241851807, -2.9353184700012207, -4.909476280212402], "lowlevel.spectral_contrast_coeffs.mean": [-0.6162396669387817, -0.7767283320426941, -0.7995615601539612, -0.7988837361335754, -0.7818827033042908, -0.7616192102432251], "lowlevel.spectral_contrast_coeffs.stdev": [0.07404474914073944, 0.08743612468242645, 0.06600649654865265, 0.05904967337846756, 0.04817337915301323, 0.03887814283370972], "lowlevel.spectral_contrast_valleys.mean": [-7.082286834716797, -7.149932861328125, -7.538301467895508, -7.750797271728516, -7.017402648925781, -9.894887924194336], "lowlevel.spectral_contrast_valleys.stdev": [0.6418525576591492, 0.7286967635154724, 0.684455394744873, 0.5900974869728088, 0.43618229031562805, 1.0479016304016113], "rhythm.beats_loudness_band_ratio.mean": [0.5497614145278931, 0.16237863898277283, 0.11791375279426575, 0.07585747539997101, 0.06517916172742844, 0.08260844647884369], "rhythm.beats_loudness_band_ratio.stdev": [0.2551354765892029, 0.19222486019134521, 0.13735269010066986, 0.10124163329601288, 0.08860047906637192, 0.06326985359191895], "tonal.hpcp.mean": [0.28770801424980164, 0.17727860808372498, 0.05340602621436119, 0.04895700514316559, 0.05890364572405815, 0.09643017500638962, 0.1605764925479889, 0.15665048360824585, 0.12994052469730377, 0.12924350798130035, 0.08470126986503601, 0.043834321200847626, 0.04259463772177696, 0.053734809160232544, 0.06863288581371307, 0.18313869833946228, 0.18741390109062195, 0.07121504098176956, 0.059322573244571686, 0.06603293120861053, 0.14500519633293152, 0.30559664964675903, 0.25864556431770325, 0.12199419736862183, 0.11488860100507736, 0.08641143143177032, 0.05350848287343979, 0.054387062788009644, 0.05578328296542168, 0.0816536620259285, 0.12076219171285629, 0.09498065710067749, 0.05906137824058533, 0.0664544552564621, 0.09465813636779785, 0.19751916825771332], "tonal.hpcp.stdev": [0.38699185848236084, 0.27764004468917847, 0.15309226512908936, 0.1476181596517563, 0.16505815088748932, 0.2005620002746582, 0.28715017437934875, 0.27496030926704407, 0.253717839717865, 0.27254822850227356, 0.1960996389389038, 0.12466456741094589, 0.09876726567745209, 0.12441103905439377, 0.13985246419906616, 0.32137176394462585, 0.3200625777244568, 0.15081651508808136, 0.14647363126277924, 0.16375353932380676, 0.21944373846054077, 0.3788948357105255, 0.3071131706237793, 0.20676876604557037, 0.2672045826911926, 0.19760528206825256, 0.13886286318302155, 0.14439170062541962, 0.14401814341545105, 0.15406420826911926, 0.20711663365364075, 0.16297407448291779, 0.1341911405324936, 0.1489112824201584, 0.2008744329214096, 0.2834314703941345], "rhythm.beats_position": [0.54566890001297, 1.09133780002594, 1.6486167907714844, 2.2058956623077393, 2.763174533843994, 3.2972335815429688, 3.8312923908233643, 4.36535120010376, 4.899410247802734, 5.433469295501709, 5.967528343200684, 6.501587390899658, 7.035645961761475, 7.5580949783325195, 8.080544471740723, 8.614603042602539, 9.137051582336426, 9.659501075744629, 10.181949615478516, 10.704399108886719, 11.215237617492676, 11.72607707977295, 12.260135650634766, 12.782585144042969, 13.305033683776855, 13.827483177185059, 14.349931716918945, 14.883990287780762, 15.406439781188965, 15.928888320922852, 16.451337814331055, 16.973787307739258, 17.4846248626709, 18.0070743560791, 18.529523849487305, 19.040363311767578, 19.56281089782715, 20.08526039123535, 20.584489822387695, 21.08371925354004, 21.59455680847168, 22.105396270751953, 22.604625701904297, 23.10385513305664, 23.60308265686035, 24.102312088012695, 24.61315155029297, 25.112380981445312, 25.611610412597656, 26.110837936401367, 26.61006736755371, 27.109296798706055, 27.6085262298584, 28.10775375366211, 28.606983184814453, 29.106212615966797, 29.60544204711914], "rhythm.bpm_histogram": [0.0, 0.0, 0.0, 0.0, 0.0, 0.0, 0.0, 0.0, 0.0, 0.0, 0.0, 0.0, 0.0, 0.0, 0.0, 0.0, 0.0, 0.0, 0.0, 0.0, 0.0, 0.0, 0.0, 0.0, 0.0, 0.0, 0.0, 0.0, 0.0, 0.0, 0.0, 0.0, 0.0, 0.0, 0.0, 0.0, 0.0, 0.0, 0.0, 0.0, 0.0, 0.0, 0.0, 0.0, 0.0, 0.0, 0.0, 0.0, 0.0, 0.0, 0.0, 0.0, 0.0, 0.0, 0.0, 0.0, 0.0, 0.0, 0.0, 0.0, 0.0, 0.0, 0.0, 0.0, 0.0, 0.0, 0.0, 0.0, 0.0, 0.0, 0.0, 0.0, 0.0, 0.0, 0.0, 0.0, 0.0, 0.0, 0.0, 0.0, 0.0, 0.0, 0.0, 0.0, 0.0, 0.0, 0.0, 0.0, 0.0, 0.0, 0.0, 0.0, 0.0, 0.0, 0.0, 0.0, 0.0, 0.0, 0.0, 0.0, 0.0, 0.0, 0.0, 0.0, 0.0, 0.0, 0.0, 0.0, 0.0535714291036129, 0.0, 0.01785714365541935, 0.0, 0.1964285671710968, 0.0, 0.0, 0.3214285671710968, 0.0, 0.125, 0.0, 0.0, 0.2857142984867096, 0.0, 0.0, 0.0, 0.0, 0.0, 0.0, 0.0, 0.0, 0.0, 0.0, 0.0, 0.0, 0.0, 0.0, 0.0, 0.0, 0.0, 0.0, 0.0, 0.0, 0.0, 0.0, 0.0, 0.0, 0.0, 0.0, 0.0, 0.0, 0.0, 0.0, 0.0, 0.0, 0.0, 0.0, 0.0, 0.0, 0.0, 0.0, 0.0, 0.0, 0.0, 0.0, 0.0, 0.0, 0.0, 0.0, 0.0, 0.0, 0.0, 0.0, 0.0, 0.0, 0.0, 0.0, 0.0, 0.0, 0.0, 0.0, 0.0, 0.0, 0.0, 0.0, 0.0, 0.0, 0.0, 0.0, 0.0, 0.0, 0.0, 0.0, 0.0, 0.0, 0.0, 0.0, 0.0, 0.0, 0.0, 0.0, 0.0, 0.0, 0.0, 0.0, 0.0, 0.0, 0.0, 0.0, 0.0, 0.0, 0.0, 0.0, 0.0, 0.0, 0.0, 0.0, 0.0, 0.0, 0.0, 0.0, 0.0, 0.0, 0.0, 0.0, 0.0, 0.0, 0.0, 0.0, 0.0, 0.0, 0.0, 0.0, 0.0, 0.0, 0.0, 0.0, 0.0, 0.0, 0.0, 0.0, 0.0, 0.0, 0.0, 0.0, 0.0, 0.0, 0.0, 0.0, 0.0, 0.0, 0.0], "tonal.chords_histogram": [8.487654685974121, 8.024691581726074, 9.413579940795898, 16.820987701416016, 0.0, 3.5493826866149902, 0.0, 18.518518447875977, 3.2407407760620117, 4.166666507720947, 6.481481552124023, 0.0, 0.0, 0.0, 0.0, 0.0, 2.160493850708008, 0.0, 5.246913433074951, 0.0, 2.0061728954315186, 0.6172839403152466, 7.870370388031006, 3.395061731338501], "tonal.thpcp": [1.0, 0.8463625907897949, 0.39920005202293396, 0.3759484887123108, 0.2827630341053009, 0.17509512603282928, 0.17797008156776428, 0.1825389266014099, 0.2671942412853241, 0.39516857266426086, 0.31080397963523865, 0.19326579570770264, 0.2174580693244934, 0.3097486197948456, 0.6463394165039062, 0.9414632320404053, 0.5801064968109131, 0.1747598499059677, 0.16020138561725616, 0.19274964928627014, 0.31554722785949707, 0.5254523754119873, 0.5126053690910339, 0.42520272731781006, 0.4229218661785126, 0.27716687321662903, 0.14343848824501038, 0.13938188552856445, 0.1758357286453247, 0.22458651661872864, 0.599282443523407, 0.6132721304893494, 0.233036071062088, 0.19412049651145935, 0.2160787135362625, 0.4744986593723297], "lowlevel.gfcc.cov": [[2721.54296875, -697.4691772460938, 2.561180830001831, -399.0354309082031, -416.56939697265625, 275.4006042480469, -237.18099975585938, 207.69525146484375, 130.05752563476562, 260.335693359375, 103.09662628173828, 162.12954711914062, -122.88107299804688], [-697.4691772460938, 1250.3475341796875, -551.608154296875, -127.52793884277344, 75.06409454345703, -346.1440124511719, 135.81680297851562, -100.31770324707031, 107.18438720703125, -157.50958251953125, 58.30855941772461, -118.30770874023438, 112.18830871582031], [2.561180830001831, -551.608154296875, 886.0719604492188, 273.6625671386719, 116.84451293945312, 180.99363708496094, 20.693096160888672, 75.77664947509766, -69.51870727539062, 41.77614212036133, -92.96076965332031, 122.43118286132812, -16.831281661987305], [-399.0354309082031, -127.52793884277344, 273.6625671386719, 530.223876953125, 166.63697814941406, 31.816503524780273, 10.342117309570312, -95.29027557373047, -6.328927040100098, 15.852692604064941, 12.896499633789062, -25.092985153198242, 55.15073776245117], [-416.56939697265625, 75.06409454345703, 116.84451293945312, 166.63697814941406, 431.7538757324219, -11.812882423400879, 109.58767700195312, -10.936602592468262, -3.8126845359802246, 65.51592254638672, -21.218000411987305, -20.67825698852539, 21.941722869873047], [275.4006042480469, -346.1440124511719, 180.99363708496094, 31.816503524780273, -11.812882423400879, 285.21844482421875, 94.2002182006836, 48.27734375, -62.42807388305664, 19.466150283813477, -1.0821797847747803, 34.28351593017578, -31.601287841796875], [-237.18099975585938, 135.81680297851562, 20.693096160888672, 10.342117309570312, 109.58767700195312, 94.2002182006836, 370.4924621582031, 69.22305297851562, -91.92489624023438, -51.00468063354492, 3.4945461750030518, 2.1150920391082764, 10.876395225524902], [207.69525146484375, -100.31770324707031, 75.77664947509766, -95.29027557373047, -10.936602592468262, 48.27734375, 69.22305297851562, 181.27642822265625, 45.8754768371582, 35.64585876464844, -5.588594913482666, 33.18193054199219, -28.441946029663086], [130.05752563476562, 107.18438720703125, -69.51870727539062, -6.328927040100098, -3.8126845359802246, -62.42807388305664, -91.92489624023438, 45.8754768371582, 194.30615234375, 73.6705551147461, 22.401350021362305, -18.192777633666992, -0.6276323795318604], [260.335693359375, -157.50958251953125, 41.77614212036133, 15.852692604064941, 65.51592254638672, 19.466150283813477, -51.00468063354492, 35.64585876464844, 73.6705551147461, 203.07382202148438, 51.46076965332031, 11.534160614013672, -29.885517120361328], [103.09662628173828, 58.30855941772461, -92.96076965332031, 12.896499633789062, -21.218000411987305, -1.0821797847747803, 3.4945461750030518, -5.588594913482666, 22.401350021362305, 51.46076965332031, 107.4619369506836, 8.704069137573242, 7.75850772857666], [162.12954711914062, -118.30770874023438, 122.43118286132812, -25.092985153198242, -20.67825698852539, 34.28351593017578, 2.1150920391082764, 33.18193054199219, -18.192777633666992, 11.534160614013672, 8.704069137573242, 111.03319549560547, 17.491472244262695], [-122.88107299804688, 112.18830871582031, -16.831281661987305, 55.15073776245117, 21.941722869873047, -31.601287841796875, 10.876395225524902, -28.441946029663086, -0.6276323795318604, -29.885517120361328, 7.75850772857666, 17.491472244262695, 76.31548309326172]], "lowlevel.gfcc.icov": [[0.0007892740541137755, 0.00010158202348975465, 0.00014802183432038873, 0.0003365670272614807, 0.0005007798317819834, -0.0007262458675540984, 0.000374863448087126, -0.0002849477168638259, -0.00027146455249749124, -0.0007107025012373924, -0.0002200930321123451, -0.0007230244227685034, 0.00021416833624243736], [0.00010158202348975465, 0.0037470448296517134, -6.49647627142258e-05, 0.0019490800332278013, -0.0007853811257518828, 0.0031157447956502438, -0.002768430160358548, 0.0025134312454611063, -0.0035634248051792383, 0.0029103457927703857, -0.0029463788960129023, 0.002375659067183733, -0.003054960398003459], [0.00014802183432038873, -6.49647627142258e-05, 0.002983233192935586, -0.002036042744293809, -7.996270869625732e-05, -0.0009573689894750714, 0.0006535014836117625, -0.001622366369701922, 0.0009538844460621476, -0.0007811430841684341, 0.002932284725829959, -0.0035270070657134056, 0.0016041819471865892], [0.0003365670272614807, 0.0019490800332278013, -0.002036042744293809, 0.005227277521044016, -0.0010420560138300061, 0.000910585280507803, -0.0014689869713038206, 0.003476346144452691, -0.0028915966395288706, 0.0015426110476255417, -0.0038774237036705017, 0.003869871376082301, -0.004280809313058853], [0.0005007798317819834, -0.0007853811257518828, -7.996270869625732e-05, -0.0010420560138300061, 0.004179816227406263, -0.0003651558654382825, -0.0007836200529709458, -0.00023035838967189193, 0.0006829050835222006, -0.0034742809366434813, 0.0024027698673307896, -0.0004354971169959754, -0.00013019508332945406], [-0.0007262458675540984, 0.0031157447956502438, -0.0009573689894750714, 0.000910585280507803, -0.0003651558654382825, 0.008589482866227627, -0.00403304398059845, 0.0019347094930708408, -0.001539660501293838, 0.0023552828934043646, -0.0026043003890663385, 0.00228672637604177, -0.0010109702125191689], [0.000374863448087126, -0.002768430160358548, 0.0006535014836117625, -0.0014689869713038206, -0.0007836200529709458, -0.00403304398059845, 0.007319786585867405, -0.005417400039732456, 0.005066689103841782, -0.0009405798045918345, 0.0005751292337663472, -0.0012901421869173646, 0.0012826889287680387], [-0.0002849477168638259, 0.0025134312454611063, -0.001622366369701922, 0.003476346144452691, -0.00023035838967189193, 0.0019347094930708408, -0.005417400039732456, 0.012681118212640285, -0.00702695781365037, 0.0015790954930707812, -0.0014046744909137487, 0.00013437654706649482, 1.4398796338355169e-05], [-0.00027146455249749124, -0.0035634248051792383, 0.0009538844460621476, -0.0028915966395288706, 0.0006829050835222006, -0.001539660501293838, 0.005066689103841782, -0.00702695781365037, 0.012729544192552567, -0.005130438599735498, 0.002718826290220022, -0.0002195906126871705, 0.0007960256189107895], [-0.0007107025012373924, 0.0029103457927703857, -0.0007811430841684341, 0.0015426110476255417, -0.0034742809366434813, 0.0023552828934043646, -0.0009405798045918345, 0.0015790954930707812, -0.005130438599735498, 0.012297519482672215, -0.007352515123784542, 0.0018064221367239952, 0.0010939741041511297], [-0.0002200930321123451, -0.0029463788960129023, 0.002932284725829959, -0.0038774237036705017, 0.0024027698673307896, -0.0026043003890663385, 0.0005751292337663472, -0.0014046744909137487, 0.002718826290220022, -0.007352515123784542, 0.017768554389476776, -0.00571837555617094, 0.0016983679961413145], [-0.0007230244227685034, 0.002375659067183733, -0.0035270070657134056, 0.003869871376082301, -0.0004354971169959754, 0.00228672637604177, -0.0012901421869173646, 0.00013437654706649482, -0.0002195906126871705, 0.0018064221367239952, -0.00571837555617094, 0.018328877165913582, -0.009839017875492573], [0.00021416833624243736, -0.003054960398003459, 0.0016041819471865892, -0.004280809313058853, -0.00013019508332945406, -0.0010109702125191689, 0.0012826889287680387, 1.4398796338355169e-05, 0.0007960256189107895, 0.0010939741041511297, 0.0016983679961413145, -0.009839017875492573, 0.023345476016402245]], "lowlevel.mfcc.cov": [[2775.931884765625, -479.66937255859375, 74.46725463867188, -685.24169921875, -150.4317169189453, -171.1509552001953, -265.24981689453125, -59.744789123535156, -139.29788208007812, 100.949951171875, 136.8839569091797, 130.5322265625, 125.77714538574219], [-479.66937255859375, 1115.891845703125, -538.868408203125, 65.22425079345703, -162.49533081054688, -159.19775390625, -40.15164566040039, -0.9541357159614563, 55.07631301879883, -60.56829071044922, 18.350191116333008, -10.142736434936523, -29.007728576660156], [74.46725463867188, -538.868408203125, 699.2474975585938, 28.96651268005371, 76.08432006835938, 81.751708984375, 38.22471237182617, 77.33763885498047, 10.991415023803711, -9.785211563110352, -42.34089279174805, -19.93047523498535, -13.596664428710938], [-685.24169921875, 65.22425079345703, 28.96651268005371, 504.00897216796875, 164.58726501464844, 111.71278381347656, 49.460208892822266, -44.158424377441406, 47.351104736328125, 1.4828914403915405, -47.78042984008789, -23.400827407836914, 20.28267478942871], [-150.4317169189453, -162.49533081054688, 76.08432006835938, 164.58726501464844, 312.1142272949219, 85.78728485107422, -64.73001861572266, -84.01905059814453, 11.515920639038086, 52.123287200927734, 4.8102030754089355, -11.52668285369873, 23.175954818725586], [-171.1509552001953, -159.19775390625, 81.751708984375, 111.71278381347656, 85.78728485107422, 228.97300720214844, 129.3132781982422, -0.9860365390777588, 10.994829177856445, 6.409543514251709, -10.106042861938477, -2.6462857723236084, -16.668933868408203], [-265.24981689453125, -40.15164566040039, 38.22471237182617, 49.460208892822266, -64.73001861572266, 129.3132781982422, 359.91668701171875, 133.0653533935547, 48.18274688720703, -15.630634307861328, -14.384368896484375, 30.910280227661133, -9.797637939453125], [-59.744789123535156, -0.9541357159614563, 77.33763885498047, -44.158424377441406, -84.01905059814453, -0.9860365390777588, 133.0653533935547, 189.61355590820312, 61.82969284057617, -28.98575210571289, -16.069143295288086, -7.687195301055908, -30.973033905029297], [-139.29788208007812, 55.07631301879883, 10.991415023803711, 47.351104736328125, 11.515920639038086, 10.994829177856445, 48.18274688720703, 61.82969284057617, 118.10301208496094, 35.10502624511719, 22.554824829101562, -4.589688777923584, -10.942931175231934], [100.949951171875, -60.56829071044922, -9.785211563110352, 1.4828914403915405, 52.123287200927734, 6.409543514251709, -15.630634307861328, -28.98575210571289, 35.10502624511719, 123.1572265625, 59.40541076660156, 34.37065887451172, 25.756046295166016], [136.8839569091797, 18.350191116333008, -42.34089279174805, -47.78042984008789, 4.8102030754089355, -10.106042861938477, -14.384368896484375, -16.069143295288086, 22.554824829101562, 59.40541076660156, 101.7308120727539, 52.352149963378906, 23.53973960876465], [130.5322265625, -10.142736434936523, -19.93047523498535, -23.400827407836914, -11.52668285369873, -2.6462857723236084, 30.910280227661133, -7.687195301055908, -4.589688777923584, 34.37065887451172, 52.352149963378906, 104.4024429321289, 58.24214553833008], [125.77714538574219, -29.007728576660156, -13.596664428710938, 20.28267478942871, 23.175954818725586, -16.668933868408203, -9.797637939453125, -30.973033905029297, -10.942931175231934, 25.756046295166016, 23.53973960876465, 58.24214553833008, 100.78199005126953]], "lowlevel.mfcc.icov": [[0.0007552396273240447, 0.0002695303119253367, 2.5961324354284443e-05, 0.0008414468029513955, 0.00027579738525673747, -0.0001744535838952288, 0.0005685961805284023, -0.0001783111656550318, 0.00033392987097613513, -0.00032861463841982186, -0.0002385783736826852, -0.00016139863873831928, -0.0008533739601261914], [0.0002695303119253367, 0.002127071376889944, 0.0013962164521217346, -0.00046589726116508245, 0.0007684415322728455, 0.0009588866960257292, 0.0003351560444571078, 0.0001400821201968938, -0.0012191282585263252, 0.0013124172110110521, -0.0006724261911585927, -0.00039329257560893893, 0.0005320640630088747], [2.5961324354284443e-05, 0.0013962164521217346, 0.0026681942399591208, -0.00038587264134548604, -6.0282422055024654e-05, -2.1422343706944957e-05, 0.0005512511124834418, -0.0012085142079740763, -0.0005532154464162886, 0.0007095602340996265, 0.0003456870326772332, -0.0003889977524522692, 0.00040225277189165354], [0.0008414468029513955, -0.00046589726116508245, -0.00038587264134548604, 0.004364743363112211, -0.0011592366499826312, -0.0012800864642485976, 3.81508725695312e-05, 0.0010790482629090548, -0.0013465420342981815, -0.00025205002748407423, 0.0018835405353456736, 7.003828068263829e-05, -0.0022867305669933558], [0.00027579738525673747, 0.0007684415322728455, -6.0282422055024654e-05, -0.0011592366499826312, 0.005927715916186571, -0.001859400887042284, 0.0016943622613325715, 0.0011614225804805756, -0.0008855541236698627, -0.001350595848634839, -0.0003159094194415957, 0.00091164605692029, -0.0012509279185906053], [-0.0001744535838952288, 0.0009588866960257292, -2.1422343706944957e-05, -0.0012800864642485976, -0.001859400887042284, 0.008675973862409592, -0.004038159269839525, 0.0022907000966370106, -0.00012909041834063828, 0.0008851939928717911, -0.0009426210890524089, -6.554293213412166e-05, 0.0029402330983430147], [0.0005685961805284023, 0.0003351560444571078, 0.0005512511124834418, 3.81508725695312e-05, 0.0016943622613325715, -0.004038159269839525, 0.0067425258457660675, -0.0042062727734446526, -0.00015202438225969672, -0.0004679886042140424, 0.001144471694715321, -0.0027603069320321083, -0.0008102420251816511], [-0.0001783111656550318, 0.0001400821201968938, -0.0012085142079740763, 0.0010790482629090548, 0.0011614225804805756, 0.0022907000966370106, -0.0042062727734446526, 0.012451950460672379, -0.006669847760349512, 0.0028683238197118044, 0.0013074647868052125, -0.00032062799436971545, 0.0018350013997405767], [0.00033392987097613513, -0.0012191282585263252, -0.0005532154464162886, -0.0013465420342981815, -0.0008855541236698627, -0.00012909041834063828, -0.00015202438225969672, -0.006669847760349512, 0.016234559938311577, -0.005641793366521597, -0.004053328186273575, 0.0031964872032403946, -0.00014953495701774955], [-0.00032861463841982186, 0.0013124172110110521, 0.0007095602340996265, -0.00025205002748407423, -0.001350595848634839, 0.0008851939928717911, -0.0004679886042140424, 0.0028683238197118044, -0.005641793366521597, 0.01509693544358015, -0.005923416465520859, -0.0013691389467567205, -6.869687786092982e-05], [-0.0002385783736826852, -0.0006724261911585927, 0.0003456870326772332, 0.0018835405353456736, -0.0003159094194415957, -0.0009426210890524089, 0.001144471694715321, 0.0013074647868052125, -0.004053328186273575, -0.005923416465520859, 0.02010071463882923, -0.0088252117857337, 0.0016804548213258386], [-0.00016139863873831928, -0.00039329257560893893, -0.0003889977524522692, 7.003828068263829e-05, 0.00091164605692029, -6.554293213412166e-05, -0.0027603069320321083, -0.00032062799436971545, 0.0031964872032403946, -0.00136913894675672