{"song_id": "1182274063645823046", "download": "https://cdn.discordapp.com/attachments/1128313332273782784/1182274063645823046/chirp.mp4?ex=65841986&amp", "lyrics": "Ey\u00fcpten ba\u015fkas\u0131na basmam da basmam basmam da basmam", "style": ["American rap"], "essentia_features": {"lowlevel.average_loudness": 0.8393093943595886, "lowlevel.barkbands_crest.mean": 9.222528457641602, "lowlevel.barkbands_crest.stdev": 3.670130491256714, "lowlevel.barkbands_flatness_db.mean": 0.13758982717990875, "lowlevel.barkbands_flatness_db.stdev": 0.0791160985827446, "lowlevel.barkbands_kurtosis.mean": 5.470963478088379, "lowlevel.barkbands_kurtosis.stdev": 13.415792465209961, "lowlevel.barkbands_skewness.mean": 1.1022024154663086, "lowlevel.barkbands_skewness.stdev": 1.8092952966690063, "lowlevel.barkbands_spread.mean": 24.258943557739258, "lowlevel.barkbands_spread.stdev": 14.765220642089844, "lowlevel.dissonance.mean": 0.48410481214523315, "lowlevel.dissonance.stdev": 0.015410314314067364, "lowlevel.dynamic_complexity": 18.976024627685547, "lowlevel.erbbands_crest.mean": 7.739596843719482, "lowlevel.erbbands_crest.stdev": 3.4329891204833984, "lowlevel.erbbands_flatness_db.mean": 0.16721729934215546, "lowlevel.erbbands_flatness_db.stdev": 0.07844403386116028, "lowlevel.erbbands_kurtosis.mean": 0.6000328063964844, "lowlevel.erbbands_kurtosis.stdev": 2.790736436843872, "lowlevel.erbbands_skewness.mean": 0.07900290191173553, "lowlevel.erbbands_skewness.stdev": 0.9157765507698059, "lowlevel.erbbands_spread.mean": 41.673213958740234, "lowlevel.erbbands_spread.stdev": 17.885648727416992, "lowlevel.hfc.mean": 19.23540687561035, "lowlevel.hfc.stdev": 52.093753814697266, "lowlevel.loudness_ebu128.integrated": -27.261032104492188, "lowlevel.loudness_ebu128.loudness_range": 4.907421112060547, "lowlevel.loudness_ebu128.momentary.mean": -43.55658721923828, "lowlevel.loudness_ebu128.momentary.stdev": 18.286359786987305, "lowlevel.loudness_ebu128.short_term.mean": -29.678030014038086, "lowlevel.loudness_ebu128.short_term.stdev": 2.227107524871826, "lowlevel.melbands_crest.mean": 11.74962329864502, "lowlevel.melbands_crest.stdev": 4.973794460296631, "lowlevel.melbands_flatness_db.mean": 0.15877333283424377, "lowlevel.melbands_flatness_db.stdev": 0.07431336492300034, "lowlevel.melbands_kurtosis.mean": 13.989323616027832, "lowlevel.melbands_kurtosis.stdev": 27.923250198364258, "lowlevel.melbands_skewness.mean": 2.269660711288452, "lowlevel.melbands_skewness.stdev": 2.1195218563079834, "lowlevel.melbands_spread.mean": 39.42818832397461, "lowlevel.melbands_spread.stdev": 38.63633728027344, "lowlevel.pitch_salience.mean": 0.6827741861343384, "lowlevel.pitch_salience.stdev": 0.09616296738386154, "lowlevel.silence_rate_20dB.mean": 1.0, "lowlevel.silence_rate_20dB.stdev": 0.0, "lowlevel.silence_rate_30dB.mean": 1.0, "lowlevel.silence_rate_30dB.stdev": 0.0, "lowlevel.silence_rate_60dB.mean": 0.6234096884727478, "lowlevel.silence_rate_60dB.stdev": 0.48453137278556824, "lowlevel.spectral_centroid.mean": 2092.95703125, "lowlevel.spectral_centroid.stdev": 1350.0462646484375, "lowlevel.spectral_complexity.mean": 6.758269786834717, "lowlevel.spectral_complexity.stdev": 10.48178482055664, "lowlevel.spectral_decrease.mean": -1.3114618280241075e-09, "lowlevel.spectral_decrease.stdev": 2.225436501746003e-09, "lowlevel.spectral_energy.mean": 0.0066944691352546215, "lowlevel.spectral_energy.stdev": 0.011468503624200821, "lowlevel.spectral_energyband_high.mean": 0.002460914198309183, "lowlevel.spectral_energyband_high.stdev": 0.008068600669503212, "lowlevel.spectral_energyband_low.mean": 0.00024497380945831537, "lowlevel.spectral_energyband_low.stdev": 0.0007442221976816654, "lowlevel.spectral_energyband_middle_high.mean": 0.0012291671009734273, "lowlevel.spectral_energyband_middle_high.stdev": 0.0028349976055324078, "lowlevel.spectral_energyband_middle_low.mean": 0.0029352360870689154, "lowlevel.spectral_energyband_middle_low.stdev": 0.0065310802310705185, "lowlevel.spectral_entropy.mean": 7.842788219451904, "lowlevel.spectral_entropy.stdev": 0.3397083878517151, "lowlevel.spectral_flux.mean": 0.03714066743850708, "lowlevel.spectral_flux.stdev": 0.04782670736312866, "lowlevel.spectral_kurtosis.mean": 2.7036397457122803, "lowlevel.spectral_kurtosis.stdev": 2.1043317317962646, "lowlevel.spectral_rms.mean": 0.001570435124449432, "lowlevel.spectral_rms.stdev": 0.0020161650609225035, "lowlevel.spectral_rolloff.mean": 2938.04833984375, "lowlevel.spectral_rolloff.stdev": 2895.62353515625, "lowlevel.spectral_skewness.mean": 1.1434019804000854, "lowlevel.spectral_skewness.stdev": 0.47020718455314636, "lowlevel.spectral_spread.mean": 4818569.5, "lowlevel.spectral_spread.stdev": 1107696.375, "lowlevel.spectral_strongpeak.mean": 0.717093288898468, "lowlevel.spectral_strongpeak.stdev": 1.7131246328353882, "lowlevel.zerocrossingrate.mean": 0.11122375726699829, "lowlevel.zerocrossingrate.stdev": 0.08954921364784241, "metadata.audio_properties.analysis.equal_loudness": 0.0, "metadata.audio_properties.analysis.length": 9.087982177734375, "metadata.audio_properties.analysis.sample_rate": 44100.0, "metadata.audio_properties.analysis.start_time": 0.0, "metadata.audio_properties.bit_rate": 109621.0, "metadata.audio_properties.length": 9.088000297546387, "metadata.audio_properties.lossless": 0.0, "metadata.audio_properties.number_channels": 1.0, "metadata.audio_properties.replay_gain": -1.2774276733398438, "metadata.audio_properties.sample_rate": 48000.0, "rhythm.beats_count": 17.0, "rhythm.beats_loudness.mean": 0.013558938167989254, "rhythm.beats_loudness.stdev": 0.016817351803183556, "rhythm.bpm": 115.49626922607422, "rhythm.bpm_histogram_first_peak_bpm": 115.0, "rhythm.bpm_histogram_first_peak_weight": 0.25, "rhythm.bpm_histogram_second_peak_bpm": 123.0, "rhythm.bpm_histogram_second_peak_spread": 0.375, "rhythm.bpm_histogram_second_peak_weight": 0.3125, "rhythm.danceability": 0.9714959263801575, "rhythm.onset_rate": 2.4169921875, "tonal.chords_changes_rate": 0.08629441261291504, "tonal.chords_number_rate": 0.05076142027974129, "tonal.chords_strength.mean": 0.5178499817848206, "tonal.chords_strength.stdev": 0.08417889475822449, "tonal.hpcp_crest.mean": 8.524748802185059, "tonal.hpcp_crest.stdev": 4.467475891113281, "tonal.hpcp_entropy.mean": 2.8815784454345703, "tonal.hpcp_entropy.stdev": 0.710602879524231, "tonal.key_edma.strength": 0.3787213861942291, "tonal.key_krumhansl.strength": 0.3721903860569, "tonal.key_temperley.strength": 0.3604445159435272, "tonal.tuning_diatonic_strength": 0.4234497547149658, "tonal.tuning_equal_tempered_deviation": 0.3243897557258606, "tonal.tuning_frequency": 440.5086364746094, "tonal.tuning_nontempered_energy_ratio": 0.9290065169334412, "lowlevel.barkbands.mean": [2.4284827304654755e-07, 5.226171197136864e-06, 0.00010677501268219203, 0.00022413537953980267, 0.0008938448154367507, 0.00015531521057710052, 0.0003034955298062414, 0.0005471744225360453, 0.0007384056807495654, 0.000164605604368262, 7.168745651142672e-05, 6.89293592586182e-05, 0.00010933385783573613, 0.00010937415208900347, 0.00010881628259085119, 3.862337689497508e-05, 0.00010266438766848296, 0.00014057409134693444, 0.00013229704927653074, 0.0003903227625414729, 0.001001550699584186, 0.00034264326677657664, 0.0004718076961580664, 0.0003144122601952404, 0.00013602264516521245, 1.6191119357245043e-05, 6.477986480568632e-10], "lowlevel.barkbands.stdev": [5.948178340986487e-07, 1.1248352166148834e-05, 0.0003475976991467178, 0.000688302970957011, 0.002539243083447218, 0.0005019527161493897, 0.0012068288633599877, 0.002123959129676223, 0.0031901190523058176, 0.0005903614219278097, 0.00020477009820751846, 0.00021824643772561103, 0.00040124330553226173, 0.0003530328976921737, 0.0004916744655929506, 0.00014097448729444295, 0.00041967901051975787, 0.0003568435786291957, 0.0005521810962818563, 0.0017352073919028044, 0.003491784678772092, 0.0012704449472948909, 0.0017851601587608457, 0.001237081247381866, 0.0005459364037960768, 5.0733604439301416e-05, 1.0985661269558022e-09], "lowlevel.erbbands.mean": [7.944295066408813e-05, 0.002745402744039893, 0.07690873742103577, 0.5819782018661499, 2.355457305908203, 2.837637424468994, 1.228253960609436, 1.2689539194107056, 3.996915102005005, 7.169802665710449, 12.244119644165039, 17.850942611694336, 8.882166862487793, 3.632735252380371, 3.090332269668579, 2.9119069576263428, 4.616520881652832, 5.837709426879883, 6.474494934082031, 3.5327720642089844, 2.540219306945801, 6.113704204559326, 8.730209350585938, 4.811009883880615, 11.999881744384766, 18.487491607666016, 32.35596466064453, 36.77265167236328, 15.120226860046387, 9.841612815856934, 13.267402648925781, 6.970142364501953, 5.798370838165283, 2.3066697120666504, 0.5257299542427063, 0.16448621451854706, 0.011347604915499687, 0.00031663922709412873, 3.203355663572438e-05, 1.5954125046846457e-05], "lowlevel.erbbands.stdev": [0.00014289034879766405, 0.006161672528833151, 0.23392663896083832, 1.6493878364562988, 6.451857566833496, 8.236739158630371, 3.562318801879883, 3.82194185256958, 16.772680282592773, 25.13980484008789, 45.669979095458984, 82.8626937866211, 33.53422927856445, 11.046124458312988, 8.793516159057617, 9.400604248046875, 16.105743408203125, 18.38983917236328, 25.820159912109375, 14.173643112182617, 9.289921760559082, 24.03746223449707, 22.70889663696289, 11.756680488586426, 58.63947296142578, 75.97373962402344, 109.47533416748047, 133.72837829589844, 56.72568893432617, 35.69572448730469, 51.51472854614258, 25.762310028076172, 25.135555267333984, 10.096226692199707, 1.7574940919876099, 0.5157079696655273, 0.040748387575149536, 0.0010480256751179695, 9.812111966311932e-05, 3.7129859265405685e-05], "lowlevel.gfcc.mean": [-271.50213623046875, 54.04541015625, -127.08750915527344, 41.96992111206055, -82.56051635742188, 15.288002967834473, -36.74281692504883, 1.7822057008743286, -35.07783508300781, -3.293409585952759, -17.735944747924805, -15.816746711730957, -9.525198936462402], "lowlevel.melbands.mean": [9.16820738439128e-07, 3.4269512980245054e-05, 0.00013694775407202542, 0.00023247239005286247, 4.601126056513749e-05, 3.0514152967953123e-05, 5.931814666837454e-05, 9.05181368580088e-05, 0.00010547438432695344, 0.00010945266694761813, 4.114602415938862e-05, 1.454525045119226e-05, 1.0164343620999716e-05, 8.295094630739186e-06, 7.455265858880011e-06, 1.2007573786831927e-05, 1.0433324860059656e-05, 1.0508718332857825e-05, 7.172491223172983e-06, 2.9586790333269164e-06, 2.9266018373164115e-06, 5.622691332973773e-06, 9.125553333433345e-06, 5.861472345713992e-06, 3.483525233605178e-06, 5.199393399379915e-06, 1.3782379937765654e-05, 1.1273948985035531e-05, 1.4764927072974388e-05, 3.0165936550474726e-05, 1.791672912077047e-05, 9.425045391253661e-06, 3.876396476698574e-06, 6.52035623716074e-06, 8.018028893275186e-06, 6.229155133041786e-06, 3.597060640458949e-06, 4.522100880421931e-06, 2.671620222827187e-06, 1.722140723359189e-06], "lowlevel.melbands.stdev": [1.8177902347815689e-06, 0.00010316752013750374, 0.0003129681572318077, 0.0006804684526287019, 0.00012196469469927251, 9.624732774682343e-05, 0.0002460312389302999, 0.0003374811785761267, 0.0003962818009313196, 0.0005007374566048384, 0.00015817031089682132, 4.5593780669150874e-05, 2.8916840165038593e-05, 2.592729651951231e-05, 2.4825447326293215e-05, 4.59026668977458e-05, 3.43204774253536e-05, 4.171736509306356e-05, 3.279998054495081e-05, 1.0879424735321663e-05, 1.1502276720420923e-05, 2.499561924196314e-05, 2.826633681252133e-05, 1.4270669453253504e-05, 8.841417184157763e-06, 2.1368867237470113e-05, 7.031430868664756e-05, 4.6726745495107025e-05, 5.3209365432849154e-05, 0.00010402664338471368, 6.827080505900085e-05, 3.575298615032807e-05, 1.419890486431541e-05, 2.4165161448763683e-05, 3.1957337341737e-05, 2.4136628780979663e-05, 1.3352380847209133e-05, 1.9291202988824807e-05, 1.3592077266366687e-05, 7.059415111143608e-06], "lowlevel.melbands128.mean": [1.1290094903415593e-07, 2.4120294028762146e-07, 6.768714797544817e-07, 3.2266132166114403e-06, 1.4288479178503621e-05, 6.769380706828088e-05, 0.00012108230293961242, 0.00010004821524489671, 0.00022578879725188017, 0.0003903981123585254, 0.00011299790639895946, 3.0190214602043852e-05, 3.60922422260046e-05, 5.1357666961848736e-05, 2.4717443011468276e-05, 1.4382992958417162e-05, 5.419258013716899e-05, 8.101025014184415e-05, 4.525071199168451e-05, 6.767789454897866e-05, 0.00013472877617459744, 0.00010557431232882664, 8.964809967437759e-05, 0.00011120116687379777, 0.00014628720236942172, 9.330469038104638e-05, 6.549456884386018e-05, 3.490997551125474e-05, 2.3196202164399438e-05, 1.71780902746832e-05, 1.0774117981782183e-05, 1.026058725983603e-05, 1.0559210750216153e-05, 9.895414223137777e-06, 8.895152859622613e-06, 7.976959750521928e-06, 7.0701180447940715e-06, 6.99653401170508e-06, 7.5015627771790605e-06, 1.0516383554204367e-05, 1.4104163710726425e-05, 1.2487092135415878e-05, 9.879900972009636e-06, 1.034312754200073e-05, 8.559292837162502e-06, 1.1374948371667415e-05, 1.1985102901235223e-05, 7.559341156593291e-06, 5.370708549889969e-06, 3.5532675610738806e-06, 2.4309231321240077e-06, 2.627973117341753e-06, 2.4742143978073727e-06, 2.593501676528831e-06, 4.829995759791927e-06, 5.517495083040558e-06, 6.594215392397018e-06, 8.6092059063958e-06, 1.0355975064157974e-05, 9.829177542997058e-06, 5.525475899048615e-06, 3.116418611170957e-06, 3.3112951314251404e-06, 3.808065230259672e-06, 3.3222142974409508e-06, 3.469143621259718e-06, 6.378259968187194e-06, 1.3337481505004689e-05, 1.6421397958765738e-05, 1.3654056601808406e-05, 1.201926625071792e-05, 9.101540854317136e-06, 9.133173080044799e-06, 1.4811796972935554e-05, 2.1523637769860215e-05, 3.5514345654519275e-05, 3.1938321626512334e-05, 2.2280150005826727e-05, 1.7362368453177623e-05, 1.2057205822202377e-05, 9.6509347713436e-06, 1.002185217657825e-05, 4.827697011933196e-06, 2.653666797414189e-06, 3.3912699564098148e-06, 4.166861799603794e-06, 8.677230653120205e-06, 9.383501492266078e-06, 7.0186015364015475e-06, 7.681464921915904e-06, 9.085220881388523e-06, 4.988642558600986e-06, 2.7820847208204214e-06, 4.451839686225867e-06, 2.830600578818121e-06, 4.41279780716286e-06, 5.500084625964519e-06, 4.07298784921295e-06, 2.0570932974806055e-06, 2.6359568892075913e-06, 1.931056885950966e-06, 1.8024348946710234e-06, 1.1154415915370919e-06, 3.3808174748628517e-07, 3.7350267234614876e-07, 5.956801487627672e-07, 5.711098083338584e-07, 3.742346734725288e-07, 2.755217849426117e-07, 1.5140832942961424e-07, 9.321982474830293e-08, 3.2285925044561736e-08, 3.1534157507451255e-09, 2.744119376174581e-10, 1.7988451006534234e-10, 2.5465133474122936e-11, 4.07858642692549e-12, 3.0577675808052263e-12, 2.99029702909015e-12, 2.921984485967921e-12, 2.79968279462417e-12, 2.7672137584838774e-12, 2.7762746528797733e-12, 2.6788686286610686e-12, 2.310363705904095e-12, 1.6647356236576538e-12, 1.3277585411350379e-12, 1.274106037688072e-12], "lowlevel.melbands128.stdev": [2.582904983228218e-07, 4.325842439811822e-07, 1.3739867199547007e-06, 7.391551207547309e-06, 4.5554599637398496e-05, 0.00022247534070629627, 0.000388980726711452, 0.0003165134694427252, 0.0006459405412897468, 0.0012527606450021267, 0.00033957656705752015, 8.767400868237019e-05, 0.00011236029968131334, 0.00020839745411649346, 7.80569389462471e-05, 4.867542156716809e-05, 0.00026367377722635865, 0.0003614028973970562, 0.00021001916320528835, 0.0002592522941995412, 0.0005949598853476346, 0.00045423308620229363, 0.0003705542185343802, 0.0004620504332706332, 0.0008162824669852853, 0.0004419796459842473, 0.0002881269028875977, 0.00014598903362639248, 8.698114106664434e-05, 5.9601417888188735e-05, 3.395284875296056e-05, 3.0328821594594046e-05, 3.45468070008792e-05, 3.1782059522811323e-05, 2.742677133937832e-05, 3.3522122976137325e-05, 2.537185537221376e-05, 2.6769628675538115e-05, 2.874766505556181e-05, 4.1806328226812184e-05, 6.277020293055102e-05, 5.012904148316011e-05, 3.566906525520608e-05, 3.742477929336019e-05, 3.1654304621042684e-05, 5.851237801834941e-05, 6.993565330049023e-05, 3.5628665500553325e-05, 2.629584378155414e-05, 1.6724743545637466e-05, 9.037482413987163e-06, 1.143547888204921e-05, 1.1650345186353661e-05, 1.0523670425754972e-05, 2.3687267457717098e-05, 2.8967739126528613e-05, 2.8837659556302242e-05, 3.201509389327839e-05, 3.2863510568859056e-05, 2.7738322387449443e-05, 1.561514363856986e-05, 7.067739261401584e-06, 7.876818926888518e-06, 1.2188109394628555e-05, 8.910117685445584e-06, 1.0092402590089478e-05, 3.25959590554703e-05, 7.73875872255303e-05, 8.744789374759421e-05, 5.7983437727671117e-05, 5.1785915275104344e-05, 3.858543641399592e-05, 4.26970909757074e-05, 6.096125434851274e-05, 7.835695578251034e-05, 0.00012277888890821487, 0.000118093921628315, 9.102351759793237e-05, 6.973627750994638e-05, 4.856755185755901e-05, 3.596078749978915e-05, 4.202119816909544e-05, 1.8678036212804727e-05, 1.0219949217571411e-05, 1.3524126188713126e-05, 1.6619451344013214e-05, 3.383413786650635e-05, 3.7342888390412554e-05, 2.912962190748658e-05, 3.208723137504421e-05, 3.738129453267902e-05, 2.1091740563861094e-05, 1.1777239706134424e-05, 1.6948093616520055e-05, 1.103203794627916e-05, 1.8386866941000335e-05, 2.3618555132998154e-05, 2.315646634087898e-05, 1.0988375834131148e-05, 1.3513507838069927e-05, 9.235742254531942e-06, 7.037020623101853e-06, 4.4407943278201856e-06, 1.1899663832082297e-06, 1.4094925973040517e-06, 2.3449208583770087e-06, 1.9071095493927714e-06, 1.2299316267672111e-06, 8.328547664859798e-07, 5.556808559958881e-07, 4.4296083956396615e-07, 1.767342041603115e-07, 2.1312342113333216e-08, 3.085360411603233e-09, 2.2137278676837013e-09, 2.851157088201717e-10, 1.7669959245791844e-11, 5.060929973710326e-12, 4.82167474349926e-12, 4.645374362954868e-12, 4.44987623138271e-12, 4.2972626325410435e-12, 4.151923596595886e-12, 4.0784849456021455e-12, 3.966374537839323e-12, 3.896821667431771e-12, 3.847382482047301e-12, 3.8167728526328215e-12], "lowlevel.mfcc.mean": [-899.1578979492188, 72.75698852539062, 8.216084480285645, 16.55116844177246, -13.980746269226074, 2.5377755165100098, 6.1400465965271, -6.2153849601745605, -4.069298267364502, -0.8940082788467407, -2.7962920665740967, -4.4774346351623535, -15.625499725341797], "lowlevel.spectral_contrast_coeffs.mean": [-0.7552821040153503, -0.8488585352897644, -0.858391284942627, -0.8522669076919556, -0.8329459428787231, -0.7799763083457947], "lowlevel.spectral_contrast_coeffs.stdev": [0.11616405844688416, 0.07989896833896637, 0.05804763361811638, 0.063664011657238, 0.07364656031131744, 0.07132433354854584], "lowlevel.spectral_contrast_valleys.mean": [-9.681605339050293, -9.192309379577637, -9.58574104309082, -10.02742862701416, -9.607579231262207, -12.019461631774902], "lowlevel.spectral_contrast_valleys.stdev": [1.564311146736145, 1.8987550735473633, 1.8601322174072266, 1.826337456703186, 2.1744484901428223, 2.05802321434021], "rhythm.beats_loudness_band_ratio.mean": [0.24429480731487274, 0.18618588149547577, 0.08894825726747513, 0.05331192910671234, 0.039882056415081024, 0.43765103816986084], "rhythm.beats_loudness_band_ratio.stdev": [0.24337182939052582, 0.23511381447315216, 0.08110682666301727, 0.04750499501824379, 0.04445946589112282, 0.42043182253837585], "tonal.hpcp.mean": [0.20660559833049774, 0.12077594548463821, 0.11552752554416656, 0.1802986115217209, 0.3025849163532257, 0.3592281937599182, 0.27138519287109375, 0.1517297327518463, 0.13900451362133026, 0.16250427067279816, 0.15737199783325195, 0.14608478546142578, 0.14625495672225952, 0.14748834073543549, 0.13641482591629028, 0.15548531711101532, 0.21992939710617065, 0.23545770347118378, 0.16505840420722961, 0.1099291443824768, 0.1152464896440506, 0.13670037686824799, 0.14197395741939545, 0.16169141232967377, 0.1714399755001068, 0.15624910593032837, 0.15689979493618011, 0.15925104916095734, 0.169084370136261, 0.2008848637342453, 0.23037847876548767, 0.2206379473209381, 0.20759032666683197, 0.2472102791070938, 0.325825572013855, 0.3269689381122589], "tonal.hpcp.stdev": [0.24954330921173096, 0.18893678486347198, 0.19929522275924683, 0.25068551301956177, 0.33569052815437317, 0.37769222259521484, 0.32973554730415344, 0.2211238443851471, 0.20470355451107025, 0.21255670487880707, 0.22451908886432648, 0.1977701336145401, 0.21746891736984253, 0.22303207218647003, 0.20413312315940857, 0.1953660249710083, 0.2692447900772095, 0.28204014897346497, 0.22326816618442535, 0.1442716121673584, 0.15420404076576233, 0.204753577709198, 0.21993863582611084, 0.21810899674892426, 0.22216516733169556, 0.20589351654052734, 0.20445415377616882, 0.21232277154922485, 0.21124987304210663, 0.26016759872436523, 0.29448583722114563, 0.2975432276725769, 0.272249311208725, 0.28317791223526, 0.32172954082489014, 0.3376423716545105], "rhythm.beats_position": [0.4760090708732605, 0.9636281132698059, 1.4512470960617065, 1.9272562265396118, 2.4032652378082275, 2.879274368286133, 3.3668932914733887, 3.8545124530792236, 4.342131614685059, 4.8645806312561035, 5.38702917098999, 5.909478187561035, 6.43192720413208, 6.942766189575195, 7.4536051750183105, 7.9760541915893555, 8.498503684997559], "rhythm.bpm_histogram": [0.0, 0.0, 0.0, 0.0, 0.0, 0.0, 0.0, 0.0, 0.0, 0.0, 0.0, 0.0, 0.0, 0.0, 0.0, 0.0, 0.0, 0.0, 0.0, 0.0, 0.0, 0.0, 0.0, 0.0, 0.0, 0.0, 0.0, 0.0, 0.0, 0.0, 0.0, 0.0, 0.0, 0.0, 0.0, 0.0, 0.0, 0.0, 0.0, 0.0, 0.0, 0.0, 0.0, 0.0, 0.0, 0.0, 0.0, 0.0, 0.0, 0.0, 0.0, 0.0, 0.0, 0.0, 0.0, 0.0, 0.0, 0.0, 0.0, 0.0, 0.0, 0.0, 0.0, 0.0, 0.0, 0.0, 0.0, 0.0, 0.0, 0.0, 0.0, 0.0, 0.0, 0.0, 0.0, 0.0, 0.0, 0.0, 0.0, 0.0, 0.0, 0.0, 0.0, 0.0, 0.0, 0.0, 0.0, 0.0, 0.0, 0.0, 0.0, 0.0, 0.0, 0.0, 0.0, 0.0, 0.0, 0.0, 0.0, 0.0, 0.0, 0.0, 0.0, 0.0, 0.0, 0.0, 0.0, 0.0, 0.0, 0.0, 0.0, 0.0, 0.0, 0.0, 0.0, 0.375, 0.0, 0.125, 0.0, 0.0, 0.0, 0.0, 0.0, 0.3125, 0.0, 0.0, 0.1875, 0.0, 0.0, 0.0, 0.0, 0.0, 0.0, 0.0, 0.0, 0.0, 0.0, 0.0, 0.0, 0.0, 0.0, 0.0, 0.0, 0.0, 0.0, 0.0, 0.0, 0.0, 0.0, 0.0, 0.0, 0.0, 0.0, 0.0, 0.0, 0.0, 0.0, 0.0, 0.0, 0.0, 0.0, 0.0, 0.0, 0.0, 0.0, 0.0, 0.0, 0.0, 0.0, 0.0, 0.0, 0.0, 0.0, 0.0, 0.0, 0.0, 0.0, 0.0, 0.0, 0.0, 0.0, 0.0, 0.0, 0.0, 0.0, 0.0, 0.0, 0.0, 0.0, 0.0, 0.0, 0.0, 0.0, 0.0, 0.0, 0.0, 0.0, 0.0, 0.0, 0.0, 0.0, 0.0, 0.0, 0.0, 0.0, 0.0, 0.0, 0.0, 0.0, 0.0, 0.0, 0.0, 0.0, 0.0, 0.0, 0.0, 0.0, 0.0, 0.0, 0.0, 0.0, 0.0, 0.0, 0.0, 0.0, 0.0, 0.0, 0.0, 0.0, 0.0, 0.0, 0.0, 0.0, 0.0, 0.0, 0.0, 0.0, 0.0, 0.0, 0.0, 0.0, 0.0, 0.0, 0.0, 0.0, 0.0, 0.0, 0.0, 0.0, 0.0], "tonal.chords_histogram": [6.091370582580566, 0.0, 2.030456781387329, 0.0, 0.0, 0.0, 0.5076141953468323, 17.258882522583008, 14.72081184387207, 0.0, 1.0152283906936646, 25.38071060180664, 6.091370582580566, 0.0, 0.0, 0.0, 10.65989875793457, 0.0, 13.705583572387695, 2.5380711555480957, 0.0, 0.0, 0.0, 0.0], "tonal.thpcp": [1.0, 0.755467414855957, 0.4223770201206207, 0.3869532346725464, 0.4523705840110779, 0.4380836486816406, 0.4066629111766815, 0.40713661909103394, 0.41057005524635315, 0.37974420189857483, 0.43283161520957947, 0.6122275590896606, 0.6554543972015381, 0.4594806432723999, 0.3060148060321808, 0.32081693410873413, 0.3805391192436218, 0.3952194154262543, 0.4501078128814697, 0.4772453308105469, 0.4349578022956848, 0.43676915764808655, 0.44331446290016174, 0.4706879258155823, 0.5592123866081238, 0.6413151621818542, 0.6141999959945679, 0.5778787136077881, 0.6881706118583679, 0.9070155620574951, 0.910198450088501, 0.5751374959945679, 0.3362095355987549, 0.3215992748737335, 0.5019055008888245, 0.8423194885253906], "lowlevel.gfcc.cov": [[42433.78125, -4191.9775390625, -4265.4169921875, 25.581562042236328, -2650.671875, -1998.7755126953125, -1746.056396484375, 505.6353759765625, -2612.33984375, 312.0947570800781, -1498.9095458984375, -1314.34521484375, -822.6090698242188], [-4191.9775390625, 5142.61279296875, 1218.1181640625, -347.9847717285156, 1093.9591064453125, -187.4750518798828, -20.357967376708984, -129.02957153320312, 76.6835708618164, -364.5613708496094, 195.3623504638672, 53.376983642578125, 120.05599975585938], [-4265.4169921875, 1218.1181640625, 1061.77587890625, 18.216989517211914, 541.5296630859375, 163.31936645507812, 69.72442626953125, -107.5893325805664, 216.74630737304688, -91.1575927734375, 103.82730865478516, 162.67041015625, 77.62825012207031], [25.581562042236328, -347.9847717285156, 18.216989517211914, 337.7181396484375, -85.62944793701172, 146.8289031982422, 35.09798049926758, -111.28856658935547, -17.750089645385742, -42.264129638671875, -12.791723251342773, -14.862565994262695, -5.614364147186279], [-2650.671875, 1093.9591064453125, 541.5296630859375, -85.62944793701172, 516.1993408203125, 5.626873970031738, -4.474220275878906, -1.4731756448745728, 153.65701293945312, -60.15950393676758, 81.17737579345703, 78.048095703125, 82.06397247314453], [-1998.7755126953125, -187.4750518798828, 163.31936645507812, 146.8289031982422, 5.626873970031738, 474.06982421875, 314.7378234863281, -119.3363037109375, 62.46754837036133, -64.94609832763672, 67.39630126953125, 49.66815185546875, -16.878021240234375], [-1746.056396484375, -20.357967376708984, 69.72442626953125, 35.09798049926758, -4.474220275878906, 314.7378234863281, 378.8635559082031, -31.61971664428711, 51.428321838378906, -60.80275344848633, 62.76240539550781, 24.590534210205078, -28.6878662109375], [505.6353759765625, -129.02957153320312, -107.5893325805664, -111.28856658935547, -1.4731756448745728, -119.3363037109375, -31.61971664428711, 176.13873291015625, 58.4042854309082, 75.07923126220703, -23.620899200439453, -19.374452590942383, -3.834357500076294], [-2612.33984375, 76.6835708618164, 216.74630737304688, -17.750089645385742, 153.65701293945312, 62.46754837036133, 51.428321838378906, 58.4042854309082, 328.9582824707031, 78.21685028076172, 109.16205596923828, 68.22459411621094, 71.43502044677734], [312.0947570800781, -364.5613708496094, -91.1575927734375, -42.264129638671875, -60.15950393676758, -64.94609832763672, -60.80275344848633, 75.07923126220703, 78.21685028076172, 125.5223617553711, 2.4974732398986816, 5.924467086791992, 0.9080774784088135], [-1498.9095458984375, 195.3623504638672, 103.82730865478516, -12.791723251342773, 81.17737579345703, 67.39630126953125, 62.76240539550781, -23.620899200439453, 109.16205596923828, 2.4974732398986816, 121.8858642578125, 66.87177276611328, 42.91843795776367], [-1314.34521484375, 53.376983642578125, 162.67041015625, -14.862565994262695, 78.048095703125, 49.66815185546875, 24.590534210205078, -19.374452590942383, 68.22459411621094, 5.924467086791992, 66.87177276611328, 111.03805541992188, 46.01513671875], [-822.6090698242188, 120.05599975585938, 77.62825012207031, -5.614364147186279, 82.06397247314453, -16.878021240234375, -28.6878662109375, -3.834357500076294, 71.43502044677734, 0.9080774784088135, 42.91843795776367, 46.01513671875, 79.56255340576172]], "lowlevel.gfcc.icov": [[0.00018963329785037786, -5.912817141506821e-05, 0.00012809186591766775, -0.00019437183800619096, 0.0003273259790148586, -6.656868936261162e-05, 0.0005158273270353675, -0.0005748147377744317, 0.0012336930958554149, -0.0007094748434610665, 0.00020031350140925497, 0.0007791455136612058, 5.948016405454837e-05], [-5.912817141506821e-05, 0.0006507730577141047, -0.00044598302338272333, 0.0005757837789133191, -0.0008392964373342693, 0.0005810350994579494, -0.00021830653713550419, 0.00042596846469677985, -0.0002269292454002425, 0.0015664617531001568, -0.0012982777552679181, 0.0009447310585528612, 0.0001530192093923688], [0.00012809186591766775, -0.00044598302338272333, 0.0037679269444197416, -0.0007918630144558847, -0.002455194713547826, -0.00032150285551324487, 0.00033363731927238405, 0.001571594038978219, -0.001311596715822816, -0.0003383892762940377, 0.003499381011351943, -0.004208548925817013, 0.002653175499290228], [-0.00019437183800619096, 0.0005757837789133191, -0.0007918630144558847, 0.005436789710074663, 0.0004957834607921541, -0.001176040736027062, 0.000618622696492821, 0.0028829651419073343, -0.00228746235370636, 0.002976934891194105, -4.520793481788132e-06, 0.001504835789091885, -0.0009691336890682578], [0.0003273259790148586, -0.0008392964373342693, -0.002455194713547826, 0.0004957834607921541, 0.007918759249150753, -0.0011321306228637695, 0.0021735711488872766, -0.003660295158624649, 0.001490868511609733, 0.0005726662930101156, -0.0005335106397978961, 0.0024627659004181623, -0.0032010055147111416], [-6.656868936261162e-05, 0.0005810350994579494, -0.00032150285551324487, -0.001176040736027062, -0.0011321306228637695, 0.008032740093767643, -0.005966552998870611, 0.0043044560588896275, -0.0015882643638178706, 0.0004090643778908998, 0.00016443782078567892, -0.0013249649200588465, 0.0016924613155424595], [0.0005158273270353675, -0.00021830653713550419, 0.00033363731927238405, 0.000618622696492821, 0.0021735711488872766, -0.005966552998870611, 0.01004491001367569, -0.005333280190825462, 0.0024392965715378523, 0.0029389176052063704, -0.002489113248884678, 0.0024050248321145773, 0.0029660926666110754], [-0.0005748147377744317, 0.00042596846469677985, 0.001571594038978219, 0.0028829651419073343, -0.003660295158624649, 0.0043044560588896275, -0.005333280190825462, 0.016188090667128563, -0.0075214337557554245, -0.0022872607223689556, 0.005213417578488588, -0.0032899524085223675, 0.0014995025703683496], [0.0012336930958554149, -0.0002269292454002425, -0.001311596715822816, -0.00228746235370636, 0.001490868511609733, -0.0015882643638178706, 0.0024392965715378523, -0.0075214337557554245, 0.01797829009592533, -0.011368490755558014, -0.005397551693022251, 0.009270459413528442, -0.005603544879704714], [-0.0007094748434610665, 0.0015664617531001568, -0.0003383892762940377, 0.002976934891194105, 0.0005726662930101156, 0.0004090643778908998, 0.0029389176052063704, -0.0022872607223689556, -0.011368490755558014, 0.025644788518548012, -0.002820394467562437, -0.004873084835708141, 0.005540949758142233], [0.00020031350140925497, -0.0012982777552679181, 0.003499381011351943, -4.520793481788132e-06, -0.0005335106397978961, 0.00016443782078567892, -0.002489113248884678, 0.005213417578488588, -0.005397551693022251, -0.002820394467562437, 0.02337558940052986, -0.01053027343004942, -0.001086525502614677], [0.0007791455136612058, 0.0009447310585528612, -0.004208548925817013, 0.001504835789091885, 0.0024627659004181623, -0.0013249649200588465, 0.0024050248321145773, -0.0032899524085223675, 0.009270459413528442, -0.004873084835708141, -0.01053027343004942, 0.026641996577382088, -0.009266004897654057], [5.948016405454837e-05, 0.0001530192093923688, 0.002653175499290228, -0.0009691336890682578, -0.0032010055147111416, 0.0016924613155424595, 0.0029660926666110754, 0.0014995025703683496, -0.005603544879704714, 0.005540949758142233, -0.001086525502614677, -0.009266004897654057, 0.026011167094111443]], "lowlevel.mfcc.cov": [[40686.50390625, -4197.72119140625, -3368.286376953125, 661.6701049804688, -2329.1484375, -2261.73193359375, -237.3202667236328, -1719.0350341796875, -610.9121704101562, -336.94464111328125, -594.5027465820312, -499.30950927734375, -1328.611572265625], [-4197.72119140625, 4867.9453125, 427.9815368652344, 229.86746215820312, 915.75927734375, -165.44349670410156, 153.50840759277344, 95.17242431640625, 7.889726161956787, -227.09922790527344, -104.22502899169922, -32.63805389404297, 249.7655792236328], [-3368.286376953125, 427.9815368652344, 634.1942749023438, 6.559035778045654, 252.57992553710938, 348.1851501464844, 55.77815628051758, 175.20779418945312, 20.052459716796875, -20.886699676513672, 23.83840560913086, -3.8939425945281982, 87.51631927490234], [661.6701049804688, 229.86746215820312, 6.559035778045654, 225.17800903320312, 112.7901611328125, -93.15409851074219, -62.10004806518555, -79.11038208007812, -13.652395248413086, -56.731441497802734, -76.3260498046875, -3.2046639919281006, -3.509708881378174], [-2329.1484375, 915.75927734375, 252.57992553710938, 112.7901611328125, 550.0628662109375, -21.53035545349121, -97.2794189453125, -17.437522888183594, 74.49597930908203, -37.864967346191406, -49.83100509643555, 29.968236923217773, 178.7855987548828], [-2261.73193359375, -165.44349670410156, 348.1851501464844, -93.15409851074219, -21.53035545349121, 515.056640625, 168.77838134765625, 223.9051513671875, -45.65792465209961, 11.860543251037598, 50.63718032836914, -46.23899459838867, -34.1379508972168], [-237.3202667236328, 153.50840759277344, 55.77815628051758, -62.10004806518555, -97.2794189453125, 168.77838134765625, 224.05458068847656, 142.0081787109375, -38.1727180480957, -18.957565307617188, 20.173336029052734, -45.442935943603516, -52.356414794921875], [-1719.0350341796875, 95.17242431640625, 175.20779418945312, -79.11038208007812, -17.437522888183594, 223.9051513671875, 142.0081787109375, 208.38223266601562, 17.59178352355957, 16.377696990966797, 52.47004699707031, 0.017795255407691002, 1.7482718229293823], [-610.9121704101562, 7.889726161956787, 20.052459716796875, -13.652395248413086, 74.49597930908203, -45.65792465209961, -38.1727180480957, 17.59178352355957, 124.40157318115234, 67.85084533691406, 33.98085021972656, 42.3753776550293, 52.44684600830078], [-336.94464111328125, -227.09922790527344, -20.886699676513672, -56.731441497802734, -37.864967346191406, 11.860543251037598, -18.957565307617188, 16.377696990966797, 67.85084533691406, 127.62163543701172, 70.03530883789062, 22.758176803588867, 16.075881958007812], [-594.5027465820312, -104.22502899169922, 23.83840560913086, -76.3260498046875, -49.83100509643555, 50.63718032836914, 20.173336029052734, 52.47004699707031, 33.98085021972656, 70.03530883789062, 100.19915008544922, 41.48738479614258, 2.20762038230896], [-499.30950927734375, -32.63805389404297, -3.8939425945281982, -3.2046639919281006, 29.968236923217773, -46.23899459838867, -45.442935943603516, 0.017795255407691002, 42.3753776550293, 22.758176803588867, 41.48738479614258, 96.69403839111328, 54.207759857177734], [-1328.611572265625, 249.7655792236328, 87.51631927490234, -3.509708881378174, 178.7855987548828, -34.1379508972168, -52.356414794921875, 1.7482718229293823, 52.44684600830078, 16.075881958007812, 2.20762038230896, 54.207759857177734, 154.7645263671875]], "lowlevel.mfcc.icov": [[0.00012540293391793966, 5.434234481072053e-05, 0.00013875289005227387, -0.00020409289572853595, 0.0002421924436930567, 0.00025573556195013225, -0.000516071799211204, 0.0008832255261950195, -0.0001289349893340841, 0.00013849038805346936, 0.00010176977957598865, 0.0001926184631884098, 0.00045821399544365704], [5.434234481072053e-05, 0.00047905073734000325, -9.076077549252659e-05, -0.0002570099604781717, -0.0007557088392786682, 0.0008331303251907229, -0.0009948571678251028, 1.708013041934464e-05, 0.00036984856706112623, 0.00045193982077762485, -0.0006234989850781858, 0.0005333085427992046, 0.00010873921564780176], [0.00013875289005227387, -9.076077549252659e-05, 0.004607729613780975, -0.0014650780940428376, -0.0005197040154598653, -0.0028385615441948175, 0.0011570360511541367, -0.0005176719278097153, -0.0012900343863293529, 0.002435698639601469, -0.002302026841789484, 0.0019283527508378029, -0.001388090313412249], [-0.00020409289572853595, -0.0002570099604781717, -0.0014650780940428376, 0.008724743500351906, -0.0020009945146739483, 0.000513533886987716, 0.0007912004948593676, -2.49703589361161e-06, 0.0009577485616318882, -0.0018402603454887867, 0.006965878885239363, -0.004794321954250336, 0.003828039625659585], [0.0002421924436930567, -0.0007557088392786682, -0.0005197040154598653, -0.0020009945146739483, 0.006907406263053417, -0.0011661241296678782, 0.0012582587078213692, 0.0030689523555338383, -0.003868223400786519, 0.00223021418787539, 0.00043279508827254176, 0.0019828174263238907, -0.003919942304491997], [0.00025573556195013225, 0.0008331303251907229, -0.0028385615441948175, 0.000513533886987716, -0.0011661241296678782, 0.008312251418828964, -0.0026766462251544, -0.0032504957634955645, 0.004654675256460905, -0.002551209880039096, 0.000549273390788585, 0.0012058502761647105, 0.0030369507148861885], [-0.000516071799211204, -0.0009948571678251028, 0.0011570360511541367, 0.0007912004948593676, 0.0012582587078213692, -0.0026766462251544, 0.015231241472065449, -0.011634036898612976, 0.0011844647815451026, 0.0017891876632347703, -0.001841697609052062, 0.0035474449396133423, -0.002024489687755704], [0.0008832255261950195, 1.708013041934464e-05, -0.0005176719278097153, -2.49703589361161e-06, 0.0030689523555338383, -0.0032504957634955645, -0.011634036898612976, 0.024866372346878052, -0.007497055921703577, 0.0032597791869193316, -0.001263643498532474, -0.0015704970574006438, 0.002138539683073759], [-0.0001289349893340841, 0.00036984856706112623, -0.0012900343863293529, 0.0009577485616318882, -0.003868223400786519, 0.004654675256460905, 0.0011844647815451026, -0.007497055921703577, 0.019541887566447258, -0.011429065838456154, 0.003256680676713586, -0.00447410624474287, 0.0011136215180158615], [0.00013849038805346936, 0.00045193982077762485, 0.002435698639601469, -0.0018402603454887867, 0.00223021418787539, -0.002551209880039096, 0.0017891876632347703, 0.0032597791869193316, -0.011429065838456154, 0.023555796593427658, -0.01670350879430771, 0.00934629701077938, -0.005139269400388002], [0.00010176977957598865, -0.0006234989850781858, -0.002302026841789484, 0.006965878885239363, 0.00043279508827254176, 0.000549273390788585, -0.001841697609052062, -0.001263643498532474, 0.003256680676713586, -0.01670350879430771, 0.03430042415857315, -0.017289485782384872, 0.008549990132451057], [0.0001926184631884098, 0.0005333085427992046, 0.0019283527508378029, -0.004794321954250336, 0.0019828174263238907, 0.0012058502761647105, 0.0035474449396133423, -0.0015704970574006438, -0.00447410624474287, 0.00934629701077938, -0.017289485782384872, 0.025484152138233185, -0.009347104467451572], [0.00045821399544365704, 0.00010873921564780176, -0.001388090313412249, 0.003828039625659585, -0.003919942304491997, 0.0030369507148861885, -0.002024489687755704, 0.002138539683073759, 0.0011136215180158615, -0.005139269400388002, 0.008549990132451057, -0.009347104467451572, 0.018888944759964943]], "metadata.audio_properties.analysis.downmix": "mix", "metadata.audio_properties.codec": "mp3", "metadata.audio_properties.md5_encoded": "5d96cd8ff1bfd1e956c88cfdc5bbac27", "metadata.tags.file_name": "1182274063645823046.mp3", "metadata.version.essentia": "2.1-beta6-dev", "metadata.version.essentia_git_sha": "v2.1_beta5-1110-g77a6a954", "metadata.version.extractor": "music 2.0", "tonal.chords_key": "G", "tonal.chords_scale": "minor", "tonal.key_edma.key": "E", "tonal.key_edma.scale": "major", "tonal.key_krumhansl.key": "E", "tonal.key_krumhansl.scale": "major", "tonal.key_temperley.key": "E", "tonal.key_temperley.scale": "major", "metadata.tags.encoding": ["Lavf58.45.100"]}, "essentia_models": [{"model_name": "genre_dortmund", "activations": {"alternative": "0.21872978", "blues": "0.048770163", "electronic": "0.14034918", "folkcountry": "0.28573576", "funksoulrnb": "0.15966357", "jazz": "0.16431928", "pop": "0.052810296", "raphiphop": "0.50448865", "rock": "0.24864979"}}, {"model_name": "genre_rosamerica", "activations": {"classic": "0.23394142", "dance": "0.070267685", "hip hop": "0.017638983", "jazz": "0.056732196", "pop": "0.01756855", "rhythm and blues": "0.050460726", "rock": "0.13569105", "speech": "0.6662294"}}, {"model_name": "genre_tzanetakis", "activations": {"blues": "0.057082552", "classic": "0.15136872", "country": "0.109493874", "disco": "0.124587156", "hip hop": "0.19312179", "jazz": "0.13761131", "metal": "0.16075367", "pop": "0.060307145", "reggae": "0.16673875", "rock": "0.2939413"}}, {"model_name": "genre_electronic", "activations": {"ambient": "0.31355354", "dnb": "0.19660716", "house": "0.14419256", "techno": "0.41621292", "trance": "0.006019449"}}, {"model_name": "mood_acoustic", "activations": {"acoustic": "0.063309364", "not acoustic": "0.92992"}}, {"model_name": "mood_electronic", "activations": {"electronic": "0.10493774", "not electronic": "0.89980865"}}, {"model_name": "mood_aggressive", "activation