{"song_id": "1182278264648118302", "download": "https://cdn.discordapp.com/attachments/1135903449314238464/1182278264648118302/chirp.mp4?ex=65841d6f&amp", "lyrics": "[verse]\n\u0423\u0441\u043c\u0435\u0445\u043d\u0443\u043b\u0441\u044f \u0442\u043e\u0442 \u043d\u0430\u0451\u043c\u043d\u0438\u043a - \u043f\u043b\u0451\u0432\u043e\u0435 \u0434\u0435\u043b\u043e.\n\u041a \u0441\u043a\u043b\u0435\u043f\u0443 \u043f\u043e\u0434\u043e\u0448\u0451\u043b \u043a\u043e\u0433\u0434\u0430 \u0443\u0436\u0435 \u0441\u0442\u0435\u043c\u043d\u0435\u043b\u043e.\n\u041c\u0435\u0436 \u0433\u0440\u043e\u0431\u043e\u0432 \u0443\u0431\u0438\u0442\u044b\u043c \u0434\u0440\u0443\u0433 \u0442\u043e\u0440\u0433\u043e\u0432\u0446\u0430 \u043b\u0435\u0436\u0430\u043b,\n\u0410 \u043d\u0430\u0434 \u043d\u0438\u043c \u0441 \u0443\u0445\u043c\u044b\u043b\u043a\u043e\u0439 \u043c\u0440\u0430\u0447\u043d\u044b\u0439 \u043f\u0440\u0438\u0437\u0440\u0430\u043a \u0441\u0442\u043e\u044f\u043b.\n\n[chorus]\n\u0422\u0430\u043c, \u0437\u0430 \u0440\u0435\u043a\u043e\u0439, \u0441\u0442\u0430\u0440\u044b\u0439 \u0441\u043a\u043b\u0435\u043f.\n\u0411\u044b\u043b \u043e\u043d \u0437\u0430\u0431\u0440\u043e\u0448\u0435\u043d \u0441\u043e\u0442\u043d\u044e \u043b\u0435\u0442.\n\u041e\u0442\u044b\u0449\u0438 \u043f\u0440\u0438\u044f\u0442\u0435\u043b\u044f \u043c\u043e\u0435\u0433\u043e,\n\u042f \u043d\u0435 \u043f\u043e\u0441\u043a\u0443\u043f\u043b\u044e\u0441\u044c \u0437\u0430 \u043d\u0435\u0433\u043e!", "style": ["violin rock"], "essentia_features": {"lowlevel.average_loudness": 0.9820085763931274, "lowlevel.barkbands_crest.mean": 11.704556465148926, "lowlevel.barkbands_crest.stdev": 4.5693817138671875, "lowlevel.barkbands_flatness_db.mean": 0.14984391629695892, "lowlevel.barkbands_flatness_db.stdev": 0.054267849773168564, "lowlevel.barkbands_kurtosis.mean": 5.936069965362549, "lowlevel.barkbands_kurtosis.stdev": 10.01961612701416, "lowlevel.barkbands_skewness.mean": 1.835303544998169, "lowlevel.barkbands_skewness.stdev": 1.5830401182174683, "lowlevel.barkbands_spread.mean": 27.36249351501465, "lowlevel.barkbands_spread.stdev": 20.31344223022461, "lowlevel.dissonance.mean": 0.4666174054145813, "lowlevel.dissonance.stdev": 0.027983738109469414, "lowlevel.dynamic_complexity": 2.419001340866089, "lowlevel.erbbands_crest.mean": 9.667169570922852, "lowlevel.erbbands_crest.stdev": 4.521085739135742, "lowlevel.erbbands_flatness_db.mean": 0.16123174130916595, "lowlevel.erbbands_flatness_db.stdev": 0.05629071220755577, "lowlevel.erbbands_kurtosis.mean": 0.3577868342399597, "lowlevel.erbbands_kurtosis.stdev": 2.543123722076416, "lowlevel.erbbands_skewness.mean": 0.025331323966383934, "lowlevel.erbbands_skewness.stdev": 1.078271508216858, "lowlevel.erbbands_spread.mean": 53.74201202392578, "lowlevel.erbbands_spread.stdev": 26.315776824951172, "lowlevel.hfc.mean": 24.35418128967285, "lowlevel.hfc.stdev": 24.497234344482422, "lowlevel.loudness_ebu128.integrated": -14.106548309326172, "lowlevel.loudness_ebu128.loudness_range": 1.4588804244995117, "lowlevel.loudness_ebu128.momentary.mean": -14.336405754089355, "lowlevel.loudness_ebu128.momentary.stdev": 1.546924114227295, "lowlevel.loudness_ebu128.short_term.mean": -14.185839653015137, "lowlevel.loudness_ebu128.short_term.stdev": 0.48192092776298523, "lowlevel.melbands_crest.mean": 16.477367401123047, "lowlevel.melbands_crest.stdev": 5.6671247482299805, "lowlevel.melbands_flatness_db.mean": 0.2098763883113861, "lowlevel.melbands_flatness_db.stdev": 0.07003620266914368, "lowlevel.melbands_kurtosis.mean": 25.284069061279297, "lowlevel.melbands_kurtosis.stdev": 33.37078094482422, "lowlevel.melbands_skewness.mean": 3.675887107849121, "lowlevel.melbands_skewness.stdev": 2.5290329456329346, "lowlevel.melbands_spread.mean": 28.506637573242188, "lowlevel.melbands_spread.stdev": 31.847625732421875, "lowlevel.pitch_salience.mean": 0.56081223487854, "lowlevel.pitch_salience.stdev": 0.11152026802301407, "lowlevel.silence_rate_20dB.mean": 1.0, "lowlevel.silence_rate_20dB.stdev": 0.0, "lowlevel.silence_rate_30dB.mean": 0.9990448951721191, "lowlevel.silence_rate_30dB.stdev": 0.03088979609310627, "lowlevel.silence_rate_60dB.mean": 0.04966571182012558, "lowlevel.silence_rate_60dB.stdev": 0.2172538787126541, "lowlevel.spectral_centroid.mean": 1527.2767333984375, "lowlevel.spectral_centroid.stdev": 820.035888671875, "lowlevel.spectral_complexity.mean": 14.754536628723145, "lowlevel.spectral_complexity.stdev": 7.991034030914307, "lowlevel.spectral_decrease.mean": -6.234829541540421e-09, "lowlevel.spectral_decrease.stdev": 5.938947111872039e-09, "lowlevel.spectral_energy.mean": 0.02574068494141102, "lowlevel.spectral_energy.stdev": 0.023181218653917313, "lowlevel.spectral_energyband_high.mean": 0.0014651499222964048, "lowlevel.spectral_energyband_high.stdev": 0.002925529610365629, "lowlevel.spectral_energyband_low.mean": 0.006235432345420122, "lowlevel.spectral_energyband_low.stdev": 0.01594589278101921, "lowlevel.spectral_energyband_middle_high.mean": 0.0037525156512856483, "lowlevel.spectral_energyband_middle_high.stdev": 0.004612261429429054, "lowlevel.spectral_energyband_middle_low.mean": 0.015517011284828186, "lowlevel.spectral_energyband_middle_low.stdev": 0.01632055826485157, "lowlevel.spectral_entropy.mean": 7.592006206512451, "lowlevel.spectral_entropy.stdev": 0.47367358207702637, "lowlevel.spectral_flux.mean": 0.09727609902620316, "lowlevel.spectral_flux.stdev": 0.06585019826889038, "lowlevel.spectral_kurtosis.mean": 3.9901788234710693, "lowlevel.spectral_kurtosis.stdev": 2.875197649002075, "lowlevel.spectral_rms.mean": 0.00461772782728076, "lowlevel.spectral_rms.stdev": 0.0019466407829895616, "lowlevel.spectral_rolloff.mean": 2038.165771484375, "lowlevel.spectral_rolloff.stdev": 2389.196044921875, "lowlevel.spectral_skewness.mean": 1.2880600690841675, "lowlevel.spectral_skewness.stdev": 0.5030556321144104, "lowlevel.spectral_spread.mean": 4984177.5, "lowlevel.spectral_spread.stdev": 2046251.125, "lowlevel.spectral_strongpeak.mean": 0.9863905906677246, "lowlevel.spectral_strongpeak.stdev": 0.9166256189346313, "lowlevel.zerocrossingrate.mean": 0.08084855228662491, "lowlevel.zerocrossingrate.stdev": 0.05714884772896767, "metadata.audio_properties.analysis.equal_loudness": 0.0, "metadata.audio_properties.analysis.length": 24.277324676513672, "metadata.audio_properties.analysis.sample_rate": 44100.0, "metadata.audio_properties.analysis.start_time": 0.0, "metadata.audio_properties.bit_rate": 125173.0, "metadata.audio_properties.length": 24.277334213256836, "metadata.audio_properties.lossless": 0.0, "metadata.audio_properties.number_channels": 1.0, "metadata.audio_properties.replay_gain": -13.088098526000977, "metadata.audio_properties.sample_rate": 48000.0, "rhythm.beats_count": 44.0, "rhythm.beats_loudness.mean": 0.04243254289031029, "rhythm.beats_loudness.stdev": 0.015036365948617458, "rhythm.bpm": 109.72747039794922, "rhythm.bpm_histogram_first_peak_bpm": 110.0, "rhythm.bpm_histogram_first_peak_weight": 0.5384615659713745, "rhythm.bpm_histogram_second_peak_bpm": 105.0, "rhythm.bpm_histogram_second_peak_spread": 0.0, "rhythm.bpm_histogram_second_peak_weight": 0.04651162773370743, "rhythm.danceability": 1.4735742807388306, "rhythm.onset_rate": 4.567960739135742, "tonal.chords_changes_rate": 0.06870228797197342, "tonal.chords_number_rate": 0.017175571992993355, "tonal.chords_strength.mean": 0.49120092391967773, "tonal.chords_strength.stdev": 0.12017615139484406, "tonal.hpcp_crest.mean": 14.317473411560059, "tonal.hpcp_crest.stdev": 7.042413234710693, "tonal.hpcp_entropy.mean": 2.0265145301818848, "tonal.hpcp_entropy.stdev": 0.7975201606750488, "tonal.key_edma.strength": 0.6191458702087402, "tonal.key_krumhansl.strength": 0.6282598376274109, "tonal.key_temperley.strength": 0.6279250383377075, "tonal.tuning_diatonic_strength": 0.4333736002445221, "tonal.tuning_equal_tempered_deviation": 0.09985949099063873, "tonal.tuning_frequency": 438.7310485839844, "tonal.tuning_nontempered_energy_ratio": 0.77495276927948, "lowlevel.barkbands.mean": [0.0001996847422560677, 0.0025766652543097734, 0.002334336517378688, 0.002953845541924238, 0.005912940017879009, 0.0010332935489714146, 0.002266545780003071, 0.001746573019772768, 0.0013787848874926567, 0.0005173968966118991, 0.00037036367575637996, 0.0004020532942377031, 0.0002659918100107461, 0.00019826968491543084, 0.00025261088740080595, 0.00039650939288549125, 0.0005703173810616136, 0.00022202174295671284, 0.0005506908055394888, 0.00024254996969830245, 0.00018605563673190773, 0.0002346184483030811, 0.00034961491473950446, 0.0002595865516923368, 0.00019197519577573985, 0.00011993823864031583, 7.463279416697333e-06], "lowlevel.barkbands.stdev": [0.0006618431652896106, 0.00835538562387228, 0.00664228480309248, 0.004556265659630299, 0.012465515173971653, 0.002556001069024205, 0.005507861729711294, 0.005209393799304962, 0.00399301340803504, 0.0015187927056103945, 0.0013172918697819114, 0.0015067370841279626, 0.0008982657454907894, 0.0007145839626900852, 0.0007740127039141953, 0.0008663518237881362, 0.0009984783828258514, 0.0003423536545597017, 0.0008766195387579501, 0.0003133499121759087, 0.0003288366715423763, 0.0005420458619482815, 0.0010790983214974403, 0.0008141339640133083, 0.0004160212993156165, 0.00019592748139984906, 2.061643681372516e-05], "lowlevel.erbbands.mean": [0.0736185684800148, 0.5933505892753601, 2.52579665184021, 6.289841651916504, 17.88652229309082, 20.063753128051758, 8.204912185668945, 9.661486625671387, 28.58388328552246, 39.50581359863281, 33.37794876098633, 31.003259658813477, 21.48713493347168, 11.345748901367188, 19.109546661376953, 14.85582160949707, 12.782994270324707, 10.261192321777344, 11.203910827636719, 15.60414981842041, 26.9681396484375, 31.55866050720215, 13.4071626663208, 22.5435791015625, 23.416439056396484, 11.704025268554688, 8.303266525268555, 7.329784870147705, 8.22220516204834, 9.275811195373535, 9.776276588439941, 6.329814910888672, 3.9505198001861572, 2.314762592315674, 1.2972257137298584, 0.6096200346946716, 0.20506596565246582, 0.03216618299484253, 0.0008831591112539172, 5.7915964134735987e-05], "lowlevel.erbbands.stdev": [0.28942081332206726, 1.8891760110855103, 6.632937431335449, 11.374464988708496, 26.60060691833496, 51.09894561767578, 19.636119842529297, 24.520254135131836, 78.10111236572266, 97.15322875976562, 88.94905853271484, 91.20209503173828, 65.21106719970703, 30.210559844970703, 66.68082427978516, 49.560550689697266, 40.851680755615234, 35.17668914794922, 31.192054748535156, 44.82148742675781, 51.211814880371094, 54.85635757446289, 21.190710067749023, 32.85203552246094, 37.033512115478516, 15.496495246887207, 13.140105247497559, 13.781444549560547, 18.64244842529297, 23.910053253173828, 30.95625114440918, 20.218297958374023, 12.406920433044434, 5.908728122711182, 2.513406991958618, 1.034893274307251, 0.35460343956947327, 0.06659874320030212, 0.001998893218114972, 5.866548963240348e-05], "lowlevel.gfcc.mean": [-9.035574913024902, 70.948486328125, -108.11958312988281, 42.92669677734375, -58.919921875, -6.503177165985107, -44.02293014526367, 12.598099708557129, -37.96810531616211, -7.169949531555176, -28.131454467773438, -4.183082103729248, -16.772031784057617], "lowlevel.melbands.mean": [0.0006752741173841059, 0.0011370861902832985, 0.0014466425636783242, 0.001517501543276012, 0.00036207138327881694, 0.00022602033277507871, 0.00043613213347271085, 0.0004323780594859272, 0.00027355074416846037, 0.0001832669513532892, 0.00010352349636377767, 4.4796768634114414e-05, 5.9263998991809785e-05, 4.640988481696695e-05, 3.679723886307329e-05, 2.3065696950652637e-05, 1.847392377385404e-05, 1.723894638416823e-05, 1.9821080059045926e-05, 2.218802364950534e-05, 3.4267959563294426e-05, 3.704276605276391e-05, 1.626489574846346e-05, 9.473305908613838e-06, 1.898954542411957e-05, 2.2196865756995976e-05, 1.0477246178197674e-05, 7.088640813890379e-06, 5.281666290102294e-06, 4.519090907706413e-06, 4.224914391670609e-06, 4.683401130023412e-06, 4.5527872316597495e-06, 5.511450581252575e-06, 5.81060339754913e-06, 4.978109700459754e-06, 3.5157786442141514e-06, 2.963910901598865e-06, 2.0892048269161023e-06, 1.9058002180827316e-06], "lowlevel.melbands.stdev": [0.0023579357657581568, 0.0030874155927449465, 0.001948871766217053, 0.0032445883844047785, 0.0007804744527675211, 0.0005440656677819788, 0.0011370654683560133, 0.0011254658456891775, 0.0007254738011397421, 0.0005387821001932025, 0.0003270505403634161, 0.0001328267389908433, 0.00020509189926087856, 0.00018062940216623247, 0.0001371810067212209, 7.551080489065498e-05, 6.746390135958791e-05, 5.276715455693193e-05, 6.724644481437281e-05, 5.951161074335687e-05, 6.481714081019163e-05, 6.793449574615806e-05, 2.9862139854230918e-05, 1.3520636457542423e-05, 2.873497396649327e-05, 3.948566154576838e-05, 1.3384037629293744e-05, 1.1044972779927775e-05, 8.399458238272928e-06, 8.440116289420985e-06, 8.372031516046263e-06, 1.0625888535287231e-05, 1.169724237115588e-05, 1.4952550372981932e-05, 1.8276410628459416e-05, 1.7209651559824124e-05, 1.1287236702628434e-05, 9.81101311481325e-06, 5.854861228726804e-06, 4.886252099822741e-06], "lowlevel.melbands128.mean": [0.00015992588305380195, 0.0005968482582829893, 0.0007917070179246366, 0.0010120687074959278, 0.001282662502489984, 0.0010843132622539997, 0.001112207188270986, 0.0016575251938775182, 0.0017624275060370564, 0.0019881892949342728, 0.001028406317345798, 0.0003900468582287431, 0.00023238983703777194, 0.00022285639715846628, 0.00019190620514564216, 0.00019243017595726997, 0.0004355608543846756, 0.0005150715005584061, 0.00038580645923502743, 0.0004663855361286551, 0.0004818616434931755, 0.0002678580640349537, 0.00022820346930529922, 0.00029956415528431535, 0.0002283032808918506, 0.00011034575436497107, 0.00013683571887668222, 0.00010733545786933973, 7.946475670905784e-05, 5.154967584530823e-05, 2.732715438469313e-05, 3.843281592708081e-05, 6.352576747303829e-05, 7.447991811204702e-05, 5.978628541924991e-05, 2.9941140383016318e-05, 3.735928112291731e-05, 4.1844505176413804e-05, 3.515216303640045e-05, 2.4597053197794594e-05, 2.1065610781079158e-05, 1.8802333215717226e-05, 1.8632141291163862e-05, 1.8720520529313944e-05, 1.6697154933353886e-05, 1.751662239257712e-05, 1.6794125258456916e-05, 1.789207453839481e-05, 2.350457725697197e-05, 2.0002873498015106e-05, 1.808865818020422e-05, 2.9690374503843486e-05, 3.064245538553223e-05, 3.486738205538131e-05, 4.524163159658201e-05, 4.031723437947221e-05, 3.0288229027064517e-05, 1.6211464753723703e-05, 1.402012821927201e-05, 9.342654266220052e-06, 7.883681973908097e-06, 9.242988198820967e-06, 1.593857268744614e-05, 2.008052615565248e-05, 2.785388278425671e-05, 2.4470900825690478e-05, 1.9153341781930067e-05, 1.0866426237043925e-05, 8.947886271926109e-06, 8.820899893180467e-06, 6.599484095204389e-06, 6.872825451864628e-06, 5.9439666983962525e-06, 4.815378815692384e-06, 4.6372551878448576e-06, 5.037513801653404e-06, 4.242143404553644e-06, 3.553601800376782e-06, 4.340458417573245e-06, 4.659347723645624e-06, 4.942567102261819e-06, 4.620057552529033e-06, 4.277630978322122e-06, 4.660496415453963e-06, 4.518624336924404e-06, 5.102323939354392e-06, 5.7803090385277756e-06, 6.5706144596333615e-06, 5.65533173357835e-06, 5.321742264641216e-06, 5.926696758251637e-06, 4.865400114795193e-06, 3.5494297208060743e-06, 3.457477077972726e-06, 3.402243919481407e-06, 3.447078825047356e-06, 2.706045961531345e-06, 2.6296365831512958e-06, 2.008469209613395e-06, 1.8237064978166018e-06, 2.1135713268449763e-06, 1.8432313027005875e-06, 1.7920710888574831e-06, 1.7045267668436281e-06, 1.4230163287720643e-06, 1.2409389000822557e-06, 1.3386337514020852e-06, 1.2029677236569114e-06, 9.915266900861752e-07, 9.702550869405968e-07, 8.68923336838634e-07, 6.787890356463322e-07, 6.587318353012961e-07, 5.746227316194563e-07, 4.2450926684978185e-07, 3.025107844223385e-07, 2.2479746064618666e-07, 8.878513568788549e-08, 1.3043298885406784e-08, 9.491590673149641e-12, 8.19149956199361e-12, 6.592025102863941e-12, 6.09854788197195e-12, 6.192330502530208e-12, 5.185018213393899e-12, 3.6378083705101982e-12, 2.9868490493412114e-12, 2.8841339039242797e-12], "lowlevel.melbands128.stdev": [0.0006112517439760268, 0.002565336413681507, 0.0031828503124415874, 0.003223386127501726, 0.003337227739393711, 0.003327034180983901, 0.00255715474486351, 0.00249313423410058, 0.0026295259594917297, 0.00540841743350029, 0.00296252709813416, 0.0009805869776755571, 0.0008201502496376634, 0.0006766574224457145, 0.0006996692973189056, 0.0006362975109368563, 0.0014245782513171434, 0.001686617499217391, 0.0012768418528139591, 0.0013966967817395926, 0.0017731512198224664, 0.0010595704661682248, 0.0009035723633132875, 0.0011397151974961162, 0.0009115463471971452, 0.00041828263783827424, 0.0007133504841476679, 0.0003726153518073261, 0.0003513569536153227, 0.0001923975651152432, 9.673424938227981e-05, 0.00017989393381867558, 0.0002853098267223686, 0.00035097156069241464, 0.00032832875149324536, 0.00016035677981562912, 0.00017607044719625264, 0.00021062445011921227, 0.0001750779920257628, 0.00011094502406194806, 9.353663335787132e-05, 9.369661711389199e-05, 0.00010081563232233748, 8.408711437368765e-05, 6.596856837859377e-05, 7.455684681190178e-05, 6.706493877572939e-05, 8.688094385433942e-05, 9.779847459867597e-05, 8.601303852628917e-05, 5.757362669100985e-05, 0.00010226413724012673, 6.966439832467586e-05, 7.861998892622069e-05, 0.00011739308683900163, 8.802617958281189e-05, 8.584418537793681e-05, 3.1428033253178e-05, 3.5007065889658406e-05, 1.9768360289162956e-05, 1.378869819745887e-05, 1.317532587563619e-05, 2.4103963369270787e-05, 3.557414675015025e-05, 5.9946603869320825e-05, 5.0098948122467846e-05, 4.05120626965072e-05, 1.981433160835877e-05, 1.3104022400511894e-05, 1.2128886737627909e-05, 1.1633803296717815e-05, 1.5564877685392275e-05, 1.0068692972708959e-05, 8.820093171379995e-06, 8.43875932332594e-06, 1.0113806638401002e-05, 9.031823537952732e-06, 6.986271273490274e-06, 9.482308996666688e-06, 1.0631862096488476e-05, 1.1575123608054128e-05, 1.1805552276200615e-05, 1.1517836355778854e-05, 1.2754880117427092e-05, 1.2540606803668197e-05, 1.431414875696646e-05, 1.687714939180296e-05, 2.137036972271744e-05, 1.8529048247728497e-05, 1.7873404431156814e-05, 2.4186128939618357e-05, 1.6999065337586217e-05, 1.2354585123830475e-05, 1.141117809311254e-05, 1.1189263204869349e-05, 1.2409280316205695e-05, 9.570751899445895e-06, 8.722916390979663e-06, 6.238906735234195e-06, 4.969594101567054e-06, 5.848296041222056e-06, 5.161374701856403e-06, 4.354304110165685e-06, 4.028982402815018e-06, 2.953673174488358e-06, 2.2142826310300734e-06, 2.4855748961272184e-06, 2.5289432414865587e-06, 1.7942364820555667e-06, 1.7383695194439497e-06, 1.6154970126081025e-06, 1.2910205668958952e-06, 1.3127373676979914e-06, 1.1778465704992414e-06, 9.018309583552764e-07, 6.73539773288212e-07, 5.83818405175407e-07, 3.272521098551806e-07, 7.803973289810529e-08, 6.716045775068125e-11, 7.518664857375512e-11, 5.051290288826671e-11, 4.9240951593976234e-11, 4.888950355663724e-11, 3.446098267856357e-11, 1.2368705018528381e-11, 4.893810617162542e-12, 4.7189543939119005e-12], "lowlevel.mfcc.mean": [-655.6517333984375, 103.71907806396484, 2.7885518074035645, 43.99972915649414, 3.2093260288238525, -9.859651565551758, -0.15307484567165375, 3.9263203144073486, -1.8849711418151855, -5.196812152862549, -8.371866226196289, -7.524510383605957, -2.132042646408081], "lowlevel.spectral_contrast_coeffs.mean": [-0.6245792508125305, -0.7326236963272095, -0.7894819378852844, -0.7959221005439758, -0.7833870053291321, -0.746728241443634], "lowlevel.spectral_contrast_coeffs.stdev": [0.07265592366456985, 0.09865212440490723, 0.06605356931686401, 0.05549895390868187, 0.051017943769693375, 0.048478517681360245], "lowlevel.spectral_contrast_valleys.mean": [-7.120274543762207, -7.115350246429443, -7.716012954711914, -7.946091175079346, -7.248467922210693, -10.399367332458496], "lowlevel.spectral_contrast_valleys.stdev": [0.8158628344535828, 0.6922369003295898, 0.6563351154327393, 0.6328861713409424, 0.48450058698654175, 1.3908132314682007], "rhythm.beats_loudness_band_ratio.mean": [0.46979090571403503, 0.34666791558265686, 0.13201811909675598, 0.03651760518550873, 0.05429980531334877, 0.0789712592959404], "rhythm.beats_loudness_band_ratio.stdev": [0.30173996090888977, 0.28046730160713196, 0.16710977256298065, 0.06960943341255188, 0.08614931255578995, 0.06256715953350067], "tonal.hpcp.mean": [0.29198333621025085, 0.1724361628293991, 0.042976103723049164, 0.04240794479846954, 0.06023053824901581, 0.07372590154409409, 0.10124306380748749, 0.09621845185756683, 0.07845795899629593, 0.10835757106542587, 0.10008876770734787, 0.06676221638917923, 0.052529413253068924, 0.04415000602602959, 0.05528854951262474, 0.07506157457828522, 0.07332932949066162, 0.061777014285326004, 0.06558189541101456, 0.06867145746946335, 0.13962942361831665, 0.2204061597585678, 0.14785580337047577, 0.09893779456615448, 0.1437225490808487, 0.10036670416593552, 0.04155301675200462, 0.04372696951031685, 0.05470077693462372, 0.13755203783512115, 0.255811870098114, 0.18543165922164917, 0.081594318151474, 0.10303685069084167, 0.117392398416996, 0.2049424648284912], "tonal.hpcp.stdev": [0.38519376516342163, 0.2713521718978882, 0.13281114399433136, 0.1422763168811798, 0.17908622324466705, 0.19482421875, 0.21021273732185364, 0.20310920476913452, 0.1847570240497589, 0.2359803020954132, 0.20707516372203827, 0.16757993400096893, 0.1364123523235321, 0.11174065619707108, 0.13321466743946075, 0.16263674199581146, 0.15708328783512115, 0.14983198046684265, 0.14762096107006073, 0.16293953359127045, 0.23481492698192596, 0.3315257430076599, 0.23532670736312866, 0.18712963163852692, 0.30181896686553955, 0.22501610219478607, 0.12810534238815308, 0.13578587770462036, 0.14865770936012268, 0.224553182721138, 0.37808239459991455, 0.27282771468162537, 0.17043595016002655, 0.2211645096540451, 0.225938618183136, 0.28202712535858154], "rhythm.beats_position": [0.4876190423965454, 1.0100680589675903, 1.5557368993759155, 2.11301589012146, 2.6819047927856445, 3.2275736331939697, 3.7848525047302246, 4.342131614685059, 4.887800216674805, 5.445079326629639, 5.990748405456543, 6.524806976318359, 7.082086086273193, 7.639364719390869, 8.185033798217773, 8.74231243133545, 9.287981986999512, 9.822040557861328, 10.379319190979004, 10.913378715515137, 11.447437286376953, 12.004715919494629, 12.561995506286621, 13.096054077148438, 13.641722679138184, 14.187392234802246, 14.721450805664062, 15.267120361328125, 15.812788963317871, 16.358457565307617, 16.90412712097168, 17.46140480041504, 18.0070743560791, 18.575963973999023, 19.133241653442383, 19.667301177978516, 20.224580764770508, 20.770248413085938, 21.29269790649414, 21.838367462158203, 22.384035110473633, 22.918094635009766, 23.463764190673828, 24.009431838989258], "rhythm.bpm_histogram": [0.0, 0.0, 0.0, 0.0, 0.0, 0.0, 0.0, 0.0, 0.0, 0.0, 0.0, 0.0, 0.0, 0.0, 0.0, 0.0, 0.0, 0.0, 0.0, 0.0, 0.0, 0.0, 0.0, 0.0, 0.0, 0.0, 0.0, 0.0, 0.0, 0.0, 0.0, 0.0, 0.0, 0.0, 0.0, 0.0, 0.0, 0.0, 0.0, 0.0, 0.0, 0.0, 0.0, 0.0, 0.0, 0.0, 0.0, 0.0, 0.0, 0.0, 0.0, 0.0, 0.0, 0.0, 0.0, 0.0, 0.0, 0.0, 0.0, 0.0, 0.0, 0.0, 0.0, 0.0, 0.0, 0.0, 0.0, 0.0, 0.0, 0.0, 0.0, 0.0, 0.0, 0.0, 0.0, 0.0, 0.0, 0.0, 0.0, 0.0, 0.0, 0.0, 0.0, 0.0, 0.0, 0.0, 0.0, 0.0, 0.0, 0.0, 0.0, 0.0, 0.0, 0.0, 0.0, 0.0, 0.0, 0.0, 0.0, 0.0, 0.0, 0.0, 0.0, 0.0, 0.0, 0.04651162773370743, 0.0, 0.0, 0.302325576543808, 0.0, 0.41860464215278625, 0.0, 0.1860465109348297, 0.0, 0.0, 0.04651162773370743, 0.0, 0.0, 0.0, 0.0, 0.0, 0.0, 0.0, 0.0, 0.0, 0.0, 0.0, 0.0, 0.0, 0.0, 0.0, 0.0, 0.0, 0.0, 0.0, 0.0, 0.0, 0.0, 0.0, 0.0, 0.0, 0.0, 0.0, 0.0, 0.0, 0.0, 0.0, 0.0, 0.0, 0.0, 0.0, 0.0, 0.0, 0.0, 0.0, 0.0, 0.0, 0.0, 0.0, 0.0, 0.0, 0.0, 0.0, 0.0, 0.0, 0.0, 0.0, 0.0, 0.0, 0.0, 0.0, 0.0, 0.0, 0.0, 0.0, 0.0, 0.0, 0.0, 0.0, 0.0, 0.0, 0.0, 0.0, 0.0, 0.0, 0.0, 0.0, 0.0, 0.0, 0.0, 0.0, 0.0, 0.0, 0.0, 0.0, 0.0, 0.0, 0.0, 0.0, 0.0, 0.0, 0.0, 0.0, 0.0, 0.0, 0.0, 0.0, 0.0, 0.0, 0.0, 0.0, 0.0, 0.0, 0.0, 0.0, 0.0, 0.0, 0.0, 0.0, 0.0, 0.0, 0.0, 0.0, 0.0, 0.0, 0.0, 0.0, 0.0, 0.0, 0.0, 0.0, 0.0, 0.0, 0.0, 0.0, 0.0, 0.0, 0.0, 0.0, 0.0, 0.0, 0.0, 0.0, 0.0, 0.0, 0.0, 0.0, 0.0, 0.0, 0.0], "tonal.chords_histogram": [16.60305404663086, 13.740458488464355, 1.5267175436019897, 15.83969497680664, 0.0, 0.572519063949585, 0.0, 19.6564884185791, 10.687023162841797, 0.0, 0.0, 0.0, 0.0, 0.0, 0.0, 0.0, 11.832060813903809, 0.9541984796524048, 0.0, 0.0, 3.816793918609619, 0.0, 4.770992279052734, 0.0], "tonal.thpcp": [1.0, 0.590568482875824, 0.14718683063983917, 0.14524097740650177, 0.20628073811531067, 0.25250038504600525, 0.3467426002025604, 0.32953405380249023, 0.2687069773674011, 0.371108740568161, 0.34278932213783264, 0.2286507785320282, 0.17990551888942719, 0.15120728313922882, 0.18935514986515045, 0.25707486271858215, 0.2511421740055084, 0.21157719194889069, 0.22460834681987762, 0.23518964648246765, 0.4782102406024933, 0.754858672618866, 0.5063843727111816, 0.33884739875793457, 0.49222859740257263, 0.34374120831489563, 0.14231297373771667, 0.149758443236351, 0.18734212219715118, 0.4710955023765564, 0.8761180639266968, 0.6350761651992798, 0.279448539018631, 0.35288605093955994, 0.402051717042923, 0.7018977999687195], "lowlevel.gfcc.cov": [[3700.492919921875, -1463.0440673828125, 824.941162109375, -307.3814392089844, -354.4183654785156, 561.9835205078125, -384.735595703125, 263.6771240234375, 142.4276123046875, 216.174560546875, -89.34160614013672, 217.5271453857422, -328.749755859375], [-1463.0440673828125, 2310.905517578125, -855.3603515625, -73.44873809814453, 348.09814453125, -488.5429382324219, 402.92498779296875, -122.71221923828125, 134.52833557128906, -208.2823028564453, 219.6572723388672, -259.0480651855469, 195.43032836914062], [824.941162109375, -855.3603515625, 1283.5859375, 261.054931640625, 94.80958557128906, 392.66693115234375, 9.297211647033691, 138.2021942138672, -115.31171417236328, 53.361907958984375, -170.01170349121094, 180.7721405029297, -100.43031311035156], [-307.3814392089844, -73.44873809814453, 261.054931640625, 730.8770141601562, 133.59725952148438, 147.2974090576172, 30.61569595336914, -85.07888793945312, 8.45012378692627, -52.6014518737793, 12.791497230529785, -30.11040496826172, 81.58104705810547], [-354.4183654785156, 348.09814453125, 94.80958557128906, 133.59725952148438, 523.0269775390625, -24.99941062927246, 81.93828582763672, 0.6018586158752441, 4.626406669616699, 55.5566291809082, 4.126031875610352, -10.100979804992676, 18.678237915039062], [561.9835205078125, -488.5429382324219, 392.66693115234375, 147.2974090576172, -24.99941062927246, 438.05035400390625, 44.676448822021484, 54.196468353271484, -22.315095901489258, 13.283417701721191, -34.1579704284668, 48.16620635986328, -61.36081314086914], [-384.735595703125, 402.92498779296875, 9.297211647033691, 30.61569595336914, 81.93828582763672, 44.676448822021484, 398.62054443359375, 48.325374603271484, -57.06912612915039, -107.4157485961914, -14.677241325378418, -16.73501205444336, 32.33049011230469], [263.6771240234375, -122.71221923828125, 138.2021942138672, -85.07888793945312, 0.6018586158752441, 54.196468353271484, 48.325374603271484, 204.36221313476562, 41.26408386230469, 14.06238842010498, -18.58681869506836, 31.438720703125, -52.40318298339844], [142.4276123046875, 134.52833557128906, -115.31171417236328, 8.45012378692627, 4.626406669616699, -22.315095901489258, -57.06912612915039, 41.26408386230469, 180.34324645996094, 37.766876220703125, 63.78815841674805, -37.426239013671875, -7.694058895111084], [216.174560546875, -208.2823028564453, 53.361907958984375, -52.6014518737793, 55.5566291809082, 13.283417701721191, -107.4157485961914, 14.06238842010498, 37.766876220703125, 154.41868591308594, 16.994888305664062, 35.26564025878906, -46.056880950927734], [-89.34160614013672, 219.6572723388672, -170.01170349121094, 12.791497230529785, 4.126031875610352, -34.1579704284668, -14.677241325378418, -18.58681869506836, 63.78815841674805, 16.994888305664062, 124.7111587524414, -23.49224281311035, 19.801427841186523], [217.5271453857422, -259.0480651855469, 180.7721405029297, -30.11040496826172, -10.100979804992676, 48.16620635986328, -16.73501205444336, 31.438720703125, -37.426239013671875, 35.26564025878906, -23.49224281311035, 107.76737213134766, -13.115874290466309], [-328.749755859375, 195.43032836914062, -100.43031311035156, 81.58104705810547, 18.678237915039062, -61.36081314086914, 32.33049011230469, -52.40318298339844, -7.694058895111084, -46.056880950927734, 19.801427841186523, -13.115874290466309, 105.04757690429688]], "lowlevel.gfcc.icov": [[0.000658624165225774, -6.755175854777917e-05, -0.00017953262431547046, 0.0002479243266861886, 0.00028655753703787923, -0.000659709214232862, 0.0005262739141471684, -6.3009858422447e-05, -0.0007302635349333286, 0.00011024888226529583, 0.00022241957776714116, -0.0008136673714034259, 0.0010443010833114386], [-6.755175854777917e-05, 0.0022370105143636465, -0.0001882608194136992, 0.0008650843519717455, -0.0014309193938970566, 0.0016251248307526112, -0.0019382890313863754, 0.0010982052190229297, -0.0013345518382266164, 0.0020580559503287077, -0.002804545219987631, 0.002694038674235344, -0.00120725657325238], [-0.00017953262431547046, -0.0001882608194136992, 0.002064380096271634, -0.0009697663481347263, -0.0002773439628072083, -0.0008721177582629025, 0.00026693567633628845, -0.000922445091418922, 0.0007989852456375957, -0.00022457873274106532, 0.0018370210891589522, -0.002295974176377058, 0.000839842134155333], [0.0002479243266861886, 0.0008650843519717455, -0.0009697663481347263, 0.002800462767481804, -0.0009424256859347224, -0.0003671988961286843, -0.0003676202322822064, 0.0014391769655048847, -0.0015037350822240114, 0.0015923930332064629, -0.0016146425623446703, 0.0019464015495032072, -0.0020159573759883642], [0.00028655753703787923, -0.0014309193938970566, -0.0002773439628072083, -0.0009424256859347224, 0.0035538128577172756, -0.000656653952319175, 0.0004046271205879748, -0.0007893519359640777, 0.000685620354488492, -0.0033894365187734365, 0.0018972387770190835, -0.001066782628186047, 0.0005651863757520914], [-0.000659709214232862, 0.0016251248307526112, -0.0008721177582629025, -0.0003671988961286843, -0.000656653952319175, 0.005462225526571274, -0.002577400067821145, 0.0008258241578005254, -0.0002950232883449644, 0.00103937485255301, -0.002699707867577672, 0.0024382693227380514, 0.00012343157141003758], [0.0005262739141471684, -0.0019382890313863754, 0.00026693567633628845, -0.0003676202322822064, 0.0004046271205879748, -0.002577400067821145, 0.0059607927687466145, -0.0025283130817115307, 0.0019315065583214164, 0.0010772108798846602, 0.0020213136449456215, -0.002533762017264962, 0.0010367947397753596], [-6.3009858422447e-05, 0.0010982052190229297, -0.000922445091418922, 0.0014391769655048847, -0.0007893519359640777, 0.0008258241578005254, -0.0025283130817115307, 0.008504098281264305, -0.004250342957675457, 0.0018996779108420014, -0.0006749661406502128, -0.0006044257897883654, 0.0019766362383961678], [-0.0007302635349333286, -0.0013345518382266164, 0.0007989852456375957, -0.0015037350822240114, 0.000685620354488492, -0.0002950232883449644, 0.0019315065583214164, -0.004250342957675457, 0.011201418936252594, -0.0034392799716442823, -0.0020559246186167, 0.002706630388274789, -0.0008418911602348089], [0.00011024888226529583, 0.0020580559503287077, -0.00022457873274106532, 0.0015923930332064629, -0.0033894365187734365, 0.00103937485255301, 0.0010772108798846602, 0.0018996779108420014, -0.0034392799716442823, 0.014218856580555439, -0.004307915456593037, -0.001991187920793891, 0.0034363761078566313], [0.00022241957776714116, -0.002804545219987631, 0.0018370210891589522, -0.0016146425623446703, 0.0018972387770190835, -0.002699707867577672, 0.0020213136449456215, -0.0006749661406502128, -0.0020559246186167, -0.004307915456593037, 0.01581750065088272, -0.004629023838788271, 0.00045185518683865666], [-0.0008136673714034259, 0.002694038674235344, -0.002295974176377058, 0.0019464015495032072, -0.001066782628186047, 0.0024382693227380514, -0.002533762017264962, -0.0006044257897883654, 0.002706630388274789, -0.001991187920793891, -0.004629023838788271, 0.02018260955810547, -0.006455075461417437], [0.0010443010833114386, -0.00120725657325238, 0.000839842134155333, -0.0020159573759883642, 0.0005651863757520914, 0.00012343157141003758, 0.0010367947397753596, 0.0019766362383961678, -0.0008418911602348089, 0.0034363761078566313, 0.00045185518683865666, -0.006455075461417437, 0.018594590947031975]], "lowlevel.mfcc.cov": [[3182.208984375, -1128.1197509765625, 640.7299194335938, -699.9042358398438, 125.81387329101562, -11.235027313232422, -320.9013366699219, 58.30590057373047, -81.1458969116211, 99.2886734008789, 197.51353454589844, 99.72807312011719, 16.634950637817383], [-1128.1197509765625, 2009.29833984375, -900.2301635742188, 232.71112060546875, -178.19342041015625, -205.46688842773438, 126.31073760986328, -23.584110260009766, 64.92874908447266, -33.29433822631836, 12.506767272949219, 25.887414932250977, 93.58470153808594], [640.7299194335938, -900.2301635742188, 1113.21533203125, -53.81990432739258, 131.70425415039062, 197.39801025390625, 86.25684356689453, 188.28353881835938, 48.67868423461914, 29.055492401123047, -42.65659713745117, 10.250330924987793, -56.4438362121582], [-699.9042358398438, 232.71112060546875, -53.81990432739258, 590.660400390625, 127.10026550292969, 111.24781799316406, 97.75952911376953, 10.428442001342773, 41.11955642700195, 0.33991578221321106, -58.785160064697266, -54.11222457885742, -12.851387977600098], [125.81387329101562, -178.19342041015625, 131.70425415039062, 127.10026550292969, 440.1357421875, 122.16110229492188, -36.774147033691406, -39.8441162109375, -9.959695816040039, 73.8656234741211, 52.318206787109375, -11.541367530822754, 11.899279594421387], [-11.235027313232422, -205.46688842773438, 197.39801025390625, 111.24781799316406, 122.16110229492188, 315.26348876953125, 126.39507293701172, 34.1531867980957, 18.126073837280273, 7.807478904724121, -6.952857971191406, 8.340264320373535, -40.243350982666016], [-320.9013366699219, 126.31073760986328, 86.25684356689453, 97.75952911376953, -36.774147033691406, 126.39507293701172, 294.5580139160156, 138.8690643310547, 78.867431640625, -18.953340530395508, -13.463895797729492, 9.475739479064941, -30.351654052734375], [58.30590057373047, -23.584110260009766, 188.28353881835938, 10.428442001342773, -39.8441162109375, 34.1531867980957, 138.8690643310547, 224.9813232421875, 85.97776794433594, 19.28927230834961, 6.744319915771484, 19.463186264038086, -15.436767578125], [-81.1458969116211, 64.92874908447266, 48.67868423461914, 41.11955642700195, -9.959695816040039, 18.126073837280273, 78.867431640625, 85.97776794433594, 125.24261474609375, 16.9770450592041, 2.3839781284332275, 7.5013651847839355, -14.656891822814941], [99.2886734008789, -33.29433822631836, 29.055492401123047, 0.33991578221321106, 73.8656234741211, 7.807478904724121, -18.953340530395508, 19.28927230834961, 16.9770450592041, 101.81474304199219, 56.95433807373047, 14.321455955505371, 6.440991401672363], [197.51353454589844, 12.506767272949219, -42.65659713745117, -58.785160064697266, 52.318206787109375, -6.952857971191406, -13.463895797729492, 6.744319915771484, 2.3839781284332275, 56.95433807373047, 128.01756286621094, 40.24177169799805, 16.627517700195312], [99.72807312011719, 25.887414932250977, 10.250330924987793, -54.11222457885742, -11.541367530822754, 8.340264320373535, 9.475739479064941, 19.463186264038086, 7.5013651847839355, 14.321455955505371, 40.24177169799805, 81.97773742675781, 28.390239715576172], [16.634950637817383, 93.58470153808594, -56.4438362121582, -12.851387977600098, 11.899279594421387, -40.243350982666016, -30.351654052734375, -15.436767578125, -14.656891822814941, 6.440991401672363, 16.627517700195312, 28.390239715576172, 95.59640502929688]], "lowlevel.mfcc.icov": [[0.0006760073592886329, 0.00013175116328056902, -0.0002204723423346877, 0.0005672090337611735, -9.381865675095469e-05, -0.0002294575097039342, 0.0008432883769273758, -0.0005450756871141493, 0.00012012349907308817, 0.00023344875080510974, -0.0008069700561463833, -6.005311297485605e-05, -4.484553574002348e-05], [0.00013175116328056902, 0.00105515297036618, 0.0007275958778336644, -0.000232472360949032, 3.4125081583624706e-05, 0.0004972335300408304, -0.0005429206066764891, -0.0001208011235576123, -0.00035327617661096156, 2.4549110094085336e-05, 9.33861610974418e-06, -0.00047457515029236674, -0.0005608391365967691], [-0.0002204723423346877, 0.0007275958778336644, 0.0020409910939633846, -2.924943510151934e-05, -0.0004620871623046696, -0.00026244486798532307, -0.00036476089735515416, -0.0013051866553723812, -0.00011752992577385157, -0.0003126247611362487, 0.0014608892379328609, -0.0006000582943670452, 7.484472007490695e-05], [0.0005672090337611735, -0.000232472360949032, -2.924943510151934e-05, 0.002970978384837508, -0.0008712105336599052, -0.0009157813619822264, 0.0002842585963662714, -0.0004638643586076796, -0.00036149693187326193, -0.00022876719594933093, 0.0006092144176363945, 0.0012641591019928455, -0.0002721233176998794], [-9.381865675095469e-05, 3.4125081583624706e-05, -0.0004620871623046696, -0.0008712105336599052, 0.0037490972317755222, -0.0013411473482847214, 0.0005622482276521623, 0.001017414266243577, -0.00013138547365088016, -0.0017078918172046542, -0.001543737482279539, 0.0014105718582868576, -0.0011509570758789778], [-0.0002294575097039342, 0.0004972335300408304, -0.00026244486798532307, -0.0009157813619822264, -0.0013411473482847214, 0.005950551945716143, -0.003330458654090762, 0.0013942680088803172, 0.0005181417218409479, -0.0002422680117888376, 0.00080719287507236, -0.00218666298314929, 0.001719531835988164], [0.0008432883769273758, -0.0005429206066764891, -0.00036476089735515416, 0.0002842585963662714, 0.0005622482276521623, -0.003330458654090762, 0.008576844818890095, -0.004313649609684944, -0.0012708562426269054, 0.002483212621882558, -0.0017287967493757606, 0.0001315428817179054, 0.0006616251775994897], [-0.0005450756871141493, -0.0001208011235576123, -0.0013051866553723812, -0.0004638643586076796, 0.001017414266243577, 0.0013942680088803172, -0.004313649609684944, 0.009875304996967316, -0.003530912334099412, -0.0020002753008157015, 5.112307189847343e-05, -0.0005770413554273546, -0.00017861369997262955], [0.00012012349907308817, -0.00035327617661096156, -0.00011752992577385157, -0.00036149693187326193, -0.00013138547365088016, 0.0005181417218409479, -0.0012708562426269054, -0.003530912334099412, 0.012053344398736954, -0.0019798423163592815, 0.0005110317142680287, -0.0009179238113574684, 0.0016329035861417651], [0.00023344875080510974, 2.4549110094085336e-05, -0.0003126247611362487, -0.00022876719594933093, -0.0017078918172046542, -0.0002422680117888376, 0.002483212621882558, -0.0020002753008157015, -0.0019798423163592815, 0.015762759372591972, -0.006565220188349485, 0.00021574545826297253, 8.268049896287266e-06], [-0.0008069700561463833, 9.33861610974418e-06, 0.0014608892379328609, 0.0006092144176363945, -0.001543737482279539, 0.00080719287507236, -0.0017287967493757606, 5.112307189847343e-05, 0.0005110317142680287, -0.006565220188349485, 0.014809233136475086, -0.00528433034196496, 0.0005812720628455281], [-6.005311297485605e-05, -0.00047457515029236674, -0.0006000582943670452, 0.0012641591019928455, 0.0014105718582868576, -0.00218666298314929, 0.0001315428817179054, -0.0005770413554273546, -0.0009179238113574684, 0.00021574545826297253, -0.00528433034196496, 0.018443051725625992, -0.005570197477936745], [-4.484553574002348e-05, -0.0005608391365967691, 7.484472007490695e-05, -0.0002721233176998794, -0.0011509570758789778, 0.001719531835988164, 0.0006616251775994897, -0.00017861369997262955, 0.0016329035861417651, 8.268049896287266e-06, 0.0005812720628455281, -0.005570197477936745, 0.0138763897120952