{"song_id": "1182255420425908294", "download": "https://cdn.discordapp.com/attachments/1135911532732108921/1182255420425908294/chirp.mp4?ex=65840829&amp", "lyrics": "ruh ate\u015f su ask\n\n[Verse]\n\u00d6zg\u00fcne bir m\u00fczik rahat slot\nKalbimizde hissederiz her not\nS\u00f6zlerinle t\u0131n\u0131lan\u0131r bir umut\nRuhumuzda titrer, bitmez bu s\u0131cak\n\n[Chorus]\nRuhumuzun bitmeyen ate\u015fi\nY\u00fcre\u011fimizde yanar en derinde\n\u00d6zg\u00fcrce dans ederiz hissiyatla\nSonsuz bir m\u00fczi\u011fe e\u015flik ederiz biz", "style": ["ruhumuzun bitmeyen atesi"], "essentia_features": {"lowlevel.average_loudness": 0.8841513991355896, "lowlevel.barkbands_crest.mean": 14.587404251098633, "lowlevel.barkbands_crest.stdev": 4.731891632080078, "lowlevel.barkbands_flatness_db.mean": 0.3426991105079651, "lowlevel.barkbands_flatness_db.stdev": 0.13310393691062927, "lowlevel.barkbands_kurtosis.mean": 13.853007316589355, "lowlevel.barkbands_kurtosis.stdev": 22.71150779724121, "lowlevel.barkbands_skewness.mean": 2.037576913833618, "lowlevel.barkbands_skewness.stdev": 2.04278826713562, "lowlevel.barkbands_spread.mean": 9.566276550292969, "lowlevel.barkbands_spread.stdev": 16.506250381469727, "lowlevel.dissonance.mean": 0.36879584193229675, "lowlevel.dissonance.stdev": 0.08442312479019165, "lowlevel.dynamic_complexity": 9.079146385192871, "lowlevel.erbbands_crest.mean": 14.622215270996094, "lowlevel.erbbands_crest.stdev": 5.844295501708984, "lowlevel.erbbands_flatness_db.mean": 0.29376640915870667, "lowlevel.erbbands_flatness_db.stdev": 0.08709175884723663, "lowlevel.erbbands_kurtosis.mean": 6.491038799285889, "lowlevel.erbbands_kurtosis.stdev": 14.244667053222656, "lowlevel.erbbands_skewness.mean": 1.1230149269104004, "lowlevel.erbbands_skewness.stdev": 1.5300029516220093, "lowlevel.erbbands_spread.mean": 22.306638717651367, "lowlevel.erbbands_spread.stdev": 24.0585880279541, "lowlevel.hfc.mean": 9.54662799835205, "lowlevel.hfc.stdev": 13.886616706848145, "lowlevel.loudness_ebu128.integrated": -23.42142677307129, "lowlevel.loudness_ebu128.loudness_range": 9.295578002929688, "lowlevel.loudness_ebu128.momentary.mean": -27.97278594970703, "lowlevel.loudness_ebu128.momentary.stdev": 13.022061347961426, "lowlevel.loudness_ebu128.short_term.mean": -25.349441528320312, "lowlevel.loudness_ebu128.short_term.stdev": 4.364095687866211, "lowlevel.melbands_crest.mean": 19.912199020385742, "lowlevel.melbands_crest.stdev": 7.051288604736328, "lowlevel.melbands_flatness_db.mean": 0.4193503260612488, "lowlevel.melbands_flatness_db.stdev": 0.1739220917224884, "lowlevel.melbands_kurtosis.mean": 25.758686065673828, "lowlevel.melbands_kurtosis.stdev": 44.36861038208008, "lowlevel.melbands_skewness.mean": 2.935908317565918, "lowlevel.melbands_skewness.stdev": 2.593079090118408, "lowlevel.melbands_spread.mean": 13.176878929138184, "lowlevel.melbands_spread.stdev": 25.4328670501709, "lowlevel.pitch_salience.mean": 0.42623692750930786, "lowlevel.pitch_salience.stdev": 0.16082358360290527, "lowlevel.silence_rate_20dB.mean": 0.9994206428527832, "lowlevel.silence_rate_20dB.stdev": 0.024063315242528915, "lowlevel.silence_rate_30dB.mean": 0.9594438076019287, "lowlevel.silence_rate_30dB.stdev": 0.19725918769836426, "lowlevel.silence_rate_60dB.mean": 0.22595596313476562, "lowlevel.silence_rate_60dB.stdev": 0.41821107268333435, "lowlevel.spectral_centroid.mean": 740.4739990234375, "lowlevel.spectral_centroid.stdev": 912.78564453125, "lowlevel.spectral_complexity.mean": 5.0, "lowlevel.spectral_complexity.stdev": 3.690675973892212, "lowlevel.spectral_decrease.mean": -6.4566867408188955e-09, "lowlevel.spectral_decrease.stdev": 1.0518514947932545e-08, "lowlevel.spectral_energy.mean": 0.02523490972816944, "lowlevel.spectral_energy.stdev": 0.040542393922805786, "lowlevel.spectral_energyband_high.mean": 0.0001964668044820428, "lowlevel.spectral_energyband_high.stdev": 0.0006627209368161857, "lowlevel.spectral_energyband_low.mean": 0.011193715035915375, "lowlevel.spectral_energyband_low.stdev": 0.02920706570148468, "lowlevel.spectral_energyband_middle_high.mean": 0.0017615307588130236, "lowlevel.spectral_energyband_middle_high.stdev": 0.0048257834278047085, "lowlevel.spectral_energyband_middle_low.mean": 0.013170616701245308, "lowlevel.spectral_energyband_middle_low.stdev": 0.022714529186487198, "lowlevel.spectral_entropy.mean": 5.9332170486450195, "lowlevel.spectral_entropy.stdev": 1.2589755058288574, "lowlevel.spectral_flux.mean": 0.06742997467517853, "lowlevel.spectral_flux.stdev": 0.07799994200468063, "lowlevel.spectral_kurtosis.mean": 35.8675651550293, "lowlevel.spectral_kurtosis.stdev": 45.83464050292969, "lowlevel.spectral_rms.mean": 0.003945177420973778, "lowlevel.spectral_rms.stdev": 0.0030091500375419855, "lowlevel.spectral_rolloff.mean": 1274.430908203125, "lowlevel.spectral_rolloff.stdev": 2943.0869140625, "lowlevel.spectral_skewness.mean": 3.8993172645568848, "lowlevel.spectral_skewness.stdev": 2.8311538696289062, "lowlevel.spectral_spread.mean": 3047096.0, "lowlevel.spectral_spread.stdev": 2448288.75, "lowlevel.spectral_strongpeak.mean": 0.9844454526901245, "lowlevel.spectral_strongpeak.stdev": 1.3978924751281738, "lowlevel.zerocrossingrate.mean": 0.05288855358958244, "lowlevel.zerocrossingrate.stdev": 0.12316618114709854, "metadata.audio_properties.analysis.equal_loudness": 0.0, "metadata.audio_properties.analysis.length": 40.04265213012695, "metadata.audio_properties.analysis.sample_rate": 44100.0, "metadata.audio_properties.analysis.start_time": 0.0, "metadata.audio_properties.bit_rate": 105303.0, "metadata.audio_properties.length": 40.042667388916016, "metadata.audio_properties.lossless": 0.0, "metadata.audio_properties.number_channels": 1.0, "metadata.audio_properties.replay_gain": -4.182279586791992, "metadata.audio_properties.sample_rate": 48000.0, "rhythm.beats_count": 86.0, "rhythm.beats_loudness.mean": 0.06295110285282135, "rhythm.beats_loudness.stdev": 0.05368285998702049, "rhythm.bpm": 131.22349548339844, "rhythm.bpm_histogram_first_peak_bpm": 133.0, "rhythm.bpm_histogram_first_peak_weight": 0.4155844449996948, "rhythm.bpm_histogram_second_peak_bpm": 126.0, "rhythm.bpm_histogram_second_peak_spread": 0.40000003576278687, "rhythm.bpm_histogram_second_peak_weight": 0.03529411926865578, "rhythm.danceability": 1.3058032989501953, "rhythm.onset_rate": 3.470278739929199, "tonal.chords_changes_rate": 0.10300926119089127, "tonal.chords_number_rate": 0.011574073694646358, "tonal.chords_strength.mean": 0.508545458316803, "tonal.chords_strength.stdev": 0.07624322921037674, "tonal.hpcp_crest.mean": 17.88498878479004, "tonal.hpcp_crest.stdev": 9.122961044311523, "tonal.hpcp_entropy.mean": 1.3793398141860962, "tonal.hpcp_entropy.stdev": 0.8068138957023621, "tonal.key_edma.strength": 0.5403703451156616, "tonal.key_krumhansl.strength": 0.5217888951301575, "tonal.key_temperley.strength": 0.49234306812286377, "tonal.tuning_diatonic_strength": 0.5091091394424438, "tonal.tuning_equal_tempered_deviation": 0.2880149781703949, "tonal.tuning_frequency": 447.1741943359375, "tonal.tuning_nontempered_energy_ratio": 0.9752192497253418, "lowlevel.barkbands.mean": [5.726963081542635e-06, 0.001990571618080139, 0.008148450404405594, 0.001665025600232184, 0.004610838834196329, 0.0024141771718859673, 0.002266748109832406, 0.0010168731678277254, 0.0010470682755112648, 0.00035025665420107543, 0.00023499918461311609, 0.00026825169334188104, 0.0002038646925939247, 0.000186812540050596, 0.00026526450528763235, 0.00022822948812972754, 6.897582352394238e-05, 4.525698022916913e-05, 8.612531019025482e-06, 5.456679718918167e-05, 4.496465408010408e-05, 2.3609200070495717e-05, 2.6803925720741972e-05, 3.1094248697627336e-05, 1.9957698896178044e-05, 7.79105812398484e-06, 1.485196605699457e-07], "lowlevel.barkbands.stdev": [2.0463778128032573e-05, 0.0036776098422706127, 0.02290574088692665, 0.008867272175848484, 0.009343060664832592, 0.007790717296302319, 0.008877861313521862, 0.006526040378957987, 0.004441454075276852, 0.0023080555256456137, 0.0014727351954206824, 0.0015819830587133765, 0.0013242491986602545, 0.0012104740599170327, 0.0014961003325879574, 0.001490879338234663, 0.00026065215934067965, 0.00019966719264630228, 2.6702411560108885e-05, 0.0002088872715830803, 0.00013384288467932492, 9.098853479372337e-05, 0.0001753209508024156, 0.00019548431737348437, 0.00016295662499032915, 6.711427704431117e-05, 2.2883004930918105e-06], "lowlevel.erbbands.mean": [0.011141233146190643, 0.7516096830368042, 8.125455856323242, 7.8128981590271, 12.058250427246094, 14.933206558227539, 11.637096405029297, 24.017396926879883, 38.27644348144531, 22.08333396911621, 21.254261016845703, 21.227664947509766, 17.706314086914062, 7.520394802093506, 11.72608470916748, 9.735730171203613, 9.0620698928833, 12.348372459411621, 11.588546752929688, 12.324333190917969, 9.293099403381348, 4.386446475982666, 3.20377254486084, 0.6133971810340881, 0.6797686815261841, 2.4576759338378906, 2.417741298675537, 1.4308527708053589, 0.9215524792671204, 0.9073094725608826, 0.656191349029541, 0.5098176002502441, 0.5867663025856018, 0.2917296588420868, 0.1180584654211998, 0.03984169661998749, 0.013364648446440697, 0.0016507264226675034, 4.7024510422488675e-05, 2.9836750400136225e-05], "lowlevel.erbbands.stdev": [0.020866116508841515, 1.4463461637496948, 20.648229598999023, 30.917665481567383, 29.997365951538086, 33.187294006347656, 39.452274322509766, 77.37985229492188, 140.7946014404297, 104.68682098388672, 122.95050811767578, 91.1056900024414, 123.7786636352539, 36.61016845703125, 70.98777770996094, 51.424503326416016, 49.06019973754883, 74.44292449951172, 59.82984161376953, 60.91630935668945, 49.48549270629883, 15.850129127502441, 13.842265129089355, 1.576548457145691, 1.8261058330535889, 9.49021053314209, 7.668826580047607, 4.318253517150879, 3.3103792667388916, 5.406403064727783, 4.339450836181641, 3.682777166366577, 3.605421543121338, 2.3180761337280273, 1.0258593559265137, 0.37390926480293274, 0.11686898022890091, 0.016823286190629005, 0.0003337786765769124, 4.572502075461671e-05], "lowlevel.gfcc.mean": [-229.67640686035156, 153.6583251953125, -84.35580444335938, 25.877099990844727, -48.633522033691406, 0.8079178333282471, -19.532550811767578, -11.755794525146484, -20.52423858642578, -17.614116668701172, -16.56178092956543, -13.705775260925293, 1.461918592453003], "lowlevel.melbands.mean": [0.00028912906418554485, 0.0030013055074959993, 0.0014638229040428996, 0.0010913030710071325, 0.0004298186977393925, 0.0005492973141372204, 0.0005303052603267133, 0.00023566000163555145, 0.0001724645699141547, 0.00013516488252207637, 8.612293459009379e-05, 2.9892231395933777e-05, 3.318416202091612e-05, 3.416398976696655e-05, 2.1192969143157825e-05, 2.395558294665534e-05, 2.072673123620916e-05, 1.5471376173081808e-05, 1.916791734402068e-05, 1.936600347107742e-05, 8.148008419084363e-06, 4.527074906945927e-06, 3.7548140880971914e-06, 1.6198280263779452e-06, 3.7089915849719546e-07, 3.16259956889553e-07, 7.628595426467655e-07, 1.9886028894688934e-06, 1.7247386949748034e-06, 1.154524056801165e-06, 6.947109909560822e-07, 5.434085323940963e-07, 3.960570325034496e-07, 5.695745812772657e-07, 4.026276485546987e-07, 2.989418419474532e-07, 3.1785103260517644e-07, 4.216416016333824e-07, 3.4269814364051854e-07, 2.2208185157523985e-07], "lowlevel.melbands.stdev": [0.0005291741108521819, 0.007397786248475313, 0.00488258944824338, 0.0022867093794047832, 0.0012580559123307467, 0.0016677737003192306, 0.001976134954020381, 0.0012360422406345606, 0.0008985397289507091, 0.0005744398222304881, 0.000604561937507242, 0.00014097001985646784, 0.00020018104987684637, 0.00020811092690564692, 0.00015459166024811566, 0.0001543179532745853, 0.00013521987420972437, 8.316835737787187e-05, 0.0001256376999663189, 0.00014092666970100254, 3.906289566657506e-05, 1.8161634216085076e-05, 1.3580118320533074e-05, 7.547706445620861e-06, 1.1073472023781505e-06, 1.0501680662855506e-06, 2.304186409674003e-06, 8.681261533638462e-06, 6.1351324802672025e-06, 3.792555162362987e-06, 2.1741118416684913e-06, 1.8874985698857927e-06, 1.8291934793523978e-06, 3.7255927054502536e-06, 2.740413265200914e-06, 2.2763299512007507e-06, 2.3015234091872117e-06, 2.6455197712493828e-06, 2.3766415324644186e-06, 2.0457480331970146e-06], "lowlevel.melbands128.mean": [3.2374969123338815e-06, 7.0603850872430485e-06, 0.00010019026376539841, 0.0013732616789638996, 0.004075269680470228, 0.0036811428144574165, 0.0015960456803441048, 0.0007059458876028657, 0.00124748470261693, 0.0015049567446112633, 0.0007060336647555232, 0.00042012217454612255, 0.000343315361533314, 0.0004303719906602055, 0.0005504891159944236, 0.0005284346989355981, 0.0008124551386572421, 0.0005243278574198484, 0.0002074158692266792, 0.00022263682330958545, 0.0002751483116298914, 0.000208297700737603, 0.00012303479888942093, 0.00019794667605310678, 0.00012670207070186734, 0.00011349877604516223, 0.00014228701184038073, 7.236014062073082e-05, 6.307925650617108e-05, 2.514792140573263e-05, 2.4754926926107146e-05, 2.3195272660814226e-05, 2.254757418995723e-05, 5.574883834924549e-05, 4.106966662220657e-05, 2.80713848042069e-05, 1.6803955077193677e-05, 3.101919355685823e-05, 1.424561287421966e-05, 1.3937629773863591e-05, 2.652531475177966e-05, 3.639949136413634e-05, 2.960593883472029e-05, 6.444116024795221e-06, 5.387144938140409e-06, 1.987787072721403e-05, 2.262564521515742e-05, 2.7285563191981055e-05, 1.2215257811476476e-05, 9.067997780221049e-06, 2.9761207770206966e-05, 1.9564849935704842e-05, 6.988094355619978e-06, 5.071693522040732e-06, 3.6227652344678063e-06, 5.729924851038959e-06, 3.7584102301480016e-06, 3.2766288313723635e-06, 4.139785687584663e-06, 4.214654836687259e-06, 8.228333285842382e-07, 4.4417384970074636e-07, 4.866051881435851e-07, 2.9890523478570685e-07, 2.818143229887937e-07, 2.885578567202174e-07, 3.414944558244315e-07, 4.836855396206374e-07, 1.0317438636775478e-06, 8.911305826586613e-07, 1.2000580227322644e-06, 3.782769226745586e-06, 1.9049799675485701e-06, 1.3116338095642277e-06, 1.4106911976341507e-06, 9.78276830210234e-07, 1.3974422472529113e-06, 6.799796210543718e-07, 6.806326950936636e-07, 5.459806970975478e-07, 5.290287958814588e-07, 5.765563173554256e-07, 4.5210236976345186e-07, 3.26517891835465e-07, 3.713606133715075e-07, 5.863713568032836e-07, 6.560874226124724e-07, 5.315143312145665e-07, 4.2688850498961983e-07, 2.4402277176704956e-07, 3.3239112440242025e-07, 3.170125921769795e-07, 2.3354483857929154e-07, 2.9100175424900954e-07, 4.120962557863095e-07, 3.5157680144948245e-07, 4.2755999629662256e-07, 5.170437020751706e-07, 3.6838332562183496e-07, 2.3168105656168336e-07, 2.3998077836040466e-07, 2.307606905560533e-07, 1.8984940197697142e-07, 1.7487475645339146e-07, 1.1546840994469676e-07, 1.0724689047947322e-07, 9.41007556320983e-08, 8.446586008403756e-08, 6.593247547925785e-08, 5.1034913184366815e-08, 3.939478787629014e-08, 4.6540186815491325e-08, 5.18580414166081e-08, 3.61082719280148e-08, 2.4065862191946508e-08, 1.9412658147643924e-08, 6.582228095908249e-09, 1.015180939312188e-09, 6.208664658780005e-12, 4.604325601342829e-12, 4.486481932491904e-12, 4.401405021697835e-12, 4.335681553363502e-12, 4.231874399518443e-12, 4.01031768557103e-12, 3.656168250099068e-12, 3.4606046327156914e-12, 3.4184135556947215e-12], "lowlevel.melbands128.stdev": [1.2324429917498492e-05, 2.6450723453308456e-05, 0.0002520697598811239, 0.0025576800107955933, 0.009586151689291, 0.0113984951749444, 0.007108468096703291, 0.0035902259405702353, 0.003350169165059924, 0.003381165210157633, 0.002099652774631977, 0.0014896655920892954, 0.0015729754231870174, 0.0020512393675744534, 0.0023127906024456024, 0.0021199523471295834, 0.003109559416770935, 0.0026781607884913683, 0.0017043158877640963, 0.0014043219853192568, 0.0019123965175822377, 0.002052552066743374, 0.0006793541251681745, 0.0012310356833040714, 0.0008061793632805347, 0.0006121239857748151, 0.0012227047700434923, 0.0008590650977566838, 0.00014682153414469212, 0.00013307435438036919, 0.0002572963712736964, 0.00021249863493721932, 0.0002061433478957042, 0.0004668150213547051, 0.00035014477907679975, 0.00025214601191692054, 0.00014585036842618138, 0.0002759665949270129, 0.00015637856267858297, 9.830436465563253e-05, 0.00028333370573818684, 0.0002790048602037132, 0.00024636671878397465, 5.0446673412807286e-05, 3.099596870015375e-05, 0.00013436912558972836, 0.00018043328600469977, 0.0002651051909197122, 7.844826177461073e-05, 8.578042616136372e-05, 0.00028397489222697914, 0.00013898249017074704, 5.4822852689540014e-05, 3.362411371199414e-05, 2.232541737612337e-05, 3.186107278452255e-05, 2.142340235877782e-05, 1.6713225704734214e-05, 1.9223909475840628e-05, 2.7950609364779666e-05, 3.049532551813172e-06, 1.4600406075260253e-06, 1.7319836160822888e-06, 1.0623763273542863e-06, 1.1635150940492167e-06, 1.0345029295422137e-06, 1.447366230422631e-06, 1.7518701724839048e-06, 4.022451776108937e-06, 3.208723001080216e-06, 4.076519871887285e-06, 2.3779179173288867e-05, 7.94733023212757e-06, 5.039919415139593e-06, 5.6072717597999144e-06, 4.246174285071902e-06, 5.714246981369797e-06, 2.5552913029969204e-06, 2.5076005840674043e-06, 2.074520352834952e-06, 1.973141252165078e-06, 2.3573165890411474e-06, 1.936216222020448e-06, 1.6041321941884235e-06, 2.0003315057692816e-06, 4.0415202420263086e-06, 4.37811422671075e-06, 3.862144694721792e-06, 3.169660885760095e-06, 1.4707704849570291e-06, 2.591635393400793e-06, 2.8539809591165977e-06, 1.8765759932648507e-06, 2.189637370975106e-06, 3.3049545891117305e-06, 2.4415321604465134e-06, 2.880342208300135e-06, 3.2467282835568767e-06, 3.0826502097625053e-06, 1.7318176332992152e-06, 1.9940646325267153e-06, 2.380217893005465e-06, 1.9211991002521245e-06, 1.6059201470852713e-06, 9.410110237695335e-07, 1.0234183491775184e-06, 9.2826974196214e-07, 1.1407006468289183e-06, 6.734059070367948e-07, 4.287738022412668e-07, 3.7253599316500186e-07, 4.6318882596096955e-07, 4.956738166583818e-07, 3.6395377378539706e-07, 2.6908486461252323e-07, 2.3714899555216107e-07, 8.777072935117758e-08, 1.8797720713337185e-08, 6.059489715548594e-11, 1.0051651351539181e-11, 9.838943028361857e-12, 9.610721073138873e-12, 9.411450785368203e-12, 9.259485539425683e-12, 9.123596843296777e-12, 9.015605102746793e-12, 8.937861735447417e-12, 8.889836783376737e-12], "lowlevel.mfcc.mean": [-872.7023315429688, 174.10916137695312, 28.821208953857422, 31.566444396972656, 2.0009708404541016, 13.845690727233887, 5.735193729400635, 3.6825013160705566, 5.064124584197998, -6.205493450164795, -11.8060302734375, -9.342243194580078, -8.034854888916016], "lowlevel.spectral_contrast_coeffs.mean": [-0.6120082139968872, -0.7144998908042908, -0.7281591892242432, -0.8053171038627625, -0.8280296921730042, -0.772588312625885], "lowlevel.spectral_contrast_coeffs.stdev": [0.12030348926782608, 0.13778084516525269, 0.10360062122344971, 0.09261352568864822, 0.06961095333099365, 0.08879709988832474], "lowlevel.spectral_contrast_valleys.mean": [-8.401908874511719, -8.871641159057617, -9.707048416137695, -10.161097526550293, -10.266773223876953, -13.326054573059082], "lowlevel.spectral_contrast_valleys.stdev": [2.105663299560547, 1.8142510652542114, 1.654268503189087, 1.6490873098373413, 1.800281047821045, 1.780434250831604], "rhythm.beats_loudness_band_ratio.mean": [0.5853695273399353, 0.28003236651420593, 0.11437449604272842, 0.03674459829926491, 0.03200090676546097, 0.02422553114593029], "rhythm.beats_loudness_band_ratio.stdev": [0.3454135060310364, 0.2613840699195862, 0.20349687337875366, 0.10742345452308655, 0.11150797456502914, 0.12037637084722519], "tonal.hpcp.mean": [0.06029681861400604, 0.07198940962553024, 0.0861203521490097, 0.09365267306566238, 0.08616489171981812, 0.07544215768575668, 0.08359521627426147, 0.09347400814294815, 0.08384046703577042, 0.05709085613489151, 0.04477895796298981, 0.05329006537795067, 0.04806981608271599, 0.03364134952425957, 0.029905764386057854, 0.034938015043735504, 0.04186082258820534, 0.04506613314151764, 0.04612550511956215, 0.04293261095881462, 0.041251782327890396, 0.043172113597393036, 0.08483318239450455, 0.11435068398714066, 0.08113246411085129, 0.051060039550065994, 0.04044879972934723, 0.039662886410951614, 0.0502522774040699, 0.05433494970202446, 0.09292180091142654, 0.24962636828422546, 0.38525524735450745, 0.2980199456214905, 0.15181200206279755, 0.08692202717065811], "tonal.hpcp.stdev": [0.1747620850801468, 0.215133398771286, 0.22064828872680664, 0.2355443388223648, 0.22562552988529205, 0.2059178352355957, 0.21839134395122528, 0.23633748292922974, 0.21797817945480347, 0.16686297953128815, 0.15123723447322845, 0.16211803257465363, 0.15642599761486053, 0.1294463574886322, 0.12735554575920105, 0.14158129692077637, 0.15214960277080536, 0.1552349328994751, 0.1627611368894577, 0.1574310064315796, 0.15115967392921448, 0.14787642657756805, 0.22073182463645935, 0.2720322608947754, 0.20995686948299408, 0.16214977204799652, 0.15007570385932922, 0.14565742015838623, 0.1727256327867508, 0.16791850328445435, 0.22498157620429993, 0.3354617953300476, 0.4109490215778351, 0.3509305715560913, 0.27650341391563416, 0.21874044835567474], "rhythm.beats_position": [0.4411791265010834, 0.8939682245254517, 1.3583673238754272, 1.834376335144043, 2.3103854656219482, 2.774784564971924, 3.2740135192871094, 3.773242473602295, 4.260861396789551, 4.713650703430176, 5.166440010070801, 5.619228839874268, 6.083628177642822, 6.548027038574219, 6.989206314086914, 7.4536051750183105, 7.918004512786865, 8.382403373718262, 8.835192680358887, 9.287981986999512, 9.75238037109375, 10.216779708862305, 10.66956901550293, 11.122358322143555, 11.586756706237793, 12.051156044006348, 12.503945350646973, 12.956734657287598, 13.409523963928223, 13.862312316894531, 14.315101623535156, 14.767890930175781, 15.220680236816406, 15.685078620910645, 16.137868881225586, 16.60226821899414, 17.066665649414062, 17.519454956054688, 17.972244262695312, 18.425033569335938, 18.877822875976562, 19.342222213745117, 19.795011520385742, 20.259410858154297, 20.71219825744629, 21.164987564086914, 21.61777687072754, 22.082176208496094, 22.54657554626465, 22.999364852905273, 23.4521541595459, 23.916553497314453, 24.369342803955078, 24.833740234375, 25.286529541015625, 25.73931884765625, 26.192108154296875, 26.6448974609375, 27.097686767578125, 27.56208610534668, 28.026485443115234, 28.47927474975586, 28.93206214904785, 29.384851455688477, 29.8376407623291, 30.302040100097656, 30.75482940673828, 31.207618713378906, 31.67201805114746, 32.136417388916016, 32.58920669555664, 33.041996002197266, 33.50639343261719, 33.970794677734375, 34.4351921081543, 34.88798141479492, 35.31755065917969, 35.78194808959961, 36.234737396240234, 36.68752670288086, 37.140316009521484, 37.60471725463867, 38.0575065612793, 38.52190399169922, 38.9979133605957, 39.485530853271484], "rhythm.bpm_histogram": [0.0, 0.0, 0.0, 0.0, 0.0, 0.0, 0.0, 0.0, 0.0, 0.0, 0.0, 0.0, 0.0, 0.0, 0.0, 0.0, 0.0, 0.0, 0.0, 0.0, 0.0, 0.0, 0.0, 0.0, 0.0, 0.0, 0.0, 0.0, 0.0, 0.0, 0.0, 0.0, 0.0, 0.0, 0.0, 0.0, 0.0, 0.0, 0.0, 0.0, 0.0, 0.0, 0.0, 0.0, 0.0, 0.0, 0.0, 0.0, 0.0, 0.0, 0.0, 0.0, 0.0, 0.0, 0.0, 0.0, 0.0, 0.0, 0.0, 0.0, 0.0, 0.0, 0.0, 0.0, 0.0, 0.0, 0.0, 0.0, 0.0, 0.0, 0.0, 0.0, 0.0, 0.0, 0.0, 0.0, 0.0, 0.0, 0.0, 0.0, 0.0, 0.0, 0.0, 0.0, 0.0, 0.0, 0.0, 0.0, 0.0, 0.0, 0.0, 0.0, 0.0, 0.0, 0.0, 0.0, 0.0, 0.0, 0.0, 0.0, 0.0, 0.0, 0.0, 0.0, 0.0, 0.0, 0.0, 0.0, 0.0, 0.0, 0.0, 0.0, 0.0, 0.0, 0.0, 0.0, 0.0, 0.0, 0.0, 0.0, 0.0235294122248888, 0.0, 0.0, 0.0235294122248888, 0.0, 0.0, 0.03529411926865578, 0.0, 0.0, 0.364705890417099, 0.0, 0.0, 0.0, 0.529411792755127, 0.0, 0.0, 0.0117647061124444, 0.0, 0.0, 0.0, 0.0117647061124444, 0.0, 0.0, 0.0, 0.0, 0.0, 0.0, 0.0, 0.0, 0.0, 0.0, 0.0, 0.0, 0.0, 0.0, 0.0, 0.0, 0.0, 0.0, 0.0, 0.0, 0.0, 0.0, 0.0, 0.0, 0.0, 0.0, 0.0, 0.0, 0.0, 0.0, 0.0, 0.0, 0.0, 0.0, 0.0, 0.0, 0.0, 0.0, 0.0, 0.0, 0.0, 0.0, 0.0, 0.0, 0.0, 0.0, 0.0, 0.0, 0.0, 0.0, 0.0, 0.0, 0.0, 0.0, 0.0, 0.0, 0.0, 0.0, 0.0, 0.0, 0.0, 0.0, 0.0, 0.0, 0.0, 0.0, 0.0, 0.0, 0.0, 0.0, 0.0, 0.0, 0.0, 0.0, 0.0, 0.0, 0.0, 0.0, 0.0, 0.0, 0.0, 0.0, 0.0, 0.0, 0.0, 0.0, 0.0, 0.0, 0.0, 0.0, 0.0, 0.0, 0.0, 0.0, 0.0, 0.0, 0.0, 0.0, 0.0, 0.0, 0.0, 0.0, 0.0, 0.0, 0.0, 0.0, 0.0, 0.0, 0.0], "tonal.chords_histogram": [0.0, 0.0, 4.282407283782959, 3.819444417953491, 13.078703880310059, 14.23611068725586, 0.11574073880910873, 0.0, 0.0, 0.5787037014961243, 9.837963104248047, 21.990739822387695, 22.106481552124023, 0.0, 0.0, 0.0, 0.9259259104728699, 0.0, 3.7037036418914795, 1.9675925970077515, 0.0, 2.777777671813965, 0.5787037014961243, 0.0], "tonal.thpcp": [1.0, 0.7735649347305298, 0.39405563473701477, 0.22562190890312195, 0.1565113514661789, 0.18686158955097198, 0.2235410213470459, 0.24309253692626953, 0.22365663945674896, 0.19582383334636688, 0.21698656678199768, 0.2426287680864334, 0.21762317419052124, 0.1481896936893463, 0.11623192578554153, 0.1383240520954132, 0.12477394193410873, 0.08732223510742188, 0.07762584835290909, 0.09068796783685684, 0.10865737497806549, 0.11697733402252197, 0.11972712725400925, 0.11143939197063446, 0.107076495885849, 0.11206106841564178, 0.22019994258880615, 0.29681798815727234, 0.2105940580368042, 0.13253560662269592, 0.10499221086502075, 0.10295222699642181, 0.1304389238357544, 0.1410362422466278, 0.2411954253911972, 0.6479505896568298], "lowlevel.gfcc.cov": [[35614.140625, 3426.4892578125, -3046.94140625, 2056.68798828125, -2192.1474609375, -762.3292236328125, -906.8541870117188, -468.9725341796875, 469.5025634765625, 317.6463317871094, -95.18705749511719, -172.25161743164062, 725.344482421875], [3426.4892578125, 6053.9375, 1439.6483154296875, -422.0538330078125, 967.656005859375, -454.6292724609375, 750.4423217773438, -605.1940307617188, 157.05859375, -935.4481201171875, -30.214645385742188, -468.406005859375, 306.81719970703125], [-3046.94140625, 1439.6483154296875, 3328.512451171875, 339.64959716796875, 778.3019409179688, 300.7692565917969, 153.90867614746094, 13.515401840209961, -305.37115478515625, -599.7713012695312, -163.37217712402344, -116.79180145263672, -10.07900619506836], [2056.68798828125, -422.0538330078125, 339.64959716796875, 908.9613647460938, 56.576744079589844, 43.50497817993164, -283.5885925292969, 42.40349578857422, 31.650569915771484, 16.799978256225586, -69.81044006347656, 26.49771499633789, 101.91850280761719], [-2192.1474609375, 967.656005859375, 778.3019409179688, 56.576744079589844, 911.9524536132812, 150.1493377685547, 316.263916015625, -54.614158630371094, 58.510562896728516, -219.53900146484375, -99.2822036743164, -82.94517517089844, 66.1373519897461], [-762.3292236328125, -454.6292724609375, 300.7692565917969, 43.50497817993164, 150.1493377685547, 538.8098754882812, 235.96388244628906, 143.3450469970703, -131.35533142089844, 27.388168334960938, -81.6241455078125, 39.706687927246094, -37.310523986816406], [-906.8541870117188, 750.4423217773438, 153.90867614746094, -283.5885925292969, 316.263916015625, 235.96388244628906, 642.0465698242188, 39.29295349121094, -43.474365234375, -138.68804931640625, -20.763776779174805, -54.55520248413086, -25.605514526367188], [-468.9725341796875, -605.1940307617188, 13.515401840209961, 42.40349578857422, -54.614158630371094, 143.3450469970703, 39.29295349121094, 292.9767150878906, -23.555837631225586, 28.73800277709961, -20.21245002746582, 49.638404846191406, -62.55214309692383], [469.5025634765625, 157.05859375, -305.37115478515625, 31.650569915771484, 58.510562896728516, -131.35533142089844, -43.474365234375, -23.555837631225586, 254.50408935546875, 69.7237777709961, 4.234544277191162, -25.22234344482422, 42.75286865234375], [317.6463317871094, -935.4481201171875, -599.7713012695312, 16.799978256225586, -219.53900146484375, 27.388168334960938, -138.68804931640625, 28.73800277709961, 69.7237777709961, 385.2723083496094, 61.36175537109375, 64.86878204345703, -68.06047821044922], [-95.18705749511719, -30.214645385742188, -163.37217712402344, -69.81044006347656, -99.2822036743164, -81.6241455078125, -20.763776779174805, -20.21245002746582, 4.234544277191162, 61.36175537109375, 168.53282165527344, 28.173263549804688, -39.32156753540039], [-172.25161743164062, -468.406005859375, -116.79180145263672, 26.49771499633789, -82.94517517089844, 39.706687927246094, -54.55520248413086, 49.638404846191406, -25.22234344482422, 64.86878204345703, 28.173263549804688, 146.39857482910156, 25.26744270324707], [725.344482421875, 306.81719970703125, -10.07900619506836, 101.91850280761719, 66.1373519897461, -37.310523986816406, -25.605514526367188, -62.55214309692383, 42.75286865234375, -68.06047821044922, -39.32156753540039, 25.26744270324707, 179.85147094726562]], "lowlevel.gfcc.icov": [[0.00011837838974315673, -0.00029747840017080307, 0.0001553070906084031, -0.0004174378700554371, 0.00041886846884153783, -0.00016503433289472014, 9.351213520858437e-05, -0.00014302325143944472, 8.679014717927203e-05, -0.0003001931472681463, 0.0002854597114492208, -0.0001546906860312447, 5.312990083439217e-07], [-0.00029747840017080307, 0.001438822248019278, -0.0005886555300094187, 0.0012020440772175789, -0.0010578255169093609, 0.0008053626515902579, -0.0009161555208265781, 0.0011300208279863, -0.0007032970315776765, 0.0015988117083907127, -0.00122422247659415, 0.0015798001550137997, -0.0008677148725837469], [0.0001553070906084031, -0.0005886555300094187, 0.000904375163372606, -0.0007851411355659366, 8.977134712040424e-05, -0.0006001912988722324, 0.0006522824987769127, -0.000361749145668, 0.0007610731408931315, 0.0002372224407736212, 0.0004810527025256306, -0.0004556367639452219, 0.0007610346074216068], [-0.0004174378700554371, 0.0012020440772175789, -0.0007851411355659366, 0.003151159267872572, -0.001648048171773553, 0.0002875175850931555, 0.00045574645628221333, 0.00020332059648353606, -0.0005930605111643672, 0.0009457394480705261, -0.0010492976289242506, 0.0011502214474603534, -0.001287642284296453], [0.00041886846884153783, -0.0010578255169093609, 8.977134712040424e-05, -0.001648048171773553, 0.003629181068390608, -0.0009719987283460796, -0.0006023151217959821, 9.09988593775779e-05, -0.0010768685024231672, -0.0007581711397506297, 0.0014069463359192014, -0.0005460952525027096, -0.00018267626001033932], [-0.00016503433289472014, 0.0008053626515902579, -0.0006001912988722324, 0.0002875175850931555, -0.0009719987283460796, 0.004526288714259863, -0.0021564853377640247, -0.0005882814293727279, 0.0015914506511762738, -0.0010610809549689293, 0.0010341014713048935, 0.00013415633293334395, -0.0006926920614205301], [9.351213520858437e-05, -0.0009161555208265781, 0.0006522824987769127, 0.00045574645628221333, -0.0006023151217959821, -0.0021564853377640247, 0.00404257420450449, -0.0011803527595475316, 0.0004905725945718586, 0.0001985651906579733, -0.0001527176791569218, -0.0003587924293242395, 0.0008787550032138824], [-0.00014302325143944472, 0.0011300208279863, -0.000361749145668, 0.00020332059648353606, 9.09988593775779e-05, -0.0005882814293727279, -0.0011803527595475316, 0.006092857103794813, -0.0018444035667926073, 0.0022795298136770725, -4.3316576920915395e-05, -0.0007876002346165478, 0.0017113573849201202], [8.679014717927203e-05, -0.0007032970315776765, 0.0007610731408931315, -0.0005930605111643672, -0.0010768685024231672, 0.0015914506511762738, 0.0004905725945718586, -0.0018444035667926073, 0.007249542511999607, -0.0028097049798816442, 0.0007595495553687215, 0.000916420656722039, -0.0013662546407431364], [-0.0003001931472681463, 0.0015988117083907127, 0.0002372224407736212, 0.0009457394480705261, -0.0007581711397506297, -0.0010610809549689293, 0.0001985651906579733, 0.0022795298136770725, -0.0028097049798816442, 0.007793042343109846, -0.002252066507935524, 9.914290421875194e-05, 0.0019510108977556229], [0.0002854597114492208, -0.00122422247659415, 0.0004810527025256306, -0.0010492976289242506, 0.0014069463359192014, 0.0010341014713048935, -0.0001527176791569218, -4.3316576920915395e-05, 0.0007595495553687215, -0.002252066507935524, 0.00926049705594778, -0.003656563349068165, 0.002724681980907917], [-0.0001546906860312447, 0.0015798001550137997, -0.0004556367639452219, 0.0011502214474603534, -0.0005460952525027096, 0.00013415633293334395, -0.0003587924293242395, -0.0007876002346165478, 0.000916420656722039, 9.914290421875194e-05, -0.003656563349068165, 0.012704959139227867, -0.005609589628875256], [5.312990083439217e-07, -0.0008677148725837469, 0.0007610346074216068, -0.001287642284296453, -0.00018267626001033932, -0.0006926920614205301, 0.0008787550032138824, 0.0017113573849201202, -0.0013662546407431364, 0.0019510108977556229, 0.002724681980907917, -0.005609589628875256, 0.010901291854679585]], "lowlevel.mfcc.cov": [[27228.765625, 666.4081420898438, -2687.20068359375, 1234.9163818359375, -1532.631103515625, -65.49853515625, -1638.99853515625, -1064.085693359375, 207.5027313232422, -393.0460205078125, -159.4737548828125, 399.70684814453125, 238.87644958496094], [666.4081420898438, 5746.48876953125, 789.7798461914062, 228.39825439453125, 266.92852783203125, 275.98828125, 451.9060363769531, 347.829345703125, 179.36456298828125, -127.08625030517578, -208.13565063476562, -304.8006896972656, -236.7691650390625], [-2687.20068359375, 789.7798461914062, 2222.1953125, 333.23162841796875, 686.4446411132812, 133.8164825439453, 439.90728759765625, 372.7840881347656, -36.68838119506836, 10.544504165649414, -184.72019958496094, -261.4941101074219, -165.26882934570312], [1234.9163818359375, 228.39825439453125, 333.23162841796875, 714.404541015625, 359.782470703125, 96.32449340820312, -127.60814666748047, -19.164630889892578, 79.98465728759766, -6.676016807556152, -138.5709228515625, -34.187049865722656, 22.675151824951172], [-1532.631103515625, 266.92852783203125, 686.4446411132812, 359.782470703125, 768.2151489257812, 161.8370819091797, 97.25125122070312, 153.8164825439453, 115.72700500488281, 71.40708923339844, -165.6794891357422, -131.94317626953125, -47.94318771362305], [-65.49853515625, 275.98828125, 133.8164825439453, 96.32449340820312, 161.8370819091797, 431.99530029296875, 208.46942138671875, 56.12134552001953, 157.8611602783203, 26.511140823364258, 13.322590827941895, -19.516508102416992, -55.4586067199707], [-1638.99853515625, 451.9060363769531, 439.90728759765625, -127.60814666748047, 97.25125122070312, 208.46942138671875, 613.960205078125, 325.5943908691406, 71.0069580078125, 57.477874755859375, 57.55354690551758, -88.54959106445312, -65.37854766845703], [-1064.085693359375, 347.829345703125, 372.7840881347656, -19.164630889892578, 153.8164825439453, 56.12134552001953, 325.5943908691406, 369.02740478515625, 105.52015686035156, 47.02031707763672, -17.88091468811035, -98.7274398803711, -46.374412536621094], [207.5027313232422, 179.36456298828125, -36.68838119506836, 79.98465728759766, 115.72700500488281, 157.8611602783203, 71.0069580078125, 105.52015686035156, 264.221923828125, 62.9144287109375, -17.581768035888672, -25.845537185668945, -20.269628524780273], [-393.0460205078125, -127.08625030517578, 10.544504165649414, -6.676016807556152, 71.40708923339844, 26.511140823364258, 57.477874755859375, 47.02031707763672, 62.9144287109375, 154.6262664794922, 53.93244552612305, 3.4473438262939453, -5.216176986694336], [-159.4737548828125, -208.13565063476562, -184.72019958496094, -138.5709228515625, -165.6794891357422, 13.322590827941895, 57.55354690551758, -17.88091468811035, -17.581768035888672, 53.93244552612305, 255.83950805664062, 102.73639678955078, 7.7857513427734375], [399.70684814453125, -304.8006896972656, -261.4941101074219, -34.187049865722656, -131.94317626953125, -19.516508102416992, -88.54959106445312, -98.7274398803711, -25.845537185668945, 3.4473438262939453, 102.73639678955078, 170.85137939453125, 73.54461669921875], [238.87644958496094, -236.7691650390625, -165.26882934570312, 22.675151824951172, -47.94318771362305, -55.4586067199707, -65.37854766845703, -46.374412536621094, -20.269628524780273, -5.216176986694336, 7.7857513427734375, 73.54461669921875, 140.981689453125]], "lowlevel.mfcc.icov": [[7.106654811650515e-05, -1.6598361980868503e-05, 3.4547349059721455e-05, -0.00019968506239820272, 0.000230450154049322, -6.0292892158031464e-05, 0.00011711553088389337, 8.447122127108742e-06, -7.919469499029219e-05, 2.3729086024104618e-05, 6.741539255017415e-05, -1.1201829693163745e-05, 2.7678743208525702e-05], [-1.6598361980868503e-05, 0.00022090577112976462, -2.0789188056369312e-05, -3.504804408294149e-05, -1.098581196856685e-05, 6.278409728111001e-06, -0.0001519949728390202, -3.080271926592104e-05, -9.882433369057253e-05, 0.00024202083295676857, 3.061752795474604e-05, 0.00016249719192273915, 0.00020678922010120004], [3.4547349059721455e-05, -2.0789188056369312e-05, 0.0009417420369572937, -0.0004035803722217679, -0.00047585583524778485, 4.480349525692873e-05, -0.0003921473980881274, -0.0004035376477986574, 0.0007304769242182374, 0.00014178597484715283, 0.00013360277807805687, 0.00020823226077482104, 0.0006109121604822576], [-0.00019968506239820272, -3.504804408294149e-05, -0.0004035803722217679, 0.0028838738799095154, -0.0014185942709445953, -0.00034923924249596894, 0.0005821623490191996, 3.1040122848935425e-05, -0.00019021080515813082, 0.00010198185191256925, 0.00014956403174437582, -0.000167167789186351, -0.0009417062974534929], [0.000230450154049322, -1.098581196856685e-05, -0.00047585583524778485, -0.0014185942709445953, 0.0035993570927530527, -0.001003270735964179, 0.0008480626856908202, -0.0005657907458953559, -0.0003335039073135704, -0.0014039360685274005, 0.0012598359026014805, 0.00047941392404027283, -0.00012162022176198661], [-6.0292892158031464e-05, 6.278409728111001e-06, 4.480349525692873e-05, -0.00034923924249596894, -0.001003270735964179, 0.004912284202873707, -0.002829280449077487, 0.0025157718919217587, -0.002852080622687936, 0.001105701900087297, -0.00038294726982712746, -0.0009293996263295412, 0.0014649078948423266], [0.00011711553088389337, -0.0001519949728390202, -0.0003921473980881274, 0.0005821623490191996, 0.0008480626856908202, -0.002829280449077487, 0.005466506350785494, -0.004032050259411335, 0.0013894231524318457, -0.0007761376327835023, -0.0009468816570006311, 0.000997304217889905, -0.0009197975741699338], [8.447122127108742e-06, -3.080271926592104e-05, -0.0004035376477986574, 3.1040122848935425e-05, -0.0005657907458953559, 0.0025157718919217587, -0.004032050259411335, 0.007783267181366682, -0.0033148187212646008, 0.0003448649076744914, -0.00011559993436094373, 0.0011915942886844277, -0.00013550210860557854], [-7.919469499029219e-05, -9.882433369057253e-05, 0.0007304769242182374, -0.00019021080515813082, -0.0003335039073135704, -0.002852080622687936, 0.0013894231524318457, -0.0033148187212646008, 0.007531615439802408, -0.002518446883186698, 0.0007208434399217367, 1.7679252778179944e-05, 0.00011437814100645483], [2.3729086024104618e-05, 0.00024202083295676857, 0.00014178597484715283, 0.00010198185191256925, -0.0014039360685274005, 0.001105701900087297, -0.0007761376327835023, 0.0003448649076744914, -0.002518446883186698, 0.009335767477750778, -0.0027365642599761486, 0.0004814631538465619, 0.00011039016681024805], [6.741539255017415e-05, 3.061752795474604e-05, 0.00013360277807805687, 0.00014956403174437582, 0.0012598359026014805, -0.00038294726982712746, -0.0009468816570006311, -0.00011559993436094373, 0.0007208434399217367, -0.0027365642599761486, 0.007685769349336624, -0.004793287720531225, 0.0019488231046125293], [-1.1201829693163745e-05, 0.00016249719192273915, 0.00020823226077482104, -0.000167167789186351, 0.00047941392404027283, -0.0009293996263295412, 0.000997304217889905, 0.0011915942886844277, 1.7679252778179944e-05, 0.0004814631538465619, -0.004793287720531225, 0.013093850575387478, -0.005330726969987154], [2.7678743208525702e-05, 0.00020678922010120004, 0.0006109121604822576, -0.0009417062974534929, -0.00012162022176198661, 0.0014649078948423266, -0.0009197975741699338, -0.00013550210860557854, 0.00011437814100645483, 0.00011039016681024805, 0.0019488231046125293, -0.005330