{"song_id": "1182266560677695530", "download": "https://cdn.discordapp.com/attachments/1135911532732108921/1182266560677695530/chirp.mp4?ex=65841289&amp", "lyrics": "[Verse]\nIn the Andes, where the mountains rise so high\nWhere ancient cultures dance under the sky\nAymaras, Quechuas, with pride they sway\nTheir rhythmic steps pave the colorful way\n\n[Chorus]\nCordillera, majestic, in your embrace we find\nThe beauty of traditions that forever bind\nBolivia, Peru, Brazil, and more\nIn your enchanting dances, our spirits soar", "style": ["andino trap"], "essentia_features": {"lowlevel.average_loudness": 0.9872629046440125, "lowlevel.barkbands_crest.mean": 16.280439376831055, "lowlevel.barkbands_crest.stdev": 4.371644020080566, "lowlevel.barkbands_flatness_db.mean": 0.23617763817310333, "lowlevel.barkbands_flatness_db.stdev": 0.07651101797819138, "lowlevel.barkbands_kurtosis.mean": 23.340513229370117, "lowlevel.barkbands_kurtosis.stdev": 28.924745559692383, "lowlevel.barkbands_skewness.mean": 3.6694908142089844, "lowlevel.barkbands_skewness.stdev": 1.9060864448547363, "lowlevel.barkbands_spread.mean": 13.105602264404297, "lowlevel.barkbands_spread.stdev": 10.991177558898926, "lowlevel.dissonance.mean": 0.43489253520965576, "lowlevel.dissonance.stdev": 0.04013443738222122, "lowlevel.dynamic_complexity": 1.614475131034851, "lowlevel.erbbands_crest.mean": 11.53400707244873, "lowlevel.erbbands_crest.stdev": 4.84443473815918, "lowlevel.erbbands_flatness_db.mean": 0.14709603786468506, "lowlevel.erbbands_flatness_db.stdev": 0.03631199523806572, "lowlevel.erbbands_kurtosis.mean": 2.604095697402954, "lowlevel.erbbands_kurtosis.stdev": 5.432168483734131, "lowlevel.erbbands_skewness.mean": 1.0104278326034546, "lowlevel.erbbands_skewness.stdev": 1.156886100769043, "lowlevel.erbbands_spread.mean": 50.11507797241211, "lowlevel.erbbands_spread.stdev": 25.623382568359375, "lowlevel.hfc.mean": 26.046417236328125, "lowlevel.hfc.stdev": 19.37564468383789, "lowlevel.loudness_ebu128.integrated": -12.57542610168457, "lowlevel.loudness_ebu128.loudness_range": 0.41829872131347656, "lowlevel.loudness_ebu128.momentary.mean": -12.599587440490723, "lowlevel.loudness_ebu128.momentary.stdev": 0.46373865008354187, "lowlevel.loudness_ebu128.short_term.mean": -12.586865425109863, "lowlevel.loudness_ebu128.short_term.stdev": 0.16006892919540405, "lowlevel.melbands_crest.mean": 27.909456253051758, "lowlevel.melbands_crest.stdev": 6.129286766052246, "lowlevel.melbands_flatness_db.mean": 0.32385972142219543, "lowlevel.melbands_flatness_db.stdev": 0.08557247370481491, "lowlevel.melbands_kurtosis.mean": 49.99518966674805, "lowlevel.melbands_kurtosis.stdev": 53.8239631652832, "lowlevel.melbands_skewness.mean": 4.989396095275879, "lowlevel.melbands_skewness.stdev": 2.689314842224121, "lowlevel.melbands_spread.mean": 9.36879825592041, "lowlevel.melbands_spread.stdev": 8.454899787902832, "lowlevel.pitch_salience.mean": 0.3355275094509125, "lowlevel.pitch_salience.stdev": 0.12289117276668549, "lowlevel.silence_rate_20dB.mean": 1.0, "lowlevel.silence_rate_20dB.stdev": 0.0, "lowlevel.silence_rate_30dB.mean": 0.6700336933135986, "lowlevel.silence_rate_30dB.stdev": 0.4701986610889435, "lowlevel.silence_rate_60dB.mean": 0.0008417508215643466, "lowlevel.silence_rate_60dB.stdev": 0.029000844806432724, "lowlevel.spectral_centroid.mean": 1066.899658203125, "lowlevel.spectral_centroid.stdev": 713.0089111328125, "lowlevel.spectral_complexity.mean": 13.01767635345459, "lowlevel.spectral_complexity.stdev": 8.981961250305176, "lowlevel.spectral_decrease.mean": -2.4243451690608708e-08, "lowlevel.spectral_decrease.stdev": 8.510474103218257e-09, "lowlevel.spectral_energy.mean": 0.0938628539443016, "lowlevel.spectral_energy.stdev": 0.032439518719911575, "lowlevel.spectral_energyband_high.mean": 0.0015907138586044312, "lowlevel.spectral_energyband_high.stdev": 0.002119974000379443, "lowlevel.spectral_energyband_low.mean": 0.07190590351819992, "lowlevel.spectral_energyband_low.stdev": 0.03359026461839676, "lowlevel.spectral_energyband_middle_high.mean": 0.0031079468317329884, "lowlevel.spectral_energyband_middle_high.stdev": 0.005700877867639065, "lowlevel.spectral_energyband_middle_low.mean": 0.017261339351534843, "lowlevel.spectral_energyband_middle_low.stdev": 0.013621117919683456, "lowlevel.spectral_entropy.mean": 7.456981182098389, "lowlevel.spectral_entropy.stdev": 0.49364885687828064, "lowlevel.spectral_flux.mean": 0.12633204460144043, "lowlevel.spectral_flux.stdev": 0.0724821537733078, "lowlevel.spectral_kurtosis.mean": 2.6821744441986084, "lowlevel.spectral_kurtosis.stdev": 2.094379425048828, "lowlevel.spectral_rms.mean": 0.009425858035683632, "lowlevel.spectral_rms.stdev": 0.0016512733418494463, "lowlevel.spectral_rolloff.mean": 401.4263916015625, "lowlevel.spectral_rolloff.stdev": 587.6204833984375, "lowlevel.spectral_skewness.mean": 1.3402053117752075, "lowlevel.spectral_skewness.stdev": 0.5430072546005249, "lowlevel.spectral_spread.mean": 6000544.0, "lowlevel.spectral_spread.stdev": 1312078.75, "lowlevel.spectral_strongpeak.mean": 0.47398313879966736, "lowlevel.spectral_strongpeak.stdev": 0.3129427433013916, "lowlevel.zerocrossingrate.mean": 0.02888874150812626, "lowlevel.zerocrossingrate.stdev": 0.017246698960661888, "metadata.audio_properties.analysis.equal_loudness": 0.0, "metadata.audio_properties.analysis.length": 27.561609268188477, "metadata.audio_properties.analysis.sample_rate": 44100.0, "metadata.audio_properties.analysis.start_time": 0.0, "metadata.audio_properties.bit_rate": 122511.0, "metadata.audio_properties.length": 27.562665939331055, "metadata.audio_properties.lossless": 0.0, "metadata.audio_properties.number_channels": 1.0, "metadata.audio_properties.replay_gain": -12.16508674621582, "metadata.audio_properties.sample_rate": 48000.0, "rhythm.beats_count": 54.0, "rhythm.beats_loudness.mean": 0.11125002056360245, "rhythm.beats_loudness.stdev": 0.014537326991558075, "rhythm.bpm": 117.95547485351562, "rhythm.bpm_histogram_first_peak_bpm": 117.0, "rhythm.bpm_histogram_first_peak_weight": 0.1836734414100647, "rhythm.bpm_histogram_second_peak_bpm": 123.0, "rhythm.bpm_histogram_second_peak_spread": 0.5, "rhythm.bpm_histogram_second_peak_weight": 0.01886792480945587, "rhythm.danceability": 1.9131451845169067, "rhythm.onset_rate": 5.585032939910889, "tonal.chords_changes_rate": 0.0319327749311924, "tonal.chords_number_rate": 0.0033613445702940226, "tonal.chords_strength.mean": 0.581043004989624, "tonal.chords_strength.stdev": 0.04883143678307533, "tonal.hpcp_crest.mean": 14.557305335998535, "tonal.hpcp_crest.stdev": 5.304351806640625, "tonal.hpcp_entropy.mean": 1.7165882587432861, "tonal.hpcp_entropy.stdev": 0.5901795029640198, "tonal.key_edma.strength": 0.6168203949928284, "tonal.key_krumhansl.strength": 0.6080657243728638, "tonal.key_temperley.strength": 0.5886669754981995, "tonal.tuning_diatonic_strength": 0.5206135511398315, "tonal.tuning_equal_tempered_deviation": 0.2723720669746399, "tonal.tuning_frequency": 434.193115234375, "tonal.tuning_nontempered_energy_ratio": 0.98516845703125, "lowlevel.barkbands.mean": [0.011983396485447884, 0.057381004095077515, 0.002582141198217869, 0.0007477123290300369, 0.0036880774423480034, 0.005972753744572401, 0.0025213027838617563, 0.0022349453065544367, 0.001991506200283766, 0.000512541038915515, 0.00033695733873173594, 0.0004565386043395847, 0.000529537268448621, 0.00037296232767403126, 0.000249163422267884, 0.00015829713083803654, 0.00010932485020020977, 0.00018914973770733923, 0.00018080379231832922, 0.00024105161719489843, 0.00020700729510281235, 0.0004759601433761418, 0.000518228393048048, 7.55344663048163e-05, 7.546451524831355e-05, 6.93360561854206e-05, 2.1796572582388762e-06], "lowlevel.barkbands.stdev": [0.004990870598703623, 0.03273055702447891, 0.00909530371427536, 0.0031146537512540817, 0.004186597652733326, 0.005871117580682039, 0.005404742434620857, 0.004510038066655397, 0.004085763357579708, 0.001364907599054277, 0.000907195033505559, 0.0012874023523181677, 0.0014734066789969802, 0.0011340026976540685, 0.0005807282286696136, 0.00036285974783822894, 0.00024899179697968066, 0.00035213655792176723, 0.0003503742045722902, 0.0004230000777170062, 0.0004025250382255763, 0.0009012466762214899, 0.0007524362881667912, 0.00011446062853792682, 0.00010998645302606747, 8.416829950874671e-05, 4.1654247979749925e-06], "lowlevel.erbbands.mean": [3.194563865661621, 6.661763668060303, 3.851958751678467, 3.1617727279663086, 4.84592342376709, 12.423481941223145, 26.66939353942871, 59.369293212890625, 49.61150360107422, 31.0048770904541, 47.845516204833984, 41.51002502441406, 29.688676834106445, 17.182361602783203, 15.937100410461426, 18.533674240112305, 24.306045532226562, 21.748668670654297, 14.694005012512207, 10.984082221984863, 8.772632598876953, 6.5870771408081055, 7.533041000366211, 13.663226127624512, 6.95177698135376, 11.52726936340332, 10.742059707641602, 7.162012577056885, 13.801871299743652, 25.95991325378418, 10.278721809387207, 2.027897357940674, 1.237146258354187, 0.7870649099349976, 0.563978910446167, 0.2894555926322937, 0.13511724770069122, 0.020741702988743782, 0.0004539303481578827, 0.00011933906353078783], "lowlevel.erbbands.stdev": [1.5163450241088867, 6.583065509796143, 9.261848449707031, 11.710481643676758, 7.630176544189453, 14.659910202026367, 40.51271438598633, 65.0699691772461, 85.82926177978516, 49.99360656738281, 87.44662475585938, 89.3246841430664, 67.72935485839844, 43.771480560302734, 38.52750015258789, 53.63356018066406, 65.96198272705078, 64.97675323486328, 35.61569595336914, 24.441875457763672, 19.55216407775879, 14.705428123474121, 14.22146224975586, 24.6263370513916, 14.19831657409668, 19.547975540161133, 20.791988372802734, 13.873563766479492, 27.93886375427246, 40.43144226074219, 14.81260871887207, 3.155566930770874, 1.8636252880096436, 1.232288122177124, 0.8358597159385681, 0.4047970473766327, 0.1626397967338562, 0.02830146625638008, 0.0005612929817289114, 4.160367461736314e-05], "lowlevel.gfcc.mean": [15.210644721984863, 81.4704818725586, -64.72248840332031, 42.16516876220703, -70.33943939208984, 14.949409484863281, -21.790889739990234, 15.941815376281738, -2.196244716644287, 25.427772521972656, -2.6178998947143555, 22.977222442626953, -5.256301403045654], "lowlevel.melbands.mean": [0.02138681709766388, 0.0038048666901886463, 0.0005453938501887023, 0.0006725568673573434, 0.0008507536258548498, 0.0012491914676502347, 0.0007332488312385976, 0.000395853363443166, 0.0003655314212664962, 0.0002647971559781581, 0.00014624530740547925, 6.931652023922652e-05, 5.091875937068835e-05, 5.081405834062025e-05, 4.902341606793925e-05, 5.4596865084022284e-05, 3.806580207310617e-05, 2.3903718101792037e-05, 1.736040212563239e-05, 1.1748344149964396e-05, 9.716818567540031e-06, 6.9786665335414e-06, 4.935201559419511e-06, 9.40533573157154e-06, 1.1731866834452376e-05, 5.273936494631926e-06, 4.824798452318646e-06, 8.585825526097324e-06, 7.857543096179143e-06, 4.557208740152419e-06, 3.8027585560485022e-06, 6.0866041167173535e-06, 1.2456028343876824e-05, 1.604100725671742e-05, 7.336564067372819e-06, 1.5956372863001889e-06, 9.773151532499469e-07, 8.576414529670728e-07, 7.702010407228954e-07, 6.160425982670859e-07], "lowlevel.melbands.stdev": [0.010588254779577255, 0.0048307618126273155, 0.0017266137292608619, 0.0008831981685943902, 0.001216854085214436, 0.0013194972416386008, 0.001260796096175909, 0.0006704272236675024, 0.0006350556504912674, 0.0005480577819980681, 0.00034557809703983366, 0.0001874357694759965, 0.00012809991312678903, 0.00014025880955159664, 0.00014604807074647397, 0.0001568988081999123, 0.00011944134894292802, 6.203079101396725e-05, 4.0614380850456655e-05, 2.6056633942062035e-05, 2.2708460164722055e-05, 1.677729596849531e-05, 1.0507555998628959e-05, 1.8108456060872413e-05, 2.1695113900932483e-05, 1.1246153917454649e-05, 1.1310869922454003e-05, 1.4486927284451667e-05, 1.620690272829961e-05, 9.155869520327542e-06, 7.925399586383719e-06, 1.3127116289979313e-05, 2.4352018954232335e-05, 2.4185370421037078e-05, 1.1070703294535633e-05, 2.6906766379397595e-06, 1.6382828107452951e-06, 1.3068751059108763e-06, 1.219205159941339e-06, 1.0261451279802714e-06], "lowlevel.melbands128.mean": [0.011402016505599022, 0.03241873160004616, 0.021775875240564346, 0.007805960718542337, 0.0022676989901810884, 0.0011896102223545313, 0.0006733844056725502, 0.0002774246095214039, 0.0003609209961723536, 0.0009536665747873485, 0.0005693954299204051, 0.0008103965665213764, 0.0009695133776403964, 0.0008062445558607578, 0.0013433858985081315, 0.0016808602958917618, 0.000692314759362489, 0.0008268824894912541, 0.00036050149356015027, 0.00018388645548839122, 0.0005286891828291118, 0.0007007733802311122, 0.00017434891196899116, 0.00026899075601249933, 0.00030332329333759844, 0.00021276196639519185, 0.00034265691647306085, 6.659428618149832e-05, 7.333477697102353e-05, 9.265630797017366e-05, 5.675847205566242e-05, 4.651582639780827e-05, 5.713355494663119e-05, 4.3524440116016194e-05, 5.838803554070182e-05, 4.919589264318347e-05, 4.579488086164929e-05, 4.959163925377652e-05, 4.786872159456834e-05, 5.9134781622560695e-05, 5.7220313465222716e-05, 4.673689545597881e-05, 4.2570653022266924e-05, 3.052903775824234e-05, 2.6628193154465407e-05, 2.2629019440500997e-05, 2.1805883079650812e-05, 1.6465392036479898e-05, 1.6909938494791277e-05, 1.4540168194798753e-05, 9.32841248868499e-06, 1.040811821440002e-05, 1.2956063983438071e-05, 7.6108440225652885e-06, 6.813574145780876e-06, 7.871454727137461e-06, 6.411932645278284e-06, 4.459366209630389e-06, 4.67284235128318e-06, 5.0064254537574016e-06, 7.839882528060116e-06, 1.459615486965049e-05, 1.4200180885381997e-05, 1.1167419870616868e-05, 7.39250072001596e-06, 4.739846644952195e-06, 4.202264790365007e-06, 4.032173364976188e-06, 4.7463563532801345e-06, 6.266332093218807e-06, 7.966607881826349e-06, 1.0726953405537643e-05, 9.35269781621173e-06, 8.225037163356319e-06, 4.507430276134983e-06, 4.9002615014615e-06, 4.536135293164989e-06, 3.389254061403335e-06, 3.9652350096730515e-06, 3.605850224630558e-06, 4.8731048991612624e-06, 6.9329198595369235e-06, 9.57720294536557e-06, 1.345837335975375e-05, 1.4591346371162217e-05, 1.4394222489499953e-05, 1.887954567791894e-05, 1.504264582763426e-05, 5.693164894182701e-06, 2.801997879942064e-06, 1.833129772421671e-06, 1.3019568996242015e-06, 1.015116140479222e-06, 1.023735421767924e-06, 9.10180858681997e-07, 8.514622322763898e-07, 8.375957918360655e-07, 8.82914889643871e-07, 7.902886522970221e-07, 6.98366932283534e-07, 6.921465569575957e-07, 5.841363872605143e-07, 5.666539095727785e-07, 5.673488203683519e-07, 6.804139616178873e-07, 7.270007813531265e-07, 6.18890169334918e-07, 4.265156974270212e-07, 4.603434149430541e-07, 5.47387514870934e-07, 4.5600992848449096e-07, 4.3293408680256107e-07, 4.7273371706069156e-07, 4.186716751064523e-07, 3.712206932959816e-07, 2.499884317330725e-07, 8.498253833977287e-08, 8.245897298309046e-09, 7.43481221032738e-10, 9.572780762523436e-11, 7.921693856438594e-11, 2.43549451439673e-11, 8.81033006966403e-12, 8.57528457964829e-12, 8.097047338173624e-12, 7.438005072968323e-12, 7.0849580542653445e-12, 7.003591283305521e-12], "lowlevel.melbands128.stdev": [0.004650690592825413, 0.014936419203877449, 0.01636313460767269, 0.009604185819625854, 0.005269113928079605, 0.004372640512883663, 0.002764863194897771, 0.0011259332532063127, 0.0006241870578378439, 0.0015605123480781913, 0.0007738846470601857, 0.001394533785060048, 0.001993006095290184, 0.001062177587300539, 0.0015136969741433859, 0.00241335341706872, 0.0012817897368222475, 0.002002668334171176, 0.0008420717786066234, 0.0005808558198623359, 0.0011745039373636246, 0.001504063606262207, 0.0005458046798594296, 0.0008838913054205477, 0.0009449500357732177, 0.0005388081190176308, 0.0009654536843299866, 0.00019821693422272801, 0.0002611210511531681, 0.0003157320898026228, 0.00019588673603720963, 0.00013634887000080198, 0.00016469672846142203, 0.00012779617100022733, 0.00015822515706531703, 0.00016233463247772306, 0.00016546956612728536, 0.00017131544882431626, 0.00015081245510373265, 0.0001785894564818591, 0.00020101669360883534, 0.00015447249461431056, 0.0001613382191862911, 0.00011761122732423246, 8.16032406874001e-05, 6.670445873169228e-05, 6.254063919186592e-05, 4.4958473154110834e-05, 4.839217217522673e-05, 3.996164014097303e-05, 2.6686178898671642e-05, 2.823993781930767e-05, 3.413977538002655e-05, 1.9846884242724627e-05, 1.713394703983795e-05, 2.2581909433938563e-05, 1.8008002371061593e-05, 1.0897323591052555e-05, 1.088552744477056e-05, 1.1930750588362571e-05, 1.8540999008109793e-05, 3.0944152968004346e-05, 2.9476133931893855e-05, 2.4707371267140843e-05, 1.7462243704358116e-05, 1.2283239811949898e-05, 1.0297280823579058e-05, 1.01786481536692e-05, 1.4590513274015393e-05, 1.3355263945413753e-05, 1.4692178410768975e-05, 2.0104096620343626e-05, 2.1820100300828926e-05, 1.921697912621312e-05, 9.572789167577866e-06, 1.0503594239708036e-05, 1.0242424650641624e-05, 6.696619038848439e-06, 9.795690857572481e-06, 8.414695912506431e-06, 1.1354633898008615e-05, 1.6935711755650118e-05, 2.2962689399719238e-05, 2.9424025342450477e-05, 2.703485188249033e-05, 2.268178286612965e-05, 3.0730388971278444e-05, 2.731406311795581e-05, 8.52350058266893e-06, 4.686201464210171e-06, 3.8068258163548307e-06, 2.5503695724182762e-06, 1.919375108627719e-06, 1.935905856953468e-06, 1.7402484218109748e-06, 1.418476472281327e-06, 1.3334895356820198e-06, 1.560552391310921e-06, 1.387798420182662e-06, 1.2528114439191995e-06, 1.1536126294231508e-06, 1.1812425100288237e-06, 1.089860916181351e-06, 9.573745956004132e-07, 1.1776638757510227e-06, 1.2388053391987341e-06, 9.125304814006086e-07, 7.234738745864888e-07, 7.624967679475958e-07, 8.81629318882915e-07, 7.237400154735951e-07, 5.804345732940419e-07, 6.185498477861984e-07, 5.905069997425016e-07, 5.736234243158833e-07, 3.867367865950655e-07, 1.513796803465084e-07, 3.573873286200069e-08, 8.120321304261324e-09, 1.7963766030248962e-09, 1.9016128671722754e-09, 3.8485387099385093e-10, 2.8942343313631547e-11, 2.7599297847125115e-11, 2.1218722959237546e-11, 1.288836051771547e-11, 1.0850367479497969e-11, 1.075780090009637e-11], "lowlevel.mfcc.mean": [-644.3257446289062, 116.85450744628906, 50.060279846191406, 36.38541793823242, -8.437894821166992, 14.444344520568848, -7.774923801422119, 8.557316780090332, -0.40115633606910706, 13.685235977172852, 14.325288772583008, 4.015631198883057, 15.963994026184082], "lowlevel.spectral_contrast_coeffs.mean": [-0.6756227612495422, -0.6600170731544495, -0.7804259657859802, -0.8190916776657104, -0.7998881340026855, -0.706386923789978], "lowlevel.spectral_contrast_coeffs.stdev": [0.07055139541625977, 0.07605914771556854, 0.07304377853870392, 0.049277808517217636, 0.0454731360077858, 0.054497189819812775], "lowlevel.spectral_contrast_valleys.mean": [-6.704814910888672, -6.726668834686279, -7.6836371421813965, -8.046594619750977, -7.814375877380371, -10.264524459838867], "lowlevel.spectral_contrast_valleys.stdev": [0.6149134635925293, 0.6968104839324951, 0.9330531358718872, 0.9415988922119141, 0.8197832107543945, 0.7705301642417908], "rhythm.beats_loudness_band_ratio.mean": [0.7990285158157349, 0.08633705973625183, 0.09331441670656204, 0.008337906561791897, 0.007543367799371481, 0.015026972629129887], "rhythm.beats_loudness_band_ratio.stdev": [0.09755152463912964, 0.05314909666776657, 0.07030276954174042, 0.010902874171733856, 0.0073962947353720665, 0.008695271797478199], "tonal.hpcp.mean": [0.08522976189851761, 0.07313443720340729, 0.03746972605586052, 0.01589028723537922, 0.01256248913705349, 0.02112198993563652, 0.026271043345332146, 0.021222038194537163, 0.024801045656204224, 0.0295803714543581, 0.02523920312523842, 0.019318388774991035, 0.05452524870634079, 0.06648062914609909, 0.03145774453878403, 0.03653154522180557, 0.03645271435379982, 0.015166780911386013, 0.007539165671914816, 0.009411122649908066, 0.019534694030880928, 0.2054634690284729, 0.6106207370758057, 0.5336453318595886, 0.13538701832294464, 0.027883753180503845, 0.018907254561781883, 0.0765436515212059, 0.08234459906816483, 0.025262126699090004, 0.011629796586930752, 0.018473103642463684, 0.04019656777381897, 0.06411175429821014, 0.08241448551416397, 0.08334293216466904], "tonal.hpcp.stdev": [0.18970076739788055, 0.16614119708538055, 0.1414279341697693, 0.0957435891032219, 0.08179380744695663, 0.11417512595653534, 0.12141034007072449, 0.0968318060040474, 0.12285793572664261, 0.14794640243053436, 0.12384191900491714, 0.10566640645265579, 0.11944165825843811, 0.14693206548690796, 0.11496660113334656, 0.142391175031662, 0.12731106579303741, 0.08198348432779312, 0.05396333709359169, 0.06647137552499771, 0.10112324357032776, 0.2760806679725647, 0.42354780435562134, 0.4057544767856598, 0.26822906732559204, 0.12849196791648865, 0.09638922661542892, 0.13406795263290405, 0.13427875936031342, 0.0865827277302742, 0.06921443343162537, 0.10165970772504807, 0.16807322204113007, 0.20353786647319794, 0.2335321009159088, 0.22109189629554749], "rhythm.beats_position": [0.4527890980243683, 0.9055781960487366, 1.369977355003357, 1.8459863662719727, 2.3336052894592285, 2.832834482192993, 3.3436734676361084, 3.8545124530792236, 4.36535120010376, 4.876190185546875, 5.38702917098999, 5.8978681564331055, 6.408707141876221, 6.919546127319336, 7.430385589599609, 7.929614543914795, 8.42884349822998, 8.939682006835938, 9.450521469116211, 9.961359977722168, 10.472199440002441, 10.983037948608398, 11.493877410888672, 12.004715919494629, 12.515555381774902, 13.02639389038086, 13.537233352661133, 14.036462783813477, 14.535691261291504, 15.046530723571777, 15.557369232177734, 16.068208694458008, 16.57904815673828, 17.089885711669922, 17.600725173950195, 18.11156463623047, 18.622404098510742, 19.133241653442383, 19.644081115722656, 20.143310546875, 20.642539978027344, 21.153377532958984, 21.664216995239258, 22.17505645751953, 22.685895919799805, 23.196733474731445, 23.70757293701172, 24.218412399291992, 24.729251861572266, 25.240089416503906, 25.75092887878418, 26.250158309936523, 26.760997772216797, 27.26022720336914], "rhythm.bpm_histogram": [0.0, 0.0, 0.0, 0.0, 0.0, 0.0, 0.0, 0.0, 0.0, 0.0, 0.0, 0.0, 0.0, 0.0, 0.0, 0.0, 0.0, 0.0, 0.0, 0.0, 0.0, 0.0, 0.0, 0.0, 0.0, 0.0, 0.0, 0.0, 0.0, 0.0, 0.0, 0.0, 0.0, 0.0, 0.0, 0.0, 0.0, 0.0, 0.0, 0.0, 0.0, 0.0, 0.0, 0.0, 0.0, 0.0, 0.0, 0.0, 0.0, 0.0, 0.0, 0.0, 0.0, 0.0, 0.0, 0.0, 0.0, 0.0, 0.0, 0.0, 0.0, 0.0, 0.0, 0.0, 0.0, 0.0, 0.0, 0.0, 0.0, 0.0, 0.0, 0.0, 0.0, 0.0, 0.0, 0.0, 0.0, 0.0, 0.0, 0.0, 0.0, 0.0, 0.0, 0.0, 0.0, 0.0, 0.0, 0.0, 0.0, 0.0, 0.0, 0.0, 0.0, 0.0, 0.0, 0.0, 0.0, 0.0, 0.0, 0.0, 0.0, 0.0, 0.0, 0.0, 0.0, 0.0, 0.0, 0.0, 0.0, 0.0, 0.0, 0.0, 0.0, 0.0, 0.0, 0.0, 0.0, 0.7547169923782349, 0.0, 0.0, 0.16981132328510284, 0.0, 0.0, 0.01886792480945587, 0.0, 0.0, 0.01886792480945587, 0.0, 0.0, 0.01886792480945587, 0.0, 0.0, 0.0, 0.01886792480945587, 0.0, 0.0, 0.0, 0.0, 0.0, 0.0, 0.0, 0.0, 0.0, 0.0, 0.0, 0.0, 0.0, 0.0, 0.0, 0.0, 0.0, 0.0, 0.0, 0.0, 0.0, 0.0, 0.0, 0.0, 0.0, 0.0, 0.0, 0.0, 0.0, 0.0, 0.0, 0.0, 0.0, 0.0, 0.0, 0.0, 0.0, 0.0, 0.0, 0.0, 0.0, 0.0, 0.0, 0.0, 0.0, 0.0, 0.0, 0.0, 0.0, 0.0, 0.0, 0.0, 0.0, 0.0, 0.0, 0.0, 0.0, 0.0, 0.0, 0.0, 0.0, 0.0, 0.0, 0.0, 0.0, 0.0, 0.0, 0.0, 0.0, 0.0, 0.0, 0.0, 0.0, 0.0, 0.0, 0.0, 0.0, 0.0, 0.0, 0.0, 0.0, 0.0, 0.0, 0.0, 0.0, 0.0, 0.0, 0.0, 0.0, 0.0, 0.0, 0.0, 0.0, 0.0, 0.0, 0.0, 0.0, 0.0, 0.0, 0.0, 0.0, 0.0, 0.0, 0.0, 0.0, 0.0, 0.0, 0.0, 0.0, 0.0, 0.0, 0.0, 0.0, 0.0, 0.0, 0.0], "tonal.chords_histogram": [0.0, 0.0, 0.0, 0.0, 0.0, 0.0, 0.0, 55.79832077026367, 44.20167922973633, 0.0, 0.0, 0.0, 0.0, 0.0, 0.0, 0.0, 0.0, 0.0, 0.0, 0.0, 0.0, 0.0, 0.0, 0.0], "tonal.thpcp": [1.0, 0.8739390969276428, 0.22172030806541443, 0.045664601027965546, 0.030963990837335587, 0.1253538429737091, 0.13485391438007355, 0.04137122258543968, 0.019045859575271606, 0.030252991244196892, 0.06582902371883392, 0.10499439388513565, 0.1349683701992035, 0.1364888697862625, 0.13957887887954712, 0.11977063864469528, 0.061363335698843, 0.026023169979453087, 0.020573308691382408, 0.034591011703014374, 0.04302350431680679, 0.034754861146211624, 0.040616121143102646, 0.04844311624765396, 0.04133368283510208, 0.031637296080589294, 0.08929478377103806, 0.10887384414672852, 0.05151764675974846, 0.05982689931988716, 0.059697799384593964, 0.024838300421833992, 0.012346724048256874, 0.015412386506795883, 0.03199153393507004, 0.3364829421043396], "lowlevel.gfcc.cov": [[3301.426513671875, -485.6246337890625, -1124.6522216796875, -110.78093719482422, 93.54167175292969, 179.4629364013672, -197.2943115234375, -90.25906372070312, -338.1358337402344, -93.14590454101562, -181.77566528320312, -34.322174072265625, -175.412353515625], [-485.6246337890625, 610.0921630859375, 124.0855484008789, -174.70748901367188, 39.01570129394531, -120.16773986816406, 43.157630920410156, -13.085065841674805, 56.016597747802734, -80.19652557373047, 25.229326248168945, -85.5308837890625, 7.24336576461792], [-1124.6522216796875, 124.0855484008789, 901.1724853515625, 145.80870056152344, -130.57809448242188, -61.54915237426758, 42.59485626220703, 34.30670928955078, 113.09288024902344, 13.876136779785156, -25.3840274810791, -23.592317581176758, 8.069220542907715], [-110.78093719482422, -174.70748901367188, 145.80870056152344, 454.6400451660156, -28.355754852294922, -108.98634338378906, -7.4410400390625, 23.082551956176758, 31.246129989624023, -69.79633331298828, -71.03672790527344, 24.478174209594727, 32.233306884765625], [93.54167175292969, 39.01570129394531, -130.57809448242188, -28.355754852294922, 253.6689453125, 53.69911575317383, -43.657772064208984, -12.66107177734375, -37.85231018066406, -21.836872100830078, -9.99932861328125, -27.3622989654541, -26.7417049407959], [179.4629364013672, -120.16773986816406, -61.54915237426758, -108.98634338378906, 53.69911575317383, 254.4970245361328, 31.456310272216797, -59.4088249206543, -52.96308517456055, 42.72041702270508, 17.89177894592285, -8.337318420410156, -25.697439193725586], [-197.2943115234375, 43.157630920410156, 42.59485626220703, -7.4410400390625, -43.657772064208984, 31.456310272216797, 162.11045837402344, 34.08293151855469, 8.976398468017578, -8.876466751098633, 29.66031837463379, 16.70939064025879, 6.646743297576904], [-90.25906372070312, -13.085065841674805, 34.30670928955078, 23.082551956176758, -12.66107177734375, -59.4088249206543, 34.08293151855469, 115.75735473632812, 52.284420013427734, -26.531452178955078, -7.314201354980469, 14.393621444702148, 9.361684799194336], [-338.1358337402344, 56.016597747802734, 113.09288024902344, 31.246129989624023, -37.85231018066406, -52.96308517456055, 8.976398468017578, 52.284420013427734, 149.32252502441406, 31.394176483154297, 16.34554100036621, 4.0086469650268555, 30.419795989990234], [-93.14590454101562, -80.19652557373047, 13.876136779785156, -69.79633331298828, -21.836872100830078, 42.72041702270508, -8.876466751098633, -26.531452178955078, 31.394176483154297, 146.0517120361328, 70.54325866699219, 13.077432632446289, 8.448942184448242], [-181.77566528320312, 25.229326248168945, -25.3840274810791, -71.03672790527344, -9.99932861328125, 17.89177894592285, 29.66031837463379, -7.314201354980469, 16.34554100036621, 70.54325866699219, 125.3753662109375, 46.27677536010742, 23.680095672607422], [-34.322174072265625, -85.5308837890625, -23.592317581176758, 24.478174209594727, -27.3622989654541, -8.337318420410156, 16.70939064025879, 14.393621444702148, 4.0086469650268555, 13.077432632446289, 46.27677536010742, 98.07147216796875, 37.6282844543457], [-175.412353515625, 7.24336576461792, 8.069220542907715, 32.233306884765625, -26.7417049407959, -25.697439193725586, 6.646743297576904, 9.361684799194336, 30.419795989990234, 8.448942184448242, 23.680095672607422, 37.6282844543457, 85.49234771728516]], "lowlevel.gfcc.icov": [[0.0010757012059912086, -0.00019464147044345737, 0.0013277826365083456, -0.00031928776297718287, 0.0009458292624913156, -0.000810842786449939, 0.0012002093717455864, -0.0008608116186223924, 0.0013562279054895043, -0.0004913388984277844, 0.0015655767638236284, -0.0006554476567544043, 0.0016925702802836895], [-0.00019464147044345737, 0.00884697400033474, -0.0018592600245028734, 0.005692868959158659, -0.003154074540361762, 0.0070550208911299706, -0.0045774164609611034, 0.008535623550415039, -0.005489347968250513, 0.009988764300942421, -0.0061479415744543076, 0.008157247677445412, -0.0034859597217291594], [0.0013277826365083456, -0.0018592600245028734, 0.003337117610499263, -0.0018499877769500017, 0.0022897706367075443, -0.0022955217864364386, 0.0019833615515381098, -0.002509464044123888, 0.001738188904710114, -0.0026070261374115944, 0.003154612146317959, -0.0017630307702347636, 0.0029525787103921175], [-0.00031928776297718287, 0.005692868959158659, -0.0018499877769500017, 0.0068237814120948315, -0.00250168121419847, 0.005735156126320362, -0.003499128855764866, 0.006502348929643631, -0.0042476714588701725, 0.007044626399874687, -0.002047655638307333, 0.0035742330364882946, -0.0032250029034912586], [0.0009458292624913156, -0.003154074540361762, 0.0022897706367075443, -0.00250168121419847, 0.006983484607189894, -0.00454370491206646, 0.004395362455397844, -0.004647263325750828, 0.0033307180274277925, -0.002404969185590744, 0.0018818790558725595, -0.0016765674808993936, 0.0031899940222501755], [-0.000810842786449939, 0.0070550208911299706, -0.0022955217864364386, 0.005735156126320362, -0.00454370491206646, 0.012152483686804771, -0.006840970832854509, 0.010014336556196213, -0.004233829211443663, 0.0060442290268838406, -0.004129996057599783, 0.00583477271720767, -0.003055272391065955], [0.0012002093717455864, -0.0045774164609611034, 0.0019833615515381098, -0.003499128855764866, 0.004395362455397844, -0.006840970832854509, 0.01214681938290596, -0.00856983382254839, 0.004566487856209278, -0.003063965355977416, 0.0009678006754256785, -0.003943512681871653, 0.003440690925344825], [-0.0008608116186223924, 0.008535623550415039, -0.002509464044123888, 0.006502348929643631, -0.004647263325750828, 0.010014336556196213, -0.00856983382254839, 0.022624950855970383, -0.011140435934066772, 0.011840231716632843, -0.004672367591410875, 0.004843931179493666, -0.003002840792760253], [0.0013562279054895043, -0.005489347968250513, 0.001738188904710114, -0.0042476714588701725, 0.0033307180274277925, -0.004233829211443663, 0.004566487856209278, -0.011140435934066772, 0.015837039798498154, -0.009746021591126919, 0.004621034488081932, -0.003240930149331689, 0.0007938815397210419], [-0.0004913388984277844, 0.009988764300942421, -0.0026070261374115944, 0.007044626399874687, -0.002404969185590744, 0.0060442290268838406, -0.003063965355977416, 0.011840231716632843, -0.009746021591126919, 0.02359594590961933, -0.01390137616544962, 0.010002519935369492, -0.0036743120290338993], [0.0015655767638236284, -0.0061479415744543076, 0.003154612146317959, -0.002047655638307333, 0.0018818790558725595, -0.004129996057599783, 0.0009678006754256785, -0.004672367591410875, 0.004621034488081932, -0.01390137616544962, 0.022648625075817108, -0.013105134479701519, 0.0032153367064893246], [-0.0006554476567544043, 0.008157247677445412, -0.0017630307702347636, 0.0035742330364882946, -0.0016765674808993936, 0.00583477271720767, -0.003943512681871653, 0.004843931179493666, -0.003240930149331689, 0.010002519935369492, -0.013105134479701519, 0.024219650775194168, -0.00907694548368454], [0.0016925702802836895, -0.0034859597217291594, 0.0029525787103921175, -0.0032250029034912586, 0.0031899940222501755, -0.003055272391065955, 0.003440690925344825, -0.003002840792760253, 0.0007938815397210419, -0.0036743120290338993, 0.0032153367064893246, -0.00907694548368454, 0.019728263840079308]], "lowlevel.mfcc.cov": [[4187.62109375, -605.8134765625, -1233.23486328125, -361.4648132324219, 1.357166051864624, 65.91767883300781, 108.74182891845703, -31.064773559570312, -116.65650177001953, -177.76193237304688, -119.54400634765625, -153.6121368408203, -92.70977020263672], [-605.8134765625, 757.9583740234375, 14.772805213928223, -140.91909790039062, -1.1170626878738403, -91.9620132446289, 11.843465805053711, -27.09483528137207, -47.454185485839844, 74.30769348144531, -2.681913375854492, -2.90647554397583, -19.52371597290039], [-1233.23486328125, 14.772805213928223, 870.9720458984375, 210.9743194580078, -62.93170928955078, -13.956851959228516, -99.99197387695312, 7.563760280609131, 57.803688049316406, 47.056331634521484, 34.51140213012695, 16.318782806396484, 7.818930149078369], [-361.4648132324219, -140.91909790039062, 210.9743194580078, 489.28533935546875, 20.826065063476562, -103.61544799804688, -100.64725494384766, 59.46356964111328, 78.60005187988281, -48.337005615234375, -28.325580596923828, -29.789140701293945, 19.062278747558594], [1.357166051864624, -1.1170626878738403, -62.93170928955078, 20.826065063476562, 239.59364318847656, 22.626617431640625, -19.751100540161133, -20.369321823120117, 16.414979934692383, -27.10844612121582, -28.295358657836914, 25.070371627807617, -15.638154029846191], [65.91767883300781, -91.9620132446289, -13.956851959228516, -103.61544799804688, 22.626617431640625, 210.1591796875, 70.81616973876953, -32.51060485839844, -29.37679100036621, -3.6050455570220947, 8.165600776672363, -0.7886428236961365, -4.647228240966797], [108.74182891845703, 11.843465805053711, -99.99197387695312, -100.64725494384766, -19.751100540161133, 70.81616973876953, 162.0048370361328, 18.692594528198242, -45.00006866455078, -7.423727035522461, 3.916273593902588, -4.572958469390869, -24.4529972076416], [-31.064773559570312, -27.09483528137207, 7.563760280609131, 59.46356964111328, -20.369321823120117, -32.51060485839844, 18.692594528198242, 142.97433471679688, 34.668243408203125, -16.506040573120117, -10.673224449157715, -21.73802947998047, -7.177781105041504], [-116.65650177001953, -47.454185485839844, 57.803688049316406, 78.60005187988281, 16.414979934692383, -29.37679100036621, -45.00006866455078, 34.668243408203125, 107.75547790527344, 4.716777324676514, -8.81989574432373, -4.5109052658081055, 4.623990535736084], [-177.76193237304688, 74.30769348144531, 47.056331634521484, -48.337005615234375, -27.10844612121582, -3.6050455570220947, -7.423727035522461, -16.506040573120117, 4.716777324676514, 116.99691009521484, 24.77969741821289, -12.277724266052246, 4.051031112670898], [-119.54400634765625, -2.681913375854492, 34.51140213012695, -28.325580596923828, -28.295358657836914, 8.165600776672363, 3.916273593902588, -10.673224449157715, -8.81989574432373, 24.77969741821289, 84.62226104736328, 34.762332916259766, 4.537059783935547], [-153.6121368408203, -2.90647554397583, 16.318782806396484, -29.789140701293945, 25.070371627807617, -0.7886428236961365, -4.572958469390869, -21.73802947998047, -4.5109052658081055, -12.277724266052246, 34.762332916259766, 129.5758514404297, 23.833187103271484], [-92.70977020263672, -19.52371597290039, 7.818930149078369, 19.062278747558594, -15.638154029846191, -4.647228240966797, -24.4529972076416, -7.177781105041504, 4.623990535736084, 4.051031112670898, 4.537059783935547, 23.833187103271484, 78.23904418945312]], "lowlevel.mfcc.icov": [[0.0006973475683480501, 0.0006610373384319246, 0.0008368424605578184, 0.0004879390471614897, 0.0002753219741862267, 0.00028779887361451983, 0.00044260118738748133, 0.00021538867440540344, 0.0004025489615742117, 0.000563683221116662, 0.0004674481460824609, 0.0006545524229295552, 0.000739509763661772], [0.0006610373384319246, 0.0023804279044270515, 0.0005446979193948209, 0.0010953766759485006, -8.871278259903193e-05, 0.0015847213799133897, 7.910701970104128e-05, 0.0003505019412841648, 0.0011214090045541525, -0.0003837734111584723, 0.000903209438547492, 0.0007081467192620039, 0.0008747750543989241], [0.0008368424605578184, 0.0005446979193948209, 0.002572468249127269, -0.00027283013332635164, 0.0009716345812194049, -0.0004863327194470912, 0.0013960374053567648, 0.00018692665616981685, 0.0001714325771899894, 9.680890798335895e-06, 0.00025401648599654436, 0.00017429192666895688, 0.0014772670110687613], [0.0004879390471614897, 0.0010953766759485006, -0.00027283013332635164, 0.003910049330443144, -0.0004482430231291801, 0.0018245014362037182, 0.0009667291305959225, -0.0004602005938068032, -0.0005333326989784837, 0.001839715288951993, 0.00044353530392982066, 0.0017019318183884025, -0.00040305592119693756], [0.0002753219741862267, -8.871278259903193e-05, 0.0009716345812194049, -0.0004482430231291801, 0.005486622918397188, -0.0013580824015662074, 0.001350857550278306, 0.0007585970452055335, -0.0008418092038482428, 0.0006327442824840546, 0.0021683238446712494, -0.0017611210932955146, 0.0022517130710184574], [0.00028779887361451983, 0.0015847213799133897, -0.0004863327194470912, 0.0018245014362037182, -0.0013580824015662074, 0.0077920714393258095, -0.0031792137306183577, 0.0017791051650419831, 0.000421552627813071, 0.0006168475956656039, -0.00034848699579015374, 0.001676047220826149, -0.0008456819341517985], [0.00044260118738748133, 7.910701970104128e-05, 0.0013960374053567648, 0.0009667291305959225, 0.001350857550278306, -0.0031792137306183577, 0.010581659153103828, -0.0028443376068025827, 0.003181025618687272, 0.0005824173567816615, 0.00042337109334766865, -0.00033994257682934403, 0.0031574338208884], [0.00021538867440540344, 0.0003505019412841648, 0.00018692665616981685, -0.0004602005938068032, 0.0007585970452055335, 0.0017791051650419831, -0.0028443376068025827, 0.009359283372759819, -0.0032158135436475277, 0.0014465454732999206, 0.00012900380534119904, 0.0013945491518825293, 0.0003459647996351123], [0.0004025489615742117, 0.0011214090045541525, 0.0001714325771899894, -0.0005333326989784837, -0.0008418092038482428, 0.000421552627813071, 0.003181025618687272, -0.0032158135436475277, 0.013264820910990238, -0.0016783627215772867, 0.0013550465228036046, -8.892346522770822e-05, 0.0006770585896447301], [0.000563683221116662, -0.0003837734111584723, 9.680890798335895e-06, 0.001839715288951993, 0.0006327442824840546, 0.0006168475956656039, 0.0005824173567816615, 0.0014465454732999206, -0.0016783627215772867, 0.01194964349269867, -0.0032945957500487566, 0.003319530515000224, -0.0007388515514321625], [0.0004674481460824609, 0.000903209438547492, 0.00025401648599654436, 0.00044353530392982066, 0.0021683238446712494, -0.00034848699579015374, 0.00042337109334766865, 0.00012900380534119904, 0.0013550465228036046, -0.0032945957500487566, 0.01624397188425064, -0.004691001959145069, 0.0017801887588575482], [0.0006545524229295552, 0.0007081467192620039, 0.00017429192666895688, 0.0017019318183884025, -0.0017611210932955146, 0.001676047220826149, -0.00033994257682934403, 0.0013945491518825293, -8.892346522770822e-05, 0.003319530515000224, -0.004691001959145069, 0.011598732322454453, -0.0031383142340928316], [0.000739509763661772, 0.0008747750543989241, 0.0014772670110687613, -0.00040305592119693756, 0.0022517130710184574, -0.0008456819341517985, 0.0031574338208884, 0.0003459647996351123, 0.0006770585896447301, -0.0007388515514321625, 0.0017801887588575482, -0.0031383142340928316, 0.01609589345753193]], "metadata.audio_properties.analysis.downmix": "mix", "metadata.audio_properties.codec": "mp3", "metadata.audio_properties.md5_encoded": "f3c28157bd54edba9315cf2d4487f869", "metadata.tags.file_name": "1182266560677695530.mp3", "metadata.version.essentia": "2.1-beta6-dev", "metadata.version.essentia_git_sha": "v2.1_beta5-1110-g77a6a954", "metadata.version.extractor": "music 2.0", "tonal.chords_key": "A", "tonal.chords_scale": "major", "tonal.key_edma.key": "A", "tonal.key_edma.scale": "minor", "tonal.key_krumhansl.key": "A", "tonal.key_krumhansl.scale": "minor", "tonal.key_temperley.key": "A", "tonal.key_temperley.scale": "minor", "metadata.tags.encoding": ["Lavf58.45.100"]}, "essentia_models": [{"model_name": "genre_dortmund", "activations": {"alternative": "0.001955132", "blues": "4.7800873e-05", "electronic": "0.3636529", "folkcountry": "0.00021735688", "funksoulr