{"song_id": "1182272071800205352", "download": "https://cdn.discordapp.com/attachments/1128313332273782784/1182272071800205352/chirp.mp4?ex=658417ab&amp", "lyrics": "\u041a\u0430\u0436\u0434\u044b\u0439 \u0434\u0435\u043d\u044c, \u043a\u043e\u0433\u0434\u0430 \u044f \u043f\u0440\u043e\u0441\u044b\u043f\u0430\u044e\u0441\u044c \u0440\u044f\u0434\u043e\u043c \u0441 \u0442\u043e\u0431\u043e\u0439,\n\u041f\u043e\u043d\u0438\u043c\u0430\u044e, \u043d\u0430\u0441\u043a\u043e\u043b\u044c\u043a\u043e \u0441\u0447\u0430\u0441\u0442\u043b\u0438\u0432\u0430 \u044f \u0432 \u044d\u0442\u043e\u043c \u043c\u0438\u0440\u0435.\n\u0422\u044b - \u043c\u043e\u0439 \u043a\u0430\u043c\u0435\u043d\u044c \u043e\u043f\u043e\u0440\u044b, \u043c\u043e\u0439 \u043b\u0443\u0447\u0448\u0438\u0439 \u0434\u0440\u0443\u0433,\n\u0421 \u0442\u043e\u0431\u043e\u0439 \u044f \u0432\u0441\u0435\u0433\u0434\u0430 \u0447\u0443\u0432\u0441\u0442\u0432\u0443\u044e \u0441\u0435\u0431\u044f \u043d\u0430 \u0432\u044b\u0441\u043e\u0442\u0435.\u044d\u044d\u044d\u044d\u044d\u044d\u044d\u044d\u044d\u044d\n\n(Chorus)\n\u0410\u0430\u0430\u0430\u0430\u0430\u0430 \u0410\u043b\u0438\u0447\u043a\u0430, \u043c\u043e\u044f \u043b\u044e\u0431\u043e\u0432\u044c,\n\u0422\u044b - \u043c\u043e\u0435 \u0441\u0447\u0430\u0441\u0442\u044c\u0435 \u0435\u0435\u0435, \u043c\u043e\u0439 \u0443\u044e\u0442.\n\u0417\u0430 \u0442\u0432\u043e\u044e \u043d\u0435\u0436\u043d\u043e\u0441\u0442\u044c \u0438 \u043b\u0430\u0441\u043a\u0443,\n\u042f \u0431\u043b\u0430\u0433\u043e\u0434\u0430\u0440\u044e \u043a\u0430\u0436\u0434\u044b\u0439 \u0434\u0435\u043d\u044c.\u044d\u044d\u044d\u044d\u044d\u044d\u044d", "style": ["mpb</span><span>, voice female"], "essentia_features": {"lowlevel.average_loudness": 0.915407121181488, "lowlevel.barkbands_crest.mean": 16.082853317260742, "lowlevel.barkbands_crest.stdev": 3.811659574508667, "lowlevel.barkbands_flatness_db.mean": 0.3476055860519409, "lowlevel.barkbands_flatness_db.stdev": 0.07951842993497849, "lowlevel.barkbands_kurtosis.mean": 82.87940216064453, "lowlevel.barkbands_kurtosis.stdev": 69.47595977783203, "lowlevel.barkbands_skewness.mean": 5.532186508178711, "lowlevel.barkbands_skewness.stdev": 3.198854684829712, "lowlevel.barkbands_spread.mean": 4.551759719848633, "lowlevel.barkbands_spread.stdev": 12.21618938446045, "lowlevel.dissonance.mean": 0.387067973613739, "lowlevel.dissonance.stdev": 0.05852191522717476, "lowlevel.dynamic_complexity": 3.387805700302124, "lowlevel.erbbands_crest.mean": 17.64600372314453, "lowlevel.erbbands_crest.stdev": 5.987607479095459, "lowlevel.erbbands_flatness_db.mean": 0.2429880052804947, "lowlevel.erbbands_flatness_db.stdev": 0.06224946677684784, "lowlevel.erbbands_kurtosis.mean": 32.46820068359375, "lowlevel.erbbands_kurtosis.stdev": 34.09336471557617, "lowlevel.erbbands_skewness.mean": 4.165898323059082, "lowlevel.erbbands_skewness.stdev": 2.3332998752593994, "lowlevel.erbbands_spread.mean": 21.68742561340332, "lowlevel.erbbands_spread.stdev": 28.209674835205078, "lowlevel.hfc.mean": 7.02524471282959, "lowlevel.hfc.stdev": 5.142638206481934, "lowlevel.loudness_ebu128.integrated": -11.672273635864258, "lowlevel.loudness_ebu128.loudness_range": 4.280124664306641, "lowlevel.loudness_ebu128.momentary.mean": -12.655813217163086, "lowlevel.loudness_ebu128.momentary.stdev": 3.327103853225708, "lowlevel.loudness_ebu128.short_term.mean": -11.946725845336914, "lowlevel.loudness_ebu128.short_term.stdev": 1.6981319189071655, "lowlevel.melbands_crest.mean": 19.1378231048584, "lowlevel.melbands_crest.stdev": 3.602267265319824, "lowlevel.melbands_flatness_db.mean": 0.450107604265213, "lowlevel.melbands_flatness_db.stdev": 0.09513703733682632, "lowlevel.melbands_kurtosis.mean": 131.94618225097656, "lowlevel.melbands_kurtosis.stdev": 125.01371002197266, "lowlevel.melbands_skewness.mean": 5.778560638427734, "lowlevel.melbands_skewness.stdev": 3.7584893703460693, "lowlevel.melbands_spread.mean": 4.153082370758057, "lowlevel.melbands_spread.stdev": 19.391199111938477, "lowlevel.pitch_salience.mean": 0.4099138677120209, "lowlevel.pitch_salience.stdev": 0.13891717791557312, "lowlevel.silence_rate_20dB.mean": 1.0, "lowlevel.silence_rate_20dB.stdev": 0.0, "lowlevel.silence_rate_30dB.mean": 0.991309404373169, "lowlevel.silence_rate_30dB.stdev": 0.09281716495752335, "lowlevel.silence_rate_60dB.mean": 0.07242178171873093, "lowlevel.silence_rate_60dB.stdev": 0.2591802775859833, "lowlevel.spectral_centroid.mean": 311.2002868652344, "lowlevel.spectral_centroid.stdev": 534.3091430664062, "lowlevel.spectral_complexity.mean": 4.171494960784912, "lowlevel.spectral_complexity.stdev": 1.920076847076416, "lowlevel.spectral_decrease.mean": -8.809451834679294e-09, "lowlevel.spectral_decrease.stdev": 6.792576723313459e-09, "lowlevel.spectral_energy.mean": 0.03388608247041702, "lowlevel.spectral_energy.stdev": 0.0260513573884964, "lowlevel.spectral_energyband_high.mean": 0.00010748765635071322, "lowlevel.spectral_energyband_high.stdev": 0.0002481242991052568, "lowlevel.spectral_energyband_low.mean": 0.013774441555142403, "lowlevel.spectral_energyband_low.stdev": 0.015006331726908684, "lowlevel.spectral_energyband_middle_high.mean": 9.766039875103161e-05, "lowlevel.spectral_energyband_middle_high.stdev": 0.0001591613399796188, "lowlevel.spectral_energyband_middle_low.mean": 0.022688452154397964, "lowlevel.spectral_energyband_middle_low.stdev": 0.02224782295525074, "lowlevel.spectral_entropy.mean": 5.701883316040039, "lowlevel.spectral_entropy.stdev": 0.9203655123710632, "lowlevel.spectral_flux.mean": 0.04915069416165352, "lowlevel.spectral_flux.stdev": 0.03862624242901802, "lowlevel.spectral_kurtosis.mean": 14.953658103942871, "lowlevel.spectral_kurtosis.stdev": 15.79154109954834, "lowlevel.spectral_rms.mean": 0.0052511123940348625, "lowlevel.spectral_rms.stdev": 0.0023421102669090033, "lowlevel.spectral_rolloff.mean": 444.3488464355469, "lowlevel.spectral_rolloff.stdev": 1409.689453125, "lowlevel.spectral_skewness.mean": 3.1865971088409424, "lowlevel.spectral_skewness.stdev": 1.480449914932251, "lowlevel.spectral_spread.mean": 5296246.5, "lowlevel.spectral_spread.stdev": 2739762.0, "lowlevel.spectral_strongpeak.mean": 0.845576822757721, "lowlevel.spectral_strongpeak.stdev": 0.504881739616394, "lowlevel.zerocrossingrate.mean": 0.023200148716568947, "lowlevel.zerocrossingrate.stdev": 0.04249616339802742, "metadata.audio_properties.analysis.equal_loudness": 0.0, "metadata.audio_properties.analysis.length": 40.04265213012695, "metadata.audio_properties.analysis.sample_rate": 44100.0, "metadata.audio_properties.analysis.start_time": 0.0, "metadata.audio_properties.bit_rate": 118275.0, "metadata.audio_properties.length": 40.042667388916016, "metadata.audio_properties.lossless": 0.0, "metadata.audio_properties.number_channels": 1.0, "metadata.audio_properties.replay_gain": -15.200063705444336, "metadata.audio_properties.sample_rate": 48000.0, "rhythm.beats_count": 77.0, "rhythm.beats_loudness.mean": 0.0461919791996479, "rhythm.beats_loudness.stdev": 0.028918912634253502, "rhythm.bpm": 110.889404296875, "rhythm.bpm_histogram_first_peak_bpm": 112.0, "rhythm.bpm_histogram_first_peak_weight": 0.5600000023841858, "rhythm.bpm_histogram_second_peak_bpm": 140.0, "rhythm.bpm_histogram_second_peak_spread": 0.4375000596046448, "rhythm.bpm_histogram_second_peak_weight": 0.1184210553765297, "rhythm.danceability": 1.0707170963287354, "rhythm.onset_rate": 3.270550489425659, "tonal.chords_changes_rate": 0.0590277761220932, "tonal.chords_number_rate": 0.011574073694646358, "tonal.chords_strength.mean": 0.5444956421852112, "tonal.chords_strength.stdev": 0.07934805750846863, "tonal.hpcp_crest.mean": 16.06884002685547, "tonal.hpcp_crest.stdev": 7.389071941375732, "tonal.hpcp_entropy.mean": 1.701544165611267, "tonal.hpcp_entropy.stdev": 0.7355036735534668, "tonal.key_edma.strength": 0.7635715007781982, "tonal.key_krumhansl.strength": 0.7631163001060486, "tonal.key_temperley.strength": 0.7598174810409546, "tonal.tuning_diatonic_strength": 0.6479294896125793, "tonal.tuning_equal_tempered_deviation": 0.06996553391218185, "tonal.tuning_frequency": 438.2245178222656, "tonal.tuning_nontempered_energy_ratio": 0.736111044883728, "lowlevel.barkbands.mean": [6.085362656449433e-06, 0.0006522544426843524, 0.010341351851820946, 0.006935717072337866, 0.014637569896876812, 0.0007039775955490768, 0.0002158656279789284, 0.00011144406744278967, 6.457465497078374e-05, 3.308426676085219e-05, 1.1801093023677822e-05, 8.432540198555216e-06, 9.576687261869665e-06, 1.0532281521591358e-05, 7.500720585085219e-06, 5.532319391932106e-06, 7.99293047748506e-06, 6.142232450656593e-06, 5.010173936170759e-06, 7.490265943488339e-06, 7.871080924815033e-06, 1.216635155287804e-05, 1.2411396710376721e-05, 3.116572406725027e-05, 3.165293310303241e-05, 8.906190487323329e-06, 4.720968860283392e-08], "lowlevel.barkbands.stdev": [1.4845340047031641e-05, 0.0012092177057638764, 0.012329820543527603, 0.007606410887092352, 0.017377428710460663, 0.0012000849237665534, 0.0005732594290748239, 0.0003139747423119843, 0.0002427823783364147, 9.775588841876015e-05, 2.961420796054881e-05, 2.504579970263876e-05, 2.3714977942290716e-05, 2.255568870168645e-05, 1.844701182562858e-05, 1.328615689999424e-05, 2.305723864992615e-05, 2.6891157176578417e-05, 2.0908182705170475e-05, 2.6913805413641967e-05, 2.6918092771666124e-05, 4.010495831607841e-05, 6.135823059594259e-05, 7.921968790469691e-05, 6.190512067405507e-05, 1.477168461860856e-05, 1.6180027273549058e-07], "lowlevel.erbbands.mean": [0.005928215105086565, 0.3570185601711273, 8.021866798400879, 20.652271270751953, 62.026573181152344, 26.555526733398438, 11.134820938110352, 4.1184401512146, 3.424576759338379, 3.224480390548706, 2.5135796070098877, 1.4944090843200684, 1.3816739320755005, 0.6389479637145996, 0.4178195595741272, 0.3545362949371338, 0.44437670707702637, 0.6037237048149109, 0.3689212501049042, 0.42124611139297485, 0.2990325093269348, 0.4739427864551544, 0.35716408491134644, 0.2444596290588379, 0.2933320999145508, 0.3708620071411133, 0.335563063621521, 0.29675331711769104, 0.42745503783226013, 0.4135235548019409, 0.3423348665237427, 0.4081285893917084, 0.6694602370262146, 0.4550773501396179, 0.16347818076610565, 0.05163626745343208, 0.014846493490040302, 0.0013623612467199564, 4.34759131167084e-05, 3.875510083162226e-05], "lowlevel.erbbands.stdev": [0.0072470773011446, 0.44598063826560974, 9.038006782531738, 20.657100677490234, 77.09709930419922, 31.243255615234375, 16.360763549804688, 6.999471664428711, 7.260222434997559, 11.669126510620117, 7.884889125823975, 5.840090751647949, 3.872631072998047, 1.9507781267166138, 0.9029273390769958, 0.975166380405426, 1.081531286239624, 1.3654512166976929, 0.8011757135391235, 1.105481743812561, 0.5979740023612976, 1.4527568817138672, 1.472316026687622, 0.9697743058204651, 1.194441318511963, 1.3861396312713623, 1.0783616304397583, 1.0686981678009033, 1.4177054166793823, 1.761044979095459, 1.7040265798568726, 1.3967456817626953, 1.5834219455718994, 0.9425360560417175, 0.30147412419319153, 0.08986156433820724, 0.025498267263174057, 0.002524309791624546, 5.0860046030720696e-05, 2.8564427339006215e-05], "lowlevel.gfcc.mean": [-137.65089416503906, 111.20337677001953, -18.93459129333496, 38.896881103515625, -51.81490707397461, 11.768036842346191, -59.00926971435547, -5.902219295501709, -41.380916595458984, -12.843376159667969, -28.69595718383789, -14.871187210083008, -13.335015296936035], "lowlevel.melbands.mean": [9.649807907408103e-05, 0.00301469792611897, 0.004926495254039764, 0.0034255734644830227, 0.00042913711513392627, 9.916016279021278e-05, 5.133232843945734e-05, 3.2170373742701486e-05, 1.9050501578021795e-05, 8.533846084901597e-06, 6.640510491706664e-06, 2.5179963358823443e-06, 1.5538516890956089e-06, 1.0205526450590696e-06, 8.052842304095975e-07, 1.0949589750453015e-06, 1.092080083253677e-06, 5.820168667014514e-07, 4.950796892444487e-07, 4.995519020667416e-07, 3.222656914658728e-07, 5.033693355471769e-07, 4.030831917134492e-07, 2.8115979944232095e-07, 1.8209215113529353e-07, 1.9412999563428457e-07, 2.5699455363792367e-07, 2.312429501216684e-07, 2.0221767726980033e-07, 2.0014716994865012e-07, 1.5900600658369513e-07, 2.361296225217302e-07, 2.5086586674660794e-07, 2.2085033890562045e-07, 1.8708337279349507e-07, 2.0549190082874702e-07, 2.6812719511326577e-07, 4.582498718264105e-07, 4.796511348104104e-07, 3.5862120739693637e-07], "lowlevel.melbands.stdev": [0.0001750988740241155, 0.0033214178401976824, 0.004286047536879778, 0.004160652402788401, 0.0005505650187842548, 0.000164848257554695, 0.00010546464909566566, 0.00010802972974488512, 6.439181015593931e-05, 3.223936801077798e-05, 1.8852051653084345e-05, 8.501249794790056e-06, 3.4540219076006906e-06, 2.988412688864628e-06, 2.343445657970733e-06, 2.7119431251776405e-06, 2.455449248373043e-06, 1.2724068483294104e-06, 1.2297600733290892e-06, 1.394704213453224e-06, 6.766566684746067e-07, 1.6034314285207074e-06, 1.4420323850572458e-06, 1.4531108263327042e-06, 7.340332217609102e-07, 8.891362881513487e-07, 9.906775630952325e-07, 8.761805361245933e-07, 6.650953423559258e-07, 7.40621317163459e-07, 5.811972982883162e-07, 8.13097187801759e-07, 8.819818617666897e-07, 1.0544695214775857e-06, 1.0006554020947078e-06, 9.353952918900177e-07, 8.873053616298421e-07, 1.1212623576284386e-06, 1.1249672979829484e-06, 7.220830866572214e-07], "lowlevel.melbands128.mean": [2.934714075308875e-06, 7.498268132621888e-06, 3.430086871958338e-05, 0.0004457643663045019, 0.002738433424383402, 0.005794079042971134, 0.0038068017456680536, 0.0038666941691190004, 0.00812525860965252, 0.0033941944129765034, 0.0007651023333892226, 0.0005918053793720901, 0.0004016357706859708, 0.000143115728860721, 5.970416896161623e-05, 0.0001064722819137387, 7.376776920864359e-05, 2.9968538001412526e-05, 3.443101741140708e-05, 4.654469739762135e-05, 1.9784994947258383e-05, 2.4341414246009663e-05, 1.932551276695449e-05, 1.4414849829336163e-05, 1.0129469956154935e-05, 3.949801794078667e-06, 9.394443623023108e-06, 8.248884114436805e-06, 3.2075568014988676e-06, 2.9010523121542064e-06, 2.0428951756912284e-06, 2.17183855966141e-06, 1.7338268207822694e-06, 9.195925940730376e-07, 1.0341375400457764e-06, 1.1466665910120355e-06, 8.851806683196628e-07, 5.704973204956332e-07, 9.196668315780698e-07, 1.077758156498021e-06, 8.186186732928036e-07, 1.7008147779051797e-06, 1.1886241964020883e-06, 8.564527433918556e-07, 4.922394509776495e-07, 6.434215720219072e-07, 5.467731511998863e-07, 3.001983088779525e-07, 5.25047823884961e-07, 8.36758374589408e-07, 4.484625719669566e-07, 2.4055174208115204e-07, 3.2254749271487526e-07, 3.3619878081481147e-07, 3.612867089941574e-07, 6.43655255316844e-07, 4.747129196402966e-07, 4.4676042421087914e-07, 4.3197618992962816e-07, 2.132363476903265e-07, 3.4268842341589334e-07, 2.4738722004258307e-07, 1.6872293429059937e-07, 1.7614377156860428e-07, 1.6842939487560216e-07, 2.017680884591755e-07, 2.075098421983057e-07, 1.9804343764917576e-07, 2.5836158101810724e-07, 3.7028169685981993e-07, 2.162251888648825e-07, 1.839397469893811e-07, 1.7405575647444493e-07, 2.2094558005392173e-07, 2.1158039942292817e-07, 2.0972817083020345e-07, 2.0095056640911935e-07, 1.4974791895383532e-07, 1.4142524662474898e-07, 1.7008044039812376e-07, 2.2483531836314796e-07, 2.909634133629879e-07, 2.282909292716795e-07, 2.627778030728223e-07, 2.424297917968943e-07, 2.3507645607878658e-07, 2.0897127228636236e-07, 1.9712366849944374e-07, 1.8083927955103718e-07, 1.8344368868383754e-07, 2.0327465222180763e-07, 2.2784745112858218e-07, 1.7978692312681233e-07, 2.2361304274909344e-07, 3.5169432521797717e-07, 3.970239959016908e-07, 4.72007030793975e-07, 5.771680093857867e-07, 4.7605337272216275e-07, 4.4063020254725416e-07, 4.1920475268852897e-07, 3.4106179214177246e-07, 2.9889440611441387e-07, 2.3958338601914875e-07, 1.5481374759929167e-07, 1.2473509514165926e-07, 1.477380635606096e-07, 1.1782393016801507e-07, 7.925193301616673e-08, 5.523462220935471e-08, 5.621395260391182e-08, 4.887990812108001e-08, 5.3526019172522865e-08, 4.185191926353582e-08, 2.5722309615616723e-08, 1.1845769698481945e-08, 2.1241950420858302e-09, 1.89110851978036e-10, 9.814194595891834e-12, 4.988840070219158e-12, 3.6166833417006217e-12, 3.005775532985422e-12, 2.919962232075801e-12, 2.8695427110869698e-12, 2.822562062548828e-12, 2.7541855514984226e-12, 2.716972697172637e-12, 2.7002096305434042e-12], "lowlevel.melbands128.stdev": [6.3450111156271305e-06, 2.3952659830683842e-05, 8.272327977465466e-05, 0.0008394466713070869, 0.0033106510527431965, 0.007178508676588535, 0.004915140103548765, 0.004611797630786896, 0.010755348019301891, 0.005061498377472162, 0.001269945758394897, 0.000804917945060879, 0.0007714265375398099, 0.00029139299294911325, 0.0001654511725064367, 0.00023933881311677396, 0.00018707560957409441, 0.00011238033039262518, 0.0001321249146712944, 0.00021598138846457005, 5.499034887179732e-05, 8.666082430863753e-05, 9.598745236871764e-05, 7.693666702834889e-05, 5.735014929086901e-05, 1.8687052943278104e-05, 3.160836422466673e-05, 2.8994159947615117e-05, 1.3604289961222094e-05, 1.6047908502514474e-05, 8.54215250001289e-06, 6.614384346903535e-06, 4.235507731209509e-06, 2.9114789867890067e-06, 4.372187049739296e-06, 4.178146809863392e-06, 3.091905000474071e-06, 3.1154195312410593e-06, 3.2404702778876526e-06, 3.5155990190105513e-06, 2.8395254503266187e-06, 6.441021469072439e-06, 3.2998530059558107e-06, 2.2669862573820865e-06, 1.3461891512633883e-06, 1.678627654655429e-06, 1.972865675270441e-06, 1.2561135918076616e-06, 1.5534442354692146e-06, 2.813217406583135e-06, 1.7135560028691543e-06, 5.644924954140151e-07, 9.154534268418502e-07, 7.673441473343701e-07, 9.406398930877913e-07, 2.7329274416842964e-06, 1.5266102764144307e-06, 1.3587296052719466e-06, 2.238286697320291e-06, 1.0559215297689661e-06, 2.272290430482826e-06, 1.3694758536075824e-06, 7.855509238652303e-07, 8.001476885510783e-07, 7.704666131758131e-07, 1.2747431128445896e-06, 1.050321884576988e-06, 8.605861694377381e-07, 1.2281374210942886e-06, 1.6421242889919085e-06, 1.001721216198348e-06, 7.159030133152555e-07, 5.494773063219327e-07, 8.087964147307503e-07, 8.259103765340114e-07, 8.645776574667252e-07, 8.125006161208148e-07, 6.29313717581681e-07, 6.184362177918956e-07, 6.49675200747879e-07, 7.85151655691152e-07, 1.2381873375488794e-06, 7.204336043287185e-07, 1.0181881862081354e-06, 9.62998456088826e-07, 1.1509476962601184e-06, 1.1132200370411738e-06, 1.0815322184498655e-06, 1.0301571364834672e-06, 1.0584698202364962e-06, 9.828632983044372e-07, 1.095925426852773e-06, 7.578443046440952e-07, 8.956909027801885e-07, 1.1254107903369004e-06, 1.107308207792812e-06, 1.1882950730068842e-06, 1.484187464484421e-06, 1.2575783330248669e-06, 1.1215589665880543e-06, 9.174842148240714e-07, 7.149583893806266e-07, 6.205079330356966e-07, 5.01152612741862e-07, 3.370361980614689e-07, 2.4027923473113333e-07, 2.9700601089643897e-07, 2.104863341401142e-07, 1.5469792913336278e-07, 1.2469196519759862e-07, 1.2132491633565223e-07, 9.407877143985388e-08, 1.0453662468989933e-07, 8.558571806815962e-08, 5.2211557743930825e-08, 2.9645747190443217e-08, 6.644162997559988e-09, 1.4129901693138436e-09, 1.5530729480239813e-10, 6.556741261043442e-11, 2.1197555863383677e-11, 5.383821860549531e-12, 5.226658515711247e-12, 5.137176274649935e-12, 5.0638373702560635e-12, 5.0028058952433785e-12, 4.9592062227599154e-12, 4.932477169761196e-12], "lowlevel.mfcc.mean": [-814.2902221679688, 148.57489013671875, 80.40609741210938, 32.57020950317383, 31.46540069580078, 6.925586223602295, 3.1119401454925537, -8.87570858001709, -3.2681949138641357, -12.810742378234863, -10.534070014953613, -13.96468734741211, -14.072501182556152], "lowlevel.spectral_contrast_coeffs.mean": [-0.5480712652206421, -0.7562214136123657, -0.8155583143234253, -0.8421120643615723, -0.8422154784202576, -0.827134907245636], "lowlevel.spectral_contrast_coeffs.stdev": [0.08293024450540543, 0.08286899328231812, 0.05541551113128662, 0.0434378944337368, 0.04181039333343506, 0.03639199584722519], "lowlevel.spectral_contrast_valleys.mean": [-7.1149396896362305, -8.331572532653809, -9.389227867126465, -9.760294914245605, -9.79495620727539, -11.364983558654785], "lowlevel.spectral_contrast_valleys.stdev": [0.9537597894668579, 0.9080725312232971, 0.8197141885757446, 0.88789963722229, 1.030211091041565, 1.1387232542037964], "rhythm.beats_loudness_band_ratio.mean": [0.8214648365974426, 0.36941176652908325, 0.021046528592705727, 0.0023225639015436172, 0.001185817294754088, 0.0030695253517478704], "rhythm.beats_loudness_band_ratio.stdev": [0.1547691524028778, 0.1955549418926239, 0.05189548432826996, 0.0046792104840278625, 0.0020994055084884167, 0.00576910562813282], "tonal.hpcp.mean": [0.12748050689697266, 0.0637412965297699, 0.009685992263257504, 0.009827797301113605, 0.019035382196307182, 0.0647534430027008, 0.1606541872024536, 0.13203154504299164, 0.1389220803976059, 0.2438422441482544, 0.13773401081562042, 0.012677437625825405, 0.01383654959499836, 0.014153044670820236, 0.01727120950818062, 0.05453718081116676, 0.054995641112327576, 0.028246764093637466, 0.027992570772767067, 0.02025458589196205, 0.026629570871591568, 0.036386460065841675, 0.023363517597317696, 0.013102119788527489, 0.010937641374766827, 0.008143119513988495, 0.03711366280913353, 0.09571963548660278, 0.14176681637763977, 0.3000480532646179, 0.36315131187438965, 0.15786965191364288, 0.021895170211791992, 0.012275203131139278, 0.017836933955550194, 0.08269335329532623], "tonal.hpcp.stdev": [0.29231852293014526, 0.16192975640296936, 0.0639922097325325, 0.07554392516613007, 0.11458168178796768, 0.16831934452056885, 0.34366682171821594, 0.27808552980422974, 0.24011997878551483, 0.4007222354412079, 0.2488633096218109, 0.06524547934532166, 0.06581737846136093, 0.0718439370393753, 0.0739191472530365, 0.1574908047914505, 0.16401173174381256, 0.13668958842754364, 0.13869483768939972, 0.11228173226118088, 0.12238757312297821, 0.15174375474452972, 0.10570479184389114, 0.07795785367488861, 0.07339674234390259, 0.06394127756357193, 0.1353239268064499, 0.2493983954191208, 0.27615806460380554, 0.3614695966243744, 0.43173354864120483, 0.2552676498889923, 0.11050871759653091, 0.0877685621380806, 0.10013085603713989, 0.20929263532161713], "rhythm.beats_position": [0.5572788715362549, 1.1145577430725098, 1.6834466457366943, 2.252335548400879, 2.809614419937134, 3.3436734676361084, 3.877732276916504, 4.4117913246154785, 4.992290019989014, 5.526349067687988, 6.060408115386963, 6.606077194213867, 7.140135765075684, 7.685804843902588, 8.243083953857422, 8.800362586975098, 9.357641220092773, 9.903310775756836, 10.448979377746582, 10.959818840026855, 11.505487442016602, 12.051156044006348, 12.58521556854248, 13.142494201660156, 13.676552772521973, 14.210612297058105, 14.756280899047852, 15.313559532165527, 15.87083911895752, 16.416507720947266, 16.9505672454834, 17.507844924926758, 18.04190444946289, 18.575963973999023, 19.110021591186523, 19.655691146850586, 20.18975067138672, 20.73541831970215, 21.26947784423828, 21.791927337646484, 22.325986862182617, 22.860044479370117, 23.40571403503418, 23.939773559570312, 24.485441207885742, 25.031110763549805, 25.565170288085938, 26.076007843017578, 26.62167739868164, 27.167346954345703, 27.701404571533203, 28.212244033813477, 28.73469352722168, 29.268753051757812, 29.814420700073242, 30.348480224609375, 30.870929718017578, 31.38176727294922, 31.892606735229492, 32.3918342590332, 32.82140350341797, 33.250972747802734, 33.6805419921875, 34.110111236572266, 34.528072357177734, 34.94602966308594, 35.3755989074707, 35.80516815185547, 36.2463493347168, 36.68752670288086, 37.12870788574219, 37.58149719238281, 38.022674560546875, 38.45224380493164, 38.881813049316406, 39.31138229370117, 39.7525634765625], "rhythm.bpm_histogram": [0.0, 0.0, 0.0, 0.0, 0.0, 0.0, 0.0, 0.0, 0.0, 0.0, 0.0, 0.0, 0.0, 0.0, 0.0, 0.0, 0.0, 0.0, 0.0, 0.0, 0.0, 0.0, 0.0, 0.0, 0.0, 0.0, 0.0, 0.0, 0.0, 0.0, 0.0, 0.0, 0.0, 0.0, 0.0, 0.0, 0.0, 0.0, 0.0, 0.0, 0.0, 0.0, 0.0, 0.0, 0.0, 0.0, 0.0, 0.0, 0.0, 0.0, 0.0, 0.0, 0.0, 0.0, 0.0, 0.0, 0.0, 0.0, 0.0, 0.0, 0.0, 0.0, 0.0, 0.0, 0.0, 0.0, 0.0, 0.0, 0.0, 0.0, 0.0, 0.0, 0.0, 0.0, 0.0, 0.0, 0.0, 0.0, 0.0, 0.0, 0.0, 0.0, 0.0, 0.0, 0.0, 0.0, 0.0, 0.0, 0.0, 0.0, 0.0, 0.0, 0.0, 0.0, 0.0, 0.0, 0.0, 0.0, 0.0, 0.0, 0.0, 0.0, 0.0, 0.01315789483487606, 0.0, 0.02631578966975212, 0.0, 0.0, 0.1184210553765297, 0.0, 0.21052631735801697, 0.0, 0.28947368264198303, 0.0, 0.0, 0.03947368264198303, 0.0, 0.06578947603702545, 0.0, 0.0, 0.01315789483487606, 0.0, 0.0, 0.0, 0.0, 0.0, 0.0, 0.0, 0.0, 0.0, 0.0, 0.0, 0.0, 0.01315789483487606, 0.0, 0.0, 0.06578947603702545, 0.0, 0.0, 0.0, 0.1184210553765297, 0.0, 0.0, 0.0, 0.02631578966975212, 0.0, 0.0, 0.0, 0.0, 0.0, 0.0, 0.0, 0.0, 0.0, 0.0, 0.0, 0.0, 0.0, 0.0, 0.0, 0.0, 0.0, 0.0, 0.0, 0.0, 0.0, 0.0, 0.0, 0.0, 0.0, 0.0, 0.0, 0.0, 0.0, 0.0, 0.0, 0.0, 0.0, 0.0, 0.0, 0.0, 0.0, 0.0, 0.0, 0.0, 0.0, 0.0, 0.0, 0.0, 0.0, 0.0, 0.0, 0.0, 0.0, 0.0, 0.0, 0.0, 0.0, 0.0, 0.0, 0.0, 0.0, 0.0, 0.0, 0.0, 0.0, 0.0, 0.0, 0.0, 0.0, 0.0, 0.0, 0.0, 0.0, 0.0, 0.0, 0.0, 0.0, 0.0, 0.0, 0.0, 0.0, 0.0, 0.0, 0.0, 0.0, 0.0, 0.0, 0.0, 0.0, 0.0, 0.0, 0.0, 0.0, 0.0, 0.0, 0.0, 0.0, 0.0, 0.0, 0.0, 0.0, 0.0, 0.0, 0.0, 0.0, 0.0, 0.0, 0.0, 0.0], "tonal.chords_histogram": [22.800926208496094, 2.777777671813965, 23.95833396911621, 13.657407760620117, 0.9259259104728699, 14.467592239379883, 1.5046296119689941, 0.0, 0.0, 0.11574073880910873, 1.2731481790542603, 0.0, 0.46296295523643494, 0.0, 0.0, 0.0, 0.0, 12.962963104248047, 0.0, 2.1990740299224854, 0.0, 0.0, 0.0, 2.8935184478759766], "tonal.thpcp": [1.0, 0.4347214102745056, 0.060292139649391174, 0.03380189836025238, 0.049117084592580795, 0.22771045565605164, 0.3510396480560303, 0.17552269995212555, 0.026672055944800377, 0.027062540873885155, 0.052417218685150146, 0.17830981314182281, 0.4423891007900238, 0.3635717034339905, 0.38254600763320923, 0.671461820602417, 0.3792744278907776, 0.03490952029824257, 0.03810133412480354, 0.03897285833954811, 0.04755926504731178, 0.15017756819725037, 0.15144002437591553, 0.07778235524892807, 0.07708238810300827, 0.0557745099067688, 0.0733291357755661, 0.10019641369581223, 0.06433548778295517, 0.036078955978155136, 0.030118688941001892, 0.02242348901927471, 0.10219889134168625, 0.2635805904865265, 0.3903794586658478, 0.8262342810630798], "lowlevel.gfcc.cov": [[6921.1318359375, -1057.9542236328125, -519.1320190429688, 387.5714416503906, -665.31787109375, -149.05532836914062, -503.6576843261719, 303.107666015625, -173.73641967773438, 275.59197998046875, -176.4458465576172, -117.3550796508789, -158.17250061035156], [-1057.9542236328125, 1655.236572265625, 49.549095153808594, -560.174560546875, 339.7468566894531, -151.83375549316406, 175.004150390625, -172.8887481689453, 114.89501190185547, -228.10845947265625, 116.35771942138672, -45.91135787963867, 121.22996520996094], [-519.1320190429688, 49.549095153808594, 729.2491455078125, 75.74794006347656, 48.37569808959961, 154.39935302734375, 44.83879089355469, -32.50766372680664, -64.95857238769531, -48.40740203857422, -32.68214797973633, 21.650728225708008, 24.694454193115234], [387.5714416503906, -560.174560546875, 75.74794006347656, 516.5940551757812, -16.54498291015625, 32.92705535888672, -99.43023681640625, -26.051055908203125, 13.43567180633545, 34.76830291748047, -15.427587509155273, 15.822284698486328, -9.127616882324219], [-665.31787109375, 339.7468566894531, 48.37569808959961, -16.54498291015625, 294.621337890625, 18.19045639038086, 21.934694290161133, -83.2059326171875, 44.64406204223633, -75.40026092529297, 8.172677040100098, 4.00463342666626, 36.6865234375], [-149.05532836914062, -151.83375549316406, 154.39935302734375, 32.92705535888672, 18.19045639038086, 184.4641876220703, 61.65046691894531, 17.547319412231445, -40.93423843383789, 24.68976402282715, -25.629619598388672, 4.40125846862793, -8.62109088897705], [-503.6576843261719, 175.004150390625, 44.83879089355469, -99.43023681640625, 21.934694290161133, 61.65046691894531, 260.1519775390625, 5.937146186828613, -68.87754821777344, -42.33449172973633, 14.646571159362793, 2.575943946838379, -1.7538782358169556], [303.107666015625, -172.8887481689453, -32.50766372680664, -26.051055908203125, -83.2059326171875, 17.547319412231445, 5.937146186828613, 138.90530395507812, -20.396209716796875, 34.1554069519043, -16.166624069213867, 2.214162826538086, -27.964580535888672], [-173.73641967773438, 114.89501190185547, -64.95857238769531, 13.43567180633545, 44.64406204223633, -40.93423843383789, -68.87754821777344, -20.396209716796875, 148.01693725585938, 10.852263450622559, 23.399972915649414, -6.287538528442383, 17.097158432006836], [275.59197998046875, -228.10845947265625, -48.40740203857422, 34.76830291748047, -75.40026092529297, 24.68976402282715, -42.33449172973633, 34.1554069519043, 10.852263450622559, 148.4773712158203, -1.7821062803268433, -3.3063716888427734, -23.41017723083496], [-176.4458465576172, 116.35771942138672, -32.68214797973633, -15.427587509155273, 8.172677040100098, -25.629619598388672, 14.646571159362793, -16.166624069213867, 23.399972915649414, -1.7821062803268433, 80.57041931152344, 5.6403961181640625, 3.6171116828918457], [-117.3550796508789, -45.91135787963867, 21.650728225708008, 15.822284698486328, 4.00463342666626, 4.40125846862793, 2.575943946838379, 2.214162826538086, -6.287538528442383, -3.3063716888427734, 5.6403961181640625, 70.25054168701172, 1.9783108234405518], [-158.17250061035156, 121.22996520996094, 24.694454193115234, -9.127616882324219, 36.6865234375, -8.62109088897705, -1.7538782358169556, -27.964580535888672, 17.097158432006836, -23.41017723083496, 3.6171116828918457, 1.9783108234405518, 62.45042419433594]], "lowlevel.gfcc.icov": [[0.0004000005719717592, -0.0007580994279123843, 0.0004387115186545998, -0.0009268073481507599, 0.0009806982707232237, -0.00039728565025143325, 0.0010468944674357772, -0.0007616677321493626, 0.0011109450133517385, -0.0004655181837733835, 0.0010260415729135275, 0.00017662531172391027, 0.0006895156693644822], [-0.0007580994279123843, 0.005104918498545885, -0.0018117731669917703, 0.005164322908967733, -0.004158152732998133, 0.0033268476836383343, -0.003543386934325099, 0.003184057306498289, -0.0040956647135317326, 0.002730312757194042, -0.004720435012131929, 0.0017703011399134994, -0.0037683011032640934], [0.0004387115186545998, -0.0018117731669917703, 0.00262252613902092, -0.0020857220515608788, 0.0017979297554120421, -0.002800483489409089, 0.001810661400668323, -0.0008628382347524166, 0.0022473938297480345, -0.00020350517297629267, 0.0020288776140660048, -0.0007475861348211765, 0.0007226479356177151], [-0.0009268073481507599, 0.005164322908967733, -0.0020857220515608788, 0.007583498023450375, -0.004180599469691515, 0.0026958147063851357, -0.002914543030783534, 0.0041041565127670765, -0.004479526542127132, 0.002607479691505432, -0.00480619678273797, 0.0010121410014107823, -0.003405234543606639], [0.0009806982707232237, -0.004158152732998133, 0.0017979297554120421, -0.004180599469691515, 0.008959894068539143, -0.00407651299610734, 0.0033441802952438593, -0.0005735779996030033, 0.0021556648425757885, -8.339840860571712e-05, 0.0045076473616063595, -0.00129224534612149, 0.0024030604399740696], [-0.00039728565025143325, 0.0033268476836383343, -0.002800483489409089, 0.0026958147063851357, -0.00407651299610734, 0.011028903536498547, -0.004384412430226803, 0.0007535216282121837, -0.0016732059884816408, -0.0011656220303848386, -0.0009793626377359033, 0.0013695161323994398, -0.0017969656037166715], [0.0010468944674357772, -0.003543386934325099, 0.001810661400668323, -0.002914543030783534, 0.0033441802952438593, -0.004384412430226803, 0.009117822162806988, -0.002871389966458082, 0.006071867421269417, -0.0004018093750346452, 0.0017396319890394807, -0.0003246479027438909, 0.0028851644601672888], [-0.0007616677321493626, 0.003184057306498289, -0.0008628382347524166, 0.0041041565127670765, -0.0005735779996030033, 0.0007535216282121837, -0.002871389966458082, 0.012121893465518951, -0.003263575956225395, 0.0012670957949012518, -0.0015890232753008604, -0.0002485556178726256, 8.770145359449089e-05], [0.0011109450133517385, -0.0040956647135317326, 0.0022473938297480345, -0.004479526542127132, 0.0021556648425757885, -0.0016732059884816408, 0.006071867421269417, -0.003263575956225395, 0.013740688562393188, -0.0034983849618583918, 0.001750628580339253, 0.0002470213803462684, 0.0012503245379775763], [-0.0004655181837733835, 0.002730312757194042, -0.00020350517297629267, 0.002607479691505432, -8.339840860571712e-05, -0.0011656220303848386, -0.0004018093750346452, 0.0012670957949012518, -0.0034983849618583918, 0.011051297187805176, -0.003377970540896058, 0.0010216871742159128, -0.0003096868749707937], [0.0010260415729135275, -0.004720435012131929, 0.0020288776140660048, -0.00480619678273797, 0.0045076473616063595, -0.0009793626377359033, 0.0017396319890394807, -0.0015890232753008604, 0.001750628580339253, -0.003377970540896058, 0.019406171515583992, -0.002796986373141408, 0.004030550364404917], [0.00017662531172391027, 0.0017703011399134994, -0.0007475861348211765, 0.0010121410014107823, -0.00129224534612149, 0.0013695161323994398, -0.0003246479027438909, -0.0002485556178726256, 0.0002470213803462684, 0.0010216871742159128, -0.002796986373141408, 0.016040829941630363, -0.0017486553406342864], [0.0006895156693644822, -0.0037683011032640934, 0.0007226479356177151, -0.003405234543606639, 0.0024030604399740696, -0.0017969656037166715, 0.0028851644601672888, 8.770145359449089e-05, 0.0012503245379775763, -0.0003096868749707937, 0.004030550364404917, -0.0017486553406342864, 0.022114837542176247]], "lowlevel.mfcc.cov": [[6433.255859375, -1444.4305419921875, -208.3977508544922, 160.7509307861328, -181.9022216796875, -493.4287414550781, -251.57530212402344, -409.4483642578125, 56.50389862060547, -27.39769172668457, 225.75868225097656, 73.6305160522461, 24.673559188842773], [-1444.4305419921875, 2070.218505859375, -207.25514221191406, -292.35894775390625, 11.469379425048828, -18.63347625732422, 64.73706817626953, 109.56588745117188, -9.2112455368042, -98.09429931640625, -24.30678367614746, -33.285648345947266, -20.877531051635742], [-208.3977508544922, -207.25514221191406, 632.4505615234375, 44.72663116455078, 36.32017517089844, 79.0672836303711, 80.65245819091797, 20.495634078979492, 39.57244110107422, -17.61235237121582, -3.9549293518066406, -33.62459182739258, 4.126413822174072], [160.7509307861328, -292.35894775390625, 44.72663116455078, 285.9582214355469, 85.52486419677734, 59.471031188964844, -50.0326042175293, 6.45076322555542, -34.890960693359375, 4.843907356262207, -31.074085235595703, -14.803034782409668, 8.146355628967285], [-181.9022216796875, 11.469379425048828, 36.32017517089844, 85.52486419677734, 310.3502502441406, 65.876220703125, -107.36206817626953, -2.835313558578491, -4.6137375831604, 9.52155590057373, -31.697603225708008, -17.211023330688477, -11.959197044372559], [-493.4287414550781, -18.63347625732422, 79.0672836303711, 59.471031188964844, 65.876220703125, 235.3685302734375, 47.70159149169922, 37.9769401550293, -5.203378677368164, 16.665285110473633, -18.449480056762695, -21.93813705444336, -14.793081283569336], [-251.57530212402344, 64.73706817626953, 80.65245819091797, -50.0326042175293, -107.36206817626953, 47.70159149169922, 240.43775939941406, 70.1141586303711, 20.129037857055664, -14.759102821350098, 20.476320266723633, -20.71127700805664, -22.53577423095703], [-409.4483642578125, 109.56588745117188, 20.495634078979492, 6.45076322555542, -2.835313558578491, 37.9769401550293, 70.1141586303711, 170.15675354003906, 0.6599069237709045, -8.510000228881836, -24.56106185913086, -25.36844825744629, 0.23177461326122284], [56.50389862060547, -9.2112455368042, 39.57244110107422, -34.890960693359375, -4.6137375831604, -5.203378677368164, 20.129037857055664, 0.6599069237709045, 100.66246032714844, 10.816374778747559, 16.569272994995117, -7.870439529418945, -5.614755630493164], [-27.39769172668457, -98.09429931640625, -17.61235237121582, 4.843907356262207, 9.52155590057373, 16.665285110473633, -14.759102821350098, -8.510000228881836, 10.816374778747559, 92.12776184082031, 12.222908020019531, 13.487792015075684, 1.9666011333465576], [225.75868225097656, -24.30678367614746, -3.9549293518066406, -31.074085235595703, -31.697603225708008, -18.449480056762695, 20.476320266723633, -24.56106185913086, 16.569272994995117, 12.222908020019531, 94.39119720458984, 19.137723922729492, -6.422691345214844], [73.6305160522461, -33.285648345947266, -33.62459182739258, -14.803034782409668, -17.211023330688477, -21.93813705444336, -20.71127700805664, -25.36844825744629, -7.870439529418945, 13.487792015075684, 19.137723922729492, 88.9711685180664, 27.049270629882812], [24.673559188842773, -20.877531051635742, 4.126413822174072, 8.146355628967285, -11.959197044372559, -14.793081283569336, -22.53577423095703, 0.23177461326122284, -5.614755630493164, 1.9666011333465576, -6.422691345214844, 27.049270629882812, 84.05237579345703]], "lowlevel.mfcc.icov": [[0.00029259599978104234, 0.00017781365022528917, 0.00010393473348813131, -0.00019285283633507788, 8.381721272598952e-05, 0.00047421379713341594, 0.00010644661233527586, 0.0003972781414631754, -0.00018427886243443936, 0.000338086363626644, -0.0005575191462412477, 0.00016122123633977026, -2.0010251319035888e-05], [0.00017781365022528917, 0.0007831481634639204, 0.00029500294476747513, 0.0006654636817984283, -0.000220262270886451, 0.00019218059605918825, 7.313800324482145e-06, -0.00013757111446466297, 5.157275518286042e-05, 0.0008719550678506494, -0.00024830823531374335, 0.0002785362012218684, -5.7395653129788116e-05], [0.00010393473348813131, 0.00029500294476747513, 0.0019607837311923504, -0.0001110456432797946, -0.00039877137169241905, -0.0002444386773277074, -0.000743968179449439, 0.00027998758014291525, -0.0007650548359379172, 0.0007644980796612799, -0.00019366294145584106, 0.0005585487233474851, -0.0006062756292521954], [-0.00019285283633507788, 0.0006654636817984283, -0.0001110456432797946, 0.005343802273273468, -0.0009898286079987884, -0.0012564214412122965, 0.000624163425527513, -0.000821173598524183, 0.0016763944877311587, 0.00028506937087513506, 0.0009436726686544716, 0.0007321787998080254, -0.0005411186721175909], [8.381721272598952e-05, -0.000220262270886451, -0.00039877137169241905, -0.0009898286079987884, 0.004879307001829147, -0.0012132782721892, 0.0027180288452655077, -0.0002599060535430908, -0.0005781624931842089, -0.0001449080737074837, 0.0002808061835821718, 0.0003013289824593812, 0.0011356195900589228], [0.00047421379713341594, 0.00019218059605918825, -0.0002444386773277074, -0.0012564214412122965, -0.0012132782721892, 0.006406179163604975, -0.0016111693112179637, 0.0003036801645066589, 0.00021396296506281942, -0.00097946566529572, -0.00022391225502360612, 0.000523583497852087, 0.00041593689820729196], [0.00010644661233527586, 7.313800324482145e-06, -0.000743968179449439, 0.000624163425527513, 0.0027180288452655077, -0.0016111693112179637, 0.0073539637960493565, -0.002424435457214713, -0.0006553588900715113, 0.0010198440868407488, -0.0017207958735525608, 0.0005408761207945645, 0.0016549712745472789], [0.0003972781414631754, -0.00013757111446466297, 0.00027998758014291525, -0.000821173598524183, -0.0002599060535430908, 0.0003036801645066589, -0.002424435457214713, 0.008227079175412655, -0.000332553667249158, 0.00011950495536439121, 0.0010601937538012862, 0.001471686060540378, -0.0011588061461225152], [-0.00018427886243443936, 5.157275518286042e-05, -0.0007650548359379172, 0.0016763944877311587, -0.0005781624931842089, 0.00021396296506281942, -0.0006553588900715113, -0.000332553667249158, 0.01153770461678505, -0.001748675829730928, -0.0012069056974723935, 0.0014033759944140911, -9.621600838727318e-06], [0.000338086363626644, 0.0008719550678506494, 0.0007644980796612799, 0.00028506937087513506, -0.0001449080737074