{"song_id": "1182276395955654716", "download": "https://cdn.discordapp.com/attachments/1135903449314238464/1182276395955654716/chirp.mp4?ex=65841bb2&amp", "lyrics": "[Verse]\nMaelys and her brother, they're always at odds\nBickering and fighting like two peas in a pod\nBut deep down they know they should spend more time\nPlaying together, making memories prime\n\n[Chorus]\nLet's settle the fights, make peace, and have some fun\nMaelys and her brother, better as a team, not just one\nPlay together, laugh and sing, make your bond stronger\nAnd don't forget to succeed in school, strive a little longer", "style": ["pop"], "essentia_features": {"lowlevel.average_loudness": 0.9845936894416809, "lowlevel.barkbands_crest.mean": 13.991464614868164, "lowlevel.barkbands_crest.stdev": 3.984496593475342, "lowlevel.barkbands_flatness_db.mean": 0.2571786940097809, "lowlevel.barkbands_flatness_db.stdev": 0.06522193551063538, "lowlevel.barkbands_kurtosis.mean": 11.853886604309082, "lowlevel.barkbands_kurtosis.stdev": 14.983949661254883, "lowlevel.barkbands_skewness.mean": 2.3979053497314453, "lowlevel.barkbands_skewness.stdev": 1.5039334297180176, "lowlevel.barkbands_spread.mean": 10.291977882385254, "lowlevel.barkbands_spread.stdev": 12.176599502563477, "lowlevel.dissonance.mean": 0.36996206641197205, "lowlevel.dissonance.stdev": 0.05221472308039665, "lowlevel.dynamic_complexity": 1.2890149354934692, "lowlevel.erbbands_crest.mean": 12.012146949768066, "lowlevel.erbbands_crest.stdev": 4.7952704429626465, "lowlevel.erbbands_flatness_db.mean": 0.2178506851196289, "lowlevel.erbbands_flatness_db.stdev": 0.05909552052617073, "lowlevel.erbbands_kurtosis.mean": 2.990776300430298, "lowlevel.erbbands_kurtosis.stdev": 3.898280143737793, "lowlevel.erbbands_skewness.mean": 0.9383390545845032, "lowlevel.erbbands_skewness.stdev": 0.9848427772521973, "lowlevel.erbbands_spread.mean": 30.346717834472656, "lowlevel.erbbands_spread.stdev": 31.925296783447266, "lowlevel.hfc.mean": 20.509397506713867, "lowlevel.hfc.stdev": 13.459492683410645, "lowlevel.loudness_ebu128.integrated": -11.682517051696777, "lowlevel.loudness_ebu128.loudness_range": 0.7367954254150391, "lowlevel.loudness_ebu128.momentary.mean": -11.743478775024414, "lowlevel.loudness_ebu128.momentary.stdev": 0.7364138960838318, "lowlevel.loudness_ebu128.short_term.mean": -11.693331718444824, "lowlevel.loudness_ebu128.short_term.stdev": 0.24734313786029816, "lowlevel.melbands_crest.mean": 16.612682342529297, "lowlevel.melbands_crest.stdev": 4.052313804626465, "lowlevel.melbands_flatness_db.mean": 0.3524111211299896, "lowlevel.melbands_flatness_db.stdev": 0.07473743706941605, "lowlevel.melbands_kurtosis.mean": 22.349288940429688, "lowlevel.melbands_kurtosis.stdev": 33.70389175415039, "lowlevel.melbands_skewness.mean": 2.99432110786438, "lowlevel.melbands_skewness.stdev": 2.1491000652313232, "lowlevel.melbands_spread.mean": 8.672591209411621, "lowlevel.melbands_spread.stdev": 6.748713970184326, "lowlevel.pitch_salience.mean": 0.4315609633922577, "lowlevel.pitch_salience.stdev": 0.0965517982840538, "lowlevel.silence_rate_20dB.mean": 1.0, "lowlevel.silence_rate_20dB.stdev": 0.0, "lowlevel.silence_rate_30dB.mean": 1.0, "lowlevel.silence_rate_30dB.stdev": 0.0, "lowlevel.silence_rate_60dB.mean": 0.0017411491135135293, "lowlevel.silence_rate_60dB.stdev": 0.04169059544801712, "lowlevel.spectral_centroid.mean": 469.99688720703125, "lowlevel.spectral_centroid.stdev": 264.1388854980469, "lowlevel.spectral_complexity.mean": 10.21183967590332, "lowlevel.spectral_complexity.stdev": 2.9291956424713135, "lowlevel.spectral_decrease.mean": -1.2973659480053357e-08, "lowlevel.spectral_decrease.stdev": 3.6736502728729192e-09, "lowlevel.spectral_energy.mean": 0.05082587152719498, "lowlevel.spectral_energy.stdev": 0.014280560426414013, "lowlevel.spectral_energyband_high.mean": 0.0005516651435755193, "lowlevel.spectral_energyband_high.stdev": 0.0014312107814475894, "lowlevel.spectral_energyband_low.mean": 0.026643479242920876, "lowlevel.spectral_energyband_low.stdev": 0.009314154274761677, "lowlevel.spectral_energyband_middle_high.mean": 0.0034616689663380384, "lowlevel.spectral_energyband_middle_high.stdev": 0.005282918456941843, "lowlevel.spectral_energyband_middle_low.mean": 0.022850211709737778, "lowlevel.spectral_energyband_middle_low.stdev": 0.013006895780563354, "lowlevel.spectral_entropy.mean": 6.40220832824707, "lowlevel.spectral_entropy.stdev": 0.6662306189537048, "lowlevel.spectral_flux.mean": 0.06565235555171967, "lowlevel.spectral_flux.stdev": 0.03509354218840599, "lowlevel.spectral_kurtosis.mean": 20.076295852661133, "lowlevel.spectral_kurtosis.stdev": 24.96471405029297, "lowlevel.spectral_rms.mean": 0.0069647133350372314, "lowlevel.spectral_rms.stdev": 0.0010387253714725375, "lowlevel.spectral_rolloff.mean": 658.0684204101562, "lowlevel.spectral_rolloff.stdev": 1059.87548828125, "lowlevel.spectral_skewness.mean": 3.293700695037842, "lowlevel.spectral_skewness.stdev": 1.6623575687408447, "lowlevel.spectral_spread.mean": 4471354.0, "lowlevel.spectral_spread.stdev": 3291764.5, "lowlevel.spectral_strongpeak.mean": 1.11434805393219, "lowlevel.spectral_strongpeak.stdev": 0.8371890783309937, "lowlevel.zerocrossingrate.mean": 0.028898712247610092, "lowlevel.zerocrossingrate.stdev": 0.023076394572854042, "metadata.audio_properties.analysis.equal_loudness": 0.0, "metadata.audio_properties.analysis.length": 39.978660583496094, "metadata.audio_properties.analysis.sample_rate": 44100.0, "metadata.audio_properties.analysis.start_time": 0.0, "metadata.audio_properties.bit_rate": 121776.0, "metadata.audio_properties.length": 39.978668212890625, "metadata.audio_properties.lossless": 0.0, "metadata.audio_properties.number_channels": 1.0, "metadata.audio_properties.replay_gain": -13.258733749389648, "metadata.audio_properties.sample_rate": 48000.0, "rhythm.beats_count": 120.0, "rhythm.beats_loudness.mean": 0.05443848296999931, "rhythm.beats_loudness.stdev": 0.012523004785180092, "rhythm.bpm": 184.57032775878906, "rhythm.bpm_histogram_first_peak_bpm": 185.0, "rhythm.bpm_histogram_first_peak_weight": 0.0, "rhythm.bpm_histogram_second_peak_bpm": 191.0, "rhythm.bpm_histogram_second_peak_spread": 0.0, "rhythm.bpm_histogram_second_peak_weight": 0.2689075767993927, "rhythm.danceability": 1.51003098487854, "rhythm.onset_rate": 4.200380802154541, "tonal.chords_changes_rate": 0.004640371073037386, "tonal.chords_number_rate": 0.002320185536518693, "tonal.chords_strength.mean": 0.6176634430885315, "tonal.chords_strength.stdev": 0.05178678408265114, "tonal.hpcp_crest.mean": 15.914690017700195, "tonal.hpcp_crest.stdev": 5.162726402282715, "tonal.hpcp_entropy.mean": 1.5256576538085938, "tonal.hpcp_entropy.stdev": 0.4842645227909088, "tonal.key_edma.strength": 0.6191869378089905, "tonal.key_krumhansl.strength": 0.6069900989532471, "tonal.key_temperley.strength": 0.5801572203636169, "tonal.tuning_diatonic_strength": 0.5596863627433777, "tonal.tuning_equal_tempered_deviation": 0.022053321823477745, "tonal.tuning_frequency": 439.74591064453125, "tonal.tuning_nontempered_energy_ratio": 0.6201909780502319, "lowlevel.barkbands.mean": [1.789408088370692e-05, 0.000351947033777833, 0.023610256612300873, 0.0032420922070741653, 0.006052950397133827, 0.005841756239533424, 0.001973345410078764, 0.004339322913438082, 0.00130481889937073, 0.000610587652772665, 0.0009816392557695508, 0.0007646119338460267, 0.0004715123795904219, 0.0002760251227300614, 0.000227823737077415, 8.208521467167884e-05, 6.773746281396598e-05, 2.806678276101593e-05, 1.6889613107196055e-05, 1.728180177451577e-05, 1.1133362932014279e-05, 9.871528891380876e-05, 0.00012193367001600564, 0.00013602804392576218, 0.00010571436723694205, 6.73784306854941e-05, 6.2971394072519615e-06], "lowlevel.barkbands.stdev": [2.7985646738670766e-05, 0.00016909065016079694, 0.008122491650283337, 0.002719194395467639, 0.0066769118420779705, 0.005625726655125618, 0.003939811605960131, 0.007544815540313721, 0.00239277514629066, 0.0013174365740269423, 0.003343078540638089, 0.002083120634779334, 0.001595239038579166, 0.0006135009462013841, 0.0005764333182014525, 0.00030217409948818386, 0.0002873794874176383, 5.1943978178314865e-05, 3.915001798304729e-05, 3.899390503647737e-05, 4.74536391266156e-05, 0.00030115540721453726, 0.0003819540434051305, 0.00047696803812868893, 0.0003060474991798401, 0.00018230911518912762, 2.2552463633473963e-05], "lowlevel.erbbands.mean": [0.007764760870486498, 0.5049131512641907, 17.7189884185791, 26.11244010925293, 7.489668846130371, 24.857667922973633, 39.92515182495117, 51.3588752746582, 23.70514678955078, 60.83365249633789, 100.03362274169922, 29.380048751831055, 26.97552490234375, 32.65453338623047, 33.603858947753906, 31.24687957763672, 19.038150787353516, 20.74991798400879, 15.195558547973633, 6.438011169433594, 4.684619903564453, 3.781156301498413, 2.045466661453247, 0.6378478407859802, 1.186650037765503, 0.7548269629478455, 0.37453556060791016, 0.667976975440979, 2.929053783416748, 4.218519687652588, 3.4988017082214355, 2.875230073928833, 2.3068161010742188, 1.3255800008773804, 0.6397472620010376, 0.3172420263290405, 0.12099612504243851, 0.02330639958381653, 0.0007189475581981242, 7.485989044653252e-05], "lowlevel.erbbands.stdev": [0.002872987650334835, 0.1770353764295578, 6.078062057495117, 10.296542167663574, 12.094586372375488, 31.70279884338379, 52.10807800292969, 51.94200897216797, 26.21352767944336, 103.45561218261719, 191.965576171875, 50.38130187988281, 45.595638275146484, 73.27472686767578, 99.33233642578125, 86.62468719482422, 53.075279235839844, 52.10432052612305, 36.90380096435547, 15.805259704589844, 20.365633010864258, 12.969528198242188, 3.865971803665161, 1.2819830179214478, 2.6225740909576416, 1.7116780281066895, 1.5720808506011963, 2.734172821044922, 9.04475212097168, 12.284387588500977, 11.48928451538086, 10.210000991821289, 8.526077270507812, 4.38201904296875, 1.6991169452667236, 0.8788413405418396, 0.33335649967193604, 0.07240132242441177, 0.002324831672012806, 5.2516541472868994e-05], "lowlevel.gfcc.mean": [-31.676666259765625, 138.2423858642578, -68.20928955078125, 0.33859017491340637, -63.066200256347656, 18.29104995727539, -50.24861526489258, -2.3867592811584473, -20.913368225097656, -8.135272026062012, -17.499839782714844, -6.903250217437744, -23.811012268066406], "lowlevel.melbands.mean": [5.277126547298394e-05, 0.0063875350169837475, 0.003943075891584158, 0.0009988455567508936, 0.0013893360737711191, 0.0010833824053406715, 0.0004177690134383738, 0.000712750421371311, 0.0007083677337504923, 0.0001739695726428181, 0.00013444504293147475, 0.00012702139792963862, 0.00013479311019182205, 8.701336628291756e-05, 5.27792471984867e-05, 5.2304098062450066e-05, 3.313623528811149e-05, 2.475929977663327e-05, 1.0866427146538626e-05, 6.230562121345429e-06, 5.409373898146441e-06, 3.816240223386558e-06, 3.136811528747785e-06, 9.856400993157877e-07, 4.0679327639736584e-07, 7.499567118429695e-07, 9.394738071932807e-07, 3.820950382760202e-07, 2.0441063952603145e-07, 2.3655022118873603e-07, 4.036642451410444e-07, 1.3017975106777158e-06, 2.638275418576086e-06, 2.194274884459446e-06, 2.057396613963647e-06, 1.8339652569920872e-06, 1.7314775959675899e-06, 1.655813434808806e-06, 1.413188783772057e-06, 1.011646531878796e-06], "lowlevel.melbands.stdev": [2.632365794852376e-05, 0.0021929664071649313, 0.0015342532424256206, 0.0013264763401821256, 0.0016329142963513732, 0.001077638124115765, 0.0004887905670329928, 0.0010715338867157698, 0.001422544359229505, 0.0003337293746881187, 0.00022991051082499325, 0.00028643026598729193, 0.0004590658354572952, 0.00024400223628617823, 0.00018760720558930188, 0.00018438627012073994, 8.419731602771208e-05, 6.205010140547529e-05, 2.6976969820680097e-05, 1.5404106306959875e-05, 2.805552867357619e-05, 1.513956522103399e-05, 7.942348020151258e-06, 1.8418652416585246e-06, 1.0172085467274883e-06, 1.7305081883023377e-06, 2.067293280560989e-06, 9.647552587921382e-07, 8.523498991053202e-07, 1.0877787417484797e-06, 1.7940985799214104e-06, 4.389604782772949e-06, 8.027455805859063e-06, 6.371344625222264e-06, 6.7791556830343325e-06, 6.511570973088965e-06, 6.320738521026215e-06, 6.198530627443688e-06, 5.318858256941894e-06, 3.2362006550101796e-06], "lowlevel.melbands128.mean": [7.314289177884348e-06, 8.536561836081091e-06, 1.3180700079828966e-05, 0.00024102248426061124, 0.006034914869815111, 0.013171209022402763, 0.005952409002929926, 0.0010123837273567915, 0.0005434883059933782, 0.0006920958403497934, 0.0015872035874053836, 0.0017040690872818232, 0.0016729290364310145, 0.0005343380034901202, 0.0010383340995758772, 0.0017385862302035093, 0.00032844647648744285, 0.00010528405255172402, 0.00047182326670736074, 0.0008761354256421328, 0.0005197155405767262, 0.0011706933146342635, 0.000865822599735111, 0.00011071336484747007, 9.146006777882576e-05, 0.00021163898054510355, 0.00030506571056321263, 5.394143227022141e-05, 6.91754394210875e-05, 0.00013612998009193689, 0.00010841612674994394, 0.0001908584963530302, 0.00019127980340272188, 3.4918528399430215e-05, 7.94768930063583e-05, 0.00011550356430234388, 7.987004210008308e-05, 6.207630212884396e-05, 2.585652873676736e-05, 2.3422466256306507e-05, 6.582213973160833e-05, 8.598388376412913e-05, 2.840329398168251e-05, 1.0186587132920977e-05, 1.6053396393544972e-05, 3.680852387333289e-05, 2.4985542040667497e-05, 5.249835794529645e-06, 7.76982597017195e-06, 1.0366968126618303e-05, 4.9473032959213015e-06, 2.4695420961506898e-06, 8.459527634840924e-06, 4.558880391414277e-06, 3.720708718901733e-06, 3.6633311992773088e-06, 4.014510977867758e-06, 4.077656740264501e-06, 2.7977980607829522e-06, 1.4231248997020884e-06, 1.0033044191004592e-06, 4.90533466290799e-07, 3.6981981565986644e-07, 3.9688580955044017e-07, 4.0504556864107144e-07, 7.395506145257968e-07, 9.671522320786607e-07, 1.012820575851947e-06, 1.0372060614827205e-06, 7.180927923400304e-07, 3.40786925789871e-07, 2.394681644091179e-07, 1.8416086788874964e-07, 1.8984277971867414e-07, 2.2816102784872783e-07, 2.655007165230927e-07, 2.056870727074056e-07, 2.570383514921559e-07, 4.0482467511537834e-07, 5.135727860761108e-07, 1.017090653476771e-06, 1.5008321270215674e-06, 2.3269285520655103e-06, 2.98944496535114e-06, 2.6676464131014654e-06, 2.353420768486103e-06, 1.838672346821113e-06, 2.289905978614115e-06, 2.0918412246828666e-06, 1.894519755296642e-06, 1.8820735476765549e-06, 1.8913128769781906e-06, 1.6019355371099664e-06, 1.909096454255632e-06, 1.57141323597898e-06, 1.7203113884534105e-06, 1.7001882497424958e-06, 1.5922747707008966e-06, 1.383821199851809e-06, 1.3852986739948392e-06, 1.1399947652535047e-06, 9.360880426356744e-07, 8.86752047790651e-07, 7.686372782700346e-07, 7.334880933740351e-07, 6.016277893650113e-07, 6.691202543152031e-07, 5.450136768558878e-07, 5.920134071857319e-07, 4.944268994222512e-07, 4.630307728348271e-07, 3.6358659372126567e-07, 4.2474763972677465e-07, 3.7227556504149106e-07, 2.4092071271297755e-07, 2.418687472527381e-07, 1.7779404970497126e-07, 9.083929342068586e-08, 1.4874658837982224e-08, 6.978263800139217e-11, 4.39574592003833e-11, 1.1124858846633945e-11, 7.786178819746414e-12, 7.483298702926078e-12, 7.0858514368554726e-12, 6.660131213892528e-12, 6.44527747145629e-12, 6.388717679883804e-12], "lowlevel.melbands128.stdev": [1.1217553037567995e-05, 1.3300688806339167e-05, 1.97504796233261e-05, 0.00011657951108645648, 0.002105946186929941, 0.004554689861834049, 0.0024841551203280687, 0.0013394230045378208, 0.001496379030868411, 0.0016181349055841565, 0.002370197093114257, 0.0022192946635186672, 0.0025436680298298597, 0.0008000974776223302, 0.0011526936432346702, 0.0018563029589131474, 0.0003702468820847571, 0.0005060826661065221, 0.0010762754827737808, 0.0019185359124094248, 0.001082607894204557, 0.0024209690745919943, 0.0021751662716269493, 0.0004241511633154005, 0.0004146462888456881, 0.0005249714013189077, 0.0006567006930708885, 0.00016187367145903409, 0.0002213841798948124, 0.00036464876029640436, 0.0003945219505112618, 0.0007592487381771207, 0.0007922691875137389, 0.00017678551375865936, 0.000247006508288905, 0.0004461893404368311, 0.0003217619960196316, 0.00034467034856788814, 0.00012623099610209465, 9.793983190320432e-05, 0.0003465594782028347, 0.0003049133811146021, 9.012783266371116e-05, 4.18686649936717e-05, 5.757506369263865e-05, 0.00010925249080173671, 9.730076271807775e-05, 1.8510860172682442e-05, 3.809753980021924e-05, 3.408254269743338e-05, 1.409490687365178e-05, 8.156766853062436e-06, 5.6264500017277896e-05, 2.6837733457796276e-05, 3.551109693944454e-05, 1.6841520846355706e-05, 2.0638361093006097e-05, 1.4817713235970587e-05, 6.792427029722603e-06, 3.72964859707281e-06, 2.5272261154896114e-06, 1.0726938626248739e-06, 9.91737465483311e-07, 1.342390532954596e-06, 1.1654035461106105e-06, 1.7743660691849072e-06, 3.0277567475422984e-06, 2.566100874901167e-06, 2.849988050002139e-06, 1.8319204855288262e-06, 1.0193945172431995e-06, 8.531941375622409e-07, 7.130990411496896e-07, 8.583921839999675e-07, 1.3605670119432034e-06, 1.3521711252906243e-06, 9.191184062729008e-07, 1.3657828503710334e-06, 1.963791419257177e-06, 2.4193827812268864e-06, 4.2754904825415e-06, 5.177638286113506e-06, 7.170814114942914e-06, 9.945814781531226e-06, 8.535988854418974e-06, 7.5881816883338615e-06, 5.704133400286082e-06, 7.350824034801917e-06, 7.465862381650368e-06, 7.1229483182833064e-06, 6.715767995046917e-06, 7.3495207288942765e-06, 6.212828338902909e-06, 7.969585567479953e-06, 5.674230578733841e-06, 6.612082415813347e-06, 6.984582796576433e-06, 6.7072642195853405e-06, 5.511434665095294e-06, 5.300425073073711e-06, 4.181982149020769e-06, 3.1514296097157057e-06, 2.615850007714471e-06, 2.347522922718781e-06, 2.10847156267846e-06, 1.7939094050234416e-06, 1.8992915329363314e-06, 1.8168021824749303e-06, 2.010735670410213e-06, 1.4227786095943884e-06, 1.2776806670444785e-06, 1.066380264092004e-06, 1.3376409242482623e-06, 1.1858691095767426e-06, 7.797407306497917e-07, 8.831441959955555e-07, 6.280965294536145e-07, 4.0221763697445567e-07, 1.0585988263756008e-07, 2.0310975124004926e-09, 1.459189324926058e-09, 1.3255306574588843e-10, 3.753983582321929e-11, 3.078474281048571e-11, 2.0403756809117546e-11, 1.0550057355507292e-11, 8.459394643112184e-12, 8.375150399586584e-12], "lowlevel.mfcc.mean": [-698.263916015625, 182.00244140625, 42.87728500366211, -6.918588161468506, 11.930061340332031, 3.789708375930786, -13.877840042114258, 3.594048023223877, -15.926758766174316, -1.9499573707580566, 2.096261978149414, -15.662515640258789, 2.6201062202453613], "lowlevel.spectral_contrast_coeffs.mean": [-0.5416982769966125, -0.6250175833702087, -0.7141154408454895, -0.7657725214958191, -0.7691023945808411, -0.7926433682441711], "lowlevel.spectral_contrast_coeffs.stdev": [0.05661018192768097, 0.07114993035793304, 0.07282803952693939, 0.06052111089229584, 0.05618546903133392, 0.04331813007593155], "lowlevel.spectral_contrast_valleys.mean": [-6.907068252563477, -6.950000286102295, -7.771529674530029, -8.453747749328613, -9.436044692993164, -11.065979957580566], "lowlevel.spectral_contrast_valleys.stdev": [0.5537954568862915, 0.5857411623001099, 0.5966599583625793, 0.5683489441871643, 0.8088552951812744, 1.269546389579773], "rhythm.beats_loudness_band_ratio.mean": [0.5207447409629822, 0.2105904072523117, 0.18239553272724152, 0.06695575267076492, 0.013107778504490852, 0.0167497880756855], "rhythm.beats_loudness_band_ratio.stdev": [0.1812485158443451, 0.1329202950000763, 0.14072848856449127, 0.10003017634153366, 0.019655613228678703, 0.043113186955451965], "tonal.hpcp.mean": [0.0259859561920166, 0.016789428889751434, 0.011153815314173698, 0.014444846659898758, 0.026602648198604584, 0.4347775876522064, 0.9183681011199951, 0.5268588066101074, 0.03383345901966095, 0.017063960433006287, 0.013907608576118946, 0.024762850254774094, 0.06767179816961288, 0.07536083459854126, 0.10961125791072845, 0.16544058918952942, 0.09521064162254333, 0.01763691008090973, 0.008373999036848545, 0.005751919932663441, 0.007944589480757713, 0.012362493202090263, 0.013260765932500362, 0.01134822890162468, 0.010909629054367542, 0.01526191271841526, 0.08800574392080307, 0.182656928896904, 0.11225574463605881, 0.011399981565773487, 0.005236390512436628, 0.0035838179755955935, 0.004704875405877829, 0.008357899263501167, 0.012537248432636261, 0.021715620532631874], "tonal.hpcp.stdev": [0.10174413025379181, 0.0686233639717102, 0.06418810039758682, 0.07143352925777435, 0.10883916914463043, 0.21814635396003723, 0.19679749011993408, 0.21883541345596313, 0.11819524317979813, 0.10172120481729507, 0.09111948311328888, 0.09480790793895721, 0.18518535792827606, 0.19765456020832062, 0.20830941200256348, 0.2910970449447632, 0.19325852394104004, 0.0950092226266861, 0.04720763489603996, 0.02608693577349186, 0.03854993358254433, 0.0553695373237133, 0.0692235454916954, 0.06148600950837135, 0.04953119158744812, 0.06768958270549774, 0.12826111912727356, 0.1982312947511673, 0.13389095664024353, 0.06360455602407455, 0.042133159935474396, 0.04437665268778801, 0.04335721582174301, 0.05365163832902908, 0.057976964861154556, 0.08163700252771378], "rhythm.beats_position": [0.3366893231868744, 0.6733786463737488, 1.0216779708862305, 1.369977355003357, 1.7182766199111938, 2.0549659729003906, 2.391655206680298, 2.739954710006714, 3.076643943786621, 3.4017233848571777, 3.7268025875091553, 4.040272235870361, 4.353741645812988, 4.678820610046387, 5.003900051116943, 5.34058952331543, 5.6888885498046875, 6.025578022003174, 6.36226749420166, 6.6989569664001465, 7.035645961761475, 7.383945465087891, 7.732244968414307, 8.080544471740723, 8.394013404846191, 8.71909236907959, 9.044172286987305, 9.380861282348633, 9.694331169128418, 10.031020164489746, 10.356099128723145, 10.66956901550293, 10.983037948608398, 11.319727897644043, 11.67963695526123, 12.051156044006348, 12.399456024169922, 12.72453498840332, 13.072834014892578, 13.467573165893555, 13.839092254638672, 14.210612297058105, 14.582131385803223, 14.95365047454834, 15.313559532165527, 15.685078620910645, 16.056598663330078, 16.381677627563477, 16.718366622924805, 17.055055618286133, 17.391746520996094, 17.716825485229492, 18.04190444946289, 18.36698341369629, 18.692062377929688, 19.01714324951172, 19.342222213745117, 19.667301177978516, 19.980770111083984, 20.305849075317383, 20.619319915771484, 20.944398880004883, 21.26947784423828, 21.57133674621582, 21.89641761779785, 22.22149658203125, 22.54657554626465, 22.860044479370117, 23.173513412475586, 23.498594284057617, 23.812063217163086, 24.125532150268555, 24.450611114501953, 24.764081954956055, 25.077550888061523, 25.402629852294922, 25.72770881652832, 26.04117774963379, 26.35464859008789, 26.67972755432129, 27.004806518554688, 27.329885482788086, 27.643356323242188, 27.956825256347656, 28.281904220581055, 28.595373153686523, 28.908842086791992, 29.233922958374023, 29.559001922607422, 29.88408088684082, 30.20915985107422, 30.52263069152832, 30.83609962463379, 31.161178588867188, 31.463037490844727, 31.788116455078125, 32.113197326660156, 32.43827438354492, 32.751747131347656, 33.065216064453125, 33.39029312133789, 33.70376205444336, 34.017234802246094, 34.34231185913086, 34.66739273071289, 34.98086166381836, 35.29433059692383, 35.61941146850586, 35.944488525390625, 36.257957458496094, 36.583038330078125, 36.896507263183594, 37.221588134765625, 37.535057067871094, 37.84852600097656, 38.17360305786133, 38.49868392944336, 38.82376480102539, 39.148841857910156, 39.49714279174805], "rhythm.bpm_histogram": [0.0, 0.0, 0.0, 0.0, 0.0, 0.0, 0.0, 0.0, 0.0, 0.0, 0.0, 0.0, 0.0, 0.0, 0.0, 0.0, 0.0, 0.0, 0.0, 0.0, 0.0, 0.0, 0.0, 0.0, 0.0, 0.0, 0.0, 0.0, 0.0, 0.0, 0.0, 0.0, 0.0, 0.0, 0.0, 0.0, 0.0, 0.0, 0.0, 0.0, 0.0, 0.0, 0.0, 0.0, 0.0, 0.0, 0.0, 0.0, 0.0, 0.0, 0.0, 0.0, 0.0, 0.0, 0.0, 0.0, 0.0, 0.0, 0.0, 0.0, 0.0, 0.0, 0.0, 0.0, 0.0, 0.0, 0.0, 0.0, 0.0, 0.0, 0.0, 0.0, 0.0, 0.0, 0.0, 0.0, 0.0, 0.0, 0.0, 0.0, 0.0, 0.0, 0.0, 0.0, 0.0, 0.0, 0.0, 0.0, 0.0, 0.0, 0.0, 0.0, 0.0, 0.0, 0.0, 0.0, 0.0, 0.0, 0.0, 0.0, 0.0, 0.0, 0.0, 0.0, 0.0, 0.0, 0.0, 0.0, 0.0, 0.0, 0.0, 0.0, 0.0, 0.0, 0.0, 0.0, 0.0, 0.0, 0.0, 0.0, 0.0, 0.0, 0.0, 0.0, 0.0, 0.0, 0.0, 0.0, 0.0, 0.0, 0.0, 0.0, 0.0, 0.0, 0.0, 0.0, 0.0, 0.0, 0.0, 0.0, 0.0, 0.0, 0.0, 0.0, 0.0, 0.0, 0.0, 0.0, 0.0, 0.0, 0.0, 0.0, 0.008403361774981022, 0.0, 0.0, 0.0, 0.0, 0.0, 0.0, 0.0, 0.0, 0.05882352963089943, 0.0, 0.0, 0.0, 0.0, 0.0, 0.016806723549962044, 0.0, 0.0, 0.0, 0.0, 0.09243697673082352, 0.0, 0.0, 0.0, 0.0, 0.0, 0.1260504275560379, 0.0, 0.0, 0.0, 0.0, 0.0, 0.0, 0.4117647111415863, 0.0, 0.0, 0.0, 0.0, 0.0, 0.2689075767993927, 0.0, 0.0, 0.0, 0.0, 0.0, 0.0, 0.0, 0.016806723549962044, 0.0, 0.0, 0.0, 0.0, 0.0, 0.0, 0.0, 0.0, 0.0, 0.0, 0.0, 0.0, 0.0, 0.0, 0.0, 0.0, 0.0, 0.0, 0.0, 0.0, 0.0, 0.0, 0.0, 0.0, 0.0, 0.0, 0.0, 0.0, 0.0, 0.0, 0.0, 0.0, 0.0, 0.0, 0.0, 0.0, 0.0, 0.0, 0.0, 0.0, 0.0, 0.0, 0.0, 0.0, 0.0, 0.0, 0.0, 0.0, 0.0, 0.0], "tonal.chords_histogram": [0.0, 0.0, 97.21577453613281, 0.0, 0.0, 0.0, 0.0, 0.0, 0.0, 2.7842228412628174, 0.0, 0.0, 0.0, 0.0, 0.0, 0.0, 0.0, 0.0, 0.0, 0.0, 0.0, 0.0, 0.0, 0.0], "tonal.thpcp": [1.0, 0.5736902356147766, 0.03684084862470627, 0.018580742180347443, 0.015143828466534615, 0.026963969692587852, 0.07368700951337814, 0.08205951005220413, 0.11935438215732574, 0.18014627695083618, 0.10367372632026672, 0.019204620271921158, 0.009118347428739071, 0.0062631964683532715, 0.008650768548250198, 0.013461370021104813, 0.014439488761126995, 0.012356949970126152, 0.011879364028573036, 0.01661851443350315, 0.09582839906215668, 0.19889293611049652, 0.12223393470048904, 0.01241330336779356, 0.005701842717826366, 0.0039023763965815306, 0.005123082548379898, 0.009100816212594509, 0.013651659712195396, 0.023645877838134766, 0.028295796364545822, 0.018281808122992516, 0.01214525569230318, 0.015728820115327835, 0.028967304155230522, 0.47342410683631897], "lowlevel.gfcc.cov": [[3707.84033203125, -2100.480224609375, -4.992542743682861, 216.55419921875, -609.8532104492188, 395.8717346191406, -170.62579345703125, 253.5309600830078, -113.3998794555664, 373.7730407714844, -322.6990051269531, 172.6858367919922, -383.7891540527344], [-2100.480224609375, 2677.14208984375, -700.8192749023438, -615.6342163085938, 583.618408203125, -497.4390869140625, 218.99609375, -247.5186309814453, 188.77235412597656, -407.9686279296875, 314.20587158203125, -259.4953308105469, 271.966796875], [-4.992542743682861, -700.8192749023438, 771.9122924804688, 124.79417419433594, -103.23351287841797, 190.9560089111328, -70.36830139160156, 21.963376998901367, -110.21612548828125, 105.5287094116211, -63.0756721496582, 111.97923278808594, -25.96985626220703], [216.55419921875, -615.6342163085938, 124.79417419433594, 681.8978881835938, -173.87155151367188, -8.648111343383789, -199.32339477539062, 19.695816040039062, 66.43032836914062, 18.854578018188477, -59.0290412902832, 25.736696243286133, 66.22701263427734], [-609.8532104492188, 583.618408203125, -103.23351287841797, -173.87155151367188, 375.00750732421875, -160.80203247070312, 5.43443489074707, -32.081119537353516, 44.36286544799805, -100.88040161132812, 23.41068458557129, -39.276920318603516, 53.09865951538086], [395.8717346191406, -497.4390869140625, 190.9560089111328, -8.648111343383789, -160.80203247070312, 291.5813903808594, 62.83953857421875, 1.9607547521591187, -109.65941619873047, 81.4009017944336, -27.042253494262695, 46.96907043457031, -82.72753143310547], [-170.62579345703125, 218.99609375, -70.36830139160156, -199.32339477539062, 5.43443489074707, 62.83953857421875, 271.193603515625, -18.744600296020508, -121.73312377929688, -39.79882049560547, 60.503944396972656, -7.574992656707764, -37.72884750366211], [253.5309600830078, -247.5186309814453, 21.963376998901367, 19.695816040039062, -32.081119537353516, 1.9607547521591187, -18.744600296020508, 113.20618438720703, -13.663618087768555, 24.0596866607666, -46.31035232543945, 25.934795379638672, -44.86957550048828], [-113.3998794555664, 188.77235412597656, -110.21612548828125, 66.43032836914062, 44.36286544799805, -109.65941619873047, -121.73312377929688, -13.663618087768555, 187.7451171875, -16.4964656829834, -21.231916427612305, -40.496795654296875, 54.78346252441406], [373.7730407714844, -407.9686279296875, 105.5287094116211, 18.854578018188477, -100.88040161132812, 81.4009017944336, -39.79882049560547, 24.0596866607666, -16.4964656829834, 147.03326416015625, -45.61922073364258, 16.61325454711914, -65.2278060913086], [-322.6990051269531, 314.20587158203125, -63.0756721496582, -59.0290412902832, 23.41068458557129, -27.042253494262695, 60.503944396972656, -46.31035232543945, -21.231916427612305, -45.61922073364258, 113.95862579345703, -34.134559631347656, 21.221824645996094], [172.6858367919922, -259.4953308105469, 111.97923278808594, 25.736696243286133, -39.276920318603516, 46.96907043457031, -7.574992656707764, 25.934795379638672, -40.496795654296875, 16.61325454711914, -34.134559631347656, 102.7307357788086, -26.971651077270508], [-383.7891540527344, 271.966796875, -25.96985626220703, 66.22701263427734, 53.09865951538086, -82.72753143310547, -37.72884750366211, -44.86957550048828, 54.78346252441406, -65.2278060913086, 21.221824645996094, -26.971651077270508, 137.0537109375]], "lowlevel.gfcc.icov": [[0.0009495856938883662, 0.0005915967631153762, 0.0007932158769108355, 0.00048299424815922976, 0.000897707708645612, 7.31345426174812e-05, 0.0008185018668882549, 0.000287394825136289, 0.0005047604208812118, 0.0003195574099663645, 0.0012925936607643962, 9.8643999081105e-05, 0.0011874099727720022], [0.0005915967631153762, 0.005084374453872442, 0.0009743840200826526, 0.003513271687552333, -0.000612972304224968, 0.0033098398707807064, -0.0008430472225882113, 0.004139694385230541, -0.002241487381979823, 0.005754780489951372, -0.003673009341582656, 0.0035756612196564674, -0.0016799389850348234], [0.0007932158769108355, 0.0009743840200826526, 0.002849177224561572, 0.0005395907210186124, 0.00016849851817823946, -0.0007615670911036432, 0.0014266339130699635, 0.000556694227270782, 0.0013796234270557761, -0.0003167772083543241, 0.0005540649290196598, -0.0010560088558122516, -0.0003790099872276187], [0.00048299424815922976, 0.003513271687552333, 0.0005395907210186124, 0.004910522140562534, 0.0012016978580504656, 0.0026177573017776012, 0.001212098402902484, 0.002925558714196086, -0.0010381978936493397, 0.004947032779455185, -0.0016296807443723083, 0.002594450255855918, -0.0019514111336320639], [0.000897707708645612, -0.000612972304224968, 0.00016849851817823946, 0.0012016978580504656, 0.006243840791285038, 0.0017864572582766414, 0.0019886300433427095, 0.0007969167781993747, 0.0017954108770936728, 0.0018915405962616205, 0.004130333196371794, 0.0003412017831578851, 0.0022592388559132814], [7.31345426174812e-05, 0.0033098398707807064, -0.0007615670911036432, 0.0026177573017776012, 0.0017864572582766414, 0.009838389232754707, -0.00171717070043087, 0.005609865766018629, 0.000498831388540566, 0.0035815779119729996, -0.0006704895640723407, 0.0027057372499257326, 0.000979384290985763], [0.0008185018668882549, -0.0008430472225882113, 0.0014266339130699635, 0.001212098402902484, 0.0019886300433427095, -0.00171717070043087, 0.009439545683562756, -2.485996901668841e-06, 0.0059951841831207275, 0.0015442107105627656, 0.0015402246499434114, 0.00017958841635845602, 0.0025757455732673407], [0.000287394825136289, 0.004139694385230541, 0.000556694227270782, 0.002925558714196086, 0.0007969167781993747, 0.005609865766018629, -2.485996901668841e-06, 0.016854222863912582, 6.120008765719831e-05, 0.006366003770381212, 0.0020025649573653936, 0.0025875670835375786, 0.0030809061136096716], [0.0005047604208812118, -0.002241487381979823, 0.0013796234270557761, -0.0010381978936493397, 0.0017954108770936728, 0.000498831388540566, 0.0059951841831207275, 6.120008765719831e-05, 0.01331756729632616, -0.00213004183024168, 0.006205113139003515, 0.0009966002544388175, 0.0007986896671354771], [0.0003195574099663645, 0.005754780489951372, -0.0003167772083543241, 0.004947032779455185, 0.0018915405962616205, 0.0035815779119729996, 0.0015442107105627656, 0.006366003770381212, -0.00213004183024168, 0.020180584862828255, -0.001120633096434176, 0.0070019252598285675, 0.0029703627806156874], [0.0012925936607643962, -0.003673009341582656, 0.0005540649290196598, -0.0016296807443723083, 0.004130333196371794, -0.0006704895640723407, 0.0015402246499434114, 0.0020025649573653936, 0.006205113139003515, -0.001120633096434176, 0.021051913499832153, 0.000714765046723187, 0.004742697346955538], [9.8643999081105e-05, 0.0035756612196564674, -0.0010560088558122516, 0.002594450255855918, 0.0003412017831578851, 0.0027057372499257326, 0.00017958841635845602, 0.0025875670835375786, 0.0009966002544388175, 0.0070019252598285675, 0.000714765046723187, 0.016926147043704987, 0.0002789496793411672], [0.0011874099727720022, -0.0016799389850348234, -0.0003790099872276187, -0.0019514111336320639, 0.0022592388559132814, 0.000979384290985763, 0.0025757455732673407, 0.0030809061136096716, 0.0007986896671354771, 0.0029703627806156874, 0.004742697346955538, 0.0002789496793411672, 0.016674811020493507]], "lowlevel.mfcc.cov": [[3724.28564453125, -2080.3525390625, 199.88389587402344, -148.614013671875, -261.2962951660156, 58.060245513916016, -193.3778076171875, -19.768070220947266, -10.802637100219727, 136.0463409423828, 177.35394287109375, 3.7207257747650146, -12.907129287719727], [-2080.3525390625, 2879.198974609375, -981.399658203125, -212.46310424804688, 64.6455078125, -215.70510864257812, 101.52378845214844, 57.43022918701172, -121.7218246459961, -19.6337833404541, -16.447227478027344, -149.43875122070312, 59.32136917114258], [199.88389587402344, -981.399658203125, 825.9989624023438, 10.605958938598633, -32.59965896606445, 144.71719360351562, 38.753196716308594, -42.290836334228516, 39.39255905151367, -43.604286193847656, -48.96010208129883, 90.19290161132812, -11.377891540527344], [-148.614013671875, -212.46310424804688, 10.605958938598633, 402.6986083984375, 140.899169921875, -54.22195816040039, -145.6152801513672, -30.318889617919922, 58.36615753173828, -32.333187103271484, -81.95231628417969, 27.960365295410156, -10.234342575073242], [-261.2962951660156, 64.6455078125, -32.59965896606445, 140.899169921875, 305.8547058105469, -52.44725036621094, -167.46768188476562, -40.31686019897461, 53.347660064697266, -1.6947861909866333, -61.8495979309082, 27.401884078979492, -16.533945083618164], [58.060245513916016, -215.70510864257812, 144.71719360351562, -54.22195816040039, -52.44725036621094, 168.77835083007812, 60.475791931152344, -19.59233856201172, 4.289423942565918, -22.85084342956543, 10.291732788085938, 22.208345413208008, -28.247121810913086], [-193.3778076171875, 101.52378845214844, 38.753196716308594, -145.6152801513672, -167.46768188476562, 60.475791931152344, 335.6929016113281, 66.70057678222656, -71.78292083740234, -30.508567810058594, 31.832059860229492, -11.856654167175293, -20.59587860107422], [-19.768070220947266, 57.43022918701172, -42.290836334228516, -30.318889617919922, -40.31686019897461, -19.59233856201172, 66.70057678222656, 141.71661376953125, -19.205175399780273, -40.78752517700195, 9.475056648254395, -22.395444869995117, 19.144590377807617], [-10.802637100219727, -121.7218246459961, 39.39255905151367, 58.36615753173828, 53.347660064697266, 4.289423942565918, -71.78292083740234, -19.205175399780273, 123.58462524414062, -6.450607776641846, -45.42142105102539, 25.884998321533203, -17.685283660888672], [136.0463409423828, -19.6337833404541, -43.604286193847656, -32.333187103271484, -1.6947861909866333, -22.85084342956543, -30.508567810058594, -40.78752517700195, -6.450607776641846, 124.82083129882812, 21.53059959411621, -20.990095138549805, -21.62764549255371], [177.35394287109375, -16.447227478027344, -48.96010208129883, -81.95231628417969, -61.8495979309082, 10.291732788085938, 31.832059860229492, 9.475056648254395, -45.42142105102539, 21.53059959411621, 136.90203857421875, -27.036272048950195, 8.312369346618652], [3.7207257747650146, -149.43875122070312, 90.19290161132812, 27.960365295410156, 27.401884078979492, 22.208345413208008, -11.856654167175293, -22.395444869995117, 25.884998321533203, -20.990095138549805, -27.036272048950195, 108.17774200439453, -19.37200355529785], [-12.907129287719727, 59.32136917114258, -11.377891540527344, -10.234342575073242, -16.533945083618164, -28.247121810913086, -20.59587860107422, 19.144590377807617, -17.685283660888672, -21.62764549255371, 8.312369346618652, -19.37200355529785, 115.26134490966797]], "lowlevel.mfcc.icov": [[0.0009844356682151556, 0.0011412670137360692, 0.0009604702354408801, 0.0010521785588935018, 0.0007886182283982635, 0.0005567210610024631, 0.0010173717746511102, 0.0001673601072980091, 0.0007140861125662923, 0.0002418963413219899, 0.0001343955664196983, 0.00026628494379110634, 0.00030467589385807514], [0.0011412670137360692, 0.0021202750504016876, 0.0020069770980626345, 0.0018322571413591504, 0.0005460440297611058, 0.001122519839555025, 0.0008219843148253858, 0.0006969600799493492, 0.0012517921859398484, 0.0009814795339480042, 0.0009127836092375219, 0.0007671169587410986, 0.0002212473045801744], [0.0009604702354408801, 0.0020069770980626345, 0.0035282194148749113, 0.0016008162638172507, 0.0005223295302130282, -0.00016138513456098735, 0.00047629227628931403, 0.0009637640323489904, 0.000964729581028223, 0.0010536402696743608, 0.0014220468001440167, -0.00018129704403690994, -0.00026183814043179154], [0.0010521785588935018, 0.0018322571413591504, 0.0016008162638172507, 0.005229318514466286, 9.102064723265357e-06, 0.00195731851272285, 0.001887287013232708, 0.000987502746284008, 0.0009211803553625941, 0.002194015309214592, 0.0019456763984635472, 0.0006826439639553428, 0.0009788101306185126], [0.0007886182283982635, 0.0005460440297611058, 0.0005223295302130282, 9.102064723265357e-06, 0.006091637536883354, 0.00113444565795362, 0.0031094583682715893, 0.000337024568580091, 0.00034444735501892865, 0.000594444340094924, 0.0009814768563956022, -0.0005262556951493025, 0.0015163052594289184], [0.0005567210610024631, 0.001122519839555025, -0.00016138513456098735, 0.00195731851272285, 0.00113444565795362, 0.009443389251828194, -0.00031866278732195497, 0.002379161072894931, -5.2040995797142386e-05, 0.0029660791624337435, -0.00032208437914960086, 0.00030952709494158626, 0.0022912148851901293], [0.0010173717746511102, 0.0008219843148253858, 0.00047629227628931403, 0.001887287013232708, 0.0031094583682715893, -0.00031866278732195497, 0.006828587967902422, -0.0016264533624053001, 0.0028768861666321754, 0.001258348347619176, 0.000655995449051261, 5.519525439012796e-05, 0.0024032630026340485], [0.0001673601072980091, 0.0006969600799493492, 0.0009637640323489904, 0.000987502746284008, 0.000337024568580091, 0.002379161072894931, -0.0016264533624053001, 0.010021545924246311, 0.00016199717356357723, 0.004061076790094376, 0.00028881989419460297, 0.001973698614165187, -0.0003831472131423652], [0.0007140861125662923, 0.0012517921859398484, 0.000964729581028223, 0.0009211803553625941, 0.00034444735501892865, -5.2040995797142386e-05, 0.0028768861666321754, 0.00016199717356357723, 0.011775515973567963, 0.0010329803917557001, 0.0031213078182190657, -0.0005775842000730336, 0.001814993447624147], [0.0002418963413219899, 0.0009814795339480042, 0.0010536402696743608, 0.002194015309214592, 0.000594444340094924, 0.0029660791624337435, 0.001258348347619176, 0.004061076790094376, 0.0010329803917557001, 0.012112047523260117, -0.0002467361628077924, 0.0027155354619026184, 0.003088657045736909], [0.0001343955664196983, 0.0009127836092375219, 0.0014220468001440167, 0.0019456763984635472, 0.0009814768563956022, -0.00032208437914960086, 0.000655995449051261, 0.00028881989419460297, 0.0031213078182190657, -0.0002467361628077924, 0.010554304346442223, 0.0013396365102380514, -0.00011386335245333612], [0.00026628494379110634, 0.0007671169587410986, -0.00018129704403690994, 0.0006826439639553428, -0.0005262556951493025,