{"song_id": "1182284087893962762", "download": "https://cdn.discordapp.com/attachments/1135911532732108921/1182284087893962762/chirp.mp4?ex=658422dc&amp", "lyrics": "[verse]\nIn the neon night, shadows start to fade\nEmbracing darkness, where secrets are made\nRacing through the streets, a thrill I can't deny\nAs I ride the wave, I feel so alive\n\n[chorus]\nTonight we'll dance with destiny\nUnveil the dreams we long to see\nIn this synthwave fantasy, we'll touch the sky\nUntil the night's end, we'll live before we die", "style": ["synthwave"], "essentia_features": {"lowlevel.average_loudness": 0.9421791434288025, "lowlevel.barkbands_crest.mean": 17.43245506286621, "lowlevel.barkbands_crest.stdev": 5.096255779266357, "lowlevel.barkbands_flatness_db.mean": 0.24026936292648315, "lowlevel.barkbands_flatness_db.stdev": 0.08483923971652985, "lowlevel.barkbands_kurtosis.mean": 38.7542610168457, "lowlevel.barkbands_kurtosis.stdev": 52.242069244384766, "lowlevel.barkbands_skewness.mean": 4.593166351318359, "lowlevel.barkbands_skewness.stdev": 3.0039658546447754, "lowlevel.barkbands_spread.mean": 14.049190521240234, "lowlevel.barkbands_spread.stdev": 19.159461975097656, "lowlevel.dissonance.mean": 0.450968474149704, "lowlevel.dissonance.stdev": 0.030482260510325432, "lowlevel.dynamic_complexity": 2.17406964302063, "lowlevel.erbbands_crest.mean": 9.535067558288574, "lowlevel.erbbands_crest.stdev": 4.323301792144775, "lowlevel.erbbands_flatness_db.mean": 0.13851496577262878, "lowlevel.erbbands_flatness_db.stdev": 0.05209337919950485, "lowlevel.erbbands_kurtosis.mean": 0.970682680606842, "lowlevel.erbbands_kurtosis.stdev": 2.820040225982666, "lowlevel.erbbands_skewness.mean": 0.45704540610313416, "lowlevel.erbbands_skewness.stdev": 0.9356401562690735, "lowlevel.erbbands_spread.mean": 52.3714599609375, "lowlevel.erbbands_spread.stdev": 31.193527221679688, "lowlevel.hfc.mean": 31.49652862548828, "lowlevel.hfc.stdev": 37.8009147644043, "lowlevel.loudness_ebu128.integrated": -15.175299644470215, "lowlevel.loudness_ebu128.loudness_range": 2.532003402709961, "lowlevel.loudness_ebu128.momentary.mean": -15.504899024963379, "lowlevel.loudness_ebu128.momentary.stdev": 1.792647361755371, "lowlevel.loudness_ebu128.short_term.mean": -15.295801162719727, "lowlevel.loudness_ebu128.short_term.stdev": 1.035059928894043, "lowlevel.melbands_crest.mean": 20.1993408203125, "lowlevel.melbands_crest.stdev": 3.9078187942504883, "lowlevel.melbands_flatness_db.mean": 0.3470125198364258, "lowlevel.melbands_flatness_db.stdev": 0.09689953923225403, "lowlevel.melbands_kurtosis.mean": 81.93470001220703, "lowlevel.melbands_kurtosis.stdev": 92.04219055175781, "lowlevel.melbands_skewness.mean": 6.235123634338379, "lowlevel.melbands_skewness.stdev": 3.2883739471435547, "lowlevel.melbands_spread.mean": 9.058993339538574, "lowlevel.melbands_spread.stdev": 16.482662200927734, "lowlevel.pitch_salience.mean": 0.3281240463256836, "lowlevel.pitch_salience.stdev": 0.13009734451770782, "lowlevel.silence_rate_20dB.mean": 0.9692931771278381, "lowlevel.silence_rate_20dB.stdev": 0.17252103984355927, "lowlevel.silence_rate_30dB.mean": 0.6222479939460754, "lowlevel.silence_rate_30dB.stdev": 0.484828919172287, "lowlevel.silence_rate_60dB.mean": 0.005793742835521698, "lowlevel.silence_rate_60dB.stdev": 0.07589458674192429, "lowlevel.spectral_centroid.mean": 813.8692016601562, "lowlevel.spectral_centroid.stdev": 742.0564575195312, "lowlevel.spectral_complexity.mean": 12.980880737304688, "lowlevel.spectral_complexity.stdev": 6.275466442108154, "lowlevel.spectral_decrease.mean": -2.6741972192212415e-08, "lowlevel.spectral_decrease.stdev": 2.3059403275738077e-08, "lowlevel.spectral_energy.mean": 0.10378719866275787, "lowlevel.spectral_energy.stdev": 0.08773632347583771, "lowlevel.spectral_energyband_high.mean": 0.0016740577993914485, "lowlevel.spectral_energyband_high.stdev": 0.004073896910995245, "lowlevel.spectral_energyband_low.mean": 0.08841351419687271, "lowlevel.spectral_energyband_low.stdev": 0.08711494505405426, "lowlevel.spectral_energyband_middle_high.mean": 0.00477178767323494, "lowlevel.spectral_energyband_middle_high.stdev": 0.009540457278490067, "lowlevel.spectral_energyband_middle_low.mean": 0.010260522365570068, "lowlevel.spectral_energyband_middle_low.stdev": 0.010048537515103817, "lowlevel.spectral_entropy.mean": 7.210330486297607, "lowlevel.spectral_entropy.stdev": 0.664175808429718, "lowlevel.spectral_flux.mean": 0.0924750566482544, "lowlevel.spectral_flux.stdev": 0.10829072445631027, "lowlevel.spectral_kurtosis.mean": 7.1258344650268555, "lowlevel.spectral_kurtosis.stdev": 7.760343551635742, "lowlevel.spectral_rms.mean": 0.009507360868155956, "lowlevel.spectral_rms.stdev": 0.003296341048553586, "lowlevel.spectral_rolloff.mean": 679.8548583984375, "lowlevel.spectral_rolloff.stdev": 1713.9090576171875, "lowlevel.spectral_skewness.mean": 1.9772828817367554, "lowlevel.spectral_skewness.stdev": 0.8747512698173523, "lowlevel.spectral_spread.mean": 5739660.0, "lowlevel.spectral_spread.stdev": 2829800.25, "lowlevel.spectral_strongpeak.mean": 0.7800077199935913, "lowlevel.spectral_strongpeak.stdev": 0.7989184260368347, "lowlevel.zerocrossingrate.mean": 0.036931149661540985, "lowlevel.zerocrossingrate.stdev": 0.05263234302401543, "metadata.audio_properties.analysis.equal_loudness": 0.0, "metadata.audio_properties.analysis.length": 40.04265213012695, "metadata.audio_properties.analysis.sample_rate": 44100.0, "metadata.audio_properties.analysis.start_time": 0.0, "metadata.audio_properties.bit_rate": 119847.0, "metadata.audio_properties.length": 40.042667388916016, "metadata.audio_properties.lossless": 0.0, "metadata.audio_properties.number_channels": 1.0, "metadata.audio_properties.replay_gain": -8.01870346069336, "metadata.audio_properties.sample_rate": 48000.0, "rhythm.beats_count": 97.0, "rhythm.beats_loudness.mean": 0.14765824377536774, "rhythm.beats_loudness.stdev": 0.09436137974262238, "rhythm.bpm": 146.1178436279297, "rhythm.bpm_histogram_first_peak_bpm": 148.0, "rhythm.bpm_histogram_first_peak_weight": 0.41935479640960693, "rhythm.bpm_histogram_second_peak_bpm": 140.0, "rhythm.bpm_histogram_second_peak_spread": 0.0, "rhythm.bpm_histogram_second_peak_weight": 0.010416666977107525, "rhythm.danceability": 1.0169551372528076, "rhythm.onset_rate": 3.5451767444610596, "tonal.chords_changes_rate": 0.03703703731298447, "tonal.chords_number_rate": 0.009259259328246117, "tonal.chords_strength.mean": 0.47176456451416016, "tonal.chords_strength.stdev": 0.1174282431602478, "tonal.hpcp_crest.mean": 17.300098419189453, "tonal.hpcp_crest.stdev": 8.733716011047363, "tonal.hpcp_entropy.mean": 1.5668126344680786, "tonal.hpcp_entropy.stdev": 0.7899987101554871, "tonal.key_edma.strength": 0.7345466613769531, "tonal.key_krumhansl.strength": 0.7251148223876953, "tonal.key_temperley.strength": 0.7062225341796875, "tonal.tuning_diatonic_strength": 0.5428423881530762, "tonal.tuning_equal_tempered_deviation": 0.0826883316040039, "tonal.tuning_frequency": 442.80462646484375, "tonal.tuning_nontempered_energy_ratio": 0.7133013010025024, "lowlevel.barkbands.mean": [0.0018965473864227533, 0.07300270348787308, 0.012221087701618671, 0.002635396085679531, 0.003843749174848199, 0.0012067882344126701, 0.0011754025472328067, 0.0009294741903431714, 0.00039565085899084806, 0.00045833527110517025, 0.0004447972751222551, 0.001625335426069796, 0.000777356734033674, 0.0002301313797943294, 0.00018790178000926971, 0.0003249495930504054, 0.0003224867396056652, 0.00012171074195066467, 0.00019920668273698539, 0.00016017176676541567, 0.00011035201168851927, 0.00020349389524199069, 0.0004345627676229924, 0.0003412437508814037, 0.000269003096036613, 0.0002571999211795628, 1.2173720278951805e-05], "lowlevel.barkbands.stdev": [0.0038927807472646236, 0.075648732483387, 0.018348587676882744, 0.006805577781051397, 0.004075642209500074, 0.001855607028119266, 0.00239235139451921, 0.0031472383998334408, 0.0008933960925787687, 0.0019411689136177301, 0.0019866980146616697, 0.006297379732131958, 0.0026901604142040014, 0.0007457849569618702, 0.0008250420796684921, 0.0015008545015007257, 0.0011379256611689925, 0.00030474047525785863, 0.00047640755656175315, 0.00047764062765054405, 0.0002752455184236169, 0.00046165939420461655, 0.0014682759065181017, 0.001155181205831468, 0.000673510308843106, 0.0005600250442512333, 2.9481392630259506e-05], "lowlevel.erbbands.mean": [1.5733201503753662, 17.604076385498047, 22.48625946044922, 9.518183708190918, 10.832988739013672, 13.410633087158203, 10.533470153808594, 9.54395866394043, 15.166244506835938, 16.108675003051758, 21.21876335144043, 10.604776382446289, 9.660048484802246, 18.607213973999023, 34.308250427246094, 60.32632064819336, 41.5071907043457, 15.293795585632324, 10.192856788635254, 11.29095458984375, 20.31697654724121, 19.01789665222168, 8.308348655700684, 5.229015827178955, 14.056157112121582, 6.651695728302002, 4.189405918121338, 4.564680576324463, 6.874076843261719, 9.962733268737793, 12.43799114227295, 8.830525398254395, 5.131925106048584, 3.243239402770996, 1.7166563272476196, 1.031972885131836, 0.49566662311553955, 0.08266131579875946, 0.0017216721316799521, 0.0001699212152743712], "lowlevel.erbbands.stdev": [2.160057783126831, 18.075599670410156, 24.794763565063477, 17.774717330932617, 16.480422973632812, 14.147212982177734, 15.492734909057617, 16.588911056518555, 30.458269119262695, 43.62491989135742, 69.53568267822266, 21.46453285217285, 32.07231140136719, 76.67662048339844, 131.55520629882812, 249.0670928955078, 137.37728881835938, 49.41673278808594, 42.89113998413086, 38.796546936035156, 98.50292205810547, 67.40216827392578, 19.568952560424805, 10.056303024291992, 36.951263427734375, 18.8851375579834, 11.413383483886719, 10.522995948791504, 15.447988510131836, 27.10332489013672, 44.25844955444336, 31.318031311035156, 17.01006317138672, 9.010671615600586, 4.075566291809082, 2.442619800567627, 1.0743701457977295, 0.17242112755775452, 0.0034574384335428476, 0.0001524039835203439], "lowlevel.gfcc.mean": [1.3318721055984497, 104.02019500732422, -63.05918502807617, 38.852760314941406, -31.962177276611328, 30.809694290161133, -25.99411392211914, 11.726927757263184, -18.637760162353516, 7.640336036682129, -7.191102981567383, 7.187260627746582, -14.808820724487305], "lowlevel.melbands.mean": [0.017807722091674805, 0.01596716232597828, 0.0016917885513976216, 0.0009678086498752236, 0.0003819493285845965, 0.00021218259644228965, 0.00023713170958217233, 0.0001769907830748707, 0.00015765026910230517, 5.8233417803421617e-05, 4.7853907744865865e-05, 7.428145181620494e-05, 8.594859536970034e-05, 0.00017585487512405962, 0.0001341161405434832, 6.244085670914501e-05, 2.427355502732098e-05, 1.5836176316952333e-05, 1.2787697414751165e-05, 1.7677761206869036e-05, 2.4255905373138376e-05, 2.1021605789428577e-05, 1.2238516319484916e-05, 4.243293005856685e-06, 3.6424646623345325e-06, 8.924825124267954e-06, 1.002235512714833e-05, 3.143183903375757e-06, 2.3563297872897238e-06, 3.0060948574828217e-06, 2.349620444874745e-06, 3.537894372129813e-06, 4.6301465772558e-06, 6.0086804296588525e-06, 6.86832254359615e-06, 7.380520855804207e-06, 4.731081389763858e-06, 3.765020892387838e-06, 3.150752036162885e-06, 2.534591430958244e-06], "lowlevel.melbands.stdev": [0.020288731902837753, 0.015402290970087051, 0.00298669608309865, 0.0010560709051787853, 0.0005070103215985, 0.00035175567609257996, 0.0004733858513645828, 0.0005045636207796633, 0.0004977034986950457, 0.00013743784802500159, 0.00016765705368015915, 0.00032419143826700747, 0.00033120965235866606, 0.0007393908454105258, 0.000493916217237711, 0.00023595681705046445, 8.741549390833825e-05, 6.634631427004933e-05, 4.94097730552312e-05, 6.965997454244643e-05, 0.0001248236803803593, 8.054747740970924e-05, 3.5544493584893644e-05, 9.592798051016871e-06, 7.506541805923916e-06, 2.2238211386138573e-05, 2.9955272111692466e-05, 1.0974392353091389e-05, 7.243618711072486e-06, 7.38309245207347e-06, 5.634060016745934e-06, 8.265596079581883e-06, 1.114510087063536e-05, 1.7767666577128693e-05, 2.4638677132315934e-05, 2.7354959456715733e-05, 1.728867027850356e-05, 1.3059557204542216e-05, 9.964791388483718e-06, 6.88115733282757e-06], "lowlevel.melbands128.mean": [0.001726548420265317, 0.009387820027768612, 0.025846952572464943, 0.03161507472395897, 0.0165098924189806, 0.004591864068061113, 0.0017155291279777884, 0.0012336571235209703, 0.000893722812179476, 0.0013837749138474464, 0.0006471258238889277, 0.00033641140908002853, 0.0003584302612580359, 0.00035062545794062316, 0.00023619888816028833, 0.00011752662248909473, 0.00014300957263913006, 0.00035230728099122643, 0.00021413274225778878, 0.00017310623661614954, 0.00013673162902705371, 0.0002318103943252936, 0.00017448703874833882, 6.491598469438031e-05, 7.658699905732647e-05, 4.226696182740852e-05, 4.809577148989774e-05, 3.892503082170151e-05, 5.12623337272089e-05, 9.353940549772233e-05, 7.52629348426126e-05, 5.216803037910722e-05, 6.237302295630798e-05, 0.00010271228529745713, 0.00022888267994858325, 0.00016416085418313742, 0.00016138225328177214, 0.00013903932995162904, 0.00011803937377408147, 9.628817497286946e-05, 3.71585956600029e-05, 3.47802706528455e-05, 2.847518953785766e-05, 1.3962746379547752e-05, 1.8322436517337337e-05, 1.5086553503351752e-05, 1.7726608348311856e-05, 6.996124739089282e-06, 1.5449371858267114e-05, 1.5812482160981745e-05, 1.5438408809131943e-05, 1.8727210772340186e-05, 3.56252676283475e-05, 1.7970827684621327e-05, 1.9527047697920352e-05, 2.733870678639505e-05, 1.5335872376454063e-05, 1.5536867067567073e-05, 1.1142949006170966e-05, 5.405350293585798e-06, 3.8081095681263832e-06, 3.2675975489837583e-06, 3.2312495932274032e-06, 3.5244252103439067e-06, 4.608406925399322e-06, 7.8976881923154e-06, 1.204898944706656e-05, 1.426154631190002e-05, 9.486985618423205e-06, 4.5653760025743395e-06, 2.780011072900379e-06, 2.6142529350181576e-06, 2.326936510144151e-06, 2.292113322255318e-06, 2.351900775465765e-06, 2.840050910890568e-06, 3.833973551081726e-06, 2.462862539687194e-06, 2.0224654235789785e-06, 2.026961965384544e-06, 3.3453613923484227e-06, 4.073920081282267e-06, 4.4654234443441965e-06, 4.564577011478832e-06, 4.810518021258758e-06, 5.516912096936721e-06, 6.697297976643313e-06, 6.618256975343684e-06, 5.933271495450754e-06, 7.675241249671672e-06, 9.105757271754555e-06, 6.915243830007967e-06, 5.3176108849584125e-06, 4.759731837111758e-06, 4.107017502974486e-06, 4.6934701458667405e-06, 3.455943215158186e-06, 2.8153754101367667e-06, 3.196948910044739e-06, 3.5054968066106085e-06, 2.713418780331267e-06, 2.737224576776498e-06, 1.645216798351612e-06, 2.0450061128940433e-06, 1.8360098010816728e-06, 1.957256472451263e-06, 1.863751890596177e-06, 1.671515292400727e-06, 1.8326444433114375e-06, 1.7389152162650134e-06, 1.8468156213202747e-06, 1.8289815670868848e-06, 1.5795961871845066e-06, 1.501572683082486e-06, 1.219375803884759e-06, 1.0203418696619337e-06, 4.99587258673273e-07, 3.0766393877001974e-08, 2.0840090070306516e-11, 1.809514343920071e-11, 1.7283154074565488e-11, 1.6914043082794095e-11, 1.6475402639382075e-11, 1.617222501748561e-11, 1.5855284099530742e-11, 1.5513866233329843e-11, 1.5304006326100072e-11, 1.52066935432682e-11], "lowlevel.melbands128.stdev": [0.003584430553019047, 0.017069438472390175, 0.03317754343152046, 0.030813388526439667, 0.016597982496023178, 0.007535635493695736, 0.0036930732894688845, 0.0034838656429201365, 0.001611243700608611, 0.0016698982799425721, 0.0007912768633104861, 0.0007030713022686541, 0.0006652788142673671, 0.0006273668259382248, 0.0005465038120746613, 0.0003100474423263222, 0.0003510127426125109, 0.0008349940180778503, 0.0005559709388762712, 0.0006707605789415538, 0.0007224756991490722, 0.0009217592887580395, 0.0006685411208309233, 0.00014496622316073626, 0.0001825806248234585, 0.000217487191548571, 0.00019401292956899852, 0.00023979571415111423, 0.00025703609571792185, 0.0004982976824976504, 0.00043996903696097434, 0.0002481083502061665, 0.0003624577075242996, 0.0006215725443325937, 0.0012290844460949302, 0.0010015430161729455, 0.0010217580711469054, 0.000795327709056437, 0.0004943481762893498, 0.0005296419258229434, 0.0001947441924130544, 0.00018730248848441988, 0.0001568943407619372, 5.571265865000896e-05, 6.603099609492347e-05, 9.478297579335049e-05, 0.00012175701704109088, 3.594758527469821e-05, 9.974525892175734e-05, 5.420004890765995e-05, 9.030619548866525e-05, 0.00012720099766738713, 0.00023662437160965055, 0.00012907650670967996, 0.00011381410149624571, 0.00012697825150098652, 7.373822882073e-05, 5.7653476687846705e-05, 4.0682178223505616e-05, 1.656589302001521e-05, 1.0728873348853085e-05, 9.070790838450193e-06, 8.300169611175079e-06, 7.955474757181946e-06, 1.2361152585071977e-05, 2.1765947167295963e-05, 3.984197974205017e-05, 5.47811905562412e-05, 3.313281558803283e-05, 1.5466272088815458e-05, 1.4038176232133992e-05, 1.0255505912937224e-05, 9.261237210012041e-06, 7.910105523478705e-06, 7.164615908550331e-06, 7.934513632790186e-06, 9.392083484272007e-06, 6.51248183203279e-06, 5.708264325221535e-06, 5.48213574802503e-06, 9.836232493398711e-06, 1.007342325465288e-05, 1.1909095519513357e-05, 1.1767508112825453e-05, 1.333706677542068e-05, 1.5702929886174388e-05, 2.3540776965091936e-05, 2.446380676701665e-05, 2.1900243154959753e-05, 3.215788092347793e-05, 3.728271258296445e-05, 2.508928082534112e-05, 2.1593430574284866e-05, 1.952810816874262e-05, 1.5834197256481275e-05, 1.7016851415974088e-05, 1.3425318684312515e-05, 1.0529807696002536e-05, 1.055240682035219e-05, 1.1370399988663848e-05, 8.597775376983918e-06, 7.724252100160811e-06, 4.654736130760284e-06, 5.5595683079445735e-06, 4.5501396925828885e-06, 5.812879408040317e-06, 4.9065888561017346e-06, 4.303663445170969e-06, 5.103171588416444e-06, 4.303866262489464e-06, 4.975455794919981e-06, 4.380544396553887e-06, 3.6055118926014984e-06, 3.379609779585735e-06, 2.6776795039040735e-06, 2.304357849425287e-06, 1.1844925893456093e-06, 1.1893123286199625e-07, 6.068843344531061e-11, 2.6769413075111714e-11, 2.3250986205813895e-11, 2.2709445435253883e-11, 2.220499999150416e-11, 2.18091326248393e-11, 2.1481630710362687e-11, 2.1216551085445623e-11, 2.1026654375977394e-11, 2.0909881465192015e-11], "lowlevel.mfcc.mean": [-662.2134399414062, 141.66966247558594, 34.59321594238281, 28.797109603881836, 24.019607543945312, 23.118404388427734, 13.103180885314941, 14.3684663772583, -0.4237440228462219, 3.784792900085449, 6.7189202308654785, 8.152894020080566, 10.38375473022461], "lowlevel.spectral_contrast_coeffs.mean": [-0.6949476599693298, -0.7207162976264954, -0.7370699048042297, -0.7787912487983704, -0.7849966287612915, -0.7654574513435364], "lowlevel.spectral_contrast_coeffs.stdev": [0.058196380734443665, 0.06589620560407639, 0.07145440578460693, 0.06043437495827675, 0.060873303562402725, 0.04390717297792435], "lowlevel.spectral_contrast_valleys.mean": [-6.004767894744873, -7.190472602844238, -7.943182468414307, -8.177960395812988, -8.269721031188965, -10.564693450927734], "lowlevel.spectral_contrast_valleys.stdev": [0.8116239905357361, 0.8291587829589844, 0.8606151938438416, 0.7930958271026611, 0.9256016612052917, 1.4393233060836792], "rhythm.beats_loudness_band_ratio.mean": [0.843113899230957, 0.049219418317079544, 0.029863644391298294, 0.049187418073415756, 0.00954349897801876, 0.028329957276582718], "rhythm.beats_loudness_band_ratio.stdev": [0.1443711221218109, 0.046980876475572586, 0.04194961488246918, 0.10749748349189758, 0.016092710196971893, 0.03609349951148033], "tonal.hpcp.mean": [0.23584610223770142, 0.05520407855510712, 0.01885283924639225, 0.01474577933549881, 0.013844363391399384, 0.029845034703612328, 0.03938363119959831, 0.02620679885149002, 0.018560385331511497, 0.01913473941385746, 0.02200155146420002, 0.033351749181747437, 0.03399880230426788, 0.02181684970855713, 0.13647395372390747, 0.23688314855098724, 0.11712367087602615, 0.017423152923583984, 0.018103836104273796, 0.019843801856040955, 0.15477554500102997, 0.261916846036911, 0.1304418444633484, 0.018428701907396317, 0.012994690798223019, 0.03756365925073624, 0.16895408928394318, 0.2268739491701126, 0.09456823766231537, 0.007983332499861717, 0.004425901919603348, 0.006646306253969669, 0.01881357841193676, 0.022805767133831978, 0.03730826824903488, 0.21979764103889465], "tonal.hpcp.stdev": [0.37950998544692993, 0.13171815872192383, 0.10252884775400162, 0.09336479008197784, 0.07460891455411911, 0.09829571098089218, 0.12057804316282272, 0.10192879289388657, 0.10184682160615921, 0.09892559051513672, 0.11044798791408539, 0.11501821875572205, 0.11456704139709473, 0.0946560949087143, 0.23980370163917542, 0.41106608510017395, 0.2154376357793808, 0.08482939004898071, 0.0947745144367218, 0.08808865398168564, 0.2500288188457489, 0.41137930750846863, 0.2315451055765152, 0.09265362471342087, 0.06799488514661789, 0.11192238330841064, 0.31624990701675415, 0.40721938014030457, 0.1936606764793396, 0.04281241074204445, 0.02729199454188347, 0.0445912666618824, 0.08474570512771606, 0.10004771500825882, 0.10450319945812225, 0.3628157079219818], "rhythm.beats_position": [0.3482993245124817, 0.7082086205482483, 1.0797278881072998, 1.486077070236206, 1.8924262523651123, 2.2987754344940186, 2.7167346477508545, 3.1230838298797607, 3.529433012008667, 3.947392225265503, 4.36535120010376, 4.771700382232666, 5.178049564361572, 5.584399223327637, 5.990748405456543, 6.408707141876221, 6.826666355133057, 7.244625568389893, 7.650974750518799, 8.057324409484863, 8.46367359161377, 8.870022773742676, 9.287981986999512, 9.694331169128418, 10.112290382385254, 10.53024959564209, 10.936598777770996, 11.354557991027832, 11.760907173156738, 12.167256355285645, 12.58521556854248, 12.991564750671387, 13.397913932800293, 13.815873146057129, 14.222222328186035, 14.628571510314941, 15.046530723571777, 15.464489936828613, 15.87083911895752, 16.28879737854004, 16.695146560668945, 17.10149574279785, 17.507844924926758, 17.925804138183594, 18.3321533203125, 18.738502502441406, 19.156461715698242, 19.56281089782715, 19.969160079956055, 20.38711929321289, 20.793468475341797, 21.199817657470703, 21.60616683959961, 22.012516021728516, 22.43047523498535, 22.848434448242188, 23.266393661499023, 23.68435287475586, 24.090702056884766, 24.497051239013672, 24.915010452270508, 25.321359634399414, 25.72770881652832, 26.134057998657227, 26.540407180786133, 26.95836639404297, 27.376325607299805, 27.79428482055664, 28.189023971557617, 28.595373153686523, 29.00172233581543, 29.419681549072266, 29.8376407623291, 30.243989944458008, 30.650339126586914, 31.06829833984375, 31.474647521972656, 31.880996704101562, 32.29895782470703, 32.716915130615234, 33.1348762512207, 33.54122543334961, 33.947574615478516, 34.34231185913086, 34.76027297973633, 35.17823028564453, 35.59619140625, 36.002540588378906, 36.40888977050781, 36.826847076416016, 37.23319625854492, 37.63954544067383, 38.0575065612793, 38.4638557434082, 38.87020492553711, 39.299774169921875, 39.70612335205078], "rhythm.bpm_histogram": [0.0, 0.0, 0.0, 0.0, 0.0, 0.0, 0.0, 0.0, 0.0, 0.0, 0.0, 0.0, 0.0, 0.0, 0.0, 0.0, 0.0, 0.0, 0.0, 0.0, 0.0, 0.0, 0.0, 0.0, 0.0, 0.0, 0.0, 0.0, 0.0, 0.0, 0.0, 0.0, 0.0, 0.0, 0.0, 0.0, 0.0, 0.0, 0.0, 0.0, 0.0, 0.0, 0.0, 0.0, 0.0, 0.0, 0.0, 0.0, 0.0, 0.0, 0.0, 0.0, 0.0, 0.0, 0.0, 0.0, 0.0, 0.0, 0.0, 0.0, 0.0, 0.0, 0.0, 0.0, 0.0, 0.0, 0.0, 0.0, 0.0, 0.0, 0.0, 0.0, 0.0, 0.0, 0.0, 0.0, 0.0, 0.0, 0.0, 0.0, 0.0, 0.0, 0.0, 0.0, 0.0, 0.0, 0.0, 0.0, 0.0, 0.0, 0.0, 0.0, 0.0, 0.0, 0.0, 0.0, 0.0, 0.0, 0.0, 0.0, 0.0, 0.0, 0.0, 0.0, 0.0, 0.0, 0.0, 0.0, 0.0, 0.0, 0.0, 0.0, 0.0, 0.0, 0.0, 0.0, 0.0, 0.0, 0.0, 0.0, 0.0, 0.0, 0.0, 0.0, 0.0, 0.0, 0.0, 0.0, 0.0, 0.0, 0.0, 0.0, 0.0, 0.0, 0.0, 0.0, 0.0, 0.0, 0.0, 0.0, 0.010416666977107525, 0.0, 0.0, 0.0, 0.3854166567325592, 0.0, 0.0, 0.0, 0.5625, 0.0, 0.0, 0.0, 0.02083333395421505, 0.0, 0.0, 0.0, 0.0, 0.0, 0.0, 0.0, 0.0, 0.010416666977107525, 0.0, 0.0, 0.0, 0.0, 0.0, 0.010416666977107525, 0.0, 0.0, 0.0, 0.0, 0.0, 0.0, 0.0, 0.0, 0.0, 0.0, 0.0, 0.0, 0.0, 0.0, 0.0, 0.0, 0.0, 0.0, 0.0, 0.0, 0.0, 0.0, 0.0, 0.0, 0.0, 0.0, 0.0, 0.0, 0.0, 0.0, 0.0, 0.0, 0.0, 0.0, 0.0, 0.0, 0.0, 0.0, 0.0, 0.0, 0.0, 0.0, 0.0, 0.0, 0.0, 0.0, 0.0, 0.0, 0.0, 0.0, 0.0, 0.0, 0.0, 0.0, 0.0, 0.0, 0.0, 0.0, 0.0, 0.0, 0.0, 0.0, 0.0, 0.0, 0.0, 0.0, 0.0, 0.0, 0.0, 0.0, 0.0, 0.0, 0.0, 0.0, 0.0, 0.0, 0.0, 0.0, 0.0, 0.0, 0.0, 0.0], "tonal.chords_histogram": [14.467592239379883, 18.05555534362793, 39.699073791503906, 8.101851463317871, 0.0, 0.0, 0.0, 0.0, 1.9675925970077515, 0.0, 0.0, 0.0, 0.0, 0.0, 0.0, 0.0, 0.0, 9.259259223937988, 0.0, 3.125, 0.0, 0.0, 0.23148147761821747, 5.092592716217041], "tonal.thpcp": [1.0, 0.4980277121067047, 0.07036089152097702, 0.04961380362510681, 0.14341826736927032, 0.6450676918029785, 0.8662060499191284, 0.36106207966804504, 0.030480409041047096, 0.01689811795949936, 0.02537563443183899, 0.07183034718036652, 0.08707255125045776, 0.14244318008422852, 0.8391886353492737, 0.900461733341217, 0.21076948940753937, 0.07198024541139603, 0.056299470365047455, 0.05285785719752312, 0.1139485090970993, 0.15036693215370178, 0.1000577062368393, 0.07086365669965744, 0.07305654138326645, 0.0840020477771759, 0.12733717262744904, 0.12980762124061584, 0.08329685777425766, 0.5210583209991455, 0.9044212102890015, 0.44717884063720703, 0.06652169674634933, 0.06912054866552353, 0.0757637470960617, 0.5909339189529419], "lowlevel.gfcc.cov": [[8058.91748046875, -2308.359130859375, 281.6004638671875, 277.18511962890625, -597.5508422851562, 474.6138000488281, -299.4049377441406, 419.80340576171875, -425.42950439453125, 253.66622924804688, -351.9128112792969, 423.9742736816406, -565.9708862304688], [-2308.359130859375, 3317.1474609375, -790.36865234375, -408.413330078125, 572.6618041992188, -484.4062805175781, 308.5879211425781, -337.4221496582031, 444.1864929199219, -310.997314453125, 377.7088623046875, -432.1064453125, 408.0246276855469], [281.6004638671875, -790.36865234375, 786.9125366210938, 120.76624298095703, -83.82290649414062, 134.57969665527344, -103.73677825927734, 51.19294357299805, -129.49356079101562, 137.55865478515625, -118.49815368652344, 102.49357604980469, -72.48699951171875], [277.18511962890625, -408.413330078125, 120.76624298095703, 358.2314758300781, -59.691402435302734, 0.111139215528965, -66.912841796875, -6.690751075744629, -6.296169757843018, 12.816922187805176, -58.43354797363281, 11.44493293762207, 32.06855392456055], [-597.5508422851562, 572.6618041992188, -83.82290649414062, -59.691402435302734, 309.7696838378906, -100.9910888671875, 61.199684143066406, -42.8373908996582, 83.3018569946289, -50.79174041748047, 51.59770965576172, -73.9488754272461, 72.36302185058594], [474.6138000488281, -484.4062805175781, 134.57969665527344, 0.111139215528965, -100.9910888671875, 223.3868865966797, 11.019964218139648, 35.82377624511719, -108.26567840576172, 26.412185668945312, -25.964263916015625, 65.52737426757812, -89.06522369384766], [-299.4049377441406, 308.5879211425781, -103.73677825927734, -66.912841796875, 61.199684143066406, 11.019964218139648, 181.25331115722656, -16.19656753540039, 25.145448684692383, -40.24317932128906, 59.99161148071289, -47.851470947265625, 30.323596954345703], [419.80340576171875, -337.4221496582031, 51.19294357299805, -6.690751075744629, -42.8373908996582, 35.82377624511719, -16.19656753540039, 136.75148010253906, -22.873231887817383, 34.81192398071289, -48.443660736083984, 51.9726676940918, -67.29043579101562], [-425.42950439453125, 444.1864929199219, -129.49356079101562, -6.296169757843018, 83.3018569946289, -108.26567840576172, 25.145448684692383, -22.873231887817383, 186.90647888183594, -22.301668167114258, 47.44013595581055, -85.16132354736328, 71.07823944091797], [253.66622924804688, -310.997314453125, 137.55865478515625, 12.816922187805176, -50.79174041748047, 26.412185668945312, -40.24317932128906, 34.81192398071289, -22.301668167114258, 128.8224639892578, -30.616580963134766, 25.2979793548584, -35.54969024658203], [-351.9128112792969, 377.7088623046875, -118.49815368652344, -58.43354797363281, 51.59770965576172, -25.964263916015625, 59.99161148071289, -48.443660736083984, 47.44013595581055, -30.616580963134766, 126.28976440429688, -45.02633285522461, 38.19139099121094], [423.9742736816406, -432.1064453125, 102.49357604980469, 11.44493293762207, -73.9488754272461, 65.52737426757812, -47.851470947265625, 51.9726676940918, -85.16132354736328, 25.2979793548584, -45.02633285522461, 131.9248809814453, -59.47007751464844], [-565.9708862304688, 408.0246276855469, -72.48699951171875, 32.06855392456055, 72.36302185058594, -89.06522369384766, 30.323596954345703, -67.29043579101562, 71.07823944091797, -35.54969024658203, 38.19139099121094, -59.47007751464844, 164.0902099609375]], "lowlevel.gfcc.icov": [[0.0002571570221334696, -0.00035194415249861777, 0.0001830655528465286, -0.0005286001251079142, 0.00024197372840717435, -0.0005023583653382957, 0.00022100575733929873, -0.0005714172730222344, 0.00029880923102609813, -0.0005984795861877501, 0.00048823593533597887, -0.0005935297231189907, 0.0007039000629447401], [-0.00035194415249861777, 0.002971794456243515, -0.00019843211339320987, 0.002910888521000743, -0.0013377201976254582, 0.002799371490254998, -0.0009635432506911457, 0.0027193480636924505, -0.0015902635641396046, 0.0033553147222846746, -0.002661367878317833, 0.0034711642656475306, -0.0025642579421401024], [0.0001830655528465286, -0.00019843211339320987, 0.00218036281876266, -0.0007627379964105785, -0.000359415978891775, -0.0012396752135828137, 0.0005558673874475062, -0.00010153774928767234, 0.0006957293953746557, -0.0021381345577538013, 0.0012435084208846092, -0.0008250264800153673, 0.0002253269631182775], [-0.0005286001251079142, 0.002910888521000743, -0.0007627379964105785, 0.006523270159959793, -0.000699011841788888, 0.002714580623432994, -0.00018261000514030457, 0.003125179558992386, -0.001985440729185939, 0.003919661045074463, -0.0014312997227534652, 0.0038318270817399025, -0.004145102575421333], [0.00024197372840717435, -0.0013377201976254582, -0.000359415978891775, -0.000699011841788888, 0.005275996867567301, 0.00021245842799544334, -0.0004594931669998914, -0.0012293203035369515, 0.0001883492077467963, -0.00038540875539183617, 0.0009633834124542773, -0.000742446631193161, 0.0008498299866914749], [-0.0005023583653382957, 0.002799371490254998, -0.0012396752135828137, 0.002714580623432994, 0.00021245842799544334, 0.011072460561990738, -0.003312559798359871, 0.002875200705602765, 0.001033663866110146, 0.0036688600666821003, -0.003386163618415594, 0.002612260403111577, 1.7691576431388967e-05], [0.00022100575733929873, -0.0009635432506911457, 0.0005558673874475062, -0.00018261000514030457, -0.0004594931669998914, -0.003312559798359871, 0.00865095853805542, -0.0025858194567263126, 0.001112532103434205, 2.2017804440110922e-05, -0.0014775845920667052, 0.0012482109013944864, -0.0004958439967595041], [-0.0005714172730222344, 0.0027193480636924505, -0.00010153774928767234, 0.003125179558992386, -0.0012293203035369515, 0.002875200705602765, -0.0025858194567263126, 0.014283491298556328, -0.0038831208366900682, 0.001557793584652245, 0.0009362188284285367, -0.00027877927641384304, 0.0007501645013689995], [0.00029880923102609813, -0.0015902635641396046, 0.0006957293953746557, -0.001985440729185939, 0.0001883492077467963, 0.001033663866110146, 0.001112532103434205, -0.0038831208366900682, 0.011033091694116592, -0.0023697419092059135, -0.00042290432611480355, 0.0024438060354441404, 5.189229341340251e-05], [-0.0005984795861877501, 0.0033553147222846746, -0.0021381345577538013, 0.003919661045074463, -0.00038540875539183617, 0.0036688600666821003, 2.2017804440110922e-05, 0.001557793584652245, -0.0023697419092059135, 0.014729870483279228, -0.0034136560279875994, 0.004934278782457113, -0.0025214797351509333], [0.00048823593533597887, -0.002661367878317833, 0.0012435084208846092, -0.0014312997227534652, 0.0009633834124542773, -0.003386163618415594, -0.0014775845920667052, 0.0009362188284285367, -0.00042290432611480355, -0.0034136560279875994, 0.01521463692188263, -0.003217014716938138, 0.0022615056950598955], [-0.0005935297231189907, 0.0034711642656475306, -0.0008250264800153673, 0.0038318270817399025, -0.000742446631193161, 0.002612260403111577, 0.0012482109013944864, -0.00027877927641384304, 0.0024438060354441404, 0.004934278782457113, -0.003217014716938138, 0.018174991011619568, -0.003045319579541683], [0.0007039000629447401, -0.0025642579421401024, 0.0002253269631182775, -0.004145102575421333, 0.0008498299866914749, 1.7691576431388967e-05, -0.0004958439967595041, 0.0007501645013689995, 5.189229341340251e-05, -0.0025214797351509333, 0.0022615056950598955, -0.003045319579541683, 0.013643229380249977]], "lowlevel.mfcc.cov": [[6284.27783203125, -2178.235595703125, 411.12921142578125, -270.84271240234375, -159.22352600097656, -22.33982276916504, 3.3305728435516357, 247.29273986816406, -169.49960327148438, 31.086973190307617, 69.93240356445312, -92.18978881835938, 124.96932220458984], [-2178.235595703125, 2934.49365234375, -859.7628784179688, 85.19159698486328, 57.72642517089844, -40.00556945800781, -27.84316635131836, -75.9498519897461, 42.966793060302734, 46.93627166748047, 32.43744659423828, 84.81715393066406, -77.85090637207031], [411.12921142578125, -859.7628784179688, 723.49365234375, -7.144964694976807, 18.75417709350586, 56.71123123168945, 40.43092346191406, -51.31598663330078, 7.937104225158691, -39.9238395690918, -6.408045768737793, 7.017525672912598, -16.387319564819336], [-270.84271240234375, 85.19159698486328, -7.144964694976807, 306.9431457519531, 75.03754425048828, 2.366901397705078, -55.16375732421875, -63.927024841308594, 87.07816314697266, -9.172499656677246, -47.41436767578125, 9.50177001953125, 7.986422538757324], [-159.22352600097656, 57.72642517089844, 18.75417709350586, 75.03754425048828, 191.025146484375, -1.8572200536727905, -33.42979049682617, -23.031661987304688, 23.860273361206055, 0.8552104830741882, -8.539958953857422, -2.153630018234253, 30.577863693237305], [-22.33982276916504, -40.00556945800781, 56.71123123168945, 2.366901397705078, -1.8572200536727905, 128.11524963378906, 44.69142150878906, -3.5716910362243652, -9.256193161010742, -9.237381935119629, 6.821608543395996, 0.19046349823474884, -30.240337371826172], [3.3305728435516357, -27.84316635131836, 40.43092346191406, -55.16375732421875, -33.42979049682617, 44.69142150878906, 168.4844207763672, 28.439228057861328, -18.813512802124023, -21.15378761291504, 20.624929428100586, 8.915047645568848, -19.260387420654297], [247.29273986816406, -75.9498519897461, -51.31598663330078, -63.927024841308594, -23.031661987304688, -3.5716910362243652, 28.439228057861328, 179.8286590576172, -42.847599029541016, 6.288696765899658, -0.09860055893659592, -30.15100860595703, 26.402271270751953], [-169.49960327148438, 42.966793060302734, 7.937104225158691, 87.07816314697266, 23.860273361206055, -9.256193161010742, -18.813512802124023, -42.847599029541016, 140.32347106933594, 8.810155868530273, -17.960935592651367, 15.520868301391602, 1.3341773748397827], [31.086973190307617, 46.93627166748047, -39.9238395690918, -9.172499656677246, 0.8552104830741882, -9.237381935119629, -21.15378761291504, 6.288696765899658, 8.810155868530273, 85.8644027709961, 23.202619552612305, 11.946203231811523, 7.098297119140625], [69.93240356445312, 32.43744659423828, -6.408045768737793, -47.41436767578125, -8.539958953857422, 6.821608543395996, 20.624929428100586, -0.09860055893659592, -17.960935592651367, 23.202619552612305, 105.17884063720703, 27.227798461914062, -1.8949562311172485], [-92.18978881835938, 84.81715393066406, 7.017525672912598, 9.50177001953125, -2.153630018234253, 0.19046349823474884, 8.915047645568848, -30.15100860595703, 15.520868301391602, 11.946203231811523, 27.227798461914062, 86.29954528808594, 12.103793144226074], [124.96932220458984, -77.85090637207031, -16.387319564819336, 7.986422538757324, 30.577863693237305, -30.240337371826172, -19.260387420654297, 26.402271270751953, 1.3341773748397827, 7.098297119140625, -1.8949562311172485, 12.103793144226074, 99.76683807373047]], "lowlevel.mfcc.icov": [[0.00023941982362885028, 0.00018088670913130045, 4.757889109896496e-05, 5.2914037951268256e-05, 0.00011456427455414087, 2.6446405172464438e-05, 7.724589522695169e-05, -0.00015353485650848597, 0.00011987053585471585, -8.945580339059234e-05, -0.00017760792979970574, 7.518444181187078e-05, -0.00013445642252918333], [0.00018088670913130045, 0.0007663164287805557, 0.000836254155728966, 1.7080890756915323e-05, -0.00029076781356707215, 7.884924707468599e-05, -3.9283684600377455e-05, 9.653896995587274e-05, 5.887491352041252e-05, -3.6503046430880204e-05, -0.00011752412683563307, -0.0006614651647396386, 0.0006671034498140216], [4.757889109896496e-05, 0.000836254155728966, 0.002539088949561119, 0.00020109167962800711, -0.000648076762445271, -0.0005014842608943582, -0.0003248375141993165, 0.0006998857716098428, -0.0001472207804908976, 0.0005957938265055418, 0.00010443433711770922, -0.0009475023252889514, 0.0008691299008205533], [5.2914037951268256e-05, 1.7080890756915323e-05, 0.00020109167962800711, 0.004868268501013517, -0.0012631932040676475, -0.0007550104637630284, 0.001014049514196813, 0.0007757993298582733, -0.002218872308731079, 0.0006103813648223877, 0.001532318419776857, -0.0005194756668061018, -0.00018249012646265328], [0.00011456427455414087, -0.00029076781356707215, -0.000648076762445271, -0.0012631932040676475, 0.006585092283785343, -0.0005308918771333992, 0.0007323389872908592, 0.00042304088128730655, -7.922037184471264e-05, -0.00010289241618011147, -0.0005785647081211209, 0.0014274840941652656, -0.002701300196349621], [2.6446405172464438e-05, 7.884924707468599e-05, -0.0005014842608943582, -0.0007550104637630284, -0.0005308918771333992, 0.00956225860863924, -0.0022845130879431963, -0.0001553351612528786, 0.0008205849444493651, -6.220171053428203e-05, -0.00038180279079824686, -0.00017160626885015517, 0.002674693474546075], [7.724589522695169e-05, -3.9283684600377455e-05, -0.0003248375141993165, 0.001014049514196813, 0.0007323389872908592, -0.0022845130879431963, 0.007877382449805737, -0.0015330902533605695, -0.0003438878629822284, 0.0022124096285551786, -0.0011438254732638597, -0.001275789923965931, 0.0007278577541001141], [-0.00015353485650848597, 9.653896995587274e-05, 0.0006998857716098428, 0.0007757993298582733, 0.00042304088128730655, -0.0001553351612528786, -0.0015330902533605695, 0.007684057578444481, 0.0011930619366467, -0.000969560700468719, 0.0005317803588695824, 0.0025455541908740997, -0.002431409666314721], [0.00011987053585471585, 5.887491352041252e-05, -0.0001472207804908976, -0.002218872308731079, -7.922037184471264e-05, 0.0008205849444493651, -0.0003438878629822284, 0.0011930619366467, 0.009385563433170319, -0.0015918012941256166, 0.001131658791564405, -0.0010605924762785435, 7.8027238487266e-05], [-8.945580339059234e-05, -3.6503046430880204e-05, 0.0005957938265055418, 0.0006103813648223877, -0.00010289241618011147, -6.220171053428203e-05, 0.0022124096285551786, -0.000969560700468719, -0.0015918012941256166, 0.013827523216605186, -0.0030117961578071117, -0.001420054235495627, -1.849777254392393e-05], [-0.00017760792979970574, -0.00011752412683563307, 0.00010443433711770922, 0.001532318419776857, -0.0005785647081211209, -0.00038180279079824686, -0.0011438254732638597, 0.0005317803588695824, 0.001131658791564405, -0.0030117961578071117, 0.012400160543620586, -0.0037461586762219667, 0.0006144708604551852], [7.518444181187078e-05, -0.0006614651647396386, -0.0009475023252889514, -0.0005194756668061018, 0.0014274840941652656, -0.00017160626885015517, -0.001275789923965931, 0.0025455541908740997, -0.0010605924762785435, -0.001420054235495627, -0.0037461586762219667, 0.015637794509530067, -0.0039869919419288635], [-0.00013445642252918333, 0.0006671034498140216, 0.0008691299008205533, -0.00018249012646265328, -0.002701300196349621, 0.002674693474546075, 0.0007278577541001141, -0.0024314