{"song_id": "1182272490777616444", "download": "https://cdn.discordapp.com/attachments/1128313332273782784/1182272490777616444/chirp.mp4?ex=6584180f&amp", "lyrics": "[Verse]\nYo, ich r\u00e4pp' straight aus der Hood\nFlex mit meinem Stil, keiner bringt's besser wie ich, Bruder\nHolla, holla, check mal meine Kundschaft\n10 Tausend Euro Couch, nur f\u00fcr den Loungepart\n\nIva, Iva, Ivan, was geht ab?\nWir ballern Jacky Dose, keine halben Sachen gemacht\nBljad, Pusher im Block, wir sind die Nummer 1\nIn der E-Klasse cruisend, wir lassen alles liegen, Mann!\n\n[Verse]\nYo, ich r\u00e4pp' straight aus der Hood\nFlex mit meinem Stil, keiner bringt's besser wie ich, Bruder\nHolla, holla, check mal meine Kundschaft\n10 Tausend Euro Couch, nur f\u00fcr den Loungepart\n\nIva, Iva, Ivan, was geht ab?\nWir ballern Jacky Dose, keine halben Sachen gemacht\nBljad, Pusher im Block, wir sind die Nummer 1\nIn der E-Klasse cruisend, wir lassen alles liegen,", "style": ["christmas"], "essentia_features": {"lowlevel.average_loudness": 0.7588956356048584, "lowlevel.barkbands_crest.mean": 16.262475967407227, "lowlevel.barkbands_crest.stdev": 5.917112350463867, "lowlevel.barkbands_flatness_db.mean": 0.34465718269348145, "lowlevel.barkbands_flatness_db.stdev": 0.1281728595495224, "lowlevel.barkbands_kurtosis.mean": 70.10411834716797, "lowlevel.barkbands_kurtosis.stdev": 196.39610290527344, "lowlevel.barkbands_skewness.mean": 3.780874252319336, "lowlevel.barkbands_skewness.stdev": 5.638753890991211, "lowlevel.barkbands_spread.mean": 7.532005310058594, "lowlevel.barkbands_spread.stdev": 10.938871383666992, "lowlevel.dissonance.mean": 0.4092443585395813, "lowlevel.dissonance.stdev": 0.0759337991476059, "lowlevel.dynamic_complexity": 5.940942764282227, "lowlevel.erbbands_crest.mean": 15.406187057495117, "lowlevel.erbbands_crest.stdev": 6.893314838409424, "lowlevel.erbbands_flatness_db.mean": 0.2976139187812805, "lowlevel.erbbands_flatness_db.stdev": 0.134139746427536, "lowlevel.erbbands_kurtosis.mean": 4.392524719238281, "lowlevel.erbbands_kurtosis.stdev": 7.523740768432617, "lowlevel.erbbands_skewness.mean": 0.533826470375061, "lowlevel.erbbands_skewness.stdev": 1.3172636032104492, "lowlevel.erbbands_spread.mean": 26.011981964111328, "lowlevel.erbbands_spread.stdev": 28.481637954711914, "lowlevel.hfc.mean": 12.864557266235352, "lowlevel.hfc.stdev": 17.016002655029297, "lowlevel.loudness_ebu128.integrated": -14.530084609985352, "lowlevel.loudness_ebu128.loudness_range": 16.290184020996094, "lowlevel.loudness_ebu128.momentary.mean": -19.59782600402832, "lowlevel.loudness_ebu128.momentary.stdev": 7.203575611114502, "lowlevel.loudness_ebu128.short_term.mean": -18.15238380432129, "lowlevel.loudness_ebu128.short_term.stdev": 6.072051048278809, "lowlevel.melbands_crest.mean": 23.202274322509766, "lowlevel.melbands_crest.stdev": 10.000445365905762, "lowlevel.melbands_flatness_db.mean": 0.40534165501594543, "lowlevel.melbands_flatness_db.stdev": 0.1669863611459732, "lowlevel.melbands_kurtosis.mean": 98.63375091552734, "lowlevel.melbands_kurtosis.stdev": 279.399658203125, "lowlevel.melbands_skewness.mean": 4.5350165367126465, "lowlevel.melbands_skewness.stdev": 6.423168182373047, "lowlevel.melbands_spread.mean": 11.27251148223877, "lowlevel.melbands_spread.stdev": 22.501054763793945, "lowlevel.pitch_salience.mean": 0.3737577497959137, "lowlevel.pitch_salience.stdev": 0.22184421122074127, "lowlevel.silence_rate_20dB.mean": 0.9687137603759766, "lowlevel.silence_rate_20dB.stdev": 0.17409101128578186, "lowlevel.silence_rate_30dB.mean": 0.6801853775978088, "lowlevel.silence_rate_30dB.stdev": 0.46640434861183167, "lowlevel.silence_rate_60dB.mean": 0.32792583107948303, "lowlevel.silence_rate_60dB.stdev": 0.4694610834121704, "lowlevel.spectral_centroid.mean": 1038.712890625, "lowlevel.spectral_centroid.stdev": 845.4895629882812, "lowlevel.spectral_complexity.mean": 7.43974494934082, "lowlevel.spectral_complexity.stdev": 8.209355354309082, "lowlevel.spectral_decrease.mean": -1.989411835268129e-08, "lowlevel.spectral_decrease.stdev": 2.799140474962769e-08, "lowlevel.spectral_energy.mean": 0.07625173777341843, "lowlevel.spectral_energy.stdev": 0.10648275166749954, "lowlevel.spectral_energyband_high.mean": 0.00030736139160580933, "lowlevel.spectral_energyband_high.stdev": 0.0008937293896451592, "lowlevel.spectral_energyband_low.mean": 0.0668276995420456, "lowlevel.spectral_energyband_low.stdev": 0.10080521553754807, "lowlevel.spectral_energyband_middle_high.mean": 0.0035226710606366396, "lowlevel.spectral_energyband_middle_high.stdev": 0.006752955261617899, "lowlevel.spectral_energyband_middle_low.mean": 0.006286795251071453, "lowlevel.spectral_energyband_middle_low.stdev": 0.025027437135577202, "lowlevel.spectral_entropy.mean": 6.710577011108398, "lowlevel.spectral_entropy.stdev": 0.9556294679641724, "lowlevel.spectral_flux.mean": 0.09008579701185226, "lowlevel.spectral_flux.stdev": 0.1307816207408905, "lowlevel.spectral_kurtosis.mean": 31.949432373046875, "lowlevel.spectral_kurtosis.stdev": 45.526302337646484, "lowlevel.spectral_rms.mean": 0.006354107987135649, "lowlevel.spectral_rms.stdev": 0.005832437891513109, "lowlevel.spectral_rolloff.mean": 1017.234130859375, "lowlevel.spectral_rolloff.stdev": 1777.6689453125, "lowlevel.spectral_skewness.mean": 3.2670958042144775, "lowlevel.spectral_skewness.stdev": 2.4565320014953613, "lowlevel.spectral_spread.mean": 3483227.25, "lowlevel.spectral_spread.stdev": 3028598.25, "lowlevel.spectral_strongpeak.mean": 0.9053197503089905, "lowlevel.spectral_strongpeak.stdev": 0.7914669513702393, "lowlevel.zerocrossingrate.mean": 0.040475573390722275, "lowlevel.zerocrossingrate.stdev": 0.054456427693367004, "metadata.audio_properties.analysis.equal_loudness": 0.0, "metadata.audio_properties.analysis.length": 40.04265213012695, "metadata.audio_properties.analysis.sample_rate": 44100.0, "metadata.audio_properties.analysis.start_time": 0.0, "metadata.audio_properties.bit_rate": 111473.0, "metadata.audio_properties.length": 40.042667388916016, "metadata.audio_properties.lossless": 0.0, "metadata.audio_properties.number_channels": 1.0, "metadata.audio_properties.replay_gain": -10.21662712097168, "metadata.audio_properties.sample_rate": 48000.0, "rhythm.beats_count": 57.0, "rhythm.beats_loudness.mean": 0.10411359369754791, "rhythm.beats_loudness.stdev": 0.1269121766090393, "rhythm.bpm": 85.93360137939453, "rhythm.bpm_histogram_first_peak_bpm": 86.0, "rhythm.bpm_histogram_first_peak_weight": 0.053571462631225586, "rhythm.bpm_histogram_second_peak_bpm": 0.0, "rhythm.bpm_histogram_second_peak_spread": 0.0, "rhythm.bpm_histogram_second_peak_weight": 0.0, "rhythm.danceability": 1.0291770696640015, "rhythm.onset_rate": 4.71858024597168, "tonal.chords_changes_rate": 0.06365741044282913, "tonal.chords_number_rate": 0.008101851679384708, "tonal.chords_strength.mean": 0.5484974980354309, "tonal.chords_strength.stdev": 0.09773670136928558, "tonal.hpcp_crest.mean": 15.342907905578613, "tonal.hpcp_crest.stdev": 6.775971412658691, "tonal.hpcp_entropy.mean": 1.7067190408706665, "tonal.hpcp_entropy.stdev": 0.6895443201065063, "tonal.key_edma.strength": 0.7152566909790039, "tonal.key_krumhansl.strength": 0.7200110554695129, "tonal.key_temperley.strength": 0.725425124168396, "tonal.tuning_diatonic_strength": 0.6346427202224731, "tonal.tuning_equal_tempered_deviation": 0.1446375548839569, "tonal.tuning_frequency": 434.193115234375, "tonal.tuning_nontempered_energy_ratio": 0.8416531682014465, "lowlevel.barkbands.mean": [0.010747330263257027, 0.04947800561785698, 0.00594712421298027, 0.002248917706310749, 0.0015997211448848248, 0.0003138657775707543, 0.0010003785137087107, 0.00035567357554100454, 0.000669122498948127, 0.0009707813151180744, 0.0005809030262753367, 0.0007212093914858997, 0.0002937655372079462, 0.0001726164045976475, 0.00017827261763159186, 0.00017278568702749908, 0.00021852237114217132, 0.00014793586160521954, 0.00010750957153504714, 3.763542554224841e-05, 5.9128153225174174e-05, 7.03599289408885e-05, 5.5356398661388084e-05, 5.057357338955626e-05, 4.212972999084741e-05, 1.2079666703357361e-05, 1.3682675614745676e-07], "lowlevel.barkbands.stdev": [0.02166224643588066, 0.0767165943980217, 0.03321332111954689, 0.015205862000584602, 0.0071797785349190235, 0.0017414160538464785, 0.0027683652006089687, 0.0012445544125512242, 0.001984625356271863, 0.0016705036396160722, 0.0025093595031648874, 0.002863913308829069, 0.001411047880537808, 0.0006758139352314174, 0.0006418066914193332, 0.000698940537404269, 0.0005626885686069727, 0.0004622547421604395, 0.000282460794551298, 0.00014949621981941164, 0.00020745692017953843, 0.00030215317383408546, 0.00017716984439175576, 0.00016602511459495872, 0.00017377415497321635, 5.297591633279808e-05, 1.0380996400272124e-06], "lowlevel.erbbands.mean": [2.3670551776885986, 7.406970977783203, 7.644556045532227, 7.921058654785156, 6.162284851074219, 5.405258655548096, 2.7062549591064453, 2.9770262241363525, 11.939289093017578, 13.753437042236328, 7.102463245391846, 15.642224311828613, 15.992175102233887, 37.924110412597656, 24.790264129638672, 31.519073486328125, 15.117094039916992, 9.181846618652344, 10.10084056854248, 9.73748779296875, 8.521889686584473, 12.59205150604248, 9.054349899291992, 6.049418926239014, 4.269690990447998, 1.8950774669647217, 1.9430667161941528, 2.608707904815674, 2.6858911514282227, 1.8901718854904175, 1.5438613891601562, 0.9835767149925232, 0.8949239253997803, 0.5805932879447937, 0.23746845126152039, 0.07180222868919373, 0.018792303279042244, 0.0016988847637549043, 7.421297777909786e-05, 8.572184015065432e-05], "lowlevel.erbbands.stdev": [3.4154233932495117, 15.554015159606934, 34.570220947265625, 49.05499267578125, 35.199520111083984, 21.442180633544922, 13.684304237365723, 15.149500846862793, 37.163604736328125, 39.642425537109375, 22.19157600402832, 50.245609283447266, 41.75868606567383, 68.4432373046875, 94.6719970703125, 128.44659423828125, 64.67892456054688, 34.58198547363281, 35.83442687988281, 36.469970703125, 26.4816837310791, 31.666034698486328, 26.014636993408203, 18.197877883911133, 11.632144927978516, 7.4465532302856445, 7.337522506713867, 9.184600830078125, 12.062529563903809, 6.807976245880127, 4.9217753410339355, 3.0911595821380615, 3.168099880218506, 2.3195574283599854, 1.0373562574386597, 0.3072029650211334, 0.08719570934772491, 0.008514356799423695, 0.00019152979075443, 0.00011562281724764034], "lowlevel.gfcc.mean": [-179.42857360839844, 118.90385437011719, -137.00607299804688, -21.025659561157227, -57.27187728881836, -1.6456303596496582, -22.22967529296875, 12.467592239379883, -10.792511940002441, -11.986477851867676, -6.572249889373779, 4.600507736206055, 3.573701858520508], "lowlevel.melbands.mean": [0.017533596605062485, 0.005589205771684647, 0.0013046989915892482, 0.00041133019840344787, 0.00011808650015154853, 6.838883564341813e-05, 0.00019119292846880853, 0.00013568767462857068, 6.05485329288058e-05, 0.00010003839997807518, 8.267942030215636e-05, 0.00015984810306690633, 8.110352064250037e-05, 8.071298361755908e-05, 6.303041300270706e-05, 2.2417423679144122e-05, 1.6367077478207648e-05, 1.6459589460282587e-05, 1.251297817361774e-05, 1.337702360615367e-05, 9.120503818849102e-06, 1.2722362043859903e-05, 1.2353292731859256e-05, 5.531135229830397e-06, 4.8350420911447145e-06, 3.880399617628427e-06, 1.8513349004933843e-06, 1.090475166165561e-06, 1.0494685511730495e-06, 1.4537380366164143e-06, 1.57033844061516e-06, 1.5925652405712754e-06, 1.2130332152082701e-06, 1.02422711734107e-06, 9.6783537628653e-07, 6.395283094207116e-07, 6.051091077097226e-07, 6.423244371944747e-07, 5.64121762636205e-07, 4.7281454840231163e-07], "lowlevel.melbands.stdev": [0.02530851773917675, 0.01630685292184353, 0.007843280211091042, 0.001908510341309011, 0.0005401140660978854, 0.00035174452932551503, 0.00056314846733585, 0.00039743317756801844, 0.00018811525660566986, 0.000327291403664276, 0.0002095378004014492, 0.0002836826606653631, 0.0003577338356990367, 0.00031475198920816183, 0.0002540357527323067, 0.00011684178025461733, 6.590185512322932e-05, 6.053737160982564e-05, 4.4246469769859686e-05, 6.141141057014465e-05, 2.72191027761437e-05, 3.321675831102766e-05, 3.6278859624871984e-05, 1.867113860498648e-05, 1.5142397387535311e-05, 1.0358894542150665e-05, 6.306141131062759e-06, 4.743101271742489e-06, 4.346979949332308e-06, 5.041996246291092e-06, 5.972122835373739e-06, 7.152742000471335e-06, 5.5452451306337025e-06, 3.530468347889837e-06, 3.1893496270640753e-06, 2.056680159512325e-06, 2.002162091230275e-06, 2.1909902443439933e-06, 2.3038860490487423e-06, 1.941501977853477e-06], "lowlevel.melbands128.mean": [0.009978503920137882, 0.02262980118393898, 0.019806643947958946, 0.009800699539482594, 0.004399405792355537, 0.0027523741591721773, 0.0016906415112316608, 0.0009512522374279797, 0.0005576415569521487, 0.00043543329229578376, 0.00029343864298425615, 0.00014761577767785639, 8.108983456622809e-05, 6.097039658925496e-05, 5.226624125498347e-05, 6.729554297635332e-05, 0.0001437442551832646, 0.00024702976224943995, 0.00020871574815828353, 0.00016295310342684388, 9.834558295551687e-05, 4.33808054367546e-05, 4.338325379649177e-05, 8.814031025394797e-05, 0.00011947469465667382, 9.652545122662559e-05, 8.097897080006078e-05, 4.581777102430351e-05, 8.479205280309543e-05, 0.00026971171610057354, 0.00012767594307661057, 8.084186993073672e-05, 9.304136619903147e-05, 6.946944631636143e-05, 5.978505942039192e-05, 9.323517588200048e-05, 0.00010211783228442073, 6.395767559297383e-05, 4.191617335891351e-05, 2.4112796381814405e-05, 1.9991419321740977e-05, 1.5676097973482683e-05, 1.4789077795285266e-05, 1.9068178517045453e-05, 1.4823483070358634e-05, 1.7091242625610903e-05, 1.7337220924673602e-05, 1.0600893801893108e-05, 1.0336267223465256e-05, 1.5729512597317807e-05, 1.4876138266117778e-05, 1.0324518370907754e-05, 8.016967512958217e-06, 8.88296290213475e-06, 1.0550209481152706e-05, 1.3283986845635809e-05, 1.4280371942732017e-05, 1.4880193702992983e-05, 1.209074707730906e-05, 6.440557172027184e-06, 4.9236396080232225e-06, 4.779327809956158e-06, 5.12355063619907e-06, 4.944526608596789e-06, 4.223953510518186e-06, 4.313701538194437e-06, 3.507525434542913e-06, 2.1665478016075213e-06, 1.4527737448588596e-06, 1.3908107803217717e-06, 1.0775873988677631e-06, 9.527881843496289e-07, 9.311967232861207e-07, 1.0391149771749042e-06, 1.170413725049002e-06, 1.6251417491730535e-06, 1.492724322815775e-06, 1.2814267620342434e-06, 1.74677632003295e-06, 1.6123790373967495e-06, 1.6384285572712542e-06, 1.589460453033098e-06, 1.4874327689540223e-06, 1.1791084943979513e-06, 1.0070803000417072e-06, 8.790453307483403e-07, 1.0791435443024966e-06, 1.1998732816209667e-06, 9.531108275950828e-07, 8.392715358240821e-07, 7.238606372084178e-07, 6.03201385729335e-07, 4.5426091332956275e-07, 5.940676146565238e-07, 7.044174026304972e-07, 6.669591812169529e-07, 5.993389891045808e-07, 6.621754664593027e-07, 5.537124820875761e-07, 5.430806027106883e-07, 4.843235501539311e-07, 4.85170176034444e-07, 4.2452984416740946e-07, 3.6744307863045833e-07, 2.522630779822066e-07, 1.788433223737229e-07, 1.5427957578140195e-07, 1.76810573293551e-07, 1.1068732419516891e-07, 8.231723569451788e-08, 7.740116814147768e-08, 7.945256186303595e-08, 6.010574082893072e-08, 3.865408970682438e-08, 2.8645240846003617e-08, 1.5547199083698615e-08, 4.933339070589682e-09, 1.1421835699465532e-09, 2.018286510141465e-10, 1.2133758407750772e-11, 1.1761442514357512e-11, 1.1347049168330958e-11, 1.0984349714526775e-11, 1.0791590711323185e-11, 1.0580316137098755e-11, 1.0355395360650554e-11, 1.0219449418646942e-11, 1.0157485963446788e-11], "lowlevel.melbands128.stdev": [0.020017875358462334, 0.03435735031962395, 0.034300971776247025, 0.024518078193068504, 0.01904331147670746, 0.01583605259656906, 0.011030725203454494, 0.006386276334524155, 0.003294027876108885, 0.0018514794064685702, 0.0011103274300694466, 0.0006867523770779371, 0.00045785526162944734, 0.0003656595654319972, 0.0003093798004556447, 0.0004078804631717503, 0.000627146742772311, 0.0007955674082040787, 0.000691420747898519, 0.0005816903430968523, 0.0003806874738074839, 0.0002027336013270542, 0.0002125978353433311, 0.00029006192926317453, 0.00046644965186715126, 0.00044002803042531013, 0.0003989293472841382, 0.0002641475584823638, 0.00020052847685292363, 0.0004893442965112627, 0.00035867863334715366, 0.00042457107338123024, 0.0005769062554463744, 0.000361443730071187, 0.0002672437112778425, 0.00047411120613105595, 0.0005330039421096444, 0.0003060916787944734, 0.00024919520365074277, 0.00014577832189388573, 0.00015918511780910194, 7.791025564074516e-05, 6.539703463204205e-05, 0.00010462015052326024, 7.589315646328032e-05, 8.428176079178229e-05, 8.068705210462213e-05, 5.421719833975658e-05, 4.389402602100745e-05, 7.705553434789181e-05, 9.204995149048045e-05, 5.016480281483382e-05, 2.7536056222743355e-05, 3.027319507964421e-05, 3.364150688867085e-05, 4.214327782392502e-05, 4.722177254734561e-05, 5.054628127254546e-05, 4.54840665042866e-05, 2.2741025532013737e-05, 2.0034143744851463e-05, 1.980766319320537e-05, 1.9245904695708305e-05, 1.694169441179838e-05, 1.24755097203888e-05, 1.330146005784627e-05, 1.1415225344535429e-05, 8.096258170553483e-06, 5.929255621595075e-06, 6.517343535961118e-06, 5.714548933610786e-06, 4.28057455792441e-06, 4.000202807219466e-06, 5.147062893229304e-06, 4.9625432438915595e-06, 6.2180424720281735e-06, 5.26445865034475e-06, 4.9680907068250235e-06, 8.011139470909256e-06, 6.228209258551942e-06, 7.211847332655452e-06, 8.308314136229455e-06, 9.24747291719541e-06, 5.10667314301827e-06, 3.956848559028003e-06, 3.2829436804604484e-06, 4.126183284824947e-06, 4.545967840385856e-06, 3.3400681331841042e-06, 2.922735575339175e-06, 2.5822330371738644e-06, 2.108737362505053e-06, 1.4834193962087738e-06, 2.3037471237330465e-06, 2.456709353282349e-06, 2.3310742562898668e-06, 2.127572315657744e-06, 2.891787517000921e-06, 2.5753010959306266e-06, 2.253849288536003e-06, 1.9389917724765837e-06, 2.1766184090665774e-06, 1.8603836906549986e-06, 1.938508603416267e-06, 1.240301685356826e-06, 8.242548688031093e-07, 7.081530952746107e-07, 8.054552722569497e-07, 5.038287440584099e-07, 3.779365727041295e-07, 3.905610412857641e-07, 4.250090626101155e-07, 3.073585048696259e-07, 1.944767547001902e-07, 1.70440742408573e-07, 1.06570958280372e-07, 3.5618761273781274e-08, 1.1579241565584653e-08, 4.372204376323907e-09, 2.3125244774657716e-11, 2.2789192408168013e-11, 2.0800888789196392e-11, 2.0226932975764278e-11, 1.987101802547464e-11, 1.956722978091463e-11, 1.9317887567371628e-11, 1.914897580779229e-11, 1.9045294855080108e-11], "lowlevel.mfcc.mean": [-812.0256958007812, 150.0563507080078, -12.698928833007812, -16.607315063476562, -10.43608570098877, -15.080793380737305, -8.723053932189941, 15.728544235229492, 4.9989495277404785, -3.2325079441070557, 0.5993155837059021, -2.36659574508667, -1.0655522346496582], "lowlevel.spectral_contrast_coeffs.mean": [-0.637485921382904, -0.7636401057243347, -0.7238872051239014, -0.8225198984146118, -0.7760658264160156, -0.7952861785888672], "lowlevel.spectral_contrast_coeffs.stdev": [0.09965627640485764, 0.08490875363349915, 0.07992161065340042, 0.05320993810892105, 0.06131279841065407, 0.0727882981300354], "lowlevel.spectral_contrast_valleys.mean": [-9.263652801513672, -7.7492451667785645, -8.321815490722656, -8.923973083496094, -9.796339988708496, -12.564105987548828], "lowlevel.spectral_contrast_valleys.stdev": [2.4775314331054688, 1.0121535062789917, 1.2125818729400635, 1.201130986213684, 1.8221304416656494, 2.5303001403808594], "rhythm.beats_loudness_band_ratio.mean": [0.37928175926208496, 0.0463489331305027, 0.1829262226819992, 0.33103543519973755, 0.062008049339056015, 0.019222082570195198], "rhythm.beats_loudness_band_ratio.stdev": [0.448251873254776, 0.11365549266338348, 0.21855923533439636, 0.30489808320999146, 0.08895573765039444, 0.033639002591371536], "tonal.hpcp.mean": [0.3753107786178589, 0.31806838512420654, 0.09408906102180481, 0.1193796694278717, 0.12934045493602753, 0.08136658370494843, 0.0650462806224823, 0.05941165238618851, 0.052355244755744934, 0.09648285806179047, 0.09237747639417648, 0.03730561584234238, 0.030799496918916702, 0.032782260328531265, 0.09030240029096603, 0.2227998971939087, 0.20577354729175568, 0.09141041338443756, 0.06307338178157806, 0.05521745979785919, 0.07855372130870819, 0.16926757991313934, 0.14275087416172028, 0.047222260385751724, 0.04939008131623268, 0.04467263072729111, 0.04003516212105751, 0.04813627898693085, 0.039826445281505585, 0.03179663047194481, 0.033564165234565735, 0.03483168035745621, 0.03736269846558571, 0.035839371383190155, 0.03621663898229599, 0.13017678260803223], "tonal.hpcp.stdev": [0.4254212975502014, 0.37378358840942383, 0.1989295333623886, 0.27001672983169556, 0.29535189270973206, 0.2138783484697342, 0.19265101850032806, 0.19009748101234436, 0.15732590854167938, 0.21392938494682312, 0.19820652902126312, 0.1259889006614685, 0.11525500565767288, 0.11940857768058777, 0.20327313244342804, 0.3593587577342987, 0.3331054747104645, 0.2159837931394577, 0.18365676701068878, 0.17726914584636688, 0.17493295669555664, 0.30010002851486206, 0.25046688318252563, 0.13059046864509583, 0.14429599046707153, 0.12168779224157333, 0.12306368350982666, 0.13056357204914093, 0.11456914246082306, 0.12063130736351013, 0.12590980529785156, 0.12079466134309769, 0.12624973058700562, 0.12469565123319626, 0.11898932605981827, 0.21868231892585754], "rhythm.beats_position": [0.7198185920715332, 1.4396371841430664, 2.14784574508667, 2.8444442749023438, 3.5410430431365967, 4.249251842498779, 4.945850372314453, 5.642448902130127, 6.339047431945801, 7.035645961761475, 7.732244968414307, 8.42884349822998, 9.125441551208496, 9.822040557861328, 10.51863956451416, 11.215237617492676, 11.923446655273438, 12.620044708251953, 13.316643714904785, 14.013242721557617, 14.721450805664062, 15.418049812316895, 16.114648818969727, 16.811246871948242, 17.507844924926758, 18.192834854125977, 18.889432907104492, 19.597640991210938, 20.294239044189453, 20.9908390045166, 21.687437057495117, 22.384035110473633, 23.08063507080078, 23.777233123779297, 24.473831176757812, 25.17043113708496, 25.867029190063477, 26.563627243041992, 27.26022720336914, 27.956825256347656, 28.653423309326172, 29.338411331176758, 30.046621322631836, 30.74321937561035, 31.451427459716797, 32.14802551269531, 32.85623550415039, 33.552833557128906, 34.24943161010742, 34.94602966308594, 35.64263153076172, 36.339229583740234, 37.03582763671875, 37.732425689697266, 38.42902374267578, 39.1256217956543, 39.82221984863281], "rhythm.bpm_histogram": [0.0, 0.0, 0.0, 0.0, 0.0, 0.0, 0.0, 0.0, 0.0, 0.0, 0.0, 0.0, 0.0, 0.0, 0.0, 0.0, 0.0, 0.0, 0.0, 0.0, 0.0, 0.0, 0.0, 0.0, 0.0, 0.0, 0.0, 0.0, 0.0, 0.0, 0.0, 0.0, 0.0, 0.0, 0.0, 0.0, 0.0, 0.0, 0.0, 0.0, 0.0, 0.0, 0.0, 0.0, 0.0, 0.0, 0.0, 0.0, 0.0, 0.0, 0.0, 0.0, 0.0, 0.0, 0.0, 0.0, 0.0, 0.0, 0.0, 0.0, 0.0, 0.0, 0.0, 0.0, 0.0, 0.0, 0.0, 0.0, 0.0, 0.0, 0.0, 0.0, 0.0, 0.0, 0.0, 0.0, 0.0, 0.0, 0.0, 0.0, 0.0, 0.0, 0.0, 0.01785714365541935, 0.0, 0.1428571492433548, 0.8035714030265808, 0.0, 0.0357142873108387, 0.0, 0.0, 0.0, 0.0, 0.0, 0.0, 0.0, 0.0, 0.0, 0.0, 0.0, 0.0, 0.0, 0.0, 0.0, 0.0, 0.0, 0.0, 0.0, 0.0, 0.0, 0.0, 0.0, 0.0, 0.0, 0.0, 0.0, 0.0, 0.0, 0.0, 0.0, 0.0, 0.0, 0.0, 0.0, 0.0, 0.0, 0.0, 0.0, 0.0, 0.0, 0.0, 0.0, 0.0, 0.0, 0.0, 0.0, 0.0, 0.0, 0.0, 0.0, 0.0, 0.0, 0.0, 0.0, 0.0, 0.0, 0.0, 0.0, 0.0, 0.0, 0.0, 0.0, 0.0, 0.0, 0.0, 0.0, 0.0, 0.0, 0.0, 0.0, 0.0, 0.0, 0.0, 0.0, 0.0, 0.0, 0.0, 0.0, 0.0, 0.0, 0.0, 0.0, 0.0, 0.0, 0.0, 0.0, 0.0, 0.0, 0.0, 0.0, 0.0, 0.0, 0.0, 0.0, 0.0, 0.0, 0.0, 0.0, 0.0, 0.0, 0.0, 0.0, 0.0, 0.0, 0.0, 0.0, 0.0, 0.0, 0.0, 0.0, 0.0, 0.0, 0.0, 0.0, 0.0, 0.0, 0.0, 0.0, 0.0, 0.0, 0.0, 0.0, 0.0, 0.0, 0.0, 0.0, 0.0, 0.0, 0.0, 0.0, 0.0, 0.0, 0.0, 0.0, 0.0, 0.0, 0.0, 0.0, 0.0, 0.0, 0.0, 0.0, 0.0, 0.0, 0.0, 0.0, 0.0, 0.0, 0.0, 0.0, 0.0, 0.0, 0.0, 0.0, 0.0, 0.0, 0.0, 0.0, 0.0, 0.0], "tonal.chords_histogram": [45.37036895751953, 0.0, 31.712963104248047, 0.0, 0.0, 0.0, 0.0, 8.449073791503906, 0.0, 4.629629611968994, 0.0, 0.0, 0.0, 0.0, 0.0, 0.0, 0.0, 0.0, 0.0, 0.0, 0.0, 1.5046296119689941, 4.745370388031006, 3.5879628658294678], "tonal.thpcp": [1.0, 0.8474799990653992, 0.2506963908672333, 0.31808218359947205, 0.34462228417396545, 0.21679788827896118, 0.17331311106681824, 0.15829987823963165, 0.13949838280677795, 0.2570745646953583, 0.24613595008850098, 0.09939926862716675, 0.08206398040056229, 0.08734697103500366, 0.24060699343681335, 0.5936411023139954, 0.5482750535011292, 0.24355925619602203, 0.1680564135313034, 0.14712463319301605, 0.2093031257390976, 0.4510064423084259, 0.38035377860069275, 0.12582175433635712, 0.13159781694412231, 0.11902837455272675, 0.1066720262169838, 0.1282571256160736, 0.1061159148812294, 0.08472080528736115, 0.0894303247332573, 0.09280756860971451, 0.09955135732889175, 0.09549251943826675, 0.09649772942066193, 0.3468506336212158], "lowlevel.gfcc.cov": [[25761.359375, -5778.34619140625, 5593.384765625, 8760.35546875, 262.1791687011719, 5398.65380859375, -32.10268020629883, 1483.356201171875, 161.44696044921875, 758.224853515625, -90.14388275146484, 338.0393371582031, -1037.5928955078125], [-5778.34619140625, 4784.7333984375, -167.28182983398438, -1991.0604248046875, 1527.2894287109375, -1194.66162109375, 772.027587890625, -338.1878662109375, 504.6119079589844, -431.718994140625, 282.6796569824219, -262.4063415527344, 467.4491882324219], [5593.384765625, -167.28182983398438, 5418.884765625, 3527.69384765625, 1592.02880859375, 2704.103271484375, 786.678955078125, 912.7520141601562, 624.866943359375, 300.66729736328125, 99.72386169433594, 2.049727201461792, -101.7444076538086], [8760.35546875, -1991.0604248046875, 3527.69384765625, 4581.64208984375, 804.07080078125, 2610.87451171875, 344.43695068359375, 681.9628295898438, 319.5096435546875, 338.906982421875, -2.031097650527954, 147.96070861816406, -302.58038330078125], [262.1791687011719, 1527.2894287109375, 1592.02880859375, 804.07080078125, 1738.674072265625, 684.5585327148438, 694.5130615234375, 295.9748840332031, 497.2659912109375, 96.05068969726562, 196.1516876220703, -58.56525802612305, 186.76856994628906], [5398.65380859375, -1194.66162109375, 2704.103271484375, 2610.87451171875, 684.5585327148438, 2089.984375, 419.28387451171875, 626.713623046875, 283.04522705078125, 281.1053161621094, 76.92163848876953, 87.42568969726562, -181.4962615966797], [-32.10268020629883, 772.027587890625, 786.678955078125, 344.43695068359375, 694.5130615234375, 419.28387451171875, 771.52978515625, 226.82862854003906, 265.4796447753906, 3.69757080078125, 153.60379028320312, 32.20381164550781, 101.7013168334961], [1483.356201171875, -338.1878662109375, 912.7520141601562, 681.9628295898438, 295.9748840332031, 626.713623046875, 226.82862854003906, 435.3525695800781, 186.58599853515625, 158.934326171875, 87.29305267333984, 48.519378662109375, -34.29362869262695], [161.44696044921875, 504.6119079589844, 624.866943359375, 319.5096435546875, 497.2659912109375, 283.04522705078125, 265.4796447753906, 186.58599853515625, 375.7461242675781, 106.26847839355469, 118.29353332519531, -16.2703800201416, 63.74119186401367], [758.224853515625, -431.718994140625, 300.66729736328125, 338.906982421875, 96.05068969726562, 281.1053161621094, 3.69757080078125, 158.934326171875, 106.26847839355469, 292.69622802734375, 62.666683197021484, 24.50356674194336, -30.53719139099121], [-90.14388275146484, 282.6796569824219, 99.72386169433594, -2.031097650527954, 196.1516876220703, 76.92163848876953, 153.60379028320312, 87.29305267333984, 118.29353332519531, 62.666683197021484, 171.0894317626953, 15.741268157958984, 17.31610107421875], [338.0393371582031, -262.4063415527344, 2.049727201461792, 147.96070861816406, -58.56525802612305, 87.42568969726562, 32.20381164550781, 48.519378662109375, -16.2703800201416, 24.50356674194336, 15.741268157958984, 127.06153106689453, 4.746997833251953], [-1037.5928955078125, 467.4491882324219, -101.7444076538086, -302.58038330078125, 186.76856994628906, -181.4962615966797, 101.7013168334961, -34.29362869262695, 63.74119186401367, -30.53719139099121, 17.31610107421875, 4.746997833251953, 181.9834747314453]], "lowlevel.gfcc.icov": [[0.00017365042003802955, -0.00013235121150501072, 0.00015136397269088775, -0.0002995209360960871, 0.00011863740655826405, -0.000325485976645723, 0.0001590187312103808, -0.000276596168987453, 0.00016162273823283613, -8.912618068279698e-05, 0.00012594577856361866, -3.195119643351063e-05, 0.00024658365873619914], [-0.00013235121150501072, 0.0016848654486238956, -0.0006079527083784342, 0.0006932042306289077, -0.001166652888059616, 0.0012516813585534692, -0.0006445827311836183, 0.0013738105772063136, -0.0013040468329563737, 0.0018065457697957754, -0.0016565362457185984, 0.000975612027104944, -0.0003128975222352892], [0.00015136397269088775, -0.0006079527083784342, 0.0010033115977421403, -0.0005227823276072741, 0.0002004362759180367, -0.001243463484570384, 0.00030678603798151016, -0.0009555990109220147, 0.00024904104066081345, -0.00037577509647235274, 0.0009790257317945361, 0.00014985234884079546, 7.162525434978306e-05], [-0.0002995209360960871, 0.0006932042306289077, -0.0005227823276072741, 0.0015666877152398229, -0.0006658247439190745, -0.0001363325136480853, -0.00022144833928905427, 0.0012174000730738044, -0.0009053901303559542, 0.0006299529923126101, -0.00015999269089661539, -0.000433430599514395, 0.00017417952767573297], [0.00011863740655826405, -0.001166652888059616, 0.0002004362759180367, -0.0006658247439190745, 0.002306599635630846, -0.000860559637658298, -0.00018943907343782485, -0.0007529532304033637, 0.00021564422058872879, -0.0013016479788348079, 0.0005586368497461081, 0.000282390508800745, -0.0009378651157021523], [-0.000325485976645723, 0.0012516813585534692, -0.001243463484570384, -0.0001363325136480853, -0.000860559637658298, 0.004334506578743458, -0.001134498044848442, 3.844185630441643e-05, -0.0004514454340096563, 0.0007074123132042587, -0.0014995035016909242, 0.0005053218337707222, 0.00026089706807397306], [0.0001590187312103808, -0.0006445827311836183, 0.00030678603798151016, -0.00022144833928905427, -0.00018943907343782485, -0.001134498044848442, 0.0030344196129590273, -0.0011422618990764022, 3.8415182643802837e-05, 0.0004672181385103613, -0.0005043401033617556, -0.0011509531177580357, -0.00033944155438803136], [-0.000276596168987453, 0.0013738105772063136, -0.0009555990109220147, 0.0012174000730738044, -0.0007529532304033637, 3.844185630441643e-05, -0.0011422618990764022, 0.006850487552583218, -0.002291035605594516, 0.00012188593245809898, -0.0018861298449337482, -0.0006176257156766951, 0.000142892065923661], [0.00016162273823283613, -0.0013040468329563737, 0.00024904104066081345, -0.0009053901303559542, 0.00021564422058872879, -0.0004514454340096563, 3.8415182643802837e-05, -0.002291035605594516, 0.007003374397754669, -0.0025018115993589163, -0.0007114557083696127, 0.0007087059202603996, -0.0010433520656079054], [-8.912618068279698e-05, 0.0018065457697957754, -0.00037577509647235274, 0.0006299529923126101, -0.0013016479788348079, 0.0007074123132042587, 0.0004672181385103613, 0.00012188593245809898, -0.0025018115993589163, 0.007129776291549206, -0.0030400361865758896, 0.0006762255798093975, -0.00016364398470614105], [0.00012594577856361866, -0.0016565362457185984, 0.0009790257317945361, -0.00015999269089661539, 0.0005586368497461081, -0.0014995035016909242, -0.0005043401033617556, -0.0018861298449337482, -0.0007114557083696127, -0.0030400361865758896, 0.01116385217756033, -0.00240539968945086, 0.0018516260897740722], [-3.195119643351063e-05, 0.000975612027104944, 0.00014985234884079546, -0.000433430599514395, 0.000282390508800745, 0.0005053218337707222, -0.0011509531177580357, -0.0006176257156766951, 0.0007087059202603996, 0.0006762255798093975, -0.00240539968945086, 0.01114458404481411, -0.0027806484140455723], [0.00024658365873619914, -0.0003128975222352892, 7.162525434978306e-05, 0.00017417952767573297, -0.0009378651157021523, 0.00026089706807397306, -0.00033944155438803136, 0.000142892065923661, -0.0010433520656079054, -0.00016364398470614105, 0.0018516260897740722, -0.0027806484140455723, 0.009707966819405556]], "lowlevel.mfcc.cov": [[19803.962890625, -4998.744140625, 2506.097900390625, 3817.261474609375, 1841.2593994140625, 2682.504150390625, 1599.21923828125, 1244.270263671875, 335.8375244140625, 185.78028869628906, 633.1431884765625, 701.8937377929688, 406.3520202636719], [-4998.744140625, 4646.30908203125, -428.0357666015625, -456.9655456542969, 354.9595642089844, -222.51734924316406, 33.183712005615234, 219.8654022216797, 274.7989501953125, 199.07345581054688, -4.64857292175293, -38.68174743652344, 5.688814640045166], [2506.097900390625, -428.0357666015625, 2963.29248046875, 1561.969970703125, 1282.1932373046875, 1371.28076171875, 920.8743286132812, 779.7208251953125, 578.1549072265625, 539.2088623046875, 286.292236328125, 312.48065185546875, 238.03955078125], [3817.261474609375, -456.9655456542969, 1561.969970703125, 1993.06298828125, 1257.0755615234375, 1313.102783203125, 891.2949829101562, 715.1548461914062, 492.0944519042969, 316.8599853515625, 292.8996887207031, 282.7938537597656, 195.8139190673828], [1841.2593994140625, 354.9595642089844, 1282.1932373046875, 1257.0755615234375, 1394.2626953125, 1086.10546875, 664.5882568359375, 540.70849609375, 470.5459289550781, 441.37982177734375, 232.66163635253906, 239.09115600585938, 190.5644989013672], [2682.504150390625, -222.51734924316406, 1371.28076171875, 1313.102783203125, 1086.10546875, 1294.9703369140625, 834.7797241210938, 619.4017944335938, 449.4046325683594, 371.6854248046875, 253.21624755859375, 287.9384460449219, 200.41908264160156], [1599.21923828125, 33.183712005615234, 920.8743286132812, 891.2949829101562, 664.5882568359375, 834.7797241210938, 828.8153076171875, 564.4408569335938, 355.3415832519531, 271.0692443847656, 213.63861083984375, 222.5733642578125, 162.78656005859375], [1244.270263671875, 219.8654022216797, 779.7208251953125, 715.1548461914062, 540.70849609375, 619.4017944335938, 564.4408569335938, 618.9403076171875, 326.1797180175781, 199.45872497558594, 199.31610107421875, 179.3851776123047, 134.0303497314453], [335.8375244140625, 274.7989501953125, 578.1549072265625, 492.0944519042969, 470.5459289550781, 449.4046325683594, 355.3415832519531, 326.1797180175781, 383.8106384277344, 263.67633056640625, 129.58164978027344, 122.56401062011719, 104.96607208251953], [185.78028869628906, 199.07345581054688, 539.2088623046875, 316.8599853515625, 441.37982177734375, 371.6854248046875, 271.0692443847656, 199.45872497558594, 263.67633056640625, 401.1083068847656, 191.82765197753906, 137.31454467773438, 125.86390686035156], [633.1431884765625, -4.64857292175293, 286.292236328125, 292.8996887207031, 232.66163635253906, 253.21624755859375, 213.63861083984375, 199.31610107421875, 129.58164978027344, 191.82765197753906, 255.1803741455078, 153.9312286376953, 111.076171875], [701.8937377929688, -38.68174743652344, 312.48065185546875, 282.7938537597656, 239.09115600585938, 287.9384460449219, 222.5733642578125, 179.3851776123047, 122.56401062011719, 137.31454467773438, 153.9312286376953, 194.90367126464844, 120.9266357421875], [406.3520202636719, 5.688814640045166, 238.03955078125, 195.8139190673828, 190.5644989013672, 200.41908264160156, 162.78656005859375, 134.0303497314453, 104.96607208251953, 125.86390686035156, 111.076171875, 120.9266357421875, 153.4622344970703]], "lowlevel.mfcc.icov": [[0.00013684052100870758, 0.00011937576346099377, 6.328976451186463e-05, -0.00019268800679128617, -1.5158826499828137e-05, -0.0001415505539625883, 7.135749910958111e-05, -0.00017901290266308933, 0.00025161277153529227, 2.294716796313878e-05, -8.263102245109621e-06, -0.00014405357069335878, -6.157807092677103e-06], [0.00011937576346099377, 0.0004305951006244868, 0.00014798079791944474, 7.820691098459065e-05, -0.00043176408507861197, 0.00019802546012215316, -3.683552859001793e-05, -0.00045018221135251224, -5.0651935453061014e-05, 1.4514208487526048e-05, 6.186954124132171e-05, -8.854515181155875e-05, 9.613404836272821e-05], [6.328976451186463e-05, 0.00014798079791944474, 0.0008270474500022829, -0.00028688067686744034, -8.609654469182715e-05, -0.0003832893562503159, 0.00015668844571337104, -0.00060243223560974, 0.00022668461315333843, -0.0007108064601197839, 0.0005408532451838255, -0.00014957498933654279, 3.1869243684923276e-05], [-0.00019268800679128617, 7.820691098459065e-05, -0.00028688067686744034, 0.0025301810819655657, -0.0011997988913208246, -0.0005930367624387145, -0.0005377322668209672, 0.00016858383605722338, -0.0011825079564005136, 0.0016613623593002558, -0.001312512089498341, 0.0008094809018075466, 0.00016976422921288759], [-1.5158826499828137e-05, -0.00043176408507861197, -8.609654469182715e-05, -0.0011997988913208246, 0.003459049854427576, -0.0018879991257563233, 0.0009300520177930593, -8.101801540760789e-06, 0.00013209207099862397, -0.0017988599138334394, 0.0008488349267281592, 9.824273001868278e-05, -0.00039531898801214993], [-0.0001415505539625883, 0.00019802546012215316, -0.0003832893562503159, -0.0005930367624387145, -0.0018879991257563233, 0.00555841252207756, -0.0024022285360842943, 9.171472629532218e-05, -0.0004438712785486132, -0.0002134374517481774, 0.0008313512080349028, -0.0017840155633166432, 0.0005547587643377483], [7.135749910958111e-05, -3.683552859001793e-05, 0.00015668844571337104, -0.0005377322668209672, 0.0009300520177930593, -0.0024022285360842943, 0.005243272986263037, -0.002648285124450922, 0.00021517969435080886, -0.0009303015540353954, 0.000581664324272424, -0.0006072426913306117, -0.00033772471942938864], [-0.00017901290266308933, -0.00045018221135251224, -0.00060243223560974, 0.00016858383605722338, -8.101801540760789e-06, 9.171472629532218e-05, -0.002648285124450922, 0.006570691708475351, -0.003035290166735649, 0.0026496704667806625, -0.0026766089722514153, 0.0005414976621977985, -0.0004155995266046375], [0.00025161277153529227, -5.0651935453061014e-05, 0.00022668461315333843, -0.0011825079564005136, 0.00013209207099862397, -0.0004438712785486132, 0.00021517969435080886, -0.003035290166735649, 0.008923390880227089, -0.004524221643805504, 0.002364879008382559, -0.0006538089364767075, -0.00025816509150899947], [2.294716796313878e-05, 1.4514208487526048e-05, -0.0007108064601197839, 0.0016613623593002558, -0.0017988599138334394, -0.0002134374517481774, -0.0009303015540353954, 0.0026496704667806625, -0.004524221643805504, 0.009143611416220665, -0.005341930780559778, 0.0013400443131104112, -0.0014876076020300388], [-8.263102245109621e-06, 6.186954124132171e-05, 0.0005408532451838255, -0.001312512089498341, 0.0008488349267281592, 0.0008313512080349028, 0.000581664324272424, -0.0026766089722514153, 0.002364879008382559, -0.005341930780559778, 0.011356632225215435, -0.005809444468468428, -0.00044217819231562316], [-0.00014405357069335878, -8.854515181155875e-05, -0.00014957498933654279, 0.0008094809018075466, 9.824273001868278e-05, -0.0017840155633166432, -0.0006072426913306117, 0.0005414976621977985, -0.0006538089364767075, 0.0013400443131104112, -0.005809444468468428, 0.015731370076537132, -0.006880167406052351], [-6.157807092677103e-06, 9.613404836272821e-05, 3.1869243684923276e-05, 0.00016976422921288759, -0.00039531898801214993, 0.0005547587643377483, -0.00033772471942938864, -0.0004155995266046375, -0.00025816509150899947, -0.0014876076020300388, -0.00044217819231562316, -0.006880167406052351, 0.013888773508369923]], "metadata.audio_properties.analysis.downmix": "mix", "metadata.audio_properties.codec": "mp3", "metadata.audio_properties.md5_encoded": "855db9aaa61d2a7ae597cf3096fc3b9c", "metadata.tags.file_name": "1182272490777616444.mp3", "metadata.version.essentia": "2.1-beta6-dev", "metadata.version.essentia_git_sha": "v2.1_beta5-1110-g77a6a954", "metadata.version.extractor": "music 2.0", "tonal.chords_key": "D", "tonal.cho