{"song_id": "1182268947937112114", "download": "https://cdn.discordapp.com/attachments/1128313332273782784/1182268947937112114/chirp.mp4?ex=658414c2&amp", "lyrics": "(Verse 1)\nIn the halls of healing, where courage takes flight,\nMuskan walks with purpose, in the neon-lit night.\nBSc Nursing, the path she's chosen,\nA brave soul, in a world that's frozen.\n\nFrom stethoscopes to scrubs, in the ER's glow,\nNajra Anwary shines, letting her strength show.\nPatient whispers, heartbeat rhythms in sync,\nShe's the remedy when life's on the brink.\n\n(Chorus)\nMuskan, the nickname that echoes the halls,\nA melody of courage, as the night-time calls.\nBrave girl in the chaos, where angels tread,\nNajra Anwary, stitching dreams, not thread.\n\n(Verse 2)\nA symphony of healing, a rap of the heart,\nIn the corridors of challenge, she plays her part.\nScience and compassion, a potent blend,\nShe's a nurse, a hero, on whom we depend.", "style": ["rap"], "essentia_features": {"lowlevel.average_loudness": 0.9100067615509033, "lowlevel.barkbands_crest.mean": 12.194608688354492, "lowlevel.barkbands_crest.stdev": 5.263565540313721, "lowlevel.barkbands_flatness_db.mean": 0.1822449266910553, "lowlevel.barkbands_flatness_db.stdev": 0.05794953182339668, "lowlevel.barkbands_kurtosis.mean": 7.4895124435424805, "lowlevel.barkbands_kurtosis.stdev": 15.340194702148438, "lowlevel.barkbands_skewness.mean": 1.8173243999481201, "lowlevel.barkbands_skewness.stdev": 1.7443946599960327, "lowlevel.barkbands_spread.mean": 20.496145248413086, "lowlevel.barkbands_spread.stdev": 20.14349365234375, "lowlevel.dissonance.mean": 0.4453487694263458, "lowlevel.dissonance.stdev": 0.0413760207593441, "lowlevel.dynamic_complexity": 4.076799392700195, "lowlevel.erbbands_crest.mean": 10.08008861541748, "lowlevel.erbbands_crest.stdev": 4.238072395324707, "lowlevel.erbbands_flatness_db.mean": 0.17941376566886902, "lowlevel.erbbands_flatness_db.stdev": 0.07446614652872086, "lowlevel.erbbands_kurtosis.mean": 1.3133604526519775, "lowlevel.erbbands_kurtosis.stdev": 3.8495874404907227, "lowlevel.erbbands_skewness.mean": 0.2510482966899872, "lowlevel.erbbands_skewness.stdev": 0.9274521470069885, "lowlevel.erbbands_spread.mean": 33.577144622802734, "lowlevel.erbbands_spread.stdev": 22.310243606567383, "lowlevel.hfc.mean": 20.13601303100586, "lowlevel.hfc.stdev": 21.945371627807617, "lowlevel.loudness_ebu128.integrated": -20.684598922729492, "lowlevel.loudness_ebu128.loudness_range": 10.082435607910156, "lowlevel.loudness_ebu128.momentary.mean": -22.555635452270508, "lowlevel.loudness_ebu128.momentary.stdev": 4.533503532409668, "lowlevel.loudness_ebu128.short_term.mean": -22.05445098876953, "lowlevel.loudness_ebu128.short_term.stdev": 3.9782276153564453, "lowlevel.melbands_crest.mean": 18.42101287841797, "lowlevel.melbands_crest.stdev": 8.145745277404785, "lowlevel.melbands_flatness_db.mean": 0.2495519369840622, "lowlevel.melbands_flatness_db.stdev": 0.07514283061027527, "lowlevel.melbands_kurtosis.mean": 20.65668296813965, "lowlevel.melbands_kurtosis.stdev": 37.664405822753906, "lowlevel.melbands_skewness.mean": 2.980039596557617, "lowlevel.melbands_skewness.stdev": 2.5147933959960938, "lowlevel.melbands_spread.mean": 20.15442657470703, "lowlevel.melbands_spread.stdev": 21.851314544677734, "lowlevel.pitch_salience.mean": 0.480219304561615, "lowlevel.pitch_salience.stdev": 0.14946533739566803, "lowlevel.silence_rate_20dB.mean": 0.9994206428527832, "lowlevel.silence_rate_20dB.stdev": 0.024063516408205032, "lowlevel.silence_rate_30dB.mean": 0.9275782108306885, "lowlevel.silence_rate_30dB.stdev": 0.25918349623680115, "lowlevel.silence_rate_60dB.mean": 0.14947856962680817, "lowlevel.silence_rate_60dB.stdev": 0.3565545380115509, "lowlevel.spectral_centroid.mean": 1225.4969482421875, "lowlevel.spectral_centroid.stdev": 834.8541259765625, "lowlevel.spectral_complexity.mean": 13.247392654418945, "lowlevel.spectral_complexity.stdev": 7.783851623535156, "lowlevel.spectral_decrease.mean": -9.6340642130599e-09, "lowlevel.spectral_decrease.stdev": 1.2826669504306665e-08, "lowlevel.spectral_energy.mean": 0.038187600672245026, "lowlevel.spectral_energy.stdev": 0.04947863891720772, "lowlevel.spectral_energyband_high.mean": 0.0008258097805082798, "lowlevel.spectral_energyband_high.stdev": 0.0017171973595395684, "lowlevel.spectral_energyband_low.mean": 0.02245940826833248, "lowlevel.spectral_energyband_low.stdev": 0.04186317324638367, "lowlevel.spectral_energyband_middle_high.mean": 0.005000571254640818, "lowlevel.spectral_energyband_middle_high.stdev": 0.007593064568936825, "lowlevel.spectral_energyband_middle_low.mean": 0.0114281689748168, "lowlevel.spectral_energyband_middle_low.stdev": 0.014355657622218132, "lowlevel.spectral_entropy.mean": 7.399876117706299, "lowlevel.spectral_entropy.stdev": 0.6011063456535339, "lowlevel.spectral_flux.mean": 0.09368180483579636, "lowlevel.spectral_flux.stdev": 0.08759115636348724, "lowlevel.spectral_kurtosis.mean": 7.424037933349609, "lowlevel.spectral_kurtosis.stdev": 6.396000385284424, "lowlevel.spectral_rms.mean": 0.00517135439440608, "lowlevel.spectral_rms.stdev": 0.0032424284145236015, "lowlevel.spectral_rolloff.mean": 1463.32275390625, "lowlevel.spectral_rolloff.stdev": 2205.44140625, "lowlevel.spectral_skewness.mean": 1.9534916877746582, "lowlevel.spectral_skewness.stdev": 0.737261950969696, "lowlevel.spectral_spread.mean": 4721396.5, "lowlevel.spectral_spread.stdev": 2567999.75, "lowlevel.spectral_strongpeak.mean": 0.6631022095680237, "lowlevel.spectral_strongpeak.stdev": 0.8177397847175598, "lowlevel.zerocrossingrate.mean": 0.05617695674300194, "lowlevel.zerocrossingrate.stdev": 0.055867601186037064, "metadata.audio_properties.analysis.equal_loudness": 0.0, "metadata.audio_properties.analysis.length": 40.04265213012695, "metadata.audio_properties.analysis.sample_rate": 44100.0, "metadata.audio_properties.analysis.start_time": 0.0, "metadata.audio_properties.bit_rate": 115344.0, "metadata.audio_properties.length": 40.042667388916016, "metadata.audio_properties.lossless": 0.0, "metadata.audio_properties.number_channels": 1.0, "metadata.audio_properties.replay_gain": -5.939691543579102, "metadata.audio_properties.sample_rate": 48000.0, "rhythm.beats_count": 56.0, "rhythm.beats_loudness.mean": 0.05917612835764885, "rhythm.beats_loudness.stdev": 0.04027283191680908, "rhythm.bpm": 84.90631866455078, "rhythm.bpm_histogram_first_peak_bpm": 85.0, "rhythm.bpm_histogram_first_peak_weight": 0.12727272510528564, "rhythm.bpm_histogram_second_peak_bpm": 0.0, "rhythm.bpm_histogram_second_peak_spread": 0.0, "rhythm.bpm_histogram_second_peak_weight": 0.0, "rhythm.danceability": 1.2463868856430054, "rhythm.onset_rate": 4.693614482879639, "tonal.chords_changes_rate": 0.04050925746560097, "tonal.chords_number_rate": 0.009259259328246117, "tonal.chords_strength.mean": 0.5574824213981628, "tonal.chords_strength.stdev": 0.08183186501264572, "tonal.hpcp_crest.mean": 13.591412544250488, "tonal.hpcp_crest.stdev": 5.956475734710693, "tonal.hpcp_entropy.mean": 1.9118423461914062, "tonal.hpcp_entropy.stdev": 0.6301066875457764, "tonal.key_edma.strength": 0.6208810806274414, "tonal.key_krumhansl.strength": 0.6365494132041931, "tonal.key_temperley.strength": 0.6584543585777283, "tonal.tuning_diatonic_strength": 0.611711323261261, "tonal.tuning_equal_tempered_deviation": 0.24330340325832367, "tonal.tuning_frequency": 434.193115234375, "tonal.tuning_nontempered_energy_ratio": 0.9647728800773621, "lowlevel.barkbands.mean": [0.0014067149022594094, 0.017296921461820602, 0.002423969330266118, 0.002849430311471224, 0.0015708893770352006, 0.0021010006312280893, 0.0016432029660791159, 0.0015413815854117274, 0.0013246817979961634, 0.000924189924262464, 0.0005754496669396758, 0.0008154045790433884, 0.0006981018232181668, 0.0006344070425257087, 0.0005041021504439414, 0.00035687224590219557, 0.00042218907037749887, 8.289036486530676e-05, 0.0001318502618232742, 0.00010458506585564464, 9.713899635244161e-05, 0.00012536108260974288, 0.00016277893155347556, 0.00011960846313741058, 0.00014564044249709696, 0.00012799793330486864, 8.60227657994983e-07], "lowlevel.barkbands.stdev": [0.002011630218476057, 0.03365088626742363, 0.008730289526283741, 0.005475881975144148, 0.004008917603641748, 0.00410206476226449, 0.0039103371091187, 0.004086526110768318, 0.004162783268839121, 0.0026313350535929203, 0.0015738749643787742, 0.002804948017001152, 0.0021317291539162397, 0.001979283755645156, 0.0015440102433785796, 0.0011179207358509302, 0.0009014498791657388, 0.0002053607749985531, 0.00040307140443474054, 0.0002667068038135767, 0.0002485422301106155, 0.00037646887358278036, 0.0004014084697701037, 0.0002713603025767952, 0.0003499658196233213, 0.0004004315414931625, 4.529827947408194e-06], "lowlevel.erbbands.mean": [0.7216057181358337, 2.919846534729004, 3.5894837379455566, 6.15289831161499, 8.360879898071289, 3.7512316703796387, 10.541726112365723, 18.04875373840332, 16.032485961914062, 39.569881439208984, 28.344440460205078, 32.497962951660156, 30.20134925842285, 25.243247985839844, 26.457590103149414, 34.51324462890625, 32.71177673339844, 33.76423263549805, 28.08200454711914, 24.169509887695312, 21.747650146484375, 23.098716735839844, 5.852581024169922, 5.632272720336914, 6.851633071899414, 4.766473293304443, 3.8396358489990234, 4.037430763244629, 4.489078521728516, 4.607438087463379, 4.46409797668457, 2.560068130493164, 2.1314494609832764, 1.5058568716049194, 1.0695310831069946, 0.6789137721061707, 0.2210988700389862, 0.021085616201162338, 0.00042452311026863754, 6.263866816880181e-05], "lowlevel.erbbands.stdev": [1.0056003332138062, 7.978805065155029, 13.59164047241211, 11.333197593688965, 18.74972152709961, 10.30129337310791, 20.810197830200195, 42.993770599365234, 35.07459259033203, 95.77454376220703, 65.62507629394531, 108.89118957519531, 61.50931930541992, 93.4557113647461, 70.4180679321289, 116.36917877197266, 95.61088562011719, 94.79976654052734, 81.0912857055664, 71.48638153076172, 55.7863883972168, 51.50782012939453, 12.418182373046875, 18.789291381835938, 17.95793342590332, 12.108092308044434, 9.124388694763184, 11.714926719665527, 14.002223014831543, 12.398160934448242, 11.005151748657227, 5.914769172668457, 5.093140125274658, 3.441164970397949, 2.839986801147461, 2.142218589782715, 0.705326497554779, 0.06573408842086792, 0.001246160943992436, 7.933888264233246e-05], "lowlevel.gfcc.mean": [-37.64860153198242, 102.68120574951172, -112.3233642578125, 18.206783294677734, -52.47501754760742, 18.999990463256836, -33.25386047363281, 16.78987693786621, -15.203258514404297, 5.404560089111328, -14.018705368041992, 1.143533706665039, -10.153547286987305], "lowlevel.melbands.mean": [0.005442136432975531, 0.0024719831999391317, 0.0011642194585874677, 0.00040316389640793204, 0.00031696606311015785, 0.00039517960976809263, 0.0002737367758527398, 0.000424711819505319, 0.00021944618492852896, 0.00020158005645498633, 0.00014648857177235186, 0.00010050630226032808, 8.201612217817456e-05, 8.899943350115791e-05, 8.125613385345787e-05, 7.01312892488204e-05, 6.302182737272233e-05, 4.6465167542919517e-05, 3.6646611988544464e-05, 2.6754029022413306e-05, 2.5532302970532328e-05, 2.861461507563945e-05, 7.772958269924857e-06, 3.650736289273482e-06, 4.521072696661577e-06, 5.192723165237112e-06, 4.5044148464512546e-06, 2.8287997793086106e-06, 2.366838089074008e-06, 2.35845413953939e-06, 2.331125187993166e-06, 2.5951444513339084e-06, 2.3488209990318865e-06, 2.694650447665481e-06, 2.6142668048123596e-06, 2.120580120390514e-06, 1.4286699752119603e-06, 1.5486078837056994e-06, 1.3918811418989208e-06, 1.2076568509655772e-06], "lowlevel.melbands.stdev": [0.008819120936095715, 0.008071407675743103, 0.0020935682114213705, 0.0009988677920773625, 0.0006083553889766335, 0.0008730764384381473, 0.0006141147459857166, 0.0010413608979433775, 0.0005283367936499417, 0.0006914339610375464, 0.00030701953801326454, 0.0003990276891272515, 0.0002136680850526318, 0.0003080585738644004, 0.00026048271683976054, 0.00022487410751637071, 0.00019148796855006367, 0.00014459874364547431, 0.0001207385867019184, 8.710438123671338e-05, 6.399715493898839e-05, 6.517295696539804e-05, 1.6382049579988234e-05, 9.823928849073127e-06, 1.6611453247605823e-05, 1.5281517335097305e-05, 1.1902969163202215e-05, 7.415658274112502e-06, 5.948385478404816e-06, 6.147142812551465e-06, 7.163195732573513e-06, 8.702215382072609e-06, 6.525333901663544e-06, 7.564368843304692e-06, 6.507155376311857e-06, 5.5729301493556704e-06, 3.289212145318743e-06, 3.845366791210836e-06, 3.2710843242966803e-06, 2.8455949632189004e-06], "lowlevel.melbands128.mean": [0.0013539813226088881, 0.006555778905749321, 0.006693930830806494, 0.004288238938897848, 0.0022327471524477005, 0.0010040077613666654, 0.0012060487642884254, 0.0014479522360488772, 0.0008357870974577963, 0.00029726600041612983, 0.00014453324547503144, 0.00017031653260346502, 0.00034705703728832304, 0.0005210566450841725, 0.0004865514056291431, 0.0002886806905735284, 0.0001709436473902315, 0.0002499239635653794, 0.0004082319501321763, 0.0005324787343852222, 0.00039673614082857966, 0.0002202278992626816, 0.000205692122108303, 0.00019099922792520374, 0.0002333694283151999, 0.00019597026403062046, 0.00015137079753912985, 0.00017520165420137346, 9.464395407121629e-05, 0.00011963146243942901, 9.730870078783482e-05, 7.34610584913753e-05, 7.867846579756588e-05, 9.48002198128961e-05, 7.781397289363667e-05, 8.64206303958781e-05, 0.00010799321898957714, 8.359084313269705e-05, 6.228109850781038e-05, 7.191332406364381e-05, 7.908973202574998e-05, 5.6995617342181504e-05, 5.416486237663776e-05, 8.019849337870255e-05, 5.108383993501775e-05, 3.7452755350386724e-05, 4.447903484106064e-05, 3.3937358239199966e-05, 3.677979111671448e-05, 3.3394757338101044e-05, 2.232562292192597e-05, 2.417423456790857e-05, 2.3072356270859018e-05, 2.5459827156737447e-05, 3.2879499485716224e-05, 3.6137982533546165e-05, 1.8656381143955514e-05, 8.020173481781967e-06, 5.001701538276393e-06, 3.855707291222643e-06, 3.649239033620688e-06, 3.058140919165453e-06, 4.381251983431866e-06, 5.069303369964473e-06, 4.683473889599554e-06, 5.535843229154125e-06, 5.112060989631573e-06, 4.944898591929814e-06, 4.825342330150306e-06, 3.291998382337624e-06, 2.610185674711829e-06, 2.8083873075956944e-06, 2.4051118998613674e-06, 2.3729983240627917e-06, 2.113617938448442e-06, 2.347798272239743e-06, 2.631330517033348e-06, 2.069817810479435e-06, 2.295994136147783e-06, 2.478618625900708e-06, 2.7282280825602356e-06, 2.6389375307189766e-06, 2.3317718387261266e-06, 2.332763187951059e-06, 2.2883307337906444e-06, 2.634380280142068e-06, 2.8565939373947913e-06, 2.7615476483333623e-06, 2.3971158498170553e-06, 2.6785403406393016e-06, 2.8771701181540266e-06, 1.8391555158814299e-06, 1.1001532129739644e-06, 1.3658576563102542e-06, 1.629193093322101e-06, 1.7008161421472323e-06, 1.5167104265856324e-06, 1.2935388440382667e-06, 1.499492441325856e-06, 1.4045838270249078e-06, 1.2567526255224948e-06, 1.375916212964512e-06, 7.706563565079705e-07, 1.1280902754151612e-06, 9.952469781637774e-07, 1.5890103668425581e-06, 1.3923669257565052e-06, 1.0536059562582523e-06, 1.3262566653793328e-06, 1.1726804132194957e-06, 9.016008561957278e-07, 8.800132036412833e-07, 6.475062264144071e-07, 5.898859285480285e-07, 4.1376063109055394e-07, 2.026198870908047e-07, 3.772893819586898e-08, 1.5631800021065345e-10, 1.1481735701091011e-11, 1.1158999939364644e-11, 1.172390916986954e-11, 7.260698986488734e-12, 5.605766718874694e-12, 5.490718123224436e-12, 5.289065626440381e-12, 5.015268148694796e-12, 4.857665918817089e-12, 4.813533686226501e-12], "lowlevel.melbands128.stdev": [0.0019310759380459785, 0.00871867872774601, 0.012537958100438118, 0.014431314542889595, 0.009481444023549557, 0.0032193725928664207, 0.002371289301663637, 0.0028982083313167095, 0.0021836254745721817, 0.0010784221813082695, 0.0005385379772633314, 0.0005050866166129708, 0.0008641235181130469, 0.0011059129610657692, 0.0013847569935023785, 0.0009127885568886995, 0.00048311136197298765, 0.0007931191357783973, 0.0012436260003596544, 0.0015058073913678527, 0.0013831185642629862, 0.0007381465402431786, 0.0006331316544674337, 0.0007926214020699263, 0.0010370592353865504, 0.0009364458965137601, 0.0004660573904402554, 0.00036838784581050277, 0.0004059931088704616, 0.0006468446808867157, 0.000496535561978817, 0.0002855992643162608, 0.0002324413217138499, 0.000326130393659696, 0.00037999014602974057, 0.0004006820672657341, 0.0005301289493218064, 0.0003411893267184496, 0.00024383110576309264, 0.0002968356420751661, 0.0003316377114970237, 0.0002373346796957776, 0.0001839524193201214, 0.00032375912996940315, 0.00023587513715028763, 0.0001392330159433186, 0.00018026711768470705, 0.00016302368021570146, 0.00014376208127941936, 0.00011896603973582387, 9.637537732487544e-05, 9.185746603179723e-05, 7.96825042925775e-05, 6.430914072552696e-05, 8.30624412628822e-05, 0.00010071614815387875, 5.4393280151998624e-05, 1.782940307748504e-05, 1.1892216207343154e-05, 1.2129657989135012e-05, 1.1667527360259555e-05, 8.627576789876912e-06, 1.4526021914207377e-05, 2.480759758327622e-05, 1.77839319803752e-05, 1.8446069589117542e-05, 1.573734698467888e-05, 1.405297462042654e-05, 1.4428143003897276e-05, 1.0302574992238078e-05, 8.252019142673817e-06, 7.53221866034437e-06, 6.90078422849183e-06, 6.762206339772092e-06, 5.285215138428612e-06, 6.12087524132221e-06, 8.061953849392012e-06, 7.011665275058476e-06, 7.329140316869598e-06, 9.172741556540132e-06, 9.51465881371405e-06, 9.996251719712745e-06, 7.157723757700296e-06, 6.765631496818969e-06, 6.6787542891688645e-06, 8.266457371064462e-06, 9.232539923687e-06, 7.3162163971574046e-06, 6.654659046034794e-06, 7.404010375466896e-06, 8.620613698440138e-06, 5.063963726570364e-06, 2.9635775717906654e-06, 3.5407033465162385e-06, 4.041881311422912e-06, 4.210631686873967e-06, 4.3783438741229475e-06, 3.626697662184597e-06, 3.712878424266819e-06, 3.6413835005078e-06, 3.1906254207569873e-06, 3.5881334952136967e-06, 2.002444716708851e-06, 3.0984410841483623e-06, 2.7866051368619082e-06, 5.379167305363808e-06, 4.380496648082044e-06, 3.2062393984233495e-06, 4.663283107220195e-06, 4.3008067223127e-06, 3.221010729248519e-06, 3.22099322147551e-06, 2.2034641915524844e-06, 2.0249174212949583e-06, 1.3148154494047049e-06, 8.013359433789446e-07, 1.8273215118824737e-07, 1.4698020578407522e-09, 1.6480034004118238e-10, 1.7491069703723383e-10, 1.9471325940489947e-10, 5.6313839008614863e-11, 1.1584039283363268e-11, 1.1390358274632195e-11, 1.1221555802631844e-11, 1.1090274532055133e-11, 1.0992788276875665e-11, 1.0933837168991545e-11], "lowlevel.mfcc.mean": [-684.7250366210938, 139.16073608398438, 0.565827488899231, 10.3380708694458, 5.559719562530518, 3.687825918197632, -0.9409470558166504, 7.603354454040527, 4.816071510314941, 6.569095611572266, 1.746430516242981, 3.957629680633545, 5.95907735824585], "lowlevel.spectral_contrast_coeffs.mean": [-0.7249929904937744, -0.7209711670875549, -0.7387129664421082, -0.7835209369659424, -0.7858234643936157, -0.7748757600784302], "lowlevel.spectral_contrast_coeffs.stdev": [0.07953011244535446, 0.08087373524904251, 0.06443043053150177, 0.06084176152944565, 0.04891077056527138, 0.04873187839984894], "lowlevel.spectral_contrast_valleys.mean": [-7.084686756134033, -7.0769267082214355, -7.655334949493408, -7.970727443695068, -8.260679244995117, -10.950606346130371], "lowlevel.spectral_contrast_valleys.stdev": [1.235686182975769, 0.8651531338691711, 0.8632361888885498, 0.8756654858589172, 0.9410793781280518, 1.8037514686584473], "rhythm.beats_loudness_band_ratio.mean": [0.5546950101852417, 0.15419583022594452, 0.17845503985881805, 0.10707835853099823, 0.048468105494976044, 0.03416086360812187], "rhythm.beats_loudness_band_ratio.stdev": [0.2797314524650574, 0.14312802255153656, 0.18460623919963837, 0.11444852501153946, 0.05586427450180054, 0.03578592836856842], "tonal.hpcp.mean": [0.23188239336013794, 0.22785723209381104, 0.06326919794082642, 0.026230517774820328, 0.027848806232213974, 0.03950168564915657, 0.13026370108127594, 0.14425145089626312, 0.05836376175284386, 0.08775060623884201, 0.09519219398498535, 0.046942394226789474, 0.03653804585337639, 0.03304021805524826, 0.03777005895972252, 0.1480899155139923, 0.19537313282489777, 0.10021138936281204, 0.06260985136032104, 0.07087235152721405, 0.08230947703123093, 0.17316989600658417, 0.23460985720157623, 0.15054471790790558, 0.08961949497461319, 0.07700201123952866, 0.058237336575984955, 0.0789935290813446, 0.10162606090307236, 0.13240879774093628, 0.3164180517196655, 0.3202788531780243, 0.10899399220943451, 0.041993651539087296, 0.04290643706917763, 0.07469233125448227], "tonal.hpcp.stdev": [0.35276490449905396, 0.3429815471172333, 0.13694022595882416, 0.08710474520921707, 0.0896688848733902, 0.1047428548336029, 0.22749997675418854, 0.2540915906429291, 0.11278086155653, 0.19937485456466675, 0.21333958208560944, 0.12121767550706863, 0.12590275704860687, 0.11092495173215866, 0.11403333395719528, 0.23985490202903748, 0.29576626420021057, 0.1776726096868515, 0.14893615245819092, 0.17941464483737946, 0.19586686789989471, 0.27792346477508545, 0.3562872111797333, 0.25915923714637756, 0.20326896011829376, 0.20042160153388977, 0.17196407914161682, 0.16796423494815826, 0.19864054024219513, 0.24110731482505798, 0.3641927242279053, 0.36410385370254517, 0.18574875593185425, 0.13513119518756866, 0.15536510944366455, 0.17843687534332275], "rhythm.beats_position": [0.7198185920715332, 1.4396371841430664, 2.1594557762145996, 2.879274368286133, 3.5874829292297363, 4.3073015213012695, 5.015510082244873, 5.712108612060547, 6.42031717300415, 7.128525733947754, 7.836734771728516, 8.544942855834961, 9.241541862487793, 9.938140869140625, 10.64634895324707, 11.354557991027832, 12.051156044006348, 12.75936508178711, 13.467573165893555, 14.187392234802246, 14.883990287780762, 15.592199325561523, 16.30040740966797, 16.997007369995117, 17.705215454101562, 18.413423538208008, 19.121631622314453, 19.82984161376953, 20.526439666748047, 21.234647750854492, 21.942855834960938, 22.651065826416016, 23.35927391052246, 24.055871963500977, 24.752471923828125, 25.4722900390625, 26.168888092041016, 26.87709617614746, 27.58530616760254, 28.293514251708984, 29.00172233581543, 29.709932327270508, 30.406530380249023, 31.11473846435547, 31.822946548461914, 32.53115463256836, 33.227752685546875, 33.93596267700195, 34.64417266845703, 35.352378845214844, 36.06058883666992, 36.75718688964844, 37.465396881103516, 38.17360305786133, 38.87020492553711, 39.590023040771484], "rhythm.bpm_histogram": [0.0, 0.0, 0.0, 0.0, 0.0, 0.0, 0.0, 0.0, 0.0, 0.0, 0.0, 0.0, 0.0, 0.0, 0.0, 0.0, 0.0, 0.0, 0.0, 0.0, 0.0, 0.0, 0.0, 0.0, 0.0, 0.0, 0.0, 0.0, 0.0, 0.0, 0.0, 0.0, 0.0, 0.0, 0.0, 0.0, 0.0, 0.0, 0.0, 0.0, 0.0, 0.0, 0.0, 0.0, 0.0, 0.0, 0.0, 0.0, 0.0, 0.0, 0.0, 0.0, 0.0, 0.0, 0.0, 0.0, 0.0, 0.0, 0.0, 0.0, 0.0, 0.0, 0.0, 0.0, 0.0, 0.0, 0.0, 0.0, 0.0, 0.0, 0.0, 0.0, 0.0, 0.0, 0.0, 0.0, 0.0, 0.0, 0.0, 0.0, 0.0, 0.0, 0.0, 0.12727272510528564, 0.0, 0.6181818246841431, 0.2545454502105713, 0.0, 0.0, 0.0, 0.0, 0.0, 0.0, 0.0, 0.0, 0.0, 0.0, 0.0, 0.0, 0.0, 0.0, 0.0, 0.0, 0.0, 0.0, 0.0, 0.0, 0.0, 0.0, 0.0, 0.0, 0.0, 0.0, 0.0, 0.0, 0.0, 0.0, 0.0, 0.0, 0.0, 0.0, 0.0, 0.0, 0.0, 0.0, 0.0, 0.0, 0.0, 0.0, 0.0, 0.0, 0.0, 0.0, 0.0, 0.0, 0.0, 0.0, 0.0, 0.0, 0.0, 0.0, 0.0, 0.0, 0.0, 0.0, 0.0, 0.0, 0.0, 0.0, 0.0, 0.0, 0.0, 0.0, 0.0, 0.0, 0.0, 0.0, 0.0, 0.0, 0.0, 0.0, 0.0, 0.0, 0.0, 0.0, 0.0, 0.0, 0.0, 0.0, 0.0, 0.0, 0.0, 0.0, 0.0, 0.0, 0.0, 0.0, 0.0, 0.0, 0.0, 0.0, 0.0, 0.0, 0.0, 0.0, 0.0, 0.0, 0.0, 0.0, 0.0, 0.0, 0.0, 0.0, 0.0, 0.0, 0.0, 0.0, 0.0, 0.0, 0.0, 0.0, 0.0, 0.0, 0.0, 0.0, 0.0, 0.0, 0.0, 0.0, 0.0, 0.0, 0.0, 0.0, 0.0, 0.0, 0.0, 0.0, 0.0, 0.0, 0.0, 0.0, 0.0, 0.0, 0.0, 0.0, 0.0, 0.0, 0.0, 0.0, 0.0, 0.0, 0.0, 0.0, 0.0, 0.0, 0.0, 0.0, 0.0, 0.0, 0.0, 0.0, 0.0, 0.0, 0.0, 0.0, 0.0, 0.0, 0.0, 0.0, 0.0], "tonal.chords_histogram": [35.64814758300781, 0.0, 1.2731481790542603, 0.0, 0.0, 0.0, 0.0, 0.0, 0.0, 0.0, 0.0, 0.0, 0.0, 0.0, 0.0, 0.11574073880910873, 0.0, 6.828703880310059, 0.0, 1.0416666269302368, 4.398148059844971, 20.13888931274414, 18.05555534362793, 12.5], "tonal.thpcp": [1.0, 0.34030967950820923, 0.1311158984899521, 0.1339658796787262, 0.23321031033992767, 0.7240015864372253, 0.7114338874816895, 0.19754409790039062, 0.0818990021944046, 0.08695174753665924, 0.12333529442548752, 0.4067196547985077, 0.45039328932762146, 0.1822279542684555, 0.27398189902305603, 0.29721659421920776, 0.14656725525856018, 0.1140819787979126, 0.1031607836484909, 0.11792866885662079, 0.46237805485725403, 0.610009491443634, 0.31288793683052063, 0.1954854428768158, 0.22128327190876007, 0.2569931745529175, 0.5406847596168518, 0.7325174808502197, 0.4700426459312439, 0.2798170745372772, 0.24042177200317383, 0.18183322250843048, 0.24663984775543213, 0.31730493903160095, 0.4134172201156616, 0.9879454970359802], "lowlevel.gfcc.cov": [[9604.8583984375, -2878.30029296875, 3081.99560546875, 992.013916015625, 129.928466796875, 1601.2298583984375, -457.68505859375, 1014.62646484375, -264.23150634765625, 921.3939819335938, -444.57086181640625, 722.582763671875, -303.688720703125], [-2878.30029296875, 3507.537353515625, -1465.243896484375, -635.3690795898438, 314.4831237792969, -937.5064697265625, 117.57549285888672, -683.4771118164062, 191.5777587890625, -670.3959350585938, 268.728759765625, -480.2460632324219, 247.51490783691406], [3081.99560546875, -1465.243896484375, 2276.2841796875, 552.2176513671875, 176.7855987548828, 935.177001953125, -23.133594512939453, 615.4976806640625, -140.36509704589844, 441.6181945800781, -251.46035766601562, 423.402099609375, -104.60258483886719], [992.013916015625, -635.3690795898438, 552.2176513671875, 601.0758056640625, 128.96307373046875, 206.88218688964844, 8.332515716552734, 176.48507690429688, 2.669586420059204, 112.63858032226562, -79.28085327148438, 130.0561981201172, 13.712950706481934], [129.928466796875, 314.4831237792969, 176.7855987548828, 128.96307373046875, 366.1414489746094, 102.94692993164062, 8.19986343383789, 16.962017059326172, 75.39637756347656, 15.452932357788086, -1.081061601638794, 5.576005935668945, 54.833683013916016], [1601.2298583984375, -937.5064697265625, 935.177001953125, 206.88218688964844, 102.94692993164062, 704.8924560546875, 55.776268005371094, 340.3913269042969, -44.63523864746094, 306.5921325683594, -93.54817962646484, 180.2795867919922, -79.66524505615234], [-457.68505859375, 117.57549285888672, -23.133594512939453, 8.332515716552734, 8.19986343383789, 55.776268005371094, 350.7315368652344, 45.25879669189453, 31.670095443725586, -43.6063346862793, 33.32335662841797, -32.06904983520508, 14.928787231445312], [1014.62646484375, -683.4771118164062, 615.4976806640625, 176.48507690429688, 16.962017059326172, 340.3913269042969, 45.25879669189453, 378.67572021484375, 12.838616371154785, 172.12547302246094, -92.18352508544922, 138.06826782226562, -30.13876724243164], [-264.23150634765625, 191.5777587890625, -140.36509704589844, 2.669586420059204, 75.39637756347656, -44.63523864746094, 31.670095443725586, 12.838616371154785, 156.8705291748047, 10.705491065979004, 37.568416595458984, -44.24985885620117, 42.352821350097656], [921.3939819335938, -670.3959350585938, 441.6181945800781, 112.63858032226562, 15.452932357788086, 306.5921325683594, -43.6063346862793, 172.12547302246094, 10.705491065979004, 284.4911193847656, -2.2270591259002686, 112.29673767089844, -64.84709930419922], [-444.57086181640625, 268.728759765625, -251.46035766601562, -79.28085327148438, -1.081061601638794, -93.54817962646484, 33.32335662841797, -92.18352508544922, 37.568416595458984, -2.2270591259002686, 158.60325622558594, -11.552083015441895, 30.27412986755371], [722.582763671875, -480.2460632324219, 423.402099609375, 130.0561981201172, 5.576005935668945, 180.2795867919922, -32.06904983520508, 138.06826782226562, -44.24985885620117, 112.29673767089844, -11.552083015441895, 196.77499389648438, 4.031960964202881], [-303.688720703125, 247.51490783691406, -104.60258483886719, 13.712950706481934, 54.833683013916016, -79.66524505615234, 14.928787231445312, -30.13876724243164, 42.352821350097656, -64.84709930419922, 30.27412986755371, 4.031960964202881, 114.86410522460938]], "lowlevel.gfcc.icov": [[0.0003003247838933021, -0.000278012448688969, 3.72474969481118e-05, -0.00037810191861353815, 0.0002995927643496543, -0.0004091234877705574, 0.00036641437327489257, -0.00022360110597219318, 0.00018106389325112104, -0.0005750141572207212, 0.0005587526247836649, -0.0006356331869028509, 0.00042275351006537676], [-0.000278012448688969, 0.0020051284227520227, -0.0008515730733051896, 0.0015726628480479121, -0.0019664866849780083, 0.0011970794294029474, -0.000316596997436136, 0.0007866919040679932, -0.0007862892234697938, 0.0031758341938257217, -0.002836388535797596, 0.0029332838021218777, -0.0012750010937452316], [3.72474969481118e-05, -0.0008515730733051896, 0.0020983268041163683, -0.0009644352830946445, 0.00024160736938938498, -0.001324562937952578, -2.9668976821994875e-06, -0.001005563186481595, 0.0011392609449103475, -0.0017255491111427546, 0.0023887697607278824, -0.0028148351702839136, 0.0007370096864178777], [-0.00037810191861353815, 0.0015726628480479121, -0.0009644352830946445, 0.003791928058490157, -0.002259723376482725, 0.0016373023390769958, -0.0008177285199053586, 0.0005404992261901498, -0.000732343178242445, 0.0018437323160469532, -0.0012894882820546627, 0.001588553423061967, -0.0016620542155578732], [0.0002995927643496543, -0.0019664866849780083, 0.00024160736938938498, -0.002259723376482725, 0.006209782790392637, -0.002662643324583769, 0.0008478389936499298, 0.0005498665850609541, -0.0017473300686106086, -0.001903252792544663, 0.002317518461495638, -0.0020761112682521343, -0.0002258186141261831], [-0.0004091234877705574, 0.0011970794294029474, -0.001324562937952578, 0.0016373023390769958, -0.002662643324583769, 0.006472027860581875, -0.001972954021766782, -0.0009900231380015612, 0.0014509304892271757, -0.002116842195391655, -0.000861236359924078, 0.0022128724958747625, -0.0008871638565324247], [0.00036641437327489257, -0.000316596997436136, -2.9668976821994875e-06, -0.0008177285199053586, 0.0008478389936499298, -0.001972954021766782, 0.004391377791762352, -0.0013751703081652522, -0.0004965378902852535, 0.0019321596482768655, -0.0016851035179570317, 0.0005643671029247344, 0.0007394467829726636], [-0.00022360110597219318, 0.0007866919040679932, -0.001005563186481595, 0.0005404992261901498, 0.0005498665850609541, -0.0009900231380015612, -0.0013751703081652522, 0.00788049679249525, -0.0038402031641453505, 0.0005000364035367966, 0.001966566313058138, -0.0013328046770766377, -0.0007425813819281757], [0.00018106389325112104, -0.0007862892234697938, 0.0011392609449103475, -0.000732343178242445, -0.0017473300686106086, 0.0014509304892271757, -0.0004965378902852535, -0.0038402031641453505, 0.012533885426819324, -0.005558582488447428, -0.0001523272367194295, 0.0028386518824845552, -0.0036237998865544796], [-0.0005750141572207212, 0.0031758341938257217, -0.0017255491111427546, 0.0018437323160469532, -0.001903252792544663, -0.002116842195391655, 0.0019321596482768655, 0.0005000364035367966, -0.005558582488447428, 0.01690085232257843, -0.00900209415704012, 0.00282842549495399, 0.003029642393812537], [0.0005587526247836649, -0.002836388535797596, 0.0023887697607278824, -0.0012894882820546627, 0.002317518461495638, -0.000861236359924078, -0.0016851035179570317, 0.001966566313058138, -0.0001523272367194295, -0.00900209415704012, 0.01615038514137268, -0.0081408079713583, -4.6980952902231365e-05], [-0.0006356331869028509, 0.0029332838021218777, -0.0028148351702839136, 0.001588553423061967, -0.0020761112682521343, 0.0022128724958747625, 0.0005643671029247344, -0.0013328046770766377, 0.0028386518824845552, 0.00282842549495399, -0.0081408079713583, 0.017321143299341202, -0.0065638041123747826], [0.00042275351006537676, -0.0012750010937452316, 0.0007370096864178777, -0.0016620542155578732, -0.0002258186141261831, -0.0008871638565324247, 0.0007394467829726636, -0.0007425813819281757, -0.0036237998865544796, 0.003029642393812537, -4.6980952902231365e-05, -0.0065638041123747826, 0.015931589528918266]], "lowlevel.mfcc.cov": [[7399.8271484375, -2140.56689453125, 2111.0087890625, 14.814038276672363, 870.6637573242188, 523.3021850585938, 292.4244689941406, 219.91049194335938, 280.57708740234375, 207.35836791992188, 240.32528686523438, 177.66543579101562, 150.48367309570312], [-2140.56689453125, 3007.314208984375, -1157.2308349609375, -66.91239929199219, -147.44873046875, -279.3945007324219, -195.7301788330078, -183.99789428710938, -206.3795623779297, -174.0351104736328, -206.45773315429688, -152.32098388671875, -105.13655853271484], [2111.0087890625, -1157.2308349609375, 1685.4761962890625, 37.15403366088867, 421.0838317871094, 318.5970153808594, 324.64471435546875, 261.8367614746094, 262.47723388671875, 112.42529296875, 136.93833923339844, 147.21131896972656, 55.1755485534668], [14.814038276672363, -66.91239929199219, 37.15403366088867, 453.5730285644531, 92.36512756347656, 6.251530647277832, -23.993661880493164, 54.32558059692383, 39.36812210083008, -20.617494583129883, -49.62705612182617, -32.56596374511719, 6.953364372253418], [870.6637573242188, -147.44873046875, 421.0838317871094, 92.36512756347656, 512.345947265625, 174.22216796875, 23.91190528869629, 38.190433502197266, 99.20512390136719, 68.43777465820312, 18.8343448638916, 10.642038345336914, 54.99978256225586], [523.3021850585938, -279.3945007324219, 318.5970153808594, 6.251530647277832, 174.22216796875, 289.0823974609375, 148.62149047851562, 47.60770034790039, 63.164161682128906, 66.76866149902344, 80.19695281982422, 50.695980072021484, 18.161935806274414], [292.4244689941406, -195.7301788330078, 324.64471435546875, -23.993661880493164, 23.91190528869629, 148.62149047851562, 258.7443542480469, 123.74073028564453, 86.754638671875, 47.034427642822266, 79.0767822265625, 60.92363357543945, 2.265742778778076], [219.91049194335938, -183.99789428710938, 261.8367614746094, 54.32558059692383, 38.190433502197266, 47.60770034790039, 123.74073028564453, 204.052734375, 127.74065399169922, 23.947546005249023, 27.464357376098633, 37.31680679321289, 6.46210241317749], [280.57708740234375, -206.3795623779297, 262.47723388671875, 39.36812210083008, 99.20512390136719, 63.164161682128906, 86.754638671875, 127.74065399169922, 219.2344512939453, 87.41768646240234, 42.352630615234375, 25.09588623046875, -2.496605157852173], [207.35836791992188, -174.0351104736328, 112.42529296875, -20.617494583129883, 68.43777465820312, 66.76866149902344, 47.034427642822266, 23.947546005249023, 87.41768646240234, 153.62960815429688, 91.05281829833984, 23.956798553466797, 3.1222853660583496], [240.32528686523438, -206.45773315429688, 136.93833923339844, -49.62705612182617, 18.8343448638916, 80.19695281982422, 79.0767822265625, 27.464357376098633, 42.352630615234375, 91.05281829833984, 155.38905334472656, 57.80253219604492, 6.830851078033447], [177.66543579101562, -152.32098388671875, 147.21131896972656, -32.56596374511719, 10.642038345336914, 50.695980072021484, 60.92363357543945, 37.31680679321289, 25.09588623046875, 23.956798553466797, 57.80253219604492, 114.31765747070312, 44.145408630371094], [150.48367309570312, -105.13655853271484, 55.1755485534668, 6.953364372253418, 54.99978256225586, 18.161935806274414, 2.265742778778076, 6.46210241317749, -2.496605157852173, 3.1222853660583496, 6.830851078033447, 44.145408630371094, 101.64347076416016]], "lowlevel.mfcc.icov": [[0.00024685179232619703, 8.810778672341257e-05, -0.00021325002308003604, 5.8376208471599966e-05, -0.00023778992181178182, -2.7796988433692604e-05, 7.313311652978882e-05, 2.8188273063278757e-05, 8.186299965018407e-05, 4.052165968460031e-05, -0.00012672870070673525, 6.945446511963382e-05, -5.323241202859208e-05], [8.810778672341257e-05, 0.0005708202952519059, 0.00034969713306054473, 0.00013983933604322374, -0.0005212751566432416, 0.00035395025042816997, -0.0004366262292023748, 9.374544606544077e-05, 8.420436643064022e-05, 0.00028553936863318086, 0.0002705136430449784, -0.00010244873556075618, 0.0005028044688515365], [-0.00021325002308003604, 0.00034969713306054473, 0.0016756071709096432, 0.00011058910604333505, -0.0009407324250787497, 0.00016343587776646018, -0.001175402314402163, -0.0004376341530587524, -0.0004626826266758144, 0.0005345441750250757, 0.00017436171765439212, -0.0008908683666959405, 0.0006415623938664794], [5.8376208471599966e-05, 0.00013983933604322374, 0.00011058910604333505, 0.0026159794069826603, -0.0005321865319274366, -0.00021160441974643618, 0.0004860669723711908, -0.0010663772700354457, -0.00013814795238431543, 0.00035681365989148617, 0.000533688347786665, 0.0006703907856717706, -0.0001394116407027468], [-0.00023778992181178182, -0.0005212751566432416, -0.0009407324250787497, -0.0005321865319274366, 0.004328630398958921, -0.0024801697582006454, 0.0020136944949626923, 0.0001565426355227828, -0.000943031336646527, -0.0010865457588806748, 0.0005373834865167737, 0.0013168607838451862, -0.0021918262355029583], [-2.7796988433692604e-05, 0.00035395025042816997, 0.00016343587776646018, -0.00021160441974643618, -0.0024801697582006454, 0.007505796384066343, -0.004350631032139063, 0.0016241074772551656, 0.00036395236384123564, -0.0002957219257950783, -0.0009699544752947986, -0.0009027079213410616, 0.0008028954034671187], [7.313311652978882e-05, -0.0004366262292023748, -0.001175402314402163, 0.0004860669723711908, 0.0020136944949626923, -0.004350631032139063, 0.009860580787062645, -0.0041907732374966145, 8.377082122024149e-05, -6.988598761381581e-05, -0.0016133603639900684, -0.00040218213689513505, 6.658773781964555e-05], [2.8188273063278757e-05, 9.374544606544077e-05, -0.0004376341530587524, -0.0010663772700354457, 0.0001565426355227828, 0.0016241074772551656, -0.0041907732374966145, 0.011304966174066067, -0.005514610093086958, 0.002344484906643629, -0.00011134502710774541, -0.0009047311032190919, -0.0004415159928612411], [8.186299965018407e-05, 8.420436643064022e-05, -0.0004626826266758144, -0.00013814795238431543, -0.000943031336646527, 0.00036395236384123564, 8.377082122024149e-05, -0.005514610093086958, 0.010575413703918457, -0.005572820082306862, 0.0016516136238351464, -0.00034021955798380077, 0.0014881984097883105], [4.052165968460031e-05, 0.00028553936863318086, 0.0005345441750250757, 0.00035681365989148617, -0.0010865457588806748, -0.0002957219257950783, -6.988598761381581e-05, 0.002344484906643629, -0.005572820082306862, 0.013997681438922882, -0.007291591260582209, 0.0012995816068723798, -0.00022720611013937742], [-0.00012672870070673525, 0.0002705136430449784, 0.00017436171765439212, 0.000533688347786665, 0.0005373834865167737, -0.0009699544752947986, -0.0016133603639900684, -0.00011134502710774541, 0.0016516136238351464, -0.007291591260582209, 0.013769698329269886, -0.004663878586143255, 0.0016266192542389035], [6.945446511963382e-05, -0.00010244873556075618, -0.0008908683666959405, 0.0006703907856717706, 0.0013168607838451862, -0.0009027079213410616, -0.00040218213689513505, -0.0009047311032190919, -0.00034021955798380077, 0.0012995816068723798, -0.004663878586143255, 0.015362133271992207, -0.006662711035460234], [-5.323241202859208e-05, 0.0005028044688515365, 0.0006415623938664794, -0.0001394116407027468, -0.0021918262355029583, 0.0008028954034671187, 6.658773781964555e-05, -0.0004415159928612411, 0.0014881984097883105, -0.00022720611013937742, 0.0016266192542389035, -0.006662711035460234, 0.013995551504194736]], "metadata.audio_properties.analysis.downmix": "mix", "metadata.audio_properties.codec": "mp3", "metadata.audio_properties.md5_encoded": "b915eb049fb491ef45a22f3c6982b856", "metadata.tags.file_name": "1182268947937112114.mp3", "metadata.version.essentia": "2.1-beta6-dev", "metadata.version.essentia_git_sha": "v2.1_beta5-1110-g77a6a954", "metadata.version.extractor": "music 2.0", "tonal.chords_key": "G", "tonal.chords_s