{"song_id": "1182276055504015430", "download": "https://cdn.discordapp.com/attachments/1128313332273782784/1182276055504015430/chirp.mp4?ex=65841b61&amp", "lyrics": "Lucie est rentr\u00e9e du coll\u00e8ge\nAm\u00e9lie est rentr\u00e9e du coll\u00e8ge\nElle a deux heures pour manger, tranquille.\nAlors elles ont les tablettes.\nC'est cool. Elles adorent.\nGenshin impact et Roblox, la vie est belle.", "style": ["rap"], "essentia_features": {"lowlevel.average_loudness": 0.12361618876457214, "lowlevel.barkbands_crest.mean": 10.117505073547363, "lowlevel.barkbands_crest.stdev": 6.507343769073486, "lowlevel.barkbands_flatness_db.mean": 0.22092890739440918, "lowlevel.barkbands_flatness_db.stdev": 0.21426540613174438, "lowlevel.barkbands_kurtosis.mean": 65.90741729736328, "lowlevel.barkbands_kurtosis.stdev": 310.8954162597656, "lowlevel.barkbands_skewness.mean": 0.8600066900253296, "lowlevel.barkbands_skewness.stdev": 4.313986301422119, "lowlevel.barkbands_spread.mean": 23.67170524597168, "lowlevel.barkbands_spread.stdev": 15.05187702178955, "lowlevel.dissonance.mean": 0.47557225823402405, "lowlevel.dissonance.stdev": 0.03006020002067089, "lowlevel.dynamic_complexity": 22.735347747802734, "lowlevel.erbbands_crest.mean": 10.681894302368164, "lowlevel.erbbands_crest.stdev": 7.2504801750183105, "lowlevel.erbbands_flatness_db.mean": 0.20897692441940308, "lowlevel.erbbands_flatness_db.stdev": 0.08983923494815826, "lowlevel.erbbands_kurtosis.mean": 9.416388511657715, "lowlevel.erbbands_kurtosis.stdev": 31.728002548217773, "lowlevel.erbbands_skewness.mean": 0.389618843793869, "lowlevel.erbbands_skewness.stdev": 2.7173099517822266, "lowlevel.erbbands_spread.mean": 30.73395347595215, "lowlevel.erbbands_spread.stdev": 17.231258392333984, "lowlevel.hfc.mean": 12.295608520507812, "lowlevel.hfc.stdev": 22.439512252807617, "lowlevel.loudness_ebu128.integrated": -31.48531150817871, "lowlevel.loudness_ebu128.loudness_range": 22.345590591430664, "lowlevel.loudness_ebu128.momentary.mean": -73.07544708251953, "lowlevel.loudness_ebu128.momentary.stdev": 84.91986083984375, "lowlevel.loudness_ebu128.short_term.mean": -42.67741775512695, "lowlevel.loudness_ebu128.short_term.stdev": 15.6528902053833, "lowlevel.melbands_crest.mean": 12.942310333251953, "lowlevel.melbands_crest.stdev": 11.01711368560791, "lowlevel.melbands_flatness_db.mean": 0.2090371698141098, "lowlevel.melbands_flatness_db.stdev": 0.24027776718139648, "lowlevel.melbands_kurtosis.mean": 1402.8756103515625, "lowlevel.melbands_kurtosis.stdev": 7980.7021484375, "lowlevel.melbands_skewness.mean": 6.118295192718506, "lowlevel.melbands_skewness.stdev": 22.013307571411133, "lowlevel.melbands_spread.mean": 58.912994384765625, "lowlevel.melbands_spread.stdev": 47.68667984008789, "lowlevel.pitch_salience.mean": 0.6159029006958008, "lowlevel.pitch_salience.stdev": 0.23922444880008698, "lowlevel.silence_rate_20dB.mean": 1.0, "lowlevel.silence_rate_20dB.stdev": 0.0, "lowlevel.silence_rate_30dB.mean": 0.9935622215270996, "lowlevel.silence_rate_30dB.stdev": 0.07997702807188034, "lowlevel.silence_rate_60dB.mean": 0.5107296109199524, "lowlevel.silence_rate_60dB.stdev": 0.49988415837287903, "lowlevel.spectral_centroid.mean": 3543.948974609375, "lowlevel.spectral_centroid.stdev": 3242.494140625, "lowlevel.spectral_complexity.mean": 6.775751113891602, "lowlevel.spectral_complexity.stdev": 10.87512493133545, "lowlevel.spectral_decrease.mean": -2.570842205784629e-09, "lowlevel.spectral_decrease.stdev": 5.072096520564173e-09, "lowlevel.spectral_energy.mean": 0.010818199254572392, "lowlevel.spectral_energy.stdev": 0.02037069760262966, "lowlevel.spectral_energyband_high.mean": 0.0005836475174874067, "lowlevel.spectral_energyband_high.stdev": 0.0020978215616196394, "lowlevel.spectral_energyband_low.mean": 0.003072402672842145, "lowlevel.spectral_energyband_low.stdev": 0.012807282619178295, "lowlevel.spectral_energyband_middle_high.mean": 0.0032960334792733192, "lowlevel.spectral_energyband_middle_high.stdev": 0.006070139352232218, "lowlevel.spectral_energyband_middle_low.mean": 0.0030248842667788267, "lowlevel.spectral_energyband_middle_low.stdev": 0.006313233636319637, "lowlevel.spectral_entropy.mean": 7.699746131896973, "lowlevel.spectral_entropy.stdev": 1.285507082939148, "lowlevel.spectral_flux.mean": 0.04812436178326607, "lowlevel.spectral_flux.stdev": 0.054295092821121216, "lowlevel.spectral_kurtosis.mean": 4.501285552978516, "lowlevel.spectral_kurtosis.stdev": 8.365710258483887, "lowlevel.spectral_rms.mean": 0.0021324707195162773, "lowlevel.spectral_rms.stdev": 0.0024508999194949865, "lowlevel.spectral_rolloff.mean": 6172.99755859375, "lowlevel.spectral_rolloff.stdev": 6164.3671875, "lowlevel.spectral_skewness.mean": 1.1883149147033691, "lowlevel.spectral_skewness.stdev": 1.1418360471725464, "lowlevel.spectral_spread.mean": 9473743.0, "lowlevel.spectral_spread.stdev": 12645036.0, "lowlevel.spectral_strongpeak.mean": 0.6630641222000122, "lowlevel.spectral_strongpeak.stdev": 1.3403726816177368, "lowlevel.zerocrossingrate.mean": 0.19862201809883118, "lowlevel.zerocrossingrate.stdev": 0.18455109000205994, "metadata.audio_properties.analysis.equal_loudness": 0.0, "metadata.audio_properties.analysis.length": 21.61065673828125, "metadata.audio_properties.analysis.sample_rate": 44100.0, "metadata.audio_properties.analysis.start_time": 0.0, "metadata.audio_properties.bit_rate": 99060.0, "metadata.audio_properties.length": 21.610666275024414, "metadata.audio_properties.lossless": 0.0, "metadata.audio_properties.number_channels": 1.0, "metadata.audio_properties.replay_gain": 2.902261734008789, "metadata.audio_properties.sample_rate": 48000.0, "rhythm.beats_count": 39.0, "rhythm.beats_loudness.mean": 0.016867956146597862, "rhythm.beats_loudness.stdev": 0.02187170460820198, "rhythm.bpm": 106.72232818603516, "rhythm.bpm_histogram_first_peak_bpm": 105.0, "rhythm.bpm_histogram_first_peak_weight": 0.5333333611488342, "rhythm.bpm_histogram_second_peak_bpm": 110.0, "rhythm.bpm_histogram_second_peak_spread": 0.375, "rhythm.bpm_histogram_second_peak_weight": 0.1315789520740509, "rhythm.danceability": 1.040248155593872, "rhythm.onset_rate": 2.820237159729004, "tonal.chords_changes_rate": 0.12419699877500534, "tonal.chords_number_rate": 0.01927194930613041, "tonal.chords_strength.mean": 0.42857056856155396, "tonal.chords_strength.stdev": 0.13295653462409973, "tonal.hpcp_crest.mean": 10.39812183380127, "tonal.hpcp_crest.stdev": 8.349150657653809, "tonal.hpcp_entropy.mean": 1.8984557390213013, "tonal.hpcp_entropy.stdev": 1.2409011125564575, "tonal.key_edma.strength": 0.4665268361568451, "tonal.key_krumhansl.strength": 0.4690937399864197, "tonal.key_temperley.strength": 0.462077796459198, "tonal.tuning_diatonic_strength": 0.5550147891044617, "tonal.tuning_equal_tempered_deviation": 0.22962160408496857, "tonal.tuning_frequency": 440.0, "tonal.tuning_nontempered_energy_ratio": 0.9216368794441223, "lowlevel.barkbands.mean": [0.0018620723858475685, 0.0013263546861708164, 0.0007639994728378952, 0.0006307092262431979, 0.0004339540610089898, 0.0007851282134652138, 0.00032346509397029877, 0.00029338139574974775, 0.000493998231831938, 0.000200110676814802, 0.00023797772882971913, 0.00020108598982915282, 0.0002914175274781883, 0.0004490176506806165, 0.0003060274466406554, 0.0002586740592960268, 0.0002020680985879153, 0.0003137671737931669, 0.000635016243904829, 0.00025400365120731294, 5.0370730605209246e-05, 0.0002778639318421483, 0.00019376854470465332, 2.398758260824252e-05, 7.432600341417128e-06, 2.4006903913686983e-06, 1.5359194094344275e-07], "lowlevel.barkbands.stdev": [0.006376188714057207, 0.0076151336543262005, 0.004315831698477268, 0.002412328729405999, 0.0014329486293718219, 0.0021092016249895096, 0.0011783638037741184, 0.0010424917563796043, 0.001545267179608345, 0.001044307486154139, 0.001174076460301876, 0.0010055809980258346, 0.001159635721705854, 0.0015974524430930614, 0.001069605816155672, 0.0010446367086842656, 0.0006215531029738486, 0.0007285272586159408, 0.0016250037588179111, 0.0006560535985045135, 0.00020346793462522328, 0.0011457927757874131, 0.0009679711074568331, 9.08020228962414e-05, 3.9635251596337184e-05, 1.9573808458517306e-05, 2.1666114662366454e-06], "lowlevel.erbbands.mean": [0.041687171906232834, 0.3020516335964203, 0.832391619682312, 1.6601482629776, 1.5363755226135254, 1.527118444442749, 3.683307647705078, 7.314711570739746, 4.150448322296143, 6.1779046058654785, 8.517848014831543, 10.967412948608398, 6.487303256988525, 5.320850372314453, 11.725361824035645, 8.644129753112793, 13.015665054321289, 22.869112014770508, 20.19710922241211, 13.508462905883789, 12.451416015625, 12.232931137084961, 19.810279846191406, 12.939196586608887, 43.00503921508789, 9.693221092224121, 2.412672281265259, 2.4334535598754883, 8.414761543273926, 12.110309600830078, 3.817338228225708, 0.761710524559021, 0.36075136065483093, 0.1186385303735733, 0.03598440811038017, 0.012180556543171406, 0.0043108039535582066, 0.000671045680064708, 2.625029446789995e-05, 1.4793853551964276e-05], "lowlevel.erbbands.stdev": [0.21021614968776703, 1.8151341676712036, 4.8840742111206055, 6.520980358123779, 6.038132190704346, 5.574835300445557, 11.447373390197754, 21.117198944091797, 14.519923210144043, 20.009212493896484, 28.021291732788086, 34.70875930786133, 32.242923736572266, 23.145219802856445, 64.40294647216797, 35.694583892822266, 48.0798225402832, 81.82655334472656, 65.39214324951172, 46.298728942871094, 47.73511505126953, 32.16752243041992, 45.972755432128906, 29.99933433532715, 110.98514556884766, 22.265871047973633, 8.8841552734375, 11.464370727539062, 41.302032470703125, 47.93453598022461, 20.314037322998047, 3.1811134815216064, 1.3932758569717407, 0.5774765014648438, 0.23166431486606598, 0.0938769206404686, 0.03774726390838623, 0.007174673490226269, 0.00022430761600844562, 2.7398291422287002e-05], "lowlevel.gfcc.mean": [-426.1909484863281, 36.18557357788086, -114.44857788085938, 38.31287384033203, -55.779502868652344, 1.4913511276245117, -26.977331161499023, -6.502997398376465, -11.202044486999512, -8.965344429016113, -2.7804484367370605, -7.972540855407715, -16.032928466796875], "lowlevel.melbands.mean": [0.00045964025775901973, 0.00042940338607877493, 0.00028455277788452804, 0.00010014270810643211, 0.00012019841960864142, 0.00015658451593481004, 6.35244941804558e-05, 6.556285370606929e-05, 8.095436351140961e-05, 6.359910912578925e-05, 3.119788016192615e-05, 2.040091931121424e-05, 3.711121462401934e-05, 2.4337292416021228e-05, 2.2486376110464334e-05, 3.3050895581254736e-05, 4.373775300337002e-05, 3.451311931712553e-05, 1.9257344320067205e-05, 1.9981644072686322e-05, 1.2400632840581238e-05, 8.984629857877735e-06, 2.47322295763297e-05, 1.058853740687482e-05, 8.439597877440974e-06, 2.982601108669769e-05, 2.501848757674452e-05, 2.4505382043571444e-06, 1.3503132549885777e-06, 1.2846110166719882e-06, 1.3222363577369833e-06, 4.009797976323171e-06, 6.898148967593443e-06, 6.661816769337747e-06, 2.4936077807069523e-06, 7.22726042567956e-07, 3.4255643299729854e-07, 2.882483727262297e-07, 1.4568023232186533e-07, 7.963632242535823e-08], "lowlevel.melbands.stdev": [0.001998734427616, 0.0024245057720690966, 0.001078070024959743, 0.0003360916452948004, 0.0003512440889608115, 0.0004352263349574059, 0.0002237060252809897, 0.0002129738131770864, 0.0002654390991665423, 0.00020144761947449297, 0.000164954544743523, 9.761310502653942e-05, 0.00019169659935869277, 0.00012568983947858214, 9.262080129701644e-05, 0.0001326550409430638, 0.00016604959091637284, 0.00011843158426927403, 6.7016007960774e-05, 7.97097382019274e-05, 4.9577960453461856e-05, 2.705480801523663e-05, 6.175153976073489e-05, 2.5763469238881953e-05, 2.151822263840586e-05, 7.649027247680351e-05, 6.541990296682343e-05, 7.57207317292341e-06, 5.5938298828550614e-06, 5.6167923503380734e-06, 7.037645900709322e-06, 2.3365480956272222e-05, 2.5704102881718427e-05, 2.9421962608466856e-05, 1.45965705087292e-05, 3.6572989756678e-06, 1.4284910321293864e-06, 1.1176833822901244e-06, 6.600435540349281e-07, 4.3315796460774436e-07], "lowlevel.melbands128.mean": [0.0006324177957139909, 0.0003506497305352241, 0.0004740296280942857, 0.0005040759569965303, 0.00043207468115724623, 0.00037284125573933125, 0.00035229569766670465, 0.00029554087086580694, 0.00013057798787485808, 8.105891174636781e-05, 8.018751395866275e-05, 8.670880197314546e-05, 0.00010166088759433478, 0.00020002482051495463, 0.00021516330889426172, 9.870341455098242e-05, 5.6033633882179856e-05, 5.928382233832963e-05, 6.684775144094601e-05, 7.733291568001732e-05, 6.000596840749495e-05, 4.512365921982564e-05, 8.252475527115166e-05, 0.00012285695993341506, 8.176445408025756e-05, 3.673498940770514e-05, 2.564111491665244e-05, 3.42033090419136e-05, 3.3889285987243056e-05, 2.244940696982667e-05, 1.5004306987975724e-05, 1.5125436220841948e-05, 4.719992648460902e-05, 4.902452928945422e-05, 2.0742763808812015e-05, 1.9629995222203434e-05, 2.39202690863749e-05, 2.0699853848782368e-05, 2.207876241300255e-05, 2.9135755539755337e-05, 3.4927797969430685e-05, 4.0408784116152674e-05, 4.1864070226438344e-05, 5.462283661472611e-05, 2.951994065369945e-05, 3.851891960948706e-05, 2.7667629183270037e-05, 1.835980947362259e-05, 1.7099959222832695e-05, 1.3236507584224455e-05, 2.4361488613067195e-05, 2.2371732484316453e-05, 1.307403090322623e-05, 9.734840205055661e-06, 6.239573394850595e-06, 6.4832347561605275e-06, 1.0646098417055327e-05, 2.735542511800304e-05, 3.099828609265387e-05, 1.9243510905653238e-05, 8.082148269750178e-06, 5.0543894758448005e-06, 6.167663286760217e-06, 8.015802450245246e-06, 1.3991987543704454e-05, 2.703084101085551e-05, 4.4148102460894734e-05, 3.939581802114844e-05, 2.012023833231069e-05, 4.62875095763593e-06, 1.8680922266867128e-06, 1.3716888815906714e-06, 1.449923843210854e-06, 1.2916254945594119e-06, 1.3048467053522472e-06, 1.4456841199717019e-06, 1.2257252137715113e-06, 9.74670001596678e-07, 1.0482226571184583e-06, 1.9646104192361236e-06, 2.8692982141365064e-06, 5.395621883508284e-06, 5.7775455388764385e-06, 6.8418148657656275e-06, 7.957868547237013e-06, 7.934427230793517e-06, 6.151835350465262e-06, 4.440031716512749e-06, 2.1087446384626674e-06, 1.2587154287757585e-06, 1.0371301186751225e-06, 4.854268240706006e-07, 3.370013530457072e-07, 3.505375616441597e-07, 3.3291263434875873e-07, 3.374094603714184e-07, 3.006026076946e-07, 1.84813416126417e-07, 1.3870224790935026e-07, 1.3163263190563157e-07, 1.0959737295479499e-07, 6.720514278413248e-08, 4.723552038399248e-08, 4.6755452842717204e-08, 4.085309512902313e-08, 3.316635144301472e-08, 2.4356694439120474e-08, 2.2491628115517415e-08, 1.8042817018226742e-08, 1.859991449748577e-08, 1.8932967194018602e-08, 1.746654376688639e-08, 1.2619537415048399e-08, 1.0675819339667214e-08, 8.129477535590013e-09, 6.801208041196105e-09, 5.022277260735564e-09, 1.2548438954596008e-09, 4.3768227930840453e-10, 4.771257174074339e-12, 4.5005466367542546e-12, 4.460631516933766e-12, 4.5398932009554915e-12, 4.3807310209920125e-12, 3.5775770367008075e-12, 2.2073978929448845e-12, 1.476333920565065e-12, 1.3655888485980539e-12], "lowlevel.melbands128.stdev": [0.0019628237932920456, 0.0016840639291331172, 0.0027682664804160595, 0.003187000285834074, 0.002776144305244088, 0.0019968359265476465, 0.0014509358443319798, 0.0012028519995510578, 0.000558833300601691, 0.0003851688525173813, 0.00036555880797095597, 0.000400976394303143, 0.0004597300721798092, 0.0006430417997762561, 0.0006757948431186378, 0.0004065228858962655, 0.0002281662164023146, 0.0003263779799453914, 0.000330677954480052, 0.0002907760499510914, 0.0002485725563019514, 0.0002558286942075938, 0.0003258642682339996, 0.0004488118283916265, 0.00032458669738844037, 0.00015319418162107468, 0.0001362492621410638, 0.00023861990484874696, 0.00022143041132949293, 0.0001304790348513052, 0.00011466297291917726, 6.200536154210567e-05, 0.0002761133946478367, 0.0003837660769931972, 0.00021001481218263507, 0.0001094533727155067, 0.0001350253151031211, 0.0001126653587562032, 0.00013350041990634054, 0.00014159544662106782, 0.00018766886205412447, 0.00020344457880128175, 0.00021354688215069473, 0.0002984855091199279, 0.00010808584920596331, 0.0002018232480622828, 0.00011232953693252057, 8.02313516032882e-05, 9.991272236220539e-05, 5.651439641951583e-05, 0.00012666215479839593, 9.368675819132477e-05, 6.090815440984443e-05, 4.4527525460580364e-05, 2.741975913522765e-05, 2.2858586817164905e-05, 3.6981615266995504e-05, 9.425696771359071e-05, 8.29180353321135e-05, 5.7301222113892436e-05, 2.3153108486440033e-05, 1.4115242265688721e-05, 1.8161355910706334e-05, 2.3183940356830135e-05, 3.8390993722714484e-05, 7.358963193837553e-05, 0.00013564508117269725, 0.00011758283653762192, 5.816958218929358e-05, 1.429416715836851e-05, 7.3550600063754246e-06, 7.064938472467475e-06, 6.949406724743312e-06, 5.3669082262786105e-06, 5.864799732080428e-06, 6.872596259199781e-06, 5.3841595217818394e-06, 5.096795121062314e-06, 5.242541192274075e-06, 1.4674255908175837e-05, 1.56019286805531e-05, 3.765382643905468e-05, 2.7817251975648105e-05, 2.498244066373445e-05, 3.476047277217731e-05, 3.2054889743449166e-05, 3.314631248940714e-05, 2.59442203969229e-05, 1.4226911844161805e-05, 7.848629138607066e-06, 5.881086508452427e-06, 2.1728139927290613e-06, 1.4714486269440386e-06, 1.7094597524192068e-06, 1.4306203865999123e-06, 1.283154006159748e-06, 1.3461199159792159e-06, 7.298737614291895e-07, 6.40839061816223e-07, 7.116813094398822e-07, 7.000597861406277e-07, 4.0691986669116886e-07, 3.0000398965057684e-07, 3.1175596859611687e-07, 2.965728640447196e-07, 2.818738664700504e-07, 1.8476460184047028e-07, 1.7066513180452603e-07, 1.2532011339771998e-07, 2.0998876948397083e-07, 2.0395933120198606e-07, 2.0629732944144052e-07, 1.1078194717129008e-07, 1.0583912057882117e-07, 8.149113739364111e-08, 8.383134542100379e-08, 6.569522525978755e-08, 2.244952135299627e-08, 1.2435349638906246e-08, 4.607351826446671e-12, 4.251670196464552e-12, 4.110010509011941e-12, 4.091809790301992e-12, 3.984152851382872e-12, 3.80135463037834e-12, 3.5135139155734185e-12, 3.4019104807464506e-12, 3.375433179492182e-12], "lowlevel.mfcc.mean": [-959.719482421875, 54.783287048339844, -5.630675792694092, 24.25962257385254, -5.021829605102539, 5.279521465301514, -8.736549377441406, 6.764396667480469, -17.07267189025879, 3.635075807571411, 7.014686584472656, -9.637568473815918, -1.5893445014953613], "lowlevel.spectral_contrast_coeffs.mean": [-0.7410356998443604, -0.8181120753288269, -0.8592448234558105, -0.8395819664001465, -0.8013115525245667, -0.7718075513839722], "lowlevel.spectral_contrast_coeffs.stdev": [0.16196030378341675, 0.13390962779521942, 0.09016427397727966, 0.10361651331186295, 0.13924658298492432, 0.1362379938364029], "lowlevel.spectral_contrast_valleys.mean": [-12.87154769897461, -12.329782485961914, -12.772235870361328, -12.704784393310547, -12.45816421508789, -14.806519508361816], "lowlevel.spectral_contrast_valleys.stdev": [6.1741156578063965, 6.418783664703369, 6.246778964996338, 6.275571346282959, 6.335188388824463, 5.298279762268066], "rhythm.beats_loudness_band_ratio.mean": [0.20070978999137878, 0.05798032879829407, 0.1195535883307457, 0.14653992652893066, 0.17759433388710022, 0.18390175700187683], "rhythm.beats_loudness_band_ratio.stdev": [0.35344699025154114, 0.08571144938468933, 0.13106924295425415, 0.20763744413852692, 0.17652493715286255, 0.21636250615119934], "tonal.hpcp.mean": [0.11962989717721939, 0.07899078726768494, 0.0791822150349617, 0.09099719673395157, 0.09632352739572525, 0.09265675395727158, 0.100035160779953, 0.11262915283441544, 0.12164859473705292, 0.11759145557880402, 0.09965900331735611, 0.08906945586204529, 0.09304806590080261, 0.09502848237752914, 0.08756490796804428, 0.08779629319906235, 0.10151495784521103, 0.11481543630361557, 0.12824998795986176, 0.14238755404949188, 0.15204043686389923, 0.1873418688774109, 0.24697118997573853, 0.3361795246601105, 0.30204981565475464, 0.19402356445789337, 0.17056499421596527, 0.16212503612041473, 0.16275028884410858, 0.16533808410167694, 0.17461249232292175, 0.178185373544693, 0.17040202021598816, 0.1607104241847992, 0.1674562394618988, 0.1678374707698822], "tonal.hpcp.stdev": [0.18565483391284943, 0.1606431007385254, 0.16629193723201752, 0.18781764805316925, 0.19602574408054352, 0.18872597813606262, 0.2002880871295929, 0.21842409670352936, 0.23204554617404938, 0.2235507369041443, 0.2050744891166687, 0.1943323314189911, 0.20022174715995789, 0.20731176435947418, 0.18546238541603088, 0.18687127530574799, 0.19933336973190308, 0.21385729312896729, 0.22477801144123077, 0.2443413883447647, 0.2504315674304962, 0.27826201915740967, 0.28890931606292725, 0.36990612745285034, 0.3304692804813385, 0.28844234347343445, 0.26898372173309326, 0.26294589042663574, 0.2751280665397644, 0.2783159017562866, 0.27783283591270447, 0.27820059657096863, 0.2704930901527405, 0.24803747236728668, 0.2445262372493744, 0.24923965334892273], "rhythm.beats_position": [0.4992290139198303, 0.9752380847930908, 1.4512470960617065, 1.9272562265396118, 2.4148752689361572, 2.972154140472412, 3.5410430431365967, 4.109931945800781, 4.690430641174316, 5.27092981338501, 5.839818477630615, 6.408707141876221, 6.977596282958984, 7.53487491607666, 8.103763580322266, 8.672653198242188, 9.287981986999512, 9.914920806884766, 10.50702953338623, 11.064308166503906, 11.621586799621582, 12.167256355285645, 12.701314926147461, 13.235373497009277, 13.75782299041748, 14.303491592407227, 14.860771179199219, 15.406439781188965, 15.952108383178711, 16.486167907714844, 17.008617401123047, 17.531064987182617, 18.01868438720703, 18.517913818359375, 19.01714324951172, 19.52798080444336, 20.038820266723633, 20.549659729003906, 21.09532928466797], "rhythm.bpm_histogram": [0.0, 0.0, 0.0, 0.0, 0.0, 0.0, 0.0, 0.0, 0.0, 0.0, 0.0, 0.0, 0.0, 0.0, 0.0, 0.0, 0.0, 0.0, 0.0, 0.0, 0.0, 0.0, 0.0, 0.0, 0.0, 0.0, 0.0, 0.0, 0.0, 0.0, 0.0, 0.0, 0.0, 0.0, 0.0, 0.0, 0.0, 0.0, 0.0, 0.0, 0.0, 0.0, 0.0, 0.0, 0.0, 0.0, 0.0, 0.0, 0.0, 0.0, 0.0, 0.0, 0.0, 0.0, 0.0, 0.0, 0.0, 0.0, 0.0, 0.0, 0.0, 0.0, 0.0, 0.0, 0.0, 0.0, 0.0, 0.0, 0.0, 0.0, 0.0, 0.0, 0.0, 0.0, 0.0, 0.0, 0.0, 0.0, 0.0, 0.0, 0.0, 0.0, 0.0, 0.0, 0.0, 0.0, 0.0, 0.0, 0.0, 0.0, 0.0, 0.0, 0.0, 0.0, 0.0, 0.0, 0.02631578966975212, 0.0, 0.02631578966975212, 0.0, 0.0, 0.02631578966975212, 0.0, 0.05263157933950424, 0.0, 0.18421052396297455, 0.0, 0.0, 0.1315789520740509, 0.0, 0.1315789520740509, 0.0, 0.07894736528396606, 0.0, 0.0, 0.07894736528396606, 0.0, 0.07894736528396606, 0.0, 0.0, 0.05263157933950424, 0.0, 0.0, 0.05263157933950424, 0.0, 0.0, 0.07894736528396606, 0.0, 0.0, 0.0, 0.0, 0.0, 0.0, 0.0, 0.0, 0.0, 0.0, 0.0, 0.0, 0.0, 0.0, 0.0, 0.0, 0.0, 0.0, 0.0, 0.0, 0.0, 0.0, 0.0, 0.0, 0.0, 0.0, 0.0, 0.0, 0.0, 0.0, 0.0, 0.0, 0.0, 0.0, 0.0, 0.0, 0.0, 0.0, 0.0, 0.0, 0.0, 0.0, 0.0, 0.0, 0.0, 0.0, 0.0, 0.0, 0.0, 0.0, 0.0, 0.0, 0.0, 0.0, 0.0, 0.0, 0.0, 0.0, 0.0, 0.0, 0.0, 0.0, 0.0, 0.0, 0.0, 0.0, 0.0, 0.0, 0.0, 0.0, 0.0, 0.0, 0.0, 0.0, 0.0, 0.0, 0.0, 0.0, 0.0, 0.0, 0.0, 0.0, 0.0, 0.0, 0.0, 0.0, 0.0, 0.0, 0.0, 0.0, 0.0, 0.0, 0.0, 0.0, 0.0, 0.0, 0.0, 0.0, 0.0, 0.0, 0.0, 0.0, 0.0, 0.0, 0.0, 0.0, 0.0, 0.0, 0.0, 0.0, 0.0, 0.0, 0.0, 0.0, 0.0, 0.0, 0.0, 0.0, 0.0, 0.0, 0.0, 0.0, 0.0], "tonal.chords_histogram": [3.640256881713867, 5.35331916809082, 0.4282655119895935, 0.856531023979187, 0.0, 0.0, 2.1413276195526123, 0.856531023979187, 10.064239501953125, 16.702356338500977, 31.691648483276367, 0.0, 0.0, 0.0, 0.856531023979187, 0.0, 6.423983097076416, 18.84368324279785, 0.0, 0.6423982977867126, 0.0, 0.0, 0.0, 1.4989293813705444], "tonal.thpcp": [1.0, 0.8984777331352234, 0.5771427154541016, 0.5073628425598145, 0.48225730657577515, 0.48411720991134644, 0.49181485176086426, 0.5194025039672852, 0.5300304293632507, 0.5068780183792114, 0.4780493974685669, 0.49811550974845886, 0.49924954771995544, 0.3558512330055237, 0.23496608436107635, 0.23553550243377686, 0.27068036794662476, 0.28652408719062805, 0.2756168842315674, 0.29756471514701843, 0.3350268006324768, 0.36185604333877563, 0.3497876822948456, 0.2964457869529724, 0.2649461030960083, 0.2767808735370636, 0.28267183899879456, 0.2604706883430481, 0.26115894317626953, 0.30196651816368103, 0.34153011441230774, 0.381492555141449, 0.4235461950302124, 0.4522596597671509, 0.5572673678398132, 0.7346407771110535], "lowlevel.gfcc.cov": [[163894.359375, 12734.6064453125, -23718.912109375, 8463.66796875, -11801.6259765625, -2281.399658203125, -6312.3515625, -3133.17919921875, -1402.8719482421875, -3618.0576171875, 378.906005859375, -2701.67041015625, -3352.195556640625], [12734.6064453125, 5167.99072265625, -2.3203020095825195, 619.1329345703125, 20.740022659301758, -693.6400146484375, -66.86250305175781, -474.5218200683594, 173.98910522460938, -644.9652709960938, 407.8356018066406, -439.11456298828125, -120.6090316772461], [-23718.912109375, -2.3203020095825195, 6521.64599609375, -839.8906860351562, 3064.798828125, 648.8641967773438, 1479.1497802734375, 784.3409423828125, 565.9107055664062, 703.2833251953125, 52.66943359375, 498.1213684082031, 937.760009765625], [8463.66796875, 619.1329345703125, -839.8906860351562, 1417.7838134765625, -399.2462158203125, -311.6512145996094, -463.904541015625, -377.578369140625, 86.53470611572266, -274.1424255371094, 84.30362701416016, -231.84259033203125, -140.12570190429688], [-11801.6259765625, 20.740022659301758, 3064.798828125, -399.2462158203125, 1817.2410888671875, 345.5458984375, 710.3314819335938, 448.9288024902344, 358.51275634765625, 421.13946533203125, 4.378420352935791, 215.3892059326172, 486.3064270019531], [-2281.399658203125, -693.6400146484375, 648.8641967773438, -311.6512145996094, 345.5458984375, 673.7596435546875, 372.1053161621094, 346.4463806152344, -18.385169982910156, 269.5101013183594, -113.33954620361328, 181.86123657226562, 126.35269165039062], [-6312.3515625, -66.86250305175781, 1479.1497802734375, -463.904541015625, 710.3314819335938, 372.1053161621094, 801.7649536132812, 302.58990478515625, 39.1401481628418, 134.34457397460938, 36.283878326416016, 172.3482666015625, 187.6805877685547], [-3133.17919921875, -474.5218200683594, 784.3409423828125, -377.578369140625, 448.9288024902344, 346.4463806152344, 302.58990478515625, 446.2351379394531, 28.134302139282227, 242.6997833251953, -126.71028137207031, 176.71881103515625, 186.24607849121094], [-1402.8719482421875, 173.98910522460938, 565.9107055664062, 86.53470611572266, 358.51275634765625, -18.385169982910156, 39.1401481628418, 28.134302139282227, 329.69488525390625, 70.8778076171875, 53.10025405883789, -39.846187591552734, 89.85193634033203], [-3618.0576171875, -644.9652709960938, 703.2833251953125, -274.1424255371094, 421.13946533203125, 269.5101013183594, 134.34457397460938, 242.6997833251953, 70.8778076171875, 340.3778076171875, -92.87184143066406, 120.58877563476562, 138.09982299804688], [378.906005859375, 407.8356018066406, 52.66943359375, 84.30362701416016, 4.378420352935791, -113.33954620361328, 36.283878326416016, -126.71028137207031, 53.10025405883789, -92.87184143066406, 194.04014587402344, -41.205787658691406, -16.93889045715332], [-2701.67041015625, -439.11456298828125, 498.1213684082031, -231.84259033203125, 215.3892059326172, 181.86123657226562, 172.3482666015625, 176.71881103515625, -39.846187591552734, 120.58877563476562, -41.205787658691406, 196.56166076660156, 104.71749114990234], [-3352.195556640625, -120.6090316772461, 937.760009765625, -140.12570190429688, 486.3064270019531, 126.35269165039062, 187.6805877685547, 186.24607849121094, 89.85193634033203, 138.09982299804688, -16.93889045715332, 104.71749114990234, 229.5950469970703]], "lowlevel.gfcc.icov": [[6.78756259731017e-05, -0.00021304043184500188, 0.00015767794684506953, -0.00028224539710208774, 0.0002590149233583361, -0.00022873308626003563, 0.00011027618165826425, -0.00028774942620657384, -1.4735896911588497e-05, -0.0001696355320746079, -4.780699237016961e-05, -4.590933895087801e-05, -9.142970520770177e-05], [-0.00021304043184500188, 0.0010275619570165873, -0.000564936432056129, 0.0009047712082974613, -0.000985421473160386, 0.0007409323006868362, -0.00022093973529990762, 0.0006290534511208534, 0.00013270199997350574, 0.0012756254291161895, -0.000284768728306517, 0.0008558437693864107, 0.0004081501974724233], [0.00015767794684506953, -0.000564936432056129, 0.001434575766324997, -0.000676203053444624, -0.0004982499522157013, -0.0003388171608094126, -0.0005501186242327094, 6.613451114390045e-05, -0.0002492000930942595, -0.0007782604079693556, 9.939236770151183e-05, -0.0009279756341129541, -0.0016326169716194272], [-0.00028224539710208774, 0.0009047712082974613, -0.000676203053444624, 0.0023250607773661613, -0.0012415105011314154, 0.0005135198007337749, 0.00020969063916709274, 0.0017096033552661538, -0.00027215940644964576, 0.0016305529279634356, 0.00023950143076945096, 0.0006709950976073742, 0.00016147500718943775], [0.0002590149233583361, -0.000985421473160386, -0.0004982499522157013, -0.0012415105011314154, 0.004579388536512852, -0.00048148914356715977, -0.00035714523983187973, -0.001427673501893878, -0.0009826815221458673, -0.0024194372817873955, 3.553486385499127e-05, 0.00043119865586049855, -0.0017973558278754354], [-0.00022873308626003563, 0.0007409323006868362, -0.0003388171608094126, 0.0005135198007337749, -0.00048148914356715977, 0.00439084367826581, -0.002115563489496708, -0.00011241863103350624, 0.0001529084547655657, -0.0016778693534433842, 0.000715631409548223, -0.0006406191969290376, 0.0004652367206290364], [0.00011027618165826425, -0.00022093973529990762, -0.0005501186242327094, 0.00020969063916709274, -0.00035714523983187973, -0.002115563489496708, 0.004515232052654028, -0.0021935664117336273, 0.0007329267682507634, 0.0023908154107630253, -0.0020296478178352118, 0.0002831742458511144, 0.0018743167165666819], [-0.00028774942620657384, 0.0006290534511208534, 6.613451114390045e-05, 0.0017096033552661538, -0.001427673501893878, -0.00011241863103350624, -0.0021935664117336273, 0.009364953264594078, -0.0008384635439142585, -0.0011152540100738406, 0.0038631765637546778, -0.0023651455994695425, -0.003452698700129986], [-1.4735896911588497e-05, 0.00013270199997350574, -0.0002492000930942595, -0.00027215940644964576, -0.0009826815221458673, 0.0001529084547655657, 0.0007329267682507634, -0.0008384635439142585, 0.005291232373565435, -0.0006618350744247437, -0.0018563417252153158, 0.002669692039489746, -0.00024263077648356557], [-0.0001696355320746079, 0.0012756254291161895, -0.0007782604079693556, 0.0016305529279634356, -0.0024194372817873955, -0.0016778693534433842, 0.0023908154107630253, -0.0011152540100738406, -0.0006618350744247437, 0.010157373733818531, 0.00032158917747437954, 0.0005357791087590158, 0.0012943445472046733], [-4.780699237016961e-05, -0.000284768728306517, 9.939236770151183e-05, 0.00023950143076945096, 3.553486385499127e-05, 0.000715631409548223, -0.0020296478178352118, 0.0038631765637546778, -0.0018563417252153158, 0.00032158917747437954, 0.009235410019755363, -0.0017387972911819816, -0.0010436815209686756], [-4.590933895087801e-05, 0.0008558437693864107, -0.0009279756341129541, 0.0006709950976073742, 0.00043119865586049855, -0.0006406191969290376, 0.0002831742458511144, -0.0023651455994695425, 0.002669692039489746, 0.0005357791087590158, -0.0017387972911819816, 0.012462773360311985, -0.002074182964861393], [-9.142970520770177e-05, 0.0004081501974724233, -0.0016326169716194272, 0.00016147500718943775, -0.0017973558278754354, 0.0004652367206290364, 0.0018743167165666819, -0.003452698700129986, -0.00024263077648356557, 0.0012943445472046733, -0.0010436815209686756, -0.002074182964861393, 0.015006870031356812]], "lowlevel.mfcc.cov": [[61897.63671875, 6182.44384765625, -4341.6259765625, 2635.1533203125, -2398.363037109375, -1310.4166259765625, -4080.869384765625, -132.22921752929688, -4777.2138671875, -441.6949768066406, 187.3338623046875, -2809.926513671875, -862.8115844726562], [6182.44384765625, 4325.06982421875, 629.626220703125, 719.7117309570312, 243.3491973876953, 12.93140983581543, 11.038214683532715, 289.92919921875, -316.87823486328125, 14.683768272399902, 131.74310302734375, -184.44813537597656, 83.34620666503906], [-4341.6259765625, 629.626220703125, 1752.261962890625, 502.28485107421875, 742.1069946289062, 481.6296691894531, 611.9349975585938, 225.13441467285156, 673.2074584960938, 151.1011962890625, 15.448901176452637, 407.58837890625, 212.6456756591797], [2635.1533203125, 719.7117309570312, 502.28485107421875, 1173.8671875, 428.661376953125, 138.5643310546875, -203.17660522460938, 25.660078048706055, -197.8824920654297, 63.956825256347656, -12.619190216064453, -158.0509033203125, 35.203948974609375], [-2398.363037109375, 243.3491973876953, 742.1069946289062, 428.661376953125, 889.7522583007812, 255.43898010253906, 168.5532684326172, -10.387491226196289, 473.4356994628906, 210.70062255859375, -7.823103427886963, 229.55819702148438, 134.32301330566406], [-1310.4166259765625, 12.93140983581543, 481.6296691894531, 138.5643310546875, 255.43898010253906, 391.6945495605469, 311.85662841796875, 107.28589630126953, 273.3678894042969, 113.8470458984375, 74.3426284790039, 187.76808166503906, 54.31818389892578], [-4080.869384765625, 11.038214683532715, 611.9349975585938, -203.17660522460938, 168.5532684326172, 311.85662841796875, 770.2616577148438, 234.02659606933594, 557.5670166015625, 52.71900939941406, 14.202892303466797, 347.2055969238281, 121.81568908691406], [-132.22921752929688, 289.92919921875, 225.13441467285156, 25.660078048706055, -10.387491226196289, 107.28589630126953, 234.02659606933594, 279.3219299316406, 139.17208862304688, 18.73886489868164, 41.80889129638672, 77.84832000732422, 49.269561767578125], [-4777.2138671875, -316.87823486328125, 673.2074584960938, -197.8824920654297, 473.4356994628906, 273.3678894042969, 557.5670166015625, 139.17208862304688, 884.3529052734375, 178.20013427734375, 2.5836381912231445, 401.1741027832031, 147.6244659423828], [-441.6949768066406, 14.683768272399902, 151.1011962890625, 63.956825256347656, 210.70062255859375, 113.8470458984375, 52.71900939941406, 18.73886489868164, 178.20013427734375, 202.931640625, 88.55670166015625, 79.06912994384766, 17.740148544311523], [187.3338623046875, 131.74310302734375, 15.448901176452637, -12.619190216064453, -7.823103427886963, 74.3426284790039, 14.202892303466797, 41.80889129638672, 2.5836381912231445, 88.55670166015625, 180.22999572753906, 32.1478385925293, -26.500810623168945], [-2809.926513671875, -184.44813537597656, 407.58837890625, -158.0509033203125, 229.55819702148438, 187.76808166503906, 347.2055969238281, 77.84832000732422, 401.1741027832031, 79.06912994384766, 32.1478385925293, 320.76007080078125, 88.04695129394531], [-862.8115844726562, 83.34620666503906, 212.6456756591797, 35.203948974609375, 134.32301330566406, 54.31818389892578, 121.81568908691406, 49.269561767578125, 147.6244659423828, 17.740148544311523, -26.500810623168945, 88.04695129394531, 138.19467163085938]], "lowlevel.mfcc.icov": [[5.313805741025135e-05, -7.669437763979658e-05, 0.00010579201625660062, -8.861903188517317e-05, 0.00012499684817157686, -0.00017102519632317126, 0.00023504634737037122, -0.00013207521988078952, 3.848120104521513e-05, -9.972941916203126e-05, 0.00012837335816584527, -1.2409661394485738e-05, 2.7654470613924786e-05], [-7.669437763979658e-05, 0.0004694886738434434, -0.00034281957778148353, 0.00015034624084364623, -0.0004753172106575221, 0.0005622224416583776, -0.0005696298321709037, -0.00018389329488854855, 0.0003045983612537384, 0.0001780475868145004, -0.0006001124856993556, 0.00047927937703207135, -0.00023276268620975316], [0.00010579201625660062, -0.00034281957778148353, 0.001948390738107264, -0.0009591960115358233, -5.478757884702645e-05, -0.0009290846064686775, 0.00011523009015945718, -0.00029165713931433856, -0.00048799175419844687, 0.0004454135487321764, 0.00031279766699299216, -0.0011659679003059864, -0.00019865132344421], [-8.861903188517317e-05, 0.00015034624084364623, -0.0009591960115358233, 0.0025144945830106735, -0.0015997374430298805, -0.0005493531934916973, 5.112943836138584e-05, -0.0006285826675593853, 0.0010960802901536226, -6.554726860485971e-05, 0.00014828529674559832, 0.002042843261733651, -0.00029424019157886505], [0.00012499684817157686, -0.0004753172106575221, -5.478757884702645e-05, -0.0015997374430298805, 0.004395518451929092, -0.0009445901378057897, 0.0016184492269530892, 0.0013153798645362258, -0.0017320195911452174, -0.0021018683910369873, 0.0015532865654677153, -0.0018574943533167243, -0.0006364465807564557], [-0.00017102519632317126, 0.0005622224416583776, -0.0009290846064686775, -0.0005493531934916973, -0.0009445901378057897, 0.006825955118983984, -0.0029457302298396826, 0.00018962551257573068, 0.0005796173354610801, -0.0009138011955656111, -0.002179610077291727, -0.0008791385916993022, 0.0005671203834936023], [0.00023504634737037122, -0.0005696298321709037, 0.00011523009015945718, 5.112943836138584e-05, 0.0016184492269530892, -0.0029457302298396826, 0.005968065932393074, -0.0021058814600110054, -0.0015404390869662166, 0.0005629726801998913, 0.0015823148423805833, -0.0021226846147328615, -7.536193879786879e-05], [-0.00013207521988078952, -0.00018389329488854855, -0.00029165713931433856, -0.0006285826675593853, 0.0013153798645362258, 0.00018962551257573068, -0.0021058814600110054, 0.00666169123724103, -0.0011398758506402373, 0.0002581558655947447, -0.0014877401990815997, 0.00026094471104443073, -0.0012436367105692625], [3.848120104521513e-05, 0.0003045983612537384, -0.00048799175419844687, 0.0010960802901536226, -0.0017320195911452174, 0.0005796173354610801, -0.0015404390869662166, -0.0011398758506402373, 0.00507407495751977, -0.0024050555657595396, 0.0012158574536442757, -0.0012702670646831393, -0.00032093990012072027], [-9.972941916203126e-05, 0.0001780475868145004, 0.0004454135487321764, -6.554726860485971e-05, -0.0021018683910369873, -0.0009138011955656111, 0.0005629726801998913, 0.0002581558655947447, -0.0024050555657595396, 0.011080194264650345, -0.005444984883069992, 0.0008215021807700396, -5.60363241675077e-06], [0.00012837335816584527, -0.0006001124856993556, 0.00031279766699299216, 0.00014828529674559832, 0.0015532865654677153, -0.002179610077291727, 0.0015823148423805833, -0.0014877401990815997, 0.0012158574536442757, -0.005444984883069992, 0.010454261675477028, -0.002550607081502676, 0.0021568688098341227], [-1.2409661394485738e-05, 0.00047927937703207135, -0.0011659679003059864, 0.002042843261733651, -0.0018574943533167243, -0.0008791385916993022, -0.0021226846147328615, 0.00026094471104443073, -0.0012702670646831393, 0.0008215021807700396, -0.002550607081502676, 0.012066300958395004, -0.0020890790037810802], [2.7654470613924786e-05, -0.00023276268620975316, -0.00019865132344421, -0.00029424019157886505, -0.0006364465807564557, 0.0005671203834936023, -7.536193879786879e-05, -0.0012436367105692625, -0.00032093990012072027, -5.60363241675077e-06, 0.0021568688098341227, -0.0020890790037810802, 0.010923527181148529]], "metadata.audio_properties.analysis.downmix": "mix", "metadata.audio_properties.codec": "mp3", "metadata.audio_properties.md5_encoded": "9b94a5144810de8dfbd5b903dce49454", "metadata.tags.file_name": "1182276055504015430.mp3", "metadata.version.essentia": "2.1-beta6-dev", "metadata.version.essentia_git_sha": "v2.1_beta5-1110-g77a6a954", "metadata.version.extractor": "music 2.0", "tonal.chords_key": "E", "tonal.chords_scale": "minor", "tonal.key_edma.key": "F", "tonal.key_edma.scale": "minor", "tonal.key_krumhansl.key": "F", "tonal.key_krumhansl.scale": "minor", "tonal.key_temperley.key": "F", "tonal.key_temperley.scale": "minor", "metadata.tags.encoding": ["Lavf58.45.100"]}, "essentia_models": [{"model_name": "genre_dortmund", "activations": {"alternative": "0.07845356", "blues": "0.026509242", "electronic": "0.110987656", "folkcountry": "0.10070731", "funksoulrnb": "0.111287035", "jazz": "0.15963076", "pop": "0.030611018", "raphiphop": "0.5049008", "rock": "0.21678345"}}, {"model_