{"song_id": "1182279111436144720", "download": "https://cdn.discordapp.com/attachments/1128313332273782784/1182279111436144720/chirp.mp4?ex=65841e39&amp", "lyrics": "-", "style": ["pop"], "essentia_features": {"lowlevel.average_loudness": 0.4316306710243225, "lowlevel.barkbands_crest.mean": 12.947927474975586, "lowlevel.barkbands_crest.stdev": 4.433699607849121, "lowlevel.barkbands_flatness_db.mean": 0.3937419354915619, "lowlevel.barkbands_flatness_db.stdev": 0.045841533690690994, "lowlevel.barkbands_kurtosis.mean": 2.9900033473968506, "lowlevel.barkbands_kurtosis.stdev": 5.883230686187744, "lowlevel.barkbands_skewness.mean": 0.971448540687561, "lowlevel.barkbands_skewness.stdev": 0.8717907071113586, "lowlevel.barkbands_spread.mean": 5.055172920227051, "lowlevel.barkbands_spread.stdev": 2.5035593509674072, "lowlevel.dissonance.mean": 0.33433160185813904, "lowlevel.dissonance.stdev": 0.07940439134836197, "lowlevel.dynamic_complexity": 5.768446445465088, "lowlevel.erbbands_crest.mean": 15.622326850891113, "lowlevel.erbbands_crest.stdev": 5.365954399108887, "lowlevel.erbbands_flatness_db.mean": 0.41717156767845154, "lowlevel.erbbands_flatness_db.stdev": 0.04074105992913246, "lowlevel.erbbands_kurtosis.mean": 1.6645351648330688, "lowlevel.erbbands_kurtosis.stdev": 3.642091989517212, "lowlevel.erbbands_skewness.mean": 0.4835313856601715, "lowlevel.erbbands_skewness.stdev": 0.8515425324440002, "lowlevel.erbbands_spread.mean": 10.02479076385498, "lowlevel.erbbands_spread.stdev": 4.525537967681885, "lowlevel.hfc.mean": 9.23971939086914, "lowlevel.hfc.stdev": 12.077753067016602, "lowlevel.loudness_ebu128.integrated": -30.41986083984375, "lowlevel.loudness_ebu128.loudness_range": 11.043176651000977, "lowlevel.loudness_ebu128.momentary.mean": -33.75253677368164, "lowlevel.loudness_ebu128.momentary.stdev": 5.94187593460083, "lowlevel.loudness_ebu128.short_term.mean": -32.1556282043457, "lowlevel.loudness_ebu128.short_term.stdev": 3.723936080932617, "lowlevel.melbands_crest.mean": 14.66329288482666, "lowlevel.melbands_crest.stdev": 5.511784076690674, "lowlevel.melbands_flatness_db.mean": 0.5084428191184998, "lowlevel.melbands_flatness_db.stdev": 0.05583273991942406, "lowlevel.melbands_kurtosis.mean": 3.0628082752227783, "lowlevel.melbands_kurtosis.stdev": 4.599983215332031, "lowlevel.melbands_skewness.mean": 1.0035203695297241, "lowlevel.melbands_skewness.stdev": 0.790104329586029, "lowlevel.melbands_spread.mean": 8.15772819519043, "lowlevel.melbands_spread.stdev": 4.9526591300964355, "lowlevel.pitch_salience.mean": 0.4941405951976776, "lowlevel.pitch_salience.stdev": 0.10257051140069962, "lowlevel.silence_rate_20dB.mean": 1.0, "lowlevel.silence_rate_20dB.stdev": 0.0, "lowlevel.silence_rate_30dB.mean": 0.9936268925666809, "lowlevel.silence_rate_30dB.stdev": 0.07957742363214493, "lowlevel.silence_rate_60dB.mean": 0.2387022078037262, "lowlevel.silence_rate_60dB.stdev": 0.4262874722480774, "lowlevel.spectral_centroid.mean": 522.4730834960938, "lowlevel.spectral_centroid.stdev": 153.54559326171875, "lowlevel.spectral_complexity.mean": 8.124565124511719, "lowlevel.spectral_complexity.stdev": 4.10099458694458, "lowlevel.spectral_decrease.mean": -4.503461603633241e-09, "lowlevel.spectral_decrease.stdev": 5.22511411915616e-09, "lowlevel.spectral_energy.mean": 0.017835162580013275, "lowlevel.spectral_energy.stdev": 0.02076803520321846, "lowlevel.spectral_energyband_high.mean": 6.662464215878572e-07, "lowlevel.spectral_energyband_high.stdev": 4.817692570213694e-06, "lowlevel.spectral_energyband_low.mean": 0.0022840409073978662, "lowlevel.spectral_energyband_low.stdev": 0.004468982107937336, "lowlevel.spectral_energyband_middle_high.mean": 0.002770025981590152, "lowlevel.spectral_energyband_middle_high.stdev": 0.0055307261645793915, "lowlevel.spectral_energyband_middle_low.mean": 0.013665029779076576, "lowlevel.spectral_energyband_middle_low.stdev": 0.0172264464199543, "lowlevel.spectral_entropy.mean": 5.367745399475098, "lowlevel.spectral_entropy.stdev": 0.45355239510536194, "lowlevel.spectral_flux.mean": 0.0249694362282753, "lowlevel.spectral_flux.stdev": 0.0275112334638834, "lowlevel.spectral_kurtosis.mean": 124.57301330566406, "lowlevel.spectral_kurtosis.stdev": 62.32626724243164, "lowlevel.spectral_rms.mean": 0.0035348348319530487, "lowlevel.spectral_rms.stdev": 0.002214742125943303, "lowlevel.spectral_rolloff.mean": 693.6408081054688, "lowlevel.spectral_rolloff.stdev": 456.8399658203125, "lowlevel.spectral_skewness.mean": 7.703664302825928, "lowlevel.spectral_skewness.stdev": 2.906827688217163, "lowlevel.spectral_spread.mean": 843375.75, "lowlevel.spectral_spread.stdev": 479535.375, "lowlevel.spectral_strongpeak.mean": 1.3216297626495361, "lowlevel.spectral_strongpeak.stdev": 1.3777306079864502, "lowlevel.zerocrossingrate.mean": 0.02516939863562584, "lowlevel.zerocrossingrate.stdev": 0.014723937958478928, "metadata.audio_properties.analysis.equal_loudness": 0.0, "metadata.audio_properties.analysis.length": 40.04265213012695, "metadata.audio_properties.analysis.sample_rate": 44100.0, "metadata.audio_properties.analysis.start_time": 0.0, "metadata.audio_properties.bit_rate": 81078.0, "metadata.audio_properties.length": 40.042667388916016, "metadata.audio_properties.lossless": 0.0, "metadata.audio_properties.number_channels": 1.0, "metadata.audio_properties.replay_gain": 1.8193111419677734, "metadata.audio_properties.sample_rate": 48000.0, "rhythm.beats_count": 99.0, "rhythm.beats_loudness.mean": 0.025391217321157455, "rhythm.beats_loudness.stdev": 0.026033688336610794, "rhythm.bpm": 184.57032775878906, "rhythm.bpm_histogram_first_peak_bpm": 185.0, "rhythm.bpm_histogram_first_peak_weight": 0.0, "rhythm.bpm_histogram_second_peak_bpm": 178.0, "rhythm.bpm_histogram_second_peak_spread": 0.0, "rhythm.bpm_histogram_second_peak_weight": 0.1734693944454193, "rhythm.danceability": 0.842477023601532, "rhythm.onset_rate": 2.296875, "tonal.chords_changes_rate": 0.0590277761220932, "tonal.chords_number_rate": 0.011574073694646358, "tonal.chords_strength.mean": 0.4272755980491638, "tonal.chords_strength.stdev": 0.09102138131856918, "tonal.hpcp_crest.mean": 25.36507797241211, "tonal.hpcp_crest.stdev": 8.866013526916504, "tonal.hpcp_entropy.mean": 0.7864344120025635, "tonal.hpcp_entropy.stdev": 0.5998289585113525, "tonal.key_edma.strength": 0.7174980044364929, "tonal.key_krumhansl.strength": 0.7197166085243225, "tonal.key_temperley.strength": 0.7195131778717041, "tonal.tuning_diatonic_strength": 0.4283675253391266, "tonal.tuning_equal_tempered_deviation": 0.012112583965063095, "tonal.tuning_frequency": 440.2542419433594, "tonal.tuning_nontempered_energy_ratio": 0.5959407091140747, "lowlevel.barkbands.mean": [1.8125434735338786e-06, 6.390635098796338e-05, 0.0015584336360916495, 0.0009896891424432397, 0.001913996646180749, 0.003131598699837923, 0.0012837658869102597, 0.003895797999575734, 0.001968463184311986, 0.0016981869703158736, 0.0005020666285417974, 0.0002095365198329091, 0.00025652689510025084, 0.0001488333218730986, 8.497448288835585e-05, 6.693983596051112e-05, 4.0940642065834254e-05, 1.4579608432541136e-05, 4.029590854770504e-06, 1.0011519862018758e-06, 4.56482212030096e-08, 2.241217167409104e-08, 1.0371302039402508e-08, 2.0797734645583432e-09, 1.6333309149629827e-09, 1.3268729448512318e-09, 1.2544972838313129e-09], "lowlevel.barkbands.stdev": [2.7577757464314345e-06, 0.00020307254453655332, 0.003259285120293498, 0.002308957278728485, 0.0031108963303267956, 0.00496321078389883, 0.0021689373534172773, 0.013400121591985226, 0.003921291790902615, 0.004300016909837723, 0.0015273314202204347, 0.0004508356505539268, 0.0007242413703352213, 0.00027631211560219526, 0.00017294706776738167, 0.0002784930693451315, 0.00010998679499607533, 5.205252091400325e-05, 1.8314976841793396e-05, 6.657071025983896e-06, 2.5355370780744124e-07, 1.5311839263176807e-07, 1.1289660761804043e-07, 4.102266615291228e-08, 2.0349803619978957e-08, 7.951818759011076e-09, 3.601163589550538e-09], "lowlevel.erbbands.mean": [0.0009706354467198253, 0.0411226712167263, 1.1382250785827637, 3.443808078765869, 4.297003746032715, 7.1580491065979, 10.043503761291504, 29.47763442993164, 22.21836280822754, 45.870361328125, 83.772216796875, 52.79527282714844, 35.693511962890625, 50.04513168334961, 23.478111267089844, 10.944828033447266, 13.639813423156738, 8.724071502685547, 2.799034595489502, 5.985228061676025, 3.453626871109009, 1.9905451536178589, 1.2280675172805786, 0.28409314155578613, 0.16118022799491882, 0.05299205332994461, 0.009782247245311737, 0.0014832525048404932, 0.000996151939034462, 0.0005974577507004142, 0.00017376105824951082, 6.137491436675191e-05, 4.59325201518368e-05, 3.435329927015118e-05, 2.0275017959647812e-05, 1.3981072697788477e-05, 8.095745215541683e-06, 2.1617252059513703e-06, 8.788671948423143e-06, 2.0179792045382783e-05], "lowlevel.erbbands.stdev": [0.0028000520542263985, 0.08541875332593918, 2.3892085552215576, 7.073785781860352, 9.403518676757812, 12.729230880737305, 18.31098175048828, 47.03319549560547, 34.7271614074707, 146.45053100585938, 297.3114929199219, 107.47817993164062, 60.02448654174805, 150.01039123535156, 73.42172241210938, 23.205469131469727, 37.06526565551758, 15.32502555847168, 5.246313571929932, 14.016377449035645, 11.26578426361084, 5.9768218994140625, 3.7008554935455322, 1.082973837852478, 0.8399907946586609, 0.34175190329551697, 0.061657048761844635, 0.007342470344156027, 0.006728821899741888, 0.006252392195165157, 0.0015604591462761164, 0.000885449000634253, 0.0006560963811352849, 0.0004041991487611085, 6.476729322457686e-05, 3.154500882374123e-05, 1.7236590792890638e-05, 7.431911853927886e-06, 1.0199094504059758e-05, 2.3584621885675006e-05], "lowlevel.gfcc.mean": [-244.26048278808594, 249.30857849121094, -123.30203247070312, -78.46172332763672, -16.983394622802734, -29.697206497192383, -39.97050476074219, -9.083876609802246, -13.837906837463379, -26.032583236694336, -12.3858003616333, -12.103095054626465, -8.52465534210205], "lowlevel.melbands.mean": [1.1526933121785987e-05, 0.00044432131107896566, 0.000595167453866452, 0.0003940958413295448, 0.0003633214219007641, 0.0006496669957414269, 0.000328715774230659, 0.0005599276046268642, 0.0006711520254611969, 0.00027825639699585736, 0.000173464635736309, 0.00021171201660763472, 7.1152244345285e-05, 3.832398579106666e-05, 2.8486125302151777e-05, 2.152081833628472e-05, 1.6036463421187364e-05, 4.080907729075989e-06, 5.604174930340378e-06, 7.449828444805462e-06, 3.449712949077366e-06, 1.973888174688909e-06, 2.025902631430654e-06, 4.4081511418880837e-07, 2.122658315784065e-07, 1.052811740009929e-07, 7.154336856274313e-08, 3.0968479336479504e-08, 6.306060118532741e-09, 1.5016302645776136e-09, 4.051711743890962e-10, 6.333560342852707e-10, 2.8755983705330834e-10, 3.6853842200201825e-10, 9.655177352074773e-11, 3.269345905110299e-11, 2.6440098374602705e-11, 2.355939054954348e-11, 2.1988157822283583e-11, 1.8053669670337058e-11], "lowlevel.melbands.stdev": [4.007831012131646e-05, 0.0008922702400013804, 0.0010297138942405581, 0.0006733913323841989, 0.0006181724602356553, 0.0010264953598380089, 0.0005100487032905221, 0.0018528290092945099, 0.0021983899641782045, 0.000562897592317313, 0.000309633876895532, 0.000663906685076654, 0.00020762970962096006, 9.767678420757875e-05, 6.804832810303196e-05, 5.050944673712365e-05, 3.0454379157163203e-05, 8.3989825725439e-06, 1.1406762496335432e-05, 2.5159135475405492e-05, 1.109148251998704e-05, 7.334210295084631e-06, 5.630775831377832e-06, 1.6589543747613789e-06, 1.0014563258664566e-06, 5.757940471085021e-07, 4.0612479779156274e-07, 2.65943697286275e-07, 5.3000476896158943e-08, 1.0569586095243722e-08, 1.9634107673027756e-09, 4.298872369190576e-09, 2.4773336715355754e-09, 4.5028407669178705e-09, 9.298908310029219e-10, 5.728734708831951e-10, 5.177523410004881e-10, 4.553120658279397e-10, 4.376436990582988e-10, 3.125202319154141e-10], "lowlevel.melbands128.mean": [6.042989184606995e-07, 1.7332747574982932e-06, 1.1430422091507353e-05, 3.841728175757453e-05, 0.0003313110792078078, 0.0009134600986726582, 0.0007780713494867086, 0.0003987379022873938, 0.0004680754791479558, 0.00033397795050404966, 0.0004294675018172711, 0.00036800041561946273, 0.00021279486827552319, 0.0005569095374085009, 0.0006234258180484176, 0.0008697116281837225, 0.00041990322642959654, 0.00021170043328311294, 0.00018313247710466385, 0.0005984128220006824, 0.0006492018001154065, 0.0006875243270769715, 0.0007934655295684934, 0.00045775738544762135, 0.00044720660662278533, 8.803334640106186e-05, 0.00018745161651168019, 0.000198815789190121, 7.577627548016608e-05, 0.00040713613270781934, 0.0001612352061783895, 4.205120058031753e-05, 7.389492384390905e-05, 0.00010577580542303622, 2.8944554287591018e-05, 2.9809378247591667e-05, 2.729498919507023e-05, 4.299402007745812e-06, 6.104057683842257e-05, 3.07918235193938e-05, 2.247720203740755e-06, 2.3031007003737614e-05, 1.63112908921903e-05, 1.7423799363314174e-05, 1.8878907894759323e-06, 3.1578563266521087e-06, 3.691901383717777e-06, 1.9962792521255324e-06, 6.439377557398984e-06, 1.5291823729057796e-05, 4.673938747146167e-06, 4.284203441784484e-06, 4.814546173292911e-06, 2.387277618254302e-06, 2.1700323031836888e-06, 2.045073188128299e-06, 1.094340063900745e-06, 3.328455477458192e-06, 1.790211740626546e-06, 9.213741805069731e-07, 1.622937730871854e-07, 3.311764942282025e-07, 2.532847247493919e-07, 2.026003471655713e-07, 5.06490849261354e-08, 5.820021087288296e-08, 2.1682170370240783e-07, 9.371545672820503e-08, 3.981399743224756e-08, 1.0221058666104454e-08, 5.936135138995269e-08, 1.4742290055380636e-08, 1.6328653984487573e-08, 2.4247865937354618e-09, 1.4185251862031123e-09, 1.6718607609433889e-09, 1.612227129577093e-09, 3.8407352298541753e-10, 2.434892565350566e-10, 3.085647293232796e-10, 9.244694454402236e-10, 6.176167355320672e-10, 4.0265848988418895e-10, 2.1874924094333892e-10, 2.377376351336835e-10, 3.1417504708919353e-10, 5.648296830251809e-10, 1.5388185170550628e-10, 6.822672288242515e-11, 3.2155417217794025e-11, 3.2979688424639164e-11, 3.44144261699153e-11, 2.851123503955222e-11, 2.7071768438080568e-11, 2.4564156264617054e-11, 2.3973002402644106e-11, 2.278990884896359e-11, 2.3300051124608423e-11, 2.3227602133357728e-11, 1.981253702765251e-11, 2.1439501216025114e-11, 1.9033542103530365e-11, 1.3026895534506977e-11, 9.950248090750957e-12, 1.0046138400332527e-11, 9.412482945836409e-12, 9.17888594992311e-12, 8.471290509348695e-12, 8.451580581214646e-12, 8.43672440936638e-12, 8.180511823496772e-12, 8.113055366409938e-12, 8.395981826447851e-12, 8.011375417227296e-12, 7.621754789799429e-12, 7.82058012099851e-12, 8.641280399568352e-12, 7.465832639608205e-12, 5.456656394092763e-12, 5.279714165862259e-12, 5.110780722239472e-12, 5.0693663676548706e-12, 5.103049059707043e-12, 4.937241154107097e-12, 4.208151622303591e-12, 2.935561949773957e-12, 2.2608876576457604e-12, 2.155642634879551e-12], "lowlevel.melbands128.stdev": [1.0641387007126468e-06, 8.248364792962093e-06, 6.0521055274875835e-05, 0.00011812515731435269, 0.0007940101786516607, 0.0018767848378047347, 0.0017985663143917918, 0.0008005993440747261, 0.0012440282152965665, 0.0008405927219428122, 0.0008744137012399733, 0.0008239157032221556, 0.00042318605119362473, 0.0015928500797599554, 0.001160833053290844, 0.0016700949054211378, 0.0008941374253481627, 0.0005608767969533801, 0.0003732771147042513, 0.001990838907659054, 0.0029123774729669094, 0.002944192849099636, 0.0033615753054618835, 0.0010573328472673893, 0.00120098190382123, 0.00018368262681178749, 0.0003392027283553034, 0.0004920992068946362, 0.00017886527348309755, 0.0013672575587406754, 0.0005203618202358484, 0.00011177154374308884, 0.00019639903621282429, 0.0005294335423968732, 6.72337700962089e-05, 8.282643830170855e-05, 9.32670955080539e-05, 1.233806960954098e-05, 0.00018953050312120467, 9.35936623136513e-05, 6.941778792679543e-06, 6.227220001164824e-05, 3.189314156770706e-05, 4.9018210120266303e-05, 6.468385890912032e-06, 1.3171315913496073e-05, 1.0659424333425704e-05, 7.662080861337017e-06, 1.6382513422286138e-05, 4.151796019868925e-05, 3.734348138095811e-05, 3.402152287890203e-05, 2.2040285330149345e-05, 1.1488399650261272e-05, 8.309013537655119e-06, 1.458585393265821e-05, 4.73669433631585e-06, 1.121326658903854e-05, 6.7832170316250995e-06, 4.984169208910316e-06, 7.309964189516904e-07, 1.8163694903705618e-06, 1.379109335175599e-06, 1.3783131862510345e-06, 7.006691475908156e-07, 5.456597591546597e-07, 1.3878423033020226e-06, 6.137277068773983e-07, 3.6283799431657826e-07, 9.902284858753774e-08, 5.707547074962349e-07, 1.3169449175620684e-07, 1.7226780357759708e-07, 1.7568567045600503e-08, 9.917676457860125e-09, 1.6053382623226753e-08, 1.1195341542702408e-08, 2.2701240887101903e-09, 1.6241699096752882e-09, 2.063884396719118e-09, 6.162755639138595e-09, 6.177293787601457e-09, 3.7151144383074097e-09, 2.5373811940454516e-09, 3.0596560840479015e-09, 4.180114032692472e-09, 7.730592166410588e-09, 1.5132016750740718e-09, 8.528971418009235e-10, 5.979669537303778e-10, 5.658912227701762e-10, 5.641845879367224e-10, 5.917432099877828e-10, 5.408939962592285e-10, 4.592531910319053e-10, 4.571552580934224e-10, 4.2749764839200566e-10, 4.785323803879749e-10, 4.713505141751284e-10, 3.753905242209754e-10, 4.3722817033575723e-10, 3.5748765059295806e-10, 1.2222391154725898e-10, 6.323785245454516e-11, 5.895284260759581e-11, 5.835204541781991e-11, 6.208632913340395e-11, 4.581707235828958e-11, 4.767251524095961e-11, 5.49191941923155e-11, 4.5512621449361745e-11, 3.953570457126965e-11, 5.583295631383933e-11, 5.6596352604465494e-11, 4.564823519181971e-11, 5.227430294185709e-11, 8.437161386209979e-11, 6.602718372050731e-11, 5.797627135317729e-12, 5.523477942387389e-12, 5.4056485850051406e-12, 5.297447810276301e-12, 5.160856984820494e-12, 5.1156006514174734e-12, 5.0054986197589635e-12, 4.931287149456676e-12, 4.881293719921631e-12, 4.853096223500497e-12], "lowlevel.mfcc.mean": [-887.9263305664062, 287.134765625, -22.225839614868164, -31.747108459472656, 10.606562614440918, -18.188587188720703, -20.61354637145996, -1.8673399686813354, -6.90183687210083, -13.301422119140625, -7.925038814544678, -8.577159881591797, -12.268823623657227], "lowlevel.spectral_contrast_coeffs.mean": [-0.5790961384773254, -0.5986563563346863, -0.6445397138595581, -0.7097114324569702, -0.7090432643890381, -0.8931736350059509], "lowlevel.spectral_contrast_coeffs.stdev": [0.0780736580491066, 0.0794568732380867, 0.06797955930233002, 0.05639289692044258, 0.07446780055761337, 0.04969841614365578], "lowlevel.spectral_contrast_valleys.mean": [-8.586394309997559, -7.896826267242432, -8.826271057128906, -10.066716194152832, -12.239692687988281, -14.68698501586914], "lowlevel.spectral_contrast_valleys.stdev": [1.18155837059021, 1.1836073398590088, 1.187827229499817, 1.2718424797058105, 1.1656925678253174, 0.8298773765563965], "rhythm.beats_loudness_band_ratio.mean": [0.19418171048164368, 0.352980375289917, 0.39951834082603455, 0.11267848312854767, 0.011282443068921566, 0.00011586719483602792], "rhythm.beats_loudness_band_ratio.stdev": [0.17342567443847656, 0.21037228405475616, 0.21715225279331207, 0.13597677648067474, 0.012951758690178394, 0.0003640662180259824], "tonal.hpcp.mean": [0.16201618313789368, 0.07778862863779068, 0.005584402941167355, 0.008001046255230904, 0.009835428558290005, 0.18185627460479736, 0.28456008434295654, 0.11056619882583618, 0.09809286147356033, 0.14570526778697968, 0.04954645037651062, 0.005483296699821949, 0.013403046876192093, 0.009683557786047459, 0.07119042426347733, 0.13859102129936218, 0.07000817358493805, 0.036888912320137024, 0.07038578391075134, 0.035429902374744415, 0.11796785145998001, 0.20658092200756073, 0.08982475847005844, 0.0015038048150017858, 0.002022312954068184, 0.003369891084730625, 0.14942172169685364, 0.25545787811279297, 0.12235859036445618, 0.12792633473873138, 0.1881982684135437, 0.07536601275205612, 0.0027034517843276262, 0.0021496352273970842, 0.0018936803098767996, 0.08666480332612991], "tonal.hpcp.stdev": [0.3175591230392456, 0.156835675239563, 0.017486965283751488, 0.03887076675891876, 0.050020478665828705, 0.27433890104293823, 0.40368250012397766, 0.1628701239824295, 0.22547560930252075, 0.33310800790786743, 0.12054441124200821, 0.010385476052761078, 0.040973033756017685, 0.04362101852893829, 0.16348254680633545, 0.3145173490047455, 0.15872497856616974, 0.1164887323975563, 0.22588378190994263, 0.11665170639753342, 0.20524759590625763, 0.3497820794582367, 0.149272620677948, 0.004237409681081772, 0.011249512434005737, 0.03229651227593422, 0.21878495812416077, 0.36456963419914246, 0.18526504933834076, 0.23841199278831482, 0.3443540036678314, 0.13976354897022247, 0.01770087704062462, 0.006989278364926577, 0.0069001102820038795, 0.1652265340089798], "rhythm.beats_position": [0.3599092960357666, 0.6965986490249634, 1.0216779708862305, 1.3583673238754272, 1.695056676864624, 2.0317459106445312, 2.356825351715088, 2.6819047927856445, 3.0185940265655518, 3.355283498764038, 3.6803627014160156, 4.005442142486572, 4.342131614685059, 4.667210578918457, 4.980679988861084, 5.305759429931641, 5.642448902130127, 5.979138374328613, 6.29260778427124, 6.629296779632568, 6.977596282958984, 7.3258957862854, 7.685804843902588, 8.010884284973145, 8.335963249206543, 8.672653198242188, 8.997732162475586, 9.3228120803833, 9.63628101348877, 9.961359977722168, 10.286439895629883, 10.64634895324707, 11.017868041992188, 11.389387130737305, 11.760907173156738, 12.097596168518066, 12.445895195007324, 12.794195175170898, 13.142494201660156, 13.502403259277344, 13.839092254638672, 14.175782203674316, 14.489251136779785, 14.79111099243164, 15.116189956665039, 15.441269874572754, 15.766348838806152, 16.068208694458008, 16.381677627563477, 16.695146560668945, 17.031835556030273, 17.380136489868164, 17.74004554748535, 18.09995460510254, 18.436643600463867, 18.761722564697266, 19.086801528930664, 19.411882400512695, 19.736961364746094, 20.08526039123535, 20.43355941772461, 20.770248413085938, 21.153377532958984, 21.53650665283203, 21.91963768005371, 22.337596893310547, 22.75555419921875, 23.15029525756836, 23.556644439697266, 23.951383590698242, 24.35773277282715, 24.764081954956055, 25.17043113708496, 25.72770881652832, 26.284988403320312, 26.842267990112305, 27.422765731811523, 28.014875411987305, 28.583763122558594, 29.141042709350586, 29.698322296142578, 30.267210006713867, 30.81287956237793, 31.358549118041992, 31.904216766357422, 32.46149444580078, 33.007164001464844, 33.552833557128906, 34.09850311279297, 34.64417266845703, 35.21306228637695, 35.78194808959961, 36.362449645996094, 36.93133544921875, 37.50022506713867, 38.080726623535156, 38.661224365234375, 39.241722106933594, 39.810611724853516], "rhythm.bpm_histogram": [0.0, 0.0, 0.0, 0.0, 0.0, 0.0, 0.0, 0.0, 0.0, 0.0, 0.0, 0.0, 0.0, 0.0, 0.0, 0.0, 0.0, 0.0, 0.0, 0.0, 0.0, 0.0, 0.0, 0.0, 0.0, 0.0, 0.0, 0.0, 0.0, 0.0, 0.0, 0.0, 0.0, 0.0, 0.0, 0.0, 0.0, 0.0, 0.0, 0.0, 0.0, 0.0, 0.0, 0.0, 0.0, 0.0, 0.0, 0.0, 0.0, 0.0, 0.0, 0.0, 0.0, 0.0, 0.0, 0.0, 0.0, 0.0, 0.0, 0.0, 0.0, 0.0, 0.0, 0.0, 0.0, 0.0, 0.0, 0.0, 0.0, 0.0, 0.0, 0.0, 0.0, 0.0, 0.0, 0.0, 0.0, 0.0, 0.0, 0.0, 0.0, 0.0, 0.0, 0.0, 0.0, 0.0, 0.0, 0.0, 0.0, 0.0, 0.0, 0.0, 0.0, 0.0, 0.0, 0.0, 0.0, 0.0, 0.0, 0.0, 0.0, 0.010204081423580647, 0.0, 0.051020409911870956, 0.0, 0.0714285746216774, 0.0, 0.0, 0.06122449040412903, 0.0, 0.0714285746216774, 0.0, 0.0, 0.0, 0.0, 0.0, 0.0, 0.0, 0.0, 0.0, 0.0, 0.0, 0.0, 0.0, 0.0, 0.0, 0.0, 0.0, 0.0, 0.0, 0.0, 0.0, 0.0, 0.0, 0.0, 0.0, 0.0, 0.0, 0.0, 0.0, 0.0, 0.0, 0.0, 0.0, 0.020408162847161293, 0.0, 0.0, 0.0, 0.040816325694322586, 0.0, 0.0, 0.0, 0.020408162847161293, 0.0, 0.0, 0.0, 0.0, 0.030612245202064514, 0.0, 0.0, 0.0, 0.030612245202064514, 0.0, 0.0, 0.0, 0.0, 0.0, 0.051020409911870956, 0.0, 0.0, 0.0, 0.0, 0.08163265138864517, 0.0, 0.0, 0.0, 0.0, 0.0, 0.1734693944454193, 0.0, 0.0, 0.0, 0.0, 0.0, 0.0, 0.20408163964748383, 0.0, 0.0, 0.0, 0.0, 0.0, 0.06122449040412903, 0.0, 0.0, 0.0, 0.0, 0.0, 0.0, 0.0, 0.020408162847161293, 0.0, 0.0, 0.0, 0.0, 0.0, 0.0, 0.0, 0.0, 0.0, 0.0, 0.0, 0.0, 0.0, 0.0, 0.0, 0.0, 0.0, 0.0, 0.0, 0.0, 0.0, 0.0, 0.0, 0.0, 0.0, 0.0, 0.0, 0.0, 0.0, 0.0, 0.0, 0.0, 0.0, 0.0, 0.0, 0.0, 0.0, 0.0, 0.0, 0.0, 0.0, 0.0, 0.0, 0.0, 0.0, 0.0, 0.0, 0.0, 0.0, 0.0], "tonal.chords_histogram": [20.023147583007812, 4.629629611968994, 12.962963104248047, 14.351851463317871, 1.5046296119689941, 0.0, 0.0, 1.8518518209457397, 2.314814805984497, 21.990739822387695, 0.0, 0.0, 0.0, 0.0, 0.0, 0.46296295523643494, 0.8101851940155029, 0.0, 0.0, 0.0, 0.0, 0.0, 13.773148536682129, 5.3240742683410645], "tonal.thpcp": [1.0, 0.3885513246059418, 0.3447175621986389, 0.512036919593811, 0.17411595582962036, 0.01926938071846962, 0.047100938856601715, 0.034029923379421234, 0.2501771152019501, 0.4870360493659973, 0.24602246284484863, 0.12963488698005676, 0.24734945595264435, 0.12450763583183289, 0.4145621955394745, 0.7259659171104431, 0.31566184759140015, 0.005284665152430534, 0.007106804754585028, 0.011842458508908749, 0.5250972509384155, 0.8977291584014893, 0.42999210953712463, 0.4495582580566406, 0.6613656878471375, 0.2648509740829468, 0.00950046069920063, 0.007554240059107542, 0.006654764525592327, 0.3045571446418762, 0.5693566799163818, 0.27336451411247253, 0.01962468773126602, 0.02811724692583084, 0.03456362709403038, 0.639078676700592], "lowlevel.gfcc.cov": [[8630.1376953125, 1038.7393798828125, -2593.625, 512.3623657226562, 1201.9664306640625, -1112.2862548828125, 485.2176818847656, 205.00148010253906, -16.11058235168457, -123.83125305175781, 198.005126953125, -370.70819091796875, -149.17430114746094], [1038.7393798828125, 836.6213989257812, 259.6282958984375, -17.77988052368164, 384.73876953125, -8.19232177734375, -76.28544616699219, -29.147571563720703, 16.54217529296875, -113.83988189697266, 29.29612922668457, -52.93570327758789, 43.878658294677734], [-2593.625, 259.6282958984375, 1788.64697265625, 23.56890869140625, -314.9381408691406, 572.616455078125, -176.2021942138672, -150.87989807128906, 26.650896072387695, 1.013262391090393, -122.56993103027344, 72.24352264404297, 80.92244720458984], [512.3623657226562, -17.77988052368164, 23.56890869140625, 436.4491882324219, 109.11494445800781, -6.535334587097168, 146.35926818847656, -12.823657035827637, -39.49174499511719, 44.160648345947266, -18.5216007232666, -43.2411003112793, -35.09352111816406], [1201.9664306640625, 384.73876953125, -314.9381408691406, 109.11494445800781, 435.6040344238281, -129.77639770507812, 14.010356903076172, 50.9765625, -3.7864654064178467, -60.660552978515625, 63.43742370605469, -53.427799224853516, -13.000587463378906], [-1112.2862548828125, -8.19232177734375, 572.616455078125, -6.535334587097168, -129.77639770507812, 313.5701599121094, 1.8522026538848877, -33.5947151184082, 8.66246509552002, 15.535894393920898, -40.48308563232422, 38.82891845703125, 5.634673118591309], [485.2176818847656, -76.28544616699219, -176.2021942138672, 146.35926818847656, 14.010356903076172, 1.8522026538848877, 238.55990600585938, 62.237510681152344, -21.283246994018555, 44.71543884277344, 6.164588451385498, -62.62454605102539, -75.51884460449219], [205.00148010253906, -29.147571563720703, -150.87989807128906, -12.823657035827637, 50.9765625, -33.5947151184082, 62.237510681152344, 117.51302337646484, 33.45610809326172, -2.072394609451294, 9.172688484191895, -24.763364791870117, -39.94569778442383], [-16.11058235168457, 16.54217529296875, 26.650896072387695, -39.49174499511719, -3.7864654064178467, 8.66246509552002, -21.283246994018555, 33.45610809326172, 81.87348937988281, 13.074604034423828, -15.036983489990234, 0.13331389427185059, 8.829740524291992], [-123.83125305175781, -113.83988189697266, 1.013262391090393, 44.160648345947266, -60.660552978515625, 15.535894393920898, 44.71543884277344, -2.072394609451294, 13.074604034423828, 74.54435729980469, 15.895450592041016, -2.8273584842681885, -7.5719428062438965], [198.005126953125, 29.29612922668457, -122.56993103027344, -18.5216007232666, 63.43742370605469, -40.48308563232422, 6.164588451385498, 9.172688484191895, -15.036983489990234, 15.895450592041016, 93.54731750488281, 33.331058502197266, -7.404346466064453], [-370.70819091796875, -52.93570327758789, 72.24352264404297, -43.2411003112793, -53.427799224853516, 38.82891845703125, -62.62454605102539, -24.763364791870117, 0.13331389427185059, -2.8273584842681885, 33.331058502197266, 105.48844146728516, 50.6871223449707], [-149.17430114746094, 43.878658294677734, 80.92244720458984, -35.09352111816406, -13.000587463378906, 5.634673118591309, -75.51884460449219, -39.94569778442383, 8.829740524291992, -7.5719428062438965, -7.404346466064453, 50.6871223449707, 87.44568634033203]], "lowlevel.gfcc.icov": [[0.0009575844160281122, -0.002085155574604869, 0.0016016119625419378, -0.0015933524118736386, 0.0014272895641624928, 0.0006948974332772195, -0.0007540581282228231, 0.00033632692066021264, -0.0014097726671025157, 0.001313482876867056, -0.0011524272849783301, 0.0012232394656166434, -0.0003224230313207954], [-0.002085155574604869, 0.011800698935985565, -0.007315934170037508, 0.006693268660455942, -0.010719039477407932, 0.0021736205089837313, -0.0036849097814410925, 0.00491472939029336, -0.001416427781805396, 0.004078553523868322, -0.0010158118093386292, 0.0008512082858942449, -0.002776278415694833], [0.0016016119625419378, -0.007315934170037508, 0.00712654460221529, -0.006289873272180557, 0.008459647186100483, -0.005389062222093344, 0.004150290507823229, -0.00240112841129303, -0.001251586014404893, 0.001512884977273643, -0.003165621543303132, 0.0042314124293625355, -0.001086994307115674], [-0.0015933524118736386, 0.006693268660455942, -0.006289873272180557, 0.010737908072769642, -0.011119620874524117, 0.004665971267968416, -0.0057905009016394615, 0.004126773215830326, 0.004088876768946648, -0.007937991060316563, 0.010016841813921928, -0.008486896753311157, 0.0036511914804577827], [0.0014272895641624928, -0.010719039477407932, 0.008459647186100483, -0.011119620874524117, 0.01936344988644123, -0.006915148813277483, 0.007727667223662138, -0.007451773155480623, -0.0020949868485331535, 0.007834342308342457, -0.012488676235079765, 0.010670125484466553, -0.004236001055687666], [0.0006948974332772195, 0.0021736205089837313, -0.005389062222093344, 0.004665971267968416, -0.006915148813277483, 0.015458974987268448, -0.009154926054179668, 0.0047705345787107944, -0.0014031919417902827, -0.002537953667342663, 0.007051123771816492, -0.009053878486156464, 0.0049700443632900715], [-0.0007540581282228231, -0.0036849097814410925, 0.004150290507823229, -0.0057905009016394615, 0.007727667223662138, -0.009154926054179668, 0.017245665192604065, -0.010207803919911385, 0.006913562770932913, -0.006409503985196352, -0.001556495437398553, 0.004612341523170471, 0.0023090646136552095], [0.00033632692066021264, 0.00491472939029336, -0.00240112841129303, 0.004126773215830326, -0.007451773155480623, 0.0047705345787107944, -0.010207803919911385, 0.021508708596229553, -0.012499954551458359, 0.008254587650299072, -0.0018318173242732882, -0.0005206194473430514, 0.0037038836162537336], [-0.0014097726671025157, -0.001416427781805396, -0.001251586014404893, 0.004088876768946648, -0.0020949868485331535, -0.0014031919417902827, 0.006913562770932913, -0.012499954551458359, 0.027481945231556892, -0.021053792908787727, 0.015995735302567482, -0.009911456145346165, 0.0036459602415561676], [0.001313482876867056, 0.004078553523868322, 0.001512884977273643, -0.007937991060316563, 0.007834342308342457, -0.002537953667342663, -0.006409503985196352, 0.008254587650299072, -0.021053792908787727, 0.047286391258239746, -0.0316133014857769, 0.023988431319594383, -0.015188908204436302], [-0.0011524272849783301, -0.0010158118093386292, -0.003165621543303132, 0.010016841813921928, -0.012488676235079765, 0.007051123771816492, -0.001556495437398553, -0.0018318173242732882, 0.015995735302567482, -0.0316133014857769, 0.04420549422502518, -0.032687727361917496, 0.01933879777789116], [0.0012232394656166434, 0.0008512082858942449, 0.0042314124293625355, -0.008486896753311157, 0.010670125484466553, -0.009053878486156464, 0.004612341523170471, -0.0005206194473430514, -0.009911456145346165, 0.023988431319594383, -0.032687727361917496, 0.0414351262152195, -0.02345425635576248], [-0.0003224230313207954, -0.002776278415694833, -0.001086994307115674, 0.0036511914804577827, -0.004236001055687666, 0.0049700443632900715, 0.0023090646136552095, 0.0037038836162537336, 0.0036459602415561676, -0.015188908204436302, 0.01933879777789116, -0.02345425635576248, 0.031035173684358597]], "lowlevel.mfcc.cov": [[6850.60693359375, 2025.3330078125, -3302.947021484375, 695.0113525390625, 640.8377685546875, -653.5637817382812, 210.0718536376953, 296.1772766113281, -126.64164733886719, 112.64778137207031, 181.42970275878906, 116.07351684570312, 358.595458984375], [2025.3330078125, 1291.5064697265625, -548.3653564453125, 7.955044746398926, 452.33642578125, -88.15119934082031, -42.17603302001953, 130.3936004638672, -21.28770637512207, -43.71525955200195, 26.57916259765625, -2.9069876670837402, -45.808631896972656], [-3302.947021484375, -548.3653564453125, 2212.371337890625, -220.651123046875, -245.47769165039062, 516.2183227539062, -49.14948272705078, -144.0196533203125, 95.8989028930664, -67.9535140991211, -127.66796875, -87.36397552490234, -227.95388793945312], [695.0113525390625, 7.955044746398926, -220.651123046875, 436.6044921875, 26.10236930847168, -20.695283889770508, 177.63673400878906, 12.73145866394043, -17.51473045349121, 65.23435974121094, 13.367947578430176, 12.528925895690918, 102.43833923339844], [640.8377685546875, 452.33642578125, -245.47769165039062, 26.10236930847168, 386.3460998535156, -13.102506637573242, -69.02018737792969, 78.89656829833984, -30.433929443359375, -52.43611145019531, 14.813467979431152, -40.40039825439453, -81.27976989746094], [-653.5637817382812, -88.15119934082031, 516.2183227539062, -20.695283889770508, -13.102506637573242, 235.91644287109375, 35.79787063598633, -31.036705017089844, 21.391345977783203, -18.53729820251465, -31.631275177001953, -53.34517288208008, -62.32183074951172], [210.0718536376953, -42.17603302001953, -49.14948272705078, 177.63673400878906, -69.02018737792969, 35.79787063598633, 227.31915283203125, 38.20984649658203, -23.924129486083984, 66.11174011230469, 30.42215347290039, 19.458759307861328, 80.12786102294922], [296.1772766113281, 130.3936004638672, -144.0196533203125, 12.73145866394043, 78.89656829833984, -31.036705017089844, 38.20984649658203, 115.23346710205078, 15.859776496887207, -2.284010887145996, 47.635013580322266, 19.363204956054688, 2.929007053375244], [-126.64164733886719, -21.28770637512207, 95.8989028930664, -17.51473045349121, -30.433929443359375, 21.391345977783203, -23.924129486083984, 15.859776496887207, 102.82318878173828, 39.978981018066406, -10.798308372497559, 21.027414321899414, -0.7669397592544556], [112.64778137207031, -43.71525955200195, -67.9535140991211, 65.23435974121094, -52.43611145019531, -18.53729820251465, 66.11174011230469, -2.284010887145996, 39.978981018066406, 109.96928405761719, 27.019607543945312, 10.933492660522461, 71.27582550048828], [181.42970275878906, 26.57916259765625, -127.66796875, 13.367947578430176, 14.813467979431152, -31.631275177001953, 30.42215347290039, 47.635013580322266, -10.798308372497559, 27.019607543945312, 92.18912506103516, 40.02042007446289, 11.20533561706543], [116.07351684570312, -2.9069876670837402, -87.36397552490234, 12.528925895690918, -40.40039825439453, -53.34517288208008, 19.458759307861328, 19.363204956054688, 21.027414321899414, 10.933492660522461, 40.02042007446289, 114.3536605834961, 60.38063430786133], [358.595458984375, -45.808631896972656, -227.95388793945312, 102.43833923339844, -81.27976989746094, -62.32183074951172, 80.12786102294922, 2.929007053375244, -0.7669397592544556, 71.27582550048828, 11.20533561706543, 60.38063430786133, 177.3039093017578]], "lowlevel.mfcc.icov": [[0.014515871182084084, -0.01968911662697792, 0.019795922562479973, -0.01887451857328415, 0.01694374531507492, -0.016589796170592308, 0.014845364727079868, -0.013505744747817516, 0.012599142268300056, -0.011377207934856415, 0.007852674461901188, -0.005853029899299145, 0.003486013039946556], [-0.01968911662697792, 0.028179271146655083, -0.026751011610031128, 0.02614603564143181, -0.025017784908413887, 0.023075636476278305, -0.021272771060466766, 0.018838519230484962, -0.01818116009235382, 0.016225576400756836, -0.010725109837949276, 0.007992780767381191, -0.005098015069961548], [0.019795922562479973, -0.026751011610031128, 0.02869931235909462, -0.026393098756670952, 0.025153202936053276, -0.02743675373494625, 0.023636803030967712, -0.022241666913032532, 0.021818242967128754, -0.02070244587957859, 0.015342977829277515, -0.01189219206571579, 0.008267154917120934], [-0.01887451857328415, 0.02614603564143181, -0.026393098756670952, 0.030302438884973526, -0.026818787679076195, 0.02694900706410408, -0.029362449422478676, 0.027263296768069267, -0.026993747800588608, 0.02473190799355507, -0.01737627014517784, 0.01388318371027708, -0.010202744975686073], [0.01694374531507492, -0.025017784908413887, 0.025153202936053276, -0.026818787679076195, 0.03206693381071091, -0.029986470937728882, 0.03239528462290764, -0.033974263817071915, 0.03445526957511902, -0.031590063124895096, 0.02295757830142975, -0.01704331859946251, 0.014383561909198761], [-0.016589796170592308, 0.023075636476278305, -0.02743675373494625, 0.02694900706410408, -0.029986470937728882, 0.04423169791698456, -0.040143512189388275, 0.04168146476149559, -0.04649639502167702, 0.04541373252868652, -0.033243536949157715, 0.028797589242458344, -0.018239162862300873], [0.014845364727079868, -0.021272771060466766, 0.023636803030967712, -0.029362449422478676, 0.03239528462290764, -0.040143512189388275, 0.052287664264440536, -0.052131395787000656, 0.05783511698246002, -0.056740887463092804, 0.039259281009435654, -0.031843747943639755, 0.021227309480309486], [-0.013505744747817516, 0.018838519230484962, -0.022241666913032532, 0.027263296768069267, -0.033974263817071915, 0.04168146476149559, -0.052131395787000656, 0.07080912590026855, -0.06956259906291962, 0.0682111382484436, -0.05481806397438049, 0.03887131065130234, -0.02819322608411312], [0.012599142268300056, -0.01818116009235382, 0.021818242967128754, -0.026993747800588608, 0.03445526957511902, -0.04649639502167702, 0.05783511698246002, -0.06956259906291962, 0.09095991402864456, -0.0850348174571991, 0.06324118375778198, -0.050851088017225266, 0.03582938015460968], [-0.011377207934856415, 0.016225576400756836, -0.02070244587957859, 0.02473190799355507, -0.031590063124895096, 0.04541373252868652, -0.056740887463092804, 0.0682111382484436, -0.0850348174571991, 0.09604901820421219, -0.06644240766763687, 0.05260229483246803, -0.040400028228759766], [0.007852674461901188, -0.010725109837949276, 0.015342977829277515, -0.01737627014517784, 0.02295757830142975, -0.033243536949157715, 0.039259281009435654, -0.05481806397438049, 0.06324118375778198, -0.06644240766763687, 0.06457749754190445, -0.04358397424221039, 0.03085942007601261], [-0.005853029899299145, 0.007992780767381191, -0.01189219206571579, 0.01388318371027708, -0.01704331859946251, 0.028797589242458344, -0.031843747943639755, 0.03887131065130234, -0.050851088017225266, 0.05260229483246803, -0.04358397424221039, 0.04440681263804436, -0.027083920314908028], [0.003486013039946556, -0.005098015069961548, 0.008267154917120934, -0.010202744975686073, 0.014383561909198761, -0.018239162862300873, 0.021227309480309486, -0.02819322608411312, 0.03582938015460968, -0.040400028228759766, 0.03085942007601261, -0.027083920314908028, 0.028520144522190094]], "metadata.audio_properties.analysis.downmix": "mix", "metadata.audio_properties.codec": "mp3", "metadata.audio_properties.md5_encoded": "53764a0f0cc813fc63de32de76219a2c", "metadata.tags.file_name": "1182279111436144720.mp3", "metadata.version.essenti