{"song_id": "1182278609549922354", "download": "https://cdn.discordapp.com/attachments/1128313332273782784/1182278609549922354/chirp.mp4?ex=65841dc2&amp", "lyrics": "For the second year we are on twich our live show is called it's not TV\nwith Mario Daniel and Pendola\nbut Kike isn't there?\nYou can find him hiding behind a tree\n\n[chorus]\n you can watch us on TV but it's not TV \nwe are live connect twitch to your tv \nbut remember it's not a TV\n\nI'll tell you what I think\n you tell me what you think\n Strange things happen out there\n Even stranger things happen in here\n\n[chorus]\n you can watch us on TV but it's not TV we are live connect twitch to your tv\nbut remember it's not a TV \n\nOne couch, four assholes. It's not the start of a gangbang, it's not TV. \nlike Baldo dog or wolf no one knows what he is. \nbut sure it's not TV.", "style": ["beatles"], "essentia_features": {"lowlevel.average_loudness": 0.8823361992835999, "lowlevel.barkbands_crest.mean": 16.06134033203125, "lowlevel.barkbands_crest.stdev": 6.226700782775879, "lowlevel.barkbands_flatness_db.mean": 0.18899646401405334, "lowlevel.barkbands_flatness_db.stdev": 0.08461368829011917, "lowlevel.barkbands_kurtosis.mean": 49.9593391418457, "lowlevel.barkbands_kurtosis.stdev": 207.5326690673828, "lowlevel.barkbands_skewness.mean": 3.7062902450561523, "lowlevel.barkbands_skewness.stdev": 5.2099080085754395, "lowlevel.barkbands_spread.mean": 22.824806213378906, "lowlevel.barkbands_spread.stdev": 19.71971321105957, "lowlevel.dissonance.mean": 0.46837639808654785, "lowlevel.dissonance.stdev": 0.0369916632771492, "lowlevel.dynamic_complexity": 2.425715208053589, "lowlevel.erbbands_crest.mean": 8.87196159362793, "lowlevel.erbbands_crest.stdev": 5.096127510070801, "lowlevel.erbbands_flatness_db.mean": 0.1399114429950714, "lowlevel.erbbands_flatness_db.stdev": 0.04822610318660736, "lowlevel.erbbands_kurtosis.mean": 1.350563645362854, "lowlevel.erbbands_kurtosis.stdev": 4.713223457336426, "lowlevel.erbbands_skewness.mean": 0.06662061810493469, "lowlevel.erbbands_skewness.stdev": 1.2547309398651123, "lowlevel.erbbands_spread.mean": 62.26123046875, "lowlevel.erbbands_spread.stdev": 31.36297607421875, "lowlevel.hfc.mean": 31.286968231201172, "lowlevel.hfc.stdev": 37.75288772583008, "lowlevel.loudness_ebu128.integrated": -11.613626480102539, "lowlevel.loudness_ebu128.loudness_range": 5.6784868240356445, "lowlevel.loudness_ebu128.momentary.mean": -12.571438789367676, "lowlevel.loudness_ebu128.momentary.stdev": 3.4212770462036133, "lowlevel.loudness_ebu128.short_term.mean": -12.15116024017334, "lowlevel.loudness_ebu128.short_term.stdev": 2.2643043994903564, "lowlevel.melbands_crest.mean": 21.105573654174805, "lowlevel.melbands_crest.stdev": 6.389707088470459, "lowlevel.melbands_flatness_db.mean": 0.24973255395889282, "lowlevel.melbands_flatness_db.stdev": 0.1093665063381195, "lowlevel.melbands_kurtosis.mean": 77.21330261230469, "lowlevel.melbands_kurtosis.stdev": 125.63420104980469, "lowlevel.melbands_skewness.mean": 5.905697822570801, "lowlevel.melbands_skewness.stdev": 4.07689905166626, "lowlevel.melbands_spread.mean": 22.119598388671875, "lowlevel.melbands_spread.stdev": 34.91770553588867, "lowlevel.pitch_salience.mean": 0.40417882800102234, "lowlevel.pitch_salience.stdev": 0.1785886138677597, "lowlevel.silence_rate_20dB.mean": 1.0, "lowlevel.silence_rate_20dB.stdev": 0.0, "lowlevel.silence_rate_30dB.mean": 0.9481818079948425, "lowlevel.silence_rate_30dB.stdev": 0.2216600626707077, "lowlevel.silence_rate_60dB.mean": 0.07181818038225174, "lowlevel.silence_rate_60dB.stdev": 0.2581859827041626, "lowlevel.spectral_centroid.mean": 1486.18994140625, "lowlevel.spectral_centroid.stdev": 1065.85009765625, "lowlevel.spectral_complexity.mean": 17.30727195739746, "lowlevel.spectral_complexity.stdev": 12.653128623962402, "lowlevel.spectral_decrease.mean": -1.3295196943374776e-08, "lowlevel.spectral_decrease.stdev": 9.538778655837632e-09, "lowlevel.spectral_energy.mean": 0.05301699787378311, "lowlevel.spectral_energy.stdev": 0.03632572293281555, "lowlevel.spectral_energyband_high.mean": 0.002592486795037985, "lowlevel.spectral_energyband_high.stdev": 0.004522975534200668, "lowlevel.spectral_energyband_low.mean": 0.03266052156686783, "lowlevel.spectral_energyband_low.stdev": 0.03558577597141266, "lowlevel.spectral_energyband_middle_high.mean": 0.003517352743074298, "lowlevel.spectral_energyband_middle_high.stdev": 0.004909103736281395, "lowlevel.spectral_energyband_middle_low.mean": 0.015931325033307076, "lowlevel.spectral_energyband_middle_low.stdev": 0.017826665192842484, "lowlevel.spectral_entropy.mean": 7.754678726196289, "lowlevel.spectral_entropy.stdev": 0.6483899354934692, "lowlevel.spectral_flux.mean": 0.09684725105762482, "lowlevel.spectral_flux.stdev": 0.05253510922193527, "lowlevel.spectral_kurtosis.mean": 2.7746951580047607, "lowlevel.spectral_kurtosis.stdev": 3.029825448989868, "lowlevel.spectral_rms.mean": 0.006533974315971136, "lowlevel.spectral_rms.stdev": 0.003005170961841941, "lowlevel.spectral_rolloff.mean": 1620.157470703125, "lowlevel.spectral_rolloff.stdev": 2707.86669921875, "lowlevel.spectral_skewness.mean": 1.3209586143493652, "lowlevel.spectral_skewness.stdev": 0.6892247796058655, "lowlevel.spectral_spread.mean": 6356761.0, "lowlevel.spectral_spread.stdev": 1872240.125, "lowlevel.spectral_strongpeak.mean": 0.8503297567367554, "lowlevel.spectral_strongpeak.stdev": 0.9693549275398254, "lowlevel.zerocrossingrate.mean": 0.06867631524801254, "lowlevel.zerocrossingrate.stdev": 0.06690999865531921, "metadata.audio_properties.analysis.equal_loudness": 0.0, "metadata.audio_properties.analysis.length": 25.51360511779785, "metadata.audio_properties.analysis.sample_rate": 44100.0, "metadata.audio_properties.analysis.start_time": 0.0, "metadata.audio_properties.bit_rate": 122562.0, "metadata.audio_properties.length": 25.514667510986328, "metadata.audio_properties.lossless": 0.0, "metadata.audio_properties.number_channels": 1.0, "metadata.audio_properties.replay_gain": -13.675436019897461, "metadata.audio_properties.sample_rate": 48000.0, "rhythm.beats_count": 56.0, "rhythm.beats_loudness.mean": 0.0521031878888607, "rhythm.beats_loudness.stdev": 0.03373111039400101, "rhythm.bpm": 129.80894470214844, "rhythm.bpm_histogram_first_peak_bpm": 129.0, "rhythm.bpm_histogram_first_peak_weight": 0.2727273106575012, "rhythm.bpm_histogram_second_peak_bpm": 148.0, "rhythm.bpm_histogram_second_peak_spread": 0.4285714626312256, "rhythm.bpm_histogram_second_peak_weight": 0.072727270424366, "rhythm.danceability": 0.9544519186019897, "rhythm.onset_rate": 5.9928693771362305, "tonal.chords_changes_rate": 0.05989110842347145, "tonal.chords_number_rate": 0.018148820847272873, "tonal.chords_strength.mean": 0.5167824029922485, "tonal.chords_strength.stdev": 0.08492689579725266, "tonal.hpcp_crest.mean": 12.071733474731445, "tonal.hpcp_crest.stdev": 6.131404876708984, "tonal.hpcp_entropy.mean": 2.402615785598755, "tonal.hpcp_entropy.stdev": 0.8628373146057129, "tonal.key_edma.strength": 0.605770468711853, "tonal.key_krumhansl.strength": 0.5905752778053284, "tonal.key_temperley.strength": 0.5845373272895813, "tonal.tuning_diatonic_strength": 0.48965510725975037, "tonal.tuning_equal_tempered_deviation": 0.19404567778110504, "tonal.tuning_frequency": 442.80462646484375, "tonal.tuning_nontempered_energy_ratio": 0.8475991487503052, "lowlevel.barkbands.mean": [0.00045556476106867194, 0.02947396971285343, 0.0011053154012188315, 0.006649745628237724, 0.0069768973626196384, 0.0005616836715489626, 0.0004161827964708209, 0.0005090504419058561, 0.0007115888292901218, 0.00044523109681904316, 0.0005072421627119184, 0.00044839069596491754, 0.00042661611223593354, 0.00029047022690065205, 0.00022163048561196774, 0.00025226708385162055, 0.00029631410143338144, 0.00023256399435922503, 0.00029517951770685613, 0.0003186406393069774, 0.0003697126521728933, 0.0005100489361211658, 0.00045678793685510755, 0.0005686060758307576, 0.00041213116492144763, 0.00010401334293419495, 1.1824536159110721e-06], "lowlevel.barkbands.stdev": [0.0005200275918468833, 0.035245731472969055, 0.003498721169307828, 0.00916044320911169, 0.011396154761314392, 0.0014165290631353855, 0.0014770631678402424, 0.0012960279127582908, 0.0018445332534611225, 0.0012067522620782256, 0.0017457513604313135, 0.0016231623012572527, 0.001234056893736124, 0.0007197757950052619, 0.00040652198367752135, 0.00044615386286750436, 0.00043614485184662044, 0.00029479930526576936, 0.0004664277657866478, 0.0004108643624931574, 0.00047693352098576725, 0.0007955924374982715, 0.0010531956795603037, 0.001527308253571391, 0.0009555750293657184, 0.00025537394685670733, 6.424033927032724e-06], "lowlevel.erbbands.mean": [0.9145063757896423, 6.367899417877197, 2.7968931198120117, 10.80849838256836, 39.24153137207031, 10.303092956542969, 2.4083099365234375, 5.680301189422607, 5.462140083312988, 9.293204307556152, 10.941311836242676, 16.443946838378906, 14.026747703552246, 15.670056343078613, 24.577625274658203, 16.430130004882812, 19.149879455566406, 17.43735694885254, 13.103080749511719, 11.713783264160156, 14.455791473388672, 17.18731689453125, 12.8919677734375, 14.364787101745605, 14.5360107421875, 15.1591157913208, 15.459538459777832, 14.727522850036621, 18.250564575195312, 16.42121124267578, 12.161434173583984, 10.91775131225586, 10.21163272857666, 6.028707504272461, 2.056879997253418, 0.6937214732170105, 0.13898056745529175, 0.011682902462780476, 0.000328720809193328, 8.148753840941936e-05], "lowlevel.erbbands.stdev": [1.1000605821609497, 7.668600082397461, 4.4283366203308105, 15.065545082092285, 54.153690338134766, 19.112747192382812, 3.7615880966186523, 15.594842910766602, 17.803415298461914, 22.84156608581543, 28.04517936706543, 45.033695220947266, 34.10817337036133, 42.00325393676758, 87.41004943847656, 53.7542724609375, 54.5967903137207, 44.118797302246094, 25.174562454223633, 20.325532913208008, 22.295392990112305, 24.170379638671875, 16.01999282836914, 20.180419921875, 22.391786575317383, 19.891162872314453, 19.3231258392334, 20.120405197143555, 27.903018951416016, 30.75689125061035, 29.08478546142578, 30.424299240112305, 27.64948844909668, 14.44880199432373, 4.515389442443848, 1.6496230363845825, 0.37075838446617126, 0.033559929579496384, 0.0009316322393715382, 6.307197327259928e-05], "lowlevel.gfcc.mean": [-7.648369312286377, 54.40440368652344, -93.86600494384766, 47.06067657470703, -56.382686614990234, 27.20209312438965, -46.49442672729492, 13.586507797241211, -35.435455322265625, -2.624281883239746, -24.36005973815918, -7.282905101776123, -13.083656311035156], "lowlevel.melbands.mean": [0.008638075552880764, 0.0037101642228662968, 0.0029645829927176237, 0.0018424025038257241, 8.267153316410258e-05, 0.00012127577065257356, 8.64582834765315e-05, 0.00010629116877680644, 8.865816198522225e-05, 0.00010740727157099172, 6.946347275516018e-05, 6.216133624548092e-05, 7.496587204514071e-05, 5.6195927754743025e-05, 3.677561835502274e-05, 4.677005563280545e-05, 3.0034158044145443e-05, 2.133393172698561e-05, 1.6361685993615538e-05, 1.663287366682198e-05, 1.657949724176433e-05, 1.809198693081271e-05, 1.4620565707446076e-05, 9.851699360297062e-06, 1.1770578566938639e-05, 1.1170764082635287e-05, 1.0165927051275503e-05, 9.889598914014641e-06, 9.73942042037379e-06, 8.71018255566014e-06, 8.495386282447726e-06, 1.0288476005371194e-05, 1.0052203833765816e-05, 8.874028935679235e-06, 6.893342288094573e-06, 6.728295375069138e-06, 6.614445737795904e-06, 7.3979454100481234e-06, 6.437373031076277e-06, 4.641719897335861e-06], "lowlevel.melbands.stdev": [0.010323913767933846, 0.004353989847004414, 0.0036021119449287653, 0.002805772004649043, 0.00015184808580670506, 0.0003248819266445935, 0.000292337586870417, 0.0002551702200435102, 0.00024088058853521943, 0.0002969324996229261, 0.00017270375974476337, 0.0001733738463371992, 0.0002595365804154426, 0.00020105695875827223, 0.00012936576968058944, 0.0001484330277889967, 7.947728590806946e-05, 4.4266773329582065e-05, 3.1686537113273516e-05, 3.2213454687735066e-05, 2.6420393623993732e-05, 2.783411218842957e-05, 1.9714638256118633e-05, 1.2404063454596326e-05, 1.725105357763823e-05, 1.864162004494574e-05, 1.451438402000349e-05, 1.3105306607030798e-05, 1.2188099390186835e-05, 1.1644279766187537e-05, 1.2196900570415892e-05, 1.5750611055409536e-05, 1.6794248949736357e-05, 1.8268136045662686e-05, 1.645614975132048e-05, 1.927941593748983e-05, 1.8550006643636152e-05, 2.020706051553134e-05, 1.7579286577529274e-05, 1.0806371392391156e-05], "lowlevel.melbands128.mean": [0.00024299569486174732, 0.005839608144015074, 0.015238898806273937, 0.008579437620937824, 0.0018508598441258073, 0.0005821695667691529, 0.0015185772208496928, 0.004184262827038765, 0.0047924998216331005, 0.0015432354994118214, 0.00018052331870421767, 6.93744295858778e-05, 6.03459557169117e-05, 8.020660607144237e-05, 0.00013857318845111877, 0.00014587801706511527, 8.782395161688328e-05, 6.722918624291196e-05, 9.436564869247377e-05, 0.00010561570525169373, 0.00012000261631328613, 9.054637484950945e-05, 8.703129424247891e-05, 7.913728040875867e-05, 0.00010317166015738621, 0.000135100883198902, 8.077042002696544e-05, 5.4498690587934107e-05, 6.323027628241107e-05, 7.537363126175478e-05, 5.524040898308158e-05, 5.066545418230817e-05, 6.781193951610476e-05, 0.00011117800750071183, 6.606036185985431e-05, 3.758356615435332e-05, 3.753646888071671e-05, 4.410522524267435e-05, 2.4707804186618887e-05, 4.6600380301242694e-05, 5.858591975993477e-05, 3.717205618158914e-05, 2.8925936931045726e-05, 2.810156365740113e-05, 2.2625350538874045e-05, 1.9739334675250575e-05, 1.9895731384167448e-05, 1.7733118511387147e-05, 1.38821287691826e-05, 1.4374592865351588e-05, 1.7394200767739676e-05, 1.86419583769748e-05, 1.6688116375007667e-05, 1.5296813216991723e-05, 1.6848256564117037e-05, 1.95530810742639e-05, 1.8392480342299677e-05, 1.5714014807599597e-05, 1.4255414498620667e-05, 1.017038357531419e-05, 8.58250950841466e-06, 9.89186537481146e-06, 1.24215430332697e-05, 1.1777909094234928e-05, 1.1985714991169516e-05, 1.1826499758171849e-05, 1.0304050192644354e-05, 9.22207982512191e-06, 1.0100322469952516e-05, 1.1931735571124591e-05, 8.94707682164153e-06, 9.643699740990996e-06, 9.950642379408237e-06, 9.659557690611109e-06, 9.59661974775372e-06, 9.255595614376944e-06, 7.885245395300444e-06, 8.126472494041082e-06, 8.295728548546322e-06, 9.055318514583632e-06, 1.0255381312163081e-05, 1.0847512385225855e-05, 1.0576020940789022e-05, 1.0270409802615177e-05, 9.177085303235799e-06, 9.254710676032118e-06, 8.8069637058652e-06, 8.10539313533809e-06, 6.3917213992681354e-06, 6.262793249334209e-06, 7.082254342094529e-06, 6.695079264318338e-06, 6.52945664114668e-06, 6.36729510006262e-06, 6.832993676653132e-06, 7.349250154220499e-06, 7.727567208348773e-06, 7.124357125576353e-06, 6.434002898458857e-06, 6.250777460081736e-06, 5.463527486426756e-06, 4.3011409616156016e-06, 3.879631094605429e-06, 2.8563467822095845e-06, 2.081987986457534e-06, 1.5799331549715134e-06, 1.544001520414895e-06, 1.5721789168310352e-06, 1.1665383681247476e-06, 9.114149293054652e-07, 7.416512062263791e-07, 5.083272753836354e-07, 3.798749617089925e-07, 2.647833241553599e-07, 1.7200208901613223e-07, 1.0088355395510007e-07, 4.241114126557477e-08, 9.282709712010728e-09, 2.6171591560597562e-09, 2.96075629291348e-11, 2.5919964091736247e-11, 2.3268704671397522e-11, 2.2346506589610016e-11, 2.1036363623272436e-11, 1.5981523396324526e-11, 8.376069803028852e-12, 4.350055472085446e-12, 3.721903861497733e-12], "lowlevel.melbands128.stdev": [0.000352298840880394, 0.007148462813347578, 0.01835807040333748, 0.010595706291496754, 0.0030032219365239143, 0.0017282053595408797, 0.002955238102003932, 0.005663088522851467, 0.007136720698326826, 0.003283451311290264, 0.0005056097288616002, 0.00017065508291125298, 0.00011726534285116941, 0.00017996564565692097, 0.00040644683758728206, 0.0005517329555004835, 0.00030129600781947374, 0.0004008201649412513, 0.00047306425403803587, 0.00027845363365486264, 0.00038231335929594934, 0.00028477536397986114, 0.00035920448135584593, 0.00031624233815819025, 0.00038887010305188596, 0.00046367410686798394, 0.00032113693305291235, 0.00018195474694948643, 0.00023455312475562096, 0.00029622853617183864, 0.00017557288811076432, 0.00024014869995880872, 0.0003090693207923323, 0.000508124241605401, 0.00032024053507484496, 0.00021921290317550302, 0.0001600452815182507, 0.00022376765264198184, 7.129877485567704e-05, 0.00016395199054386467, 0.0002395871706539765, 0.00014097495295573026, 0.0001074114115908742, 9.076818969333544e-05, 5.944836448179558e-05, 4.889699994237162e-05, 5.065742880105972e-05, 4.925634493702091e-05, 3.047396967303939e-05, 3.645536708063446e-05, 4.320206426200457e-05, 4.262653601472266e-05, 3.274705886724405e-05, 2.5500417905277573e-05, 4.2493309592828155e-05, 3.253091927035712e-05, 3.047142490686383e-05, 2.5407054636161774e-05, 2.392340866208542e-05, 1.5551771866739728e-05, 1.2290713129914366e-05, 1.4359702618094161e-05, 2.0181891159154475e-05, 1.8858916519093327e-05, 2.5163111786241643e-05, 2.0955823856638744e-05, 2.0050703824381344e-05, 1.6254598449449986e-05, 1.5552544937236235e-05, 1.9485674783936702e-05, 1.3796857274428476e-05, 1.3984197721583769e-05, 1.344203974440461e-05, 1.36583112180233e-05, 1.4076687875785865e-05, 1.3381944881984964e-05, 1.1954351066378877e-05, 1.2795832844858523e-05, 1.2632404832402244e-05, 1.693511330813635e-05, 1.6074023733381182e-05, 1.8856975657399744e-05, 1.906721809064038e-05, 1.7141210264526308e-05, 1.7954458598978817e-05, 1.9752766093006358e-05, 2.011947799474001e-05, 2.0820021745748818e-05, 1.5885330867604353e-05, 1.61086081789108e-05, 2.0545874576782808e-05, 2.1976386051392183e-05, 2.0289044186938554e-05, 1.9315157260280102e-05, 1.968010292330291e-05, 2.09139416256221e-05, 2.1926098270341754e-05, 2.3629396309843287e-05, 1.8034981621894985e-05, 1.7494798157713376e-05, 1.2950368727615569e-05, 1.0725535503297579e-05, 9.149543984676711e-06, 6.421773377951467e-06, 5.229534963291371e-06, 4.01030547436676e-06, 3.604838639148511e-06, 3.7767968024127185e-06, 3.1505010156251956e-06, 2.623002728796564e-06, 2.11506608138734e-06, 1.556045504003123e-06, 1.2769797876899247e-06, 8.229769719036995e-07, 5.477410809362482e-07, 3.345077743688307e-07, 2.0111399123834417e-07, 7.618039887802297e-08, 5.761604882081883e-08, 5.653452150866656e-10, 5.556423654518028e-10, 5.512760248294057e-10, 5.493740462547692e-10, 5.198714791987413e-10, 3.7812092346101167e-10, 1.443411640211778e-10, 1.998317657181392e-11, 6.159421063467452e-12], "lowlevel.mfcc.mean": [-655.0325317382812, 83.59790802001953, 21.56536293029785, 23.013790130615234, 18.15752601623535, 7.307564735412598, 9.67906665802002, 3.763446807861328, 4.352667808532715, -3.2856645584106445, -1.984908103942871, -5.91302490234375, -5.403963565826416], "lowlevel.spectral_contrast_coeffs.mean": [-0.5852853059768677, -0.7859702110290527, -0.8045498728752136, -0.8164221048355103, -0.8126639723777771, -0.7721092104911804], "lowlevel.spectral_contrast_coeffs.stdev": [0.10937853157520294, 0.08052634447813034, 0.0634692832827568, 0.04855383187532425, 0.03446623682975769, 0.04416649416089058], "lowlevel.spectral_contrast_valleys.mean": [-7.49899435043335, -7.31793212890625, -7.705932140350342, -7.755151748657227, -7.482829570770264, -9.657511711120605], "lowlevel.spectral_contrast_valleys.stdev": [1.2199358940124512, 1.0433132648468018, 1.06719970703125, 0.9567282199859619, 1.1507095098495483, 1.289024829864502], "rhythm.beats_loudness_band_ratio.mean": [0.6891759037971497, 0.14315637946128845, 0.05890068784356117, 0.05843651294708252, 0.0456506609916687, 0.09074054658412933], "rhythm.beats_loudness_band_ratio.stdev": [0.27004557847976685, 0.18180571496486664, 0.0942893698811531, 0.0938989520072937, 0.0657651424407959, 0.15864340960979462], "tonal.hpcp.mean": [0.022856662049889565, 0.018942389637231827, 0.02397432178258896, 0.026085102930665016, 0.024541528895497322, 0.12228584289550781, 0.3561571538448334, 0.3063433766365051, 0.10350614041090012, 0.08102302998304367, 0.06421361863613129, 0.08232513815164566, 0.08217699080705643, 0.04511989280581474, 0.03842102736234665, 0.04382374882698059, 0.05625902861356735, 0.07275959849357605, 0.06952495872974396, 0.060327719897031784, 0.06164320930838585, 0.0671914741396904, 0.09195636212825775, 0.11454004794359207, 0.10243836790323257, 0.09560824930667877, 0.11670655757188797, 0.11236701905727386, 0.11215267330408096, 0.11847825348377228, 0.08628860861063004, 0.05929264798760414, 0.0704726129770279, 0.06883396953344345, 0.04233647137880325, 0.030278900638222694], "tonal.hpcp.stdev": [0.07885151356458664, 0.07201754301786423, 0.08734188973903656, 0.09305543452501297, 0.08267942070960999, 0.2121732085943222, 0.44423288106918335, 0.38377586007118225, 0.2244330793619156, 0.21539126336574554, 0.17763911187648773, 0.21039530634880066, 0.23369720578193665, 0.12852460145950317, 0.13620148599147797, 0.15131989121437073, 0.1770215779542923, 0.1911597102880478, 0.1829216182231903, 0.17316102981567383, 0.19095267355442047, 0.17790690064430237, 0.23401755094528198, 0.25646349787712097, 0.2426995038986206, 0.21649618446826935, 0.25657498836517334, 0.23817399144172668, 0.24127157032489777, 0.2477792650461197, 0.21036027371883392, 0.1635102778673172, 0.17571189999580383, 0.18427149951457977, 0.13037368655204773, 0.09666396677494049], "rhythm.beats_position": [0.3715192675590515, 0.743038535118103, 1.1261677742004395, 1.5325169563293457, 1.9272562265396118, 2.321995496749878, 2.705124616622925, 3.111473798751831, 3.5062131881713867, 3.912562370300293, 4.318911552429199, 4.783310413360596, 5.24770975112915, 5.712108612060547, 6.164897918701172, 6.617686748504639, 7.070476055145264, 7.523265361785889, 7.987664222717285, 8.45206356048584, 8.893242835998535, 9.369251251220703, 9.845260620117188, 10.298049926757812, 10.750839233398438, 11.215237617492676, 11.67963695526123, 12.144036293029785, 12.59682559967041, 13.049613952636719, 13.514013290405273, 13.978412628173828, 14.442811965942383, 14.907210350036621, 15.371609687805176, 15.83600902557373, 16.30040740966797, 16.764806747436523, 17.229206085205078, 17.693605422973633, 18.158004760742188, 18.622404098510742, 19.086801528930664, 19.53959083557129, 19.992380142211914, 20.45677947998047, 20.921178817749023, 21.385578155517578, 21.849977493286133, 22.314376831054688, 22.77877426147461, 23.243173599243164, 23.70757293701172, 24.171972274780273, 24.636371612548828, 25.100770950317383], "rhythm.bpm_histogram": [0.0, 0.0, 0.0, 0.0, 0.0, 0.0, 0.0, 0.0, 0.0, 0.0, 0.0, 0.0, 0.0, 0.0, 0.0, 0.0, 0.0, 0.0, 0.0, 0.0, 0.0, 0.0, 0.0, 0.0, 0.0, 0.0, 0.0, 0.0, 0.0, 0.0, 0.0, 0.0, 0.0, 0.0, 0.0, 0.0, 0.0, 0.0, 0.0, 0.0, 0.0, 0.0, 0.0, 0.0, 0.0, 0.0, 0.0, 0.0, 0.0, 0.0, 0.0, 0.0, 0.0, 0.0, 0.0, 0.0, 0.0, 0.0, 0.0, 0.0, 0.0, 0.0, 0.0, 0.0, 0.0, 0.0, 0.0, 0.0, 0.0, 0.0, 0.0, 0.0, 0.0, 0.0, 0.0, 0.0, 0.0, 0.0, 0.0, 0.0, 0.0, 0.0, 0.0, 0.0, 0.0, 0.0, 0.0, 0.0, 0.0, 0.0, 0.0, 0.0, 0.0, 0.0, 0.0, 0.0, 0.0, 0.0, 0.0, 0.0, 0.0, 0.0, 0.0, 0.0, 0.0, 0.0, 0.0, 0.0, 0.0, 0.0, 0.0, 0.0, 0.0, 0.0, 0.0, 0.0, 0.0, 0.0, 0.0, 0.0, 0.0, 0.0, 0.0, 0.0, 0.0, 0.0, 0.036363635212183, 0.0, 0.0, 0.581818163394928, 0.0, 0.0, 0.0, 0.1818181872367859, 0.0, 0.0, 0.0181818176060915, 0.0, 0.0, 0.0, 0.0, 0.0, 0.0, 0.0, 0.0, 0.0, 0.0, 0.0, 0.072727270424366, 0.0, 0.0, 0.0, 0.05454545468091965, 0.0, 0.0, 0.0, 0.0, 0.036363635212183, 0.0, 0.0, 0.0, 0.0181818176060915, 0.0, 0.0, 0.0, 0.0, 0.0, 0.0, 0.0, 0.0, 0.0, 0.0, 0.0, 0.0, 0.0, 0.0, 0.0, 0.0, 0.0, 0.0, 0.0, 0.0, 0.0, 0.0, 0.0, 0.0, 0.0, 0.0, 0.0, 0.0, 0.0, 0.0, 0.0, 0.0, 0.0, 0.0, 0.0, 0.0, 0.0, 0.0, 0.0, 0.0, 0.0, 0.0, 0.0, 0.0, 0.0, 0.0, 0.0, 0.0, 0.0, 0.0, 0.0, 0.0, 0.0, 0.0, 0.0, 0.0, 0.0, 0.0, 0.0, 0.0, 0.0, 0.0, 0.0, 0.0, 0.0, 0.0, 0.0, 0.0, 0.0, 0.0, 0.0, 0.0, 0.0, 0.0, 0.0, 0.0, 0.0, 0.0, 0.0, 0.0, 0.0, 0.0, 0.0, 0.0, 0.0, 0.0, 0.0, 0.0], "tonal.chords_histogram": [23.95644187927246, 0.0, 0.0, 0.0, 1.8148820400238037, 5.081669807434082, 0.0, 10.707803726196289, 0.0, 0.0, 0.0, 9.437386512756348, 2.722322940826416, 8.348457336425781, 1.0889291763305664, 0.0, 0.0, 0.0, 0.0, 0.0, 0.0, 3.085299491882324, 33.21234130859375, 0.5444645881652832], "tonal.thpcp": [1.0, 0.8601353764533997, 0.29061928391456604, 0.22749236226081848, 0.18029573559761047, 0.2311483472585678, 0.23073238134384155, 0.12668535113334656, 0.10787661373615265, 0.12304610013961792, 0.15796124935150146, 0.2042907178401947, 0.19520865380764008, 0.1693851202726364, 0.17307867109775543, 0.18865682184696198, 0.25819042325019836, 0.3215997517108917, 0.28762125968933105, 0.2684440016746521, 0.327682763338089, 0.315498411655426, 0.3148965835571289, 0.33265724778175354, 0.24227678775787354, 0.16647888720035553, 0.1978694349527359, 0.1932685226202011, 0.11887019872665405, 0.08501556515693665, 0.06417577713727951, 0.05318548157811165, 0.06731388717889786, 0.07324042916297913, 0.06890646368265152, 0.3433479964733124], "lowlevel.gfcc.cov": [[8846.58984375, -567.1470947265625, -485.02484130859375, 1289.24560546875, -405.9938049316406, 626.98046875, 871.5420532226562, 346.8411560058594, 469.8473815917969, 61.08420181274414, -256.4391174316406, -1.1060961484909058, -172.966064453125], [-567.1470947265625, 1744.1036376953125, 186.79425048828125, -251.98049926757812, 456.5892639160156, 53.16844177246094, 259.1354064941406, 136.47764587402344, 118.12933349609375, -67.41596221923828, 113.02748107910156, -98.26557922363281, 140.21566772460938], [-485.02484130859375, 186.79425048828125, 939.6591186523438, 388.3893737792969, 416.99078369140625, 193.83273315429688, 180.07659912109375, 198.5649871826172, 197.0254669189453, 75.3829345703125, 137.81996154785156, 72.47122192382812, 89.71027374267578], [1289.24560546875, -251.98049926757812, 388.3893737792969, 1279.1578369140625, 223.8929443359375, 342.1488037109375, 454.82330322265625, 172.62359619140625, 426.95635986328125, 126.47071075439453, 136.64991760253906, 163.26560974121094, 121.9795150756836], [-405.9938049316406, 456.5892639160156, 416.99078369140625, 223.8929443359375, 623.4035034179688, 268.2516784667969, 268.35992431640625, 227.6614532470703, 219.9692840576172, 57.386234283447266, 122.92546844482422, 27.465415954589844, 124.54972076416016], [626.98046875, 53.16844177246094, 193.83273315429688, 342.1488037109375, 268.2516784667969, 481.33349609375, 459.1916809082031, 207.7982177734375, 250.88082885742188, 138.86856079101562, 124.4912109375, 58.98447799682617, 95.1408920288086], [871.5420532226562, 259.1354064941406, 180.07659912109375, 454.82330322265625, 268.35992431640625, 459.1916809082031, 692.3848876953125, 234.78335571289062, 289.81292724609375, 130.0371551513672, 149.30665588378906, 100.26319885253906, 111.67285919189453], [346.8411560058594, 136.47764587402344, 198.5649871826172, 172.62359619140625, 227.6614532470703, 207.7982177734375, 234.78335571289062, 295.51641845703125, 209.52337646484375, 69.40836334228516, 82.35735321044922, 26.357236862182617, 83.48936462402344], [469.8473815917969, 118.12933349609375, 197.0254669189453, 426.95635986328125, 219.9692840576172, 250.88082885742188, 289.81292724609375, 209.52337646484375, 359.5282897949219, 142.47718811035156, 118.30481719970703, 51.397003173828125, 102.91410064697266], [61.08420181274414, -67.41596221923828, 75.3829345703125, 126.47071075439453, 57.386234283447266, 138.86856079101562, 130.0371551513672, 69.40836334228516, 142.47718811035156, 171.00047302246094, 88.04877471923828, 47.95296096801758, 27.535846710205078], [-256.4391174316406, 113.02748107910156, 137.81996154785156, 136.64991760253906, 122.92546844482422, 124.4912109375, 149.30665588378906, 82.35735321044922, 118.30481719970703, 88.04877471923828, 155.40692138671875, 64.08661651611328, 75.08721160888672], [-1.1060961484909058, -98.26557922363281, 72.47122192382812, 163.26560974121094, 27.465415954589844, 58.98447799682617, 100.26319885253906, 26.357236862182617, 51.397003173828125, 47.95296096801758, 64.08661651611328, 113.16544342041016, 51.189788818359375], [-172.966064453125, 140.21566772460938, 89.71027374267578, 121.9795150756836, 124.54972076416016, 95.1408920288086, 111.67285919189453, 83.48936462402344, 102.91410064697266, 27.535846710205078, 75.08721160888672, 51.189788818359375, 126.91374206542969]], "lowlevel.gfcc.icov": [[0.000281623681075871, -0.00013179736561141908, 0.0001751171803334728, -0.00032339271274395287, 0.0004212788480799645, -0.0004348870716057718, -6.742452387697995e-05, -0.0005112997605465353, -0.00012168304965598509, 0.00010648532042978331, 0.0008282145136035979, -0.0002311357093276456, 0.0007035175221972167], [-0.00013179736561141908, 0.0014813661109656096, -0.00021069405192974955, 0.0008272730046883225, -0.0010451985290274024, 0.0016757724806666374, -0.0014903460396453738, 0.0009610427659936249, -0.0008105444139800966, 0.0009141563205048442, -0.0014925689902156591, 0.002242256421595812, -0.0015761925606057048], [0.0001751171803334728, -0.00021069405192974955, 0.0019284499576315284, -0.0007697684341110289, -0.0007423246279358864, -0.00039186119101941586, 0.0005555417155846953, -0.001069028046913445, 0.0005080514238215983, -0.00014252724940888584, -0.00020412501180544496, -0.0007243534200824797, 0.0011166927870362997], [-0.00032339271274395287, 0.0008272730046883225, -0.0007697684341110289, 0.002683469792827964, -0.000568309857044369, 0.0007405749056488276, -0.0009394357912242413, 0.0020772679708898067, -0.0033589648082852364, 0.0019436273723840714, -0.0009669967694208026, -0.0010238424874842167, -0.000639934150967747], [0.0004212788480799645, -0.0010451985290274024, -0.0007423246279358864, -0.000568309857044369, 0.004527365788817406, -0.0024879248812794685, 0.0007262907456606627, -0.001772416871972382, -0.0004363065818324685, 0.000677885371260345, 0.0012546754442155361, -0.0006567520322278142, 0.0004780696181114763], [-0.0004348870716057718, 0.0016757724806666374, -0.00039186119101941586, 0.0007405749056488276, -0.0024879248812794685, 0.009599538519978523, -0.005303458776324987, 0.0006149266846477985, 0.00011717865709215403, -0.0024945333134382963, -0.0020232792012393475, 0.004551030695438385, -0.0035639258567243814], [-6.742452387697995e-05, -0.0014903460396453738, 0.0005555417155846953, -0.0009394357912242413, 0.0007262907456606627, -0.005303458776324987, 0.006413701456040144, -0.0013829381205141544, 0.0001393154525430873, 0.0003942061448469758, -7.037776231300086e-05, -0.0042270333506166935, 0.0021422081626951694], [-0.0005112997605465353, 0.0009610427659936249, -0.001069028046913445, 0.0020772679708898067, -0.001772416871972382, 0.0006149266846477985, -0.0013829381205141544, 0.009006929583847523, -0.004573979880660772, 0.001762456726282835, -0.0017390393186360598, 0.0012327104341238737, -0.0025710000190883875], [-0.00012168304965598509, -0.0008105444139800966, 0.0005080514238215983, -0.0033589648082852364, -0.0004363065818324685, 0.00011717865709215403, 0.0001393154525430873, -0.004573979880660772, 0.013246872462332249, -0.007680982816964388, -4.1048529965337366e-05, 0.003755891928449273, -0.0037403590977191925], [0.00010648532042978331, 0.0009141563205048442, -0.00014252724940888584, 0.0019436273723840714, 0.000677885371260345, -0.0024945333134382963, 0.0003942061448469758, 0.001762456726282835, -0.007680982816964388, 0.014961037784814835, -0.005358077120035887, -0.0034430506639182568, 0.0046075754798948765], [0.0008282145136035979, -0.0014925689902156591, -0.00020412501180544496, -0.0009669967694208026, 0.0012546754442155361, -0.0020232792012393475, -7.037776231300086e-05, -0.0017390393186360598, -4.1048529965337366e-05, -0.005358077120035887, 0.017700619995594025, -0.005504485219717026, -0.001713565201498568], [-0.0002311357093276456, 0.002242256421595812, -0.0007243534200824797, -0.0010238424874842167, -0.0006567520322278142, 0.004551030695438385, -0.0042270333506166935, 0.0012327104341238737, 0.003755891928449273, -0.0034430506639182568, -0.005504485219717026, 0.020704643800854683, -0.00854792632162571], [0.0007035175221972167, -0.0015761925606057048, 0.0011166927870362997, -0.000639934150967747, 0.0004780696181114763, -0.0035639258567243814, 0.0021422081626951694, -0.0025710000190883875, -0.0037403590977191925, 0.0046075754798948765, -0.001713565201498568, -0.00854792632162571, 0.018909091129899025]], "lowlevel.mfcc.cov": [[10196.5234375, -1643.6663818359375, 37.24018478393555, 673.5662231445312, -755.7208251953125, 713.9904174804688, -2.623288154602051, 803.8683471679688, 469.5417175292969, 621.4329223632812, 354.00103759765625, 256.6169128417969, 26.04999351501465], [-1643.6663818359375, 2077.9677734375, -217.92579650878906, -382.2366943359375, 217.94281005859375, -256.7652587890625, 233.27224731445312, -85.17652130126953, 112.25030517578125, -110.89354705810547, 5.663942813873291, -85.26039123535156, -5.500863552093506], [37.24018478393555, -217.92579650878906, 628.8331909179688, 364.7853698730469, 168.3230438232422, 184.48638916015625, 77.71366119384766, 162.9523468017578, 108.39342498779297, 120.15248107910156, 76.77396392822266, 139.4054412841797, 94.48070526123047], [673.5662231445312, -382.2366943359375, 364.7853698730469, 730.6953125, 167.4012908935547, 308.235595703125, 38.121910095214844, 286.08026123046875, 145.6697540283203, 182.2581329345703, 92.72515869140625, 169.06918334960938, 79.85880279541016], [-755.7208251953125, 217.94281005859375, 168.3230438232422, 167.4012908935547, 499.4365234375, 11.560261726379395, 65.32437896728516, 64.8220443725586, 125.32117462158203, 84.58391571044922, 31.547405242919922, 51.52899932861328, 47.233619689941406], [713.9904174804688, -256.7652587890625, 184.48638916015625, 308.235595703125, 11.560261726379395, 511.11907958984375, 191.0065460205078, 275.3420715332031, 171.60781860351562, 224.69723510742188, 170.90989685058594, 157.6330108642578, 85.33834075927734], [-2.623288154602051, 233.27224731445312, 77.71366119384766, 38.121910095214844, 65.32437896728516, 191.0065460205078, 328.57427978515625, 216.75218200683594, 171.52490234375, 96.18620300292969, 123.8082504272461, 79.96062469482422, 72.91727447509766], [803.8683471679688, -85.17652130126953, 162.9523468017578, 286.08026123046875, 64.8220443725586, 275.3420715332031, 216.75218200683594, 372.48626708984375, 244.3914337158203, 199.58343505859375, 141.97760009765625, 142.13877868652344, 85.58792877197266], [469.5417175292969, 112.25030517578125, 108.39342498779297, 145.6697540283203, 125.32117462158203, 171.60781860351562, 171.52490234375, 244.3914337158203, 287.1220703125, 192.97515869140625, 134.63861083984375, 101.96251678466797, 79.0871353149414], [621.4329223632812, -110.89354705810547, 120.15248107910156, 182.2581329345703, 84.58391571044922, 224.69723510742188, 96.18620300292969, 199.58343505859375, 192.97515869140625, 295.28070068359375, 165.10594177246094, 120.2576904296875, 69.494873046875], [354.00103759765625, 5.663942813873291, 76.77396392822266, 92.72515869140625, 31.547405242919922, 170.90989685058594, 123.8082504272461, 141.97760009765625, 134.63861083984375, 165.10594177246094, 181.92623901367188, 100.394775390625, 62.318058013916016], [256.6169128417969, -85.26039123535156, 139.4054412841797, 169.06918334960938, 51.52899932861328, 157.6330108642578, 79.96062469482422, 142.13877868652344, 101.96251678466797, 120.2576904296875, 100.394775390625, 148.1312255859375, 77.09873962402344], [26.04999351501465, -5.500863552093506, 94.48070526123047, 79.85880279541016, 47.233619689941406, 85.33834075927734, 72.91727447509766, 85.58792877197266, 79.0871353149414, 69.494873046875, 62.318058013916016, 77.09873962402344, 111.07726287841797]], "lowlevel.mfcc.icov": [[0.00019135812181048095, 7.572332106065005e-05, 5.135554965818301e-05, -3.0904386221664026e-05, 0.00032977573573589325, 5.028284704167163e-06, 0.00030544918263331056, -0.00043239814112894237, -0.0002429734158795327, -0.00013372179819270968, -0.00012801721459254622, 9.254638280253857e-05, 0.00019021988555323333], [7.572332106065005e-05, 0.0008084242581389844, 0.0002133558300556615, 5.515796510735527e-05, -0.00015038946003187448, 0.0004090318689122796, -0.0007657566457055509, 0.000467578909592703, -0.0008245391654781997, 0.00030329919536598027, -0.0002466250443831086, 3.3565767807886004e-05, 0.00020562905410770327], [5.135554965818301e-05, 0.0002133558300556615, 0.0026077774818986654, -0.001028522732667625, -0.00034271401818841696, 8.741221972741187e-05, -0.0005375139880925417, 0.00047820311738178134, -0.00015675531176384538, 5.566083473240724e-06, 0.000232230537221767, -0.0010862047784030437, -0.0006854256498627365], [-3.0904386221664026e-05, 5.515796510735527e-05, -0.001028522732667625, 0.0036954949609935284, -0.0010768651263788342, -0.001246664673089981, 0.002284793881699443, -0.003188799135386944, 0.000978668569587171, 0.0004796015564352274, 0.00019321752188261598, -0.0008897574152797461, 0.0001131537210312672], [0.00032977573573589325, -0.00015038946003187448, -0.00034271401818841696, -0.0010768651263788342, 0.0035900394432246685, 0.0007233218057081103, -0.0003749455790966749, 0.000885212910361588, -0.0019271246856078506, -0.0012046847259625793, 0.0008498996030539274, -0.00015883146261330694, 0.00022191496100276709], [5.028284704167163e-06, 0.0004090318689122796, 8.741221972741187e-05, -0.001246664673089981, 0.0007233218057081103, 0.005005918443202972, -0.00236370787024498, -0.0002538695407565683, 0.000632304057944566, -0.0018016141839325428, -0.0007787588983774185, -0.0010985627304762602, 0.0003111636615358293], [0.00030544918263331056, -0.0007657566457055509, -0.0005375139880925417, 0.002284793881699443, -0.0003749455790966749, -0.00236370787024498, 0.009775569662451744, -0.006441127508878708, -0.0003712442994583398, 0.0028984404634684324, -0.00356968492269516, 0.001512568211182952, -0.001369974692352116], [-0.00043239814112894237, 0.000467578909592703, 0.00047820311738178134, -0.003188799135386944, 0.000885212910361588, -0.0002538695407565683, -0.006441127508878708, 0.014598197303712368, -0.006394707597792149, -0.0010987083660438657, 0.0025500482879579067, -0.003251151880249381, 0.0008754364098422229], [-0.0002429734158795327, -0.0008245391654781997, -0.00015675531176384538, 0.000978668569587171, -0.0019271246856078506, 0.000632304057944566, -0.0003712442994583398, -0.006394707597792149, 0.013134106993675232, -0.003707521129399538, -0.0012490219669416547, 0.0013232514029368758, -0.002299080602824688], [-0.00013372179819270968, 0.00030329919536598027, 5.566083473240724e-06, 0.0004796015564352274, -0.0012046847259625793, -0.0018016141839325428, 0.0028984404634684324, -0.0010987083660438657, -0.003707521129399538, 0.011171202175319195, -0.006301459390670061, -0.0006617819890379906, 0.00018236873438581824], [-0.00012801721459254622, -0.0002466250443831086, 0.000232230537221767, 0.00019321752188261598, 0.0008498996030539274, -0.0007787588983774185, -0.00356968492269516, 0.0025500482879579067, -0.0012490219669416547, -0.006301459390670061, 0.016195960342884064, -0.00514667434617877, -0.0003856655675917864], [9.254638280253857e-05, 3.3565767807886004e-05, -0.0010862047784030437, -0.0008897574152797461, -0.00015883146261330694, -0.0010985627304762602, 0.001512568211182952, -0.003251151880249381, 0.0013232514029368758, -0.0006617819890379906, -0.00514667434617877, 0.01878180354833603, -0.00670984759926796], [0.00019021988555323333, 0.00020562905410770327, -0.0006854256498627365, 0.0001131537210312672, 0.00022191496100276709, 0.0003111636615358293, -0.001369974692352116, 0.0008754364098422229, -0.002299080602824688, 0.00018236873438581824, -0.0003856655675917864, -0.00670984759926796, 0.015757858753204346]], "metadata.audio_properties.analysis.downmix": "mix", "metadata.audio_properties.codec": "mp3", "metadata.audio_properties.md5_encoded": "dd81832a4ea385dffcdf7d8d578ac3f3", "metadata.tags.file_name": "1182278609549922354.mp3", "metadata.version.essentia": "2.1-beta6-dev", "metadata.version.essentia_git_sha": "v2.1_beta5-1110-g77a6a954", "metadata.version.extractor": "music 2.0", "tonal