{"song_id": "1182274039599857704", "download": "https://cdn.discordapp.com/attachments/1128313332273782784/1182274039599857704/chirp.mp4?ex=65841980&amp", "lyrics": "[Chorus]\nNari vindzan\u00e9 (ri vindzan\u00e9), rissi soukouman\u00e9 (ch\u00e9riy\u00e9)\nMch\u00e9wangou (waw\u00e9 wangou) nari vindzan\u00e9 (za kw\u00e9li)\nRi vindzan\u00e9, ri paran\u00e9 (mch\u00e9wangou ri vindzan\u00e9 eh-eh-eh)\nZa kw\u00e9li ri paran\u00e9 (ri paran\u00e9), wami na waw\u00e9 (ri vindzan\u00e9)", "style": ["power metal"], "essentia_features": {"lowlevel.average_loudness": 0.967588484287262, "lowlevel.barkbands_crest.mean": 17.414262771606445, "lowlevel.barkbands_crest.stdev": 5.362986087799072, "lowlevel.barkbands_flatness_db.mean": 0.24996207654476166, "lowlevel.barkbands_flatness_db.stdev": 0.08350414037704468, "lowlevel.barkbands_kurtosis.mean": 40.8884391784668, "lowlevel.barkbands_kurtosis.stdev": 80.54191589355469, "lowlevel.barkbands_skewness.mean": 4.068184852600098, "lowlevel.barkbands_skewness.stdev": 3.25240421295166, "lowlevel.barkbands_spread.mean": 9.646234512329102, "lowlevel.barkbands_spread.stdev": 11.544330596923828, "lowlevel.dissonance.mean": 0.42083102464675903, "lowlevel.dissonance.stdev": 0.05202806740999222, "lowlevel.dynamic_complexity": 2.6539297103881836, "lowlevel.erbbands_crest.mean": 13.570669174194336, "lowlevel.erbbands_crest.stdev": 5.343223571777344, "lowlevel.erbbands_flatness_db.mean": 0.17214111983776093, "lowlevel.erbbands_flatness_db.stdev": 0.04969768971204758, "lowlevel.erbbands_kurtosis.mean": 4.513456344604492, "lowlevel.erbbands_kurtosis.stdev": 5.934615135192871, "lowlevel.erbbands_skewness.mean": 1.4912328720092773, "lowlevel.erbbands_skewness.stdev": 1.1466954946517944, "lowlevel.erbbands_spread.mean": 37.63264465332031, "lowlevel.erbbands_spread.stdev": 26.528858184814453, "lowlevel.hfc.mean": 16.28868865966797, "lowlevel.hfc.stdev": 13.12696361541748, "lowlevel.loudness_ebu128.integrated": -10.976314544677734, "lowlevel.loudness_ebu128.loudness_range": 1.7434358596801758, "lowlevel.loudness_ebu128.momentary.mean": -11.254694938659668, "lowlevel.loudness_ebu128.momentary.stdev": 1.6453735828399658, "lowlevel.loudness_ebu128.short_term.mean": -10.971823692321777, "lowlevel.loudness_ebu128.short_term.stdev": 0.5879457592964172, "lowlevel.melbands_crest.mean": 21.493249893188477, "lowlevel.melbands_crest.stdev": 7.120748043060303, "lowlevel.melbands_flatness_db.mean": 0.33441129326820374, "lowlevel.melbands_flatness_db.stdev": 0.09825590252876282, "lowlevel.melbands_kurtosis.mean": 61.1395263671875, "lowlevel.melbands_kurtosis.stdev": 90.48917388916016, "lowlevel.melbands_skewness.mean": 4.737778186798096, "lowlevel.melbands_skewness.stdev": 3.3334946632385254, "lowlevel.melbands_spread.mean": 8.515361785888672, "lowlevel.melbands_spread.stdev": 15.455262184143066, "lowlevel.pitch_salience.mean": 0.38363415002822876, "lowlevel.pitch_salience.stdev": 0.15948030352592468, "lowlevel.silence_rate_20dB.mean": 1.0, "lowlevel.silence_rate_20dB.stdev": 0.0, "lowlevel.silence_rate_30dB.mean": 0.8576744198799133, "lowlevel.silence_rate_30dB.stdev": 0.34938356280326843, "lowlevel.silence_rate_60dB.mean": 0.03348837047815323, "lowlevel.silence_rate_60dB.stdev": 0.1799081563949585, "lowlevel.spectral_centroid.mean": 662.9037475585938, "lowlevel.spectral_centroid.stdev": 488.52093505859375, "lowlevel.spectral_complexity.mean": 9.161860466003418, "lowlevel.spectral_complexity.stdev": 5.581849575042725, "lowlevel.spectral_decrease.mean": -1.605566701812222e-08, "lowlevel.spectral_decrease.stdev": 1.0463102384505873e-08, "lowlevel.spectral_energy.mean": 0.0620751678943634, "lowlevel.spectral_energy.stdev": 0.039752159267663956, "lowlevel.spectral_energyband_high.mean": 0.0004877187020611018, "lowlevel.spectral_energyband_high.stdev": 0.0011199467116966844, "lowlevel.spectral_energyband_low.mean": 0.04076337814331055, "lowlevel.spectral_energyband_low.stdev": 0.041020844131708145, "lowlevel.spectral_energyband_middle_high.mean": 0.0018865844467654824, "lowlevel.spectral_energyband_middle_high.stdev": 0.0027076927945017815, "lowlevel.spectral_energyband_middle_low.mean": 0.019461100921034813, "lowlevel.spectral_energyband_middle_low.stdev": 0.017396563664078712, "lowlevel.spectral_entropy.mean": 6.987468242645264, "lowlevel.spectral_entropy.stdev": 0.6061853766441345, "lowlevel.spectral_flux.mean": 0.0986274853348732, "lowlevel.spectral_flux.stdev": 0.07414684444665909, "lowlevel.spectral_kurtosis.mean": 5.3791327476501465, "lowlevel.spectral_kurtosis.stdev": 4.150174140930176, "lowlevel.spectral_rms.mean": 0.007281443569809198, "lowlevel.spectral_rms.stdev": 0.0027462197467684746, "lowlevel.spectral_rolloff.mean": 561.9061279296875, "lowlevel.spectral_rolloff.stdev": 1331.8182373046875, "lowlevel.spectral_skewness.mean": 1.9380327463150024, "lowlevel.spectral_skewness.stdev": 0.6364338994026184, "lowlevel.spectral_spread.mean": 5569970.5, "lowlevel.spectral_spread.stdev": 1855582.5, "lowlevel.spectral_strongpeak.mean": 0.9883126020431519, "lowlevel.spectral_strongpeak.stdev": 0.9385978579521179, "lowlevel.zerocrossingrate.mean": 0.029406795278191566, "lowlevel.zerocrossingrate.stdev": 0.035521358251571655, "metadata.audio_properties.analysis.equal_loudness": 0.0, "metadata.audio_properties.analysis.length": 24.91628074645996, "metadata.audio_properties.analysis.sample_rate": 44100.0, "metadata.audio_properties.analysis.start_time": 0.0, "metadata.audio_properties.bit_rate": 121062.0, "metadata.audio_properties.length": 24.917333602905273, "metadata.audio_properties.lossless": 0.0, "metadata.audio_properties.number_channels": 1.0, "metadata.audio_properties.replay_gain": -14.507562637329102, "metadata.audio_properties.sample_rate": 48000.0, "rhythm.beats_count": 45.0, "rhythm.beats_loudness.mean": 0.09875063598155975, "rhythm.beats_loudness.stdev": 0.0395255982875824, "rhythm.bpm": 111.32322692871094, "rhythm.bpm_histogram_first_peak_bpm": 112.0, "rhythm.bpm_histogram_first_peak_weight": 0.3333333730697632, "rhythm.bpm_histogram_second_peak_bpm": 105.0, "rhythm.bpm_histogram_second_peak_spread": 0.3999999761581421, "rhythm.bpm_histogram_second_peak_weight": 0.06818182021379471, "rhythm.danceability": 1.2608758211135864, "rhythm.onset_rate": 5.373276233673096, "tonal.chords_changes_rate": 0.07620818167924881, "tonal.chords_number_rate": 0.013011152856051922, "tonal.chords_strength.mean": 0.5112339854240417, "tonal.chords_strength.stdev": 0.07189489901065826, "tonal.hpcp_crest.mean": 15.062859535217285, "tonal.hpcp_crest.stdev": 6.948319435119629, "tonal.hpcp_entropy.mean": 1.7652093172073364, "tonal.hpcp_entropy.stdev": 0.7403788566589355, "tonal.key_edma.strength": 0.6451409459114075, "tonal.key_krumhansl.strength": 0.6629841327667236, "tonal.key_temperley.strength": 0.6895097494125366, "tonal.tuning_diatonic_strength": 0.540978193283081, "tonal.tuning_equal_tempered_deviation": 0.20790894329547882, "tonal.tuning_frequency": 434.193115234375, "tonal.tuning_nontempered_energy_ratio": 0.9617641568183899, "lowlevel.barkbands.mean": [0.0022269415203481913, 0.03559169918298721, 0.0025830622762441635, 0.0009891900699585676, 0.00948850717395544, 0.0006422820151783526, 0.0046079023741185665, 0.0024075107648968697, 0.0009930292144417763, 0.0004347344802226871, 0.00044054235331714153, 0.0002018673112615943, 0.00028654493507929146, 0.00012190748384455219, 7.193228520918638e-05, 0.0001239032717421651, 0.00011506473674671724, 0.00013784410839434713, 6.27342305961065e-05, 9.699406655272469e-05, 4.228503166814335e-05, 8.00588313722983e-05, 0.00010723261948442087, 9.15687414817512e-05, 8.204069308703765e-05, 4.6445144107565284e-05, 1.4296756489784457e-06], "lowlevel.barkbands.stdev": [0.0037225529085844755, 0.037698935717344284, 0.008226112462580204, 0.0032181404531002045, 0.014482815749943256, 0.002585524693131447, 0.0075635602697730064, 0.007460655644536018, 0.0031755627132952213, 0.0015388975152745843, 0.0010766140185296535, 0.0007270296337082982, 0.0009058091090992093, 0.0003224826359655708, 0.00013973351451568305, 0.00028102699434384704, 0.00026436467305757105, 0.00022636011999566108, 0.00013252907956484705, 0.00022338492271956056, 0.00010121277591679245, 0.00016613471962045878, 0.000229219178436324, 0.00023984526342246681, 0.0003295784117653966, 0.00018176884623244405, 5.037877144786762e-06], "lowlevel.erbbands.mean": [1.263283371925354, 6.853614807128906, 5.1053876876831055, 3.424793004989624, 11.710762977600098, 40.98675537109375, 20.067235946655273, 6.445253849029541, 41.83592987060547, 90.21990203857422, 26.954910278320312, 25.856464385986328, 20.096920013427734, 14.089323997497559, 11.950057029724121, 10.304665565490723, 13.485175132751465, 6.932321071624756, 4.418582439422607, 5.083975315093994, 6.150002479553223, 6.258523464202881, 8.975614547729492, 3.292038917541504, 4.215524673461914, 4.460804462432861, 2.0797436237335205, 1.6362364292144775, 2.532925844192505, 3.800663948059082, 2.809807062149048, 1.9531490802764893, 1.4834157228469849, 1.008592963218689, 0.543741762638092, 0.23930968344211578, 0.0776551216840744, 0.01133109163492918, 0.00026821185019798577, 7.764714246150106e-05], "lowlevel.erbbands.stdev": [1.57701575756073, 7.813175201416016, 10.23751449584961, 10.631299018859863, 21.987749099731445, 64.19149780273438, 46.388729095458984, 22.54190444946289, 70.0468521118164, 157.08029174804688, 64.1775894165039, 85.4305648803711, 68.0481948852539, 38.04692840576172, 31.320363998413086, 33.756893157958984, 42.06937026977539, 16.580839157104492, 8.400773048400879, 9.335543632507324, 12.997183799743652, 12.77808666229248, 15.101802825927734, 5.822044849395752, 8.843658447265625, 10.807465553283691, 4.779351711273193, 3.8801636695861816, 5.788264274597168, 7.7652482986450195, 5.885833263397217, 4.836407661437988, 4.077199459075928, 3.400853395462036, 2.6379573345184326, 1.2516151666641235, 0.23397602140903473, 0.03147822618484497, 0.0006838369299657643, 4.93211300636176e-05], "lowlevel.gfcc.mean": [-31.642444610595703, 95.32071685791016, -70.41854095458984, 30.259477615356445, -62.272064208984375, 13.788341522216797, -38.353790283203125, 18.413957595825195, -11.671172142028809, 2.9350943565368652, -9.596402168273926, 6.218599319458008, -13.675695419311523], "lowlevel.melbands.mean": [0.010629997588694096, 0.004749031737446785, 0.000734115659724921, 0.00195196398999542, 0.0010536659974604845, 0.00014412238670047373, 0.0007704431773163378, 0.0009476596023887396, 0.00017069981549866498, 0.00016735936515033245, 9.254456381313503e-05, 5.000318924430758e-05, 4.33323803008534e-05, 2.8941100026713684e-05, 2.6943342163576744e-05, 2.5984687454183586e-05, 1.1956365597143304e-05, 7.409688350890065e-06, 6.167494120745687e-06, 9.724695701152086e-06, 6.405814929166809e-06, 5.783711912954459e-06, 8.83894790604245e-06, 6.16127817920642e-06, 2.2069443730288185e-06, 2.5313352125522215e-06, 3.816868684225483e-06, 2.7097880774817895e-06, 1.3505466540664202e-06, 1.0353700190535164e-06, 9.011482120513392e-07, 1.2443917967175366e-06, 1.89845081877138e-06, 2.2562792310054647e-06, 1.70949601852044e-06, 1.2206272685943986e-06, 1.19540425203013e-06, 1.0509484127396718e-06, 9.575577450959827e-07, 8.12529549421015e-07], "lowlevel.melbands.stdev": [0.011673514731228352, 0.006272916682064533, 0.001774683129042387, 0.002887170063331723, 0.00223647546954453, 0.0005882707773707807, 0.001273407251574099, 0.0018233726732432842, 0.0004354442353360355, 0.000579001905862242, 0.0003339169779792428, 0.0001404190988978371, 0.00010268105688737705, 9.35188218136318e-05, 8.377512858714908e-05, 8.440887177130207e-05, 3.297403600299731e-05, 1.6497071555932052e-05, 1.2137583325966261e-05, 2.3821852664696053e-05, 1.4013848158356268e-05, 1.2673897799686529e-05, 1.5259864085237496e-05, 1.1900453500857111e-05, 4.534195340966107e-06, 5.666568995366106e-06, 8.54714926390443e-06, 7.01934141034144e-06, 3.226535682188114e-06, 2.613064452816616e-06, 2.232467522844672e-06, 3.1588745059707435e-06, 3.7613383483403595e-06, 5.050803792983061e-06, 3.619942162913503e-06, 2.8299327823333442e-06, 3.174865241817315e-06, 2.8792949251510436e-06, 2.936479177151341e-06, 2.8462022783060092e-06], "lowlevel.melbands128.mean": [0.001999503932893276, 0.0102517856284976, 0.014952591620385647, 0.010295121930539608, 0.003668086137622595, 0.0010983020765706897, 0.0006504639750346541, 0.0004399757308419794, 0.0010011120466515422, 0.002154313027858734, 0.0025858951266855, 0.0019443341298028827, 0.0005471966578625143, 8.131149661494419e-05, 5.267758751870133e-05, 0.00019449557294137776, 0.00039149948861449957, 0.0007388360681943595, 0.0015978317242115736, 0.0009178564650937915, 0.0008956794627010822, 0.00016598367074038833, 0.00010203986312262714, 9.962577314581722e-05, 0.00015758104564156383, 0.00023747679369989783, 7.202875713119283e-05, 0.000138080125907436, 3.24756110785529e-05, 1.239059474755777e-05, 9.065795893548056e-05, 6.097530058468692e-05, 2.5507042664685287e-05, 5.086691817268729e-05, 1.610897197679151e-05, 3.593100336729549e-05, 2.4656746973050758e-05, 1.4880444723530672e-05, 4.357584111858159e-05, 3.0308012355817482e-05, 2.68393869191641e-05, 6.71102952765068e-06, 9.973825399356429e-06, 1.7456024579587393e-05, 1.0918950465566013e-05, 3.526171667544986e-06, 5.068863629276166e-06, 9.68690073932521e-06, 4.359388640295947e-06, 3.1762683647684753e-06, 1.572550172568299e-05, 1.0252770152874291e-05, 4.232075298205018e-06, 6.9668208197981585e-06, 5.67779034099658e-06, 3.6870121675747214e-06, 7.737196938251145e-06, 8.402736966672819e-06, 8.562949915358331e-06, 1.1708293641277123e-05, 5.863957994733937e-06, 2.576264250819804e-06, 2.6286113552487222e-06, 1.857439087871171e-06, 1.918055659189122e-06, 2.56319617619738e-06, 2.3751845219521783e-06, 4.348667062004097e-06, 3.453030558375758e-06, 4.628146143659251e-06, 2.1502826257346896e-06, 2.7610235520114657e-06, 1.359629550279351e-06, 1.147668967860227e-06, 1.0591398904580274e-06, 1.1542538231879007e-06, 9.937836011886247e-07, 7.891309792285028e-07, 9.142205499301781e-07, 9.43296129207738e-07, 1.0927344646916026e-06, 1.3724072687182343e-06, 1.622626314201625e-06, 2.0284960555727594e-06, 2.0712584500870435e-06, 2.171189180444344e-06, 2.4522496460122056e-06, 2.0546401628962485e-06, 1.6554374724364607e-06, 1.5207440355879953e-06, 1.3038444421908935e-06, 1.071378846972948e-06, 1.1726792763511185e-06, 1.2035301324431202e-06, 1.268608230020618e-06, 1.061681018654781e-06, 1.0114550832440727e-06, 9.78233174464549e-07, 1.0112318022947875e-06, 9.040038548846496e-07, 9.106056495511439e-07, 8.388390142499702e-07, 6.561079999301e-07, 5.504696787284047e-07, 6.537166541420447e-07, 6.285867470978701e-07, 5.29670273863303e-07, 4.6335242132045096e-07, 4.4099431306676706e-07, 3.289028711606079e-07, 2.622843453536916e-07, 2.7565178584154637e-07, 2.6309047029826615e-07, 2.1555506179993245e-07, 1.5636177863598277e-07, 1.4567024209100055e-07, 5.5937100285063934e-08, 7.449888705934882e-09, 4.10584510834866e-10, 1.1049362813597696e-11, 1.0375144320062812e-11, 9.95386845864532e-12, 9.751890267528651e-12, 9.708935044816513e-12, 9.423004911079946e-12, 8.652175330359224e-12, 8.149702267201686e-12, 8.040223001271052e-12], "lowlevel.melbands128.stdev": [0.0033534399699419737, 0.014651674777269363, 0.0174943245947361, 0.012789956294000149, 0.0067244707606732845, 0.003710028948262334, 0.002357194200158119, 0.0013700039125978947, 0.0023390885908156633, 0.003974787425249815, 0.004344283603131771, 0.004852955229580402, 0.0015014238888397813, 0.0002106036845361814, 0.0001632519270060584, 0.0013024822110310197, 0.0014656311832368374, 0.0012772511690855026, 0.003171510063111782, 0.00189898198004812, 0.0029969902243465185, 0.0006081151659600437, 0.00042683345964178443, 0.0004693640221375972, 0.0006382476422004402, 0.0009572833660058677, 0.0004333428223617375, 0.0005904547870159149, 0.00011420900409575552, 3.1373027013614774e-05, 0.0003022232558578253, 0.00019530706049408764, 8.494122448610142e-05, 0.00019272646750323474, 7.801242463756353e-05, 0.00016496614261996, 0.00011403730604797602, 4.399531098897569e-05, 0.0002160374860977754, 0.00011037455260520801, 0.00011447982979007065, 2.0248409782652743e-05, 4.060923311044462e-05, 5.9239482652628794e-05, 3.704041228047572e-05, 1.0688137990655378e-05, 1.3189835954108275e-05, 2.1719639335060492e-05, 1.0597054824756924e-05, 8.314999831782188e-06, 4.530457590590231e-05, 2.6931016691378318e-05, 1.6117928680614568e-05, 1.922344927152153e-05, 1.582703407621011e-05, 1.2119721759518143e-05, 2.0571133063640445e-05, 2.3201453586807474e-05, 1.8069822544930503e-05, 2.3344655346591026e-05, 1.708870695438236e-05, 5.2873988352075685e-06, 6.5403742155467626e-06, 4.668644578487147e-06, 4.476174581213854e-06, 6.5840768002090044e-06, 6.47791648589191e-06, 1.0677539648895618e-05, 8.722594429855235e-06, 1.424466881871922e-05, 7.4423069236218e-06, 9.368895007355604e-06, 3.5620887501863763e-06, 3.13654231831606e-06, 3.07135655930324e-06, 3.0614971819886705e-06, 2.7082701308245305e-06, 2.0688898985099513e-06, 2.4511082301614806e-06, 2.751731017269776e-06, 3.037736178157502e-06, 3.751173153432319e-06, 4.378525773063302e-06, 4.2129518078581896e-06, 4.349680239101872e-06, 4.913353222946171e-06, 6.263257091632113e-06, 5.602850706054596e-06, 3.5378445772948908e-06, 3.4656893603823846e-06, 3.224577540095197e-06, 2.6566005999484332e-06, 3.039169087060145e-06, 3.5219541132391896e-06, 3.7443044220708543e-06, 3.0235589747462654e-06, 3.0167373097356176e-06, 3.0860524020681623e-06, 3.4536487873992883e-06, 3.029188292202889e-06, 3.3467797493358376e-06, 2.8838687740062596e-06, 2.995497652591439e-06, 2.754812385319383e-06, 3.4941115245601395e-06, 3.3974970392591786e-06, 2.8166823540232144e-06, 2.592724968053517e-06, 2.805491249091574e-06, 1.6840256193972891e-06, 1.025293386192061e-06, 9.406015806234791e-07, 7.220642714855785e-07, 6.168486379465321e-07, 4.089998526524141e-07, 4.57062924397178e-07, 1.8307903815184545e-07, 5.991883256228903e-08, 6.722263634628689e-09, 3.412099075505992e-11, 2.854107575278597e-11, 2.689086626983528e-11, 2.7056957369042678e-11, 2.9053769806663965e-11, 2.6812560852129685e-11, 1.5468267292040316e-11, 1.1064791444193034e-11, 1.0916517689807392e-11], "lowlevel.mfcc.mean": [-690.7218017578125, 129.98509216308594, 41.55457305908203, 22.23750877380371, 11.254694938659668, -0.5341543555259705, -5.286591053009033, 13.286015510559082, -1.9491939544677734, 6.5037150382995605, 5.5230913162231445, 2.822166681289673, 6.9974589347839355], "lowlevel.spectral_contrast_coeffs.mean": [-0.63089519739151, -0.6715185046195984, -0.758728563785553, -0.8019976615905762, -0.7945716381072998, -0.7877455949783325], "lowlevel.spectral_contrast_coeffs.stdev": [0.1070297583937645, 0.1049354299902916, 0.0811351090669632, 0.05998142808675766, 0.05445755645632744, 0.035558804869651794], "lowlevel.spectral_contrast_valleys.mean": [-7.028133869171143, -7.261995792388916, -8.160225868225098, -8.540823936462402, -8.483476638793945, -10.502992630004883], "lowlevel.spectral_contrast_valleys.stdev": [1.0210410356521606, 0.738511323928833, 0.8455997109413147, 0.8665711879730225, 0.9162868857383728, 0.9420312643051147], "rhythm.beats_loudness_band_ratio.mean": [0.7829764485359192, 0.14144080877304077, 0.07343997806310654, 0.007282305508852005, 0.006522190757095814, 0.014022729359567165], "rhythm.beats_loudness_band_ratio.stdev": [0.2229543775320053, 0.21397455036640167, 0.10278333723545074, 0.015496245585381985, 0.009209563955664635, 0.04334232956171036], "tonal.hpcp.mean": [0.06605958193540573, 0.05636328458786011, 0.0726771354675293, 0.2161148488521576, 0.25484421849250793, 0.11814741045236588, 0.058481615036726, 0.0420663058757782, 0.05055200681090355, 0.16968117654323578, 0.19403326511383057, 0.0846986323595047, 0.05468820407986641, 0.03976942598819733, 0.024044016376137733, 0.028221847489476204, 0.04331305995583534, 0.08098990470170975, 0.1542341709136963, 0.13869962096214294, 0.06440920382738113, 0.04092826694250107, 0.025764144957065582, 0.034025054425001144, 0.07697183638811111, 0.07178788632154465, 0.029199674725532532, 0.02209697663784027, 0.025349808856844902, 0.025761863216757774, 0.04057940095663071, 0.05270995572209358, 0.055810701102018356, 0.10860288888216019, 0.15002287924289703, 0.11036964505910873], "tonal.hpcp.stdev": [0.2071857750415802, 0.19248439371585846, 0.20501255989074707, 0.3052186369895935, 0.34918731451034546, 0.22105862200260162, 0.19622984528541565, 0.16218018531799316, 0.16924579441547394, 0.3086020052433014, 0.3521060347557068, 0.20191597938537598, 0.1983904093503952, 0.16721726953983307, 0.11219682544469833, 0.12091729044914246, 0.16528263688087463, 0.22308722138404846, 0.30757808685302734, 0.28147122263908386, 0.193723663687706, 0.15359936654567719, 0.1165996640920639, 0.13163700699806213, 0.22210367023944855, 0.19389823079109192, 0.12207275629043579, 0.11663816124200821, 0.1296345591545105, 0.12178663164377213, 0.14892397820949554, 0.1681235283613205, 0.1826867014169693, 0.24769289791584015, 0.30837690830230713, 0.2569587528705597], "rhythm.beats_position": [0.54566890001297, 1.1145577430725098, 1.6718367338180542, 2.217505693435669, 2.763174533843994, 3.2972335815429688, 3.8545124530792236, 4.435011386871338, 5.003900051116943, 5.572789192199707, 6.130067825317383, 6.664126873016357, 7.209795951843262, 7.7670745849609375, 8.359183311462402, 8.916461944580078, 9.450521469116211, 10.007800102233887, 10.54185962677002, 11.075918197631836, 11.609976768493652, 12.144036293029785, 12.689704895019531, 13.223763465881348, 13.74621295928955, 14.280271530151367, 14.8143310546875, 15.348389625549316, 15.88244915008545, 16.428117752075195, 16.962177276611328, 17.496234893798828, 18.04190444946289, 18.575963973999023, 19.110021591186523, 19.644081115722656, 20.17814064025879, 20.71219825744629, 21.246257781982422, 21.780317306518555, 22.314376831054688, 22.848434448242188, 23.38249397277832, 23.916553497314453, 24.450611114501953], "rhythm.bpm_histogram": [0.0, 0.0, 0.0, 0.0, 0.0, 0.0, 0.0, 0.0, 0.0, 0.0, 0.0, 0.0, 0.0, 0.0, 0.0, 0.0, 0.0, 0.0, 0.0, 0.0, 0.0, 0.0, 0.0, 0.0, 0.0, 0.0, 0.0, 0.0, 0.0, 0.0, 0.0, 0.0, 0.0, 0.0, 0.0, 0.0, 0.0, 0.0, 0.0, 0.0, 0.0, 0.0, 0.0, 0.0, 0.0, 0.0, 0.0, 0.0, 0.0, 0.0, 0.0, 0.0, 0.0, 0.0, 0.0, 0.0, 0.0, 0.0, 0.0, 0.0, 0.0, 0.0, 0.0, 0.0, 0.0, 0.0, 0.0, 0.0, 0.0, 0.0, 0.0, 0.0, 0.0, 0.0, 0.0, 0.0, 0.0, 0.0, 0.0, 0.0, 0.0, 0.0, 0.0, 0.0, 0.0, 0.0, 0.0, 0.0, 0.0, 0.0, 0.0, 0.0, 0.0, 0.0, 0.0, 0.0, 0.0, 0.0, 0.0, 0.0, 0.0, 0.022727273404598236, 0.0, 0.022727273404598236, 0.0, 0.06818182021379471, 0.0, 0.0, 0.13636364042758942, 0.0, 0.13636364042758942, 0.0, 0.5909090638160706, 0.0, 0.0, 0.022727273404598236, 0.0, 0.0, 0.0, 0.0, 0.0, 0.0, 0.0, 0.0, 0.0, 0.0, 0.0, 0.0, 0.0, 0.0, 0.0, 0.0, 0.0, 0.0, 0.0, 0.0, 0.0, 0.0, 0.0, 0.0, 0.0, 0.0, 0.0, 0.0, 0.0, 0.0, 0.0, 0.0, 0.0, 0.0, 0.0, 0.0, 0.0, 0.0, 0.0, 0.0, 0.0, 0.0, 0.0, 0.0, 0.0, 0.0, 0.0, 0.0, 0.0, 0.0, 0.0, 0.0, 0.0, 0.0, 0.0, 0.0, 0.0, 0.0, 0.0, 0.0, 0.0, 0.0, 0.0, 0.0, 0.0, 0.0, 0.0, 0.0, 0.0, 0.0, 0.0, 0.0, 0.0, 0.0, 0.0, 0.0, 0.0, 0.0, 0.0, 0.0, 0.0, 0.0, 0.0, 0.0, 0.0, 0.0, 0.0, 0.0, 0.0, 0.0, 0.0, 0.0, 0.0, 0.0, 0.0, 0.0, 0.0, 0.0, 0.0, 0.0, 0.0, 0.0, 0.0, 0.0, 0.0, 0.0, 0.0, 0.0, 0.0, 0.0, 0.0, 0.0, 0.0, 0.0, 0.0, 0.0, 0.0, 0.0, 0.0, 0.0, 0.0, 0.0, 0.0, 0.0, 0.0, 0.0, 0.0, 0.0, 0.0, 0.0, 0.0, 0.0, 0.0, 0.0], "tonal.chords_histogram": [6.877323627471924, 0.0, 30.29739761352539, 0.0, 11.338290214538574, 0.0, 0.0, 0.0, 0.0, 0.0, 0.0, 0.0, 0.0, 0.0, 0.0, 0.0, 0.0, 0.0, 0.0, 5.018587589263916, 0.0, 25.092937469482422, 16.171003341674805, 5.204461097717285], "tonal.thpcp": [1.0, 0.4636063873767853, 0.2294798642396927, 0.16506674885749817, 0.19836434721946716, 0.6658231616020203, 0.7613798975944519, 0.3323545455932617, 0.21459464728832245, 0.15605387091636658, 0.09434790164232254, 0.11074156314134598, 0.1699589639902115, 0.3178016245365143, 0.6052095890045166, 0.5442525744438171, 0.2527395188808441, 0.16060112416744232, 0.10109762102365494, 0.13351315259933472, 0.302034854888916, 0.2816932201385498, 0.11457852274179459, 0.08670777827501297, 0.09947178512811661, 0.10108867287635803, 0.15923218429088593, 0.20683206617832184, 0.21899928152561188, 0.4261540174484253, 0.5886846780776978, 0.43308672308921814, 0.2592155337333679, 0.22116759419441223, 0.2851825952529907, 0.8480272889137268], "lowlevel.gfcc.cov": [[5886.37646484375, -857.3201904296875, -588.995361328125, 222.94265747070312, -210.93637084960938, 106.41241455078125, -240.86508178710938, -2.5409884452819824, -354.5332946777344, 127.33924102783203, -35.53685760498047, 191.3607177734375, -201.2003631591797], [-857.3201904296875, 1226.49853515625, 267.2304382324219, -8.261960983276367, 366.5122985839844, 225.5054931640625, 472.3479309082031, 165.166015625, 313.6288146972656, 37.94393539428711, 226.54644775390625, -76.35855865478516, 102.11488342285156], [-588.995361328125, 267.2304382324219, 833.0113525390625, 363.868896484375, 271.79510498046875, 154.55987548828125, 178.36636352539062, 74.8095474243164, 142.07208251953125, 39.730770111083984, 50.32477951049805, 17.96469497680664, 124.97187805175781], [222.94265747070312, -8.261960983276367, 363.868896484375, 657.0501098632812, 372.6252746582031, 82.26205444335938, 43.773250579833984, 45.06342315673828, 124.68738555908203, 29.28646469116211, 15.259934425354004, 45.973758697509766, 115.88924407958984], [-210.93637084960938, 366.5122985839844, 271.79510498046875, 372.6252746582031, 605.8142700195312, 289.321533203125, 288.88848876953125, 128.3173065185547, 217.55369567871094, 109.4761734008789, 112.36150360107422, 3.0577733516693115, 123.50989532470703], [106.41241455078125, 225.5054931640625, 154.55987548828125, 82.26205444335938, 289.321533203125, 386.8043518066406, 326.3572998046875, 139.98489379882812, 131.4172821044922, 129.68955993652344, 116.66040802001953, -8.444831848144531, 27.14795684814453], [-240.86508178710938, 472.3479309082031, 178.36636352539062, 43.773250579833984, 288.88848876953125, 326.3572998046875, 522.051025390625, 207.9148406982422, 139.3308868408203, 110.13955688476562, 180.69532775878906, -14.840439796447754, 58.30446243286133], [-2.5409884452819824, 165.166015625, 74.8095474243164, 45.06342315673828, 128.3173065185547, 139.98489379882812, 207.9148406982422, 255.68968200683594, 197.25308227539062, 92.07989501953125, 105.54976654052734, 23.497161865234375, 23.862199783325195], [-354.5332946777344, 313.6288146972656, 142.07208251953125, 124.68738555908203, 217.55369567871094, 131.4172821044922, 139.3308868408203, 197.25308227539062, 430.36981201171875, 125.23725891113281, 107.13069915771484, 3.4117612838745117, 39.665164947509766], [127.33924102783203, 37.94393539428711, 39.730770111083984, 29.28646469116211, 109.4761734008789, 129.68955993652344, 110.13955688476562, 92.07989501953125, 125.23725891113281, 163.07858276367188, 75.2912368774414, -0.8400128483772278, 7.065370559692383], [-35.53685760498047, 226.54644775390625, 50.32477951049805, 15.259934425354004, 112.36150360107422, 116.66040802001953, 180.69532775878906, 105.54976654052734, 107.13069915771484, 75.2912368774414, 157.5913543701172, 28.986663818359375, 40.19624328613281], [191.3607177734375, -76.35855865478516, 17.96469497680664, 45.973758697509766, 3.0577733516693115, -8.444831848144531, -14.840439796447754, 23.497161865234375, 3.4117612838745117, -0.8400128483772278, 28.986663818359375, 108.11820983886719, 46.77138137817383], [-201.2003631591797, 102.11488342285156, 124.97187805175781, 115.88924407958984, 123.50989532470703, 27.14795684814453, 58.30446243286133, 23.862199783325195, 39.665164947509766, 7.065370559692383, 40.19624328613281, 46.77138137817383, 133.3420867919922]], "lowlevel.gfcc.icov": [[0.0003263800754211843, -0.00021020926942583174, 0.000322891806717962, -0.0005546411266550422, 0.00032233147067017853, -0.0005306216771714389, 0.00038967037107795477, -0.0003217528574168682, 0.0005877423100173473, -0.0006062197498977184, 0.0001356848661089316, -0.0008020680979825556, 0.0006272610044106841], [-0.00021020926942583174, 0.0028485171496868134, -0.0006882423767820001, 0.0015008157351985574, -0.0013720793649554253, 0.0014038817025721073, -0.002099418779835105, 0.0013782012974843383, -0.00221800385043025, 0.0028661107644438744, -0.002719997661188245, 0.0027319244109094143, -0.0011319085024297237], [0.000322891806717962, -0.0006882423767820001, 0.002266805851832032, -0.001734390971250832, 0.0010112639283761382, -0.0011918101226910949, 0.00015696021728217602, -0.00025625014677643776, 0.0004839711473323405, -0.0008429769077338278, 0.0009964564815163612, -0.0008475612266920507, -0.0004220700648147613], [-0.0005546411266550422, 0.0015008157351985574, -0.001734390971250832, 0.004798934794962406, -0.0034571008291095495, 0.001988436793908477, -0.0005621218006126583, 0.0006204303354024887, -0.0016323262825608253, 0.002059321152046323, -0.000701731420122087, 0.0012065754272043705, -0.0014346597017720342], [0.00032233147067017853, -0.0013720793649554253, 0.0010112639283761382, -0.0034571008291095495, 0.0062643904238939285, -0.0034872337710112333, 0.00010532624582992867, 9.235984907718375e-05, 0.0001063712770701386, -0.0016849591629579663, 0.0012250721920281649, -0.0002681227633729577, -0.0017787396209314466], [-0.0005306216771714389, 0.0014038817025721073, -0.0011918101226910949, 0.001988436793908477, -0.0034872337710112333, 0.009210886433720589, -0.004970578011125326, 0.0012739842059090734, -0.0013397503644227982, -0.0011532518547028303, -0.0004058722697664052, 0.0008023823029361665, 0.0011138221016153693], [0.00038967037107795477, -0.002099418779835105, 0.00015696021728217602, -0.0005621218006126583, 0.00010532624582992867, -0.004970578011125326, 0.009065567515790462, -0.004667183849960566, 0.003536422038450837, -0.0008553344523534179, -0.002626800211146474, 0.0005272565176710486, -7.688561163377017e-05], [-0.0003217528574168682, 0.0013782012974843383, -0.00025625014677643776, 0.0006204303354024887, 9.235984907718375e-05, 0.0012739842059090734, -0.004667183849960566, 0.010167864151299, -0.00476266723126173, 0.0004900273052044213, -0.0013607862638309598, -0.000993280322290957, 0.00018563652702141553], [0.0005877423100173473, -0.00221800385043025, 0.0004839711473323405, -0.0016323262825608253, 0.0001063712770701386, -0.0013397503644227982, 0.003536422038450837, -0.00476266723126173, 0.007113490719348192, -0.0042237332090735435, 0.0004576087521854788, -0.0016422091284766793, 0.0015765633434057236], [-0.0006062197498977184, 0.0028661107644438744, -0.0008429769077338278, 0.002059321152046323, -0.0016849591629579663, -0.0011532518547028303, -0.0008553344523534179, 0.0004900273052044213, -0.0042237332090735435, 0.014150546863675117, -0.0058545079082250595, 0.004482726100832224, -0.001328407321125269], [0.0001356848661089316, -0.002719997661188245, 0.0009964564815163612, -0.000701731420122087, 0.0012250721920281649, -0.0004058722697664052, -0.002626800211146474, -0.0013607862638309598, 0.0004576087521854788, -0.0058545079082250595, 0.017192412167787552, -0.006670839618891478, -0.000365009211236611], [-0.0008020680979825556, 0.0027319244109094143, -0.0008475612266920507, 0.0012065754272043705, -0.0002681227633729577, 0.0008023823029361665, 0.0005272565176710486, -0.000993280322290957, -0.0016422091284766793, 0.004482726100832224, -0.006670839618891478, 0.01768994890153408, -0.007467525079846382], [0.0006272610044106841, -0.0011319085024297237, -0.0004220700648147613, -0.0014346597017720342, -0.0017787396209314466, 0.0011138221016153693, -7.688561163377017e-05, 0.00018563652702141553, 0.0015765633434057236, -0.001328407321125269, -0.000365009211236611, -0.007467525079846382, 0.014707245863974094]], "lowlevel.mfcc.cov": [[5663.4296875, -1115.7420654296875, -545.6790771484375, -85.52992248535156, -116.75765228271484, -13.439395904541016, 41.582332611083984, -108.87480926513672, -285.23333740234375, -192.01950073242188, -59.52558135986328, 43.855430603027344, 10.697701454162598], [-1115.7420654296875, 1158.5262451171875, 87.3045654296875, -65.37126159667969, 19.6318359375, 146.9995880126953, 256.2459411621094, 199.38548278808594, 175.0056915283203, 204.00241088867188, 198.5421600341797, 124.25213623046875, 64.04784393310547], [-545.6790771484375, 87.3045654296875, 602.44384765625, 215.14854431152344, 118.28170776367188, 78.22571563720703, 41.72228240966797, 52.954341888427734, 93.69981384277344, 28.039127349853516, -6.160282135009766, 25.487548828125, 24.834447860717773], [-85.52992248535156, -65.37126159667969, 215.14854431152344, 537.8287353515625, 298.55078125, 121.39556884765625, 29.953582763671875, 57.77256393432617, 119.58270263671875, 4.452886581420898, -38.72111129760742, 28.24704360961914, 55.278106689453125], [-116.75765228271484, 19.6318359375, 118.28170776367188, 298.55078125, 409.80712890625, 178.32421875, -11.725507736206055, 73.283447265625, 141.80810546875, 93.07645416259766, 37.55332565307617, 64.2284164428711, 56.83578109741211], [-13.439395904541016, 146.9995880126953, 78.22571563720703, 121.39556884765625, 178.32421875, 336.3780822753906, 197.95431518554688, 69.13507843017578, 138.38998413085938, 90.9490737915039, 94.66498565673828, 96.30831909179688, 20.159650802612305], [41.582332611083984, 256.2459411621094, 41.72228240966797, 29.953582763671875, -11.725507736206055, 197.95431518554688, 457.9104919433594, 129.40689086914062, 97.70893859863281, 78.01905059814453, 99.8445053100586, 72.70545196533203, 29.029415130615234], [-108.87480926513672, 199.38548278808594, 52.954341888427734, 57.77256393432617, 73.283447265625, 69.13507843017578, 129.40689086914062, 230.30294799804688, 121.87224578857422, 101.02342224121094, 94.64360046386719, 85.90898895263672, 87.14142608642578], [-285.23333740234375, 175.0056915283203, 93.69981384277344, 119.58270263671875, 141.80810546875, 138.38998413085938, 97.70893859863281, 121.87224578857422, 215.0461883544922, 139.07452392578125, 99.3149642944336, 94.18748474121094, 64.87920379638672], [-192.01950073242188, 204.00241088867188, 28.039127349853516, 4.452886581420898, 93.07645416259766, 90.9490737915039, 78.01905059814453, 101.02342224121094, 139.07452392578125, 241.3527069091797, 167.31777954101562, 104.56897735595703, 56.03845977783203], [-59.52558135986328, 198.5421600341797, -6.160282135009766, -38.72111129760742, 37.55332565307617, 94.66498565673828, 99.8445053100586, 94.64360046386719, 99.3149642944336, 167.31777954101562, 203.86300659179688, 113.38322448730469, 38.99467086791992], [43.855430603027344, 124.25213623046875, 25.487548828125, 28.24704360961914, 64.2284164428711, 96.30831909179688, 72.70545196533203, 85.90898895263672, 94.18748474121094, 104.56897735595703, 113.38322448730469, 151.69772338867188, 78.66023254394531], [10.697701454162598, 64.04784393310547, 24.834447860717773, 55.278106689453125, 56.83578109741211, 20.159650802612305, 29.029415130615234, 87.14142608642578, 64.87920379638672, 56.03845977783203, 38.99467086791992, 78.66023254394531, 139.94021606445312]], "lowlevel.mfcc.icov": [[0.0002794155734591186, 0.0002985353348776698, 0.00020270570530556142, -3.456904596532695e-05, 1.8897978861787124e-06, -0.00010358382132835686, -0.00015624762454535812, -0.00010897959145950153, 0.00043567430111579597, 5.9125526604475453e-05, -7.527275010943413e-05, -0.0003755054494831711, -5.950059130555019e-05], [0.0002985353348776698, 0.001531878369860351, 5.111831706017256e-05, 0.0002653862757142633, 6.894942634971812e-05, -0.0001388917153235525, -0.0005062980344519019, -0.0005967396427877247, 8.895475912140682e-05, -0.00022175100457388908, -0.000464366254163906, -0.0003035181143786758, -2.1647230823873542e-05], [0.00020270570530556142, 5.111831706017256e-05, 0.002174978842958808, -0.0008167480118572712, 0.00023084785789251328, -0.00021371578623075038, -2.645390122779645e-05, -0.00020702298206742853, -0.00016452833369839936, -0.00012363307178020477, 0.0004499680071603507, -0.00039395270869135857, 0.00019102693477179855], [-3.456904596532695e-05, 0.0002653862757142633, -0.0008167480118572712, 0.004131516441702843, -0.002879559760913253, 0.0005872179754078388, -0.0007646445301361382, 0.0001428145624231547, -0.0014192411908879876, 0.0011592806549742818, 0.0009291650494560599, -7.354299305006862e-05, -0.00047508234274573624], [1.8897978861787124e-06, 6.894942634971812e-05, 0.00023084785789251328, -0.002879559760913253, 0.006663716398179531, -0.0033257112372666597, 0.002220913302153349, -0.0009716321364976466, -0.0003445785550866276, -0.002104167127981782, 0.0007234039367176592, 0.0006388421752490103, -0.0005765141104348004], [-0.00010358382132835686, -0.0001388917153235525, -0.00021371578623075038, 0.0005872179754078388, -0.0033257112372666597, 0.007598073687404394, -0.0030041655991226435, 0.0017539889086037874, -0.0025695895310491323, 0.001545119215734303, -0.0009425471071153879, -0.002714382018893957, 0.0020255439449101686], [-0.00015624762454535812, -0.0005062980344519019, -2.645390122779645e-05, -0.0007646445301361382, 0.002220913302153349, -0.0030041655991226435, 0.004356349352747202, -0.001807957305572927, 9.693879837868735e-05, -0.00025807859492488205, -0.0003362772986292839, 0.0009068002109415829, -5.429407246992923e-05], [-0.00010897959145950153, -0.0005967396427877247, -0.00020702298206742853, 0.0001428145624231547, -0.0009716321364976466, 0.0017539889086037874, -0.001807957305572927, 0.008809346705675125, -0.003045841585844755, 0.0008156909025274217, -0.0018988410010933876, 7.830324466340244e-05, -0.003136281156912446], [0.00043567430111579597, 8.895475912140682e-05, -0.00016452833369839936, -0.0014192411908879876, -0.0003445785550866276, -0.0025695895310491323, 9.693879837868735e-05, -0.003045841585844755, 0.013092484325170517, -0.004583008587360382, 0.0008668942609801888, -0.0017682696925476193, -0.0005798534257337451], [5.9125526604475453e-05, -0.00022175100457388908, -0.00012363307178020477, 0.0011592806549742818, -0.002104167127981782, 0.001545119215734303, -0.00025807859492488205, 0.0008156909025274217, -0.004583008587360382, 0.013027846813201904, -0.008608328178524971, 0.000400332995923236, -0.0010798744624480605], [-7.527275010943413e-05, -0.000464366254163906, 0.0004499680071603507, 0.0009291650494560599, 0.0007234039367176592, -0.0009425471071153879, -0.0003362772986292839, -0.0018988410010933876, 0.0008668942609801888, -0.008608328178524971, 0.01694672554731369, -0.0072938078083097935, 0.0032884059473872185], [-0.0003755054494831711, -0.0003035181143786758, -0.00039395270869135857, -7.354299305006862e-05, 0.0006388421752490103, -0.002714382018893957, 0.0009068002109415829, 7.830324466340244e-05, -0.0017682696925476193, 0.000400332995923236, -0.0072938078083097935, 0.018061252310872078, -0.0072989920154213905], [-5.950059130555019e-05, -2.1647230823873542e-05, 0.00019102693477179855, -0.00047508234274573624, -0.0005765141104348004, 0.0020255439449101686, -5.429407246992923e-05, -0.003136281156912446, -0.0005798534257337451, -0.0010798744624480605, 0.0032884059473872185, -0.0072989920154213905, 0.013108412735164165]], "metadata.audio_properties.analysis.downmix": "mix", "metadata.audio_properties.codec": "mp3", "metadata.audio_properties.md5_encoded": "0c777441df56ac81b367aac4906480b2", "metadata.tags.file_name": "1182274039599857704.mp3", "metadata.version.essentia": "2.1-beta6-dev", "metadata.version.essentia_git_sha": "v2.1_beta5-1110-g77a6a954", "metadata.version.extractor": "music 2.0", "tonal.chords_key": "Bb", "tonal.chords_scale": "major", "tonal.key_edma.key": "Ab", "tonal.key_edma.scale": "major", "tonal.key_krumhansl.key": "Eb", "tonal.key_krumhansl.scale": "major", "tonal.key_temperley.key": "Eb", "tonal.key_temperley.scale": "major", "metadata.tags.encoding": ["Lavf58.45.100"]}, "essentia_models": [{"model_name": "genre_dortmund", "activations": {"alternative": "0.0101335915", "blues": "0.0003541366", "electronic": "0.02921158", "folkcountry": "0.0032285214", "funksoulrnb": "0.01859917", "jazz": "0.008134498", "pop": "0.06819691", "raphiphop": "0.74511003", "rock": "0.007218059"}}, {"model_name": "genre_rosamerica", "activa