{"song_id": "1182281796222730250", "download": "https://cdn.discordapp.com/attachments/1135911532732108921/1182281796222730250/chirp.mp4?ex=658420b9&amp", "lyrics": "\u0418\u0440\u0438\u043d\u0430 \u042e\u0440\u044c\u0435\u0432\u043d\u0430, \u0442\u0451\u0449\u0430 \u0434\u043e\u0440\u043e\u0433\u0430\u044f!\n\u0421 \u0414\u043d\u0451\u043c \u0420\u043e\u0436\u0434\u0435\u043d\u0438\u044f! \u0412\u0430\u0441 \u044f \u043f\u043e\u0437\u0434\u0440\u0430\u0432\u043b\u044f\u044e!\n\u041f\u0443\u0441\u0442\u044c \u0431\u043b\u0435\u0441\u0442\u044f\u0442 \u043e\u0442 \u0440\u0430\u0434\u043e\u0441\u0442\u0438 \u0433\u043b\u0430\u0437\u0430,\n\u041b\u0443\u0447\u0448\u0435\u0439 \u0442\u0451\u0449\u0438 \u0432 \u043c\u0438\u0440\u0435 \u043d\u0435 \u043d\u0430\u0439\u0442\u0438!\n\n\u0412\u0430\u043c \u0436\u0435\u043b\u0430\u044e \u043a\u0440\u0435\u043f\u043a\u043e\u0433\u043e \u0437\u0434\u043e\u0440\u043e\u0432\u044c\u044f,\n\u0414\u043e\u043b\u0433\u0438\u0445 \u043b\u0435\u0442, \u043d\u0435\u0443\u0442\u043e\u043c\u0438\u043c\u044b\u0445 \u0441\u0438\u043b.\n\u0427\u0442\u043e\u0431\u044b \u0436\u0438\u0437\u043d\u044c \u0431\u044b\u043b\u0430 \u0412\u0430\u0448\u0430 \u0441\u043f\u043e\u043a\u043e\u0439\u043d\u0430,\n\u0422\u043e\u043b\u044c\u043a\u043e \u043f\u0440\u0430\u0437\u0434\u043d\u0438\u043a \u0432 \u0434\u043e\u043c \u0412\u0430\u0448 \u0437\u0430\u0445\u043e\u0434\u0438\u043b.\n\n\u041d\u0430 \u0433\u043e\u0434\u0430 \u0412\u044b, \u0442\u0451\u0449\u0430, \u043d\u0435 \u0440\u043e\u043f\u0449\u0438\u0442\u0435,\n\u041d\u0435 \u0441\u0434\u0430\u0432\u0430\u0439\u0442\u0435\u0441\u044c \u0432 \u0438\u0445 \u0436\u0435\u0441\u0442\u043e\u043a\u0438\u0439 \u043f\u043b\u0435\u043d,\n\u0412 \u043a\u0430\u0436\u0434\u043e\u043c \u0434\u043d\u0435 \u043f\u0440\u0435\u043a\u0440\u0430\u0441\u043d\u043e\u0435 \u0438\u0449\u0438\u0442\u0435,\n\u041f\u0443\u0441\u0442\u044c \u043d\u0435 \u0431\u0443\u0434\u0435\u0442 \u0433\u043e\u0440\u044f \u0438 \u043f\u0440\u043e\u0431\u043b\u0435\u043c!\n\n\u041a\u0430\u0440\u0438\u043d\u0430 \u0438 \u0410\u0440\u0441\u0435\u043d\u0438\u0439 \u0412\u0430\u0441 \u0442\u043e\u0436\u0435 \u043f\u043e\u0437\u0434\u0440\u0430\u0432\u043b\u044f\u044e\u0442,\n\u0421\u0447\u0430\u0441\u0442\u044c\u044f, \u0440\u0430\u0434\u043e\u0441\u0442\u0438 \u0432 \u0436\u0438\u0437\u043d\u0438 \u0412\u0430\u043c \u0436\u0435\u043b\u0430\u044e\u0442.\n\n[Verse 1]\nIn the candle's glow, on this special day\nWe gather together, laughs and memories to play\nThrough the years we've shared, a bond so strong\nForever in my heart, you truly belong\n\n[Chorus]\nHappy Birthday, my dear friend\nMay all your dreams and wishes never end\nLet's celebrate this day, dear and true\nWith love and joy, I'm here for you", "style": ["random"], "essentia_features": {"lowlevel.average_loudness": 0.9862151741981506, "lowlevel.barkbands_crest.mean": 13.735925674438477, "lowlevel.barkbands_crest.stdev": 4.817018508911133, "lowlevel.barkbands_flatness_db.mean": 0.13519421219825745, "lowlevel.barkbands_flatness_db.stdev": 0.04070597141981125, "lowlevel.barkbands_kurtosis.mean": 4.907835006713867, "lowlevel.barkbands_kurtosis.stdev": 6.6956610679626465, "lowlevel.barkbands_skewness.mean": 2.12092924118042, "lowlevel.barkbands_skewness.stdev": 1.068092703819275, "lowlevel.barkbands_spread.mean": 27.475950241088867, "lowlevel.barkbands_spread.stdev": 13.21377944946289, "lowlevel.dissonance.mean": 0.4876875877380371, "lowlevel.dissonance.stdev": 0.010298137553036213, "lowlevel.dynamic_complexity": 0.8906141519546509, "lowlevel.erbbands_crest.mean": 6.410156726837158, "lowlevel.erbbands_crest.stdev": 2.754040479660034, "lowlevel.erbbands_flatness_db.mean": 0.12221332639455795, "lowlevel.erbbands_flatness_db.stdev": 0.02824428118765354, "lowlevel.erbbands_kurtosis.mean": 0.1352308988571167, "lowlevel.erbbands_kurtosis.stdev": 1.129644751548767, "lowlevel.erbbands_skewness.mean": -0.36843839287757874, "lowlevel.erbbands_skewness.stdev": 0.5856335163116455, "lowlevel.erbbands_spread.mean": 48.70820999145508, "lowlevel.erbbands_spread.stdev": 17.282825469970703, "lowlevel.hfc.mean": 30.433794021606445, "lowlevel.hfc.stdev": 14.985550880432129, "lowlevel.loudness_ebu128.integrated": -14.921844482421875, "lowlevel.loudness_ebu128.loudness_range": 0.2884979248046875, "lowlevel.loudness_ebu128.momentary.mean": -14.939258575439453, "lowlevel.loudness_ebu128.momentary.stdev": 0.39063775539398193, "lowlevel.loudness_ebu128.short_term.mean": -14.936175346374512, "lowlevel.loudness_ebu128.short_term.stdev": 0.10119204223155975, "lowlevel.melbands_crest.mean": 18.919912338256836, "lowlevel.melbands_crest.stdev": 4.871369361877441, "lowlevel.melbands_flatness_db.mean": 0.20410262048244476, "lowlevel.melbands_flatness_db.stdev": 0.047617848962545395, "lowlevel.melbands_kurtosis.mean": 25.0006160736084, "lowlevel.melbands_kurtosis.stdev": 24.039709091186523, "lowlevel.melbands_skewness.mean": 4.247023105621338, "lowlevel.melbands_skewness.stdev": 1.8711597919464111, "lowlevel.melbands_spread.mean": 19.316299438476562, "lowlevel.melbands_spread.stdev": 11.061057090759277, "lowlevel.pitch_salience.mean": 0.4651186168193817, "lowlevel.pitch_salience.stdev": 0.1416018009185791, "lowlevel.silence_rate_20dB.mean": 1.0, "lowlevel.silence_rate_20dB.stdev": 0.0, "lowlevel.silence_rate_30dB.mean": 0.9769230484962463, "lowlevel.silence_rate_30dB.stdev": 0.15014733374118805, "lowlevel.silence_rate_60dB.mean": 0.0025641026441007853, "lowlevel.silence_rate_60dB.stdev": 0.05057182535529137, "lowlevel.spectral_centroid.mean": 1790.9232177734375, "lowlevel.spectral_centroid.stdev": 550.1776123046875, "lowlevel.spectral_complexity.mean": 33.097434997558594, "lowlevel.spectral_complexity.stdev": 8.825706481933594, "lowlevel.spectral_decrease.mean": -1.44357876763479e-08, "lowlevel.spectral_decrease.stdev": 7.197295204264265e-09, "lowlevel.spectral_energy.mean": 0.05724446848034859, "lowlevel.spectral_energy.stdev": 0.027528399601578712, "lowlevel.spectral_energyband_high.mean": 0.001811967696994543, "lowlevel.spectral_energyband_high.stdev": 0.001644988777115941, "lowlevel.spectral_energyband_low.mean": 0.03990829363465309, "lowlevel.spectral_energyband_low.stdev": 0.02751854434609413, "lowlevel.spectral_energyband_middle_high.mean": 0.006691754795610905, "lowlevel.spectral_energyband_middle_high.stdev": 0.003814756404608488, "lowlevel.spectral_energyband_middle_low.mean": 0.01024846825748682, "lowlevel.spectral_energyband_middle_low.stdev": 0.010985092259943485, "lowlevel.spectral_entropy.mean": 7.98290491104126, "lowlevel.spectral_entropy.stdev": 0.1886192262172699, "lowlevel.spectral_flux.mean": 0.13470031321048737, "lowlevel.spectral_flux.stdev": 0.052013687789440155, "lowlevel.spectral_kurtosis.mean": 2.658637523651123, "lowlevel.spectral_kurtosis.stdev": 1.2193310260772705, "lowlevel.spectral_rms.mean": 0.00727416155859828, "lowlevel.spectral_rms.stdev": 0.001713109901174903, "lowlevel.spectral_rolloff.mean": 1103.54931640625, "lowlevel.spectral_rolloff.stdev": 1072.32958984375, "lowlevel.spectral_skewness.mean": 1.149278163909912, "lowlevel.spectral_skewness.stdev": 0.2697071433067322, "lowlevel.spectral_spread.mean": 4692519.0, "lowlevel.spectral_spread.stdev": 1016794.5, "lowlevel.spectral_strongpeak.mean": 0.5307583808898926, "lowlevel.spectral_strongpeak.stdev": 0.2887398898601532, "lowlevel.zerocrossingrate.mean": 0.053109560161828995, "lowlevel.zerocrossingrate.stdev": 0.02127513661980629, "metadata.audio_properties.analysis.equal_loudness": 0.0, "metadata.audio_properties.analysis.length": 27.13494300842285, "metadata.audio_properties.analysis.sample_rate": 44100.0, "metadata.audio_properties.analysis.start_time": 0.0, "metadata.audio_properties.bit_rate": 122940.0, "metadata.audio_properties.length": 27.13599967956543, "metadata.audio_properties.lossless": 0.0, "metadata.audio_properties.number_channels": 1.0, "metadata.audio_properties.replay_gain": -9.963491439819336, "metadata.audio_properties.sample_rate": 48000.0, "rhythm.beats_count": 52.0, "rhythm.beats_loudness.mean": 0.06206187978386879, "rhythm.beats_loudness.stdev": 0.020153438672423363, "rhythm.bpm": 115.76497650146484, "rhythm.bpm_histogram_first_peak_bpm": 115.0, "rhythm.bpm_histogram_first_peak_weight": 0.3529411554336548, "rhythm.bpm_histogram_second_peak_bpm": 0.0, "rhythm.bpm_histogram_second_peak_spread": 0.0, "rhythm.bpm_histogram_second_peak_weight": 0.0, "rhythm.danceability": 1.937307596206665, "rhythm.onset_rate": 5.376396179199219, "tonal.chords_changes_rate": 0.09897611290216446, "tonal.chords_number_rate": 0.010238908231258392, "tonal.chords_strength.mean": 0.5475794076919556, "tonal.chords_strength.stdev": 0.08315742760896683, "tonal.hpcp_crest.mean": 9.756135940551758, "tonal.hpcp_crest.stdev": 4.437267303466797, "tonal.hpcp_entropy.mean": 2.7297115325927734, "tonal.hpcp_entropy.stdev": 0.7195919156074524, "tonal.key_edma.strength": 0.7814137935638428, "tonal.key_krumhansl.strength": 0.7788272500038147, "tonal.key_temperley.strength": 0.7746708393096924, "tonal.tuning_diatonic_strength": 0.7834936380386353, "tonal.tuning_equal_tempered_deviation": 0.20480598509311676, "tonal.tuning_frequency": 438.47772216796875, "tonal.tuning_nontempered_energy_ratio": 0.8786669969558716, "lowlevel.barkbands.mean": [0.0009118193411268294, 0.028264274820685387, 0.009470864199101925, 0.002376524731516838, 0.004129605367779732, 0.0007003596983850002, 0.0007716973195783794, 0.0008460499811917543, 0.0011268208036199212, 0.0007670464110560715, 0.0007184994756244123, 0.0008713833522051573, 0.0005711623816750944, 0.0006887187482789159, 0.0005002922844141722, 0.0006340708932839334, 0.0007016694871708751, 0.0005461215623654425, 0.0006084671476855874, 0.0004957749042659998, 0.00046274575288407505, 0.0003754859499167651, 0.0003248059656471014, 0.00020393705926835537, 0.0001231816568179056, 5.2503743063425645e-05, 5.814510473101109e-07], "lowlevel.barkbands.stdev": [0.0009386643650941551, 0.02700076811015606, 0.008041263557970524, 0.0028326516039669514, 0.00799618847668171, 0.00111693749204278, 0.0013494017766788602, 0.001341167138889432, 0.0017291794065386057, 0.0012892475351691246, 0.0010796174174174666, 0.0015110207023099065, 0.0007127543794922531, 0.0008234558627009392, 0.0007236411911435425, 0.0006805248558521271, 0.0005503382417373359, 0.00042557198321446776, 0.0004650751652661711, 0.0004300428263377398, 0.0004297748382668942, 0.00040814935346134007, 0.00045195058919489384, 0.0002937223471235484, 0.00014184042811393738, 6.46355765638873e-05, 1.861686655502126e-06], "lowlevel.erbbands.mean": [0.7491280436515808, 6.426465034484863, 11.713172912597656, 10.509510040283203, 15.779874801635742, 8.908270835876465, 5.131533145904541, 5.982051849365234, 9.2800874710083, 15.758424758911133, 18.864904403686523, 25.804317474365234, 26.756019592285156, 24.68794822692871, 34.756900787353516, 32.78883361816406, 26.86043930053711, 31.95924186706543, 34.18964767456055, 24.000463485717773, 39.65947723388672, 40.64064025878906, 29.989517211914062, 33.50333023071289, 25.88893699645996, 23.472774505615234, 21.98050880432129, 15.810001373291016, 13.816338539123535, 11.876442909240723, 8.491223335266113, 4.80293083190918, 3.2043616771698, 1.6453050374984741, 0.7325277328491211, 0.3141641616821289, 0.08095262199640274, 0.007623340003192425, 0.00019699531549122185, 7.560228550573811e-05], "lowlevel.erbbands.stdev": [0.9581307172775269, 5.683174133300781, 7.7798662185668945, 11.264229774475098, 29.794889450073242, 18.419958114624023, 9.126612663269043, 9.356081008911133, 15.753108024597168, 23.64743423461914, 27.771146774291992, 39.78558349609375, 42.05825424194336, 40.208560943603516, 54.222999572753906, 50.28583908081055, 30.8983211517334, 35.899925231933594, 46.24834442138672, 27.84781265258789, 38.79250717163086, 31.86901092529297, 22.758506774902344, 25.057559967041016, 20.6663818359375, 20.49947166442871, 20.114566802978516, 15.131669044494629, 14.886848449707031, 14.94798755645752, 11.869854927062988, 6.927627086639404, 4.720134258270264, 2.0273287296295166, 0.8633401989936829, 0.38129350543022156, 0.1058705672621727, 0.012883053161203861, 0.00027341372333467007, 3.3523512684041634e-05], "lowlevel.gfcc.mean": [53.1982536315918, 79.95245361328125, -115.64527130126953, 61.44354248046875, -46.39082336425781, 32.30581283569336, -26.729413986206055, 20.38015365600586, -20.130470275878906, 4.551355361938477, -16.328346252441406, -2.2109909057617188, -12.835577011108398], "lowlevel.melbands.mean": [0.0073654246516525745, 0.006949151866137981, 0.0019655085634440184, 0.0009567339438945055, 0.00019383816106710583, 0.00013637902156915516, 0.000148506645928137, 0.0001785953645594418, 0.00015374762006103992, 0.00016595849592704326, 0.0001306318154092878, 9.602675709174946e-05, 0.00010607124568196014, 0.00010830528481164947, 6.28550915280357e-05, 5.8187473769066855e-05, 6.008869604556821e-05, 5.934653017902747e-05, 3.402184302103706e-05, 3.3358992368448526e-05, 4.9878664867719635e-05, 4.326843554736115e-05, 3.1632676837034523e-05, 2.4307742933160625e-05, 2.7967773348791525e-05, 2.0855601178482175e-05, 1.6491367205162533e-05, 1.5177087334450334e-05, 1.4253393601393327e-05, 1.141484608524479e-05, 8.414896001340821e-06, 8.121893188217655e-06, 6.65306151859113e-06, 6.642905191256432e-06, 5.187142505747033e-06, 3.5757791465584887e-06, 2.7461774152470753e-06, 2.361453198318486e-06, 1.7930351532413624e-06, 1.2360303571767872e-06], "lowlevel.melbands.stdev": [0.007997558452188969, 0.004159330390393734, 0.0019746089819818735, 0.0019582107197493315, 0.0003316311340313405, 0.00021186156664043665, 0.0002548867487348616, 0.0002668344241101295, 0.0002232083206763491, 0.0002616513811517507, 0.0002103689912473783, 0.00016535920440219343, 0.00016014758148230612, 0.00019948044791817665, 7.774942059768364e-05, 7.651777559658512e-05, 7.276745600393042e-05, 8.242655167123303e-05, 4.748376886709593e-05, 4.11126711696852e-05, 4.973608156433329e-05, 3.561815537977964e-05, 2.5454064598307014e-05, 2.0002549717901275e-05, 2.20342080865521e-05, 1.6740972569095902e-05, 1.442170741938753e-05, 1.4083619134908076e-05, 1.3821945685776882e-05, 1.0936782018688973e-05, 8.777637958701234e-06, 8.70288295118371e-06, 8.353106750291772e-06, 8.962716492533218e-06, 7.462329449481331e-06, 5.3090889196028e-06, 4.086205990461167e-06, 3.682369879243197e-06, 2.367048864471144e-06, 1.564814624543942e-06], "lowlevel.melbands128.mean": [0.0006795774679630995, 0.005250530783087015, 0.010528701357543468, 0.010837860405445099, 0.006966163869947195, 0.0044320435263216496, 0.002153219422325492, 0.0010117756901308894, 0.001961057772859931, 0.0010642505949363112, 0.0003038177383132279, 0.00024034823582042009, 0.00016069311823230237, 0.00014178133278619498, 0.00012294731277506799, 0.00014660225133411586, 0.0001422794011887163, 0.00013851844414602965, 0.0001707618503132835, 0.0001822577032726258, 0.00018271814042236656, 0.0001670852943789214, 0.0001426159287802875, 0.00014719994214829057, 0.000170145693118684, 0.0001756729616317898, 0.00015646530664525926, 0.00013929606939200312, 9.23788029467687e-05, 9.123271593125537e-05, 0.00010207998275291175, 9.433672676095739e-05, 9.16952412808314e-05, 0.00013210643373895437, 0.00012313495972193778, 0.00010339959408156574, 7.964939868543297e-05, 5.931072882958688e-05, 5.103541843709536e-05, 6.197662150952965e-05, 6.138720345916227e-05, 5.151686127646826e-05, 5.2802759455516934e-05, 7.280490535777062e-05, 6.59207216813229e-05, 5.7802884839475155e-05, 5.0580947572598234e-05, 3.270596425863914e-05, 2.6891970264841802e-05, 3.1114075682125986e-05, 3.0173714549164288e-05, 4.023707879241556e-05, 5.2405022870516405e-05, 5.237227014731616e-05, 4.6316836233017966e-05, 4.2769457650138065e-05, 4.3725740397349e-05, 3.069415834033862e-05, 3.085863863816485e-05, 2.4617744202259928e-05, 2.2284346414380707e-05, 2.4977442080853507e-05, 2.8146647309768014e-05, 3.024102079507429e-05, 2.5430892492295243e-05, 2.11009773920523e-05, 1.7819604181568138e-05, 1.5939576769596897e-05, 1.6313764717779122e-05, 1.7345608284813352e-05, 1.5232148143695667e-05, 1.3121768461132888e-05, 1.59742048708722e-05, 1.4113260476733558e-05, 1.308927676291205e-05, 1.2822815733670723e-05, 9.905483238981105e-06, 8.839434485707898e-06, 7.974911568453535e-06, 8.175781658792403e-06, 8.766137398197316e-06, 7.955730325193144e-06, 7.110748811101075e-06, 6.2962944866740145e-06, 6.300454060692573e-06, 7.203877885331167e-06, 6.4960395320667885e-06, 6.204976216395153e-06, 5.053865152149228e-06, 4.701294983533444e-06, 3.988661774201319e-06, 3.38763811669196e-06, 2.593125145722297e-06, 2.7165103801962687e-06, 2.852914576578769e-06, 2.5729509616212454e-06, 2.200446488132002e-06, 2.17788169720734e-06, 1.778633304638788e-06, 1.6408624787800363e-06, 1.5017220675872522e-06, 1.1542712172740721e-06, 9.382292773807421e-07, 8.97161271495861e-07, 8.050970450312889e-07, 7.530140919698169e-07, 6.96477741257695e-07, 6.556592779816128e-07, 5.471858344208158e-07, 4.422417703153769e-07, 3.6978505590923305e-07, 2.883291188027215e-07, 2.496289255304873e-07, 1.9411990592743678e-07, 1.3019246125622885e-07, 6.966502752447923e-08, 2.308593316513452e-08, 3.425825623182277e-09, 1.5128238939343674e-10, 8.307590726452929e-12, 8.081214517008384e-12, 6.819648144806845e-12, 6.586845218564674e-12, 6.464840381775749e-12, 6.323374549671579e-12, 6.155654545120237e-12, 6.055357604228817e-12, 6.014587699415541e-12], "lowlevel.melbands128.stdev": [0.0008850508602336049, 0.007650905288755894, 0.012855179607868195, 0.009228265844285488, 0.005032744258642197, 0.004298166371881962, 0.0027447824832051992, 0.001412845216691494, 0.0038570158649235964, 0.002565577859058976, 0.0007512797601521015, 0.0004395419964566827, 0.0003617655311245471, 0.0002991442452184856, 0.00022403986076824367, 0.00031273302738554776, 0.00030237194732762873, 0.00030291243456304073, 0.00041648815385997295, 0.0002974919625557959, 0.00034172020968981087, 0.00034601136576384306, 0.00025766517501324415, 0.00032023488893173635, 0.00033051602076739073, 0.00036013644421473145, 0.0003221759689040482, 0.0002838892978616059, 0.0001825069630285725, 0.00020977389067411423, 0.00020027105347253382, 0.0001777293800842017, 0.000166435755090788, 0.0002629366354085505, 0.0003031903470400721, 0.00022642618569079787, 0.00014463263505604118, 9.202669752994552e-05, 6.90427768859081e-05, 9.566918743075803e-05, 0.00011400551011320204, 7.709611236350611e-05, 7.939116039779037e-05, 0.00011865062697324902, 0.00010157893120776862, 0.00010813054541358724, 0.00010009761899709702, 5.393445826484822e-05, 4.1242383304052055e-05, 4.709210043074563e-05, 4.577057916321792e-05, 6.105989450588822e-05, 6.811893399572e-05, 5.9465895901666954e-05, 4.7568664740538225e-05, 4.371077011455782e-05, 4.8720419727033004e-05, 2.8771772122127004e-05, 3.227998240618035e-05, 2.2397127395379357e-05, 2.4767074137344025e-05, 2.3717315343674272e-05, 2.7463018341222778e-05, 2.824600051098969e-05, 2.4402128474321216e-05, 1.9558279745979235e-05, 1.9303226508782245e-05, 1.8044194803223945e-05, 1.6134623365360312e-05, 1.8215208910987712e-05, 1.8373129933024757e-05, 1.3427536032395437e-05, 1.8692120647756383e-05, 1.6452273484901525e-05, 1.457785128877731e-05, 1.4195998119248543e-05, 1.0917149666056503e-05, 1.0217553608526941e-05, 1.0178813681704924e-05, 9.841616702033207e-06, 9.920006959873717e-06, 1.0341340384911746e-05, 1.0138955985894427e-05, 8.827693818602711e-06, 8.598065505793784e-06, 1.041388986777747e-05, 9.732637408887967e-06, 1.0410391951154452e-05, 7.869215551181696e-06, 7.218103746708948e-06, 6.3679735831101425e-06, 5.685752512363251e-06, 4.070083832630189e-06, 4.293943220545771e-06, 4.770955911226338e-06, 4.129999524593586e-06, 3.902285698131891e-06, 3.5569719329942018e-06, 2.539239176257979e-06, 2.149691226804862e-06, 2.002607743634144e-06, 1.638143999116437e-06, 1.3059601542408927e-06, 1.3007427241973346e-06, 1.1817820677606505e-06, 9.603322723705787e-07, 8.792711128080555e-07, 8.622523637313861e-07, 7.586060633002489e-07, 6.375674388436892e-07, 5.136340064382239e-07, 4.377645268505148e-07, 3.8186175288501545e-07, 3.2988512543852266e-07, 2.453772651733743e-07, 1.784276975058674e-07, 6.816112119167883e-08, 2.257122311277726e-08, 4.560283706211976e-09, 4.137240897095218e-11, 4.0901181747043935e-11, 8.620416880322779e-12, 8.294488360038876e-12, 8.149932985423991e-12, 8.030594418617643e-12, 7.932206974592404e-12, 7.86236180327915e-12, 7.819195811664681e-12], "lowlevel.mfcc.mean": [-583.3314819335938, 97.09075927734375, 1.5856927633285522, 36.057945251464844, 12.911697387695312, 17.370014190673828, 11.875779151916504, 15.297988891601562, 8.988847732543945, 7.885678768157959, 5.643031120300293, 5.936524868011475, 1.0495760440826416], "lowlevel.spectral_contrast_coeffs.mean": [-0.703770637512207, -0.8029394149780273, -0.8080299496650696, -0.8142021894454956, -0.8092194199562073, -0.7348280549049377], "lowlevel.spectral_contrast_coeffs.stdev": [0.05974786356091499, 0.0532531812787056, 0.04466426372528076, 0.03309568017721176, 0.020198935642838478, 0.031101452186703682], "lowlevel.spectral_contrast_valleys.mean": [-6.162224769592285, -6.430363655090332, -6.754108428955078, -6.848721981048584, -6.5706467628479, -9.502591133117676], "lowlevel.spectral_contrast_valleys.stdev": [0.5347908139228821, 0.5186620354652405, 0.5466922521591187, 0.4234231412410736, 0.4159717857837677, 0.6361595988273621], "rhythm.beats_loudness_band_ratio.mean": [0.7318297624588013, 0.09403173625469208, 0.06851668655872345, 0.06745031476020813, 0.058098502457141876, 0.04725368320941925], "rhythm.beats_loudness_band_ratio.stdev": [0.12132573872804642, 0.09538165479898453, 0.05341924726963043, 0.045868631452322006, 0.04075517877936363, 0.040207844227552414], "tonal.hpcp.mean": [0.07389013469219208, 0.077049620449543, 0.07694201171398163, 0.08500604331493378, 0.08360621333122253, 0.08072680234909058, 0.09548773616552353, 0.123275026679039, 0.20622999966144562, 0.2628098130226135, 0.1746928095817566, 0.08535889536142349, 0.06060321629047394, 0.04516196623444557, 0.046989914029836655, 0.0534258671104908, 0.053894251585006714, 0.0507194884121418, 0.059385865926742554, 0.0641547217965126, 0.0649660974740982, 0.08451264351606369, 0.1054225042462349, 0.13585956394672394, 0.14330284297466278, 0.08820544928312302, 0.048845674842596054, 0.06219267472624779, 0.0834379717707634, 0.16748616099357605, 0.25680533051490784, 0.2022574543952942, 0.10454440116882324, 0.07062714546918869, 0.06547481566667557, 0.06569211930036545], "tonal.hpcp.stdev": [0.19127070903778076, 0.2039942890405655, 0.19722044467926025, 0.21861645579338074, 0.21490681171417236, 0.20422446727752686, 0.21399691700935364, 0.2364518642425537, 0.29979756474494934, 0.3564217686653137, 0.27767840027809143, 0.1826414167881012, 0.1585521548986435, 0.1130904108285904, 0.13085849583148956, 0.14650274813175201, 0.1514338254928589, 0.15134982764720917, 0.1807933747768402, 0.17938576638698578, 0.17472535371780396, 0.20612893998622894, 0.23868264257907867, 0.26213327050209045, 0.29492148756980896, 0.19989873468875885, 0.12174137681722641, 0.16660964488983154, 0.1870095431804657, 0.25063925981521606, 0.338044136762619, 0.2899732291698456, 0.20534585416316986, 0.1801552027463913, 0.1731676310300827, 0.1805422604084015], "rhythm.beats_position": [0.4992290139198303, 1.0100680589675903, 1.5325169563293457, 2.043355941772461, 2.565804958343506, 3.088253974914551, 3.599092960357666, 4.121541976928711, 4.643990993499756, 5.154829978942871, 5.665668964385986, 6.188117980957031, 6.710566997528076, 7.233015537261963, 7.755464553833008, 8.277914047241211, 8.800362586975098, 9.311202049255371, 9.822040557861328, 10.344490051269531, 10.866938591003418, 11.389387130737305, 11.911836624145508, 12.422675132751465, 12.945124626159668, 13.467573165893555, 13.990022659301758, 14.512471199035645, 15.023310661315918, 15.534149169921875, 16.056598663330078, 16.57904815673828, 17.089885711669922, 17.612335205078125, 18.134784698486328, 18.6572322845459, 19.1796817779541, 19.690521240234375, 20.20136070251465, 20.72380828857422, 21.246257781982422, 21.768707275390625, 22.291156768798828, 22.80199432373047, 23.324443817138672, 23.846893310546875, 24.35773277282715, 24.88018035888672, 25.402629852294922, 25.913469314575195, 26.42430877685547, 26.93514633178711], "rhythm.bpm_histogram": [0.0, 0.0, 0.0, 0.0, 0.0, 0.0, 0.0, 0.0, 0.0, 0.0, 0.0, 0.0, 0.0, 0.0, 0.0, 0.0, 0.0, 0.0, 0.0, 0.0, 0.0, 0.0, 0.0, 0.0, 0.0, 0.0, 0.0, 0.0, 0.0, 0.0, 0.0, 0.0, 0.0, 0.0, 0.0, 0.0, 0.0, 0.0, 0.0, 0.0, 0.0, 0.0, 0.0, 0.0, 0.0, 0.0, 0.0, 0.0, 0.0, 0.0, 0.0, 0.0, 0.0, 0.0, 0.0, 0.0, 0.0, 0.0, 0.0, 0.0, 0.0, 0.0, 0.0, 0.0, 0.0, 0.0, 0.0, 0.0, 0.0, 0.0, 0.0, 0.0, 0.0, 0.0, 0.0, 0.0, 0.0, 0.0, 0.0, 0.0, 0.0, 0.0, 0.0, 0.0, 0.0, 0.0, 0.0, 0.0, 0.0, 0.0, 0.0, 0.0, 0.0, 0.0, 0.0, 0.0, 0.0, 0.0, 0.0, 0.0, 0.0, 0.0, 0.0, 0.0, 0.0, 0.0, 0.0, 0.0, 0.0, 0.0, 0.0, 0.0, 0.0, 0.0, 0.0, 0.6470588445663452, 0.0, 0.3529411852359772, 0.0, 0.0, 0.0, 0.0, 0.0, 0.0, 0.0, 0.0, 0.0, 0.0, 0.0, 0.0, 0.0, 0.0, 0.0, 0.0, 0.0, 0.0, 0.0, 0.0, 0.0, 0.0, 0.0, 0.0, 0.0, 0.0, 0.0, 0.0, 0.0, 0.0, 0.0, 0.0, 0.0, 0.0, 0.0, 0.0, 0.0, 0.0, 0.0, 0.0, 0.0, 0.0, 0.0, 0.0, 0.0, 0.0, 0.0, 0.0, 0.0, 0.0, 0.0, 0.0, 0.0, 0.0, 0.0, 0.0, 0.0, 0.0, 0.0, 0.0, 0.0, 0.0, 0.0, 0.0, 0.0, 0.0, 0.0, 0.0, 0.0, 0.0, 0.0, 0.0, 0.0, 0.0, 0.0, 0.0, 0.0, 0.0, 0.0, 0.0, 0.0, 0.0, 0.0, 0.0, 0.0, 0.0, 0.0, 0.0, 0.0, 0.0, 0.0, 0.0, 0.0, 0.0, 0.0, 0.0, 0.0, 0.0, 0.0, 0.0, 0.0, 0.0, 0.0, 0.0, 0.0, 0.0, 0.0, 0.0, 0.0, 0.0, 0.0, 0.0, 0.0, 0.0, 0.0, 0.0, 0.0, 0.0, 0.0, 0.0, 0.0, 0.0, 0.0, 0.0, 0.0, 0.0, 0.0, 0.0, 0.0, 0.0, 0.0, 0.0], "tonal.chords_histogram": [7.849829196929932, 1.5358362197875977, 0.0, 0.0, 0.0, 0.0, 9.044368743896484, 0.1706484705209732, 0.0, 0.0, 0.0, 0.0, 0.0, 0.0, 10.40955638885498, 0.0, 24.573379516601562, 0.0, 0.0, 0.0, 0.3412969410419464, 0.8532423377037048, 0.0, 45.22184371948242], "tonal.thpcp": [1.0, 0.6647118926048279, 0.32479339838027954, 0.23059724271297455, 0.1718427687883377, 0.17879816889762878, 0.20328718423843384, 0.2050694078207016, 0.192989319562912, 0.22596517205238342, 0.2441108375787735, 0.24719813466072083, 0.321573406457901, 0.4011361002922058, 0.5169501304626465, 0.5452720522880554, 0.335624635219574, 0.18585939705371857, 0.2366451770067215, 0.3174842298030853, 0.637290358543396, 0.9771527647972107, 0.76959627866745, 0.3977949023246765, 0.26873862743377686, 0.24913382530212402, 0.24996067583560944, 0.2811543941497803, 0.2931763529777527, 0.29276689887046814, 0.32345080375671387, 0.318124383687973, 0.3071681559085846, 0.36333397030830383, 0.4690655469894409, 0.7847119569778442], "lowlevel.gfcc.cov": [[1631.5867919921875, -349.94525146484375, 247.25152587890625, -55.997047424316406, -51.94010925292969, 31.372560501098633, -105.97093963623047, 7.523891925811768, -118.06259155273438, 52.84727478027344, -182.76795959472656, 103.07173919677734, -130.29815673828125], [-349.94525146484375, 652.5045776367188, -285.1737976074219, -37.3931884765625, 45.494110107421875, -77.2807388305664, 134.73751831054688, -27.921464920043945, 103.035400390625, -86.07487487792969, 140.44544982910156, -97.42882537841797, 124.1960678100586], [247.25152587890625, -285.1737976074219, 431.64215087890625, -14.759234428405762, -3.6326241493225098, -37.13606262207031, -143.0963897705078, -22.757064819335938, -110.12548065185547, 61.344024658203125, -129.62408447265625, 90.94757080078125, -103.85342407226562], [-55.997047424316406, -37.3931884765625, -14.759234428405762, 249.7177276611328, 21.891502380371094, 30.302452087402344, -8.392219543457031, -18.500276565551758, 53.33175277709961, -4.565898895263672, 87.89478302001953, -23.38491439819336, 62.59113693237305], [-51.94010925292969, 45.494110107421875, -3.6326241493225098, 21.891502380371094, 157.01519775390625, 9.858050346374512, 23.39698028564453, 9.522724151611328, 43.485836029052734, 47.8105354309082, 19.93376350402832, 0.5774332880973816, 11.295456886291504], [31.372560501098633, -77.2807388305664, -37.13606262207031, 30.302452087402344, 9.858050346374512, 132.48660278320312, 83.3415298461914, 42.334922790527344, 6.637306213378906, -21.36909294128418, 24.57843780517578, 0.5708041191101074, 22.326908111572266], [-105.97093963623047, 134.73751831054688, -143.0963897705078, -8.392219543457031, 23.39698028564453, 83.3415298461914, 223.1427001953125, 84.00202178955078, 55.189666748046875, -44.8919792175293, 70.06802368164062, -17.798805236816406, 58.93226623535156], [7.523891925811768, -27.921464920043945, -22.757064819335938, -18.500276565551758, 9.522724151611328, 42.334922790527344, 84.00202178955078, 115.1136245727539, 58.44270706176758, 18.58478546142578, 10.979456901550293, 1.720017433166504, 10.8639497756958], [-118.06259155273438, 103.035400390625, -110.12548065185547, 53.33175277709961, 43.485836029052734, 6.637306213378906, 55.189666748046875, 58.44270706176758, 147.6238555908203, 45.18048858642578, 82.164306640625, -39.03452682495117, 44.89307403564453], [52.84727478027344, -86.07487487792969, 61.344024658203125, -4.565898895263672, 47.8105354309082, -21.36909294128418, -44.8919792175293, 18.58478546142578, 45.18048858642578, 115.89752197265625, 7.659067630767822, 22.830902099609375, -37.25979232788086], [-182.76795959472656, 140.44544982910156, -129.62408447265625, 87.89478302001953, 19.93376350402832, 24.57843780517578, 70.06802368164062, 10.979456901550293, 82.164306640625, 7.659067630767822, 158.2425079345703, -14.68277645111084, 70.4620361328125], [103.07173919677734, -97.42882537841797, 90.94757080078125, -23.38491439819336, 0.5774332880973816, 0.5708041191101074, -17.798805236816406, 1.720017433166504, -39.03452682495117, 22.830902099609375, -14.68277645111084, 77.50599670410156, -11.399123191833496], [-130.29815673828125, 124.1960678100586, -103.85342407226562, 62.59113693237305, 11.295456886291504, 22.326908111572266, 58.93226623535156, 10.8639497756958, 44.89307403564453, -37.25979232788086, 70.4620361328125, -11.399123191833496, 102.03839111328125]], "lowlevel.gfcc.icov": [[0.0008664835477247834, -0.0005676005966961384, 0.00029769758111797273, -0.0008259380119852722, 0.0005336527829058468, -0.0009429453639313579, 0.0002565333852544427, -0.00032427371479570866, 0.0001311420783167705, -0.0007275179959833622, 0.0015290158335119486, -0.0016671186313033104, 0.0010751099325716496], [-0.0005676005966961384, 0.00856128428131342, -0.001369357225485146, 0.006461951415985823, -0.0035089964512735605, 0.007930820807814598, -0.003670180682092905, 0.004808664321899414, -0.0034352547954767942, 0.006517753470689058, -0.007432011421769857, 0.008105062879621983, -0.006312897428870201], [0.00029769758111797273, -0.001369357225485146, 0.006325825583189726, -0.0036842862609773874, 0.00020982629212085158, -0.0006473696557804942, 0.001887717517092824, -0.0026238500140607357, 0.0029017115011811256, -0.0025229325983673334, 0.004397073294967413, -0.006517672911286354, 0.004090312868356705], [-0.0008259380119852722, 0.006461951415985823, -0.0036842862609773874, 0.012552344240248203, -0.0032421702053397894, 0.003458380000665784, -0.00040536574670113623, 0.005199892446398735, -0.004753005690872669, 0.006475495640188456, -0.010128719732165337, 0.009643158875405788, -0.008559400215744972], [0.0005336527829058468, -0.0035089964512735605, 0.00020982629212085158, -0.0032421702053397894, 0.010259788483381271, -0.004065945744514465, -0.0013678448740392923, 0.001138658495619893, -3.238338831579313e-05, -0.008403491228818893, 0.005548188462853432, -0.0031711708288639784, 0.00033758790232241154], [-0.0009429453639313579, 0.007930820807814598, -0.0006473696557804942, 0.003458380000665784, -0.004065945744514465, 0.019176671281456947, -0.00699161970987916, 0.0006142504862509668, 0.0005389911821112037, 0.0063024559058249, -0.007511524483561516, 0.007505733985453844, -0.005320930387824774], [0.0002565333852544427, -0.003670180682092905, 0.001887717517092824, -0.00040536574670113623, -0.0013678448740392923, -0.00699161970987916, 0.014262309297919273, -0.009638499468564987, 0.0012368147727102041, 0.0038652014918625355, -0.0015811179764568806, -0.00412511732429266, 0.0029331897385418415], [-0.00032427371479570866, 0.004808664321899414, -0.0026238500140607357, 0.005199892446398735, 0.001138658495619893, 0.0006142504862509668, -0.009638499468564987, 0.023609546944499016, -0.013007772155106068, 0.0008569791680201888, 0.001364608178846538, 0.0012246951228007674, -0.004104196093976498], [0.0001311420783167705, -0.0034352547954767942, 0.0029017115011811256, -0.004753005690872669, -3.238338831579313e-05, 0.0005389911821112037, 0.0012368147727102041, -0.013007772155106068, 0.02719285897910595, -0.015112348832190037, -0.0022372768726199865, 0.008337869308888912, -0.004231994040310383], [-0.0007275179959833622, 0.006517753470689058, -0.0025229325983673334, 0.006475495640188456, -0.008403491228818893, 0.0063024559058249, 0.0038652014918625355, 0.0008569791680201888, -0.015112348832190037, 0.03079753741621971, -0.011001215316355228, -0.0027769498992711306, 0.007006942294538021], [0.0015290158335119486, -0.007432011421769857, 0.004397073294967413, -0.010128719732165337, 0.005548188462853432, -0.007511524483561516, -0.0015811179764568806, 0.001364608178846538, -0.0022372768726199865, -0.011001215316355228, 0.024569710716605186, -0.01290193758904934, 0.0020433489698916674], [-0.0016671186313033104, 0.008105062879621983, -0.006517672911286354, 0.009643158875405788, -0.0031711708288639784, 0.007505733985453844, -0.00412511732429266, 0.0012246951228007674, 0.008337869308888912, -0.0027769498992711306, -0.01290193758904934, 0.03516330197453499, -0.015426687896251678], [0.0010751099325716496, -0.006312897428870201, 0.004090312868356705, -0.008559400215744972, 0.00033758790232241154, -0.005320930387824774, 0.0029331897385418415, -0.004104196093976498, -0.004231994040310383, 0.007006942294538021, 0.0020433489698916674, -0.015426687896251678, 0.029426254332065582]], "lowlevel.mfcc.cov": [[1392.5625, -197.0950927734375, 80.91243743896484, -38.449256896972656, -34.44321060180664, 23.350666046142578, -30.93850326538086, 17.154632568359375, -7.400521755218506, -14.899102210998535, -18.980384826660156, -40.95315933227539, -14.965486526489258], [-197.0950927734375, 549.51416015625, -183.70712280273438, -24.932598114013672, -62.7341423034668, -57.670860290527344, 12.207916259765625, -11.57909107208252, 31.93067741394043, -22.1524715423584, 6.78823184967041, 29.26519012451172, 4.777731895446777], [80.91243743896484, -183.70712280273438, 291.9530029296875, 25.44650650024414, 25.21025848388672, -2.4511125087738037, -43.18406677246094, -20.879840850830078, -56.48929214477539, -35.04927062988281, -42.80390167236328, -48.50844955444336, -13.31473445892334], [-38.449256896972656, -24.932598114013672, 25.44650650024414, 158.06991577148438, 69.23983764648438, 14.729762077331543, -28.135723114013672, -40.857383728027344, -18.939559936523438, 10.129697799682617, 3.0152111053466797, 6.710953235626221, 17.47573471069336], [-34.44321060180664, -62.7341423034668, 25.21025848388672, 69.23983764648438, 143.95953369140625, 33.2232666015625, -45.88405227661133, -61.138885498046875, -17.850906372070312, 17.506444931030273, 8.695524215698242, -0.5709643363952637, 6.680515289306641], [23.350666046142578, -57.670860290527344, -2.4511125087738037, 14.729762077331543, 33.2232666015625, 82.38031768798828, 32.52650451660156, 4.121353626251221, -9.572067260742188, -0.3815458118915558, -1.4881354570388794, -0.6805733442306519, 2.6069495677948], [-30.93850326538086, 12.207916259765625, -43.18406677246094, -28.135723114013672, -45.88405227661133, 32.52650451660156, 128.64651489257812, 87.9190673828125, 28.100074768066406, 1.009527564048767, -0.6684078574180603, 17.10017204284668, 6.388227462768555], [17.154632568359375, -11.57909107208252, -20.879840850830078, -40.857383728027344, -61.138885498046875, 4.121353626251221, 87.9190673828125, 123.31813049316406, 52.7452507019043, 11.624727249145508, -5.524254322052002, 7.265835285186768, 1.6916909217834473], [-7.400521755218506, 31.93067741394043, -56.48929214477539, -18.939559936523438, -17.850906372070312, -9.572067260742188, 28.100074768066406, 52.7452507019043, 93.33602142333984, 47.071407318115234, 20.52634620666504, 9.19943618774414, -0.3261335492134094], [-14.899102210998535, -22.1524715423584, -35.04927062988281, 10.129697799682617, 17.506444931030273, -0.3815458118915558, 1.009527564048767, 11.624727249145508, 47.071407318115234, 82.21138000488281, 49.01749801635742, 26.413326263427734, 2.3417775630950928], [-18.980384826660156, 6.78823184967041, -42.80390167236328, 3.0152111053466797, 8.695524215698242, -1.4881354570388794, -0.6684078574180603, -5.524254322052002, 20.52634620666504, 49.01749801635742, 78.7236099243164, 49.61783218383789, 13.211585998535156], [-40.95315933227539, 29.26519012451172, -48.50844955444336, 6.710953235626221, -0.5709643363952637, -0.6805733442306519, 17.10017204284668, 7.265835285186768, 9.19943618774414, 26.413326263427734, 49.61783218383789, 79.0704574584961, 36.457862854003906], [-14.965486526489258, 4.777731895446777, -13.31473445892334, 17.47573471069336, 6.680515289306641, 2.6069495677948, 6.388227462768555, 1.6916909217834473, -0.3261335492134094, 2.3417775630950928, 13.211585998535156, 36.457862854003906, 62.383113861083984]], "lowlevel.mfcc.icov": [[0.0008032739860936999, 0.0002754615561570972, -5.675811735272873e-06, 0.00011001166421920061, 0.00043356616515666246, -0.00048120770952664316, 0.0006407680921256542, -0.0002672951959539205, -0.0001246508036274463, 0.00023134627554100007, -0.00017550791380926967, 0.00026755675207823515, -7.364458724623546e-05], [0.0002754615561570972, 0.003038485301658511, 0.0017029058653861284, -0.000274596648523584, 0.000864451052621007, 0.001779679674655199, -0.0006799467955715954, 0.0018505766056478024, -0.0016334416577592492, 0.002207093173637986, 0.00034158112248405814, -0.0009029699140228331, 0.0004902398213744164], [-5.675811735272873e-06, 0.0017029058653861284, 0.005657433997839689, -0.0006207023398019373, -0.00030039300327189267, 0.0014656988205388188, 0.001331777311861515, -0.0014621119480580091, 0.002503271447494626, 0.0008187529747374356, 0.0006134898867458105, 0.0018440827261656523, -0.0001015084344544448], [0.00011001166421920061, -0.000274596648523584, -0.0006207023398019373, 0.008596906438469887, -0.003253736300393939, -0.00025836093118414283, -0.0001549168082419783, 0.0010835810098797083, 0.0010333157842978835, -0.0021179455798119307, 0.0014655397972092032, -0.000385729712434113, -0.0021476829424500465], [0.00043356616515666246, 0.000864451052621007, -0.00030039300327189267, -0.003253736300393939, 0.01333832647651434, -0.005697479005903006, 0.0024817322846502066, 0.0049049146473407745, -0.0015128740342333913, -0.0027176341973245144, 0.0011401311494410038, -0.00025756112881936133, -0.0006890846416354179], [-0.00048120770952664316, 0.001779679674655199, 0.0014656988205388188, -0.00025836093118414283, -0.005697479005903006, 0.019686182960867882, -0.009180701337754726, 0.0023524644784629345, 0.0021870536729693413, 0.0005362893571145833, -0.0003835020470432937, 0.001802509999834001, -0.00018363166600465775], [0.0006407680921256542, -0.0006799467955715954, 0.001331777311861515, -0.0001549168082419783, 0.0024817322846502066, -0.009180701337754726, 0.02150343731045723, -0.014541787095367908, 0.0017875394551083446, 0.0017148845363408327, -0.00014169240603223443, -0.002886625938117504, 0.0005056269583292305], [-0.0002672951959539205, 0.0018505766056478024, -0.0014621119480580091, 0.0010835810098797083, 0.0049049146473407745, 0.0023524644784629345, -0.014541787095367908, 0.02641836553812027, -0.011201811954379082, -0.0007840280304662883, 0.005325544625520706, -0.002700203564018011, -0.00025125162210315466], [-0.0001246508036274463, -0.0016334416577592492, 0.002503271447494626, 0.0010333157842978835, -0.0015128740342333913, 0.0021870536729693413, 0.0017875394551083446, -0.011201811954379082, 0.025018377229571342, -0.013404306955635548, 