{"song_id": "1182286887881277440", "download": "https://cdn.discordapp.com/attachments/1135911532732108921/1182286887881277440/chirp.mp4?ex=65842577&amp", "lyrics": "Aujourd'hui on est l\u00e0 pour f\u00eater ton anniversaire \nAlison 30 \u00e7a se f\u00eate.\nBouteille de champagne \u00e0 la main, Lisa et Chlo\u00e9 sont l\u00e0 sur cette journ\u00e9e pour t'accompagner, la journ\u00e9e ne fait que commencer. \nJoyeux anniversaire alison !! \nSexe alcool est drogue aujourd'hui c'est la f\u00eate.<br>C'est pour toi, c'est ta surprise, une journ\u00e9e entre fille pour s'amuser et f\u00eatez \u00e7a. \nJoyeux anniversaire Alison. \nimmortalisons cette journ\u00e9e pour toujours s'en rappeler. \nGros dossier en fin de soir\u00e9e pour en rigoler. \nce soir tu vas boire et danser en soir\u00e9e \u00e7a va t'emmener. Sur le dance floor Alison Lisa et Chlo\u00e9 pour s'ambiancer.", "style": ["Pop"], "essentia_features": {"lowlevel.average_loudness": 0.9382017254829407, "lowlevel.barkbands_crest.mean": 11.906822204589844, "lowlevel.barkbands_crest.stdev": 3.861384868621826, "lowlevel.barkbands_flatness_db.mean": 0.22038443386554718, "lowlevel.barkbands_flatness_db.stdev": 0.07813037931919098, "lowlevel.barkbands_kurtosis.mean": 13.389392852783203, "lowlevel.barkbands_kurtosis.stdev": 17.81890869140625, "lowlevel.barkbands_skewness.mean": 2.3421785831451416, "lowlevel.barkbands_skewness.stdev": 1.8579835891723633, "lowlevel.barkbands_spread.mean": 18.703149795532227, "lowlevel.barkbands_spread.stdev": 26.204240798950195, "lowlevel.dissonance.mean": 0.41670915484428406, "lowlevel.dissonance.stdev": 0.06049257144331932, "lowlevel.dynamic_complexity": 3.5788211822509766, "lowlevel.erbbands_crest.mean": 12.103515625, "lowlevel.erbbands_crest.stdev": 5.452016353607178, "lowlevel.erbbands_flatness_db.mean": 0.18834272027015686, "lowlevel.erbbands_flatness_db.stdev": 0.06948640197515488, "lowlevel.erbbands_kurtosis.mean": 2.70086669921875, "lowlevel.erbbands_kurtosis.stdev": 4.471678256988525, "lowlevel.erbbands_skewness.mean": 0.6124464869499207, "lowlevel.erbbands_skewness.stdev": 1.3006157875061035, "lowlevel.erbbands_spread.mean": 37.127140045166016, "lowlevel.erbbands_spread.stdev": 29.84562873840332, "lowlevel.hfc.mean": 19.75754165649414, "lowlevel.hfc.stdev": 21.4573974609375, "lowlevel.loudness_ebu128.integrated": -13.67977237701416, "lowlevel.loudness_ebu128.loudness_range": 3.8762922286987305, "lowlevel.loudness_ebu128.momentary.mean": -14.682367324829102, "lowlevel.loudness_ebu128.momentary.stdev": 3.3241562843322754, "lowlevel.loudness_ebu128.short_term.mean": -14.049758911132812, "lowlevel.loudness_ebu128.short_term.stdev": 1.3233095407485962, "lowlevel.melbands_crest.mean": 18.60715675354004, "lowlevel.melbands_crest.stdev": 5.811839580535889, "lowlevel.melbands_flatness_db.mean": 0.3073016405105591, "lowlevel.melbands_flatness_db.stdev": 0.09479327499866486, "lowlevel.melbands_kurtosis.mean": 30.116195678710938, "lowlevel.melbands_kurtosis.stdev": 38.460609436035156, "lowlevel.melbands_skewness.mean": 3.5692520141601562, "lowlevel.melbands_skewness.stdev": 2.5409998893737793, "lowlevel.melbands_spread.mean": 16.0633544921875, "lowlevel.melbands_spread.stdev": 24.211009979248047, "lowlevel.pitch_salience.mean": 0.4542194902896881, "lowlevel.pitch_salience.stdev": 0.12118951976299286, "lowlevel.silence_rate_20dB.mean": 1.0, "lowlevel.silence_rate_20dB.stdev": 0.0, "lowlevel.silence_rate_30dB.mean": 0.9980670213699341, "lowlevel.silence_rate_30dB.stdev": 0.043923165649175644, "lowlevel.silence_rate_60dB.mean": 0.06056701019406319, "lowlevel.silence_rate_60dB.stdev": 0.23853681981563568, "lowlevel.spectral_centroid.mean": 882.96142578125, "lowlevel.spectral_centroid.stdev": 921.0050659179688, "lowlevel.spectral_complexity.mean": 9.784149169921875, "lowlevel.spectral_complexity.stdev": 5.014076232910156, "lowlevel.spectral_decrease.mean": -7.70973418440235e-09, "lowlevel.spectral_decrease.stdev": 5.79665782041161e-09, "lowlevel.spectral_energy.mean": 0.030890347436070442, "lowlevel.spectral_energy.stdev": 0.022557690739631653, "lowlevel.spectral_energyband_high.mean": 0.000993733061477542, "lowlevel.spectral_energyband_high.stdev": 0.0025085024535655975, "lowlevel.spectral_energyband_low.mean": 0.011777445673942566, "lowlevel.spectral_energyband_low.stdev": 0.013188863173127174, "lowlevel.spectral_energyband_middle_high.mean": 0.00437848549336195, "lowlevel.spectral_energyband_middle_high.stdev": 0.008994435891509056, "lowlevel.spectral_energyband_middle_low.mean": 0.01565641351044178, "lowlevel.spectral_energyband_middle_low.stdev": 0.016458772122859955, "lowlevel.spectral_entropy.mean": 6.891687870025635, "lowlevel.spectral_entropy.stdev": 0.8743292093276978, "lowlevel.spectral_flux.mean": 0.07047125697135925, "lowlevel.spectral_flux.stdev": 0.05284729227423668, "lowlevel.spectral_kurtosis.mean": 10.649614334106445, "lowlevel.spectral_kurtosis.stdev": 12.155637741088867, "lowlevel.spectral_rms.mean": 0.005080871749669313, "lowlevel.spectral_rms.stdev": 0.00207886821590364, "lowlevel.spectral_rolloff.mean": 1419.6651611328125, "lowlevel.spectral_rolloff.stdev": 2516.596435546875, "lowlevel.spectral_skewness.mean": 2.3227174282073975, "lowlevel.spectral_skewness.stdev": 1.2535207271575928, "lowlevel.spectral_spread.mean": 4706631.5, "lowlevel.spectral_spread.stdev": 2670143.0, "lowlevel.spectral_strongpeak.mean": 1.207003116607666, "lowlevel.spectral_strongpeak.stdev": 1.4604055881500244, "lowlevel.zerocrossingrate.mean": 0.05298103392124176, "lowlevel.zerocrossingrate.stdev": 0.06759078055620193, "metadata.audio_properties.analysis.equal_loudness": 0.0, "metadata.audio_properties.analysis.length": 36.009613037109375, "metadata.audio_properties.analysis.sample_rate": 44100.0, "metadata.audio_properties.analysis.start_time": 0.0, "metadata.audio_properties.bit_rate": 117326.0, "metadata.audio_properties.length": 36.01066589355469, "metadata.audio_properties.lossless": 0.0, "metadata.audio_properties.number_channels": 1.0, "metadata.audio_properties.replay_gain": -13.001636505126953, "metadata.audio_properties.sample_rate": 48000.0, "rhythm.beats_count": 77.0, "rhythm.beats_loudness.mean": 0.04628691077232361, "rhythm.beats_loudness.stdev": 0.027687031775712967, "rhythm.bpm": 130.37977600097656, "rhythm.bpm_histogram_first_peak_bpm": 129.0, "rhythm.bpm_histogram_first_peak_weight": 0.5370370149612427, "rhythm.bpm_histogram_second_peak_bpm": 123.0, "rhythm.bpm_histogram_second_peak_spread": 0.4444444179534912, "rhythm.bpm_histogram_second_peak_weight": 0.06578947603702545, "rhythm.danceability": 1.0612192153930664, "rhythm.onset_rate": 3.6085288524627686, "tonal.chords_changes_rate": 0.05662805587053299, "tonal.chords_number_rate": 0.010296010412275791, "tonal.chords_strength.mean": 0.4960780441761017, "tonal.chords_strength.stdev": 0.0806368887424469, "tonal.hpcp_crest.mean": 19.54402732849121, "tonal.hpcp_crest.stdev": 9.05579948425293, "tonal.hpcp_entropy.mean": 1.413034439086914, "tonal.hpcp_entropy.stdev": 0.7873043417930603, "tonal.key_edma.strength": 0.6458330750465393, "tonal.key_krumhansl.strength": 0.6432802081108093, "tonal.key_temperley.strength": 0.656289279460907, "tonal.tuning_diatonic_strength": 0.5631371736526489, "tonal.tuning_equal_tempered_deviation": 0.07856807112693787, "tonal.tuning_frequency": 437.7185363769531, "tonal.tuning_nontempered_energy_ratio": 0.6944574117660522, "lowlevel.barkbands.mean": [6.782384298276156e-05, 0.003821366000920534, 0.006252761464565992, 0.0031149955466389656, 0.003993787802755833, 0.0018640859052538872, 0.004502508323639631, 0.0009575725998729467, 0.000701924494933337, 0.0016276539536193013, 0.0007068052655085921, 0.000574896577745676, 0.0005413262988440692, 0.0005670120590366423, 0.00025353720411658287, 6.091338946134783e-05, 6.214554741745815e-05, 0.00010022054630098864, 6.679848593194038e-05, 0.00010616787039907649, 0.00010141870734514669, 0.00015092181274667382, 0.0003739046223927289, 0.00010234460205538198, 7.957535854075104e-05, 0.00013604598643723875, 1.880315835478541e-06], "lowlevel.barkbands.stdev": [0.00044703533058054745, 0.006615267600864172, 0.006966643035411835, 0.007033771835267544, 0.005550323985517025, 0.00478307344019413, 0.010312909260392189, 0.0037704401183873415, 0.002343249972909689, 0.005740926135331392, 0.003333723871037364, 0.002165646990761161, 0.0020367044489830732, 0.00228504347614944, 0.0011069104075431824, 0.00021297567582223564, 0.00018084171460941434, 0.00018800853285938501, 0.00012139375030528754, 0.0002118913398589939, 0.000270345073658973, 0.00046799014671705663, 0.001204338506795466, 0.0002879055682569742, 0.00019153182802256197, 0.00035547121660783887, 5.518950729310745e-06], "lowlevel.erbbands.mean": [0.03431331738829613, 1.1717594861984253, 7.030116081237793, 8.864167213439941, 14.097281455993652, 12.023981094360352, 6.098052501678467, 18.720619201660156, 62.61769104003906, 44.056976318359375, 19.931087493896484, 18.667888641357422, 36.78593063354492, 50.361385345458984, 24.96405601501465, 25.147266387939453, 26.00029754638672, 32.60026931762695, 17.725006103515625, 7.928449630737305, 3.372356653213501, 3.649209499359131, 5.771732807159424, 3.3662936687469482, 4.346170425415039, 5.052393436431885, 3.7098076343536377, 4.5064544677734375, 5.636573314666748, 7.079514980316162, 11.055938720703125, 4.323772430419922, 1.0266352891921997, 0.5577273964881897, 0.7312300205230713, 0.7056377530097961, 0.22379188239574432, 0.023588024079799652, 0.00048131990479305387, 5.5523218179587275e-05], "lowlevel.erbbands.stdev": [0.14103899896144867, 1.800437569618225, 8.358670234680176, 12.614484786987305, 24.300561904907227, 21.725139617919922, 12.99307632446289, 48.07821273803711, 136.30714416503906, 131.3139190673828, 59.849151611328125, 60.641963958740234, 141.91969299316406, 181.69387817382812, 113.50834655761719, 89.83799743652344, 91.64450073242188, 122.10010528564453, 68.783447265625, 27.507539749145508, 8.977645874023438, 9.417438507080078, 11.54307746887207, 5.393917083740234, 7.648983955383301, 10.643550872802734, 9.220586776733398, 13.028393745422363, 17.69287109375, 21.93981170654297, 36.19212341308594, 12.893083572387695, 2.8347373008728027, 1.414180040359497, 1.8708405494689941, 1.8749852180480957, 0.5891667604446411, 0.05964446812868118, 0.0011564480373635888, 5.4332245781552047e-05], "lowlevel.gfcc.mean": [-52.484954833984375, 105.43571472167969, -77.98754119873047, 22.587289810180664, -55.779327392578125, 13.622428894042969, -37.6218376159668, 3.225191354751587, -30.787551879882812, -2.7204370498657227, -17.943044662475586, -2.611811637878418, -27.71269989013672], "lowlevel.melbands.mean": [0.0006403576117008924, 0.0029127493035048246, 0.0017082714475691319, 0.0009790498297661543, 0.0002558905107434839, 0.00044087605783715844, 0.0009829489281401038, 0.0004099647339899093, 0.00014482479309663177, 0.00011432707833591849, 0.00018471070507075638, 0.00020921468967571855, 8.451383473584428e-05, 7.441719935741276e-05, 4.721152436104603e-05, 6.145794759504497e-05, 6.123167258920148e-05, 2.9087552320561372e-05, 1.5419454939546995e-05, 6.282114100031322e-06, 3.512016746753943e-06, 3.427557885515853e-06, 5.1391539273026865e-06, 4.5811289055563975e-06, 2.4550463422201574e-06, 2.5952410851459717e-06, 3.912347438017605e-06, 3.1601730370311998e-06, 2.2308645384327974e-06, 2.384358595008962e-06, 2.6374943900009384e-06, 3.1481304176850244e-06, 2.9999382604728453e-06, 4.5234401113702916e-06, 6.550538273586426e-06, 5.333160515874624e-06, 1.7145798665296752e-06, 7.577318115181697e-07, 4.556460453386535e-07, 4.3618476297524467e-07], "lowlevel.melbands.stdev": [0.001439434476196766, 0.0034251047763973475, 0.0025191032327711582, 0.001403828151524067, 0.0005569249042309821, 0.001122700166888535, 0.0020904401317238808, 0.0012758395168930292, 0.00045579965808428824, 0.0003996378800366074, 0.0007307420019060373, 0.0007839350728318095, 0.0003849313361570239, 0.0002795725013129413, 0.00018854618247132748, 0.00023051815514918417, 0.000257702951785177, 0.00011824681860161945, 6.34675016044639e-05, 2.489019971108064e-05, 9.54834740696242e-06, 1.0840364666364621e-05, 1.0680922969186213e-05, 8.972334399004467e-06, 4.4638054532697424e-06, 4.984458882972831e-06, 6.966119144635741e-06, 7.421800546580926e-06, 5.734573733207071e-06, 6.355136065394618e-06, 7.957196430652402e-06, 1.0122766070708167e-05, 9.851714821706992e-06, 1.4476849173661321e-05, 2.167581806133967e-05, 1.7361753634759225e-05, 4.957835244567832e-06, 2.259046368635609e-06, 1.2915979823446833e-06, 1.12477061975369e-06], "lowlevel.melbands128.mean": [5.350569699658081e-05, 0.00015134294517338276, 0.0004057714540977031, 0.0024245993699878454, 0.0038803520146757364, 0.002691955305635929, 0.001760773709975183, 0.0015041343867778778, 0.0015074347611516714, 0.0010630539618432522, 0.0006073827971704304, 0.00033246399834752083, 0.00017642590682953596, 0.0001199577673105523, 0.0002451417385600507, 0.0007428606040775776, 0.0009362613200210035, 0.0011394846951588988, 0.0009521162137389183, 0.000412803259678185, 0.00019187916768714786, 0.00015182478819042444, 0.00017266359645873308, 8.086262823780999e-05, 0.00012665576650761068, 0.00010831699910340831, 0.00012274728214833885, 0.0002363983221584931, 0.00015806485316716135, 0.0002808831923175603, 0.00021147588267922401, 0.0001118722721002996, 6.86748608131893e-05, 7.642935088369995e-05, 5.998108463245444e-05, 9.102188050746918e-05, 6.932908581802621e-05, 2.953563853225205e-05, 4.286425973987207e-05, 6.900973676238209e-05, 6.457194103859365e-05, 5.059126124251634e-05, 7.361300231423229e-05, 6.441915320465341e-05, 2.6977813831763342e-05, 2.5447805455769412e-05, 2.869346280931495e-05, 1.3666633094544522e-05, 1.1844838809338398e-05, 9.740404493641108e-06, 4.477512447920162e-06, 4.3609124986687675e-06, 3.1164918254944496e-06, 3.371595312273712e-06, 3.7815364066773327e-06, 2.8974409360671416e-06, 3.731737933776458e-06, 4.3316495066392235e-06, 5.679302830685629e-06, 6.758190465916414e-06, 4.563673428492621e-06, 3.137359954052954e-06, 2.790678763631149e-06, 2.260058636238682e-06, 1.836497290241823e-06, 2.4205780846386915e-06, 3.1180995847535087e-06, 3.5522773487173254e-06, 4.291021468816325e-06, 4.232110768498387e-06, 3.156448428853764e-06, 2.7998084988212213e-06, 2.1443668174470076e-06, 2.292654926350224e-06, 1.994217427636613e-06, 2.23954566536122e-06, 2.6481625354790594e-06, 2.6540958515397506e-06, 2.5459291919105453e-06, 2.597849288576981e-06, 3.2212735732173314e-06, 3.2552434277022257e-06, 3.4100576158380136e-06, 3.052408828807529e-06, 2.4607068098703166e-06, 3.488796664896654e-06, 5.429525572253624e-06, 6.1998061937629245e-06, 5.930562565481523e-06, 7.755475053272676e-06, 6.908883278811118e-06, 4.887638624495594e-06, 2.2452991288446356e-06, 1.6482855471622315e-06, 1.270591383217834e-06, 1.0774173233585316e-06, 5.915013616686338e-07, 3.5964433209301205e-07, 4.5923002289782744e-07, 5.44430008631025e-07, 4.1228111058444483e-07, 4.822223331757414e-07, 3.2586171982984524e-07, 5.121897288518085e-07, 6.875447411403002e-07, 1.2117620826757047e-06, 1.2660646007134346e-06, 1.0403555279481225e-06, 1.4131317129795207e-06, 1.3398498595051933e-06, 1.1953220564464573e-06, 8.9107476242134e-07, 5.866523338227125e-07, 5.085551038064295e-07, 4.047078618896194e-07, 2.6575867195788305e-07, 7.827537729099276e-08, 1.4532840486580767e-09, 5.430624266250517e-12, 5.254855144770643e-12, 4.801271793336559e-12, 4.389599361082075e-12, 4.1342758209939046e-12, 4.045395962659626e-12, 3.941894987508077e-12, 3.8253068247728894e-12, 3.755622549062032e-12, 3.728158406990367e-12], "lowlevel.melbands128.stdev": [0.0003961719339713454, 0.0011418777285143733, 0.0017691011307761073, 0.0037104806397110224, 0.005204458720982075, 0.0029314635321497917, 0.0025720580015331507, 0.004160451237112284, 0.0027858249377459288, 0.001824661623686552, 0.0014670508680865169, 0.0010490058921277523, 0.00048032752238214016, 0.00047564427950419486, 0.0009751033503562212, 0.002217312343418598, 0.002536921063438058, 0.0032600511331111193, 0.0029406961984932423, 0.0018452868098393083, 0.0013135304907336831, 0.0005528123001568019, 0.0007374163251370192, 0.0003006134938914329, 0.0005487024900503457, 0.0005891548353247344, 0.0006507362704724073, 0.0012352621415629983, 0.0008548718760721385, 0.0014340524794533849, 0.0009261755039915442, 0.0007006505620665848, 0.00042279576882719994, 0.0006394102238118649, 0.0003183710214216262, 0.0004547784337773919, 0.00035451690200716257, 0.00022208767768461257, 0.00030913043883629143, 0.0003118481836281717, 0.0003494569391477853, 0.0002901015104725957, 0.00037940204492770135, 0.00038292520912364125, 0.00016384187620133162, 0.00016721902647987008, 0.0001936501357704401, 8.137776603689417e-05, 5.3890740673523396e-05, 5.5521217291243374e-05, 2.8710772312479094e-05, 2.0857678464381024e-05, 8.554507985536475e-06, 9.482486348133534e-06, 2.197652247559745e-05, 9.763976777321659e-06, 1.3342477359401528e-05, 1.1997303772659507e-05, 1.4328164070320781e-05, 2.0137144019827247e-05, 1.00493743957486e-05, 7.28052009435487e-06, 5.8263181017537136e-06, 6.4162336457229685e-06, 3.6332364743429935e-06, 5.3315575314627495e-06, 8.040649845497683e-06, 7.525191904278472e-06, 8.629966941953171e-06, 9.587953172740526e-06, 9.036004485096782e-06, 7.792172254994512e-06, 5.8356267800263595e-06, 6.449872671510093e-06, 5.980108653602656e-06, 6.960442078707274e-06, 7.136719432310201e-06, 1.1916010407730937e-05, 8.447365871688817e-06, 7.82131428422872e-06, 1.0885619303735439e-05, 1.1663724762911443e-05, 1.254449671250768e-05, 1.0556140296102967e-05, 8.78034916240722e-06, 1.180952585855266e-05, 1.8101733076036908e-05, 2.187340214732103e-05, 2.0246590793249197e-05, 2.795722866721917e-05, 2.400169978500344e-05, 1.6852118278620765e-05, 6.875223789393203e-06, 5.097880148241529e-06, 3.937217115890235e-06, 3.4164479529863456e-06, 2.0320612748037092e-06, 1.1962282542299363e-06, 1.3983108146931045e-06, 1.6679175587341888e-06, 1.3582513247456518e-06, 1.3539115570893046e-06, 8.209638622247439e-07, 1.357380142508191e-06, 2.2869876374898013e-06, 3.5175330594938714e-06, 3.5730161016545026e-06, 2.8908848435094114e-06, 4.290791821404127e-06, 3.5996167753182817e-06, 3.5591167488746578e-06, 2.5869360342767322e-06, 1.6333817711711163e-06, 1.4216783483789186e-06, 1.1109217439297936e-06, 7.704978202127677e-07, 2.1914564740654896e-07, 9.495862762776142e-09, 2.1763301230603993e-11, 2.31019075397354e-11, 1.581389533211741e-11, 8.610803910180653e-12, 6.9335019496630235e-12, 6.758294878589366e-12, 6.508621332862452e-12, 6.314213041314076e-12, 6.235099242468678e-12, 6.199097658809993e-12], "lowlevel.mfcc.mean": [-715.0964965820312, 148.18373107910156, 25.63456916809082, 22.478084564208984, 3.7256407737731934, 10.280449867248535, -0.8191915154457092, 11.086771011352539, -18.457468032836914, 7.2311601638793945, -4.1712212562561035, -3.6466705799102783, -2.0427799224853516], "lowlevel.spectral_contrast_coeffs.mean": [-0.6162292957305908, -0.6803653240203857, -0.7419494390487671, -0.7884459495544434, -0.7885006070137024, -0.7467215657234192], "lowlevel.spectral_contrast_coeffs.stdev": [0.08537034690380096, 0.11148930341005325, 0.08713020384311676, 0.07089947164058685, 0.0618760772049427, 0.06082604452967644], "lowlevel.spectral_contrast_valleys.mean": [-7.207303524017334, -7.553257942199707, -8.193451881408691, -8.6113862991333, -8.694278717041016, -11.470479011535645], "lowlevel.spectral_contrast_valleys.stdev": [1.1080373525619507, 1.021295428276062, 1.1663025617599487, 1.1896696090698242, 1.2864935398101807, 1.528539776802063], "rhythm.beats_loudness_band_ratio.mean": [0.5178432464599609, 0.195888951420784, 0.2028159350156784, 0.09726421535015106, 0.01484986674040556, 0.06144401803612709], "rhythm.beats_loudness_band_ratio.stdev": [0.2975349426269531, 0.19786083698272705, 0.21946904063224792, 0.17511719465255737, 0.019009586423635483, 0.13652274012565613], "tonal.hpcp.mean": [0.15648424625396729, 0.11058244854211807, 0.06945975869894028, 0.07432913780212402, 0.060144614428281784, 0.032784197479486465, 0.02143857628107071, 0.020017003640532494, 0.08481068909168243, 0.14565707743167877, 0.07856762409210205, 0.01170266978442669, 0.013856017962098122, 0.018465040251612663, 0.059903427958488464, 0.1761198490858078, 0.1484249383211136, 0.03303435444831848, 0.016025474295020103, 0.016402006149291992, 0.0197489894926548, 0.021741706877946854, 0.033346988260746, 0.07899006456136703, 0.10366237163543701, 0.05923756957054138, 0.0407000407576561, 0.08104486018419266, 0.08646855503320694, 0.22109514474868774, 0.42899012565612793, 0.27885112166404724, 0.05694643035531044, 0.03074992448091507, 0.033918339759111404, 0.10209289193153381], "tonal.hpcp.stdev": [0.31882163882255554, 0.23933365941047668, 0.20085284113883972, 0.2107868641614914, 0.1871003359556198, 0.13282182812690735, 0.09508664906024933, 0.09758926928043365, 0.19572444260120392, 0.3178589940071106, 0.17739760875701904, 0.06777802854776382, 0.06863117218017578, 0.0801922082901001, 0.12867282330989838, 0.29999059438705444, 0.26206788420677185, 0.12098098546266556, 0.08934047818183899, 0.09022530168294907, 0.10183418542146683, 0.09249913692474365, 0.12629710137844086, 0.20812566578388214, 0.26257336139678955, 0.16023404896259308, 0.1221979632973671, 0.2277797907590866, 0.2218925803899765, 0.2642262279987335, 0.4376467764377594, 0.3173891305923462, 0.17513981461524963, 0.13021531701087952, 0.1347944140434265, 0.23714998364448547], "rhythm.beats_position": [0.4760090708732605, 0.9636281132698059, 1.4512470960617065, 1.9504761695861816, 2.4380950927734375, 2.937324285507202, 3.4365532398223877, 3.947392225265503, 4.435011386871338, 4.887800216674805, 5.34058952331543, 5.804988384246826, 6.327437400817871, 6.838276386260986, 7.349115371704102, 7.790294647216797, 8.208253860473633, 8.614603042602539, 9.032562255859375, 9.450521469116211, 9.868480682373047, 10.286439895629883, 10.77405834197998, 11.273287773132324, 11.749297142028809, 12.202085494995117, 12.654874801635742, 13.130884170532227, 13.595283508300781, 14.04807186126709, 14.512471199035645, 14.9768705368042, 15.441269874572754, 15.905668258666992, 16.358457565307617, 16.811246871948242, 17.264036178588867, 17.716825485229492, 18.181224822998047, 18.6456241607666, 19.098411560058594, 19.55120086669922, 20.015600204467773, 20.479999542236328, 20.932788848876953, 21.385578155517578, 21.849977493286133, 22.314376831054688, 22.77877426147461, 23.243173599243164, 23.71918296813965, 24.171972274780273, 24.6247615814209, 25.077550888061523, 25.541950225830078, 26.006349563598633, 26.470746994018555, 26.92353630065918, 27.376325607299805, 27.84072494506836, 28.293514251708984, 28.74630355834961, 29.199092864990234, 29.65188217163086, 30.116281509399414, 30.580678939819336, 31.04507827758789, 31.509477615356445, 31.98548698425293, 32.46149444580078, 32.90267562866211, 33.34385299682617, 33.7966423034668, 34.24943161010742, 34.71383285522461, 35.17823028564453, 35.64263153076172], "rhythm.bpm_histogram": [0.0, 0.0, 0.0, 0.0, 0.0, 0.0, 0.0, 0.0, 0.0, 0.0, 0.0, 0.0, 0.0, 0.0, 0.0, 0.0, 0.0, 0.0, 0.0, 0.0, 0.0, 0.0, 0.0, 0.0, 0.0, 0.0, 0.0, 0.0, 0.0, 0.0, 0.0, 0.0, 0.0, 0.0, 0.0, 0.0, 0.0, 0.0, 0.0, 0.0, 0.0, 0.0, 0.0, 0.0, 0.0, 0.0, 0.0, 0.0, 0.0, 0.0, 0.0, 0.0, 0.0, 0.0, 0.0, 0.0, 0.0, 0.0, 0.0, 0.0, 0.0, 0.0, 0.0, 0.0, 0.0, 0.0, 0.0, 0.0, 0.0, 0.0, 0.0, 0.0, 0.0, 0.0, 0.0, 0.0, 0.0, 0.0, 0.0, 0.0, 0.0, 0.0, 0.0, 0.0, 0.0, 0.0, 0.0, 0.0, 0.0, 0.0, 0.0, 0.0, 0.0, 0.0, 0.0, 0.0, 0.0, 0.0, 0.0, 0.0, 0.0, 0.0, 0.0, 0.0, 0.0, 0.0, 0.0, 0.0, 0.0, 0.0, 0.0, 0.0, 0.0, 0.0, 0.0, 0.01315789483487606, 0.0, 0.03947368264198303, 0.0, 0.0, 0.05263157933950424, 0.0, 0.0, 0.06578947603702545, 0.0, 0.0, 0.06578947603702545, 0.0, 0.0, 0.32894736528396606, 0.0, 0.0, 0.0, 0.31578946113586426, 0.0, 0.0, 0.03947368264198303, 0.0, 0.0, 0.0, 0.0, 0.0, 0.0, 0.0, 0.06578947603702545, 0.0, 0.0, 0.0, 0.01315789483487606, 0.0, 0.0, 0.0, 0.0, 0.0, 0.0, 0.0, 0.0, 0.0, 0.0, 0.0, 0.0, 0.0, 0.0, 0.0, 0.0, 0.0, 0.0, 0.0, 0.0, 0.0, 0.0, 0.0, 0.0, 0.0, 0.0, 0.0, 0.0, 0.0, 0.0, 0.0, 0.0, 0.0, 0.0, 0.0, 0.0, 0.0, 0.0, 0.0, 0.0, 0.0, 0.0, 0.0, 0.0, 0.0, 0.0, 0.0, 0.0, 0.0, 0.0, 0.0, 0.0, 0.0, 0.0, 0.0, 0.0, 0.0, 0.0, 0.0, 0.0, 0.0, 0.0, 0.0, 0.0, 0.0, 0.0, 0.0, 0.0, 0.0, 0.0, 0.0, 0.0, 0.0, 0.0, 0.0, 0.0, 0.0, 0.0, 0.0, 0.0, 0.0, 0.0, 0.0, 0.0, 0.0, 0.0, 0.0, 0.0, 0.0, 0.0, 0.0, 0.0, 0.0, 0.0, 0.0, 0.0, 0.0, 0.0, 0.0, 0.0, 0.0], "tonal.chords_histogram": [44.14414596557617, 0.0, 5.791505813598633, 9.13770866394043, 0.0, 10.424710273742676, 0.0, 11.196910858154297, 2.4453024864196777, 7.5933074951171875, 0.9009009003639221, 0.257400244474411, 0.0, 0.0, 0.0, 0.0, 0.0, 0.0, 0.0, 0.0, 0.1287001222372055, 0.0, 7.979407787322998, 0.0], "tonal.thpcp": [1.0, 0.6500175595283508, 0.13274531066417694, 0.07167979329824448, 0.07906554639339447, 0.23798424005508423, 0.36477354168891907, 0.25777387619018555, 0.16191458702087402, 0.17326538264751434, 0.14020046591758728, 0.07642179727554321, 0.04997451975941658, 0.04666075482964516, 0.1976984590291977, 0.33953478932380676, 0.18314552307128906, 0.027279578149318695, 0.03229915350675583, 0.043043043464422226, 0.1396382451057434, 0.4105452299118042, 0.34598684310913086, 0.07700493186712265, 0.03735627606511116, 0.03823399543762207, 0.0460360012948513, 0.050681136548519135, 0.07773369550704956, 0.18413026630878448, 0.2416427880525589, 0.13808609545230865, 0.0948740765452385, 0.18892011046409607, 0.2015630453824997, 0.5153851509094238], "lowlevel.gfcc.cov": [[11454.5908203125, -2477.216064453125, -669.2568359375, 339.5450439453125, -143.01809692382812, 413.9979553222656, -91.31348419189453, 589.7836303710938, -276.8126525878906, 504.8869934082031, -292.6031494140625, 438.0398864746094, -580.6282348632812], [-2477.216064453125, 3299.630615234375, -501.4275207519531, -967.8333129882812, 359.54376220703125, -337.7271728515625, 123.45378112792969, -78.0232162475586, 157.834228515625, -473.33404541015625, 439.95745849609375, -288.28350830078125, 203.84413146972656], [-669.2568359375, -501.4275207519531, 930.8700561523438, 405.7623291015625, -155.028564453125, 79.95757293701172, 42.66093826293945, -93.1868667602539, -46.084449768066406, 55.585262298583984, -140.81817626953125, 58.408966064453125, 48.4908561706543], [339.5450439453125, -967.8333129882812, 405.7623291015625, 775.8788452148438, -40.483154296875, 128.12124633789062, 23.79775619506836, -47.24545669555664, 33.03389358520508, 130.03494262695312, -182.42298889160156, 57.8121223449707, 101.73889923095703], [-143.01809692382812, 359.54376220703125, -155.028564453125, -40.483154296875, 353.0268859863281, 71.31385040283203, 47.193878173828125, 54.659034729003906, 63.9366455078125, -41.98749923706055, 32.65938949584961, -39.725948333740234, 63.697479248046875], [413.9979553222656, -337.7271728515625, 79.95757293701172, 128.12124633789062, 71.31385040283203, 275.242431640625, 165.77536010742188, 60.27933120727539, -42.94923782348633, 32.31142807006836, -43.44989776611328, 14.767330169677734, 15.948254585266113], [-91.31348419189453, 123.45378112792969, 42.66093826293945, 23.79775619506836, 47.193878173828125, 165.77536010742188, 353.4132080078125, 101.52584075927734, -52.44544219970703, -66.95426177978516, 44.98100662231445, -1.987938404083252, 62.205875396728516], [589.7836303710938, -78.0232162475586, -93.1868667602539, -47.24545669555664, 54.659034729003906, 60.27933120727539, 101.52584075927734, 208.8509063720703, 24.7239990234375, 25.10859489440918, 27.584108352661133, 37.21036148071289, -20.305431365966797], [-276.8126525878906, 157.834228515625, -46.084449768066406, 33.03389358520508, 63.9366455078125, -42.94923782348633, -52.44544219970703, 24.7239990234375, 182.97511291503906, 47.28145980834961, 24.721845626831055, -19.630023956298828, 32.57271957397461], [504.8869934082031, -473.33404541015625, 55.585262298583984, 130.03494262695312, -41.98749923706055, 32.31142807006836, -66.95426177978516, 25.10859489440918, 47.28145980834961, 202.4334716796875, -28.839834213256836, 52.2728271484375, -67.84420776367188], [-292.6031494140625, 439.95745849609375, -140.81817626953125, -182.42298889160156, 32.65938949584961, -43.44989776611328, 44.98100662231445, 27.584108352661133, 24.721845626831055, -28.839834213256836, 180.36146545410156, -18.30288314819336, -3.5835037231445312], [438.0398864746094, -288.28350830078125, 58.408966064453125, 57.8121223449707, -39.725948333740234, 14.767330169677734, -1.987938404083252, 37.21036148071289, -19.630023956298828, 52.2728271484375, -18.30288314819336, 134.55735778808594, -17.46136474609375], [-580.6282348632812, 203.84413146972656, 48.4908561706543, 101.73889923095703, 63.697479248046875, 15.948254585266113, 62.205875396728516, -20.305431365966797, 32.57271957397461, -67.84420776367188, -3.5835037231445312, -17.46136474609375, 183.05909729003906]], "lowlevel.gfcc.icov": [[0.00020775827579200268, -0.00018461424042470753, 0.000297483493341133, -0.0003828057087957859, 0.00018412151257507503, -0.00039253573049791157, 0.00033223506761714816, -0.0006490536034107208, 0.0005092923529446125, -0.00025288067990913987, 0.00037542899372056127, -0.0004580213571898639, 0.0005630525411106646], [-0.00018461424042470753, 0.0019929506815969944, -0.0006455876282416284, 0.002010716823861003, -0.0013704998418688774, 0.0019074557349085808, -0.0013826199574396014, 0.0017514576902613044, -0.0019917115569114685, 0.001954625593498349, -0.0021278257481753826, 0.001623476971872151, -0.0015844610752537847], [0.000297483493341133, -0.0006455876282416284, 0.002132146153599024, -0.0014726773370057344, 0.0010650304611772299, -0.0010251725325360894, 0.00028113514417782426, -0.00047605347936041653, 0.0010325477924197912, -0.0007380382157862186, 0.0014193656388670206, -0.0013305115280672908, 0.0009301368263550103], [-0.0003828057087957859, 0.002010716823861003, -0.0014726773370057344, 0.004996258765459061, -0.0013642654521390796, 0.001733106910251081, -0.0020907700527459383, 0.0028921253979206085, -0.0028463436756283045, 0.00017755500448402017, -0.0003725924761965871, 0.0015992628177627921, -0.003767359768971801], [0.00018412151257507503, -0.0013704998418688774, 0.0010650304611772299, -0.0013642654521390796, 0.005137674044817686, -0.0033048801124095917, 0.0017311294795945287, -0.002089274348691106, 1.2983045053260867e-05, -0.00028936302987858653, 0.0011437298962846398, -0.0006437558913603425, 0.00011784423986682668], [-0.00039253573049791157, 0.0019074557349085808, -0.0010251725325360894, 0.001733106910251081, -0.0033048801124095917, 0.009572367183864117, -0.005212935619056225, 0.001969868317246437, -0.00037920151953585446, -0.0007225133595056832, -0.0002906324516516179, 0.0023776907473802567, -0.0017339761834591627], [0.00033223506761714816, -0.0013826199574396014, 0.00028113514417782426, -0.0020907700527459383, 0.0017311294795945287, -0.005212935619056225, 0.00782805122435093, -0.0047211297787725925, 0.0030037101823836565, 0.00094524648739025, -0.0011273424606770277, -0.000837285362649709, 6.286477582762018e-05], [-0.0006490536034107208, 0.0017514576902613044, -0.00047605347936041653, 0.0028921253979206085, -0.002089274348691106, 0.001969868317246437, -0.0047211297787725925, 0.01060936227440834, -0.00461336225271225, 0.0009608724503777921, -0.001640825066715479, -0.0004127741267438978, -0.0010482600191608071], [0.0005092923529446125, -0.0019917115569114685, 0.0010325477924197912, -0.0028463436756283045, 1.2983045053260867e-05, -0.00037920151953585446, 0.0030037101823836565, -0.00461336225271225, 0.011461850255727768, -0.005436135921627283, 0.0010357822757214308, 8.97379795787856e-05, -0.0003876149421557784], [-0.00025288067990913987, 0.001954625593498349, -0.0007380382157862186, 0.00017755500448402017, -0.00028936302987858653, -0.0007225133595056832, 0.00094524648739025, 0.0009608724503777921, -0.005436135921627283, 0.01226646639406681, -0.0033956372644752264, -0.0007055670721456409, 0.0024468095507472754], [0.00037542899372056127, -0.0021278257481753826, 0.0014193656388670206, -0.0003725924761965871, 0.0011437298962846398, -0.0002906324516516179, -0.0011273424606770277, -0.001640825066715479, 0.0010357822757214308, -0.0033956372644752264, 0.011460899375379086, -0.00216827355325222, 0.0017944969004020095], [-0.0004580213571898639, 0.001623476971872151, -0.0013305115280672908, 0.0015992628177627921, -0.0006437558913603425, 0.0023776907473802567, -0.000837285362649709, -0.0004127741267438978, 8.97379795787856e-05, -0.0007055670721456409, -0.00216827355325222, 0.01157674565911293, -0.0027569991070777178], [0.0005630525411106646, -0.0015844610752537847, 0.0009301368263550103, -0.003767359768971801, 0.00011784423986682668, -0.0017339761834591627, 6.286477582762018e-05, -0.0010482600191608071, -0.0003876149421557784, 0.0024468095507472754, 0.0017944969004020095, -0.0027569991070777178, 0.01158074103295803]], "lowlevel.mfcc.cov": [[9663.4326171875, -2346.065673828125, -710.583251953125, 45.907100677490234, -66.33493041992188, 183.57725524902344, 135.91464233398438, 413.36590576171875, -28.259925842285156, 485.57305908203125, 114.74026489257812, 126.95504760742188, 166.15789794921875], [-2346.065673828125, 3553.3310546875, -819.552734375, -565.437744140625, 53.71810531616211, -485.5712585449219, 48.971832275390625, 206.55935668945312, -359.7650451660156, 25.8814697265625, 8.434313774108887, -44.650264739990234, 90.77855682373047], [-710.583251953125, -819.552734375, 1044.03955078125, 298.94317626953125, -98.2779769897461, 211.36305236816406, 30.590864181518555, -158.96266174316406, 209.7021026611328, -188.60391235351562, -33.4549446105957, 21.803518295288086, -61.96552276611328], [45.907100677490234, -565.437744140625, 298.94317626953125, 421.0823974609375, 43.95710754394531, 146.64988708496094, -72.68760681152344, -59.5778694152832, 157.590576171875, -47.776641845703125, -34.328041076660156, 22.628976821899414, -11.450035095214844], [-66.33493041992188, 53.71810531616211, -98.2779769897461, 43.95710754394531, 322.0807189941406, 29.485261917114258, -37.40293502807617, -41.062259674072266, 79.6606674194336, 36.78554153442383, 0.404493510723114, -12.161637306213379, 6.225150108337402], [183.57725524902344, -485.5712585449219, 211.36305236816406, 146.64988708496094, 29.485261917114258, 284.62811279296875, 66.70003509521484, -26.73665428161621, 136.75457763671875, -14.643820762634277, 12.568674087524414, 31.23996353149414, -67.51355743408203], [135.91464233398438, 48.971832275390625, 30.590864181518555, -72.68760681152344, -37.40293502807617, 66.70003509521484, 420.5267028808594, 150.03094482421875, 110.16107177734375, 17.493986129760742, 14.647204399108887, 29.961950302124023, -7.771963596343994], [413.36590576171875, 206.55935668945312, -158.96266174316406, -59.5778694152832, -41.062259674072266, -26.73665428161621, 150.03094482421875, 254.0843048095703, 7.137726306915283, 81.19610595703125, 3.0303900241851807, 17.219573974609375, 51.16562271118164], [-28.259925842285156, -359.7650451660156, 209.7021026611328, 157.590576171875, 79.6606674194336, 136.75457763671875, 110.16107177734375, 7.137726306915283, 359.85760498046875, -42.67589569091797, -1.3286877870559692, 27.03186798095703, -14.226932525634766], [485.57305908203125, 25.8814697265625, -188.60391235351562, -47.776641845703125, 36.78554153442383, -14.643820762634277, 17.493986129760742, 81.19610595703125, -42.67589569091797, 244.3148193359375, 58.80912399291992, 3.5263586044311523, 13.204819679260254], [114.74026489257812, 8.434313774108887, -33.4549446105957, -34.328041076660156, 0.404493510723114, 12.568674087524414, 14.647204399108887, 3.0303900241851807, -1.3286877870559692, 58.80912399291992, 167.6324920654297, 48.01238250732422, 14.16650390625], [126.95504760742188, -44.650264739990234, 21.803518295288086, 22.628976821899414, -12.161637306213379, 31.23996353149414, 29.961950302124023, 17.219573974609375, 27.03186798095703, 3.5263586044311523, 48.01238250732422, 121.38557434082031, 38.58478546142578], [166.15789794921875, 90.77855682373047, -61.96552276611328, -11.450035095214844, 6.225150108337402, -67.51355743408203, -7.771963596343994, 51.16562271118164, -14.226932525634766, 13.204819679260254, 14.16650390625, 38.58478546142578, 139.90396118164062]], "lowlevel.mfcc.icov": [[0.0001876969326986, 0.00019409507513046265, 0.0001972700993064791, 3.266298517701216e-05, 2.828230026352685e-05, -5.3136023780098185e-05, -3.3871633604576346e-06, -0.00025536055909469724, 8.386173431063071e-05, -0.00013330391084309667, -3.7359970406214416e-07, -8.006974530871958e-05, -0.00014928134623914957], [0.00019409507513046265, 0.0006680700462311506, 0.00033999854349531233, 0.0003150111297145486, -0.00023871948360465467, 0.0004908646224066615, -6.766072328900918e-05, -0.0005857512005604804, 0.0002841229143086821, 0.00020035210764035583, -7.36586152925156e-05, -0.00017929622845258564, 3.721793837030418e-05], [0.0001972700993064791, 0.00033999854349531233, 0.0020028077997267246, -0.0007029326516203582, 0.0007923682569526136, -0.0004687437030952424, -0.00041332453838549554, 0.0006790218176320195, -0.00033082475420087576, 0.0006038228166289628, -4.699001510743983e-05, 5.264652645564638e-05, -0.00025850499514490366], [3.266298517701216e-05, 0.0003150111297145486, -0.0007029326516203582, 0.004372319672256708, -0.0004044106462970376, -0.0011301010381430387, 0.0013777944259345531, -0.000538469641469419, -0.0010607753647491336, -8.57746708788909e-05, 0.0009245687397196889, -0.0005949309561401606, -0.00047989870654419065], [2.828230026352685e-05, -0.00023871948360465467, 0.0007923682569526136, -0.0004044106462970376, 0.004261506721377373, -0.0008315917802974582, 0.0001920183713082224, 0.0015411971835419536, -0.0014499146491289139, -0.0009942373726516962, 0.000282923923805356, 0.0007460555643774569, -0.0009927486535161734], [-5.3136023780098185e-05, 0.0004908646224066615, -0.0004687437030952424, -0.0011301010381430387, -0.0008315917802974582, 0.006904620677232742, -0.0008936714730225503, -0.00029054409242235124, -0.00063808832783252, 3.262320751673542e-05, -0.0005356481997296214, -0.0017783199436962605, 0.0033468061592429876], [-3.3871633604576346e-06, -6.766072328900918e-05, -0.00041332453838549554, 0.0013777944259345531, 0.0001920183713082224, -0.0008936714730225503, 0.004056890029460192, -0.0024475185200572014, -0.0012399856932461262, 0.0001608486199984327, -4.009105850855121e-06, -0.000548389449249953, 0.0006686623673886061], [-0.00025536055909469724, -0.0005857512005604804, 0.0006790218176320195, -0.000538469641469419, 0.0015411971835419536, -0.00029054409242235124, -0.0024475185200572014, 0.007890797220170498, -0.0007493298035115004, -0.0019874204881489277, 0.0011318122269585729, 0.00027404649881646037, -0.0023693405091762543], [8.386173431063071e-05, 0.0002841229143086821, -0.00033082475420087576, -0.0010607753647491336, -0.0014499146491289139, -0.00063808832783252, -0.0012399856932461262, -0.0007493298035115004, 0.004792383871972561, 0.0007850114488974214, -0.0003487158101052046, -0.00023325486108660698, -4.2657215090002865e-05], [-0.00013330391084309667, 0.00020035210764035583, 0.0006038228166289628, -8.57746708788909e-05, -0.0009942373726516962, 3.262320751673542e-05, 0.0001608486199984327, -0.0019874204881489277, 0.0007850114488974214, 0.006205430254340172, -0.002178746974095702, 0.000556261686142534, 0.0006458294810727239], [-3.7359970406214416e-07, -7.36586152925156e-05, -4.699001510743983e-05, 0.0009245687397196889, 0.000282923923805356, -0.0005356481997296214, -4.009105850855121e-06, 0.0011318122269585729, -0.0003487158101052046, -0.002178746974095702, 0.007826893590390682, -0.003020810429006815, -0.0003713698242790997], [-8.006974530871958e-05, -0.00017929622845258564, 5.264652645564638e-05, -0.0005949309561401606, 0.0007460555643774569, -0.0017783199436962605, -0.000548389449249953, 0.00027404649881646037, -0.00023325486108660698, 0.000556261686142534, -0.003020810429006815, 0.011409992352128029, -0.0037531438283622265], [-0.00014928134623914957, 3.721793837030418e-05, -0.00025850499514490366, -0.000479898