{"song_id": "1182274417930289172", "download": "https://cdn.discordapp.com/attachments/1128313332273782784/1182274417930289172/chirp.mp4?ex=658419da&amp", "lyrics": "\u041d\u0435 \u0443\u0441\u043b\u044b\u0448\u0438\u0448\u044c \u0432 \u043f\u043e\u0434\u043b\u0435\u0441\u043a\u0438 \u043b\u0438\u0441\u0443,\n\u041c\u044b\u0448\u044c \u0432 \u0443\u0433\u043b\u0443 \u043f\u0435\u0440\u0435\u0441\u0442\u0430\u043b\u0430 \u0441\u043a\u0440\u0435\u0441\u0442\u0438,\n\u041a\u043e\u0433\u0434\u0430 \u044f \u043b\u044e\u0434\u044f\u043c \u043c\u044b\u0441\u043b\u044c \u043d\u0435\u0441\u0443,\n\u0412\u0430\u043c \u043d\u0435 \u0441\u0442\u043e\u0438\u0442 \u0431\u0440\u0438\u0444\u0438\u043d\u0433 \u0432\u0435\u0441\u0442\u0438.\n\n\u042f \u0432\u0435\u0434\u044c \u043f\u0440\u043e\u0441\u0442\u043e\u0445\u043e\u0442\u0435\u043b \u043f\u043e\u043b\u0443\u0442\u0430\u0442\u044c,\n\u0411\u0435\u0434\u043e\u043b\u0430\u0433 \u0447\u0442\u043e \u0438\u0433\u0440\u0430\u044e\u0442 \u0441\u043e \u043c\u043d\u043e\u0439,\n\u042f \u0445\u043e\u0442\u0435\u043b \u0432 \u0442\u0435\u043c\u043d\u043e\u0442\u0443 \u0443\u0431\u0435\u0436\u0430\u0442\u044c, \n\u0412\u044b\u043f\u0438\u0442\u044c \u0434\u0430 \"\u043f\u043e \u043f\u0438\u0441\u0441\u044f\u0442\" \u0438 \u0434\u043e\u043c\u043e\u0439\n\n\u041e\u0446\u0435\u043d\u0438\u043b \u0441\u043b\u0430\u0431\u043e\u0441\u0442\u044c \u0432\u0430\u0448\u0438\u0445 \u0433\u0440\u0443\u043f\u043f,\n\u0412\u0430\u0448 \u0441\u0442\u0440\u0430\u0439\u043a\u0431\u043e\u043b \u0443\u0436 \u0441\u043e\u0432\u0441\u0435\u043c \u043d\u0435 \u0442\u043e\u0442\n\u0425\u043e\u0442\u044c \u044f \u0438 \u0441\u0440\u0446\u0430\u043b\u044c\u043d\u044b\u0439 \u0442\u0440\u0443\u043f\n\u041d\u043e \u0432\u044b \u043d\u0435 \u0437\u0430\u0442\u043a\u043d\u0435\u0442\u0435 \u043c\u043d\u0435 \u0440\u043e\u0442", "style": ["blackpink"], "essentia_features": {"lowlevel.average_loudness": 0.9850624799728394, "lowlevel.barkbands_crest.mean": 9.219905853271484, "lowlevel.barkbands_crest.stdev": 3.8989360332489014, "lowlevel.barkbands_flatness_db.mean": 0.10434968769550323, "lowlevel.barkbands_flatness_db.stdev": 0.03206944838166237, "lowlevel.barkbands_kurtosis.mean": 2.0422580242156982, "lowlevel.barkbands_kurtosis.stdev": 4.180609703063965, "lowlevel.barkbands_skewness.mean": 1.456164836883545, "lowlevel.barkbands_skewness.stdev": 0.944421112537384, "lowlevel.barkbands_spread.mean": 35.61394500732422, "lowlevel.barkbands_spread.stdev": 15.880049705505371, "lowlevel.dissonance.mean": 0.48499569296836853, "lowlevel.dissonance.stdev": 0.016789216548204422, "lowlevel.dynamic_complexity": 1.039120078086853, "lowlevel.erbbands_crest.mean": 6.855400562286377, "lowlevel.erbbands_crest.stdev": 3.2143073081970215, "lowlevel.erbbands_flatness_db.mean": 0.1229276955127716, "lowlevel.erbbands_flatness_db.stdev": 0.026555504649877548, "lowlevel.erbbands_kurtosis.mean": -0.04191011190414429, "lowlevel.erbbands_kurtosis.stdev": 1.3249939680099487, "lowlevel.erbbands_skewness.mean": -0.36117222905158997, "lowlevel.erbbands_skewness.stdev": 0.681777834892273, "lowlevel.erbbands_spread.mean": 51.8836669921875, "lowlevel.erbbands_spread.stdev": 18.968637466430664, "lowlevel.hfc.mean": 32.31801223754883, "lowlevel.hfc.stdev": 16.667072296142578, "lowlevel.loudness_ebu128.integrated": -12.176700592041016, "lowlevel.loudness_ebu128.loudness_range": 0.48427581787109375, "lowlevel.loudness_ebu128.momentary.mean": -12.206071853637695, "lowlevel.loudness_ebu128.momentary.stdev": 0.5119415521621704, "lowlevel.loudness_ebu128.short_term.mean": -12.172313690185547, "lowlevel.loudness_ebu128.short_term.stdev": 0.16046468913555145, "lowlevel.melbands_crest.mean": 15.1691312789917, "lowlevel.melbands_crest.stdev": 4.862356662750244, "lowlevel.melbands_flatness_db.mean": 0.16241364181041718, "lowlevel.melbands_flatness_db.stdev": 0.04404212161898613, "lowlevel.melbands_kurtosis.mean": 15.176065444946289, "lowlevel.melbands_kurtosis.stdev": 16.269901275634766, "lowlevel.melbands_skewness.mean": 3.2724547386169434, "lowlevel.melbands_skewness.stdev": 1.6103260517120361, "lowlevel.melbands_spread.mean": 30.10664176940918, "lowlevel.melbands_spread.stdev": 16.899648666381836, "lowlevel.pitch_salience.mean": 0.5917842984199524, "lowlevel.pitch_salience.stdev": 0.11386412382125854, "lowlevel.silence_rate_20dB.mean": 1.0, "lowlevel.silence_rate_20dB.stdev": 0.0, "lowlevel.silence_rate_30dB.mean": 1.0, "lowlevel.silence_rate_30dB.stdev": 0.0, "lowlevel.silence_rate_60dB.mean": 0.0022288260515779257, "lowlevel.silence_rate_60dB.stdev": 0.04715779423713684, "lowlevel.spectral_centroid.mean": 1881.6541748046875, "lowlevel.spectral_centroid.stdev": 506.7196960449219, "lowlevel.spectral_complexity.mean": 32.25111389160156, "lowlevel.spectral_complexity.stdev": 8.855754852294922, "lowlevel.spectral_decrease.mean": -9.548089430211348e-09, "lowlevel.spectral_decrease.stdev": 5.911796829849436e-09, "lowlevel.spectral_energy.mean": 0.038967978209257126, "lowlevel.spectral_energy.stdev": 0.02281111851334572, "lowlevel.spectral_energyband_high.mean": 0.0019658494275063276, "lowlevel.spectral_energyband_high.stdev": 0.0018880900461226702, "lowlevel.spectral_energyband_low.mean": 0.01855647563934326, "lowlevel.spectral_energyband_low.stdev": 0.02073194459080696, "lowlevel.spectral_energyband_middle_high.mean": 0.006756450980901718, "lowlevel.spectral_energyband_middle_high.stdev": 0.004579651635140181, "lowlevel.spectral_energyband_middle_low.mean": 0.012792160734534264, "lowlevel.spectral_energyband_middle_low.stdev": 0.012676139362156391, "lowlevel.spectral_entropy.mean": 7.989106178283691, "lowlevel.spectral_entropy.stdev": 0.21884670853614807, "lowlevel.spectral_flux.mean": 0.12677697837352753, "lowlevel.spectral_flux.stdev": 0.05833515524864197, "lowlevel.spectral_kurtosis.mean": 2.6330482959747314, "lowlevel.spectral_kurtosis.stdev": 1.397815465927124, "lowlevel.spectral_rms.mean": 0.005946462508291006, "lowlevel.spectral_rms.stdev": 0.0016300862189382315, "lowlevel.spectral_rolloff.mean": 2045.78173828125, "lowlevel.spectral_rolloff.stdev": 1790.4490966796875, "lowlevel.spectral_skewness.mean": 1.1661196947097778, "lowlevel.spectral_skewness.stdev": 0.2438284456729889, "lowlevel.spectral_spread.mean": 5081124.0, "lowlevel.spectral_spread.stdev": 1325741.875, "lowlevel.spectral_strongpeak.mean": 0.5370305776596069, "lowlevel.spectral_strongpeak.stdev": 0.5528081059455872, "lowlevel.zerocrossingrate.mean": 0.07875657081604004, "lowlevel.zerocrossingrate.stdev": 0.033462561666965485, "metadata.audio_properties.analysis.equal_loudness": 0.0, "metadata.audio_properties.analysis.length": 31.210657119750977, "metadata.audio_properties.analysis.sample_rate": 44100.0, "metadata.audio_properties.analysis.start_time": 0.0, "metadata.audio_properties.bit_rate": 122237.0, "metadata.audio_properties.length": 31.21066665649414, "metadata.audio_properties.lossless": 0.0, "metadata.audio_properties.number_channels": 1.0, "metadata.audio_properties.replay_gain": -13.596216201782227, "metadata.audio_properties.sample_rate": 48000.0, "rhythm.beats_count": 49.0, "rhythm.beats_loudness.mean": 0.02953423745930195, "rhythm.beats_loudness.stdev": 0.0073166764341294765, "rhythm.bpm": 95.35301971435547, "rhythm.bpm_histogram_first_peak_bpm": 96.0, "rhythm.bpm_histogram_first_peak_weight": 0.3958333134651184, "rhythm.bpm_histogram_second_peak_bpm": 0.0, "rhythm.bpm_histogram_second_peak_spread": 0.0, "rhythm.bpm_histogram_second_peak_weight": 0.0, "rhythm.danceability": 2.2562100887298584, "rhythm.onset_rate": 4.034473896026611, "tonal.chords_changes_rate": 0.09792284667491913, "tonal.chords_number_rate": 0.016320474445819855, "tonal.chords_strength.mean": 0.5385392904281616, "tonal.chords_strength.stdev": 0.11028153449296951, "tonal.hpcp_crest.mean": 9.833579063415527, "tonal.hpcp_crest.stdev": 5.34916353225708, "tonal.hpcp_entropy.mean": 2.798299551010132, "tonal.hpcp_entropy.stdev": 0.7801042795181274, "tonal.key_edma.strength": 0.7100123167037964, "tonal.key_krumhansl.strength": 0.7027658820152283, "tonal.key_temperley.strength": 0.6572096347808838, "tonal.tuning_diatonic_strength": 0.5022946000099182, "tonal.tuning_equal_tempered_deviation": 0.30291274189949036, "tonal.tuning_frequency": 434.193115234375, "tonal.tuning_nontempered_energy_ratio": 0.924656867980957, "lowlevel.barkbands.mean": [0.0012629361590370536, 0.009886028245091438, 0.006387718953192234, 0.0033620400354266167, 0.004513692110776901, 0.0021302015520632267, 0.001315017114393413, 0.0006025587790645659, 0.0007363758631981909, 0.000486731092678383, 0.0009005698375403881, 0.0005679200403392315, 0.0005685801734216511, 0.0005575370159931481, 0.0004097761702723801, 0.0006970521062612534, 0.0007330676889978349, 0.0008332149009220302, 0.0007396096480078995, 0.0006017147679813206, 0.00035806899541057646, 0.0003097449371125549, 0.0003952783008571714, 0.0003514739510137588, 0.00020456824859138578, 5.5812000937294215e-05, 7.495820000258391e-07], "lowlevel.barkbands.stdev": [0.001094861188903451, 0.015614721924066544, 0.0070145269855856895, 0.003907636273652315, 0.007786948699504137, 0.003312002634629607, 0.002561020664870739, 0.0014829569263383746, 0.0015742459800094366, 0.0008415668271481991, 0.00180894136428833, 0.000904322077985853, 0.000988679239526391, 0.0007759671425446868, 0.0006113832350820303, 0.0010822322219610214, 0.0007254836964420974, 0.0009023181046359241, 0.0005557223339565098, 0.00042671215487644076, 0.00031094125006347895, 0.00034639507066458464, 0.0005967412143945694, 0.0006488360231742263, 0.00030609924579039216, 6.90790984663181e-05, 2.0634265638364013e-06], "lowlevel.erbbands.mean": [0.31207069754600525, 2.1295125484466553, 6.8106889724731445, 9.77189826965332, 15.19973373413086, 12.77768611907959, 15.841329574584961, 17.601938247680664, 19.512279510498047, 16.20423698425293, 14.511754035949707, 16.894451141357422, 13.990666389465332, 26.960554122924805, 31.470067977905273, 22.946096420288086, 25.656951904296875, 27.768321990966797, 26.981643676757812, 21.32753562927246, 44.05092239379883, 43.74597930908203, 43.14457702636719, 46.162025451660156, 31.61411476135254, 28.531023025512695, 18.809228897094727, 11.8640718460083, 11.041501998901367, 11.678101539611816, 10.933801651000977, 8.015775680541992, 5.497335910797119, 2.9563634395599365, 1.0751805305480957, 0.3875005841255188, 0.07000687718391418, 0.005598547402769327, 0.00017555459635332227, 5.751866410719231e-05], "lowlevel.erbbands.stdev": [0.4716016948223114, 3.6749658584594727, 8.297582626342773, 8.537416458129883, 30.364160537719727, 19.217613220214844, 22.856189727783203, 33.46818542480469, 42.0029296875, 31.077346801757812, 31.377826690673828, 36.541988372802734, 23.169132232666016, 57.516719818115234, 51.7330207824707, 35.731689453125, 41.9397087097168, 39.398136138916016, 36.491241455078125, 29.79926872253418, 62.88101577758789, 43.962955474853516, 46.361263275146484, 41.07554244995117, 21.331323623657227, 20.10465431213379, 15.048980712890625, 10.909541130065918, 11.637151718139648, 15.685173034667969, 17.343759536743164, 14.915034294128418, 10.171089172363281, 4.826024532318115, 1.4276055097579956, 0.4830227792263031, 0.09425480663776398, 0.008548480458557606, 0.0002456026850268245, 2.9957749575260095e-05], "lowlevel.gfcc.mean": [53.02861022949219, 68.44770050048828, -114.24433135986328, 59.07956314086914, -56.68258285522461, 22.85257911682129, -44.67927932739258, 14.580840110778809, -33.16877746582031, 0.22205227613449097, -15.085417747497559, 0.9299156665802002, -13.271486282348633], "lowlevel.melbands.mean": [0.0027512398082762957, 0.003262888640165329, 0.0019027541857212782, 0.0010014190338551998, 0.0005601287703029811, 0.00040656322380527854, 0.00028801715234294534, 0.00016525584214832634, 0.00012060940935043618, 0.00010303220915375277, 6.670498987659812e-05, 0.0001026748213917017, 0.00011779531632782891, 6.739798845956102e-05, 5.5395812523784116e-05, 5.690841862815432e-05, 5.113541556056589e-05, 4.589089803630486e-05, 2.83715871773893e-05, 3.35188269673381e-05, 5.519771366380155e-05, 4.482101940084249e-05, 4.018476465716958e-05, 3.867651321343146e-05, 3.8177124224603176e-05, 2.397333264525514e-05, 2.1733138055424206e-05, 1.8075066691380925e-05, 1.282309131056536e-05, 8.488133062201086e-06, 6.209057573869359e-06, 6.154975380923133e-06, 6.10461347605451e-06, 6.7745331762125716e-06, 6.499469236587174e-06, 5.50374807062326e-06, 4.73421141578001e-06, 4.115778210689314e-06, 3.0642945603176486e-06, 2.288147925355588e-06], "lowlevel.melbands.stdev": [0.004196972120553255, 0.004227503668516874, 0.0018949368968605995, 0.001847070874646306, 0.0007547923596575856, 0.0007268612971529365, 0.0005845394334755838, 0.0003319787501823157, 0.00025360111612826586, 0.00022408535005524755, 0.00011364211968611926, 0.00022072996944189072, 0.0002144307509297505, 0.00010720502177719027, 0.00010172218753723428, 9.732707258081064e-05, 7.58832975407131e-05, 6.417559779947624e-05, 4.139692464377731e-05, 5.490989497047849e-05, 8.047975279623643e-05, 4.657861063606106e-05, 4.448695472092368e-05, 4.5459946704795584e-05, 3.509910675347783e-05, 1.7783857401809655e-05, 1.529339533590246e-05, 1.4051986909180414e-05, 1.0999968253599945e-05, 8.09942139312625e-06, 6.041023880243301e-06, 6.364353339449735e-06, 8.188041647372302e-06, 9.546170076646376e-06, 1.0308349374099635e-05, 1.0135372576769441e-05, 9.184128430206329e-06, 7.996774002094753e-06, 5.278231583361048e-06, 3.7280569813447073e-06], "lowlevel.melbands128.mean": [0.0006796079687774181, 0.0025532033760100603, 0.0034510898403823376, 0.0034730862826108932, 0.0035511332098394632, 0.0030223792418837547, 0.001912340521812439, 0.0017260529566556215, 0.0016635832143947482, 0.000926733308006078, 0.0006136823212727904, 0.000636406650301069, 0.0005603172467090189, 0.0004518027708400041, 0.0003841029538307339, 0.00038760295137763023, 0.00040323601569980383, 0.00022312082001008093, 0.00021932100935373455, 0.000190158054465428, 0.00012669585703406483, 0.00012741345562972128, 0.00010688555630622432, 0.000134989561047405, 0.00012011858052574098, 8.579262066632509e-05, 7.49812024878338e-05, 6.442835729103535e-05, 5.852675167261623e-05, 7.1958769694902e-05, 0.00012440158752724528, 0.00015392860223073512, 0.00012593535939231515, 8.740328485146165e-05, 7.320180156966671e-05, 6.311094330158085e-05, 5.420791785581969e-05, 5.677709850715473e-05, 5.287069870973937e-05, 5.782255175290629e-05, 6.010708966641687e-05, 5.289492037263699e-05, 4.621670814231038e-05, 5.47174786333926e-05, 5.3207364544505253e-05, 4.230408740113489e-05, 4.169693056610413e-05, 2.7491094442666508e-05, 2.2925789380678907e-05, 2.5554076273692772e-05, 2.9802597055095248e-05, 4.641740451916121e-05, 6.18523481534794e-05, 5.8308574807597324e-05, 4.169132807874121e-05, 4.5970675273565575e-05, 4.596638973453082e-05, 3.810679481830448e-05, 4.070375507581048e-05, 3.7356647226260975e-05, 3.6566991184372455e-05, 4.1404364310437813e-05, 4.281221117707901e-05, 3.90097702620551e-05, 2.7713223971659318e-05, 2.337430305487942e-05, 2.1444853700813837e-05, 2.073012183245737e-05, 2.2066109522711486e-05, 2.3581496861879714e-05, 1.7813010344980285e-05, 1.5368927051895298e-05, 1.544815495435614e-05, 1.2466482075979002e-05, 9.745182069309521e-06, 9.333082743978593e-06, 7.2530369834566955e-06, 7.010271019680658e-06, 5.774933015345596e-06, 5.805972250527702e-06, 6.306445357040502e-06, 6.167460469441721e-06, 6.2269050431496e-06, 6.096798188082175e-06, 5.831962880620267e-06, 6.699563527945429e-06, 6.887473773531383e-06, 7.476365681213792e-06, 6.279613444348797e-06, 6.222527190402616e-06, 5.663379397446988e-06, 5.605836577160517e-06, 4.645906301448122e-06, 4.599660769599723e-06, 4.8882930059335195e-06, 4.5915694499854e-06, 3.9218375604832545e-06, 3.4863583096012007e-06, 3.0061501092859544e-06, 2.91742117042304e-06, 2.768141939668567e-06, 2.0747468170156935e-06, 1.9163426259183325e-06, 1.536435775051359e-06, 1.0435992408019956e-06, 8.822687505016802e-07, 8.677293408254627e-07, 8.899594376998721e-07, 6.703655230921868e-07, 4.922619041280996e-07, 4.24500825602081e-07, 2.48133147806584e-07, 1.815072039335064e-07, 1.1387749054847518e-07, 7.309439098435178e-08, 4.472850179126908e-08, 2.5527384650558815e-08, 6.75943168104709e-09, 5.31346522336662e-10, 9.985194615591553e-11, 5.4419850570308625e-11, 2.2549771078184122e-11, 1.0191686036775671e-11, 9.728435938771707e-12, 8.233947378089024e-12, 5.947867632444259e-12, 4.747801977955657e-12, 4.552394919365987e-12], "lowlevel.melbands128.stdev": [0.0008908368763513863, 0.003869880922138691, 0.0062916092574596405, 0.006347487680613995, 0.005081677809357643, 0.0031998285558074713, 0.0018061858136206865, 0.002408559899777174, 0.0038408308755606413, 0.0021538545843213797, 0.0009779883548617363, 0.0009905316401273012, 0.0010184869170188904, 0.0006872835801914334, 0.0008945895242504776, 0.0011374971363693476, 0.001167532755061984, 0.0005351444706320763, 0.0005896335933357477, 0.00041636714013293386, 0.0003778169339057058, 0.0004578589287120849, 0.0002584836620371789, 0.0004065859830006957, 0.000317316094879061, 0.000240554625634104, 0.00018017484399024397, 0.00014580074639525265, 0.0001012547654681839, 0.00017279377789236605, 0.0003697499050758779, 0.00041126171709038317, 0.0002703071222640574, 0.0001692918303888291, 0.0001452412107028067, 0.00012400273408275098, 0.00010830298560904339, 0.00013604563719127327, 0.00012113273987779394, 0.00011569672642508522, 0.0001300400763284415, 0.00010749947978183627, 8.242064359365031e-05, 0.00010192002082476392, 8.731137495487928e-05, 7.182855188148096e-05, 8.475302456645295e-05, 4.543340764939785e-05, 4.713131420430727e-05, 4.60490737168584e-05, 6.941294850548729e-05, 8.805163815850392e-05, 0.00010822058538906276, 0.00010067856055684388, 5.130857607582584e-05, 5.7502693380229175e-05, 6.160402699606493e-05, 4.88747755298391e-05, 5.4592172091361135e-05, 5.0570703024277464e-05, 5.7424764236202464e-05, 5.165508628124371e-05, 5.043741475674324e-05, 4.161378092248924e-05, 2.5018709493451752e-05, 2.1647550966008566e-05, 1.927134144352749e-05, 1.8062333765556104e-05, 1.9456258087302558e-05, 2.009285344684031e-05, 1.646252530917991e-05, 1.6512103684362955e-05, 1.6243038771790452e-05, 1.2649516975216102e-05, 9.211424185195938e-06, 1.0136674063687678e-05, 8.570924364903476e-06, 7.495703357562888e-06, 6.828046025475487e-06, 6.595850663870806e-06, 7.080847353790887e-06, 7.279937562998384e-06, 8.654377779748756e-06, 9.411423889105208e-06, 9.035055882122833e-06, 1.032620912155835e-05, 1.0640252185112331e-05, 1.2113345292164013e-05, 1.0515305802982766e-05, 1.1761359928641468e-05, 9.923433935909998e-06, 1.1718999303411692e-05, 9.814976692723576e-06, 9.523679182166234e-06, 1.0318061868019868e-05, 9.321657671534922e-06, 8.539695045328699e-06, 6.641581421718001e-06, 5.338509708963102e-06, 5.450680419016862e-06, 4.858547072217334e-06, 3.607325652410509e-06, 3.1020879305287963e-06, 2.404368842690019e-06, 1.534475586595363e-06, 1.1439560694270767e-06, 1.1317263215460116e-06, 1.1571894447115483e-06, 9.434679668629542e-07, 7.48528805161186e-07, 6.776086820536875e-07, 3.873812204346905e-07, 3.2906555702538753e-07, 2.1407591077604593e-07, 1.303421726106535e-07, 9.694793590142581e-08, 6.507763572471958e-08, 3.534192671850178e-08, 6.644850447656836e-09, 2.4008413035403464e-09, 1.5209563608564736e-09, 4.615980653266405e-10, 1.2853243469557185e-10, 1.1918574460700881e-10, 8.479915380998904e-11, 3.2109561537430054e-11, 7.570393964484445e-12, 6.398963824094661e-12], "lowlevel.mfcc.mean": [-583.3787841796875, 87.04713439941406, 6.4394989013671875, 34.649620056152344, 14.584402084350586, 7.248654842376709, 7.408699989318848, 7.971304416656494, -5.249191761016846, -0.9188548922538757, -3.4335756301879883, -0.29422295093536377, -0.09756283462047577], "lowlevel.spectral_contrast_coeffs.mean": [-0.7005820870399475, -0.777806282043457, -0.8124477863311768, -0.8070769309997559, -0.7974330186843872, -0.7649707794189453], "lowlevel.spectral_contrast_coeffs.stdev": [0.0713980421423912, 0.07103511691093445, 0.047174666076898575, 0.04435691237449646, 0.029917335137724876, 0.03203693777322769], "lowlevel.spectral_contrast_valleys.mean": [-6.181552886962891, -6.584902286529541, -6.9006829261779785, -6.988690376281738, -6.546116828918457, -9.204216957092285], "lowlevel.spectral_contrast_valleys.stdev": [0.5258663296699524, 0.5886969566345215, 0.5569394826889038, 0.4819779098033905, 0.44088754057884216, 0.5796253085136414], "rhythm.beats_loudness_band_ratio.mean": [0.505408763885498, 0.27731624245643616, 0.06912562996149063, 0.07172944396734238, 0.09409364312887192, 0.11526718735694885], "rhythm.beats_loudness_band_ratio.stdev": [0.12952561676502228, 0.12012049555778503, 0.06723680347204208, 0.07176682353019714, 0.052277401089668274, 0.04985848814249039], "tonal.hpcp.mean": [0.1267225295305252, 0.11545087397098541, 0.08681633323431015, 0.08571868389844894, 0.09570316970348358, 0.10256999731063843, 0.2111661732196808, 0.31539082527160645, 0.21082204580307007, 0.08489339053630829, 0.060548316687345505, 0.06228342279791832, 0.09602907299995422, 0.14176945388317108, 0.12164373695850372, 0.07865964621305466, 0.07785274088382721, 0.08032557368278503, 0.07909560948610306, 0.08063743263483047, 0.10562347620725632, 0.19088466465473175, 0.23107430338859558, 0.18447643518447876, 0.15167441964149475, 0.13127906620502472, 0.11926243454217911, 0.12839920818805695, 0.14666059613227844, 0.1569015085697174, 0.2001505047082901, 0.20556622743606567, 0.14566542208194733, 0.12905071675777435, 0.13539257645606995, 0.12764662504196167], "tonal.hpcp.stdev": [0.2350584864616394, 0.24359546601772308, 0.18084432184696198, 0.18249393999576569, 0.20317964255809784, 0.19538630545139313, 0.27612313628196716, 0.37673693895339966, 0.2869674563407898, 0.16587795317173004, 0.1379208117723465, 0.12752889096736908, 0.17924728989601135, 0.2540398836135864, 0.21719157695770264, 0.12914758920669556, 0.13152217864990234, 0.15254738926887512, 0.15706022083759308, 0.16055317223072052, 0.17680104076862335, 0.25482577085494995, 0.2816753387451172, 0.2432962954044342, 0.24657757580280304, 0.23043479025363922, 0.21763525903224945, 0.2376980036497116, 0.2467738389968872, 0.24959540367126465, 0.3030621409416199, 0.3166389763355255, 0.2276732474565506, 0.2083546668291092, 0.2219315767288208, 0.22594624757766724], "rhythm.beats_position": [0.5804988741874695, 1.1842176914215088, 1.7879364490509033, 2.4032652378082275, 3.0185940265655518, 3.6455328464508057, 4.28408145904541, 4.922630310058594, 5.549569129943848, 6.176507949829102, 6.8034467697143555, 7.430385589599609, 8.057324409484863, 8.695873260498047, 9.334421157836914, 9.961359977722168, 10.588298797607422, 11.215237617492676, 11.85378646850586, 12.492335319519043, 13.119274139404297, 13.74621295928955, 14.373151779174805, 15.000090599060059, 15.627029418945312, 16.25396728515625, 16.90412712097168, 17.542675018310547, 18.181224822998047, 18.808162689208984, 19.435102462768555, 20.062040328979492, 20.688980102539062, 21.32752799987793, 21.966075897216797, 22.593015670776367, 23.219953536987305, 23.846893310546875, 24.473831176757812, 25.100770950317383, 25.73931884765625, 26.37786865234375, 27.004806518554688, 27.631746292114258, 28.270294189453125, 28.908842086791992, 29.535781860351562, 30.1627197265625, 30.78965950012207], "rhythm.bpm_histogram": [0.0, 0.0, 0.0, 0.0, 0.0, 0.0, 0.0, 0.0, 0.0, 0.0, 0.0, 0.0, 0.0, 0.0, 0.0, 0.0, 0.0, 0.0, 0.0, 0.0, 0.0, 0.0, 0.0, 0.0, 0.0, 0.0, 0.0, 0.0, 0.0, 0.0, 0.0, 0.0, 0.0, 0.0, 0.0, 0.0, 0.0, 0.0, 0.0, 0.0, 0.0, 0.0, 0.0, 0.0, 0.0, 0.0, 0.0, 0.0, 0.0, 0.0, 0.0, 0.0, 0.0, 0.0, 0.0, 0.0, 0.0, 0.0, 0.0, 0.0, 0.0, 0.0, 0.0, 0.0, 0.0, 0.0, 0.0, 0.0, 0.0, 0.0, 0.0, 0.0, 0.0, 0.0, 0.0, 0.0, 0.0, 0.0, 0.0, 0.0, 0.0, 0.0, 0.0, 0.0, 0.0, 0.0, 0.0, 0.0, 0.0, 0.0, 0.0, 0.0, 0.02083333395421505, 0.0, 0.2916666567325592, 0.0, 0.6041666865348816, 0.0, 0.0416666679084301, 0.0416666679084301, 0.0, 0.0, 0.0, 0.0, 0.0, 0.0, 0.0, 0.0, 0.0, 0.0, 0.0, 0.0, 0.0, 0.0, 0.0, 0.0, 0.0, 0.0, 0.0, 0.0, 0.0, 0.0, 0.0, 0.0, 0.0, 0.0, 0.0, 0.0, 0.0, 0.0, 0.0, 0.0, 0.0, 0.0, 0.0, 0.0, 0.0, 0.0, 0.0, 0.0, 0.0, 0.0, 0.0, 0.0, 0.0, 0.0, 0.0, 0.0, 0.0, 0.0, 0.0, 0.0, 0.0, 0.0, 0.0, 0.0, 0.0, 0.0, 0.0, 0.0, 0.0, 0.0, 0.0, 0.0, 0.0, 0.0, 0.0, 0.0, 0.0, 0.0, 0.0, 0.0, 0.0, 0.0, 0.0, 0.0, 0.0, 0.0, 0.0, 0.0, 0.0, 0.0, 0.0, 0.0, 0.0, 0.0, 0.0, 0.0, 0.0, 0.0, 0.0, 0.0, 0.0, 0.0, 0.0, 0.0, 0.0, 0.0, 0.0, 0.0, 0.0, 0.0, 0.0, 0.0, 0.0, 0.0, 0.0, 0.0, 0.0, 0.0, 0.0, 0.0, 0.0, 0.0, 0.0, 0.0, 0.0, 0.0, 0.0, 0.0, 0.0, 0.0, 0.0, 0.0, 0.0, 0.0, 0.0, 0.0, 0.0, 0.0, 0.0, 0.0, 0.0, 0.0, 0.0, 0.0, 0.0, 0.0, 0.0, 0.0, 0.0, 0.0, 0.0, 0.0, 0.0, 0.0, 0.0, 0.0, 0.0, 0.0], "tonal.chords_histogram": [20.3264102935791, 0.2967359125614166, 0.0, 0.0, 5.786350250244141, 0.0, 3.115726947784424, 0.0, 0.0, 0.0, 0.0, 2.2255191802978516, 0.0, 0.0, 0.0, 0.0, 4.302670478820801, 35.163204193115234, 8.308605194091797, 1.1869436502456665, 0.0, 5.192878246307373, 2.077151298522949, 12.017804145812988], "tonal.thpcp": [1.0, 0.668446958065033, 0.2691688537597656, 0.19197869300842285, 0.19748014211654663, 0.30447643995285034, 0.4495040476322174, 0.3856920599937439, 0.24940373003482819, 0.2468452900648117, 0.25468581914901733, 0.2507860064506531, 0.2556746304035187, 0.33489710092544556, 0.6052321195602417, 0.732660174369812, 0.5849137902259827, 0.48090943694114685, 0.4162425100803375, 0.37814173102378845, 0.40711143612861633, 0.46501225233078003, 0.4974828064441681, 0.6346110701560974, 0.6517825126647949, 0.461856871843338, 0.40917715430259705, 0.42928507924079895, 0.40472522377967834, 0.40179523825645447, 0.36605653166770935, 0.2752658724784851, 0.27178558707237244, 0.3034431040287018, 0.32521554827690125, 0.6695380806922913], "lowlevel.gfcc.cov": [[1788.0909423828125, 37.17925262451172, -37.8030891418457, -25.743864059448242, -92.12457275390625, -8.872065544128418, -46.88956069946289, -19.8429012298584, -17.94744110107422, 1.0461478233337402, -51.21280288696289, -16.05217170715332, -62.54170608520508], [37.17925262451172, 453.7413635253906, -157.25735473632812, -24.030359268188477, 55.724159240722656, -46.92519760131836, 153.95103454589844, 57.46379470825195, 62.70911407470703, 17.917648315429688, 69.39830017089844, -8.81916332244873, 46.1422119140625], [-37.8030891418457, -157.25735473632812, 348.6969909667969, 81.8676986694336, 6.8196635246276855, 22.226945877075195, -66.78851318359375, -36.99608612060547, -10.775704383850098, 14.091426849365234, -16.224332809448242, 51.44413375854492, -9.995889663696289], [-25.743864059448242, -24.030359268188477, 81.8676986694336, 211.18153381347656, 78.44686126708984, 3.872896671295166, -22.56037139892578, 13.287190437316895, 51.342750549316406, 16.974550247192383, 24.858325958251953, 21.091415405273438, 36.05533981323242], [-92.12457275390625, 55.724159240722656, 6.8196635246276855, 78.44686126708984, 226.3457489013672, 40.460330963134766, 52.55371856689453, 29.26297378540039, 29.17557716369629, 22.92678451538086, 9.129737854003906, 29.65323829650879, 31.810266494750977], [-8.872065544128418, -46.92519760131836, 22.226945877075195, 3.872896671295166, 40.460330963134766, 200.5032958984375, 129.9597625732422, 36.758056640625, -2.9459402561187744, 16.509273529052734, 29.244295120239258, -14.22023868560791, 5.289300918579102], [-46.88956069946289, 153.95103454589844, -66.78851318359375, -22.56037139892578, 52.55371856689453, 129.9597625732422, 275.6200256347656, 99.0040283203125, 44.466278076171875, 34.94340896606445, 54.46445846557617, -11.877364158630371, 17.238849639892578], [-19.8429012298584, 57.46379470825195, -36.99608612060547, 13.287190437316895, 29.26297378540039, 36.758056640625, 99.0040283203125, 130.99412536621094, 78.77366638183594, 27.775100708007812, 36.00186538696289, -2.5432116985321045, 19.382532119750977], [-17.94744110107422, 62.70911407470703, -10.775704383850098, 51.342750549316406, 29.17557716369629, -2.9459402561187744, 44.466278076171875, 78.77366638183594, 124.01522064208984, 55.3851432800293, 36.21910858154297, 2.009766101837158, 20.945096969604492], [1.0461478233337402, 17.917648315429688, 14.091426849365234, 16.974550247192383, 22.92678451538086, 16.509273529052734, 34.94340896606445, 27.775100708007812, 55.3851432800293, 78.50341796875, 39.235347747802734, 8.530363082885742, 3.974440574645996], [-51.21280288696289, 69.39830017089844, -16.224332809448242, 24.858325958251953, 9.129737854003906, 29.244295120239258, 54.46445846557617, 36.00186538696289, 36.21910858154297, 39.235347747802734, 84.75780487060547, 24.488113403320312, 26.083154678344727], [-16.05217170715332, -8.81916332244873, 51.44413375854492, 21.091415405273438, 29.65323829650879, -14.22023868560791, -11.877364158630371, -2.5432116985321045, 2.009766101837158, 8.530363082885742, 24.488113403320312, 69.995849609375, 28.856374740600586], [-62.54170608520508, 46.1422119140625, -9.995889663696289, 36.05533981323242, 31.810266494750977, 5.289300918579102, 17.238849639892578, 19.382532119750977, 20.945096969604492, 3.974440574645996, 26.083154678344727, 28.856374740600586, 63.6170539855957]], "lowlevel.gfcc.icov": [[0.0006869224598631263, -0.0006558095919899642, 0.00033823761623352766, -0.0005165415350347757, 0.0006699461373500526, -0.0008475466747768223, 0.0005878047668375075, -0.0004326326888985932, 0.0003283721744082868, -0.0008090668707154691, 0.0014487624866887927, -0.001274058478884399, 0.0011312264250591397], [-0.0006558095919899642, 0.00648133922368288, -0.00019461443298496306, 0.0022766345646232367, -0.0028256375808268785, 0.005992176942527294, -0.005119923502206802, 0.0030765929259359837, -0.0026476364582777023, 0.0038783829659223557, -0.007163886912167072, 0.005665065720677376, -0.004304907750338316], [0.00033823761623352766, -0.00019461443298496306, 0.005049895960837603, -0.0026387430261820555, 0.001543870777823031, -0.002396238502115011, 0.00101686199195683, 7.984202056832146e-06, 0.0003962168120779097, -0.0023971842601895332, 0.003869075793772936, -0.006207077763974667, 0.0031604229006916285], [-0.0005165415350347757, 0.0022766345646232367, -0.0026387430261820555, 0.009169971570372581, -0.004061887040734291, 0.0022435712162405252, -0.0003463533066678792, 0.0025086605455726385, -0.0050155846402049065, 0.004390308633446693, -0.00647364417091012, 0.005516636185348034, -0.005067858379334211], [0.0006699461373500526, -0.0028256375808268785, 0.001543870777823031, -0.004061887040734291, 0.008069542236626148, -0.004000603687018156, 0.0011494179489091039, -0.0019754169043153524, 0.0018147157970815897, -0.00452863285318017, 0.007693341467529535, -0.007062423508614302, 0.0015754353953525424], [-0.0008475466747768223, 0.005992176942527294, -0.002396238502115011, 0.0022435712162405252, -0.004000603687018156, 0.014621415175497532, -0.008636793121695518, 0.0020538405515253544, 0.000982935423962772, 0.003047023434191942, -0.009527512826025486, 0.010134682059288025, -0.005532826296985149], [0.0005878047668375075, -0.005119923502206802, 0.00101686199195683, -0.0003463533066678792, 0.0011494179489091039, -0.008636793121695518, 0.011976068839430809, -0.00634888606145978, 0.0023069705348461866, -0.00369267538189888, 0.003523356281220913, -0.0037678659427911043, 0.003215579316020012], [-0.0004326326888985932, 0.0030765929259359837, 7.984202056832146e-06, 0.0025086605455726385, -0.0019754169043153524, 0.0020538405515253544, -0.00634888606145978, 0.018928194418549538, -0.012875562533736229, 0.006764061748981476, -0.00568447494879365, 0.0029561410192400217, -0.0025005994830280542], [0.0003283721744082868, -0.0026476364582777023, 0.0003962168120779097, -0.0050155846402049065, 0.0018147157970815897, 0.000982935423962772, 0.0023069705348461866, -0.012875562533736229, 0.024086810648441315, -0.01465151272714138, 0.004155318718403578, 0.0005865503335371614, -0.0015280302613973618], [-0.0008090668707154691, 0.0038783829659223557, -0.0023971842601895332, 0.004390308633446693, -0.00452863285318017, 0.003047023434191942, -0.00369267538189888, 0.006764061748981476, -0.01465151272714138, 0.028704041615128517, -0.015334230847656727, 0.004454342182725668, 0.0017747343517839909], [0.0014487624866887927, -0.007163886912167072, 0.003869075793772936, -0.00647364417091012, 0.007693341467529535, -0.009527512826025486, 0.003523356281220913, -0.00568447494879365, 0.004155318718403578, -0.015334230847656727, 0.03335116431117058, -0.01713711954653263, 0.002308823401108384], [-0.001274058478884399, 0.005665065720677376, -0.006207077763974667, 0.005516636185348034, -0.007062423508614302, 0.010134682059288025, -0.0037678659427911043, 0.0029561410192400217, 0.0005865503335371614, 0.004454342182725668, -0.01713711954653263, 0.03395252302289009, -0.015500041656196117], [0.0011312264250591397, -0.004304907750338316, 0.0031604229006916285, -0.005067858379334211, 0.0015754353953525424, -0.005532826296985149, 0.003215579316020012, -0.0025005994830280542, -0.0015280302613973618, 0.0017747343517839909, 0.002308823401108384, -0.015500041656196117, 0.029361482709646225]], "lowlevel.mfcc.cov": [[1190.4285888671875, -34.936500549316406, -33.71892547607422, -38.92380905151367, -59.81815719604492, -14.569934844970703, -35.56624984741211, -8.181407928466797, 2.7544310092926025, 5.100109577178955, 23.76198387145996, -8.815662384033203, -21.000307083129883], [-34.936500549316406, 395.4056091308594, -163.1409454345703, 15.24661636352539, -82.512939453125, -26.674135208129883, 54.989864349365234, 31.78487205505371, 34.46491241455078, 22.18516731262207, 32.719417572021484, 16.28276824951172, 27.14835548400879], [-33.71892547607422, -163.1409454345703, 324.9151611328125, 6.241229057312012, 24.486860275268555, 23.327136993408203, -40.4240608215332, -22.436906814575195, -37.0527458190918, -19.84244728088379, -30.449331283569336, 0.4101780354976654, 1.4522517919540405], [-38.92380905151367, 15.24661636352539, 6.241229057312012, 214.22943115234375, 96.01286315917969, -9.25245189666748, -54.10116195678711, -7.051568984985352, 18.458721160888672, -15.634967803955078, -4.807934284210205, 13.921460151672363, 35.88364791870117], [-59.81815719604492, -82.512939453125, 24.486860275268555, 96.01286315917969, 200.84056091308594, 24.22637176513672, -48.23457717895508, -17.985149383544922, -3.239405870437622, -18.663414001464844, -27.53980255126953, -8.904069900512695, 1.3782050609588623], [-14.569934844970703, -26.674135208129883, 23.327136993408203, -9.25245189666748, 24.22637176513672, 140.67559814453125, 82.42423248291016, 16.373931884765625, 8.693923950195312, 12.858211517333984, 14.291576385498047, 4.104928016662598, -9.025875091552734], [-35.56624984741211, 54.989864349365234, -40.4240608215332, -54.10116195678711, -48.23457717895508, 82.42423248291016, 178.226318359375, 76.92090606689453, 31.6406307220459, 38.79930114746094, 32.045509338378906, 17.47539710998535, 3.7263076305389404], [-8.181407928466797, 31.78487205505371, -22.436906814575195, -7.051568984985352, -17.985149383544922, 16.373931884765625, 76.92090606689453, 100.32499694824219, 50.263526916503906, 29.983642578125, 23.830825805664062, 14.302903175354004, 14.875669479370117], [2.7544310092926025, 34.46491241455078, -37.0527458190918, 18.458721160888672, -3.239405870437622, 8.693923950195312, 31.6406307220459, 50.263526916503906, 91.37004089355469, 57.205406188964844, 30.594194412231445, 20.09640884399414, 17.422304153442383], [5.100109577178955, 22.18516731262207, -19.84244728088379, -15.634967803955078, -18.663414001464844, 12.858211517333984, 38.79930114746094, 29.983642578125, 57.205406188964844, 95.67393493652344, 54.25621032714844, 29.83633041381836, 13.618427276611328], [23.76198387145996, 32.719417572021484, -30.449331283569336, -4.807934284210205, -27.53980255126953, 14.291576385498047, 32.045509338378906, 23.830825805664062, 30.594194412231445, 54.25621032714844, 77.96634674072266, 42.19993209838867, 17.07618522644043], [-8.815662384033203, 16.28276824951172, 0.4101780354976654, 13.921460151672363, -8.904069900512695, 4.104928016662598, 17.47539710998535, 14.302903175354004, 20.09640884399414, 29.83633041381836, 42.19993209838867, 66.62181091308594, 36.92243957519531], [-21.000307083129883, 27.14835548400879, 1.4522517919540405, 35.88364791870117, 1.3782050609588623, -9.025875091552734, 3.7263076305389404, 14.875669479370117, 17.422304153442383, 13.618427276611328, 17.07618522644043, 36.92243957519531, 64.69104766845703]], "lowlevel.mfcc.icov": [[0.0008944661822170019, 0.00017761818889994174, 0.0001652754726819694, 5.4274554713629186e-05, 0.0003677804197650403, -0.00017097408999688923, 0.0004630641487892717, -0.00013623431732412428, -0.00010344239854020998, 0.00014880805974826217, -0.0004777553549502045, 0.0002097245305776596, 0.00015791664191056043], [0.00017761818889994174, 0.0038813480641692877, 0.0016489564441144466, -0.0010698403930291533, 0.0016420180909335613, 0.0006760148098692298, -0.0010994748445227742, 0.00039177489816211164, -0.0003373592917341739, 0.00022246605658438057, -0.0003885521728079766, 0.000558347615879029, -0.0011542877182364464], [0.0001652754726819694, 0.0016489564441144466, 0.004494417458772659, -0.00041614953079260886, 0.0010608385782688856, -0.0017331510316580534, 0.0017211947124451399, -0.0012994696153327823, 0.002185737481340766, -0.0015785612631589174, 0.002528875134885311, -0.0014192834496498108, -0.000686978455632925], [5.4274554713629186e-05, -0.0010698403930291533, -0.00041614953079260886, 0.007874313741922379, -0.003558053635060787, -0.00032950288732536137, 0.001956572290509939, 0.00016755424439907074, -0.0029884446412324905, 0.0030886181630194187, -0.0015308799920603633, 3.4864089684560895e-05, -0.0034744583535939455], [0.0003677804197650403, 0.0016420180909335613, 0.0010608385782688856, -0.003558053635060787, 0.008531134575605392, -0.0031433526892215014, 0.0026714426930993795, -0.0011921243276447058, 0.0007958519854582846, -0.0015943682519719005, 0.0032552951015532017, -0.0005753629957325757, 0.00047044549137353897], [-0.00017097408999688923, 0.0006760148098692298, -0.0017331510316580534, -0.00032950288732536137, -0.0031433526892215014, 0.013368777930736542, -0.009394950233399868, 0.00482439948245883, -0.002446261467412114, 0.0023139880504459143, -0.0037950677797198296, 0.0012298135552555323, 0.001718029729090631], [0.0004630641487892717, -0.0010994748445227742, 0.0017211947124451399, 0.001956572290509939, 0.0026714426930993795, -0.009394950233399868, 0.01675543189048767, -0.011087844148278236, 0.003971425350755453, -0.003749394789338112, 0.0026054431218653917, -0.0023946096189320087, 0.00010328947246307507], [-0.00013623431732412428, 0.00039177489816211164, -0.0012994696153327823, 0.00016755424439907074, -0.0011921243276447058, 0.00482439948245883, -0.011087844148278236, 0.02227441594004631, -0.011517049744725227, 0.005009934306144714, -0.004067895468324423, 0.002713351510465145, -0.002485016593709588], [-0.00010344239854020998, -0.0003373592917341739, 0.002185737481340766, -0.0029884446412324905, 0.0007958519854582846, -0.002446261467412114, 0.003971425350755453, -0.011517049744725227, 0.026182742789387703, -0.01526910625398159, 0.004659316968172789, -0.0013588295551016927, -0.00051347870612517], [0.00014880805974826217, 0.00022246605658438057, -0.0015785612631589174, 0.0030886181630194187, -0.0015943682519719005, 0.0023139880504459143, -0.003749394789338112, 0.005009934306144714, -0.01526910625398159, 0.027273720130324364, -0.014997901394963264, 0.001108936732634902, -0.0006054074037820101], [-0.0004777553549502045, -0.0003885521728079766, 0.002528875134885311, -0.0015308799920603633, 0.0032552951015532017, -0.0037950677797198296, 0.0026054431218653917, -0.004067895468324423, 0.004659316968172789, -0.014997901394963264, 0.03258273005485535, -0.016041385009884834, 0.0034442227333784103], [0.0002097245305776596, 0.000558347615879029, -0.0014192834496498108, 3.4864089684560895e-05, -0.0005753629957325757, 0.0012298135552555323, -0.0023946096189320087, 0.002713351510465145, -0.0013588295551016927, 0.001108936732634902, -0.016041385009884834, 0.033206