{"song_id": "1182286481331601459", "download": "https://cdn.discordapp.com/attachments/1135911532732108921/1182286481331601459/chirp.mp4?ex=65842516&amp", "lyrics": "\u0418\u0440\u0438\u043d\u0430 \u042e\u0440\u044c\u0435\u0432\u043d\u0430! \u041f\u043e\u0437\u0434\u0440\u0430\u0432\u043b\u044f\u044e \u0441 \u0414\u043d\u0451\u043c \u0420\u043e\u0436\u0434\u0435\u043d\u044c\u044f!\n\u041f\u0443\u0441\u0442\u044c \u0431\u043b\u0435\u0441\u0442\u044f\u0442 \u043e\u0442 \u0440\u0430\u0434\u043e\u0441\u0442\u0438 \u0433\u043b\u0430\u0437\u0430,\n\n\u0412\u0430\u043c \u0436\u0435\u043b\u0430\u044e \u043a\u0440\u0435\u043f\u043a\u043e\u0433\u043e \u0437\u0434\u043e\u0440\u043e\u0432\u044c\u044f,\n\u0414\u043e\u043b\u0433\u0438\u0445 \u043b\u0435\u0442, \u043d\u0435\u0443\u0442\u043e\u043c\u0438\u043c\u044b\u0445 \u0441\u0438\u043b.\n\u0427\u0442\u043e\u0431\u044b \u0436\u0438\u0437\u043d\u044c \u0431\u044b\u043b\u0430 \u0412\u0430\u0448\u0430 \u0441\u043f\u043e\u043a\u043e\u0439\u043d\u0430,\n\u0422\u043e\u043b\u044c\u043a\u043e \u043f\u0440\u0430\u0437\u0434\u043d\u0438\u043a \u0432 \u0434\u043e\u043c \u0412\u0430\u0448 \u0437\u0430\u0445\u043e\u0434\u0438\u043b.\n\n\u041d\u0430 \u0433\u043e\u0434\u0430 \u0412\u044b, \u0442\u0451\u0449\u0430, \u043d\u0435 \u0440\u043e\u043f\u0449\u0438\u0442\u0435,\n\u041d\u0435 \u0441\u0434\u0430\u0432\u0430\u0439\u0442\u0435\u0441\u044c \u0432 \u0438\u0445 \u0436\u0435\u0441\u0442\u043e\u043a\u0438\u0439 \u043f\u043b\u0435\u043d,\n\u0412 \u043a\u0430\u0436\u0434\u043e\u043c \u0434\u043d\u0435 \u043f\u0440\u0435\u043a\u0440\u0430\u0441\u043d\u043e\u0435 \u0438\u0449\u0438\u0442\u0435,\n\u041f\u0443\u0441\u0442\u044c \u043d\u0435 \u0431\u0443\u0434\u0435\u0442 \u0433\u043e\u0440\u044f \u0438 \u043f\u0440\u043e\u0431\u043b\u0435\u043c!\n\n\u041a\u0430\u0440\u0438\u043d\u0430 \u0438 \u0410\u0440\u0441\u0435\u043d\u0438\u0439 \u0412\u0430\u0441 \u0442\u043e\u0436\u0435 \u043f\u043e\u0437\u0434\u0440\u0430\u0432\u043b\u044f\u044e\u0442,\n\u0421\u0447\u0430\u0441\u0442\u044c\u044f, \u0440\u0430\u0434\u043e\u0441\u0442\u0438 \u0432 \u0436\u0438\u0437\u043d\u0438 \u0412\u0430\u043c \u0436\u0435\u043b\u0430\u044e\u0442.\n\n[verse]\n\u041c\u0435\u043b\u043e\u0434\u0438\u0447\u043d\u0430\u044f \u043f\u0435\u0441\u043d\u044f, \u0437\u0432\u0443\u0447\u0438\u0442 \u043d\u0430 \u0440\u0443\u0441\u0441\u043a\u043e\u043c \u044f\u0437\u044b\u043a\u0435\n\u0421\u043b\u043e\u0432\u0430 \u043b\u044c\u044e\u0442\u0441\u044f, \u043a\u0430\u043a \u0440\u0435\u043a\u0430, \u0437\u0432\u0443\u043a\u0438 \u0438\u0433\u0440\u0430\u044e\u0442 \u0432 \u0442\u0438\u0448\u0438\u043d\u0435\n\u041b\u044e\u0431\u043e\u0432\u044c \u0438 \u043c\u0435\u0447\u0442\u044b, \u043f\u0440\u043e\u043d\u0438\u0437\u044b\u0432\u0430\u044f \u0441\u0435\u0440\u0434\u0446\u0430\n\u041e\u043d\u0430 \u043d\u0435\u0436\u043d\u043e \u0437\u0432\u0443\u0447\u0438\u0442, \u043b\u0430\u0441\u043a\u0430\u0435\u0442 \u043d\u0430\u0441 \u0432\u043e \u043c\u0433\u043d\u043e\u0432\u0435\u043d\u0438\u0435\n\n[chorus]\n\u041e-\u043e-\u043e, \u043f\u0435\u0442\u044c, \u043f\u0435\u0442\u044c, \u043c\u043e\u044f \u0434\u0443\u0448\u0430 \u0441\u043c\u0435\u0435\u0442\u0441\u044f\n\u041e-\u043e-\u043e, \u0442\u0430\u043d\u0446\u0435\u0432\u0430\u0442\u044c, \u0441\u0447\u0430\u0441\u0442\u043b\u0438\u0432\u044b\u0435 \u043c\u0433\u043d\u043e\u0432\u0435\u043d\u0438\u044f", "style": ["funk"], "essentia_features": {"lowlevel.average_loudness": 0.9178423285484314, "lowlevel.barkbands_crest.mean": 17.970754623413086, "lowlevel.barkbands_crest.stdev": 5.595139980316162, "lowlevel.barkbands_flatness_db.mean": 0.3285239040851593, "lowlevel.barkbands_flatness_db.stdev": 0.07534483075141907, "lowlevel.barkbands_kurtosis.mean": 94.82831573486328, "lowlevel.barkbands_kurtosis.stdev": 372.9044494628906, "lowlevel.barkbands_skewness.mean": 3.5383188724517822, "lowlevel.barkbands_skewness.stdev": 7.606127738952637, "lowlevel.barkbands_spread.mean": 8.962849617004395, "lowlevel.barkbands_spread.stdev": 7.431003093719482, "lowlevel.dissonance.mean": 0.38067662715911865, "lowlevel.dissonance.stdev": 0.07568913698196411, "lowlevel.dynamic_complexity": 6.336077690124512, "lowlevel.erbbands_crest.mean": 16.84246253967285, "lowlevel.erbbands_crest.stdev": 6.677171230316162, "lowlevel.erbbands_flatness_db.mean": 0.27740779519081116, "lowlevel.erbbands_flatness_db.stdev": 0.09364587813615799, "lowlevel.erbbands_kurtosis.mean": 7.07802152633667, "lowlevel.erbbands_kurtosis.stdev": 14.835212707519531, "lowlevel.erbbands_skewness.mean": 1.2543556690216064, "lowlevel.erbbands_skewness.stdev": 1.8261606693267822, "lowlevel.erbbands_spread.mean": 15.631593704223633, "lowlevel.erbbands_spread.stdev": 14.242668151855469, "lowlevel.hfc.mean": 11.381046295166016, "lowlevel.hfc.stdev": 24.96608543395996, "lowlevel.loudness_ebu128.integrated": -26.351036071777344, "lowlevel.loudness_ebu128.loudness_range": 6.818159103393555, "lowlevel.loudness_ebu128.momentary.mean": -28.961050033569336, "lowlevel.loudness_ebu128.momentary.stdev": 5.203172206878662, "lowlevel.loudness_ebu128.short_term.mean": -27.460060119628906, "lowlevel.loudness_ebu128.short_term.stdev": 2.3327999114990234, "lowlevel.melbands_crest.mean": 22.78968048095703, "lowlevel.melbands_crest.stdev": 8.764684677124023, "lowlevel.melbands_flatness_db.mean": 0.3753832280635834, "lowlevel.melbands_flatness_db.stdev": 0.07256169617176056, "lowlevel.melbands_kurtosis.mean": 58.3730354309082, "lowlevel.melbands_kurtosis.stdev": 230.77398681640625, "lowlevel.melbands_skewness.mean": 2.7413697242736816, "lowlevel.melbands_skewness.stdev": 5.99478006362915, "lowlevel.melbands_spread.mean": 11.005084037780762, "lowlevel.melbands_spread.stdev": 10.713472366333008, "lowlevel.pitch_salience.mean": 0.40963980555534363, "lowlevel.pitch_salience.stdev": 0.20105747878551483, "lowlevel.silence_rate_20dB.mean": 0.9971014261245728, "lowlevel.silence_rate_20dB.stdev": 0.05375959351658821, "lowlevel.silence_rate_30dB.mean": 0.9652174115180969, "lowlevel.silence_rate_30dB.stdev": 0.1832278072834015, "lowlevel.silence_rate_60dB.mean": 0.07681159675121307, "lowlevel.silence_rate_60dB.stdev": 0.2662931978702545, "lowlevel.spectral_centroid.mean": 785.9569091796875, "lowlevel.spectral_centroid.stdev": 562.9166259765625, "lowlevel.spectral_complexity.mean": 4.217391490936279, "lowlevel.spectral_complexity.stdev": 2.9609532356262207, "lowlevel.spectral_decrease.mean": -8.975658438714618e-09, "lowlevel.spectral_decrease.stdev": 1.1781873254790298e-08, "lowlevel.spectral_energy.mean": 0.034908443689346313, "lowlevel.spectral_energy.stdev": 0.045900482684373856, "lowlevel.spectral_energyband_high.mean": 1.600080940988846e-05, "lowlevel.spectral_energyband_high.stdev": 3.146169547108002e-05, "lowlevel.spectral_energyband_low.mean": 0.006598885636776686, "lowlevel.spectral_energyband_low.stdev": 0.010898511856794357, "lowlevel.spectral_energyband_middle_high.mean": 0.004816931672394276, "lowlevel.spectral_energyband_middle_high.stdev": 0.015873488038778305, "lowlevel.spectral_energyband_middle_low.mean": 0.011783569119870663, "lowlevel.spectral_energyband_middle_low.stdev": 0.029913948848843575, "lowlevel.spectral_entropy.mean": 6.322710037231445, "lowlevel.spectral_entropy.stdev": 0.8701858520507812, "lowlevel.spectral_flux.mean": 0.09997016936540604, "lowlevel.spectral_flux.stdev": 0.07068523019552231, "lowlevel.spectral_kurtosis.mean": 18.11361312866211, "lowlevel.spectral_kurtosis.stdev": 14.645698547363281, "lowlevel.spectral_rms.mean": 0.005021538119763136, "lowlevel.spectral_rms.stdev": 0.0029734172858297825, "lowlevel.spectral_rolloff.mean": 572.8453369140625, "lowlevel.spectral_rolloff.stdev": 968.5778198242188, "lowlevel.spectral_skewness.mean": 3.071960926055908, "lowlevel.spectral_skewness.stdev": 1.3577187061309814, "lowlevel.spectral_spread.mean": 3223646.5, "lowlevel.spectral_spread.stdev": 2030082.5, "lowlevel.spectral_strongpeak.mean": 1.0241020917892456, "lowlevel.spectral_strongpeak.stdev": 1.9806872606277466, "lowlevel.zerocrossingrate.mean": 0.022077389061450958, "lowlevel.zerocrossingrate.stdev": 0.02502455562353134, "metadata.audio_properties.analysis.equal_loudness": 0.0, "metadata.audio_properties.analysis.length": 15.978662490844727, "metadata.audio_properties.analysis.sample_rate": 44100.0, "metadata.audio_properties.analysis.start_time": 0.0, "metadata.audio_properties.bit_rate": 115358.0, "metadata.audio_properties.length": 15.978666305541992, "metadata.audio_properties.lossless": 0.0, "metadata.audio_properties.number_channels": 1.0, "metadata.audio_properties.replay_gain": -2.471944808959961, "metadata.audio_properties.sample_rate": 48000.0, "rhythm.beats_count": 32.0, "rhythm.beats_loudness.mean": 0.04503883793950081, "rhythm.beats_loudness.stdev": 0.04537440836429596, "rhythm.bpm": 124.09137725830078, "rhythm.bpm_histogram_first_peak_bpm": 123.0, "rhythm.bpm_histogram_first_peak_weight": 0.4827585816383362, "rhythm.bpm_histogram_second_peak_bpm": 129.0, "rhythm.bpm_histogram_second_peak_spread": 0.0, "rhythm.bpm_histogram_second_peak_weight": 0.06451612710952759, "rhythm.danceability": 1.2085177898406982, "rhythm.onset_rate": 3.437811851501465, "tonal.chords_changes_rate": 0.1011560708284378, "tonal.chords_number_rate": 0.02601156011223793, "tonal.chords_strength.mean": 0.42091184854507446, "tonal.chords_strength.stdev": 0.08178012073040009, "tonal.hpcp_crest.mean": 19.174415588378906, "tonal.hpcp_crest.stdev": 8.653972625732422, "tonal.hpcp_entropy.mean": 1.355432152748108, "tonal.hpcp_entropy.stdev": 0.7398913502693176, "tonal.key_edma.strength": 0.6102268695831299, "tonal.key_krumhansl.strength": 0.6058902740478516, "tonal.key_temperley.strength": 0.5945024490356445, "tonal.tuning_diatonic_strength": 0.4272972643375397, "tonal.tuning_equal_tempered_deviation": 0.17554953694343567, "tonal.tuning_frequency": 431.6923522949219, "tonal.tuning_nontempered_energy_ratio": 0.756123423576355, "lowlevel.barkbands.mean": [0.017887847498059273, 0.0005859786760993302, 1.0559755537542515e-05, 7.847168490116019e-06, 0.0005047007580287755, 0.0053144763223826885, 0.0009437080007046461, 0.002202577656134963, 0.0024743040557950735, 0.001156843383796513, 0.0008851755992509425, 0.0019973143935203552, 0.00028137137996964157, 0.0003889709187205881, 0.00010997340723406523, 7.256695971591398e-05, 3.0907329346518964e-05, 1.0823622687894385e-05, 1.9900357074220665e-05, 1.2132942174503114e-05, 6.577640306204557e-06, 1.3012962654102012e-06, 8.271101705759065e-07, 6.775050565011043e-07, 4.877433070760162e-07, 5.087704266770743e-07, 1.6005972724997264e-07], "lowlevel.barkbands.stdev": [0.03113846853375435, 0.0010821830946952105, 1.7991491404245608e-05, 1.3822502296534367e-05, 0.0015674493042752147, 0.01959061622619629, 0.00449862377718091, 0.020898623391985893, 0.007508055306971073, 0.004962006583809853, 0.004292487632483244, 0.010296283289790154, 0.0010625949362292886, 0.002986862091347575, 0.00042717598262242973, 0.00035202971776016057, 0.00015070315566845238, 5.912477718084119e-05, 6.738127558492124e-05, 3.3034935768228024e-05, 1.4583672054868657e-05, 2.2729509510099888e-06, 1.3260722653285484e-06, 1.3278605592859094e-06, 1.0860939028134453e-06, 4.2725505977614375e-07, 1.7501437810096832e-07], "lowlevel.erbbands.mean": [0.09356659650802612, 0.022836318239569664, 0.013227774761617184, 0.023547114804387093, 0.06616068631410599, 1.6370103359222412, 14.9135103225708, 56.22283172607422, 25.554927825927734, 13.893380165100098, 55.45720672607422, 53.56088638305664, 50.579551696777344, 35.565101623535156, 60.3446044921875, 66.21684265136719, 19.178619384765625, 24.49338150024414, 7.519566535949707, 4.744084358215332, 3.4390180110931396, 1.6088340282440186, 0.7837957143783569, 0.5511483550071716, 1.1658461093902588, 0.6074784398078918, 0.37362736463546753, 0.1746920794248581, 0.053619228303432465, 0.03272285312414169, 0.020994883030653, 0.015285598114132881, 0.01073578093200922, 0.0067016007378697395, 0.002862968249246478, 0.0012002434814348817, 0.0009504405315965414, 0.0005155183025635779, 2.9015360269113444e-05, 3.902645767084323e-05], "lowlevel.erbbands.stdev": [0.15744327008724213, 0.034304406493902206, 0.019263116642832756, 0.040758196264505386, 0.10985000431537628, 4.787413597106934, 34.25572204589844, 238.65162658691406, 91.07603454589844, 82.84455108642578, 529.2697143554688, 159.11553955078125, 204.43141174316406, 127.54852294921875, 224.07443237304688, 425.3184509277344, 107.10832977294922, 170.806640625, 23.389102935791016, 20.341964721679688, 16.242216110229492, 6.572017669677734, 3.7239410877227783, 1.9198001623153687, 3.8808960914611816, 1.8336576223373413, 0.7963864207267761, 0.4462530314922333, 0.09422900527715683, 0.05627021566033363, 0.033333320170640945, 0.02746284380555153, 0.022122053429484367, 0.01730465330183506, 0.004813959822058678, 0.001110146869905293, 0.0009196236496791244, 0.0005255825235508382, 2.4594848582637496e-05, 5.1105074817314744e-05], "lowlevel.gfcc.mean": [-156.3573760986328, 116.86955261230469, -109.14804077148438, -20.117353439331055, -61.17761993408203, 3.5047781467437744, -15.169754981994629, 5.078850269317627, -10.430989265441895, 17.968734741210938, 7.097020626068115, 11.652128219604492, 14.213125228881836], "lowlevel.melbands.mean": [0.001347270212136209, 7.911258762760554e-06, 4.118357082916191e-06, 4.0450977394357324e-05, 0.0004322338500060141, 0.0011676124995574355, 0.00034984672674909234, 0.00021177517191972584, 0.00040694180643185973, 0.00037120137130841613, 0.000255004211794585, 0.00014039881352800876, 0.00016624991258140653, 0.00020421389490365982, 0.00011109069600934163, 3.776327139348723e-05, 4.329685907578096e-05, 1.1196006198588293e-05, 7.646925951121375e-06, 5.844100542162778e-06, 3.599021283662296e-06, 1.81787549990986e-06, 8.623068197266548e-07, 5.29836484020052e-07, 3.971792921220185e-07, 7.921041742520174e-07, 6.970034860387386e-07, 3.4368042634014273e-07, 2.4487817995577643e-07, 1.7737177415710903e-07, 7.191921014282343e-08, 3.0005789852793896e-08, 2.0274780965223727e-08, 1.704758645360016e-08, 1.1914902842136144e-08, 1.0860168764281752e-08, 8.597718981206981e-09, 7.643670585366635e-09, 6.957506570870464e-09, 5.158602878196916e-09], "lowlevel.melbands.stdev": [0.002225239295512438, 1.1450106285337824e-05, 6.313256108114729e-06, 0.00013351885718293488, 0.000970594584941864, 0.004686171654611826, 0.0012961106840521097, 0.0016508986009284854, 0.0036270462442189455, 0.0011683896882459521, 0.00103519216645509, 0.0005356952897273004, 0.000660646881442517, 0.0007670822669751942, 0.001083961920812726, 0.00019699973927345127, 0.00030064405291341245, 4.0822542359819636e-05, 3.717313302331604e-05, 2.8177448257338256e-05, 1.8590248146210797e-05, 8.346663889824413e-06, 3.7780930597364204e-06, 3.6795775031350786e-06, 1.5831905102459132e-06, 2.795489990603528e-06, 1.952089633050491e-06, 1.3385225656747934e-06, 5.529546456273238e-07, 4.4211839167473954e-07, 1.9189165811894782e-07, 5.625914312190616e-08, 3.867365805376721e-08, 2.9108603527561172e-08, 1.9455717037430986e-08, 1.9502909509583333e-08, 1.5653879970045637e-08, 1.405738281334834e-08, 2.0791270927134065e-08, 1.2536296445375683e-08], "lowlevel.melbands128.mean": [0.00599776953458786, 0.001288738800212741, 0.00014313987048808485, 1.2113643606426194e-05, 6.160202701721573e-06, 5.215751116338652e-06, 4.722977791971061e-06, 3.5443681554170325e-06, 3.524153953549103e-06, 5.610890639218269e-06, 6.0524558648467064e-05, 0.00023397835320793092, 0.0004408577224239707, 0.0007516151526942849, 0.0015002395957708359, 0.0013391973916441202, 0.0004904959350824356, 0.00021982488397043198, 8.376001642318442e-05, 7.198393723228946e-05, 0.00025044960784725845, 0.0006682248204015195, 0.0004479208728298545, 0.00014606041077058762, 0.00018688496493268758, 0.0006649879505857825, 0.0003761220723390579, 0.00018159164756070822, 0.00015074055409058928, 0.000159601797349751, 0.0001357609871774912, 9.404837328474969e-05, 0.00011787476250901818, 0.0002664564526639879, 0.00026404502568766475, 0.0001095970073947683, 0.0002479107351973653, 0.0001351441751467064, 1.707778574200347e-05, 1.3819193554809317e-05, 3.426801777095534e-05, 8.902511035557836e-05, 4.959762009093538e-05, 2.0580529962899163e-05, 1.2081494787707925e-05, 7.344652203755686e-06, 1.4509196262224577e-05, 5.847075499332277e-06, 6.574835879291641e-06, 5.4913098210818134e-06, 6.147449767013313e-06, 6.369636139424983e-06, 2.2603096567763714e-06, 4.262285074219108e-06, 2.333718839508947e-06, 1.3436052768156515e-06, 1.583357175150013e-06, 8.265413384833664e-07, 6.347038379317382e-07, 7.667431987101736e-07, 7.20479135907226e-07, 1.3908027085562935e-07, 2.898007664953184e-07, 6.06005755798833e-07, 3.291338543931488e-07, 5.991029183860519e-07, 1.382592017762363e-06, 8.300988838527701e-07, 5.28617874806514e-07, 4.927516101815854e-07, 3.603537095386855e-07, 2.146016981896537e-07, 3.095208853665099e-07, 2.3468506071822048e-07, 2.1125291027601634e-07, 1.916648528776932e-07, 1.793420238982435e-07, 9.015764845798913e-08, 6.135998376066709e-08, 4.265730524366518e-08, 2.9605788043340908e-08, 2.8527445294912468e-08, 2.0646757192821497e-08, 2.1278081518971703e-08, 1.5417183973909232e-08, 2.1831196406196796e-08, 1.536541915925227e-08, 1.3247541730265766e-08, 1.1442301328656868e-08, 1.1387697895770543e-08, 1.1118071796545337e-08, 1.0592887456084554e-08, 1.0541932660146358e-08, 7.783161670715799e-09, 8.045166310921559e-09, 8.817683472273075e-09, 7.0515766559253734e-09, 6.701489585481113e-09, 7.81316344955485e-09, 6.5025180795430515e-09, 5.894118970672935e-09, 4.89910556566997e-09, 4.343173376497589e-09, 4.179726786901483e-09, 3.4785205826892707e-09, 2.135954302318055e-09, 1.8007096924677057e-09, 2.1060675425843556e-09, 1.7507763017121647e-09, 2.088393014076928e-09, 2.0039703230168016e-09, 2.3737878329654905e-09, 2.9574140913979363e-09, 3.418971550317451e-09, 4.155367161473578e-09, 6.844042665932193e-09, 6.043660683019425e-09, 9.768896802597737e-10, 2.438964134821031e-11, 6.1286249512793045e-12, 5.942486520221779e-12, 5.842582927878537e-12, 5.7903955068272506e-12, 5.6558460172217995e-12, 5.324447913818142e-12, 4.811812840538332e-12, 4.526797773435343e-12, 4.467962024662375e-12], "lowlevel.melbands128.stdev": [0.009985048323869705, 0.0021609682589769363, 0.00025516885216347873, 2.1485615434357896e-05, 9.871626389212906e-06, 9.38426728680497e-06, 9.535902790958062e-06, 5.856636107637314e-06, 6.717363248753827e-06, 1.2043927199556492e-05, 0.0002282354107592255, 0.000752515799831599, 0.001136668142862618, 0.0023923374246805906, 0.0068450141698122025, 0.0065333181992173195, 0.001966817770153284, 0.0014837075723335147, 0.0007722703157924116, 0.0005568094784393907, 0.0018928482895717025, 0.007936850190162659, 0.003856290364637971, 0.0007332267705351114, 0.0008172049419954419, 0.0023828104604035616, 0.001812040340155363, 0.001322843600064516, 0.0009772606426849961, 0.0007421413320116699, 0.0007101877708919346, 0.0007252967916429043, 0.0008239555754698813, 0.0013661672128364444, 0.0009724649717099965, 0.0006961689796298742, 0.00227761990390718, 0.0017164788441732526, 9.665507241152227e-05, 8.409837755607441e-05, 0.0001668719487497583, 0.0007354863919317722, 0.0004535676271189004, 0.00013290750212036073, 7.186573930084705e-05, 2.7600683097261935e-05, 5.935216540819965e-05, 4.6189685235731304e-05, 5.641163807013072e-05, 3.0924838938517496e-05, 3.940618989872746e-05, 4.9254165787715465e-05, 1.2821112250094302e-05, 3.276529969298281e-05, 1.5839264960959554e-05, 6.587646112166112e-06, 9.33579940465279e-06, 5.4572160479438026e-06, 4.336220172262983e-06, 4.8781271289044525e-06, 7.219790859380737e-06, 5.739378821090213e-07, 1.4391820286618895e-06, 3.0027474622329464e-06, 1.3434930679068202e-06, 3.386419848538935e-06, 6.647083864663728e-06, 3.360984237588127e-06, 1.774935867615568e-06, 1.583957896400534e-06, 2.566770717749023e-06, 1.057199369824957e-06, 9.18107161851367e-07, 6.154510856504203e-07, 5.940889309385966e-07, 5.046385922469199e-07, 5.9358728776715e-07, 3.7706240618717857e-07, 1.764823736039034e-07, 1.0490989410527618e-07, 6.878659064568637e-08, 5.895060084526449e-08, 4.206877335377612e-08, 4.689879418151577e-08, 3.210642418594034e-08, 4.9314181183035544e-08, 2.756573103113169e-08, 2.2955688905312854e-08, 2.145822541876896e-08, 1.970367335957235e-08, 1.9906188697405014e-08, 2.096902740333917e-08, 2.4290354616596233e-08, 1.4245661539291632e-08, 1.4639921275261258e-08, 1.9077695867508737e-08, 1.3204326521076837e-08, 1.3683309596501658e-08, 2.9644063204159465e-08, 1.947161187842994e-08, 1.7041385191873815e-08, 1.3404910070846654e-08, 9.026067893103118e-09, 8.722466304789123e-09, 6.4776446428993495e-09, 3.0492561808870278e-09, 2.5978497131262657e-09, 3.4152298766798594e-09, 2.0182553406300485e-09, 1.7916651495752944e-09, 2.050253744556585e-09, 2.5519188984191032e-09, 3.954890637203334e-09, 4.5752277522126406e-09, 4.9183443984190944e-09, 8.04705901913394e-09, 6.531988727687121e-09, 1.623698175912125e-09, 2.6751531545521345e-10, 8.325616238091804e-12, 8.121010808270768e-12, 7.944994488695567e-12, 7.784719917303118e-12, 7.663774996558015e-12, 7.537121100853472e-12, 7.450862843372263e-12, 7.384457628711871e-12, 7.344249340623943e-12], "lowlevel.mfcc.mean": [-814.5877075195312, 167.70704650878906, -0.028076011687517166, -2.7187154293060303, -17.398900985717773, 3.174535036087036, 6.507087707519531, -6.142975330352783, 2.079658031463623, 8.45716667175293, -1.0269341468811035, 6.597215175628662, 11.746391296386719], "lowlevel.spectral_contrast_coeffs.mean": [-0.7108378410339355, -0.6517798900604248, -0.6932464838027954, -0.7874304056167603, -0.8261538147926331, -0.799921452999115], "lowlevel.spectral_contrast_coeffs.stdev": [0.1321639120578766, 0.13161003589630127, 0.1262522041797638, 0.08209548890590668, 0.055604297667741776, 0.04586842283606529], "lowlevel.spectral_contrast_valleys.mean": [-8.669032096862793, -8.095480918884277, -8.644416809082031, -9.292731285095215, -9.63156795501709, -12.361166954040527], "lowlevel.spectral_contrast_valleys.stdev": [0.9220588803291321, 1.020492672920227, 1.1328076124191284, 0.9875119924545288, 0.9708390235900879, 0.6966553926467896], "rhythm.beats_loudness_band_ratio.mean": [0.37035462260246277, 0.16844601929187775, 0.20714591443538666, 0.256292462348938, 0.02149122580885887, 0.0036727043334394693], "rhythm.beats_loudness_band_ratio.stdev": [0.30995801091194153, 0.2517431378364563, 0.23069217801094055, 0.277658075094223, 0.028823548927903175, 0.00590234762057662], "tonal.hpcp.mean": [0.03710930049419403, 0.06873846799135208, 0.05848056450486183, 0.02260395511984825, 0.016060562804341316, 0.023804327473044395, 0.025384092703461647, 0.025671636685729027, 0.020299633964896202, 0.012767713516950607, 0.039743803441524506, 0.13249479234218597, 0.14981265366077423, 0.07107792794704437, 0.03481842204928398, 0.04427472874522209, 0.08270531892776489, 0.10126183182001114, 0.084446981549263, 0.0690535306930542, 0.058551572263240814, 0.04988529905676842, 0.042867060750722885, 0.14240683615207672, 0.4999859631061554, 0.4246581494808197, 0.18400894105434418, 0.2094264179468155, 0.0942009836435318, 0.032720934599637985, 0.027286717668175697, 0.0393703430891037, 0.05779986456036568, 0.057907119393348694, 0.03423454612493515, 0.019673047587275505], "tonal.hpcp.stdev": [0.1391025334596634, 0.20441754162311554, 0.18181200325489044, 0.097938172519207, 0.08197946101427078, 0.12151672691106796, 0.1224575862288475, 0.1267370730638504, 0.10454942286014557, 0.05424494668841362, 0.12038774788379669, 0.26975154876708984, 0.29595956206321716, 0.18452127277851105, 0.13255251944065094, 0.14005059003829956, 0.21400360763072968, 0.23781569302082062, 0.22646012902259827, 0.20522987842559814, 0.18971136212348938, 0.17517384886741638, 0.16411851346492767, 0.15168125927448273, 0.41962411999702454, 0.3349180519580841, 0.32539525628089905, 0.3479156196117401, 0.22261787950992584, 0.12822729349136353, 0.1283595710992813, 0.1458185762166977, 0.18533632159233093, 0.1786108762025833, 0.12142497301101685, 0.0953718051314354], "rhythm.beats_position": [0.4411791265010834, 0.9287981986999512, 1.4164172410964966, 1.9156461954116821, 2.4032652378082275, 2.879274368286133, 3.3668932914733887, 3.842902421951294, 4.318911552429199, 4.783310413360596, 5.27092981338501, 5.758548736572266, 6.2461676597595215, 6.722176551818848, 7.198185920715332, 7.697414875030518, 8.185033798217773, 8.672653198242188, 9.148661613464355, 9.61306095123291, 10.100680351257324, 10.588298797607422, 11.075918197631836, 11.56353759765625, 12.039546012878418, 12.515555381774902, 12.991564750671387, 13.467573165893555, 13.943582534790039, 14.419591903686523, 14.907210350036621, 15.394829750061035], "rhythm.bpm_histogram": [0.0, 0.0, 0.0, 0.0, 0.0, 0.0, 0.0, 0.0, 0.0, 0.0, 0.0, 0.0, 0.0, 0.0, 0.0, 0.0, 0.0, 0.0, 0.0, 0.0, 0.0, 0.0, 0.0, 0.0, 0.0, 0.0, 0.0, 0.0, 0.0, 0.0, 0.0, 0.0, 0.0, 0.0, 0.0, 0.0, 0.0, 0.0, 0.0, 0.0, 0.0, 0.0, 0.0, 0.0, 0.0, 0.0, 0.0, 0.0, 0.0, 0.0, 0.0, 0.0, 0.0, 0.0, 0.0, 0.0, 0.0, 0.0, 0.0, 0.0, 0.0, 0.0, 0.0, 0.0, 0.0, 0.0, 0.0, 0.0, 0.0, 0.0, 0.0, 0.0, 0.0, 0.0, 0.0, 0.0, 0.0, 0.0, 0.0, 0.0, 0.0, 0.0, 0.0, 0.0, 0.0, 0.0, 0.0, 0.0, 0.0, 0.0, 0.0, 0.0, 0.0, 0.0, 0.0, 0.0, 0.0, 0.0, 0.0, 0.0, 0.0, 0.0, 0.0, 0.0, 0.0, 0.0, 0.0, 0.0, 0.0, 0.0, 0.0, 0.0, 0.0, 0.0, 0.0, 0.0, 0.0, 0.0, 0.0, 0.0, 0.06451612710952759, 0.0, 0.0, 0.4838709533214569, 0.0, 0.0, 0.3870967626571655, 0.0, 0.0, 0.06451612710952759, 0.0, 0.0, 0.0, 0.0, 0.0, 0.0, 0.0, 0.0, 0.0, 0.0, 0.0, 0.0, 0.0, 0.0, 0.0, 0.0, 0.0, 0.0, 0.0, 0.0, 0.0, 0.0, 0.0, 0.0, 0.0, 0.0, 0.0, 0.0, 0.0, 0.0, 0.0, 0.0, 0.0, 0.0, 0.0, 0.0, 0.0, 0.0, 0.0, 0.0, 0.0, 0.0, 0.0, 0.0, 0.0, 0.0, 0.0, 0.0, 0.0, 0.0, 0.0, 0.0, 0.0, 0.0, 0.0, 0.0, 0.0, 0.0, 0.0, 0.0, 0.0, 0.0, 0.0, 0.0, 0.0, 0.0, 0.0, 0.0, 0.0, 0.0, 0.0, 0.0, 0.0, 0.0, 0.0, 0.0, 0.0, 0.0, 0.0, 0.0, 0.0, 0.0, 0.0, 0.0, 0.0, 0.0, 0.0, 0.0, 0.0, 0.0, 0.0, 0.0, 0.0, 0.0, 0.0, 0.0, 0.0, 0.0, 0.0, 0.0, 0.0, 0.0, 0.0, 0.0, 0.0, 0.0, 0.0, 0.0, 0.0, 0.0, 0.0, 0.0, 0.0, 0.0, 0.0, 0.0, 0.0, 0.0, 0.0, 0.0], "tonal.chords_histogram": [25.722543716430664, 23.988439559936523, 10.693641662597656, 0.0, 0.0, 0.0, 0.0, 6.358381271362305, 22.254335403442383, 3.757225513458252, 0.0, 0.0, 0.0, 0.0, 1.734104037284851, 0.0, 2.0231213569641113, 0.0, 0.0, 0.0, 0.0, 0.0, 3.1791906356811523, 0.28901734948158264], "tonal.thpcp": [1.0, 0.8493401408195496, 0.3680282235145569, 0.4188646078109741, 0.18840725719928741, 0.06544370949268341, 0.05457496643066406, 0.07874289900064468, 0.11560297757387161, 0.11581748723983765, 0.0684710144996643, 0.03934720158576965, 0.0742206871509552, 0.13748079538345337, 0.1169644147157669, 0.04520918056368828, 0.03212202712893486, 0.04760999232530594, 0.050769612193107605, 0.05134471505880356, 0.040600407868623734, 0.02553614415228367, 0.07948984205722809, 0.26499703526496887, 0.2996337115764618, 0.1421598494052887, 0.06963879615068436, 0.08855194598436356, 0.16541528701782227, 0.20252935588359833, 0.16889870166778564, 0.1381109356880188, 0.11710643023252487, 0.09977339953184128, 0.08573652803897858, 0.28482165932655334], "lowlevel.gfcc.cov": [[5620.47900390625, 1225.1414794921875, -1571.684814453125, -600.7396850585938, -377.5741882324219, -196.39524841308594, 227.43618774414062, -102.46746063232422, -15.884123802185059, -18.77988624572754, 131.73239135742188, -98.68512725830078, 422.0108947753906], [1225.1414794921875, 915.229248046875, -222.3542938232422, -584.23583984375, -175.2927703857422, 37.50556564331055, 25.25981903076172, -190.91543579101562, -87.1219253540039, -33.679874420166016, 90.89395904541016, -31.557287216186523, 191.9700164794922], [-1571.684814453125, -222.3542938232422, 1732.5491943359375, 320.44415283203125, 61.02521896362305, -115.73607635498047, -224.0354461669922, -26.023494720458984, 34.083465576171875, -3.666358709335327, -69.93285369873047, 188.65428161621094, -252.5274200439453], [-600.7396850585938, -584.23583984375, 320.44415283203125, 1002.9270629882812, 52.06240463256836, -442.5440368652344, -139.68211364746094, 224.70457458496094, 107.5896224975586, -29.51249885559082, 54.836612701416016, 101.79950714111328, -77.50653839111328], [-377.5741882324219, -175.2927703857422, 61.02521896362305, 52.06240463256836, 428.501953125, 207.77398681640625, 79.15477752685547, 9.196256637573242, 36.088016510009766, 3.1294548511505127, -90.33145904541016, -47.8864631652832, -82.76637268066406], [-196.39524841308594, 37.50556564331055, -115.73607635498047, -442.5440368652344, 207.77398681640625, 628.3749389648438, 168.2908477783203, -131.12646484375, -42.01554489135742, 65.34773254394531, -72.46017456054688, -129.4747772216797, -43.55962371826172], [227.43618774414062, 25.25981903076172, -224.0354461669922, -139.68211364746094, 79.15477752685547, 168.2908477783203, 271.4654235839844, 15.803797721862793, -18.203426361083984, 25.24854850769043, 27.469209671020508, -60.4482421875, 4.526379108428955], [-102.46746063232422, -190.91543579101562, -26.023494720458984, 224.70457458496094, 9.196256637573242, -131.12646484375, 15.803797721862793, 202.60012817382812, 83.08011627197266, -30.418798446655273, -15.077439308166504, 23.79833984375, -16.443941116333008], [-15.884123802185059, -87.1219253540039, 34.083465576171875, 107.5896224975586, 36.088016510009766, -42.01554489135742, -18.203426361083984, 83.08011627197266, 184.01234436035156, 29.812273025512695, 0.16599898040294647, -9.430924415588379, -9.226655960083008], [-18.77988624572754, -33.679874420166016, -3.666358709335327, -29.51249885559082, 3.1294548511505127, 65.34773254394531, 25.24854850769043, -30.418798446655273, 29.812273025512695, 142.9302215576172, 56.52058029174805, -36.19221496582031, -14.525291442871094], [131.73239135742188, 90.89395904541016, -69.93285369873047, 54.836612701416016, -90.33145904541016, -72.46017456054688, 27.469209671020508, -15.077439308166504, 0.16599898040294647, 56.52058029174805, 193.4137725830078, 47.452789306640625, 50.23712921142578], [-98.68512725830078, -31.557287216186523, 188.65428161621094, 101.79950714111328, -47.8864631652832, -129.4747772216797, -60.4482421875, 23.79833984375, -9.430924415588379, -36.19221496582031, 47.452789306640625, 159.62948608398438, 16.7003116607666], [422.0108947753906, 191.9700164794922, -252.5274200439453, -77.50653839111328, -82.76637268066406, -43.55962371826172, 4.526379108428955, -16.443941116333008, -9.226655960083008, -14.525291442871094, 50.23712921142578, 16.7003116607666, 204.70826721191406]], "lowlevel.gfcc.icov": [[0.00043011410161852837, -0.0008174701360985637, 0.0004385786014609039, -0.00039557646960020065, 0.00024681014474481344, 9.673991735326126e-05, -0.00047655872185714543, 0.00023647015041206032, -0.0003162289212923497, -0.000537326792255044, 0.0008600927540101111, -0.0006431376095861197, 0.00021008845942560583], [-0.0008174701360985637, 0.005174404941499233, -0.001346290810033679, 0.0033218904864042997, -0.0007945999386720359, 0.0013747188495472074, 0.001126426737755537, 0.0008556362590752542, 0.0003784908330999315, 0.0034946647938340902, -0.004509836435317993, 0.0035801506601274014, -0.0024754453916102648], [0.0004385786014609039, -0.001346290810033679, 0.0015526475617662072, -0.0010338581632822752, 0.00038016054895706475, -0.00021371278853621334, -0.00022605685808230191, 0.0008155842660926282, -0.0006454383255913854, -0.0012128223897889256, 0.0019122421508654952, -0.002494481159374118, 0.001680093235336244], [-0.00039557646960020065, 0.0033218904864042997, -0.0010338581632822752, 0.0045144581235945225, -0.0016172714531421661, 0.002352034207433462, 0.0014698916347697377, -0.0013001501793041825, 0.0004073364834766835, 0.002210595179349184, -0.004157206974923611, 0.0028136305045336485, -0.0011902430560439825], [0.00024681014474481344, -0.0007945999386720359, 0.00038016054895706475, -0.0016172714531421661, 0.004098153673112392, -0.00165762088727206, -0.0014647989301010966, 0.0009168520919047296, -0.0011869239388033748, -0.0003301723918411881, 0.0025365236215293407, -0.0012224356178194284, 0.0009035576367750764], [9.673991735326126e-05, 0.0013747188495472074, -0.00021371278853621334, 0.002352034207433462, -0.00165762088727206, 0.004661834333091974, -0.0012016204418614507, 0.001611123327165842, -4.463371078600176e-05, -8.995481039164588e-05, -0.0005046886508353055, 0.0018437289400026202, -0.00041889314888976514], [-0.00047655872185714543, 0.001126426737755537, -0.00022605685808230191, 0.0014698916347697377, -0.0014647989301010966, -0.0012016204418614507, 0.006886540446430445, -0.0032830641139298677, 0.0018207936082035303, 0.0009319510427303612, -0.0039034688379615545, 0.002436267677694559, -0.00015276881458703429], [0.00023647015041206032, 0.0008556362590752542, 0.0008155842660926282, -0.0013001501793041825, 0.0009168520919047296, 0.001611123327165842, -0.0032830641139298677, 0.011205678805708885, -0.0045314691960811615, 0.0018646364333108068, 0.0022384198382496834, -0.0017065710853785276, 0.00042817366193048656], [-0.0003162289212923497, 0.0003784908330999315, -0.0006454383255913854, 0.0004073364834766835, -0.0011869239388033748, -4.463371078600176e-05, 0.0018207936082035303, -0.0045314691960811615, 0.008297047577798367, -0.002045599976554513, -0.0011173627572134137, 0.0018060938455164433, -0.0008829787839204073], [-0.000537326792255044, 0.0034946647938340902, -0.0012128223897889256, 0.002210595179349184, -0.0003301723918411881, -8.995481039164588e-05, 0.0009319510427303612, 0.0018646364333108068, -0.002045599976554513, 0.01319165714085102, -0.007554300595074892, 0.005463669542223215, -0.0006001242436468601], [0.0008600927540101111, -0.004509836435317993, 0.0019122421508654952, -0.004157206974923611, 0.0025365236215293407, -0.0005046886508353055, -0.0039034688379615545, 0.0022384198382496834, -0.0011173627572134137, -0.007554300595074892, 0.014088921248912811, -0.007499800529330969, 0.0009932360844686627], [-0.0006431376095861197, 0.0035801506601274014, -0.002494481159374118, 0.0028136305045336485, -0.0012224356178194284, 0.0018437289400026202, 0.002436267677694559, -0.0017065710853785276, 0.0018060938455164433, 0.005463669542223215, -0.007499800529330969, 0.013940035365521908, -0.0031639374792575836], [0.00021008845942560583, -0.0024754453916102648, 0.001680093235336244, -0.0011902430560439825, 0.0009035576367750764, -0.00041889314888976514, -0.00015276881458703429, 0.00042817366193048656, -0.0008829787839204073, -0.0006001242436468601, 0.0009932360844686627, -0.0031639374792575836, 0.00864116009324789]], "lowlevel.mfcc.cov": [[4189.09228515625, 705.2532958984375, -1304.7974853515625, -322.288818359375, -589.7164306640625, -145.5977325439453, 59.64986038208008, -187.495849609375, 88.72993469238281, 45.56449890136719, -315.75701904296875, -91.5271224975586, 86.60060119628906], [705.2532958984375, 1219.0814208984375, 10.584184646606445, -719.5066528320312, -168.40472412109375, 174.6561737060547, 112.36184692382812, -113.61392974853516, -46.27067947387695, -43.09941482543945, -128.29605102539062, -109.55221557617188, -35.192867279052734], [-1304.7974853515625, 10.584184646606445, 1192.0447998046875, 278.5823669433594, 152.1275634765625, -63.39140319824219, -165.17088317871094, 52.67118835449219, -149.12643432617188, -118.21754455566406, 145.3003387451172, 21.35574722290039, -102.12019348144531], [-322.288818359375, -719.5066528320312, 278.5823669433594, 1110.8734130859375, 165.15896606445312, -412.9624938964844, -209.12583923339844, 101.49552917480469, -56.581356048583984, -107.51589965820312, 105.30745697021484, 91.44445037841797, -33.334659576416016], [-589.7164306640625, -168.40472412109375, 152.1275634765625, 165.15896606445312, 327.15966796875, 56.950374603271484, -72.81837463378906, 70.76213073730469, 47.896907806396484, 16.52417755126953, 53.47077560424805, 13.183436393737793, -2.8901915550231934], [-145.5977325439453, 174.6561737060547, -63.39140319824219, -412.9624938964844, 56.950374603271484, 399.7286376953125, 182.04820251464844, -43.19923400878906, 35.21139144897461, 105.74100494384766, 12.142618179321289, -15.05102252960205, 13.216409683227539], [59.64986038208008, 112.36184692382812, -165.17088317871094, -209.12583923339844, -72.81837463378906, 182.04820251464844, 275.1412353515625, 2.9477031230926514, -6.457739353179932, 57.20167922973633, 3.5397000312805176, -14.503634452819824, -6.949498176574707], [-187.495849609375, -113.61392974853516, 52.67118835449219, 101.49552917480469, 70.76213073730469, -43.19923400878906, 2.9477031230926514, 194.11526489257812, 48.76298904418945, -35.269527435302734, 31.198322296142578, 27.58692169189453, 3.882417678833008], [88.72993469238281, -46.27067947387695, -149.12643432617188, -56.581356048583984, 47.896907806396484, 35.21139144897461, -6.457739353179932, 48.76298904418945, 165.20458984375, 93.6285171508789, -29.679161071777344, 2.42543625831604, 36.12078094482422], [45.56449890136719, -43.09941482543945, -118.21754455566406, -107.51589965820312, 16.52417755126953, 105.74100494384766, 57.20167922973633, -35.269527435302734, 93.6285171508789, 199.33419799804688, 37.630104064941406, -12.112727165222168, 17.256601333618164], [-315.75701904296875, -128.29605102539062, 145.3003387451172, 105.30745697021484, 53.47077560424805, 12.142618179321289, 3.5397000312805176, 31.198322296142578, -29.679161071777344, 37.630104064941406, 170.09214782714844, 73.71707916259766, -15.905867576599121], [-91.5271224975586, -109.55221557617188, 21.35574722290039, 91.44445037841797, 13.183436393737793, -15.05102252960205, -14.503634452819824, 27.58692169189453, 2.42543625831604, -12.112727165222168, 73.71707916259766, 149.5450439453125, 78.10159301757812], [86.60060119628906, -35.192867279052734, -102.12019348144531, -33.334659576416016, -2.8901915550231934, 13.216409683227539, -6.949498176574707, 3.882417678833008, 36.12078094482422, 17.256601333618164, -15.905867576599121, 78.10159301757812, 160.19229125976562]], "lowlevel.mfcc.icov": [[0.0006988176610320807, -0.000646997825242579, 0.0008120790007524192, -0.0006682862294837832, 0.00116836279630661, -0.000511741905938834, 0.0008322008652612567, -0.00029934418853372335, 0.000142956807394512, -0.0004286482580937445, 0.0003503010084386915, 1.444480676582316e-05, 7.0387377490988e-06], [-0.000646997825242579, 0.0022762634325772524, -0.001102588721551001, 0.0019333618693053722, -0.0012020926224067807, 0.0011874474585056305, -0.0013329372741281986, 0.0009695699554868042, -0.00028779928106814623, 0.0011557695688679814, 8.291289850603789e-05, 8.916564547689632e-05, 0.00025344619643874466], [0.0008120790007524192, -0.001102588721551001, 0.0023432995658367872, -0.001174819190055132, 0.001227599335834384, -0.0013306487817317247, 0.0021593058481812477, -0.0010547027923166752, 0.0013834763085469604, -0.00047034979797899723, -0.0004184292338322848, 0.00014877696230541915, 0.00044390835682861507], [-0.0006682862294837832, 0.0019333618693053722, -0.001174819190055132, 0.003906930331140757, -0.0029339920729398727, 0.0038911153096705675, -0.001904008095152676, 0.0009444731986150146, 0.00030814710771664977, 0.0006149303517304361, -0.00016242607671301812, -0.0012234824243932962, 0.000815289793536067], [0.00116836279630661, -0.0012020926224067807, 0.001227599335834384, -0.0029339920729398727, 0.008003641851246357, -0.004947873298078775, 0.004248907323926687, -0.002273734426125884, -0.001264775637537241, -0.00012486547348089516, -0.0008448223234154284, 0.0018248490523546934, -0.000606572546530515], [-0.000511741905938834, 0.0011874474585056305, -0.0013306487817317247, 0.0038911153096705675, -0.004947873298078775, 0.00936113204807043, -0.005737371277064085, 0.0028284136205911636, -0.0007034138543531299, -0.0004206845769658685, -0.00031544340890832245, -0.0012539280578494072, 0.00010387369547970593], [0.0008322008652612567, -0.0013329372741281986, 0.0021593058481812477, -0.001904008095152676, 0.004248907323926687, -0.005737371277064085, 0.00955546461045742, -0.004236530978232622, 0.0038501473609358072, -0.0031363533344119787, 0.0010793026303872466, -0.00021997382282279432, 0.000988946296274662], [-