{"song_id": "1182262741424144485", "download": "https://cdn.discordapp.com/attachments/1135903449314238464/1182262741424144485/chirp.mp4?ex=65840efa&amp", "lyrics": "[Verse]\n\u307e\u308a\u308a\u3093\u3001\u306a\u306a\u3064\u307c\u3057\u3001\n\u30ed\u30c7\u30e9\u30f3\u30ad\u30e3\u30b9\u30c8\u3001\u58f0\u304c\u304b\u308f\u3044\u3044\u3002\n\u8f1d\u304f\u5922\u3001\u624b\u306b\u5165\u308c\u305f\u3044\n\u307e\u308a\u308a\u3093\u306e\u6b4c\u3001\u805e\u304b\u305b\u3066\u307b\u3057\u3044\u3002\n\n[Chorus]\n\u307e\u308a\u308a\u3093\u3001\u307e\u308a\u308a\u3093\u3001\u541b\u306f\u661f\n\u5fc3\u3092\u6e80\u305f\u3059\u3001\u30ad\u30e9\u30ad\u30e9\u8f1d\u304f\u5149\u3002\n\u307e\u308a\u308a\u3093\u3001\u307e\u308a\u308a\u3093\u3001\u3044\u3064\u3082\u4e00\u7dd2\n\u5922\u3092\u97ff\u304b\u305b\u3088\u3046\u3001\u4e16\u754c\u4e2d\u306b\u3002", "style": ["J</span><span>-pop"], "essentia_features": {"lowlevel.average_loudness": 0.8014186024665833, "lowlevel.barkbands_crest.mean": 13.78581428527832, "lowlevel.barkbands_crest.stdev": 5.62872838973999, "lowlevel.barkbands_flatness_db.mean": 0.20798958837985992, "lowlevel.barkbands_flatness_db.stdev": 0.07816203683614731, "lowlevel.barkbands_kurtosis.mean": 11.829100608825684, "lowlevel.barkbands_kurtosis.stdev": 25.396717071533203, "lowlevel.barkbands_skewness.mean": 2.2422163486480713, "lowlevel.barkbands_skewness.stdev": 2.161128282546997, "lowlevel.barkbands_spread.mean": 20.56142234802246, "lowlevel.barkbands_spread.stdev": 17.6256103515625, "lowlevel.dissonance.mean": 0.42936286330223083, "lowlevel.dissonance.stdev": 0.050192613154649734, "lowlevel.dynamic_complexity": 4.850399017333984, "lowlevel.erbbands_crest.mean": 13.712665557861328, "lowlevel.erbbands_crest.stdev": 6.274855136871338, "lowlevel.erbbands_flatness_db.mean": 0.2151278853416443, "lowlevel.erbbands_flatness_db.stdev": 0.07584179937839508, "lowlevel.erbbands_kurtosis.mean": 3.549705982208252, "lowlevel.erbbands_kurtosis.stdev": 7.745156764984131, "lowlevel.erbbands_skewness.mean": 1.1033438444137573, "lowlevel.erbbands_skewness.stdev": 1.310948371887207, "lowlevel.erbbands_spread.mean": 39.69040298461914, "lowlevel.erbbands_spread.stdev": 24.690603256225586, "lowlevel.hfc.mean": 20.347501754760742, "lowlevel.hfc.stdev": 26.22854232788086, "lowlevel.loudness_ebu128.integrated": -18.134449005126953, "lowlevel.loudness_ebu128.loudness_range": 8.147321701049805, "lowlevel.loudness_ebu128.momentary.mean": -20.798931121826172, "lowlevel.loudness_ebu128.momentary.stdev": 6.2351861000061035, "lowlevel.loudness_ebu128.short_term.mean": -19.83634376525879, "lowlevel.loudness_ebu128.short_term.stdev": 3.265385627746582, "lowlevel.melbands_crest.mean": 18.31428337097168, "lowlevel.melbands_crest.stdev": 7.194685459136963, "lowlevel.melbands_flatness_db.mean": 0.24905356764793396, "lowlevel.melbands_flatness_db.stdev": 0.09016536176204681, "lowlevel.melbands_kurtosis.mean": 27.347694396972656, "lowlevel.melbands_kurtosis.stdev": 41.98060989379883, "lowlevel.melbands_skewness.mean": 3.434202194213867, "lowlevel.melbands_skewness.stdev": 2.409299850463867, "lowlevel.melbands_spread.mean": 24.443981170654297, "lowlevel.melbands_spread.stdev": 34.77959060668945, "lowlevel.pitch_salience.mean": 0.49577218294143677, "lowlevel.pitch_salience.stdev": 0.15252064168453217, "lowlevel.silence_rate_20dB.mean": 1.0, "lowlevel.silence_rate_20dB.stdev": 0.0, "lowlevel.silence_rate_30dB.mean": 0.9338346123695374, "lowlevel.silence_rate_30dB.stdev": 0.24857155978679657, "lowlevel.silence_rate_60dB.mean": 0.2187969982624054, "lowlevel.silence_rate_60dB.stdev": 0.4134269058704376, "lowlevel.spectral_centroid.mean": 1408.329345703125, "lowlevel.spectral_centroid.stdev": 1253.5980224609375, "lowlevel.spectral_complexity.mean": 9.58345890045166, "lowlevel.spectral_complexity.stdev": 7.99309778213501, "lowlevel.spectral_decrease.mean": -6.691366571942581e-09, "lowlevel.spectral_decrease.stdev": 1.1771787988834603e-08, "lowlevel.spectral_energy.mean": 0.027100352570414543, "lowlevel.spectral_energy.stdev": 0.04533945396542549, "lowlevel.spectral_energyband_high.mean": 0.0011561288265511394, "lowlevel.spectral_energyband_high.stdev": 0.0022465381771326065, "lowlevel.spectral_energyband_low.mean": 0.011595998890697956, "lowlevel.spectral_energyband_low.stdev": 0.03925367817282677, "lowlevel.spectral_energyband_middle_high.mean": 0.0037209095899015665, "lowlevel.spectral_energyband_middle_high.stdev": 0.007657351437956095, "lowlevel.spectral_energyband_middle_low.mean": 0.011187893338501453, "lowlevel.spectral_energyband_middle_low.stdev": 0.013754024170339108, "lowlevel.spectral_entropy.mean": 7.2219390869140625, "lowlevel.spectral_entropy.stdev": 0.7532963752746582, "lowlevel.spectral_flux.mean": 0.07012197375297546, "lowlevel.spectral_flux.stdev": 0.07326504588127136, "lowlevel.spectral_kurtosis.mean": 4.488834857940674, "lowlevel.spectral_kurtosis.stdev": 5.271430492401123, "lowlevel.spectral_rms.mean": 0.004056149628013372, "lowlevel.spectral_rms.stdev": 0.0031602217350155115, "lowlevel.spectral_rolloff.mean": 2249.99462890625, "lowlevel.spectral_rolloff.stdev": 3297.470458984375, "lowlevel.spectral_skewness.mean": 1.705460548400879, "lowlevel.spectral_skewness.stdev": 0.7373258471488953, "lowlevel.spectral_spread.mean": 6805825.0, "lowlevel.spectral_spread.stdev": 3878159.0, "lowlevel.spectral_strongpeak.mean": 1.392059326171875, "lowlevel.spectral_strongpeak.stdev": 1.7774677276611328, "lowlevel.zerocrossingrate.mean": 0.09159201383590698, "lowlevel.zerocrossingrate.stdev": 0.08876312524080276, "metadata.audio_properties.analysis.equal_loudness": 0.0, "metadata.audio_properties.analysis.length": 30.84798240661621, "metadata.audio_properties.analysis.sample_rate": 44100.0, "metadata.audio_properties.analysis.start_time": 0.0, "metadata.audio_properties.bit_rate": 118881.0, "metadata.audio_properties.length": 30.847999572753906, "metadata.audio_properties.lossless": 0.0, "metadata.audio_properties.number_channels": 1.0, "metadata.audio_properties.replay_gain": -9.343814849853516, "metadata.audio_properties.sample_rate": 48000.0, "rhythm.beats_count": 74.0, "rhythm.beats_loudness.mean": 0.049170318990945816, "rhythm.beats_loudness.stdev": 0.06072045490145683, "rhythm.bpm": 154.93014526367188, "rhythm.bpm_histogram_first_peak_bpm": 157.0, "rhythm.bpm_histogram_first_peak_weight": 0.26315784454345703, "rhythm.bpm_histogram_second_peak_bpm": 152.0, "rhythm.bpm_histogram_second_peak_spread": 0.19999998807907104, "rhythm.bpm_histogram_second_peak_weight": 0.21917808055877686, "rhythm.danceability": 1.1894526481628418, "rhythm.onset_rate": 3.822366237640381, "tonal.chords_changes_rate": 0.09459459781646729, "tonal.chords_number_rate": 0.010510510765016079, "tonal.chords_strength.mean": 0.5266211628913879, "tonal.chords_strength.stdev": 0.08727028965950012, "tonal.hpcp_crest.mean": 20.047285079956055, "tonal.hpcp_crest.stdev": 9.399678230285645, "tonal.hpcp_entropy.mean": 1.2845399379730225, "tonal.hpcp_entropy.stdev": 0.8036531209945679, "tonal.key_edma.strength": 0.7904300689697266, "tonal.key_krumhansl.strength": 0.8081666827201843, "tonal.key_temperley.strength": 0.8278592228889465, "tonal.tuning_diatonic_strength": 0.6206012964248657, "tonal.tuning_equal_tempered_deviation": 0.21574363112449646, "tonal.tuning_frequency": 434.193115234375, "tonal.tuning_nontempered_energy_ratio": 0.9726568460464478, "lowlevel.barkbands.mean": [0.0005819301004521549, 0.008871332742273808, 0.0017580254934728146, 0.000637055083643645, 0.002518323715776205, 0.0037992738652974367, 0.001306846970692277, 0.0015224101953208447, 0.0010211722692474723, 0.001382398302666843, 0.0003746426955331117, 0.0006390740745700896, 0.00010701011342462152, 0.00017376650066580623, 0.0006003289599902928, 0.00010000694601330906, 0.00011414741311455145, 0.00014885020209476352, 0.0002070239861495793, 0.0001947352575371042, 0.00018969572556670755, 9.700493683340028e-05, 4.5537199184764177e-05, 0.0001022887954604812, 0.0005399583606049418, 6.605170347029343e-05, 1.4680003914691042e-06], "lowlevel.barkbands.stdev": [0.0028257914818823338, 0.032953739166259766, 0.008955389261245728, 0.0024633232969790697, 0.007091403007507324, 0.006771454121917486, 0.0025996139738708735, 0.0033935196697711945, 0.0030199282336980104, 0.005515730008482933, 0.001870867796242237, 0.0021951093804091215, 0.0005050001782365143, 0.0006517512956634164, 0.0036360740195959806, 0.0003475547709967941, 0.00028130217106081545, 0.00040257000364363194, 0.0004884853842668235, 0.00034623610554262996, 0.00036010739859193563, 0.000313792988890782, 0.00017345439118798822, 0.00023909173614811152, 0.0015126195503398776, 0.00023065214918460697, 7.554432158940472e-06], "lowlevel.erbbands.mean": [0.35265788435935974, 1.5809054374694824, 2.2900967597961426, 2.1654767990112305, 2.4837594032287598, 9.6123046875, 26.683876037597656, 28.51953125, 21.72467613220215, 18.998247146606445, 38.04136657714844, 22.679962158203125, 35.345863342285156, 39.48176193237305, 21.040813446044922, 22.107467651367188, 6.237043857574463, 8.117639541625977, 36.38870620727539, 10.026317596435547, 6.686826705932617, 5.719947338104248, 7.091331481933594, 11.564772605895996, 8.647140502929688, 9.965888977050781, 9.450921058654785, 5.755395412445068, 4.00234842300415, 1.500746250152588, 1.3336983919143677, 1.2828359603881836, 2.698472261428833, 6.658118724822998, 3.3110036849975586, 0.5675578713417053, 0.06205172836780548, 0.007354984991252422, 0.00025336575345136225, 4.6729222958674654e-05], "lowlevel.erbbands.stdev": [1.4114052057266235, 6.437360763549805, 11.771646499633789, 8.467217445373535, 7.31754207611084, 30.646961212158203, 66.39543914794922, 56.370399475097656, 42.652000427246094, 41.92573928833008, 75.29325103759766, 64.85621643066406, 123.22175598144531, 177.44212341308594, 66.39287567138672, 73.49931335449219, 25.65471839904785, 19.938316345214844, 220.8018798828125, 33.034149169921875, 22.90753173828125, 11.405402183532715, 18.64032554626465, 29.04442596435547, 19.954025268554688, 18.180875778198242, 17.711963653564453, 12.420642852783203, 12.26668643951416, 5.957233428955078, 5.227105617523193, 3.9661953449249268, 5.969367504119873, 17.25421905517578, 10.453983306884766, 2.050488233566284, 0.18201155960559845, 0.021777987480163574, 0.0007928803679533303, 6.779957766411826e-05], "lowlevel.gfcc.mean": [-93.08153533935547, 45.82338333129883, -125.17584228515625, -7.7185516357421875, -90.7552261352539, -8.481517791748047, -56.2861442565918, 20.489486694335938, -43.62413787841797, 18.99200439453125, -13.484777450561523, -5.02357292175293, 9.511895179748535], "lowlevel.melbands.mean": [0.002734943525865674, 0.0014399366918951273, 0.0003694366605486721, 0.0003920883755199611, 0.0008478389936499298, 0.0006523068877868354, 0.0003255889459978789, 0.00022171612363308668, 0.00029203674057498574, 0.0001377164589939639, 0.00017832602316047996, 0.00016727852926123887, 6.549655518028885e-05, 8.080479892669246e-05, 2.281268098158762e-05, 1.0961727639369201e-05, 1.34046376842889e-05, 5.541777136386372e-05, 2.80091080639977e-05, 7.242388619488338e-06, 8.051891200011596e-06, 5.794291155325482e-06, 6.220604063855717e-06, 7.098707101249602e-06, 9.772336852620356e-06, 7.176247891038656e-06, 5.240165592113044e-06, 6.815454526076792e-06, 6.5061608438554686e-06, 4.054264991282253e-06, 3.2610907965135993e-06, 2.6709362828114536e-06, 1.1176919088029535e-06, 6.915140033925127e-07, 7.152464149839943e-07, 8.450220434497169e-07, 7.076966994645773e-07, 1.3469303894453333e-06, 3.4850572774303146e-06, 6.47753176963306e-06], "lowlevel.melbands.stdev": [0.010266076773405075, 0.006356776226311922, 0.0013507300755009055, 0.0011976552195847034, 0.0020530952606350183, 0.0012361034750938416, 0.000628494773991406, 0.0005021683173254132, 0.0005631654639728367, 0.00040586988325230777, 0.0006277968641370535, 0.0007883948856033385, 0.0002661217877175659, 0.0002798337663989514, 9.634141315473244e-05, 4.130399611312896e-05, 3.7725276342825964e-05, 0.00032535084756091237, 0.00014785629173275083, 2.1140445824130438e-05, 2.8305312298471108e-05, 1.3637738447869197e-05, 1.7595250028534792e-05, 1.9100747522315942e-05, 2.5673723939689808e-05, 1.956649066414684e-05, 1.0486339306226e-05, 1.270624215976568e-05, 1.3281676729093306e-05, 8.602109119237866e-06, 8.214036824938376e-06, 8.088792128546629e-06, 4.760724550578743e-06, 2.8581914648384554e-06, 2.969299885080545e-06, 3.1147603749559494e-06, 2.1939749785815366e-06, 3.208013140465482e-06, 8.525807970727328e-06, 1.7345850210404024e-05], "lowlevel.melbands128.mean": [0.0005628737853839993, 0.00310110067948699, 0.003530359361320734, 0.0023106341250240803, 0.001366963842883706, 0.0007608445012010634, 0.00045332859735935926, 0.00026925542624667287, 0.00019659333338495344, 0.00032154613290913403, 0.0005552461952902377, 0.0007302360609173775, 0.0010212772758677602, 0.0008910831529647112, 0.0006260692025534809, 0.000613957759924233, 0.0003451558295637369, 0.00031743207364343107, 0.00021224591182544827, 0.00020240047888364643, 0.00017643667524680495, 0.0004107051354367286, 0.00033308129059150815, 0.00014341200585477054, 0.0001405844814144075, 9.179352491628379e-05, 0.00023390032583847642, 0.0001766605710145086, 0.00011846626148326322, 0.00027857840177603066, 0.00012923622853122652, 6.349739123834297e-05, 8.172271918738261e-05, 2.483108801243361e-05, 0.00011727014498319477, 8.829137368593365e-05, 5.213563781580888e-05, 8.708297173143364e-06, 1.7377988115185872e-05, 1.1087598068115767e-05, 5.378036803449504e-06, 1.731117481540423e-05, 1.1609826287894975e-05, 1.066089953383198e-05, 2.11317565117497e-05, 6.826732715126127e-05, 0.00010560321970842779, 9.288270121032838e-06, 9.412841791345272e-06, 1.0468216714798473e-05, 5.366424375097267e-06, 5.259003046376165e-06, 9.166022209683433e-06, 8.837755558488425e-06, 8.0297832028009e-06, 3.966518761444604e-06, 5.1386850827839226e-06, 6.820272574259434e-06, 7.3090909609163646e-06, 4.309514679334825e-06, 6.8313765950733796e-06, 8.346252798219211e-06, 1.0775100236060098e-05, 1.0111396477441303e-05, 8.858427463565022e-06, 6.8530616772477515e-06, 6.818492693128064e-06, 4.33702916780021e-06, 4.260327841620892e-06, 7.42430620448431e-06, 7.4144872996839695e-06, 6.049809144315077e-06, 6.493691671494162e-06, 7.505873327318113e-06, 5.019160198571626e-06, 5.058778697275557e-06, 2.9826294394297292e-06, 2.4914388632168993e-06, 3.78644949705631e-06, 3.3938310934900073e-06, 3.174559424223844e-06, 2.3340180632658303e-06, 1.4136052186586312e-06, 1.0285070857207756e-06, 8.396477824135218e-07, 7.110375008778647e-07, 6.552450031449553e-07, 5.976133365948044e-07, 7.217508937173989e-07, 7.786816240695771e-07, 8.446393735539459e-07, 9.411596693098545e-07, 7.396652108582202e-07, 5.966175535832008e-07, 7.254795946209924e-07, 9.57310930971289e-07, 1.45160561260127e-06, 1.876268356681976e-06, 2.732055236265296e-06, 4.3327149796823505e-06, 6.724572813254781e-06, 5.9623507695505396e-06, 7.777527571306564e-06, 6.728208973072469e-06, 3.4863028304243926e-06, 1.4579945855075493e-06, 1.4272262660597335e-06, 1.5241624851114466e-06, 8.925144925342465e-07, 4.18263226720228e-07, 2.2234016228139808e-07, 1.6329964580563683e-07, 1.5863321323195123e-07, 1.2397272541875282e-07, 9.654324628627364e-08, 6.163715227103239e-08, 4.246866325274823e-08, 2.0608380779663094e-08, 3.13574943788808e-09, 2.5930316921440877e-11, 1.5512157530706006e-11, 6.196813027992132e-12, 3.886752465015464e-12, 3.802731133456527e-12, 3.68773848263837e-12, 3.542038407369774e-12, 3.4568869034662386e-12, 3.4283290182429704e-12], "lowlevel.melbands128.stdev": [0.0027594598941504955, 0.013372460380196571, 0.013391286134719849, 0.01095035020262003, 0.007720675319433212, 0.00369423464871943, 0.0018852445064112544, 0.0010236036032438278, 0.0007095846231095493, 0.001173278084024787, 0.002194830449298024, 0.002404365688562393, 0.0031231988687068224, 0.0021461420692503452, 0.0014862557873129845, 0.0018104652408510447, 0.0009605222148820758, 0.0008344296365976334, 0.0005596400005742908, 0.0006687822751700878, 0.0007534715696237981, 0.0010716535616666079, 0.0007604798302054405, 0.0005949052865616977, 0.0007130822050385177, 0.00035038491478189826, 0.0009612242574803531, 0.0009449188364669681, 0.0006964238709770143, 0.0015889114001765847, 0.0007158644148148596, 0.0003337298985570669, 0.0004797601723112166, 0.00010645887959981337, 0.0005514551303349435, 0.0003547193482518196, 0.00028757532709278166, 6.556016160175204e-05, 0.00012221360520925373, 7.338738214457408e-05, 3.378117617103271e-05, 6.85523118590936e-05, 3.9355985791189596e-05, 4.446498132892884e-05, 0.00014570492203347385, 0.0004447356332093477, 0.0007481924258172512, 4.4897613406647e-05, 4.544275361695327e-05, 4.702216028817929e-05, 1.829095526773017e-05, 2.8277419914957136e-05, 5.467342634801753e-05, 3.0930583307053894e-05, 3.427296906011179e-05, 1.1576431461435277e-05, 1.684579001448583e-05, 1.995364436879754e-05, 3.576544622774236e-05, 1.8497903511160985e-05, 2.4194152501877397e-05, 2.881560976675246e-05, 3.8807404052931815e-05, 2.8413804102456197e-05, 3.818717959802598e-05, 2.9079099476803094e-05, 2.0623570890165865e-05, 1.4007323443365749e-05, 1.0177561307500582e-05, 1.877535760286264e-05, 1.725368929328397e-05, 1.370711197523633e-05, 1.4890417332935613e-05, 2.0258135918993503e-05, 1.2079184671165422e-05, 1.4453699805017095e-05, 7.263384304678766e-06, 6.020704859110992e-06, 1.1096195521531627e-05, 1.0708527952374425e-05, 1.0407686204416677e-05, 7.64938067732146e-06, 6.583638878510101e-06, 4.84374504594598e-06, 4.0478207665728405e-06, 3.285091452198685e-06, 2.9581149192381417e-06, 2.3757334020046983e-06, 3.2590598948445404e-06, 3.53155746779521e-06, 3.5629614103527274e-06, 3.3559058465471026e-06, 2.83317535831884e-06, 2.3624070308869705e-06, 2.15504337575112e-06, 2.5129486402875045e-06, 3.732758841579198e-06, 5.7773254411586095e-06, 6.9026914388814475e-06, 1.264981892745709e-05, 1.6869969840627164e-05, 1.634046384424437e-05, 2.5739585908013396e-05, 2.110605055349879e-05, 1.3624124221678358e-05, 6.313158792181639e-06, 5.619378043775214e-06, 6.622223736485466e-06, 3.42140060638485e-06, 1.7269700265387655e-06, 8.59013141507603e-07, 5.733943453378743e-07, 5.829184033245838e-07, 4.2915522158182284e-07, 3.185780030889873e-07, 1.9795901096131274e-07, 1.8731402917637752e-07, 1.5890972804299963e-07, 3.549156346593918e-08, 4.3270176330878485e-10, 3.3383990016844223e-10, 8.12820644124912e-11, 8.610169868750184e-12, 8.456375356902246e-12, 8.329944373164366e-12, 8.224583340765701e-12, 8.150004976448244e-12, 8.104125877317347e-12], "lowlevel.mfcc.mean": [-740.2705688476562, 96.56800079345703, -5.1088972091674805, -2.88572096824646, -17.034761428833008, -37.39734649658203, 4.370039939880371, -36.55554962158203, 7.741708755493164, -16.03873634338379, -2.142277717590332, -3.887132406234741, 1.8770582675933838], "lowlevel.spectral_contrast_coeffs.mean": [-0.631955623626709, -0.6682453155517578, -0.7145528197288513, -0.7856725454330444, -0.7787292003631592, -0.7137225270271301], "lowlevel.spectral_contrast_coeffs.stdev": [0.14550022780895233, 0.10684914141893387, 0.10283403098583221, 0.07175144553184509, 0.06599082797765732, 0.08322196453809738], "lowlevel.spectral_contrast_valleys.mean": [-9.173369407653809, -7.827805519104004, -8.638193130493164, -9.005135536193848, -8.617559432983398, -11.537201881408691], "lowlevel.spectral_contrast_valleys.stdev": [2.720094919204712, 2.1603546142578125, 2.027649402618408, 2.0012195110321045, 2.098172426223755, 2.041429281234741], "rhythm.beats_loudness_band_ratio.mean": [0.2323002964258194, 0.3084394037723541, 0.22320809960365295, 0.1181866005063057, 0.04736437276005745, 0.10149966180324554], "rhythm.beats_loudness_band_ratio.stdev": [0.345897376537323, 0.2892710864543915, 0.1928330808877945, 0.19313305616378784, 0.07310358434915543, 0.1747087687253952], "tonal.hpcp.mean": [0.17879542708396912, 0.2236279547214508, 0.08458814769983292, 0.03076077625155449, 0.03734240680932999, 0.042306799441576004, 0.14056363701820374, 0.16938981413841248, 0.07094766199588776, 0.03425773233175278, 0.030471941456198692, 0.029926445335149765, 0.07133309543132782, 0.08584529161453247, 0.08019760251045227, 0.2697441279888153, 0.3091491460800171, 0.10107038915157318, 0.023825349286198616, 0.020472567528486252, 0.031279854476451874, 0.11644162982702255, 0.1293075978755951, 0.04436274990439415, 0.023440320044755936, 0.025638960301876068, 0.029673133045434952, 0.11686314642429352, 0.14469371736049652, 0.08590301871299744, 0.12040527164936066, 0.11930395662784576, 0.07016785442829132, 0.058652326464653015, 0.05125165358185768, 0.05286606773734093], "tonal.hpcp.stdev": [0.27009308338165283, 0.33654987812042236, 0.16553114354610443, 0.121564120054245, 0.1517581045627594, 0.15025845170021057, 0.2658859193325043, 0.3144594728946686, 0.15938395261764526, 0.14229518175125122, 0.12732869386672974, 0.11177889257669449, 0.20137394964694977, 0.2276095598936081, 0.18954278528690338, 0.3467409312725067, 0.3801085352897644, 0.19209381937980652, 0.10779448598623276, 0.10882604867219925, 0.112022764980793, 0.25145065784454346, 0.2689001262187958, 0.12925229966640472, 0.11246486753225327, 0.11815164238214493, 0.12185875326395035, 0.24603328108787537, 0.2873120903968811, 0.1969972401857376, 0.25035643577575684, 0.24265047907829285, 0.18691863119602203, 0.17462219297885895, 0.16362100839614868, 0.15367555618286133], "rhythm.beats_position": [0.4992290139198303, 1.0216779708862305, 1.5557368993759155, 2.0665760040283203, 2.5774149894714355, 3.088253974914551, 3.599092960357666, 4.121541976928711, 4.643990993499756, 5.166440010070801, 5.6888885498046875, 6.188117980957031, 6.6989569664001465, 7.198185920715332, 7.616145133972168, 8.034104347229004, 8.44045352935791, 8.846802711486816, 9.241541862487793, 9.63628101348877, 10.019410133361816, 10.414149284362793, 10.8204984664917, 11.203627586364746, 11.586756706237793, 11.958276748657227, 12.329795837402344, 12.701314926147461, 13.096054077148438, 13.490793228149414, 13.873922348022461, 14.268661499023438, 14.663400650024414, 15.046530723571777, 15.418049812316895, 15.801178932189941, 16.184309005737305, 16.57904815673828, 16.962177276611328, 17.345306396484375, 17.728435516357422, 18.11156463623047, 18.494693756103516, 18.877822875976562, 19.26095199584961, 19.667301177978516, 20.038820266723633, 20.43355941772461, 20.805078506469727, 21.199817657470703, 21.57133674621582, 21.966075897216797, 22.349205017089844, 22.732336044311523, 23.11546516418457, 23.498594284057617, 23.893333435058594, 24.27646255493164, 24.659591674804688, 25.042720794677734, 25.42584991455078, 25.820589065551758, 26.192108154296875, 26.58684730529785, 26.9699764251709, 27.353105545043945, 27.724624633789062, 28.11936378479004, 28.49088478088379, 28.885623931884766, 29.268753051757812, 29.65188217163086, 30.035011291503906, 30.418140411376953], "rhythm.bpm_histogram": [0.0, 0.0, 0.0, 0.0, 0.0, 0.0, 0.0, 0.0, 0.0, 0.0, 0.0, 0.0, 0.0, 0.0, 0.0, 0.0, 0.0, 0.0, 0.0, 0.0, 0.0, 0.0, 0.0, 0.0, 0.0, 0.0, 0.0, 0.0, 0.0, 0.0, 0.0, 0.0, 0.0, 0.0, 0.0, 0.0, 0.0, 0.0, 0.0, 0.0, 0.0, 0.0, 0.0, 0.0, 0.0, 0.0, 0.0, 0.0, 0.0, 0.0, 0.0, 0.0, 0.0, 0.0, 0.0, 0.0, 0.0, 0.0, 0.0, 0.0, 0.0, 0.0, 0.0, 0.0, 0.0, 0.0, 0.0, 0.0, 0.0, 0.0, 0.0, 0.0, 0.0, 0.0, 0.0, 0.0, 0.0, 0.0, 0.0, 0.0, 0.0, 0.0, 0.0, 0.0, 0.0, 0.0, 0.0, 0.0, 0.0, 0.0, 0.0, 0.0, 0.0, 0.0, 0.0, 0.0, 0.0, 0.0, 0.0, 0.0, 0.0, 0.0, 0.0, 0.0, 0.0, 0.0, 0.0, 0.0, 0.0, 0.0, 0.0, 0.0, 0.013698630034923553, 0.0, 0.0, 0.06849315017461777, 0.0, 0.06849315017461777, 0.0, 0.0, 0.027397260069847107, 0.0, 0.0, 0.0, 0.0, 0.0, 0.0, 0.0, 0.0, 0.0, 0.0, 0.0, 0.0, 0.0, 0.0, 0.0, 0.0, 0.0, 0.0, 0.0, 0.0, 0.0, 0.0, 0.0, 0.027397260069847107, 0.0, 0.0, 0.0, 0.054794520139694214, 0.0, 0.0, 0.0, 0.21917808055877686, 0.0, 0.0, 0.0, 0.0, 0.3835616409778595, 0.0, 0.0, 0.0, 0.13698630034923553, 0.0, 0.0, 0.0, 0.0, 0.0, 0.0, 0.0, 0.0, 0.0, 0.0, 0.0, 0.0, 0.0, 0.0, 0.0, 0.0, 0.0, 0.0, 0.0, 0.0, 0.0, 0.0, 0.0, 0.0, 0.0, 0.0, 0.0, 0.0, 0.0, 0.0, 0.0, 0.0, 0.0, 0.0, 0.0, 0.0, 0.0, 0.0, 0.0, 0.0, 0.0, 0.0, 0.0, 0.0, 0.0, 0.0, 0.0, 0.0, 0.0, 0.0, 0.0, 0.0, 0.0, 0.0, 0.0, 0.0, 0.0, 0.0, 0.0, 0.0, 0.0, 0.0, 0.0, 0.0, 0.0, 0.0, 0.0, 0.0, 0.0, 0.0, 0.0, 0.0, 0.0, 0.0, 0.0, 0.0, 0.0, 0.0, 0.0, 0.0, 0.0, 0.0, 0.0, 0.0, 0.0, 0.0, 0.0, 0.0], "tonal.chords_histogram": [34.834835052490234, 0.45045045018196106, 2.8528528213500977, 0.0, 1.5015015602111816, 0.3003003001213074, 1.3513513803482056, 0.0, 0.0, 0.0, 0.0, 0.0, 0.0, 0.0, 0.0, 7.50750732421875, 0.0, 0.45045045018196106, 0.0, 0.0, 0.0, 0.7507507801055908, 22.072072982788086, 27.927927017211914], "tonal.thpcp": [1.0, 0.32693085074424744, 0.07706749439239502, 0.06622230261564255, 0.10118046402931213, 0.37665194272994995, 0.4182693064212799, 0.14349950850009918, 0.07582204043865204, 0.0829339548945427, 0.09598322957754135, 0.3780154287815094, 0.46803855895996094, 0.27786916494369507, 0.3894730806350708, 0.38591068983078003, 0.2269708812236786, 0.18972177803516388, 0.16578294336795807, 0.17100505530834198, 0.578346848487854, 0.7233659029006958, 0.2736159861087799, 0.09950140863656998, 0.12079091370105743, 0.13684915006160736, 0.45467904210090637, 0.5479226112365723, 0.22949331998825073, 0.1108129620552063, 0.09856712073087692, 0.09680261462926865, 0.23074007034301758, 0.27768245339393616, 0.2594139575958252, 0.8725371956825256], "lowlevel.gfcc.cov": [[27566.431640625, 1780.0306396484375, 966.7440795898438, 1802.314697265625, 15.38996696472168, 589.2355346679688, -44.5704345703125, 708.6978759765625, -778.1049194335938, 412.727294921875, -415.4631652832031, -134.7146453857422, -210.40248107910156], [1780.0306396484375, 3146.819091796875, 826.404052734375, 414.91583251953125, 857.6190795898438, 142.10679626464844, 185.84329223632812, -88.08283233642578, -35.91371154785156, -284.8798522949219, 4.0083327293396, -183.7205810546875, 87.25621795654297], [966.7440795898438, 826.404052734375, 1849.8671875, 966.6185302734375, 593.8302612304688, 361.8870544433594, 89.04097747802734, -32.076961517333984, -34.42573547363281, -166.9735870361328, -141.70819091796875, 60.91810607910156, -161.18370056152344], [1802.314697265625, 414.91583251953125, 966.6185302734375, 1280.4833984375, 485.4831237792969, 190.50074768066406, 136.65383911132812, 103.0941390991211, -5.267899036407471, -144.5612030029297, -156.34727478027344, 74.31532287597656, -147.34910583496094], [15.38996696472168, 857.6190795898438, 593.8302612304688, 485.4831237792969, 801.9821166992188, 384.97833251953125, 243.98040771484375, 50.99826431274414, 191.22451782226562, -78.31255340576172, -47.71244812011719, -46.258934020996094, -94.59119415283203], [589.2355346679688, 142.10679626464844, 361.8870544433594, 190.50074768066406, 384.97833251953125, 743.3250122070312, 261.1722106933594, -63.116451263427734, 218.44088745117188, 76.12679290771484, -71.13716888427734, -95.83995056152344, -101.93517303466797], [-44.5704345703125, 185.84329223632812, 89.04097747802734, 136.65383911132812, 243.98040771484375, 261.1722106933594, 396.68731689453125, 116.51873779296875, 116.31002044677734, 39.35147476196289, 59.6827507019043, -2.5388474464416504, -24.156089782714844], [708.6978759765625, -88.08283233642578, -32.076961517333984, 103.0941390991211, 50.99826431274414, -63.116451263427734, 116.51873779296875, 338.9447326660156, 53.65401077270508, 37.654693603515625, 110.32137298583984, 70.10144805908203, 6.8518853187561035], [-778.1049194335938, -35.91371154785156, -34.42573547363281, -5.267899036407471, 191.22451782226562, 218.44088745117188, 116.31002044677734, 53.65401077270508, 348.58514404296875, 48.96565246582031, 39.293453216552734, 6.450508117675781, -85.44574737548828], [412.727294921875, -284.8798522949219, -166.9735870361328, -144.5612030029297, -78.31255340576172, 76.12679290771484, 39.35147476196289, 37.654693603515625, 48.96565246582031, 222.2294921875, 37.61577224731445, -25.340919494628906, 29.81122398376465], [-415.4631652832031, 4.0083327293396, -141.70819091796875, -156.34727478027344, -47.71244812011719, -71.13716888427734, 59.6827507019043, 110.32137298583984, 39.293453216552734, 37.61577224731445, 243.5211639404297, 53.43457794189453, 53.858882904052734], [-134.7146453857422, -183.7205810546875, 60.91810607910156, 74.31532287597656, -46.258934020996094, -95.83995056152344, -2.5388474464416504, 70.10144805908203, 6.450508117675781, -25.340919494628906, 53.43457794189453, 178.3127899169922, 19.759521484375], [-210.40248107910156, 87.25621795654297, -161.18370056152344, -147.34910583496094, -94.59119415283203, -101.93517303466797, -24.156089782714844, 6.8518853187561035, -85.44574737548828, 29.81122398376465, 53.858882904052734, 19.759521484375, 244.01585388183594]], "lowlevel.gfcc.icov": [[8.845081174513325e-05, -0.00016865208453964442, 9.438696724828333e-05, -0.00015373741916846484, 0.00021598744206130505, -0.00030114545370452106, 0.00022232478659134358, -0.00037494179559871554, 0.00033279217313975096, -0.0003583171346690506, 0.00016669197066221386, -0.00016919166955631226, 0.00023376508033834398], [-0.00016865208453964442, 0.0010196245275437832, -0.00039795556222088635, 0.0003700492961797863, -0.0011596012627705932, 0.0009292328031733632, -0.0006294565973803401, 0.0009670569561421871, -0.0005627541686408222, 0.0013007662491872907, -0.0006985908257775009, 0.001239972421899438, -0.0010024233488366008], [9.438696724828333e-05, -0.00039795556222088635, 0.0013393735280260444, -0.0007774578407406807, -8.25808456283994e-05, -0.0009587925742380321, 0.0007015838054940104, -0.00027036157553084195, 0.0010003289207816124, -0.0004244093142915517, 7.956598710734397e-05, -0.0010969660943374038, 0.0007568398141302168], [-0.00015373741916846484, 0.0003700492961797863, -0.0007774578407406807, 0.002012401819229126, -0.0009781939443200827, 0.0006436614785343409, -0.0006704163388349116, -9.955518180504441e-06, -0.00021461170399561524, 0.0009447874035686255, 0.0007008152897469699, -0.00028252718038856983, -6.2014143622946e-05], [0.00021598744206130505, -0.0011596012627705932, -8.25808456283994e-05, -0.0009781939443200827, 0.004239562898874283, -0.0015834952937439084, -6.954180571483448e-05, -0.001486002467572689, -0.0006232648156583309, -0.00038296153070405126, 0.0008141748257912695, -0.00010942191875074059, 0.0006301489192992449], [-0.00030114545370452106, 0.0009292328031733632, -0.0009587925742380321, 0.0006436614785343409, -0.0015834952937439084, 0.004408843815326691, -0.0024880117271095514, 0.0024846522137522697, -0.002407593186944723, 0.0003023579774890095, -0.0001002352437353693, 0.0020006189588457346, -0.0009446126641705632], [0.00022232478659134358, -0.0006294565973803401, 0.0007015838054940104, -0.0006704163388349116, -6.954180571483448e-05, -0.0024880117271095514, 0.005169071722775698, -0.002269996562972665, 0.0011407668935135007, -0.0011944882571697235, -0.0005635634297505021, -0.0009533432894386351, 0.0007315017282962799], [-0.00037494179559871554, 0.0009670569561421871, -0.00027036157553084195, -9.955518180504441e-06, -0.001486002467572689, 0.0024846522137522697, -0.002269996562972665, 0.0063931941986083984, -0.0018034090753644705, 0.0006199459894560277, -0.0023481182288378477, 0.00018163406639359891, -0.0009996938752010465], [0.00033279217313975096, -0.0005627541686408222, 0.0010003289207816124, -0.00021461170399561524, -0.0006232648156583309, -0.002407593186944723, 0.0011407668935135007, -0.0018034090753644705, 0.006363279651850462, -0.001989037962630391, -0.00010425679647596553, -0.002080748789012432, 0.002598265651613474], [-0.0003583171346690506, 0.0013007662491872907, -0.0004244093142915517, 0.0009447874035686255, -0.00038296153070405126, 0.0003023579774890095, -0.0011944882571697235, 0.0006199459894560277, -0.001989037962630391, 0.00823360588401556, -0.0012426566099748015, 0.002489333739504218, -0.0022714079823344946], [0.00016669197066221386, -0.0006985908257775009, 7.956598710734397e-05, 0.0007008152897469699, 0.0008141748257912695, -0.0001002352437353693, -0.0005635634297505021, -0.0023481182288378477, -0.00010425679647596553, -0.0012426566099748015, 0.006914716679602861, -0.002075660740956664, -8.965880260802805e-05], [-0.00016919166955631226, 0.001239972421899438, -0.0010969660943374038, -0.00028252718038856983, -0.00010942191875074059, 0.0020006189588457346, -0.0009533432894386351, 0.00018163406639359891, -0.002080748789012432, 0.002489333739504218, -0.002075660740956664, 0.009499900974333286, -0.0021344895940274], [0.00023376508033834398, -0.0010024233488366008, 0.0007568398141302168, -6.2014143622946e-05, 0.0006301489192992449, -0.0009446126641705632, 0.0007315017282962799, -0.0009996938752010465, 0.002598265651613474, -0.0022714079823344946, -8.965880260802805e-05, -0.0021344895940274, 0.006450694985687733]], "lowlevel.mfcc.cov": [[15827.994140625, 1145.421142578125, 1461.9339599609375, 1809.71337890625, 755.3831176757812, 653.169189453125, 936.7701416015625, 330.1016845703125, 505.33648681640625, 71.3936767578125, 430.4765930175781, -45.8411750793457, 76.40923309326172], [1145.421142578125, 2877.38720703125, 210.5706329345703, 318.927978515625, 507.49224853515625, 218.4049530029297, 309.2405090332031, 9.971190452575684, 122.87979888916016, -162.53977966308594, 72.74281311035156, -202.57057189941406, -121.97073364257812], [1461.9339599609375, 210.5706329345703, 1173.5469970703125, 457.57025146484375, 395.8023986816406, 474.53948974609375, 84.32537078857422, 281.8162536621094, -25.047060012817383, 18.929956436157227, 56.6759147644043, -86.96279907226562, -25.627531051635742], [1809.71337890625, 318.927978515625, 457.57025146484375, 1105.0167236328125, 322.0547790527344, 46.90266418457031, 149.11314392089844, 287.2906494140625, 38.16478729248047, -166.82977294921875, 172.5499725341797, -140.26353454589844, -89.04566192626953], [755.3831176757812, 507.49224853515625, 395.8023986816406, 322.0547790527344, 611.8659057617188, 345.7825622558594, 91.65536499023438, 269.4339599609375, 88.31700134277344, 82.6960220336914, 68.28746032714844, 29.290849685668945, -24.698516845703125], [653.169189453125, 218.4049530029297, 474.53948974609375, 46.90266418457031, 345.7825622558594, 931.4993286132812, 65.09654235839844, 286.0885925292969, 134.6977996826172, 261.94342041015625, 57.91381072998047, -98.46192169189453, 109.88899993896484], [936.7701416015625, 309.2405090332031, 84.32537078857422, 149.11314392089844, 91.65536499023438, 65.09654235839844, 412.7235107421875, 30.62161636352539, 90.73017883300781, 62.149837493896484, 23.18834114074707, 2.787463665008545, -5.494208812713623], [330.1016845703125, 9.971190452575684, 281.8162536621094, 287.2906494140625, 269.4339599609375, 286.0885925292969, 30.62161636352539, 554.6136474609375, 26.411314010620117, 160.74008178710938, 87.28810119628906, 61.8467903137207, 97.17693328857422], [505.33648681640625, 122.87979888916016, -25.047060012817383, 38.16478729248047, 88.31700134277344, 134.6977996826172, 90.73017883300781, 26.411314010620117, 243.06005859375, 82.37114715576172, 35.67620849609375, 8.186406135559082, 53.405426025390625], [71.3936767578125, -162.53977966308594, 18.929956436157227, -166.82977294921875, 82.6960220336914, 261.94342041015625, 62.149837493896484, 160.74008178710938, 82.37114715576172, 360.825927734375, 18.313034057617188, 156.45762634277344, 109.23246002197266], [430.4765930175781, 72.74281311035156, 56.6759147644043, 172.5499725341797, 68.28746032714844, 57.91381072998047, 23.18834114074707, 87.28810119628906, 35.67620849609375, 18.313034057617188, 194.50282287597656, 45.10385513305664, 61.92257308959961], [-45.8411750793457, -202.57057189941406, -86.96279907226562, -140.26353454589844, 29.290849685668945, -98.46192169189453, 2.787463665008545, 61.8467903137207, 8.186406135559082, 156.45762634277344, 45.10385513305664, 340.179443359375, 91.06610107421875], [76.40923309326172, -121.97073364257812, -25.627531051635742, -89.04566192626953, -24.698516845703125, 109.88899993896484, -5.494208812713623, 97.17693328857422, 53.405426025390625, 109.23246002197266, 61.92257308959961, 91.06610107421875, 223.0256805419922]], "lowlevel.mfcc.icov": [[9.858093835646287e-05, -1.063793297362281e-05, -8.750122651690617e-05, -0.00014998382539488375, 3.366731834830716e-05, -2.271902485517785e-05, -0.00012349938333500177, 0.00010324903269065544, -0.00011950398766202852, -2.7335845516063273e-05, -3.1693856726633385e-05, -6.765583384549245e-05, -6.420727731892839e-05], [-1.063793297362281e-05, 0.0005108873592689633, 8.785523095866665e-05, 0.00015252582670655102, -0.0005439172964543104, -1.1908596206922084e-05, -0.0003477376012597233, 6.005823888699524e-05, -2.7506255719345063e-05, 0.0003446744231041521, -0.0002284874935867265, 0.00028226416907273233, 5.089306432637386e-05], [-8.750122651690617e-05, 8.785523095866665e-05, 0.0015960615128278732, -0.0003415478568058461, -0.0004882500215899199, -0.0008052972843870521, -8.174532558768988e-05, -0.00013222252891864628, 0.0008261798648163676, 0.0004083122476004064, 0.00028784418827854097, -0.00013100294745527208, 9.912753012031317e-05], [-0.00014998382539488375, 0.00015252582670655102, -0.0003415478568058461, 0.0024122544564306736, -0.0006628936971537769, 0.0006534209242090583, -0.000423162680817768, -0.0012586744269356132, -0.00032619695411995053, 0.0010192677145823836, -0.0016427581431344151, 0.0009906269842758775, 0.0008318296167999506], [3.366731834830716e-05, -0.0005439172964543104, -0.0004882500215899199, -0.0006628936971537769, 0.003913301043212414, -0.0011210221564397216, 0.00022616797650698572, -0.0008891941397450864, -0.0009194950689561665, 0.00024318484065588564, 0.00026755803264677525, -0.0017424346879124641, 0.0014872223837301135], [-2.271902485517785e-05, -1.1908596206922084e-05, -0.0008052972843870521, 0.0006534209242090583, -0.0011210221564397216, 0.0030449647456407547, 0.0002208952937508002, -0.00031620636582374573, -0.0005204783519729972, -0.0021119292359799147, -0.000648068729788065, 0.0024131943937391043, -0.0009580362238921225], [-0.00012349938333500177, -0.0003477376012597233, -8.174532558768988e-05, -0.000423162680817768, 0.00022616797650698572, 0.0002208952937508002, 0.003339181886985898, 0.0002005632413784042, -0.0006988357054069638, -0.0011175278341397643, 0.00033811197499744594, -8.468806299788412e-06, 0.00020913030311930925], [0.00010324903269065544, 6.005823888699524e-05, -0.00013222252891864628, -0.0012586744269356132, -0.0008891941397450864, -0.00031620636582374573, 0.0002005632413784042, 0.003694460028782487, 0.0007789942901581526, -0.0014813946327194571, 0.00013876183948013932, -0.00014330344856716692, -0.001508745364844799], [-0.00011950398766202852, -2.7506255719345063e-05, 0.0008261798648163676, -0.00032619695411995053, -0.0009194950689561665, -0.0005204783519729972, -0.0006988357054069638, 0.0007789942901581526, 0.005946271121501923, -0.0010009766556322575, -0.00016538013005629182, 0.0005280068726278841, -0.001314732595346868], [-2.7335845516063273e-05, 0.0003446744231041521, 0.0004083122476004064, 0.0010192677145823836, 0.00024318484065588564, -0.0021119292359799147, -0.0011175278341397643, -0.0014813946327194571, -0.0010009766556322575, 0.007166124414652586, 0.00039660074980929494, -0.003000696888193488, 0.00018223587539978325], [-3.1693856726633385e-05, -0.0002284874935867265, 0.00028784418827854097, -0.0016427581431344151, 0.00026755803264677525, -0.000648068729788065, 0.00033811197499744594, 0.00013876183948013932, -0.00016538013005629182, 0.00039660074980929494, 0.00769529165700078, -0.0016282441793009639, -0.002066477667540312], [-6.765583384549245e-05, 0.00028226416907273233, -0.00013100294745527208, 0.0009906269842758775, -0.0017424346879124641, 0.0024131943937391043, -8.468806299788412e-06, -0.00014330344856716692, 0.0005280068726278841, -0.003000696888193488, -0.0016282441793009639, 0.00634875288233161, -0.0015587648376822472], [-6.420727731892839e-05, 5.089306432637386e-05, 9.912753012031317e-05, 0.0008318296167999506, 0.0014872223837301135, -0.0009580362238921225, 0.00020913030311930925, -0.001508745364844799, -0.001314732595346868, 0.0001822