{"song_id": "1182254072779264000", "download": "https://cdn.discordapp.com/attachments/1135911532732108921/1182254072779264000/chirp.mp4?ex=658406e8&amp", "lyrics": "Get down and get silly,\nWith Babs, Nick and Lilly,\nGet down,\nGet Silly,\nWith Babs, Nick and Lilly", "style": ["reggae"], "essentia_features": {"lowlevel.average_loudness": 0.9880112409591675, "lowlevel.barkbands_crest.mean": 8.932817459106445, "lowlevel.barkbands_crest.stdev": 4.695649147033691, "lowlevel.barkbands_flatness_db.mean": 0.08846534788608551, "lowlevel.barkbands_flatness_db.stdev": 0.04266386479139328, "lowlevel.barkbands_kurtosis.mean": 1.3671115636825562, "lowlevel.barkbands_kurtosis.stdev": 5.1604413986206055, "lowlevel.barkbands_skewness.mean": 1.0991498231887817, "lowlevel.barkbands_skewness.stdev": 1.003507375717163, "lowlevel.barkbands_spread.mean": 34.77201843261719, "lowlevel.barkbands_spread.stdev": 14.332829475402832, "lowlevel.dissonance.mean": 0.47575366497039795, "lowlevel.dissonance.stdev": 0.025556880980730057, "lowlevel.dynamic_complexity": 1.985811471939087, "lowlevel.erbbands_crest.mean": 8.071884155273438, "lowlevel.erbbands_crest.stdev": 3.846289873123169, "lowlevel.erbbands_flatness_db.mean": 0.12917961180210114, "lowlevel.erbbands_flatness_db.stdev": 0.031689051538705826, "lowlevel.erbbands_kurtosis.mean": 0.0979558676481247, "lowlevel.erbbands_kurtosis.stdev": 0.9773980379104614, "lowlevel.erbbands_skewness.mean": -0.09271717816591263, "lowlevel.erbbands_skewness.stdev": 0.4510185122489929, "lowlevel.erbbands_spread.mean": 43.06800842285156, "lowlevel.erbbands_spread.stdev": 17.775089263916016, "lowlevel.hfc.mean": 26.31148338317871, "lowlevel.hfc.stdev": 19.087718963623047, "lowlevel.loudness_ebu128.integrated": -12.13519287109375, "lowlevel.loudness_ebu128.loudness_range": 0.8219661712646484, "lowlevel.loudness_ebu128.momentary.mean": -12.261960983276367, "lowlevel.loudness_ebu128.momentary.stdev": 1.0963951349258423, "lowlevel.loudness_ebu128.short_term.mean": -12.142585754394531, "lowlevel.loudness_ebu128.short_term.stdev": 0.2847946286201477, "lowlevel.melbands_crest.mean": 14.16990852355957, "lowlevel.melbands_crest.stdev": 6.258107662200928, "lowlevel.melbands_flatness_db.mean": 0.14933013916015625, "lowlevel.melbands_flatness_db.stdev": 0.05505935475230217, "lowlevel.melbands_kurtosis.mean": 10.010025978088379, "lowlevel.melbands_kurtosis.stdev": 16.6511173248291, "lowlevel.melbands_skewness.mean": 2.506160259246826, "lowlevel.melbands_skewness.stdev": 1.583200454711914, "lowlevel.melbands_spread.mean": 34.323280334472656, "lowlevel.melbands_spread.stdev": 17.237627029418945, "lowlevel.pitch_salience.mean": 0.5567529201507568, "lowlevel.pitch_salience.stdev": 0.12877202033996582, "lowlevel.silence_rate_20dB.mean": 1.0, "lowlevel.silence_rate_20dB.stdev": 0.0, "lowlevel.silence_rate_30dB.mean": 0.9946523904800415, "lowlevel.silence_rate_30dB.stdev": 0.07293150573968887, "lowlevel.silence_rate_60dB.mean": 0.04545454680919647, "lowlevel.silence_rate_60dB.stdev": 0.20829854905605316, "lowlevel.spectral_centroid.mean": 1723.39404296875, "lowlevel.spectral_centroid.stdev": 419.6363220214844, "lowlevel.spectral_complexity.mean": 22.72994613647461, "lowlevel.spectral_complexity.stdev": 10.374244689941406, "lowlevel.spectral_decrease.mean": -6.724737655616764e-09, "lowlevel.spectral_decrease.stdev": 6.523328988095045e-09, "lowlevel.spectral_energy.mean": 0.027767270803451538, "lowlevel.spectral_energy.stdev": 0.02549348771572113, "lowlevel.spectral_energyband_high.mean": 0.0014615776017308235, "lowlevel.spectral_energyband_high.stdev": 0.0015134194400161505, "lowlevel.spectral_energyband_low.mean": 0.012475211173295975, "lowlevel.spectral_energyband_low.stdev": 0.020722942426800728, "lowlevel.spectral_energyband_middle_high.mean": 0.006340842228382826, "lowlevel.spectral_energyband_middle_high.stdev": 0.005268155597150326, "lowlevel.spectral_energyband_middle_low.mean": 0.009110761806368828, "lowlevel.spectral_energyband_middle_low.stdev": 0.00989481620490551, "lowlevel.spectral_entropy.mean": 7.936995983123779, "lowlevel.spectral_entropy.stdev": 0.25561195611953735, "lowlevel.spectral_flux.mean": 0.0954703763127327, "lowlevel.spectral_flux.stdev": 0.05964992940425873, "lowlevel.spectral_kurtosis.mean": 2.990443706512451, "lowlevel.spectral_kurtosis.stdev": 1.4557130336761475, "lowlevel.spectral_rms.mean": 0.004743829369544983, "lowlevel.spectral_rms.stdev": 0.00214151619002223, "lowlevel.spectral_rolloff.mean": 2460.945556640625, "lowlevel.spectral_rolloff.stdev": 2195.86669921875, "lowlevel.spectral_skewness.mean": 1.4328176975250244, "lowlevel.spectral_skewness.stdev": 0.2623961865901947, "lowlevel.spectral_spread.mean": 5875693.0, "lowlevel.spectral_spread.stdev": 2118384.0, "lowlevel.spectral_strongpeak.mean": 0.7136306166648865, "lowlevel.spectral_strongpeak.stdev": 0.7918851375579834, "lowlevel.zerocrossingrate.mean": 0.0943087786436081, "lowlevel.zerocrossingrate.stdev": 0.05062946677207947, "metadata.audio_properties.analysis.equal_loudness": 0.0, "metadata.audio_properties.analysis.length": 8.63997745513916, "metadata.audio_properties.analysis.sample_rate": 44100.0, "metadata.audio_properties.analysis.start_time": 0.0, "metadata.audio_properties.bit_rate": 127424.0, "metadata.audio_properties.length": 8.640000343322754, "metadata.audio_properties.lossless": 0.0, "metadata.audio_properties.number_channels": 1.0, "metadata.audio_properties.replay_gain": -14.944828033447266, "metadata.audio_properties.sample_rate": 48000.0, "rhythm.beats_count": 16.0, "rhythm.beats_loudness.mean": 0.06814669072628021, "rhythm.beats_loudness.stdev": 0.020242568105459213, "rhythm.bpm": 116.0617904663086, "rhythm.bpm_histogram_first_peak_bpm": 115.0, "rhythm.bpm_histogram_first_peak_weight": 0.46666663885116577, "rhythm.bpm_histogram_second_peak_bpm": 0.0, "rhythm.bpm_histogram_second_peak_spread": 0.0, "rhythm.bpm_histogram_second_peak_weight": 0.0, "rhythm.danceability": 2.4113991260528564, "rhythm.onset_rate": 4.849300384521484, "tonal.chords_changes_rate": 0.04787234216928482, "tonal.chords_number_rate": 0.03191489353775978, "tonal.chords_strength.mean": 0.5133915543556213, "tonal.chords_strength.stdev": 0.09655263274908066, "tonal.hpcp_crest.mean": 13.138779640197754, "tonal.hpcp_crest.stdev": 6.750444412231445, "tonal.hpcp_entropy.mean": 2.0764825344085693, "tonal.hpcp_entropy.stdev": 0.7544518113136292, "tonal.key_edma.strength": 0.5139719843864441, "tonal.key_krumhansl.strength": 0.5307002663612366, "tonal.key_temperley.strength": 0.5329939723014832, "tonal.tuning_diatonic_strength": 0.4892966151237488, "tonal.tuning_equal_tempered_deviation": 0.2587062120437622, "tonal.tuning_frequency": 434.193115234375, "tonal.tuning_nontempered_energy_ratio": 0.9481288194656372, "lowlevel.barkbands.mean": [0.0005079021793790162, 0.008043657056987286, 0.0025742677971720695, 0.00286104716360569, 0.0024812782648950815, 0.0017300865147262812, 0.0005802946980111301, 0.0002954917144961655, 0.0005727011593990028, 0.000976564479060471, 0.000742569740395993, 0.0006257047643885016, 0.00036894797813147306, 0.00044653876102529466, 0.0009655177709646523, 0.0010092358570545912, 0.0006391815259121358, 0.0004134514892939478, 0.000355686730472371, 0.00028727660537697375, 0.00027603047783486545, 0.0001447575632482767, 0.00017588773334864527, 0.0003239305515307933, 0.00024148833472281694, 0.00011779262422351167, 9.98156701825792e-06], "lowlevel.barkbands.stdev": [0.0006772074848413467, 0.017374204471707344, 0.005258908495306969, 0.005264077335596085, 0.0046010809019207954, 0.002185734687373042, 0.0010429683607071638, 0.0003428033087402582, 0.0010464631486684084, 0.00159032444935292, 0.001304748235270381, 0.0008764841477386653, 0.001019356888718903, 0.0006576771265827119, 0.0011986681492999196, 0.0011855901684612036, 0.000745815341360867, 0.000502907088957727, 0.00035783040220849216, 0.0003757480881176889, 0.00042252588900737464, 0.00027259584749117494, 0.00023783979122526944, 0.0003461189044173807, 0.00034803588641807437, 0.00021677673794329166, 2.192538886447437e-05], "lowlevel.erbbands.mean": [0.2783873677253723, 1.6105833053588867, 2.9083287715911865, 6.996492385864258, 9.422693252563477, 7.754752159118652, 7.017601013183594, 16.165136337280273, 13.927009582519531, 6.321414470672607, 5.207857131958008, 11.587455749511719, 35.243629455566406, 24.51036834716797, 30.158098220825195, 24.434221267700195, 18.60601234436035, 22.210838317871094, 29.62909698486328, 61.76359176635742, 58.1918830871582, 33.460357666015625, 20.49205780029297, 27.04667854309082, 12.103915214538574, 12.332315444946289, 15.156050682067871, 7.7789764404296875, 5.413099765777588, 4.8381123542785645, 5.021069526672363, 5.967636585235596, 5.6788010597229, 3.3205320835113525, 1.3561372756958008, 0.5430746078491211, 0.20869505405426025, 0.041395146399736404, 0.0012559329625219107, 6.632025906583294e-05], "lowlevel.erbbands.stdev": [0.626918613910675, 3.6613106727600098, 6.585414886474609, 11.33934497833252, 19.872154235839844, 13.73782730102539, 9.84778881072998, 22.17281150817871, 22.25394058227539, 7.301869869232178, 5.148072719573975, 18.754392623901367, 54.94847869873047, 60.87868118286133, 54.26852035522461, 32.43146896362305, 49.06962966918945, 32.45280838012695, 40.088871002197266, 76.47064208984375, 68.27149963378906, 35.55519485473633, 24.67581558227539, 26.865760803222656, 15.814030647277832, 15.999368667602539, 21.486202239990234, 12.845222473144531, 10.140449523925781, 8.026546478271484, 6.492416858673096, 6.328673362731934, 6.323128700256348, 4.45455265045166, 2.2615480422973633, 1.0008714199066162, 0.390625923871994, 0.0796256884932518, 0.002478344365954399, 6.096784636611119e-05], "lowlevel.gfcc.mean": [30.3825626373291, 54.60558319091797, -117.86689758300781, 29.694995880126953, -51.9453010559082, 19.20650863647461, -51.73073959350586, 14.288451194763184, -29.437252044677734, -1.241255521774292, -18.612972259521484, 1.9934381246566772, -5.054877758026123], "lowlevel.melbands.mean": [0.0023510190658271313, 0.0017350570997223258, 0.0012804947327822447, 0.0006216285983100533, 0.0002536145912017673, 0.0003627708356361836, 0.0001933460298459977, 6.759497773600742e-05, 4.099096986465156e-05, 8.597125997766852e-05, 0.00017409276915714145, 9.226359543390572e-05, 9.358287934446707e-05, 7.78658504714258e-05, 4.8989524657372385e-05, 4.044548768433742e-05, 4.123021790292114e-05, 4.0445494960295036e-05, 7.962083327583969e-05, 7.639466639375314e-05, 6.855943502159789e-05, 3.872513843816705e-05, 1.9692422938533127e-05, 1.772880568751134e-05, 2.3458625946659595e-05, 8.773605259193573e-06, 7.949345672386698e-06, 8.257447916548699e-06, 1.0661609849194065e-05, 6.629964445892256e-06, 3.7958591292408528e-06, 3.142736204608809e-06, 2.534839268264477e-06, 2.7555724955163896e-06, 2.7155529096489772e-06, 3.183222361258231e-06, 3.952216957259225e-06, 4.195082965452457e-06, 3.528071147229639e-06, 2.55277996075165e-06], "lowlevel.melbands.stdev": [0.005088848993182182, 0.003537827869877219, 0.0021800033282488585, 0.0011946671875193715, 0.0003522505285218358, 0.00047770116361789405, 0.00030522304587066174, 8.10670098871924e-05, 4.321700180298649e-05, 0.00014923285925760865, 0.0002743869845289737, 0.0002458816743455827, 0.00016396564024034888, 0.00011959802213823423, 7.461753557436168e-05, 0.00012955731654074043, 6.204032251844183e-05, 6.676890188828111e-05, 0.00010051398567156866, 8.695186261320487e-05, 9.23366824281402e-05, 4.4032356527168304e-05, 2.6919626179733314e-05, 2.012695222219918e-05, 2.377535383857321e-05, 1.1498252206365578e-05, 1.2257508387847338e-05, 1.0783865036501084e-05, 1.5224871276586782e-05, 1.025484743877314e-05, 6.756141374353319e-06, 6.067928552511148e-06, 4.745047590404283e-06, 4.4087119022151455e-06, 3.659547928691609e-06, 3.906749952875543e-06, 4.3140662455698475e-06, 4.927442660118686e-06, 3.98532301915111e-06, 3.908542566932738e-06], "lowlevel.melbands128.mean": [0.0003365145530551672, 0.00223536160774529, 0.003311429638415575, 0.002410523360595107, 0.0015041003935039043, 0.001280881348066032, 0.0014552416978403926, 0.0013783565955236554, 0.0009067453211173415, 0.0006450858199968934, 0.0003881225420627743, 0.00026225243345834315, 0.00022425749921239913, 0.00022004485072102398, 0.0003297268121968955, 0.0005150779034011066, 0.00034205903648398817, 0.00010284926247550175, 5.00812784594018e-05, 6.334339559543878e-05, 9.238230995833874e-05, 3.4402655728626996e-05, 3.6684286897070706e-05, 4.195119981886819e-05, 4.5169086661189795e-05, 0.00010186503641307354, 0.00018097685824614018, 0.0002529710181988776, 9.057655552169308e-05, 6.635620229644701e-05, 0.00011878916120622307, 9.060716547537595e-05, 5.842579048476182e-05, 0.0001476193720009178, 7.313979585887864e-05, 6.511861283797771e-05, 6.170086999190971e-05, 6.342121196212247e-05, 2.0665496776928194e-05, 4.45786899945233e-05, 4.744683246826753e-05, 3.0421339033637196e-05, 4.0671333408681676e-05, 5.066567973699421e-05, 3.493592521408573e-05, 3.8641184801235795e-05, 4.273994636605494e-05, 7.197928061941639e-05, 0.00010803277837112546, 8.304203947773203e-05, 7.109798025339842e-05, 7.138337241485715e-05, 6.529054371640086e-05, 7.458352774847299e-05, 5.890237298444845e-05, 3.493869007797912e-05, 2.2538033590535633e-05, 1.6633111954433843e-05, 2.3317152226809412e-05, 1.6416015569120646e-05, 1.2567070371005684e-05, 1.81993509613676e-05, 3.8015408790670335e-05, 2.052180570899509e-05, 9.7924685178441e-06, 8.539561349607538e-06, 7.935816029203124e-06, 7.413188086502487e-06, 8.749273547437042e-06, 7.675444976484869e-06, 5.903696091991151e-06, 9.648489140090533e-06, 1.2739365047309548e-05, 1.0508396371733397e-05, 8.987716682895552e-06, 7.816039214958437e-06, 4.8399883780803066e-06, 4.338482085586293e-06, 3.785171657000319e-06, 3.019537871296052e-06, 3.4722211239568423e-06, 3.0552710086340085e-06, 2.743566710705636e-06, 2.303201654285658e-06, 2.5367401121911826e-06, 2.7862481601914624e-06, 2.814786057570018e-06, 2.7494525056681596e-06, 2.499554284440819e-06, 2.8109734557801858e-06, 3.3376188639522297e-06, 3.1218085041473387e-06, 3.2375287446484435e-06, 3.694763336170581e-06, 4.521881237451453e-06, 4.99849375046324e-06, 3.8099042285466567e-06, 3.603631057558232e-06, 3.879165433318121e-06, 3.272729372838512e-06, 2.8608467346202815e-06, 2.5714598450576887e-06, 1.996743321797112e-06, 1.8547373201727169e-06, 1.462611862734775e-06, 1.1871625247295015e-06, 1.147895204667293e-06, 1.1306542546662968e-06, 8.984300166048342e-07, 7.563482995465165e-07, 7.278190423676278e-07, 6.543569952555117e-07, 7.257883680722443e-07, 6.374763188432553e-07, 5.047985496275942e-07, 4.631522472209326e-07, 2.5637018552515656e-07, 1.7264876817080221e-07, 2.805268728423016e-08, 2.0814375223388026e-10, 8.952612262635995e-11, 5.211525655468563e-11, 3.2707229286055295e-11, 2.660450158786798e-11, 2.4290050873454483e-11, 1.325645496152994e-11, 7.759895157000152e-12, 6.3309370766651e-12], "lowlevel.melbands128.stdev": [0.0006637874175794423, 0.0052618710324168205, 0.007643270771950483, 0.006008550990372896, 0.004164001904428005, 0.002335496013984084, 0.0023423379752784967, 0.002815325977280736, 0.0021393769420683384, 0.0013457346940413117, 0.0007552279275842011, 0.0004385677457321435, 0.00036402783007360995, 0.00042974072857759893, 0.0005731222336180508, 0.0008586148032918572, 0.0006124487263150513, 0.0002512172795832157, 0.00011192545935045928, 8.441105455858633e-05, 0.00012653105659410357, 4.85594937345013e-05, 5.433740807347931e-05, 5.966062599327415e-05, 0.00010948972339974716, 0.0002618255966808647, 0.0003786158631555736, 0.0004720546421594918, 0.00017207945347763598, 0.000252981175435707, 0.0004220099654048681, 0.0002645139175001532, 0.00013722652511205524, 0.0003860555007122457, 0.00017323078645858914, 0.0001246944593731314, 0.00010976182238664478, 0.00012009189231321216, 3.709074007929303e-05, 0.00020473060430958867, 0.00016308670456055552, 9.567299275659025e-05, 7.291360816452652e-05, 8.743751823203638e-05, 7.037349132588133e-05, 0.00010440511687193066, 8.577850530855358e-05, 0.00010961521184071898, 0.00018499261932447553, 0.0001713948731776327, 0.00012002108996966854, 9.38061493798159e-05, 0.00014659084263257682, 0.0001211655035149306, 9.343954297946766e-05, 4.4323700421955436e-05, 3.0303011953947134e-05, 2.4593817215645686e-05, 4.762824755744077e-05, 2.9202212317613885e-05, 2.0951843907823786e-05, 2.515697997296229e-05, 4.6996461605886e-05, 2.5450064640608616e-05, 1.5727269783383235e-05, 1.153179255197756e-05, 1.2363538189674728e-05, 1.2101581887691282e-05, 1.6151911040651612e-05, 1.1433075087552425e-05, 9.031487024913076e-06, 1.3615474017569795e-05, 1.9860584870912135e-05, 1.7259444575756788e-05, 1.4580619790649507e-05, 1.2971837350050919e-05, 8.656573299958836e-06, 8.159126991813537e-06, 7.078965154505568e-06, 6.031552402419038e-06, 7.305921371880686e-06, 6.429484074033098e-06, 6.0198753999429755e-06, 4.309474206820596e-06, 5.106910521135433e-06, 5.346579200704582e-06, 4.5756373765470926e-06, 4.2726114770630375e-06, 3.5387402022024617e-06, 4.027371687698178e-06, 4.75245860798168e-06, 4.114287094125757e-06, 4.0210652514360845e-06, 4.56831048722961e-06, 5.3969479267834686e-06, 6.895385467942106e-06, 4.511008683039108e-06, 4.583213467412861e-06, 4.599303338181926e-06, 4.164770871284418e-06, 4.318200353736756e-06, 4.7008961701067165e-06, 3.451441671131761e-06, 3.4269621664861916e-06, 2.6989787329512183e-06, 2.118184056598693e-06, 2.0808067802136065e-06, 2.149409283447312e-06, 1.865782792265236e-06, 1.4581787581846584e-06, 1.4705512967339018e-06, 1.2927961279274314e-06, 1.4674919839308131e-06, 1.2730887419820647e-06, 1.0338937954657013e-06, 1.0424677157061524e-06, 5.527472239919007e-07, 4.5403083959172363e-07, 8.814411955881951e-08, 2.564853440745196e-09, 7.907652310734647e-10, 3.608562337831245e-10, 1.9582228893977316e-10, 1.5895881833039027e-10, 1.5222562099737047e-10, 9.313248089393156e-11, 6.884241093851884e-11, 5.767659266853187e-11], "lowlevel.mfcc.mean": [-612.5277099609375, 89.87114715576172, -3.095104455947876, 12.114925384521484, 20.37545394897461, -1.4824137687683105, 1.4926955699920654, 1.6348378658294678, 2.9175522327423096, -1.5073981285095215, -13.677379608154297, -0.7861034274101257, -1.3532299995422363], "lowlevel.spectral_contrast_coeffs.mean": [-0.6970150470733643, -0.7545799016952515, -0.7562766075134277, -0.7697017192840576, -0.7961173057556152, -0.8000002503395081], "lowlevel.spectral_contrast_coeffs.stdev": [0.0691392719745636, 0.06469520181417465, 0.05895636975765228, 0.04639733210206032, 0.026577457785606384, 0.03999175503849983], "lowlevel.spectral_contrast_valleys.mean": [-6.892267227172852, -6.932497024536133, -7.1803154945373535, -7.186515808105469, -7.0915913581848145, -9.363799095153809], "lowlevel.spectral_contrast_valleys.stdev": [0.8409752249717712, 0.5006393790245056, 0.5527009963989258, 0.5666057467460632, 0.586969792842865, 0.7030616998672485], "rhythm.beats_loudness_band_ratio.mean": [0.720200777053833, 0.042491815984249115, 0.03732976317405701, 0.07928364723920822, 0.08831074088811874, 0.06195024773478508], "rhythm.beats_loudness_band_ratio.stdev": [0.12332098931074142, 0.0269984919577837, 0.033035535365343094, 0.07068760693073273, 0.04219463840126991, 0.04812586307525635], "tonal.hpcp.mean": [0.08514710515737534, 0.074552021920681, 0.07271040976047516, 0.1375666707754135, 0.20222146809101105, 0.16512291133403778, 0.10650797933340073, 0.07406096905469894, 0.06299402564764023, 0.17058177292346954, 0.256829172372818, 0.16567711532115936, 0.11783579736948013, 0.17711740732192993, 0.14995938539505005, 0.1047620177268982, 0.10685452073812485, 0.09334439784288406, 0.15207558870315552, 0.18487979471683502, 0.10674600303173065, 0.06219921633601189, 0.06959574669599533, 0.08271334320306778, 0.15181387960910797, 0.20874404907226562, 0.15858210623264313, 0.13645046949386597, 0.13409273326396942, 0.15631131827831268, 0.26744547486305237, 0.2771351635456085, 0.17022009193897247, 0.14473477005958557, 0.17276546359062195, 0.1284439116716385], "tonal.hpcp.stdev": [0.18763397634029388, 0.20297223329544067, 0.16694563627243042, 0.21514040231704712, 0.3021470606327057, 0.2502141296863556, 0.1946132779121399, 0.14244122803211212, 0.13567517697811127, 0.21654631197452545, 0.3104719817638397, 0.2158675193786621, 0.19410240650177002, 0.3090340495109558, 0.25809162855148315, 0.1617567241191864, 0.1636999100446701, 0.16841644048690796, 0.2247496247291565, 0.2515767812728882, 0.16003882884979248, 0.14990070462226868, 0.18966111540794373, 0.1966409683227539, 0.24255523085594177, 0.2868109345436096, 0.22818584740161896, 0.27428218722343445, 0.25455889105796814, 0.2615290582180023, 0.3205222189426422, 0.32749223709106445, 0.24418272078037262, 0.2141854614019394, 0.24678465723991394, 0.23100979626178741], "rhythm.beats_position": [0.4992290139198303, 1.0100680589675903, 1.5325169563293457, 2.043355941772461, 2.554194927215576, 3.076643943786621, 3.599092960357666, 4.109931945800781, 4.632380962371826, 5.154829978942871, 5.665668964385986, 6.176507949829102, 6.6989569664001465, 7.221405982971191, 7.732244968414307, 8.254693984985352], "rhythm.bpm_histogram": [0.0, 0.0, 0.0, 0.0, 0.0, 0.0, 0.0, 0.0, 0.0, 0.0, 0.0, 0.0, 0.0, 0.0, 0.0, 0.0, 0.0, 0.0, 0.0, 0.0, 0.0, 0.0, 0.0, 0.0, 0.0, 0.0, 0.0, 0.0, 0.0, 0.0, 0.0, 0.0, 0.0, 0.0, 0.0, 0.0, 0.0, 0.0, 0.0, 0.0, 0.0, 0.0, 0.0, 0.0, 0.0, 0.0, 0.0, 0.0, 0.0, 0.0, 0.0, 0.0, 0.0, 0.0, 0.0, 0.0, 0.0, 0.0, 0.0, 0.0, 0.0, 0.0, 0.0, 0.0, 0.0, 0.0, 0.0, 0.0, 0.0, 0.0, 0.0, 0.0, 0.0, 0.0, 0.0, 0.0, 0.0, 0.0, 0.0, 0.0, 0.0, 0.0, 0.0, 0.0, 0.0, 0.0, 0.0, 0.0, 0.0, 0.0, 0.0, 0.0, 0.0, 0.0, 0.0, 0.0, 0.0, 0.0, 0.0, 0.0, 0.0, 0.0, 0.0, 0.0, 0.0, 0.0, 0.0, 0.0, 0.0, 0.0, 0.0, 0.0, 0.0, 0.0, 0.0, 0.5333333611488342, 0.0, 0.46666666865348816, 0.0, 0.0, 0.0, 0.0, 0.0, 0.0, 0.0, 0.0, 0.0, 0.0, 0.0, 0.0, 0.0, 0.0, 0.0, 0.0, 0.0, 0.0, 0.0, 0.0, 0.0, 0.0, 0.0, 0.0, 0.0, 0.0, 0.0, 0.0, 0.0, 0.0, 0.0, 0.0, 0.0, 0.0, 0.0, 0.0, 0.0, 0.0, 0.0, 0.0, 0.0, 0.0, 0.0, 0.0, 0.0, 0.0, 0.0, 0.0, 0.0, 0.0, 0.0, 0.0, 0.0, 0.0, 0.0, 0.0, 0.0, 0.0, 0.0, 0.0, 0.0, 0.0, 0.0, 0.0, 0.0, 0.0, 0.0, 0.0, 0.0, 0.0, 0.0, 0.0, 0.0, 0.0, 0.0, 0.0, 0.0, 0.0, 0.0, 0.0, 0.0, 0.0, 0.0, 0.0, 0.0, 0.0, 0.0, 0.0, 0.0, 0.0, 0.0, 0.0, 0.0, 0.0, 0.0, 0.0, 0.0, 0.0, 0.0, 0.0, 0.0, 0.0, 0.0, 0.0, 0.0, 0.0, 0.0, 0.0, 0.0, 0.0, 0.0, 0.0, 0.0, 0.0, 0.0, 0.0, 0.0, 0.0, 0.0, 0.0, 0.0, 0.0, 0.0, 0.0, 0.0, 0.0, 0.0, 0.0, 0.0, 0.0, 0.0, 0.0], "tonal.chords_histogram": [41.48936080932617, 16.489360809326172, 0.0, 0.0, 0.0, 9.042552947998047, 0.0, 0.0, 0.0, 3.1914894580841064, 0.0, 0.0, 0.0, 0.0, 0.0, 0.0, 0.0, 0.0, 0.0, 0.0, 0.0, 2.659574508666992, 27.12765884399414, 0.0], "tonal.thpcp": [1.0, 0.6142132878303528, 0.5222533345222473, 0.6233978271484375, 0.4634702801704407, 0.3072403371334076, 0.26900961995124817, 0.2623644173145294, 0.49638837575912476, 0.729685366153717, 0.5958208441734314, 0.3843178153038025, 0.26723772287368774, 0.2273043394088745, 0.61551833152771, 0.9267289042472839, 0.5978206396102905, 0.4251925051212311, 0.6391011476516724, 0.5411055684089661, 0.378017783164978, 0.3855682611465454, 0.33681902289390564, 0.5487415790557861, 0.6671105623245239, 0.3851766884326935, 0.22443638741970062, 0.25112563371658325, 0.2984584867954254, 0.5477972626686096, 0.7532210946083069, 0.5722193717956543, 0.4923607110977173, 0.48385319113731384, 0.5640255808830261, 0.9650362133979797], "lowlevel.gfcc.cov": [[2641.943603515625, -95.97294616699219, 210.1750030517578, 375.3247375488281, 55.60440444946289, 195.54786682128906, 79.77754974365234, -113.12423706054688, -117.73322296142578, -166.81832885742188, -196.3693084716797, -90.26939392089844, -85.23402404785156], [-95.97294616699219, 893.4456176757812, -175.48435974121094, 398.0653076171875, 189.84483337402344, 127.17018127441406, 295.6807861328125, -38.901214599609375, 102.87690734863281, -47.81378173828125, 108.28631591796875, -57.33060836791992, 84.5830078125], [210.1750030517578, -175.48435974121094, 526.5949096679688, 2.15915846824646, 83.1054458618164, -5.4630327224731445, -103.45591735839844, 18.428638458251953, -89.56690216064453, -16.775968551635742, -102.31204986572266, -15.053566932678223, -81.28436279296875], [375.3247375488281, 398.0653076171875, 2.15915846824646, 491.30279541015625, 179.43057250976562, 198.37551879882812, 229.49874877929688, -13.524527549743652, 83.33057403564453, -38.418033599853516, 40.32961654663086, -58.24264907836914, 32.8088264465332], [55.60440444946289, 189.84483337402344, 83.1054458618164, 179.43057250976562, 225.5609130859375, 134.8650665283203, 149.48683166503906, 31.71799659729004, 47.15892028808594, -7.073217868804932, 12.261514663696289, 10.436965942382812, 7.329165935516357], [195.54786682128906, 127.17018127441406, -5.4630327224731445, 198.37551879882812, 134.8650665283203, 262.758056640625, 164.2254638671875, 52.74183654785156, 71.76051330566406, 0.5831477046012878, 39.6209602355957, -18.374086380004883, 53.61806869506836], [79.77754974365234, 295.6807861328125, -103.45591735839844, 229.49874877929688, 149.48683166503906, 164.2254638671875, 274.53106689453125, 41.568748474121094, 115.1416015625, 9.415512084960938, 73.8204345703125, 16.702091217041016, 55.265830993652344], [-113.12423706054688, -38.901214599609375, 18.428638458251953, -13.524527549743652, 31.71799659729004, 52.74183654785156, 41.568748474121094, 164.2912139892578, 99.37413787841797, 34.85178756713867, 48.168434143066406, 40.55817413330078, 68.96766662597656], [-117.73322296142578, 102.87690734863281, -89.56690216064453, 83.33057403564453, 47.15892028808594, 71.76051330566406, 115.1416015625, 99.37413787841797, 162.50405883789062, 50.44878005981445, 81.64944458007812, 34.31739807128906, 88.35061645507812], [-166.81832885742188, -47.81378173828125, -16.775968551635742, -38.418033599853516, -7.073217868804932, 0.5831477046012878, 9.415512084960938, 34.85178756713867, 50.44878005981445, 99.99527740478516, 62.93755340576172, 39.724788665771484, 19.834131240844727], [-196.3693084716797, 108.28631591796875, -102.31204986572266, 40.32961654663086, 12.261514663696289, 39.6209602355957, 73.8204345703125, 48.168434143066406, 81.64944458007812, 62.93755340576172, 122.73445892333984, 49.04011154174805, 64.71683502197266], [-90.26939392089844, -57.33060836791992, -15.053566932678223, -58.24264907836914, 10.436965942382812, -18.374086380004883, 16.702091217041016, 40.55817413330078, 34.31739807128906, 39.724788665771484, 49.04011154174805, 88.85485076904297, 33.50959777832031], [-85.23402404785156, 84.5830078125, -81.28436279296875, 32.8088264465332, 7.329165935516357, 53.61806869506836, 55.265830993652344, 68.96766662597656, 88.35061645507812, 19.834131240844727, 64.71683502197266, 33.50959777832031, 116.98550415039062]], "lowlevel.gfcc.icov": [[0.0006459488649852574, 0.00017546271556057036, -9.099543967749923e-05, -0.0008279868052341044, 0.0008184461621567607, -0.0005762575892731547, -0.0002819325018208474, 0.00011670111416606233, 0.00029759365133941174, 0.0002732857537921518, 0.0013269903138279915, -0.001000717282295227, 7.144819392124191e-05], [0.00017546271556057036, 0.004109527450054884, 2.6120558686670847e-05, -0.0008320126216858625, -0.002906413748860359, 0.003219401929527521, -0.003208956215530634, 0.001744262408465147, 0.0009893493261188269, 0.002435403410345316, -0.004881435539573431, 0.005635451525449753, -0.003471654374152422], [-9.099543967749923e-05, 2.6120558686670847e-05, 0.0038538111839443445, -0.0013131676241755486, -0.0023070196621119976, 1.9459657778497785e-06, 0.0024762421380728483, -0.00259796972386539, 0.0021849332842975855, -0.0021081885788589716, 0.002808232558891177, -0.0010950288269668818, 0.0009336991934105754], [-0.0008279868052341044, -0.0008320126216858625, -0.0013131676241755486, 0.007068299222737551, -0.002197670517489314, -0.0006622282671742141, -0.0018575642025098205, 0.0026674342807382345, -0.0033502355217933655, 0.0023306389339268208, -0.004486917518079281, 0.005000783130526543, 3.4538719773991033e-05], [0.0008184461621567607, -0.002906413748860359, -0.0023070196621119976, -0.002197670517489314, 0.014673241414129734, -0.0059859356842935085, -0.002306159120053053, -0.0014930537436157465, -0.0009643075172789395, -0.0006253420142456889, 0.007396901957690716, -0.010089386254549026, 0.005137341096997261], [-0.0005762575892731547, 0.003219401929527521, 1.9459657778497785e-06, -0.0006622282671742141, -0.0059859356842935085, 0.012001903727650642, -0.005619009956717491, -0.0009672779706306756, 0.0032787565141916275, -4.84779266116675e-05, -0.005784094799309969, 0.010196448303759098, -0.006650433875620365], [-0.0002819325018208474, -0.003208956215530634, 0.0024762421380728483, -0.0018575642025098205, -0.002306159120053053, -0.005619009956717491, 0.015615754760801792, -0.0006017190171405673, -0.005734073463827372, -9.63354468694888e-05, 0.0019398718141019344, -0.007594940718263388, 0.005502921529114246], [0.00011670111416606233, 0.001744262408465147, -0.00259796972386539, 0.0026674342807382345, -0.0014930537436157465, -0.0009672779706306756, -0.0006017190171405673, 0.014986692927777767, -0.009184946306049824, 0.0035737373400479555, -0.0036933498922735453, 0.001187038142234087, -0.0037094822619110346], [0.00029759365133941174, 0.0009893493261188269, 0.0021849332842975855, -0.0033502355217933655, -0.0009643075172789395, 0.0032787565141916275, -0.005734073463827372, -0.009184946306049824, 0.02363005466759205, -0.007861224934458733, 0.0006094977725297213, 0.0026058731600642204, -0.008956195786595345], [0.0002732857537921518, 0.002435403410345316, -0.0021081885788589716, 0.0023306389339268208, -0.0006253420142456889, -4.84779266116675e-05, -9.63354468694888e-05, 0.0035737373400479555, -0.007861224934458733, 0.02285279519855976, -0.014480656012892723, 0.0006999705801717937, 0.004192576743662357], [0.0013269903138279915, -0.004881435539573431, 0.002808232558891177, -0.004486917518079281, 0.007396901957690716, -0.005784094799309969, 0.0019398718141019344, -0.0036933498922735453, 0.0006094977725297213, -0.014480656012892723, 0.03416299819946289, -0.01733064278960228, -0.0007857162854634225], [-0.001000717282295227, 0.005635451525449753, -0.0010950288269668818, 0.005000783130526543, -0.010089386254549026, 0.010196448303759098, -0.007594940718263388, 0.001187038142234087, 0.0026058731600642204, 0.0006999705801717937, -0.01733064278960228, 0.033212561160326004, -0.01013287715613842], [7.144819392124191e-05, -0.003471654374152422, 0.0009336991934105754, 3.4538719773991033e-05, 0.005137341096997261, -0.006650433875620365, 0.005502921529114246, -0.0037094822619110346, -0.008956195786595345, 0.004192576743662357, -0.0007857162854634225, -0.01013287715613842, 0.02345302142202854]], "lowlevel.mfcc.cov": [[2764.896728515625, -246.65792846679688, 100.36540985107422, 234.50421142578125, 13.323386192321777, 318.2362976074219, 128.39044189453125, 146.5627899169922, 47.608150482177734, -2.8643639087677, -78.20924377441406, -92.5240478515625, -65.37287139892578], [-246.65792846679688, 448.499755859375, -61.09995651245117, 145.3546142578125, -2.2423768043518066, 75.26848602294922, 70.01630401611328, 47.418365478515625, 12.873103141784668, 8.283164024353027, 21.089006423950195, 12.171826362609863, 5.24638032913208], [100.36540985107422, -61.09995651245117, 287.9404602050781, 30.991884231567383, 101.25010681152344, -12.592999458312988, 9.120887756347656, -21.58635711669922, -2.7236390113830566, -3.3761463165283203, -30.969511032104492, -32.53657913208008, -29.14582633972168], [234.50421142578125, 145.3546142578125, 30.991884231567383, 294.59014892578125, 35.401485443115234, 163.3747100830078, 77.3079833984375, 81.86717987060547, 34.50346755981445, 7.892417907714844, 31.471389770507812, 34.070777893066406, 7.983983039855957], [13.323386192321777, -2.2423768043518066, 101.25010681152344, 35.401485443115234, 146.86822509765625, 38.66690444946289, 46.71376419067383, 40.57704544067383, 45.04939270019531, 20.635679244995117, -13.113605499267578, 5.212067604064941, 2.902876615524292], [318.2362976074219, 75.26848602294922, -12.592999458312988, 163.3747100830078, 38.66690444946289, 293.2887268066406, 135.96420288085938, 102.23455047607422, 43.209625244140625, 36.632198333740234, 46.381858825683594, 12.534903526306152, 6.896044731140137], [128.39044189453125, 70.01630401611328, 9.120887756347656, 77.3079833984375, 46.71376419067383, 135.96420288085938, 131.3339080810547, 87.9328842163086, 43.708457946777344, 34.72932052612305, 23.308908462524414, 18.62079620361328, 14.642581939697266], [146.5627899169922, 47.418365478515625, -21.58635711669922, 81.86717987060547, 40.57704544067383, 102.23455047607422, 87.9328842163086, 156.33624267578125, 91.13172149658203, 47.067813873291016, 24.952274322509766, 26.485132217407227, 32.04347610473633], [47.608150482177734, 12.873103141784668, -2.7236390113830566, 34.50346755981445, 45.04939270019531, 43.209625244140625, 43.708457946777344, 91.13172149658203, 113.447021484375, 66.84581756591797, 9.195056915283203, 27.07282257080078, 30.84664535522461], [-2.8643639087677, 8.283164024353027, -3.3761463165283203, 7.892417907714844, 20.635679244995117, 36.632198333740234, 34.72932052612305, 47.067813873291016, 66.84581756591797, 100.98384094238281, 23.41613006591797, 17.653139114379883, 22.194530487060547], [-78.20924377441406, 21.089006423950195, -30.969511032104492, 31.471389770507812, -13.113605499267578, 46.381858825683594, 23.308908462524414, 24.952274322509766, 9.195056915283203, 23.41613006591797, 76.92537689208984, 41.8083381652832, 20.93140411376953], [-92.5240478515625, 12.171826362609863, -32.53657913208008, 34.070777893066406, 5.212067604064941, 12.534903526306152, 18.62079620361328, 26.485132217407227, 27.07282257080078, 17.653139114379883, 41.8083381652832, 87.67910766601562, 50.84690856933594], [-65.37287139892578, 5.24638032913208, -29.14582633972168, 7.983983039855957, 2.902876615524292, 6.896044731140137, 14.642581939697266, 32.04347610473633, 30.84664535522461, 22.194530487060547, 20.93140411376953, 50.84690856933594, 80.02616882324219]], "lowlevel.mfcc.icov": [[0.0005931169725954533, 0.0005832809256389737, -0.00010239256516797468, -0.0004966698470525444, 0.000527435855474323, -0.0005239726742729545, -0.00018796088988892734, -0.00046171536087058485, 5.124232484376989e-05, 1.1758351092794328e-07, 0.0009835442760959268, 0.00030169548699632287, 0.0002350940922042355], [0.0005832809256389737, 0.0036883673164993525, 0.0010834902059286833, -0.0025088542606681585, 0.0003723993431776762, 0.0007522539817728102, -0.0025356293190270662, 0.0002505223383195698, 0.00012294654152356088, -0.00012719536607619375, 0.0005244583007879555, 0.0015235980972647667, 4.7542445827275515e-05], [-0.00010239256516797468, 0.0010834902059286833, 0.006025607697665691, -0.001981972949579358, -0.004322572145611048, 0.0018353814957663417, -0.0017960956320166588, 0.00213116523809731, 0.0003121545887552202, -0.00048027370939962566, -0.0005203066393733025, 0.0026118147652596235, 0.00020101397240068763], [-0.0004966698470525444, -0.0025088542606681585, -0.001981972949579358, 0.007557564415037632, 0.00014150569040793926, -0.0037164303939789534, 0.0028805178590118885, -0.002195077482610941, 5.475476064020768e-05, 0.0013227382441982627, -3.081176691921428e-05, -0.004296078346669674, 0.0012996529694646597], [0.000527435855474323, 0.0003723993431776762, -0.004322572145611048, 0.00014150569040793926, 0.012513748370110989, -0.001141779706813395, -0.0026998030953109264, -0.0006306769209913909, -0.0039117899723351, 0.0008338828338310122, 0.0036404028069227934, -0.0022108808625489473, 0.000938146433327347], [-0.0005239726742729545, 0.0007522539817728102, 0.0018353814957663417, -0.0037164303939789534, -0.001141779706813395, 0.010159320197999477, -0.008207550272345543, 0.0009702862589620054, 1.2427462024788838e-05, -0.00036021764390170574, -0.004600998479872942, 0.0040458934381604195, -0.00043104900396429], [-0.00018796088988892734, -0.0025356293190270662, -0.0017960956320166588, 0.0028805178590118885, -0.0026998030953109264, -0.008207550272345543, 0.02243383228778839, -0.008775142952799797, 0.00451054610311985, -0.002948054810985923, 0.0017219246365129948, -0.004469205625355244, 0.0007535134209319949], [-0.00046171536087058485, 0.0002505223383195698, 0.00213116523809731, -0.002195077482610941, -0.0006306769209913909, 0.0009702862589620054, -0.008775142952799797, 0.02056157775223255, -0.014551808126270771, 0.004028667695820332, -0.00445711612701416, 0.004321867134422064, -0.0031751091592013836], [5.124232484376989e-05, 0.00012294654152356088, 0.0003121545887552202, 5.475476064020768e-05, -0.0039117899723351, 1.2427462024788838e-05, 0.00451054610311985, -0.014551808126270771, 0.029300248250365257, -0.013846054673194885, 0.0065152524039149284, -0.005256313364952803, -0.0005339987110346556], [1.1758351092794328e-07, -0.00012719536607619375, -0.00048027370939962566, 0.0013227382441982627, 0.0008338828338310122, -0.00036021764390170574, -0.002948054810985923, 0.004028667695820332, -0.013846054673194885, 0.019332120195031166, -0.006181298289448023, 0.0030703055672347546, -0.0017299458850175142], [0.0009835442760959268, 0.0005244583007879555, -0.0005203066393733025, -3.081176691921428e-05, 0.0036404028069227934, -0.004600998479872942, 0.0017219246365129948, -0.00445711612701416, 0.0065152524039149284, -0.006181298289448023, 0.02485000528395176, -0.01191149465739727, 0.0025882842019200325], [0.00030169548699632287, 0.0015235980972647667, 0.0026118147652596235, -0.004296078346669674, -0.0022108808625489473, 0.0040458934381604195, -0.004469205625355244, 0.004321867134422064, -0.005256313364952803, 0.0030703055672347546, -0.01191149465739727, 0.02746323123574257, -0.012814276851713657], [0.0002350940922042355, 4.7542445827275515e-05, 0.00020101397240068763, 0.0012996529694646597, 0.000938146433327347, -0.00043104900396429, 0.0007535134209319949, -0.0031751091592013836, -0.0005339987110346556, -0.0017299458850175142, 0.0025882842019200325, -0.012814276851713657, 0.021915536373853683]], "metadata.audio_properties.analysis.downmix": "mix", "metadata.audio_properties.codec": "mp3", "metadata.audio_properties.md5_encoded": "e81b9fd3b3774d7084527369121bdb99", "metadata.tags.file_name": "1182254072779264000.mp3", "metadata.version.essentia": "2.1-beta6-dev", "metadata.version.essentia_git_sha": "v2.1_beta5-1110-g77a6a954", "metadata.version.extractor": "music 2.0", "tonal.chords_key": "C", "tonal.chords_scale": "minor", "tonal.key_edma.key": "C", "tonal.key_edma.scale": "minor", "tonal.key_krumhansl.key": "C", "tonal.key_krumhansl.scale": "minor", "tonal.key_temperley.key": "C", "tonal.key_temperley.scale": "minor", "metadata.tags.encoding": ["Lavf58.45.100"]}, "essentia_models": [{"model_name": "genre_dortmund", "activations": {"alternative": "0.021413414", "blues": "0.00064021617", "electronic": "0.05116702", "folkcountry": "0.0050725895", "funksoulrnb": "0.06810377", "jazz": "0.0010435721", "pop": "0.6348041", "raphiphop": "0.034961242", "rock": "0.028133133"}}, {"model_name": "genre_rosamerica", "activations": {"classic": "0.0028860106", "dance": "0.5672601", "hip hop": "0.03744705", "jazz": "0.001297827", "pop": "0.78913814", "rhythm and blues": "0.010573008", "rock": "0.0012109798", "speech": "0.0019149523"}}, {"model_name": "genre_tzanetakis", "activations": {"blues": "0.00027729705", "classic": "0.00020970553", "country": "0.0009676617", "disco": "0.8036144", "hip hop": "0.0059570456", "jazz": "0.00014579343", "metal": "0.0008361951", "pop": "0.3321717", "reggae": "0.0032351553", "rock": "0.0013909773"}}, {"model_name": "genre_electronic", "activations": {"ambient": "0.023960661", "dnb": "0.04839051", "house": "0.096374065", "techno": "0.37421376", "trance": "0.71078914"}}, {"model_name": "mood_acoustic", "activations": {"acoustic": "2.0872223e-10", "not acoustic": "0.9962677"}}, {"model_name": "mood_electronic", "activations": {"electronic": "0.8627895", "not electronic": "0.19147566"}}, {"model_name": "mood_aggressive", "activations": {"aggressive": "0.7277553", "not agg