{"song_id": "1182274150514049024", "download": "https://cdn.discordapp.com/attachments/1135903449314238464/1182274150514049024/chirp.mp4?ex=6584199b&amp", "lyrics": "Wave goodbye to tooth decay,\nSmile bright, hip hip hooray!\n\nOutro:\nGululu, gululu, what a wonderful feat,\nOur teeth are clean, oh so neat!\nTogether we've brushed, and had some fun,\nHealthy teeth for everyone!", "style": ["happy song for kids"], "essentia_features": {"lowlevel.average_loudness": 0.9701518416404724, "lowlevel.barkbands_crest.mean": 10.259225845336914, "lowlevel.barkbands_crest.stdev": 3.4855270385742188, "lowlevel.barkbands_flatness_db.mean": 0.1515122503042221, "lowlevel.barkbands_flatness_db.stdev": 0.040448710322380066, "lowlevel.barkbands_kurtosis.mean": 6.955023288726807, "lowlevel.barkbands_kurtosis.stdev": 9.67812442779541, "lowlevel.barkbands_skewness.mean": 2.084033966064453, "lowlevel.barkbands_skewness.stdev": 1.2985997200012207, "lowlevel.barkbands_spread.mean": 21.280466079711914, "lowlevel.barkbands_spread.stdev": 14.013080596923828, "lowlevel.dissonance.mean": 0.4494072198867798, "lowlevel.dissonance.stdev": 0.03047015331685543, "lowlevel.dynamic_complexity": 2.369202136993408, "lowlevel.erbbands_crest.mean": 10.25678825378418, "lowlevel.erbbands_crest.stdev": 5.207221031188965, "lowlevel.erbbands_flatness_db.mean": 0.15283218026161194, "lowlevel.erbbands_flatness_db.stdev": 0.045774221420288086, "lowlevel.erbbands_kurtosis.mean": 0.43810680508613586, "lowlevel.erbbands_kurtosis.stdev": 2.3885695934295654, "lowlevel.erbbands_skewness.mean": 0.5786102414131165, "lowlevel.erbbands_skewness.stdev": 0.7781636714935303, "lowlevel.erbbands_spread.mean": 48.6630744934082, "lowlevel.erbbands_spread.stdev": 26.26091194152832, "lowlevel.hfc.mean": 22.830312728881836, "lowlevel.hfc.stdev": 16.060100555419922, "lowlevel.loudness_ebu128.integrated": -12.333816528320312, "lowlevel.loudness_ebu128.loudness_range": 3.292057991027832, "lowlevel.loudness_ebu128.momentary.mean": -12.776684761047363, "lowlevel.loudness_ebu128.momentary.stdev": 2.1950528621673584, "lowlevel.loudness_ebu128.short_term.mean": -12.672405242919922, "lowlevel.loudness_ebu128.short_term.stdev": 1.3244624137878418, "lowlevel.melbands_crest.mean": 14.217376708984375, "lowlevel.melbands_crest.stdev": 4.525972843170166, "lowlevel.melbands_flatness_db.mean": 0.21663226187229156, "lowlevel.melbands_flatness_db.stdev": 0.04832858592271805, "lowlevel.melbands_kurtosis.mean": 22.2982234954834, "lowlevel.melbands_kurtosis.stdev": 26.303390502929688, "lowlevel.melbands_skewness.mean": 3.3645546436309814, "lowlevel.melbands_skewness.stdev": 2.021806240081787, "lowlevel.melbands_spread.mean": 18.71123504638672, "lowlevel.melbands_spread.stdev": 12.861824035644531, "lowlevel.pitch_salience.mean": 0.49343496561050415, "lowlevel.pitch_salience.stdev": 0.09423482418060303, "lowlevel.silence_rate_20dB.mean": 1.0, "lowlevel.silence_rate_20dB.stdev": 0.0, "lowlevel.silence_rate_30dB.mean": 1.0, "lowlevel.silence_rate_30dB.stdev": 0.0, "lowlevel.silence_rate_60dB.mean": 0.0070477682165801525, "lowlevel.silence_rate_60dB.stdev": 0.08365456014871597, "lowlevel.spectral_centroid.mean": 1138.23876953125, "lowlevel.spectral_centroid.stdev": 637.9784545898438, "lowlevel.spectral_complexity.mean": 15.125293731689453, "lowlevel.spectral_complexity.stdev": 6.166317462921143, "lowlevel.spectral_decrease.mean": -6.9980945482939205e-09, "lowlevel.spectral_decrease.stdev": 4.09754496999426e-09, "lowlevel.spectral_energy.mean": 0.028483225032687187, "lowlevel.spectral_energy.stdev": 0.016417058184742928, "lowlevel.spectral_energyband_high.mean": 0.0011735765729099512, "lowlevel.spectral_energyband_high.stdev": 0.0012906963238492608, "lowlevel.spectral_energyband_low.mean": 0.007081257179379463, "lowlevel.spectral_energyband_low.stdev": 0.011450368911027908, "lowlevel.spectral_energyband_middle_high.mean": 0.005763249006122351, "lowlevel.spectral_energyband_middle_high.stdev": 0.007779255043715239, "lowlevel.spectral_energyband_middle_low.mean": 0.015689505264163017, "lowlevel.spectral_energyband_middle_low.stdev": 0.010204480960965157, "lowlevel.spectral_entropy.mean": 7.3582353591918945, "lowlevel.spectral_entropy.stdev": 0.4457215964794159, "lowlevel.spectral_flux.mean": 0.06899908185005188, "lowlevel.spectral_flux.stdev": 0.0524977408349514, "lowlevel.spectral_kurtosis.mean": 3.9230427742004395, "lowlevel.spectral_kurtosis.stdev": 2.6032135486602783, "lowlevel.spectral_rms.mean": 0.005054520908743143, "lowlevel.spectral_rms.stdev": 0.0014967636670917273, "lowlevel.spectral_rolloff.mean": 1339.04052734375, "lowlevel.spectral_rolloff.stdev": 1509.706298828125, "lowlevel.spectral_skewness.mean": 1.611933946609497, "lowlevel.spectral_skewness.stdev": 0.5203485488891602, "lowlevel.spectral_spread.mean": 5887643.0, "lowlevel.spectral_spread.stdev": 1968156.875, "lowlevel.spectral_strongpeak.mean": 1.3815594911575317, "lowlevel.spectral_strongpeak.stdev": 1.514962911605835, "lowlevel.zerocrossingrate.mean": 0.06434261798858643, "lowlevel.zerocrossingrate.stdev": 0.03062727116048336, "metadata.audio_properties.analysis.equal_loudness": 0.0, "metadata.audio_properties.analysis.length": 29.609615325927734, "metadata.audio_properties.analysis.sample_rate": 44100.0, "metadata.audio_properties.analysis.start_time": 0.0, "metadata.audio_properties.bit_rate": 117273.0, "metadata.audio_properties.length": 29.610666275024414, "metadata.audio_properties.lossless": 0.0, "metadata.audio_properties.number_channels": 1.0, "metadata.audio_properties.replay_gain": -14.47360610961914, "metadata.audio_properties.sample_rate": 48000.0, "rhythm.beats_count": 57.0, "rhythm.beats_loudness.mean": 0.031681809574365616, "rhythm.beats_loudness.stdev": 0.011195550672709942, "rhythm.bpm": 117.56116485595703, "rhythm.bpm_histogram_first_peak_bpm": 117.0, "rhythm.bpm_histogram_first_peak_weight": 0.07692301273345947, "rhythm.bpm_histogram_second_peak_bpm": 112.0, "rhythm.bpm_histogram_second_peak_spread": 0.0, "rhythm.bpm_histogram_second_peak_weight": 0.0535714291036129, "rhythm.danceability": 1.0234160423278809, "rhythm.onset_rate": 4.185136795043945, "tonal.chords_changes_rate": 0.051643192768096924, "tonal.chords_number_rate": 0.010954616591334343, "tonal.chords_strength.mean": 0.5199224948883057, "tonal.chords_strength.stdev": 0.09648290276527405, "tonal.hpcp_crest.mean": 18.66343879699707, "tonal.hpcp_crest.stdev": 7.599761486053467, "tonal.hpcp_entropy.mean": 1.452788233757019, "tonal.hpcp_entropy.stdev": 0.64361572265625, "tonal.key_edma.strength": 0.7414798140525818, "tonal.key_krumhansl.strength": 0.755813479423523, "tonal.key_temperley.strength": 0.7749231457710266, "tonal.tuning_diatonic_strength": 0.6414692997932434, "tonal.tuning_equal_tempered_deviation": 0.034025948494672775, "tonal.tuning_frequency": 438.47772216796875, "tonal.tuning_nontempered_energy_ratio": 0.6374627351760864, "lowlevel.barkbands.mean": [9.447788761463016e-05, 0.0016606425633653998, 0.0043454039841890335, 0.002862056717276573, 0.003821414429694414, 0.0044880458153784275, 0.0019640757236629725, 0.0011555609526112676, 0.0009398412657901645, 0.0008735599112696946, 0.0014818892814218998, 0.0009547622175887227, 0.0005987106123939157, 0.000349110719980672, 0.0002939476980827749, 0.00018491927767172456, 0.0005232681287452579, 0.00026467861607670784, 0.00024083831522148103, 0.0006556144799105823, 0.00019407481886446476, 6.758579547749832e-05, 8.527960744686425e-05, 0.00013356917770579457, 0.00016860725008882582, 8.013315527932718e-05, 1.1363928251739708e-06], "lowlevel.barkbands.stdev": [0.0001924334210343659, 0.0074437689036130905, 0.004658253397792578, 0.0018720702501013875, 0.004162860102951527, 0.006864581722766161, 0.004210602026432753, 0.0028097524773329496, 0.0028706095181405544, 0.0030312573071569204, 0.004224636126309633, 0.0028875430580228567, 0.0016615926288068295, 0.0007429200340993702, 0.000634518451988697, 0.0005469209281727672, 0.001424052519723773, 0.0006027866038493812, 0.0004255582462064922, 0.0009901338489726186, 0.0003506789216771722, 0.00021640368504449725, 0.0001677425898378715, 0.00027761643286794424, 0.00022920926858205348, 0.0001280752767343074, 3.3934350085473852e-06], "lowlevel.erbbands.mean": [0.032620299607515335, 0.48699674010276794, 3.854166030883789, 7.592529296875, 13.285746574401855, 10.18022346496582, 21.31620216369629, 41.13241958618164, 32.34721755981445, 26.556293487548828, 23.184667587280273, 27.552553176879883, 30.028697967529297, 35.44236373901367, 55.791709899902344, 47.33378219604492, 28.09806251525879, 22.837675094604492, 16.28289794921875, 12.44575309753418, 13.9146728515625, 25.33441734313965, 18.37702751159668, 12.22484016418457, 13.897226333618164, 29.702375411987305, 18.156402587890625, 4.036807060241699, 2.5954196453094482, 2.119051933288574, 2.4518353939056396, 2.401737689971924, 2.4949593544006348, 2.1723501682281494, 1.0171914100646973, 0.4365283250808716, 0.13128960132598877, 0.014421069994568825, 0.00030198117019608617, 4.723916208604351e-05], "lowlevel.erbbands.stdev": [0.12967850267887115, 1.988336205482483, 5.5473222732543945, 4.311809539794922, 8.026055335998535, 16.64960479736328, 41.291595458984375, 70.60076904296875, 64.00057220458984, 53.55424118041992, 62.09638595581055, 83.15603637695312, 100.01878356933594, 123.9787826538086, 169.2180633544922, 142.2960968017578, 65.47010803222656, 44.648468017578125, 26.438169479370117, 29.457012176513672, 31.09510612487793, 71.73812866210938, 41.428924560546875, 19.366046905517578, 27.834095001220703, 45.69619369506836, 28.014923095703125, 7.794286727905273, 8.283893585205078, 4.8398284912109375, 5.024416446685791, 5.665279865264893, 4.799539566040039, 3.0884289741516113, 1.4797594547271729, 0.6786490678787231, 0.2201639860868454, 0.027063125744462013, 0.0005206156056374311, 3.207941699656658e-05], "lowlevel.gfcc.mean": [8.632478713989258, 80.05768585205078, -99.33058166503906, 27.163818359375, -66.69514465332031, 11.87499713897705, -54.445770263671875, 3.8463451862335205, -47.09507751464844, 2.0486199855804443, -18.586454391479492, -8.785426139831543, -15.297146797180176], "lowlevel.melbands.mean": [0.00037564572994597256, 0.001551997265778482, 0.001582936616614461, 0.0007956757326610386, 0.0007034107111394405, 0.0009031093213707209, 0.00049500388558954, 0.00027876708190888166, 0.0001662005524849519, 0.00017415145703125745, 0.00014236172137316316, 0.00012925821647513658, 0.0001700161083135754, 0.00014178789569996297, 7.414243009407073e-05, 6.414099334506318e-05, 3.989670949522406e-05, 2.567792216723319e-05, 1.910948230943177e-05, 1.592525040905457e-05, 1.76379344338784e-05, 2.6745872673927806e-05, 2.4806042347336188e-05, 1.0528863640502095e-05, 9.544951353746e-06, 9.404506272403523e-06, 1.2126585716032423e-05, 2.2932897991267964e-05, 1.5594569049426354e-05, 3.932907475245884e-06, 1.6673693608026952e-06, 1.5238741752909846e-06, 1.1734123290807474e-06, 1.197742676595226e-06, 1.3496028259396553e-06, 1.535016281195567e-06, 1.462038085264794e-06, 1.690542603682843e-06, 1.916919927680283e-06, 1.8339896996621974e-06], "lowlevel.melbands.stdev": [0.001624276046641171, 0.0026979497633874416, 0.0007431559497490525, 0.000716194452252239, 0.0012534932466223836, 0.0014887080760672688, 0.0009604929364286363, 0.0005608887295238674, 0.0004633622884284705, 0.0005294829607009888, 0.0005095420638099313, 0.00047881383216008544, 0.0004912989097647369, 0.0003640273353084922, 0.00023597189283464104, 0.00015990111569408327, 8.805335528450087e-05, 4.257689215592109e-05, 5.3929707064526156e-05, 5.068978134659119e-05, 4.442070712684654e-05, 7.639967952854931e-05, 7.142749382182956e-05, 2.1038949853391387e-05, 1.6933761799009517e-05, 2.3135735318646766e-05, 2.6149222321691923e-05, 3.580725024221465e-05, 2.5653525881352834e-05, 6.548202236444922e-06, 4.2692186070780735e-06, 5.277512173051946e-06, 3.7504182728298474e-06, 2.4083408334263368e-06, 2.717504685278982e-06, 3.6054632346349536e-06, 3.593143901525764e-06, 3.569498176148045e-06, 3.1733525247545913e-06, 2.5786303012864664e-06], "lowlevel.melbands128.mean": [4.528325371211395e-05, 0.0001961392117664218, 0.00046897013089619577, 0.0007995198247954249, 0.0016460202168673277, 0.002257449785247445, 0.0013850769028067589, 0.0016628962475806475, 0.0014918227680027485, 0.0005604355246759951, 0.00047831566189415753, 0.0006810011109337211, 0.0007390581304207444, 0.0007242235587909818, 0.001047452911734581, 0.0009781778790056705, 0.0006246065604500473, 0.00032267390633933246, 0.0004933056770823896, 0.0002417141804471612, 0.00021868616749998182, 0.0002056793891824782, 0.00020242281607352197, 4.692484435508959e-05, 0.00019077700562775135, 0.00023884745314717293, 9.834465163294226e-05, 0.00020336030866019428, 9.045442857313901e-05, 7.13140907464549e-05, 0.00020611412764992565, 0.0001291018124902621, 0.00010657688835635781, 0.0003189193375874311, 5.743380097555928e-05, 0.00014958588872104883, 0.00016225712897721678, 4.303086097934283e-05, 4.6778772230027243e-05, 5.806673289043829e-05, 9.088010847335681e-05, 2.908882925112266e-05, 3.810901762335561e-05, 5.204207627684809e-05, 1.966109084605705e-05, 2.5774714231374674e-05, 2.5502569769741967e-05, 2.0285675418563187e-05, 1.561489625601098e-05, 1.2968076589459088e-05, 2.164981560781598e-05, 1.321933996223379e-05, 3.9239130273927e-06, 2.838951513695065e-05, 3.067432771786116e-05, 1.927733865159098e-05, 2.9943299523438327e-05, 3.2602860301267356e-05, 1.959276596608106e-05, 1.8689632270252332e-05, 6.864161150588188e-06, 6.56028714729473e-06, 1.2931651326653082e-05, 1.0143023246200755e-05, 5.232319381320849e-06, 1.1784553862526082e-05, 9.837388461164664e-06, 5.90576291870093e-06, 1.52722805069061e-05, 1.818612690840382e-05, 1.3048703294771258e-05, 3.909426959580742e-05, 2.1366009605117142e-05, 1.114863516704645e-05, 6.798381946282461e-06, 4.347148660599487e-06, 2.7331911951478105e-06, 1.7548825326230144e-06, 1.5013760048532276e-06, 1.4490594821836567e-06, 1.7388512105753762e-06, 1.4786362498853123e-06, 1.214814233208017e-06, 1.262997898265894e-06, 9.591766456651385e-07, 1.1137503861391451e-06, 1.2811523220079835e-06, 1.3699275314138504e-06, 1.2983838360014488e-06, 1.314191763412964e-06, 1.6943317859841045e-06, 1.5827334891582723e-06, 1.3585292890638812e-06, 1.2843095191783505e-06, 1.6408426972702728e-06, 1.793580509001913e-06, 1.5718409258624888e-06, 1.7120237316703424e-06, 2.032315023825504e-06, 1.9818269265670097e-06, 1.8574628484202549e-06, 2.0458619474084117e-06, 1.482484094594838e-06, 1.1606058478719206e-06, 1.0823478078236803e-06, 1.0859215535674593e-06, 9.174641490972135e-07, 8.987018418338266e-07, 7.987757726368727e-07, 6.055176982044941e-07, 4.4540871613207855e-07, 5.165063612366794e-07, 4.305260574710701e-07, 3.275721098816575e-07, 2.650483565957984e-07, 1.506055866684619e-07, 4.590688007510835e-08, 5.878078579435453e-10, 3.746820128464057e-12, 3.5881044229552073e-12, 3.4690269320319933e-12, 3.374445471313048e-12, 3.293574831267354e-12, 3.2235548865638952e-12, 3.1306745390535795e-12, 3.018245592692481e-12, 2.951838643308613e-12, 2.9280727148472963e-12], "lowlevel.melbands128.stdev": [0.00015455493121407926, 0.0008009659359231591, 0.0022292560897767544, 0.0037731563206762075, 0.003476568032056093, 0.0021659673657268286, 0.0010752452071756124, 0.0013536950573325157, 0.0010159414960071445, 0.0007572729955427349, 0.0010818478185683489, 0.0014911432517692447, 0.0019458826864138246, 0.0014479074161499739, 0.0021903293672949076, 0.0022063185460865498, 0.0016959005733951926, 0.0010609511518850923, 0.0014298770111054182, 0.0005548465414904058, 0.0007363654440268874, 0.000651777081657201, 0.0006965358043089509, 0.0002687634842004627, 0.0008279454777948558, 0.0007725118193775415, 0.0003602673823479563, 0.0009069640072993934, 0.000552781333681196, 0.00036049215123057365, 0.0009714507614262402, 0.0005658719455823302, 0.00041638617403805256, 0.0012103593908250332, 0.00019692399655468762, 0.0005714999279007316, 0.0006248091231100261, 0.0002471629995852709, 0.00030021884595043957, 0.00014848170394543558, 0.00028811884112656116, 0.0001410954719176516, 0.00011421977978898212, 0.0001406451192451641, 4.912066287943162e-05, 6.818876863690093e-05, 6.750897591700777e-05, 8.82299937075004e-05, 6.401009886758402e-05, 4.769414954353124e-05, 9.360282274428755e-05, 6.174638838274404e-05, 7.921638825791888e-06, 9.768090967554599e-05, 9.793660865398124e-05, 9.521926403976977e-05, 0.00015688227722421288, 0.0001360471942462027, 6.862370355520397e-05, 5.800958024337888e-05, 2.113015034410637e-05, 1.935008549480699e-05, 3.312497210572474e-05, 2.2222986444830894e-05, 1.1727286619134247e-05, 3.972684498876333e-05, 2.689210305106826e-05, 1.858381619967986e-05, 4.290732249501161e-05, 5.924740980844945e-05, 3.211190414731391e-05, 7.681361603317782e-05, 4.42602249677293e-05, 2.9004666430409998e-05, 1.3273624063003808e-05, 7.856339834688697e-06, 6.2253484429675154e-06, 4.2448305066500325e-06, 4.145850653003436e-06, 5.154443897481542e-06, 6.465837032010313e-06, 5.4467104746436235e-06, 3.7832978705409914e-06, 5.049435912951594e-06, 2.356398681513383e-06, 2.699937795114238e-06, 2.553957301643095e-06, 2.770467972368351e-06, 2.7753287668019766e-06, 3.016128630406456e-06, 4.1866251194733195e-06, 3.880199528794037e-06, 3.6940411973773735e-06, 3.667360942927189e-06, 4.263608843757538e-06, 3.835928055195836e-06, 3.94105200030026e-06, 3.5941973237640923e-06, 3.7097008771524997e-06, 3.3819917462096782e-06, 2.805801159411203e-06, 2.9118984912201995e-06, 2.5668305170256644e-06, 2.32340426009614e-06, 1.8814438362824148e-06, 1.8312554175281548e-06, 1.512346216259175e-06, 1.4743681049367297e-06, 1.4096875702307443e-06, 1.1414274467824725e-06, 8.603012702224078e-07, 9.97096321952995e-07, 7.63932575864601e-07, 6.111818606768793e-07, 5.291692559694638e-07, 3.588924926134496e-07, 1.3281130861741985e-07, 3.1486702134486677e-09, 6.328086058632332e-12, 6.130984608887502e-12, 5.9791884984838894e-12, 5.86185960882446e-12, 5.745140908147706e-12, 5.595149777520847e-12, 5.189000704813873e-12, 4.798337074896075e-12, 4.694188614207118e-12, 4.664749923138922e-12], "lowlevel.mfcc.mean": [-642.476318359375, 113.32537078857422, 18.15068817138672, 15.904778480529785, 7.932497024536133, -3.3799595832824707, 7.154427528381348, -14.231882095336914, -11.71229362487793, -7.789470672607422, -12.71776008605957, -2.5524048805236816, -4.341679096221924], "lowlevel.spectral_contrast_coeffs.mean": [-0.6376193761825562, -0.6643943190574646, -0.7199805378913879, -0.7673295140266418, -0.771030604839325, -0.7925851345062256], "lowlevel.spectral_contrast_coeffs.stdev": [0.06352953612804413, 0.07354460656642914, 0.07846588641405106, 0.05770158767700195, 0.0592290461063385, 0.031449560075998306], "lowlevel.spectral_contrast_valleys.mean": [-6.729980945587158, -7.117564678192139, -7.793538570404053, -8.025369644165039, -7.761775493621826, -10.00954532623291], "lowlevel.spectral_contrast_valleys.stdev": [0.6406385898590088, 0.6584821343421936, 0.6217701435089111, 0.5764886736869812, 0.7674622535705566, 0.7443516254425049], "rhythm.beats_loudness_band_ratio.mean": [0.4613434970378876, 0.20672789216041565, 0.1467069834470749, 0.1191558763384819, 0.055242400616407394, 0.06974128633737564], "rhythm.beats_loudness_band_ratio.stdev": [0.20980717241764069, 0.14571204781532288, 0.13181133568286896, 0.1506245732307434, 0.04821079224348068, 0.0438450388610363], "tonal.hpcp.mean": [0.11124586313962936, 0.06794833391904831, 0.09849029034376144, 0.24118027091026306, 0.17485247552394867, 0.022136537358164787, 0.016180388629436493, 0.024812012910842896, 0.1868363916873932, 0.3597247898578644, 0.20151343941688538, 0.018420342355966568, 0.009976097382605076, 0.011085797101259232, 0.07572982460260391, 0.1619679480791092, 0.1049547865986824, 0.020447568967938423, 0.011859926395118237, 0.011408191174268723, 0.03979939967393875, 0.08404747396707535, 0.0680166557431221, 0.19652344286441803, 0.41687893867492676, 0.25620323419570923, 0.03395779803395271, 0.026132114231586456, 0.02227487415075302, 0.13180257380008698, 0.27640247344970703, 0.17294208705425262, 0.0338626429438591, 0.02626226469874382, 0.021334107965230942, 0.07112150639295578], "tonal.hpcp.stdev": [0.26230621337890625, 0.17063364386558533, 0.18063654005527496, 0.3101907968521118, 0.23804406821727753, 0.082619309425354, 0.054627735167741776, 0.10370785742998123, 0.24516735970973969, 0.4060814380645752, 0.24241672456264496, 0.08617385476827621, 0.0681471973657608, 0.06388617306947708, 0.15276998281478882, 0.27760952711105347, 0.19403141736984253, 0.08380178362131119, 0.0410049669444561, 0.06284381449222565, 0.098963662981987, 0.15987415611743927, 0.14549149572849274, 0.23202431201934814, 0.4436311721801758, 0.2928081452846527, 0.12484537065029144, 0.1141800507903099, 0.09563028067350388, 0.1897331327199936, 0.36653921008110046, 0.24579571187496185, 0.12024099379777908, 0.09839115291833878, 0.10589498281478882, 0.1730511486530304], "rhythm.beats_position": [0.5340589284896851, 1.0681178569793701, 1.6021767854690552, 2.11301589012146, 2.623854875564575, 3.1346938610076904, 3.6455328464508057, 4.156371593475342, 4.667210578918457, 5.178049564361572, 5.6888885498046875, 6.199728012084961, 6.6989569664001465, 7.221405982971191, 7.732244968414307, 8.219863891601562, 8.753922462463379, 9.264761924743652, 9.77560043334961, 10.286439895629883, 10.78566837310791, 11.296507835388184, 11.80734634399414, 12.318185806274414, 12.817414283752441, 13.328253746032715, 13.839092254638672, 14.349931716918945, 14.860771179199219, 15.371609687805176, 15.88244915008545, 16.393287658691406, 16.90412712097168, 17.414966583251953, 17.925804138183594, 18.436643600463867, 18.94748306274414, 19.458322525024414, 19.969160079956055, 20.479999542236328, 20.9908390045166, 21.501678466796875, 22.012516021728516, 22.52335548400879, 23.034194946289062, 23.545034408569336, 24.055871963500977, 24.56671142578125, 25.077550888061523, 25.588390350341797, 26.099227905273438, 26.61006736755371, 27.120906829833984, 27.631746292114258, 28.1425838470459, 28.653423309326172, 29.164262771606445], "rhythm.bpm_histogram": [0.0, 0.0, 0.0, 0.0, 0.0, 0.0, 0.0, 0.0, 0.0, 0.0, 0.0, 0.0, 0.0, 0.0, 0.0, 0.0, 0.0, 0.0, 0.0, 0.0, 0.0, 0.0, 0.0, 0.0, 0.0, 0.0, 0.0, 0.0, 0.0, 0.0, 0.0, 0.0, 0.0, 0.0, 0.0, 0.0, 0.0, 0.0, 0.0, 0.0, 0.0, 0.0, 0.0, 0.0, 0.0, 0.0, 0.0, 0.0, 0.0, 0.0, 0.0, 0.0, 0.0, 0.0, 0.0, 0.0, 0.0, 0.0, 0.0, 0.0, 0.0, 0.0, 0.0, 0.0, 0.0, 0.0, 0.0, 0.0, 0.0, 0.0, 0.0, 0.0, 0.0, 0.0, 0.0, 0.0, 0.0, 0.0, 0.0, 0.0, 0.0, 0.0, 0.0, 0.0, 0.0, 0.0, 0.0, 0.0, 0.0, 0.0, 0.0, 0.0, 0.0, 0.0, 0.0, 0.0, 0.0, 0.0, 0.0, 0.0, 0.0, 0.0, 0.0, 0.0, 0.0, 0.0, 0.0, 0.0, 0.0, 0.0, 0.0, 0.0, 0.0535714291036129, 0.0, 0.0, 0.01785714365541935, 0.0, 0.8571428656578064, 0.0, 0.0, 0.0535714291036129, 0.0, 0.0, 0.01785714365541935, 0.0, 0.0, 0.0, 0.0, 0.0, 0.0, 0.0, 0.0, 0.0, 0.0, 0.0, 0.0, 0.0, 0.0, 0.0, 0.0, 0.0, 0.0, 0.0, 0.0, 0.0, 0.0, 0.0, 0.0, 0.0, 0.0, 0.0, 0.0, 0.0, 0.0, 0.0, 0.0, 0.0, 0.0, 0.0, 0.0, 0.0, 0.0, 0.0, 0.0, 0.0, 0.0, 0.0, 0.0, 0.0, 0.0, 0.0, 0.0, 0.0, 0.0, 0.0, 0.0, 0.0, 0.0, 0.0, 0.0, 0.0, 0.0, 0.0, 0.0, 0.0, 0.0, 0.0, 0.0, 0.0, 0.0, 0.0, 0.0, 0.0, 0.0, 0.0, 0.0, 0.0, 0.0, 0.0, 0.0, 0.0, 0.0, 0.0, 0.0, 0.0, 0.0, 0.0, 0.0, 0.0, 0.0, 0.0, 0.0, 0.0, 0.0, 0.0, 0.0, 0.0, 0.0, 0.0, 0.0, 0.0, 0.0, 0.0, 0.0, 0.0, 0.0, 0.0, 0.0, 0.0, 0.0, 0.0, 0.0, 0.0, 0.0, 0.0, 0.0, 0.0, 0.0, 0.0, 0.0, 0.0, 0.0, 0.0, 0.0, 0.0, 0.0, 0.0, 0.0, 0.0, 0.0], "tonal.chords_histogram": [16.74491310119629, 0.0, 32.39436721801758, 0.0, 3.5993740558624268, 0.0, 0.0, 0.0, 0.0, 0.0, 0.0, 0.0, 0.0, 0.0, 0.0, 0.0, 0.0, 4.2253522872924805, 0.0, 0.9389671087265015, 0.0, 2.034428834915161, 38.65414810180664, 1.408450722694397], "tonal.thpcp": [1.0, 0.614574670791626, 0.08145722001791, 0.06268513947725296, 0.05343247577548027, 0.31616511940956116, 0.6630281805992126, 0.4148496687412262, 0.08122896403074265, 0.06299734115600586, 0.051175788044929504, 0.17060470581054688, 0.26685410737991333, 0.16299296915531158, 0.23625633120536804, 0.5785379409790039, 0.41943225264549255, 0.05310063809156418, 0.03881315886974335, 0.05951850861310959, 0.4481790065765381, 0.862899899482727, 0.48338598012924194, 0.0441863089799881, 0.023930441588163376, 0.02659236639738083, 0.1816590279340744, 0.388525128364563, 0.2517632246017456, 0.04904917627573013, 0.02844933047890663, 0.02736571803689003, 0.09546992182731628, 0.2016112208366394, 0.16315685212612152, 0.47141608595848083], "lowlevel.gfcc.cov": [[3207.233154296875, -450.3910217285156, -271.0129699707031, 28.25380516052246, -31.555482864379883, -190.0618438720703, 249.87948608398438, 346.2286682128906, -72.92259979248047, 190.17156982421875, -40.59605026245117, 48.2855110168457, 41.22097396850586], [-450.3910217285156, 852.90234375, -313.3907165527344, -179.87100219726562, -4.975697040557861, -31.520837783813477, -42.32374954223633, -118.50621032714844, 56.186893463134766, -51.21919250488281, 158.52796936035156, -188.9005889892578, 1.4600454568862915], [-271.0129699707031, -313.3907165527344, 731.1763305664062, 80.72379302978516, 27.716402053833008, 155.022216796875, -141.07333374023438, -64.07550048828125, 64.1552505493164, 65.51158905029297, -88.22454833984375, 179.65008544921875, -105.36078643798828], [28.25380516052246, -179.87100219726562, 80.72379302978516, 380.0553283691406, 37.46615219116211, -37.633338928222656, 9.722723960876465, 52.6789665222168, 16.648664474487305, -64.94397735595703, -41.350337982177734, 63.7612419128418, 108.36803436279297], [-31.555482864379883, -4.975697040557861, 27.716402053833008, 37.46615219116211, 178.352783203125, 20.447872161865234, 14.537591934204102, 53.24296569824219, 13.006486892700195, -0.6928185224533081, -5.108720302581787, 35.05223083496094, 1.6892826557159424], [-190.0618438720703, -31.520837783813477, 155.022216796875, -37.633338928222656, 20.447872161865234, 265.52349853515625, 49.0323600769043, -67.03504943847656, -2.61159610748291, 35.35127639770508, 10.078649520874023, 2.479128837585449, -39.1232795715332], [249.87948608398438, -42.32374954223633, -141.07333374023438, 9.722723960876465, 14.537591934204102, 49.0323600769043, 239.5316619873047, 87.04595947265625, -76.73247528076172, 14.729828834533691, 15.542559623718262, -30.22823143005371, 67.84813690185547], [346.2286682128906, -118.50621032714844, -64.07550048828125, 52.6789665222168, 53.24296569824219, -67.03504943847656, 87.04595947265625, 206.5167694091797, 29.979263305664062, -18.44898223876953, -43.31221389770508, 24.236366271972656, 46.68374252319336], [-72.92259979248047, 56.186893463134766, 64.1552505493164, 16.648664474487305, 13.006486892700195, -2.61159610748291, -76.73247528076172, 29.979263305664062, 139.27667236328125, 18.569385528564453, -13.659255981445312, 8.356792449951172, -38.299278259277344], [190.17156982421875, -51.21919250488281, 65.51158905029297, -64.94397735595703, -0.6928185224533081, 35.35127639770508, 14.729828834533691, -18.44898223876953, 18.569385528564453, 136.48736572265625, 35.1370735168457, 5.444546222686768, -45.97517776489258], [-40.59605026245117, 158.52796936035156, -88.22454833984375, -41.350337982177734, -5.108720302581787, 10.078649520874023, 15.542559623718262, -43.31221389770508, -13.659255981445312, 35.1370735168457, 118.4437484741211, -30.96004295349121, -7.333369255065918], [48.2855110168457, -188.9005889892578, 179.65008544921875, 63.7612419128418, 35.05223083496094, 2.479128837585449, -30.22823143005371, 24.236366271972656, 8.356792449951172, 5.444546222686768, -30.96004295349121, 128.8953857421875, -0.23986898362636566], [41.22097396850586, 1.4600454568862915, -105.36078643798828, 108.36803436279297, 1.6892826557159424, -39.1232795715332, 67.84813690185547, 46.68374252319336, -38.299278259277344, -45.97517776489258, -7.333369255065918, -0.23986898362636566, 162.49903869628906]], "lowlevel.gfcc.icov": [[0.0005786888650618494, -0.0002254665014334023, 0.0004738497664220631, -0.00042161159217357635, 0.0005619559669867158, -0.00011525063746375963, 0.00032680583535693586, -0.0013652724446728826, 0.001103980583138764, -0.0016365682240575552, 0.0006693158065900207, -0.0006570991827175021, 0.0004922177758999169], [-0.0002254665014334023, 0.0047908201813697815, -0.0009630286367610097, 0.0027772211469709873, -0.002404408762231469, 0.002009575255215168, -0.001915918430313468, 0.0042920196428895, -0.005944767035543919, 0.0053899046033620834, -0.005772159434854984, 0.0051994770765304565, -0.0025155970361083746], [0.0004738497664220631, -0.0009630286367610097, 0.004536460619419813, -0.0018218650948256254, 0.0013076545437797904, -0.0028303461149334908, 0.0025145167019218206, -0.0015490122605115175, 0.002174312947317958, -0.004091070033609867, 0.003764495486393571, -0.005490346346050501, 0.0022616374772042036], [-0.00042161159217357635, 0.0027772211469709873, -0.0018218650948256254, 0.006071928422898054, -0.0022545005194842815, 0.0021624939981848, -0.0024060478899627924, 0.003800424747169018, -0.0056356098502874374, 0.005680611357092857, -0.0036956563126295805, 0.0022855589631944895, -0.00457613542675972], [0.0005619559669867158, -0.002404408762231469, 0.0013076545437797904, -0.0022545005194842815, 0.008353511802852154, -0.0025734244845807552, 0.002096624346449971, -0.005614523310214281, 0.004114431794732809, -0.003906314726918936, 0.0024083121679723263, -0.0046355039812624454, 0.0022279240656644106], [-0.00011525063746375963, 0.002009575255215168, -0.0028303461149334908, 0.0021624939981848, -0.0025734244845807552, 0.008167056366801262, -0.006117972079664469, 0.006125692278146744, -0.005301461089402437, 0.0036792049650102854, -0.0027218812610954046, 0.003352560568600893, -0.0008048689342103899], [0.00032680583535693586, -0.001915918430313468, 0.0025145167019218206, -0.0024060478899627924, 0.002096624346449971, -0.006117972079664469, 0.013508141972124577, -0.010003169998526573, 0.010351286269724369, -0.006782981567084789, 0.0019157364731654525, -0.0005737484898418188, -0.0004855928127653897], [-0.0013652724446728826, 0.0042920196428895, -0.0015490122605115175, 0.003800424747169018, -0.005614523310214281, 0.006125692278146744, -0.010003169998526573, 0.018580490723252296, -0.013681303709745407, 0.009262427687644958, -0.0025844916235655546, 0.00251824501901865, -0.003576011396944523], [0.001103980583138764, -0.005944767035543919, 0.002174312947317958, -0.0056356098502874374, 0.004114431794732809, -0.005301461089402437, 0.010351286269724369, -0.013681303709745407, 0.02207832783460617, -0.012020856142044067, 0.0075247883796691895, -0.004491627216339111, 0.005366342142224312], [-0.0016365682240575552, 0.0053899046033620834, -0.004091070033609867, 0.005680611357092857, -0.003906314726918936, 0.0036792049650102854, -0.006782981567084789, 0.009262427687644958, -0.012020856142044067, 0.02072330191731453, -0.011081274598836899, 0.006301087327301502, -0.0024374208878725767], [0.0006693158065900207, -0.005772159434854984, 0.003764495486393571, -0.0036956563126295805, 0.0024083121679723263, -0.0027218812610954046, 0.0019157364731654525, -0.0025844916235655546, 0.0075247883796691895, -0.011081274598836899, 0.01956799253821373, -0.00710907019674778, 0.0035606413148343563], [-0.0006570991827175021, 0.0051994770765304565, -0.005490346346050501, 0.0022855589631944895, -0.0046355039812624454, 0.003352560568600893, -0.0005737484898418188, 0.00251824501901865, -0.004491627216339111, 0.006301087327301502, -0.00710907019674778, 0.021043848246335983, -0.004158249590545893], [0.0004922177758999169, -0.0025155970361083746, 0.0022616374772042036, -0.00457613542675972, 0.0022279240656644106, -0.0008048689342103899, -0.0004855928127653897, -0.003576011396944523, 0.005366342142224312, -0.0024374208878725767, 0.0035606413148343563, -0.004158249590545893, 0.012312648817896843]], "lowlevel.mfcc.cov": [[2787.8095703125, -366.6249084472656, -417.7310791015625, 228.75286865234375, -247.30731201171875, -301.32470703125, 212.6960906982422, 18.30811309814453, 213.2640380859375, 197.6306610107422, -36.68614196777344, 137.2997283935547, 167.1336212158203], [-366.6249084472656, 753.4774169921875, -190.06533813476562, -230.4983367919922, -3.7493174076080322, -27.360960006713867, -31.03664779663086, -111.8205337524414, -159.6610107421875, 78.90769958496094, 86.20462799072266, -15.415754318237305, -61.529640197753906], [-417.7310791015625, -190.06533813476562, 541.8801879882812, -38.88151550292969, 96.76300048828125, 195.81851196289062, -128.59719848632812, 19.353370666503906, -19.632001876831055, -86.18285369873047, 55.022212982177734, -12.589851379394531, -29.177547454833984], [228.75286865234375, -230.4983367919922, -38.88151550292969, 356.7930908203125, 48.66752624511719, -115.86018371582031, 22.70501708984375, 71.66185760498047, 122.44667053222656, -62.264747619628906, -98.89934539794922, 54.707271575927734, 31.68482208251953], [-247.30731201171875, -3.7493174076080322, 96.76300048828125, 48.66752624511719, 218.8537139892578, 28.889026641845703, -100.98067474365234, 44.243804931640625, 6.302399635314941, -55.65579605102539, 30.00469207763672, 12.03848934173584, -16.306072235107422], [-301.32470703125, -27.360960006713867, 195.81851196289062, -115.86018371582031, 28.889026641845703, 275.72589111328125, 21.24521827697754, -25.89515495300293, -55.151058197021484, 4.467818260192871, 58.62128448486328, -43.74320602416992, -16.796367645263672], [212.6960906982422, -31.03664779663086, -128.59719848632812, 22.70501708984375, -100.98067474365234, 21.24521827697754, 266.0895080566406, 23.31622314453125, 45.28925704956055, 65.60297393798828, -72.20670318603516, -18.98646354675293, 70.5678939819336], [18.30811309814453, -111.8205337524414, 19.353370666503906, 71.66185760498047, 44.243804931640625, -25.89515495300293, 23.31622314453125, 155.5605010986328, 92.31242370605469, -23.804126739501953, -14.353226661682129, -5.29454231262207, 20.809837341308594], [213.2640380859375, -159.6610107421875, -19.632001876831055, 122.44667053222656, 6.302399635314941, -55.151058197021484, 45.28925704956055, 92.31242370605469, 196.99856567382812, 14.99816608428955, -66.3926010131836, 3.077789306640625, 48.1714973449707], [197.6306610107422, 78.90769958496094, -86.18285369873047, -62.264747619628906, -55.65579605102539, 4.467818260192871, 65.60297393798828, -23.804126739501953, 14.99816608428955, 140.1673583984375, 41.88576889038086, -13.343916893005371, 9.681674003601074], [-36.68614196777344, 86.20462799072266, 55.022212982177734, -98.89934539794922, 30.00469207763672, 58.62128448486328, -72.20670318603516, -14.353226661682129, -66.3926010131836, 41.88576889038086, 189.0281219482422, 18.99988555908203, -38.452232360839844], [137.2997283935547, -15.415754318237305, -12.589851379394531, 54.707271575927734, 12.03848934173584, -43.74320602416992, -18.98646354675293, -5.29454231262207, 3.077789306640625, -13.343916893005371, 18.99988555908203, 100.59285736083984, 20.413217544555664], [167.1336212158203, -61.529640197753906, -29.177547454833984, 31.68482208251953, -16.306072235107422, -16.796367645263672, 70.5678939819336, 20.809837341308594, 48.1714973449707, 9.681674003601074, -38.452232360839844, 20.413217544555664, 110.22991943359375]], "lowlevel.mfcc.icov": [[0.0006719503435306251, 0.0004528171557467431, 0.00028990034479647875, -9.382695134263486e-05, 0.0003913819673471153, 0.0004483330703806132, -4.2978506826329976e-05, 0.00023374367447104305, -0.00020713407138828188, -0.000765549426432699, -0.0003402161237318069, -0.0005557301919907331, -0.00041077242349274457], [0.0004528171557467431, 0.00269293412566185, 0.0009750640019774437, 0.0013020471669733524, -0.0007773725083097816, 0.0009751309989951551, -0.00019909889670088887, 0.0007740078144706786, 0.0008738544420339167, -0.0011981322895735502, -0.00022321598953567445, -0.0005070046754553914, 0.0004547442658804357], [0.00028990034479647875, 0.0009750640019774437, 0.0039093876257538795, 0.00027929505449719727, 6.835293606854975e-05, -0.002545392606407404, 0.0018469392089173198, -0.00031330055207945406, -0.00035835918970406055, 0.0008633743273094296, -0.00026889258879236877, -0.00043976932647638023, -0.000373329792637378], [-9.382695134263486e-05, 0.0013020471669733524, 0.00027929505449719727, 0.006174607202410698, -0.0019891385454684496, 0.0017745312070474029, -0.0014317085733637214, 0.00040521754999645054, -0.0020043356344103813, 0.0016801649471744895, 0.0012963806511834264, -0.002526683732867241, 0.001632825704291463], [0.0003913819673471153, -0.0007773725083097816, 6.835293606854975e-05, -0.0019891385454684496, 0.0077395448461174965, -0.0018309754086658359, 0.0030952380038797855, -0.0024196302983909845, -0.00010594502236926928, 0.0005846046260558069, -0.0006814933149144053, -0.0003608721890486777, -0.0012722854735329747], [0.0004483330703806132, 0.0009751309989951551, -0.002545392606407404, 0.0017745312070474029, -0.0018309754086658359, 0.008320511318743229, -0.0038523473776876926, 0.0022875305730849504, 0.00023095370852388442, 4.213285865262151e-05, -0.00229126145131886, 0.0018201700877398252, 0.00047108999569900334], [-4.2978506826329976e-05, -0.00019909889670088887, 0.0018469392089173198, -0.0014317085733637214, 0.0030952380038797855, -0.0038523473776876926, 0.009074065834283829, -0.0032366791274398565, 0.001498109195381403, -0.003649953519925475, 0.0032923880498856306, 0.00013003754429519176, -0.0036824417766183615], [0.00023374367447104305, 0.0007740078144706786, -0.00031330055207945406, 0.00040521754999645054, -0.0024196302983909845, 0.0022875305730849504, -0.0032366791274398565, 0.01197032444179058, -0.005622557830065489, 0.003610681975260377, -0.0036143818870186806, 0.0021439851261675358, 0.00016323119052685797], [-0.00020713407138828188, 0.0008738544420339167, -0.00035835918970406055, -0.0020043356344103813, -0.00010594502236926928, 0.00023095370852388442, 0.001498109195381403, -0.005622557830065489, 0.011644028127193451, -0.005133028142154217, 0.003484694752842188, 0.0002865081769414246, -0.0020701501052826643], [-0.000765549426432699, -0.0011981322895735502, 0.0008633743273094296, 0.0016801649471744895, 0.0005846046260558069, 4.213285865262151e-05, -0.003649953519925475, 0.003610681975260377, -0.005133028142154217, 0.015130850486457348, -0.005518720019608736, 0.0026120522525161505, 0.0004908117116428912], [-0.0003402161237318069, -0.00022321598953567445, -0.00026889258879236877, 0.0012963806511834264, -0.0006814933149144053, -0.00229126145131886, 0.0032923880498856306, -0.0036143818870186806, 0.003484694752842188, -0.005518720019608736, 0.011074385605752468, -0.004057080019265413, 0.001648434204980731], [-0.0005557301919907331, -0.0005070046754553914, -0.00043976932647638023, -0.002526683732867241, -0.0003608721890486777, 0.0018201700877398252, 0.00013003754429519176, 0.0021439851261675358, 0.0002865081769414246, 0.0026120522525161505, -0.004057080019265413, 0.014746691100299358, -0.0035953475162386894], [-0.00041077242349274457, 0.0004547442658804357, -0.000373329792637378, 0.001632825704291463, -0.0012722854735329747, 0.00047108999569900334, -0.0036824417766183615, 0.00016323119052685797, -0.0020701501052826643, 0.0004908117116428912, 0.001648434204980731, -0.0035953475162386894, 0.013693073764443398]], "metadata.audio_properties.analysis.downmix": "mix", "metadata.audio_properties.codec": "mp3", "metadata.audio_properties.md5_encoded": "22f906d1428cf9f5a973768d68206e83", "metadata.tags.file_name": "1182274150514049024.mp3", "metadata.version.essentia": "2.1-beta6-dev", "metadata.version.essentia_git_sha": "v2.1_beta5-1110-g77a6a954", "metadata.version.extractor": "music 2.0", "tonal.chords_key": "Bb", "tonal.chords_scale": "major", "tonal.key_edma.key": "F", "tonal.key_edma.scale": "major", "tonal.key_krumhansl.key": "F", "tonal.key_krumhansl.scale": "major", "tonal.key_temperley.key": "F", "tonal.key_temperley.scale": "major", "metadata.tags.encoding": ["Lavf58.45.100"]}, "essentia_models": [{"model_name": "genre_dortmund", "activations": {"alternative": "0.06958267", "blues": "0.022220615", "electronic": "0.006649754", "folkcountry": "0.48829734", "funksoulrnb": "0.015090676",