{"song_id": "1182262565154332702", "download": "https://cdn.discordapp.com/attachments/1135903449314238464/1182262565154332702/chirp.mp4?ex=65840ed0&amp", "lyrics": "\u0411\u043e\u043b\u044c\u0448\u043e\u0435 \u0420\u044b\u043b\u043e, \u0441\u0432\u0438\u043d\u043a\u0430 \u043e\u0433\u0440\u043e\u043c\u043d\u0430\u044f,\n\u0416\u0438\u0440\u043d\u0430\u044f \u0436\u043e\u043f\u0430 \u0435\u0451 \u043d\u0435 \u0431\u0435\u0437\u0434\u043e\u043c\u043d\u0430\u044f\n\u0421\u043c\u0435\u0448\u043d\u0430\u044f, \u0432\u0435\u0441\u0435\u043b\u0430\u044f, \u0442\u0430\u043a\u0430\u044f,\n\u0411\u043e\u043b\u044c\u0448\u043e\u0435 \u0420\u044b\u043b\u043e, \u043e\u043d\u0430 \u043e\u0447\u0435\u043d\u044c \u043a\u0440\u0443\u0442\u0430\u044f!\n\n\u0411\u043e\u043b\u044c\u0448\u043e\u0435 \u0420\u044b\u043b\u043e, \u0432\u0435\u0441\u044c \u043c\u0438\u0440 \u0442\u0432\u043e\u0439 \u043f\u0443\u0442\u044c,\n\u0421\u0432\u043e\u0438\u043c \u0432\u0435\u0441\u0435\u043b\u044c\u0435\u043c \u0441\u0432\u0435\u0442\u0438\u0448\u044c,\u0441 \u0433\u043e\u0440\u044b \u0431\u044b \u0441\u0438\u0433\u0430\u043d\u0443\u0442\u044c.\n\u0421\u0432\u0438\u043d\u043a\u0430-\u0433\u0438\u0433\u0430\u043d\u0442, \u0440\u0430\u0434\u043e\u0441\u0442\u044c \u0438 \u0441\u043c\u0435\u0445,\n\u0411\u043e\u043b\u044c\u0448\u043e\u0435 \u0420\u044b\u043b\u043e, \u0442\u044b \u043f\u0440\u043e\u0441\u0442\u043e \u0443\u0441\u043f\u0435\u0445!", "style": ["Pank</span><span>-rok"], "essentia_features": {"lowlevel.average_loudness": 0.9541153311729431, "lowlevel.barkbands_crest.mean": 14.595695495605469, "lowlevel.barkbands_crest.stdev": 5.702907085418701, "lowlevel.barkbands_flatness_db.mean": 0.19096803665161133, "lowlevel.barkbands_flatness_db.stdev": 0.1352207064628601, "lowlevel.barkbands_kurtosis.mean": 17.654876708984375, "lowlevel.barkbands_kurtosis.stdev": 60.82956314086914, "lowlevel.barkbands_skewness.mean": 2.5827620029449463, "lowlevel.barkbands_skewness.stdev": 2.633981704711914, "lowlevel.barkbands_spread.mean": 34.8270149230957, "lowlevel.barkbands_spread.stdev": 26.010778427124023, "lowlevel.dissonance.mean": 0.47516027092933655, "lowlevel.dissonance.stdev": 0.03176052123308182, "lowlevel.dynamic_complexity": 4.0606536865234375, "lowlevel.erbbands_crest.mean": 7.7498393058776855, "lowlevel.erbbands_crest.stdev": 3.938821315765381, "lowlevel.erbbands_flatness_db.mean": 0.13262157142162323, "lowlevel.erbbands_flatness_db.stdev": 0.06000937521457672, "lowlevel.erbbands_kurtosis.mean": 2.57889723777771, "lowlevel.erbbands_kurtosis.stdev": 21.877912521362305, "lowlevel.erbbands_skewness.mean": -0.26409947872161865, "lowlevel.erbbands_skewness.stdev": 1.459876298904419, "lowlevel.erbbands_spread.mean": 60.723636627197266, "lowlevel.erbbands_spread.stdev": 29.52813148498535, "lowlevel.hfc.mean": 21.541454315185547, "lowlevel.hfc.stdev": 22.2360897064209, "lowlevel.loudness_ebu128.integrated": -13.39552116394043, "lowlevel.loudness_ebu128.loudness_range": 6.260673522949219, "lowlevel.loudness_ebu128.momentary.mean": -14.238271713256836, "lowlevel.loudness_ebu128.momentary.stdev": 3.1273574829101562, "lowlevel.loudness_ebu128.short_term.mean": -13.756214141845703, "lowlevel.loudness_ebu128.short_term.stdev": 2.257742166519165, "lowlevel.melbands_crest.mean": 22.248884201049805, "lowlevel.melbands_crest.stdev": 8.317075729370117, "lowlevel.melbands_flatness_db.mean": 0.24673399329185486, "lowlevel.melbands_flatness_db.stdev": 0.15471750497817993, "lowlevel.melbands_kurtosis.mean": 81.67838287353516, "lowlevel.melbands_kurtosis.stdev": 356.7319030761719, "lowlevel.melbands_skewness.mean": 5.742711067199707, "lowlevel.melbands_skewness.stdev": 4.520942687988281, "lowlevel.melbands_spread.mean": 29.183826446533203, "lowlevel.melbands_spread.stdev": 37.024513244628906, "lowlevel.pitch_salience.mean": 0.40473872423171997, "lowlevel.pitch_salience.stdev": 0.18044224381446838, "lowlevel.silence_rate_20dB.mean": 1.0, "lowlevel.silence_rate_20dB.stdev": 0.0, "lowlevel.silence_rate_30dB.mean": 0.9663962721824646, "lowlevel.silence_rate_30dB.stdev": 0.18020668625831604, "lowlevel.silence_rate_60dB.mean": 0.11181923747062683, "lowlevel.silence_rate_60dB.stdev": 0.3151405155658722, "lowlevel.spectral_centroid.mean": 1888.9300537109375, "lowlevel.spectral_centroid.stdev": 1156.4556884765625, "lowlevel.spectral_complexity.mean": 12.627462387084961, "lowlevel.spectral_complexity.stdev": 10.273364067077637, "lowlevel.spectral_decrease.mean": -8.108313132026979e-09, "lowlevel.spectral_decrease.stdev": 8.822829578036817e-09, "lowlevel.spectral_energy.mean": 0.03255653753876686, "lowlevel.spectral_energy.stdev": 0.03410476818680763, "lowlevel.spectral_energyband_high.mean": 0.002083331346511841, "lowlevel.spectral_energyband_high.stdev": 0.0027000661939382553, "lowlevel.spectral_energyband_low.mean": 0.02028062753379345, "lowlevel.spectral_energyband_low.stdev": 0.027430586516857147, "lowlevel.spectral_energyband_middle_high.mean": 0.0016641846159473062, "lowlevel.spectral_energyband_middle_high.stdev": 0.0019345730543136597, "lowlevel.spectral_energyband_middle_low.mean": 0.008675608783960342, "lowlevel.spectral_energyband_middle_low.stdev": 0.020055942237377167, "lowlevel.spectral_entropy.mean": 7.922552108764648, "lowlevel.spectral_entropy.stdev": 0.6615420579910278, "lowlevel.spectral_flux.mean": 0.09118708968162537, "lowlevel.spectral_flux.stdev": 0.07399346679449081, "lowlevel.spectral_kurtosis.mean": 4.819233417510986, "lowlevel.spectral_kurtosis.stdev": 13.640074729919434, "lowlevel.spectral_rms.mean": 0.004919930826872587, "lowlevel.spectral_rms.stdev": 0.002748948521912098, "lowlevel.spectral_rolloff.mean": 2239.41748046875, "lowlevel.spectral_rolloff.stdev": 2938.21875, "lowlevel.spectral_skewness.mean": 1.2559703588485718, "lowlevel.spectral_skewness.stdev": 1.1063387393951416, "lowlevel.spectral_spread.mean": 6200177.0, "lowlevel.spectral_spread.stdev": 2962674.0, "lowlevel.spectral_strongpeak.mean": 0.4459613561630249, "lowlevel.spectral_strongpeak.stdev": 0.5504667162895203, "lowlevel.zerocrossingrate.mean": 0.08725778013467789, "lowlevel.zerocrossingrate.stdev": 0.07332085818052292, "metadata.audio_properties.analysis.equal_loudness": 0.0, "metadata.audio_properties.analysis.length": 40.04265213012695, "metadata.audio_properties.analysis.sample_rate": 44100.0, "metadata.audio_properties.analysis.start_time": 0.0, "metadata.audio_properties.bit_rate": 122223.0, "metadata.audio_properties.length": 40.042667388916016, "metadata.audio_properties.lossless": 0.0, "metadata.audio_properties.number_channels": 1.0, "metadata.audio_properties.replay_gain": -14.296731948852539, "metadata.audio_properties.sample_rate": 48000.0, "rhythm.beats_count": 100.0, "rhythm.beats_loudness.mean": 0.05694712698459625, "rhythm.beats_loudness.stdev": 0.02807411551475525, "rhythm.bpm": 151.8290252685547, "rhythm.bpm_histogram_first_peak_bpm": 152.0, "rhythm.bpm_histogram_first_peak_weight": 0.08695656061172485, "rhythm.bpm_histogram_second_peak_bpm": 157.0, "rhythm.bpm_histogram_second_peak_spread": 0.0, "rhythm.bpm_histogram_second_peak_weight": 0.04040404036641121, "rhythm.danceability": 1.4854665994644165, "rhythm.onset_rate": 4.394021987915039, "tonal.chords_changes_rate": 0.07754629850387573, "tonal.chords_number_rate": 0.012731481343507767, "tonal.chords_strength.mean": 0.515225887298584, "tonal.chords_strength.stdev": 0.08893629908561707, "tonal.hpcp_crest.mean": 12.719072341918945, "tonal.hpcp_crest.stdev": 6.174568176269531, "tonal.hpcp_entropy.mean": 2.1783578395843506, "tonal.hpcp_entropy.stdev": 0.8038050532341003, "tonal.key_edma.strength": 0.4543076157569885, "tonal.key_krumhansl.strength": 0.4542500972747803, "tonal.key_temperley.strength": 0.45519179105758667, "tonal.tuning_diatonic_strength": 0.5001826286315918, "tonal.tuning_equal_tempered_deviation": 0.25151529908180237, "tonal.tuning_frequency": 434.193115234375, "tonal.tuning_nontempered_energy_ratio": 0.9397115111351013, "lowlevel.barkbands.mean": [0.0031309989280998707, 0.014046822674572468, 0.0029933787882328033, 0.004703509155660868, 0.0019460096955299377, 0.0006423913291655481, 0.000623023952357471, 0.00029746824293397367, 0.00038136899820528924, 0.0002010138996411115, 0.00017932771879713982, 0.0001715608377708122, 0.00014351254503708333, 0.00012001490540569648, 0.00013090208813082427, 0.000117955518362578, 0.0001666233583819121, 0.00019190998864360154, 0.00017879469669423997, 0.00021589716197922826, 0.0002841459645424038, 0.0004298810672480613, 0.0007510791765525937, 0.00021201334311626852, 0.0002062418934656307, 9.068192593986169e-05, 9.006766887864615e-09], "lowlevel.barkbands.stdev": [0.009407348930835724, 0.02069629728794098, 0.009813042357563972, 0.013830548152327538, 0.006367986556142569, 0.0016454299911856651, 0.0018050248036161065, 0.0007691083010286093, 0.0009853756055235863, 0.0004901852807961404, 0.0004382840415928513, 0.000363882485544309, 0.00028777934494428337, 0.0002292633434990421, 0.0002446813159622252, 0.00020822866645175964, 0.00025987831759266555, 0.00032817560713738203, 0.0003717269573826343, 0.0003240106161683798, 0.0005997775588184595, 0.0008100280538201332, 0.0010587975848466158, 0.00029044042457826436, 0.00024182059860322624, 0.00012033717939630151, 9.859111571586254e-08], "lowlevel.erbbands.mean": [0.563668429851532, 2.531679391860962, 3.7432773113250732, 8.850584983825684, 15.193140029907227, 3.3605926036834717, 2.67165470123291, 6.2892231941223145, 9.396722793579102, 6.982479095458984, 7.375929832458496, 7.771839141845703, 8.53046703338623, 6.110621929168701, 7.624197483062744, 6.441854476928711, 6.476284503936768, 6.280439376831055, 6.751728534698486, 5.957553863525391, 7.607447147369385, 10.262572288513184, 10.343688011169434, 8.729063034057617, 10.579033851623535, 9.4486722946167, 9.943341255187988, 12.812433242797852, 15.593810081481934, 17.68455696105957, 21.312637329101562, 8.403863906860352, 2.4408175945281982, 1.8612834215164185, 1.6849257946014404, 0.8498049378395081, 0.0469471700489521, 0.0013012544950470328, 9.182456415146589e-05, 4.908642222289927e-05], "lowlevel.erbbands.stdev": [0.855553925037384, 4.313186168670654, 10.999232292175293, 21.956844329833984, 49.51458740234375, 9.691858291625977, 6.167083740234375, 16.90680694580078, 27.9758243560791, 15.96931266784668, 20.28109359741211, 20.196632385253906, 23.403549194335938, 12.822372436523438, 19.0563907623291, 12.270768165588379, 12.432534217834473, 11.901103019714355, 12.060866355895996, 10.199541091918945, 12.84424114227295, 14.942368507385254, 17.65345001220703, 18.118070602416992, 18.907331466674805, 14.09207820892334, 19.35423469543457, 26.825029373168945, 30.68202018737793, 28.45697021484375, 30.246828079223633, 10.727377891540527, 3.8641648292541504, 2.690182685852051, 1.898638129234314, 1.0754687786102295, 0.07018494606018066, 0.002209099940955639, 9.814614168135449e-05, 4.3577529140748084e-05], "lowlevel.gfcc.mean": [-44.18448257446289, 69.58515930175781, -93.77754211425781, 55.5185661315918, -55.1269645690918, 36.8017463684082, -29.286439895629883, 20.091764450073242, -15.212904930114746, 7.383136749267578, -13.132725715637207, 4.921907424926758, -11.464536666870117], "lowlevel.melbands.mean": [0.0045023332349956036, 0.002354432363063097, 0.0018946015043184161, 0.0006070532253943384, 8.922412234824151e-05, 0.00013904740626458079, 0.00014173479576129466, 7.119090150808915e-05, 5.9975562180625275e-05, 5.136319305165671e-05, 4.217188325128518e-05, 2.380718979111407e-05, 2.4817194571369328e-05, 2.0793115254491568e-05, 1.4502636986435391e-05, 1.4528915926348418e-05, 1.1096521120634861e-05, 1.0590787496767007e-05, 1.0097469385073055e-05, 6.919181942066643e-06, 8.846584023558535e-06, 1.0936268154182471e-05, 8.821991286822595e-06, 9.539819984638598e-06, 6.60071600577794e-06, 7.008797183516435e-06, 8.006778443814255e-06, 5.954009338893229e-06, 5.852834874531254e-06, 6.70110830469639e-06, 7.692775398027152e-06, 8.75516161613632e-06, 8.618621905043256e-06, 1.071925180440303e-05, 1.2820455594919622e-05, 1.0004589057643898e-05, 3.371824050191208e-06, 1.6851768123160582e-06, 1.1791254337367718e-06, 1.7404131540388335e-06], "lowlevel.melbands.stdev": [0.006316066719591618, 0.005242567043751478, 0.005057266913354397, 0.0019098316552117467, 0.000210114914807491, 0.00036206189543008804, 0.00040587602416053414, 0.00015593886200804263, 0.0001705733739072457, 0.00014262723561841995, 0.00011591069778660312, 4.9818583647720516e-05, 6.141093763289973e-05, 4.700686622527428e-05, 3.0250923373387195e-05, 2.907189991674386e-05, 2.2274163711699657e-05, 1.999821688514203e-05, 1.8670052668312564e-05, 1.2514173249655869e-05, 1.6013804270187393e-05, 1.6747386325732805e-05, 1.5330044334405102e-05, 1.7405956896254793e-05, 1.4912606275174767e-05, 1.385516588925384e-05, 1.2885775504400954e-05, 9.270189366361592e-06, 1.1322601494612172e-05, 1.4445707165577915e-05, 1.6650132238282822e-05, 1.822165540943388e-05, 1.5909510693745688e-05, 1.7591359210200608e-05, 1.8763097614282742e-05, 1.425057325832313e-05, 4.580956101563061e-06, 2.8437204946385464e-06, 2.1152154658921063e-06, 2.4900764401536435e-06], "lowlevel.melbands128.mean": [0.0016332074301317334, 0.004922431893646717, 0.005817627068608999, 0.0035889020655304193, 0.0020715168211609125, 0.0013681662967428565, 0.00149591825902462, 0.0027821408584713936, 0.0015525615308433771, 0.00030916964169591665, 0.00010646300506778061, 7.999490480870008e-05, 8.227651414927095e-05, 0.00010037109313998371, 0.0001371661783196032, 0.00016634908388368785, 0.0001534128823550418, 0.00015132129192352295, 0.00010970831499435008, 6.878124986542389e-05, 5.6225224398076534e-05, 6.116917938925326e-05, 6.598229083465412e-05, 5.4096679377835244e-05, 3.854252281598747e-05, 5.8097870351048186e-05, 6.071714960853569e-05, 3.9330341678578407e-05, 2.9566410375991836e-05, 2.0498815501923673e-05, 2.4221903004217893e-05, 2.516183303669095e-05, 2.3001619410933927e-05, 2.6517793230596e-05, 2.548613520048093e-05, 1.8483355233911425e-05, 1.3653244423039723e-05, 1.595221328898333e-05, 1.3363714970182627e-05, 1.3632566151500214e-05, 1.5703739336458966e-05, 1.4468942026724108e-05, 1.0733170711318962e-05, 8.503197932441253e-06, 1.2315316780586727e-05, 1.0112176823895425e-05, 9.818472790357191e-06, 1.3111715816194192e-05, 8.429183253610972e-06, 6.20586752120289e-06, 5.707912350771949e-06, 8.48539002618054e-06, 1.0801657481351867e-05, 7.66469838708872e-06, 7.816953257133719e-06, 1.4646645468019415e-05, 9.823302207223605e-06, 7.906111022748519e-06, 9.089686500374228e-06, 8.978016012406442e-06, 1.1368442756065633e-05, 8.203124707506504e-06, 6.493773980764672e-06, 6.618401130253915e-06, 5.890829470445169e-06, 6.595530521735782e-06, 7.466971965186531e-06, 9.492849130765535e-06, 8.473948582832236e-06, 5.7359666243428364e-06, 4.969842848367989e-06, 7.097667548805475e-06, 5.967332526779501e-06, 5.16362024427508e-06, 6.156934887258103e-06, 7.051754437270574e-06, 6.406182819773676e-06, 7.211653155536624e-06, 8.19829529064009e-06, 7.704838026256766e-06, 8.833068932290189e-06, 9.469798897043802e-06, 7.989027835719753e-06, 9.611406312615145e-06, 7.4917579695465975e-06, 8.938470273278654e-06, 1.2060673725500237e-05, 1.4065695722820237e-05, 1.1655127309495583e-05, 1.2884360330644995e-05, 1.4184610336087644e-05, 8.375586730835494e-06, 4.918673766951542e-06, 3.36160633196414e-06, 2.339163756914786e-06, 1.6531886330994894e-06, 1.7381911447955645e-06, 1.4489055502053816e-06, 9.584591680322774e-07, 1.1985659966740059e-06, 1.3193766790209338e-06, 1.964185912584071e-06, 2.0647655674110865e-06, 1.698983851383673e-06, 1.7018683138303459e-06, 2.253353386549861e-06, 2.0570785181917017e-06, 1.9895448986062547e-06, 1.9148283172398806e-06, 9.591361731509096e-07, 2.4339917104043707e-07, 5.7589765845023067e-08, 1.861910625677865e-08, 6.635432203694336e-09, 4.792039209888799e-09, 6.585865186536921e-10, 3.2605082522785267e-10, 4.053591490249531e-11, 4.799746537720306e-12, 4.645756869481321e-12, 4.519229174909656e-12, 4.4193945378245836e-12, 4.310177215138822e-12, 4.222288751271064e-12, 4.10055930183395e-12, 3.945965949825325e-12, 3.8560712782576e-12, 3.82509518850882e-12], "lowlevel.melbands128.stdev": [0.0040471781976521015, 0.00814390555024147, 0.008511233143508434, 0.007510037161409855, 0.006420321762561798, 0.0044906712137162685, 0.003693373640999198, 0.008806983940303326, 0.005415407940745354, 0.0011402013478800654, 0.0003334835055284202, 0.000219065259443596, 0.00021563707559835166, 0.0002690384571906179, 0.0004200812254566699, 0.000599436869379133, 0.0004973566392436624, 0.0005821714294143021, 0.0003563883947208524, 0.00018885561439674348, 0.00014463429397437721, 0.00019554037135094404, 0.00025753138470463455, 0.0001620016701053828, 0.0001154962956206873, 0.00025067993556149304, 0.00022071592684369534, 0.00014610958169214427, 6.752101762685925e-05, 4.901999272988178e-05, 7.243717845994979e-05, 7.182535773608834e-05, 7.242921128636226e-05, 9.470434451941401e-05, 7.7110729762353e-05, 4.7115350753301755e-05, 2.9714228730881587e-05, 3.7904868804616854e-05, 3.722781184478663e-05, 3.0354409318533726e-05, 3.9430677134077996e-05, 3.218822166672908e-05, 3.040098636120092e-05, 2.074873737001326e-05, 2.7358486477169208e-05, 2.4424365619779564e-05, 2.5360042855027132e-05, 2.7863068680744618e-05, 1.93115138245048e-05, 1.4940717846911866e-05, 1.2184658771730028e-05, 1.706158582237549e-05, 2.179016883019358e-05, 1.970453558897134e-05, 1.6403211702709086e-05, 2.3938857339089736e-05, 1.666195566940587e-05, 1.6297803085763007e-05, 1.855800837802235e-05, 2.049489012279082e-05, 2.3321872504311614e-05, 1.6941383364610374e-05, 1.4386638213181868e-05, 1.961397720151581e-05, 1.442884786229115e-05, 1.311647520196857e-05, 1.725044785416685e-05, 1.891846659418661e-05, 1.4154044947645161e-05, 9.946087629941758e-06, 8.208979124901816e-06, 1.3180058886064216e-05, 1.1985211131104734e-05, 1.2095880265405867e-05, 1.2993584277865011e-05, 1.8622038624016568e-05, 1.395964682160411e-05, 1.602895645191893e-05, 2.0195873730699532e-05, 1.7808653865358792e-05, 1.9904213331756182e-05, 2.1644907974405214e-05, 1.6749285350670107e-05, 1.924153730215039e-05, 1.418239753547823e-05, 1.7268783267354593e-05, 2.177663191105239e-05, 2.4526882043574005e-05, 1.7576927348272875e-05, 2.155346010113135e-05, 2.3239044821821153e-05, 1.2487179446907248e-05, 7.080859631969361e-06, 4.973360773874447e-06, 3.971035766880959e-06, 2.9718546556978254e-06, 3.13890450343024e-06, 2.832529389706906e-06, 2.030093355642748e-06, 2.348119096495793e-06, 2.3129050532588735e-06, 3.123898522972013e-06, 2.8785136692022206e-06, 2.185346147598466e-06, 2.3525592496298486e-06, 2.7736000447475817e-06, 2.6519462608121103e-06, 2.568174295447534e-06, 2.898727643696475e-06, 1.690416866040323e-06, 5.442529982246924e-07, 2.519062718420173e-07, 1.331730317133406e-07, 5.821802773198215e-08, 5.252484314155481e-08, 5.8138804881480155e-09, 3.99992394761739e-09, 4.569119527175758e-10, 9.527641696427391e-12, 9.296156726346094e-12, 9.096240254080623e-12, 8.950598075208038e-12, 8.798621553562924e-12, 8.573580213833143e-12, 7.935443101236839e-12, 7.22888806106714e-12, 6.984235672441441e-12, 6.9268445146430935e-12], "lowlevel.mfcc.mean": [-686.276123046875, 93.138916015625, 23.48914337158203, 28.913238525390625, 8.743831634521484, 21.583629608154297, 3.401588201522827, 20.27197265625, 2.570211410522461, 11.349173545837402, 4.762327671051025, 5.813207626342773, 5.99050235748291], "lowlevel.spectral_contrast_coeffs.mean": [-0.752715528011322, -0.8045949935913086, -0.822921097278595, -0.8335264325141907, -0.8149403929710388, -0.735873818397522], "lowlevel.spectral_contrast_coeffs.stdev": [0.09310919046401978, 0.07096473127603531, 0.05048597231507301, 0.04036731645464897, 0.039079759269952774, 0.05359598621726036], "lowlevel.spectral_contrast_valleys.mean": [-7.055907726287842, -7.407036304473877, -7.859462738037109, -8.140692710876465, -7.987176895141602, -10.514321327209473], "lowlevel.spectral_contrast_valleys.stdev": [1.6123642921447754, 1.6045676469802856, 1.5758039951324463, 1.5902152061462402, 1.8318955898284912, 2.3207504749298096], "rhythm.beats_loudness_band_ratio.mean": [0.7999962568283081, 0.034510813653469086, 0.03142096847295761, 0.018446536734700203, 0.021443266421556473, 0.11221511662006378], "rhythm.beats_loudness_band_ratio.stdev": [0.1564299762248993, 0.029529066756367683, 0.057793132960796356, 0.026042453944683075, 0.03662175312638283, 0.09058720618486404], "tonal.hpcp.mean": [0.06641115248203278, 0.037915825843811035, 0.04710480570793152, 0.10454579442739487, 0.11494499444961548, 0.0654345378279686, 0.09323979169130325, 0.15258659422397614, 0.1057717502117157, 0.0437019020318985, 0.03743255138397217, 0.047049131244421005, 0.11915763467550278, 0.13113199174404144, 0.06009210646152496, 0.03470336273312569, 0.030799563974142075, 0.03856003284454346, 0.0886516198515892, 0.09032072126865387, 0.042593929916620255, 0.043853387236595154, 0.07014016062021255, 0.14410585165023804, 0.1885913759469986, 0.12587711215019226, 0.0827336385846138, 0.09391504526138306, 0.0881412997841835, 0.07171516865491867, 0.07090064883232117, 0.0677362009882927, 0.06112983450293541, 0.1140671819448471, 0.20260006189346313, 0.16321712732315063], "tonal.hpcp.stdev": [0.1826954483985901, 0.13379372656345367, 0.14685744047164917, 0.2489873319864273, 0.2691459655761719, 0.1560613363981247, 0.2090998888015747, 0.3268200159072876, 0.24219438433647156, 0.1422232687473297, 0.12028883397579193, 0.14261099696159363, 0.26292961835861206, 0.27966219186782837, 0.1503066122531891, 0.1067550778388977, 0.10298118740320206, 0.11745520681142807, 0.22462964057922363, 0.20371603965759277, 0.12044872343540192, 0.14559856057167053, 0.19261430203914642, 0.28241097927093506, 0.33325162529945374, 0.24476881325244904, 0.21015118062496185, 0.2225198894739151, 0.20316186547279358, 0.18662671744823456, 0.19872653484344482, 0.1985834687948227, 0.1862255483865738, 0.2193598449230194, 0.3458935618400574, 0.2973252236843109], "rhythm.beats_position": [0.39473921060562134, 0.7894784212112427, 1.195827603340149, 1.590566873550415, 1.9853061437606812, 2.391655206680298, 2.798004388809204, 3.2043535709381104, 3.6223127841949463, 4.040272235870361, 4.446621417999268, 4.852970600128174, 5.24770975112915, 5.654058933258057, 6.060408115386963, 6.4551472663879395, 6.849886417388916, 7.244625568389893, 7.639364719390869, 8.034104347229004, 8.42884349822998, 8.823582649230957, 9.218321800231934, 9.61306095123291, 10.007800102233887, 10.402539253234863, 10.79727840423584, 11.192017555236816, 11.586756706237793, 11.981496810913086, 12.376235961914062, 12.770975112915039, 13.165714263916016, 13.560453414916992, 13.955192565917969, 14.349931716918945, 14.744670867919922, 15.139410018920898, 15.534149169921875, 15.928888320922852, 16.323627471923828, 16.718366622924805, 17.11310577392578, 17.507844924926758, 17.902584075927734, 18.28571319580078, 18.668842315673828, 19.086801528930664, 19.48154067993164, 19.87628173828125, 20.271020889282227, 20.665760040283203, 21.06049919128418, 21.455238342285156, 21.849977493286133, 22.24471664428711, 22.639455795288086, 23.034194946289062, 23.42893409729004, 23.823673248291016, 24.218412399291992, 24.61315155029297, 25.007890701293945, 25.402629852294922, 25.7973690032959, 26.192108154296875, 26.575237274169922, 26.95836639404297, 27.353105545043945, 27.747844696044922, 28.1425838470459, 28.537322998046875, 28.93206214904785, 29.326801300048828, 29.721542358398438, 30.116281509399414, 30.51102066040039, 30.905759811401367, 31.300498962402344, 31.69523811340332, 32.0899772644043, 32.48471450805664, 32.87945556640625, 33.274192810058594, 33.6689338684082, 34.06367111206055, 34.458412170410156, 34.8531494140625, 35.24789047241211, 35.64263153076172, 36.03736877441406, 36.43210983276367, 36.826847076416016, 37.221588134765625, 37.61632537841797, 38.01106643676758, 38.40580368041992, 38.80054473876953, 39.195281982421875, 39.590023040771484], "rhythm.bpm_histogram": [0.0, 0.0, 0.0, 0.0, 0.0, 0.0, 0.0, 0.0, 0.0, 0.0, 0.0, 0.0, 0.0, 0.0, 0.0, 0.0, 0.0, 0.0, 0.0, 0.0, 0.0, 0.0, 0.0, 0.0, 0.0, 0.0, 0.0, 0.0, 0.0, 0.0, 0.0, 0.0, 0.0, 0.0, 0.0, 0.0, 0.0, 0.0, 0.0, 0.0, 0.0, 0.0, 0.0, 0.0, 0.0, 0.0, 0.0, 0.0, 0.0, 0.0, 0.0, 0.0, 0.0, 0.0, 0.0, 0.0, 0.0, 0.0, 0.0, 0.0, 0.0, 0.0, 0.0, 0.0, 0.0, 0.0, 0.0, 0.0, 0.0, 0.0, 0.0, 0.0, 0.0, 0.0, 0.0, 0.0, 0.0, 0.0, 0.0, 0.0, 0.0, 0.0, 0.0, 0.0, 0.0, 0.0, 0.0, 0.0, 0.0, 0.0, 0.0, 0.0, 0.0, 0.0, 0.0, 0.0, 0.0, 0.0, 0.0, 0.0, 0.0, 0.0, 0.0, 0.0, 0.0, 0.0, 0.0, 0.0, 0.0, 0.0, 0.0, 0.0, 0.0, 0.0, 0.0, 0.0, 0.0, 0.0, 0.0, 0.0, 0.0, 0.0, 0.0, 0.0, 0.0, 0.0, 0.0, 0.0, 0.0, 0.0, 0.0, 0.0, 0.0, 0.0, 0.0, 0.0, 0.0, 0.0, 0.0, 0.0, 0.0, 0.0, 0.0, 0.0, 0.03030303120613098, 0.0, 0.0, 0.0, 0.08080808073282242, 0.0, 0.0, 0.0, 0.8484848737716675, 0.0, 0.0, 0.0, 0.0, 0.04040404036641121, 0.0, 0.0, 0.0, 0.0, 0.0, 0.0, 0.0, 0.0, 0.0, 0.0, 0.0, 0.0, 0.0, 0.0, 0.0, 0.0, 0.0, 0.0, 0.0, 0.0, 0.0, 0.0, 0.0, 0.0, 0.0, 0.0, 0.0, 0.0, 0.0, 0.0, 0.0, 0.0, 0.0, 0.0, 0.0, 0.0, 0.0, 0.0, 0.0, 0.0, 0.0, 0.0, 0.0, 0.0, 0.0, 0.0, 0.0, 0.0, 0.0, 0.0, 0.0, 0.0, 0.0, 0.0, 0.0, 0.0, 0.0, 0.0, 0.0, 0.0, 0.0, 0.0, 0.0, 0.0, 0.0, 0.0, 0.0, 0.0, 0.0, 0.0, 0.0, 0.0, 0.0, 0.0, 0.0, 0.0, 0.0, 0.0, 0.0, 0.0, 0.0, 0.0, 0.0, 0.0, 0.0, 0.0, 0.0, 0.0, 0.0, 0.0, 0.0, 0.0], "tonal.chords_histogram": [0.0, 3.935185194015503, 21.296297073364258, 8.217592239379883, 11.226851463317871, 0.0, 0.11574073880910873, 0.0, 11.226851463317871, 0.3472222089767456, 1.9675925970077515, 0.0, 0.46296295523643494, 0.3472222089767456, 0.0, 1.0416666269302368, 0.0, 0.0, 0.0, 9.837963104248047, 0.23148147761821747, 2.314814805984497, 18.634260177612305, 8.796296119689941], "tonal.thpcp": [1.0, 0.8056124448776245, 0.3277943432331085, 0.1871461719274521, 0.23250143229961395, 0.5160205364227295, 0.5673492550849915, 0.32297393679618835, 0.4602160155773163, 0.7531418800354004, 0.5220716595649719, 0.2157052755355835, 0.18476080894470215, 0.2322266399860382, 0.5881421566009521, 0.6472455859184265, 0.29660457372665405, 0.17128999531269073, 0.15202149748802185, 0.19032587110996246, 0.4375695586204529, 0.44580796360969543, 0.21023650467395782, 0.21645298600196838, 0.3462001085281372, 0.7112823724746704, 0.9308554530143738, 0.6213083863258362, 0.4083594083786011, 0.4635489583015442, 0.43505069613456726, 0.3539740741252899, 0.3499537408351898, 0.3343345522880554, 0.30172663927078247, 0.5630165338516235], "lowlevel.gfcc.cov": [[20781.111328125, -3386.788330078125, -991.2926025390625, 2098.551513671875, -2795.895263671875, 961.054443359375, -1881.513671875, 432.8904724121094, -1110.4720458984375, 179.7408447265625, -981.0960083007812, 266.5417175292969, -879.9132080078125], [-3386.788330078125, 3230.439697265625, -28.12899398803711, -984.7294311523438, 1288.0404052734375, -562.93896484375, 853.4755249023438, -266.9170227050781, 498.6859436035156, -132.36190795898438, 472.87396240234375, -256.91827392578125, 391.7987365722656], [-991.2926025390625, -28.12899398803711, 976.5100708007812, 89.6162109375, 179.2544708251953, 107.31161499023438, 34.38853454589844, -15.312296867370605, 59.887840270996094, 69.29927825927734, -17.5783748626709, 29.432104110717773, -51.209781646728516], [2098.551513671875, -984.7294311523438, 89.6162109375, 736.3070068359375, -385.4855041503906, 257.29351806640625, -278.29315185546875, 59.98457717895508, -158.73045349121094, 39.89221954345703, -158.97752380371094, 43.51524353027344, -123.31929016113281], [-2795.895263671875, 1288.0404052734375, 179.2544708251953, -385.4855041503906, 862.9900512695312, -207.8563232421875, 499.1494445800781, -115.54173278808594, 295.6042175292969, -53.51496505737305, 233.43360900878906, -126.60110473632812, 210.97216796875], [961.054443359375, -562.93896484375, 107.31161499023438, 257.29351806640625, -207.8563232421875, 311.6853942871094, -90.49810028076172, 86.96102142333984, -41.467506408691406, 58.82373809814453, -89.0654067993164, 65.40413665771484, -80.54545593261719], [-1881.513671875, 853.4755249023438, 34.38853454589844, -278.29315185546875, 499.1494445800781, -90.49810028076172, 474.23602294921875, -34.11708068847656, 227.90354919433594, -21.798349380493164, 180.1640625, -67.80156707763672, 154.59588623046875], [432.8904724121094, -266.9170227050781, -15.312296867370605, 59.98457717895508, -115.54173278808594, 86.96102142333984, -34.11708068847656, 149.83497619628906, 26.526762008666992, 41.10350036621094, -19.075716018676758, 55.078678131103516, -32.447532653808594], [-1110.4720458984375, 498.6859436035156, 59.887840270996094, -158.73045349121094, 295.6042175292969, -41.467506408691406, 227.90354919433594, 26.526762008666992, 236.03302001953125, 47.00511932373047, 137.98077392578125, -4.831395626068115, 96.33241271972656], [179.7408447265625, -132.36190795898438, 69.29927825927734, 39.89221954345703, -53.51496505737305, 58.82373809814453, -21.798349380493164, 41.10350036621094, 47.00511932373047, 103.84671020507812, 17.61229705810547, 50.452754974365234, -21.11003875732422], [-981.0960083007812, 472.87396240234375, -17.5783748626709, -158.97752380371094, 233.43360900878906, -89.0654067993164, 180.1640625, -19.075716018676758, 137.98077392578125, 17.61229705810547, 174.51150512695312, 0.839167594909668, 96.4151611328125], [266.5417175292969, -256.91827392578125, 29.432104110717773, 43.51524353027344, -126.60110473632812, 65.40413665771484, -67.80156707763672, 55.078678131103516, -4.831395626068115, 50.452754974365234, 0.839167594909668, 112.96123504638672, -21.647037506103516], [-879.9132080078125, 391.7987365722656, -51.209781646728516, -123.31929016113281, 210.97216796875, -80.54545593261719, 154.59588623046875, -32.447532653808594, 96.33241271972656, -21.11003875732422, 96.4151611328125, -21.647037506103516, 131.39454650878906]], "lowlevel.gfcc.icov": [[0.00018301331147085875, -0.0004006996168754995, 0.00020183948799967766, -0.0004370812384877354, 0.00029321559122763574, -0.00024203794600907713, 0.0002872652548830956, -0.000411156564950943, 0.0004378114826977253, -0.00042285677045583725, 0.0003918754227925092, -0.0001169772949651815, 0.00033442568383179605], [-0.0004006996168754995, 0.0022735977545380592, -0.0004229692567605525, 0.0016344488831236959, -0.0011456066276878119, 0.0010028874967247248, -0.0009732581092976034, 0.001884589553810656, -0.0020765408407896757, 0.0016325137112289667, -0.0018831888446584344, 0.0013012763811275363, -0.0006480957381427288], [0.00020183948799967766, -0.0004229692567605525, 0.0016871712869033217, -0.0006799589609727263, -0.0008176479022949934, -0.0005980781279504299, 0.00047803984489291906, 0.0001118589862016961, 0.0003156622697133571, -0.0012695558834820986, 0.0011422893730923533, -0.0010763468453660607, 0.0015927607892081141], [-0.0004370812384877354, 0.0016344488831236959, -0.0006799589609727263, 0.0038225541356951, -0.0006149583496153355, -0.0009338071686215699, 5.771805081167258e-05, 0.0013578414218500257, -0.0010681797284632921, 0.0010410783579573035, -0.0015284739201888442, 0.0019079693593084812, -0.001409389777109027], [0.00029321559122763574, -0.0011456066276878119, -0.0008176479022949934, -0.0006149583496153355, 0.006388809531927109, 5.189626608625986e-05, -0.0018732083262875676, 0.0009752332116477191, -0.0026012014131993055, 0.0014351359568536282, 2.5674127755337395e-05, 0.0017600752180442214, -0.0008889427990652621], [-0.00024203794600907713, 0.0010028874967247248, -0.0005980781279504299, -0.0009338071686215699, 5.189626608625986e-05, 0.007233515847474337, -0.002635082695633173, -0.000508797587826848, -0.001235032337717712, -0.0008068070164881647, 0.0020217353012412786, -0.0016847073566168547, 0.00061952811665833], [0.0002872652548830956, -0.0009732581092976034, 0.00047803984489291906, 5.771805081167258e-05, -0.0018732083262875676, -0.002635082695633173, 0.00812648143619299, -0.0015525658382102847, -0.0011859082151204348, 0.0006125507061369717, -0.001549821812659502, 0.001492482959292829, -0.0011351479915902019], [-0.000411156564950943, 0.001884589553810656, 0.0001118589862016961, 0.0013578414218500257, 0.0009752332116477191, -0.000508797587826848, -0.0015525658382102847, 0.013381543569266796, -0.0078561557456851, 0.0028259586542844772, 0.0002975431561935693, -0.0026276782155036926, 0.0017610607901588082], [0.0004378114826977253, -0.0020765408407896757, 0.0003156622697133571, -0.0010681797284632921, -0.0026012014131993055, -0.001235032337717712, -0.0011859082151204348, -0.0078561557456851, 0.019743414595723152, -0.01031422894448042, -0.0024771944154053926, 0.00036050594644621015, -0.003135845297947526], [-0.00042285677045583725, 0.0016325137112289667, -0.0012695558834820986, 0.0010410783579573035, 0.0014351359568536282, -0.0008068070164881647, 0.0006125507061369717, 0.0028259586542844772, -0.01031422894448042, 0.020933648571372032, -0.004646961111575365, -0.0033325538970530033, 0.003746873466297984], [0.0003918754227925092, -0.0018831888446584344, 0.0011422893730923533, -0.0015284739201888442, 2.5674127755337395e-05, 0.0020217353012412786, -0.001549821812659502, 0.0002975431561935693, -0.0024771944154053926, -0.004646961111575365, 0.01863022893667221, -0.005921753589063883, -0.003231178503483534], [-0.0001169772949651815, 0.0013012763811275363, -0.0010763468453660607, 0.0019079693593084812, 0.0017600752180442214, -0.0016847073566168547, 0.001492482959292829, -0.0026276782155036926, 0.00036050594644621015, -0.0033325538970530033, -0.005921753589063883, 0.017714064568281174, -0.0030921304132789373], [0.00033442568383179605, -0.0006480957381427288, 0.0015927607892081141, -0.001409389777109027, -0.0008889427990652621, 0.00061952811665833, -0.0011351479915902019, 0.0017610607901588082, -0.003135845297947526, 0.003746873466297984, -0.003231178503483534, -0.0030921304132789373, 0.019420910626649857]], "lowlevel.mfcc.cov": [[15894.12890625, -4176.78076171875, 761.676025390625, 304.5996398925781, -626.25390625, -136.85565185546875, -845.9693603515625, -91.96102905273438, -647.4000244140625, -333.6354064941406, -345.5799560546875, -278.0005187988281, -273.6148681640625], [-4176.78076171875, 3727.663818359375, -755.7032470703125, -118.13832092285156, 265.5149841308594, -26.915428161621094, 407.94140625, -24.677257537841797, 282.2987060546875, 162.0987548828125, 183.34803771972656, 140.12042236328125, 129.29891967773438], [761.676025390625, -755.7032470703125, 816.3873901367188, 121.26934051513672, 56.513206481933594, 139.98402404785156, -104.78951263427734, 37.251277923583984, -76.32325744628906, 24.76889419555664, -45.21273422241211, 6.117499828338623, -3.410459041595459], [304.5996398925781, -118.13832092285156, 121.26934051513672, 296.8780517578125, 78.26953887939453, 89.10725402832031, 23.0187931060791, 3.5512752532958984, 6.475681781768799, 9.451324462890625, -6.890231609344482, 7.748571872711182, 4.633360385894775], [-626.25390625, 265.5149841308594, 56.513206481933594, 78.26953887939453, 217.8643341064453, 59.76243209838867, 56.23916244506836, -5.814782619476318, 50.68351745605469, 30.45907974243164, 28.704200744628906, 11.723938941955566, 8.111723899841309], [-136.85565185546875, -26.915428161621094, 139.98402404785156, 89.10725402832031, 59.76243209838867, 230.94415283203125, 49.28705978393555, 57.63065719604492, 31.788557052612305, 60.61278533935547, 8.565262794494629, 33.03804397583008, 13.175131797790527], [-845.9693603515625, 407.94140625, -104.78951263427734, 23.0187931060791, 56.23916244506836, 49.28705978393555, 181.18434143066406, 21.729230880737305, 83.26435852050781, 22.561058044433594, 38.36626052856445, 21.53821563720703, 1.3332666158676147], [-91.96102905273438, -24.677257537841797, 37.251277923583984, 3.5512752532958984, -5.814782619476318, 57.63065719604492, 21.729230880737305, 137.3228302001953, 29.835275650024414, 61.592227935791016, 22.873342514038086, 19.34442710876465, 18.174333572387695], [-647.4000244140625, 282.2987060546875, -76.32325744628906, 6.475681781768799, 50.68351745605469, 31.788557052612305, 83.26435852050781, 29.835275650024414, 131.0369415283203, 47.016902923583984, 44.9598274230957, 23.597801208496094, 10.794809341430664], [-333.6354064941406, 162.0987548828125, 24.76889419555664, 9.451324462890625, 30.45907974243164, 60.61278533935547, 22.561058044433594, 61.592227935791016, 47.016902923583984, 139.05947875976562, 36.05099105834961, 33.99193572998047, 33.65562438964844], [-345.5799560546875, 183.34803771972656, -45.21273422241211, -6.890231609344482, 28.704200744628906, 8.565262794494629, 38.36626052856445, 22.873342514038086, 44.9598274230957, 36.05099105834961, 98.10645294189453, 39.348426818847656, 26.82845115661621], [-278.0005187988281, 140.12042236328125, 6.117499828338623, 7.748571872711182, 11.723938941955566, 33.03804397583008, 21.53821563720703, 19.34442710876465, 23.597801208496094, 33.99193572998047, 39.348426818847656, 79.56990814208984, 45.99945831298828], [-273.6148681640625, 129.29891967773438, -3.410459041595459, 4.633360385894775, 8.111723899841309, 13.175131797790527, 1.3332666158676147, 18.174333572387695, 10.794809341430664, 33.65562438964844, 26.82845115661621, 45.99945831298828, 88.06880187988281]], "lowlevel.mfcc.icov": [[0.00011673766857711598, 5.6396460422547534e-05, 1.7047033907147124e-05, -0.0001840644545154646, 0.0002027173322858289, -3.030518018931616e-05, 0.0003124361683148891, -2.499494621588383e-05, 0.00018831233319360763, 3.5243323509348556e-05, -5.565199535340071e-05, 5.367547782952897e-05, 0.00022888708917889744], [5.6396460422547534e-05, 0.0005622403114102781, 0.00035827551619149745, 0.000160453564603813, -0.0004490387218538672, 0.00018486248154658824, -0.0006656675832346082, 0.00034356649848632514, -1.175878060166724e-05, -0.000453608954558149, 3.4024284104816616e-05, -0.00037929051904939115, -0.0003293973859399557], [1.7047033907147124e-05, 0.00035827551619149745, 0.0019973590970039368, -0.00021882809232920408, -0.0009315499337390065, -0.0008445039857178926, 0.0006851369398646057, -0.0002419217926217243, 0.000768688740208745, -0.0003921298775821924, 0.00047036452451720834, -0.0007279324345290661, 0.00016006351506803185], [-0.0001840644545154646, 0.000160453564603813, -0.00021882809232920408, 0.004613829776644707, -0.0017153224907815456, -0.0011026778956875205, -0.0011916003422811627, 0.0004583057016134262, -0.000159646529937163, 0.00011367211118340492, 0.0005950179765932262, -0.00020590236817952245, -0.0009098111768253148], [0.0002027173322858289, -0.0004490387218538672, -0.0009315499337390065, -0.0017153224907815456, 0.007234467193484306, -0.0009437176631763577, 0.00019774788233917207, 0.0013499270426109433, -0.001218019868247211, -0.00019192334730178118, -0.0015716711059212685, 0.0016999182989820838, 0.00035003418452106416], [-3.030518018931616e-05, 0.00018486248154658824, -0.0008445039857178926, -0.0011026778956875205, -0.0009437176631763577, 0.007092730142176151, -0.0021098386496305466, -0.0015574778662994504, -0.000113462439912837, -0.0018069465877488256, 0.0014295133296400309, -0.002315770834684372, 0.0005174637190066278], [0.0003124361683148891, -0.0006656675832346082, 0.0006851369398646057, -0.0011916003422811627, 0.00019774788233917207, -0.0021098386496305466, 0.011314565315842628, -0.0011984269367530942, -0.003524738596752286, 0.0019960824865847826, -0.0011324790539219975, -0.0003530448011588305, 0.0026092741172760725], [-2.499494621588383e-05, 0.00034356649848632514, -0.0002419217926217243, 0.0004583057016134262, 0.0013499270426109433, -0.0015574778662994504, -0.0011984269367530942, 0.010429149493575096, -0.0010858874302357435, -0.0037235761992633343, -0.0011143224546685815, 0.0005917355301789939, -0.0010544976685196161], [0.00018831233319360763, -1.175878060166724e-05, 0.000768688740208745, -0.000159646529937163, -0.001218019868247211, -0.000113462439912837, -0.003524738596752286, -0.0010858874302357435, 0.013770390301942825, -0.002498217858374119, -0.002551662502810359, -0.000438212271546945, 0.0013201221590861678], [3.5243323509348556e-05, -0.000453608954558149, -0.0003921298775821924, 0.00011367211118340492, -0.00019192334730178118, -0.00180