{"song_id": "1182274149700345866", "download": "https://cdn.discordapp.com/attachments/1135903449314238464/1182274149700345866/chirp.mp4?ex=6584199a&amp", "lyrics": "Wave goodbye to tooth decay,\nSmile bright, hip hip hooray!\n\nOutro:\nGululu, gululu, what a wonderful feat,\nOur teeth are clean, oh so neat!\nTogether we've brushed, and had some fun,\nHealthy teeth for everyone!", "style": ["happy song for kids"], "essentia_features": {"lowlevel.average_loudness": 0.9792483448982239, "lowlevel.barkbands_crest.mean": 10.634696006774902, "lowlevel.barkbands_crest.stdev": 4.1200270652771, "lowlevel.barkbands_flatness_db.mean": 0.14717444777488708, "lowlevel.barkbands_flatness_db.stdev": 0.04271170124411583, "lowlevel.barkbands_kurtosis.mean": 5.973238945007324, "lowlevel.barkbands_kurtosis.stdev": 10.226714134216309, "lowlevel.barkbands_skewness.mean": 1.8957161903381348, "lowlevel.barkbands_skewness.stdev": 1.3598655462265015, "lowlevel.barkbands_spread.mean": 24.388479232788086, "lowlevel.barkbands_spread.stdev": 16.259449005126953, "lowlevel.dissonance.mean": 0.4564710557460785, "lowlevel.dissonance.stdev": 0.029725465923547745, "lowlevel.dynamic_complexity": 1.975771427154541, "lowlevel.erbbands_crest.mean": 10.624613761901855, "lowlevel.erbbands_crest.stdev": 4.906481742858887, "lowlevel.erbbands_flatness_db.mean": 0.15579645335674286, "lowlevel.erbbands_flatness_db.stdev": 0.046717483550310135, "lowlevel.erbbands_kurtosis.mean": 0.4326583445072174, "lowlevel.erbbands_kurtosis.stdev": 2.716264486312866, "lowlevel.erbbands_skewness.mean": 0.44174638390541077, "lowlevel.erbbands_skewness.stdev": 0.8922957181930542, "lowlevel.erbbands_spread.mean": 48.266998291015625, "lowlevel.erbbands_spread.stdev": 22.48534393310547, "lowlevel.hfc.mean": 25.95237159729004, "lowlevel.hfc.stdev": 15.701835632324219, "lowlevel.loudness_ebu128.integrated": -11.849884033203125, "lowlevel.loudness_ebu128.loudness_range": 1.1431312561035156, "lowlevel.loudness_ebu128.momentary.mean": -11.964014053344727, "lowlevel.loudness_ebu128.momentary.stdev": 1.025415301322937, "lowlevel.loudness_ebu128.short_term.mean": -11.858515739440918, "lowlevel.loudness_ebu128.short_term.stdev": 0.43353506922721863, "lowlevel.melbands_crest.mean": 14.64718246459961, "lowlevel.melbands_crest.stdev": 5.01821231842041, "lowlevel.melbands_flatness_db.mean": 0.20601335167884827, "lowlevel.melbands_flatness_db.stdev": 0.049630239605903625, "lowlevel.melbands_kurtosis.mean": 19.409208297729492, "lowlevel.melbands_kurtosis.stdev": 23.72523307800293, "lowlevel.melbands_skewness.mean": 3.225430965423584, "lowlevel.melbands_skewness.stdev": 1.8278913497924805, "lowlevel.melbands_spread.mean": 23.48008155822754, "lowlevel.melbands_spread.stdev": 22.101688385009766, "lowlevel.pitch_salience.mean": 0.48972204327583313, "lowlevel.pitch_salience.stdev": 0.09788571298122406, "lowlevel.silence_rate_20dB.mean": 1.0, "lowlevel.silence_rate_20dB.stdev": 0.0, "lowlevel.silence_rate_30dB.mean": 1.0, "lowlevel.silence_rate_30dB.stdev": 0.0, "lowlevel.silence_rate_60dB.mean": 0.03397683426737785, "lowlevel.silence_rate_60dB.stdev": 0.18117083609104156, "lowlevel.spectral_centroid.mean": 1362.705078125, "lowlevel.spectral_centroid.stdev": 697.1630249023438, "lowlevel.spectral_complexity.mean": 15.956756591796875, "lowlevel.spectral_complexity.stdev": 6.691288948059082, "lowlevel.spectral_decrease.mean": -7.380493993736081e-09, "lowlevel.spectral_decrease.stdev": 4.020957344863518e-09, "lowlevel.spectral_energy.mean": 0.030209675431251526, "lowlevel.spectral_energy.stdev": 0.015963876619935036, "lowlevel.spectral_energyband_high.mean": 0.0015082573518157005, "lowlevel.spectral_energyband_high.stdev": 0.0014357920736074448, "lowlevel.spectral_energyband_low.mean": 0.007809540256857872, "lowlevel.spectral_energyband_low.stdev": 0.010844871401786804, "lowlevel.spectral_energyband_middle_high.mean": 0.005909295286983252, "lowlevel.spectral_energyband_middle_high.stdev": 0.006426142528653145, "lowlevel.spectral_energyband_middle_low.mean": 0.016308989375829697, "lowlevel.spectral_energyband_middle_low.stdev": 0.011117321439087391, "lowlevel.spectral_entropy.mean": 7.420910358428955, "lowlevel.spectral_entropy.stdev": 0.45907682180404663, "lowlevel.spectral_flux.mean": 0.08217376470565796, "lowlevel.spectral_flux.stdev": 0.04798704385757446, "lowlevel.spectral_kurtosis.mean": 3.4640209674835205, "lowlevel.spectral_kurtosis.stdev": 1.9526453018188477, "lowlevel.spectral_rms.mean": 0.005195462144911289, "lowlevel.spectral_rms.stdev": 0.0015747940633445978, "lowlevel.spectral_rolloff.mean": 1658.7244873046875, "lowlevel.spectral_rolloff.stdev": 1866.617919921875, "lowlevel.spectral_skewness.mean": 1.4432109594345093, "lowlevel.spectral_skewness.stdev": 0.42846372723579407, "lowlevel.spectral_spread.mean": 5708415.0, "lowlevel.spectral_spread.stdev": 1955185.75, "lowlevel.spectral_strongpeak.mean": 1.4398599863052368, "lowlevel.spectral_strongpeak.stdev": 1.4879482984542847, "lowlevel.zerocrossingrate.mean": 0.06982421875, "lowlevel.zerocrossingrate.stdev": 0.04158999025821686, "metadata.audio_properties.analysis.equal_loudness": 0.0, "metadata.audio_properties.analysis.length": 30.03628158569336, "metadata.audio_properties.analysis.sample_rate": 44100.0, "metadata.audio_properties.analysis.start_time": 0.0, "metadata.audio_properties.bit_rate": 118295.0, "metadata.audio_properties.length": 30.03733253479004, "metadata.audio_properties.lossless": 0.0, "metadata.audio_properties.number_channels": 1.0, "metadata.audio_properties.replay_gain": -14.592628479003906, "metadata.audio_properties.sample_rate": 48000.0, "rhythm.beats_count": 58.0, "rhythm.beats_loudness.mean": 0.03609183430671692, "rhythm.beats_loudness.stdev": 0.008159922435879707, "rhythm.bpm": 117.51447296142578, "rhythm.bpm_histogram_first_peak_bpm": 117.0, "rhythm.bpm_histogram_first_peak_weight": 0.20000004768371582, "rhythm.bpm_histogram_second_peak_bpm": 112.0, "rhythm.bpm_histogram_second_peak_spread": 0.0, "rhythm.bpm_histogram_second_peak_weight": 0.035087719559669495, "rhythm.danceability": 1.7326679229736328, "rhythm.onset_rate": 4.225131988525391, "tonal.chords_changes_rate": 0.04475308582186699, "tonal.chords_number_rate": 0.012345679104328156, "tonal.chords_strength.mean": 0.5120366215705872, "tonal.chords_strength.stdev": 0.06912582367658615, "tonal.hpcp_crest.mean": 18.08327865600586, "tonal.hpcp_crest.stdev": 7.8330159187316895, "tonal.hpcp_entropy.mean": 1.4943327903747559, "tonal.hpcp_entropy.stdev": 0.6904622912406921, "tonal.key_edma.strength": 0.7329607009887695, "tonal.key_krumhansl.strength": 0.7312438488006592, "tonal.key_temperley.strength": 0.7519044876098633, "tonal.tuning_diatonic_strength": 0.6604162454605103, "tonal.tuning_equal_tempered_deviation": 0.028451386839151382, "tonal.tuning_frequency": 439.4919738769531, "tonal.tuning_nontempered_energy_ratio": 0.6368452906608582, "lowlevel.barkbands.mean": [9.584968211129308e-05, 0.0019208637531846762, 0.004684665240347385, 0.0025692975614219904, 0.002836881671100855, 0.005945722106844187, 0.0028089117258787155, 0.0006263047107495368, 0.00110687967389822, 0.0009324993588961661, 0.0011457472573965788, 0.0007607327424921095, 0.0007592882611788809, 0.00043538809404708445, 0.0004242338764015585, 0.0003398389380890876, 0.0004306081682443619, 0.00032584607833996415, 0.00030734017491340637, 0.0008523298311047256, 0.000257039355346933, 6.366021261783317e-05, 0.00011973700020462275, 0.00020084873540326953, 0.00017247644427698106, 8.537377289030701e-05, 1.293283503400744e-06], "lowlevel.barkbands.stdev": [0.00011872409231727943, 0.005761394742876291, 0.005819260608404875, 0.0022872353438287973, 0.0027601306792348623, 0.007634405512362719, 0.007866394706070423, 0.001850344706326723, 0.002958765486255288, 0.0019959111232310534, 0.0027151305694133043, 0.0021031773649156094, 0.00192844879347831, 0.0013787924544885755, 0.0016897806199267507, 0.0010559469228610396, 0.0009560937760397792, 0.0006650408613495529, 0.0004770442028529942, 0.0010935553582385182, 0.00039235223084688187, 0.00013678560208063573, 0.000283232016954571, 0.0005223770858719945, 0.0002497229725122452, 0.00014352393918670714, 4.145866569160717e-06], "lowlevel.erbbands.mean": [0.03452282026410103, 0.561733067035675, 4.122664451599121, 7.810616970062256, 9.725470542907715, 8.05150032043457, 21.052249908447266, 61.05430221557617, 45.68663787841797, 29.37457847595215, 10.564552307128906, 28.435626983642578, 30.98242950439453, 29.002277374267578, 53.981815338134766, 34.90012741088867, 34.51686096191406, 30.164535522460938, 23.2814884185791, 15.784650802612305, 24.518062591552734, 20.91315460205078, 18.43189239501953, 18.15439224243164, 15.844437599182129, 38.86071014404297, 25.130769729614258, 4.8646135330200195, 2.444103717803955, 2.421623468399048, 3.570920705795288, 3.785574436187744, 3.5663375854492188, 2.3152778148651123, 1.002402901649475, 0.4380807876586914, 0.14847345650196075, 0.016676615923643112, 0.0003417297557462007, 5.1267852541059256e-05], "lowlevel.erbbands.stdev": [0.11407361179590225, 1.5366032123565674, 5.857428550720215, 6.895718097686768, 8.353257179260254, 10.319116592407227, 35.3557014465332, 88.00397491455078, 98.2800521850586, 82.99282836914062, 26.544052124023438, 75.95610809326172, 67.98570251464844, 65.62168884277344, 135.356689453125, 94.81334686279297, 82.4005126953125, 74.06266021728516, 102.75135040283203, 30.29326820373535, 70.42373657226562, 41.78201675415039, 39.987640380859375, 31.591655731201172, 21.118452072143555, 52.43035125732422, 30.024707794189453, 7.459197044372559, 4.885043621063232, 5.669620037078857, 8.645293235778809, 9.939924240112305, 9.29382038116455, 3.884450912475586, 1.4468848705291748, 0.7162630558013916, 0.25944843888282776, 0.031534601002931595, 0.0006017424748279154, 3.3319814974674955e-05], "lowlevel.gfcc.mean": [14.006420135498047, 74.18733215332031, -105.35665130615234, 30.816083908081055, -65.67743682861328, 9.560759544372559, -50.44753646850586, 5.812460899353027, -47.923458099365234, 3.050633430480957, -15.575959205627441, -6.70294189453125, -8.307990074157715], "lowlevel.melbands.mean": [0.0004198665847070515, 0.0016996182966977358, 0.001466064597479999, 0.0005862338584847748, 0.0006786473095417023, 0.0012814926449209452, 0.0006955589633435011, 0.0002807925338856876, 7.027572428341955e-05, 0.00019570623408071697, 0.0001501604274380952, 0.00010918293992290273, 0.00015381857519969344, 0.00012067884381394833, 5.740038977819495e-05, 8.667669317219406e-05, 5.186487396713346e-05, 3.5921002563554794e-05, 2.4840986952767707e-05, 2.071013477689121e-05, 3.1472260161535814e-05, 2.3505945137003437e-05, 1.968680226127617e-05, 1.2781493751390371e-05, 1.5194093975878786e-05, 1.0274132364429533e-05, 1.3903406397730578e-05, 3.0466175303445198e-05, 2.1170402760617435e-05, 5.6791268434608355e-06, 1.760281520546414e-06, 1.3654316717293113e-06, 1.1566842204047134e-06, 1.4301599549071398e-06, 1.9102374153590063e-06, 2.3605975911777932e-06, 2.3531820261268876e-06, 2.629044729474117e-06, 2.264885324620991e-06, 1.8662145748749026e-06], "lowlevel.melbands.stdev": [0.0013011976843699813, 0.002566085197031498, 0.001121835201047361, 0.000505763222463429, 0.0010255298111587763, 0.0017594192177057266, 0.00156931031960994, 0.0007739202119410038, 0.00019401285680942237, 0.0005315319867804646, 0.00033867949969135225, 0.0002739965566433966, 0.0003807873581536114, 0.0002822247624862939, 0.00014875222404953092, 0.0002276702580275014, 0.00015897839330136776, 0.000158058013767004, 7.170144090196118e-05, 4.823763083550148e-05, 8.828771387925372e-05, 5.384890391724184e-05, 4.64388940599747e-05, 2.4405851945630275e-05, 2.890194082283415e-05, 1.644941949052736e-05, 1.9369321307749487e-05, 4.313628960517235e-05, 2.5977269615395926e-05, 1.0442484381201211e-05, 3.603931190809817e-06, 2.8153583571111085e-06, 2.673698418220738e-06, 3.5091984500468243e-06, 4.687769433076028e-06, 6.117279554018751e-06, 6.362258773151552e-06, 7.523217391280923e-06, 4.773617092723725e-06, 3.050241502933204e-06], "lowlevel.melbands128.mean": [3.918809670722112e-05, 0.00019517347391229123, 0.0005172996316105127, 0.0009596333256922662, 0.0017505732830613852, 0.0024703925009816885, 0.0015568238450214267, 0.0013539184583351016, 0.0010427868692204356, 0.00039985429611988366, 0.0003951945691369474, 0.0005323888035491109, 0.0006586508243344724, 0.000874065444804728, 0.0017650394001975656, 0.0012525217607617378, 0.0007257825345732272, 0.0006288615404628217, 0.0006571789272129536, 0.00024214640143327415, 0.00018170852854382247, 7.728882337687537e-05, 6.3973871874623e-05, 3.238832505303435e-05, 0.00017144264711532742, 0.0003091104736085981, 0.00014542376447934657, 0.00017933108028955758, 7.415825530188158e-05, 0.00013373028195928782, 0.0001227906031999737, 6.550327088916674e-05, 0.00010995422780979425, 0.00032145893783308566, 7.446168456226587e-05, 0.00010222107812296599, 0.00010891347483266145, 2.313848744961433e-05, 5.5134336435003206e-05, 8.06864263722673e-05, 0.00012483305181376636, 3.7359073758125305e-05, 5.143024100107141e-05, 7.053437730064616e-05, 1.2880555004812777e-05, 4.265742973075248e-05, 4.3911804823437706e-05, 2.052682248177007e-05, 1.9213139239582233e-05, 1.9208257072023116e-05, 1.9085098756477237e-05, 2.2933852960704826e-05, 3.092128099524416e-05, 3.323785858810879e-05, 4.052044823765755e-05, 1.8866619939217344e-05, 1.169752977148164e-05, 2.1149020540178753e-05, 2.2687303498969413e-05, 1.9372035239939578e-05, 6.630811640206957e-06, 1.0929904419754166e-05, 2.286992639710661e-05, 1.4416237718251068e-05, 7.19161380402511e-06, 1.1258298400207423e-05, 1.183240965474397e-05, 7.266853117471328e-06, 1.4356617612065747e-05, 2.3925560526549816e-05, 1.9664848878164776e-05, 4.877824176219292e-05, 3.14645076286979e-05, 1.3715814020542894e-05, 1.0995345292030834e-05, 6.440507149818586e-06, 3.335241899549146e-06, 1.842454366851598e-06, 1.7064992334780982e-06, 1.3614711633636034e-06, 1.3789187960355775e-06, 1.436234924767632e-06, 1.1602774065977428e-06, 1.1548984275577823e-06, 1.0820148190759937e-06, 1.2628723879970494e-06, 1.6012025980671751e-06, 1.6691258224454941e-06, 1.8119269498129142e-06, 2.0937618501193356e-06, 2.624313992782845e-06, 2.3792417778167874e-06, 2.055645836662734e-06, 2.1103678591316566e-06, 2.7135781692777527e-06, 2.95434620056767e-06, 2.5269225716328947e-06, 2.231503458460793e-06, 2.4623848275950877e-06, 2.175928784708958e-06, 1.97540703084087e-06, 2.06575487027294e-06, 1.3652443158207461e-06, 1.1009884701707051e-06, 1.0014306326411315e-06, 1.1727973969755112e-06, 9.264682603316032e-07, 8.901101864466909e-07, 7.811384534761601e-07, 5.9765596915895e-07, 4.859026034864655e-07, 5.865554157935549e-07, 4.985199097973236e-07, 3.850168468488846e-07, 3.3498827178846113e-07, 1.6478973918765405e-07, 5.022042870450605e-08, 2.2758746276441144e-10, 4.5087748638816816e-12, 4.307179612972334e-12, 4.185925044086769e-12, 4.083087166983912e-12, 3.9617493313715e-12, 3.8808726197936405e-12, 3.779507956602757e-12, 3.666157221554611e-12, 3.596299473496156e-12, 3.569171000417093e-12], "lowlevel.melbands128.stdev": [8.281999180326238e-05, 0.0007331304368562996, 0.0018513876711949706, 0.002876773476600647, 0.0032561318948864937, 0.002949262037873268, 0.0016495098825544119, 0.0014623160241171718, 0.0009663946693763137, 0.0004599499225150794, 0.0006834670202806592, 0.0009736715583130717, 0.0016843057237565517, 0.0015119594754651189, 0.0030672226566821337, 0.0021223295480012894, 0.0019243988208472729, 0.0023000212386250496, 0.0026083660777658224, 0.0007453267462551594, 0.0006763174314983189, 0.00030048159533180296, 0.0002737609320320189, 0.00011133751831948757, 0.0005267095402814448, 0.0010153044713661075, 0.0005299899494275451, 0.0005548866465687752, 0.00022184154659043998, 0.0004557846987154335, 0.0003929126251023263, 0.00024396755907218903, 0.00038706648047082126, 0.0009359531104564667, 0.0002842133108060807, 0.00042748384294100106, 0.00039366865530610085, 8.943940338212997e-05, 0.0002816871565300971, 0.0002388324646744877, 0.0004089950234629214, 0.00014721379557158798, 0.00019357776909600943, 0.00029701285529881716, 3.9068905607564375e-05, 0.00025501096388325095, 0.0002917035308200866, 8.08461700216867e-05, 5.399507426773198e-05, 6.76200506859459e-05, 5.563325248658657e-05, 9.57944430410862e-05, 0.00018239895871374756, 9.36258802539669e-05, 0.00013440550537779927, 6.33857780485414e-05, 4.386406362755224e-05, 7.622584962518886e-05, 6.612204742850736e-05, 6.386002496583387e-05, 2.020001738856081e-05, 3.064359407289885e-05, 5.09510027768556e-05, 3.800429476541467e-05, 1.937674096552655e-05, 2.3931899704621173e-05, 2.4580231183790602e-05, 1.637926652620081e-05, 2.54084006883204e-05, 5.075203443993814e-05, 4.773373802891001e-05, 9.073808178072795e-05, 5.404777402873151e-05, 2.7403913918533362e-05, 2.3627926566405222e-05, 1.698707274044864e-05, 6.872144695080351e-06, 4.182697011856362e-06, 4.104455001652241e-06, 3.559388687790488e-06, 2.86952058559109e-06, 3.2169634778256295e-06, 2.7526652957021724e-06, 2.767999831121415e-06, 3.0451240036200034e-06, 3.281193130533211e-06, 4.2749425119836815e-06, 4.290466222300893e-06, 4.438352789293276e-06, 6.185992788232397e-06, 7.1199879130290356e-06, 6.584840775758494e-06, 6.0969537116761785e-06, 6.714295068377396e-06, 7.184751666500233e-06, 8.617660569143482e-06, 8.821163646643981e-06, 5.8914765759254806e-06, 5.766049525846029e-06, 4.110356712772045e-06, 3.497272246022476e-06, 3.5923317227570806e-06, 2.3843892904551467e-06, 2.061566192423925e-06, 1.6728570244595176e-06, 1.9671440441015875e-06, 1.59778733177518e-06, 1.5564449995508767e-06, 1.4427881751544192e-06, 1.136581772698264e-06, 9.90812509371608e-07, 1.1479720569695928e-06, 9.1342508312664e-07, 7.353317528213665e-07, 6.398228720172483e-07, 3.890476136803045e-07, 1.5470278924567538e-07, 1.5894889848766525e-09, 6.750242725894751e-12, 6.532343242715566e-12, 6.387829501464104e-12, 6.295085980267956e-12, 6.114197689810474e-12, 5.9980388711355914e-12, 5.689641466299911e-12, 5.406437450505841e-12, 5.318859935821152e-12, 5.2879189742227606e-12], "lowlevel.mfcc.mean": [-635.3922119140625, 106.43378448486328, 12.956652641296387, 20.796661376953125, 7.214963436126709, -5.457167148590088, 12.201894760131836, -13.604500770568848, -9.472301483154297, -5.287339210510254, -19.24945640563965, -0.5441266298294067, -2.5378518104553223], "lowlevel.spectral_contrast_coeffs.mean": [-0.6500146389007568, -0.6541950702667236, -0.721101701259613, -0.765383243560791, -0.7626510858535767, -0.7878528237342834], "lowlevel.spectral_contrast_coeffs.stdev": [0.06626176089048386, 0.09209103137254715, 0.07829732447862625, 0.06412392854690552, 0.06167839094996452, 0.033478882163763046], "lowlevel.spectral_contrast_valleys.mean": [-6.809440612792969, -7.216779708862305, -7.655511856079102, -7.923262596130371, -7.526002883911133, -9.98802661895752], "lowlevel.spectral_contrast_valleys.stdev": [0.8020561337471008, 0.5754653215408325, 0.562964916229248, 0.5344097018241882, 0.6615743637084961, 0.7189159393310547], "rhythm.beats_loudness_band_ratio.mean": [0.3251578211784363, 0.2656424641609192, 0.16437478363513947, 0.1359936147928238, 0.07810096442699432, 0.091863714158535], "rhythm.beats_loudness_band_ratio.stdev": [0.17757254838943481, 0.17622072994709015, 0.14439250528812408, 0.13326703011989594, 0.07929439097642899, 0.07768857479095459], "tonal.hpcp.mean": [0.07970854640007019, 0.06545274704694748, 0.09414017200469971, 0.2127131223678589, 0.1509392410516739, 0.02299136109650135, 0.018974274396896362, 0.024854496121406555, 0.19571645557880402, 0.3306971788406372, 0.16816839575767517, 0.028133677318692207, 0.019212879240512848, 0.018644465133547783, 0.07201439887285233, 0.14692196249961853, 0.10413677245378494, 0.02686544694006443, 0.01183810643851757, 0.010490061715245247, 0.028949549421668053, 0.05449835956096649, 0.05676303058862686, 0.24590939283370972, 0.44221609830856323, 0.2553116977214813, 0.049999650567770004, 0.03721408173441887, 0.04541933536529541, 0.14071893692016602, 0.2313527762889862, 0.1342668980360031, 0.03606409952044487, 0.03305993974208832, 0.03285808488726616, 0.049728263169527054], "tonal.hpcp.stdev": [0.2066406011581421, 0.18289649486541748, 0.17785805463790894, 0.34388256072998047, 0.2527884542942047, 0.08593928068876266, 0.07354964315891266, 0.10021252930164337, 0.2540455460548401, 0.3866792619228363, 0.2206006944179535, 0.10155317187309265, 0.08377726376056671, 0.07570430636405945, 0.14249329268932343, 0.2498096227645874, 0.1987966150045395, 0.09529101103544235, 0.05313709005713463, 0.05131705477833748, 0.10020450502634048, 0.154852032661438, 0.1538000851869583, 0.2699447274208069, 0.4190632402896881, 0.2910500466823578, 0.14791886508464813, 0.14429594576358795, 0.1613251268863678, 0.23029275238513947, 0.33917421102523804, 0.23136144876480103, 0.1256653070449829, 0.13046884536743164, 0.13508428633213043, 0.1416214555501938], "rhythm.beats_position": [0.5340589284896851, 1.0681178569793701, 1.6021767854690552, 2.11301589012146, 2.6122448444366455, 3.1230838298797607, 3.633922815322876, 4.156371593475342, 4.6556010246276855, 5.154829978942871, 5.665668964385986, 6.176507949829102, 6.687346935272217, 7.198185920715332, 7.709024906158447, 8.219863891601562, 8.74231243133545, 9.264761924743652, 9.77560043334961, 10.274829864501953, 10.78566837310791, 11.296507835388184, 11.80734634399414, 12.329795837402344, 12.8406343460083, 13.351473808288574, 13.862312316894531, 14.373151779174805, 14.883990287780762, 15.394829750061035, 15.905668258666992, 16.416507720947266, 16.92734718322754, 17.43818473815918, 17.949024200439453, 18.459863662719727, 18.98231315612793, 19.48154067993164, 19.992380142211914, 20.503219604492188, 21.01405906677246, 21.5248966217041, 22.035736083984375, 22.54657554626465, 23.057415008544922, 23.568254470825195, 24.079092025756836, 24.58993148803711, 25.100770950317383, 25.611610412597656, 26.122447967529297, 26.63328742980957, 27.144126892089844, 27.654966354370117, 28.165803909301758, 28.67664337158203, 29.187482833862305, 29.68671226501465], "rhythm.bpm_histogram": [0.0, 0.0, 0.0, 0.0, 0.0, 0.0, 0.0, 0.0, 0.0, 0.0, 0.0, 0.0, 0.0, 0.0, 0.0, 0.0, 0.0, 0.0, 0.0, 0.0, 0.0, 0.0, 0.0, 0.0, 0.0, 0.0, 0.0, 0.0, 0.0, 0.0, 0.0, 0.0, 0.0, 0.0, 0.0, 0.0, 0.0, 0.0, 0.0, 0.0, 0.0, 0.0, 0.0, 0.0, 0.0, 0.0, 0.0, 0.0, 0.0, 0.0, 0.0, 0.0, 0.0, 0.0, 0.0, 0.0, 0.0, 0.0, 0.0, 0.0, 0.0, 0.0, 0.0, 0.0, 0.0, 0.0, 0.0, 0.0, 0.0, 0.0, 0.0, 0.0, 0.0, 0.0, 0.0, 0.0, 0.0, 0.0, 0.0, 0.0, 0.0, 0.0, 0.0, 0.0, 0.0, 0.0, 0.0, 0.0, 0.0, 0.0, 0.0, 0.0, 0.0, 0.0, 0.0, 0.0, 0.0, 0.0, 0.0, 0.0, 0.0, 0.0, 0.0, 0.0, 0.0, 0.0, 0.0, 0.0, 0.0, 0.0, 0.0, 0.0, 0.035087719559669495, 0.0, 0.0, 0.08771929889917374, 0.0, 0.7719298005104065, 0.0, 0.0, 0.10526315867900848, 0.0, 0.0, 0.0, 0.0, 0.0, 0.0, 0.0, 0.0, 0.0, 0.0, 0.0, 0.0, 0.0, 0.0, 0.0, 0.0, 0.0, 0.0, 0.0, 0.0, 0.0, 0.0, 0.0, 0.0, 0.0, 0.0, 0.0, 0.0, 0.0, 0.0, 0.0, 0.0, 0.0, 0.0, 0.0, 0.0, 0.0, 0.0, 0.0, 0.0, 0.0, 0.0, 0.0, 0.0, 0.0, 0.0, 0.0, 0.0, 0.0, 0.0, 0.0, 0.0, 0.0, 0.0, 0.0, 0.0, 0.0, 0.0, 0.0, 0.0, 0.0, 0.0, 0.0, 0.0, 0.0, 0.0, 0.0, 0.0, 0.0, 0.0, 0.0, 0.0, 0.0, 0.0, 0.0, 0.0, 0.0, 0.0, 0.0, 0.0, 0.0, 0.0, 0.0, 0.0, 0.0, 0.0, 0.0, 0.0, 0.0, 0.0, 0.0, 0.0, 0.0, 0.0, 0.0, 0.0, 0.0, 0.0, 0.0, 0.0, 0.0, 0.0, 0.0, 0.0, 0.0, 0.0, 0.0, 0.0, 0.0, 0.0, 0.0, 0.0, 0.0, 0.0, 0.0, 0.0, 0.0, 0.0, 0.0, 0.0, 0.0, 0.0, 0.0, 0.0, 0.0, 0.0, 0.0, 0.0, 0.0], "tonal.chords_histogram": [29.16666603088379, 0.46296295523643494, 23.765432357788086, 0.0, 0.0, 0.0, 0.0, 0.0, 0.0, 0.0, 0.0, 0.0, 0.0, 0.0, 0.0, 1.3888888359069824, 0.0, 5.246913433074951, 0.0, 1.3888888359069824, 0.0, 5.4012346267700195, 29.16666603088379, 4.012345790863037], "tonal.thpcp": [1.0, 0.5773460268974304, 0.11306609958410263, 0.08415361493825912, 0.10270845890045166, 0.3182130455970764, 0.5231667757034302, 0.3036228120326996, 0.08155311644077301, 0.07475969195365906, 0.07430323213338852, 0.11245240271091461, 0.1802479475736618, 0.14801077544689178, 0.21288272738456726, 0.48101624846458435, 0.3413246273994446, 0.051991235464811325, 0.042907245457172394, 0.0562044121325016, 0.44258102774620056, 0.7478180527687073, 0.3802855610847473, 0.06361974775791168, 0.04344681277871132, 0.04216143488883972, 0.16284888982772827, 0.33224019408226013, 0.2354884296655655, 0.06075185164809227, 0.026769958436489105, 0.023721573874354362, 0.06546471267938614, 0.12323920428752899, 0.12836039066314697, 0.5560842156410217], "lowlevel.gfcc.cov": [[3289.189697265625, -284.19415283203125, -90.84310150146484, 45.82022476196289, 177.88931274414062, -80.5369873046875, 180.41566467285156, 320.2644958496094, 5.923692226409912, 261.6274719238281, 20.829099655151367, 172.76914978027344, 15.236651420593262], [-284.19415283203125, 859.5733032226562, -221.19143676757812, -49.75387191772461, 40.87574005126953, -54.62834548950195, 95.60090637207031, -65.89897918701172, -22.50092124938965, -47.16551971435547, 118.96025848388672, -181.18128967285156, 84.79411315917969], [-90.84310150146484, -221.19143676757812, 754.5022583007812, 111.29529571533203, 89.3008804321289, 239.3843231201172, -35.582725524902344, -7.336173057556152, 40.71971893310547, 6.3688063621521, -113.37322235107422, 168.76112365722656, -144.7322540283203], [45.82022476196289, -49.75387191772461, 111.29529571533203, 343.2540283203125, 66.73297882080078, 2.4492390155792236, -10.480154991149902, 39.9364013671875, 64.9075698852539, -47.235984802246094, -13.368592262268066, 42.410789489746094, 20.62712287902832], [177.88931274414062, 40.87574005126953, 89.3008804321289, 66.73297882080078, 251.353271484375, 42.010704040527344, 50.56038284301758, 63.533748626708984, -14.825876235961914, 16.453250885009766, -58.441097259521484, 58.09969711303711, -23.556217193603516], [-80.5369873046875, -54.62834548950195, 239.3843231201172, 2.4492390155792236, 42.010704040527344, 366.4314880371094, 104.76371765136719, -78.16205596923828, -11.637715339660645, 10.708279609680176, -19.52405548095703, -2.7394492626190186, -78.71544647216797], [180.41566467285156, 95.60090637207031, -35.582725524902344, -10.480154991149902, 50.56038284301758, 104.76371765136719, 208.53550720214844, 20.610803604125977, -52.258827209472656, 41.5128059387207, 30.331317901611328, -34.18659591674805, -8.352280616760254], [320.2644958496094, -65.89897918701172, -7.336173057556152, 39.9364013671875, 63.533748626708984, -78.16205596923828, 20.610803604125977, 203.95668029785156, 65.42552185058594, -7.5105814933776855, -36.72356033325195, 52.37289810180664, 15.274752616882324], [5.923692226409912, -22.50092124938965, 40.71971893310547, 64.9075698852539, -14.825876235961914, -11.637715339660645, -52.258827209472656, 65.42552185058594, 154.9027862548828, 15.194402694702148, -3.284780740737915, 28.56127166748047, 8.406312942504883], [261.6274719238281, -47.16551971435547, 6.3688063621521, -47.235984802246094, 16.453250885009766, 10.708279609680176, 41.5128059387207, -7.5105814933776855, 15.194402694702148, 154.2596893310547, 56.7752685546875, 24.469194412231445, -9.852219581604004], [20.829099655151367, 118.96025848388672, -113.37322235107422, -13.368592262268066, -58.441097259521484, -19.52405548095703, 30.331317901611328, -36.72356033325195, -3.284780740737915, 56.7752685546875, 144.07217407226562, -25.017778396606445, 38.56008529663086], [172.76914978027344, -181.18128967285156, 168.76112365722656, 42.410789489746094, 58.09969711303711, -2.7394492626190186, -34.18659591674805, 52.37289810180664, 28.56127166748047, 24.469194412231445, -25.017778396606445, 182.12158203125, -13.79499626159668], [15.236651420593262, 84.79411315917969, -144.7322540283203, 20.62712287902832, -23.556217193603516, -78.71544647216797, -8.352280616760254, 15.274752616882324, 8.406312942504883, -9.852219581604004, 38.56008529663086, -13.79499626159668, 108.46601104736328]], "lowlevel.gfcc.icov": [[0.0004945375840179622, -0.00010041928180726245, 0.00026062814868055284, -0.0003331255284138024, 0.00024727435084059834, -0.000272002856945619, 0.00013905379455536604, -0.0010516364127397537, 0.0007237894460558891, -0.0012136587174609303, 0.0003549529646988958, -0.0003819832345470786, 9.416227112524211e-05], [-0.00010041928180726245, 0.0031461184844374657, -0.0011833105236291885, 0.0017333102878183126, -0.003120586508885026, 0.00208329688757658, -0.002550825010985136, 0.002606466878205538, -0.0029651366639882326, 0.003758601378649473, -0.0036700277123600245, 0.003034390741959214, -0.0018214567098766565], [0.00026062814868055284, -0.0011833105236291885, 0.0038075358606874943, -0.0017989889020100236, 0.001586461323313415, -0.0027554482221603394, 0.002091100672259927, -0.0015207072719931602, 0.0016489350236952305, -0.002538373926654458, 0.0027667067479342222, -0.0035436218604445457, 0.0032385969534516335], [-0.0003331255284138024, 0.0017333102878183126, -0.0017989889020100236, 0.005383575335144997, -0.003367487108334899, 0.0020845402032136917, -0.0025394647382199764, 0.002852934179827571, -0.004493736661970615, 0.0051092603243887424, -0.003323101904243231, 0.0016463783103972673, -0.002345268614590168], [0.00024727435084059834, -0.003120586508885026, 0.001586461323313415, -0.003367487108334899, 0.009332709014415741, -0.002987838815897703, 0.002016174839809537, -0.00475427508354187, 0.005303094629198313, -0.00613029208034277, 0.006472871173173189, -0.004266302566975355, 0.0020338459871709347], [-0.000272002856945619, 0.00208329688757658, -0.0027554482221603394, 0.0020845402032136917, -0.002987838815897703, 0.00772586977109313, -0.00623995391651988, 0.005822754930704832, -0.005068289581686258, 0.004648546688258648, -0.0025532653089612722, 0.0024436654057353735, 2.734063491516281e-05], [0.00013905379455536604, -0.002550825010985136, 0.002091100672259927, -0.0025394647382199764, 0.002016174839809537, -0.00623995391651988, 0.012491241097450256, -0.007277118507772684, 0.0078020887449383736, -0.006448091007769108, 0.0012432903749868274, -0.00039120260044001043, 0.0014617868000641465], [-0.0010516364127397537, 0.002606466878205538, -0.0015207072719931602, 0.002852934179827571, -0.00475427508354187, 0.005822754930704832, -0.007277118507772684, 0.014323473908007145, -0.00968987587839365, 0.007572702132165432, -0.0015070141525939107, 0.0006140008918009698, -0.0017932630144059658], [0.0007237894460558891, -0.0029651366639882326, 0.0016489350236952305, -0.004493736661970615, 0.005303094629198313, -0.005068289581686258, 0.0078020887449383736, -0.00968987587839365, 0.015610155649483204, -0.008838384412229061, 0.0037262067198753357, -0.0023017835337668657, 0.00108007388189435], [-0.0012136587174609303, 0.003758601378649473, -0.002538373926654458, 0.0051092603243887424, -0.00613029208034277, 0.004648546688258648, -0.006448091007769108, 0.007572702132165432, -0.008838384412229061, 0.017824510112404823, -0.009683091193437576, 0.002305455505847931, -0.0006077182479202747], [0.0003549529646988958, -0.0036700277123600245, 0.0027667067479342222, -0.003323101904243231, 0.006472871173173189, -0.0025532653089612722, 0.0012432903749868274, -0.0015070141525939107, 0.0037262067198753357, -0.009683091193437576, 0.016763988882303238, -0.004245135001838207, -0.0006641839863732457], [-0.0003819832345470786, 0.003034390741959214, -0.0035436218604445457, 0.0016463783103972673, -0.004266302566975355, 0.0024436654057353735, -0.00039120260044001043, 0.0006140008918009698, -0.0023017835337668657, 0.002305455505847931, -0.004245135001838207, 0.012146571651101112, -0.0031879721209406853], [9.416227112524211e-05, -0.0018214567098766565, 0.0032385969534516335, -0.002345268614590168, 0.0020338459871709347, 2.734063491516281e-05, 0.0014617868000641465, -0.0017932630144059658, 0.00108007388189435, -0.0006077182479202747, -0.0006641839863732457, -0.0031879721209406853, 0.01591603271663189]], "lowlevel.mfcc.cov": [[3039.802734375, -185.32290649414062, -334.0382080078125, 228.69667053222656, -53.16320037841797, -186.08570861816406, 114.13823699951172, 32.5877571105957, 127.31600189208984, 134.2477264404297, 13.314924240112305, 76.98970794677734, 188.94622802734375], [-185.32290649414062, 732.9825439453125, -157.70315551757812, -41.01498031616211, -36.92329788208008, -30.759986877441406, 131.07444763183594, -76.35549926757812, -26.89249610900879, 44.31439208984375, -14.123456001281738, -9.069275856018066, -11.480330467224121], [-334.0382080078125, -157.70315551757812, 577.7777099609375, -78.1476821899414, 83.8192138671875, 223.6343231201172, -68.85292053222656, 94.42941284179688, -3.9350812435150146, -59.863372802734375, 86.32254028320312, 26.790569305419922, -20.416162490844727], [228.69667053222656, -41.01498031616211, -78.1476821899414, 327.1633605957031, 85.80593872070312, -110.03829956054688, -33.03120803833008, 50.13640594482422, 54.19561004638672, -30.570240020751953, -31.304344177246094, 42.90006637573242, 39.84681701660156], [-53.16320037841797, -36.92329788208008, 83.8192138671875, 85.80593872070312, 193.75440979003906, 28.46025276184082, -72.58539581298828, 77.19648742675781, 47.962257385253906, -28.027334213256836, 10.323314666748047, -4.391000270843506, 6.11967134475708], [-186.08570861816406, -30.759986877441406, 223.6343231201172, -110.03829956054688, 28.46025276184082, 368.9336853027344, 80.3794937133789, 33.408145904541016, -25.952943801879883, 11.086219787597656, 77.95380401611328, -36.90460205078125, -11.594305038452148], [114.13823699951172, 131.07444763183594, -68.85292053222656, -33.03120803833008, -72.58539581298828, 80.3794937133789, 249.6120147705078, -13.588346481323242, -28.83673667907715, 60.63976287841797, 10.551997184753418, -16.795583724975586, 0.3176150321960449], [32.5877571105957, -76.35549926757812, 94.42941284179688, 50.13640594482422, 77.19648742675781, 33.408145904541016, -13.588346481323242, 196.45272827148438, 77.44408416748047, -18.86358070373535, 30.86922836303711, -24.2945499420166, 12.042545318603516], [127.31600189208984, -26.89249610900879, -3.9350812435150146, 54.19561004638672, 47.962257385253906, -25.952943801879883, -28.83673667907715, 77.44408416748047, 125.25325012207031, 23.80452537536621, 11.126911163330078, -7.941374778747559, 14.730802536010742], [134.2477264404297, 44.31439208984375, -59.863372802734375, -30.570240020751953, -28.027334213256836, 11.086219787597656, 60.63976287841797, -18.86358070373535, 23.80452537536621, 124.48149108886719, 20.346529006958008, -13.79295539855957, 0.37954628467559814], [13.314924240112305, -14.123456001281738, 86.32254028320312, -31.304344177246094, 10.323314666748047, 77.95380401611328, 10.551997184753418, 30.86922836303711, 11.126911163330078, 20.346529006958008, 116.67427825927734, 15.32497787475586, 2.6197872161865234], [76.98970794677734, -9.069275856018066, 26.790569305419922, 42.90006637573242, -4.391000270843506, -36.90460205078125, -16.795583724975586, -24.2945499420166, -7.941374778747559, -13.79295539855957, 15.32497787475586, 125.90382385253906, 38.754695892333984], [188.94622802734375, -11.480330467224121, -20.416162490844727, 39.84681701660156, 6.11967134475708, -11.594305038452148, 0.3176150321960449, 12.042545318603516, 14.730802536010742, 0.37954628467559814, 2.6197872161865234, 38.754695892333984, 106.7062759399414]], "lowlevel.mfcc.icov": [[0.00045877869706600904, 0.00019604334374889731, 0.00016313338710460812, -0.00018066797929350287, 9.458235581405461e-05, 0.00014491152251139283, -0.0002615056000649929, 2.70859818556346e-05, -0.00027984767802990973, -0.0003122241760138422, -0.00018323039694223553, -6.295131606748328e-05, -0.0006174471345730126], [0.00019604334374889731, 0.0017429974395781755, 0.0003557266900315881, 0.0002576944825705141, -0.0005250752437859774, 0.0003546467632986605, -0.0011219698935747147, 0.0006044007022865117, -0.00024689658312126994, -3.3334501495119184e-05, -0.00021428284526336938, -6.066322748665698e-05, -0.00012250633153598756], [0.00016313338710460812, 0.0003557266900315881, 0.0033902074210345745, 0.000656821415759623, -0.0005245618522167206, -0.0017664926126599312, 0.0008645349298603833, -0.0012942145112901926, 0.00029042985988780856, 0.0007893794681876898, -0.0007730401121079922, -0.0017168683698400855, 0.0007340448210015893], [-0.00018066797929350287, 0.0002576944825705141, 0.000656821415759623, 0.004909684415906668, -0.002328094094991684, 0.0009562429622747004, -0.0007800949970260262, -0.0005355453467927873, -0.000978198484517634, 0.0011997134424746037, 0.0007652952917851508, -0.0016027552774176002, -0.0003658234199974686], [9.458235581405461e-05, -0.0005250752437859774, -0.0005245618522167206, -0.002328094094991684, 0.00850642565637827, -0.0014734917785972357, 0.0025281591806560755, -0.001836528885178268, -0.0010548485442996025, 2.8376920454320498e-05, 0.00019971997244283557, 0.0005584803875535727, 3.460413790890016e-05], [0.00014491152251139283, 0.0003546467632986605, -0.0017664926126599312, 0.0009562429622747004, -0.0014734917785972357, 0.005421989131718874, -0.002464663004502654, 0.0005905803409405053, 0.0006446045590564609, 2.055865479633212e-05, -0.0021311582531780005, 0.0019317263504490256, -0.0010375087149441242], [-0.0002615056000649929, -0.0011219698935747147, 0.0008645349298603833, -0.0007800949970260262, 0.0025281591806560755, -0.002464663004502654, 0.007105788215994835, -0.001920752809382975, 0.0021143006160855293, -0.0025885910727083683, 0.0006058420403860509, -0.00023365800734609365, 0.0003692032478284091], [2.70859818556346e-05, 0.0006044007022865117, -0.0012942145112901926, -0.0005355453467927873, -0.001836528885178268, 0.0005905803409405053, -0.001920752809382975, 0.009617350995540619, -0.005268845707178116, 0.0025709248147904873, -0.001999305095523596, 0.00274655781686306, -0.0011709613027051091], [-0.00027984767802990973, -0.00024689658312126994, 0.00029042985988780856, -0.000978198484517634, -0.0010548485442996025, 0.0006446045590564609, 0.0021143006160855293, -0.005268845707178116, 0.013860080391168594, -0.0044066510163247585, -0.0002048107999144122, 0.00038975843926891685, -0.0004255502426531166], [-0.0003122241760138422, -3.3334501495119184e-05, 0.0007893794681876898, 0.0011997134424746037, 2.8376920454320498e-05, 2.055865479633212e-05, -0.0025885910727083683, 0.0025709248147904873, -0.0044066510163247585, 0.012082835659384727, -0.0025233107153326273, 0.0010565465781837702, 0.00021405055304057896], [-0.00018323039694223553, -0.00021428284526336938, -0.0007730401121079922, 0.0007652952917851508, 0.00019971997244283557, -0.0021311582531780005, 0.0006058420403860509, -0.001999305095523596, -0.0002048107999144122, -0.0025233107153326273, 0.012046213261783123, -0.0028729403857141733, 0.0006334444042295218], [-6.295131606748328e-05, -6.066322748665698e-05, -0.0017168683698400855, -0.0016027552774176002, 0.0005584803875535727, 0.0019317263504490256, -0.00023365800734609365, 0.00274655781686306, 0.00038975843926891685, 0.0010565465781837702, -0.0028729403857141733, 0.011690659448504448, -0.00398941058665514], [-0.0006174471345730126, -0.00012250633153598756, 0.0007340448210015893, -0.0003658234199974686, 3.460413790890016e-05, -0.0010375087149441242, 0.0003692032478284091, -0.0011709613027051091, -0.0004255502426531166, 0.00021405055304057896, 0.0006334444042295218, -0.00398941058665514, 0.012236399576067924]], "metadata.audio_properties.analysis.downmix": "mix", "metadata.audio_properties.codec": "mp3", "metadata.audio_properties.md5_encoded": "e7f614a05dd5208e6d269359082afbd7", "metadata.tags.file_name": "1182274149700345866.mp3", "metadata.version.essentia": "2.1-beta6-dev", "metadata.version.essentia_git_sha": "v2.1_beta5-1110-g77a6a954", "metadata.version.extractor": "music 2.0", "tonal.chords_key": "Bb", "tonal.chords_scale": "major", "tonal.key_edma.key": "Bb", "tonal.key_edma.scale": "major", "tonal.key_krumhansl.key": "Bb", "tonal.key_krumhansl.scale": "major", "tonal.key_temperley.key": "F", "tonal.key_temperley.scale": "major", "metadata.tags.encoding": ["Lavf58.45.100"]}, "essentia_models": [{"model_name": "genre_dortmund", "activations": {"alternative": "0.008881906", "blues": "0.0316901", "electronic": "0.0044559585", "folkcount