{"song_id": "1182276585932476426", "download": "https://cdn.discordapp.com/attachments/1135903449314238464/1182276585932476426/chirp.mp4?ex=65841bdf&amp", "lyrics": "Outro:\nGululu, gululu, what a wonderful feat,\nOur teeth are clean, oh so neat!\nTogether we've brushed, and had some fun,\nHealthy teeth for everyone!", "style": ["happy song for kids"], "essentia_features": {"lowlevel.average_loudness": 0.9701655507087708, "lowlevel.barkbands_crest.mean": 10.067754745483398, "lowlevel.barkbands_crest.stdev": 3.427192449569702, "lowlevel.barkbands_flatness_db.mean": 0.15404611825942993, "lowlevel.barkbands_flatness_db.stdev": 0.043029773980379105, "lowlevel.barkbands_kurtosis.mean": 6.986873626708984, "lowlevel.barkbands_kurtosis.stdev": 9.19383430480957, "lowlevel.barkbands_skewness.mean": 2.116147756576538, "lowlevel.barkbands_skewness.stdev": 1.2325040102005005, "lowlevel.barkbands_spread.mean": 22.795629501342773, "lowlevel.barkbands_spread.stdev": 17.96974754333496, "lowlevel.dissonance.mean": 0.45238086581230164, "lowlevel.dissonance.stdev": 0.03215140104293823, "lowlevel.dynamic_complexity": 2.4007482528686523, "lowlevel.erbbands_crest.mean": 10.92026424407959, "lowlevel.erbbands_crest.stdev": 5.440290451049805, "lowlevel.erbbands_flatness_db.mean": 0.15193608403205872, "lowlevel.erbbands_flatness_db.stdev": 0.046396467834711075, "lowlevel.erbbands_kurtosis.mean": 0.8324901461601257, "lowlevel.erbbands_kurtosis.stdev": 3.213728189468384, "lowlevel.erbbands_skewness.mean": 0.6109436750411987, "lowlevel.erbbands_skewness.stdev": 0.9336163997650146, "lowlevel.erbbands_spread.mean": 51.26774597167969, "lowlevel.erbbands_spread.stdev": 28.259958267211914, "lowlevel.hfc.mean": 23.538406372070312, "lowlevel.hfc.stdev": 15.533947944641113, "lowlevel.loudness_ebu128.integrated": -11.907417297363281, "lowlevel.loudness_ebu128.loudness_range": 2.7085084915161133, "lowlevel.loudness_ebu128.momentary.mean": -12.338478088378906, "lowlevel.loudness_ebu128.momentary.stdev": 2.190324306488037, "lowlevel.loudness_ebu128.short_term.mean": -12.01738166809082, "lowlevel.loudness_ebu128.short_term.stdev": 0.9120472073554993, "lowlevel.melbands_crest.mean": 13.97827434539795, "lowlevel.melbands_crest.stdev": 4.229025363922119, "lowlevel.melbands_flatness_db.mean": 0.21836113929748535, "lowlevel.melbands_flatness_db.stdev": 0.04976104572415352, "lowlevel.melbands_kurtosis.mean": 22.535863876342773, "lowlevel.melbands_kurtosis.stdev": 23.53922462463379, "lowlevel.melbands_skewness.mean": 3.474644422531128, "lowlevel.melbands_skewness.stdev": 1.8996251821517944, "lowlevel.melbands_spread.mean": 18.39497947692871, "lowlevel.melbands_spread.stdev": 13.324614524841309, "lowlevel.pitch_salience.mean": 0.5197924971580505, "lowlevel.pitch_salience.stdev": 0.09591671079397202, "lowlevel.silence_rate_20dB.mean": 1.0, "lowlevel.silence_rate_20dB.stdev": 0.0, "lowlevel.silence_rate_30dB.mean": 1.0, "lowlevel.silence_rate_30dB.stdev": 0.0, "lowlevel.silence_rate_60dB.mean": 0.0016906170640140772, "lowlevel.silence_rate_60dB.stdev": 0.04108237847685814, "lowlevel.spectral_centroid.mean": 1117.7706298828125, "lowlevel.spectral_centroid.stdev": 565.8609619140625, "lowlevel.spectral_complexity.mean": 14.572274208068848, "lowlevel.spectral_complexity.stdev": 5.950772285461426, "lowlevel.spectral_decrease.mean": -7.20663750897188e-09, "lowlevel.spectral_decrease.stdev": 3.988700481016849e-09, "lowlevel.spectral_energy.mean": 0.02933451533317566, "lowlevel.spectral_energy.stdev": 0.015847986564040184, "lowlevel.spectral_energyband_high.mean": 0.0012466476764529943, "lowlevel.spectral_energyband_high.stdev": 0.0014221244491636753, "lowlevel.spectral_energyband_low.mean": 0.006791485473513603, "lowlevel.spectral_energyband_low.stdev": 0.009189385920763016, "lowlevel.spectral_energyband_middle_high.mean": 0.004879269748926163, "lowlevel.spectral_energyband_middle_high.stdev": 0.0062106638215482235, "lowlevel.spectral_energyband_middle_low.mean": 0.017865393310785294, "lowlevel.spectral_energyband_middle_low.stdev": 0.011606905609369278, "lowlevel.spectral_entropy.mean": 7.436207294464111, "lowlevel.spectral_entropy.stdev": 0.45537540316581726, "lowlevel.spectral_flux.mean": 0.07044535130262375, "lowlevel.spectral_flux.stdev": 0.04621991887688637, "lowlevel.spectral_kurtosis.mean": 3.64398193359375, "lowlevel.spectral_kurtosis.stdev": 3.172158718109131, "lowlevel.spectral_rms.mean": 0.0051398384384810925, "lowlevel.spectral_rms.stdev": 0.0014836189802736044, "lowlevel.spectral_rolloff.mean": 1449.2410888671875, "lowlevel.spectral_rolloff.stdev": 1935.845947265625, "lowlevel.spectral_skewness.mean": 1.4985911846160889, "lowlevel.spectral_skewness.stdev": 0.47456544637680054, "lowlevel.spectral_spread.mean": 5949161.5, "lowlevel.spectral_spread.stdev": 2115258.0, "lowlevel.spectral_strongpeak.mean": 1.3684179782867432, "lowlevel.spectral_strongpeak.stdev": 1.4481348991394043, "lowlevel.zerocrossingrate.mean": 0.06696923822164536, "lowlevel.zerocrossingrate.stdev": 0.040326375514268875, "metadata.audio_properties.analysis.equal_loudness": 0.0, "metadata.audio_properties.analysis.length": 27.434648513793945, "metadata.audio_properties.analysis.sample_rate": 44100.0, "metadata.audio_properties.analysis.start_time": 0.0, "metadata.audio_properties.bit_rate": 116835.0, "metadata.audio_properties.length": 27.434667587280273, "metadata.audio_properties.lossless": 0.0, "metadata.audio_properties.number_channels": 1.0, "metadata.audio_properties.replay_gain": -14.798698425292969, "metadata.audio_properties.sample_rate": 48000.0, "rhythm.beats_count": 53.0, "rhythm.beats_loudness.mean": 0.03254617005586624, "rhythm.beats_loudness.stdev": 0.010576889850199223, "rhythm.bpm": 117.14543914794922, "rhythm.bpm_histogram_first_peak_bpm": 117.0, "rhythm.bpm_histogram_first_peak_weight": 0.19999998807907104, "rhythm.bpm_histogram_second_peak_bpm": 123.0, "rhythm.bpm_histogram_second_peak_spread": 0.0, "rhythm.bpm_histogram_second_peak_weight": 0.03846153989434242, "rhythm.danceability": 0.9922630786895752, "rhythm.onset_rate": 3.6055595874786377, "tonal.chords_changes_rate": 0.06756756454706192, "tonal.chords_number_rate": 0.015202702954411507, "tonal.chords_strength.mean": 0.5064037442207336, "tonal.chords_strength.stdev": 0.0750904306769371, "tonal.hpcp_crest.mean": 18.221893310546875, "tonal.hpcp_crest.stdev": 7.681779861450195, "tonal.hpcp_entropy.mean": 1.4784079790115356, "tonal.hpcp_entropy.stdev": 0.6466354727745056, "tonal.key_edma.strength": 0.7178382873535156, "tonal.key_krumhansl.strength": 0.7299489378929138, "tonal.key_temperley.strength": 0.7524046897888184, "tonal.tuning_diatonic_strength": 0.6543852686882019, "tonal.tuning_equal_tempered_deviation": 0.040255989879369736, "tonal.tuning_frequency": 438.7310485839844, "tonal.tuning_nontempered_energy_ratio": 0.6385166049003601, "lowlevel.barkbands.mean": [8.934137440519407e-05, 0.0014612667728215456, 0.003980642184615135, 0.0033531857188791037, 0.004216589033603668, 0.0049621835350990295, 0.0022231985349208117, 0.0015043137827888131, 0.0012501806486397982, 0.0007319719879887998, 0.0009254884207621217, 0.0009932644898071885, 0.0007458077161572874, 0.00015281210653483868, 0.00024586054496467113, 0.0001613891654415056, 0.00034255944774486125, 0.00027602643240243196, 0.00022416769934352487, 0.0005934315850026906, 0.0001569749292684719, 9.194984886562452e-05, 0.00012841782881878316, 0.00022850419918540865, 0.00021237654436845332, 8.167274063453078e-05, 9.554987627780065e-07], "lowlevel.barkbands.stdev": [0.00012329894525464624, 0.005567721091210842, 0.004175699315965176, 0.002340284176170826, 0.00375955319032073, 0.007202476728707552, 0.005646087229251862, 0.004737024195492268, 0.003142898203805089, 0.0019384791376069188, 0.0023486781865358353, 0.003288145177066326, 0.002474810229614377, 0.0004814483691006899, 0.0005372845917008817, 0.00026722808252088726, 0.0011782320216298103, 0.0006351472693495452, 0.00042632134864106774, 0.0009375449153594673, 0.00024315879272762686, 0.00016846074140630662, 0.00031005265191197395, 0.0004992635804228485, 0.00031104355002753437, 0.00011758297478081658, 3.3749834074114915e-06], "lowlevel.erbbands.mean": [0.020262369886040688, 0.4540499150753021, 3.5960769653320312, 8.319751739501953, 15.293992042541504, 12.111742973327637, 20.796293258666992, 48.5777702331543, 35.68687057495117, 31.805727005004883, 28.678512573242188, 36.121971130371094, 24.890432357788086, 25.3701171875, 40.105995178222656, 49.43912887573242, 37.78870391845703, 11.404181480407715, 13.457296371459961, 9.067849159240723, 9.467641830444336, 16.464885711669922, 18.666065216064453, 11.765636444091797, 14.115478515625, 28.055320739746094, 13.782261848449707, 3.909241199493408, 3.5188181400299072, 2.9766693115234375, 3.769260883331299, 4.12532377243042, 4.143533229827881, 2.915660858154297, 1.1731681823730469, 0.45784932374954224, 0.13314753770828247, 0.013822948560118675, 0.00029210219508968294, 4.912192525807768e-05], "lowlevel.erbbands.stdev": [0.07965751737356186, 1.5348553657531738, 4.835936546325684, 4.853170394897461, 11.821934700012207, 16.324462890625, 25.664228439331055, 79.76370239257812, 76.4642333984375, 87.8813247680664, 95.75271606445312, 88.41693115234375, 58.40229034423828, 71.42820739746094, 98.26144409179688, 158.18716430664062, 119.28846740722656, 29.9528751373291, 31.400625228881836, 12.984293937683105, 16.4681396484375, 48.922027587890625, 43.11007308959961, 19.571247100830078, 31.039531707763672, 45.62657165527344, 19.763418197631836, 5.048124313354492, 6.23954963684082, 6.3924102783203125, 9.224837303161621, 10.287569046020508, 8.407927513122559, 4.6904520988464355, 1.6251232624053955, 0.6617150902748108, 0.19471319019794464, 0.02330220863223076, 0.0004459560150280595, 2.9321268812054768e-05], "lowlevel.gfcc.mean": [9.874371528625488, 81.28157043457031, -96.69342803955078, 33.412330627441406, -65.14522552490234, 7.643393039703369, -50.70932388305664, 5.69066047668457, -45.91209411621094, -0.6609414219856262, -20.33599281311035, -7.47199821472168, -11.47424030303955], "lowlevel.melbands.mean": [0.0002901040716096759, 0.0014724633656442165, 0.0017296739388257265, 0.000964844599366188, 0.0006932956166565418, 0.0010330281220376492, 0.0005351904546841979, 0.00033946821349672973, 0.0002111567446263507, 0.00022721098503097892, 0.00011599418940022588, 9.460993896936998e-05, 0.0001228239998454228, 0.00013382882752921432, 9.47662047110498e-05, 6.441994628403336e-05, 1.6194331692531705e-05, 2.067400600935798e-05, 1.4557288523064926e-05, 1.2110454008507077e-05, 1.0965904039039742e-05, 1.3896112250222359e-05, 2.7042171495850198e-05, 9.98066934698727e-06, 9.368665814690758e-06, 8.042567969823722e-06, 1.4244620615500025e-05, 2.023652814386878e-05, 1.1414099390094634e-05, 3.355076614752761e-06, 1.7642170178078231e-06, 2.0531078916974366e-06, 1.6730284642108018e-06, 1.6854486375450506e-06, 1.993192881855066e-06, 2.5083845685003325e-06, 2.6056336537294555e-06, 3.0225392038119026e-06, 2.7572375529416604e-06, 2.3881925699242856e-06], "lowlevel.melbands.stdev": [0.0011405464028939605, 0.002256516134366393, 0.0009757974185049534, 0.0009078456205315888, 0.0007939887000247836, 0.001629240345209837, 0.0011734995059669018, 0.0009593285503797233, 0.0007273610681295395, 0.0005768860573880374, 0.00028937211027368903, 0.00029117317171767354, 0.00031803030287846923, 0.0003974636783823371, 0.0002713505527935922, 0.00019532498845364898, 5.580008291872218e-05, 4.930325303575955e-05, 2.9294849809957668e-05, 2.035021134361159e-05, 2.3962691557244398e-05, 3.6675017327070236e-05, 8.531271305400878e-05, 2.0148137991782278e-05, 1.6753538147895597e-05, 1.4725640539836604e-05, 3.0789706215728074e-05, 3.542089689290151e-05, 1.8445116438670084e-05, 4.950447873852681e-06, 2.7533901629794855e-06, 3.750069708985393e-06, 3.346852736285655e-06, 3.887266757374164e-06, 4.939329301123507e-06, 6.749386102455901e-06, 6.464616035373183e-06, 6.669798949587857e-06, 4.805643584404606e-06, 3.8293869693006855e-06], "lowlevel.melbands128.mean": [3.333174390718341e-05, 9.548804518999532e-05, 0.0003116362204309553, 0.0008133322698995471, 0.001549025415442884, 0.0020720968022942543, 0.001546064973808825, 0.0018849056214094162, 0.001666869269683957, 0.000827697163913399, 0.0006086794310249388, 0.0005369484424591064, 0.0006354402867145836, 0.0009063638281077147, 0.0014138240367174149, 0.0008863042457960546, 0.000567735405638814, 0.000502964889165014, 0.00047319280565716326, 0.0003148121468257159, 0.00031782331643626094, 0.00023118016542866826, 0.00025435499264858663, 8.282943599624559e-05, 0.00025320026907138526, 0.00031825591577216983, 8.824044198263437e-05, 0.00014902639668434858, 5.036154470872134e-05, 9.741608664626256e-05, 0.00010943780944216996, 9.458608838031068e-05, 0.00011732563143596053, 0.00017889344599097967, 5.83863329666201e-05, 0.00018010326311923563, 0.00016235806106124073, 2.555835817474872e-05, 0.00012281195085961372, 9.575998410582542e-05, 5.037335358792916e-05, 1.5178688954620156e-05, 1.4695591744384728e-05, 1.8486818589735776e-05, 1.1403220923966728e-05, 2.538816988817416e-05, 2.748234874161426e-05, 1.2913887985632755e-05, 9.88225201581372e-06, 1.0180322533415165e-05, 1.5478175555472262e-05, 1.0605333045532461e-05, 7.71458144299686e-06, 1.3954186215414666e-05, 1.2378902283671778e-05, 8.302017704409081e-06, 1.3626274267153349e-05, 4.4047064875485376e-05, 2.3960439648362808e-05, 1.587388942425605e-05, 5.482723281602375e-06, 7.877924872445874e-06, 1.3410648534772918e-05, 8.661324500280898e-06, 5.636415608023526e-06, 7.43322698326665e-06, 9.263367246603593e-06, 1.0746377483883407e-05, 1.362844523100648e-05, 2.3787097234162502e-05, 1.4606546756112948e-05, 2.7147625587531365e-05, 1.6163361578946933e-05, 8.242200237873476e-06, 4.88761088490719e-06, 3.6100861962040653e-06, 2.855884758901084e-06, 1.6478866200486664e-06, 1.6141539163072594e-06, 1.6926338730627322e-06, 2.209049398516072e-06, 2.1686685158783803e-06, 1.84871896635741e-06, 1.734764623506635e-06, 1.3828571354679298e-06, 1.4762593991690665e-06, 1.91310186892224e-06, 1.8260602701047901e-06, 1.792521970855887e-06, 2.217619339717203e-06, 2.696480351005448e-06, 2.652322564244969e-06, 2.1951498183625517e-06, 2.102041662510601e-06, 3.3489352517790394e-06, 3.2590055525361095e-06, 2.9021218779234914e-06, 2.648875351951574e-06, 2.8559102247527335e-06, 2.8477368232415756e-06, 2.465256102368585e-06, 2.605285999379703e-06, 1.8350069694861304e-06, 1.5551036085525993e-06, 1.0731606607805588e-06, 1.1984833463429823e-06, 1.007991500046046e-06, 9.756241752256756e-07, 8.384852208109805e-07, 5.688734177056176e-07, 4.515340492616815e-07, 5.053491918260988e-07, 4.594625409026776e-07, 3.237917667320289e-07, 2.7203026320421486e-07, 1.342874895726709e-07, 3.6709870698814484e-08, 1.405840582835438e-10, 8.729707061394532e-12, 4.4905281749996195e-12, 4.128578555417928e-12, 3.605019277888588e-12, 3.447742308662627e-12, 3.3739109596420125e-12, 3.3017540524565847e-12, 3.2244161767697177e-12, 3.1763222694408677e-12, 3.153815316542241e-12], "lowlevel.melbands128.stdev": [8.531329513061792e-05, 0.0004043728404212743, 0.0014811543514952064, 0.0029953964985907078, 0.0030014836229383945, 0.001967094140127301, 0.0011027505388483405, 0.0016065218951553106, 0.0015127714723348618, 0.0011711587430909276, 0.0011785767273977399, 0.0007093841559253633, 0.0010014547733590007, 0.0016568066785112023, 0.002758133690804243, 0.0018877136753872037, 0.0017588024493306875, 0.0015967359067872167, 0.0017307549715042114, 0.0011475750943645835, 0.0013552659656852484, 0.0008809893624857068, 0.0011893754126504064, 0.00033201510086655617, 0.0007737707928754389, 0.0009681293740868568, 0.0002566993935033679, 0.0005334352026693523, 0.00016977493942249566, 0.0004333709948696196, 0.0004519074282143265, 0.0003729589225258678, 0.0004394919378682971, 0.0006007945048622787, 0.0002627705398481339, 0.0007328081410378218, 0.0006604659138247371, 0.00010532779560890049, 0.0005842683603987098, 0.00036715841270051897, 0.00021399454271886498, 6.818638212280348e-05, 8.414612238993868e-05, 7.735943654552102e-05, 3.210680006304756e-05, 8.646250353194773e-05, 8.688819070812315e-05, 4.8649679229129106e-05, 1.938705645443406e-05, 2.327225411136169e-05, 3.704411574290134e-05, 1.993719706661068e-05, 2.2675212676404044e-05, 4.9607784603722394e-05, 3.690364974318072e-05, 1.8567736333352514e-05, 6.497356662293896e-05, 0.00021313707111403346, 7.685513264732435e-05, 5.3669795306632295e-05, 1.3749810023000464e-05, 2.3499651433667168e-05, 3.538183227647096e-05, 1.9514000086928718e-05, 1.3984235920361243e-05, 1.4143549378786702e-05, 1.9470306142466143e-05, 7.413418643409386e-05, 2.616701567603741e-05, 6.322183617157862e-05, 3.161395216011442e-05, 7.636631926288828e-05, 3.099344394286163e-05, 1.9681883713928983e-05, 9.090050298254937e-06, 6.954701348149683e-06, 5.730990324082086e-06, 2.712365130719263e-06, 3.089197434746893e-06, 3.183489070579526e-06, 4.615017587639159e-06, 4.223326868668664e-06, 3.7380978028522804e-06, 3.7165557387197623e-06, 3.3399801395717077e-06, 3.5294590361445444e-06, 4.7290536713262554e-06, 5.046738806413487e-06, 4.802625426236773e-06, 5.865576895303093e-06, 7.525815362896537e-06, 7.764163456158713e-06, 6.740154276485555e-06, 5.891675755265169e-06, 8.319054359162692e-06, 7.5080997703480534e-06, 7.417463621095521e-06, 5.420409706857754e-06, 5.27194333699299e-06, 5.020538083044812e-06, 4.5609262997459155e-06, 4.279028871678747e-06, 3.1569722978019854e-06, 2.644237838467234e-06, 1.6836237364259432e-06, 1.7802487946028123e-06, 1.5752866602269933e-06, 1.4856511825200869e-06, 1.4232332432584371e-06, 9.475844535700162e-07, 8.331879826073418e-07, 8.286885986308334e-07, 7.081531521180295e-07, 5.351902245820384e-07, 5.190869387661223e-07, 2.91529602236551e-07, 1.1648327102875555e-07, 8.340419466179583e-10, 1.6465401264653678e-10, 2.5307084552950165e-11, 1.744711319862091e-11, 5.657006547227228e-12, 5.0292890511893784e-12, 4.931012195785733e-12, 4.850083876184463e-12, 4.7865752160480834e-12, 4.7405039962922224e-12, 4.712270938039831e-12], "lowlevel.mfcc.mean": [-640.6136474609375, 112.67726135253906, 19.510988235473633, 24.874263763427734, 7.80597448348999, -4.554193496704102, 8.366533279418945, -10.330079078674316, -7.225348949432373, -6.468074798583984, -14.387577056884766, -5.991301536560059, -4.010936737060547], "lowlevel.spectral_contrast_coeffs.mean": [-0.6481106281280518, -0.6620957255363464, -0.7382944822311401, -0.7864125967025757, -0.7804981470108032, -0.7847466468811035], "lowlevel.spectral_contrast_coeffs.stdev": [0.06707867980003357, 0.08871106058359146, 0.07946982979774475, 0.052591804414987564, 0.05226502567529678, 0.03897126019001007], "lowlevel.spectral_contrast_valleys.mean": [-6.559001922607422, -7.187741279602051, -7.717609882354736, -7.931989669799805, -7.584091663360596, -10.026762962341309], "lowlevel.spectral_contrast_valleys.stdev": [0.5257485508918762, 0.6100883483886719, 0.5493650436401367, 0.4896215498447418, 0.6642816066741943, 1.222206711769104], "rhythm.beats_loudness_band_ratio.mean": [0.35974830389022827, 0.29196903109550476, 0.19068585336208344, 0.10469058901071548, 0.05041198059916496, 0.07199448347091675], "rhythm.beats_loudness_band_ratio.stdev": [0.1960061639547348, 0.1788010150194168, 0.19546736776828766, 0.13202053308486938, 0.03651254624128342, 0.045715272426605225], "tonal.hpcp.mean": [0.12227482348680496, 0.08116339892148972, 0.07601664960384369, 0.21515733003616333, 0.17123879492282867, 0.025914687663316727, 0.0255901962518692, 0.027279239147901535, 0.15496601164340973, 0.3008715510368347, 0.17196352779865265, 0.021245412528514862, 0.01280156709253788, 0.013395026326179504, 0.07598960399627686, 0.19072328507900238, 0.13308829069137573, 0.015517046675086021, 0.0076585072092711926, 0.008788571693003178, 0.0460541769862175, 0.11173887550830841, 0.10263964533805847, 0.2820848822593689, 0.5141889452934265, 0.2885867953300476, 0.03032793290913105, 0.011139397509396076, 0.015558703802525997, 0.12180722504854202, 0.2390567660331726, 0.1427493542432785, 0.02893306128680706, 0.023260215297341347, 0.02458346076309681, 0.07150862365961075], "tonal.hpcp.stdev": [0.27425503730773926, 0.1903757005929947, 0.16108456254005432, 0.3307100236415863, 0.28247424960136414, 0.08758348971605301, 0.09573838114738464, 0.10707805305719376, 0.2126312404870987, 0.3661864101886749, 0.22247545421123505, 0.0944385826587677, 0.06261572986841202, 0.07250471413135529, 0.1272369623184204, 0.2816656529903412, 0.2210005670785904, 0.05489588528871536, 0.044403329491615295, 0.04852782562375069, 0.1338120698928833, 0.24199546873569489, 0.2186995893716812, 0.26995664834976196, 0.43609875440597534, 0.2768130302429199, 0.11335255950689316, 0.060961633920669556, 0.07900750637054443, 0.19884967803955078, 0.3604200482368469, 0.23219238221645355, 0.1093016117811203, 0.0931934341788292, 0.1072116494178772, 0.17560338973999023], "rhythm.beats_position": [0.5572788715362549, 1.0681178569793701, 1.5789568424224854, 2.1014058589935303, 2.623854875564575, 3.1346938610076904, 3.6455328464508057, 4.156371593475342, 4.643990993499756, 5.154829978942871, 5.665668964385986, 6.176507949829102, 6.687346935272217, 7.198185920715332, 7.709024906158447, 8.219863891601562, 8.73070240020752, 9.241541862487793, 9.75238037109375, 10.263219833374023, 10.77405834197998, 11.284897804260254, 11.795736312866211, 12.306575775146484, 12.817414283752441, 13.328253746032715, 13.839092254638672, 14.338321685791016, 14.860771179199219, 15.371609687805176, 15.88244915008545, 16.393287658691406, 16.91573715209961, 17.43818473815918, 17.949024200439453, 18.471473693847656, 18.99392318725586, 19.48154067993164, 19.992380142211914, 20.503219604492188, 21.01405906677246, 21.5248966217041, 22.035736083984375, 22.54657554626465, 23.045804977416992, 23.568254470825195, 24.079092025756836, 24.58993148803711, 25.100770950317383, 25.611610412597656, 26.122447967529297, 26.63328742980957, 27.144126892089844], "rhythm.bpm_histogram": [0.0, 0.0, 0.0, 0.0, 0.0, 0.0, 0.0, 0.0, 0.0, 0.0, 0.0, 0.0, 0.0, 0.0, 0.0, 0.0, 0.0, 0.0, 0.0, 0.0, 0.0, 0.0, 0.0, 0.0, 0.0, 0.0, 0.0, 0.0, 0.0, 0.0, 0.0, 0.0, 0.0, 0.0, 0.0, 0.0, 0.0, 0.0, 0.0, 0.0, 0.0, 0.0, 0.0, 0.0, 0.0, 0.0, 0.0, 0.0, 0.0, 0.0, 0.0, 0.0, 0.0, 0.0, 0.0, 0.0, 0.0, 0.0, 0.0, 0.0, 0.0, 0.0, 0.0, 0.0, 0.0, 0.0, 0.0, 0.0, 0.0, 0.0, 0.0, 0.0, 0.0, 0.0, 0.0, 0.0, 0.0, 0.0, 0.0, 0.0, 0.0, 0.0, 0.0, 0.0, 0.0, 0.0, 0.0, 0.0, 0.0, 0.0, 0.0, 0.0, 0.0, 0.0, 0.0, 0.0, 0.0, 0.0, 0.0, 0.0, 0.0, 0.0, 0.0, 0.0, 0.0, 0.0, 0.0, 0.0, 0.0, 0.0, 0.0, 0.0, 0.0, 0.0, 0.0, 0.1538461595773697, 0.0, 0.7692307829856873, 0.0, 0.0, 0.03846153989434242, 0.0, 0.0, 0.03846153989434242, 0.0, 0.0, 0.0, 0.0, 0.0, 0.0, 0.0, 0.0, 0.0, 0.0, 0.0, 0.0, 0.0, 0.0, 0.0, 0.0, 0.0, 0.0, 0.0, 0.0, 0.0, 0.0, 0.0, 0.0, 0.0, 0.0, 0.0, 0.0, 0.0, 0.0, 0.0, 0.0, 0.0, 0.0, 0.0, 0.0, 0.0, 0.0, 0.0, 0.0, 0.0, 0.0, 0.0, 0.0, 0.0, 0.0, 0.0, 0.0, 0.0, 0.0, 0.0, 0.0, 0.0, 0.0, 0.0, 0.0, 0.0, 0.0, 0.0, 0.0, 0.0, 0.0, 0.0, 0.0, 0.0, 0.0, 0.0, 0.0, 0.0, 0.0, 0.0, 0.0, 0.0, 0.0, 0.0, 0.0, 0.0, 0.0, 0.0, 0.0, 0.0, 0.0, 0.0, 0.0, 0.0, 0.0, 0.0, 0.0, 0.0, 0.0, 0.0, 0.0, 0.0, 0.0, 0.0, 0.0, 0.0, 0.0, 0.0, 0.0, 0.0, 0.0, 0.0, 0.0, 0.0, 0.0, 0.0, 0.0, 0.0, 0.0, 0.0, 0.0, 0.0, 0.0, 0.0, 0.0, 0.0, 0.0, 0.0, 0.0, 0.0, 0.0, 0.0, 0.0, 0.0, 0.0], "tonal.chords_histogram": [25.844594955444336, 1.6891891956329346, 10.979729652404785, 0.0, 5.574324131011963, 0.0, 0.0, 0.0, 0.0, 0.0, 0.0, 0.0, 0.0, 0.0, 0.0, 0.0, 0.0, 7.601351261138916, 0.0, 3.0405404567718506, 0.0, 5.067567348480225, 36.14864730834961, 4.054054260253906], "tonal.thpcp": [1.0, 0.5612465739250183, 0.05898207798600197, 0.02166401594877243, 0.030258728191256523, 0.2368919551372528, 0.4649200737476349, 0.27762043476104736, 0.056269317865371704, 0.04523670673370361, 0.04781017079949379, 0.13907071948051453, 0.23780134320259094, 0.15784741938114166, 0.14783796668052673, 0.41844022274017334, 0.3330269753932953, 0.05039915442466736, 0.049768079072237015, 0.05305294692516327, 0.3013795018196106, 0.5851381421089172, 0.33443644642829895, 0.041318297386169434, 0.024896619841456413, 0.026050785556435585, 0.14778536558151245, 0.3709206283092499, 0.2588315010070801, 0.030177714303135872, 0.014894343912601471, 0.017092105001211166, 0.08956664055585861, 0.21731092035770416, 0.19961464405059814, 0.5486016273498535], "lowlevel.gfcc.cov": [[3407.430908203125, -1599.828857421875, 250.10220336914062, -169.82321166992188, -403.7420959472656, 166.51734924316406, -234.44309997558594, 397.6167297363281, -504.6647033691406, 279.71923828125, -132.76712036132812, 74.76203918457031, -122.61846923828125], [-1599.828857421875, 1853.452880859375, -639.55517578125, -167.96922302246094, 274.1504211425781, -354.592529296875, 389.4325866699219, -208.05572509765625, 314.59149169921875, -83.85481262207031, 274.69866943359375, -163.33917236328125, 169.05035400390625], [250.10220336914062, -639.55517578125, 590.860595703125, 121.2118911743164, -44.57453155517578, 214.26571655273438, -233.62705993652344, 25.209688186645508, -34.9610481262207, -6.4836626052856445, -156.59378051757812, 94.80166625976562, -91.09236145019531], [-169.82321166992188, -167.96922302246094, 121.2118911743164, 427.7328186035156, 65.96587371826172, -17.486543655395508, -91.7813720703125, 12.119979858398438, 127.40103149414062, -69.2198715209961, -22.31595230102539, 67.10426330566406, 29.04886817932129], [-403.7420959472656, 274.1504211425781, -44.57453155517578, 65.96587371826172, 290.2942199707031, -10.767282485961914, 62.34796142578125, -13.499187469482422, 78.1773910522461, -35.31221008300781, -11.248007774353027, 36.13241195678711, 14.081408500671387], [166.51734924316406, -354.592529296875, 214.26571655273438, -17.486543655395508, -10.767282485961914, 354.42315673828125, -6.441153526306152, -30.27979850769043, -100.66625213623047, -22.954601287841797, -83.6690444946289, -10.623096466064453, -46.512351989746094], [-234.44309997558594, 389.4325866699219, -233.62705993652344, -91.7813720703125, 62.34796142578125, -6.441153526306152, 274.4538269042969, -12.668551445007324, 29.538742065429688, 8.257316589355469, 79.94864654541016, -37.56161117553711, 37.618934631347656], [397.6167297363281, -208.05572509765625, 25.209688186645508, 12.119979858398438, -13.499187469482422, -30.27979850769043, -12.668551445007324, 167.93174743652344, -19.012996673583984, 44.126956939697266, -28.56247329711914, 32.02916717529297, -3.510690450668335], [-504.6647033691406, 314.59149169921875, -34.9610481262207, 127.40103149414062, 78.1773910522461, -100.66625213623047, 29.538742065429688, -19.012996673583984, 276.9695739746094, -24.079612731933594, 11.01852035522461, 13.255694389343262, 31.16718864440918], [279.71923828125, -83.85481262207031, -6.4836626052856445, -69.2198715209961, -35.31221008300781, -22.954601287841797, 8.257316589355469, 44.126956939697266, -24.079612731933594, 106.38567352294922, 25.29024887084961, 2.1090219020843506, -11.567452430725098], [-132.76712036132812, 274.69866943359375, -156.59378051757812, -22.31595230102539, -11.248007774353027, -83.6690444946289, 79.94864654541016, -28.56247329711914, 11.01852035522461, 25.29024887084961, 144.94122314453125, -14.120599746704102, 41.14638137817383], [74.76203918457031, -163.33917236328125, 94.80166625976562, 67.10426330566406, 36.13241195678711, -10.623096466064453, -37.56161117553711, 32.02916717529297, 13.255694389343262, 2.1090219020843506, -14.120599746704102, 124.0721206665039, -0.7984011769294739], [-122.61846923828125, 169.05035400390625, -91.09236145019531, 29.04886817932129, 14.081408500671387, -46.512351989746094, 37.618934631347656, -3.510690450668335, 31.16718864440918, -11.567452430725098, 41.14638137817383, -0.7984011769294739, 80.36711120605469]], "lowlevel.gfcc.icov": [[0.0009252855670638382, 0.00027191650588065386, 0.00045966319157741964, -0.00012794806389138103, 0.0005970312049612403, -0.0002441082033328712, 0.00031505615334026515, -0.0012594654690474272, 0.0009672651067376137, -0.0014845363330096006, 0.00040477662696503103, -0.0002868646988645196, 0.00015976614668034017], [0.00027191650588065386, 0.005370635073632002, -0.0009316860232502222, 0.003517661476507783, -0.00396446418017149, 0.0036078456323593855, -0.0027681011706590652, 0.0024474600795656443, -0.0036457476671785116, 0.004301595035940409, -0.005369845312088728, 0.005387787241488695, -0.004188552498817444], [0.00045966319157741964, -0.0009316860232502222, 0.005747017450630665, -0.0013632832560688257, 0.0017560517881065607, -0.0037143793888390064, 0.003756800666451454, -0.001119708176702261, 0.00040218824869953096, -0.002702950034290552, 0.002983796875923872, -0.004196726251393557, 0.0032886818516999483], [-0.00012794806389138103, 0.003517661476507783, -0.0013632832560688257, 0.006348698865622282, -0.0033496911637485027, 0.0021671403665095568, -0.0005650090170092881, 0.0009709586156532168, -0.004423997830599546, 0.005840030498802662, -0.005019142292439938, 0.002830939134582877, -0.004132403992116451], [0.0005970312049612403, -0.00396446418017149, 0.0017560517881065607, -0.0033496911637485027, 0.008116563782095909, -0.0031567001715302467, 0.0011914217611774802, -0.002507753437384963, 0.002910940907895565, -0.004019588697701693, 0.005903974641114473, -0.006281598471105099, 0.003742351196706295], [-0.0002441082033328712, 0.0036078456323593855, -0.0037143793888390064, 0.0021671403665095568, -0.0031567001715302467, 0.008387136273086071, -0.004986466374248266, 0.0037334351800382137, -0.0007592433248646557, 0.004094615578651428, -0.0018850547494366765, 0.005503521300852299, -0.0031469420064240694], [0.00031505615334026515, -0.0027681011706590652, 0.003756800666451454, -0.0005650090170092881, 0.0011914217611774802, -0.004986466374248266, 0.00943925604224205, -0.003187531139701605, 0.0007342637982219458, -0.0028534310404211283, 0.0003668831486720592, -0.0034664084669202566, 0.0021956635173410177], [-0.0012594654690474272, 0.0024474600795656443, -0.001119708176702261, 0.0009709586156532168, -0.002507753437384963, 0.0037334351800382137, -0.003187531139701605, 0.011701184324920177, -0.002148318337276578, 0.0001744387554936111, 0.00043966976227238774, 0.0016301691066473722, -0.003437226405367255], [0.0009672651067376137, -0.0036457476671785116, 0.00040218824869953096, -0.004423997830599546, 0.002910940907895565, -0.0007592433248646557, 0.0007342637982219458, -0.002148318337276578, 0.009477920830249786, -0.005515879485756159, 0.005715377163141966, -0.0036859323736280203, 0.0023801340721547604], [-0.0014845363330096006, 0.004301595035940409, -0.002702950034290552, 0.005840030498802662, -0.004019588697701693, 0.004094615578651428, -0.0028534310404211283, 0.0001744387554936111, -0.005515879485756159, 0.020898083224892616, -0.010118759237229824, 0.0051481034606695175, -0.0016917664324864745], [0.00040477662696503103, -0.005369845312088728, 0.002983796875923872, -0.005019142292439938, 0.005903974641114473, -0.0018850547494366765, 0.0003668831486720592, 0.00043966976227238774, 0.005715377163141966, -0.010118759237229824, 0.019488569349050522, -0.006975182797759771, 0.0011111812200397253], [-0.0002868646988645196, 0.005387787241488695, -0.004196726251393557, 0.002830939134582877, -0.006281598471105099, 0.005503521300852299, -0.0034664084669202566, 0.0016301691066473722, -0.0036859323736280203, 0.0051481034606695175, -0.006975182797759771, 0.01730751432478428, -0.005657712463289499], [0.00015976614668034017, -0.004188552498817444, 0.0032886818516999483, -0.004132403992116451, 0.003742351196706295, -0.0031469420064240694, 0.0021956635173410177, -0.003437226405367255, 0.0023801340721547604, -0.0016917664324864745, 0.0011111812200397253, -0.005657712463289499, 0.021271854639053345]], "lowlevel.mfcc.cov": [[3072.598876953125, -1178.9317626953125, 199.46331787109375, -220.75753784179688, -163.0745849609375, -357.90350341796875, 239.1689910888672, -183.29620361328125, -16.201929092407227, -39.3427734375, -54.32809066772461, 40.46942901611328, 87.18816375732422], [-1178.9317626953125, 1591.297119140625, -635.8672485351562, 80.15266418457031, -180.91781616210938, -3.1638994216918945, 46.61397933959961, -40.82309341430664, -0.836654543876648, 115.7193603515625, 70.51403045654297, 38.165618896484375, 44.31488037109375], [199.46331787109375, -635.8672485351562, 580.73095703125, -117.49314880371094, 132.19850158691406, 84.61043548583984, -94.76090240478516, 19.810657501220703, -8.894872665405273, -59.277587890625, -21.648244857788086, -22.097856521606445, -49.40947723388672], [-220.75753784179688, 80.15266418457031, -117.49314880371094, 378.2803649902344, 86.82335662841797, -54.25215530395508, -122.67833709716797, 62.79018783569336, 23.680160522460938, -7.160755157470703, -10.016721725463867, 80.34413146972656, 19.70653533935547], [-163.0745849609375, -180.91781616210938, 132.19850158691406, 86.82335662841797, 278.29779052734375, 71.4827651977539, -100.52738189697266, 73.51748657226562, 28.014989852905273, -30.93085479736328, -7.956215858459473, -11.680562973022461, -48.70207977294922], [-357.90350341796875, -3.1638994216918945, 84.61043548583984, -54.25215530395508, 71.4827651977539, 274.5847473144531, 8.024340629577637, 82.60836029052734, 11.813214302062988, 18.28912353515625, 19.10875701904297, -54.17511749267578, -36.016204833984375], [239.1689910888672, 46.61397933959961, -94.76090240478516, -122.67833709716797, -100.52738189697266, 8.024340629577637, 279.5492858886719, -28.32554817199707, -23.624624252319336, 4.226184368133545, -1.842669129371643, -21.776697158813477, 35.32984161376953], [-183.29620361328125, -40.82309341430664, 19.810657501220703, 62.79018783569336, 73.51748657226562, 82.60836029052734, -28.32554817199707, 159.55296325683594, 49.46506118774414, 2.4966442584991455, 2.4872641563415527, -8.558065414428711, -11.516655921936035], [-16.201929092407227, -0.836654543876648, -8.894872665405273, 23.680160522460938, 28.014989852905273, 11.813214302062988, -23.624624252319336, 49.46506118774414, 110.42669677734375, 33.762847900390625, 11.957327842712402, -3.9399373531341553, 0.4794467091560364], [-39.3427734375, 115.7193603515625, -59.277587890625, -7.160755157470703, -30.93085479736328, 18.28912353515625, 4.226184368133545, 2.4966442584991455, 33.762847900390625, 98.96546173095703, 22.229351043701172, -3.8143224716186523, -4.4986395835876465], [-54.32809066772461, 70.51403045654297, -21.648244857788086, -10.016721725463867, -7.956215858459473, 19.10875701904297, -1.842669129371643, 2.4872641563415527, 11.957327842712402, 22.229351043701172, 80.23558044433594, 19.004514694213867, 1.3898706436157227], [40.46942901611328, 38.165618896484375, -22.097856521606445, 80.34413146972656, -11.680562973022461, -54.17511749267578, -21.776697158813477, -8.558065414428711, -3.9399373531341553, -3.8143224716186523, 19.004514694213867, 110.7831802368164, 42.54854202270508], [87.18816375732422, 44.31488037109375, -49.40947723388672, 19.70653533935547, -48.70207977294922, -36.016204833984375, 35.32984161376953, -11.516655921936035, 0.4794467091560364, -4.4986395835876465, 1.3898706436157227, 42.54854202270508, 80.56982421875]], "lowlevel.mfcc.icov": [[0.0008139089331962168, 0.0008193351095542312, 0.00036087699118070304, 0.00036637697485275567, 0.00012807561142835766, 0.0008182806195691228, -0.0004755636036861688, 0.00041707593481987715, -0.00020416341430973262, -0.00045213542762212455, 3.3856263144116383e-06, -0.00031048586242832243, -0.00034848673385567963], [0.0008193351095542312, 0.002114059403538704, 0.0018611379200592637, 0.0006006316980347037, 0.00035085389390587807, 0.0002385763800702989, 2.5724506485858e-05, 0.0006809053011238575, 3.624929377110675e-05, -0.0009189988486468792, -0.0003400636778678745, -0.0007343607721850276, -0.0003080469323322177], [0.00036087699118070304, 0.0018611379200592637, 0.004614516161382198, 0.002057301579043269, -0.0006940661696717143, -0.0008832452585920691, 0.0014732598792761564, 0.00043972389539703727, 9.476440754951909e-05, 0.0005573531379923224, 0.0005157282575964928, -0.0017738292226567864, 0.0004733495879918337], [0.00036637697485275567, 0.0006006316980347037, 0.002057301579043269, 0.005464133340865374, -0.0014612845843657851, 0.0008870900492183864, 0.0017941404366865754, -0.001601061667315662, 0.00018872889631893486, -0.00015061137673910707, 0.0015308791771531105, -0.0034457349684089422, -0.0005202681641094387], [0.00012807561142835766, 0.00035085389390587807, -0.0006940661696717143, -0.0014612845843657851, 0.006151940673589706, -0.0010223183780908585, 0.0006671843002550304, -0.0007443299982696772, -0.0012434649979695678, 0.0017747649690136313, -5.463957495521754e-05, 1.8923788957181387e-05, 0.0025603659451007843], [0.0008182806195691228, 0.0002385763800702989, -0.0008832452585920691, 0.0008870900492183864, -0.0010223183780908585, 0.006803023628890514, -0.0011769830016419291, -0.00272862589918077, 0.0011733187129721045, -0.0018659218912944198, -0.0015617123572155833, 0.001952842460013926, -0.00034166223485954106], [-0.0004755636036861688, 2.5724506485858e-05, 0.0014732598792761564, 0.0017941404366865754, 0.0006671843002550304, -0.0011769830016419291, 0.005867739208042622, -0.0005104704177938402, 0.0009376559173688293, 0.0004976426716893911, 0.00040316334343515337, 0.000545081275049597, -0.002076283097267151], [0.00041707593481987715, 0.0006809053011238575, 0.00043972389539703727, -0.001601061667315662, -0.0007443299982696772, -0.00272862589918077, -0.0005104704177938402, 0.010429609566926956, -0.004156786948442459, 0.0009181171772070229, 0.00020357828179839998, 2.684008541109506e-05, -6.129152461653575e-05], [-0.00020416341430973262, 3.624929377110675e-05, 9.476440754951909e-05, 0.00018872889631893486, -0.0012434649979695678, 0.0011733187129721045, 0.0009376559173688293, -0.004156786948442459, 0.012904641218483448, -0.004735045600682497, -0.0013292816001921892, 0.0016153817996382713, -0.002190845087170601], [-0.00045213542762212455, -0.0009189988486468792, 0.0005573531379923224, -0.00015061137673910707, 0.0017747649690136313, -0.0018659218912944198, 0.0004976426716893911, 0.0009181171772070229, -0.004735045600682497, 0.014360406436026096, -0.002050854731351137, -0.00011876740609295666, 0.0024531809613108635], [3.3856263144116383e-06, -0.0003400636778678745, 0.0005157282575964928, 0.0015308791771531105, -5.463957495521754e-05, -0.0015617123572155833, 0.00040316334343515337, 0.00020357828179839998, -0.0013292816001921892, -0.002050854731351137, 0.015360185876488686, -0.004875572863966227, 0.0014495772775262594], [-0.00031048586242832243, -0.0007343607721850276, -0.0017738292226567864, -0.0034457349684089422, 1.8923788957181387e-05, 0.001952842460013926, 0.000545081275049597, 2.684008541109506e-05, 0.0016153817996382713, -0.00011876740609295666, -0.004875572863966227, 0.01634356565773487, -0.00741899199783802], [-0.00034848673385567963, -0.0003080469323322177, 0.0004733495879918337, -0.0005202681641094387, 0.0025603659451007843, -0.00034166223485954106, -0.002076283097267151, -6.129152461653575e-05, -0.002190845087170601, 0.0024531809613108635, 0.0014495772775262594, -0.00741899199783802, 0.019715236499905586]], "metadata.audio_properties.analysis.downmix": "mix", "metadata.audio_properties.codec": "mp3", "metadata.audio_properties.md5_encoded": "93fa93a0faadb599c009ba6e76d0aaf9", "metadata.tags.file_name": "1182276585932476426.mp3", "metadata.version.essentia": "2.1-beta6-dev", "metadata.version.essentia_git_sha": "v2.1_beta5-1110-g77a6a954", "metadata.version.extractor": "music 2.0", "tonal.chords_key": "Bb", "tonal.chords_scale": "major", "tonal.key_edma.key": "Bb", "tonal.key_edma.scale": "major", "tonal.key_krumhansl.key": "F", "tonal.key_krumhansl.scale": "major", "tonal.key_temperley.key": "F", "tonal.key_temperley.scale": "major", "metadata.tags.encoding": ["Lavf58.45.100"]}, "essentia_models": [{"model_name": "genre_dortmund", "activations": {"alternative": "0.052957483", "blues": "0.03136082", "electronic": "0.011042154", "folkcountry": "0.46577677", "funksoulrnb": "0.010054584", "jazz": "0.0156649", "pop": "0.27574608", "raph