{"song_id": "1182272898816282665", "download": "https://cdn.discordapp.com/attachments/1128313332273782784/1182272898816282665/chirp.mp4?ex=65841870&amp", "lyrics": "Last night we went to a bar, \nand it felt like we were listening to a rock star. \nWe tried to make Tom sing,\nBut instead, we hear behind us the door going ding ding. \n\nEray was not able to come,\nBecause he was learning how to use .some(), \nWe tried to bring him over,\nBut his government said to him it's a game over. \n\nWe were eating this morning at Billy,\nDoesn't it sound silly?\nThat would be everything from me today,\nBecause I do not know about what is the other way.", "style": ["soft electronica joy"], "essentia_features": {"lowlevel.average_loudness": 0.9674668312072754, "lowlevel.barkbands_crest.mean": 12.685678482055664, "lowlevel.barkbands_crest.stdev": 4.521010398864746, "lowlevel.barkbands_flatness_db.mean": 0.23402325809001923, "lowlevel.barkbands_flatness_db.stdev": 0.044616326689720154, "lowlevel.barkbands_kurtosis.mean": 8.863273620605469, "lowlevel.barkbands_kurtosis.stdev": 9.622774124145508, "lowlevel.barkbands_skewness.mean": 2.113023519515991, "lowlevel.barkbands_skewness.stdev": 1.3921167850494385, "lowlevel.barkbands_spread.mean": 11.29078483581543, "lowlevel.barkbands_spread.stdev": 11.324249267578125, "lowlevel.dissonance.mean": 0.4313315451145172, "lowlevel.dissonance.stdev": 0.04893136024475098, "lowlevel.dynamic_complexity": 4.473202228546143, "lowlevel.erbbands_crest.mean": 11.837287902832031, "lowlevel.erbbands_crest.stdev": 4.967160701751709, "lowlevel.erbbands_flatness_db.mean": 0.24310345947742462, "lowlevel.erbbands_flatness_db.stdev": 0.0561322458088398, "lowlevel.erbbands_kurtosis.mean": 1.3750027418136597, "lowlevel.erbbands_kurtosis.stdev": 3.3016815185546875, "lowlevel.erbbands_skewness.mean": 0.7696093320846558, "lowlevel.erbbands_skewness.stdev": 0.9486493468284607, "lowlevel.erbbands_spread.mean": 30.363157272338867, "lowlevel.erbbands_spread.stdev": 18.124284744262695, "lowlevel.hfc.mean": 12.527756690979004, "lowlevel.hfc.stdev": 14.872552871704102, "lowlevel.loudness_ebu128.integrated": -18.185413360595703, "lowlevel.loudness_ebu128.loudness_range": 2.258281707763672, "lowlevel.loudness_ebu128.momentary.mean": -19.633930206298828, "lowlevel.loudness_ebu128.momentary.stdev": 5.214966297149658, "lowlevel.loudness_ebu128.short_term.mean": -18.526832580566406, "lowlevel.loudness_ebu128.short_term.stdev": 1.9589617252349854, "lowlevel.melbands_crest.mean": 16.21712303161621, "lowlevel.melbands_crest.stdev": 5.12487268447876, "lowlevel.melbands_flatness_db.mean": 0.287518709897995, "lowlevel.melbands_flatness_db.stdev": 0.05642945319414139, "lowlevel.melbands_kurtosis.mean": 17.118005752563477, "lowlevel.melbands_kurtosis.stdev": 17.371442794799805, "lowlevel.melbands_skewness.mean": 2.821518659591675, "lowlevel.melbands_skewness.stdev": 1.7823004722595215, "lowlevel.melbands_spread.mean": 12.923332214355469, "lowlevel.melbands_spread.stdev": 12.556947708129883, "lowlevel.pitch_salience.mean": 0.5351135730743408, "lowlevel.pitch_salience.stdev": 0.11824891716241837, "lowlevel.silence_rate_20dB.mean": 1.0, "lowlevel.silence_rate_20dB.stdev": 0.0, "lowlevel.silence_rate_30dB.mean": 0.9992657899856567, "lowlevel.silence_rate_30dB.stdev": 0.027086421847343445, "lowlevel.silence_rate_60dB.mean": 0.14243759214878082, "lowlevel.silence_rate_60dB.stdev": 0.34950050711631775, "lowlevel.spectral_centroid.mean": 847.8522338867188, "lowlevel.spectral_centroid.stdev": 627.7124633789062, "lowlevel.spectral_complexity.mean": 10.303964614868164, "lowlevel.spectral_complexity.stdev": 5.904416084289551, "lowlevel.spectral_decrease.mean": -4.877715564788332e-09, "lowlevel.spectral_decrease.stdev": 4.447995749501388e-09, "lowlevel.spectral_energy.mean": 0.01954592391848564, "lowlevel.spectral_energy.stdev": 0.01800050586462021, "lowlevel.spectral_energyband_high.mean": 0.0001362744951620698, "lowlevel.spectral_energyband_high.stdev": 0.00028979656053707004, "lowlevel.spectral_energyband_low.mean": 0.0018202834762632847, "lowlevel.spectral_energyband_low.stdev": 0.0029787991661578417, "lowlevel.spectral_energyband_middle_high.mean": 0.0047945003025233746, "lowlevel.spectral_energyband_middle_high.stdev": 0.009528991766273975, "lowlevel.spectral_energyband_middle_low.mean": 0.013615380972623825, "lowlevel.spectral_energyband_middle_low.stdev": 0.013395678251981735, "lowlevel.spectral_entropy.mean": 6.87490177154541, "lowlevel.spectral_entropy.stdev": 0.46875521540641785, "lowlevel.spectral_flux.mean": 0.07071242481470108, "lowlevel.spectral_flux.stdev": 0.04712475463747978, "lowlevel.spectral_kurtosis.mean": 8.629425048828125, "lowlevel.spectral_kurtosis.stdev": 6.6801862716674805, "lowlevel.spectral_rms.mean": 0.003880498930811882, "lowlevel.spectral_rms.stdev": 0.0020027230493724346, "lowlevel.spectral_rolloff.mean": 897.075439453125, "lowlevel.spectral_rolloff.stdev": 992.1145629882812, "lowlevel.spectral_skewness.mean": 1.8279826641082764, "lowlevel.spectral_skewness.stdev": 0.8686907291412354, "lowlevel.spectral_spread.mean": 2866725.0, "lowlevel.spectral_spread.stdev": 1556270.625, "lowlevel.spectral_strongpeak.mean": 1.253799557685852, "lowlevel.spectral_strongpeak.stdev": 1.5069555044174194, "lowlevel.zerocrossingrate.mean": 0.036070432513952255, "lowlevel.zerocrossingrate.stdev": 0.03190118446946144, "metadata.audio_properties.analysis.equal_loudness": 0.0, "metadata.audio_properties.analysis.length": 31.594648361206055, "metadata.audio_properties.analysis.sample_rate": 44100.0, "metadata.audio_properties.analysis.start_time": 0.0, "metadata.audio_properties.bit_rate": 109863.0, "metadata.audio_properties.length": 31.594667434692383, "metadata.audio_properties.lossless": 0.0, "metadata.audio_properties.number_channels": 1.0, "metadata.audio_properties.replay_gain": -10.052438735961914, "metadata.audio_properties.sample_rate": 48000.0, "rhythm.beats_count": 57.0, "rhythm.beats_loudness.mean": 0.027661027386784554, "rhythm.beats_loudness.stdev": 0.018987178802490234, "rhythm.bpm": 110.74048614501953, "rhythm.bpm_histogram_first_peak_bpm": 112.0, "rhythm.bpm_histogram_first_peak_weight": 0.5862069129943848, "rhythm.bpm_histogram_second_peak_bpm": 105.0, "rhythm.bpm_histogram_second_peak_spread": 0.4375, "rhythm.bpm_histogram_second_peak_weight": 0.1607142835855484, "rhythm.danceability": 1.477253794670105, "rhythm.onset_rate": 4.554948806762695, "tonal.chords_changes_rate": 0.07624633610248566, "tonal.chords_number_rate": 0.014662756584584713, "tonal.chords_strength.mean": 0.519960343837738, "tonal.chords_strength.stdev": 0.09055917710065842, "tonal.hpcp_crest.mean": 15.349780082702637, "tonal.hpcp_crest.stdev": 6.889224529266357, "tonal.hpcp_entropy.mean": 1.796633243560791, "tonal.hpcp_entropy.stdev": 0.711057186126709, "tonal.key_edma.strength": 0.6238821744918823, "tonal.key_krumhansl.strength": 0.6277365684509277, "tonal.key_temperley.strength": 0.6376804113388062, "tonal.tuning_diatonic_strength": 0.6091108322143555, "tonal.tuning_equal_tempered_deviation": 0.10416263341903687, "tonal.tuning_frequency": 436.960693359375, "tonal.tuning_nontempered_energy_ratio": 0.7503766417503357, "lowlevel.barkbands.mean": [2.564475607869099e-06, 0.0006523480988107622, 0.0006452974048443139, 0.0017042699037119746, 0.00313928397372365, 0.0024872724898159504, 0.002154192654415965, 0.0014600467402487993, 0.0019261259585618973, 0.002431850880384445, 0.0005023694247938693, 0.00046958652092143893, 0.00044772890396416187, 0.00024914342793636024, 0.00025429384550079703, 0.00033749983413144946, 0.0002366604603594169, 0.0001394447754137218, 7.84722578828223e-05, 0.0001985725830309093, 1.853242611105088e-05, 3.528601155267097e-06, 5.221933406573953e-06, 1.2672248885792214e-06, 3.1507804010288964e-07, 3.7133169428216206e-08, 6.723271939179654e-10], "lowlevel.barkbands.stdev": [5.846100066264626e-06, 0.0013714595697820187, 0.0012268222635611892, 0.0027492474764585495, 0.00384132144972682, 0.005699230823665857, 0.006035505328327417, 0.004460671916604042, 0.005612784996628761, 0.008207467384636402, 0.0016570384614169598, 0.001405442482791841, 0.001718670129776001, 0.0008041445980779827, 0.000774592743255198, 0.0010516035836189985, 0.0006599965272471309, 0.00031616026535630226, 0.00015248474664986134, 0.00040751276537775993, 5.1900820835726336e-05, 9.945713827619329e-06, 1.4483969607681502e-05, 2.460576070006937e-06, 3.2760391377451015e-07, 3.2744598144063275e-08, 1.2069085730814777e-09], "lowlevel.erbbands.mean": [0.00580831803381443, 0.19016766548156738, 0.7409656643867493, 3.0564064979553223, 11.202317237854004, 9.462066650390625, 6.170691013336182, 25.92013931274414, 37.46668243408203, 22.96794319152832, 40.300174713134766, 43.50358581542969, 63.066951751708984, 54.08988571166992, 21.275907516479492, 19.818431854248047, 21.288516998291016, 13.070111274719238, 12.908034324645996, 15.040030479431152, 19.80931854248047, 12.795551300048828, 8.95263385772705, 3.674299955368042, 5.666540622711182, 9.954113960266113, 2.5050599575042725, 0.32921749353408813, 0.13854773342609406, 0.15600639581680298, 0.1319771260023117, 0.04586975276470184, 0.014229662716388702, 0.005118765868246555, 0.0015034007374197245, 0.00036170592647977173, 3.800739432335831e-05, 3.5148475490132114e-06, 1.012689699564362e-05, 2.2589114450966008e-05], "lowlevel.erbbands.stdev": [0.012742937542498112, 0.3896294832229614, 1.2924896478652954, 5.304910659790039, 14.295370101928711, 13.730609893798828, 11.42245864868164, 60.925323486328125, 92.57115173339844, 66.04833984375, 114.68936157226562, 127.02880096435547, 246.70181274414062, 199.4198455810547, 59.685428619384766, 57.97372817993164, 73.35761260986328, 39.91366958618164, 39.27403259277344, 43.53084182739258, 60.26369094848633, 27.743274688720703, 19.78896713256836, 5.943514823913574, 12.069802284240723, 21.64286994934082, 5.52358341217041, 0.6661490201950073, 0.3633851408958435, 0.4372963011264801, 0.35934436321258545, 0.10696925222873688, 0.02242371253669262, 0.005923673510551453, 0.0015027530025690794, 0.0003003455640282482, 2.7845544536830857e-05, 2.9994419037393527e-06, 9.360851436213125e-06, 2.0965191652067006e-05], "lowlevel.gfcc.mean": [-109.47456359863281, 153.66079711914062, -141.83328247070312, 29.43770980834961, -60.86346435546875, -12.650168418884277, -37.93155288696289, -7.998550891876221, -23.695594787597656, -18.248458862304688, -7.614065170288086, -21.1179256439209, -2.374160051345825], "lowlevel.melbands.mean": [0.00011625340266618878, 0.00036211556289345026, 0.0008084182627499104, 0.0008000540547072887, 0.00022802886087447405, 0.0005696853622794151, 0.0005480145337060094, 0.0002485598379280418, 0.0003509214730001986, 0.0002640046295709908, 0.0003224840620532632, 0.00023995306401047856, 6.939443846931681e-05, 5.1139948482159525e-05, 5.8510482631390914e-05, 3.650789221865125e-05, 2.2603973775403574e-05, 2.0863351892330684e-05, 1.8903761883848347e-05, 2.1997942894813605e-05, 2.3300239263335243e-05, 1.3662443052453455e-05, 1.0842038136615884e-05, 5.077779860584997e-06, 2.6130089736398077e-06, 3.2343291422876064e-06, 5.730146312998841e-06, 7.021923465799773e-06, 1.8976967339767725e-06, 3.631766105627321e-07, 1.0484782819730754e-07, 7.745403962644559e-08, 6.237145555587631e-08, 1.0149656048952238e-07, 8.541460516653387e-08, 4.774211959102104e-08, 1.9879490054108828e-08, 1.0687040585821705e-08, 5.75477754338749e-09, 3.737747888976628e-09], "lowlevel.melbands.stdev": [0.00024623837089166045, 0.000608155329246074, 0.0010690927738323808, 0.000970149994827807, 0.0003837190452031791, 0.0012931189266964793, 0.0013705173041671515, 0.0007313749520108104, 0.0009948258521035314, 0.0008059143438003957, 0.0012469027424231172, 0.0009016115800477564, 0.000213892781175673, 0.00015481396985705942, 0.00022591256129089743, 0.0001236228708876297, 7.635788642801344e-05, 7.19085946911946e-05, 6.170982669573277e-05, 7.018183532636613e-05, 7.645572623005137e-05, 3.4577707992866635e-05, 2.2808349967817776e-05, 1.2132972187828273e-05, 4.455327143659815e-06, 6.885608399898047e-06, 1.2950854397786316e-05, 1.6447116649942473e-05, 4.6191939873097e-06, 1.005461172098876e-06, 2.663065856722824e-07, 2.2702722901613015e-07, 1.6308607087012206e-07, 3.01220893561549e-07, 2.3842471819079947e-07, 1.2604895971435326e-07, 4.150917121137354e-08, 1.756789735907205e-08, 7.24407556162987e-09, 4.5044425966978e-09], "lowlevel.melbands128.mean": [1.6401721723013907e-06, 1.0203278179687914e-05, 0.00012090243399143219, 0.0003944586496800184, 0.0003807262983173132, 0.00031772415968589485, 0.0004656130913645029, 0.0010435590520501137, 0.0012335808714851737, 0.0009101766627281904, 0.0004770489758811891, 0.00016822160978335887, 0.0001398372114636004, 0.0002927618916146457, 0.0005564309540204704, 0.0007768869400024414, 0.0006596897728741169, 0.0005837039789184928, 0.0003007616614922881, 0.00020414877508301288, 0.0002358335186727345, 0.0003085005155298859, 0.0003816124808508903, 0.00038879469502717257, 0.00029212021036073565, 0.00017440266674384475, 0.0002619724837131798, 0.0003398180124349892, 0.0003752257616724819, 0.0003658047644421458, 0.00015230747521854937, 7.544395339209586e-05, 6.419551209546626e-05, 6.73676622682251e-05, 5.3788568038726225e-05, 4.4024574890499935e-05, 4.977626304025762e-05, 6.34348762105219e-05, 6.322674744296819e-05, 4.613574128597975e-05, 2.922270869021304e-05, 2.2897056624060497e-05, 2.5187699066009372e-05, 1.9769242499023676e-05, 2.1279527572914958e-05, 2.5595323677407578e-05, 1.4137830476101954e-05, 1.626823541300837e-05, 2.4268143533845432e-05, 1.7661615856923163e-05, 1.8908483980339952e-05, 3.102760820183903e-05, 2.2840595192974433e-05, 2.2495292796520516e-05, 1.8630882550496608e-05, 1.1450752936070785e-05, 1.1306878150207922e-05, 9.805728950595949e-06, 1.2750979294651188e-05, 8.822439667710569e-06, 4.148156676819781e-06, 2.5416925382160116e-06, 2.934988970082486e-06, 2.405088707746472e-06, 2.469775154168019e-06, 3.3123965295089874e-06, 3.3782844184315763e-06, 4.502049705479294e-06, 6.400221082003554e-06, 7.309397005883511e-06, 8.707573215360753e-06, 6.2036633607931435e-06, 2.719026269915048e-06, 1.272797817364335e-06, 6.710412776556041e-07, 4.0911965015766327e-07, 2.1487535661890433e-07, 1.1254884668687737e-07, 9.75812568526635e-08, 8.063582157546989e-08, 8.755763758472312e-08, 7.330044127229485e-08, 5.991620355416671e-08, 6.237198135750077e-08, 5.711343575853789e-08, 9.475611051357191e-08, 1.1674859479171573e-07, 1.1592182858066735e-07, 8.397850592700706e-08, 6.72067983487068e-08, 5.508907818807529e-08, 4.5746414656377965e-08, 2.796037001928653e-08, 1.850741604414452e-08, 1.5593998980989454e-08, 1.2582050956666535e-08, 9.745387608006695e-09, 7.750347030821558e-09, 5.5164681711517005e-09, 5.142881231989804e-09, 4.229244066067395e-09, 3.849711660564026e-09, 2.5616795351623978e-09, 2.097666040867807e-09, 1.4774337309120256e-09, 1.2181252673215681e-09, 9.23656040541232e-10, 7.442727545381445e-10, 5.790457002774474e-10, 3.69146740952786e-10, 2.685813238478829e-10, 1.0592952903731856e-10, 1.182320560899619e-11, 6.880566862793591e-12, 6.8431406374802606e-12, 5.598199855072483e-12, 5.373959957588603e-12, 3.432931239624737e-12, 2.7635159785543983e-12, 2.6915379647274307e-12, 2.625029967701087e-12, 2.5705633368428016e-12, 2.529212516505508e-12, 2.479504665822696e-12, 2.4006155136674368e-12, 2.2916221871505105e-12, 2.2284210067502475e-12, 2.2102528141054734e-12], "lowlevel.melbands128.stdev": [4.490611445362447e-06, 3.711351746460423e-05, 0.0002886647707782686, 0.0008349122945219278, 0.0007755699334666133, 0.0006700625526718795, 0.0011801656801253557, 0.0016134856268763542, 0.0018175718141719699, 0.0014149982016533613, 0.0008783420780673623, 0.0004227270546834916, 0.0003202130028512329, 0.0009356018854305148, 0.0014762369683012366, 0.0023642913438379765, 0.0016836969880387187, 0.0021899468265473843, 0.0013567067217081785, 0.000910959264729172, 0.0010006717639043927, 0.0013168924488127232, 0.0014050813624635339, 0.0014749831752851605, 0.001194365439005196, 0.0009133254061453044, 0.0015956286806613207, 0.001931370235979557, 0.0016278257826343179, 0.001578038209117949, 0.00098890601657331, 0.0003628806152846664, 0.0002774950407911092, 0.0002689137472771108, 0.0002524671144783497, 0.00018998185987584293, 0.00022264191647991538, 0.0003183074004482478, 0.0004007479874417186, 0.00019567160052247345, 0.000145820013131015, 0.00012782732665073127, 0.00012129453534726053, 7.640938565600663e-05, 9.488657815381885e-05, 0.00012058571155648679, 5.412793325376697e-05, 6.786207086406648e-05, 0.00010938361083390191, 7.96850144979544e-05, 7.533567259088159e-05, 0.00013996148481965065, 9.778636740520597e-05, 0.00011948096653213724, 7.007535896264017e-05, 3.1156643672147766e-05, 2.704700455069542e-05, 2.3028464056551456e-05, 3.55051743099466e-05, 2.7966290872427635e-05, 1.2186087587906513e-05, 5.729228632844752e-06, 6.494099579867907e-06, 4.952093149768189e-06, 5.031283308198908e-06, 8.85098324943101e-06, 9.920338925439864e-06, 1.5109292689885478e-05, 1.5659174096072093e-05, 1.9518021872499958e-05, 2.5877476218738593e-05, 1.5275272744474933e-05, 8.333979167218786e-06, 4.747830644191708e-06, 2.3741304175928235e-06, 1.1771176104957704e-06, 5.581249524766463e-07, 2.735125406161387e-07, 2.964812608752254e-07, 2.9196749551374523e-07, 3.037757778656669e-07, 1.9375781334929343e-07, 1.608844542033694e-07, 1.729477077105912e-07, 1.6566860949751572e-07, 3.1183867577055935e-07, 3.775657262394816e-07, 3.4176935059804237e-07, 2.5336873932246817e-07, 2.0038676495914842e-07, 1.397042979078833e-07, 1.3740884696744615e-07, 7.278885050254758e-08, 3.8849080397085345e-08, 3.10643883949524e-08, 2.1253246274000048e-08, 1.7789178130556138e-08, 1.3752064376149065e-08, 7.636360876972503e-09, 7.164494331135529e-09, 5.967295990672028e-09, 5.547287074136875e-09, 3.3495246576364934e-09, 3.0331177569564716e-09, 2.058016423944764e-09, 1.5705371447793937e-09, 1.147339112606005e-09, 9.098975461974135e-10, 5.86602544316861e-10, 4.595527569595248e-10, 3.2231442514962794e-10, 1.7924622897069753e-10, 3.735260017956321e-11, 2.4112985913538054e-11, 2.3958885222996607e-11, 1.776585996371427e-11, 2.0568494824013683e-11, 7.057852999953207e-12, 5.045558588989696e-12, 4.917026855122408e-12, 4.7986185337800524e-12, 4.692283454149626e-12, 4.6023532207506435e-12, 4.522828292441439e-12, 4.454863561376143e-12, 4.402921603696708e-12, 4.364921618593698e-12, 4.3413128994473915e-12], "lowlevel.mfcc.mean": [-742.0791015625, 172.4444122314453, -19.2747802734375, 32.315711975097656, -3.9466497898101807, -7.4687581062316895, -5.212477207183838, -3.3669393062591553, -12.529382705688477, 2.021164894104004, -17.509658813476562, -4.406755447387695, -2.6088385581970215], "lowlevel.spectral_contrast_coeffs.mean": [-0.6293408274650574, -0.6917089223861694, -0.7523868083953857, -0.786811113357544, -0.7952147722244263, -0.7622843980789185], "lowlevel.spectral_contrast_coeffs.stdev": [0.08356910198926926, 0.10913971066474915, 0.09445319324731827, 0.07441780716180801, 0.053999945521354675, 0.046133119612932205], "lowlevel.spectral_contrast_valleys.mean": [-7.545592308044434, -7.342883110046387, -8.113326072692871, -8.380791664123535, -8.411386489868164, -12.394102096557617], "lowlevel.spectral_contrast_valleys.stdev": [0.9909383058547974, 1.0461642742156982, 1.064005732536316, 1.0429418087005615, 1.1074316501617432, 0.6321277618408203], "rhythm.beats_loudness_band_ratio.mean": [0.27872616052627563, 0.26884976029396057, 0.3119785189628601, 0.155907541513443, 0.06069818139076233, 0.020269615575671196], "rhythm.beats_loudness_band_ratio.stdev": [0.2645559310913086, 0.24720056354999542, 0.25774624943733215, 0.21150118112564087, 0.08279551565647125, 0.027666356414556503], "tonal.hpcp.mean": [0.1468304693698883, 0.07578801363706589, 0.0794680118560791, 0.15337741374969482, 0.11785311251878738, 0.03776836022734642, 0.041365526616573334, 0.04236653074622154, 0.0941488966345787, 0.16102902591228485, 0.11533578485250473, 0.047825079411268234, 0.04195621237158775, 0.04120640084147453, 0.06544731557369232, 0.09253176301717758, 0.07692721486091614, 0.0615939237177372, 0.06797345727682114, 0.07352591305971146, 0.07312608510255814, 0.07092549651861191, 0.08588038384914398, 0.1975221186876297, 0.27171045541763306, 0.16755875945091248, 0.09750968962907791, 0.10311916470527649, 0.09595533460378647, 0.16605347394943237, 0.2212514728307724, 0.14695437252521515, 0.0782061293721199, 0.07388485968112946, 0.09966661036014557, 0.15758134424686432], "tonal.hpcp.stdev": [0.27473723888397217, 0.1815001368522644, 0.1842581182718277, 0.3086848556995392, 0.24049752950668335, 0.12409032881259918, 0.12934012711048126, 0.14816643297672272, 0.17782488465309143, 0.2789749503135681, 0.19995737075805664, 0.13638964295387268, 0.12855270504951477, 0.1312423050403595, 0.1626719981431961, 0.20374125242233276, 0.17640595138072968, 0.1754741668701172, 0.18769413232803345, 0.1987699717283249, 0.1851160079240799, 0.17938603460788727, 0.20578300952911377, 0.29225969314575195, 0.36338549852371216, 0.25390008091926575, 0.22987329959869385, 0.25625550746917725, 0.22779501974582672, 0.2745426297187805, 0.32453328371047974, 0.23903821408748627, 0.2052706629037857, 0.19721205532550812, 0.2374664843082428, 0.2917797863483429], "rhythm.beats_position": [0.5804988741874695, 1.160997748374939, 1.7414965629577637, 2.3103854656219482, 2.867664337158203, 3.4133331775665283, 3.9590022563934326, 4.5162811279296875, 5.085169792175293, 5.619228839874268, 6.164897918701172, 6.722176551818848, 7.267845630645752, 7.825124740600586, 8.405623435974121, 8.962902069091797, 9.543400764465332, 10.123900413513184, 10.704399108886719, 11.273287773132324, 11.83056640625, 12.399456024169922, 12.956734657287598, 13.490793228149414, 14.024852752685547, 14.558911323547363, 15.09296989440918, 15.615419387817383, 16.126258850097656, 16.613876342773438, 17.11310577392578, 17.600725173950195, 18.134784698486328, 18.680452346801758, 19.24934196472168, 19.783401489257812, 20.3522891998291, 20.921178817749023, 21.478458404541016, 22.047346115112305, 22.616235733032227, 23.196733474731445, 23.754013061523438, 24.28807258605957, 24.82213020324707, 25.356189727783203, 25.890249252319336, 26.42430877685547, 26.94675636291504, 27.469205856323242, 27.980045318603516, 28.49088478088379, 29.00172233581543, 29.512561798095703, 30.023401260375977, 30.53424072265625, 31.03346824645996], "rhythm.bpm_histogram": [0.0, 0.0, 0.0, 0.0, 0.0, 0.0, 0.0, 0.0, 0.0, 0.0, 0.0, 0.0, 0.0, 0.0, 0.0, 0.0, 0.0, 0.0, 0.0, 0.0, 0.0, 0.0, 0.0, 0.0, 0.0, 0.0, 0.0, 0.0, 0.0, 0.0, 0.0, 0.0, 0.0, 0.0, 0.0, 0.0, 0.0, 0.0, 0.0, 0.0, 0.0, 0.0, 0.0, 0.0, 0.0, 0.0, 0.0, 0.0, 0.0, 0.0, 0.0, 0.0, 0.0, 0.0, 0.0, 0.0, 0.0, 0.0, 0.0, 0.0, 0.0, 0.0, 0.0, 0.0, 0.0, 0.0, 0.0, 0.0, 0.0, 0.0, 0.0, 0.0, 0.0, 0.0, 0.0, 0.0, 0.0, 0.0, 0.0, 0.0, 0.0, 0.0, 0.0, 0.0, 0.0, 0.0, 0.0, 0.0, 0.0, 0.0, 0.0, 0.0, 0.0, 0.0, 0.0, 0.0, 0.0, 0.0, 0.0, 0.0, 0.0, 0.0, 0.0, 0.125, 0.0, 0.1607142835855484, 0.0, 0.0, 0.1607142835855484, 0.0, 0.0892857164144516, 0.0, 0.2142857164144516, 0.0, 0.0, 0.0535714291036129, 0.0, 0.125, 0.0, 0.0, 0.0357142873108387, 0.0, 0.0, 0.0357142873108387, 0.0, 0.0, 0.0, 0.0, 0.0, 0.0, 0.0, 0.0, 0.0, 0.0, 0.0, 0.0, 0.0, 0.0, 0.0, 0.0, 0.0, 0.0, 0.0, 0.0, 0.0, 0.0, 0.0, 0.0, 0.0, 0.0, 0.0, 0.0, 0.0, 0.0, 0.0, 0.0, 0.0, 0.0, 0.0, 0.0, 0.0, 0.0, 0.0, 0.0, 0.0, 0.0, 0.0, 0.0, 0.0, 0.0, 0.0, 0.0, 0.0, 0.0, 0.0, 0.0, 0.0, 0.0, 0.0, 0.0, 0.0, 0.0, 0.0, 0.0, 0.0, 0.0, 0.0, 0.0, 0.0, 0.0, 0.0, 0.0, 0.0, 0.0, 0.0, 0.0, 0.0, 0.0, 0.0, 0.0, 0.0, 0.0, 0.0, 0.0, 0.0, 0.0, 0.0, 0.0, 0.0, 0.0, 0.0, 0.0, 0.0, 0.0, 0.0, 0.0, 0.0, 0.0, 0.0, 0.0, 0.0, 0.0, 0.0, 0.0, 0.0, 0.0, 0.0, 0.0, 0.0, 0.0, 0.0, 0.0, 0.0, 0.0, 0.0, 0.0, 0.0, 0.0, 0.0, 0.0, 0.0, 0.0, 0.0, 0.0, 0.0, 0.0, 0.0, 0.0, 0.0, 0.0], "tonal.chords_histogram": [0.5865102410316467, 10.26392936706543, 39.149559020996094, 1.466275691986084, 6.158357620239258, 3.37243390083313, 0.733137845993042, 0.0, 0.14662756025791168, 0.43988269567489624, 1.1730204820632935, 0.0, 0.0, 0.0, 0.0, 0.0, 0.43988269567489624, 1.1730204820632935, 0.0, 9.384163856506348, 1.3196481466293335, 0.8797653913497925, 0.0, 23.313783645629883], "tonal.thpcp": [1.0, 0.6166813373565674, 0.35887351632118225, 0.3795185685157776, 0.35315290093421936, 0.6111412644386292, 0.8142913579940796, 0.5408491492271423, 0.2878289222717285, 0.2719249725341797, 0.3668118417263031, 0.5799605250358582, 0.5403931736946106, 0.27892932295799255, 0.2924731373786926, 0.5644884705543518, 0.43374523520469666, 0.1390022337436676, 0.15224120020866394, 0.15592528879642487, 0.3465045094490051, 0.5926493406295776, 0.42448046803474426, 0.17601487040519714, 0.15441516041755676, 0.15165555477142334, 0.24087153375148773, 0.34055283665657043, 0.2831220328807831, 0.22668956220149994, 0.25016871094703674, 0.2706039249897003, 0.2691324055194855, 0.26103338599205017, 0.3160731792449951, 0.7269580960273743], "lowlevel.gfcc.cov": [[6882.83154296875, 1278.715576171875, -2118.122802734375, -384.2728576660156, -61.150238037109375, -800.3960571289062, 419.88055419921875, -32.11134719848633, 284.452392578125, -402.9635009765625, 185.09945678710938, -507.2994079589844, 94.59058380126953], [1278.715576171875, 905.1911010742188, -97.96479797363281, -307.2092590332031, 156.4243621826172, -71.8118896484375, 126.27285766601562, -8.701086044311523, 37.51960754394531, -81.79544830322266, 75.77906036376953, -94.76261138916016, 6.116787910461426], [-2118.122802734375, -97.96479797363281, 1164.6964111328125, 272.0524597167969, 87.14408874511719, 406.071044921875, -132.0901641845703, -6.820140361785889, -72.8658218383789, 152.51039123535156, -37.83880615234375, 211.69386291503906, -15.099157333374023], [-384.2728576660156, -307.2092590332031, 272.0524597167969, 639.0447998046875, 85.22921752929688, -14.925155639648438, -169.36648559570312, -33.2677001953125, 48.04277420043945, 84.62555694580078, -38.550148010253906, 39.76533126831055, 62.27511215209961], [-61.150238037109375, 156.4243621826172, 87.14408874511719, 85.22921752929688, 293.1553649902344, 47.52641677856445, 14.210156440734863, 45.698753356933594, 27.00149154663086, 37.25196838378906, -19.76042366027832, -14.026104927062988, 32.31618118286133], [-800.3960571289062, -71.8118896484375, 406.071044921875, -14.925155639648438, 47.52641677856445, 513.0883178710938, 131.8877716064453, 1.3459763526916504, -56.46251678466797, 50.90556716918945, -35.57553482055664, 82.14879608154297, -47.96060562133789], [419.88055419921875, 126.27285766601562, -132.0901641845703, -169.36648559570312, 14.210156440734863, 131.8877716064453, 348.02520751953125, 149.7228546142578, 9.90837574005127, -73.37705993652344, 15.809846878051758, -12.218132972717285, -28.00868797302246], [-32.11134719848633, -8.701086044311523, -6.820140361785889, -33.2677001953125, 45.698753356933594, 1.3459763526916504, 149.7228546142578, 223.12249755859375, 54.62201690673828, -10.501155853271484, -19.12476348876953, 16.22400665283203, 5.434177875518799], [284.452392578125, 37.51960754394531, -72.8658218383789, 48.04277420043945, 27.00149154663086, -56.46251678466797, 9.90837574005127, 54.62201690673828, 144.09027099609375, 49.65034866333008, 1.9429317712783813, -32.59361267089844, 17.91533088684082], [-402.9635009765625, -81.79544830322266, 152.51039123535156, 84.62555694580078, 37.25196838378906, 50.90556716918945, -73.37705993652344, -10.501155853271484, 49.65034866333008, 175.41494750976562, 22.01028823852539, 6.50356388092041, -16.747989654541016], [185.09945678710938, 75.77906036376953, -37.83880615234375, -38.550148010253906, -19.76042366027832, -35.57553482055664, 15.809846878051758, -19.12476348876953, 1.9429317712783813, 22.01028823852539, 120.01042175292969, 19.0922908782959, -22.49943733215332], [-507.2994079589844, -94.76261138916016, 211.69386291503906, 39.76533126831055, -14.026104927062988, 82.14879608154297, -12.218132972717285, 16.22400665283203, -32.59361267089844, 6.50356388092041, 19.0922908782959, 127.89646911621094, 17.93741798400879], [94.59058380126953, 6.116787910461426, -15.099157333374023, 62.27511215209961, 32.31618118286133, -47.96060562133789, -28.00868797302246, 5.434177875518799, 17.91533088684082, -16.747989654541016, -22.49943733215332, 17.93741798400879, 90.54804229736328]], "lowlevel.gfcc.icov": [[0.0011398731730878353, -0.0018228077096864581, 0.0019985483959317207, -0.0013406301150098443, 0.0011153179220855236, -0.00042148138163611293, -0.0003978435124736279, 0.00012014018284389749, -0.0007093262975104153, 0.0006011948571540415, -0.0005739551270380616, 0.0005734191508963704, -0.0005685734795406461], [-0.0018228077096864581, 0.005830104928463697, -0.004678267054259777, 0.0038926631677895784, -0.0037397423293441534, 0.0015884042950347066, -0.00048218408483080566, 0.001424014917574823, -0.00064089335501194, 0.0011968659237027168, -0.0015669169370085, 0.002038563834503293, -0.00045056830276735127], [0.0019985483959317207, -0.004678267054259777, 0.006528982426971197, -0.00372862396761775, 0.002571402583271265, -0.002652133582159877, 0.001168801449239254, -0.001388041884638369, 0.0002772265870589763, -0.0008435003110207617, 0.0007258181576617062, -0.002987355925142765, 0.0005650122766382992], [-0.0013406301150098443, 0.0038926631677895784, -0.00372862396761775, 0.0048460098914802074, -0.0028641328681260347, 0.001324195764027536, 0.0003228765563108027, 0.0011238537263125181, -0.0010134456679224968, 0.0002583986788522452, -0.0003231384907849133, 0.0008817248162813485, -0.0010677615646272898], [0.0011153179220855236, -0.0037397423293441534, 0.002571402583271265, -0.0028641328681260347, 0.00673078466206789, -0.0017359494231641293, 0.0004918696940876544, -0.0023130655754357576, 0.0009115647408179939, -0.0014385267859324813, 0.0003851589863188565, 0.0010230963816866279, -0.00209796498529613], [-0.00042148138163611293, 0.0015884042950347066, -0.002652133582159877, 0.001324195764027536, -0.0017359494231641293, 0.005850824527442455, -0.004629440605640411, 0.0038102134130895138, 9.221872119269392e-07, -0.0017108037136495113, 0.0028751827776432037, -0.0019894158467650414, 0.0018298259237781167], [-0.0003978435124736279, -0.00048218408483080566, 0.001168801449239254, 0.0003228765563108027, 0.0004918696940876544, -0.004629440605640411, 0.009605824947357178, -0.0069307489320635796, 0.0007909818086773157, 0.0026738110464066267, -0.0028726167511194944, 0.0012708698632195592, 0.0005531610222533345], [0.00012014018284389749, 0.001424014917574823, -0.001388041884638369, 0.0011238537263125181, -0.0023130655754357576, 0.0038102134130895138, -0.0069307489320635796, 0.011293747462332249, -0.004343295935541391, -0.00018333869229536504, 0.003066522069275379, -0.0030087153427302837, 0.0009793684585019946], [-0.0007093262975104153, -0.00064089335501194, 0.0002772265870589763, -0.0010134456679224968, 0.0009115647408179939, 9.221872119269392e-07, 0.0007909818086773157, -0.004343295935541391, 0.01283231470733881, -0.005769230891019106, 0.0009629947599023581, 0.0009732653852552176, -0.0018515314441174269], [0.0006011948571540415, 0.0011968659237027168, -0.0008435003110207617, 0.0002583986788522452, -0.0014385267859324813, -0.0017108037136495113, 0.0026738110464066267, -0.00018333869229536504, -0.005769230891019106, 0.012400778010487556, -0.005789588671177626, 0.004497011192142963, 0.0005237548612058163], [-0.0005739551270380616, -0.0015669169370085, 0.0007258181576617062, -0.0003231384907849133, 0.0003851589863188565, 0.0028751827776432037, -0.0028726167511194944, 0.003066522069275379, 0.0009629947599023581, -0.005789588671177626, 0.015812458470463753, -0.009660555049777031, 0.005942976102232933], [0.0005734191508963704, 0.002038563834503293, -0.002987355925142765, 0.0008817248162813485, 0.0010230963816866279, -0.0019894158467650414, 0.0012708698632195592, -0.0030087153427302837, 0.0009732653852552176, 0.004497011192142963, -0.009660555049777031, 0.020831357687711716, -0.008574395440518856], [-0.0005685734795406461, -0.00045056830276735127, 0.0005650122766382992, -0.0010677615646272898, -0.00209796498529613, 0.0018298259237781167, 0.0005531610222533345, 0.0009793684585019946, -0.0018515314441174269, 0.0005237548612058163, 0.005942976102232933, -0.008574395440518856, 0.017965620383620262]], "lowlevel.mfcc.cov": [[7446.181640625, 952.813720703125, -2020.9384765625, 72.64132690429688, -693.789306640625, -636.2417602539062, -158.69085693359375, 77.27080535888672, -96.2461166381836, 345.55596923828125, -258.3148498535156, 67.718505859375, 38.430503845214844], [952.813720703125, 1141.4951171875, -224.42176818847656, -238.79234313964844, -54.99823760986328, -93.75049591064453, 124.14012145996094, 62.99170684814453, 14.182458877563477, 11.424914360046387, 61.390235900878906, -3.941863775253296, 23.026338577270508], [-2020.9384765625, -224.42176818847656, 994.505859375, 37.55957794189453, 211.08514404296875, 342.3669738769531, 45.08266830444336, 10.196925163269043, 24.19437026977539, -143.49716186523438, 114.10071563720703, 4.063942909240723, -23.076828002929688], [72.64132690429688, -238.79234313964844, 37.55957794189453, 512.5067749023438, 213.25741577148438, -74.67321014404297, -119.90045166015625, -78.20726776123047, 24.890911102294922, 32.157527923583984, -99.02145385742188, 47.62501907348633, 62.53618621826172], [-693.789306640625, -54.99823760986328, 211.08514404296875, 213.25741577148438, 365.96038818359375, 127.08126068115234, -46.69502258300781, -94.739501953125, 39.99142074584961, -12.562382698059082, -9.892107009887695, 2.7818498611450195, 29.976072311401367], [-636.2417602539062, -93.75049591064453, 342.3669738769531, -74.67321014404297, 127.08126068115234, 409.36944580078125, 96.36772918701172, -3.9099061489105225, 24.4273738861084, -38.62963104248047, 103.00315856933594, -12.972784996032715, -73.2343521118164], [-158.69085693359375, 124.14012145996094, 45.08266830444336, -119.90045166015625, -46.69502258300781, 96.36772918701172, 250.8707733154297, 163.32473754882812, 43.30616760253906, 9.69210433959961, 81.1863784790039, 3.147801160812378, -28.189945220947266], [77.27080535888672, 62.99170684814453, 10.196925163269043, -78.20726776123047, -94.739501953125, -3.9099061489105225, 163.32473754882812, 274.65802001953125, 98.10542297363281, 5.655427932739258, 34.401283264160156, -1.4794366359710693, -3.2771413326263428], [-96.2461166381836, 14.182458877563477, 24.19437026977539, 24.890911102294922, 39.99142074584961, 24.4273738861084, 43.30616760253906, 98.10542297363281, 211.69967651367188, 63.17875289916992, 11.208189010620117, 8.623674392700195, -2.6049866676330566], [345.55596923828125, 11.424914360046387, -143.49716186523438, 32.157527923583984, -12.562382698059082, -38.62963104248047, 9.69210433959961, 5.655427932739258, 63.17875289916992, 169.55938720703125, 41.15572738647461, 20.301786422729492, 16.780473709106445], [-258.3148498535156, 61.390235900878906, 114.10071563720703, -99.02145385742188, -9.892107009887695, 103.00315856933594, 81.1863784790039, 34.401283264160156, 11.208189010620117, 41.15572738647461, 166.3004150390625, 28.894771575927734, -27.665021896362305], [67.718505859375, -3.941863775253296, 4.063942909240723, 47.62501907348633, 2.7818498611450195, -12.972784996032715, 3.147801160812378, -1.4794366359710693, 8.623674392700195, 20.301786422729492, 28.894771575927734, 108.5146255493164, 51.978790283203125], [38.430503845214844, 23.026338577270508, -23.076828002929688, 62.53618621826172, 29.976072311401367, -73.2343521118164, -28.189945220947266, -3.2771413326263428, -2.6049866676330566, 16.780473709106445, -27.665021896362305, 51.978790283203125, 140.808349609375]], "lowlevel.mfcc.icov": [[0.0006110038375481963, -0.0006083411863073707, 0.0010311786318197846, -0.0008033037302084267, 0.001135407597757876, -0.001009429688565433, 0.000982046709395945, -0.0007622789707966149, 0.0005412092432379723, -0.0006750166066922247, 0.0006169663975015283, -0.00048416314530186355, 0.0002610347291920334], [-0.0006083411863073707, 0.0017923996783792973, -0.0007222487474791706, 0.0014288760721683502, -0.001665899995714426, 0.0016091489233076572, -0.0016556821065023541, 0.0010315686231479049, -0.0007929201819933951, 0.0011108893668279052, -0.0011859808582812548, 0.0005988291813991964, -0.0005970632191747427], [0.0010311786318197846, -0.0007222487474791706, 0.0038180677220225334, -0.0017554551595821977, 0.0015024285530671477, -0.0027712902519851923, 0.0019651667680591345, -0.001486863591708243, 0.00033867984893731773, 0.001103570801205933, -0.0009469699580222368, -0.0002972712100017816, -0.00036189056118018925], [-0.0008033037302084267, 0.0014288760721683502, -0.0017554551595821977, 0.005443006753921509, -0.004390825983136892, 0.0026077742222696543, -0.0007447760435752571, 0.00031415765988640487, -0.00010791550448630005, -0.0008899227832444012, 0.0017417861381545663, -0.0018817639211192727, 0.0005706881056539714], [0.001135407597757876, -0.001665899995714426, 0.0015024285530671477, -0.004390825983136892, 0.008379518985748291, -0.003920630551874638, 0.0014039850793778896, 0.0010445782681927085, -0.0009637947659939528, -0.00019092863658443093, 0.0003659987123683095, 0.0012398535618558526, -0.0017396258190274239], [-0.001009429688565433, 0.0016091489233076572, -0.0027712902519851923, 0.0026077742222696543, -0.003920630551874638, 0.007206202019006014, -0.0037710866890847683, 0.0024944511242210865, -0.0013396956492215395, 0.0014154532691463828, -0.0021691485308110714, 0.00045468073221854866, 0.0014981827698647976], [0.000982046709395945, -0.0016556821065023541, 0.0019651667680591345, -0.0007447760435752571, 0.0014039850793778896, -0.0037710866890847683, 0.010895554907619953, -0.006952607538551092, 0.0022558283526450396, -0.0019238772802054882, -0.00030086463084444404, -0.0016482570208609104, 0.0012351635377854109], [-0.0007622789707966149, 0.0010315686231479049, -0.001486863591708243, 0.00031415765988640487, 0.0010445782681927085, 0.0024944511242210865, -0.006952607538551092, 0.010236619971692562, -0.005041954573243856, 0.003097016364336014, -0.0017422038363292813, 0.0023283574264496565, -0.002086689928546548], [0.0005412092432379723, -0.0007929201819933951, 0.00033867984893731773, -0.00010791550448630005, -0.0009637947659939528, -0.0013396956492215395, 0.0022558283526450396, -0.005041954573243856, 0.008643565699458122, -0.004951827228069305, 0.002895570360124111, -0.002101981546729803, 0.002022932283580303], [-0.0006750166066922247, 0.0011108893668279052, 0.001103570801205933, -0.0008899227832444012, -0.00019092863658443093, 0.0014154532691463828, -0.0019238772802054882, 0.003097016364336014, -0.004951827228069305, 0.012112812139093876, -0.006852304562926292, 0.002327358815819025, -0.0026981451082974672], [0.0006169663975015283, -0.0011859808582812548, -0.0009469699580222368, 0.0017417861381545663, 0.0003659987123683095, -0.0021691485308110714, -0.00030086463084444404, -0.0017422038363292813, 0.002895570360124111, -0.006852304562926292, 0.014084686525166035, -0.005859043449163437, 0.003590195905417204], [-0.00048416314530186355, 0.0005988291813991964, -0.0002972712100017816, -0.0018817639211192727, 0.0012398535618558526, 0.00045468073221854866, -0.0016482570208609104, 0.0023283574264496565, -0.002101981546729803, 0.002327358815819025, -0.005859043449163437, 0.014850842766463757, -0.006431541871279478], [0.0002610347291920334, -0.0005970632191747427, -0.00036189056118018925, 0.0005706881056539714, -0.0017396258190274239, 0.0014981827698647976, 0.0012351635377854109, -0.002086689928546548, 0.002022932283580303, -0.0026981451082974672, 0.003590195905417204, -0.006431541871279478, 0.011602262035012245]], "metadata.audio_properties.analysis.downmix": "mix", "metadata.audio_properties.codec": "mp3", "metadata.audio_properties.md5_encoded": "6ecaa206f905f287b1306713bef63299", "metadata.tags.file_name": "1182272898816282665.mp3", "metadata.version.essentia": "2.1-beta6-dev", "metadata.version.essentia_git_sha": "v2.1_beta5-1110-g77a6a954", "metadata.version.extractor": "music 2.0", "tonal.chords_key": "F", "tonal.chords_