{"song_id": "1183670080303804446", "download": "https://cdn.discordapp.com/attachments/1135903449314238464/1183670080303804446/chirp.mp4?ex=65892daa&amp", "lyrics": "\u660e\u6708\u51e0\u65f6\u6709\uff1f\n\u628a\u9152\u95ee\u9752\u5929\u3002\n\u4e0d\u77e5\u5929\u4e0a\u5bab\u9619\uff0c\n\u4eca\u5915\u662f\u4f55\u5e74\u3002", "style": ["Swing"], "essentia_features": {"lowlevel.average_loudness": 0.9719930291175842, "lowlevel.barkbands_crest.mean": 10.421730041503906, "lowlevel.barkbands_crest.stdev": 3.9210526943206787, "lowlevel.barkbands_flatness_db.mean": 0.144609734416008, "lowlevel.barkbands_flatness_db.stdev": 0.047439586371183395, "lowlevel.barkbands_kurtosis.mean": 11.025455474853516, "lowlevel.barkbands_kurtosis.stdev": 12.686305046081543, "lowlevel.barkbands_skewness.mean": 2.409385919570923, "lowlevel.barkbands_skewness.stdev": 1.4781244993209839, "lowlevel.barkbands_spread.mean": 18.421533584594727, "lowlevel.barkbands_spread.stdev": 16.290884017944336, "lowlevel.dissonance.mean": 0.43547770380973816, "lowlevel.dissonance.stdev": 0.0387396402657032, "lowlevel.dynamic_complexity": 2.5134353637695312, "lowlevel.erbbands_crest.mean": 11.74257755279541, "lowlevel.erbbands_crest.stdev": 4.946525573730469, "lowlevel.erbbands_flatness_db.mean": 0.13857515156269073, "lowlevel.erbbands_flatness_db.stdev": 0.040494367480278015, "lowlevel.erbbands_kurtosis.mean": 3.2299678325653076, "lowlevel.erbbands_kurtosis.stdev": 3.361589193344116, "lowlevel.erbbands_skewness.mean": 1.2423973083496094, "lowlevel.erbbands_skewness.stdev": 0.8966103792190552, "lowlevel.erbbands_spread.mean": 37.71925735473633, "lowlevel.erbbands_spread.stdev": 24.30522918701172, "lowlevel.hfc.mean": 17.20838737487793, "lowlevel.hfc.stdev": 13.002493858337402, "lowlevel.loudness_ebu128.integrated": -15.85280990600586, "lowlevel.loudness_ebu128.loudness_range": 0.6296749114990234, "lowlevel.loudness_ebu128.momentary.mean": -16.0852108001709, "lowlevel.loudness_ebu128.momentary.stdev": 1.472316026687622, "lowlevel.loudness_ebu128.short_term.mean": -15.64384937286377, "lowlevel.loudness_ebu128.short_term.stdev": 0.2708534896373749, "lowlevel.melbands_crest.mean": 13.64477825164795, "lowlevel.melbands_crest.stdev": 5.238439083099365, "lowlevel.melbands_flatness_db.mean": 0.2279341071844101, "lowlevel.melbands_flatness_db.stdev": 0.0601242370903492, "lowlevel.melbands_kurtosis.mean": 21.586946487426758, "lowlevel.melbands_kurtosis.stdev": 26.795082092285156, "lowlevel.melbands_skewness.mean": 2.9212441444396973, "lowlevel.melbands_skewness.stdev": 1.861088752746582, "lowlevel.melbands_spread.mean": 15.14429759979248, "lowlevel.melbands_spread.stdev": 16.418292999267578, "lowlevel.pitch_salience.mean": 0.5432338118553162, "lowlevel.pitch_salience.stdev": 0.11390940099954605, "lowlevel.silence_rate_20dB.mean": 1.0, "lowlevel.silence_rate_20dB.stdev": 0.0, "lowlevel.silence_rate_30dB.mean": 0.9878787994384766, "lowlevel.silence_rate_30dB.stdev": 0.10942696779966354, "lowlevel.silence_rate_60dB.mean": 0.0181818176060915, "lowlevel.silence_rate_60dB.stdev": 0.13360852003097534, "lowlevel.spectral_centroid.mean": 794.4146728515625, "lowlevel.spectral_centroid.stdev": 521.0291137695312, "lowlevel.spectral_complexity.mean": 10.821211814880371, "lowlevel.spectral_complexity.stdev": 4.471612453460693, "lowlevel.spectral_decrease.mean": -7.516609557001175e-09, "lowlevel.spectral_decrease.stdev": 6.584158551703467e-09, "lowlevel.spectral_energy.mean": 0.02993028797209263, "lowlevel.spectral_energy.stdev": 0.025592012330889702, "lowlevel.spectral_energyband_high.mean": 0.0005599927389994264, "lowlevel.spectral_energyband_high.stdev": 0.0006885911570861936, "lowlevel.spectral_energyband_low.mean": 0.008802457712590694, "lowlevel.spectral_energyband_low.stdev": 0.016383258625864983, "lowlevel.spectral_energyband_middle_high.mean": 0.005004556383937597, "lowlevel.spectral_energyband_middle_high.stdev": 0.00832575187087059, "lowlevel.spectral_energyband_middle_low.mean": 0.01611875370144844, "lowlevel.spectral_energyband_middle_low.stdev": 0.013396797701716423, "lowlevel.spectral_entropy.mean": 7.39391565322876, "lowlevel.spectral_entropy.stdev": 0.46792858839035034, "lowlevel.spectral_flux.mean": 0.0793449804186821, "lowlevel.spectral_flux.stdev": 0.04612857103347778, "lowlevel.spectral_kurtosis.mean": 4.648147106170654, "lowlevel.spectral_kurtosis.stdev": 2.2403135299682617, "lowlevel.spectral_rms.mean": 0.004957330413162708, "lowlevel.spectral_rms.stdev": 0.002150619635358453, "lowlevel.spectral_rolloff.mean": 1207.6214599609375, "lowlevel.spectral_rolloff.stdev": 1837.7633056640625, "lowlevel.spectral_skewness.mean": 1.9085493087768555, "lowlevel.spectral_skewness.stdev": 0.4689277410507202, "lowlevel.spectral_spread.mean": 6521740.5, "lowlevel.spectral_spread.stdev": 1439915.875, "lowlevel.spectral_strongpeak.mean": 1.1778230667114258, "lowlevel.spectral_strongpeak.stdev": 1.3228870630264282, "lowlevel.zerocrossingrate.mean": 0.06680427491664886, "lowlevel.zerocrossingrate.stdev": 0.041407063603401184, "metadata.audio_properties.analysis.equal_loudness": 0.0, "metadata.audio_properties.analysis.length": 7.637324333190918, "metadata.audio_properties.analysis.sample_rate": 44100.0, "metadata.audio_properties.analysis.start_time": 0.0, "metadata.audio_properties.bit_rate": 120000.0, "metadata.audio_properties.length": 7.637333393096924, "metadata.audio_properties.lossless": 0.0, "metadata.audio_properties.number_channels": 1.0, "metadata.audio_properties.replay_gain": -11.133321762084961, "metadata.audio_properties.sample_rate": 48000.0, "rhythm.beats_count": 12.0, "rhythm.beats_loudness.mean": 0.0458076111972332, "rhythm.beats_loudness.stdev": 0.017716068774461746, "rhythm.bpm": 94.15641021728516, "rhythm.bpm_histogram_first_peak_bpm": 94.0, "rhythm.bpm_histogram_first_peak_weight": 0.11111116409301758, "rhythm.bpm_histogram_second_peak_bpm": 101.0, "rhythm.bpm_histogram_second_peak_spread": 0.5, "rhythm.bpm_histogram_second_peak_weight": 0.09090909361839294, "rhythm.danceability": 1.677734375, "rhythm.onset_rate": 3.9210686683654785, "tonal.chords_changes_rate": 0.0602409653365612, "tonal.chords_number_rate": 0.03614457696676254, "tonal.chords_strength.mean": 0.49076247215270996, "tonal.chords_strength.stdev": 0.07566685974597931, "tonal.hpcp_crest.mean": 16.857467651367188, "tonal.hpcp_crest.stdev": 8.131142616271973, "tonal.hpcp_entropy.mean": 1.6818739175796509, "tonal.hpcp_entropy.stdev": 0.7520598769187927, "tonal.key_edma.strength": 0.719963788986206, "tonal.key_krumhansl.strength": 0.7109127044677734, "tonal.key_temperley.strength": 0.6944318413734436, "tonal.tuning_diatonic_strength": 0.5502533912658691, "tonal.tuning_equal_tempered_deviation": 0.11061730980873108, "tonal.tuning_frequency": 437.7185363769531, "tonal.tuning_nontempered_energy_ratio": 0.7584558725357056, "lowlevel.barkbands.mean": [2.7010713893105276e-05, 0.004005779512226582, 0.004291687626391649, 0.0014926299918442965, 0.005178224761039019, 0.004810305777937174, 0.0027628529351204634, 0.000522947870194912, 0.0012184224324300885, 0.0016605686396360397, 0.0014490786707028747, 0.0008900283719412982, 0.0004331414820626378, 0.00013990059960633516, 0.00015432063082698733, 0.00010236715024802834, 7.754975376883522e-05, 6.098294034018181e-05, 6.391105853253976e-05, 6.186724931467324e-05, 5.603108002105728e-05, 5.678263187292032e-05, 9.266626875614747e-05, 9.565635264152661e-05, 8.754364534979686e-05, 0.0001277055125683546, 1.034123488352634e-05], "lowlevel.barkbands.stdev": [4.744877151097171e-05, 0.008364701643586159, 0.009219199419021606, 0.003320015035569668, 0.006955653429031372, 0.006186543498188257, 0.0049344380386173725, 0.0010439013130962849, 0.002621654188260436, 0.004358609672635794, 0.0040856171399354935, 0.0028359675779938698, 0.0012416570680215955, 0.0003068969526793808, 0.0004974750336259604, 0.00018835606169886887, 0.00015987541701178998, 0.00011098179675173014, 8.10899946372956e-05, 9.091668471228331e-05, 9.41318430704996e-05, 0.00010698830737965181, 0.000162379234097898, 0.00011196319974260405, 9.734155901242048e-05, 0.0001545757841086015, 1.7159180060843937e-05], "lowlevel.erbbands.mean": [0.05881589651107788, 1.1336921453475952, 5.019232273101807, 4.265239238739014, 11.219318389892578, 15.981549263000488, 26.52187156677246, 48.95126724243164, 48.58829879760742, 21.011669158935547, 12.684846878051758, 25.13159942626953, 40.1046142578125, 66.98697662353516, 58.256996154785156, 24.35971450805664, 18.366025924682617, 10.172740936279297, 10.071370124816895, 5.444169521331787, 5.6760125160217285, 4.607144832611084, 3.6324269771575928, 3.4117701053619385, 2.9815311431884766, 2.7794389724731445, 2.7357029914855957, 1.8319319486618042, 1.9285573959350586, 2.727823257446289, 2.4476962089538574, 2.0772864818573, 1.5352312326431274, 0.9541738629341125, 0.6377244591712952, 0.43818026781082153, 0.25650131702423096, 0.05469773709774017, 0.0012559177121147513, 6.698766810586676e-05], "lowlevel.erbbands.stdev": [0.12986436486244202, 2.396923542022705, 11.333532333374023, 6.247437477111816, 23.558691024780273, 18.64438819885254, 37.59211730957031, 68.33472442626953, 81.4688949584961, 33.826454162597656, 28.081287384033203, 60.817195892333984, 74.82125854492188, 142.61627197265625, 212.18214416503906, 57.720584869384766, 49.45201110839844, 21.828693389892578, 33.01995086669922, 9.526907920837402, 9.710025787353516, 8.632168769836426, 6.8524580001831055, 4.4705352783203125, 4.045257091522217, 3.855956554412842, 4.247217178344727, 3.3330111503601074, 3.613534688949585, 5.308265209197998, 3.8611085414886475, 2.587794303894043, 1.831255555152893, 1.2143123149871826, 0.7146075963973999, 0.6170392036437988, 0.30591046810150146, 0.06517895311117172, 0.0015991426771506667, 4.758435898111202e-05], "lowlevel.gfcc.mean": [6.52523946762085, 71.44248962402344, -70.0418701171875, 7.622538089752197, -64.86685180664062, 10.176495552062988, -46.25765609741211, 6.836053848266602, -35.247344970703125, 3.8858590126037598, -17.80556869506836, 11.492267608642578, -14.228469848632812], "lowlevel.melbands.mean": [0.0008159707649610937, 0.002166848396882415, 0.0009988151723518968, 0.0009644260280765593, 0.0009205076494254172, 0.0010505387326702476, 0.0006998378084972501, 0.00019361675367690623, 0.00010007606033468619, 0.00017471337923780084, 0.00021142151672393084, 0.0002818562206812203, 0.00017671317618805915, 0.0001295834081247449, 3.397509499336593e-05, 4.536832420853898e-05, 1.4346491298056208e-05, 1.6959600543486886e-05, 8.908116797101684e-06, 7.031872883089818e-06, 6.130632755230181e-06, 4.6889094846847e-06, 3.7811382753716316e-06, 2.961598738693283e-06, 2.7647299702948658e-06, 2.228685161753674e-06, 2.0597249204001855e-06, 1.8112227735400666e-06, 1.8019185290540918e-06, 1.3851151834387565e-06, 9.64451942309097e-07, 1.0183424592469237e-06, 1.2245360494489432e-06, 1.7061091739378753e-06, 1.4134050161374034e-06, 1.3421737321550609e-06, 1.230890575243393e-06, 1.1236311365792062e-06, 9.201574471262575e-07, 7.51849768221291e-07], "lowlevel.melbands.stdev": [0.0016895650187507272, 0.00459992466494441, 0.0015964566264301538, 0.0013752607628703117, 0.0012435127282515168, 0.001397104118950665, 0.0011251706164330244, 0.0003218447382096201, 0.0002724268997553736, 0.00042006964213214815, 0.0004315825644880533, 0.0006261092494241893, 0.0005450514727272093, 0.0004242141731083393, 0.00014597726112697273, 0.00013570263399742544, 3.391438804101199e-05, 5.677243825630285e-05, 1.8575288777356036e-05, 1.3597669749287888e-05, 1.020301988319261e-05, 8.155412615451496e-06, 9.86248141998658e-06, 5.32917738382821e-06, 3.7331756175262854e-06, 2.944852212749538e-06, 3.025975956916227e-06, 2.7712910650734557e-06, 2.8943597953912104e-06, 2.4208468403230654e-06, 1.8679029381019063e-06, 1.927913899635314e-06, 2.4666001081641298e-06, 3.5905084132537013e-06, 2.2942690520721953e-06, 1.9094188701274106e-06, 1.477582372899633e-06, 1.3297180885274429e-06, 1.2929998547406285e-06, 9.6230667168129e-07], "lowlevel.melbands128.mean": [1.8508539142203517e-05, 0.00028361877775751054, 0.0009775595972314477, 0.0021375936921685934, 0.0028897093143314123, 0.0017729774117469788, 0.0006849549245089293, 0.0008965221350081265, 0.0012802623677998781, 0.0008620005683042109, 0.0008371535805054009, 0.0010625214781612158, 0.0009507676586508751, 0.0006709740846417844, 0.0012008227640762925, 0.0011821152875199914, 0.0009190993150696158, 0.0006454726681113243, 0.00041062908712774515, 0.00016572071763221174, 0.00013551226584240794, 0.00010637842206051573, 8.797128975857049e-05, 0.00011049620661651716, 0.0001187632224173285, 0.0002551457437220961, 0.0001732691889628768, 0.00011173558596055955, 0.00036520627327263355, 0.00028615639894269407, 0.00030827123555354774, 0.0001824243227019906, 5.6853761634556577e-05, 0.00029492733301594853, 0.00021995579299982637, 4.981809252058156e-05, 2.6111261831829324e-05, 4.5611817768076435e-05, 2.473331733199302e-05, 3.777899109991267e-05, 6.966037472011521e-05, 2.1651301722158678e-05, 9.456477528146934e-06, 1.1692151929310057e-05, 1.6386062270612456e-05, 2.136951297870837e-05, 1.4167178960633464e-05, 8.282097041956149e-06, 7.293333055713447e-06, 5.415378382167546e-06, 6.77464004184003e-06, 8.874846571416128e-06, 7.990563972271048e-06, 4.205972800264135e-06, 3.459311528786202e-06, 5.262500962999184e-06, 5.1268657443870325e-06, 4.336845904617803e-06, 3.074472942898865e-06, 3.2723264666856267e-06, 3.0982230327936122e-06, 2.5139570425380953e-06, 2.7892940579477e-06, 2.9402690415736288e-06, 2.5737138003023574e-06, 2.1260298126435373e-06, 2.1074099549878156e-06, 2.0517165921773994e-06, 2.255143726870301e-06, 1.7998560224441462e-06, 1.491667035224964e-06, 2.0946051790815545e-06, 1.9572084966057446e-06, 1.6797896478237817e-06, 1.7086855450543226e-06, 1.5412970242323354e-06, 1.2773385833497741e-06, 8.21523713057104e-07, 9.985257065636688e-07, 9.481703386882145e-07, 1.00717147688556e-06, 1.029701479637879e-06, 1.1109805200248957e-06, 1.2843948979934794e-06, 1.24997870898369e-06, 1.5561580539724673e-06, 2.003806230277405e-06, 1.679061369941337e-06, 1.3271337593323551e-06, 1.2485143088269979e-06, 1.3840649444318842e-06, 1.3190914387450903e-06, 1.374672251586162e-06, 1.1943226354560466e-06, 1.1720808288373519e-06, 1.232097702086321e-06, 1.1080450121880858e-06, 9.792371429284685e-07, 9.660063824412646e-07, 8.184570106095634e-07, 8.921555263441405e-07, 7.223292755043076e-07, 6.348769829855883e-07, 6.261938096940867e-07, 7.14950488145405e-07, 8.172669367922936e-07, 7.459583457603003e-07, 6.297535719568259e-07, 7.329751383622352e-07, 8.953722954174737e-07, 7.847493179724552e-07, 7.251401257235557e-07, 9.642482154958998e-07, 8.478489235130837e-07, 7.491447604479617e-07, 6.913828087817819e-07, 3.55289785147761e-07, 9.551990842737723e-08, 4.91782436995436e-09, 5.317407104910021e-12, 4.6910639435460144e-12, 4.545645110320962e-12, 4.4276227649520106e-12, 4.326982782493216e-12, 4.2158789480273295e-12, 4.0920942849520525e-12, 4.01714338876813e-12, 3.98660271461182e-12], "lowlevel.melbands128.stdev": [3.7664267438231036e-05, 0.0006745645659975708, 0.002468251623213291, 0.00485445698723197, 0.0069769322872161865, 0.0034893073607236147, 0.0011127758771181107, 0.0022362149320542812, 0.0030163840856403112, 0.0013178971130400896, 0.0010567486751824617, 0.0019129184074699879, 0.0016413587145507336, 0.001215557917021215, 0.0018305823905393481, 0.002267989329993725, 0.0018342967377975583, 0.0014772352296859026, 0.00101749156601727, 0.00030979432631284, 0.0002869989548344165, 0.000333127478370443, 0.00034941453486680984, 0.0004826155200134963, 0.0004460033669602126, 0.0007021468481980264, 0.0005261655314825475, 0.00027341360691934824, 0.0011229944648221135, 0.0010813494445756078, 0.0008417625213041902, 0.0004643971915356815, 0.00023514351050835103, 0.0015593762509524822, 0.0008737191092222929, 0.00013743429735768586, 7.897330942796543e-05, 0.00024925253819674253, 0.00014621246373280883, 0.00012955692363902926, 0.00023964743013493717, 8.629016519989818e-05, 3.103629205725156e-05, 4.730475484393537e-05, 4.614809586200863e-05, 0.00011406433623051271, 5.252318442217074e-05, 2.1447382096084766e-05, 2.207999386882875e-05, 1.5658999473089352e-05, 1.555066592118237e-05, 3.1073021091287956e-05, 1.686031828285195e-05, 7.003921382420231e-06, 7.132565770007204e-06, 1.016194437397644e-05, 1.4647263014921919e-05, 1.9324288587085903e-05, 8.260406502813566e-06, 7.2377001743006986e-06, 7.982664101291448e-06, 4.880545475316467e-06, 5.115942258271389e-06, 4.510833605309017e-06, 3.776352741624578e-06, 3.1507324820267968e-06, 3.5843120258505223e-06, 3.378645942575531e-06, 4.017034825665178e-06, 2.509385240045958e-06, 2.1651003407896496e-06, 4.30861973654828e-06, 4.352226824266836e-06, 2.47167372435797e-06, 2.8833455871790648e-06, 3.0307905944937374e-06, 2.8735482828778913e-06, 1.4040949736227049e-06, 2.335012595722219e-06, 1.859984990915109e-06, 2.2636261292063864e-06, 2.0549243799905526e-06, 2.3853160655562533e-06, 3.0540916213794844e-06, 2.561000201239949e-06, 3.5632224353321362e-06, 4.701338184531778e-06, 3.0226008220779477e-06, 2.341995468668756e-06, 1.9538761080184486e-06, 2.2780186554882675e-06, 1.9705514660017798e-06, 2.0672293885581894e-06, 1.5168529898801353e-06, 1.4513192354570492e-06, 1.568485572533973e-06, 1.471652240070398e-06, 1.3232822766440222e-06, 1.6429626157332677e-06, 1.2038950671922066e-06, 1.4876728755552904e-06, 9.619250249670586e-07, 8.215978368752985e-07, 7.562176733699744e-07, 9.794748621061444e-07, 1.065181209014554e-06, 9.868298320725444e-07, 1.0477352816451457e-06, 1.432529302292096e-06, 1.5631934502380318e-06, 1.2092261840734864e-06, 8.795612984613399e-07, 1.385643031426298e-06, 1.0609991250021267e-06, 8.857276156959415e-07, 9.271684007217118e-07, 5.476709930007928e-07, 2.521541659916693e-07, 3.129756009911944e-08, 7.689472322769397e-12, 7.310757034473259e-12, 7.123002708497861e-12, 6.960901906966077e-12, 6.83366340945013e-12, 6.725201558838156e-12, 6.639875281544416e-12, 6.579065417455787e-12, 6.541407606558414e-12], "lowlevel.mfcc.mean": [-658.8546142578125, 122.15412139892578, 36.01078414916992, 8.405550956726074, 3.826869487762451, -1.889281153678894, -0.4910721182823181, -0.4179827570915222, -10.083422660827637, -4.685224533081055, -12.088445663452148, -4.286158561706543, 1.2068161964416504], "lowlevel.spectral_contrast_coeffs.mean": [-0.6687015295028687, -0.6667868494987488, -0.7273739576339722, -0.8066654205322266, -0.8258720636367798, -0.8064828515052795], "lowlevel.spectral_contrast_coeffs.stdev": [0.07632499933242798, 0.09018459171056747, 0.08890843391418457, 0.048383381217718124, 0.028415139764547348, 0.026163039728999138], "lowlevel.spectral_contrast_valleys.mean": [-6.657784461975098, -7.013134956359863, -7.587032318115234, -8.062143325805664, -7.939371585845947, -9.947550773620605], "lowlevel.spectral_contrast_valleys.stdev": [0.7007996439933777, 0.5938195586204529, 0.6124590039253235, 0.5479705929756165, 0.5094910264015198, 0.5452829599380493], "rhythm.beats_loudness_band_ratio.mean": [0.32560819387435913, 0.3460310995578766, 0.15460915863513947, 0.24096494913101196, 0.02103133499622345, 0.01623866893351078], "rhythm.beats_loudness_band_ratio.stdev": [0.23469041287899017, 0.1896045058965683, 0.09980753064155579, 0.24219951033592224, 0.014141690917313099, 0.007923323661088943], "tonal.hpcp.mean": [0.061186809092760086, 0.033665336668491364, 0.12400230765342712, 0.2985263764858246, 0.23755356669425964, 0.06113934889435768, 0.05265461653470993, 0.04282006993889809, 0.05138841271400452, 0.12046786397695541, 0.10114596039056778, 0.12262653559446335, 0.26379022002220154, 0.18697640299797058, 0.03962977975606918, 0.03220490366220474, 0.036746297031641006, 0.07398302108049393, 0.13384003937244415, 0.10240419209003448, 0.027549289166927338, 0.02273433282971382, 0.027333375066518784, 0.07995665818452835, 0.20881058275699615, 0.17847394943237305, 0.11325667053461075, 0.21705935895442963, 0.18862371146678925, 0.11240247637033463, 0.13365815579891205, 0.09873080998659134, 0.1213235855102539, 0.22204945981502533, 0.16610299050807953, 0.08237531036138535], "tonal.hpcp.stdev": [0.18819177150726318, 0.10916810482740402, 0.20562690496444702, 0.3660672605037689, 0.2962048649787903, 0.10812292993068695, 0.14165809750556946, 0.11330586671829224, 0.13065318763256073, 0.2701182961463928, 0.2203833907842636, 0.23300860822200775, 0.3650396466255188, 0.29333823919296265, 0.10539188981056213, 0.103425033390522, 0.12977461516857147, 0.17029120028018951, 0.25748175382614136, 0.19311454892158508, 0.09658889472484589, 0.10001752525568008, 0.126715749502182, 0.16460154950618744, 0.2956230342388153, 0.25615400075912476, 0.18764011561870575, 0.32178300619125366, 0.28805193305015564, 0.23068305850028992, 0.2827882468700409, 0.2165445238351822, 0.210210382938385, 0.32305341958999634, 0.27560538053512573, 0.21519403159618378], "rhythm.beats_position": [0.5688889026641846, 1.1493877172470093, 1.7414965629577637, 2.3684353828430176, 3.006983995437622, 3.6455328464508057, 4.28408145904541, 4.922630310058594, 5.561179161071777, 6.199728012084961, 6.838276386260986, 7.47682523727417], "rhythm.bpm_histogram": [0.0, 0.0, 0.0, 0.0, 0.0, 0.0, 0.0, 0.0, 0.0, 0.0, 0.0, 0.0, 0.0, 0.0, 0.0, 0.0, 0.0, 0.0, 0.0, 0.0, 0.0, 0.0, 0.0, 0.0, 0.0, 0.0, 0.0, 0.0, 0.0, 0.0, 0.0, 0.0, 0.0, 0.0, 0.0, 0.0, 0.0, 0.0, 0.0, 0.0, 0.0, 0.0, 0.0, 0.0, 0.0, 0.0, 0.0, 0.0, 0.0, 0.0, 0.0, 0.0, 0.0, 0.0, 0.0, 0.0, 0.0, 0.0, 0.0, 0.0, 0.0, 0.0, 0.0, 0.0, 0.0, 0.0, 0.0, 0.0, 0.0, 0.0, 0.0, 0.0, 0.0, 0.0, 0.0, 0.0, 0.0, 0.0, 0.0, 0.0, 0.0, 0.0, 0.0, 0.0, 0.0, 0.0, 0.0, 0.0, 0.0, 0.0, 0.0, 0.0, 0.0, 0.0, 0.7272727489471436, 0.0, 0.09090909361839294, 0.0, 0.0, 0.0, 0.0, 0.09090909361839294, 0.0, 0.09090909361839294, 0.0, 0.0, 0.0, 0.0, 0.0, 0.0, 0.0, 0.0, 0.0, 0.0, 0.0, 0.0, 0.0, 0.0, 0.0, 0.0, 0.0, 0.0, 0.0, 0.0, 0.0, 0.0, 0.0, 0.0, 0.0, 0.0, 0.0, 0.0, 0.0, 0.0, 0.0, 0.0, 0.0, 0.0, 0.0, 0.0, 0.0, 0.0, 0.0, 0.0, 0.0, 0.0, 0.0, 0.0, 0.0, 0.0, 0.0, 0.0, 0.0, 0.0, 0.0, 0.0, 0.0, 0.0, 0.0, 0.0, 0.0, 0.0, 0.0, 0.0, 0.0, 0.0, 0.0, 0.0, 0.0, 0.0, 0.0, 0.0, 0.0, 0.0, 0.0, 0.0, 0.0, 0.0, 0.0, 0.0, 0.0, 0.0, 0.0, 0.0, 0.0, 0.0, 0.0, 0.0, 0.0, 0.0, 0.0, 0.0, 0.0, 0.0, 0.0, 0.0, 0.0, 0.0, 0.0, 0.0, 0.0, 0.0, 0.0, 0.0, 0.0, 0.0, 0.0, 0.0, 0.0, 0.0, 0.0, 0.0, 0.0, 0.0, 0.0, 0.0, 0.0, 0.0, 0.0, 0.0, 0.0, 0.0, 0.0, 0.0, 0.0, 0.0, 0.0, 0.0, 0.0, 0.0, 0.0, 0.0, 0.0, 0.0, 0.0, 0.0, 0.0, 0.0, 0.0, 0.0, 0.0, 0.0, 0.0, 0.0, 0.0, 0.0, 0.0, 0.0, 0.0, 0.0], "tonal.chords_histogram": [47.590362548828125, 24.096385955810547, 3.614457845687866, 13.253011703491211, 0.0, 0.0, 0.0, 0.0, 0.0, 0.0, 7.831325531005859, 0.0, 0.0, 0.0, 0.0, 0.0, 0.0, 0.0, 0.0, 0.0, 0.0, 0.0, 0.0, 3.614457845687866], "tonal.thpcp": [1.0, 0.7957540154457092, 0.20480383932590485, 0.17638179659843445, 0.14343814551830292, 0.17214027047157288, 0.40354177355766296, 0.3388175070285797, 0.4107728600502014, 0.883641242980957, 0.6263312697410583, 0.13275134563446045, 0.10787959396839142, 0.12309229373931885, 0.247827410697937, 0.448335736989975, 0.3430323004722595, 0.09228426963090897, 0.07615519315004349, 0.09156100451946259, 0.2678378224372864, 0.699471116065979, 0.5978498458862305, 0.3793857991695404, 0.7271027565002441, 0.6318494081497192, 0.3765244483947754, 0.44772645831108093, 0.3307272493839264, 0.40640825033187866, 0.7438185811042786, 0.5564097762107849, 0.27593979239463806, 0.204962819814682, 0.11277173459529877, 0.41538140177726746], "lowlevel.gfcc.cov": [[2550.126953125, 354.3624267578125, -145.95103454589844, -105.36099243164062, 89.97296142578125, 152.71534729003906, 205.67034912109375, 40.782615661621094, -5.106281280517578, -57.265777587890625, 73.22220611572266, 59.14053726196289, 37.86328125], [354.3624267578125, 834.1495971679688, 34.556968688964844, -136.50128173828125, 177.60377502441406, 65.02165222167969, 108.43798828125, 58.34529495239258, 53.317012786865234, -48.185218811035156, 85.62173461914062, -0.7279582619667053, 43.097049713134766], [-145.95103454589844, 34.556968688964844, 432.1476135253906, 266.6894226074219, 56.666751861572266, -27.906522750854492, 29.912708282470703, 14.110495567321777, 53.83964157104492, 38.11505889892578, -7.3267292976379395, 22.728618621826172, -34.897499084472656], [-105.36099243164062, -136.50128173828125, 266.6894226074219, 414.22088623046875, 76.23255920410156, -50.4978141784668, -27.40424919128418, 5.921923637390137, 66.7223129272461, 46.41349411010742, -17.908702850341797, 20.153955459594727, 3.8831961154937744], [89.97296142578125, 177.60377502441406, 56.666751861572266, 76.23255920410156, 180.9864959716797, 70.2065658569336, 56.01227569580078, 38.91844177246094, 55.2907829284668, 20.074745178222656, 19.63858413696289, 18.268131256103516, 6.2336626052856445], [152.71534729003906, 65.02165222167969, -27.906522750854492, -50.4978141784668, 70.2065658569336, 176.1708221435547, 123.2248306274414, 8.920252799987793, 7.311521053314209, 38.736412048339844, 43.29753494262695, 18.573453903198242, 6.33269739151001], [205.67034912109375, 108.43798828125, 29.912708282470703, -27.40424919128418, 56.01227569580078, 123.2248306274414, 171.05853271484375, 47.41142272949219, 11.948294639587402, 34.714359283447266, 41.90090560913086, 23.133708953857422, -6.325811862945557], [40.782615661621094, 58.34529495239258, 14.110495567321777, 5.921923637390137, 38.91844177246094, 8.920252799987793, 47.41142272949219, 111.54535675048828, 66.07394409179688, 7.7289557456970215, 16.089534759521484, 22.401029586791992, 6.155537128448486], [-5.106281280517578, 53.317012786865234, 53.83964157104492, 66.7223129272461, 55.2907829284668, 7.311521053314209, 11.948294639587402, 66.07394409179688, 111.25802612304688, 41.52729797363281, 17.91217803955078, 20.894485473632812, 17.96025276184082], [-57.265777587890625, -48.185218811035156, 38.11505889892578, 46.41349411010742, 20.074745178222656, 38.736412048339844, 34.714359283447266, 7.7289557456970215, 41.52729797363281, 108.26903533935547, 47.34326171875, 22.823509216308594, 15.97083568572998], [73.22220611572266, 85.62173461914062, -7.3267292976379395, -17.908702850341797, 19.63858413696289, 43.29753494262695, 41.90090560913086, 16.089534759521484, 17.91217803955078, 47.34326171875, 92.03022003173828, 43.55754852294922, 21.4597110748291], [59.14053726196289, -0.7279582619667053, 22.728618621826172, 20.153955459594727, 18.268131256103516, 18.573453903198242, 23.133708953857422, 22.401029586791992, 20.894485473632812, 22.823509216308594, 43.55754852294922, 74.8502426147461, 23.925472259521484], [37.86328125, 43.097049713134766, -34.897499084472656, 3.8831961154937744, 6.2336626052856445, 6.33269739151001, -6.325811862945557, 6.155537128448486, 17.96025276184082, 15.97083568572998, 21.4597110748291, 23.925472259521484, 75.63690948486328]], "lowlevel.gfcc.icov": [[0.000501086818985641, -0.00015236424223985523, 0.000360204343451187, -0.00022863270714879036, 8.884702401701361e-05, 8.029182208701968e-05, -0.0008243456832133234, 0.00037751664058305323, -0.00025163040845654905, 0.0005762928049080074, -7.360655581578612e-05, -0.0004034449520986527, -1.3239692634670064e-05], [-0.00015236424223985523, 0.004322045017033815, -0.0021974947303533554, 0.003314030822366476, -0.005060190800577402, 0.003455336904153228, -0.00320527539588511, 0.002285557333379984, -0.0029181709978729486, 0.0052555319853127, -0.006407695822417736, 0.004850624594837427, -0.004029880277812481], [0.000360204343451187, -0.0021974947303533554, 0.005995431449264288, -0.0044287764467298985, 0.002458172617480159, 0.00022211535542737693, -0.0016180778620764613, 0.0007329619256779552, -0.00036879751132801175, -0.002244108123704791, 0.0033922125585377216, -0.003930873237550259, 0.004491577390581369], [-0.00022863270714879036, 0.003314030822366476, -0.0044287764467298985, 0.007731844671070576, -0.0057717193849384785, 0.003974830266088247, -0.0014988635666668415, 0.0025256911758333445, -0.002956216689199209, 0.0019968280103057623, -0.002996593015268445, 0.0029052135068923235, -0.004190623760223389], [8.884702401701361e-05, -0.005060190800577402, 0.002458172617480159, -0.0057717193849384785, 0.014963105320930481, -0.008433138020336628, 0.003980595152825117, -0.003595610847696662, 0.00012497848365455866, -0.003946948330849409, 0.006669116206467152, -0.005324103869497776, 0.004963328596204519], [8.029182208701968e-05, 0.003455336904153228, 0.00022211535542737693, 0.003974830266088247, -0.008433138020336628, 0.019644832238554955, -0.014882475137710571, 0.008774901740252972, -0.004940622951835394, 0.002791453618556261, -0.005729946307837963, 0.0030593823175877333, -0.0037774324882775545], [-0.0008243456832133234, -0.00320527539588511, -0.0016180778620764613, -0.0014988635666668415, 0.003980595152825117, -0.014882475137710571, 0.022370578721165657, -0.012680498883128166, 0.009343219920992851, -0.007653198204934597, 0.0037864220794290304, -0.0028339549899101257, 0.0046098302118480206], [0.00037751664058305323, 0.002285557333379984, 0.0007329619256779552, 0.0025256911758333445, -0.003595610847696662, 0.008774901740252972, -0.012680498883128166, 0.023145468905568123, -0.016160467639565468, 0.008040688000619411, -0.003841832745820284, -0.0008147261687554419, -0.0011779872002080083], [-0.00025163040845654905, -0.0029181709978729486, -0.00036879751132801175, -0.002956216689199209, 0.00012497848365455866, -0.004940622951835394, 0.009343219920992851, -0.016160467639565468, 0.025098811835050583, -0.01161664817482233, 0.005400306545197964, -0.0023788672406226397, -1.6355965271941386e-05], [0.0005762928049080074, 0.0052555319853127, -0.002244108123704791, 0.0019968280103057623, -0.003946948330849409, 0.002791453618556261, -0.007653198204934597, 0.008040688000619411, -0.01161664817482233, 0.024089112877845764, -0.015513754449784756, 0.0067075383849442005, -0.005672001745551825], [-7.360655581578612e-05, -0.006407695822417736, 0.0033922125585377216, -0.002996593015268445, 0.006669116206467152, -0.005729946307837963, 0.0037864220794290304, -0.003841832745820284, 0.005400306545197964, -0.015513754449784756, 0.030422167852520943, -0.01637524925172329, 0.00450812978670001], [-0.0004034449520986527, 0.004850624594837427, -0.003930873237550259, 0.0029052135068923235, -0.005324103869497776, 0.0030593823175877333, -0.0028339549899101257, -0.0008147261687554419, -0.0023788672406226397, 0.0067075383849442005, -0.01637524925172329, 0.02689414471387863, -0.009225329384207726], [-1.3239692634670064e-05, -0.004029880277812481, 0.004491577390581369, -0.004190623760223389, 0.004963328596204519, -0.0037774324882775545, 0.0046098302118480206, -0.0011779872002080083, -1.6355965271941386e-05, -0.005672001745551825, 0.00450812978670001, -0.009225329384207726, 0.021040605381131172]], "lowlevel.mfcc.cov": [[2591.66064453125, 240.20445251464844, -187.64488220214844, -106.58211517333984, -49.12960433959961, 63.10377502441406, 140.6008758544922, 139.76612854003906, 11.766779899597168, 17.98104476928711, -31.865432739257812, -24.405582427978516, 15.213334083557129], [240.20445251464844, 832.9843139648438, -68.3630599975586, -115.49517822265625, 57.52784729003906, -10.078437805175781, 100.29238891601562, 107.26144409179688, 14.096485137939453, 43.68425750732422, -6.764831066131592, 31.04175567626953, 20.525999069213867], [-187.64488220214844, -68.3630599975586, 323.8862609863281, 201.72561645507812, 27.235929489135742, 45.38922882080078, -13.621187210083008, 2.7965340614318848, 11.386120796203613, 3.7859251499176025, 22.065364837646484, 47.80628204345703, 29.294851303100586], [-106.58211517333984, -115.49517822265625, 201.72561645507812, 345.9091796875, 114.5178451538086, 25.778949737548828, -53.57476043701172, -3.644260883331299, 41.72570037841797, 6.491328239440918, 21.525222778320312, 36.80449676513672, 24.11953353881836], [-49.12960433959961, 57.52784729003906, 27.235929489135742, 114.5178451538086, 159.20199584960938, 24.909685134887695, -27.69833755493164, 19.3302001953125, 36.82383728027344, 20.57451820373535, 15.506193161010742, 9.601920127868652, 20.36151123046875], [63.10377502441406, -10.078437805175781, 45.38922882080078, 25.778949737548828, 24.909685134887695, 175.05772399902344, 75.60665893554688, 6.57785701751709, 21.427852630615234, 23.525869369506836, 30.188961029052734, 20.42171859741211, 28.012229919433594], [140.6008758544922, 100.29238891601562, -13.621187210083008, -53.57476043701172, -27.69833755493164, 75.60665893554688, 137.43251037597656, 46.1087646484375, 3.6765875816345215, 18.31864356994629, 19.269254684448242, 18.304264068603516, 24.561546325683594], [139.76612854003906, 107.26144409179688, 2.7965340614318848, -3.644260883331299, 19.3302001953125, 6.57785701751709, 46.1087646484375, 122.91593933105469, 33.22370147705078, 4.027444839477539, 18.000333786010742, 35.39610290527344, 17.427276611328125], [11.766779899597168, 14.096485137939453, 11.386120796203613, 41.72570037841797, 36.82383728027344, 21.427852630615234, 3.6765875816345215, 33.22370147705078, 88.3442611694336, 39.31018829345703, 20.13699722290039, 8.350457191467285, 21.391786575317383], [17.98104476928711, 43.68425750732422, 3.7859251499176025, 6.491328239440918, 20.57451820373535, 23.525869369506836, 18.31864356994629, 4.027444839477539, 39.31018829345703, 83.86643981933594, 23.303424835205078, -5.7441229820251465, 10.005489349365234], [-31.865432739257812, -6.764831066131592, 22.065364837646484, 21.525222778320312, 15.506193161010742, 30.188961029052734, 19.269254684448242, 18.000333786010742, 20.13699722290039, 23.303424835205078, 88.09442901611328, 45.64447021484375, 12.475655555725098], [-24.405582427978516, 31.04175567626953, 47.80628204345703, 36.80449676513672, 9.601920127868652, 20.42171859741211, 18.304264068603516, 35.39610290527344, 8.350457191467285, -5.7441229820251465, 45.64447021484375, 95.54532623291016, 46.97981643676758], [15.213334083557129, 20.525999069213867, 29.294851303100586, 24.11953353881836, 20.36151123046875, 28.012229919433594, 24.561546325683594, 17.427276611328125, 21.391786575317383, 10.005489349365234, 12.475655555725098, 46.97981643676758, 79.05859375]], "lowlevel.mfcc.icov": [[0.00046974909491837025, -8.965980669017881e-05, 0.00040428515058010817, -0.000303462817100808, 0.00039906881283968687, -0.00028346918406896293, -4.859182809013873e-05, -0.0006558432360179722, 0.00024606389342807233, -0.00011744198127416894, 0.00012355837679933757, 0.00037819892168045044, -0.00026297004660591483], [-8.965980669017881e-05, 0.0018450026400387287, -0.00030352151952683926, 0.0010651240590959787, -0.0018083978211507201, 0.000964508333709091, -0.0015727868303656578, -0.0005289146210998297, 0.00017898350779432803, -0.0011163637973368168, 0.0012887336779385805, -0.0015244511887431145, 0.0008503535646013916], [0.00040428515058010817, -0.00030352151952683926, 0.006068918388336897, -0.00418873829767108, 0.0027441438287496567, -0.001782454433850944, 0.0010899119079113007, -0.0013181113172322512, 0.0016417787410318851, -0.0009207696421071887, 8.327473915414885e-05, -0.0005227629444561899, -0.0011233281111344695], [-0.000303462817100808, 0.0010651240590959787, -0.00418873829767108, 0.007650547660887241, -0.0052879746071994305, 0.0009675269830040634, -0.00012825017620343715, 0.0015631390269845724, -0.002462181029841304, 0.0006163567886687815, 0.0009227092959918082, -0.0025011571124196053, 0.0016431877156719565], [0.00039906881283968687, -0.0018083978211507201, 0.0027441438287496567, -0.0052879746071994305, 0.012781145982444286, -0.0035522612743079662, 0.005341758951544762, -0.0032404321245849133, 0.00038069410948082805, -0.000794598541688174, -0.0023082299157977104, 0.003994218073785305, -0.004000941291451454], [-0.00028346918406896293, 0.000964508333709091, -0.001782454433850944, 0.0009675269830040634, -0.0035522612743079662, 0.010230434127151966, -0.00744251161813736, 0.0033125763293355703, -0.0021540680900216103, 0.00012525760394055396, -0.0007552536553703249, -0.001140295877121389, 0.0004052346630487591], [-4.859182809013873e-05, -0.0015727868303656578, 0.0010899119079113007, -0.00012825017620343715, 0.005341758951544762, -0.00744251161813736, 0.01670302450656891, -0.006123386789113283, 0.0036877028178423643, -0.0020419375505298376, -0.002458816859871149, 0.003205853048712015, -0.004781608935445547], [-0.0006558432360179722, -0.0005289146210998297, -0.0013181113172322512, 0.0015631390269845724, -0.0032404321245849133, 0.0033125763293355703, -0.006123386789113283, 0.014968287199735641, -0.007063620258122683, 0.0031079421751201153, 0.0007813972188159823, -0.005974955391138792, 0.003483965527266264], [0.00024606389342807233, 0.00017898350779432803, 0.0016417787410318851, -0.002462181029841304, 0.00038069410948082805, -0.0021540680900216103, 0.0036877028178423643, -0.007063620258122683, 0.01996305212378502, -0.007866278290748596, -0.0021260706707835197, 0.003829091554507613, -0.005220417398959398], [-0.00011744198127416894, -0.0011163637973368168, -0.0009207696421071887, 0.0006163567886687815, -0.000794598541688174, 0.00012525760394055396, -0.0020419375505298376, 0.0031079421751201153, -0.007866278290748596, 0.018926313146948814, -0.005906272679567337, 0.005490024108439684, -0.0020220393780618906], [0.00012355837679933757, 0.0012887336779385805, 8.327473915414885e-05, 0.0009227092959918082, -0.0023082299157977104, -0.0007552536553703249, -0.002458816859871149, 0.0007813972188159823, -0.0021260706707835197, -0.005906272679567337, 0.020358769223093987, -0.013506683520972729, 0.0069193122908473015], [0.00037819892168045044, -0.0015244511887431145, -0.0005227629444561899, -0.0025011571124196053, 0.003994218073785305, -0.001140295877121389, 0.003205853048712015, -0.005974955391138792, 0.003829091554507613, 0.005490024108439684, -0.013506683520972729, 0.027543744072318077, -0.014990883879363537], [-0.00026297004660591483, 0.0008503535646013916, -0.0011233281111344695, 0.0016431877156719565, -0.004000941291451454, 0.0004052346630487591, -0.004781608935445547, 0.003483965527266264, -0.005220417398959398, -0.0020220393780618906, 0.0069193122908473015, -0.014990883879363537, 0.023482760414481163]], "metadata.audio_properties.analysis.downmix": "mix", "metadata.audio_properties.codec": "mp3", "metadata.audio_properties.md5_encoded": "aa0e07f733956447e72242b133ed2e20", "metadata.tags.file_name": "1183670080303804446.mp3", "metadata.version.essentia": "2.1-beta6-dev", "metadata.version.essentia_git_sha": "v2.1_beta5-1110-g77a6a954", "metadata.version.extractor": "music 2.0", "tonal.chords_key": "F#", "tonal.chords_scale": "major", "tonal.key_edma.key": "F#", "tonal.key_edma.scale": "major", "tonal.key_krumhansl.key": "F#", "tonal.key_krumhansl.scale": "major", "tonal.key_temperley.key": "F#", "tonal.key_temperley.scale": "major", "metadata.tags.encoding": ["Lavf58.45.100"]}, "essentia_models": [{"model_name": "genre_dortmund", "activations": {"alternative": "0.007793382", "blues": "0.06751617", "electronic": "0.0017773283", "folkcountry": "0.090195425", "funksoulrnb": "0.025817115", "jazz": "0.6731293", "pop": "0.19175556", "raphiphop": "0.0038114078", "rock": "0.0051776334"}}, {"model_name": "genre_rosamerica", "activations": {"classic": "0.005099722", "dance": "0.0005114768", "hip hop": "0.00023823809", "jazz": "0.45007172", "pop": "0.3226291", "rhythm and blues": "0.4599721", "rock": "0.0007476702", "speech": "0.0054600914"}}, {"model_name": "genre_tzanetakis", "activations": {"blues": "0.21006864", "classic": "0.00015344708", "country": "0.006507868", "disco": "0.008373838", "hip hop": "0.0007176106", "jazz": "0.13258922", "metal": "0.0002732392", "pop": "0.2772186", "reggae": "0.01591004", "rock": "0.034663137"}}, {"model_name": "genre_electronic", "activations": {"ambient": "0.27167165", "dnb": "0.44691062", "house": "0.20176357", "techno": "0.1948168", "trance": "0.008279233"}}, {"model_name": "mood_acoustic", "activations": {"acoustic": "0.82743996", "not acoustic": "0.22687623"}}, {"model_name": "mood_electronic", "activations": {"electronic": "0.12546587", "not electronic": "0.87804615"}}, {"model_name": "mood_aggressive", "activ