{"song_id": "1183686427637194803", "download": "https://cdn.discordapp.com/attachments/1135911532732108921/1183686427637194803/chirp.mp4?ex=65893ce4&amp", "lyrics": "[verse 1]\n\u041d\u0430 \u0413\u0430\u0433\u0430\u0440\u0438\u043d\u0430, \u0432 \u0441\u0435\u0440\u0434\u0446\u0435 \u0433\u043e\u0440\u043e\u0434\u0430,\n\u0422\u0430\u043c \u0440\u0430\u0431\u043e\u0442\u0430\u0435\u0442 \u042e\u0440\u043a\u0430 \u041a\u0430\u0440\u0435\u0432.\n\u041c\u0430\u0442\u0451\u0440\u044b\u0439 \u043f\u0430\u0440\u0435\u043d\u044c,  \u0441 \u0440\u0443\u043a\u0430\u043c\u0438 \u0437\u043e\u043b\u043e\u0442\u044b\u043c\u0438, (\u043e\u0443\u0443\u0443-\u0435\u0435\u0435\u0435) \n\u041c\u0430\u0448\u0438\u043d\u044b \u0447\u0438\u043d\u0438\u0442, \u0438 \u043c\u0430\u0441\u043b\u0430 \u043f\u0440\u043e\u0434\u0430\u0451\u0442. \n[chorus]\n\u042e\u0440\u043a\u0430 \u041a\u0430\u0440\u0435\u0432, \u043f\u0430\u0440\u0435\u043d\u044c \u043d\u0430\u0448 \u0437\u043e\u043b\u043e\u0442\u043e\u0439,\n\u0421\u043a\u043e\u0440\u043e \u0434\u043d\u044e\u0445\u0430, \u043e\u043d \u043d\u0435\u043c\u043d\u043e\u0433\u043e \u043f\u043e\u0432\u0437\u0440\u043e\u0441\u043b\u0435\u043b.\n\u0421\u043c\u0435\u043b\u044b\u0439 \u0438 \u0441\u043c\u0435\u0448\u043d\u043e\u0439, \u0432\u0441\u0435\u0433\u0434\u0430 \u043d\u0430 \u043f\u043e\u0434\u044a\u0451\u043c\u0435,\n\u0412\u0441\u0435\u0445 \u0441\u0432\u043e\u0438\u0445 \u0434\u0440\u0443\u0437\u0435\u0439 \u043e\u043d \u043e\u0431\u043e\u0433\u0440\u0435\u0432\u0430\u0435\u0442.", "style": ["old school rap"], "essentia_features": {"lowlevel.average_loudness": 0.9634732007980347, "lowlevel.barkbands_crest.mean": 12.15744686126709, "lowlevel.barkbands_crest.stdev": 5.648914337158203, "lowlevel.barkbands_flatness_db.mean": 0.184713676571846, "lowlevel.barkbands_flatness_db.stdev": 0.08804534375667572, "lowlevel.barkbands_kurtosis.mean": 24.158004760742188, "lowlevel.barkbands_kurtosis.stdev": 74.71643829345703, "lowlevel.barkbands_skewness.mean": 1.887851595878601, "lowlevel.barkbands_skewness.stdev": 4.001979351043701, "lowlevel.barkbands_spread.mean": 25.828662872314453, "lowlevel.barkbands_spread.stdev": 22.442272186279297, "lowlevel.dissonance.mean": 0.4540880024433136, "lowlevel.dissonance.stdev": 0.06025180220603943, "lowlevel.dynamic_complexity": 6.784850120544434, "lowlevel.erbbands_crest.mean": 11.663818359375, "lowlevel.erbbands_crest.stdev": 5.519639015197754, "lowlevel.erbbands_flatness_db.mean": 0.19369545578956604, "lowlevel.erbbands_flatness_db.stdev": 0.05869585648179054, "lowlevel.erbbands_kurtosis.mean": 4.629373073577881, "lowlevel.erbbands_kurtosis.stdev": 8.447493553161621, "lowlevel.erbbands_skewness.mean": -0.0974361002445221, "lowlevel.erbbands_skewness.stdev": 1.9506056308746338, "lowlevel.erbbands_spread.mean": 43.556602478027344, "lowlevel.erbbands_spread.stdev": 32.63140106201172, "lowlevel.hfc.mean": 12.947078704833984, "lowlevel.hfc.stdev": 19.117887496948242, "lowlevel.loudness_ebu128.integrated": -16.302978515625, "lowlevel.loudness_ebu128.loudness_range": 2.6479930877685547, "lowlevel.loudness_ebu128.momentary.mean": -17.848018646240234, "lowlevel.loudness_ebu128.momentary.stdev": 4.218963623046875, "lowlevel.loudness_ebu128.short_term.mean": -16.65714454650879, "lowlevel.loudness_ebu128.short_term.stdev": 0.9344040751457214, "lowlevel.melbands_crest.mean": 15.821702003479004, "lowlevel.melbands_crest.stdev": 7.175330638885498, "lowlevel.melbands_flatness_db.mean": 0.20810607075691223, "lowlevel.melbands_flatness_db.stdev": 0.12679795920848846, "lowlevel.melbands_kurtosis.mean": 53.40420150756836, "lowlevel.melbands_kurtosis.stdev": 125.27355194091797, "lowlevel.melbands_skewness.mean": 3.6171836853027344, "lowlevel.melbands_skewness.stdev": 4.298157215118408, "lowlevel.melbands_spread.mean": 50.49067306518555, "lowlevel.melbands_spread.stdev": 57.392093658447266, "lowlevel.pitch_salience.mean": 0.5622522234916687, "lowlevel.pitch_salience.stdev": 0.190317302942276, "lowlevel.silence_rate_20dB.mean": 1.0, "lowlevel.silence_rate_20dB.stdev": 0.0, "lowlevel.silence_rate_30dB.mean": 0.9330006837844849, "lowlevel.silence_rate_30dB.stdev": 0.2500196099281311, "lowlevel.silence_rate_60dB.mean": 0.4069850444793701, "lowlevel.silence_rate_60dB.stdev": 0.49127280712127686, "lowlevel.spectral_centroid.mean": 2193.102294921875, "lowlevel.spectral_centroid.stdev": 1548.374755859375, "lowlevel.spectral_complexity.mean": 6.905203342437744, "lowlevel.spectral_complexity.stdev": 9.714104652404785, "lowlevel.spectral_decrease.mean": -5.8293503357731424e-09, "lowlevel.spectral_decrease.stdev": 1.1912766773036765e-08, "lowlevel.spectral_energy.mean": 0.023175664246082306, "lowlevel.spectral_energy.stdev": 0.045633889734745026, "lowlevel.spectral_energyband_high.mean": 0.0010092216543853283, "lowlevel.spectral_energyband_high.stdev": 0.0020946073345839977, "lowlevel.spectral_energyband_low.mean": 0.012678640894591808, "lowlevel.spectral_energyband_low.stdev": 0.04190048202872276, "lowlevel.spectral_energyband_middle_high.mean": 0.0012794003123417497, "lowlevel.spectral_energyband_middle_high.stdev": 0.002841678448021412, "lowlevel.spectral_energyband_middle_low.mean": 0.008696050383150578, "lowlevel.spectral_energyband_middle_low.stdev": 0.015333980321884155, "lowlevel.spectral_entropy.mean": 7.583351135253906, "lowlevel.spectral_entropy.stdev": 0.6214272379875183, "lowlevel.spectral_flux.mean": 0.07883516699075699, "lowlevel.spectral_flux.stdev": 0.08594246208667755, "lowlevel.spectral_kurtosis.mean": 2.8706412315368652, "lowlevel.spectral_kurtosis.stdev": 4.059271812438965, "lowlevel.spectral_rms.mean": 0.003268961329013109, "lowlevel.spectral_rms.stdev": 0.003453155281022191, "lowlevel.spectral_rolloff.mean": 3127.96728515625, "lowlevel.spectral_rolloff.stdev": 2921.27294921875, "lowlevel.spectral_skewness.mean": 0.925806999206543, "lowlevel.spectral_skewness.stdev": 0.7092592120170593, "lowlevel.spectral_spread.mean": 4710586.5, "lowlevel.spectral_spread.stdev": 1259828.625, "lowlevel.spectral_strongpeak.mean": 0.8406885862350464, "lowlevel.spectral_strongpeak.stdev": 1.116320013999939, "lowlevel.zerocrossingrate.mean": 0.11176211386919022, "lowlevel.zerocrossingrate.stdev": 0.08608369529247284, "metadata.audio_properties.analysis.equal_loudness": 0.0, "metadata.audio_properties.analysis.length": 32.53330993652344, "metadata.audio_properties.analysis.sample_rate": 44100.0, "metadata.audio_properties.analysis.start_time": 0.0, "metadata.audio_properties.bit_rate": 123832.0, "metadata.audio_properties.length": 32.53333282470703, "metadata.audio_properties.lossless": 0.0, "metadata.audio_properties.number_channels": 1.0, "metadata.audio_properties.replay_gain": -12.05746078491211, "metadata.audio_properties.sample_rate": 48000.0, "rhythm.beats_count": 47.0, "rhythm.beats_loudness.mean": 0.06136194244027138, "rhythm.beats_loudness.stdev": 0.06235755980014801, "rhythm.bpm": 88.54705047607422, "rhythm.bpm_histogram_first_peak_bpm": 89.0, "rhythm.bpm_histogram_first_peak_weight": 0.04347825050354004, "rhythm.bpm_histogram_second_peak_bpm": 0.0, "rhythm.bpm_histogram_second_peak_spread": 0.0, "rhythm.bpm_histogram_second_peak_weight": 0.0, "rhythm.danceability": 1.6783137321472168, "rhythm.onset_rate": 5.16059684753418, "tonal.chords_changes_rate": 0.13247863948345184, "tonal.chords_number_rate": 0.017094017937779427, "tonal.chords_strength.mean": 0.5087525248527527, "tonal.chords_strength.stdev": 0.09583307802677155, "tonal.hpcp_crest.mean": 12.567859649658203, "tonal.hpcp_crest.stdev": 7.995643138885498, "tonal.hpcp_entropy.mean": 2.3760738372802734, "tonal.hpcp_entropy.stdev": 1.0590226650238037, "tonal.key_edma.strength": 0.5106318593025208, "tonal.key_krumhansl.strength": 0.5132314562797546, "tonal.key_temperley.strength": 0.5275288820266724, "tonal.tuning_diatonic_strength": 0.6430635452270508, "tonal.tuning_equal_tempered_deviation": 0.2679954469203949, "tonal.tuning_frequency": 435.44891357421875, "tonal.tuning_nontempered_energy_ratio": 0.8992561101913452, "lowlevel.barkbands.mean": [5.7409888540860265e-05, 0.009383091703057289, 0.0028200133237987757, 0.0006967876106500626, 0.0020976164378225803, 0.0006958706071600318, 0.001276071765460074, 0.0024263092782348394, 0.0013122748350724578, 0.0003793932555709034, 0.0002298274775967002, 0.00020243733888491988, 0.00010037983156507835, 8.41384389786981e-05, 7.028130494290963e-05, 6.277496868278831e-05, 7.471838762285188e-05, 6.108647357905284e-05, 7.725974137429148e-05, 0.00017374484741594642, 0.0002964246377814561, 0.00029290621750988066, 0.0001257458934560418, 0.00013386642967816442, 2.0702762412838638e-05, 2.4143715563695878e-05, 3.8769400134697207e-07], "lowlevel.barkbands.stdev": [0.00023489919840358198, 0.033869870007038116, 0.012426198460161686, 0.0030018219258636236, 0.0061232647858560085, 0.0022319306153804064, 0.00384418573230505, 0.00722043402493, 0.005414152517914772, 0.0015311157330870628, 0.0009439168497920036, 0.0008228517835959792, 0.0003664633259177208, 0.00029173248913139105, 0.0002130912762368098, 0.00018910944345407188, 0.00016627447621431202, 0.00017194206884596497, 0.00022489126422442496, 0.0004067794361617416, 0.0005878393421880901, 0.0006582320202142, 0.000335491553414613, 0.0004943856620229781, 5.721101479139179e-05, 5.492096533998847e-05, 2.7185858471057145e-06], "lowlevel.erbbands.mean": [0.22930851578712463, 2.256056308746338, 3.557542324066162, 2.9411771297454834, 3.6562998294830322, 7.847533226013184, 8.400129318237305, 5.046422004699707, 12.018610000610352, 40.55963134765625, 46.37746810913086, 29.48846435546875, 18.91259765625, 9.694896697998047, 10.432840347290039, 7.261809825897217, 4.687920570373535, 4.631104946136475, 4.034216403961182, 3.2692623138427734, 3.648512601852417, 4.2412543296813965, 3.4799091815948486, 3.4808614253997803, 4.727641582489014, 7.61449670791626, 13.4710054397583, 10.050020217895508, 11.393397331237793, 6.243029594421387, 3.241917371749878, 3.44492506980896, 1.6539833545684814, 0.2996961176395416, 0.11409121751785278, 0.09469764679670334, 0.048189856112003326, 0.005852331407368183, 0.0001240489218616858, 3.184277375112288e-05], "lowlevel.erbbands.stdev": [0.8939338326454163, 7.958483695983887, 13.857233047485352, 12.723175048828125, 12.239094734191895, 24.845361709594727, 26.095386505126953, 13.881787300109863, 32.390167236328125, 122.37665557861328, 150.09815979003906, 112.62538146972656, 80.58040618896484, 37.07695770263672, 40.98295593261719, 26.923219680786133, 16.367919921875, 16.538305282592773, 12.032513618469238, 8.873119354248047, 10.506240844726562, 9.091256141662598, 8.810586929321289, 9.942508697509766, 14.798236846923828, 17.805246353149414, 26.021114349365234, 21.084165573120117, 25.4052791595459, 15.116812705993652, 8.761590957641602, 12.657915115356445, 5.969595432281494, 0.8894481658935547, 0.29994192719459534, 0.22413265705108643, 0.11156027764081955, 0.017553357407450676, 0.00033347937278449535, 5.320434502209537e-05], "lowlevel.gfcc.mean": [-130.9295654296875, 45.007572174072266, -110.33548736572266, 53.15328598022461, -83.10858154296875, 1.0623761415481567, -32.69718933105469, -8.2225923538208, -24.04349708557129, 1.4713010787963867, -26.691865921020508, -0.27142783999443054, -16.44692611694336], "lowlevel.melbands.mean": [0.00245735514909029, 0.0022073243744671345, 0.0005238463054411113, 0.0004072585725225508, 0.00032632116926833987, 0.00012052858801325783, 0.0001982340618269518, 0.0004871443088632077, 0.00035166816087439656, 0.00017790970741771162, 8.900173270376399e-05, 3.6722216464113444e-05, 3.322574048070237e-05, 2.658629273355473e-05, 1.2816181879315991e-05, 9.382154530612752e-06, 8.384584361920133e-06, 6.498605671367841e-06, 4.9288746595266275e-06, 4.1610423977545e-06, 4.219780294079101e-06, 4.350620656623505e-06, 4.050249117426574e-06, 2.588889856269816e-06, 2.7916423732676776e-06, 2.9880784495617263e-06, 4.002912646683399e-06, 5.219605554884765e-06, 8.95740322448546e-06, 7.23570519767236e-06, 5.2259010772104375e-06, 6.666299668722786e-06, 5.31036630491144e-06, 2.8219692467246205e-06, 1.7744614524417557e-06, 1.7965039660339244e-06, 2.372587005083915e-06, 1.5260634427249897e-06, 3.77361772052609e-07, 1.718123030514107e-07], "lowlevel.melbands.stdev": [0.009171168319880962, 0.007506206631660461, 0.002084800275042653, 0.0012639410560950637, 0.0009392483625560999, 0.0003314663772471249, 0.0005393900210037827, 0.001417373539879918, 0.0011968419421464205, 0.0007138852379284799, 0.0003974728751927614, 0.0001472493022447452, 0.00013490612036548555, 0.00011106450256193057, 5.343763405107893e-05, 3.260579615016468e-05, 3.167327668052167e-05, 1.9947259715991095e-05, 1.4583653864974622e-05, 1.2262030395504553e-05, 1.2508453437476419e-05, 9.776943443284836e-06, 9.698000212665647e-06, 7.997478860488627e-06, 8.133596566040069e-06, 9.551514267513994e-06, 1.2357482773950323e-05, 1.2195300769235473e-05, 1.7421845768694766e-05, 1.5509889635723084e-05, 1.1437395187385846e-05, 1.535500996396877e-05, 1.218883517140057e-05, 7.33723618395743e-06, 4.869084477832075e-06, 5.760176009061979e-06, 9.219246749125887e-06, 5.695921572623774e-06, 1.159864496003138e-06, 5.380593393056188e-07], "lowlevel.melbands128.mean": [5.318315379554406e-05, 0.0012906402116641402, 0.0041143265552818775, 0.0035385102964937687, 0.0021175481379032135, 0.0012781411642208695, 0.0005981017020530999, 0.00030563585460186005, 0.0003601538192015141, 0.00039556773845106363, 0.0004535922489594668, 0.0004672167997341603, 0.0003091001999564469, 0.0001423274225089699, 8.020417590159923e-05, 0.00012222175428178161, 0.00017066518194042146, 0.00017616688273847103, 0.00025488948449492455, 0.0005120467394590378, 0.0005948772304691374, 0.0004747243947349489, 0.0003181551001034677, 0.00023653649259358644, 0.00018214574083685875, 0.00015591809642501175, 0.00015043398889247328, 8.509332110406831e-05, 3.577756797312759e-05, 3.653817475424148e-05, 4.2189742089249194e-05, 2.598953687993344e-05, 3.3261923817917705e-05, 3.698681393871084e-05, 3.397898763068952e-05, 2.3224742108141072e-05, 1.4643454960605595e-05, 1.3405188838078175e-05, 1.06568058981793e-05, 9.619037882657722e-06, 8.52843004395254e-06, 1.0181321158597711e-05, 8.903536581783555e-06, 7.456868843291886e-06, 6.35722517472459e-06, 6.574878625542624e-06, 6.526969627884682e-06, 4.7619369070162065e-06, 4.488226750254398e-06, 4.041189640702214e-06, 3.7901277210039552e-06, 4.829420049645705e-06, 3.997282419732073e-06, 4.282088866602862e-06, 4.068965608894359e-06, 4.405525942274835e-06, 4.376984179543797e-06, 4.7388384700752795e-06, 3.977086180384504e-06, 2.671659331099363e-06, 2.3044290173857007e-06, 2.6819095637620194e-06, 2.7637017865345115e-06, 2.908233000198379e-06, 2.6745178729470354e-06, 2.824986495397752e-06, 3.1028287139633903e-06, 3.960648427892011e-06, 4.371785962575814e-06, 3.941904651583172e-06, 3.932460003852611e-06, 6.219289389264304e-06, 9.083233635465149e-06, 1.0154677511309274e-05, 7.948852726258337e-06, 7.282538717845455e-06, 7.701306458329782e-06, 4.982805876352359e-06, 4.658009856939316e-06, 5.2296459216449875e-06, 6.708410182909574e-06, 7.3491041803208645e-06, 6.745195605617482e-06, 5.455715836433228e-06, 3.8401249184971675e-06, 2.8228439532540506e-06, 2.64316372522444e-06, 2.3513557607657276e-06, 1.4603456293116324e-06, 1.5914753248580382e-06, 1.8775722310238052e-06, 1.8587510339784785e-06, 1.6015676465030992e-06, 2.4871667392289964e-06, 2.857392018995597e-06, 2.285953769387561e-06, 1.2097675607947167e-06, 4.0576333049102686e-07, 3.6711068673866976e-07, 3.9170120658127416e-07, 2.2620075412760343e-07, 1.436392551568133e-07, 7.47551354152165e-08, 9.399104072826958e-08, 9.138706502653804e-08, 1.7447010236537608e-07, 1.7496297743946343e-07, 1.0801613825606182e-07, 1.2252642989096785e-07, 2.0713579829134687e-07, 2.8862811518592935e-07, 1.7060740731267288e-07, 1.405759917361138e-07, 1.2288461448406451e-07, 1.1070268612911605e-07, 6.884179981625493e-08, 1.7837498589301504e-08, 1.670703436706944e-10, 3.8438540544971644e-12, 3.4339905051472552e-12, 3.3610104716724765e-12, 3.201383168977001e-12, 3.109124286151954e-12, 3.0173990476362045e-12, 2.86066244477301e-12, 2.659053966597158e-12, 2.54953740411179e-12, 2.522929781756389e-12], "lowlevel.melbands128.stdev": [0.0002241792535642162, 0.005292549729347229, 0.01589730940759182, 0.012414569035172462, 0.007899140939116478, 0.005760768428444862, 0.0027589446399360895, 0.0012574497377499938, 0.001314466935582459, 0.0014520232798531651, 0.0015683657256886363, 0.0014017270877957344, 0.0010933084413409233, 0.0006656891782768071, 0.0003076277789659798, 0.0004473294538911432, 0.0005873320624232292, 0.0006437068223021924, 0.0010222934652119875, 0.0019967893604189157, 0.0020632364321500063, 0.0020824566017836332, 0.0014753446448594332, 0.0015655254246667027, 0.0008845932316035032, 0.0009618899202905595, 0.0008552001090720296, 0.0005056490190327168, 0.00016462487110402435, 0.0001706541224848479, 0.0002459253591950983, 0.00012134403368690982, 0.0001936011394718662, 0.00019000047177542, 0.00017945798754226416, 0.00013038734323345125, 6.940762250451371e-05, 7.56007430027239e-05, 5.993024387862533e-05, 4.866061863140203e-05, 3.732492768904194e-05, 4.527101191342808e-05, 4.920881110592745e-05, 3.3032571082003415e-05, 2.52850277320249e-05, 2.5463976271566935e-05, 2.7396456061978824e-05, 1.7605956600164063e-05, 1.5259478459483944e-05, 1.3970505278848577e-05, 1.2120457540731877e-05, 2.1428060790640302e-05, 1.3289668459037784e-05, 1.5226934920065105e-05, 1.1729978723451495e-05, 1.1333551810821518e-05, 1.0437884156999644e-05, 1.3484373994288035e-05, 1.1485760296636727e-05, 8.344536581716966e-06, 8.046647053561173e-06, 1.0893847502302378e-05, 9.196725841320585e-06, 8.414773219556082e-06, 8.592951417085715e-06, 1.0231936357740778e-05, 1.0966450645355508e-05, 1.4927749361959286e-05, 1.394571427226765e-05, 1.2543026059574913e-05, 1.1110361811006442e-05, 1.4785136954742484e-05, 2.0493742340477183e-05, 2.1652227587765083e-05, 1.7054093405022286e-05, 1.680567947914824e-05, 1.9733686713152565e-05, 1.1220319720450789e-05, 1.1509136129461695e-05, 1.2849563972849865e-05, 1.7546326489537023e-05, 1.767742469382938e-05, 1.5755898857605644e-05, 1.3426960322249215e-05, 1.022088690660894e-05, 7.749241376586724e-06, 7.465768248948734e-06, 7.176561666710768e-06, 4.244441242917674e-06, 4.734108642878709e-06, 6.178973762871465e-06, 6.154426955617964e-06, 7.076286692608846e-06, 1.0823418961081188e-05, 1.0776341696328018e-05, 8.762962352193426e-06, 5.145256636751583e-06, 1.4598068673876696e-06, 1.1714911352100899e-06, 1.3090059383102925e-06, 7.983635441632941e-07, 5.306652042236237e-07, 3.343026548918715e-07, 3.6482109067037527e-07, 2.77828803518787e-07, 5.143077146385622e-07, 5.272407292977732e-07, 3.2276042816192785e-07, 3.536344479471154e-07, 5.240619316282391e-07, 6.9253155743354e-07, 4.26795736530039e-07, 3.7183920653660607e-07, 3.5158538480573043e-07, 3.396219767637376e-07, 2.6131442609766964e-07, 9.278797818979001e-08, 1.7271718499856092e-09, 1.9619228117107035e-11, 1.4970349612730693e-11, 1.4297186698430941e-11, 1.3149228234032861e-11, 1.2442921693001097e-11, 1.128673023098603e-11, 9.068924430866154e-12, 7.07293858898117e-12, 6.682450166134446e-12, 6.642134758871876e-12], "lowlevel.mfcc.mean": [-770.789794921875, 68.68914031982422, 16.31488037109375, 41.08692169189453, -22.490856170654297, 14.192057609558105, -14.529966354370117, -2.110703468322754, -3.060879707336426, -3.338181257247925, -10.048087120056152, 4.542527675628662, -9.980621337890625], "lowlevel.spectral_contrast_coeffs.mean": [-0.6660752892494202, -0.7719221115112305, -0.8209264278411865, -0.841121256351471, -0.8072218894958496, -0.6766525506973267], "lowlevel.spectral_contrast_coeffs.stdev": [0.11543623358011246, 0.12586528062820435, 0.08527319878339767, 0.05284348502755165, 0.04373162239789963, 0.059203021228313446], "lowlevel.spectral_contrast_valleys.mean": [-8.636207580566406, -8.238604545593262, -8.94127082824707, -9.068885803222656, -8.417875289916992, -11.478957176208496], "lowlevel.spectral_contrast_valleys.stdev": [1.4532793760299683, 1.5698477029800415, 1.4503806829452515, 1.252592921257019, 1.220101237297058, 1.4709807634353638], "rhythm.beats_loudness_band_ratio.mean": [0.3604717552661896, 0.14483371376991272, 0.2202054113149643, 0.06874153017997742, 0.04562424123287201, 0.19091327488422394], "rhythm.beats_loudness_band_ratio.stdev": [0.35613277554512024, 0.14114272594451904, 0.22445622086524963, 0.07364451140165329, 0.03689393773674965, 0.14879687130451202], "tonal.hpcp.mean": [0.16564823687076569, 0.13841044902801514, 0.12352468818426132, 0.10984333604574203, 0.11306454986333847, 0.11205007880926132, 0.12997744977474213, 0.16628536581993103, 0.19349154829978943, 0.2109687775373459, 0.19857807457447052, 0.18148371577262878, 0.16646167635917664, 0.14665037393569946, 0.12672805786132812, 0.10291489958763123, 0.09882669895887375, 0.09481510519981384, 0.07884854823350906, 0.07648467272520065, 0.08527293056249619, 0.09025710821151733, 0.09212898463010788, 0.10954073816537857, 0.1238510012626648, 0.12088195234537125, 0.11277413368225098, 0.1146298497915268, 0.12919044494628906, 0.1458999216556549, 0.1854592114686966, 0.19063659012317657, 0.1488688439130783, 0.13392022252082825, 0.1604493111371994, 0.18747137486934662], "tonal.hpcp.stdev": [0.2682539224624634, 0.24956564605236053, 0.2431158423423767, 0.20981453359127045, 0.22051146626472473, 0.2192954570055008, 0.23958010971546173, 0.2777678966522217, 0.2953609228134155, 0.3165229260921478, 0.2882624566555023, 0.29041606187820435, 0.2693636417388916, 0.25293880701065063, 0.22493773698806763, 0.1949460208415985, 0.19996124505996704, 0.1954168677330017, 0.16884689033031464, 0.15068848431110382, 0.16045624017715454, 0.17500941455364227, 0.1663927286863327, 0.1956995576620102, 0.22449806332588196, 0.20987848937511444, 0.20420807600021362, 0.20015694200992584, 0.21634918451309204, 0.24084991216659546, 0.28528356552124023, 0.2911559045314789, 0.2425292581319809, 0.22596512734889984, 0.2655804455280304, 0.2913023829460144], "rhythm.beats_position": [0.6965986490249634, 1.381587266921997, 2.0665760040283203, 2.739954710006714, 3.4133331775665283, 4.098321914672852, 4.783310413360596, 5.456689357757568, 6.130067825317383, 6.8034467697143555, 7.47682523727417, 8.161813735961914, 8.846802711486816, 9.520181655883789, 10.193559646606445, 10.878548622131348, 11.56353759765625, 12.225305557250977, 12.910294532775879, 13.583673477172852, 14.257051467895508, 14.93043041229248, 15.603809356689453, 16.30040740966797, 16.973787307739258, 17.647165298461914, 18.32054328918457, 19.00553321838379, 19.690521240234375, 20.36389923095703, 21.03727912902832, 21.710657119750977, 22.384035110473633, 23.06902503967285, 23.754013061523438, 24.427391052246094, 25.100770950317383, 25.77414894104004, 26.447526931762695, 27.132516860961914, 27.8175048828125, 28.49088478088379, 29.164262771606445, 29.8376407623291, 30.51102066040039, 31.184398651123047, 31.869386672973633], "rhythm.bpm_histogram": [0.0, 0.0, 0.0, 0.0, 0.0, 0.0, 0.0, 0.0, 0.0, 0.0, 0.0, 0.0, 0.0, 0.0, 0.0, 0.0, 0.0, 0.0, 0.0, 0.0, 0.0, 0.0, 0.0, 0.0, 0.0, 0.0, 0.0, 0.0, 0.0, 0.0, 0.0, 0.0, 0.0, 0.0, 0.0, 0.0, 0.0, 0.0, 0.0, 0.0, 0.0, 0.0, 0.0, 0.0, 0.0, 0.0, 0.0, 0.0, 0.0, 0.0, 0.0, 0.0, 0.0, 0.0, 0.0, 0.0, 0.0, 0.0, 0.0, 0.0, 0.0, 0.0, 0.0, 0.0, 0.0, 0.0, 0.0, 0.0, 0.0, 0.0, 0.0, 0.0, 0.0, 0.0, 0.0, 0.0, 0.0, 0.0, 0.0, 0.0, 0.0, 0.0, 0.0, 0.0, 0.0, 0.0, 0.021739130839705467, 0.0, 0.3478260934352875, 0.6086956262588501, 0.0, 0.021739130839705467, 0.0, 0.0, 0.0, 0.0, 0.0, 0.0, 0.0, 0.0, 0.0, 0.0, 0.0, 0.0, 0.0, 0.0, 0.0, 0.0, 0.0, 0.0, 0.0, 0.0, 0.0, 0.0, 0.0, 0.0, 0.0, 0.0, 0.0, 0.0, 0.0, 0.0, 0.0, 0.0, 0.0, 0.0, 0.0, 0.0, 0.0, 0.0, 0.0, 0.0, 0.0, 0.0, 0.0, 0.0, 0.0, 0.0, 0.0, 0.0, 0.0, 0.0, 0.0, 0.0, 0.0, 0.0, 0.0, 0.0, 0.0, 0.0, 0.0, 0.0, 0.0, 0.0, 0.0, 0.0, 0.0, 0.0, 0.0, 0.0, 0.0, 0.0, 0.0, 0.0, 0.0, 0.0, 0.0, 0.0, 0.0, 0.0, 0.0, 0.0, 0.0, 0.0, 0.0, 0.0, 0.0, 0.0, 0.0, 0.0, 0.0, 0.0, 0.0, 0.0, 0.0, 0.0, 0.0, 0.0, 0.0, 0.0, 0.0, 0.0, 0.0, 0.0, 0.0, 0.0, 0.0, 0.0, 0.0, 0.0, 0.0, 0.0, 0.0, 0.0, 0.0, 0.0, 0.0, 0.0, 0.0, 0.0, 0.0, 0.0, 0.0, 0.0, 0.0, 0.0, 0.0, 0.0, 0.0, 0.0, 0.0, 0.0, 0.0, 0.0, 0.0, 0.0, 0.0, 0.0, 0.0, 0.0, 0.0, 0.0, 0.0, 0.0, 0.0, 0.0, 0.0, 0.0, 0.0, 0.0, 0.0, 0.0, 0.0, 0.0, 0.0, 0.0, 0.0, 0.0, 0.0, 0.0], "tonal.chords_histogram": [23.36182403564453, 4.41595458984375, 0.8547008633613586, 1.2820513248443604, 0.0, 6.9800567626953125, 0.8547008633613586, 0.14245013892650604, 4.98575496673584, 0.0, 0.2849002778530121, 0.0, 0.7122507095336914, 1.1396011114120483, 6.552706718444824, 23.076923370361328, 7.5498576164245605, 9.259259223937988, 0.0, 0.0, 0.0, 0.0, 7.122507095336914, 1.4245014190673828], "tonal.thpcp": [1.0, 0.9412676095962524, 0.8602396845817566, 0.7890346646308899, 0.695128321647644, 0.600695788860321, 0.4878205358982086, 0.46844229102134705, 0.44942718744277954, 0.3737451136112213, 0.36254024505615234, 0.40419691801071167, 0.4278221130371094, 0.4366948902606964, 0.5192272663116455, 0.587058424949646, 0.572985053062439, 0.5345536470413208, 0.5433498024940491, 0.6123676300048828, 0.6915711760520935, 0.8790836930274963, 0.9036246538162231, 0.7056439518928528, 0.6347869038581848, 0.7605358362197876, 0.88862144947052, 0.7851788997650146, 0.6560707688331604, 0.5855116844177246, 0.5206615924835205, 0.5359302759170532, 0.5311216115951538, 0.6160980463027954, 0.7881989479064941, 0.9171572923660278], "lowlevel.gfcc.cov": [[17542.181640625, 1088.128662109375, -162.36514282226562, -2024.907470703125, -578.0479736328125, -764.419921875, -239.4982147216797, 349.5216064453125, 96.79237365722656, 108.05097961425781, -140.3370819091797, 60.1109733581543, -76.62957763671875], [1088.128662109375, 3815.16943359375, 79.74658203125, -661.9039916992188, 58.91655349731445, -526.1005859375, 371.4447326660156, -107.28961944580078, 551.3357543945312, -116.84033966064453, 187.4877471923828, -97.45720672607422, 185.59715270996094], [-162.36514282226562, 79.74658203125, 1493.769287109375, 885.3113403320312, 642.1072387695312, 464.0641174316406, 257.02532958984375, 153.05442810058594, 105.76763916015625, 113.93778991699219, 85.05559539794922, 47.8623046875, 4.2758402824401855], [-2024.907470703125, -661.9039916992188, 885.3113403320312, 1650.69384765625, 741.9405517578125, 500.03472900390625, 149.86630249023438, 57.385353088378906, -21.442142486572266, 31.00273895263672, 76.5111083984375, -43.11261749267578, 60.73897171020508], [-578.0479736328125, 58.91655349731445, 642.1072387695312, 741.9405517578125, 737.9443359375, 337.88543701171875, 223.5875244140625, 113.52713012695312, 66.53438568115234, 61.254425048828125, 38.12952423095703, -13.582877159118652, 8.394841194152832], [-764.419921875, -526.1005859375, 464.0641174316406, 500.03472900390625, 337.88543701171875, 592.9124755859375, 220.4283447265625, 122.70750427246094, -63.07947540283203, 55.30984878540039, 16.821901321411133, -0.9488455653190613, -26.089845657348633], [-239.4982147216797, 371.4447326660156, 257.02532958984375, 149.86630249023438, 223.5875244140625, 220.4283447265625, 436.9715270996094, 130.45350646972656, 128.4414825439453, 24.119430541992188, 83.38829803466797, 1.4699703454971313, 4.879171371459961], [349.5216064453125, -107.28961944580078, 153.05442810058594, 57.385353088378906, 113.52713012695312, 122.70750427246094, 130.45350646972656, 199.8852081298828, 54.51286697387695, 69.95892333984375, -1.5743917226791382, -3.0114474296569824, -21.057098388671875], [96.79237365722656, 551.3357543945312, 105.76763916015625, -21.442142486572266, 66.53438568115234, -63.07947540283203, 128.4414825439453, 54.51286697387695, 306.6277160644531, 65.91056823730469, 45.79773712158203, -38.50330352783203, 24.001298904418945], [108.05097961425781, -116.84033966064453, 113.93778991699219, 31.00273895263672, 61.254425048828125, 55.30984878540039, 24.119430541992188, 69.95892333984375, 65.91056823730469, 137.76597595214844, 4.288734436035156, 1.1690483093261719, -29.58416748046875], [-140.3370819091797, 187.4877471923828, 85.05559539794922, 76.5111083984375, 38.12952423095703, 16.821901321411133, 83.38829803466797, -1.5743917226791382, 45.79773712158203, 4.288734436035156, 100.03678131103516, 17.944223403930664, 21.35965919494629], [60.1109733581543, -97.45720672607422, 47.8623046875, -43.11261749267578, -13.582877159118652, -0.9488455653190613, 1.4699703454971313, -3.0114474296569824, -38.50330352783203, 1.1690483093261719, 17.944223403930664, 96.91310119628906, 6.669767379760742], [-76.62957763671875, 185.59715270996094, 4.2758402824401855, 60.73897171020508, 8.394841194152832, -26.089845657348633, 4.879171371459961, -21.057098388671875, 24.001298904418945, -29.58416748046875, 21.35965919494629, 6.669767379760742, 91.51038360595703]], "lowlevel.gfcc.icov": [[7.918810297269374e-05, 8.779742302067461e-07, -8.14275917946361e-05, 0.0001351100072497502, -3.815810850937851e-05, 0.00010212467168457806, 6.091016621212475e-05, -0.00022195120982360095, 6.86376733938232e-05, 7.4767340265680104e-06, -1.3541705811803695e-05, 7.379084854619578e-05, -6.0848651628475636e-05], [8.779742302067461e-07, 0.0008470930042676628, -0.00040109772817231715, 0.0007487072143703699, -0.000628917186986655, 0.0007398248999379575, -0.0006882857414893806, 0.0007196365622803569, -0.0006448756321333349, 0.0006751645705662668, -0.0008208957733586431, 0.0013074041344225407, -0.0012408661423251033], [-8.14275917946361e-05, -0.00040109772817231715, 0.0016663294518366456, -0.0008830436854623258, -0.00021378541714511812, -0.0009414696833118796, 0.0004067624977324158, -0.0003118189633823931, -0.00036709473351947963, -0.0005027040606364608, 0.00010950642172247171, -0.0018493953393772244, 0.0009543065098114312], [0.0001351100072497502, 0.0007487072143703699, -0.0008830436854623258, 0.002451363718137145, -0.0017431621672585607, 0.00021624195505864918, 6.466609193012118e-05, 0.0005052976775914431, -2.102016514982097e-05, 0.0007003832724876702, -0.0017424174584448338, 0.002425129059702158, -0.002194887725636363], [-3.815810850937851e-05, -0.000628917186986655, -0.00021378541714511812, -0.0017431621672585607, 0.0038424627855420113, -0.0007698830449953675, -0.0004429074178915471, -0.0006740288808941841, 0.00010758695134427398, -0.0007614338537678123, 0.0015984037891030312, -0.0010842756601050496, 0.0011386687401682138], [0.00010212467168457806, 0.0007398248999379575, -0.0009414696833118796, 0.00021624195505864918, -0.0007698830449953675, 0.0045836856588721275, -0.0023765568621456623, -0.00020616265828721225, 0.0015483651077374816, -0.0006334505742415786, 4.798179361387156e-05, 0.0018785407301038504, -0.0008167861960828304], [6.091016621212475e-05, -0.0006882857414893806, 0.0004067624977324158, 6.466609193012118e-05, -0.0004429074178915471, -0.0023765568621456623, 0.0058338516391813755, -0.003020631615072489, -0.0014627422206103802, 0.001795961637981236, -0.00284090219065547, -0.00134753598831594, 0.0014675561105832458], [-0.00022195120982360095, 0.0007196365622803569, -0.0003118189633823931, 0.0005052976775914431, -0.0006740288808941841, -0.00020616265828721225, -0.003020631615072489, 0.009518628008663654, -0.0008867562864907086, -0.0027898522093892097, 0.001700288732536137, 0.0009029534412547946, -0.0007438308093696833], [6.86376733938232e-05, -0.0006448756321333349, -0.00036709473351947963, -2.102016514982097e-05, 0.00010758695134427398, 0.0015483651077374816, -0.0014627422206103802, -0.0008867562864907086, 0.00694631552323699, -0.003884129226207733, -0.0006278407527133822, 0.0025258553214371204, -0.0014131150674074888], [7.4767340265680104e-06, 0.0006751645705662668, -0.0005027040606364608, 0.0007003832724876702, -0.0007614338537678123, -0.0006334505742415786, 0.001795961637981236, -0.0027898522093892097, -0.003884129226207733, 0.012295414693653584, -0.001753127435222268, -0.0005515849334187806, 0.00279016001150012], [-1.3541705811803695e-05, -0.0008208957733586431, 0.00010950642172247171, -0.0017424174584448338, 0.0015984037891030312, 4.798179361387156e-05, -0.00284090219065547, 0.001700288732536137, -0.0006278407527133822, -0.001753127435222268, 0.015810886397957802, -0.004443574231117964, -0.0005539574194699526], [7.379084854619578e-05, 0.0013074041344225407, -0.0018493953393772244, 0.002425129059702158, -0.0010842756601050496, 0.0018785407301038504, -0.00134753598831594, 0.0009029534412547946, 0.0025258553214371204, -0.0005515849334187806, -0.004443574231117964, 0.015612468123435974, -0.004139931872487068], [-6.0848651628475636e-05, -0.0012408661423251033, 0.0009543065098114312, -0.002194887725636363, 0.0011386687401682138, -0.0008167861960828304, 0.0014675561105832458, -0.0007438308093696833, -0.0014131150674074888, 0.00279016001150012, -0.0005539574194699526, -0.004139931872487068, 0.01592263951897621]], "lowlevel.mfcc.cov": [[15900.67578125, 1813.9647216796875, -643.2327270507812, -1078.330078125, -814.53271484375, -1058.9696044921875, -623.149169921875, -258.92919921875, -89.77226257324219, 0.3268553614616394, -184.43943786621094, 110.81097412109375, -207.69876098632812], [1813.9647216796875, 3904.3310546875, -217.83761596679688, -234.44088745117188, -562.9324340820312, -306.7948913574219, -438.2359619140625, 30.82231903076172, 87.3957290649414, 45.55441665649414, 52.56730270385742, 174.41871643066406, 81.49215698242188], [-643.2327270507812, -217.83761596679688, 1027.0380859375, 450.37799072265625, 466.80279541015625, 373.625732421875, 300.3612365722656, 170.46136474609375, 137.42677307128906, 104.1192398071289, 97.4321517944336, 76.7844009399414, 86.5392074584961], [-1078.330078125, -234.44088745117188, 450.37799072265625, 964.7968139648438, 576.93994140625, 352.3177185058594, 255.47369384765625, 135.83363342285156, 127.6635513305664, 110.30040740966797, 43.60383224487305, 58.49969482421875, 62.70854568481445], [-814.53271484375, -562.9324340820312, 466.80279541015625, 576.93994140625, 734.8333129882812, 382.3611755371094, 294.26593017578125, 98.72799682617188, 127.05565643310547, 108.46437072753906, 56.04700469970703, -6.189493656158447, 49.24687576293945], [-1058.9696044921875, -306.7948913574219, 373.625732421875, 352.3177185058594, 382.3611755371094, 463.6867980957031, 317.0063171386719, 170.32705688476562, 113.69332122802734, 106.60456848144531, 71.69872283935547, 49.03546905517578, 42.112159729003906], [-623.149169921875, -438.2359619140625, 300.3612365722656, 255.47369384765625, 294.26593017578125, 317.0063171386719, 492.121826171875, 215.22677612304688, 111.35862731933594, 76.31725311279297, 81.8030014038086, 26.31110191345215, 50.801517486572266], [-258.92919921875, 30.82231903076172, 170.46136474609375, 135.83363342285156, 98.72799682617188, 170.32705688476562, 215.22677612304688, 232.4418487548828, 98.83670806884766, 65.88977813720703, 55.10707473754883, 56.132972717285156, 44.187503814697266], [-89.77226257324219, 87.3957290649414, 137.42677307128906, 127.6635513305664, 127.05565643310547, 113.69332122802734, 111.35862731933594, 98.83670806884766, 211.19271850585938, 124.45735168457031, 86.93607330322266, 64.67759704589844, 38.77933120727539], [0.3268553614616394, 45.55441665649414, 104.1192398071289, 110.30040740966797, 108.46437072753906, 106.60456848144531, 76.31725311279297, 65.88977813720703, 124.45735168457031, 173.7459259033203, 91.30833435058594, 68.69669342041016, 26.95604705810547], [-184.43943786621094, 52.56730270385742, 97.4321517944336, 43.60383224487305, 56.04700469970703, 71.69872283935547, 81.8030014038086, 55.10707473754883, 86.93607330322266, 91.30833435058594, 138.378662109375, 62.74512481689453, 43.827720642089844], [110.81097412109375, 174.41871643066406, 76.7844009399414, 58.49969482421875, -6.189493656158447, 49.03546905517578, 26.31110191345215, 56.132972717285156, 64.67759704589844, 68.69669342041016, 62.74512481689453, 135.6937713623047, 46.720733642578125], [-207.69876098632812, 81.49215698242188, 86.5392074584961, 62.70854568481445, 49.24687576293945, 42.112159729003906, 50.801517486572266, 44.187503814697266, 38.77933120727539, 26.95604705810547, 43.827720642089844, 46.720733642578125, 104.6978759765625]], "lowlevel.mfcc.icov": [[8.962721767602488e-05, -3.60861886292696e-05, -2.701755875023082e-05, 9.826765017351136e-05, -0.00011482251284178346, 0.0002978190896101296, -9.617611794965342e-05, -6.3536904235661495e-06, 1.949533907463774e-05, -0.0001668484474066645, 0.0002143484161933884, -0.00024040858261287212, 0.00020621978910639882], [-3.60861886292696e-05, 0.00037460477324202657, -1.4163035302772187e-05, -0.00012655544560402632, 0.00032435767934657633, -0.00010813352855620906, 0.00048299095942638814, -0.0003249534056521952, -0.00023644024622626603, 8.345716923940927e-05, -0.00015583775530103594, -3.733267658390105e-05, -0.0003339586255606264], [-2.701755875023082e-05, -1.4163035302772187e-05, 0.0016254084184765816, -0.00014468819426838309, -0.0005922382697463036, -0.0006225479301065207, -3.238905264879577e-05, -0.00023126514861360192, -6.391142960637808e-05, 0.00045237570884637535, -0.0004105124971829355, -0.00038626190507784486, -0.00040570160490460694], [9.826765017351136e-05, -0.00012655544560402632, -0.00014468819426838309, 0.0022934109438210726, -0.0017669886583462358, 0.00015526360948570073, -8.894249185686931e-05, -0.00031201247475109994, 7.940971408970654e-05, -0.0003097151929978281, 0.0010333792306482792, -0.0012243296951055527, 0.0001470316929044202], [-0.00011482251284178346, 0.00032435767934657633, -0.0005922382697463036, -0.0017669886583462358, 0.004658586345613003, -0.002161100972443819, -0.00022517643810715526, 0.0013791518285870552, -0.0010077485349029303, -0.0005898280651308596, -0.00022619134688284248, 0.002553135622292757, -0.0012467284686863422], [0.0002978190896101296, -0.00010813352855620906, -0.0006225479301065207, 0.00015526360948570073, -0.002161100972443819, 0.007064839359372854, -0.002172329230234027, -0.0014085513539612293, 0.0006754973437637091, -0.0016491111600771546, 0.0009267302812077105, -0.0019204651471227407, 0.001563395606353879], [-9.617611794965342e-05, 0.00048299095942638814, -3.238905264879577e-05, -8.894249185686931e-05, -0.00022517643810715526, -0.002172329230234027, 0.005771711468696594, -0.0036648723762482405, -0.000337082426995039, 0.0010639351094141603, -0.0019035667646676302, 0.0014500009128823876, -0.0007600770331919193], [-6.3536904235661495e-06, -0.0003249534056521952, -0.00023126514861360192, -0.00031201247475109994, 0.0013791518285870552, -0.0014085513539612293, -0.0036648723762482405, 0.009621774777770042, -0.002004151465371251, -0.00012195106683066115, 0.0010296013206243515, -0.0011641406454145908, -0.0008841693052090704], [1.949533907463774e-05, -0.00023644024622626603, -6.391142960637808e-05, 7.940971408970654e-05, -0.0010077485349029303, 0.0006754973437637091, -0.000337082426995039, -0.002004151465371251, 0.00987696647644043, -0.004847958218306303, -0.0015060188015922904, -0.0006447716732509434, -5.232074545347132e-05], [-0.0001668484474066645, 8.345716923940927e-05, 0.00045237570884637535, -0.0003097151929978281, -0.0005898280651308596, -0.0016491111600771546, 0.0010639351094141603, -0.00012195106683066115, -0.004847958218306303, 0.01353965513408184, -0.0052681416273117065, -0.002278196159750223, 0.0014232081593945622], [0.0002143484161933884, -0.00015583775530103594, -0.0004105124971829355, 0.0010333792306482792, -0.00022619134688284248, 0.0009267302812077105, -0.0019035667646676302, 0.0010296013206243515, -0.0015060188015922904, -0.0052681416273117065, 0.014395119622349739, -0.003088858909904957, -0.0022437560837715864], [-0.00024040858261287212, -3.733267658390105e-05, -0.00038626190507784486, -0.0012243296951055527, 0.002553135622292757, -0.0019204651471227407, 0.0014500009128823876, -0.0011641406454145908, -0.0006447716732509434, -0.002278196159750223, -0.003088858909904957, 0.013638632372021675, -0.004003735259175301], [0.00020621978910639882, -0.0003339586255606264, -0.00040570160490460694, 0.0001470316929044202, -0.0012467284686863422, 0.001563395606353879, -0.0007600770331