{"song_id": "1183708830299856977", "download": "https://cdn.discordapp.com/attachments/1135903449314238464/1183708830299856977/chirp.mp4?ex=658951c1&amp", "lyrics": "\u0430 \u044f \u0442\u0435\u0431\u044f \u0442\u0430\u043f\u043e\u0440\u0438\u043a\u043e\u043c\n\u0431\u0430\u043c \u0431\u0430\u043c \u0431\u0430\u043c\n\u0430 \u044f \u0442\u0435\u0431\u044f \u0442\u0430\u043f\u043e\u0440\u0438\u043a\u043e\u043c\n\u043f\u043e \u043a\u0443\u0441\u043a\u0430\u043c\n\u0430 \u044f \u0442\u0435\u0431\u044f \u0442\u0430\u043f\u043e\u0440\u0438\u043a\u043e\u043c\n\u0442\u044b\u0449 \u0442\u044b\u0449 \u0442\u044b\u0449\n\u043e\u0442 \u0442\u0435\u0431\u044f \u043e\u0441\u0442\u0430\u043d\u0435\u0442\u0441\u044f\n\u0442\u043e\u043b\u044c\u043a\u043e \u043f\u0440\u044b\u0449", "style": ["Hip hop</span><span>, rap"], "essentia_features": {"lowlevel.average_loudness": 0.9622523188591003, "lowlevel.barkbands_crest.mean": 10.108908653259277, "lowlevel.barkbands_crest.stdev": 3.7632241249084473, "lowlevel.barkbands_flatness_db.mean": 0.16861875355243683, "lowlevel.barkbands_flatness_db.stdev": 0.040727656334638596, "lowlevel.barkbands_kurtosis.mean": 3.0787906646728516, "lowlevel.barkbands_kurtosis.stdev": 8.05154037475586, "lowlevel.barkbands_skewness.mean": 1.016562581062317, "lowlevel.barkbands_skewness.stdev": 1.4406006336212158, "lowlevel.barkbands_spread.mean": 24.05095100402832, "lowlevel.barkbands_spread.stdev": 14.033184051513672, "lowlevel.dissonance.mean": 0.4703005254268646, "lowlevel.dissonance.stdev": 0.026129774749279022, "lowlevel.dynamic_complexity": 2.775263786315918, "lowlevel.erbbands_crest.mean": 11.762935638427734, "lowlevel.erbbands_crest.stdev": 5.6444993019104, "lowlevel.erbbands_flatness_db.mean": 0.19217640161514282, "lowlevel.erbbands_flatness_db.stdev": 0.056536830961704254, "lowlevel.erbbands_kurtosis.mean": 1.9746884107589722, "lowlevel.erbbands_kurtosis.stdev": 4.049992561340332, "lowlevel.erbbands_skewness.mean": 0.06463957577943802, "lowlevel.erbbands_skewness.stdev": 0.9559410214424133, "lowlevel.erbbands_spread.mean": 34.58173370361328, "lowlevel.erbbands_spread.stdev": 21.98526382446289, "lowlevel.hfc.mean": 21.38969612121582, "lowlevel.hfc.stdev": 18.345224380493164, "lowlevel.loudness_ebu128.integrated": -18.261611938476562, "lowlevel.loudness_ebu128.loudness_range": 1.9439239501953125, "lowlevel.loudness_ebu128.momentary.mean": -18.56671714782715, "lowlevel.loudness_ebu128.momentary.stdev": 1.720077633857727, "lowlevel.loudness_ebu128.short_term.mean": -18.259305953979492, "lowlevel.loudness_ebu128.short_term.stdev": 0.7111983299255371, "lowlevel.melbands_crest.mean": 14.6790771484375, "lowlevel.melbands_crest.stdev": 5.987999439239502, "lowlevel.melbands_flatness_db.mean": 0.19335177540779114, "lowlevel.melbands_flatness_db.stdev": 0.05316769331693649, "lowlevel.melbands_kurtosis.mean": 11.437347412109375, "lowlevel.melbands_kurtosis.stdev": 25.98671531677246, "lowlevel.melbands_skewness.mean": 2.095954179763794, "lowlevel.melbands_skewness.stdev": 2.1238324642181396, "lowlevel.melbands_spread.mean": 28.979633331298828, "lowlevel.melbands_spread.stdev": 16.596738815307617, "lowlevel.pitch_salience.mean": 0.5347542762756348, "lowlevel.pitch_salience.stdev": 0.11759098619222641, "lowlevel.silence_rate_20dB.mean": 1.0, "lowlevel.silence_rate_20dB.stdev": 0.0, "lowlevel.silence_rate_30dB.mean": 0.9974522590637207, "lowlevel.silence_rate_30dB.stdev": 0.05041096732020378, "lowlevel.silence_rate_60dB.mean": 0.042038217186927795, "lowlevel.silence_rate_60dB.stdev": 0.2006770223379135, "lowlevel.spectral_centroid.mean": 1554.754638671875, "lowlevel.spectral_centroid.stdev": 625.4193725585938, "lowlevel.spectral_complexity.mean": 16.83949089050293, "lowlevel.spectral_complexity.stdev": 8.33745288848877, "lowlevel.spectral_decrease.mean": -6.236677840831817e-09, "lowlevel.spectral_decrease.stdev": 6.3778875514231e-09, "lowlevel.spectral_energy.mean": 0.025478776544332504, "lowlevel.spectral_energy.stdev": 0.025127006694674492, "lowlevel.spectral_energyband_high.mean": 0.0010814470006152987, "lowlevel.spectral_energyband_high.stdev": 0.0014408737188205123, "lowlevel.spectral_energyband_low.mean": 0.009715461172163486, "lowlevel.spectral_energyband_low.stdev": 0.020129991695284843, "lowlevel.spectral_energyband_middle_high.mean": 0.008622587658464909, "lowlevel.spectral_energyband_middle_high.stdev": 0.01059090718626976, "lowlevel.spectral_energyband_middle_low.mean": 0.007548629306256771, "lowlevel.spectral_energyband_middle_low.stdev": 0.00918786134570837, "lowlevel.spectral_entropy.mean": 7.590474605560303, "lowlevel.spectral_entropy.stdev": 0.364620178937912, "lowlevel.spectral_flux.mean": 0.10183888673782349, "lowlevel.spectral_flux.stdev": 0.07300116866827011, "lowlevel.spectral_kurtosis.mean": 3.9615721702575684, "lowlevel.spectral_kurtosis.stdev": 3.743762254714966, "lowlevel.spectral_rms.mean": 0.004494731314480305, "lowlevel.spectral_rms.stdev": 0.002157485345378518, "lowlevel.spectral_rolloff.mean": 1679.398681640625, "lowlevel.spectral_rolloff.stdev": 1482.167236328125, "lowlevel.spectral_skewness.mean": 1.3900744915008545, "lowlevel.spectral_skewness.stdev": 0.5239970684051514, "lowlevel.spectral_spread.mean": 4449422.0, "lowlevel.spectral_spread.stdev": 1651314.75, "lowlevel.spectral_strongpeak.mean": 1.6271021366119385, "lowlevel.spectral_strongpeak.stdev": 1.9907362461090088, "lowlevel.zerocrossingrate.mean": 0.06464097648859024, "lowlevel.zerocrossingrate.stdev": 0.03322555869817734, "metadata.audio_properties.analysis.equal_loudness": 0.0, "metadata.audio_properties.analysis.length": 18.197324752807617, "metadata.audio_properties.analysis.sample_rate": 44100.0, "metadata.audio_properties.analysis.start_time": 0.0, "metadata.audio_properties.bit_rate": 103474.0, "metadata.audio_properties.length": 18.19733238220215, "metadata.audio_properties.lossless": 0.0, "metadata.audio_properties.number_channels": 1.0, "metadata.audio_properties.replay_gain": -9.015291213989258, "metadata.audio_properties.sample_rate": 48000.0, "rhythm.beats_count": 38.0, "rhythm.beats_loudness.mean": 0.02999180182814598, "rhythm.beats_loudness.stdev": 0.01348030287772417, "rhythm.bpm": 128.45779418945312, "rhythm.bpm_histogram_first_peak_bpm": 129.0, "rhythm.bpm_histogram_first_peak_weight": 0.23529410362243652, "rhythm.bpm_histogram_second_peak_bpm": 115.0, "rhythm.bpm_histogram_second_peak_spread": 0.0, "rhythm.bpm_histogram_second_peak_weight": 0.027027027681469917, "rhythm.danceability": 1.4879841804504395, "rhythm.onset_rate": 4.885799884796143, "tonal.chords_changes_rate": 0.06361322849988937, "tonal.chords_number_rate": 0.015267175622284412, "tonal.chords_strength.mean": 0.5916104316711426, "tonal.chords_strength.stdev": 0.05970218405127525, "tonal.hpcp_crest.mean": 12.662515640258789, "tonal.hpcp_crest.stdev": 6.373236179351807, "tonal.hpcp_entropy.mean": 2.1737165451049805, "tonal.hpcp_entropy.stdev": 0.7682446837425232, "tonal.key_edma.strength": 0.8547012209892273, "tonal.key_krumhansl.strength": 0.8491830229759216, "tonal.key_temperley.strength": 0.8355029821395874, "tonal.tuning_diatonic_strength": 0.7328555583953857, "tonal.tuning_equal_tempered_deviation": 0.2106781005859375, "tonal.tuning_frequency": 434.193115234375, "tonal.tuning_nontempered_energy_ratio": 0.9365862011909485, "lowlevel.barkbands.mean": [0.00033198605524376035, 0.00406862935051322, 0.00397883728146553, 0.0018838465912267566, 0.0016131855081766844, 0.0015083416365087032, 0.000736703397706151, 0.0009689966100268066, 0.0006487370119430125, 0.0017122899880632758, 0.0005688173114322126, 0.0014805684331804514, 0.002404420170933008, 0.0005744288209825754, 0.0009595736628398299, 0.00021072877279948443, 0.0001937984343385324, 0.00020087783923372626, 0.0001818070886656642, 0.0007085862453095615, 0.0002457154914736748, 7.075759640429169e-05, 7.528363494202495e-05, 6.803360884077847e-05, 8.363919914700091e-05, 2.000763004161854e-07, 1.294367502069349e-09], "lowlevel.barkbands.stdev": [0.0005200859741307795, 0.006973300129175186, 0.012110070325434208, 0.004604195710271597, 0.0020850703585892916, 0.002571734134107828, 0.00266224960796535, 0.002803448121994734, 0.003026928985491395, 0.004754052497446537, 0.0019395904382690787, 0.00344090536236763, 0.004801364615559578, 0.0011351199354976416, 0.0018700584769248962, 0.0003084137279074639, 0.00038752733962610364, 0.00037758846883662045, 0.0004115897754672915, 0.0011732253478839993, 0.00040020205779001117, 0.00013690479681827128, 0.00018437446851748973, 0.00011811819422291592, 0.00023046604474075139, 9.69036818787572e-07, 1.337924349087416e-08], "lowlevel.erbbands.mean": [0.14668092131614685, 0.8307157158851624, 3.9069886207580566, 6.517314434051514, 3.919931173324585, 5.211975574493408, 12.350598335266113, 11.303624153137207, 13.435978889465332, 8.263985633850098, 27.436594009399414, 14.420454025268555, 25.389789581298828, 61.222801208496094, 27.318035125732422, 75.21469116210938, 117.72037506103516, 41.69293975830078, 60.277503967285156, 15.98397445678711, 13.20864200592041, 10.554073333740234, 10.46715259552002, 10.488180160522461, 10.993813514709473, 35.84186935424805, 20.433698654174805, 5.20224142074585, 2.7511332035064697, 2.4659037590026855, 1.9738677740097046, 1.5687719583511353, 1.064902424812317, 1.1048299074172974, 0.4993080794811249, 0.027398711070418358, 0.0007677117828279734, 5.909614992560819e-05, 2.1752388420281932e-05, 3.2174113584915176e-05], "lowlevel.erbbands.stdev": [0.21430040895938873, 1.8897088766098022, 11.762147903442383, 16.874774932861328, 8.110487937927246, 6.576965808868408, 24.62410545349121, 23.066329956054688, 45.18818664550781, 19.827838897705078, 85.9373779296875, 59.544410705566406, 68.50752258300781, 193.99693298339844, 48.95015335083008, 157.50381469726562, 235.537109375, 72.69889831542969, 113.86649322509766, 24.297508239746094, 19.17938804626465, 19.373870849609375, 19.40325164794922, 23.156917572021484, 23.009180068969727, 60.7011604309082, 32.73640441894531, 9.13227367401123, 5.180847644805908, 6.237185001373291, 4.327464580535889, 2.6926233768463135, 2.046504497528076, 3.025038480758667, 1.4055025577545166, 0.08141091465950012, 0.0021388931199908257, 0.00014503937563858926, 2.316671088919975e-05, 2.9226184778963216e-05], "lowlevel.gfcc.mean": [-23.56270408630371, 104.80044555664062, -139.58546447753906, 44.61656188964844, -62.947750091552734, 32.83313751220703, -39.02665710449219, 1.9023218154907227, -33.224369049072266, 4.848719596862793, 2.981041669845581, -16.01833724975586, 8.072127342224121], "lowlevel.melbands.mean": [0.001175916870124638, 0.0017077482771128416, 0.0010108854621648788, 0.0003128618700429797, 0.00038325865170918405, 0.0002601530577521771, 0.0001932796585606411, 0.00010194443166255951, 0.00023094037896953523, 7.514478784287348e-05, 0.00013123577809892595, 0.0002620647137518972, 7.646398444194347e-05, 0.0001566052669659257, 0.00027671208954416215, 0.00017962546553462744, 6.381639104802161e-05, 9.222486551152542e-05, 4.107037602807395e-05, 1.4403962268261239e-05, 1.5260568034136668e-05, 1.138837615144439e-05, 8.853475264913868e-06, 9.959287126548588e-06, 8.348532901436556e-06, 6.36282175037195e-06, 1.0810327694343869e-05, 2.8375379770295694e-05, 1.6299643903039396e-05, 4.958070803695591e-06, 2.251039632028551e-06, 1.5287367887140135e-06, 1.325746097791125e-06, 1.4509400898532476e-06, 1.228849100698426e-06, 9.130114335675898e-07, 9.604572142052348e-07, 7.389610914287914e-07, 7.149283192120492e-07, 1.0230124871668522e-06], "lowlevel.melbands.stdev": [0.0017590334173291922, 0.004781154915690422, 0.002557157538831234, 0.00043605989776551723, 0.0007108770660124719, 0.0005163502064533532, 0.0006452988018281758, 0.00025000632740557194, 0.0007823319174349308, 0.00031983721419237554, 0.0003682464885059744, 0.0008224442135542631, 0.00018679013010114431, 0.0003556594019755721, 0.0005192279350012541, 0.0003469435905572027, 0.00012964724737685174, 0.0001725300244288519, 7.184166315710172e-05, 2.1643611034960486e-05, 2.4368511731154285e-05, 2.305903035448864e-05, 1.77078545675613e-05, 1.9361999875400215e-05, 1.9936667740694247e-05, 1.4867660866002552e-05, 2.2511856514029205e-05, 5.066661469754763e-05, 2.8168906283099204e-05, 8.527603313268628e-06, 4.6377240323636215e-06, 2.941364982689265e-06, 2.9053423986624693e-06, 4.129582976020174e-06, 2.949588633782696e-06, 1.6428668914159061e-06, 1.6931270465647685e-06, 1.418978740730381e-06, 1.5607774912496097e-06, 3.031373580597574e-06], "lowlevel.melbands128.mean": [0.0003136292507406324, 0.0013074275339022279, 0.0013408665545284748, 0.0013021553168073297, 0.001861465978436172, 0.001942919916473329, 0.001491860835812986, 0.000703496509231627, 0.0002904195280279964, 0.00035285536432638764, 0.00023947763838805258, 0.0003522862680256367, 0.0005423167604021728, 0.0002579923893790692, 0.0002216935681644827, 0.00029402022482827306, 0.00023353725555352867, 0.0002111971116391942, 9.061075252247974e-05, 5.7408113207202405e-05, 0.00010381532047176734, 0.0002307936520082876, 0.00028985243989154696, 0.0001925640390254557, 7.472925790352747e-05, 2.901638981711585e-05, 5.255552605376579e-05, 0.00011501856351969764, 0.0002013362682191655, 0.000357230834197253, 0.00027902849251404405, 8.872993930708617e-05, 5.096587119624019e-05, 6.603217480005696e-05, 0.00011274175631115213, 0.00019884930225089192, 0.0002176428824895993, 0.0001412671263096854, 0.0005218939622864127, 0.00024889217456802726, 6.247979763429612e-05, 0.00012218720803502947, 6.284731352934614e-05, 4.2025283619295806e-05, 2.9567610908998176e-05, 0.0001279648713534698, 0.000149919927935116, 1.330636951024644e-05, 1.288405019295169e-05, 1.8734770492301323e-05, 9.585966836311854e-06, 1.6610472812317312e-05, 1.820964644139167e-05, 1.2076460734533612e-05, 1.5903251551208086e-05, 1.0298050256096758e-05, 9.131899787462316e-06, 8.959544175013434e-06, 8.54023892316036e-06, 8.966178938862868e-06, 1.0759864380815998e-05, 1.0138799552805722e-05, 9.28519875742495e-06, 8.449043889413588e-06, 5.508354206540389e-06, 5.916470854572253e-06, 7.309354259632528e-06, 6.50540732749505e-06, 1.0236139132757671e-05, 1.7462916730437428e-05, 3.3281699870713055e-05, 3.247299900976941e-05, 2.226013930339832e-05, 1.461202646169113e-05, 7.215844107122393e-06, 5.774759756604908e-06, 3.5702346394828055e-06, 2.0607001260941615e-06, 2.635487362567801e-06, 1.6485139440192143e-06, 1.5535609918515547e-06, 1.6106956763906055e-06, 1.1297061064396985e-06, 1.5594683873132453e-06, 1.091897502192296e-06, 1.3318609717316576e-06, 1.5187609960776172e-06, 1.8037211475530057e-06, 1.1480281045805896e-06, 9.245707133231917e-07, 9.0112422412858e-07, 8.285994681500597e-07, 1.0809413879542262e-06, 1.0872025768549065e-06, 7.859551374167495e-07, 7.665030921089055e-07, 7.392770271508198e-07, 6.89022328970168e-07, 5.889318686058687e-07, 7.49330069993448e-07, 1.1057213669118937e-06, 1.1871611604874488e-06, 6.94594291417161e-07, 9.533520142213092e-07, 6.197197421897727e-07, 4.0130262846105325e-07, 9.580708137946203e-08, 1.1031924707083363e-08, 1.4284420868371228e-10, 3.033598719448527e-11, 1.6283694878604926e-11, 1.9064963149850733e-11, 2.0930686003839405e-11, 1.0271083462909392e-11, 2.1484520759673664e-11, 1.1037988231765716e-11, 1.494154799885905e-11, 1.0209205009159561e-11, 8.566224986295001e-12, 3.6148219834108986e-12, 3.4137185266069903e-12, 3.3192454861052934e-12, 3.247528114480591e-12, 3.1809242739821997e-12, 3.0817579391162475e-12, 2.9409558555820725e-12, 2.8608489275466775e-12, 2.8372525683051375e-12], "lowlevel.melbands128.stdev": [0.0005025870632380247, 0.002011979464441538, 0.002246046904474497, 0.0034636305645108223, 0.00577650498598814, 0.005901223048567772, 0.0038832854479551315, 0.0017635883996263146, 0.0007200673571787775, 0.0005028127343393862, 0.0003716768987942487, 0.0006970000104047358, 0.0012139608152210712, 0.0005211555981077254, 0.0005090596969239414, 0.0007992088212631643, 0.0008753310539759696, 0.0009008028428070247, 0.00041829689871519804, 0.00016696631792001426, 0.00035014247987419367, 0.0007425049552693963, 0.0011608784552663565, 0.001157591468654573, 0.00042758649215102196, 8.178652205970138e-05, 0.00025563809322193265, 0.000497477303724736, 0.000644724175799638, 0.0013090681750327349, 0.001184974331408739, 0.00047405745135620236, 0.00015737001376692206, 0.00017202006711158901, 0.0003428531636018306, 0.0005666912766173482, 0.0007494346937164664, 0.0005775111494585872, 0.0012075292179360986, 0.0007184114074334502, 0.00018742911925073713, 0.00032914322218857706, 0.00016585856792517006, 0.00015166657976806164, 8.689292008057237e-05, 0.00027042225701734424, 0.0003171860007569194, 4.284836177248508e-05, 2.6885245461016893e-05, 4.529271973297e-05, 1.764472654031124e-05, 3.0169290766934864e-05, 3.3422464184695855e-05, 2.825513183779549e-05, 5.021824472351e-05, 2.3490494641009718e-05, 2.3236361812450923e-05, 2.049547947535757e-05, 2.2095102394814603e-05, 2.308143666596152e-05, 2.2579104552278295e-05, 2.4408478566328995e-05, 2.1545234631048515e-05, 2.3530397811555304e-05, 1.79358285095077e-05, 1.4713339623995125e-05, 1.783396874088794e-05, 2.1519021174754016e-05, 2.7676822355715558e-05, 3.141553315799683e-05, 7.55362052586861e-05, 6.693565228488296e-05, 4.5986624172655866e-05, 3.035452391486615e-05, 1.3523038433049805e-05, 1.082097787730163e-05, 7.848536370147485e-06, 5.5589434850844555e-06, 5.657925157720456e-06, 3.6979147353122244e-06, 3.17010722028499e-06, 3.7639667880284833e-06, 2.5724784791236743e-06, 3.5584050692705205e-06, 2.6458380943950033e-06, 3.869899501296459e-06, 4.918601916870102e-06, 5.7067595662374515e-06, 2.6680850169213954e-06, 1.9416561372054275e-06, 1.9390408851904795e-06, 1.5260883401424508e-06, 1.97412964553223e-06, 2.1705118342651986e-06, 1.4907822105669766e-06, 1.3966315464131185e-06, 1.6243102436419576e-06, 1.6573437733313767e-06, 1.0981307241308969e-06, 1.827417349886673e-06, 3.1509534892393276e-06, 4.127516149310395e-06, 1.952909315150464e-06, 2.7549342576094205e-06, 1.7915873513629776e-06, 1.331889393441088e-06, 3.4355875300207117e-07, 4.224207827974169e-08, 1.971797836120004e-09, 3.3289956902216034e-10, 1.6452712803260994e-10, 2.977446622587365e-10, 2.883887573190691e-10, 1.0188207222316947e-10, 4.0389330768775267e-10, 1.2936214599523765e-10, 2.769650064848861e-10, 1.7716191014205407e-10, 1.3691386913095016e-10, 6.144722317774631e-12, 5.5491882790248415e-12, 5.399539756284488e-12, 5.288563857674955e-12, 5.203208090082123e-12, 5.126189837195705e-12, 5.064993563452802e-12, 5.021324068349431e-12, 4.9944957024317116e-12], "lowlevel.mfcc.mean": [-652.0675659179688, 117.10215759277344, -6.712047100067139, 13.259336471557617, 6.275309085845947, 14.501578330993652, 19.389850616455078, -11.093255996704102, -5.540320873260498, 1.2049819231033325, -7.144813060760498, 6.61636209487915, 2.1904971599578857], "lowlevel.spectral_contrast_coeffs.mean": [-0.7098813056945801, -0.7670179009437561, -0.7790987491607666, -0.7757392525672913, -0.8021907210350037, -0.7878127098083496], "lowlevel.spectral_contrast_coeffs.stdev": [0.07469978928565979, 0.07914739847183228, 0.08290047943592072, 0.07160013914108276, 0.048228971660137177, 0.03280161693692207], "lowlevel.spectral_contrast_valleys.mean": [-6.8932294845581055, -7.010542392730713, -7.230198383331299, -7.502349853515625, -7.486466407775879, -10.215974807739258], "lowlevel.spectral_contrast_valleys.stdev": [0.6992171406745911, 0.586129367351532, 0.5342211127281189, 0.5738766193389893, 0.7359786033630371, 0.8685982823371887], "rhythm.beats_loudness_band_ratio.mean": [0.39261186122894287, 0.1056959256529808, 0.1333644986152649, 0.24707607924938202, 0.07271499931812286, 0.0802752822637558], "rhythm.beats_loudness_band_ratio.stdev": [0.28940945863723755, 0.10496707260608673, 0.14504559338092804, 0.18464691936969757, 0.0879724845290184, 0.0753893181681633], "tonal.hpcp.mean": [0.3488233983516693, 0.3802432715892792, 0.1676405817270279, 0.08097429573535919, 0.054179269820451736, 0.05444011837244034, 0.061384398490190506, 0.05361224710941315, 0.04521824046969414, 0.04477817937731743, 0.04121553152799606, 0.05329772084951401, 0.08635290712118149, 0.10427433997392654, 0.1361147165298462, 0.2592967748641968, 0.327780544757843, 0.2056300789117813, 0.09330301731824875, 0.07405081391334534, 0.072211854159832, 0.21156202256679535, 0.24452316761016846, 0.10208197683095932, 0.07155483216047287, 0.08235136419534683, 0.10597085952758789, 0.18720003962516785, 0.18336346745491028, 0.11115193367004395, 0.11385416984558105, 0.12771892547607422, 0.11917954683303833, 0.096891388297081, 0.09014370292425156, 0.1332588642835617], "tonal.hpcp.stdev": [0.33335623145103455, 0.35799935460090637, 0.24357116222381592, 0.20640996098518372, 0.1475934535264969, 0.1489597111940384, 0.13358868658542633, 0.11926335841417313, 0.10540129244327545, 0.09655436873435974, 0.09251333028078079, 0.11377178132534027, 0.16151542961597443, 0.1885843724012375, 0.2239130735397339, 0.30666205286979675, 0.3547595143318176, 0.281863272190094, 0.1809861958026886, 0.16760563850402832, 0.16572776436805725, 0.28680551052093506, 0.338111937046051, 0.18081213533878326, 0.15810951590538025, 0.19745053350925446, 0.19851619005203247, 0.2542321979999542, 0.2536872923374176, 0.2108399122953415, 0.22271066904067993, 0.2480769008398056, 0.23352080583572388, 0.19981485605239868, 0.19376631081104279, 0.23213063180446625], "rhythm.beats_position": [0.5108389854431152, 1.0332880020141602, 1.5325169563293457, 1.9969160556793213, 2.4729251861572266, 2.937324285507202, 3.4133331775665283, 3.8893423080444336, 4.36535120010376, 4.8297505378723145, 5.305759429931641, 5.781768798828125, 6.2461676597595215, 6.733786582946777, 7.198185920715332, 7.6625847816467285, 8.126983642578125, 8.60299301147461, 9.079002380371094, 9.543400764465332, 10.007800102233887, 10.472199440002441, 10.936598777770996, 11.400997161865234, 11.865396499633789, 12.329795837402344, 12.794195175170898, 13.258593559265137, 13.722992897033691, 14.187392234802246, 14.6517915725708, 15.116189956665039, 15.580589294433594, 16.04498863220215, 16.509387969970703, 16.973787307739258, 17.43818473815918, 17.902584075927734], "rhythm.bpm_histogram": [0.0, 0.0, 0.0, 0.0, 0.0, 0.0, 0.0, 0.0, 0.0, 0.0, 0.0, 0.0, 0.0, 0.0, 0.0, 0.0, 0.0, 0.0, 0.0, 0.0, 0.0, 0.0, 0.0, 0.0, 0.0, 0.0, 0.0, 0.0, 0.0, 0.0, 0.0, 0.0, 0.0, 0.0, 0.0, 0.0, 0.0, 0.0, 0.0, 0.0, 0.0, 0.0, 0.0, 0.0, 0.0, 0.0, 0.0, 0.0, 0.0, 0.0, 0.0, 0.0, 0.0, 0.0, 0.0, 0.0, 0.0, 0.0, 0.0, 0.0, 0.0, 0.0, 0.0, 0.0, 0.0, 0.0, 0.0, 0.0, 0.0, 0.0, 0.0, 0.0, 0.0, 0.0, 0.0, 0.0, 0.0, 0.0, 0.0, 0.0, 0.0, 0.0, 0.0, 0.0, 0.0, 0.0, 0.0, 0.0, 0.0, 0.0, 0.0, 0.0, 0.0, 0.0, 0.0, 0.0, 0.0, 0.0, 0.0, 0.0, 0.0, 0.0, 0.0, 0.0, 0.0, 0.0, 0.0, 0.0, 0.0, 0.0, 0.0, 0.0, 0.0, 0.0, 0.0, 0.027027027681469917, 0.0, 0.0, 0.0, 0.0, 0.027027027681469917, 0.0, 0.0, 0.027027027681469917, 0.0, 0.0, 0.21621622145175934, 0.0, 0.0, 0.7027027010917664, 0.0, 0.0, 0.0, 0.0, 0.0, 0.0, 0.0, 0.0, 0.0, 0.0, 0.0, 0.0, 0.0, 0.0, 0.0, 0.0, 0.0, 0.0, 0.0, 0.0, 0.0, 0.0, 0.0, 0.0, 0.0, 0.0, 0.0, 0.0, 0.0, 0.0, 0.0, 0.0, 0.0, 0.0, 0.0, 0.0, 0.0, 0.0, 0.0, 0.0, 0.0, 0.0, 0.0, 0.0, 0.0, 0.0, 0.0, 0.0, 0.0, 0.0, 0.0, 0.0, 0.0, 0.0, 0.0, 0.0, 0.0, 0.0, 0.0, 0.0, 0.0, 0.0, 0.0, 0.0, 0.0, 0.0, 0.0, 0.0, 0.0, 0.0, 0.0, 0.0, 0.0, 0.0, 0.0, 0.0, 0.0, 0.0, 0.0, 0.0, 0.0, 0.0, 0.0, 0.0, 0.0, 0.0, 0.0, 0.0, 0.0, 0.0, 0.0, 0.0, 0.0, 0.0, 0.0, 0.0, 0.0, 0.0, 0.0, 0.0, 0.0, 0.0, 0.0, 0.0, 0.0, 0.0, 0.0, 0.0, 0.0, 0.0, 0.0, 0.0, 0.0, 0.0, 0.0, 0.0, 0.0, 0.0, 0.0, 0.0], "tonal.chords_histogram": [63.10432434082031, 0.0, 25.445293426513672, 0.0, 0.0, 0.0, 0.0, 0.0, 0.0, 0.0, 0.0, 0.0, 0.0, 0.0, 0.0, 2.5445291996002197, 0.0, 3.5623409748077393, 0.0, 2.5445291996002197, 0.0, 0.0, 2.7989821434020996, 0.0], "tonal.thpcp": [1.0, 0.44087716937065125, 0.21295392513275146, 0.1424858123064041, 0.14317181706428528, 0.16143454611301422, 0.140994593501091, 0.118919238448143, 0.11776192486286163, 0.10839253664016724, 0.14016743004322052, 0.22709910571575165, 0.27423059940338135, 0.35796746611595154, 0.6819233894348145, 0.8620285391807556, 0.5407856106758118, 0.24537716805934906, 0.19474588334560394, 0.18990962207317352, 0.5563859939575195, 0.6430703401565552, 0.26846492290496826, 0.18818171322345734, 0.2165754735469818, 0.2786922752857208, 0.49231651425361633, 0.48222672939300537, 0.2923179566860199, 0.29942455887794495, 0.3358874022960663, 0.31342974305152893, 0.2548142075538635, 0.23706850409507751, 0.3504568636417389, 0.91736900806427], "lowlevel.gfcc.cov": [[3123.775390625, -452.99560546875, -101.00379943847656, 378.9014587402344, -216.50990295410156, 74.63438415527344, 305.69049072265625, 231.02044677734375, -71.0180435180664, -10.617436408996582, -8.999713897705078, -106.38314819335938, -56.1918830871582], [-452.99560546875, 788.1838989257812, -158.34768676757812, -181.48184204101562, 258.1962585449219, -113.03746795654297, 133.40936279296875, -87.33983612060547, 64.79289245605469, -42.31776809692383, 72.00630187988281, -99.55313110351562, 96.8526382446289], [-101.00379943847656, -158.34768676757812, 693.7953491210938, 345.4013977050781, -84.0124282836914, 135.7261505126953, -34.480567932128906, 129.48736572265625, 21.326791763305664, 16.09419059753418, -57.385215759277344, 128.07371520996094, -94.60366821289062], [378.9014587402344, -181.48184204101562, 345.4013977050781, 507.6447448730469, -20.36052703857422, -33.0228385925293, 43.94437026977539, 131.71255493164062, 8.23491096496582, -25.522459030151367, -31.404571533203125, 65.30081176757812, -43.11158752441406], [-216.50990295410156, 258.1962585449219, -84.0124282836914, -20.36052703857422, 404.2893371582031, 84.90020751953125, 6.60762882232666, -66.82415008544922, 66.7429428100586, 36.092041015625, 0.13961294293403625, -60.86282730102539, 59.61765670776367], [74.63438415527344, -113.03746795654297, 135.7261505126953, -33.0228385925293, 84.90020751953125, 359.6836242675781, 61.904685974121094, -7.771183013916016, 30.920656204223633, 52.27516555786133, -54.41744613647461, 5.753273010253906, -43.75420379638672], [305.69049072265625, 133.40936279296875, -34.480567932128906, 43.94437026977539, 6.60762882232666, 61.904685974121094, 354.9700927734375, 157.10748291015625, -19.58285903930664, -51.72431182861328, 46.90685272216797, -57.83579635620117, 14.025212287902832], [231.02044677734375, -87.33983612060547, 129.48736572265625, 131.71255493164062, -66.82415008544922, -7.771183013916016, 157.10748291015625, 269.0893249511719, 16.843910217285156, -8.376030921936035, 25.990976333618164, 16.965423583984375, 0.7861320972442627], [-71.0180435180664, 64.79289245605469, 21.326791763305664, 8.23491096496582, 66.7429428100586, 30.920656204223633, -19.58285903930664, 16.843910217285156, 148.60166931152344, 57.52702331542969, -4.058004856109619, 4.335629940032959, -8.232792854309082], [-10.617436408996582, -42.31776809692383, 16.09419059753418, -25.522459030151367, 36.092041015625, 52.27516555786133, -51.72431182861328, -8.376030921936035, 57.52702331542969, 107.11157989501953, 17.79412269592285, 19.9193058013916, 4.2908759117126465], [-8.999713897705078, 72.00630187988281, -57.385215759277344, -31.404571533203125, 0.13961294293403625, -54.41744613647461, 46.90685272216797, 25.990976333618164, -4.058004856109619, 17.79412269592285, 114.53030395507812, 30.704933166503906, 46.395408630371094], [-106.38314819335938, -99.55313110351562, 128.07371520996094, 65.30081176757812, -60.86282730102539, 5.753273010253906, -57.83579635620117, 16.965423583984375, 4.335629940032959, 19.9193058013916, 30.704933166503906, 126.36213684082031, 22.7673282623291], [-56.1918830871582, 96.8526382446289, -94.60366821289062, -43.11158752441406, 59.61765670776367, -43.75420379638672, 14.025212287902832, 0.7861320972442627, -8.232792854309082, 4.2908759117126465, 46.395408630371094, 22.7673282623291, 115.53482055664062]], "lowlevel.gfcc.icov": [[0.0005547746550291777, 6.73259055474773e-05, 0.0005312691209837794, -0.0008967798785306513, 0.0005902362754568458, -0.0005704272189177573, -9.636747563490644e-06, -0.0001878375478554517, 0.00017364112136419863, -0.000361625716323033, -0.0002943818981293589, 0.0009430792997591197, -0.00024620202020742], [6.73259055474773e-05, 0.005190826952457428, -0.003276878735050559, 0.0030941793229430914, -0.0027643870562314987, 0.004006158094853163, -0.004251914098858833, 0.0038905213586986065, -0.003705735784024, 0.0023808262776583433, -0.0013480589259415865, 0.0024536200799047947, -0.0027086797636002302], [0.0005312691209837794, -0.003276878735050559, 0.006398385390639305, -0.004686221480369568, 0.002317695179954171, -0.004582107998430729, 0.0036162359174340963, -0.004103303421288729, 0.002854100428521633, -0.001662524533458054, 0.0010898971231654286, -0.0034261562395840883, 0.0036562306340783834], [-0.0008967798785306513, 0.0030941793229430914, -0.004686221480369568, 0.007508882321417332, -0.003983228467404842, 0.0055661071091890335, -0.004103400744497776, 0.0020961177069693804, -0.0022327592596411705, 0.0017844632966443896, 0.0018017044058069587, -0.002442579949274659, 0.00011434588668635115], [0.0005902362754568458, -0.0027643870562314987, 0.002317695179954171, -0.003983228467404842, 0.006802460178732872, -0.004865655209869146, 0.00324486312456429, -0.0010899757035076618, 4.0522776544094086e-05, -0.001238944591023028, -0.0012677196646109223, 0.004199044778943062, -0.002992896130308509], [-0.0005704272189177573, 0.004006158094853163, -0.004582107998430729, 0.0055661071091890335, -0.004865655209869146, 0.01014661230146885, -0.007299880962818861, 0.004464502912014723, -0.002038357313722372, -0.0020141368731856346, 0.004239555448293686, -0.003076955210417509, 0.0007317869458347559], [-9.636747563490644e-06, -0.004251914098858833, 0.0036162359174340963, -0.004103400744497776, 0.00324486312456429, -0.007299880962818861, 0.011343407444655895, -0.0069784787483513355, 0.002572485012933612, 0.002904024440795183, -0.0046987105160951614, 0.0036328991409391165, 0.0004675514646805823], [-0.0001878375478554517, 0.0038905213586986065, -0.004103303421288729, 0.0020961177069693804, -0.0010899757035076618, 0.004464502912014723, -0.0069784787483513355, 0.010278286412358284, -0.004274674691259861, 0.0005068616010248661, -0.0005937368841841817, 0.0014818657655268908, -0.003277146490290761], [0.00017364112136419863, -0.003705735784024, 0.002854100428521633, -0.0022327592596411705, 4.0522776544094086e-05, -0.002038357313722372, 0.002572485012933612, -0.004274674691259861, 0.012617861852049828, -0.007310330402106047, 0.0028568182606250048, -0.0034003008622676134, 0.004312265198677778], [-0.000361625716323033, 0.0023808262776583433, -0.001662524533458054, 0.0017844632966443896, -0.001238944591023028, -0.0020141368731856346, 0.002904024440795183, 0.0005068616010248661, -0.007310330402106047, 0.018470117822289467, -0.007035741116851568, 0.0025406794156879187, -0.0022288295440375805], [-0.0002943818981293589, -0.0013480589259415865, 0.0010898971231654286, 0.0018017044058069587, -0.0012677196646109223, 0.004239555448293686, -0.0046987105160951614, -0.0005937368841841817, 0.0028568182606250048, -0.007035741116851568, 0.018305204808712006, -0.00973233487457037, 0.00041769849485717714], [0.0009430792997591197, 0.0024536200799047947, -0.0034261562395840883, -0.002442579949274659, 0.004199044778943062, -0.003076955210417509, 0.0036328991409391165, 0.0014818657655268908, -0.0034003008622676134, 0.0025406794156879187, -0.00973233487457037, 0.02289159968495369, -0.010037677362561226], [-0.00024620202020742, -0.0027086797636002302, 0.0036562306340783834, 0.00011434588668635115, -0.002992896130308509, 0.0007317869458347559, 0.0004675514646805823, -0.003277146490290761, 0.004312265198677778, -0.0022288295440375805, 0.00041769849485717714, -0.010037677362561226, 0.017830252647399902]], "lowlevel.mfcc.cov": [[3358.640869140625, -668.72607421875, -19.79056739807129, 215.6104278564453, -284.939208984375, -81.80569458007812, 213.99447631835938, 137.24305725097656, 56.19239807128906, 144.72384643554688, 14.45405387878418, 82.78533935546875, -96.30657958984375], [-668.72607421875, 924.8233642578125, -402.4173278808594, -127.16893768310547, 68.20683288574219, 19.645980834960938, 61.2617073059082, -105.47296142578125, 14.206775665283203, 58.94902801513672, -53.47688674926758, -2.9898855686187744, -3.288705587387085], [-19.79056739807129, -402.4173278808594, 766.4464111328125, 193.47947692871094, -27.565574645996094, 29.498016357421875, -53.275604248046875, 182.62408447265625, 27.19613265991211, -80.19916534423828, 95.08983612060547, 16.41876983642578, 67.00250244140625], [215.6104278564453, -127.16893768310547, 193.47947692871094, 495.3498229980469, 36.530391693115234, -134.67283630371094, 31.01242446899414, 97.34843444824219, 39.41034698486328, -42.557708740234375, -19.388826370239258, 88.85052490234375, 14.599857330322266], [-284.939208984375, 68.20683288574219, -27.565574645996094, 36.530391693115234, 319.00152587890625, 122.55702209472656, -74.32940673828125, -67.7436294555664, 45.92322540283203, -10.191771507263184, 22.484817504882812, -3.608337163925171, 12.130814552307129], [-81.80569458007812, 19.645980834960938, 29.498016357421875, -134.67283630371094, 122.55702209472656, 359.8738708496094, -35.24305725097656, -13.544194221496582, 31.378704071044922, 21.49802017211914, 79.8159408569336, -106.9084243774414, 19.098339080810547], [213.99447631835938, 61.2617073059082, -53.275604248046875, 31.01242446899414, -74.32940673828125, -35.24305725097656, 286.1163635253906, 111.18770599365234, 35.376956939697266, 72.12042236328125, -46.85036087036133, 61.80576705932617, -23.019001007080078], [137.24305725097656, -105.47296142578125, 182.62408447265625, 97.34843444824219, -67.7436294555664, -13.544194221496582, 111.18770599365234, 201.73350524902344, 66.27674102783203, 26.4725341796875, 26.483097076416016, 34.429725646972656, 13.998284339904785], [56.19239807128906, 14.206775665283203, 27.19613265991211, 39.41034698486328, 45.92322540283203, 31.378704071044922, 35.376956939697266, 66.27674102783203, 125.95415496826172, 60.585060119628906, 30.70426368713379, 28.94523048400879, -6.988027095794678], [144.72384643554688, 58.94902801513672, -80.19916534423828, -42.557708740234375, -10.191771507263184, 21.49802017211914, 72.12042236328125, 26.4725341796875, 60.585060119628906, 122.63433837890625, 35.15335464477539, 22.895296096801758, -20.237533569335938], [14.45405387878418, -53.47688674926758, 95.08983612060547, -19.388826370239258, 22.484817504882812, 79.8159408569336, -46.85036087036133, 26.483097076416016, 30.70426368713379, 35.15335464477539, 129.9692840576172, 0.6360476613044739, 11.512879371643066], [82.78533935546875, -2.9898855686187744, 16.41876983642578, 88.85052490234375, -3.608337163925171, -106.9084243774414, 61.80576705932617, 34.429725646972656, 28.94523048400879, 22.895296096801758, 0.6360476613044739, 157.5931396484375, 18.995643615722656], [-96.30657958984375, -3.288705587387085, 67.00250244140625, 14.599857330322266, 12.130814552307129, 19.098339080810547, -23.019001007080078, 13.998284339904785, -6.988027095794678, -20.237533569335938, 11.512879371643066, 18.995643615722656, 76.3570556640625]], "lowlevel.mfcc.icov": [[0.0004780026210937649, 0.0004324487817939371, 0.00022128340788185596, -0.00032818244653753936, 0.0004774652770720422, -0.0002675502619240433, -0.00014998465485405177, 0.00018064402684103698, -8.015101775527e-05, -0.0004894001176580787, 2.9764045393676497e-05, -0.00018342776456847787, 0.0003069225058425218], [0.0004324487817939371, 0.0019009342649951577, 0.000871152151376009, -0.00017566657334100455, 0.00021365872817113996, -0.00011781241482822224, -0.0006452075904235244, 0.0007011833949945867, -0.0006175286835059524, -0.0004903088556602597, 6.631552241742611e-05, 0.00010517700138734654, -0.0006536914734169841], [0.00022128340788185596, 0.000871152151376009, 0.002919822931289673, -0.0006077243597246706, 0.00034630048321560025, -0.00034943275386467576, 0.00039006068254821, -0.0020508032757788897, -0.00019305395835544914, 0.001719265477731824, -0.0015179554466158152, -9.344927821075544e-05, -0.0009132324485108256], [-0.00032818244653753936, -0.00017566657334100455, -0.0006077243597246706, 0.003373997285962105, -0.001401618355885148, 0.0014084206195548177, -4.2936029785778373e-05, -0.0012397797545418143, -0.0005863103433512151, 0.0014938811073079705, 0.00026453688042238355, -0.0005686572403647006, -4.7435605665668845e-06], [0.0004774652770720422, 0.00021365872817113996, 0.00034630048321560025, -0.001401618355885148, 0.00582899060100317, -0.002575776306912303, 0.000444117933511734, 0.0027964450418949127, -0.0030966741032898426, 0.0009292018949054182, 0.00020436781051103026, -0.001484770211391151, 0.00021639023907482624], [-0.0002675502619240433, -0.00011781241482822224, -0.00034943275386467576, 0.0014084206195548177, -0.002575776306912303, 0.00643151206895709, -0.0019167658174410462, 0.0005807720590382814, -0.001369704375974834, 0.0005969734047539532, -0.0034768390469253063, 0.004829954355955124, -0.0028334103990346193], [-0.00014998465485405177, -0.0006452075904235244, 0.00039006068254821, -4.2936029785778373e-05, 0.000444117933511734, -0.0019167658174410462, 0.008619595319032669, -0.005942243617027998, 0.002974636387079954, -0.004524792078882456, 0.00517485523596406, -0.003560521174222231, 0.0027242242358624935], [0.00018064402684103698, 0.0007011833949945867, -0.0020508032757788897, -0.0012397797545418143, 0.0027964450418949127, 0.0005807720590382814, -0.005942243617027998, 0.014251957647502422, -0.007042257580906153, 0.0016743302112445235, -0.002839880296960473, 0.0019231239566579461, -0.0029499907977879047], [-8.015101775527e-05, -0.0006175286835059524, -0.00019305395835544914, -0.0005863103433512151, -0.0030966741032898426, -0.001369704375974834, 0.002974636387079954, -0.007042257580906153, 0.016803765669465065, -0.007987776771187782, 0.0016316735418513417, -0.002539075445383787, 0.002982573350891471], [-0.0004894001176580787, -0.0004903088556602597, 0.001719265477731824, 0.0014938811073079705, 0.0009292018949054182, 0.0005969734047539532, -0.004524792078882456, 0.0016743302112445235, -0.007987776771187782, 0.019093133509159088, -0.007052909582853317, -0.000346846180036664, 0.0010784779442474246], [2.9764045393676497e-05, 6.631552241742611e-05, -0.0015179554466158152, 0.00026453688042238355, 0.00020436781051103026, -0.0034768390469253063, 0.00517485523596406, -0.002839880296960473, 0.0016316735418513417, -0.007052909582853317, 0.014853943139314651, -0.003234110539779067, 0.001084593590348959], [-0.00018342776456847787, 0.00010517700138734654, -9.344927821075544e-05, -0.0005686572403647006, -0.001484770211391151, 0.004829954355955124, -0.003560521174222231, 0.0019231239566579461, -0.002539075445383787, -0.000346846180036664, -0.003234110539779067, 0.012161130085587502, -0.005296241957694292], [0.0003069225058425218, -0.0006536914734169841, -0.0009132324485108256, -4.7435605665668845e-06, 0.00021639023907482624, -0.0028334103990346193, 0.0027242242358624935, -0.0029499907977879047, 0.002982573350891471, 0.0010784779442474246, 0.001084593590348959, -0.005296241957694292, 0.01800679601728916]], "metadata.audio_properties.analysis.downmix": "mix", "metadata.audio_properties.codec": "mp3", "metadata.audio_properties.md5_encoded": "e133916376a645f87f2a8f53ef683a8b", "metadata.tags.file_name": "1183708830299856977.mp3", "metadata.version.essentia": "2.1-beta6-dev", "metadata.version.essentia_git_sha": "v2.1_beta5-1110-g77a6a954", "metadata.version.extractor": "music 2.0", "tonal.chords_key": "D", "tonal.chords_scale": "major", "tonal.key_edma.key": "D", "tonal.key_edma.scale": "major", "tonal.key_krumhansl.key": "D", "tonal.key_krumhansl.scale": "major", "tonal.key_temperley.key": "D", "tonal.key_temperley.scale": "major", "metadata.tags.encoding": ["Lavf58.45.100"]}, "essentia_models": [{"model_name": "genre_dortmund", "activations": {"alternative": "0.028881565", "blues": "0.018442212", "electronic": "0.20146215", "folkcountry": "0.039078105", "funksoulrnb": "0.22180481", "ja