{"song_id": "1183670648460021783", "download": "https://cdn.discordapp.com/attachments/1135903449314238464/1183670648460021783/chirp.mp4?ex=65892e32&amp", "lyrics": "[Verse]\nIn a world of red and blue, there's a tale to be told\nRepublican ignorance, behold the blindfold\nMisguided in their thinking, stuck in their narrow ways\nFacts and reason brushed aside, lost in the partisan haze\n\n[Chorus]\nSwing, swing, to a better understanding\nOpen up your minds, seek some common understanding\nSwing, swing, beyond the ignorance we find\nTogether we can bridge the gap, leave no truth behind", "style": ["90</span><span>'s pop"], "essentia_features": {"lowlevel.average_loudness": 0.9789839386940002, "lowlevel.barkbands_crest.mean": 13.505422592163086, "lowlevel.barkbands_crest.stdev": 4.210309982299805, "lowlevel.barkbands_flatness_db.mean": 0.17262966930866241, "lowlevel.barkbands_flatness_db.stdev": 0.05280043184757233, "lowlevel.barkbands_kurtosis.mean": 21.838171005249023, "lowlevel.barkbands_kurtosis.stdev": 27.80277442932129, "lowlevel.barkbands_skewness.mean": 3.9372878074645996, "lowlevel.barkbands_skewness.stdev": 1.9985449314117432, "lowlevel.barkbands_spread.mean": 17.08131217956543, "lowlevel.barkbands_spread.stdev": 12.03870964050293, "lowlevel.dissonance.mean": 0.4729042649269104, "lowlevel.dissonance.stdev": 0.01927647925913334, "lowlevel.dynamic_complexity": 1.5541503429412842, "lowlevel.erbbands_crest.mean": 7.953693866729736, "lowlevel.erbbands_crest.stdev": 3.5119857788085938, "lowlevel.erbbands_flatness_db.mean": 0.10682588815689087, "lowlevel.erbbands_flatness_db.stdev": 0.024477209895849228, "lowlevel.erbbands_kurtosis.mean": -0.5001416802406311, "lowlevel.erbbands_kurtosis.stdev": 1.5009360313415527, "lowlevel.erbbands_skewness.mean": 0.4403780400753021, "lowlevel.erbbands_skewness.stdev": 0.7105304002761841, "lowlevel.erbbands_spread.mean": 83.92388916015625, "lowlevel.erbbands_spread.stdev": 30.46055030822754, "lowlevel.hfc.mean": 26.14821434020996, "lowlevel.hfc.stdev": 16.67804527282715, "lowlevel.loudness_ebu128.integrated": -14.602252006530762, "lowlevel.loudness_ebu128.loudness_range": 1.831918716430664, "lowlevel.loudness_ebu128.momentary.mean": -14.809946060180664, "lowlevel.loudness_ebu128.momentary.stdev": 1.3937727212905884, "lowlevel.loudness_ebu128.short_term.mean": -14.680292129516602, "lowlevel.loudness_ebu128.short_term.stdev": 0.6913378834724426, "lowlevel.melbands_crest.mean": 20.038745880126953, "lowlevel.melbands_crest.stdev": 4.658824443817139, "lowlevel.melbands_flatness_db.mean": 0.26182660460472107, "lowlevel.melbands_flatness_db.stdev": 0.06065304949879646, "lowlevel.melbands_kurtosis.mean": 97.27227783203125, "lowlevel.melbands_kurtosis.stdev": 109.06356048583984, "lowlevel.melbands_skewness.mean": 7.466778755187988, "lowlevel.melbands_skewness.stdev": 3.6354405879974365, "lowlevel.melbands_spread.mean": 8.878104209899902, "lowlevel.melbands_spread.stdev": 7.0972371101379395, "lowlevel.pitch_salience.mean": 0.43566277623176575, "lowlevel.pitch_salience.stdev": 0.12911760807037354, "lowlevel.silence_rate_20dB.mean": 1.0, "lowlevel.silence_rate_20dB.stdev": 0.0, "lowlevel.silence_rate_30dB.mean": 0.8795934319496155, "lowlevel.silence_rate_30dB.stdev": 0.32543429732322693, "lowlevel.silence_rate_60dB.mean": 0.0007818608428351581, "lowlevel.silence_rate_60dB.stdev": 0.02795056812465191, "lowlevel.spectral_centroid.mean": 853.4998779296875, "lowlevel.spectral_centroid.stdev": 428.8681335449219, "lowlevel.spectral_complexity.mean": 16.028146743774414, "lowlevel.spectral_complexity.stdev": 9.354072570800781, "lowlevel.spectral_decrease.mean": -1.6557708093500878e-08, "lowlevel.spectral_decrease.stdev": 1.1863360960262526e-08, "lowlevel.spectral_energy.mean": 0.06486441195011139, "lowlevel.spectral_energy.stdev": 0.04558256268501282, "lowlevel.spectral_energyband_high.mean": 0.0015464508906006813, "lowlevel.spectral_energyband_high.stdev": 0.0016546712722629309, "lowlevel.spectral_energyband_low.mean": 0.04824245721101761, "lowlevel.spectral_energyband_low.stdev": 0.044414158910512924, "lowlevel.spectral_energyband_middle_high.mean": 0.002351561328396201, "lowlevel.spectral_energyband_middle_high.stdev": 0.002071906113997102, "lowlevel.spectral_energyband_middle_low.mean": 0.01821151375770569, "lowlevel.spectral_energyband_middle_low.stdev": 0.012482209131121635, "lowlevel.spectral_entropy.mean": 7.662415027618408, "lowlevel.spectral_entropy.stdev": 0.36746832728385925, "lowlevel.spectral_flux.mean": 0.11408298462629318, "lowlevel.spectral_flux.stdev": 0.06231267750263214, "lowlevel.spectral_kurtosis.mean": 2.2384421825408936, "lowlevel.spectral_kurtosis.stdev": 1.5793554782867432, "lowlevel.spectral_rms.mean": 0.007560952100902796, "lowlevel.spectral_rms.stdev": 0.0024727401323616505, "lowlevel.spectral_rolloff.mean": 479.92620849609375, "lowlevel.spectral_rolloff.stdev": 824.53515625, "lowlevel.spectral_skewness.mean": 1.3265633583068848, "lowlevel.spectral_skewness.stdev": 0.35718193650245667, "lowlevel.spectral_spread.mean": 7110390.0, "lowlevel.spectral_spread.stdev": 1705819.0, "lowlevel.spectral_strongpeak.mean": 0.7586253881454468, "lowlevel.spectral_strongpeak.stdev": 0.43026137351989746, "lowlevel.zerocrossingrate.mean": 0.049811940640211105, "lowlevel.zerocrossingrate.stdev": 0.02533598244190216, "metadata.audio_properties.analysis.equal_loudness": 0.0, "metadata.audio_properties.analysis.length": 29.67464828491211, "metadata.audio_properties.analysis.sample_rate": 44100.0, "metadata.audio_properties.analysis.start_time": 0.0, "metadata.audio_properties.bit_rate": 121383.0, "metadata.audio_properties.length": 29.674667358398438, "metadata.audio_properties.lossless": 0.0, "metadata.audio_properties.number_channels": 1.0, "metadata.audio_properties.replay_gain": -9.61733627319336, "metadata.audio_properties.sample_rate": 48000.0, "rhythm.beats_count": 66.0, "rhythm.beats_loudness.mean": 0.08240807056427002, "rhythm.beats_loudness.stdev": 0.04731351509690285, "rhythm.bpm": 135.21170043945312, "rhythm.bpm_histogram_first_peak_bpm": 136.0, "rhythm.bpm_histogram_first_peak_weight": 0.22580641508102417, "rhythm.bpm_histogram_second_peak_bpm": 129.0, "rhythm.bpm_histogram_second_peak_spread": 0.0, "rhythm.bpm_histogram_second_peak_weight": 0.03076923079788685, "rhythm.danceability": 1.4205669164657593, "rhythm.onset_rate": 6.5685954093933105, "tonal.chords_changes_rate": 0.06562499701976776, "tonal.chords_number_rate": 0.02500000037252903, "tonal.chords_strength.mean": 0.5025783777236938, "tonal.chords_strength.stdev": 0.08501465618610382, "tonal.hpcp_crest.mean": 11.945613861083984, "tonal.hpcp_crest.stdev": 5.598507881164551, "tonal.hpcp_entropy.mean": 2.285031795501709, "tonal.hpcp_entropy.stdev": 0.7950602769851685, "tonal.key_edma.strength": 0.5123186707496643, "tonal.key_krumhansl.strength": 0.5216243267059326, "tonal.key_temperley.strength": 0.5268363356590271, "tonal.tuning_diatonic_strength": 0.47792187333106995, "tonal.tuning_equal_tempered_deviation": 0.05714660882949829, "tonal.tuning_frequency": 450.8050231933594, "tonal.tuning_nontempered_energy_ratio": 0.7776039838790894, "lowlevel.barkbands.mean": [0.00026310625253245234, 0.012145674787461758, 0.03041706793010235, 0.009074338711798191, 0.005455481354147196, 0.0009204749367199838, 0.000843453744892031, 0.0007071022992022336, 0.001080106245353818, 0.000310045899823308, 0.0001801449543563649, 0.00020987830066587776, 0.00015077237912919372, 0.00022851517132949084, 0.0002132444642484188, 0.00016175804194062948, 0.0003081263857893646, 0.00015562445332761854, 0.0004075301985722035, 0.00014020684466231614, 0.00018035052926279604, 0.00024566191132180393, 0.00040692364564165473, 0.00026573569630272686, 0.00024724428658373654, 0.00014234488480724394, 3.5257364743301878e-06], "lowlevel.barkbands.stdev": [0.0006930362433195114, 0.021496357396245003, 0.029660414904356003, 0.008553996682167053, 0.005690467543900013, 0.0012045755283907056, 0.0012437213445082307, 0.001591654377989471, 0.0022085532546043396, 0.0007795864366926253, 0.0003042570024263114, 0.0004121026140637696, 0.00030294572934508324, 0.00032061414094641805, 0.00028271941118873656, 0.00019439015886746347, 0.0003697183565236628, 0.0001842627680161968, 0.0004630509647540748, 0.00018325822020415217, 0.00024974840926006436, 0.00031144951935857534, 0.0004942563246004283, 0.00029805919621139765, 0.00027187095838598907, 0.00015473694656975567, 6.899575055285823e-06], "lowlevel.erbbands.mean": [0.1994396299123764, 3.693817138671875, 28.7098445892334, 36.71995544433594, 25.72877311706543, 15.946731567382812, 8.588326454162598, 7.575000762939453, 9.923941612243652, 14.519760131835938, 17.877721786499023, 21.625411987304688, 16.580341339111328, 8.688401222229004, 6.728073596954346, 8.467158317565918, 6.563992023468018, 9.360795974731445, 13.1402587890625, 9.717984199523926, 10.675435066223145, 17.70931053161621, 9.685812950134277, 10.978264808654785, 22.826200485229492, 7.189042568206787, 6.497027397155762, 7.331005096435547, 8.345026969909668, 11.659499168395996, 11.064667701721191, 6.498258590698242, 4.2239089012146, 3.0416173934936523, 1.557020902633667, 0.7296589016914368, 0.25230202078819275, 0.028295669704675674, 0.000642920087557286, 9.882178710540757e-05], "lowlevel.erbbands.stdev": [0.5200919508934021, 5.487923622131348, 28.410207748413086, 28.960546493530273, 25.55030632019043, 19.281078338623047, 10.19847297668457, 10.63137435913086, 16.447772979736328, 20.2232608795166, 36.07216262817383, 42.215789794921875, 37.046382904052734, 17.896419525146484, 9.99608039855957, 17.30460548400879, 11.940465927124023, 13.044775009155273, 18.53784942626953, 11.068947792053223, 11.91827392578125, 20.713401794433594, 11.111224174499512, 11.824922561645508, 26.923084259033203, 8.321431159973145, 9.554304122924805, 9.804252624511719, 10.668892860412598, 14.202417373657227, 13.890246391296387, 7.469541072845459, 4.81736946105957, 3.5367114543914795, 1.707526445388794, 0.8118545413017273, 0.27860793471336365, 0.035094004124403, 0.0007752662058919668, 6.388509063981473e-05], "lowlevel.gfcc.mean": [34.874900817871094, 65.51334381103516, -66.13524627685547, 55.85900115966797, -52.009376525878906, 24.029502868652344, -44.827972412109375, 15.198528289794922, -28.269258499145508, -2.621126651763916, -28.851398468017578, -5.315061092376709, -25.755373001098633], "lowlevel.melbands.mean": [0.0025279067922383547, 0.011379112489521503, 0.006131780333817005, 0.0014030017191544175, 0.0003671815211419016, 0.0001709859207039699, 0.00015991675900295377, 0.00016051006969064474, 0.00015045679174363613, 0.00014287620433606207, 8.302467904286459e-05, 3.463885514065623e-05, 2.3213007807498798e-05, 2.214298910985235e-05, 1.992349098145496e-05, 1.3461833077599294e-05, 1.8255537725053728e-05, 2.3066049834596924e-05, 1.5002192412794102e-05, 1.1475323844933882e-05, 1.2512784451246262e-05, 1.930271537275985e-05, 1.2769246495736297e-05, 6.1464115788112395e-06, 8.298463399114553e-06, 1.784293090167921e-05, 1.076057378668338e-05, 3.526424507072079e-06, 3.578894620659412e-06, 4.718985564977629e-06, 4.0270292629429605e-06, 4.625610017683357e-06, 4.974908733856864e-06, 7.140632078517228e-06, 6.617584404011723e-06, 5.150212928128894e-06, 3.6383653423399664e-06, 3.0205944767658366e-06, 2.6194279598712455e-06, 2.5349991119583137e-06], "lowlevel.melbands.stdev": [0.005237378180027008, 0.010829704813659191, 0.004401723854243755, 0.0014445449924096465, 0.0004308062489144504, 0.00023160000273492187, 0.00024386760196648538, 0.00024373672204092145, 0.0002903056447394192, 0.0002981961297336966, 0.000191113242181018, 7.921618089312688e-05, 3.5821252822643146e-05, 4.279357017367147e-05, 5.113577572046779e-05, 2.4933322492870502e-05, 2.6242238163831644e-05, 3.3937376429094e-05, 1.9271199562354013e-05, 1.4141652172838803e-05, 1.4606631339120213e-05, 2.400806079094764e-05, 1.7167725673061796e-05, 7.374788310698932e-06, 9.73639362200629e-06, 2.2159112631925382e-05, 1.2506244274845812e-05, 4.924598670186242e-06, 5.879269338038284e-06, 6.395769560185727e-06, 5.561097168538254e-06, 6.259779638639884e-06, 6.275873602135107e-06, 8.887447620509192e-06, 8.582764166931156e-06, 6.496369223896181e-06, 4.172908575128531e-06, 3.5388468404562445e-06, 3.096878799624392e-06, 3.081705699514714e-06], "lowlevel.melbands128.mean": [0.00017777658649720252, 0.0011033775517717004, 0.0028805965557694435, 0.006373446434736252, 0.01348984893411398, 0.014863814227283001, 0.007837601937353611, 0.003979457076638937, 0.0025530587881803513, 0.0011565753957256675, 0.0008572172373533249, 0.00045708633842878044, 0.00025701377307996154, 0.00021624533110298216, 0.0001634158834349364, 0.00015176237502600998, 0.00014700289466418326, 0.00014615316467825323, 0.000201609538635239, 0.00015118098235689104, 0.0001533795439172536, 0.00016008173406589776, 0.00013079805648885667, 0.00018274910689797252, 9.36636861297302e-05, 0.00018647433898877352, 0.00013157844659872353, 6.403576844604686e-05, 4.448374966159463e-05, 3.244038816774264e-05, 3.107024167547934e-05, 3.880033182213083e-05, 1.527177300886251e-05, 2.066099659714382e-05, 2.2788046408095397e-05, 1.9672625057864934e-05, 2.647800647537224e-05, 2.2361300580087118e-05, 1.5079035620146897e-05, 1.0045776434708387e-05, 1.589892963238526e-05, 1.453293862141436e-05, 1.0589222256385256e-05, 2.7567584766075015e-05, 2.574441532487981e-05, 2.3587916075484827e-05, 1.743144639476668e-05, 1.3357384887058288e-05, 1.729026007524226e-05, 9.902772944769822e-06, 9.160239642369561e-06, 1.548714135424234e-05, 9.899444194161333e-06, 1.0011042832047679e-05, 2.0271638277336024e-05, 2.038050843111705e-05, 2.0770623450516723e-05, 1.3587246030510869e-05, 1.12245834316127e-05, 7.190447377070086e-06, 5.690736543328967e-06, 5.27834026797791e-06, 6.5652475313981995e-06, 9.185885573970154e-06, 1.0654889592842665e-05, 1.6643449271214195e-05, 2.6961108233081177e-05, 1.4311698578239884e-05, 7.014815764705418e-06, 4.625650035450235e-06, 3.2572245345363626e-06, 3.0658986815979006e-06, 3.009142119481112e-06, 3.8563503039767966e-06, 3.842041223833803e-06, 5.0958965402969625e-06, 5.033399247622583e-06, 3.998271495220251e-06, 3.82296138923266e-06, 3.9500109778600745e-06, 4.712890131486347e-06, 5.10157406097278e-06, 4.278785127098672e-06, 4.472595264815027e-06, 5.54291500520776e-06, 7.866529813327361e-06, 6.932971245987574e-06, 7.584440481878119e-06, 6.165858394524548e-06, 6.692088845738908e-06, 5.8443465604796074e-06, 4.99658017361071e-06, 3.3860665098472964e-06, 3.599180899982457e-06, 3.783063220907934e-06, 3.287557774456218e-06, 2.717884399316972e-06, 2.93985931421048e-06, 2.287636334585841e-06, 2.656329115779954e-06, 3.0139256068650866e-06, 2.4690434656804428e-06, 2.0482366380747408e-06, 1.984119762710179e-06, 1.6426847651018761e-06, 1.5816924587852554e-06, 1.6103874713735422e-06, 1.4277853779276484e-06, 1.1824370176327648e-06, 1.1294089290458942e-06, 1.0537095249674167e-06, 9.140289307651983e-07, 8.763865366745449e-07, 6.197506650096329e-07, 4.6629833150291233e-07, 2.7061523155680334e-07, 1.261088158344137e-07, 2.1891851886834957e-08, 1.0338945255483623e-09, 1.2904567171789783e-11, 9.373528862821612e-12, 8.621001482134183e-12, 8.407014667755064e-12, 8.239736150328358e-12, 8.064516068828631e-12, 7.864144231650716e-12, 7.74138132070279e-12, 7.688540776262798e-12], "lowlevel.melbands128.stdev": [0.0006051130476407707, 0.0037813058588653803, 0.00771188922226429, 0.010040020570158958, 0.014706108719110489, 0.014278150163590908, 0.006841166410595179, 0.004137940239161253, 0.00303639960475266, 0.001649891841225326, 0.0013179050292819738, 0.0007222544518299401, 0.0003857286355923861, 0.0003575882001314312, 0.0002727150567807257, 0.0003162020293530077, 0.0003192999283783138, 0.0003374608641024679, 0.0003585648082662374, 0.0002435324277030304, 0.00039827945875003934, 0.0005091563798487186, 0.0002962073776870966, 0.0005261556943878531, 0.00023782554490026087, 0.0005761617212556303, 0.0004085928958375007, 0.00018702032684814185, 0.0001565249403938651, 0.00013156179920770228, 6.95487397024408e-05, 8.245283243013546e-05, 2.7915744794881903e-05, 3.833456867141649e-05, 5.45190014236141e-05, 5.595521361101419e-05, 7.328113861149177e-05, 7.96462336438708e-05, 4.1639756091171876e-05, 2.174667315557599e-05, 3.897921851603314e-05, 3.341911724419333e-05, 2.5236531655536965e-05, 5.3185907745501027e-05, 4.531299782684073e-05, 5.034539208281785e-05, 4.079915379406884e-05, 1.977915053430479e-05, 2.869164563890081e-05, 1.3861514162272215e-05, 1.3436847439152189e-05, 2.7836462322738953e-05, 1.3212336853030138e-05, 1.3878894606023096e-05, 3.623749580583535e-05, 2.928902904386632e-05, 3.0778584914514795e-05, 2.7508664061315358e-05, 1.8308221115148626e-05, 1.037188121699728e-05, 8.460698154522106e-06, 7.38841754355235e-06, 9.166343261313159e-06, 1.3371746717893984e-05, 1.6479943951708265e-05, 2.9199904020060785e-05, 4.231326238368638e-05, 1.9495048036333174e-05, 1.1470386198197957e-05, 6.970941285544541e-06, 5.344345026969677e-06, 4.879510470345849e-06, 5.082790266897064e-06, 7.769544936309103e-06, 6.417989879992092e-06, 7.103262305463431e-06, 7.65855838835705e-06, 6.217442205525003e-06, 5.837819117004983e-06, 6.1926166381454095e-06, 7.319422820728505e-06, 7.458137588400859e-06, 5.976308329991298e-06, 6.485700851044385e-06, 7.839483259886038e-06, 1.0766198101919144e-05, 9.787686394702177e-06, 1.060655358742224e-05, 9.190442142426036e-06, 1.0068731171486434e-05, 8.044573405641131e-06, 6.785669029341079e-06, 4.6585314521507826e-06, 4.4005578274664e-06, 4.7816793085075915e-06, 4.180122232355643e-06, 3.5660768844536506e-06, 3.9210285649460275e-06, 3.1284803299058694e-06, 3.4164534099545563e-06, 3.884122179442784e-06, 3.5149564610037487e-06, 2.8041340556228533e-06, 2.5676260975160403e-06, 2.129035692632897e-06, 1.912247171276249e-06, 1.8718232013270608e-06, 1.7169340935652144e-06, 1.5890232134552207e-06, 1.5586837207592907e-06, 1.392047693116183e-06, 1.1493308420540416e-06, 1.0355479389545508e-06, 7.909980013209861e-07, 6.386106861100416e-07, 4.1658128679955553e-07, 2.34648609875876e-07, 5.987034512600076e-08, 1.4063878062131607e-08, 1.2571937935135225e-10, 2.2998259546769262e-11, 1.3565678962101924e-11, 1.3258371830970894e-11, 1.3004447345366099e-11, 1.2794723613929193e-11, 1.2628488532673288e-11, 1.2508333778471492e-11, 1.2434945434458555e-11], "lowlevel.mfcc.mean": [-621.7366333007812, 95.37653350830078, 43.35318374633789, 35.8258056640625, 22.945262908935547, 10.895096778869629, 1.4721804857254028, 12.190690994262695, 0.40963470935821533, 6.628139019012451, 0.2507536709308624, -6.614067554473877, -3.0498621463775635], "lowlevel.spectral_contrast_coeffs.mean": [-0.622982382774353, -0.7777591347694397, -0.8035512566566467, -0.8179528117179871, -0.7939039468765259, -0.7805300354957581], "lowlevel.spectral_contrast_coeffs.stdev": [0.06543894112110138, 0.06794074177742004, 0.059000834822654724, 0.038716476410627365, 0.04620101675391197, 0.030201314017176628], "lowlevel.spectral_contrast_valleys.mean": [-6.154740333557129, -6.786645889282227, -7.607032299041748, -7.712303638458252, -7.442096710205078, -9.325174331665039], "lowlevel.spectral_contrast_valleys.stdev": [0.5370995402336121, 0.6483864784240723, 0.7070462107658386, 0.6288034319877625, 0.5902658700942993, 0.5966882705688477], "rhythm.beats_loudness_band_ratio.mean": [0.7849603891372681, 0.09133840352296829, 0.06776797771453857, 0.025194423273205757, 0.02205405943095684, 0.04640631005167961], "rhythm.beats_loudness_band_ratio.stdev": [0.1300307661294937, 0.08454852551221848, 0.07272696495056152, 0.03662138804793358, 0.015945488587021828, 0.03572831675410271], "tonal.hpcp.mean": [0.04333851858973503, 0.059570781886577606, 0.18182924389839172, 0.2479182928800583, 0.1578509360551834, 0.11669812351465225, 0.1287769377231598, 0.10389703512191772, 0.09257764369249344, 0.0900893360376358, 0.07463104277849197, 0.08622735738754272, 0.10129924863576889, 0.08023734390735626, 0.045920584350824356, 0.03407342731952667, 0.03572596237063408, 0.06049332767724991, 0.09034190326929092, 0.06820845603942871, 0.0431884303689003, 0.050392113626003265, 0.07607533782720566, 0.11077497154474258, 0.1269238293170929, 0.12428617477416992, 0.12452755123376846, 0.10676034539937973, 0.06692452728748322, 0.05451581999659538, 0.054437655955553055, 0.05546938255429268, 0.10699354112148285, 0.1682368814945221, 0.12606310844421387, 0.05957664176821709], "tonal.hpcp.stdev": [0.15662534534931183, 0.17388467490673065, 0.3060448169708252, 0.38017740845680237, 0.2693690359592438, 0.26037463545799255, 0.28356674313545227, 0.2406744658946991, 0.23078280687332153, 0.22305217385292053, 0.19520601630210876, 0.21296261250972748, 0.23958514630794525, 0.2135225087404251, 0.13985009491443634, 0.10669910162687302, 0.1291014403104782, 0.16082864999771118, 0.21374648809432983, 0.16641782224178314, 0.1352831870317459, 0.14851334691047668, 0.19867435097694397, 0.2308080941438675, 0.23684543371200562, 0.21243663132190704, 0.26419249176979065, 0.23647327721118927, 0.18656395375728607, 0.15395650267601013, 0.16112229228019714, 0.15627865493297577, 0.24995601177215576, 0.3261564373970032, 0.27308428287506104, 0.18151439726352692], "rhythm.beats_position": [0.4760090708732605, 0.9752380847930908, 1.4396371841430664, 1.8808163404464722, 2.321995496749878, 2.774784564971924, 3.2275736331939697, 3.668752670288086, 4.109931945800781, 4.551111221313477, 4.992290019989014, 5.433469295501709, 5.874648571014404, 6.315827369689941, 6.768616676330566, 7.221405982971191, 7.6625847816467285, 8.103763580322266, 8.544942855834961, 8.986122131347656, 9.427301406860352, 9.868480682373047, 10.309659957885742, 10.76244831085205, 11.215237617492676, 11.656416893005371, 12.097596168518066, 12.538775444030762, 12.979954719543457, 13.432743072509766, 13.88553237915039, 14.326711654663086, 14.767890930175781, 15.209070205688477, 15.650249481201172, 16.091428756713867, 16.532608032226562, 16.973787307739258, 17.414966583251953, 17.856143951416016, 18.30893325805664, 18.761722564697266, 19.20290184020996, 19.644081115722656, 20.08526039123535, 20.526439666748047, 20.967618942260742, 21.408798217773438, 21.849977493286133, 22.291156768798828, 22.743946075439453, 23.196733474731445, 23.63791275024414, 24.079092025756836, 24.52027130126953, 24.961450576782227, 25.402629852294922, 25.843809127807617, 26.296598434448242, 26.737777709960938, 27.190567016601562, 27.631746292114258, 28.072925567626953, 28.514102935791016, 28.95528221130371, 29.419681549072266], "rhythm.bpm_histogram": [0.0, 0.0, 0.0, 0.0, 0.0, 0.0, 0.0, 0.0, 0.0, 0.0, 0.0, 0.0, 0.0, 0.0, 0.0, 0.0, 0.0, 0.0, 0.0, 0.0, 0.0, 0.0, 0.0, 0.0, 0.0, 0.0, 0.0, 0.0, 0.0, 0.0, 0.0, 0.0, 0.0, 0.0, 0.0, 0.0, 0.0, 0.0, 0.0, 0.0, 0.0, 0.0, 0.0, 0.0, 0.0, 0.0, 0.0, 0.0, 0.0, 0.0, 0.0, 0.0, 0.0, 0.0, 0.0, 0.0, 0.0, 0.0, 0.0, 0.0, 0.0, 0.0, 0.0, 0.0, 0.0, 0.0, 0.0, 0.0, 0.0, 0.0, 0.0, 0.0, 0.0, 0.0, 0.0, 0.0, 0.0, 0.0, 0.0, 0.0, 0.0, 0.0, 0.0, 0.0, 0.0, 0.0, 0.0, 0.0, 0.0, 0.0, 0.0, 0.0, 0.0, 0.0, 0.0, 0.0, 0.0, 0.0, 0.0, 0.0, 0.0, 0.0, 0.0, 0.0, 0.0, 0.0, 0.0, 0.0, 0.0, 0.0, 0.0, 0.0, 0.0, 0.0, 0.0, 0.0, 0.0, 0.0, 0.0, 0.0, 0.015384615398943424, 0.0, 0.0, 0.0, 0.0, 0.0, 0.0, 0.0, 0.0, 0.03076923079788685, 0.0, 0.0, 0.0, 0.2153846174478531, 0.0, 0.0, 0.7384615540504456, 0.0, 0.0, 0.0, 0.0, 0.0, 0.0, 0.0, 0.0, 0.0, 0.0, 0.0, 0.0, 0.0, 0.0, 0.0, 0.0, 0.0, 0.0, 0.0, 0.0, 0.0, 0.0, 0.0, 0.0, 0.0, 0.0, 0.0, 0.0, 0.0, 0.0, 0.0, 0.0, 0.0, 0.0, 0.0, 0.0, 0.0, 0.0, 0.0, 0.0, 0.0, 0.0, 0.0, 0.0, 0.0, 0.0, 0.0, 0.0, 0.0, 0.0, 0.0, 0.0, 0.0, 0.0, 0.0, 0.0, 0.0, 0.0, 0.0, 0.0, 0.0, 0.0, 0.0, 0.0, 0.0, 0.0, 0.0, 0.0, 0.0, 0.0, 0.0, 0.0, 0.0, 0.0, 0.0, 0.0, 0.0, 0.0, 0.0, 0.0, 0.0, 0.0, 0.0, 0.0, 0.0, 0.0, 0.0, 0.0, 0.0, 0.0, 0.0, 0.0, 0.0, 0.0, 0.0, 0.0, 0.0, 0.0, 0.0, 0.0, 0.0, 0.0, 0.0, 0.0, 0.0, 0.0, 0.0, 0.0, 0.0, 0.0, 0.0, 0.0, 0.0], "tonal.chords_histogram": [5.15625, 6.71875, 1.875, 10.15625, 10.15625, 8.75, 0.0, 10.9375, 0.15625, 0.0, 0.0, 0.0, 1.40625, 12.8125, 0.0, 0.0, 2.34375, 2.1875, 8.4375, 2.65625, 10.78125, 0.0, 1.71875, 3.75], "tonal.thpcp": [1.0, 0.6367054581642151, 0.4707120358943939, 0.5194329619407654, 0.41907772421836853, 0.37341997027397156, 0.3633831739425659, 0.30103081464767456, 0.34780555963516235, 0.408599317073822, 0.3236443102359772, 0.18522466719150543, 0.13743813335895538, 0.1441037803888321, 0.24400509893894196, 0.3644019365310669, 0.275124728679657, 0.1742042899131775, 0.20326097309589386, 0.3068564832210541, 0.4468204975128174, 0.5119583010673523, 0.5013191103935242, 0.5022926926612854, 0.43062713742256165, 0.26994588971138, 0.21989430487155914, 0.21957902610301971, 0.2237405776977539, 0.4315677583217621, 0.6785981059074402, 0.5084865093231201, 0.24030756950378418, 0.17480967938899994, 0.24028393626213074, 0.7334240674972534], "lowlevel.gfcc.cov": [[2459.4892578125, -117.34587860107422, -492.7921142578125, -214.2207794189453, -106.59400939941406, -18.72010040283203, 76.4765853881836, 75.2390365600586, -16.242292404174805, 13.097159385681152, -60.65041732788086, 9.222054481506348, -57.916175842285156], [-117.34587860107422, 569.9044799804688, -256.8355712890625, -184.04830932617188, 35.63381576538086, -93.91622924804688, 27.150341033935547, 22.21165657043457, 30.505247116088867, -65.30541229248047, 32.249149322509766, -56.6237907409668, 15.728559494018555], [-492.7921142578125, -256.8355712890625, 565.473876953125, 235.7515106201172, 42.67290115356445, 100.72362518310547, -15.553362846374512, -47.50482177734375, -0.8003750443458557, 63.4098014831543, 25.66889190673828, 80.48204040527344, 40.593788146972656], [-214.2207794189453, -184.04830932617188, 235.7515106201172, 322.6694641113281, 74.38789367675781, 46.688846588134766, -3.678278923034668, -38.53211975097656, 29.00433349609375, 38.62405014038086, 26.77113914489746, 40.52637481689453, 53.14862823486328], [-106.59400939941406, 35.63381576538086, 42.67290115356445, 74.38789367675781, 175.6929473876953, 36.627079010009766, 10.41220760345459, -3.910684585571289, 18.130525588989258, 0.7289826273918152, -2.317462205886841, -1.2685798406600952, 25.710941314697266], [-18.72010040283203, -93.91622924804688, 100.72362518310547, 46.688846588134766, 36.627079010009766, 158.8957977294922, 73.81251525878906, -12.784141540527344, -3.655733823776245, 8.888907432556152, -10.393111228942871, -1.1581640243530273, 6.042185306549072], [76.4765853881836, 27.150341033935547, -15.553362846374512, -3.678278923034668, 10.41220760345459, 73.81251525878906, 161.7360076904297, 60.97307205200195, 4.358909606933594, -8.124101638793945, 11.784173965454102, -4.7287468910217285, -10.772432327270508], [75.2390365600586, 22.21165657043457, -47.50482177734375, -38.53211975097656, -3.910684585571289, -12.784141540527344, 60.97307205200195, 101.52747344970703, 37.931724548339844, 4.7438645362854, 5.1652116775512695, -10.496618270874023, -19.12439727783203], [-16.242292404174805, 30.505247116088867, -0.8003750443458557, 29.00433349609375, 18.130525588989258, -3.655733823776245, 4.358909606933594, 37.931724548339844, 81.6400375366211, 37.227046966552734, 9.545482635498047, -8.210307121276855, 4.345243453979492], [13.097159385681152, -65.30541229248047, 63.4098014831543, 38.62405014038086, 0.7289826273918152, 8.888907432556152, -8.124101638793945, 4.7438645362854, 37.227046966552734, 80.82696533203125, 28.407590866088867, 16.622190475463867, -1.601270079612732], [-60.65041732788086, 32.249149322509766, 25.66889190673828, 26.77113914489746, -2.317462205886841, -10.393111228942871, 11.784173965454102, 5.1652116775512695, 9.545482635498047, 28.407590866088867, 59.720096588134766, 28.181568145751953, -1.0006417036056519], [9.222054481506348, -56.6237907409668, 80.48204040527344, 40.52637481689453, -1.2685798406600952, -1.1581640243530273, -4.7287468910217285, -10.496618270874023, -8.210307121276855, 16.622190475463867, 28.181568145751953, 73.8451156616211, 27.226680755615234], [-57.916175842285156, 15.728559494018555, 40.593788146972656, 53.14862823486328, 25.710941314697266, 6.042185306549072, -10.772432327270508, -19.12439727783203, 4.345243453979492, -1.601270079612732, -1.0006417036056519, 27.226680755615234, 63.262451171875]], "lowlevel.gfcc.icov": [[0.0006588253891095519, 9.008529013954103e-05, 0.0008824886754155159, -0.00013618450611829758, 0.0001717517588986084, -0.00019325439643580467, -0.000264353264356032, -0.00019759120186790824, 0.0003272757458034903, -0.001013540429994464, 0.0014695476274937391, -0.001453013508580625, 0.0005732565768994391], [9.008529013954103e-05, 0.008181177079677582, -0.0003836464893538505, 0.006800878793001175, -0.0030802085530012846, 0.005410901736468077, -0.004778316244482994, 0.006673648487776518, -0.008435442112386227, 0.008711835369467735, -0.013209326192736626, 0.008994470350444317, -0.008760187774896622], [0.0008824886754155159, -0.0003836464893538505, 0.004700551275163889, -0.0027208689134567976, 0.0005921940319240093, -0.0028687051963061094, 0.0014116165693849325, -0.001615063170902431, 0.0022721756249666214, -0.003440304659307003, 0.0034757540561258793, -0.005257092881947756, 0.0020327670499682426], [-0.00013618450611829758, 0.006800878793001175, -0.0027208689134567976, 0.011588613502681255, -0.003965015523135662, 0.005217700265347958, -0.005127232521772385, 0.008245639503002167, -0.009720928966999054, 0.007693410385400057, -0.013131187297403812, 0.008629229851067066, -0.010131943970918655], [0.0001717517588986084, -0.0030802085530012846, 0.0005921940319240093, -0.003965015523135662, 0.00816474948078394, -0.003736732294782996, 0.0022343075834214687, -0.003156685968860984, 0.0021965738851577044, -0.0025306427851319313, 0.004992768634110689, -0.0026661588344722986, 0.0013504656963050365], [-0.00019325439643580467, 0.005410901736468077, -0.0028687051963061094, 0.005217700265347958, -0.003736732294782996, 0.01676264964044094, -0.012085706926882267, 0.011214328929781914, -0.006977298762649298, 0.0035224794410169125, -0.004261345136910677, 0.007566544227302074, -0.0055706193670630455], [-0.000264353264356032, -0.004778316244482994, 0.0014116165693849325, -0.005127232521772385, 0.0022343075834214687, -0.012085706926882267, 0.017918547615408897, -0.015101746656000614, 0.008711791597306728, -0.002031231066212058, 0.00136905862018466, -0.004167935810983181, 0.0042455242946743965], [-0.00019759120186790824, 0.006673648487776518, -0.001615063170902431, 0.008245639503002167, -0.003156685968860984, 0.011214328929781914, -0.015101746656000614, 0.028534535318613052, -0.01912860944867134, 0.008891629986464977, -0.00828129705041647, 0.0055159712210297585, -0.002430822467431426], [0.0003272757458034903, -0.008435442112386227, 0.0022721756249666214, -0.009720928966999054, 0.0021965738851577044, -0.006977298762649298, 0.008711791597306728, -0.01912860944867134, 0.03383694589138031, -0.020680874586105347, 0.013418179005384445, -0.003927235491573811, 0.0036350616719573736], [-0.001013540429994464, 0.008711835369467735, -0.003440304659307003, 0.007693410385400057, -0.0025306427851319313, 0.0035224794410169125, -0.002031231066212058, 0.008891629986464977, -0.020680874586105347, 0.03369069844484329, -0.024865077808499336, 0.009489849209785461, -0.006519878748804331], [0.0014695476274937391, -0.013209326192736626, 0.0034757540561258793, -0.013131187297403812, 0.004992768634110689, -0.004261345136910677, 0.00136905862018466, -0.00828129705041647, 0.013418179005384445, -0.024865077808499336, 0.05346476659178734, -0.02916405349969864, 0.021384812891483307], [-0.001453013508580625, 0.008994470350444317, -0.005257092881947756, 0.008629229851067066, -0.0026661588344722986, 0.007566544227302074, -0.004167935810983181, 0.0055159712210297585, -0.003927235491573811, 0.009489849209785461, -0.02916405349969864, 0.03922553360462189, -0.02295723371207714], [0.0005732565768994391, -0.008760187774896622, 0.0020327670499682426, -0.010131943970918655, 0.0013504656963050365, -0.0055706193670630455, 0.0042455242946743965, -0.002430822467431426, 0.0036350616719573736, -0.006519878748804331, 0.021384812891483307, -0.02295723371207714, 0.035492826253175735]], "lowlevel.mfcc.cov": [[2607.717041015625, -42.537109375, -522.364013671875, -214.87330627441406, -247.0656280517578, -122.65943145751953, -45.98684310913086, 11.403083801269531, 10.539932250976562, 30.841493606567383, 40.41606903076172, -49.790138244628906, -55.195213317871094], [-42.537109375, 610.5188598632812, -272.7524108886719, -135.81439208984375, -51.641292572021484, -132.62759399414062, -21.57695198059082, 20.935606002807617, -22.483736038208008, 21.74601936340332, 8.53731632232666, -45.531524658203125, -10.277491569519043], [-522.364013671875, -272.7524108886719, 480.85382080078125, 135.54151916503906, 72.3046646118164, 121.62410736083984, 28.706661224365234, -19.778772354125977, 9.352704048156738, -38.05112075805664, -22.563932418823242, 71.1490478515625, 45.7137451171875], [-214.87330627441406, -135.81439208984375, 135.54151916503906, 236.1441650390625, 103.65924835205078, 50.097774505615234, -4.768069744110107, -10.207529067993164, 12.431999206542969, -6.869843006134033, -19.856521606445312, 27.80807113647461, 42.260528564453125], [-247.0656280517578, -51.641292572021484, 72.3046646118164, 103.65924835205078, 185.636474609375, 73.40815734863281, -23.071401596069336, -28.721782684326172, 13.220370292663574, 1.3319621086120605, -30.30282211303711, -6.34112024307251, 20.711435317993164], [-122.65943145751953, -132.62759399414062, 121.62410736083984, 50.097774505615234, 73.40815734863281, 176.4658203125, 59.28390884399414, -1.2766703367233276, 27.355525970458984, -9.596932411193848, -19.84366226196289, 21.057323455810547, 4.82760763168335], [-45.98684310913086, -21.57695198059082, 28.706661224365234, -4.768069744110107, -23.071401596069336, 59.28390884399414, 120.85103607177734, 59.492431640625, 17.174331665039062, 3.970914363861084, 16.82695960998535, 11.81166934967041, -12.550298690795898], [11.403083801269531, 20.935606002807617, -19.778772354125977, -10.207529067993164, -28.721782684326172, -1.2766703367233276, 59.492431640625, 96.49932861328125, 30.66329574584961, 15.032977104187012, 12.828484535217285, 0.9946892857551575, -4.209426403045654], [10.539932250976562, -22.483736038208008, 9.352704048156738, 12.431999206542969, 13.220370292663574, 27.355525970458984, 17.174331665039062, 30.66329574584961, 79.2882308959961, 35.7639045715332, 1.4265884160995483, 6.834836959838867, -0.9359646439552307], [30.841493606567383, 21.74601936340332, -38.05112075805664, -6.869843006134033, 1.3319621086120605, -9.596932411193848, 3.970914363861084, 15.032977104187012, 35.7639045715332, 80.97200775146484, 43.376495361328125, 0.28744369745254517, -14.023283004760742], [40.41606903076172, 8.53731632232666, -22.563932418823242, -19.856521606445312, -30.30282211303711, -19.84366226196289, 16.82695960998535, 12.828484535217285, 1.4265884160995483, 43.376495361328125, 89.41797637939453, 29.761138916015625, -9.695466995239258], [-49.790138244628906, -45.531524658203125, 71.1490478515625, 27.80807113647461, -6.34112024307251, 21.057323455810547, 11.81166934967041, 0.9946892857551575, 6.834836959838867, 0.28744369745254517, 29.761138916015625, 80.43013000488281, 35.20170974731445], [-55.195213317871094, -10.277491569519043, 45.7137451171875, 42.260528564453125, 20.711435317993164, 4.82760763168335, -12.550298690795898, -4.209426403045654, -0.9359646439552307, -14.023283004760742, -9.695466995239258, 35.20170974731445, 74.83154296875]], "lowlevel.mfcc.icov": [[0.0006432420923374593, 0.00047973080654628575, 0.000886720372363925, 0.00012605356459971517, 0.0007614947389811277, -0.00022797433484811336, 0.00035186385503038764, 8.980495476862416e-05, -0.00027207957464270294, 7.551384624093771e-05, -2.2633861590293236e-05, 3.2805881346575916e-05, -0.00021214470325503498], [0.00047973080654628575, 0.0029471474699676037, 0.0016574912006035447, 0.0012138199526816607, -0.0002981455472763628, 0.0013972599990665913, -0.0005517067620530725, -0.0001223161380039528, 0.00037137934123165905, -0.0005976558313705027, 0.0007168230949901044, -7.259965059347451e-05, -0.001026785932481289], [0.000886720372363925, 0.0016574912006035447, 0.004851303528994322, -0.0006277168286032975, 0.0007532486924901605, -0.0011483696289360523, -3.629079583333805e-05, 0.000545921444427222, -0.00024692347506061196, 0.0008151019574142992, 0.0007589202141389251, -0.002261414658278227, -0.0005254125571809709], [0.00012605356459971517, 0.0012138199526816607, -0.0006277168286032975, 0.007262833416461945, -0.003644620766863227, 0.0013995623448863626, -0.0007213859353214502, -0.00039155897684395313, 5.168848656467162e-05, -0.0006581509369425476, 0.0010369975352659822, -0.0011965044541284442, -0.002108525950461626], [0.0007614947389811277, -0.0002981455472763628, 0.0007532486924901605, -0.003644620766863227, 0.011262298561632633, -0.005512637086212635, 0.003906077239662409, 0.0008563486044295132, -0.00043291799374856055, -0.0016407164512202144, 0.00028758731787092984, 0.003366857534274459, -0.0017987891333177686], [-0.00022797433484811336, 0.0013972599990665913, -0.0011483696289360523, 0.0013995623448863626, -0.005512637086212635, 0.013386080972850323, -0.008760634809732437, 0.004161217249929905, -0.003149360651150346, 0.0006405518506653607, 0.0029670814983546734, -0.002869983669370413, 0.001177009311504662], [0.00035186385503038764, -0.0005517067620530725, -3.629079583333805e-05, -0.0007213859353214502, 0.003906077239662409, -0.008760634809732437, 0.019167166203260422, -0.011024000123143196, 0.0018675929168239236, 0.0013521884102374315, -0.0033750957809388638, 0.00011023769184248522, 0.0024794889613986015], [8.980495476862416e-05, -0.0001223161380039528, 0.000545921444427222, -0.00039155897684395313, 0.0008563486044295132, 0.004161217249929905, -0.011024000123143196, 0.019756408408284187, -0.007413271814584732, 0.0008036119397729635, -0.0006338341627269983, 0.0018074186518788338, -0.0021804177667945623], [-0.00027207957464270294, 0.00037137934123165905, -0.00024692347506061196, 5.168848656467162e-05, -0.00043291799374856055, -0.003149360651150346, 0.0018675929168239236, -0.007413271814584732, 0.022378304973244667, -0.012747276574373245, 0.007185449358075857, -0.00407102145254612, 0.0009282992104999721], [7.551384624093771e-05, -0.0005976558313705027, 0.0008151019574142992, -0.0006581509369425476, -0.0016407164512202144, 0.0006405518506653607, 0.0013521884102374315, 0.0008036119397729635, -0.012747276574373245, 0.02639954164624214, -0.014693082310259342, 0.004583560861647129, 0.0012600593036040664], [-2.2633861590293236e-05, 0.0007168230949901044, 0.0007589202141389251, 0.0010369975352659822, 0.00028758731787092984, 0.0029670814983546734, -0.0033750957809388638, -0.0006338341627269983, 0.007185449358075857, -0.014693082310259342, 0.024753645062446594, -0.012641503475606441, 0.004650107119232416], [3.2805881346575916e-05, -7.259965059347451e-05, -0.002261414658278227, -0.0011965044541284442, 0.003366857534274459, -0.002869983669370413, 0.00011023769184248522, 0.0018074186518788338, -0.00407102145254612, 0.004583560861647129, -0.012641503475606441, 0.025868862867355347, -0.011554026044905186], [-0.00021214470325503498, -0.001026785932481289, -0.0005254125571809709, -0.002108525950461626, -0.0017987891333177686, 0.001177009311504662, 0.0024794889613986015, -0.0021804177667945623, 0.0009282992104999721, 0.0012600593036040664, 0.004650107119232416, -0.011554026044905186, 0.021578101441264153]], "metadata.audio_properties.analysis.downmix": "mix", "metadata.audio_properties.codec": "mp3", "metadata.audio_properties.md5_encoded": "0ed0561f8d83480291d8a66e7103b3bd", "metadata.tags.file_name": "1183670648460021783.mp3", "metadata.version.essentia": "2.1-beta6-dev", "metadata.version.essentia_git_sha": "v2.1_beta5-1110-g77a6a954", "metadata.version.extractor": "music 2.0", "tonal.chords_key": "G", "tonal.chords_scale": "major", "tonal.key_edma.key": "F#", "tonal.key_edma.scale": "major", "tonal.key_krumhansl.key": "Bb", "tonal.key_krumhansl.scale": "minor", "tonal.key_temperley.key