{"song_id": "1183683434145648690", "download": "https://cdn.discordapp.com/attachments/1135911532732108921/1183683434145648690/chirp.mp4?ex=65893a1a&amp", "lyrics": "[Verse]\nNo in\u00edcio, eu tinha nada, mas eu sonhava alto\nEsse \u00e9 o meu trap, o luxo que me mant\u00e9m no salto\nMulher ao meu lado, Rolex no pulso, eu n\u00e3o nego\nCom meu Porsche, eu mostro que a supera\u00e7\u00e3o \u00e9 o meu lema\n\n[Chorus]\nLuxo \u00e9 o que eu almejo, correndo atr\u00e1s, sem parar\nDeixando as preocupa\u00e7\u00f5es, n\u00e3o tenho tempo a desperdi\u00e7ar\nNenhuma inveja me afeta, sigo minha pr\u00f3pria estrada\nO sucesso \u00e9 meu destino, eu alcan\u00e7o com a minha jornada", "style": ["musica de superacao</span><span>, luxo</span><span>, n\u00e3o ligar pra nada"], "essentia_features": {"lowlevel.average_loudness": 0.7895078063011169, "lowlevel.barkbands_crest.mean": 14.853528022766113, "lowlevel.barkbands_crest.stdev": 6.602701187133789, "lowlevel.barkbands_flatness_db.mean": 0.2475922703742981, "lowlevel.barkbands_flatness_db.stdev": 0.09539464861154556, "lowlevel.barkbands_kurtosis.mean": 24.34084129333496, "lowlevel.barkbands_kurtosis.stdev": 86.71515655517578, "lowlevel.barkbands_skewness.mean": 2.5634572505950928, "lowlevel.barkbands_skewness.stdev": 3.731104850769043, "lowlevel.barkbands_spread.mean": 15.812299728393555, "lowlevel.barkbands_spread.stdev": 14.599782943725586, "lowlevel.dissonance.mean": 0.43186822533607483, "lowlevel.dissonance.stdev": 0.050987355411052704, "lowlevel.dynamic_complexity": 4.563941478729248, "lowlevel.erbbands_crest.mean": 11.528882026672363, "lowlevel.erbbands_crest.stdev": 4.964309215545654, "lowlevel.erbbands_flatness_db.mean": 0.24569551646709442, "lowlevel.erbbands_flatness_db.stdev": 0.10263066738843918, "lowlevel.erbbands_kurtosis.mean": 1.8074398040771484, "lowlevel.erbbands_kurtosis.stdev": 4.045688152313232, "lowlevel.erbbands_skewness.mean": 0.47232893109321594, "lowlevel.erbbands_skewness.stdev": 1.1990046501159668, "lowlevel.erbbands_spread.mean": 33.71599578857422, "lowlevel.erbbands_spread.stdev": 25.711400985717773, "lowlevel.hfc.mean": 32.901390075683594, "lowlevel.hfc.stdev": 42.984397888183594, "lowlevel.loudness_ebu128.integrated": -13.732950210571289, "lowlevel.loudness_ebu128.loudness_range": 12.75798225402832, "lowlevel.loudness_ebu128.momentary.mean": -16.77950668334961, "lowlevel.loudness_ebu128.momentary.stdev": 5.446477890014648, "lowlevel.loudness_ebu128.short_term.mean": -16.128740310668945, "lowlevel.loudness_ebu128.short_term.stdev": 4.913156509399414, "lowlevel.melbands_crest.mean": 18.8502197265625, "lowlevel.melbands_crest.stdev": 7.954095363616943, "lowlevel.melbands_flatness_db.mean": 0.2824246883392334, "lowlevel.melbands_flatness_db.stdev": 0.12987282872200012, "lowlevel.melbands_kurtosis.mean": 44.35422897338867, "lowlevel.melbands_kurtosis.stdev": 102.89019775390625, "lowlevel.melbands_skewness.mean": 3.787050724029541, "lowlevel.melbands_skewness.stdev": 3.9773473739624023, "lowlevel.melbands_spread.mean": 23.02639389038086, "lowlevel.melbands_spread.stdev": 33.22603988647461, "lowlevel.pitch_salience.mean": 0.4368917942047119, "lowlevel.pitch_salience.stdev": 0.20112860202789307, "lowlevel.silence_rate_20dB.mean": 1.0, "lowlevel.silence_rate_20dB.stdev": 0.0, "lowlevel.silence_rate_30dB.mean": 0.7473928332328796, "lowlevel.silence_rate_30dB.stdev": 0.43450790643692017, "lowlevel.silence_rate_60dB.mean": 0.23580533266067505, "lowlevel.silence_rate_60dB.stdev": 0.4245005249977112, "lowlevel.spectral_centroid.mean": 1465.507080078125, "lowlevel.spectral_centroid.stdev": 1056.0618896484375, "lowlevel.spectral_complexity.mean": 12.738122940063477, "lowlevel.spectral_complexity.stdev": 10.551647186279297, "lowlevel.spectral_decrease.mean": -1.3872990756169656e-08, "lowlevel.spectral_decrease.stdev": 1.870455967889484e-08, "lowlevel.spectral_energy.mean": 0.05534406378865242, "lowlevel.spectral_energy.stdev": 0.07141781598329544, "lowlevel.spectral_energyband_high.mean": 0.002567166928201914, "lowlevel.spectral_energyband_high.stdev": 0.0050943708047270775, "lowlevel.spectral_energyband_low.mean": 0.04125741869211197, "lowlevel.spectral_energyband_low.stdev": 0.07028285413980484, "lowlevel.spectral_energyband_middle_high.mean": 0.0063549308106303215, "lowlevel.spectral_energyband_middle_high.stdev": 0.010167649015784264, "lowlevel.spectral_energyband_middle_low.mean": 0.005717372987419367, "lowlevel.spectral_energyband_middle_low.stdev": 0.00756902014836669, "lowlevel.spectral_entropy.mean": 7.170049667358398, "lowlevel.spectral_entropy.stdev": 0.8957023024559021, "lowlevel.spectral_flux.mean": 0.07226608693599701, "lowlevel.spectral_flux.stdev": 0.0674319937825203, "lowlevel.spectral_kurtosis.mean": 11.07287311553955, "lowlevel.spectral_kurtosis.stdev": 16.9261417388916, "lowlevel.spectral_rms.mean": 0.00572134368121624, "lowlevel.spectral_rms.stdev": 0.004610908217728138, "lowlevel.spectral_rolloff.mean": 1802.3150634765625, "lowlevel.spectral_rolloff.stdev": 2352.410400390625, "lowlevel.spectral_skewness.mean": 1.906678557395935, "lowlevel.spectral_skewness.stdev": 1.272414207458496, "lowlevel.spectral_spread.mean": 4584108.0, "lowlevel.spectral_spread.stdev": 2595626.75, "lowlevel.spectral_strongpeak.mean": 1.3603273630142212, "lowlevel.spectral_strongpeak.stdev": 1.6498169898986816, "lowlevel.zerocrossingrate.mean": 0.06621190160512924, "lowlevel.zerocrossingrate.stdev": 0.06732889264822006, "metadata.audio_properties.analysis.equal_loudness": 0.0, "metadata.audio_properties.analysis.length": 40.04265213012695, "metadata.audio_properties.analysis.sample_rate": 44100.0, "metadata.audio_properties.analysis.start_time": 0.0, "metadata.audio_properties.bit_rate": 117830.0, "metadata.audio_properties.length": 40.042667388916016, "metadata.audio_properties.lossless": 0.0, "metadata.audio_properties.number_channels": 1.0, "metadata.audio_properties.replay_gain": -11.302305221557617, "metadata.audio_properties.sample_rate": 48000.0, "rhythm.beats_count": 79.0, "rhythm.beats_loudness.mean": 0.051073454320430756, "rhythm.beats_loudness.stdev": 0.046424660831689835, "rhythm.bpm": 119.95047760009766, "rhythm.bpm_histogram_first_peak_bpm": 120.0, "rhythm.bpm_histogram_first_peak_weight": 0.29870128631591797, "rhythm.bpm_histogram_second_peak_bpm": 115.0, "rhythm.bpm_histogram_second_peak_spread": 0.0, "rhythm.bpm_histogram_second_peak_weight": 0.012820512987673283, "rhythm.danceability": 0.9892182350158691, "rhythm.onset_rate": 4.3191237449646, "tonal.chords_changes_rate": 0.0798611119389534, "tonal.chords_number_rate": 0.011574073694646358, "tonal.chords_strength.mean": 0.4198983609676361, "tonal.chords_strength.stdev": 0.06369924545288086, "tonal.hpcp_crest.mean": 18.71946144104004, "tonal.hpcp_crest.stdev": 8.488607406616211, "tonal.hpcp_entropy.mean": 1.3696370124816895, "tonal.hpcp_entropy.stdev": 0.7373091578483582, "tonal.key_edma.strength": 0.6869168877601624, "tonal.key_krumhansl.strength": 0.6985688805580139, "tonal.key_temperley.strength": 0.7053008079528809, "tonal.tuning_diatonic_strength": 0.4922855794429779, "tonal.tuning_equal_tempered_deviation": 0.10484301298856735, "tonal.tuning_frequency": 442.2933654785156, "tonal.tuning_nontempered_energy_ratio": 0.6636094450950623, "lowlevel.barkbands.mean": [0.0007152840262278914, 0.03939880430698395, 0.0009751770994625986, 0.0003040397132281214, 0.000431485241279006, 0.00044747223728336394, 0.0007204285357147455, 0.0022225379943847656, 0.0008495216025039554, 0.0014482082333415747, 0.0013099622447043657, 0.0007017162861302495, 0.0008774027228355408, 0.000549151620361954, 0.0003515517746564001, 0.0003555331495590508, 0.0003773414937313646, 0.0004631945339497179, 0.00017063699488062412, 0.0003324639401398599, 0.00043754634680226445, 0.0004496219626162201, 0.000695368624292314, 0.00040473791887052357, 0.000273450103122741, 8.029767195694149e-05, 1.1601995311139035e-06], "lowlevel.barkbands.stdev": [0.0017414056928828359, 0.0685853362083435, 0.00660994416102767, 0.002505118027329445, 0.0009748693555593491, 0.000692904694005847, 0.0016284898156300187, 0.005135275889188051, 0.002032025484368205, 0.0041161491535604, 0.0046808174811303616, 0.0025359676219522953, 0.002829287201166153, 0.0015694772591814399, 0.0011260657338425517, 0.0012106129433959723, 0.0011457438813522458, 0.0010269186459481716, 0.0004170250322204083, 0.0007666603196412325, 0.0010783282341435552, 0.0010958780767396092, 0.0015863539883866906, 0.0010741829173639417, 0.0007047107210382819, 0.00023659731959924102, 6.402832241292344e-06], "lowlevel.erbbands.mean": [1.393226146697998, 7.818772315979004, 2.8442256450653076, 1.271437168121338, 0.7041891813278198, 1.5056788921356201, 2.824047565460205, 4.125832557678223, 8.65165901184082, 32.53324508666992, 35.520713806152344, 20.940168380737305, 47.08518600463867, 40.22353744506836, 46.994773864746094, 27.37474822998047, 41.5413818359375, 25.542560577392578, 23.27828025817871, 19.00640869140625, 20.495849609375, 21.084617614746094, 27.943506240844727, 12.46228313446045, 8.763175964355469, 15.598451614379883, 20.09503173828125, 14.493497848510742, 15.215261459350586, 22.708465576171875, 17.74563980102539, 8.570751190185547, 7.057862758636475, 4.232937335968018, 1.2631865739822388, 0.44510775804519653, 0.1311717927455902, 0.016176562756299973, 0.00035575139918364584, 8.211202657548711e-05], "lowlevel.erbbands.stdev": [2.495842218399048, 13.853282928466797, 7.647838592529297, 9.467798233032227, 4.344707489013672, 3.3797290325164795, 4.647690296173096, 6.519693374633789, 15.974224090576172, 63.97874450683594, 83.41301727294922, 46.924354553222656, 133.6918487548828, 148.14813232421875, 162.8468475341797, 77.71852111816406, 133.37037658691406, 58.98825454711914, 59.91041946411133, 55.8167724609375, 65.2645034790039, 52.83195877075195, 63.41678237915039, 26.3741455078125, 20.927156448364258, 34.85494613647461, 46.36961364746094, 41.809974670410156, 38.84341812133789, 50.708168029785156, 40.6301155090332, 21.98907470703125, 19.05055809020996, 11.48879337310791, 3.108707904815674, 1.2209279537200928, 0.4070454239845276, 0.060527537018060684, 0.0011387288104742765, 9.555849828757346e-05], "lowlevel.gfcc.mean": [-84.08551025390625, 73.99879455566406, -155.87586975097656, -7.455628871917725, -74.08992767333984, -1.8766013383865356, -34.85821533203125, 9.13155746459961, -13.311084747314453, 6.734938144683838, -5.582571029663086, 3.5363008975982666, -4.265138626098633], "lowlevel.melbands.mean": [0.012004859745502472, 0.004216200206428766, 0.0001875768939498812, 6.880849105073139e-05, 0.0001011701679090038, 9.560646867612377e-05, 0.00013461295748129487, 0.0004301837761886418, 0.00025556571199558675, 0.00012902305752504617, 0.00023564192815683782, 0.000156658876221627, 0.0001460407511331141, 0.0001106777781387791, 5.9970356232952327e-05, 9.312331530964002e-05, 4.506605910137296e-05, 4.131789319217205e-05, 3.0139655791572295e-05, 2.696928095247131e-05, 2.2532463844981976e-05, 2.077745011774823e-05, 2.6005549443652853e-05, 2.0556624804157764e-05, 9.076928108697757e-06, 5.858199529029662e-06, 6.988278983044438e-06, 1.1376070688129403e-05, 1.3360257980821189e-05, 1.0658537576091476e-05, 7.532781637564767e-06, 7.995163286977913e-06, 9.745690476847813e-06, 1.4409080904442817e-05, 1.1346996870997828e-05, 6.483331617346266e-06, 4.7575831558788195e-06, 4.995550625608303e-06, 4.62784828414442e-06, 3.2287243811879307e-06], "lowlevel.melbands.stdev": [0.02100308984518051, 0.007556545548141003, 0.0014173273229971528, 0.0002296187012689188, 0.0001601285912329331, 0.00014729406393598765, 0.0002800521906465292, 0.0008914152858778834, 0.0005852836766280234, 0.00031646533170714974, 0.0006856162799522281, 0.0005707928794436157, 0.00048069944023154676, 0.0003599545743782073, 0.00021296915656421334, 0.0003225407563149929, 0.0001207847089972347, 0.00012115600111428648, 9.87601451925002e-05, 9.471442172070965e-05, 7.822844781912863e-05, 5.744243389926851e-05, 6.178198964335024e-05, 4.691702633863315e-05, 2.0583014702424407e-05, 1.5236590115819126e-05, 1.7289235984208062e-05, 2.687202868401073e-05, 3.0963215976953506e-05, 2.6893116228166036e-05, 2.4024182494031265e-05, 2.2136789993965067e-05, 2.298544131917879e-05, 3.35812073899433e-05, 2.713614230742678e-05, 1.5469537174794823e-05, 1.3291987670527305e-05, 1.39491767185973e-05, 1.2868035810242873e-05, 8.888273441698402e-06], "lowlevel.melbands128.mean": [0.0006704498082399368, 0.010182428173720837, 0.019854068756103516, 0.010168306529521942, 0.0020578608382493258, 0.0004489973944146186, 0.0002606117050163448, 0.00011677970178425312, 5.772457006969489e-05, 4.632385025615804e-05, 8.140866702888161e-05, 0.00013801777095068246, 0.00010254646622342989, 6.0607017076108605e-05, 7.948308484628797e-05, 0.00012055790284648538, 0.00014258459850680083, 0.00010626249422784895, 0.00017729839601088315, 0.0003177158650942147, 0.0006840485730208457, 0.0004236155655235052, 0.00015912494563963264, 0.00014969763287808746, 9.634897287469357e-05, 0.00014975878002587706, 0.00011438245564932004, 0.00034138839691877365, 0.00025251449551433325, 6.980449688853696e-05, 0.0002146136248484254, 0.00014587832265533507, 6.882103480165824e-05, 0.00023649157083127648, 0.00013783918984699994, 7.768048089928925e-05, 4.480200004763901e-05, 4.3704480049200356e-05, 7.94864390627481e-05, 0.00011691945110214874, 0.0001167719965451397, 1.3912640497437678e-05, 2.943642539321445e-05, 6.585659139091149e-05, 7.966810517245904e-05, 1.5402762073790655e-05, 2.660578138602432e-05, 4.6067569201113656e-05, 2.509739169909153e-05, 1.0978827958751936e-05, 3.8072874303907156e-05, 2.765532917692326e-05, 2.1683828890672885e-05, 2.2028336388757452e-05, 2.0979481632821262e-05, 1.786269604053814e-05, 2.4066541300271638e-05, 1.9935865566367283e-05, 2.946484528365545e-05, 3.4334083466092125e-05, 1.7915275748237036e-05, 1.3498970474756788e-05, 1.1145891221531201e-05, 7.2793754952726886e-06, 6.574781764356885e-06, 5.503387455974007e-06, 5.495081040862715e-06, 6.379897058650386e-06, 7.115662810974754e-06, 8.49508069222793e-06, 7.801573701726738e-06, 1.7966405721381307e-05, 1.2187195352453273e-05, 1.3449525795294903e-05, 1.1598986930039246e-05, 1.3003080312046222e-05, 8.824858923617285e-06, 8.121707651298493e-06, 7.506828296754975e-06, 6.403441602742532e-06, 7.885072591307107e-06, 8.755490853218362e-06, 8.341636203113012e-06, 9.788938768906519e-06, 1.0673215001588687e-05, 1.2849481208832003e-05, 1.7106322047766298e-05, 1.5016872566775419e-05, 1.0426556400489062e-05, 9.521279935142957e-06, 7.825945431250148e-06, 5.212926680542296e-06, 4.824571533390554e-06, 4.675964191847015e-06, 4.77485082228668e-06, 5.015454462409252e-06, 5.0968419600394554e-06, 4.78456649943837e-06, 5.024027359468164e-06, 4.261478352418635e-06, 4.009940312243998e-06, 3.2029142857936677e-06, 2.1623582142638043e-06, 1.4773127077205572e-06, 1.1666904811136192e-06, 1.1608070735746878e-06, 1.1498354979266878e-06, 9.440114467906824e-07, 7.110251658559719e-07, 5.510939899977529e-07, 5.412252903624903e-07, 4.249338871886721e-07, 4.5632560841113445e-07, 3.230698837342061e-07, 2.8782193339793594e-07, 1.9564623698897776e-07, 5.011554904399418e-08, 7.629550879961755e-10, 3.2536261879156925e-11, 1.6992568810381137e-11, 1.2775940895493054e-11, 7.951177043163948e-12, 6.68482413521132e-12, 6.558016716479154e-12, 6.420485237218498e-12, 6.2711168723195154e-12, 6.179850034482293e-12, 6.138984286196969e-12], "lowlevel.melbands128.stdev": [0.0016794810071587563, 0.01930096559226513, 0.035068608820438385, 0.018444854766130447, 0.004941374994814396, 0.003280490403994918, 0.0022169300355017185, 0.0009387437021359801, 0.00037903926568105817, 0.00019568792777135968, 0.00020209813374094665, 0.00025260457186959684, 0.00019229909230489284, 0.0001482668158132583, 0.00018434238154441118, 0.00024275301257148385, 0.0002935589582193643, 0.00031325509189628065, 0.0006053589168004692, 0.0007605268037877977, 0.0016374904662370682, 0.0014800181379541755, 0.00046314168139360845, 0.0005348349222913384, 0.00029410727438516915, 0.0005455034552142024, 0.0004051984869875014, 0.001206491608172655, 0.0010070673888549209, 0.00027158932061865926, 0.0011516266968101263, 0.0007400540634989738, 0.0003037760325241834, 0.0011211043456569314, 0.0007029494736343622, 0.0003124782524537295, 0.00017570939962752163, 0.0002753686567302793, 0.0004529362777248025, 0.0004823665658477694, 0.00044707904453389347, 5.0480772188166156e-05, 0.00012301222886890173, 0.0002030810428550467, 0.0003392633225303143, 5.024442361900583e-05, 0.00011403763346606866, 0.00018176632875110954, 0.00014756173186469823, 4.075402830494568e-05, 0.00017877585196401924, 9.9908109405078e-05, 0.00014086485316511244, 0.00010124249092768878, 9.774551290320233e-05, 5.206130299484357e-05, 7.279997953446582e-05, 6.552844570251182e-05, 8.920321124605834e-05, 9.343154670204967e-05, 5.4588257626164705e-05, 3.848471533274278e-05, 2.971682624774985e-05, 2.03021481866017e-05, 1.9206014258088544e-05, 1.63416079885792e-05, 1.5205421732389368e-05, 1.6563622921239585e-05, 2.11939823202556e-05, 2.201093411713373e-05, 2.0340121409390122e-05, 5.1402948884060606e-05, 3.525855208863504e-05, 3.376648237463087e-05, 3.551751797203906e-05, 3.466668931650929e-05, 2.620566010591574e-05, 3.6206307413522154e-05, 2.6771620468934998e-05, 2.339077036594972e-05, 2.478668284311425e-05, 2.423959449515678e-05, 2.4768443836364895e-05, 2.5088540496653877e-05, 2.523315379221458e-05, 3.272131289122626e-05, 4.3799023842439055e-05, 4.010857446701266e-05, 2.7461939680506475e-05, 2.3245664124260657e-05, 1.974663791770581e-05, 1.3389095329330303e-05, 1.3844544810126536e-05, 1.4182548511598725e-05, 1.4885023119859397e-05, 1.5115349924599286e-05, 1.542763493489474e-05, 1.439114294043975e-05, 1.4857637324894313e-05, 1.2422495274222456e-05, 1.2228351806697901e-05, 9.258752470486797e-06, 5.710096502298256e-06, 4.160681783105247e-06, 3.1318957098847022e-06, 3.1603765364707215e-06, 3.2269128951156745e-06, 2.6692059691413306e-06, 2.2255571821006015e-06, 1.7902723357110517e-06, 2.0057168512721546e-06, 1.3893202321924036e-06, 1.530239842395531e-06, 1.0667513379303273e-06, 1.1435693068051478e-06, 9.026502993947361e-07, 2.375701626533555e-07, 6.249949002778976e-09, 5.225164190214571e-10, 2.553456057707848e-10, 1.72435385414893e-10, 3.732855691218617e-11, 1.4421692139110487e-11, 1.4170115601730426e-11, 1.3957951114362821e-11, 1.3784506522340756e-11, 1.3661326410396857e-11, 1.3585487769474103e-11], "lowlevel.mfcc.mean": [-716.58642578125, 107.96205139160156, -26.218509674072266, -12.431805610656738, -16.77271270751953, -15.268875122070312, -12.156832695007324, -2.6858971118927, -4.6009650230407715, 0.919000506401062, 1.399978756904602, 4.324304580688477, 3.2455482482910156], "lowlevel.spectral_contrast_coeffs.mean": [-0.631382942199707, -0.666674792766571, -0.6968154907226562, -0.7487004399299622, -0.7652003169059753, -0.7656115889549255], "lowlevel.spectral_contrast_coeffs.stdev": [0.09927970170974731, 0.08889789879322052, 0.08663947135210037, 0.06940989196300507, 0.05168112367391586, 0.053421057760715485], "lowlevel.spectral_contrast_valleys.mean": [-9.077553749084473, -7.620555877685547, -8.189634323120117, -8.497856140136719, -8.545050621032715, -11.202101707458496], "lowlevel.spectral_contrast_valleys.stdev": [1.8066521883010864, 0.8734245300292969, 1.0887062549591064, 1.1884700059890747, 1.6798391342163086, 2.6013917922973633], "rhythm.beats_loudness_band_ratio.mean": [0.3079308867454529, 0.09708153456449509, 0.25054898858070374, 0.15750789642333984, 0.08600521832704544, 0.13923653960227966], "rhythm.beats_loudness_band_ratio.stdev": [0.38152408599853516, 0.17415156960487366, 0.2505190074443817, 0.14473502337932587, 0.08095969259738922, 0.1800956428050995], "tonal.hpcp.mean": [0.04959168657660484, 0.03926676884293556, 0.12843665480613708, 0.18780919909477234, 0.10700176656246185, 0.057181041687726974, 0.056336622685194016, 0.05370171368122101, 0.21339628100395203, 0.29442307353019714, 0.12520042061805725, 0.12155041098594666, 0.15356753766536713, 0.06236136704683304, 0.051637932658195496, 0.06134588643908501, 0.027737773954868317, 0.07996667921543121, 0.12020638585090637, 0.06050800904631615, 0.03041847236454487, 0.023945705965161324, 0.022947324439883232, 0.16304081678390503, 0.2189616858959198, 0.08249925822019577, 0.017729368060827255, 0.01539775263518095, 0.019583391025662422, 0.1401752084493637, 0.2021728754043579, 0.0874817818403244, 0.11503514647483826, 0.1732764095067978, 0.10661042481660843, 0.06264063715934753], "tonal.hpcp.stdev": [0.16971592605113983, 0.13602541387081146, 0.23221427202224731, 0.331999808549881, 0.21863706409931183, 0.18551109731197357, 0.19072645902633667, 0.18023429811000824, 0.29508426785469055, 0.38751450181007385, 0.19170799851417542, 0.24239256978034973, 0.3120386302471161, 0.13784533739089966, 0.14176340401172638, 0.1530885249376297, 0.08537254482507706, 0.1739143282175064, 0.2639700472354889, 0.12333451956510544, 0.09924343228340149, 0.08009794354438782, 0.073051318526268, 0.2542801797389984, 0.33907338976860046, 0.1351112723350525, 0.05497482046484947, 0.05894223228096962, 0.07363679260015488, 0.23167473077774048, 0.32887351512908936, 0.13760040700435638, 0.21055589616298676, 0.30368706583976746, 0.21953698992729187, 0.18737471103668213], "rhythm.beats_position": [0.5224489569664001, 1.0448979139328003, 1.5557368993759155, 2.0665760040283203, 2.5774149894714355, 3.076643943786621, 3.5758728981018066, 4.075101852416992, 4.574330806732178, 5.073559761047363, 5.572789192199707, 6.072018146514893, 6.571247100830078, 7.070476055145264, 7.569705009460449, 8.068934440612793, 8.56816291809082, 9.079002380371094, 9.566620826721191, 10.065850257873535, 10.565078735351562, 11.075918197631836, 11.56353759765625, 12.062766075134277, 12.561995506286621, 13.072834014892578, 13.572063446044922, 14.07129192352295, 14.570521354675293, 15.06974983215332, 15.568979263305664, 16.079818725585938, 16.57904815673828, 17.066665649414062, 17.565895080566406, 18.06512451171875, 18.575963973999023, 19.075191497802734, 19.574420928955078, 20.073650360107422, 20.572879791259766, 21.07210922241211, 21.57133674621582, 22.070566177368164, 22.569795608520508, 23.08063507080078, 23.568254470825195, 24.067481994628906, 24.56671142578125, 25.077550888061523, 25.565170288085938, 26.06439781188965, 26.563627243041992, 27.074466705322266, 27.57369613647461, 28.072925567626953, 28.572153091430664, 29.071382522583008, 29.57061195373535, 30.069841384887695, 30.569068908691406, 31.06829833984375, 31.567527770996094, 32.06675720214844, 32.57759475708008, 33.065216064453125, 33.576053619384766, 34.07528305053711, 34.57451248168945, 35.085350036621094, 35.58457946777344, 36.08380889892578, 36.57142639160156, 37.070655822753906, 37.56988525390625, 38.069114685058594, 38.56834411621094, 39.07918167114258, 39.566802978515625], "rhythm.bpm_histogram": [0.0, 0.0, 0.0, 0.0, 0.0, 0.0, 0.0, 0.0, 0.0, 0.0, 0.0, 0.0, 0.0, 0.0, 0.0, 0.0, 0.0, 0.0, 0.0, 0.0, 0.0, 0.0, 0.0, 0.0, 0.0, 0.0, 0.0, 0.0, 0.0, 0.0, 0.0, 0.0, 0.0, 0.0, 0.0, 0.0, 0.0, 0.0, 0.0, 0.0, 0.0, 0.0, 0.0, 0.0, 0.0, 0.0, 0.0, 0.0, 0.0, 0.0, 0.0, 0.0, 0.0, 0.0, 0.0, 0.0, 0.0, 0.0, 0.0, 0.0, 0.0, 0.0, 0.0, 0.0, 0.0, 0.0, 0.0, 0.0, 0.0, 0.0, 0.0, 0.0, 0.0, 0.0, 0.0, 0.0, 0.0, 0.0, 0.0, 0.0, 0.0, 0.0, 0.0, 0.0, 0.0, 0.0, 0.0, 0.0, 0.0, 0.0, 0.0, 0.0, 0.0, 0.0, 0.0, 0.0, 0.0, 0.0, 0.0, 0.0, 0.0, 0.0, 0.0, 0.0, 0.0, 0.0, 0.0, 0.0, 0.0, 0.0, 0.0, 0.0, 0.0, 0.0, 0.0, 0.012820512987673283, 0.0, 0.19230769574642181, 0.0, 0.0, 0.692307710647583, 0.0, 0.0, 0.10256410390138626, 0.0, 0.0, 0.0, 0.0, 0.0, 0.0, 0.0, 0.0, 0.0, 0.0, 0.0, 0.0, 0.0, 0.0, 0.0, 0.0, 0.0, 0.0, 0.0, 0.0, 0.0, 0.0, 0.0, 0.0, 0.0, 0.0, 0.0, 0.0, 0.0, 0.0, 0.0, 0.0, 0.0, 0.0, 0.0, 0.0, 0.0, 0.0, 0.0, 0.0, 0.0, 0.0, 0.0, 0.0, 0.0, 0.0, 0.0, 0.0, 0.0, 0.0, 0.0, 0.0, 0.0, 0.0, 0.0, 0.0, 0.0, 0.0, 0.0, 0.0, 0.0, 0.0, 0.0, 0.0, 0.0, 0.0, 0.0, 0.0, 0.0, 0.0, 0.0, 0.0, 0.0, 0.0, 0.0, 0.0, 0.0, 0.0, 0.0, 0.0, 0.0, 0.0, 0.0, 0.0, 0.0, 0.0, 0.0, 0.0, 0.0, 0.0, 0.0, 0.0, 0.0, 0.0, 0.0, 0.0, 0.0, 0.0, 0.0, 0.0, 0.0, 0.0, 0.0, 0.0, 0.0, 0.0, 0.0, 0.0, 0.0, 0.0, 0.0, 0.0, 0.0, 0.0, 0.0, 0.0, 0.0, 0.0, 0.0, 0.0, 0.0, 0.0, 0.0, 0.0, 0.0, 0.0], "tonal.chords_histogram": [26.504629135131836, 6.018518447875977, 16.782407760620117, 1.9675925970077515, 0.46296295523643494, 1.1574074029922485, 0.0, 8.101851463317871, 3.125, 7.986111164093018, 0.0, 0.0, 0.0, 0.0, 0.0, 0.0, 0.0, 0.0, 0.0, 0.0, 0.0, 0.0, 19.907407760620117, 7.986111164093018], "tonal.thpcp": [1.0, 0.42523983120918274, 0.41284269094467163, 0.5215879678726196, 0.2118086963891983, 0.17538684606552124, 0.20835964381694794, 0.09421059489250183, 0.27160465717315674, 0.4082777500152588, 0.2055138200521469, 0.10331551730632782, 0.08133094012737274, 0.0779399648308754, 0.553763747215271, 0.743697464466095, 0.28020650148391724, 0.06021731719374657, 0.05229805037379265, 0.06651445478200912, 0.4761013090610504, 0.6866747140884399, 0.2971295118331909, 0.39071375131607056, 0.5885286331176758, 0.36209940910339355, 0.21275722980499268, 0.16843682527542114, 0.13336852192878723, 0.4362316131591797, 0.6378888487815857, 0.36342859268188477, 0.1942138671875, 0.19134581089019775, 0.18239641189575195, 0.7247946858406067], "lowlevel.gfcc.cov": [[18325.134765625, -7743.15087890625, 4190.80615234375, 5095.21337890625, -1287.0107421875, 5092.69384765625, 401.89111328125, 1961.5771484375, 354.58990478515625, 402.4666442871094, -669.9225463867188, 602.0689697265625, -763.9603881835938], [-7743.15087890625, 6908.455078125, -1308.625244140625, -1642.7598876953125, 2197.33935546875, -2047.9947509765625, 794.754150390625, -924.6464233398438, 236.79278564453125, -291.2389221191406, 616.519287109375, -468.1720275878906, 579.4373779296875], [4190.80615234375, -1308.625244140625, 2909.20068359375, 2256.537353515625, 402.6124267578125, 2113.855712890625, 547.94873046875, 828.2653198242188, 339.5821838378906, 239.6334991455078, 20.959095001220703, 206.09178161621094, -186.41561889648438], [5095.21337890625, -1642.7598876953125, 2256.537353515625, 2457.349853515625, 285.0357360839844, 1919.308349609375, 486.9916076660156, 817.3994750976562, 362.8893127441406, 216.49720764160156, -93.19194030761719, 147.5219268798828, -140.23248291015625], [-1287.0107421875, 2197.33935546875, 402.6124267578125, 285.0357360839844, 1393.694580078125, -10.450860977172852, 611.005859375, -13.931380271911621, 254.69381713867188, 44.89452362060547, 251.08433532714844, -90.41686248779297, 199.04901123046875], [5092.69384765625, -2047.9947509765625, 2113.855712890625, 1919.308349609375, -10.450860977172852, 2333.4541015625, 501.3356628417969, 838.809326171875, 255.11941528320312, 190.62673950195312, -47.29615783691406, 220.57176208496094, -241.4700164794922], [401.89111328125, 794.754150390625, 547.94873046875, 486.9916076660156, 611.005859375, 501.3356628417969, 672.718505859375, 202.72854614257812, 204.79669189453125, 47.9371452331543, 133.1269989013672, -30.58122444152832, 28.627017974853516], [1961.5771484375, -924.6464233398438, 828.2653198242188, 817.3994750976562, -13.931380271911621, 838.809326171875, 202.72854614257812, 519.1090698242188, 187.4088897705078, 139.04159545898438, -32.382869720458984, 88.08843994140625, -88.79676055908203], [354.58990478515625, 236.79278564453125, 339.5821838378906, 362.8893127441406, 254.69381713867188, 255.11941528320312, 204.79669189453125, 187.4088897705078, 276.10736083984375, 108.0171890258789, 69.75151062011719, -14.498141288757324, 29.571557998657227], [402.4666442871094, -291.2389221191406, 239.6334991455078, 216.49720764160156, 44.89452362060547, 190.62673950195312, 47.9371452331543, 139.04159545898438, 108.0171890258789, 223.66961669921875, 34.87364196777344, 30.405088424682617, -27.902877807617188], [-669.9225463867188, 616.519287109375, 20.959095001220703, -93.19194030761719, 251.08433532714844, -47.29615783691406, 133.1269989013672, -32.382869720458984, 69.75151062011719, 34.87364196777344, 200.51254272460938, 14.060150146484375, 48.009002685546875], [602.0689697265625, -468.1720275878906, 206.09178161621094, 147.5219268798828, -90.41686248779297, 220.57176208496094, -30.58122444152832, 88.08843994140625, -14.498141288757324, 30.405088424682617, 14.060150146484375, 166.41873168945312, -10.7887601852417], [-763.9603881835938, 579.4373779296875, -186.41561889648438, -140.23248291015625, 199.04901123046875, -241.4700164794922, 28.627017974853516, -88.79676055908203, 29.571557998657227, -27.902877807617188, 48.009002685546875, -10.7887601852417, 153.00894165039062]], "lowlevel.gfcc.icov": [[0.00031557047623209655, 6.436105468310416e-05, 0.0003329076280351728, -0.0005940228002145886, 8.598717977292836e-05, -0.00041975913336500525, 8.253418855019845e-07, 0.00015272975724656135, -3.984550858149305e-05, 4.947382694808766e-05, 0.0002940199337899685, -0.0003348248137626797, 0.0004080951039213687], [6.436105468310416e-05, 0.0015385015867650509, -0.0004589631571434438, 0.0006416120450012386, -0.0012997288722544909, 0.0006942887557670474, -0.0009670424042269588, 0.0009540641913190484, -0.001113823032937944, 0.001467081718146801, -0.0013245191657915711, 0.0014709001407027245, -0.0009527988149784505], [0.0003329076280351728, -0.0004589631571434438, 0.0022293131332844496, -0.0018693424062803388, 5.297084499034099e-05, -0.0014043478295207024, 0.0006841768627054989, -0.0002754834422376007, 0.0005415320629253983, -0.0004969686269760132, 0.00014880912203807384, -0.0012147939996793866, 0.0015023574233055115], [-0.0005940228002145886, 0.0006416120450012386, -0.0018693424062803388, 0.003638884052634239, -0.0010532868327572942, 0.0005162034067325294, -0.00040416434057988226, -0.0003275861090514809, -0.0012625035597011447, 0.0005695789004676044, 0.00027287204284220934, 0.0015258844941854477, -0.0018978945445269346], [8.598717977292836e-05, -0.0012997288722544909, 5.297084499034099e-05, -0.0010532868327572942, 0.0032687291968613863, -0.0002309597475687042, -0.000734219909645617, -0.00010681289859348908, 0.000641913095023483, -0.0014513132628053427, 0.00035544284037314355, -0.0008468941086903214, -0.0006508182268589735], [-0.00041975913336500525, 0.0006942887557670474, -0.0014043478295207024, 0.0005162034067325294, -0.0002309597475687042, 0.0033305489923805, -0.001555622206069529, -0.0008579594432376325, -0.00017996798851527274, 0.0009962576441466808, -0.0013223596615716815, 0.00029836889007128775, 3.916983405360952e-05], [8.253418855019845e-07, -0.0009670424042269588, 0.0006841768627054989, -0.00040416434057988226, -0.000734219909645617, -0.001555622206069529, 0.004567355383187532, -0.0013712018262594938, 0.00023625588801223785, -0.00022559754143003374, -0.00027636802406050265, 0.00016490677080582827, 0.0009908108040690422], [0.00015272975724656135, 0.0009540641913190484, -0.0002754834422376007, -0.0003275861090514809, -0.00010681289859348908, -0.0008579594432376325, -0.0013712018262594938, 0.007503689732402563, -0.003569449298083782, -0.0003142518689855933, 0.0007926939288154244, -0.0006863303715363145, 0.00024532698444090784], [-3.984550858149305e-05, -0.001113823032937944, 0.0005415320629253983, -0.0012625035597011447, 0.000641913095023483, -0.00017996798851527274, 0.00023625588801223785, -0.003569449298083782, 0.009269206784665585, -0.0031991086434572935, -0.0013187277363613248, 0.0013805197086185217, -0.0015767439035698771], [4.947382694808766e-05, 0.001467081718146801, -0.0004969686269760132, 0.0005695789004676044, -0.0014513132628053427, 0.0009962576441466808, -0.00022559754143003374, -0.0003142518689855933, -0.0031991086434572935, 0.007886148989200592, -0.0023625665344297886, 0.0006045897607691586, 0.0007682125433348119], [0.0002940199337899685, -0.0013245191657915711, 0.00014880912203807384, 0.00027287204284220934, 0.00035544284037314355, -0.0013223596615716815, -0.00027636802406050265, 0.0007926939288154244, -0.0013187277363613248, -0.0023625665344297886, 0.010619443841278553, -0.004251708742231131, 0.0010699747363105416], [-0.0003348248137626797, 0.0014709001407027245, -0.0012147939996793866, 0.0015258844941854477, -0.0008468941086903214, 0.00029836889007128775, 0.00016490677080582827, -0.0006863303715363145, 0.0013805197086185217, 0.0006045897607691586, -0.004251708742231131, 0.01114365179091692, -0.004216860514134169], [0.0004080951039213687, -0.0009527988149784505, 0.0015023574233055115, -0.0018978945445269346, -0.0006508182268589735, 3.916983405360952e-05, 0.0009908108040690422, 0.00024532698444090784, -0.0015767439035698771, 0.0007682125433348119, 0.0010699747363105416, -0.004216860514134169, 0.012949533760547638]], "lowlevel.mfcc.cov": [[15902.1337890625, -7414.78125, 3756.1748046875, 1269.436767578125, 579.1925659179688, 2512.3701171875, 991.8400268554688, 1888.449462890625, 1214.4814453125, 611.898681640625, 719.4157104492188, 599.2376098632812, 281.958740234375], [-7414.78125, 6103.99365234375, -2016.8536376953125, -99.28118133544922, 308.6773986816406, -747.8536987304688, 64.8895263671875, -642.232666015625, -344.5733642578125, -134.12562561035156, -257.1726989746094, -198.1592559814453, -24.718215942382812], [3756.1748046875, -2016.8536376953125, 2459.281982421875, 754.7621459960938, 655.0803833007812, 1218.8411865234375, 651.8900146484375, 921.5618896484375, 539.7639770507812, 402.0457458496094, 411.13995361328125, 361.4388427734375, 261.5694274902344], [1269.436767578125, -99.28118133544922, 754.7621459960938, 921.18994140625, 547.5302734375, 530.7042236328125, 372.73260498046875, 354.43548583984375, 406.6164855957031, 264.94744873046875, 182.2296905517578, 178.30563354492188, 158.38063049316406], [579.1925659179688, 308.6773986816406, 655.0803833007812, 547.5302734375, 754.6512451171875, 535.517333984375, 378.77471923828125, 341.38677978515625, 273.8243103027344, 232.91644287109375, 155.74842834472656, 132.6244659423828, 186.1517791748047], [2512.3701171875, -747.8536987304688, 1218.8411865234375, 530.7042236328125, 535.517333984375, 1060.9678955078125, 644.2752075195312, 677.126953125, 434.4747314453125, 317.8931884765625, 334.7848205566406, 232.84500122070312, 187.07867431640625], [991.8400268554688, 64.8895263671875, 651.8900146484375, 372.73260498046875, 378.77471923828125, 644.2752075195312, 625.9019775390625, 486.95916748046875, 282.2195739746094, 233.64344787597656, 228.04409790039062, 163.475341796875, 128.1656494140625], [1888.449462890625, -642.232666015625, 921.5618896484375, 354.43548583984375, 341.38677978515625, 677.126953125, 486.95916748046875, 667.5079956054688, 354.9353942871094, 215.6271209716797, 262.8780517578125, 190.73809814453125, 131.1107635498047], [1214.4814453125, -344.5733642578125, 539.7639770507812, 406.6164855957031, 273.8243103027344, 434.4747314453125, 282.2195739746094, 354.9353942871094, 421.8836975097656, 246.70159912109375, 189.19744873046875, 153.06683349609375, 101.3206787109375], [611.898681640625, -134.12562561035156, 402.0457458496094, 264.94744873046875, 232.91644287109375, 317.8931884765625, 233.64344787597656, 215.6271209716797, 246.70159912109375, 292.24920654296875, 183.8836669921875, 127.48506927490234, 112.06888580322266], [719.4157104492188, -257.1726989746094, 411.13995361328125, 182.2296905517578, 155.74842834472656, 334.7848205566406, 228.04409790039062, 262.8780517578125, 189.19744873046875, 183.8836669921875, 268.57122802734375, 161.84356689453125, 86.0064926147461], [599.2376098632812, -198.1592559814453, 361.4388427734375, 178.30563354492188, 132.6244659423828, 232.84500122070312, 163.475341796875, 190.73809814453125, 153.06683349609375, 127.48506927490234, 161.84356689453125, 208.46519470214844, 112.03034210205078], [281.958740234375, -24.718215942382812, 261.5694274902344, 158.38063049316406, 186.1517791748047, 187.07867431640625, 128.1656494140625, 131.1107635498047, 101.3206787109375, 112.06888580322266, 86.0064926147461, 112.03034210205078, 206.7433624267578]], "lowlevel.mfcc.icov": [[0.00028130575083196163, 0.00030051416251808405, 0.00018696631013881415, -0.00019595485355239362, 4.694371091318317e-05, -0.0005664261407218874, 0.00016048479301389307, -0.0003199286002200097, 1.1461836948001292e-05, -1.3314121133589651e-05, 0.00034587306436151266, -0.0002499455586075783, 0.00013268773909658194], [0.00030051416251808405, 0.000709645333699882, 0.000548998883459717, -0.00020320752810221165, -0.0004688781045842916, -0.000241472662310116, -0.0005367170087993145, -5.937690366408788e-05, 8.163208258338273e-05, 6.377937097568065e-05, 0.0003230360453017056, -0.0003394696395844221, 0.00012213646550662816], [0.00018696631013881415, 0.000548998883459717, 0.0017641519661992788, -0.000572679506149143, -0.00038178215618245304, -0.0013386369682848454, 0.0005569687928073108, -0.001316695474088192, 0.0009436319232918322, -0.0006685777916572988, 0.0008098527905531228, -0.0011142317671328783, 0.00022901648480910808], [-0.00019595485355239362, -0.00020320752810221165, -0.000572679506149143, 0.0029653420206159353, -0.0013664020225405693, 0.0007314959657378495, -0.0008407719433307648, 0.0013075782917439938, -0.002327241934835911, 0.0005435783532448113, -0.00010074679448734969, -0.00016886237426660955, -6.450308865169063e-05], [4.694371091318317e-05, -0.0004688781045842916, -0.00038178215618245304, -0.0013664020225405693, 0.0038535825442522764, -0.0013767883647233248, 0.0006674757460132241, -0.0006021132576279342, 0.0005565679748542607, -0.0009145083604380488, 0.0006774168577976525, 0.0006697544013150036, -0.001267940504476428], [-0.0005664261407218874, -0.000241472662310116, -0.0013386369682848454, 0.0007314959657378495, -0.0013767883647233248, 0.006818844936788082, -0.003727648174390197, 0.0004527064738795161, -0.0014022302348166704, 0.0009064627811312675, -0.0025871419347822666, 0.0017158404225483537, -0.0006876250263303518], [0.00016048479301389307, -0.0005367170087993145, 0.0005569687928073108, -0.0008407719433307648, 0.0006674757460132241, -0.003727648174390197, 0.0074828309006989, -0.003844023449346423, 0.001905087730847299, -0.002302318112924695, 0.001073002815246582, -0.0009947363287210464, 0.0006344614084810019], [-0.0003199286002200097, -5.937690366408788e-05, -0.001316695474088192, 0.0013075782917439938, -0.0006021132576279342, 0.0004527064738795161, -0.003844023449346423, 0.008071142248809338, -0.003769832896068692, 0.0031709671020507812, -0.0027332031168043613, 0.0008699371828697622, -0.0007153257611207664], [1.1461836948001292e-05, 8.163208258338273e-05, 0.0009436319232918322, -0.002327241934835911, 0.0005565679748542607, -0.0014022302348166704, 0.001905087730847299, -0.003769832896068692, 0.00913117453455925, -0.005155979190021753, 0.0014516277005895972, -0.0017784397350624204, 0.0012402271386235952], [-1.3314121133589651e-05, 6.377937097568065e-05, -0.0006685777916572988, 0.0005435783532448113, -0.0009145083604380488, 0.0009064627811312675, -0.002302318112924695, 0.0031709671020507812, -0.005155979190021753, 0.010823031887412071, -0.004949550610035658, 0.0014559953706339002, -0.002195158740505576], [0.00034587306436151266, 0.0003230360453017056, 0.0008098527905531228, -0.00010074679448734969, 0.0006774168577976525, -0.0025871419347822666, 0.001073002815246582, -0.0027332031168043613, 0.0014516277005895972, -0.004949550610035658, 0.012117945589125156, -0.00627369899302721, 0.0017487714067101479], [-0.0002499455586075783, -0.0003394696395844221, -0.0011142317671328783, -0.00016886237426660955, 0.0006697544013150036, 0.0017158404225483537, -0.0009947363287210464, 0.0008699371828697622, -0.0017784397350624204, 0.0014559953706339002, -0.00627369899302721, 0.01253525447100401, -0.004351736046373844], [0.00013268773909658194, 0.00012213646550662816, 0.00022901648480910808, -6.450308865169063e-05, -0.001267940504476428, -0.0006876250263303518, 0.0006344614084810019, -0.0007153257611207664, 0.0012402271386235952, -0.002195158740505576, 0.0017487714067101479, -0.004351736046373844, 0.008467154577374458]], "metadata.audio_properties.analysis.downmix": "mix", "metadata.audio_properties.codec": "mp3", "metadata.audio_properties.md5_encoded": "156c65a4f0c9