{"song_id": "1183684783641997332", "download": "https://cdn.discordapp.com/attachments/1135903449314238464/1183684783641997332/chirp.mp4?ex=65893b5c&amp", "lyrics": "(Chorus)\n I love you, when I see you Every glance..\n a promise so true In your eyes, \na universe unfolds.\nA love story that never grows old..\n\n(Bridge) \nThrough the storms and the calm seas.\n You and I,\n a timeless decree..\n Hand in hand,\n we'll face the unknown Our love.., \na melody that's eternally sown", "style": ["english rock"], "essentia_features": {"lowlevel.average_loudness": 0.9761632084846497, "lowlevel.barkbands_crest.mean": 12.597113609313965, "lowlevel.barkbands_crest.stdev": 4.79478645324707, "lowlevel.barkbands_flatness_db.mean": 0.18036885559558868, "lowlevel.barkbands_flatness_db.stdev": 0.0532846562564373, "lowlevel.barkbands_kurtosis.mean": 9.34857177734375, "lowlevel.barkbands_kurtosis.stdev": 18.709627151489258, "lowlevel.barkbands_skewness.mean": 2.0947153568267822, "lowlevel.barkbands_skewness.stdev": 1.629387617111206, "lowlevel.barkbands_spread.mean": 15.668935775756836, "lowlevel.barkbands_spread.stdev": 14.130735397338867, "lowlevel.dissonance.mean": 0.4257453978061676, "lowlevel.dissonance.stdev": 0.03800075128674507, "lowlevel.dynamic_complexity": 2.755866289138794, "lowlevel.erbbands_crest.mean": 11.756650924682617, "lowlevel.erbbands_crest.stdev": 4.616400718688965, "lowlevel.erbbands_flatness_db.mean": 0.17673219740390778, "lowlevel.erbbands_flatness_db.stdev": 0.04461679235100746, "lowlevel.erbbands_kurtosis.mean": 1.7816518545150757, "lowlevel.erbbands_kurtosis.stdev": 2.48272967338562, "lowlevel.erbbands_skewness.mean": 0.7901619076728821, "lowlevel.erbbands_skewness.stdev": 0.7443219423294067, "lowlevel.erbbands_spread.mean": 33.05971908569336, "lowlevel.erbbands_spread.stdev": 23.094680786132812, "lowlevel.hfc.mean": 19.31285858154297, "lowlevel.hfc.stdev": 16.396385192871094, "lowlevel.loudness_ebu128.integrated": -18.390792846679688, "lowlevel.loudness_ebu128.loudness_range": 1.4083309173583984, "lowlevel.loudness_ebu128.momentary.mean": -18.66514778137207, "lowlevel.loudness_ebu128.momentary.stdev": 1.6221064329147339, "lowlevel.loudness_ebu128.short_term.mean": -18.32355308532715, "lowlevel.loudness_ebu128.short_term.stdev": 0.5136547684669495, "lowlevel.melbands_crest.mean": 16.128929138183594, "lowlevel.melbands_crest.stdev": 5.256129741668701, "lowlevel.melbands_flatness_db.mean": 0.2646968364715576, "lowlevel.melbands_flatness_db.stdev": 0.06755159795284271, "lowlevel.melbands_kurtosis.mean": 18.491058349609375, "lowlevel.melbands_kurtosis.stdev": 28.16046905517578, "lowlevel.melbands_skewness.mean": 2.8051412105560303, "lowlevel.melbands_skewness.stdev": 1.9847739934921265, "lowlevel.melbands_spread.mean": 16.53989601135254, "lowlevel.melbands_spread.stdev": 20.970449447631836, "lowlevel.pitch_salience.mean": 0.45157814025878906, "lowlevel.pitch_salience.stdev": 0.1317415088415146, "lowlevel.silence_rate_20dB.mean": 1.0, "lowlevel.silence_rate_20dB.stdev": 0.0, "lowlevel.silence_rate_30dB.mean": 0.9058823585510254, "lowlevel.silence_rate_30dB.stdev": 0.29199185967445374, "lowlevel.silence_rate_60dB.mean": 0.02857142873108387, "lowlevel.silence_rate_60dB.stdev": 0.16659869253635406, "lowlevel.spectral_centroid.mean": 913.3104858398438, "lowlevel.spectral_centroid.stdev": 526.9749755859375, "lowlevel.spectral_complexity.mean": 11.702521324157715, "lowlevel.spectral_complexity.stdev": 4.481398582458496, "lowlevel.spectral_decrease.mean": -1.0483423906748612e-08, "lowlevel.spectral_decrease.stdev": 1.2205393140618526e-08, "lowlevel.spectral_energy.mean": 0.04131857305765152, "lowlevel.spectral_energy.stdev": 0.04678558558225632, "lowlevel.spectral_energyband_high.mean": 0.0005154513637535274, "lowlevel.spectral_energyband_high.stdev": 0.0009180941269733012, "lowlevel.spectral_energyband_low.mean": 0.023526843637228012, "lowlevel.spectral_energyband_low.stdev": 0.042926203459501266, "lowlevel.spectral_energyband_middle_high.mean": 0.005196564365178347, "lowlevel.spectral_energyband_middle_high.stdev": 0.00765889510512352, "lowlevel.spectral_energyband_middle_low.mean": 0.013105803169310093, "lowlevel.spectral_energyband_middle_low.stdev": 0.009837967343628407, "lowlevel.spectral_entropy.mean": 7.039615631103516, "lowlevel.spectral_entropy.stdev": 0.46970781683921814, "lowlevel.spectral_flux.mean": 0.07984336465597153, "lowlevel.spectral_flux.stdev": 0.06733929365873337, "lowlevel.spectral_kurtosis.mean": 6.082211017608643, "lowlevel.spectral_kurtosis.stdev": 2.8493905067443848, "lowlevel.spectral_rms.mean": 0.005627261009067297, "lowlevel.spectral_rms.stdev": 0.0029401921201497316, "lowlevel.spectral_rolloff.mean": 1220.3369140625, "lowlevel.spectral_rolloff.stdev": 2102.04638671875, "lowlevel.spectral_skewness.mean": 2.000643491744995, "lowlevel.spectral_skewness.stdev": 0.5007575154304504, "lowlevel.spectral_spread.mean": 5178022.0, "lowlevel.spectral_spread.stdev": 2277283.0, "lowlevel.spectral_strongpeak.mean": 1.1847118139266968, "lowlevel.spectral_strongpeak.stdev": 1.3090038299560547, "lowlevel.zerocrossingrate.mean": 0.052395451813936234, "lowlevel.zerocrossingrate.stdev": 0.05334293097257614, "metadata.audio_properties.analysis.equal_loudness": 0.0, "metadata.audio_properties.analysis.length": 27.605329513549805, "metadata.audio_properties.analysis.sample_rate": 44100.0, "metadata.audio_properties.analysis.start_time": 0.0, "metadata.audio_properties.bit_rate": 122097.0, "metadata.audio_properties.length": 27.60533332824707, "metadata.audio_properties.lossless": 0.0, "metadata.audio_properties.number_channels": 1.0, "metadata.audio_properties.replay_gain": -7.66796875, "metadata.audio_properties.sample_rate": 48000.0, "rhythm.beats_count": 43.0, "rhythm.beats_loudness.mean": 0.03976011648774147, "rhythm.beats_loudness.stdev": 0.019218789413571358, "rhythm.bpm": 95.05061340332031, "rhythm.bpm_histogram_first_peak_bpm": 96.0, "rhythm.bpm_histogram_first_peak_weight": 0.375, "rhythm.bpm_histogram_second_peak_bpm": 101.0, "rhythm.bpm_histogram_second_peak_spread": 0.0, "rhythm.bpm_histogram_second_peak_weight": 0.02380952425301075, "rhythm.danceability": 1.7796679735183716, "rhythm.onset_rate": 4.923943996429443, "tonal.chords_changes_rate": 0.04865771904587746, "tonal.chords_number_rate": 0.011744966730475426, "tonal.chords_strength.mean": 0.545835018157959, "tonal.chords_strength.stdev": 0.11432433128356934, "tonal.hpcp_crest.mean": 18.717702865600586, "tonal.hpcp_crest.stdev": 8.021498680114746, "tonal.hpcp_entropy.mean": 1.4109704494476318, "tonal.hpcp_entropy.stdev": 0.6603103876113892, "tonal.key_edma.strength": 0.6633501648902893, "tonal.key_krumhansl.strength": 0.6619620323181152, "tonal.key_temperley.strength": 0.651455819606781, "tonal.tuning_diatonic_strength": 0.6232355237007141, "tonal.tuning_equal_tempered_deviation": 0.17643003165721893, "tonal.tuning_frequency": 435.44891357421875, "tonal.tuning_nontempered_energy_ratio": 0.8813638687133789, "lowlevel.barkbands.mean": [7.853729039197788e-05, 0.016301177442073822, 0.0064696986228227615, 0.0009636805043555796, 0.001750197377987206, 0.0035500386729836464, 0.0021934653632342815, 0.001770860981196165, 0.002182704396545887, 0.0012587883975356817, 0.0010131162125617266, 0.0004444207588676363, 0.0010400023311376572, 0.0004564249247778207, 0.000663233338855207, 0.00019276617967989296, 0.00016889645485207438, 0.00012425240129232407, 0.00015767774311825633, 5.648570731864311e-05, 0.00013928259431850165, 1.7164247765322216e-05, 3.0480785426334478e-05, 0.00010410018148832023, 0.00011573574010981247, 6.738857337040827e-05, 8.027829608181491e-06], "lowlevel.barkbands.stdev": [0.00024763596593402326, 0.03254470229148865, 0.015125109814107418, 0.002952235285192728, 0.002588447416201234, 0.0040778107941150665, 0.004729081876575947, 0.004022566601634026, 0.004044244531542063, 0.0037590772844851017, 0.002924195257946849, 0.0011051384499296546, 0.0031409296207129955, 0.0017498531378805637, 0.0017109621549025178, 0.0006395605159923434, 0.0005690233083441854, 0.0002693217247724533, 0.0004151668690610677, 8.948395407060161e-05, 0.0002014210185734555, 3.652651867014356e-05, 0.00011042181722586975, 0.0002675101859495044, 0.00033906352473422885, 0.00022616295609623194, 2.874903475458268e-05], "lowlevel.erbbands.mean": [0.18489830195903778, 4.49540376663208, 9.727997779846191, 4.6777238845825195, 2.10127592086792, 6.941551685333252, 19.42644691467285, 33.95158004760742, 25.22691535949707, 37.288516998291016, 40.10346221923828, 61.19902801513672, 44.383724212646484, 47.4730339050293, 23.417236328125, 23.12967872619629, 45.91751480102539, 35.3706169128418, 30.215179443359375, 21.696407318115234, 11.906991958618164, 7.732372760772705, 6.4981794357299805, 12.067540168762207, 3.396597146987915, 2.630920886993408, 7.322028636932373, 2.500704526901245, 0.6705053448677063, 0.9696043729782104, 0.7271968722343445, 0.7094912528991699, 2.5403788089752197, 2.0178496837615967, 0.42030632495880127, 0.10763628035783768, 0.1576227992773056, 0.04607199504971504, 0.0009866239270195365, 7.147598080337048e-05], "lowlevel.erbbands.stdev": [0.38986217975616455, 8.96486759185791, 20.379552841186523, 11.484262466430664, 4.371201992034912, 10.797887802124023, 30.468124389648438, 44.854129791259766, 44.607452392578125, 70.88028717041016, 93.0302734375, 110.33447265625, 134.3542938232422, 119.6424789428711, 42.2006721496582, 54.57374954223633, 132.75128173828125, 101.3515625, 69.56906127929688, 65.20010375976562, 44.21839141845703, 20.53227424621582, 13.893197059631348, 30.253047943115234, 6.4021382331848145, 3.552480936050415, 10.600024223327637, 3.755849599838257, 1.1837923526763916, 3.218909502029419, 2.7948756217956543, 2.56160306930542, 6.3957061767578125, 5.208815097808838, 1.6200456619262695, 0.5793336629867554, 0.5195227861404419, 0.13605472445487976, 0.0029345236252993345, 8.611805242253467e-05], "lowlevel.gfcc.mean": [-12.866852760314941, 90.22865295410156, -93.1600112915039, 1.48155677318573, -55.35273742675781, 8.883333206176758, -31.163326263427734, 12.029546737670898, -27.250850677490234, 17.809770584106445, -10.259504318237305, -4.971297264099121, -4.300505638122559], "lowlevel.melbands.mean": [0.003184629138559103, 0.005511420778930187, 0.000734621484298259, 0.0002873837947845459, 0.000619968690443784, 0.0007018084288574755, 0.00042761629447340965, 0.00040007082861848176, 0.00030499970307573676, 0.0003926228964701295, 0.000205338976229541, 0.00018173811258748174, 8.910660835681483e-05, 6.0487695009214804e-05, 4.6050521632423624e-05, 0.00013007692177779973, 5.609668733086437e-05, 4.249192352290265e-05, 4.587901275954209e-05, 1.7322638086625375e-05, 1.3894141375203617e-05, 9.29638645175146e-06, 5.978259650873952e-06, 5.282271558826324e-06, 1.0963308341160882e-05, 2.8713543542835396e-06, 1.6066128409875091e-06, 1.5991068949006149e-06, 4.48038417744101e-06, 3.8194257285795175e-06, 7.09273990651127e-07, 3.322190025301097e-07, 3.5637887663142465e-07, 6.449140528275166e-07, 4.269876683338225e-07, 3.322566328733956e-07, 4.405406173191295e-07, 1.536907120680553e-06, 2.5756069135240978e-06, 1.3890410173189593e-06], "lowlevel.melbands.stdev": [0.006383231375366449, 0.010615001432597637, 0.001723125926218927, 0.0004729607608169317, 0.000887563859578222, 0.0008819315116852522, 0.0008138907141983509, 0.0007503813831135631, 0.0007302839076146483, 0.000731582404114306, 0.0006692038150504231, 0.0004631592892110348, 0.00021280781948007643, 0.00012861790310125798, 0.00013918423792347312, 0.0004110516747459769, 0.0002138943673344329, 0.00010368724178988487, 0.0001474247983423993, 5.6706481700530276e-05, 6.389265763573349e-05, 2.829560799000319e-05, 1.5854782759561203e-05, 1.0817873771884479e-05, 2.8835738703492098e-05, 6.900401331222383e-06, 3.3460917165939463e-06, 2.378787030465901e-06, 6.274412044149358e-06, 6.7034147832600866e-06, 1.1408342288632412e-06, 6.240963443815417e-07, 8.767283929955738e-07, 2.4262574243039126e-06, 1.667145625106059e-06, 1.443500423192745e-06, 1.6653441434755223e-06, 4.695674761023838e-06, 5.4322513278748374e-06, 4.192118922219379e-06], "lowlevel.melbands128.mean": [4.986704152543098e-05, 0.00048612290993332863, 0.0040402039885520935, 0.009118200279772282, 0.00663697998970747, 0.002551429672166705, 0.0009348707972094417, 0.0003522037877701223, 0.00012222780787851661, 0.000251581659540534, 0.0004038045008201152, 0.0004913636366836727, 0.0007320730364881456, 0.0006263764225877821, 0.001079622539691627, 0.0004885791568085551, 0.00022062759671825916, 0.000438798131654039, 0.000715947593562305, 0.0003404666786082089, 0.0003085733624175191, 0.00030909659108147025, 0.0003883194294758141, 0.00016715640958864242, 0.00039765375549905, 0.0005773460143245757, 0.00012814233195967972, 0.00028810600633732975, 8.448534936178476e-05, 0.00014849385479465127, 0.00027461975696496665, 0.0001580112730152905, 3.0026947570149787e-05, 9.999395115301013e-05, 2.1537825887207873e-05, 7.92683131294325e-05, 7.006907253526151e-05, 2.5081497369683348e-05, 3.907041173079051e-05, 0.00011950705084018409, 0.00021176210429985076, 2.4082297386485152e-05, 6.495113484561443e-05, 7.142471440602094e-05, 1.3501012290362269e-05, 5.249806781648658e-05, 4.974958210368641e-05, 6.788921018596739e-05, 2.6810483177541755e-05, 2.1561014364124276e-05, 1.8806153093464673e-05, 1.1780142813222483e-05, 7.160532277339371e-06, 2.3105796572053805e-05, 1.303310455114115e-05, 8.288279786938801e-06, 3.3703483950375812e-06, 5.591952685790602e-06, 7.747365998511668e-06, 6.221658168215072e-06, 2.368938794461428e-06, 4.3727604861487634e-06, 1.607461854291614e-05, 1.3481817404681351e-05, 3.7547654301306466e-06, 2.1047017071396112e-06, 2.150609589079977e-06, 1.6192954035432194e-06, 1.6449126860607066e-06, 1.3305166248755995e-06, 9.36516187266534e-07, 2.311339585503447e-06, 2.651084741955856e-06, 5.074694854556583e-06, 6.327418304863386e-06, 4.5718488763668574e-06, 2.9514048947021365e-06, 7.52488062971679e-07, 5.517952104128199e-07, 2.5914832235685026e-07, 3.601895741667249e-07, 3.5190456060263386e-07, 2.8489338887993654e-07, 3.7074053693686437e-07, 3.7302010014172993e-07, 5.9593548940029e-07, 8.503416211169679e-07, 5.213869371800683e-07, 3.896830094163306e-07, 3.42620779747449e-07, 3.966072483763128e-07, 3.1771426733939734e-07, 2.51737532153129e-07, 1.702883878351713e-07, 5.962048135188525e-07, 1.6020404700611834e-06, 1.352783442598593e-06, 1.82605378995504e-06, 3.3579301543795737e-06, 2.551962325014756e-06, 1.933153043864877e-06, 1.1766602483476163e-06, 7.025536206128891e-07, 5.939967309132044e-07, 4.688087074100622e-07, 2.605038957881334e-07, 1.7219674930402107e-07, 1.5308417289361387e-07, 1.6457808271752583e-07, 1.1551932743714133e-07, 1.9750052615563618e-07, 3.0508081749758276e-07, 6.532051770591352e-07, 7.557127901236527e-07, 6.047137617315457e-07, 6.387908229044115e-07, 3.206908161246247e-07, 4.9154088799241435e-08, 4.5893858158230216e-10, 6.4237660329924395e-12, 6.1250392778544605e-12, 5.971813321625774e-12, 5.8272687890326136e-12, 5.705344183204453e-12, 5.539064432819041e-12, 5.323535882950647e-12, 5.198080681168005e-12, 5.156462062894107e-12], "lowlevel.melbands128.stdev": [0.00016345945186913013, 0.0016019995091482997, 0.008772972971200943, 0.018512872979044914, 0.013834342360496521, 0.00607674615457654, 0.0026430697180330753, 0.000998808885924518, 0.00033447297755628824, 0.0005516453529708087, 0.0007263339939527214, 0.000891217787284404, 0.0014863904798403382, 0.0008483902784064412, 0.0016554142348468304, 0.0008166354964487255, 0.0006899865111336112, 0.0010528749553486705, 0.001842671656049788, 0.0007980980444699526, 0.0009874565294012427, 0.0009455215185880661, 0.001126462360844016, 0.0006133149145171046, 0.0008634126861579716, 0.001214731251820922, 0.00045551275252364576, 0.001325643272139132, 0.00030992343090474606, 0.0005452596815302968, 0.0008672905387356877, 0.0006101488252170384, 7.896729948697612e-05, 0.0002237917360616848, 5.6137560022762045e-05, 0.00024533073883503675, 0.00021509228099603206, 0.00014490795729216188, 0.0002938052639365196, 0.0004038207116536796, 0.0007262660656124353, 0.0001285544567508623, 0.00032920893863774836, 0.0002960065030492842, 6.308549927780405e-05, 0.0001843869686126709, 0.0001604008866706863, 0.00031954131554812193, 0.00010574725456535816, 0.00014244815974961966, 6.755381036782637e-05, 5.947196405031718e-05, 6.511504761874676e-05, 0.0001510246511315927, 4.973477189196274e-05, 3.310391548438929e-05, 1.4626307347498368e-05, 2.373222741880454e-05, 2.547980511735659e-05, 1.6876054360182025e-05, 7.164099770307075e-06, 1.515622716397047e-05, 5.730279008275829e-05, 4.394906500237994e-05, 1.697123298072256e-05, 6.095463049859973e-06, 7.199550509540131e-06, 5.976626653136918e-06, 3.6221142636350123e-06, 3.2167417884920724e-06, 1.744425276228867e-06, 4.651083145290613e-06, 4.767701284436043e-06, 8.902707122615539e-06, 1.338712445431156e-05, 1.0563905561866704e-05, 7.689569429203402e-06, 1.4299091617431259e-06, 9.851536333371769e-07, 4.875442414231657e-07, 7.550166287728644e-07, 7.677564894947864e-07, 6.489453880931251e-07, 9.759369277162477e-07, 1.216931650560582e-06, 2.605119789222954e-06, 3.421407654968789e-06, 1.8101482055499218e-06, 1.8632816818353604e-06, 1.6402186702180188e-06, 1.8999422763954499e-06, 1.5763361034260015e-06, 1.1298848221485969e-06, 9.758448413776932e-07, 2.5163026293739676e-06, 5.9738663367170375e-06, 5.1138285925844684e-06, 4.7484350034210365e-06, 6.907111128384713e-06, 6.552586000907468e-06, 5.943565611232771e-06, 4.038606221001828e-06, 2.9171364985813852e-06, 2.7193882488063537e-06, 1.991053750316496e-06, 1.5446649967998383e-06, 1.2147318102506688e-06, 1.0143401141249342e-06, 1.1131843393741292e-06, 9.244539569408516e-07, 1.5741775314381812e-06, 1.4535073660226772e-06, 2.371963319092174e-06, 2.3045156467560446e-06, 1.795960542949615e-06, 2.261384224766516e-06, 1.0697315246943617e-06, 3.477953782748955e-07, 6.1031979470271835e-09, 1.1747011349760861e-11, 1.1368458258109726e-11, 1.1086929117831712e-11, 1.0835593707014812e-11, 1.0633050863406712e-11, 1.0463854609177314e-11, 1.0329589614221923e-11, 1.0234241405726596e-11, 1.0174988455957656e-11], "lowlevel.mfcc.mean": [-675.7410278320312, 140.65484619140625, 13.766318321228027, 5.428008556365967, 2.771735191345215, -6.6339497566223145, 15.691524505615234, -19.41781234741211, 10.315659523010254, -3.075425386428833, 7.023072242736816, 3.018617868423462, -4.681301593780518], "lowlevel.spectral_contrast_coeffs.mean": [-0.659200131893158, -0.6481764316558838, -0.6897537708282471, -0.7421271204948425, -0.7787741422653198, -0.7307087779045105], "lowlevel.spectral_contrast_coeffs.stdev": [0.08168133348226547, 0.081068255007267, 0.07756834477186203, 0.06981091946363449, 0.053341981023550034, 0.056463636457920074], "lowlevel.spectral_contrast_valleys.mean": [-7.1755595207214355, -7.074331283569336, -7.978808403015137, -8.30201244354248, -8.33073616027832, -11.245591163635254], "lowlevel.spectral_contrast_valleys.stdev": [0.9098998308181763, 0.689060628414154, 0.6234467029571533, 0.5722323656082153, 0.6146591305732727, 0.910857081413269], "rhythm.beats_loudness_band_ratio.mean": [0.41346389055252075, 0.21619047224521637, 0.22740855813026428, 0.09702827781438828, 0.04317631945014, 0.01802804321050644], "rhythm.beats_loudness_band_ratio.stdev": [0.18818224966526031, 0.17245008051395416, 0.12215343117713928, 0.0990796908736229, 0.05097183957695961, 0.016386883333325386], "tonal.hpcp.mean": [0.07983643561601639, 0.06775122880935669, 0.055237188935279846, 0.21507295966148376, 0.22560063004493713, 0.05360892415046692, 0.010856245644390583, 0.009976875968277454, 0.01843167468905449, 0.08591581881046295, 0.0895213782787323, 0.027287336066365242, 0.018105631694197655, 0.018771549686789513, 0.04971287399530411, 0.1728067398071289, 0.17271287739276886, 0.09808441251516342, 0.1644597202539444, 0.12536945939064026, 0.02754104882478714, 0.022672975435853004, 0.027984868735074997, 0.13314123451709747, 0.5002059936523438, 0.4419044554233551, 0.06804803758859634, 0.011996460147202015, 0.014589891768991947, 0.031379394233226776, 0.06815724819898605, 0.06667614728212357, 0.029836570844054222, 0.014936402440071106, 0.019926179200410843, 0.043412186205387115], "tonal.hpcp.stdev": [0.18971915543079376, 0.16504409909248352, 0.13925394415855408, 0.32482799887657166, 0.35038530826568604, 0.11566650122404099, 0.060253411531448364, 0.06405927240848541, 0.05840432271361351, 0.1833256185054779, 0.1788981556892395, 0.09259657561779022, 0.0880436971783638, 0.09389933198690414, 0.1304776668548584, 0.2999657690525055, 0.2983117997646332, 0.1960025280714035, 0.33765164017677307, 0.27162498235702515, 0.11417587846517563, 0.09445683658123016, 0.10342524200677872, 0.20884841680526733, 0.40050995349884033, 0.3645220398902893, 0.1369093805551529, 0.05172564461827278, 0.07938041538000107, 0.13108040392398834, 0.19313910603523254, 0.192641943693161, 0.11314577609300613, 0.06132577359676361, 0.09953176975250244, 0.15452976524829865], "rhythm.beats_position": [0.54566890001297, 1.1029478311538696, 1.695056676864624, 2.3336052894592285, 2.972154140472412, 3.599092960357666, 4.22603178024292, 4.852970600128174, 5.491518974304199, 6.130067825317383, 6.757006645202637, 7.39555549621582, 8.034104347229004, 8.661043167114258, 9.299592018127441, 9.938140869140625, 10.565078735351562, 11.192017555236816, 11.81895637512207, 12.445895195007324, 13.084444046020508, 13.711382865905762, 14.338321685791016, 14.9768705368042, 15.603809356689453, 16.23074722290039, 16.86929702758789, 17.507844924926758, 18.134784698486328, 18.761722564697266, 19.388662338256836, 20.015600204467773, 20.642539978027344, 21.26947784423828, 21.89641761779785, 22.52335548400879, 23.15029525756836, 23.777233123779297, 24.404170989990234, 25.042720794677734, 25.669658660888672, 26.308208465576172, 26.94675636291504], "rhythm.bpm_histogram": [0.0, 0.0, 0.0, 0.0, 0.0, 0.0, 0.0, 0.0, 0.0, 0.0, 0.0, 0.0, 0.0, 0.0, 0.0, 0.0, 0.0, 0.0, 0.0, 0.0, 0.0, 0.0, 0.0, 0.0, 0.0, 0.0, 0.0, 0.0, 0.0, 0.0, 0.0, 0.0, 0.0, 0.0, 0.0, 0.0, 0.0, 0.0, 0.0, 0.0, 0.0, 0.0, 0.0, 0.0, 0.0, 0.0, 0.0, 0.0, 0.0, 0.0, 0.0, 0.0, 0.0, 0.0, 0.0, 0.0, 0.0, 0.0, 0.0, 0.0, 0.0, 0.0, 0.0, 0.0, 0.0, 0.0, 0.0, 0.0, 0.0, 0.0, 0.0, 0.0, 0.0, 0.0, 0.0, 0.0, 0.0, 0.0, 0.0, 0.0, 0.0, 0.0, 0.0, 0.0, 0.0, 0.0, 0.0, 0.0, 0.0, 0.0, 0.0, 0.0, 0.0, 0.0, 0.3571428656578064, 0.0, 0.5952380895614624, 0.0, 0.0, 0.0, 0.0, 0.02380952425301075, 0.0, 0.0, 0.0, 0.0, 0.0, 0.0, 0.02380952425301075, 0.0, 0.0, 0.0, 0.0, 0.0, 0.0, 0.0, 0.0, 0.0, 0.0, 0.0, 0.0, 0.0, 0.0, 0.0, 0.0, 0.0, 0.0, 0.0, 0.0, 0.0, 0.0, 0.0, 0.0, 0.0, 0.0, 0.0, 0.0, 0.0, 0.0, 0.0, 0.0, 0.0, 0.0, 0.0, 0.0, 0.0, 0.0, 0.0, 0.0, 0.0, 0.0, 0.0, 0.0, 0.0, 0.0, 0.0, 0.0, 0.0, 0.0, 0.0, 0.0, 0.0, 0.0, 0.0, 0.0, 0.0, 0.0, 0.0, 0.0, 0.0, 0.0, 0.0, 0.0, 0.0, 0.0, 0.0, 0.0, 0.0, 0.0, 0.0, 0.0, 0.0, 0.0, 0.0, 0.0, 0.0, 0.0, 0.0, 0.0, 0.0, 0.0, 0.0, 0.0, 0.0, 0.0, 0.0, 0.0, 0.0, 0.0, 0.0, 0.0, 0.0, 0.0, 0.0, 0.0, 0.0, 0.0, 0.0, 0.0, 0.0, 0.0, 0.0, 0.0, 0.0, 0.0, 0.0, 0.0, 0.0, 0.0, 0.0, 0.0, 0.0, 0.0, 0.0, 0.0, 0.0, 0.0, 0.0, 0.0, 0.0, 0.0, 0.0, 0.0, 0.0, 0.0, 0.0, 0.0, 0.0, 0.0, 0.0, 0.0, 0.0, 0.0, 0.0, 0.0, 0.0, 0.0, 0.0, 0.0, 0.0], "tonal.chords_histogram": [71.81208038330078, 7.046979904174805, 8.724832534790039, 0.0, 0.0, 0.0, 0.0, 0.0, 0.0, 0.0, 0.0, 0.0, 0.0, 0.0, 0.0, 0.33557048439979553, 0.0, 1.3422819375991821, 0.5033556818962097, 2.3489933013916016, 0.0, 3.3557047843933105, 4.530201435089111, 0.0], "tonal.thpcp": [1.0, 0.8834449648857117, 0.13604003190994263, 0.02398303896188736, 0.029167767614126205, 0.06273294240236282, 0.13625836372375488, 0.1332973837852478, 0.05964856594800949, 0.02986050210893154, 0.03983594477176666, 0.0867886170744896, 0.15960711240768433, 0.13544665277004242, 0.11042888462543488, 0.42996877431869507, 0.451015442609787, 0.10717369616031647, 0.021703550592064857, 0.019945533946156502, 0.036848168820142746, 0.17176087200641632, 0.17896902561187744, 0.05455219745635986, 0.036196351051330566, 0.03752763941884041, 0.09938479959964752, 0.3454711437225342, 0.34528350830078125, 0.196088045835495, 0.3287839889526367, 0.25063565373420715, 0.055059414356946945, 0.04532727599143982, 0.05594668909907341, 0.2661727964878082], "lowlevel.gfcc.cov": [[2659.21142578125, 195.1759033203125, -28.401533126831055, 323.6380310058594, 476.4709167480469, 134.5085906982422, 123.01100158691406, 334.19451904296875, 45.52836990356445, -8.244963645935059, 3.46891188621521, -171.55409240722656, 0.9937487244606018], [195.1759033203125, 1216.31103515625, 13.153922080993652, 218.4907684326172, 319.5212707519531, 15.159669876098633, 304.6997375488281, 49.91048812866211, 60.20059585571289, -14.085912704467773, 57.65144729614258, -110.1173095703125, 61.045475006103516], [-28.401533126831055, 13.153922080993652, 761.41015625, 341.8885498046875, 91.2388916015625, 225.52769470214844, 105.99677276611328, 47.14218521118164, 143.9462890625, -4.773696422576904, -36.685081481933594, 95.29004669189453, -74.85355377197266], [323.6380310058594, 218.4907684326172, 341.8885498046875, 567.8323974609375, 339.99188232421875, 54.27196502685547, 93.10834503173828, 181.8230438232422, 201.80270385742188, 3.4444897174835205, -8.67406940460205, 51.220088958740234, 18.952327728271484], [476.4709167480469, 319.5212707519531, 91.2388916015625, 339.99188232421875, 512.8369140625, 75.99164581298828, 153.21185302734375, 220.4010009765625, 159.09181213378906, 67.30045318603516, 40.359893798828125, -14.654560089111328, 85.40968322753906], [134.5085906982422, 15.159669876098633, 225.52769470214844, 54.27196502685547, 75.99164581298828, 349.47857666015625, 182.095947265625, 29.33371353149414, 43.92167663574219, 31.10602378845215, 32.57621765136719, -39.95988845825195, -40.16151809692383], [123.01100158691406, 304.6997375488281, 105.99677276611328, 93.10834503173828, 153.21185302734375, 182.095947265625, 297.5209045410156, 93.76307678222656, 43.110382080078125, 29.470849990844727, 56.30815124511719, -42.66648864746094, 2.2455694675445557], [334.19451904296875, 49.91048812866211, 47.14218521118164, 181.8230438232422, 220.4010009765625, 29.33371353149414, 93.76307678222656, 229.6412353515625, 107.77253723144531, 23.962261199951172, 18.538419723510742, 5.891602993011475, 50.15900802612305], [45.52836990356445, 60.20059585571289, 143.9462890625, 201.80270385742188, 159.09181213378906, 43.92167663574219, 43.110382080078125, 107.77253723144531, 209.52325439453125, 42.71632385253906, -12.918084144592285, 36.44267272949219, 33.401668548583984], [-8.244963645935059, -14.085912704467773, -4.773696422576904, 3.4444897174835205, 67.30045318603516, 31.10602378845215, 29.470849990844727, 23.962261199951172, 42.71632385253906, 123.10963439941406, 60.197998046875, 8.066597938537598, 30.560245513916016], [3.46891188621521, 57.65144729614258, -36.685081481933594, -8.67406940460205, 40.359893798828125, 32.57621765136719, 56.30815124511719, 18.538419723510742, -12.918084144592285, 60.197998046875, 138.29701232910156, 15.454373359680176, 23.30186653137207], [-171.55409240722656, -110.1173095703125, 95.29004669189453, 51.220088958740234, -14.654560089111328, -39.95988845825195, -42.66648864746094, 5.891602993011475, 36.44267272949219, 8.066597938537598, 15.454373359680176, 127.1814193725586, 28.043977737426758], [0.9937487244606018, 61.045475006103516, -74.85355377197266, 18.952327728271484, 85.40968322753906, -40.16151809692383, 2.2455694675445557, 50.15900802612305, 33.401668548583984, 30.560245513916016, 23.30186653137207, 28.043977737426758, 131.7423553466797]], "lowlevel.gfcc.icov": [[0.000601380888838321, -2.909278919105418e-05, 7.731657387921587e-05, -0.00019745748431887478, -0.00032825287780724466, -0.00031736501841805875, 0.0004659854166675359, -0.0008844845579005778, 0.0005211053066886961, 8.133842493407428e-05, 4.608893505064771e-06, 0.0006607997929677367, 0.0002336855250177905], [-2.909278919105418e-05, 0.0020786502864211798, -0.0003358199610374868, -0.00026732610422186553, -0.0010978413047268987, 0.001820224686525762, -0.002708899788558483, 0.0023017653729766607, -0.0008417195058427751, 0.001518875826150179, -0.001076002256013453, 0.002060467144474387, -0.0010660910047590733], [7.731657387921587e-05, -0.0003358199610374868, 0.0034503003116697073, -0.001982232090085745, 0.0007324874750338495, -0.0023930028546601534, 7.312590605579317e-05, 1.3315997421159409e-05, 5.8660851209424436e-05, -0.0006913351826369762, 0.0016171789029613137, -0.003166314447298646, 0.0017233568942174315], [-0.00019745748431887478, -0.00026732610422186553, -0.001982232090085745, 0.005677232053130865, -0.002678809454664588, 0.001175252953544259, 0.0003603675577323884, -0.0006692157476209104, -0.002416175790131092, 0.0019511100836098194, -0.0007707268232479692, -0.0006354604265652597, 0.0009575788280926645], [-0.00032825287780724466, -0.0010978413047268987, 0.0007324874750338495, -0.002678809454664588, 0.00652599660679698, -0.00123202137183398, 0.00037329920451156795, -0.0029914386104792356, 4.23940691689495e-05, -0.002691420493647456, 0.0005624437471851707, 0.00022954806627240032, -0.0016958813648670912], [-0.00031736501841805875, 0.001820224686525762, -0.0023930028546601534, 0.001175252953544259, -0.00123202137183398, 0.007687694858759642, -0.005124547053128481, 0.002893654862418771, -0.001959407003596425, 0.0009819518309086561, -0.0020223851315677166, 0.0037225934211164713, -0.0004075464967172593], [0.0004659854166675359, -0.002708899788558483, 7.312590605579317e-05, 0.0003603675577323884, 0.00037329920451156795, -0.005124547053128481, 0.010341295972466469, -0.005181930959224701, 0.0016517041949555278, -0.0011520783882588148, -0.0007802150794304907, -0.0003662612580228597, 0.0012983098858967423], [-0.0008844845579005778, 0.0023017653729766607, 1.3315997421159409e-05, -0.0006692157476209104, -0.0029914386104792356, 0.002893654862418771, -0.005181930959224701, 0.01247462723404169, -0.003939930349588394, 0.0025815085973590612, -0.0015551340766251087, 0.0009751436882652342, -0.002328190254047513], [0.0005211053066886961, -0.0008417195058427751, 5.8660851209424436e-05, -0.002416175790131092, 4.23940691689495e-05, -0.001959407003596425, 0.0016517041949555278, -0.003939930349588394, 0.0108405202627182, -0.004549951292574406, 0.0037919722963124514, -0.0021866715978831053, -0.0002841311797965318], [8.133842493407428e-05, 0.001518875826150179, -0.0006913351826369762, 0.0019511100836098194, -0.002691420493647456, 0.0009819518309086561, -0.0011520783882588148, 0.0025815085973590612, -0.004549951292574406, 0.014333250932395458, -0.006634931545704603, 0.0022408782970160246, -0.0017716826405376196], [4.608893505064771e-06, -0.001076002256013453, 0.0016171789029613137, -0.0007707268232479692, 0.0005624437471851707, -0.0020223851315677166, -0.0007802150794304907, -0.0015551340766251087, 0.0037919722963124514, -0.006634931545704603, 0.012596488930284977, -0.004903800785541534, 0.0005460830288939178], [0.0006607997929677367, 0.002060467144474387, -0.003166314447298646, -0.0006354604265652597, 0.00022954806627240032, 0.0037225934211164713, -0.0003662612580228597, 0.0009751436882652342, -0.0021866715978831053, 0.0022408782970160246, -0.004903800785541534, 0.01629183068871498, -0.004612480290234089], [0.0002336855250177905, -0.0010660910047590733, 0.0017233568942174315, 0.0009575788280926645, -0.0016958813648670912, -0.0004075464967172593, 0.0012983098858967423, -0.002328190254047513, -0.0002841311797965318, -0.0017716826405376196, 0.0005460830288939178, -0.004612480290234089, 0.01213202252984047]], "lowlevel.mfcc.cov": [[2598.019775390625, 137.6869354248047, -257.37921142578125, 256.21728515625, 323.6118469238281, -96.98824310302734, 265.67791748046875, 85.25354766845703, 203.51425170898438, 160.8511962890625, 41.20848846435547, -31.049999237060547, 112.95767211914062], [137.6869354248047, 952.4851684570312, -151.01597595214844, 190.29190063476562, 12.7608003616333, 56.38043212890625, 219.10601806640625, 15.592120170593262, 133.47232055664062, 43.112308502197266, 37.091312408447266, 70.1543197631836, -22.760292053222656], [-257.37921142578125, -151.01597595214844, 707.8427734375, 9.160938262939453, -9.995574951171875, 258.8974609375, -67.71280670166016, 216.30853271484375, -66.26902770996094, 75.91120147705078, 27.383596420288086, 36.8321647644043, 2.4857630729675293], [256.21728515625, 190.29190063476562, 9.160938262939453, 581.4518432617188, 323.06781005859375, -1.056415319442749, 34.492679595947266, 132.22085571289062, 218.95274353027344, 1.3199784755706787, 78.26238250732422, 105.43801879882812, 76.43693542480469], [323.6118469238281, 12.7608003616333, -9.995574951171875, 323.06781005859375, 406.2310485839844, 17.510452270507812, 42.09060287475586, 83.67463684082031, 200.1725311279297, 52.71578598022461, 56.20458221435547, 51.74040603637695, 84.5718994140625], [-96.98824310302734, 56.38043212890625, 258.8974609375, -1.056415319442749, 17.510452270507812, 305.5954895019531, 61.74919891357422, 109.08293914794922, 2.706726312637329, 109.97308349609375, 65.16911315917969, -20.511489868164062, 13.822672843933105], [265.67791748046875, 219.10601806640625, -67.71280670166016, 34.492679595947266, 42.09060287475586, 61.74919891357422, 362.98492431640625, 17.12079620361328, 61.874324798583984, 70.00859069824219, 71.25128936767578, 27.772340774536133, 47.534515380859375], [85.25354766845703, 15.592120170593262, 216.30853271484375, 132.22085571289062, 83.67463684082031, 109.08293914794922, 17.12079620361328, 258.535400390625, 88.25552368164062, 77.60067749023438, 32.20563888549805, 43.113555908203125, 20.130924224853516], [203.51425170898438, 133.47232055664062, -66.26902770996094, 218.95274353027344, 200.1725311279297, 2.706726312637329, 61.874324798583984, 88.25552368164062, 281.0049743652344, 58.44633865356445, 52.51540756225586, 40.495147705078125, 44.13380432128906], [160.8511962890625, 43.112308502197266, 75.91120147705078, 1.3199784755706787, 52.71578598022461, 109.97308349609375, 70.00859069824219, 77.60067749023438, 58.44633865356445, 201.4219207763672, 42.94293975830078, -23.07112693786621, -2.9925878047943115], [41.20848846435547, 37.091312408447266, 27.383596420288086, 78.26238250732422, 56.20458221435547, 65.16911315917969, 71.25128936767578, 32.20563888549805, 52.51540756225586, 42.94293975830078, 127.00253295898438, 22.965946197509766, 37.02091598510742], [-31.049999237060547, 70.1543197631836, 36.8321647644043, 105.43801879882812, 51.74040603637695, -20.511489868164062, 27.772340774536133, 43.113555908203125, 40.495147705078125, -23.07112693786621, 22.965946197509766, 152.94847106933594, 26.739225387573242], [112.95767211914062, -22.760292053222656, 2.4857630729675293, 76.43693542480469, 84.5718994140625, 13.822672843933105, 47.534515380859375, 20.130924224853516, 44.13380432128906, -2.9925878047943115, 37.02091598510742, 26.739225387573242, 140.70567321777344]], "lowlevel.mfcc.icov": [[0.00052966846851632, -1.9402166799409315e-05, 0.00012009646889055148, -7.573526090709493e-05, -0.0003129145479761064, 0.00040361614082939923, -0.00032970833126455545, -0.000260310189332813, 0.00013599020894616842, -0.0004167136503383517, 0.00012850626080762595, 0.00035771881812252104, -0.0002455842914059758], [-1.9402166799409315e-05, 0.0016744376625865698, 0.0004888359108008444, -0.0009034709655679762, 0.0009456549305468798, -0.0008980715065263212, -0.0008121759165078402, 0.00033736813929863274, -0.0006451516528613865, -0.0001448272232664749, 0.0006271064048632979, -0.0007198869716376066, 0.0006856245454400778], [0.00012009646889055148, 0.0004888359108008444, 0.0032444128300994635, -0.0001947798882611096, 0.00010617802035994828, -0.002312730997800827, 0.0005615715635940433, -0.0019905061926692724, 0.0011714952997863293, -0.000152656837599352, 0.0003249650471843779, -0.0011240262538194656, 4.701026773545891e-05], [-7.573526090709493e-05, -0.0009034709655679762, -0.0001947798882611096, 0.004492304753512144, -0.002841202775016427, 0.0006095283897593617, 0.0006374013028107584, -0.0013205624418333173, -0.0006555785657837987, 0.0014382018707692623, -0.001569410553202033, -0.0007047749822959304, -0.00011778297630371526], [-0.0003129145479761064, 0.0009456549305468798, 0.00010617802035994828, -0.002841202775016427, 0.0063532087951898575, -0.0007899983902461827, -1.5803792848601006e-05, 0.0009339376701973379, -0.00243359268642962, -0.0010902907233685255, 0.0007584127015434206, -0.0004882069188170135, -0.0012901854934170842], [0.00040361614082939923, -0.0008980715065263212, -0.002312730997800827, 0.0006095283897593617, -0.0007899983902461827, 0.007467714603990316, -0.0007346562342718244, -0.0009964678902179003, 0.0007074595196172595, -0.0019273381913080812, -0.0024211429990828037, 0.0023205364122986794, -0.0006944373599253595], [-0.00032970833126455545, -0.0008121759165078402, 0.0005615715635940433, 0.0006374013028107584, -1.5803792848601006e-05, -0.0007346562342718244, 0.004276767373085022, -1.5645124221919104e-05, 4.800328315468505e-05, -0.0006544587668031454, -0.0015217815525829792, -0.0008330373675562441, -0.0010540543589740992], [-0.000260310189332813, 0.00033736813929863274, -0.0019905061926692724, -0.0013205624418333173, 0.0009339376701973379, -0.0009964678902179003, -1.5645124221919104e-05, 0.007653969805687666, -0.002185580786317587, -0.0014655336271971464, 0.0009899372234940529, -0.0012289815349504352, 9.031161607708782e-05], [0.00013599020894616842, -0.0006451516528613865, 0.0011714952997863293, -0.0006555785657837987, -0.00243359268642962, 0.0007074595196172595, 4.800328315468505e-05, -0.002185580786317587, 0.007451641373336315, -0.001269121770747006, -0.0010417080484330654, 6.164682417875156e-05, -0.0002902991836890578], [-0.0004167136503383517, -0.0001448272232664749, -0.000152656837599352, 0.0014382018707692623, -0.0010902907233685255, -0.0019273381913080812, -0.0006544587668031454, -0.0014655336271971464, -0.001269121770747006, 0.008339718915522099, -0.0014250054955482483, 0.001210227608680725, 0.001528340857475996], [0.00012850626080762595, 0.0006271064048632979, 0.0003249650471843779, -0.001569410553202033, 0.0007584127015434206, -0.0024211429990828037, -0.0015217815525829792, 0.0009899372234940529, -0.0010417080484330654, -0.0014250054955482483, 0.011641468852758408, -0.0012620678171515465, -0.0015271272277459502], [0.00035771881812252104, -0.0007198869716376066, -0.0011240262538194656, -0.0007047749822959304, -0.0004882069188170135, 0.0023205364122986794, -0.0008330373675562441, -0.0012289815349504352, 6.164682417875156e-05, 0.001210227608680725, -0.0012620678171515465, 0.009181935340166092, -0.0008846111013554037], [-0.0002455842914059758, 0.0006856245454400778, 4.701026773545891e-05, -0.00011778297630371526, -0.0012901854934170842, -0.0006944373599253595, -0.0010540543589740992, 9.031161607708782e-05, -0.0002902991836890578, 0.001528340857475996, -0.0015271272277459502, -0.0008846111013554037, 0.00935857929289341]], "metadata.audio_properties.analysis.downmix": "mix", "metadata.audio_properties.codec": "mp3", "metadata.audio_properties.md5_encoded": "b74a49fe3ef331feb5cc4c945b26ea65", "metadata.tags.file_name": "1183684783641997332.mp3", "metadata.version.essentia": "2.1-beta6-dev", "metadata.version.essentia_git_sha": "v2.1_beta5-1110-g77a6a954", "metadata.version.extractor": "music 2.0", "tonal.chords_key": "Bb", "tonal.chords_scale": "major", "tonal.key_edma.key": "Bb", "tonal.key_edma.scale": "major", "tonal.key_krumhansl.key": "Bb", "tonal.key_krumhansl.scale": "major", "tonal.key_temperley.key": "Bb", "tonal.key_temperley.scale": "major", "metadata.tags.encoding": ["Lavf58.45.100"]}, "essentia_models": [{"model_name": "genre_dortmund", "activations": {"alternative": "0.013286182", "blues": "0.010648911", "electronic": "0.0041112346", "folkcountry": "0.4678768", "funksoulrnb": "0.010502677", "jazz": "0.2501381", "pop": "0.33388555", "raphiphop": "0.0069314335", "rock": "0.0032118899"}}, {"model_name": "genre_rosamerica", "activations": {"classic": "0.0006365658", "dance": "0.0013279947", "hip hop": "0.0001