{"song_id": "1183672830949331034", "download": "https://cdn.discordapp.com/attachments/1135903449314238464/1183672830949331034/chirp.mp4?ex=6589303a&amp", "lyrics": "(Outro)\n\uaca8\uc6b8\ube44\uc758 \ub178\ub798\uac00\n\ub0b4 \uacc1\uc5d0 \uba38\ubb3c\ub7ec \uc8fc\uae38\n\uadf8\ub300\uc640 \ud568\uaed8 \ud560 \ub0a0\uc744\n\uae30\ub2e4\ub9ac\uba70\n\n\uadf8\ub300\uc640 \ud568\uaed8 \ud560 \ub0a0\uc744\n\uae30\ub2e4\ub9ac\uba70", "style": ["POP</span><span>, Acoustic</span><span>, Classic</span><span>, Symphony</span><span>,"], "essentia_features": {"lowlevel.average_loudness": 0.9533976316452026, "lowlevel.barkbands_crest.mean": 16.828662872314453, "lowlevel.barkbands_crest.stdev": 4.713981628417969, "lowlevel.barkbands_flatness_db.mean": 0.3013315498828888, "lowlevel.barkbands_flatness_db.stdev": 0.06954344362020493, "lowlevel.barkbands_kurtosis.mean": 36.61061477661133, "lowlevel.barkbands_kurtosis.stdev": 39.72889709472656, "lowlevel.barkbands_skewness.mean": 4.146629333496094, "lowlevel.barkbands_skewness.stdev": 2.779311180114746, "lowlevel.barkbands_spread.mean": 6.20644474029541, "lowlevel.barkbands_spread.stdev": 7.036220550537109, "lowlevel.dissonance.mean": 0.4013413190841675, "lowlevel.dissonance.stdev": 0.05735652521252632, "lowlevel.dynamic_complexity": 2.879333734512329, "lowlevel.erbbands_crest.mean": 16.541587829589844, "lowlevel.erbbands_crest.stdev": 6.433319091796875, "lowlevel.erbbands_flatness_db.mean": 0.27028289437294006, "lowlevel.erbbands_flatness_db.stdev": 0.06150124594569206, "lowlevel.erbbands_kurtosis.mean": 9.578125953674316, "lowlevel.erbbands_kurtosis.stdev": 13.881388664245605, "lowlevel.erbbands_skewness.mean": 2.038217544555664, "lowlevel.erbbands_skewness.stdev": 1.7965127229690552, "lowlevel.erbbands_spread.mean": 21.777090072631836, "lowlevel.erbbands_spread.stdev": 15.181389808654785, "lowlevel.hfc.mean": 12.801921844482422, "lowlevel.hfc.stdev": 10.744318962097168, "lowlevel.loudness_ebu128.integrated": -11.913186073303223, "lowlevel.loudness_ebu128.loudness_range": 5.195931434631348, "lowlevel.loudness_ebu128.momentary.mean": -12.707005500793457, "lowlevel.loudness_ebu128.momentary.stdev": 2.8688225746154785, "lowlevel.loudness_ebu128.short_term.mean": -12.324228286743164, "lowlevel.loudness_ebu128.short_term.stdev": 1.892785906791687, "lowlevel.melbands_crest.mean": 20.14176368713379, "lowlevel.melbands_crest.stdev": 4.951497554779053, "lowlevel.melbands_flatness_db.mean": 0.3696841299533844, "lowlevel.melbands_flatness_db.stdev": 0.07870606333017349, "lowlevel.melbands_kurtosis.mean": 47.74620819091797, "lowlevel.melbands_kurtosis.stdev": 53.36124038696289, "lowlevel.melbands_skewness.mean": 4.194294452667236, "lowlevel.melbands_skewness.stdev": 2.8666749000549316, "lowlevel.melbands_spread.mean": 7.144779205322266, "lowlevel.melbands_spread.stdev": 9.311944961547852, "lowlevel.pitch_salience.mean": 0.42141082882881165, "lowlevel.pitch_salience.stdev": 0.11666341871023178, "lowlevel.silence_rate_20dB.mean": 1.0, "lowlevel.silence_rate_20dB.stdev": 0.0, "lowlevel.silence_rate_30dB.mean": 1.0, "lowlevel.silence_rate_30dB.stdev": 0.0, "lowlevel.silence_rate_60dB.mean": 0.012121211737394333, "lowlevel.silence_rate_60dB.stdev": 0.1094268336892128, "lowlevel.spectral_centroid.mean": 467.8786315917969, "lowlevel.spectral_centroid.stdev": 294.8319091796875, "lowlevel.spectral_complexity.mean": 7.492929458618164, "lowlevel.spectral_complexity.stdev": 4.330935478210449, "lowlevel.spectral_decrease.mean": -7.46230455206387e-09, "lowlevel.spectral_decrease.stdev": 5.090151411479837e-09, "lowlevel.spectral_energy.mean": 0.029325641691684723, "lowlevel.spectral_energy.stdev": 0.019903013482689857, "lowlevel.spectral_energyband_high.mean": 0.000147042257594876, "lowlevel.spectral_energyband_high.stdev": 0.00026806481764651835, "lowlevel.spectral_energyband_low.mean": 0.0006609812844544649, "lowlevel.spectral_energyband_low.stdev": 0.0012618617620319128, "lowlevel.spectral_energyband_middle_high.mean": 0.0034572568256407976, "lowlevel.spectral_energyband_middle_high.stdev": 0.005980250891298056, "lowlevel.spectral_energyband_middle_low.mean": 0.025593889877200127, "lowlevel.spectral_energyband_middle_low.stdev": 0.01867181621491909, "lowlevel.spectral_entropy.mean": 6.133220195770264, "lowlevel.spectral_entropy.stdev": 0.6899119019508362, "lowlevel.spectral_flux.mean": 0.05086292326450348, "lowlevel.spectral_flux.stdev": 0.037799201905727386, "lowlevel.spectral_kurtosis.mean": 15.61676025390625, "lowlevel.spectral_kurtosis.stdev": 15.976752281188965, "lowlevel.spectral_rms.mean": 0.004991879221051931, "lowlevel.spectral_rms.stdev": 0.0019213276682421565, "lowlevel.spectral_rolloff.mean": 609.3014526367188, "lowlevel.spectral_rolloff.stdev": 678.8401489257812, "lowlevel.spectral_skewness.mean": 3.1241250038146973, "lowlevel.spectral_skewness.stdev": 1.126426339149475, "lowlevel.spectral_spread.mean": 4146979.25, "lowlevel.spectral_spread.stdev": 1620461.5, "lowlevel.spectral_strongpeak.mean": 1.309808611869812, "lowlevel.spectral_strongpeak.stdev": 0.9191545844078064, "lowlevel.zerocrossingrate.mean": 0.027576547116041183, "lowlevel.zerocrossingrate.stdev": 0.017340049147605896, "metadata.audio_properties.analysis.equal_loudness": 0.0, "metadata.audio_properties.analysis.length": 22.95360565185547, "metadata.audio_properties.analysis.sample_rate": 44100.0, "metadata.audio_properties.analysis.start_time": 0.0, "metadata.audio_properties.bit_rate": 113035.0, "metadata.audio_properties.length": 22.954666137695312, "metadata.audio_properties.lossless": 0.0, "metadata.audio_properties.number_channels": 1.0, "metadata.audio_properties.replay_gain": -15.058359146118164, "metadata.audio_properties.sample_rate": 48000.0, "rhythm.beats_count": 48.0, "rhythm.beats_loudness.mean": 0.03677353635430336, "rhythm.beats_loudness.stdev": 0.020191477611660957, "rhythm.bpm": 138.10682678222656, "rhythm.bpm_histogram_first_peak_bpm": 140.0, "rhythm.bpm_histogram_first_peak_weight": 0.5, "rhythm.bpm_histogram_second_peak_bpm": 133.0, "rhythm.bpm_histogram_second_peak_spread": 0.2857142686843872, "rhythm.bpm_histogram_second_peak_weight": 0.10638298094272614, "rhythm.danceability": 1.0309810638427734, "rhythm.onset_rate": 2.9160680770874023, "tonal.chords_changes_rate": 0.05645161122083664, "tonal.chords_number_rate": 0.012096773833036423, "tonal.chords_strength.mean": 0.5291553735733032, "tonal.chords_strength.stdev": 0.08373841643333435, "tonal.hpcp_crest.mean": 17.65410041809082, "tonal.hpcp_crest.stdev": 7.589264392852783, "tonal.hpcp_entropy.mean": 1.5410349369049072, "tonal.hpcp_entropy.stdev": 0.6920714974403381, "tonal.key_edma.strength": 0.6102903485298157, "tonal.key_krumhansl.strength": 0.599166750907898, "tonal.key_temperley.strength": 0.5823536515235901, "tonal.tuning_diatonic_strength": 0.5442120432853699, "tonal.tuning_equal_tempered_deviation": 0.044317737221717834, "tonal.tuning_frequency": 438.47772216796875, "tonal.tuning_nontempered_energy_ratio": 0.647925615310669, "lowlevel.barkbands.mean": [2.1304458641679958e-06, 2.4369523089262657e-05, 0.00020343154028523713, 0.002909535774961114, 0.014680828899145126, 0.005819644778966904, 0.0008200572337955236, 0.0005882339901290834, 0.0005433607148006558, 0.0006025627953931689, 0.0009533694246783853, 0.00042168633081018925, 0.0005685420474037528, 0.0004038235929328948, 0.00027104216860607266, 0.00015256436017807573, 0.00014666293282061815, 4.0527793316869065e-05, 2.2143267415231094e-05, 7.121905582607724e-06, 5.282778602122562e-06, 4.011457349406555e-05, 1.8162434571422637e-05, 9.700273039925378e-06, 6.248970748856664e-05, 8.205182894016616e-06, 4.482805593397643e-08], "lowlevel.barkbands.stdev": [3.6894934964948334e-06, 9.0844499936793e-05, 0.0005818987265229225, 0.005731916055083275, 0.016471346840262413, 0.004754514899104834, 0.002447183011099696, 0.0019174646586179733, 0.00186060497071594, 0.001660273177549243, 0.002769379410892725, 0.0014821041841059923, 0.002119435230270028, 0.00136726931668818, 0.0010342084569856524, 0.0005876924260519445, 0.0003615781315602362, 0.0001492809969931841, 0.0001949809811776504, 2.9954942874610424e-05, 2.039728315139655e-05, 0.00011817817721748725, 6.495672278106213e-05, 2.008652882068418e-05, 8.19648485048674e-05, 1.7709588064462878e-05, 4.5192464881438354e-07], "lowlevel.erbbands.mean": [0.0003593100991565734, 0.013071068562567234, 0.25682851672172546, 4.3590850830078125, 39.806453704833984, 45.37984085083008, 33.49892807006836, 61.58397674560547, 16.76716423034668, 11.123770713806152, 11.58534049987793, 14.794886589050293, 15.583306312561035, 27.581424713134766, 33.611473083496094, 19.54607582092285, 25.23697280883789, 22.83828353881836, 18.372636795043945, 10.263788223266602, 7.807153224945068, 7.931071758270264, 3.04726243019104, 1.4328700304031372, 0.733477771282196, 0.34191811084747314, 0.20637062191963196, 0.28003472089767456, 1.0302139520645142, 1.6766936779022217, 0.34476473927497864, 0.060898516327142715, 0.31907427310943604, 0.8274534344673157, 0.35388603806495667, 0.07292509824037552, 0.007447508163750172, 0.00045340610085986555, 2.9634420570801012e-05, 3.4529861295595765e-05], "lowlevel.erbbands.stdev": [0.0005408176220953465, 0.035300061106681824, 0.5335246324539185, 7.408466339111328, 52.864994049072266, 66.98007202148438, 71.74002838134766, 33.4908332824707, 33.39527130126953, 33.96980285644531, 34.275535583496094, 52.34611892700195, 53.41775131225586, 67.77667999267578, 101.80079650878906, 63.196075439453125, 89.42852020263672, 76.23047637939453, 58.42493438720703, 35.67243194580078, 19.33316993713379, 20.334941864013672, 7.838830471038818, 12.33637809753418, 4.892506122589111, 1.2617840766906738, 0.8020104765892029, 0.9587260484695435, 2.697033405303955, 5.570755958557129, 1.178559422492981, 0.25404199957847595, 0.5338377952575684, 1.0592762231826782, 0.5281235575675964, 0.1401541382074356, 0.01999344490468502, 0.0015286101261153817, 4.763466859003529e-05, 2.3065676941769198e-05], "lowlevel.gfcc.mean": [-97.46709442138672, 116.7104263305664, -101.58345794677734, -5.095809459686279, -69.61173248291016, -5.6151957511901855, -84.68092346191406, -23.50859832763672, -40.241661071777344, -10.052563667297363, -22.62932777404785, 3.2242958545684814, 1.0827186107635498], "lowlevel.melbands.mean": [3.927425495930947e-06, 9.146826778305694e-05, 0.0018273331224918365, 0.0034352149814367294, 0.0012761377729475498, 0.0012238601921126246, 0.00022573670139536262, 0.00012036484258715063, 9.195521852234378e-05, 9.041000885190442e-05, 7.387343794107437e-05, 0.00010488018597243354, 0.0001240406563738361, 6.054347977624275e-05, 4.5257351303007454e-05, 5.611303640762344e-05, 4.15247050113976e-05, 3.097610533586703e-05, 1.7638012650422752e-05, 1.2084926311217714e-05, 8.488390449201688e-06, 9.076376045413781e-06, 4.722121957456693e-06, 1.463398803025484e-06, 1.1374203268132987e-06, 7.104299584170803e-07, 3.165103805713443e-07, 2.0178275406124158e-07, 1.2393137183153158e-07, 1.1929819265787955e-07, 1.650387133622644e-07, 4.244464832936501e-07, 1.090066348297114e-06, 8.188516176232952e-07, 2.2078498318478523e-07, 3.642928447789018e-08, 2.3232473722600844e-08, 1.353133569637066e-07, 4.5816986471436394e-07, 7.988087986632308e-07], "lowlevel.melbands.stdev": [1.3174208106647711e-05, 0.00019298784900456667, 0.0025695294607430696, 0.0041220178827643394, 0.002269659424200654, 0.000688841741066426, 0.0005152712692506611, 0.00039325637044385076, 0.0002702918427530676, 0.00032671907683834434, 0.0002619203587528318, 0.0002684442442841828, 0.00036986576742492616, 0.0001995506463572383, 0.0001802252809284255, 0.00020048761507496238, 0.000146220249007456, 9.879213757812977e-05, 7.105586701072752e-05, 5.5007396440487355e-05, 1.9158449504175223e-05, 2.5696521333884448e-05, 9.944481462298427e-06, 7.662411917408463e-06, 1.08997064671712e-05, 5.593991318164626e-06, 1.8868427105189767e-06, 6.107217132012011e-07, 5.007651111554878e-07, 4.847235004490358e-07, 5.800487770102336e-07, 9.55986138251319e-07, 3.5565926737035625e-06, 2.812324282785994e-06, 7.691130576858995e-07, 1.5852276646910468e-07, 1.2905771029636526e-07, 3.059142272832105e-07, 6.609340630348015e-07, 1.0411539506094414e-06], "lowlevel.melbands128.mean": [8.740757948544342e-07, 8.629741614640807e-07, 1.608381580808782e-06, 1.6139820218086243e-05, 8.489549509249628e-05, 9.745758143253624e-05, 0.00034252394107170403, 0.002045835368335247, 0.0045138257555663586, 0.00438274210318923, 0.0022157684434205294, 0.001246966770850122, 0.0010672291973605752, 0.0009846530156210065, 0.0021834345534443855, 0.0006851524231024086, 0.00016120501095429063, 0.00025248542078770697, 0.00014271530380938202, 0.00010038344044005498, 0.0001331341190962121, 8.986537432065234e-05, 9.702092211227864e-05, 6.800393020967022e-05, 0.0001165642897831276, 8.458951924694702e-05, 6.270215089898556e-05, 9.764786955201998e-05, 4.060239371028729e-05, 0.00010216466762358323, 0.00010900393681367859, 0.00015282361709978431, 0.00013442900672089309, 0.00011371269647497684, 4.845470539294183e-05, 6.048713839845732e-05, 4.958849604008719e-05, 2.378788667556364e-05, 6.782208220101893e-05, 5.490640614880249e-05, 6.126164953457192e-05, 4.1190782212652266e-05, 3.393839506315999e-05, 5.4757867474108934e-05, 2.917441088357009e-05, 2.593225690361578e-05, 3.353445208631456e-05, 1.714078643999528e-05, 1.1842478670587298e-05, 1.1732340681192e-05, 1.4393391211342532e-05, 9.571271220920607e-06, 7.50279878047877e-06, 7.941765943542123e-06, 1.0388247574155685e-05, 9.880008292384446e-06, 7.542094863310922e-06, 5.9406061154732015e-06, 3.8369407775462605e-06, 2.0226736978656845e-06, 1.2690532003034605e-06, 1.0412771871415316e-06, 9.928563713401672e-07, 1.3619120409202878e-06, 1.0868133131225477e-06, 6.749947374373733e-07, 5.074909381619364e-07, 3.222392308543931e-07, 3.064530460505921e-07, 2.623945363211533e-07, 1.959150210950611e-07, 1.8382979760644957e-07, 1.2848477126681246e-07, 1.0933528926670988e-07, 1.222532404199228e-07, 1.1751446749030947e-07, 1.2141968852574792e-07, 1.2013707362257264e-07, 1.5935397357225156e-07, 2.088340806949418e-07, 3.158538959269208e-07, 5.077088189864298e-07, 7.207302132883342e-07, 1.1440114349170472e-06, 1.504564920651319e-06, 9.96115772977646e-07, 5.6452768149029e-07, 4.2701881852735823e-07, 2.0878016471215233e-07, 7.984921523984667e-08, 3.329702735754836e-08, 3.1080134021976846e-08, 2.554413391919752e-08, 1.3687989408595058e-08, 2.202731863576446e-08, 5.845202366572266e-08, 1.401326272798542e-07, 2.7442371219876804e-07, 3.7108986816747347e-07, 5.264748779154615e-07, 9.220476613336359e-07, 8.339036980942183e-07, 7.018151109150494e-07, 6.068958100513555e-07, 3.56690321723363e-07, 2.4342261895071715e-07, 1.8710822757839196e-07, 1.970379202020922e-07, 1.2341546096195088e-07, 4.468061121087885e-08, 3.142812943224271e-08, 2.728613957003745e-08, 1.9152485819518006e-08, 7.65541763314559e-09, 4.842901191182136e-09, 2.941480392593121e-09, 1.4828105410202852e-09, 4.734737046874216e-10, 2.1037631706133375e-11, 3.2594760224213815e-12, 3.176850275898868e-12, 3.1071688191136593e-12, 3.0448803201021946e-12, 2.9902092087141785e-12, 2.9395687273225946e-12, 2.870572703150831e-12, 2.8312402335778364e-12, 2.813577929666744e-12], "lowlevel.melbands128.stdev": [1.525351535747177e-06, 1.4872683777866769e-06, 5.176258582650917e-06, 6.282740650931373e-05, 0.00025271979393437505, 0.000274057179922238, 0.0008333505829796195, 0.0039304583333432674, 0.00717975152656436, 0.0065727755427360535, 0.0046002366580069065, 0.003189950482919812, 0.003543814877048135, 0.0012363502755761147, 0.0012566620716825128, 0.0004399517201818526, 0.0004990322631783783, 0.0008459788514301181, 0.000664098362904042, 0.00040102246566675603, 0.0006424596649594605, 0.0003274963528383523, 0.0004193284548819065, 0.00029977408121339977, 0.000538199907168746, 0.00042878216481767595, 0.00033717157202772796, 0.000456751644378528, 0.00012182338105048984, 0.0003886017657350749, 0.0003673404280561954, 0.0005635042325593531, 0.0005548420595005155, 0.0005375081091187894, 0.00021710935106966645, 0.0002970944333355874, 0.00023840440553613007, 0.00011065121361752972, 0.0004588730516843498, 0.0002023799461312592, 0.00030718723428435624, 0.0003355799417477101, 0.00012983224587514997, 0.00028268370078876615, 0.00014018872752785683, 0.00011267373338341713, 0.00017987361934501678, 0.00011229170195292681, 6.269795267144218e-05, 7.452574209310114e-05, 9.641805081628263e-05, 3.500553793855943e-05, 2.449239036650397e-05, 2.2027712475392036e-05, 3.012908564414829e-05, 3.8955186028033495e-05, 2.263517126266379e-05, 1.4282776646723505e-05, 1.0861011105589569e-05, 6.205166300787823e-06, 9.120021786657162e-06, 1.1693274245772045e-05, 8.407562745560426e-06, 1.5123124285310041e-05, 1.0497899893380236e-05, 5.348198101273738e-06, 2.8587162432813784e-06, 2.546577889006585e-06, 2.197561570937978e-06, 1.1442631375757628e-06, 5.538660161619191e-07, 6.039921913725266e-07, 6.171848667690938e-07, 4.328900899963628e-07, 6.120494617789518e-07, 4.483194686599745e-07, 5.989086844238045e-07, 4.286173691525619e-07, 7.019378358563699e-07, 6.425202627724502e-07, 8.486011893182877e-07, 1.2883281215181341e-06, 1.6719973245926667e-06, 4.796705979970284e-06, 4.745576916320715e-06, 3.478100779830129e-06, 2.3582990706927376e-06, 1.6821776398501243e-06, 6.973249355723965e-07, 3.047855727800197e-07, 1.2310076158428274e-07, 1.8147686375868943e-07, 2.023375884618872e-07, 9.268496370395951e-08, 1.2012904448965855e-07, 2.462459747221146e-07, 3.7967637922520225e-07, 5.742477924286504e-07, 6.696602099509619e-07, 8.598298109063762e-07, 1.2625234830920817e-06, 1.141525672210264e-06, 1.1530054280228796e-06, 1.0218326451649773e-06, 6.525774551846553e-07, 4.373295325876825e-07, 3.82222737016491e-07, 4.043103842832352e-07, 2.9162174541852437e-07, 1.3600492820842192e-07, 1.421961002279204e-07, 9.797570754699336e-08, 6.097311455732779e-08, 2.4689455813131644e-08, 1.5249971951902808e-08, 1.5901692407283008e-08, 1.1954581324857827e-08, 5.3418593992660135e-09, 2.8685356867619305e-10, 5.4908430233147065e-12, 5.357391613669549e-12, 5.239939124962456e-12, 5.136650219755845e-12, 5.047963783089138e-12, 4.975544282137534e-12, 4.915501165825287e-12, 4.872549412560101e-12, 4.846018118037643e-12], "lowlevel.mfcc.mean": [-759.270751953125, 165.42800903320312, 6.188715934753418, -3.1914782524108887, 12.001235008239746, -4.068353652954102, -28.734798431396484, -28.66946792602539, -14.549834251403809, -46.63784408569336, -6.533658504486084, -34.41713333129883, 4.62755823135376], "lowlevel.spectral_contrast_coeffs.mean": [-0.4512235224246979, -0.5912057161331177, -0.7584441900253296, -0.7747872471809387, -0.7680538296699524, -0.7387010455131531], "lowlevel.spectral_contrast_coeffs.stdev": [0.10832884162664413, 0.06586431711912155, 0.08306010812520981, 0.06498249620199203, 0.055283624678850174, 0.06807294487953186], "lowlevel.spectral_contrast_valleys.mean": [-8.444067001342773, -7.825613021850586, -8.386237144470215, -8.542144775390625, -9.557461738586426, -12.106313705444336], "lowlevel.spectral_contrast_valleys.stdev": [0.8104561567306519, 0.7695432901382446, 0.9901705980300903, 0.8583732843399048, 0.8745467066764832, 1.210530161857605], "rhythm.beats_loudness_band_ratio.mean": [0.3251461386680603, 0.6376462578773499, 0.05708843842148781, 0.09791258722543716, 0.02753712236881256, 0.00979861430823803], "rhythm.beats_loudness_band_ratio.stdev": [0.29714280366897583, 0.2531317174434662, 0.07520081102848053, 0.16846723854541779, 0.04917540401220322, 0.03689044713973999], "tonal.hpcp.mean": [0.15346944332122803, 0.10820381343364716, 0.05804697424173355, 0.10926318913698196, 0.0874648168683052, 0.02258942648768425, 0.016383890062570572, 0.013834981247782707, 0.03776904195547104, 0.0800521969795227, 0.06138698011636734, 0.014810550026595592, 0.007727131713181734, 0.012384963221848011, 0.06770586967468262, 0.14214642345905304, 0.09114794433116913, 0.013122516684234142, 0.005980753805488348, 0.00761958584189415, 0.012802081182599068, 0.017024608328938484, 0.020029962062835693, 0.2847679555416107, 0.579688549041748, 0.31371429562568665, 0.012518404982984066, 0.007406407967209816, 0.014440356753766537, 0.09279385209083557, 0.17607775330543518, 0.12614090740680695, 0.05359027534723282, 0.03252868354320526, 0.03384869918227196, 0.09167443960905075], "tonal.hpcp.stdev": [0.31457433104515076, 0.2574196457862854, 0.15515229105949402, 0.24736671149730682, 0.19865432381629944, 0.08948082476854324, 0.06827492266893387, 0.07104621082544327, 0.12884940207004547, 0.21698111295700073, 0.1874087154865265, 0.0773235484957695, 0.056310612708330154, 0.07957824319601059, 0.15272514522075653, 0.27404871582984924, 0.1860172301530838, 0.06965773552656174, 0.023999707773327827, 0.0607306994497776, 0.0722082108259201, 0.08584854751825333, 0.07784025371074677, 0.24094754457473755, 0.4127718210220337, 0.25250065326690674, 0.06866151839494705, 0.053473006933927536, 0.07401275634765625, 0.22141039371490479, 0.33612093329429626, 0.2643241882324219, 0.18590041995048523, 0.14110581576824188, 0.13475006818771362, 0.23896841704845428], "rhythm.beats_position": [0.41795918345451355, 0.847528338432312, 1.277097463607788, 1.729886531829834, 2.18267560005188, 2.6470746994018555, 3.111473798751831, 3.5874829292297363, 4.040272235870361, 4.493061065673828, 4.934240341186523, 5.363809585571289, 5.781768798828125, 6.222947597503662, 6.652516841888428, 7.105306148529053, 7.54648494720459, 7.987664222717285, 8.42884349822998, 8.974512100219727, 9.531790733337402, 10.100680351257324, 10.692789077758789, 11.284897804260254, 11.865396499633789, 12.457505226135254, 13.02639389038086, 13.572063446044922, 14.117732048034668, 14.663400650024414, 15.09296989440918, 15.534149169921875, 15.96371841430664, 16.393287658691406, 16.8344669342041, 17.275646209716797, 17.716825485229492, 18.146394729614258, 18.575963973999023, 19.01714324951172, 19.446712493896484, 19.87628173828125, 20.317459106445312, 20.747028350830078, 21.176597595214844, 21.60616683959961, 22.047346115112305, 22.488525390625], "rhythm.bpm_histogram": [0.0, 0.0, 0.0, 0.0, 0.0, 0.0, 0.0, 0.0, 0.0, 0.0, 0.0, 0.0, 0.0, 0.0, 0.0, 0.0, 0.0, 0.0, 0.0, 0.0, 0.0, 0.0, 0.0, 0.0, 0.0, 0.0, 0.0, 0.0, 0.0, 0.0, 0.0, 0.0, 0.0, 0.0, 0.0, 0.0, 0.0, 0.0, 0.0, 0.0, 0.0, 0.0, 0.0, 0.0, 0.0, 0.0, 0.0, 0.0, 0.0, 0.0, 0.0, 0.0, 0.0, 0.0, 0.0, 0.0, 0.0, 0.0, 0.0, 0.0, 0.0, 0.0, 0.0, 0.0, 0.0, 0.0, 0.0, 0.0, 0.0, 0.0, 0.0, 0.0, 0.0, 0.0, 0.0, 0.0, 0.0, 0.0, 0.0, 0.0, 0.0, 0.0, 0.0, 0.0, 0.0, 0.0, 0.0, 0.0, 0.0, 0.0, 0.0, 0.0, 0.0, 0.0, 0.0, 0.0, 0.0, 0.0, 0.0, 0.0, 0.0, 0.06382978707551956, 0.0, 0.021276595070958138, 0.0, 0.042553190141916275, 0.0, 0.0, 0.021276595070958138, 0.0, 0.08510638028383255, 0.0, 0.0, 0.0, 0.0, 0.0, 0.0, 0.0, 0.0, 0.0, 0.0, 0.0, 0.0, 0.0, 0.0, 0.0, 0.021276595070958138, 0.0, 0.0, 0.042553190141916275, 0.0, 0.0, 0.0, 0.10638298094272614, 0.0, 0.0, 0.27659574151039124, 0.0, 0.0, 0.0, 0.2978723347187042, 0.0, 0.0, 0.0, 0.021276595070958138, 0.0, 0.0, 0.0, 0.0, 0.0, 0.0, 0.0, 0.0, 0.0, 0.0, 0.0, 0.0, 0.0, 0.0, 0.0, 0.0, 0.0, 0.0, 0.0, 0.0, 0.0, 0.0, 0.0, 0.0, 0.0, 0.0, 0.0, 0.0, 0.0, 0.0, 0.0, 0.0, 0.0, 0.0, 0.0, 0.0, 0.0, 0.0, 0.0, 0.0, 0.0, 0.0, 0.0, 0.0, 0.0, 0.0, 0.0, 0.0, 0.0, 0.0, 0.0, 0.0, 0.0, 0.0, 0.0, 0.0, 0.0, 0.0, 0.0, 0.0, 0.0, 0.0, 0.0, 0.0, 0.0, 0.0, 0.0, 0.0, 0.0, 0.0, 0.0, 0.0, 0.0, 0.0, 0.0, 0.0, 0.0, 0.0, 0.0, 0.0, 0.0, 0.0, 0.0, 0.0, 0.0, 0.0, 0.0, 0.0, 0.0, 0.0, 0.0, 0.0, 0.0, 0.0, 0.0, 0.0, 0.0, 0.0, 0.0, 0.0, 0.0, 0.0, 0.0, 0.0, 0.0], "tonal.chords_histogram": [30.84677505493164, 26.814516067504883, 29.637096405029297, 0.0, 0.0, 0.0, 9.27419376373291, 0.0, 0.0, 0.0, 0.0, 0.0, 0.0, 0.0, 0.0, 0.0, 0.0, 0.0, 0.0, 1.4112902879714966, 0.0, 0.0, 0.0, 2.0161290168762207], "tonal.thpcp": [1.0, 0.5411773324012756, 0.021595053374767303, 0.012776529416441917, 0.024910543113946915, 0.1600753515958786, 0.30374544858932495, 0.21760116517543793, 0.09244666993618011, 0.0561140701174736, 0.058391179889440536, 0.1581442952156067, 0.2647446393966675, 0.18665853142738342, 0.10013476014137268, 0.1884860247373581, 0.15088242292404175, 0.03896821290254593, 0.028263263404369354, 0.023866232484579086, 0.06515402346849442, 0.1380951851606369, 0.1058964878320694, 0.02554915100336075, 0.013329798355698586, 0.021364858373999596, 0.11679697781801224, 0.24521172046661377, 0.15723605453968048, 0.02263718470931053, 0.010317184962332249, 0.013144275173544884, 0.022084413096308708, 0.02936854399740696, 0.03455297276377678, 0.49124303460121155], "lowlevel.gfcc.cov": [[6545.33447265625, -2469.9375, -442.9482116699219, -594.8299560546875, -897.4363403320312, 1018.9143676757812, -584.8814086914062, 587.0690307617188, -446.3495788574219, -361.8461608886719, -1068.5213623046875, 435.85198974609375, -595.63037109375], [-2469.9375, 1730.950927734375, 243.47630310058594, -27.810340881347656, 547.6114501953125, -355.28271484375, 439.7532043457031, -277.8943176269531, 202.56153869628906, 79.77992248535156, 442.2711486816406, -257.401611328125, 260.14141845703125], [-442.9482116699219, 243.47630310058594, 721.010498046875, 315.8199768066406, 109.78612518310547, -0.2095177322626114, 61.79728698730469, 31.69584083557129, -83.29800415039062, -54.0336799621582, -47.060585021972656, -73.73507690429688, 45.382225036621094], [-594.8299560546875, -27.810340881347656, 315.8199768066406, 975.9668579101562, 257.8505859375, -318.7003479003906, -75.84012603759766, -59.710201263427734, 139.25579833984375, 42.90028381347656, 112.58427429199219, -118.68251037597656, 72.05323028564453], [-897.4363403320312, 547.6114501953125, 109.78612518310547, 257.8505859375, 447.7489929199219, -179.10098266601562, 89.12263488769531, -104.07290649414062, 127.33299255371094, 87.98839569091797, 152.25375366210938, -99.73468780517578, 51.920711517333984], [1018.9143676757812, -355.28271484375, -0.2095177322626114, -318.7003479003906, -179.10098266601562, 440.48394775390625, -22.20573616027832, 99.19290924072266, -178.19833374023438, -88.09404754638672, -228.7008056640625, 94.13622283935547, -137.26243591308594], [-584.8814086914062, 439.7532043457031, 61.79728698730469, -75.84012603759766, 89.12263488769531, -22.20573616027832, 383.1441345214844, -13.166842460632324, -101.5829849243164, 16.86185073852539, 137.250732421875, -20.82313346862793, 26.67715835571289], [587.0690307617188, -277.8943176269531, 31.69584083557129, -59.710201263427734, -104.07290649414062, 99.19290924072266, -13.166842460632324, 168.42843627929688, -57.75789260864258, -44.92047119140625, -132.50050354003906, 59.853981018066406, -69.38217163085938], [-446.3495788574219, 202.56153869628906, -83.29800415039062, 139.25579833984375, 127.33299255371094, -178.19833374023438, -101.5829849243164, -57.75789260864258, 264.8079833984375, 75.80113220214844, 91.26636505126953, -69.37300109863281, 73.13435363769531], [-361.8461608886719, 79.77992248535156, -54.0336799621582, 42.90028381347656, 87.98839569091797, -88.09404754638672, 16.86185073852539, -44.92047119140625, 75.80113220214844, 164.2616424560547, 89.84856414794922, -34.620452880859375, 30.01483154296875], [-1068.5213623046875, 442.2711486816406, -47.060585021972656, 112.58427429199219, 152.25375366210938, -228.7008056640625, 137.250732421875, -132.50050354003906, 91.26636505126953, 89.84856414794922, 322.8026123046875, -57.77324676513672, 110.18476867675781], [435.85198974609375, -257.401611328125, -73.73507690429688, -118.68251037597656, -99.73468780517578, 94.13622283935547, -20.82313346862793, 59.853981018066406, -69.37300109863281, -34.620452880859375, -57.77324676513672, 130.5214385986328, -65.34672546386719], [-595.63037109375, 260.14141845703125, 45.382225036621094, 72.05323028564453, 51.920711517333984, -137.26243591308594, 26.67715835571289, -69.38217163085938, 73.13435363769531, 30.01483154296875, 110.18476867675781, -65.34672546386719, 156.7023162841797]], "lowlevel.gfcc.icov": [[0.0006232114392332733, 0.000285208661807701, 0.00037569404230453074, -7.237621321110055e-05, 0.00010282432049280033, -0.0003957542066927999, 0.0001460791245335713, -0.0004784079210367054, 8.923935820348561e-05, 0.0003556082956492901, 0.0008786377147771418, 3.657848992588697e-06, 0.00047638011164963245], [0.000285208661807701, 0.007939702831208706, -0.00320839392952621, 0.004802909679710865, -0.0054094246588647366, 0.0016519627533853054, -0.0063403211534023285, 0.004931153263896704, -0.005800912156701088, 0.005438918247818947, -0.0020202144514769316, 0.005347910802811384, -0.0015575725119560957], [0.00037569404230453074, -0.00320839392952621, 0.004012065939605236, -0.0029481700621545315, 0.0017186716431751847, -0.0015234581660479307, 0.002755537163466215, -0.0034491103142499924, 0.003898860886693001, -0.0015815794467926025, 0.0020343393553048372, -0.0012122004991397262, -0.0004048547416459769], [-7.237621321110055e-05, 0.004802909679710865, -0.0029481700621545315, 0.004929693415760994, -0.003919641487300396, 0.002518158173188567, -0.003184582805261016, 0.0030350766610354185, -0.0035119648091495037, 0.003378078807145357, -0.0018737012287601829, 0.003838974516838789, -0.0003604641533456743], [0.00010282432049280033, -0.0054094246588647366, 0.0017186716431751847, -0.003919641487300396, 0.008049868047237396, -0.0011023121187463403, 0.0030219457112252712, -0.00183505576569587, 0.002049078233540058, -0.0044164592400193214, 0.0018116325372830033, -0.00309210317209363, 0.003042178926989436], [-0.0003957542066927999, 0.0016519627533853054, -0.0015234581660479307, 0.002518158173188567, -0.0011023121187463403, 0.006626042537391186, -0.0016831138636916876, 0.0024783287663012743, 5.416334170149639e-05, 0.0011772537836804986, 0.0015282982494682074, 0.0007997791981324553, 0.0015978891169652343], [0.0001460791245335713, -0.0063403211534023285, 0.002755537163466215, -0.003184582805261016, 0.0030219457112252712, -0.0016831138636916876, 0.010599236935377121, -0.006773502100259066, 0.008247759193181992, -0.004223059397190809, -0.0012698707869276404, -0.0027136977296322584, 0.0011888638837262988], [-0.0004784079210367054, 0.004931153263896704, -0.0034491103142499924, 0.0030350766610354185, -0.00183505576569587, 0.0024783287663012743, -0.006773502100259066, 0.015415286645293236, -0.0058994535356760025, 0.003066514851525426, 0.00247291661798954, -5.22013651789166e-05, 0.000761413190048188], [8.923935820348561e-05, -0.005800912156701088, 0.003898860886693001, -0.0035119648091495037, 0.002049078233540058, 5.416334170149639e-05, 0.008247759193181992, -0.0058994535356760025, 0.013351578265428543, -0.005081814713776112, 0.0007653786451555789, -0.0013751510996371508, -0.0005622251192107797], [0.0003556082956492901, 0.005438918247818947, -0.0015815794467926025, 0.003378078807145357, -0.0044164592400193214, 0.0011772537836804986, -0.004223059397190809, 0.003066514851525426, -0.005081814713776112, 0.011913977563381195, -0.0026612086221575737, 0.004515156149864197, -0.00035767880035564303], [0.0008786377147771418, -0.0020202144514769316, 0.0020343393553048372, -0.0018737012287601829, 0.0018116325372830033, 0.0015282982494682074, -0.0012698707869276404, 0.00247291661798954, 0.0007653786451555789, -0.0026612086221575737, 0.011519471183419228, -0.004035032354295254, -0.00061459478456527], [3.657848992588697e-06, 0.005347910802811384, -0.0012122004991397262, 0.003838974516838789, -0.00309210317209363, 0.0007997791981324553, -0.0027136977296322584, -5.22013651789166e-05, -0.0013751510996371508, 0.004515156149864197, -0.004035032354295254, 0.017163820564746857, 0.0016573525499552488], [0.00047638011164963245, -0.0015575725119560957, -0.0004048547416459769, -0.0003604641533456743, 0.003042178926989436, 0.0015978891169652343, 0.0011888638837262988, 0.000761413190048188, -0.0005622251192107797, -0.00035767880035564303, -0.00061459478456527, 0.0016573525499552488, 0.013041592203080654]], "lowlevel.mfcc.cov": [[6388.35498046875, -2061.078857421875, -360.8595275878906, -1199.6544189453125, -385.79443359375, -214.13719177246094, -458.9662780761719, 541.3264770507812, 331.63720703125, -678.4414672851562, 530.3114013671875, -788.2582397460938, 54.952762603759766], [-2061.078857421875, 1785.0811767578125, -112.31587219238281, -9.506126403808594, -26.712804794311523, 183.02316284179688, 324.6309509277344, -87.29338073730469, 7.55775785446167, 150.37977600097656, 19.818870544433594, 123.64974212646484, 25.676557540893555], [-360.8595275878906, -112.31587219238281, 596.763916015625, 248.7344207763672, 87.23908233642578, -26.959671020507812, 88.16778564453125, -8.6056489944458, 78.74396514892578, -37.806968688964844, -125.51090240478516, 17.08477783203125, -13.300169944763184], [-1199.6544189453125, -9.506126403808594, 248.7344207763672, 1077.482666015625, 371.8761291503906, 20.70506477355957, 76.01162719726562, -171.1549072265625, -56.358673095703125, 288.2900390625, -272.0260314941406, 329.41217041015625, 14.399266242980957], [-385.79443359375, -26.712804794311523, 87.23908233642578, 371.8761291503906, 452.3052978515625, 47.0932502746582, -142.5606689453125, -115.27782440185547, 8.711701393127441, 137.64195251464844, -91.59618377685547, 119.09173583984375, -0.9953551888465881], [-214.13719177246094, 183.02316284179688, -26.959671020507812, 20.70506477355957, 47.0932502746582, 203.01988220214844, 93.50873565673828, -15.209166526794434, -6.273796558380127, 28.151718139648438, 35.35704040527344, 20.017030715942383, -10.813405990600586], [-458.9662780761719, 324.6309509277344, 88.16778564453125, 76.01162719726562, -142.5606689453125, 93.50873565673828, 383.9527587890625, 78.11209869384766, -22.356412887573242, -18.53699493408203, 17.281320571899414, 27.811819076538086, -26.57379913330078], [541.3264770507812, -87.29338073730469, -8.6056489944458, -171.1549072265625, -115.27782440185547, -15.209166526794434, 78.11209869384766, 256.17047119140625, 23.578691482543945, -130.34158325195312, 114.17330932617188, -106.38368225097656, -15.403493881225586], [331.63720703125, 7.55775785446167, 78.74396514892578, -56.358673095703125, 8.711701393127441, -6.273796558380127, -22.356412887573242, 23.578691482543945, 232.6919708251953, -73.90215301513672, 51.220619201660156, -142.4196014404297, 57.902339935302734], [-678.4414672851562, 150.37977600097656, -37.806968688964844, 288.2900390625, 137.64195251464844, 28.151718139648438, -18.53699493408203, -130.34158325195312, -73.90215301513672, 343.3126525878906, -123.1332778930664, 231.58168029785156, -30.541446685791016], [530.3114013671875, 19.818870544433594, -125.51090240478516, -272.0260314941406, -91.59618377685547, 35.35704040527344, 17.281320571899414, 114.17330932617188, 51.220619201660156, -123.1332778930664, 236.40829467773438, -143.9348907470703, 16.78982162475586], [-788.2582397460938, 123.64974212646484, 17.08477783203125, 329.41217041015625, 119.09173583984375, 20.017030715942383, 27.811819076538086, -106.38368225097656, -142.4196014404297, 231.58168029785156, -143.9348907470703, 350.7532958984375, -21.79754066467285], [54.952762603759766, 25.676557540893555, -13.300169944763184, 14.399266242980957, -0.9953551888465881, -10.813405990600586, -26.57379913330078, -15.403493881225586, 57.902339935302734, -30.541446685791016, 16.78982162475586, -21.79754066467285, 111.3253173828125]], "lowlevel.mfcc.icov": [[0.0005686776130460203, 0.0006270405137911439, 0.00034076685551553965, 0.0002945882733911276, -6.9437901402125135e-06, -3.5554050555219874e-05, 8.84683322510682e-05, -0.0005146960611455142, -0.0005969394114799798, 0.00010207146260654554, -0.0002657123259268701, 0.00018229035777039826, -6.209235289134085e-05], [0.0006270405137911439, 0.001550109009258449, 0.0006096645374782383, 0.0007097411435097456, -0.0003584199002943933, -0.00016408351075369865, -0.0009951423853635788, -0.00012098444858565927, -0.0009735145140439272, -0.00023329742543864995, -0.0002851695753633976, -4.859877299168147e-05, -0.00048360423534177244], [0.00034076685551553965, 0.0006096645374782383, 0.0029104454442858696, -2.723120451264549e-05, -0.0006427392363548279, 0.00044451281428337097, -0.0011008873116225004, -0.0002821587841026485, -0.001830012071877718, 0.0011492401827126741, 0.0013827643124386668, -0.0002562534937169403, 0.000786404125392437], [0.0002945882733911276, 0.0007097411435097456, -2.723120451264549e-05, 0.002737253438681364, -0.0019385588821023703, 0.000548641022760421, -0.0017760078189894557, -6.510651292046532e-05, -0.00043417856795713305, -0.0007494409219361842, 0.001102793263271451, -0.0007224770379252732, -0.0013509663986042142], [-6.9437901402125135e-06, -0.0003584199002943933, -0.0006427392363548279, -0.0019385588821023703, 0.005156738217920065, -0.0021205421071499586, 0.003357835579663515, 3.9549572647956666e-06, -0.0005127016338519752, -3.949691745219752e-05, -0.000636194134131074, -0.000301142456009984, 0.0011950694024562836], [-3.5554050555219874e-05, -0.00016408351075369865, 0.00044451281428337097, 0.000548641022760421, -0.0021205421071499586, 0.007289570290595293, -0.0028562985826283693, 0.001295942929573357, 5.187737770029344e-05, -0.0003303844132460654, -0.0015932031674310565, -2.8831052986788563e-05, 0.00034115876769647], [8.84683322510682e-05, -0.0009951423853635788, -0.0011008873116225004, -0.0017760078189894557, 0.003357835579663515, -0.0028562985826283693, 0.006682590115815401, -0.001903176074847579, 0.00028534483863040805, 0.0006946736248210073, -0.0005689699901267886, -0.0002999169228132814, 0.0014377079205587506], [-0.0005146960611455142, -0.00012098444858565927, -0.0002821587841026485, -6.510651292046532e-05, 3.9549572647956666e-06, 0.001295942929573357, -0.001903176074847579, 0.0070639718323946, 0.00030640672775916755, 0.0010694845113903284, -0.002285783411934972, -0.0002578362182248384, 0.0013339959550648928], [-0.0005969394114799798, -0.0009735145140439272, -0.001830012071877718, -0.00043417856795713305, -0.0005127016338519752, 5.187737770029344e-05, 0.00028534483863040805, 0.00030640672775916755, 0.008528629317879677, -0.0014242678880691528, -0.0004996033967472613, 0.0037173242308199406, -0.0035557462833821774], [0.00010207146260654554, -0.00023329742543864995, 0.0011492401827126741, -0.0007494409219361842, -3.949691745219752e-05, -0.0003303844132460654, 0.0006946736248210073, 0.0010694845113903284, -0.0014242678880691528, 0.006952686235308647, 0.0006355143268592656, -0.0034986131358891726, 0.00238635647110641], [-0.0002657123259268701, -0.0002851695753633976, 0.0013827643124386668, 0.001102793263271451, -0.000636194134131074, -0.0015932031674310565, -0.0005689699901267886, -0.002285783411934972, -0.0004996033967472613, 0.0006355143268592656, 0.0092062558978796, 0.0011447267606854439, -0.0011231584940105677], [0.00018229035777039826, -4.859877299168147e-05, -0.0002562534937169403, -0.0007224770379252732, -0.000301142456009984, -2.8831052986788563e-05, -0.0002999169228132814, -0.0002578362182248384, 0.0037173242308199406, -0.0034986131358891726, 0.0011447267606854439, 0.008208688348531723, -0.0015873534139245749], [-6.209235289134085e-05, -0.00048360423534177244, 0.000786404125392437, -0.0013509663986042142, 0.0011950694024562836, 0.00034115876769647, 0.0014377079205587506, 0.0013339959550648928, -0.0035557462833821774, 0.00238635647110641, -0.0011231584940105677, -0.0015873534139245749, 0.012327832169830799]], "metadata.audio_properties.analysis.downmix": "mix", "metadata.audio_properties.codec": "mp3", "metadata.audio_properties.md5_encoded": "25724cb0bbfec77261161ff64deacdd7", "metadata.tags.file_name": "1183672830949331034.mp3", "metadata.version.essentia": "2.1-beta6-dev", "metadata.version.essentia_git_sha": "v2.1_beta5-1110-g77a6a954", "metadata.version.extractor": "music 2.0", "tonal.chords_key": "Bb", "tonal.chords_scale": "major", "tonal.key_edma.key": "Bb", "tonal.key_edma.scale": "major", "tonal.key_krumhansl.key": "Bb", "tonal.key_krumhansl.scale": "major", "tonal.key_temperley.key": "Bb", "tonal.key_temperley.scale": "major", "metadata.tags.encoding": ["Lavf58.45.100"]}, "essentia_models": [{"model_name": "genre_dortmund", "activations": {"alternative": "0.13931747", "blues": "0.026169097", 