{"song_id": "1183710271336894514", "download": "https://cdn.discordapp.com/attachments/1128313332273782784/1183710271336894514/chirp.mp4?ex=65895318&amp", "lyrics": "\u5728\u661f\u5149\u9583\u720d\u7684\u591c\u665a\uff0c\u6211\u5011\u76f8\u9047 \u773c\u795e\u4ea4\u532f\uff0c\u611b\u610f\u5982\u6f6e\u6c34\u6e67\u4f86 \u547d\u904b\u7684\u7cf8\u7dda\uff0c\u5c07\u6211\u5011\u7dca\u5bc6\u5730\u7de8\u7e54 \u4e00\u9996\u5c6c\u65bc\u6211\u5011\u7684\u6d6a\u6f2b\u60c5\u6b4c\uff0c\u958b\u59cb\u5531\u97ff\u3002\n\u6708\u5149\u7051\u5728\u6211\u5011\u7684\u80a9\u4e0a\uff0c\u611b\u60c5\u5982\u6b4c \u90a3\u4e00\u523b\u8d77\uff0c\u6211\u5011\u7684\u5fc3\u9023\u6210\u4e00\u5ea7\u6a4b \u611b\u7684\u65cb\u5f8b\uff0c\u60a0\u63da\u52d5\u4eba\uff0c\u6642\u9593\u4eff\u4f5b\u505c\u7559 \u6211\u5011\u7684\u6545\u4e8b\uff0c\u662f\u4e00\u5834\u6c38\u4e0d\u78e8\u6ec5\u7684\u5922\u3002\n\u611b\u60c5\u7684\u82b1\u6735\uff0c\u5728\u5fc3\u9593\u7dbb\u653e \u6bcf\u4e00\u500b\u773c\u795e\uff0c\u90fd\u662f\u4e00\u9996\u52d5\u4eba\u7684\u8a69\u7bc7 \u7136\u800c\uff0c\u751f\u6d3b\u7684\u98a8\u96f2\u537b\u6f38\u6f38\u6e67\u4f86 \u8003\u9a57\u7684\u9670\u973e\uff0c\u662f\u5426\u80fd\u6fc0\u8d77\u66f4\u6df1\u7684\u611b\u3002\n\u5728\u9ed1\u591c\u964d\u81e8\u4e4b\u969b\uff0c\u6211\u5011\u5f7c\u6b64\u9760\u8fd1 \u9762\u5c0d\u6311\u6230\uff0c\u6211\u5011\u5805\u5b9a\u4e0d\u79fb\u3002\n\u6708\u5149\u7051\u5728\u6211\u5011\u7684\u80a9\u4e0a\uff0c\u611b\u60c5\u5982\u6b4c \u90a3\u4e00\u523b\u8d77\uff0c\u6211\u5011\u7684\u5fc3\u9023\u6210\u4e00\u5ea7\u6a4b \u611b\u7684\u65cb\u5f8b\uff0c\u60a0\u63da\u52d5\u4eba\uff0c\u6642\u9593\u4eff\u4f5b\u505c\u7559 \u6211\u5011\u7684\u6545\u4e8b\uff0c\u662f\u4e00\u5834\u6c38\u4e0d\u78e8\u6ec5\u7684\u5922\u3002\n\u9006\u98a8\u7684\u6642\u5019\uff0c\u6211\u5011\u4e00\u8d77\u98db\u7fd4 \u5f7c\u6b64\u7684\u624b\uff0c\u662f\u5f7c\u6b64\u7684\u5805\u5f37 \u5118\u7ba1\u906d\u9047\u66b4\u98a8\u96e8\uff0c\u611b\u60c5\u7684\u706b\u7130\u4e0d\u6703\u6d88\u901d \u6211\u5011\u7684\u611b\u60c5\uff0c\u52c7\u6562\u5730\u9762\u5c0d\u6bcf\u4e00\u500b\u6311\u6230\u3002\n\u6708\u5149\u7051\u5728\u6211\u5011\u7684\u80a9\u4e0a\uff0c\u611b\u60c5\u5982\u6b4c \u90a3\u4e00\u523b\u8d77\uff0c\u6211\u5011\u7684\u5fc3\u9023\u6210\u4e00\u5ea7\u6a4b \u611b\u7684\u65cb\u5f8b\uff0c\u60a0\u63da\u52d5\u4eba\uff0c\u6642\u9593\u4eff\u4f5b\u505c\u7559 \u6211\u5011\u7684\u6545\u4e8b\uff0c\u662f\u4e00\u5834\u6c38\u4e0d\u78e8\u6ec5\u7684\u5922\u3002\n\u5728\u6642\u5149\u7684\u9577\u6cb3\u4e2d\uff0c\u6211\u5011\u7684\u611b\u6046\u4e45\u4e0d\u8b8a \u9019\u662f\u4e00\u9996\u5c6c\u65bc\u6211\u5011\u7684\u6d6a\u6f2b\u60c5\u6b4c\uff0c\u6c38\u9060\u5531\u4e0d\u5b8c\u3002", "style": ["Christmas pop"], "essentia_features": {"lowlevel.average_loudness": 0.3006088137626648, "lowlevel.barkbands_crest.mean": 17.587688446044922, "lowlevel.barkbands_crest.stdev": 6.684842109680176, "lowlevel.barkbands_flatness_db.mean": 0.3870272934436798, "lowlevel.barkbands_flatness_db.stdev": 0.08785146474838257, "lowlevel.barkbands_kurtosis.mean": 35.12915802001953, "lowlevel.barkbands_kurtosis.stdev": 72.88511657714844, "lowlevel.barkbands_skewness.mean": 3.9273717403411865, "lowlevel.barkbands_skewness.stdev": 4.250448226928711, "lowlevel.barkbands_spread.mean": 7.353976249694824, "lowlevel.barkbands_spread.stdev": 8.594399452209473, "lowlevel.dissonance.mean": 0.43936672806739807, "lowlevel.dissonance.stdev": 0.047301407903432846, "lowlevel.dynamic_complexity": 2.726576328277588, "lowlevel.erbbands_crest.mean": 15.030157089233398, "lowlevel.erbbands_crest.stdev": 8.94130802154541, "lowlevel.erbbands_flatness_db.mean": 0.38015371561050415, "lowlevel.erbbands_flatness_db.stdev": 0.06889340281486511, "lowlevel.erbbands_kurtosis.mean": 3.7350265979766846, "lowlevel.erbbands_kurtosis.stdev": 9.160567283630371, "lowlevel.erbbands_skewness.mean": 0.8707590699195862, "lowlevel.erbbands_skewness.stdev": 1.9052159786224365, "lowlevel.erbbands_spread.mean": 18.95320701599121, "lowlevel.erbbands_spread.stdev": 11.936701774597168, "lowlevel.hfc.mean": 11.154850959777832, "lowlevel.hfc.stdev": 22.152549743652344, "lowlevel.loudness_ebu128.integrated": -31.017173767089844, "lowlevel.loudness_ebu128.loudness_range": 6.603660583496094, "lowlevel.loudness_ebu128.momentary.mean": -32.340877532958984, "lowlevel.loudness_ebu128.momentary.stdev": 3.6354122161865234, "lowlevel.loudness_ebu128.short_term.mean": -31.966861724853516, "lowlevel.loudness_ebu128.short_term.stdev": 2.3045294284820557, "lowlevel.melbands_crest.mean": 20.788253784179688, "lowlevel.melbands_crest.stdev": 6.208665370941162, "lowlevel.melbands_flatness_db.mean": 0.48182547092437744, "lowlevel.melbands_flatness_db.stdev": 0.09666324406862259, "lowlevel.melbands_kurtosis.mean": 34.6226921081543, "lowlevel.melbands_kurtosis.stdev": 51.29595947265625, "lowlevel.melbands_skewness.mean": 3.956287145614624, "lowlevel.melbands_skewness.stdev": 2.8422598838806152, "lowlevel.melbands_spread.mean": 9.938080787658691, "lowlevel.melbands_spread.stdev": 12.58427906036377, "lowlevel.pitch_salience.mean": 0.401199072599411, "lowlevel.pitch_salience.stdev": 0.21486155688762665, "lowlevel.silence_rate_20dB.mean": 1.0, "lowlevel.silence_rate_20dB.stdev": 0.0, "lowlevel.silence_rate_30dB.mean": 0.976245641708374, "lowlevel.silence_rate_30dB.stdev": 0.1522829532623291, "lowlevel.silence_rate_60dB.mean": 0.049826186150312424, "lowlevel.silence_rate_60dB.stdev": 0.21757908165454865, "lowlevel.spectral_centroid.mean": 466.1729431152344, "lowlevel.spectral_centroid.stdev": 352.2598571777344, "lowlevel.spectral_complexity.mean": 11.318076133728027, "lowlevel.spectral_complexity.stdev": 7.026692867279053, "lowlevel.spectral_decrease.mean": -6.11561734586985e-09, "lowlevel.spectral_decrease.stdev": 6.1384941574260665e-09, "lowlevel.spectral_energy.mean": 0.02409353107213974, "lowlevel.spectral_energy.stdev": 0.024310529232025146, "lowlevel.spectral_energyband_high.mean": 0.000307107693515718, "lowlevel.spectral_energyband_high.stdev": 0.002518193796277046, "lowlevel.spectral_energyband_low.mean": 0.001917030313052237, "lowlevel.spectral_energyband_low.stdev": 0.008243007585406303, "lowlevel.spectral_energyband_middle_high.mean": 0.0029474145267158747, "lowlevel.spectral_energyband_middle_high.stdev": 0.004992013797163963, "lowlevel.spectral_energyband_middle_low.mean": 0.019795995205640793, "lowlevel.spectral_energyband_middle_low.stdev": 0.018791133537888527, "lowlevel.spectral_entropy.mean": 5.936608791351318, "lowlevel.spectral_entropy.stdev": 0.9231886863708496, "lowlevel.spectral_flux.mean": 0.060782790184020996, "lowlevel.spectral_flux.stdev": 0.037219367921352386, "lowlevel.spectral_kurtosis.mean": 56.2338752746582, "lowlevel.spectral_kurtosis.stdev": 35.74203109741211, "lowlevel.spectral_rms.mean": 0.004445778205990791, "lowlevel.spectral_rms.stdev": 0.001934150350280106, "lowlevel.spectral_rolloff.mean": 752.0196533203125, "lowlevel.spectral_rolloff.stdev": 928.5250854492188, "lowlevel.spectral_skewness.mean": 4.437407970428467, "lowlevel.spectral_skewness.stdev": 1.9760535955429077, "lowlevel.spectral_spread.mean": 1431751.75, "lowlevel.spectral_spread.stdev": 1833703.25, "lowlevel.spectral_strongpeak.mean": 0.877386212348938, "lowlevel.spectral_strongpeak.stdev": 0.8045652508735657, "lowlevel.zerocrossingrate.mean": 0.02597452513873577, "lowlevel.zerocrossingrate.stdev": 0.030379481613636017, "metadata.audio_properties.analysis.equal_loudness": 0.0, "metadata.audio_properties.analysis.length": 40.04265213012695, "metadata.audio_properties.analysis.sample_rate": 44100.0, "metadata.audio_properties.analysis.start_time": 0.0, "metadata.audio_properties.bit_rate": 87339.0, "metadata.audio_properties.length": 40.042667388916016, "metadata.audio_properties.lossless": 0.0, "metadata.audio_properties.number_channels": 1.0, "metadata.audio_properties.replay_gain": 3.236246109008789, "metadata.audio_properties.sample_rate": 48000.0, "rhythm.beats_count": 91.0, "rhythm.beats_loudness.mean": 0.02129720151424408, "rhythm.beats_loudness.stdev": 0.018731456249952316, "rhythm.bpm": 144.8433380126953, "rhythm.bpm_histogram_first_peak_bpm": 144.0, "rhythm.bpm_histogram_first_peak_weight": 0.375, "rhythm.bpm_histogram_second_peak_bpm": 126.0, "rhythm.bpm_histogram_second_peak_spread": 0.3333333730697632, "rhythm.bpm_histogram_second_peak_weight": 0.20000000298023224, "rhythm.danceability": 0.9275925159454346, "rhythm.onset_rate": 1.5478941202163696, "tonal.chords_changes_rate": 0.046296294778585434, "tonal.chords_number_rate": 0.0069444444961845875, "tonal.chords_strength.mean": 0.47543561458587646, "tonal.chords_strength.stdev": 0.07047110795974731, "tonal.hpcp_crest.mean": 13.324522972106934, "tonal.hpcp_crest.stdev": 7.56992769241333, "tonal.hpcp_entropy.mean": 2.270317554473877, "tonal.hpcp_entropy.stdev": 0.8386359214782715, "tonal.key_edma.strength": 0.6199376583099365, "tonal.key_krumhansl.strength": 0.6076222658157349, "tonal.key_temperley.strength": 0.5805597901344299, "tonal.tuning_diatonic_strength": 0.5491094589233398, "tonal.tuning_equal_tempered_deviation": 0.10199279338121414, "tonal.tuning_frequency": 447.6910400390625, "tonal.tuning_nontempered_energy_ratio": 0.7174901962280273, "lowlevel.barkbands.mean": [1.3028516150370706e-06, 1.3083878002362326e-05, 0.0010829588863998652, 0.0020623484160751104, 0.014532573521137238, 0.0017888094298541546, 0.00022075932065490633, 0.0001776238059392199, 0.0008949310868047178, 0.0004474890884011984, 0.000893235148396343, 0.0005571455112658441, 0.0005272547714412212, 0.0003691539750434458, 0.00010654256766429171, 3.244515028200112e-05, 1.7078418750315905e-05, 2.3432930902345106e-05, 2.7414145733928308e-05, 4.411238478496671e-05, 4.391326001496054e-05, 7.927186379674822e-05, 7.483693480025977e-05, 2.8124348318669945e-05, 3.0898696422809735e-05, 1.6830897948239e-05, 1.6767642829762508e-09], "lowlevel.barkbands.stdev": [1.6011590560083278e-05, 9.257714555133134e-05, 0.007211837451905012, 0.0037902959156781435, 0.013543630950152874, 0.006882344838231802, 0.0004032679134979844, 0.00037306174635887146, 0.006647881586104631, 0.0006940814782865345, 0.001440335181541741, 0.0018569431267678738, 0.001843910664319992, 0.0016812144313007593, 0.00015725770208518952, 5.006938590668142e-05, 4.5596858399221674e-05, 0.00019544776296243072, 0.00022027526574674994, 0.0004168760497123003, 0.0003505533386487514, 0.0007798800943419337, 0.0009313367772847414, 0.00018267441191710532, 0.00017329383990727365, 0.00011800544598372653, 1.314280062558737e-08], "lowlevel.erbbands.mean": [0.0004457095928955823, 0.021756956353783607, 0.8382376432418823, 4.453778266906738, 16.731142044067383, 80.70608520507812, 23.348623275756836, 13.463062286376953, 4.841230869293213, 3.446472406387329, 5.623917579650879, 17.60409164428711, 18.429344177246094, 22.332155227661133, 38.029693603515625, 20.397891998291016, 21.37289810180664, 23.32964515686035, 9.373650550842285, 3.6150641441345215, 1.653839111328125, 1.0299744606018066, 1.1040500402450562, 1.6140530109405518, 1.1916626691818237, 1.9993181228637695, 2.4828522205352783, 1.4136521816253662, 2.7720608711242676, 2.9064245223999023, 1.8944498300552368, 0.6412255167961121, 0.5485489368438721, 0.353441447019577, 0.22027257084846497, 0.12044161558151245, 0.021045606583356857, 0.0007599445525556803, 3.390428173588589e-05, 2.9304206691449508e-05], "lowlevel.erbbands.stdev": [0.0024623714853078127, 0.1416347473859787, 5.3060503005981445, 10.192608833312988, 16.535993576049805, 79.9994125366211, 54.145809173583984, 52.41495895385742, 10.098353385925293, 6.5633392333984375, 14.316073417663574, 130.5518341064453, 101.28288269042969, 25.889644622802734, 77.55916595458984, 55.403568267822266, 57.39569091796875, 108.3795394897461, 12.119524002075195, 4.405637264251709, 2.84301495552063, 3.1364614963531494, 8.487771034240723, 11.875909805297852, 10.556497573852539, 19.319530487060547, 20.1218204498291, 11.962911605834961, 27.95718765258789, 33.61389923095703, 23.300010681152344, 5.96566915512085, 3.0962274074554443, 2.2341089248657227, 1.1153639554977417, 0.7295191884040833, 0.18046404421329498, 0.007762026507407427, 0.0001876655878731981, 3.4663564292714e-05], "lowlevel.gfcc.mean": [-194.64752197265625, 214.01416015625, -137.47923278808594, -53.14254379272461, -13.196512222290039, -24.166492462158203, -44.734588623046875, -42.00466537475586, -52.5841178894043, -31.66368293762207, -15.470122337341309, -20.496692657470703, -0.40221214294433594], "lowlevel.melbands.mean": [2.1931275568931596e-06, 0.00032693336834199727, 0.001014965819194913, 0.003443397581577301, 0.0014617651468142867, 0.0003009525826200843, 6.853431113995612e-05, 3.548544555087574e-05, 5.239407255430706e-05, 0.00012627814430743456, 9.199213673127815e-05, 8.239581802627072e-05, 0.00013248424511402845, 7.265642489073798e-05, 4.5997530833119527e-05, 5.331371721695177e-05, 3.974295032094233e-05, 1.582739787409082e-05, 6.806042165408144e-06, 2.7999681151413824e-06, 1.7399156604369637e-06, 1.0303186854798696e-06, 9.35841512728075e-07, 1.1070843584093382e-06, 1.3575584034697386e-06, 9.419480875294539e-07, 7.644709398846317e-07, 1.5065768366184784e-06, 1.7358205468553933e-06, 1.1504171197884716e-06, 6.772386313969037e-07, 1.4503993952530436e-06, 1.7995635062106885e-06, 1.6147794212884037e-06, 1.1032844895453309e-06, 7.253248668348533e-07, 2.9106320198479807e-07, 4.022942334813706e-07, 2.9160443659748125e-07, 3.1254586474460666e-07], "lowlevel.melbands.stdev": [1.7815114915720187e-05, 0.0019236040534451604, 0.001835689996369183, 0.0030499568674713373, 0.002042535226792097, 0.0011513978242874146, 0.00014619316789321601, 6.718332588206977e-05, 0.00016106775728985667, 0.0010117697529494762, 0.0005148815107531846, 9.916057024383917e-05, 0.00023925243294797838, 0.0002627363719511777, 5.614044130197726e-05, 0.00024398314417339861, 0.00018009517225436866, 1.938419882208109e-05, 9.279079677071422e-06, 3.6260648812458385e-06, 3.5471589399094228e-06, 2.9744458061031764e-06, 5.853524726262549e-06, 9.564102583681233e-06, 9.997712368203793e-06, 8.760252057982143e-06, 7.2734596869850066e-06, 1.4800772078160662e-05, 1.4804948477831203e-05, 9.520498679194134e-06, 5.949010756012285e-06, 1.5454965250683017e-05, 1.7888603906612843e-05, 2.1202306015766226e-05, 1.4219243894331157e-05, 7.949127393658273e-06, 2.4715488962101517e-06, 2.306790520378854e-06, 1.8684577298699878e-06, 1.916092514875345e-06], "lowlevel.melbands128.mean": [5.608714559457439e-07, 6.415717734853388e-07, 1.002332510324777e-06, 8.472672561765648e-06, 0.00023554499784950167, 0.0006277645006775856, 0.0008021604735404253, 0.0011530019110068679, 0.0011620735749602318, 0.003268494037911296, 0.006169304717332125, 0.0018447735346853733, 0.00042163635953329504, 0.0005062920972704887, 0.0003035797562915832, 0.00022474014258477837, 9.113016858464107e-05, 3.6162451579002663e-05, 3.9726004615658894e-05, 4.000761327915825e-05, 3.118033055216074e-05, 2.8223412300576456e-05, 5.3409032261697575e-05, 8.098497346509248e-05, 7.631746848346666e-05, 0.0001902046933537349, 0.00015064296894706786, 6.132503767730668e-05, 5.944372242083773e-05, 6.65990955894813e-05, 8.664418419357389e-05, 0.00012249816791154444, 0.00015384110156446695, 0.0001246666070073843, 9.713297913549468e-05, 5.429783777799457e-05, 3.705967537825927e-05, 5.0858157919719815e-05, 4.8004203563323244e-05, 3.505131462588906e-05, 5.9252015489619225e-05, 7.379391172435135e-05, 4.714581882581115e-05, 1.634373802517075e-05, 2.0205477994750254e-05, 1.6585478078923188e-05, 1.028211227094289e-05, 6.476464022853179e-06, 6.2012081798457075e-06, 3.6356127566250507e-06, 2.203297299274709e-06, 1.9480967239360325e-06, 2.140387778126751e-06, 1.4916150803401251e-06, 1.1200103244846105e-06, 9.837804100243375e-07, 9.766015409695683e-07, 9.513662462268258e-07, 9.032957564159005e-07, 9.225374810739595e-07, 9.272903866985871e-07, 1.3949497770227026e-06, 1.6651656551402994e-06, 1.2201561503388803e-06, 1.08263873244141e-06, 9.491326409261092e-07, 1.002123440230207e-06, 4.532288357950165e-07, 7.976900064932124e-07, 9.474580338064698e-07, 1.2688517472270178e-06, 1.943718189068022e-06, 2.1979979010211537e-06, 1.5833809356990969e-06, 1.4044713907424011e-06, 1.3504097751138033e-06, 9.974974091164768e-07, 5.342421331988589e-07, 5.504094815478311e-07, 8.79374624673801e-07, 1.2134215694459272e-06, 1.8253883808938554e-06, 1.7953334463527426e-06, 2.0120394310652046e-06, 1.5616349173797062e-06, 1.572339442645898e-06, 1.768946958691231e-06, 1.3185534726289916e-06, 7.489512086067407e-07, 1.3708595361094922e-06, 1.0271088513036375e-06, 5.203131649977877e-07, 2.2771270380417263e-07, 2.4273617782455403e-07, 3.6509328538159025e-07, 3.293891666089621e-07, 4.364766255093855e-07, 4.878020263276994e-07, 2.2152623557758488e-07, 2.362098285857428e-07, 3.091333269367169e-07, 3.653142073289928e-07, 2.6868440272664884e-07, 1.874927448852759e-07, 1.9810413220966439e-07, 3.6139849157734716e-07, 2.1293399754540587e-07, 1.829157838528772e-07, 2.2492407936169911e-07, 2.378731238650289e-07, 1.5918953977234196e-07, 9.109760412684409e-08, 3.552242588966692e-08, 1.7380870076522115e-08, 1.2754514777668646e-08, 5.475964126588906e-10, 2.4076353757895852e-11, 7.631501333649204e-12, 5.75515112996583e-12, 5.620664957767252e-12, 5.423647208430138e-12, 5.41841181297964e-12, 5.4813423765176505e-12, 5.308476748455693e-12, 4.302919132115335e-12, 2.5485206393144333e-12, 1.6280095761073143e-12, 1.4887614795469628e-12], "lowlevel.melbands128.stdev": [8.732514288567472e-06, 1.125224389397772e-05, 1.563421028549783e-05, 5.820456863148138e-05, 0.0017403260571882129, 0.004081551916897297, 0.0021890944335609674, 0.002109275432303548, 0.0019174735061824322, 0.002934663789346814, 0.006268368102610111, 0.0026944484561681747, 0.0020617919508367777, 0.002559393411502242, 0.001593541819602251, 0.0009707782883197069, 0.0002095048694172874, 7.707819167990237e-05, 0.00010701693099690601, 8.864906703820452e-05, 5.539285484701395e-05, 6.546363874804229e-05, 0.0001753154065227136, 0.00042147209751419723, 0.0005098471883684397, 0.002181354444473982, 0.0014556951355189085, 0.00020972730999346823, 8.66921036504209e-05, 0.00010490557906450704, 0.00011932619963772595, 0.00016736525867599994, 0.0003718585940077901, 0.00038013578159734607, 0.0004139783850405365, 0.0003917515277862549, 6.085061249905266e-05, 6.874066457385197e-05, 6.282213144004345e-05, 0.00010153740004170686, 0.00042364042019471526, 0.0005615738336928189, 0.00022614079352933913, 2.415576636849437e-05, 2.6423394956509583e-05, 2.3319766114582308e-05, 2.7406540539232083e-05, 9.59275166678708e-06, 9.319215678260662e-06, 5.8124242059420794e-06, 3.6856199585599825e-06, 3.2738319077907363e-06, 6.606877377635101e-06, 3.1856463920121314e-06, 2.524940555304056e-06, 4.605411049851682e-06, 3.858015134028392e-06, 4.864551556238439e-06, 7.0484929892700166e-06, 9.954164852388203e-06, 8.061969310801942e-06, 1.4340110283228569e-05, 1.364989293506369e-05, 8.307270945806522e-06, 9.505282832833473e-06, 1.0593178558337968e-05, 1.0099730388901662e-05, 3.952376573579386e-06, 8.694811185705476e-06, 1.000308748189127e-05, 1.408335901942337e-05, 1.96564997168025e-05, 2.019585190282669e-05, 1.3996985217090696e-05, 1.2054449143761303e-05, 1.2244609024492092e-05, 9.585648513166234e-06, 4.866142717219191e-06, 5.68700352232554e-06, 8.647117283544503e-06, 1.3462390597851481e-05, 2.3516291548730806e-05, 1.752758544171229e-05, 2.0598814444383606e-05, 1.7992535504163243e-05, 2.0734618374262936e-05, 2.586909795354586e-05, 1.8032478692475706e-05, 1.0225303412880749e-05, 1.8354583517066203e-05, 1.2657009392569307e-05, 5.56361419512541e-06, 2.408912905593752e-06, 2.1635319171764422e-06, 3.204463610018138e-06, 2.273116706419387e-06, 2.4366470370296156e-06, 2.5552099032211117e-06, 1.509886942585581e-06, 2.0936192868248327e-06, 2.8989732072659535e-06, 2.0846218831138685e-06, 1.5519676708208863e-06, 9.839397989708232e-07, 1.2454904663172783e-06, 1.8755126802716404e-06, 1.1534175428096205e-06, 1.0589948260530946e-06, 1.2525291595011367e-06, 1.9470844563329592e-06, 1.173601617665554e-06, 7.887081210355973e-07, 4.608182848642173e-07, 2.358216164566329e-07, 1.709345127665074e-07, 8.697143449865052e-09, 4.952682153280819e-10, 6.846971600804608e-11, 5.802259714360325e-12, 5.663294052465906e-12, 5.4550153456844885e-12, 5.350114448687826e-12, 5.226910484296132e-12, 5.1524774030697884e-12, 5.042080034739493e-12, 4.923276630125484e-12, 4.871572763243126e-12, 4.844411764098888e-12], "lowlevel.mfcc.mean": [-841.3549194335938, 259.32745361328125, -48.19240188598633, -23.857959747314453, 14.920886039733887, -2.6083550453186035, 6.100708484649658, -18.450170516967773, -30.214933395385742, -22.732892990112305, -29.093795776367188, -30.246061325073242, -25.22211456298828], "lowlevel.spectral_contrast_coeffs.mean": [-0.45022615790367126, -0.8278788924217224, -0.8054702877998352, -0.7932423949241638, -0.7871965169906616, -0.8394579291343689], "lowlevel.spectral_contrast_coeffs.stdev": [0.10194610059261322, 0.07174158841371536, 0.05317962169647217, 0.04231378436088562, 0.05596696212887764, 0.045749008655548096], "lowlevel.spectral_contrast_valleys.mean": [-8.359819412231445, -7.4045586585998535, -7.197723388671875, -8.110095024108887, -10.293852806091309, -14.218408584594727], "lowlevel.spectral_contrast_valleys.stdev": [0.9889225959777832, 1.0129096508026123, 0.9420130848884583, 0.993208646774292, 1.0212324857711792, 1.5121678113937378], "rhythm.beats_loudness_band_ratio.mean": [0.1690194308757782, 0.6408558487892151, 0.05383489280939102, 0.14872907102108002, 0.020240185782313347, 0.021273093298077583], "rhythm.beats_loudness_band_ratio.stdev": [0.17498551309108734, 0.25813379883766174, 0.06205589324235916, 0.15632951259613037, 0.022267941385507584, 0.09773682802915573], "tonal.hpcp.mean": [0.03153065964579582, 0.037317413836717606, 0.4010840058326721, 0.7897917628288269, 0.45314204692840576, 0.08623804897069931, 0.09852221608161926, 0.09127134829759598, 0.052013784646987915, 0.043504148721694946, 0.04006776586174965, 0.02805544249713421, 0.026642266660928726, 0.024170203134417534, 0.025517011061310768, 0.0712125226855278, 0.11367077380418777, 0.10126042366027832, 0.09050523489713669, 0.07524343580007553, 0.048805028200149536, 0.052902430295944214, 0.07317567616701126, 0.08145766705274582, 0.09795793145895004, 0.10589905828237534, 0.09065774828195572, 0.10142015665769577, 0.10619154572486877, 0.07012742012739182, 0.04988386854529381, 0.0541745088994503, 0.04929012432694435, 0.05671420320868492, 0.05699622258543968, 0.034894172102212906], "tonal.hpcp.stdev": [0.06433609127998352, 0.091545969247818, 0.25772276520729065, 0.35211753845214844, 0.25015127658843994, 0.20535635948181152, 0.19279219210147858, 0.16603368520736694, 0.1222623884677887, 0.08954045176506042, 0.07619304209947586, 0.06858347356319427, 0.06708984822034836, 0.05348830670118332, 0.07454971969127655, 0.1674460470676422, 0.22768405079841614, 0.19933965802192688, 0.1711271107196808, 0.16933804750442505, 0.1435260772705078, 0.1468777358531952, 0.1865224689245224, 0.19665299355983734, 0.19804030656814575, 0.2180878072977066, 0.19200542569160461, 0.18755154311656952, 0.1814199686050415, 0.14742615818977356, 0.12096483260393143, 0.13881489634513855, 0.11794125288724899, 0.1252812147140503, 0.13968613743782043, 0.09080231189727783], "rhythm.beats_position": [0.40634921193122864, 0.8243083953857422, 1.2422676086425781, 1.6486167907714844, 2.0665760040283203, 2.4845352172851562, 2.902494192123413, 3.3088433742523193, 3.7151927947998047, 4.133152008056641, 4.574330806732178, 5.027120113372803, 5.468299388885498, 5.909478187561035, 6.36226749420166, 6.815056800842285, 7.267845630645752, 7.743854522705078, 8.219863891601562, 8.695873260498047, 9.171881675720215, 9.6478910446167, 10.123900413513184, 10.599908828735352, 11.075918197631836, 11.56353759765625, 12.051156044006348, 12.538775444030762, 13.02639389038086, 13.537233352661133, 14.036462783813477, 14.535691261291504, 15.058140754699707, 15.580589294433594, 16.103038787841797, 16.555828094482422, 17.008617401123047, 17.46140480041504, 17.856143951416016, 18.250883102416992, 18.6456241607666, 19.051973342895508, 19.423492431640625, 19.783401489257812, 20.15492057800293, 20.514829635620117, 20.874738693237305, 21.246257781982422, 21.60616683959961, 21.977685928344727, 22.349205017089844, 22.709115982055664, 23.08063507080078, 23.4521541595459, 23.870113372802734, 24.28807258605957, 24.706031799316406, 25.123991012573242, 25.53034019470215, 25.948299407958984, 26.35464859008789, 26.772607803344727, 27.178956985473633, 27.58530616760254, 28.003265380859375, 28.42122459411621, 28.839183807373047, 29.257143020629883, 29.67510223388672, 30.093061447143555, 30.52263069152832, 30.940589904785156, 31.428207397460938, 31.904216766357422, 32.380226135253906, 32.78657531738281, 33.19292449951172, 33.599273681640625, 34.017234802246094, 34.504852294921875, 34.98086166381836, 35.456871032714844, 35.921268463134766, 36.38566970825195, 36.86167907714844, 37.337684631347656, 37.81369400024414, 38.289703369140625, 38.77732467651367, 39.253334045410156, 39.72934341430664], "rhythm.bpm_histogram": [0.0, 0.0, 0.0, 0.0, 0.0, 0.0, 0.0, 0.0, 0.0, 0.0, 0.0, 0.0, 0.0, 0.0, 0.0, 0.0, 0.0, 0.0, 0.0, 0.0, 0.0, 0.0, 0.0, 0.0, 0.0, 0.0, 0.0, 0.0, 0.0, 0.0, 0.0, 0.0, 0.0, 0.0, 0.0, 0.0, 0.0, 0.0, 0.0, 0.0, 0.0, 0.0, 0.0, 0.0, 0.0, 0.0, 0.0, 0.0, 0.0, 0.0, 0.0, 0.0, 0.0, 0.0, 0.0, 0.0, 0.0, 0.0, 0.0, 0.0, 0.0, 0.0, 0.0, 0.0, 0.0, 0.0, 0.0, 0.0, 0.0, 0.0, 0.0, 0.0, 0.0, 0.0, 0.0, 0.0, 0.0, 0.0, 0.0, 0.0, 0.0, 0.0, 0.0, 0.0, 0.0, 0.0, 0.0, 0.0, 0.0, 0.0, 0.0, 0.0, 0.0, 0.0, 0.0, 0.0, 0.0, 0.0, 0.0, 0.0, 0.0, 0.0, 0.0, 0.0, 0.0, 0.0, 0.0, 0.0, 0.0, 0.0, 0.0, 0.0, 0.0, 0.0, 0.0, 0.03333333507180214, 0.0, 0.011111111380159855, 0.0, 0.0, 0.02222222276031971, 0.0, 0.0, 0.07777778059244156, 0.0, 0.0, 0.20000000298023224, 0.0, 0.0, 0.02222222276031971, 0.0, 0.0, 0.0, 0.07777778059244156, 0.0, 0.0, 0.03333333507180214, 0.0, 0.0, 0.0, 0.011111111380159855, 0.0, 0.0, 0.0, 0.2222222238779068, 0.0, 0.0, 0.0, 0.12222222238779068, 0.0, 0.0, 0.0, 0.03333333507180214, 0.0, 0.0, 0.0, 0.0, 0.0, 0.0, 0.0, 0.0, 0.07777778059244156, 0.0, 0.0, 0.0, 0.0, 0.0, 0.0555555559694767, 0.0, 0.0, 0.0, 0.0, 0.0, 0.0, 0.0, 0.0, 0.0, 0.0, 0.0, 0.0, 0.0, 0.0, 0.0, 0.0, 0.0, 0.0, 0.0, 0.0, 0.0, 0.0, 0.0, 0.0, 0.0, 0.0, 0.0, 0.0, 0.0, 0.0, 0.0, 0.0, 0.0, 0.0, 0.0, 0.0, 0.0, 0.0, 0.0, 0.0, 0.0, 0.0, 0.0, 0.0, 0.0, 0.0, 0.0, 0.0, 0.0, 0.0, 0.0, 0.0, 0.0, 0.0, 0.0, 0.0, 0.0, 0.0, 0.0, 0.0, 0.0, 0.0, 0.0, 0.0, 0.0, 0.0, 0.0, 0.0, 0.0, 0.0, 0.0, 0.0, 0.0, 0.0, 0.0, 0.0, 0.0, 0.0, 0.0, 0.0, 0.0, 0.0], "tonal.chords_histogram": [71.64351654052734, 3.2407407760620117, 2.1990740299224854, 0.0, 0.0, 0.0, 0.0, 3.935185194015503, 0.0, 8.217592239379883, 0.0, 0.0, 0.0, 0.0, 0.8101851940155029, 8.333333015441895, 0.23148147761821747, 0.0, 0.0, 0.0, 0.0, 0.11574073880910873, 0.46296295523643494, 0.8101851940155029], "tonal.thpcp": [1.0, 0.573748767375946, 0.10919086635112762, 0.12474454939365387, 0.11556381732225418, 0.06585759669542313, 0.05508306249976158, 0.05073206499218941, 0.03552258014678955, 0.03373327851295471, 0.030603259801864624, 0.03230853006243706, 0.09016620367765427, 0.1439249962568283, 0.12821154296398163, 0.11459379643201828, 0.09526997059583664, 0.06179480627179146, 0.06698276102542877, 0.0926518589258194, 0.10313815623521805, 0.12403007596731186, 0.1340847909450531, 0.11478690057992935, 0.12841379642486572, 0.1344551146030426, 0.08879229426383972, 0.06316078454256058, 0.06859340518712997, 0.062409013509750366, 0.0718090608716011, 0.07216613739728928, 0.04418148472905159, 0.03992275148630142, 0.047249685972929, 0.5078351497650146], "lowlevel.gfcc.cov": [[6827.921875, -2292.77880859375, -218.09707641601562, 723.634765625, -972.9739379882812, -5.848447799682617, -423.3448486328125, 1035.4664306640625, -313.2413024902344, 515.6099853515625, -209.44357299804688, 300.45867919921875, -89.2884292602539], [-2292.77880859375, 3990.99951171875, -1337.50048828125, -1372.2547607421875, 1691.1436767578125, -695.7529907226562, 659.8350830078125, -225.3218536376953, 423.8118896484375, -459.1089782714844, 168.19532775878906, -534.1205444335938, -105.04676818847656], [-218.09707641601562, -1337.50048828125, 1444.5396728515625, 667.8665161132812, -697.158203125, 521.7069091796875, -297.0126647949219, -245.8579864501953, -151.73800659179688, 110.92183685302734, -45.65653610229492, 192.72531127929688, 122.14720916748047], [723.634765625, -1372.2547607421875, 667.8665161132812, 685.6094360351562, -567.1959228515625, 245.91514587402344, -218.80540466308594, 60.57248306274414, -117.7699203491211, 136.91802978515625, -90.12014770507812, 181.465576171875, 18.60117530822754], [-972.9739379882812, 1691.1436767578125, -697.158203125, -567.1959228515625, 848.2913818359375, -300.1277160644531, 293.1316223144531, -130.72039794921875, 162.35316467285156, -248.54486083984375, 60.425228118896484, -234.9842987060547, -53.864723205566406], [-5.848447799682617, -695.7529907226562, 521.7069091796875, 245.91514587402344, -300.1277160644531, 321.09893798828125, -123.8418960571289, -141.54086303710938, -104.41117858886719, 33.769287109375, -23.348947525024414, 84.80721282958984, 57.26433563232422], [-423.3448486328125, 659.8350830078125, -297.0126647949219, -218.80540466308594, 293.1316223144531, -123.8418960571289, 174.16525268554688, 16.964645385742188, 83.83361053466797, -62.86314010620117, 11.81328010559082, -97.64082336425781, -45.31310272216797], [1035.4664306640625, -225.3218536376953, -245.8579864501953, 60.57248306274414, -130.72039794921875, -141.54086303710938, 16.964645385742188, 461.7993469238281, 50.59614944458008, 170.14051818847656, -54.182777404785156, 31.470447540283203, -99.81636810302734], [-313.2413024902344, 423.8118896484375, -151.73800659179688, -117.7699203491211, 162.35316467285156, -104.41117858886719, 83.83361053466797, 50.59614944458008, 103.42046356201172, -21.83167839050293, 8.533297538757324, -54.21351623535156, -36.15484619140625], [515.6099853515625, -459.1089782714844, 110.92183685302734, 136.91802978515625, -248.54486083984375, 33.769287109375, -62.86314010620117, 170.14051818847656, -21.83167839050293, 156.2772979736328, -23.315170288085938, 61.31172180175781, -18.57193946838379], [-209.44357299804688, 168.19532775878906, -45.65653610229492, -90.12014770507812, 60.425228118896484, -23.348947525024414, 11.81328010559082, -54.182777404785156, 8.533297538757324, -23.315170288085938, 44.63199996948242, -15.551627159118652, 10.381268501281738], [300.45867919921875, -534.1205444335938, 192.72531127929688, 181.465576171875, -234.9842987060547, 84.80721282958984, -97.64082336425781, 31.470447540283203, -54.21351623535156, 61.31172180175781, -15.551627159118652, 95.763916015625, 21.177797317504883], [-89.2884292602539, -105.04676818847656, 122.14720916748047, 18.60117530822754, -53.864723205566406, 57.26433563232422, -45.31310272216797, -99.81636810302734, -36.15484619140625, -18.57193946838379, 10.381268501281738, 21.177797317504883, 57.319515228271484]], "lowlevel.gfcc.icov": [[0.0005677770241163671, -0.0009590322151780128, 0.0008661311585456133, -0.0012055664556100965, 0.0005507008754648268, -0.0009511018870398402, 0.002013330813497305, -0.00156983092892915, 0.00256021274253726, -0.00029068245203234255, 0.0005555727984756231, 3.0120327210170217e-05, -0.0005930741899646819], [-0.0009590322151780128, 0.009520773775875568, -0.005788931157439947, 0.008852556347846985, -0.008128471672534943, 0.008097887970507145, -0.008341912180185318, 0.002393728820607066, -0.00923332292586565, 0.0021832368802279234, -0.002467808313667774, 0.007598842494189739, -0.0002142904413631186], [0.0008661311585456133, -0.005788931157439947, 0.006932273041456938, -0.007794118952006102, 0.005414688028395176, -0.008185749873518944, 0.006692454684525728, -0.0010533377062529325, 0.003167287912219763, -0.0026887168642133474, 0.00045127570047043264, -0.0022516497410833836, -0.002903810702264309], [-0.0012055664556100965, 0.008852556347846985, -0.007794118952006102, 0.015561608597636223, -0.0055600982159376144, 0.00973275676369667, -0.007131431717425585, 0.004300637170672417, -0.008106635883450508, 0.0037816916592419147, 0.00619046576321125, 0.0007384261698462069, 0.007525965571403503], [0.0005507008754648268, -0.008128471672534943, 0.005414688028395176, -0.0055600982159376144, 0.016649071127176285, -0.004543115384876728, 0.003317334922030568, 0.00015577307203784585, 0.005371218081563711, 0.005747755523771048, 0.0028184158727526665, -0.00031958037288859487, 0.0041628447361290455], [-0.0009511018870398402, 0.008097887970507145, -0.008185749873518944, 0.00973275676369667, -0.004543115384876728, 0.018623583018779755, -0.00924717914313078, 0.0059606824070215225, -0.002667167689651251, 0.0019150141160935163, 0.003700385568663478, 0.003993626218289137, 0.0046315561048686504], [0.002013330813497305, -0.008341912180185318, 0.006692454684525728, -0.007131431717425585, 0.003317334922030568, -0.00924717914313078, 0.03102097660303116, -0.0051592993550002575, 0.006715368013828993, -0.002654996234923601, 0.006441919133067131, 0.0022594125475734472, 0.005169612355530262], [-0.00156983092892915, 0.002393728820607066, -0.0010533377062529325, 0.004300637170672417, 0.00015577307203784585, 0.0059606824070215225, -0.0051592993550002575, 0.015316575765609741, -0.009426001459360123, -0.007527848705649376, 0.007592100650072098, -0.004789319355040789, 0.011585541069507599], [0.00256021274253726, -0.00923332292586565, 0.003167287912219763, -0.008106635883450508, 0.005371218081563711, -0.002667167689651251, 0.006715368013828993, -0.009426001459360123, 0.03793993219733238, -0.001282347715459764, 0.0017747186357155442, -0.0033515121322125196, 0.003986641764640808], [-0.00029068245203234255, 0.0021832368802279234, -0.0026887168642133474, 0.0037816916592419147, 0.005747755523771048, 0.0019150141160935163, -0.002654996234923601, -0.007527848705649376, -0.001282347715459764, 0.025751594454050064, -0.005277789663523436, 0.004761171527206898, 0.003062593750655651], [0.0005555727984756231, -0.002467808313667774, 0.00045127570047043264, 0.00619046576321125, 0.0028184158727526665, 0.003700385568663478, 0.006441919133067131, 0.007592100650072098, 0.0017747186357155442, -0.005277789663523436, 0.045039720833301544, -0.009968255646526814, 0.005572507157921791], [3.0120327210170217e-05, 0.007598842494189739, -0.0022516497410833836, 0.0007384261698462069, -0.00031958037288859487, 0.003993626218289137, 0.0022594125475734472, -0.004789319355040789, -0.0033515121322125196, 0.004761171527206898, -0.009968255646526814, 0.05105305835604668, -0.00994102843105793], [-0.0005930741899646819, -0.0002142904413631186, -0.002903810702264309, 0.007525965571403503, 0.0041628447361290455, 0.0046315561048686504, 0.005169612355530262, 0.011585541069507599, 0.003986641764640808, 0.003062593750655651, 0.005572507157921791, -0.00994102843105793, 0.04959244281053543]], "lowlevel.mfcc.cov": [[6837.46484375, -1769.9923095703125, -346.53564453125, 494.1728515625, -308.1859436035156, -995.301513671875, -162.46107482910156, 49.988346099853516, 268.9996337890625, 33.88658905029297, 175.36207580566406, 405.8042297363281, 211.91310119628906], [-1769.9923095703125, 4142.02294921875, -1891.3289794921875, -526.232421875, 489.4668884277344, -132.48167419433594, 112.69285583496094, 226.86883544921875, -25.29595947265625, 276.1867980957031, 28.22724151611328, 4.4688262939453125, 116.1424560546875], [-346.53564453125, -1891.3289794921875, 1685.6192626953125, 272.26580810546875, -216.66407775878906, 373.15692138671875, -15.298399925231934, -181.01327514648438, 17.898906707763672, -184.89854431152344, -38.86794662475586, -54.48759460449219, -127.26762390136719], [494.1728515625, -526.232421875, 272.26580810546875, 248.32374572753906, -30.534433364868164, -40.66808319091797, -41.607704162597656, 14.394665718078613, 48.698543548583984, -7.3860602378845215, 6.181891918182373, 45.84772491455078, 19.017200469970703], [-308.1859436035156, 489.4668884277344, -216.66407775878906, -30.534433364868164, 134.03155517578125, 48.55253982543945, 17.18840217590332, 47.99061965942383, -11.487048149108887, 20.042095184326172, -14.629561424255371, -29.526613235473633, -5.008523941040039], [-995.301513671875, -132.48167419433594, 373.15692138671875, -40.66808319091797, 48.55253982543945, 391.7366638183594, 89.610107421875, -66.19254302978516, -75.80135345458984, -92.76923370361328, -88.61605834960938, -141.2890167236328, -134.86770629882812], [-162.46107482910156, 112.69285583496094, -15.298399925231934, -41.607704162597656, 17.18840217590332, 89.610107421875, 70.0580062866211, -2.5494346618652344, -14.699320793151855, -10.367992401123047, -15.740476608276367, -29.377470016479492, -32.384246826171875], [49.988346099853516, 226.86883544921875, -181.01327514648438, 14.394665718078613, 47.99061965942383, -66.19254302978516, -2.5494346618652344, 99.21438598632812, 41.16876983642578, 51.129188537597656, 30.906381607055664, 27.954387664794922, 40.452308654785156], [268.9996337890625, -25.29595947265625, 17.898906707763672, 48.698543548583984, -11.487048149108887, -75.80135345458984, -14.699320793151855, 41.16876983642578, 94.02983093261719, 48.38603210449219, 45.284271240234375, 65.4437484741211, 36.07365798950195], [33.88658905029297, 276.1867980957031, -184.89854431152344, -7.3860602378845215, 20.042095184326172, -92.76923370361328, -10.367992401123047, 51.129188537597656, 48.38603210449219, 87.65255737304688, 51.12688446044922, 51.1161994934082, 53.10697555541992], [175.36207580566406, 28.22724151611328, -38.86794662475586, 6.181891918182373, -14.629561424255371, -88.61605834960938, -15.740476608276367, 30.906381607055664, 45.284271240234375, 51.12688446044922, 74.98446655273438, 66.8339614868164, 44.017791748046875], [405.8042297363281, 4.4688262939453125, -54.48759460449219, 45.84772491455078, -29.526613235473633, -141.2890167236328, -29.377470016479492, 27.954387664794922, 65.4437484741211, 51.1161994934082, 66.8339614868164, 109.3569564819336, 67.18870544433594], [211.91310119628906, 116.1424560546875, -127.26762390136719, 19.017200469970703, -5.008523941040039, -134.86770629882812, -32.384246826171875, 40.452308654785156, 36.07365798950195, 53.10697555541992, 44.017791748046875, 67.18870544433594, 87.61080932617188]], "lowlevel.mfcc.icov": [[0.0005136036779731512, 0.00034704915015026927, 0.00031437849975191057, -0.000499140820465982, -0.000751828367356211, 0.00186040042899549, -0.0016226618317887187, 0.0007805245113559067, -0.0009530458482913673, 0.0011493198107928038, -3.1444578780792654e-05, -0.00038544400013051927, 0.0007305060280486941], [0.00034704915015026927, 0.0013484260998666286, 0.0004685567691922188, 0.0013394984416663647, -0.0036234469152987003, 0.0014827197883278131, -0.0019494056468829513, 0.0008392262388952076, -0.00012165214138804004, -0.0017223963513970375, 0.0018992306431755424, -0.002005537273362279, 0.00040814882959239185], [0.00031437849975191057, 0.0004685567691922188, 0.0035753806587308645, -0.002661776263266802, 0.00306194880977273, -0.003979142755270004, 0.002067580819129944, 0.0028087995015084743, -0.00457593472674489, 0.004931912757456303, -0.004601208958774805, 0.0019378552678972483, -0.0023729163222014904], [-0.000499140820465982, 0.0013394984416663647, -0.002661776263266802, 0.011200152337551117, -0.0063166264444589615, 0.0013949142303317785, 0.0015432413201779127, -0.004568019881844521, 0.002761111594736576, -0.006636939011514187, 0.010421056300401688, -0.00859658420085907, 0.0018428064649924636], [-0.000751828367356211, -0.0036234469152987003, 0.00306194880977273, -0.0063166264444589615, 0.02840232476592064, -0.013082699850201607, 0.010960602201521397, -0.00795096717774868, -0.0015122608747333288, 0.005758478306233883, -0.006459255702793598, 0.007131421938538551, -0.003443819237872958], [0.00186040042899549, 0.0014827197883278131, -0.003979142755270004, 0.0013949142303317785, -0.013082699850201607, 0.023479903116822243, -0.0177682563662529, 0.00328895379