{"song_id": "1183696920531705896", "download": "https://cdn.discordapp.com/attachments/1135911532732108921/1183696920531705896/chirp.mp4?ex=658946a9&amp", "lyrics": "[Verse]\nAnurag's a poet, sensitive and deep\nWords flow through his veins, emotions on repeat\nBut he's got addictions, a battle he can't win\nFood and gambling, his demons from within\n\n[Chorus]\nAnurag, oh Anurag, lost among his rhymes\nSearching for solace in his vices, every time\nAnurag, oh Anurag, can't you break free\nFrom the chains that bind you, let your spirit roam wild and free", "style": ["Instrumental Rap"], "essentia_features": {"lowlevel.average_loudness": 0.9842842817306519, "lowlevel.barkbands_crest.mean": 21.63925552368164, "lowlevel.barkbands_crest.stdev": 4.611562252044678, "lowlevel.barkbands_flatness_db.mean": 0.28805437684059143, "lowlevel.barkbands_flatness_db.stdev": 0.0775199756026268, "lowlevel.barkbands_kurtosis.mean": 66.65615844726562, "lowlevel.barkbands_kurtosis.stdev": 101.69749450683594, "lowlevel.barkbands_skewness.mean": 6.065231800079346, "lowlevel.barkbands_skewness.stdev": 4.127932548522949, "lowlevel.barkbands_spread.mean": 9.507503509521484, "lowlevel.barkbands_spread.stdev": 12.375018119812012, "lowlevel.dissonance.mean": 0.4480816721916199, "lowlevel.dissonance.stdev": 0.04786428064107895, "lowlevel.dynamic_complexity": 1.7885187864303589, "lowlevel.erbbands_crest.mean": 11.297591209411621, "lowlevel.erbbands_crest.stdev": 4.527897834777832, "lowlevel.erbbands_flatness_db.mean": 0.1453987956047058, "lowlevel.erbbands_flatness_db.stdev": 0.0515749454498291, "lowlevel.erbbands_kurtosis.mean": 1.5908730030059814, "lowlevel.erbbands_kurtosis.stdev": 4.148499011993408, "lowlevel.erbbands_skewness.mean": 0.41494911909103394, "lowlevel.erbbands_skewness.stdev": 1.278118371963501, "lowlevel.erbbands_spread.mean": 69.40392303466797, "lowlevel.erbbands_spread.stdev": 48.71349334716797, "lowlevel.hfc.mean": 24.586023330688477, "lowlevel.hfc.stdev": 16.763023376464844, "lowlevel.loudness_ebu128.integrated": -11.875906944274902, "lowlevel.loudness_ebu128.loudness_range": 1.1075258255004883, "lowlevel.loudness_ebu128.momentary.mean": -11.967802047729492, "lowlevel.loudness_ebu128.momentary.stdev": 0.9715172052383423, "lowlevel.loudness_ebu128.short_term.mean": -11.809233665466309, "lowlevel.loudness_ebu128.short_term.stdev": 0.36068031191825867, "lowlevel.melbands_crest.mean": 25.267242431640625, "lowlevel.melbands_crest.stdev": 5.266690731048584, "lowlevel.melbands_flatness_db.mean": 0.3864237368106842, "lowlevel.melbands_flatness_db.stdev": 0.08779770135879517, "lowlevel.melbands_kurtosis.mean": 175.9356689453125, "lowlevel.melbands_kurtosis.stdev": 192.210205078125, "lowlevel.melbands_skewness.mean": 9.223542213439941, "lowlevel.melbands_skewness.stdev": 5.909943103790283, "lowlevel.melbands_spread.mean": 5.618386745452881, "lowlevel.melbands_spread.stdev": 12.298324584960938, "lowlevel.pitch_salience.mean": 0.2411595582962036, "lowlevel.pitch_salience.stdev": 0.15028730034828186, "lowlevel.silence_rate_20dB.mean": 1.0, "lowlevel.silence_rate_20dB.stdev": 0.0, "lowlevel.silence_rate_30dB.mean": 0.26021313667297363, "lowlevel.silence_rate_30dB.stdev": 0.4387541115283966, "lowlevel.silence_rate_60dB.mean": 0.011545293033123016, "lowlevel.silence_rate_60dB.stdev": 0.10682772099971771, "lowlevel.spectral_centroid.mean": 911.3222045898438, "lowlevel.spectral_centroid.stdev": 869.9652709960938, "lowlevel.spectral_complexity.mean": 10.373889923095703, "lowlevel.spectral_complexity.stdev": 8.276182174682617, "lowlevel.spectral_decrease.mean": -3.1280265488931036e-08, "lowlevel.spectral_decrease.stdev": 1.2645416269663201e-08, "lowlevel.spectral_energy.mean": 0.12028907239437103, "lowlevel.spectral_energy.stdev": 0.04803506284952164, "lowlevel.spectral_energyband_high.mean": 0.0012805117294192314, "lowlevel.spectral_energyband_high.stdev": 0.0017701551550999284, "lowlevel.spectral_energyband_low.mean": 0.10472766309976578, "lowlevel.spectral_energyband_low.stdev": 0.048124056309461594, "lowlevel.spectral_energyband_middle_high.mean": 0.0023249504156410694, "lowlevel.spectral_energyband_middle_high.stdev": 0.004112210124731064, "lowlevel.spectral_energyband_middle_low.mean": 0.013079488649964333, "lowlevel.spectral_energyband_middle_low.stdev": 0.017271539196372032, "lowlevel.spectral_entropy.mean": 7.339982509613037, "lowlevel.spectral_entropy.stdev": 0.7210485935211182, "lowlevel.spectral_flux.mean": 0.11761206388473511, "lowlevel.spectral_flux.stdev": 0.09762812405824661, "lowlevel.spectral_kurtosis.mean": 5.818599224090576, "lowlevel.spectral_kurtosis.stdev": 7.14329719543457, "lowlevel.spectral_rms.mean": 0.010547405108809471, "lowlevel.spectral_rms.stdev": 0.002471302403137088, "lowlevel.spectral_rolloff.mean": 319.1902160644531, "lowlevel.spectral_rolloff.stdev": 942.2071533203125, "lowlevel.spectral_skewness.mean": 1.7712652683258057, "lowlevel.spectral_skewness.stdev": 1.0392340421676636, "lowlevel.spectral_spread.mean": 6340922.0, "lowlevel.spectral_spread.stdev": 2882504.5, "lowlevel.spectral_strongpeak.mean": 0.812684953212738, "lowlevel.spectral_strongpeak.stdev": 0.3176972270011902, "lowlevel.zerocrossingrate.mean": 0.024687256664037704, "lowlevel.zerocrossingrate.stdev": 0.029624806717038155, "metadata.audio_properties.analysis.equal_loudness": 0.0, "metadata.audio_properties.analysis.length": 26.110952377319336, "metadata.audio_properties.analysis.sample_rate": 44100.0, "metadata.audio_properties.analysis.start_time": 0.0, "metadata.audio_properties.bit_rate": 121815.0, "metadata.audio_properties.length": 26.11199951171875, "metadata.audio_properties.lossless": 0.0, "metadata.audio_properties.number_channels": 1.0, "metadata.audio_properties.replay_gain": -11.211814880371094, "metadata.audio_properties.sample_rate": 48000.0, "rhythm.beats_count": 66.0, "rhythm.beats_loudness.mean": 0.13614585995674133, "rhythm.beats_loudness.stdev": 0.05077097937464714, "rhythm.bpm": 153.89996337890625, "rhythm.bpm_histogram_first_peak_bpm": 152.0, "rhythm.bpm_histogram_first_peak_weight": 0.0, "rhythm.bpm_histogram_second_peak_bpm": 157.0, "rhythm.bpm_histogram_second_peak_spread": 0.037037014961242676, "rhythm.bpm_histogram_second_peak_weight": 0.4000000059604645, "rhythm.danceability": 1.3887320756912231, "rhythm.onset_rate": 4.476916313171387, "tonal.chords_changes_rate": 0.09751772880554199, "tonal.chords_number_rate": 0.01773049682378769, "tonal.chords_strength.mean": 0.5325762629508972, "tonal.chords_strength.stdev": 0.07120947539806366, "tonal.hpcp_crest.mean": 13.232474327087402, "tonal.hpcp_crest.stdev": 6.1768012046813965, "tonal.hpcp_entropy.mean": 2.1550283432006836, "tonal.hpcp_entropy.stdev": 0.7749561667442322, "tonal.key_edma.strength": 0.5985602736473083, "tonal.key_krumhansl.strength": 0.5913394689559937, "tonal.key_temperley.strength": 0.572145938873291, "tonal.tuning_diatonic_strength": 0.4999830722808838, "tonal.tuning_equal_tempered_deviation": 0.1761579066514969, "tonal.tuning_frequency": 435.9522705078125, "tonal.tuning_nontempered_energy_ratio": 0.8456538319587708, "lowlevel.barkbands.mean": [0.0014052285114303231, 0.0952410101890564, 0.006992824375629425, 0.001823548343963921, 0.005389241501688957, 0.0028596660122275352, 0.001811909256502986, 0.0007448806427419186, 0.0003805423039011657, 0.00022364134201779962, 0.00029910210287198424, 0.00043523978092707694, 0.0004851214762311429, 0.00021100575395394117, 0.00014346576062962413, 0.00015791220357641578, 0.00014758262841496617, 0.00010526817641220987, 9.049747313838452e-05, 0.00011557710968190804, 0.00013792682148050517, 0.00024496670812368393, 0.0004701276193372905, 0.0001170097166323103, 0.00012181201600469649, 0.00013168688747100532, 2.332280473638093e-06], "lowlevel.barkbands.stdev": [0.0021544338669627905, 0.04594804346561432, 0.02050810679793358, 0.007535903714597225, 0.008553230203688145, 0.0062846895307302475, 0.004496461246162653, 0.0021238059271126986, 0.0011886567808687687, 0.0005918290698900819, 0.001092378282919526, 0.0018525314517319202, 0.001861199620179832, 0.000575627142097801, 0.00038683685124851763, 0.00044041857472620904, 0.0003556536103133112, 0.00041559612145647407, 0.0003116982989013195, 0.0003179177874699235, 0.0003236002812627703, 0.0005334700690582395, 0.0007204806315712631, 0.00017733717686496675, 0.00018969003576785326, 0.00024990097153931856, 7.679322152398527e-06], "lowlevel.erbbands.mean": [2.884943962097168, 20.466590881347656, 13.989665031433105, 7.338495254516602, 7.349585056304932, 25.407411575317383, 15.767599105834961, 29.99134063720703, 25.58970069885254, 29.891475677490234, 12.077147483825684, 8.562448501586914, 7.736852645874023, 8.354558944702148, 14.316594123840332, 18.647911071777344, 22.821170806884766, 13.088719367980957, 8.80948543548584, 7.654132843017578, 8.975381851196289, 8.374902725219727, 6.144510269165039, 4.457961559295654, 5.253861904144287, 5.452268600463867, 4.865896224975586, 6.146121978759766, 8.585387229919434, 14.242399215698242, 11.400444984436035, 3.502131938934326, 1.794205665588379, 1.251009225845337, 0.9101662039756775, 0.5588830709457397, 0.2586577534675598, 0.031647346913814545, 0.0006567437085323036, 0.00015582717605866492], "lowlevel.erbbands.stdev": [1.9046732187271118, 10.307985305786133, 22.17893409729004, 25.167613983154297, 17.806127548217773, 42.3051872253418, 39.97300720214844, 69.6107406616211, 57.01998519897461, 82.29120635986328, 31.797435760498047, 27.79033088684082, 19.307479858398438, 25.99901580810547, 53.03898239135742, 78.36370849609375, 84.61672973632812, 34.62470245361328, 22.70599937438965, 19.66278076171875, 22.345548629760742, 19.83660125732422, 22.938589096069336, 15.721616744995117, 16.563928604125977, 14.812857627868652, 12.000953674316406, 14.40129566192627, 19.80496597290039, 22.940547943115234, 17.433921813964844, 5.135279178619385, 2.7394325733184814, 2.009000539779663, 1.522284746170044, 1.0476597547531128, 0.504692792892456, 0.06632313132286072, 0.0012400464620441198, 6.727454456267878e-05], "lowlevel.gfcc.mean": [-10.289056777954102, 89.78595733642578, -51.34219741821289, 45.15998077392578, -39.34135437011719, 38.44337844848633, -27.191375732421875, 9.952415466308594, -7.188395023345947, 14.915634155273438, -8.31862735748291, 15.81714153289795, -8.699288368225098], "lowlevel.melbands.mean": [0.02700115740299225, 0.013738200068473816, 0.0012068034848198295, 0.0011178916320204735, 0.0007417064043693244, 0.0006328484159894288, 0.0004006874223705381, 0.0002940139966085553, 8.401509694522247e-05, 5.332686851033941e-05, 3.831900903605856e-05, 3.2338895834982395e-05, 4.406297011882998e-05, 4.661499406211078e-05, 5.311668792273849e-05, 4.4490796426543966e-05, 2.2100050045992248e-05, 1.4569395716534927e-05, 1.0480330274731386e-05, 1.070443704520585e-05, 1.0307102456863504e-05, 9.144405339611694e-06, 6.643271717621246e-06, 4.5367378334049135e-06, 3.450551275818725e-06, 3.425378736210405e-06, 4.304611138650216e-06, 3.4164177122875117e-06, 2.7112705538456794e-06, 3.44524937645474e-06, 3.5832297271554125e-06, 4.7012213144626e-06, 5.093387244414771e-06, 9.82031906460179e-06, 7.528732112405123e-06, 3.6392380025063176e-06, 1.5619252735632472e-06, 1.263292801922944e-06, 1.1182297612322145e-06, 1.005489366434631e-06], "lowlevel.melbands.stdev": [0.014225327409803867, 0.01008252426981926, 0.0039372434839606285, 0.0017580571584403515, 0.0015314520569518209, 0.0014174211537465453, 0.0008718655444681644, 0.0008021849789656699, 0.0002415080671198666, 0.00017559374100528657, 9.712054452393204e-05, 0.00010359238513046876, 0.00015761282702442259, 0.00018307942082174122, 0.00022229249589145184, 0.00016804703045636415, 5.978790795779787e-05, 4.035419624415226e-05, 2.863365807570517e-05, 3.247552376706153e-05, 2.5288909455412067e-05, 2.263346323161386e-05, 2.1845462470082566e-05, 1.9561934095690958e-05, 1.2518300536612514e-05, 1.1847925634356216e-05, 1.2924199836561456e-05, 9.625954589864705e-06, 7.272678431036184e-06, 8.449165761703625e-06, 8.895503015082795e-06, 1.1568692571017891e-05, 1.0885619303735439e-05, 1.5922123566269875e-05, 1.1672868822643068e-05, 5.80707910557976e-06, 2.478084525137092e-06, 2.0005811620649183e-06, 1.7980120219363016e-06, 1.6827118543005781e-06], "lowlevel.melbands128.mean": [0.0013267226750031114, 0.019657708704471588, 0.04400954395532608, 0.030219079926609993, 0.010037055239081383, 0.0030003597494214773, 0.0014632572419941425, 0.0007641362608410418, 0.0005891661276109517, 0.0009641574579291046, 0.0017633128445595503, 0.0011231063399463892, 0.00041814689757302403, 0.00028954033041372895, 0.0007026134408079088, 0.0008661788306199014, 0.0004651940253097564, 0.0002595550031401217, 0.00037490573595277965, 0.00041243861778639257, 0.00020594480156432837, 8.959401748143137e-05, 8.177295239875093e-05, 5.777576006948948e-05, 4.774211993208155e-05, 5.944157965132035e-05, 4.6513243432855234e-05, 3.3740980143193156e-05, 3.333550557726994e-05, 3.060572635149583e-05, 3.0492701625917107e-05, 3.8882444641785696e-05, 4.0796374378260225e-05, 5.487617454491556e-05, 4.4375363358994946e-05, 4.0223949326900765e-05, 5.6738856073934585e-05, 4.946527405991219e-05, 5.667562800226733e-05, 5.50268632650841e-05, 4.4757838622899726e-05, 2.4143122573150322e-05, 2.111407957272604e-05, 2.2265132429311052e-05, 1.68870192283066e-05, 1.2739852536469698e-05, 1.2629890079551842e-05, 1.026945210469421e-05, 9.824210792430677e-06, 9.659302122599911e-06, 1.0752472917374689e-05, 1.1955202353419736e-05, 1.064959815266775e-05, 8.985746717371512e-06, 1.0797349204949569e-05, 9.711250640975777e-06, 7.448693850165e-06, 6.664562079095049e-06, 6.9376937972265296e-06, 5.309569587552687e-06, 4.526107204583241e-06, 3.881561951857293e-06, 3.3678954878268996e-06, 3.578312998797628e-06, 3.065385953959776e-06, 3.3205012641701614e-06, 3.3953554066101788e-06, 4.582307155942544e-06, 4.4873363549413625e-06, 4.1405801312066615e-06, 3.65877644981083e-06, 2.8645265501836548e-06, 2.601772621346754e-06, 2.56973680734518e-06, 2.93438301923743e-06, 3.682195028886781e-06, 3.630230139606283e-06, 3.0883220460964367e-06, 3.6759968224941986e-06, 3.740438842214644e-06, 4.763340257341042e-06, 5.093262188893277e-06, 4.7166367949103005e-06, 4.943341082253028e-06, 5.242243332759244e-06, 7.854606337787118e-06, 1.264949059986975e-05, 1.1644674486888107e-05, 6.157363714009989e-06, 5.9478516050148755e-06, 4.688494755100692e-06, 2.9357186122069834e-06, 1.8565367554401746e-06, 1.5221010016830405e-06, 1.331956354988506e-06, 1.3759139392277575e-06, 1.2258921060492867e-06, 1.1386614460207056e-06, 1.0849832960957428e-06, 1.150177240560879e-06, 1.1390530971766566e-06, 1.0037483662017621e-06, 7.945703828227124e-07, 8.865174550010124e-07, 1.0620838111208286e-06, 1.167658865597332e-06, 1.1433867257437669e-06, 8.364764880752773e-07, 9.243350973520137e-07, 1.0178006277783425e-06, 1.0256574114464456e-06, 9.071097224477853e-07, 9.014252100314479e-07, 7.44852968637133e-07, 5.580070023825101e-07, 3.7014055465078854e-07, 9.651981969227563e-08, 3.982335794461278e-09, 1.353685219473988e-10, 1.2444928768062802e-11, 1.1954006361170055e-11, 1.1676101925595095e-11, 1.1325439717990715e-11, 1.1127835632118721e-11, 1.0927458590770378e-11, 1.0712308644300617e-11, 1.0582667554770442e-11, 1.0517979716351267e-11], "lowlevel.melbands128.stdev": [0.0021282494999468327, 0.017251379787921906, 0.024335330352187157, 0.01846933364868164, 0.013551638461649418, 0.00946942251175642, 0.0057417056523263454, 0.003129418473690748, 0.0017148691695183516, 0.0018334926571696997, 0.003131117671728134, 0.0026736941654235125, 0.001684639137238264, 0.0008682785555720329, 0.0019075680756941438, 0.002250314224511385, 0.0012594717554748058, 0.0009040780132636428, 0.0012070899829268456, 0.0013559851795434952, 0.0007201515836641192, 0.00033442178391851485, 0.00030845185392536223, 0.000208821555133909, 0.0002332135773031041, 0.00023255757696460932, 0.00017825370014179498, 9.396861423738301e-05, 0.00010346139606554061, 0.00011883146362379193, 0.00014078333333600312, 0.00012682826491072774, 0.00016819343727547675, 0.0002882398257497698, 0.0001863042707554996, 0.0002362960804020986, 0.000362264399882406, 0.00025257066590711474, 0.0002976850373670459, 0.00024292967282235622, 0.00020127517927903682, 8.831868035485968e-05, 7.293540693353862e-05, 6.577571184607223e-05, 6.0376063629519194e-05, 4.050537972943857e-05, 4.66637902718503e-05, 3.150546763208695e-05, 3.187815673300065e-05, 2.8807717171730474e-05, 4.106490086996928e-05, 4.281228393665515e-05, 3.01799791486701e-05, 2.4437580577796325e-05, 3.411601574043743e-05, 2.8240259780432098e-05, 1.930584039655514e-05, 2.227943332400173e-05, 2.8305417799856514e-05, 2.4458202460664324e-05, 2.4219745682785287e-05, 1.8257700503454544e-05, 1.233278089785017e-05, 1.5243247617036104e-05, 1.2536267604446039e-05, 1.3218173990026116e-05, 1.1574778909562156e-05, 1.7644328181631863e-05, 1.4302971976576373e-05, 1.2536097528936807e-05, 1.1099848961748648e-05, 9.32701732381247e-06, 8.55255620990647e-06, 7.382250714726979e-06, 8.50378091854509e-06, 1.0319298780814279e-05, 9.177294487017207e-06, 7.938625458336901e-06, 1.0436264346935786e-05, 1.0014104191213846e-05, 1.2606437849171925e-05, 1.3991212654218543e-05, 1.3094037967675831e-05, 1.1553305739653297e-05, 1.1046748113585636e-05, 1.5346917280112393e-05, 2.2005930077284575e-05, 1.9513645383995026e-05, 1.0252136235067155e-05, 1.0507901606615633e-05, 8.374296157853678e-06, 5.190820957068354e-06, 3.4157708341808757e-06, 2.7326509552949574e-06, 2.2060262381273787e-06, 2.398695187366684e-06, 2.2477177026303252e-06, 1.9546589555829996e-06, 1.933449084390304e-06, 2.0980719455110375e-06, 2.072787538054399e-06, 1.7912520888785366e-06, 1.4872304063828778e-06, 1.6408481542384834e-06, 2.1176599602767965e-06, 2.2197384623723337e-06, 2.368447667322471e-06, 1.7522839925732114e-06, 1.8741984604275785e-06, 2.2446654384111753e-06, 2.3198790586320683e-06, 1.8910351400336367e-06, 1.8325461041968083e-06, 1.5984053334250348e-06, 1.1886713764397427e-06, 8.725439784029732e-07, 2.888369863285334e-07, 3.2206465050421684e-08, 1.98777350135515e-09, 1.8919817101892278e-11, 1.826585757647159e-11, 1.763784257535761e-11, 1.7238911687034175e-11, 1.6936408872569864e-11, 1.6684818457401995e-11, 1.6483073586592845e-11, 1.6337471306360207e-11, 1.6247529363577762e-11], "lowlevel.mfcc.mean": [-675.1875610351562, 126.59817504882812, 50.41397476196289, 27.377565383911133, 22.9841365814209, 33.1540641784668, 2.7133138179779053, 15.224281311035156, 4.604504585266113, 7.151158809661865, 6.73366117477417, 9.838760375976562, 13.719282150268555], "lowlevel.spectral_contrast_coeffs.mean": [-0.672956645488739, -0.7480573654174805, -0.8153877854347229, -0.820386528968811, -0.8163230419158936, -0.7594125866889954], "lowlevel.spectral_contrast_coeffs.stdev": [0.0705764964222908, 0.09369418025016785, 0.05207309126853943, 0.05366460606455803, 0.03909382224082947, 0.04894554615020752], "lowlevel.spectral_contrast_valleys.mean": [-6.383228778839111, -7.146036624908447, -7.707620143890381, -8.013436317443848, -8.348958015441895, -10.287055015563965], "lowlevel.spectral_contrast_valleys.stdev": [0.6534454226493835, 0.8011466860771179, 0.710465133190155, 0.6732271909713745, 0.9045251607894897, 1.128121018409729], "rhythm.beats_loudness_band_ratio.mean": [0.7960150241851807, 0.08606714010238647, 0.04660530388355255, 0.033546965569257736, 0.02271973341703415, 0.027531221508979797], "rhythm.beats_loudness_band_ratio.stdev": [0.17311878502368927, 0.11668653041124344, 0.0566273108124733, 0.052952904254198074, 0.04521341249346733, 0.04694325476884842], "tonal.hpcp.mean": [0.024709433317184448, 0.024216938763856888, 0.02646460197865963, 0.02828352339565754, 0.030089445412158966, 0.05650744214653969, 0.23081380128860474, 0.2703925669193268, 0.21715430915355682, 0.3156077563762665, 0.20237043499946594, 0.03734216094017029, 0.020066233351826668, 0.01504855789244175, 0.019623564556241035, 0.02423696406185627, 0.0265278909355402, 0.023616114631295204, 0.018317973241209984, 0.014652237296104431, 0.041812945157289505, 0.1309310644865036, 0.11065620929002762, 0.02690717950463295, 0.024080075323581696, 0.023269306868314743, 0.02163187973201275, 0.02296631596982479, 0.020486239343881607, 0.019849153235554695, 0.0265455711632967, 0.026945563033223152, 0.03532033786177635, 0.0934363529086113, 0.10003914684057236, 0.04250115156173706], "tonal.hpcp.stdev": [0.12131285667419434, 0.12473758310079575, 0.13157767057418823, 0.1239854246377945, 0.11510733515024185, 0.13803523778915405, 0.35555538535118103, 0.4071624279022217, 0.2732633352279663, 0.4441574215888977, 0.31422626972198486, 0.14085394144058228, 0.10790000855922699, 0.09238417446613312, 0.10780031234025955, 0.12344963848590851, 0.12943804264068604, 0.12015402317047119, 0.10464133322238922, 0.08909102529287338, 0.1369374394416809, 0.31909167766571045, 0.2798087000846863, 0.1136501133441925, 0.12471840530633926, 0.10665251314640045, 0.08956342190504074, 0.08602980524301529, 0.08695393055677414, 0.09269535541534424, 0.10822051018476486, 0.11841598898172379, 0.1453639566898346, 0.2521299421787262, 0.2814980447292328, 0.14129510521888733], "rhythm.beats_position": [0.42956915497779846, 0.8591383099555969, 1.2538775205612183, 1.6486167907714844, 2.0317459106445312, 2.4148752689361572, 2.809614419937134, 3.2043535709381104, 3.599092960357666, 3.9938321113586426, 4.3769612312316895, 4.7600908279418945, 5.154829978942871, 5.549569129943848, 5.9326982498168945, 6.327437400817871, 6.710566997528076, 7.093696117401123, 7.47682523727417, 7.8715643882751465, 8.266304016113281, 8.661043167114258, 9.055782318115234, 9.450521469116211, 9.833650588989258, 10.216779708862305, 10.611518859863281, 10.994647979736328, 11.389387130737305, 11.772517204284668, 12.167256355285645, 12.561995506286621, 12.956734657287598, 13.339863777160645, 13.722992897033691, 14.117732048034668, 14.512471199035645, 14.895600318908691, 15.278729438781738, 15.673469543457031, 16.068208694458008, 16.451337814331055, 16.8344669342041, 17.229206085205078, 17.623945236206055, 18.01868438720703, 18.401813507080078, 18.796552658081055, 19.1796817779541, 19.574420928955078, 19.957550048828125, 20.340679168701172, 20.73541831970215, 21.130157470703125, 21.5248966217041, 21.91963768005371, 22.302766799926758, 22.685895919799805, 23.08063507080078, 23.463764190673828, 23.858503341674805, 24.24163246154785, 24.636371612548828, 25.031110763549805, 25.42584991455078, 25.7973690032959], "rhythm.bpm_histogram": [0.0, 0.0, 0.0, 0.0, 0.0, 0.0, 0.0, 0.0, 0.0, 0.0, 0.0, 0.0, 0.0, 0.0, 0.0, 0.0, 0.0, 0.0, 0.0, 0.0, 0.0, 0.0, 0.0, 0.0, 0.0, 0.0, 0.0, 0.0, 0.0, 0.0, 0.0, 0.0, 0.0, 0.0, 0.0, 0.0, 0.0, 0.0, 0.0, 0.0, 0.0, 0.0, 0.0, 0.0, 0.0, 0.0, 0.0, 0.0, 0.0, 0.0, 0.0, 0.0, 0.0, 0.0, 0.0, 0.0, 0.0, 0.0, 0.0, 0.0, 0.0, 0.0, 0.0, 0.0, 0.0, 0.0, 0.0, 0.0, 0.0, 0.0, 0.0, 0.0, 0.0, 0.0, 0.0, 0.0, 0.0, 0.0, 0.0, 0.0, 0.0, 0.0, 0.0, 0.0, 0.0, 0.0, 0.0, 0.0, 0.0, 0.0, 0.0, 0.0, 0.0, 0.0, 0.0, 0.0, 0.0, 0.0, 0.0, 0.0, 0.0, 0.0, 0.0, 0.0, 0.0, 0.0, 0.0, 0.0, 0.0, 0.0, 0.0, 0.0, 0.0, 0.0, 0.0, 0.0, 0.0, 0.0, 0.0, 0.0, 0.0, 0.0, 0.0, 0.0, 0.0, 0.0, 0.0, 0.0, 0.0, 0.0, 0.0, 0.0, 0.0, 0.0, 0.0, 0.0, 0.0, 0.0, 0.0, 0.0, 0.015384615398943424, 0.0, 0.0, 0.0, 0.0, 0.0, 0.0, 0.0, 0.0, 0.0, 0.0, 0.0, 0.5692307949066162, 0.0, 0.0, 0.0, 0.0, 0.4000000059604645, 0.0, 0.0, 0.0, 0.015384615398943424, 0.0, 0.0, 0.0, 0.0, 0.0, 0.0, 0.0, 0.0, 0.0, 0.0, 0.0, 0.0, 0.0, 0.0, 0.0, 0.0, 0.0, 0.0, 0.0, 0.0, 0.0, 0.0, 0.0, 0.0, 0.0, 0.0, 0.0, 0.0, 0.0, 0.0, 0.0, 0.0, 0.0, 0.0, 0.0, 0.0, 0.0, 0.0, 0.0, 0.0, 0.0, 0.0, 0.0, 0.0, 0.0, 0.0, 0.0, 0.0, 0.0, 0.0, 0.0, 0.0, 0.0, 0.0, 0.0, 0.0, 0.0, 0.0, 0.0, 0.0, 0.0, 0.0, 0.0, 0.0, 0.0, 0.0, 0.0, 0.0, 0.0, 0.0, 0.0, 0.0, 0.0, 0.0, 0.0, 0.0, 0.0, 0.0, 0.0, 0.0, 0.0, 0.0, 0.0, 0.0, 0.0, 0.0, 0.0, 0.0], "tonal.chords_histogram": [11.702127456665039, 1.5957447290420532, 11.879432678222656, 0.0, 0.0, 0.0, 0.7092198729515076, 4.432624340057373, 12.588652610778809, 2.304964542388916, 0.0, 0.0, 0.0, 0.0, 12.234042167663574, 5.319149017333984, 11.524822235107422, 0.0, 0.0, 0.0, 0.0, 0.0, 0.0, 25.709218978881836], "tonal.thpcp": [1.0, 0.6412087082862854, 0.11831825971603394, 0.06357965618371964, 0.04768120497465134, 0.06217706575989723, 0.0767945796251297, 0.08405335247516632, 0.07482742518186569, 0.0580403134226799, 0.0464254654943943, 0.13248389959335327, 0.4148537516593933, 0.3506130874156952, 0.08525513112545013, 0.07629747688770294, 0.07372856140136719, 0.06854039430618286, 0.07276853919029236, 0.06491044163703918, 0.06289184093475342, 0.08410937339067459, 0.08537674695253372, 0.11191213876008987, 0.29605215787887573, 0.3169730305671692, 0.13466447591781616, 0.07829158753156662, 0.0767311304807663, 0.08385282754898071, 0.08961606025695801, 0.09533810615539551, 0.1790432631969452, 0.7313312292098999, 0.8567361235618591, 0.6880512237548828], "lowlevel.gfcc.cov": [[4181.630859375, -1276.828369140625, -78.79814147949219, 217.3978729248047, -500.80816650390625, -96.82495880126953, -327.7227783203125, 142.99765014648438, -160.69314575195312, 287.7877502441406, -181.4635467529297, 206.76266479492188, -277.82110595703125], [-1276.828369140625, 2677.605224609375, -302.4873962402344, -880.7468872070312, 208.0906524658203, -560.0662231445312, -36.39970397949219, -237.5411376953125, 134.44190979003906, -262.13995361328125, 261.9550476074219, -201.13497924804688, 310.6192932128906], [-78.79814147949219, -302.4873962402344, 626.6438598632812, 175.34524536132812, -84.34610748291016, 206.4033966064453, -32.142513275146484, -64.27965545654297, -7.87568998336792, -43.089027404785156, -61.66167449951172, 64.68978118896484, -38.9882698059082], [217.3978729248047, -880.7468872070312, 175.34524536132812, 624.2161254882812, 33.64181900024414, 110.22579193115234, -1.6919798851013184, 58.485652923583984, -29.427326202392578, 19.30350112915039, -80.52253723144531, 36.21605682373047, -49.45148468017578], [-500.80816650390625, 208.0906524658203, -84.34610748291016, 33.64181900024414, 417.2460021972656, -54.47365188598633, 52.510250091552734, 24.85723876953125, 9.462851524353027, -8.631551742553711, 29.133481979370117, -58.34955596923828, 68.6624755859375], [-96.82495880126953, -560.0662231445312, 206.4033966064453, 110.22579193115234, -54.47365188598633, 510.08233642578125, 176.44754028320312, -7.144537925720215, 41.733089447021484, 23.751794815063477, -52.637638092041016, 16.694900512695312, -104.27424621582031], [-327.7227783203125, -36.39970397949219, -32.142513275146484, -1.6919798851013184, 52.510250091552734, 176.44754028320312, 334.9195556640625, 64.8559341430664, 4.64646053314209, -7.253039360046387, 27.711742401123047, -16.62005615234375, -17.30529022216797], [142.99765014648438, -237.5411376953125, -64.27965545654297, 58.485652923583984, 24.85723876953125, -7.144537925720215, 64.8559341430664, 145.11160278320312, 4.384116172790527, 35.941070556640625, -22.18419075012207, 7.032017707824707, -30.30961036682129], [-160.69314575195312, 134.44190979003906, -7.87568998336792, -29.427326202392578, 9.462851524353027, 41.733089447021484, 4.64646053314209, 4.384116172790527, 145.71652221679688, 18.14657211303711, 17.750185012817383, -18.64696502685547, 19.5595760345459], [287.7877502441406, -262.13995361328125, -43.089027404785156, 19.30350112915039, -8.631551742553711, 23.751794815063477, -7.253039360046387, 35.941070556640625, 18.14657211303711, 156.68783569335938, 9.793461799621582, 26.716503143310547, -28.09183692932129], [-181.4635467529297, 261.9550476074219, -61.66167449951172, -80.52253723144531, 29.133481979370117, -52.637638092041016, 27.711742401123047, -22.18419075012207, 17.750185012817383, 9.793461799621582, 114.53348541259766, 5.970656871795654, 49.48032760620117], [206.76266479492188, -201.13497924804688, 64.68978118896484, 36.21605682373047, -58.34955596923828, 16.694900512695312, -16.62005615234375, 7.032017707824707, -18.64696502685547, 26.716503143310547, 5.970656871795654, 120.71204376220703, 8.709817886352539], [-277.82110595703125, 310.6192932128906, -38.9882698059082, -49.45148468017578, 68.6624755859375, -104.27424621582031, -17.30529022216797, -30.30961036682129, 19.5595760345459, -28.09183692932129, 49.48032760620117, 8.709817886352539, 138.37222290039062]], "lowlevel.gfcc.icov": [[0.0004740715376101434, -0.00024031841894611716, 0.00021627573005389422, -0.00030295646865852177, 0.00042458431562408805, -8.567306213080883e-05, 0.00044860903290100396, -0.00044932530727237463, 0.0005369602586142719, -0.0008601209847256541, 0.0005814424366690218, -0.0007394311251118779, 0.0007145102717913687], [-0.00024031841894611716, 0.00477259699255228, -0.0008866672869771719, 0.004626687150448561, -0.0012076514540240169, 0.004383313003927469, -0.0022602903191000223, 0.0047871433198452, -0.004384992178529501, 0.005278040189296007, -0.0036878460086882114, 0.0041793156415224075, -0.0023770504631102085], [0.00021627573005389422, -0.0008866672869771719, 0.0026391902938485146, -0.00137881631962955, 0.00045036704977974296, -0.001666508731432259, 0.0009649642743170261, 8.225249985116534e-06, 0.0008257889421656728, -0.000334789976477623, 0.0013898576144129038, -0.0021909542847424746, 0.0007748748757876456], [-0.00030295646865852177, 0.004626687150448561, -0.00137881631962955, 0.0065614921040833, -0.0016393914120271802, 0.0039058125112205744, -0.0019589834846556187, 0.0037318996619433165, -0.0039013002533465624, 0.0050363377667963505, -0.0027771748136729, 0.003770353039726615, -0.0023788874968886375], [0.00042458431562408805, -0.0012076514540240169, 0.00045036704977974296, -0.0016393914120271802, 0.003716382198035717, -0.0010312586091458797, 0.0005095357773825526, -0.0020569025073200464, 0.001702129258774221, -0.002098405035212636, 0.0008704691426828504, 0.0003897189162671566, -0.0009060734882950783], [-8.567306213080883e-05, 0.004383313003927469, -0.001666508731432259, 0.0039058125112205744, -0.0010312586091458797, 0.00843888334929943, -0.004868973977863789, 0.006699250545352697, -0.005871929228305817, 0.003882230259478092, -0.0015360346296802163, 0.0027088159695267677, 0.0006411107606254518], [0.00044860903290100396, -0.0022602903191000223, 0.0009649642743170261, -0.0019589834846556187, 0.0005095357773825526, -0.004868973977863789, 0.006841752678155899, -0.005913732573390007, 0.0035958350636065006, -0.0016703378641977906, -0.0007949627470225096, -0.0013442664640024304, 0.0007062033982947469], [-0.00044932530727237463, 0.0047871433198452, 8.225249985116534e-06, 0.0037318996619433165, -0.0020569025073200464, 0.006699250545352697, -0.005913732573390007, 0.016150787472724915, -0.006410305388271809, 0.0037128415424376726, -0.00040401177830062807, 0.0021380274556577206, 0.00022465652727987617], [0.0005369602586142719, -0.004384992178529501, 0.0008257889421656728, -0.0039013002533465624, 0.001702129258774221, -0.005871929228305817, 0.0035958350636065006, -0.006410305388271809, 0.012750058434903622, -0.006342341657727957, 0.002075266558676958, -0.0017106367740780115, -0.00018830696353688836], [-0.0008601209847256541, 0.005278040189296007, -0.000334789976477623, 0.0050363377667963505, -0.002098405035212636, 0.003882230259478092, -0.0016703378641977906, 0.0037128415424376726, -0.006342341657727957, 0.014840449206531048, -0.00654221186414361, 0.0030876921955496073, -0.00124393031001091], [0.0005814424366690218, -0.0036878460086882114, 0.0013898576144129038, -0.0027771748136729, 0.0008704691426828504, -0.0015360346296802163, -0.0007949627470225096, -0.00040401177830062807, 0.002075266558676958, -0.00654221186414361, 0.016667697578668594, -0.005549090448766947, -0.00016477143799420446], [-0.0007394311251118779, 0.0041793156415224075, -0.0021909542847424746, 0.003770353039726615, 0.0003897189162671566, 0.0027088159695267677, -0.0013442664640024304, 0.0021380274556577206, -0.0017106367740780115, 0.0030876921955496073, -0.005549090448766947, 0.01583077572286129, -0.006131657399237156], [0.0007145102717913687, -0.0023770504631102085, 0.0007748748757876456, -0.0023788874968886375, -0.0009060734882950783, 0.0006411107606254518, 0.0007062033982947469, 0.00022465652727987617, -0.00018830696353688836, -0.00124393031001091, -0.00016477143799420446, -0.006131657399237156, 0.014654874801635742]], "lowlevel.mfcc.cov": [[4155.60009765625, -1344.1658935546875, 19.029630661010742, 88.21774291992188, -233.13607788085938, -232.97970581054688, -235.59866333007812, -188.92926025390625, -128.9058074951172, -31.752273559570312, 52.056800842285156, 18.300785064697266, 43.600772857666016], [-1344.1658935546875, 2946.851318359375, -484.751708984375, -319.4613037109375, -28.653959274291992, -387.28717041015625, -116.03319549560547, -240.07252502441406, -73.15215301513672, -147.37570190429688, -187.02162170410156, -22.994110107421875, 63.07304000854492], [19.029630661010742, -484.751708984375, 778.1087036132812, -85.70258331298828, -22.993467330932617, 210.196533203125, -76.43338775634766, 116.00785064697266, -56.75712585449219, 2.171973466873169, -21.140539169311523, -19.162086486816406, -54.646240234375], [88.21774291992188, -319.4613037109375, -85.70258331298828, 472.67510986328125, 136.3577880859375, -92.8629379272461, 23.842517852783203, -29.781482696533203, 28.375553131103516, -33.63996124267578, -35.99571228027344, -29.41826820373535, -0.9866565465927124], [-233.13607788085938, -28.653959274291992, -22.993467330932617, 136.3577880859375, 302.7694091796875, 32.70579147338867, -46.00498580932617, -38.803260803222656, 3.9185941219329834, 21.518753051757812, -56.232582092285156, -25.53087043762207, 2.295273780822754], [-232.97970581054688, -387.28717041015625, 210.196533203125, -92.8629379272461, 32.70579147338867, 349.9857482910156, 92.70780181884766, 116.66590118408203, 37.82422637939453, 58.76533889770508, 78.25187683105469, 19.42497444152832, -44.09004592895508], [-235.59866333007812, -116.03319549560547, -76.43338775634766, 23.842517852783203, -46.00498580932617, 92.70780181884766, 249.46139526367188, 93.8938217163086, 42.040550231933594, 20.990262985229492, 56.456443786621094, 22.70573616027832, -22.87299919128418], [-188.92926025390625, -240.07252502441406, 116.00785064697266, -29.781482696533203, -38.803260803222656, 116.66590118408203, 93.8938217163086, 212.0127410888672, 49.74683380126953, 27.144424438476562, 38.05461120605469, 14.635918617248535, -17.631629943847656], [-128.9058074951172, -73.15215301513672, -56.75712585449219, 28.375553131103516, 3.9185941219329834, 37.82422637939453, 42.040550231933594, 49.74683380126953, 129.184326171875, 36.452117919921875, 32.84891128540039, 5.928996562957764, 9.585537910461426], [-31.752273559570312, -147.37570190429688, 2.171973466873169, -33.63996124267578, 21.518753051757812, 58.76533889770508, 20.990262985229492, 27.144424438476562, 36.452117919921875, 125.55076599121094, 54.546417236328125, 8.37583065032959, -9.365874290466309], [52.056800842285156, -187.02162170410156, -21.140539169311523, -35.99571228027344, -56.232582092285156, 78.25187683105469, 56.456443786621094, 38.05461120605469, 32.84891128540039, 54.546417236328125, 147.93446350097656, 34.03562927246094, -5.422849655151367], [18.300785064697266, -22.994110107421875, -19.162086486816406, -29.41826820373535, -25.53087043762207, 19.42497444152832, 22.70573616027832, 14.635918617248535, 5.928996562957764, 8.37583065032959, 34.03562927246094, 76.55384063720703, 24.233943939208984], [43.600772857666016, 63.07304000854492, -54.646240234375, -0.9866565465927124, 2.295273780822754, -44.09004592895508, -22.87299919128418, -17.631629943847656, 9.585537910461426, -9.365874290466309, -5.422849655151367, 24.233943939208984, 88.79410552978516]], "lowlevel.mfcc.icov": [[0.00042820224189199507, 0.0003258213691879064, 0.00012604572111740708, 0.00010678297257982194, 0.0003681097296066582, 0.00030296220211312175, 0.0003535898285917938, 0.00036786336568184197, 0.00027234340086579323, 0.00010860419570235536, -3.371489583514631e-05, -5.9712059737648815e-05, -6.160286284284666e-05], [0.0003258213691879064, 0.0008338291081599891, 0.00033953491947613657, 0.0008045274880714715, 2.7379159291740507e-05, 0.000749291735701263, 0.00010091213334817439, 0.0005622002063319087, 2.585891525086481e-05, 0.0006051646778360009, 0.00039135190309025347, -1.3953696907265112e-05, 6.334261706797406e-05], [0.00012604572111740708, 0.00033953491947613657, 0.0024173129349946976, -6.507174930447945e-06, 0.000795781787019223, -0.0015027032932266593, 0.0016753969248384237, -0.0010920838685706258, 0.001325153629295528, 6.330859469017014e-05, 0.0011039223754778504, 0.0002782685332931578, 0.0004876256571151316], [0.00010678297257982194, 0.0008045274880714715, -6.507174930447945e-06, 0.00404338538646698, -0.00215604854747653, 0.00229500699788332, -0.0012686153640970588, 0.0005976925021968782, -0.0012978996383026242, 0.0019344281172379851, -0.0002722097560763359, 0.0005551281501539052, 0.0005802249070256948], [0.0003681097296066582, 2.7379159291740507e-05, 0.000795781787019223, -0.00215604854747653, 0.005981825292110443, -0.002531163627281785, 0.0018799335230141878, 0.0007868095417506993, 0.0008498898823745549, -0.0023075337521731853, 0.0027159478049725294, 0.0004518371424637735, -0.000797963875811547], [0.00030296220211312175, 0.000749291735701263, -0.0015027032932266593, 0.00229500699788332, -0.002531163627281785, 0.0071187131106853485, -0.002101108431816101, -0.00035013139131478965, -0.0013128089485689998, 0.0007219646358862519, -0.0023919332306832075, -0.0007493182201869786, 0.0016853990964591503], [0.0003535898285917938, 0.00010091213334817439, 0.0016753969248384237, -0.0012686153640970588, 0.0018799335230141878, -0.002101108431816101, 0.007165112998336554, -0.0022418410517275333, 0.0005519237020052969, -0.0001262251753360033, -0.00019683466234710068, -0.0010019073961302638, 0.0012688711285591125], [0.00036786336568184197, 0.0005622002063319087, -0.0010920838685706258, 0.0005976925021968782, 0.0007868095417506993, -0.00035013139131478965, -0.0022418410517275333, 0.008207228034734726, -0.002395974937826395, 0.00011711680417647585, 0.0004159263917244971, -0.000546220107935369, 5.8052726672030985e-05], [0.00027234340086579323, 2.585891525086481e-05, 0.001325153629295528, -0.0012978996383026242, 0.0008498898823745549, -0.0013128089485689998, 0.0005519237020052969, -0.002395974937826395, 0.01097126305103302, -0.00253633176907897, -0.0005872673355042934, 0.0010506159160286188, -0.002132914960384369], [0.00010860419570235536, 0.0006051646778360009, 6.330859469017014e-05, 0.0019344281172379851, -0.0023075337521731853, 0.0007219646358862519, -0.0001262251753360033, 0.00011711680417647585, -0.00253633176907897, 0.011737935245037079, -0.0037995928432792425, 0.00019484285439830273, 0.0012128144735470414], [-3.371489583514631e-05, 0.00039135190309025347, 0.0011039223754778504, -0.0002722097560763359, 0.0027159478049725294, -0.0023919332306832075, -0.00019683466234710068, 0.0004159263917244971, -0.0005872673355042934, -0.0037995928432792425, 0.01190400030463934, -0.003184062195941806, 0.0004475363821256906], [-5.9712059737648815e-05, -1.3953696907265112e-05, 0.0002782685332931578, 0.0005551281501539052, 0.0004518371424637735, -0.0007493182201869786, -0.0010019073961302638, -0.000546220107935369, 0.0010506159160286188, 0.00019484285439830273, -0.003184062195941806, 0.01715296320617199, -0.005502400919795036], [-6.160286284284666e-05, 6.334261706797406e-05, 0.0004876256571151316, 0.0005802249070256948, -0.000797963875811547, 0.0016853990964591503, 0.0012688711285591125, 5.8052726672030985e-05, -0.002132914960384369, 0.0012128144735470414, 0.0004475363821256906, -0.005502400919795036, 0.01463693380355835]], "metadata.audio_properties.analysis.downmix": "mix", "metadata.audio_properties.codec": "mp3", "metadata.audio_properties.md5_encoded": "9e0b937881c131b81e9f7469fd57f298", "metadata.tags.file_name": "1183696920531705896.mp3", "metadata.version.essentia": "2.1-beta6-dev", "metadata.version.essentia_git_sha": "v2.1_beta5-1110-g77a6a954", "metadata.version.extractor": "music 2.0", "tonal.chords_key": "C", "tonal.chords_scale": "