{"song_id": "1183701034812583946", "download": "https://cdn.discordapp.com/attachments/1135903449314238464/1183701034812583946/chirp.mp4?ex=65894a7e&amp", "lyrics": "\u6211\u4e0d\u60f3\u4e0a\u73ed\u6211\u4e0d\u60f3\u4e0a\u73ed\n\u6211\u4e0d\u60f3\u4e0a\u73ed\u6211\u4e0d\u60f3\u4e0a\u73ed\n\u6211\u4e0d\u60f3\u4e0a\u73ed\u6211\u4e0d\u60f3\u4e0a\u73ed\n\u6211\u4e0d\u60f3\u4e0a\u73ed\u6211\u4e0d\u60f3\u4e0a\u73ed\n\u6211\u4e0d\u60f3\u4e0a\u73ed\u6211\u4e0d\u60f3\u4e0a\u73ed\n\n[Verse]\nI'm feeling the rhythm, ready to explode\nIn this pop party, we own the floor\nThe beat drops heavy, can't help but move\nIt's time to let loose, the night is ours to groove\n\n[Chorus]\nPop, pop, don't stop this sound\nLet it take you high, let it spin you 'round\nRaise your hands up, feel the energy ignite\nPop, pop, we're unstoppable, ignite the night", "style": ["random"], "essentia_features": {"lowlevel.average_loudness": 0.8059400320053101, "lowlevel.barkbands_crest.mean": 13.502752304077148, "lowlevel.barkbands_crest.stdev": 6.024178981781006, "lowlevel.barkbands_flatness_db.mean": 0.20749536156654358, "lowlevel.barkbands_flatness_db.stdev": 0.09046728163957596, "lowlevel.barkbands_kurtosis.mean": 29.555551528930664, "lowlevel.barkbands_kurtosis.stdev": 108.24344635009766, "lowlevel.barkbands_skewness.mean": 2.6400749683380127, "lowlevel.barkbands_skewness.stdev": 3.8709940910339355, "lowlevel.barkbands_spread.mean": 17.409608840942383, "lowlevel.barkbands_spread.stdev": 17.152572631835938, "lowlevel.dissonance.mean": 0.45635056495666504, "lowlevel.dissonance.stdev": 0.042830172926187515, "lowlevel.dynamic_complexity": 4.398654937744141, "lowlevel.erbbands_crest.mean": 11.215421676635742, "lowlevel.erbbands_crest.stdev": 5.29942512512207, "lowlevel.erbbands_flatness_db.mean": 0.19639363884925842, "lowlevel.erbbands_flatness_db.stdev": 0.07024937123060226, "lowlevel.erbbands_kurtosis.mean": 2.0715653896331787, "lowlevel.erbbands_kurtosis.stdev": 5.19810152053833, "lowlevel.erbbands_skewness.mean": 0.4151930510997772, "lowlevel.erbbands_skewness.stdev": 1.266060471534729, "lowlevel.erbbands_spread.mean": 37.476097106933594, "lowlevel.erbbands_spread.stdev": 26.08137321472168, "lowlevel.hfc.mean": 19.929006576538086, "lowlevel.hfc.stdev": 26.199859619140625, "lowlevel.loudness_ebu128.integrated": -13.817916870117188, "lowlevel.loudness_ebu128.loudness_range": 6.141576766967773, "lowlevel.loudness_ebu128.momentary.mean": -14.725959777832031, "lowlevel.loudness_ebu128.momentary.stdev": 3.005610466003418, "lowlevel.loudness_ebu128.short_term.mean": -14.309845924377441, "lowlevel.loudness_ebu128.short_term.stdev": 2.12740159034729, "lowlevel.melbands_crest.mean": 18.067495346069336, "lowlevel.melbands_crest.stdev": 6.903774261474609, "lowlevel.melbands_flatness_db.mean": 0.2548108398914337, "lowlevel.melbands_flatness_db.stdev": 0.11761189997196198, "lowlevel.melbands_kurtosis.mean": 44.019046783447266, "lowlevel.melbands_kurtosis.stdev": 93.40483093261719, "lowlevel.melbands_skewness.mean": 3.7016520500183105, "lowlevel.melbands_skewness.stdev": 3.663334369659424, "lowlevel.melbands_spread.mean": 23.600830078125, "lowlevel.melbands_spread.stdev": 31.37824821472168, "lowlevel.pitch_salience.mean": 0.4549086391925812, "lowlevel.pitch_salience.stdev": 0.1983986645936966, "lowlevel.silence_rate_20dB.mean": 1.0, "lowlevel.silence_rate_20dB.stdev": 0.0, "lowlevel.silence_rate_30dB.mean": 0.9073001146316528, "lowlevel.silence_rate_30dB.stdev": 0.29001060128211975, "lowlevel.silence_rate_60dB.mean": 0.18366163969039917, "lowlevel.silence_rate_60dB.stdev": 0.38721179962158203, "lowlevel.spectral_centroid.mean": 1358.8604736328125, "lowlevel.spectral_centroid.stdev": 1143.249267578125, "lowlevel.spectral_complexity.mean": 11.245075225830078, "lowlevel.spectral_complexity.stdev": 11.971126556396484, "lowlevel.spectral_decrease.mean": -9.126817523963382e-09, "lowlevel.spectral_decrease.stdev": 1.386160608518594e-08, "lowlevel.spectral_energy.mean": 0.03625430539250374, "lowlevel.spectral_energy.stdev": 0.0530935600399971, "lowlevel.spectral_energyband_high.mean": 0.0011164777679368854, "lowlevel.spectral_energyband_high.stdev": 0.002506944816559553, "lowlevel.spectral_energyband_low.mean": 0.0237578134983778, "lowlevel.spectral_energyband_low.stdev": 0.04950308799743652, "lowlevel.spectral_energyband_middle_high.mean": 0.0039084539748728275, "lowlevel.spectral_energyband_middle_high.stdev": 0.006431307643651962, "lowlevel.spectral_energyband_middle_low.mean": 0.008482961915433407, "lowlevel.spectral_energyband_middle_low.stdev": 0.01559913158416748, "lowlevel.spectral_entropy.mean": 7.40582799911499, "lowlevel.spectral_entropy.stdev": 0.6969943642616272, "lowlevel.spectral_flux.mean": 0.09855017066001892, "lowlevel.spectral_flux.stdev": 0.09571680426597595, "lowlevel.spectral_kurtosis.mean": 5.7925190925598145, "lowlevel.spectral_kurtosis.stdev": 5.424983501434326, "lowlevel.spectral_rms.mean": 0.004712178371846676, "lowlevel.spectral_rms.stdev": 0.003628424135968089, "lowlevel.spectral_rolloff.mean": 1897.3504638671875, "lowlevel.spectral_rolloff.stdev": 2762.798583984375, "lowlevel.spectral_skewness.mean": 1.7073200941085815, "lowlevel.spectral_skewness.stdev": 0.7433083057403564, "lowlevel.spectral_spread.mean": 4823069.5, "lowlevel.spectral_spread.stdev": 2315776.25, "lowlevel.spectral_strongpeak.mean": 0.8536477088928223, "lowlevel.spectral_strongpeak.stdev": 0.9396624565124512, "lowlevel.zerocrossingrate.mean": 0.07020584493875504, "lowlevel.zerocrossingrate.stdev": 0.08235075324773788, "metadata.audio_properties.analysis.equal_loudness": 0.0, "metadata.audio_properties.analysis.length": 40.04265213012695, "metadata.audio_properties.analysis.sample_rate": 44100.0, "metadata.audio_properties.analysis.start_time": 0.0, "metadata.audio_properties.bit_rate": 121356.0, "metadata.audio_properties.length": 40.042667388916016, "metadata.audio_properties.lossless": 0.0, "metadata.audio_properties.number_channels": 1.0, "metadata.audio_properties.replay_gain": -12.958959579467773, "metadata.audio_properties.sample_rate": 48000.0, "rhythm.beats_count": 61.0, "rhythm.beats_loudness.mean": 0.037412650883197784, "rhythm.beats_loudness.stdev": 0.022405484691262245, "rhythm.bpm": 92.06517791748047, "rhythm.bpm_histogram_first_peak_bpm": 92.0, "rhythm.bpm_histogram_first_peak_weight": 0.08771926164627075, "rhythm.bpm_histogram_second_peak_bpm": 99.0, "rhythm.bpm_histogram_second_peak_spread": 0.0, "rhythm.bpm_histogram_second_peak_weight": 0.05000000074505806, "rhythm.danceability": 1.389286994934082, "rhythm.onset_rate": 4.568784236907959, "tonal.chords_changes_rate": 0.12731482088565826, "tonal.chords_number_rate": 0.011574073694646358, "tonal.chords_strength.mean": 0.428637832403183, "tonal.chords_strength.stdev": 0.08833855390548706, "tonal.hpcp_crest.mean": 13.359098434448242, "tonal.hpcp_crest.stdev": 6.450930118560791, "tonal.hpcp_entropy.mean": 2.1048731803894043, "tonal.hpcp_entropy.stdev": 0.8488664627075195, "tonal.key_edma.strength": 0.5661410093307495, "tonal.key_krumhansl.strength": 0.5819336175918579, "tonal.key_temperley.strength": 0.5824617743492126, "tonal.tuning_diatonic_strength": 0.3989452123641968, "tonal.tuning_equal_tempered_deviation": 0.23763048648834229, "tonal.tuning_frequency": 434.193115234375, "tonal.tuning_nontempered_energy_ratio": 0.9226925373077393, "lowlevel.barkbands.mean": [0.0005654062842950225, 0.01695232279598713, 0.0052933162078261375, 0.0017077383818104863, 0.0019140071235597134, 0.002671546768397093, 0.0006296872161328793, 0.0007251349743455648, 0.0007126336568035185, 0.00047399767208844423, 0.00052456627599895, 0.0006606057286262512, 0.0004178985836915672, 0.000357838929630816, 0.00042167375795543194, 0.0003104772767983377, 0.000210547776077874, 0.0002607539063319564, 0.0002118961710948497, 0.0001947110431501642, 0.00014456476492341608, 0.00026537649682722986, 0.0001655159139772877, 0.00017067477165255696, 0.00018770976748783141, 0.00010068966366816312, 3.020875283255009e-06], "lowlevel.barkbands.stdev": [0.001925440039485693, 0.038456618785858154, 0.018327264115214348, 0.008316194638609886, 0.005263418424874544, 0.004741214215755463, 0.0016773269744589925, 0.0019709025509655476, 0.0019569178111851215, 0.001147401169873774, 0.0016395855927839875, 0.0017226597992703319, 0.0012802371056750417, 0.0009231728035956621, 0.0011132587678730488, 0.0009182801004499197, 0.0005453730118460953, 0.0006324584828689694, 0.0004513887979555875, 0.00044159384560771286, 0.00035412824945524335, 0.0007543532992713153, 0.00040850145160220563, 0.0005021907854825258, 0.0005992383812554181, 0.00032144837314262986, 1.4549264960805885e-05], "lowlevel.erbbands.mean": [0.32796502113342285, 4.287981986999512, 7.483160972595215, 5.905168056488037, 4.3504958152771, 5.645567893981934, 19.6516170501709, 20.801637649536133, 11.06680679321289, 12.870933532714844, 15.720340728759766, 16.226102828979492, 13.537866592407227, 18.132152557373047, 24.52789306640625, 26.8214168548584, 19.495826721191406, 18.85134506225586, 22.955055236816406, 18.57875633239746, 16.196638107299805, 12.259260177612305, 14.280078887939453, 11.452190399169922, 11.193296432495117, 9.057343482971191, 5.797381401062012, 6.54611349105835, 10.273721694946289, 6.636622905731201, 4.459836483001709, 3.473496913909912, 2.9565048217773438, 2.1599137783050537, 1.2887438535690308, 0.5981321334838867, 0.1464916467666626, 0.01796719990670681, 0.0004501018556766212, 5.9046516980743036e-05], "lowlevel.erbbands.stdev": [0.7257071137428284, 10.03795051574707, 21.39054298400879, 24.815494537353516, 20.159658432006836, 16.319255828857422, 45.01580810546875, 40.293460845947266, 32.79141616821289, 33.63013458251953, 42.34156799316406, 45.43382263183594, 32.8090934753418, 55.304012298583984, 74.8088607788086, 66.88159942626953, 55.30625534057617, 48.82292556762695, 58.14811706542969, 46.07621383666992, 44.371673583984375, 30.59375762939453, 34.5155143737793, 24.653799057006836, 25.254106521606445, 19.752599716186523, 13.725028991699219, 15.70096206665039, 30.618518829345703, 17.365562438964844, 11.229565620422363, 9.6290922164917, 9.260564804077148, 6.987514019012451, 4.178922176361084, 1.99322509765625, 0.478124737739563, 0.06746990233659744, 0.0016172855393961072, 8.413320028921589e-05], "lowlevel.gfcc.mean": [-82.31697845458984, 70.53588104248047, -121.76597595214844, 25.430255889892578, -63.079776763916016, 10.397392272949219, -45.48081588745117, 0.37121593952178955, -30.729270935058594, 4.162789344787598, -10.063701629638672, 3.7094929218292236, -3.319408655166626], "lowlevel.melbands.mean": [0.004040887113660574, 0.004575000144541264, 0.0009880129946395755, 0.0003088340163230896, 0.0006154800648801029, 0.00046859928988851607, 0.00015800456458237022, 0.00014413757889997214, 0.00013164150004740804, 9.913044050335884e-05, 6.594863953068852e-05, 7.15946443961002e-05, 7.398546586045995e-05, 7.770354568492621e-05, 5.654759661410935e-05, 3.902932076016441e-05, 3.4079737815773115e-05, 3.6566514609148726e-05, 2.801632035698276e-05, 2.3919623345136642e-05, 1.757158497639466e-05, 1.2672599041252397e-05, 1.2551815416372847e-05, 1.2084432455594651e-05, 8.933075150707737e-06, 7.760385415167548e-06, 8.321445420733653e-06, 5.376122317102272e-06, 3.5797495456790784e-06, 3.257257048971951e-06, 3.989157903561136e-06, 6.083789230615366e-06, 4.813595296582207e-06, 3.3090277611336205e-06, 2.5611993805796374e-06, 2.2289732442004606e-06, 2.1166754322621273e-06, 2.124186039509368e-06, 1.8967186861118535e-06, 1.796307287804666e-06], "lowlevel.melbands.stdev": [0.00887239258736372, 0.010892900638282299, 0.004043885972350836, 0.0010645244037732482, 0.0013880811166018248, 0.000882473774254322, 0.00045890247565694153, 0.00038872542791068554, 0.00036810245364904404, 0.00027981874882243574, 0.00016425455396529287, 0.00021882799046579748, 0.00021822443522978574, 0.0002048270107479766, 0.00017261166067328304, 0.00010382428445154801, 9.565616346662864e-05, 9.27846776903607e-05, 7.444315269822255e-05, 7.13420013198629e-05, 4.930793875246309e-05, 3.449938230914995e-05, 3.029182698810473e-05, 3.059721348108724e-05, 1.988262010854669e-05, 1.8121780158253387e-05, 2.1167970771784894e-05, 1.164315744972555e-05, 8.560434253013227e-06, 8.511788109899499e-06, 9.751688594406005e-06, 1.7792091966839507e-05, 1.4918355191184673e-05, 8.402283128816634e-06, 6.536379260069225e-06, 5.907950253458694e-06, 6.300583208940225e-06, 6.671615665254649e-06, 6.380885679391213e-06, 5.822500497743022e-06], "lowlevel.melbands128.mean": [0.0005045626312494278, 0.0017025317065417767, 0.005972032435238361, 0.00769496476277709, 0.004849977791309357, 0.002279401058331132, 0.0012043316382914782, 0.0007649896433576941, 0.0003914472181349993, 0.00020458853396121413, 0.00025286193704232574, 0.0005698341992683709, 0.0007781445747241378, 0.0005879505188204348, 0.0005264631472527981, 0.00038367227534763515, 0.00023271978716365993, 8.687828812981024e-05, 9.905997285386547e-05, 0.0001594224595464766, 0.00016506358224432915, 0.00010859577014343813, 0.00014464394189417362, 0.00013058305194135755, 0.00010349708463763818, 9.298189979745075e-05, 6.680358637822792e-05, 6.224023672984913e-05, 6.429549830500036e-05, 7.140658999560401e-05, 8.006603457033634e-05, 6.13426964264363e-05, 5.9962763771181926e-05, 0.00010276302782585844, 7.430213736370206e-05, 7.289768109330907e-05, 7.851098052924499e-05, 5.6152184697566554e-05, 4.536916094366461e-05, 3.6914178053848445e-05, 4.097700730198994e-05, 3.667271448648535e-05, 3.179992563673295e-05, 3.589127663872205e-05, 3.0187789889168926e-05, 3.800028935074806e-05, 4.4743817852577195e-05, 2.3445954866474494e-05, 2.616797610244248e-05, 2.1817530068801716e-05, 2.5275667212554254e-05, 2.4452112484141253e-05, 1.704663191048894e-05, 1.6329795471392572e-05, 1.3802937246509828e-05, 1.3477706488629337e-05, 9.93531557469396e-06, 1.1093571629317012e-05, 1.4002149328007363e-05, 1.4782264770474285e-05, 1.1751237252610736e-05, 1.041863470163662e-05, 1.0069272320833988e-05, 8.485469152219594e-06, 7.20347406968358e-06, 7.2000102591118775e-06, 8.710025213076733e-06, 8.066484951996244e-06, 8.912882549338974e-06, 7.910692147561349e-06, 4.982856808055658e-06, 4.476612048165407e-06, 3.860037850245135e-06, 3.321528993183165e-06, 3.3275932764809113e-06, 3.4669164961087517e-06, 3.028094170076656e-06, 3.1670504085923312e-06, 4.147039362578653e-06, 4.49385515821632e-06, 6.154657967272215e-06, 7.037849172775168e-06, 5.703981059923535e-06, 4.7675885070930235e-06, 3.822652615781408e-06, 3.3675844406388933e-06, 3.2912132610363187e-06, 2.816696905938443e-06, 2.3547372620669194e-06, 2.538175067456905e-06, 2.479460363247199e-06, 2.0917052552249515e-06, 1.9026491600016016e-06, 2.175670260839979e-06, 2.1464791188918753e-06, 2.2520432594319573e-06, 2.075154270642088e-06, 2.0189058886899147e-06, 1.8242769783682888e-06, 1.8968124777529738e-06, 1.9088267890765565e-06, 1.658913106439286e-06, 1.8866385289584287e-06, 1.6330399148500874e-06, 1.4053973700356437e-06, 1.3363768402996357e-06, 1.227374809786852e-06, 1.2238444924150826e-06, 1.0746101679615094e-06, 9.154520625997975e-07, 7.160496124924975e-07, 5.114761165714299e-07, 4.2816435552595067e-07, 3.2507296054973267e-07, 2.2711752478699054e-07, 1.9272543738679815e-07, 1.0645888437466056e-07, 2.652841146755236e-08, 1.1761666085519096e-09, 1.7251072098600773e-11, 1.5466255012808183e-11, 1.2281477917985839e-11, 1.09725162983354e-11, 9.713335170913329e-12, 7.995522646742081e-12, 6.328422161305802e-12, 5.2566553540578376e-12, 5.0627935004043945e-12], "lowlevel.melbands128.stdev": [0.001767932903021574, 0.0044895363971591, 0.01421129610389471, 0.01879504695534706, 0.013229222036898136, 0.008199639618396759, 0.005506871268153191, 0.0036792056635022163, 0.001977851614356041, 0.0009294096380472183, 0.0008980171987786889, 0.0017831592122092843, 0.0021014458034187555, 0.0013845984358340502, 0.0012015764368698, 0.0011673846747726202, 0.0009554442367516458, 0.00030972805689089, 0.000350223999703303, 0.000471267820103094, 0.0005714632570743561, 0.00033230369444936514, 0.0005110953352414072, 0.0004910568241029978, 0.00037860270822420716, 0.0003376058884896338, 0.0002679467143025249, 0.0001896612229757011, 0.00019813174731098115, 0.00023377331672236323, 0.0003578959440346807, 0.0002734903246164322, 0.00019916378369089216, 0.000452310690889135, 0.0003043052274733782, 0.00023418397177010775, 0.00024779021623544395, 0.0002217856381321326, 0.00025815775734372437, 0.00012197667820146307, 0.0001392195263179019, 0.00012077746214345098, 0.0001273692905670032, 0.00011651849490590394, 8.70918738655746e-05, 0.00011899381206603721, 0.00017409554857295007, 7.71949125919491e-05, 9.526911890134215e-05, 6.279611261561513e-05, 0.00010365443449700251, 0.00010028594988398254, 5.9198777307756245e-05, 5.127334952703677e-05, 4.811702456208877e-05, 4.33062159572728e-05, 2.581822445790749e-05, 3.0020759368198924e-05, 3.886942795361392e-05, 4.2874409700743854e-05, 3.455803380347788e-05, 3.0129349397611804e-05, 2.561599285400007e-05, 2.0335010049166158e-05, 1.7331565686617978e-05, 1.9254246581112966e-05, 2.3729340682621114e-05, 2.0007317289127968e-05, 3.063938129344024e-05, 2.021912223426625e-05, 1.1832105883513577e-05, 1.1003521649399772e-05, 9.730269994179253e-06, 8.714940122445114e-06, 9.313537702837493e-06, 9.606079402146861e-06, 9.163837603409775e-06, 8.508878636348527e-06, 1.1212893696210813e-05, 1.142044766311301e-05, 1.689207783783786e-05, 2.5649575036368333e-05, 2.0376473912619986e-05, 1.5646524843759835e-05, 1.1669670129776932e-05, 9.176882485917304e-06, 8.665171662869398e-06, 7.713409104326274e-06, 6.205066711117979e-06, 7.275699317688122e-06, 6.722832040395588e-06, 6.08120581091498e-06, 5.742901976191206e-06, 7.191140866780188e-06, 7.127570825105067e-06, 7.243982508953195e-06, 6.832913641119376e-06, 7.278429166035494e-06, 6.18154126641457e-06, 7.18163119017845e-06, 7.167423973442055e-06, 5.432864327303832e-06, 6.58750650472939e-06, 5.534724095923593e-06, 4.826435542781837e-06, 5.0725693654385395e-06, 4.589065611071419e-06, 4.274340881238459e-06, 3.8507228055095766e-06, 3.5349958125152625e-06, 2.576294946265989e-06, 1.7242550711671356e-06, 1.7593577013030881e-06, 1.2692041764239548e-06, 8.133632150020276e-07, 8.927308385864308e-07, 5.247416652309767e-07, 2.1441451281134505e-07, 1.161905771596139e-08, 2.1076605738468146e-10, 1.5810525111348284e-10, 1.3424507339099279e-10, 1.183226155943018e-10, 8.562987818816481e-11, 5.6277118382075386e-11, 2.7493663595778983e-11, 1.0934982953847427e-11, 1.0238725665911996e-11], "lowlevel.mfcc.mean": [-724.3360595703125, 103.74269104003906, -4.717698097229004, 14.382859230041504, 1.0252760648727417, 4.114775657653809, -1.0799243450164795, -6.641230583190918, -8.53316593170166, -8.921576499938965, -4.295670032501221, -8.087583541870117, 1.374482274055481], "lowlevel.spectral_contrast_coeffs.mean": [-0.632332980632782, -0.7485310435295105, -0.795885443687439, -0.8103493452072144, -0.8046765327453613, -0.7631520628929138], "lowlevel.spectral_contrast_coeffs.stdev": [0.12095095962285995, 0.10030431300401688, 0.06784780323505402, 0.055470336228609085, 0.05215413123369217, 0.049323223531246185], "lowlevel.spectral_contrast_valleys.mean": [-8.262848854064941, -7.762199878692627, -7.986367702484131, -8.178322792053223, -8.252663612365723, -10.892434120178223], "lowlevel.spectral_contrast_valleys.stdev": [1.8938391208648682, 1.4241160154342651, 1.2951011657714844, 1.2499381303787231, 1.3043839931488037, 1.6219443082809448], "rhythm.beats_loudness_band_ratio.mean": [0.1748037040233612, 0.34860464930534363, 0.14993543922901154, 0.17362898588180542, 0.11024704575538635, 0.11094711720943451], "rhythm.beats_loudness_band_ratio.stdev": [0.22382447123527527, 0.2911560833454132, 0.1766967922449112, 0.1601444035768509, 0.0828910693526268, 0.19545814394950867], "tonal.hpcp.mean": [0.10446532815694809, 0.12298411130905151, 0.10220486670732498, 0.07969068735837936, 0.06730004400014877, 0.06054636463522911, 0.06109391897916794, 0.05596436932682991, 0.06365986168384552, 0.11816301941871643, 0.13337023556232452, 0.09366089850664139, 0.10191439837217331, 0.10983321070671082, 0.11117610335350037, 0.22763535380363464, 0.31816068291664124, 0.2421341985464096, 0.1658535748720169, 0.13455845415592194, 0.10134343057870865, 0.10113406181335449, 0.11761719733476639, 0.11366362869739532, 0.15977276861667633, 0.1628446877002716, 0.09007887542247772, 0.06598140299320221, 0.06091197207570076, 0.057019975036382675, 0.1031804159283638, 0.12840566039085388, 0.08878392726182938, 0.06855452060699463, 0.06845264136791229, 0.07656560093164444], "tonal.hpcp.stdev": [0.19918031990528107, 0.22234384715557098, 0.2107345163822174, 0.17836272716522217, 0.15754923224449158, 0.15415823459625244, 0.1488008350133896, 0.13011352717876434, 0.14604763686656952, 0.22996027767658234, 0.2492077499628067, 0.19797790050506592, 0.21947672963142395, 0.24272215366363525, 0.21368683874607086, 0.3203756511211395, 0.37926048040390015, 0.33051007986068726, 0.28495749831199646, 0.26949360966682434, 0.2224651277065277, 0.21760296821594238, 0.24581436812877655, 0.22997057437896729, 0.2805662453174591, 0.29591381549835205, 0.1854964941740036, 0.15076735615730286, 0.15158262848854065, 0.13750503957271576, 0.2120526283979416, 0.2636788785457611, 0.18612824380397797, 0.1566011756658554, 0.14831866323947906, 0.1747029572725296], "rhythm.beats_position": [0.5804988741874695, 1.1842176914215088, 1.7879364490509033, 2.391655206680298, 3.0185940265655518, 3.668752670288086, 4.318911552429199, 4.9690704345703125, 5.619228839874268, 6.269387722015381, 6.919546127319336, 7.569705009460449, 8.219863891601562, 8.881632804870605, 9.531790733337402, 10.193559646606445, 10.843718528747559, 11.493877410888672, 12.144036293029785, 12.794195175170898, 13.444353103637695, 14.094511985778809, 14.744670867919922, 15.394829750061035, 16.04498863220215, 16.706756591796875, 17.368526458740234, 18.01868438720703, 18.668842315673828, 19.319002151489258, 19.969160079956055, 20.619319915771484, 21.26947784423828, 21.91963768005371, 22.581405639648438, 23.219953536987305, 23.881723403930664, 24.53188133239746, 25.18204116821289, 25.843809127807617, 26.505577087402344, 27.144126892089844, 27.78267478942871, 28.44444465637207, 29.094602584838867, 29.744760513305664, 30.383310317993164, 31.03346824645996, 31.69523811340332, 32.35700607299805, 33.018775939941406, 33.6689338684082, 34.319091796875, 34.9692497253418, 35.61941146850586, 36.269569396972656, 36.91972732543945, 37.56988525390625, 38.22004318237305, 38.881813049316406, 39.543582916259766], "rhythm.bpm_histogram": [0.0, 0.0, 0.0, 0.0, 0.0, 0.0, 0.0, 0.0, 0.0, 0.0, 0.0, 0.0, 0.0, 0.0, 0.0, 0.0, 0.0, 0.0, 0.0, 0.0, 0.0, 0.0, 0.0, 0.0, 0.0, 0.0, 0.0, 0.0, 0.0, 0.0, 0.0, 0.0, 0.0, 0.0, 0.0, 0.0, 0.0, 0.0, 0.0, 0.0, 0.0, 0.0, 0.0, 0.0, 0.0, 0.0, 0.0, 0.0, 0.0, 0.0, 0.0, 0.0, 0.0, 0.0, 0.0, 0.0, 0.0, 0.0, 0.0, 0.0, 0.0, 0.0, 0.0, 0.0, 0.0, 0.0, 0.0, 0.0, 0.0, 0.0, 0.0, 0.0, 0.0, 0.0, 0.0, 0.0, 0.0, 0.0, 0.0, 0.0, 0.0, 0.0, 0.0, 0.0, 0.0, 0.0, 0.0, 0.0, 0.0, 0.0, 0.0, 0.23333333432674408, 0.6333333253860474, 0.0, 0.06666667014360428, 0.0, 0.01666666753590107, 0.0, 0.0, 0.05000000074505806, 0.0, 0.0, 0.0, 0.0, 0.0, 0.0, 0.0, 0.0, 0.0, 0.0, 0.0, 0.0, 0.0, 0.0, 0.0, 0.0, 0.0, 0.0, 0.0, 0.0, 0.0, 0.0, 0.0, 0.0, 0.0, 0.0, 0.0, 0.0, 0.0, 0.0, 0.0, 0.0, 0.0, 0.0, 0.0, 0.0, 0.0, 0.0, 0.0, 0.0, 0.0, 0.0, 0.0, 0.0, 0.0, 0.0, 0.0, 0.0, 0.0, 0.0, 0.0, 0.0, 0.0, 0.0, 0.0, 0.0, 0.0, 0.0, 0.0, 0.0, 0.0, 0.0, 0.0, 0.0, 0.0, 0.0, 0.0, 0.0, 0.0, 0.0, 0.0, 0.0, 0.0, 0.0, 0.0, 0.0, 0.0, 0.0, 0.0, 0.0, 0.0, 0.0, 0.0, 0.0, 0.0, 0.0, 0.0, 0.0, 0.0, 0.0, 0.0, 0.0, 0.0, 0.0, 0.0, 0.0, 0.0, 0.0, 0.0, 0.0, 0.0, 0.0, 0.0, 0.0, 0.0, 0.0, 0.0, 0.0, 0.0, 0.0, 0.0, 0.0, 0.0, 0.0, 0.0, 0.0, 0.0, 0.0, 0.0, 0.0, 0.0, 0.0, 0.0, 0.0, 0.0, 0.0, 0.0, 0.0, 0.0, 0.0, 0.0, 0.0, 0.0, 0.0, 0.0, 0.0, 0.0, 0.0, 0.0, 0.0, 0.0, 0.0, 0.0, 0.0, 0.0, 0.0, 0.0, 0.0, 0.0, 0.0], "tonal.chords_histogram": [37.38425827026367, 1.9675925970077515, 0.11574073880910873, 3.125, 0.0, 17.476852416992188, 2.314814805984497, 0.6944444179534912, 0.0, 0.0, 1.7361111640930176, 0.0, 0.0, 0.0, 0.0, 0.0, 0.0, 0.9259259104728699, 9.953703880310059, 7.407407283782959, 4.861111164093018, 0.0, 0.8101851940155029, 11.226851463317871], "tonal.thpcp": [1.0, 0.7610437273979187, 0.5212886929512024, 0.4229260981082916, 0.31852906942367554, 0.3178710341453552, 0.3696786165237427, 0.3572522699832916, 0.5021763443946838, 0.5118315815925598, 0.28312385082244873, 0.2073839008808136, 0.1914503425359726, 0.17921754717826843, 0.3243028521537781, 0.4035874605178833, 0.2790537476539612, 0.21547137200832367, 0.21515116095542908, 0.2406507283449173, 0.32834142446517944, 0.38654717803001404, 0.32123664021492004, 0.2504730820655823, 0.211528480052948, 0.19030120968818665, 0.19202221930027008, 0.1758996993303299, 0.20008714497089386, 0.37139415740966797, 0.4191914498806, 0.29438236355781555, 0.3203236758708954, 0.34521302580833435, 0.3494338095188141, 0.715472936630249], "lowlevel.gfcc.cov": [[16136.6142578125, -879.5045776367188, 1982.7784423828125, 1008.8296508789062, 487.37933349609375, 955.0597534179688, 531.6198120117188, 1264.5001220703125, 263.3969421386719, 546.9690551757812, -759.2044677734375, 39.15542984008789, -878.4981689453125], [-879.5045776367188, 3971.942138671875, 92.94508361816406, -274.4378662109375, 626.7064208984375, -247.6787567138672, 354.958251953125, -291.11859130859375, 227.54632568359375, -340.1394348144531, 130.1547393798828, -260.6286315917969, 272.2971496582031], [1982.7784423828125, 92.94508361816406, 2859.26904296875, 1113.489501953125, 962.5538330078125, 777.7669067382812, 515.064208984375, 736.2630004882812, 251.53570556640625, 255.6993408203125, -178.52357482910156, 142.73992919921875, -255.03549194335938], [1008.8296508789062, -274.4378662109375, 1113.489501953125, 1274.1705322265625, 519.3612060546875, 461.1255187988281, 282.7435302734375, 304.3335266113281, 182.1791534423828, 87.83451843261719, 7.917203903198242, 11.709406852722168, -49.514991760253906], [487.37933349609375, 626.7064208984375, 962.5538330078125, 519.3612060546875, 986.416015625, 441.7045593261719, 375.2334289550781, 405.1689453125, 237.4260711669922, 110.80101776123047, -34.6204833984375, 54.34503173828125, -51.622337341308594], [955.0597534179688, -247.6787567138672, 777.7669067382812, 461.1255187988281, 441.7045593261719, 625.1961059570312, 344.87615966796875, 297.8611145019531, 115.80545043945312, 140.5281219482422, -63.793800354003906, 51.380577087402344, -112.87474822998047], [531.6198120117188, 354.958251953125, 515.064208984375, 282.7435302734375, 375.2334289550781, 344.87615966796875, 477.916015625, 232.5858917236328, 148.23902893066406, 45.390018463134766, 6.502044677734375, 5.256977558135986, -55.637001037597656], [1264.5001220703125, -291.11859130859375, 736.2630004882812, 304.3335266113281, 405.1689453125, 297.8611145019531, 232.5858917236328, 624.0746459960938, 183.85980224609375, 202.37425231933594, -95.19761657714844, 97.63231658935547, -166.31666564941406], [263.3969421386719, 227.54632568359375, 251.53570556640625, 182.1791534423828, 237.4260711669922, 115.80545043945312, 148.23902893066406, 183.85980224609375, 248.24887084960938, 89.44446563720703, 41.48501205444336, 7.132022380828857, -5.606767654418945], [546.9690551757812, -340.1394348144531, 255.6993408203125, 87.83451843261719, 110.80101776123047, 140.5281219482422, 45.390018463134766, 202.37425231933594, 89.44446563720703, 266.4690856933594, 11.288556098937988, 78.67375946044922, -90.91707611083984], [-759.2044677734375, 130.1547393798828, -178.52357482910156, 7.917203903198242, -34.6204833984375, -63.793800354003906, 6.502044677734375, -95.19761657714844, 41.48501205444336, 11.288556098937988, 246.0063018798828, 69.45378112792969, 129.13800048828125], [39.15542984008789, -260.6286315917969, 142.73992919921875, 11.709406852722168, 54.34503173828125, 51.380577087402344, 5.256977558135986, 97.63231658935547, 7.132022380828857, 78.67375946044922, 69.45378112792969, 204.3661346435547, 36.16630172729492], [-878.4981689453125, 272.2971496582031, -255.03549194335938, -49.514991760253906, -51.622337341308594, -112.87474822998047, -55.637001037597656, -166.31666564941406, -5.606767654418945, -90.91707611083984, 129.13800048828125, 36.16630172729492, 229.6304931640625]], "lowlevel.gfcc.icov": [[9.817021782509983e-05, -6.373444193741307e-05, 3.03502401948208e-05, -0.00010267373727401718, 0.00014120778359938413, -8.67753115016967e-05, 1.043285465129884e-05, -0.00010729493078542873, -2.4181619664886966e-05, -8.631272066850215e-05, 0.0002564110036473721, -0.00017302020569331944, 0.00022490930859930813], [-6.373444193741307e-05, 0.0007387971272692084, -0.0002691193949431181, 0.0005115700769238174, -0.000802272348664701, 0.000770343525800854, -0.0006696248892694712, 0.000556739280000329, -0.0004600740794558078, 0.00043943015043623745, -0.0003461036249063909, 0.0009659838397055864, -0.0006639364291913807], [3.03502401948208e-05, -0.0002691193949431181, 0.0009323369013145566, -0.0006435832474380732, -1.6885109289432876e-05, -0.00044636940583586693, 9.443084127269685e-05, -0.0004065645334776491, 0.00022346341575030237, -0.00019022250489797443, 0.0005684646894223988, -0.0008865097188390791, 0.0005872250185348094], [-0.00010267373727401718, 0.0005115700769238174, -0.0006435832474380732, 0.0018531456589698792, -0.0007012783898971975, -0.00019545326358638704, -7.413576531689614e-05, 0.00022596647613681853, -0.0005344382952898741, 0.0006418920820578933, -0.0011052832705900073, 0.0014311519917100668, -0.0007853696588426828], [0.00014120778359938413, -0.000802272348664701, -1.6885109289432876e-05, -0.0007012783898971975, 0.0031083310022950172, -0.0013948288979008794, 0.00018697981431614608, -0.0011617012787610292, -0.0004561245150398463, -0.0002897168160416186, 0.0008298365282826126, -0.001099619548767805, 0.00011930632899748161], [-8.67753115016967e-05, 0.000770343525800854, -0.00044636940583586693, -0.00019545326358638704, -0.0013948288979008794, 0.005029653199017048, -0.00292199500836432, 0.000950610323343426, 0.0002236199943581596, -0.0009955347049981356, 0.0007579646771773696, 0.00025562854716554284, -0.0004992754547856748], [1.043285465129884e-05, -0.0006696248892694712, 9.443084127269685e-05, -7.413576531689614e-05, 0.00018697981431614608, -0.00292199500836432, 0.005347276106476784, -0.0012283525429666042, -0.000714459631126374, 0.0012600640766322613, -0.0014970587799325585, 4.375081698526628e-05, 0.0012509609805420041], [-0.00010729493078542873, 0.000556739280000329, -0.0004065645334776491, 0.00022596647613681853, -0.0011617012787610292, 0.000950610323343426, -0.0012283525429666042, 0.004804418887943029, -0.0021952707320451736, -0.000731909938622266, 0.0013028436806052923, -0.0014657961437478662, 0.001069548656232655], [-2.4181619664886966e-05, -0.0004600740794558078, 0.00022346341575030237, -0.0005344382952898741, -0.0004561245150398463, 0.0002236199943581596, -0.000714459631126374, -0.0021952707320451736, 0.00804319977760315, -0.002321728738024831, -0.001566784456372261, 0.0017993523506447673, -0.0012948493240401149], [-8.631272066850215e-05, 0.00043943015043623745, -0.00019022250489797443, 0.0006418920820578933, -0.0002897168160416186, -0.0009955347049981356, 0.0012600640766322613, -0.000731909938622266, -0.002321728738024831, 0.007639406714588404, -0.0023391491267830133, -0.001238410477526486, 0.0027750509325414896], [0.0002564110036473721, -0.0003461036249063909, 0.0005684646894223988, -0.0011052832705900073, 0.0008298365282826126, 0.0007579646771773696, -0.0014970587799325585, 0.0013028436806052923, -0.001566784456372261, -0.0023391491267830133, 0.009056474082171917, -0.003484707325696945, -0.002584252040833235], [-0.00017302020569331944, 0.0009659838397055864, -0.0008865097188390791, 0.0014311519917100668, -0.001099619548767805, 0.00025562854716554284, 4.375081698526628e-05, -0.0014657961437478662, 0.0017993523506447673, -0.001238410477526486, -0.003484707325696945, 0.00987536646425724, -0.0036980067379772663], [0.00022490930859930813, -0.0006639364291913807, 0.0005872250185348094, -0.0007853696588426828, 0.00011930632899748161, -0.0004992754547856748, 0.0012509609805420041, 0.001069548656232655, -0.0012948493240401149, 0.0027750509325414896, -0.002584252040833235, -0.0036980067379772663, 0.010447395965456963]], "lowlevel.mfcc.cov": [[14282.8798828125, -825.9767456054688, 1047.2955322265625, 442.51336669921875, 228.42926025390625, 219.51809692382812, 255.21510314941406, 618.9073486328125, 730.3710327148438, 569.4127197265625, 735.2662353515625, 291.1043395996094, -100.34613800048828], [-825.9767456054688, 3699.4970703125, -193.1416473388672, 79.59593200683594, 159.15675354003906, 24.49344253540039, 80.86749267578125, 80.24522399902344, 192.46368408203125, -101.6964111328125, 59.83284378051758, -60.597434997558594, -80.68729400634766], [1047.2955322265625, -193.1416473388672, 1829.06982421875, 712.1898803710938, 604.6736450195312, 416.028564453125, 403.8141174316406, 449.0710754394531, 383.97509765625, 273.7073059082031, 277.98583984375, 192.3161163330078, 105.31671142578125], [442.51336669921875, 79.59593200683594, 712.1898803710938, 848.5734252929688, 520.8184204101562, 263.481689453125, 248.64871215820312, 292.81951904296875, 261.0049133300781, 175.14166259765625, 128.76258850097656, 166.79147338867188, 105.01472473144531], [228.42926025390625, 159.15675354003906, 604.6736450195312, 520.8184204101562, 752.7688598632812, 273.71368408203125, 266.3802795410156, 325.22698974609375, 321.84075927734375, 209.2705841064453, 176.7960662841797, 165.67581176757812, 128.37237548828125], [219.51809692382812, 24.49344253540039, 416.028564453125, 263.481689453125, 273.71368408203125, 527.8274536132812, 273.9825439453125, 200.8065948486328, 157.3561248779297, 140.8503875732422, 73.06764221191406, 106.0906982421875, 44.90409469604492], [255.21510314941406, 80.86749267578125, 403.8141174316406, 248.64871215820312, 266.3802795410156, 273.9825439453125, 384.4719543457031, 286.2918395996094, 208.7076416015625, 148.59005737304688, 153.60459899902344, 114.76722717285156, 56.65623092651367], [618.9073486328125, 80.24522399902344, 449.0710754394531, 292.81951904296875, 325.22698974609375, 200.8065948486328, 286.2918395996094, 446.4047546386719, 299.13140869140625, 180.38536071777344, 174.49591064453125, 154.25936889648438, 88.77519989013672], [730.3710327148438, 192.46368408203125, 383.97509765625, 261.0049133300781, 321.84075927734375, 157.3561248779297, 208.7076416015625, 299.13140869140625, 383.7629699707031, 215.1341552734375, 215.6658172607422, 138.7550506591797, 70.9649658203125], [569.4127197265625, -101.6964111328125, 273.7073059082031, 175.14166259765625, 209.2705841064453, 140.8503875732422, 148.59005737304688, 180.38536071777344, 215.1341552734375, 255.81288146972656, 181.8417510986328, 108.3196792602539, 55.90999984741211], [735.2662353515625, 59.83284378051758, 277.98583984375, 128.76258850097656, 176.7960662841797, 73.06764221191406, 153.60459899902344, 174.49591064453125, 215.6658172607422, 181.8417510986328, 303.5509338378906, 135.26480102539062, 64.93370056152344], [291.1043395996094, -60.597434997558594, 192.3161163330078, 166.79147338867188, 165.67581176757812, 106.0906982421875, 114.76722717285156, 154.25936889648438, 138.7550506591797, 108.3196792602539, 135.26480102539062, 223.91664123535156, 140.91188049316406], [-100.34613800048828, -80.68729400634766, 105.31671142578125, 105.01472473144531, 128.37237548828125, 44.90409469604492, 56.65623092651367, 88.77519989013672, 70.9649658203125, 55.90999984741211, 64.93370056152344, 140.91188049316406, 185.51123046875]], "lowlevel.mfcc.icov": [[9.313687041867524e-05, 2.8849286536569707e-05, -1.5285711924661882e-05, -3.109719909843989e-05, 7.601405377499759e-05, -2.792752093228046e-05, 0.00013277697144076228, -9.332325862487778e-05, -0.0001131500830524601, -5.598105872195447e-06, -0.0001841667399276048, -7.361217285506427e-05, 0.0002128250926034525], [2.8849286536569707e-05, 0.0003368863253854215, 0.00010535860928939655, -6.588838732568547e-05, -5.35013823537156e-05, -6.84855694998987e-05, -1.2652359146159142e-05, 2.331780342501588e-05, -0.00047284175525419414, 0.0005619993899017572, -0.0002674241259228438, 0.0001422412897227332, 0.0001829858374549076], [-1.5285711924661882e-05, 0.00010535860928939655, 0.001028754166327417, -0.0005395989282988012, -0.0001720587897580117, -0.00031062684138305485, -0.00013013259740546346, -0.00028604126418940723, -7.956758781801909e-05, 0.00022380654991138726, -0.0005333375884220004, 0.0003684038238134235, -3.079661325955385e-07], [-3.109719909843989e-05, -6.588838732568547e-05, -0.0005395989282988012, 0.0025099210906773806, -0.0011563807493075728, 3.0439032343565486e-05, -0.00020648467761930078, -1.7686183127807453e-05, -1.413709469488822e-05, -0.00027825619326904416, 0.0008389267022721469, -0.000906395900528878, 0.00018850831838790327], [7.601405377499759e-05, -5.35013823537156e-05, -0.0001720587897580117, -0.0011563807493075728, 0.0032419124618172646, -0.0004395871364977211, 2.3048465664032847e-05, -0.00034688165760599077, -0.00122433144133538, -0.0003048646613024175, -8.742562204133719e-05, 0.0005361659568734467, -0.0010243112919852138], [-2.792752093228046e-05, -6.84855694998987e-05, -0.00031062684138305485, 3.0439032343565486e-05, -0.0004395871364977211, 0.0036170799285173416, -0.002374633913859725, 0.0005832926253788173, 0.00023637096455786377, -0.001288702362217009, 0.0016112597659230232, -0.0012134583666920662, 0.0006446902407333255], [0.00013277697144076228, -1.2652359146159142e-05, -0.00013013259740546346, -0.00020648467761930078, 2.3048465664032847e-05, -0.002374633913859725, 0.007235586177557707, -0.0032800559420138597, 0.00038709520595148206, 0.0002278993051731959, -0.0019814518745988607, 0.000354150019120425, 0.000383574835723266], [-9.332325862487778e-05, 2.331780342501588e-05, -0.00028604126418940723, -1.7686183127807453e-05, -0.00034688165760599077, 0.0005832926253788173, -0.0032800559420138597, 0.00701540382578969, -0.003322343109175563, 3.19053178827744e-05, 0.0011342307552695274, -0.0012142719933763146, -0.0003378757101017982], [-0.0001131500830524601, -0.00047284175525419414, -7.956758781801909e-05, -1.413709469488822e-05, -0.00122433144133538, 0.00023637096455786377, 0.00038709520595148206, -0.003322343109175563, 0.009450445882976055, -0.0035057137720286846, -0.0017073249910026789, -0.00038578681414946914, 0.00038004867383278906], [-5.598105872195447e-06, 0.0005619993899017572, 0.00022380654991138726, -0.00027825619326904416, -0.0003048646613024175, -0.001288702362217009, 0.0002278993051731959, 3.19053178827744e-05, -0.0035057137720286846, 0.01033032312989235, -0.003631630912423134, 0.00020944973221048713, 4.964953404851258e-05], [-0.0001841667399276048, -0.0002674241259228438, -0.0005333375884220004, 0.0008389267022721469, -8.742562204133719e-05, 0.0016112597659230232, -0.0019814518745988607, 0.0011342307552695274, -0.0017073249910026789, -0.003631630912423134, 0.008636998012661934, -0.003164777299389243, 0.00047317706048488617], [-7.361217285506427e-05, 0.0001422412897227332, 0.0003684038238134235, -0.000906395900528878, 0.0005361659568734467, -0.0012134583666920662, 0.000354150019120425, -0.0012142719933763146, -0.00038578681414946914, 0.00020944973221048713, -0.003164777299389243, 0.012715375050902367, -0.007744602393358946], [0.0002128250926034525, 0.0001829858374549076, -3.079661325955385e-07, 0.00018850831838790327, -0.0010243112919852138, 0.0006446902407333255, 0.000383574835723266, -0.0003378757101017982, 0.00038004867383278906, 4.964953404851258e-05, 0.00047317706048488617, -0.007744602393358946, 0.011632716283202171]], "metadata.audio_properties.analysis.downmix": "mix", "metadata.audio_properties.codec": "mp3", "metadata.audio_properties.md5_encoded": "70bd9a98e360033dbb2856cc32d25934", "metadata.tags.file_name": "1183701034812583946.mp3", "metadata.version.essentia": "2.1-beta6-dev", "metadata.version.essenti