{"song_id": "1183715358264279131", "download": "https://cdn.discordapp.com/attachments/1135911532732108921/1183715358264279131/chirp.mp4?ex=658957d5&amp", "lyrics": "Kiss my lips\nKiss my chicks\nI wanna feel your breath is hot\nGo ahead, my dear creep\nI don't wanna sleep -\nThis is the last and the least thing I want when I'm in your bed\nI wanna stuff my skin with a cotton whool", "style": ["indusrial rock"], "essentia_features": {"lowlevel.average_loudness": 0.984052836894989, "lowlevel.barkbands_crest.mean": 11.098902702331543, "lowlevel.barkbands_crest.stdev": 3.5099422931671143, "lowlevel.barkbands_flatness_db.mean": 0.13027434051036835, "lowlevel.barkbands_flatness_db.stdev": 0.029195886105298996, "lowlevel.barkbands_kurtosis.mean": 0.07241440564393997, "lowlevel.barkbands_kurtosis.stdev": 2.0894930362701416, "lowlevel.barkbands_skewness.mean": 1.1375768184661865, "lowlevel.barkbands_skewness.stdev": 0.6484118700027466, "lowlevel.barkbands_spread.mean": 42.60633087158203, "lowlevel.barkbands_spread.stdev": 9.992238998413086, "lowlevel.dissonance.mean": 0.4896645247936249, "lowlevel.dissonance.stdev": 0.007414776831865311, "lowlevel.dynamic_complexity": 0.9089853763580322, "lowlevel.erbbands_crest.mean": 7.5820441246032715, "lowlevel.erbbands_crest.stdev": 2.1766836643218994, "lowlevel.erbbands_flatness_db.mean": 0.16677609086036682, "lowlevel.erbbands_flatness_db.stdev": 0.03081922046840191, "lowlevel.erbbands_kurtosis.mean": 1.901801347732544, "lowlevel.erbbands_kurtosis.stdev": 1.928778886795044, "lowlevel.erbbands_skewness.mean": -1.4240608215332031, "lowlevel.erbbands_skewness.stdev": 0.5171750783920288, "lowlevel.erbbands_spread.mean": 38.614173889160156, "lowlevel.erbbands_spread.stdev": 11.366209983825684, "lowlevel.hfc.mean": 30.480192184448242, "lowlevel.hfc.stdev": 10.669432640075684, "lowlevel.loudness_ebu128.integrated": -11.312200546264648, "lowlevel.loudness_ebu128.loudness_range": 0.7160005569458008, "lowlevel.loudness_ebu128.momentary.mean": -11.348764419555664, "lowlevel.loudness_ebu128.momentary.stdev": 0.5671218633651733, "lowlevel.loudness_ebu128.short_term.mean": -11.34659481048584, "lowlevel.loudness_ebu128.short_term.stdev": 0.23029567301273346, "lowlevel.melbands_crest.mean": 18.504793167114258, "lowlevel.melbands_crest.stdev": 4.120677947998047, "lowlevel.melbands_flatness_db.mean": 0.1939605325460434, "lowlevel.melbands_flatness_db.stdev": 0.0365292988717556, "lowlevel.melbands_kurtosis.mean": 10.535054206848145, "lowlevel.melbands_kurtosis.stdev": 9.456476211547852, "lowlevel.melbands_skewness.mean": 3.1335151195526123, "lowlevel.melbands_skewness.stdev": 1.124700665473938, "lowlevel.melbands_spread.mean": 35.32630157470703, "lowlevel.melbands_spread.stdev": 14.709359169006348, "lowlevel.pitch_salience.mean": 0.48239052295684814, "lowlevel.pitch_salience.stdev": 0.0984945148229599, "lowlevel.silence_rate_20dB.mean": 1.0, "lowlevel.silence_rate_20dB.stdev": 0.0, "lowlevel.silence_rate_30dB.mean": 1.0, "lowlevel.silence_rate_30dB.stdev": 0.0, "lowlevel.silence_rate_60dB.mean": 0.0008826125413179398, "lowlevel.silence_rate_60dB.stdev": 0.029695682227611542, "lowlevel.spectral_centroid.mean": 2510.44921875, "lowlevel.spectral_centroid.stdev": 336.636474609375, "lowlevel.spectral_complexity.mean": 35.51191711425781, "lowlevel.spectral_complexity.stdev": 7.206515312194824, "lowlevel.spectral_decrease.mean": -8.0430897497763e-09, "lowlevel.spectral_decrease.stdev": 3.201529708007911e-09, "lowlevel.spectral_energy.mean": 0.033121101558208466, "lowlevel.spectral_energy.stdev": 0.012440507300198078, "lowlevel.spectral_energyband_high.mean": 0.0017603085143491626, "lowlevel.spectral_energyband_high.stdev": 0.0010793163673952222, "lowlevel.spectral_energyband_low.mean": 0.019517170265316963, "lowlevel.spectral_energyband_low.stdev": 0.011571649461984634, "lowlevel.spectral_energyband_middle_high.mean": 0.007070793770253658, "lowlevel.spectral_energyband_middle_high.stdev": 0.003235426265746355, "lowlevel.spectral_energyband_middle_low.mean": 0.00628508348017931, "lowlevel.spectral_energyband_middle_low.stdev": 0.006182958837598562, "lowlevel.spectral_entropy.mean": 7.706034183502197, "lowlevel.spectral_entropy.stdev": 0.1736668050289154, "lowlevel.spectral_flux.mean": 0.08692114800214767, "lowlevel.spectral_flux.stdev": 0.03834723308682442, "lowlevel.spectral_kurtosis.mean": 4.139570236206055, "lowlevel.spectral_kurtosis.stdev": 1.7913869619369507, "lowlevel.spectral_rms.mean": 0.005594741553068161, "lowlevel.spectral_rms.stdev": 0.0010060257045552135, "lowlevel.spectral_rolloff.mean": 2558.12060546875, "lowlevel.spectral_rolloff.stdev": 914.844482421875, "lowlevel.spectral_skewness.mean": 0.8520001173019409, "lowlevel.spectral_skewness.stdev": 0.3529287576675415, "lowlevel.spectral_spread.mean": 3295954.75, "lowlevel.spectral_spread.stdev": 843683.0, "lowlevel.spectral_strongpeak.mean": 0.4747217893600464, "lowlevel.spectral_strongpeak.stdev": 0.33078533411026, "lowlevel.zerocrossingrate.mean": 0.07328614592552185, "lowlevel.zerocrossingrate.stdev": 0.017914850264787674, "metadata.audio_properties.analysis.equal_loudness": 0.0, "metadata.audio_properties.analysis.length": 26.2816104888916, "metadata.audio_properties.analysis.sample_rate": 44100.0, "metadata.audio_properties.analysis.start_time": 0.0, "metadata.audio_properties.bit_rate": 126687.0, "metadata.audio_properties.length": 26.28266716003418, "metadata.audio_properties.lossless": 0.0, "metadata.audio_properties.number_channels": 1.0, "metadata.audio_properties.replay_gain": -14.671215057373047, "metadata.audio_properties.sample_rate": 48000.0, "rhythm.beats_count": 44.0, "rhythm.beats_loudness.mean": 0.04363406449556351, "rhythm.beats_loudness.stdev": 0.008036898449063301, "rhythm.bpm": 101.72982025146484, "rhythm.bpm_histogram_first_peak_bpm": 101.0, "rhythm.bpm_histogram_first_peak_weight": 0.6279069781303406, "rhythm.bpm_histogram_second_peak_bpm": 0.0, "rhythm.bpm_histogram_second_peak_spread": 0.0, "rhythm.bpm_histogram_second_peak_weight": 0.0, "rhythm.danceability": 1.572312831878662, "rhythm.onset_rate": 3.308412790298462, "tonal.chords_changes_rate": 0.008818342350423336, "tonal.chords_number_rate": 0.005291005130857229, "tonal.chords_strength.mean": 0.6778145432472229, "tonal.chords_strength.stdev": 0.06415773928165436, "tonal.hpcp_crest.mean": 11.860312461853027, "tonal.hpcp_crest.stdev": 5.559785842895508, "tonal.hpcp_entropy.mean": 2.3831686973571777, "tonal.hpcp_entropy.stdev": 0.7949516177177429, "tonal.key_edma.strength": 0.6737798452377319, "tonal.key_krumhansl.strength": 0.6823550462722778, "tonal.key_temperley.strength": 0.6913418769836426, "tonal.tuning_diatonic_strength": 0.6193715333938599, "tonal.tuning_equal_tempered_deviation": 0.08392275869846344, "tonal.tuning_frequency": 441.5275573730469, "tonal.tuning_nontempered_energy_ratio": 0.7032431364059448, "lowlevel.barkbands.mean": [0.0006368336617015302, 0.00650467025116086, 0.010972533375024796, 0.0023887562565505505, 0.0018545679049566388, 0.0007369943195953965, 0.0003198772028554231, 0.00026524317217990756, 0.0005682804621756077, 0.0002493441279511899, 0.0005288622342050076, 0.0002475182118359953, 0.00016964469978120178, 0.0003034808032680303, 0.0004787915386259556, 0.0007563375402241945, 0.0009473390528000891, 0.001314622233621776, 0.0015357759548351169, 0.00128610257524997, 0.0006640765350311995, 0.00011260045721428469, 7.539840589743108e-05, 0.00011836741032311693, 6.61752637824975e-05, 1.839968899730593e-05, 5.359100896384916e-07], "lowlevel.barkbands.stdev": [0.0008191530941985548, 0.010419409722089767, 0.005684506613761187, 0.0017007692949846387, 0.004949606489390135, 0.0011221733875572681, 0.0006442741141654551, 0.0004423170175869018, 0.0009349515312351286, 0.0007124097319319844, 0.0011387215927243233, 0.0003897959250025451, 0.0002823899849317968, 0.00047969500883482397, 0.0008319069747813046, 0.0008003753027878702, 0.0005895310314372182, 0.0007827524095773697, 0.0009194773738272488, 0.0006326972506940365, 0.0004285249742679298, 0.0001831918052630499, 0.00015618516772519797, 0.0002048424503300339, 9.746784780872986e-05, 3.075812855968252e-05, 1.2336598729234538e-06], "lowlevel.erbbands.mean": [0.14229846000671387, 1.7586581707000732, 9.92037296295166, 12.705324172973633, 6.8733649253845215, 5.689603328704834, 6.891073703765869, 4.069234848022461, 3.1212360858917236, 5.85156774520874, 10.371519088745117, 10.648588180541992, 8.914801597595215, 17.50829315185547, 11.132482528686523, 10.49035930633545, 8.601532936096191, 14.232804298400879, 17.778186798095703, 29.001874923706055, 49.58535385131836, 55.28900909423828, 60.52640914916992, 109.24423217773438, 54.21453857421875, 61.143348693847656, 41.925899505615234, 14.784577369689941, 4.803981781005859, 2.4080257415771484, 2.120670795440674, 2.223606586456299, 2.025510549545288, 0.9863125085830688, 0.29389825463294983, 0.08479557931423187, 0.033580221235752106, 0.005926486104726791, 0.00013395729183685035, 4.565449489746243e-05], "lowlevel.erbbands.stdev": [0.33605775237083435, 2.2750236988067627, 5.512697696685791, 6.296952247619629, 15.315802574157715, 14.49649715423584, 10.795065879821777, 6.118882656097412, 6.410737037658691, 9.48894214630127, 16.939237594604492, 17.978103637695312, 26.3741397857666, 43.39020538330078, 17.375343322753906, 15.871098518371582, 12.641282081604004, 23.667705535888672, 20.411832809448242, 36.768165588378906, 48.494712829589844, 32.76910400390625, 33.74644470214844, 64.03180694580078, 27.269956588745117, 30.173114776611328, 24.313505172729492, 11.836053848266602, 7.023799896240234, 5.292572021484375, 4.231557846069336, 4.317779064178467, 3.3502142429351807, 1.4938368797302246, 0.4269650876522064, 0.133769229054451, 0.05824209749698639, 0.011042756028473377, 0.00020366223179735243, 1.787399742170237e-05], "lowlevel.gfcc.mean": [23.284223556518555, 81.95333099365234, -132.98086547851562, 76.05152893066406, -33.71986770629883, 3.266160726547241, -27.088794708251953, 21.805339813232422, -31.648714065551758, -2.6084766387939453, -17.75263023376465, -14.293045997619629, -8.409957885742188], "lowlevel.melbands.mean": [0.0015934575349092484, 0.004205226898193359, 0.002018541796132922, 0.0004362511681392789, 0.00023340739426203072, 0.000102674872323405, 5.5437179980799556e-05, 5.8384630392538384e-05, 0.00010535112232901156, 6.245393888093531e-05, 4.1164665162796155e-05, 6.455289258155972e-05, 4.9822901928564534e-05, 2.1879832274862565e-05, 3.4002219763351604e-05, 1.2460929610824678e-05, 2.9254872060846537e-05, 2.4841139747877605e-05, 4.153682675678283e-05, 4.056018588016741e-05, 5.9921574575128034e-05, 5.5771146435290575e-05, 5.481223706738092e-05, 5.9304642491042614e-05, 9.622021025279537e-05, 3.972152262576856e-05, 3.8505426346091554e-05, 4.156407521804795e-05, 3.0194072678568773e-05, 1.551364766783081e-05, 5.831877388118301e-06, 2.8445592761272565e-06, 1.542971176604624e-06, 1.2827924820157932e-06, 1.2774996775988257e-06, 1.0341605047869962e-06, 1.5670919992771815e-06, 1.5584384982503252e-06, 1.2617698530448251e-06, 6.552252784786106e-07], "lowlevel.melbands.stdev": [0.002953536808490753, 0.0022518467158079147, 0.0009660316864028573, 0.0011813865276053548, 0.0003718914813362062, 0.00015294244803953916, 0.00011173159145982936, 9.667648555478081e-05, 0.0001825208164518699, 0.0001055104803526774, 0.0001320627925451845, 0.00016176507051568478, 8.79149156389758e-05, 3.199619095539674e-05, 6.990087422309443e-05, 1.9766506738960743e-05, 5.282889469526708e-05, 2.650603164511267e-05, 8.693714335095137e-05, 4.264689050614834e-05, 5.521014827536419e-05, 3.6245884984964505e-05, 3.286360151832923e-05, 3.524183193803765e-05, 5.999439235893078e-05, 2.4058997951215133e-05, 2.09069130505668e-05, 2.3293483536690474e-05, 1.8772559997159988e-05, 1.1220107808185276e-05, 5.746928309235955e-06, 4.16585453422158e-06, 3.3865292152768234e-06, 3.0391379368666094e-06, 2.77915478363866e-06, 2.0475017663557082e-06, 3.1936917821440147e-06, 2.7502096600073855e-06, 1.996628952838364e-06, 9.893442438624334e-07], "lowlevel.melbands128.mean": [0.00031880615279078484, 0.000872777309268713, 0.0021801539696753025, 0.0028774095699191093, 0.004450935870409012, 0.0056575289927423, 0.002822223352268338, 0.0008898545056581497, 0.0006740319076925516, 0.00044745957711711526, 0.00028310049674473703, 0.00020466976275201887, 0.000245213188463822, 0.00025546326651237905, 7.639225077582523e-05, 4.1337651055073366e-05, 3.052257306990214e-05, 4.794412961928174e-05, 0.00010882247443078086, 5.898214294575155e-05, 4.436639210325666e-05, 2.088270957756322e-05, 0.00013596873031929135, 0.00017574803496245295, 4.576799983624369e-05, 3.8429607229772955e-05, 3.312406988698058e-05, 6.508547812700272e-05, 1.9829250959446654e-05, 1.5042205632198602e-05, 0.00010995161574101076, 0.00011243696644669399, 2.3298993255593814e-05, 3.159340121783316e-05, 1.768616675690282e-05, 1.8426317183184437e-05, 2.4727800337132066e-05, 5.4896328947506845e-05, 2.2257474483922124e-05, 1.0503627891012002e-05, 1.2486937521316577e-05, 1.0738533092080615e-05, 2.967667933262419e-05, 4.326978887547739e-05, 2.063365900539793e-05, 2.1884006855543703e-05, 2.4860739358700812e-05, 5.080153277958743e-05, 4.256057945895009e-05, 3.368504985701293e-05, 2.8749595003318973e-05, 6.160740304039791e-05, 7.00919990777038e-05, 5.179025902180001e-05, 5.567483458435163e-05, 5.459274325403385e-05, 5.955981032457203e-05, 5.516490273294039e-05, 5.41939698450733e-05, 5.154922473593615e-05, 3.801210186793469e-05, 6.888682401040569e-05, 0.00014824930985923856, 8.834862819639966e-05, 4.801572868018411e-05, 4.0359558624913916e-05, 3.090424434049055e-05, 3.364318763487972e-05, 4.473989974940196e-05, 3.96867653762456e-05, 4.377733785076998e-05, 4.0669820009497926e-05, 3.3753163734218106e-05, 3.305727295810357e-05, 1.9265620721853338e-05, 1.78401551238494e-05, 1.3315769137989264e-05, 7.954402462928556e-06, 4.739729320135666e-06, 3.6091832953388803e-06, 3.249200517529971e-06, 2.5462843495915877e-06, 1.809283617149049e-06, 1.5754947071400238e-06, 1.1222283546885592e-06, 1.1612467005761573e-06, 1.24903863252257e-06, 1.6677952316968003e-06, 1.2555765351862647e-06, 1.0580512253000052e-06, 1.0996325272571994e-06, 9.871328074950725e-07, 9.816670853979304e-07, 1.4704337445436977e-06, 2.053064918072778e-06, 1.9628980680863606e-06, 1.424893753210199e-06, 9.138128120866895e-07, 1.4613649454986444e-06, 1.4421951846088632e-06, 7.395230454676494e-07, 5.60892260637047e-07, 4.2154238144576084e-07, 4.375472428819194e-07, 2.8521768058453745e-07, 2.513125707537256e-07, 2.542374772929179e-07, 1.7722982192935888e-07, 1.1463782811915735e-07, 9.150365798404891e-08, 1.1202167371493488e-07, 9.394546651719793e-08, 1.0948040340963416e-07, 1.228275721132377e-07, 1.0364338720592059e-07, 7.952399982968927e-08, 2.2663495968799907e-08, 3.8580863503945295e-10, 1.5095072761206474e-11, 6.1635527411063595e-12, 5.8892118612319244e-12, 5.679241365380561e-12, 5.486679686972362e-12, 5.308770784084871e-12, 5.061560545693844e-12, 4.736859342269195e-12, 4.5125149276958876e-12, 4.425921001222077e-12], "lowlevel.melbands128.stdev": [0.0006480429437942803, 0.0026641336735337973, 0.0045437319204211235, 0.0038340913597494364, 0.0031304354779422283, 0.0027760269585996866, 0.0016075358726084232, 0.0007616941002197564, 0.0019514072919264436, 0.001611866056919098, 0.000733473221771419, 0.00045404938282445073, 0.0004155716742388904, 0.0004345746710896492, 0.00014019530499354005, 0.00010767961066449061, 0.00010443789506098256, 0.00013295654207468033, 0.0002421118988422677, 0.0001077049964806065, 0.00012378279643598944, 4.788839214597829e-05, 0.0002690724504645914, 0.00034223904367536306, 0.0001243526057805866, 0.0001353834377368912, 9.743948612594977e-05, 0.0002585107577033341, 5.550869900616817e-05, 4.0712689951760694e-05, 0.0003341033007018268, 0.00026988424360752106, 4.622113556251861e-05, 9.196451719617471e-05, 3.299790478195064e-05, 4.034165613120422e-05, 4.1008515836438164e-05, 0.00014370055578183383, 4.6975423174444586e-05, 1.6721920474083163e-05, 3.7605739635182545e-05, 1.441831591364462e-05, 6.477339775301516e-05, 9.426601172890514e-05, 3.4039283491438255e-05, 2.8039110475219786e-05, 3.4600088838487864e-05, 0.00015227605763357133, 0.00010221104457741603, 3.7156052712816745e-05, 3.0118468202999793e-05, 0.00011388592247385532, 9.064859477803111e-05, 4.903237640974112e-05, 5.432835314422846e-05, 4.731062290375121e-05, 4.7364053898490965e-05, 4.5180269808042794e-05, 4.556251587928273e-05, 4.357694706413895e-05, 3.819730045506731e-05, 5.7067718444159254e-05, 0.00012045778566971421, 7.415586878778413e-05, 3.6289067793404683e-05, 3.2644340535625815e-05, 2.4902359655243345e-05, 2.4930266590672545e-05, 3.0818711820757017e-05, 2.8702776035061106e-05, 3.197294063284062e-05, 2.9905089832027443e-05, 2.6834240998141468e-05, 2.618180587887764e-05, 1.5398232790175825e-05, 1.5215766325127333e-05, 1.2003300071228296e-05, 8.466133294859901e-06, 5.3317453421186656e-06, 5.000047167413868e-06, 4.76801233162405e-06, 4.41084330304875e-06, 3.6522021673590643e-06, 4.276505478628678e-06, 2.6529955903242808e-06, 2.7677840535034193e-06, 3.1335250696429284e-06, 4.749462277686689e-06, 2.690013616302167e-06, 2.1869268493901473e-06, 2.418148824290256e-06, 2.1547809865296585e-06, 2.208452769991709e-06, 3.544346782291541e-06, 4.191561856714543e-06, 3.630367700679926e-06, 3.0426867851929273e-06, 1.488200268795481e-06, 2.372338713030331e-06, 2.4821640636218945e-06, 1.2013630339424708e-06, 8.893725294001342e-07, 6.913245442774496e-07, 7.393445571324264e-07, 4.481126723021589e-07, 4.1840539211079886e-07, 4.181131885161449e-07, 3.0886357649251295e-07, 2.1589306697933353e-07, 1.8433300397191488e-07, 2.3008834659776767e-07, 1.7828571685640782e-07, 2.1639411329488212e-07, 2.366468407899447e-07, 2.0809640943753038e-07, 1.7767122528766777e-07, 4.620804006094659e-08, 1.3645603536005524e-09, 1.1982392855713897e-10, 2.7723918646915813e-11, 2.412444029264993e-11, 2.146333458186156e-11, 1.9407225826384433e-11, 1.7445543273875153e-11, 1.434260783056418e-11, 1.009515821631668e-11, 7.386820322086152e-12, 6.710925651992605e-12], "lowlevel.mfcc.mean": [-609.3446655273438, 95.51197052001953, -22.950162887573242, 66.35401153564453, 18.198341369628906, -2.9949464797973633, 22.01307487487793, 4.366007328033447, 11.51463508605957, 4.770056247711182, -5.907619476318359, 5.4281182289123535, -6.303642272949219], "lowlevel.spectral_contrast_coeffs.mean": [-0.6683872938156128, -0.7750250101089478, -0.7957950234413147, -0.7829948663711548, -0.7845165133476257, -0.7126805782318115], "lowlevel.spectral_contrast_coeffs.stdev": [0.05756160244345665, 0.061561763286590576, 0.0628974437713623, 0.04052441194653511, 0.02111738733947277, 0.046810414642095566], "lowlevel.spectral_contrast_valleys.mean": [-6.511664390563965, -7.115838527679443, -7.474649906158447, -7.212158203125, -6.1910624504089355, -10.237887382507324], "lowlevel.spectral_contrast_valleys.stdev": [0.43555009365081787, 0.40029609203338623, 0.37947556376457214, 0.35729989409446716, 0.23548948764801025, 0.9176526069641113], "rhythm.beats_loudness_band_ratio.mean": [0.6945352554321289, 0.15731513500213623, 0.02728862129151821, 0.03218197450041771, 0.0961257666349411, 0.10039584338665009], "rhythm.beats_loudness_band_ratio.stdev": [0.1047884076833725, 0.15548497438430786, 0.02461252175271511, 0.025834031403064728, 0.029499465599656105, 0.048761483281850815], "tonal.hpcp.mean": [0.030109640210866928, 0.033543601632118225, 0.2103780061006546, 0.48771244287490845, 0.33336442708969116, 0.059723369777202606, 0.05565980449318886, 0.08234427124261856, 0.25575539469718933, 0.3400283753871918, 0.16279242932796478, 0.05666831135749817, 0.05017765238881111, 0.036746323108673096, 0.03328690677881241, 0.04507674276828766, 0.07124828547239304, 0.20284265279769897, 0.24720756709575653, 0.11032193154096603, 0.04282839223742485, 0.03590439632534981, 0.03833294287323952, 0.0802803784608841, 0.1021660640835762, 0.06958115100860596, 0.03792906180024147, 0.02654130943119526, 0.03703346848487854, 0.08208239078521729, 0.11954869329929352, 0.08815371990203857, 0.050992731004953384, 0.0414196141064167, 0.03407987207174301, 0.03391999751329422], "tonal.hpcp.stdev": [0.11476430296897888, 0.11909793317317963, 0.24678629636764526, 0.4527086019515991, 0.3299083709716797, 0.16946184635162354, 0.1659868210554123, 0.21647760272026062, 0.3318461775779724, 0.4340919256210327, 0.227223202586174, 0.13065670430660248, 0.14009486138820648, 0.10992629826068878, 0.09906300157308578, 0.12837976217269897, 0.1439017355442047, 0.2519219219684601, 0.277990460395813, 0.1454867422580719, 0.10782274603843689, 0.09410721808671951, 0.077398382127285, 0.15317246317863464, 0.1737505942583084, 0.12464004755020142, 0.09114594757556915, 0.07327510416507721, 0.07926054298877716, 0.13812261819839478, 0.19616734981536865, 0.15743468701839447, 0.1150050088763237, 0.11210115998983383, 0.09347112476825714, 0.10500989109277725], "rhythm.beats_position": [0.5688889026641846, 1.1377778053283691, 1.7414965629577637, 2.345215320587158, 2.9489340782165527, 3.5526530742645264, 4.14476203918457, 4.736870765686035, 5.34058952331543, 5.9326982498168945, 6.524806976318359, 7.105306148529053, 7.709024906158447, 8.312743186950684, 8.904852867126465, 9.49696159362793, 10.077460289001465, 10.657958984375, 11.238457679748535, 11.81895637512207, 12.399456024169922, 12.979954719543457, 13.560453414916992, 14.140952110290527, 14.721450805664062, 15.325169563293457, 15.905668258666992, 16.497777938842773, 17.089885711669922, 17.693605422973633, 18.28571319580078, 18.877822875976562, 19.458322525024414, 20.038820266723633, 20.630929946899414, 21.223037719726562, 21.803537368774414, 22.407255172729492, 22.987754821777344, 23.568254470825195, 24.160362243652344, 24.752471923828125, 25.344579696655273, 25.936689376831055], "rhythm.bpm_histogram": [0.0, 0.0, 0.0, 0.0, 0.0, 0.0, 0.0, 0.0, 0.0, 0.0, 0.0, 0.0, 0.0, 0.0, 0.0, 0.0, 0.0, 0.0, 0.0, 0.0, 0.0, 0.0, 0.0, 0.0, 0.0, 0.0, 0.0, 0.0, 0.0, 0.0, 0.0, 0.0, 0.0, 0.0, 0.0, 0.0, 0.0, 0.0, 0.0, 0.0, 0.0, 0.0, 0.0, 0.0, 0.0, 0.0, 0.0, 0.0, 0.0, 0.0, 0.0, 0.0, 0.0, 0.0, 0.0, 0.0, 0.0, 0.0, 0.0, 0.0, 0.0, 0.0, 0.0, 0.0, 0.0, 0.0, 0.0, 0.0, 0.0, 0.0, 0.0, 0.0, 0.0, 0.0, 0.0, 0.0, 0.0, 0.0, 0.0, 0.0, 0.0, 0.0, 0.0, 0.0, 0.0, 0.0, 0.0, 0.0, 0.0, 0.0, 0.0, 0.0, 0.0, 0.0, 0.0, 0.0, 0.0, 0.0, 0.0, 0.23255814611911774, 0.0, 0.3720930218696594, 0.0, 0.3720930218696594, 0.0, 0.023255813866853714, 0.0, 0.0, 0.0, 0.0, 0.0, 0.0, 0.0, 0.0, 0.0, 0.0, 0.0, 0.0, 0.0, 0.0, 0.0, 0.0, 0.0, 0.0, 0.0, 0.0, 0.0, 0.0, 0.0, 0.0, 0.0, 0.0, 0.0, 0.0, 0.0, 0.0, 0.0, 0.0, 0.0, 0.0, 0.0, 0.0, 0.0, 0.0, 0.0, 0.0, 0.0, 0.0, 0.0, 0.0, 0.0, 0.0, 0.0, 0.0, 0.0, 0.0, 0.0, 0.0, 0.0, 0.0, 0.0, 0.0, 0.0, 0.0, 0.0, 0.0, 0.0, 0.0, 0.0, 0.0, 0.0, 0.0, 0.0, 0.0, 0.0, 0.0, 0.0, 0.0, 0.0, 0.0, 0.0, 0.0, 0.0, 0.0, 0.0, 0.0, 0.0, 0.0, 0.0, 0.0, 0.0, 0.0, 0.0, 0.0, 0.0, 0.0, 0.0, 0.0, 0.0, 0.0, 0.0, 0.0, 0.0, 0.0, 0.0, 0.0, 0.0, 0.0, 0.0, 0.0, 0.0, 0.0, 0.0, 0.0, 0.0, 0.0, 0.0, 0.0, 0.0, 0.0, 0.0, 0.0, 0.0, 0.0, 0.0, 0.0, 0.0, 0.0, 0.0, 0.0, 0.0, 0.0, 0.0, 0.0, 0.0, 0.0, 0.0, 0.0, 0.0, 0.0, 0.0, 0.0, 0.0, 0.0, 0.0, 0.0, 0.0, 0.0, 0.0, 0.0], "tonal.chords_histogram": [44.97354507446289, 0.0, 0.0, 0.0, 0.0, 0.0, 7.407407283782959, 0.35273367166519165, 0.0, 0.0, 0.0, 0.0, 0.0, 0.0, 0.0, 0.0, 0.0, 0.0, 0.0, 0.0, 0.0, 0.0, 0.0, 47.26631546020508], "tonal.thpcp": [1.0, 0.6835265755653381, 0.12245611101388931, 0.11412422358989716, 0.1688377559185028, 0.5243979096412659, 0.6971902847290039, 0.333787739276886, 0.1161920577287674, 0.10288368165493011, 0.07534424215555191, 0.06825108826160431, 0.09242483973503113, 0.1460866630077362, 0.41590625047683716, 0.5068715810775757, 0.2262028306722641, 0.08781484514474869, 0.07361796498298645, 0.07859742641448975, 0.16460596024990082, 0.20948012173175812, 0.14266839623451233, 0.07776931673288345, 0.054419998079538345, 0.07593300193548203, 0.1683007925748825, 0.24512127041816711, 0.18074937164783478, 0.1045549139380455, 0.0849262997508049, 0.06987697631120682, 0.06954917311668396, 0.06173646077513695, 0.0687774196267128, 0.43135663866996765], "lowlevel.gfcc.cov": [[817.6148681640625, -559.195556640625, 304.52703857421875, -142.39691162109375, -90.5599594116211, 216.1990509033203, -168.18556213378906, 31.38825798034668, -104.57342529296875, 59.43118667602539, -104.72283172607422, 139.3282470703125, -99.16454315185547], [-559.195556640625, 762.9443359375, -452.30950927734375, 1.9228110313415527, 77.93480682373047, -235.41444396972656, 209.9142608642578, -97.73100280761719, 96.92305755615234, -69.85354614257812, 88.83731079101562, -134.80364990234375, 136.8649139404297], [304.52703857421875, -452.30950927734375, 449.6622619628906, 40.42961883544922, -18.252552032470703, 111.8191909790039, -154.46206665039062, 92.70714569091797, -44.88071060180664, 70.08819580078125, -60.38816833496094, 98.41590881347656, -76.66767120361328], [-142.39691162109375, 1.9228110313415527, 40.42961883544922, 202.8343505859375, -39.20388412475586, -23.879348754882812, -21.145835876464844, -16.77442741394043, 64.52986145019531, -22.334003448486328, 48.263145446777344, -27.161775588989258, -0.26236242055892944], [-90.5599594116211, 77.93480682373047, -18.252552032470703, -39.20388412475586, 185.5480194091797, -10.410011291503906, 84.74479675292969, 55.145267486572266, 2.9594244956970215, 59.27968215942383, -2.79811429977417, 10.293145179748535, 12.754785537719727], [216.1990509033203, -235.41444396972656, 111.8191909790039, -23.879348754882812, -10.410011291503906, 208.32423400878906, -7.003215789794922, 31.74961280822754, -30.098798751831055, 8.253459930419922, 3.361358642578125, 38.135398864746094, -30.232357025146484], [-168.18556213378906, 209.9142608642578, -154.46206665039062, -21.145835876464844, 84.74479675292969, -7.003215789794922, 193.6227569580078, 39.012184143066406, 39.55178451538086, 2.9122073650360107, 26.384536743164062, -29.11276626586914, 32.36550521850586], [31.38825798034668, -97.73100280761719, 92.70714569091797, -16.77442741394043, 55.145267486572266, 31.74961280822754, 39.012184143066406, 133.6289520263672, 27.555830001831055, 50.66219711303711, -16.062782287597656, 14.636669158935547, -18.770191192626953], [-104.57342529296875, 96.92305755615234, -44.88071060180664, 64.52986145019531, 2.9594244956970215, -30.098798751831055, 39.55178451538086, 27.555830001831055, 108.47264862060547, 12.155303001403809, 28.900592803955078, -31.12851905822754, 10.058480262756348], [59.43118667602539, -69.85354614257812, 70.08819580078125, -22.334003448486328, 59.27968215942383, 8.253459930419922, 2.9122073650360107, 50.66219711303711, 12.155303001403809, 86.61376953125, 1.1207401752471924, 30.665260314941406, -24.462087631225586], [-104.72283172607422, 88.83731079101562, -60.38816833496094, 48.263145446777344, -2.79811429977417, 3.361358642578125, 26.384536743164062, -16.062782287597656, 28.900592803955078, 1.1207401752471924, 83.62386322021484, -10.70964527130127, 17.285409927368164], [139.3282470703125, -134.80364990234375, 98.41590881347656, -27.161775588989258, 10.293145179748535, 38.135398864746094, -29.11276626586914, 14.636669158935547, -31.12851905822754, 30.665260314941406, -10.70964527130127, 79.88395690917969, -14.464241981506348], [-99.16454315185547, 136.8649139404297, -76.66767120361328, -0.26236242055892944, 12.754785537719727, -30.232357025146484, 32.36550521850586, -18.770191192626953, 10.058480262756348, -24.462087631225586, 17.285409927368164, -14.464241981506348, 60.00122833251953]], "lowlevel.gfcc.icov": [[0.0045439451932907104, 0.0006968968082219362, 0.0003880871518049389, 0.002019565785303712, 0.002332179108634591, -0.0031327158212661743, 0.0013795357663184404, 0.0009302240214310586, -0.0007758173742331564, -0.002589060226455331, 0.003631659783422947, -0.0036453278735280037, 0.001047053374350071], [0.0006968968082219362, 0.01746634766459465, -0.0019638107623904943, 0.00922144204378128, -0.004757768474519253, 0.013176469132304192, -0.011432782746851444, 0.012274551205337048, -0.009430627338588238, 0.00644223066046834, -0.011777685023844242, 0.011622325517237186, -0.013099100440740585], [0.0003880871518049389, -0.0019638107623904943, 0.010619907639920712, -0.007018242031335831, 0.0013945827959105372, -0.0051042609848082066, 0.0076371137984097, -0.0081643620505929, 0.004836483858525753, -0.0057925814762711525, 0.007614203728735447, -0.007440852001309395, 0.0019584461115300655], [0.002019565785303712, 0.00922144204378128, -0.007018242031335831, 0.01740294322371483, -0.002815326675772667, 0.008206875063478947, -0.0066401176154613495, 0.01055644266307354, -0.012594870291650295, 0.009641734883189201, -0.012764519080519676, 0.0077608199790120125, -0.0033801498357206583], [0.002332179108634591, -0.004757768474519253, 0.0013945827959105372, -0.002815326675772667, 0.013420904986560345, -0.005369772203266621, 2.940814374596812e-05, -0.00465058721601963, 0.005961408372968435, -0.012464270927011967, 0.007862778380513191, -0.0049286410212516785, -8.681816689204425e-05], [-0.0031327158212661743, 0.013176469132304192, -0.0051042609848082066, 0.008206875063478947, -0.005369772203266621, 0.020267516374588013, -0.012455516494810581, 0.008880579844117165, -0.006615832448005676, 0.010948939248919487, -0.016506172716617584, 0.011214964091777802, -0.00783773697912693], [0.0013795357663184404, -0.011432782746851444, 0.0076371137984097, -0.0066401176154613495, 2.940814374596812e-05, -0.012455516494810581, 0.02125553786754608, -0.01411469280719757, 0.005106217227876186, -0.004098805598914623, 0.00954982079565525, -0.010790414176881313, 0.008045421913266182], [0.0009302240214310586, 0.012274551205337048, -0.0081643620505929, 0.01055644266307354, -0.00465058721601963, 0.008880579844117165, -0.01411469280719757, 0.025819016620516777, -0.01291651464998722, 0.002109411172568798, -0.007498522754758596, 0.010950819589197636, -0.007868115790188313], [-0.0007758173742331564, -0.009430627338588238, 0.004836483858525753, -0.012594870291650295, 0.005961408372968435, -0.006615832448005676, 0.005106217227876186, -0.01291651464998722, 0.024228408932685852, -0.01189407054334879, 0.006924464367330074, -0.002629929454997182, 0.003418924519792199], [-0.002589060226455331, 0.00644223066046834, -0.0057925814762711525, 0.009641734883189201, -0.012464270927011967, 0.010948939248919487, -0.004098805598914623, 0.002109411172568798, -0.01189407054334879, 0.03533363714814186, -0.01648755744099617, 0.0009948984952643514, 0.006092681083828211], [0.003631659783422947, -0.011777685023844242, 0.007614203728735447, -0.012764519080519676, 0.007862778380513191, -0.016506172716617584, 0.00954982079565525, -0.007498522754758596, 0.006924464367330074, -0.01648755744099617, 0.033542316406965256, -0.013932841829955578, 0.004151009954512119], [-0.0036453278735280037, 0.011622325517237186, -0.007440852001309395, 0.0077608199790120125, -0.0049286410212516785, 0.011214964091777802, -0.010790414176881313, 0.010950819589197636, -0.002629929454997182, 0.0009948984952643514, -0.013932841829955578, 0.034007202833890915, -0.01300630159676075], [0.001047053374350071, -0.013099100440740585, 0.0019584461115300655, -0.0033801498357206583, -8.681816689204425e-05, -0.00783773697912693, 0.008045421913266182, -0.007868115790188313, 0.003418924519792199, 0.006092681083828211, 0.004151009954512119, -0.01300630159676075, 0.03761167451739311]], "lowlevel.mfcc.cov": [[652.175537109375, -351.71685791015625, 218.0443572998047, -236.67678833007812, 13.029364585876465, 85.52584075927734, -66.72016143798828, 31.169998168945312, -78.16654968261719, -37.83742141723633, 15.275078773498535, -84.97560119628906, -5.341253280639648], [-351.71685791015625, 616.9208374023438, -420.8097839355469, 121.73284149169922, -114.63075256347656, -58.2000617980957, 69.28585052490234, -58.55991744995117, 85.02617645263672, 21.410194396972656, -33.782562255859375, 17.57440185546875, -6.027690887451172], [218.0443572998047, -420.8097839355469, 440.6436767578125, -64.2069091796875, 100.72157287597656, 17.97654914855957, -81.16102600097656, 30.141252517700195, -66.30270385742188, -22.705026626586914, 19.570524215698242, -17.692258834838867, 4.315639019012451], [-236.67678833007812, 121.73284149169922, -64.2069091796875, 220.62351989746094, -7.221686363220215, -49.178104400634766, -29.24942970275879, -26.10260581970215, 26.54462432861328, 15.806920051574707, 0.9400869011878967, 58.38798141479492, 19.99570083618164], [13.029364585876465, -114.63075256347656, 100.72157287597656, -7.221686363220215, 121.87872314453125, 2.9005982875823975, 0.8897238373756409, -4.96938419342041, -1.3743079900741577, 4.4861674308776855, 14.063029289245605, 10.348686218261719, 8.211846351623535], [85.52584075927734, -58.2000617980957, 17.97654914855957, -49.178104400634766, 2.9005982875823975, 101.33052825927734, 18.27577018737793, 24.987079620361328, -25.053897857666016, -0.854914128780365, 9.321003913879395, -20.30487632751465, -1.0281184911727905], [-66.72016143798828, 69.28585052490234, -81.16102600097656, -29.24942970275879, 0.8897238373756409, 18.27577018737793, 133.5060577392578, 23.615461349487305, 37.783817291259766, 4.548126220703125, 12.953897476196289, 17.698816299438477, -1.0330066680908203], [31.169998168945312, -58.55991744995117, 30.141252517700195, -26.10260581970215, -4.96938419342041, 24.987079620361328, 23.615461349487305, 78.2668685913086, 21.40274429321289, 24.573232650756836, 10.537256240844727, 0.7083308100700378, 5.839455604553223], [-78.16654968261719, 85.02617645263672, -66.30270385742188, 26.54462432861328, -1.3743079900741577, -25.053897857666016, 37.783817291259766, 21.40274429321289, 94.84814453125, 38.74257278442383, 12.852822303771973, 12.66474437713623, 6.418811798095703], [-37.83742141723633, 21.410194396972656, -22.705026626586914, 15.806920051574707, 4.4861674308776855, -0.854914128780365, 4.548126220703125, 24.573232650756836, 38.74257278442383, 81.6240005493164, 28.170141220092773, 25.391080856323242, 9.425946235656738], [15.275078773498535, -33.782562255859375, 19.570524215698242, 0.9400869011878967, 14.063029289245605, 9.321003913879395, 12.953897476196289, 10.537256240844727, 12.852822303771973, 28.170141220092773, 56.979183197021484, 29.501420974731445, 17.377471923828125], [-84.97560119628906, 17.57440185546875, -17.692258834838867, 58.38798141479492, 10.348686218261719, -20.30487632751465, 17.698816299438477, 0.7083308100700378, 12.66474437713623, 25.391080856323242, 29.501420974731445, 79.82506561279297, 32.77998352050781], [-5.341253280639648, -6.027690887451172, 4.315639019012451, 19.99570083618164, 8.211846351623535, -1.0281184911727905, -1.0330066680908203, 5.839455604553223, 6.418811798095703, 9.425946235656738, 17.377471923828125, 32.77998352050781, 57.15810775756836]], "lowlevel.mfcc.icov": [[0.004196701571345329, 0.0017717458540573716, 0.00043132423888891935, 0.003466326743364334, 0.0012221188517287374, -0.0010691265342757106, 0.0022686407901346684, 0.0005007034633308649, -0.0003805537417065352, 0.0010412521660327911, -0.0019002566114068031, 0.0017065571155399084, -0.0014011063612997532], [0.0017717458540573716, 0.006948933936655521, 0.00448259711265564, -0.00024365144781768322, 0.002562094246968627, 0.0005814461037516594, -0.0005930798361077905, 0.0035801755730062723, -0.0019460999174043536, -0.0008269094978459179, 0.0009612207068130374, 0.002185388468205929, -0.0012795929796993732], [0.00043132423888891935, 0.00448259711265564, 0.007661384996026754, 4.122527752770111e-05, -0.0022399912122637033, 0.0016266952734440565, 0.0022350263316184282, -0.0015552770346403122, 0.0010657543316483498, 0.0012346685398370028, -0.0015692595625296235, 0.0014707207446917892, -0.00021914904937148094], [0.003466326743364334, -0.00024365144781768322, 4.122527752770111e-05, 0.010788868181407452, 0.0004196223453618586, -0.0008549827616661787, 0.005677950568497181, 0.0007326154154725373, -0.002631701063364744, 0.002120880177244544, -2.172608219552785e-05, -0.005830203182995319, -0.0002310790296178311], [0.0012221188517287374, 0.002562094246968627, -0.0022399912122637033, 0.0004196223453618586, 0.012723498977720737, -0.0010839671595022082, -0.0021168712992221117, 0.005565804895013571, -0.002723962301388383, -0.0017205114709213376, 0.000438489398220554, -0.0001319949806202203, -0.001515609328635037], [-0.0010691265342757106, 0.0005814461037516594, 0.0016266952734440565, -0.0008549827616661787, -0.0010839671595022082, 0.015746651217341423, -0.003881703829392791, -0.004708785098046064, 0.007392535917460918, -0.0021572415716946125, -0.0038262223824858665, 0.00654963543638587, -0.0020797813776880503], [0.0022686407901346684, -0.0005930798361077905, 0.0022350263316184282, 0.005677950568497181, -0.0021168712992221117, -0.003881703829392791, 0.015309709124267101, -0.004161748103797436, -0.005421842914074659, 0.0064657810144126415, -0.002887628972530365, -0.006599681451916695, 0.0031359519343823195], [0.0005007034633308649, 0.0035801755730062723, -0.0015552770346403122, 0.0007326154154725373, 0.005565804895013571, -0.004708785098046064, -0.004161748103797436, 0.02263307385146618, -0.006540813483297825, -0.006246346514672041, 0.003847908228635788, 0.00032885224209167063, -0.002580175409093499], [-0.0003805537417065352, -0.0019460999174043536, 0.0010657543316483498, -0.002631701063364744, -0.002723962301388383, 0.007392535917460918, -0.005421842914074659, -0.006540813483297825, 0.021713171154260635, -0.007286943029612303, -0.0035870650317519903, 0.006855841260403395, -0.0023839722853153944], [0.0010412521660327911, -0.0008269094978459179, 0.0012346685398370028, 0.002120880177244544, -0.0017205114709213376, -0.0021572415716946125, 0.0064657810144126415, -0.006246346514672041, -0.007286943029612303, 0.022165704518556595, -0.007965526543557644, -0.005922661162912846, 0.0031196223571896553], [-0.0019002566114068031, 0.0009612207068130374, -0.0015692595625296235, -2.172608219552785e-05, 0.000438489398220554, -0.0038262223824858665, -0.002887628972530365, 0.003847908228635788, -0.0035870650317519903, -0.007965526543557644, 0.0303246658295393, -0.010199223645031452, -0.0021810485050082207], [0.0017065571155399084, 0.002185388468205929, 0.0014707207446917892, -0.005830203182995319, -0.0001319949806202203, 0.00654963543638587, -0.006599681451916695, 0.00032885224209167063, 0.006855841260403395, -0.005922661162912846, -0.010199223645031452, 0.031208466738462448, -0.012287953868508339], [-0.0014011063612997532, -0.0012795929796993732, -0.00021914904937148094, -0.0002310790296178311, -0.001515609328635037, -0.0020797813776880503, 0.0031359519343823195, -0.002580175409093499, -0.0023839722853153944, 0.0031196223571896553, -0.0021810485050082207, -0.012287953868508339, 0.02529091015458107]], "metadata.audio_properties.analysis.downmix": "mix", "metadata.audio_properties.codec": "mp3", "metadata.audio_properties.md5_encoded": "d48192fdf0f6102a1efab7c617314beb", "metadata.tags.file_name": "1183715358264279131.mp3", "metadata.version.essentia": "2.1-beta6-dev", "metadata.version.essentia_git_sha": "v2.1_beta5-1110-g77a6a954", "metadata.version.extractor": "music 2.0", "tonal.chords_key": "C", "tonal.chords_scale": "minor", "tonal.key_edma.key": "Eb", "tonal.key_edma.scale": "major", "tonal.key_krumhansl.key": "Eb", "tonal.key_krumhansl.scale": "major", "tonal.key_temperley.key": "Eb", "tonal.key_temperley.scale": "major", "metadata.tags.encoding": ["Lavf58.45.100"]}, "essentia_models": [{"model_name": "genre_dortmund", "activations": {"alternative": "0.0282248", "blues": "0.000520567", "electronic": "0.0010556818", "folkcountry": "0.00015972214", "funksoulrnb": "0.0003321004", "jazz": "7.00124e-05", "pop": "0.0002395811", "raphiphop": "7.347614e-05", "rock": "0.9490997"}}, {"model_name": "genre_rosamerica", "activations": {"classic": "0.0006951478", "dance": "3.7133297e-05", "hip hop": "0.000386427", "jazz": "0.0006482679", "pop": "0.0018155688", "rhythm and blues": "0.00072451064", "rock": "0.9990663", "speech": "1.6198708e-05"}}, {"model_name": "genre_tzanetakis