{"song_id": "1183702469788840006", "download": "https://cdn.discordapp.com/attachments/1135911532732108921/1183702469788840006/chirp.mp4?ex=65894bd4&amp", "lyrics": "[Verse 1]\nIn the Gallagher's world, the chaos starts\nShameless, the series that steals our hearts\nFrom Frank to Fiona, their wild lives unwind\nThey're dysfunctional, but love's what we find\n\n[Chorus]\nShameless, oh Shameless, the madness goes on\nThrough laughter and tears, we'll keep holding on\nCrazy and wild, their stories entertain\nShameless, oh Shameless, let's dive in again", "style": ["random"], "essentia_features": {"lowlevel.average_loudness": 0.9639095067977905, "lowlevel.barkbands_crest.mean": 11.365766525268555, "lowlevel.barkbands_crest.stdev": 5.042339324951172, "lowlevel.barkbands_flatness_db.mean": 0.16154785454273224, "lowlevel.barkbands_flatness_db.stdev": 0.06300195306539536, "lowlevel.barkbands_kurtosis.mean": 13.444235801696777, "lowlevel.barkbands_kurtosis.stdev": 51.849388122558594, "lowlevel.barkbands_skewness.mean": 2.1141748428344727, "lowlevel.barkbands_skewness.stdev": 2.6885249614715576, "lowlevel.barkbands_spread.mean": 23.748882293701172, "lowlevel.barkbands_spread.stdev": 19.005760192871094, "lowlevel.dissonance.mean": 0.4554077088832855, "lowlevel.dissonance.stdev": 0.034337304532527924, "lowlevel.dynamic_complexity": 4.744192123413086, "lowlevel.erbbands_crest.mean": 9.444992065429688, "lowlevel.erbbands_crest.stdev": 3.9528181552886963, "lowlevel.erbbands_flatness_db.mean": 0.1690504103899002, "lowlevel.erbbands_flatness_db.stdev": 0.054475292563438416, "lowlevel.erbbands_kurtosis.mean": 1.2698631286621094, "lowlevel.erbbands_kurtosis.stdev": 3.7955071926116943, "lowlevel.erbbands_skewness.mean": 0.35580235719680786, "lowlevel.erbbands_skewness.stdev": 1.2038707733154297, "lowlevel.erbbands_spread.mean": 47.12519836425781, "lowlevel.erbbands_spread.stdev": 26.766624450683594, "lowlevel.hfc.mean": 22.93778419494629, "lowlevel.hfc.stdev": 26.350948333740234, "lowlevel.loudness_ebu128.integrated": -15.723615646362305, "lowlevel.loudness_ebu128.loudness_range": 2.9654407501220703, "lowlevel.loudness_ebu128.momentary.mean": -16.994775772094727, "lowlevel.loudness_ebu128.momentary.stdev": 3.9410016536712646, "lowlevel.loudness_ebu128.short_term.mean": -16.038681030273438, "lowlevel.loudness_ebu128.short_term.stdev": 1.0423433780670166, "lowlevel.melbands_crest.mean": 15.344338417053223, "lowlevel.melbands_crest.stdev": 6.02421236038208, "lowlevel.melbands_flatness_db.mean": 0.20476478338241577, "lowlevel.melbands_flatness_db.stdev": 0.0865960493683815, "lowlevel.melbands_kurtosis.mean": 34.31365966796875, "lowlevel.melbands_kurtosis.stdev": 101.52342224121094, "lowlevel.melbands_skewness.mean": 3.537851095199585, "lowlevel.melbands_skewness.stdev": 3.170917510986328, "lowlevel.melbands_spread.mean": 30.720876693725586, "lowlevel.melbands_spread.stdev": 39.406341552734375, "lowlevel.pitch_salience.mean": 0.5425030589103699, "lowlevel.pitch_salience.stdev": 0.14353452622890472, "lowlevel.silence_rate_20dB.mean": 1.0, "lowlevel.silence_rate_20dB.stdev": 0.0, "lowlevel.silence_rate_30dB.mean": 0.8947716951370239, "lowlevel.silence_rate_30dB.stdev": 0.3068463206291199, "lowlevel.silence_rate_60dB.mean": 0.22369292378425598, "lowlevel.silence_rate_60dB.stdev": 0.41671568155288696, "lowlevel.spectral_centroid.mean": 1460.48974609375, "lowlevel.spectral_centroid.stdev": 1032.32470703125, "lowlevel.spectral_complexity.mean": 13.358702659606934, "lowlevel.spectral_complexity.stdev": 10.017637252807617, "lowlevel.spectral_decrease.mean": -8.700665965477583e-09, "lowlevel.spectral_decrease.stdev": 1.7801754736979092e-08, "lowlevel.spectral_energy.mean": 0.03491884842514992, "lowlevel.spectral_energy.stdev": 0.06833673268556595, "lowlevel.spectral_energyband_high.mean": 0.0017668682849034667, "lowlevel.spectral_energyband_high.stdev": 0.0029288618825376034, "lowlevel.spectral_energyband_low.mean": 0.021689927205443382, "lowlevel.spectral_energyband_low.stdev": 0.06486048549413681, "lowlevel.spectral_energyband_middle_high.mean": 0.0033367828000336885, "lowlevel.spectral_energyband_middle_high.stdev": 0.005416046362370253, "lowlevel.spectral_energyband_middle_low.mean": 0.010101311840116978, "lowlevel.spectral_energyband_middle_low.stdev": 0.013357879593968391, "lowlevel.spectral_entropy.mean": 7.580304145812988, "lowlevel.spectral_entropy.stdev": 0.6093013286590576, "lowlevel.spectral_flux.mean": 0.09693986177444458, "lowlevel.spectral_flux.stdev": 0.11406063288450241, "lowlevel.spectral_kurtosis.mean": 3.828681707382202, "lowlevel.spectral_kurtosis.stdev": 5.724953651428223, "lowlevel.spectral_rms.mean": 0.004365443717688322, "lowlevel.spectral_rms.stdev": 0.0038742816541343927, "lowlevel.spectral_rolloff.mean": 2177.39306640625, "lowlevel.spectral_rolloff.stdev": 2621.087646484375, "lowlevel.spectral_skewness.mean": 1.394628643989563, "lowlevel.spectral_skewness.stdev": 0.8022336363792419, "lowlevel.spectral_spread.mean": 5526216.0, "lowlevel.spectral_spread.stdev": 1666751.125, "lowlevel.spectral_strongpeak.mean": 0.8534795045852661, "lowlevel.spectral_strongpeak.stdev": 1.0730372667312622, "lowlevel.zerocrossingrate.mean": 0.08273927122354507, "lowlevel.zerocrossingrate.stdev": 0.06716999411582947, "metadata.audio_properties.analysis.equal_loudness": 0.0, "metadata.audio_properties.analysis.length": 35.0506591796875, "metadata.audio_properties.analysis.sample_rate": 44100.0, "metadata.audio_properties.analysis.start_time": 0.0, "metadata.audio_properties.bit_rate": 122473.0, "metadata.audio_properties.length": 35.05066680908203, "metadata.audio_properties.lossless": 0.0, "metadata.audio_properties.number_channels": 1.0, "metadata.audio_properties.replay_gain": -10.86080551147461, "metadata.audio_properties.sample_rate": 48000.0, "rhythm.beats_count": 57.0, "rhythm.beats_loudness.mean": 0.18510954082012177, "rhythm.beats_loudness.stdev": 0.06417560577392578, "rhythm.bpm": 99.5245361328125, "rhythm.bpm_histogram_first_peak_bpm": 99.0, "rhythm.bpm_histogram_first_peak_weight": 0.08928573131561279, "rhythm.bpm_histogram_second_peak_bpm": 0.0, "rhythm.bpm_histogram_second_peak_spread": 0.0, "rhythm.bpm_histogram_second_peak_weight": 0.0, "rhythm.danceability": 1.5838598012924194, "rhythm.onset_rate": 4.077124118804932, "tonal.chords_changes_rate": 0.01587301678955555, "tonal.chords_number_rate": 0.003968254197388887, "tonal.chords_strength.mean": 0.5992028117179871, "tonal.chords_strength.stdev": 0.08794010430574417, "tonal.hpcp_crest.mean": 17.78296661376953, "tonal.hpcp_crest.stdev": 8.586978912353516, "tonal.hpcp_entropy.mean": 1.6207308769226074, "tonal.hpcp_entropy.stdev": 0.8575239777565002, "tonal.key_edma.strength": 0.6701613664627075, "tonal.key_krumhansl.strength": 0.6694411635398865, "tonal.key_temperley.strength": 0.6512834429740906, "tonal.tuning_diatonic_strength": 0.5184026956558228, "tonal.tuning_equal_tempered_deviation": 0.26098746061325073, "tonal.tuning_frequency": 434.193115234375, "tonal.tuning_nontempered_energy_ratio": 0.9854477643966675, "lowlevel.barkbands.mean": [0.0003406274481676519, 0.015172799117863178, 0.004231609404087067, 0.002754275454208255, 0.0017432767199352384, 0.0023029784206300974, 0.002091236412525177, 0.00044883909868076444, 0.0007158891530707479, 0.00020765862427651882, 0.0002576890983618796, 0.00043494728743098676, 0.0004465686797630042, 0.00040718220407143235, 0.0005558928241953254, 0.00027952881646342576, 0.0002694465802051127, 0.0001585553545737639, 0.0001962272945092991, 0.0002400288503849879, 0.00036131005617789924, 0.0005567196640186012, 0.00028158724308013916, 0.00022999801149126142, 0.00016957994375843555, 6.119201134424657e-05, 3.2174318675970426e-06], "lowlevel.barkbands.stdev": [0.001072675921022892, 0.051323529332876205, 0.018037158995866776, 0.00895610824227333, 0.0029453749302774668, 0.0026922381948679686, 0.004518748726695776, 0.0020221895538270473, 0.001687243115156889, 0.0007124464609660208, 0.0008704058127477765, 0.0024673976004123688, 0.0015474258689209819, 0.0012235864996910095, 0.0016328638885170221, 0.0007707456825301051, 0.0005192875396460295, 0.0003096371656283736, 0.0003388463519513607, 0.0003618937626015395, 0.0007284045568667352, 0.0009792958153411746, 0.0005142977461218834, 0.00043875156552530825, 0.0003472509852144867, 0.00013038529141340405, 1.286318183701951e-05], "lowlevel.erbbands.mean": [0.4167216420173645, 3.4171924591064453, 5.3292341232299805, 8.49282455444336, 4.703958034515381, 6.006470203399658, 16.591064453125, 19.769929885864258, 25.785730361938477, 22.904701232910156, 9.627836227416992, 19.567768096923828, 7.236575126647949, 10.111634254455566, 11.851848602294922, 19.398303985595703, 20.992130279541016, 19.70024299621582, 28.175779342651367, 20.75098419189453, 16.11515235900879, 14.828702926635742, 10.002544403076172, 6.886798858642578, 12.750795364379883, 10.951589584350586, 12.358949661254883, 16.519603729248047, 21.965534210205078, 12.401613235473633, 7.22355318069458, 4.904776096343994, 3.8672802448272705, 2.283431053161621, 0.9800434112548828, 0.3681749403476715, 0.0901656299829483, 0.012913507409393787, 0.0003935781423933804, 5.482492269948125e-05], "lowlevel.erbbands.stdev": [1.3660074472427368, 12.219587326049805, 21.540369033813477, 28.331697463989258, 12.424717903137207, 11.509032249450684, 26.410022735595703, 23.770729064941406, 53.64329528808594, 57.88078689575195, 29.8565731048584, 46.48304748535156, 18.80679702758789, 30.064619064331055, 49.33225631713867, 115.40036010742188, 74.9034652709961, 49.6126823425293, 76.30918884277344, 55.33839797973633, 40.96940994262695, 26.405784606933594, 18.433578491210938, 12.466766357421875, 20.846120834350586, 16.25652503967285, 23.137868881225586, 33.796844482421875, 39.81243896484375, 21.66729736328125, 13.04645824432373, 9.074928283691406, 7.681822299957275, 4.6977410316467285, 2.045332431793213, 0.7834521532058716, 0.2070586234331131, 0.038320206105709076, 0.001249421387910843, 9.282558312406763e-05], "lowlevel.gfcc.mean": [-45.610286712646484, 60.296630859375, -111.6357650756836, 25.61155891418457, -86.47767639160156, 3.5824360847473145, -55.575809478759766, -5.886603832244873, -29.931032180786133, 5.925119400024414, -16.919748306274414, 3.105909824371338, -7.8197736740112305], "lowlevel.melbands.mean": [0.004065190441906452, 0.0034225264098495245, 0.0012880475260317326, 0.00034469718229956925, 0.0005084874574095011, 0.00041728626820258796, 0.00042333026067353785, 0.00021702921367250383, 7.341224409174174e-05, 0.00012390628398861736, 3.1604628020431846e-05, 3.928752266801894e-05, 3.369246405782178e-05, 5.242817860562354e-05, 4.143593832850456e-05, 4.585093120113015e-05, 3.630512219388038e-05, 4.369907037471421e-05, 4.311631710152142e-05, 1.9682784113683738e-05, 1.8435704987496138e-05, 1.6199877791223116e-05, 1.1857549907290377e-05, 6.23804726274102e-06, 5.152212906978093e-06, 8.249524398706853e-06, 9.949687409971375e-06, 6.463346835516859e-06, 6.879718512209365e-06, 8.834769687382504e-06, 9.94226684269961e-06, 1.357578094030032e-05, 9.104024684347678e-06, 6.161215878819348e-06, 4.237430857756408e-06, 3.3812932542787166e-06, 2.859944061128772e-06, 2.8554229629662586e-06, 2.3093602976587135e-06, 1.7803353102863184e-06], "lowlevel.melbands.stdev": [0.013485211879014969, 0.012052066624164581, 0.004175384994596243, 0.0007224234868772328, 0.0007620243704877794, 0.000492857419885695, 0.0008818171336315572, 0.0005912983324378729, 0.00024249048146884888, 0.00029370005358941853, 9.214074816554785e-05, 0.00012038571730954573, 0.00012495712144300342, 0.00027232247521169484, 0.00022196317149791867, 0.0001392633275827393, 0.00010456217569299042, 0.00012407914618961513, 0.0001381306938128546, 5.704069553758018e-05, 5.0053527957061306e-05, 3.0662838980788365e-05, 2.328779737581499e-05, 1.2083432920917403e-05, 1.0098054190166295e-05, 1.5282785170711577e-05, 1.5097567484190222e-05, 1.0336862942494918e-05, 1.2681813132076059e-05, 1.8838038158719428e-05, 2.1556823412538506e-05, 2.559611493779812e-05, 1.5904419342405163e-05, 1.1563425687199924e-05, 7.875900337239727e-06, 6.2578310462413356e-06, 5.437287200038554e-06, 5.743574547523167e-06, 4.8637084546498954e-06, 3.689913910420728e-06], "lowlevel.melbands128.mean": [0.0003134226135443896, 0.0028442409820854664, 0.006161489058285952, 0.00550502073019743, 0.0030922286678105593, 0.002037348225712776, 0.00195974949747324, 0.0010332063538953662, 0.00031936951563693583, 0.0003397806722205132, 0.0003041441086679697, 0.0003834533563349396, 0.0007080089999362826, 0.00042284277151338756, 0.0005907306331209838, 0.00027130087255500257, 0.0002100580168189481, 0.0005750242853537202, 0.0005571178044192493, 0.00018982142501045018, 0.00010619434033287689, 6.731525354553014e-05, 7.129827281460166e-05, 6.547990051330999e-05, 0.0001494863972766325, 0.00016389730444643646, 2.6517807782511227e-05, 2.2197276848601177e-05, 2.086905988107901e-05, 3.8990161556284875e-05, 5.2434232202358544e-05, 3.0177519874996506e-05, 2.2319989511743188e-05, 4.8685793444747105e-05, 3.6577046557795256e-05, 6.798648973926902e-05, 5.662307012244128e-05, 2.562924964877311e-05, 4.347267895354889e-05, 5.416204294306226e-05, 4.963746323483065e-05, 2.7369713279767893e-05, 2.825064984790515e-05, 4.762898606713861e-05, 4.556944622891024e-05, 3.632329753600061e-05, 4.782165342476219e-05, 6.504123302875087e-05, 2.7733116439776495e-05, 1.5133195120142773e-05, 2.2496082237921655e-05, 1.9715855160029605e-05, 1.7234418919542804e-05, 1.918700581882149e-05, 1.803274790290743e-05, 1.687222538748756e-05, 1.371398593619233e-05, 1.1712916602846235e-05, 1.2602927199623082e-05, 9.532524018140975e-06, 4.990146862837719e-06, 4.604408331942977e-06, 4.776603873324348e-06, 5.617706392513355e-06, 5.045419584348565e-06, 7.932231710583437e-06, 1.0388776900072116e-05, 1.0617994121275842e-05, 1.0246785677736625e-05, 8.964908374764491e-06, 5.202316060604062e-06, 6.284557457547635e-06, 6.028176812833408e-06, 6.743479843862588e-06, 7.994747647899203e-06, 9.453763595956843e-06, 9.09042137209326e-06, 7.727654519840144e-06, 1.0331160410714801e-05, 1.1103596079919953e-05, 1.4644345355918631e-05, 1.5021397302916739e-05, 1.0722828847065102e-05, 9.243065505870618e-06, 6.6572738433023915e-06, 6.372513780661393e-06, 6.226448022061959e-06, 5.2391028475540224e-06, 3.918558377336012e-06, 3.6738674680236727e-06, 3.7535855881287716e-06, 3.2839213872648543e-06, 2.805136773531558e-06, 2.7446396870800527e-06, 2.9428961170197e-06, 3.123412852801266e-06, 2.753109811237664e-06, 2.6275645268469816e-06, 2.206987119279802e-06, 2.28418343795056e-06, 2.1224886950221844e-06, 1.5773084669490345e-06, 1.5513550124524045e-06, 1.3736371329287067e-06, 1.084307768906001e-06, 8.470167927043804e-07, 7.803113248883164e-07, 7.50888432321517e-07, 6.010507718201552e-07, 5.701537588720385e-07, 4.5855173880227085e-07, 3.4616056154845865e-07, 2.4288902977787075e-07, 1.8061675177705183e-07, 1.4773192447137262e-07, 1.2982754071799718e-07, 9.218499741336927e-08, 4.107254980567632e-08, 5.459575902477809e-09, 2.942772761582724e-11, 2.2582267653059596e-11, 1.672561915355697e-11, 1.3919115859906128e-11, 1.3802630913217762e-11, 1.0182887519305517e-11, 5.774449928636072e-12, 4.1887999145673316e-12, 3.980065409192601e-12], "lowlevel.melbands128.stdev": [0.001017377246171236, 0.009513366036117077, 0.02188081666827202, 0.020852604880928993, 0.013131328858435154, 0.008318199776113033, 0.006699805147945881, 0.0032380125485360622, 0.000951559457462281, 0.0009376556845381856, 0.0007218025857582688, 0.000689500302542001, 0.0012950882082805037, 0.0006058466387912631, 0.000772797386161983, 0.0005714189610444009, 0.0006077384459786117, 0.001406460301950574, 0.0014568257611244917, 0.0006870064535178244, 0.0007233187207020819, 0.00026153051294386387, 0.00035074056359007955, 0.00030667672399431467, 0.00042070698691532016, 0.000420860800659284, 7.865812949603423e-05, 0.00013902047066949308, 0.00010381342144683003, 0.00016646798758301884, 0.00019854378479067236, 0.0001205706357723102, 8.520808478351682e-05, 0.000321816245559603, 0.00018355378415435553, 0.0004538277571555227, 0.00047368035302497447, 0.00024040541029535234, 0.00028247004956938326, 0.0002559737185947597, 0.00016392111137975007, 8.921659900806844e-05, 0.0001362192997476086, 0.0001803255727281794, 0.00019002279441338032, 0.00015194265870377421, 0.0001870779087767005, 0.00028495030710473657, 0.00011734518193406984, 5.1829294534400105e-05, 8.441484533250332e-05, 7.881333294790238e-05, 6.986119115026668e-05, 6.536112050525844e-05, 4.615284706233069e-05, 3.9788774301996455e-05, 3.17286467179656e-05, 3.0492194127873518e-05, 3.436504630371928e-05, 2.1869675038033165e-05, 1.1512906894495245e-05, 1.1538309991010465e-05, 1.0767814274004195e-05, 1.2471268746594433e-05, 1.0127060704689939e-05, 1.8012229702435434e-05, 2.4556808057241142e-05, 1.9677248928928748e-05, 1.8077353161061183e-05, 1.6096197214210406e-05, 9.489292096986901e-06, 1.244931627297774e-05, 1.2231976143084466e-05, 1.4197344171407167e-05, 1.7691641915007494e-05, 2.1747371647506952e-05, 2.1089694200782105e-05, 1.7639700672589242e-05, 2.5955794626497664e-05, 2.548624797782395e-05, 2.998284253408201e-05, 3.108067176071927e-05, 2.046522422460839e-05, 1.7316006051260047e-05, 1.2445421816664748e-05, 1.2584341675392352e-05, 1.317413534707157e-05, 1.105516821553465e-05, 7.623019428137923e-06, 7.215740879473742e-06, 7.511184321629116e-06, 6.399569883797085e-06, 5.835564479639288e-06, 5.71041118746507e-06, 5.802568466606317e-06, 6.8020058279216755e-06, 5.819591933686752e-06, 5.935708031756803e-06, 4.902058208244853e-06, 5.136100298841484e-06, 4.751826054416597e-06, 3.3746314329619054e-06, 3.3458102279837476e-06, 3.3830856409622356e-06, 2.4243020106951008e-06, 1.9110275388811715e-06, 1.7630757156439358e-06, 1.72763793671038e-06, 1.3974322428111918e-06, 1.363603928439261e-06, 1.1012456297976314e-06, 9.105325489144889e-07, 6.579922455784981e-07, 5.389082389228861e-07, 4.700251565736835e-07, 4.530311343842186e-07, 3.3404992905161635e-07, 2.3425742767813063e-07, 4.605359649190177e-08, 5.247028922461539e-10, 3.680332982813894e-10, 2.4303717371942923e-10, 1.8296363035741336e-10, 2.0194508565385405e-10, 1.274378519378061e-10, 2.999964165972813e-11, 9.675232837125236e-12, 9.043205420611322e-12], "lowlevel.mfcc.mean": [-688.4049682617188, 91.50436401367188, 17.389001846313477, 13.04822826385498, -9.382582664489746, 0.5014984607696533, -16.39208221435547, -14.974300384521484, -11.655003547668457, -10.433436393737793, -7.7875075340271, -5.352985382080078, -3.5630908012390137], "lowlevel.spectral_contrast_coeffs.mean": [-0.5995915532112122, -0.6859325766563416, -0.772720456123352, -0.7956429719924927, -0.8015132546424866, -0.7586851716041565], "lowlevel.spectral_contrast_coeffs.stdev": [0.0893685445189476, 0.07584953308105469, 0.05938666686415672, 0.06547828763723373, 0.05236213281750679, 0.05249891057610512], "lowlevel.spectral_contrast_valleys.mean": [-8.01906681060791, -7.471723556518555, -8.168375015258789, -8.206611633300781, -8.041129112243652, -10.140582084655762], "lowlevel.spectral_contrast_valleys.stdev": [1.3368932008743286, 0.9798693656921387, 0.9675112962722778, 1.1017931699752808, 1.210478663444519, 1.331063985824585], "rhythm.beats_loudness_band_ratio.mean": [0.9005338549613953, 0.0283953920006752, 0.024452798068523407, 0.008590287528932095, 0.014428210444748402, 0.026558756828308105], "rhythm.beats_loudness_band_ratio.stdev": [0.15026327967643738, 0.08102884888648987, 0.060784779489040375, 0.0127163240686059, 0.02444632537662983, 0.02614894136786461], "tonal.hpcp.mean": [0.16449224948883057, 0.21016505360603333, 0.12549710273742676, 0.12458266317844391, 0.13375340402126312, 0.07222681492567062, 0.033101171255111694, 0.026575330644845963, 0.044419191777706146, 0.07419364899396896, 0.07882418483495712, 0.05689914524555206, 0.04672304913401604, 0.051567986607551575, 0.06745471060276031, 0.3672219216823578, 0.43641775846481323, 0.1675190031528473, 0.09017249196767807, 0.04631738364696503, 0.034130655229091644, 0.03905186429619789, 0.04335898533463478, 0.052252642810344696, 0.3611336052417755, 0.47982320189476013, 0.17363259196281433, 0.055964138358831406, 0.05621706694364548, 0.053916528820991516, 0.05249866470694542, 0.047773487865924835, 0.04834930971264839, 0.04285173490643501, 0.03933636099100113, 0.06061062961816788], "tonal.hpcp.stdev": [0.23038579523563385, 0.28252631425857544, 0.20152093470096588, 0.25755929946899414, 0.27345940470695496, 0.18679644167423248, 0.12825307250022888, 0.11195297539234161, 0.1511763632297516, 0.18537218868732452, 0.18697363138198853, 0.15945488214492798, 0.16184625029563904, 0.16676203906536102, 0.1865290403366089, 0.32062995433807373, 0.3593735992908478, 0.23103299736976624, 0.21542496979236603, 0.13086019456386566, 0.12760448455810547, 0.12420011311769485, 0.13356059789657593, 0.14045916497707367, 0.3131870627403259, 0.4095619320869446, 0.17764541506767273, 0.16273310780525208, 0.1636641025543213, 0.16621890664100647, 0.15908348560333252, 0.1377871036529541, 0.1365492343902588, 0.12413302809000015, 0.12346888333559036, 0.17886660993099213], "rhythm.beats_position": [0.5921088457107544, 1.1842176914215088, 1.7879364490509033, 2.391655206680298, 2.9953742027282715, 3.599092960357666, 4.2028117179870605, 4.806530475616455, 5.41024923324585, 6.013967990875244, 6.617686748504639, 7.221405982971191, 7.825124740600586, 8.42884349822998, 9.032562255859375, 9.63628101348877, 10.239999771118164, 10.843718528747559, 11.447437286376953, 12.051156044006348, 12.654874801635742, 13.258593559265137, 13.862312316894531, 14.466031074523926, 15.06974983215332, 15.673469543457031, 16.26557731628418, 16.86929702758789, 17.46140480041504, 18.06512451171875, 18.668842315673828, 19.27256202697754, 19.87628173828125, 20.479999542236328, 21.08371925354004, 21.687437057495117, 22.291156768798828, 22.894874572753906, 23.498594284057617, 24.102312088012695, 24.706031799316406, 25.309749603271484, 25.913469314575195, 26.517187118530273, 27.120906829833984, 27.724624633789062, 28.328344345092773, 28.93206214904785, 29.535781860351562, 30.13949966430664, 30.74321937561035, 31.346939086914062, 31.93904685974121, 32.53115463256836, 33.1348762512207, 33.73859405517578, 34.35392379760742], "rhythm.bpm_histogram": [0.0, 0.0, 0.0, 0.0, 0.0, 0.0, 0.0, 0.0, 0.0, 0.0, 0.0, 0.0, 0.0, 0.0, 0.0, 0.0, 0.0, 0.0, 0.0, 0.0, 0.0, 0.0, 0.0, 0.0, 0.0, 0.0, 0.0, 0.0, 0.0, 0.0, 0.0, 0.0, 0.0, 0.0, 0.0, 0.0, 0.0, 0.0, 0.0, 0.0, 0.0, 0.0, 0.0, 0.0, 0.0, 0.0, 0.0, 0.0, 0.0, 0.0, 0.0, 0.0, 0.0, 0.0, 0.0, 0.0, 0.0, 0.0, 0.0, 0.0, 0.0, 0.0, 0.0, 0.0, 0.0, 0.0, 0.0, 0.0, 0.0, 0.0, 0.0, 0.0, 0.0, 0.0, 0.0, 0.0, 0.0, 0.0, 0.0, 0.0, 0.0, 0.0, 0.0, 0.0, 0.0, 0.0, 0.0, 0.0, 0.0, 0.0, 0.0, 0.0, 0.0, 0.0, 0.0, 0.0, 0.0, 0.0, 0.01785714365541935, 0.8928571343421936, 0.0, 0.0892857164144516, 0.0, 0.0, 0.0, 0.0, 0.0, 0.0, 0.0, 0.0, 0.0, 0.0, 0.0, 0.0, 0.0, 0.0, 0.0, 0.0, 0.0, 0.0, 0.0, 0.0, 0.0, 0.0, 0.0, 0.0, 0.0, 0.0, 0.0, 0.0, 0.0, 0.0, 0.0, 0.0, 0.0, 0.0, 0.0, 0.0, 0.0, 0.0, 0.0, 0.0, 0.0, 0.0, 0.0, 0.0, 0.0, 0.0, 0.0, 0.0, 0.0, 0.0, 0.0, 0.0, 0.0, 0.0, 0.0, 0.0, 0.0, 0.0, 0.0, 0.0, 0.0, 0.0, 0.0, 0.0, 0.0, 0.0, 0.0, 0.0, 0.0, 0.0, 0.0, 0.0, 0.0, 0.0, 0.0, 0.0, 0.0, 0.0, 0.0, 0.0, 0.0, 0.0, 0.0, 0.0, 0.0, 0.0, 0.0, 0.0, 0.0, 0.0, 0.0, 0.0, 0.0, 0.0, 0.0, 0.0, 0.0, 0.0, 0.0, 0.0, 0.0, 0.0, 0.0, 0.0, 0.0, 0.0, 0.0, 0.0, 0.0, 0.0, 0.0, 0.0, 0.0, 0.0, 0.0, 0.0, 0.0, 0.0, 0.0, 0.0, 0.0, 0.0, 0.0, 0.0, 0.0, 0.0, 0.0, 0.0, 0.0, 0.0, 0.0, 0.0, 0.0, 0.0, 0.0, 0.0, 0.0, 0.0, 0.0, 0.0, 0.0, 0.0, 0.0, 0.0, 0.0, 0.0, 0.0, 0.0], "tonal.chords_histogram": [54.23280334472656, 1.4550265073776245, 0.0, 0.0, 0.0, 0.0, 0.0, 0.0, 0.0, 0.0, 0.0, 0.0, 0.0, 0.0, 0.0, 0.0, 0.0, 0.0, 0.7936508059501648, 0.0, 0.0, 0.0, 0.0, 43.51852035522461], "tonal.thpcp": [1.0, 0.36186784505844116, 0.11663491278886795, 0.11716204136610031, 0.11236748844385147, 0.10941252112388611, 0.09956477582454681, 0.10076484084129333, 0.08930734544992447, 0.08198095113039017, 0.12631867825984955, 0.3428184688091278, 0.4380051791667938, 0.26154863834381104, 0.2596428394317627, 0.2787556052207947, 0.1505279690027237, 0.0689861848950386, 0.05538567155599594, 0.09257408231496811, 0.15462705492973328, 0.1642775535583496, 0.1185835674405098, 0.0973755493760109, 0.10747288912534714, 0.14058242738246918, 0.7653275728225708, 0.9095386862754822, 0.34912651777267456, 0.18792857229709625, 0.09653010219335556, 0.07113172858953476, 0.08138802647590637, 0.0903645008802414, 0.108899787068367, 0.7526388764381409], "lowlevel.gfcc.cov": [[10724.16015625, -1490.87451171875, -469.67840576171875, 2037.112060546875, 757.414794921875, 755.5198974609375, 29.505037307739258, 382.7064514160156, 456.1011962890625, 157.04306030273438, -263.3603820800781, -246.1602020263672, -405.6817932128906], [-1490.87451171875, 2304.25830078125, -162.3816375732422, -574.0469360351562, 479.6018981933594, -55.73572540283203, 163.12733459472656, -32.43750762939453, 172.33351135253906, -188.00840759277344, 179.99658203125, -157.8153076171875, 32.15162658691406], [-469.67840576171875, -162.3816375732422, 1237.7857666015625, 412.2971496582031, 403.388916015625, 330.2996826171875, 372.3952941894531, 250.1457977294922, -9.144877433776855, 137.60704040527344, 8.04627799987793, 118.84552764892578, -16.229543685913086], [2037.112060546875, -574.0469360351562, 412.2971496582031, 1053.906982421875, 399.1583251953125, 302.73150634765625, 144.09263610839844, 220.05438232421875, 124.10885620117188, 86.80729675292969, -81.76445770263672, -26.56436538696289, -61.4095344543457], [757.414794921875, 479.6018981933594, 403.388916015625, 399.1583251953125, 733.1979370117188, 273.1576232910156, 225.93162536621094, 214.72747802734375, 178.1759490966797, 37.9500846862793, 30.29464340209961, -26.147125244140625, -50.38625717163086], [755.5198974609375, -55.73572540283203, 330.2996826171875, 302.73150634765625, 273.1576232910156, 326.41162109375, 231.9209442138672, 140.180908203125, 47.154380798339844, 71.97476196289062, 11.192737579345703, 3.356574058532715, -43.26404571533203], [29.505037307739258, 163.12733459472656, 372.3952941894531, 144.09263610839844, 225.93162536621094, 231.9209442138672, 368.6292724609375, 159.27227783203125, 3.353795051574707, 22.946950912475586, 51.66598892211914, 32.78351974487305, -25.724205017089844], [382.7064514160156, -32.43750762939453, 250.1457977294922, 220.05438232421875, 214.72747802734375, 140.180908203125, 159.27227783203125, 206.2289276123047, 68.35562133789062, 39.37045669555664, 7.441749572753906, 16.210208892822266, -8.361787796020508], [456.1011962890625, 172.33351135253906, -9.144877433776855, 124.10885620117188, 178.1759490966797, 47.154380798339844, 3.353795051574707, 68.35562133789062, 231.27381896972656, 72.35733795166016, 21.68938636779785, -13.1226806640625, 41.98908996582031], [157.04306030273438, -188.00840759277344, 137.60704040527344, 86.80729675292969, 37.9500846862793, 71.97476196289062, 22.946950912475586, 39.37045669555664, 72.35733795166016, 151.11009216308594, 16.009244918823242, 32.97434997558594, 17.20490837097168], [-263.3603820800781, 179.99658203125, 8.04627799987793, -81.76445770263672, 30.29464340209961, 11.192737579345703, 51.66598892211914, 7.441749572753906, 21.68938636779785, 16.009244918823242, 133.1287078857422, 48.59453582763672, 41.885684967041016], [-246.1602020263672, -157.8153076171875, 118.84552764892578, -26.56436538696289, -26.147125244140625, 3.356574058532715, 32.78351974487305, 16.210208892822266, -13.1226806640625, 32.97434997558594, 48.59453582763672, 149.7151336669922, 61.32646942138672], [-405.6817932128906, 32.15162658691406, -16.229543685913086, -61.4095344543457, -50.38625717163086, -43.26404571533203, -25.724205017089844, -8.361787796020508, 41.98908996582031, 17.20490837097168, 41.885684967041016, 61.32646942138672, 118.2505874633789]], "lowlevel.gfcc.icov": [[0.00030801439424976707, 0.00011851690214825794, 0.0004250154015608132, -0.00040260530658997595, -1.1661679309327155e-05, -0.0006806222372688353, 0.00023059772502165288, -0.00014321038906928152, -0.0005354884779080749, 0.0002095931558869779, 2.0376925021992065e-05, -0.0002941121638286859, 0.0009647454717196524], [0.00011851690214825794, 0.001807258464396, 1.4627922837462393e-06, 0.001094518811441958, -0.0017104620346799493, 0.00047175950021483004, -0.001187225105240941, 0.0012465924955904484, -0.001555449329316616, 0.0020330531988292933, -0.0014016974018886685, 0.0022479225881397724, -0.0006553155253641307], [0.0004250154015608132, 1.4627922837462393e-06, 0.002393694594502449, -0.0008566694450564682, -0.0006413369555957615, -0.0009794543730095029, -0.0006074666744098067, -0.0008377652266062796, 0.0007723356829956174, -0.001434079371392727, 0.0010022657224908471, -0.001523575047031045, 0.0008878752123564482], [-0.00040260530658997595, 0.001094518811441958, -0.0008566694450564682, 0.003121269168332219, -0.0014481910038739443, 0.00010531031875871122, -0.0004012770077679306, 0.0001155831923824735, -0.0005828783614560962, 0.0011664716294035316, -3.943107367376797e-05, 0.001994471997022629, -0.0018162576016038656], [-1.1661679309327155e-05, -0.0017104620346799493, -0.0006413369555957615, -0.0014481910038739443, 0.005038647912442684, -0.0020594641100615263, 0.0014791876310482621, -0.0022100312635302544, -0.0014422981766983867, 0.00018357683438807726, 0.00013733528612647206, -0.0020156053360551596, 0.002626040019094944], [-0.0006806222372688353, 0.00047175950021483004, -0.0009794543730095029, 0.00010531031875871122, -0.0020594641100615263, 0.01087669376283884, -0.005375495180487633, 0.0012146133230999112, 0.0013427773956209421, -0.002928159898146987, -0.00045977599802426994, 0.002155088819563389, -0.0015301834791898727], [0.00023059772502165288, -0.001187225105240941, -0.0006074666744098067, -0.0004012770077679306, 0.0014791876310482621, -0.005375495180487633, 0.008827989920973778, -0.004385711625218391, 0.0010937672341242433, 0.0008895733626559377, -0.001424018177203834, -0.0020594983361661434, 0.002150699496269226], [-0.00014321038906928152, 0.0012465924955904484, -0.0008377652266062796, 0.0001155831923824735, -0.0022100312635302544, 0.0012146133230999112, -0.004385711625218391, 0.011606276966631413, -0.002745825331658125, 0.0012459912104532123, -9.783377026906237e-05, 0.0010829187231138349, -0.0012491142842918634], [-0.0005354884779080749, -0.001555449329316616, 0.0007723356829956174, -0.0005828783614560962, -0.0014422981766983867, 0.0013427773956209421, 0.0010937672341242433, -0.002745825331658125, 0.011640086770057678, -0.006731247063726187, 0.0008990500937215984, 0.0010982980020344257, -0.005732295103371143], [0.0002095931558869779, 0.0020330531988292933, -0.001434079371392727, 0.0011664716294035316, 0.00018357683438807726, -0.002928159898146987, 0.0008895733626559377, 0.0012459912104532123, -0.006731247063726187, 0.013754867017269135, -0.00278581609018147, 0.00048006800352595747, 0.0009904461912810802], [2.0376925021992065e-05, -0.0014016974018886685, 0.0010022657224908471, -3.943107367376797e-05, 0.00013733528612647206, -0.00045977599802426994, -0.001424018177203834, -9.783377026906237e-05, 0.0008990500937215984, -0.00278581609018147, 0.01231426652520895, -0.004445506725460291, -0.001828560372814536], [-0.0002941121638286859, 0.0022479225881397724, -0.001523575047031045, 0.001994471997022629, -0.0020156053360551596, 0.002155088819563389, -0.0020594983361661434, 0.0010829187231138349, 0.0010982980020344257, 0.00048006800352595747, -0.004445506725460291, 0.014658937230706215, -0.007722889538854361], [0.0009647454717196524, -0.0006553155253641307, 0.0008878752123564482, -0.0018162576016038656, 0.002626040019094944, -0.0015301834791898727, 0.002150699496269226, -0.0012491142842918634, -0.005732295103371143, 0.0009904461912810802, -0.001828560372814536, -0.007722889538854361, 0.018606076017022133]], "lowlevel.mfcc.cov": [[11870.4833984375, -2405.31201171875, -598.1067504882812, 1003.9510498046875, 811.5885009765625, 646.2425537109375, -109.66696166992188, 380.713623046875, 445.16241455078125, 388.5542907714844, 466.2685546875, 81.18608093261719, 165.20132446289062], [-2405.31201171875, 2531.392333984375, -351.78997802734375, -409.71209716796875, 92.57655334472656, -110.93941497802734, 101.49532318115234, 64.88905334472656, -51.17927932739258, 16.693714141845703, 6.1147332191467285, 36.57427978515625, 48.21714782714844], [-598.1067504882812, -351.78997802734375, 750.1187133789062, 243.9822998046875, 62.99574279785156, 177.6561279296875, 270.09246826171875, 127.40447998046875, 117.82048797607422, 84.59363555908203, 19.591066360473633, 74.69517517089844, 38.84671401977539], [1003.9510498046875, -409.71209716796875, 243.9822998046875, 578.6031494140625, 353.6797180175781, 201.77183532714844, 147.34507751464844, 181.3687744140625, 176.75180053710938, 161.58328247070312, 58.21549606323242, 43.71120071411133, 74.64825439453125], [811.5885009765625, 92.57655334472656, 62.99574279785156, 353.6797180175781, 516.5363159179688, 194.10147094726562, 98.23506927490234, 153.46372985839844, 163.96481323242188, 183.45932006835938, 91.24180603027344, 52.72163772583008, 76.572509765625], [646.2425537109375, -110.93941497802734, 177.6561279296875, 201.77183532714844, 194.10147094726562, 283.8914489746094, 169.96006774902344, 116.29173278808594, 124.10414123535156, 112.78517150878906, 89.63212585449219, 74.18389892578125, 29.643516540527344], [-109.66696166992188, 101.49532318115234, 270.09246826171875, 147.34507751464844, 98.23506927490234, 169.96006774902344, 410.500732421875, 225.1669921875, 77.82347106933594, 86.01454162597656, 67.10689544677734, 75.71880340576172, 40.179630279541016], [380.713623046875, 64.88905334472656, 127.40447998046875, 181.3687744140625, 153.46372985839844, 116.29173278808594, 225.1669921875, 255.84242248535156, 114.20205688476562, 73.38240814208984, 57.40599822998047, 58.265872955322266, 64.5413589477539], [445.16241455078125, -51.17927932739258, 117.82048797607422, 176.75180053710938, 163.96481323242188, 124.10414123535156, 77.82347106933594, 114.20205688476562, 196.3287811279297, 131.91680908203125, 56.12926483154297, 42.5439567565918, 47.407257080078125], [388.5542907714844, 16.693714141845703, 84.59363555908203, 161.58328247070312, 183.45932006835938, 112.78517150878906, 86.01454162597656, 73.38240814208984, 131.91680908203125, 200.35902404785156, 93.19357299804688, 33.03957748413086, 31.512205123901367], [466.2685546875, 6.1147332191467285, 19.591066360473633, 58.21549606323242, 91.24180603027344, 89.63212585449219, 67.10689544677734, 57.40599822998047, 56.12926483154297, 93.19357299804688, 123.14807891845703, 44.14839553833008, 18.829992294311523], [81.18608093261719, 36.57427978515625, 74.69517517089844, 43.71120071411133, 52.72163772583008, 74.18389892578125, 75.71880340576172, 58.265872955322266, 42.5439567565918, 33.03957748413086, 44.14839553833008, 92.74930572509766, 42.226654052734375], [165.20132446289062, 48.21714782714844, 38.84671401977539, 74.64825439453125, 76.572509765625, 29.643516540527344, 40.179630279541016, 64.5413589477539, 47.407257080078125, 31.512205123901367, 18.829992294311523, 42.226654052734375, 94.24822998046875]], "lowlevel.mfcc.icov": [[0.0002273548161610961, 0.00024914307869039476, 0.00042080163257196546, -7.619847019668669e-05, -6.283850962063298e-05, -0.00041841843631118536, 0.000215053980355151, -0.00036857996019534767, -4.635493678506464e-05, 5.350931314751506e-05, -0.0005535263335332274, 0.0002180935989599675, -0.00027738563949242234], [0.00024914307869039476, 0.0009234255412593484, 0.000706386286765337, 0.0008297408348880708, -0.000712903100065887, -0.0001514273026259616, -0.00021488966012839228, -0.0005967895267531276, 5.865731873200275e-05, -0.0003694362530950457, -0.00010137007484445348, -4.0227627323474735e-05, -0.0005980520509183407], [0.00042080163257196546, 0.000706386286765337, 0.0031324783340096474, -0.0007153985206969082, 0.00037010337109677494, -0.0010783105390146375, -0.0013159702066332102, 0.00029897294007241726, -0.0009436718537472188, -0.00014278796152211726, 0.0001464738743379712, -0.0005702127236872911, -0.0006801122799515724], [-7.619847019668669e-05, 0.0008297408348880708, -0.0007153985206969082, 0.005370684899389744, -0.002687388099730015, -0.0004990884917788208, 3.2804193324409425e-05, -0.0016808073269203305, 4.030247146147303e-05, -0.0015008739428594708, 0.0019273742800578475, 0.0008127019973471761, -0.0010401001200079918], [-6.283850962063298e-05, -0.000712903100065887, 0.00037010337109677494, -0.002687388099730015, 0.005409605335444212, -0.0018522032769396901, 0.0012827360769733787, -0.0009599336772225797, 0.00043415543041191995, -0.0021198780741542578, 4.1506948036840186e-05, 0.00019253364007454365, -0.0008553017978556454], [-0.00041841843631118536, -0.0001514273026259616, -0.0010783105390146375, -0.0004990884917788208, -0.0018522032769396901, 0.009536857716739178, -0.0031309672631323338, 0.0025796755217015743, -0.0030748830176889896, 0.0014866557903587818, -0.001933591440320015, -0.003563789650797844, 0.0027567327488213778], [0.000215053980355151, -0.00021488966012839228, -0.0013159702066332102, 3.2804193324409425e-05, 0.0012827360769733787, -0.0031309672631323338, 0.008236544206738472, -0.007235674187541008, 0.0038164090365171432, -0.002728468971326947, 2.9808219551341608e-05, -0.0006769164465367794, 0.0009255692129954696], [-0.00036857996019534767, -0.0005967895267531276, 0.00029897294007241726, -0.0016808073269203305, -0.0009599336772225797, 0.0025796755217015743, -0.007235674187541008, 0.013797441497445107, -0.00598403112962842, 0.004688178189098835, -0.0019015034195035696, -0.00011329364497214556, -0.0023627334740012884], [-4.635493678506464e-05, 5.865731873200275e-05, -0.0009436718537472188, 4.030247146147303e-05, 0.00043415543041191995, -0.0030748830176889896, 0.0038164090365171432, -0.00598403112962842, 0.014485996216535568, -0.008321053348481655, 0.00317816948518157, -0.0010420004837214947, -0.0011789092095568776], [5.350931314751506e-05, -0.0003694362530950457, -0.00014278796152211726, -0.0015008739428594708, -0.0021198780741542578, 0.0014866557903587818, -0.002728468971326947, 0.004688178189098835, -0.008321053348481655, 0.015904363244771957, -0.008827019482851028, 0.002555723302066326, 3.6603454645955935e-05], [-0.0005535263335332274, -0.00010137007484445348, 0.0001464738743379712, 0.0019273742800578475, 4.1506948036840186e-05, -0.001933591440320015, 2.9808219551341608e-05, -0.0019015034195035696, 0.00317816948518157, -0.008827019482851028, 0.01855616457760334, -0.005620670970529318, 0.0014626720221713185], [0.0002180935989599675, -4.0227627323474735e-05, -0.0005702127236872911, 0.0008127019973471761, 0.00019253364007454365, -0.003563789650797844, -0.0006769164465367794, -0.00011329364497214556, -0.0010420004837214947, 0.002555723302066326, -0.005620670970529318, 0.019691428169608116, -0.0074696228839457035], [-0.00027738563949242234, -0.0005980520509183407, -0.0006801122799515724, -0.0010401001200079918, -0.0008553017978556454, 0.0027567327488213778, 0.0009255692129954696, -0.0023627334740012884, -0.0011789092095568776, 3.6603454645955935e-05, 0.0014626720221713185, -0.0074696228839457035, 0.017193017527461052]], "metadata.audio_properties.analysis.downmix": "mix", "metadata.audio_properties.codec": "mp3", "metadata.audio_properties.md5_encoded": "1b8dca1b09588975a1bc810a4f9b0c21", "metadata.tags.file_name": "1183702469788840006.mp3", "metadata.version.essentia": "2.1-beta6-dev", "metadata.version.essentia_git_sha": "v2.1_beta5-1110-g77a6a954", "metadata.version.extractor": "music 2.0", "tonal.chords_key": "D", "tonal.chords_scale": "minor", "tonal.key_edma.key": "Bb", "tonal.key_edma.scale": "major", "tonal.key_krumhansl.key": "D", "tonal.key_krumhansl.scale": "minor", "tonal.key_temperley.key": "D", "tonal.key_temperley.scale": "minor", "metadata.tags.encoding": ["Lavf58.45.100"]}, "essentia_models": [{"model_name": "genre_dortmund", "activations": {"alternative": "0.0504987", "blues": "0.00489639", "electronic": "0.018132