{"song_id": "1183705886166880287", "download": "https://cdn.discordapp.com/attachments/1128313332273782784/1183705886166880287/chirp.mp4?ex=65894f03&amp", "lyrics": "[Verse]\nSalut, tu\u2026 vas\u2026 bien? Y en a marre du Fauchon,\ndu H\u00e9diard, du saumon, du caviar Salut c\u2019est Patrick \u00e0 l\u2019appareil Ouais c\u2019est Pat\u2019, tu vas bien?\nEt moi et moi, tu ne sais pas quelle est ma vie\n\n[Chorus]\n\u00c0 c\u00f4toyer Chantal ou bien Marie-Sophie\n\u00c0 faire le baisemain \u00e0 des p\u00e9tasses mal bais\u00e9es\nEnfin je voulais dire des filles un peu coinc\u00e9es\nJe veux \u00eatre un voyou Vrai de vrai hors la loi", "style": ["bob maerley"], "essentia_features": {"lowlevel.average_loudness": 0.9591913819313049, "lowlevel.barkbands_crest.mean": 20.603736877441406, "lowlevel.barkbands_crest.stdev": 6.226990699768066, "lowlevel.barkbands_flatness_db.mean": 0.34935009479522705, "lowlevel.barkbands_flatness_db.stdev": 0.18034200370311737, "lowlevel.barkbands_kurtosis.mean": 400.6994323730469, "lowlevel.barkbands_kurtosis.stdev": 1043.0772705078125, "lowlevel.barkbands_skewness.mean": 10.285101890563965, "lowlevel.barkbands_skewness.stdev": 11.657099723815918, "lowlevel.barkbands_spread.mean": 9.327171325683594, "lowlevel.barkbands_spread.stdev": 16.094581604003906, "lowlevel.dissonance.mean": 0.4586116373538971, "lowlevel.dissonance.stdev": 0.044344354420900345, "lowlevel.dynamic_complexity": 2.444483995437622, "lowlevel.erbbands_crest.mean": 13.174466133117676, "lowlevel.erbbands_crest.stdev": 7.273248672485352, "lowlevel.erbbands_flatness_db.mean": 0.18744362890720367, "lowlevel.erbbands_flatness_db.stdev": 0.09971864521503448, "lowlevel.erbbands_kurtosis.mean": 20.526872634887695, "lowlevel.erbbands_kurtosis.stdev": 53.284175872802734, "lowlevel.erbbands_skewness.mean": 1.9236661195755005, "lowlevel.erbbands_skewness.stdev": 2.9702348709106445, "lowlevel.erbbands_spread.mean": 49.60063552856445, "lowlevel.erbbands_spread.stdev": 39.76583480834961, "lowlevel.hfc.mean": 24.221324920654297, "lowlevel.hfc.stdev": 26.802242279052734, "lowlevel.loudness_ebu128.integrated": -10.375914573669434, "lowlevel.loudness_ebu128.loudness_range": 1.3062963485717773, "lowlevel.loudness_ebu128.momentary.mean": -10.87067985534668, "lowlevel.loudness_ebu128.momentary.stdev": 2.229355812072754, "lowlevel.loudness_ebu128.short_term.mean": -10.305562019348145, "lowlevel.loudness_ebu128.short_term.stdev": 0.7599222660064697, "lowlevel.melbands_crest.mean": 24.07567596435547, "lowlevel.melbands_crest.stdev": 5.745833873748779, "lowlevel.melbands_flatness_db.mean": 0.44893965125083923, "lowlevel.melbands_flatness_db.stdev": 0.2067384123802185, "lowlevel.melbands_kurtosis.mean": 179.86956787109375, "lowlevel.melbands_kurtosis.stdev": 224.072021484375, "lowlevel.melbands_skewness.mean": 7.4806318283081055, "lowlevel.melbands_skewness.stdev": 5.7168402671813965, "lowlevel.melbands_spread.mean": 9.833072662353516, "lowlevel.melbands_spread.stdev": 26.193225860595703, "lowlevel.pitch_salience.mean": 0.25311654806137085, "lowlevel.pitch_salience.stdev": 0.196678027510643, "lowlevel.silence_rate_20dB.mean": 0.9464720487594604, "lowlevel.silence_rate_20dB.stdev": 0.2250830978155136, "lowlevel.silence_rate_30dB.mean": 0.35604217648506165, "lowlevel.silence_rate_30dB.stdev": 0.4788295328617096, "lowlevel.silence_rate_60dB.mean": 0.03730738162994385, "lowlevel.silence_rate_60dB.stdev": 0.18951475620269775, "lowlevel.spectral_centroid.mean": 805.015869140625, "lowlevel.spectral_centroid.stdev": 976.936279296875, "lowlevel.spectral_complexity.mean": 9.977291107177734, "lowlevel.spectral_complexity.stdev": 12.467493057250977, "lowlevel.spectral_decrease.mean": -3.9628844206163194e-08, "lowlevel.spectral_decrease.stdev": 2.862044290452559e-08, "lowlevel.spectral_energy.mean": 0.1517653614282608, "lowlevel.spectral_energy.stdev": 0.10819172114133835, "lowlevel.spectral_energyband_high.mean": 0.0011062468402087688, "lowlevel.spectral_energyband_high.stdev": 0.002548237331211567, "lowlevel.spectral_energyband_low.mean": 0.14147083461284637, "lowlevel.spectral_energyband_low.stdev": 0.11095130443572998, "lowlevel.spectral_energyband_middle_high.mean": 0.0023589208722114563, "lowlevel.spectral_energyband_middle_high.stdev": 0.004782517906278372, "lowlevel.spectral_energyband_middle_low.mean": 0.008023369126021862, "lowlevel.spectral_energyband_middle_low.stdev": 0.012797116301953793, "lowlevel.spectral_entropy.mean": 6.810665607452393, "lowlevel.spectral_entropy.stdev": 1.3201615810394287, "lowlevel.spectral_flux.mean": 0.12518101930618286, "lowlevel.spectral_flux.stdev": 0.11068573594093323, "lowlevel.spectral_kurtosis.mean": 12.978392601013184, "lowlevel.spectral_kurtosis.stdev": 28.38958168029785, "lowlevel.spectral_rms.mean": 0.01103176735341549, "lowlevel.spectral_rms.stdev": 0.005134562496095896, "lowlevel.spectral_rolloff.mean": 633.002197265625, "lowlevel.spectral_rolloff.stdev": 1610.597900390625, "lowlevel.spectral_skewness.mean": 2.2787256240844727, "lowlevel.spectral_skewness.stdev": 1.9841803312301636, "lowlevel.spectral_spread.mean": 5009246.5, "lowlevel.spectral_spread.stdev": 2528638.75, "lowlevel.spectral_strongpeak.mean": 0.8790495991706848, "lowlevel.spectral_strongpeak.stdev": 0.5172708034515381, "lowlevel.zerocrossingrate.mean": 0.028473172336816788, "lowlevel.zerocrossingrate.stdev": 0.052331939339637756, "metadata.audio_properties.analysis.equal_loudness": 0.0, "metadata.audio_properties.analysis.length": 28.585622787475586, "metadata.audio_properties.analysis.sample_rate": 44100.0, "metadata.audio_properties.analysis.start_time": 0.0, "metadata.audio_properties.bit_rate": 122997.0, "metadata.audio_properties.length": 28.586666107177734, "metadata.audio_properties.lossless": 0.0, "metadata.audio_properties.number_channels": 1.0, "metadata.audio_properties.replay_gain": -11.821390151977539, "metadata.audio_properties.sample_rate": 48000.0, "rhythm.beats_count": 52.0, "rhythm.beats_loudness.mean": 0.15237438678741455, "rhythm.beats_loudness.stdev": 0.09537579864263535, "rhythm.bpm": 109.83162689208984, "rhythm.bpm_histogram_first_peak_bpm": 110.0, "rhythm.bpm_histogram_first_peak_weight": 0.18000000715255737, "rhythm.bpm_histogram_second_peak_bpm": 105.0, "rhythm.bpm_histogram_second_peak_spread": 0.0, "rhythm.bpm_histogram_second_peak_weight": 0.019607843831181526, "rhythm.danceability": 1.2665728330612183, "rhythm.onset_rate": 4.509388446807861, "tonal.chords_changes_rate": 0.08427876979112625, "tonal.chords_number_rate": 0.014586709439754486, "tonal.chords_strength.mean": 0.5450350642204285, "tonal.chords_strength.stdev": 0.07072659581899643, "tonal.hpcp_crest.mean": 12.161296844482422, "tonal.hpcp_crest.stdev": 5.614278316497803, "tonal.hpcp_entropy.mean": 2.304478168487549, "tonal.hpcp_entropy.stdev": 0.8168210387229919, "tonal.key_edma.strength": 0.6624891757965088, "tonal.key_krumhansl.strength": 0.6599059104919434, "tonal.key_temperley.strength": 0.6357377171516418, "tonal.tuning_diatonic_strength": 0.6463674902915955, "tonal.tuning_equal_tempered_deviation": 0.18314966559410095, "tonal.tuning_frequency": 438.7310485839844, "tonal.tuning_nontempered_energy_ratio": 0.8364396095275879, "lowlevel.barkbands.mean": [0.0014155689859762788, 0.1277925670146942, 0.011141072027385235, 0.0023476257920265198, 0.0038721212185919285, 0.0005420210654847324, 0.00033870807965286076, 0.000250150915235281, 0.0005287230596877635, 0.0003687530697789043, 0.00025066983653232455, 0.00025057102902792394, 0.00023472403699997813, 0.00020803707593586296, 0.0001465732930228114, 0.00015629871631972492, 0.0001783871848601848, 0.0002440689568175003, 0.0002737492322921753, 0.00022620144591201097, 0.00024208496324717999, 0.00021616852609440684, 0.00022343540331348777, 0.00014578264381270856, 8.501878619426861e-05, 8.364736277144402e-05, 2.6620066364557715e-06], "lowlevel.barkbands.stdev": [0.0023734376300126314, 0.10936708748340607, 0.023072069510817528, 0.005983848590403795, 0.007206325884908438, 0.0021476740948855877, 0.0009375455556437373, 0.0008750308770686388, 0.0017011453164741397, 0.000922250677831471, 0.0007351782405748963, 0.0007561129168607295, 0.000742702221032232, 0.0005537463584914804, 0.0003738076484296471, 0.00042541438597254455, 0.00048784734099172056, 0.0006646731635555625, 0.0007864109938964248, 0.0006672719027847052, 0.0006596905877813697, 0.0005438223015516996, 0.0005455646896734834, 0.0003451581869740039, 0.00020652909006457776, 0.0001971260062418878, 8.966389941633679e-06], "lowlevel.erbbands.mean": [3.4777698516845703, 28.864364624023438, 23.19811248779297, 8.494400024414062, 13.367049217224121, 11.5986967086792, 4.717576503753662, 4.619790554046631, 4.414413928985596, 5.331470489501953, 6.593638896942139, 12.373193740844727, 12.567444801330566, 11.347404479980469, 10.183454513549805, 9.813335418701172, 10.719674110412598, 10.619208335876465, 9.478461265563965, 7.402936935424805, 9.211835861206055, 10.378445625305176, 12.135673522949219, 15.160465240478516, 12.881996154785156, 10.16922378540039, 10.444048881530762, 8.596868515014648, 7.9097580909729, 7.60181188583374, 5.891005516052246, 3.5337674617767334, 2.199253559112549, 1.0802098512649536, 0.5209508538246155, 0.2937145233154297, 0.17314513027668, 0.027114911004900932, 0.0005809685681015253, 0.00018391314370092005], "lowlevel.erbbands.stdev": [3.5202372074127197, 24.504262924194336, 31.146442413330078, 18.218111038208008, 23.673969268798828, 28.85157585144043, 14.767450332641602, 18.458477020263672, 11.594072341918945, 14.753870010375977, 24.324851989746094, 42.00953674316406, 31.078937530517578, 29.220569610595703, 27.074525833129883, 30.827476501464844, 35.37369155883789, 28.761592864990234, 23.43876075744629, 18.64168357849121, 25.240009307861328, 27.888336181640625, 32.58796310424805, 43.50226593017578, 36.870540618896484, 28.97270393371582, 29.698793411254883, 23.48268699645996, 20.066801071166992, 18.680500030517578, 14.34936237335205, 8.453619956970215, 5.368372440338135, 2.6886303424835205, 1.2858233451843262, 0.7641631960868835, 0.400307297706604, 0.06465798616409302, 0.0012298284564167261, 0.00011858403740916401], "lowlevel.gfcc.mean": [-72.98462677001953, 92.64645385742188, -48.21269607543945, 61.07161331176758, -25.73646354675293, 32.25212097167969, -10.356626510620117, 15.381726264953613, -11.486390113830566, -0.2965701222419739, -10.409051895141602, -0.6170787215232849, -8.091732025146484], "lowlevel.melbands.mean": [0.0347815603017807, 0.020676255226135254, 0.0016270822379738092, 0.0009575584554113448, 0.00021167787781450897, 0.00010213578207185492, 6.874134123791009e-05, 5.6458953622495756e-05, 5.802058512927033e-05, 7.907299004727975e-05, 6.121314800111577e-05, 4.514608735917136e-05, 3.417906918912195e-05, 2.921839404734783e-05, 2.378792669333052e-05, 2.268476782774087e-05, 1.9485225493554026e-05, 1.6245379811152816e-05, 1.0340918379370123e-05, 9.95422487903852e-06, 1.0939578714896925e-05, 1.0726523214543704e-05, 1.0431198461446911e-05, 1.1485338291095104e-05, 1.2528493243735284e-05, 9.610974302631803e-06, 8.893562153389212e-06, 6.1223313423397485e-06, 6.545139967784053e-06, 6.019897682563169e-06, 4.536675987765193e-06, 4.449208972800989e-06, 4.172919943812303e-06, 4.35731772086001e-06, 3.569968612282537e-06, 2.565947852417594e-06, 2.080001650028862e-06, 1.6960256061793189e-06, 1.196987113871728e-06, 7.903876166892587e-07], "lowlevel.melbands.stdev": [0.032009053975343704, 0.0173427015542984, 0.0031109084375202656, 0.0017681940225884318, 0.0006230453145690262, 0.00040370383067056537, 0.000179274968104437, 0.0001529386208858341, 0.0002174193214159459, 0.0002583503082860261, 0.00015246684779413044, 0.00011838335922220722, 9.648666309658438e-05, 8.181890734704211e-05, 8.638377039460465e-05, 6.78559736115858e-05, 5.4438525694422424e-05, 4.151343091507442e-05, 2.5668716261861846e-05, 2.720886914175935e-05, 3.163110159221105e-05, 2.9941817047074437e-05, 2.827163552865386e-05, 3.169737829011865e-05, 3.7026547943241894e-05, 2.8095837478758767e-05, 2.780167960736435e-05, 1.753824108163826e-05, 1.9622479157987982e-05, 1.664958290348295e-05, 1.2897407032141928e-05, 1.1525416994118132e-05, 1.082437393051805e-05, 1.0936225407931488e-05, 8.898327905626502e-06, 6.494321041827789e-06, 4.9656837290967815e-06, 4.190030267636757e-06, 3.12806764668494e-06, 2.0483739717747085e-06], "lowlevel.melbands128.mean": [0.001341447583399713, 0.021860364824533463, 0.05729289725422859, 0.04460088908672333, 0.017180204391479492, 0.004129084292799234, 0.001425688504241407, 0.0011612101225182414, 0.0014702933840453625, 0.0011009863810613751, 0.000580806692596525, 0.0002487648744136095, 0.0001262252771994099, 0.00013132889580447227, 0.00011399552749935538, 8.1016325566452e-05, 6.673180178040639e-05, 6.624151137657464e-05, 7.144784467527643e-05, 6.111474067438394e-05, 4.66568126284983e-05, 4.910442294203676e-05, 5.49162614333909e-05, 6.93451365805231e-05, 8.972686191555113e-05, 7.840812759241089e-05, 7.01232347637415e-05, 6.742519326508045e-05, 4.417102536535822e-05, 4.339134102337994e-05, 4.921490835840814e-05, 4.0443970647174865e-05, 3.065656710532494e-05, 3.147176175843924e-05, 3.4229207813041285e-05, 2.687649248400703e-05, 2.4295599359902553e-05, 2.2318306946544908e-05, 2.471403422532603e-05, 2.479535214661155e-05, 2.119430064340122e-05, 2.2209193048183806e-05, 1.720759792078752e-05, 2.0552690330077894e-05, 1.9229095414630137e-05, 1.567386971146334e-05, 1.2656297258217819e-05, 1.0095664947584737e-05, 9.255944860342424e-06, 9.772083103598561e-06, 9.586853593646083e-06, 1.0948099770757835e-05, 1.0624118658597581e-05, 1.1048698070226237e-05, 1.1386522601242177e-05, 1.1082558557973243e-05, 9.819337719818577e-06, 9.860980753728654e-06, 1.106425315811066e-05, 1.051106028171489e-05, 1.0667393326002639e-05, 1.2987751688342541e-05, 1.3324069186637644e-05, 1.2809732652385719e-05, 1.069601876224624e-05, 9.612402209313586e-06, 8.186685590771958e-06, 1.0120288607140537e-05, 9.385204066347796e-06, 7.112611910997657e-06, 5.5568407333339565e-06, 5.855923518538475e-06, 6.295155344560044e-06, 7.057944458210841e-06, 6.3374409364769235e-06, 6.11007681072806e-06, 6.167206265672576e-06, 4.91604623675812e-06, 4.331325726525392e-06, 3.875326456181938e-06, 4.5734705054201186e-06, 4.677733613789314e-06, 4.369258476799587e-06, 4.1392941056983545e-06, 3.907759946741862e-06, 4.298792646295624e-06, 4.642552994482685e-06, 4.236521363054635e-06, 3.3453454761911416e-06, 3.352309931869968e-06, 2.917941174018779e-06, 2.381550075369887e-06, 1.8585936913950718e-06, 2.037224930973025e-06, 2.1998680495016742e-06, 2.2438023279391928e-06, 1.3792677009405452e-06, 1.197214601234009e-06, 1.296985828957986e-06, 1.2515034768512123e-06, 8.306517429446103e-07, 7.771645869070198e-07, 5.908599405302084e-07, 6.679865123260242e-07, 5.056688223703532e-07, 5.836431000716402e-07, 5.628938311019738e-07, 5.000176201974682e-07, 4.573451519718219e-07, 4.6384684537770227e-07, 6.14427392520156e-07, 5.75736919472547e-07, 6.107702006374893e-07, 5.575674322244595e-07, 4.883707447334018e-07, 3.377209338850662e-07, 1.0840801678568823e-07, 1.9109336335532134e-09, 3.1827671054251994e-10, 2.842351076726146e-10, 1.667572607777501e-10, 7.584195077514622e-11, 2.3250679159758647e-11, 2.3439993002138948e-11, 2.0288347390984285e-11, 1.4865773542704908e-11, 1.2264024865094036e-11, 1.1894051715755083e-11], "lowlevel.melbands128.stdev": [0.002302849665284157, 0.02518026903271675, 0.05786317214369774, 0.03720368444919586, 0.021291552111506462, 0.00843098945915699, 0.00396508164703846, 0.0027355437632650137, 0.0028358560521155596, 0.002364677144214511, 0.0019821354653686285, 0.0009369335602968931, 0.0005104655865579844, 0.0007433983846567571, 0.000585575879085809, 0.0002287486131535843, 0.0001985831477213651, 0.0002194604167016223, 0.00025609490694478154, 0.00019241658446844667, 0.0001418341271346435, 0.00020176857651676983, 0.00026756973238661885, 0.0002927847672253847, 0.00037503684870898724, 0.0002606600755825639, 0.0001935962645802647, 0.00021801450930070132, 0.00013118013157509267, 0.00014786736574023962, 0.0001531598682049662, 0.00015077639545779675, 0.00010504879901418462, 0.00010228639439446852, 0.00010985387780237943, 9.551151015330106e-05, 0.0001142101245932281, 0.00010326429037377238, 0.00011103008000645787, 0.00011165710748173296, 6.995346484472975e-05, 8.897689258446917e-05, 6.343544373521581e-05, 6.690018926747143e-05, 5.8818302932195365e-05, 5.6198856327682734e-05, 3.546175139490515e-05, 2.887885239033494e-05, 2.7859092369908467e-05, 3.4083615901181474e-05, 2.9687034839298576e-05, 3.254269904573448e-05, 3.330461913719773e-05, 3.7048637750558555e-05, 3.8147180021042004e-05, 3.416607796680182e-05, 2.986772778967861e-05, 2.939574551419355e-05, 3.363642463227734e-05, 3.3437023375881836e-05, 3.16994555760175e-05, 4.332127718953416e-05, 4.055410681758076e-05, 4.4091935706092045e-05, 3.770526745938696e-05, 3.0161903850967064e-05, 2.431163375149481e-05, 3.534346615197137e-05, 3.4323700674576685e-05, 2.3862576199462637e-05, 1.655201231187675e-05, 1.8717535567702726e-05, 2.163565113733057e-05, 2.2510188500746153e-05, 1.9426852304604836e-05, 1.8222561266156845e-05, 1.8628874386195093e-05, 1.4896574612066615e-05, 1.3757162378169596e-05, 1.194780179503141e-05, 1.3059404409432318e-05, 1.2647436960833147e-05, 1.2206765859446023e-05, 1.180323124572169e-05, 1.0609783203108236e-05, 1.1192360034328885e-05, 1.3113162822264712e-05, 1.1717604138539173e-05, 9.167712960334029e-06, 8.387632988160476e-06, 8.048938980209641e-06, 6.562115686392644e-06, 5.239991423877655e-06, 5.129230885358993e-06, 5.433241312857717e-06, 5.915032488701399e-06, 3.6158282910037087e-06, 3.6214203191775596e-06, 3.641476496341056e-06, 3.3669921322143637e-06, 2.295281092301593e-06, 2.1076875782455318e-06, 1.917637064252631e-06, 1.929965264935163e-06, 1.3240402267911122e-06, 1.595161506884324e-06, 1.6114838672365295e-06, 1.90880814443517e-06, 1.3808077028443222e-06, 1.2240965361343115e-06, 1.6266462807834614e-06, 1.3258764965939918e-06, 1.51145229665417e-06, 1.477288719797798e-06, 1.2474355344238575e-06, 8.912754765333375e-07, 3.410802378311928e-07, 1.5608899062158343e-08, 9.32488308791335e-09, 8.394309247705678e-09, 4.917308338292514e-09, 1.9380290705584002e-09, 1.7964886522836565e-10, 2.1115606485544447e-10, 1.5975581968419306e-10, 5.66808093516169e-11, 2.152222497442402e-11, 2.072832183674933e-11], "lowlevel.mfcc.mean": [-736.7454833984375, 123.00968170166016, 46.684688568115234, 48.1757926940918, 25.01581382751465, 28.389095306396484, 20.4208927154541, 24.68351173400879, 10.946027755737305, 15.630707740783691, 5.9344024658203125, 3.1488349437713623, -0.25121811032295227], "lowlevel.spectral_contrast_coeffs.mean": [-0.6329302191734314, -0.8172299265861511, -0.8121529221534729, -0.8394371271133423, -0.8310232162475586, -0.7739905714988708], "lowlevel.spectral_contrast_coeffs.stdev": [0.09541959315538406, 0.0687544047832489, 0.060789596289396286, 0.05144660174846649, 0.04550335556268692, 0.048712581396102905], "lowlevel.spectral_contrast_valleys.mean": [-6.863218784332275, -7.867524147033691, -8.407252311706543, -8.735957145690918, -8.480031967163086, -10.948043823242188], "lowlevel.spectral_contrast_valleys.stdev": [1.193677306175232, 1.3525253534317017, 1.5416412353515625, 1.599942922592163, 1.6733078956604004, 1.6944085359573364], "rhythm.beats_loudness_band_ratio.mean": [0.717560350894928, 0.0896025151014328, 0.024333961308002472, 0.040665749460458755, 0.060399994254112244, 0.10556382685899734], "rhythm.beats_loudness_band_ratio.stdev": [0.3364673852920532, 0.12645581364631653, 0.033861782401800156, 0.05023834481835365, 0.07906662672758102, 0.13085713982582092], "tonal.hpcp.mean": [0.06794297695159912, 0.060879286378622055, 0.04929332807660103, 0.04995452240109444, 0.05119038373231888, 0.05365736410021782, 0.08628757297992706, 0.09690061211585999, 0.19064712524414062, 0.28225499391555786, 0.1543855518102646, 0.03695680573582649, 0.028024597093462944, 0.026026776060461998, 0.030732477083802223, 0.05437294393777847, 0.06575439125299454, 0.04928283020853996, 0.03191312775015831, 0.02793998271226883, 0.049993351101875305, 0.12990231812000275, 0.1252133846282959, 0.056777410209178925, 0.05111762881278992, 0.04186568036675453, 0.04031108692288399, 0.03857593238353729, 0.031727928668260574, 0.05288815125823021, 0.09265495091676712, 0.10758587718009949, 0.1128406971693039, 0.10717593878507614, 0.0777532160282135, 0.06478627771139145], "tonal.hpcp.stdev": [0.20643503963947296, 0.19483695924282074, 0.17460939288139343, 0.17543452978134155, 0.1838981658220291, 0.16793212294578552, 0.24409838020801544, 0.2583240866661072, 0.297614723443985, 0.42712509632110596, 0.266646146774292, 0.14451150596141815, 0.1190883070230484, 0.11637376993894577, 0.12218973785638809, 0.184391051530838, 0.20859970152378082, 0.1670132577419281, 0.12852805852890015, 0.1197512075304985, 0.1585848480463028, 0.2999923527240753, 0.28971534967422485, 0.1706334501504898, 0.18480747938156128, 0.14309605956077576, 0.14401067793369293, 0.13935376703739166, 0.10849320888519287, 0.1518305242061615, 0.24723799526691437, 0.2464885413646698, 0.25537109375, 0.2621610164642334, 0.2094600945711136, 0.19040511548519135], "rhythm.beats_position": [0.5921088457107544, 1.160997748374939, 1.7182766199111938, 2.2755556106567383, 2.8212244510650635, 3.3668932914733887, 3.912562370300293, 4.458230972290039, 4.992290019989014, 5.526349067687988, 6.083628177642822, 6.640906810760498, 7.186575889587402, 7.732244968414307, 8.266304016113281, 8.811972618103027, 9.357641220092773, 9.903310775756836, 10.448979377746582, 11.006258010864258, 11.54031753540039, 12.085986137390137, 12.631654739379883, 13.177324295043945, 13.722992897033691, 14.268661499023438, 14.8143310546875, 15.359999656677246, 15.905668258666992, 16.451337814331055, 16.997007369995117, 17.542675018310547, 18.08834457397461, 18.634014129638672, 19.1796817779541, 19.725351333618164, 20.271020889282227, 20.816688537597656, 21.36235809326172, 21.90802764892578, 22.45369529724121, 22.999364852905273, 23.545034408569336, 24.090702056884766, 24.636371612548828, 25.18204116821289, 25.72770881652832, 26.273378372192383, 26.819047927856445, 27.364715576171875, 27.910385131835938, 28.4560546875], "rhythm.bpm_histogram": [0.0, 0.0, 0.0, 0.0, 0.0, 0.0, 0.0, 0.0, 0.0, 0.0, 0.0, 0.0, 0.0, 0.0, 0.0, 0.0, 0.0, 0.0, 0.0, 0.0, 0.0, 0.0, 0.0, 0.0, 0.0, 0.0, 0.0, 0.0, 0.0, 0.0, 0.0, 0.0, 0.0, 0.0, 0.0, 0.0, 0.0, 0.0, 0.0, 0.0, 0.0, 0.0, 0.0, 0.0, 0.0, 0.0, 0.0, 0.0, 0.0, 0.0, 0.0, 0.0, 0.0, 0.0, 0.0, 0.0, 0.0, 0.0, 0.0, 0.0, 0.0, 0.0, 0.0, 0.0, 0.0, 0.0, 0.0, 0.0, 0.0, 0.0, 0.0, 0.0, 0.0, 0.0, 0.0, 0.0, 0.0, 0.0, 0.0, 0.0, 0.0, 0.0, 0.0, 0.0, 0.0, 0.0, 0.0, 0.0, 0.0, 0.0, 0.0, 0.0, 0.0, 0.0, 0.0, 0.0, 0.0, 0.0, 0.0, 0.0, 0.0, 0.0, 0.0, 0.0, 0.0, 0.019607843831181526, 0.0, 0.0, 0.09803921729326248, 0.0, 0.8039215803146362, 0.0, 0.0784313753247261, 0.0, 0.0, 0.0, 0.0, 0.0, 0.0, 0.0, 0.0, 0.0, 0.0, 0.0, 0.0, 0.0, 0.0, 0.0, 0.0, 0.0, 0.0, 0.0, 0.0, 0.0, 0.0, 0.0, 0.0, 0.0, 0.0, 0.0, 0.0, 0.0, 0.0, 0.0, 0.0, 0.0, 0.0, 0.0, 0.0, 0.0, 0.0, 0.0, 0.0, 0.0, 0.0, 0.0, 0.0, 0.0, 0.0, 0.0, 0.0, 0.0, 0.0, 0.0, 0.0, 0.0, 0.0, 0.0, 0.0, 0.0, 0.0, 0.0, 0.0, 0.0, 0.0, 0.0, 0.0, 0.0, 0.0, 0.0, 0.0, 0.0, 0.0, 0.0, 0.0, 0.0, 0.0, 0.0, 0.0, 0.0, 0.0, 0.0, 0.0, 0.0, 0.0, 0.0, 0.0, 0.0, 0.0, 0.0, 0.0, 0.0, 0.0, 0.0, 0.0, 0.0, 0.0, 0.0, 0.0, 0.0, 0.0, 0.0, 0.0, 0.0, 0.0, 0.0, 0.0, 0.0, 0.0, 0.0, 0.0, 0.0, 0.0, 0.0, 0.0, 0.0, 0.0, 0.0, 0.0, 0.0, 0.0, 0.0, 0.0, 0.0, 0.0, 0.0, 0.0, 0.0, 0.0, 0.0, 0.0, 0.0, 0.0, 0.0, 0.0, 0.0, 0.0, 0.0, 0.0, 0.0], "tonal.chords_histogram": [55.26742172241211, 1.458670973777771, 1.9448946714401245, 4.538087368011475, 0.0, 0.0, 0.0, 8.265802383422852, 1.1345218420028687, 0.0, 4.538087368011475, 0.0, 0.0, 0.0, 0.0, 19.611021041870117, 0.8103727698326111, 0.8103727698326111, 0.0, 0.48622366786003113, 0.0, 0.0, 1.1345218420028687, 0.0], "tonal.thpcp": [1.0, 0.5469719171524048, 0.13093410432338715, 0.0992882251739502, 0.09221015125513077, 0.10888195782899857, 0.19263766705989838, 0.23296095430850983, 0.1746039241552353, 0.11306488513946533, 0.09898844361305237, 0.17712122201919556, 0.46023035049438477, 0.44361796975135803, 0.20115643739700317, 0.18110442161560059, 0.14832574129104614, 0.14281797409057617, 0.13667050004005432, 0.11240874230861664, 0.1873771995306015, 0.32826682925224304, 0.3811655342578888, 0.39978280663490295, 0.37971317768096924, 0.2754715383052826, 0.22953101992607117, 0.2407148778438568, 0.21568895876407623, 0.17464111745357513, 0.17698365449905396, 0.18136219680309296, 0.1901024430990219, 0.3057078719139099, 0.3433087468147278, 0.6754428744316101], "lowlevel.gfcc.cov": [[17373.357421875, -3605.7119140625, -3700.802001953125, -456.4007263183594, -1642.5703125, 139.3726348876953, -1252.889892578125, 519.8955078125, -1124.7769775390625, 380.7889404296875, -807.1831665039062, 698.1243896484375, -704.495849609375], [-3605.7119140625, 2997.838134765625, 1243.93408203125, -335.5986633300781, 584.3857421875, -311.57611083984375, 395.6355285644531, -293.3327941894531, 357.11444091796875, -381.1059875488281, 335.2738342285156, -413.2762756347656, 250.19602966308594], [-3700.802001953125, 1243.93408203125, 2694.10400390625, 617.16943359375, 675.5016479492188, -74.23147583007812, 445.9429931640625, -131.4366912841797, 372.8195495605469, -121.0794448852539, 87.39871978759766, -196.05723571777344, 199.86463928222656], [-456.4007263183594, -335.5986633300781, 617.16943359375, 722.9376220703125, 272.4866943359375, 122.93508911132812, 89.96804809570312, 25.457426071166992, 102.92633819580078, -13.533607482910156, 1.4158742427825928, -2.7140297889709473, 39.08034133911133], [-1642.5703125, 584.3857421875, 675.5016479492188, 272.4866943359375, 634.7802124023438, 111.06108093261719, 287.26446533203125, -26.649471282958984, 191.2123565673828, -87.73799133300781, 136.09402465820312, -86.05206298828125, 110.23970031738281], [139.3726348876953, -311.57611083984375, -74.23147583007812, 122.93508911132812, 111.06108093261719, 310.7301940917969, 141.67897033691406, 56.826045989990234, 15.51237964630127, 66.11050415039062, 16.799549102783203, 27.741300582885742, -14.441680908203125], [-1252.889892578125, 395.6355285644531, 445.9429931640625, 89.96804809570312, 287.26446533203125, 141.67897033691406, 389.1413879394531, 26.008522033691406, 149.23655700683594, -9.781622886657715, 109.10629272460938, -60.4365119934082, 67.26221466064453], [519.8955078125, -293.3327941894531, -131.4366912841797, 25.457426071166992, -26.649471282958984, 56.826045989990234, 26.008522033691406, 184.44317626953125, 22.181827545166016, 78.24996948242188, -15.369475364685059, 69.70166778564453, -20.977415084838867], [-1124.7769775390625, 357.11444091796875, 372.8195495605469, 102.92633819580078, 191.2123565673828, 15.51237964630127, 149.23655700683594, 22.181827545166016, 235.02392578125, 8.226086616516113, 98.77582550048828, -47.804649353027344, 81.88462829589844], [380.7889404296875, -381.1059875488281, -121.0794448852539, -13.533607482910156, -87.73799133300781, 66.11050415039062, -9.781622886657715, 78.24996948242188, 8.226086616516113, 176.7594451904297, -19.315244674682617, 75.2743148803711, -33.654972076416016], [-807.1831665039062, 335.2738342285156, 87.39871978759766, 1.4158742427825928, 136.09402465820312, 16.799549102783203, 109.10629272460938, -15.369475364685059, 98.77582550048828, -19.315244674682617, 159.92575073242188, -25.45808219909668, 54.351924896240234], [698.1243896484375, -413.2762756347656, -196.05723571777344, -2.7140297889709473, -86.05206298828125, 27.741300582885742, -60.4365119934082, 69.70166778564453, -47.804649353027344, 75.2743148803711, -25.45808219909668, 140.48751831054688, -16.264535903930664], [-704.495849609375, 250.19602966308594, 199.86463928222656, 39.08034133911133, 110.23970031738281, -14.441680908203125, 67.26221466064453, -20.977415084838867, 81.88462829589844, -33.654972076416016, 54.351924896240234, -16.264535903930664, 101.88438415527344]], "lowlevel.gfcc.icov": [[0.00016071239951997995, -0.00020079166279174387, 0.00015271807205863297, -0.00021354066848289222, 0.00011103574797743931, -0.00017733043932821602, 0.00017898813530337065, -0.0002762115909717977, 0.0002616053097881377, -4.705192259280011e-05, 0.0005005517159588635, -0.000603044405579567, 0.00047727421042509377], [-0.00020079166279174387, 0.0022949445992708206, -0.0007848498062230647, 0.0020180789288133383, -0.0007812048424966633, 0.0012189665576443076, -0.0005017792573198676, 0.0006146146915853024, -0.0010821730829775333, 0.0018964704358950257, -0.0025645443238317966, 0.0034450499806553125, -0.001368412165902555], [0.00015271807205863297, -0.0007848498062230647, 0.0012044706381857395, -0.0012867695186287165, -9.662791853770614e-05, 0.0004320340813137591, -0.0006697186618112028, 0.0003632248844951391, -0.00015378239913843572, -0.0008979064295999706, 0.0019631637260317802, -0.0011953110806643963, 0.00038573291385546327], [-0.00021354066848289222, 0.0020180789288133383, -0.0012867695186287165, 0.0040561421774327755, -0.0013016349403187633, -0.00017325530643574893, 0.000561079359613359, 0.00012899207649752498, -0.0015131366671994328, 0.0022209498565644026, -0.0019270676421001554, 0.0025197435170412064, -0.0010439518373459578], [0.00011103574797743931, -0.0007812048424966633, -9.662791853770614e-05, -0.0013016349403187633, 0.003983240108937025, -0.0014376863837242126, -0.0007637768867425621, -0.00031036671134643257, -0.0002448926097713411, 0.000940282188821584, -0.00033449652255512774, -0.0011308203684166074, -0.0001930166472448036], [-0.00017733043932821602, 0.0012189665576443076, 0.0004320340813137591, -0.00017325530643574893, -0.0014376863837242126, 0.006737970747053623, -0.0033256567548960447, 0.0007926675025373697, 0.00016459850303363055, -0.0012571506667882204, -0.0008280049078166485, 0.0016135131008923054, 2.050870534731075e-05], [0.00017898813530337065, -0.0005017792573198676, -0.0006697186618112028, 0.000561079359613359, -0.0007637768867425621, -0.0033256567548960447, 0.006735634058713913, -0.0022330130450427532, -1.4561133866664022e-05, -0.0001431827258784324, -0.001320780604146421, 0.0007142994436435401, -0.00020005347323603928], [-0.0002762115909717977, 0.0006146146915853024, 0.0003632248844951391, 0.00012899207649752498, -0.00031036671134643257, 0.0007926675025373697, -0.0022330130450427532, 0.009521864354610443, -0.0035351901315152645, -0.0009366891463287175, 0.0009315488860011101, -0.0027229797560721636, 0.0013018359895795584], [0.0002616053097881377, -0.0010821730829775333, -0.00015378239913843572, -0.0015131366671994328, -0.0002448926097713411, 0.00016459850303363055, -1.4561133866664022e-05, -0.0035351901315152645, 0.011661761440336704, -0.004274135455489159, -0.002381258411332965, 0.0021728307474404573, -0.004248735029250383], [-4.705192259280011e-05, 0.0018964704358950257, -0.0008979064295999706, 0.0022209498565644026, 0.000940282188821584, -0.0012571506667882204, -0.0001431827258784324, -0.0009366891463287175, -0.004274135455489159, 0.012170430272817612, -0.0014967193128541112, -0.002121744677424431, 0.0025481681805104017], [0.0005005517159588635, -0.0025645443238317966, 0.0019631637260317802, -0.0019270676421001554, -0.00033449652255512774, -0.0008280049078166485, -0.001320780604146421, 0.0009315488860011101, -0.002381258411332965, -0.0014967193128541112, 0.014620530419051647, -0.005682456772774458, 0.0006679724901914597], [-0.000603044405579567, 0.0034450499806553125, -0.0011953110806643963, 0.0025197435170412064, -0.0011308203684166074, 0.0016135131008923054, 0.0007142994436435401, -0.0027229797560721636, 0.0021728307474404573, -0.002121744677424431, -0.005682456772774458, 0.01929345726966858, -0.0071672662161290646], [0.00047727421042509377, -0.001368412165902555, 0.00038573291385546327, -0.0010439518373459578, -0.0001930166472448036, 2.050870534731075e-05, -0.00020005347323603928, 0.0013018359895795584, -0.004248735029250383, 0.0025481681805104017, 0.0006679724901914597, -0.0071672662161290646, 0.019487176090478897]], "lowlevel.mfcc.cov": [[19062.19921875, -4241.82861328125, -3122.10205078125, -1592.5015869140625, -1166.7432861328125, -967.0687866210938, -626.2390747070312, -338.3387145996094, -647.3075561523438, -425.7767333984375, -447.9090270996094, -229.5579071044922, -327.6259460449219], [-4241.82861328125, 3236.392578125, 770.2940063476562, 234.24444580078125, 224.13856506347656, 37.6661376953125, 124.50970458984375, 63.72779846191406, 12.650675773620605, 123.55841827392578, 51.35387420654297, -14.185168266296387, -87.51338195800781], [-3122.10205078125, 770.2940063476562, 1640.578369140625, 712.1861572265625, 353.2938232421875, 251.0086212158203, 78.38134002685547, 55.5955810546875, 227.83131408691406, 73.85557556152344, 59.636566162109375, 10.019033432006836, 67.91191101074219], [-1592.5015869140625, 234.24444580078125, 712.1861572265625, 674.0435180664062, 351.13995361328125, 174.49288940429688, 76.24266052246094, 109.410400390625, 148.2781982421875, 41.4132080078125, 32.60505676269531, 9.074114799499512, 87.19091033935547], [-1166.7432861328125, 224.13856506347656, 353.2938232421875, 351.13995361328125, 414.1864318847656, 169.42230224609375, 78.49287414550781, 96.75558471679688, 90.99417114257812, 40.50265121459961, 24.454469680786133, 2.4680240154266357, 59.71559143066406], [-967.0687866210938, 37.6661376953125, 251.0086212158203, 174.49288940429688, 169.42230224609375, 333.0845031738281, 173.34092712402344, 94.28474426269531, 101.94933319091797, 52.951358795166016, 72.74484252929688, 39.204410552978516, 36.683746337890625], [-626.2390747070312, 124.50970458984375, 78.38134002685547, 76.24266052246094, 78.49287414550781, 173.34092712402344, 239.68917846679688, 117.277587890625, 57.98545455932617, 50.56167221069336, 58.41987609863281, 32.58113479614258, 23.594575881958008], [-338.3387145996094, 63.72779846191406, 55.5955810546875, 109.410400390625, 96.75558471679688, 94.28474426269531, 117.277587890625, 179.06744384765625, 66.21011352539062, 60.560115814208984, 23.69455337524414, 31.152137756347656, 39.60100555419922], [-647.3075561523438, 12.650675773620605, 227.83131408691406, 148.2781982421875, 90.99417114257812, 101.94933319091797, 57.98545455932617, 66.21011352539062, 175.7547607421875, 62.90220260620117, 49.102577209472656, 36.57988739013672, 52.527976989746094], [-425.7767333984375, 123.55841827392578, 73.85557556152344, 41.4132080078125, 40.50265121459961, 52.951358795166016, 50.56167221069336, 60.560115814208984, 62.90220260620117, 124.79000091552734, 57.62107467651367, 34.89503479003906, 16.29502296447754], [-447.9090270996094, 51.35387420654297, 59.636566162109375, 32.60505676269531, 24.454469680786133, 72.74484252929688, 58.41987609863281, 23.69455337524414, 49.102577209472656, 57.62107467651367, 101.34187316894531, 50.670013427734375, 37.513362884521484], [-229.5579071044922, -14.185168266296387, 10.019033432006836, 9.074114799499512, 2.4680240154266357, 39.204410552978516, 32.58113479614258, 31.152137756347656, 36.57988739013672, 34.89503479003906, 50.670013427734375, 93.48429870605469, 51.31945037841797], [-327.6259460449219, -87.51338195800781, 67.91191101074219, 87.19091033935547, 59.71559143066406, 36.683746337890625, 23.594575881958008, 39.60100555419922, 52.527976989746094, 16.29502296447754, 37.513362884521484, 51.31945037841797, 106.31132507324219]], "lowlevel.mfcc.icov": [[0.00012133856944274157, 0.0001306827471125871, 9.832144132815301e-05, 2.419459997327067e-05, 6.532308179885149e-05, 0.00012958758452441543, 7.588002335978672e-05, -0.00013491540448740125, 7.723939779680222e-05, 4.611076656146906e-05, 0.0001169669849332422, 1.5488360077142715e-05, 0.00025688690948300064], [0.0001306827471125871, 0.0005646140198223293, -0.00017545804439578205, 0.00016848693485371768, -0.00022759742569178343, 0.0005179166328161955, -0.00022453017299994826, -0.00022312627697829157, 0.00038077213685028255, -0.00023271117242984474, -0.00010223717254120857, -0.0001351542741758749, 0.0008723375503905118], [9.832144132815301e-05, -0.00017545804439578205, 0.0015551220858469605, -0.0014160347636789083, 0.0003697581996675581, -0.0004968356806784868, 0.0002676252624951303, 0.0007629882311448455, -0.0008714388241060078, -0.00010962129454128444, 0.00034714656067080796, 0.00011068488674936816, 0.00021809439931530505], [2.419459997327067e-05, 0.00016848693485371768, -0.0014160347636789083, 0.004464945290237665, -0.002259561326354742, 0.00029816929600201547, 0.00019106334366369992, -0.0012836199020966887, -0.00044703410821966827, 0.0006739756208844483, -0.00018068098870571703, 0.0007319512660615146, -0.0011140278074890375], [6.532308179885149e-05, -0.00022759742569178343, 0.0003697581996675581, -0.002259561326354742, 0.0053312331438064575, -0.001899714581668377, 0.0007214712095446885, -0.0007945369579829276, 0.00022782653104513884, -0.0005541558493860066, 0.000788835168350488, 0.0015606872038915753, -0.0016316629480570555], [0.00012958758452441543, 0.0005179166328161955, -0.0004968356806784868, 0.00029816929600201547, -0.001899714581668377, 0.007040305528789759, -0.003767314599826932, -5.2712755859829485e-05, -0.0011271528201177716, 0.0008588152122683823, -0.0020954350475221872, -0.0010190787725150585, 0.0020486603025346994], [7.588002335978672e-05, -0.00022453017299994826, 0.0002676252624951303, 0.00019106334366369992, 0.0007214712095446885, -0.003767314599826932, 0.009514524601399899, -0.005024261772632599, 0.0004455932939890772, 0.001076949993148446, -0.002977672265842557, 0.0006666973931714892, 0.0007195905200205743], [-0.00013491540448740125, -0.00022312627697829157, 0.0007629882311448455, -0.0012836199020966887, -0.0007945369579829276, -5.2712755859829485e-05, -0.005024261772632599, 0.01191847212612629, -0.0014686392387375236, -0.0044260635040700436, 0.0046875071711838245, -0.0014798857737332582, -0.002429772401228547], [7.723939779680222e-05, 0.00038077213685028255, -0.0008714388241060078, -0.00044703410821966827, 0.00022782653104513884, -0.0011271528201177716, 0.0004455932939890772, -0.0014686392387375236, 0.010376895777881145, -0.003066006349399686, -0.000781192968133837, -0.0001375589781673625, -0.0021312497556209564], [4.611076656146906e-05, -0.00023271117242984474, -0.00010962129454128444, 0.0006739756208844483, -0.0005541558493860066, 0.0008588152122683823, 0.001076949993148446, -0.0044260635040700436, -0.003066006349399686, 0.014629744924604893, -0.007294347044080496, -0.001405081246048212, 0.0034171140287071466], [0.0001169669849332422, -0.00010223717254120857, 0.00034714656067080796, -0.00018068098870571703, 0.000788835168350488, -0.0020954350475221872, -0.002977672265842557, 0.0046875071711838245, -0.000781192968133837, -0.007294347044080496, 0.020991146564483643, -0.005703517701476812, -0.003752270247787237], [1.5488360077142715e-05, -0.0001351542741758749, 0.00011068488674936816, 0.0007319512660615146, 0.0015606872038915753, -0.0010190787725150585, 0.0006666973931714892, -0.0014798857737332582, -0.0001375589781673625, -0.001405081246048212, -0.005703517701476812, 0.019262509420514107, -0.00785890594124794], [0.00025688690948300064, 0.0008723375503905118, 0.00021809439931530505, -0.0011140278074890375, -0.0016316629480570555, 0.0020486603025346994, 0.0007195905200205743, -0.002429772401228547, -0.0021312497556209564, 0.0034171140287071466, -0.003752270247787237, -0.00785890594124794, 0.01829245686531067]], "metadata.audio_properties.analysis.downmix": "mix", "metadata.audio_properties.codec": "mp3", "metadata.audio_properties.md5_encoded": "5b5f0973f8929f37bb0aabe8adfa20f1", "metadata.tags.file_name": "1183705886166880287.mp3", "metadata.version.essentia": "2.1-beta6-dev", "metadata.version.essentia_git_sha": "v2.1_beta5-1110-g77a6a954", "metadata.version.extractor": "music 2.0", "tonal.chords_key": "C", "tonal.chords_scale": "major", "tonal.key_edma.key": "E", "tonal.key_edma.scale": "minor", "tonal.key_krumhansl.key": "E", "tonal.key_krumhansl.scale": "minor", "tonal.key_temperley.key": "C", "tonal.key_temper