{"song_id": "1183708275456360448", "download": "https://cdn.discordapp.com/attachments/1128313332273782784/1183708275456360448/chirp.mp4?ex=6589513d&amp", "lyrics": "Uncle Gump's family lives on a small hill and there's a river at the bottom of the hill which is crossed by a boat not too big with many passengers kittens, puppies, rabbits and a big white goose Uncle Gump sits down and says to them sit quietly and don't make any noise and everyone remembers the rules we agreed on but the boat suddenly capsizes before it reaches the centre of the river.", "style": ["pop</span><span>-punk"], "essentia_features": {"lowlevel.average_loudness": 0.9591699242591858, "lowlevel.barkbands_crest.mean": 11.120146751403809, "lowlevel.barkbands_crest.stdev": 4.7163872718811035, "lowlevel.barkbands_flatness_db.mean": 0.1392132192850113, "lowlevel.barkbands_flatness_db.stdev": 0.05661727860569954, "lowlevel.barkbands_kurtosis.mean": 5.731390953063965, "lowlevel.barkbands_kurtosis.stdev": 12.523881912231445, "lowlevel.barkbands_skewness.mean": 1.3808962106704712, "lowlevel.barkbands_skewness.stdev": 1.8221267461776733, "lowlevel.barkbands_spread.mean": 29.473249435424805, "lowlevel.barkbands_spread.stdev": 24.685131072998047, "lowlevel.dissonance.mean": 0.45759081840515137, "lowlevel.dissonance.stdev": 0.041241686791181564, "lowlevel.dynamic_complexity": 3.299064874649048, "lowlevel.erbbands_crest.mean": 10.476723670959473, "lowlevel.erbbands_crest.stdev": 5.100736141204834, "lowlevel.erbbands_flatness_db.mean": 0.16355983912944794, "lowlevel.erbbands_flatness_db.stdev": 0.05849645286798477, "lowlevel.erbbands_kurtosis.mean": 1.2896971702575684, "lowlevel.erbbands_kurtosis.stdev": 3.2114615440368652, "lowlevel.erbbands_skewness.mean": 0.09554139524698257, "lowlevel.erbbands_skewness.stdev": 1.1401216983795166, "lowlevel.erbbands_spread.mean": 38.88991928100586, "lowlevel.erbbands_spread.stdev": 21.65665626525879, "lowlevel.hfc.mean": 25.169769287109375, "lowlevel.hfc.stdev": 27.7292537689209, "lowlevel.loudness_ebu128.integrated": -17.004858016967773, "lowlevel.loudness_ebu128.loudness_range": 2.0647811889648438, "lowlevel.loudness_ebu128.momentary.mean": -17.356557846069336, "lowlevel.loudness_ebu128.momentary.stdev": 1.8645223379135132, "lowlevel.loudness_ebu128.short_term.mean": -16.849376678466797, "lowlevel.loudness_ebu128.short_term.stdev": 0.7710877060890198, "lowlevel.melbands_crest.mean": 17.98101043701172, "lowlevel.melbands_crest.stdev": 7.889237880706787, "lowlevel.melbands_flatness_db.mean": 0.19261255860328674, "lowlevel.melbands_flatness_db.stdev": 0.07581696659326553, "lowlevel.melbands_kurtosis.mean": 21.089008331298828, "lowlevel.melbands_kurtosis.stdev": 49.40043258666992, "lowlevel.melbands_skewness.mean": 2.844219446182251, "lowlevel.melbands_skewness.stdev": 2.9144158363342285, "lowlevel.melbands_spread.mean": 38.07072830200195, "lowlevel.melbands_spread.stdev": 45.262672424316406, "lowlevel.pitch_salience.mean": 0.545174777507782, "lowlevel.pitch_salience.stdev": 0.15561431646347046, "lowlevel.silence_rate_20dB.mean": 1.0, "lowlevel.silence_rate_20dB.stdev": 0.0, "lowlevel.silence_rate_30dB.mean": 0.9884792566299438, "lowlevel.silence_rate_30dB.stdev": 0.10671421140432358, "lowlevel.silence_rate_60dB.mean": 0.10138248652219772, "lowlevel.silence_rate_60dB.stdev": 0.3018331825733185, "lowlevel.spectral_centroid.mean": 1909.9993896484375, "lowlevel.spectral_centroid.stdev": 1049.414794921875, "lowlevel.spectral_complexity.mean": 12.84101390838623, "lowlevel.spectral_complexity.stdev": 10.238969802856445, "lowlevel.spectral_decrease.mean": -6.028182841788521e-09, "lowlevel.spectral_decrease.stdev": 6.6743188753548566e-09, "lowlevel.spectral_energy.mean": 0.025034742429852486, "lowlevel.spectral_energy.stdev": 0.026168808341026306, "lowlevel.spectral_energyband_high.mean": 0.001557652954943478, "lowlevel.spectral_energyband_high.stdev": 0.0029680512379854918, "lowlevel.spectral_energyband_low.mean": 0.007963713258504868, "lowlevel.spectral_energyband_low.stdev": 0.02081640064716339, "lowlevel.spectral_energyband_middle_high.mean": 0.005652046762406826, "lowlevel.spectral_energyband_middle_high.stdev": 0.010165861807763577, "lowlevel.spectral_energyband_middle_low.mean": 0.009991268627345562, "lowlevel.spectral_energyband_middle_low.stdev": 0.01191577035933733, "lowlevel.spectral_entropy.mean": 7.6874213218688965, "lowlevel.spectral_entropy.stdev": 0.5493716597557068, "lowlevel.spectral_flux.mean": 0.1019163429737091, "lowlevel.spectral_flux.stdev": 0.05975516512989998, "lowlevel.spectral_kurtosis.mean": 4.07259464263916, "lowlevel.spectral_kurtosis.stdev": 2.973381757736206, "lowlevel.spectral_rms.mean": 0.004356183111667633, "lowlevel.spectral_rms.stdev": 0.0023340482730418444, "lowlevel.spectral_rolloff.mean": 2631.51708984375, "lowlevel.spectral_rolloff.stdev": 3225.5068359375, "lowlevel.spectral_skewness.mean": 1.3643653392791748, "lowlevel.spectral_skewness.stdev": 0.46735894680023193, "lowlevel.spectral_spread.mean": 5143289.5, "lowlevel.spectral_spread.stdev": 2371834.5, "lowlevel.spectral_strongpeak.mean": 1.179990291595459, "lowlevel.spectral_strongpeak.stdev": 1.5562788248062134, "lowlevel.zerocrossingrate.mean": 0.09249947965145111, "lowlevel.zerocrossingrate.stdev": 0.08398106694221497, "metadata.audio_properties.analysis.equal_loudness": 0.0, "metadata.audio_properties.analysis.length": 20.117324829101562, "metadata.audio_properties.analysis.sample_rate": 44100.0, "metadata.audio_properties.analysis.start_time": 0.0, "metadata.audio_properties.bit_rate": 122095.0, "metadata.audio_properties.length": 20.117332458496094, "metadata.audio_properties.lossless": 0.0, "metadata.audio_properties.number_channels": 1.0, "metadata.audio_properties.replay_gain": -10.688066482543945, "metadata.audio_properties.sample_rate": 48000.0, "rhythm.beats_count": 31.0, "rhythm.beats_loudness.mean": 0.03326006978750229, "rhythm.beats_loudness.stdev": 0.01762779988348484, "rhythm.bpm": 95.83675384521484, "rhythm.bpm_histogram_first_peak_bpm": 96.0, "rhythm.bpm_histogram_first_peak_weight": 0.36666667461395264, "rhythm.bpm_histogram_second_peak_bpm": 0.0, "rhythm.bpm_histogram_second_peak_spread": 0.0, "rhythm.bpm_histogram_second_peak_weight": 0.0, "rhythm.danceability": 1.5206544399261475, "rhythm.onset_rate": 5.315000534057617, "tonal.chords_changes_rate": 0.15632183849811554, "tonal.chords_number_rate": 0.025287356227636337, "tonal.chords_strength.mean": 0.4887257218360901, "tonal.chords_strength.stdev": 0.11234543472528458, "tonal.hpcp_crest.mean": 13.462052345275879, "tonal.hpcp_crest.stdev": 6.314693450927734, "tonal.hpcp_entropy.mean": 2.043111801147461, "tonal.hpcp_entropy.stdev": 0.8265865445137024, "tonal.key_edma.strength": 0.3784501254558563, "tonal.key_krumhansl.strength": 0.375894159078598, "tonal.key_temperley.strength": 0.3470137119293213, "tonal.tuning_diatonic_strength": 0.37682637572288513, "tonal.tuning_equal_tempered_deviation": 0.2603669762611389, "tonal.tuning_frequency": 434.193115234375, "tonal.tuning_nontempered_energy_ratio": 0.9067888259887695, "lowlevel.barkbands.mean": [0.0017274594865739346, 0.005809558089822531, 0.00043825688771903515, 0.0007431525737047195, 0.0017352942377328873, 0.0017173712840303779, 0.0022202786058187485, 0.0016067710239440203, 0.0017065656138584018, 0.0008720336481928825, 0.0012611591955646873, 0.0006418526754714549, 0.0006143099744804204, 0.0005881098913960159, 0.0005786516703665257, 0.00026472294121049345, 0.00019278073159512132, 0.0003309583698865026, 0.0002565224131103605, 0.0004770271189045161, 0.00029342842753976583, 0.00017648124776314944, 0.0002203349577030167, 0.0001323958276771009, 0.00023917166981846094, 0.00018146024376619607, 8.633930519863497e-06], "lowlevel.barkbands.stdev": [0.003256449243053794, 0.017215603962540627, 0.0017367142718285322, 0.001861882978118956, 0.002959588775411248, 0.0038119207601994276, 0.006901274435222149, 0.004323277156800032, 0.004628489725291729, 0.002764310920611024, 0.005208119284361601, 0.002068430883809924, 0.002543073147535324, 0.0019372873939573765, 0.0012628304539248347, 0.0007199443061836064, 0.00045425762073136866, 0.0007191098993644118, 0.00041693716775625944, 0.0009732877369970083, 0.0008199326694011688, 0.00042582201422192156, 0.0004717065894510597, 0.0002798266941681504, 0.0005776118487119675, 0.00043822891893796623, 2.4183456844184548e-05], "lowlevel.erbbands.mean": [0.3053876757621765, 0.7544369101524353, 0.6869713068008423, 1.3504236936569214, 5.5647501945495605, 5.320818901062012, 3.5980772972106934, 19.191194534301758, 30.11737823486328, 35.17096710205078, 37.559165954589844, 40.522586822509766, 27.549213409423828, 36.661128997802734, 43.43947982788086, 28.39280128479004, 30.000728607177734, 29.76328468322754, 30.183738708496094, 24.429500579833984, 13.877503395080566, 11.68260383605957, 16.076141357421875, 16.88701629638672, 12.859784126281738, 22.52066993713379, 17.09247398376465, 9.006802558898926, 6.7185564041137695, 6.309671401977539, 5.961711883544922, 3.278435468673706, 2.115614652633667, 2.4023072719573975, 1.8372445106506348, 0.9360698461532593, 0.2883620262145996, 0.05299234017729759, 0.0011233520926907659, 6.669644790235907e-05], "lowlevel.erbbands.stdev": [0.8455853462219238, 2.7414581775665283, 2.7496938705444336, 3.1597511768341064, 8.491264343261719, 12.440079689025879, 10.662629127502441, 43.05278015136719, 78.54792022705078, 120.69572448730469, 98.18807983398438, 113.54197692871094, 75.48124694824219, 123.0040283203125, 169.4242401123047, 92.49585723876953, 124.79180908203125, 92.21765899658203, 69.95096588134766, 54.476749420166016, 34.14299011230469, 27.240028381347656, 37.8387451171875, 27.177879333496094, 22.260906219482422, 45.848880767822266, 43.643218994140625, 26.127843856811523, 16.92898178100586, 14.099421501159668, 12.427974700927734, 6.980344295501709, 4.656315326690674, 5.808253288269043, 4.631132125854492, 2.435530185699463, 0.6873895525932312, 0.1307133436203003, 0.0026506788562983274, 9.283125109504908e-05], "lowlevel.gfcc.mean": [-20.242067337036133, 53.69160842895508, -113.57164764404297, 34.307281494140625, -55.07884979248047, 10.344827651977539, -39.5743522644043, 10.952337265014648, -26.957469940185547, 14.931106567382812, -15.717260360717773, -0.5932671427726746, -12.44157600402832], "lowlevel.melbands.mean": [0.0021618828177452087, 0.000531768542714417, 0.00037264556158334017, 0.00042735543684102595, 0.00013751188816968352, 0.0004128986329305917, 0.0004662168794311583, 0.0003745481662917882, 0.00031955429585650563, 0.00023790540581103414, 0.0001317957794526592, 0.00014116059173829854, 0.00016988084826152772, 7.27368169464171e-05, 7.624947465956211e-05, 5.7009663578355685e-05, 5.498963946592994e-05, 4.842022462980822e-05, 4.145300772506744e-05, 2.25647436309373e-05, 1.5037175217003096e-05, 1.2051767953380477e-05, 1.2123067790525965e-05, 1.6133628378156573e-05, 1.3632586160383653e-05, 8.740045814192854e-06, 1.0766115337901283e-05, 1.633520696486812e-05, 1.2728032743325457e-05, 6.62074808133184e-06, 4.685629392042756e-06, 4.031978733110009e-06, 2.907885118474951e-06, 3.868550265906379e-06, 3.6064711821381934e-06, 2.7246940135228215e-06, 1.7008607073876192e-06, 1.3260839750728337e-06, 1.7454565295338398e-06, 2.121911393260234e-06], "lowlevel.melbands.stdev": [0.005924372933804989, 0.002029677154496312, 0.0007031606510281563, 0.0006916946731507778, 0.0004149322339799255, 0.0008897288935258985, 0.00123876566067338, 0.0011906706495210528, 0.0008711433038115501, 0.0006540808244608343, 0.00038534507621079683, 0.00048138582496903837, 0.0007162928814068437, 0.00022276116942521185, 0.00029555894434452057, 0.00019827963842544705, 0.00018469699716661125, 0.00012522333418019116, 8.986856119008735e-05, 5.825389234814793e-05, 4.154517955612391e-05, 3.0671806598547846e-05, 3.355347507749684e-05, 3.610990825109184e-05, 2.247470365546178e-05, 1.4975682461226825e-05, 2.1523746909224428e-05, 3.502728941384703e-05, 3.335107248858549e-05, 2.0847548512392677e-05, 1.387163774779765e-05, 1.0801621101563796e-05, 6.603123893000884e-06, 8.982589861261658e-06, 7.725370778643992e-06, 5.760315616498701e-06, 3.852800091408426e-06, 3.027056891369284e-06, 3.974389528593747e-06, 5.384673841035692e-06], "lowlevel.melbands128.mean": [0.001496233162470162, 0.0030784811824560165, 0.002144375117495656, 0.000995732843875885, 0.00042683424544520676, 0.0001791428221622482, 0.00019394507398828864, 0.0004593947378452867, 0.0006100753089413047, 0.0005097587709315121, 0.00026029860600829124, 0.000133945926791057, 7.216145604616031e-05, 0.00015324019477702677, 0.000440196949057281, 0.0005593898822553456, 0.0004838633176404983, 0.0004637472447939217, 0.0004121542442589998, 0.00041761129978112876, 0.00034167541889473796, 0.0002902944397646934, 0.0003144826623611152, 0.0003485784982331097, 0.00031037305598147213, 0.00016482410137541592, 0.00013724739255849272, 0.00013208029849920422, 0.00012411532225087285, 0.00012213639274705201, 0.0001357192813884467, 0.0002004366397159174, 0.0002221085742348805, 0.00010831487452378497, 6.0889495216542855e-05, 6.956451397854835e-05, 7.735690451227129e-05, 7.179708336479962e-05, 8.916934166336432e-05, 5.9746609622379765e-05, 4.734572212328203e-05, 5.181528104003519e-05, 5.696522202924825e-05, 6.180755008244887e-05, 4.280631765141152e-05, 5.0365066272206604e-05, 4.723331949207932e-05, 4.1002098441822454e-05, 4.197561793262139e-05, 3.029848994628992e-05, 1.8601580450194888e-05, 1.665546551521402e-05, 1.5563786291750148e-05, 1.4530605767504312e-05, 1.2912744750792626e-05, 1.3218456842878368e-05, 9.7218817245448e-06, 9.659204806666821e-06, 1.4293245840235613e-05, 1.4323313735076226e-05, 1.606203841220122e-05, 1.7702208424452692e-05, 1.6581299860263243e-05, 1.2113699995097704e-05, 9.073211913346313e-06, 9.31569047679659e-06, 7.60605871619191e-06, 8.558473382436205e-06, 1.1153681043651886e-05, 1.4510314031213056e-05, 1.4820147043792531e-05, 2.0001158191007562e-05, 1.5848827388253994e-05, 1.2296413842705078e-05, 7.378349437203724e-06, 6.956216566322837e-06, 6.400021447916515e-06, 4.395768428366864e-06, 4.950412858306663e-06, 4.078590791323222e-06, 4.586209342960501e-06, 3.948339781345567e-06, 2.923290821854607e-06, 2.718659516176558e-06, 2.8544857286760816e-06, 3.6299666135164443e-06, 4.24232575824135e-06, 4.301905391912442e-06, 3.2759089663159102e-06, 3.5610808026831364e-06, 3.1217052764986875e-06, 2.3882664663688047e-06, 2.192610054407851e-06, 1.7596610177861294e-06, 1.3263135087981937e-06, 1.3914290093453019e-06, 1.1633477470240905e-06, 1.4079329275773489e-06, 1.8684276028579916e-06, 1.8112149291482638e-06, 2.0370780475786887e-06, 2.280505896123941e-06, 1.932539589688531e-06, 2.5472866127529414e-06, 2.0598147330019856e-06, 1.9285614598629763e-06, 1.8983621430379571e-06, 1.8296333337275428e-06, 1.9310475636302726e-06, 1.295045649385429e-06, 9.588966349838302e-07, 9.579588322594645e-07, 9.12493135274417e-07, 8.236262374339276e-07, 7.19069419119478e-07, 6.885679226797947e-07, 3.5718232993531274e-07, 2.4167457368662326e-08, 5.157945737188641e-10, 9.806952992741369e-12, 9.798407744898707e-12, 8.877883671265518e-12, 8.59311406753438e-12, 8.256575111109665e-12, 6.780708806941593e-12, 4.388677355554593e-12, 3.106140561773274e-12, 2.9025453915365595e-12], "lowlevel.melbands128.stdev": [0.0030038359109312296, 0.008362154476344585, 0.00688667967915535, 0.003963670693337917, 0.001869949046522379, 0.0006828386103734374, 0.0005670632817782462, 0.0011079099494963884, 0.0009886601474136114, 0.0010538387577980757, 0.0008154558017849922, 0.0007319549331441522, 0.0003997174499090761, 0.0004898827755823731, 0.0012380338739603758, 0.0014471580507233739, 0.0012730819871649146, 0.0019024643115699291, 0.0018355251522734761, 0.00200845068320632, 0.0012109937379136682, 0.0009861811995506287, 0.0013049060944467783, 0.0013572750613093376, 0.0011819048086181283, 0.0005783165688626468, 0.0005814568721689284, 0.0005101891583763063, 0.0005549913039430976, 0.0005689810495823622, 0.0006378560792654753, 0.0010679461993277073, 0.0012803819263353944, 0.0005182024906389415, 0.00024838134413585067, 0.0002970358182210475, 0.0003928990918211639, 0.0003333500644657761, 0.0006184846279211342, 0.0003387016768101603, 0.0001847499661380425, 0.00020173356460873038, 0.0002705244696699083, 0.0003628276172094047, 0.00014688496594317257, 0.00016073363076429814, 0.00017214265244547278, 0.00011598531273193657, 0.0001262871955987066, 0.00010959807696053758, 6.149544060463086e-05, 4.5920525735709816e-05, 4.9977636081166565e-05, 5.877747025806457e-05, 3.4496286389185116e-05, 4.625747533282265e-05, 2.9356213417486288e-05, 2.904626126110088e-05, 5.306469029164873e-05, 4.196602094452828e-05, 4.75275628559757e-05, 4.302666275179945e-05, 3.219201244064607e-05, 2.3711652829661034e-05, 1.7038097212207504e-05, 1.8014214219874702e-05, 1.580331809236668e-05, 2.099039193126373e-05, 2.3971397240529768e-05, 3.262903555878438e-05, 3.347472375025973e-05, 5.404933472163975e-05, 4.4261782022658736e-05, 3.716102219186723e-05, 2.4061246222117916e-05, 2.2826323402114213e-05, 2.624073749757372e-05, 1.2457901902962476e-05, 1.8110909877577797e-05, 1.1897824151674286e-05, 1.4040850146557204e-05, 1.1212496247026138e-05, 7.296108833543258e-06, 6.558729637617944e-06, 6.855342689959798e-06, 8.857664397510234e-06, 1.064163188857492e-05, 1.2048628377669957e-05, 6.872177436889615e-06, 7.950457984406967e-06, 6.891218617965933e-06, 5.659855105477618e-06, 4.921027539239731e-06, 4.446823822945589e-06, 3.683246177388355e-06, 3.240840896978625e-06, 2.8439976631489117e-06, 4.051918949699029e-06, 4.327439455664717e-06, 4.5226074689708184e-06, 5.680999493051786e-06, 6.1373712014756165e-06, 5.7781626310315914e-06, 7.415340860461583e-06, 5.804336069559213e-06, 5.429155407910002e-06, 4.936108780384529e-06, 5.1163115131203085e-06, 5.962296654615784e-06, 3.8041750940465135e-06, 2.565724344094633e-06, 2.618017560962471e-06, 2.371218897678773e-06, 2.1672208276868332e-06, 1.9280701053503435e-06, 1.9447313661657972e-06, 9.553544941809378e-07, 1.012409072131959e-07, 1.0603639744033444e-08, 1.5392778718315014e-10, 1.547140748847653e-10, 1.5142707920912102e-10, 1.5136963904538447e-10, 1.4397384673348057e-10, 1.0465925348590588e-10, 4.009233570134718e-11, 7.472378618644804e-12, 5.373018870102886e-12], "lowlevel.mfcc.mean": [-666.6126098632812, 91.67179107666016, -2.769373655319214, 26.84555435180664, 4.371842861175537, 5.737440586090088, 2.7274484634399414, -5.319627285003662, -3.979492664337158, 10.64865779876709, 0.05485779419541359, -2.7190651893615723, 3.097087860107422], "lowlevel.spectral_contrast_coeffs.mean": [-0.6840590834617615, -0.7067434191703796, -0.7809846997261047, -0.7856932878494263, -0.789099931716919, -0.7537141442298889], "lowlevel.spectral_contrast_coeffs.stdev": [0.09329751133918762, 0.12900590896606445, 0.09021047502756119, 0.059227198362350464, 0.04119699448347092, 0.03983534127473831], "lowlevel.spectral_contrast_valleys.mean": [-7.690784454345703, -7.484752655029297, -7.928783893585205, -7.7554779052734375, -7.495645523071289, -10.365323066711426], "lowlevel.spectral_contrast_valleys.stdev": [0.7604585886001587, 0.795060396194458, 0.7748452425003052, 0.6415454745292664, 0.7021391987800598, 1.0256034135818481], "rhythm.beats_loudness_band_ratio.mean": [0.16889235377311707, 0.12563498318195343, 0.20852996408939362, 0.14519087970256805, 0.10401292145252228, 0.3051817715167999], "rhythm.beats_loudness_band_ratio.stdev": [0.1394166350364685, 0.11579690873622894, 0.23549489676952362, 0.2306492030620575, 0.07778869569301605, 0.2119237631559372], "tonal.hpcp.mean": [0.12684360146522522, 0.11515817046165466, 0.08998563885688782, 0.09582612663507462, 0.13018381595611572, 0.15821504592895508, 0.16557081043720245, 0.15987931191921234, 0.14525823295116425, 0.13552002608776093, 0.11773379147052765, 0.08188791573047638, 0.07113382965326309, 0.07371149212121964, 0.06049119681119919, 0.05056885629892349, 0.05163700133562088, 0.06045543774962425, 0.07554124295711517, 0.07106812298297882, 0.06794186681509018, 0.09529143571853638, 0.10432304441928864, 0.10474876314401627, 0.13739971816539764, 0.149025559425354, 0.11992467939853668, 0.10737648606300354, 0.10747635364532471, 0.11418954282999039, 0.12783850729465485, 0.12599091231822968, 0.11350434273481369, 0.1450597494840622, 0.15810106694698334, 0.1269156038761139], "tonal.hpcp.stdev": [0.24245621263980865, 0.23898820579051971, 0.2070002555847168, 0.19357281923294067, 0.2439703792333603, 0.28023412823677063, 0.28845807909965515, 0.2757661044597626, 0.28325915336608887, 0.24808020889759064, 0.23998522758483887, 0.19137153029441833, 0.1838478147983551, 0.19539988040924072, 0.15781041979789734, 0.13448624312877655, 0.14414535462856293, 0.15398059785366058, 0.17019319534301758, 0.1653345823287964, 0.16393257677555084, 0.22619971632957458, 0.23463597893714905, 0.2189139425754547, 0.2556707262992859, 0.2763986587524414, 0.22792133688926697, 0.21293339133262634, 0.21225526928901672, 0.22328713536262512, 0.24690376222133636, 0.23392653465270996, 0.22204676270484924, 0.24840383231639862, 0.2764226198196411, 0.24132408201694489], "rhythm.beats_position": [0.6269387602806091, 1.2538775205612183, 1.8808163404464722, 2.5077550411224365, 3.1346938610076904, 3.7616326808929443, 4.388571262359619, 5.003900051116943, 5.630838871002197, 6.2461676597595215, 6.873106479644775, 7.500045299530029, 8.103763580322266, 8.73070240020752, 9.346031188964844, 9.984580039978027, 10.611518859863281, 11.226847648620605, 11.85378646850586, 12.469115257263184, 13.096054077148438, 13.722992897033691, 14.349931716918945, 14.9768705368042, 15.603809356689453, 16.24235725402832, 16.88090705871582, 17.507844924926758, 18.134784698486328, 18.773332595825195, 19.411882400512695], "rhythm.bpm_histogram": [0.0, 0.0, 0.0, 0.0, 0.0, 0.0, 0.0, 0.0, 0.0, 0.0, 0.0, 0.0, 0.0, 0.0, 0.0, 0.0, 0.0, 0.0, 0.0, 0.0, 0.0, 0.0, 0.0, 0.0, 0.0, 0.0, 0.0, 0.0, 0.0, 0.0, 0.0, 0.0, 0.0, 0.0, 0.0, 0.0, 0.0, 0.0, 0.0, 0.0, 0.0, 0.0, 0.0, 0.0, 0.0, 0.0, 0.0, 0.0, 0.0, 0.0, 0.0, 0.0, 0.0, 0.0, 0.0, 0.0, 0.0, 0.0, 0.0, 0.0, 0.0, 0.0, 0.0, 0.0, 0.0, 0.0, 0.0, 0.0, 0.0, 0.0, 0.0, 0.0, 0.0, 0.0, 0.0, 0.0, 0.0, 0.0, 0.0, 0.0, 0.0, 0.0, 0.0, 0.0, 0.0, 0.0, 0.0, 0.0, 0.0, 0.0, 0.0, 0.0, 0.0, 0.0, 0.1666666716337204, 0.0, 0.6333333253860474, 0.0, 0.1666666716337204, 0.03333333507180214, 0.0, 0.0, 0.0, 0.0, 0.0, 0.0, 0.0, 0.0, 0.0, 0.0, 0.0, 0.0, 0.0, 0.0, 0.0, 0.0, 0.0, 0.0, 0.0, 0.0, 0.0, 0.0, 0.0, 0.0, 0.0, 0.0, 0.0, 0.0, 0.0, 0.0, 0.0, 0.0, 0.0, 0.0, 0.0, 0.0, 0.0, 0.0, 0.0, 0.0, 0.0, 0.0, 0.0, 0.0, 0.0, 0.0, 0.0, 0.0, 0.0, 0.0, 0.0, 0.0, 0.0, 0.0, 0.0, 0.0, 0.0, 0.0, 0.0, 0.0, 0.0, 0.0, 0.0, 0.0, 0.0, 0.0, 0.0, 0.0, 0.0, 0.0, 0.0, 0.0, 0.0, 0.0, 0.0, 0.0, 0.0, 0.0, 0.0, 0.0, 0.0, 0.0, 0.0, 0.0, 0.0, 0.0, 0.0, 0.0, 0.0, 0.0, 0.0, 0.0, 0.0, 0.0, 0.0, 0.0, 0.0, 0.0, 0.0, 0.0, 0.0, 0.0, 0.0, 0.0, 0.0, 0.0, 0.0, 0.0, 0.0, 0.0, 0.0, 0.0, 0.0, 0.0, 0.0, 0.0, 0.0, 0.0, 0.0, 0.0, 0.0, 0.0, 0.0, 0.0, 0.0, 0.0, 0.0, 0.0, 0.0, 0.0, 0.0, 0.0, 0.0, 0.0, 0.0, 0.0, 0.0, 0.0, 0.0, 0.0, 0.0, 0.0, 0.0, 0.0, 0.0, 0.0, 0.0, 0.0, 0.0, 0.0], "tonal.chords_histogram": [19.310344696044922, 2.068965435028076, 0.0, 6.206896781921387, 0.0, 0.0, 0.0, 16.32183837890625, 0.0, 6.666666507720947, 5.05747127532959, 0.9195402264595032, 0.6896551847457886, 0.0, 0.0, 0.0, 0.2298850566148758, 12.413793563842773, 21.379310607910156, 1.1494252681732178, 0.9195402264595032, 1.8390804529190063, 0.6896551847457886, 4.137930870056152], "tonal.thpcp": [1.0, 0.965624988079071, 0.8773179054260254, 0.818501889705658, 0.7110781669616699, 0.4945794343948364, 0.42962783575057983, 0.4451961815357208, 0.3653494119644165, 0.3054213225841522, 0.31187260150909424, 0.3651334345340729, 0.45624735951423645, 0.4292309880256653, 0.4103493094444275, 0.5755327939987183, 0.6300811171531677, 0.6326523423194885, 0.8298547267913818, 0.9000714421272278, 0.7243105173110962, 0.6485230326652527, 0.6491262316703796, 0.6896719336509705, 0.7721077799797058, 0.7609488368034363, 0.6855335235595703, 0.876119077205658, 0.9548848867416382, 0.7665336728096008, 0.7660987973213196, 0.6955221891403198, 0.5434873104095459, 0.5787621736526489, 0.7862727642059326, 0.955573320388794], "lowlevel.gfcc.cov": [[4360.0771484375, -708.7185668945312, 71.81605529785156, -490.42120361328125, -348.8401794433594, -142.6221466064453, 130.6175537109375, 174.37353515625, -24.10968780517578, 35.237457275390625, -148.9361572265625, 91.64250183105469, -153.7645263671875], [-708.7185668945312, 2402.596923828125, -755.8704833984375, -405.9850158691406, -238.8726806640625, -548.6087036132812, 112.94169616699219, -77.51402282714844, 153.86077880859375, -77.38964080810547, 253.0928497314453, -226.58729553222656, 106.64928436279297], [71.81605529785156, -755.8704833984375, 1077.437744140625, 542.1806030273438, 172.59910583496094, 221.74803161621094, -98.56587982177734, 75.00968933105469, 54.04754638671875, 140.42379760742188, -6.541661739349365, 169.8489532470703, -46.56568145751953], [-490.42120361328125, -405.9850158691406, 542.1806030273438, 815.2611694335938, 292.48028564453125, 109.33880615234375, -96.65119171142578, 7.038736820220947, 75.24757385253906, 54.84025192260742, 0.3406543731689453, 92.7090072631836, 24.006484985351562], [-348.8401794433594, -238.8726806640625, 172.59910583496094, 292.48028564453125, 416.5919189453125, 248.7837371826172, 25.712730407714844, 57.85377502441406, 22.79560661315918, -0.8355973362922668, -28.424640655517578, 52.329246520996094, 37.578094482421875], [-142.6221466064453, -548.6087036132812, 221.74803161621094, 109.33880615234375, 248.7837371826172, 575.729736328125, 200.1571502685547, 21.820499420166016, -57.36869812011719, -14.680482864379883, -53.679988861083984, 54.46747589111328, 21.35506248474121], [130.6175537109375, 112.94169616699219, -98.56587982177734, -96.65119171142578, 25.712730407714844, 200.1571502685547, 326.6175537109375, 67.13714599609375, -14.583270072937012, -26.8277645111084, 8.219489097595215, 6.157765865325928, 29.147390365600586], [174.37353515625, -77.51402282714844, 75.00968933105469, 7.038736820220947, 57.85377502441406, 21.820499420166016, 67.13714599609375, 222.3800048828125, 104.708251953125, 5.40942907333374, -27.087190628051758, 21.710559844970703, 11.194164276123047], [-24.10968780517578, 153.86077880859375, 54.04754638671875, 75.24757385253906, 22.79560661315918, -57.36869812011719, -14.583270072937012, 104.708251953125, 196.93218994140625, 65.57096862792969, 6.26948881149292, -20.077468872070312, 19.857397079467773], [35.237457275390625, -77.38964080810547, 140.42379760742188, 54.84025192260742, -0.8355973362922668, -14.680482864379883, -26.8277645111084, 5.40942907333374, 65.57096862792969, 142.335205078125, 41.84629821777344, 7.145951747894287, -23.728063583374023], [-148.9361572265625, 253.0928497314453, -6.541661739349365, 0.3406543731689453, -28.424640655517578, -53.679988861083984, 8.219489097595215, -27.087190628051758, 6.26948881149292, 41.84629821777344, 156.6656951904297, 26.23167610168457, 14.106738090515137], [91.64250183105469, -226.58729553222656, 169.8489532470703, 92.7090072631836, 52.329246520996094, 54.46747589111328, 6.157765865325928, 21.710559844970703, -20.077468872070312, 7.145951747894287, 26.23167610168457, 138.19517517089844, 24.856605529785156], [-153.7645263671875, 106.64928436279297, -46.56568145751953, 24.006484985351562, 37.578094482421875, 21.35506248474121, 29.147390365600586, 11.194164276123047, 19.857397079467773, -23.728063583374023, 14.106738090515137, 24.856605529785156, 84.8010482788086]], "lowlevel.gfcc.icov": [[0.0003468812210485339, 0.00018002222350332886, -9.424319432582706e-05, 0.0002750127168837935, 6.7508990468923e-05, 0.00037095590960234404, -0.00042858312372118235, 3.4511809644754976e-05, -0.00024242927611339837, 9.721646347315982e-05, 0.00019995131879113615, -0.00031831758678890765, 0.0004364062624517828], [0.00018002222350332886, 0.0018227845430374146, -0.0004297902632970363, 0.0009246631525456905, -0.000958073535002768, 0.002225001808255911, -0.001998028252273798, 0.0017883533146232367, -0.002297632396221161, 0.00229349872097373, -0.0025918399915099144, 0.0023303034249693155, -0.0012209642445668578], [-9.424319432582706e-05, -0.0004297902632970363, 0.002666303887963295, -0.0016983742825686932, 0.001163411303423345, -0.0018669221317395568, 0.0015977033181115985, -0.0015942768659442663, 0.0007946029654704034, -0.0021767516154795885, 0.0007477913750335574, -0.002534709172323346, 0.001753864111378789], [0.0002750127168837935, 0.0009246631525456905, -0.0016983742825686932, 0.0033941026777029037, -0.00230600219219923, 0.001984984613955021, -0.0013098458293825388, 0.0022991024889051914, -0.002420437289401889, 0.0018994291312992573, -0.0010558963986113667, 0.0008375199977308512, -0.0008605485782027245], [6.7508990468923e-05, -0.000958073535002768, 0.001163411303423345, -0.00230600219219923, 0.005701320245862007, -0.003605086589232087, 0.0022488313261419535, -0.0028707808814942837, 0.0016276444075629115, -0.001708617084659636, 0.0015501427697017789, -0.001861428958363831, 3.492075120448135e-05], [0.00037095590960234404, 0.002225001808255911, -0.0018669221317395568, 0.001984984613955021, -0.003605086589232087, 0.007103677839040756, -0.005390668287873268, 0.0034516018349677324, -0.0020834743045270443, 0.0027552831452339888, -0.0016263435827568173, 0.0028161436785012484, -0.0018029321217909455], [-0.00042858312372118235, -0.001998028252273798, 0.0015977033181115985, -0.0013098458293825388, 0.0022488313261419535, -0.005390668287873268, 0.008007843978703022, -0.004519358277320862, 0.0033875955268740654, -0.0027102555613964796, 0.0011770314304158092, -0.002049157163128257, 4.218538015265949e-05], [3.4511809644754976e-05, 0.0017883533146232367, -0.0015942768659442663, 0.0022991024889051914, -0.0028707808814942837, 0.0034516018349677324, -0.004519358277320862, 0.010886400938034058, -0.008191139437258244, 0.0048644873313605785, -0.0011848830617964268, 0.0002920679980888963, 0.00019711290951818228], [-0.00024242927611339837, -0.002297632396221161, 0.0007946029654704034, -0.002420437289401889, 0.0016276444075629115, -0.0020834743045270443, 0.0033875955268740654, -0.008191139437258244, 0.0145413838326931, -0.008587603457272053, 0.0033693159930408, 0.0008993266965262592, -0.003340193536132574], [9.721646347315982e-05, 0.00229349872097373, -0.0021767516154795885, 0.0018994291312992573, -0.001708617084659636, 0.0027552831452339888, -0.0027102555613964796, 0.0048644873313605785, -0.008587603457272053, 0.015404901467263699, -0.006550202611833811, 0.0027617928571999073, 0.0025130275171250105], [0.00019995131879113615, -0.0025918399915099144, 0.0007477913750335574, -0.0010558963986113667, 0.0015501427697017789, -0.0016263435827568173, 0.0011770314304158092, -0.0011848830617964268, 0.0033693159930408, -0.006550202611833811, 0.012820815667510033, -0.0061650704592466354, 0.0008587404154241085], [-0.00031831758678890765, 0.0023303034249693155, -0.002534709172323346, 0.0008375199977308512, -0.001861428958363831, 0.0028161436785012484, -0.002049157163128257, 0.0002920679980888963, 0.0008993266965262592, 0.0027617928571999073, -0.0061650704592466354, 0.01595907472074032, -0.007445485796779394], [0.0004364062624517828, -0.0012209642445668578, 0.001753864111378789, -0.0008605485782027245, 3.492075120448135e-05, -0.0018029321217909455, 4.218538015265949e-05, 0.00019711290951818228, -0.003340193536132574, 0.0025130275171250105, 0.0008587404154241085, -0.007445485796779394, 0.019248737022280693]], "lowlevel.mfcc.cov": [[4175.66455078125, -229.4575653076172, -158.06231689453125, -341.5956115722656, -508.49383544921875, -295.73468017578125, -94.52226257324219, 22.72494125366211, 48.064422607421875, -25.692607879638672, -13.950384140014648, 61.463069915771484, -18.84115219116211], [-229.4575653076172, 2023.5587158203125, -562.7080688476562, -159.98260498046875, -463.85284423828125, -412.9842224121094, -123.79418182373047, -146.0608673095703, -139.85044860839844, 42.34740447998047, 21.556201934814453, 24.023544311523438, 9.083980560302734], [-158.06231689453125, -562.7080688476562, 829.637451171875, 276.1217346191406, 230.7832794189453, 150.5992431640625, -19.581043243408203, 4.505902290344238, 21.127052307128906, -11.30260944366455, 61.881126403808594, 63.47832489013672, 66.93617248535156], [-341.5956115722656, -159.98260498046875, 276.1217346191406, 628.9387817382812, 273.2267761230469, -5.892571449279785, -119.46888732910156, -38.6134147644043, 5.43060302734375, -25.02773666381836, 19.47626304626465, 66.12471008300781, 48.530574798583984], [-508.49383544921875, -463.85284423828125, 230.7832794189453, 273.2267761230469, 536.5281982421875, 171.12344360351562, -0.9520826935768127, 59.90675354003906, 74.57408142089844, 7.285392761230469, 19.083524703979492, 19.987045288085938, 19.957284927368164], [-295.73468017578125, -412.9842224121094, 150.5992431640625, -5.892571449279785, 171.12344360351562, 438.9850769042969, 213.88357543945312, 89.19532775878906, 55.615570068359375, 10.134242057800293, -0.6210758686065674, -22.33136749267578, -16.759700775146484], [-94.52226257324219, -123.79418182373047, -19.581043243408203, -119.46888732910156, -0.9520826935768127, 213.88357543945312, 304.2006530761719, 151.43589782714844, 28.527393341064453, 5.17783260345459, -4.006222724914551, -14.583331108093262, -6.720774173736572], [22.72494125366211, -146.0608673095703, 4.505902290344238, -38.6134147644043, 59.90675354003906, 89.19532775878906, 151.43589782714844, 245.2471466064453, 132.8244171142578, 7.041802406311035, -7.255884170532227, -0.7383731007575989, -1.546116828918457], [48.064422607421875, -139.85044860839844, 21.127052307128906, 5.43060302734375, 74.57408142089844, 55.615570068359375, 28.527393341064453, 132.8244171142578, 211.37388610839844, 77.009765625, 19.716306686401367, -7.449193000793457, -7.694885730743408], [-25.692607879638672, 42.34740447998047, -11.30260944366455, -25.02773666381836, 7.285392761230469, 10.134242057800293, 5.17783260345459, 7.041802406311035, 77.009765625, 161.32125854492188, 64.55036163330078, -2.578324317932129, -4.804131984710693], [-13.950384140014648, 21.556201934814453, 61.881126403808594, 19.47626304626465, 19.083524703979492, -0.6210758686065674, -4.006222724914551, -7.255884170532227, 19.716306686401367, 64.55036163330078, 112.03253173828125, 42.61253356933594, 13.368064880371094], [61.463069915771484, 24.023544311523438, 63.47832489013672, 66.12471008300781, 19.987045288085938, -22.33136749267578, -14.583331108093262, -0.7383731007575989, -7.449193000793457, -2.578324317932129, 42.61253356933594, 113.8233642578125, 48.692317962646484], [-18.84115219116211, 9.083980560302734, 66.93617248535156, 48.530574798583984, 19.957284927368164, -16.759700775146484, -6.720774173736572, -1.546116828918457, -7.694885730743408, -4.804131984710693, 13.368064880371094, 48.692317962646484, 90.3811264038086]], "lowlevel.mfcc.icov": [[0.00032798474421724677, 0.00017210247460752726, 3.215737524442375e-05, 9.78745156317018e-05, 0.00036939288838766515, 0.00019535984029062092, 9.95641530607827e-05, -4.779727532877587e-05, -0.00016407170915044844, 5.515419616131112e-05, 3.80378078261856e-05, -0.00037882165634073317, 0.0001233758230227977], [0.00017210247460752726, 0.0009201925713568926, 0.000466176716145128, -0.00010900758934440091, 0.0006418621051125228, 0.0005124477902427316, 9.628500265534967e-06, 8.812877240416128e-06, 0.0002745923993643373, -0.00031231201137416065, -0.0002234747080365196, -0.0003257606003899127, -0.00017383354133926332], [3.215737524442375e-05, 0.000466176716145128, 0.001972431782633066, -0.0005684636416845024, 0.00012372768833301961, -0.000573273457121104, 0.0005239145830273628, -0.00016885975492186844, 0.00022928614635020494, 0.000268785806838423, -0.0011420681839808822, -5.005971615901217e-05, -0.001063549192622304], [9.78745156317018e-05, -0.00010900758934440091, -0.0005684636416845024, 0.002620312385261059, -0.0011375835165381432, 0.00022975665342528373, 0.0006589670665562153, 0.0002462042320985347, -0.00020964893337804824, 0.0003576565068215132, 0.00034696803777478635, -0.0009854473173618317, -0.0001268693886231631], [0.00036939288838766515, 0.0006418621051125228, 0.00012372768833301961, -0.0011375835165381432, 0.003812890499830246, -0.00108135468326509, 0.0012462515151128173, -0.0010975943878293037, -9.630723798181862e-05, -0.00018266572442371398, -0.0003923475742340088, -0.0002157650887966156, -0.00028050216496922076], [0.00019535984029062092, 0.0005124477902427316, -0.000573273457121104, 0.00022975665342528373, -0.00108135468326509, 0.005481131840497255, -0.004495172295719385, 0.002285706577822566, -0.0016528929118067026, 0.0002975196111947298, 0.0004106620326638222, -4.411440386320464e-05, 0.001088534714654088], [9.95641530607827e-05, 9.628500265534967e-06, 0.0005239145830273628, 0.0006589670665562153, 0.0012462515151128173, -0.004495172295719385, 0.009843663312494755, -0.006939197890460491, 0.004243733827024698, -0.0014261254109442234, -0.0006480051670223475, 0.0002993442176375538, -0.0009974560234695673], [-4.779727532877587e-05, 8.812877240416128e-06, -0.00016885975492186844, 0.0002462042320985347, -0.0010975943878293037, 0.002285706577822566, -0.006939197890460491, 0.012218560092151165, -0.008197806775569916, 0.003220394952222705, 0.0007398920715786517, -0.0010498723713681102, 0.0002706415543798357], [-0.00016407170915044844, 0.0002745923993643373, 0.00022928614635020494, -0.00020964893337804824, -9.630723798181862e-05, -0.0016528929118067026, 0.004243733827024698, -0.008197806775569916, 0.012033829465508461, -0.005642218980938196, 0.00031517978641204536, 0.0007243045256473124, 5.885265636607073e-05], [5.515419616131112e-05, -0.00031231201137416065, 0.000268785806838423, 0.0003576565068215132, -0.00018266572442371398, 0.0002975196111947298, -0.0014261254109442234, 0.003220394952222705, -0.005642218980938196, 0.011497769504785538, -0.0063058314844965935, 0.001993390265852213, -0.0003141334163956344], [3.80378078261856e-05, -0.0002234747080365196, -0.0011420681839808822, 0.00034696803777478635, -0.0003923475742340088, 0.0004106620326638222, -0.0006480051670223475, 0.0007398920715786517, 0.00031517978641204536, -0.0063058314844965935, 0.015300944447517395, -0.005934513173997402, 0.0014428660506382585], [-0.00037882165634073317, -0.0003257606003899127, -5.005971615901217e-05, -0.0009854473173618317, -0.0002157650887966156, -4.411440386320464e-05, 0.0002993442176375538, -0.0010498723713681102, 0.0007243045256473124, 0.001993390265852213, -0.005934513173997402, 0.014743976294994354, -0.006334101781249046], [0.0001233758230227977, -0.00017383354133926332, -0.001063549192622304, -0.0001268693886231631, -0.00028050216496922076, 0.001088534714654088, -0.0009974560234695673, 0.0002706415543798357, 5.885265636607073e-05, -0.0003141334163956344, 0.0014428660506382585, -0.006334101781249046, 0.015344846062362194]], "metadata.audio_properties.analysis.downmix": "mix", "metadata.audio_properties.codec": "mp3", "metadata.audio_properties.md5_encoded": "2f747b24128308a0db33040a95162448", "metadata.tags.file_name": "1183708275456360448.mp3", "metadata.version.essentia": "2.1-beta6-dev", "metadata.version.essentia_git_sha": "v2.1_beta5-1110-g77a6a954", "metadata.version.extractor": "music 2.0", "tonal.chords_key": "Ab", "tonal.chords_scale": "minor", "tonal.key_edma.key": "F", "tonal.key_edma.scale": "minor", "tonal.key_krumhansl.key": "F", "tonal.key_krumhansl.scale": "minor", "tonal.key_temperley.key": "F", "tonal.key_temperley.scale": "minor", "metadata.tags.encoding": ["Lavf58.45.100"]}, "essentia_models": [{"model_name": "genre_dortmund", "activations": {"alternative": "0.009577137", "blues": "0.008141257", "electronic": "0.038294915", "folkcountry": "0.006549915", "funksoulrnb": "0.030504918", "jazz": "0.018390436", "pop": "0.048883233", "raphiphop": "0.88955945", "rock": "0.019076608"}}, {"model_name": "genre_rosamerica", "activations": {"classic": "0.0047083446", "dance": "0.001185855", "hip hop": "0.45542717", "jazz": 