{"song_id": "1183705824783241248", "download": "https://cdn.discordapp.com/attachments/1135911532732108921/1183705824783241248/chirp.mp4?ex=65894ef4&amp", "lyrics": "\u0c24\u0c3f\u0c32\u0c4b\u0c24\u0c4d\u0c24\u0c2e\u0c3e \u0c2a\u0c4d\u0c30\u0c3f\u0c2f \u0c35\u0c2f\u0c4d\u0c2f\u0c3e\u0c30\u0c2e\u0c3e\n\u0c2a\u0c4d\u0c30\u0c2d\u0c3e\u0c24\u0c2e\u0c3e \u0c36\u0c41\u0c2d \u0c35\u0c38\u0c02\u0c24\u0c2e\u0c3e\n\n\u0c28\u0c47 \u0c2e\u0c4b\u0c2f\u0c32\u0c47\u0c28\u0c02\u0c1f\u0c42\n\u0c39\u0c43\u0c26\u0c2f\u0c3e\u0c28\u0c4d\u0c28\u0c3f \u0c05\u0c02\u0c26\u0c3f\u0c02\u0c1a\u0c3e\n\u0c28\u0c47\u0c28\u0c41\u0c28\u0c4d\u0c28\u0c3e \u0c32\u0c46\u0c2e\u0c4d\u0c2e\u0c02\u0c1f\u0c42\n\u0c05\u0c26 \u0c28\u0c3e\u0c32\u0c4b \u0c26\u0c3e\u0c1a\u0c47\u0c38\u0c3e\n\n\u0c0f \u0c26\u0c3e\u0c30\u0c3f\u0c32\u0c4b \u0c38\u0c3e\u0c17\u0c41\u0c24\u0c41\u0c28\u0c4d\u0c28\n\u0c0e\u0c26 \u0c28\u0c40\u0c35\u0c48\u0c2a\u0c41\u0c15\u0c47 \u0c32\u0c3e\u0c17\u0c41\u0c24\u0c4b\u0c02\u0c26\u0c3f\n\n\u0c0f \u0c35\u0c47\u0c33\u0c32\u0c4b \u0c0e\u0c2a\u0c4d\u0c2a\u0c41\u0c21\u0c48\u0c28\u0c3e \u0c2e\u0c26\u0c3f\n\u0c28\u0c40 \u0c0a\u0c39\u0c32\u0c4b \u0c0a\u0c17\u0c41\u0c24\u0c4b\u0c02\u0c26\u0c3f\n\n\u0c06\u0c05 \u0c24\u0c3f\u0c32\u0c4b\u0c24\u0c4d\u0c24\u0c2e\u0c3e \u0c2a\u0c4d\u0c30\u0c3f\u0c2f \u0c35\u0c2f\u0c4d\u0c2f\u0c3e\u0c30\u0c2e\u0c3e\n\u0c06\u0c05 \u0c06\u0c06 \u0c05\u0c05\u0c05\u0c05\u0c05\u0c05 \u0c06\u0c06\u0c06\n\n\u0c2a\u0c46\u0c26\u0c35\u0c47 \u0c13 \u0c2e\u0c27\u0c41\u0c30 \u0c15\u0c35\u0c3f\u0c24 \u0c1a\u0c26\u0c3f\u0c35\u0c47\n\u0c05\u0c21\u0c41\u0c17\u0c47 \u0c28\u0c3e \u0c17\u0c21\u0c2a \u0c28\u0c4a\u0c26\u0c3f\u0c32\u0c3f \u0c15\u0c26\u0c3f\u0c32\u0c47\n\n\u0c07\u0c28\u0c4d\u0c28\u0c3e\u0c33\u0c4d\u0c32\u0c41 \u0c32\u0c47\u0c28\u0c3f \u0c08 \u0c15\u0c4a\u0c24\u0c4d\u0c24 \u0c2c\u0c3e\u0c23\u0c40\n\u0c07\u0c35\u0c4d\u0c35\u0c3e\u0c32\u0c46 \u0c2e\u0c28\u0c15\u0c46\u0c35\u0c30\u0c41 \u0c28\u0c47\u0c30\u0c4d\u0c2a\u0c30\u0c2e\u0c4d\u0c2e\u0c3e\n\n\u0c08 \u0c2e\u0c3e\u0c2f \u0c1a\u0c47\u0c38\u0c3f\u0c02\u0c26\u0c3f \u0c2a\u0c4d\u0c30\u0c47\u0c2e\u0c47\n\u0c2a\u0c4d\u0c30\u0c3f\u0c2f\u0c3e \u0c2a\u0c4d\u0c30\u0c47\u0c2e\u0c02\u0c1f\u0c47 \u0c12\u0c15\u0c1f\u0c48\u0c28 \u0c2e\u0c28\u0c2e\u0c47\n\u0c24\u0c3f\u0c32\u0c4b\u0c24\u0c4d\u0c24\u0c2e\u0c3e \u0c36\u0c41\u0c2d \u0c35\u0c38\u0c02\u0c24\u0c2e\u0c3e\n\n\u0c15\u0c32\u0c32\u0c47 \u0c28\u0c3e \u0c0e\u0c26\u0c41\u0c1f \u0c28\u0c3f\u0c32\u0c3f\u0c1a\u0c47 \u0c28\u0c3f\u0c1c\u0c2e\u0c48\n\u0c35\u0c32\u0c2a\u0c47 \u0c28\u0c3e \u0c35\u0c4a\u0c21\u0c3f\u0c15\u0c3f \u0c26\u0c4a\u0c30\u0c3f\u0c15\u0c47 \u0c35\u0c30\u0c2e\u0c48\n\n\u0c0f \u0c30\u0c3e\u0c39\u0c41\u0c35\u0c48\u0c28 \u0c06\u0c37\u0c3e\u0c22\u0c2e\u0c48\u0c28\n\u0c08 \u0c2c\u0c3e\u0c39\u0c41 \u0c2c\u0c02\u0c27\u0c3e\u0c28\u0c4d\u0c28\u0c3f \u0c35\u0c3f\u0c21\u0c26\u0c40\u0c2f\u0c41\u0c28\u0c3e\n\n\u0c28\u0c40 \u0c2e\u0c3e\u0c1f\u0c32\u0c47 \u0c35\u0c47\u0c26\u0c2e\u0c02\u0c24\u0c4d\u0c30\u0c02\n\u0c1a\u0c46\u0c32\u0c3f \u0c28\u0c41\u0c35\u0c4d\u0c35\u0c28\u0c4d\u0c28\u0c26\u0c47 \u0c28\u0c3e \u0c2a\u0c4d\u0c30\u0c2a\u0c02\u0c1a\u0c02\n\n\u0c24\u0c3f\u0c32\u0c4b\u0c24\u0c4d\u0c24\u0c2e\u0c3e \u0c2a\u0c4d\u0c30\u0c3f\u0c2f \u0c35\u0c2f\u0c4d\u0c2f\u0c3e\u0c30\u0c2e\u0c3e\n\u0c2a\u0c4d\u0c30\u0c2d\u0c3e\u0c24\u0c2e\u0c3e \u0c36\u0c41\u0c2d \u0c35\u0c38\u0c02\u0c24\u0c2e\u0c3e\n\n\u0c28\u0c47 \u0c2e\u0c4b\u0c2f\u0c32\u0c47\u0c28\u0c02\u0c1f\u0c42\n\u0c39\u0c43\u0c26\u0c2f\u0c3e\u0c28\u0c4d\u0c28\u0c3f \u0c05\u0c02\u0c26\u0c3f\u0c02\u0c1a\u0c3e\n\u0c28\u0c47\u0c28\u0c41\u0c28\u0c4d\u0c28\u0c3e \u0c32\u0c46\u0c2e\u0c4d\u0c2e\u0c02\u0c1f\u0c42\n\u0c05\u0c26\u0c3f \u0c28\u0c3e\u0c32\u0c4b \u0c26\u0c3e\u0c1a\u0c47\u0c38\u0c3e\n\n\u0c0f \u0c26\u0c3e\u0c30\u0c3f\u0c32\u0c4b \u0c38\u0c3e\u0c17\u0c41\u0c24\u0c41\u0c28\u0c4d\u0c28 \u0c0e\u0c26\n\u0c28\u0c40\u0c35\u0c48\u0c2a\u0c41\u0c15\u0c47 \u0c32\u0c3e\u0c17\u0c41\u0c24\u0c4b\u0c02\u0c26\u0c3f\n\n\u0c0f \u0c35\u0c47\u0c33\u0c32\u0c4b \u0c0e\u0c2a\u0c4d\u0c2a\u0c41\u0c21\u0c48\u0c28\u0c3e \u0c2e\u0c26\u0c3f\n\u0c28\u0c40 \u0c0a\u0c39\u0c32\u0c4b \u0c0a\u0c17\u0c41", "style": ["funk"], "essentia_features": {"lowlevel.average_loudness": 0.8138000965118408, "lowlevel.barkbands_crest.mean": 15.44402027130127, "lowlevel.barkbands_crest.stdev": 5.778303623199463, "lowlevel.barkbands_flatness_db.mean": 0.24727416038513184, "lowlevel.barkbands_flatness_db.stdev": 0.08726103603839874, "lowlevel.barkbands_kurtosis.mean": 55.507076263427734, "lowlevel.barkbands_kurtosis.stdev": 166.34832763671875, "lowlevel.barkbands_skewness.mean": 3.9307429790496826, "lowlevel.barkbands_skewness.stdev": 4.831824779510498, "lowlevel.barkbands_spread.mean": 17.64299774169922, "lowlevel.barkbands_spread.stdev": 19.095539093017578, "lowlevel.dissonance.mean": 0.4240529239177704, "lowlevel.dissonance.stdev": 0.053950872272253036, "lowlevel.dynamic_complexity": 7.809316635131836, "lowlevel.erbbands_crest.mean": 14.83930492401123, "lowlevel.erbbands_crest.stdev": 6.705515384674072, "lowlevel.erbbands_flatness_db.mean": 0.19649319350719452, "lowlevel.erbbands_flatness_db.stdev": 0.05989683419466019, "lowlevel.erbbands_kurtosis.mean": 8.038972854614258, "lowlevel.erbbands_kurtosis.stdev": 23.72556495666504, "lowlevel.erbbands_skewness.mean": 1.5273531675338745, "lowlevel.erbbands_skewness.stdev": 1.9663316011428833, "lowlevel.erbbands_spread.mean": 39.72340774536133, "lowlevel.erbbands_spread.stdev": 26.097537994384766, "lowlevel.hfc.mean": 15.439738273620605, "lowlevel.hfc.stdev": 19.16239356994629, "lowlevel.loudness_ebu128.integrated": -20.037702560424805, "lowlevel.loudness_ebu128.loudness_range": 6.274749755859375, "lowlevel.loudness_ebu128.momentary.mean": -29.27509117126465, "lowlevel.loudness_ebu128.momentary.stdev": 40.45515441894531, "lowlevel.loudness_ebu128.short_term.mean": -21.128976821899414, "lowlevel.loudness_ebu128.short_term.stdev": 2.263301372528076, "lowlevel.melbands_crest.mean": 18.948034286499023, "lowlevel.melbands_crest.stdev": 6.341729640960693, "lowlevel.melbands_flatness_db.mean": 0.31983235478401184, "lowlevel.melbands_flatness_db.stdev": 0.11671072989702225, "lowlevel.melbands_kurtosis.mean": 72.2577896118164, "lowlevel.melbands_kurtosis.stdev": 114.97808837890625, "lowlevel.melbands_skewness.mean": 4.711338043212891, "lowlevel.melbands_skewness.stdev": 3.8118879795074463, "lowlevel.melbands_spread.mean": 18.853334426879883, "lowlevel.melbands_spread.stdev": 33.2365837097168, "lowlevel.pitch_salience.mean": 0.406488835811615, "lowlevel.pitch_salience.stdev": 0.17930543422698975, "lowlevel.silence_rate_20dB.mean": 0.9994206428527832, "lowlevel.silence_rate_20dB.stdev": 0.024063387885689735, "lowlevel.silence_rate_30dB.mean": 0.9269988536834717, "lowlevel.silence_rate_30dB.stdev": 0.2601400315761566, "lowlevel.silence_rate_60dB.mean": 0.2103128582239151, "lowlevel.silence_rate_60dB.stdev": 0.4075296223163605, "lowlevel.spectral_centroid.mean": 1109.091552734375, "lowlevel.spectral_centroid.stdev": 1916.311767578125, "lowlevel.spectral_complexity.mean": 5.91483211517334, "lowlevel.spectral_complexity.stdev": 4.293180465698242, "lowlevel.spectral_decrease.mean": -8.595485212481435e-09, "lowlevel.spectral_decrease.stdev": 1.1357772500275587e-08, "lowlevel.spectral_energy.mean": 0.033841755241155624, "lowlevel.spectral_energy.stdev": 0.04372629150748253, "lowlevel.spectral_energyband_high.mean": 0.00047930883010849357, "lowlevel.spectral_energyband_high.stdev": 0.001085620722733438, "lowlevel.spectral_energyband_low.mean": 0.018562765792012215, "lowlevel.spectral_energyband_low.stdev": 0.038619909435510635, "lowlevel.spectral_energyband_middle_high.mean": 0.0040076542645692825, "lowlevel.spectral_energyband_middle_high.stdev": 0.009158829227089882, "lowlevel.spectral_energyband_middle_low.mean": 0.01105541829019785, "lowlevel.spectral_energyband_middle_low.stdev": 0.015539881773293018, "lowlevel.spectral_entropy.mean": 6.94580602645874, "lowlevel.spectral_entropy.stdev": 0.9129929542541504, "lowlevel.spectral_flux.mean": 0.06468751281499863, "lowlevel.spectral_flux.stdev": 0.059997811913490295, "lowlevel.spectral_kurtosis.mean": 5.076576232910156, "lowlevel.spectral_kurtosis.stdev": 6.504549980163574, "lowlevel.spectral_rms.mean": 0.0047051324509084225, "lowlevel.spectral_rms.stdev": 0.003298184834420681, "lowlevel.spectral_rolloff.mean": 1862.5064697265625, "lowlevel.spectral_rolloff.stdev": 3928.166015625, "lowlevel.spectral_skewness.mean": 2.001035451889038, "lowlevel.spectral_skewness.stdev": 0.8578521609306335, "lowlevel.spectral_spread.mean": 8472307.0, "lowlevel.spectral_spread.stdev": 6386997.5, "lowlevel.spectral_strongpeak.mean": 1.0280325412750244, "lowlevel.spectral_strongpeak.stdev": 1.2129340171813965, "lowlevel.zerocrossingrate.mean": 0.07370416074991226, "lowlevel.zerocrossingrate.stdev": 0.10036122798919678, "metadata.audio_properties.analysis.equal_loudness": 0.0, "metadata.audio_properties.analysis.length": 40.04265213012695, "metadata.audio_properties.analysis.sample_rate": 44100.0, "metadata.audio_properties.analysis.start_time": 0.0, "metadata.audio_properties.bit_rate": 114917.0, "metadata.audio_properties.length": 40.042667388916016, "metadata.audio_properties.lossless": 0.0, "metadata.audio_properties.number_channels": 1.0, "metadata.audio_properties.replay_gain": -6.452178955078125, "metadata.audio_properties.sample_rate": 48000.0, "rhythm.beats_count": 67.0, "rhythm.beats_loudness.mean": 0.04706903174519539, "rhythm.beats_loudness.stdev": 0.05229464918375015, "rhythm.bpm": 89.82293701171875, "rhythm.bpm_histogram_first_peak_bpm": 89.0, "rhythm.bpm_histogram_first_peak_weight": 0.2592592239379883, "rhythm.bpm_histogram_second_peak_bpm": 120.0, "rhythm.bpm_histogram_second_peak_spread": 0.5, "rhythm.bpm_histogram_second_peak_weight": 0.1515151560306549, "rhythm.danceability": 1.1607043743133545, "rhythm.onset_rate": 3.5451767444610596, "tonal.chords_changes_rate": 0.06365741044282913, "tonal.chords_number_rate": 0.011574073694646358, "tonal.chords_strength.mean": 0.5472680926322937, "tonal.chords_strength.stdev": 0.09667917340993881, "tonal.hpcp_crest.mean": 16.248918533325195, "tonal.hpcp_crest.stdev": 8.773674964904785, "tonal.hpcp_entropy.mean": 1.5957708358764648, "tonal.hpcp_entropy.stdev": 0.8395724296569824, "tonal.key_edma.strength": 0.6073373556137085, "tonal.key_krumhansl.strength": 0.6192393898963928, "tonal.key_temperley.strength": 0.6363030672073364, "tonal.tuning_diatonic_strength": 0.5651828646659851, "tonal.tuning_equal_tempered_deviation": 0.1283074915409088, "tonal.tuning_frequency": 436.20416259765625, "tonal.tuning_nontempered_energy_ratio": 0.8030081391334534, "lowlevel.barkbands.mean": [0.00020353779837023467, 0.013989237137138844, 0.004202745389193296, 0.00038741136086173356, 0.0022425956558436155, 0.005467869807034731, 0.002391553483903408, 8.02612557890825e-05, 0.00033429430914111435, 0.0009077310096472502, 0.0009461145964451134, 0.000487612938741222, 0.0005040207761339843, 0.0003174535813741386, 0.0003513008705340326, 0.00020152542856521904, 0.0001437720056856051, 0.00010967866546707228, 7.464147347491235e-05, 3.654135434771888e-05, 2.205701639468316e-05, 1.0235823538096156e-05, 2.951902752101887e-05, 4.391799302538857e-05, 0.00032572788768447936, 3.0326280466397293e-05, 9.839260428634589e-08], "lowlevel.barkbands.stdev": [0.0006572409765794873, 0.032304417341947556, 0.010653507895767689, 0.0009070656378753483, 0.008690530434250832, 0.010830200277268887, 0.007173201069235802, 0.0004433030844666064, 0.0012341155670583248, 0.0034726052545011044, 0.004096810705959797, 0.0018112071556970477, 0.0022772240918129683, 0.0011750025441870093, 0.0019077587639912963, 0.000942511425819248, 0.0008503919234499335, 0.0004441689816303551, 0.0001950944570126012, 0.00013404888159129769, 6.46541448077187e-05, 8.039442036533728e-05, 0.00017255637794733047, 0.00018300673400517553, 0.0007400863105431199, 8.930788317229599e-05, 5.430732699096552e-07], "lowlevel.erbbands.mean": [0.24115382134914398, 3.6173698902130127, 6.422327995300293, 2.399324417114258, 2.7403006553649902, 9.946866035461426, 25.391353607177734, 50.341209411621094, 42.418155670166016, 12.028258323669434, 2.751926898956299, 8.971968650817871, 20.516191482543945, 36.404296875, 29.078899383544922, 22.087343215942383, 24.749069213867188, 16.51927375793457, 24.503482818603516, 11.483665466308594, 8.19559383392334, 9.55741024017334, 6.699007034301758, 4.8926544189453125, 2.3357415199279785, 1.6590183973312378, 1.2921918630599976, 0.5345869064331055, 0.3484157919883728, 0.5620241761207581, 0.8860219120979309, 0.5660480856895447, 1.284296989440918, 4.164712429046631, 1.9210556745529175, 0.26844120025634766, 0.02563929185271263, 0.0021564506459981203, 8.260371396318078e-05, 4.523394090938382e-05], "lowlevel.erbbands.stdev": [0.6217994093894958, 8.253035545349121, 14.457977294921875, 5.504344940185547, 8.470319747924805, 46.29220199584961, 71.44437408447266, 107.20521545410156, 107.54345703125, 55.3519401550293, 12.0616455078125, 33.27945327758789, 80.81316375732422, 142.46376037597656, 124.45213317871094, 77.27928161621094, 99.23041534423828, 54.57477951049805, 119.92743682861328, 42.971553802490234, 30.74674415588379, 57.126014709472656, 26.64313316345215, 12.905742645263672, 6.099725723266602, 6.038910388946533, 3.0568177700042725, 2.167039632797241, 2.6061697006225586, 4.583934307098389, 4.672059535980225, 3.1417768001556396, 3.9998247623443604, 9.082866668701172, 4.971250534057617, 0.7894377112388611, 0.0634482204914093, 0.004415954928845167, 0.00014231981185730547, 5.2625480748247355e-05], "lowlevel.gfcc.mean": [-135.49290466308594, 79.27901458740234, -74.55963897705078, 11.535770416259766, -51.569541931152344, 25.576385498046875, -53.505863189697266, 19.281904220581055, -41.1120491027832, 13.422115325927734, -1.2959812879562378, -2.106363296508789, 5.81829309463501], "lowlevel.melbands.mean": [0.0031586377881467342, 0.003874988993629813, 0.0004317627754062414, 0.0004431070701684803, 0.000795988948084414, 0.0011117934482172132, 0.0005911043263040483, 9.194861922878772e-05, 2.094045703415759e-05, 5.778929698863067e-05, 0.00010581440437817946, 0.00014922772243153304, 0.0001007357714115642, 5.794450771645643e-05, 5.853354377904907e-05, 5.307950414135121e-05, 2.7132015020470135e-05, 4.15077774960082e-05, 1.947966666193679e-05, 1.76456287590554e-05, 6.628584742429666e-06, 1.1546017049113289e-05, 5.679043624695623e-06, 4.722855919681024e-06, 4.0790905586618464e-06, 1.9452845663181506e-06, 1.3888420653529465e-06, 1.0385499535914278e-06, 8.301785783260129e-07, 5.722974378841172e-07, 2.3163325124642142e-07, 2.0282082857647765e-07, 1.7945259855878248e-07, 3.6796603808397776e-07, 5.284805979499652e-07, 4.484153635075927e-07, 2.9370139031925646e-07, 5.697261826753675e-07, 1.8346904653299134e-06, 4.231126240483718e-06], "lowlevel.melbands.stdev": [0.00751835759729147, 0.008161598816514015, 0.0008799860370345414, 0.00198887730948627, 0.002039641607552767, 0.002172123873606324, 0.0015485166804865003, 0.0004909751587547362, 0.00011491714394651353, 0.00022512990108225495, 0.0004450774868018925, 0.0005687071243301034, 0.0004144815029576421, 0.0002132326044375077, 0.0002388811408309266, 0.0002757332695182413, 0.00010460655903443694, 0.00020911010506097227, 0.00010477239266037941, 8.79453364177607e-05, 2.4469269192195497e-05, 7.533946336479858e-05, 2.6261574021191336e-05, 1.950919431692455e-05, 1.0889610166486818e-05, 5.400618647399824e-06, 5.661405793944141e-06, 3.7806410091434373e-06, 1.8739934830591665e-06, 2.089414465444861e-06, 1.1291040209471248e-06, 1.6473348978252034e-06, 1.393303023178305e-06, 3.165900579915615e-06, 3.018359166162554e-06, 2.104942723235581e-06, 1.9803785562544363e-06, 2.637573743413668e-06, 3.820805886789458e-06, 9.647473234508652e-06], "lowlevel.melbands128.mean": [0.00016534818860236555, 0.0011255204444751143, 0.004592804238200188, 0.006709372159093618, 0.00439272029325366, 0.0016466423403471708, 0.0004138393560424447, 0.00018693097808863968, 0.00020454385958146304, 0.000477094785310328, 0.0006098635494709015, 0.000459067989140749, 0.0008537931134924293, 0.001146473572589457, 0.001421644352376461, 0.0008011938189156353, 0.000863316236063838, 0.0005445628194138408, 0.000325780245475471, 6.678279169136658e-05, 1.5232171790557913e-05, 1.1223407454963308e-05, 2.36831638176227e-05, 2.5560619178577326e-05, 5.6459441111655906e-05, 8.441622776445001e-05, 2.7895717721548863e-05, 9.857809345703572e-05, 0.00020015409972984344, 0.00010297290282323956, 0.00019229919416829944, 0.00011947187158511952, 6.251068407436833e-05, 0.00014090554032009095, 3.298924275441095e-05, 4.610491669154726e-05, 6.101331746322103e-05, 7.739415013929829e-05, 3.512435432639904e-05, 6.018529529683292e-05, 7.121979433577508e-05, 1.5748979421914555e-05, 2.5520486815366894e-05, 2.9957282094983384e-05, 3.65987179975491e-05, 5.439579035737552e-05, 3.416436447878368e-05, 2.5437839212827384e-05, 7.417665528919315e-06, 7.618398285558214e-06, 2.9704646294703707e-05, 1.584838901180774e-05, 3.1975750971469097e-06, 5.402882379712537e-06, 5.8725595408759546e-06, 2.1366158762248233e-05, 5.5216860346263275e-06, 1.911216031658114e-06, 8.6440377344843e-06, 7.215389359771507e-06, 4.949875346937915e-06, 1.4387147757588536e-06, 4.618258572008926e-06, 4.9395971473131794e-06, 3.53725681634387e-06, 1.3918391914558015e-06, 1.189602357953845e-06, 1.7772903220247827e-06, 1.3487169781001285e-06, 1.0999850701409741e-06, 9.94677066046279e-07, 1.1302087159492658e-06, 7.533553798566572e-07, 7.66588243550359e-07, 9.712356359159457e-07, 6.300891755017801e-07, 4.11619055284973e-07, 2.1376125403094193e-07, 2.3527383063992602e-07, 2.0292972635616024e-07, 2.3669755933042325e-07, 2.0365813213629735e-07, 1.2166330520813062e-07, 1.5102676798051107e-07, 2.4773586915216583e-07, 3.0001083928254957e-07, 4.064810923409823e-07, 5.141570227351622e-07, 5.428645977190172e-07, 5.305506078912003e-07, 5.528069664251234e-07, 4.3279732153678196e-07, 2.597018635697168e-07, 2.422327440854133e-07, 3.4723288422355836e-07, 3.9811936858313857e-07, 5.461701562126109e-07, 8.906891935112071e-07, 1.3960957403469365e-06, 2.1262258087517694e-06, 4.290521701477701e-06, 4.360814727988327e-06, 4.601500677381409e-06, 4.434109087014804e-06, 1.6652631984470645e-06, 7.490399980270013e-07, 6.975159294597688e-07, 8.02388626652828e-07, 3.9650066696594877e-07, 1.0139051198621019e-07, 5.6515013113767054e-08, 6.777607097774307e-08, 7.814971780817359e-08, 5.000359593054782e-08, 4.4335099147474466e-08, 1.2663905479826099e-08, 3.7088745408198065e-09, 1.034467178584464e-09, 4.540584574996842e-11, 4.973305187810917e-12, 4.474208763899368e-12, 4.265108665552075e-12, 4.16291263613533e-12, 4.081724541693532e-12, 3.919425981685487e-12, 3.691776918890444e-12, 3.5619632243744093e-12, 3.527833190505869e-12], "lowlevel.melbands128.stdev": [0.0005385511904023588, 0.003331817453727126, 0.012045901268720627, 0.015551076270639896, 0.009880421683192253, 0.004249656572937965, 0.0011369199492037296, 0.0004644579312298447, 0.0005648171645589173, 0.0024926052428781986, 0.0033901031129062176, 0.001993380254134536, 0.0032740661408752203, 0.0028571414295583963, 0.0038489140570163727, 0.0021326441783457994, 0.002644179854542017, 0.0018466670298948884, 0.0019065586384385824, 0.00039485699380747974, 0.00012486074410844594, 8.841357339406386e-05, 0.00018169922986999154, 0.00015251321019604802, 0.00024602049961686134, 0.00039807200664654374, 0.00011846773122670129, 0.0005221705068834126, 0.0010453230934217572, 0.00046349185868166387, 0.0009925186168402433, 0.0008573299273848534, 0.00031423772452399135, 0.0008540692506358027, 0.00016398182197008282, 0.000281688931863755, 0.00028755198582075536, 0.0004267129406798631, 0.00024201575433835387, 0.0003173834993503988, 0.0004617692611645907, 9.950280946213752e-05, 0.0001372729748254642, 0.0001492743904236704, 0.00019289067131467164, 0.0004280279972590506, 0.0002248857490485534, 0.00020274972484912723, 4.9813545047072694e-05, 4.740510485135019e-05, 0.00016815881826914847, 0.00010148905130336061, 1.6423762644990347e-05, 3.148997711832635e-05, 3.4299420804018155e-05, 0.0001617708767298609, 4.123406688449904e-05, 1.2207925465190783e-05, 5.786991096101701e-05, 3.347632446093485e-05, 3.6258366890251637e-05, 5.685737505700672e-06, 1.4283222299127374e-05, 1.7118638425017707e-05, 1.7996220776694827e-05, 3.900400315615116e-06, 3.539895033100038e-06, 7.521183761127759e-06, 7.861503036110662e-06, 7.083745458658086e-06, 3.5314033084432594e-06, 4.5642382247024216e-06, 2.491798340997775e-06, 1.934089823407703e-06, 2.601033884275239e-06, 2.9065915896353545e-06, 2.0988875348848524e-06, 9.043003501574276e-07, 1.2188532991785905e-06, 1.384957727168512e-06, 2.0923946522088954e-06, 1.8694342998060165e-06, 8.341065722561325e-07, 1.1287564802842098e-06, 2.2682006601826288e-06, 2.7692851745086955e-06, 3.843872946163174e-06, 3.982401267421665e-06, 3.4952256555698114e-06, 2.4259356905531604e-06, 2.5042215838766424e-06, 2.2164219899423188e-06, 1.3841950021742377e-06, 2.2855615497974213e-06, 2.3193888409878127e-06, 2.6528616672294447e-06, 2.777948338916758e-06, 3.5134826248395257e-06, 3.422655254325946e-06, 4.507804078457411e-06, 8.801608601061162e-06, 1.1723106581484899e-05, 1.18189336717478e-05, 1.1180569345015101e-05, 5.556040377996396e-06, 2.2611823169427225e-06, 1.9894523575203493e-06, 2.4170897177100414e-06, 1.5527635923717753e-06, 4.634069625808479e-07, 2.804474377171573e-07, 2.3468608389975998e-07, 1.9431958264704008e-07, 1.0353600288226517e-07, 1.1300022606519633e-07, 3.526620417915183e-08, 1.654126613459539e-08, 1.0005917872035752e-08, 1.0858925980627987e-09, 1.5539873207681687e-11, 8.771181697619923e-12, 7.67029235265726e-12, 7.489281764194722e-12, 7.353110308139232e-12, 7.243209938084805e-12, 7.149609897172393e-12, 7.082586687273684e-12, 7.042660725431471e-12], "lowlevel.mfcc.mean": [-780.892822265625, 123.5186767578125, 26.613161087036133, 2.7864999771118164, 25.428756713867188, -4.8860039710998535, 22.825775146484375, -14.441947937011719, -2.5124354362487793, -5.304797649383545, -4.3216094970703125, -5.733040809631348, 8.353263854980469], "lowlevel.spectral_contrast_coeffs.mean": [-0.6395210027694702, -0.6807775497436523, -0.747979998588562, -0.7905809283256531, -0.8091007471084595, -0.7708142399787903], "lowlevel.spectral_contrast_coeffs.stdev": [0.13110503554344177, 0.13924971222877502, 0.11193178594112396, 0.08659374713897705, 0.07019022107124329, 0.0787554383277893], "lowlevel.spectral_contrast_valleys.mean": [-8.611478805541992, -8.879874229431152, -9.252264976501465, -9.532129287719727, -9.673075675964355, -11.969861030578613], "lowlevel.spectral_contrast_valleys.stdev": [3.7340378761291504, 3.474642515182495, 3.430583953857422, 3.383096933364868, 3.381742477416992, 2.9467012882232666], "rhythm.beats_loudness_band_ratio.mean": [0.44760236144065857, 0.27916064858436584, 0.07129068672657013, 0.106510229408741, 0.03332049399614334, 0.09103189408779144], "rhythm.beats_loudness_band_ratio.stdev": [0.37592342495918274, 0.2990061044692993, 0.11312783509492874, 0.17693187296390533, 0.05544915050268173, 0.2042275369167328], "tonal.hpcp.mean": [0.030721666291356087, 0.033027928322553635, 0.06142010539770126, 0.14572541415691376, 0.12294510006904602, 0.02726716920733452, 0.015764597803354263, 0.016580086201429367, 0.04098675400018692, 0.07809967547655106, 0.060659267008304596, 0.04573477804660797, 0.054742030799388885, 0.038799721747636795, 0.028805766254663467, 0.035244207829236984, 0.059247568249702454, 0.17909348011016846, 0.23595181107521057, 0.11881818622350693, 0.033615950495004654, 0.02365029789507389, 0.0370807908475399, 0.1260307878255844, 0.2836126983165741, 0.2148342728614807, 0.04262404888868332, 0.01711973175406456, 0.0171769130975008, 0.027542898431420326, 0.047288671135902405, 0.05502123385667801, 0.0799684002995491, 0.1665523499250412, 0.15146423876285553, 0.05493403971195221], "tonal.hpcp.stdev": [0.11672485619783401, 0.12395729124546051, 0.1847865879535675, 0.308011919260025, 0.27739548683166504, 0.10246913135051727, 0.09552343934774399, 0.0898335874080658, 0.14094361662864685, 0.2256413698196411, 0.1733451783657074, 0.16825035214424133, 0.20481474697589874, 0.15662164986133575, 0.12597012519836426, 0.14414948225021362, 0.1719771921634674, 0.32489699125289917, 0.3749866187572479, 0.24297378957271576, 0.13113906979560852, 0.1134321391582489, 0.15125378966331482, 0.23088932037353516, 0.39234375953674316, 0.31968215107917786, 0.13575449585914612, 0.09349244087934494, 0.09228184074163437, 0.10979023575782776, 0.16133619844913483, 0.17329227924346924, 0.19354812800884247, 0.30254435539245605, 0.28428176045417786, 0.1444653868675232], "rhythm.beats_position": [0.6733786463737488, 1.3583673238754272, 1.9736961126327515, 2.589024782180786, 3.21596360206604, 3.8312923908233643, 4.435011386871338, 5.003900051116943, 5.572789192199707, 6.048798084259033, 6.524806976318359, 7.012426376342773, 7.500045299530029, 7.987664222717285, 8.4752836227417, 8.962902069091797, 9.438911437988281, 9.914920806884766, 10.390929222106934, 10.890158653259277, 11.389387130737305, 11.888616561889648, 12.376235961914062, 12.87546443939209, 13.397913932800293, 13.92036247253418, 14.419591903686523, 14.91882038116455, 15.418049812316895, 15.928888320922852, 16.439727783203125, 16.93895721435547, 17.42657470703125, 17.914194107055664, 18.413423538208008, 18.91265296936035, 19.53959083557129, 20.15492057800293, 20.781858444213867, 21.420408248901367, 22.058956146240234, 22.732336044311523, 23.38249397277832, 24.032651901245117, 24.694421768188477, 25.379409790039062, 26.04117774963379, 26.70294761657715, 27.376325607299805, 28.049705505371094, 28.72308349609375, 29.396461486816406, 30.069841384887695, 30.74321937561035, 31.404987335205078, 32.078365325927734, 32.740135192871094, 33.41351318359375, 34.086891174316406, 34.76027297973633, 35.433650970458984, 36.10702896118164, 36.7804069519043, 37.45378494262695, 38.12716293334961, 38.80054473876953, 39.47392272949219], "rhythm.bpm_histogram": [0.0, 0.0, 0.0, 0.0, 0.0, 0.0, 0.0, 0.0, 0.0, 0.0, 0.0, 0.0, 0.0, 0.0, 0.0, 0.0, 0.0, 0.0, 0.0, 0.0, 0.0, 0.0, 0.0, 0.0, 0.0, 0.0, 0.0, 0.0, 0.0, 0.0, 0.0, 0.0, 0.0, 0.0, 0.0, 0.0, 0.0, 0.0, 0.0, 0.0, 0.0, 0.0, 0.0, 0.0, 0.0, 0.0, 0.0, 0.0, 0.0, 0.0, 0.0, 0.0, 0.0, 0.0, 0.0, 0.0, 0.0, 0.0, 0.0, 0.0, 0.0, 0.0, 0.0, 0.0, 0.0, 0.0, 0.0, 0.0, 0.0, 0.0, 0.0, 0.0, 0.0, 0.0, 0.0, 0.0, 0.0, 0.0, 0.0, 0.0, 0.0, 0.0, 0.0, 0.0, 0.0, 0.0, 0.0, 0.0, 0.03030303120613098, 0.27272728085517883, 0.0, 0.07575757801532745, 0.03030303120613098, 0.0, 0.03030303120613098, 0.0, 0.04545454680919647, 0.0, 0.06060606241226196, 0.01515151560306549, 0.0, 0.0, 0.0, 0.0, 0.0, 0.03030303120613098, 0.0, 0.0, 0.0, 0.0, 0.0, 0.0, 0.0, 0.0, 0.0, 0.03030303120613098, 0.0, 0.03030303120613098, 0.0, 0.0, 0.1515151560306549, 0.0, 0.0, 0.12121212482452393, 0.0, 0.0, 0.07575757801532745, 0.0, 0.0, 0.0, 0.0, 0.0, 0.0, 0.0, 0.0, 0.0, 0.0, 0.0, 0.0, 0.0, 0.0, 0.0, 0.0, 0.0, 0.0, 0.0, 0.0, 0.0, 0.0, 0.0, 0.0, 0.0, 0.0, 0.0, 0.0, 0.0, 0.0, 0.0, 0.0, 0.0, 0.0, 0.0, 0.0, 0.0, 0.0, 0.0, 0.0, 0.0, 0.0, 0.0, 0.0, 0.0, 0.0, 0.0, 0.0, 0.0, 0.0, 0.0, 0.0, 0.0, 0.0, 0.0, 0.0, 0.0, 0.0, 0.0, 0.0, 0.0, 0.0, 0.0, 0.0, 0.0, 0.0, 0.0, 0.0, 0.0, 0.0, 0.0, 0.0, 0.0, 0.0, 0.0, 0.0, 0.0, 0.0, 0.0, 0.0, 0.0, 0.0, 0.0, 0.0, 0.0, 0.0, 0.0, 0.0, 0.0, 0.0, 0.0, 0.0, 0.0, 0.0, 0.0, 0.0, 0.0, 0.0, 0.0, 0.0, 0.0, 0.0, 0.0, 0.0, 0.0, 0.0, 0.0, 0.0, 0.0, 0.0, 0.0, 0.0, 0.0, 0.0, 0.0, 0.0, 0.0, 0.0, 0.0, 0.0, 0.0, 0.0, 0.0], "tonal.chords_histogram": [10.300926208496094, 2.0833332538604736, 13.19444465637207, 0.11574073880910873, 9.837963104248047, 4.282407283782959, 2.430555582046509, 0.11574073880910873, 0.5787037014961243, 0.0, 0.0, 0.0, 6.828703880310059, 1.5046296119689941, 0.0, 0.0, 0.0, 0.0, 0.0, 0.3472222089767456, 0.0, 8.101851463317871, 0.5787037014961243, 39.699073791503906], "tonal.thpcp": [1.0, 0.7574917078018188, 0.1502896398305893, 0.06036306545138359, 0.06056468188762665, 0.09711447358131409, 0.16673679649829865, 0.19400130212306976, 0.28196340799331665, 0.5872527956962585, 0.5340530872344971, 0.1936938613653183, 0.10832260549068451, 0.11645433306694031, 0.21656331419944763, 0.5138183832168579, 0.4334964454174042, 0.09614226967096329, 0.05558495223522186, 0.058460310101509094, 0.14451663196086884, 0.2753743827342987, 0.21388064324855804, 0.16125786304473877, 0.19301685690879822, 0.13680531084537506, 0.10156726837158203, 0.1242687925696373, 0.20890308916568756, 0.6314719915390015, 0.8319507837295532, 0.41894522309303284, 0.11852766573429108, 0.08338941633701324, 0.13074447214603424, 0.4443763792514801], "lowlevel.gfcc.cov": [[57482.41796875, 4084.3037109375, -3348.404541015625, 294.8619079589844, -1277.0982666015625, 1177.1046142578125, -2135.672119140625, 1895.896240234375, -1625.9052734375, 901.930419921875, 263.9133605957031, 2.4267735481262207, 437.1861877441406], [4084.3037109375, 2556.728759765625, 451.5386657714844, 598.1576538085938, 696.9769287109375, 334.86865234375, 180.84962463378906, 89.45720672607422, 108.29337310791016, -137.22618103027344, 76.46476745605469, -241.68124389648438, 96.69268798828125], [-3348.404541015625, 451.5386657714844, 1233.4677734375, 524.9331665039062, 399.0219421386719, 76.76237487792969, 260.7980041503906, -81.32747650146484, 156.52456665039062, -155.90237426757812, 0.6888145208358765, -26.874910354614258, -33.55427169799805], [294.8619079589844, 598.1576538085938, 524.9331665039062, 1084.119873046875, 510.54095458984375, 127.72852325439453, 218.82110595703125, 236.74244689941406, 277.6684875488281, -200.27615356445312, -71.66559600830078, 15.878151893615723, -42.71133041381836], [-1277.0982666015625, 696.9769287109375, 399.0219421386719, 510.54095458984375, 881.0675659179688, 304.66705322265625, 408.85809326171875, 293.0581970214844, 352.60589599609375, -12.1900634765625, 34.34422302246094, -24.956579208374023, 33.4239501953125], [1177.1046142578125, 334.86865234375, 76.76237487792969, 127.72852325439453, 304.66705322265625, 626.0546264648438, 291.7388916015625, 30.94707489013672, 37.687950134277344, 112.98858642578125, -21.46359634399414, -118.31700897216797, -34.25160598754883], [-2135.672119140625, 180.84962463378906, 260.7980041503906, 218.82110595703125, 408.85809326171875, 291.7388916015625, 493.39202880859375, 84.65071868896484, 230.01991271972656, 25.203533172607422, 19.456615447998047, -56.309715270996094, -57.91408157348633], [1895.896240234375, 89.45720672607422, -81.32747650146484, 236.74244689941406, 293.0581970214844, 30.94707489013672, 84.65071868896484, 666.9916381835938, 237.11978149414062, 99.56321716308594, 102.69117736816406, 152.79505920410156, 66.54955291748047], [-1625.9052734375, 108.29337310791016, 156.52456665039062, 277.6684875488281, 352.60589599609375, 37.687950134277344, 230.01991271972656, 237.11978149414062, 402.37408447265625, 26.08005142211914, 44.27732849121094, 62.86524963378906, 11.143211364746094], [901.930419921875, -137.22618103027344, -155.90237426757812, -200.27615356445312, -12.1900634765625, 112.98858642578125, 25.203533172607422, 99.56321716308594, 26.08005142211914, 253.4818115234375, 107.79124450683594, 35.251346588134766, 38.35749816894531], [263.9133605957031, 76.46476745605469, 0.6888145208358765, -71.66559600830078, 34.34422302246094, -21.46359634399414, 19.456615447998047, 102.69117736816406, 44.27732849121094, 107.79124450683594, 196.66842651367188, 66.84427642822266, 44.65678405761719], [2.4267735481262207, -241.68124389648438, -26.874910354614258, 15.878151893615723, -24.956579208374023, -118.31700897216797, -56.309715270996094, 152.79505920410156, 62.86524963378906, 35.251346588134766, 66.84427642822266, 196.2972412109375, 73.85517120361328], [437.1861877441406, 96.69268798828125, -33.55427169799805, -42.71133041381836, 33.4239501953125, -34.25160598754883, -57.91408157348633, 66.54955291748047, 11.143211364746094, 38.35749816894531, 44.65678405761719, 73.85517120361328, 173.76651000976562]], "lowlevel.gfcc.icov": [[0.0001021512143779546, -0.0002498913090676069, 0.00019244964641984552, -0.00022560390061698854, 0.000265672046225518, -0.00029397662729024887, 0.0003812770009972155, -0.00038447719998657703, 0.0003959050518460572, -0.00038547528674826026, 0.00010313993698218837, -0.0001371329271933064, 0.00012051017256453633], [-0.0002498913090676069, 0.00146960758138448, -0.0004996967036277056, 0.0002486763405613601, -0.0011261793551966548, 0.00043140779598616064, -0.00045646875514648855, 0.0008601214503869414, -0.000907457317225635, 0.001624615048058331, -0.0013867540983483195, 0.0019551541190594435, -0.0011793427402153611], [0.00019244964641984552, -0.0004996967036277056, 0.0016537056071683764, -0.0009207240073010325, 0.00013291255163494498, -0.0003756496589630842, 0.0002730871783569455, -0.00013812277757097036, 0.0008844711701385677, -0.00040228935540653765, -0.00027431806665845215, -0.0005602990859188139, 0.00027191013214178383], [-0.00022560390061698854, 0.0002486763405613601, -0.0009207240073010325, 0.002661052392795682, -0.0009385590092279017, 0.00013648597814608365, -0.0004921273794025183, 0.0002933032519649714, -0.0016437156591564417, 0.00227155233733356, 0.00048122776206582785, -0.0007183814886957407, 0.0006222419324330986], [0.000265672046225518, -0.0011261793551966548, 0.00013291255163494498, -0.0009385590092279017, 0.004355137702077627, -0.001425403170287609, -0.000430035637691617, -0.0018180670449510217, -0.00038801366463303566, -0.0006361441337503493, 0.0003990679688286036, 8.96531346370466e-05, -0.0007878492469899356], [-0.00029397662729024887, 0.00043140779598616064, -0.0003756496589630842, 0.00013648597814608365, -0.001425403170287609, 0.004530005156993866, -0.0030707968398928642, 0.001183284679427743, 0.0004471601278055459, -0.001792268012650311, 0.0012887070188298821, 0.0010583618422970176, -0.0002630217932164669], [0.0003812770009972155, -0.00045646875514648855, 0.0002730871783569455, -0.0004921273794025183, -0.000430035637691617, -0.0030707968398928642, 0.0069401999935507774, -0.0011722256895154715, -0.0007047014660201967, -0.000557368213776499, -0.0009407750912941992, 0.0005339126801118255, 0.0016490162815898657], [-0.00038447719998657703, 0.0008601214503869414, -0.00013812277757097036, 0.0002933032519649714, -0.0018180670449510217, 0.001183284679427743, -0.0011722256895154715, 0.004346905741840601, -0.0020825364626944065, 0.0005142932641319931, -0.0007429901161231101, -0.0013276878744363785, -0.00016313776723109186], [0.0003959050518460572, -0.000907457317225635, 0.0008844711701385677, -0.0016437156591564417, -0.00038801366463303566, 0.0004471601278055459, -0.0007047014660201967, -0.0020825364626944065, 0.007376957684755325, -0.0029870723374187946, 0.0008645782363601029, -0.0015908712521195412, 0.0006414114031940699], [-0.00038547528674826026, 0.001624615048058331, -0.00040228935540653765, 0.00227155233733356, -0.0006361441337503493, -0.001792268012650311, -0.000557368213776499, 0.0005142932641319931, -0.0029870723374187946, 0.010824869386851788, -0.004940377548336983, 0.0013264772715047002, -0.001559262746013701], [0.00010313993698218837, -0.0013867540983483195, -0.00027431806665845215, 0.00048122776206582785, 0.0003990679688286036, 0.0012887070188298821, -0.0009407750912941992, -0.0007429901161231101, 0.0008645782363601029, -0.004940377548336983, 0.009793526493012905, -0.003677423344925046, 0.0008069794857874513], [-0.0001371329271933064, 0.0019551541190594435, -0.0005602990859188139, -0.0007183814886957407, 8.96531346370466e-05, 0.0010583618422970176, 0.0005339126801118255, -0.0013276878744363785, -0.0015908712521195412, 0.0013264772715047002, -0.003677423344925046, 0.012637566775083542, -0.004766905214637518], [0.00012051017256453633, -0.0011793427402153611, 0.00027191013214178383, 0.0006222419324330986, -0.0007878492469899356, -0.0002630217932164669, 0.0016490162815898657, -0.00016313776723109186, 0.0006414114031940699, -0.001559262746013701, 0.0008069794857874513, -0.004766905214637518, 0.009146852418780327]], "lowlevel.mfcc.cov": [[20305.453125, 2968.64599609375, -327.20458984375, 47.40275192260742, 973.5972290039062, -636.383056640625, 947.227294921875, -251.92112731933594, 270.7091064453125, 70.24818420410156, -0.1774524450302124, 92.0480728149414, 572.9603881835938], [2968.64599609375, 2441.394287109375, 361.14569091796875, 305.90771484375, 592.7807006835938, 274.36614990234375, 455.3995056152344, 29.406879425048828, 226.86268615722656, -42.09232711791992, 147.09088134765625, -2.0030205249786377, 93.84040069580078], [-327.20458984375, 361.14569091796875, 872.088623046875, 281.0087890625, 124.13534545898438, 256.1875915527344, 77.37002563476562, 85.44181823730469, -12.49567699432373, -86.8430404663086, 23.66463851928711, -4.724520683288574, -130.64431762695312], [47.40275192260742, 305.90771484375, 281.0087890625, 953.2057495117188, 465.39306640625, -1.473052978515625, -6.895389556884766, 437.7547607421875, 311.69091796875, -108.77249145507812, 196.70936584472656, 171.33377075195312, -24.726200103759766], [973.5972290039062, 592.7807006835938, 124.13534545898438, 465.39306640625, 583.7734985351562, 69.52999877929688, 148.33773803710938, 278.8218688964844, 290.3069152832031, 17.400049209594727, 152.51205444335938, 132.4117431640625, 60.30414962768555], [-636.383056640625, 274.36614990234375, 256.1875915527344, -1.473052978515625, 69.52999877929688, 698.6561889648438, 195.67205810546875, 82.15074920654297, 93.9178695678711, 151.2329559326172, 86.4925537109375, -25.070104598999023, -35.024478912353516], [947.227294921875, 455.3995056152344, 77.37002563476562, -6.895389556884766, 148.33773803710938, 195.67205810546875, 390.9449768066406, 51.77998733520508, 90.21923065185547, 102.97674560546875, 91.07782745361328, 49.33842086791992, 81.16724395751953], [-251.92112731933594, 29.406879425048828, 85.44181823730469, 437.7547607421875, 278.8218688964844, 82.15074920654297, 51.77998733520508, 451.42340087890625, 272.2134094238281, 46.828250885009766, 172.87490844726562, 168.38235473632812, 18.84811782836914], [270.7091064453125, 226.86268615722656, -12.49567699432373, 311.69091796875, 290.3069152832031, 93.9178695678711, 90.21923065185547, 272.2134094238281, 382.23736572265625, 79.0306396484375, 163.13218688964844, 112.39909362792969, 85.12875366210938], [70.24818420410156, -42.09232711791992, -86.8430404663086, -108.77249145507812, 17.400049209594727, 151.2329559326172, 102.97674560546875, 46.828250885009766, 79.0306396484375, 262.6604309082031, 67.32604217529297, 58.49324417114258, 82.49947357177734], [-0.1774524450302124, 147.09088134765625, 23.66463851928711, 196.70936584472656, 152.51205444335938, 86.4925537109375, 91.07782745361328, 172.87490844726562, 163.13218688964844, 67.32604217529297, 241.53182983398438, 122.79320526123047, 70.98211669921875], [92.0480728149414, -2.0030205249786377, -4.724520683288574, 171.33377075195312, 132.4117431640625, -25.070104598999023, 49.33842086791992, 168.38235473632812, 112.39909362792969, 58.49324417114258, 122.79320526123047, 207.56617736816406, 81.76578521728516], [572.9603881835938, 93.84040069580078, -130.64431762695312, -24.726200103759766, 60.30414962768555, -35.024478912353516, 81.16724395751953, 18.84811782836914, 85.12875366210938, 82.49947357177734, 70.98211669921875, 81.76578521728516, 213.00726318359375]], "lowlevel.mfcc.icov": [[7.77086170273833e-05, -6.5610722231213e-05, 1.9280168999102898e-05, -6.428077995224157e-06, -8.802129013929516e-05, 0.00012647903349716216, -0.00014650406956207007, 6.455508264480159e-05, -1.2129856941101025e-06, -4.750468724523671e-05, 9.41923281061463e-05, 1.9581530068535358e-05, -9.323305857833475e-05], [-6.5610722231213e-05, 0.0008580930880270898, -0.00018332588660996407, -1.6607733414275572e-05, -0.0007425814983434975, -0.0002062909334199503, -0.0005204988992772996, 0.0005361049552448094, -0.00013446253433357924, 0.0004483588272705674, -0.00031858758302405477, 0.0003775179502554238, -0.00014737033052369952], [1.9280168999102898e-05, -0.00018332588660996407, 0.0017907362198457122, -0.000615241180639714, 4.251941936672665e-05, -0.