{"song_id": "1183698187542876180", "download": "https://cdn.discordapp.com/attachments/1135911532732108921/1183698187542876180/chirp.mp4?ex=658947d7&amp", "lyrics": "[verse]\nThere's a snail in the holler, just as slow as can be\nBut lately he's been searching for a high that's fancy and free\nCrawlin' on his journey, through the wide open trail\nLeaving behind a silver trace, as this snail sets sail\n\n[chorus]\nOh, Mr. Snail, you're spiraling down a winding road\nChasing the dragonfly, tryin' to lighten your load\nThrough the cornfields you wander, leaving a snail slime trail\nBut you gotta break free, Mr. Snail, before your soul turns pale", "style": ["country banjo"], "essentia_features": {"lowlevel.average_loudness": 0.9790741205215454, "lowlevel.barkbands_crest.mean": 10.671904563903809, "lowlevel.barkbands_crest.stdev": 3.955458641052246, "lowlevel.barkbands_flatness_db.mean": 0.17302845418453217, "lowlevel.barkbands_flatness_db.stdev": 0.04839399456977844, "lowlevel.barkbands_kurtosis.mean": 8.38952350616455, "lowlevel.barkbands_kurtosis.stdev": 14.365907669067383, "lowlevel.barkbands_skewness.mean": 2.138833999633789, "lowlevel.barkbands_skewness.stdev": 1.4716004133224487, "lowlevel.barkbands_spread.mean": 16.80939292907715, "lowlevel.barkbands_spread.stdev": 10.811485290527344, "lowlevel.dissonance.mean": 0.44274914264678955, "lowlevel.dissonance.stdev": 0.03153828904032707, "lowlevel.dynamic_complexity": 2.122849702835083, "lowlevel.erbbands_crest.mean": 9.868955612182617, "lowlevel.erbbands_crest.stdev": 3.7346365451812744, "lowlevel.erbbands_flatness_db.mean": 0.1608024537563324, "lowlevel.erbbands_flatness_db.stdev": 0.03180382400751114, "lowlevel.erbbands_kurtosis.mean": 0.47975724935531616, "lowlevel.erbbands_kurtosis.stdev": 1.7741131782531738, "lowlevel.erbbands_skewness.mean": 0.45632874965667725, "lowlevel.erbbands_skewness.stdev": 0.71758633852005, "lowlevel.erbbands_spread.mean": 39.222145080566406, "lowlevel.erbbands_spread.stdev": 18.051258087158203, "lowlevel.hfc.mean": 17.519319534301758, "lowlevel.hfc.stdev": 12.263570785522461, "lowlevel.loudness_ebu128.integrated": -14.918914794921875, "lowlevel.loudness_ebu128.loudness_range": 1.5995569229125977, "lowlevel.loudness_ebu128.momentary.mean": -15.14958381652832, "lowlevel.loudness_ebu128.momentary.stdev": 1.4510705471038818, "lowlevel.loudness_ebu128.short_term.mean": -14.903108596801758, "lowlevel.loudness_ebu128.short_term.stdev": 0.5912615060806274, "lowlevel.melbands_crest.mean": 16.05525016784668, "lowlevel.melbands_crest.stdev": 6.4222283363342285, "lowlevel.melbands_flatness_db.mean": 0.24928931891918182, "lowlevel.melbands_flatness_db.stdev": 0.06373703479766846, "lowlevel.melbands_kurtosis.mean": 21.394411087036133, "lowlevel.melbands_kurtosis.stdev": 32.248321533203125, "lowlevel.melbands_skewness.mean": 3.227588176727295, "lowlevel.melbands_skewness.stdev": 2.055093288421631, "lowlevel.melbands_spread.mean": 16.32870101928711, "lowlevel.melbands_spread.stdev": 12.714194297790527, "lowlevel.pitch_salience.mean": 0.4525676965713501, "lowlevel.pitch_salience.stdev": 0.11108992248773575, "lowlevel.silence_rate_20dB.mean": 1.0, "lowlevel.silence_rate_20dB.stdev": 0.0, "lowlevel.silence_rate_30dB.mean": 0.9756566286087036, "lowlevel.silence_rate_30dB.stdev": 0.15411263704299927, "lowlevel.silence_rate_60dB.mean": 0.003203074913471937, "lowlevel.silence_rate_60dB.stdev": 0.05650493502616882, "lowlevel.spectral_centroid.mean": 1089.7642822265625, "lowlevel.spectral_centroid.stdev": 563.945068359375, "lowlevel.spectral_complexity.mean": 15.18705940246582, "lowlevel.spectral_complexity.stdev": 6.858758449554443, "lowlevel.spectral_decrease.mean": -9.574893766739478e-09, "lowlevel.spectral_decrease.stdev": 6.520426421019465e-09, "lowlevel.spectral_energy.mean": 0.037726931273937225, "lowlevel.spectral_energy.stdev": 0.02523939125239849, "lowlevel.spectral_energyband_high.mean": 0.0004185432044323534, "lowlevel.spectral_energyband_high.stdev": 0.0005598243442364037, "lowlevel.spectral_energyband_low.mean": 0.02016947790980339, "lowlevel.spectral_energyband_low.stdev": 0.020268402993679047, "lowlevel.spectral_energyband_middle_high.mean": 0.00506556686013937, "lowlevel.spectral_energyband_middle_high.stdev": 0.00524107925593853, "lowlevel.spectral_energyband_middle_low.mean": 0.0135021498426795, "lowlevel.spectral_energyband_middle_low.stdev": 0.01123123336583376, "lowlevel.spectral_entropy.mean": 7.229997158050537, "lowlevel.spectral_entropy.stdev": 0.36172908544540405, "lowlevel.spectral_flux.mean": 0.06808097660541534, "lowlevel.spectral_flux.stdev": 0.03917917609214783, "lowlevel.spectral_kurtosis.mean": 4.948436737060547, "lowlevel.spectral_kurtosis.stdev": 2.3210384845733643, "lowlevel.spectral_rms.mean": 0.005762912333011627, "lowlevel.spectral_rms.stdev": 0.0018962034955620766, "lowlevel.spectral_rolloff.mean": 898.6019897460938, "lowlevel.spectral_rolloff.stdev": 912.560791015625, "lowlevel.spectral_skewness.mean": 1.6088274717330933, "lowlevel.spectral_skewness.stdev": 0.37773507833480835, "lowlevel.spectral_spread.mean": 4338907.0, "lowlevel.spectral_spread.stdev": 1374091.25, "lowlevel.spectral_strongpeak.mean": 0.8543907403945923, "lowlevel.spectral_strongpeak.stdev": 0.8181136846542358, "lowlevel.zerocrossingrate.mean": 0.039897363632917404, "lowlevel.zerocrossingrate.stdev": 0.022653333842754364, "metadata.audio_properties.analysis.equal_loudness": 0.0, "metadata.audio_properties.analysis.length": 36.20265197753906, "metadata.audio_properties.analysis.sample_rate": 44100.0, "metadata.audio_properties.analysis.start_time": 0.0, "metadata.audio_properties.bit_rate": 118400.0, "metadata.audio_properties.length": 36.202667236328125, "metadata.audio_properties.lossless": 0.0, "metadata.audio_properties.number_channels": 1.0, "metadata.audio_properties.replay_gain": -11.339570999145508, "metadata.audio_properties.sample_rate": 48000.0, "rhythm.beats_count": 67.0, "rhythm.beats_loudness.mean": 0.069318488240242, "rhythm.beats_loudness.stdev": 0.03438108414411545, "rhythm.bpm": 111.78669738769531, "rhythm.bpm_histogram_first_peak_bpm": 112.0, "rhythm.bpm_histogram_first_peak_weight": 0.46969693899154663, "rhythm.bpm_histogram_second_peak_bpm": 0.0, "rhythm.bpm_histogram_second_peak_spread": 0.0, "rhythm.bpm_histogram_second_peak_weight": 0.0, "rhythm.danceability": 1.7889270782470703, "rhythm.onset_rate": 5.328087329864502, "tonal.chords_changes_rate": 0.01792573556303978, "tonal.chords_number_rate": 0.006402048747986555, "tonal.chords_strength.mean": 0.5606805086135864, "tonal.chords_strength.stdev": 0.05691426619887352, "tonal.hpcp_crest.mean": 20.4205379486084, "tonal.hpcp_crest.stdev": 8.631810188293457, "tonal.hpcp_entropy.mean": 1.2465258836746216, "tonal.hpcp_entropy.stdev": 0.6870505809783936, "tonal.key_edma.strength": 0.7804055213928223, "tonal.key_krumhansl.strength": 0.7858571410179138, "tonal.key_temperley.strength": 0.7885361909866333, "tonal.tuning_diatonic_strength": 0.6526983380317688, "tonal.tuning_equal_tempered_deviation": 0.04277804121375084, "tonal.tuning_frequency": 440.0, "tonal.tuning_nontempered_energy_ratio": 0.6444809436798096, "lowlevel.barkbands.mean": [4.0583385271020234e-05, 0.010114052332937717, 0.008971646428108215, 0.0018260958604514599, 0.004041207954287529, 0.002846256596967578, 0.0021445283200591803, 0.001224601874127984, 0.0006293110200203955, 0.0018437599064782262, 0.00043755906517617404, 0.0006050545489415526, 0.0003530296089593321, 0.00044063228415325284, 0.00024176258011721075, 0.00019308895571157336, 0.0004837013257201761, 0.000385538034606725, 0.0003212053852621466, 0.0002825722622219473, 0.0001118900763685815, 4.342479587648995e-05, 1.959451947186608e-05, 6.131577538326383e-05, 5.2449468057602644e-05, 1.1437269677117001e-05, 6.169900075292389e-07], "lowlevel.barkbands.stdev": [5.585353574133478e-05, 0.009939474053680897, 0.013173489831387997, 0.0031488174572587013, 0.004302677232772112, 0.004188358783721924, 0.002968494314700365, 0.0025954940356314182, 0.0011086351005360484, 0.002622059779241681, 0.0013375029666349292, 0.0014520282857120037, 0.0008272501290775836, 0.0011107997270300984, 0.0005833043251186609, 0.0004350429226178676, 0.0008873859769664705, 0.0006922034081071615, 0.0006006464245729148, 0.00043096000445075333, 0.00015406779129989445, 7.309688226087019e-05, 4.5731416321359575e-05, 0.0001911547005875036, 0.00014330835256259888, 2.23559563892195e-05, 2.0525728814391186e-06], "lowlevel.erbbands.mean": [0.11025775969028473, 2.9584553241729736, 11.37341594696045, 7.008094787597656, 12.633666038513184, 10.918635368347168, 11.322189331054688, 23.22317886352539, 41.380714416503906, 18.561485290527344, 31.33308219909668, 15.331733703613281, 45.53750991821289, 45.66402816772461, 20.38620376586914, 27.677711486816406, 17.093673706054688, 25.247602462768555, 14.707845687866211, 11.807527542114258, 12.76811695098877, 24.805458068847656, 24.738483428955078, 14.79239559173584, 17.079465866088867, 12.684564590454102, 7.609105587005615, 2.6481471061706543, 1.7119359970092773, 0.8978526592254639, 0.4941694736480713, 0.7380901575088501, 1.3137978315353394, 0.7948742508888245, 0.24891038239002228, 0.060499127954244614, 0.019089777022600174, 0.0038932322058826685, 0.00010258027032250538, 4.612564225681126e-05], "lowlevel.erbbands.stdev": [0.11849211156368256, 2.9327268600463867, 15.950722694396973, 8.67465591430664, 17.383371353149414, 12.06752872467041, 26.22020149230957, 40.12364196777344, 52.00298309326172, 41.87346649169922, 69.6319580078125, 22.176950454711914, 70.80998992919922, 82.6092758178711, 49.27109146118164, 68.13153839111328, 35.653343200683594, 58.554622650146484, 35.00614547729492, 26.18465805053711, 24.992746353149414, 43.04398727416992, 39.46687316894531, 24.9119815826416, 31.106115341186523, 19.13251495361328, 11.097378730773926, 3.005671501159668, 2.7225403785705566, 1.860363245010376, 1.188861608505249, 2.2972939014434814, 4.239867210388184, 2.245999574661255, 0.6397832036018372, 0.13138896226882935, 0.036691050976514816, 0.009142029099166393, 0.00020075195061508566, 2.9946180802653544e-05], "lowlevel.gfcc.mean": [0.21736092865467072, 111.76624298095703, -104.43762969970703, 36.52587890625, -51.5804328918457, 8.924370765686035, -29.089670181274414, 18.991914749145508, -33.09885025024414, 2.3558526039123535, -13.15575122833252, -4.268170356750488, -6.416067600250244], "lowlevel.melbands.mean": [0.001932706218212843, 0.005107498727738857, 0.0014026465360075235, 0.000924146210309118, 0.0003638358321040869, 0.0005742144421674311, 0.0005977282417006791, 0.0001830445253290236, 0.00024029276391956955, 9.351020707981661e-05, 0.00022804491163697094, 0.00018894506501965225, 6.945021596038714e-05, 6.72781461616978e-05, 4.820478716283105e-05, 3.9346479752566665e-05, 4.711687870440073e-05, 2.3657543351873755e-05, 1.5010690731287468e-05, 1.575108035467565e-05, 1.4929789358575363e-05, 2.3186457838164642e-05, 3.501140236039646e-05, 1.4565484889317304e-05, 1.1281031220278237e-05, 1.2150806469435338e-05, 1.1741499292838853e-05, 7.517377071053488e-06, 5.9882895584451035e-06, 2.302070924997679e-06, 1.1793418934757938e-06, 1.0649139312590705e-06, 6.539478931699705e-07, 4.3328995502633916e-07, 2.5192500174853194e-07, 3.261388599185011e-07, 4.983414214621007e-07, 9.566056178300641e-07, 8.832034268380085e-07, 6.161934038573236e-07], "lowlevel.melbands.stdev": [0.0018398506799712777, 0.006139622535556555, 0.001537596108391881, 0.0010249962797388434, 0.0007370971143245697, 0.0009172483696602285, 0.000741823110729456, 0.00040437013376504183, 0.0005487210582941771, 0.00014082438428886235, 0.0003526585642248392, 0.0003610416897572577, 0.00020415816106833518, 0.00015900681319180876, 0.00011045546852983534, 8.971327770268545e-05, 0.00011459481902420521, 6.511648825835437e-05, 4.004173752036877e-05, 3.6189569073030725e-05, 3.221653605578467e-05, 4.9801947170635685e-05, 6.433417001971975e-05, 2.8781463697669096e-05, 2.0719380700029433e-05, 2.3708109438302927e-05, 2.0871611923212186e-05, 1.2456002878025174e-05, 9.680130460765213e-06, 3.099044761256664e-06, 1.500299390500004e-06, 1.7082521708289278e-06, 1.450308559469704e-06, 9.269327847505338e-07, 6.026926371305308e-07, 9.743545206220006e-07, 1.6101867004181258e-06, 3.245709649490891e-06, 2.6508639621170005e-06, 1.7970048702409258e-06], "lowlevel.melbands128.mean": [1.720233376545366e-05, 0.0002658555458765477, 0.0023582051508128643, 0.005765318870544434, 0.006954239681363106, 0.0034516609739512205, 0.0013055001618340611, 0.0008242988842539489, 0.0014589395141229033, 0.0011336463503539562, 0.0004664408625103533, 0.00032773814746178687, 0.00047699897550046444, 0.00020896784553769976, 0.00024906991166062653, 0.0010674011427909136, 0.000966074236202985, 0.0004393243871163577, 0.0002389632718404755, 0.00021328938601072878, 8.824926771922037e-05, 0.000251851073699072, 0.00037138196057640016, 7.330135849770159e-05, 6.267669959925115e-05, 6.982810737099499e-05, 0.0002197866269852966, 0.00032749868114478886, 9.201513603329659e-05, 0.0003230932343285531, 0.00015441411233041435, 6.595860031666234e-05, 0.00010053798177978024, 3.2771597034297884e-05, 4.681431892095134e-05, 8.289601828437299e-05, 0.0001051289145834744, 2.4292861780850217e-05, 3.665363328764215e-05, 3.613797889556736e-05, 2.3271344616659917e-05, 7.573106267955154e-05, 4.6281664253911003e-05, 4.069319038535468e-05, 2.247341581096407e-05, 2.0647561541409232e-05, 2.696887713682372e-05, 8.890571734809782e-06, 1.2926599993079435e-05, 2.0223049432388507e-05, 1.5232623809424695e-05, 1.2143470485170837e-05, 1.3235067854111549e-05, 1.337723369942978e-05, 2.5965588065446354e-05, 2.12285576708382e-05, 1.7134412701125257e-05, 5.2035680710105225e-05, 3.8950081943767145e-05, 1.1318375982227735e-05, 1.6811705791042186e-05, 1.0616273357300088e-05, 1.1549238479346968e-05, 1.1485882168926764e-05, 1.1447198630776256e-05, 9.721370588522404e-06, 1.6326277545886114e-05, 1.1047316547774244e-05, 1.1721808732545469e-05, 1.103673184843501e-05, 6.012714493408566e-06, 6.66077676214627e-06, 7.806213034200482e-06, 6.771635526092723e-06, 2.439639047224773e-06, 2.6145135052502155e-06, 2.1953676423436264e-06, 1.2513155525084585e-06, 1.0092189768329263e-06, 1.004917635327729e-06, 1.2925095234095352e-06, 1.021856064653548e-06, 7.200287654995918e-07, 6.690809186693514e-07, 5.416862336460326e-07, 4.596806775225559e-07, 4.3192673615521926e-07, 3.0406329187826486e-07, 2.1347089784740092e-07, 2.1088122537094023e-07, 3.2763634294497024e-07, 3.438010764966748e-07, 3.698252157846582e-07, 3.588210972793604e-07, 5.75379203837656e-07, 1.1085890037065838e-06, 9.398412430527969e-07, 9.49072671119211e-07, 9.881950973067433e-07, 8.367068744519202e-07, 6.04360366196488e-07, 6.349517889248091e-07, 5.313370365911396e-07, 4.0651787003298523e-07, 2.1765312396837544e-07, 1.566521632412332e-07, 1.8120103106866736e-07, 1.373339131305329e-07, 8.843050380846762e-08, 5.992246343566876e-08, 5.3109555864239155e-08, 5.6742504028761687e-08, 5.989012663576432e-08, 6.667674767868448e-08, 5.92795004195068e-08, 4.878909010130883e-08, 2.409473687237096e-08, 2.935636844725309e-09, 2.488094626162951e-11, 6.714475329905323e-12, 6.537545244739151e-12, 6.4019323696429264e-12, 6.26351314564344e-12, 6.1506099692520966e-12, 6.027792848195546e-12, 5.893232082887501e-12, 5.808885924357687e-12, 5.772178741925149e-12], "lowlevel.melbands128.stdev": [3.0843493732390925e-05, 0.00038947619032114744, 0.0029495484195649624, 0.006303443573415279, 0.009818492457270622, 0.004987032618373632, 0.0019848686642944813, 0.0015353590715676546, 0.002323743887245655, 0.0013257520040497184, 0.0007086596451699734, 0.0006163138896226883, 0.0013303338782861829, 0.0005136846448294818, 0.0007789797382429242, 0.0018551504472270608, 0.0015379975084215403, 0.0008679235470481217, 0.0005004598060622811, 0.00075217813719064, 0.0002946251188404858, 0.0005813788739033043, 0.0009573803399689496, 0.00023126284941099584, 0.00018624853692017496, 0.0001767214125720784, 0.00038706196937710047, 0.0006770046311430633, 0.00015727587742730975, 0.0006908311042934656, 0.00034970775595866144, 0.0002086187741952017, 0.00038487082929350436, 0.00012835222878493369, 0.00018528793589212, 0.0002241146721644327, 0.00032751206890679896, 0.00012813742796424776, 0.0001102423484553583, 0.00012473258539102972, 8.793473534751683e-05, 0.00024145038332790136, 0.00014957497478462756, 0.0001394614519085735, 0.00014470421592704952, 6.227545236470178e-05, 8.30568460514769e-05, 6.101890903664753e-05, 4.819361129193567e-05, 5.961359420325607e-05, 5.0853403081418946e-05, 3.678320354083553e-05, 4.374160198494792e-05, 4.006212475360371e-05, 7.945941615616903e-05, 7.93485960457474e-05, 3.5703644243767485e-05, 0.00012009947386104614, 9.272647002944723e-05, 2.4903036319301464e-05, 4.6525026846211404e-05, 3.0489089112961665e-05, 2.4652939828229137e-05, 2.539620254538022e-05, 4.2857835069298744e-05, 1.9763598174904473e-05, 4.4057960622012615e-05, 3.463984830887057e-05, 2.794168540276587e-05, 2.1174613721086644e-05, 1.232486010849243e-05, 1.8462353182258084e-05, 1.5235482351272367e-05, 1.3723921256314497e-05, 5.026526196161285e-06, 4.679114226746606e-06, 3.1549270715913735e-06, 1.8162475043936865e-06, 1.451697471566149e-06, 1.6879308759598644e-06, 2.489811549821752e-06, 1.91863705367723e-06, 1.3552454447562923e-06, 1.992728584809811e-06, 1.2256671197974356e-06, 1.0479345746716717e-06, 9.66568563853798e-07, 7.8523657975893e-07, 5.072099042990885e-07, 5.928711743763415e-07, 9.851423783402424e-07, 1.1607824035309022e-06, 1.368296580039896e-06, 1.4153166603136924e-06, 1.7819558024712023e-06, 4.290924607630586e-06, 3.564871576600126e-06, 3.5664477309182985e-06, 2.9322493446670705e-06, 2.7770493034040555e-06, 1.5284231267287396e-06, 2.015701966229244e-06, 2.046110921583022e-06, 1.123099082178669e-06, 4.958233148499858e-07, 4.664957202749065e-07, 4.294929283332749e-07, 3.647259632089117e-07, 2.1638253144828923e-07, 1.429231986094237e-07, 1.3277548305268283e-07, 1.2299074114707764e-07, 1.2665439896863973e-07, 1.524285266896186e-07, 1.470779267265243e-07, 1.2554079376059235e-07, 8.057232037117501e-08, 1.4123910041519139e-08, 4.0382136523575696e-10, 1.029733416590961e-11, 1.0036711045602331e-11, 9.811128472148045e-12, 9.605816142510548e-12, 9.436181870603466e-12, 9.295689218369318e-12, 9.182621676928626e-12, 9.101421873103366e-12, 9.051377702906649e-12], "lowlevel.mfcc.mean": [-648.0297241210938, 140.486572265625, 7.633750915527344, 34.22917175292969, 5.909792900085449, -5.232023239135742, 18.033903121948242, 0.9859372973442078, 7.103541851043701, -2.667285680770874, 1.017453908920288, 2.0544426441192627, -2.056063175201416], "lowlevel.spectral_contrast_coeffs.mean": [-0.6597376465797424, -0.6673539280891418, -0.6848578453063965, -0.7705122828483582, -0.7657124996185303, -0.7495632767677307], "lowlevel.spectral_contrast_coeffs.stdev": [0.07295957952737808, 0.07052800804376602, 0.0570552833378315, 0.0538642592728138, 0.04886123910546303, 0.037489939481019974], "lowlevel.spectral_contrast_valleys.mean": [-6.619871139526367, -7.167356967926025, -7.786069393157959, -8.143994331359863, -7.710692405700684, -10.828630447387695], "lowlevel.spectral_contrast_valleys.stdev": [0.6755751967430115, 0.731569230556488, 0.7004347443580627, 0.6547764539718628, 0.7058329582214355, 0.799034059047699], "rhythm.beats_loudness_band_ratio.mean": [0.6836277842521667, 0.13405480980873108, 0.108566053211689, 0.06991037726402283, 0.03981687128543854, 0.022618796676397324], "rhythm.beats_loudness_band_ratio.stdev": [0.20571580529212952, 0.10740622133016586, 0.09261470288038254, 0.08650722354650497, 0.05366123095154762, 0.02331092394888401], "tonal.hpcp.mean": [0.2772289216518402, 0.16880734264850616, 0.013509027659893036, 0.006737453397363424, 0.009001140482723713, 0.040684446692466736, 0.07722514867782593, 0.048744093626737595, 0.01913393847644329, 0.02479487471282482, 0.016121331602334976, 0.011096663773059845, 0.014777186326682568, 0.01488225907087326, 0.1249944344162941, 0.41826674342155457, 0.3516603112220764, 0.06483215093612671, 0.019533302634954453, 0.009229687042534351, 0.02026701346039772, 0.045124445110559464, 0.040226634591817856, 0.023255478590726852, 0.017379600554704666, 0.013038420118391514, 0.042186200618743896, 0.06774348020553589, 0.05199440196156502, 0.25658008456230164, 0.49936285614967346, 0.27998316287994385, 0.02675534412264824, 0.01451407466083765, 0.0118406368419528, 0.12488266825675964], "tonal.hpcp.stdev": [0.3788025677204132, 0.23683229088783264, 0.05730750784277916, 0.04559805244207382, 0.055551812052726746, 0.11200322210788727, 0.19860200583934784, 0.13527879118919373, 0.07609859853982925, 0.1098007932305336, 0.07844081521034241, 0.043318361043930054, 0.05973479151725769, 0.05680356174707413, 0.16099384427070618, 0.42701444029808044, 0.37403246760368347, 0.1655517816543579, 0.07605697214603424, 0.04135223478078842, 0.06592199206352234, 0.12273383885622025, 0.10947460681200027, 0.07213351130485535, 0.07495371997356415, 0.06765491515398026, 0.11153461784124374, 0.1589750498533249, 0.12321505695581436, 0.27521979808807373, 0.44479891657829285, 0.2782028615474701, 0.09242025017738342, 0.07100896537303925, 0.05046992376446724, 0.19275961816310883], "rhythm.beats_position": [0.5108389854431152, 1.0448979139328003, 1.5789568424224854, 2.11301589012146, 2.6470746994018555, 3.2043535709381104, 3.7616326808929443, 4.29569149017334, 4.8297505378723145, 5.363809585571289, 5.8978681564331055, 6.44353723526001, 6.989206314086914, 7.53487491607666, 8.080544471740723, 8.614603042602539, 9.148661613464355, 9.671111106872559, 10.205169677734375, 10.750839233398438, 11.296507835388184, 11.84217643737793, 12.376235961914062, 12.921904563903809, 13.467573165893555, 14.001632690429688, 14.535691261291504, 15.08135986328125, 15.615419387817383, 16.149478912353516, 16.671926498413086, 17.20598602294922, 17.76326560974121, 18.30893325805664, 18.842992782592773, 19.388662338256836, 19.922719955444336, 20.45677947998047, 20.979228973388672, 21.501678466796875, 22.035736083984375, 22.581405639648438, 23.1270751953125, 23.67274284362793, 24.195192337036133, 24.729251861572266, 25.263309478759766, 25.7973690032959, 26.33142852783203, 26.87709617614746, 27.422765731811523, 27.956825256347656, 28.49088478088379, 29.01333236694336, 29.547391891479492, 30.081451416015625, 30.603899002075195, 31.149568557739258, 31.69523811340332, 32.21768569946289, 32.751747131347656, 33.274192810058594, 33.80825424194336, 34.34231185913086, 34.87636947631836, 35.410430908203125, 35.944488525390625], "rhythm.bpm_histogram": [0.0, 0.0, 0.0, 0.0, 0.0, 0.0, 0.0, 0.0, 0.0, 0.0, 0.0, 0.0, 0.0, 0.0, 0.0, 0.0, 0.0, 0.0, 0.0, 0.0, 0.0, 0.0, 0.0, 0.0, 0.0, 0.0, 0.0, 0.0, 0.0, 0.0, 0.0, 0.0, 0.0, 0.0, 0.0, 0.0, 0.0, 0.0, 0.0, 0.0, 0.0, 0.0, 0.0, 0.0, 0.0, 0.0, 0.0, 0.0, 0.0, 0.0, 0.0, 0.0, 0.0, 0.0, 0.0, 0.0, 0.0, 0.0, 0.0, 0.0, 0.0, 0.0, 0.0, 0.0, 0.0, 0.0, 0.0, 0.0, 0.0, 0.0, 0.0, 0.0, 0.0, 0.0, 0.0, 0.0, 0.0, 0.0, 0.0, 0.0, 0.0, 0.0, 0.0, 0.0, 0.0, 0.0, 0.0, 0.0, 0.0, 0.0, 0.0, 0.0, 0.0, 0.0, 0.0, 0.0, 0.0, 0.0, 0.0, 0.0, 0.0, 0.0, 0.0, 0.0, 0.0, 0.0, 0.0, 0.0, 0.04545454680919647, 0.0, 0.28787878155708313, 0.0, 0.5303030014038086, 0.0, 0.0, 0.13636364042758942, 0.0, 0.0, 0.0, 0.0, 0.0, 0.0, 0.0, 0.0, 0.0, 0.0, 0.0, 0.0, 0.0, 0.0, 0.0, 0.0, 0.0, 0.0, 0.0, 0.0, 0.0, 0.0, 0.0, 0.0, 0.0, 0.0, 0.0, 0.0, 0.0, 0.0, 0.0, 0.0, 0.0, 0.0, 0.0, 0.0, 0.0, 0.0, 0.0, 0.0, 0.0, 0.0, 0.0, 0.0, 0.0, 0.0, 0.0, 0.0, 0.0, 0.0, 0.0, 0.0, 0.0, 0.0, 0.0, 0.0, 0.0, 0.0, 0.0, 0.0, 0.0, 0.0, 0.0, 0.0, 0.0, 0.0, 0.0, 0.0, 0.0, 0.0, 0.0, 0.0, 0.0, 0.0, 0.0, 0.0, 0.0, 0.0, 0.0, 0.0, 0.0, 0.0, 0.0, 0.0, 0.0, 0.0, 0.0, 0.0, 0.0, 0.0, 0.0, 0.0, 0.0, 0.0, 0.0, 0.0, 0.0, 0.0, 0.0, 0.0, 0.0, 0.0, 0.0, 0.0, 0.0, 0.0, 0.0, 0.0, 0.0, 0.0, 0.0, 0.0, 0.0, 0.0, 0.0, 0.0, 0.0, 0.0, 0.0, 0.0, 0.0, 0.0, 0.0, 0.0, 0.0, 0.0, 0.0, 0.0, 0.0, 0.0, 0.0, 0.0, 0.0, 0.0], "tonal.chords_histogram": [1.6645326614379883, 0.0, 1.6645326614379883, 0.0, 0.0, 2.4327785968780518, 0.0, 63.764404296875, 0.0, 30.473751068115234, 0.0, 0.0, 0.0, 0.0, 0.0, 0.0, 0.0, 0.0, 0.0, 0.0, 0.0, 0.0, 0.0, 0.0], "tonal.thpcp": [1.0, 0.5606808066368103, 0.05357896164059639, 0.02906518615782261, 0.023711489513516426, 0.2500840127468109, 0.5551652908325195, 0.3380454480648041, 0.02705252729356289, 0.013492099940776825, 0.018025251105427742, 0.08147270977497101, 0.1546473652124405, 0.09761257469654083, 0.03831670433282852, 0.04965302348136902, 0.03228380158543587, 0.0222216434776783, 0.029592081904411316, 0.02980249561369419, 0.2503078281879425, 0.837600827217102, 0.7042179703712463, 0.1298297494649887, 0.039116449654102325, 0.018482927232980728, 0.04058574512600899, 0.09036403894424438, 0.08055592328310013, 0.0465703010559082, 0.03480355069041252, 0.02611011266708374, 0.08448005467653275, 0.1356598287820816, 0.10412148386240005, 0.5138149261474609], "lowlevel.gfcc.cov": [[2819.6875, -189.94619750976562, -254.38140869140625, -63.357208251953125, -60.9647102355957, -124.68112182617188, -184.076904296875, 224.8666229248047, -132.65081787109375, 100.94269561767578, 51.597049713134766, -24.5595703125, 19.841554641723633], [-189.94619750976562, 538.9835815429688, -16.0776424407959, -46.772056579589844, 101.12127685546875, -106.50936126708984, 121.27667999267578, -30.709630966186523, 61.69806671142578, -49.82858657836914, 46.15618133544922, -25.67483139038086, 21.96814727783203], [-254.38140869140625, -16.0776424407959, 618.149169921875, 96.42977142333984, -32.01683807373047, 102.91676330566406, 68.78202819824219, -47.363372802734375, 86.88848876953125, 22.877050399780273, -85.07044982910156, 95.06929016113281, -48.90454864501953], [-63.357208251953125, -46.772056579589844, 96.42977142333984, 245.8594512939453, 99.32328796386719, 28.771718978881836, -7.391597270965576, 22.141008377075195, 42.0795783996582, -25.450618743896484, -15.491255760192871, -12.849161148071289, 42.09315490722656], [-60.9647102355957, 101.12127685546875, -32.01683807373047, 99.32328796386719, 331.3590393066406, 9.625275611877441, 45.52366638183594, 37.792518615722656, 16.091978073120117, 3.038907527923584, 23.883333206176758, -23.570219039916992, 14.622430801391602], [-124.68112182617188, -106.50936126708984, 102.91676330566406, 28.771718978881836, 9.625275611877441, 211.28810119628906, 59.152069091796875, -29.5594425201416, -7.739848613739014, 12.446579933166504, -10.700179100036621, -6.103605270385742, -21.376754760742188], [-184.076904296875, 121.27667999267578, 68.78202819824219, -7.391597270965576, 45.52366638183594, 59.152069091796875, 216.43585205078125, -18.619070053100586, -13.445399284362793, -12.52758502960205, 24.48078155517578, 14.097692489624023, -38.59098434448242], [224.8666229248047, -30.709630966186523, -47.363372802734375, 22.141008377075195, 37.792518615722656, -29.5594425201416, -18.619070053100586, 151.50912475585938, 25.200542449951172, 2.4400179386138916, 26.572744369506836, -7.6438727378845215, 30.53420066833496], [-132.65081787109375, 61.69806671142578, 86.88848876953125, 42.0795783996582, 16.091978073120117, -7.739848613739014, -13.445399284362793, 25.200542449951172, 137.61940002441406, 13.922112464904785, -38.19660568237305, 2.691164970397949, 21.366708755493164], [100.94269561767578, -49.82858657836914, 22.877050399780273, -25.450618743896484, 3.038907527923584, 12.446579933166504, -12.52758502960205, 2.4400179386138916, 13.922112464904785, 107.03185272216797, 26.803417205810547, 15.384476661682129, 0.7060829401016235], [51.597049713134766, 46.15618133544922, -85.07044982910156, -15.491255760192871, 23.883333206176758, -10.700179100036621, 24.48078155517578, 26.572744369506836, -38.19660568237305, 26.803417205810547, 143.8345184326172, 18.6557559967041, 1.0481934547424316], [-24.5595703125, -25.67483139038086, 95.06929016113281, -12.849161148071289, -23.570219039916992, -6.103605270385742, 14.097692489624023, -7.6438727378845215, 2.691164970397949, 15.384476661682129, 18.6557559967041, 102.07833862304688, 4.8958916664123535], [19.841554641723633, 21.96814727783203, -48.90454864501953, 42.09315490722656, 14.622430801391602, -21.376754760742188, -38.59098434448242, 30.53420066833496, 21.366708755493164, 0.7060829401016235, 1.0481934547424316, 4.8958916664123535, 101.18436431884766]], "lowlevel.gfcc.icov": [[0.0005367192788980901, -0.00038036529440432787, 0.00019333267118781805, -0.000338818586897105, 0.00027011948986910284, -7.423846545862034e-05, 0.0005117247346788645, -0.001165710506029427, 0.001088715041987598, -0.0009667566628195345, 0.0005903556593693793, -0.0003036402049474418, 0.0004893713048659265], [-0.00038036529440432787, 0.006189656909555197, -0.001816097879782319, 0.003795618424192071, -0.0022583052050322294, 0.0040508718229830265, -0.003955084830522537, 0.004306945018470287, -0.0050371200777590275, 0.004762223456054926, -0.004766594618558884, 0.00472606997936964, -0.004500838462263346], [0.00019333267118781805, -0.001816097879782319, 0.00395783269777894, -0.0029044807888567448, 0.001240865676663816, -0.0021516643464565277, 0.00048486876767128706, -0.0012139772297814488, 0.00012961636821273714, -0.0024583600461483, 0.0034179440699517727, -0.004891517572104931, 0.0035859926138073206], [-0.000338818586897105, 0.003795618424192071, -0.0029044807888567448, 0.008883130736649036, -0.0032795544248074293, 0.0017786106327548623, -0.001581292599439621, 0.0027273765299469233, -0.003926785197108984, 0.005329291336238384, -0.004029406700283289, 0.004784498829394579, -0.005831024143844843], [0.00027011948986910284, -0.0022583052050322294, 0.001240865676663816, -0.0032795544248074293, 0.004763422533869743, -0.0013170751044526696, 0.000348236266290769, -0.0023985696025192738, 0.0017798570916056633, -0.002703449921682477, 0.0016355059342458844, -0.001311460044234991, 0.001980910310521722], [-7.423846545862034e-05, 0.0040508718229830265, -0.0021516643464565277, 0.0017786106327548623, -0.0013170751044526696, 0.008671551011502743, -0.0039343987591564655, 0.003148112678900361, -0.0019899490289390087, 0.0016477258177474141, -0.002824121620506048, 0.004679819568991661, -0.0028614704497158527], [0.0005117247346788645, -0.003955084830522537, 0.00048486876767128706, -0.001581292599439621, 0.000348236266290769, -0.0039343987591564655, 0.008777633309364319, -0.0028460214380174875, 0.0035415024030953646, -0.0016455549048259854, 0.001544798375107348, -0.0034407232888042927, 0.00438966928049922], [-0.001165710506029427, 0.004306945018470287, -0.0012139772297814488, 0.0027273765299469233, -0.0023985696025192738, 0.003148112678900361, -0.0028460214380174875, 0.012532594613730907, -0.00661010667681694, 0.004851160105317831, -0.005724700633436441, 0.003974481951445341, -0.005054538603872061], [0.001088715041987598, -0.0050371200777590275, 0.00012961636821273714, -0.003926785197108984, 0.0017798570916056633, -0.0019899490289390087, 0.0035415024030953646, -0.00661010667681694, 0.015217608772218227, -0.006836044602096081, 0.00674538966268301, -0.003019136842340231, 0.00215459568426013], [-0.0009667566628195345, 0.004762223456054926, -0.0024583600461483, 0.005329291336238384, -0.002703449921682477, 0.0016477258177474141, -0.0016455549048259854, 0.004851160105317831, -0.006836044602096081, 0.016125235706567764, -0.007320997305214405, 0.0032871845178306103, -0.004354473203420639], [0.0005903556593693793, -0.004766594618558884, 0.0034179440699517727, -0.004029406700283289, 0.0016355059342458844, -0.002824121620506048, 0.001544798375107348, -0.005724700633436441, 0.00674538966268301, -0.007320997305214405, 0.014210267923772335, -0.007070446852594614, 0.00455263489857316], [-0.0003036402049474418, 0.00472606997936964, -0.004891517572104931, 0.004784498829394579, -0.001311460044234991, 0.004679819568991661, -0.0034407232888042927, 0.003974481951445341, -0.003019136842340231, 0.0032871845178306103, -0.007070446852594614, 0.018024124205112457, -0.006838782224804163], [0.0004893713048659265, -0.004500838462263346, 0.0035859926138073206, -0.005831024143844843, 0.001980910310521722, -0.0028614704497158527, 0.00438966928049922, -0.005054538603872061, 0.00215459568426013, -0.004354473203420639, 0.00455263489857316, -0.006838782224804163, 0.017090920358896255]], "lowlevel.mfcc.cov": [[2517.748779296875, -222.1656036376953, -340.84771728515625, -72.43510437011719, 32.097434997558594, -386.3218688964844, 69.957275390625, -157.5965118408203, -61.682491302490234, 37.830665588378906, -23.02423858642578, 19.010095596313477, -31.3193359375], [-222.1656036376953, 574.1141967773438, -92.63070678710938, 48.7635612487793, -51.01457214355469, -19.059377670288086, 32.48112869262695, 26.55633544921875, 4.659338474273682, -12.432958602905273, 40.373233795166016, 23.175540924072266, 9.182488441467285], [-340.84771728515625, -92.63070678710938, 585.2059326171875, -0.0962483137845993, -73.41126251220703, 161.69073486328125, -105.06800842285156, 77.93867492675781, 46.3914794921875, -35.0145263671875, 14.829680442810059, 9.207428932189941, 29.460338592529297], [-72.43510437011719, 48.7635612487793, -0.0962483137845993, 246.07376098632812, 104.95210266113281, -2.9829390048980713, 2.9547152519226074, 34.52116012573242, 57.24631881713867, 3.4852893352508545, -28.383514404296875, 17.915721893310547, 32.113277435302734], [32.097434997558594, -51.01457214355469, -73.41126251220703, 104.95210266113281, 274.3158264160156, -3.8682799339294434, -2.1247620582580566, -2.5739283561706543, 61.73823165893555, 41.93770980834961, -17.90487289428711, -2.279832363128662, 16.339590072631836], [-386.3218688964844, -19.059377670288086, 161.69073486328125, -2.9829390048980713, -3.8682799339294434, 278.7257385253906, 23.278213500976562, 40.038936614990234, 13.849100112915039, 8.868785858154297, 31.40022087097168, -33.706939697265625, -9.375755310058594], [69.957275390625, 32.48112869262695, -105.06800842285156, 2.9547152519226074, -2.1247620582580566, 23.278213500976562, 245.4400177001953, 33.86322784423828, -60.05807876586914, 12.340669631958008, 30.70175552368164, 23.22624397277832, -3.698275327682495], [-157.5965118408203, 26.55633544921875, 77.93867492675781, 34.52116012573242, -2.5739283561706543, 40.038936614990234, 33.86322784423828, 143.63668823242188, 22.14446449279785, -2.9268927574157715, 0.12051144987344742, 8.716229438781738, 17.557945251464844], [-61.682491302490234, 4.659338474273682, 46.3914794921875, 57.24631881713867, 61.73823165893555, 13.849100112915039, -60.05807876586914, 22.14446449279785, 166.3042755126953, 25.233789443969727, -15.236395835876465, -3.441772699356079, 7.115692138671875], [37.830665588378906, -12.432958602905273, -35.0145263671875, 3.4852893352508545, 41.93770980834961, 8.868785858154297, 12.340669631958008, -2.9268927574157715, 25.233789443969727, 98.90803527832031, 20.60848045349121, -13.076229095458984, -21.1097412109375], [-23.02423858642578, 40.373233795166016, 14.829680442810059, -28.383514404296875, -17.90487289428711, 31.40022087097168, 30.70175552368164, 0.12051144987344742, -15.236395835876465, 20.60848045349121, 99.18795013427734, 15.574471473693848, -11.827817916870117], [19.010095596313477, 23.175540924072266, 9.207428932189941, 17.915721893310547, -2.279832363128662, -33.706939697265625, 23.22624397277832, 8.716229438781738, -3.441772699356079, -13.076229095458984, 15.574471473693848, 107.45056915283203, 37.286006927490234], [-31.3193359375, 9.182488441467285, 29.460338592529297, 32.113277435302734, 16.339590072631836, -9.375755310058594, -3.698275327682495, 17.557945251464844, 7.115692138671875, -21.1097412109375, -11.827817916870117, 37.286006927490234, 102.69992065429688]], "lowlevel.mfcc.icov": [[0.0005839579389430583, 0.0002528641780372709, 4.325536428950727e-05, 6.783796561649069e-05, 1.4910234540366218e-06, 0.0008021603571251035, -0.00031297950772568583, 0.0003975686267949641, -4.585458373185247e-05, -0.0001466316170990467, -9.79042160906829e-05, 9.408210462424904e-05, 4.3212803575443104e-05], [0.0002528641780372709, 0.002191848587244749, 0.0006270080921240151, -0.0006798324757255614, 0.0007573447655886412, 0.0003143076610285789, -1.671107384026982e-05, -0.0002913092903327197, -0.0003459531581029296, 0.0003722206165548414, -0.0012189409462735057, -5.324317316990346e-05, -0.00014932005433365703], [4.325536428950727e-05, 0.0006270080921240151, 0.0029644109308719635, -0.0002443864068482071, 0.000934092269744724, -0.0015643874648958445, 0.0015397873939946294, -0.0013524084351956844, -0.0003884977486450225, 0.0006849527126178145, -0.0007171960896812379, -0.0007091270526871085, -0.0004790260863956064], [6.783796561649069e-05, -0.0006798324757255614, -0.0002443864068482071, 0.005765820853412151, -0.0020786290988326073, 0.0001398973836330697, -0.0004399470635689795, -0.0007387295481748879, -0.0010537526104599237, 0.00022715992236044258, 0.0015084623591974378, -0.0006430724170058966, -0.0006705019623041153], [1.4910234540366218e-06, 0.0007573447655886412, 0.000934092269744724, -0.0020786290988326073, 0.005420192144811153, -0.00039518869016319513, 0.00011352194269420579, 0.00029908280703239143, -0.0012487423373386264, -0.0016412626719102263, 4.6806104364804924e-05, 0.00011747728422051296, -0.0009188191615976393], [0.0008021603571251035, 0.0003143076610285789, -0.0015643874648958445, 0.0001398973836330697, -0.00039518869016319513, 0.006225008983165026, -0.0016674440121278167, 0.00018826658197212964, -0.0003828693297691643, -0.00024945224868133664, -0.0015546581707894802, 0.002335542580112815, 0.00010874594590859488], [-0.00031297950772568583, -1.671107384026982e-05, 0.0015397873939946294, -0.0004399470635689795, 0.00011352194269420579, -0.0016674440121278167, 0.006159077864140272, -0.0023355716839432716, 0.002183077158406377, -0.0005550463101826608, -0.0010471446439623833, -0.001593057531863451, 0.00024514441611245275], [0.0003975686267949641, -0.0002913092903327197, -0.0013524084351956844, -0.0007387295481748879, 0.00029908280703239143, 0.00018826658197212964, -0.0023355716839432716, 0.00915286224335432, -0.0012764144921675324, -0.0001826071529649198, 0.0006136527517810464, 0.00020816948381252587, -0.0008670763927511871], [-4.585458373185247e-05, -0.0003459531581029296, -0.0003884977486450225, -0.0010537526104599237, -0.0012487423373386264, -0.0003828693297691643, 0.002183077158406377, -0.0012764144921675324, 0.00833802204579115, -0.0022180662490427494, 0.0009311625035479665, -0.0004099396464880556, 0.0001408902317052707], [-0.0001466316170990467, 0.0003722206165548414, 0.0006849527126178145, 0.00022715992236044258, -0.0016412626719102263, -0.00024945224868133664, -0.0005550463101826608, -0.0001826071529649198, -0.0022180662490427494, 0.01304809469729662, -0.0032773048151284456, 0.0011932735797017813, 0.0019290897762402892], [-9.79042160906829e-05, -0.0012189409462735057, -0.0007171960896812379, 0.0015084623591974378, 4.6806104364804924e-05, -0.0015546581707894802, -0.0010471446439623833, 0.0006136527517810464, 0.0009311625035479665, -0.0032773048151284456, 0.013386364094913006, -0.0030227499082684517, 0.0014221493620425463], [9.408210462424904e-05, -5.324317316990346e-05, -0.0007091270526871085, -0.0006430724170058966, 0.00011747728422051296, 0.002335542580112815, -0.001593057531863451, 0.00020816948381252587, -0.0004099396464880556, 0.0011932735797017813, -0.0030227499082684517, 0.012517925351858139, -0.004079654347151518], [4.3212803575443104e-05, -0.00014932005433365703, -0.0004790260863956064, -0.0006705019623041153, -0.0009188191615976393, 0.00010874594590859488, 0.00024514441611245275, -0.0008670763927511871, 0.0001408902317052707, 0.0019290897762402892, 0.0014221493620425463, -0.004079654347151518, 0.01245558075606823]], "metadata.audio_properties.analysis.downmix": "mix", "metadata.audio_properties.codec": "mp3", "metadata.audio_properties.md5_encoded": "88d2bc7bf5674f1f4f04a7962eef6a62", "metadata.tags.file_name": "1183698187542876180.mp3", "metadata.version.essentia": "2.1-beta6-dev", "metadata.version.essentia_git_sha": "v2.1_beta5-1110-g77a6a954", "metadata.version.extractor": "music 2.0", "tonal.chords_key": "G", "tonal.chords_scale": 