{"song_id": "1183652941786267739", "download": "https://cdn.discordapp.com/attachments/1135903449314238464/1183652941786267739/chirp.mp4?ex=65891db4&amp", "lyrics": "(Verse 2)\n\"My office is near my home,\" \u6211\u7684\u529e\u516c\u5ba4\u79bb\u5bb6\u5f88\u8fd1\uff0c\nA statement of place, a fact well-known.\n\u8868\u8fbe\u5730\u70b9\uff0c\u4f17\u6240\u5468\u77e5\u7684\u4e8b\u5b9e\u3002\n\"So I usually walk home,\" \u901a\u5e38\u6211\u8d70\u8def\u56de\u5bb6\uff0c\nCausal connection, in English, it's shown.\n\u56e0\u679c\u5173\u8054\uff0c\u5728\u82f1\u8bed\u4e2d\u8868\u8fbe\u5f97\u6e05\u6670\u3002", "style": ["Country</span><span>, Easy Listening</span><span>, boy </span><span>, chinese"], "essentia_features": {"lowlevel.average_loudness": 0.9754375219345093, "lowlevel.barkbands_crest.mean": 12.889863014221191, "lowlevel.barkbands_crest.stdev": 3.8827974796295166, "lowlevel.barkbands_flatness_db.mean": 0.17293070256710052, "lowlevel.barkbands_flatness_db.stdev": 0.06985840201377869, "lowlevel.barkbands_kurtosis.mean": 24.307706832885742, "lowlevel.barkbands_kurtosis.stdev": 33.64671325683594, "lowlevel.barkbands_skewness.mean": 3.6972382068634033, "lowlevel.barkbands_skewness.stdev": 2.4386913776397705, "lowlevel.barkbands_spread.mean": 19.7094783782959, "lowlevel.barkbands_spread.stdev": 15.259695053100586, "lowlevel.dissonance.mean": 0.47998833656311035, "lowlevel.dissonance.stdev": 0.020223015919327736, "lowlevel.dynamic_complexity": 2.209261894226074, "lowlevel.erbbands_crest.mean": 7.87058687210083, "lowlevel.erbbands_crest.stdev": 4.187910079956055, "lowlevel.erbbands_flatness_db.mean": 0.11893124133348465, "lowlevel.erbbands_flatness_db.stdev": 0.03366013243794441, "lowlevel.erbbands_kurtosis.mean": -0.2903974950313568, "lowlevel.erbbands_kurtosis.stdev": 1.5495506525039673, "lowlevel.erbbands_skewness.mean": 0.10872888565063477, "lowlevel.erbbands_skewness.stdev": 0.8872348070144653, "lowlevel.erbbands_spread.mean": 69.57047271728516, "lowlevel.erbbands_spread.stdev": 25.276031494140625, "lowlevel.hfc.mean": 22.47929573059082, "lowlevel.hfc.stdev": 19.27945327758789, "lowlevel.loudness_ebu128.integrated": -14.692093849182129, "lowlevel.loudness_ebu128.loudness_range": 2.2318077087402344, "lowlevel.loudness_ebu128.momentary.mean": -14.93764877319336, "lowlevel.loudness_ebu128.momentary.stdev": 1.7242803573608398, "lowlevel.loudness_ebu128.short_term.mean": -14.76318073272705, "lowlevel.loudness_ebu128.short_term.stdev": 0.8537608981132507, "lowlevel.melbands_crest.mean": 18.875667572021484, "lowlevel.melbands_crest.stdev": 4.639695644378662, "lowlevel.melbands_flatness_db.mean": 0.2658481001853943, "lowlevel.melbands_flatness_db.stdev": 0.0866006538271904, "lowlevel.melbands_kurtosis.mean": 76.79092407226562, "lowlevel.melbands_kurtosis.stdev": 81.59166717529297, "lowlevel.melbands_skewness.mean": 6.300694942474365, "lowlevel.melbands_skewness.stdev": 3.219634771347046, "lowlevel.melbands_spread.mean": 12.92154598236084, "lowlevel.melbands_spread.stdev": 12.069247245788574, "lowlevel.pitch_salience.mean": 0.495681494474411, "lowlevel.pitch_salience.stdev": 0.10817781835794449, "lowlevel.silence_rate_20dB.mean": 1.0, "lowlevel.silence_rate_20dB.stdev": 0.0, "lowlevel.silence_rate_30dB.mean": 0.9420849680900574, "lowlevel.silence_rate_30dB.stdev": 0.23358307778835297, "lowlevel.silence_rate_60dB.mean": 0.019305018708109856, "lowlevel.silence_rate_60dB.stdev": 0.13759230077266693, "lowlevel.spectral_centroid.mean": 1318.3507080078125, "lowlevel.spectral_centroid.stdev": 709.600830078125, "lowlevel.spectral_complexity.mean": 18.020076751708984, "lowlevel.spectral_complexity.stdev": 14.222862243652344, "lowlevel.spectral_decrease.mean": -1.2507363145175532e-08, "lowlevel.spectral_decrease.stdev": 7.994171546954476e-09, "lowlevel.spectral_energy.mean": 0.049244657158851624, "lowlevel.spectral_energy.stdev": 0.030893227085471153, "lowlevel.spectral_energyband_high.mean": 0.0015293199103325605, "lowlevel.spectral_energyband_high.stdev": 0.0018382713897153735, "lowlevel.spectral_energyband_low.mean": 0.034996699541807175, "lowlevel.spectral_energyband_low.stdev": 0.02895062230527401, "lowlevel.spectral_energyband_middle_high.mean": 0.0036505942698568106, "lowlevel.spectral_energyband_middle_high.stdev": 0.005239974707365036, "lowlevel.spectral_energyband_middle_low.mean": 0.011341247707605362, "lowlevel.spectral_energyband_middle_low.stdev": 0.011593244969844818, "lowlevel.spectral_entropy.mean": 7.6945929527282715, "lowlevel.spectral_entropy.stdev": 0.3980880081653595, "lowlevel.spectral_flux.mean": 0.10179056972265244, "lowlevel.spectral_flux.stdev": 0.06502388417720795, "lowlevel.spectral_kurtosis.mean": 2.6102144718170166, "lowlevel.spectral_kurtosis.stdev": 1.4126213788986206, "lowlevel.spectral_rms.mean": 0.00661190040409565, "lowlevel.spectral_rms.stdev": 0.0020799676422029734, "lowlevel.spectral_rolloff.mean": 798.8876342773438, "lowlevel.spectral_rolloff.stdev": 1125.9444580078125, "lowlevel.spectral_skewness.mean": 1.112606167793274, "lowlevel.spectral_skewness.stdev": 0.312213271856308, "lowlevel.spectral_spread.mean": 5297382.5, "lowlevel.spectral_spread.stdev": 1407263.125, "lowlevel.spectral_strongpeak.mean": 0.5908775329589844, "lowlevel.spectral_strongpeak.stdev": 0.6959370374679565, "lowlevel.zerocrossingrate.mean": 0.047832708805799484, "lowlevel.zerocrossingrate.stdev": 0.029585083946585655, "metadata.audio_properties.analysis.equal_loudness": 0.0, "metadata.audio_properties.analysis.length": 30.03628158569336, "metadata.audio_properties.analysis.sample_rate": 44100.0, "metadata.audio_properties.analysis.start_time": 0.0, "metadata.audio_properties.bit_rate": 122458.0, "metadata.audio_properties.length": 30.03733253479004, "metadata.audio_properties.lossless": 0.0, "metadata.audio_properties.number_channels": 1.0, "metadata.audio_properties.replay_gain": -10.90852165222168, "metadata.audio_properties.sample_rate": 48000.0, "rhythm.beats_count": 68.0, "rhythm.beats_loudness.mean": 0.055007606744766235, "rhythm.beats_loudness.stdev": 0.02197946421802044, "rhythm.bpm": 137.15367126464844, "rhythm.bpm_histogram_first_peak_bpm": 136.0, "rhythm.bpm_histogram_first_peak_weight": 0.3749999403953552, "rhythm.bpm_histogram_second_peak_bpm": 144.0, "rhythm.bpm_histogram_second_peak_spread": 0.0, "rhythm.bpm_histogram_second_peak_weight": 0.02985074557363987, "rhythm.danceability": 1.4329313039779663, "rhythm.onset_rate": 3.992250919342041, "tonal.chords_changes_rate": 0.04938271641731262, "tonal.chords_number_rate": 0.009259259328246117, "tonal.chords_strength.mean": 0.5716082453727722, "tonal.chords_strength.stdev": 0.06562601029872894, "tonal.hpcp_crest.mean": 10.936439514160156, "tonal.hpcp_crest.stdev": 5.614561557769775, "tonal.hpcp_entropy.mean": 2.5993261337280273, "tonal.hpcp_entropy.stdev": 0.8588899374008179, "tonal.key_edma.strength": 0.6652733087539673, "tonal.key_krumhansl.strength": 0.6478179097175598, "tonal.key_temperley.strength": 0.6202294230461121, "tonal.tuning_diatonic_strength": 0.5866717100143433, "tonal.tuning_equal_tempered_deviation": 0.11982220411300659, "tonal.tuning_frequency": 437.7185363769531, "tonal.tuning_nontempered_energy_ratio": 0.7476006746292114, "lowlevel.barkbands.mean": [0.000548665237147361, 0.017700590193271637, 0.01466889213770628, 0.004706019535660744, 0.0034444532357156277, 0.0012273186584934592, 0.0005933479988016188, 0.00041781365871429443, 0.0005571413785219193, 0.0008926396258175373, 0.0004091607697773725, 0.00033629912650212646, 0.0002809748111758381, 0.00027644357760436833, 0.00023305241484194994, 0.00023334067373070866, 0.00032465820549987257, 0.00027155704447068274, 0.000368520530173555, 0.00040399411227554083, 0.0004402440972626209, 0.00040861082379706204, 0.0002125721803167835, 0.00011194014950888231, 9.364495781483129e-05, 7.697402179474011e-05, 5.8210712268191855e-06], "lowlevel.barkbands.stdev": [0.0005560440476983786, 0.01780756749212742, 0.016617393121123314, 0.00495298532769084, 0.008130078203976154, 0.0020655624102801085, 0.0018266437109559774, 0.0012420408893376589, 0.0016616726061329246, 0.003656115150079131, 0.0016717618564143777, 0.0007795775309205055, 0.0007016927120275795, 0.0006834208033978939, 0.0005151567747816443, 0.0003760518738999963, 0.0004924755194224417, 0.00037954168510623276, 0.0005084950244054198, 0.0004977032076567411, 0.0005645325290970504, 0.0006112978444434702, 0.0003374136285856366, 0.0001958656357601285, 0.00013668357860296965, 0.00012147345842095092, 1.4904228009982035e-05], "lowlevel.erbbands.mean": [0.5849652290344238, 3.86657977104187, 16.29117774963379, 14.50367259979248, 13.148796081542969, 13.639472961425781, 8.629171371459961, 10.067023277282715, 7.121124744415283, 11.053462982177734, 8.796460151672363, 13.159826278686523, 26.260944366455078, 23.327177047729492, 14.153804779052734, 14.332381248474121, 13.141120910644531, 13.968436241149902, 13.240503311157227, 11.690208435058594, 14.417436599731445, 19.259857177734375, 15.35273551940918, 15.185970306396484, 21.225772857666016, 18.79210662841797, 17.011850357055664, 17.777938842773438, 16.025129318237305, 9.263511657714844, 5.427000045776367, 2.9091312885284424, 1.6615114212036133, 1.048656702041626, 0.6728501915931702, 0.34576675295829773, 0.14231444895267487, 0.025182463228702545, 0.0006869034259580076, 7.49719183659181e-05], "lowlevel.erbbands.stdev": [0.5737223625183105, 4.070184230804443, 17.561124801635742, 15.960542678833008, 14.261958122253418, 37.30003356933594, 14.316539764404297, 17.544376373291016, 17.291641235351562, 35.516624450683594, 23.442108154296875, 45.03370666503906, 112.02262115478516, 101.13593292236328, 36.505035400390625, 34.00956344604492, 32.896751403808594, 29.475074768066406, 28.33463478088379, 22.959131240844727, 21.905757904052734, 29.828670501708984, 21.05816078186035, 19.52996826171875, 31.15318489074707, 22.726795196533203, 21.854110717773438, 23.067554473876953, 24.85716438293457, 13.831278800964355, 8.76419448852539, 5.140976905822754, 2.899751901626587, 1.6546512842178345, 0.9761233925819397, 0.5224694013595581, 0.23905733227729797, 0.04948122426867485, 0.0015148604288697243, 5.4972020734567195e-05], "lowlevel.gfcc.mean": [10.900136947631836, 74.96035766601562, -80.36370849609375, 67.29576110839844, -37.03822708129883, 17.838134765625, -24.095149993896484, 8.635032653808594, -28.95504379272461, 7.311220169067383, -24.716054916381836, 6.019386291503906, -13.151698112487793], "lowlevel.melbands.mean": [0.004911019932478666, 0.006902931723743677, 0.002622695406898856, 0.0009759224485605955, 0.0003488769580144435, 0.0002261480549350381, 0.00011235611600568518, 0.00011713944695657119, 7.12768014636822e-05, 8.46111070131883e-05, 0.00013033230789005756, 9.460045112064108e-05, 5.067402889835648e-05, 4.0479135350324214e-05, 3.0098528441158123e-05, 2.787835182971321e-05, 2.5984783860621974e-05, 2.1750798623543233e-05, 1.685726056166459e-05, 1.4656540770374704e-05, 1.729399082250893e-05, 1.9855589926009998e-05, 1.683776281424798e-05, 1.1953745342907496e-05, 1.1932230336242355e-05, 1.4632777492806781e-05, 1.6086138202808797e-05, 1.1363161320332438e-05, 9.959648195945192e-06, 1.1218369763810188e-05, 1.000810425466625e-05, 9.728814802656416e-06, 6.625677542615449e-06, 4.643055945052765e-06, 3.232754124837811e-06, 2.3819286525395e-06, 1.5595298918924527e-06, 1.1868448837049073e-06, 9.790367130335653e-07, 8.470077546007815e-07], "lowlevel.melbands.stdev": [0.004830115009099245, 0.006962108425796032, 0.0025017813313752413, 0.001995642902329564, 0.0006617035833187401, 0.00038585890433751047, 0.00029246925259940326, 0.00035669622593559325, 0.00018760960665531456, 0.000288057723082602, 0.0005654166452586651, 0.00042637987644411623, 0.00016732636140659451, 9.543234773445874e-05, 7.130709127523005e-05, 6.779927934985608e-05, 6.0772814322263e-05, 5.1430932217044756e-05, 3.722720066434704e-05, 2.517424763937015e-05, 2.7718684577848762e-05, 3.3311622246401384e-05, 2.3964003048604354e-05, 1.6748677808209322e-05, 1.588622217241209e-05, 2.1222092982497998e-05, 2.347067857044749e-05, 1.4088538591749966e-05, 1.3255354133434594e-05, 1.51610129250912e-05, 1.3619068340631202e-05, 1.5943540347507223e-05, 1.0054745871457271e-05, 7.3058868110820185e-06, 5.328114184521837e-06, 4.3008608372474555e-06, 2.8818335522373673e-06, 2.196238483520574e-06, 1.6522133137186756e-06, 1.3681851669389289e-06], "lowlevel.melbands128.mean": [0.00046521995682269335, 0.004781780298799276, 0.0064428034238517284, 0.005854647606611252, 0.008873185142874718, 0.006106932181864977, 0.0027389281895011663, 0.0024634411092847586, 0.0009537130827084184, 0.0011326138628646731, 0.000764951400924474, 0.00032124813878908753, 0.0002189413644373417, 0.00038852167199365795, 0.0002662719343788922, 0.0001219305195263587, 9.910983499139547e-05, 0.00010574449697742239, 0.00013092132576275617, 0.00013972260057926178, 0.0001022850556182675, 7.635447400389239e-05, 5.7836194173432887e-05, 7.698426634306088e-05, 9.020113793667406e-05, 7.004940562183037e-05, 0.00011160959547851235, 0.00017667972133494914, 9.979236347135156e-05, 0.00010198116797255352, 9.876565309241414e-05, 6.769312312826514e-05, 4.899707710137591e-05, 3.651086080935784e-05, 3.572844070731662e-05, 4.781190727953799e-05, 3.911074236384593e-05, 2.347379268030636e-05, 3.0184366551111452e-05, 2.9797953175147995e-05, 2.741337812040001e-05, 2.523632429074496e-05, 2.6333427740610205e-05, 2.57314313785173e-05, 2.493770261935424e-05, 1.9984303435194306e-05, 2.0307907107053325e-05, 1.615248402231373e-05, 1.655956839385908e-05, 1.5137501577555668e-05, 1.301897646044381e-05, 1.5772833648952655e-05, 1.766605237207841e-05, 1.735771365929395e-05, 1.7288472008658573e-05, 2.025238427449949e-05, 2.363675957894884e-05, 1.631309169169981e-05, 1.669538687565364e-05, 1.2365457223495468e-05, 1.1864714906550944e-05, 1.0915668099187315e-05, 1.1943803656322416e-05, 1.2245342986716423e-05, 1.171367875940632e-05, 1.484934091422474e-05, 1.6083242371678352e-05, 1.6477944882353768e-05, 1.606366095074918e-05, 1.655769483477343e-05, 9.870466783468146e-06, 9.872872396954335e-06, 1.024784523906419e-05, 9.236008736479562e-06, 1.0569904588919599e-05, 1.2045647963532247e-05, 1.121630884881597e-05, 9.96309427137021e-06, 1.0045168892247602e-05, 9.50567118707113e-06, 1.0498505616851617e-05, 9.812302778300364e-06, 8.186299965018407e-06, 6.4186888266704045e-06, 5.166408300283365e-06, 4.878108029515715e-06, 4.568270014715381e-06, 3.915570232493337e-06, 3.06985862152942e-06, 2.8515014491858892e-06, 2.7082614906248637e-06, 2.3441375560651068e-06, 1.6508839735251968e-06, 1.545249119772052e-06, 1.5093115734998719e-06, 1.288534804189112e-06, 1.072790155376424e-06, 1.106473064282909e-06, 1.0059527539851842e-06, 8.839822385198204e-07, 9.140133556684304e-07, 7.993128292582696e-07, 8.418837751378305e-07, 7.978883331816178e-07, 8.214008744289458e-07, 7.144680012061144e-07, 6.280383786361199e-07, 6.04350987032376e-07, 6.019192255735106e-07, 6.035951400917838e-07, 5.144426040715189e-07, 4.5789269620399864e-07, 4.816630507775699e-07, 4.396169401843508e-07, 3.300094135738618e-07, 2.550006286128337e-07, 1.8020692493792012e-07, 6.542775565776537e-08, 9.429742320321566e-09, 9.519488669562648e-11, 1.1021331070004692e-10, 3.244104637700751e-11, 8.555546028576888e-12, 8.263984115075562e-12, 7.686270023232744e-12, 6.8788295372324004e-12, 6.449979005757056e-12, 6.360510208802683e-12], "lowlevel.melbands128.stdev": [0.0005251013790257275, 0.00478385342285037, 0.006985935382544994, 0.007387557066977024, 0.009701566770672798, 0.0073355622589588165, 0.0035453822929412127, 0.002322125481441617, 0.0011622373713180423, 0.0029046598356217146, 0.0023953882046043873, 0.0009029032662510872, 0.0004193352651782334, 0.0007793663535267115, 0.0005517035024240613, 0.0003393125662114471, 0.0002961117716040462, 0.00036776732304133475, 0.0006012574885971844, 0.0005345449317246675, 0.000343366147717461, 0.00027837607194669545, 0.00019463231728877872, 0.0002604094916023314, 0.0004370537062641233, 0.0003228521964047104, 0.00046222537639550865, 0.0010200290707871318, 0.0004836971638724208, 0.0006845093448646367, 0.0005505771841853857, 0.000387583248084411, 0.00020430523727554828, 0.00010122815729118884, 9.873556700767949e-05, 0.0001531335001345724, 0.00011862760584335774, 6.735229544574395e-05, 9.655448229750618e-05, 0.00011088806058978662, 7.560219819424674e-05, 6.273420876823366e-05, 7.233738142531365e-05, 8.376819459954277e-05, 9.010265057440847e-05, 5.0034228479489684e-05, 6.524071795865893e-05, 3.858480340568349e-05, 5.440764289232902e-05, 3.4186527045676485e-05, 2.531216887291521e-05, 3.260824450990185e-05, 3.194265445927158e-05, 3.643388481577858e-05, 3.446620758040808e-05, 4.776356217917055e-05, 4.080806320416741e-05, 2.6903389880317263e-05, 3.0111354135442525e-05, 2.2017691662767902e-05, 1.893603075586725e-05, 1.8297780115972273e-05, 1.912809420900885e-05, 1.8839007680071518e-05, 1.7136166206910275e-05, 2.3820408387109637e-05, 2.824528382916469e-05, 3.360394111950882e-05, 2.492010207788553e-05, 2.558669621066656e-05, 1.4045655916561373e-05, 1.4742594430572353e-05, 1.5364621503977105e-05, 1.3817439139529597e-05, 1.7634829418966547e-05, 1.811090623959899e-05, 1.6428679373348132e-05, 1.5060270015965216e-05, 1.4995309356891084e-05, 1.498720212111948e-05, 1.870132291514892e-05, 1.930826147145126e-05, 1.3716621651838068e-05, 1.0501396900508553e-05, 8.548710866307374e-06, 8.079403414740227e-06, 8.244414857472293e-06, 6.809093520132592e-06, 5.592768957285443e-06, 5.11693815496983e-06, 5.087372301204596e-06, 4.810399332200177e-06, 3.0230557968025096e-06, 3.125057901343098e-06, 3.209278702342999e-06, 2.6386987883597612e-06, 2.1347061647247756e-06, 2.0521963506325847e-06, 1.8582006759970682e-06, 1.5783901972099557e-06, 1.6453300304419827e-06, 1.4137303878669627e-06, 1.4400960708371713e-06, 1.3453252449835418e-06, 1.3199343129599583e-06, 1.1319518762320513e-06, 1.0479382126504788e-06, 9.950199455488473e-07, 9.9888541171822e-07, 1.0770697826956166e-06, 8.809005294097005e-07, 8.417206345257e-07, 8.824663950690592e-07, 8.674891205373569e-07, 6.508070669042354e-07, 5.754279186476197e-07, 4.281028509467433e-07, 2.4430411826870113e-07, 6.646330064086214e-08, 2.935748977250796e-09, 3.6005813885964244e-09, 8.355595659814696e-10, 3.310132723477466e-11, 3.060541056698618e-11, 2.285283594305465e-11, 1.22819861919643e-11, 9.581920326628968e-12, 9.500250412741718e-12], "lowlevel.mfcc.mean": [-642.9395141601562, 102.00080871582031, 20.038236618041992, 58.239166259765625, 12.800376892089844, 24.170434951782227, 11.644570350646973, 8.986248970031738, 7.584875583648682, -1.3037080764770508, 0.4552617073059082, -0.9518120288848877, -1.100924015045166], "lowlevel.spectral_contrast_coeffs.mean": [-0.7027322053909302, -0.7892316579818726, -0.8157371878623962, -0.8260524272918701, -0.8112042546272278, -0.707239031791687], "lowlevel.spectral_contrast_coeffs.stdev": [0.06783059984445572, 0.07414626330137253, 0.07027830928564072, 0.043404821306467056, 0.036615315824747086, 0.04847060889005661], "lowlevel.spectral_contrast_valleys.mean": [-6.085872650146484, -7.216968059539795, -7.629664897918701, -7.695920467376709, -7.185746669769287, -10.19871997833252], "lowlevel.spectral_contrast_valleys.stdev": [0.6618202328681946, 0.7979478240013123, 0.8375205397605896, 0.7783575057983398, 0.7355462312698364, 1.0374993085861206], "rhythm.beats_loudness_band_ratio.mean": [0.5992999076843262, 0.17705637216567993, 0.05635902285575867, 0.06463675200939178, 0.04826652258634567, 0.09028150886297226], "rhythm.beats_loudness_band_ratio.stdev": [0.24317239224910736, 0.14249402284622192, 0.08034215867519379, 0.068954698741436, 0.035681579262018204, 0.059114281088113785], "tonal.hpcp.mean": [0.7697198390960693, 0.44650527834892273, 0.09892421215772629, 0.05078786239027977, 0.03568614646792412, 0.02621089294552803, 0.02078590914607048, 0.019168810918927193, 0.02230062708258629, 0.025262661278247833, 0.022383110597729683, 0.017614513635635376, 0.014394864439964294, 0.013268742710351944, 0.01832849718630314, 0.02735675498843193, 0.022514788433909416, 0.013252603821456432, 0.01362204272300005, 0.02002236805856228, 0.09316117316484451, 0.21024157106876373, 0.15958870947360992, 0.05610371381044388, 0.049281030893325806, 0.04403191804885864, 0.033662099391222, 0.024158932268619537, 0.030221549794077873, 0.05121063441038132, 0.05715259909629822, 0.04580940678715706, 0.05239078029990196, 0.0655776709318161, 0.11470437049865723, 0.47223809361457825], "tonal.hpcp.stdev": [0.36486944556236267, 0.29653042554855347, 0.2162255495786667, 0.15730774402618408, 0.12805338203907013, 0.10548493266105652, 0.08812618255615234, 0.07790157943964005, 0.09273484349250793, 0.08347105979919434, 0.07342208921909332, 0.06002013385295868, 0.03322876989841461, 0.03658459335565567, 0.0618920661509037, 0.12196034938097, 0.09732599556446075, 0.049425553530454636, 0.05269781872630119, 0.06902539730072021, 0.13202084600925446, 0.226209357380867, 0.1799776256084442, 0.13551752269268036, 0.1509183943271637, 0.14470475912094116, 0.12284057587385178, 0.09922883659601212, 0.11728303879499435, 0.1740720272064209, 0.18252792954444885, 0.1583355814218521, 0.17460249364376068, 0.19295307993888855, 0.24183529615402222, 0.30052727460861206], "rhythm.beats_position": [0.4411791265010834, 0.9055781960487366, 1.3467572927474976, 1.799546480178833, 2.252335548400879, 2.693514585494995, 3.1346938610076904, 3.5758728981018066, 4.005442142486572, 4.435011386871338, 4.876190185546875, 5.31736946105957, 5.746938705444336, 6.176507949829102, 6.617686748504639, 7.058866024017334, 7.500045299530029, 7.929614543914795, 8.359183311462402, 8.800362586975098, 9.241541862487793, 9.682721138000488, 10.112290382385254, 10.54185962677002, 10.983037948608398, 11.424217224121094, 11.85378646850586, 12.283355712890625, 12.72453498840332, 13.165714263916016, 13.606893539428711, 14.04807186126709, 14.477641105651855, 14.907210350036621, 15.348389625549316, 15.789568901062012, 16.23074722290039, 16.660316467285156, 17.089885711669922, 17.531064987182617, 17.972244262695312, 18.413423538208008, 18.842992782592773, 19.27256202697754, 19.713741302490234, 20.15492057800293, 20.596099853515625, 21.01405906677246, 21.455238342285156, 21.89641761779785, 22.337596893310547, 22.76716423034668, 23.196733474731445, 23.63791275024414, 24.079092025756836, 24.52027130126953, 24.961450576782227, 25.379409790039062, 25.820589065551758, 26.261768341064453, 26.69133758544922, 27.120906829833984, 27.56208610534668, 28.003265380859375, 28.43283462524414, 28.862403869628906, 29.3035831451416, 29.744760513305664], "rhythm.bpm_histogram": [0.0, 0.0, 0.0, 0.0, 0.0, 0.0, 0.0, 0.0, 0.0, 0.0, 0.0, 0.0, 0.0, 0.0, 0.0, 0.0, 0.0, 0.0, 0.0, 0.0, 0.0, 0.0, 0.0, 0.0, 0.0, 0.0, 0.0, 0.0, 0.0, 0.0, 0.0, 0.0, 0.0, 0.0, 0.0, 0.0, 0.0, 0.0, 0.0, 0.0, 0.0, 0.0, 0.0, 0.0, 0.0, 0.0, 0.0, 0.0, 0.0, 0.0, 0.0, 0.0, 0.0, 0.0, 0.0, 0.0, 0.0, 0.0, 0.0, 0.0, 0.0, 0.0, 0.0, 0.0, 0.0, 0.0, 0.0, 0.0, 0.0, 0.0, 0.0, 0.0, 0.0, 0.0, 0.0, 0.0, 0.0, 0.0, 0.0, 0.0, 0.0, 0.0, 0.0, 0.0, 0.0, 0.0, 0.0, 0.0, 0.0, 0.0, 0.0, 0.0, 0.0, 0.0, 0.0, 0.0, 0.0, 0.0, 0.0, 0.0, 0.0, 0.0, 0.0, 0.0, 0.0, 0.0, 0.0, 0.0, 0.0, 0.0, 0.0, 0.0, 0.0, 0.0, 0.0, 0.0, 0.0, 0.0, 0.0, 0.0, 0.0, 0.0, 0.0, 0.0, 0.0, 0.0, 0.0, 0.0, 0.0, 0.014925372786819935, 0.0, 0.0, 0.0, 0.02985074557363987, 0.0, 0.0, 0.5970149040222168, 0.0, 0.0, 0.0, 0.3283582031726837, 0.0, 0.0, 0.0, 0.02985074557363987, 0.0, 0.0, 0.0, 0.0, 0.0, 0.0, 0.0, 0.0, 0.0, 0.0, 0.0, 0.0, 0.0, 0.0, 0.0, 0.0, 0.0, 0.0, 0.0, 0.0, 0.0, 0.0, 0.0, 0.0, 0.0, 0.0, 0.0, 0.0, 0.0, 0.0, 0.0, 0.0, 0.0, 0.0, 0.0, 0.0, 0.0, 0.0, 0.0, 0.0, 0.0, 0.0, 0.0, 0.0, 0.0, 0.0, 0.0, 0.0, 0.0, 0.0, 0.0, 0.0, 0.0, 0.0, 0.0, 0.0, 0.0, 0.0, 0.0, 0.0, 0.0, 0.0, 0.0, 0.0, 0.0, 0.0, 0.0, 0.0, 0.0, 0.0, 0.0, 0.0, 0.0, 0.0, 0.0, 0.0, 0.0, 0.0, 0.0, 0.0, 0.0, 0.0, 0.0, 0.0, 0.0, 0.0, 0.0, 0.0, 0.0, 0.0, 0.0, 0.0, 0.0, 0.0, 0.0, 0.0, 0.0, 0.0, 0.0, 0.0, 0.0, 0.0, 0.0, 0.0, 0.0], "tonal.chords_histogram": [3.395061731338501, 0.0, 7.7160491943359375, 2.0061728954315186, 1.2345678806304932, 0.0, 0.0, 0.0, 0.0, 83.33333587646484, 0.0, 0.0, 0.0, 0.0, 0.0, 0.0, 0.0, 0.0, 0.0, 0.0, 0.0, 0.0, 2.314814805984497, 0.0], "tonal.thpcp": [1.0, 0.5800880193710327, 0.12851975858211517, 0.06598226726055145, 0.046362511813640594, 0.03405250981450081, 0.027004512026906013, 0.024903621524572372, 0.02897239476442337, 0.03282059356570244, 0.029079554602503777, 0.022884318605065346, 0.01870143413543701, 0.017238404601812363, 0.023811906576156616, 0.03554118424654007, 0.029250627383589745, 0.01721743866801262, 0.017697403207421303, 0.026012539863586426, 0.12103257328271866, 0.2731403708457947, 0.207333505153656, 0.07288848608732224, 0.06402463465929031, 0.05720512196421623, 0.04373292252421379, 0.03138665482401848, 0.0392630510032177, 0.06653152406215668, 0.07425116747617722, 0.05951438844203949, 0.06806474179029465, 0.08519680798053741, 0.1490209400653839, 0.6135194301605225], "lowlevel.gfcc.cov": [[4900.62353515625, -659.471923828125, -648.9727783203125, -216.25794982910156, -624.4474487304688, 238.26231384277344, -271.2332763671875, 72.0156021118164, -113.38394927978516, -7.673232078552246, -37.7422981262207, -21.749788284301758, -201.98411560058594], [-659.471923828125, 725.5126953125, -14.972079277038574, -29.301530838012695, 187.45240783691406, -133.96861267089844, 165.375244140625, -14.840195655822754, 40.4280891418457, -39.92280960083008, 56.99773025512695, -66.63450622558594, 15.670488357543945], [-648.9727783203125, -14.972079277038574, 757.8272094726562, 362.8145446777344, 215.61244201660156, 32.79015350341797, -9.9890775680542, -42.539974212646484, 21.62013816833496, -69.28551483154297, -27.948701858520508, -12.78843879699707, -39.60090255737305], [-216.25794982910156, -29.301530838012695, 362.8145446777344, 506.1288146972656, 175.04501342773438, 64.85762786865234, -83.12354278564453, -58.61115646362305, 36.84447479248047, -94.75511169433594, 13.485360145568848, -42.39991760253906, -42.8808708190918], [-624.4474487304688, 187.45240783691406, 215.61244201660156, 175.04501342773438, 316.5047302246094, -3.285984516143799, 39.3158073425293, -27.502197265625, 25.286638259887695, -50.03477096557617, -3.6443777084350586, -34.195682525634766, -22.094743728637695], [238.26231384277344, -133.96861267089844, 32.79015350341797, 64.85762786865234, -3.285984516143799, 236.39041137695312, 17.958311080932617, -39.01354217529297, -19.513427734375, -45.484745025634766, -8.925596237182617, -17.39504051208496, -34.75533676147461], [-271.2332763671875, 165.375244140625, -9.9890775680542, -83.12354278564453, 39.3158073425293, 17.958311080932617, 203.43936157226562, 30.519453048706055, -7.7972612380981445, -3.191032648086548, -15.018881797790527, -6.553488254547119, 20.239492416381836], [72.0156021118164, -14.840195655822754, -42.539974212646484, -58.61115646362305, -27.502197265625, -39.01354217529297, 30.519453048706055, 111.6259536743164, 17.28484344482422, 14.858870506286621, -5.508491039276123, 0.41491660475730896, 8.63892650604248], [-113.38394927978516, 40.4280891418457, 21.62013816833496, 36.84447479248047, 25.286638259887695, -19.513427734375, -7.7972612380981445, 17.28484344482422, 84.4919662475586, 25.0562744140625, 2.925966501235962, -19.984357833862305, -6.419130325317383], [-7.673232078552246, -39.92280960083008, -69.28551483154297, -94.75511169433594, -50.03477096557617, -45.484745025634766, -3.191032648086548, 14.858870506286621, 25.0562744140625, 117.16480255126953, 5.071300983428955, 19.5248966217041, 37.93309020996094], [-37.7422981262207, 56.99773025512695, -27.948701858520508, 13.485360145568848, -3.6443777084350586, -8.925596237182617, -15.018881797790527, -5.508491039276123, 2.925966501235962, 5.071300983428955, 80.01302337646484, 13.75383186340332, -5.888572692871094], [-21.749788284301758, -66.63450622558594, -12.78843879699707, -42.39991760253906, -34.195682525634766, -17.39504051208496, -6.553488254547119, 0.41491660475730896, -19.984357833862305, 19.5248966217041, 13.75383186340332, 74.13717651367188, 40.013145446777344], [-201.98411560058594, 15.670488357543945, -39.60090255737305, -42.8808708190918, -22.094743728637695, -34.75533676147461, 20.239492416381836, 8.63892650604248, -6.419130325317383, 37.93309020996094, -5.888572692871094, 40.013145446777344, 100.93162536621094]], "lowlevel.gfcc.icov": [[0.00043021977762691677, -0.00021426450985018164, 0.0003227952984161675, -0.0002894917270168662, 0.0007248134352266788, -0.0004960745573043823, 0.0005765565438196063, -0.0005942575517110527, 0.0006443514721468091, -0.00037094231811352074, 0.0007232784992083907, -0.0004199078830424696, 0.0012100316816940904], [-0.00021426450985018164, 0.004684711806476116, -9.08324436750263e-05, 0.0014303515199571848, -0.002074005315080285, 0.0034605064429342747, -0.0037929413374513388, 0.003105784533545375, -0.002489981707185507, 0.0035648285411298275, -0.005275050178170204, 0.0056564221158623695, -0.0034000372979789972], [0.0003227952984161675, -9.08324436750263e-05, 0.0026322330813854933, -0.0019224727293476462, -0.0002434317721053958, -0.00011722838826244697, -0.00014943676069378853, -0.00034333652001805604, 0.0005798926576972008, -0.0006504209595732391, 0.0018707929411903024, -0.0018675678875297308, 0.0019726280588656664], [-0.0002894917270168662, 0.0014303515199571848, -0.0019224727293476462, 0.005421742331236601, -0.002039399929344654, 0.0002745304082054645, 0.000795098312664777, 0.0018688658019527793, -0.0030043323058634996, 0.003978090826421976, -0.0035520263481885195, 0.0037345211021602154, -0.003297464456409216], [0.0007248134352266788, -0.002074005315080285, -0.0002434317721053958, -0.002039399929344654, 0.006818551570177078, -0.0010581276146695018, 0.0005824285326525569, -0.0008678865851834416, 0.0008653875556774437, -0.000861591543070972, 0.0028537216130644083, -0.0016459135804325342, 0.0030941602308303118], [-0.0004960745573043823, 0.0034605064429342747, -0.00011722838826244697, 0.0002745304082054645, -0.0010581276146695018, 0.008193312212824821, -0.004500001668930054, 0.004416970536112785, -0.001609649509191513, 0.003689270466566086, -0.003503225278109312, 0.004298385698348284, -0.0017427047714591026], [0.0005765565438196063, -0.0037929413374513388, -0.00014943676069378853, 0.000795098312664777, 0.0005824285326525569, -0.004500001668930054, 0.01027538999915123, -0.004790893755853176, 0.002863942878320813, -0.00206392677500844, 0.004533407278358936, -0.0029021797236055136, 0.0013222218258306384], [-0.0005942575517110527, 0.003105784533545375, -0.00034333652001805604, 0.0018688658019527793, -0.0008678865851834416, 0.004416970536112785, -0.004790893755853176, 0.013661782257258892, -0.00523191224783659, 0.0034868756774812937, -0.003354850457981229, 0.0038034471217542887, -0.0032365808729082346], [0.0006443514721468091, -0.002489981707185507, 0.0005798926576972008, -0.0030043323058634996, 0.0008653875556774437, -0.001609649509191513, 0.002863942878320813, -0.00523191224783659, 0.018587032333016396, -0.007993237115442753, 0.0027714811731129885, 0.001040749717503786, 0.004071182105690241], [-0.00037094231811352074, 0.0035648285411298275, -0.0006504209595732391, 0.003978090826421976, -0.000861591543070972, 0.003689270466566086, -0.00206392677500844, 0.0034868756774812937, -0.007993237115442753, 0.016792764887213707, -0.005371670238673687, 0.003908619750291109, -0.0073461998254060745], [0.0007232784992083907, -0.005275050178170204, 0.0018707929411903024, -0.0035520263481885195, 0.0028537216130644083, -0.003503225278109312, 0.004533407278358936, -0.003354850457981229, 0.0027714811731129885, -0.005371670238673687, 0.021039975807070732, -0.011536465026438236, 0.008283921517431736], [-0.0004199078830424696, 0.0056564221158623695, -0.0018675678875297308, 0.0037345211021602154, -0.0016459135804325342, 0.004298385698348284, -0.0029021797236055136, 0.0038034471217542887, 0.001040749717503786, 0.003908619750291109, -0.011536465026438236, 0.028586717322468758, -0.012897125445306301], [0.0012100316816940904, -0.0034000372979789972, 0.0019726280588656664, -0.003297464456409216, 0.0030941602308303118, -0.0017427047714591026, 0.0013222218258306384, -0.0032365808729082346, 0.004071182105690241, -0.0073461998254060745, 0.008283921517431736, -0.012897125445306301, 0.020935317501425743]], "lowlevel.mfcc.cov": [[5464.126953125, -851.3775024414062, -271.8968200683594, -684.2064208984375, -322.7481689453125, -154.02828979492188, -176.0705108642578, -4.689126014709473, -241.58660888671875, 52.64213943481445, -6.745384216308594, -23.985687255859375, -10.952648162841797], [-851.3775024414062, 790.8357543945312, -203.24908447265625, 96.55140686035156, -85.77070617675781, -70.54019927978516, 88.16316223144531, -12.290518760681152, 61.22443771362305, 12.88736343383789, 51.90394973754883, -3.524930953979492, -8.305205345153809], [-271.8968200683594, -203.24908447265625, 568.1791381835938, 194.00631713867188, 194.14834594726562, 130.82008361816406, -7.944743633270264, 83.59173583984375, -40.727088928222656, 27.821359634399414, -31.425310134887695, 9.592742919921875, -14.303694725036621], [-684.2064208984375, 96.55140686035156, 194.00631713867188, 421.2874755859375, 209.42095947265625, 41.142093658447266, -0.14378660917282104, 33.326351165771484, 6.73388671875, 16.85920524597168, -10.692540168762207, 6.391119480133057, 3.2139878273010254], [-322.7481689453125, -85.77070617675781, 194.14834594726562, 209.42095947265625, 324.4784240722656, 104.34972381591797, -23.60345458984375, 57.898170471191406, -54.86198425292969, 32.652984619140625, -24.29290008544922, 24.43944549560547, -8.244952201843262], [-154.02828979492188, -70.54019927978516, 130.82008361816406, 41.142093658447266, 104.34972381591797, 228.99246215820312, 46.144378662109375, 46.788543701171875, -7.43067741394043, 3.8841774463653564, -9.58471393585205, 15.71144962310791, -29.864748001098633], [-176.0705108642578, 88.16316223144531, -7.944743633270264, -0.14378660917282104, -23.60345458984375, 46.144378662109375, 131.9381866455078, 54.844444274902344, 19.187427520751953, -9.82478141784668, 0.860596239566803, -10.264307022094727, -5.352519989013672], [-4.689126014709473, -12.290518760681152, 83.59173583984375, 33.326351165771484, 57.898170471191406, 46.788543701171875, 54.844444274902344, 143.14279174804688, -14.722358703613281, 20.15391731262207, -9.218605041503906, 3.3446106910705566, -9.168228149414062], [-241.58660888671875, 61.22443771362305, -40.727088928222656, 6.73388671875, -54.86198425292969, -7.43067741394043, 19.187427520751953, -14.722358703613281, 139.53379821777344, 3.766902208328247, 7.679802417755127, -19.118680953979492, -7.400372505187988], [52.64213943481445, 12.88736343383789, 27.821359634399414, 16.85920524597168, 32.652984619140625, 3.8841774463653564, -9.82478141784668, 20.15391731262207, 3.766902208328247, 90.97586059570312, 26.471168518066406, 1.9330238103866577, -8.935566902160645], [-6.745384216308594, 51.90394973754883, -31.425310134887695, -10.692540168762207, -24.29290008544922, -9.58471393585205, 0.860596239566803, -9.218605041503906, 7.679802417755127, 26.471168518066406, 64.75566864013672, 16.56879234313965, -6.6455302238464355], [-23.985687255859375, -3.524930953979492, 9.592742919921875, 6.391119480133057, 24.43944549560547, 15.71144962310791, -10.264307022094727, 3.3446106910705566, -19.118680953979492, 1.9330238103866577, 16.56879234313965, 58.095947265625, 11.467365264892578], [-10.952648162841797, -8.305205345153809, -14.303694725036621, 3.2139878273010254, -8.244952201843262, -29.864748001098633, -5.352519989013672, -9.168228149414062, -7.400372505187988, -8.935566902160645, -6.6455302238464355, 11.467365264892578, 56.43585968017578]], "lowlevel.mfcc.icov": [[0.00033895933302119374, 0.00035540596581995487, 0.00018479014397598803, 0.00022258053650148213, 0.00036198602174408734, 7.18576047802344e-05, 0.000275967555353418, -0.00025922743952833116, 0.0005939854891039431, -0.00041592292836867273, 6.737858348060399e-05, 0.00014562590513378382, 0.00021759378432761878], [0.00035540596581995487, 0.002275346079841256, 0.000905117834918201, -0.0008373756427317858, 0.0008676552679389715, 0.0005580660072155297, -0.0011427277931943536, -2.349240821786225e-05, 0.0005109485937282443, -0.0008512430940754712, -0.0006083123153075576, -0.0002990976790897548, 0.0009121557231992483], [0.00018479014397598803, 0.000905117834918201, 0.0030455314554274082, -0.0011710085673257709, 0.00015136049478314817, -0.0009659241768531501, 0.0005069753970019519, -0.0011116466484963894, 0.0007174554048106074, -0.000826423813123256, 0.0005878302617929876, 0.00012670052819885314, 0.0003928021469619125], [0.00022258053650148213, -0.0008373756427317858, -0.0011710085673257709, 0.004860915709286928, -0.0030322405509650707, 0.0007901091012172401, 0.00011820557119790465, 0.0001321462623309344, -0.0009058695868588984, 0.0005600310396403074, -0.0004850090481340885, 0.0007721272413618863, -0.000889973365701735], [0.00036198602174408734, 0.0008676552679389715, 0.00015136049478314817, -0.0030322405509650707, 0.00771069061011076, -0.0021647692192345858, 0.0020077121444046497, -0.0015737020876258612, 0.0026682631578296423, -0.0026454715989530087, 0.0025078130420297384, -0.0016253030626103282, 0.0008812597952783108], [7.18576047802344e-05, 0.0005580660072155297, -0.0009659241768531501, 0.0007901091012172401, -0.0021647692192345858, 0.007226814050227404, -0.0033996228594332933, 0.0004768001090269536, -0.0005964795709587634, 0.00029023096431046724, 0.0005908723687753081, -0.002628856338560581, 0.0036407976876944304], [0.000275967555353418, -0.0011427277931943536, 0.0005069753970019519, 0.00011820557119790465, 0.0020077121444046497, -0.0033996228594332933, 0.013052418828010559, -0.005710570607334375, -0.00030108974897302687, 0.0020914296619594097, -0.001341452938504517, 0.0032082826364785433, -0.0017065294086933136], [-0.00025922743952833116, -2.349240821786225e-05, -0.0011116466484963894, 0.0001321462623309344, -0.0015737020876258612, 0.0004768001090269536, -0.005710570607334375, 0.010898804292082787, 0.00035615183878690004, -0.002497023670002818, 0.0021050970535725355, -0.0016691723139956594, 0.0011467055883258581], [0.0005939854891039431, 0.0005109485937282443, 0.0007174554048106074, -0.0009058695868588984, 0.0026682631578296423, -0.0005964795709587634, -0.00030108974897302687, 0.00035615183878690004, 0.009744739159941673, -0.0018421484855934978, -6.774385110475123e-05, 0.002305347705259919, 0.0010371109237894416], [-0.00041592292836867273, -0.0008512430940754712, -0.000826423813123256, 0.0005600310396403074, -0.0026454715989530087, 0.00029023096431046724, 0.0020914296619594097, -0.002497023670002818, -0.0018421484855934978, 0.015492085367441177, -0.007770456839352846, 0.0025136813055723906, -0.00010197688243351877], [6.737858348060399e-05, -0.0006083123153075576, 0.0005878302617929876, -0.0004850090481340885, 0.0025078130420297384, 0.0005908723687753081, -0.001341452938504517, 0.0021050970535725355, -6.774385110475123e-05, -0.007770456839352846, 0.02339732088148594, -0.008915349841117859, 0.004321438260376453], [0.00014562590513378382, -0.0002990976790897548, 0.00012670052819885314, 0.0007721272413618863, -0.0016253030626103282, -0.002628856338560581, 0.0032082826364785433, -0.0016691723139956594, 0.002305347705259919, 0.0025136813055723906, -0.008915349841117859, 0.02376687154173851, -0.006801864132285118], [0.00021759378432761878, 0.0009121557231992483, 0.0003928021469619125, -0.000889973365701735, 0.0008812597952783108, 0.0036407976876944304, -0.0017065294086933136, 0.0011467055883258581, 0.0010371109237894416, -0.00010197688243351877, 0.004321438260376453, -0.006801864132285118, 0.02213655784726143]], "metadata.audio_properties.analysis.downmix": "mix", "metadata.audio_properties.codec": "mp3", "metadata.audio_properties.md5_encoded": "94f69b4249af57123b75c4cfd4d7f756", "metadata.tags.file_name": "1183652941786267739.mp3", "metadata.version.essentia": "2.1-beta6-dev", "metadata.version.essentia_git_sha": "v2.1_beta5-1110-g7