{"song_id": "1183684177795756122", "download": "https://cdn.discordapp.com/attachments/1135903449314238464/1183684177795756122/chirp.mp4?ex=65893acb&amp", "lyrics": "(Verse 3)\n As the stars paint tales in the midnight sky.\n Our love's journey, a celestial high.\n Through the echoes of time,\n we'll find In every \"Love,\" \na forever entwined\n\n(Chorus)\n I love you,\n when I see you Every glance..,\n a promise so true In your eyes,\n a universe unfolds..\n A love story that never grows old...", "style": ["rock"], "essentia_features": {"lowlevel.average_loudness": 0.949041485786438, "lowlevel.barkbands_crest.mean": 12.800311088562012, "lowlevel.barkbands_crest.stdev": 4.447150230407715, "lowlevel.barkbands_flatness_db.mean": 0.18679046630859375, "lowlevel.barkbands_flatness_db.stdev": 0.05298835411667824, "lowlevel.barkbands_kurtosis.mean": 7.780641555786133, "lowlevel.barkbands_kurtosis.stdev": 18.11588478088379, "lowlevel.barkbands_skewness.mean": 1.6941735744476318, "lowlevel.barkbands_skewness.stdev": 1.7420916557312012, "lowlevel.barkbands_spread.mean": 16.850027084350586, "lowlevel.barkbands_spread.stdev": 14.284892082214355, "lowlevel.dissonance.mean": 0.42306455969810486, "lowlevel.dissonance.stdev": 0.038120463490486145, "lowlevel.dynamic_complexity": 3.4549612998962402, "lowlevel.erbbands_crest.mean": 12.99060344696045, "lowlevel.erbbands_crest.stdev": 4.958541393280029, "lowlevel.erbbands_flatness_db.mean": 0.19663584232330322, "lowlevel.erbbands_flatness_db.stdev": 0.05186473950743675, "lowlevel.erbbands_kurtosis.mean": 1.645942211151123, "lowlevel.erbbands_kurtosis.stdev": 2.7873728275299072, "lowlevel.erbbands_skewness.mean": 0.5617546439170837, "lowlevel.erbbands_skewness.stdev": 0.8608713150024414, "lowlevel.erbbands_spread.mean": 30.0240535736084, "lowlevel.erbbands_spread.stdev": 24.036222457885742, "lowlevel.hfc.mean": 19.18001365661621, "lowlevel.hfc.stdev": 19.80585289001465, "lowlevel.loudness_ebu128.integrated": -17.151744842529297, "lowlevel.loudness_ebu128.loudness_range": 2.7268333435058594, "lowlevel.loudness_ebu128.momentary.mean": -17.650259017944336, "lowlevel.loudness_ebu128.momentary.stdev": 2.1913704872131348, "lowlevel.loudness_ebu128.short_term.mean": -17.17868423461914, "lowlevel.loudness_ebu128.short_term.stdev": 0.8678318858146667, "lowlevel.melbands_crest.mean": 17.152233123779297, "lowlevel.melbands_crest.stdev": 5.451605319976807, "lowlevel.melbands_flatness_db.mean": 0.2634604871273041, "lowlevel.melbands_flatness_db.stdev": 0.06876317411661148, "lowlevel.melbands_kurtosis.mean": 16.784090042114258, "lowlevel.melbands_kurtosis.stdev": 36.8753776550293, "lowlevel.melbands_skewness.mean": 2.4644436836242676, "lowlevel.melbands_skewness.stdev": 2.2137250900268555, "lowlevel.melbands_spread.mean": 20.281173706054688, "lowlevel.melbands_spread.stdev": 22.794492721557617, "lowlevel.pitch_salience.mean": 0.4507196545600891, "lowlevel.pitch_salience.stdev": 0.13897325098514557, "lowlevel.silence_rate_20dB.mean": 1.0, "lowlevel.silence_rate_20dB.stdev": 0.0, "lowlevel.silence_rate_30dB.mean": 0.9482625722885132, "lowlevel.silence_rate_30dB.stdev": 0.2214973270893097, "lowlevel.silence_rate_60dB.mean": 0.09806949645280838, "lowlevel.silence_rate_60dB.stdev": 0.2974098026752472, "lowlevel.spectral_centroid.mean": 1030.8677978515625, "lowlevel.spectral_centroid.stdev": 583.1009521484375, "lowlevel.spectral_complexity.mean": 9.977605819702148, "lowlevel.spectral_complexity.stdev": 3.949519634246826, "lowlevel.spectral_decrease.mean": -8.045915045329366e-09, "lowlevel.spectral_decrease.stdev": 9.1862357720629e-09, "lowlevel.spectral_energy.mean": 0.03210687264800072, "lowlevel.spectral_energy.stdev": 0.03571898490190506, "lowlevel.spectral_energyband_high.mean": 0.0002880883985199034, "lowlevel.spectral_energyband_high.stdev": 0.0005266196094453335, "lowlevel.spectral_energyband_low.mean": 0.016086693853139877, "lowlevel.spectral_energyband_low.stdev": 0.030005959793925285, "lowlevel.spectral_energyband_middle_high.mean": 0.008437360636889935, "lowlevel.spectral_energyband_middle_high.stdev": 0.013363483361899853, "lowlevel.spectral_energyband_middle_low.mean": 0.008242197334766388, "lowlevel.spectral_energyband_middle_low.stdev": 0.007700675167143345, "lowlevel.spectral_entropy.mean": 6.935737609863281, "lowlevel.spectral_entropy.stdev": 0.4949107766151428, "lowlevel.spectral_flux.mean": 0.07473056018352509, "lowlevel.spectral_flux.stdev": 0.06420169025659561, "lowlevel.spectral_kurtosis.mean": 6.900508403778076, "lowlevel.spectral_kurtosis.stdev": 3.5087802410125732, "lowlevel.spectral_rms.mean": 0.004878264851868153, "lowlevel.spectral_rms.stdev": 0.002743411110714078, "lowlevel.spectral_rolloff.mean": 1475.8160400390625, "lowlevel.spectral_rolloff.stdev": 2116.945556640625, "lowlevel.spectral_skewness.mean": 2.0618793964385986, "lowlevel.spectral_skewness.stdev": 0.5537362694740295, "lowlevel.spectral_spread.mean": 4889603.5, "lowlevel.spectral_spread.stdev": 2626332.25, "lowlevel.spectral_strongpeak.mean": 1.5085620880126953, "lowlevel.spectral_strongpeak.stdev": 1.9738398790359497, "lowlevel.zerocrossingrate.mean": 0.054324399679899216, "lowlevel.zerocrossingrate.stdev": 0.05283844843506813, "metadata.audio_properties.analysis.equal_loudness": 0.0, "metadata.audio_properties.analysis.length": 30.03628158569336, "metadata.audio_properties.analysis.sample_rate": 44100.0, "metadata.audio_properties.analysis.start_time": 0.0, "metadata.audio_properties.bit_rate": 121896.0, "metadata.audio_properties.length": 30.03733253479004, "metadata.audio_properties.lossless": 0.0, "metadata.audio_properties.number_channels": 1.0, "metadata.audio_properties.replay_gain": -9.563478469848633, "metadata.audio_properties.sample_rate": 48000.0, "rhythm.beats_count": 47.0, "rhythm.beats_loudness.mean": 0.09704242646694183, "rhythm.beats_loudness.stdev": 0.03884356841444969, "rhythm.bpm": 95.322265625, "rhythm.bpm_histogram_first_peak_bpm": 96.0, "rhythm.bpm_histogram_first_peak_weight": 0.40909093618392944, "rhythm.bpm_histogram_second_peak_bpm": 89.0, "rhythm.bpm_histogram_second_peak_spread": 0.0, "rhythm.bpm_histogram_second_peak_weight": 0.043478261679410934, "rhythm.danceability": 1.559647798538208, "rhythm.onset_rate": 4.690894603729248, "tonal.chords_changes_rate": 0.046296294778585434, "tonal.chords_number_rate": 0.010802469216287136, "tonal.chords_strength.mean": 0.5298756957054138, "tonal.chords_strength.stdev": 0.09353271871805191, "tonal.hpcp_crest.mean": 21.737293243408203, "tonal.hpcp_crest.stdev": 8.850724220275879, "tonal.hpcp_entropy.mean": 1.103633999824524, "tonal.hpcp_entropy.stdev": 0.6715495586395264, "tonal.key_edma.strength": 0.735679566860199, "tonal.key_krumhansl.strength": 0.7272325158119202, "tonal.key_temperley.strength": 0.7151683568954468, "tonal.tuning_diatonic_strength": 0.6346188187599182, "tonal.tuning_equal_tempered_deviation": 0.03181920945644379, "tonal.tuning_frequency": 438.7310485839844, "tonal.tuning_nontempered_energy_ratio": 0.6536251902580261, "lowlevel.barkbands.mean": [3.5239158023614436e-05, 0.010155017487704754, 0.005408963654190302, 0.0007731289369985461, 0.0005175000405870378, 0.0018518449505791068, 0.002081570215523243, 0.0007696454413235188, 0.0013149749720469117, 0.0025617610663175583, 0.0015424815937876701, 0.0004301193985156715, 0.0008985720342025161, 0.0011396296322345734, 0.0014908130979165435, 0.00025688004097901285, 0.00016986767877824605, 0.00014965403534006327, 0.0002473480999469757, 5.851752212038264e-05, 6.02142681600526e-05, 8.54606696520932e-06, 2.1477908376255073e-05, 6.335142097668722e-05, 6.858431152068079e-05, 2.7893196602235548e-05, 3.278967824371648e-06], "lowlevel.barkbands.stdev": [0.00013971087173558772, 0.021723050624132156, 0.010545987635850906, 0.002146634738892317, 0.000828138436190784, 0.002697749761864543, 0.004323250614106655, 0.0019223083509132266, 0.0033777584321796894, 0.006929187104105949, 0.004196846857666969, 0.00148426229134202, 0.002717785071581602, 0.003745176363736391, 0.004006266128271818, 0.0008112032082863152, 0.000723824487067759, 0.00032311203540302813, 0.0005180121515877545, 0.00010576257773209363, 7.386065408354625e-05, 2.427869912935421e-05, 8.454478665953502e-05, 0.0001573173067299649, 0.0002232790575362742, 8.726841042516753e-05, 8.933637218433432e-06], "lowlevel.erbbands.mean": [0.0834723487496376, 2.8982386589050293, 7.772953510284424, 3.680365800857544, 1.568482518196106, 2.0074551105499268, 4.594718933105469, 20.521696090698242, 28.028339385986328, 30.2799015045166, 9.395730018615723, 34.89133071899414, 62.29140853881836, 86.36973571777344, 48.77436447143555, 20.180646896362305, 41.39863586425781, 64.86626434326172, 71.11766052246094, 41.50033950805664, 14.661675453186035, 8.000713348388672, 7.2914958000183105, 18.05467414855957, 5.575536727905273, 2.730008363723755, 3.8310117721557617, 0.9938327670097351, 0.30389463901519775, 0.6271563768386841, 0.5180228352546692, 0.44037139415740967, 1.5673853158950806, 1.2452164888381958, 0.20782442390918732, 0.038126491010189056, 0.06907930970191956, 0.01879218779504299, 0.00039510233909823, 4.725121834781021e-05], "lowlevel.erbbands.stdev": [0.1916295439004898, 6.098599433898926, 14.759279251098633, 8.204655647277832, 3.0073821544647217, 3.251539945602417, 9.19464111328125, 28.817886352539062, 56.60901641845703, 52.69739532470703, 18.1319580078125, 90.55219268798828, 160.0097198486328, 243.94015502929688, 138.57391357421875, 60.16019821166992, 120.86418914794922, 186.6268768310547, 157.6942596435547, 122.19003295898438, 45.57767868041992, 29.520048141479492, 15.678277015686035, 37.45072937011719, 12.517080307006836, 4.570858955383301, 5.081331729888916, 1.1342271566390991, 0.7053160071372986, 2.304105281829834, 2.040950298309326, 1.2819732427597046, 4.033008098602295, 3.9791197776794434, 0.7949299812316895, 0.16110317409038544, 0.21174836158752441, 0.05360380932688713, 0.0010502460645511746, 4.7820845793467015e-05], "lowlevel.gfcc.mean": [-38.599369049072266, 90.13105773925781, -106.10523986816406, -0.19393721222877502, -49.7659912109375, 11.87631893157959, -35.988216400146484, 13.818958282470703, -27.26239776611328, 14.264427185058594, -8.615045547485352, -9.541956901550293, -6.4453582763671875], "lowlevel.melbands.mean": [0.0017862339736893773, 0.00406883517280221, 0.0005981972208246589, 0.00010676449892343953, 0.00015766284195706248, 0.0004293236415833235, 0.00044478863128460944, 0.0003081445174757391, 5.9819012676598504e-05, 0.00024097971618175507, 0.0003091213875450194, 0.0003498320875223726, 0.00016324427269864827, 7.652085332665592e-05, 4.685805470217019e-05, 0.00010337244748370722, 0.00012666248949244618, 0.00010271451174048707, 0.00010991365707013756, 2.297235005244147e-05, 1.4916297914169263e-05, 8.183586942323018e-06, 8.046377843129449e-06, 6.408736226148903e-06, 1.657802022236865e-05, 4.772431566379964e-06, 1.9533142676664283e-06, 1.7355872614643886e-06, 2.592340251794667e-06, 1.6119826113936142e-06, 2.5167307171614084e-07, 1.4265495451581955e-07, 1.9228399139592511e-07, 4.405237916671467e-07, 3.1343344630840875e-07, 2.2253561837715097e-07, 2.688539382234012e-07, 9.248493597624474e-07, 1.6546747474421863e-06, 8.256723731392412e-07], "lowlevel.melbands.stdev": [0.0038653400260955095, 0.0077417525462806225, 0.0012306657154113054, 0.00015486017218790948, 0.00027322780806571245, 0.0006108761299401522, 0.0008876501233316958, 0.0005537120741792023, 0.0001411781122442335, 0.0006268653669394553, 0.0008192765526473522, 0.001040844013914466, 0.0004316723789088428, 0.00022824128973297775, 0.00015849740884732455, 0.00033105502370744944, 0.00042064383160322905, 0.00024718607892282307, 0.00037461984902620316, 6.398179539246485e-05, 5.707559466827661e-05, 3.7482073821593076e-05, 2.780894828902092e-05, 1.262403566215653e-05, 3.58632933057379e-05, 1.2456591321097221e-05, 3.847616426355671e-06, 3.1797153496881947e-06, 3.904330696968827e-06, 2.0401082565513207e-06, 3.654008082776272e-07, 3.3962649581553706e-07, 6.396093681360071e-07, 1.7129082152678166e-06, 1.2771511137543712e-06, 8.524813779331453e-07, 7.823053351785347e-07, 2.679646058822982e-06, 4.1381767914572265e-06, 3.088998255407205e-06], "lowlevel.melbands128.mean": [2.025330650212709e-05, 0.00010920683416770771, 0.0018292878521606326, 0.006204066798090935, 0.005199725273996592, 0.002120502293109894, 0.0007087965495884418, 0.00031957196188159287, 0.00012194128794362769, 6.436058902181685e-05, 0.0001180680119432509, 0.0001331255625700578, 0.00010366686183260754, 0.00023518131638411433, 0.0005755582242272794, 0.0004464748199097812, 0.0003647437260951847, 0.0004954065079800785, 0.0005076752859167755, 0.00030746441916562617, 0.000283433502772823, 4.741483644465916e-05, 3.345068762428127e-05, 4.643128704628907e-05, 0.00020208049681968987, 0.00037563976366072893, 0.0001968987926375121, 0.0004025968664791435, 0.00022207039000932127, 0.0004268244083505124, 0.00041961472015827894, 0.00018657467444427311, 7.692192593822256e-05, 0.00025752652436494827, 5.742833309341222e-05, 4.5668970415135846e-05, 4.808823359780945e-05, 2.613942342577502e-05, 5.871239409316331e-05, 0.00010840593313332647, 0.00014963028661441058, 2.5207717044395395e-05, 0.00013632200716529042, 0.00020499007951002568, 3.7357349356170744e-05, 0.000107508574728854, 0.0001225748419528827, 0.00018301377713214606, 5.756070459028706e-05, 1.7270078387809917e-05, 2.458878225297667e-05, 2.3337088350672275e-05, 1.3814457815897185e-05, 1.3164584743208252e-05, 1.2907717973575927e-05, 5.037235951022012e-06, 5.69225130675477e-06, 1.1241347237955779e-05, 8.108381734928116e-06, 5.084747044747928e-06, 1.4857876067253528e-06, 7.616778930241708e-06, 2.7353287805453874e-05, 1.7323469364782795e-05, 4.256849479133962e-06, 4.586417617247207e-06, 5.019300260755699e-06, 1.8199323221779196e-06, 1.2858674836024875e-06, 2.0071054223080864e-06, 9.42990254770848e-07, 2.3123848222894594e-06, 2.547687472542748e-06, 2.4639784896862693e-06, 2.9915454433648847e-06, 1.9405372313485714e-06, 1.0184717211814132e-06, 2.9927176115052134e-07, 1.8599466500290873e-07, 1.0261408078804379e-07, 1.4738552067683486e-07, 1.5676289422117407e-07, 1.413473142974908e-07, 1.8247348521072126e-07, 2.39372553778594e-07, 3.599236890750035e-07, 5.979387083243637e-07, 4.323550797380449e-07, 2.5984800799960794e-07, 2.5093908107010066e-07, 2.8366974902382935e-07, 1.9989808208720206e-07, 1.4931586633792904e-07, 1.0229664582084297e-07, 3.8737530871912895e-07, 9.236547384716687e-07, 8.564096560803591e-07, 1.074345732376969e-06, 2.1633418327837717e-06, 1.6678944803061313e-06, 1.2153958550698007e-06, 6.667448815278476e-07, 3.4280407135156565e-07, 3.581242253858363e-07, 2.1253623572192737e-07, 8.541211116153136e-08, 4.362314953709756e-08, 4.643994699904397e-08, 4.939786535373969e-08, 3.657262581668874e-08, 8.045422816849168e-08, 1.4883492838180246e-07, 2.9428301218104025e-07, 3.1492575658376154e-07, 2.771189997474721e-07, 2.4644700147291587e-07, 1.309010002614741e-07, 1.063572696580195e-08, 1.0535089467467174e-10, 3.75208761629886e-12, 3.622972364822341e-12, 3.5513991920865795e-12, 3.470724575793671e-12, 3.400993245708528e-12, 3.2987974331322167e-12, 3.167256604555413e-12, 3.089880781792509e-12, 3.065543261945858e-12], "lowlevel.melbands128.stdev": [6.97881041560322e-05, 0.0004784847260452807, 0.004231930244714022, 0.013231104239821434, 0.01023179106414318, 0.00424959184601903, 0.0018898448906838894, 0.0007727990741841495, 0.00025328577612526715, 0.00011982784053543583, 0.0002077169338008389, 0.0003128465614281595, 0.0003633454325608909, 0.0004971023299731314, 0.0009302844991907477, 0.0009377944516018033, 0.0010029616532847285, 0.001387616852298379, 0.0013354055117815733, 0.0006371841882355511, 0.0007618512026965618, 0.00015578650345560163, 0.00014688285591546446, 0.00023430756118614227, 0.0006217578775249422, 0.00114625773858279, 0.0006457242998294532, 0.0014538406394422054, 0.0008727078093215823, 0.001858569448813796, 0.0014038622612133622, 0.0007806255598552525, 0.00032102662953548133, 0.0009816864039748907, 0.0002749886189121753, 0.0002516124222893268, 0.0002448726736474782, 0.00016511822468601167, 0.00030197316664271057, 0.00042825410491786897, 0.0005593018140643835, 0.0001320456067332998, 0.000556331651750952, 0.0007952692685648799, 0.00023369895643554628, 0.00042161441524513066, 0.000356525182723999, 0.0008409310830757022, 0.00025501521304249763, 8.577357220929116e-05, 9.732914622873068e-05, 8.88617432792671e-05, 0.00010922511137323454, 7.337930583162233e-05, 9.168849646812305e-05, 3.307154111098498e-05, 3.989641118096188e-05, 6.468220090027899e-05, 3.101103357039392e-05, 1.5169225662248209e-05, 5.6685407798795495e-06, 2.7300147849018686e-05, 7.478869520127773e-05, 4.945789623889141e-05, 1.8570024622022174e-05, 1.706811053736601e-05, 1.834129034250509e-05, 5.870123459317256e-06, 2.9128295864211395e-06, 5.442730071081314e-06, 2.4127539290930144e-06, 6.359857252391521e-06, 6.340022082440555e-06, 4.806986453331774e-06, 5.095978394820122e-06, 3.2561379157414194e-06, 1.9403566966502694e-06, 4.776105129167263e-07, 3.5711991586140357e-07, 2.3349304001385462e-07, 3.841020372874482e-07, 4.226049554745259e-07, 5.178305286790419e-07, 6.426371896850469e-07, 1.0015172620114754e-06, 1.4104992942520767e-06, 2.532437974878121e-06, 2.0350325939944014e-06, 1.039608378050616e-06, 1.1507793260534527e-06, 1.215279326061136e-06, 7.854133059481683e-07, 5.026158760301769e-07, 4.4233024709683377e-07, 1.2463963230402442e-06, 3.1386985028802883e-06, 2.985803803312592e-06, 2.697249328775797e-06, 5.087571025796933e-06, 4.924746008327929e-06, 5.378754394769203e-06, 2.7839093945658533e-06, 1.2706717598121031e-06, 1.8363450635661138e-06, 9.224174846167443e-07, 5.052950200479245e-07, 2.21339661266029e-07, 2.628307242957817e-07, 2.874945437270071e-07, 2.3962863338056195e-07, 4.942817781738995e-07, 6.994772547841421e-07, 9.869017958408222e-07, 8.187669777726114e-07, 8.381275620195083e-07, 8.32799969430198e-07, 3.6250614243726886e-07, 4.893309224485165e-08, 1.873680766095731e-09, 6.3495740783292565e-12, 6.1892106023586635e-12, 6.059260298368896e-12, 5.939442514202309e-12, 5.838103004501827e-12, 5.7546541316899624e-12, 5.688699945133324e-12, 5.638877819541532e-12, 5.608789040850715e-12], "lowlevel.mfcc.mean": [-699.3594360351562, 137.79681396484375, 3.42417311668396, 1.8729207515716553, 10.56296443939209, -8.804545402526855, 15.834477424621582, -17.20595359802246, 5.9756550788879395, 3.6693015098571777, 2.480944871902466, 0.03801722079515457, -2.592742919921875], "lowlevel.spectral_contrast_coeffs.mean": [-0.683351457118988, -0.6481865644454956, -0.6715372800827026, -0.7168311476707458, -0.7677703499794006, -0.7494359016418457], "lowlevel.spectral_contrast_coeffs.stdev": [0.06612610071897507, 0.07850445806980133, 0.09371504932641983, 0.08336764574050903, 0.06397522985935211, 0.04684159532189369], "lowlevel.spectral_contrast_valleys.mean": [-7.542680740356445, -7.4740519523620605, -8.251255989074707, -8.477762222290039, -8.614033699035645, -11.457200050354004], "lowlevel.spectral_contrast_valleys.stdev": [0.9108400344848633, 0.6475104093551636, 0.6520286202430725, 0.640625536441803, 0.7092189192771912, 0.8178412318229675], "rhythm.beats_loudness_band_ratio.mean": [0.6747678518295288, 0.057132136076688766, 0.1043272390961647, 0.11242655664682388, 0.0700712725520134, 0.00673555675894022], "rhythm.beats_loudness_band_ratio.stdev": [0.22838683426380157, 0.07553891092538834, 0.1227397620677948, 0.12900754809379578, 0.09406886994838715, 0.008028194308280945], "tonal.hpcp.mean": [0.1141095831990242, 0.0785323828458786, 0.09906486421823502, 0.19779939949512482, 0.13902883231639862, 0.027919156476855278, 0.01720360666513443, 0.015975559130311012, 0.07211408019065857, 0.15892674028873444, 0.11484361439943314, 0.025771968066692352, 0.014738176949322224, 0.01732797920703888, 0.029808271676301956, 0.05070934072136879, 0.04545600712299347, 0.03698301687836647, 0.046465810388326645, 0.031065622344613075, 0.016969937831163406, 0.02910364419221878, 0.038699980825185776, 0.2828182578086853, 0.5545020699501038, 0.32778745889663696, 0.046178970485925674, 0.015782495960593224, 0.018648626282811165, 0.07935939729213715, 0.1413583606481552, 0.10093337297439575, 0.03852083906531334, 0.0251886248588562, 0.028947539627552032, 0.07467463612556458], "tonal.hpcp.stdev": [0.251727819442749, 0.18218910694122314, 0.20446906983852386, 0.35418426990509033, 0.268078476190567, 0.09785416722297668, 0.09957289695739746, 0.0735384002327919, 0.16615286469459534, 0.27758651971817017, 0.22058577835559845, 0.09911347925662994, 0.0762263685464859, 0.09425465762615204, 0.10814893990755081, 0.146092027425766, 0.14077921211719513, 0.1319049894809723, 0.16838009655475616, 0.12160252034664154, 0.07129650563001633, 0.1100245863199234, 0.13858383893966675, 0.27748215198516846, 0.4274173676967621, 0.3053341209888458, 0.13570982217788696, 0.08864644914865494, 0.08820169419050217, 0.20410284399986267, 0.29114726185798645, 0.21959085762500763, 0.12982921302318573, 0.11460533738136292, 0.12749868631362915, 0.1900860220193863], "rhythm.beats_position": [0.6965986490249634, 1.369977355003357, 2.0201361179351807, 2.670294761657715, 3.320453405380249, 3.947392225265503, 4.574330806732178, 5.201269626617432, 5.8282084465026855, 6.466757297515869, 7.105306148529053, 7.732244968414307, 8.359183311462402, 8.986122131347656, 9.61306095123291, 10.239999771118164, 10.866938591003418, 11.493877410888672, 12.109206199645996, 12.74775505065918, 13.374693870544434, 14.001632690429688, 14.628571510314941, 15.255510330200195, 15.88244915008545, 16.497777938842773, 17.11310577392578, 17.74004554748535, 18.37859344482422, 19.01714324951172, 19.690521240234375, 20.317459106445312, 20.932788848876953, 21.57133674621582, 22.19827651977539, 22.825214385986328, 23.4521541595459, 24.079092025756836, 24.706031799316406, 25.321359634399414, 25.936689376831055, 26.563627243041992, 27.190567016601562, 27.8175048828125, 28.4560546875, 29.094602584838867, 29.744760513305664], "rhythm.bpm_histogram": [0.0, 0.0, 0.0, 0.0, 0.0, 0.0, 0.0, 0.0, 0.0, 0.0, 0.0, 0.0, 0.0, 0.0, 0.0, 0.0, 0.0, 0.0, 0.0, 0.0, 0.0, 0.0, 0.0, 0.0, 0.0, 0.0, 0.0, 0.0, 0.0, 0.0, 0.0, 0.0, 0.0, 0.0, 0.0, 0.0, 0.0, 0.0, 0.0, 0.0, 0.0, 0.0, 0.0, 0.0, 0.0, 0.0, 0.0, 0.0, 0.0, 0.0, 0.0, 0.0, 0.0, 0.0, 0.0, 0.0, 0.0, 0.0, 0.0, 0.0, 0.0, 0.0, 0.0, 0.0, 0.0, 0.0, 0.0, 0.0, 0.0, 0.0, 0.0, 0.0, 0.0, 0.0, 0.0, 0.0, 0.0, 0.0, 0.0, 0.0, 0.0, 0.0, 0.0, 0.0, 0.0, 0.0, 0.0, 0.0, 0.0, 0.043478261679410934, 0.0, 0.0, 0.08695652335882187, 0.0, 0.17391304671764374, 0.0, 0.5652173757553101, 0.0, 0.1304347813129425, 0.0, 0.0, 0.0, 0.0, 0.0, 0.0, 0.0, 0.0, 0.0, 0.0, 0.0, 0.0, 0.0, 0.0, 0.0, 0.0, 0.0, 0.0, 0.0, 0.0, 0.0, 0.0, 0.0, 0.0, 0.0, 0.0, 0.0, 0.0, 0.0, 0.0, 0.0, 0.0, 0.0, 0.0, 0.0, 0.0, 0.0, 0.0, 0.0, 0.0, 0.0, 0.0, 0.0, 0.0, 0.0, 0.0, 0.0, 0.0, 0.0, 0.0, 0.0, 0.0, 0.0, 0.0, 0.0, 0.0, 0.0, 0.0, 0.0, 0.0, 0.0, 0.0, 0.0, 0.0, 0.0, 0.0, 0.0, 0.0, 0.0, 0.0, 0.0, 0.0, 0.0, 0.0, 0.0, 0.0, 0.0, 0.0, 0.0, 0.0, 0.0, 0.0, 0.0, 0.0, 0.0, 0.0, 0.0, 0.0, 0.0, 0.0, 0.0, 0.0, 0.0, 0.0, 0.0, 0.0, 0.0, 0.0, 0.0, 0.0, 0.0, 0.0, 0.0, 0.0, 0.0, 0.0, 0.0, 0.0, 0.0, 0.0, 0.0, 0.0, 0.0, 0.0, 0.0, 0.0, 0.0, 0.0, 0.0, 0.0, 0.0, 0.0, 0.0, 0.0, 0.0, 0.0, 0.0, 0.0, 0.0, 0.0, 0.0, 0.0, 0.0, 0.0, 0.0, 0.0, 0.0, 0.0, 0.0, 0.0, 0.0, 0.0, 0.0, 0.0, 0.0, 0.0, 0.0, 0.0, 0.0, 0.0, 0.0], "tonal.chords_histogram": [22.839506149291992, 0.6172839403152466, 40.74074172973633, 0.0, 0.0, 0.0, 0.0, 0.0, 0.0, 0.0, 0.0, 0.0, 0.0, 0.0, 0.0, 0.0, 0.0, 9.722222328186035, 0.0, 15.586420059204102, 0.0, 2.314814805984497, 6.635802268981934, 1.5432099103927612], "tonal.thpcp": [1.0, 0.5911383628845215, 0.08328007161617279, 0.028462465852499008, 0.033631302416324615, 0.14311830699443817, 0.25492846965789795, 0.1820252388715744, 0.06946924328804016, 0.0454256646335125, 0.05220456421375275, 0.1346697211265564, 0.20578747987747192, 0.14162684977054596, 0.17865553498268127, 0.3567153513431549, 0.2507273554801941, 0.05034995824098587, 0.031025324016809464, 0.028810638934373856, 0.13005195558071136, 0.2866116166114807, 0.20711123943328857, 0.046477675437927246, 0.0265791192650795, 0.031249620020389557, 0.053756825625896454, 0.09145022928714752, 0.0819762647151947, 0.06669590622186661, 0.08379735797643661, 0.05602435767650604, 0.0306039210408926, 0.05248608812689781, 0.06979230791330338, 0.5100400447845459], "lowlevel.gfcc.cov": [[3791.226806640625, 251.2006378173828, -467.9608154296875, 257.2921142578125, 809.4951782226562, 165.26600646972656, 214.6179656982422, 429.35516357421875, -56.024898529052734, -55.22864532470703, 79.15884399414062, -288.4956970214844, 59.32392883300781], [251.2006378173828, 1322.785400390625, 47.54156494140625, 307.0445251464844, 415.3175354003906, 78.0048599243164, 343.1243591308594, 41.3381462097168, 86.5818862915039, 21.378482818603516, 64.93716430664062, -134.21981811523438, 102.10059356689453], [-467.9608154296875, 47.54156494140625, 1321.8155517578125, 396.48455810546875, -117.63762664794922, 320.9970397949219, 123.78186798095703, -87.2635726928711, 217.88059997558594, 12.708964347839355, -91.24302673339844, 180.1617889404297, -145.3079833984375], [257.2921142578125, 307.0445251464844, 396.48455810546875, 506.83837890625, 229.39932250976562, 81.04255676269531, 113.97380065917969, 105.8935317993164, 128.71334838867188, -44.39249038696289, -18.818004608154297, 39.25045394897461, -4.801461219787598], [809.4951782226562, 415.3175354003906, -117.63762664794922, 229.39932250976562, 573.9931640625, 157.52919006347656, 190.7830047607422, 222.94090270996094, 25.40932273864746, -0.1038014143705368, 90.21109771728516, -96.35626983642578, 53.21841049194336], [165.26600646972656, 78.0048599243164, 320.9970397949219, 81.04255676269531, 157.52919006347656, 439.93536376953125, 202.4861602783203, -1.1798261404037476, 41.722320556640625, 33.91338348388672, 27.016721725463867, -26.086837768554688, -25.83067512512207], [214.6179656982422, 343.1243591308594, 123.78186798095703, 113.97380065917969, 190.7830047607422, 202.4861602783203, 292.6482238769531, 60.64756393432617, 6.297635555267334, 39.4616813659668, 59.03919982910156, -49.25802230834961, 35.197940826416016], [429.35516357421875, 41.3381462097168, -87.2635726928711, 105.8935317993164, 222.94090270996094, -1.1798261404037476, 60.64756393432617, 247.7006072998047, 47.39873123168945, -9.95743179321289, 60.89949417114258, -14.349886894226074, 43.33506393432617], [-56.024898529052734, 86.5818862915039, 217.88059997558594, 128.71334838867188, 25.40932273864746, 41.722320556640625, 6.297635555267334, 47.39873123168945, 181.8843536376953, 13.614277839660645, -12.976337432861328, 53.9576530456543, -3.1437342166900635], [-55.22864532470703, 21.378482818603516, 12.708964347839355, -44.39249038696289, -0.1038014143705368, 33.91338348388672, 39.4616813659668, -9.95743179321289, 13.614277839660645, 113.70325469970703, 53.1663932800293, -7.970675945281982, 0.4203711450099945], [79.15884399414062, 64.93716430664062, -91.24302673339844, -18.818004608154297, 90.21109771728516, 27.016721725463867, 59.03919982910156, 60.89949417114258, -12.976337432861328, 53.1663932800293, 152.90528869628906, 2.2908596992492676, 13.042123794555664], [-288.4956970214844, -134.21981811523438, 180.1617889404297, 39.25045394897461, -96.35626983642578, -26.086837768554688, -49.25802230834961, -14.349886894226074, 53.9576530456543, -7.970675945281982, 2.2908596992492676, 156.87496948242188, -11.989327430725098], [59.32392883300781, 102.10059356689453, -145.3079833984375, -4.801461219787598, 53.21841049194336, -25.83067512512207, 35.197940826416016, 43.33506393432617, -3.1437342166900635, 0.4203711450099945, 13.042123794555664, -11.989327430725098, 142.21884155273438]], "lowlevel.gfcc.icov": [[0.00045314975432120264, 0.0001675615058047697, 6.289035081863403e-05, -0.00012169720139354467, -0.0004893357399851084, 1.1346671271894593e-05, -8.734101720619947e-05, -0.00028403851320035756, 3.966807707911357e-05, 0.0001276657567359507, 9.335751383332536e-05, 0.000580835621803999, 8.5069565102458e-05], [0.0001675615058047697, 0.002351584145799279, -0.00020637718262150884, -0.00030966827762313187, -0.0018424976151436567, 0.0019525797106325626, -0.0028534450102597475, 0.002685920102521777, -0.00211920402944088, 0.001024722121655941, -0.000965046463534236, 0.0019075789023190737, -0.0008481131517328322], [6.289035081863403e-05, -0.00020637718262150884, 0.002551558893173933, -0.001809478271752596, 0.0013575833290815353, -0.0017424392281100154, -0.00046291714534163475, -0.000137899027322419, -0.0006622935179620981, -0.0008841425878927112, 0.0012279892107471824, -0.0018560531316325068, 0.001718816114589572], [-0.00012169720139354467, -0.00030966827762313187, -0.001809478271752596, 0.005151292774826288, -0.002214515581727028, 0.001511072856374085, -0.0007330625667236745, -0.0001586855942150578, -0.0013053331058472395, 0.0019476034212857485, 0.0003698701912071556, -0.0005245115607976913, -0.00018163438653573394], [-0.0004893357399851084, -0.0018424976151436567, 0.0013575833290815353, -0.002214515581727028, 0.006931638810783625, -0.003323371522128582, 0.0015390674816444516, -0.0044639334082603455, 0.0017090047476813197, -0.0009032193338498473, -0.00033908462501131, -0.00027910651988349855, 0.0006690375739708543], [1.1346671271894593e-05, 0.0019525797106325626, -0.0017424392281100154, 0.001511072856374085, -0.003323371522128582, 0.006652400363236666, -0.004829642828553915, 0.003644307143986225, -0.002593911485746503, 0.0014648258220404387, -0.0012206387473270297, 0.002152653643861413, -0.0003673330065794289], [-8.734101720619947e-05, -0.0028534450102597475, -0.00046291714534163475, -0.0007330625667236745, 0.0015390674816444516, -0.004829642828553915, 0.010912032797932625, -0.003925188910216093, 0.004207476507872343, -0.0027765431441366673, -0.00037835343391634524, -0.00035682893940247595, -0.0012646507238969207], [-0.00028403851320035756, 0.002685920102521777, -0.000137899027322419, -0.0001586855942150578, -0.0044639334082603455, 0.003644307143986225, -0.003925188910216093, 0.01143703330308199, -0.005073841195553541, 0.0029158759862184525, -0.0034565203823149204, 0.0014564412413164973, -0.0018182230414822698], [3.966807707911357e-05, -0.00211920402944088, -0.0006622935179620981, -0.0013053331058472395, 0.0017090047476813197, -0.002593911485746503, 0.004207476507872343, -0.005073841195553541, 0.011212235316634178, -0.0039038914255797863, 0.0025339475832879543, -0.0032748894300311804, -7.087666017469019e-05], [0.0001276657567359507, 0.001024722121655941, -0.0008841425878927112, 0.0019476034212857485, -0.0009032193338498473, 0.0014648258220404387, -0.0027765431441366673, 0.0029158759862184525, -0.0039038914255797863, 0.013617564924061298, -0.00566171994432807, 0.002795139327645302, -0.0005954926600679755], [9.335751383332536e-05, -0.000965046463534236, 0.0012279892107471824, 0.0003698701912071556, -0.00033908462501131, -0.0012206387473270297, -0.00037835343391634524, -0.0034565203823149204, 0.0025339475832879543, -0.00566171994432807, 0.011727246455848217, -0.004210061859339476, 0.0016154646873474121], [0.000580835621803999, 0.0019075789023190737, -0.0018560531316325068, -0.0005245115607976913, -0.00027910651988349855, 0.002152653643861413, -0.00035682893940247595, 0.0014564412413164973, -0.0032748894300311804, 0.002795139327645302, -0.004210061859339476, 0.012721727602183819, -0.002007994567975402], [8.5069565102458e-05, -0.0008481131517328322, 0.001718816114589572, -0.00018163438653573394, 0.0006690375739708543, -0.0003673330065794289, -0.0012646507238969207, -0.0018182230414822698, -7.087666017469019e-05, -0.0005954926600679755, 0.0016154646873474121, -0.002007994567975402, 0.009587534703314304]], "lowlevel.mfcc.cov": [[3604.183837890625, 166.65313720703125, -806.909912109375, 352.0035400390625, 525.9815063476562, -211.95628356933594, 539.6414184570312, 52.40258026123047, 255.80877685546875, 272.6579284667969, -42.2574577331543, -100.79714965820312, 102.67945861816406], [166.65313720703125, 979.6024169921875, -103.34168243408203, 237.93421936035156, 70.5772933959961, 166.05111694335938, 252.15789794921875, 14.526100158691406, 149.90505981445312, 98.50517272949219, 78.74057006835938, 76.42334747314453, -34.26653289794922], [-806.909912109375, -103.34168243408203, 1236.59619140625, 13.332873344421387, -82.54721069335938, 452.99237060546875, -227.593505859375, 241.290771484375, -27.23377799987793, -18.286731719970703, 117.24347686767578, 94.28866577148438, -5.398063659667969], [352.0035400390625, 237.93421936035156, 13.332873344421387, 486.4679870605469, 214.04376220703125, -16.55706787109375, 62.31993103027344, 129.96031188964844, 122.74047088623047, 12.490615844726562, 5.369196891784668, 96.63111114501953, 49.539981842041016], [525.9815063476562, 70.5772933959961, -82.54721069335938, 214.04376220703125, 390.7132568359375, -6.565361022949219, 140.14170837402344, 136.2519073486328, 119.21226501464844, 71.70730590820312, 10.442216873168945, 69.6803207397461, 94.20258331298828], [-211.95628356933594, 166.05111694335938, 452.99237060546875, -16.55706787109375, -6.565361022949219, 466.95416259765625, 65.4024429321289, 113.80810546875, 21.084552764892578, 77.3128890991211, 81.27124786376953, -13.267033576965332, -2.159419298171997], [539.6414184570312, 252.15789794921875, -227.593505859375, 62.31993103027344, 140.14170837402344, 65.4024429321289, 476.2299499511719, 13.755926132202148, 80.28485107421875, 146.97647094726562, 65.96148681640625, -15.975275039672852, 6.973516464233398], [52.40258026123047, 14.526100158691406, 241.290771484375, 129.96031188964844, 136.2519073486328, 113.80810546875, 13.755926132202148, 256.36138916015625, 67.23731994628906, 30.763092041015625, 24.830400466918945, 63.35385513305664, 49.73429489135742], [255.80877685546875, 149.90505981445312, -27.23377799987793, 122.74047088623047, 119.21226501464844, 21.084552764892578, 80.28485107421875, 67.23731994628906, 186.21925354003906, 73.3639907836914, 2.8819477558135986, 11.685138702392578, 18.199750900268555], [272.6579284667969, 98.50517272949219, -18.286731719970703, 12.490615844726562, 71.70730590820312, 77.3128890991211, 146.97647094726562, 30.763092041015625, 73.3639907836914, 168.86424255371094, 27.837980270385742, -26.203214645385742, 15.994332313537598], [-42.2574577331543, 78.74057006835938, 117.24347686767578, 5.369196891784668, 10.442216873168945, 81.27124786376953, 65.96148681640625, 24.830400466918945, 2.8819477558135986, 27.837980270385742, 144.09976196289062, 62.486778259277344, 0.9130608439445496], [-100.79714965820312, 76.42334747314453, 94.28866577148438, 96.63111114501953, 69.6803207397461, -13.267033576965332, -15.975275039672852, 63.35385513305664, 11.685138702392578, -26.203214645385742, 62.486778259277344, 191.57241821289062, 36.774837493896484], [102.67945861816406, -34.26653289794922, -5.398063659667969, 49.539981842041016, 94.20258331298828, -2.159419298171997, 6.973516464233398, 49.73429489135742, 18.199750900268555, 15.994332313537598, 0.9130608439445496, 36.774837493896484, 143.81861877441406]], "lowlevel.mfcc.icov": [[0.0004751912783831358, 9.217659680871293e-05, 0.00019264976435806602, -0.00023065818822942674, -0.00036061450373381376, 0.00010354529513278976, -0.00021995136921759695, -1.3425702491076663e-05, -9.798888640943915e-05, -0.0003788056201301515, -5.8014586102217436e-05, 0.00033384174457751215, -8.016985702852253e-06], [9.217659680871293e-05, 0.0018661054782569408, 0.0005724590737372637, -0.000942740764003247, 0.0005418214714154601, -0.0011781047796830535, -0.000492484716232866, 0.0005194307304918766, -0.0010234570363536477, -0.00020819020573981106, -0.00016101532673928887, -0.0010247702011838555, 0.0006124309729784727], [0.00019264976435806602, 0.0005724590737372637, 0.002334380755200982, -0.00045644663623534143, 0.0005220230668783188, -0.002036781283095479, 0.0010063855443149805, -0.001247625332325697, -4.79304653708823e-05, -0.0002801308874040842, -0.0009138083551079035, -0.0007092487066984177, 0.0004782117030117661], [-0.00023065818822942674, -0.000942740764003247, -0.00045644663623534143, 0.0038051616866141558, -0.0011943839490413666, 0.0007403375930152833, 3.6394529161043465e-05, -0.0008606364135630429, -0.00091742625227198, 0.0011141912546008825, 0.0005447149742394686, -0.0006062409956939518, -0.00015475618420168757], [-0.00036061450373381376, 0.0005418214714154601, 0.0005220230668783188, -0.0011943839490413666, 0.0057176463305950165, -0.0002922418643720448, -0.0007766517228446901, -0.0016449028626084328, -0.0013476323802024126, -0.0004392340197227895, 0.00035497231874614954, -0.0014407179551199079, -0.001739916973747313], [0.00010354529513278976, -0.0011781047796830535, -0.002036781283095479, 0.0007403375930152833, -0.0002922418643720448, 0.005275835748761892, -0.0007908653351478279, -0.0009246835834346712, 0.000585433968808502, -0.0009237431804649532, -0.000866501301061362, 0.002092757262289524, -0.0005583142628893256], [-0.00021995136921759695, -0.000492484716232866, 0.0010063855443149805, 3.6394529161043465e-05, -0.0007766517228446901, -0.0007908653351478279, 0.004260890185832977, -0.00024839083198457956, 0.0004414334543980658, -0.0021048462949693203, -0.00180149357765913, 0.00040375933167524636, 0.0005274807917885482], [-1.3425702491076663e-05, 0.0005194307304918766, -0.001247625332325697, -0.0008606364135630429, -0.0016449028626084328, -0.0009246835834346712, -0.00024839083198457956, 0.007474774029105902, -0.0012980160536244512, -6.235510227270424e-05, 0.0007806268986314535, -0.001182209001854062, -0.0006577777094207704], [-9.798888640943915e-05, -0.0010234570363536477, -4.79304653708823e-05, -0.00091742625227198, -0.0013476323802024126, 0.000585433968808502, 0.0004414334543980658, -0.0012980160536244512, 0.009095332585275173, -0.003015620168298483, 0.0005268639652058482, 0.0006076631834730506, 0.0004849592223763466], [-0.0003788056201301515, -0.00020819020573981106, -0.0002801308874040842, 0.0011141912546008825, -0.0004392340197227895, -0.0009237431804649532, -0.0021048462949693203, -6.235510227270424e-05, -0.003015620168298483, 0.010806627571582794, -0.0009881174191832542, 0.001575443777255714, -0.0009927902137860656], [-5.8014586102217436e-05, -0.00016101532673928887, -0.0009138083551079035, 0.0005447149742394686, 0.00035497231874614954, -0.000866501301061362, -0.00180149357765913, 0.0007806268986314535, 0.0005268639652058482, -0.0009881174191832542, 0.010877379216253757, -0.0041800737380981445, 0.00039602097240276635], [0.00033384174457751215, -0.0010247702011838555, -0.0007092487066984177, -0.0006062409956939518, -0.0014407179551199079, 0.002092757262289524, 0.00040375933167524636, -0.001182209001854062, 0.0006076631834730506, 0.001575443777255714, -0.0041800737380981445, 0.00939495861530304, -0.0015638385666534305], [-8.016985702852253e-06, 0.0006124309729784727, 0.0004782117030117661, -0.00015475618420168757, -0.001739916973747313, -0.0005583142628893256, 0.0005274807917885482, -0.0006577777094207704, 0.0004849592223763466, -0.0009927902137860656, 0.00039602097240276635, -0.0015638385666534305, 0.008955677039921284]], "metadata.audio_properties.analysis.downmix": "mix", "metadata.audio_properties.codec": "mp3", "metadata.audio_properties.md5_encoded": "8e562910873c7aa9f4435020b815ba5b", "metadata.tags.file_name": "1183684177795756122.mp3", "metadata.version.essentia": "2.1-beta6-dev", "metadata.version.essentia_git_sha": "v2.1_beta5-1110-g77a6a954", "metadata.version.extractor": "music 2.0", "tonal.chords_key": "F", "tonal.chords_scale": "major", "tonal.key_edma.key": "Bb", "tonal.key_edma.scale": "major", "tonal.key_krumhansl.key": "Bb", "tonal.key_krumhansl.scale": "major", "tonal.key_temperley.key": "Bb", "tonal.key_temperley.scale": "major", "metadata.tags.encoding": ["Lavf58.45.100"]}, "essentia_models": [{"model_name": "genre_dortmund", "activations": {"alternative": "0.009681912", "blues": "0.022528518", "electronic": "0.0014007584", "folkcountry": "0.52354544", "funksoulrnb": "0.006108701", "jazz": "0.23133226",