{"song_id": "1183695885717221396", "download": "https://cdn.discordapp.com/attachments/1135911532732108921/1183695885717221396/chirp.mp4?ex=658945b3&amp", "lyrics": "Je ne suis ni asiatique ni australien\nJe suis seulement un humain\n\nLes marchands d'armes fondent en larmes\nEt ils n'auront PLUS rien\n\nTout ce qui divise, c'est leur devise\nOn n'a pas besoin\n\nJe ne suis ni am\u00e9ricain ni africain\nJe suis seulement un terrien\n\nLa beaut\u00e9 est dans la diff\u00e9rence du corps\nPas dans le changement du d\u00e9cor\n\nSi on \u00e9tait tous pareils et d'accord\nOn s'ennuierait \u00e0 mort\n\nJe ne suis ni martien ni europ\u00e9en\nJe suis seulement un monosapien\n\nVous \u00eates tous rares et en voie de disparition\nLe peu qui reste, on doit le pr\u00e9server\nAimer les autres sans crainte\nRegarder vos empreintes\nC'est votre marque d\u00e9pos\u00e9e\nQui prouve que vous \u00eates unique et authentique\nEt magnifique.", "style": ["random"], "essentia_features": {"lowlevel.average_loudness": 0.020437592640519142, "lowlevel.barkbands_crest.mean": 21.87666130065918, "lowlevel.barkbands_crest.stdev": 5.289876461029053, "lowlevel.barkbands_flatness_db.mean": 0.5250900387763977, "lowlevel.barkbands_flatness_db.stdev": 0.1716310679912567, "lowlevel.barkbands_kurtosis.mean": 84.83153533935547, "lowlevel.barkbands_kurtosis.stdev": 164.88612365722656, "lowlevel.barkbands_skewness.mean": 3.9607174396514893, "lowlevel.barkbands_skewness.stdev": 4.929227828979492, "lowlevel.barkbands_spread.mean": 3.1656534671783447, "lowlevel.barkbands_spread.stdev": 6.569142818450928, "lowlevel.dissonance.mean": 0.31979119777679443, "lowlevel.dissonance.stdev": 0.11807938665151596, "lowlevel.dynamic_complexity": 10.874155044555664, "lowlevel.erbbands_crest.mean": 22.442420959472656, "lowlevel.erbbands_crest.stdev": 7.828920364379883, "lowlevel.erbbands_flatness_db.mean": 0.3955184519290924, "lowlevel.erbbands_flatness_db.stdev": 0.15324662625789642, "lowlevel.erbbands_kurtosis.mean": 14.298803329467773, "lowlevel.erbbands_kurtosis.stdev": 21.281490325927734, "lowlevel.erbbands_skewness.mean": 1.717578411102295, "lowlevel.erbbands_skewness.stdev": 2.2660744190216064, "lowlevel.erbbands_spread.mean": 13.608617782592773, "lowlevel.erbbands_spread.stdev": 20.906423568725586, "lowlevel.hfc.mean": 7.841808319091797, "lowlevel.hfc.stdev": 15.838022232055664, "lowlevel.loudness_ebu128.integrated": -29.520654678344727, "lowlevel.loudness_ebu128.loudness_range": 18.467382431030273, "lowlevel.loudness_ebu128.momentary.mean": -40.81288528442383, "lowlevel.loudness_ebu128.momentary.stdev": 25.013996124267578, "lowlevel.loudness_ebu128.short_term.mean": -35.326107025146484, "lowlevel.loudness_ebu128.short_term.stdev": 7.432441234588623, "lowlevel.melbands_crest.mean": 28.03679084777832, "lowlevel.melbands_crest.stdev": 8.997099876403809, "lowlevel.melbands_flatness_db.mean": 0.6077914237976074, "lowlevel.melbands_flatness_db.stdev": 0.1741156131029129, "lowlevel.melbands_kurtosis.mean": 934.7029418945312, "lowlevel.melbands_kurtosis.stdev": 2840.03857421875, "lowlevel.melbands_skewness.mean": 11.716075897216797, "lowlevel.melbands_skewness.stdev": 21.74712562561035, "lowlevel.melbands_spread.mean": 6.742433547973633, "lowlevel.melbands_spread.stdev": 20.454368591308594, "lowlevel.pitch_salience.mean": 0.2313375473022461, "lowlevel.pitch_salience.stdev": 0.19960293173789978, "lowlevel.silence_rate_20dB.mean": 0.930475115776062, "lowlevel.silence_rate_20dB.stdev": 0.25434964895248413, "lowlevel.silence_rate_30dB.mean": 0.8389339447021484, "lowlevel.silence_rate_30dB.stdev": 0.3675897717475891, "lowlevel.silence_rate_60dB.mean": 0.23696407675743103, "lowlevel.silence_rate_60dB.stdev": 0.4252203702926636, "lowlevel.spectral_centroid.mean": 672.9979248046875, "lowlevel.spectral_centroid.stdev": 1442.2991943359375, "lowlevel.spectral_complexity.mean": 3.0869061946868896, "lowlevel.spectral_complexity.stdev": 5.1767072677612305, "lowlevel.spectral_decrease.mean": -2.3131978110768614e-08, "lowlevel.spectral_decrease.stdev": 5.7354448301794037e-08, "lowlevel.spectral_energy.mean": 0.08801674097776413, "lowlevel.spectral_energy.stdev": 0.21665947139263153, "lowlevel.spectral_energyband_high.mean": 9.776439583220053e-06, "lowlevel.spectral_energyband_high.stdev": 7.07434955984354e-05, "lowlevel.spectral_energyband_low.mean": 0.030002592131495476, "lowlevel.spectral_energyband_low.stdev": 0.07769839465618134, "lowlevel.spectral_energyband_middle_high.mean": 0.0029987876769155264, "lowlevel.spectral_energyband_middle_high.stdev": 0.009810169227421284, "lowlevel.spectral_energyband_middle_low.mean": 0.011370654217898846, "lowlevel.spectral_energyband_middle_low.stdev": 0.024150483310222626, "lowlevel.spectral_entropy.mean": 4.922503471374512, "lowlevel.spectral_entropy.stdev": 1.4319301843643188, "lowlevel.spectral_flux.mean": 0.09119861572980881, "lowlevel.spectral_flux.stdev": 0.18095068633556366, "lowlevel.spectral_kurtosis.mean": 108.45576477050781, "lowlevel.spectral_kurtosis.stdev": 71.36764526367188, "lowlevel.spectral_rms.mean": 0.005942576564848423, "lowlevel.spectral_rms.stdev": 0.0071102590300142765, "lowlevel.spectral_rolloff.mean": 852.2012329101562, "lowlevel.spectral_rolloff.stdev": 2739.02490234375, "lowlevel.spectral_skewness.mean": 7.843900680541992, "lowlevel.spectral_skewness.stdev": 3.4700815677642822, "lowlevel.spectral_spread.mean": 2498194.5, "lowlevel.spectral_spread.stdev": 5557605.5, "lowlevel.spectral_strongpeak.mean": 1.2809252738952637, "lowlevel.spectral_strongpeak.stdev": 1.4186538457870483, "lowlevel.zerocrossingrate.mean": 0.0342082604765892, "lowlevel.zerocrossingrate.stdev": 0.08475356549024582, "metadata.audio_properties.analysis.equal_loudness": 0.0, "metadata.audio_properties.analysis.length": 40.04265213012695, "metadata.audio_properties.analysis.sample_rate": 44100.0, "metadata.audio_properties.analysis.start_time": 0.0, "metadata.audio_properties.bit_rate": 87372.0, "metadata.audio_properties.length": 40.042667388916016, "metadata.audio_properties.lossless": 0.0, "metadata.audio_properties.number_channels": 1.0, "metadata.audio_properties.replay_gain": 1.435953140258789, "metadata.audio_properties.sample_rate": 48000.0, "rhythm.beats_count": 105.0, "rhythm.beats_loudness.mean": 0.05871758982539177, "rhythm.beats_loudness.stdev": 0.10771385580301285, "rhythm.bpm": 164.64450073242188, "rhythm.bpm_histogram_first_peak_bpm": 167.0, "rhythm.bpm_histogram_first_peak_weight": 0.0, "rhythm.bpm_histogram_second_peak_bpm": 161.0, "rhythm.bpm_histogram_second_peak_spread": 0.4166666865348816, "rhythm.bpm_histogram_second_peak_weight": 0.20192307233810425, "rhythm.danceability": 1.0132704973220825, "rhythm.onset_rate": 2.1470789909362793, "tonal.chords_changes_rate": 0.06712962687015533, "tonal.chords_number_rate": 0.011574073694646358, "tonal.chords_strength.mean": 0.41191017627716064, "tonal.chords_strength.stdev": 0.07145777344703674, "tonal.hpcp_crest.mean": 20.731843948364258, "tonal.hpcp_crest.stdev": 10.220572471618652, "tonal.hpcp_entropy.mean": 1.1146594285964966, "tonal.hpcp_entropy.stdev": 0.8726593255996704, "tonal.key_edma.strength": 0.5495119094848633, "tonal.key_krumhansl.strength": 0.5353546142578125, "tonal.key_temperley.strength": 0.5517012476921082, "tonal.tuning_diatonic_strength": 0.34848931431770325, "tonal.tuning_equal_tempered_deviation": 0.06606259942054749, "tonal.tuning_frequency": 440.76312255859375, "tonal.tuning_nontempered_energy_ratio": 0.6940411329269409, "lowlevel.barkbands.mean": [0.07009968906641006, 0.0033710089046508074, 0.0003112648846581578, 0.0002097938267979771, 0.005263722967356443, 0.0013458810281008482, 0.0017630073707550764, 0.001211605966091156, 0.0013059478951618075, 0.002465967321768403, 0.00015365170838776976, 0.00021565135102719069, 0.00013407308142632246, 7.704377640038729e-05, 3.730291427928023e-05, 1.410790082445601e-05, 1.2604992662090808e-05, 7.666772944503464e-06, 5.145253453520127e-06, 3.018399638676783e-06, 2.0614720597222913e-06, 1.444743588763231e-06, 1.2933419384353328e-06, 1.509370349594974e-06, 1.3594719803222688e-06, 5.810686047880154e-07, 2.6299238342630815e-08], "lowlevel.barkbands.stdev": [0.2129700928926468, 0.014276102185249329, 0.0029372998978942633, 0.0020865132100880146, 0.012664970941841602, 0.009756325744092464, 0.007191967219114304, 0.004383031278848648, 0.004047004040330648, 0.008879536762833595, 0.0010549690341576934, 0.0014331156853586435, 0.0005809481954202056, 0.0003269952139817178, 0.00021082913735881448, 0.00010858053428819403, 7.482183718821034e-05, 6.42524246359244e-05, 3.564962389646098e-05, 2.4643544747959822e-05, 1.6212754417210817e-05, 1.0985871085722465e-05, 9.460198270971887e-06, 1.1017296856152825e-05, 9.579356628819369e-06, 4.506206551013747e-06, 4.397703321501467e-07], "lowlevel.erbbands.mean": [0.4396671950817108, 0.23608645796775818, 0.36995816230773926, 0.7279940247535706, 8.675504684448242, 21.75782585144043, 7.094839572906494, 16.111257553100586, 32.7021484375, 9.2356538772583, 31.957767486572266, 32.092769622802734, 49.44057846069336, 61.863975524902344, 9.787638664245605, 7.947901725769043, 6.997503757476807, 3.2411112785339355, 3.694044351577759, 1.2425780296325684, 0.7260409593582153, 0.7114366888999939, 0.47046390175819397, 0.30498504638671875, 0.22101210057735443, 0.14390146732330322, 0.09938877820968628, 0.07189248502254486, 0.05206401273608208, 0.04841389134526253, 0.03539099916815758, 0.02835589274764061, 0.027524109929800034, 0.01733660139143467, 0.008832452818751335, 0.0033062011934816837, 0.0009521120809949934, 0.00010638941603247076, 4.2707175452960655e-05, 9.540870087221265e-05], "lowlevel.erbbands.stdev": [1.109728455543518, 2.576946496963501, 4.1164937019348145, 5.2364020347595215, 20.822509765625, 52.46220397949219, 43.43857192993164, 105.05818939208984, 132.80856323242188, 32.2641487121582, 100.84456634521484, 89.68914794921875, 170.70291137695312, 243.0562744140625, 51.888633728027344, 49.02980422973633, 30.08794403076172, 16.670969009399414, 14.71895980834961, 8.117316246032715, 4.967206954956055, 4.438404560089111, 3.701359272003174, 2.3265421390533447, 1.6167478561401367, 1.1679192781448364, 0.8202601671218872, 0.5486040711402893, 0.39182013273239136, 0.3594343364238739, 0.2645754814147949, 0.2110341340303421, 0.2054992914199829, 0.12584051489830017, 0.06188914552330971, 0.024678897112607956, 0.007837701588869095, 0.0011767857940867543, 0.00010906789975706488, 0.0002326424146303907], "lowlevel.gfcc.mean": [-340.8366394042969, 172.99462890625, -75.36935424804688, -41.30526351928711, -30.71082878112793, -13.399185180664062, -16.033485412597656, -6.380669116973877, -12.286524772644043, -14.561816215515137, -11.889310836791992, -13.019433975219727, 2.247032880783081], "lowlevel.melbands.mean": [0.0061172666028141975, 0.00020388506527524441, 0.00026671524392440915, 0.001359136076644063, 0.00032668322091922164, 0.00037097602034918964, 0.0004298003332223743, 0.00011857368372147903, 0.00026537777739576995, 0.00018512723909225315, 0.0002620014420244843, 0.00028701324481517076, 2.5888015443342738e-05, 2.4290382498293184e-05, 1.9493772924761288e-05, 1.0146080967388116e-05, 5.879990112589439e-06, 6.768183993699495e-06, 2.36727760238864e-06, 1.0947098871838534e-06, 7.967738611114328e-07, 7.50533160953637e-07, 5.702839303012297e-07, 3.337218856813706e-07, 2.3628551559795596e-07, 1.938904432563504e-07, 1.166866283597301e-07, 8.920027028125332e-08, 6.706781618959212e-08, 4.920345375580837e-08, 3.792761660292854e-08, 2.849458979881092e-08, 2.8553611031156834e-08, 2.594634729291556e-08, 2.053953096492478e-08, 1.7930352314010634e-08, 1.636130697590943e-08, 2.0037369097281044e-08, 1.687331163680028e-08, 1.3514991792362707e-08], "lowlevel.melbands.stdev": [0.01575891487300396, 0.002530134981498122, 0.00106296397279948, 0.003164018504321575, 0.0015702066011726856, 0.002202988602221012, 0.001742875436320901, 0.0004877735336776823, 0.0007634382927790284, 0.0005478839739225805, 0.0009404686861671507, 0.001119848806411028, 0.00015934144903440028, 0.00016073005099315196, 0.00010638959793141112, 4.6106237277854234e-05, 2.9565777367679402e-05, 2.5810635634115897e-05, 1.4479142919299193e-05, 8.827687452139799e-06, 5.2169611990393605e-06, 4.644954969990067e-06, 3.9192623262351844e-06, 3.0595051612181123e-06, 1.7715169633447658e-06, 1.3656257351613021e-06, 9.115511829804746e-07, 7.348568260567845e-07, 5.851474611517915e-07, 3.822284213583771e-07, 2.89055009261574e-07, 2.1332736821477738e-07, 2.2651904885151453e-07, 1.888133454031049e-07, 1.5118597218588548e-07, 1.420483073388823e-07, 1.229277870606893e-07, 1.527580621996094e-07, 1.275708569892231e-07, 9.914441534419893e-08], "lowlevel.melbands128.mean": [0.026209242641925812, 0.005941344425082207, 0.00086977519094944, 0.00028573357849381864, 0.00020029199367854744, 0.00015054775576572865, 0.00011948816973017529, 0.00010137860226677731, 0.0005619254661723971, 0.0023545355070382357, 0.0011572452494874597, 0.0002939125697594136, 0.00019785473705269396, 0.00015916634583845735, 0.00033293297747150064, 0.0003884943143930286, 0.0007776762940920889, 0.00042344455141574144, 5.4785072279628366e-05, 3.056508649024181e-05, 0.00015586228983011097, 0.0003619864583015442, 0.00023817515466362238, 0.0002130829234374687, 0.0002791504084598273, 9.478788706474006e-05, 0.00018677029584068805, 0.00018404232105240226, 0.00043623344390653074, 0.00047417302266694605, 0.00017595087410882115, 2.2421883841161616e-05, 1.979530497919768e-05, 2.3618587874807417e-05, 3.291216853540391e-05, 2.054108881566208e-05, 1.887605685624294e-05, 1.6271609638351947e-05, 2.601262713142205e-05, 1.4834632565907668e-05, 5.038490598963108e-06, 4.898231054539792e-06, 5.2218715609342325e-06, 5.169959877093788e-06, 1.0854615538846701e-05, 5.734677415603073e-06, 4.999814791517565e-06, 2.0523202692857012e-06, 1.4935715171304764e-06, 1.5360822089860449e-06, 9.756066674526664e-07, 7.606016652061953e-07, 8.764375820646819e-07, 7.157745471886301e-07, 8.155556088240701e-07, 7.621675877089729e-07, 7.060356779220456e-07, 6.907361012054025e-07, 4.96276527428563e-07, 3.6420718174667854e-07, 3.54881819930597e-07, 2.9333781981222273e-07, 2.285374591792788e-07, 2.0793933686036326e-07, 2.669036689439963e-07, 1.8909679511125432e-07, 1.7793207973682001e-07, 1.0940979677798168e-07, 1.0811135808808103e-07, 1.1084297568686452e-07, 8.862929234965122e-08, 7.963102888197682e-08, 8.042515275974438e-08, 6.53585559007297e-08, 4.9458506623523135e-08, 5.104689293489173e-08, 4.87211053723513e-08, 4.426773259069705e-08, 3.8535574731213273e-08, 2.8654346451162382e-08, 2.796516795910975e-08, 2.8747940916673542e-08, 2.8292289400155823e-08, 2.8933429874200556e-08, 2.7553987536066415e-08, 2.9493921971379677e-08, 2.4787727426200945e-08, 2.132806109500507e-08, 1.951458372673187e-08, 2.11589625820352e-08, 1.784852265984682e-08, 1.5745399650768377e-08, 2.0579715709345692e-08, 1.4130665526579378e-08, 1.627816281768446e-08, 1.752781741970466e-08, 2.4184707569929742e-08, 1.8398056411683683e-08, 1.668917448682805e-08, 1.519638459512862e-08, 1.6808758829256476e-08, 1.3488372196945875e-08, 9.512826970592414e-09, 1.2441594421375157e-08, 1.1262644150633605e-08, 8.203657309024948e-09, 6.163004773185321e-09, 6.237326211078198e-09, 6.088775705848093e-09, 3.924049973846877e-09, 5.569003480587753e-09, 3.4723128816693816e-09, 2.784154240487169e-09, 1.8452677164049192e-09, 1.3652901031946385e-09, 9.666160094568e-10, 6.643459116162376e-10, 1.34843247678873e-10, 7.408648694529063e-11, 4.991080118643687e-11, 4.722496005360455e-11, 4.30291080544265e-11, 3.3193739423786894e-11, 2.829839487739072e-11, 3.086538316598997e-11, 2.818572285290255e-11, 2.9394795625359293e-11, 2.7962779661216963e-11], "lowlevel.melbands128.stdev": [0.07072293758392334, 0.014820295386016369, 0.004465094301849604, 0.004520333372056484, 0.0027788293082267046, 0.0013536788756027818, 0.0011151869548484683, 0.0011821785010397434, 0.0015322392573580146, 0.005533609539270401, 0.0028823476750403643, 0.0022176934871822596, 0.0015058305580168962, 0.001368856057524681, 0.0027067577466368675, 0.0027335379272699356, 0.0032533612102270126, 0.0017617790726944804, 0.0003842536243610084, 0.00025343551533296704, 0.0008558103581890464, 0.0014284832868725061, 0.0009177282336167991, 0.0007285692263394594, 0.000981444725766778, 0.00048482397687621415, 0.0010262108407914639, 0.000889082089997828, 0.002314916579052806, 0.0020617851987481117, 0.0008503457065671682, 0.00016099103959277272, 0.00015211084973998368, 0.0001755421981215477, 0.00024420718546025455, 0.0001355460553895682, 0.00012767608859576285, 0.0001367888762615621, 0.00010034789011115208, 5.5111358960857615e-05, 3.9865255530457944e-05, 3.87762593163643e-05, 3.180552812409587e-05, 2.7970403607469052e-05, 4.2309049604227766e-05, 2.5096553144976497e-05, 2.486752600816544e-05, 1.6468098692712374e-05, 1.1190322766196914e-05, 1.0993094292643946e-05, 9.982361007132567e-06, 7.091210591170238e-06, 5.8432688092580065e-06, 5.568826509261271e-06, 4.40560052084038e-06, 5.3828293857804965e-06, 4.754830115416553e-06, 4.597399765771115e-06, 3.946962351619732e-06, 3.494480552035384e-06, 3.532037226250395e-06, 2.768469812508556e-06, 1.969526010725531e-06, 1.6033436622819863e-06, 1.75281547853956e-06, 1.3172467561162193e-06, 1.5748843225082965e-06, 8.171135732482071e-07, 9.233851869794307e-07, 1.024133553073625e-06, 7.287979428838298e-07, 6.489969450740318e-07, 7.616895913997723e-07, 5.99414477164828e-07, 4.5171836404733767e-07, 4.2075322426171624e-07, 3.9244631011570164e-07, 3.7991335943843296e-07, 3.059087418932904e-07, 2.1512187231564894e-07, 2.1506846792362921e-07, 2.25879631443604e-07, 2.2785592079799244e-07, 2.50417429015215e-07, 2.2062768323394266e-07, 2.3797774417744222e-07, 1.8711669724780222e-07, 1.5656938501251716e-07, 1.5185825930075225e-07, 1.813802725791902e-07, 1.5719430734861817e-07, 1.3323877112725313e-07, 1.5850187651267333e-07, 1.0993974086659364e-07, 1.285823145735776e-07, 1.405396403697523e-07, 1.996483547372918e-07, 1.4948300020023453e-07, 1.311422579419741e-07, 1.2291781104067923e-07, 1.257736101933915e-07, 1.0484207280114788e-07, 7.957441994221881e-08, 9.08658321918665e-08, 8.463406686587405e-08, 6.852240375110341e-08, 5.170639738594218e-08, 5.056630669741935e-08, 5.382705126066867e-08, 3.1821986823388215e-08, 5.3435591951256356e-08, 3.366172052210459e-08, 2.406523336162536e-08, 1.7371158733681114e-08, 1.4007278892336217e-08, 1.3135939447295186e-08, 1.3190713410438093e-08, 2.7277773373413083e-09, 1.3675106602661913e-09, 5.619226195463511e-10, 5.164811911484435e-10, 4.3686043671442576e-10, 2.2040502756226488e-10, 1.4663995018260323e-10, 2.378804098146503e-10, 2.245241215170779e-10, 2.854629033155476e-10, 2.66120098180167e-10], "lowlevel.mfcc.mean": [-994.6051025390625, 208.8140411376953, 23.92953872680664, -3.2899575233459473, 1.632849097251892, -4.6370930671691895, -1.7080633640289307, 0.611068069934845, 1.4372321367263794, 3.1459319591522217, -2.5120160579681396, -10.622505187988281, -13.008204460144043], "lowlevel.spectral_contrast_coeffs.mean": [-0.6731043457984924, -0.710348904132843, -0.6910828351974487, -0.7752241492271423, -0.8283030986785889, -0.8771607279777527], "lowlevel.spectral_contrast_coeffs.stdev": [0.19075316190719604, 0.1714545339345932, 0.15247897803783417, 0.10733252018690109, 0.07568924129009247, 0.04605059698224068], "lowlevel.spectral_contrast_valleys.mean": [-9.650896072387695, -9.526123046875, -10.798325538635254, -11.817218780517578, -12.672621726989746, -14.808775901794434], "lowlevel.spectral_contrast_valleys.stdev": [2.7702882289886475, 2.8822033405303955, 2.755166530609131, 2.579097270965576, 2.30812931060791, 1.995378017425537], "rhythm.beats_loudness_band_ratio.mean": [0.3040769398212433, 0.23426105082035065, 0.3863077461719513, 0.14465002715587616, 0.004546991549432278, 0.002069630892947316], "rhythm.beats_loudness_band_ratio.stdev": [0.4127815365791321, 0.31315281987190247, 0.4533349871635437, 0.25763681530952454, 0.008083357475697994, 0.014806662686169147], "tonal.hpcp.mean": [0.2845393717288971, 0.1611739993095398, 0.008930486626923084, 0.004749996587634087, 0.004151998553425074, 0.003943983931094408, 0.0033446564339101315, 0.002618673024699092, 0.0028948900289833546, 0.006257231812924147, 0.017824633046984673, 0.03479906916618347, 0.039477020502090454, 0.020316727459430695, 0.03859679400920868, 0.07709663361310959, 0.04304717108607292, 0.004311772994697094, 0.009335900656878948, 0.01151459850370884, 0.057465195655822754, 0.10341686755418777, 0.12344950437545776, 0.23873135447502136, 0.17953599989414215, 0.03240271285176277, 0.049840185791254044, 0.06160430610179901, 0.03541209176182747, 0.03340199589729309, 0.08011831343173981, 0.06353109329938889, 0.11125844717025757, 0.1965472251176834, 0.0978328138589859, 0.13063694536685944], "tonal.hpcp.stdev": [0.4164724051952362, 0.2309589385986328, 0.0558127723634243, 0.04153570532798767, 0.04524439945816994, 0.03971841186285019, 0.029148869216442108, 0.017322935163974762, 0.018654629588127136, 0.05235278606414795, 0.10734766721725464, 0.1423555165529251, 0.17644990980625153, 0.0959663838148117, 0.12870723009109497, 0.25309041142463684, 0.13934426009655, 0.03926222398877144, 0.06471145898103714, 0.07584143429994583, 0.15049737691879272, 0.2813878059387207, 0.17340213060379028, 0.41938892006874084, 0.3026111125946045, 0.1569049209356308, 0.1755717247724533, 0.212646946310997, 0.13370229303836823, 0.12481848895549774, 0.2546254098415375, 0.20097404718399048, 0.20141805708408356, 0.38335591554641724, 0.19365055859088898, 0.20100755989551544], "rhythm.beats_position": [0.3599092960357666, 0.7314285635948181, 1.09133780002594, 1.4396371841430664, 1.7763265371322632, 2.1246259212493896, 2.4729251861572266, 2.832834482192993, 3.21596360206604, 3.599092960357666, 3.982222080230713, 4.36535120010376, 4.713650703430176, 5.061950206756592, 5.41024923324585, 5.746938705444336, 6.199728012084961, 6.652516841888428, 7.105306148529053, 7.569705009460449, 8.022494316101074, 8.4752836227417, 8.928071975708008, 9.392471313476562, 9.856870651245117, 10.309659957885742, 10.750839233398438, 11.192017555236816, 11.633196830749512, 12.027935981750488, 12.411065101623535, 12.805805206298828, 13.235373497009277, 13.664942741394043, 14.036462783813477, 14.419591903686523, 14.779500961303711, 15.139410018920898, 15.510929107666016, 15.88244915008545, 16.26557731628418, 16.648706436157227, 17.031835556030273, 17.414966583251953, 17.80970573425293, 18.192834854125977, 18.575963973999023, 18.94748306274414, 19.307392120361328, 19.678911209106445, 20.027210235595703, 20.38711929321289, 20.747028350830078, 21.1069393157959, 21.478458404541016, 21.849977493286133, 22.22149658203125, 22.593015670776367, 22.976144790649414, 23.35927391052246, 23.730792999267578, 24.102312088012695, 24.473831176757812, 24.833740234375, 25.19365119934082, 25.565170288085938, 25.925079345703125, 26.284988403320312, 26.65650749206543, 27.004806518554688, 27.364715576171875, 27.724624633789062, 28.09614372253418, 28.46766471862793, 28.839183807373047, 29.210702896118164, 29.59383201599121, 29.965351104736328, 30.336870193481445, 30.696779251098633, 31.05668830871582, 31.416597366333008, 31.776506423950195, 32.136417388916016, 32.48471450805664, 32.83301544189453, 33.19292449951172, 33.552833557128906, 33.912742614746094, 34.27265167236328, 34.63256072998047, 34.992469787597656, 35.352378845214844, 35.71228790283203, 36.072200775146484, 36.43210983276367, 36.79201889038086, 37.15192794799805, 37.50022506713867, 37.84852600097656, 38.19682312011719, 38.54512405395508, 38.89342498779297, 39.241722106933594, 39.60163116455078], "rhythm.bpm_histogram": [0.0, 0.0, 0.0, 0.0, 0.0, 0.0, 0.0, 0.0, 0.0, 0.0, 0.0, 0.0, 0.0, 0.0, 0.0, 0.0, 0.0, 0.0, 0.0, 0.0, 0.0, 0.0, 0.0, 0.0, 0.0, 0.0, 0.0, 0.0, 0.0, 0.0, 0.0, 0.0, 0.0, 0.0, 0.0, 0.0, 0.0, 0.0, 0.0, 0.0, 0.0, 0.0, 0.0, 0.0, 0.0, 0.0, 0.0, 0.0, 0.0, 0.0, 0.0, 0.0, 0.0, 0.0, 0.0, 0.0, 0.0, 0.0, 0.0, 0.0, 0.0, 0.0, 0.0, 0.0, 0.0, 0.0, 0.0, 0.0, 0.0, 0.0, 0.0, 0.0, 0.0, 0.0, 0.0, 0.0, 0.0, 0.0, 0.0, 0.0, 0.0, 0.0, 0.0, 0.0, 0.0, 0.0, 0.0, 0.0, 0.0, 0.0, 0.0, 0.0, 0.0, 0.0, 0.0, 0.0, 0.0, 0.0, 0.0, 0.0, 0.0, 0.0, 0.0, 0.0, 0.0, 0.0, 0.0, 0.0, 0.0, 0.0, 0.0, 0.0, 0.0, 0.0, 0.0, 0.0, 0.0, 0.0, 0.0, 0.0, 0.0, 0.0, 0.0, 0.0, 0.0, 0.0, 0.0, 0.0, 0.0, 0.028846153989434242, 0.0, 0.0, 0.0, 0.06730769574642181, 0.0, 0.0, 0.028846153989434242, 0.0, 0.0, 0.0, 0.01923076994717121, 0.0, 0.0, 0.0, 0.0, 0.0, 0.0, 0.0, 0.0, 0.0, 0.0, 0.0, 0.028846153989434242, 0.0, 0.0, 0.0, 0.0, 0.14423076808452606, 0.0, 0.0, 0.0, 0.20192307233810425, 0.0, 0.0, 0.0, 0.0, 0.0, 0.3076923191547394, 0.0, 0.0, 0.0, 0.0, 0.1538461595773697, 0.0, 0.0, 0.0, 0.0, 0.0, 0.01923076994717121, 0.0, 0.0, 0.0, 0.0, 0.0, 0.0, 0.0, 0.0, 0.0, 0.0, 0.0, 0.0, 0.0, 0.0, 0.0, 0.0, 0.0, 0.0, 0.0, 0.0, 0.0, 0.0, 0.0, 0.0, 0.0, 0.0, 0.0, 0.0, 0.0, 0.0, 0.0, 0.0, 0.0, 0.0, 0.0, 0.0, 0.0, 0.0, 0.0, 0.0, 0.0, 0.0, 0.0, 0.0, 0.0, 0.0, 0.0, 0.0, 0.0, 0.0, 0.0, 0.0, 0.0, 0.0, 0.0, 0.0, 0.0, 0.0, 0.0, 0.0, 0.0, 0.0, 0.0, 0.0, 0.0, 0.0, 0.0, 0.0, 0.0, 0.0, 0.0], "tonal.chords_histogram": [16.898147583007812, 9.375, 2.5462963581085205, 0.0, 0.0, 24.65277862548828, 3.472222328186035, 18.981481552124023, 8.101851463317871, 0.0, 0.23148147761821747, 0.0, 0.0, 0.0, 0.0, 0.0, 0.0, 7.754629611968994, 0.0, 0.0, 0.0, 0.0, 3.3564815521240234, 4.629629611968994], "tonal.thpcp": [1.0, 0.5664383172988892, 0.031385768204927444, 0.016693634912371635, 0.014592000283300877, 0.013860942795872688, 0.011754634790122509, 0.009203201159834862, 0.010173952206969261, 0.021990742534399033, 0.06264381855726242, 0.1222996637225151, 0.13874009251594543, 0.0714021623134613, 0.13564658164978027, 0.270952433347702, 0.1512872278690338, 0.015153519809246063, 0.032810576260089874, 0.040467504411935806, 0.20195868611335754, 0.36345362663269043, 0.43385738134384155, 0.8390099406242371, 0.6309706568717957, 0.1138777807354927, 0.1751609444618225, 0.21650537848472595, 0.12445410341024399, 0.11738971620798111, 0.28157198429107666, 0.2232769876718521, 0.3910124897956848, 0.6907557845115662, 0.3438287377357483, 0.4591172933578491], "lowlevel.gfcc.cov": [[33861.12890625, 6967.8330078125, -4803.943359375, -2344.66259765625, -400.6053161621094, -1213.8594970703125, -661.4956665039062, -581.9202270507812, -690.391357421875, -1000.695068359375, -464.52496337890625, -750.6051025390625, 308.5661926269531], [6967.8330078125, 3234.959716796875, -2017.2144775390625, -1914.0272216796875, -272.49566650390625, -905.34375, -480.9259338378906, -674.561767578125, -549.8840942382812, -839.0888671875, -523.2593994140625, -528.0814208984375, 90.49430847167969], [-4803.943359375, -2017.2144775390625, 4237.728515625, 2071.6484375, 96.54841613769531, 672.2496337890625, 371.9510803222656, 337.0733337402344, 651.0078735351562, 717.8729248046875, 885.2686157226562, 882.44189453125, 332.69970703125], [-2344.66259765625, -1914.0272216796875, 2071.6484375, 1953.7144775390625, 333.9951477050781, 755.7958984375, 434.87957763671875, 426.982666015625, 305.32830810546875, 454.8365173339844, 371.2277526855469, 461.60015869140625, 149.80303955078125], [-400.6053161621094, -272.49566650390625, 96.54841613769531, 333.9951477050781, 517.758544921875, 164.49105834960938, 265.1839904785156, 168.56065368652344, 65.5648422241211, -60.30763244628906, -108.51668548583984, -135.0348358154297, 27.403892517089844], [-1213.8594970703125, -905.34375, 672.2496337890625, 755.7958984375, 164.49105834960938, 528.1015014648438, 209.2930908203125, 213.9355010986328, 63.75879669189453, 151.05043029785156, 38.58485794067383, 131.08950805664062, 35.54640197753906], [-661.4956665039062, -480.9259338378906, 371.9510803222656, 434.87957763671875, 265.1839904785156, 209.2930908203125, 378.04095458984375, 253.76531982421875, 191.1217498779297, 124.84154510498047, 32.55353546142578, -47.149967193603516, 10.793478965759277], [-581.9202270507812, -674.561767578125, 337.0733337402344, 426.982666015625, 168.56065368652344, 213.9355010986328, 253.76531982421875, 416.2107238769531, 403.4530944824219, 411.395263671875, 243.50732421875, 48.01210021972656, -124.43922424316406], [-690.391357421875, -549.8840942382812, 651.0078735351562, 305.32830810546875, 65.5648422241211, 63.75879669189453, 191.1217498779297, 403.4530944824219, 719.325439453125, 686.898193359375, 546.8715209960938, 170.15231323242188, -147.21665954589844], [-1000.695068359375, -839.0888671875, 717.8729248046875, 454.8365173339844, -60.30763244628906, 151.05043029785156, 124.84154510498047, 411.395263671875, 686.898193359375, 859.5179443359375, 670.3781127929688, 289.9627380371094, -178.1401824951172], [-464.52496337890625, -523.2593994140625, 885.2686157226562, 371.2277526855469, -108.51668548583984, 38.58485794067383, 32.55353546142578, 243.50732421875, 546.8715209960938, 670.3781127929688, 666.1203002929688, 368.504638671875, -52.81829071044922], [-750.6051025390625, -528.0814208984375, 882.44189453125, 461.60015869140625, -135.0348358154297, 131.08950805664062, -47.149967193603516, 48.01210021972656, 170.15231323242188, 289.9627380371094, 368.504638671875, 406.53759765625, 101.80583953857422], [308.5661926269531, 90.49430847167969, 332.69970703125, 149.80303955078125, 27.403892517089844, 35.54640197753906, 10.793478965759277, -124.43922424316406, -147.21665954589844, -178.1401824951172, -52.81829071044922, 101.80583953857422, 222.32489013671875]], "lowlevel.gfcc.icov": [[0.0001321751478826627, -0.0005092700012028217, 0.0002265555813210085, -0.00042842081165872514, 0.00018479338905308396, -0.00018939792062155902, 0.00015740341041237116, -0.0005297575262375176, 5.887896259082481e-05, 0.00019360065925866365, -0.00048393727047368884, 0.0001327276258962229, -0.00030480322311632335], [-0.0005092700012028217, 0.0034679214004427195, -0.0005832408205606043, 0.0020205441396683455, -0.0001448471302865073, 0.0007901556673459709, 0.0003345605218783021, 0.002319805324077606, -0.0010405740467831492, 0.0015379574615508318, -0.0010960602667182684, 0.0025576497428119183, -0.000907999521587044], [0.0002265555813210085, -0.0005832408205606043, 0.0014502102276310325, -0.0015521638561040163, 0.0008601506124250591, -0.0008494223584420979, 6.172481516841799e-05, 0.00018106195784639567, -0.001535547897219658, 0.00247452175244689, -0.002857666229829192, 0.0005484161665663123, -0.0010373160475865006], [-0.00042842081165872514, 0.0020205441396683455, -0.0015521638561040163, 0.0044800890609622, -0.0017893679905682802, -0.00037030878593213856, -0.001473726355470717, 0.0006216550245881081, 0.0017257779836654663, -0.002029646188020706, 0.002365916268900037, -0.0022433102130889893, 0.000881291925907135], [0.00018479338905308396, -0.0001448471302865073, 0.0008601506124250591, -0.0017893679905682802, 0.00509651331230998, -0.0010216878727078438, 0.00010979346552630886, -0.0016117118066176772, -0.00220819772221148, 0.004405304789543152, -0.004119578283280134, 0.004744254052639008, -0.002734862267971039], [-0.00018939792062155902, 0.0007901556673459709, -0.0008494223584420979, -0.00037030878593213856, -0.0010216878727078438, 0.0070999301970005035, -0.0007846789667382836, -0.0013717844849452376, 0.0023099605459719896, -0.005253186449408531, 0.006931308191269636, -0.003153192577883601, 0.00013392290566116571], [0.00015740341041237116, 0.0003345605218783021, 6.172481516841799e-05, -0.001473726355470717, 0.00010979346552630886, -0.0007846789667382836, 0.010792293585836887, -0.005631375126540661, -0.0014772334834560752, 0.0018084843177348375, -0.0031286505982279778, 0.008425259031355381, -0.007148453500121832], [-0.0005297575262375176, 0.002319805324077606, 0.00018106195784639567, 0.0006216550245881081, -0.0016117118066176772, -0.0013717844849452376, -0.005631375126540661, 0.01710767112672329, -0.005950882565230131, -0.0017107059247791767, 0.0031276512891054153, -0.0024356625508517027, 0.005915195215493441], [5.887896259082481e-05, -0.0010405740467831492, -0.001535547897219658, 0.0017257779836654663, -0.00220819772221148, 0.0023099605459719896, -0.0014772334834560752, -0.005950882565230131, 0.013533894903957844, -0.008344539441168308, -0.0006118493620306253, -4.200971307000145e-05, 0.0002700923359952867], [0.00019360065925866365, 0.0015379574615508318, 0.00247452175244689, -0.002029646188020706, 0.004405304789543152, -0.005253186449408531, 0.0018084843177348375, -0.0017107059247791767, -0.008344539441168308, 0.02536602132022381, -0.022048383951187134, 0.007731973193585873, 0.0020420767832547426], [-0.00048393727047368884, -0.0010960602667182684, -0.002857666229829192, 0.002365916268900037, -0.004119578283280134, 0.006931308191269636, -0.0031286505982279778, 0.0031276512891054153, -0.0006118493620306253, -0.022048383951187134, 0.03451792895793915, -0.019482729956507683, 0.004152365494519472], [0.0001327276258962229, 0.0025576497428119183, 0.0005484161665663123, -0.0022433102130889893, 0.004744254052639008, -0.003153192577883601, 0.008425259031355381, -0.0024356625508517027, -4.200971307000145e-05, 0.007731973193585873, -0.019482729956507683, 0.026675527915358543, -0.013063520193099976], [-0.00030480322311632335, -0.000907999521587044, -0.0010373160475865006, 0.000881291925907135, -0.002734862267971039, 0.00013392290566116571, -0.007148453500121832, 0.005915195215493441, 0.0002700923359952867, 0.0020420767832547426, 0.004152365494519472, -0.013063520193099976, 0.01900615356862545]], "lowlevel.mfcc.cov": [[15173.1396484375, 5049.4033203125, -2913.426025390625, -1183.4893798828125, -410.5338134765625, -707.51123046875, -356.8929748535156, -341.8458251953125, -374.547607421875, -276.9742126464844, -522.3170776367188, -742.6146240234375, -798.7413940429688], [5049.4033203125, 3881.277099609375, -895.417236328125, -863.212158203125, -329.0959167480469, -602.412109375, -437.81060791015625, -287.6444396972656, -222.20179748535156, -212.66400146484375, -420.1910095214844, -642.6254272460938, -655.9061889648438], [-2913.426025390625, -895.417236328125, 2215.69873046875, 942.1848754882812, 196.31321716308594, 426.676025390625, 180.46897888183594, 167.0491180419922, 112.62010955810547, -46.529296875, 83.0692138671875, 367.1640625, 588.2037353515625], [-1183.4893798828125, -863.212158203125, 942.1848754882812, 935.083740234375, 309.3033447265625, 373.8126525878906, 325.0767517089844, 256.4116516113281, 239.0867919921875, 181.11473083496094, 237.46112060546875, 381.0728759765625, 454.0762023925781], [-410.5338134765625, -329.0959167480469, 196.31321716308594, 309.3033447265625, 297.9989318847656, 204.7810516357422, 153.7942352294922, 150.34608459472656, 126.88123321533203, 131.17127990722656, 173.8473663330078, 174.4122314453125, 143.875732421875], [-707.51123046875, -602.412109375, 426.676025390625, 373.8126525878906, 204.7810516357422, 329.5719299316406, 244.50425720214844, 171.3992462158203, 141.59461975097656, 88.66508483886719, 62.50861358642578, 67.44603729248047, 108.29939270019531], [-356.8929748535156, -437.81060791015625, 180.46897888183594, 325.0767517089844, 153.7942352294922, 244.50425720214844, 304.5360412597656, 198.5201416015625, 173.87548828125, 136.33531188964844, 29.82078742980957, -41.53560256958008, -24.009422302246094], [-341.8458251953125, -287.6444396972656, 167.0491180419922, 256.4116516113281, 150.34608459472656, 171.3992462158203, 198.5201416015625, 218.286376953125, 190.44784545898438, 121.8425064086914, 21.738096237182617, -64.62358856201172, -46.89986038208008], [-374.547607421875, -222.20179748535156, 112.62010955810547, 239.0867919921875, 126.88123321533203, 141.59461975097656, 173.87548828125, 190.44784545898438, 246.32379150390625, 222.22523498535156, 100.90245819091797, 10.734253883361816, -17.446306228637695], [-276.9742126464844, -212.66400146484375, -46.529296875, 181.11473083496094, 131.17127990722656, 88.66508483886719, 136.33531188964844, 121.8425064086914, 222.22523498535156, 385.5447692871094, 372.8136291503906, 280.05291748046875, 129.931396484375], [-522.3170776367188, -420.1910095214844, 83.0692138671875, 237.46112060546875, 173.8473663330078, 62.50861358642578, 29.82078742980957, 21.738096237182617, 100.90245819091797, 372.8136291503906, 690.1077270507812, 792.6958618164062, 547.0026245117188], [-742.6146240234375, -642.6254272460938, 367.1640625, 381.0728759765625, 174.4122314453125, 67.44603729248047, -41.53560256958008, -64.62358856201172, 10.734253883361816, 280.05291748046875, 792.6958618164062, 1203.0867919921875, 985.4811401367188], [-798.7413940429688, -655.9061889648438, 588.2037353515625, 454.0762023925781, 143.875732421875, 108.29939270019531, -24.009422302246094, -46.89986038208008, -17.446306228637695, 129.931396484375, 547.0026245117188, 985.4811401367188, 948.952880859375]], "lowlevel.mfcc.icov": [[0.00020014408801216632, -0.00030377678922377527, 0.0003701873938553035, -0.0003067984653171152, 0.00037529654218815267, -0.0005788762355223298, 0.00021873979130759835, -0.000626974506303668, 0.0007745473412796855, -0.0003198151825927198, 0.0003661543014459312, -0.00024052555090747774, -4.369627276901156e-05], [-0.00030377678922377527, 0.0008807103149592876, -0.0006318060331977904, 0.0005811918526887894, -0.0010153827024623752, 0.0017260871827602386, -0.00034955464070662856, 0.0013744364259764552, -0.0013555720215663314, 0.0002925732114817947, -0.000365444109775126, 0.0004953554016537964, 0.00011385586549295112], [0.0003701873938553035, -0.0006318060331977904, 0.0019351434893906116, -0.0019639241509139538, 0.0018358624074608088, -0.0030897099059075117, 0.0022923676297068596, -0.0017323135398328304, 0.0016010667895898223, -0.0002436678478261456, 0.0003278216172475368, 0.0001505604450358078, -0.0006207253900356591], [-0.0003067984653171152, 0.0005811918526887894, -0.0019639241509139538, 0.0061317263171076775, -0.003096116241067648, 0.0032460219226777554, -0.0055208937264978886, 0.0026056929491460323, -0.005534856580197811, 0.0029585554730147123, -0.0021366216242313385, 0.0025834545958787203, -0.0034433132968842983], [0.00037529654218815267, -0.0010153827024623752, 0.0018358624074608088, -0.003096116241067648, 0.010964252054691315, -0.008037833496928215, 0.005135621875524521, -0.008741933852434158, 0.005499094724655151, -0.0013687724713236094, -0.0002748693514149636, -0.0023064424749463797, 0.0017526542069390416], [-0.0005788762355223298, 0.0017260871827602386, -0.0030897099059075117, 0.0032460219226777554, -0.008037833496928215, 0.01876027137041092, -0.012871736660599709, 0.008123793639242649, -0.009260999970138073, 0.006549465004354715, -0.004864346235990524, 0.004982556216418743, -0.003216234501451254], [0.00021873979130759835, -0.00034955464070662856, 0.0022923676297068596, -0.0055208937264978886, 0.005135621875524521, -0.012871736660599709, 0.021862437948584557, -0.016264377161860466, 0.01518024131655693, -0.013985592871904373, 0.010695140808820724, -0.007576211355626583, 0.005499889608472586], [-0.000626974506303668, 0.0013744364259764552, -0.0017323135398328304, 0.0026056929491460323, -0.008741933852434158, 0.008123793639242649, -0.016264377161860466, 0.044333383440971375, -0.03955501317977905, 0.02512892335653305, -0.021589122712612152, 0.01769557036459446, -0.0076729911379516125], [0.0007745473412796855, -0.0013555720215663314, 0.0016010667895898223, -0.005534856580197811, 0.005499094724655151, -0.009260999970138073, 0.01518024131655693, -0.03955501317977905, 0.058017440140247345, -0.042494770139455795, 0.03151983767747879, -0.020289156585931778, 0.009809642098844051], [-0.0003198151825927198, 0.0002925732114817947, -0.0002436678478261456, 0.0029585554730147123, -0.0013687724713236094, 0.006549465004354715, -0.013985592871904373, 0.02512892335653305, -0.042494770139455795, 0.04475367069244385, -0.03642665222287178, 0.020236611366271973, -0.007910669781267643], [0.0003661543014459312, -0.000365444109775126, 0.0003278216172475368, -0.0021366216242313385, -0.0002748693514149636, -0.004864346235990524, 0.010695140808820724, -0.021589122712612152, 0.03151983767747879, -0.03642665222287178, 0.044389788061380386, -0.03397419676184654, 0.01593673