{"song_id": "1183698422872690748", "download": "https://cdn.discordapp.com/attachments/1135903449314238464/1183698422872690748/chirp.mp4?ex=65894810&amp", "lyrics": "Ich mag's zu fahren-fahren\nin meinem Wagen Wagen\nmit deinem Damen Damen\nnach Baden-Baden.", "style": ["eurodance"], "essentia_features": {"lowlevel.average_loudness": 0.9883589148521423, "lowlevel.barkbands_crest.mean": 15.707320213317871, "lowlevel.barkbands_crest.stdev": 6.6720709800720215, "lowlevel.barkbands_flatness_db.mean": 0.2000970095396042, "lowlevel.barkbands_flatness_db.stdev": 0.09528309106826782, "lowlevel.barkbands_kurtosis.mean": 54.379878997802734, "lowlevel.barkbands_kurtosis.stdev": 95.60303497314453, "lowlevel.barkbands_skewness.mean": 5.3008012771606445, "lowlevel.barkbands_skewness.stdev": 4.511909484863281, "lowlevel.barkbands_spread.mean": 25.0714111328125, "lowlevel.barkbands_spread.stdev": 24.44574737548828, "lowlevel.dissonance.mean": 0.4766039252281189, "lowlevel.dissonance.stdev": 0.01908942498266697, "lowlevel.dynamic_complexity": 2.6057140827178955, "lowlevel.erbbands_crest.mean": 9.055290222167969, "lowlevel.erbbands_crest.stdev": 4.772400856018066, "lowlevel.erbbands_flatness_db.mean": 0.10124586522579193, "lowlevel.erbbands_flatness_db.stdev": 0.02812548354268074, "lowlevel.erbbands_kurtosis.mean": 0.012928113341331482, "lowlevel.erbbands_kurtosis.stdev": 1.9532781839370728, "lowlevel.erbbands_skewness.mean": 0.415632039308548, "lowlevel.erbbands_skewness.stdev": 0.912367582321167, "lowlevel.erbbands_spread.mean": 89.27446746826172, "lowlevel.erbbands_spread.stdev": 30.8494815826416, "lowlevel.hfc.mean": 21.484647750854492, "lowlevel.hfc.stdev": 19.428686141967773, "lowlevel.loudness_ebu128.integrated": -12.715801239013672, "lowlevel.loudness_ebu128.loudness_range": 0.4568061828613281, "lowlevel.loudness_ebu128.momentary.mean": -12.73520278930664, "lowlevel.loudness_ebu128.momentary.stdev": 0.4086030423641205, "lowlevel.loudness_ebu128.short_term.mean": -12.747136116027832, "lowlevel.loudness_ebu128.short_term.stdev": 0.1558380126953125, "lowlevel.melbands_crest.mean": 20.301280975341797, "lowlevel.melbands_crest.stdev": 6.738000392913818, "lowlevel.melbands_flatness_db.mean": 0.2883012294769287, "lowlevel.melbands_flatness_db.stdev": 0.10880650579929352, "lowlevel.melbands_kurtosis.mean": 179.3009796142578, "lowlevel.melbands_kurtosis.stdev": 207.0630340576172, "lowlevel.melbands_skewness.mean": 9.326642990112305, "lowlevel.melbands_skewness.stdev": 5.08054256439209, "lowlevel.melbands_spread.mean": 13.649727821350098, "lowlevel.melbands_spread.stdev": 22.655588150024414, "lowlevel.pitch_salience.mean": 0.39720168709754944, "lowlevel.pitch_salience.stdev": 0.2298278659582138, "lowlevel.silence_rate_20dB.mean": 1.0, "lowlevel.silence_rate_20dB.stdev": 0.0, "lowlevel.silence_rate_30dB.mean": 0.768482506275177, "lowlevel.silence_rate_30dB.stdev": 0.42180344462394714, "lowlevel.silence_rate_60dB.mean": 0.021400777623057365, "lowlevel.silence_rate_60dB.stdev": 0.14471586048603058, "lowlevel.spectral_centroid.mean": 1075.981201171875, "lowlevel.spectral_centroid.stdev": 750.5574951171875, "lowlevel.spectral_complexity.mean": 8.770427703857422, "lowlevel.spectral_complexity.stdev": 6.179374694824219, "lowlevel.spectral_decrease.mean": -1.4394191616418084e-08, "lowlevel.spectral_decrease.stdev": 1.2855339903694585e-08, "lowlevel.spectral_energy.mean": 0.05627577006816864, "lowlevel.spectral_energy.stdev": 0.048732999712228775, "lowlevel.spectral_energyband_high.mean": 0.0013561862288042903, "lowlevel.spectral_energyband_high.stdev": 0.0015700547955930233, "lowlevel.spectral_energyband_low.mean": 0.045912306755781174, "lowlevel.spectral_energyband_low.stdev": 0.04924847558140755, "lowlevel.spectral_energyband_middle_high.mean": 0.0016557401977479458, "lowlevel.spectral_energyband_middle_high.stdev": 0.0025848206132650375, "lowlevel.spectral_energyband_middle_low.mean": 0.009428340941667557, "lowlevel.spectral_energyband_middle_low.stdev": 0.01983984187245369, "lowlevel.spectral_entropy.mean": 7.846872329711914, "lowlevel.spectral_entropy.stdev": 0.4632017910480499, "lowlevel.spectral_flux.mean": 0.1240866556763649, "lowlevel.spectral_flux.stdev": 0.08463682979345322, "lowlevel.spectral_kurtosis.mean": 1.3173484802246094, "lowlevel.spectral_kurtosis.stdev": 1.1457194089889526, "lowlevel.spectral_rms.mean": 0.006594220642000437, "lowlevel.spectral_rms.stdev": 0.003379277652129531, "lowlevel.spectral_rolloff.mean": 1443.4775390625, "lowlevel.spectral_rolloff.stdev": 2706.560546875, "lowlevel.spectral_skewness.mean": 1.2470990419387817, "lowlevel.spectral_skewness.stdev": 0.31362059712409973, "lowlevel.spectral_spread.mean": 9230385.0, "lowlevel.spectral_spread.stdev": 1594202.25, "lowlevel.spectral_strongpeak.mean": 0.5933787822723389, "lowlevel.spectral_strongpeak.stdev": 0.4219222366809845, "lowlevel.zerocrossingrate.mean": 0.07438024133443832, "lowlevel.zerocrossingrate.stdev": 0.061961352825164795, "metadata.audio_properties.analysis.equal_loudness": 0.0, "metadata.audio_properties.analysis.length": 11.903990745544434, "metadata.audio_properties.analysis.sample_rate": 44100.0, "metadata.audio_properties.analysis.start_time": 0.0, "metadata.audio_properties.bit_rate": 119952.0, "metadata.audio_properties.length": 11.904000282287598, "metadata.audio_properties.lossless": 0.0, "metadata.audio_properties.number_channels": 1.0, "metadata.audio_properties.replay_gain": -12.888317108154297, "metadata.audio_properties.sample_rate": 48000.0, "rhythm.beats_count": 27.0, "rhythm.beats_loudness.mean": 0.08304914832115173, "rhythm.beats_loudness.stdev": 0.01668388769030571, "rhythm.bpm": 139.87086486816406, "rhythm.bpm_histogram_first_peak_bpm": 140.0, "rhythm.bpm_histogram_first_peak_weight": 0.4399999976158142, "rhythm.bpm_histogram_second_peak_bpm": 133.0, "rhythm.bpm_histogram_second_peak_spread": 0.0, "rhythm.bpm_histogram_second_peak_weight": 0.03846153989434242, "rhythm.danceability": 4.340237617492676, "rhythm.onset_rate": 4.612760066986084, "tonal.chords_changes_rate": 0.11240310221910477, "tonal.chords_number_rate": 0.03100775182247162, "tonal.chords_strength.mean": 0.5829417109489441, "tonal.chords_strength.stdev": 0.09399411827325821, "tonal.hpcp_crest.mean": 13.160538673400879, "tonal.hpcp_crest.stdev": 7.119327545166016, "tonal.hpcp_entropy.mean": 2.217538833618164, "tonal.hpcp_entropy.stdev": 0.8600072860717773, "tonal.key_edma.strength": 0.48350661993026733, "tonal.key_krumhansl.strength": 0.4783244729042053, "tonal.key_temperley.strength": 0.4827211797237396, "tonal.tuning_diatonic_strength": 0.6029881834983826, "tonal.tuning_equal_tempered_deviation": 0.27005934715270996, "tonal.tuning_frequency": 445.6270751953125, "tonal.tuning_nontempered_energy_ratio": 0.9308366179466248, "lowlevel.barkbands.mean": [0.0003379187546670437, 0.032050635665655136, 0.01149658765643835, 0.0036854760255664587, 0.004627038724720478, 0.0005064283031970263, 0.00019398744916543365, 0.0001491886650910601, 0.00017648693756200373, 0.0002697219606488943, 0.00023867737036198378, 0.0003904613258782774, 0.00010328934149583802, 5.5136253649834543e-05, 5.129063720232807e-05, 5.309037078404799e-05, 8.133949449984357e-05, 0.00021695041505154222, 0.00019959524797741324, 7.129081495804712e-05, 6.32537849014625e-05, 8.850179438013583e-05, 0.00014403872773982584, 0.0003262438694946468, 0.0004594791680574417, 0.00023393286392092705, 5.75323565499275e-06], "lowlevel.barkbands.stdev": [0.0006233957828953862, 0.04579238221049309, 0.018699293956160545, 0.009298861026763916, 0.012902199290692806, 0.0012533937115222216, 0.00036124218604527414, 0.0005380672519095242, 0.0006851298967376351, 0.0010233736829832196, 0.000533571932464838, 0.0006830130587331951, 0.0002086945460177958, 0.00016489018162246794, 0.00015944377810228616, 0.00014006227138452232, 0.0002270509721711278, 0.00035903448588214815, 0.0006817483226768672, 0.0001098234934033826, 0.00010090501746162772, 0.00011816035839729011, 0.00018939767323900014, 0.00043293964699842036, 0.0005357330082915723, 0.0003286123392172158, 1.532222995592747e-05], "lowlevel.erbbands.mean": [0.7764616012573242, 7.679246425628662, 13.775943756103516, 13.945432662963867, 16.343717575073242, 13.410287857055664, 7.241668224334717, 3.7998602390289307, 3.2440481185913086, 2.9975099563598633, 3.285494804382324, 4.019992828369141, 7.444453239440918, 8.993325233459473, 10.920856475830078, 16.117874145507812, 5.821804523468018, 2.8335962295532227, 3.1028237342834473, 2.5324130058288574, 3.2737784385681152, 5.031940937042236, 10.924989700317383, 13.698776245117188, 6.056186199188232, 3.4235005378723145, 2.5255215167999268, 2.700624704360962, 3.197421073913574, 3.6139280796051025, 4.161981105804443, 5.060168743133545, 6.472085952758789, 5.568267822265625, 2.910264730453491, 1.2941769361495972, 0.36280685663223267, 0.048158176243305206, 0.0010664648143574595, 0.00010433732677483931], "lowlevel.erbbands.stdev": [1.186112403869629, 11.127344131469727, 20.33319854736328, 27.010637283325195, 42.49262619018555, 41.979312896728516, 22.436094284057617, 8.259116172790527, 5.209280967712402, 8.161819458007812, 12.426164627075195, 15.417376518249512, 26.862953186035156, 28.720849990844727, 21.29066276550293, 27.98050880432129, 11.023655891418457, 6.7860283851623535, 10.573050498962402, 6.415103912353516, 8.631279945373535, 12.377986907958984, 19.651704788208008, 41.151206970214844, 15.199626922607422, 5.264339923858643, 4.159161567687988, 4.282017707824707, 4.134519577026367, 4.977615833282471, 5.5110344886779785, 6.597506046295166, 8.853301048278809, 7.015861988067627, 3.4292171001434326, 1.7134116888046265, 0.55921870470047, 0.07757173478603363, 0.001797430799342692, 7.68107856856659e-05], "lowlevel.gfcc.mean": [-7.027607440948486, 44.716514587402344, -50.42486572265625, 49.51905822753906, -45.978050231933594, 40.25929260253906, -33.835147857666016, 25.908998489379883, -41.82854461669922, -0.8471429944038391, -10.131329536437988, 10.569725036621094, -18.860702514648438], "lowlevel.melbands.mean": [0.008252394385635853, 0.008185328915715218, 0.002507927129045129, 0.0010842287447303534, 0.0003189312119502574, 8.65896581672132e-05, 4.787784200743772e-05, 3.274440678069368e-05, 2.662712722667493e-05, 2.558729647716973e-05, 3.743527486221865e-05, 3.583793295547366e-05, 3.2666343031451106e-05, 4.7017052565934137e-05, 2.5790617655729875e-05, 8.282641829282511e-06, 4.83985149912769e-06, 5.139707354828715e-06, 3.644111075118417e-06, 3.4587665140861645e-06, 3.899172497767722e-06, 4.8598908506392036e-06, 7.324826128751738e-06, 1.0842612027772702e-05, 1.1704417374858167e-05, 5.587080067925854e-06, 2.774597533061751e-06, 2.1307705537765287e-06, 1.5605736507495749e-06, 1.544333940728393e-06, 1.5448017620656174e-06, 1.8576668026071275e-06, 1.6715348465368152e-06, 2.192002739320742e-06, 2.356254981350503e-06, 2.3695879463048186e-06, 3.480186705928645e-06, 4.529971192823723e-06, 4.769862243847456e-06, 4.729260581370909e-06], "lowlevel.melbands.stdev": [0.011973111890256405, 0.010017665103077888, 0.004609171766787767, 0.0030343520920723677, 0.0009856460383161902, 0.0001870828855317086, 7.625173020642251e-05, 9.689942089607939e-05, 0.0001034139349940233, 9.843092266237363e-05, 0.00013740530994255096, 0.00012201750359963626, 6.998301250860095e-05, 8.130545757012442e-05, 5.19428685947787e-05, 1.6059093468356878e-05, 1.2804145626432728e-05, 1.8514900148147717e-05, 1.0593320439511444e-05, 9.417879482498392e-06, 1.0925547940132674e-05, 1.401387453370262e-05, 1.3949036656413227e-05, 1.8897868358180858e-05, 3.8829446566523984e-05, 1.975127997866366e-05, 3.65989217243623e-06, 3.770714101847261e-06, 2.8507804472610587e-06, 2.614795448607765e-06, 2.4207154183386592e-06, 2.435991746096988e-06, 2.489095322744106e-06, 3.1580188988300506e-06, 3.3844301015051315e-06, 3.0560770483134547e-06, 4.643158717954066e-06, 6.302449946815614e-06, 6.594709248020081e-06, 5.893925390410004e-06], "lowlevel.melbands128.mean": [0.0002898164966609329, 0.004609905648976564, 0.013147497549653053, 0.012475903145968914, 0.007945612072944641, 0.005442146211862564, 0.0028467029333114624, 0.001708322437480092, 0.001797152915969491, 0.001075412263162434, 0.0006772284978069365, 0.0004795102868229151, 0.00023214600514620543, 0.00010229195322608575, 7.418759923893958e-05, 9.089760715141892e-05, 6.970931281102821e-05, 2.98971172014717e-05, 3.574784568627365e-05, 3.319287861813791e-05, 3.221253427909687e-05, 2.8120855859015137e-05, 2.592862983874511e-05, 2.4766775823081844e-05, 2.4955526896519586e-05, 2.448379382258281e-05, 3.049548286071513e-05, 4.379931851872243e-05, 3.8225211028475314e-05, 3.4048563975375146e-05, 3.8434849557233974e-05, 3.254217153880745e-05, 2.91635406028945e-05, 3.5715827834792435e-05, 3.804481093538925e-05, 6.070345261832699e-05, 4.5573840907309204e-05, 2.438613046251703e-05, 1.3315112482814584e-05, 1.1114949302282184e-05, 6.9002762757008895e-06, 4.695928055298282e-06, 4.684572104451945e-06, 4.768669441546081e-06, 5.515772045328049e-06, 5.433968453871785e-06, 4.501690909819445e-06, 3.853195721603697e-06, 3.149930307699833e-06, 2.994410124301794e-06, 3.6083133636566345e-06, 3.946060587622924e-06, 3.104448524027248e-06, 4.247673132340424e-06, 4.834847914025886e-06, 5.063037860963959e-06, 4.753988378070062e-06, 4.7692669795651454e-06, 8.43296311359154e-06, 1.2134712051192764e-05, 1.0374154044257011e-05, 1.0046317584055942e-05, 1.3654824215336703e-05, 1.2334759048826527e-05, 8.358033483091276e-06, 5.618767772830324e-06, 3.855076101899613e-06, 2.8507172373792855e-06, 2.613041033328045e-06, 2.5972099138016347e-06, 1.9323483684274834e-06, 2.1444473077281145e-06, 1.7794507130020065e-06, 1.3515685850506998e-06, 1.403504029440228e-06, 1.5767677723488305e-06, 1.6097303614515113e-06, 1.5229023802021402e-06, 1.5197610991890542e-06, 1.4615369536841172e-06, 2.092297563649481e-06, 1.9637545847217552e-06, 1.530136501060042e-06, 1.6717017388145905e-06, 1.7089115544877131e-06, 1.9466358480713097e-06, 2.4852486149029573e-06, 2.43888075601717e-06, 2.1999533146299655e-06, 2.4426776690233964e-06, 2.4823291369102662e-06, 2.1653804651577957e-06, 2.4900421067286516e-06, 3.1125782697927207e-06, 4.305112724978244e-06, 5.0138596634496935e-06, 4.167776751273777e-06, 4.518880359682953e-06, 4.763517154060537e-06, 5.1245788199594244e-06, 4.557310148811666e-06, 4.95661834065686e-06, 4.369735506770667e-06, 4.5190627133706585e-06, 2.6887482817983255e-06, 2.59898502008582e-06, 2.8431243208615342e-06, 2.876263351936359e-06, 2.5019403437909205e-06, 1.5121682963581407e-06, 1.4137114021650632e-06, 1.3021578979532933e-06, 1.0979224498441909e-06, 1.0100815188707202e-06, 7.68495397096558e-07, 5.410836934061081e-07, 2.2244579156449618e-07, 3.092735312293371e-08, 5.20127274583615e-09, 1.528738940992369e-11, 9.818980697962054e-12, 8.736887949223338e-12, 8.364647516301282e-12, 8.161638032078145e-12, 7.833668609624755e-12, 7.396063796127894e-12, 7.1457726888435324e-12, 7.074200166629074e-12], "lowlevel.melbands128.stdev": [0.0005563239683397114, 0.007945128716528416, 0.02075083553791046, 0.019524740055203438, 0.012729944661259651, 0.008816161192953587, 0.00616418244317174, 0.004559278022497892, 0.005064590368419886, 0.0036782354582101107, 0.0023073952179402113, 0.0014186750631779432, 0.000766997633036226, 0.00035065150586888194, 0.0001946442644111812, 0.00015735675697214901, 0.00011718229507096112, 6.874661630718037e-05, 8.506560698151588e-05, 9.825626329984516e-05, 0.000115061535325367, 0.00011807398550445214, 0.00010398329322924837, 0.00011113248183391988, 0.00010462806676514447, 0.00010023503273259848, 0.00011696884757839143, 0.0001587930164532736, 0.00016606859571766108, 0.000146718870382756, 0.00011764568625949323, 8.338855695910752e-05, 7.118607027223334e-05, 8.666748180985451e-05, 8.491827611578628e-05, 0.00011764016380766407, 9.000302088679746e-05, 6.923634646227583e-05, 3.104576171608642e-05, 2.4412860511802137e-05, 1.3777250387647655e-05, 1.252230958925793e-05, 1.2482619240472559e-05, 1.3905420019000303e-05, 2.2457170416601002e-05, 2.2752294171368703e-05, 1.6703152141417377e-05, 1.3115994079271331e-05, 9.64808805292705e-06, 8.222381438827142e-06, 1.005204649118241e-05, 1.6237314412137493e-05, 7.553866453235969e-06, 1.4178512174112257e-05, 1.8522618120186962e-05, 1.5317753423005342e-05, 1.4412577911571134e-05, 1.1720871953002643e-05, 1.9081902792095207e-05, 3.0399520255741663e-05, 2.1520523660001345e-05, 1.9364209947525524e-05, 3.845997707685456e-05, 5.384967153077014e-05, 4.132209505769424e-05, 2.3071415853337385e-05, 7.584775630675722e-06, 4.600600732374005e-06, 3.3868304853967857e-06, 4.374003765406087e-06, 3.816071057372028e-06, 5.042578322900226e-06, 4.018547770101577e-06, 2.768136937447707e-06, 2.231251528428402e-06, 2.7115763714391505e-06, 3.278193162259413e-06, 3.0623123166151345e-06, 2.6164329938183073e-06, 2.2013030047673965e-06, 3.1597605811839458e-06, 2.653113597261836e-06, 2.2439087388193e-06, 3.041570380446501e-06, 2.6912005068879807e-06, 2.733912197072641e-06, 4.13565476264921e-06, 4.302073193684919e-06, 3.8389357541745994e-06, 3.5436914913589135e-06, 3.585541435313644e-06, 2.971880576296826e-06, 3.9323913370026276e-06, 5.001323643227806e-06, 5.786590008938219e-06, 6.965421562199481e-06, 6.700861376884859e-06, 7.562113751191646e-06, 7.118809207895538e-06, 7.500089395762188e-06, 6.9345537667686585e-06, 6.405978183465777e-06, 5.310233518684981e-06, 6.004375791235361e-06, 3.9562069105159026e-06, 3.5164803193765692e-06, 3.86682722819387e-06, 4.150672793912236e-06, 3.6040505619894248e-06, 2.2836752577859443e-06, 2.729521611399832e-06, 2.2527917735715164e-06, 1.8762763147606165e-06, 1.7223848089997773e-06, 1.2396020565574872e-06, 9.220098036166746e-07, 5.421936748462031e-07, 1.5881204262768733e-07, 4.701655242911329e-08, 8.382214367053109e-11, 2.946685603855137e-11, 1.897853922627757e-11, 1.8656357708701776e-11, 1.7904216303987752e-11, 1.5073197898174406e-11, 1.1854648339360008e-11, 1.1153983986433857e-11, 1.1081907960730497e-11], "lowlevel.mfcc.mean": [-671.4256591796875, 82.67486572265625, 53.79822540283203, 25.172195434570312, 25.635662078857422, 9.914255142211914, 29.554410934448242, 21.481082916259766, -3.631404161453247, -7.230039596557617, 4.268472194671631, 2.6095316410064697, 3.5363221168518066], "lowlevel.spectral_contrast_coeffs.mean": [-0.6598035097122192, -0.8119264245033264, -0.8111510276794434, -0.8456586003303528, -0.8028984069824219, -0.8205963969230652], "lowlevel.spectral_contrast_coeffs.stdev": [0.09866919368505478, 0.05560104548931122, 0.042916759848594666, 0.03259630873799324, 0.04416472092270851, 0.02315402962267399], "lowlevel.spectral_contrast_valleys.mean": [-6.721287250518799, -7.50639009475708, -7.644779205322266, -8.397446632385254, -7.87480354309082, -9.322486877441406], "lowlevel.spectral_contrast_valleys.stdev": [0.6136256456375122, 0.7163969278335571, 0.6986078023910522, 0.7278943061828613, 0.6012502312660217, 0.6076577305793762], "rhythm.beats_loudness_band_ratio.mean": [0.9402824640274048, 0.12650710344314575, 0.003816811367869377, 0.011465441435575485, 0.00936814397573471, 0.017209893092513084], "rhythm.beats_loudness_band_ratio.stdev": [0.029979221522808075, 0.06795570254325867, 0.0022228779271245003, 0.011424528434872627, 0.009596449322998524, 0.01019880548119545], "tonal.hpcp.mean": [0.09140846133232117, 0.1388445645570755, 0.19559267163276672, 0.17449066042900085, 0.10888200998306274, 0.09737644344568253, 0.09138819575309753, 0.17596563696861267, 0.282326340675354, 0.20050875842571259, 0.07666030526161194, 0.045772675424814224, 0.043738581240177155, 0.04665803909301758, 0.051758404821157455, 0.050445813685655594, 0.048158757388591766, 0.04006398096680641, 0.027306994423270226, 0.020586367696523666, 0.019179999828338623, 0.018937548622488976, 0.030439842492341995, 0.0549672469496727, 0.059207942336797714, 0.05013879016041756, 0.039137162268161774, 0.045081306248903275, 0.08865450322628021, 0.15318433940410614, 0.1672753244638443, 0.11748688668012619, 0.07577252388000488, 0.0581287182867527, 0.04990040138363838, 0.0581505112349987], "tonal.hpcp.stdev": [0.22408421337604523, 0.2854122519493103, 0.3465304672718048, 0.32324355840682983, 0.2430928498506546, 0.2338084876537323, 0.225785031914711, 0.27447161078453064, 0.4086528718471527, 0.3105972111225128, 0.19742274284362793, 0.14500252902507782, 0.1554957777261734, 0.14524118602275848, 0.1496909111738205, 0.14966754615306854, 0.15425264835357666, 0.1490965336561203, 0.10927416384220123, 0.09080265462398529, 0.08370578289031982, 0.09482844918966293, 0.10733277350664139, 0.14619652926921844, 0.16122694313526154, 0.16260069608688354, 0.14811517298221588, 0.1583375185728073, 0.1992979347705841, 0.26559188961982727, 0.30840080976486206, 0.24375882744789124, 0.2073158472776413, 0.17249150574207306, 0.15804757177829742, 0.1791006475687027], "rhythm.beats_position": [0.4760090708732605, 0.9287981986999512, 1.369977355003357, 1.7879364490509033, 2.217505693435669, 2.6470746994018555, 3.076643943786621, 3.5062131881713867, 3.9357821941375732, 4.36535120010376, 4.794920444488525, 5.224489688873291, 5.642448902130127, 6.083628177642822, 6.501587390899658, 6.942766189575195, 7.360725402832031, 7.801904678344727, 8.219863891601562, 8.649433135986328, 9.079002380371094, 9.50857162475586, 9.938140869140625, 10.367709159851074, 10.79727840423584, 11.215237617492676, 11.656416893005371], "rhythm.bpm_histogram": [0.0, 0.0, 0.0, 0.0, 0.0, 0.0, 0.0, 0.0, 0.0, 0.0, 0.0, 0.0, 0.0, 0.0, 0.0, 0.0, 0.0, 0.0, 0.0, 0.0, 0.0, 0.0, 0.0, 0.0, 0.0, 0.0, 0.0, 0.0, 0.0, 0.0, 0.0, 0.0, 0.0, 0.0, 0.0, 0.0, 0.0, 0.0, 0.0, 0.0, 0.0, 0.0, 0.0, 0.0, 0.0, 0.0, 0.0, 0.0, 0.0, 0.0, 0.0, 0.0, 0.0, 0.0, 0.0, 0.0, 0.0, 0.0, 0.0, 0.0, 0.0, 0.0, 0.0, 0.0, 0.0, 0.0, 0.0, 0.0, 0.0, 0.0, 0.0, 0.0, 0.0, 0.0, 0.0, 0.0, 0.0, 0.0, 0.0, 0.0, 0.0, 0.0, 0.0, 0.0, 0.0, 0.0, 0.0, 0.0, 0.0, 0.0, 0.0, 0.0, 0.0, 0.0, 0.0, 0.0, 0.0, 0.0, 0.0, 0.0, 0.0, 0.0, 0.0, 0.0, 0.0, 0.0, 0.0, 0.0, 0.0, 0.0, 0.0, 0.0, 0.0, 0.0, 0.0, 0.0, 0.0, 0.0, 0.0, 0.0, 0.0, 0.0, 0.0, 0.0, 0.0, 0.0, 0.0, 0.0, 0.0, 0.0, 0.0, 0.0, 0.0, 0.03846153989434242, 0.0, 0.0, 0.19230769574642181, 0.0, 0.0, 0.0, 0.5384615659713745, 0.0, 0.0, 0.0, 0.23076923191547394, 0.0, 0.0, 0.0, 0.0, 0.0, 0.0, 0.0, 0.0, 0.0, 0.0, 0.0, 0.0, 0.0, 0.0, 0.0, 0.0, 0.0, 0.0, 0.0, 0.0, 0.0, 0.0, 0.0, 0.0, 0.0, 0.0, 0.0, 0.0, 0.0, 0.0, 0.0, 0.0, 0.0, 0.0, 0.0, 0.0, 0.0, 0.0, 0.0, 0.0, 0.0, 0.0, 0.0, 0.0, 0.0, 0.0, 0.0, 0.0, 0.0, 0.0, 0.0, 0.0, 0.0, 0.0, 0.0, 0.0, 0.0, 0.0, 0.0, 0.0, 0.0, 0.0, 0.0, 0.0, 0.0, 0.0, 0.0, 0.0, 0.0, 0.0, 0.0, 0.0, 0.0, 0.0, 0.0, 0.0, 0.0, 0.0, 0.0, 0.0, 0.0, 0.0, 0.0, 0.0, 0.0, 0.0, 0.0, 0.0, 0.0, 0.0, 0.0, 0.0, 0.0, 0.0, 0.0, 0.0, 0.0, 0.0, 0.0, 0.0, 0.0, 0.0, 0.0, 0.0, 0.0], "tonal.chords_histogram": [0.0, 10.077519416809082, 6.976744174957275, 21.317829132080078, 0.0, 29.069766998291016, 6.201550483703613, 0.0, 0.0, 0.0, 15.503875732421875, 0.0, 2.3255813121795654, 0.0, 0.0, 0.0, 0.0, 0.38759690523147583, 0.0, 8.139534950256348, 0.0, 0.0, 0.0, 0.0], "tonal.thpcp": [1.0, 0.7102020978927612, 0.2715308368206024, 0.1621268391609192, 0.15492206811904907, 0.16526278853416443, 0.1833282858133316, 0.17867909371852875, 0.17057833075523376, 0.14190663397312164, 0.09672138094902039, 0.0729169249534607, 0.06793556362390518, 0.06707680225372314, 0.10781793296337128, 0.19469401240348816, 0.20971454679965973, 0.17759160697460175, 0.13862384855747223, 0.15967799723148346, 0.3140142858028412, 0.5425789952278137, 0.5924892425537109, 0.41613858938217163, 0.2683863043785095, 0.2058919370174408, 0.17674723267555237, 0.20596912503242493, 0.3237687945365906, 0.49178749322891235, 0.6927893161773682, 0.6180459856987, 0.3856601119041443, 0.34490740299224854, 0.323697030544281, 0.6232703328132629], "lowlevel.gfcc.cov": [[2909.29736328125, -455.4306640625, -242.73538208007812, -381.66925048828125, -99.53658294677734, -332.031982421875, -391.80914306640625, -132.84701538085938, -224.56866455078125, -146.1432342529297, -284.57000732421875, -82.11918640136719, -131.21484375], [-455.4306640625, 585.089111328125, 167.529052734375, 80.83219146728516, 28.20030975341797, 35.614505767822266, 144.51171875, -8.262277603149414, 22.939231872558594, -26.261024475097656, 70.38438415527344, -3.768415689468384, 63.543251037597656], [-242.73538208007812, 167.529052734375, 444.08941650390625, 269.4723205566406, 66.55167388916016, 123.10237121582031, 103.25249481201172, 21.788217544555664, 18.980222702026367, 24.248855590820312, 34.80246353149414, -13.712512969970703, 2.181143045425415], [-381.66925048828125, 80.83219146728516, 269.4723205566406, 438.400634765625, 151.1180419921875, 135.77117919921875, 135.48486328125, 103.39672088623047, 93.41261291503906, 43.91809844970703, 74.08710479736328, -48.88425064086914, 26.3133487701416], [-99.53658294677734, 28.20030975341797, 66.55167388916016, 151.1180419921875, 360.65753173828125, 274.919921875, 212.14942932128906, 117.89737701416016, 49.354129791259766, 5.7731828689575195, 114.53192138671875, 20.7009334564209, -50.51362228393555], [-332.031982421875, 35.614505767822266, 123.10237121582031, 135.77117919921875, 274.919921875, 379.76458740234375, 267.138671875, 120.90737915039062, 47.77387619018555, 50.14433288574219, 172.33352661132812, 61.1026611328125, -47.904502868652344], [-391.80914306640625, 144.51171875, 103.25249481201172, 135.48486328125, 212.14942932128906, 267.138671875, 314.3238525390625, 130.45103454589844, 86.64874267578125, 50.09956359863281, 159.32151794433594, 46.056190490722656, 12.047398567199707], [-132.84701538085938, -8.262277603149414, 21.788217544555664, 103.39672088623047, 117.89737701416016, 120.90737915039062, 130.45103454589844, 131.3311309814453, 78.97534942626953, 43.51795959472656, 93.87593078613281, 27.588653564453125, 10.044901847839355], [-224.56866455078125, 22.939231872558594, 18.980222702026367, 93.41261291503906, 49.354129791259766, 47.77387619018555, 86.64874267578125, 78.97534942626953, 162.9935302734375, 89.77561950683594, 67.67497253417969, 14.010974884033203, 63.3876953125], [-146.1432342529297, -26.261024475097656, 24.248855590820312, 43.91809844970703, 5.7731828689575195, 50.14433288574219, 50.09956359863281, 43.51795959472656, 89.77561950683594, 107.5953140258789, 71.58850860595703, 32.90773010253906, 32.88153839111328], [-284.57000732421875, 70.38438415527344, 34.80246353149414, 74.08710479736328, 114.53192138671875, 172.33352661132812, 159.32151794433594, 93.87593078613281, 67.67497253417969, 71.58850860595703, 179.53465270996094, 80.61589813232422, 5.567668437957764], [-82.11918640136719, -3.768415689468384, -13.712512969970703, -48.88425064086914, 20.7009334564209, 61.1026611328125, 46.056190490722656, 27.588653564453125, 14.010974884033203, 32.90773010253906, 80.61589813232422, 93.66937255859375, 6.4657697677612305], [-131.21484375, 63.543251037597656, 2.181143045425415, 26.3133487701416, -50.51362228393555, -47.904502868652344, 12.047398567199707, 10.044901847839355, 63.3876953125, 32.88153839111328, 5.567668437957764, 6.4657697677612305, 94.41423797607422]], "lowlevel.gfcc.icov": [[0.0005774568999186158, 0.0003277061623521149, -0.0003469083458185196, 0.0006723243277519941, -0.00070803432026878, 0.0006937662255950272, 0.0003075929416809231, -0.0005811437149532139, 0.0005548205226659775, -0.0001756554120220244, 3.2187675969908014e-05, 0.0004908258561044931, 5.1562001317506656e-05], [0.0003277061623521149, 0.003952424041926861, -0.0020644892938435078, 0.0015447818441316485, -0.0007278837729245424, 0.002247774740681052, -0.0021387331653386354, 0.002706156112253666, -0.0005644145421683788, 0.003915430046617985, -0.005217549856752157, 0.003288792911916971, -0.0027536656707525253], [-0.0003469083458185196, -0.0020644892938435078, 0.005933559965342283, -0.004915053024888039, 0.0018731014570221305, -0.0026271818205714226, -0.0007539063808508217, 0.0014429325237870216, 0.000729359220713377, -0.002758398652076721, 0.0052059125155210495, -0.004612628370523453, 0.0022317988332360983], [0.0006723243277519941, 0.0015447818441316485, -0.004915053024888039, 0.008499789983034134, -0.0027756972704082727, 0.00149958033580333, 0.0017829167190939188, -0.003529543988406658, -2.4651959392940626e-05, 0.0013111975276842713, -0.005996325518935919, 0.009121610783040524, -0.0036479956470429897], [-0.00070803432026878, -0.0007278837729245424, 0.0018731014570221305, -0.0027756972704082727, 0.009739885106682777, -0.006027187220752239, -0.001336518907919526, -0.0008468989981338382, -0.003998563624918461, 0.004528299905359745, 0.001478038146160543, -0.0016646813601255417, 0.00378409493714571], [0.0006937662255950272, 0.002247774740681052, -0.0026271818205714226, 0.00149958033580333, -0.006027187220752239, 0.01501072570681572, -0.007116660010069609, 0.0011997224064543843, 0.0028234021738171577, -0.0025265419390052557, -0.0051158033311367035, 0.00040755514055490494, 0.0035242652520537376], [0.0003075929416809231, -0.0021387331653386354, -0.0007539063808508217, 0.0017829167190939188, -0.001336518907919526, -0.007116660010069609, 0.014691558666527271, -0.006310760974884033, -0.0005891969194635749, 0.0011272078845649958, -0.002714331727474928, 0.002893012249842286, -0.004176842514425516], [-0.0005811437149532139, 0.002706156112253666, 0.0014429325237870216, -0.003529543988406658, -0.0008468989981338382, 0.0011997224064543843, -0.006310760974884033, 0.02354367822408676, -0.007467837538570166, 0.004746038932353258, -0.006613017991185188, -0.0013600422535091639, 0.0006213627639226615], [0.0005548205226659775, -0.0005644145421683788, 0.000729359220713377, -2.4651959392940626e-05, -0.003998563624918461, 0.0028234021738171577, -0.0005891969194635749, -0.007467837538570166, 0.021740367636084557, -0.01519885752350092, 0.0020016853231936693, 0.0030283357482403517, -0.008324255235493183], [-0.0001756554120220244, 0.003915430046617985, -0.002758398652076721, 0.0013111975276842713, 0.004528299905359745, -0.0025265419390052557, 0.0011272078845649958, 0.004746038932353258, -0.01519885752350092, 0.02983941324055195, -0.012696155346930027, 0.00185210513882339, -0.0022550749126821756], [3.2187675969908014e-05, -0.005217549856752157, 0.0052059125155210495, -0.005996325518935919, 0.001478038146160543, -0.0051158033311367035, -0.002714331727474928, -0.006613017991185188, 0.0020016853231936693, -0.012696155346930027, 0.032148122787475586, -0.020240865647792816, 0.006920360028743744], [0.0004908258561044931, 0.003288792911916971, -0.004612628370523453, 0.009121610783040524, -0.0016646813601255417, 0.00040755514055490494, 0.002893012249842286, -0.0013600422535091639, 0.0030283357482403517, 0.00185210513882339, -0.020240865647792816, 0.03130726143717766, -0.008503842167556286], [5.1562001317506656e-05, -0.0027536656707525253, 0.0022317988332360983, -0.0036479956470429897, 0.00378409493714571, 0.0035242652520537376, -0.004176842514425516, 0.0006213627639226615, -0.008324255235493183, -0.0022550749126821756, 0.006920360028743744, -0.008503842167556286, 0.024309681728482246]], "lowlevel.mfcc.cov": [[2898.074462890625, -238.8440399169922, -385.78875732421875, -216.31541442871094, -34.18039321899414, -320.3409118652344, -293.7687072753906, -228.40785217285156, -123.89696502685547, -113.07379913330078, -138.15489196777344, -246.13296508789062, -281.4791564941406], [-238.8440399169922, 490.4941101074219, 57.10859298706055, -20.56850814819336, -64.13651275634766, 34.87955856323242, 54.03603744506836, 45.11210250854492, -15.041605949401855, -42.11210632324219, -20.95155906677246, -1.6362420320510864, 18.959030151367188], [-385.78875732421875, 57.10859298706055, 436.3415832519531, 204.69192504882812, 20.10432243347168, 82.040771484375, 43.046688079833984, -2.1175241470336914, 36.789493560791016, 20.74990463256836, -9.527198791503906, 45.34754943847656, 63.85013961791992], [-216.31541442871094, -20.56850814819336, 204.69192504882812, 295.4816589355469, 85.45082092285156, 27.523122787475586, 28.547014236450195, 3.00221586227417, 86.9449462890625, 62.641780853271484, 7.501533031463623, 24.477367401123047, 22.255598068237305], [-34.18039321899414, -64.13651275634766, 20.10432243347168, 85.45082092285156, 203.42173767089844, 106.51061248779297, 120.5716552734375, 98.26915740966797, 32.10728073120117, 35.50468826293945, 81.42196655273438, 49.3169059753418, 16.731199264526367], [-320.3409118652344, 34.87955856323242, 82.040771484375, 27.523122787475586, 106.51061248779297, 223.669189453125, 203.8896484375, 138.5599822998047, 34.89012908935547, 42.8778076171875, 104.6078872680664, 91.09648895263672, 63.653419494628906], [-293.7687072753906, 54.03603744506836, 43.046688079833984, 28.547014236450195, 120.5716552734375, 203.8896484375, 338.5873718261719, 227.26332092285156, 25.149545669555664, 29.329124450683594, 148.73472595214844, 121.93889617919922, 68.00962829589844], [-228.40785217285156, 45.11210250854492, -2.1175241470336914, 3.00221586227417, 98.26915740966797, 138.5599822998047, 227.26332092285156, 213.02212524414062, 27.62518310546875, 20.34807586669922, 117.0973129272461, 91.85765075683594, 56.134517669677734], [-123.89696502685547, -15.041605949401855, 36.789493560791016, 86.9449462890625, 32.10728073120117, 34.89012908935547, 25.149545669555664, 27.62518310546875, 125.08709716796875, 75.08094024658203, 24.78875160217285, 35.76936721801758, 20.308622360229492], [-113.07379913330078, -42.11210632324219, 20.74990463256836, 62.641780853271484, 35.50468826293945, 42.8778076171875, 29.329124450683594, 20.34807586669922, 75.08094024658203, 95.715576171875, 50.29872512817383, 38.055816650390625, 28.982135772705078], [-138.15489196777344, -20.95155906677246, -9.527198791503906, 7.501533031463623, 81.42196655273438, 104.6078872680664, 148.73472595214844, 117.0973129272461, 24.78875160217285, 50.29872512817383, 146.93328857421875, 95.27068328857422, 52.968017578125], [-246.13296508789062, -1.6362420320510864, 45.34754943847656, 24.477367401123047, 49.3169059753418, 91.09648895263672, 121.93889617919922, 91.85765075683594, 35.76936721801758, 38.055816650390625, 95.27068328857422, 132.77536010742188, 78.85517120361328], [-281.4791564941406, 18.959030151367188, 63.85013961791992, 22.255598068237305, 16.731199264526367, 63.653419494628906, 68.00962829589844, 56.134517669677734, 20.308622360229492, 28.982135772705078, 52.968017578125, 78.85517120361328, 103.69038391113281]], "lowlevel.mfcc.icov": [[0.0005699285538867116, 0.00012697141210082918, 5.98754377278965e-05, 0.0003787914174608886, -0.00047054007882252336, 0.0006509896484203637, -0.00021943113824818283, 0.0004267436161171645, -7.882745558163151e-05, 0.00017975075752474368, -0.0003332365886308253, 0.0002547931217122823, 0.0009365986916236579], [0.00012697141210082918, 0.002564423019066453, -0.0001537771022412926, -0.00013630991452373564, 0.0013149885926395655, -0.0005908738821744919, -0.0002187646896345541, -0.0009054069523699582, -0.000400566088501364, 0.0013594039482995868, 0.000356315664248541, 0.0006803967407904565, -0.00021703021775465459], [5.98754377278965e-05, -0.0001537771022412926, 0.004928973503410816, -0.003978373948484659, 0.0014816484181210399, -0.0029650263022631407, 0.00021794142958242446, 0.0010810596868395805, 0.0008814933244138956, 0.0015248761046677828, 0.0012842300347983837, -0.0008754692389629781, -0.0017267935909330845], [0.0003787914174608886, -0.00013630991452373564, -0.003978373948484659, 0.0090891532599926, -0.004730258136987686, 0.00435657799243927, -0.00249499618075788, 0.002059584716334939, -0.003671020967885852, -0.002605781890451908, 0.0007596563664264977, 0.0008813142194412649, 0.0005514880758710206], [-0.00047054007882252336, 0.0013149885926395655, 0.0014816484181210399, -0.004730258136987686, 0.010910682380199432, -0.0051316553726792336, 0.001828339183703065, -0.0037239498924463987, 0.0011485125869512558, 0.0011560173006728292, -0.0023428299464285374, 0.00010986410052282736, 0.0013568506110459566], [0.0006509896484203637, -0.0005908738821744919, -0.0029650263022631407, 0.00435657799243927, -0.0051316553726792336, 0.015022235922515392, -0.007008789572864771, 0.0016160871600732207, -0.0013075285824015737, -0.0033356884960085154, -0.0006605321541428566, 0.0006109277601353824, -0.0008445119019597769], [-0.00021943113824818283, -0.0002187646896345541, 0.00021794142958242446, -0.00249499618075788, 0.001828339183703065, -0.007008789572864771, 0.015858741477131844, -0.011774503625929356, 0.0026851107832044363, 0.000982372323051095, -0.0025459914468228817, -0.0030720457434654236, 0.002662224229425192], [0.0004267436161171645, -0.0009054069523699582, 0.0010810596868395805, 0.002059584716334939, -0.0037239498924463987, 0.0016160871600732207, -0.011774503625929356, 0.021705221384763718, -0.005654249340295792, 0.0056269108317792416, -0.005044005811214447, 0.001594661152921617, -0.003304067300632596], [-7.882745558163151e-05, -0.000400566088501364, 0.0008814933244138956, -0.003671020967885852, 0.0011485125869512558, -0.0013075285824015737, 0.0026851107832044363, -0.005654249340295792, 0.01985256001353264, -0.015296847559511662, 0.00635369960218668, -0.005261233076453209, 0.003164333291351795], [0.00017975075752474368, 0.0013594039482995868, 0.0015248761046677828, -0.002605781890451908, 0.0011560173006728292, -0.0033356884960085154, 0.000982372323051095, 0.0056269108317792416, -0.015296847559511662, 0.030198900029063225, -0.011913243681192398, 0.003969064448028803, -0.004347235895693302], [-0.0003332365886308253, 0.000356315664248541, 0.0012842300347983837, 0.0007596563664264977, -0.0023428299464285374, -0.0006605321541428566, -0.0025459914468228817, -0.005044005811214447, 0.00635369960218668, -0.011913243681192398, 0.0243250522762537, -0.010189035907387733, 0.0006685635889880359], [0.0002547931217122823, 0.0006803967407904565, -0.0008754692389629781, 0.0008813142194412649, 0.00010986410052282736, 0.0006109277601353824, -0.0030720457434654236, 0.001594661152921617, -0.005261233076453209, 0.003969064448028803, -0.010189035907387733, 0.02363085187971592, -0.01116896327584982], [0.0009365986916236579, -0.00021703021775465459, -0.0017267935909330845, 0.0005514880758710206, 0.0013568506110459566, -0.0008445119019597769, 0.002662224229425192, -0.003304067300632596, 0.003164333291351795, -0.004347235895693302, 0.0006685635889880359, -0.01116896327584982, 0.02226095087826252]], "metadata.audio_properties.analysis.downmix": "mix", "metadata.audio_properties.codec": "mp3", "metadata.audio_properties.md5_encoded": "cfd01b358e99e95d14edd57e50bb7417", "metadata.tags.file_name": "1183698422872690748.mp3", "metadata.version.essentia": "2.1-beta6-dev", "metadata.version.essentia_git_sha": "v2.1_beta5-1110-g77a6a954", "metadata.version.extractor": "music 2.0", "tonal.chords_key": "F#", "tonal.chords_scale": "minor", "tonal.key_edma.key": "F", "tonal.key_edma.scale": "minor", "tonal.key_krumhansl.key": "F", "tonal.key_krumhansl.scale": "minor", "tonal.key_temperley.key": "C", "tonal.key_temperley.scale": "major", "metadata.tags.encoding": ["Lavf58.45.100"]}, "essentia_models": [{"model_name": "genre_dortmund", "activations": {"alternative": "0.013711947", "blues": "0.00029996622", "electronic": "0.31098244", "folkcountry": "0.00529307", "funksoulrnb": "0.0051178285", "jazz": "0.0063049872", "pop": "0.194679", "raphiphop": "0.028395504", "rock": "0.24386387"}}, {"model_name": "genre_rosamerica", "activations": {"classic": "0.00025011797", "dance": "0.99928087", "hip hop": "0.001113202", "jazz": "0.00078562443", "pop": "0.0004980599", "rhythm and blues": "0.00016701709", "rock": "0.0002701337", "speech": "0.00121605"}}, {"model_name": "genre_tzanetakis", "activations": {"blues": "8.173662e-05", "classic": "0.00015105685", "country": "0.013821633", "disco": "0.08867828", "hip hop": "0.11640092", "jazz": "0.0009529128", "metal": "0.007363742", "pop": "0.0059640124", "reggae": "0.053195488", "rock": "0.00092217553"}}, {"model_name": "genre_electronic", "activations": {"ambient": "0.0028106722", "dnb": "0.08163787", "house": "0.13026291", "techno": "0.126276", "trance": "0.40283236"}}, {"model_name": "mood_acous