{"song_id": "1183698255981326366", "download": "https://cdn.discordapp.com/attachments/1135911532732108921/1183698255981326366/chirp.mp4?ex=658947e8&amp", "lyrics": "[Verse]\nI'm hungry, check the time, it's food o'clock\nGot my appetite ready, stomach's on lock\nI'm on a mission, searching for some flavors\nGonna satisfy this hunger, no time for haters\n\n[Chorus]\nFood, glorious food, ready to devour\nStepping up my game, I won't settle for sour\nBring on the feast, taste buds in a trance\nEating good, living life, taking every chance", "style": ["hip hop"], "essentia_features": {"lowlevel.average_loudness": 0.9824819564819336, "lowlevel.barkbands_crest.mean": 21.074462890625, "lowlevel.barkbands_crest.stdev": 3.9043009281158447, "lowlevel.barkbands_flatness_db.mean": 0.27586010098457336, "lowlevel.barkbands_flatness_db.stdev": 0.07973788678646088, "lowlevel.barkbands_kurtosis.mean": 69.03880310058594, "lowlevel.barkbands_kurtosis.stdev": 145.29591369628906, "lowlevel.barkbands_skewness.mean": 5.75191068649292, "lowlevel.barkbands_skewness.stdev": 4.609655857086182, "lowlevel.barkbands_spread.mean": 13.294008255004883, "lowlevel.barkbands_spread.stdev": 14.033695220947266, "lowlevel.dissonance.mean": 0.4688410460948944, "lowlevel.dissonance.stdev": 0.033416442573070526, "lowlevel.dynamic_complexity": 1.8558382987976074, "lowlevel.erbbands_crest.mean": 10.217591285705566, "lowlevel.erbbands_crest.stdev": 4.472691059112549, "lowlevel.erbbands_flatness_db.mean": 0.1518951654434204, "lowlevel.erbbands_flatness_db.stdev": 0.03812194988131523, "lowlevel.erbbands_kurtosis.mean": 1.5764129161834717, "lowlevel.erbbands_kurtosis.stdev": 4.434564113616943, "lowlevel.erbbands_skewness.mean": 0.03802031651139259, "lowlevel.erbbands_skewness.stdev": 1.2745261192321777, "lowlevel.erbbands_spread.mean": 58.7795295715332, "lowlevel.erbbands_spread.stdev": 38.03110122680664, "lowlevel.hfc.mean": 21.663406372070312, "lowlevel.hfc.stdev": 19.051422119140625, "lowlevel.loudness_ebu128.integrated": -11.967155456542969, "lowlevel.loudness_ebu128.loudness_range": 0.895695686340332, "lowlevel.loudness_ebu128.momentary.mean": -12.217156410217285, "lowlevel.loudness_ebu128.momentary.stdev": 1.4981961250305176, "lowlevel.loudness_ebu128.short_term.mean": -11.929001808166504, "lowlevel.loudness_ebu128.short_term.stdev": 0.2965649366378784, "lowlevel.melbands_crest.mean": 27.38275718688965, "lowlevel.melbands_crest.stdev": 5.974446773529053, "lowlevel.melbands_flatness_db.mean": 0.3638366460800171, "lowlevel.melbands_flatness_db.stdev": 0.09294696152210236, "lowlevel.melbands_kurtosis.mean": 162.6566162109375, "lowlevel.melbands_kurtosis.stdev": 208.697021484375, "lowlevel.melbands_skewness.mean": 8.889334678649902, "lowlevel.melbands_skewness.stdev": 5.573355674743652, "lowlevel.melbands_spread.mean": 7.832720756530762, "lowlevel.melbands_spread.stdev": 9.206560134887695, "lowlevel.pitch_salience.mean": 0.2023726999759674, "lowlevel.pitch_salience.stdev": 0.12044557929039001, "lowlevel.silence_rate_20dB.mean": 0.9928571581840515, "lowlevel.silence_rate_20dB.stdev": 0.08421305567026138, "lowlevel.silence_rate_30dB.mean": 0.7714285850524902, "lowlevel.silence_rate_30dB.stdev": 0.4199132025241852, "lowlevel.silence_rate_60dB.mean": 0.0023809524718672037, "lowlevel.silence_rate_60dB.stdev": 0.0487368144094944, "lowlevel.spectral_centroid.mean": 1537.0079345703125, "lowlevel.spectral_centroid.stdev": 1023.8997192382812, "lowlevel.spectral_complexity.mean": 12.526190757751465, "lowlevel.spectral_complexity.stdev": 11.379143714904785, "lowlevel.spectral_decrease.mean": -2.425117351378958e-08, "lowlevel.spectral_decrease.stdev": 1.7415668907005966e-08, "lowlevel.spectral_energy.mean": 0.09349442273378372, "lowlevel.spectral_energy.stdev": 0.06600556522607803, "lowlevel.spectral_energyband_high.mean": 0.0012226625112816691, "lowlevel.spectral_energyband_high.stdev": 0.00201230077072978, "lowlevel.spectral_energyband_low.mean": 0.0841936469078064, "lowlevel.spectral_energyband_low.stdev": 0.06533010303974152, "lowlevel.spectral_energyband_middle_high.mean": 0.0037455528508871794, "lowlevel.spectral_energyband_middle_high.stdev": 0.005854211747646332, "lowlevel.spectral_energyband_middle_low.mean": 0.00462293578311801, "lowlevel.spectral_energyband_middle_low.stdev": 0.009772549383342266, "lowlevel.spectral_entropy.mean": 7.578252792358398, "lowlevel.spectral_entropy.stdev": 0.5195875763893127, "lowlevel.spectral_flux.mean": 0.11057525873184204, "lowlevel.spectral_flux.stdev": 0.09553755074739456, "lowlevel.spectral_kurtosis.mean": 3.3197429180145264, "lowlevel.spectral_kurtosis.stdev": 2.402784585952759, "lowlevel.spectral_rms.mean": 0.009127499535679817, "lowlevel.spectral_rms.stdev": 0.0028111666906625032, "lowlevel.spectral_rolloff.mean": 349.7069091796875, "lowlevel.spectral_rolloff.stdev": 694.4662475585938, "lowlevel.spectral_skewness.mean": 1.274487853050232, "lowlevel.spectral_skewness.stdev": 0.5387406945228577, "lowlevel.spectral_spread.mean": 5408178.0, "lowlevel.spectral_spread.stdev": 2149729.0, "lowlevel.spectral_strongpeak.mean": 0.6195917129516602, "lowlevel.spectral_strongpeak.stdev": 0.2699526250362396, "lowlevel.zerocrossingrate.mean": 0.02391589991748333, "lowlevel.zerocrossingrate.stdev": 0.01872764341533184, "metadata.audio_properties.analysis.equal_loudness": 0.0, "metadata.audio_properties.analysis.length": 19.477323532104492, "metadata.audio_properties.analysis.sample_rate": 44100.0, "metadata.audio_properties.analysis.start_time": 0.0, "metadata.audio_properties.bit_rate": 120502.0, "metadata.audio_properties.length": 19.477333068847656, "metadata.audio_properties.lossless": 0.0, "metadata.audio_properties.number_channels": 1.0, "metadata.audio_properties.replay_gain": -12.592912673950195, "metadata.audio_properties.sample_rate": 48000.0, "rhythm.beats_count": 31.0, "rhythm.beats_loudness.mean": 0.09785614907741547, "rhythm.beats_loudness.stdev": 0.07023627310991287, "rhythm.bpm": 96.253173828125, "rhythm.bpm_histogram_first_peak_bpm": 96.0, "rhythm.bpm_histogram_first_peak_weight": 0.4074074625968933, "rhythm.bpm_histogram_second_peak_bpm": 101.0, "rhythm.bpm_histogram_second_peak_spread": 0.3333333730697632, "rhythm.bpm_histogram_second_peak_weight": 0.06666667014360428, "rhythm.danceability": 1.4946794509887695, "rhythm.onset_rate": 4.617005825042725, "tonal.chords_changes_rate": 0.08551068603992462, "tonal.chords_number_rate": 0.016627078875899315, "tonal.chords_strength.mean": 0.5388451814651489, "tonal.chords_strength.stdev": 0.10204201191663742, "tonal.hpcp_crest.mean": 12.530056953430176, "tonal.hpcp_crest.stdev": 5.609683036804199, "tonal.hpcp_entropy.mean": 2.191624641418457, "tonal.hpcp_entropy.stdev": 0.8066155910491943, "tonal.key_edma.strength": 0.6032010316848755, "tonal.key_krumhansl.strength": 0.6168841123580933, "tonal.key_temperley.strength": 0.6442974805831909, "tonal.tuning_diatonic_strength": 0.390453040599823, "tonal.tuning_equal_tempered_deviation": 0.31064021587371826, "tonal.tuning_frequency": 434.193115234375, "tonal.tuning_nontempered_energy_ratio": 0.9487194418907166, "lowlevel.barkbands.mean": [0.006734042428433895, 0.0720105841755867, 0.005266736261546612, 0.0010098872007802129, 0.0009736886131577194, 0.0005874327616766095, 0.0008630785159766674, 0.0005893982597626746, 0.0004211581835988909, 0.0005757588660344481, 0.0006215536850504577, 0.0005779641214758158, 0.00033669016556814313, 0.00024736180785112083, 0.00020753762510139495, 0.00026892658206634223, 0.00033452993375249207, 0.00018361565889790654, 0.00031311617931351066, 0.0002899636747315526, 0.0003183524531777948, 0.00025811640080064535, 0.00014192341768648475, 0.00016442193009424955, 0.00013990298612043262, 5.658289592247456e-05, 2.117860276484862e-06], "lowlevel.barkbands.stdev": [0.010216709226369858, 0.055447954684495926, 0.019588423892855644, 0.005919368006289005, 0.0030210416298359632, 0.0012766969157382846, 0.0018357970984652638, 0.0014907430158928037, 0.0009583515347912908, 0.0017158892005681992, 0.0014931346522644162, 0.0014191475929692388, 0.0008925977163016796, 0.0006099935853853822, 0.0006154884467832744, 0.0007974841864779592, 0.0008030502358451486, 0.0004941251827403903, 0.0005509567563422024, 0.0004972150200046599, 0.0006483661709353328, 0.0005356798064894974, 0.00027917601983062923, 0.0003795490483753383, 0.00030352998874150217, 0.00012299463560339063, 9.32066632230999e-06], "lowlevel.erbbands.mean": [2.6249141693115234, 13.643645286560059, 10.448795318603516, 4.373560905456543, 3.5306317806243896, 3.0409257411956787, 2.645954132080078, 5.738382339477539, 12.782368659973145, 10.160700798034668, 14.398097038269043, 9.422161102294922, 16.493494033813477, 17.868911743164062, 27.301088333129883, 21.16551971435547, 15.159798622131348, 13.012801170349121, 12.162025451660156, 11.288028717041016, 16.58439064025879, 19.331546783447266, 10.839521408081055, 12.321406364440918, 17.22948455810547, 13.188497543334961, 13.438405990600586, 11.816271781921387, 9.942193031311035, 6.2144455909729, 3.603003978729248, 2.7490203380584717, 3.2053611278533936, 1.931164264678955, 0.7825246453285217, 0.2870248854160309, 0.09894342720508575, 0.013425045646727085, 0.0003639283240772784, 0.0001155288191512227], "lowlevel.erbbands.stdev": [2.700753927230835, 11.057538032531738, 22.38180160522461, 20.510652542114258, 14.27889347076416, 9.550450325012207, 9.721159934997559, 11.416994094848633, 28.4116268157959, 22.595806121826172, 34.43262481689453, 22.51972198486328, 42.67994689941406, 46.46206283569336, 60.162811279296875, 47.55293273925781, 39.17866897583008, 30.485496520996094, 31.593183517456055, 33.031368255615234, 45.849342346191406, 45.930206298828125, 28.09602928161621, 26.817350387573242, 29.690797805786133, 22.105262756347656, 25.791881561279297, 24.932422637939453, 21.309377670288086, 12.198949813842773, 7.0468621253967285, 5.6785173416137695, 8.065269470214844, 4.447433948516846, 1.6918877363204956, 0.6297174692153931, 0.21984311938285828, 0.03657195717096329, 0.0009751175530254841, 7.647638994967565e-05], "lowlevel.gfcc.mean": [-20.813039779663086, 73.76168060302734, -78.11253356933594, 60.11466598510742, -36.65972137451172, 29.552452087402344, -10.403640747070312, 32.70264434814453, -11.777864456176758, 18.664793014526367, -1.4466673135757446, 7.907940864562988, -3.024878740310669], "lowlevel.melbands.mean": [0.022012092173099518, 0.009505102410912514, 0.0007315257680602372, 0.00023589296324644238, 9.735669300425798e-05, 0.0001361116155749187, 0.000187692217878066, 0.00011012612958438694, 0.00011542322317836806, 5.5295968195423484e-05, 8.406531560467556e-05, 7.1334456151817e-05, 9.211034921463579e-05, 7.125487900339067e-05, 4.230004196870141e-05, 3.050356826861389e-05, 2.338227022846695e-05, 2.0276136638130993e-05, 1.579284253239166e-05, 1.5715082554379478e-05, 1.9815395717159845e-05, 2.0951292754034512e-05, 1.3636014045914635e-05, 7.697418368479703e-06, 9.891570698528085e-06, 1.2712910574919078e-05, 1.1489915777929127e-05, 8.059883839450777e-06, 8.412910574406851e-06, 7.746124538243748e-06, 6.686233064101543e-06, 6.114371444709832e-06, 4.08503774451674e-06, 3.2243540317722363e-06, 2.16445164369361e-06, 1.5515397535637021e-06, 1.7326692614005879e-06, 2.3390218757413095e-06, 1.9951671674789395e-06, 1.5027621884655673e-06], "lowlevel.melbands.stdev": [0.018627405166625977, 0.010779494419693947, 0.0033392547629773617, 0.0007662820862606168, 0.0003489362134132534, 0.0002676484873518348, 0.00039576226845383644, 0.00025481171905994415, 0.0002738759503699839, 0.00013490859419107437, 0.0002275688893860206, 0.00020173375378362834, 0.00021098379511386156, 0.00018591761181596667, 0.00012022724695270881, 7.6028831244912e-05, 5.64589754503686e-05, 5.2521267207339406e-05, 4.8190187953878194e-05, 4.733435343950987e-05, 5.6463868531864136e-05, 5.064212382421829e-05, 3.425278919166885e-05, 2.2565838662558235e-05, 2.2126658222987317e-05, 2.2064748918637633e-05, 2.1871461285627447e-05, 1.450436047889525e-05, 1.6302907170029357e-05, 1.6700154446880333e-05, 1.4771835594729055e-05, 1.3934249182057101e-05, 8.045642061915714e-06, 6.56445763524971e-06, 4.36985010310309e-06, 3.1069516808202025e-06, 3.7379993500508135e-06, 5.928051450609928e-06, 5.041900294600055e-06, 3.436122824496124e-06], "lowlevel.melbands128.mean": [0.006319517735391855, 0.02183699607849121, 0.029821496456861496, 0.0205357875674963, 0.0075820572674274445, 0.0021404819563031197, 0.0008178261341527104, 0.00045185323688201606, 0.00034503196366131306, 0.00024889828637242317, 0.00015276970225386322, 0.00010517540795262903, 8.16971150925383e-05, 8.655967394588515e-05, 0.00010114466567756608, 0.00016770100046414882, 0.00025177968200296164, 0.00018308206927031279, 0.00012832891661673784, 0.00010476945317350328, 9.886549378279597e-05, 0.0001285001344513148, 0.0001348557707387954, 8.455880015389994e-05, 5.045771467848681e-05, 4.360348975751549e-05, 5.664721174980514e-05, 9.475793194724247e-05, 0.00011000806262018159, 5.8999223256250843e-05, 5.721555862692185e-05, 9.009792847791687e-05, 0.00010731006477726623, 7.723024464212358e-05, 9.317578951595351e-05, 6.386353925336152e-05, 4.3865733459824696e-05, 4.9501817557029426e-05, 3.6069293855689466e-05, 2.694913200684823e-05, 3.2946169085334986e-05, 3.0295497708721086e-05, 1.7885251509142108e-05, 2.4271115762530826e-05, 2.525219133531209e-05, 1.6546970073250122e-05, 1.896284447866492e-05, 1.60436120495433e-05, 1.445792440790683e-05, 1.4335388186736964e-05, 1.4140780876914505e-05, 1.8887472833739594e-05, 2.2503121726913378e-05, 1.7834578102338128e-05, 1.895080458780285e-05, 2.4044407837209292e-05, 2.0419478460098617e-05, 1.567054096085485e-05, 1.207714740303345e-05, 7.245881988637848e-06, 6.967184162931517e-06, 8.299224646179937e-06, 8.610509212303441e-06, 1.0686540008464362e-05, 1.1328625987516716e-05, 1.2508595318649895e-05, 1.4516448572976515e-05, 1.2044702998537105e-05, 1.150786192738451e-05, 9.473473255638964e-06, 6.906530870764982e-06, 8.095284101727884e-06, 8.606411938671954e-06, 8.378309757972602e-06, 8.314917067764327e-06, 8.28250813356135e-06, 7.6363712651073e-06, 5.884721758775413e-06, 6.923940418346319e-06, 6.7946161834697705e-06, 6.803240466979332e-06, 5.734153091907501e-06, 4.700079443864524e-06, 3.956537511839997e-06, 3.4660838537092786e-06, 3.4957638490595855e-06, 3.157594392177998e-06, 2.7040241548093036e-06, 2.076615828627837e-06, 1.7954344002646394e-06, 1.7131101230916101e-06, 1.4184677183948224e-06, 1.3984742963657482e-06, 1.6495868067067931e-06, 1.9457995676930295e-06, 2.2907352104084566e-06, 2.4887888230296085e-06, 2.3722850528429262e-06, 1.8991970591741847e-06, 1.8908044694398995e-06, 1.8212605255030212e-06, 1.3850337836629478e-06, 1.22313906558702e-06, 1.0925651849902351e-06, 8.165545750671299e-07, 6.934231464583718e-07, 6.479550052063132e-07, 6.49086700832413e-07, 4.4028084289493563e-07, 3.56455501560049e-07, 3.957320870995318e-07, 3.4044472840832896e-07, 3.526513978613366e-07, 2.6101210437445843e-07, 1.915440890343234e-07, 1.4432032457989408e-07, 7.070871532732781e-08, 2.1146917106307228e-08, 2.803240306548105e-09, 1.239853445605954e-11, 8.711085672241659e-12, 7.892389866648308e-12, 7.666227028191308e-12, 7.535616228238062e-12, 7.39157693385728e-12, 7.230264564145328e-12, 7.133913251800017e-12, 7.089568081902753e-12], "lowlevel.melbands128.stdev": [0.009564700536429882, 0.02703586220741272, 0.026671849191188812, 0.01770002394914627, 0.013454090803861618, 0.008641192689538002, 0.004461526405066252, 0.0025601228699088097, 0.0013731468934565783, 0.0007061978103592992, 0.0005528306937776506, 0.00041179830441251397, 0.00035802272032015026, 0.0003369479672983289, 0.0002664630301296711, 0.00036835356149822474, 0.0006944236229173839, 0.00047018175246194005, 0.00039824386476539075, 0.0003080583119299263, 0.00034526584204286337, 0.00041523121763020754, 0.00039566156920045614, 0.00024387719167862087, 0.00021889859635848552, 0.0001277341798413545, 0.0001761547027854249, 0.00030714183230884373, 0.0004367223591543734, 0.00028670550091192126, 0.00021945618209429085, 0.00029209943022578955, 0.0003045511548407376, 0.0002658958255778998, 0.00032094400376081467, 0.0002083223662339151, 0.00014517270028591156, 0.00018573031411506236, 0.00017253127589356154, 9.14722477318719e-05, 9.393761138198897e-05, 0.0001051635917974636, 5.4002222896087915e-05, 7.031216227915138e-05, 7.416232983814552e-05, 4.979709774488583e-05, 7.520232611568645e-05, 5.224468986853026e-05, 6.0140293498989195e-05, 4.976637501385994e-05, 5.1688271923922e-05, 6.531514372909442e-05, 7.429147808579728e-05, 6.112657865742221e-05, 5.339386916602962e-05, 6.437420233851299e-05, 5.681929178535938e-05, 4.3348012695787475e-05, 3.358696631039493e-05, 2.060987208096776e-05, 2.544654307712335e-05, 2.8700831535388716e-05, 2.2021649783710018e-05, 2.7168036467628554e-05, 2.325866989849601e-05, 2.467293234076351e-05, 2.997398769366555e-05, 2.486880839569494e-05, 2.725353442656342e-05, 1.8689834178076126e-05, 1.4190858564688824e-05, 1.8353492123424076e-05, 1.9234250430599786e-05, 1.735341538733337e-05, 1.943955066963099e-05, 1.9080700440099463e-05, 1.833447822718881e-05, 1.3100220712658484e-05, 1.6914966181502678e-05, 1.723319655866362e-05, 1.7934526113094762e-05, 1.352240997221088e-05, 1.045480075845262e-05, 8.244003765867092e-06, 7.227393325592857e-06, 7.854128853068687e-06, 6.781168394809356e-06, 5.923973731114529e-06, 4.605522008205298e-06, 3.848121195915155e-06, 3.843670128844678e-06, 3.0062969926802907e-06, 3.315631147415843e-06, 3.9661522350797895e-06, 4.364373580756364e-06, 5.699779194401344e-06, 6.863621365482686e-06, 6.868010586913442e-06, 5.209627033764264e-06, 4.861773959419224e-06, 4.390276899357559e-06, 3.37925325766264e-06, 2.9136026569176465e-06, 2.596578497104929e-06, 2.0612176285794703e-06, 1.6568586715948186e-06, 1.4691453316117986e-06, 1.5193237459243392e-06, 1.0902967915171757e-06, 8.902945864974754e-07, 1.0353646757721435e-06, 8.253849159700621e-07, 8.228177534874703e-07, 6.462628334702458e-07, 4.818895149583113e-07, 4.813185228158545e-07, 2.881225213968719e-07, 1.4723208607847482e-07, 3.594904640635832e-08, 8.376584148539479e-11, 2.493370614142787e-11, 1.412036459980115e-11, 1.3825115531551635e-11, 1.3584125144183723e-11, 1.3367237004791033e-11, 1.3182049202198343e-11, 1.305499024856216e-11, 1.2982607176803551e-11], "lowlevel.mfcc.mean": [-675.9761352539062, 102.76988220214844, 26.26804542541504, 45.166351318359375, 14.720165252685547, 14.063079833984375, 24.128192901611328, 16.47939109802246, 17.16077423095703, 12.296866416931152, 12.120845794677734, 15.347217559814453, 17.28755760192871], "lowlevel.spectral_contrast_coeffs.mean": [-0.6860441565513611, -0.7573802471160889, -0.7915225625038147, -0.8103923201560974, -0.7898493409156799, -0.7517107129096985], "lowlevel.spectral_contrast_coeffs.stdev": [0.0732666552066803, 0.08392324298620224, 0.08168576657772064, 0.05646030232310295, 0.0473443940281868, 0.062357522547245026], "lowlevel.spectral_contrast_valleys.mean": [-7.011683940887451, -7.364110946655273, -7.903387069702148, -8.251691818237305, -7.679115295410156, -10.317139625549316], "lowlevel.spectral_contrast_valleys.stdev": [0.7044840455055237, 0.8252472281455994, 0.9449005126953125, 0.9698419570922852, 0.8321604132652283, 1.0475728511810303], "rhythm.beats_loudness_band_ratio.mean": [0.8307062983512878, 0.01928061619400978, 0.03589802607893944, 0.02787252888083458, 0.04350801929831505, 0.05126021429896355], "rhythm.beats_loudness_band_ratio.stdev": [0.1068771630525589, 0.02511192299425602, 0.033360086381435394, 0.03705088794231415, 0.042796991765499115, 0.03682165592908859], "tonal.hpcp.mean": [0.01781429536640644, 0.016417725011706352, 0.014878492802381516, 0.017840750515460968, 0.020935092121362686, 0.021992117166519165, 0.026540610939264297, 0.10661621391773224, 0.14449338614940643, 0.19034811854362488, 0.2479962408542633, 0.13092048466205597, 0.02706856094300747, 0.020421873778104782, 0.019024275243282318, 0.014927834272384644, 0.027388090267777443, 0.04756087809801102, 0.12078401446342468, 0.17113754153251648, 0.08856095373630524, 0.08190766721963882, 0.2543248236179352, 0.2214857041835785, 0.05573749169707298, 0.027589868754148483, 0.023480741307139397, 0.023326514288783073, 0.025669444352388382, 0.01972167007625103, 0.009497689083218575, 0.011229844763875008, 0.015686605125665665, 0.021091515198349953, 0.02037949301302433, 0.015723923221230507], "tonal.hpcp.stdev": [0.09514136612415314, 0.09583385288715363, 0.09264825284481049, 0.09678829461336136, 0.10614390671253204, 0.1157836839556694, 0.1093670204281807, 0.2768454849720001, 0.32373183965682983, 0.312325119972229, 0.4096391499042511, 0.26393964886665344, 0.11259723454713821, 0.10396607220172882, 0.1033160462975502, 0.08054051548242569, 0.13068954646587372, 0.17865104973316193, 0.26356828212738037, 0.3547889292240143, 0.21687304973602295, 0.18894904851913452, 0.4114082157611847, 0.3649153411388397, 0.18391676247119904, 0.120320625603199, 0.12254178524017334, 0.10999368131160736, 0.12928135693073273, 0.10110606998205185, 0.054009947925806046, 0.06266690045595169, 0.07309646904468536, 0.09217093139886856, 0.09820505231618881, 0.07244238257408142], "rhythm.beats_position": [0.5804988741874695, 1.160997748374939, 1.7531065940856934, 2.345215320587158, 2.9489340782165527, 3.5526530742645264, 4.179591655731201, 4.806530475616455, 5.433469295501709, 6.060408115386963, 6.687346935272217, 7.314285755157471, 7.918004512786865, 8.55655288696289, 9.171881675720215, 9.798820495605469, 10.425759315490723, 11.052698135375977, 11.67963695526123, 12.306575775146484, 12.933514595031738, 13.548843383789062, 14.175782203674316, 14.8143310546875, 15.441269874572754, 16.056598663330078, 16.671926498413086, 17.298866271972656, 17.925804138183594, 18.541133880615234, 19.1796817779541], "rhythm.bpm_histogram": [0.0, 0.0, 0.0, 0.0, 0.0, 0.0, 0.0, 0.0, 0.0, 0.0, 0.0, 0.0, 0.0, 0.0, 0.0, 0.0, 0.0, 0.0, 0.0, 0.0, 0.0, 0.0, 0.0, 0.0, 0.0, 0.0, 0.0, 0.0, 0.0, 0.0, 0.0, 0.0, 0.0, 0.0, 0.0, 0.0, 0.0, 0.0, 0.0, 0.0, 0.0, 0.0, 0.0, 0.0, 0.0, 0.0, 0.0, 0.0, 0.0, 0.0, 0.0, 0.0, 0.0, 0.0, 0.0, 0.0, 0.0, 0.0, 0.0, 0.0, 0.0, 0.0, 0.0, 0.0, 0.0, 0.0, 0.0, 0.0, 0.0, 0.0, 0.0, 0.0, 0.0, 0.0, 0.0, 0.0, 0.0, 0.0, 0.0, 0.0, 0.0, 0.0, 0.0, 0.0, 0.0, 0.0, 0.0, 0.0, 0.0, 0.0, 0.0, 0.0, 0.0, 0.0, 0.10000000149011612, 0.0, 0.5333333611488342, 0.0, 0.1666666716337204, 0.10000000149011612, 0.0, 0.06666667014360428, 0.0, 0.03333333507180214, 0.0, 0.0, 0.0, 0.0, 0.0, 0.0, 0.0, 0.0, 0.0, 0.0, 0.0, 0.0, 0.0, 0.0, 0.0, 0.0, 0.0, 0.0, 0.0, 0.0, 0.0, 0.0, 0.0, 0.0, 0.0, 0.0, 0.0, 0.0, 0.0, 0.0, 0.0, 0.0, 0.0, 0.0, 0.0, 0.0, 0.0, 0.0, 0.0, 0.0, 0.0, 0.0, 0.0, 0.0, 0.0, 0.0, 0.0, 0.0, 0.0, 0.0, 0.0, 0.0, 0.0, 0.0, 0.0, 0.0, 0.0, 0.0, 0.0, 0.0, 0.0, 0.0, 0.0, 0.0, 0.0, 0.0, 0.0, 0.0, 0.0, 0.0, 0.0, 0.0, 0.0, 0.0, 0.0, 0.0, 0.0, 0.0, 0.0, 0.0, 0.0, 0.0, 0.0, 0.0, 0.0, 0.0, 0.0, 0.0, 0.0, 0.0, 0.0, 0.0, 0.0, 0.0, 0.0, 0.0, 0.0, 0.0, 0.0, 0.0, 0.0, 0.0, 0.0, 0.0, 0.0, 0.0, 0.0, 0.0, 0.0, 0.0, 0.0, 0.0, 0.0, 0.0, 0.0, 0.0, 0.0, 0.0, 0.0, 0.0, 0.0, 0.0, 0.0, 0.0, 0.0, 0.0, 0.0, 0.0, 0.0, 0.0, 0.0, 0.0, 0.0, 0.0, 0.0, 0.0, 0.0, 0.0, 0.0, 0.0, 0.0, 0.0, 0.0, 0.0, 0.0, 0.0], "tonal.chords_histogram": [0.0, 0.0, 0.0, 0.0, 0.0, 0.0, 30.878860473632812, 6.175772190093994, 0.0, 0.0, 0.0, 0.0, 0.0, 0.0, 6.175772190093994, 49.8812370300293, 1.1876484155654907, 0.0, 0.0, 0.0, 0.0, 2.1377673149108887, 0.2375296950340271, 3.32541561126709], "tonal.thpcp": [1.0, 0.8708772659301758, 0.21915867924690247, 0.10848280042409897, 0.09232579171657562, 0.0917193740606308, 0.10093172639608383, 0.07754520326852798, 0.03734472021460533, 0.04415551945567131, 0.0616794116795063, 0.08293140679597855, 0.08013174682855606, 0.06182614341378212, 0.07004544138908386, 0.06455416232347488, 0.05850192904472351, 0.07014946639537811, 0.08231635391712189, 0.08647255599498749, 0.10435713827610016, 0.4192127585411072, 0.5681450366973877, 0.7484449148178101, 0.9751161336898804, 0.5147766470909119, 0.10643302649259567, 0.08029838651418686, 0.07480306178331375, 0.05869593843817711, 0.10768941044807434, 0.18700839579105377, 0.47492027282714844, 0.6729093194007874, 0.3482198715209961, 0.3220592737197876], "lowlevel.gfcc.cov": [[3490.253662109375, -530.877685546875, -1194.488525390625, -126.54351043701172, -362.7166748046875, 166.0848846435547, 9.589770317077637, 9.735310554504395, -40.97740173339844, 183.76846313476562, -208.33265686035156, 70.52647399902344, -148.3689727783203], [-530.877685546875, 1876.3984375, -431.4362487792969, -614.7807006835938, 152.15634155273438, -448.5700378417969, 124.56831359863281, -50.19247817993164, -52.61556625366211, -221.65919494628906, 156.81570434570312, -156.58172607421875, 121.5525894165039], [-1194.488525390625, -431.4362487792969, 1632.91064453125, 397.8240966796875, -132.17910766601562, -126.51253509521484, -294.71087646484375, -3.992608070373535, -15.413422584533691, -70.78271484375, 67.27193450927734, 38.502716064453125, 6.188160419464111], [-126.54351043701172, -614.7807006835938, 397.8240966796875, 677.715576171875, 98.81595611572266, 49.57206344604492, -159.96673583984375, -89.82209014892578, 50.41843795776367, -35.540409088134766, -63.582244873046875, -11.739435195922852, 5.743524074554443], [-362.7166748046875, 152.15634155273438, -132.17910766601562, 98.81595611572266, 446.3144226074219, 59.63328170776367, 20.37983512878418, -51.319129943847656, -5.316332817077637, -41.13033676147461, -21.27515411376953, -93.05193328857422, -4.278626441955566], [166.0848846435547, -448.5700378417969, -126.51253509521484, 49.57206344604492, 59.63328170776367, 411.3594055175781, 198.56900024414062, -55.52157974243164, -11.020867347717285, 50.01969909667969, -115.1064453125, -3.8281004428863525, -84.51604461669922], [9.589770317077637, 124.56831359863281, -294.71087646484375, -159.96673583984375, 20.37983512878418, 198.56900024414062, 477.61370849609375, 0.7786954045295715, -70.84569549560547, -45.36663055419922, -100.02588653564453, 1.7169822454452515, -43.856056213378906], [9.735310554504395, -50.19247817993164, -3.992608070373535, -89.82209014892578, -51.319129943847656, -55.52157974243164, 0.7786954045295715, 216.55455017089844, 24.335983276367188, 15.882020950317383, 51.186744689941406, -8.020877838134766, 7.2778706550598145], [-40.97740173339844, -52.61556625366211, -15.413422584533691, 50.41843795776367, -5.316332817077637, -11.020867347717285, -70.84569549560547, 24.335983276367188, 158.96510314941406, 44.413970947265625, 8.298102378845215, -1.259059190750122, 8.672399520874023], [183.76846313476562, -221.65919494628906, -70.78271484375, -35.540409088134766, -41.13033676147461, 50.01969909667969, -45.36663055419922, 15.882020950317383, 44.413970947265625, 170.80027770996094, 26.580493927001953, 3.290858268737793, -25.557723999023438], [-208.33265686035156, 156.81570434570312, 67.27193450927734, -63.582244873046875, -21.27515411376953, -115.1064453125, -100.02588653564453, 51.186744689941406, 8.298102378845215, 26.580493927001953, 207.5047149658203, 11.248780250549316, 27.210432052612305], [70.52647399902344, -156.58172607421875, 38.502716064453125, -11.739435195922852, -93.05193328857422, -3.8281004428863525, 1.7169822454452515, -8.020877838134766, -1.259059190750122, 3.290858268737793, 11.248780250549316, 157.47967529296875, 25.128883361816406], [-148.3689727783203, 121.5525894165039, 6.188160419464111, 5.743524074554443, -4.278626441955566, -84.51604461669922, -43.856056213378906, 7.2778706550598145, 8.672399520874023, -25.557723999023438, 27.210432052612305, 25.128883361816406, 123.77040100097656]], "lowlevel.gfcc.icov": [[0.0007231757044792175, -2.6847006665775552e-05, 0.0007441571797244251, -0.0003330705512780696, 0.0008041801629588008, -7.658694084966555e-05, 0.0006471536471508443, -0.00026372450520284474, 0.0007080629584379494, -0.00032386198290623724, 0.0007342806202359498, -0.00028359395219013095, 0.000871497904881835], [-2.6847006665775552e-05, 0.005715375766158104, 0.0003196565667167306, 0.005263940431177616, -0.0014309962280094624, 0.005817447789013386, -0.0026081600226461887, 0.005572285503149033, -0.0027992187533527613, 0.006160232704132795, -0.003090078476816416, 0.006056406535208225, -0.0023163659498095512], [0.0007441571797244251, 0.0003196565667167306, 0.001665468909777701, -0.0005406377022154629, 0.0011022338876500726, 0.00026646041078493, 0.0009289187146350741, -6.8392873799894e-05, 0.0008942722342908382, 0.0005135437240824103, 0.00028602645033970475, -1.1286274457233958e-05, 0.0010559605434536934], [-0.0003330705512780696, 0.005263940431177616, -0.0005406377022154629, 0.007289528846740723, -0.002143773017451167, 0.004768314305692911, -0.0018753624754026532, 0.005787608679383993, -0.003616851521655917, 0.0063280873000621796, -0.002421336015686393, 0.005675771739333868, -0.002762919757515192], [0.0008041801629588008, -0.0014309962280094624, 0.0011022338876500726, -0.002143773017451167, 0.004234190098941326, -0.0020589136984199286, 0.0014617235865443945, -0.001159132574684918, 0.0014949492178857327, -0.0009639540803618729, 0.001065224758349359, -7.36270667403005e-05, 0.0012172466376796365], [-7.658694084966555e-05, 0.005817447789013386, 0.00026646041078493, 0.004768314305692911, -0.0020589136984199286, 0.01043661218136549, -0.004512323997914791, 0.006227560807019472, -0.002904037944972515, 0.004256370943039656, -0.001887913211248815, 0.005630004219710827, -0.0005948574980720878], [0.0006471536471508443, -0.0026081600226461887, 0.0009289187146350741, -0.0018753624754026532, 0.0014617235865443945, -0.004512323997914791, 0.005616425536572933, -0.0033107285853475332, 0.0028469660319387913, -0.001434585778042674, 0.002890539588406682, -0.0032070002052932978, 0.0020517786033451557], [-0.00026372450520284474, 0.005572285503149033, -6.8392873799894e-05, 0.005787608679383993, -0.001159132574684918, 0.006227560807019472, -0.0033107285853475332, 0.011026754043996334, -0.0040639652870595455, 0.0058890460059046745, -0.004277999047189951, 0.006734079215675592, -0.002588733099400997], [0.0007080629584379494, -0.0027992187533527613, 0.0008942722342908382, -0.003616851521655917, 0.0014949492178857327, -0.002904037944972515, 0.0028469660319387913, -0.0040639652870595455, 0.009704879485070705, -0.005089980084449053, 0.002602294320240617, -0.0032378919422626495, 0.0013916157186031342], [-0.00032386198290623724, 0.006160232704132795, 0.0005135437240824103, 0.0063280873000621796, -0.0009639540803618729, 0.004256370943039656, -0.001434585778042674, 0.0058890460059046745, -0.005089980084449053, 0.015058279037475586, -0.004977114032953978, 0.006711884401738644, -0.0015413181390613317], [0.0007342806202359498, -0.003090078476816416, 0.00028602645033970475, -0.002421336015686393, 0.001065224758349359, -0.001887913211248815, 0.002890539588406682, -0.004277999047189951, 0.002602294320240617, -0.004977114032953978, 0.00910626444965601, -0.004107885528355837, 0.0016583851538598537], [-0.00028359395219013095, 0.006056406535208225, -1.1286274457233958e-05, 0.005675771739333868, -7.36270667403005e-05, 0.005630004219710827, -0.0032070002052932978, 0.006734079215675592, -0.0032378919422626495, 0.006711884401738644, -0.004107885528355837, 0.014260638505220413, -0.0046204812824726105], [0.000871497904881835, -0.0023163659498095512, 0.0010559605434536934, -0.002762919757515192, 0.0012172466376796365, -0.0005948574980720878, 0.0020517786033451557, -0.002588733099400997, 0.0013916157186031342, -0.0015413181390613317, 0.0016583851538598537, -0.0046204812824726105, 0.01214729342609644]], "lowlevel.mfcc.cov": [[4565.998046875, -730.5678100585938, -1226.239013671875, -407.1281433105469, -555.642333984375, 195.4825439453125, -179.53738403320312, -13.119250297546387, 66.50153350830078, 42.8500862121582, 65.94989776611328, 22.011310577392578, -88.50043487548828], [-730.5678100585938, 2164.05517578125, -547.5669555664062, -199.8565673828125, -182.48114013671875, -434.0537109375, 129.7136688232422, -61.956321716308594, -124.0342025756836, -26.732772827148438, -80.72406768798828, -84.04500579833984, -1.7953802347183228], [-1226.239013671875, -547.5669555664062, 1531.73388671875, 298.6190490722656, 219.62754821777344, -156.28164672851562, -145.51956176757812, -55.49959182739258, -127.34949493408203, -58.698272705078125, -46.32090759277344, -47.7861213684082, 18.514707565307617], [-407.1281433105469, -199.8565673828125, 298.6190490722656, 470.3688049316406, 236.2286376953125, -25.14830207824707, -75.953369140625, -17.645484924316406, -22.255687713623047, -48.1727409362793, -89.16942596435547, -29.23130989074707, -9.648143768310547], [-555.642333984375, -182.48114013671875, 219.62754821777344, 236.2286376953125, 580.1427001953125, -55.54484176635742, -97.80841827392578, -120.37919616699219, -85.67229461669922, 53.90235900878906, -64.57781982421875, -4.9125213623046875, 47.208744049072266], [195.4825439453125, -434.0537109375, -156.28164672851562, -25.14830207824707, -55.54484176635742, 579.61328125, 77.94095611572266, 82.16252899169922, 126.1214370727539, -60.6251335144043, 64.32511901855469, 22.521106719970703, -96.70887756347656], [-179.53738403320312, 129.7136688232422, -145.51956176757812, -75.953369140625, -97.80841827392578, 77.94095611572266, 296.00390625, 86.661376953125, 23.74045181274414, 16.634601593017578, 25.824655532836914, -9.385814666748047, -24.993635177612305], [-13.119250297546387, -61.956321716308594, -55.49959182739258, -17.645484924316406, -120.37919616699219, 82.16252899169922, 86.661376953125, 220.12986755371094, 75.27130889892578, -45.37963104248047, 16.776071548461914, -4.454519271850586, -26.62578773498535], [66.50153350830078, -124.0342025756836, -127.34949493408203, -22.255687713623047, -85.67229461669922, 126.1214370727539, 23.74045181274414, 75.27130889892578, 207.52041625976562, 10.670907020568848, 18.715923309326172, -7.746244430541992, -37.985496520996094], [42.8500862121582, -26.732772827148438, -58.698272705078125, -48.1727409362793, 53.90235900878906, -60.6251335144043, 16.634601593017578, -45.37963104248047, 10.670907020568848, 162.1863250732422, 43.63959503173828, -0.41458660364151, 2.700556516647339], [65.94989776611328, -80.72406768798828, -46.32090759277344, -89.16942596435547, -64.57781982421875, 64.32511901855469, 25.824655532836914, 16.776071548461914, 18.715923309326172, 43.63959503173828, 134.10205078125, 38.34288787841797, -5.674753665924072], [22.011310577392578, -84.04500579833984, -47.7861213684082, -29.23130989074707, -4.9125213623046875, 22.521106719970703, -9.385814666748047, -4.454519271850586, -7.746244430541992, -0.41458660364151, 38.34288787841797, 117.34226989746094, 44.930328369140625], [-88.50043487548828, -1.7953802347183228, 18.514707565307617, -9.648143768310547, 47.208744049072266, -96.70887756347656, -24.993635177612305, -26.62578773498535, -37.985496520996094, 2.700556516647339, -5.674753665924072, 44.930328369140625, 118.95634460449219]], "lowlevel.mfcc.icov": [[0.0005952608771622181, 0.0005351201980374753, 0.0006887603085488081, 0.00021854399528820068, 0.0006406169268302619, 0.00025989205460064113, 0.0005756602622568607, 0.0002511395432520658, 0.0006159226759336889, 1.6114930986077525e-05, 0.00028056008159182966, 0.00037178394268266857, 0.0005649472586810589], [0.0005351201980374753, 0.001299069612286985, 0.0009721398237161338, 0.0004136719508096576, 0.0006281064706854522, 0.0010496717877686024, 7.369998638750985e-05, 0.0005937322857789695, 0.0007917469483800232, 0.0007356787682510912, 0.000322180159855634, 0.0007395472493954003, 0.0010245979065075517], [0.0006887603085488081, 0.0009721398237161338, 0.0017804750241339207, -8.663227345095947e-05, 0.0006449163192883134, 0.0008143904851749539, 0.0007089388091117144, 0.00039718858897686005, 0.00115865224506706, 0.0006602169014513493, -8.508787141181529e-05, 0.000988683896139264, 0.000864451052621007], [0.00021854399528820068, 0.0004136719508096576, -8.663227345095947e-05, 0.003562311176210642, -0.0010825745994225144, 0.00043910439126193523, 0.00033754133619368076, -0.00018098689906764776, -0.0001290849904762581, 0.0010830918326973915, 0.0014128427719697356, 4.409004395711236e-05, 0.0012732031755149364], [0.0006406169268302619, 0.0006281064706854522, 0.0006449163192883134, -0.0010825745994225144, 0.003674454288557172, -0.00034679303644225, 0.0009988287929445505, 0.0009514684206806123, 0.0015959104057401419, -0.0018041481962427497, 0.0013741260627284646, 0.000541817513294518, -0.0006079679587855935], [0.00025989205460064113, 0.0010496717877686024, 0.0008143904851749539, 0.00043910439126193523, -0.00034679303644225, 0.0038195361848920584, -0.0007985340780578554, 0.000601442065089941, -0.0009757643565535545, 0.0026926621794700623, -0.0013296162942424417, -0.00043507045484147966, 0.003055909415706992], [0.0005756602622568607, 7.369998638750985e-05, 0.0007089388091117144, 0.00033754133619368076, 0.0009988287929445505, -0.0007985340780578554, 0.005160038359463215, -0.0017298344755545259, 0.0013765486655756831, -0.0016458240570500493, 0.0004697204567492008, 0.0007025528466328979, 0.00023179616255220026], [0.0002511395432520658, 0.0005937322857789695, 0.00039718858897686005, -0.00018098689906764776, 0.0009514684206806123, 0.000601442065089941, -0.0017298344755545259, 0.007050141226500273, -0.001760109094902873, 0.00250401278026402, -0.0008065161528065801, 0.0004711356887128204, 0.0006099201855249703], [0.0006159226759336889, 0.0007917469483800232, 0.00115865224506706, -0.0001290849904762581, 0.0015959104057401419, -0.0009757643565535545, 0.0013765486655756831, -0.001760109094902873, 0.007744780741631985, -0.001968605909496546, 0.0009890247602015734, 0.0010135971242561936, 0.0009301304817199707], [1.6114930986077525e-05, 0.0007356787682510912, 0.0006602169014513493, 0.0010830918326973915, -0.0018041481962427497, 0.0026926621794700623, -0.0016458240570500493, 0.00250401278026402, -0.001968605909496546, 0.010544268414378166, -0.004165029153227806, 0.0010670007904991508, 0.0016582142561674118], [0.00028056008159182966, 0.000322180159855634, -8.508787141181529e-05, 0.0014128427719697356, 0.0013741260627284646, -0.0013296162942424417, 0.0004697204567492008, -0.0008065161528065801, 0.0009890247602015734, -0.004165029153227806, 0.01195506937801838, -0.0033821025863289833, 0.0008914344944059849], [0.00037178394268266857, 0.0007395472493954003, 0.000988683896139264, 4.409004395711236e-05, 0.000541817513294518, -0.00043507045484147966, 0.0007025528466328979, 0.0004711356887128204, 0.0010135971242561936, 0.0010670007904991508, -0.0033821025863289833, 0.01258753053843975, -0.004794472828507423], [0.0005649472586810589, 0.0010245979065075517, 0.000864451052621007, 0.0012732031755149364, -0.0006079679587855935, 0.003055909415706992, 0.00023179616255220026, 0.0006099201855249703, 0.0009301304817199707, 0.0016582142561674118, 0.0008914344944059849, -0.004794472828507423, 0.013834604062139988]], "metadata.audio_properties.analysis.downmix": "mix", "metadata.audio_properties.codec": "mp3", "metadata.audio_properties.md5_encoded": "54067b5dcb07845dc48f6a19de90e2a4", "metadata.tags.file_name": "1183698255981326366.mp3", "metadata.version.essentia": "2.1-beta6-dev", "metadata.version.essentia_git_sha": "v2.1_beta5-1110-g77a6a954", "metadata.version.extractor": "music 2.0", "tonal.chords_key": "Ab", "tonal.chords_scale": "major", "tonal.key_edma.key": "E", "tonal.key_edma.scale": "minor", "tonal.key_krumhansl.key": "E", "tonal.key_krumhansl.scale": "minor", "tonal.key_temperley.key": "E", "tonal.key_temperley.scale": "minor", "metadata.tags.encoding": ["Lavf58.45.100"]}, "essentia_models": [{"model_name": "genre_dortmund", "activations": {"alternative": "7.619337e-05", "blues": "7.205766e-06", "electronic": "0.00019862446", "folkcountry": "5.484573e-06", "funksoulrnb": "0.00034792916", "jazz": "1.2181271e-05", "pop": "0.000104836894", "raphiphop": "0.99979615", "rock": "0.0003352668"}}, {"model_name": "genre_rosamerica", "activations": {"classic": "3.9386134e-05", "dance": "1.5619622e-06", "hip hop": "0.99359775", "jazz": "2.0905104e-06", "pop": "0.000