{"song_id": "1183717864776159283", "download": "https://cdn.discordapp.com/attachments/1135903449314238464/1183717864776159283/chirp.mp4?ex=65895a2b&amp", "lyrics": "[verse]\nOle Terve, a friend so dear\nAlways filled with joy and cheer\nHis laughter brightens up the room\nSpreading love amid the gloom\n\n[chorus]\nOle Terve, shining light\nGuiding us through darkest night\nWith you, life feels so complete\nOle Terve, you can't be beat", "style": ["power metal"], "essentia_features": {"lowlevel.average_loudness": 0.9614361524581909, "lowlevel.barkbands_crest.mean": 13.322650909423828, "lowlevel.barkbands_crest.stdev": 5.462466716766357, "lowlevel.barkbands_flatness_db.mean": 0.26010358333587646, "lowlevel.barkbands_flatness_db.stdev": 0.11118297278881073, "lowlevel.barkbands_kurtosis.mean": 18.21429443359375, "lowlevel.barkbands_kurtosis.stdev": 44.734683990478516, "lowlevel.barkbands_skewness.mean": 1.549546241760254, "lowlevel.barkbands_skewness.stdev": 3.076493740081787, "lowlevel.barkbands_spread.mean": 14.511245727539062, "lowlevel.barkbands_spread.stdev": 15.316924095153809, "lowlevel.dissonance.mean": 0.43277308344841003, "lowlevel.dissonance.stdev": 0.06707996875047684, "lowlevel.dynamic_complexity": 8.859004020690918, "lowlevel.erbbands_crest.mean": 13.634434700012207, "lowlevel.erbbands_crest.stdev": 5.8883748054504395, "lowlevel.erbbands_flatness_db.mean": 0.28418058156967163, "lowlevel.erbbands_flatness_db.stdev": 0.09272267669439316, "lowlevel.erbbands_kurtosis.mean": 4.80609130859375, "lowlevel.erbbands_kurtosis.stdev": 14.291705131530762, "lowlevel.erbbands_skewness.mean": 0.6945288181304932, "lowlevel.erbbands_skewness.stdev": 1.8375518321990967, "lowlevel.erbbands_spread.mean": 25.965595245361328, "lowlevel.erbbands_spread.stdev": 21.482593536376953, "lowlevel.hfc.mean": 9.424516677856445, "lowlevel.hfc.stdev": 17.45074462890625, "lowlevel.loudness_ebu128.integrated": -24.447614669799805, "lowlevel.loudness_ebu128.loudness_range": 1.7709159851074219, "lowlevel.loudness_ebu128.momentary.mean": -26.482521057128906, "lowlevel.loudness_ebu128.momentary.stdev": 5.086638450622559, "lowlevel.loudness_ebu128.short_term.mean": -24.757150650024414, "lowlevel.loudness_ebu128.short_term.stdev": 0.6372743248939514, "lowlevel.melbands_crest.mean": 16.800708770751953, "lowlevel.melbands_crest.stdev": 7.368111610412598, "lowlevel.melbands_flatness_db.mean": 0.2808202803134918, "lowlevel.melbands_flatness_db.stdev": 0.13762880861759186, "lowlevel.melbands_kurtosis.mean": 25.634525299072266, "lowlevel.melbands_kurtosis.stdev": 60.857177734375, "lowlevel.melbands_skewness.mean": 2.32836651802063, "lowlevel.melbands_skewness.stdev": 3.1189939975738525, "lowlevel.melbands_spread.mean": 28.981769561767578, "lowlevel.melbands_spread.stdev": 39.41056823730469, "lowlevel.pitch_salience.mean": 0.5603667497634888, "lowlevel.pitch_salience.stdev": 0.18970508873462677, "lowlevel.silence_rate_20dB.mean": 1.0, "lowlevel.silence_rate_20dB.stdev": 0.0, "lowlevel.silence_rate_30dB.mean": 0.9987775087356567, "lowlevel.silence_rate_30dB.stdev": 0.03494279086589813, "lowlevel.silence_rate_60dB.mean": 0.5293398499488831, "lowlevel.silence_rate_60dB.stdev": 0.49913856387138367, "lowlevel.spectral_centroid.mean": 1734.6983642578125, "lowlevel.spectral_centroid.stdev": 1462.9022216796875, "lowlevel.spectral_complexity.mean": 5.135696887969971, "lowlevel.spectral_complexity.stdev": 5.918336391448975, "lowlevel.spectral_decrease.mean": -2.716757707688089e-09, "lowlevel.spectral_decrease.stdev": 5.202430042317019e-09, "lowlevel.spectral_energy.mean": 0.011108486913144588, "lowlevel.spectral_energy.stdev": 0.021133461967110634, "lowlevel.spectral_energyband_high.mean": 6.218586349859834e-05, "lowlevel.spectral_energyband_high.stdev": 0.0002235231368103996, "lowlevel.spectral_energyband_low.mean": 0.00012506457278504968, "lowlevel.spectral_energyband_low.stdev": 0.0013535425532609224, "lowlevel.spectral_energyband_middle_high.mean": 0.002956556621938944, "lowlevel.spectral_energyband_middle_high.stdev": 0.007595694158226252, "lowlevel.spectral_energyband_middle_low.mean": 0.008054359816014767, "lowlevel.spectral_energyband_middle_low.stdev": 0.017023751512169838, "lowlevel.spectral_entropy.mean": 6.908606052398682, "lowlevel.spectral_entropy.stdev": 1.0118398666381836, "lowlevel.spectral_flux.mean": 0.057663481682538986, "lowlevel.spectral_flux.stdev": 0.06298188865184784, "lowlevel.spectral_kurtosis.mean": 12.077875137329102, "lowlevel.spectral_kurtosis.stdev": 14.105740547180176, "lowlevel.spectral_rms.mean": 0.0022355332039296627, "lowlevel.spectral_rms.stdev": 0.0024165993090718985, "lowlevel.spectral_rolloff.mean": 2824.244140625, "lowlevel.spectral_rolloff.stdev": 3494.64208984375, "lowlevel.spectral_skewness.mean": 2.000490427017212, "lowlevel.spectral_skewness.stdev": 1.293331265449524, "lowlevel.spectral_spread.mean": 3753740.5, "lowlevel.spectral_spread.stdev": 2717669.75, "lowlevel.spectral_strongpeak.mean": 1.046318769454956, "lowlevel.spectral_strongpeak.stdev": 1.5062005519866943, "lowlevel.zerocrossingrate.mean": 0.10026658326387405, "lowlevel.zerocrossingrate.stdev": 0.11187291890382767, "metadata.audio_properties.analysis.equal_loudness": 0.0, "metadata.audio_properties.analysis.length": 18.965328216552734, "metadata.audio_properties.analysis.sample_rate": 44100.0, "metadata.audio_properties.analysis.start_time": 0.0, "metadata.audio_properties.bit_rate": 116626.0, "metadata.audio_properties.length": 18.965333938598633, "metadata.audio_properties.lossless": 0.0, "metadata.audio_properties.number_channels": 1.0, "metadata.audio_properties.replay_gain": -5.867437362670898, "metadata.audio_properties.sample_rate": 48000.0, "rhythm.beats_count": 28.0, "rhythm.beats_loudness.mean": 0.02732326276600361, "rhythm.beats_loudness.stdev": 0.027955999597907066, "rhythm.bpm": 87.15164184570312, "rhythm.bpm_histogram_first_peak_bpm": 86.0, "rhythm.bpm_histogram_first_peak_weight": 0.5, "rhythm.bpm_histogram_second_peak_bpm": 96.0, "rhythm.bpm_histogram_second_peak_spread": 0.7142857313156128, "rhythm.bpm_histogram_second_peak_weight": 0.14814814925193787, "rhythm.danceability": 2.107465982437134, "rhythm.onset_rate": 4.372491359710693, "tonal.chords_changes_rate": 0.2365853637456894, "tonal.chords_number_rate": 0.039024390280246735, "tonal.chords_strength.mean": 0.4170277714729309, "tonal.chords_strength.stdev": 0.09619715064764023, "tonal.hpcp_crest.mean": 14.083357810974121, "tonal.hpcp_crest.stdev": 7.438621520996094, "tonal.hpcp_entropy.mean": 2.004563570022583, "tonal.hpcp_entropy.stdev": 0.9302463531494141, "tonal.key_edma.strength": 0.2642749845981598, "tonal.key_krumhansl.strength": 0.2686939835548401, "tonal.key_temperley.strength": 0.27807796001434326, "tonal.tuning_diatonic_strength": 0.4096631407737732, "tonal.tuning_equal_tempered_deviation": 0.24275773763656616, "tonal.tuning_frequency": 436.20416259765625, "tonal.tuning_nontempered_energy_ratio": 0.880358874797821, "lowlevel.barkbands.mean": [1.2360067103145411e-06, 8.343370427610353e-05, 1.4152659787214361e-05, 0.00011836850899271667, 0.0009511945536360145, 0.0003140512271784246, 0.0024122530594468117, 0.0006915631820447743, 0.003388003446161747, 0.0006560841575264931, 0.0005197508726269007, 0.0003195393946953118, 0.0003592329449020326, 0.0003101467445958406, 0.00017951086920220405, 0.00019925217202398926, 0.00011073576752096415, 0.00021197857859078795, 0.00015754862397443503, 5.463100751512684e-05, 3.871930402965518e-06, 5.372818122850731e-06, 2.069160109385848e-05, 1.4011301573191304e-05, 8.634981895738747e-06, 3.251530642955913e-06, 3.3190199477672877e-09], "lowlevel.barkbands.stdev": [7.67953406466404e-06, 0.0011837705969810486, 0.000149360261275433, 0.0003541958285495639, 0.0022939881309866905, 0.001577684422954917, 0.007773994468152523, 0.003108444856479764, 0.013182904571294785, 0.002955841366201639, 0.0023739072494208813, 0.0016168812289834023, 0.0017082253471016884, 0.0013189405435696244, 0.0005500568659044802, 0.0007381740142591298, 0.0003089308156631887, 0.0005769071285612881, 0.00034437014255672693, 0.00014958287647459656, 2.762318035820499e-05, 2.4573268092353828e-05, 7.926906982902437e-05, 7.064011879265308e-05, 3.866411134367809e-05, 1.1688063750625588e-05, 3.2680887329661346e-08], "lowlevel.erbbands.mean": [0.0015182627830654383, 0.02117234654724598, 0.030092786997556686, 0.19681747257709503, 1.8967398405075073, 3.8652334213256836, 1.1199270486831665, 3.9861013889312744, 27.196510314941406, 32.68585205078125, 16.755552291870117, 88.2776870727539, 32.972320556640625, 33.23726272583008, 12.261613845825195, 14.558599472045898, 18.06793785095215, 17.407522201538086, 10.08583927154541, 10.464232444763184, 8.764128684997559, 6.907561302185059, 11.09295654296875, 8.232112884521484, 8.21098804473877, 2.1741483211517334, 0.30771404504776, 0.12202413380146027, 0.17592458426952362, 0.3104103207588196, 0.6301228404045105, 0.4248390197753906, 0.1815279871225357, 0.10939223319292068, 0.052907198667526245, 0.023886553943157196, 0.004111479502171278, 0.00025366886984556913, 1.2134621101722587e-05, 1.3644324099004734e-05], "lowlevel.erbbands.stdev": [0.02133755013346672, 0.3024088442325592, 0.3414546251296997, 0.51290363073349, 4.3892340660095215, 11.07424545288086, 3.170686721801758, 17.530582427978516, 100.06513214111328, 114.98933410644531, 59.7177848815918, 360.9536437988281, 119.18848419189453, 170.9929962158203, 46.1771354675293, 70.97879028320312, 85.28681182861328, 74.12959289550781, 30.52815055847168, 36.632408142089844, 29.0766544342041, 18.141584396362305, 30.128173828125, 21.07048225402832, 17.444923400878906, 5.1554274559021, 1.9762619733810425, 0.6728944182395935, 0.8275774717330933, 1.0678439140319824, 2.5130608081817627, 2.042846202850342, 0.9378035664558411, 0.5520697832107544, 0.21878311038017273, 0.09109044820070267, 0.014498709701001644, 0.0009510013624094427, 2.30010409723036e-05, 2.4553597540943883e-05], "lowlevel.gfcc.mean": [-261.24908447265625, 70.56218719482422, -146.5135498046875, 8.281769752502441, -67.16215515136719, -20.133020401000977, -56.83469009399414, 7.986224174499512, -30.8066463470459, -18.97150230407715, -8.192745208740234, -15.921714782714844, -19.776451110839844], "lowlevel.melbands.mean": [1.9237993910792284e-05, 2.0803450752282515e-05, 7.740067667327821e-05, 0.00023269091616384685, 6.064824992790818e-05, 9.292743925470859e-05, 0.00044823833741247654, 0.00031537257018499076, 0.00015251664444804192, 0.0005760967615060508, 0.0001405964867444709, 0.00012832993525080383, 5.1220231398474425e-05, 3.691283563966863e-05, 3.624345117714256e-05, 3.596505121095106e-05, 3.28359856212046e-05, 1.5348225133493543e-05, 1.5590881957905367e-05, 1.4482689948636107e-05, 9.305067578679882e-06, 6.517045221698936e-06, 9.168186807073653e-06, 9.93101184576517e-06, 6.179480806167703e-06, 6.265122465265449e-06, 4.545379397313809e-06, 7.191078452706279e-07, 1.8121858147424064e-07, 8.838593856808075e-08, 6.186829182297515e-08, 8.99702925494239e-08, 1.1944526079332718e-07, 1.9563148612178338e-07, 3.298308399735106e-07, 4.145583432091371e-07, 2.1263859650844097e-07, 1.2562134088511812e-07, 1.1567802005174599e-07, 8.126460926405343e-08], "lowlevel.melbands.stdev": [0.00027310632867738605, 0.00026018713833764195, 0.00017708072846289724, 0.0005937629612162709, 0.0001622444106033072, 0.00047259731218218803, 0.0015293305041268468, 0.0011286474764347076, 0.0006190930726006627, 0.0023753014393150806, 0.0005573165253736079, 0.0006769319879822433, 0.00021608636598102748, 0.00018718508363235742, 0.00017817797197494656, 0.000171447463799268, 0.00015041185542941093, 5.314104782883078e-05, 5.12393526150845e-05, 5.656699067912996e-05, 3.620552161009982e-05, 1.8222670405521058e-05, 2.979757118737325e-05, 2.640287857502699e-05, 1.6788195353001356e-05, 1.3644657883560285e-05, 1.09691654870403e-05, 2.1802031824336154e-06, 1.5633394241376664e-06, 6.060998316570476e-07, 3.497193006296584e-07, 4.5967516371092643e-07, 5.376188028094475e-07, 6.474607516793185e-07, 1.2335723340584082e-06, 1.9522858565323986e-06, 1.0569099231361179e-06, 6.577217845915584e-07, 6.54307484637684e-07, 3.9484922353949514e-07], "lowlevel.melbands128.mean": [7.543072229054815e-07, 7.2408083724440075e-06, 2.882911758206319e-05, 3.881301745423116e-05, 1.9802208043984137e-05, 5.473546934808837e-06, 2.052457602985669e-05, 7.794906559865922e-05, 0.00017992862558458, 0.0003140778571832925, 0.00023253177641890943, 7.938748603919521e-05, 2.388335815339815e-05, 1.3981049960420933e-05, 4.4035332393832505e-05, 0.00013375190610531718, 0.00031196980853565037, 0.000564110407140106, 0.0005613182438537478, 0.00038434291491284966, 0.000186673627467826, 8.132179209496826e-05, 8.322176290675998e-05, 0.00025349672068841755, 0.0007241197163239121, 0.0007252821233123541, 0.00022910202096682042, 8.30365825095214e-05, 3.824694431386888e-05, 9.246529953088611e-05, 0.00021494801330845803, 9.298256190959364e-05, 3.430678407312371e-05, 2.0074321582796983e-05, 2.7215008230996318e-05, 5.027393490308896e-05, 3.8919260987313464e-05, 2.7539699658518657e-05, 3.6154906410956755e-05, 5.630006126011722e-05, 2.595033402030822e-05, 2.4680639398866333e-05, 3.939203452318907e-05, 3.7319896364351735e-05, 1.4935958461137488e-05, 9.969782695407048e-06, 1.4986050700827036e-05, 2.288142786710523e-05, 9.432776096218731e-06, 1.25009028124623e-05, 2.0205023247399367e-05, 1.1028412700397894e-05, 7.914446541690268e-06, 1.0846915756701492e-05, 6.216157089511398e-06, 6.141804078652058e-06, 6.440268862206722e-06, 6.766974365746137e-06, 1.205836178996833e-05, 1.038303344103042e-05, 1.0335514161852188e-05, 9.412331564817578e-06, 6.4782880144775845e-06, 5.317228442436317e-06, 5.112221060699085e-06, 6.411800768546527e-06, 6.805094926676247e-06, 6.773107088520192e-06, 3.979488610639237e-06, 1.61622165251174e-06, 5.460055945150089e-07, 3.796614862494607e-07, 1.907232416442639e-07, 1.6574298911109508e-07, 1.3240563134786498e-07, 8.914783222735423e-08, 7.632165477389208e-08, 5.001871627996479e-08, 5.4333174404064266e-08, 7.880223762413152e-08, 7.796355561140444e-08, 9.505838249879162e-08, 1.1967443924731924e-07, 1.0752790302603898e-07, 1.3346696903226984e-07, 1.610671205298786e-07, 2.1457361754073645e-07, 2.737744750902493e-07, 2.577693578587059e-07, 4.198316503334354e-07, 5.701635927835014e-07, 3.8022670878490317e-07, 2.3953450067892845e-07, 2.0937507372309483e-07, 1.985498556678067e-07, 1.524633148619614e-07, 9.502706888042667e-08, 1.0533791083844335e-07, 1.2161174822722387e-07, 1.2326840703735797e-07, 1.0290015239888817e-07, 7.419693304200337e-08, 5.214168297129618e-08, 5.571130756720777e-08, 6.244047767722805e-08, 6.391741891320635e-08, 5.257202673192296e-08, 4.4165155088649044e-08, 4.614900817045964e-08, 3.8253222811590604e-08, 2.096833995324232e-08, 1.2104752755703885e-08, 1.1578985770199779e-08, 7.980763605530683e-09, 4.082033822072617e-09, 1.665083959601077e-09, 1.8659854217339955e-10, 1.098336872840111e-11, 2.2638915481848487e-12, 2.204439322056606e-12, 2.1415920252454423e-12, 2.1091882580759336e-12, 2.0833363246347547e-12, 2.0334962012868996e-12, 1.891649597379752e-12, 1.6651119502317235e-12, 1.5392629662200341e-12, 1.51514228680788e-12], "lowlevel.melbands128.stdev": [6.567529908352299e-06, 0.00010178671800531447, 0.0004284281167201698, 0.000554711208678782, 0.00027065284666605294, 4.651918789022602e-05, 7.392810221062973e-05, 0.00023665704065933824, 0.0004796417197212577, 0.0009218451450578868, 0.0007516589248552918, 0.00025620561791583896, 0.00012293820327613503, 5.5004933528834954e-05, 0.0002057977399090305, 0.0007900276686996222, 0.0018202541396021843, 0.0022319327108561993, 0.002103817882016301, 0.001744411769323051, 0.0009826112072914839, 0.0005781747750006616, 0.0005847968277521431, 0.0014917529188096523, 0.003184214001521468, 0.0036928607150912285, 0.0012374266516417265, 0.0004623315471690148, 0.00022344138415064663, 0.0005374871543608606, 0.0013248800532892346, 0.000500266149174422, 0.00022710154007654637, 0.0001367332151858136, 0.00016114595928229392, 0.00031968887196853757, 0.0002791820152197033, 0.00021427903266157955, 0.00022674573119729757, 0.00038709546788595617, 0.00013739464338868856, 0.00020780782506335527, 0.00024282273079734296, 0.00019887395319528878, 7.554389594588429e-05, 5.622176468023099e-05, 6.030352597008459e-05, 9.275238699046895e-05, 3.7255122151691467e-05, 9.265257540391758e-05, 8.256141154561192e-05, 5.129887358634733e-05, 3.624197779572569e-05, 5.9735528338933364e-05, 2.473909808031749e-05, 2.13250514207175e-05, 1.9316523321322165e-05, 2.0374525774968788e-05, 5.843472172273323e-05, 3.122662747045979e-05, 3.49644324160181e-05, 3.1877425499260426e-05, 2.536757710913662e-05, 1.6971305740298703e-05, 1.403496389684733e-05, 1.555633389216382e-05, 1.6699925254215486e-05, 1.9214669009670615e-05, 1.1566934517759364e-05, 4.430614353623241e-06, 1.812562459235778e-06, 2.710869239308522e-06, 1.8395533061266178e-06, 1.6406000895585748e-06, 1.0658536666596774e-06, 6.223603463695326e-07, 5.201987391956209e-07, 2.696251613087952e-07, 3.247104700676573e-07, 5.102979798721208e-07, 4.483270004129736e-07, 4.914236910735781e-07, 5.997681569169799e-07, 5.86134717650566e-07, 5.891333785257302e-07, 5.759650321124354e-07, 7.233155088215426e-07, 1.0336771083530039e-06, 9.469815154261596e-07, 1.9154731489834376e-06, 2.7751507332141045e-06, 1.949205625351169e-06, 1.3931660305388505e-06, 1.0567919161985628e-06, 1.0391219120720052e-06, 8.564484801354411e-07, 5.158103704161476e-07, 6.605914109059086e-07, 7.558147103736701e-07, 7.929273238005408e-07, 5.697278311345144e-07, 3.6108420431446575e-07, 2.4839940238052804e-07, 2.830387302310555e-07, 2.9450998795255146e-07, 2.6459233026798756e-07, 2.3112967539873353e-07, 1.8632607634572196e-07, 1.9613607094015606e-07, 1.5651011153750005e-07, 8.019835462391711e-08, 4.597451663812535e-08, 4.5491162836697185e-08, 3.4239199919738894e-08, 1.878597721827191e-08, 9.460300098851349e-09, 1.4341710041776423e-09, 2.374515306602376e-10, 5.873162633313056e-12, 5.71884987282667e-12, 5.583356693650288e-12, 5.46282333604986e-12, 5.35476524232692e-12, 5.263147556666681e-12, 5.188018417645601e-12, 5.122221657244408e-12, 5.076039415186084e-12, 5.048531471346651e-12], "lowlevel.mfcc.mean": [-899.4135131835938, 109.20882415771484, -28.642379760742188, 8.347003936767578, 2.664769172668457, -35.057373046875, -13.649842262268066, 2.747223138809204, -32.6342887878418, 7.944920539855957, -10.243448257446289, -18.021020889282227, -1.9162700176239014], "lowlevel.spectral_contrast_coeffs.mean": [-0.616662859916687, -0.711799681186676, -0.7742182612419128, -0.7905638813972473, -0.7429383397102356, -0.8113386631011963], "lowlevel.spectral_contrast_coeffs.stdev": [0.16920927166938782, 0.161887526512146, 0.12400925904512405, 0.08985208719968796, 0.100624680519104, 0.05330066382884979], "lowlevel.spectral_contrast_valleys.mean": [-10.716522216796875, -9.330495834350586, -9.981424331665039, -9.933598518371582, -9.970521926879883, -13.046489715576172], "lowlevel.spectral_contrast_valleys.stdev": [1.3187278509140015, 1.7849236726760864, 1.7907060384750366, 1.6594027280807495, 1.5070278644561768, 1.4658478498458862], "rhythm.beats_loudness_band_ratio.mean": [0.10286299139261246, 0.21664771437644958, 0.40655240416526794, 0.18755273520946503, 0.11100376397371292, 0.034745339304208755], "rhythm.beats_loudness_band_ratio.stdev": [0.21684497594833374, 0.3049516975879669, 0.3141751289367676, 0.2651178538799286, 0.16152262687683105, 0.038521818816661835], "tonal.hpcp.mean": [0.1709989458322525, 0.16376055777072906, 0.18310682475566864, 0.18010739982128143, 0.13735832273960114, 0.1032465323805809, 0.10242913663387299, 0.09809283912181854, 0.08856634795665741, 0.07965009659528732, 0.07322768867015839, 0.07134407013654709, 0.0621836856007576, 0.05931622162461281, 0.06630025804042816, 0.06321600824594498, 0.0605265311896801, 0.07408322393894196, 0.08116335421800613, 0.08585616946220398, 0.09901995956897736, 0.12044589966535568, 0.13889817893505096, 0.16537757217884064, 0.19364549219608307, 0.1854299157857895, 0.16779309511184692, 0.16972868144512177, 0.1685030609369278, 0.16899824142456055, 0.1746758669614792, 0.17232783138751984, 0.16815198957920074, 0.1690833866596222, 0.18879163265228271, 0.19527597725391388], "tonal.hpcp.stdev": [0.27656683325767517, 0.259295791387558, 0.298736035823822, 0.2793702483177185, 0.25031909346580505, 0.2088196873664856, 0.21546700596809387, 0.20600326359272003, 0.19350947439670563, 0.1817256510257721, 0.17401592433452606, 0.16968750953674316, 0.14626836776733398, 0.1274021416902542, 0.14081355929374695, 0.14148199558258057, 0.13453181087970734, 0.17438733577728271, 0.17789460718631744, 0.1893962025642395, 0.19950734078884125, 0.22525671124458313, 0.23663084208965302, 0.25209128856658936, 0.28456932306289673, 0.28561392426490784, 0.26616379618644714, 0.27169594168663025, 0.27655693888664246, 0.2703368365764618, 0.2829519510269165, 0.28328001499176025, 0.27304548025131226, 0.2781895101070404, 0.29780909419059753, 0.3018571734428406], "rhythm.beats_position": [0.6733786463737488, 1.369977355003357, 2.0549659729003906, 2.7515645027160645, 3.4017233848571777, 4.040272235870361, 4.690430641174316, 5.31736946105957, 5.944308280944824, 6.571247100830078, 7.198185920715332, 7.836734771728516, 8.498503684997559, 9.102222442626953, 9.717551231384277, 10.332880020141602, 10.936598777770996, 11.528707504272461, 12.144036293029785, 12.782585144042969, 13.455963134765625, 14.152562141418457, 14.849161148071289, 15.557369232177734, 16.27718734741211, 16.962177276611328, 17.623945236206055, 18.30893325805664], "rhythm.bpm_histogram": [0.0, 0.0, 0.0, 0.0, 0.0, 0.0, 0.0, 0.0, 0.0, 0.0, 0.0, 0.0, 0.0, 0.0, 0.0, 0.0, 0.0, 0.0, 0.0, 0.0, 0.0, 0.0, 0.0, 0.0, 0.0, 0.0, 0.0, 0.0, 0.0, 0.0, 0.0, 0.0, 0.0, 0.0, 0.0, 0.0, 0.0, 0.0, 0.0, 0.0, 0.0, 0.0, 0.0, 0.0, 0.0, 0.0, 0.0, 0.0, 0.0, 0.0, 0.0, 0.0, 0.0, 0.0, 0.0, 0.0, 0.0, 0.0, 0.0, 0.0, 0.0, 0.0, 0.0, 0.0, 0.0, 0.0, 0.0, 0.0, 0.0, 0.0, 0.0, 0.0, 0.0, 0.0, 0.0, 0.0, 0.0, 0.0, 0.0, 0.0, 0.0, 0.0, 0.0, 0.03703703731298447, 0.0, 0.03703703731298447, 0.14814814925193787, 0.0, 0.1111111119389534, 0.03703703731298447, 0.0, 0.07407407462596893, 0.07407407462596893, 0.0, 0.1111111119389534, 0.0, 0.14814814925193787, 0.0, 0.1111111119389534, 0.07407407462596893, 0.0, 0.03703703731298447, 0.0, 0.0, 0.0, 0.0, 0.0, 0.0, 0.0, 0.0, 0.0, 0.0, 0.0, 0.0, 0.0, 0.0, 0.0, 0.0, 0.0, 0.0, 0.0, 0.0, 0.0, 0.0, 0.0, 0.0, 0.0, 0.0, 0.0, 0.0, 0.0, 0.0, 0.0, 0.0, 0.0, 0.0, 0.0, 0.0, 0.0, 0.0, 0.0, 0.0, 0.0, 0.0, 0.0, 0.0, 0.0, 0.0, 0.0, 0.0, 0.0, 0.0, 0.0, 0.0, 0.0, 0.0, 0.0, 0.0, 0.0, 0.0, 0.0, 0.0, 0.0, 0.0, 0.0, 0.0, 0.0, 0.0, 0.0, 0.0, 0.0, 0.0, 0.0, 0.0, 0.0, 0.0, 0.0, 0.0, 0.0, 0.0, 0.0, 0.0, 0.0, 0.0, 0.0, 0.0, 0.0, 0.0, 0.0, 0.0, 0.0, 0.0, 0.0, 0.0, 0.0, 0.0, 0.0, 0.0, 0.0, 0.0, 0.0, 0.0, 0.0, 0.0, 0.0, 0.0, 0.0, 0.0, 0.0, 0.0, 0.0, 0.0, 0.0, 0.0, 0.0, 0.0, 0.0, 0.0, 0.0, 0.0, 0.0, 0.0, 0.0, 0.0, 0.0, 0.0, 0.0, 0.0, 0.0, 0.0, 0.0, 0.0, 0.0, 0.0, 0.0, 0.0, 0.0, 0.0, 0.0, 0.0, 0.0, 0.0, 0.0, 0.0, 0.0, 0.0, 0.0, 0.0, 0.0, 0.0], "tonal.chords_histogram": [2.4390244483947754, 7.560975551605225, 17.317073822021484, 3.170731782913208, 1.9512195587158203, 7.0731706619262695, 0.0, 0.0, 3.170731782913208, 2.4390244483947754, 1.7073171138763428, 3.658536672592163, 4.878048896789551, 0.9756097793579102, 0.4878048896789551, 8.780488014221191, 0.0, 1.4634146690368652, 8.536585807800293, 14.87804889678955, 0.0, 0.0, 9.512195587158203, 0.0], "tonal.thpcp": [1.0, 0.8756783604621887, 0.8386108875274658, 0.9376822710037231, 0.9223223328590393, 0.7034061551094055, 0.5287210941314697, 0.5245352387428284, 0.5023292899131775, 0.4535445272922516, 0.40788477659225464, 0.3749958872795105, 0.3653499484062195, 0.3184400200843811, 0.30375584959983826, 0.33952081203460693, 0.32372650504112244, 0.30995380878448486, 0.3793770372867584, 0.4156340956687927, 0.4396657943725586, 0.5070770382881165, 0.6167983412742615, 0.7112916707992554, 0.8468915224075317, 0.9916503429412842, 0.9495787620544434, 0.8592613339424133, 0.8691734075546265, 0.8628970384597778, 0.865432858467102, 0.8945077061653137, 0.8824835419654846, 0.8610991835594177, 0.865868866443634, 0.966793954372406], "lowlevel.gfcc.cov": [[26226.302734375, 4548.232421875, -4353.837890625, -3064.8232421875, -1838.0433349609375, -3137.9150390625, -615.8560791015625, -351.8434143066406, -119.54778289794922, -1199.6795654296875, 838.4863891601562, -814.6065673828125, -79.18998718261719], [4548.232421875, 8165.744140625, -758.131591796875, -1929.9080810546875, -79.93701171875, -2222.479736328125, 36.885799407958984, -735.8206176757812, -250.37139892578125, -1208.4322509765625, 538.0292358398438, -796.161865234375, 59.00894546508789], [-4353.837890625, -758.131591796875, 3424.820068359375, 1398.966552734375, 216.35682678222656, 502.6142578125, -234.2808074951172, -169.8704071044922, -276.7626647949219, 331.5812683105469, -424.91253662109375, 406.3642272949219, -111.71924591064453], [-3064.8232421875, -1929.9080810546875, 1398.966552734375, 1767.1572265625, 376.72589111328125, 417.2666320800781, -292.0378723144531, 166.71853637695312, 6.147099494934082, 260.019287109375, -306.2947998046875, 333.1322326660156, -1.2082620859146118], [-1838.0433349609375, -79.93701171875, 216.35682678222656, 376.72589111328125, 673.1447143554688, 217.7724151611328, -133.32557678222656, -3.100468397140503, 83.69328308105469, 47.17391586303711, -164.81802368164062, 5.208567142486572, 52.045326232910156], [-3137.9150390625, -2222.479736328125, 502.6142578125, 417.2666320800781, 217.7724151611328, 1354.378662109375, 218.3316192626953, 118.9065933227539, 48.2337532043457, 511.551025390625, -199.59530639648438, 195.90196228027344, -69.36884307861328], [-615.8560791015625, 36.885799407958984, -234.2808074951172, -292.0378723144531, -133.32557678222656, 218.3316192626953, 749.143798828125, 116.9832763671875, -105.27791595458984, -48.853824615478516, 150.64527893066406, -8.537376403808594, -11.423280715942383], [-351.8434143066406, -735.8206176757812, -169.8704071044922, 166.71853637695312, -3.100468397140503, 118.9065933227539, 116.9832763671875, 386.85565185546875, 84.53946685791016, 53.278568267822266, -39.92396926879883, 69.68423461914062, 35.28654861450195], [-119.54778289794922, -250.37139892578125, -276.7626647949219, 6.147099494934082, 83.69328308105469, 48.2337532043457, -105.27791595458984, 84.53946685791016, 279.47723388671875, 75.61630249023438, -28.923067092895508, -41.41913604736328, 44.811180114746094], [-1199.6795654296875, -1208.4322509765625, 331.5812683105469, 260.019287109375, 47.17391586303711, 511.551025390625, -48.853824615478516, 53.278568267822266, 75.61630249023438, 443.6354675292969, -87.7376480102539, 104.46749877929688, -47.697200775146484], [838.4863891601562, 538.0292358398438, -424.91253662109375, -306.2947998046875, -164.81802368164062, -199.59530639648438, 150.64527893066406, -39.92396926879883, -28.923067092895508, -87.7376480102539, 283.28509521484375, -65.83881378173828, -27.154052734375], [-814.6065673828125, -796.161865234375, 406.3642272949219, 333.1322326660156, 5.208567142486572, 195.90196228027344, -8.537376403808594, 69.68423461914062, -41.41913604736328, 104.46749877929688, -65.83881378173828, 245.56256103515625, 1.235041856765747], [-79.18998718261719, 59.00894546508789, -111.71924591064453, -1.2082620859146118, 52.045326232910156, -69.36884307861328, -11.423280715942383, 35.28654861450195, 44.811180114746094, -47.697200775146484, -27.154052734375, 1.235041856765747, 137.26602172851562]], "lowlevel.gfcc.icov": [[8.48073759698309e-05, 1.737482671160251e-05, 7.821236067684367e-05, 5.473960845847614e-05, 0.00014846707927063107, 0.00013176532229408622, 0.00010429872054373845, 1.6486288586747833e-05, 8.12449652585201e-05, 2.7736132324207574e-05, 5.5909546063048765e-05, 4.097703276784159e-05, 0.0001141395841841586], [1.737482671160251e-05, 0.000623068306595087, -0.00033855956280604005, 0.0005273428396321833, -0.00045819528168067336, 0.0006367811583913863, -8.35826140246354e-05, 0.0003411622310522944, 3.33470779878553e-05, 0.000628410663921386, -0.00048536056419834495, 0.000932882190681994, -2.4792892872937955e-05], [7.821236067684367e-05, -0.00033855956280604005, 0.0009399477276019752, -0.0006413777591660619, 0.00047926977276802063, -9.937089635059237e-05, -8.085508852673229e-06, 0.00036345134139992297, 0.0005058306269347668, -0.0006241859518922865, 0.0010813921689987183, -0.0009194240556098521, 0.00046416145050898194], [5.473960845847614e-05, 0.0005273428396321833, -0.0006413777591660619, 0.001747742178849876, -0.0008143792510963976, 0.0005521598504856229, 0.00037720706313848495, -0.000393816881114617, 2.705582301132381e-05, 0.0005129313212819397, -0.00041471593431197107, -4.2021732951980084e-05, 0.00010644109715940431], [0.00014846707927063107, -0.00045819528168067336, 0.00047926977276802063, -0.0008143792510963976, 0.002802061615511775, -0.0007362833712249994, 0.00039041312993504107, 0.00015941000310704112, -0.0002897020021919161, 6.755634240107611e-05, 0.0011570783099159598, 4.971519229002297e-05, -0.0004309738287702203], [0.00013176532229408622, 0.0006367811583913863, -9.937089635059237e-05, 0.0005521598504856229, -0.0007362833712249994, 0.0027865469455718994, -0.0009913253597915173, 0.0006129355169832706, 2.5851248210528865e-05, -0.0013022269122302532, 0.0007372249965555966, 0.0002529608318582177, 0.0008561953436583281], [0.00010429872054373845, -8.35826140246354e-05, -8.085508852673229e-06, 0.00037720706313848495, 0.00039041312993504107, -0.0009913253597915173, 0.0026010279543697834, -0.0012154197320342064, 0.0010920868953689933, 0.0008086941088549793, -0.0013934308663010597, 0.0002630412927828729, -0.00038078948273323476], [1.6486288586747833e-05, 0.0003411622310522944, 0.00036345134139992297, -0.000393816881114617, 0.00015941000310704112, 0.0006129355169832706, -0.0012154197320342064, 0.004235598258674145, -0.001204564468935132, 8.66434711497277e-05, 0.0009307927684858441, -0.0006325686699710786, -0.00017231062520295382], [8.12449652585201e-05, 3.33470779878553e-05, 0.0005058306269347668, 2.705582301132381e-05, -0.0002897020021919161, 2.5851248210528865e-05, 0.0010920868953689933, -0.001204564468935132, 0.005771550815552473, -0.0012830670457333326, -3.5089364246232435e-05, 0.0013860519975423813, -0.0013814971316605806], [2.7736132324207574e-05, 0.000628410663921386, -0.0006241859518922865, 0.0005129313212819397, 6.755634240107611e-05, -0.0013022269122302532, 0.0008086941088549793, 8.66434711497277e-05, -0.0012830670457333326, 0.005735579412430525, -0.0011038940865546465, 0.0005510785267688334, 0.0007922018994577229], [5.5909546063048765e-05, -0.00048536056419834495, 0.0010813921689987183, -0.00041471593431197107, 0.0011570783099159598, 0.0007372249965555966, -0.0013934308663010597, 0.0009307927684858441, -3.5089364246232435e-05, -0.0011038940865546465, 0.00706882681697607, -0.0011900955578312278, 0.0017329421825706959], [4.097703276784159e-05, 0.000932882190681994, -0.0009194240556098521, -4.2021732951980084e-05, 4.971519229002297e-05, 0.0002529608318582177, 0.0002630412927828729, -0.0006325686699710786, 0.0013860519975423813, 0.0005510785267688334, -0.0011900955578312278, 0.008484424091875553, -0.0014053418999537826], [0.0001141395841841586, -2.4792892872937955e-05, 0.00046416145050898194, 0.00010644109715940431, -0.0004309738287702203, 0.0008561953436583281, -0.00038078948273323476, -0.00017231062520295382, -0.0013814971316605806, 0.0007922018994577229, 0.0017329421825706959, -0.0014053418999537826, 0.009430769830942154]], "lowlevel.mfcc.cov": [[22704.9765625, 5692.611328125, -4756.33251953125, -1322.455078125, -1576.9027099609375, -3258.026611328125, -1184.240966796875, 134.5653076171875, -2317.117431640625, 731.2515869140625, -731.2369995117188, -731.9051513671875, 432.9522705078125], [5692.611328125, 7842.15966796875, -1562.2869873046875, -582.2603149414062, -825.4476928710938, -1725.9722900390625, -290.0809020996094, -185.1546173095703, -1290.256591796875, -90.72483825683594, -553.6245727539062, -593.2128295898438, 110.44660949707031], [-4756.33251953125, -1562.2869873046875, 3076.0361328125, 951.8865356445312, 365.4227600097656, 925.5564575195312, 207.3434600830078, -201.5818328857422, 482.7500915527344, -584.5106201171875, 113.27576446533203, 157.63580322265625, -15.352849960327148], [-1322.455078125, -582.2603149414062, 951.8865356445312, 1289.957763671875, 476.60888671875, -19.761201858520508, -146.85191345214844, 3.6930322647094727, 151.3269805908203, -389.99853515625, -100.91780090332031, 3.127906084060669, 39.954490661621094], [-1576.9027099609375, -825.4476928710938, 365.4227600097656, 476.60888671875, 958.6458129882812, 355.5130310058594, -274.2001037597656, -129.88441467285156, 316.2990417480469, -142.73712158203125, 2.490854501724243, 40.98744583129883, -67.93003845214844], [-3258.026611328125, -1725.9722900390625, 925.5564575195312, -19.761201858520508, 355.5130310058594, 1187.6884765625, 273.5356750488281, -126.9449691772461, 497.5249328613281, -72.78490447998047, 258.8691711425781, 168.48623657226562, -103.06056213378906], [-1184.240966796875, -290.0809020996094, 207.3434600830078, -146.85191345214844, -274.2001037597656, 273.5356750488281, 600.5843505859375, 170.629150390625, 112.88426971435547, 51.81649398803711, 112.23287963867188, 99.87650299072266, -32.892127990722656], [134.5653076171875, -185.1546173095703, -201.5818328857422, 3.6930322647094727, -129.88441467285156, -126.9449691772461, 170.629150390625, 362.0509033203125, 42.79124450683594, 54.196807861328125, 17.797866821289062, 8.444869995117188, -6.96074104309082], [-2317.117431640625, -1290.256591796875, 482.7500915527344, 151.3269805908203, 316.2990417480469, 497.5249328613281, 112.88426971435547, 42.79124450683594, 655.9427490234375, 3.8202106952667236, 114.32479858398438, 140.7606658935547, -92.00884246826172], [731.2515869140625, -90.72483825683594, -584.5106201171875, -389.99853515625, -142.73712158203125, -72.78490447998047, 51.81649398803711, 54.196807861328125, 3.8202106952667236, 412.0362548828125, 88.8470230102539, 9.328604698181152, 1.1796305179595947], [-731.2369995117188, -553.6245727539062, 113.27576446533203, -100.91780090332031, 2.490854501724243, 258.8691711425781, 112.23287963867188, 17.797866821289062, 114.32479858398438, 88.8470230102539, 263.2302551269531, 81.12352752685547, -6.023787021636963], [-731.9051513671875, -593.2128295898438, 157.63580322265625, 3.127906084060669, 40.98744583129883, 168.48623657226562, 99.87650299072266, 8.444869995117188, 140.7606658935547, 9.328604698181152, 81.12352752685547, 198.35122680664062, 7.402254581451416], [432.9522705078125, 110.44660949707031, -15.352849960327148, 39.954490661621094, -67.93003845214844, -103.06056213378906, -32.892127990722656, -6.96074104309082, -92.00884246826172, 1.1796305179595947, -6.023787021636963, 7.402254581451416, 145.10800170898438]], "lowlevel.mfcc.icov": [[0.00011184449977008626, 7.897998330008704e-06, 7.897229079389945e-05, 1.5804111171746626e-05, 8.376340701943263e-05, 7.973480387590826e-05, 0.0001524069084553048, -2.710012449824717e-05, 0.000186240766197443, -6.182943616295233e-05, 7.813629053998739e-05, 5.473618512041867e-05, -8.757944306125864e-05], [7.897998330008704e-06, 0.0002982888254337013, 2.79290816251887e-05, 0.00018549255037214607, -4.714729220722802e-05, 0.0004059001512359828, -0.00026080108364112675, 0.0003343553398735821, 0.00016406591748818755, 0.00028226961148902774, 7.184778951341286e-05, 0.0005189746734686196, 2.656497827047133e-06], [7.897229079389945e-05, 2.79290816251887e-05, 0.0008536018431186676, -0.0004704502644017339, 0.0003656901535578072, -0.00039052931242622435, -4.907440234092064e-05, 0.0003955248394049704, -0.00011594590614549816, 0.0006639179773628712, -9.384329314343631e-05, 6.570482219103724e-05, -0.00022152332530822605], [1.5804111171746626e-05, 0.00018549255037214607, -0.0004704502644017339, 0.001912803971208632, -0.0009301973623223603, 0.0010202646953985095, -0.0002692498092073947, -0.00020832399604842067, -0.0001547916472190991, 0.0010572143364697695, 4.714330498245545e-05, 0.00049289979506284, -0.0006765774451196194], [8.376340701943263e-05, -4.714729220722802e-05, 0.0003656901535578072, -0.0009301973623223603, 0.0024376290384680033, -0.0009804420405998826, 0.0014554973458871245, 7.295388058992103e-05, -0.0004244997107889503, -9.03664476936683e-05, 0.00026982862618751824, -0.00034273817436769605, 0.0006192525033839047], [7.973480387590826e-05, 0.0004059001512359828, -0.00039052931242622435, 0.0010202646953985095, -0.0009804420405998826, 0.00324244168587029, -0.0014251244720071554, 0.0014018561923876405, -0.0006283799884840846, 0.000854285666719079, -0.0013010849943384528, 0.0008384911925531924, 0.0002168660139432177], [0.0001524069084553048, -0.00026080108364112675, -4.907440234092064e-05, -0.0002692498092073947, 0.0014554973458871245, -0.0014251244720071554, 0.0038806169759482145, -0.0019267111783847213, 0.0003155770245939493, -0.0006478069117292762, 0.0001908380218083039, -0.0014288269449025393, 0.0005552996299229562], [-2.710012449824717e-05, 0.0003343553398735821, 0.0003955248394049704, -0.00020832399604842067, 7.295388058992103e-05, 0.0014018561923876405, -0.0019267111783847213, 0.004623615648597479, -0.0008376947371289134, 0.0005063058924861252, -0.0005940882838331163, 0.0009651051950640976, 0.00013126347039360553], [0.000186240766197443, 0.00016406591748818755, -0.00011594590614549816, -0.0001547916472190991, -0.0004244997107889503, -0.0006283799884840846, 0.0003155770245939493, -0.0008376947371289134, 0.003592302091419697, -0.0009080462623387575, 0.0004663968866225332, -0.0009672850137576461, 0.0010899913031607866], [-6.182943616295233e-05, 0.00028226961148902774, 0.0006639179773628712, 0.0010572143364697695, -9.03664476936683e-05, 0.000854285666719079, -0.0006478069117292762, 0.0005063058924861252, -0.0009080462623387575, 0.005013126879930496, -0.0015970453387126327, 0.000750982784666121, -0.0005304602673277259], [7.813629053998739e-05, 7.184778951341286e-05, -9.384329314343631e-05, 4.714330498245545e-05, 0.00026982862618751824, -0.0013010849943384528, 0.0001908380218083039, -0.0005940882838331163, 0.0004663968866225332, -0.0015970453387126327, 0.0061572520062327385, -0.0012009893544018269, -0.00046814591041766107], [5.473618512041867e-05, 0.0005189746734686196, 6.570482219103724e-05, 0.00049289979506284, -0.00034273817436769605, 0.0008384911925531924, -0.0014288269449025393, 0.0009651051950640976, -0.0009672850137576461, 0.000750982784666121, -0.0012009893544018269, 0.007974838837981224, -0.0016056940658017993], [-8.757944306125864e-05, 2.656497827047133e-06, -0.00022152332530822605, -0.0006765774451196194, 0.0006192525033839047, 0.0002168660139432177, 0.0005552996299229562, 0.00013126347039360553, 0.0010899913031607866, -0.0005304602673277259, -0.00046814591041766107, -0.0016056940658017993, 0.008647564798593521]], "metadata.audio_properties.analysis.downmix": "mix", "metadata.audio_properties.codec": "mp3", "metadata.audio_properties.md5_encoded": "f9692d54fd843f3d08162a2ae14f9bd7", "metadata.tags.file_name": "1183717864776159283.mp3", "metadata.version.essentia": "2.1-beta6-dev", "metadata.version.essentia_git_sha": "v2.1_beta5-1110-g77a6a954", "metadata.version.extractor": "music 2.0", "tonal.chords_key": "F", "tonal.chords_scale": "major", "tonal.key_edma.key": "Bb", "tonal.key_edma.scale": "major", "tonal.key_krumhansl.key": "Bb", "tonal.key_krumhansl.scale": "major", "tonal.key_temperley.key": "Bb", "tonal.key_temperley.scale": "major", "metadata.tags.encoding": ["Lavf58.45.100"]}, "essentia_models": [{"model_name": "genre_dortmund", "activations": {"alternative": "0.049766228", "blues": "0.02396465", "electronic": "0.009519392", "folkcountry": "0.019618286", "funksoulrnb": "0.03885463", "jazz": "0.015258248", "pop": "0.007359974", "raphiphop": "0.94376236", "rock": "0.046480555"}}, {"model_name": "genre_rosamerica", "activations": {"classic": "0.016369442", "dance": "0.000367627