{"song_id": "1183694774939688980", "download": "https://cdn.discordapp.com/attachments/1135903449314238464/1183694774939688980/chirp.mp4?ex=658944aa&amp", "lyrics": "\u5728\u5bf0\u5b87\u7684\u5929\u7a7a\u4e0b\uff0c\u6211\u5011\u66fe\u4e26\u80a9\u4f5c\u6230\uff0c\n\u90a3\u4e9b\u65e5\u8207\u591c\uff0c\u6211\u5011\u5171\u540c\u8ffd\u5922\u3001\u5171\u540c\u7b11\u8ac7\u3002\n\u6bcf\u4e00\u9053\u6311\u6230\uff0c\u6211\u5011\u651c\u624b\u8de8\u8d8a\uff0c\n\u5728\u90a3\u7121\u76e1\u7684\u8fa6\u516c\u684c\u65c1\uff0c\u6211\u5011\u5f7c\u6b64\u7684\u5922\u60f3\u6210\u9577\u3002\n\n\u56de\u9996\u90a3\u4e9b\u5e74\uff0c\u6642\u5149\u5982\u6c34\u6d41\u6dcc\uff0c\n\u5728\u90a3\u4e9b\u65e5\u5b50\u88e1\uff0c\u4f60\u5011\u4e0d\u50c5\u662f\u540c\u4e8b\uff0c\u66f4\u662f\u670b\u53cb\u3002\n\u5728\u5fd9\u788c\u8207\u58d3\u529b\u4e2d\uff0c\u6211\u5011\u5b78\u6703\u4e86\u4fe1\u4efb\u8207\u5305\u5bb9\uff0c\n\u5171\u540c\u5ea6\u904e\u7684\u6bcf\u4e00\u523b\uff0c\u90fd\u9444\u5c31\u4e86\u6211\u5011\u60c5\u8abc\u7684\u7d00\u5ff5\u3002\n\n\u96d6\u7136\u73fe\u5728\u6211\u5011\u5404\u5954\u524d\u7a0b\uff0c\n\u4f46\u90a3\u6bb5\u65e5\u5b50\u88e1\u7684\u7b11\u8072\u3001\u6dda\u6c34\u4f9d\u7136\u6b77\u6b77\u5728\u76ee\u3002\n\u5bf0\u5b87\u516c\u53f8\u7684\u56de\u61b6\uff0c\u5982\u540c\u661f\u5149\u9583\u720d\uff0c\n\u7167\u4eae\u4e86\u6211\u5011\u5404\u81ea\u7684\u9053\u8def\uff0c\u5f15\u9818\u6211\u5011\u5411\u524d\u3002\n\n\u5728\u4e0d\u540c\u7684\u5929\u7a7a\u4e0b\uff0c\u6211\u5011\u4ecd\u7136\u61f7\u5ff5\uff0c\n\u90a3\u6bb5\u65e5\u5b50\u88e1\u7684\u6bcf\u4e00\u523b\uff0c\u90fd\u662f\u6211\u5011\u5bf6\u8cb4\u7684\u5bf6\u77f3\u3002\n\u4e0d\u8ad6\u5728\u4e16\u754c\u7684\u54ea\u500b\u89d2\u843d\uff0c\u6211\u5011\u7684\u5fc3\u4ecd\u76f8\u9023\uff0c\n\u56e0\u70ba\u90a3\u4e9b\u5e74\uff0c\u6211\u5011\u5728\u5bf0\u5b87\u516c\u53f8\uff0c\u5171\u5275\u7684\u7f8e\u597d\u6642\u5149\u3002", "style": ["random"], "essentia_features": {"lowlevel.average_loudness": 0.9308606386184692, "lowlevel.barkbands_crest.mean": 11.298483848571777, "lowlevel.barkbands_crest.stdev": 5.924111366271973, "lowlevel.barkbands_flatness_db.mean": 0.24554143846035004, "lowlevel.barkbands_flatness_db.stdev": 0.23602832853794098, "lowlevel.barkbands_kurtosis.mean": 9.118512153625488, "lowlevel.barkbands_kurtosis.stdev": 29.02475357055664, "lowlevel.barkbands_skewness.mean": 1.3087186813354492, "lowlevel.barkbands_skewness.stdev": 1.9127752780914307, "lowlevel.barkbands_spread.mean": 29.68604278564453, "lowlevel.barkbands_spread.stdev": 24.01902961730957, "lowlevel.dissonance.mean": 0.4226287007331848, "lowlevel.dissonance.stdev": 0.11436458677053452, "lowlevel.dynamic_complexity": 2.7391178607940674, "lowlevel.erbbands_crest.mean": 10.409772872924805, "lowlevel.erbbands_crest.stdev": 6.246908187866211, "lowlevel.erbbands_flatness_db.mean": 0.2451210469007492, "lowlevel.erbbands_flatness_db.stdev": 0.18216468393802643, "lowlevel.erbbands_kurtosis.mean": 3.868006467819214, "lowlevel.erbbands_kurtosis.stdev": 7.484172344207764, "lowlevel.erbbands_skewness.mean": -0.056759171187877655, "lowlevel.erbbands_skewness.stdev": 1.3789618015289307, "lowlevel.erbbands_spread.mean": 32.36693572998047, "lowlevel.erbbands_spread.stdev": 24.751373291015625, "lowlevel.hfc.mean": 28.141029357910156, "lowlevel.hfc.stdev": 27.057344436645508, "lowlevel.loudness_ebu128.integrated": -12.363075256347656, "lowlevel.loudness_ebu128.loudness_range": 9.34107494354248, "lowlevel.loudness_ebu128.momentary.mean": -20.072385787963867, "lowlevel.loudness_ebu128.momentary.stdev": 41.6617546081543, "lowlevel.loudness_ebu128.short_term.mean": -13.447542190551758, "lowlevel.loudness_ebu128.short_term.stdev": 3.520476818084717, "lowlevel.melbands_crest.mean": 15.725728988647461, "lowlevel.melbands_crest.stdev": 5.487499237060547, "lowlevel.melbands_flatness_db.mean": 0.31573256850242615, "lowlevel.melbands_flatness_db.stdev": 0.26602619886398315, "lowlevel.melbands_kurtosis.mean": 11.909329414367676, "lowlevel.melbands_kurtosis.stdev": 17.961538314819336, "lowlevel.melbands_skewness.mean": 2.3878517150878906, "lowlevel.melbands_skewness.stdev": 1.8540246486663818, "lowlevel.melbands_spread.mean": 33.233917236328125, "lowlevel.melbands_spread.stdev": 34.69523239135742, "lowlevel.pitch_salience.mean": 0.5693499445915222, "lowlevel.pitch_salience.stdev": 0.130509153008461, "lowlevel.silence_rate_20dB.mean": 1.0, "lowlevel.silence_rate_20dB.stdev": 0.0, "lowlevel.silence_rate_30dB.mean": 1.0, "lowlevel.silence_rate_30dB.stdev": 0.0, "lowlevel.silence_rate_60dB.mean": 0.06083429977297783, "lowlevel.silence_rate_60dB.stdev": 0.2390250563621521, "lowlevel.spectral_centroid.mean": 1886.7518310546875, "lowlevel.spectral_centroid.stdev": 1956.9976806640625, "lowlevel.spectral_complexity.mean": 24.73464584350586, "lowlevel.spectral_complexity.stdev": 18.62273597717285, "lowlevel.spectral_decrease.mean": -6.21386320176498e-09, "lowlevel.spectral_decrease.stdev": 4.527338948179249e-09, "lowlevel.spectral_energy.mean": 0.026005052030086517, "lowlevel.spectral_energy.stdev": 0.018381690606474876, "lowlevel.spectral_energyband_high.mean": 0.0021019577980041504, "lowlevel.spectral_energyband_high.stdev": 0.0025936292950063944, "lowlevel.spectral_energyband_low.mean": 0.00891374982893467, "lowlevel.spectral_energyband_low.stdev": 0.01186011079698801, "lowlevel.spectral_energyband_middle_high.mean": 0.004724259953945875, "lowlevel.spectral_energyband_middle_high.stdev": 0.004621474072337151, "lowlevel.spectral_energyband_middle_low.mean": 0.010865637101233006, "lowlevel.spectral_energyband_middle_low.stdev": 0.011654677800834179, "lowlevel.spectral_entropy.mean": 6.842325210571289, "lowlevel.spectral_entropy.stdev": 1.9167046546936035, "lowlevel.spectral_flux.mean": 0.07208875566720963, "lowlevel.spectral_flux.stdev": 0.052055954933166504, "lowlevel.spectral_kurtosis.mean": 71.2953109741211, "lowlevel.spectral_kurtosis.stdev": 137.01492309570312, "lowlevel.spectral_rms.mean": 0.00464591383934021, "lowlevel.spectral_rms.stdev": 0.00194583332631737, "lowlevel.spectral_rolloff.mean": 2567.715576171875, "lowlevel.spectral_rolloff.stdev": 3579.757080078125, "lowlevel.spectral_skewness.mean": 4.47573184967041, "lowlevel.spectral_skewness.stdev": 5.89169979095459, "lowlevel.spectral_spread.mean": 4749420.5, "lowlevel.spectral_spread.stdev": 6806244.5, "lowlevel.spectral_strongpeak.mean": 0.5844306945800781, "lowlevel.spectral_strongpeak.stdev": 0.648119330406189, "lowlevel.zerocrossingrate.mean": 0.08597257733345032, "lowlevel.zerocrossingrate.stdev": 0.09734217077493668, "metadata.audio_properties.analysis.equal_loudness": 0.0, "metadata.audio_properties.analysis.length": 40.04265213012695, "metadata.audio_properties.analysis.sample_rate": 44100.0, "metadata.audio_properties.analysis.start_time": 0.0, "metadata.audio_properties.bit_rate": 118218.0, "metadata.audio_properties.length": 40.042667388916016, "metadata.audio_properties.lossless": 0.0, "metadata.audio_properties.number_channels": 1.0, "metadata.audio_properties.replay_gain": -14.454622268676758, "metadata.audio_properties.sample_rate": 48000.0, "rhythm.beats_count": 106.0, "rhythm.beats_loudness.mean": 0.03377135470509529, "rhythm.beats_loudness.stdev": 0.02001219242811203, "rhythm.bpm": 163.05516052246094, "rhythm.bpm_histogram_first_peak_bpm": 161.0, "rhythm.bpm_histogram_first_peak_weight": 0.15625, "rhythm.bpm_histogram_second_peak_bpm": 167.0, "rhythm.bpm_histogram_second_peak_spread": 0.0, "rhythm.bpm_histogram_second_peak_weight": 0.21904762089252472, "rhythm.danceability": 1.118729591369629, "rhythm.onset_rate": 2.87109375, "tonal.chords_changes_rate": 0.0486111119389534, "tonal.chords_number_rate": 0.011574073694646358, "tonal.chords_strength.mean": 0.48581191897392273, "tonal.chords_strength.stdev": 0.09481362998485565, "tonal.hpcp_crest.mean": 11.063216209411621, "tonal.hpcp_crest.stdev": 6.0511860847473145, "tonal.hpcp_entropy.mean": 2.3507089614868164, "tonal.hpcp_entropy.stdev": 0.9296401143074036, "tonal.key_edma.strength": 0.7038812637329102, "tonal.key_krumhansl.strength": 0.7014999985694885, "tonal.key_temperley.strength": 0.7044734954833984, "tonal.tuning_diatonic_strength": 0.5920076370239258, "tonal.tuning_equal_tempered_deviation": 0.09952179342508316, "tonal.tuning_frequency": 440.2542419433594, "tonal.tuning_nontempered_energy_ratio": 0.7422114610671997, "lowlevel.barkbands.mean": [0.0007765922928228974, 0.004091106355190277, 0.003465206827968359, 0.0027172903064638376, 0.005829488858580589, 0.0013184930430725217, 0.0006753169582225382, 0.0001422239001840353, 0.0001638574613025412, 0.00011294694559182972, 0.00018939326400868595, 0.00039620487950742245, 0.00038687590858899057, 0.00021171124535612762, 0.0003311678010504693, 0.0009349672473035753, 0.0009381716372445226, 0.00035240192664787173, 0.0006419449928216636, 0.0004615905345417559, 0.0007630371837876737, 0.00032341235782951117, 0.00019795927801169455, 0.0002209097146987915, 0.00020345636585261673, 0.00014919496607035398, 1.0125941116712056e-05], "lowlevel.barkbands.stdev": [0.0009873035596683621, 0.0070425644516944885, 0.00524879852309823, 0.0032655019313097, 0.00970503780990839, 0.002006700960919261, 0.0015672612935304642, 0.0008028581505641341, 0.00043641807860694826, 0.00023303493799176067, 0.0008062176057137549, 0.0005359025090001523, 0.0006796150119043887, 0.0003306051658000797, 0.00047234498197212815, 0.0011873539770022035, 0.0011416514171287417, 0.00037798238918185234, 0.0007018293836154044, 0.0005008926964364946, 0.0009149655816145241, 0.000436602218542248, 0.00033045827876776457, 0.0004267508629709482, 0.00038759357994422317, 0.0003456788253970444, 2.7955717087024823e-05], "lowlevel.erbbands.mean": [0.1097949892282486, 0.9741873741149902, 3.7415215969085693, 6.5461907386779785, 16.87894630432129, 20.3756046295166, 10.176576614379883, 12.079022407531738, 10.13862133026123, 6.601155757904053, 2.9508280754089355, 3.530446767807007, 3.493990898132324, 5.3251872062683105, 9.367207527160645, 17.145811080932617, 18.860502243041992, 11.298809051513672, 14.587475776672363, 24.257360458374023, 61.877384185791016, 51.50286102294922, 21.438013076782227, 28.602510452270508, 29.927759170532227, 21.63099479675293, 30.457551956176758, 25.282556533813477, 13.033548355102539, 7.364121913909912, 5.31732702255249, 4.596122741699219, 3.668851613998413, 2.37796950340271, 1.3741233348846436, 0.7044318318367004, 0.265372097492218, 0.04508107155561447, 0.0011597409611567855, 6.606136594200507e-05], "lowlevel.erbbands.stdev": [0.22841031849384308, 1.5958231687545776, 5.410674095153809, 7.913646221160889, 36.16184997558594, 27.70932388305664, 13.278609275817871, 17.77243995666504, 22.407873153686523, 23.557981491088867, 16.953571319580078, 8.827436447143555, 8.012849807739258, 13.827744483947754, 22.41639518737793, 22.088436126708984, 30.569917678833008, 22.695396423339844, 17.96078109741211, 31.773860931396484, 78.93172454833984, 60.62530517578125, 23.03126335144043, 30.79730987548828, 33.37983322143555, 23.133689880371094, 35.70402526855469, 30.820789337158203, 17.425626754760742, 11.023693084716797, 9.155808448791504, 8.752470970153809, 7.197454929351807, 4.540850639343262, 2.7176692485809326, 1.6074028015136719, 0.6259689927101135, 0.11268967390060425, 0.002793265972286463, 8.530643390258774e-05], "lowlevel.gfcc.mean": [-118.9713134765625, 98.92089080810547, -82.49951171875, 39.29913330078125, -39.594276428222656, -5.757458209991455, -46.12432861328125, -13.150354385375977, -34.55900955200195, -7.4170002937316895, -17.55371856689453, 0.050976820290088654, -5.708494186401367], "lowlevel.melbands.mean": [0.0010727070039138198, 0.001702606794424355, 0.00147512077819556, 0.0013766554184257984, 0.0004870104312431067, 0.0002666217915248126, 0.00014513904170598835, 6.0840960941277444e-05, 2.121229044860229e-05, 2.2991738660493866e-05, 1.744295150274411e-05, 2.0709969248855487e-05, 2.9202639780123718e-05, 3.9276641473406926e-05, 5.3078383643878624e-05, 3.1922296329867095e-05, 1.9097238691756502e-05, 2.2181398890097626e-05, 2.4565777493990026e-05, 4.260859714122489e-05, 7.984293188201264e-05, 5.9620855608955026e-05, 2.643970583449118e-05, 1.5688590792706236e-05, 2.3737711671856232e-05, 2.4459068299620412e-05, 1.743710890877992e-05, 1.3204764400143176e-05, 1.69856684806291e-05, 2.1886700778850354e-05, 1.2176845302747097e-05, 7.936442671052646e-06, 4.817783519683871e-06, 3.8066164051997475e-06, 3.04190075439692e-06, 2.8794313493563095e-06, 2.801992650347529e-06, 2.7005864922102774e-06, 2.1930202365183504e-06, 1.936644366651308e-06], "lowlevel.melbands.stdev": [0.001979457912966609, 0.0023812290746718645, 0.0018419100670143962, 0.0023251273669302464, 0.0006579241016879678, 0.0003881329612340778, 0.0003212086739949882, 0.00022779374558012933, 0.00011202573659829795, 6.322585250018165e-05, 4.100318255950697e-05, 5.273911665426567e-05, 0.00011002489918610081, 5.13614977535326e-05, 8.147486369125545e-05, 5.804992179037072e-05, 3.82611142413225e-05, 2.8538424885482527e-05, 3.258464494138025e-05, 5.265565050649457e-05, 0.00010455023584654555, 7.32053886167705e-05, 3.439619831624441e-05, 1.757409336278215e-05, 2.6303840058972128e-05, 2.8400143492035568e-05, 1.9960731151513755e-05, 1.4450823073275387e-05, 1.978222280740738e-05, 2.8578402634593658e-05, 1.5304343833122402e-05, 1.07489386209636e-05, 7.318615189433331e-06, 6.023108198860427e-06, 5.180315383768175e-06, 5.717849944630871e-06, 5.457959559862502e-06, 5.420204615802504e-06, 4.2686860979301855e-06, 3.816416210611351e-06], "lowlevel.melbands128.mean": [0.0002707631792873144, 0.0008207812788896263, 0.001371230697259307, 0.0016301559517160058, 0.0019506466342136264, 0.0015945987543091178, 0.0011685013305395842, 0.001515864860266447, 0.0018580729374662042, 0.0013764905743300915, 0.0011942187556996942, 0.0006643264787271619, 0.00017773648141883314, 0.0004269411729183048, 0.0003318753733765334, 0.00013085045793559402, 0.00016928337572608143, 0.00016535537724848837, 8.656126010464504e-05, 8.524837903678417e-05, 3.270939487265423e-05, 3.237422788515687e-05, 1.3315045180206653e-05, 1.9005052308784798e-05, 2.449844396323897e-05, 2.3006841729511507e-05, 2.652449438755866e-05, 1.1032491784135345e-05, 1.5907391571090557e-05, 2.1196781744947657e-05, 1.743902248563245e-05, 2.918638892879244e-05, 3.343732169014402e-05, 2.3478893126593903e-05, 3.746279253391549e-05, 4.1470371797913685e-05, 4.613370037986897e-05, 5.386540578911081e-05, 6.555857544299215e-05, 3.5393608413869515e-05, 2.043020685960073e-05, 3.122901398455724e-05, 1.656430868024472e-05, 1.4340852430905215e-05, 2.0398718334035948e-05, 2.3870388758950867e-05, 2.5201346943504177e-05, 1.9832550606224686e-05, 2.477980888215825e-05, 3.605432721087709e-05, 3.693258258863352e-05, 5.357326881494373e-05, 9.166998643195257e-05, 8.605633047409356e-05, 7.038441253826022e-05, 6.464261241490021e-05, 4.130680099478923e-05, 3.38669415214099e-05, 1.9907231035176665e-05, 1.3787744137516711e-05, 1.4364683920575771e-05, 1.6691448763594963e-05, 2.288794166815933e-05, 2.6484050977160223e-05, 2.442436925775837e-05, 2.5919889594661072e-05, 2.4079543436528184e-05, 1.8334707419853657e-05, 1.6149722796399146e-05, 1.607697231520433e-05, 1.1298647223156877e-05, 1.2652519217226654e-05, 1.5386978702736087e-05, 1.688678821665235e-05, 1.994475314859301e-05, 2.5814968466875143e-05, 2.1456897229654714e-05, 1.3484054761647712e-05, 1.1903927770617884e-05, 9.534696800983511e-06, 9.13098301680293e-06, 6.9355669438664336e-06, 5.707593572878977e-06, 4.733648438559612e-06, 3.82533153242548e-06, 4.09409221902024e-06, 3.705302106027375e-06, 3.4735805911623174e-06, 2.9678376449737698e-06, 2.7170551675226307e-06, 2.936923010565806e-06, 3.041337549802847e-06, 2.643385869305348e-06, 2.743767709034728e-06, 2.927375589933945e-06, 2.876122380257584e-06, 2.7035373477701796e-06, 2.3588099793414585e-06, 2.196560217271326e-06, 2.0792278974113287e-06, 2.0786778804904316e-06, 1.892696332106425e-06, 1.8589884120956413e-06, 1.6181138562387787e-06, 1.6371842548323912e-06, 1.3253521728984197e-06, 1.4046567002878874e-06, 1.333263185188116e-06, 1.1904054417755106e-06, 1.15255932087166e-06, 1.1246058875258313e-06, 7.704873041802784e-07, 8.890188496479823e-07, 8.229076229326893e-07, 5.917344196859631e-07, 4.5736564402432123e-07, 3.1441481951333117e-07, 1.0955547935509458e-07, 1.0572985154055914e-08, 2.779923860551925e-11, 2.6770644728779658e-11, 1.640459643126313e-11, 9.986682487916898e-12, 8.928338103564304e-12, 7.2487567163992406e-12, 4.928061431153097e-12, 3.622678762874032e-12, 3.4019440910137977e-12], "lowlevel.melbands128.stdev": [0.0004792124673258513, 0.0018244412494823337, 0.0029224532190710306, 0.0027499522548168898, 0.0029386025853455067, 0.002515289233997464, 0.0017150869825854897, 0.0019152042223140597, 0.004808997269719839, 0.003048243699595332, 0.0018263544188812375, 0.0010223686695098877, 0.00030713327578268945, 0.0008248380036093295, 0.0005742773646488786, 0.00030322399106808007, 0.0004434151342138648, 0.0005192661774344742, 0.0002810079022310674, 0.00042368637514300644, 0.00016977780614979565, 0.0002967023174278438, 7.94543739175424e-05, 4.4428077671909705e-05, 7.217039092211053e-05, 0.00010396245488664135, 0.00011156503751408309, 2.3035912818158977e-05, 4.571970202960074e-05, 6.336080696200952e-05, 4.188263847026974e-05, 0.00020489365851972252, 0.0001708021736703813, 3.155656304443255e-05, 7.287367770913988e-05, 6.444547761930153e-05, 7.567692955490202e-05, 0.00010999395453836769, 0.00014705756620969623, 6.987887172726914e-05, 4.813519262825139e-05, 0.0001344793854514137, 3.677957647596486e-05, 2.2120317225926556e-05, 3.823820225079544e-05, 3.859724893118255e-05, 4.3917832954321057e-05, 3.0100945878075436e-05, 4.929784336127341e-05, 6.87573483446613e-05, 5.62423410883639e-05, 8.804076060187072e-05, 0.0001530335721326992, 0.00014056204236112535, 0.00010191531328018755, 9.922697063302621e-05, 5.834635885548778e-05, 6.50747970212251e-05, 2.6386809622636065e-05, 1.7329621186945587e-05, 2.1488574930117466e-05, 2.143228084605653e-05, 2.8348355044727214e-05, 3.353230204083957e-05, 3.3840879041235894e-05, 3.454263060120866e-05, 3.302224286017008e-05, 2.4158447558875196e-05, 2.1466901671374217e-05, 2.1321904569049366e-05, 1.3880465303373057e-05, 1.568450352351647e-05, 1.985585731745232e-05, 2.1880292479181662e-05, 2.9187483960413374e-05, 3.671790182124823e-05, 3.105554424109869e-05, 1.9850467651849613e-05, 1.6455664081149735e-05, 1.3244080037111416e-05, 1.3086186299915425e-05, 1.0951682270388119e-05, 9.579660400049761e-06, 7.979490874276962e-06, 6.1344112509686965e-06, 6.880901310069021e-06, 6.51102982374141e-06, 6.192584351083497e-06, 5.3714024943474215e-06, 5.281644916976802e-06, 6.257774202822475e-06, 6.809995738876751e-06, 5.504474302142626e-06, 5.832430815644329e-06, 6.1690734582953155e-06, 5.744135705754161e-06, 5.931887699262006e-06, 5.261357273411704e-06, 4.538811026577605e-06, 4.31729404226644e-06, 4.4056241677026264e-06, 4.0587756302556954e-06, 3.873171408486087e-06, 3.69511167264136e-06, 3.4859549487009645e-06, 2.81870643448201e-06, 3.3456135497544892e-06, 3.422214149395586e-06, 3.23779886457487e-06, 2.6745103696157457e-06, 2.7048463380197063e-06, 1.8580608411866706e-06, 2.409325816188357e-06, 2.049345766863553e-06, 1.6223441434704e-06, 1.4109933772488148e-06, 8.437019687335123e-07, 4.0124513134287554e-07, 8.09231934795207e-08, 7.066141005651616e-10, 7.130646628716875e-10, 3.1851349335809687e-10, 1.8607583529561822e-10, 1.7067219859612237e-10, 1.2113048064588128e-10, 4.5750948168832295e-11, 7.7540101076079e-12, 5.014190885416214e-12], "lowlevel.mfcc.mean": [-743.528076171875, 120.0095443725586, 17.50847816467285, 42.4993896484375, 18.357995986938477, 9.039249420166016, -0.8970077633857727, -7.7962422370910645, -8.759596824645996, -17.585811614990234, -15.511506080627441, -5.8030548095703125, -5.530390739440918], "lowlevel.spectral_contrast_coeffs.mean": [-0.6160290241241455, -0.7372435331344604, -0.8219028115272522, -0.8208512663841248, -0.8248798251152039, -0.7725340723991394], "lowlevel.spectral_contrast_coeffs.stdev": [0.14919745922088623, 0.09708128869533539, 0.0602445974946022, 0.06847693026065826, 0.05442320927977562, 0.09881027042865753], "lowlevel.spectral_contrast_valleys.mean": [-7.829610824584961, -8.49465274810791, -8.904609680175781, -8.965605735778809, -8.917086601257324, -11.632989883422852], "lowlevel.spectral_contrast_valleys.stdev": [3.79264497756958, 3.665722608566284, 3.8160293102264404, 4.073336124420166, 4.387218475341797, 3.7889699935913086], "rhythm.beats_loudness_band_ratio.mean": [0.46958523988723755, 0.410146027803421, 0.02206580527126789, 0.02471785992383957, 0.06450169533491135, 0.10279959440231323], "rhythm.beats_loudness_band_ratio.stdev": [0.26478150486946106, 0.33894863724708557, 0.04081496596336365, 0.02654183842241764, 0.06656026840209961, 0.11730203032493591], "tonal.hpcp.mean": [0.28297296166419983, 0.1339406669139862, 0.03730123117566109, 0.03555908426642418, 0.04386407881975174, 0.18826809525489807, 0.356328547000885, 0.22855664789676666, 0.0604730062186718, 0.04359450191259384, 0.03767454996705055, 0.059557199478149414, 0.08975878357887268, 0.07635587453842163, 0.05372760072350502, 0.048959702253341675, 0.04690336808562279, 0.05022212862968445, 0.04910532012581825, 0.04748113825917244, 0.19297431409358978, 0.3813187777996063, 0.24032554030418396, 0.04527279734611511, 0.029658997431397438, 0.028370656073093414, 0.08866815268993378, 0.15244494378566742, 0.12149600684642792, 0.09207528829574585, 0.0959009975194931, 0.0903705433011055, 0.09398876875638962, 0.07605551928281784, 0.06495855003595352, 0.20767663419246674], "tonal.hpcp.stdev": [0.39050936698913574, 0.21921731531620026, 0.11765104532241821, 0.13075943291187286, 0.15388700366020203, 0.23876354098320007, 0.39754989743232727, 0.27610963582992554, 0.15558479726314545, 0.12317069619894028, 0.10149166733026505, 0.12179666012525558, 0.16922752559185028, 0.14133314788341522, 0.10643983632326126, 0.10049043595790863, 0.0995134636759758, 0.10169511288404465, 0.10717929154634476, 0.1049724817276001, 0.2195786088705063, 0.3674885034561157, 0.2636789381504059, 0.11341726779937744, 0.10094189643859863, 0.09720860421657562, 0.1965407431125641, 0.30718937516212463, 0.24355340003967285, 0.22662757337093353, 0.23117250204086304, 0.2181435078382492, 0.2117919623851776, 0.16842395067214966, 0.14061656594276428, 0.2979665696620941], "rhythm.beats_position": [0.3715192675590515, 0.743038535118103, 1.1145577430725098, 1.486077070236206, 1.8575963973999023, 2.240725517272949, 2.623854875564575, 3.041814088821411, 3.4481632709503174, 3.842902421951294, 4.23764181137085, 4.643990993499756, 5.050340175628662, 5.456689357757568, 5.874648571014404, 6.269387722015381, 6.675736904144287, 7.070476055145264, 7.46521520614624, 7.848344326019287, 8.243083953857422, 8.626213073730469, 8.997732162475586, 9.369251251220703, 9.74077033996582, 10.123900413513184, 10.4954195022583, 10.878548622131348, 11.261677742004395, 11.633196830749512, 12.004715919494629, 12.376235961914062, 12.74775505065918, 13.119274139404297, 13.490793228149414, 13.862312316894531, 14.233832359313965, 14.605351448059082, 14.988480567932129, 15.383219718933105, 15.766348838806152, 16.161088943481445, 16.555828094482422, 16.9505672454834, 17.345306396484375, 17.716825485229492, 18.08834457397461, 18.459863662719727, 18.819772720336914, 19.1796817779541, 19.55120086669922, 19.922719955444336, 20.294239044189453, 20.654150009155273, 21.02566909790039, 21.385578155517578, 21.757097244262695, 22.128616333007812, 22.50013542175293, 22.871654510498047, 23.231563568115234, 23.591472625732422, 23.951383590698242, 24.32290267944336, 24.706031799316406, 25.077550888061523, 25.43745994567871, 25.808979034423828, 26.180498123168945, 26.540407180786133, 26.90031623840332, 27.26022720336914, 27.631746292114258, 27.991655349731445, 28.351564407348633, 28.72308349609375, 29.094602584838867, 29.466121673583984, 29.826030731201172, 30.19754981994629, 30.557458877563477, 30.928979873657227, 31.300498962402344, 31.67201805114746, 32.031925201416016, 32.403446197509766, 32.774967193603516, 33.1348762512207, 33.50639343261719, 33.87791442871094, 34.24943161010742, 34.62095260620117, 34.98086166381836, 35.34077072143555, 35.71228790283203, 36.072200775146484, 36.43210983276367, 36.79201889038086, 37.15192794799805, 37.52344512939453, 37.89496612548828, 38.266483306884766, 38.638004302978516, 39.009521484375, 39.38104248046875, 39.7525634765625], "rhythm.bpm_histogram": [0.0, 0.0, 0.0, 0.0, 0.0, 0.0, 0.0, 0.0, 0.0, 0.0, 0.0, 0.0, 0.0, 0.0, 0.0, 0.0, 0.0, 0.0, 0.0, 0.0, 0.0, 0.0, 0.0, 0.0, 0.0, 0.0, 0.0, 0.0, 0.0, 0.0, 0.0, 0.0, 0.0, 0.0, 0.0, 0.0, 0.0, 0.0, 0.0, 0.0, 0.0, 0.0, 0.0, 0.0, 0.0, 0.0, 0.0, 0.0, 0.0, 0.0, 0.0, 0.0, 0.0, 0.0, 0.0, 0.0, 0.0, 0.0, 0.0, 0.0, 0.0, 0.0, 0.0, 0.0, 0.0, 0.0, 0.0, 0.0, 0.0, 0.0, 0.0, 0.0, 0.0, 0.0, 0.0, 0.0, 0.0, 0.0, 0.0, 0.0, 0.0, 0.0, 0.0, 0.0, 0.0, 0.0, 0.0, 0.0, 0.0, 0.0, 0.0, 0.0, 0.0, 0.0, 0.0, 0.0, 0.0, 0.0, 0.0, 0.0, 0.0, 0.0, 0.0, 0.0, 0.0, 0.0, 0.0, 0.0, 0.0, 0.0, 0.0, 0.0, 0.0, 0.0, 0.0, 0.0, 0.0, 0.0, 0.0, 0.0, 0.0, 0.0, 0.0, 0.0, 0.0, 0.0, 0.0, 0.0, 0.0, 0.0, 0.0, 0.0, 0.0, 0.0, 0.0, 0.0, 0.0, 0.0, 0.0, 0.0, 0.0, 0.0, 0.0, 0.0, 0.01904761977493763, 0.0, 0.0, 0.0, 0.0476190485060215, 0.0, 0.0, 0.0, 0.10476190596818924, 0.0, 0.0, 0.0, 0.0, 0.095238097012043, 0.0, 0.0, 0.0, 0.5142857432365417, 0.0, 0.0, 0.0, 0.0, 0.0, 0.21904762089252472, 0.0, 0.0, 0.0, 0.0, 0.0, 0.0, 0.0, 0.0, 0.0, 0.0, 0.0, 0.0, 0.0, 0.0, 0.0, 0.0, 0.0, 0.0, 0.0, 0.0, 0.0, 0.0, 0.0, 0.0, 0.0, 0.0, 0.0, 0.0, 0.0, 0.0, 0.0, 0.0, 0.0, 0.0, 0.0, 0.0, 0.0, 0.0, 0.0, 0.0, 0.0, 0.0, 0.0, 0.0, 0.0, 0.0, 0.0, 0.0, 0.0, 0.0, 0.0, 0.0, 0.0, 0.0, 0.0, 0.0, 0.0, 0.0, 0.0, 0.0, 0.0, 0.0, 0.0, 0.0, 0.0, 0.0, 0.0, 0.0, 0.0, 0.0, 0.0, 0.0, 0.0, 0.0, 0.0, 0.0, 0.0, 0.0, 0.0, 0.0, 0.0, 0.0], "tonal.chords_histogram": [12.5, 0.3472222089767456, 11.458333015441895, 1.8518518209457397, 6.94444465637207, 29.629629135131836, 20.254629135131836, 3.5879628658294678, 0.0, 1.9675925970077515, 0.0, 4.745370388031006, 0.0, 0.0, 0.0, 0.11574073880910873, 0.0, 0.0, 0.0, 0.0, 0.0, 0.0, 6.597222328186035, 0.0], "tonal.thpcp": [1.0, 0.6302483677864075, 0.11872690171003342, 0.07778006047010422, 0.07440141588449478, 0.23253025114536285, 0.3997834622859955, 0.31862056255340576, 0.24146538972854614, 0.2514982223510742, 0.23699474334716797, 0.2464834451675415, 0.1994539052248001, 0.17035235464572906, 0.5446273684501648, 0.7420902848243713, 0.351256400346756, 0.09782164543867111, 0.09325290471315384, 0.11503256857395172, 0.4937288761138916, 0.9344636797904968, 0.5993847250938416, 0.15858910977840424, 0.114325612783432, 0.0988006666302681, 0.15618743002414703, 0.23539040982723236, 0.2002415806055069, 0.1408994346857071, 0.12839572131633759, 0.1230030357837677, 0.13170641660690308, 0.1287776082754135, 0.12451823055744171, 0.5060708522796631], "lowlevel.gfcc.cov": [[85732.875, -10041.16015625, -12844.3759765625, 7082.80908203125, -838.9185791015625, 5623.77197265625, -435.5464172363281, 4325.310546875, -1255.3104248046875, 3227.165771484375, -1612.0849609375, 1618.5767822265625, -1515.4434814453125], [-10041.16015625, 6742.84912109375, 2301.992431640625, -2085.524169921875, -98.29773712158203, -2286.50732421875, -467.8926696777344, -1841.248291015625, 18.930187225341797, -1363.55078125, 419.1663818359375, -643.8212280273438, 577.8157958984375], [-12844.3759765625, 2301.992431640625, 3919.4052734375, -1207.0887451171875, -255.06524658203125, -1147.537841796875, -249.07122802734375, -1001.9673461914062, 7.120887279510498, -707.941162109375, 159.43930053710938, -351.9725341796875, 172.72377014160156], [7082.80908203125, -2085.524169921875, -1207.0887451171875, 1579.321044921875, 188.72938537597656, 1034.0380859375, 244.6630859375, 750.8333129882812, 5.899107933044434, 485.11102294921875, -216.41282653808594, 136.2276611328125, -233.80543518066406], [-838.9185791015625, -98.29773712158203, -255.06524658203125, 188.72938537597656, 502.2157287597656, 67.12310791015625, 146.7958526611328, 88.46334075927734, 66.04612731933594, 52.991703033447266, 11.2033052444458, 6.072972774505615, 3.5360748767852783], [5623.77197265625, -2286.50732421875, -1147.537841796875, 1034.0380859375, 67.12310791015625, 1124.3681640625, 305.6206970214844, 831.3729858398438, 56.332767486572266, 558.1885986328125, -156.28956604003906, 211.128662109375, -232.07089233398438], [-435.5464172363281, -467.8926696777344, -249.07122802734375, 244.6630859375, 146.7958526611328, 305.6206970214844, 306.0544128417969, 260.0274658203125, 124.84568786621094, 153.62648010253906, 21.028011322021484, 30.7063045501709, -38.0825080871582], [4325.310546875, -1841.248291015625, -1001.9673461914062, 750.8333129882812, 88.46334075927734, 831.3729858398438, 260.0274658203125, 723.3158569335938, 81.88131713867188, 494.9499206542969, -97.84774780273438, 206.89102172851562, -173.8839111328125], [-1255.3104248046875, 18.930187225341797, 7.120887279510498, 5.899107933044434, 66.04612731933594, 56.332767486572266, 124.84568786621094, 81.88131713867188, 139.08236694335938, 49.897064208984375, 55.25851821899414, -5.56505823135376, 20.12619400024414], [3227.165771484375, -1363.55078125, -707.941162109375, 485.11102294921875, 52.991703033447266, 558.1885986328125, 153.62648010253906, 494.9499206542969, 49.897064208984375, 418.1397705078125, -43.602622985839844, 182.04685974121094, -126.2723617553711], [-1612.0849609375, 419.1663818359375, 159.43930053710938, -216.41282653808594, 11.2033052444458, -156.28956604003906, 21.028011322021484, -97.84774780273438, 55.25851821899414, -43.602622985839844, 104.6836929321289, -8.963601112365723, 65.40237426757812], [1618.5767822265625, -643.8212280273438, -351.9725341796875, 136.2276611328125, 6.072972774505615, 211.128662109375, 30.7063045501709, 206.89102172851562, -5.56505823135376, 182.04685974121094, -8.963601112365723, 138.74363708496094, -35.16542053222656], [-1515.4434814453125, 577.8157958984375, 172.72377014160156, -233.80543518066406, 3.5360748767852783, -232.07089233398438, -38.0825080871582, -173.8839111328125, 20.12619400024414, -126.2723617553711, 65.40237426757812, -35.16542053222656, 107.0247802734375]], "lowlevel.gfcc.icov": [[0.00017650987138040364, -0.0005457763909362257, 0.0003154149744659662, -0.0004012045683339238, 0.0003776374796871096, -0.0003442702873144299, 0.0005741507629863918, -0.0003316575603093952, 0.0009859453421086073, -0.0008562620496377349, 0.0012354333885014057, -0.0011152529623359442, 0.0006498124566860497], [-0.0005457763909362257, 0.0025572723243385553, -0.0008349919808097184, 0.0012262521777302027, -0.0011282401392236352, 0.0017137840623036027, -0.0016872052801772952, 0.0012649119598791003, -0.003190901828929782, 0.003518708050251007, -0.005469702184200287, 0.005100591573864222, -0.0025299019180238247], [0.0003154149744659662, -0.0008349919808097184, 0.0010608419543132186, -0.0006497882422991097, 0.0008542676223441958, -0.0005221319734118879, 0.0009033185779117048, 0.00028599140932783484, 0.001008820254355669, -0.0011477868538349867, 0.0019736348185688257, -0.0018886270700022578, 0.002097774064168334], [-0.0004012045683339238, 0.0012262521777302027, -0.0006497882422991097, 0.003011027816683054, -0.0014802806545048952, -0.0008322304347530007, -0.0009883876191452146, 0.0004114086041226983, -0.0014900437090545893, 0.0009597053285688162, -0.001317121204920113, 0.004702260252088308, -0.002351363655179739], [0.0003776374796871096, -0.0011282401392236352, 0.0008542676223441958, -0.0014802806545048952, 0.0035202426370233297, 0.00048063465510495007, -0.0005388953140936792, -0.00034271401818841696, 0.001491256058216095, -0.002095795702189207, 0.0034576577600091696, -0.002946053398773074, 0.0011692543048411608], [-0.0003442702873144299, 0.0017137840623036027, -0.0005221319734118879, -0.0008322304347530007, 0.00048063465510495007, 0.010199873708188534, -0.003487558336928487, -0.006732271518558264, -8.736665768083185e-05, 0.0017002720851451159, -0.002077029785141349, 0.004235273692756891, -0.0004969864385202527], [0.0005741507629863918, -0.0016872052801772952, 0.0009033185779117048, -0.0009883876191452146, -0.0005388953140936792, -0.003487558336928487, 0.011448312550783157, -0.004509597551077604, -0.0004497301415540278, -8.228106889873743e-05, -0.001510779489763081, -0.0008778173942118883, 0.0034464162308722734], [-0.0003316575603093952, 0.0012649119598791003, 0.00028599140932783484, 0.0004114086041226983, -0.00034271401818841696, -0.006732271518558264, -0.004509597551077604, 0.025350460782647133, -0.011666893027722836, -0.007209214847534895, 0.0065400865860283375, -0.006717327516525984, 0.0013919830089434981], [0.0009859453421086073, -0.003190901828929782, 0.001008820254355669, -0.0014900437090545893, 0.001491256058216095, -8.736665768083185e-05, -0.0004497301415540278, -0.011666893027722836, 0.027993615716695786, -0.008138599805533886, -0.0027127123903483152, 0.0058012064546346664, -0.004351847805082798], [-0.0008562620496377349, 0.003518708050251007, -0.0011477868538349867, 0.0009597053285688162, -0.002095795702189207, 0.0017002720851451159, -8.228106889873743e-05, -0.007209214847534895, -0.008138599805533886, 0.027801625430583954, -0.016969047486782074, -0.005178057122975588, 0.00784164760261774], [0.0012354333885014057, -0.005469702184200287, 0.0019736348185688257, -0.001317121204920113, 0.0034576577600091696, -0.002077029785141349, -0.001510779489763081, 0.0065400865860283375, -0.0027127123903483152, -0.016969047486782074, 0.04397312551736832, -0.016245802864432335, -0.005289051216095686], [-0.0011152529623359442, 0.005100591573864222, -0.0018886270700022578, 0.004702260252088308, -0.002946053398773074, 0.004235273692756891, -0.0008778173942118883, -0.006717327516525984, 0.0058012064546346664, -0.005178057122975588, -0.016245802864432335, 0.04029932990670204, -0.015984978526830673], [0.0006498124566860497, -0.0025299019180238247, 0.002097774064168334, -0.002351363655179739, 0.0011692543048411608, -0.0004969864385202527, 0.0034464162308722734, 0.0013919830089434981, -0.004351847805082798, 0.00784164760261774, -0.005289051216095686, -0.015984978526830673, 0.034102968871593475]], "lowlevel.mfcc.cov": [[52685.390625, -10673.7958984375, -8607.8291015625, 959.6032104492188, 564.6712036132812, 2370.09521484375, 2369.6650390625, 2118.18798828125, 2898.324951171875, 1912.239013671875, 1906.181640625, 2720.864990234375, 2051.134521484375], [-10673.7958984375, 6022.67578125, 1813.3660888671875, -189.9384002685547, -61.15000534057617, -772.1326293945312, -796.3466186523438, -751.5642700195312, -1010.8502807617188, -796.4757690429688, -740.167724609375, -898.390380859375, -676.2608032226562], [-8607.8291015625, 1813.3660888671875, 3078.457763671875, 83.59626770019531, -110.73643493652344, -350.9447021484375, -471.0502624511719, -412.6003112792969, -593.6767578125, -388.6859130859375, -399.63873291015625, -536.413818359375, -426.2433776855469], [959.6032104492188, -189.9384002685547, 83.59626770019531, 556.6888427734375, 206.04205322265625, 183.52195739746094, 117.92533874511719, 61.58937454223633, 103.28746032714844, 34.482303619384766, 21.127519607543945, 34.0982551574707, 23.975753784179688], [564.6712036132812, -61.15000534057617, -110.73643493652344, 206.04205322265625, 286.8679504394531, 109.79352569580078, 64.29405975341797, 31.009431838989258, 49.86957931518555, 1.4790432453155518, -9.106657028198242, -2.5249054431915283, -6.829035758972168], [2370.09521484375, -772.1326293945312, -350.9447021484375, 183.52195739746094, 109.79352569580078, 271.3554382324219, 209.65835571289062, 181.34751892089844, 222.16969299316406, 158.3920440673828, 140.5053253173828, 163.21229553222656, 112.5714111328125], [2369.6650390625, -796.3466186523438, -471.0502624511719, 117.92533874511719, 64.29405975341797, 209.65835571289062, 248.9375762939453, 183.918701171875, 227.49769592285156, 159.0154571533203, 156.49058532714844, 188.16677856445312, 134.15676879882812], [2118.18798828125, -751.5642700195312, -412.6003112792969, 61.58937454223633, 31.009431838989258, 181.34751892089844, 183.918701171875, 219.11538696289062, 227.21632385253906, 171.853515625, 148.92640686035156, 166.91725158691406, 119.48818969726562], [2898.324951171875, -1010.8502807617188, -593.6767578125, 103.28746032714844, 49.86957931518555, 222.16969299316406, 227.49769592285156, 227.21632385253906, 314.91143798828125, 221.1120147705078, 202.91903686523438, 241.76333618164062, 178.0589599609375], [1912.239013671875, -796.4757690429688, -388.6859130859375, 34.482303619384766, 1.4790432453155518, 158.3920440673828, 159.0154571533203, 171.853515625, 221.1120147705078, 212.01596069335938, 175.76742553710938, 177.25350952148438, 125.67574310302734], [1906.181640625, -740.167724609375, -399.63873291015625, 21.127519607543945, -9.106657028198242, 140.5053253173828, 156.49058532714844, 148.92640686035156, 202.91903686523438, 175.76742553710938, 192.9060821533203, 197.40127563476562, 138.03919982910156], [2720.864990234375, -898.390380859375, -536.413818359375, 34.0982551574707, -2.5249054431915283, 163.21229553222656, 188.16677856445312, 166.91725158691406, 241.76333618164062, 177.25350952148438, 197.40127563476562, 271.7257385253906, 197.39520263671875], [2051.134521484375, -676.2608032226562, -426.2433776855469, 23.975753784179688, -6.829035758972168, 112.5714111328125, 134.15676879882812, 119.48818969726562, 178.0589599609375, 125.67574310302734, 138.03919982910156, 197.39520263671875, 180.36009216308594]], "lowlevel.mfcc.icov": [[6.142001802800223e-05, 2.2269381588557735e-05, 0.00010213958012172952, -4.089351568836719e-05, 4.795717541128397e-05, -0.0002542319125495851, 6.842013681307435e-05, -5.798048005090095e-05, -2.0980382032576017e-05, 5.948292528046295e-05, 0.0002237738954136148, -0.0003733880876097828, -3.507960400384036e-06], [2.2269381588557735e-05, 0.00042963502346538007, 9.347574086859822e-05, -0.00015909421199467033, 1.068683900484757e-06, 0.0002031604090007022, 0.00026359400362707675, -0.00011798526247730479, 0.0004415480943862349, 0.0006084837368689477, -0.00011203646863577887, 0.00019282264111097902, 0.0003698586951941252], [0.00010213958012172952, 9.347574086859822e-05, 0.0008156931144185364, -0.0005371333681978285, 0.0004916998441331089, -0.00076533283572644, 0.0007748675998300314, -0.00027176440926268697, 0.0011134565575048327, -8.163708844222128e-05, 0.00021540485613513738, -0.00045872110058553517, 0.0005828294670209289], [-4.089351568836719e-05, -0.00015909421199467033, -0.0005371333681978285, 0.003423994639888406, -0.001437685452401638, -0.0019421668257564306, -0.0009566982043907046, 0.0017088066088035703, -0.0023435414768755436, 0.0007085588877089322, 0.00042530387872830033, 0.0009783169953152537, -0.0006950402166694403], [4.795717541128397e-05, 1.068683900484757e-06, 0.0004916998441331089, -0.001437685452401638, 0.005971664097160101, -0.0029573894571512938, 1.2572436389746144e-05, 0.0010295534739270806, -0.0015895518008619547, 0.0015202524373307824, 0.0012276186607778072, 0.0005628606886602938, 0.0011466569267213345], [-0.0002542319125495851, 0.0002031604090007022, -0.00076533283572644, -0.0019421668257564306, -0.0029573894571512938, 0.017693156376481056, -0.006966868415474892, -0.0036324053071439266, -0.0010246798628941178, -0.0027831890620291233, -0.00039570132503286004, 0.00032072284375317395, 0.0014387238770723343], [6.842013681307435e-05, 0.00026359400362707675, 0.0007748675998300314, -0.0009566982043907046, 1.2572436389746144e-05, -0.006966868415474892, 0.018850428983569145, -0.005423586815595627, -0.0012548970989882946, 0.0036584166809916496, -0.003488777205348015, -0.002846898976713419, 0.000564764195587486], [-5.798048005090095e-05, -0.00011798526247730479, -0.00027176440926268697, 0.0017088066088035703, 0.0010295534739270806, -0.0036324053071439266, -0.005423586815595627, 0.023538531735539436, -0.011968325823545456, -0.004968719091266394, 0.0019517324399203062, 0.0028411310631781816, 0.0007683145231567323], [-2.0980382032576017e-05, 0.000441548