{"song_id": "1183670649089163315", "download": "https://cdn.discordapp.com/attachments/1135903449314238464/1183670649089163315/chirp.mp4?ex=65892e32&amp", "lyrics": "[Verse]\nIn a world of red and blue, there's a tale to be told\nRepublican ignorance, behold the blindfold\nMisguided in their thinking, stuck in their narrow ways\nFacts and reason brushed aside, lost in the partisan haze\n\n[Chorus]\nSwing, swing, to a better understanding\nOpen up your minds, seek some common understanding\nSwing, swing, beyond the ignorance we find\nTogether we can bridge the gap, leave no truth behind", "style": ["90</span><span>'s pop"], "essentia_features": {"lowlevel.average_loudness": 0.9841556549072266, "lowlevel.barkbands_crest.mean": 12.258512496948242, "lowlevel.barkbands_crest.stdev": 4.355730056762695, "lowlevel.barkbands_flatness_db.mean": 0.146438330411911, "lowlevel.barkbands_flatness_db.stdev": 0.04193868488073349, "lowlevel.barkbands_kurtosis.mean": 8.092751502990723, "lowlevel.barkbands_kurtosis.stdev": 12.169835090637207, "lowlevel.barkbands_skewness.mean": 2.3530538082122803, "lowlevel.barkbands_skewness.stdev": 1.5884383916854858, "lowlevel.barkbands_spread.mean": 30.058975219726562, "lowlevel.barkbands_spread.stdev": 21.426366806030273, "lowlevel.dissonance.mean": 0.4594637453556061, "lowlevel.dissonance.stdev": 0.03217855840921402, "lowlevel.dynamic_complexity": 1.6175013780593872, "lowlevel.erbbands_crest.mean": 10.296952247619629, "lowlevel.erbbands_crest.stdev": 5.1620683670043945, "lowlevel.erbbands_flatness_db.mean": 0.1268095076084137, "lowlevel.erbbands_flatness_db.stdev": 0.036615997552871704, "lowlevel.erbbands_kurtosis.mean": 0.5219969749450684, "lowlevel.erbbands_kurtosis.stdev": 3.270303249359131, "lowlevel.erbbands_skewness.mean": 0.2375754714012146, "lowlevel.erbbands_skewness.stdev": 1.162931203842163, "lowlevel.erbbands_spread.mean": 72.68955993652344, "lowlevel.erbbands_spread.stdev": 33.72908401489258, "lowlevel.hfc.mean": 39.065399169921875, "lowlevel.hfc.stdev": 31.77268409729004, "lowlevel.loudness_ebu128.integrated": -13.291655540466309, "lowlevel.loudness_ebu128.loudness_range": 1.2344141006469727, "lowlevel.loudness_ebu128.momentary.mean": -13.355305671691895, "lowlevel.loudness_ebu128.momentary.stdev": 0.7629163861274719, "lowlevel.loudness_ebu128.short_term.mean": -13.286137580871582, "lowlevel.loudness_ebu128.short_term.stdev": 0.3990902006626129, "lowlevel.melbands_crest.mean": 17.299896240234375, "lowlevel.melbands_crest.stdev": 5.663273811340332, "lowlevel.melbands_flatness_db.mean": 0.21682991087436676, "lowlevel.melbands_flatness_db.stdev": 0.057368308305740356, "lowlevel.melbands_kurtosis.mean": 47.088645935058594, "lowlevel.melbands_kurtosis.stdev": 60.5352897644043, "lowlevel.melbands_skewness.mean": 5.090209007263184, "lowlevel.melbands_skewness.stdev": 3.1654796600341797, "lowlevel.melbands_spread.mean": 21.895606994628906, "lowlevel.melbands_spread.stdev": 22.875455856323242, "lowlevel.pitch_salience.mean": 0.48022669553756714, "lowlevel.pitch_salience.stdev": 0.12157361209392548, "lowlevel.silence_rate_20dB.mean": 1.0, "lowlevel.silence_rate_20dB.stdev": 0.0, "lowlevel.silence_rate_30dB.mean": 0.9579399228096008, "lowlevel.silence_rate_30dB.stdev": 0.20072627067565918, "lowlevel.silence_rate_60dB.mean": 0.0025751073844730854, "lowlevel.silence_rate_60dB.stdev": 0.05068018287420273, "lowlevel.spectral_centroid.mean": 1322.0621337890625, "lowlevel.spectral_centroid.stdev": 745.7581176757812, "lowlevel.spectral_complexity.mean": 13.851502418518066, "lowlevel.spectral_complexity.stdev": 7.916821002960205, "lowlevel.spectral_decrease.mean": -1.107695002389164e-08, "lowlevel.spectral_decrease.stdev": 8.051698863198453e-09, "lowlevel.spectral_energy.mean": 0.045350316911935806, "lowlevel.spectral_energy.stdev": 0.030989088118076324, "lowlevel.spectral_energyband_high.mean": 0.0032378975301980972, "lowlevel.spectral_energyband_high.stdev": 0.004025291185826063, "lowlevel.spectral_energyband_low.mean": 0.02198476344347, "lowlevel.spectral_energyband_low.stdev": 0.02859148010611534, "lowlevel.spectral_energyband_middle_high.mean": 0.004102233797311783, "lowlevel.spectral_energyband_middle_high.stdev": 0.005681198555976152, "lowlevel.spectral_energyband_middle_low.mean": 0.01833149418234825, "lowlevel.spectral_energyband_middle_low.stdev": 0.014009477570652962, "lowlevel.spectral_entropy.mean": 7.801097393035889, "lowlevel.spectral_entropy.stdev": 0.3462715148925781, "lowlevel.spectral_flux.mean": 0.11912950873374939, "lowlevel.spectral_flux.stdev": 0.068851538002491, "lowlevel.spectral_kurtosis.mean": 1.2651172876358032, "lowlevel.spectral_kurtosis.stdev": 0.9475347995758057, "lowlevel.spectral_rms.mean": 0.006356004159897566, "lowlevel.spectral_rms.stdev": 0.001960969064384699, "lowlevel.spectral_rolloff.mean": 1638.8531494140625, "lowlevel.spectral_rolloff.stdev": 2232.14404296875, "lowlevel.spectral_skewness.mean": 0.9907456040382385, "lowlevel.spectral_skewness.stdev": 0.34605392813682556, "lowlevel.spectral_spread.mean": 7160323.5, "lowlevel.spectral_spread.stdev": 1635955.75, "lowlevel.spectral_strongpeak.mean": 1.2363940477371216, "lowlevel.spectral_strongpeak.stdev": 1.2202086448669434, "lowlevel.zerocrossingrate.mean": 0.08067622035741806, "lowlevel.zerocrossingrate.stdev": 0.0432484969496727, "metadata.audio_properties.analysis.equal_loudness": 0.0, "metadata.audio_properties.analysis.length": 27.00798225402832, "metadata.audio_properties.analysis.sample_rate": 44100.0, "metadata.audio_properties.analysis.start_time": 0.0, "metadata.audio_properties.bit_rate": 122889.0, "metadata.audio_properties.length": 27.007999420166016, "metadata.audio_properties.lossless": 0.0, "metadata.audio_properties.number_channels": 1.0, "metadata.audio_properties.replay_gain": -11.745899200439453, "metadata.audio_properties.sample_rate": 48000.0, "rhythm.beats_count": 65.0, "rhythm.beats_loudness.mean": 0.04669439420104027, "rhythm.beats_loudness.stdev": 0.014398801140487194, "rhythm.bpm": 146.4907989501953, "rhythm.bpm_histogram_first_peak_bpm": 148.0, "rhythm.bpm_histogram_first_peak_weight": 0.4237288236618042, "rhythm.bpm_histogram_second_peak_bpm": 133.0, "rhythm.bpm_histogram_second_peak_spread": 0.0, "rhythm.bpm_histogram_second_peak_weight": 0.03125, "rhythm.danceability": 2.05043625831604, "rhythm.onset_rate": 4.587830543518066, "tonal.chords_changes_rate": 0.09262435883283615, "tonal.chords_number_rate": 0.017152657732367516, "tonal.chords_strength.mean": 0.5412890315055847, "tonal.chords_strength.stdev": 0.08639830350875854, "tonal.hpcp_crest.mean": 15.355661392211914, "tonal.hpcp_crest.stdev": 7.554222106933594, "tonal.hpcp_entropy.mean": 1.8627322912216187, "tonal.hpcp_entropy.stdev": 0.8841835856437683, "tonal.key_edma.strength": 0.8448985815048218, "tonal.key_krumhansl.strength": 0.8358892798423767, "tonal.key_temperley.strength": 0.819856584072113, "tonal.tuning_diatonic_strength": 0.7479898929595947, "tonal.tuning_equal_tempered_deviation": 0.14379212260246277, "tonal.tuning_frequency": 438.47772216796875, "tonal.tuning_nontempered_energy_ratio": 0.8070480227470398, "lowlevel.barkbands.mean": [0.0001073850944521837, 0.007026126142591238, 0.012706534937024117, 0.0035356362350285053, 0.006424157414585352, 0.003571410896256566, 0.0003860080032609403, 0.0016062104841694236, 0.0025280697736889124, 0.000547092582564801, 0.0006143704522401094, 0.00032562101841904223, 0.0009470225195400417, 0.0004599010571837425, 0.0002703445206861943, 0.00019147574494127184, 0.0001561316312290728, 0.00035353112616576254, 0.00022543476370628923, 0.0003590091073419899, 0.0003482300671748817, 0.000493010797072202, 0.0010603117989376187, 0.0006297676009126008, 0.00028417541761882603, 0.00017841949011199176, 1.4941670997359324e-05], "lowlevel.barkbands.stdev": [0.00012973266711924225, 0.008450687862932682, 0.020999999716877937, 0.005681086331605911, 0.008982895873486996, 0.006704314611852169, 0.0017841978697106242, 0.004529186990112066, 0.006661215331405401, 0.0019791985396295786, 0.002074974123388529, 0.0013206548755988479, 0.0033219826873391867, 0.0013894251314923167, 0.0007343562319874763, 0.000520989706274122, 0.0003677491913549602, 0.0005327534163370728, 0.0002543328155297786, 0.00041358740418218076, 0.00037603219971060753, 0.0006011304794810712, 0.0018971966346725821, 0.001242447062395513, 0.0003868875210173428, 0.00020394813327584416, 2.6112971681868657e-05], "lowlevel.erbbands.mean": [0.079039067029953, 2.1544950008392334, 12.978433609008789, 14.303057670593262, 11.376171112060547, 22.391298294067383, 39.67656326293945, 25.26953887939453, 5.400338172912598, 18.347240447998047, 41.237030029296875, 65.71248626708984, 23.455528259277344, 15.88613510131836, 24.026893615722656, 16.64061737060547, 47.309326171875, 19.776735305786133, 22.752662658691406, 13.159858703613281, 9.448168754577637, 9.168950080871582, 16.633441925048828, 15.289525032043457, 11.572362899780273, 16.580059051513672, 16.344491958618164, 12.975191116333008, 15.905099868774414, 29.220497131347656, 28.322025299072266, 16.958824157714844, 8.632901191711426, 3.8995418548583984, 1.59257972240448, 0.8228417038917542, 0.3203203082084656, 0.06346165388822556, 0.0017231614328920841, 0.00010310975631000474], "lowlevel.erbbands.stdev": [0.08609657734632492, 2.639177083969116, 20.512531280517578, 20.9312686920166, 13.429089546203613, 35.899452209472656, 64.26576232910156, 53.48826217651367, 17.69097137451172, 51.738433837890625, 109.91751098632812, 184.15309143066406, 76.79116821289062, 53.99394226074219, 85.02388000488281, 53.91200256347656, 169.9999237060547, 42.39619064331055, 66.55266571044922, 39.71446228027344, 18.34145164489746, 17.702648162841797, 25.98783302307129, 18.364948272705078, 12.652728080749512, 19.40497589111328, 18.629459381103516, 14.559464454650879, 20.243328094482422, 46.68904495239258, 51.87668991088867, 33.217044830322266, 16.80156135559082, 6.147116661071777, 2.0456748008728027, 0.9956396222114563, 0.3787163197994232, 0.07978934049606323, 0.0025102002546191216, 7.540249498561025e-05], "lowlevel.gfcc.mean": [38.72333526611328, 45.4485969543457, -75.31550598144531, 53.325782775878906, -62.86890411376953, 25.361099243164062, -38.840885162353516, 3.9150068759918213, -30.681089401245117, -1.3001461029052734, -23.006681442260742, 0.08599817007780075, -21.114816665649414], "lowlevel.melbands.mean": [0.0013198660453781486, 0.005371059291064739, 0.0024042236618697643, 0.0010958315106108785, 0.00143836357165128, 0.0005687380325980484, 7.459998596459627e-05, 0.00023668649373576045, 0.00038994872011244297, 0.00037623837124556303, 0.00010018546890933067, 5.829918882227503e-05, 8.644523040857166e-05, 3.875095717376098e-05, 7.71367849665694e-05, 8.539553527953103e-05, 3.350739279994741e-05, 4.2605002818163484e-05, 1.896413232316263e-05, 1.5415955203934573e-05, 1.0098793609358836e-05, 8.623050234746188e-06, 1.338071160716936e-05, 1.665136733208783e-05, 1.201995928568067e-05, 8.048272320593242e-06, 8.919798347051255e-06, 1.1686979632941075e-05, 1.0981650120811537e-05, 8.728336069907527e-06, 6.913300239830278e-06, 8.336627615790349e-06, 1.0905035196628887e-05, 1.900063580251299e-05, 1.720811633276753e-05, 1.2938726285938174e-05, 9.480028893449344e-06, 6.551573733304394e-06, 4.268959855835419e-06, 2.912106992880581e-06], "lowlevel.melbands.stdev": [0.001479516620747745, 0.007677314803004265, 0.003205188550055027, 0.001370008336380124, 0.0022080703638494015, 0.0011694825952872634, 0.00030308577697724104, 0.0006644116947427392, 0.0009883486200124025, 0.0010680846171453595, 0.0003809093323070556, 0.00021812024351675063, 0.00029287845245562494, 0.00014104267756920308, 0.000247315940214321, 0.0003226858680136502, 8.336090832017362e-05, 0.00014010797895025462, 5.113651786814444e-05, 5.2696719649247825e-05, 2.022510307142511e-05, 1.771145616658032e-05, 3.144912625430152e-05, 2.3576258172397502e-05, 1.542163226986304e-05, 9.604598744772375e-06, 1.0226583981420845e-05, 1.4886453755025286e-05, 1.539956429041922e-05, 9.655089343141299e-06, 8.474952664982993e-06, 1.1652139619400259e-05, 1.4383284906216431e-05, 3.334372740937397e-05, 3.2101688702823594e-05, 2.5485931473667733e-05, 1.914411041070707e-05, 1.318006070505362e-05, 7.694213309150655e-06, 4.542939223028952e-06], "lowlevel.melbands128.mean": [4.5094893721397966e-05, 0.00025857758009806275, 0.0014406443806365132, 0.004070297349244356, 0.0066514452919363976, 0.005931084509938955, 0.0030288374982774258, 0.001513939001597464, 0.0010796769056469202, 0.0007896944298408926, 0.0012236821930855513, 0.0018693131860345602, 0.00136250676587224, 0.0011660602176561952, 0.0006921460153535008, 0.00017654587281867862, 4.810023892787285e-05, 6.201535870786756e-05, 8.896461076801643e-05, 0.00018426073074806482, 0.0003629506682045758, 0.0002694452414289117, 0.0003554372815415263, 0.0005222195759415627, 0.0006207128753885627, 0.00019760917348321527, 9.686181874712929e-05, 0.00013143770047463477, 6.798262620577589e-05, 3.813213697867468e-05, 6.280931120272726e-05, 7.654857472516596e-05, 0.00010815096175065264, 7.967731653479859e-05, 4.01352699554991e-05, 2.3065609639161266e-05, 4.030254785902798e-05, 4.7339035518234596e-05, 0.00011755617015296593, 0.0001634311192901805, 5.425640847533941e-05, 2.0388375560287386e-05, 2.2941465431358665e-05, 4.1118895751424134e-05, 6.635344470851123e-05, 3.992854544776492e-05, 2.095972013194114e-05, 2.0366420358186588e-05, 1.5183582945610397e-05, 1.9600651285145432e-05, 1.5700110452598892e-05, 1.1655901289486792e-05, 1.018352668324951e-05, 9.036404662765563e-06, 1.0764745638880413e-05, 8.296552550746128e-06, 6.308921001618728e-06, 1.2004498785245232e-05, 1.7814954844652675e-05, 1.2934431651956402e-05, 1.5757710571051575e-05, 2.139667049050331e-05, 1.371975213260157e-05, 9.197176041197963e-06, 8.548685400455724e-06, 8.141511898429599e-06, 7.365243618551176e-06, 8.445507774013095e-06, 8.87907481228467e-06, 1.0362162356614135e-05, 1.1089445251855068e-05, 1.243610222445568e-05, 1.4129576811683364e-05, 9.948596016329248e-06, 8.485831131110899e-06, 9.220631909556687e-06, 9.221188520314172e-06, 6.622776709264144e-06, 6.601985205634264e-06, 6.628477422054857e-06, 8.709058420208748e-06, 8.84953169588698e-06, 8.166182851709891e-06, 1.0907688192673959e-05, 1.2549243365356233e-05, 1.7627809938858263e-05, 2.2778671336709522e-05, 1.9422297555138357e-05, 1.6306523320963606e-05, 1.63541262736544e-05, 1.4424781511479523e-05, 1.1873778021254111e-05, 1.0426069820823614e-05, 9.748164302436635e-06, 8.803232049103826e-06, 7.70515816839179e-06, 5.954022526566405e-06, 5.009771484765224e-06, 4.2671958908613306e-06, 4.112088845431572e-06, 3.3338303637719946e-06, 2.9231498501758324e-06, 2.067460627586115e-06, 1.649283831284265e-06, 1.5542598248430295e-06, 1.7661158153714496e-06, 1.9604058252298273e-06, 1.390275315316103e-06, 1.3067797226540279e-06, 1.439381549062091e-06, 1.251672301805229e-06, 1.0908169087997521e-06, 1.0145985243070754e-06, 9.250130688087665e-07, 7.368065553237102e-07, 7.248410156535101e-07, 4.683534768901154e-07, 1.9163188369475392e-07, 1.8094050702188724e-08, 2.555477010557361e-11, 1.6023720544877662e-11, 1.0012455274599485e-11, 8.519083875835332e-12, 7.778511341982597e-12, 6.655718511050512e-12, 5.455717041330521e-12, 4.92537391080794e-12, 4.83572687101641e-12], "lowlevel.melbands128.stdev": [6.886505434522405e-05, 0.0003967544180341065, 0.0018018645932897925, 0.005357690155506134, 0.010465456172823906, 0.009835727512836456, 0.004775222856551409, 0.00243321037851274, 0.0014209571527317166, 0.0015525436028838158, 0.0023170539643615484, 0.003773128380998969, 0.002770474413409829, 0.0025657881051301956, 0.00171620212495327, 0.00078493362525478, 0.0002126543113263324, 0.00043651016312651336, 0.0005174456746317446, 0.000698126619681716, 0.0011794223682954907, 0.0010672678472474217, 0.0014674379490315914, 0.0015838820254430175, 0.0021191309206187725, 0.000742283882573247, 0.0006157394382171333, 0.0006129511166363955, 0.00028133008163422346, 0.0002223471674369648, 0.0003460118896327913, 0.0003258268116042018, 0.0004428827960509807, 0.0004174486093688756, 0.0002500895061530173, 0.00012103683548048139, 0.00026155024534091353, 0.00021918588026892394, 0.0004856880404986441, 0.0007534806500189006, 0.0002997376723214984, 0.00010167993605136871, 7.910580461611971e-05, 0.00014962600835133344, 0.00029264509794302285, 0.00018311099847778678, 8.860543312039226e-05, 7.121545786503702e-05, 5.638547372655012e-05, 0.00011718712630681694, 7.567618740722537e-05, 2.9913242542534135e-05, 3.157871833536774e-05, 2.1860359993297607e-05, 4.252203871146776e-05, 1.8655346138984896e-05, 1.3510656572179869e-05, 4.908227492705919e-05, 5.601247903541662e-05, 2.9270508093759418e-05, 2.7635864171315916e-05, 4.65828379674349e-05, 2.5589033612050116e-05, 1.4010768609296065e-05, 1.2919429536850657e-05, 1.2185696505184751e-05, 1.0970823495881632e-05, 1.2661770597333089e-05, 1.2198948752484284e-05, 1.646406963118352e-05, 1.7737520465743728e-05, 2.2010455722920597e-05, 2.7503388992045075e-05, 1.7593076336197555e-05, 1.0469886547070928e-05, 1.1413974789320491e-05, 1.2131562471040525e-05, 8.949250513978768e-06, 9.018446689879056e-06, 9.743926057126373e-06, 1.4583972188120242e-05, 1.3212837984610815e-05, 1.2472522939788178e-05, 1.5752148101455532e-05, 1.910737955768127e-05, 3.273397669545375e-05, 4.417763921082951e-05, 3.95041388401296e-05, 3.242654929636046e-05, 3.321799886180088e-05, 3.027510865649674e-05, 2.470674917276483e-05, 2.3376638637273572e-05, 2.1403931896202266e-05, 1.8156748410547152e-05, 1.5369607353932224e-05, 1.3929504348197952e-05, 1.1188506505277473e-05, 8.824872566037811e-06, 6.7558244154497515e-06, 6.035420483385678e-06, 4.840014298679307e-06, 3.3516541861899896e-06, 2.564943542893161e-06, 2.378167891947669e-06, 2.484048081896617e-06, 2.749127588685951e-06, 1.8951677702716552e-06, 1.8885231156673399e-06, 2.098538061545696e-06, 1.751573563524289e-06, 1.5255534435709706e-06, 1.3407606047621812e-06, 1.228304654432577e-06, 1.0544548558755196e-06, 1.060602471625316e-06, 7.037321552161302e-07, 5.49185585896339e-07, 8.804052242794569e-08, 4.224017247089762e-10, 2.4741303450426244e-10, 1.2433233609332461e-10, 1.0416236623234099e-10, 8.389467592850863e-11, 5.1685603713602646e-11, 1.8128807482975517e-11, 7.561912901410395e-12, 7.195747036420341e-12], "lowlevel.mfcc.mean": [-615.4367065429688, 72.93638610839844, 41.41476821899414, 31.911466598510742, 10.119156837463379, 18.841135025024414, 4.085831642150879, 9.355738639831543, -6.778646469116211, 4.139527320861816, -2.6043410301208496, -5.024542808532715, -9.889723777770996], "lowlevel.spectral_contrast_coeffs.mean": [-0.6325156092643738, -0.7197898626327515, -0.7748878598213196, -0.7883978486061096, -0.7876127362251282, -0.7411880493164062], "lowlevel.spectral_contrast_coeffs.stdev": [0.06803765892982483, 0.11313671618700027, 0.0836002379655838, 0.06901203840970993, 0.0440729521214962, 0.038833409547805786], "lowlevel.spectral_contrast_valleys.mean": [-6.497060775756836, -7.296981334686279, -7.835921764373779, -7.849945545196533, -7.340854644775391, -9.263664245605469], "lowlevel.spectral_contrast_valleys.stdev": [0.7227985262870789, 0.6399266719818115, 0.6044416427612305, 0.5629166960716248, 0.5931409597396851, 0.6690377593040466], "rhythm.beats_loudness_band_ratio.mean": [0.47568267583847046, 0.19347940385341644, 0.14162617921829224, 0.07253134250640869, 0.034011028707027435, 0.10162030160427094], "rhythm.beats_loudness_band_ratio.stdev": [0.273119181394577, 0.19962260127067566, 0.17861329019069672, 0.11531618237495422, 0.04377943277359009, 0.06303853541612625], "tonal.hpcp.mean": [0.16707119345664978, 0.14006514847278595, 0.07375061511993408, 0.058423999696969986, 0.04782800376415253, 0.04400895908474922, 0.052384261041879654, 0.07340585440397263, 0.1742040067911148, 0.24145573377609253, 0.1611444652080536, 0.08537977188825607, 0.06147659942507744, 0.04845845699310303, 0.04546883702278137, 0.06597486883401871, 0.08896420150995255, 0.08780210465192795, 0.07271577417850494, 0.06772895157337189, 0.08227356523275375, 0.11798834800720215, 0.13844095170497894, 0.15679243206977844, 0.16195516288280487, 0.08355975151062012, 0.024203870445489883, 0.0225133765488863, 0.031382933259010315, 0.08166545629501343, 0.1529613733291626, 0.11419542878866196, 0.03439005836844444, 0.024705922231078148, 0.03308165818452835, 0.0895729809999466], "tonal.hpcp.stdev": [0.3337544798851013, 0.2795659303665161, 0.19860699772834778, 0.17365968227386475, 0.16003847122192383, 0.1471051722764969, 0.1640903651714325, 0.18698468804359436, 0.2839675545692444, 0.37406274676322937, 0.2697860598564148, 0.22068744897842407, 0.17360621690750122, 0.16953440010547638, 0.14712050557136536, 0.19966955482959747, 0.22173358500003815, 0.23856288194656372, 0.19959980249404907, 0.18552610278129578, 0.2033863067626953, 0.24654704332351685, 0.2825983762741089, 0.27735766768455505, 0.3297509253025055, 0.1959279626607895, 0.08725698292255402, 0.09174474328756332, 0.10918495804071426, 0.17250531911849976, 0.2822488248348236, 0.2286049872636795, 0.09428322315216064, 0.07520255446434021, 0.11727578192949295, 0.20832520723342896], "rhythm.beats_position": [0.41795918345451355, 0.8707482814788818, 1.3235373497009277, 1.7531065940856934, 2.18267560005188, 2.600634813308716, 3.006983995437622, 3.424943208694458, 3.8312923908233643, 4.249251842498779, 4.667210578918457, 5.085169792175293, 5.503129005432129, 5.921088218688965, 6.339047431945801, 6.745396614074707, 7.151745796203613, 7.569705009460449, 7.987664222717285, 8.405623435974121, 8.823582649230957, 9.229931831359863, 9.63628101348877, 10.054240226745605, 10.472199440002441, 10.890158653259277, 11.296507835388184, 11.71446704864502, 12.120816230773926, 12.527165412902832, 12.933514595031738, 13.351473808288574, 13.75782299041748, 14.164172172546387, 14.570521354675293, 14.9768705368042, 15.383219718933105, 15.789568901062012, 16.1959171295166, 16.60226821899414, 17.008617401123047, 17.414966583251953, 17.832923889160156, 18.239274978637695, 18.6456241607666, 19.063581466674805, 19.469932556152344, 19.87628173828125, 20.294239044189453, 20.700590133666992, 21.09532928466797, 21.501678466796875, 21.90802764892578, 22.314376831054688, 22.709115982055664, 23.11546516418457, 23.521814346313477, 23.928163528442383, 24.33451271057129, 24.729251861572266, 25.135601043701172, 25.541950225830078, 25.936689376831055, 26.308208465576172, 26.726167678833008], "rhythm.bpm_histogram": [0.0, 0.0, 0.0, 0.0, 0.0, 0.0, 0.0, 0.0, 0.0, 0.0, 0.0, 0.0, 0.0, 0.0, 0.0, 0.0, 0.0, 0.0, 0.0, 0.0, 0.0, 0.0, 0.0, 0.0, 0.0, 0.0, 0.0, 0.0, 0.0, 0.0, 0.0, 0.0, 0.0, 0.0, 0.0, 0.0, 0.0, 0.0, 0.0, 0.0, 0.0, 0.0, 0.0, 0.0, 0.0, 0.0, 0.0, 0.0, 0.0, 0.0, 0.0, 0.0, 0.0, 0.0, 0.0, 0.0, 0.0, 0.0, 0.0, 0.0, 0.0, 0.0, 0.0, 0.0, 0.0, 0.0, 0.0, 0.0, 0.0, 0.0, 0.0, 0.0, 0.0, 0.0, 0.0, 0.0, 0.0, 0.0, 0.0, 0.0, 0.0, 0.0, 0.0, 0.0, 0.0, 0.0, 0.0, 0.0, 0.0, 0.0, 0.0, 0.0, 0.0, 0.0, 0.0, 0.0, 0.0, 0.0, 0.0, 0.0, 0.0, 0.0, 0.0, 0.0, 0.0, 0.0, 0.0, 0.0, 0.0, 0.0, 0.0, 0.0, 0.0, 0.0, 0.0, 0.0, 0.0, 0.0, 0.0, 0.0, 0.0, 0.0, 0.0, 0.0, 0.0, 0.0, 0.0, 0.0, 0.0, 0.0, 0.0, 0.0, 0.0, 0.03125, 0.0, 0.0, 0.0, 0.0, 0.0, 0.0, 0.03125, 0.0, 0.0, 0.0, 0.328125, 0.0, 0.0, 0.0, 0.53125, 0.0, 0.0, 0.0, 0.0625, 0.0, 0.0, 0.0, 0.0, 0.0, 0.0, 0.0, 0.0, 0.015625, 0.0, 0.0, 0.0, 0.0, 0.0, 0.0, 0.0, 0.0, 0.0, 0.0, 0.0, 0.0, 0.0, 0.0, 0.0, 0.0, 0.0, 0.0, 0.0, 0.0, 0.0, 0.0, 0.0, 0.0, 0.0, 0.0, 0.0, 0.0, 0.0, 0.0, 0.0, 0.0, 0.0, 0.0, 0.0, 0.0, 0.0, 0.0, 0.0, 0.0, 0.0, 0.0, 0.0, 0.0, 0.0, 0.0, 0.0, 0.0, 0.0, 0.0, 0.0, 0.0, 0.0, 0.0, 0.0, 0.0, 0.0, 0.0, 0.0, 0.0, 0.0, 0.0, 0.0, 0.0, 0.0, 0.0, 0.0, 0.0, 0.0, 0.0, 0.0, 0.0, 0.0, 0.0, 0.0, 0.0, 0.0, 0.0, 0.0, 0.0, 0.0, 0.0, 0.0, 0.0, 0.0, 0.0, 0.0, 0.0], "tonal.chords_histogram": [15.094339370727539, 22.641510009765625, 21.612350463867188, 4.2881646156311035, 0.0, 0.0, 0.0, 0.0, 4.459691047668457, 0.0, 2.7444252967834473, 0.0, 0.0, 0.0, 0.0, 0.0, 0.0, 10.977701187133789, 2.2298455238342285, 13.550600051879883, 0.0, 0.0, 0.6861063241958618, 1.7152658700942993], "tonal.thpcp": [1.0, 0.6673871874809265, 0.353604257106781, 0.254608154296875, 0.20069292187690735, 0.18831127882003784, 0.273237943649292, 0.368449330329895, 0.36363643407821655, 0.3011557161808014, 0.2805025577545166, 0.34073975682258606, 0.48865416646003723, 0.5733595490455627, 0.6493630409240723, 0.6707447171211243, 0.34606653451919556, 0.10024143755435944, 0.0932401791214943, 0.1299738585948944, 0.3382212221622467, 0.6334965229034424, 0.47294560074806213, 0.14242801070213318, 0.10232070833444595, 0.13700920343399048, 0.37097060680389404, 0.6919330358505249, 0.5800862312316895, 0.30544155836105347, 0.24196568131446838, 0.1980818659067154, 0.18226511776447296, 0.21695181727409363, 0.3040136992931366, 0.7214738726615906], "lowlevel.gfcc.cov": [[2670.2138671875, 88.08634185791016, -213.1251678466797, -202.1490478515625, -89.94300079345703, -23.732254028320312, 54.647544860839844, 81.31163787841797, -3.535485029220581, 30.644319534301758, -36.71038055419922, -39.65764617919922, -82.7455825805664], [88.08634185791016, 774.9299926757812, -229.9242706298828, -193.17832946777344, -28.715511322021484, -100.65194702148438, 86.77816009521484, -28.680879592895508, 19.224281311035156, -21.939878463745117, 59.133827209472656, -41.5036735534668, 3.3059730529785156], [-213.1251678466797, -229.9242706298828, 914.7156372070312, 374.4809265136719, 290.7893981933594, 174.29592895507812, -22.572704315185547, -12.471370697021484, -83.75841522216797, 23.994407653808594, -89.6469497680664, 4.660619258880615, -47.638031005859375], [-202.1490478515625, -193.17832946777344, 374.4809265136719, 613.9509887695312, 261.9672546386719, 81.8091049194336, -86.17767333984375, -41.55351638793945, 10.69172477722168, -27.617431640625, -43.15888977050781, 28.804418563842773, 72.62883758544922], [-89.94300079345703, -28.715511322021484, 290.7893981933594, 261.9672546386719, 387.4749755859375, 135.70578002929688, 3.486149787902832, -12.689604759216309, -10.581390380859375, 33.98078155517578, -70.17738342285156, -26.272998809814453, -13.199187278747559], [-23.732254028320312, -100.65194702148438, 174.29592895507812, 81.8091049194336, 135.70578002929688, 290.2898864746094, 134.41012573242188, 24.758167266845703, -19.492816925048828, -4.235045909881592, -13.862040519714355, -63.449581146240234, -71.36125183105469], [54.647544860839844, 86.77816009521484, -22.572704315185547, -86.17767333984375, 3.486149787902832, 134.41012573242188, 237.85206604003906, 64.10346984863281, -37.18771743774414, -12.43879222869873, 8.075461387634277, -52.680355072021484, -63.77632522583008], [81.31163787841797, -28.680879592895508, -12.471370697021484, -41.55351638793945, -12.689604759216309, 24.758167266845703, 64.10346984863281, 122.41694641113281, 44.011417388916016, -5.475262641906738, -21.856033325195312, -23.19046401977539, -23.562044143676758], [-3.535485029220581, 19.224281311035156, -83.75841522216797, 10.69172477722168, -10.581390380859375, -19.492816925048828, -37.18771743774414, 44.011417388916016, 135.3741912841797, 23.074880599975586, -8.410810470581055, -18.038516998291016, 14.877472877502441], [30.644319534301758, -21.939878463745117, 23.994407653808594, -27.617431640625, 33.98078155517578, -4.235045909881592, -12.43879222869873, -5.475262641906738, 23.074880599975586, 97.75086975097656, 12.314031600952148, -14.174383163452148, -13.56503677368164], [-36.71038055419922, 59.133827209472656, -89.6469497680664, -43.15888977050781, -70.17738342285156, -13.862040519714355, 8.075461387634277, -21.856033325195312, -8.410810470581055, 12.314031600952148, 108.42863464355469, 38.07682800292969, -5.220843315124512], [-39.65764617919922, -41.5036735534668, 4.660619258880615, 28.804418563842773, -26.272998809814453, -63.449581146240234, -52.680355072021484, -23.19046401977539, -18.038516998291016, -14.174383163452148, 38.07682800292969, 110.55872344970703, 63.931392669677734], [-82.7455825805664, 3.3059730529785156, -47.638031005859375, 72.62883758544922, -13.199187278747559, -71.36125183105469, -63.77632522583008, -23.562044143676758, 14.877472877502441, -13.56503677368164, -5.220843315124512, 63.931392669677734, 130.41567993164062]], "lowlevel.gfcc.icov": [[0.0004290252982173115, -0.0001947314158314839, 0.0002337288751732558, -0.0001633045612834394, 0.00026246957713738084, -0.00024160569591913372, 0.00022754546080250293, -0.00043446911149658263, 0.0003937100700568408, -0.0005607689963653684, 0.0007211651536636055, -0.0005284088547341526, 0.0005652664112858474], [-0.0001947314158314839, 0.002792712301015854, -0.000645506486762315, 0.0015453076921403408, -0.0021557232830673456, 0.00285895774140954, -0.002475533401593566, 0.0022627688013017178, -0.002168110804632306, 0.0031886184588074684, -0.003786904038861394, 0.0035872331354767084, -0.0020774207077920437], [0.0002337288751732558, -0.000645506486762315, 0.0026457279454916716, -0.0017341917846351862, 0.0005465302965603769, -0.0017883762484416366, 0.0013632135232910514, -0.0013775775441899896, 0.0024463413283228874, -0.0025875484570860863, 0.0033177242148667574, -0.00294378655962646, 0.002619048347696662], [-0.0001633045612834394, 0.0015453076921403408, -0.0017341917846351862, 0.004652791656553745, -0.0032812822610139847, 0.0013456169981509447, -0.0005773559678345919, 0.0018451169598847628, -0.0026207210030406713, 0.0044322265312075615, -0.004074066411703825, 0.0033068242482841015, -0.003936344292014837], [0.00026246957713738084, -0.0021557232830673456, 0.0005465302965603769, -0.0032812822610139847, 0.007238208316266537, -0.004058947786688805, 0.0017821145011112094, -0.001242184080183506, 0.002299554878845811, -0.005754584912210703, 0.006646288093179464, -0.004221929237246513, 0.0028816459234803915], [-0.00024160569591913372, 0.00285895774140954, -0.0017883762484416366, 0.0013456169981509447, -0.004058947786688805, 0.01026891078799963, -0.006408492103219032, 0.0033659960608929396, -0.003602519165724516, 0.005051629152148962, -0.005771959200501442, 0.006033242680132389, -0.0011982283322140574], [0.00022754546080250293, -0.002475533401593566, 0.0013632135232910514, -0.0005773559678345919, 0.0017821145011112094, -0.006408492103219032, 0.01161871012300253, -0.0073788887821137905, 0.006332412362098694, -0.0025129318237304688, 0.0013586152344942093, -0.000593105738516897, 0.001410414814017713], [-0.00043446911149658263, 0.0022627688013017178, -0.0013775775441899896, 0.0018451169598847628, -0.001242184080183506, 0.0033659960608929396, -0.0073788887821137905, 0.01613703742623329, -0.008882478810846806, 0.0042372276075184345, 0.000288612354779616, 0.0005716654122807086, 0.0003446720074862242], [0.0003937100700568408, -0.002168110804632306, 0.0024463413283228874, -0.0026207210030406713, 0.002299554878845811, -0.003602519165724516, 0.006332412362098694, -0.008882478810846806, 0.015002117492258549, -0.006482550874352455, 0.0029345257207751274, 8.843486284604296e-05, 9.96979943010956e-05], [-0.0005607689963653684, 0.0031886184588074684, -0.0025875484570860863, 0.0044322265312075615, -0.005754584912210703, 0.005051629152148962, -0.0025129318237304688, 0.0042372276075184345, -0.006482550874352455, 0.018587825819849968, -0.010017454624176025, 0.008188897743821144, -0.0038741319440305233], [0.0007211651536636055, -0.003786904038861394, 0.0033177242148667574, -0.004074066411703825, 0.006646288093179464, -0.005771959200501442, 0.0013586152344942093, 0.000288612354779616, 0.0029345257207751274, -0.010017454624176025, 0.023497240617871284, -0.01566198281943798, 0.009506822563707829], [-0.0005284088547341526, 0.0035872331354767084, -0.00294378655962646, 0.0033068242482841015, -0.004221929237246513, 0.006033242680132389, -0.000593105738516897, 0.0005716654122807086, 8.843486284604296e-05, 0.008188897743821144, -0.01566198281943798, 0.025783328339457512, -0.013080470263957977], [0.0005652664112858474, -0.0020774207077920437, 0.002619048347696662, -0.003936344292014837, 0.0028816459234803915, -0.0011982283322140574, 0.001410414814017713, 0.0003446720074862242, 9.96979943010956e-05, -0.0038741319440305233, 0.009506822563707829, -0.013080470263957977, 0.017994388937950134]], "lowlevel.mfcc.cov": [[2110.33984375, 31.954326629638672, -312.047119140625, -149.3914031982422, -203.51219177246094, -121.42171478271484, -57.211708068847656, 6.716560363769531, -22.94636344909668, 97.46981811523438, 20.579833984375, -1.178250789642334, -34.03976821899414], [31.954326629638672, 769.104248046875, -169.5987091064453, -132.0651397705078, -155.85702514648438, -67.35198211669922, 36.42371368408203, -31.353303909301758, -29.391538619995117, 4.985368728637695, 53.85726547241211, 24.259553909301758, -26.425371170043945], [-312.047119140625, -169.5987091064453, 571.3463134765625, 152.89938354492188, 192.55653381347656, 134.45187377929688, 102.1636734008789, 40.62999725341797, 41.40995407104492, -28.46030616760254, 12.137334823608398, -1.1002106666564941, 31.538232803344727], [-149.3914031982422, -132.0651397705078, 152.89938354492188, 401.8321838378906, 249.7514190673828, 89.04531860351562, -16.234390258789062, -16.13802146911621, 73.41976165771484, -64.9669189453125, -67.75385284423828, -18.696603775024414, 50.89711380004883], [-203.51219177246094, -155.85702514648438, 192.55653381347656, 249.7514190673828, 414.4245300292969, 164.78091430664062, -5.20226526260376, -9.350058555603027, 89.39494323730469, -10.217511177062988, -10.973657608032227, -16.82091522216797, 29.958335876464844], [-121.42171478271484, -67.35198211669922, 134.45187377929688, 89.04531860351562, 164.78091430664062, 243.18301391601562, 127.14649200439453, 21.7375431060791, 36.0975456237793, 27.58951187133789, 18.957475662231445, -1.9224079847335815, -1.4069018363952637], [-57.211708068847656, 36.42371368408203, 102.1636734008789, -16.234390258789062, -5.20226526260376, 127.14649200439453, 252.24317932128906, 78.22310638427734, 9.136276245117188, 23.599271774291992, 46.3171501159668, 18.15876579284668, 0.40862688422203064], [6.716560363769531, -31.353303909301758, 40.62999725341797, -16.13802146911621, -9.350058555603027, 21.7375431060791, 78.22310638427734, 142.5777587890625, 31.182435989379883, 16.79608726501465, 7.1094536781311035, 9.495299339294434, 16.590967178344727], [-22.94636344909668, -29.391538619995117, 41.40995407104492, 73.41976165771484, 89.39494323730469, 36.0975456237793, 9.136276245117188, 31.182435989379883, 156.446533203125, 34.57719421386719, -8.064716339111328, -15.433204650878906, 3.944854736328125], [97.46981811523438, 4.985368728637695, -28.46030616760254, -64.9669189453125, -10.217511177062988, 27.58951187133789, 23.599271774291992, 16.79608726501465, 34.57719421386719, 149.3936767578125, 60.321414947509766, 4.468362331390381, -17.762529373168945], [20.579833984375, 53.85726547241211, 12.137334823608398, -67.75385284423828, -10.973657608032227, 18.957475662231445, 46.3171501159668, 7.1094536781311035, -8.064716339111328, 60.321414947509766, 121.9039306640625, 31.57366180419922, -21.343551635742188], [-1.178250789642334, 24.259553909301758, -1.1002106666564941, -18.696603775024414, -16.82091522216797, -1.9224079847335815, 18.15876579284668, 9.495299339294434, -15.433204650878906, 4.468362331390381, 31.57366180419922, 73.11598205566406, 24.615488052368164], [-34.03976821899414, -26.425371170043945, 31.538232803344727, 50.89711380004883, 29.958335876464844, -1.4069018363952637, 0.40862688422203064, 16.590967178344727, 3.944854736328125, -17.762529373168945, -21.343551635742188, 24.615488052368164, 82.23892211914062]], "lowlevel.mfcc.icov": [[0.0005419646040536463, 6.0123318689875305e-05, 0.00023180489370133728, -5.600195800070651e-05, 0.0001494505413575098, 0.00011027458822354674, 1.7589227354619652e-05, -7.879253098508343e-05, 3.543627099134028e-05, -0.0003396183019503951, -2.7071005206380505e-06, 2.736933674896136e-05, 6.871327059343457e-05], [6.0123318689875305e-05, 0.0015913712559267879, 0.00041895938920788467, 0.00013513430894818157, 0.00028478531748987734, 0.00031679909443482757, -0.0006107150693424046, 0.0006124854553490877, -0.0003270731249358505, 0.00039301428478211164, -0.0006744805723428726, -0.0001573866611579433, 4.571236058836803e-05], [0.00023180489370133728, 0.00041895938920788467, 0.0025930379051715136, -0.0003339722752571106, -0.0006142316851764917, -0.00019344445900060236, -0.0008508823229931295, -0.00022736126265954226, -5.761018110206351e-05, 0.0006276558269746602, -0.0008604450849816203, 0.00039917262620292604, -0.0004910763818770647], [-5.600195800070651e-05, 0.00013513430894818157, -0.0003339722752571106, 0.005089728161692619, -0.0023223974276334047, -0.00018792247283272445, -0.0001739505969453603, 0.0008806008263491094, -0.0012679391074925661, 0.0014746683882549405, 0.0015033025993034244, 0.00017871127056423575, -0.0016196786891669035], [0.0001494505413575098, 0.00028478531748987734, -0.0006142316851764917, -0.0023223974276334047, 0.006274777464568615, -0.0038595222868025303, 0.002443398116156459, 9.289227455155924e-05, -0.0016257126117125154, 0.0005069604376330972, -0.0019303803564980626, 0.0008678027661517262, -0.0011297327000647783], [0.00011027458822354674, 0.00031679909443482757, -0.00019344445900060236, -0.00018792247283272445, -0.0038595222868025303, 0.009783555753529072, -0.005372609943151474, 0.0011584056774154305, 0.0006709767039865255, -0.0020298075396567583, 0.0013418106827884912, -0.0004975648480467498, 0.0017308342503383756], [1.7589227354619652e-05, -0.0006107150693424046, -0.0008508823229931295, -0.0001739505969453603, 0.002443398116156459, -0.005372609943151474, 0.008592263795435429, -0.003569609485566616, -4.522923336480744e-05, 0.0008321012719534338, -0.002222578739747405, -5.725482333218679e-05, -0.0004373487026896328], [-7.879253098508343e-05, 0.0006124854553490877, -0.00022736126265954226, 0.0008806008263491094, 9.289227455155924e-05, 0.0011584056774154305, -0.003569609485566616, 0.009849506430327892, -0.0022009897511452436, -0.0003561183111742139, 0.0006518879090435803, -0.00038683440652675927, -0.00196331599727273], [3.543627099134028e-05, -0.0003270731249358505, -5.761018110206351e-05, -0.0012679391074925661, -0.0016257126117125154, 0.0006709767039865255, -4.522923336480744e-05, -0.0022009897511452436, 0.009002313017845154, -0.0031264103017747402, 0.0013421153416857123, 0.0009984695352613926, 0.000706711201928556], [-0.0003396183019503951, 0.00039301428478211164, 0.0006276558269746602, 0.0014746683882549405, 0.0005069604376330972, -0.0020298075396567583, 0.0008321012719534338, -0.0003561183111742139, -0.0031264103017747402, 0.010711496695876122, -0.005246362648904324, 0.0013096928596496582, -0.0006094417185522616], [-2.7071005206380505e-06, -0.0006744805723428726, -0.0008604450849816203, 0.0015033025993034244, -0.0019303803564980626, 0.0013418106827884912, -0.002222578739747405, 0.0006518879090435803, 0.0013421153416857123, -0.005246362648904324, 0.015081984922289848, -0.0067816530354321, 0.004534019157290459], [2.736933674896136e-05, -0.0001573866611579433, 0.00039917262620292604, 0.00017871127056423575, 0.0008678027661517262, -0.0004975648480467498, -5.725482333218679e-05, -0.00038683440652675927, 0.0009984695352613926, 0.0013096928596496582, -0.0067816530354321, 0.019783422350883484, -0.007995819672942162], [6.871327059343457e-05, 4.571236058836803e-05, -0.0004910763818770647, -0.0016196786891669035, -0.0011297327000647783, 0.0017308342503383756, -0.0004373487026896328, -0.00196331599727273, 0.000706711201928556, -0.0006094417185522616, 0.004534019157290459, -0.007995819672942162, 0.017637435346841812]], "metadata.audio_properties.analysis.downmix": "mix", "metadata.audio_properties.codec": "mp3", "metadata.audio_properties.md5_encoded": "394f85b0fb2f193489a0342f2876fb8c", "metadata.tags.file_name": "1183670649089163315.mp3", "metadata.version.essentia": "2.1-beta6-dev", "metadata.version.essentia_git_sha": "v2.1_beta5-1110-g77a6a954", "metadata.version.extractor": "music 2.0", "tonal.chords_key": "A", "tonal.chords_scale": "minor", "tonal.key_edma.key": "F", "tonal.key_edm