{"song_id": "1183710140394897519", "download": "https://cdn.discordapp.com/attachments/1128313332273782784/1183710140394897519/chirp.mp4?ex=658952f9&amp", "lyrics": "[Verse]\nOn injecte notre r\u00e9sine sp\u00e9cial en 30 minutes,\nle r\u00e9sultat est presque invisible, et le pare-brise retrouve sa solidit\u00e9. En plus, avec votre assurance brise-glace, le plus souvent chez Carglass, \n\n[Chorus]\nla r\u00e9paration \u00e7a ne vous co\u00fbte rien! Oui vraiment, \u00e7a ne vous co\u00fbte rien! Alors n'attendez plus! Appelez nous maintenant, parce que moi, je pars pour\nGamelon pour l'\u00e9t\u00e9, Impa faites quelque chose !", "style": ["Hip Pop"], "essentia_features": {"lowlevel.average_loudness": 0.9033968448638916, "lowlevel.barkbands_crest.mean": 12.249669075012207, "lowlevel.barkbands_crest.stdev": 4.002856254577637, "lowlevel.barkbands_flatness_db.mean": 0.19939401745796204, "lowlevel.barkbands_flatness_db.stdev": 0.05169231817126274, "lowlevel.barkbands_kurtosis.mean": 9.68228816986084, "lowlevel.barkbands_kurtosis.stdev": 11.694387435913086, "lowlevel.barkbands_skewness.mean": 2.164226770401001, "lowlevel.barkbands_skewness.stdev": 1.6089341640472412, "lowlevel.barkbands_spread.mean": 18.48699188232422, "lowlevel.barkbands_spread.stdev": 21.446842193603516, "lowlevel.dissonance.mean": 0.4419460594654083, "lowlevel.dissonance.stdev": 0.03824121505022049, "lowlevel.dynamic_complexity": 3.339477300643921, "lowlevel.erbbands_crest.mean": 11.690237998962402, "lowlevel.erbbands_crest.stdev": 5.159458637237549, "lowlevel.erbbands_flatness_db.mean": 0.18454991281032562, "lowlevel.erbbands_flatness_db.stdev": 0.05546240136027336, "lowlevel.erbbands_kurtosis.mean": 1.7148739099502563, "lowlevel.erbbands_kurtosis.stdev": 3.363456964492798, "lowlevel.erbbands_skewness.mean": 0.6706838607788086, "lowlevel.erbbands_skewness.stdev": 1.112591028213501, "lowlevel.erbbands_spread.mean": 42.597984313964844, "lowlevel.erbbands_spread.stdev": 30.757980346679688, "lowlevel.hfc.mean": 16.26311683654785, "lowlevel.hfc.stdev": 19.20682144165039, "lowlevel.loudness_ebu128.integrated": -17.117197036743164, "lowlevel.loudness_ebu128.loudness_range": 4.228804588317871, "lowlevel.loudness_ebu128.momentary.mean": -17.78233528137207, "lowlevel.loudness_ebu128.momentary.stdev": 2.5174508094787598, "lowlevel.loudness_ebu128.short_term.mean": -17.481124877929688, "lowlevel.loudness_ebu128.short_term.stdev": 1.72991943359375, "lowlevel.melbands_crest.mean": 15.557186126708984, "lowlevel.melbands_crest.stdev": 4.5108232498168945, "lowlevel.melbands_flatness_db.mean": 0.2548900544643402, "lowlevel.melbands_flatness_db.stdev": 0.06838671863079071, "lowlevel.melbands_kurtosis.mean": 24.489158630371094, "lowlevel.melbands_kurtosis.stdev": 29.103124618530273, "lowlevel.melbands_skewness.mean": 3.3667244911193848, "lowlevel.melbands_skewness.stdev": 2.0940616130828857, "lowlevel.melbands_spread.mean": 19.119731903076172, "lowlevel.melbands_spread.stdev": 26.421649932861328, "lowlevel.pitch_salience.mean": 0.5334938168525696, "lowlevel.pitch_salience.stdev": 0.10419314354658127, "lowlevel.silence_rate_20dB.mean": 1.0, "lowlevel.silence_rate_20dB.stdev": 0.0, "lowlevel.silence_rate_30dB.mean": 0.9992181658744812, "lowlevel.silence_rate_30dB.stdev": 0.027950754389166832, "lowlevel.silence_rate_60dB.mean": 0.06645817309617996, "lowlevel.silence_rate_60dB.stdev": 0.24908234179019928, "lowlevel.spectral_centroid.mean": 911.4851684570312, "lowlevel.spectral_centroid.stdev": 627.469970703125, "lowlevel.spectral_complexity.mean": 10.102423667907715, "lowlevel.spectral_complexity.stdev": 5.611027717590332, "lowlevel.spectral_decrease.mean": -5.351751486415424e-09, "lowlevel.spectral_decrease.stdev": 4.806634201770521e-09, "lowlevel.spectral_energy.mean": 0.021673861891031265, "lowlevel.spectral_energy.stdev": 0.019171565771102905, "lowlevel.spectral_energyband_high.mean": 0.0005475309444591403, "lowlevel.spectral_energyband_high.stdev": 0.0014264937490224838, "lowlevel.spectral_energyband_low.mean": 0.004913344979286194, "lowlevel.spectral_energyband_low.stdev": 0.008035128004848957, "lowlevel.spectral_energyband_middle_high.mean": 0.005100227892398834, "lowlevel.spectral_energyband_middle_high.stdev": 0.01104594487696886, "lowlevel.spectral_energyband_middle_low.mean": 0.01250581257045269, "lowlevel.spectral_energyband_middle_low.stdev": 0.011148279532790184, "lowlevel.spectral_entropy.mean": 7.146598815917969, "lowlevel.spectral_entropy.stdev": 0.598925769329071, "lowlevel.spectral_flux.mean": 0.06762010604143143, "lowlevel.spectral_flux.stdev": 0.04466096684336662, "lowlevel.spectral_kurtosis.mean": 6.190229415893555, "lowlevel.spectral_kurtosis.stdev": 4.989992141723633, "lowlevel.spectral_rms.mean": 0.004162402357906103, "lowlevel.spectral_rms.stdev": 0.001954386942088604, "lowlevel.spectral_rolloff.mean": 1539.293701171875, "lowlevel.spectral_rolloff.stdev": 2569.40087890625, "lowlevel.spectral_skewness.mean": 1.86873197555542, "lowlevel.spectral_skewness.stdev": 0.7260898351669312, "lowlevel.spectral_spread.mean": 5321232.5, "lowlevel.spectral_spread.stdev": 3222296.25, "lowlevel.spectral_strongpeak.mean": 1.1776227951049805, "lowlevel.spectral_strongpeak.stdev": 1.5626243352890015, "lowlevel.zerocrossingrate.mean": 0.06062093749642372, "lowlevel.zerocrossingrate.stdev": 0.06446750462055206, "metadata.audio_properties.analysis.equal_loudness": 0.0, "metadata.audio_properties.analysis.length": 29.653310775756836, "metadata.audio_properties.analysis.sample_rate": 44100.0, "metadata.audio_properties.analysis.start_time": 0.0, "metadata.audio_properties.bit_rate": 116191.0, "metadata.audio_properties.length": 29.65333366394043, "metadata.audio_properties.lossless": 0.0, "metadata.audio_properties.number_channels": 1.0, "metadata.audio_properties.replay_gain": -10.933586120605469, "metadata.audio_properties.sample_rate": 48000.0, "rhythm.beats_count": 56.0, "rhythm.beats_loudness.mean": 0.035132117569446564, "rhythm.beats_loudness.stdev": 0.02333010919392109, "rhythm.bpm": 116.42192077636719, "rhythm.bpm_histogram_first_peak_bpm": 117.0, "rhythm.bpm_histogram_first_peak_weight": 0.39534884691238403, "rhythm.bpm_histogram_second_peak_bpm": 112.0, "rhythm.bpm_histogram_second_peak_spread": 0.1818181872367859, "rhythm.bpm_histogram_second_peak_weight": 0.16363635659217834, "rhythm.danceability": 1.302638053894043, "rhythm.onset_rate": 4.5492682456970215, "tonal.chords_changes_rate": 0.05937499925494194, "tonal.chords_number_rate": 0.01406249962747097, "tonal.chords_strength.mean": 0.4973103106021881, "tonal.chords_strength.stdev": 0.08879392594099045, "tonal.hpcp_crest.mean": 16.444599151611328, "tonal.hpcp_crest.stdev": 7.562751770019531, "tonal.hpcp_entropy.mean": 1.6529172658920288, "tonal.hpcp_entropy.stdev": 0.7005112767219543, "tonal.key_edma.strength": 0.7051802277565002, "tonal.key_krumhansl.strength": 0.7162206172943115, "tonal.key_temperley.strength": 0.7339470982551575, "tonal.tuning_diatonic_strength": 0.5906710624694824, "tonal.tuning_equal_tempered_deviation": 0.06972227245569229, "tonal.tuning_frequency": 438.47772216796875, "tonal.tuning_nontempered_energy_ratio": 0.6801050901412964, "lowlevel.barkbands.mean": [7.71882423578063e-06, 0.0019234013743698597, 0.001792428782209754, 0.003009578911587596, 0.004579170141369104, 0.0014277793234214187, 0.0010129852453246713, 0.0011319635668769479, 0.0008861711830832064, 0.0009174743900075555, 0.0018979787128046155, 0.0004907650290988386, 0.00020859575306531042, 0.0003962089540436864, 0.0006591132842004299, 0.00020831079746130854, 0.00015319530211854726, 0.00016904011135920882, 0.00020737804879900068, 8.100208651740104e-05, 3.7412686651805416e-05, 4.51863779744599e-05, 5.725608571083285e-05, 0.00017485297576058656, 0.00015739304944872856, 4.1441839130129665e-05, 7.893077480503052e-08], "lowlevel.barkbands.stdev": [2.138295167242177e-05, 0.004313776735216379, 0.003818185068666935, 0.004197056405246258, 0.004978009965270758, 0.002971663838252425, 0.003078610170632601, 0.0045346892438828945, 0.0027664313092827797, 0.0038642510771751404, 0.007208014372736216, 0.001975506776943803, 0.000835422077216208, 0.0017507546581327915, 0.002250415738672018, 0.0008284107316285372, 0.0004398261371534318, 0.00035533608752302825, 0.0005558557459153235, 0.00022942741634324193, 0.00010937997285509482, 0.0001987485447898507, 0.0002007073344429955, 0.0005725501687265933, 0.0005298039759509265, 0.0001312913082074374, 5.691962314813281e-07], "lowlevel.erbbands.mean": [0.022473029792308807, 0.5513623356819153, 2.0982935428619385, 6.021581172943115, 14.655104637145996, 14.31322956085205, 14.90582275390625, 9.544721603393555, 10.284708023071289, 27.698345184326172, 17.29366111755371, 21.066869735717773, 30.618026733398438, 41.13837432861328, 61.776126861572266, 21.832202911376953, 11.178319931030273, 16.153461456298828, 27.63835906982422, 29.576271057128906, 11.03748893737793, 7.749514579772949, 8.532759666442871, 14.397632598876953, 5.989601135253906, 3.808366298675537, 1.9713622331619263, 1.3432936668395996, 1.653195858001709, 1.3825749158859253, 1.6898159980773926, 2.503720283508301, 3.6006219387054443, 2.3203299045562744, 0.8030065894126892, 0.2858978509902954, 0.05773795023560524, 0.0037237026263028383, 9.910208609653637e-05, 3.2322870538337156e-05], "lowlevel.erbbands.stdev": [0.05965942144393921, 1.20904541015625, 4.584012508392334, 7.961560249328613, 18.80498695373535, 16.36188507080078, 26.84232521057129, 21.28632926940918, 29.188907623291016, 93.4814453125, 61.1593132019043, 64.35155487060547, 137.4871368408203, 142.3762969970703, 224.78143310546875, 79.63587188720703, 39.46405792236328, 67.53527069091797, 92.21918487548828, 112.6995620727539, 32.885311126708984, 19.53575325012207, 18.426414489746094, 35.08272933959961, 15.099946975708008, 10.937613487243652, 4.213063716888428, 4.892001628875732, 7.240678310394287, 5.935558319091797, 5.674633026123047, 8.105420112609863, 12.28017520904541, 8.302861213684082, 2.6691339015960693, 0.9766647815704346, 0.17644181847572327, 0.010762556456029415, 0.00024232710711658, 2.9591668862849474e-05], "lowlevel.gfcc.mean": [-51.55542755126953, 95.7765884399414, -101.56722259521484, 21.327987670898438, -64.91932678222656, 4.455787658691406, -58.378841400146484, 6.343940734863281, -44.446510314941406, -10.795116424560547, -23.248050689697266, -12.5509033203125, -9.084755897521973], "lowlevel.melbands.mean": [0.00037365060416050255, 0.0010054373415187001, 0.001349920523352921, 0.0010302496375516057, 0.00055930286180228, 0.0002237622975371778, 0.00017054635100066662, 0.00030856815283186734, 0.0001338795555057004, 0.00013242354907561094, 0.00014920427929610014, 0.00015075106057338417, 0.0002523156290408224, 6.622405635425821e-05, 4.255828753230162e-05, 1.6487772882101126e-05, 3.266148269176483e-05, 4.233303843648173e-05, 5.144495298736729e-05, 2.263353053422179e-05, 1.1717718734871596e-05, 8.369988790946081e-06, 6.5794342845038045e-06, 8.764633093960583e-06, 1.2704220353043638e-05, 5.0165349421149585e-06, 3.340252760608564e-06, 2.2933847958483966e-06, 1.3503026821126696e-06, 8.326940132974414e-07, 7.585874755022814e-07, 9.437696348868485e-07, 8.615246542831301e-07, 7.387251343971002e-07, 8.417593448939442e-07, 1.2095553074686904e-06, 1.710717924652272e-06, 2.7239743758400436e-06, 2.1323323835531482e-06, 1.937027718668105e-06], "lowlevel.melbands.stdev": [0.0008600899600423872, 0.0019629825837910175, 0.0015582460910081863, 0.001130813267081976, 0.0008179972064681351, 0.00047720721340738237, 0.000508832570631057, 0.0010820631869137287, 0.00046598073095083237, 0.00041555194184184074, 0.0006893086829222739, 0.0005403953255154192, 0.0009653925662860274, 0.00024905186728574336, 0.0001547289575682953, 6.112494884291664e-05, 0.00014965185255277902, 0.0001624954747967422, 0.00019195576896890998, 8.730901754461229e-05, 3.9746566471876577e-05, 2.3469772713724524e-05, 1.7382437363266945e-05, 1.9014458302990533e-05, 3.3099029678851366e-05, 1.3671131455339491e-05, 9.942807082552463e-06, 6.830435268057045e-06, 2.7182143185200403e-06, 2.6328621061111335e-06, 3.060088829442975e-06, 4.194352186459582e-06, 3.869582997140242e-06, 3.3066114610846853e-06, 3.0747178243473172e-06, 4.069498118042247e-06, 5.691719252354233e-06, 9.612172107154038e-06, 7.265467502293177e-06, 7.317512427107431e-06], "lowlevel.melbands128.mean": [4.184280442132149e-06, 6.625148671446368e-05, 0.00045980827417224646, 0.0010792692191898823, 0.0011299882316961884, 0.0008257697336375713, 0.0010700280545279384, 0.0016848361119627953, 0.0016049925470724702, 0.0008999126148410141, 0.000768020807299763, 0.0006758589879609644, 0.0005013481713831425, 0.00044373024138621986, 0.00022088218247517943, 0.00010436568118166178, 0.00010825062054209411, 0.0001798096636775881, 0.00024559933808632195, 0.0003547217638697475, 0.00035499039222486317, 0.00012850301573053002, 9.406362369190902e-05, 0.0001435287413187325, 0.0001450107229175046, 0.00011359051131876186, 0.00013817919534631073, 0.00019825926574412733, 0.0001081038499251008, 8.982772851595655e-05, 0.00013213942293077707, 0.0003350470506120473, 0.0003203680971637368, 0.0001674355735303834, 5.265560685074888e-05, 4.8725185479270294e-05, 6.254794425331056e-05, 4.388836896396242e-05, 3.329419996589422e-05, 1.7275879145017825e-05, 1.244567920366535e-05, 1.3113431123201735e-05, 3.0172590413712896e-05, 4.5054803194943815e-05, 4.242991053615697e-05, 3.8773268897784874e-05, 4.631379488273524e-05, 4.954484029440209e-05, 6.521137402160093e-05, 3.3253978472203016e-05, 1.4801500583416782e-05, 1.195138247567229e-05, 1.09792717921664e-05, 1.2358085768937599e-05, 1.216769487655256e-05, 6.633780230913544e-06, 6.517126621474745e-06, 7.253514468175126e-06, 5.58312285647844e-06, 7.32938269720762e-06, 8.52203811518848e-06, 9.011369911604561e-06, 1.566628816362936e-05, 1.4601911971112713e-05, 6.729838787578046e-06, 4.8317015171051025e-06, 3.841140369331697e-06, 2.738452167250216e-06, 4.0333934521186166e-06, 3.013554305653088e-06, 2.0430593394848984e-06, 2.2560714114661096e-06, 1.416715122104506e-06, 1.3358994692680426e-06, 9.866714663075982e-07, 8.439575367447105e-07, 8.025493798413663e-07, 6.570880373146792e-07, 7.217049073915405e-07, 8.598870522291691e-07, 9.468063808526495e-07, 9.946893442247529e-07, 9.517867169961391e-07, 8.833600873003888e-07, 7.576750817861466e-07, 6.729836741214967e-07, 7.655472700207611e-07, 7.837405178179324e-07, 6.849292049082578e-07, 9.786331247596536e-07, 1.3632286481879419e-06, 1.267161337636935e-06, 9.855581311057904e-07, 1.4638749235018622e-06, 2.2967262793827103e-06, 2.679300223462633e-06, 3.0174533094395883e-06, 2.54464407589694e-06, 1.912417474159156e-06, 2.071985591101111e-06, 2.185994162573479e-06, 2.216365601270809e-06, 1.207988134410698e-06, 8.885851343620743e-07, 6.56514771435468e-07, 1.0192104582529282e-06, 6.319883141259197e-07, 5.881511810912343e-07, 5.443487793854729e-07, 3.254624232340575e-07, 2.6083162651957537e-07, 2.485766117388266e-07, 1.612378213167176e-07, 1.0483669399263817e-07, 7.14410290925116e-08, 2.2231876783962434e-08, 3.680599158784048e-09, 6.484222880853707e-11, 3.412941587330187e-12, 3.0224180363330744e-12, 2.898670236131662e-12, 2.7160795314229436e-12, 2.6447852154859453e-12, 2.5882774656177387e-12, 2.5118429471809867e-12, 2.4115329958634968e-12, 2.3533482020748897e-12, 2.3342280799226733e-12], "lowlevel.melbands128.stdev": [1.4290264516603202e-05, 0.00026438309578225017, 0.0012701365631073713, 0.0024976057466119528, 0.002830457640811801, 0.0015721868257969618, 0.0017825118266046047, 0.0024331610184162855, 0.0023955332580953836, 0.0013488172553479671, 0.001077627413906157, 0.001065478310920298, 0.0012224239762872458, 0.0010788809740915895, 0.0006670412258245051, 0.00040818602428771555, 0.0003088751982431859, 0.0007662169518880546, 0.0009436927502974868, 0.001390573917888105, 0.0016419525491073728, 0.0006922809989191592, 0.0005432149628177285, 0.0006979109020903707, 0.0005382834351621568, 0.0005993997910991311, 0.0007140215020626783, 0.0012053881073370576, 0.0006206377875059843, 0.0004623692366294563, 0.0006682065431959927, 0.0016863641794770956, 0.0015900225844234228, 0.0007777161663398147, 0.0003325976140331477, 0.0003358473186381161, 0.0003286840801592916, 0.0002048785681836307, 0.0002003428671741858, 8.840725786285475e-05, 7.173282938310876e-05, 6.346925511024892e-05, 0.0001807312946766615, 0.00027814574423246086, 0.00028465574723668396, 0.00023498901282437146, 0.00021183729404583573, 0.00024690438294783235, 0.00037841519224457443, 0.00018679913773667067, 7.521030056523159e-05, 6.36741824564524e-05, 6.597957690246403e-05, 5.760169733548537e-05, 4.8089139454532415e-05, 2.748542647168506e-05, 2.572443918325007e-05, 2.6947620426653884e-05, 1.7693530026008375e-05, 2.2166655980981886e-05, 2.6841953513212502e-05, 2.6618132324074395e-05, 4.225767406751402e-05, 5.490584226208739e-05, 2.3087159206625074e-05, 1.7231786841875874e-05, 1.172055726783583e-05, 8.866270945873111e-06, 1.5401417840621434e-05, 1.1191789781150874e-05, 8.463360245514195e-06, 7.231209565361496e-06, 3.039814828298404e-06, 3.1659214982937556e-06, 3.0306875942187617e-06, 2.9200571134424536e-06, 3.2138161714101443e-06, 2.799621597660007e-06, 3.1434110496775247e-06, 3.970892976212781e-06, 4.421176072355593e-06, 4.861598881689133e-06, 4.398545115691377e-06, 4.263296432327479e-06, 3.5914338241127552e-06, 2.9518917017412605e-06, 3.9427054616680834e-06, 4.2513547668932006e-06, 2.522316663089441e-06, 3.551345571395359e-06, 4.771953172166832e-06, 4.3548607209231704e-06, 4.22992161475122e-06, 5.42271618542145e-06, 7.94886909716297e-06, 9.701569069875404e-06, 1.1543716937012505e-05, 9.916712770063896e-06, 6.504545126517769e-06, 7.443130471074255e-06, 9.551130460749846e-06, 8.921168955566827e-06, 4.184266344964271e-06, 2.9526436264859512e-06, 2.3274058094102656e-06, 4.67258587377728e-06, 2.4557298274885397e-06, 2.0991985820728587e-06, 2.0598802166205132e-06, 1.164907530437631e-06, 9.727459655550774e-07, 9.87865632851026e-07, 4.927016448164068e-07, 3.297571140592481e-07, 2.543430355217424e-07, 9.796759314895098e-08, 2.2043765923740466e-08, 7.894960796228645e-10, 1.0751831716615534e-11, 7.832360628123869e-12, 6.821397179751498e-12, 4.8271039942981986e-12, 4.695433711982e-12, 4.6125941607910725e-12, 4.5428934052071934e-12, 4.488567070110028e-12, 4.4480534706903274e-12, 4.423521878654801e-12], "lowlevel.mfcc.mean": [-701.3995361328125, 130.55282592773438, 13.954468727111816, 15.04184627532959, 12.177956581115723, -13.05356216430664, 2.7846500873565674, -8.69015121459961, -6.487934589385986, -8.663219451904297, -14.51508617401123, -12.159279823303223, -10.82947063446045], "lowlevel.spectral_contrast_coeffs.mean": [-0.6083807945251465, -0.7290812730789185, -0.7420222759246826, -0.791202962398529, -0.7880933284759521, -0.7953345775604248], "lowlevel.spectral_contrast_coeffs.stdev": [0.0676007866859436, 0.08212114125490189, 0.08751164376735687, 0.06959611177444458, 0.05887793004512787, 0.03384872525930405], "lowlevel.spectral_contrast_valleys.mean": [-7.196480751037598, -7.352730751037598, -8.106433868408203, -8.350075721740723, -8.324076652526855, -10.809407234191895], "lowlevel.spectral_contrast_valleys.stdev": [0.8848173022270203, 0.683050274848938, 0.7655515670776367, 0.761691689491272, 0.7828724980354309, 1.0834031105041504], "rhythm.beats_loudness_band_ratio.mean": [0.42347145080566406, 0.3008110225200653, 0.12452325969934464, 0.14079973101615906, 0.05212416872382164, 0.044711869210004807], "rhythm.beats_loudness_band_ratio.stdev": [0.26104065775871277, 0.20508259534835815, 0.17160068452358246, 0.22717124223709106, 0.05226803570985794, 0.09572164714336395], "tonal.hpcp.mean": [0.09191284328699112, 0.08196203410625458, 0.08329431712627411, 0.16567009687423706, 0.1628044843673706, 0.08472470939159393, 0.0817917063832283, 0.07639540731906891, 0.15799768269062042, 0.2661074697971344, 0.165525883436203, 0.0414687916636467, 0.030421918258070946, 0.02887948788702488, 0.06784281134605408, 0.15543393790721893, 0.13438458740711212, 0.0870472863316536, 0.10734456777572632, 0.07975225150585175, 0.08847493678331375, 0.12130515277385712, 0.08465991914272308, 0.151162251830101, 0.25672897696495056, 0.14824289083480835, 0.030702542513608932, 0.024212826043367386, 0.03006049431860447, 0.11813758313655853, 0.22847846150398254, 0.15213361382484436, 0.05330123379826546, 0.06521226465702057, 0.05965416505932808, 0.06753349304199219], "tonal.hpcp.stdev": [0.22670641541481018, 0.20518101751804352, 0.19399651885032654, 0.27590706944465637, 0.27309516072273254, 0.19104859232902527, 0.20151415467262268, 0.191242977976799, 0.2465890794992447, 0.37716275453567505, 0.2531295716762543, 0.14983785152435303, 0.12275005131959915, 0.10390926897525787, 0.15090078115463257, 0.2843235731124878, 0.24436265230178833, 0.1885778158903122, 0.24817855656147003, 0.17904746532440186, 0.1982114166021347, 0.2680860757827759, 0.18247315287590027, 0.23940086364746094, 0.38066694140434265, 0.23471462726593018, 0.11764761805534363, 0.1054399386048317, 0.11497332900762558, 0.19704389572143555, 0.343545138835907, 0.2316986471414566, 0.1347753405570984, 0.17788267135620117, 0.162666454911232, 0.1794556975364685], "rhythm.beats_position": [0.5572788715362549, 1.1261677742004395, 1.6718367338180542, 2.2058956623077393, 2.728344678878784, 3.250793695449829, 3.773242473602295, 4.29569149017334, 4.818140506744385, 5.34058952331543, 5.851428508758545, 6.36226749420166, 6.873106479644775, 7.39555549621582, 7.918004512786865, 8.42884349822998, 8.951292037963867, 9.47374153137207, 9.984580039978027, 10.4954195022583, 11.006258010864258, 11.517097473144531, 12.051156044006348, 12.57360553741455, 13.107664108276367, 13.63011360168457, 14.140952110290527, 14.6517915725708, 15.162630081176758, 15.696688652038574, 16.23074722290039, 16.741586685180664, 17.252426147460938, 17.76326560974121, 18.27410316467285, 18.808162689208984, 19.342222213745117, 19.85306167602539, 20.36389923095703, 20.874738693237305, 21.385578155517578, 21.89641761779785, 22.418865203857422, 22.941314697265625, 23.475374221801758, 23.997821807861328, 24.54349136352539, 25.054330825805664, 25.565170288085938, 26.076007843017578, 26.58684730529785, 27.097686767578125, 27.620136260986328, 28.1425838470459, 28.67664337158203, 29.187482833862305], "rhythm.bpm_histogram": [0.0, 0.0, 0.0, 0.0, 0.0, 0.0, 0.0, 0.0, 0.0, 0.0, 0.0, 0.0, 0.0, 0.0, 0.0, 0.0, 0.0, 0.0, 0.0, 0.0, 0.0, 0.0, 0.0, 0.0, 0.0, 0.0, 0.0, 0.0, 0.0, 0.0, 0.0, 0.0, 0.0, 0.0, 0.0, 0.0, 0.0, 0.0, 0.0, 0.0, 0.0, 0.0, 0.0, 0.0, 0.0, 0.0, 0.0, 0.0, 0.0, 0.0, 0.0, 0.0, 0.0, 0.0, 0.0, 0.0, 0.0, 0.0, 0.0, 0.0, 0.0, 0.0, 0.0, 0.0, 0.0, 0.0, 0.0, 0.0, 0.0, 0.0, 0.0, 0.0, 0.0, 0.0, 0.0, 0.0, 0.0, 0.0, 0.0, 0.0, 0.0, 0.0, 0.0, 0.0, 0.0, 0.0, 0.0, 0.0, 0.0, 0.0, 0.0, 0.0, 0.0, 0.0, 0.0, 0.0, 0.0, 0.0, 0.0, 0.0, 0.0, 0.0, 0.0, 0.0, 0.0, 0.0181818176060915, 0.0, 0.0, 0.0, 0.0, 0.036363635212183, 0.0, 0.16363635659217834, 0.0, 0.0, 0.30909091234207153, 0.0, 0.4727272689342499, 0.0, 0.0, 0.0, 0.0, 0.0, 0.0, 0.0, 0.0, 0.0, 0.0, 0.0, 0.0, 0.0, 0.0, 0.0, 0.0, 0.0, 0.0, 0.0, 0.0, 0.0, 0.0, 0.0, 0.0, 0.0, 0.0, 0.0, 0.0, 0.0, 0.0, 0.0, 0.0, 0.0, 0.0, 0.0, 0.0, 0.0, 0.0, 0.0, 0.0, 0.0, 0.0, 0.0, 0.0, 0.0, 0.0, 0.0, 0.0, 0.0, 0.0, 0.0, 0.0, 0.0, 0.0, 0.0, 0.0, 0.0, 0.0, 0.0, 0.0, 0.0, 0.0, 0.0, 0.0, 0.0, 0.0, 0.0, 0.0, 0.0, 0.0, 0.0, 0.0, 0.0, 0.0, 0.0, 0.0, 0.0, 0.0, 0.0, 0.0, 0.0, 0.0, 0.0, 0.0, 0.0, 0.0, 0.0, 0.0, 0.0, 0.0, 0.0, 0.0, 0.0, 0.0, 0.0, 0.0, 0.0, 0.0, 0.0, 0.0, 0.0, 0.0, 0.0, 0.0, 0.0, 0.0, 0.0, 0.0, 0.0, 0.0, 0.0, 0.0, 0.0, 0.0, 0.0, 0.0, 0.0, 0.0, 0.0, 0.0, 0.0, 0.0, 0.0, 0.0, 0.0, 0.0, 0.0, 0.0, 0.0, 0.0, 0.0, 0.0], "tonal.chords_histogram": [12.5, 0.78125, 27.1875, 6.71875, 1.71875, 0.0, 0.9375, 0.0, 0.0, 0.0, 0.46875, 0.0, 0.0, 0.0, 0.0, 0.0, 0.0, 2.8125, 7.65625, 7.1875, 0.0, 0.78125, 28.59375, 2.65625], "tonal.thpcp": [1.0, 0.6220264434814453, 0.15583474934101105, 0.11432192474603653, 0.10852565616369247, 0.25494515895843506, 0.5841020941734314, 0.5050011873245239, 0.3271132707595825, 0.40338802337646484, 0.2996993958950043, 0.33247822523117065, 0.4558502435684204, 0.3181418478488922, 0.5680496096611023, 0.9647567272186279, 0.557079017162323, 0.11537647992372513, 0.0909888967871666, 0.1129637360572815, 0.443946897983551, 0.8585947155952454, 0.5716999173164368, 0.20029965043067932, 0.24505987763404846, 0.22417320311069489, 0.2537827789783478, 0.3453974425792694, 0.3080035150051117, 0.3130100667476654, 0.6225683689117432, 0.6117997765541077, 0.3183853030204773, 0.30736345052719116, 0.28708478808403015, 0.5937363505363464], "lowlevel.gfcc.cov": [[4681.857421875, -633.2520751953125, -333.948974609375, 16.634010314941406, 177.02186584472656, 229.66429138183594, -22.158445358276367, 304.954345703125, -153.63299560546875, 62.422027587890625, -46.91313934326172, 10.601673126220703, 24.892377853393555], [-633.2520751953125, 1906.7142333984375, -458.7211608886719, -101.31402587890625, 595.0026245117188, -120.17916107177734, 417.98431396484375, -28.078798294067383, 84.01639556884766, -40.55548095703125, 267.9951477050781, -248.85989379882812, 239.126953125], [-333.948974609375, -458.7211608886719, 1208.06787109375, 401.13623046875, -133.5207977294922, 275.2897644042969, -57.712989807128906, -74.90618133544922, 129.4505157470703, 79.37509155273438, -81.74372863769531, 158.7472381591797, -93.46800231933594], [16.634010314941406, -101.31402587890625, 401.13623046875, 505.8846435546875, 95.64518737792969, 25.246843338012695, 14.956351280212402, 18.389020919799805, 98.72270202636719, 11.870007514953613, -0.13512766361236572, 87.646484375, -20.802587509155273], [177.02186584472656, 595.0026245117188, -133.5207977294922, 95.64518737792969, 565.6026000976562, 117.65496826171875, 194.12127685546875, 28.9721736907959, -2.935469627380371, 27.720890045166016, 132.80393981933594, -63.791080474853516, 115.69388580322266], [229.66429138183594, -120.17916107177734, 275.2897644042969, 25.246843338012695, 117.65496826171875, 438.53466796875, 134.13571166992188, -88.59004211425781, -52.20783233642578, 39.108001708984375, -11.760848999023438, 5.6412034034729, 24.735605239868164], [-22.158445358276367, 417.98431396484375, -57.712989807128906, 14.956351280212402, 194.12127685546875, 134.13571166992188, 338.8145446777344, 0.10074100643396378, -27.981782913208008, -10.841794967651367, 48.90556335449219, -57.13951110839844, 57.99304962158203], [304.954345703125, -28.078798294067383, -74.90618133544922, 18.389020919799805, 28.9721736907959, -88.59004211425781, 0.10074100643396378, 223.07569885253906, 60.32651901245117, 0.14495673775672913, 40.05704879760742, -17.87436866760254, 12.013291358947754], [-153.63299560546875, 84.01639556884766, 129.4505157470703, 98.72270202636719, -2.935469627380371, -52.20783233642578, -27.981782913208008, 60.32651901245117, 182.7859649658203, 24.050363540649414, -7.601913928985596, 0.9947901368141174, -9.016953468322754], [62.422027587890625, -40.55548095703125, 79.37509155273438, 11.870007514953613, 27.720890045166016, 39.108001708984375, -10.841794967651367, 0.14495673775672913, 24.050363540649414, 110.1718978881836, 21.948699951171875, -11.016398429870605, -5.906806945800781], [-46.91313934326172, 267.9951477050781, -81.74372863769531, -0.13512766361236572, 132.80393981933594, -11.760848999023438, 48.90556335449219, 40.05704879760742, -7.601913928985596, 21.948699951171875, 169.4522247314453, -32.28718566894531, 54.2191047668457], [10.601673126220703, -248.85989379882812, 158.7472381591797, 87.646484375, -63.791080474853516, 5.6412034034729, -57.13951110839844, -17.87436866760254, 0.9947901368141174, -11.016398429870605, -32.28718566894531, 151.17835998535156, -40.18438720703125], [24.892377853393555, 239.126953125, -93.46800231933594, -20.802587509155273, 115.69388580322266, 24.735605239868164, 57.99304962158203, 12.013291358947754, -9.016953468322754, -5.906806945800781, 54.2191047668457, -40.18438720703125, 138.63388061523438]], "lowlevel.gfcc.icov": [[0.000316702265990898, -1.995019738387782e-05, 0.0002165698097087443, -0.00019995355978608131, -2.8066820959793404e-05, -0.0004046041867695749, 0.00022283520956989378, -0.0006940945168025792, 0.00043538608588278294, -0.0003254325420130044, 0.0003582450735848397, -0.00011170953075634316, -1.9361000340722967e-06], [-1.995019738387782e-05, 0.002798929577693343, -0.00042727592517621815, 0.0012246844125911593, -0.0020300671458244324, 0.002378340344876051, -0.002613887656480074, 0.0027309360448271036, -0.0027301497757434845, 0.0018007317557930946, -0.0022881384938955307, 0.0020194267854094505, -0.0014225763734430075], [0.0002165698097087443, -0.00042727592517621815, 0.0022209100425243378, -0.0016238931566476822, 0.0010896484600380063, -0.002107373671606183, 0.000769774429500103, -0.0005509707261808217, -0.0003851167275570333, -0.0012521686730906367, 0.0004582929832395166, -0.0011919751996174455, 0.0005410515004768968], [-0.00019995355978608131, 0.0012246844125911593, -0.0016238931566476822, 0.004251320846378803, -0.00208122655749321, 0.002149608451873064, -0.0016185329295694828, 0.001470799557864666, -0.002296343445777893, 0.001546272193081677, -0.0011204347247257829, -0.00033650739351287484, -0.0003733526973519474], [-2.8066820959793404e-05, -0.0020300671458244324, 0.0010896484600380063, -0.00208122655749321, 0.004843635484576225, -0.0026902586687356234, 0.0009665927500464022, -0.0019095070892944932, 0.0016058945329859853, -0.0019579639192670584, 8.933821663958952e-05, -0.001189081696793437, -0.00023058289662003517], [-0.0004046041867695749, 0.002378340344876051, -0.002107373671606183, 0.002149608451873064, -0.0026902586687356234, 0.006825245451182127, -0.003841955214738846, 0.003880404634401202, -0.0013406290672719479, 0.000912320043426007, -0.0013639616081491113, 0.0018285646801814437, -0.0018146003130823374], [0.00022283520956989378, -0.002613887656480074, 0.000769774429500103, -0.0016185329295694828, 0.0009665927500464022, -0.003841955214738846, 0.006978748366236687, -0.003184234956279397, 0.002993908477947116, -0.0007190520409494638, 0.002002215478569269, -0.0007136028143577278, 0.001154384226538241], [-0.0006940945168025792, 0.0027309360448271036, -0.0005509707261808217, 0.001470799557864666, -0.0019095070892944932, 0.003880404634401202, -0.003184234956279397, 0.009722509421408176, -0.0054493797942996025, 0.0025774259120225906, -0.004112598020583391, 0.002257930114865303, -0.0013276961399242282], [0.00043538608588278294, -0.0027301497757434845, -0.0003851167275570333, -0.002296343445777893, 0.0016058945329859853, -0.0013406290672719479, 0.002993908477947116, -0.0054493797942996025, 0.011188146658241749, -0.003585867350921035, 0.0038152483757585287, -0.0008317449828609824, 0.0009873220697045326], [-0.0003254325420130044, 0.0018007317557930946, -0.0012521686730906367, 0.001546272193081677, -0.0019579639192670584, 0.000912320043426007, -0.0007190520409494638, 0.0025774259120225906, -0.003585867350921035, 0.012594576925039291, -0.0037492578849196434, 0.002847470808774233, 0.00048390592564828694], [0.0003582450735848397, -0.0022881384938955307, 0.0004582929832395166, -0.0011204347247257829, 8.933821663958952e-05, -0.0013639616081491113, 0.002002215478569269, -0.004112598020583391, 0.0038152483757585287, -0.0037492578849196434, 0.01070354413241148, -0.0014945805305615067, -0.0008200016454793513], [-0.00011170953075634316, 0.0020194267854094505, -0.0011919751996174455, -0.00033650739351287484, -0.001189081696793437, 0.0018285646801814437, -0.0007136028143577278, 0.002257930114865303, -0.0008317449828609824, 0.002847470808774233, -0.0014945805305615067, 0.01077477727085352, 0.00022649225138593465], [-1.9361000340722967e-06, -0.0014225763734430075, 0.0005410515004768968, -0.0003733526973519474, -0.00023058289662003517, -0.0018146003130823374, 0.001154384226538241, -0.0013276961399242282, 0.0009873220697045326, 0.00048390592564828694, -0.0008200016454793513, 0.00022649225138593465, 0.010595656931400299]], "lowlevel.mfcc.cov": [[3731.26220703125, -520.9641723632812, -497.04742431640625, -92.20455169677734, 168.909423828125, -130.22149658203125, 263.3996887207031, 69.03382110595703, 94.65376281738281, 148.33160400390625, -9.014116287231445, -125.76018524169922, 41.65886306762695], [-520.9641723632812, 1746.7081298828125, -699.5776977539062, 93.16442108154297, 79.8851089477539, 42.02430725097656, 382.4720764160156, -48.85004806518555, 57.7238655090332, 188.47164916992188, 26.54096031188965, -45.19001770019531, 47.021968841552734], [-497.04742431640625, -699.5776977539062, 1276.1534423828125, 79.53408813476562, 40.92402267456055, 270.7452697753906, -226.22755432128906, 93.04469299316406, 46.397098541259766, -63.30875778198242, 20.54917335510254, 148.62193298339844, 19.389284133911133], [-92.20455169677734, 93.16442108154297, 79.53408813476562, 515.4550170898438, 133.06613159179688, -13.913076400756836, -30.25701141357422, 83.927978515625, 45.05718994140625, 9.325655937194824, 45.58657455444336, 87.15853881835938, 45.10371017456055], [168.909423828125, 79.8851089477539, 40.92402267456055, 133.06613159179688, 357.15582275390625, 73.71705627441406, 84.48564910888672, 13.738667488098145, 40.187591552734375, 48.0686149597168, 51.61130142211914, 15.757881164550781, 31.890098571777344], [-130.22149658203125, 42.02430725097656, 270.7452697753906, -13.913076400756836, 73.71705627441406, 528.4244384765625, 151.24256896972656, 62.194915771484375, 20.439538955688477, 53.8713493347168, -8.483199119567871, -60.39701461791992, 32.06181716918945], [263.3996887207031, 382.4720764160156, -226.22755432128906, -30.25701141357422, 84.48564910888672, 151.24256896972656, 443.2833557128906, 21.606395721435547, 22.561595916748047, 115.76226043701172, -9.5647611618042, -54.431095123291016, 51.464080810546875], [69.03382110595703, -48.85004806518555, 93.04469299316406, 83.927978515625, 13.738667488098145, 62.194915771484375, 21.606395721435547, 195.23594665527344, 34.78639602661133, -9.920430183410645, 12.061878204345703, 15.7915678024292, 24.396221160888672], [94.65376281738281, 57.7238655090332, 46.397098541259766, 45.05718994140625, 40.187591552734375, 20.439538955688477, 22.561595916748047, 34.78639602661133, 158.83872985839844, 61.8431396484375, 0.2864796817302704, 9.975345611572266, 8.252406120300293], [148.33160400390625, 188.47164916992188, -63.30875778198242, 9.325655937194824, 48.0686149597168, 53.8713493347168, 115.76226043701172, -9.920430183410645, 61.8431396484375, 175.21311950683594, 43.010066986083984, -22.22435760498047, 20.442983627319336], [-9.014116287231445, 26.54096031188965, 20.54917335510254, 45.58657455444336, 51.61130142211914, -8.483199119567871, -9.5647611618042, 12.061878204345703, 0.2864796817302704, 43.010066986083984, 131.34512329101562, 30.55537223815918, -2.6311182975769043], [-125.76018524169922, -45.19001770019531, 148.62193298339844, 87.15853881835938, 15.757881164550781, -60.39701461791992, -54.431095123291016, 15.7915678024292, 9.975345611572266, -22.22435760498047, 30.55537223815918, 135.4906463623047, 23.637845993041992], [41.65886306762695, 47.021968841552734, 19.389284133911133, 45.10371017456055, 31.890098571777344, 32.06181716918945, 51.464080810546875, 24.396221160888672, 8.252406120300293, 20.442983627319336, -2.6311182975769043, 23.637845993041992, 98.80335998535156]], "lowlevel.mfcc.icov": [[0.00041233072988688946, 0.0003321115218568593, 0.00025931422715075314, 5.481604239321314e-05, -0.0002137083502020687, 0.00013955062604509294, -0.000253981415880844, -0.00018942009774036705, -0.00020953311468474567, -0.0003499187878333032, 7.089912833180279e-05, 0.00014890322927385569, -0.00014889953308738768], [0.0003321115218568593, 0.0012160479091107845, 0.0007548118010163307, -0.0001901669893413782, -9.894606046145782e-05, -0.00017745638615451753, -0.00063221191521734, 0.00012211306602694094, -0.00039082212606444955, -0.0007026804960332811, 1.611967854842078e-05, -0.0003971431578975171, -0.00011793289741035551], [0.00025931422715075314, 0.0007548118010163307, 0.001903911936096847, 9.590282570570707e-05, -0.00023822100774850696, -0.00122011115308851, 0.000540149980224669, -0.0002809480356518179, -0.0005301969358697534, -0.0003960174508392811, 0.0002084896113956347, -0.0019942240323871374, -1.6254640286206268e-05], [5.481604239321314e-05, -0.0001901669893413782, 9.590282570570707e-05, 0.0027150355745106936, -0.0009444510214962065, 6.795640365453437e-05, 0.0005266509251669049, -0.0010833929991349578, -0.0002103949518641457, -0.0001256356481462717, -7.486507092835382e-05, -0.0012754079652950168, -0.0005681663169525564], [-0.0002137083502020687, -9.894606046145782e-05, -0.00023822100774850696, -0.0009444510214962065, 0.003752888645976782, -0.0003703951369971037, -0.0006396423559635878, 0.0007651515770703554, -0.0006490363739430904, 0.00047268345952033997, -0.0014604118186980486, 0.00022614494082517922, -0.0004683547595050186], [0.00013955062604509294, -0.00017745638615451753, -0.00122011115308851, 6.795640365453437e-05, -0.0003703951369971037, 0.0033726815599948168, -0.0011534873628988862, -0.0006682990351691842, 0.000277241924777627, -0.0003088799421675503, 5.298848554957658e-05, 0.0025371417868882418, -0.0005398503853939474], [-0.000253981415880844, -0.00063221191521734, 0.000540149980224669, 0.0005266509251669049, -0.0006396423559635878, -0.0011534873628988862, 0.0043249535374343395, -0.0007346936035901308, 0.000680489232763648, -0.001733509823679924, 0.0010384462075307965, -0.0003875521942973137, -0.001006826525554061], [-0.00018942009774036705, 0.00012211306602694094, -0.0002809480356518179, -0.0010833929991349578, 0.0007651515770703554, -0.0006682990351691842, -0.0007346936035901308, 0.006662190426141024, -0.001733632874675095, 0.001968210795894265, -0.001374702900648117, 0.00036517775151878595, -0.0011073797941207886], [-0.00020953311468474567, -0.00039082212606444955, -0.0005301969358697534, -0.0002103949518641457, -0.0006490363739430904, 0.000277241924777627, 0.000680489232763648, -0.001733632874675095, 0.008693228475749493, -0.0038679689168930054, 0.0021734440233558416, -0.0008740352932363749, 0.0010087697301059961], [-0.0003499187878333032, -0.0007026804960332811, -0.0003960174508392811, -0.0001256356481462717, 0.00047268345952033997, -0.0003088799421675503, -0.001733509823679924, 0.001968210795894265, -0.0038679689168930054, 0.010717556811869144, -0.004314460791647434, 0.002121169585734606, -0.0015351789770647883], [7.089912833180279e-05, 1.611967854842078e-05, 0.0002084896113956347, -7.486507092835382e-05, -0.0014604118186980486, 5.298848554957658e-05, 0.0010384462075307965, -0.001374702900648117, 0.0021734440233558416, -0.004314460791647434, 0.010509930551052094, -0.0029069429729133844, 0.0018948988290503621], [0.00014890322927385569, -0.0003971431578975171, -0.0019942240323871374, -0.0012754079652950168, 0.00022614494082517922, 0.0025371417868882418, -0.0003875521942973137, 0.00036517775151878595, -0.0008740352932363749, 0.002121169585734606, -0.0029069429729133844, 0.012930585071444511, -0.0032216254621744156], [-0.00014889953308738768, -0.00011793289741035551, -1.6254640286206268e-05, -0.0005681663169525564, -0.0004683547595050186, -0.0005398503853939474, -0.001006826525554061, -0.0011073797941207886, 0.0010087697301059961, -0.0015351789770647883, 0.0018948988290503621, -0.0032216254621744156, 0.012681376188993454]], "metadata.audio_properties.analysis.downmix": "mix", "metadata.audio_properties.codec": "mp3", "metadata.audio_properties.md5_encoded": "e6cc6dfcde7617b4561b81d5efa72804", "metadata.tags.file_name": "1183710140394897519.mp3", "metadata.version.essentia": "2.1-beta6-dev", "metadata.version.essentia_git_sha": "v2.1_beta5-1110-g77a6a954", "metadata.version.extractor": "music 2.0", "tonal.chords_key": "Bb", "tonal.chords_scale": "major", "tonal.key_edma.key": "F", "tonal.key_edma.scale": "major", "tonal.key_krumhansl.key": "F", "tonal.key_krumhansl.scale": "major", "tonal.key_temperley.key": "F", "tonal.key_temperley.scale": "major", "metadata.tags.encoding": ["Lavf58.45.100"]}, "essentia_m