{"song_id": "1183710139895783514", "download": "https://cdn.discordapp.com/attachments/1128313332273782784/1183710139895783514/chirp.mp4?ex=658952f9&amp", "lyrics": "[Verse]\nOn injecte notre r\u00e9sine sp\u00e9cial en 30 minutes,\nle r\u00e9sultat est presque invisible, et le pare-brise retrouve sa solidit\u00e9. En plus, avec votre assurance brise-glace, le plus souvent chez Carglass, \n\n[Chorus]\nla r\u00e9paration \u00e7a ne vous co\u00fbte rien! Oui vraiment, \u00e7a ne vous co\u00fbte rien! Alors n'attendez plus! Appelez nous maintenant, parce que moi, je pars pour\nGamelon pour l'\u00e9t\u00e9, Impa faites quelque chose !", "style": ["Hip Pop"], "essentia_features": {"lowlevel.average_loudness": 0.8647482991218567, "lowlevel.barkbands_crest.mean": 13.876365661621094, "lowlevel.barkbands_crest.stdev": 5.1074090003967285, "lowlevel.barkbands_flatness_db.mean": 0.25168779492378235, "lowlevel.barkbands_flatness_db.stdev": 0.09007012099027634, "lowlevel.barkbands_kurtosis.mean": 14.6635160446167, "lowlevel.barkbands_kurtosis.stdev": 31.485136032104492, "lowlevel.barkbands_skewness.mean": 2.334491729736328, "lowlevel.barkbands_skewness.stdev": 2.3071165084838867, "lowlevel.barkbands_spread.mean": 13.4752779006958, "lowlevel.barkbands_spread.stdev": 12.866469383239746, "lowlevel.dissonance.mean": 0.4370400011539459, "lowlevel.dissonance.stdev": 0.056956399232149124, "lowlevel.dynamic_complexity": 11.551984786987305, "lowlevel.erbbands_crest.mean": 13.539141654968262, "lowlevel.erbbands_crest.stdev": 5.795762538909912, "lowlevel.erbbands_flatness_db.mean": 0.2693406641483307, "lowlevel.erbbands_flatness_db.stdev": 0.07873392850160599, "lowlevel.erbbands_kurtosis.mean": 3.8502445220947266, "lowlevel.erbbands_kurtosis.stdev": 8.495006561279297, "lowlevel.erbbands_skewness.mean": 0.9080566763877869, "lowlevel.erbbands_skewness.stdev": 1.6350339651107788, "lowlevel.erbbands_spread.mean": 32.583396911621094, "lowlevel.erbbands_spread.stdev": 20.877779006958008, "lowlevel.hfc.mean": 7.379389762878418, "lowlevel.hfc.stdev": 14.765799522399902, "lowlevel.loudness_ebu128.integrated": -24.231645584106445, "lowlevel.loudness_ebu128.loudness_range": 3.3667354583740234, "lowlevel.loudness_ebu128.momentary.mean": -29.704410552978516, "lowlevel.loudness_ebu128.momentary.stdev": 10.297565460205078, "lowlevel.loudness_ebu128.short_term.mean": -25.22764778137207, "lowlevel.loudness_ebu128.short_term.stdev": 1.1947221755981445, "lowlevel.melbands_crest.mean": 17.156658172607422, "lowlevel.melbands_crest.stdev": 5.844264984130859, "lowlevel.melbands_flatness_db.mean": 0.28542348742485046, "lowlevel.melbands_flatness_db.stdev": 0.11346034705638885, "lowlevel.melbands_kurtosis.mean": 24.53127670288086, "lowlevel.melbands_kurtosis.stdev": 30.17359733581543, "lowlevel.melbands_skewness.mean": 3.1936419010162354, "lowlevel.melbands_skewness.stdev": 2.209913969039917, "lowlevel.melbands_spread.mean": 20.566621780395508, "lowlevel.melbands_spread.stdev": 29.660850524902344, "lowlevel.pitch_salience.mean": 0.5454360246658325, "lowlevel.pitch_salience.stdev": 0.14541377127170563, "lowlevel.silence_rate_20dB.mean": 1.0, "lowlevel.silence_rate_20dB.stdev": 0.0, "lowlevel.silence_rate_30dB.mean": 0.9956024885177612, "lowlevel.silence_rate_30dB.stdev": 0.06616871803998947, "lowlevel.silence_rate_60dB.mean": 0.5435356497764587, "lowlevel.silence_rate_60dB.stdev": 0.49810075759887695, "lowlevel.spectral_centroid.mean": 1186.5919189453125, "lowlevel.spectral_centroid.stdev": 1031.187744140625, "lowlevel.spectral_complexity.mean": 4.660510063171387, "lowlevel.spectral_complexity.stdev": 5.722309589385986, "lowlevel.spectral_decrease.mean": -2.820012667825722e-09, "lowlevel.spectral_decrease.stdev": 5.297247529512106e-09, "lowlevel.spectral_energy.mean": 0.01131272129714489, "lowlevel.spectral_energy.stdev": 0.021250678226351738, "lowlevel.spectral_energyband_high.mean": 6.669478898402303e-05, "lowlevel.spectral_energyband_high.stdev": 0.00026233101380057633, "lowlevel.spectral_energyband_low.mean": 0.00025874553830362856, "lowlevel.spectral_energyband_low.stdev": 0.00044305334449745715, "lowlevel.spectral_energyband_middle_high.mean": 0.001753786695189774, "lowlevel.spectral_energyband_middle_high.stdev": 0.005659203510731459, "lowlevel.spectral_energyband_middle_low.mean": 0.00947308074682951, "lowlevel.spectral_energyband_middle_low.stdev": 0.018324699252843857, "lowlevel.spectral_entropy.mean": 6.893857955932617, "lowlevel.spectral_entropy.stdev": 0.7573484182357788, "lowlevel.spectral_flux.mean": 0.052954450249671936, "lowlevel.spectral_flux.stdev": 0.059264302253723145, "lowlevel.spectral_kurtosis.mean": 8.859353065490723, "lowlevel.spectral_kurtosis.stdev": 9.746357917785645, "lowlevel.spectral_rms.mean": 0.002191615756601095, "lowlevel.spectral_rms.stdev": 0.00249672238714993, "lowlevel.spectral_rolloff.mean": 1414.3558349609375, "lowlevel.spectral_rolloff.stdev": 1760.6044921875, "lowlevel.spectral_skewness.mean": 1.684589147567749, "lowlevel.spectral_skewness.stdev": 1.0857832431793213, "lowlevel.spectral_spread.mean": 3268165.0, "lowlevel.spectral_spread.stdev": 1368227.25, "lowlevel.spectral_strongpeak.mean": 0.8297903537750244, "lowlevel.spectral_strongpeak.stdev": 1.3325073719024658, "lowlevel.zerocrossingrate.mean": 0.054415661841630936, "lowlevel.zerocrossingrate.stdev": 0.05053388699889183, "metadata.audio_properties.analysis.equal_loudness": 0.0, "metadata.audio_properties.analysis.length": 26.366939544677734, "metadata.audio_properties.analysis.sample_rate": 44100.0, "metadata.audio_properties.analysis.start_time": 0.0, "metadata.audio_properties.bit_rate": 100422.0, "metadata.audio_properties.length": 26.368000030517578, "metadata.audio_properties.lossless": 0.0, "metadata.audio_properties.number_channels": 1.0, "metadata.audio_properties.replay_gain": -5.707315444946289, "metadata.audio_properties.sample_rate": 48000.0, "rhythm.beats_count": 60.0, "rhythm.beats_loudness.mean": 0.019834307953715324, "rhythm.beats_loudness.stdev": 0.024634893983602524, "rhythm.bpm": 133.74276733398438, "rhythm.bpm_histogram_first_peak_bpm": 133.0, "rhythm.bpm_histogram_first_peak_weight": 0.3529411554336548, "rhythm.bpm_histogram_second_peak_bpm": 117.0, "rhythm.bpm_histogram_second_peak_spread": 0.444444477558136, "rhythm.bpm_histogram_second_peak_weight": 0.08474576473236084, "rhythm.danceability": 1.5298067331314087, "rhythm.onset_rate": 4.054646015167236, "tonal.chords_changes_rate": 0.14059753715991974, "tonal.chords_number_rate": 0.022847101092338562, "tonal.chords_strength.mean": 0.5287463665008545, "tonal.chords_strength.stdev": 0.10246192663908005, "tonal.hpcp_crest.mean": 13.536727905273438, "tonal.hpcp_crest.stdev": 6.710698127746582, "tonal.hpcp_entropy.mean": 2.0570693016052246, "tonal.hpcp_entropy.stdev": 0.7947514057159424, "tonal.key_edma.strength": 0.5613082051277161, "tonal.key_krumhansl.strength": 0.5602495074272156, "tonal.key_temperley.strength": 0.5362516641616821, "tonal.tuning_diatonic_strength": 0.48568904399871826, "tonal.tuning_equal_tempered_deviation": 0.18684415519237518, "tonal.tuning_frequency": 442.80462646484375, "tonal.tuning_nontempered_energy_ratio": 0.8790355920791626, "lowlevel.barkbands.mean": [5.821062813993194e-07, 3.357771220180439e-06, 6.482242315541953e-05, 0.0004305928014218807, 0.0011050698813050985, 0.002952599199488759, 0.0016993414610624313, 0.0010265399469062686, 0.002085781190544367, 0.0005657080328091979, 0.00033403129782527685, 0.00021144136553630233, 0.00011389986320864409, 6.43110106466338e-05, 0.00011317399184918031, 5.3863208449911326e-05, 0.00011720267502823845, 7.823867053957656e-05, 0.00022202268883120269, 6.163958005345194e-06, 4.504815296968445e-05, 7.869143701100256e-06, 7.279675173776923e-06, 3.496227236610139e-06, 2.8874524105049204e-07, 5.105058042964572e-10, 4.4929018838679724e-10], "lowlevel.barkbands.stdev": [1.1861247912747785e-06, 3.22967316606082e-05, 0.00012290845916140825, 0.0009300607489421964, 0.0029127199668437243, 0.008090288378298283, 0.00759115070104599, 0.004341380205005407, 0.00934726931154728, 0.0037426063790917397, 0.0022651050239801407, 0.0009166712989099324, 0.0006044624024070799, 0.00030414407956413925, 0.000618987949565053, 0.00022334232926368713, 0.0004257114778738469, 0.0002464631397742778, 0.0005605830228887498, 2.1331064999685623e-05, 0.00018440763233229518, 4.137124051339924e-05, 3.4526059607742354e-05, 1.6991665688692592e-05, 1.2815867194149178e-06, 1.5943810716123608e-09, 8.458876932238013e-10], "lowlevel.erbbands.mean": [5.6796659919200465e-05, 0.0018031676299870014, 0.05423133075237274, 0.8008737564086914, 1.3790454864501953, 3.762871742248535, 21.388456344604492, 20.107032775878906, 13.581693649291992, 35.82714080810547, 24.09320831298828, 53.64047622680664, 22.32237434387207, 21.707191467285156, 10.761175155639648, 7.520025253295898, 5.833558559417725, 3.480632781982422, 5.498697280883789, 4.274722099304199, 3.615779399871826, 6.740413665771484, 4.288852214813232, 10.757494926452637, 6.222057819366455, 0.5035746097564697, 1.4616142511367798, 1.4081088304519653, 0.347976952791214, 0.22056373953819275, 0.19176605343818665, 0.11131136864423752, 0.04252888634800911, 0.007148471660912037, 0.00039178060251288116, 2.478957139828708e-05, 6.904276688146638e-06, 1.8743232885753969e-06, 5.946605142526096e-06, 1.3117292837705463e-05], "lowlevel.erbbands.stdev": [0.00022649885795544833, 0.009254912845790386, 0.08760670572519302, 1.4946800470352173, 3.719583034515381, 11.583930969238281, 56.00962829589844, 61.71906280517578, 50.96458435058594, 169.57431030273438, 92.40241241455078, 265.45819091796875, 98.79287719726562, 178.97463989257812, 48.33734130859375, 31.701618194580078, 29.97617530822754, 14.643709182739258, 28.255556106567383, 21.931428909301758, 11.427285194396973, 24.608356475830078, 12.201323509216309, 26.70073890686035, 18.541675567626953, 1.2927972078323364, 5.767441749572754, 5.889118194580078, 1.7888137102127075, 1.046186089515686, 0.9382436275482178, 0.562969446182251, 0.21773965656757355, 0.033393532037734985, 0.0014549940824508667, 6.478312570834532e-05, 1.1661626558634453e-05, 3.198076001353911e-06, 1.0753787137218751e-05, 2.4457116523990408e-05], "lowlevel.gfcc.mean": [-261.0815734863281, 124.21590423583984, -149.31019592285156, 33.611289978027344, -74.27980041503906, -27.458934783935547, -50.84889221191406, -17.534093856811523, -26.283184051513672, -25.57512092590332, -3.140404224395752, -22.69342803955078, 4.622974872589111], "lowlevel.melbands.mean": [6.185943561831664e-07, 2.726058301050216e-05, 0.00015884901222307235, 0.00014835219189990312, 0.0006365188164636493, 0.0004685661697294563, 0.0002489882754161954, 0.00036090571666136384, 0.00020286565995775163, 0.00033767687273211777, 9.72357956925407e-05, 8.635258564027026e-05, 4.0175327740143985e-05, 2.432897235848941e-05, 1.4573687622032594e-05, 1.1693848136928864e-05, 5.552268248720793e-06, 8.140427780745085e-06, 8.578849701734725e-06, 3.946078322769608e-06, 4.227828412695089e-06, 7.73094598116586e-06, 4.489657385420287e-06, 3.392942517166375e-06, 9.590640729584266e-06, 8.09666198620107e-06, 7.718982146798226e-07, 1.378355420911248e-07, 5.2540514161592e-07, 1.6780525129433954e-06, 4.851222001889255e-07, 2.0674418976796005e-07, 1.0360664504105443e-07, 1.2754843226048251e-07, 1.0865716859598251e-07, 1.0094682068029215e-07, 5.872367125903111e-08, 3.597970987812005e-08, 1.2064192311811439e-08, 3.365022482881841e-09], "lowlevel.melbands.stdev": [5.4246811487246305e-06, 4.4372689444571733e-05, 0.0003316527290735394, 0.00040128937689587474, 0.0015594633296132088, 0.0013632148038595915, 0.0009957816218957305, 0.0016301848227158189, 0.00080881267786026, 0.0016797925345599651, 0.0004550684243440628, 0.0007323446916416287, 0.00020869701984338462, 0.00010802348697325215, 6.600152119062841e-05, 6.606390525121242e-05, 2.5416713469894603e-05, 4.354414704721421e-05, 5.3164545533945784e-05, 2.021410000452306e-05, 1.2881821021437645e-05, 3.0009197871549986e-05, 1.5604871805408038e-05, 1.068761594069656e-05, 2.4489609131705947e-05, 2.3631740987184457e-05, 2.8626918719965033e-06, 4.3872151422874595e-07, 2.0034892713738373e-06, 7.138291948649567e-06, 2.0742011201946298e-06, 1.1559469612620887e-06, 5.324394578565261e-07, 6.000049097565352e-07, 5.084249323772383e-07, 5.60743615096726e-07, 2.92358208753285e-07, 1.854279645385759e-07, 6.76994815762555e-08, 1.4413939375401696e-08], "lowlevel.melbands128.mean": [1.812955758850876e-07, 1.1717074244188552e-07, 5.263673870103958e-07, 2.0567890715028625e-06, 6.778381703043124e-06, 4.2225292418152094e-05, 0.000155060610268265, 0.00022969752899371088, 0.00012457896082196385, 7.400836329907179e-05, 0.00017909631424117833, 0.00038967328146100044, 0.000769656035117805, 0.0009835341479629278, 0.0005177089478820562, 0.00016739522106945515, 0.00010253778600599617, 0.00021733705943915993, 0.00048032301128841937, 0.0005018357187509537, 0.00022691517369821668, 0.00016640411922708154, 0.00017770059639587998, 0.0002492025669198483, 0.00044519820949062705, 0.0003477177524473518, 0.00014272068801801652, 7.602213008794934e-05, 4.333847755333409e-05, 9.562786726746708e-05, 0.00010983150423271582, 5.655204222421162e-05, 3.3584728953428566e-05, 2.6202107619610615e-05, 3.343569187563844e-05, 1.8469903807272203e-05, 1.9817241991404444e-05, 1.54419267346384e-05, 9.262773346563336e-06, 1.5878569683991373e-05, 1.2145481377956457e-05, 6.015253802615916e-06, 5.9508597587409895e-06, 4.222808456688654e-06, 6.4789292082423344e-06, 7.276858013938181e-06, 1.2073724064975977e-05, 1.1913063644897193e-05, 4.937659923598403e-06, 4.89864532937645e-06, 3.296999466328998e-06, 3.786436082009459e-06, 3.4234840313729364e-06, 3.6402336718310835e-06, 7.791525604261551e-06, 9.65638264460722e-06, 6.495714842458256e-06, 4.346274636191083e-06, 4.594525762513513e-06, 3.0466364933090517e-06, 2.4954777018137975e-06, 4.127842657908332e-06, 6.071389179851394e-06, 1.1694377462845296e-05, 1.4843382814433426e-05, 9.266923370887525e-06, 3.5442676562524866e-06, 9.957993825082667e-07, 2.6235392169837723e-07, 1.6260200652595813e-07, 1.0392382421287039e-07, 1.2930807713473769e-07, 2.19861931327614e-07, 4.799587713932851e-07, 9.267878908758576e-07, 2.2272988644544967e-06, 1.8652589233170147e-06, 6.526578317789244e-07, 3.5537760822990094e-07, 2.0482643492414354e-07, 2.5918879487107915e-07, 2.0136729972364265e-07, 8.755761626844105e-08, 8.785999483507112e-08, 1.2022186979265825e-07, 1.2437780583240965e-07, 1.4018239369306684e-07, 1.1992490556167468e-07, 9.378658916148197e-08, 1.0615834611371611e-07, 1.3427565193069313e-07, 9.36252178007635e-08, 5.593332019770969e-08, 5.782387901831498e-08, 6.469246471851875e-08, 4.454283342170129e-08, 3.237897772123688e-08, 1.7256088113981605e-08, 1.2421271122775579e-08, 9.500825903785426e-09, 5.156829185892775e-09, 2.5018840332791115e-09, 7.733100271245519e-10, 2.6171143030495614e-10, 4.283794152737386e-11, 9.830305840174969e-12, 6.384307579127002e-12, 4.877254849988688e-12, 3.645854885353517e-12, 3.349440733449449e-12, 3.182542770985286e-12, 2.94638554006188e-12, 2.7190957818667982e-12, 2.5486624529585944e-12, 2.4862217319621127e-12, 2.3053609802398123e-12, 2.2599673868417547e-12, 2.1747432413926626e-12, 2.131410282643631e-12, 2.0303650254127614e-12, 1.9654429993243294e-12, 1.9303360992983798e-12, 1.895544918945058e-12, 1.855153183849545e-12, 1.7028485826270368e-12, 1.46525901221356e-12, 1.3365968488249225e-12, 1.3128447981514135e-12], "lowlevel.melbands128.stdev": [3.821396035164071e-07, 2.467135402639542e-07, 5.001430508855265e-06, 2.0398254491738044e-05, 2.08568453672342e-05, 8.109386544674635e-05, 0.00028766458854079247, 0.0005678986199200153, 0.0004474408633541316, 0.0002965145977213979, 0.0007711335201747715, 0.0012155418517068028, 0.0022685895673930645, 0.0030476474203169346, 0.0018269272986799479, 0.0011020724195986986, 0.0005533273797482252, 0.0011190238874405622, 0.0024895670358091593, 0.0029026707634329796, 0.0011415635235607624, 0.0010628559393808246, 0.000968176347669214, 0.0013674612855538726, 0.0025539337657392025, 0.0021209002006798983, 0.0008674714481458068, 0.0005169641226530075, 0.00025239906972274184, 0.0010245988378301263, 0.0012268493883311749, 0.0004117964708711952, 0.00022194247867446393, 0.00014968877076171339, 0.00019981939112767577, 0.00010418729652883485, 0.00012391639756970108, 9.000055433716625e-05, 5.868071457371116e-05, 0.00011877200449816883, 7.50529725337401e-05, 3.0771767342230305e-05, 3.38557074428536e-05, 2.4470395146636292e-05, 4.51341547886841e-05, 5.040411269874312e-05, 7.260809070430696e-05, 0.00011160974099766463, 2.3992644855752587e-05, 3.128010212094523e-05, 1.5906389307929203e-05, 2.264237991767004e-05, 1.3047298125457019e-05, 1.1672025721054524e-05, 3.523186023812741e-05, 4.452709254110232e-05, 4.003527283202857e-05, 1.773655276338104e-05, 2.033075361396186e-05, 1.1564809938136023e-05, 8.319025255332235e-06, 2.105004205077421e-05, 1.9036662706639618e-05, 3.40471560775768e-05, 4.1639257688075304e-05, 3.344652577652596e-05, 1.424739275535103e-05, 4.364075266494183e-06, 1.1040751815016847e-06, 5.500818360815174e-07, 3.261011727317964e-07, 4.583169470606663e-07, 9.105676781473449e-07, 1.860434167610947e-06, 4.027406248496845e-06, 1.0330880286346655e-05, 8.207922292058356e-06, 2.888585868277005e-06, 1.7416724631402758e-06, 1.0363787623646203e-06, 1.5034179341455456e-06, 1.2926200270158006e-06, 4.4183479985804297e-07, 4.79299274047662e-07, 6.429092422877147e-07, 6.11164011843357e-07, 7.370266530415392e-07, 5.298922474139545e-07, 4.423423547450511e-07, 6.315244149845967e-07, 7.924668352643494e-07, 5.379459366849915e-07, 2.802657093070593e-07, 3.165785358305584e-07, 3.3159727763631963e-07, 2.40274459883949e-07, 1.7659823470239644e-07, 1.034169443414612e-07, 8.129553208391371e-08, 4.696128641512587e-08, 2.458956593898165e-08, 1.1402454980213861e-08, 4.2793111276751006e-09, 9.399729883341479e-10, 1.6572875016773736e-10, 6.529864843285438e-11, 4.249844573478434e-11, 2.865235999849336e-11, 1.3300941945071365e-11, 1.0735458529087527e-11, 1.0025851676642716e-11, 8.599609739590175e-12, 7.2047025463650716e-12, 6.272126481382534e-12, 6.409344843055775e-12, 4.676197797037762e-12, 5.199396468924533e-12, 4.8106609841502834e-12, 4.702179617899205e-12, 3.754349262030665e-12, 3.573868197909169e-12, 3.4879562346018522e-12, 3.292568474810853e-12, 3.241881372725852e-12, 3.200125060776049e-12, 3.1566838986502033e-12, 3.1282732480819586e-12, 3.1113386606690385e-12], "lowlevel.mfcc.mean": [-890.3485107421875, 140.85098266601562, -17.217588424682617, 30.621591567993164, -3.36213755607605, -21.952547073364258, -12.731593132019043, -16.498668670654297, -16.79248809814453, -14.167988777160645, -19.19895362854004, -8.057367324829102, -20.980527877807617], "lowlevel.spectral_contrast_coeffs.mean": [-0.596458375453949, -0.7467970848083496, -0.8148894906044006, -0.8246272206306458, -0.7777369022369385, -0.762834370136261], "lowlevel.spectral_contrast_coeffs.stdev": [0.12144917994737625, 0.12422076612710953, 0.08229635655879974, 0.06596053391695023, 0.09477139264345169, 0.07731873542070389], "lowlevel.spectral_contrast_valleys.mean": [-9.647536277770996, -8.829761505126953, -9.546758651733398, -9.71100902557373, -9.818303108215332, -13.12537956237793], "lowlevel.spectral_contrast_valleys.stdev": [1.393125295639038, 1.5836917161941528, 1.46477472782135, 1.2807716131210327, 1.323356032371521, 0.920714795589447], "rhythm.beats_loudness_band_ratio.mean": [0.14888136088848114, 0.42943957448005676, 0.22953297197818756, 0.07262677699327469, 0.04197131469845772, 0.11204874515533447], "rhythm.beats_loudness_band_ratio.stdev": [0.2241584062576294, 0.32917287945747375, 0.266512930393219, 0.13911329209804535, 0.04472443833947182, 0.254498153924942], "tonal.hpcp.mean": [0.15664038062095642, 0.0833091214299202, 0.08402657508850098, 0.10254016518592834, 0.09805985540151596, 0.08102152496576309, 0.08198685199022293, 0.08931990712881088, 0.16137801110744476, 0.16058935225009918, 0.09017084538936615, 0.0919131264090538, 0.09592444449663162, 0.09795307368040085, 0.19668574631214142, 0.22939655184745789, 0.15502366423606873, 0.14986863732337952, 0.13300862908363342, 0.13022008538246155, 0.15540124475955963, 0.14887721836566925, 0.127225860953331, 0.17323032021522522, 0.15321946144104004, 0.07229743897914886, 0.06761020421981812, 0.0607408806681633, 0.05695788934826851, 0.06442015618085861, 0.061404068022966385, 0.056181591004133224, 0.049476973712444305, 0.05173444002866745, 0.088627390563488, 0.16921444237232208], "tonal.hpcp.stdev": [0.25641950964927673, 0.1776641607284546, 0.18837906420230865, 0.22621208429336548, 0.22053851187229156, 0.1823873668909073, 0.1908724457025528, 0.1903976947069168, 0.29788464307785034, 0.29142555594444275, 0.20404420793056488, 0.21947017312049866, 0.22747838497161865, 0.21935254335403442, 0.3114857077598572, 0.34136202931404114, 0.26239192485809326, 0.2828295826911926, 0.2608118951320648, 0.2500533163547516, 0.2767588496208191, 0.2711404860019684, 0.24186040461063385, 0.2978664040565491, 0.2760300040245056, 0.1575169414281845, 0.17463238537311554, 0.1586569994688034, 0.144588440656662, 0.15460427105426788, 0.13439404964447021, 0.14076876640319824, 0.10877133905887604, 0.09855882823467255, 0.17130021750926971, 0.28221559524536133], "rhythm.beats_position": [0.3366893231868744, 0.6849886775016785, 1.0332880020141602, 1.369977355003357, 1.695056676864624, 2.043355941772461, 2.391655206680298, 2.7515645027160645, 3.1346938610076904, 3.5062131881713867, 3.877732276916504, 4.260861396789551, 4.6556010246276855, 5.038730144500732, 5.421859264373779, 5.804988384246826, 6.199728012084961, 6.606077194213867, 7.012426376342773, 7.430385589599609, 7.801904678344727, 8.173423767089844, 8.544942855834961, 8.939682006835938, 9.334421157836914, 9.729161262512207, 10.147119522094727, 10.599908828735352, 11.052698135375977, 11.505487442016602, 11.958276748657227, 12.399456024169922, 12.8406343460083, 13.281813621520996, 13.722992897033691, 14.164172172546387, 14.605351448059082, 15.058140754699707, 15.510929107666016, 15.96371841430664, 16.416507720947266, 16.86929702758789, 17.322086334228516, 17.77487564086914, 18.27410316467285, 18.784942626953125, 19.2957820892334, 19.795011520385742, 20.294239044189453, 20.781858444213867, 21.26947784423828, 21.745487213134766, 22.23310661315918, 22.732336044311523, 23.219953536987305, 23.70757293701172, 24.218412399291992, 24.729251861572266, 25.240089416503906, 25.77414894104004], "rhythm.bpm_histogram": [0.0, 0.0, 0.0, 0.0, 0.0, 0.0, 0.0, 0.0, 0.0, 0.0, 0.0, 0.0, 0.0, 0.0, 0.0, 0.0, 0.0, 0.0, 0.0, 0.0, 0.0, 0.0, 0.0, 0.0, 0.0, 0.0, 0.0, 0.0, 0.0, 0.0, 0.0, 0.0, 0.0, 0.0, 0.0, 0.0, 0.0, 0.0, 0.0, 0.0, 0.0, 0.0, 0.0, 0.0, 0.0, 0.0, 0.0, 0.0, 0.0, 0.0, 0.0, 0.0, 0.0, 0.0, 0.0, 0.0, 0.0, 0.0, 0.0, 0.0, 0.0, 0.0, 0.0, 0.0, 0.0, 0.0, 0.0, 0.0, 0.0, 0.0, 0.0, 0.0, 0.0, 0.0, 0.0, 0.0, 0.0, 0.0, 0.0, 0.0, 0.0, 0.0, 0.0, 0.0, 0.0, 0.0, 0.0, 0.0, 0.0, 0.0, 0.0, 0.0, 0.0, 0.0, 0.0, 0.0, 0.0, 0.0, 0.0, 0.0, 0.0, 0.0, 0.0, 0.0, 0.0, 0.0, 0.0, 0.0, 0.0, 0.0, 0.0, 0.0, 0.016949152573943138, 0.0, 0.0, 0.0, 0.0, 0.08474576473236084, 0.0, 0.0, 0.06779661029577255, 0.0, 0.0, 0.08474576473236084, 0.0, 0.0, 0.016949152573943138, 0.0, 0.0, 0.0, 0.0, 0.0, 0.0, 0.18644067645072937, 0.0, 0.0, 0.10169491171836853, 0.0, 0.0, 0.0, 0.0, 0.0, 0.0, 0.0, 0.033898305147886276, 0.0, 0.0, 0.0, 0.033898305147886276, 0.0, 0.0, 0.0, 0.08474576473236084, 0.0, 0.0, 0.0, 0.0, 0.08474576473236084, 0.0, 0.0, 0.0, 0.08474576473236084, 0.0, 0.0, 0.0, 0.0, 0.0, 0.016949152573943138, 0.0, 0.0, 0.0, 0.0, 0.06779661029577255, 0.0, 0.0, 0.0, 0.0, 0.0, 0.016949152573943138, 0.0, 0.0, 0.0, 0.0, 0.0, 0.0, 0.016949152573943138, 0.0, 0.0, 0.0, 0.0, 0.0, 0.0, 0.0, 0.0, 0.0, 0.0, 0.0, 0.0, 0.0, 0.0, 0.0, 0.0, 0.0, 0.0, 0.0, 0.0, 0.0, 0.0, 0.0, 0.0, 0.0, 0.0, 0.0, 0.0, 0.0, 0.0, 0.0, 0.0, 0.0, 0.0, 0.0, 0.0, 0.0, 0.0, 0.0, 0.0, 0.0, 0.0, 0.0, 0.0, 0.0, 0.0, 0.0, 0.0, 0.0, 0.0, 0.0, 0.0, 0.0, 0.0, 0.0, 0.0, 0.0, 0.0, 0.0, 0.0, 0.0, 0.0, 0.0, 0.0], "tonal.chords_histogram": [15.465729713439941, 3.690685510635376, 7.205624103546143, 1.9332162141799927, 0.17574691772460938, 3.8664324283599854, 0.0, 0.8787346482276917, 0.0, 1.7574692964553833, 20.562389373779297, 11.599296569824219, 10.017574310302734, 0.0, 1.581722378730774, 0.0, 0.0, 0.0, 0.0, 2.81195068359375, 0.0, 0.35149383544921875, 10.896308898925781, 7.205624103546143], "tonal.thpcp": [1.0, 0.6757889986038208, 0.653316855430603, 0.5798196792602539, 0.5676636695861816, 0.6774349808692932, 0.648995041847229, 0.5546110272407532, 0.7551565766334534, 0.6679239869117737, 0.31516358256340027, 0.29473069310188293, 0.264785498380661, 0.24829444289207458, 0.2808244228363037, 0.2676765024662018, 0.2449103593826294, 0.21568316221237183, 0.22552405297756195, 0.386350154876709, 0.7376503348350525, 0.6828367114067078, 0.3631663918495178, 0.3662939667701721, 0.44699957966804504, 0.42746874690055847, 0.3531941771507263, 0.3574022948741913, 0.38936901092529297, 0.7034892439842224, 0.7000513076782227, 0.393078476190567, 0.4006735384464264, 0.41815993189811707, 0.42700326442718506, 0.8574050068855286], "lowlevel.gfcc.cov": [[18075.919921875, 3290.032470703125, -2134.76708984375, -751.0899658203125, 861.2531127929688, -3348.7998046875, 825.5376586914062, 174.38848876953125, 388.9226989746094, -356.0814514160156, 915.2144775390625, -569.2057495117188, -480.5247497558594], [3290.032470703125, 2847.53955078125, 135.39666748046875, -1003.3265991210938, 877.7971801757812, -1075.738525390625, 177.7922821044922, 97.26932525634766, -2.8076765537261963, -249.6829071044922, 218.80137634277344, -144.4466552734375, -69.1519775390625], [-2134.76708984375, 135.39666748046875, 1153.8857421875, 463.0301513671875, 86.99728393554688, 379.4144287109375, -276.16705322265625, -190.5497589111328, -1.33705735206604, -23.625795364379883, -76.12928009033203, 103.44808959960938, 101.74585723876953], [-751.0899658203125, -1003.3265991210938, 463.0301513671875, 1320.548095703125, -42.1092529296875, 348.311279296875, -349.3667907714844, -245.69970703125, 110.98876190185547, 84.68545532226562, -24.061113357543945, 55.610984802246094, 65.65574645996094], [861.2531127929688, 877.7971801757812, 86.99728393554688, -42.1092529296875, 722.6701049804688, -407.24957275390625, -198.71580505371094, -40.10726547241211, 51.246604919433594, -37.82835006713867, 80.7560806274414, -49.58783721923828, -1.0792876482009888], [-3348.7998046875, -1075.738525390625, 379.4144287109375, 348.311279296875, -407.24957275390625, 1163.0732421875, 17.457468032836914, -76.58963012695312, -85.73055267333984, 90.2025375366211, -241.4741668701172, 77.07051086425781, 69.88972473144531], [825.5376586914062, 177.7922821044922, -276.16705322265625, -349.3667907714844, -198.71580505371094, 17.457468032836914, 621.779296875, 216.772216796875, -145.3070068359375, -124.4237289428711, -19.784587860107422, -7.276705265045166, -44.917381286621094], [174.38848876953125, 97.26932525634766, -190.5497589111328, -245.69970703125, -40.10726547241211, -76.58963012695312, 216.772216796875, 257.72503662109375, -32.15226364135742, -49.71128845214844, -23.507524490356445, -21.69925880432129, -18.15422821044922], [388.9226989746094, -2.8076765537261963, -1.33705735206604, 110.98876190185547, 51.246604919433594, -85.73055267333984, -145.3070068359375, -32.15226364135742, 211.0436248779297, 67.30845642089844, 1.6074190139770508, -28.51984405517578, -25.037639617919922], [-356.0814514160156, -249.6829071044922, -23.625795364379883, 84.68545532226562, -37.82835006713867, 90.2025375366211, -124.4237289428711, -49.71128845214844, 67.30845642089844, 180.91575622558594, 14.148980140686035, -20.724245071411133, 4.979781627655029], [915.2144775390625, 218.80137634277344, -76.12928009033203, -24.061113357543945, 80.7560806274414, -241.4741668701172, -19.784587860107422, -23.507524490356445, 1.6074190139770508, 14.148980140686035, 183.44900512695312, 9.610238075256348, -35.044376373291016], [-569.2057495117188, -144.4466552734375, 103.44808959960938, 55.610984802246094, -49.58783721923828, 77.07051086425781, -7.276705265045166, -21.69925880432129, -28.51984405517578, -20.724245071411133, 9.610238075256348, 133.7294158935547, 43.41755676269531], [-480.5247497558594, -69.1519775390625, 101.74585723876953, 65.65574645996094, -1.0792876482009888, 69.88972473144531, -44.917381286621094, -18.15422821044922, -25.037639617919922, 4.979781627655029, -35.044376373291016, 43.41755676269531, 104.2975082397461]], "lowlevel.gfcc.icov": [[0.0003112149133812636, -0.00021439297415781766, 0.00040657419594936073, -0.0003285556158516556, 0.00016831183165777475, 0.0005110162892378867, -0.0005691019468940794, 0.0005191037780605257, -0.0005815618205815554, 0.00041047390550374985, -0.0006492553511634469, 0.0007495262543670833, -8.290729601867497e-05], [-0.00021439297415781766, 0.0026219182182103395, -0.0018717922503128648, 0.0020525369327515364, -0.002088703215122223, 0.0006637476617470384, -0.0010527787962928414, 0.0006175002781674266, -0.0007804796914570034, 0.0012849230552092195, -0.001170855131931603, 0.00181738066021353, -0.0009264214895665646], [0.00040657419594936073, -0.0018717922503128648, 0.002947896020486951, -0.0017955910880118608, 0.0011782882502302527, -0.00048032865743152797, 0.000575184531044215, 0.0004467293620109558, -7.554017065558583e-05, 0.00034944352228194475, 0.00018093593826051801, -0.0009753109770826995, -2.1784349883091636e-05], [-0.0003285556158516556, 0.0020525369327515364, -0.0017955910880118608, 0.002830297453328967, -0.001519807381555438, -0.0001327656500507146, -0.00018725926929619163, 0.0007068548002280295, -0.00086759909754619, 0.0009847281035035849, -0.0009447619086131454, 0.0010306051699444652, -0.0010690083727240562], [0.00016831183165777475, -0.002088703215122223, 0.0011782882502302527, -0.001519807381555438, 0.0037697628140449524, 0.00012447699555195868, 0.0015501967864111066, -0.0005416962085291743, 0.0006862599984742701, -0.0004288475029170513, 0.000674668641295284, -0.0005899416864849627, 0.00038427513209171593], [0.0005110162892378867, 0.0006637476617470384, -0.00048032865743152797, -0.0001327656500507146, 0.00012447699555195868, 0.003436096478253603, -0.0018429099582135677, 0.0016165105625987053, -0.00017585360910743475, -0.0004603974521160126, 0.0009467053459957242, 0.0012719477526843548, 0.00030144149786792696], [-0.0005691019468940794, -0.0010527787962928414, 0.000575184531044215, -0.00018725926929619163, 0.0015501967864111066, -0.0018429099582135677, 0.005392894614487886, -0.0033720226492732763, 0.0030412008054554462, 1.0773682333820034e-05, 0.0017619288992136717, -0.002539876149967313, 0.0016022076597437263], [0.0005191037780605257, 0.0006175002781674266, 0.0004467293620109558, 0.0007068548002280295, -0.0005416962085291743, 0.0016165105625987053, -0.0033720226492732763, 0.007668080274015665, -0.00196647341363132, 0.001531357760541141, -0.0004687479813583195, 0.002327829599380493, -0.0009577618329785764], [-0.0005815618205815554, -0.0007804796914570034, -7.554017065558583e-05, -0.00086759909754619, 0.0006862599984742701, -0.00017585360910743475, 0.0030412008054554462, -0.00196647341363132, 0.009157083928585052, -0.004211585968732834, 0.004302072338759899, -0.002858521416783333, 0.0035501730162650347], [0.00041047390550374985, 0.0012849230552092195, 0.00034944352228194475, 0.0009847281035035849, -0.0004288475029170513, -0.0004603974521160126, 1.0773682333820034e-05, 0.001531357760541141, -0.004211585968732834, 0.010876907967031002, -0.00515060406178236, 0.004927447531372309, -0.0029546357691287994], [-0.0006492553511634469, -0.001170855131931603, 0.00018093593826051801, -0.0009447619086131454, 0.000674668641295284, 0.0009467053459957242, 0.0017619288992136717, -0.0004687479813583195, 0.004302072338759899, -0.00515060406178236, 0.012761387974023819, -0.0064574433490633965, 0.0049551320262253284], [0.0007495262543670833, 0.00181738066021353, -0.0009753109770826995, 0.0010306051699444652, -0.0005899416864849627, 0.0012719477526843548, -0.002539876149967313, 0.002327829599380493, -0.002858521416783333, 0.004927447531372309, -0.0064574433490633965, 0.014751771464943886, -0.005818341858685017], [-8.290729601867497e-05, -0.0009264214895665646, -2.1784349883091636e-05, -0.0010690083727240562, 0.00038427513209171593, 0.00030144149786792696, 0.0016022076597437263, -0.0009577618329785764, 0.0035501730162650347, -0.0029546357691287994, 0.0049551320262253284, -0.005818341858685017, 0.01469158660620451]], "lowlevel.mfcc.cov": [[17075.25390625, 3132.055419921875, -2953.112060546875, 1446.09765625, -765.4210205078125, -2248.064697265625, -143.0982208251953, -371.1763610839844, -615.3497924804688, -56.03412628173828, 155.78807067871094, 903.5425415039062, -432.2156982421875], [3132.055419921875, 4363.81494140625, -1142.6597900390625, -45.30079650878906, 146.8145294189453, -1225.166748046875, 228.89739990234375, -77.73753356933594, -105.70272827148438, -212.70953369140625, -32.62040328979492, 145.8905487060547, -146.31838989257812], [-2953.112060546875, -1142.6597900390625, 1453.834228515625, 26.557188034057617, 145.17384338378906, 769.7106323242188, -99.432861328125, 108.8502426147461, 47.0477294921875, 6.393984317779541, -107.12821960449219, -187.63536071777344, 184.3682403564453], [1446.09765625, -45.30079650878906, 26.557188034057617, 862.2791137695312, 388.416015625, -95.90538024902344, -213.31838989257812, -98.09843444824219, -176.84996032714844, -17.648832321166992, -70.98643493652344, -47.342899322509766, 37.397117614746094], [-765.4210205078125, 146.8145294189453, 145.17384338378906, 388.416015625, 850.5466918945312, 186.4746551513672, -303.6090393066406, -202.27392578125, -135.6858673095703, 5.287182331085205, -44.220069885253906, -180.28382873535156, 57.68645477294922], [-2248.064697265625, -1225.166748046875, 769.7106323242188, -95.90538024902344, 186.4746551513672, 876.9513549804688, -51.35657501220703, 29.631309509277344, 67.66011810302734, 47.57815170288086, -8.632928848266602, -139.5381622314453, 77.47764587402344], [-143.0982208251953, 228.89739990234375, -99.432861328125, -213.31838989257812, -303.6090393066406, -51.35657501220703, 465.94482421875, 181.42111206054688, 107.985107421875, -21.613880157470703, 9.977761268615723, 46.70931625366211, -57.16225051879883], [-371.1763610839844, -77.73753356933594, 108.8502426147461, -98.09843444824219, -202.27392578125, 29.631309509277344, 181.42111206054688, 315.1158142089844, 104.86078643798828, -33.18988800048828, -17.832244873046875, 4.505671501159668, -12.176454544067383], [-615.3497924804688, -105.70272827148438, 47.0477294921875, -176.84996032714844, -135.6858673095703, 67.66011810302734, 107.985107421875, 104.86078643798828, 273.1180725097656, 46.9367561340332, 23.610971450805664, 5.599005699157715, -33.806400299072266], [-56.03412628173828, -212.70953369140625, 6.393984317779541, -17.648832321166992, 5.287182331085205, 47.57815170288086, -21.613880157470703, -33.18988800048828, 46.9367561340332, 144.74658203125, 52.39486312866211, -6.840185165405273, -14.777802467346191], [155.78807067871094, -32.62040328979492, -107.12821960449219, -70.98643493652344, -44.220069885253906, -8.632928848266602, 9.977761268615723, -17.832244873046875, 23.610971450805664, 52.39486312866211, 153.86167907714844, 56.42457580566406, -35.912723541259766], [903.5425415039062, 145.8905487060547, -187.63536071777344, -47.342899322509766, -180.28382873535156, -139.5381622314453, 46.70931625366211, 4.505671501159668, 5.599005699157715, -6.840185165405273, 56.42457580566406, 202.8314666748047, 4.59301233291626], [-432.2156982421875, -146.31838989257812, 184.3682403564453, 37.397117614746094, 57.68645477294922, 77.47764587402344, -57.16225051879883, -12.176454544067383, -33.806400299072266, -14.777802467346191, -35.912723541259766, 4.59301233291626, 169.77601623535156]], "lowlevel.mfcc.icov": [[0.00024411904450971633, -0.00013382386532612145, 0.0003046566271223128, -0.0005653526750393212, 0.00047680590068921447, -0.00012018474808428437, 0.00024357554502785206, 4.6467059291899204e-05, 0.00032337772427126765, -0.00026754269492812455, 0.00015268784773070365, -0.0006261050584726036, 0.00036835562787018716], [-0.00013382386532612145, 0.000613052980042994, -0.00023146298190113157, 0.0006028153584338725, -0.0008525035809725523, 0.0009277869248762727, -0.0005232052062638104, 7.331883534789085e-05, -0.00022580673976335675, 0.0006781212869100273, -2.055020559055265e-06, 0.0001105603514588438, 1.223479466716526e-05], [0.0003046566271223128, -0.00023146298190113157, 0.0020873111207038164, -0.0009550309623591602, 0.001014176057651639, -0.0015733999898657203, 0.0006788438186049461, -0.00044950065785087645, 0.0003327094891574234, -0.00037742630229331553, 0.0006684181280434132, -1.1643676316452911e-06, -0.0007356640417128801], [-0.0005653526750393212, 0.0006028153584338725, -0.0009550309623591602, 0.0032479669898748398, -0.002241184702143073, 0.0012052577221766114, -0.0004797010333277285, -0.0003977255546487868, -3.716761420946568e-05, 0.0005028101149946451, 0.0003520977625157684, 0.0008470055181533098, -0.0004886930692009628], [0.00047680590068921447, -0.0008525035809725523, 0.001014176057651639, -0.002241184702143073, 0.004068139940500259, -0.001771764364093542, 0.0015899557620286942, 0.0008257105946540833, 0.0007330570369958878, -0.0006655718316324055, -0.00017265598580706865, 0.0009239779319614172, -8.119386620819569e-05], [-0.00012018474808428437, 0.0009277869248762727, -0.0015733999898657203, 0.0012052577221766114, -0.001771764364093542, 0.003970666788518429, -0.0009224502136930823, 0.00022055172303225845, -0.0004709298664238304, 0.0006097147706896067, -0.0005882285768166184, 0.0002495030639693141, 0.00026012168382294476], [0.00024357554502785206, -0.0005232052062638104, 0.0006788438186049461, -0.0004797010333277285, 0.0015899557620286942, -0.0009224502136930823, 0.00398667948320508, -0.0014038298977538943, 2.3391543436446227e-05, -0.0003054739790968597, 0.0002946017193607986, -0.00040999584598466754, 0.0007114591426216066], [4.6467059291899204e-05, 7.331883534789085e-05, -0.00044950065785087645, -0.0003977255546487868, 0.0008257105946540833, 0.00022055172303225845, -0.0014038298977538943, 0.005206984467804432, -0.0013798261061310768, 0.0014531697379425168, 1.2347505617071874e-05, 0.0004058165941387415, 0.00012017434346489608], [0.00032337772427126765, -0.00022580673976335675, 0.0003327094891574234, -3.716761420946568e-05, 0.0007330570369958878, -0.0004709298664238304, 2.3391543436446227e-05, -0.0013798261061310768, 0.005761423613876104, -0.0023612140212208033, 0.00043655632180161774, -0.0010137057397514582, 0.0012117511359974742], [-0.00026754269492812455, 0.0006781212869100273, -0.00037742630229331553, 0.0005028101149946451, -0.0006655718316324055, 0.0006097147706896067, -0.0003054739790968597, 0.0014531697379425168, -0.0023612140212208033, 0.010003487579524517, -0.0032805628143250942, 0.001657560933381319, -0.00018651870777830482], [0.00015268784773070365, -2.055020559055265e-06, 0.0006684181280434132, 0.0003520977625157684, -0.00017265598580706865, -0.0005882285768166184, 0.0002946017193607986, 1.2347505617071874e-05, 0.00043655632180161774, -0.0032805628143250942, 0.009642514400184155, -0.003453550161793828, 0.0019451855914667249], [-0.0006261050584726036, 0.0001105603514588438, -1.1643676316452911e-06, 0.0008470055181533098, 0.0009239779319614172, 0.0002495030639693141, -0.00040999584598466754, 0.0004058165941387415, -0.0010137057397514582, 0.001657560933381319, -0.003453550161793828, 0.010033574886620045, -0.003280254080891609], [0.00036835562787018716, 1.223479466716526e-05, -0.0007356640417128801, -0.0004886930692009628, -8.119386620819569e-05, 0.00026012168382294476, 0.0007114591426216066, 0.00012017434346489608, 0.0012117511359974742, -0.00018651870777830482, 0.0019451855914667249, -0.003280254080891609, 0.008627260103821754]], "metadata.audio_properties.analysis.downmix": "mix", "metadata.audio_properties.codec": "mp3", "metadata.audio_prope