{"song_id": "1183705975367151706", "download": "https://cdn.discordapp.com/attachments/1128313332273782784/1183705975367151706/chirp.mp4?ex=65894f18&amp", "lyrics": "Lisa De Vanna the queen of the pitch\nShe made Elyse Perry look like a bitch\nLisa De Vanna is the queen\nTo see her play is so serene\nA jet fighter on the left wing\nNo lets here the matildas sing\nLisa Lisa....the greatest of all time", "style": ["K</span><span>-Pop</span><span>, en fran\u00e7ais"], "essentia_features": {"lowlevel.average_loudness": 0.9648220539093018, "lowlevel.barkbands_crest.mean": 15.377361297607422, "lowlevel.barkbands_crest.stdev": 4.917813777923584, "lowlevel.barkbands_flatness_db.mean": 0.18834006786346436, "lowlevel.barkbands_flatness_db.stdev": 0.0523836687207222, "lowlevel.barkbands_kurtosis.mean": 4.078346252441406, "lowlevel.barkbands_kurtosis.stdev": 8.973787307739258, "lowlevel.barkbands_skewness.mean": 1.5659911632537842, "lowlevel.barkbands_skewness.stdev": 1.3280082941055298, "lowlevel.barkbands_spread.mean": 22.78710174560547, "lowlevel.barkbands_spread.stdev": 12.826327323913574, "lowlevel.dissonance.mean": 0.4556093215942383, "lowlevel.dissonance.stdev": 0.03246373310685158, "lowlevel.dynamic_complexity": 2.5797460079193115, "lowlevel.erbbands_crest.mean": 11.80709457397461, "lowlevel.erbbands_crest.stdev": 5.66017484664917, "lowlevel.erbbands_flatness_db.mean": 0.1853775829076767, "lowlevel.erbbands_flatness_db.stdev": 0.06808104366064072, "lowlevel.erbbands_kurtosis.mean": 2.3236122131347656, "lowlevel.erbbands_kurtosis.stdev": 4.338278293609619, "lowlevel.erbbands_skewness.mean": -0.04739029332995415, "lowlevel.erbbands_skewness.stdev": 0.8719325661659241, "lowlevel.erbbands_spread.mean": 28.1324405670166, "lowlevel.erbbands_spread.stdev": 16.50862693786621, "lowlevel.hfc.mean": 27.829025268554688, "lowlevel.hfc.stdev": 21.195663452148438, "lowlevel.loudness_ebu128.integrated": -15.015327453613281, "lowlevel.loudness_ebu128.loudness_range": 3.2384462356567383, "lowlevel.loudness_ebu128.momentary.mean": -15.566118240356445, "lowlevel.loudness_ebu128.momentary.stdev": 2.4069840908050537, "lowlevel.loudness_ebu128.short_term.mean": -15.159625053405762, "lowlevel.loudness_ebu128.short_term.stdev": 1.2340996265411377, "lowlevel.melbands_crest.mean": 20.020112991333008, "lowlevel.melbands_crest.stdev": 5.664566516876221, "lowlevel.melbands_flatness_db.mean": 0.23976019024848938, "lowlevel.melbands_flatness_db.stdev": 0.056564055383205414, "lowlevel.melbands_kurtosis.mean": 13.332956314086914, "lowlevel.melbands_kurtosis.stdev": 20.356643676757812, "lowlevel.melbands_skewness.mean": 2.7915170192718506, "lowlevel.melbands_skewness.stdev": 1.8223141431808472, "lowlevel.melbands_spread.mean": 21.676956176757812, "lowlevel.melbands_spread.stdev": 15.066431045532227, "lowlevel.pitch_salience.mean": 0.3913522958755493, "lowlevel.pitch_salience.stdev": 0.1267472356557846, "lowlevel.silence_rate_20dB.mean": 1.0, "lowlevel.silence_rate_20dB.stdev": 0.0, "lowlevel.silence_rate_30dB.mean": 0.9384394884109497, "lowlevel.silence_rate_30dB.stdev": 0.2403557300567627, "lowlevel.silence_rate_60dB.mean": 0.030780242756009102, "lowlevel.silence_rate_60dB.stdev": 0.1727229654788971, "lowlevel.spectral_centroid.mean": 1368.7508544921875, "lowlevel.spectral_centroid.stdev": 515.1663818359375, "lowlevel.spectral_complexity.mean": 17.86113166809082, "lowlevel.spectral_complexity.stdev": 8.449312210083008, "lowlevel.spectral_decrease.mean": -1.2153729578301409e-08, "lowlevel.spectral_decrease.stdev": 8.68559890676579e-09, "lowlevel.spectral_energy.mean": 0.0483950674533844, "lowlevel.spectral_energy.stdev": 0.03382489085197449, "lowlevel.spectral_energyband_high.mean": 0.0007564857951365411, "lowlevel.spectral_energyband_high.stdev": 0.001237309304997325, "lowlevel.spectral_energyband_low.mean": 0.030413847416639328, "lowlevel.spectral_energyband_low.stdev": 0.028532424941658974, "lowlevel.spectral_energyband_middle_high.mean": 0.010867612436413765, "lowlevel.spectral_energyband_middle_high.stdev": 0.013916762545704842, "lowlevel.spectral_energyband_middle_low.mean": 0.007704293821007013, "lowlevel.spectral_energyband_middle_low.stdev": 0.0076894862577319145, "lowlevel.spectral_entropy.mean": 7.523916244506836, "lowlevel.spectral_entropy.stdev": 0.46840962767601013, "lowlevel.spectral_flux.mean": 0.08746413141489029, "lowlevel.spectral_flux.stdev": 0.059821967035532, "lowlevel.spectral_kurtosis.mean": 5.280233383178711, "lowlevel.spectral_kurtosis.stdev": 3.931442975997925, "lowlevel.spectral_rms.mean": 0.006452352739870548, "lowlevel.spectral_rms.stdev": 0.0023625867906957865, "lowlevel.spectral_rolloff.mean": 1268.8238525390625, "lowlevel.spectral_rolloff.stdev": 1243.0972900390625, "lowlevel.spectral_skewness.mean": 1.876744270324707, "lowlevel.spectral_skewness.stdev": 0.5143831372261047, "lowlevel.spectral_spread.mean": 5024698.5, "lowlevel.spectral_spread.stdev": 1850795.625, "lowlevel.spectral_strongpeak.mean": 1.0705887079238892, "lowlevel.spectral_strongpeak.stdev": 1.8290424346923828, "lowlevel.zerocrossingrate.mean": 0.05088086426258087, "lowlevel.zerocrossingrate.stdev": 0.034198369830846786, "metadata.audio_properties.analysis.equal_loudness": 0.0, "metadata.audio_properties.analysis.length": 32.405330657958984, "metadata.audio_properties.analysis.sample_rate": 44100.0, "metadata.audio_properties.analysis.start_time": 0.0, "metadata.audio_properties.bit_rate": 105337.0, "metadata.audio_properties.length": 32.40533447265625, "metadata.audio_properties.lossless": 0.0, "metadata.audio_properties.number_channels": 1.0, "metadata.audio_properties.replay_gain": -10.445457458496094, "metadata.audio_properties.sample_rate": 48000.0, "rhythm.beats_count": 75.0, "rhythm.beats_loudness.mean": 0.05720841884613037, "rhythm.beats_loudness.stdev": 0.034843407571315765, "rhythm.bpm": 140.67181396484375, "rhythm.bpm_histogram_first_peak_bpm": 140.0, "rhythm.bpm_histogram_first_peak_weight": 0.5147058963775635, "rhythm.bpm_histogram_second_peak_bpm": 148.0, "rhythm.bpm_histogram_second_peak_spread": 0.0, "rhythm.bpm_histogram_second_peak_weight": 0.04054053872823715, "rhythm.danceability": 1.1966049671173096, "rhythm.onset_rate": 3.2380757331848145, "tonal.chords_changes_rate": 0.03147353231906891, "tonal.chords_number_rate": 0.014306151308119297, "tonal.chords_strength.mean": 0.5844724178314209, "tonal.chords_strength.stdev": 0.0919460579752922, "tonal.hpcp_crest.mean": 16.336347579956055, "tonal.hpcp_crest.stdev": 6.820425033569336, "tonal.hpcp_entropy.mean": 1.5660653114318848, "tonal.hpcp_entropy.stdev": 0.5985032916069031, "tonal.key_edma.strength": 0.6795615553855896, "tonal.key_krumhansl.strength": 0.673244833946228, "tonal.key_temperley.strength": 0.6587240099906921, "tonal.tuning_diatonic_strength": 0.578556478023529, "tonal.tuning_equal_tempered_deviation": 0.03687386214733124, "tonal.tuning_frequency": 438.47772216796875, "tonal.tuning_nontempered_energy_ratio": 0.6545027494430542, "lowlevel.barkbands.mean": [0.0003085676289629191, 0.025522397831082344, 0.0034478814341127872, 0.001468166126869619, 0.0003900907759089023, 0.0012790549080818892, 0.0008392801391892135, 0.0007112132152542472, 0.0025837011635303497, 0.0011562448926270008, 0.0029828192200511694, 0.0011306976666674018, 0.0015806793235242367, 0.0007319714059121907, 0.0014565958408638835, 0.0007102108793333173, 0.0007083560922183096, 0.00039240106707438827, 0.00020349983242340386, 8.190618973458186e-05, 8.050980977714062e-05, 8.85435874806717e-05, 0.00014252931578084826, 0.00020090359612368047, 0.00017375609604641795, 2.3173342924565077e-05, 1.688393536092292e-09], "lowlevel.barkbands.stdev": [0.00039037870010361075, 0.02583659440279007, 0.00812145322561264, 0.0035044040996581316, 0.0009103497723117471, 0.0023524705320596695, 0.001723238849081099, 0.0015443370211869478, 0.004732789937406778, 0.0033409546595066786, 0.010210845619440079, 0.0028224121779203415, 0.0031591744627803564, 0.0018326269928365946, 0.002210274338722229, 0.001019845250993967, 0.0015977247385308146, 0.0007185302092693746, 0.0003769600298255682, 0.00015873876691330224, 0.00017144829325843602, 0.00020346637757029384, 0.0002497128152754158, 0.0003862593148369342, 0.00029730398091487586, 5.3685918828705326e-05, 2.3879009880545254e-09], "lowlevel.erbbands.mean": [0.784462034702301, 5.501235008239746, 4.806069850921631, 5.591304302215576, 1.7704342603683472, 1.3619500398635864, 4.494855880737305, 13.133574485778809, 12.795509338378906, 12.388708114624023, 20.263181686401367, 71.18988800048828, 37.02256774902344, 52.65126037597656, 119.01373291015625, 61.21583557128906, 74.2530288696289, 45.9369010925293, 71.28932189941406, 57.1667366027832, 42.59349060058594, 34.47643280029297, 23.139312744140625, 18.382266998291016, 5.527101516723633, 3.915423631668091, 3.6065070629119873, 2.858299970626831, 2.8737430572509766, 4.047921657562256, 4.169775009155273, 3.8035218715667725, 3.5601394176483154, 2.2097368240356445, 1.1076347827911377, 0.26308345794677734, 0.009614047594368458, 0.00032012732117436826, 5.203285036259331e-05, 6.063402906875126e-05], "lowlevel.erbbands.stdev": [0.8028234243392944, 5.769867897033691, 8.048561096191406, 12.291004180908203, 3.767920732498169, 3.1560158729553223, 10.020766258239746, 24.877531051635742, 27.602285385131836, 22.594633102416992, 37.68480682373047, 130.83572387695312, 105.49031066894531, 149.52786254882812, 410.99786376953125, 137.1828155517578, 137.78213500976562, 86.54755401611328, 115.14623260498047, 102.10267639160156, 64.21686553955078, 71.45806884765625, 40.12443542480469, 36.33591842651367, 7.83848237991333, 7.423863410949707, 7.2068634033203125, 6.851718902587891, 7.000347137451172, 8.162346839904785, 7.035849571228027, 7.638577461242676, 6.721937656402588, 3.9091408252716064, 1.940488338470459, 0.542868971824646, 0.02206212840974331, 0.0006213950109668076, 5.342322037904523e-05, 3.962740447605029e-05], "lowlevel.gfcc.mean": [3.6611573696136475, 87.89907836914062, -132.06658935546875, 25.02056884765625, -48.50033950805664, 51.247825622558594, -40.87218475341797, 28.728439331054688, -8.946324348449707, 8.330246925354004, -3.5134835243225098, 0.1873452067375183, -0.918482780456543], "lowlevel.melbands.mean": [0.007306450977921486, 0.004055181983858347, 0.0008041881956160069, 8.649662777315825e-05, 0.00014324119547381997, 0.00027592762489803135, 0.0001933783059939742, 0.0001365065691061318, 0.00020018225768581033, 0.000437322654761374, 0.000168277183547616, 0.00019025043002329767, 0.0003987959062214941, 0.00019394414266571403, 0.00011055544746341184, 0.00018326108693145216, 7.042028300929815e-05, 0.00011462745169410482, 7.931130676297471e-05, 6.703079270664603e-05, 4.857458043261431e-05, 3.999464024673216e-05, 2.5411716706003062e-05, 1.7339310943498276e-05, 1.530417830508668e-05, 4.275430001143832e-06, 2.762029225777951e-06, 2.5913129775290145e-06, 2.2898368570167804e-06, 1.9772062387346523e-06, 1.562192437631893e-06, 1.4878756928737857e-06, 1.988404164876556e-06, 2.3514933218393708e-06, 2.622308556965436e-06, 1.9044331338591292e-06, 2.4907008082664106e-06, 2.6298180273442995e-06, 1.8997667439180077e-06, 1.9127210180158727e-06], "lowlevel.melbands.stdev": [0.007343228906393051, 0.004531503189355135, 0.0017499914392828941, 0.00018400661065243185, 0.0002999015268869698, 0.000519291206728667, 0.00040500008617527783, 0.0002565629256423563, 0.00037348546902649105, 0.0008083254215307534, 0.0005313567817211151, 0.000577020924538374, 0.001406380208209157, 0.0004711755900643766, 0.00023239845177158713, 0.0004090268339496106, 0.00018307476420886815, 0.00019574350153561682, 0.00012404685548972338, 9.680732182459906e-05, 9.213797602569684e-05, 9.189020056510344e-05, 6.204660166986287e-05, 3.209322312613949e-05, 3.193603333784267e-05, 6.415133157133823e-06, 4.543280738289468e-06, 5.386122666095616e-06, 4.855752649746137e-06, 4.117775006307056e-06, 4.050433290103683e-06, 3.863654455926735e-06, 4.405173513077898e-06, 4.774746685143327e-06, 4.4360085666994564e-06, 3.608759925555205e-06, 5.244951807981124e-06, 5.221225364948623e-06, 3.3583655749680474e-06, 3.493180656732875e-06], "lowlevel.melbands128.mean": [0.0002696076699066907, 0.005292217712849379, 0.01214758213609457, 0.007871422916650772, 0.002901230938732624, 0.0017044031992554665, 0.0013063154183328152, 0.00047978488146327436, 0.00010763301543192938, 6.63226455799304e-05, 6.664571992587298e-05, 9.021728328661993e-05, 0.00011880762758664787, 0.0002487868187017739, 0.0003915634879376739, 0.00021729306899942458, 0.00016436867008451372, 0.00023586048337165266, 0.00017372958245687187, 0.0001129445226979442, 0.00013742381997872144, 0.00012128731032134965, 0.00013710725761484355, 0.00032969945459626615, 0.000632577808573842, 0.00043690772145055234, 0.00012991086987312883, 0.00019296423124615103, 0.00011207094939891249, 0.00017347604443784803, 0.00017824707902036607, 0.00030120325391180813, 0.0004430368135217577, 0.0005626406637020409, 7.188315794337541e-05, 0.00018336769426241517, 0.00019045469525735825, 4.646684828912839e-05, 0.00011310487025184557, 0.00019614012853708118, 0.00026381417410448194, 2.72702473012032e-05, 5.662180410581641e-05, 0.00010730010399129242, 6.832858343841508e-05, 0.00015658802294638008, 0.00012225337559357285, 4.234081643517129e-05, 8.838903158903122e-05, 8.458772936137393e-05, 6.21559374849312e-05, 5.3953888709656894e-05, 3.478741928120144e-05, 5.6789118389133364e-05, 5.7552428188500926e-05, 3.8137521187309176e-05, 2.0311817934270948e-05, 3.434512473177165e-05, 2.1870417185709812e-05, 2.2010961401974782e-05, 1.323225751548307e-05, 1.5481415175599977e-05, 2.5927431124728173e-05, 1.2372704077279195e-05, 4.47008324044873e-06, 4.280940629541874e-06, 3.881913016812177e-06, 2.6969817099598004e-06, 2.8835897865064908e-06, 2.2916719899512827e-06, 2.2941885617910884e-06, 3.1891318030830007e-06, 2.322137561350246e-06, 2.075447810057085e-06, 2.2361791707226075e-06, 2.1824353098054416e-06, 1.8550422282714862e-06, 1.3923737469667685e-06, 1.7292678649027948e-06, 1.392896251672937e-06, 1.5191183138085762e-06, 1.5581312027279637e-06, 1.3492550579030649e-06, 2.3265147319762036e-06, 2.14607121051813e-06, 2.1886926333536394e-06, 2.3718218926660484e-06, 2.668182787601836e-06, 3.1685090107202996e-06, 2.092710474244086e-06, 1.832273824220465e-06, 1.7138460179921822e-06, 2.2088136120146373e-06, 2.6577040443953592e-06, 2.617065320009715e-06, 2.3791926651028916e-06, 2.7990042781311786e-06, 2.862699375327793e-06, 1.4719153114128858e-06, 1.8306983520233189e-06, 1.7653164832154289e-06, 2.2776036985305836e-06, 1.5518552345383796e-06, 1.1765180261136265e-06, 1.3157516605133424e-06, 1.3716021385334898e-06, 7.235008752104477e-07, 6.696804462080763e-07, 4.657688350562239e-07, 1.6736484553803166e-07, 1.9484534874436577e-08, 1.4316707819261865e-09, 7.47138240164702e-10, 2.461242043505507e-10, 1.4875799203561968e-10, 5.061667404659964e-11, 8.638086773649079e-12, 7.891472197929517e-12, 7.666715352849796e-12, 7.453713861405031e-12, 7.274255850453493e-12, 7.129697006391655e-12, 6.9655908645216424e-12, 6.841027310605652e-12, 6.696806303940761e-12, 6.537850122390054e-12, 6.439442295363973e-12, 6.3978202076431234e-12], "lowlevel.melbands128.stdev": [0.0003626036923378706, 0.0058043296448886395, 0.012477614916861057, 0.008890035562217236, 0.004426305182278156, 0.004067338537424803, 0.0029890986625105143, 0.0011192699894309044, 0.0002771425060927868, 0.00021213982836343348, 0.00017758746980689466, 0.00029886310221627355, 0.0003900296869687736, 0.000584721565246582, 0.0008206249331124127, 0.000622228195425123, 0.0006136966403573751, 0.0005799789796583354, 0.00041714051621966064, 0.0002686835650820285, 0.0003611597931012511, 0.00035486335400491953, 0.00038277573185041547, 0.0008904331480152905, 0.0013173470506444573, 0.0010808302322402596, 0.0006069449009373784, 0.0008722803322598338, 0.00046879961155354977, 0.0005989297060295939, 0.0007996900239959359, 0.0017282181652262807, 0.0018687921110540628, 0.002508247271180153, 0.0002435435017105192, 0.0005283805076032877, 0.0006165256490930915, 0.00022648177400697023, 0.0003432034864090383, 0.0004110060981474817, 0.0007028530817478895, 6.342203414533287e-05, 0.00019174958288203925, 0.00036615232238546014, 0.00020031393796671182, 0.0003729839518200606, 0.00023089868773240596, 0.00010016821033786982, 0.0002639058220665902, 0.000212631537579, 0.00011502872803248465, 9.537587175145745e-05, 0.00010037043830379844, 0.00014744799409527332, 0.0001881469797808677, 0.00012291909661144018, 6.61500816931948e-05, 0.0001399573084199801, 4.38235692854505e-05, 4.434293077792972e-05, 2.920912993431557e-05, 6.534683052450418e-05, 6.692015449516475e-05, 2.7388052330934443e-05, 9.018103810376488e-06, 7.377178917522542e-06, 6.1900773289380595e-06, 5.4010374697099905e-06, 5.503420652530622e-06, 4.2644765017030295e-06, 5.952174433332402e-06, 7.683923286094796e-06, 5.815346867166227e-06, 4.8828696890268475e-06, 4.951843948219903e-06, 4.910516508971341e-06, 4.310210897529032e-06, 4.697752956417389e-06, 4.886218448518775e-06, 3.262526888647699e-06, 3.977979304181645e-06, 5.440216682472965e-06, 3.1118595416046446e-06, 5.644314569508424e-06, 4.905137302557705e-06, 4.785652890859637e-06, 5.3011531235824805e-06, 5.680766207660781e-06, 5.347237674868666e-06, 3.7022814467491116e-06, 3.6771859868167667e-06, 3.665218173409812e-06, 4.9867117013491224e-06, 6.183353889355203e-06, 5.875605893379543e-06, 5.22951359016588e-06, 5.958304882369703e-06, 5.7388542700209655e-06, 2.8740614652633667e-06, 3.419228505663341e-06, 3.3496005471533863e-06, 4.623526365321595e-06, 2.8466738513088785e-06, 2.0049274098710157e-06, 2.7607086394709768e-06, 2.643877905939007e-06, 1.3705301853406127e-06, 1.4498226619252819e-06, 1.2533109838841483e-06, 6.187716508065932e-07, 7.644300126230519e-08, 2.4235669471295296e-08, 7.386652622898282e-09, 2.8682087815923296e-09, 2.365043272334333e-09, 1.4276170245963726e-09, 1.71637027507332e-11, 1.1130193121322574e-11, 1.081240999512012e-11, 1.0520446493134106e-11, 1.0262569440089298e-11, 1.0034638051048539e-11, 9.829540827122063e-12, 9.65680660436341e-12, 9.512755166918296e-12, 9.398911336722104e-12, 9.315962064271321e-12, 9.264825885646477e-12], "lowlevel.mfcc.mean": [-635.012939453125, 114.01097106933594, -8.593982696533203, -7.745453357696533, 24.25371551513672, 11.74050521850586, 4.269145965576172, 14.435492515563965, 9.64339542388916, 9.438614845275879, 10.010113716125488, 8.32728385925293, 8.307965278625488], "lowlevel.spectral_contrast_coeffs.mean": [-0.7163034081459045, -0.7005718946456909, -0.7035731077194214, -0.7399157881736755, -0.7786105275154114, -0.8009955286979675], "lowlevel.spectral_contrast_coeffs.stdev": [0.06512876600027084, 0.07032430171966553, 0.07933082431554794, 0.05419014021754265, 0.04118453711271286, 0.027475280687212944], "lowlevel.spectral_contrast_valleys.mean": [-7.164363861083984, -7.134582996368408, -7.466777801513672, -7.33416748046875, -7.805736064910889, -9.90566635131836], "lowlevel.spectral_contrast_valleys.stdev": [1.2999705076217651, 0.7927591800689697, 0.7060415148735046, 0.6526640057563782, 0.7776240110397339, 0.9055793881416321], "rhythm.beats_loudness_band_ratio.mean": [0.5591918230056763, 0.041385821998119354, 0.11851769685745239, 0.17239461839199066, 0.10720085352659225, 0.01956811174750328], "rhythm.beats_loudness_band_ratio.stdev": [0.2593347430229187, 0.06007375940680504, 0.13860420882701874, 0.18861214816570282, 0.11130737513303757, 0.018935155123472214], "tonal.hpcp.mean": [0.1386178433895111, 0.10828080028295517, 0.17812348902225494, 0.29574817419052124, 0.20195288956165314, 0.10964256525039673, 0.11391660571098328, 0.07856043428182602, 0.13090839982032776, 0.21744324266910553, 0.13860106468200684, 0.03472704812884331, 0.02649138867855072, 0.03427240252494812, 0.08608309179544449, 0.2241555005311966, 0.19447536766529083, 0.052558429539203644, 0.02740355208516121, 0.017795419320464134, 0.04444266855716705, 0.09764894843101501, 0.07273551821708679, 0.07701574265956879, 0.1493135392665863, 0.09608281403779984, 0.015406843274831772, 0.009858322329819202, 0.014489434659481049, 0.028031136840581894, 0.047852009534835815, 0.03987191990017891, 0.02120942808687687, 0.01742418296635151, 0.02276180125772953, 0.0856681689620018], "tonal.hpcp.stdev": [0.2501150667667389, 0.20693795382976532, 0.30630528926849365, 0.41890594363212585, 0.32579660415649414, 0.2459631711244583, 0.26103147864341736, 0.20110690593719482, 0.249492347240448, 0.3554888069629669, 0.25285980105400085, 0.12502266466617584, 0.10861017554998398, 0.1365554928779602, 0.17322681844234467, 0.3523610234260559, 0.3263275623321533, 0.14724276959896088, 0.10618986934423447, 0.08425205945968628, 0.10501493513584137, 0.21883775293827057, 0.1612192839384079, 0.15060476958751678, 0.24443303048610687, 0.1628810614347458, 0.05941370129585266, 0.048075128346681595, 0.07355625927448273, 0.10166090726852417, 0.14057093858718872, 0.1214502677321434, 0.0764702782034874, 0.0643090158700943, 0.09530458599328995, 0.1866728514432907], "rhythm.beats_position": [0.39473921060562134, 0.8010883927345276, 1.2074376344680786, 1.6137868165969849, 2.0317459106445312, 2.449705123901367, 2.867664337158203, 3.2972335815429688, 3.7268025875091553, 4.156371593475342, 4.585940837860107, 5.015510082244873, 5.456689357757568, 5.8978681564331055, 6.339047431945801, 6.780226707458496, 7.209795951843262, 7.639364719390869, 8.068934440612793, 8.498503684997559, 8.916461944580078, 9.334421157836914, 9.76399040222168, 10.193559646606445, 10.611518859863281, 11.052698135375977, 11.493877410888672, 11.935056686401367, 12.387845993041992, 12.85224437713623, 13.305033683776855, 13.74621295928955, 14.187392234802246, 14.616961479187012, 15.034920692443848, 15.452879905700684, 15.88244915008545, 16.30040740966797, 16.718366622924805, 17.14793586730957, 17.577505111694336, 18.0070743560791, 18.425033569335938, 18.842992782592773, 19.27256202697754, 19.702131271362305, 20.13170051574707, 20.549659729003906, 20.967618942260742, 21.385578155517578, 21.803537368774414, 22.23310661315918, 22.662675857543945, 23.08063507080078, 23.510204315185547, 23.928163528442383, 24.35773277282715, 24.775691986083984, 25.19365119934082, 25.611610412597656, 26.029569625854492, 26.459136962890625, 26.88870620727539, 27.318275451660156, 27.736234664916992, 28.165803909301758, 28.583763122558594, 29.00172233581543, 29.419681549072266, 29.84925079345703, 30.278820037841797, 30.708389282226562, 31.137958526611328, 31.567527770996094, 31.99709701538086], "rhythm.bpm_histogram": [0.0, 0.0, 0.0, 0.0, 0.0, 0.0, 0.0, 0.0, 0.0, 0.0, 0.0, 0.0, 0.0, 0.0, 0.0, 0.0, 0.0, 0.0, 0.0, 0.0, 0.0, 0.0, 0.0, 0.0, 0.0, 0.0, 0.0, 0.0, 0.0, 0.0, 0.0, 0.0, 0.0, 0.0, 0.0, 0.0, 0.0, 0.0, 0.0, 0.0, 0.0, 0.0, 0.0, 0.0, 0.0, 0.0, 0.0, 0.0, 0.0, 0.0, 0.0, 0.0, 0.0, 0.0, 0.0, 0.0, 0.0, 0.0, 0.0, 0.0, 0.0, 0.0, 0.0, 0.0, 0.0, 0.0, 0.0, 0.0, 0.0, 0.0, 0.0, 0.0, 0.0, 0.0, 0.0, 0.0, 0.0, 0.0, 0.0, 0.0, 0.0, 0.0, 0.0, 0.0, 0.0, 0.0, 0.0, 0.0, 0.0, 0.0, 0.0, 0.0, 0.0, 0.0, 0.0, 0.0, 0.0, 0.0, 0.0, 0.0, 0.0, 0.0, 0.0, 0.0, 0.0, 0.0, 0.0, 0.0, 0.0, 0.0, 0.0, 0.0, 0.0, 0.0, 0.0, 0.0, 0.0, 0.0, 0.0, 0.0, 0.0, 0.0, 0.0, 0.0, 0.0, 0.0, 0.0, 0.0, 0.0, 0.013513513840734959, 0.0, 0.0, 0.0, 0.027027027681469917, 0.0, 0.0, 0.12162162363529205, 0.0, 0.0, 0.0, 0.44594594836235046, 0.0, 0.0, 0.0, 0.3513513505458832, 0.0, 0.0, 0.0, 0.04054053872823715, 0.0, 0.0, 0.0, 0.0, 0.0, 0.0, 0.0, 0.0, 0.0, 0.0, 0.0, 0.0, 0.0, 0.0, 0.0, 0.0, 0.0, 0.0, 0.0, 0.0, 0.0, 0.0, 0.0, 0.0, 0.0, 0.0, 0.0, 0.0, 0.0, 0.0, 0.0, 0.0, 0.0, 0.0, 0.0, 0.0, 0.0, 0.0, 0.0, 0.0, 0.0, 0.0, 0.0, 0.0, 0.0, 0.0, 0.0, 0.0, 0.0, 0.0, 0.0, 0.0, 0.0, 0.0, 0.0, 0.0, 0.0, 0.0, 0.0, 0.0, 0.0, 0.0, 0.0, 0.0, 0.0, 0.0, 0.0, 0.0, 0.0, 0.0, 0.0, 0.0, 0.0, 0.0, 0.0, 0.0, 0.0, 0.0, 0.0, 0.0, 0.0, 0.0, 0.0, 0.0, 0.0, 0.0, 0.0, 0.0, 0.0, 0.0, 0.0, 0.0, 0.0, 0.0, 0.0, 0.0, 0.0, 0.0, 0.0, 0.0, 0.0], "tonal.chords_histogram": [36.48068618774414, 15.450643539428711, 14.163089752197266, 15.307581901550293, 1.1444921493530273, 2.002861261367798, 6.866952896118164, 0.0, 0.0, 0.0, 0.0, 0.0, 0.0, 0.0, 0.0, 0.0, 0.0, 1.001430630683899, 0.0, 3.719599485397339, 0.0, 0.0, 0.0, 3.8626608848571777], "tonal.thpcp": [1.0, 0.6828542351722717, 0.3707294762134552, 0.38518109917640686, 0.26563286781311035, 0.4426346719264984, 0.7352310419082642, 0.46864554286003113, 0.11742100864648819, 0.08957414329051971, 0.1158837303519249, 0.2910688817501068, 0.7579269409179688, 0.6575708389282227, 0.17771345376968384, 0.0926584005355835, 0.06017085164785385, 0.15027199685573578, 0.3301759958267212, 0.24593733251094818, 0.2604098618030548, 0.5048671364784241, 0.3248805105686188, 0.052094466984272, 0.03333350270986557, 0.048992473632097244, 0.09478042274713516, 0.1617998480796814, 0.13481712341308594, 0.07171448320150375, 0.05891560763120651, 0.07696345448493958, 0.28966593742370605, 0.4687022864818573, 0.3661249876022339, 0.6022809147834778], "lowlevel.gfcc.cov": [[4284.8095703125, 227.52113342285156, 945.8857421875, 1034.0570068359375, 129.8742218017578, 265.0190734863281, 149.7497100830078, 641.0057373046875, 191.56491088867188, 196.2427978515625, 110.44112396240234, 93.43309020996094, -3.0960192680358887], [227.52113342285156, 1347.3275146484375, 603.8345947265625, 458.06329345703125, 486.7156677246094, 48.21710968017578, 162.72860717773438, -1.992557168006897, 169.5798797607422, -11.116601943969727, -42.228973388671875, -111.96273040771484, -40.361572265625], [945.8857421875, 603.8345947265625, 1267.8553466796875, 820.192138671875, 355.3063659667969, 314.6441955566406, 59.30497741699219, 163.9871063232422, 122.94878387451172, 87.00376892089844, -94.55277252197266, -12.758810043334961, -199.63043212890625], [1034.0570068359375, 458.06329345703125, 820.192138671875, 832.3466796875, 296.2741394042969, 166.39027404785156, 71.1988754272461, 183.1787567138672, 141.44447326660156, 66.81483459472656, -49.00914001464844, 6.74199104309082, -111.16535186767578], [129.8742218017578, 486.7156677246094, 355.3063659667969, 296.2741394042969, 368.0363464355469, 158.82785034179688, 81.96603393554688, -7.535963535308838, 73.45680236816406, 5.236095428466797, -44.2299919128418, -39.1146240234375, -74.46512603759766], [265.0190734863281, 48.21710968017578, 314.6441955566406, 166.39027404785156, 158.82785034179688, 297.64227294921875, 99.5230712890625, 6.6483354568481445, 19.88388442993164, 43.56402587890625, -31.0340518951416, -14.451069831848145, -89.28392791748047], [149.7497100830078, 162.72860717773438, 59.30497741699219, 71.1988754272461, 81.96603393554688, 99.5230712890625, 198.83641052246094, 84.48637390136719, 40.490570068359375, 38.55082702636719, 42.35308074951172, -14.425790786743164, 12.620772361755371], [641.0057373046875, -1.992557168006897, 163.9871063232422, 183.1787567138672, -7.535963535308838, 6.6483354568481445, 84.48637390136719, 284.80194091796875, 109.00182342529297, 61.437381744384766, 68.558349609375, 35.496986389160156, 29.32888412475586], [191.56491088867188, 169.5798797607422, 122.94878387451172, 141.44447326660156, 73.45680236816406, 19.88388442993164, 40.490570068359375, 109.00182342529297, 176.83944702148438, 82.8500747680664, 29.956205368041992, -1.7772700786590576, 19.713380813598633], [196.2427978515625, -11.116601943969727, 87.00376892089844, 66.81483459472656, 5.236095428466797, 43.56402587890625, 38.55082702636719, 61.437381744384766, 82.8500747680664, 155.60540771484375, 87.56841278076172, 31.156736373901367, 21.676912307739258], [110.44112396240234, -42.228973388671875, -94.55277252197266, -49.00914001464844, -44.2299919128418, -31.0340518951416, 42.35308074951172, 68.558349609375, 29.956205368041992, 87.56841278076172, 177.4288787841797, 65.86848449707031, 78.82781219482422], [93.43309020996094, -111.96273040771484, -12.758810043334961, 6.74199104309082, -39.1146240234375, -14.451069831848145, -14.425790786743164, 35.496986389160156, -1.7772700786590576, 31.156736373901367, 65.86848449707031, 97.85276794433594, 36.946495056152344], [-3.0960192680358887, -40.361572265625, -199.63043212890625, -111.16535186767578, -74.46512603759766, -89.28392791748047, 12.620772361755371, 29.32888412475586, 19.713380813598633, 21.676912307739258, 78.82781219482422, 36.946495056152344, 134.0568084716797]], "lowlevel.gfcc.icov": [[0.0006234116153791547, -0.0006064611952751875, 0.0006527946097776294, -0.00097935541998595, 0.0007446958916261792, -0.0014957969542592764, 0.0012742297258228064, -0.0018229637062177062, 0.001293729874305427, -0.0007297597476281226, 0.00020993537327740341, 0.0001066447512130253, -0.0005369896534830332], [-0.0006064611952751875, 0.00451342249289155, -0.0034457442816346884, 0.0016678348183631897, -0.004486247897148132, 0.0059760697185993195, -0.005078633315861225, 0.00475343968719244, -0.004206855781376362, 0.003144659101963043, -0.0019535182509571314, 0.0023606352042406797, -0.0008687240188010037], [0.0006527946097776294, -0.0034457442816346884, 0.00583278201520443, -0.0038347796071320772, 0.0028846862260252237, -0.006367632187902927, 0.005308585707098246, -0.005013034213334322, 0.004152228124439716, -0.0035976616200059652, 0.0019825114868581295, -0.0014642480527982116, 0.0016509025590494275], [-0.00097935541998595, 0.0016678348183631897, -0.0038347796071320772, 0.0059720235876739025, -0.0033853964414447546, 0.004446067381650209, -0.0032209563069045544, 0.00223898864351213, -0.0031784805469214916, 0.001322255004197359, 0.0003039344446733594, -0.0011112709762528539, 0.0009964082855731249], [0.0007446958916261792, -0.004486247897148132, 0.0028846862260252237, -0.0033853964414447546, 0.010779702104628086, -0.007531153969466686, 0.003244042629376054, -0.0020621700678020716, 0.0010120877996087074, -0.00031810751534067094, 0.00039551116060465574, -0.001466898014768958, 0.0013469590339809656], [-0.0014957969542592764, 0.0059760697185993195, -0.006367632187902927, 0.004446067381650209, -0.007531153969466686, 0.016493000090122223, -0.011469408869743347, 0.008686364628374577, -0.005873769521713257, 0.0021914984099566936, -0.0009779207175597548, 0.00046985773951746523, 0.0029047816060483456], [0.0012742297258228064, -0.005078633315861225, 0.005308585707098246, -0.0032209563069045544, 0.003244042629376054, -0.011469408869743347, 0.01616930402815342, -0.010156300850212574, 0.007192415650933981, -0.004379278048872948, 7.460846973117441e-05, 0.0019088914850726724, -0.0023219091817736626], [-0.0018229637062177062, 0.00475343968719244, -0.005013034213334322, 0.00223898864351213, -0.0020621700678020716, 0.008686364628374577, -0.010156300850212574, 0.01541941612958908, -0.010581067763268948, 0.0063411640003323555, -0.004033365286886692, -0.00011024062405340374, 0.0009357327944599092], [0.001293729874305427, -0.004206855781376362, 0.004152228124439716, -0.0031784805469214916, 0.0010120877996087074, -0.005873769521713257, 0.007192415650933981, -0.010581067763268948, 0.017581917345523834, -0.010443438775837421, 0.004297513049095869, 0.001078014262020588, -0.0031220840755850077], [-0.0007297597476281226, 0.003144659101963043, -0.0035976616200059652, 0.001322255004197359, -0.00031810751534067094, 0.0021914984099566936, -0.004379278048872948, 0.0063411640003323555, -0.010443438775837421, 0.017251377925276756, -0.008875593543052673, 0.0010285465978085995, 0.0006585256778635085], [0.00020993537327740341, -0.0019535182509571314, 0.0019825114868581295, 0.0003039344446733594, 0.00039551116060465574, -0.0009779207175597548, 7.460846973117441e-05, -0.004033365286886692, 0.004297513049095869, -0.008875593543052673, 0.015292809344828129, -0.006881636567413807, -0.0032278725411742926], [0.0001066447512130253, 0.0023606352042406797, -0.0014642480527982116, -0.0011112709762528539, -0.001466898014768958, 0.00046985773951746523, 0.0019088914850726724, -0.00011024062405340374, 0.001078014262020588, 0.0010285465978085995, -0.006881636567413807, 0.018503567203879356, -0.004424238111823797], [-0.0005369896534830332, -0.0008687240188010037, 0.0016509025590494275, 0.0009964082855731249, 0.0013469590339809656, 0.0029047816060483456, -0.0023219091817736626, 0.0009357327944599092, -0.0031220840755850077, 0.0006585256778635085, -0.0032278725411742926, -0.004424238111823797, 0.016636986285448074]], "lowlevel.mfcc.cov": [[4191.9619140625, -251.48001098632812, 678.3961791992188, 664.3490600585938, 303.8377380371094, -107.53174591064453, 198.02857971191406, 299.4950866699219, 265.4388732910156, 264.3545837402344, 157.2550506591797, 279.1650695800781, 51.29756164550781], [-251.48001098632812, 1089.4725341796875, 202.51869201660156, 326.4707336425781, 246.4210205078125, 211.0654754638672, 72.11198425292969, 44.7557373046875, 122.36349487304688, 62.29939270019531, 58.875247955322266, 32.26984786987305, 19.029098510742188], [678.3961791992188, 202.51869201660156, 916.5157470703125, 494.7046813964844, 379.1260681152344, 237.22891235351562, 76.34174346923828, 159.49156188964844, 154.9109344482422, 94.98991394042969, 141.92971801757812, 140.4285125732422, 61.63965606689453], [664.3490600585938, 326.4707336425781, 494.7046813964844, 628.4308471679688, 317.0703430175781, 120.03712463378906, 46.05228805541992, 138.5251922607422, 162.96226501464844, 68.12725830078125, 91.5502700805664, 131.0178680419922, 46.93928909301758], [303.8377380371094, 246.4210205078125, 379.1260681152344, 317.0703430175781, 365.3550720214844, 184.02862548828125, 21.715734481811523, 105.45655822753906, 100.48957824707031, 32.37586975097656, 81.6963882446289, 72.31733703613281, 50.43990707397461], [-107.53174591064453, 211.0654754638672, 237.22891235351562, 120.03712463378906, 184.02862548828125, 369.8713073730469, 88.52259063720703, 42.195899963378906, 49.735389709472656, 20.6833553314209, 72.86788940429688, 2.0227932929992676, 49.897926330566406], [198.02857971191406, 72.11198425292969, 76.34174346923828, 46.05228805541992, 21.715734481811523, 88.52259063720703, 180.544921875, 66.54829406738281, 15.070911407470703, 41.6927490234375, 34.20094680786133, 30.64468002319336, 10.970829010009766], [299.4950866699219, 44.7557373046875, 159.49156188964844, 138.5251922607422, 105.45655822753906, 42.195899963378906, 66.54829406738281, 158.79786682128906, 84.92892456054688, 28.931318283081055, 39.98023223876953, 51.537635803222656, 23.559444427490234], [265.4388732910156, 122.36349487304688, 154.9109344482422, 162.96226501464844, 100.48957824707031, 49.735389709472656, 15.070911407470703, 84.92892456054688, 154.55615234375, 86.9404525756836, 47.282691955566406, 53.6061897277832, 29.391708374023438], [264.3545837402344, 62.29939270019531, 94.98991394042969, 68.12725830078125, 32.37586975097656, 20.6833553314209, 41.6927490234375, 28.931318283081055, 86.9404525756836, 145.90118408203125, 63.300785064697266, 54.40186309814453, 16.52034568786621], [157.2550506591797, 58.875247955322266, 141.92971801757812, 91.5502700805664, 81.6963882446289, 72.86788940429688, 34.20094680786133, 39.98023223876953, 47.282691955566406, 63.300785064697266, 122.25920104980469, 72.1478271484375, 26.112815856933594], [279.1650695800781, 32.26984786987305, 140.4285125732422, 131.0178680419922, 72.31733703613281, 2.0227932929992676, 30.64468002319336, 51.537635803222656, 53.6061897277832, 54.40186309814453, 72.1478271484375, 157.129638671875, 50.99314498901367], [51.29756164550781, 19.029098510742188, 61.63965606689453, 46.93928909301758, 50.43990707397461, 49.897926330566406, 10.970829010009766, 23.559444427490234, 29.391708374023438, 16.52034568786621, 26.112815856933594, 50.99314498901367, 88.3486099243164]], "lowlevel.mfcc.icov": [[0.00040940195322036743, 0.0002557517436798662, -6.13849115325138e-05, -0.0003403190348763019, -0.00021884664602112025, 0.0003629829443525523, -0.0004384612839203328, -0.0001157744336524047, -0.00010745231702458113, -0.0004520541406236589, 7.8612967627123e-05, -9.279204823542386e-05, 8.669806993566453e-05], [0.0002557517436798662, 0.0014888305449858308, 0.000335431017447263, -0.0007827242952771485, -0.0008124517044052482, -0.00016033380234148353, -0.0008653136319480836, 0.0008040054817683995, -0.000912556191906333, -0.00024271073925774544, 0.00010789195948746055, 7.963794632814825e-05, 0.00043123055365867913], [-6.13849115325138e-05, 0.000335431017447263, 0.002611440373584628, -0.0012000328861176968, -0.0012029251083731651, -0.0008573533850722015, 0.00011421235831221566, -0.0004570659075397998, 0.0003386127355042845, -0.0006279578083194792, -0.00041770056122913957, -0.00045211889664642513, 0.00044687881018035114], [-0.0003403190348763019, -0.0007827242952771485, -0.0012000328861176968, 0.004624031018465757, -0.0017040810780599713, 0.0005933064385317266, -0.0002213702246081084, 0.00035230888170190156, -0.0023144464939832687, 0.0015795438084751368, 0.0002403153048362583, -0.0013421702897176147, 0.0004962998791597784], [-0.00021884664602112025, -0.0008124517044052482, -0.0012029251083731651, -0.0017040810780599713, 0.008158036507666111, -0.002584730740636587, 0.0028676348738372326, -0.0028382563032209873, 0.0009934654226526618, 0.0005482134292833507, -0.0008247781661339104, -0.00017621037841308862, -0.0008378314669243991], [0.0003629829443525523, -0.00016033380234148353, -0.0008573533850722015, 0.0005933064385317266, -0.002584730740636587, 0.006261445116251707, -0.0037346850149333477, 0.0022423011250793934, -0.002071619499474764, 0.0016114263562485576, -0.0028038157615810633, 0.003052267711609602, -0.0026332952547818422], [-0.0004384612839203328, -0.0008653136319480836, 0.00011421235831221566, -0.0002213702246081084, 0.0028676348738372326, -0.0037346850149333477, 0.010734795592725277, -0.00650926074013114, 0.005799081642180681, -0.004144023638218641, 0.0010556014021858573, -0.0014555476373061538, 0.0007275479729287326], [-0.0001157744336524047, 0.0008040054817683995, -0.0004570659075397998, 0.00035230888170190156, -0.0028382563032209873, 0.0022423011250793934, -0.00650926074013114, 0.014914180152118206, -0.009336637333035469, 0.0055458033457398415, -0.0016169794835150242, -0.00012720913218799978, -0.00016859432798810303], [-0.00010745231702458113, -0.000912556191906333, 0.0003386127355042845, -0.0023144464939832687, 0.0009934654226526618, -0.002071619499474764, 0.005799081642180681, -0.009336637333035469, 0.019799629226326942, -0.010876350104808807, 0.0022268337197601795, 1.175468696601456e-05, -0.0015932794194668531], [-0.0004520541406236589, -0.00024271073925774544, -0.0006279578083194792, 0.0015795438084751368, 0.0005482134292833507, 0.0016114263562485576, -0.004144023638218641, 0.0055458033457398415, -0.010876350104808807, 0.016325490549206734, -0.005684315226972103, -0.0006266700220294297, 0.00033370149321854115], [7.8612967627123e-05, 0.00010789195948746055, -0.00041770056122913957, 0.0002403153048362583, -0.0008247781661339104, -0.0028038157615810633, 0.0010556014021858573, -0.0016169794835150242, 0.0022268337197601795, -0.005684315226972103, 0.016022689640522003, -0.005857015028595924, 0.001416299375705421], [-9.279204823542386e-05, 7.963794632814825e-05, -0.00045211889664642513, -0.0013421702897176147, -0.00017621037841308862, 0.003052267711609602, -0.0014555476373061538, -0.00012720913218799978, 1.175468696601456e-05, -0.0006266700220294297, -0.005857015028595924, 0.013311883434653282, -0.0061823162250220776], [8.669806993566453e-05, 0.00043123055365867913, 0.00044687881018035114, 0.0004962998791597784, -0.0008378314669243991, -0.0026332952547818422, 0.0007275479729287326, -0.00016859432798810303, -0.0015932794194668531, 0.00033370149321854115, 0.001416299375705421, -0.0061823162250220776, 0.016137663275003433]], "metadata.audio_properties.analysis.downmix": "mix", "metadata.audio_properties.codec": "mp3", "metadata.audio_properties.md5_encoded": "bd806a7c0a15432cf16349af9202d8f7", "metadata.tags.file_name": "1183705975367151706.mp3", "metadata.version.essentia": "2.1-beta6-dev", "metadata.version.essentia_git_sha": "v2.1_beta5-1110-g77a6a954", "metadata.version.extractor": "music 2.0", "tonal.chords_key": "Bb", "tonal.chords_scale": "major", "tonal.key_edma.key": "Bb", "tonal.key_edma.scale": "major", "tona