{"song_id": "1183703897089519667", "download": "https://cdn.discordapp.com/attachments/1128313332273782784/1183703897089519667/chirp.mp4?ex=65894d29&amp", "lyrics": "Rap\n\n[verse]\n\u0417\u0430\u0433\u0430\u0434\u043e\u0447\u043d\u0430\u044f \u0434\u0443\u0448\u0430 \u0443 \u043a\u043e\u0441\u0442\u0440\u0430 \u0433\u043e\u0440\u0438\u0442\n\u0412 \u043f\u0435\u0447\u0430\u043b\u0438 \u043c\u043e\u044f \u0433\u0438\u0442\u0430\u0440\u0430 \u0441\u0442\u0430\u043b\u043a\u0440\u0430\u0444\u0442\u0435\u0440\u0430\n\u041f\u043e \u0433\u0440\u0443\u0441\u0442\u043d\u044b\u043c \u0442\u0440\u043e\u043f\u0438\u043d\u043a\u0430\u043c \u043c\u0430\u043d\u0438\u0442 \u043e\u043d\u0430\n\u0422\u0443\u0434\u0430, \u0433\u0434\u0435 \u0437\u0430\u0436\u0438\u0433\u0430\u0435\u0442 \u0441\u043b\u0435\u0437\u044b \u0441\u0442\u0430\u043b\u043a\u0440\u0430\u0444\u0442\n\n[chorus]\n\u041e\u043e\u043e\u043e, \u044d\u043a\u0441\u0431\u043e \u043f\u0440\u043e\u0448\u0435\u043f\u0442\u0430\u043b\u0438 \u0432 \u0437\u043d\u043e\u0439\u043d\u043e\u0439 \u0442\u0438\u0448\u0438\u043d\u0435\n\u041e\u043e\u043e\u043e, \u0441\u0435\u0440\u0434\u0446\u0435 \u0442\u0440\u0435\u0432\u043e\u0433\u043e\u0439 \u043e\u043a\u0443\u0442\u0430\u043b\u043e \u0441\u0435\u0431\u0435\n\u041e\u043e\u043e\u043e, \u0437\u0430\u0436\u0433\u043b\u0438 \u0432 \u0434\u0443\u0448\u0435 \u0442\u043e\u0441\u043a\u0443 \u0438 \u0441\u0432\u0435\u0442 \u0437\u0432\u0435\u0437\u0434\u044b\n\u041e\u043e\u043e\u043e, \u0441\u0442\u0430\u043b\u043a\u0440\u0430\u0444\u0442 \u0433\u043e\u0440\u044c\u043a\u043e\u0439 \u0441\u043b\u0430\u0434\u043e\u0441\u0442\u044c\u044e \u043e\u0432\u0435\u044f\u043b", "style": ["Shanson"], "essentia_features": {"lowlevel.average_loudness": 0.9234544634819031, "lowlevel.barkbands_crest.mean": 12.405945777893066, "lowlevel.barkbands_crest.stdev": 5.098649024963379, "lowlevel.barkbands_flatness_db.mean": 0.19846317172050476, "lowlevel.barkbands_flatness_db.stdev": 0.11876042932271957, "lowlevel.barkbands_kurtosis.mean": 21.873857498168945, "lowlevel.barkbands_kurtosis.stdev": 78.94874572753906, "lowlevel.barkbands_skewness.mean": 2.6173324584960938, "lowlevel.barkbands_skewness.stdev": 2.7265641689300537, "lowlevel.barkbands_spread.mean": 16.56121826171875, "lowlevel.barkbands_spread.stdev": 13.152705192565918, "lowlevel.dissonance.mean": 0.4397616982460022, "lowlevel.dissonance.stdev": 0.042013633996248245, "lowlevel.dynamic_complexity": 2.10396409034729, "lowlevel.erbbands_crest.mean": 11.780750274658203, "lowlevel.erbbands_crest.stdev": 5.292199611663818, "lowlevel.erbbands_flatness_db.mean": 0.16661259531974792, "lowlevel.erbbands_flatness_db.stdev": 0.05348462611436844, "lowlevel.erbbands_kurtosis.mean": 1.190684199333191, "lowlevel.erbbands_kurtosis.stdev": 3.3460841178894043, "lowlevel.erbbands_skewness.mean": 0.6009597182273865, "lowlevel.erbbands_skewness.stdev": 0.941667914390564, "lowlevel.erbbands_spread.mean": 41.16716384887695, "lowlevel.erbbands_spread.stdev": 21.35086441040039, "lowlevel.hfc.mean": 19.710853576660156, "lowlevel.hfc.stdev": 16.316511154174805, "lowlevel.loudness_ebu128.integrated": -13.4279203414917, "lowlevel.loudness_ebu128.loudness_range": 2.1059160232543945, "lowlevel.loudness_ebu128.momentary.mean": -13.750441551208496, "lowlevel.loudness_ebu128.momentary.stdev": 1.7939592599868774, "lowlevel.loudness_ebu128.short_term.mean": -13.602479934692383, "lowlevel.loudness_ebu128.short_term.stdev": 0.8798829913139343, "lowlevel.melbands_crest.mean": 18.218772888183594, "lowlevel.melbands_crest.stdev": 7.313239574432373, "lowlevel.melbands_flatness_db.mean": 0.27205201983451843, "lowlevel.melbands_flatness_db.stdev": 0.13710905611515045, "lowlevel.melbands_kurtosis.mean": 46.6037483215332, "lowlevel.melbands_kurtosis.stdev": 159.7572021484375, "lowlevel.melbands_skewness.mean": 3.9914257526397705, "lowlevel.melbands_skewness.stdev": 3.522251605987549, "lowlevel.melbands_spread.mean": 14.795866012573242, "lowlevel.melbands_spread.stdev": 11.895248413085938, "lowlevel.pitch_salience.mean": 0.4380492866039276, "lowlevel.pitch_salience.stdev": 0.14689770340919495, "lowlevel.silence_rate_20dB.mean": 1.0, "lowlevel.silence_rate_20dB.stdev": 0.0, "lowlevel.silence_rate_30dB.mean": 0.9681344032287598, "lowlevel.silence_rate_30dB.stdev": 0.17564161121845245, "lowlevel.silence_rate_60dB.mean": 0.0017381227808073163, "lowlevel.silence_rate_60dB.stdev": 0.041654061526060104, "lowlevel.spectral_centroid.mean": 957.7108154296875, "lowlevel.spectral_centroid.stdev": 658.6612548828125, "lowlevel.spectral_complexity.mean": 13.697566986083984, "lowlevel.spectral_complexity.stdev": 6.168269634246826, "lowlevel.spectral_decrease.mean": -1.0745125678113254e-08, "lowlevel.spectral_decrease.stdev": 6.958224219033582e-09, "lowlevel.spectral_energy.mean": 0.042342379689216614, "lowlevel.spectral_energy.stdev": 0.026717353612184525, "lowlevel.spectral_energyband_high.mean": 0.0007269878988154233, "lowlevel.spectral_energyband_high.stdev": 0.0014394724275916815, "lowlevel.spectral_energyband_low.mean": 0.021613845601677895, "lowlevel.spectral_energyband_low.stdev": 0.025767885148525238, "lowlevel.spectral_energyband_middle_high.mean": 0.004510706756263971, "lowlevel.spectral_energyband_middle_high.stdev": 0.004339573439210653, "lowlevel.spectral_energyband_middle_low.mean": 0.0179738849401474, "lowlevel.spectral_energyband_middle_low.stdev": 0.013561740517616272, "lowlevel.spectral_entropy.mean": 7.150006294250488, "lowlevel.spectral_entropy.stdev": 0.6601814031600952, "lowlevel.spectral_flux.mean": 0.07215677946805954, "lowlevel.spectral_flux.stdev": 0.054630666971206665, "lowlevel.spectral_kurtosis.mean": 5.919837474822998, "lowlevel.spectral_kurtosis.stdev": 10.9989652633667, "lowlevel.spectral_rms.mean": 0.006131746806204319, "lowlevel.spectral_rms.stdev": 0.001926467870362103, "lowlevel.spectral_rolloff.mean": 935.5972900390625, "lowlevel.spectral_rolloff.stdev": 1226.5147705078125, "lowlevel.spectral_skewness.mean": 1.7167375087738037, "lowlevel.spectral_skewness.stdev": 0.9153778553009033, "lowlevel.spectral_spread.mean": 4842356.0, "lowlevel.spectral_spread.stdev": 1803599.125, "lowlevel.spectral_strongpeak.mean": 0.8795186281204224, "lowlevel.spectral_strongpeak.stdev": 0.9901142120361328, "lowlevel.zerocrossingrate.mean": 0.044329769909381866, "lowlevel.zerocrossingrate.stdev": 0.034518178552389145, "metadata.audio_properties.analysis.equal_loudness": 0.0, "metadata.audio_properties.analysis.length": 40.04265213012695, "metadata.audio_properties.analysis.sample_rate": 44100.0, "metadata.audio_properties.analysis.start_time": 0.0, "metadata.audio_properties.bit_rate": 117509.0, "metadata.audio_properties.length": 40.042667388916016, "metadata.audio_properties.lossless": 0.0, "metadata.audio_properties.number_channels": 1.0, "metadata.audio_properties.replay_gain": -12.802417755126953, "metadata.audio_properties.sample_rate": 48000.0, "rhythm.beats_count": 67.0, "rhythm.beats_loudness.mean": 0.06702891737222672, "rhythm.beats_loudness.stdev": 0.03195229917764664, "rhythm.bpm": 101.98108673095703, "rhythm.bpm_histogram_first_peak_bpm": 101.0, "rhythm.bpm_histogram_first_peak_weight": 0.40909093618392944, "rhythm.bpm_histogram_second_peak_bpm": 0.0, "rhythm.bpm_histogram_second_peak_spread": 0.0, "rhythm.bpm_histogram_second_peak_weight": 0.0, "rhythm.danceability": 1.3186944723129272, "rhythm.onset_rate": 3.8697352409362793, "tonal.chords_changes_rate": 0.05324074253439903, "tonal.chords_number_rate": 0.008101851679384708, "tonal.chords_strength.mean": 0.5182988047599792, "tonal.chords_strength.stdev": 0.08395659178495407, "tonal.hpcp_crest.mean": 17.045879364013672, "tonal.hpcp_crest.stdev": 7.2943501472473145, "tonal.hpcp_entropy.mean": 1.5000172853469849, "tonal.hpcp_entropy.stdev": 0.6321068406105042, "tonal.key_edma.strength": 0.7358291149139404, "tonal.key_krumhansl.strength": 0.7276734709739685, "tonal.key_temperley.strength": 0.694561779499054, "tonal.tuning_diatonic_strength": 0.5341287851333618, "tonal.tuning_equal_tempered_deviation": 0.2455790638923645, "tonal.tuning_frequency": 434.193115234375, "tonal.tuning_nontempered_energy_ratio": 0.9875451922416687, "lowlevel.barkbands.mean": [0.0010997431818395853, 0.013971523381769657, 0.004112107679247856, 0.005047955084592104, 0.005022072698920965, 0.0014111596392467618, 0.0017078021774068475, 0.002711543347686529, 0.0019689190667122602, 0.0007185745635069907, 0.0007632247870787978, 0.0007345077465288341, 0.0010082082590088248, 0.0001184025386464782, 0.00013187117292545736, 0.000255595485214144, 0.0003003570600412786, 0.00016363715985789895, 0.00027798122027888894, 0.0001528051943751052, 0.0001468348636990413, 0.00014519784599542618, 0.0001309710496570915, 9.456282714381814e-05, 8.077640814008191e-05, 6.42684826743789e-05, 1.8052513723887387e-06], "lowlevel.barkbands.stdev": [0.002133989939466119, 0.024579446762800217, 0.006408228073269129, 0.005211761221289635, 0.005191784352064133, 0.00354787684045732, 0.005336239002645016, 0.008225523866713047, 0.005703832488507032, 0.001305708079598844, 0.002095320262014866, 0.0021624471992254257, 0.0019093176815658808, 0.00046972098061814904, 0.0003053779946640134, 0.00046025216579437256, 0.0005323642981238663, 0.0004784451157320291, 0.00047742793685756624, 0.0003003333986271173, 0.0003520721511449665, 0.00032346631633117795, 0.0002740265044849366, 0.00026417794288136065, 0.00027809879975393414, 0.00021535072301048785, 8.703454113856424e-06], "lowlevel.erbbands.mean": [0.5996805429458618, 2.350748062133789, 4.662353038787842, 11.415658950805664, 16.64287757873535, 18.651477813720703, 10.270648002624512, 12.990150451660156, 23.285552978515625, 37.351478576660156, 56.367759704589844, 53.71418380737305, 14.842864036560059, 27.269433975219727, 42.41132354736328, 34.926151275634766, 49.7037467956543, 11.36735725402832, 6.290649890899658, 8.94836139678955, 17.474346160888672, 12.328511238098145, 11.271601676940918, 10.83261775970459, 14.112225532531738, 7.422361373901367, 5.5273518562316895, 5.783030033111572, 5.543307781219482, 4.693264961242676, 3.444692850112915, 2.3706369400024414, 1.3327053785324097, 0.9131677150726318, 0.5629185438156128, 0.3095782697200775, 0.1122923493385315, 0.01548736821860075, 0.00034983133082278073, 6.0086393204983324e-05], "lowlevel.erbbands.stdev": [1.153104305267334, 4.356449127197266, 7.463684558868408, 11.292891502380371, 16.09138298034668, 20.38628578186035, 17.51242446899414, 33.98668670654297, 76.36380767822266, 91.27207946777344, 196.85617065429688, 147.77427673339844, 39.75495910644531, 45.89018630981445, 114.89774322509766, 85.96561431884766, 92.14617919921875, 30.457307815551758, 17.21333885192871, 15.252320289611816, 26.65765953063965, 18.688335418701172, 32.67068099975586, 21.792118072509766, 23.14436912536621, 15.150238990783691, 11.506086349487305, 14.884154319763184, 11.956585884094238, 10.415909767150879, 7.084959983825684, 5.588141441345215, 4.571505069732666, 3.356269359588623, 1.9528148174285889, 1.0397597551345825, 0.38661763072013855, 0.05519711971282959, 0.0011756758904084563, 5.084385702502914e-05], "lowlevel.gfcc.mean": [-8.568950653076172, 98.48707580566406, -98.79773712158203, 37.83858871459961, -58.8678092956543, 16.801809310913086, -33.743141174316406, 4.232213497161865, -27.900314331054688, -3.8397552967071533, -17.493440628051758, -2.652099847793579, -21.0155029296875], "lowlevel.melbands.mean": [0.004446806851774454, 0.002603371860459447, 0.0021343769039958715, 0.001355576328933239, 0.00042614273843355477, 0.00028181244852021337, 0.00035270213265903294, 0.00044709391659125686, 0.0004720020806416869, 0.0002973824448417872, 6.546424265252426e-05, 0.00011041387188015506, 0.0001109326331061311, 0.00010817770089488477, 0.0001064934185706079, 7.996510248631239e-05, 1.5060556506796274e-05, 8.978686310001649e-06, 8.16537703940412e-06, 1.7404572645318694e-05, 2.192326428485103e-05, 1.401244389853673e-05, 1.2154466276115272e-05, 7.123142950149486e-06, 8.590916877437849e-06, 1.1723253010131884e-05, 7.0756373133917805e-06, 4.357857505965512e-06, 3.091785856668139e-06, 3.969313638663152e-06, 3.0808919291303027e-06, 3.3877033729368122e-06, 2.43487443185586e-06, 2.6982579584000632e-06, 2.118067641276866e-06, 1.6005858469725354e-06, 1.3524585256163846e-06, 9.254652582058043e-07, 8.583400585848722e-07, 7.352346642619523e-07], "lowlevel.melbands.stdev": [0.008085205219686031, 0.003649607300758362, 0.0019386745989322662, 0.001376192201860249, 0.000571731012314558, 0.0007250823546200991, 0.0011364059755578637, 0.0011088399915024638, 0.0015705623663961887, 0.0008760333876125515, 0.00019888250972144306, 0.0002016351791098714, 0.0003049005172215402, 0.00027152436086907983, 0.00021111374371685088, 0.00014835376350674778, 5.86923306400422e-05, 2.5334918973385356e-05, 1.7247582945856266e-05, 3.5176701203454286e-05, 3.625320459832437e-05, 2.3573700673296116e-05, 2.87481216219021e-05, 1.8919996364274994e-05, 2.0262488760636188e-05, 2.193278123741038e-05, 1.1158132110722363e-05, 9.944028533936944e-06, 6.562685484823305e-06, 1.0120353181264363e-05, 8.328011972480454e-06, 7.4098211371165235e-06, 6.382078936439939e-06, 5.908620096306549e-06, 4.200762759865029e-06, 3.7923825857433258e-06, 3.3142619031423237e-06, 3.335506562507362e-06, 3.0051032808842137e-06, 2.80838503385894e-06], "lowlevel.melbands128.mean": [0.0010404452914372087, 0.005470456089824438, 0.005502032581716776, 0.0032848797272890806, 0.0023936720099300146, 0.001935993554070592, 0.002298756269738078, 0.0025437530130147934, 0.001332006067968905, 0.001739978906698525, 0.0009819141123443842, 0.00042948161717504263, 0.00026984637952409685, 0.0003937614383175969, 0.0003528926463332027, 0.0001531872112536803, 0.0002460329560562968, 0.0005193545948714018, 0.0003015632973983884, 0.00038257555570453405, 0.000582495704293251, 0.0004300637810956687, 0.0004964456893503666, 0.00041707695345394313, 0.0004642195999622345, 0.00019923441868741065, 5.5549673561472446e-05, 4.521111259236932e-05, 3.901595846400596e-05, 0.00020020626834593713, 9.480646258452907e-05, 2.7533795218914747e-05, 6.91853929311037e-05, 0.00025375999393872917, 9.358295938000083e-05, 7.915881724329665e-05, 9.647491242503747e-05, 4.309647192712873e-05, 0.0002038482198258862, 0.0001107686766772531, 5.38208732905332e-05, 1.7354688679915853e-05, 1.7979238691623323e-05, 1.1599684512475505e-05, 4.7067719606275205e-06, 1.0290415048075374e-05, 1.2755237548844889e-05, 4.764429831993766e-06, 6.873555776110152e-06, 1.3379930351220537e-05, 2.0500679966062307e-05, 1.907606201712042e-05, 1.852790592238307e-05, 2.611151103337761e-05, 2.655396929185372e-05, 7.832757546566427e-06, 5.124403742229333e-06, 1.8072014427161776e-05, 9.50702542468207e-06, 1.483475625718711e-05, 3.5183024920115713e-06, 4.470458861760562e-06, 9.695178050606046e-06, 9.729780686029699e-06, 7.607788575114682e-06, 1.2645291462831665e-05, 1.4688080227642786e-05, 7.025821105344221e-06, 5.639242772303987e-06, 6.41834276393638e-06, 3.7637180412275484e-06, 4.4053717829228844e-06, 2.8310635116213234e-06, 2.6409786642034305e-06, 3.307423867227044e-06, 4.279102540749591e-06, 4.626448117051041e-06, 2.776537485260633e-06, 3.1098188628675416e-06, 2.768522563201259e-06, 3.7247662021400174e-06, 3.6671431189461146e-06, 2.483004664100008e-06, 2.1661401206074515e-06, 2.6110733415407594e-06, 2.550662429712247e-06, 3.1206561743601924e-06, 2.1247963104542578e-06, 2.4939520244515734e-06, 1.5554393257843913e-06, 1.5345079873441136e-06, 1.5979248928488232e-06, 1.8051949837172288e-06, 1.2212251476739766e-06, 1.3056226180196973e-06, 9.528809528092097e-07, 8.249211305155768e-07, 8.661633614792663e-07, 8.790735250840953e-07, 8.77939157817309e-07, 7.486784738830465e-07, 7.58904150188755e-07, 6.450871978813666e-07, 6.225592414921266e-07, 6.210388505678566e-07, 6.570075470335723e-07, 6.306582349679957e-07, 5.354979180083319e-07, 5.306325192577788e-07, 5.489543468684133e-07, 4.560616559956543e-07, 3.7489112969524285e-07, 3.549826885773655e-07, 3.29593405012929e-07, 2.5038045237124607e-07, 1.7986904765621148e-07, 6.559358212143707e-08, 1.4575873841238263e-08, 7.686699610154335e-10, 6.697403482497366e-12, 6.013036856628018e-12, 5.8399986235802e-12, 5.6724507903338495e-12, 5.517978435287674e-12, 5.322656811829196e-12, 5.092886182223033e-12, 4.969691325129588e-12, 4.93065137330273e-12], "lowlevel.melbands128.stdev": [0.002062352607026696, 0.010967890731990337, 0.01093771867454052, 0.006819510832428932, 0.004672706592828035, 0.002775216940790415, 0.0025596576742827892, 0.0028128735721111298, 0.0016350075602531433, 0.0023803729563951492, 0.0011562103172764182, 0.0007863023201934993, 0.000581720843911171, 0.0011051278561353683, 0.0010838010348379612, 0.0006663944805040956, 0.0011522542918100953, 0.001871893065981567, 0.0011149966157972813, 0.0012420732527971268, 0.001849581953138113, 0.001855422742664814, 0.002649019006639719, 0.00137289275880903, 0.0015086464118212461, 0.0012130170362070203, 0.00035206181928515434, 0.00020184414461255074, 7.162515248637646e-05, 0.00041872396832332015, 0.0001811618567444384, 9.251188021153212e-05, 0.00024016978568397462, 0.0007890753913670778, 0.00042062567081302404, 0.00029161106795072556, 0.00040372609510086477, 0.00018137840379495174, 0.00046931044198572636, 0.000254268990829587, 0.000189215803402476, 6.759160896763206e-05, 0.00010669605399016291, 4.352917676442303e-05, 1.4714811186422594e-05, 3.330148683744483e-05, 4.898376573692076e-05, 1.3494824088411406e-05, 1.4663141882920172e-05, 3.467100759735331e-05, 5.7002696848940104e-05, 5.102413706481457e-05, 3.7606227124342695e-05, 6.948598456801847e-05, 5.8355508372187614e-05, 2.0142402718192898e-05, 9.696887900645379e-06, 4.9063703045248985e-05, 3.681841189973056e-05, 6.863186717964709e-05, 7.828546586097218e-06, 9.360120202472899e-06, 2.6994055588147603e-05, 2.7766400307882577e-05, 2.097573633363936e-05, 2.9402544896584004e-05, 3.3113818062702194e-05, 1.3889666661270894e-05, 1.1138674381072633e-05, 1.872915709100198e-05, 1.148232513514813e-05, 1.053900268743746e-05, 7.228427421068773e-06, 6.498206857941113e-06, 7.286185791599564e-06, 1.0577658031252213e-05, 1.5996425645425916e-05, 8.533664185961243e-06, 9.226615475199651e-06, 8.09027551440522e-06, 9.822646461543627e-06, 7.725145223957952e-06, 6.789864983147709e-06, 6.817748726462014e-06, 6.8537465267581865e-06, 6.544189091073349e-06, 6.932031283213291e-06, 4.886268925474724e-06, 4.83909752801992e-06, 4.246895059623057e-06, 3.8208272599149495e-06, 4.796208031621063e-06, 3.631409526860807e-06, 3.3138683193101315e-06, 3.6984317830501823e-06, 3.324901399537339e-06, 3.744375590031268e-06, 3.4128604511352023e-06, 2.828527158271754e-06, 3.2967641345749144e-06, 3.420519306018832e-06, 3.167948534610332e-06, 2.220352143922355e-06, 2.5542442472215043e-06, 2.2097108285379363e-06, 2.608216846056166e-06, 2.1771822957816767e-06, 1.6744741060392698e-06, 1.8596448398966459e-06, 2.1993714653945062e-06, 1.8822908032234409e-06, 1.3344268836590345e-06, 1.3067561894786195e-06, 1.2725408851110842e-06, 9.637914217819343e-07, 7.504864925067523e-07, 2.7185066642232414e-07, 1.6105106226405042e-07, 9.603644990363591e-09, 2.380110171451566e-11, 1.8522456138314602e-11, 1.6955303480670203e-11, 1.56286043134779e-11, 1.3659676688371203e-11, 1.0609933938365845e-11, 7.863708816058246e-12, 7.282549563392138e-12, 7.220572230404176e-12], "lowlevel.mfcc.mean": [-657.9519653320312, 125.1682357788086, 18.68758201599121, 27.6433048248291, 2.9694674015045166, 11.26142406463623, 2.058549642562866, 9.236987113952637, -5.5456085205078125, -1.6265686750411987, -1.8119829893112183, 3.8975601196289062, 2.887822389602661], "lowlevel.spectral_contrast_coeffs.mean": [-0.6492640376091003, -0.6951603889465332, -0.7233542203903198, -0.7524138689041138, -0.7666468024253845, -0.7302924394607544], "lowlevel.spectral_contrast_coeffs.stdev": [0.07895749062299728, 0.08236346393823624, 0.08469096571207047, 0.05806822329759598, 0.05016446113586426, 0.04610050469636917], "lowlevel.spectral_contrast_valleys.mean": [-6.601377010345459, -7.135767459869385, -8.085105895996094, -8.270739555358887, -8.133923530578613, -10.775105476379395], "lowlevel.spectral_contrast_valleys.stdev": [0.9572131633758545, 0.9765282869338989, 1.105002522468567, 1.0750235319137573, 1.2315741777420044, 1.470710039138794], "rhythm.beats_loudness_band_ratio.mean": [0.6538159251213074, 0.12620389461517334, 0.09111867845058441, 0.08432874828577042, 0.03697781264781952, 0.026193616911768913], "rhythm.beats_loudness_band_ratio.stdev": [0.27006131410598755, 0.14881767332553864, 0.0894714966416359, 0.08921109884977341, 0.06409614533185959, 0.030897216871380806], "tonal.hpcp.mean": [0.30187737941741943, 0.3591814339160919, 0.10298233479261398, 0.07597289234399796, 0.11518950760364532, 0.0588638037443161, 0.02379712276160717, 0.027415677905082703, 0.024669041857123375, 0.13367842137813568, 0.18441466987133026, 0.07138368487358093, 0.023256154730916023, 0.02257160097360611, 0.030490875244140625, 0.15502165257930756, 0.223727285861969, 0.10519248992204666, 0.023214168846607208, 0.014189904555678368, 0.02853032574057579, 0.20113970339298248, 0.2445019781589508, 0.10984441637992859, 0.20009632408618927, 0.22338524460792542, 0.0950559750199318, 0.04973557963967323, 0.04208803549408913, 0.04405481740832329, 0.056430649012327194, 0.05669459328055382, 0.04700789228081703, 0.03998124971985817, 0.04016895219683647, 0.05919112265110016], "tonal.hpcp.stdev": [0.3309003710746765, 0.3943726420402527, 0.14814117550849915, 0.20008820295333862, 0.29674670100212097, 0.16334839165210724, 0.1155843585729599, 0.1280430555343628, 0.11328902095556259, 0.20759378373622894, 0.28312042355537415, 0.1410217136144638, 0.08996784687042236, 0.08389047533273697, 0.1256246268749237, 0.264243483543396, 0.35396453738212585, 0.20006835460662842, 0.0918707475066185, 0.07747257500886917, 0.09687601029872894, 0.29265108704566956, 0.3334487974643707, 0.18981221318244934, 0.31674349308013916, 0.3436523973941803, 0.20711305737495422, 0.17049023509025574, 0.1640339195728302, 0.1658705770969391, 0.18483787775039673, 0.18579402565956116, 0.16609695553779602, 0.16396361589431763, 0.15803003311157227, 0.1759536862373352], "rhythm.beats_position": [0.6269387602806091, 1.2306575775146484, 1.8227664232254028, 2.4148752689361572, 2.9953742027282715, 3.5874829292297363, 4.179591655731201, 4.7600908279418945, 5.352199554443359, 5.944308280944824, 6.524806976318359, 7.116916179656982, 7.709024906158447, 8.28952407836914, 8.881632804870605, 9.47374153137207, 10.065850257873535, 10.657958984375, 11.238457679748535, 11.81895637512207, 12.399456024169922, 12.991564750671387, 13.583673477172852, 14.164172172546387, 14.756280899047852, 15.348389625549316, 15.940498352050781, 16.532608032226562, 17.12471580505371, 17.716825485229492, 18.29732322692871, 18.877822875976562, 19.458322525024414, 20.050430297851562, 20.642539978027344, 21.223037719726562, 21.826757431030273, 22.407255172729492, 22.987754821777344, 23.579862594604492, 24.171972274780273, 24.752471923828125, 25.344579696655273, 25.936689376831055, 26.517187118530273, 27.109296798706055, 27.701404571533203, 28.281904220581055, 28.874013900756836, 29.454511642456055, 30.046621322631836, 30.638729095458984, 31.230838775634766, 31.811336517333984, 32.403446197509766, 32.99555587768555, 33.576053619384766, 34.16816329956055, 34.76027297973633, 35.34077072143555, 35.921268463134766, 36.524986267089844, 37.10548782348633, 37.69759750366211, 38.289703369140625, 38.87020492553711, 39.462310791015625], "rhythm.bpm_histogram": [0.0, 0.0, 0.0, 0.0, 0.0, 0.0, 0.0, 0.0, 0.0, 0.0, 0.0, 0.0, 0.0, 0.0, 0.0, 0.0, 0.0, 0.0, 0.0, 0.0, 0.0, 0.0, 0.0, 0.0, 0.0, 0.0, 0.0, 0.0, 0.0, 0.0, 0.0, 0.0, 0.0, 0.0, 0.0, 0.0, 0.0, 0.0, 0.0, 0.0, 0.0, 0.0, 0.0, 0.0, 0.0, 0.0, 0.0, 0.0, 0.0, 0.0, 0.0, 0.0, 0.0, 0.0, 0.0, 0.0, 0.0, 0.0, 0.0, 0.0, 0.0, 0.0, 0.0, 0.0, 0.0, 0.0, 0.0, 0.0, 0.0, 0.0, 0.0, 0.0, 0.0, 0.0, 0.0, 0.0, 0.0, 0.0, 0.0, 0.0, 0.0, 0.0, 0.0, 0.0, 0.0, 0.0, 0.0, 0.0, 0.0, 0.0, 0.0, 0.0, 0.0, 0.0, 0.0, 0.0, 0.0, 0.0, 0.0, 0.04545454680919647, 0.0, 0.5909090638160706, 0.0, 0.3636363744735718, 0.0, 0.0, 0.0, 0.0, 0.0, 0.0, 0.0, 0.0, 0.0, 0.0, 0.0, 0.0, 0.0, 0.0, 0.0, 0.0, 0.0, 0.0, 0.0, 0.0, 0.0, 0.0, 0.0, 0.0, 0.0, 0.0, 0.0, 0.0, 0.0, 0.0, 0.0, 0.0, 0.0, 0.0, 0.0, 0.0, 0.0, 0.0, 0.0, 0.0, 0.0, 0.0, 0.0, 0.0, 0.0, 0.0, 0.0, 0.0, 0.0, 0.0, 0.0, 0.0, 0.0, 0.0, 0.0, 0.0, 0.0, 0.0, 0.0, 0.0, 0.0, 0.0, 0.0, 0.0, 0.0, 0.0, 0.0, 0.0, 0.0, 0.0, 0.0, 0.0, 0.0, 0.0, 0.0, 0.0, 0.0, 0.0, 0.0, 0.0, 0.0, 0.0, 0.0, 0.0, 0.0, 0.0, 0.0, 0.0, 0.0, 0.0, 0.0, 0.0, 0.0, 0.0, 0.0, 0.0, 0.0, 0.0, 0.0, 0.0, 0.0, 0.0, 0.0, 0.0, 0.0, 0.0, 0.0, 0.0, 0.0, 0.0, 0.0, 0.0, 0.0, 0.0, 0.0, 0.0, 0.0, 0.0, 0.0, 0.0, 0.0, 0.0, 0.0, 0.0, 0.0, 0.0, 0.0, 0.0, 0.0, 0.0, 0.0, 0.0, 0.0, 0.0, 0.0, 0.0, 0.0, 0.0, 0.0, 0.0, 0.0, 0.0, 0.0, 0.0, 0.0, 0.0], "tonal.chords_histogram": [18.865739822387695, 17.939815521240234, 40.50925827026367, 4.976851940155029, 0.0, 0.0, 0.0, 2.6620371341705322, 0.0, 0.0, 0.0, 0.0, 0.0, 0.0, 0.0, 0.0, 0.0, 0.0, 4.976851940155029, 0.0, 0.0, 0.0, 0.0, 10.06944465637207], "tonal.thpcp": [1.0, 0.28671395778656006, 0.21151675283908844, 0.3207000494003296, 0.16388320922851562, 0.06625376641750336, 0.07632821798324585, 0.06868128478527069, 0.3721751868724823, 0.5134304165840149, 0.1987399011850357, 0.064747653901577, 0.06284178048372269, 0.08488989621400833, 0.4315970540046692, 0.6228809952735901, 0.2928672730922699, 0.06463076174259186, 0.039506230503320694, 0.07943151891231537, 0.5599946975708008, 0.6807199716567993, 0.30581873655319214, 0.5570898056030273, 0.6219286918640137, 0.26464611291885376, 0.13846923410892487, 0.11717765033245087, 0.12265338003635406, 0.15710903704166412, 0.15784388780593872, 0.13087506592273712, 0.1113121286034584, 0.11183471232652664, 0.16479448974132538, 0.8404592871665955], "lowlevel.gfcc.cov": [[8595.0302734375, -1632.4071044921875, -1493.7874755859375, 217.82965087890625, -1288.346923828125, -172.7382354736328, -1172.517578125, -258.1438903808594, -1166.4483642578125, -124.60089874267578, -623.51318359375, 111.6389389038086, -394.6573486328125], [-1632.4071044921875, 1236.818603515625, 22.42661476135254, -119.01614379882812, 292.79022216796875, 7.214372158050537, 428.5894775390625, 2.0267982482910156, 302.53448486328125, -93.0685043334961, 234.29554748535156, -121.18736267089844, 109.94734954833984], [-1493.7874755859375, 22.42661476135254, 989.46044921875, 58.25596618652344, 476.15032958984375, 163.91802978515625, 412.98626708984375, 267.1497497558594, 324.8978576660156, 283.6257019042969, 155.3469696044922, 59.838138580322266, 70.91480255126953], [217.82965087890625, -119.01614379882812, 58.25596618652344, 371.59649658203125, 88.07777404785156, 8.543750762939453, -141.3909454345703, -73.37882232666016, 11.934225082397461, -14.368751525878906, -38.188968658447266, 23.364103317260742, 65.2950210571289], [-1288.346923828125, 292.79022216796875, 476.15032958984375, 88.07777404785156, 475.15936279296875, 94.8838119506836, 282.8494567871094, 98.25576782226562, 274.7640686035156, 117.5232162475586, 131.56336975097656, -0.05929206311702728, 68.99507904052734], [-172.7382354736328, 7.214372158050537, 163.91802978515625, 8.543750762939453, 94.8838119506836, 173.0350799560547, 154.2755584716797, 63.06596374511719, 46.764102935791016, 28.04863739013672, 40.1281852722168, 4.656402111053467, -3.7407259941101074], [-1172.517578125, 428.5894775390625, 412.98626708984375, -141.3909454345703, 282.8494567871094, 154.2755584716797, 737.5291748046875, 341.11676025390625, 276.4631042480469, 228.51210021972656, 242.6448516845703, -27.202964782714844, 29.157817840576172], [-258.1438903808594, 2.0267982482910156, 267.1497497558594, -73.37882232666016, 98.25576782226562, 63.06596374511719, 341.11676025390625, 285.7188415527344, 114.01798248291016, 183.828369140625, 104.72310638427734, 14.02729606628418, 1.702375054359436], [-1166.4483642578125, 302.53448486328125, 324.8978576660156, 11.934225082397461, 274.7640686035156, 46.764102935791016, 276.4631042480469, 114.01798248291016, 309.74896240234375, 128.0271453857422, 144.92822265625, -15.324349403381348, 60.392730712890625], [-124.60089874267578, -93.0685043334961, 283.6257019042969, -14.368751525878906, 117.5232162475586, 28.04863739013672, 228.51210021972656, 183.828369140625, 128.0271453857422, 313.8352966308594, 108.76128387451172, 22.30784797668457, -21.79911231994629], [-623.51318359375, 234.29554748535156, 155.3469696044922, -38.188968658447266, 131.56336975097656, 40.1281852722168, 242.6448516845703, 104.72310638427734, 144.92822265625, 108.76128387451172, 181.31805419921875, 15.720507621765137, 21.875980377197266], [111.6389389038086, -121.18736267089844, 59.838138580322266, 23.364103317260742, -0.05929206311702728, 4.656402111053467, -27.202964782714844, 14.02729606628418, -15.324349403381348, 22.30784797668457, 15.720507621765137, 88.7503433227539, 14.922128677368164], [-394.6573486328125, 109.94734954833984, 70.91480255126953, 65.2950210571289, 68.99507904052734, -3.7407259941101074, 29.157817840576172, 1.702375054359436, 60.392730712890625, -21.79911231994629, 21.875980377197266, 14.922128677368164, 108.0475845336914]], "lowlevel.gfcc.icov": [[0.000498990120831877, -0.00039386071148328483, 0.000473533000331372, -0.0006685270927846432, 0.00045976380351930857, -0.0005715418956242502, 0.00047563776024617255, -0.0008996083633974195, 0.0010338715510442853, -0.0009720542002469301, 0.001067649689503014, -0.0009294870542362332, 0.0010272727813571692], [-0.00039386071148328483, 0.0035663549788296223, 0.00021403789287433028, 0.0012450588401407003, -0.0014577567344531417, 0.0018985867500305176, -0.0024176037404686213, 0.002842053072527051, -0.0018007095204666257, 0.0029205470345914364, -0.003986954223364592, 0.00367738283239305, -0.002461255295202136], [0.000473533000331372, 0.00021403789287433028, 0.0037869936786592007, -0.0001954094914253801, -0.002083604224026203, -0.001715641119517386, 0.0004768091603182256, -0.0019410946406424046, -0.00022517141769640148, -0.0018864807207137346, 0.0019439447205513716, -0.002167418831959367, -3.1559084163745865e-05], [-0.0006685270927846432, 0.0012450588401407003, -0.0001954094914253801, 0.005135948769748211, -0.0022377886343747377, -0.00010266245226375759, 0.00037422715104185045, 0.0018496494740247726, -0.0013482490321621299, 0.0006449974025599658, -0.0015074594411998987, 0.001766280154697597, -0.0044440352357923985], [0.00045976380351930857, -0.0014577567344531417, -0.002083604224026203, -0.0022377886343747377, 0.007703012321144342, -0.0012056627310812473, -0.0002476500521879643, 0.0005946168676018715, -0.001927349017933011, -0.0009058151626959443, 0.0014301200862973928, -0.0013321953592821956, 0.0017684336053207517], [-0.0005715418956242502, 0.0018985867500305176, -0.001715641119517386, -0.00010266245226375759, -0.0012056627310812473, 0.010202336125075817, -0.00419282354414463, 0.002754331100732088, -0.0004081964725628495, 0.0038416569586843252, -0.00252694939263165, 0.0015353901544585824, 0.0006824634619988501], [0.00047563776024617255, -0.0024176037404686213, 0.0004768091603182256, 0.00037422715104185045, -0.0002476500521879643, -0.00419282354414463, 0.008408314548432827, -0.00758679723367095, 0.0010572291212156415, -0.0022505621891468763, -0.0009428695775568485, 0.0004910649149678648, 0.000599867373239249], [-0.0008996083633974195, 0.002842053072527051, -0.0019410946406424046, 0.0018496494740247726, 0.0005946168676018715, 0.002754331100732088, -0.00758679723367095, 0.0147859500721097, -0.0020941358525305986, 2.6971561965183355e-05, -0.0022489342372864485, 0.001575189526192844, -0.00307792192324996], [0.0010338715510442853, -0.0018007095204666257, -0.00022517141769640148, -0.0013482490321621299, -0.001927349017933011, -0.0004081964725628495, 0.0010572291212156415, -0.0020941358525305986, 0.01290680281817913, -0.0037638735957443714, -0.0010146473068743944, 0.0008354636956937611, -0.00034797016996890306], [-0.0009720542002469301, 0.0029205470345914364, -0.0018864807207137346, 0.0006449974025599658, -0.0009058151626959443, 0.0038416569586843252, -0.0022505621891468763, 2.6971561965183355e-05, -0.0037638735957443714, 0.0105435186997056, -0.006231491453945637, 0.0031011668033897877, 0.0007086360128596425], [0.001067649689503014, -0.003986954223364592, 0.0019439447205513716, -0.0015074594411998987, 0.0014301200862973928, -0.00252694939263165, -0.0009428695775568485, -0.0022489342372864485, -0.0010146473068743944, -0.006231491453945637, 0.019426224753260612, -0.0101665323600173, 0.003661882830783725], [-0.0009294870542362332, 0.00367738283239305, -0.002167418831959367, 0.001766280154697597, -0.0013321953592821956, 0.0015353901544585824, 0.0004910649149678648, 0.001575189526192844, 0.0008354636956937611, 0.0031011668033897877, -0.0101665323600173, 0.020559635013341904, -0.0066578080877661705], [0.0010272727813571692, -0.002461255295202136, -3.1559084163745865e-05, -0.0044440352357923985, 0.0017684336053207517, 0.0006824634619988501, 0.000599867373239249, -0.00307792192324996, -0.00034797016996890306, 0.0007086360128596425, 0.003661882830783725, -0.0066578080877661705, 0.01751481182873249]], "lowlevel.mfcc.cov": [[8940.1259765625, -1694.196533203125, -927.7244262695312, -233.3315887451172, -534.04736328125, -500.06805419921875, -494.373046875, -600.6817626953125, -735.8726196289062, -743.2058715820312, -611.7410888671875, -540.3983154296875, -520.4180297851562], [-1694.196533203125, 1118.759765625, -4.904979705810547, -1.7160001993179321, -61.94050598144531, 94.02765655517578, 198.37928771972656, 197.88430786132812, 136.59559631347656, 221.09207153320312, 183.54592895507812, 147.5628662109375, 128.99169921875], [-927.7244262695312, -4.904979705810547, 425.8437805175781, 77.71342468261719, 126.2843017578125, 98.92967224121094, 128.14830017089844, 82.51378631591797, 161.17019653320312, 130.19540405273438, 127.72686767578125, 100.03353881835938, 89.30491638183594], [-233.3315887451172, -1.7160001993179321, 77.71342468261719, 298.78240966796875, 135.94154357910156, 79.24589538574219, 12.463729858398438, -9.796562194824219, 74.651611328125, 59.18341064453125, 42.19612503051758, 40.703025817871094, 16.485260009765625], [-534.04736328125, -61.94050598144531, 126.2843017578125, 135.94154357910156, 357.4363708496094, 122.33265686035156, -114.13349914550781, -5.714245796203613, 28.948575973510742, -23.098342895507812, -73.98388671875, 13.11622428894043, 8.353368759155273], [-500.06805419921875, 94.02765655517578, 98.92967224121094, 79.24589538574219, 122.33265686035156, 192.7238006591797, 52.21391677856445, 50.35443115234375, 54.62385940551758, 65.71116638183594, 46.06985855102539, 55.071468353271484, 30.155851364135742], [-494.373046875, 198.37928771972656, 128.14830017089844, 12.463729858398438, -114.13349914550781, 52.21391677856445, 337.4322509765625, 137.15231323242188, 127.95787811279297, 188.8333740234375, 227.1781768798828, 101.70337677001953, 70.06623077392578], [-600.6817626953125, 197.88430786132812, 82.51378631591797, -9.796562194824219, -5.714245796203613, 50.35443115234375, 137.15231323242188, 198.5617218017578, 86.09381103515625, 79.18223571777344, 57.13529586791992, 44.3267936706543, 49.53372573852539], [-735.8726196289062, 136.59559631347656, 161.17019653320312, 74.651611328125, 28.948575973510742, 54.62385940551758, 127.95787811279297, 86.09381103515625, 199.59951782226562, 152.77684020996094, 116.2640609741211, 76.4983139038086, 73.75941467285156], [-743.2058715820312, 221.09207153320312, 130.19540405273438, 59.18341064453125, -23.098342895507812, 65.71116638183594, 188.8333740234375, 79.18223571777344, 152.77684020996094, 258.065185546875, 208.81956481933594, 106.83081817626953, 59.31615447998047], [-611.7410888671875, 183.54592895507812, 127.72686767578125, 42.19612503051758, -73.98388671875, 46.06985855102539, 227.1781768798828, 57.13529586791992, 116.2640609741211, 208.81956481933594, 330.8664855957031, 157.18699645996094, 68.47607421875], [-540.3983154296875, 147.5628662109375, 100.03353881835938, 40.703025817871094, 13.11622428894043, 55.071468353271484, 101.70337677001953, 44.3267936706543, 76.4983139038086, 106.83081817626953, 157.18699645996094, 165.92529296875, 85.06480407714844], [-520.4180297851562, 128.99169921875, 89.30491638183594, 16.485260009765625, 8.353368759155273, 30.155851364135742, 70.06623077392578, 49.53372573852539, 73.75941467285156, 59.31615447998047, 68.47607421875, 85.06480407714844, 178.8875732421875]], "lowlevel.mfcc.icov": [[0.0003057023568544537, 0.000337419769493863, 0.0002961413701996207, -0.00017554500664118677, 0.00040353662916459143, 4.011086275568232e-05, -0.00028948401450179517, 0.00031345890602096915, 0.00035087805008515716, 0.0001735369150992483, 0.00023931314353831112, -6.901590495544951e-06, 0.00022481853375211358], [0.000337419769493863, 0.001800179947167635, 0.00108222512062639, -6.075343117117882e-05, 0.0005609242361970246, -0.000343053019605577, -2.7211768610868603e-05, -0.0008002569666132331, 0.0003197639889549464, -0.000807677861303091, 0.0002806228876579553, -0.0005903228302486241, -0.0002779799106065184], [0.0002961413701996207, 0.00108222512062639, 0.004936969373375177, 0.00039156858110800385, -0.0014074465725570917, -0.00032128943712450564, -0.0011905168648809195, -0.00010642003326211125, -0.002157163806259632, 0.00017605299944989383, -0.0004366226203273982, -0.0005110992351546884, -0.0005626791389659047], [-0.00017554500664118677, -6.075343117117882e-05, 0.00039156858110800385, 0.004934161435812712, -0.0020665270276367664, -0.0007369834929704666, -0.0003284984268248081, 0.0010919537162408233, -0.002046590205281973, -0.00024373071209993213, -0.00046797815593890846, -0.00015876333054620773, 0.0001092745442292653], [0.00040353662916459143, 0.0005609242361970246, -0.0014074465725570917, -0.0020665270276367664, 0.007072265259921551, -0.003149844706058502, 0.00286802276968956, -0.00040981394704431295, 0.0003334033244755119, 0.00023730468819849193, 0.0014221383025869727, -0.0009158203029073775, 0.0005283954087644815], [4.011086275568232e-05, -0.000343053019605577, -0.00032128943712450564, -0.0007369834929704666, -0.003149844706058502, 0.00874803401529789, -0.0017157887341454625, -0.0006230942672118545, 0.0011659528827294707, -0.0011042950209230185, 0.0006553474231623113, -0.0012460116995498538, 0.0003363932191859931], [-0.00028948401450179517, -2.7211768610868603e-05, -0.0011905168648809195, -0.0003284984268248081, 0.00286802276968956, -0.0017157887341454625, 0.010143053717911243, -0.004672990646213293, -0.0006078475853428245, -0.0019309710478410125, -0.004293176345527172, 0.001243374077603221, -0.0007784495828673244], [0.00031345890602096915, -0.0008002569666132331, -0.00010642003326211125, 0.0010919537162408233, -0.00040981394704431295, -0.0006230942672118545, -0.004672990646213293, 0.009952564723789692, -0.0019447952508926392, 0.0010621723486110568, 0.0025374109391123056, -0.0003678922075778246, 0.00029341946355998516], [0.00035087805008515716, 0.0003197639889549464, -0.002157163806259632, -0.002046590205281973, 0.0003334033244755119, 0.0011659528827294707, -0.0006078475853428245, -0.0019447952508926392, 0.013662004843354225, -0.0058017005212605, 0.0013748306082561612, 0.00013516045873984694, -0.0016797693679109216], [0.0001735369150992483, -0.000807677861303091, 0.00017605299944989383, -0.00024373071209993213, 0.00023730468819849193, -0.0011042950209230185, -0.0019309710478410125, 0.0010621723486110568, -0.0058017005212605, 0.013145563192665577, -0.004656761419028044, 0.0004643212305381894, 0.0012541806790977716], [0.00023931314353831112, 0.0002806228876579553, -0.0004366226203273982, -0.00046797815593890846, 0.0014221383025869727, 0.0006553474231623113, -0.004293176345527172, 0.0025374109391123056, 0.0013748306082561612, -0.004656761419028044, 0.011732314713299274, -0.006896595936268568, 0.0013227217132225633], [-6.901590495544951e-06, -0.0005903228302486241, -0.0005110992351546884, -0.00015876333054620773, -0.0009158203029073775, -0.00124