{"song_id": "1183719213454606376", "download": "https://cdn.discordapp.com/attachments/1135903449314238464/1183719213454606376/chirp.mp4?ex=65895b6c&amp", "lyrics": "I'm driving my lowride while your baby is sleeping in the back and I'm smoking and not smoking and you're sleeping in your house forgetting about everything", "style": ["random"], "essentia_features": {"lowlevel.average_loudness": 0.9752874374389648, "lowlevel.barkbands_crest.mean": 17.25193214416504, "lowlevel.barkbands_crest.stdev": 4.5523271560668945, "lowlevel.barkbands_flatness_db.mean": 0.3045506179332733, "lowlevel.barkbands_flatness_db.stdev": 0.08894935250282288, "lowlevel.barkbands_kurtosis.mean": 92.95589447021484, "lowlevel.barkbands_kurtosis.stdev": 92.02228546142578, "lowlevel.barkbands_skewness.mean": 6.516413688659668, "lowlevel.barkbands_skewness.stdev": 3.056856632232666, "lowlevel.barkbands_spread.mean": 5.241073131561279, "lowlevel.barkbands_spread.stdev": 9.387328147888184, "lowlevel.dissonance.mean": 0.4506374001502991, "lowlevel.dissonance.stdev": 0.025877125561237335, "lowlevel.dynamic_complexity": 2.382171154022217, "lowlevel.erbbands_crest.mean": 12.659296989440918, "lowlevel.erbbands_crest.stdev": 5.169294834136963, "lowlevel.erbbands_flatness_db.mean": 0.16435694694519043, "lowlevel.erbbands_flatness_db.stdev": 0.0475146546959877, "lowlevel.erbbands_kurtosis.mean": 8.180145263671875, "lowlevel.erbbands_kurtosis.stdev": 13.51701545715332, "lowlevel.erbbands_skewness.mean": 2.21319317817688, "lowlevel.erbbands_skewness.stdev": 1.6281051635742188, "lowlevel.erbbands_spread.mean": 45.2050895690918, "lowlevel.erbbands_spread.stdev": 30.75239372253418, "lowlevel.hfc.mean": 11.802949905395508, "lowlevel.hfc.stdev": 9.639585494995117, "lowlevel.loudness_ebu128.integrated": -14.213807106018066, "lowlevel.loudness_ebu128.loudness_range": 2.2797346115112305, "lowlevel.loudness_ebu128.momentary.mean": -14.439403533935547, "lowlevel.loudness_ebu128.momentary.stdev": 1.4739738702774048, "lowlevel.loudness_ebu128.short_term.mean": -14.228970527648926, "lowlevel.loudness_ebu128.short_term.stdev": 0.7827399373054504, "lowlevel.melbands_crest.mean": 20.53944969177246, "lowlevel.melbands_crest.stdev": 4.473835468292236, "lowlevel.melbands_flatness_db.mean": 0.3949607312679291, "lowlevel.melbands_flatness_db.stdev": 0.10530078411102295, "lowlevel.melbands_kurtosis.mean": 130.3700714111328, "lowlevel.melbands_kurtosis.stdev": 86.7314682006836, "lowlevel.melbands_skewness.mean": 6.9405717849731445, "lowlevel.melbands_skewness.stdev": 2.6274213790893555, "lowlevel.melbands_spread.mean": 3.143903970718384, "lowlevel.melbands_spread.stdev": 6.074713706970215, "lowlevel.pitch_salience.mean": 0.35720038414001465, "lowlevel.pitch_salience.stdev": 0.15713657438755035, "lowlevel.silence_rate_20dB.mean": 0.9964768290519714, "lowlevel.silence_rate_20dB.stdev": 0.059251733124256134, "lowlevel.silence_rate_30dB.mean": 0.7281268239021301, "lowlevel.silence_rate_30dB.stdev": 0.4449244737625122, "lowlevel.silence_rate_60dB.mean": 0.0017615972319617867, "lowlevel.silence_rate_60dB.stdev": 0.04193435236811638, "lowlevel.spectral_centroid.mean": 413.0650329589844, "lowlevel.spectral_centroid.stdev": 469.77093505859375, "lowlevel.spectral_complexity.mean": 6.304756164550781, "lowlevel.spectral_complexity.stdev": 3.473654270172119, "lowlevel.spectral_decrease.mean": -2.0895196684023176e-08, "lowlevel.spectral_decrease.stdev": 1.863246090749726e-08, "lowlevel.spectral_energy.mean": 0.07993384450674057, "lowlevel.spectral_energy.stdev": 0.0708695575594902, "lowlevel.spectral_energyband_high.mean": 0.000383705337299034, "lowlevel.spectral_energyband_high.stdev": 0.0010028977412730455, "lowlevel.spectral_energyband_low.mean": 0.07015730440616608, "lowlevel.spectral_energyband_low.stdev": 0.07084228843450546, "lowlevel.spectral_energyband_middle_high.mean": 0.0003514547133818269, "lowlevel.spectral_energyband_middle_high.stdev": 0.0004972624592483044, "lowlevel.spectral_energyband_middle_low.mean": 0.013815827667713165, "lowlevel.spectral_energyband_middle_low.stdev": 0.014977463521063328, "lowlevel.spectral_entropy.mean": 6.742665767669678, "lowlevel.spectral_entropy.stdev": 0.7761973738670349, "lowlevel.spectral_flux.mean": 0.08361822366714478, "lowlevel.spectral_flux.stdev": 0.07971672713756561, "lowlevel.spectral_kurtosis.mean": 5.132189750671387, "lowlevel.spectral_kurtosis.stdev": 4.3046393394470215, "lowlevel.spectral_rms.mean": 0.008056855760514736, "lowlevel.spectral_rms.stdev": 0.003615414723753929, "lowlevel.spectral_rolloff.mean": 259.0434265136719, "lowlevel.spectral_rolloff.stdev": 638.7037353515625, "lowlevel.spectral_skewness.mean": 1.869094729423523, "lowlevel.spectral_skewness.stdev": 0.7546318769454956, "lowlevel.spectral_spread.mean": 5179302.0, "lowlevel.spectral_spread.stdev": 1276066.625, "lowlevel.spectral_strongpeak.mean": 0.8068822622299194, "lowlevel.spectral_strongpeak.stdev": 0.4997279644012451, "lowlevel.zerocrossingrate.mean": 0.01756894960999489, "lowlevel.zerocrossingrate.stdev": 0.015809891745448112, "metadata.audio_properties.analysis.equal_loudness": 0.0, "metadata.audio_properties.analysis.length": 39.508277893066406, "metadata.audio_properties.analysis.sample_rate": 44100.0, "metadata.audio_properties.analysis.start_time": 0.0, "metadata.audio_properties.bit_rate": 116592.0, "metadata.audio_properties.length": 39.509334564208984, "metadata.audio_properties.lossless": 0.0, "metadata.audio_properties.number_channels": 1.0, "metadata.audio_properties.replay_gain": -9.944124221801758, "metadata.audio_properties.sample_rate": 48000.0, "rhythm.beats_count": 74.0, "rhythm.beats_loudness.mean": 0.0814354345202446, "rhythm.beats_loudness.stdev": 0.04242418333888054, "rhythm.bpm": 114.1549072265625, "rhythm.bpm_histogram_first_peak_bpm": 115.0, "rhythm.bpm_histogram_first_peak_weight": 0.5352112650871277, "rhythm.bpm_histogram_second_peak_bpm": 101.0, "rhythm.bpm_histogram_second_peak_spread": 0.5, "rhythm.bpm_histogram_second_peak_weight": 0.013698630034923553, "rhythm.danceability": 1.576903223991394, "rhythm.onset_rate": 3.871422052383423, "tonal.chords_changes_rate": 0.023474179208278656, "tonal.chords_number_rate": 0.007042253389954567, "tonal.chords_strength.mean": 0.5883178114891052, "tonal.chords_strength.stdev": 0.07397742569446564, "tonal.hpcp_crest.mean": 18.926340103149414, "tonal.hpcp_crest.stdev": 9.094269752502441, "tonal.hpcp_entropy.mean": 1.5424981117248535, "tonal.hpcp_entropy.stdev": 0.876369297504425, "tonal.key_edma.strength": 0.8140954375267029, "tonal.key_krumhansl.strength": 0.8140561580657959, "tonal.key_temperley.strength": 0.8031489253044128, "tonal.tuning_diatonic_strength": 0.6608974933624268, "tonal.tuning_equal_tempered_deviation": 0.0796256884932518, "tonal.tuning_frequency": 437.4657897949219, "tonal.tuning_nontempered_energy_ratio": 0.6862459182739258, "lowlevel.barkbands.mean": [0.0003790288174059242, 0.03933735936880112, 0.02568252943456173, 0.006786504294723272, 0.005625868681818247, 0.000781823240686208, 0.00023798301117494702, 0.0002288545510964468, 0.00012047352356603369, 7.682858995394781e-05, 5.1075341616524383e-05, 5.092568608233705e-05, 3.5540440876502544e-05, 2.595274600025732e-05, 1.857016104622744e-05, 1.6176696590264328e-05, 1.5488107237615623e-05, 1.637672357901465e-05, 3.62304417649284e-05, 5.981561844237149e-05, 0.00010251721687382087, 9.511510143056512e-05, 9.661334479460493e-05, 2.7535892513697036e-05, 2.1180232579354197e-05, 7.4772465268324595e-06, 1.6662984325677144e-09], "lowlevel.barkbands.stdev": [0.0012106724316254258, 0.05633702129125595, 0.04031430929899216, 0.008404414169490337, 0.010360152460634708, 0.0009779062820598483, 0.00041672890074551105, 0.0005400073132477701, 0.0002560723514761776, 0.00021468577324412763, 0.00010972817108267918, 8.487315062666312e-05, 5.029223029850982e-05, 3.535877476679161e-05, 3.187199035892263e-05, 2.1457502953126095e-05, 2.1263273083604872e-05, 2.9621762223541737e-05, 7.068439299473539e-05, 0.0001704343594610691, 0.00032066518906503916, 0.000277317245490849, 0.0002957559481728822, 6.0822847444796935e-05, 4.6010303776711226e-05, 1.543928010505624e-05, 7.34092875376291e-09], "lowlevel.erbbands.mean": [0.756096363067627, 10.057735443115234, 26.681997299194336, 32.71171569824219, 25.084171295166016, 12.46604061126709, 3.4001400470733643, 8.920873641967773, 4.398865222930908, 4.847591400146484, 3.183910608291626, 3.301994562149048, 2.6182754039764404, 2.0351996421813965, 2.0969595909118652, 2.15145206451416, 1.8062419891357422, 1.2938064336776733, 1.2697147130966187, 0.7662893533706665, 0.9812480211257935, 0.8717238903045654, 0.8466404676437378, 1.7242294549942017, 1.9347972869873047, 2.6405303478240967, 4.062253952026367, 3.7002387046813965, 3.4569132328033447, 4.16313362121582, 1.9795719385147095, 0.5514015555381775, 0.5424251556396484, 0.30881670117378235, 0.11312192678451538, 0.04772920161485672, 0.011610463261604309, 0.0005167180206626654, 4.9427238991484046e-05, 8.840418740874156e-05], "lowlevel.erbbands.stdev": [1.4686437845230103, 13.64627456665039, 34.65888595581055, 52.313072204589844, 40.75092697143555, 20.17439842224121, 3.9993832111358643, 11.549141883850098, 6.586110591888428, 11.498446464538574, 7.965451717376709, 6.838568210601807, 6.420476913452148, 6.474357604980469, 4.027825832366943, 3.289768934249878, 2.4472124576568604, 1.5610471963882446, 2.2845957279205322, 0.9857975244522095, 1.3018488883972168, 1.1805518865585327, 1.4839249849319458, 3.049520254135132, 4.442709922790527, 7.274861812591553, 12.853621482849121, 11.390349388122559, 10.072340965270996, 13.503205299377441, 5.5125885009765625, 1.355530023574829, 1.1384731531143188, 0.7198957800865173, 0.2214847058057785, 0.10026700794696808, 0.023589015007019043, 0.0008242130861617625, 3.680433292174712e-05, 7.632889173692092e-05], "lowlevel.gfcc.mean": [-58.09340286254883, 112.6738510131836, -50.814613342285156, 61.629241943359375, -49.041072845458984, 23.84593963623047, -28.545860290527344, -0.49533867835998535, -26.52893829345703, 1.4424244165420532, -17.173202514648438, -6.725168704986572, -13.37901782989502], "lowlevel.melbands.mean": [0.009083247743546963, 0.014153951779007912, 0.005351718049496412, 0.0014409181894734502, 0.00014555564848706126, 0.00018075114348903298, 6.0869155277032405e-05, 5.391157901613042e-05, 2.2121743313618936e-05, 2.0984496586606838e-05, 1.25199858302949e-05, 8.13736278360011e-06, 6.706488875352079e-06, 5.868444077350432e-06, 5.187976512388559e-06, 3.2571956580795813e-06, 2.343627329537412e-06, 2.196788500441471e-06, 1.2358224239505944e-06, 9.386815804646176e-07, 1.211687276736484e-06, 9.219539265359344e-07, 7.465670819328807e-07, 7.751529551569547e-07, 1.498942310718121e-06, 1.2578340147229028e-06, 1.7422333939975942e-06, 1.7045070990207023e-06, 2.364455667702714e-06, 2.943712388514541e-06, 1.773855728970375e-06, 1.96627320292464e-06, 1.8030593764706282e-06, 2.6632844765117625e-06, 1.3234487141744466e-06, 4.934570938530669e-07, 2.585911147434672e-07, 4.0715758586884476e-07, 2.913897674261534e-07, 2.61729610429029e-07], "lowlevel.melbands.stdev": [0.014576886780560017, 0.015300794504582882, 0.0073900725692510605, 0.002562788547948003, 0.00017550442134961486, 0.00022800880833528936, 9.567017696099356e-05, 0.00013181945541873574, 5.865182538400404e-05, 4.473739318200387e-05, 3.23214553645812e-05, 2.8115551685914397e-05, 1.36371245389455e-05, 1.0783233847178053e-05, 7.227813057397725e-06, 4.5933734327263664e-06, 2.941399316114257e-06, 4.151257144258125e-06, 1.8454729797667824e-06, 1.289167812501546e-06, 1.6493645489390474e-06, 1.2521209100668784e-06, 1.3175457524994272e-06, 1.412536562384048e-06, 2.674737743291189e-06, 2.8454703624447575e-06, 4.935591277899221e-06, 4.823767540074186e-06, 8.300716217490844e-06, 9.925224730977789e-06, 5.294557013257872e-06, 5.9747476370830555e-06, 5.420595243776916e-06, 9.166834388452116e-06, 3.884673333232058e-06, 1.2567031717480859e-06, 6.335054649753147e-07, 8.772622095420957e-07, 6.028965344739845e-07, 6.864167403364263e-07], "lowlevel.melbands128.mean": [0.00034272304037585855, 0.004106017295271158, 0.012983979657292366, 0.01817176677286625, 0.013936304487287998, 0.013329632580280304, 0.0072260573506355286, 0.002583115827292204, 0.0027019029948860407, 0.0017888233996927738, 0.0003652327286545187, 0.00016563285316806287, 6.31791481282562e-05, 0.00011636067210929468, 0.00028889186796732247, 0.000145151891047135, 8.288839308079332e-05, 4.385293141240254e-05, 3.4929602406919e-05, 6.008900163578801e-05, 6.608208059333265e-05, 2.3386206521536224e-05, 2.2274507500696927e-05, 1.0015217412728816e-05, 2.159901305276435e-05, 2.884988316509407e-05, 9.862788829195779e-06, 1.4832434317213483e-05, 8.693273230164777e-06, 9.454244718654081e-06, 7.257818651851267e-06, 7.068017112032976e-06, 5.724427410314092e-06, 8.5528790805256e-06, 4.811216967937071e-06, 5.599588348559337e-06, 6.013477559463354e-06, 5.829842393723084e-06, 4.172499302512733e-06, 4.031287517136661e-06, 3.272818503319286e-06, 1.6787698768894188e-06, 1.9857702682202216e-06, 3.1766044230607804e-06, 2.2922627067600843e-06, 2.155068386855419e-06, 1.8319650507692131e-06, 1.2988203934582998e-06, 9.72376938079833e-07, 8.594106475356966e-07, 8.696866871105158e-07, 1.087959958567808e-06, 1.2714492640952813e-06, 1.1853569503728068e-06, 1.1778191719713504e-06, 8.519513130522682e-07, 7.952580176606716e-07, 7.779401585139567e-07, 7.270936634995451e-07, 6.874125233480299e-07, 6.907454235260957e-07, 8.61431146859104e-07, 1.3831382830176153e-06, 1.8802351178237586e-06, 1.2771865840477403e-06, 1.3322817267180653e-06, 1.0990796681653592e-06, 1.3146227502147667e-06, 2.360355892960797e-06, 1.6439714727312094e-06, 1.458100086892955e-06, 1.6951767065620515e-06, 2.349584065086674e-06, 2.5565557280060602e-06, 2.2850113055028487e-06, 3.0284063541330397e-06, 3.5960038076154888e-06, 1.9631754639704013e-06, 1.3691925460079801e-06, 1.581033529873821e-06, 2.0380994101287797e-06, 2.2120107132650446e-06, 1.7814650163927581e-06, 1.5705419400546816e-06, 1.8930822989204898e-06, 2.581688022473827e-06, 3.3324965897918446e-06, 2.1845112314622384e-06, 1.147818466051831e-06, 7.067554292916611e-07, 5.977262844680808e-07, 4.710713881195261e-07, 2.4811879484332167e-07, 1.9559763586585177e-07, 2.7962289550487185e-07, 3.9789790662325686e-07, 4.391847596707521e-07, 4.4459432047005976e-07, 2.5334517772535037e-07, 2.529589551159006e-07, 2.384654180787038e-07, 3.267264503392653e-07, 2.0207934881000256e-07, 1.3976615775845858e-07, 9.300779879595211e-08, 1.1980117164966941e-07, 8.818037144919799e-08, 8.56494040135658e-08, 8.817979590958203e-08, 7.644125332717522e-08, 6.1003042617358e-08, 5.3210968076200515e-08, 3.408203497201612e-08, 1.7003920049774024e-08, 8.750723701211882e-09, 6.353826909055726e-10, 3.44185929757046e-11, 6.694590194700201e-12, 5.650743328117214e-12, 5.1939047680804595e-12, 5.002843191798112e-12, 4.807427025910194e-12, 4.6592647275078836e-12, 4.5752754883332525e-12, 4.470475638979066e-12, 4.326479279004314e-12, 4.2454221561849526e-12, 4.215990404010661e-12], "lowlevel.melbands128.stdev": [0.0011701356852427125, 0.010013020597398281, 0.024759430438280106, 0.02502894401550293, 0.018970411270856857, 0.02263648249208927, 0.012841206043958664, 0.0029975827783346176, 0.005283023696392775, 0.00354045070707798, 0.0005607233615592122, 0.00029308084049262106, 0.00010355330596212298, 0.00017078632663469762, 0.0004175187787041068, 0.0002158318238798529, 0.0001632721978239715, 8.788805280346423e-05, 0.00010323591413907707, 0.00016999208310153335, 0.00018024812743533403, 7.124122930690646e-05, 8.604443428339437e-05, 3.034461406059563e-05, 4.968158827978186e-05, 6.924880290171131e-05, 2.8389329600031488e-05, 4.898663246422075e-05, 3.39723628712818e-05, 4.17943847423885e-05, 2.432540713925846e-05, 2.0378582121338695e-05, 1.2775040886481293e-05, 1.9371793314348906e-05, 1.2366982446110342e-05, 1.3216113075031899e-05, 1.0126567758561578e-05, 9.729425073601305e-06, 7.795548299327493e-06, 6.797252353862859e-06, 5.3252479119692e-06, 2.7603873604675755e-06, 3.014708227055962e-06, 4.827508746529929e-06, 4.375982371129794e-06, 6.295966613834025e-06, 3.6880771858704975e-06, 2.329395783817745e-06, 1.5744856227684068e-06, 1.309313233832654e-06, 1.3915205272496678e-06, 1.998231482502888e-06, 1.983172751351958e-06, 1.8015895193457254e-06, 1.9661754322441993e-06, 1.2980078736291034e-06, 1.3284146689329646e-06, 1.4448063438976533e-06, 1.5610609125360497e-06, 1.4237451750886976e-06, 1.4566819572792156e-06, 1.642874281060358e-06, 2.8871847916889237e-06, 3.5096361443720525e-06, 2.8492120236478513e-06, 3.5296900477987947e-06, 2.74703143077204e-06, 3.878148618241539e-06, 7.352591183007462e-06, 6.87536567056668e-06, 4.142144462093711e-06, 5.33357888343744e-06, 1.0098527127411216e-05, 1.0505257705517579e-05, 7.052541604934959e-06, 1.0402112820884213e-05, 1.5218974112940487e-05, 6.400731308531249e-06, 4.304166395741049e-06, 5.439119377115276e-06, 6.955274784559151e-06, 8.310688826895785e-06, 5.706556748918956e-06, 4.8581005103187636e-06, 7.74565341998823e-06, 9.16467615752481e-06, 1.3489972843672149e-05, 7.362112228292972e-06, 3.4580052670207806e-06, 1.738217861202429e-06, 1.5984435322025092e-06, 1.3759126886725426e-06, 9.199058581543795e-07, 6.906454359523195e-07, 5.51582388652605e-07, 9.171969850285677e-07, 1.0749470220616786e-06, 9.84734583653335e-07, 5.890352099413576e-07, 5.533115086109319e-07, 5.596733672064147e-07, 1.0369340088800527e-06, 6.252395223782514e-07, 2.8220060244166234e-07, 1.7455552381306916e-07, 2.0731565086862247e-07, 1.9180467347723607e-07, 2.3176023944415647e-07, 1.9473480961096357e-07, 1.837518510683367e-07, 1.4844364670807408e-07, 1.7814619468481396e-07, 6.472421887337987e-08, 3.077875376789052e-08, 2.004833810076434e-08, 2.404049848081513e-09, 2.9738350670882596e-10, 3.496489903165312e-11, 1.5259059640837513e-11, 1.2490560669098372e-11, 1.1220207055129272e-11, 1.0338291854539161e-11, 1.0119961292576196e-11, 9.949719000090784e-12, 9.806535791745397e-12, 9.691447297455191e-12, 9.608547464623474e-12, 9.557158883732875e-12], "lowlevel.mfcc.mean": [-718.0192260742188, 134.94313049316406, 56.7407341003418, 47.585792541503906, 14.157408714294434, 27.257225036621094, 11.214021682739258, 4.239723205566406, 1.109229564666748, 0.09855474531650543, 2.1565701961517334, -2.490184783935547, 0.4482787549495697], "lowlevel.spectral_contrast_coeffs.mean": [-0.6028430461883545, -0.7472927570343018, -0.8314164280891418, -0.8527476787567139, -0.8443101644515991, -0.7674136161804199], "lowlevel.spectral_contrast_coeffs.stdev": [0.08749750256538391, 0.06563495844602585, 0.038899753242731094, 0.022743599489331245, 0.02478240616619587, 0.035590797662734985], "lowlevel.spectral_contrast_valleys.mean": [-6.53458833694458, -7.51986837387085, -8.193682670593262, -8.595441818237305, -8.414824485778809, -10.771208763122559], "lowlevel.spectral_contrast_valleys.stdev": [0.6105419397354126, 0.6337697505950928, 0.6159442067146301, 0.5269145369529724, 0.6943403482437134, 0.8052369952201843], "rhythm.beats_loudness_band_ratio.mean": [0.8291372060775757, 0.28200581669807434, 0.027766099199652672, 0.008253770880401134, 0.0039138393476605415, 0.013375818729400635], "rhythm.beats_loudness_band_ratio.stdev": [0.10740949213504791, 0.1843779981136322, 0.027787253260612488, 0.007947099395096302, 0.004716387018561363, 0.01424269750714302], "tonal.hpcp.mean": [0.011610958725214005, 0.0070104156620800495, 0.011132216081023216, 0.04195000231266022, 0.03747999668121338, 0.00902259536087513, 0.01833086833357811, 0.05058956891298294, 0.27928438782691956, 0.48231199383735657, 0.2526652216911316, 0.017664240673184395, 0.008142261765897274, 0.006878003943711519, 0.013215990737080574, 0.01854853145778179, 0.015196520835161209, 0.010427734814584255, 0.009344660677015781, 0.009895234368741512, 0.01728481613099575, 0.03039236180484295, 0.04545198008418083, 0.1900564581155777, 0.30393657088279724, 0.14731024205684662, 0.013806283473968506, 0.01984732784330845, 0.023958051577210426, 0.07491573691368103, 0.13827656209468842, 0.10393723100423813, 0.07800129801034927, 0.09492524713277817, 0.05483168363571167, 0.016267504543066025], "tonal.hpcp.stdev": [0.08418350666761398, 0.062013618648052216, 0.05286522954702377, 0.1466154158115387, 0.13240163028240204, 0.05776127055287361, 0.11396561563014984, 0.17184370756149292, 0.3226849138736725, 0.4624004662036896, 0.3030390441417694, 0.08374198526144028, 0.061444178223609924, 0.05376024916768074, 0.07695747911930084, 0.095944344997406, 0.08426143229007721, 0.07233336567878723, 0.08013703674077988, 0.07207278907299042, 0.1049661710858345, 0.13908065855503082, 0.16734929382801056, 0.28519466519355774, 0.4182489216327667, 0.22629104554653168, 0.07533670216798782, 0.11568311601877213, 0.11862989515066147, 0.1972067505121231, 0.3157622814178467, 0.23086045682430267, 0.18326066434383392, 0.19607269763946533, 0.1413067728281021, 0.09706489741802216], "rhythm.beats_position": [0.5804988741874695, 1.172607660293579, 1.7414965629577637, 2.2755556106567383, 2.809614419937134, 3.3436734676361084, 3.877732276916504, 4.400181293487549, 4.922630310058594, 5.433469295501709, 5.967528343200684, 6.501587390899658, 7.024035930633545, 7.54648494720459, 8.068934440612793, 8.59138298034668, 9.113832473754883, 9.63628101348877, 10.170339584350586, 10.692789077758789, 11.215237617492676, 11.737687110900879, 12.260135650634766, 12.794195175170898, 13.316643714904785, 13.839092254638672, 14.361541748046875, 14.883990287780762, 15.418049812316895, 15.940498352050781, 16.462947845458984, 16.985397338867188, 17.507844924926758, 18.04190444946289, 18.575963973999023, 19.098411560058594, 19.620861053466797, 20.143310546875, 20.665760040283203, 21.176597595214844, 21.710657119750977, 22.22149658203125, 22.75555419921875, 23.289613723754883, 23.823673248291016, 24.35773277282715, 24.86857032775879, 25.379409790039062, 25.913469314575195, 26.4359188079834, 26.95836639404297, 27.4924259185791, 28.026485443115234, 28.537322998046875, 29.071382522583008, 29.58222198486328, 30.116281509399414, 30.650339126586914, 31.172788619995117, 31.69523811340332, 32.22929763793945, 32.740135192871094, 33.274192810058594, 33.80825424194336, 34.319091796875, 34.8531494140625, 35.387210845947266, 35.90966033935547, 36.43210983276367, 36.96616744995117, 37.488616943359375, 38.01106643676758, 38.54512405395508, 39.06757354736328], "rhythm.bpm_histogram": [0.0, 0.0, 0.0, 0.0, 0.0, 0.0, 0.0, 0.0, 0.0, 0.0, 0.0, 0.0, 0.0, 0.0, 0.0, 0.0, 0.0, 0.0, 0.0, 0.0, 0.0, 0.0, 0.0, 0.0, 0.0, 0.0, 0.0, 0.0, 0.0, 0.0, 0.0, 0.0, 0.0, 0.0, 0.0, 0.0, 0.0, 0.0, 0.0, 0.0, 0.0, 0.0, 0.0, 0.0, 0.0, 0.0, 0.0, 0.0, 0.0, 0.0, 0.0, 0.0, 0.0, 0.0, 0.0, 0.0, 0.0, 0.0, 0.0, 0.0, 0.0, 0.0, 0.0, 0.0, 0.0, 0.0, 0.0, 0.0, 0.0, 0.0, 0.0, 0.0, 0.0, 0.0, 0.0, 0.0, 0.0, 0.0, 0.0, 0.0, 0.0, 0.0, 0.0, 0.0, 0.0, 0.0, 0.0, 0.0, 0.0, 0.0, 0.0, 0.0, 0.0, 0.0, 0.0, 0.0, 0.0, 0.0, 0.0, 0.0, 0.0, 0.013698630034923553, 0.0, 0.0, 0.0, 0.013698630034923553, 0.0, 0.0, 0.0, 0.0, 0.0, 0.0, 0.39726027846336365, 0.0, 0.0, 0.45205479860305786, 0.0, 0.12328767031431198, 0.0, 0.0, 0.0, 0.0, 0.0, 0.0, 0.0, 0.0, 0.0, 0.0, 0.0, 0.0, 0.0, 0.0, 0.0, 0.0, 0.0, 0.0, 0.0, 0.0, 0.0, 0.0, 0.0, 0.0, 0.0, 0.0, 0.0, 0.0, 0.0, 0.0, 0.0, 0.0, 0.0, 0.0, 0.0, 0.0, 0.0, 0.0, 0.0, 0.0, 0.0, 0.0, 0.0, 0.0, 0.0, 0.0, 0.0, 0.0, 0.0, 0.0, 0.0, 0.0, 0.0, 0.0, 0.0, 0.0, 0.0, 0.0, 0.0, 0.0, 0.0, 0.0, 0.0, 0.0, 0.0, 0.0, 0.0, 0.0, 0.0, 0.0, 0.0, 0.0, 0.0, 0.0, 0.0, 0.0, 0.0, 0.0, 0.0, 0.0, 0.0, 0.0, 0.0, 0.0, 0.0, 0.0, 0.0, 0.0, 0.0, 0.0, 0.0, 0.0, 0.0, 0.0, 0.0, 0.0, 0.0, 0.0, 0.0, 0.0, 0.0, 0.0, 0.0, 0.0, 0.0, 0.0, 0.0, 0.0, 0.0, 0.0, 0.0, 0.0, 0.0, 0.0, 0.0, 0.0, 0.0, 0.0, 0.0, 0.0, 0.0, 0.0, 0.0, 0.0, 0.0, 0.0, 0.0, 0.0, 0.0, 0.0, 0.0, 0.0], "tonal.chords_histogram": [65.6103286743164, 0.0, 2.699530601501465, 0.0, 13.028168678283691, 0.23474177718162537, 0.0, 11.384976387023926, 0.0, 3.6384975910186768, 0.0, 3.4037559032440186, 0.0, 0.0, 0.0, 0.0, 0.0, 0.0, 0.0, 0.0, 0.0, 0.0, 0.0, 0.0], "tonal.thpcp": [1.0, 0.5238626003265381, 0.03662409633398056, 0.016881732270121574, 0.014260486699640751, 0.027401331812143326, 0.038457538932561874, 0.03150765597820282, 0.021620310842990875, 0.019374722614884377, 0.020516252145171165, 0.03583741560578346, 0.06301390379667282, 0.09423771500587463, 0.3940529525279999, 0.6301658749580383, 0.3054251968860626, 0.028625212609767914, 0.04115039110183716, 0.04967334866523743, 0.15532629191875458, 0.286695271730423, 0.2154979258775711, 0.16172373294830322, 0.1968129575252533, 0.11368509382009506, 0.03372817859053612, 0.024073543027043343, 0.014535022899508476, 0.023080943152308464, 0.08697690069675446, 0.07770902663469315, 0.018706968054175377, 0.0380062460899353, 0.10488972067832947, 0.5790534019470215], "lowlevel.gfcc.cov": [[2562.60400390625, -693.2452392578125, -605.4762573242188, 342.93988037109375, -639.3705444335938, 80.16773223876953, -40.18824005126953, 88.03878021240234, -79.96826934814453, 3.1259524822235107, -70.32916259765625, 62.14739227294922, -14.131551742553711], [-693.2452392578125, 694.7821655273438, 226.3188934326172, -214.66168212890625, 361.49017333984375, -23.436052322387695, 141.71798706054688, -11.417534828186035, 141.75523376464844, -36.24769973754883, 120.62043762207031, -63.13691329956055, 70.2132568359375], [-605.4762573242188, 226.3188934326172, 419.1600646972656, 31.3934383392334, 315.13360595703125, 15.562827110290527, 89.23050689697266, -14.308160781860352, 80.3303451538086, 19.346237182617188, 69.27880859375, -0.5403632521629333, 19.369651794433594], [342.93988037109375, -214.66168212890625, 31.3934383392334, 284.23406982421875, -7.239465713500977, 48.86387252807617, 17.837539672851562, 0.4314576983451843, 21.69093894958496, 17.659408569335938, 27.0706729888916, 24.025110244750977, 21.582134246826172], [-639.3705444335938, 361.49017333984375, 315.13360595703125, -7.239465713500977, 473.2593994140625, 92.16166687011719, 169.06324768066406, -10.514243125915527, 113.14799499511719, -12.313977241516113, 99.54700469970703, -24.334230422973633, 49.2757682800293], [80.16773223876953, -23.436052322387695, 15.562827110290527, 48.86387252807617, 92.16166687011719, 123.73979187011719, 89.15838623046875, 25.609813690185547, 34.10670471191406, 10.985259056091309, 30.148080825805664, 13.471362113952637, 21.03308868408203], [-40.18824005126953, 141.71798706054688, 89.23050689697266, 17.837539672851562, 169.06324768066406, 89.15838623046875, 165.64468383789062, 46.55734634399414, 84.21137237548828, 6.424002647399902, 61.46973419189453, 2.032367706298828, 44.38660430908203], [88.03878021240234, -11.417534828186035, -14.308160781860352, 0.4314576983451843, -10.514243125915527, 25.609813690185547, 46.55734634399414, 84.47084045410156, 50.963260650634766, 40.36943054199219, 27.81031036376953, 34.562652587890625, 23.640480041503906], [-79.96826934814453, 141.75523376464844, 80.3303451538086, 21.69093894958496, 113.14799499511719, 34.10670471191406, 84.21137237548828, 50.963260650634766, 124.53694915771484, 44.67718505859375, 79.12518310546875, 14.924691200256348, 48.684776306152344], [3.1259524822235107, -36.24769973754883, 19.346237182617188, 17.659408569335938, -12.313977241516113, 10.985259056091309, 6.424002647399902, 40.36943054199219, 44.67718505859375, 82.1138916015625, 45.03640365600586, 45.22872543334961, 17.32685089111328], [-70.32916259765625, 120.62043762207031, 69.27880859375, 27.0706729888916, 99.54700469970703, 30.148080825805664, 61.46973419189453, 27.81031036376953, 79.12518310546875, 45.03640365600586, 104.81900787353516, 31.19025230407715, 48.43138122558594], [62.14739227294922, -63.13691329956055, -0.5403632521629333, 24.025110244750977, -24.334230422973633, 13.471362113952637, 2.032367706298828, 34.562652587890625, 14.924691200256348, 45.22872543334961, 31.19025230407715, 72.84199523925781, 24.665414810180664], [-14.131551742553711, 70.2132568359375, 19.369651794433594, 21.582134246826172, 49.2757682800293, 21.03308868408203, 44.38660430908203, 23.640480041503906, 48.684776306152344, 17.32685089111328, 48.43138122558594, 24.665414810180664, 63.11002731323242]], "lowlevel.gfcc.icov": [[0.0012210001004859805, -0.000567762996070087, 0.0010055233724415302, -0.0017957924865186214, 0.0018376929219812155, -0.0009549251990392804, -0.0011403203243389726, -0.0003919955634046346, 5.105979653308168e-05, 0.0007223007851280272, -9.371808118885383e-05, -0.000739420996978879, 0.0011660382151603699], [-0.000567762996070087, 0.01428558211773634, -0.0016152915777638555, 0.011413282714784145, -0.004757840186357498, 0.008787447586655617, -0.003391785081475973, 0.004838503431528807, -0.009099340997636318, 0.009196653962135315, -0.011900815181434155, 0.007408724632114172, -0.007336832117289305], [0.0010055233724415302, -0.0016152915777638555, 0.00753716379404068, -0.0038014003075659275, -0.003522960003465414, 0.0029609694611281157, -0.0022488825488835573, 0.0007699211710132658, 0.0002891132899094373, -0.0033126582857221365, 0.0024091743398457766, -0.003448978764936328, 0.00425170361995697], [-0.0017957924865186214, 0.011413282714784145, -0.0038014003075659275, 0.015129618346691132, -0.0035880948416888714, 0.004435578361153603, -0.0005839029909111559, 0.005902350880205631, -0.008294754661619663, 0.007079216185957193, -0.009621073491871357, 0.005730753298848867, -0.007985502481460571], [0.0018376929219812155, -0.004757840186357498, -0.003522960003465414, -0.0035880948416888714, 0.013174183666706085, -0.008582540787756443, -0.0029423674568533897, 0.001720096217468381, -0.0003064179327338934, 0.0026334223803132772, -0.00037127695395611227, -0.0015060266014188528, 0.0023992143105715513], [-0.0009549251990392804, 0.008787447586655617, 0.0029609694611281157, 0.004435578361153603, -0.008582540787756443, 0.02430669590830803, -0.011740225367248058, 0.003377133747562766, -0.002054787939414382, 0.00044708175119012594, -0.004677319433540106, 0.0012669016141444445, -0.002266885247081518], [-0.0011403203243389726, -0.003391785081475973, -0.0022488825488835573, -0.0005839029909111559, -0.0029423674568533897, -0.011740225367248058, 0.02363237738609314, -0.01057792454957962, -0.0016059434274211526, 0.0035665128380060196, 0.00010115451732417569, 0.0028322930447757244, -0.0029654179234057665], [-0.0003919955634046346, 0.004838503431528807, 0.0007699211710132658, 0.005902350880205631, 0.001720096217468381, 0.003377133747562766, -0.01057792454957962, 0.030703190714120865, -0.014305791817605495, -0.0028662788681685925, 0.0025354688987135887, -0.007638937793672085, -0.0013930664863437414], [5.105979653308168e-05, -0.009099340997636318, 0.0002891132899094373, -0.008294754661619663, -0.0003064179327338934, -0.002054787939414382, -0.0016059434274211526, -0.014305791817605495, 0.03476841002702713, -0.015686484053730965, -0.0017941900296136737, 0.006439815275371075, -0.003359378781169653], [0.0007223007851280272, 0.009196653962135315, -0.0033126582857221365, 0.007079216185957193, 0.0026334223803132772, 0.00044708175119012594, 0.0035665128380060196, -0.0028662788681685925, -0.015686484053730965, 0.03829982876777649, -0.01743517443537712, -0.006912783719599247, 0.002553345635533333], [-9.371808118885383e-05, -0.011900815181434155, 0.0024091743398457766, -0.009621073491871357, -0.00037127695395611227, -0.004677319433540106, 0.00010115451732417569, 0.0025354688987135887, -0.0017941900296136737, -0.01743517443537712, 0.03837744519114494, -0.012085022404789925, -0.0019592978060245514], [-0.000739420996978879, 0.007408724632114172, -0.003448978764936328, 0.005730753298848867, -0.0015060266014188528, 0.0012669016141444445, 0.0028322930447757244, -0.007638937793672085, 0.006439815275371075, -0.006912783719599247, -0.012085022404789925, 0.034947581589221954, -0.015140647068619728], [0.0011660382151603699, -0.007336832117289305, 0.00425170361995697, -0.007985502481460571, 0.0023992143105715513, -0.002266885247081518, -0.0029654179234057665, -0.0013930664863437414, -0.003359378781169653, 0.002553345635533333, -0.0019592978060245514, -0.015140647068619728, 0.03649619594216347]], "lowlevel.mfcc.cov": [[3429.4814453125, -1240.5419921875, -146.9070281982422, -35.53727340698242, -515.5009765625, -126.88711547851562, -146.4619140625, 30.65568733215332, -49.577613830566406, -18.12639617919922, -50.02014923095703, -48.40647506713867, -18.019168853759766], [-1240.5419921875, 1020.63720703125, -20.61690330505371, -53.98123550415039, 223.7859344482422, 45.60933303833008, 111.67793273925781, 52.688812255859375, 72.261962890625, 55.86420822143555, 60.756839752197266, 65.87178039550781, 34.95661926269531], [-146.9070281982422, -20.61690330505371, 156.4677276611328, 91.43278503417969, 53.45685577392578, 27.887128829956055, 4.589672565460205, -2.104205369949341, 4.94865608215332, 7.295402526855469, 21.47564125061035, 23.104825973510742, 23.015121459960938], [-35.53727340698242, -53.98123550415039, 91.43278503417969, 172.000244140625, 88.57606506347656, 57.21780014038086, 24.32961082458496, 18.85757827758789, 18.12541389465332, 12.025930404663086, 22.560266494750977, 25.351947784423828, 31.98385238647461], [-515.5009765625, 223.7859344482422, 53.45685577392578, 88.57606506347656, 213.0902862548828, 109.21038818359375, 79.45699310302734, 40.8419303894043, 35.758689880371094, 26.04413414001465, 40.14028549194336, 38.979007720947266, 33.173797607421875], [-126.88711547851562, 45.60933303833008, 27.887128829956055, 57.21780014038086, 109.21038818359375, 143.7782440185547, 89.48181915283203, 55.33622360229492, 37.69447326660156, 25.525375366210938, 29.880496978759766, 26.351972579956055, 23.086536407470703], [-146.4619140625, 111.67793273925781, 4.589672565460205, 24.32961082458496, 79.45699310302734, 89.48181915283203, 114.66104888916016, 67.0067367553711, 43.332950592041016, 27.793785095214844, 27.098657608032227, 26.628000259399414, 22.782129287719727], [30.65568733215332, 52.688812255859375, -2.104205369949341, 18.85757827758789, 40.8419303894043, 55.33622360229492, 67.0067367553711, 89.96029663085938, 53.748558044433594, 29.010412216186523, 28.266447067260742, 26.30507469177246, 23.928735733032227], [-49.577613830566406, 72.261962890625, 4.94865608215332, 18.12541389465332, 35.758689880371094, 37.69447326660156, 43.332950592041016, 53.748558044433594, 74.85135650634766, 38.08805465698242, 31.781883239746094, 27.339670181274414, 25.494640350341797], [-18.12639617919922, 55.86420822143555, 7.295402526855469, 12.025930404663086, 26.04413414001465, 25.525375366210938, 27.793785095214844, 29.010412216186523, 38.08805465698242, 56.478614807128906, 37.63114547729492, 25.415687561035156, 19.766572952270508], [-50.02014923095703, 60.756839752197266, 21.47564125061035, 22.560266494750977, 40.14028549194336, 29.880496978759766, 27.098657608032227, 28.266447067260742, 31.781883239746094, 37.63114547729492, 71.41106414794922, 42.496829986572266, 34.26301193237305], [-48.40647506713867, 65.87178039550781, 23.104825973510742, 25.351947784423828, 38.979007720947266, 26.351972579956055, 26.628000259399414, 26.30507469177246, 27.339670181274414, 25.415687561035156, 42.496829986572266, 69.31765747070312, 44.399818420410156], [-18.019168853759766, 34.95661926269531, 23.015121459960938, 31.98385238647461, 33.173797607421875, 23.086536407470703, 22.782129287719727, 23.928735733032227, 25.494640350341797, 19.766572952270508, 34.26301193237305, 44.399818420410156, 69.0236587524414]], "lowlevel.mfcc.icov": [[0.0008695283904671669, 0.0006965078646317124, 0.0008275803411379457, -0.0006655568722635508, 0.0018461592262610793, -0.00044874593731947243, 0.0005573212401941419, -0.0015400316333398223, 0.0007619422394782305, -0.000691279477905482, -7.543642277596518e-05, -0.00042151150410063565, -0.00025543058291077614], [0.0006965078646317124, 0.00252021593041718, 0.0007275864481925964, 0.0013089999556541443, -0.0017074135830625892, 0.0018992729019373655, -0.0011490077013149858, -0.0005585874896496534, -0.00046850755461491644, -0.0009929451625794172, -5.3601535910274833e-05, -0.0012030386133119464, 7.243319123517722e-05], [0.0008275803411379457, 0.0007275864481925964, 0.010584021918475628, -0.005380111746490002, 0.0012245257385075092, -0.0006370473420247436, 0.0010919455671682954, 0.00036263393121771514, 0.0008753098081797361, -0.00036232094862498343, -0.0014763098442927003, -0.0017008055001497269, -0.00044277956476435065], [-0.0006655568722635508, 0.0013089999556541443, -0.005380111746490002, 0.012701595202088356, -0.006979198195040226, 0.00035569857573136687, 0.00041799101745709777, 0.00045845875865779817, -0.0017706752987578511, 0.00027434396906755865, 0.0009511111420579255, 0.00019907878595404327, -0.0020146502647548914], [0.0018461592262610793, -0.0017074135830625892, 0.0012245257385075092, -0.006979198195040226, 0.0184639822691679, -0.008952077478170395, 0.0006059632869437337, -0.0019952855072915554, 0.0025912693236023188, -7.793866825522855e-05, -0.0017416393384337425, -0.0008519162074662745, -0.0007380357710644603], [-0.00044874593731947243, 0.0018992729019373655, -0.0006370473420247436, 0.00035569857573136687, -0.008952077478170395, 0.02033907175064087, -0.011600799858570099, -5.9394118579803035e-05, -0.001292182132601738, -0.000449681916506961, -0.0007296890253201127, 7.294221722986549e-05, 0.0012391385389491916], [0.0005573212401941419, -0.0011490077013149858, 0.0010919455671682954, 0.00041799101745709777, 0.0006059632869437337, -0.011600799858570099, 0.026288412511348724, -0.012720654718577862, 0.0016002652700990438, -0.0018852438079193234, 0.001524178427644074, -0.0004573160840664059, -0.0010219764662906528], [-0.0015400316333398223, -0.0005585874896496534, 0.00036263393121771514, 0.00045845875865779817, -0.0019952855072915554, -5.9394118579803035e-05, -0.012720654718577862, 0.031128820031881332, -0.015037484467029572, 0.0025499409530311823, -0.0013905989471822977, -0.0007018312462605536, -0.00010085583926411346], [0.0007619422394782305, -0.00046850755461491644, 0.0008753098081797361, -0.0017706752987578511, 0.0025912693236023188, -0.001292182132601738, 0.0016002652700990438, -0.015037484467029572, 0.03165343776345253, -0.01282122265547514, -1.158680061053019e-05, -0.00047966744750738144, -0.00286904931999743], [-0.000691279477905482, -0.0009929451625794172, -0.00036232094862498343, 0.00027434396906755865, -7.793866825522855e-05, -0.000449681916506961, -0.0018852438079193234, 0.0025499409530311823, -0.01282122265547514, 0.035317592322826385, -0.013102235272526741, -0.00048195390263572335, 0.0016777366399765015], [-7.543642277596518e-05, -5.3601535910274833e-05, -0.0014763098442927003, 0.0009511111420579255, -0.0017416393384337425, -0.0007296890253201127, 0.001524178427644074, -0.0013905989471822977, -1.158680061053019e-05, -0.013102235272526741, 0.029919348657131195, -0.009868833236396313, -0.0036281065549701452], [-0.00042151150410063565, -0.0012030386133119464, -0.0017008055001497269, 0.00019907878595404327, -0.0008519162074662745, 7.294221722986549e-05, -0.0004573160840664059, -0.0007018312462605536, -0.00047966744750738144, -0.00048195390263572335, -0.009868833236396313, 0.03166113793849945, -0.013398761861026287], [-0.00025543058291077614, 7.243319123517722e-05, -0.00044277956476435065, -0.0020146502647548914, -0.0007380357710644603, 0.0012391385389491916, -0.0010219764662906528, -0.00010085583926411346, -0.00286904931999743, 0.0016777366399765015, -0.0036281065549701452, -0.013398761861026287, 0.026777183637022972]], "metadata.audio_properties.analysis.downmix": "mix", "metadata.audio_properties.codec": "mp3", "metadata.audio_properties.md5_encoded": "50b1fc1088b550eb56ebcc98045103c2", "metadata.tags.file_name": "1183719213454606376.mp3", "metadata.version.essentia": "2.1-beta6-dev", "metadata.version.essentia_git_sha": "v2.1_beta5-1110-g77a6a954", "metadata.version.extractor": "music 2.0", "tonal.chords_key": "F", "tonal.chords_scale": "minor", "tonal.key_edma.key": "F", "tonal.key_edma.scale": "minor", "tonal.key_krumhansl.key": "F", "tonal.key_krumhansl.scale": "minor", "tonal.key_temperley.key": "F", "tonal.