{"song_id": "1183654606480343050", "download": "https://cdn.discordapp.com/attachments/1135903449314238464/1183654606480343050/chirp.mp4?ex=65891f41&amp", "lyrics": "(Bridge)\n\"Yes, I like walking,\" \u662f\u7684\uff0c\u6211\u559c\u6b22\u8d70\u8def\uff0c\nSimple and clear, it's my liking.\n\u7b80\u5355\u660e\u4e86\uff0c\u8868\u8fbe\u6211\u559c\u597d\u3002\n\"Yes, I really enjoy walking,\" \u6211\u771f\u7684\u5f88\u559c\u6b22\u8d70\u8def\uff0c\nWith every step, my English is striking.\n\u6bcf\u8d70\u4e00\u6b65\uff0c\u6211\u7684\u82f1\u8bed\u66f4\u51fa\u8272\u3002", "style": ["sea shanty"], "essentia_features": {"lowlevel.average_loudness": 0.97580486536026, "lowlevel.barkbands_crest.mean": 12.5797700881958, "lowlevel.barkbands_crest.stdev": 3.490957736968994, "lowlevel.barkbands_flatness_db.mean": 0.1742817461490631, "lowlevel.barkbands_flatness_db.stdev": 0.06177859380841255, "lowlevel.barkbands_kurtosis.mean": 21.055559158325195, "lowlevel.barkbands_kurtosis.stdev": 32.960113525390625, "lowlevel.barkbands_skewness.mean": 3.317082166671753, "lowlevel.barkbands_skewness.stdev": 2.6746318340301514, "lowlevel.barkbands_spread.mean": 21.1884765625, "lowlevel.barkbands_spread.stdev": 15.192899703979492, "lowlevel.dissonance.mean": 0.48804667592048645, "lowlevel.dissonance.stdev": 0.010712756775319576, "lowlevel.dynamic_complexity": 1.7446235418319702, "lowlevel.erbbands_crest.mean": 7.812498092651367, "lowlevel.erbbands_crest.stdev": 3.6137208938598633, "lowlevel.erbbands_flatness_db.mean": 0.1331334114074707, "lowlevel.erbbands_flatness_db.stdev": 0.052297066897153854, "lowlevel.erbbands_kurtosis.mean": 0.05724446475505829, "lowlevel.erbbands_kurtosis.stdev": 2.164289951324463, "lowlevel.erbbands_skewness.mean": -0.3238433599472046, "lowlevel.erbbands_skewness.stdev": 0.9388313889503479, "lowlevel.erbbands_spread.mean": 66.9537582397461, "lowlevel.erbbands_spread.stdev": 27.679176330566406, "lowlevel.hfc.mean": 23.03139877319336, "lowlevel.hfc.stdev": 17.479284286499023, "lowlevel.loudness_ebu128.integrated": -14.039224624633789, "lowlevel.loudness_ebu128.loudness_range": 2.5145397186279297, "lowlevel.loudness_ebu128.momentary.mean": -14.460896492004395, "lowlevel.loudness_ebu128.momentary.stdev": 2.3388020992279053, "lowlevel.loudness_ebu128.short_term.mean": -14.281309127807617, "lowlevel.loudness_ebu128.short_term.stdev": 1.0651824474334717, "lowlevel.melbands_crest.mean": 19.53126335144043, "lowlevel.melbands_crest.stdev": 4.883725166320801, "lowlevel.melbands_flatness_db.mean": 0.25307148694992065, "lowlevel.melbands_flatness_db.stdev": 0.08680139482021332, "lowlevel.melbands_kurtosis.mean": 74.06813049316406, "lowlevel.melbands_kurtosis.stdev": 88.55479431152344, "lowlevel.melbands_skewness.mean": 6.233967304229736, "lowlevel.melbands_skewness.stdev": 3.670170545578003, "lowlevel.melbands_spread.mean": 16.23122787475586, "lowlevel.melbands_spread.stdev": 16.533971786499023, "lowlevel.pitch_salience.mean": 0.4943656921386719, "lowlevel.pitch_salience.stdev": 0.11549253761768341, "lowlevel.silence_rate_20dB.mean": 1.0, "lowlevel.silence_rate_20dB.stdev": 0.0, "lowlevel.silence_rate_30dB.mean": 0.9428571462631226, "lowlevel.silence_rate_30dB.stdev": 0.23211559653282166, "lowlevel.silence_rate_60dB.mean": 0.034632034599781036, "lowlevel.silence_rate_60dB.stdev": 0.18284331262111664, "lowlevel.spectral_centroid.mean": 1576.4949951171875, "lowlevel.spectral_centroid.stdev": 866.5160522460938, "lowlevel.spectral_complexity.mean": 18.339393615722656, "lowlevel.spectral_complexity.stdev": 13.101428031921387, "lowlevel.spectral_decrease.mean": -1.2313353892068335e-08, "lowlevel.spectral_decrease.stdev": 8.451729094360871e-09, "lowlevel.spectral_energy.mean": 0.048562489449977875, "lowlevel.spectral_energy.stdev": 0.03228992596268654, "lowlevel.spectral_energyband_high.mean": 0.0015508105279877782, "lowlevel.spectral_energyband_high.stdev": 0.0018934282707050443, "lowlevel.spectral_energyband_low.mean": 0.03718703240156174, "lowlevel.spectral_energyband_low.stdev": 0.031325552612543106, "lowlevel.spectral_energyband_middle_high.mean": 0.003450150368735194, "lowlevel.spectral_energyband_middle_high.stdev": 0.003330555744469166, "lowlevel.spectral_energyband_middle_low.mean": 0.008334638550877571, "lowlevel.spectral_energyband_middle_low.stdev": 0.009815378114581108, "lowlevel.spectral_entropy.mean": 7.747533798217773, "lowlevel.spectral_entropy.stdev": 0.35433000326156616, "lowlevel.spectral_flux.mean": 0.10145776718854904, "lowlevel.spectral_flux.stdev": 0.06191718578338623, "lowlevel.spectral_kurtosis.mean": 2.6993961334228516, "lowlevel.spectral_kurtosis.stdev": 1.904335379600525, "lowlevel.spectral_rms.mean": 0.006490458268672228, "lowlevel.spectral_rms.stdev": 0.002291712211444974, "lowlevel.spectral_rolloff.mean": 1156.902587890625, "lowlevel.spectral_rolloff.stdev": 1597.0936279296875, "lowlevel.spectral_skewness.mean": 1.0460705757141113, "lowlevel.spectral_skewness.stdev": 0.3160116374492645, "lowlevel.spectral_spread.mean": 5019921.5, "lowlevel.spectral_spread.stdev": 1430560.0, "lowlevel.spectral_strongpeak.mean": 0.6119307279586792, "lowlevel.spectral_strongpeak.stdev": 0.5743585228919983, "lowlevel.zerocrossingrate.mean": 0.059854403138160706, "lowlevel.zerocrossingrate.stdev": 0.04075907915830612, "metadata.audio_properties.analysis.equal_loudness": 0.0, "metadata.audio_properties.analysis.length": 26.79360580444336, "metadata.audio_properties.analysis.sample_rate": 44100.0, "metadata.audio_properties.analysis.start_time": 0.0, "metadata.audio_properties.bit_rate": 123828.0, "metadata.audio_properties.length": 26.794666290283203, "metadata.audio_properties.lossless": 0.0, "metadata.audio_properties.number_channels": 1.0, "metadata.audio_properties.replay_gain": -11.430978775024414, "metadata.audio_properties.sample_rate": 48000.0, "rhythm.beats_count": 61.0, "rhythm.beats_loudness.mean": 0.06251464039087296, "rhythm.beats_loudness.stdev": 0.027984701097011566, "rhythm.bpm": 137.4975128173828, "rhythm.bpm_histogram_first_peak_bpm": 136.0, "rhythm.bpm_histogram_first_peak_weight": 0.4406779408454895, "rhythm.bpm_histogram_second_peak_bpm": 148.0, "rhythm.bpm_histogram_second_peak_spread": 0.0, "rhythm.bpm_histogram_second_peak_weight": 0.01666666753590107, "rhythm.danceability": 0.9751460552215576, "rhythm.onset_rate": 4.439066410064697, "tonal.chords_changes_rate": 0.07093425840139389, "tonal.chords_number_rate": 0.013840830884873867, "tonal.chords_strength.mean": 0.5552482008934021, "tonal.chords_strength.stdev": 0.08374059945344925, "tonal.hpcp_crest.mean": 11.238055229187012, "tonal.hpcp_crest.stdev": 5.629586219787598, "tonal.hpcp_entropy.mean": 2.594674587249756, "tonal.hpcp_entropy.stdev": 0.8035102486610413, "tonal.key_edma.strength": 0.6425012350082397, "tonal.key_krumhansl.strength": 0.627214252948761, "tonal.key_temperley.strength": 0.6007004976272583, "tonal.tuning_diatonic_strength": 0.6076594591140747, "tonal.tuning_equal_tempered_deviation": 0.12193171679973602, "tonal.tuning_frequency": 437.4657897949219, "tonal.tuning_nontempered_energy_ratio": 0.7469633221626282, "lowlevel.barkbands.mean": [0.00041174396756105125, 0.015952173620462418, 0.01889023929834366, 0.004390045069158077, 0.0023680555168539286, 0.0004308181523811072, 0.000503462681081146, 0.0003199753991793841, 0.00027185946237295866, 0.0002129404165316373, 0.00025540206115692854, 0.00037871787208132446, 0.00027151466929353774, 0.0001974358019651845, 0.00020238418073859066, 0.0002750434505287558, 0.0004291509685572237, 0.0003206354158464819, 0.0007118290523067117, 0.00035766602377407253, 0.0003890384978149086, 0.0004925631219521165, 0.00026800576597452164, 0.00010219644900644198, 8.360981883015484e-05, 7.070308492984623e-05, 5.276573574519716e-06], "lowlevel.barkbands.stdev": [0.00047167649609036744, 0.019199436530470848, 0.01670212112367153, 0.004440448712557554, 0.007093068212270737, 0.0010046317474916577, 0.0011482993140816689, 0.0009181845816783607, 0.0006265172269195318, 0.000490113627165556, 0.0006634045275859535, 0.0007398601737804711, 0.0004943560343235731, 0.00037333834916353226, 0.0003454257093835622, 0.0004591813776642084, 0.0005817573983222246, 0.0005154407699592412, 0.001055196626111865, 0.00047901473590172827, 0.0005073831998743117, 0.0007865304360166192, 0.00039809185545891523, 0.00015222281217575073, 0.00011709212412824854, 0.0001061244765878655, 1.2917629646835849e-05], "lowlevel.erbbands.mean": [0.447736531496048, 3.8976075649261475, 20.801132202148438, 15.584708213806152, 10.888750076293945, 9.781647682189941, 3.6237430572509766, 3.979353904724121, 5.720638275146484, 9.30132007598877, 5.589128017425537, 6.287444114685059, 5.730072021484375, 9.058778762817383, 12.889171600341797, 14.735565185546875, 12.491822242736816, 11.307538986206055, 11.14262866973877, 10.160460472106934, 17.93731117248535, 24.868663787841797, 18.65951156616211, 22.586984634399414, 39.01167678833008, 16.85516357421875, 14.547211647033691, 16.342897415161133, 18.312341690063477, 13.20057487487793, 6.4832072257995605, 2.787750244140625, 1.504531979560852, 0.9512606263160706, 0.5909046530723572, 0.2939569652080536, 0.13849341869354248, 0.02375871129333973, 0.000625602260697633, 7.317536801565439e-05], "lowlevel.erbbands.stdev": [0.5731496810913086, 4.452994346618652, 17.909896850585938, 16.476085662841797, 11.267450332641602, 33.97512435913086, 11.068792343139648, 9.41435718536377, 12.58623218536377, 23.496360778808594, 13.577223777770996, 14.642559051513672, 11.9537935256958, 21.76823616027832, 32.713592529296875, 27.613985061645508, 21.637605667114258, 20.47623634338379, 20.61556625366211, 14.84797191619873, 27.93147087097168, 32.62495803833008, 29.884002685546875, 29.654388427734375, 63.46820831298828, 20.218015670776367, 19.02820587158203, 21.644243240356445, 29.606416702270508, 21.257164001464844, 9.364380836486816, 4.122570514678955, 2.2613866329193115, 1.4336618185043335, 0.8141129612922668, 0.42313313484191895, 0.21961615979671478, 0.04316854104399681, 0.0012588428799062967, 5.295475784805603e-05], "lowlevel.gfcc.mean": [4.165990829467773, 60.80881881713867, -96.25682830810547, 68.3282699584961, -37.800376892089844, 21.359844207763672, -23.670730590820312, 9.900580406188965, -26.478939056396484, 2.975651741027832, -24.565820693969727, 2.2911312580108643, -22.087121963500977], "lowlevel.melbands.mean": [0.004086202476173639, 0.008352401666343212, 0.0027629374526441097, 0.0007186790462583303, 0.0001777078869054094, 8.69435680215247e-05, 9.294799383496866e-05, 9.835595119511709e-05, 4.178229937679134e-05, 4.017630635644309e-05, 2.789509017020464e-05, 3.544119681464508e-05, 3.7997746403561905e-05, 4.7325989726232365e-05, 2.793135899992194e-05, 2.719589065236505e-05, 1.9978466298198327e-05, 1.763257932907436e-05, 1.407334548275685e-05, 1.540195989946369e-05, 2.1791496692458168e-05, 2.6161475034314208e-05, 2.0696126739494503e-05, 1.4248924344428815e-05, 1.7518579625175335e-05, 3.0384711863007396e-05, 2.132109148078598e-05, 8.852005521475803e-06, 8.430583875451703e-06, 9.605192644812632e-06, 9.472822057432495e-06, 1.0488364750926849e-05, 9.291489732277114e-06, 6.679438683931949e-06, 3.943264346162323e-06, 2.4251257855212316e-06, 1.4256519307309645e-06, 1.06471486560622e-06, 8.787161505097174e-07, 7.731339337624377e-07], "lowlevel.melbands.stdev": [0.005078522022813559, 0.007270110305398703, 0.00255664368160069, 0.0017441256204620004, 0.0005791716394014657, 0.00020145285816397518, 0.00020095586660318077, 0.00025184417609125376, 0.00010018252942245454, 9.663378295954317e-05, 5.890769534744322e-05, 8.892744517652318e-05, 9.392460196977481e-05, 9.911676897900179e-05, 4.8767338739708066e-05, 4.9585316446609795e-05, 3.8514717743964866e-05, 3.5015109460800886e-05, 2.1790021492051892e-05, 2.6772680939757265e-05, 3.3948479540413246e-05, 3.642818774096668e-05, 3.2829826523084193e-05, 2.3519973183283582e-05, 2.3641892767045647e-05, 4.7647208702983335e-05, 3.611154170357622e-05, 1.0851967090275139e-05, 1.1659078154480085e-05, 1.2649301424971782e-05, 1.3309810128703248e-05, 1.677393629506696e-05, 1.644773146836087e-05, 1.0911537174251862e-05, 5.846614385518478e-06, 3.6302621992945205e-06, 2.1846451545570744e-06, 1.6478709312650608e-06, 1.3511888710127096e-06, 1.2043193464705837e-06], "lowlevel.melbands128.mean": [0.000327992980601266, 0.003459643106907606, 0.005181033629924059, 0.006206311285495758, 0.01135551929473877, 0.00779329426586628, 0.0029162534046918154, 0.0022981613874435425, 0.000757334812078625, 0.000742168165743351, 0.0005824892432428896, 0.00020177052647341043, 8.975857053883374e-05, 9.564341598888859e-05, 9.629396663513035e-05, 7.663184078410268e-05, 7.546348933828995e-05, 9.586218948243186e-05, 0.00011371761502232403, 0.00011566027387743816, 8.967060421127826e-05, 5.0689097406575456e-05, 3.2086427381727844e-05, 3.565010774764232e-05, 4.1000010241987184e-05, 4.4895590690430254e-05, 3.360227492521517e-05, 2.38056145462906e-05, 2.1999487216817215e-05, 3.822904545813799e-05, 3.935357017326169e-05, 3.274412301834673e-05, 3.297328294138424e-05, 4.543621253105812e-05, 5.2234212489565834e-05, 4.942606756230816e-05, 3.781170744332485e-05, 2.145173493772745e-05, 2.712744753807783e-05, 2.826018499035854e-05, 2.8675072826445103e-05, 2.4175646103685722e-05, 1.961207999556791e-05, 1.85212520591449e-05, 1.5646519386791624e-05, 1.7927346561918966e-05, 1.9994988178950734e-05, 1.3770811165159103e-05, 1.1807424925791565e-05, 1.2151210285082925e-05, 1.3973588465887588e-05, 2.0829935237998143e-05, 2.317758116987534e-05, 1.932696068251971e-05, 2.4804810891509987e-05, 2.7226846214034595e-05, 2.8928079700563103e-05, 2.1753252440248616e-05, 1.883099139377009e-05, 1.558746771479491e-05, 1.3835603567713406e-05, 1.2970139323442709e-05, 1.4828655366727617e-05, 1.7558199033373967e-05, 2.3556598534923978e-05, 3.0556726414943114e-05, 3.7494071875698864e-05, 2.770356513792649e-05, 1.7408425264875405e-05, 1.2690622497757431e-05, 7.492147233278956e-06, 7.542592811660143e-06, 8.204385267163161e-06, 8.389008144149557e-06, 8.857708962750621e-06, 1.0424018000776414e-05, 9.473672434978653e-06, 8.786588296061382e-06, 9.702621355245356e-06, 9.675149158283602e-06, 1.037763104250189e-05, 1.0792913599289022e-05, 1.102385522244731e-05, 9.338064046460204e-06, 7.658774848096073e-06, 7.406189979519695e-06, 6.4109917730093e-06, 5.058591796114342e-06, 3.689590812427923e-06, 3.348937070768443e-06, 2.780592240014812e-06, 2.2889130377734546e-06, 1.559359930070059e-06, 1.4131953776086448e-06, 1.3330208048500936e-06, 1.1456669426479493e-06, 9.373915759169904e-07, 1.074199531103659e-06, 8.55931489240902e-07, 7.975792755132716e-07, 8.343344006789266e-07, 7.31183206426067e-07, 7.687855259064236e-07, 7.336985845540767e-07, 7.15394776307221e-07, 6.0942841173528e-07, 5.297746383803315e-07, 4.965842776982754e-07, 4.806137212653994e-07, 5.090170702715113e-07, 5.194503955863183e-07, 4.554244128485152e-07, 4.6240734263847116e-07, 4.5199467990642006e-07, 3.237238104247808e-07, 2.2810907296388905e-07, 1.697912495046694e-07, 5.923651258399332e-08, 4.637476180846534e-09, 1.1220344098283874e-11, 6.18317116257705e-12, 5.863573515618725e-12, 5.700705098948822e-12, 5.582439892293234e-12, 5.391300253454467e-12, 5.13206881505579e-12, 4.9849993924433456e-12, 4.941575360711825e-12], "lowlevel.melbands128.stdev": [0.00043423540773801506, 0.0045133051462471485, 0.007404444273561239, 0.008036267012357712, 0.010054681450128555, 0.007360277231782675, 0.0036639876198023558, 0.0019041778286918998, 0.0008232498075813055, 0.0025169248692691326, 0.0022348377387970686, 0.0008027881849557161, 0.00033115356927737594, 0.00024838626268319786, 0.0002621627936605364, 0.00024977631983347237, 0.00024097117420751601, 0.0002372666058363393, 0.00033823290141299367, 0.00033454783260822296, 0.0003028093196917325, 0.00016949213750194758, 8.830443402985111e-05, 0.00011228863877477124, 0.00010829940583789721, 0.000145734753459692, 9.206844697473571e-05, 6.399992707883939e-05, 5.2585888624889776e-05, 0.00012205397797515616, 0.00011984809680143371, 9.580432379152626e-05, 8.679013990331441e-05, 0.00019603621331043541, 0.00013611982285510749, 0.00012478441931307316, 8.587630873080343e-05, 4.377757795737125e-05, 6.346954614855349e-05, 5.916641021030955e-05, 6.314701022347435e-05, 5.8911482483381405e-05, 4.664145671995357e-05, 4.220314076519571e-05, 4.002712739747949e-05, 4.845947842113674e-05, 4.268012708052993e-05, 2.5409171939827502e-05, 2.290277370775584e-05, 2.442574259475805e-05, 2.9421598810586147e-05, 4.970578811480664e-05, 4.6865156036801636e-05, 3.168345574522391e-05, 4.897353210253641e-05, 4.341133899288252e-05, 4.118070501135662e-05, 3.987422678619623e-05, 3.6660519981523976e-05, 3.407057374715805e-05, 2.569825119280722e-05, 2.4266446416731924e-05, 2.284459515067283e-05, 2.612657772260718e-05, 3.836665200651623e-05, 5.324348239810206e-05, 7.622403063578531e-05, 6.45037871436216e-05, 3.358677349751815e-05, 1.8351476683164947e-05, 1.035151035466697e-05, 1.1298277058813255e-05, 1.2547397091111634e-05, 1.3324191968422383e-05, 1.4069993994780816e-05, 1.5212087419058662e-05, 1.3278022379381582e-05, 1.2988845810468774e-05, 1.5162806448643096e-05, 1.6075337043730542e-05, 1.719772808428388e-05, 1.9386530766496435e-05, 2.2676726075587794e-05, 1.8641996575752273e-05, 1.2919778782816138e-05, 1.4233431102184113e-05, 1.105997489503352e-05, 8.390849870920647e-06, 5.737073024647543e-06, 5.461372893478256e-06, 4.242702743795235e-06, 3.868182830046862e-06, 2.6160448669543257e-06, 2.350611111978651e-06, 2.2023516521585407e-06, 1.9328736016177572e-06, 1.5641447816960863e-06, 1.833973897191754e-06, 1.3939654763817089e-06, 1.382307345920708e-06, 1.4235762364478433e-06, 1.2404615290506626e-06, 1.3005648042963003e-06, 1.2249095107108587e-06, 1.0819153430929873e-06, 9.281911843572743e-07, 7.979973588589928e-07, 7.790129643581167e-07, 8.112870091281366e-07, 8.539152531739092e-07, 8.414648391408264e-07, 8.161558184838213e-07, 7.71169482050027e-07, 8.575960919188219e-07, 6.00013549956202e-07, 4.636969208604569e-07, 3.68441504861039e-07, 2.345569072303988e-07, 2.9869283935113344e-08, 1.117716336151986e-10, 1.3889403516209597e-11, 1.3086382671945174e-11, 1.2930608840611146e-11, 1.242834654635594e-11, 1.0440816614054604e-11, 8.154300151774763e-12, 7.687650863119622e-12, 7.643176890004266e-12], "lowlevel.mfcc.mean": [-643.236572265625, 85.87989044189453, 8.4629487991333, 53.365291595458984, 12.003349304199219, 24.52012062072754, 9.67799186706543, 15.168851852416992, 4.13972282409668, 1.5355497598648071, 3.8573131561279297, -1.057175636291504, 2.667278528213501], "lowlevel.spectral_contrast_coeffs.mean": [-0.6514282822608948, -0.8075995445251465, -0.8265552520751953, -0.820212185382843, -0.7983425855636597, -0.7055615186691284], "lowlevel.spectral_contrast_coeffs.stdev": [0.0619940347969532, 0.06514311581850052, 0.04768269136548042, 0.04500006511807442, 0.04711170122027397, 0.04034733399748802], "lowlevel.spectral_contrast_valleys.mean": [-6.726415634155273, -7.294064521789551, -7.599669456481934, -7.607509136199951, -7.102940559387207, -10.116423606872559], "lowlevel.spectral_contrast_valleys.stdev": [1.4947576522827148, 0.7800964117050171, 0.8168054819107056, 0.6573116779327393, 0.6716665625572205, 1.009087324142456], "rhythm.beats_loudness_band_ratio.mean": [0.6521906852722168, 0.14995719492435455, 0.031790539622306824, 0.052252691239118576, 0.05751078203320503, 0.08434687554836273], "rhythm.beats_loudness_band_ratio.stdev": [0.28401315212249756, 0.16674523055553436, 0.041189078241586685, 0.07335192710161209, 0.08138184249401093, 0.06520416587591171], "tonal.hpcp.mean": [0.8097180724143982, 0.4703187942504883, 0.09383545815944672, 0.06310325115919113, 0.04795625060796738, 0.039313122630119324, 0.03583362326025963, 0.03138630837202072, 0.032211367040872574, 0.039914362132549286, 0.042751602828502655, 0.03894958272576332, 0.04222004488110542, 0.03999016061425209, 0.03170457109808922, 0.032585084438323975, 0.03286123275756836, 0.03005431406199932, 0.028709180653095245, 0.035433121025562286, 0.09111245721578598, 0.1824224293231964, 0.14250455796718597, 0.06856175512075424, 0.07518565654754639, 0.07019679993391037, 0.06266902387142181, 0.04675223305821419, 0.03500653803348541, 0.036147940903902054, 0.03687778115272522, 0.03823497146368027, 0.048315923660993576, 0.07364606857299805, 0.13080763816833496, 0.4832705557346344], "tonal.hpcp.stdev": [0.3221980929374695, 0.2766370475292206, 0.19741690158843994, 0.17676803469657898, 0.14150424301624298, 0.13019300997257233, 0.12224437296390533, 0.11731688678264618, 0.12377813458442688, 0.13835939764976501, 0.14202719926834106, 0.1330960988998413, 0.1350426971912384, 0.12195820361375809, 0.10018137097358704, 0.11513042449951172, 0.11549188941717148, 0.09709135442972183, 0.09798862785100937, 0.10740163177251816, 0.13230736553668976, 0.12800468504428864, 0.1302737444639206, 0.17066283524036407, 0.19026030600070953, 0.18321113288402557, 0.18435920774936676, 0.14749634265899658, 0.1133674830198288, 0.1175163984298706, 0.12578164041042328, 0.12398818135261536, 0.14659343659877777, 0.18521416187286377, 0.24112585186958313, 0.25286802649497986], "rhythm.beats_position": [0.3831292390823364, 0.7894784212112427, 1.2190475463867188, 1.6486167907714844, 2.0897958278656006, 2.530975103378296, 2.972154140472412, 3.4017233848571777, 3.8312923908233643, 4.2724714279174805, 4.713650703430176, 5.154829978942871, 5.584399223327637, 6.013967990875244, 6.4551472663879395, 6.896326541900635, 7.337505340576172, 7.7670745849609375, 8.196643829345703, 8.626213073730469, 9.079002380371094, 9.50857162475586, 9.949749946594238, 10.379319190979004, 10.8204984664917, 11.261677742004395, 11.69124698638916, 12.120816230773926, 12.561995506286621, 13.003174781799316, 13.432743072509766, 13.862312316894531, 14.303491592407227, 14.744670867919922, 15.185850143432617, 15.627029418945312, 16.056598663330078, 16.486167907714844, 16.92734718322754, 17.368526458740234, 17.798095703125, 18.227664947509766, 18.668842315673828, 19.110021591186523, 19.55120086669922, 19.992380142211914, 20.42194938659668, 20.851518630981445, 21.29269790649414, 21.733877182006836, 22.1634464263916, 22.593015670776367, 23.034194946289062, 23.475374221801758, 23.904943466186523, 24.33451271057129, 24.775691986083984, 25.216869354248047, 25.658048629760742, 26.099227905273438, 26.540407180786133], "rhythm.bpm_histogram": [0.0, 0.0, 0.0, 0.0, 0.0, 0.0, 0.0, 0.0, 0.0, 0.0, 0.0, 0.0, 0.0, 0.0, 0.0, 0.0, 0.0, 0.0, 0.0, 0.0, 0.0, 0.0, 0.0, 0.0, 0.0, 0.0, 0.0, 0.0, 0.0, 0.0, 0.0, 0.0, 0.0, 0.0, 0.0, 0.0, 0.0, 0.0, 0.0, 0.0, 0.0, 0.0, 0.0, 0.0, 0.0, 0.0, 0.0, 0.0, 0.0, 0.0, 0.0, 0.0, 0.0, 0.0, 0.0, 0.0, 0.0, 0.0, 0.0, 0.0, 0.0, 0.0, 0.0, 0.0, 0.0, 0.0, 0.0, 0.0, 0.0, 0.0, 0.0, 0.0, 0.0, 0.0, 0.0, 0.0, 0.0, 0.0, 0.0, 0.0, 0.0, 0.0, 0.0, 0.0, 0.0, 0.0, 0.0, 0.0, 0.0, 0.0, 0.0, 0.0, 0.0, 0.0, 0.0, 0.0, 0.0, 0.0, 0.0, 0.0, 0.0, 0.0, 0.0, 0.0, 0.0, 0.0, 0.0, 0.0, 0.0, 0.0, 0.0, 0.0, 0.0, 0.0, 0.0, 0.0, 0.0, 0.0, 0.0, 0.0, 0.0, 0.0, 0.0, 0.0, 0.0, 0.0, 0.0, 0.0, 0.0, 0.0, 0.0, 0.0, 0.0, 0.01666666753590107, 0.0, 0.0, 0.550000011920929, 0.0, 0.0, 0.0, 0.4166666567325592, 0.0, 0.0, 0.0, 0.0, 0.0, 0.0, 0.0, 0.01666666753590107, 0.0, 0.0, 0.0, 0.0, 0.0, 0.0, 0.0, 0.0, 0.0, 0.0, 0.0, 0.0, 0.0, 0.0, 0.0, 0.0, 0.0, 0.0, 0.0, 0.0, 0.0, 0.0, 0.0, 0.0, 0.0, 0.0, 0.0, 0.0, 0.0, 0.0, 0.0, 0.0, 0.0, 0.0, 0.0, 0.0, 0.0, 0.0, 0.0, 0.0, 0.0, 0.0, 0.0, 0.0, 0.0, 0.0, 0.0, 0.0, 0.0, 0.0, 0.0, 0.0, 0.0, 0.0, 0.0, 0.0, 0.0, 0.0, 0.0, 0.0, 0.0, 0.0, 0.0, 0.0, 0.0, 0.0, 0.0, 0.0, 0.0, 0.0, 0.0, 0.0, 0.0, 0.0, 0.0, 0.0, 0.0, 0.0, 0.0, 0.0, 0.0, 0.0, 0.0, 0.0, 0.0, 0.0, 0.0, 0.0, 0.0, 0.0, 0.0, 0.0, 0.0, 0.0, 0.0, 0.0, 0.0, 0.0, 0.0, 0.0, 0.0], "tonal.chords_histogram": [23.356401443481445, 1.730103850364685, 2.076124668121338, 0.0, 0.0, 0.0, 0.0, 1.2110726833343506, 4.325259685516357, 61.93771743774414, 0.0, 0.0, 0.0, 0.0, 0.0, 0.0, 2.595155715942383, 0.0, 0.34602075815200806, 0.34602075815200806, 0.0, 0.0, 0.0, 2.076124668121338], "tonal.thpcp": [1.0, 0.5808426737785339, 0.11588657647371292, 0.07793237268924713, 0.059225860983133316, 0.04855161905288696, 0.04425444453954697, 0.03876202180981636, 0.03978096693754196, 0.04929414764046669, 0.052798133343458176, 0.04810264706611633, 0.05214165896177292, 0.04938775673508644, 0.03915507346391678, 0.040242504328489304, 0.040583547204732895, 0.03711701184511185, 0.03545577451586723, 0.04375982657074928, 0.11252368241548538, 0.22529129683971405, 0.17599280178546906, 0.08467361330986023, 0.09285411983728409, 0.08669289201498032, 0.07739610224962234, 0.057738903909921646, 0.0432329960167408, 0.044642627239227295, 0.04554397612810135, 0.047220103442668915, 0.05967005714774132, 0.09095273166894913, 0.16154713928699493, 0.5968380570411682], "lowlevel.gfcc.cov": [[5837.28515625, 487.97442626953125, 1521.5133056640625, 487.0688781738281, 440.7775573730469, 540.7064819335938, 114.60711669921875, 117.41259002685547, -292.5120544433594, 6.933846950531006, -95.70442199707031, 197.7029571533203, -254.06076049804688], [487.97442626953125, 1384.0364990234375, 717.478759765625, 182.6729278564453, 596.3985595703125, 88.64545440673828, 347.1683654785156, 55.79269027709961, 28.37535285949707, -37.778228759765625, 18.053640365600586, -18.606111526489258, -49.69660568237305], [1521.5133056640625, 717.478759765625, 2121.9716796875, 739.5723266601562, 877.4556884765625, 553.89208984375, 368.70574951171875, 83.80546569824219, -57.39759063720703, 13.441499710083008, -193.4956817626953, 73.05492401123047, -112.15342712402344], [487.0688781738281, 182.6729278564453, 739.5723266601562, 581.4295654296875, 401.90997314453125, 210.82850646972656, 87.4450454711914, 29.987197875976562, 27.032684326171875, -17.951404571533203, -55.63484191894531, -1.9377135038375854, -29.946985244750977], [440.7775573730469, 596.3985595703125, 877.4556884765625, 401.90997314453125, 721.4141845703125, 224.79005432128906, 238.06956481933594, 66.13800811767578, 7.483944892883301, 5.206298351287842, -74.25955200195312, -6.763126850128174, -64.66203308105469], [540.7064819335938, 88.64545440673828, 553.89208984375, 210.82850646972656, 224.79005432128906, 434.97021484375, 200.44161987304688, -2.4451217651367188, -71.83690643310547, -14.871711730957031, -64.68109893798828, 7.675619602203369, -53.3889274597168], [114.60711669921875, 347.1683654785156, 368.70574951171875, 87.4450454711914, 238.06956481933594, 200.44161987304688, 313.477294921875, 51.788665771484375, -33.57356643676758, -37.25716781616211, -32.60342788696289, 9.8046293258667, -51.44280242919922], [117.41259002685547, 55.79269027709961, 83.80546569824219, 29.987197875976562, 66.13800811767578, -2.4451217651367188, 51.788665771484375, 108.2625732421875, 27.46233558654785, 2.079960346221924, -10.323577880859375, -2.152658224105835, -18.572555541992188], [-292.5120544433594, 28.37535285949707, -57.39759063720703, 27.032684326171875, 7.483944892883301, -71.83690643310547, -33.57356643676758, 27.46233558654785, 113.78128051757812, 37.21270751953125, 9.749862670898438, -21.439027786254883, 5.298180103302002], [6.933846950531006, -37.778228759765625, 13.441499710083008, -17.951404571533203, 5.206298351287842, -14.871711730957031, -37.25716781616211, 2.079960346221924, 37.21270751953125, 77.39991760253906, 9.901839256286621, 2.472841739654541, -8.185903549194336], [-95.70442199707031, 18.053640365600586, -193.4956817626953, -55.63484191894531, -74.25955200195312, -64.68109893798828, -32.60342788696289, -10.323577880859375, 9.749862670898438, 9.901839256286621, 86.26826477050781, 9.13396167755127, 10.711453437805176], [197.7029571533203, -18.606111526489258, 73.05492401123047, -1.9377135038375854, -6.763126850128174, 7.675619602203369, 9.8046293258667, -2.152658224105835, -21.439027786254883, 2.472841739654541, 9.13396167755127, 71.54058074951172, 11.82204818725586], [-254.06076049804688, -49.69660568237305, -112.15342712402344, -29.946985244750977, -64.66203308105469, -53.3889274597168, -51.44280242919922, -18.572555541992188, 5.298180103302002, -8.185903549194336, 10.711453437805176, 11.82204818725586, 83.96926879882812]], "lowlevel.gfcc.icov": [[0.0004291919758543372, -0.00046711484901607037, 7.527097750426037e-06, -0.0003736370417755097, 0.0003582617500796914, -0.0004808341327589005, 0.0010302243754267693, -0.0009412443032488227, 0.0013349854853004217, -0.0004735207185149193, 0.0004524177929852158, -0.0012625568779185414, 0.0012817011447623372], [-0.00046711484901607037, 0.002600188134238124, -0.0009323321282863617, 0.001576300710439682, -0.0018489831127226353, 0.0015427801990881562, -0.0027118646539747715, 0.0019871832337230444, -0.002735193818807602, 0.002369701163843274, -0.0034046743530780077, 0.0028819518629461527, -0.0017901330720633268], [7.527097750426037e-06, -0.0009323321282863617, 0.002278791507706046, -0.0017906726570799947, -0.00033537286799401045, -0.0010461719939485192, 0.00031031560502015054, -0.000676385301630944, 0.0013343781465664506, -0.0022052039857953787, 0.003431237768381834, -0.0026880064979195595, 0.0006346592563204467], [-0.0003736370417755097, 0.001576300710439682, -0.0017906726570799947, 0.005671564489603043, -0.0026214902754873037, -0.0005400599911808968, 0.00045811125892214477, 0.001393039245158434, -0.004912002943456173, 0.00528228422626853, -0.0035419119521975517, 0.0022393639665097, -0.00137846521101892], [0.0003582617500796914, -0.0018489831127226353, -0.00033537286799401045, -0.0026214902754873037, 0.005175595171749592, -0.000165482924785465, -0.0001533214672235772, -0.0016614225460216403, 0.0024649747647345066, -0.003233425784856081, 0.0023877613712102175, -0.0003915508568752557, 0.0013055092422291636], [-0.0004808341327589005, 0.0015427801990881562, -0.0010461719939485192, -0.0005400599911808968, -0.000165482924785465, 0.006392023991793394, -0.004972971975803375, 0.0028996076434850693, 0.000936798402108252, -0.0009796563535928726, -0.0006474560941569507, 0.0034394445829093456, -0.0011565127642825246], [0.0010302243754267693, -0.0027118646539747715, 0.00031031560502015054, 0.00045811125892214477, -0.0001533214672235772, -0.004972971975803375, 0.011269880458712578, -0.0052519384771585464, 0.0025995648466050625, 0.002493504201993346, 0.0018262611702084541, -0.005433967802673578, 0.005163854453712702], [-0.0009412443032488227, 0.0019871832337230444, -0.000676385301630944, 0.001393039245158434, -0.0016614225460216403, 0.0028996076434850693, -0.0052519384771585464, 0.014385763555765152, -0.0068006063811481, 0.0024760968517512083, -0.0012680235086008906, 0.002751801162958145, -0.0011050027096644044], [0.0013349854853004217, -0.002735193818807602, 0.0013343781465664506, -0.004912002943456173, 0.0024649747647345066, 0.000936798402108252, 0.0025995648466050625, -0.0068006063811481, 0.0208806861191988, -0.011633435264229774, 0.0036270483396947384, -0.0004896919126622379, 0.0021877118851989508], [-0.0004735207185149193, 0.002369701163843274, -0.0022052039857953787, 0.00528228422626853, -0.003233425784856081, -0.0009796563535928726, 0.002493504201993346, 0.0024760968517512083, -0.011633435264229774, 0.023484405130147934, -0.006442209705710411, 9.518613660475239e-05, 0.0017025897977873683], [0.0004524177929852158, -0.0034046743530780077, 0.003431237768381834, -0.0035419119521975517, 0.0023877613712102175, -0.0006474560941569507, 0.0018262611702084541, -0.0012680235086008906, 0.0036270483396947384, -0.006442209705710411, 0.021149132400751114, -0.00752317113801837, 0.0024434379301965237], [-0.0012625568779185414, 0.0028819518629461527, -0.0026880064979195595, 0.0022393639665097, -0.0003915508568752557, 0.0034394445829093456, -0.005433967802673578, 0.002751801162958145, -0.0004896919126622379, 9.518613660475239e-05, -0.00752317113801837, 0.023586459457874298, -0.008061915636062622], [0.0012817011447623372, -0.0017901330720633268, 0.0006346592563204467, -0.00137846521101892, 0.0013055092422291636, -0.0011565127642825246, 0.005163854453712702, -0.0011050027096644044, 0.0021877118851989508, 0.0017025897977873683, 0.0024434379301965237, -0.008061915636062622, 0.01912412792444229]], "lowlevel.mfcc.cov": [[5112.08056640625, 108.24305725097656, 712.0868530273438, 78.17575073242188, 249.59323120117188, 204.86642456054688, 277.45050048828125, 177.6582489013672, -123.34651184082031, -116.3614730834961, -5.628159999847412, 52.01911544799805, -58.87754440307617], [108.24305725097656, 1412.2579345703125, 298.4482116699219, 346.3157043457031, 259.9279479980469, 204.236083984375, 321.3772888183594, 184.31802368164062, 140.3477325439453, 60.61245346069336, 57.38291931152344, 52.08982467651367, 48.47195816040039], [712.0868530273438, 298.4482116699219, 1153.8150634765625, 408.9217834472656, 449.6667175292969, 483.1966552734375, 335.10626220703125, 235.48599243164062, 184.8821258544922, 48.9810676574707, -0.8668597936630249, 23.769311904907227, -16.25139045715332], [78.17575073242188, 346.3157043457031, 408.9217834472656, 553.3795776367188, 394.00091552734375, 189.5735321044922, 133.16529846191406, 135.050537109375, 114.48273468017578, 69.78044891357422, 18.02511215209961, -7.720224857330322, 48.56876754760742], [249.59323120117188, 259.9279479980469, 449.6667175292969, 394.00091552734375, 500.9969787597656, 270.06268310546875, 160.53147888183594, 101.77014923095703, 113.92417907714844, 84.46781158447266, 5.333678722381592, 4.8938398361206055, 15.516899108886719], [204.86642456054688, 204.236083984375, 483.1966552734375, 189.5735321044922, 270.06268310546875, 442.9761047363281, 278.566650390625, 156.36219787597656, 115.92105102539062, 40.460777282714844, 25.103153228759766, 26.766923904418945, -29.40781021118164], [277.45050048828125, 321.3772888183594, 335.10626220703125, 133.16529846191406, 160.53147888183594, 278.566650390625, 348.8450927734375, 190.57179260253906, 93.50601959228516, 18.01841926574707, 23.838266372680664, 27.13002586364746, -26.62583351135254], [177.6582489013672, 184.31802368164062, 235.48599243164062, 135.050537109375, 101.77014923095703, 156.36219787597656, 190.57179260253906, 196.95559692382812, 81.17436981201172, 24.492990493774414, 25.692718505859375, 4.614314556121826, 2.468205213546753], [-123.34651184082031, 140.3477325439453, 184.8821258544922, 114.48273468017578, 113.92417907714844, 115.92105102539062, 93.50601959228516, 81.17436981201172, 138.66163635253906, 50.7282600402832, 2.8395471572875977, 4.576475620269775, 7.137131690979004], [-116.3614730834961, 60.61245346069336, 48.9810676574707, 69.78044891357422, 84.46781158447266, 40.460777282714844, 18.01841926574707, 24.492990493774414, 50.7282600402832, 99.29576110839844, 38.41758728027344, -5.139486312866211, 7.391195297241211], [-5.628159999847412, 57.38291931152344, -0.8668597936630249, 18.02511215209961, 5.333678722381592, 25.103153228759766, 23.838266372680664, 25.692718505859375, 2.8395471572875977, 38.41758728027344, 86.18746948242188, 17.10196876525879, 1.7447034120559692], [52.01911544799805, 52.08982467651367, 23.769311904907227, -7.720224857330322, 4.8938398361206055, 26.766923904418945, 27.13002586364746, 4.614314556121826, 4.576475620269775, -5.139486312866211, 17.10196876525879, 65.60977172851562, 20.665668487548828], [-58.87754440307617, 48.47195816040039, -16.25139045715332, 48.56876754760742, 15.516899108886719, -29.40781021118164, -26.62583351135254, 2.468205213546753, 7.137131690979004, 7.391195297241211, 1.7447034120559692, 20.665668487548828, 74.72467041015625]], "lowlevel.mfcc.icov": [[0.00026697892462834716, -3.48810476680228e-06, -0.00022495216398965567, 0.00018677300249692053, -0.00028282153652980924, 0.00023053419135976583, -9.292335744248703e-05, -0.00030336412601172924, 0.0005796899204142392, 0.00023639101709704846, -4.83021758554969e-05, -0.00017157952242996544, 0.00013849754759576172], [-3.48810476680228e-06, 0.0011019716039299965, 0.00010377838771091774, -0.0005512509378604591, 1.6611243154329713e-06, 0.00044442835496738553, -0.0013671541819348931, 0.0004667600733228028, -0.0005035210633650422, 6.547684461111203e-05, -0.0004506965051405132, -0.00029888900462538004, -0.000529904558788985], [-0.00022495216398965567, 0.00010377838771091774, 0.002231214428320527, -0.0007100632064975798, -0.0003420029825065285, -0.0015047219349071383, 0.00014038849622011185, -0.0005015791393816471, -0.001109610078856349, 0.0003621811338234693, 0.0005947480676695704, -0.0003552300331648439, 0.00040214770706370473], [0.00018677300249692053, -0.0005512509378604591, -0.0007100632064975798, 0.005779786966741085, -0.004172134678810835, 0.0008968333131633699, 0.0009297061478719115, -0.0021366181317716837, -0.00020937649242114276, 0.0013508714037016034, -0.0014446420827880502, 0.0022155100014060736, -0.0024778179358690977], [-0.00028282153652980924, 1.6611243154329713e-06, -0.0003420029825065285, -0.004172134678810835, 0.007368013262748718, -0.002472378546372056, -0.0003885482728946954, 0.0022234958596527576, 4.891185380984098e-05, -0.00400953833013773, 0.002481713891029358, -0.0007179140811786056, 0.00023109033645596355], [0.00023053419135976583, 0.00044442835496738553, -0.0015047219349071383, 0.0008968333131633699, -0.002472378546372056, 0.00759426224976778, -0.0040135919116437435, 0.00023616627731826156, -0.0010213168570771813, 0.0007909847190603614, -0.0016451154369860888, -0.0010316901607438922, 0.0013904236257076263], [-9.292335744248703e-05, -0.0013671541819348931, 0.00014038849622011185, 0.0009297061478719115, -0.0003885482728946954, -0.0040135919116437435, 0.011528624221682549, -0.007533422205597162, 0.00025457661831751466, 0.0007626323495060205, 0.001087402692064643, -0.002772551029920578, 0.003739346982911229], [-0.00030336412601172924, 0.0004667600733228028, -0.0005015791393816471, -0.0021366181317716837, 0.0022234958596527576, 0.00023616627731826156, -0.007533422205597162, 0.014932538382709026, -0.0041163284331560135, 0.000654545787256211, -0.0033233521971851587, 0.0039044690784066916, -0.003482259577140212], [0.0005796899204142392, -0.0005035210633650422, -0.001109610078856349, -0.00020937649242114276, 4.891185380984098e-05, -0.0010213168570771813, 0.00025457661831751466, -0.0041163284331560135, 0.015386763960123062, -0.006791789550334215, 0.00476633058860898, -0.0019737165421247482, 0.00012944647460244596], [0.00023639101709704846, 6.547684461111203e-05, 0.0003621811338234693, 0.0013508714037016034, -0.00400953833013773, 0.0007909847190603614, 0.0007626323495060205, 0.000654545787256211, -0.006791789550334215, 0.019712626934051514, -0.010131509974598885, 0.0045622470788657665, -0.0015877537662163377], [-4.83021758554969e-05, -0.0004506965051405132, 0.0005947480676695704, -0.0014446420827880502, 0.002481713891029358, -0.0016451154369860888, 0.001087402692064643, -0.0033233521971851587, 0.00476633058860898, -0.010131509974598885, 0.018833063542842865, -0.006567160598933697, 0.0025804443284869194], [-0.00017157952242996544, -0.00029888900462538004, -0.0003552300331648439, 0.0022155100014060736, -0.0007179140811786056, -0.0010316901607438922, -0.002772551029920578, 0.0039044690784066916, -0.0019737165421247482, 0.0045622470788657665, -0.006567160598933697, 0.02243877947330475, -0.009147432632744312], [0.00013849754759576172, -0.000529904558788985, 0.00040214770706370473, -0.0024778179358690977, 0.00023109033645596355, 0.0013904236257076263, 0.003739346982911229, -0.003482259577140212, 0.00012944647460244596, -0.0015877537662163377, 0.0025804443284869194, -0.009147432632744312, 0.02009415067732334]], "metadata.audio_properties.analysis.downmix": "mix", "metadata.audio_properties.codec": "mp3", "metadata.audio_properties.md5_encoded": "515f1ed493f4cc4e571c0af521ce181a", "metadata.tags.file_name": "1183654606480343050.mp3", "metadata.version.essentia": "2.1-beta6-dev", "metadata.version.essentia_git_sha": "v2.1_beta5-1110-g77a6a954", "metadata.version.extractor": "music 2.0", "tonal.chords_key": "A", "tonal.chords_scale": "major", "tonal.key_edma.key": "D", "tonal.key_edma.scale": "minor", "tonal.key_krumhansl.key": "D", "tonal.key_krumhansl.scale": "minor", "tonal.key_temperley.key": "D", "tonal.key_temper