{"song_id": "1183688717068677170", "download": "https://cdn.discordapp.com/attachments/1135911532732108921/1183688717068677170/chirp.mp4?ex=65893f06&amp", "lyrics": "[verse]\nFier d'\u00eatre Mubembe, je le proclame haut et fort,\nMon c\u0153ur bat au rythme de ce nom si pr\u00e9cieux,\nUne identit\u00e9 qui me lie \u00e0 mes anc\u00eatres, \u00e0 mon sort,\nMubembe, un h\u00e9ritage qui rend ma vie si pr\u00e9cieuse.\n[chorus]\nDans les veines de ma lign\u00e9e, coule la force des a\u00een\u00e9s,\nLeurs histoires, leurs combats, leur courage sans fin,\nJe me sens port\u00e9 par leur \u00e9nergie, par leur \ndignit\u00e9,\nFier d'\u00eatre Mubembe, je suis le fruit de leur destin.", "style": ["hymne national rondeau rapide"], "essentia_features": {"lowlevel.average_loudness": 0.8938611149787903, "lowlevel.barkbands_crest.mean": 15.718302726745605, "lowlevel.barkbands_crest.stdev": 4.673782825469971, "lowlevel.barkbands_flatness_db.mean": 0.502890944480896, "lowlevel.barkbands_flatness_db.stdev": 0.04876135662198067, "lowlevel.barkbands_kurtosis.mean": 9.087411880493164, "lowlevel.barkbands_kurtosis.stdev": 21.316354751586914, "lowlevel.barkbands_skewness.mean": 0.7231412529945374, "lowlevel.barkbands_skewness.stdev": 1.3657675981521606, "lowlevel.barkbands_spread.mean": 1.7615001201629639, "lowlevel.barkbands_spread.stdev": 1.981279969215393, "lowlevel.dissonance.mean": 0.27711936831474304, "lowlevel.dissonance.stdev": 0.09238513559103012, "lowlevel.dynamic_complexity": 2.956289052963257, "lowlevel.erbbands_crest.mean": 18.92258644104004, "lowlevel.erbbands_crest.stdev": 6.984175205230713, "lowlevel.erbbands_flatness_db.mean": 0.5129147171974182, "lowlevel.erbbands_flatness_db.stdev": 0.04297957941889763, "lowlevel.erbbands_kurtosis.mean": 5.752896785736084, "lowlevel.erbbands_kurtosis.stdev": 9.449624061584473, "lowlevel.erbbands_skewness.mean": 0.5482023358345032, "lowlevel.erbbands_skewness.stdev": 1.2244435548782349, "lowlevel.erbbands_spread.mean": 4.11622953414917, "lowlevel.erbbands_spread.stdev": 3.0818612575531006, "lowlevel.hfc.mean": 11.87146282196045, "lowlevel.hfc.stdev": 9.959396362304688, "lowlevel.loudness_ebu128.integrated": -18.09199333190918, "lowlevel.loudness_ebu128.loudness_range": 4.160516738891602, "lowlevel.loudness_ebu128.momentary.mean": -18.867761611938477, "lowlevel.loudness_ebu128.momentary.stdev": 2.8126025199890137, "lowlevel.loudness_ebu128.short_term.mean": -18.28814125061035, "lowlevel.loudness_ebu128.short_term.stdev": 1.4129103422164917, "lowlevel.melbands_crest.mean": 18.385957717895508, "lowlevel.melbands_crest.stdev": 5.759265422821045, "lowlevel.melbands_flatness_db.mean": 0.6129666566848755, "lowlevel.melbands_flatness_db.stdev": 0.05471610650420189, "lowlevel.melbands_kurtosis.mean": 5.033860206604004, "lowlevel.melbands_kurtosis.stdev": 8.427823066711426, "lowlevel.melbands_skewness.mean": 0.42464908957481384, "lowlevel.melbands_skewness.stdev": 1.2106012105941772, "lowlevel.melbands_spread.mean": 3.434218645095825, "lowlevel.melbands_spread.stdev": 3.4113073348999023, "lowlevel.pitch_salience.mean": 0.48477983474731445, "lowlevel.pitch_salience.stdev": 0.12241179496049881, "lowlevel.silence_rate_20dB.mean": 1.0, "lowlevel.silence_rate_20dB.stdev": 0.0, "lowlevel.silence_rate_30dB.mean": 0.9994206428527832, "lowlevel.silence_rate_30dB.stdev": 0.024063391610980034, "lowlevel.silence_rate_60dB.mean": 0.02896871417760849, "lowlevel.silence_rate_60dB.stdev": 0.16771872341632843, "lowlevel.spectral_centroid.mean": 495.0063781738281, "lowlevel.spectral_centroid.stdev": 292.3863830566406, "lowlevel.spectral_complexity.mean": 6.866744041442871, "lowlevel.spectral_complexity.stdev": 1.9952666759490967, "lowlevel.spectral_decrease.mean": -5.948806336419921e-09, "lowlevel.spectral_decrease.stdev": 4.29110125210741e-09, "lowlevel.spectral_energy.mean": 0.023528948426246643, "lowlevel.spectral_energy.stdev": 0.0170598067343235, "lowlevel.spectral_energyband_high.mean": 2.17865760987479e-08, "lowlevel.spectral_energyband_high.stdev": 1.868412908834216e-07, "lowlevel.spectral_energyband_low.mean": 0.00013427442172542214, "lowlevel.spectral_energyband_low.stdev": 0.000407246669055894, "lowlevel.spectral_energyband_middle_high.mean": 0.0009794895304366946, "lowlevel.spectral_energyband_middle_high.stdev": 0.0021601258777081966, "lowlevel.spectral_energyband_middle_low.mean": 0.02270873822271824, "lowlevel.spectral_energyband_middle_low.stdev": 0.016947606578469276, "lowlevel.spectral_entropy.mean": 4.791818618774414, "lowlevel.spectral_entropy.stdev": 0.37903302907943726, "lowlevel.spectral_flux.mean": 0.03196859359741211, "lowlevel.spectral_flux.stdev": 0.029950890690088272, "lowlevel.spectral_kurtosis.mean": 287.86492919921875, "lowlevel.spectral_kurtosis.stdev": 120.8248062133789, "lowlevel.spectral_rms.mean": 0.004481201991438866, "lowlevel.spectral_rms.stdev": 0.0016952671576291323, "lowlevel.spectral_rolloff.mean": 610.553955078125, "lowlevel.spectral_rolloff.stdev": 506.0165710449219, "lowlevel.spectral_skewness.mean": 13.280523300170898, "lowlevel.spectral_skewness.stdev": 3.2149314880371094, "lowlevel.spectral_spread.mean": 664427.3125, "lowlevel.spectral_spread.stdev": 1075698.625, "lowlevel.spectral_strongpeak.mean": 2.108665943145752, "lowlevel.spectral_strongpeak.stdev": 1.524263858795166, "lowlevel.zerocrossingrate.mean": 0.02365589700639248, "lowlevel.zerocrossingrate.stdev": 0.016457324847579002, "metadata.audio_properties.analysis.equal_loudness": 0.0, "metadata.audio_properties.analysis.length": 40.04265213012695, "metadata.audio_properties.analysis.sample_rate": 44100.0, "metadata.audio_properties.analysis.start_time": 0.0, "metadata.audio_properties.bit_rate": 84340.0, "metadata.audio_properties.length": 40.042667388916016, "metadata.audio_properties.lossless": 0.0, "metadata.audio_properties.number_channels": 1.0, "metadata.audio_properties.replay_gain": -9.897041320800781, "metadata.audio_properties.sample_rate": 48000.0, "rhythm.beats_count": 85.0, "rhythm.beats_loudness.mean": 0.031565189361572266, "rhythm.beats_loudness.stdev": 0.02027643471956253, "rhythm.bpm": 129.70326232910156, "rhythm.bpm_histogram_first_peak_bpm": 129.0, "rhythm.bpm_histogram_first_peak_weight": 0.523809552192688, "rhythm.bpm_histogram_second_peak_bpm": 136.0, "rhythm.bpm_histogram_second_peak_spread": 0.09090912342071533, "rhythm.bpm_histogram_second_peak_weight": 0.2380952388048172, "rhythm.danceability": 0.9462662935256958, "rhythm.onset_rate": 3.9196672439575195, "tonal.chords_changes_rate": 0.05092592537403107, "tonal.chords_number_rate": 0.013888888992369175, "tonal.chords_strength.mean": 0.4302867352962494, "tonal.chords_strength.stdev": 0.08567091822624207, "tonal.hpcp_crest.mean": 19.294139862060547, "tonal.hpcp_crest.stdev": 6.517636775970459, "tonal.hpcp_entropy.mean": 1.1849199533462524, "tonal.hpcp_entropy.stdev": 0.4797973930835724, "tonal.key_edma.strength": 0.6580382585525513, "tonal.key_krumhansl.strength": 0.6783784627914429, "tonal.key_temperley.strength": 0.6971819996833801, "tonal.tuning_diatonic_strength": 0.4407368302345276, "tonal.tuning_equal_tempered_deviation": 0.00550166005268693, "tonal.tuning_frequency": 440.2542419433594, "tonal.tuning_nontempered_energy_ratio": 0.5888783931732178, "lowlevel.barkbands.mean": [1.628173777135089e-06, 1.4472685506916605e-05, 4.3088424718007445e-05, 0.00025184848345816135, 0.002583976136520505, 0.0042771282605826855, 0.003815822536125779, 0.008723287843167782, 0.002559872344136238, 0.0009127038647420704, 0.00020199251594021916, 7.751233351882547e-05, 4.544717012322508e-05, 9.53615290200105e-06, 6.889920769026503e-06, 1.210943537444109e-06, 1.7593331449461402e-06, 4.929651709062455e-07, 2.196695447764796e-07, 6.277161901380168e-08, 4.464552283423018e-09, 2.6283248910630164e-09, 1.8327941386786506e-09, 1.445964348256723e-09, 1.3377846608264576e-09, 1.7026517973306454e-09, 9.007612433720169e-10], "lowlevel.barkbands.stdev": [2.1401428966782987e-06, 2.989279164467007e-05, 0.0001968337019206956, 0.0005711099947802722, 0.0046029724180698395, 0.005689590238034725, 0.003989232238382101, 0.014120313338935375, 0.007292642258107662, 0.002753080800175667, 0.0005992507794871926, 0.00011143842129968107, 9.605231025489047e-05, 2.0175704776193015e-05, 1.6284318917314522e-05, 2.547040594436112e-06, 5.695399522664957e-06, 1.1078972192990477e-06, 7.683055400775629e-07, 3.0708071108165313e-07, 3.6583312379434574e-08, 2.903983542523747e-08, 2.6803462560565094e-08, 2.1060490240643048e-08, 1.854117748223416e-08, 3.325644470919542e-08, 1.6229245725085661e-09], "lowlevel.erbbands.mean": [0.0002828073629643768, 0.0045654489658772945, 0.04566660895943642, 0.4755214750766754, 4.240811824798584, 7.985674858093262, 24.17137908935547, 37.72359848022461, 47.89927673339844, 58.803863525390625, 232.1538848876953, 67.11026763916016, 60.38017272949219, 18.780731201171875, 4.612064361572266, 3.617232084274292, 2.389256715774536, 0.736190140247345, 0.36313796043395996, 0.22995421290397644, 0.0731758400797844, 0.07863599061965942, 0.045546624809503555, 0.023132914677262306, 0.0054955314844846725, 0.0023097400553524494, 0.000312002666760236, 0.0001607218582648784, 0.00011285734944976866, 8.122358849504963e-05, 6.157551251817495e-05, 4.667978282668628e-05, 3.7767782487208024e-05, 2.9748009183094837e-05, 2.354376374569256e-05, 1.766805689840112e-05, 1.0235295121674426e-05, 2.3346108264377108e-06, 1.1399855793570168e-05, 2.6532874471740797e-05], "lowlevel.erbbands.stdev": [0.00042821947135962546, 0.011802582070231438, 0.17792801558971405, 1.0190401077270508, 9.757970809936523, 14.468832969665527, 37.71974563598633, 58.77376174926758, 50.840396881103516, 66.27568054199219, 384.1815490722656, 106.51007843017578, 176.24169921875, 40.15404510498047, 7.354963302612305, 4.725748062133789, 4.675583839416504, 1.2438602447509766, 0.6197585463523865, 0.5932735204696655, 0.14010317623615265, 0.21987032890319824, 0.16701044142246246, 0.07039391249418259, 0.01451057754456997, 0.009590331465005875, 0.0013846104266121984, 0.0015601315535604954, 0.0010553090833127499, 0.0008743407670408487, 0.0007726727635599673, 0.00048612701357342303, 0.0003368826874066144, 0.00020247297652531415, 0.00013929781562183052, 0.0001071448641596362, 6.03579574089963e-05, 1.3916182069806382e-05, 8.34305137686897e-06, 1.934798274305649e-05], "lowlevel.gfcc.mean": [-266.50213623046875, 248.80494689941406, -98.21846008300781, -110.64036560058594, -56.28350830078125, -40.816287994384766, -32.752540588378906, -9.312431335449219, -7.66160249710083, -15.26952075958252, -0.9070899486541748, -11.983859062194824, -5.721085548400879], "lowlevel.melbands.mean": [3.1923102596920216e-06, 1.917180634336546e-05, 0.00017500425747130066, 0.0004903189837932587, 0.0007361075840890408, 0.0008200135780498385, 0.0007622092962265015, 0.0007571515161544085, 0.001718444749712944, 0.00036804412957280874, 0.00029710200033150613, 7.340075535466895e-05, 1.8520018784329295e-05, 1.009074185276404e-05, 6.249170837691054e-06, 4.047185939271003e-06, 1.0623867865433567e-06, 5.177460593586147e-07, 5.146411012901808e-07, 1.3071183957436006e-07, 7.43240562428582e-08, 7.793223488761214e-08, 8.311695864904323e-08, 2.325114856205346e-08, 1.849823938471218e-08, 3.3813605249122247e-09, 4.160845445966288e-09, 7.674563762272157e-10, 1.4463315267665422e-10, 1.278605138432809e-10, 6.838922483876075e-11, 6.12854697545906e-11, 4.223097566091738e-11, 3.7451670237276247e-11, 2.893045004948025e-11, 2.236755052009709e-11, 1.929807355582902e-11, 1.6357611445916298e-11, 1.4412293407317645e-11, 1.190125775707429e-11], "lowlevel.melbands.stdev": [5.374857664719457e-06, 6.89165317453444e-05, 0.00033398784580640495, 0.0010187745792791247, 0.0011211807141080499, 0.0011904874118044972, 0.0007972159655764699, 0.0008467059233225882, 0.002847500843927264, 0.0008920311229303479, 0.0008982778526842594, 0.00018205150263383985, 4.162701225141063e-05, 1.3896463315177243e-05, 9.583346582076047e-06, 7.624107183801243e-06, 2.2803999399911845e-06, 9.341727604805783e-07, 1.608760157978395e-06, 2.8361461090753437e-07, 1.6929352852912416e-07, 1.8660490752608894e-07, 4.49964232984712e-07, 4.745623627400164e-08, 6.408318853345918e-08, 1.0925480964374401e-08, 1.9150020236224918e-08, 3.284025273941893e-09, 7.566480775267337e-10, 9.43112254958578e-10, 8.522093031260169e-10, 6.196043678130536e-10, 4.999243241599061e-10, 4.669742925678122e-10, 4.757384486353544e-10, 3.3612782002201413e-10, 2.915674923720246e-10, 2.364280993205625e-10, 2.1004747940978064e-10, 1.5383402884872055e-10], "lowlevel.melbands128.mean": [6.883631726850581e-07, 1.6443815411548712e-06, 3.576576546038268e-06, 7.330729658860946e-06, 1.5838049876037985e-05, 2.261001463921275e-05, 6.235947512323037e-05, 0.00015477024135179818, 0.00040349221671931446, 0.0007152470061555505, 0.0003259733784943819, 0.00045937817776575685, 0.0008711110567674041, 0.0009925247868523002, 0.0010708682239055634, 0.0005378028145059943, 0.0005311509594321251, 0.0009555514552630484, 0.0008472898043692112, 0.0005072662024758756, 0.0003540966135915369, 0.0023349144030362368, 0.0025703541468828917, 0.00021545772324316204, 0.0002328575064893812, 0.0004105823754798621, 0.0006182944634929299, 0.00023583635629620403, 0.00010196436051046476, 8.530129707651213e-05, 7.039336924208328e-05, 3.59104888048023e-05, 1.0745539839263074e-05, 9.817866157391109e-06, 7.889822882134467e-06, 1.2417525795171969e-05, 1.1264613021921832e-05, 1.5990760857675923e-06, 8.377506674150936e-06, 5.252650225884281e-06, 3.1940435292199254e-06, 1.3600135844171746e-06, 1.005861349767656e-06, 1.0901410405494971e-06, 4.242322404479637e-07, 3.8511365119120455e-07, 6.906740850354254e-07, 6.220246859811596e-07, 3.44597339108077e-07, 2.727551589032373e-07, 7.371160393176979e-08, 4.961221833355012e-08, 1.0939745465066153e-07, 5.4022930129349334e-08, 7.524261036451207e-08, 8.976838472563031e-08, 3.0731850841903e-08, 1.8845589977445343e-07, 4.121624286312908e-08, 1.4418752414258051e-08, 2.3708530250132753e-08, 2.7147041947728212e-08, 3.292398886856063e-08, 9.110629584085927e-09, 9.052758542793526e-09, 9.271867162929937e-10, 3.3129305965218236e-09, 1.9283528107649772e-09, 8.210308877210082e-09, 7.598547901999098e-10, 7.672390500701454e-10, 2.4879948101741434e-10, 1.694646367678132e-10, 9.959334745790471e-11, 1.6323399576467779e-10, 1.274692851271908e-10, 1.249892134236319e-10, 7.657657147275287e-11, 6.035062033449279e-11, 5.882545145441398e-11, 6.920548856204078e-11, 6.070917379918939e-11, 4.6896733024714976e-11, 4.023554753262992e-11, 3.99345834178888e-11, 3.4932449294311496e-11, 4.228118549720605e-11, 2.942046953280375e-11, 2.956815001176061e-11, 2.6951845269462815e-11, 2.379704419630535e-11, 2.091952479299497e-11, 1.9450486360428343e-11, 1.9402193393580625e-11, 2.002601036388274e-11, 1.6547164680136284e-11, 1.5619719059833947e-11, 1.5712537174139563e-11, 1.5023518887269383e-11, 1.3065605021511661e-11, 1.3024595291177832e-11, 1.1019048520855002e-11, 1.1653206177797415e-11, 1.2619206027353336e-11, 1.0220854544662483e-11, 9.949071948234245e-12, 1.0194359245652151e-11, 1.1272128196126996e-11, 1.0407371145437772e-11, 1.0790295740248368e-11, 1.00915968290205e-11, 1.0436400875446505e-11, 9.600838353496233e-12, 1.0095647408336905e-11, 9.620759050532612e-12, 1.100288003069716e-11, 5.587678757190684e-12, 4.118517159257262e-12, 4.0053381618332384e-12, 3.899332679663248e-12, 3.798314961167559e-12, 3.711796061484085e-12, 3.638025210944695e-12, 3.5735455393426374e-12, 3.4770723626731392e-12, 3.3524389861372406e-12, 3.2790046719521904e-12, 3.2548352034422745e-12], "lowlevel.melbands128.stdev": [1.1914985407202039e-06, 2.997720002895221e-06, 6.855273113615112e-06, 1.9407158106332645e-05, 7.948924030642956e-05, 0.00010482379730092362, 0.00020392729493323714, 0.0003548901586327702, 0.0010623958660289645, 0.0018059434369206429, 0.0006931188399903476, 0.0011550703784450889, 0.001780598540790379, 0.0015525285853073, 0.0021332406904548407, 0.0008451623725704849, 0.0007449068361893296, 0.0014027972938492894, 0.0012459687422960997, 0.0010268919868394732, 0.0007100672810338438, 0.0038602002896368504, 0.004545003175735474, 0.00035349209792912006, 0.0005786957335658371, 0.0013857888989150524, 0.0025744016747921705, 0.000840229622554034, 0.0006374973454512656, 0.00024318555369973183, 0.00020076824876014143, 0.00012234925816301256, 2.5703133360366337e-05, 3.278303483966738e-05, 2.1799876776640303e-05, 1.964364855666645e-05, 1.882405558717437e-05, 7.0278456405503675e-06, 2.5087199901463464e-05, 1.0811486390593927e-05, 9.587769454810768e-06, 3.7981922105245758e-06, 2.4156686322385212e-06, 3.6863018522126367e-06, 1.5674113456043415e-06, 8.618286528871977e-07, 1.9333256204845384e-06, 3.0578712539863773e-06, 1.2863926031059236e-06, 8.440296710432449e-07, 2.9127863854228053e-07, 1.3874750948161818e-07, 4.1050847698897996e-07, 1.308824835177802e-07, 1.7766372195637814e-07, 3.321657118249277e-07, 1.0674413175593145e-07, 1.1700142295012483e-06, 2.0624889884857112e-07, 5.338807795851608e-08, 6.049742040659112e-08, 7.081310826606568e-08, 1.7427750265142095e-07, 3.054275055092148e-08, 4.477014670101198e-08, 4.42376180131987e-09, 1.1076157768741268e-08, 6.219632808779352e-09, 4.651618112916367e-08, 3.809855986247612e-09, 5.324732210709726e-09, 1.0935637950737487e-09, 8.673176066231747e-10, 6.597302704136609e-10, 8.861897882184167e-10, 8.027726261516932e-10, 1.1257407228626448e-09, 1.1591561044355103e-09, 7.390710821120194e-10, 6.462763102454971e-10, 6.931211715688335e-10, 6.214913583768578e-10, 4.4662754050683873e-10, 4.898366712247082e-10, 5.593153162841702e-10, 4.390338370630076e-10, 4.840926548510538e-10, 4.237959982944517e-10, 5.376954437252834e-10, 4.580101575779594e-10, 3.6970018713056163e-10, 2.9233671039463616e-10, 2.6778468331656313e-10, 2.942973642561242e-10, 3.353460009680731e-10, 2.2866952775757454e-10, 2.1281132411843373e-10, 2.4135171639017017e-10, 2.2803448018748895e-10, 1.69697964014226e-10, 1.848774189294744e-10, 1.23201782109561e-10, 1.6029519378513157e-10, 2.1195072086310773e-10, 1.3086794148353675e-10, 1.342520261626845e-10, 1.5315475276889146e-10, 2.0502587128046201e-10, 1.775739694176437e-10, 2.0401239031464513e-10, 1.818235700890014e-10, 2.0524568156154999e-10, 1.7916133854267713e-10, 2.0724881533151773e-10, 1.9141248308596204e-10, 2.527693332421421e-10, 5.013777587548063e-11, 6.3406714774505435e-12, 6.198670483154034e-12, 5.999281800506129e-12, 5.831716620025018e-12, 5.6791797826971635e-12, 5.55176304234406e-12, 5.45522611458682e-12, 5.377124526889654e-12, 5.315094284835675e-12, 5.269249446493429e-12, 5.24079130787003e-12], "lowlevel.mfcc.mean": [-917.4295043945312, 297.50653076171875, 13.632270812988281, -52.00277328491211, -27.333864212036133, -33.695594787597656, -27.17310333251953, -12.928524017333984, -13.137800216674805, -7.981724739074707, -0.6188697218894958, -2.515707492828369, -4.556703567504883], "lowlevel.spectral_contrast_coeffs.mean": [-0.5560939311981201, -0.6051268577575684, -0.6451788544654846, -0.7343083024024963, -0.7686032652854919, -0.9364073276519775], "lowlevel.spectral_contrast_coeffs.stdev": [0.1316293478012085, 0.07901224493980408, 0.0982779935002327, 0.04759683087468147, 0.05676540732383728, 0.03701998293399811], "lowlevel.spectral_contrast_valleys.mean": [-8.865605354309082, -6.897464275360107, -8.891973495483398, -10.772171974182129, -12.776540756225586, -14.373218536376953], "lowlevel.spectral_contrast_valleys.stdev": [0.8423459529876709, 0.922397792339325, 0.8418506979942322, 0.8125336766242981, 0.8426814675331116, 1.1103037595748901], "rhythm.beats_loudness_band_ratio.mean": [0.0591638945043087, 0.3320574462413788, 0.6153630018234253, 0.060286931693553925, 0.0006046716589480639, 8.736666131881066e-06], "rhythm.beats_loudness_band_ratio.stdev": [0.11614236980676651, 0.2731243968009949, 0.2815229296684265, 0.1205359697341919, 0.0006477865390479565, 1.839678043324966e-05], "tonal.hpcp.mean": [0.2260456681251526, 0.09640813618898392, 0.08023719489574432, 0.1254090815782547, 0.04925952106714249, 0.05457809567451477, 0.09890599548816681, 0.04568512737751007, 0.014303041622042656, 0.026704302057623863, 0.013226032257080078, 0.041478898376226425, 0.06642013043165207, 0.026583481580018997, 0.23601773381233215, 0.41556888818740845, 0.1811038702726364, 0.0016113938763737679, 0.0025516217574477196, 0.0029320335015654564, 0.12072338163852692, 0.1943037360906601, 0.07742912322282791, 0.11868128925561905, 0.1730734258890152, 0.0567215196788311, 0.04067324101924896, 0.07724568247795105, 0.039132144302129745, 0.11243855208158493, 0.17449606955051422, 0.0665556862950325, 0.034172944724559784, 0.05380996689200401, 0.026035213842988014, 0.13709045946598053], "tonal.hpcp.stdev": [0.3510165214538574, 0.15949100255966187, 0.1894206553697586, 0.2988571226596832, 0.12276526540517807, 0.1360335350036621, 0.24417153000831604, 0.11327162384986877, 0.06660996377468109, 0.13108323514461517, 0.0662425309419632, 0.13160091638565063, 0.21472910046577454, 0.09182580560445786, 0.24804575741291046, 0.4323115646839142, 0.19305184483528137, 0.009654887951910496, 0.019894598051905632, 0.017314178869128227, 0.21562506258487701, 0.33236828446388245, 0.1349874585866928, 0.2390287220478058, 0.3389011323451996, 0.11559773236513138, 0.12567675113677979, 0.24134361743927002, 0.11955639719963074, 0.1986827552318573, 0.3033715784549713, 0.1282358318567276, 0.12840840220451355, 0.19799493253231049, 0.09780421853065491, 0.22257070243358612], "rhythm.beats_position": [0.5108389854431152, 1.0216779708862305, 1.5325169563293457, 2.0549659729003906, 2.554194927215576, 3.0302040576934814, 3.5062131881713867, 3.9938321113586426, 4.504671096801758, 5.015510082244873, 5.503129005432129, 5.967528343200684, 6.408707141876221, 6.861496448516846, 7.314285755157471, 7.778684616088867, 8.243083953857422, 8.684263229370117, 9.125441551208496, 9.58984088897705, 10.065850257873535, 10.576688766479492, 11.075918197631836, 11.57514762878418, 12.062766075134277, 12.561995506286621, 13.072834014892578, 13.548843383789062, 14.024852752685547, 14.489251136779785, 14.93043041229248, 15.406439781188965, 15.905668258666992, 16.393287658691406, 16.88090705871582, 17.368526458740234, 17.832923889160156, 18.28571319580078, 18.738502502441406, 19.20290184020996, 19.667301177978516, 20.10848045349121, 20.549659729003906, 20.9908390045166, 21.455238342285156, 21.91963768005371, 22.407255172729492, 22.883264541625977, 23.3360538482666, 23.800453186035156, 24.26485252380371, 24.752471923828125, 25.19365119934082, 25.646438598632812, 26.076007843017578, 26.517187118530273, 26.981586456298828, 27.445985794067383, 27.910385131835938, 28.386394500732422, 28.850793838500977, 29.3035831451416, 29.767980575561523, 30.232379913330078, 30.696779251098633, 31.149568557739258, 31.613967895507812, 32.055145263671875, 32.5079345703125, 32.94911575317383, 33.39029312133789, 33.83147430419922, 34.27265167236328, 34.71383285522461, 35.143402099609375, 35.59619140625, 36.048980712890625, 36.501766204833984, 36.94294738769531, 37.384124755859375, 37.8253059387207, 38.27809524536133, 38.73088455200195, 39.172061920166016, 39.613243103027344], "rhythm.bpm_histogram": [0.0, 0.0, 0.0, 0.0, 0.0, 0.0, 0.0, 0.0, 0.0, 0.0, 0.0, 0.0, 0.0, 0.0, 0.0, 0.0, 0.0, 0.0, 0.0, 0.0, 0.0, 0.0, 0.0, 0.0, 0.0, 0.0, 0.0, 0.0, 0.0, 0.0, 0.0, 0.0, 0.0, 0.0, 0.0, 0.0, 0.0, 0.0, 0.0, 0.0, 0.0, 0.0, 0.0, 0.0, 0.0, 0.0, 0.0, 0.0, 0.0, 0.0, 0.0, 0.0, 0.0, 0.0, 0.0, 0.0, 0.0, 0.0, 0.0, 0.0, 0.0, 0.0, 0.0, 0.0, 0.0, 0.0, 0.0, 0.0, 0.0, 0.0, 0.0, 0.0, 0.0, 0.0, 0.0, 0.0, 0.0, 0.0, 0.0, 0.0, 0.0, 0.0, 0.0, 0.0, 0.0, 0.0, 0.0, 0.0, 0.0, 0.0, 0.0, 0.0, 0.0, 0.0, 0.0, 0.0, 0.0, 0.0, 0.0, 0.0, 0.0, 0.0, 0.0, 0.0, 0.0, 0.0, 0.0, 0.0, 0.0, 0.0, 0.0, 0.0, 0.0, 0.0, 0.0, 0.011904762126505375, 0.0, 0.0714285746216774, 0.0, 0.0, 0.0595238097012043, 0.0, 0.0, 0.095238097012043, 0.0, 0.0, 0.095238097012043, 0.0, 0.0, 0.2380952388048172, 0.0, 0.0, 0.0, 0.1666666716337204, 0.0, 0.0, 0.2380952388048172, 0.0, 0.0, 0.0, 0.02380952425301075, 0.0, 0.0, 0.0, 0.0, 0.0, 0.0, 0.0, 0.0, 0.0, 0.0, 0.0, 0.0, 0.0, 0.0, 0.0, 0.0, 0.0, 0.0, 0.0, 0.0, 0.0, 0.0, 0.0, 0.0, 0.0, 0.0, 0.0, 0.0, 0.0, 0.0, 0.0, 0.0, 0.0, 0.0, 0.0, 0.0, 0.0, 0.0, 0.0, 0.0, 0.0, 0.0, 0.0, 0.0, 0.0, 0.0, 0.0, 0.0, 0.0, 0.0, 0.0, 0.0, 0.0, 0.0, 0.0, 0.0, 0.0, 0.0, 0.0, 0.0, 0.0, 0.0, 0.0, 0.0, 0.0, 0.0, 0.0, 0.0, 0.0, 0.0, 0.0, 0.0, 0.0, 0.0, 0.0, 0.0, 0.0, 0.0, 0.0, 0.0, 0.0, 0.0, 0.0, 0.0, 0.0, 0.0, 0.0, 0.0, 0.0, 0.0, 0.0, 0.0, 0.0, 0.0, 0.0, 0.0, 0.0, 0.0, 0.0, 0.0, 0.0, 0.0, 0.0, 0.0, 0.0, 0.0, 0.0, 0.0, 0.0], "tonal.chords_histogram": [39.814815521240234, 1.8518518209457397, 3.0092592239379883, 2.6620371341705322, 1.9675925970077515, 12.731481552124023, 0.0, 10.995369911193848, 2.1990740299224854, 5.439815044403076, 0.0, 1.1574074029922485, 0.0, 0.0, 0.0, 0.0, 0.0, 0.0, 0.0, 0.0, 0.0, 0.0, 10.648148536682129, 7.523148059844971], "tonal.thpcp": [1.0, 0.43579748272895813, 0.003877561306580901, 0.006140069104731083, 0.007055469322949648, 0.29050150513648987, 0.4675608277320862, 0.18632079660892487, 0.28558751940727234, 0.41647347807884216, 0.13649125397205353, 0.09787364304065704, 0.18587936460971832, 0.09416524320840836, 0.27056536078453064, 0.41989684104919434, 0.16015560925006866, 0.08223172277212143, 0.12948507070541382, 0.06264957040548325, 0.329886257648468, 0.5439426898956299, 0.2319907397031784, 0.1930779665708542, 0.3017768859863281, 0.11853515356779099, 0.13133345544338226, 0.23800145089626312, 0.10993394255638123, 0.034417979419231415, 0.06425962597131729, 0.03182632848620415, 0.0998123288154602, 0.15982940793037415, 0.06396888941526413, 0.5679388642311096], "lowlevel.gfcc.cov": [[3153.887451171875, -85.05008697509766, -722.7371826171875, 78.87938690185547, -26.420604705810547, -430.0717468261719, -42.88597869873047, 172.85020446777344, 63.338340759277344, 87.99940490722656, 146.2535400390625, 43.63774871826172, 82.18107604980469], [-85.05008697509766, 752.0767822265625, 563.9721069335938, -92.08604431152344, 83.22320556640625, 120.26456451416016, -245.3515625, -421.18048095703125, -226.01683044433594, -152.77114868164062, -110.2049560546875, -42.88775634765625, -7.663896560668945], [-722.7371826171875, 563.9721069335938, 1006.5340576171875, -56.55776596069336, -132.8154296875, 252.82144165039062, -238.34429931640625, -501.28857421875, -225.58670043945312, -184.92404174804688, -221.58433532714844, -100.65672302246094, -68.51338958740234], [78.87938690185547, -92.08604431152344, -56.55776596069336, 229.6160125732422, 40.401702880859375, -24.233657836914062, 46.863037109375, 26.363677978515625, -26.958423614501953, 14.609065055847168, 16.968915939331055, 9.674355506896973, -5.056798458099365], [-26.420604705810547, 83.22320556640625, -132.8154296875, 40.401702880859375, 206.5172576904297, 6.3378448486328125, 1.4327380657196045, 56.785484313964844, 21.36949348449707, 21.161911010742188, 40.87026596069336, 21.292957305908203, 16.636903762817383], [-430.0717468261719, 120.26456451416016, 252.82144165039062, -24.233657836914062, 6.3378448486328125, 240.1891632080078, 54.192386627197266, -107.0722885131836, -26.33213996887207, -17.503124237060547, -87.75898742675781, -48.85671615600586, -13.563654899597168], [-42.88597869873047, -245.3515625, -238.34429931640625, 46.863037109375, 1.4327380657196045, 54.192386627197266, 302.9890441894531, 277.7723083496094, 105.02835845947266, 71.1181869506836, 37.25202560424805, -23.64217185974121, -15.894744873046875], [172.85020446777344, -421.18048095703125, -501.28857421875, 26.363677978515625, 56.785484313964844, -107.0722885131836, 277.7723083496094, 510.36663818359375, 261.16351318359375, 125.90205383300781, 132.95909118652344, 41.39058303833008, -19.648481369018555], [63.338340759277344, -226.01683044433594, -225.58670043945312, -26.958423614501953, 21.36949348449707, -26.33213996887207, 105.02835845947266, 261.16351318359375, 234.35470581054688, 131.86997985839844, 69.01226806640625, 20.18446159362793, -9.210143089294434], [87.99940490722656, -152.77114868164062, -184.92404174804688, 14.609065055847168, 21.161911010742188, -17.503124237060547, 71.1181869506836, 125.90205383300781, 131.86997985839844, 151.95948791503906, 88.46226501464844, 5.015045642852783, 3.6824951171875], [146.2535400390625, -110.2049560546875, -221.58433532714844, 16.968915939331055, 40.87026596069336, -87.75898742675781, 37.25202560424805, 132.95909118652344, 69.01226806640625, 88.46226501464844, 147.15492248535156, 77.02263641357422, -0.6273788213729858], [43.63774871826172, -42.88775634765625, -100.65672302246094, 9.674355506896973, 21.292957305908203, -48.85671615600586, -23.64217185974121, 41.39058303833008, 20.18446159362793, 5.015045642852783, 77.02263641357422, 116.7845687866211, 46.23464584350586], [82.18107604980469, -7.663896560668945, -68.51338958740234, -5.056798458099365, 16.636903762817383, -13.563654899597168, -15.894744873046875, -19.648481369018555, -9.210143089294434, 3.6824951171875, -0.6273788213729858, 46.23464584350586, 109.4361343383789]], "lowlevel.gfcc.icov": [[0.00065305654425174, -0.0011608230415731668, 0.0012345348950475454, -0.0009640097268857062, 0.001662230002693832, -2.5908322641043924e-05, 0.0006842489237897098, -0.000158383249072358, -0.0008614638936705887, 0.0008204064215533435, -0.0008110092021524906, 0.0012675750767812133, -0.000668607244733721], [-0.0011608230415731668, 0.009023161605000496, -0.005882615223526955, 0.004766501951962709, -0.01076351199299097, 0.005145470146089792, -0.007817408069968224, 0.010478729382157326, -0.0048058172687888145, 0.006082022096961737, -0.004712909925729036, 0.0007331035449169576, 0.00011516340600792319], [0.0012345348950475454, -0.005882615223526955, 0.008452889509499073, -0.004968679044395685, 0.009829889051616192, -0.007486699149012566, 0.007224681321531534, -0.0028132633306086063, -0.0024988134391605854, 0.0048123570159077644, -0.0033454629592597485, 0.005364145617932081, -0.000812351587228477], [-0.0009640097268857062, 0.004766501951962709, -0.004968679044395685, 0.010769931599497795, -0.009506043046712875, 0.007578221149742603, -0.006925108842551708, 0.0013620523968711495, 0.009602085687220097, -0.013801733031868935, 0.014284135773777962, -0.013324537314474583, 0.007051608990877867], [0.001662230002693832, -0.01076351199299097, 0.009829889051616192, -0.009506043046712875, 0.022795895114541054, -0.015497610904276371, 0.018336893990635872, -0.01698988676071167, 0.004523777402937412, 0.001526661217212677, -0.006880020257085562, 0.009812322445213795, -0.005916244350373745], [-2.5908322641043924e-05, 0.005145470146089792, -0.007486699149012566, 0.007578221149742603, -0.015497610904276371, 0.027473486959934235, -0.025727979838848114, 0.021760249510407448, -0.009231392294168472, -0.00548333628103137, 0.01455610804259777, -0.014568774029612541, 0.007620147429406643], [0.0006842489237897098, -0.007817408069968224, 0.007224681321531534, -0.006925108842551708, 0.018336893990635872, -0.025727979838848114, 0.03922905772924423, -0.04086407646536827, 0.029760103672742844, -0.018308943137526512, 0.006159760523587465, 0.004916216246783733, -0.003394756466150284], [-0.000158383249072358, 0.010478729382157326, -0.0028132633306086063, 0.0013620523968711495, -0.01698988676071167, 0.021760249510407448, -0.04086407646536827, 0.06270119547843933, -0.0608137771487236, 0.054219987243413925, -0.03921565040946007, 0.01933002471923828, -0.00557728111743927], [-0.0008614638936705887, -0.0048058172687888145, -0.0024988134391605854, 0.009602085687220097, 0.004523777402937412, -0.009231392294168472, 0.029760103672742844, -0.0608137771487236, 0.08459294587373734, -0.0868479460477829, 0.07034404575824738, -0.04714946448802948, 0.021126272156834602], [0.0008204064215533435, 0.006082022096961737, 0.0048123570159077644, -0.013801733031868935, 0.001526661217212677, -0.00548333628103137, -0.018308943137526512, 0.054219987243413925, -0.0868479460477829, 0.1158665344119072, -0.10285733640193939, 0.0732041522860527, -0.03437620401382446], [-0.0008110092021524906, -0.004712909925729036, -0.0033454629592597485, 0.014284135773777962, -0.006880020257085562, 0.01455610804259777, 0.006159760523587465, -0.03921565040946007, 0.07034404575824738, -0.10285733640193939, 0.11347930878400803, -0.08141499012708664, 0.039976444095373154], [0.0012675750767812133, 0.0007331035449169576, 0.005364145617932081, -0.013324537314474583, 0.009812322445213795, -0.014568774029612541, 0.004916216246783733, 0.01933002471923828, -0.04714946448802948, 0.0732041522860527, -0.08141499012708664, 0.07288859039545059, -0.03496289625763893], [-0.000668607244733721, 0.00011516340600792319, -0.000812351587228477, 0.007051608990877867, -0.005916244350373745, 0.007620147429406643, -0.003394756466150284, -0.00557728111743927, 0.021126272156834602, -0.03437620401382446, 0.039976444095373154, -0.03496289625763893, 0.027749663218855858]], "lowlevel.mfcc.cov": [[1474.0380859375, 454.8809814453125, -781.4049072265625, 153.87742614746094, 201.61996459960938, -332.7083740234375, -96.81156158447266, 1.8481488227844238, -118.93582153320312, 54.06126403808594, 100.10074615478516, -22.22794532775879, 29.856523513793945], [454.8809814453125, 576.219482421875, 218.05218505859375, -33.39876174926758, 86.64957427978516, 121.66722106933594, -68.15812683105469, -150.59909057617188, -140.70721435546875, -183.7626495361328, -160.3690643310547, -70.30534362792969, -38.61351776123047], [-781.4049072265625, 218.05218505859375, 1041.18896484375, -61.726036071777344, -100.1270751953125, 443.96002197265625, 56.88451385498047, -181.5198516845703, -78.70628356933594, -269.8558044433594, -304.0204772949219, -93.3524169921875, -84.39700317382812], [153.87742614746094, -33.39876174926758, -61.726036071777344, 206.4737548828125, 65.0744400024414, -87.27531433105469, 31.14556884765625, 28.308143615722656, -40.69882583618164, 9.076236724853516, 18.478118896484375, -19.26338005065918, 5.493877410888672], [201.61996459960938, 86.64957427978516, -100.1270751953125, 65.0744400024414, 169.33921813964844, 24.89443016052246, -52.119022369384766, -29.255115509033203, -41.454010009765625, -44.15518569946289, -18.106361389160156, 0.15437963604927063, 15.648957252502441], [-332.7083740234375, 121.66722106933594, 443.96002197265625, -87.27531433105469, 24.89443016052246, 372.5162048339844, 69.77495574951172, -138.5161590576172, -30.525794982910156, -120.66595458984375, -198.99000549316406, -68.07373046875, -25.253080368041992], [-96.81156158447266, -68.15812683105469, 56.88451385498047, 31.14556884765625, -52.119022369384766, 69.77495574951172, 165.19149780273438, 62.71050262451172, 22.170568466186523, 48.12969207763672, -7.935457229614258, -28.7620792388916, 5.707900047302246], [1.8481488227844238, -150.59909057617188, -181.5198516845703, 28.308143615722656, -29.255115509033203, -138.5161590576172, 62.71050262451172, 206.36317443847656, 116.12464141845703, 88.42608642578125, 123.93927764892578, 67.12649536132812, 15.297249794006348], [-118.93582153320312, -140.70721435546875, -78.70628356933594, -40.69882583618164, -41.454010009765625, -30.525794982910156, 22.170568466186523, 116.12464141845703, 183.87721252441406, 151.66842651367188, 79.0872573852539, 38.21792984008789, 13.304179191589355], [54.06126403808594, -183.7626495361328, -269.8558044433594, 9.076236724853516, -44.15518569946289, -120.66595458984375, 48.12969207763672, 88.42608642578125, 151.66842651367188, 304.6361083984375, 196.32827758789062, 19.243242263793945, 41.90155792236328], [100.10074615478516, -160.3690643310547, -304.0204772949219, 18.478118896484375, -18.106361389160156, -198.99000549316406, -7.935457229614258, 123.93927764892578, 79.0872573852539, 196.32827758789062, 280.3191223144531, 140.7515411376953, 46.72899627685547], [-22.22794532775879, -70.30534362792969, -93.3524169921875, -19.26338005065918, 0.15437963604927063, -68.07373046875, -28.7620792388916, 67.12649536132812, 38.21792984008789, 19.243242263793945, 140.7515411376953, 192.33248901367188, 89.79087829589844], [29.856523513793945, -38.61351776123047, -84.39700317382812, 5.493877410888672, 15.648957252502441, -25.253080368041992, 5.707900047302246, 15.297249794006348, 13.304179191589355, 41.90155792236328, 46.72899627685547, 89.79087829589844, 150.04225158691406]], "lowlevel.mfcc.icov": [[0.028760118409991264, -0.04088139161467552, 0.04770020395517349, -0.056546881794929504, 0.06479288637638092, -0.0744430273771286, 0.0802491158246994, -0.07802616059780121, 0.0705159455537796, -0.05603712424635887, 0.03905019164085388, -0.02245882898569107, 0.008947792463004589], [-0.04088139161467552, 0.06203736364841461, -0.07220450043678284, 0.089401014149189, -0.10666824877262115, 0.12401934713125229, -0.13441428542137146, 0.13233405351638794, -0.1178223043680191, 0.09453286230564117, -0.06473366916179657, 0.03764484077692032, -0.014487383887171745], [0.04770020395517349, -0.07220450043678284, 0.09465368837118149, -0.12133373320102692, 0.15275447070598602, -0.18402406573295593, 0.20040997862815857, -0.19739176332950592, 0.17713019251823425, -0.13940127193927765, 0.09631408005952835, -0.05525703728199005, 0.02150282822549343], [-0.056546881794929504, 0.089401014149189, -0.12133373320102692, 0.1737736165523529, -0.22171178460121155, 0.27341440320014954, -0.3068227767944336, 0.30543065071105957, -0.2751193344593048, 0.22094915807247162, -0.15150542557239532, 0.08825419843196869, -0.03361677750945091], [0.06479288637638092, -0.10666824877262115, 0.15275447070598602, -0.22171178460121155, 0.3061445653438568, -0.38047024607658386, 0.4352585971355438, -0.44227275252342224, 0.4044398069381714, -0.32516562938690186, 0.22440505027770996, -0.13001655042171478, 0.04912809655070305], [-0.0744430273771286, 0.12401934713125229, -0.18402406573295593, 0.27341440320014954, -0.38047024607658386, 0.49735936522483826, -0.5755080580711365, 0.5979872941970825, -0.5536616444587708, 0.45096656680107117, -0.3118003010749817, 0.18290194869041443, -0.07167015224695206], [0.0802491158246994, -0.13441428542137146, 0.20040997862815857, -0.3068227767944336, 0.4352585971355438, -0.5755080580711365, 0.6936084032058716, -0.7309929132461548, 0.6896114349365234, -0.5749541521072388, 0.4076491892337799, -0.24119645357131958, 0.09608549624681473], [-0.07802616059780121, 0.13233405351638794, -0.19739176332950592, 0.30543065071105957, -0.44227275252342224, 0.5979872941970825, -0.7309929132461548, 0.7982441186904907, -0.7639150023460388, 0.6448732018470764, -0.4659067988395691, 0.27972355484962463, -0.1140836849808693], [0.0705159455537796, -0.1178223043680191, 0.17713019251823425, -0.2751193344593048, 0.4044398069381714, -0.5536616444587708, 0.6896114349365234, -0.7639150023460388, 0.7561109066009521, -0.6472882628440857, 0.47492650151252747, -0.29356691241264343, 0.12312810868024826], [-0.05603712424635887, 0.09453286230564117, -0.13940127193927765, 0.22094915807247162, -0.32516562938690186, 0.45096656680107117, -0.5749541521072388, 0.6448732018470764, -0.6472882628440857, 0.57368004322052, -0.4301507771015167, 0.2718212604522705, -0.11659921705722809], [0.03905019164085388, -0.06473366916179657, 0.09631408005952835, -0.15150542557239532, 0.22440505027770996, -0.3118003010749817, 0.4076491892337799, -0.4659067988395691, 0.47492650151252747, -0.4301507771015167, 0.33857017755508423, -0.21763376891613007, 0.09421403706073761], [-0.02245882898569107, 0.03764484077692032, -0.05525703728199005, 0.08825419843196869, -0.13001655042171478, 0.18290194869041443, -0.24119645357131958, 0.27972355484962463, -0.29356691241264343, 0.2718212604522705, -0.21763376891613007, 0.15169483423233032, -0.06803504377603531], [0.008947792463004589, -0.014487383887171745, 0.02150282822549343, -0.03361677750945091, 0.04912809655070305, -0.07167015224695206, 0.09608549624681473, -0.1140836849808693, 0.12312810868024826, -0.11659921705722809, 0.09421403706073761, -0.06803504377603531, 0.03828851878643036]], "metadata.audio_properties.analysis.downmix": "mix", "metadata.audio_properties.codec": "mp3", "metadata.audio_properties.md5_encoded": "44367441d62