{"song_id": "1183704382009790535", "download": "https://cdn.discordapp.com/attachments/1128313332273782784/1183704382009790535/chirp.mp4?ex=65894d9c&amp", "lyrics": "[verse]\n\u0414\u0435\u043d\u044c \u0440\u043e\u0436\u0434\u0435\u043d\u0438\u044f, \u041d\u0430\u0434\u0435\u0436\u0434\u0430 \u0441 \u043d\u0430\u043c\u0438\n\u0421\u0447\u0430\u0441\u0442\u044c\u044f \u043e\u043d\u0430 \u043f\u0440\u0438\u043d\u0435\u0441\u043b\u0430 \u0432 \u0434\u043e\u043c\n\u0421\u0435\u0433\u043e\u0434\u043d\u044f \u043f\u0440\u0430\u0437\u0434\u043d\u0438\u043a, \u043c\u044b \u0432\u043c\u0435\u0441\u0442\u0435 \u0441\u0430\u043c\u0438\n\u0423\u043b\u044b\u0431\u043a\u0430 \u043d\u0430 \u043b\u0438\u0446\u0435, \u043a\u0430\u043a \u0446\u0432\u0435\u0442\u043e\u043a\n\n[chorus]\n\u041f\u0443\u0441\u0442\u044c \u0441\u0447\u0430\u0441\u0442\u044c\u0435 \u043b\u044c\u0435\u0442\u0441\u044f, \u043a\u0430\u043a \u0440\u0435\u043a\u0430\n\u041f\u0443\u0441\u0442\u044c \u0436\u0438\u0437\u043d\u044c \u0441\u0438\u044f\u0435\u0442, \u0441\u043b\u043e\u0432\u043d\u043e \u043e\u0433\u043d\u0438\n\u0414\u0435\u043d\u044c \u0440\u043e\u0436\u0434\u0435\u043d\u0438\u044f, \u0434\u0430, \u044d\u0442\u043e \u0441\u0447\u0430\u0441\u0442\u044c\u0435\n\u041d\u0430\u0434\u0435\u0436\u0434\u0430, \u043f\u0443\u0441\u0442\u044c \u0433\u043e\u0434\u044b \u043d\u0435 \u0441\u0442\u0430\u0440\u044f\u0442 \u0442\u0435\u0431\u044f", "style": ["Anime Opening</span><span>, en fran\u00e7ais"], "essentia_features": {"lowlevel.average_loudness": 0.882944643497467, "lowlevel.barkbands_crest.mean": 10.840484619140625, "lowlevel.barkbands_crest.stdev": 3.371135950088501, "lowlevel.barkbands_flatness_db.mean": 0.2872532606124878, "lowlevel.barkbands_flatness_db.stdev": 0.07741633802652359, "lowlevel.barkbands_kurtosis.mean": 7.697756767272949, "lowlevel.barkbands_kurtosis.stdev": 7.972006797790527, "lowlevel.barkbands_skewness.mean": 1.913382887840271, "lowlevel.barkbands_skewness.stdev": 1.0115445852279663, "lowlevel.barkbands_spread.mean": 8.997369766235352, "lowlevel.barkbands_spread.stdev": 12.299068450927734, "lowlevel.dissonance.mean": 0.3857385814189911, "lowlevel.dissonance.stdev": 0.054664865136146545, "lowlevel.dynamic_complexity": 3.694661855697632, "lowlevel.erbbands_crest.mean": 12.58721923828125, "lowlevel.erbbands_crest.stdev": 5.114050388336182, "lowlevel.erbbands_flatness_db.mean": 0.3014239966869354, "lowlevel.erbbands_flatness_db.stdev": 0.0881037712097168, "lowlevel.erbbands_kurtosis.mean": 3.2336201667785645, "lowlevel.erbbands_kurtosis.stdev": 4.266806125640869, "lowlevel.erbbands_skewness.mean": 1.1699985265731812, "lowlevel.erbbands_skewness.stdev": 0.8011084198951721, "lowlevel.erbbands_spread.mean": 21.379671096801758, "lowlevel.erbbands_spread.stdev": 23.15740394592285, "lowlevel.hfc.mean": 10.10290241241455, "lowlevel.hfc.stdev": 12.552984237670898, "lowlevel.loudness_ebu128.integrated": -19.45199966430664, "lowlevel.loudness_ebu128.loudness_range": 5.0537261962890625, "lowlevel.loudness_ebu128.momentary.mean": -20.849285125732422, "lowlevel.loudness_ebu128.momentary.stdev": 3.6528661251068115, "lowlevel.loudness_ebu128.short_term.mean": -19.878658294677734, "lowlevel.loudness_ebu128.short_term.stdev": 1.727303147315979, "lowlevel.melbands_crest.mean": 13.481317520141602, "lowlevel.melbands_crest.stdev": 4.110184192657471, "lowlevel.melbands_flatness_db.mean": 0.3489074409008026, "lowlevel.melbands_flatness_db.stdev": 0.10135739296674728, "lowlevel.melbands_kurtosis.mean": 10.181462287902832, "lowlevel.melbands_kurtosis.stdev": 11.423948287963867, "lowlevel.melbands_skewness.mean": 1.9774020910263062, "lowlevel.melbands_skewness.stdev": 1.2310584783554077, "lowlevel.melbands_spread.mean": 9.96442985534668, "lowlevel.melbands_spread.stdev": 10.97454833984375, "lowlevel.pitch_salience.mean": 0.5738276243209839, "lowlevel.pitch_salience.stdev": 0.09761784970760345, "lowlevel.silence_rate_20dB.mean": 1.0, "lowlevel.silence_rate_20dB.stdev": 0.0, "lowlevel.silence_rate_30dB.mean": 0.9982618689537048, "lowlevel.silence_rate_30dB.stdev": 0.04165445268154144, "lowlevel.silence_rate_60dB.mean": 0.11413673311471939, "lowlevel.silence_rate_60dB.stdev": 0.31798091530799866, "lowlevel.spectral_centroid.mean": 611.9620971679688, "lowlevel.spectral_centroid.stdev": 338.2641906738281, "lowlevel.spectral_complexity.mean": 10.134994506835938, "lowlevel.spectral_complexity.stdev": 4.640718936920166, "lowlevel.spectral_decrease.mean": -4.05288025362438e-09, "lowlevel.spectral_decrease.stdev": 4.244763651684025e-09, "lowlevel.spectral_energy.mean": 0.016212861984968185, "lowlevel.spectral_energy.stdev": 0.016984939575195312, "lowlevel.spectral_energyband_high.mean": 0.00025548727717250586, "lowlevel.spectral_energyband_high.stdev": 0.0007386865909211338, "lowlevel.spectral_energyband_low.mean": 0.0008713150164112449, "lowlevel.spectral_energyband_low.stdev": 0.0018573588458821177, "lowlevel.spectral_energyband_middle_high.mean": 0.0018803533166646957, "lowlevel.spectral_energyband_middle_high.stdev": 0.003733463119715452, "lowlevel.spectral_energyband_middle_low.mean": 0.014118198305368423, "lowlevel.spectral_energyband_middle_low.stdev": 0.014843425713479519, "lowlevel.spectral_entropy.mean": 6.326396942138672, "lowlevel.spectral_entropy.stdev": 0.6981260180473328, "lowlevel.spectral_flux.mean": 0.039075061678886414, "lowlevel.spectral_flux.stdev": 0.03517020121216774, "lowlevel.spectral_kurtosis.mean": 41.56073760986328, "lowlevel.spectral_kurtosis.stdev": 49.864803314208984, "lowlevel.spectral_rms.mean": 0.0035523627884685993, "lowlevel.spectral_rms.stdev": 0.0017883415566757321, "lowlevel.spectral_rolloff.mean": 1034.8773193359375, "lowlevel.spectral_rolloff.stdev": 1439.64599609375, "lowlevel.spectral_skewness.mean": 4.109838962554932, "lowlevel.spectral_skewness.stdev": 2.4646847248077393, "lowlevel.spectral_spread.mean": 3068600.5, "lowlevel.spectral_spread.stdev": 2442466.75, "lowlevel.spectral_strongpeak.mean": 1.0254302024841309, "lowlevel.spectral_strongpeak.stdev": 0.878322184085846, "lowlevel.zerocrossingrate.mean": 0.03847407177090645, "lowlevel.zerocrossingrate.stdev": 0.031845394521951675, "metadata.audio_properties.analysis.equal_loudness": 0.0, "metadata.audio_properties.analysis.length": 40.04265213012695, "metadata.audio_properties.analysis.sample_rate": 44100.0, "metadata.audio_properties.analysis.start_time": 0.0, "metadata.audio_properties.bit_rate": 102477.0, "metadata.audio_properties.length": 40.042667388916016, "metadata.audio_properties.lossless": 0.0, "metadata.audio_properties.number_channels": 1.0, "metadata.audio_properties.replay_gain": -9.904098510742188, "metadata.audio_properties.sample_rate": 48000.0, "rhythm.beats_count": 65.0, "rhythm.beats_loudness.mean": 0.021128814667463303, "rhythm.beats_loudness.stdev": 0.018528075888752937, "rhythm.bpm": 100.17327880859375, "rhythm.bpm_histogram_first_peak_bpm": 99.0, "rhythm.bpm_histogram_first_peak_weight": 0.3454545736312866, "rhythm.bpm_histogram_second_peak_bpm": 88.0, "rhythm.bpm_histogram_second_peak_spread": 0.4444444179534912, "rhythm.bpm_histogram_second_peak_weight": 0.078125, "rhythm.danceability": 1.069483757019043, "rhythm.onset_rate": 2.9459919929504395, "tonal.chords_changes_rate": 0.0347222238779068, "tonal.chords_number_rate": 0.010416666977107525, "tonal.chords_strength.mean": 0.5154811143875122, "tonal.chords_strength.stdev": 0.0922766700387001, "tonal.hpcp_crest.mean": 19.99750518798828, "tonal.hpcp_crest.stdev": 8.510198593139648, "tonal.hpcp_entropy.mean": 1.2933169603347778, "tonal.hpcp_entropy.stdev": 0.6426846981048584, "tonal.key_edma.strength": 0.7813066840171814, "tonal.key_krumhansl.strength": 0.7855443358421326, "tonal.key_temperley.strength": 0.7959540486335754, "tonal.tuning_diatonic_strength": 0.544105052947998, "tonal.tuning_equal_tempered_deviation": 0.004946073517203331, "tonal.tuning_frequency": 439.74591064453125, "tonal.tuning_nontempered_energy_ratio": 0.58250892162323, "lowlevel.barkbands.mean": [5.770791631221073e-07, 3.376446102265618e-06, 0.0002600668522063643, 0.0013016975717619061, 0.002677178243175149, 0.003581689903512597, 0.002829338889569044, 0.0023978615645319223, 0.0006410045316442847, 0.0011488579912111163, 0.0001473959709983319, 9.303387196268886e-05, 0.00013076650793664157, 0.00022071192506700754, 0.00015968555817380548, 9.945531928678975e-05, 9.254836913896725e-05, 9.218777995556593e-05, 4.867369352723472e-05, 3.526407454046421e-05, 4.896031896350905e-06, 3.878968709614128e-05, 0.0001280850701732561, 6.0560443671420217e-05, 1.7209738871315494e-05, 1.9671531390486052e-06, 5.479909859218424e-10], "lowlevel.barkbands.stdev": [1.2382845397951314e-06, 8.193999747163616e-06, 0.0007199651445262134, 0.002757878275588155, 0.0037508655805140734, 0.005269461311399937, 0.005162525922060013, 0.005366229917854071, 0.001454582205042243, 0.0029037983622401953, 0.00031536578899249434, 0.00018323067342862487, 0.0006796521483920515, 0.0015861619031056762, 0.0006197282928042114, 0.0003945937496609986, 0.00029988554888404906, 0.0003082651528529823, 0.00014082054258324206, 0.00014496625226456672, 3.094201747444458e-05, 0.00018600515613798052, 0.00040552971768192947, 0.00017000579100567847, 4.732579327537678e-05, 7.104461019480368e-06, 1.0948163486901308e-09], "lowlevel.erbbands.mean": [0.0001392206031596288, 0.004280753433704376, 0.20212936401367188, 2.54036021232605, 4.34445858001709, 11.217326164245605, 16.16282844543457, 32.79341125488281, 40.28525161743164, 57.60799789428711, 39.305198669433594, 18.814891815185547, 36.388458251953125, 17.443214416503906, 7.1511006355285645, 4.672219753265381, 6.415805816650391, 12.178476333618164, 8.454657554626465, 6.6247453689575195, 5.162682056427002, 5.1939167976379395, 5.997579574584961, 1.9926159381866455, 3.2998452186584473, 1.4348238706588745, 0.22785581648349762, 0.26617029309272766, 0.9880239367485046, 3.197511911392212, 3.575392723083496, 2.0265464782714844, 0.5738149285316467, 0.18960626423358917, 0.12986652553081512, 0.026645811274647713, 0.0009484609472565353, 3.607586768339388e-05, 1.2008346857328434e-05, 1.9546705516404472e-05], "lowlevel.erbbands.stdev": [0.00022302186698652804, 0.009870540350675583, 0.4846124053001404, 5.187981128692627, 6.4654765129089355, 18.572185516357422, 25.465314865112305, 52.55953598022461, 82.24608612060547, 113.06498718261719, 83.2095718383789, 37.521907806396484, 111.193115234375, 30.198213577270508, 14.148372650146484, 10.048662185668945, 28.532312393188477, 79.29408264160156, 32.05083465576172, 25.471622467041016, 17.426925659179688, 15.660740852355957, 19.19276237487793, 5.302926540374756, 9.89813232421875, 5.75492525100708, 1.4088454246520996, 1.5963788032531738, 5.139475345611572, 11.497946739196777, 11.212342262268066, 5.7129058837890625, 1.6398510932922363, 0.5729849934577942, 0.3571576178073883, 0.08181582391262054, 0.003157096914947033, 9.804844739846885e-05, 1.4471067515842151e-05, 2.013441189774312e-05], "lowlevel.gfcc.mean": [-139.30126953125, 157.3358154296875, -129.20899963378906, -37.32334899902344, -85.30101776123047, -13.533692359924316, -71.30819702148438, -8.016505241394043, -20.655628204345703, -27.76559066772461, -5.794138431549072, -15.307665824890137, -12.362211227416992], "lowlevel.melbands.mean": [7.116058782230539e-07, 9.748949378263205e-05, 0.0004919846542179585, 0.0005089177284389734, 0.0005957734538242221, 0.000742352451197803, 0.000607839145231992, 0.0006111898110248148, 0.00026932917535305023, 0.00011011920287273824, 0.00017990048218052834, 7.199470564955845e-05, 2.1364867279771715e-05, 1.2298252840992063e-05, 1.5252237062668428e-05, 1.1289547728665639e-05, 2.5030452889041044e-05, 1.2906655683764257e-05, 1.0571024176897481e-05, 8.06041407486191e-06, 5.435825187305454e-06, 4.911384166916832e-06, 6.836258762632497e-06, 3.808495648627286e-06, 1.2669908073803526e-06, 1.9028309452551184e-06, 2.6332088509661844e-06, 5.465805088533671e-07, 1.1939347643874498e-07, 1.057173975027581e-07, 1.6189538598609943e-07, 3.758564730560465e-07, 1.1327852007525507e-06, 2.1215216747805243e-06, 2.336953230042127e-06, 1.4478663388217683e-06, 1.1615611583692953e-06, 4.461728906335338e-07, 1.39679613653243e-07, 1.6898972887702257e-07], "lowlevel.melbands.stdev": [1.5127670849324204e-06, 0.00021966332860756665, 0.0009048549109138548, 0.0007371113752014935, 0.000857746577821672, 0.0011831620940938592, 0.0011939705582335591, 0.0012687721755355597, 0.0006040615844540298, 0.0002461462572682649, 0.0005505131557583809, 0.0001351898245047778, 4.353573240223341e-05, 2.4479410058120266e-05, 7.881134661147371e-05, 3.579569602152333e-05, 0.0001794029667507857, 5.517519821296446e-05, 4.5829900045646355e-05, 3.395272506168112e-05, 1.825871004257351e-05, 1.4817098417552188e-05, 2.3093203708413057e-05, 1.2378819519653916e-05, 3.6104345326748444e-06, 5.489391696755774e-06, 9.142559974861797e-06, 2.6496290956856683e-06, 9.045810998031811e-07, 6.373614951371565e-07, 1.0371014695920167e-06, 2.3473385226679966e-06, 5.377934485295555e-06, 7.324266789510148e-06, 7.557850494777085e-06, 4.614136287273141e-06, 3.422392182983458e-06, 1.305166165366245e-06, 4.764835921378108e-07, 5.289499540594989e-07], "lowlevel.melbands128.mean": [2.4596303660473495e-07, 3.5086017646790424e-07, 6.571842732228106e-07, 1.8416483271721518e-06, 2.5768251362023875e-05, 0.00016880131443031132, 0.0005066536250524223, 0.0006758352392353117, 0.00036537088453769684, 0.0003631899307947606, 0.0007091698353178799, 0.0007165280403569341, 0.0005154226091690361, 0.0004960363148711622, 0.0007112257299013436, 0.0009579352336004376, 0.0008037487859837711, 0.00045710609992966056, 0.0004156077920924872, 0.0008441975223831832, 0.0005686425138264894, 0.0003357699606567621, 0.00030838983366265893, 7.924988312879577e-05, 0.0001108686119550839, 9.877988486550748e-05, 0.00014838931383565068, 0.00028315672534517944, 8.050265023484826e-05, 0.00013007390953134745, 4.155919305048883e-05, 1.371431972074788e-05, 2.2120484572951682e-05, 3.156037564622238e-05, 8.848210200085305e-06, 8.089748007478192e-06, 1.3190401659812778e-05, 1.1869018635479733e-05, 2.3663145839236677e-05, 1.1514373909449205e-05, 6.552138529514195e-06, 1.2062219866493251e-05, 2.8837645004387014e-05, 3.648935307865031e-05, 4.391814400150906e-06, 1.2357165360299405e-05, 1.5379389878944494e-05, 1.2047916243318468e-05, 6.78579272062052e-06, 9.607163519831374e-06, 7.739304237475153e-06, 7.622404154972173e-06, 5.751113349106163e-06, 4.317428192734951e-06, 5.0185658437840175e-06, 4.515658474701922e-06, 4.651928520615911e-06, 7.862822712922934e-06, 7.2774450927681755e-06, 6.146108262328198e-06, 4.028772309538908e-06, 1.6184068272195873e-06, 1.4688924920847057e-06, 1.0637835430316045e-06, 1.077533966054034e-06, 1.552554635964043e-06, 2.2554479528480442e-06, 4.013593297713669e-06, 2.554466163928737e-06, 1.4132740489003481e-06, 3.520035818382894e-07, 2.216305716729039e-07, 1.2849058350639098e-07, 9.972711012551372e-08, 1.0379388726278194e-07, 1.1158989821069554e-07, 1.0691802998508138e-07, 9.352952901053868e-08, 1.7440407873436925e-07, 1.8195392215147876e-07, 3.8633822896372294e-07, 3.9500309867435135e-07, 5.215087526266871e-07, 1.3616295291285496e-06, 1.4346231864692527e-06, 1.7287979972024914e-06, 2.2629917566518998e-06, 3.020098120032344e-06, 2.510806552891154e-06, 1.794930994947208e-06, 1.5219968645396875e-06, 1.3141467434252263e-06, 1.3575277080235537e-06, 1.415358042322623e-06, 8.300301033159485e-07, 6.019321858730109e-07, 3.599661511088925e-07, 2.629530229114607e-07, 9.939432032979312e-08, 1.0909440106843249e-07, 1.1953031275879766e-07, 2.0984424509151722e-07, 1.812526733147024e-07, 1.265114377702048e-07, 1.5549902343536814e-07, 1.8214780084235827e-07, 9.741121687056875e-08, 5.835734029346895e-08, 4.03423356942767e-08, 1.3052128267077023e-08, 2.784426467172807e-09, 2.036195101418059e-10, 5.863202284794866e-12, 3.896707175682357e-12, 3.5079244196933868e-12, 3.469125377589255e-12, 2.9959405182383714e-12, 2.5284201815578555e-12, 2.4636033230801546e-12, 2.400978504554785e-12, 2.338527158377013e-12, 2.291090711245558e-12, 2.254311537788767e-12, 2.2100845459283036e-12, 2.1318899336847386e-12, 2.024044994108909e-12, 1.9614132366896353e-12, 1.944209767137939e-12], "lowlevel.melbands128.stdev": [5.640031304210424e-07, 7.380922966149228e-07, 1.5938563819872797e-06, 5.0706712499959394e-06, 9.811438212636858e-05, 0.00046180514618754387, 0.0011263334890827537, 0.0014418934006243944, 0.0005946900346316397, 0.0008031124598346651, 0.0013571633026003838, 0.0011813768651336432, 0.0011410975130274892, 0.0009038085117936134, 0.0013059306656941772, 0.002158366609364748, 0.0018608481623232365, 0.0016698305262252688, 0.0009428616031073034, 0.0017956063384190202, 0.0018393968930467963, 0.0007996723870746791, 0.0009113751002587378, 0.00023318050079979002, 0.00028439436573535204, 0.0003656187909655273, 0.0005437987274490297, 0.0010143909603357315, 0.00032842493965290487, 0.0002659105521161109, 8.179037104127929e-05, 5.7966077292803675e-05, 4.965827247360721e-05, 8.691158291185275e-05, 4.1887135012075305e-05, 1.4230745364329778e-05, 2.46448162215529e-05, 6.665821274509653e-05, 0.00018539231678005308, 4.831473415833898e-05, 1.9306777176097967e-05, 5.060730472905561e-05, 0.00018454357632435858, 0.00038223477895371616, 1.868097751867026e-05, 6.446686165872961e-05, 7.024592196103185e-05, 9.21962782740593e-05, 3.329092578496784e-05, 6.052058961358853e-05, 3.9734495658194646e-05, 3.9312570152105764e-05, 2.44816856138641e-05, 1.6070589481387287e-05, 1.870307642093394e-05, 1.679540400800761e-05, 1.982130197575316e-05, 3.460519292275421e-05, 3.2515778002562e-05, 2.624336411827244e-05, 1.4373544217960443e-05, 5.483856512000784e-06, 5.748933745053364e-06, 3.1296442557504633e-06, 3.4991351185453823e-06, 5.046631486038677e-06, 7.193847068265313e-06, 1.5282210370060056e-05, 1.244741361006163e-05, 6.829007361375261e-06, 1.8012325426752795e-06, 1.4151941059026285e-06, 9.532414537716249e-07, 9.743761211211677e-07, 7.755422188893135e-07, 7.774316372888279e-07, 6.623006925110531e-07, 5.81917390718445e-07, 1.285161602027074e-06, 1.119321609621693e-06, 3.0550329483958194e-06, 2.3579100343340542e-06, 3.0407361464313e-06, 7.320235454244539e-06, 6.760989890608471e-06, 6.680508249701234e-06, 8.132476978062186e-06, 1.0476032002770808e-05, 8.663697371957824e-06, 6.277050943026552e-06, 5.309691459842725e-06, 5.035991307522636e-06, 3.967881639255211e-06, 4.664159860112704e-06, 2.5491021915513556e-06, 1.953933860932011e-06, 1.041697260006913e-06, 9.992446621254203e-07, 4.309475798436324e-07, 3.8665251622660435e-07, 3.4738607723738824e-07, 7.880023531470215e-07, 5.540158554140362e-07, 3.306944904579723e-07, 5.462009653456334e-07, 5.35342678631423e-07, 2.913014327532437e-07, 2.1948665107629495e-07, 1.5834211808396503e-07, 5.9340333535828904e-08, 2.9656986200166102e-08, 2.3848918395685814e-09, 8.714984289781569e-11, 2.5318087903958286e-11, 2.198452357660141e-11, 2.38837075117182e-11, 1.2865250531568506e-11, 4.883988179160692e-12, 4.74264377769984e-12, 4.62266770001607e-12, 4.512571739889726e-12, 4.41483004667842e-12, 4.330353783887908e-12, 4.257641114668864e-12, 4.196296088387896e-12, 4.1457180570414476e-12, 4.109756805703579e-12, 4.0876009174684036e-12], "lowlevel.mfcc.mean": [-781.5682983398438, 196.11712646484375, 2.2495839595794678, -36.93461227416992, 0.3203083872795105, -34.343753814697266, -34.8627815246582, -3.935680389404297, -35.79262161254883, -2.2154903411865234, -17.017526626586914, -16.767919540405273, -4.234795570373535], "lowlevel.spectral_contrast_coeffs.mean": [-0.5195974707603455, -0.6512909531593323, -0.6972798109054565, -0.7774969339370728, -0.7431300282478333, -0.8035089373588562], "lowlevel.spectral_contrast_coeffs.stdev": [0.07646655291318893, 0.0660395696759224, 0.05640193819999695, 0.04819098860025406, 0.06282345205545425, 0.06413131952285767], "lowlevel.spectral_contrast_valleys.mean": [-8.700706481933594, -6.988928318023682, -8.229693412780762, -8.873960494995117, -10.250237464904785, -12.518584251403809], "lowlevel.spectral_contrast_valleys.stdev": [0.9619056582450867, 0.7896427512168884, 0.7080888152122498, 0.9132338762283325, 1.4389392137527466, 1.8949065208435059], "rhythm.beats_loudness_band_ratio.mean": [0.12322337925434113, 0.43697085976600647, 0.40863892436027527, 0.079515241086483, 0.023031014949083328, 0.014417961239814758], "rhythm.beats_loudness_band_ratio.stdev": [0.15187706053256989, 0.18124738335609436, 0.1697368174791336, 0.07080202549695969, 0.03441774845123291, 0.044755902141332626], "tonal.hpcp.mean": [0.1714572012424469, 0.08007548749446869, 0.010595723055303097, 0.007149677723646164, 0.005316440481692553, 0.15849974751472473, 0.31535080075263977, 0.1711932122707367, 0.13420237600803375, 0.23001232743263245, 0.11661854386329651, 0.01578129082918167, 0.011497856117784977, 0.018157560378313065, 0.1892254650592804, 0.2938382625579834, 0.12835080921649933, 0.024116937071084976, 0.020948784425854683, 0.024632642045617104, 0.11586659401655197, 0.15991109609603882, 0.07127811014652252, 0.15281197428703308, 0.23305149376392365, 0.09499151259660721, 0.02502167411148548, 0.037786148488521576, 0.027289768680930138, 0.209141343832016, 0.35337066650390625, 0.16168135404586792, 0.02458399161696434, 0.031937744468450546, 0.024081673473119736, 0.10638957470655441], "tonal.hpcp.stdev": [0.2812434136867523, 0.14463233947753906, 0.060097791254520416, 0.034692760556936264, 0.034757331013679504, 0.201214998960495, 0.3803079128265381, 0.21104595065116882, 0.2063654214143753, 0.3181047737598419, 0.18325799703598022, 0.07610991597175598, 0.06093563884496689, 0.09050621837377548, 0.24775634706020355, 0.36860495805740356, 0.17525559663772583, 0.09352102130651474, 0.08702481538057327, 0.10349354892969131, 0.22945477068424225, 0.29210028052330017, 0.14818283915519714, 0.2319999784231186, 0.35550498962402344, 0.15168379247188568, 0.09733252972364426, 0.12663330137729645, 0.0913015678524971, 0.25236234068870544, 0.4054410755634308, 0.20109327137470245, 0.10125557333230972, 0.14004932343959808, 0.10760235041379929, 0.18181024491786957], "rhythm.beats_position": [0.5688889026641846, 1.1493877172470093, 1.7414965629577637, 2.345215320587158, 2.9489340782165527, 3.5526530742645264, 4.156371593475342, 4.748480796813965, 5.34058952331543, 5.944308280944824, 6.548027038574219, 7.151745796203613, 7.755464553833008, 8.335963249206543, 8.928071975708008, 9.531790733337402, 10.135510444641113, 10.739229202270508, 11.331337928771973, 11.935056686401367, 12.538775444030762, 13.142494201660156, 13.74621295928955, 14.349931716918945, 14.95365047454834, 15.557369232177734, 16.149478912353516, 16.753196716308594, 17.356916427612305, 17.949024200439453, 18.541133880615234, 19.133241653442383, 19.736961364746094, 20.340679168701172, 20.944398880004883, 21.54811668395996, 22.151836395263672, 22.743946075439453, 23.3360538482666, 23.916553497314453, 24.497051239013672, 25.077550888061523, 25.72770881652832, 26.37786865234375, 27.051246643066406, 27.724624633789062, 28.386394500732422, 29.04816246032715, 29.733150482177734, 30.418140411376953, 31.10312843322754, 31.71845817565918, 32.32217788696289, 32.92589569091797, 33.52961349487305, 34.133331298828125, 34.748661041259766, 35.352378845214844, 35.944488525390625, 36.5482063293457, 37.15192794799805, 37.755645751953125, 38.347755432128906, 38.93986511230469, 39.543582916259766], "rhythm.bpm_histogram": [0.0, 0.0, 0.0, 0.0, 0.0, 0.0, 0.0, 0.0, 0.0, 0.0, 0.0, 0.0, 0.0, 0.0, 0.0, 0.0, 0.0, 0.0, 0.0, 0.0, 0.0, 0.0, 0.0, 0.0, 0.0, 0.0, 0.0, 0.0, 0.0, 0.0, 0.0, 0.0, 0.0, 0.0, 0.0, 0.0, 0.0, 0.0, 0.0, 0.0, 0.0, 0.0, 0.0, 0.0, 0.0, 0.0, 0.0, 0.0, 0.0, 0.0, 0.0, 0.0, 0.0, 0.0, 0.0, 0.0, 0.0, 0.0, 0.0, 0.0, 0.0, 0.0, 0.0, 0.0, 0.0, 0.0, 0.0, 0.0, 0.0, 0.0, 0.0, 0.0, 0.0, 0.0, 0.0, 0.0, 0.0, 0.0, 0.0, 0.0, 0.0, 0.0, 0.0, 0.0, 0.0, 0.0, 0.0, 0.0, 0.046875, 0.03125, 0.0, 0.03125, 0.03125, 0.0, 0.0, 0.0, 0.0, 0.0, 0.03125, 0.53125, 0.0, 0.21875, 0.0, 0.078125, 0.0, 0.0, 0.0, 0.0, 0.0, 0.0, 0.0, 0.0, 0.0, 0.0, 0.0, 0.0, 0.0, 0.0, 0.0, 0.0, 0.0, 0.0, 0.0, 0.0, 0.0, 0.0, 0.0, 0.0, 0.0, 0.0, 0.0, 0.0, 0.0, 0.0, 0.0, 0.0, 0.0, 0.0, 0.0, 0.0, 0.0, 0.0, 0.0, 0.0, 0.0, 0.0, 0.0, 0.0, 0.0, 0.0, 0.0, 0.0, 0.0, 0.0, 0.0, 0.0, 0.0, 0.0, 0.0, 0.0, 0.0, 0.0, 0.0, 0.0, 0.0, 0.0, 0.0, 0.0, 0.0, 0.0, 0.0, 0.0, 0.0, 0.0, 0.0, 0.0, 0.0, 0.0, 0.0, 0.0, 0.0, 0.0, 0.0, 0.0, 0.0, 0.0, 0.0, 0.0, 0.0, 0.0, 0.0, 0.0, 0.0, 0.0, 0.0, 0.0, 0.0, 0.0, 0.0, 0.0, 0.0, 0.0, 0.0, 0.0, 0.0, 0.0, 0.0, 0.0, 0.0, 0.0, 0.0, 0.0, 0.0, 0.0, 0.0, 0.0, 0.0, 0.0, 0.0, 0.0, 0.0, 0.0, 0.0, 0.0, 0.0, 0.0, 0.0, 0.0, 0.0, 0.0, 0.0, 0.0, 0.0, 0.0, 0.0, 0.0, 0.0, 0.0, 0.0, 0.0, 0.0, 0.0, 0.0, 0.0, 0.0, 0.0, 0.0, 0.0, 0.0, 0.0], "tonal.chords_histogram": [11.574073791503906, 9.953703880310059, 27.43055534362793, 11.342592239379883, 0.8101851940155029, 0.0, 0.0, 0.0, 0.0, 0.0, 0.0, 0.0, 0.0, 0.0, 0.0, 2.1990740299224854, 0.0, 0.0, 0.0, 0.0, 1.9675925970077515, 4.976851940155029, 15.740740776062012, 14.004630088806152], "tonal.thpcp": [1.0, 0.4575403928756714, 0.06956998258829117, 0.09038029611110687, 0.06814847886562347, 0.3010707497596741, 0.4852049648761749, 0.22660478949546814, 0.0299847275018692, 0.020232798531651497, 0.015044939704239368, 0.44853681325912476, 0.8924079537391663, 0.48445791006088257, 0.3797779083251953, 0.6509094834327698, 0.330017626285553, 0.044659312814474106, 0.03253766521811485, 0.05138389393687248, 0.535487174987793, 0.8315298557281494, 0.36321863532066345, 0.06824827194213867, 0.05928274989128113, 0.06970766186714172, 0.32788968086242676, 0.45253077149391174, 0.20170918107032776, 0.43244102597236633, 0.6595100164413452, 0.2688154876232147, 0.07080857455730438, 0.10693062841892242, 0.07722703367471695, 0.5918469429016113], "lowlevel.gfcc.cov": [[11368.4599609375, -5864.0439453125, 601.8236694335938, 3139.512451171875, -2522.00048828125, 1839.0059814453125, -1453.7801513671875, 1136.456787109375, -424.734130859375, 96.94822692871094, -4.82004451751709, 113.66090393066406, -553.2676391601562], [-5864.0439453125, 4195.98095703125, -538.6387939453125, -2034.2342529296875, 1924.527099609375, -1306.8841552734375, 887.0875854492188, -579.9259643554688, 275.06048583984375, -158.68963623046875, 61.14617156982422, -170.64657592773438, 312.96600341796875], [601.8236694335938, -538.6387939453125, 790.7454223632812, 463.6687927246094, -352.71636962890625, 546.4063720703125, -123.0654067993164, 51.1373291015625, -65.5981674194336, 47.50617599487305, -72.41259765625, 25.42562484741211, -130.9477996826172], [3139.512451171875, -2034.2342529296875, 463.6687927246094, 1344.4403076171875, -911.4888916015625, 749.0718383789062, -403.8599548339844, 289.3934020996094, -128.59457397460938, 61.286354064941406, -31.055814743041992, 52.88554763793945, -201.57330322265625], [-2522.00048828125, 1924.527099609375, -352.71636962890625, -911.4888916015625, 1069.1900634765625, -677.3810424804688, 370.51605224609375, -189.4397430419922, 97.15520477294922, -60.65395736694336, 26.950807571411133, -85.7207260131836, 139.90487670898438], [1839.0059814453125, -1306.8841552734375, 546.4063720703125, 749.0718383789062, -677.3810424804688, 761.302001953125, -278.03082275390625, 171.0873260498047, -75.11109161376953, 49.92245101928711, -36.7313346862793, 24.08078956604004, -161.21278381347656], [-1453.7801513671875, 887.0875854492188, -123.0654067993164, -403.8599548339844, 370.51605224609375, -278.03082275390625, 364.71148681640625, -192.80323791503906, 50.06315612792969, 16.00775146484375, -30.959596633911133, -13.658085823059082, 64.86847686767578], [1136.456787109375, -579.9259643554688, 51.1373291015625, 289.3934020996094, -189.4397430419922, 171.0873260498047, -192.80323791503906, 238.7292022705078, -53.22261428833008, -8.86489486694336, 37.77937316894531, -8.055317878723145, -58.68357849121094], [-424.734130859375, 275.06048583984375, -65.5981674194336, -128.59457397460938, 97.15520477294922, -75.11109161376953, 50.06315612792969, -53.22261428833008, 133.23922729492188, -15.75697135925293, 5.078114032745361, 10.610733032226562, 27.731172561645508], [96.94822692871094, -158.68963623046875, 47.50617599487305, 61.286354064941406, -60.65395736694336, 49.92245101928711, 16.00775146484375, -8.86489486694336, -15.75697135925293, 96.26251220703125, -27.326290130615234, 15.826753616333008, -6.154542922973633], [-4.82004451751709, 61.14617156982422, -72.41259765625, -31.055814743041992, 26.950807571411133, -36.7313346862793, -30.959596633911133, 37.77937316894531, 5.078114032745361, -27.326290130615234, 118.58324432373047, -9.475289344787598, 12.77242374420166], [113.66090393066406, -170.64657592773438, 25.42562484741211, 52.88554763793945, -85.7207260131836, 24.08078956604004, -13.658085823059082, -8.055317878723145, 10.610733032226562, 15.826753616333008, -9.475289344787598, 101.12635803222656, 10.53091812133789], [-553.2676391601562, 312.96600341796875, -130.9477996826172, -201.57330322265625, 139.90487670898438, -161.21278381347656, 64.86847686767578, -58.68357849121094, 27.731172561645508, -6.154542922973633, 12.77242374420166, 10.53091812133789, 116.94792938232422]], "lowlevel.gfcc.icov": [[0.000556283222977072, -0.0003680060326587409, 0.0007792342803440988, -0.0008127622422762215, 0.0006092549883760512, -0.00038816340384073555, 0.0008191294618882239, -0.0011474838247522712, 0.0005450572352856398, -0.00032559825922362506, 0.0005988355842418969, -0.0004035472229588777, 0.0006186350947245955], [-0.0003680060326587409, 0.01016284804791212, -0.005631098523736, 0.005271504633128643, -0.009312220849096775, 0.0032562746200710535, -0.006665441207587719, 0.005644106771796942, -0.00543521624058485, 0.0070902626030147076, -0.0051012104377150536, 0.006329695228487253, -0.0023496432695537806], [0.0007792342803440988, -0.005631098523736, 0.006905825342983007, -0.003634887281805277, 0.0044102841056883335, -0.00513636926189065, 0.00435992144048214, -0.003100004978477955, 0.004203971941024065, -0.003979573957622051, 0.003978119231760502, -0.004633523058146238, 0.0026693586260080338], [-0.0008127622422762215, 0.005271504633128643, -0.003634887281805277, 0.005921187344938517, -0.004028713330626488, 0.001210363581776619, -0.003919658716768026, 0.0028820279985666275, -0.0028743066359311342, 0.003434665035456419, -0.0028109250124543905, 0.0032101355027407408, -0.0008277861052192748], [0.0006092549883760512, -0.009312220849096775, 0.0044102841056883335, -0.004028713330626488, 0.012295996770262718, -0.0006484122714027762, 0.004956105258315802, -0.006886240094900131, 0.004415086470544338, -0.006049820687621832, 0.004786645527929068, -0.004027166869491339, 0.002463680924847722], [-0.00038816340384073555, 0.0032562746200710535, -0.00513636926189065, 0.001210363581776619, -0.0006484122714027762, 0.008160209283232689, -0.0020384062081575394, 0.0012704054825007915, -0.0030562267638742924, 0.001671719248406589, -0.0019879695028066635, 0.0037675390485674143, 0.00026766190421767533], [0.0008191294618882239, -0.006665441207587719, 0.00435992144048214, -0.003919658716768026, 0.004956105258315802, -0.0020384062081575394, 0.011739002540707588, -0.0009092459222301841, 0.004028590861707926, -0.006540521048009396, 0.004385319538414478, -0.004288633354008198, 0.0027397586964070797], [-0.0011474838247522712, 0.005644106771796942, -0.003100004978477955, 0.0028820279985666275, -0.006886240094900131, 0.0012704054825007915, -0.0009092459222301841, 0.013991177082061768, -0.0018936604028567672, 0.004037931095808744, -0.005427004303783178, 0.00406234385445714, -0.0006337808445096016], [0.0005450572352856398, -0.00543521624058485, 0.004203971941024065, -0.0028743066359311342, 0.004415086470544338, -0.0030562267638742924, 0.004028590861707926, -0.0018936604028567672, 0.01228924747556448, -0.002510074293240905, 0.0026756892912089825, -0.005259298253804445, 0.0013325081672519445], [-0.00032559825922362506, 0.0070902626030147076, -0.003979573957622051, 0.003434665035456419, -0.006049820687621832, 0.001671719248406589, -0.006540521048009396, 0.004037931095808744, -0.002510074293240905, 0.017414335161447525, -0.0016718164552003145, 0.0030820344109088182, -0.002437981776893139], [0.0005988355842418969, -0.0051012104377150536, 0.003978119231760502, -0.0028109250124543905, 0.004786645527929068, -0.0019879695028066635, 0.004385319538414478, -0.005427004303783178, 0.0026756892912089825, -0.0016718164552003145, 0.013151511549949646, -0.002967733656987548, 0.0005799262435175478], [-0.0004035472229588777, 0.006329695228487253, -0.004633523058146238, 0.0032101355027407408, -0.004027166869491339, 0.0037675390485674143, -0.004288633354008198, 0.00406234385445714, -0.005259298253804445, 0.0030820344109088182, -0.002967733656987548, 0.0161295123398304, -0.003793771145865321], [0.0006186350947245955, -0.0023496432695537806, 0.0026693586260080338, -0.0008277861052192748, 0.002463680924847722, 0.00026766190421767533, 0.0027397586964070797, -0.0006337808445096016, 0.0013325081672519445, -0.002437981776893139, 0.0005799262435175478, -0.003793771145865321, 0.014745515771210194]], "lowlevel.mfcc.cov": [[10156.10546875, -5329.162109375, 1212.6092529296875, 623.4412841796875, 371.8718566894531, -477.91546630859375, -116.2177963256836, 748.0053100585938, -1047.05859375, 1030.057373046875, -300.0985412597656, -263.6741027832031, 389.5879821777344], [-5329.162109375, 4286.59375, -1390.302490234375, -390.9275817871094, 104.64410400390625, -59.14427185058594, 157.61195373535156, -385.3841552734375, 567.0126953125, -485.97161865234375, 141.63031005859375, 155.88661193847656, -190.00054931640625], [1212.6092529296875, -1390.302490234375, 1163.161865234375, 71.00381469726562, -59.884315490722656, 323.1390075683594, -1.6508857011795044, 149.15733337402344, -136.1753387451172, 119.36011505126953, -46.030357360839844, -9.479823112487793, 61.029457092285156], [623.4412841796875, -390.9275817871094, 71.00381469726562, 301.7669372558594, 0.6454281210899353, 27.284320831298828, 14.196221351623535, 33.472206115722656, -15.663464546203613, 24.82143783569336, -10.82287883758545, 12.314258575439453, 27.014404296875], [371.8718566894531, 104.64410400390625, -59.884315490722656, 0.6454281210899353, 375.2315673828125, -180.68190002441406, 43.90180587768555, 92.92227935791016, -115.3543472290039, 145.2451934814453, -67.9969482421875, -9.718757629394531, 67.74767303466797], [-477.91546630859375, -59.14427185058594, 323.1390075683594, 27.284320831298828, -180.68190002441406, 392.32025146484375, 3.7308356761932373, -58.184326171875, 154.73995971679688, -118.35588836669922, 58.02709197998047, 42.934715270996094, -51.06167984008789], [-116.2177963256836, 157.61195373535156, -1.6508857011795044, 14.196221351623535, 43.90180587768555, 3.7308356761932373, 178.20938110351562, -9.162899017333984, -3.1150412559509277, 36.1943244934082, -8.250863075256348, 21.201091766357422, -10.89163589477539], [748.0053100585938, -385.3841552734375, 149.15733337402344, 33.472206115722656, 92.92227935791016, -58.184326171875, -9.162899017333984, 178.30636596679688, -122.17835998535156, 97.2741470336914, -18.100017547607422, -31.777746200561523, 67.10115814208984], [-1047.05859375, 567.0126953125, -136.1753387451172, -15.663464546203613, -115.3543472290039, 154.73995971679688, -3.1150412559509277, -122.17835998535156, 279.0267639160156, -159.7178497314453, 40.31499099731445, 71.19429016113281, -70.3663101196289], [1030.057373046875, -485.97161865234375, 119.36011505126953, 24.82143783569336, 145.2451934814453, -118.35588836669922, 36.1943244934082, 97.2741470336914, -159.7178497314453, 255.9201202392578, -54.58149337768555, -30.999528884887695, 65.56260681152344], [-300.0985412597656, 141.63031005859375, -46.030357360839844, -10.82287883758545, -67.9969482421875, 58.02709197998047, -8.250863075256348, -18.100017547607422, 40.31499099731445, -54.58149337768555, 116.79937744140625, 4.954746723175049, -30.975688934326172], [-263.6741027832031, 155.88661193847656, -9.479823112487793, 12.314258575439453, -9.718757629394531, 42.934715270996094, 21.201091766357422, -31.777746200561523, 71.19429016113281, -30.999528884887695, 4.954746723175049, 86.2530517578125, -2.941094398498535], [389.5879821777344, -190.00054931640625, 61.029457092285156, 27.014404296875, 67.74767303466797, -51.06167984008789, -10.89163589477539, 67.10115814208984, -70.3663101196289, 65.56260681152344, -30.975688934326172, -2.941094398498535, 127.51805114746094]], "lowlevel.mfcc.icov": [[0.0005064478609710932, 0.0005388890276663005, 0.00029384056688286364, -0.00028745384770445526, -9.275748016079888e-05, 3.495626151561737e-05, 3.226219632779248e-05, -0.0005732030840590596, 0.00023972777125891298, -0.000673190108500421, 0.00020232739916536957, -4.842574708163738e-05, 7.001638732617721e-05], [0.0005388890276663005, 0.0014514742651954293, 0.0010649356991052628, 0.0005596446571871638, -0.0010204178979620337, -0.0001732637028908357, -0.0007910967105999589, -0.0003011217631865293, -0.0005601651500910521, 0.00036662950878962874, -0.00016207524458877742, -0.0002836616476997733, -9.183205111185089e-05], [0.00029384056688286364, 0.0010649356991052628, 0.0030019450932741165, 0.000687666586600244, -0.0005360970972105861, -0.003094003302976489, -0.0004261741414666176, -0.0013435278087854385, 0.0012328657321631908, -0.000243747781496495, 0.001166363712400198, -0.0008810910512693226, -0.0001082748785847798], [-0.00028745384770445526, 0.0005596446571871638, 0.000687666586600244, 0.004555234219878912, -0.0005975387757644057, -0.0007414378924295306, -0.0010828792583197355, -8.494874782627448e-05, -0.0007407600060105324, 0.001221965067088604, -0.0001127130162785761, -0.000894938304554671, -0.0006943180924281478], [-9.275748016079888e-05, -0.0010204178979620337, -0.0005360970972105861, -0.0005975387757644057, 0.005446414928883314, 0.0012658382765948772, 2.8784146707039326e-05, -0.001732210861518979, 0.0007519125938415527, -0.002275802195072174, 0.0016145861009135842, -0.0006183456862345338, -0.0003636426117736846], [3.495626151561737e-05, -0.0001732637028908357, -0.003094003302976489, -0.0007414378924295306, 0.0012658382765948772, 0.00798805058002472, -0.0006395342643372715, 0.0007442276109941304, -0.0038468469865620136, 0.0009294526535086334, -0.00235550245270133, 0.0004346327914390713, 0.00018998823361471295], [3.226219632779248e-05, -0.0007910967105999589, -0.0004261741414666176, -0.0010828792583197355, 2.8784146707039326e-05, -0.0006395342643372715, 0.0072575886733829975, 0.00034676643554121256, 0.0014168403577059507, -0.0023700357414782047, 0.0005244982312433422, -0.0017017291393131018, 0.0014106463640928268], [-0.0005732030840590596, -0.0003011217631865293, -0.0013435278087854385, -8.494874782627448e-05, -0.001732210861518979, 0.0007442276109941304, 0.00034676643554121256, 0.011274988763034344, 0.001134378369897604, 0.0005025315331295133, -0.0022279880940914154, 0.0014341985806822777, -0.0028620613738894463], [0.00023972777125891298, -0.0005601651500910521, 0.0012328657321631908, -0.0007407600060105324, 0.0007519125938415527, -0.0038468469865620136, 0.0014168403577059507, 0.001134378369897604, 0.01099571492522955, 0.0008704827050678432, 0.0015394542133435607, -0.004745733458548784, 0.0014686150243505836], [-0.000673190108500421, 0.00036662950878962874, -0.000243747781496495, 0.001221965067088604, -0.002275802195072174, 0.0009294526535086334, -0.0023700357414782047, 0.0005025315331295133, 0.0008704827050678432, 0.009999562986195087, 5.6213692005258054e-05, -3.7639725633198395e-05, -0.0010729209752753377], [0.00020232739916536957, -0.00016207524458877742, 0.001166363712400198, -0.0001127130162785761, 0.0016145861009135842, -0.00235550245270133, 0.0005244982312433422, -0.0022279880940914154, 0.0015394542133435607, 5.6213692005258054e-05, 0.01147052738815546, -0.0003937669098377228, 0.0016200534300878644], [-4.842574708163738e-05, -0.0002836616476997733, -0.0008810910512693226, -0.000894938304554671, -0.0006183456862345338, 0.0004346327914390713, -0.0017017291393131018, 0.0014341985806822777, -0.004745733458548784, -3.7639725633198395e-05, -