{"song_id": "1183700931481698325", "download": "https://cdn.discordapp.com/attachments/1135911532732108921/1183700931481698325/chirp.mp4?ex=65894a66&amp", "lyrics": "was f\u00fcr skinny das eine normale brakka nvou\nwas f\u00fcr skinny mit eingebauter leggins ohne jeans\ndas nicht skinny das ist herr rollhausers hose", "style": ["emo rap"], "essentia_features": {"lowlevel.average_loudness": 0.8429307341575623, "lowlevel.barkbands_crest.mean": 14.763716697692871, "lowlevel.barkbands_crest.stdev": 3.142890214920044, "lowlevel.barkbands_flatness_db.mean": 0.4003875255584717, "lowlevel.barkbands_flatness_db.stdev": 0.18354439735412598, "lowlevel.barkbands_kurtosis.mean": 41.49454879760742, "lowlevel.barkbands_kurtosis.stdev": 57.881656646728516, "lowlevel.barkbands_skewness.mean": 4.072389602661133, "lowlevel.barkbands_skewness.stdev": 3.2070488929748535, "lowlevel.barkbands_spread.mean": 7.609584808349609, "lowlevel.barkbands_spread.stdev": 12.639304161071777, "lowlevel.dissonance.mean": 0.42074939608573914, "lowlevel.dissonance.stdev": 0.060778144747018814, "lowlevel.dynamic_complexity": 3.3131144046783447, "lowlevel.erbbands_crest.mean": 11.107870101928711, "lowlevel.erbbands_crest.stdev": 4.127495288848877, "lowlevel.erbbands_flatness_db.mean": 0.2037753313779831, "lowlevel.erbbands_flatness_db.stdev": 0.08023704588413239, "lowlevel.erbbands_kurtosis.mean": 4.652652263641357, "lowlevel.erbbands_kurtosis.stdev": 11.548177719116211, "lowlevel.erbbands_skewness.mean": 0.8926075100898743, "lowlevel.erbbands_skewness.stdev": 1.6288024187088013, "lowlevel.erbbands_spread.mean": 43.12996292114258, "lowlevel.erbbands_spread.stdev": 42.17289733886719, "lowlevel.hfc.mean": 27.849353790283203, "lowlevel.hfc.stdev": 28.81349754333496, "lowlevel.loudness_ebu128.integrated": -18.493362426757812, "lowlevel.loudness_ebu128.loudness_range": 4.895719528198242, "lowlevel.loudness_ebu128.momentary.mean": -19.858070373535156, "lowlevel.loudness_ebu128.momentary.stdev": 3.8069498538970947, "lowlevel.loudness_ebu128.short_term.mean": -18.50843620300293, "lowlevel.loudness_ebu128.short_term.stdev": 1.5679664611816406, "lowlevel.melbands_crest.mean": 33.44563293457031, "lowlevel.melbands_crest.stdev": 7.628445625305176, "lowlevel.melbands_flatness_db.mean": 0.5014355182647705, "lowlevel.melbands_flatness_db.stdev": 0.2091517597436905, "lowlevel.melbands_kurtosis.mean": 237.25784301757812, "lowlevel.melbands_kurtosis.stdev": 376.6352844238281, "lowlevel.melbands_skewness.mean": 9.96009349822998, "lowlevel.melbands_skewness.stdev": 8.348274230957031, "lowlevel.melbands_spread.mean": 5.525157451629639, "lowlevel.melbands_spread.stdev": 8.973814964294434, "lowlevel.pitch_salience.mean": 0.22263482213020325, "lowlevel.pitch_salience.stdev": 0.15923850238323212, "lowlevel.silence_rate_20dB.mean": 0.5921260118484497, "lowlevel.silence_rate_20dB.stdev": 0.4914405643939972, "lowlevel.silence_rate_30dB.mean": 0.29763779044151306, "lowlevel.silence_rate_30dB.stdev": 0.45721739530563354, "lowlevel.silence_rate_60dB.mean": 0.0031496062874794006, "lowlevel.silence_rate_60dB.stdev": 0.05603267252445221, "lowlevel.spectral_centroid.mean": 984.04736328125, "lowlevel.spectral_centroid.stdev": 913.1804809570312, "lowlevel.spectral_complexity.mean": 9.196850776672363, "lowlevel.spectral_complexity.stdev": 7.214420318603516, "lowlevel.spectral_decrease.mean": -7.635674847961127e-08, "lowlevel.spectral_decrease.stdev": 5.74907339512265e-08, "lowlevel.spectral_energy.mean": 0.2907138764858246, "lowlevel.spectral_energy.stdev": 0.217549666762352, "lowlevel.spectral_energyband_high.mean": 0.0008819210343062878, "lowlevel.spectral_energyband_high.stdev": 0.002375926123932004, "lowlevel.spectral_energyband_low.mean": 0.255962073802948, "lowlevel.spectral_energyband_low.stdev": 0.20954585075378418, "lowlevel.spectral_energyband_middle_high.mean": 0.003074442036449909, "lowlevel.spectral_energyband_middle_high.stdev": 0.006857201457023621, "lowlevel.spectral_energyband_middle_low.mean": 0.010193321853876114, "lowlevel.spectral_energyband_middle_low.stdev": 0.015595423988997936, "lowlevel.spectral_entropy.mean": 6.685935020446777, "lowlevel.spectral_entropy.stdev": 1.2021466493606567, "lowlevel.spectral_flux.mean": 0.13857397437095642, "lowlevel.spectral_flux.stdev": 0.10889983177185059, "lowlevel.spectral_kurtosis.mean": 33.25300216674805, "lowlevel.spectral_kurtosis.stdev": 52.447330474853516, "lowlevel.spectral_rms.mean": 0.015294143930077553, "lowlevel.spectral_rms.stdev": 0.007050710264593363, "lowlevel.spectral_rolloff.mean": 253.71646118164062, "lowlevel.spectral_rolloff.stdev": 827.5384521484375, "lowlevel.spectral_skewness.mean": 3.355891227722168, "lowlevel.spectral_skewness.stdev": 3.0866031646728516, "lowlevel.spectral_spread.mean": 4217338.0, "lowlevel.spectral_spread.stdev": 3657615.75, "lowlevel.spectral_strongpeak.mean": 0.6338596343994141, "lowlevel.spectral_strongpeak.stdev": 0.8181824684143066, "lowlevel.zerocrossingrate.mean": 0.016755351796746254, "lowlevel.zerocrossingrate.stdev": 0.023736942559480667, "metadata.audio_properties.analysis.equal_loudness": 0.0, "metadata.audio_properties.analysis.length": 14.719977378845215, "metadata.audio_properties.analysis.sample_rate": 44100.0, "metadata.audio_properties.analysis.start_time": 0.0, "metadata.audio_properties.bit_rate": 114966.0, "metadata.audio_properties.length": 14.720000267028809, "metadata.audio_properties.lossless": 0.0, "metadata.audio_properties.number_channels": 1.0, "metadata.audio_properties.replay_gain": -4.949787139892578, "metadata.audio_properties.sample_rate": 48000.0, "rhythm.beats_count": 36.0, "rhythm.beats_loudness.mean": 0.29580193758010864, "rhythm.beats_loudness.stdev": 0.18318785727024078, "rhythm.bpm": 164.10382080078125, "rhythm.bpm_histogram_first_peak_bpm": 161.0, "rhythm.bpm_histogram_first_peak_weight": 0.20000004768371582, "rhythm.bpm_histogram_second_peak_bpm": 167.0, "rhythm.bpm_histogram_second_peak_spread": 0.0, "rhythm.bpm_histogram_second_peak_weight": 0.22857142984867096, "rhythm.danceability": 0.8664742708206177, "rhythm.onset_rate": 3.3258533477783203, "tonal.chords_changes_rate": 0.056603774428367615, "tonal.chords_number_rate": 0.01886792480945587, "tonal.chords_strength.mean": 0.4687857925891876, "tonal.chords_strength.stdev": 0.10202951729297638, "tonal.hpcp_crest.mean": 14.117307662963867, "tonal.hpcp_crest.stdev": 5.12584924697876, "tonal.hpcp_entropy.mean": 1.7896734476089478, "tonal.hpcp_entropy.stdev": 0.6229010224342346, "tonal.key_edma.strength": 0.558101236820221, "tonal.key_krumhansl.strength": 0.5615164637565613, "tonal.key_temperley.strength": 0.5614420175552368, "tonal.tuning_diatonic_strength": 0.5294130444526672, "tonal.tuning_equal_tempered_deviation": 0.27643832564353943, "tonal.tuning_frequency": 434.193115234375, "tonal.tuning_nontempered_energy_ratio": 0.8906126022338867, "lowlevel.barkbands.mean": [0.13346250355243683, 0.13726654648780823, 0.005924861412495375, 0.0021202308125793934, 0.0010940793436020613, 0.0022257575765252113, 0.0006508816150017083, 0.001927385339513421, 0.0018920033471658826, 0.00046579964691773057, 0.0002817496715579182, 0.0003012070956174284, 0.0006891262601129711, 0.0004906173562631011, 0.00018810971232596785, 8.199166768463328e-05, 9.792768832994625e-05, 0.000432858505519107, 0.00015243636153172702, 0.00011569444905035198, 4.634608922060579e-05, 4.500928116613068e-05, 6.820528506068513e-05, 0.000184252203325741, 0.00033268582774326205, 0.00017349231347907335, 2.458328708598856e-06], "lowlevel.barkbands.stdev": [0.10652942955493927, 0.13073359429836273, 0.023003293201327324, 0.0043123927898705006, 0.0016933925217017531, 0.004226004704833031, 0.001990949036553502, 0.005855252034962177, 0.007847878150641918, 0.00278905569575727, 0.0009176969761028886, 0.0014153537340462208, 0.0030130972154438496, 0.002281186869367957, 0.0007522341329604387, 0.0002446486905682832, 0.000233039929298684, 0.0007030226988717914, 0.0003330705512780696, 0.00022794610413257033, 0.00014316481247078627, 0.00015228023403324187, 0.00018531124806031585, 0.0004991426831111312, 0.0010901896748691797, 0.0005720618646591902, 1.0506783837627154e-05], "lowlevel.erbbands.mean": [9.943744659423828, 8.603350639343262, 8.67973804473877, 5.4984130859375, 6.992593288421631, 2.485276460647583, 5.7435383796691895, 23.798677444458008, 10.033713340759277, 31.42670440673828, 27.742950439453125, 38.62101745605469, 36.958641052246094, 9.714698791503906, 12.493127822875977, 14.972257614135742, 31.498146057128906, 24.422832489013672, 17.81708526611328, 6.485132217407227, 4.516469478607178, 7.053854942321777, 24.989416122436523, 9.291579246520996, 9.249283790588379, 5.297618389129639, 2.084115505218506, 1.6924495697021484, 1.6161127090454102, 1.3708293437957764, 2.1219184398651123, 3.48480224609375, 3.124696731567383, 3.2828879356384277, 2.646332025527954, 1.0601552724838257, 0.2433687299489975, 0.02718505822122097, 0.0007189373136498034, 0.0003417940461076796], "lowlevel.erbbands.stdev": [8.71766471862793, 16.38671875, 29.636791229248047, 18.120357513427734, 12.269522666931152, 3.069861888885498, 10.688130378723145, 48.51139831542969, 30.659908294677734, 82.2706069946289, 88.62779998779297, 129.08544921875, 189.52890014648438, 27.984479904174805, 39.88038635253906, 67.18204498291016, 143.79660034179688, 82.764892578125, 85.35770416259766, 19.583988189697266, 13.16109848022461, 14.689505577087402, 40.513587951660156, 17.975296020507812, 19.2825984954834, 9.999391555786133, 6.025112152099609, 4.758944034576416, 5.196752548217773, 4.856540203094482, 5.697989463806152, 8.431879043579102, 9.046465873718262, 10.69100284576416, 8.900517463684082, 3.587449550628662, 0.7870193123817444, 0.09764273464679718, 0.0020388143602758646, 0.0002488593163434416], "lowlevel.gfcc.mean": [-80.94197845458984, 121.85372924804688, -52.62361145019531, 34.34303665161133, -26.199153900146484, 13.78831672668457, -14.011545181274414, 23.879478454589844, -5.876718044281006, 4.192564010620117, 9.441174507141113, 0.3531327247619629, -5.142117977142334], "lowlevel.melbands.mean": [0.06953117996454239, 0.0055608320981264114, 0.001090770005248487, 0.0003005550242960453, 0.00018816431111190468, 0.000491176382638514, 0.00014274107525125146, 0.0004002696368843317, 0.00019050617993343621, 0.00027804067940451205, 0.00018172684940509498, 3.448559800744988e-05, 4.1462266381131485e-05, 3.271149398642592e-05, 5.702289490727708e-05, 6.73871545586735e-05, 4.332326716394164e-05, 3.310615284135565e-05, 1.2425466593413148e-05, 5.889667590963654e-06, 4.9352192945661955e-06, 5.305315426085144e-06, 1.7510972611489706e-05, 2.1486343030119315e-05, 5.693190814781701e-06, 6.242292329261545e-06, 6.6947272898687515e-06, 2.658315906955977e-06, 1.1497082823552773e-06, 1.2328049479037873e-06, 9.09776190383127e-07, 9.338283462057007e-07, 8.392025847570039e-07, 7.115648372746364e-07, 1.0391115665697725e-06, 1.6444885204691673e-06, 2.4611381377326325e-06, 2.3751624667056603e-06, 1.7256928686038009e-06, 3.210431259503821e-06], "lowlevel.melbands.stdev": [0.058021191507577896, 0.01617763191461563, 0.002895491197705269, 0.00046554693835787475, 0.00031292130006477237, 0.0009639854542911053, 0.0004183543205726892, 0.001092978985980153, 0.0005916942027397454, 0.001057816087268293, 0.0009482126915827394, 0.0001005811573122628, 0.00013570080045610666, 0.0001410240220138803, 0.0003043482138309628, 0.0002798012283165008, 0.00016058862092904747, 0.00018139560415875167, 5.208429502090439e-05, 1.6508973203599453e-05, 1.5632911527063698e-05, 1.4125610505288932e-05, 3.183039007126354e-05, 3.76326497644186e-05, 1.2563093150674831e-05, 1.4491574802377727e-05, 1.3436681911116466e-05, 5.077316927781794e-06, 3.504062760839588e-06, 4.123992312088376e-06, 2.477529505995335e-06, 2.97511974167719e-06, 3.137175326628494e-06, 2.5367621674377006e-06, 3.046969140996225e-06, 3.6527505926642334e-06, 6.457475137722213e-06, 6.762114026059862e-06, 5.825643711432349e-06, 1.0625316463119816e-05], "lowlevel.melbands128.mean": [0.11194320768117905, 0.114158496260643, 0.038161665201187134, 0.009377608075737953, 0.0053973207250237465, 0.0022161679808050394, 0.000912483548745513, 0.0011944958241656423, 0.0007352560060098767, 0.0001348369987681508, 0.00011568150512175635, 0.00010008629760704935, 9.406919707544148e-05, 0.00041732125100679696, 0.0007168020238168538, 0.0004297808336559683, 0.00016134932229761034, 8.54335812618956e-05, 8.957908721640706e-05, 0.0003734082856681198, 0.0006228089332580566, 0.00034090547706000507, 7.490740244975314e-05, 8.904581045499071e-05, 0.00021121534518897533, 0.00038931320887058973, 0.00039342031232081354, 0.00012642830552067608, 4.0020553569775075e-05, 4.0399820136372e-05, 2.591743213997688e-05, 3.479746010270901e-05, 5.160271393833682e-05, 4.075134711456485e-05, 2.6180736313108355e-05, 3.362789720995352e-05, 3.6044588341610506e-05, 4.641896521206945e-05, 8.304788934765384e-05, 7.797960279276595e-05, 5.9039426560048014e-05, 5.915068322792649e-05, 3.575744995032437e-05, 3.4686247090576217e-05, 6.01399879087694e-05, 2.3391465219901875e-05, 1.9393570255488157e-05, 1.5344456187449396e-05, 7.631803782714996e-06, 6.89445414536749e-06, 5.53708196093794e-06, 4.673750936490251e-06, 6.13214569966658e-06, 4.260044988768641e-06, 4.033553523186129e-06, 5.585211965808412e-06, 5.4749039009038825e-06, 9.497773135080934e-06, 2.270759068778716e-05, 3.2918815122684464e-05, 2.400027005933225e-05, 1.2249596693436615e-05, 5.675873126165243e-06, 4.067318059242098e-06, 4.6052327888901345e-06, 6.246024895517621e-06, 7.246710993058514e-06, 7.584230388602009e-06, 6.986748303461354e-06, 5.104878709971672e-06, 2.565049726399593e-06, 1.4822928733337903e-06, 1.0692754131014226e-06, 1.035260766002466e-06, 1.2934126516483957e-06, 1.430023871762387e-06, 1.1590387885007658e-06, 8.208081112570653e-07, 8.779835525274393e-07, 9.303660704063077e-07, 1.0796592277984018e-06, 8.701017577550374e-07, 8.045522577049269e-07, 9.638082474339171e-07, 7.028860409263871e-07, 6.754013384124846e-07, 7.073977030813694e-07, 7.861131621211825e-07, 9.855085636445438e-07, 1.1650793112494284e-06, 1.776315002643969e-06, 1.746692191773036e-06, 1.535247861284006e-06, 2.3746458737150533e-06, 3.252557462474215e-06, 2.5855993044388015e-06, 2.2792842173657846e-06, 1.8426525230097468e-06, 1.7122838471550494e-06, 1.2844327557104407e-06, 2.6545765194896376e-06, 3.5328171179571655e-06, 4.049160907015903e-06, 3.964940333389677e-06, 3.0204728318494745e-06, 2.215129370597424e-06, 2.5121687485807342e-06, 2.523705688872724e-06, 1.7940633370017167e-06, 1.3813768191539566e-06, 9.83960717348964e-07, 9.255733175450587e-07, 6.737502076248347e-07, 5.93927040881681e-07, 4.4849355163023574e-07, 3.010801776781591e-07, 9.22018514870615e-08, 2.0388254640124615e-08, 4.3228606805278957e-10, 5.807756359166305e-11, 5.667074101656233e-11, 5.546276285461893e-11, 5.4268631255460775e-11, 5.33238939115499e-11, 5.2396552374656125e-11, 5.147975101760238e-11, 5.089234242361407e-11, 5.059678023777714e-11], "lowlevel.melbands128.stdev": [0.0874851793050766, 0.09902995824813843, 0.04203527048230171, 0.026518458500504494, 0.01873847469687462, 0.0096204224973917, 0.003817899851128459, 0.002076878445222974, 0.0014059760142117739, 0.0002947148459497839, 0.0002014841156778857, 0.00017914807540364563, 0.000299006758723408, 0.0009231830481439829, 0.001658976310864091, 0.001045381766743958, 0.0006458680727519095, 0.0005501701962202787, 0.0002717651368584484, 0.0010678271064534783, 0.002055537421256304, 0.0013643106212839484, 0.00044267054181545973, 0.0003402406582608819, 0.0006490259547717869, 0.002039263490587473, 0.002419655444100499, 0.0010554277105256915, 0.00017219592700712383, 0.0001467109250370413, 0.00012428333866409957, 0.00015501654706895351, 0.00021275492326822132, 0.00016675340884830803, 0.0001528957363916561, 0.00022065406665205956, 0.00019469957624096423, 0.00037451175739988685, 0.0006092299590818584, 0.00045987198245711625, 0.00027002993738278747, 0.00028923110221512616, 0.00015806050214450806, 0.00018910453945863992, 0.0004859004693571478, 0.00012837600661441684, 0.00011369746789569035, 8.734263246878982e-05, 2.678626697161235e-05, 2.343227060919162e-05, 1.9758186681428924e-05, 1.2879493624495808e-05, 2.7927220799028873e-05, 1.3320000107341912e-05, 1.4024829397385474e-05, 2.0276147552067414e-05, 1.35073378260131e-05, 2.4982831746456213e-05, 4.923514643451199e-05, 6.046846465324052e-05, 5.638354559778236e-05, 3.148722316836938e-05, 1.262368732568575e-05, 1.0232325621473137e-05, 1.1411921150283888e-05, 1.69453469425207e-05, 1.803835402824916e-05, 1.758716462063603e-05, 1.4795694369240664e-05, 1.277259252674412e-05, 4.974159764969954e-06, 3.205108441761695e-06, 3.0617486572737107e-06, 4.0345389606954996e-06, 5.007267191103892e-06, 5.14076145918807e-06, 4.0364334381592926e-06, 2.386570713497349e-06, 2.459972847645986e-06, 2.7582225357036805e-06, 3.865019607474096e-06, 2.922947032857337e-06, 2.576222186689847e-06, 4.236513177602319e-06, 2.6742163754533976e-06, 2.5838028250291245e-06, 2.8757428935932694e-06, 2.383739001743379e-06, 2.790413873299258e-06, 4.308703864808194e-06, 4.916913439956261e-06, 3.465962890913943e-06, 3.845206265395973e-06, 6.530691734951688e-06, 9.57123666012194e-06, 7.522231953771552e-06, 6.9388834162964486e-06, 6.294146260188427e-06, 6.855403626104817e-06, 4.6444929466815665e-06, 9.674112334323581e-06, 1.2417845937306993e-05, 1.414071721228538e-05, 1.355922177026514e-05, 1.1074776921304874e-05, 8.122499821183737e-06, 9.50722096604295e-06, 9.279426194552798e-06, 6.245984877750743e-06, 5.269095254334388e-06, 3.5215748539485503e-06, 3.3125054414995247e-06, 2.405409759376198e-06, 2.2112851638667053e-06, 1.7831736158768763e-06, 1.2694747510977322e-06, 3.900617002727813e-07, 1.1220562612379581e-07, 7.685819092273505e-09, 9.115493082578752e-11, 8.8974792811225e-11, 8.704240106460759e-11, 8.525750244681163e-11, 8.37631977668174e-11, 8.252327293734041e-11, 8.153436953373117e-11, 8.082837177347812e-11, 8.038953530631332e-11], "lowlevel.mfcc.mean": [-751.5870361328125, 166.2064208984375, 38.205631256103516, 41.267860412597656, 22.77290153503418, 5.7413554191589355, 17.544902801513672, 20.17334747314453, -1.7280176877975464, 19.500789642333984, 14.017457962036133, 11.360870361328125, -0.23762764036655426], "lowlevel.spectral_contrast_coeffs.mean": [-0.6853857040405273, -0.7240942120552063, -0.7601112723350525, -0.8016411662101746, -0.7765539288520813, -0.7934661507606506], "lowlevel.spectral_contrast_coeffs.stdev": [0.07802622020244598, 0.09607259929180145, 0.07547488063573837, 0.06465961784124374, 0.069124735891819, 0.05619199946522713], "lowlevel.spectral_contrast_valleys.mean": [-6.895780086517334, -7.574424743652344, -8.609794616699219, -9.064292907714844, -9.071191787719727, -11.911380767822266], "lowlevel.spectral_contrast_valleys.stdev": [0.6336621642112732, 0.9429227113723755, 1.139696717262268, 1.341652274131775, 1.7416956424713135, 2.1574177742004395], "rhythm.beats_loudness_band_ratio.mean": [0.8976535797119141, 0.023855216801166534, 0.04130764305591583, 0.02390730008482933, 0.008746197447180748, 0.007618309929966927], "rhythm.beats_loudness_band_ratio.stdev": [0.1975267082452774, 0.05399215966463089, 0.10082890838384628, 0.07481935620307922, 0.020477386191487312, 0.015001699328422546], "tonal.hpcp.mean": [0.030528230592608452, 0.021814696490764618, 0.009955677203834057, 0.008685935288667679, 0.006006381008774042, 0.0062966239638626575, 0.08336776494979858, 0.33129414916038513, 0.3408246338367462, 0.11577782779932022, 0.03842195123434067, 0.021570591256022453, 0.022629879415035248, 0.03648766502737999, 0.12187767028808594, 0.18425792455673218, 0.10853663086891174, 0.03958119451999664, 0.022052500396966934, 0.014427767135202885, 0.024586614221334457, 0.03126994147896767, 0.03239724785089493, 0.14756853878498077, 0.25846225023269653, 0.13866710662841797, 0.02475830353796482, 0.028439601883292198, 0.0351620577275753, 0.030803654342889786, 0.017036763951182365, 0.007576192729175091, 0.002890183823183179, 0.007248451001942158, 0.017110949382185936, 0.024837760254740715], "tonal.hpcp.stdev": [0.16278350353240967, 0.11706956475973129, 0.08010830730199814, 0.05714923143386841, 0.0577688105404377, 0.03860707953572273, 0.18719370663166046, 0.42464494705200195, 0.4234980642795563, 0.24913498759269714, 0.1551031917333603, 0.10119450092315674, 0.11862844973802567, 0.13897846639156342, 0.2746726870536804, 0.36588457226753235, 0.25380006432533264, 0.16720716655254364, 0.11471294611692429, 0.0889696478843689, 0.1316567361354828, 0.1179724782705307, 0.09781213849782944, 0.23750168085098267, 0.41490960121154785, 0.2166268676519394, 0.10667775571346283, 0.11376485228538513, 0.12812647223472595, 0.1045868769288063, 0.07259362936019897, 0.04815458878874779, 0.01531260646879673, 0.0514039508998394, 0.1114303320646286, 0.12129587680101395], "rhythm.beats_position": [0.4411791265010834, 0.8823582530021667, 1.3235373497009277, 1.7647165060043335, 2.2058956623077393, 2.658684730529785, 3.1230838298797607, 3.5758728981018066, 4.017052173614502, 4.458230972290039, 4.911020278930664, 5.375419616699219, 5.8282084465026855, 6.188117980957031, 6.536417007446289, 6.896326541900635, 7.267845630645752, 7.650974750518799, 8.010884284973145, 8.382403373718262, 8.777142524719238, 9.171881675720215, 9.543400764465332, 9.914920806884766, 10.274829864501953, 10.63473892211914, 10.994647979736328, 11.354557991027832, 11.70285701751709, 12.074376106262207, 12.445895195007324, 12.817414283752441, 13.200544357299805, 13.572063446044922, 13.92036247253418, 14.280271530151367], "rhythm.bpm_histogram": [0.0, 0.0, 0.0, 0.0, 0.0, 0.0, 0.0, 0.0, 0.0, 0.0, 0.0, 0.0, 0.0, 0.0, 0.0, 0.0, 0.0, 0.0, 0.0, 0.0, 0.0, 0.0, 0.0, 0.0, 0.0, 0.0, 0.0, 0.0, 0.0, 0.0, 0.0, 0.0, 0.0, 0.0, 0.0, 0.0, 0.0, 0.0, 0.0, 0.0, 0.0, 0.0, 0.0, 0.0, 0.0, 0.0, 0.0, 0.0, 0.0, 0.0, 0.0, 0.0, 0.0, 0.0, 0.0, 0.0, 0.0, 0.0, 0.0, 0.0, 0.0, 0.0, 0.0, 0.0, 0.0, 0.0, 0.0, 0.0, 0.0, 0.0, 0.0, 0.0, 0.0, 0.0, 0.0, 0.0, 0.0, 0.0, 0.0, 0.0, 0.0, 0.0, 0.0, 0.0, 0.0, 0.0, 0.0, 0.0, 0.0, 0.0, 0.0, 0.0, 0.0, 0.0, 0.0, 0.0, 0.0, 0.0, 0.0, 0.0, 0.0, 0.0, 0.0, 0.0, 0.0, 0.0, 0.0, 0.0, 0.0, 0.0, 0.0, 0.0, 0.0, 0.0, 0.0, 0.0, 0.0, 0.0, 0.0, 0.0, 0.0, 0.0, 0.0, 0.0, 0.0, 0.0, 0.0, 0.0, 0.0, 0.05714285746216774, 0.0, 0.0, 0.0, 0.11428571492433548, 0.0, 0.0, 0.17142857611179352, 0.0, 0.0, 0.0, 0.0, 0.0, 0.0, 0.0, 0.0, 0.0, 0.0, 0.0, 0.0, 0.0, 0.0, 0.0, 0.05714285746216774, 0.0, 0.0, 0.0, 0.0, 0.05714285746216774, 0.0, 0.0, 0.0, 0.22857142984867096, 0.0, 0.0, 0.0, 0.0, 0.0, 0.22857142984867096, 0.0, 0.0, 0.0, 0.0, 0.08571428805589676, 0.0, 0.0, 0.0, 0.0, 0.0, 0.0, 0.0, 0.0, 0.0, 0.0, 0.0, 0.0, 0.0, 0.0, 0.0, 0.0, 0.0, 0.0, 0.0, 0.0, 0.0, 0.0, 0.0, 0.0, 0.0, 0.0, 0.0, 0.0, 0.0, 0.0, 0.0, 0.0, 0.0, 0.0, 0.0, 0.0, 0.0, 0.0, 0.0, 0.0, 0.0, 0.0, 0.0, 0.0, 0.0, 0.0, 0.0, 0.0, 0.0, 0.0, 0.0, 0.0, 0.0, 0.0, 0.0, 0.0, 0.0, 0.0, 0.0, 0.0, 0.0, 0.0, 0.0, 0.0, 0.0, 0.0, 0.0, 0.0, 0.0, 0.0, 0.0, 0.0, 0.0, 0.0, 0.0, 0.0, 0.0], "tonal.chords_histogram": [9.433961868286133, 0.0, 0.0, 0.0, 0.0, 27.358489990234375, 0.0, 0.0, 0.0, 0.0, 19.182390213012695, 0.0, 24.8427677154541, 0.0, 0.0, 0.0, 13.207547187805176, 5.974842548370361, 0.0, 0.0, 0.0, 0.0, 0.0, 0.0], "tonal.thpcp": [1.0, 0.3396991193294525, 0.11273232102394104, 0.06328941136598587, 0.06639742851257324, 0.10705700516700745, 0.35759642720222473, 0.5406238436698914, 0.31845301389694214, 0.11613360792398453, 0.06470336765050888, 0.042331937700510025, 0.07213860750198364, 0.09174789488315582, 0.0950554758310318, 0.43297499418258667, 0.7583438158035278, 0.4068576395511627, 0.07264235615730286, 0.08344350755214691, 0.1031675934791565, 0.09037977457046509, 0.04998689144849777, 0.02222900651395321, 0.008479973301291466, 0.021267391741275787, 0.0502045564353466, 0.0728754848241806, 0.08957166969776154, 0.06400563567876816, 0.02921055629849434, 0.02548505738377571, 0.017623083665966988, 0.018474673852324486, 0.24460604786872864, 0.9720369577407837], "lowlevel.gfcc.cov": [[14812.3662109375, -5235.658203125, -3852.83154296875, 1314.0816650390625, -2413.37158203125, 322.705078125, -1755.9765625, 1118.47998046875, -882.3751831054688, 528.1556396484375, -331.486328125, 441.9068908691406, -1243.1846923828125], [-5235.658203125, 4119.869140625, 493.375732421875, -1062.907958984375, 1030.5096435546875, -651.0489501953125, 740.5347290039062, -681.0472412109375, 590.7271118164062, -572.9183349609375, 383.6313171386719, -298.0539245605469, 311.70697021484375], [-3852.83154296875, 493.375732421875, 2496.040283203125, 33.05009841918945, 894.1730346679688, 189.94993591308594, 609.1806030273438, -140.36427307128906, 193.35427856445312, 94.45954132080078, -71.23629760742188, -4.873344421386719, 482.7076721191406], [1314.0816650390625, -1062.907958984375, 33.05009841918945, 749.3956298828125, -75.40194702148438, 100.22710418701172, -220.7556915283203, 148.82513427734375, -120.96527862548828, 120.66360473632812, -66.31880187988281, 24.18148422241211, -26.185302734375], [-2413.37158203125, 1030.5096435546875, 894.1730346679688, -75.40194702148438, 852.7744750976562, -38.756893157958984, 368.0476989746094, -207.6830596923828, 274.6593933105469, -55.6456413269043, 7.908384799957275, -153.58383178710938, 231.33665466308594], [322.705078125, -651.0489501953125, 189.94993591308594, 100.22710418701172, -38.756893157958984, 331.12109375, 32.44231414794922, 67.31068420410156, -94.01441192626953, 108.67878723144531, -91.56009674072266, 1.5277657508850098, -38.82616424560547], [-1755.9765625, 740.5347290039062, 609.1806030273438, -220.7556915283203, 368.0476989746094, 32.44231414794922, 465.7611999511719, -98.76304626464844, 151.9431610107422, -58.23225402832031, 51.8644905090332, -58.47257614135742, 148.0301055908203], [1118.47998046875, -681.0472412109375, -140.36427307128906, 148.82513427734375, -207.6830596923828, 67.31068420410156, -98.76304626464844, 241.74615478515625, -56.80613708496094, 81.34137725830078, -60.75993728637695, 50.00815200805664, -73.22754669189453], [-882.3751831054688, 590.7271118164062, 193.35427856445312, -120.96527862548828, 274.6593933105469, -94.01441192626953, 151.9431610107422, -56.80613708496094, 252.73190307617188, -41.76236343383789, 13.13224983215332, -74.25945281982422, 77.44556427001953], [528.1556396484375, -572.9183349609375, 94.45954132080078, 120.66360473632812, -55.6456413269043, 108.67878723144531, -58.23225402832031, 81.34137725830078, -41.76236343383789, 192.5113067626953, -50.82139205932617, 20.567800521850586, -7.228694438934326], [-331.486328125, 383.6313171386719, -71.23629760742188, -66.31880187988281, 7.908384799957275, -91.56009674072266, 51.8644905090332, -60.75993728637695, 13.13224983215332, -50.82139205932617, 173.05953979492188, 11.232217788696289, 9.091554641723633], [441.9068908691406, -298.0539245605469, -4.873344421386719, 24.18148422241211, -153.58383178710938, 1.5277657508850098, -58.47257614135742, 50.00815200805664, -74.25945281982422, 20.567800521850586, 11.232217788696289, 135.94419860839844, -9.353784561157227], [-1243.1846923828125, 311.70697021484375, 482.7076721191406, -26.185302734375, 231.33665466308594, -38.82616424560547, 148.0301055908203, -73.22754669189453, 77.44556427001953, -7.228694438934326, 9.091554641723633, -9.353784561157227, 207.5185089111328]], "lowlevel.gfcc.icov": [[0.00042104299063794315, -0.00015064061153680086, 0.0003705807030200958, -0.0004942140076309443, 0.0001116214189096354, -8.393192547373474e-05, 0.00021293218014761806, -0.0007058820920065045, 8.745257946429774e-05, -0.0007349951192736626, 0.000518913206178695, -0.0009234942845068872, 0.001160540385171771], [-0.00015064061153680086, 0.005798466503620148, -0.0006343539571389556, 0.003815900068730116, -0.0017444720724597573, 0.005642272531986237, -0.0023908433504402637, 0.005328422412276268, -0.0022940095514059067, 0.006641271989792585, -0.004554786719381809, 0.005629354156553745, 0.0004717560950666666], [0.0003705807030200958, -0.0006343539571389556, 0.0017402737867087126, -0.0009240922518074512, -0.0007569918525405228, -0.0011419247603043914, -0.00046663032844662666, -0.0011375281028449535, 0.0005876690265722573, -0.0016945238457992673, 0.0013211597688496113, -0.0025858290027827024, -0.000882852531503886], [-0.0004942140076309443, 0.003815900068730116, -0.0009240922518074512, 0.0050092837773263454, -0.001901679439470172, 0.0032949806191027164, -0.0002582722809165716, 0.0026633755769580603, -0.0006975820288062096, 0.004672188311815262, -0.003852875903248787, 0.004917611368000507, -0.0012367881136015058], [0.0001116214189096354, -0.0017444720724597573, -0.0007569918525405228, -0.001901679439470172, 0.0048503512516617775, -0.0013844139175489545, -0.00015696937043685466, 0.00030472484650090337, -0.001656314474530518, -0.0018942846218124032, 0.001773623051121831, 0.0006654367898590863, -0.00013225257862359285], [-8.393192547373474e-05, 0.005642272531986237, -0.0011419247603043914, 0.0032949806191027164, -0.0013844139175489545, 0.011682246811687946, -0.004465107340365648, 0.005246548447757959, 0.00033186341170221567, 0.003958608955144882, -0.001902369549497962, 0.006433409638702869, 0.0032469802536070347], [0.00021293218014761806, -0.0023908433504402637, -0.00046663032844662666, -0.0002582722809165716, -0.00015696937043685466, -0.004465107340365648, 0.007018493954092264, -0.0035771545954048634, -0.0003339524264447391, -0.001250270870514214, -0.0004762313037645072, -0.0017189718782901764, -0.0009851129725575447], [-0.0007058820920065045, 0.005328422412276268, -0.0011375281028449535, 0.0026633755769580603, 0.00030472484650090337, 0.005246548447757959, -0.0035771545954048634, 0.013404433615505695, -0.003826501313596964, 0.005061423871666193, -0.002630237489938736, 0.004681101534515619, 0.0006039378931745887], [8.745257946429774e-05, -0.0022940095514059067, 0.0005876690265722573, -0.0006975820288062096, -0.001656314474530518, 0.00033186341170221567, -0.0003339524264447391, -0.003826501313596964, 0.009460222907364368, -0.003310972359031439, 0.0025926532689481974, -0.0003572640707716346, -0.00046443400788120925], [-0.0007349951192736626, 0.006641271989792585, -0.0016945238457992673, 0.004672188311815262, -0.0018942846218124032, 0.003958608955144882, -0.001250270870514214, 0.005061423871666193, -0.003310972359031439, 0.01639089547097683, -0.006029736716300249, 0.0075525217689573765, -0.0019061689963564277], [0.000518913206178695, -0.004554786719381809, 0.0013211597688496113, -0.003852875903248787, 0.001773623051121831, -0.001902369549497962, -0.0004762313037645072, -0.002630237489938736, 0.0025926532689481974, -0.006029736716300249, 0.012463484890758991, -0.006754588335752487, 0.001441297703422606], [-0.0009234942845068872, 0.005629354156553745, -0.0025858290027827024, 0.004917611368000507, 0.0006654367898590863, 0.006433409638702869, -0.0017189718782901764, 0.004681101534515619, -0.0003572640707716346, 0.0075525217689573765, -0.006754588335752487, 0.019001554697752, -0.0024639477487653494], [0.001160540385171771, 0.0004717560950666666, -0.000882852531503886, -0.0012367881136015058, -0.00013225257862359285, 0.0032469802536070347, -0.0009851129725575447, 0.0006039378931745887, -0.00046443400788120925, -0.0019061689963564277, 0.001441297703422606, -0.0024639477487653494, 0.01456372532993555]], "lowlevel.mfcc.cov": [[18822.474609375, -6853.59521484375, -2377.7109375, -633.9742431640625, -898.6336059570312, -1403.4541015625, -957.3419799804688, 29.061647415161133, -1404.4561767578125, 314.2939453125, -104.44479370117188, 204.2242889404297, -220.9047393798828], [-6853.59521484375, 4943.1640625, -58.03614044189453, 71.56440734863281, 92.31385040283203, 330.42169189453125, 10.726765632629395, 200.91940307617188, 126.50408172607422, -12.535634994506836, 9.704730987548828, -100.41681671142578, 127.0076675415039], [-2377.7109375, -58.03614044189453, 1187.5179443359375, 224.83621215820312, 200.37905883789062, 287.94561767578125, 339.4949951171875, -58.813350677490234, 410.44842529296875, -167.60238647460938, 52.92087173461914, 6.012234210968018, 60.0468864440918], [-633.9742431640625, 71.56440734863281, 224.83621215820312, 520.7324829101562, 266.3116149902344, 81.3152084350586, 33.938621520996094, -15.192826271057129, 121.66380310058594, 31.97007179260254, -53.715335845947266, -8.853131294250488, 64.52326965332031], [-898.6336059570312, 92.31385040283203, 200.37905883789062, 266.3116149902344, 392.9153137207031, 167.2254638671875, 36.717655181884766, -51.778133392333984, 158.26632690429688, 58.406097412109375, -22.005950927734375, -36.2921028137207, 24.179494857788086], [-1403.4541015625, 330.42169189453125, 287.94561767578125, 81.3152084350586, 167.2254638671875, 365.104248046875, 170.039306640625, -24.70671272277832, 199.38107299804688, 3.077134370803833, 39.70676040649414, 5.798620700836182, -12.399975776672363], [-957.3419799804688, 10.726765632629395, 339.4949951171875, 33.938621520996094, 36.717655181884766, 170.039306640625, 306.2625732421875, -12.060097694396973, 133.05259704589844, -65.7892837524414, 61.661537170410156, 37.78147888183594, -13.47678279876709], [29.061647415161133, 200.91940307617188, -58.813350677490234, -15.192826271057129, -51.778133392333984, -24.70671272277832, -12.060097694396973, 184.2223358154297, -25.642757415771484, 13.708335876464844, -16.02893829345703, 5.1941819190979, 24.30160140991211], [-1404.4561767578125, 126.50408172607422, 410.44842529296875, 121.66380310058594, 158.26632690429688, 199.38107299804688, 133.05259704589844, -25.642757415771484, 385.7715759277344, 36.549110412597656, 45.38685607910156, -24.720218658447266, 18.688980102539062], [314.2939453125, -12.535634994506836, -167.60238647460938, 31.97007179260254, 58.406097412109375, 3.077134370803833, -65.7892837524414, 13.708335876464844, 36.549110412597656, 173.903076171875, 23.385683059692383, -16.887470245361328, -12.005010604858398], [-104.44479370117188, 9.704730987548828, 52.92087173461914, -53.715335845947266, -22.005950927734375, 39.70676040649414, 61.661537170410156, -16.02893829345703, 45.38685607910156, 23.385683059692383, 103.50176239013672, 29.516340255737305, -7.281627178192139], [204.2242889404297, -100.41681671142578, 6.012234210968018, -8.853131294250488, -36.2921028137207, 5.798620700836182, 37.78147888183594, 5.1941819190979, -24.720218658447266, -16.887470245361328, 29.516340255737305, 111.95455169677734, 18.262977600097656], [-220.9047393798828, 127.0076675415039, 60.0468864440918, 64.52326965332031, 24.179494857788086, -12.399975776672363, -13.47678279876709, 24.30160140991211, 18.688980102539062, -12.005010604858398, -7.281627178192139, 18.262977600097656, 107.78998565673828]], "lowlevel.mfcc.icov": [[0.00034737453097477555, 0.000473849504487589, 0.0003528963425196707, -0.00012543382763396949, 0.0002755030582193285, 7.551798626082018e-05, 0.00041894562309607863, -0.0002917184610851109, 0.0005139838322065771, -0.0002147290506400168, -0.0003539978642947972, -0.00010186169674852863, -2.257763480884023e-05], [0.000473849504487589, 0.0009098248556256294, 0.0006441843579523265, -0.0002287248644279316, 0.00041841628262773156, -0.0002977635303977877, 0.0006696117343381047, -0.0006867334013804793, 0.0006434457027353346, 6.029505129845347e-06, -0.0007454620790667832, 0.00026371487183496356, -0.0004183700366411358], [0.0003528963425196707, 0.0006441843579523265, 0.002917752368375659, -0.0006576356245204806, -5.038698873249814e-05, -0.00018139422172680497, -0.0005677404114976525, -0.0003870859509333968, -0.0015656461473554373, 0.0026692389510571957, -0.001311719068326056, 0.00047110894229263067, -0.0008605178445577621], [-0.00012543382763396949, -0.0002287248644279316, -0.0006576356245204806, 0.003620314644649625, -0.002140490338206291, 0.000567870563827455, -0.000714226858690381, 0.00023258202418219298, -0.0001393782440572977, -0.0011123892618343234, 0.002346514258533716, -0.0007700139540247619, -0.0011953330831602216], [0.0002755030582193285, 0.00041841628262773156, -5.038698873249814e-05, -0.002140490338206291, 0.005871543660759926, -0.002001379616558552, 0.0007245774031616747, 0.0010556376073509455, 0.00022165957489050925, -0.001983274007216096, 0.000906764471437782, 0.0010427308734506369, -0.0006885084440000355], [7.551798626082018e-05, -0.0002977635303977877, -0.00018139422172680497, 0.000567870563827455, -0.002001379616558552, 0.005936916451901197, -0.0019841697067022324, 9.633899026084691e-05, -0.0013023036299273372, -0.00038698434946127236, 0.00011331748100928962, -0.0012673753080889583, 0.0015339507954195142], [0.00041894562309607863, 0.0006696117343381047, -0.0005677404114976525, -0.000714226858690381, 0.0007245774031616747, -0.0019841697067022324, 0.007510819472372532, -0.0012324557173997164, 0.0002401727979304269, 0.002024237532168627, -0.0035244182217866182, -0.0013374658301472664, 0.0018118595471605659], [-0.0002917184610851109, -0.0006867334013804793, -0.0003870859509333968, 0.00023258202418219298, 0.0010556376073509455, 9.633899026084691e-05, -0.0012324557173997164, 0.006891860160976648, -0.00017377769108861685, -0.0017480766400694847, 0.0025290194898843765, -0.0003214973257854581, -0.0015851125353947282], [0.0005139838322065771, 0.0006434457027353346, -0.0015656461473554373, -0.0001393782440572977, 0.00022165957489050925, -0.0013023036299273372, 0.0002401727979304269, -0.00017377769108861685, 0.007035490125417709, -0.003577353898435831, -0.0011144926538690925, 0.0012136357836425304, -0.0007787022623233497], [-0.0002147290506400168, 6.029505129845347e-06, 0.0026692389510571957, -0.0011123892618343234, -0.001983274007216096, -0.00038698434946127236, 0.002024237532168627, -0.0017480766400694847, -0.003577353898435831, 0.012162108905613422, -0.005347411148250103, 0.0012013785308226943, 0.0011893220944330096], [-0.0003539978642947972, -0.0007454620790667832, -0.001311719068326056, 0.002346514258533716, 0.000906764471437782, 0.00011331748100928962, -0.0035244182217866182, 0.0025290194898843765, -0.0011144926538690925, -0.005347411148250103, 0.01665695570409298, -0.003792805364355445, -0.00035668310010805726], [-0.00010186169674852863, 0.00026371487183496356, 0.00047110894229263067, -0.0007700139540247619, 0.0010427308734506369, -0.0012673753080889583, -0.0013374658301472664, -0.0003214973257854581, 0.0012136357836425304, 0.0012013785308226943, -0.003792805364355445, 0.012106100097298622, -0.003179428866133094], [-2.257763480884023e-05, -0.0004183700366411358, -0.0008605178445577621, -0.0011953330831602216, -0.0006885084440000355, 0.0015339507954195142, 0.0018118595471605659, -0.0015851125353947282, -0.0007787022623233497, 0.0011893220944330096, -0.00035668310010805726, -0.003179428866133094, 0.01261577382683754]], "metadata.audio_properties.analysis.downmix": "mix", "metadata.audio_properties.codec": "mp3", "metadata.audio_properties.md5_encoded": "d1d983517eccb17278836ddd1439acd3", "metadata.tags.file_name": "1183700931481698325.mp3", "metadata.version.essentia": "2.1-beta6-dev", "metadata.version.essentia_git_sha": "v2.1_beta5-1110-g77a6a954", "metadata.version.extractor": "music 2.0", "tonal.chords_key": "B", "tonal.chords_scale": "minor", "tonal.key_edma.key": "F", "tonal.key_edma.scale": "major", "tonal.key_krumhansl.key": "F", "tonal.key_krumhansl.scale": "major", "tonal.key_temperley.key": "F", "tonal.key_temperley.scale": "major", "metadata.tags.encoding": ["Lavf58.45.100"]}, "essentia_models": [{"model_name": "genre_dortmund", "activations": {"alternative": "0.06495234", "blues": "0.005739936", "electronic": "0.13427171", "folkcountry": "0.016690483", "funksoulrnb": "0.019773211", "jazz": "0.0150684", "pop": "0.012522891", "raphiphop": "0.7356384", "rock": "0.049720984"}}, {"model_name": "genre_rosamerica", "activations": {"classic": "0.013161631", "dance": "0.0012779803", "hip hop": "0.18807328", "jazz": "0.003695405", "pop": "0.009502337", "rhythm and blues": "0.036319703", "rock": "0.015817221", "speech": "0.40336272"}}, {"model_name": "genre_tzanetakis", "activations": {"blues": "0.03696801", "classic": "0.063327834", "country": "0.016982267", "disco": "0.003