{"song_id": "1183713985023983616", "download": "https://cdn.discordapp.com/attachments/1135903449314238464/1183713985023983616/chirp.mp4?ex=6589568e&amp", "lyrics": "[Verse 1]\nIn a distant land of valor and might\nAdventurers gather for an epic fight\nWith swords unsheathed and hearts ablaze\nWe'll conquer foes with each passing blaze\n\n[Chorus]\nRaise your tankard high, let the voices ring\nIn the tavern, our spirits forever sing\nWe'll toast to the heroes, brave and bold\nAs we embark on adventures untold", "style": ["rap"], "essentia_features": {"lowlevel.average_loudness": 0.944649338722229, "lowlevel.barkbands_crest.mean": 12.088809967041016, "lowlevel.barkbands_crest.stdev": 4.399871826171875, "lowlevel.barkbands_flatness_db.mean": 0.23917651176452637, "lowlevel.barkbands_flatness_db.stdev": 0.06025231257081032, "lowlevel.barkbands_kurtosis.mean": 7.680756568908691, "lowlevel.barkbands_kurtosis.stdev": 17.26722526550293, "lowlevel.barkbands_skewness.mean": 1.3806003332138062, "lowlevel.barkbands_skewness.stdev": 2.1499247550964355, "lowlevel.barkbands_spread.mean": 15.992938041687012, "lowlevel.barkbands_spread.stdev": 12.499918937683105, "lowlevel.dissonance.mean": 0.4439675807952881, "lowlevel.dissonance.stdev": 0.050429511815309525, "lowlevel.dynamic_complexity": 3.268866777420044, "lowlevel.erbbands_crest.mean": 12.306181907653809, "lowlevel.erbbands_crest.stdev": 4.176267623901367, "lowlevel.erbbands_flatness_db.mean": 0.2794468104839325, "lowlevel.erbbands_flatness_db.stdev": 0.07104895263910294, "lowlevel.erbbands_kurtosis.mean": 2.5599584579467773, "lowlevel.erbbands_kurtosis.stdev": 5.45225191116333, "lowlevel.erbbands_skewness.mean": -0.08226688206195831, "lowlevel.erbbands_skewness.stdev": 1.628368854522705, "lowlevel.erbbands_spread.mean": 27.993791580200195, "lowlevel.erbbands_spread.stdev": 22.4493465423584, "lowlevel.hfc.mean": 14.332508087158203, "lowlevel.hfc.stdev": 21.21027946472168, "lowlevel.loudness_ebu128.integrated": -23.09381675720215, "lowlevel.loudness_ebu128.loudness_range": 3.2366695404052734, "lowlevel.loudness_ebu128.momentary.mean": -23.609603881835938, "lowlevel.loudness_ebu128.momentary.stdev": 2.1072607040405273, "lowlevel.loudness_ebu128.short_term.mean": -23.14629554748535, "lowlevel.loudness_ebu128.short_term.stdev": 1.101875901222229, "lowlevel.melbands_crest.mean": 13.363466262817383, "lowlevel.melbands_crest.stdev": 4.773037433624268, "lowlevel.melbands_flatness_db.mean": 0.2863811254501343, "lowlevel.melbands_flatness_db.stdev": 0.06740254908800125, "lowlevel.melbands_kurtosis.mean": 11.487959861755371, "lowlevel.melbands_kurtosis.stdev": 18.921701431274414, "lowlevel.melbands_skewness.mean": 2.0620903968811035, "lowlevel.melbands_skewness.stdev": 1.9137142896652222, "lowlevel.melbands_spread.mean": 25.122451782226562, "lowlevel.melbands_spread.stdev": 18.924985885620117, "lowlevel.pitch_salience.mean": 0.575732946395874, "lowlevel.pitch_salience.stdev": 0.09786880761384964, "lowlevel.silence_rate_20dB.mean": 1.0, "lowlevel.silence_rate_20dB.stdev": 0.0, "lowlevel.silence_rate_30dB.mean": 1.0, "lowlevel.silence_rate_30dB.stdev": 0.0, "lowlevel.silence_rate_60dB.mean": 0.17577414214611053, "lowlevel.silence_rate_60dB.stdev": 0.3806295692920685, "lowlevel.spectral_centroid.mean": 1217.0982666015625, "lowlevel.spectral_centroid.stdev": 659.5435180664062, "lowlevel.spectral_complexity.mean": 11.291439056396484, "lowlevel.spectral_complexity.stdev": 6.985457420349121, "lowlevel.spectral_decrease.mean": -2.7490101306426595e-09, "lowlevel.spectral_decrease.stdev": 2.912641017260853e-09, "lowlevel.spectral_energy.mean": 0.011675397865474224, "lowlevel.spectral_energy.stdev": 0.012764839455485344, "lowlevel.spectral_energyband_high.mean": 6.556360312970355e-05, "lowlevel.spectral_energyband_high.stdev": 0.00023336904996540397, "lowlevel.spectral_energyband_low.mean": 7.032197754597291e-05, "lowlevel.spectral_energyband_low.stdev": 0.00010698292317101732, "lowlevel.spectral_energyband_middle_high.mean": 0.006451737135648727, "lowlevel.spectral_energyband_middle_high.stdev": 0.010973901487886906, "lowlevel.spectral_energyband_middle_low.mean": 0.0051744962111115456, "lowlevel.spectral_energyband_middle_low.stdev": 0.004563449881970882, "lowlevel.spectral_entropy.mean": 6.7210822105407715, "lowlevel.spectral_entropy.stdev": 0.5788071751594543, "lowlevel.spectral_flux.mean": 0.057218287140131, "lowlevel.spectral_flux.stdev": 0.04011634737253189, "lowlevel.spectral_kurtosis.mean": 20.797426223754883, "lowlevel.spectral_kurtosis.stdev": 17.53907585144043, "lowlevel.spectral_rms.mean": 0.0030172327533364296, "lowlevel.spectral_rms.stdev": 0.0015122604090720415, "lowlevel.spectral_rolloff.mean": 1786.3516845703125, "lowlevel.spectral_rolloff.stdev": 1488.3150634765625, "lowlevel.spectral_skewness.mean": 2.7256813049316406, "lowlevel.spectral_skewness.stdev": 1.231211543083191, "lowlevel.spectral_spread.mean": 2754946.25, "lowlevel.spectral_spread.stdev": 2049558.5, "lowlevel.spectral_strongpeak.mean": 1.3242121934890747, "lowlevel.spectral_strongpeak.stdev": 1.621947169303894, "lowlevel.zerocrossingrate.mean": 0.05839007720351219, "lowlevel.zerocrossingrate.stdev": 0.03589070588350296, "metadata.audio_properties.analysis.equal_loudness": 0.0, "metadata.audio_properties.analysis.length": 25.45065689086914, "metadata.audio_properties.analysis.sample_rate": 44100.0, "metadata.audio_properties.analysis.start_time": 0.0, "metadata.audio_properties.bit_rate": 116655.0, "metadata.audio_properties.length": 25.450666427612305, "metadata.audio_properties.lossless": 0.0, "metadata.audio_properties.number_channels": 1.0, "metadata.audio_properties.replay_gain": -6.333709716796875, "metadata.audio_properties.sample_rate": 48000.0, "rhythm.beats_count": 66.0, "rhythm.beats_loudness.mean": 0.0250818133354187, "rhythm.beats_loudness.stdev": 0.014562483876943588, "rhythm.bpm": 155.47914123535156, "rhythm.bpm_histogram_first_peak_bpm": 157.0, "rhythm.bpm_histogram_first_peak_weight": 0.3461538553237915, "rhythm.bpm_histogram_second_peak_bpm": 152.0, "rhythm.bpm_histogram_second_peak_spread": 0.08333331346511841, "rhythm.bpm_histogram_second_peak_weight": 0.16923077404499054, "rhythm.danceability": 1.9147722721099854, "rhythm.onset_rate": 4.396934986114502, "tonal.chords_changes_rate": 0.007272727321833372, "tonal.chords_number_rate": 0.003636363660916686, "tonal.chords_strength.mean": 0.540604829788208, "tonal.chords_strength.stdev": 0.0582575798034668, "tonal.hpcp_crest.mean": 13.314339637756348, "tonal.hpcp_crest.stdev": 5.352259159088135, "tonal.hpcp_entropy.mean": 1.9908151626586914, "tonal.hpcp_entropy.stdev": 0.6752451062202454, "tonal.key_edma.strength": 0.6779505014419556, "tonal.key_krumhansl.strength": 0.686927318572998, "tonal.key_temperley.strength": 0.6880499720573425, "tonal.tuning_diatonic_strength": 0.5451622009277344, "tonal.tuning_equal_tempered_deviation": 0.07254363596439362, "tonal.tuning_frequency": 444.0853271484375, "tonal.tuning_nontempered_energy_ratio": 0.6596440076828003, "lowlevel.barkbands.mean": [7.581367071907152e-07, 1.9918306861654855e-06, 1.1472908227005973e-05, 0.0001829751709010452, 0.0015689575811848044, 0.002420608652755618, 0.0004068297566846013, 0.0002875036734621972, 0.00024775578640401363, 0.0002583564491942525, 0.00037459711893461645, 0.0009523389162495732, 0.0008331864373758435, 0.0004944801330566406, 0.00040111810085363686, 0.0008943192660808563, 0.0017711248947307467, 0.000490437145344913, 9.817196769290604e-06, 3.1548902370559517e-06, 1.0477171599632129e-05, 1.6154343029484153e-05, 1.2775893992511556e-05, 1.5072962014528457e-05, 5.271530426398385e-06, 3.499358172120992e-06, 3.7293784771463834e-07], "lowlevel.barkbands.stdev": [1.6390276869060472e-06, 4.042689397465438e-06, 3.5200508136767894e-05, 0.00025883919443003833, 0.00208287057466805, 0.0029115076176822186, 0.0006312982295639813, 0.0005824323161505163, 0.0006752205081284046, 0.0007937289774417877, 0.00197426974773407, 0.0030019718687981367, 0.0030511633958667517, 0.001735675148665905, 0.0013068396365270019, 0.0026561992708593607, 0.003842264646664262, 0.0010042641079053283, 3.156089223921299e-05, 9.243663953384385e-06, 3.534615825628862e-05, 6.442762241931632e-05, 5.587053601630032e-05, 6.315523205557838e-05, 1.848242936830502e-05, 1.2394940313242842e-05, 1.0619859267535503e-06], "lowlevel.erbbands.mean": [5.23434609931428e-05, 0.0008115837117657065, 0.015027674846351147, 0.3397117853164673, 3.2259960174560547, 6.16785192489624, 9.198885917663574, 22.495222091674805, 5.16688346862793, 8.929047584533691, 6.139846324920654, 5.299049377441406, 6.8784565925598145, 8.359210968017578, 25.567272186279297, 35.8353271484375, 36.41222381591797, 31.6748104095459, 23.096973419189453, 28.040714263916016, 61.81864929199219, 97.7265396118164, 39.87423324584961, 3.7123401165008545, 0.2876221835613251, 0.16281922161579132, 0.3009856045246124, 0.5213102698326111, 0.6059398055076599, 0.394974946975708, 0.3750849664211273, 0.3953789472579956, 0.19241361320018768, 0.07266706228256226, 0.031030641868710518, 0.017772549763321877, 0.0055320728570222855, 0.001297438400797546, 4.0323535358766094e-05, 1.549164517200552e-05], "lowlevel.erbbands.stdev": [8.936306403484195e-05, 0.0015248667914420366, 0.02989160642027855, 0.4100094735622406, 4.832498550415039, 7.966184616088867, 12.529031753540039, 26.86003303527832, 10.179237365722656, 12.578295707702637, 15.59928035736084, 13.537053108215332, 18.68695068359375, 28.30556869506836, 118.61175537109375, 110.34468078613281, 116.21625518798828, 114.6746597290039, 74.89498138427734, 79.19615936279297, 162.55776977539062, 206.62852478027344, 75.91658782958984, 6.22813081741333, 0.44492119550704956, 0.4596947431564331, 0.9679662585258484, 1.8463976383209229, 2.3138883113861084, 1.7745102643966675, 1.643453598022461, 1.7209948301315308, 0.7808129787445068, 0.26840025186538696, 0.10739089548587799, 0.06717342138290405, 0.018750498071312904, 0.0037748494651168585, 9.659133502282202e-05, 1.66411427926505e-05], "lowlevel.gfcc.mean": [-126.0644760131836, 111.67546844482422, -146.29110717773438, -15.226482391357422, -58.37622833251953, -23.19585418701172, -85.3026351928711, -14.685372352600098, -27.93182373046875, -24.156871795654297, -16.271312713623047, 9.7650785446167, -10.843721389770508], "lowlevel.melbands.mean": [4.785279656971397e-07, 6.792422936996445e-06, 0.00012959672312717885, 0.0003793699434027076, 0.0003266639541834593, 0.00048564598546363413, 7.12334003765136e-05, 8.857343345880508e-05, 4.9192720325663686e-05, 3.2213731174124405e-05, 3.5154473152942955e-05, 3.2199593988480046e-05, 6.6803113440983e-05, 9.819952538236976e-05, 8.489741594530642e-05, 9.119193418882787e-05, 5.2574079745681956e-05, 3.7246791180223227e-05, 3.0914721719454974e-05, 5.142260852153413e-05, 7.575069321319461e-05, 0.0001104718612623401, 6.441313598770648e-05, 1.5290124792954884e-05, 1.3828943110638647e-06, 1.514727046014741e-07, 8.383253202737251e-08, 1.0071025258184818e-07, 1.494884855901546e-07, 2.692774216939142e-07, 3.2111020686897973e-07, 3.8083825870671717e-07, 2.449106091262365e-07, 2.067576900799395e-07, 2.057319363757415e-07, 2.387768063272233e-07, 2.4273853682643676e-07, 1.5503171368891344e-07, 7.350085695634334e-08, 5.598523955541168e-08], "lowlevel.melbands.stdev": [9.129140039476624e-07, 1.2751581380143762e-05, 0.0001595630164956674, 0.0005370909930206835, 0.00037917052395641804, 0.0005743458168581128, 0.00014241818280424923, 0.00012871577928308398, 0.00013913512520957738, 8.722934580873698e-05, 9.766505536390468e-05, 0.00011656728020170704, 0.0003008059284184128, 0.00034911916009150445, 0.0002651660470291972, 0.00036782489041797817, 0.00019129834254272282, 0.00013338777353055775, 9.646049875300378e-05, 0.00016598260845057666, 0.0001981831737793982, 0.00024380721151828766, 0.00013057186151854694, 2.9542674383264966e-05, 3.1447686978935963e-06, 3.024664181339176e-07, 2.609217801818886e-07, 3.12385225242906e-07, 4.6178709567357146e-07, 9.723064522404457e-07, 1.2231420214448008e-06, 1.4916590771463234e-06, 1.0473979727976257e-06, 9.62413650995586e-07, 9.260737670047092e-07, 1.0405760804133024e-06, 1.0637932064128108e-06, 6.395349601007183e-07, 2.8772922178177396e-07, 2.1065680755327776e-07], "lowlevel.melbands128.mean": [3.0059626965339703e-07, 2.8221015213603096e-07, 4.6613692461505707e-07, 1.004525984171778e-06, 2.865197757273563e-06, 6.622532055189367e-06, 4.3740281398640946e-05, 0.00011168053606525064, 0.00031672423938289285, 0.0005246829241514206, 0.00033582234755158424, 0.0001584850251674652, 9.319110540673137e-05, 0.0008386968984268606, 0.0007355062407441437, 0.00014277349691838026, 7.669127808185294e-05, 4.592308687279001e-05, 6.331846816465259e-05, 0.00015007553156465292, 5.8687423006631434e-05, 3.7547608371824026e-05, 5.9364632761571556e-05, 4.7329867811640725e-05, 3.0951858207117766e-05, 2.616433812363539e-05, 3.187360562151298e-05, 3.1811829103389755e-05, 4.3817162804771215e-05, 3.984865907113999e-05, 2.51808396569686e-05, 2.2213049305719323e-05, 5.560230420087464e-05, 0.00011086377344327047, 0.00011435737542342395, 7.028003165032715e-05, 0.00010962266242131591, 0.0001089563884306699, 4.511153747444041e-05, 7.304921746253967e-05, 0.00012049414362991229, 9.175304148811847e-05, 4.2032690544147044e-05, 3.893624307238497e-05, 4.518029891187325e-05, 3.265475243097171e-05, 3.475852281553671e-05, 3.213489253539592e-05, 2.646136999828741e-05, 3.4527209209045395e-05, 5.017036892240867e-05, 7.772538083372638e-05, 6.225890683708712e-05, 7.042419019853696e-05, 0.00011504149733809754, 0.00012553534179460257, 9.902529563987628e-05, 7.797700527589768e-05, 5.5037657148204744e-05, 3.2365889637731016e-05, 1.120367414841894e-05, 4.262156835466158e-06, 1.7271822798647918e-06, 7.475237566723081e-07, 2.5528888158987684e-07, 1.3668551446244237e-07, 7.452806727314965e-08, 7.621911635169454e-08, 9.027171898878805e-08, 9.199303718787633e-08, 8.751373314908051e-08, 1.1310186209811945e-07, 1.2723258180358243e-07, 1.5129202779462503e-07, 1.59761668783176e-07, 3.1275055789592443e-07, 2.881098168927565e-07, 2.592722978533857e-07, 3.139464297419181e-07, 3.758280513466161e-07, 4.5022639483249804e-07, 3.6902142142025696e-07, 2.825135254624911e-07, 2.109807581973655e-07, 2.3802191151389707e-07, 2.1338031785944622e-07, 1.7941813723609812e-07, 2.2090540596764185e-07, 1.9248659555159975e-07, 2.1180653675401118e-07, 2.3732737020054628e-07, 2.1939749217381177e-07, 2.8345931468720664e-07, 2.678902717434539e-07, 1.9738739354124846e-07, 2.0180453930151998e-07, 1.4920951230124047e-07, 9.1580396599511e-08, 6.85497880681396e-08, 6.720042478036703e-08, 6.159630316915354e-08, 5.976090733383899e-08, 4.1109220916268896e-08, 3.21003810199727e-08, 3.515557267519398e-08, 2.765373352531242e-08, 3.781364554811262e-08, 3.079605903621996e-08, 3.156914374358166e-08, 3.347478738646714e-08, 2.21435989544716e-08, 2.1273836026125537e-08, 1.4650234803070816e-08, 1.4023066263746387e-08, 1.1308274316945699e-08, 1.463597776307779e-08, 1.354628853533768e-08, 3.0663105388128997e-09, 1.3267931892047002e-11, 2.4970754630704306e-12, 2.4238523514685806e-12, 2.378413438419713e-12, 2.352606390948475e-12, 2.29404125903776e-12, 2.1614836656635994e-12, 1.946503505254049e-12, 1.8283172285166183e-12, 1.8036767825829747e-12], "lowlevel.melbands128.stdev": [7.294311217265204e-07, 7.319729320443003e-07, 1.0099804512719857e-06, 2.2979247660259716e-06, 9.832633622863796e-06, 2.0132516510784626e-05, 6.590857083210722e-05, 0.00016404739290010184, 0.0005105963791720569, 0.0009300457313656807, 0.00045176094863563776, 0.00022937713947612792, 0.0003912411048077047, 0.0009900277946144342, 0.0008818953647278249, 0.00040302673005498946, 0.00022535750758834183, 0.00017646864580456167, 0.00010587145516183227, 0.0002297158061992377, 0.00013400192256085575, 0.000148550039739348, 0.00021433319489005953, 0.00018425262533128262, 9.993445564759895e-05, 0.00012027513002976775, 0.0001314787077717483, 0.0001193771677208133, 0.00015368324238806963, 0.000179512077011168, 0.00015910369984339923, 7.549050496891141e-05, 0.00020244061306584626, 0.0008173863170668483, 0.0005444460548460484, 0.00035004105302505195, 0.0004496216424740851, 0.00040326526504941285, 0.00017617327102925628, 0.00032638272386975586, 0.0005445972201414406, 0.0005590805085375905, 0.0001566857536090538, 0.0001499346544733271, 0.00021965301129966974, 0.00014399163774214685, 0.00013821535685565323, 0.00011640003503998742, 9.771939949132502e-05, 0.00010691805800888687, 0.00019268043979536742, 0.00037468172376975417, 0.00019244453869760036, 0.00019636450451798737, 0.0003379499539732933, 0.0003078841255046427, 0.00025169161381199956, 0.0001752399402903393, 0.00013588316505774856, 7.131348684197292e-05, 2.7989959562546574e-05, 1.0234131877950858e-05, 5.041862550569931e-06, 2.197609319409821e-06, 5.892168246646179e-07, 3.2083903533930425e-07, 1.9125620553950284e-07, 2.4288212330247916e-07, 2.801279208597407e-07, 4.2179860315627593e-07, 3.049812846711575e-07, 3.5385676255828e-07, 3.7655067330888414e-07, 5.237300797489297e-07, 6.421828402380925e-07, 1.2581829196278704e-06, 1.0631355280565913e-06, 9.274101557821268e-07, 1.2748359949910082e-06, 1.832972202464589e-06, 1.9511489881551825e-06, 1.3844299928678083e-06, 1.2990294635528699e-06, 8.900066177375265e-07, 1.435424337614677e-06, 1.0100376357513596e-06, 8.363795132027008e-07, 1.0501789802219719e-06, 9.2306737542458e-07, 9.456704219701351e-07, 1.0770075959953829e-06, 9.836116987571586e-07, 1.3479439076036215e-06, 1.254564040209516e-06, 8.712277690392511e-07, 9.033998935592535e-07, 6.12422240919841e-07, 4.3269392335787416e-07, 2.881729415094014e-07, 2.628702020501805e-07, 2.3725434061816486e-07, 2.5734834707691334e-07, 1.4755713095837564e-07, 1.1254444132191566e-07, 1.4454383290285477e-07, 9.879475726393139e-08, 1.474799660172721e-07, 1.334164494437573e-07, 1.324802525459745e-07, 1.4670887082957051e-07, 7.698088921870294e-08, 8.092911230050959e-08, 5.6261711733895936e-08, 4.603241876566244e-08, 4.2998927085591276e-08, 4.590231839074477e-08, 3.776301937818971e-08, 1.1753224171684451e-08, 1.8291371195466866e-10, 3.979701117262646e-12, 3.882385298664692e-12, 3.796071096351383e-12, 3.724433088325707e-12, 3.6571561751186366e-12, 3.601910870260072e-12, 3.556395846218696e-12, 3.5238882124810633e-12, 3.504391221653691e-12], "lowlevel.mfcc.mean": [-770.8548583984375, 160.53382873535156, -32.56869888305664, -8.271041870117188, 18.522493362426758, -20.541378021240234, -43.27040100097656, -6.6314592361450195, -21.51568031311035, -41.83232116699219, -17.327003479003906, 1.2705302238464355, -17.83340835571289], "lowlevel.spectral_contrast_coeffs.mean": [-0.5202969312667847, -0.6987279653549194, -0.7782782316207886, -0.781720757484436, -0.6529902815818787, -0.8008233904838562], "lowlevel.spectral_contrast_coeffs.stdev": [0.06472119688987732, 0.06535249948501587, 0.06964071840047836, 0.06741566956043243, 0.13911877572536469, 0.03866783529520035], "lowlevel.spectral_contrast_valleys.mean": [-8.927783966064453, -7.555765628814697, -8.160420417785645, -8.16317367553711, -9.673524856567383, -12.037514686584473], "lowlevel.spectral_contrast_valleys.stdev": [0.7286673188209534, 0.839117169380188, 0.9441176056861877, 1.0911989212036133, 0.849603533744812, 1.0025508403778076], "rhythm.beats_loudness_band_ratio.mean": [0.0623193085193634, 0.36266452074050903, 0.08098073303699493, 0.20036987960338593, 0.3486005663871765, 0.0014321206836029887], "rhythm.beats_loudness_band_ratio.stdev": [0.0582067146897316, 0.26839232444763184, 0.07105553150177002, 0.211667999625206, 0.27013397216796875, 0.0030445540323853493], "tonal.hpcp.mean": [0.06100592762231827, 0.050780072808265686, 0.037457648664712906, 0.025004753842949867, 0.028703877702355385, 0.20548047125339508, 0.34832093119621277, 0.19201113283634186, 0.06670801341533661, 0.0764508992433548, 0.09243983030319214, 0.09386519342660904, 0.08583801239728928, 0.08197988569736481, 0.08889893442392349, 0.11855633556842804, 0.15047942101955414, 0.16950225830078125, 0.1484832912683487, 0.11477100849151611, 0.39845818281173706, 0.7478439807891846, 0.4669303297996521, 0.1229955330491066, 0.10316754132509232, 0.08443301916122437, 0.08091569691896439, 0.07582578808069229, 0.05806941166520119, 0.04248933866620064, 0.046334315091371536, 0.08074841648340225, 0.12861010432243347, 0.19727948307991028, 0.21799813210964203, 0.12880200147628784], "tonal.hpcp.stdev": [0.1434040665626526, 0.13915996253490448, 0.09894454479217529, 0.06002529710531235, 0.0657295361161232, 0.18975216150283813, 0.2925868630409241, 0.1747809201478958, 0.14506688714027405, 0.16333377361297607, 0.191797137260437, 0.18649645149707794, 0.1773321032524109, 0.16154290735721588, 0.16045959293842316, 0.20107845962047577, 0.24140305817127228, 0.25511568784713745, 0.21467147767543793, 0.17840629816055298, 0.2179734855890274, 0.3241141736507416, 0.24112190306186676, 0.20819444954395294, 0.18894517421722412, 0.15928304195404053, 0.16086891293525696, 0.1510298252105713, 0.13607461750507355, 0.10690903663635254, 0.10964997112751007, 0.17555645108222961, 0.23044119775295258, 0.2619320750236511, 0.2997317314147949, 0.2298322170972824], "rhythm.beats_position": [0.3482993245124817, 0.7198185920715332, 1.1145577430725098, 1.5092970132827759, 1.8924262523651123, 2.2755556106567383, 2.658684730529785, 3.041814088821411, 3.424943208694458, 3.808072566986084, 4.2028117179870605, 4.597550868988037, 4.992290019989014, 5.375419616699219, 5.758548736572266, 6.130067825317383, 6.51319694519043, 6.9079365730285645, 7.302675724029541, 7.685804843902588, 8.080544471740723, 8.46367359161377, 8.846802711486816, 9.229931831359863, 9.61306095123291, 9.996190071105957, 10.390929222106934, 10.76244831085205, 11.133968353271484, 11.517097473144531, 11.900226593017578, 12.283355712890625, 12.654874801635742, 13.038003921508789, 13.444353103637695, 13.839092254638672, 14.210612297058105, 14.582131385803223, 14.95365047454834, 15.336779594421387, 15.719908714294434, 16.103038787841797, 16.486167907714844, 16.88090705871582, 17.252426147460938, 17.623945236206055, 17.995464324951172, 18.37859344482422, 18.761722564697266, 19.144851684570312, 19.51637077331543, 19.899499893188477, 20.282630920410156, 20.665760040283203, 21.04888916015625, 21.432018280029297, 21.803537368774414, 22.17505645751953, 22.54657554626465, 22.918094635009766, 23.289613723754883, 23.67274284362793, 24.055871963500977, 24.415781021118164, 24.798912048339844, 25.17043113708496], "rhythm.bpm_histogram": [0.0, 0.0, 0.0, 0.0, 0.0, 0.0, 0.0, 0.0, 0.0, 0.0, 0.0, 0.0, 0.0, 0.0, 0.0, 0.0, 0.0, 0.0, 0.0, 0.0, 0.0, 0.0, 0.0, 0.0, 0.0, 0.0, 0.0, 0.0, 0.0, 0.0, 0.0, 0.0, 0.0, 0.0, 0.0, 0.0, 0.0, 0.0, 0.0, 0.0, 0.0, 0.0, 0.0, 0.0, 0.0, 0.0, 0.0, 0.0, 0.0, 0.0, 0.0, 0.0, 0.0, 0.0, 0.0, 0.0, 0.0, 0.0, 0.0, 0.0, 0.0, 0.0, 0.0, 0.0, 0.0, 0.0, 0.0, 0.0, 0.0, 0.0, 0.0, 0.0, 0.0, 0.0, 0.0, 0.0, 0.0, 0.0, 0.0, 0.0, 0.0, 0.0, 0.0, 0.0, 0.0, 0.0, 0.0, 0.0, 0.0, 0.0, 0.0, 0.0, 0.0, 0.0, 0.0, 0.0, 0.0, 0.0, 0.0, 0.0, 0.0, 0.0, 0.0, 0.0, 0.0, 0.0, 0.0, 0.0, 0.0, 0.0, 0.0, 0.0, 0.0, 0.0, 0.0, 0.0, 0.0, 0.0, 0.0, 0.0, 0.0, 0.0, 0.0, 0.0, 0.0, 0.0, 0.0, 0.0, 0.0, 0.0, 0.0, 0.0, 0.0, 0.0, 0.0, 0.0, 0.0, 0.0, 0.0, 0.0, 0.0, 0.0, 0.0, 0.0, 0.0, 0.0, 0.0, 0.0, 0.015384615398943424, 0.0, 0.0, 0.0, 0.16923077404499054, 0.0, 0.0, 0.0, 0.0, 0.5230769515037537, 0.0, 0.0, 0.0, 0.2769230902194977, 0.0, 0.0, 0.0, 0.0, 0.0, 0.015384615398943424, 0.0, 0.0, 0.0, 0.0, 0.0, 0.0, 0.0, 0.0, 0.0, 0.0, 0.0, 0.0, 0.0, 0.0, 0.0, 0.0, 0.0, 0.0, 0.0, 0.0, 0.0, 0.0, 0.0, 0.0, 0.0, 0.0, 0.0, 0.0, 0.0, 0.0, 0.0, 0.0, 0.0, 0.0, 0.0, 0.0, 0.0, 0.0, 0.0, 0.0, 0.0, 0.0, 0.0, 0.0, 0.0, 0.0, 0.0, 0.0, 0.0, 0.0, 0.0, 0.0, 0.0, 0.0, 0.0, 0.0, 0.0, 0.0, 0.0, 0.0, 0.0, 0.0, 0.0, 0.0, 0.0, 0.0, 0.0, 0.0, 0.0, 0.0, 0.0, 0.0, 0.0, 0.0, 0.0, 0.0, 0.0, 0.0, 0.0, 0.0, 0.0, 0.0], "tonal.chords_histogram": [90.54545593261719, 0.0, 0.0, 0.0, 0.0, 0.0, 0.0, 0.0, 0.0, 0.0, 0.0, 0.0, 0.0, 0.0, 0.0, 0.0, 0.0, 0.0, 0.0, 0.0, 0.0, 0.0, 0.0, 9.454545021057129], "tonal.thpcp": [1.0, 0.6243686676025391, 0.16446684300899506, 0.13795329630374908, 0.11290191859006882, 0.1081986352801323, 0.10139252245426178, 0.07764910161495209, 0.05681578069925308, 0.06195719540119171, 0.10797494649887085, 0.17197450995445251, 0.2637976408004761, 0.2915021479129791, 0.17223110795021057, 0.08157574385404587, 0.06790196150541306, 0.050087518990039825, 0.03343578800559044, 0.03838217258453369, 0.274763822555542, 0.4657668471336365, 0.25675293803215027, 0.0892004445195198, 0.10222841054201126, 0.12360844016075134, 0.12551440298557281, 0.11478064209222794, 0.10962164402008057, 0.11887364089488983, 0.1585308462381363, 0.2012176662683487, 0.22665457427501678, 0.19854848086833954, 0.15346919000148773, 0.5328092575073242], "lowlevel.gfcc.cov": [[5001.6953125, -1081.6690673828125, -923.5715942382812, -81.28487396240234, 220.7338409423828, 5.845742225646973, -254.85887145996094, 187.87551879882812, -136.58547973632812, -68.49754333496094, -120.83390808105469, 252.33529663085938, -259.5140380859375], [-1081.6690673828125, 2030.9051513671875, -506.3462219238281, -563.6760864257812, 436.5301513671875, -168.5211639404297, 59.74315643310547, -12.278876304626465, 190.57455444335938, -336.92083740234375, 192.01339721679688, -193.34564208984375, 185.35568237304688], [-923.5715942382812, -506.3462219238281, 1477.6754150390625, 403.11846923828125, -747.0040283203125, 166.82667541503906, 217.01039123535156, -177.03146362304688, -185.64651489257812, 278.0220947265625, -157.28802490234375, -27.78307342529297, 8.446878433227539], [-81.28487396240234, -563.6760864257812, 403.11846923828125, 575.3660278320312, -221.32887268066406, -10.95090389251709, -65.83990478515625, -81.88899230957031, 1.6068832874298096, 152.40113830566406, -78.61640167236328, -30.635847091674805, -7.361258029937744], [220.7338409423828, 436.5301513671875, -747.0040283203125, -221.32887268066406, 746.8638305664062, -99.60514068603516, -262.4146423339844, 39.118717193603516, 176.00045776367188, -97.23554992675781, 63.696510314941406, -38.036643981933594, 4.078597545623779], [5.845742225646973, -168.5211639404297, 166.82667541503906, -10.95090389251709, -99.60514068603516, 210.5187530517578, 63.19468688964844, -73.33123016357422, -77.30513000488281, 101.04244232177734, -3.216427803039551, -20.67583656311035, -37.13087844848633], [-254.85887145996094, 59.74315643310547, 217.01039123535156, -65.83990478515625, -262.4146423339844, 63.19468688964844, 308.564453125, 49.446170806884766, -116.99890899658203, -50.679901123046875, 6.706347465515137, 28.37867546081543, 0.9190385937690735], [187.87551879882812, -12.278876304626465, -177.03146362304688, -81.88899230957031, 39.118717193603516, -73.33123016357422, 49.446170806884766, 242.33935546875, -6.636311054229736, -146.91014099121094, -16.631196975708008, 88.62539672851562, -9.02448558807373], [-136.58547973632812, 190.57455444335938, -185.64651489257812, 1.6068832874298096, 176.00045776367188, -77.30513000488281, -116.99890899658203, -6.636311054229736, 174.9696807861328, 6.807175159454346, 14.516952514648438, -49.82659912109375, 38.936832427978516], [-68.49754333496094, -336.92083740234375, 278.0220947265625, 152.40113830566406, -97.23554992675781, 101.04244232177734, -50.679901123046875, -146.91014099121094, 6.807175159454346, 272.1409912109375, -19.784875869750977, -62.188411712646484, -43.871299743652344], [-120.83390808105469, 192.01339721679688, -157.28802490234375, -78.61640167236328, 63.696510314941406, -3.216427803039551, 6.706347465515137, -16.631196975708008, 14.516952514648438, -19.784875869750977, 120.6316909790039, -2.6346683502197266, 9.196243286132812], [252.33529663085938, -193.34564208984375, -27.78307342529297, -30.635847091674805, -38.036643981933594, -20.67583656311035, 28.37867546081543, 88.62539672851562, -49.82659912109375, -62.188411712646484, -2.6346683502197266, 148.76446533203125, 1.382346749305725], [-259.5140380859375, 185.35568237304688, 8.446878433227539, -7.361258029937744, 4.078597545623779, -37.13087844848633, 0.9190385937690735, -9.02448558807373, 38.936832427978516, -43.871299743652344, 9.196243286132812, 1.382346749305725, 124.87307739257812]], "lowlevel.gfcc.icov": [[0.0003726490249391645, 6.383028085110709e-05, 0.00046912592370063066, 3.358406320330687e-05, 0.00025168099091388285, -3.158093022648245e-05, 0.0003394465602468699, 0.0001293503592023626, 0.00041341129690408707, -7.856201409595087e-05, 0.0006651695584878325, -0.00042312152800150216, 0.00043837662087753415], [6.383028085110709e-05, 0.0023235410917550325, -0.0007739225984551013, 0.00168376334477216, -0.0008212877437472343, 0.0009698275243863463, -0.0008086239104159176, 0.0009611683199182153, -0.00126483419444412, 0.0029070856980979443, -0.0021117974538356066, 0.003385980147868395, -0.0012403085129335523], [0.00046912592370063066, -0.0007739225984551013, 0.0030269119888544083, -0.0009611545247025788, 0.0019439506577327847, -0.0003179727355018258, 0.0002243289927719161, 0.00039418760570697486, 0.00184281961992383, -0.0024916748516261578, 0.0033591955434530973, -0.0016243637073785067, 5.169495489099063e-05], [3.358406320330687e-05, 0.00168376334477216, -0.0009611545247025788, 0.004063821397721767, 0.00024538530851714313, 0.001675463397987187, 0.0006060757441446185, 0.0006864300812594593, -0.0009511167882010341, 0.0012008160119876266, -0.0008400495280511677, 0.0027361533138900995, -0.0008395714685320854], [0.00025168099091388285, -0.0008212877437472343, 0.0019439506577327847, 0.00024538530851714313, 0.0044852448627352715, -0.000644489424303174, 0.0028447143267840147, -0.0002719838812481612, -0.0002914784417953342, -0.0007639268296770751, 0.0014912427868694067, -0.0008036866202019155, 0.0009679442155174911], [-3.158093022648245e-05, 0.0009698275243863463, -0.0003179727355018258, 0.001675463397987187, -0.000644489424303174, 0.008781742304563522, -0.0016676184022799134, 0.0014811252476647496, 0.00283572799526155, -0.0020829420536756516, -0.0006451373919844627, 0.0021608867682516575, -0.00022573162277694792], [0.0003394465602468699, -0.0008086239104159176, 0.0002243289927719161, 0.0006060757441446185, 0.0028447143267840147, -0.0016676184022799134, 0.00794434454292059, -0.002184147946536541, 0.0029232846572995186, 0.00040963568608276546, -0.0002887356677092612, -3.69753543054685e-05, 0.0003752644988708198], [0.0001293503592023626, 0.0009611683199182153, 0.00039418760570697486, 0.0006864300812594593, -0.0002719838812481612, 0.0014811252476647496, -0.002184147946536541, 0.009266373701393604, -0.0022676417138427496, 0.004308227449655533, 0.0019041025079786777, -0.002666967920958996, 0.0021009198389947414], [0.00041341129690408707, -0.00126483419444412, 0.00184281961992383, -0.0009511167882010341, -0.0002914784417953342, 0.00283572799526155, 0.0029232846572995186, -0.0022676417138427496, 0.013965250924229622, -0.005004908889532089, 0.0017286319052800536, 0.0015601221239194274, -0.0030342352110892534], [-7.856201409595087e-05, 0.0029070856980979443, -0.0024916748516261578, 0.0012008160119876266, -0.0007639268296770751, -0.0020829420536756516, 0.00040963568608276546, 0.004308227449655533, -0.005004908889532089, 0.013187984935939312, -0.003537009935826063, 0.0043204776011407375, 0.0018813911592587829], [0.0006651695584878325, -0.0021117974538356066, 0.0033591955434530973, -0.0008400495280511677, 0.0014912427868694067, -0.0006451373919844627, -0.0002887356677092612, 0.0019041025079786777, 0.0017286319052800536, -0.003537009935826063, 0.014627855271100998, -0.004859146662056446, 0.0013343405444175005], [-0.00042312152800150216, 0.003385980147868395, -0.0016243637073785067, 0.0027361533138900995, -0.0008036866202019155, 0.0021608867682516575, -3.69753543054685e-05, -0.002666967920958996, 0.0015601221239194274, 0.0043204776011407375, -0.004859146662056446, 0.016070496290922165, -0.003946448210626841], [0.00043837662087753415, -0.0012403085129335523, 5.169495489099063e-05, -0.0008395714685320854, 0.0009679442155174911, -0.00022573162277694792, 0.0003752644988708198, 0.0021009198389947414, -0.0030342352110892534, 0.0018813911592587829, 0.0013343405444175005, -0.003946448210626841, 0.01231008768081665]], "lowlevel.mfcc.cov": [[4094.78125, -875.5587768554688, -1046.82958984375, -193.89883422851562, 277.1414794921875, -112.21454620361328, -140.25254821777344, 231.9453125, -16.891408920288086, -219.18408203125, 119.48746490478516, 260.5975646972656, -195.5940399169922], [-875.5587768554688, 2224.30517578125, -878.9273071289062, -438.35296630859375, 266.9992370605469, -238.13902282714844, -49.0272102355957, 192.77967834472656, 50.32756423950195, -120.66536712646484, 26.193527221679688, 17.549596786499023, -73.65607452392578], [-1046.82958984375, -878.9273071289062, 1887.1339111328125, 378.1597900390625, -728.977783203125, 233.41123962402344, 291.1192321777344, -245.9489288330078, -48.116722106933594, 196.70884704589844, -180.45652770996094, -207.85072326660156, 214.5555419921875], [-193.89883422851562, -438.35296630859375, 378.1597900390625, 429.5471496582031, -29.32992172241211, 37.99699401855469, -54.6802978515625, -101.5815200805664, 14.057509422302246, 77.27881622314453, -46.344146728515625, -78.2815170288086, 55.98451232910156], [277.1414794921875, 266.9992370605469, -728.977783203125, -29.32992172241211, 653.272705078125, 16.82859230041504, -276.2398986816406, -61.92292785644531, 32.23952102661133, 7.232629299163818, 68.56159210205078, 41.13008117675781, -79.10206604003906], [-112.21454620361328, -238.13902282714844, 233.41123962402344, 37.99699401855469, 16.82859230041504, 314.7558898925781, 32.987754821777344, -249.48558044433594, -65.83833312988281, 142.2953338623047, 9.203086853027344, -54.34059143066406, 42.683265686035156], [-140.25254821777344, -49.0272102355957, 291.1192321777344, -54.6802978515625, -276.2398986816406, 32.987754821777344, 286.4378662109375, 58.709144592285156, -41.26879119873047, -8.105119705200195, -10.818768501281738, -6.156660079956055, 31.3352108001709], [231.9453125, 192.77967834472656, -245.9489288330078, -101.5815200805664, -61.92292785644531, -249.48558044433594, 58.709144592285156, 365.9187316894531, 67.56285095214844, -186.32933044433594, -6.459814548492432, 90.45342254638672, -32.83296585083008], [-16.891408920288086, 50.32756423950195, -48.116722106933594, 14.057509422302246, 32.23952102661133, -65.83833312988281, -41.26879119873047, 67.56285095214844, 132.75534057617188, -2.8928234577178955, -43.9373779296875, -10.867809295654297, 5.527172088623047], [-219.18408203125, -120.66536712646484, 196.70884704589844, 77.27881622314453, 7.232629299163818, 142.2953338623047, -8.105119705200195, -186.32933044433594, -2.8928234577178955, 203.3558807373047, 28.771831512451172, -74.56718444824219, 18.22882652282715], [119.48746490478516, 26.193527221679688, -180.45652770996094, -46.344146728515625, 68.56159210205078, 9.203086853027344, -10.818768501281738, -6.459814548492432, -43.9373779296875, 28.771831512451172, 136.92514038085938, 47.49018478393555, -55.143226623535156], [260.5975646972656, 17.549596786499023, -207.85072326660156, -78.2815170288086, 41.13008117675781, -54.34059143066406, -6.156660079956055, 90.45342254638672, -10.867809295654297, -74.56718444824219, 47.49018478393555, 137.37823486328125, -8.131315231323242], [-195.5940399169922, -73.65607452392578, 214.5555419921875, 55.98451232910156, -79.10206604003906, 42.683265686035156, 31.3352108001709, -32.83296585083008, 5.527172088623047, 18.22882652282715, -55.143226623535156, -8.131315231323242, 126.3591079711914]], "lowlevel.mfcc.icov": [[0.00044877867912873626, 0.0003511585236992687, 0.000369759276509285, 0.00015507705393247306, 0.00013584023690782487, -6.887558993184939e-05, 7.308768545044586e-05, -9.353941277367994e-05, 0.00010162248509004712, 5.907482773181982e-05, 0.00028472705162130296, -0.00028833746910095215, 0.00036142164026387036], [0.0003511585236992687, 0.001015405636280775, 0.0005473757046274841, 0.0008152564405463636, -9.926881466526538e-05, 0.0006525066564790905, -0.0001683185255387798, 7.09525411366485e-05, 0.00017185136675834656, -3.3727785194059834e-05, 0.00024280845536850393, 0.00062795594567433, -0.00023384315136354417], [0.000369759276509285, 0.0005473757046274841, 0.002289457945153117, -0.0006592315621674061, 0.0017946903826668859, -0.0002810537989716977, -0.00035980402026325464, 0.00047003792133182287, 0.00028682994889095426, -0.0006005940376780927, 0.0012531210668385029, 0.0005698399618268013, -0.0006165298400446773], [0.00015507705393247306, 0.0008152564405463636, -0.0006592315621674061, 0.004257656168192625, -0.0008014803752303123, 0.0013215839862823486, 0.0009266488486900926, 8.918483945308253e-05, 0.0002232108381576836, -0.00040320149855688214, -0.0001724729227134958, 0.0015673108864575624, -0.001132544712163508], [0.00013584023690782487, -9.926881466526538e-05, 0.0017946903826668859, -0.0008014803752303123, 0.004798453766852617, -0.0017590466886758804, 0.0026775451842695475, 0.00035877464688383043, -0.0006277456996031106, -1.0241485142614692e-05, 4.269594865036197e-05, -0.0002743783115874976, 0.0005173733807168901], [-6.887558993184939e-05, 0.0006525066564790905, -0.0002810537989716977, 0.0013215839862823486, -0.0017590466886758804, 0.009572390466928482, -0.002982062753289938, 0.0054374621249735355, 0.00110070058144629, -0.0015326605644077063, 0.00022791532683186233, 4.768522558151744e-05, -0.0017413870664313436], [7.308768545044586e-05, -0.0001683185255387798, -0.00035980402026325464, 0.0009266488486900926, 0.0026775451842695475, -0.002982062753289938, 0.008045287802815437, -0.0038403940852731466, 0.0021310104057192802, -0.001000787247903645, -0.0001789975940482691, 0.0004562887770589441, -9.169551776722074e-05], [-9.353941277367994e-05, 7.09525411366485e-05, 0.00047003792133182287, 8.918483945308253e-05, 0.00035877464688383043, 0.0054374621249735355, -0.0038403940852731466, 0.011760637164115906, -0.0051040067337453365, 0.005976625252515078, -0.0020514775533229113, -0.0014024574775248766, -0.00016943459922913462], [0.00010162248509004712, 0.00017185136675834656, 0.00028682994889095426, 0.0002232108381576836, -0.0006277456996031106, 0.00110070058144629, 0.0021310104057192802, -0.0051040067337453365, 0.013399539515376091, -0.006139598321169615, 0.006073149852454662, 5.43037494935561e-05, 5.502329713635845e-06], [5.907482773181982e-05, -3.3727785194059834e-05, -0.0006005940376780927, -0.00040320149855688214, -1.0241485142614692e-05, -0.0015326605644077063, -0.001000787247903645, 0.005976625252515078, -0.006139598321169615, 0.015028596855700016, -0.007955833338201046, 0.004503767471760511, -0.0014989383053034544], [0.00028472705162130296, 0.00024280845536850393, 0.0012531210668385029, -0.0001724729227134958, 4.269594865036197e-05, 0.00022791532683186233, -0.0001789975940482691, -0.0020514775533229113, 0.006073149852454662, -0.007955833338201046, 0.016675006598234177, -0.006616747938096523, 0.005725253839045763], [-0.00028833746910095215, 0.00062795594567433, 0.0005698399618268013, 0.0015673108864575624, -0.0002743783115874976, 4.768522558151744e-05, 0.0004562887770589441, -0.0014024574775248766, 5.43037494935561e-05, 0.004503767471760511, -0.006616747938096523, 0.014987322501838207, -0.004982913378626108], [0.00036142164026387036, -0.00023384315136354417, -0.0006165298400446773, -0.001132544712163508, 0.0005173733807168901, -0.0017413870664313436, -9.169551776722074e-05, -0.00016943459922913462, 5.502329713635845e-06, -0.0014989383053034544, 0.005725253839045763, -0.004982913378626108, 0.013170409947633743]], "metadata.audio_properties.analysis.downmix": "mix", "metadata.audio_properties.codec": "mp3", "metadata.audio_properties.md5_encoded": "4eff823ab896b93ab941e2aa6d24dc30", "metadata.tags.file_name": "1183713985023983616.mp3", "metadata.version.essentia": "2.1-beta6-dev", "metadata.version.essentia_git_sha": "v2.1_beta5-1110-g77a6a954", "metadata.version.extractor": "music 2.0", "tonal.chords_key": "E", "tonal.chords_scale": "major", "tonal.key_edma.key": "E", "tonal.key_edma.scale": "major", "tonal