{"song_id": "1183655915417776159", "download": "https://cdn.discordapp.com/attachments/1135903449314238464/1183655915417776159/chirp.mp4?ex=65892079&amp", "lyrics": "[Verse]\nHutao and Lyney, going on a spree\nHitting up the market, buying groceries, can't you see\nTheir style so fresh, they're turning heads in every aisle\nFeeling like superstars, they're bringing all the fire\n\n[Chorus]\nHutao and Lyney, shopping like a boss\nFilling up the cart, no limits, no loss\nGrabbing all the veggies, for a feast so grand\nTogether they're unstoppable, conquering the land", "style": ["hip hop"], "essentia_features": {"lowlevel.average_loudness": 0.9727317690849304, "lowlevel.barkbands_crest.mean": 15.958215713500977, "lowlevel.barkbands_crest.stdev": 4.559758186340332, "lowlevel.barkbands_flatness_db.mean": 0.23153316974639893, "lowlevel.barkbands_flatness_db.stdev": 0.07782215625047684, "lowlevel.barkbands_kurtosis.mean": 25.131311416625977, "lowlevel.barkbands_kurtosis.stdev": 51.745609283447266, "lowlevel.barkbands_skewness.mean": 3.3208353519439697, "lowlevel.barkbands_skewness.stdev": 2.9412384033203125, "lowlevel.barkbands_spread.mean": 21.128328323364258, "lowlevel.barkbands_spread.stdev": 18.111265182495117, "lowlevel.dissonance.mean": 0.4532933831214905, "lowlevel.dissonance.stdev": 0.03827400878071785, "lowlevel.dynamic_complexity": 2.5617291927337646, "lowlevel.erbbands_crest.mean": 10.458187103271484, "lowlevel.erbbands_crest.stdev": 4.719216346740723, "lowlevel.erbbands_flatness_db.mean": 0.1656642109155655, "lowlevel.erbbands_flatness_db.stdev": 0.06366664916276932, "lowlevel.erbbands_kurtosis.mean": 1.2854913473129272, "lowlevel.erbbands_kurtosis.stdev": 3.5293428897857666, "lowlevel.erbbands_skewness.mean": 0.002172354608774185, "lowlevel.erbbands_skewness.stdev": 1.0250803232192993, "lowlevel.erbbands_spread.mean": 44.638755798339844, "lowlevel.erbbands_spread.stdev": 27.640962600708008, "lowlevel.hfc.mean": 38.45283508300781, "lowlevel.hfc.stdev": 30.5143985748291, "lowlevel.loudness_ebu128.integrated": -11.975685119628906, "lowlevel.loudness_ebu128.loudness_range": 1.1129140853881836, "lowlevel.loudness_ebu128.momentary.mean": -12.410669326782227, "lowlevel.loudness_ebu128.momentary.stdev": 2.3669955730438232, "lowlevel.loudness_ebu128.short_term.mean": -12.020432472229004, "lowlevel.loudness_ebu128.short_term.stdev": 0.4401380717754364, "lowlevel.melbands_crest.mean": 29.378459930419922, "lowlevel.melbands_crest.stdev": 7.627110481262207, "lowlevel.melbands_flatness_db.mean": 0.29497030377388, "lowlevel.melbands_flatness_db.stdev": 0.09484229236841202, "lowlevel.melbands_kurtosis.mean": 88.10201263427734, "lowlevel.melbands_kurtosis.stdev": 179.61566162109375, "lowlevel.melbands_skewness.mean": 6.110024929046631, "lowlevel.melbands_skewness.stdev": 5.285740375518799, "lowlevel.melbands_spread.mean": 17.32440757751465, "lowlevel.melbands_spread.stdev": 19.12378692626953, "lowlevel.pitch_salience.mean": 0.3164651691913605, "lowlevel.pitch_salience.stdev": 0.1598079800605774, "lowlevel.silence_rate_20dB.mean": 1.0, "lowlevel.silence_rate_20dB.stdev": 0.0, "lowlevel.silence_rate_30dB.mean": 0.5074766278266907, "lowlevel.silence_rate_30dB.stdev": 0.4999462962150574, "lowlevel.silence_rate_60dB.mean": 0.028037382289767265, "lowlevel.silence_rate_60dB.stdev": 0.16507887840270996, "lowlevel.spectral_centroid.mean": 1622.9876708984375, "lowlevel.spectral_centroid.stdev": 903.5802612304688, "lowlevel.spectral_complexity.mean": 14.432710647583008, "lowlevel.spectral_complexity.stdev": 10.616451263427734, "lowlevel.spectral_decrease.mean": -2.4337497350757076e-08, "lowlevel.spectral_decrease.stdev": 1.3502948092991574e-08, "lowlevel.spectral_energy.mean": 0.09534313529729843, "lowlevel.spectral_energy.stdev": 0.05149832367897034, "lowlevel.spectral_energyband_high.mean": 0.0021985704079270363, "lowlevel.spectral_energyband_high.stdev": 0.0031401340384036303, "lowlevel.spectral_energyband_low.mean": 0.07440369576215744, "lowlevel.spectral_energyband_low.stdev": 0.05060093477368355, "lowlevel.spectral_energyband_middle_high.mean": 0.008532519452273846, "lowlevel.spectral_energyband_middle_high.stdev": 0.009420818649232388, "lowlevel.spectral_energyband_middle_low.mean": 0.009621180593967438, "lowlevel.spectral_energyband_middle_low.stdev": 0.010336514562368393, "lowlevel.spectral_entropy.mean": 7.671785354614258, "lowlevel.spectral_entropy.stdev": 0.6247337460517883, "lowlevel.spectral_flux.mean": 0.1169106587767601, "lowlevel.spectral_flux.stdev": 0.07003750652074814, "lowlevel.spectral_kurtosis.mean": 5.053725242614746, "lowlevel.spectral_kurtosis.stdev": 22.309106826782227, "lowlevel.spectral_rms.mean": 0.009135476313531399, "lowlevel.spectral_rms.stdev": 0.003092043101787567, "lowlevel.spectral_rolloff.mean": 958.1080932617188, "lowlevel.spectral_rolloff.stdev": 1627.903564453125, "lowlevel.spectral_skewness.mean": 1.4450912475585938, "lowlevel.spectral_skewness.stdev": 1.1009011268615723, "lowlevel.spectral_spread.mean": 5785922.0, "lowlevel.spectral_spread.stdev": 2420394.5, "lowlevel.spectral_strongpeak.mean": 0.7106944918632507, "lowlevel.spectral_strongpeak.stdev": 0.9359892010688782, "lowlevel.zerocrossingrate.mean": 0.040255822241306305, "lowlevel.zerocrossingrate.stdev": 0.03824017941951752, "metadata.audio_properties.analysis.equal_loudness": 0.0, "metadata.audio_properties.analysis.length": 24.810657501220703, "metadata.audio_properties.analysis.sample_rate": 44100.0, "metadata.audio_properties.analysis.start_time": 0.0, "metadata.audio_properties.bit_rate": 124444.0, "metadata.audio_properties.length": 24.810667037963867, "metadata.audio_properties.lossless": 0.0, "metadata.audio_properties.number_channels": 1.0, "metadata.audio_properties.replay_gain": -12.520767211914062, "metadata.audio_properties.sample_rate": 48000.0, "rhythm.beats_count": 63.0, "rhythm.beats_loudness.mean": 0.10620222985744476, "rhythm.beats_loudness.stdev": 0.04959394782781601, "rhythm.bpm": 154.868408203125, "rhythm.bpm_histogram_first_peak_bpm": 157.0, "rhythm.bpm_histogram_first_peak_weight": 0.025641024112701416, "rhythm.bpm_histogram_second_peak_bpm": 152.0, "rhythm.bpm_histogram_second_peak_spread": 0.0, "rhythm.bpm_histogram_second_peak_weight": 0.3709677457809448, "rhythm.danceability": 1.2667596340179443, "rhythm.onset_rate": 5.597223281860352, "tonal.chords_changes_rate": 0.09141790866851807, "tonal.chords_number_rate": 0.018656715750694275, "tonal.chords_strength.mean": 0.4337207078933716, "tonal.chords_strength.stdev": 0.0963069275021553, "tonal.hpcp_crest.mean": 14.270727157592773, "tonal.hpcp_crest.stdev": 5.7462921142578125, "tonal.hpcp_entropy.mean": 1.7882670164108276, "tonal.hpcp_entropy.stdev": 0.7065534591674805, "tonal.key_edma.strength": 0.3696373999118805, "tonal.key_krumhansl.strength": 0.36025089025497437, "tonal.key_temperley.strength": 0.3407241106033325, "tonal.tuning_diatonic_strength": 0.2948821783065796, "tonal.tuning_equal_tempered_deviation": 0.20156311988830566, "tonal.tuning_frequency": 434.193115234375, "tonal.tuning_nontempered_energy_ratio": 0.8779822587966919, "lowlevel.barkbands.mean": [0.015017926692962646, 0.058355141431093216, 0.0016387897776439786, 0.0006605067756026983, 0.0008260607719421387, 0.0032789953984320164, 0.00029166045715101063, 0.0009179762564599514, 0.003601214149966836, 0.00023842872178647667, 0.0015230128774419427, 0.0006842099246568978, 0.0017844457179307938, 0.0010797264985740185, 0.0008594720275141299, 0.0009095955174416304, 0.0007529999711550772, 0.00029058981453999877, 0.0003645830147434026, 0.0001288727216888219, 0.0001504190149717033, 0.00046594429295510054, 0.0008247146033681929, 0.00041545883868820965, 0.00022124432143755257, 6.057992504793219e-05, 6.671401706626057e-07], "lowlevel.barkbands.stdev": [0.014215347357094288, 0.04284949228167534, 0.006364437751471996, 0.002556115621700883, 0.002677423181012273, 0.005651618354022503, 0.000945131469052285, 0.00237731309607625, 0.00602899631485343, 0.0010782525641843677, 0.004062904976308346, 0.0020222910679876804, 0.004253898747265339, 0.0027796600479632616, 0.0018510865047574043, 0.001914330292493105, 0.001079084468074143, 0.0006242434028536081, 0.0005814062315039337, 0.00030760656227357686, 0.00036842221743427217, 0.000668115564621985, 0.0013644663849845529, 0.0006415094831027091, 0.0004060959618072957, 0.00013746677723247558, 4.383718078315724e-06], "lowlevel.erbbands.mean": [3.4445154666900635, 6.075926303863525, 2.555433511734009, 2.222609281539917, 1.4602874517440796, 2.7829442024230957, 19.002134323120117, 25.24993324279785, 5.453442573547363, 9.522871017456055, 39.67169189453125, 86.18822479248047, 14.770194053649902, 26.23224449157715, 56.607322692871094, 34.814022064208984, 79.32483673095703, 53.76841354370117, 53.64049530029297, 44.93544387817383, 50.113189697265625, 43.40846633911133, 19.322315216064453, 16.233322143554688, 15.698004722595215, 6.205624580383301, 5.474682331085205, 7.171641826629639, 15.842384338378906, 23.000568389892578, 21.746597290039062, 11.13062572479248, 5.988773822784424, 3.2382102012634277, 1.1637611389160156, 0.39093005657196045, 0.08792772144079208, 0.007395992521196604, 0.00022334886307362467, 0.00012079941370757297], "lowlevel.erbbands.stdev": [2.381293773651123, 6.893240451812744, 7.823059558868408, 8.196146965026855, 6.1573166847229, 8.786993026733398, 36.722434997558594, 50.07260513305664, 17.222063064575195, 30.645551681518555, 75.63771057128906, 150.3529052734375, 27.480728149414062, 73.73713684082031, 152.92893981933594, 86.03150177001953, 187.5828094482422, 117.67192840576172, 107.56314086914062, 91.0810317993164, 100.77621459960938, 61.67118453979492, 35.967796325683594, 27.355892181396484, 26.087574005126953, 14.337261199951172, 14.17689323425293, 15.09315013885498, 22.837369918823242, 35.52699661254883, 35.747493743896484, 17.687015533447266, 9.82436752319336, 5.821730136871338, 2.2671186923980713, 0.8099920153617859, 0.2194756418466568, 0.026743773370981216, 0.0005729590193368495, 6.334885983960703e-05], "lowlevel.gfcc.mean": [-0.10476553440093994, 73.90597534179688, -107.4609375, 39.243186950683594, -52.834293365478516, 43.1287841796875, -31.076404571533203, 24.62136459350586, 6.090627193450928, 9.951637268066406, 0.11586403101682663, 10.8961820602417, -4.030998229980469], "lowlevel.melbands.mean": [0.022678036242723465, 0.003013533540070057, 0.00035471044247969985, 0.00012104030611226335, 0.0005584045429714024, 0.000566396105568856, 7.377355359494686e-05, 0.00011076848022639751, 0.0004358016012702137, 0.0005019766977056861, 5.343681914382614e-05, 9.070833039004356e-05, 0.000212074737646617, 7.568094588350505e-05, 0.0001586290745763108, 0.0001551101158838719, 9.648971899878234e-05, 9.313198825111613e-05, 6.242218660190701e-05, 6.256928463699296e-05, 5.5257540225284174e-05, 4.809250822290778e-05, 2.6696558052208275e-05, 1.1301493941573426e-05, 1.3100991964165587e-05, 1.456843801861396e-05, 6.623326953558717e-06, 3.5152427244611317e-06, 3.16606997330382e-06, 3.6248234209779184e-06, 4.1934699765988626e-06, 8.061145308602136e-06, 1.0830901373992674e-05, 1.4797770745644812e-05, 1.3833800949214492e-05, 9.468482858210336e-06, 5.760076874139486e-06, 4.339365204941714e-06, 3.322407792438753e-06, 2.535326984798303e-06], "lowlevel.melbands.stdev": [0.015585125423967838, 0.004888346418738365, 0.0013384782942011952, 0.0003924572665710002, 0.0010749195935204625, 0.0010612839832901955, 0.0002465199213474989, 0.00037744754808954895, 0.0008204292971640825, 0.0008645561174489558, 0.000134275687742047, 0.000284479494439438, 0.0005757537437602878, 0.00020707912335637957, 0.00042790904990397394, 0.00041827576933428645, 0.0002448954910505563, 0.0002123773592757061, 0.0001451212156098336, 0.00013821707398165017, 0.00011104352597612888, 7.195315265562385e-05, 4.781688403454609e-05, 2.3757997041684575e-05, 2.3019490981823765e-05, 2.4574010240030475e-05, 1.3035477422818076e-05, 9.370479347126093e-06, 8.449480446870439e-06, 9.638251867727377e-06, 8.665439054311719e-06, 1.1872351933561731e-05, 1.6289854102069512e-05, 2.4740646040299907e-05, 2.3479256924474612e-05, 1.6277637769235298e-05, 9.349730134999845e-06, 7.1415088314097375e-06, 6.077890702727018e-06, 4.669106601795647e-06], "lowlevel.melbands128.mean": [0.013991332612931728, 0.035601213574409485, 0.02202046848833561, 0.006429334636777639, 0.0014114612713456154, 0.0007336262497119606, 0.00046920732711441815, 0.00027924164896830916, 0.00011850666487589478, 7.562574319308624e-05, 0.00012013374362140894, 0.00027447755564935505, 0.0006252818857319653, 0.0010162601247429848, 0.0007048732368275523, 0.0002686140942387283, 7.211932825157419e-05, 4.316299600759521e-05, 5.736573439207859e-05, 0.00010615796054480597, 0.00013356568524613976, 0.00013780046720057726, 0.0003950216341763735, 0.0008516717934980989, 0.0007330967346206307, 0.0003204693493898958, 8.134579547913745e-05, 2.2882039047544822e-05, 2.40437966567697e-05, 4.607438313541934e-05, 8.927308226702735e-05, 0.00022878553136251867, 0.00025989703135564923, 0.00019210773461963981, 7.246038876473904e-05, 4.064079257659614e-05, 6.661215593339875e-05, 0.00016608665464445949, 0.00021532014943659306, 0.0001922254596138373, 0.00015271257143467665, 8.441210229648277e-05, 7.336679846048355e-05, 0.00011759485641960055, 0.00012262776726856828, 8.371443982468918e-05, 6.629958807025105e-05, 6.472851237049326e-05, 6.116100848885253e-05, 5.2884894103044644e-05, 6.246267730602995e-05, 7.2419636126142e-05, 6.217916961759329e-05, 4.561411333270371e-05, 4.530424848780967e-05, 5.574914030148648e-05, 4.3544940126594156e-05, 3.0510127544403076e-05, 2.2544652892975137e-05, 1.4360751265485305e-05, 9.64357877819566e-06, 9.355574547953438e-06, 1.1742751667043194e-05, 1.4186935914040077e-05, 1.5227007679641247e-05, 1.698980304354336e-05, 1.3138153917680029e-05, 7.936736437841319e-06, 5.487372618517838e-06, 3.9144720176409464e-06, 3.3942299069167348e-06, 3.4370107186987298e-06, 3.0377125312952558e-06, 3.0812752811471e-06, 3.2848895443748916e-06, 3.845429091597907e-06, 3.68104542758374e-06, 3.3515766517666634e-06, 4.195340352453059e-06, 4.960706519341329e-06, 6.528814083139878e-06, 1.013854762277333e-05, 1.0248965736536775e-05, 1.1913774869753979e-05, 1.0058442967419978e-05, 1.0309261597285513e-05, 1.7115773516707122e-05, 2.2897644157637842e-05, 1.0732684131653514e-05, 1.0295205356669612e-05, 1.218164834426716e-05, 8.475130016449839e-06, 6.905005648150109e-06, 5.717744443245465e-06, 5.169631549506448e-06, 4.328230261307908e-06, 4.437608822627226e-06, 3.828113676718203e-06, 3.322311840747716e-06, 3.0335008887050208e-06, 3.0330868412420386e-06, 2.368794639551197e-06, 2.1419823497126345e-06, 1.5677283045079093e-06, 1.2030249081362854e-06, 9.619221827961155e-07, 8.639427733214688e-07, 8.147932248903089e-07, 6.802372922720679e-07, 5.311387667461531e-07, 4.124506460811972e-07, 3.1500391628469515e-07, 2.75366488722284e-07, 1.8032828563718795e-07, 1.108409506400676e-07, 6.471745450653543e-08, 2.4967961920197013e-08, 2.2913901887022803e-09, 9.350154678289258e-11, 5.2731333188837937e-11, 4.7677192055450845e-11, 3.9680526225938095e-11, 3.4757145078723184e-11, 3.1082591361863976e-11, 2.4409448420859015e-11, 1.6394599219871075e-11, 1.2706875482382252e-11, 1.2171816506090227e-11], "lowlevel.melbands128.stdev": [0.013090397231280804, 0.025033587589859962, 0.018788140267133713, 0.00962459109723568, 0.004874020349234343, 0.002845008159056306, 0.0017845988040789962, 0.0011038606753572822, 0.000597850710619241, 0.00030403779237531126, 0.0004898756742477417, 0.0010825416538864374, 0.0014859867515042424, 0.001960241701453924, 0.0015413581859320402, 0.001100826309993863, 0.0004030153213534504, 0.00014682009350508451, 0.00019412935944274068, 0.00045062400749884546, 0.0005761313368566334, 0.0005372912855818868, 0.001023084856569767, 0.0019001482287421823, 0.0016007204540073872, 0.0008061383268795907, 0.0003150620323140174, 8.464718121103942e-05, 9.520505409454927e-05, 0.0003257908101659268, 0.00035780869075097144, 0.0008477731607854366, 0.0009051155648194253, 0.0007494606543332338, 0.0003059144946746528, 0.00015363159764092416, 0.00033961632288992405, 0.0006578010506927967, 0.0006876481347717345, 0.0006747597944922745, 0.0006483751349151134, 0.0003640507347881794, 0.00028079323237761855, 0.0004610006872098893, 0.00042845637653954327, 0.00027870075427927077, 0.0002146450278814882, 0.00021391241170931607, 0.0002323239023098722, 0.0001929110148921609, 0.00020389709970913827, 0.0002468210004735738, 0.00019380523008294404, 0.00011995232489425689, 9.858843259280547e-05, 0.00011465266288723797, 9.42927144933492e-05, 6.839103298261762e-05, 6.609655247302726e-05, 4.187484228168614e-05, 2.2753094526706263e-05, 2.2745216483599506e-05, 2.616992060211487e-05, 3.158215986331925e-05, 3.016068512806669e-05, 3.637333429651335e-05, 3.0355777198565193e-05, 1.747896385495551e-05, 1.4190023648552597e-05, 9.911440429277718e-06, 1.0188904525421094e-05, 1.0675355042621959e-05, 8.760662240092643e-06, 8.899044587451499e-06, 9.370583029522095e-06, 1.1098520189989358e-05, 1.0467669198988006e-05, 9.276817763748113e-06, 9.398157089890447e-06, 1.0077136721520219e-05, 1.1198875654372387e-05, 1.5821266060811467e-05, 1.6966838302323595e-05, 2.0188303096801974e-05, 1.6401754692196846e-05, 1.6873869753908366e-05, 3.195002500433475e-05, 4.676195385400206e-05, 1.8933247702079825e-05, 1.803607665351592e-05, 2.4702463633730076e-05, 1.4866299352433998e-05, 1.2681352927756961e-05, 1.0336943887523375e-05, 9.314376256952528e-06, 7.394204658339731e-06, 8.158032869687304e-06, 7.234084932861151e-06, 6.670370567007922e-06, 5.929826784267789e-06, 5.657984729623422e-06, 4.638832706405083e-06, 4.43603084931965e-06, 3.310613237772486e-06, 2.882358103306615e-06, 2.0597326511051506e-06, 1.7383576960128266e-06, 1.6873517552085104e-06, 1.6103884945550817e-06, 1.3098480167172966e-06, 1.0378626029705629e-06, 8.072944410741911e-07, 7.614784180987044e-07, 7.198557341325795e-07, 4.443073748916504e-07, 3.334721725423151e-07, 1.434755603213489e-07, 3.24675433205357e-08, 1.1017394774270883e-09, 8.099986792409197e-10, 7.134564605770777e-10, 6.086485204725989e-10, 5.247862699953032e-10, 4.2591569160421727e-10, 2.646342034395843e-10, 8.748483187881462e-11, 1.9224361685887814e-11, 1.6633529623111265e-11], "lowlevel.mfcc.mean": [-643.4341430664062, 97.7436294555664, 15.678046226501465, 8.143186569213867, 19.820390701293945, 17.94951057434082, -5.4518046379089355, 23.135299682617188, 5.556990146636963, 14.697906494140625, 17.490076065063477, 7.232638359069824, 11.3560791015625], "lowlevel.spectral_contrast_coeffs.mean": [-0.7244406938552856, -0.7183340787887573, -0.7640526294708252, -0.7594475746154785, -0.7637406587600708, -0.7644830942153931], "lowlevel.spectral_contrast_coeffs.stdev": [0.09504877030849457, 0.10260168462991714, 0.09078345447778702, 0.08824073523283005, 0.07148649543523788, 0.04456890746951103], "lowlevel.spectral_contrast_valleys.mean": [-7.05388069152832, -7.052098751068115, -7.733752727508545, -7.69071626663208, -8.045185089111328, -9.813654899597168], "lowlevel.spectral_contrast_valleys.stdev": [1.2303918600082397, 0.8320716619491577, 0.9004803895950317, 0.9869973659515381, 1.1450124979019165, 1.3695493936538696], "rhythm.beats_loudness_band_ratio.mean": [0.6790482997894287, 0.033366743475198746, 0.07145599275827408, 0.09024631977081299, 0.07469365745782852, 0.05568552389740944], "rhythm.beats_loudness_band_ratio.stdev": [0.2740228474140167, 0.061390165239572525, 0.07069216668605804, 0.12942974269390106, 0.09014800935983658, 0.0646318644285202], "tonal.hpcp.mean": [0.043950408697128296, 0.026510553434491158, 0.020992180332541466, 0.022271612659096718, 0.02008671686053276, 0.02429729513823986, 0.03117813728749752, 0.02603139542043209, 0.01583055965602398, 0.021408429369330406, 0.027907975018024445, 0.024237195029854774, 0.023540426045656204, 0.02484077401459217, 0.08837645500898361, 0.26047974824905396, 0.24765349924564362, 0.10439597070217133, 0.10117737948894501, 0.13402383029460907, 0.12404873222112656, 0.09228184819221497, 0.07612299919128418, 0.06904887408018112, 0.08058372884988785, 0.08066825568675995, 0.07759334146976471, 0.11268127709627151, 0.08616486936807632, 0.026970939710736275, 0.023310905322432518, 0.022811301052570343, 0.021917829290032387, 0.080230712890625, 0.21674863994121552, 0.17399457097053528], "tonal.hpcp.stdev": [0.15455485880374908, 0.10000213235616684, 0.11075384169816971, 0.10974714905023575, 0.08979151397943497, 0.09952019900083542, 0.11943278461694717, 0.10207515954971313, 0.060030438005924225, 0.06759528070688248, 0.11264818906784058, 0.09918966889381409, 0.1091773509979248, 0.10556995123624802, 0.2021893411874771, 0.4033186435699463, 0.3771711587905884, 0.2353140115737915, 0.23737338185310364, 0.2803877890110016, 0.2550404965877533, 0.22203941643238068, 0.19682994484901428, 0.18769818544387817, 0.21953298151493073, 0.22225119173526764, 0.200637549161911, 0.28478193283081055, 0.2400059849023819, 0.11741656810045242, 0.1114700511097908, 0.1059541180729866, 0.09823404252529144, 0.17890885472297668, 0.3878415822982788, 0.31477460265159607], "rhythm.beats_position": [0.3831292390823364, 0.7662584781646729, 1.160997748374939, 1.5441269874572754, 1.9272562265396118, 2.321995496749878, 2.705124616622925, 3.088253974914551, 3.4829931259155273, 3.877732276916504, 4.260861396789551, 4.643990993499756, 5.038730144500732, 5.421859264373779, 5.804988384246826, 6.188117980957031, 6.571247100830078, 6.965986251831055, 7.360725402832031, 7.743854522705078, 8.126983642578125, 8.521722793579102, 8.904852867126465, 9.287981986999512, 9.682721138000488, 10.065850257873535, 10.448979377746582, 10.843718528747559, 11.226847648620605, 11.609976768493652, 12.004715919494629, 12.387845993041992, 12.770975112915039, 13.165714263916016, 13.560453414916992, 13.943582534790039, 14.326711654663086, 14.698230743408203, 15.09296989440918, 15.487709045410156, 15.87083911895752, 16.25396728515625, 16.648706436157227, 17.031835556030273, 17.42657470703125, 17.80970573425293, 18.192834854125977, 18.575963973999023, 18.970703125, 19.353832244873047, 19.736961364746094, 20.13170051574707, 20.526439666748047, 20.909568786621094, 21.29269790649414, 21.675827026367188, 22.058956146240234, 22.45369529724121, 22.836824417114258, 23.219953536987305, 23.61469268798828, 24.009431838989258, 24.392560958862305], "rhythm.bpm_histogram": [0.0, 0.0, 0.0, 0.0, 0.0, 0.0, 0.0, 0.0, 0.0, 0.0, 0.0, 0.0, 0.0, 0.0, 0.0, 0.0, 0.0, 0.0, 0.0, 0.0, 0.0, 0.0, 0.0, 0.0, 0.0, 0.0, 0.0, 0.0, 0.0, 0.0, 0.0, 0.0, 0.0, 0.0, 0.0, 0.0, 0.0, 0.0, 0.0, 0.0, 0.0, 0.0, 0.0, 0.0, 0.0, 0.0, 0.0, 0.0, 0.0, 0.0, 0.0, 0.0, 0.0, 0.0, 0.0, 0.0, 0.0, 0.0, 0.0, 0.0, 0.0, 0.0, 0.0, 0.0, 0.0, 0.0, 0.0, 0.0, 0.0, 0.0, 0.0, 0.0, 0.0, 0.0, 0.0, 0.0, 0.0, 0.0, 0.0, 0.0, 0.0, 0.0, 0.0, 0.0, 0.0, 0.0, 0.0, 0.0, 0.0, 0.0, 0.0, 0.0, 0.0, 0.0, 0.0, 0.0, 0.0, 0.0, 0.0, 0.0, 0.0, 0.0, 0.0, 0.0, 0.0, 0.0, 0.0, 0.0, 0.0, 0.0, 0.0, 0.0, 0.0, 0.0, 0.0, 0.0, 0.0, 0.0, 0.0, 0.0, 0.0, 0.0, 0.0, 0.0, 0.0, 0.0, 0.0, 0.0, 0.0, 0.0, 0.0, 0.0, 0.0, 0.0, 0.0, 0.0, 0.0, 0.0, 0.0, 0.0, 0.0, 0.0, 0.0, 0.0, 0.0, 0.0, 0.0, 0.0, 0.0, 0.0, 0.0, 0.0, 0.3709677457809448, 0.0, 0.0, 0.0, 0.0, 0.6129032373428345, 0.0, 0.0, 0.0, 0.016129031777381897, 0.0, 0.0, 0.0, 0.0, 0.0, 0.0, 0.0, 0.0, 0.0, 0.0, 0.0, 0.0, 0.0, 0.0, 0.0, 0.0, 0.0, 0.0, 0.0, 0.0, 0.0, 0.0, 0.0, 0.0, 0.0, 0.0, 0.0, 0.0, 0.0, 0.0, 0.0, 0.0, 0.0, 0.0, 0.0, 0.0, 0.0, 0.0, 0.0, 0.0, 0.0, 0.0, 0.0, 0.0, 0.0, 0.0, 0.0, 0.0, 0.0, 0.0, 0.0, 0.0, 0.0, 0.0, 0.0, 0.0, 0.0, 0.0, 0.0, 0.0, 0.0, 0.0, 0.0, 0.0, 0.0, 0.0, 0.0, 0.0, 0.0, 0.0, 0.0, 0.0, 0.0, 0.0, 0.0, 0.0, 0.0, 0.0, 0.0, 0.0, 0.0, 0.0, 0.0, 0.0, 0.0, 0.0, 0.0, 0.0], "tonal.chords_histogram": [0.0, 8.395522117614746, 26.865671157836914, 5.597014904022217, 0.0, 0.0, 29.291044235229492, 14.925373077392578, 0.9328358173370361, 0.0, 0.0, 0.0, 0.9328358173370361, 1.6791044473648071, 0.0, 0.0, 0.0, 4.104477405548096, 1.492537260055542, 2.425373077392578, 3.3582088947296143, 0.0, 0.0, 0.0], "tonal.thpcp": [1.0, 0.9507591128349304, 0.4007834494113922, 0.3884270489215851, 0.5145268440246582, 0.47623178362846375, 0.35427647829055786, 0.29224151372909546, 0.2650834619998932, 0.3093665838241577, 0.30969107151031494, 0.29788628220558167, 0.4325913190841675, 0.33079296350479126, 0.10354332625865936, 0.08949220180511475, 0.08757418394088745, 0.08414408564567566, 0.30801132321357727, 0.8321132063865662, 0.6679773330688477, 0.16872869431972504, 0.1017758697271347, 0.08059044927358627, 0.08550228178501129, 0.07711431384086609, 0.09327901899814606, 0.11969505250453949, 0.0999363511800766, 0.060774628072977066, 0.08218845725059509, 0.1071406677365303, 0.09304828941822052, 0.09037334471940994, 0.09536547213792801, 0.33928340673446655], "lowlevel.gfcc.cov": [[10413.2568359375, -1029.16162109375, -337.0394592285156, 1196.32080078125, 119.14081573486328, 878.0579223632812, -113.24131774902344, 392.43597412109375, 47.52421188354492, 60.68690872192383, -105.22880554199219, 371.24542236328125, 40.55421829223633], [-1029.16162109375, 1866.321533203125, -185.07850646972656, -248.67013549804688, 440.8472595214844, -341.6652526855469, 207.5614776611328, -132.60269165039062, 229.59657287597656, -237.8958740234375, 235.89329528808594, -178.71751403808594, 151.3131561279297], [-337.0394592285156, -185.07850646972656, 1437.460693359375, 615.39990234375, 50.4140510559082, 307.2734069824219, 112.07567596435547, 108.35607147216797, 97.08448028564453, 203.06509399414062, -127.40060424804688, -99.91830444335938, -49.16608810424805], [1196.32080078125, -248.67013549804688, 615.39990234375, 866.232421875, 170.85968017578125, 299.5844421386719, 48.13935852050781, 136.40570068359375, 154.74053955078125, 87.1212158203125, -83.89006042480469, -26.729782104492188, 34.74540328979492], [119.14081573486328, 440.8472595214844, 50.4140510559082, 170.85968017578125, 462.2134094238281, 108.58621215820312, 147.60585021972656, 69.43260955810547, 151.18002319335938, 11.425538063049316, 43.101219177246094, -64.06815338134766, 63.30411911010742], [878.0579223632812, -341.6652526855469, 307.2734069824219, 299.5844421386719, 108.58621215820312, 594.2747192382812, 214.41534423828125, 125.42994689941406, 54.971641540527344, 103.83946228027344, -41.86647033691406, -28.33321762084961, -78.8001937866211], [-113.24131774902344, 207.5614776611328, 112.07567596435547, 48.13935852050781, 147.60585021972656, 214.41534423828125, 383.13671875, 106.16439819335938, 34.76261520385742, -12.080944061279297, 39.77858352661133, -69.52767944335938, -35.38496398925781], [392.43597412109375, -132.60269165039062, 108.35607147216797, 136.40570068359375, 69.43260955810547, 125.42994689941406, 106.16439819335938, 227.77536010742188, 79.45413970947266, 52.290557861328125, -37.63872528076172, -15.648086547851562, -6.304341793060303], [47.52421188354492, 229.59657287597656, 97.08448028564453, 154.74053955078125, 151.18002319335938, 54.971641540527344, 34.76261520385742, 79.45413970947266, 261.8595275878906, 55.961341857910156, 11.234675407409668, -69.79055786132812, 55.37385177612305], [60.68690872192383, -237.8958740234375, 203.06509399414062, 87.1212158203125, 11.425538063049316, 103.83946228027344, -12.080944061279297, 52.290557861328125, 55.961341857910156, 212.19757080078125, -25.104549407958984, -2.511023759841919, -20.204761505126953], [-105.22880554199219, 235.89329528808594, -127.40060424804688, -83.89006042480469, 43.101219177246094, -41.86647033691406, 39.77858352661133, -37.63872528076172, 11.234675407409668, -25.104549407958984, 126.46536254882812, 22.912487030029297, 17.295612335205078], [371.24542236328125, -178.71751403808594, -99.91830444335938, -26.729782104492188, -64.06815338134766, -28.33321762084961, -69.52767944335938, -15.648086547851562, -69.79055786132812, -2.511023759841919, 22.912487030029297, 145.4086151123047, 14.758909225463867], [40.55421829223633, 151.3131561279297, -49.16608810424805, 34.74540328979492, 63.30411911010742, -78.8001937866211, -35.38496398925781, -6.304341793060303, 55.37385177612305, -20.204761505126953, 17.295612335205078, 14.758909225463867, 116.49835205078125]], "lowlevel.gfcc.icov": [[0.00019617818179540336, -0.00019776879344135523, 0.00025842475588433444, -0.0003877916606143117, 0.00015455349057447165, -0.00039699170156382024, 0.00026415300089865923, -0.00034068350214511156, 0.00020948908058926463, -0.0001138778097811155, 0.0002104218292515725, -0.0004953669267706573, 3.478033977444284e-05], [-0.00019776879344135523, 0.002593778073787689, -0.000833954953122884, 0.0011523653520271182, -0.0017861431697383523, 0.0016463982174172997, -0.0011892246548086405, 0.00155678391456604, -0.0018764680717140436, 0.0022499558981508017, -0.0027521757874637842, 0.002113951835781336, -0.0007655518129467964], [0.00025842475588433444, -0.000833954953122884, 0.0017609493806958199, -0.0015733243199065328, 0.0008390844450332224, -0.0007314728572964668, 9.551402035867795e-05, -0.0004153279005549848, 0.000824948598165065, -0.0016390912933275104, 0.0014415879268199205, -0.00043861428275704384, 0.0004266060423105955], [-0.0003877916606143117, 0.0011523653520271182, -0.0015733243199065328, 0.0033832902554422617, -0.0013487858232110739, 0.0002626592176966369, -0.00017554410442244262, 0.0005437615909613669, -0.0016300431452691555, 0.001583334757015109, -0.0005876279319636524, 0.0008296179585158825, -0.001116581610403955], [0.00015455349057447165, -0.0017861431697383523, 0.0008390844450332224, -0.0013487858232110739, 0.004696920048445463, -0.0014303709613159299, -0.0001426289527444169, -0.0011443785624578595, 0.0004054770106449723, -0.0016892127459868789, 0.0009229106944985688, -0.0005241757025942206, -0.0011588198831304908], [-0.00039699170156382024, 0.0016463982174172997, -0.0007314728572964668, 0.0002626592176966369, -0.0014303709613159299, 0.0047189099714159966, -0.002758712274953723, 0.0014291765401139855, -0.0016362634487450123, 0.0003154239384457469, -0.0008005626150406897, 0.00088442926062271, 0.0016605631681159139], [0.00026415300089865923, -0.0011892246548086405, 9.551402035867795e-05, -0.00017554410442244262, -0.0001426289527444169, -0.002758712274953723, 0.006136830896139145, -0.003411998273804784, 0.0020796661265194416, 0.0004358288715593517, -0.0017760447226464748, 0.0010836963774636388, 0.0006496366113424301], [-0.00034068350214511156, 0.00155678391456604, -0.0004153279005549848, 0.0005437615909613669, -0.0011443785624578595, 0.0014291765401139855, -0.003411998273804784, 0.008279186673462391, -0.0034026673529297113, 0.00024054029199760407, 0.0015217404579743743, -0.0002601409505587071, 0.0002254492719657719], [0.00020948908058926463, -0.0018764680717140436, 0.000824948598165065, -0.0016300431452691555, 0.0004054770106449723, -0.0016362634487450123, 0.0020796661265194416, -0.0034026673529297113, 0.00886637531220913, -0.0031627279240638018, -0.0004142069083172828, 0.0024536398705095053, -0.0026931785978376865], [-0.0001138778097811155, 0.0022499558981508017, -0.0016390912933275104, 0.001583334757015109, -0.0016892127459868789, 0.0003154239384457469, 0.0004358288715593517, 0.00024054029199760407, -0.0031627279240638018, 0.008686918765306473, -0.0024772081524133682, 0.0007425422081723809, 0.0005135873216204345], [0.0002104218292515725, -0.0027521757874637842, 0.0014415879268199205, -0.0005876279319636524, 0.0009229106944985688, -0.0008005626150406897, -0.0017760447226464748, 0.0015217404579743743, -0.0004142069083172828, -0.0024772081524133682, 0.015235519036650658, -0.006223874166607857, 0.0010787798091769218], [-0.0004953669267706573, 0.002113951835781336, -0.00043861428275704384, 0.0008296179585158825, -0.0005241757025942206, 0.00088442926062271, 0.0010836963774636388, -0.0002601409505587071, 0.0024536398705095053, 0.0007425422081723809, -0.006223874166607857, 0.01356335449963808, -0.003639423521235585], [3.478033977444284e-05, -0.0007655518129467964, 0.0004266060423105955, -0.001116581610403955, -0.0011588198831304908, 0.0016605631681159139, 0.0006496366113424301, 0.0002254492719657719, -0.0026931785978376865, 0.0005135873216204345, 0.0010787798091769218, -0.003639423521235585, 0.013711627572774887]], "lowlevel.mfcc.cov": [[9437.3046875, -1299.8916015625, -293.9158935546875, 384.05523681640625, 532.0958251953125, 403.4012145996094, 134.33697509765625, 497.3591003417969, 87.68397521972656, 183.60728454589844, -50.2628173828125, -31.762475967407227, -1.7597473859786987], [-1299.8916015625, 1730.718017578125, -355.56317138671875, 41.88784408569336, 71.50790405273438, -106.98849487304688, 2.763059139251709, 11.740142822265625, -44.83445739746094, -11.460870742797852, 40.7927360534668, -25.830482482910156, 40.32502365112305], [-293.9158935546875, -355.56317138671875, 1272.2452392578125, 303.39251708984375, 102.37071228027344, 259.43853759765625, 112.26043701171875, 0.6849969029426575, 222.66455078125, 139.18475341796875, 45.00521469116211, 138.26382446289062, 70.12263488769531], [384.05523681640625, 41.88784408569336, 303.39251708984375, 551.1082153320312, 230.35641479492188, 66.7116470336914, 16.192577362060547, 37.240360260009766, 163.92037963867188, 78.66863250732422, -34.71738052368164, 57.11532211303711, 75.6353530883789], [532.0958251953125, 71.50790405273438, 102.37071228027344, 230.35641479492188, 385.39276123046875, 137.3773193359375, -8.843562126159668, 46.566654205322266, 127.52117919921875, 132.78961181640625, 10.25908088684082, 20.37828254699707, 50.26789855957031], [403.4012145996094, -106.98849487304688, 259.43853759765625, 66.7116470336914, 137.3773193359375, 370.4844970703125, 173.33731079101562, 78.32353973388672, 123.12605285644531, 112.51909637451172, 88.33462524414062, 74.09819030761719, 40.25252914428711], [134.33697509765625, 2.763059139251709, 112.26043701171875, 16.192577362060547, -8.843562126159668, 173.33731079101562, 325.723388671875, 141.63607788085938, 83.992919921875, 49.05120086669922, 70.71089172363281, 55.172027587890625, 27.59775733947754], [497.3591003417969, 11.740142822265625, 0.6849969029426575, 37.240360260009766, 46.566654205322266, 78.32353973388672, 141.63607788085938, 251.2581787109375, 59.319725036621094, 47.90044021606445, 36.77031326293945, 11.73155403137207, 31.62520408630371], [87.68397521972656, -44.83445739746094, 222.66455078125, 163.92037963867188, 127.52117919921875, 123.12605285644531, 83.992919921875, 59.319725036621094, 271.33428955078125, 167.4083709716797, 39.13373947143555, 66.32630157470703, 62.154964447021484], [183.60728454589844, -11.460870742797852, 139.18475341796875, 78.66863250732422, 132.78961181640625, 112.51909637451172, 49.05120086669922, 47.90044021606445, 167.4083709716797, 235.48037719726562, 80.02409362792969, 33.66636276245117, 39.91362762451172], [-50.2628173828125, 40.7927360534668, 45.00521469116211, -34.71738052368164, 10.25908088684082, 88.33462524414062, 70.71089172363281, 36.77031326293945, 39.13373947143555, 80.02409362792969, 163.67481994628906, 50.143131256103516, 16.17010498046875], [-31.762475967407227, -25.830482482910156, 138.26382446289062, 57.11532211303711, 20.37828254699707, 74.09819030761719, 55.172027587890625, 11.73155403137207, 66.32630157470703, 33.66636276245117, 50.143131256103516, 113.33827209472656, 44.88925552368164], [-1.7597473859786987, 40.32502365112305, 70.12263488769531, 75.6353530883789, 50.26789855957031, 40.25252914428711, 27.59775733947754, 31.62520408630371, 62.154964447021484, 39.91362762451172, 16.17010498046875, 44.88925552368164, 97.97003936767578]], "lowlevel.mfcc.icov": [[0.00017042939725797623, 0.0001547892898088321, 0.0001319049042649567, -0.00014582679432351142, -0.00014768877008464187, -0.00016892429266590625, 5.990424324409105e-05, -0.0003277144569437951, 0.00019198273366782814, -0.00012500409502536058, 0.0001082221933756955, -3.234832547605038e-05, 0.0001177036901935935], [0.0001547892898088321, 0.0008124516461975873, 0.00030399038223549724, -0.00025726534659042954, -0.0003706547722686082, 0.0001461296051274985, -0.00018264252867083997, -0.00016652938211336732, 0.00028808219940401614, -3.6809065932175145e-05, -0.000302770989947021, 0.0001627270394237712, -0.0003076083667110652], [0.0001319049042649567, 0.00030399038223549724, 0.0013259320985525846, -0.0007207318558357656, 0.0002916534140240401, -0.0007826612563803792, 6.681233935523778e-05, 6.484725599875674e-05, -0.00014324738003779203, -0.00034015128039754927, 0.00020564270380418748, -0.0006839688285253942, 0.0001257022813661024], [-0.00014582679432351142, -0.00025726534659042954, -0.0007207318558357656, 0.003433136036619544, -0.0016573971370235085, 0.0008685205248184502, -0.00020033233158756047, 0.0001163331835414283, -0.0013285642489790916, 0.0008125053718686104, 0.0008395357872359455, -0.0006307058501988649, -0.000856613798532635], [-0.00014768877008464187, -0.0003706547722686082, 0.0002916534140240401, -0.0016573971370235085, 0.0053189280442893505, -0.002074940362945199, 0.0015728691359981894, -0.00032486667623743415, -0.00020676656276918948, -0.0018571887630969286, 0.0006117779994383454, 0.0006179741467349231, -0.0004904005327261984], [-0.00016892429266590625, 0.0001461296051274985, -0.0007826612563803792, 0.0008685205248184502, -0.002074940362945199, 0.005785911809653044, -0.002538190456107259, 0.0005457348306663334, -0.00033648975659161806, -3.153707802994177e-05, -0.0013275612145662308, -0.0008980844868347049, -9.03278196346946e-05], [5.990424324409105e-05, -0.00018264252867083997, 6.681233935523778e-05, -0.00020033233158756047, 0.0015728691359981894, -0.002538190456107259, 0.006026835180819035, -0.0027930294163525105, -0.0009858276462182403, 0.0005204781773500144, -0.000519096152856946, -0.0008182693272829056, 0.0004967807908542454], [-0.0003277144569437951, -0.00016652938211336732, 6.484725599875674e-05, 0.0001163331835414283, -0.00032486667623743415, 0.0005457348306663334, -0.0027930294163525105, 0.006456977687776089, -0.0006562815397046506, 0.00015686522237956524, -0.0007730311481282115, 0.001442278502508998, -0.0016094614984467626], [0.00019198273366782814, 0.00028808219940401614, -0.00014324738003779203, -0.0013285642489790916, -0.00020676656276918948, -0.00033648975659161806, -0.0009858276462182403, -0.0006562815397046506, 0.00947311520576477, -0.005863398313522339, 0.00198208331130445, -0.002490280196070671, -0.0010603559203445911], [-0.00012500409502536058, -3.6809065932175145e-05, -0.00034015128039754927, 0.0008125053718686104, -0.0018571887630969286, -3.153707802994177e-05, 0.0005204781773500144, 0.00015686522237956524, -0.005863398313522339, 0.010597221553325653, -0.0043781897984445095, 0.0025172114837914705, -0.0006305007264018059], [0.0001082221933756955, -0.000302770989947021, 0.00020564270380418748, 0.0008395357872359455, 0.0006117779994383454, -0.0013275612145662308, -0.000519096152856946, -0.0007730311481282115, 0.00198208331130445, -0.0043781897984445095, 0.01034320704638958, -0.004365512635558844, 0.0007778495200909674], [-3.234832547605038e-05, 0.0001627270394237712, -0.0006839688285253942, -0.0006307058501988649, 0.0006179741467349231, -0.0008980844868347049, -0.0008182693272829056, 0.001442278502508998, -0.002490280196070671, 0.0025172114837914705, -0.004365512635558844, 0.01536551397293806, -0.005039714276790619], [0.0001177036901935935, -0.0003076083667110652, 0.0001257022813661024, -0.000856613798532635, -0.0004904005327261984, -9.03278196346946e-05, 0.0004967807908542454, -0.0016094614984467626, -0.0010603559203445911, -0.0006305007264018059, 0.0007778495200909674, -0.005039714276790619, 0.014685990288853645]], "metadata.audio_properties.analysis.downmix": "mix", "metadata.audio_properties.codec": "mp3", "metadata.audio_properties.md5_encoded": "4221f2ec253539443de3a24f458c8b95", "metadata.tags.file_name": "1183655915417776159.mp3", "metadata.version.essentia": "2.1-beta6-dev", "metadata.version.essentia_git_sha": "v2.1_beta5-1110-g77a6a954", "metadata.version.extractor": "music 2.0", "tonal.chords_key": "Bb", "tonal.chords_scale": "major", "tonal.key_edma.key": "C#", "tonal.key_edma.scale": "major", "tonal.key_kr