{"song_id": "1183697815935918140", "download": "https://cdn.discordapp.com/attachments/1135911532732108921/1183697815935918140/chirp.mp4?ex=6589477f&amp", "lyrics": "was f\u00fcr 11. stock pack mein gas ab im keller,\neiner meiner besten kunden sieht aus wie ein penner,\nfragt meine mom woher ich mein geld hab spring ich aus dem fenster \nyeah gang gang", "style": ["opera"], "essentia_features": {"lowlevel.average_loudness": 0.6874139904975891, "lowlevel.barkbands_crest.mean": 14.257856369018555, "lowlevel.barkbands_crest.stdev": 4.275528907775879, "lowlevel.barkbands_flatness_db.mean": 0.290096253156662, "lowlevel.barkbands_flatness_db.stdev": 0.08013731241226196, "lowlevel.barkbands_kurtosis.mean": 17.47847557067871, "lowlevel.barkbands_kurtosis.stdev": 20.741636276245117, "lowlevel.barkbands_skewness.mean": 2.636242389678955, "lowlevel.barkbands_skewness.stdev": 1.710382103919983, "lowlevel.barkbands_spread.mean": 9.291754722595215, "lowlevel.barkbands_spread.stdev": 15.465242385864258, "lowlevel.dissonance.mean": 0.40645530819892883, "lowlevel.dissonance.stdev": 0.06099819764494896, "lowlevel.dynamic_complexity": 3.272899866104126, "lowlevel.erbbands_crest.mean": 14.31772518157959, "lowlevel.erbbands_crest.stdev": 5.520603656768799, "lowlevel.erbbands_flatness_db.mean": 0.27287954092025757, "lowlevel.erbbands_flatness_db.stdev": 0.10910630971193314, "lowlevel.erbbands_kurtosis.mean": 8.92484188079834, "lowlevel.erbbands_kurtosis.stdev": 10.795624732971191, "lowlevel.erbbands_skewness.mean": 1.5604207515716553, "lowlevel.erbbands_skewness.stdev": 1.1916003227233887, "lowlevel.erbbands_spread.mean": 21.623619079589844, "lowlevel.erbbands_spread.stdev": 26.256589889526367, "lowlevel.hfc.mean": 16.110010147094727, "lowlevel.hfc.stdev": 29.492704391479492, "lowlevel.loudness_ebu128.integrated": -17.71613883972168, "lowlevel.loudness_ebu128.loudness_range": 8.421953201293945, "lowlevel.loudness_ebu128.momentary.mean": -19.872241973876953, "lowlevel.loudness_ebu128.momentary.stdev": 4.47980260848999, "lowlevel.loudness_ebu128.short_term.mean": -19.27960205078125, "lowlevel.loudness_ebu128.short_term.stdev": 3.763160228729248, "lowlevel.melbands_crest.mean": 22.421401977539062, "lowlevel.melbands_crest.stdev": 8.019707679748535, "lowlevel.melbands_flatness_db.mean": 0.34209102392196655, "lowlevel.melbands_flatness_db.stdev": 0.07825521379709244, "lowlevel.melbands_kurtosis.mean": 25.495912551879883, "lowlevel.melbands_kurtosis.stdev": 37.734832763671875, "lowlevel.melbands_skewness.mean": 3.048678159713745, "lowlevel.melbands_skewness.stdev": 2.321460485458374, "lowlevel.melbands_spread.mean": 8.025406837463379, "lowlevel.melbands_spread.stdev": 13.014813423156738, "lowlevel.pitch_salience.mean": 0.42925533652305603, "lowlevel.pitch_salience.stdev": 0.1496400684118271, "lowlevel.silence_rate_20dB.mean": 0.9982078671455383, "lowlevel.silence_rate_20dB.stdev": 0.042295463383197784, "lowlevel.silence_rate_30dB.mean": 0.9417562484741211, "lowlevel.silence_rate_30dB.stdev": 0.23420342803001404, "lowlevel.silence_rate_60dB.mean": 0.1227598562836647, "lowlevel.silence_rate_60dB.stdev": 0.3281586766242981, "lowlevel.spectral_centroid.mean": 827.9283447265625, "lowlevel.spectral_centroid.stdev": 714.5403442382812, "lowlevel.spectral_complexity.mean": 8.883512496948242, "lowlevel.spectral_complexity.stdev": 7.936287879943848, "lowlevel.spectral_decrease.mean": -1.0580497367129738e-08, "lowlevel.spectral_decrease.stdev": 1.4809546478034008e-08, "lowlevel.spectral_energy.mean": 0.04139445722103119, "lowlevel.spectral_energy.stdev": 0.05691651999950409, "lowlevel.spectral_energyband_high.mean": 0.0008840624359436333, "lowlevel.spectral_energyband_high.stdev": 0.0028547304682433605, "lowlevel.spectral_energyband_low.mean": 0.028672851622104645, "lowlevel.spectral_energyband_low.stdev": 0.050142575055360794, "lowlevel.spectral_energyband_middle_high.mean": 0.0018937726272270083, "lowlevel.spectral_energyband_middle_high.stdev": 0.004862393718212843, "lowlevel.spectral_energyband_middle_low.mean": 0.01011375617235899, "lowlevel.spectral_energyband_middle_low.stdev": 0.01789889857172966, "lowlevel.spectral_entropy.mean": 6.747846603393555, "lowlevel.spectral_entropy.stdev": 0.8447784781455994, "lowlevel.spectral_flux.mean": 0.06915924698114395, "lowlevel.spectral_flux.stdev": 0.08847998827695847, "lowlevel.spectral_kurtosis.mean": 12.368602752685547, "lowlevel.spectral_kurtosis.stdev": 11.650585174560547, "lowlevel.spectral_rms.mean": 0.005241694860160351, "lowlevel.spectral_rms.stdev": 0.0035929731093347073, "lowlevel.spectral_rolloff.mean": 734.2340087890625, "lowlevel.spectral_rolloff.stdev": 1229.6474609375, "lowlevel.spectral_skewness.mean": 2.6329386234283447, "lowlevel.spectral_skewness.stdev": 1.244362473487854, "lowlevel.spectral_spread.mean": 4297094.0, "lowlevel.spectral_spread.stdev": 3005825.0, "lowlevel.spectral_strongpeak.mean": 0.7810454964637756, "lowlevel.spectral_strongpeak.stdev": 0.72374027967453, "lowlevel.zerocrossingrate.mean": 0.03134581819176674, "lowlevel.zerocrossingrate.stdev": 0.03907819837331772, "metadata.audio_properties.analysis.equal_loudness": 0.0, "metadata.audio_properties.analysis.length": 25.8773250579834, "metadata.audio_properties.analysis.sample_rate": 44100.0, "metadata.audio_properties.analysis.start_time": 0.0, "metadata.audio_properties.bit_rate": 113519.0, "metadata.audio_properties.length": 25.87733268737793, "metadata.audio_properties.lossless": 0.0, "metadata.audio_properties.number_channels": 1.0, "metadata.audio_properties.replay_gain": -9.90561294555664, "metadata.audio_properties.sample_rate": 48000.0, "rhythm.beats_count": 58.0, "rhythm.beats_loudness.mean": 0.06650616973638535, "rhythm.beats_loudness.stdev": 0.08697845041751862, "rhythm.bpm": 135.81558227539062, "rhythm.bpm_histogram_first_peak_bpm": 136.0, "rhythm.bpm_histogram_first_peak_weight": 0.05263155698776245, "rhythm.bpm_histogram_second_peak_bpm": 0.0, "rhythm.bpm_histogram_second_peak_spread": 0.0, "rhythm.bpm_histogram_second_peak_weight": 0.0, "rhythm.danceability": 1.1379587650299072, "rhythm.onset_rate": 3.7852089405059814, "tonal.chords_changes_rate": 0.07334525883197784, "tonal.chords_number_rate": 0.01788908801972866, "tonal.chords_strength.mean": 0.42311060428619385, "tonal.chords_strength.stdev": 0.09268301725387573, "tonal.hpcp_crest.mean": 13.532712936401367, "tonal.hpcp_crest.stdev": 5.024418830871582, "tonal.hpcp_entropy.mean": 1.8156858682632446, "tonal.hpcp_entropy.stdev": 0.5434243679046631, "tonal.key_edma.strength": 0.6325376033782959, "tonal.key_krumhansl.strength": 0.6338696479797363, "tonal.key_temperley.strength": 0.6242820024490356, "tonal.tuning_diatonic_strength": 0.4131294786930084, "tonal.tuning_equal_tempered_deviation": 0.17365920543670654, "tonal.tuning_frequency": 434.193115234375, "tonal.tuning_nontempered_energy_ratio": 0.8914061188697815, "lowlevel.barkbands.mean": [0.006694999057799578, 0.018693415448069572, 0.003155054757371545, 0.0009427928598597646, 0.0010785226477310061, 0.002098945900797844, 0.0019833447877317667, 0.0013000761391595006, 0.002588607370853424, 0.0002810004516504705, 0.0003928809310309589, 0.000410298554925248, 0.0002395178162259981, 0.00016263635188806802, 0.00012055744446115568, 5.347003389033489e-05, 7.90240301284939e-05, 0.00010898805339820683, 9.245648107025772e-05, 7.274919335031882e-05, 7.915595051599666e-05, 9.09121663426049e-05, 0.0002420870732748881, 0.00020412445883266628, 0.00016787744243629277, 5.999381755827926e-05, 1.01278101283242e-06], "lowlevel.barkbands.stdev": [0.00909614097326994, 0.03527650237083435, 0.021602213382720947, 0.007887175306677818, 0.004983671475201845, 0.004252708982676268, 0.002969294786453247, 0.0023798069451004267, 0.004385120701044798, 0.0005540333222597837, 0.0010777291608974338, 0.0016469551483169198, 0.0008897288353182375, 0.0005402278038673103, 0.00045019027311354876, 0.00022013673151377589, 0.00025216033100150526, 0.0003778593090828508, 0.0003741021500900388, 0.00029552431078627706, 0.00032980969990603626, 0.0003724894777406007, 0.0007110026199370623, 0.0007658704998902977, 0.0008637772989459336, 0.0002653577539604157, 5.726054951082915e-06], "lowlevel.erbbands.mean": [1.04800546169281, 2.197636604309082, 3.5793633460998535, 3.8296098709106445, 2.9308295249938965, 4.197695255279541, 4.52891206741333, 23.052471160888672, 30.948774337768555, 27.691320419311523, 32.588722229003906, 59.48698806762695, 23.82801055908203, 13.49681568145752, 14.880687713623047, 16.448617935180664, 12.239678382873535, 9.561164855957031, 7.350510597229004, 4.306079387664795, 3.2915706634521484, 4.784246921539307, 6.2213134765625, 4.236520767211914, 4.8749518394470215, 3.392228603363037, 3.547363758087158, 2.735612154006958, 2.980329990386963, 4.927418231964111, 7.163926601409912, 4.66933012008667, 3.3872852325439453, 2.193925619125366, 0.9974985718727112, 0.32778400182724, 0.10273745656013489, 0.01232556439936161, 0.0002842854300979525, 5.880165917915292e-05], "lowlevel.erbbands.stdev": [1.4064667224884033, 7.734407424926758, 20.901227951049805, 29.285179138183594, 18.164020538330078, 18.41526222229004, 20.65375518798828, 41.464778900146484, 44.062801361083984, 51.17847442626953, 52.887306213378906, 105.40347290039062, 50.1444091796875, 35.561729431152344, 47.44076919555664, 64.36279296875, 42.91926574707031, 30.88024139404297, 28.617876052856445, 15.16777229309082, 11.677477836608887, 14.890968322753906, 20.85820770263672, 18.101808547973633, 17.93635368347168, 13.74609661102295, 15.810035705566406, 11.295738220214844, 12.092633247375488, 16.82684898376465, 20.899272918701172, 14.711529731750488, 14.811665534973145, 10.96350383758545, 5.293146133422852, 1.6022306680679321, 0.4385170042514801, 0.055090270936489105, 0.0011620473815128207, 8.590916695538908e-05], "lowlevel.gfcc.mean": [-118.32073211669922, 99.25501251220703, -125.26656341552734, -15.080415725708008, -104.5151596069336, 0.9394403100013733, -33.751617431640625, 11.696854591369629, -0.5182533860206604, 8.75510025024414, 6.488631725311279, -0.3954451084136963, 1.792566180229187], "lowlevel.melbands.mean": [0.007268405519425869, 0.0020803085062652826, 0.0006233528256416321, 0.00026521726977080107, 0.00016554455214645714, 0.00048393086763098836, 0.0004652035131584853, 0.00029202664154581726, 0.0003106350777670741, 0.0003549536340869963, 0.00010860994370887056, 4.90905404149089e-05, 5.0318631110712886e-05, 4.4133190385764465e-05, 4.028106923215091e-05, 2.0546329324133694e-05, 1.7260992535739206e-05, 1.2025778232782613e-05, 6.79284630678012e-06, 4.327571787143825e-06, 3.746093625522917e-06, 4.6252193897089455e-06, 6.389368536474649e-06, 4.47483853349695e-06, 3.238283170503564e-06, 3.6144333535048645e-06, 2.932488087026286e-06, 2.1264386305119842e-06, 2.1854830265510827e-06, 2.039798118858016e-06, 1.4706939737152425e-06, 1.535619844617031e-06, 2.012095137615688e-06, 3.144423772027949e-06, 4.2331466829637066e-06, 3.6938986340828706e-06, 2.6116638309758855e-06, 2.4529358597646933e-06, 2.0725431113532977e-06, 1.7738474298312212e-06], "lowlevel.melbands.stdev": [0.01086418516933918, 0.009342965669929981, 0.004532237537205219, 0.0012271275045350194, 0.0007167616277001798, 0.0008915301295928657, 0.0006529203383252025, 0.000528056756593287, 0.0004838503373321146, 0.0005994155071675777, 0.0002538957342039794, 0.00013514523743651807, 0.0001360889000352472, 0.00019207459990866482, 0.00015085155609995127, 7.33509223209694e-05, 5.799446444143541e-05, 4.969538713339716e-05, 2.3713593691354617e-05, 1.744662586133927e-05, 1.329699171037646e-05, 1.5642932339687832e-05, 2.07838984351838e-05, 1.6784484614618123e-05, 1.4806206309003755e-05, 1.3821813809045125e-05, 1.0494498383195605e-05, 9.542413863528054e-06, 1.0554821528785396e-05, 8.61358148540603e-06, 6.305072020040825e-06, 6.4689834289310966e-06, 8.463935955660418e-06, 1.0418626516184304e-05, 1.2387436981953215e-05, 1.1195078513992485e-05, 8.671583600516897e-06, 1.0594957529974636e-05, 1.0132930583495181e-05, 9.16246062843129e-06], "lowlevel.melbands128.mean": [0.006187160033732653, 0.010988814756274223, 0.0062601868994534016, 0.00295421970076859, 0.0019368529319763184, 0.0014924310380592942, 0.0008304084185510874, 0.00037553915171884, 0.00024114354164339602, 0.0003307807492092252, 0.00023580454580951482, 0.00011914358037756756, 7.905457459855825e-05, 0.0002618167782202363, 0.0006266871932893991, 0.000540242122951895, 0.0004267689073458314, 0.0005824736435897648, 0.0003104989300481975, 0.0003228671557735652, 0.00025555677711963654, 0.0002276572195114568, 0.0002186332130804658, 0.0005062591517344117, 0.000529833952896297, 0.0001879178307717666, 0.0002786818949971348, 6.010301149217412e-05, 1.7808728443924338e-05, 3.957877561333589e-05, 6.494585250038654e-05, 6.194685556693003e-05, 4.292971789254807e-05, 4.971442467649467e-05, 4.537385029834695e-05, 3.910845043719746e-05, 4.647394234780222e-05, 4.5777222112519667e-05, 3.596505121095106e-05, 2.1172350898268633e-05, 1.6096104445750825e-05, 1.9564829926821403e-05, 2.092106115014758e-05, 1.3895614756620489e-05, 9.774212230695412e-06, 1.5534524209215306e-05, 1.0369467418058775e-05, 4.665067990572425e-06, 6.837786713731475e-06, 6.066818514227634e-06, 3.1677270726504503e-06, 3.5082412068732083e-06, 3.917537924280623e-06, 3.4429376682965085e-06, 4.302604793338105e-06, 5.19503055329551e-06, 4.0596728467789944e-06, 5.970632173557533e-06, 7.94386778579792e-06, 6.115071755630197e-06, 4.108263965463266e-06, 3.3417786653444637e-06, 3.27103293784603e-06, 3.3960914151975885e-06, 2.9019126941420836e-06, 3.3781927868403727e-06, 4.380600785225397e-06, 3.6746466776094167e-06, 2.4387682060478255e-06, 2.0989380118408008e-06, 1.9330213945067953e-06, 2.3813829557184363e-06, 2.1665848635166185e-06, 2.022744638452423e-06, 2.2570127384824445e-06, 2.6186066861555446e-06, 1.6123509567478322e-06, 1.2804448488168418e-06, 1.5556279322481714e-06, 1.5391448187074275e-06, 1.4168207371767494e-06, 1.540474272587744e-06, 1.7784361716621788e-06, 2.042914957200992e-06, 2.2851070298202103e-06, 2.308375087523018e-06, 3.5685509374161484e-06, 4.513785825110972e-06, 3.915070919902064e-06, 4.161556717008352e-06, 5.124471044837264e-06, 2.9346542760322336e-06, 2.6970412818627665e-06, 2.5331667075079167e-06, 2.636175850057043e-06, 2.5964650376408827e-06, 2.3943571250129025e-06, 2.3142879399529193e-06, 1.9249430351919727e-06, 2.1395760541054187e-06, 1.9296130631119013e-06, 1.7263681684198673e-06, 1.602470661055122e-06, 1.2741685395667446e-06, 1.2232420658619958e-06, 8.787802698861924e-07, 7.410249622807896e-07, 5.507016567207756e-07, 5.876662498849328e-07, 4.758364582357899e-07, 3.869784563903522e-07, 3.5536237419364625e-07, 3.3289029488514643e-07, 2.9167387083361973e-07, 2.0178741522158816e-07, 1.4128089276255196e-07, 3.9363495574207263e-08, 7.911741484178947e-09, 1.3370431428683105e-09, 9.25671431867281e-12, 8.00688942231842e-12, 7.085654979421818e-12, 6.7125706035287e-12, 6.583771288565243e-12, 6.435900423706897e-12, 6.267129176729114e-12, 6.164914065354132e-12, 6.122878246084262e-12], "lowlevel.melbands128.stdev": [0.008360589854419231, 0.014208687469363213, 0.01426207646727562, 0.013189839199185371, 0.01079681795090437, 0.010678039863705635, 0.0067065441980957985, 0.00314616528339684, 0.001688870252110064, 0.0014286334626376629, 0.0010877042077481747, 0.0007381392060779035, 0.0007038297480903566, 0.0008031280594877899, 0.0011619285214692354, 0.0010355018312111497, 0.0007924995734356344, 0.0009016019757837057, 0.0005735146696679294, 0.0008445439743809402, 0.0005007586441934109, 0.0005443120026029646, 0.0004938338533975184, 0.0011655882699415088, 0.0011557219550013542, 0.00044114593765698373, 0.000775588327087462, 0.00015318868099711835, 4.180288306088187e-05, 0.00011340035416651517, 0.00024188794486690313, 0.0002012168406508863, 0.00012722430983558297, 0.00023864051036071032, 0.0002431903121760115, 0.00021298359206411988, 0.00019914982840418816, 0.00021358141384553164, 0.00016582531679887325, 8.796902693575248e-05, 7.231799827422947e-05, 8.235184213845059e-05, 8.301775233121589e-05, 5.455980499391444e-05, 4.9121430492959917e-05, 8.702601917320862e-05, 4.4771313696401194e-05, 2.0419452994246967e-05, 2.7309191864333116e-05, 2.4847136955941096e-05, 1.8521715901442803e-05, 1.624138531042263e-05, 1.436578077118611e-05, 1.4277357877290342e-05, 1.6346568372682668e-05, 2.0792622308363207e-05, 1.433252873539459e-05, 2.133883026544936e-05, 2.9469454602804035e-05, 2.434914858895354e-05, 1.6835414498928003e-05, 1.6722249711165205e-05, 1.4893764273438137e-05, 1.7659152945270762e-05, 1.3905104424338788e-05, 1.289422743866453e-05, 1.802283622964751e-05, 1.475980843679281e-05, 9.363154276798014e-06, 8.199925105145667e-06, 8.863071343512274e-06, 1.2322434486122802e-05, 1.3845644389220979e-05, 9.894567483570427e-06, 1.0231171472696587e-05, 1.2026568583678454e-05, 7.138894488889491e-06, 5.443197096610675e-06, 6.886921255500056e-06, 8.268572855740786e-06, 6.403482984751463e-06, 6.447228315664688e-06, 8.939251529227477e-06, 9.21282025956316e-06, 1.0070086318592075e-05, 8.897114639694337e-06, 1.1573151823540684e-05, 1.5153314961935394e-05, 1.1982042451563757e-05, 1.2506983694038354e-05, 1.8022075892076828e-05, 8.878737389750313e-06, 1.0157836186408531e-05, 9.645002137403935e-06, 8.279029316327069e-06, 1.0864783689612523e-05, 1.2016796972602606e-05, 1.1780004570027813e-05, 9.437220796826296e-06, 1.180865365313366e-05, 9.551970833854284e-06, 8.97266909305472e-06, 9.905200386128854e-06, 6.818820565968053e-06, 6.729121651005698e-06, 5.864526428922545e-06, 4.005755727121141e-06, 2.6099842216353863e-06, 3.173674485879019e-06, 2.7147739274369087e-06, 1.8537639334681444e-06, 1.670513938734075e-06, 1.4227499605112826e-06, 1.47806053973909e-06, 9.608262416804791e-07, 7.263460020112689e-07, 2.039815285570512e-07, 7.291645687246273e-08, 3.398968573264938e-08, 4.120410262986596e-11, 2.6201797675984295e-11, 1.5385600779516118e-11, 1.3778132280928279e-11, 1.3515497748750605e-11, 1.3298677263573477e-11, 1.3123196973552353e-11, 1.2998223157534294e-11, 1.2921442561764085e-11], "lowlevel.mfcc.mean": [-758.4893798828125, 135.9380645751953, 10.928549766540527, -20.164630889892578, -35.534908294677734, -21.637845993041992, -20.352684020996094, -6.379245758056641, -5.985817909240723, 6.819052219390869, 5.815123081207275, 13.213156700134277, 5.550105571746826], "lowlevel.spectral_contrast_coeffs.mean": [-0.6929605603218079, -0.6894692182540894, -0.7804380059242249, -0.8276943564414978, -0.8411414623260498, -0.7920323014259338], "lowlevel.spectral_contrast_coeffs.stdev": [0.09943804889917374, 0.06167510896921158, 0.06981467455625534, 0.05059396103024483, 0.04890832677483559, 0.03601948171854019], "lowlevel.spectral_contrast_valleys.mean": [-8.871952056884766, -6.6803765296936035, -7.811256408691406, -8.755844116210938, -8.956913948059082, -11.27444839477539], "lowlevel.spectral_contrast_valleys.stdev": [2.1295831203460693, 0.9253969788551331, 0.99562007188797, 1.0439075231552124, 1.2894541025161743, 1.5759209394454956], "rhythm.beats_loudness_band_ratio.mean": [0.31587448716163635, 0.1419384926557541, 0.41042858362197876, 0.10571909695863724, 0.02074412815272808, 0.02595299668610096], "rhythm.beats_loudness_band_ratio.stdev": [0.3834865987300873, 0.20147043466567993, 0.3310742974281311, 0.13740070164203644, 0.04234839603304863, 0.05343335121870041], "tonal.hpcp.mean": [0.18230251967906952, 0.24524421989917755, 0.0926106870174408, 0.02324872463941574, 0.019064711406826973, 0.014539931900799274, 0.03496074676513672, 0.04050780460238457, 0.023410070687532425, 0.10068047791719437, 0.11067061126232147, 0.030346056446433067, 0.01768677309155464, 0.02227122336626053, 0.15006239712238312, 0.3721524477005005, 0.273488312959671, 0.0508497916162014, 0.02589360438287258, 0.02682352438569069, 0.04175252467393875, 0.2084805965423584, 0.20677025616168976, 0.08787238597869873, 0.2330114245414734, 0.192703977227211, 0.038113225251436234, 0.08833761513233185, 0.09076810628175735, 0.047496818006038666, 0.14537154138088226, 0.13893266022205353, 0.026854051277041435, 0.01144593395292759, 0.012326030060648918, 0.02318311482667923], "tonal.hpcp.stdev": [0.2384316474199295, 0.31556737422943115, 0.1491735279560089, 0.08680325001478195, 0.06681904941797256, 0.041262514889240265, 0.11426568031311035, 0.13452959060668945, 0.06916408985853195, 0.21366174519062042, 0.2265518605709076, 0.10502985119819641, 0.10069220513105392, 0.09775696694850922, 0.2715836763381958, 0.44185903668403625, 0.36156541109085083, 0.13951992988586426, 0.10199268162250519, 0.11750208586454391, 0.1382443606853485, 0.32475417852401733, 0.31375086307525635, 0.16860829293727875, 0.3651055693626404, 0.31319767236709595, 0.09959238767623901, 0.20670293271541595, 0.21120919287204742, 0.1223064735531807, 0.27850770950317383, 0.2755534052848816, 0.09253724664449692, 0.07958494126796722, 0.07835203409194946, 0.10198631137609482], "rhythm.beats_position": [0.4760090708732605, 0.9287981986999512, 1.381587266921997, 1.834376335144043, 2.2755556106567383, 2.7167346477508545, 3.1579136848449707, 3.599092960357666, 4.040272235870361, 4.481451034545898, 4.922630310058594, 5.363809585571289, 5.804988384246826, 6.2461676597595215, 6.687346935272217, 7.128525733947754, 7.569705009460449, 8.010884284973145, 8.45206356048584, 8.893242835998535, 9.334421157836914, 9.77560043334961, 10.216779708862305, 10.657958984375, 11.099138259887695, 11.54031753540039, 11.981496810913086, 12.422675132751465, 12.86385440826416, 13.305033683776855, 13.74621295928955, 14.187392234802246, 14.628571510314941, 15.06974983215332, 15.510929107666016, 15.952108383178711, 16.393287658691406, 16.8344669342041, 17.275646209716797, 17.716825485229492, 18.158004760742188, 18.599184036254883, 19.040363311767578, 19.48154067993164, 19.922719955444336, 20.36389923095703, 20.805078506469727, 21.246257781982422, 21.687437057495117, 22.128616333007812, 22.569795608520508, 23.010974884033203, 23.4521541595459, 23.893333435058594, 24.33451271057129, 24.775691986083984, 25.216869354248047, 25.658048629760742], "rhythm.bpm_histogram": [0.0, 0.0, 0.0, 0.0, 0.0, 0.0, 0.0, 0.0, 0.0, 0.0, 0.0, 0.0, 0.0, 0.0, 0.0, 0.0, 0.0, 0.0, 0.0, 0.0, 0.0, 0.0, 0.0, 0.0, 0.0, 0.0, 0.0, 0.0, 0.0, 0.0, 0.0, 0.0, 0.0, 0.0, 0.0, 0.0, 0.0, 0.0, 0.0, 0.0, 0.0, 0.0, 0.0, 0.0, 0.0, 0.0, 0.0, 0.0, 0.0, 0.0, 0.0, 0.0, 0.0, 0.0, 0.0, 0.0, 0.0, 0.0, 0.0, 0.0, 0.0, 0.0, 0.0, 0.0, 0.0, 0.0, 0.0, 0.0, 0.0, 0.0, 0.0, 0.0, 0.0, 0.0, 0.0, 0.0, 0.0, 0.0, 0.0, 0.0, 0.0, 0.0, 0.0, 0.0, 0.0, 0.0, 0.0, 0.0, 0.0, 0.0, 0.0, 0.0, 0.0, 0.0, 0.0, 0.0, 0.0, 0.0, 0.0, 0.0, 0.0, 0.0, 0.0, 0.0, 0.0, 0.0, 0.0, 0.0, 0.0, 0.0, 0.0, 0.0, 0.0, 0.0, 0.0, 0.0, 0.0, 0.0, 0.0, 0.0, 0.0, 0.0, 0.0, 0.0, 0.0, 0.0, 0.0, 0.0, 0.0, 0.0, 0.0, 0.0, 0.0, 0.05263157933950424, 0.0, 0.0, 0.9473684430122375, 0.0, 0.0, 0.0, 0.0, 0.0, 0.0, 0.0, 0.0, 0.0, 0.0, 0.0, 0.0, 0.0, 0.0, 0.0, 0.0, 0.0, 0.0, 0.0, 0.0, 0.0, 0.0, 0.0, 0.0, 0.0, 0.0, 0.0, 0.0, 0.0, 0.0, 0.0, 0.0, 0.0, 0.0, 0.0, 0.0, 0.0, 0.0, 0.0, 0.0, 0.0, 0.0, 0.0, 0.0, 0.0, 0.0, 0.0, 0.0, 0.0, 0.0, 0.0, 0.0, 0.0, 0.0, 0.0, 0.0, 0.0, 0.0, 0.0, 0.0, 0.0, 0.0, 0.0, 0.0, 0.0, 0.0, 0.0, 0.0, 0.0, 0.0, 0.0, 0.0, 0.0, 0.0, 0.0, 0.0, 0.0, 0.0, 0.0, 0.0, 0.0, 0.0, 0.0, 0.0, 0.0, 0.0, 0.0, 0.0, 0.0, 0.0, 0.0, 0.0, 0.0, 0.0, 0.0, 0.0, 0.0, 0.0, 0.0, 0.0, 0.0, 0.0, 0.0, 0.0, 0.0, 0.0, 0.0, 0.0, 0.0, 0.0, 0.0, 0.0, 0.0], "tonal.chords_histogram": [32.379249572753906, 3.577817440032959, 23.43470573425293, 18.78354263305664, 4.114490032196045, 2.8622541427612305, 0.0, 1.2522361278533936, 0.0, 9.302325248718262, 0.7155635356903076, 0.0, 0.0, 1.6100178956985474, 0.0, 0.0, 0.0, 0.0, 0.0, 0.0, 0.0, 0.0, 1.9677996635437012, 0.0], "tonal.thpcp": [1.0, 0.7348824739456177, 0.13663698732852936, 0.06957794725894928, 0.0720767080783844, 0.11219199001789093, 0.5602021217346191, 0.5556063055992126, 0.2361193299293518, 0.6261181831359863, 0.517809271812439, 0.10241293907165527, 0.23736943304538727, 0.243900328874588, 0.12762731313705444, 0.39062362909317017, 0.37332189083099365, 0.07215873897075653, 0.030756035819649696, 0.03312091529369354, 0.062294673174619675, 0.48985978960990906, 0.6589885950088501, 0.248851478099823, 0.062470968812704086, 0.05122822895646095, 0.039069827646017075, 0.09394200146198273, 0.10884734243154526, 0.06290452182292938, 0.27053558826446533, 0.2973797619342804, 0.081542007625103, 0.047525614500045776, 0.059844356030225754, 0.4032282829284668], "lowlevel.gfcc.cov": [[15125.9423828125, -2025.6627197265625, 4146.20849609375, 4274.46728515625, 3112.93994140625, 2897.932861328125, 718.1752319335938, 2157.482177734375, -104.9186019897461, 627.5005493164062, -282.3567199707031, 512.3567504882812, -1372.61181640625], [-2025.6627197265625, 1438.3892822265625, -324.7919006347656, -519.7691650390625, -132.00714111328125, -454.0466003417969, -7.085116863250732, -407.8392028808594, 138.0360870361328, -196.89283752441406, 164.69073486328125, -160.17327880859375, 202.06520080566406], [4146.20849609375, -324.7919006347656, 3536.970458984375, 2210.76708984375, 1593.1143798828125, 1309.7227783203125, 278.48858642578125, 891.805419921875, 127.40914916992188, 383.9808349609375, -136.5743408203125, 209.78846740722656, -657.482421875], [4274.46728515625, -519.7691650390625, 2210.76708984375, 2056.586669921875, 1410.9664306640625, 1055.949951171875, 242.7903289794922, 786.2184448242188, 74.81212615966797, 248.74871826171875, -95.11238861083984, 199.1123046875, -519.9019165039062], [3112.93994140625, -132.00714111328125, 1593.1143798828125, 1410.9664306640625, 1310.0625, 891.671142578125, 295.59808349609375, 650.8690795898438, 76.25405883789062, 184.3745880126953, -57.713172912597656, 92.51191711425781, -435.18951416015625], [2897.932861328125, -454.0466003417969, 1309.7227783203125, 1055.949951171875, 891.671142578125, 921.8419189453125, 273.1518859863281, 566.8523559570312, 2.2103137969970703, 218.66744995117188, -76.4315185546875, 103.24602508544922, -384.15838623046875], [718.1752319335938, -7.085116863250732, 278.48858642578125, 242.7903289794922, 295.59808349609375, 273.1518859863281, 296.46051025390625, 217.8025665283203, 58.30835723876953, 41.66663360595703, -2.055004119873047, -10.685879707336426, -114.70628356933594], [2157.482177734375, -407.8392028808594, 891.805419921875, 786.2184448242188, 650.8690795898438, 566.8523559570312, 217.8025665283203, 563.3031005859375, 57.83161544799805, 143.18106079101562, -93.10675811767578, 58.31367874145508, -288.3297424316406], [-104.9186019897461, 138.0360870361328, 127.40914916992188, 74.81212615966797, 76.25405883789062, 2.2103137969970703, 58.30835723876953, 57.83161544799805, 148.98988342285156, 25.42759132385254, -1.8067643642425537, -38.06910705566406, -13.39742660522461], [627.5005493164062, -196.89283752441406, 383.9808349609375, 248.74871826171875, 184.3745880126953, 218.66744995117188, 41.66663360595703, 143.18106079101562, 25.42759132385254, 155.96311950683594, 0.6776308417320251, 48.06764221191406, -96.0614242553711], [-282.3567199707031, 164.69073486328125, -136.5743408203125, -95.11238861083984, -57.713172912597656, -76.4315185546875, -2.055004119873047, -93.10675811767578, -1.8067643642425537, 0.6776308417320251, 117.87741088867188, 28.265113830566406, 54.34659957885742], [512.3567504882812, -160.17327880859375, 209.78846740722656, 199.1123046875, 92.51191711425781, 103.24602508544922, -10.685879707336426, 58.31367874145508, -38.06910705566406, 48.06764221191406, 28.265113830566406, 128.0813751220703, -10.15042781829834], [-1372.61181640625, 202.06520080566406, -657.482421875, -519.9019165039062, -435.18951416015625, -384.15838623046875, -114.70628356933594, -288.3297424316406, -13.39742660522461, -96.0614242553711, 54.34659957885742, -10.15042781829834, 257.1822204589844]], "lowlevel.gfcc.icov": [[0.00027806239086203277, -0.0001206700544571504, 0.00022289584740065038, -0.000483307900140062, 0.00024932774249464273, -0.00048694026190787554, 0.00013846997171640396, -0.0004800918104592711, 0.00031668873270973563, 4.0095732401823625e-05, 3.117130108876154e-05, -0.00033037818502634764, 0.0004015851009171456], [-0.0001206700544571504, 0.0030740504153072834, -0.001131005003117025, 0.0017640568548813462, -0.0026648130733519793, 0.0010343935573473573, -0.00032705345074646175, 0.0022741886787116528, -0.002330823102965951, 0.0030307641718536615, -0.0033991944510489702, 0.002296140883117914, -0.0011254422133788466], [0.00022289584740065038, -0.001131005003117025, 0.001604015356861055, -0.0016556433402001858, 0.0009635933092795312, -0.0010771399829536676, 0.0003879187861457467, -0.0005436578649096191, 0.0002846136048901826, -0.0015857421094551682, 0.001703228335827589, -0.0014908612938597798, 0.001420822343789041], [-0.000483307900140062, 0.0017640568548813462, -0.0016556433402001858, 0.004957506433129311, -0.0037050144746899605, 0.0009963747579604387, 0.0006051685777492821, 0.001235443982295692, -0.002611967036500573, 0.002644140971824527, -0.0014661174500361085, -0.0009539435268379748, -0.00017875227786134928], [0.00024932774249464273, -0.0026648130733519793, 0.0009635933092795312, -0.0037050144746899605, 0.0070539433509111404, -0.0029157542157918215, 1.7374120943713933e-05, -0.0031713058706372976, 0.0015430350322276354, -0.0010534018510952592, 0.0007954433676786721, -0.0006167150568217039, 0.0019258387619629502], [-0.00048694026190787554, 0.0010343935573473573, -0.0010771399829536676, 0.0009963747579604387, -0.0029157542157918215, 0.008183450438082218, -0.003144037676975131, 0.00048081218847073615, 0.0022243265993893147, -0.0030412382911890745, 0.0006188198458403349, 0.00024074286920949817, 0.0011342773213982582], [0.00013846997171640396, -0.00032705345074646175, 0.0003879187861457467, 0.0006051685777492821, 1.7374120943713933e-05, -0.003144037676975131, 0.007167384028434753, -0.002737379167228937, -0.0020843360107392073, 0.002103311475366354, -0.002591385506093502, 0.0009849281050264835, -6.450193177442998e-05], [-0.0004800918104592711, 0.0022741886787116528, -0.0005436578649096191, 0.001235443982295692, -0.0031713058706372976, 0.00048081218847073615, -0.002737379167228937, 0.01050515752285719, -0.004205544479191303, 0.0007405060459859669, 0.002260366687551141, -0.001226335996761918, 0.002198415342718363], [0.00031668873270973563, -0.002330823102965951, 0.0002846136048901826, -0.002611967036500573, 0.0015430350322276354, 0.0022243265993893147, -0.0020843360107392073, -0.004205544479191303, 0.01373909879475832, -0.006397595163434744, 0.0015020344872027636, 0.004195556975901127, -0.002567712916061282], [4.0095732401823625e-05, 0.0030307641718536615, -0.0015857421094551682, 0.002644140971824527, -0.0010534018510952592, -0.0030412382911890745, 0.002103311475366354, 0.0007405060459859669, -0.006397595163434744, 0.01660100184381008, -0.006353128235787153, -0.0014260298339650035, 0.0017207538476213813], [3.117130108876154e-05, -0.0033991944510489702, 0.001703228335827589, -0.0014661174500361085, 0.0007954433676786721, 0.0006188198458403349, -0.002591385506093502, 0.002260366687551141, 0.0015020344872027636, -0.006353128235787153, 0.0179903581738472, -0.00822895485907793, 0.001455066492781043], [-0.00033037818502634764, 0.002296140883117914, -0.0014908612938597798, -0.0009539435268379748, -0.0006167150568217039, 0.00024074286920949817, 0.0009849281050264835, -0.001226335996761918, 0.004195556975901127, -0.0014260298339650035, -0.00822895485907793, 0.01972423866391182, -0.00872335210442543], [0.0004015851009171456, -0.0011254422133788466, 0.001420822343789041, -0.00017875227786134928, 0.0019258387619629502, 0.0011342773213982582, -6.450193177442998e-05, 0.002198415342718363, -0.002567712916061282, 0.0017207538476213813, 0.001455066492781043, -0.00872335210442543, 0.017432991415262222]], "lowlevel.mfcc.cov": [[12342.396484375, -2384.210693359375, 2121.635009765625, 2314.339599609375, 2987.562744140625, 1550.17822265625, 1936.73583984375, 1904.72314453125, 474.8096923828125, 1285.7135009765625, 688.025146484375, 520.96533203125, 226.37899780273438], [-2384.210693359375, 1514.951416015625, -398.4386291503906, -372.1344909667969, -440.781005859375, -234.34909057617188, -318.688232421875, -316.3414611816406, -151.32701110839844, -172.73764038085938, -108.42471313476562, -73.4017105102539, -54.82301712036133], [2121.635009765625, -398.4386291503906, 2170.263671875, 1190.201171875, 1391.8826904296875, 759.5210571289062, 603.0606079101562, 603.6803588867188, 164.44778442382812, 535.4569702148438, 350.0503234863281, 166.03366088867188, 78.83599090576172], [2314.339599609375, -372.1344909667969, 1190.201171875, 1225.4237060546875, 1225.3309326171875, 556.0828857421875, 515.3497314453125, 592.4985961914062, 145.3913116455078, 475.2560119628906, 231.60963439941406, 137.3599090576172, 88.36753845214844], [2987.562744140625, -440.781005859375, 1391.8826904296875, 1225.3309326171875, 1606.416748046875, 735.0498046875, 715.8687133789062, 727.3726196289062, 186.59646606445312, 613.8958740234375, 305.0851135253906, 192.8424072265625, 81.4387435913086], [1550.17822265625, -234.34909057617188, 759.5210571289062, 556.0828857421875, 735.0498046875, 528.648193359375, 436.7047119140625, 372.4546813964844, 105.8724136352539, 295.9925231933594, 203.59930419921875, 111.59666442871094, 48.28773880004883], [1936.73583984375, -318.688232421875, 603.0606079101562, 515.3497314453125, 715.8687133789062, 436.7047119140625, 600.4703369140625, 480.1206970214844, 142.69798278808594, 316.6891174316406, 219.22145080566406, 150.15908813476562, 53.28305435180664], [1904.72314453125, -316.3414611816406, 603.6803588867188, 592.4985961914062, 727.3726196289062, 372.4546813964844, 480.1206970214844, 535.278564453125, 170.67921447753906, 347.0230407714844, 196.92149353027344, 128.42214965820312, 49.19532775878906], [474.8096923828125, -151.32701110839844, 164.44778442382812, 145.3913116455078, 186.59646606445312, 105.8724136352539, 142.69798278808594, 170.67921447753906, 178.9326171875, 145.1542205810547, 97.38353729248047, 41.970947265625, 8.530600547790527], [1285.7135009765625, -172.73764038085938, 535.4569702148438, 475.2560119628906, 613.8958740234375, 295.9925231933594, 316.6891174316406, 347.0230407714844, 145.1542205810547, 389.33966064453125, 202.71484375, 100.18719482421875, 22.78007698059082], [688.025146484375, -108.42471313476562, 350.0503234863281, 231.60963439941406, 305.0851135253906, 203.59930419921875, 219.22145080566406, 196.92149353027344, 97.38353729248047, 202.71484375, 209.33737182617188, 90.43464660644531, 13.976031303405762], [520.96533203125, -73.4017105102539, 166.03366088867188, 137.3599090576172, 192.8424072265625, 111.59666442871094, 150.15908813476562, 128.42214965820312, 41.970947265625, 100.18719482421875, 90.43464660644531, 107.59696197509766, 38.087772369384766], [226.37899780273438, -54.82301712036133, 78.83599090576172, 88.36753845214844, 81.4387435913086, 48.28773880004883, 53.28305435180664, 49.19532775878906, 8.530600547790527, 22.78007698059082, 13.976031303405762, 38.087772369384766, 78.78746795654297]], "lowlevel.mfcc.icov": [[0.00028145709075033665, 0.0002810745791066438, 0.0001340251910733059, -2.5507637474220246e-05, -0.00014745930093340576, -0.00013385424972511828, -0.0002045001310762018, -0.0004909650306217372, 0.0003720993991009891, -0.00017721408221405, 0.0001073703751899302, -0.00015004881424829364, 2.5137873308267444e-05], [0.0002810745791066438, 0.0010734855895861983, 0.00015878073463682085, 3.460675725364126e-05, -8.996777614811435e-05, -0.00020632828818634152, 4.270566932973452e-05, -0.000303213601000607, 0.0008641519234515727, -0.00047785905189812183, 6.940071762073785e-05, -0.00029578281100839376, 0.0002968425105791539], [0.0001340251910733059, 0.00015878073463682085, 0.0013949525309726596, -0.0006042223540134728, -0.0006492466782219708, -0.00091879180399701, 0.00028785417089238763, 3.769145405385643e-05, 0.0001959499204531312, 0.00027987672365270555, -0.0009880713187158108, 0.00025016465224325657, -2.4525921617168933e-05], [-2.5507637474220246e-05, 3.460675725364126e-05, -0.0006042223540134728, 0.0043592145666480064, -0.0025159793440252542, 0.00011420658847782761, 0.0015131370164453983, -0.002222448354586959, 0.0005547321052290499, -1.4864259355817921e-05, -0.00024539808509871364, 0.0010999219957739115, -0.0018362245755270123], [-0.00014745930093340576, -8.996777614811435e-05, -0.0006492466782219708, -0.0025159793440252542, 0.005472734570503235, -0.0018924865871667862, -0.0010227903258055449, -0.00012343483103904873, 0.0007303644670173526, -0.003194293472915888, 0.0025963520165532827, -0.0012913094833493233, 0.001112582627683878], [-0.00013385424972511828, -0.00020632828818634152, -0.00091879180399701, 0.00011420658847782761, -0.0018924865871667862, 0.00820841919630766, -0.0034542777575552464, 0.0013788206269964576, -0.00012134687858633697, 0.0007930941646918654, -0.002513214945793152, 0.001656850567087531, -0.0011385303223505616], [-0.0002045001310762018, 4.270566932973452e-05, 0.00028785417089238763, 0.0015131370164453983, -0.0010227903258055449, -0.0034542777575552464, 0.009574341587722301, -0.0060524228028953075, 0.0005214690463617444, 0.0016035650623962283, -0.0017376040341332555, -0.002322262618690729, 2.134814167220611e-05], [-0.0004909650306217372, -0.000303213601000607, 3.769145405385643e-05, -0.002222448354586959, -0.00012343483103904873, 0.0013788206269964576, -0.0060524228028953075, 0.012979927472770214, -0.004066730849444866, -0.0023139710538089275, 0.00121592590585351, -0.0006299390224739909, 0.00012384199362713844], [0.0003720993991009891, 0.0008641519234515727, 0.0001959499204531312, 0.0005547321052290499, 0.0007303644670173526, -0.00012134687858633697, 0.0005214690463617444, -0.004066730849444866, 0.01062696985900402, -0.002793740713968873, -0.002018579514697194, 0.0009526778594590724, -0.0002253714919788763], [-0.00017721408221405, -0.00047785905189812183, 0.00027987672365270555, -1.4864259355817921e-05, -0.003194293472915888, 0.0007930941646918654, 0.0016035650623962283, -0.0023139710538089275, -0.002793740713968873, 0.011849557980895042, -0.006186113227158785, 0.0005125580937601626, 0.0008153432863764465], [0.0001073703751899302, 6.940071762073785e-05, -0.0009880713187158108, -0.00024539808509871364, 0.0025963520165532827, -0.002513214945793152, -0.0017376040341332555, 0.00121592590585351, -0.002018579514697194, -0.006186113227158785, 0.015638835728168488, -0.007396407891064882, 0.0030848009046167135], [-0.00015004881424829364, -0.00029578281100839376, 0.00025016465224325657, 0.0010999219957739115, -0.0012913094833493233, 0.001656850567087531, -0.002322262618690729, -0.0006299390224739909, 0.0009526778594590724, 0.0005125580937601626, -0.007396407891064882, 0.020807452499866486, -0.007973640225827694], [2.5137873308267444e-05, 0.0002968425105791539, -2.4525921617168933e-05, -0.0018362245755270123, 0.001112582627683878, -0.0011385303223505616, 2.134814167220611e-05, 0.00012384199362713844, -0.0002253714919788763, 0.0008153432863764465, 0.0030848009046167135, -0.007973640225827694, 0.01746284030377865]], "metadata.audio_properties.analysis.downmix": "mix", "metadata.audio_properties.codec": "mp3", "metadata.audio_properties.md5_encoded": "4428a3151e954ffafd06027a11b895f4", "metadata.tags.file_name": "1183697815935918140.mp3", "metadata.version.essentia": "2.1-beta6-dev", "metadata.version.essentia_git_sha": "v2.1_beta5-1110-g77a6a954", "metadata.version.extractor": "music 2.0", "tonal.chords_key": "D", "tonal.chords_scale": "minor", "tonal.key_edma.key": "D", "tonal.key_edma.scale": "minor", "tonal.key_krumhansl.key": "D", "tonal.key_krumhansl.scale": "minor", "tonal.key_temperley.key": "D", "tonal.key_temperley.scale": "minor", "metadata.tags.encoding": ["Lavf58.45.100"]}, "essentia_models": [{"model_name": "genre_dortmund", "activations": {"alternative": "0.08613904", "blues": "0.029501265", "electronic": "0.19370413", "folkcountry": "0.024522185", "funksoulrnb": "0.03054172", "jazz": "0.15702635", "pop": "0.02177382", "raphiphop": "0.37771544", "rock": "0.082195535"}}, {"model_nam