{"song_id": "1183705829992562708", "download": "https://cdn.discordapp.com/attachments/1128313332273782784/1183705829992562708/chirp.mp4?ex=65894ef6&amp", "lyrics": "\u041e\u043e\u043e\u043e, \u0441\u0435\u0440\u0434\u0446\u0435 \u0442\u0440\u0435\u0432\u043e\u0433\u043e\u0439 \u043e\u043a\u0443\u0442\u0430\u043b \u043f\u0435\u0440\u0435\u0441\u0442\u0440\u043e\u0439 2024 \u0433\u043e\u0434\u0430\n\u041e\u043e\u043e\u043e, \u0437\u0430\u0436\u0433\u043b\u0438 \u0432 \u0434\u0443\u0448\u0435 \u0442\u043e\u0441\u043a\u0443 \u0438 \u0441\u0432\u0435\u0442 \u044d\u043a\u0441\u0431\u043e\u043e\n\u041e\u043e\u043e\u043e, \u0441\u0442\u0430\u043b\u043a\u0440\u0430\u0444\u0442 \u0433\u043e\u0440\u044c\u043a\u043e\u0439 \u0441\u043b\u0430\u0434\u043e\u0441\u0442\u044c\u044e \u043e\u0432\u0435\u044f\u043b\n\n[verse]\nOh sweet Schanson, melodies divine\nYou fill my heart with love, like aged wine\nYour stories woven through each note you sing\nIn your embrace, my soul takes flight, I'm free\n\n[chorus]\nSchanson, Schanson, let your voice ring true\nThrough ups and downs, I'll always turn to you\nSchanson, Schanson, take me on a journey\nIn your timeless songs, my troubles find sanctuary", "style": ["Rap"], "essentia_features": {"lowlevel.average_loudness": 0.9372972846031189, "lowlevel.barkbands_crest.mean": 11.652722358703613, "lowlevel.barkbands_crest.stdev": 4.713030815124512, "lowlevel.barkbands_flatness_db.mean": 0.18274018168449402, "lowlevel.barkbands_flatness_db.stdev": 0.07457330077886581, "lowlevel.barkbands_kurtosis.mean": 16.90704917907715, "lowlevel.barkbands_kurtosis.stdev": 48.098697662353516, "lowlevel.barkbands_skewness.mean": 2.399078369140625, "lowlevel.barkbands_skewness.stdev": 2.5072555541992188, "lowlevel.barkbands_spread.mean": 17.315998077392578, "lowlevel.barkbands_spread.stdev": 19.411937713623047, "lowlevel.dissonance.mean": 0.43513667583465576, "lowlevel.dissonance.stdev": 0.05641716718673706, "lowlevel.dynamic_complexity": 6.167603969573975, "lowlevel.erbbands_crest.mean": 11.093603134155273, "lowlevel.erbbands_crest.stdev": 5.067180156707764, "lowlevel.erbbands_flatness_db.mean": 0.17824389040470123, "lowlevel.erbbands_flatness_db.stdev": 0.08226325362920761, "lowlevel.erbbands_kurtosis.mean": 2.78436279296875, "lowlevel.erbbands_kurtosis.stdev": 4.791600704193115, "lowlevel.erbbands_skewness.mean": 0.9014323949813843, "lowlevel.erbbands_skewness.stdev": 1.0609049797058105, "lowlevel.erbbands_spread.mean": 42.13834762573242, "lowlevel.erbbands_spread.stdev": 34.15841293334961, "lowlevel.hfc.mean": 16.28630256652832, "lowlevel.hfc.stdev": 18.47635269165039, "lowlevel.loudness_ebu128.integrated": -18.60504913330078, "lowlevel.loudness_ebu128.loudness_range": 4.968193054199219, "lowlevel.loudness_ebu128.momentary.mean": -19.92286491394043, "lowlevel.loudness_ebu128.momentary.stdev": 4.579072952270508, "lowlevel.loudness_ebu128.short_term.mean": -19.017534255981445, "lowlevel.loudness_ebu128.short_term.stdev": 1.7440515756607056, "lowlevel.melbands_crest.mean": 16.654193878173828, "lowlevel.melbands_crest.stdev": 7.031468868255615, "lowlevel.melbands_flatness_db.mean": 0.2582606375217438, "lowlevel.melbands_flatness_db.stdev": 0.08845522999763489, "lowlevel.melbands_kurtosis.mean": 40.074745178222656, "lowlevel.melbands_kurtosis.stdev": 102.40995788574219, "lowlevel.melbands_skewness.mean": 3.413592576980591, "lowlevel.melbands_skewness.stdev": 3.530433416366577, "lowlevel.melbands_spread.mean": 15.94727611541748, "lowlevel.melbands_spread.stdev": 22.123878479003906, "lowlevel.pitch_salience.mean": 0.5268513560295105, "lowlevel.pitch_salience.stdev": 0.1550821214914322, "lowlevel.silence_rate_20dB.mean": 1.0, "lowlevel.silence_rate_20dB.stdev": 0.0, "lowlevel.silence_rate_30dB.mean": 0.917728841304779, "lowlevel.silence_rate_30dB.stdev": 0.2747761011123657, "lowlevel.silence_rate_60dB.mean": 0.29142525792121887, "lowlevel.silence_rate_60dB.stdev": 0.4544195830821991, "lowlevel.spectral_centroid.mean": 988.8059692382812, "lowlevel.spectral_centroid.stdev": 736.7255249023438, "lowlevel.spectral_complexity.mean": 8.983198165893555, "lowlevel.spectral_complexity.stdev": 6.007162094116211, "lowlevel.spectral_decrease.mean": -8.597673684107576e-09, "lowlevel.spectral_decrease.stdev": 1.4848740015338535e-08, "lowlevel.spectral_energy.mean": 0.033926818519830704, "lowlevel.spectral_energy.stdev": 0.05698364973068237, "lowlevel.spectral_energyband_high.mean": 0.0006679109064862132, "lowlevel.spectral_energyband_high.stdev": 0.0012959834421053529, "lowlevel.spectral_energyband_low.mean": 0.01768546923995018, "lowlevel.spectral_energyband_low.stdev": 0.051767993718385696, "lowlevel.spectral_energyband_middle_high.mean": 0.0039156521670520306, "lowlevel.spectral_energyband_middle_high.stdev": 0.008197680115699768, "lowlevel.spectral_energyband_middle_low.mean": 0.01311007235199213, "lowlevel.spectral_energyband_middle_low.stdev": 0.02048313431441784, "lowlevel.spectral_entropy.mean": 7.278922080993652, "lowlevel.spectral_entropy.stdev": 0.7322620749473572, "lowlevel.spectral_flux.mean": 0.10240843147039413, "lowlevel.spectral_flux.stdev": 0.11317764967679977, "lowlevel.spectral_kurtosis.mean": 7.192419052124023, "lowlevel.spectral_kurtosis.stdev": 8.956052780151367, "lowlevel.spectral_rms.mean": 0.004464474506676197, "lowlevel.spectral_rms.stdev": 0.0036287480033934116, "lowlevel.spectral_rolloff.mean": 1362.76025390625, "lowlevel.spectral_rolloff.stdev": 2117.646484375, "lowlevel.spectral_skewness.mean": 1.8931490182876587, "lowlevel.spectral_skewness.stdev": 1.0473918914794922, "lowlevel.spectral_spread.mean": 5169978.0, "lowlevel.spectral_spread.stdev": 2523443.5, "lowlevel.spectral_strongpeak.mean": 1.0107494592666626, "lowlevel.spectral_strongpeak.stdev": 1.3312791585922241, "lowlevel.zerocrossingrate.mean": 0.0590432733297348, "lowlevel.zerocrossingrate.stdev": 0.05461046099662781, "metadata.audio_properties.analysis.equal_loudness": 0.0, "metadata.audio_properties.analysis.length": 40.04265213012695, "metadata.audio_properties.analysis.sample_rate": 44100.0, "metadata.audio_properties.analysis.start_time": 0.0, "metadata.audio_properties.bit_rate": 120747.0, "metadata.audio_properties.length": 40.042667388916016, "metadata.audio_properties.lossless": 0.0, "metadata.audio_properties.number_channels": 1.0, "metadata.audio_properties.replay_gain": -8.365987777709961, "metadata.audio_properties.sample_rate": 48000.0, "rhythm.beats_count": 81.0, "rhythm.beats_loudness.mean": 0.07899568974971771, "rhythm.beats_loudness.stdev": 0.03287307173013687, "rhythm.bpm": 122.87237548828125, "rhythm.bpm_histogram_first_peak_bpm": 123.0, "rhythm.bpm_histogram_first_peak_weight": 0.5, "rhythm.bpm_histogram_second_peak_bpm": 117.0, "rhythm.bpm_histogram_second_peak_spread": 0.0, "rhythm.bpm_histogram_second_peak_weight": 0.08749999850988388, "rhythm.danceability": 1.1813106536865234, "rhythm.onset_rate": 4.044497489929199, "tonal.chords_changes_rate": 0.06481481343507767, "tonal.chords_number_rate": 0.009259259328246117, "tonal.chords_strength.mean": 0.49978557229042053, "tonal.chords_strength.stdev": 0.07120036333799362, "tonal.hpcp_crest.mean": 13.951529502868652, "tonal.hpcp_crest.stdev": 6.0701518058776855, "tonal.hpcp_entropy.mean": 1.9175196886062622, "tonal.hpcp_entropy.stdev": 0.71993488073349, "tonal.key_edma.strength": 0.7253424525260925, "tonal.key_krumhansl.strength": 0.7381746768951416, "tonal.key_temperley.strength": 0.7586002945899963, "tonal.tuning_diatonic_strength": 0.656711220741272, "tonal.tuning_equal_tempered_deviation": 0.21026083827018738, "tonal.tuning_frequency": 434.193115234375, "tonal.tuning_nontempered_energy_ratio": 0.9693058729171753, "lowlevel.barkbands.mean": [0.0005951116909272969, 0.010801175609230995, 0.004924496170133352, 0.0032176936510950327, 0.001919579692184925, 0.0014727353118360043, 0.0032428756821900606, 0.0010832545813173056, 0.001994568621739745, 0.0009907648200169206, 0.0006568680400960147, 0.0014106116723269224, 0.0004217428795527667, 0.00011754762817872688, 0.00013667030725628138, 7.098353671608493e-05, 4.875902595813386e-05, 4.4755262933904305e-05, 7.023134094197303e-05, 8.108656038530171e-05, 0.00011504808935569599, 0.00014582434960175306, 0.00010242654389003292, 0.00010131404269486666, 8.56359038152732e-05, 5.9727284678956494e-05, 1.5364124919869937e-05], "lowlevel.barkbands.stdev": [0.0016251992201432586, 0.03359173238277435, 0.019683513790369034, 0.010607427917420864, 0.004693983588367701, 0.004248902201652527, 0.007992507889866829, 0.0029030321165919304, 0.005497639998793602, 0.0031527855899184942, 0.002179404953494668, 0.004490758292376995, 0.0016536378534510732, 0.0005127881886437535, 0.0006645958637818694, 0.0002514931547921151, 0.00010675485100364313, 0.0001049630664056167, 0.00013665377628058195, 0.00018347904551774263, 0.00021735781047027558, 0.00028500217013061047, 0.0002331003051949665, 0.00033105385955423117, 0.00024410823243670166, 0.00012900038564112037, 3.970211764681153e-05], "lowlevel.erbbands.mean": [0.29257410764694214, 2.4472155570983887, 5.986593246459961, 8.017664909362793, 9.958480834960938, 5.632072448730469, 4.872184753417969, 15.08296012878418, 38.2939567565918, 43.35200881958008, 21.78200340270996, 52.544986724853516, 26.84923553466797, 42.78528594970703, 26.577842712402344, 61.09748458862305, 22.61617660522461, 9.627613067626953, 6.121242523193359, 5.62507963180542, 4.111639022827148, 2.668558359146118, 2.3310468196868896, 3.24898362159729, 3.667397975921631, 3.715771198272705, 4.179017543792725, 5.111908435821533, 5.405556678771973, 3.9556591510772705, 2.6651439666748047, 2.046651840209961, 1.7755725383758545, 1.1597429513931274, 0.495760977268219, 0.19967041909694672, 0.12387751787900925, 0.039944082498550415, 0.001413556863553822, 6.608418334508315e-05], "lowlevel.erbbands.stdev": [0.8075197339057922, 8.697464942932129, 23.897897720336914, 21.920503616333008, 31.78265380859375, 12.779754638671875, 11.819385528564453, 46.79051971435547, 94.07945251464844, 96.20545959472656, 54.727508544921875, 148.55703735351562, 72.13006591796875, 130.7496337890625, 76.6192855834961, 200.10623168945312, 75.75623321533203, 41.390174865722656, 21.91521644592285, 26.699665069580078, 13.741974830627441, 5.692734241485596, 5.166285037994385, 7.285677909851074, 6.868465900421143, 8.609696388244629, 8.126551628112793, 9.82111930847168, 10.578869819641113, 8.116708755493164, 6.363434314727783, 6.0555806159973145, 6.0796918869018555, 3.665595531463623, 1.280818223953247, 0.47958600521087646, 0.28407829999923706, 0.09119716286659241, 0.003517385106533766, 9.712298196973279e-05], "lowlevel.gfcc.mean": [-74.86812591552734, 90.15091705322266, -92.16038513183594, 14.640226364135742, -73.65772247314453, 6.979938983917236, -31.873624801635742, -1.397054672241211, -21.113431930541992, 8.612224578857422, -17.344364166259766, 0.2456316202878952, -17.614980697631836], "lowlevel.melbands.mean": [0.0028198917862027884, 0.003160824067890644, 0.0015247379196807742, 0.000531533791217953, 0.0001776756689650938, 0.00032940207165665925, 0.0006416022661142051, 0.0004283858579583466, 0.0001763092150213197, 0.0003344747528899461, 0.00012420659186318517, 0.00017392050358466804, 7.66095909057185e-05, 0.00017063843552023172, 8.306027302751318e-05, 4.133922266191803e-05, 1.4447507965087425e-05, 8.627889656054322e-06, 1.077240813174285e-05, 5.272701855574269e-06, 4.658969828597037e-06, 2.9205855298641836e-06, 2.0100285382795846e-06, 2.159874611606938e-06, 2.6762925244838698e-06, 2.6004468054452445e-06, 2.7123535346618155e-06, 2.3770892312313663e-06, 2.5388201265741372e-06, 2.6572897695587017e-06, 3.1613501505489694e-06, 3.2636141895636683e-06, 2.487843630660791e-06, 2.0861386929027503e-06, 1.5426609252244816e-06, 1.3677188235305948e-06, 1.1963625183852855e-06, 1.2705964991255314e-06, 1.1243587323406246e-06, 9.327640100309509e-07], "lowlevel.melbands.stdev": [0.008061866275966167, 0.011788571253418922, 0.004206215031445026, 0.0013654489303007722, 0.00040351366624236107, 0.0009774906793609262, 0.0015595891745761037, 0.0009450176730751991, 0.0004886760143563151, 0.0009595639421604574, 0.0003662447852548212, 0.0005423945258371532, 0.00023369370319414884, 0.0005486425361596048, 0.00027509164647199214, 0.00017255381681025028, 6.900817970745265e-05, 2.968520493595861e-05, 6.159111944725737e-05, 2.230848986073397e-05, 1.4673173609480727e-05, 6.546537861140678e-06, 4.390366029838333e-06, 5.319632691680454e-06, 6.241658411454409e-06, 5.057134785602102e-06, 5.750605396315223e-06, 5.796741788799409e-06, 5.277204763842747e-06, 5.082684310764307e-06, 6.333092642307747e-06, 6.4957712311297655e-06, 5.099710506328847e-06, 4.471838565223152e-06, 3.7837985473743174e-06, 3.6886187899654033e-06, 3.799600563070271e-06, 4.429740329214837e-06, 3.821873633569339e-06, 2.9223558613011846e-06], "lowlevel.melbands128.mean": [0.0005541942664422095, 0.0022148757707327604, 0.0036334472242742777, 0.004248748999089003, 0.003471602452918887, 0.002203188603743911, 0.001518161385320127, 0.0017263347981497645, 0.0009569489629939198, 0.0004217524256091565, 0.0002924092405010015, 0.00016126026457641274, 0.00013402245531324297, 0.00019401771714910865, 0.0003310850588604808, 0.0004090328002348542, 0.00042459851829335093, 0.0007462173234671354, 0.0008975680684670806, 0.0004159265954513103, 0.000281527143670246, 0.0001301334850722924, 0.00015948267537169158, 0.00019024671928491443, 0.0004114171024411917, 0.0004148786829318851, 0.0001198410100187175, 8.801496005617082e-05, 0.00010703734733397141, 0.00018681013898458332, 0.00022143806563690305, 0.00011187855852767825, 4.388459637993947e-05, 6.343972927425057e-05, 0.00011096565867774189, 0.0002568355412222445, 0.00019287037139292806, 4.402314516482875e-05, 4.080812868778594e-05, 5.318311013979837e-05, 4.3629253923427314e-05, 2.2835713025415316e-05, 1.3767574273515493e-05, 1.0887055395869538e-05, 6.732534529874101e-06, 7.69354392105015e-06, 1.0648878742358647e-05, 1.4627345080953091e-05, 9.250788934878074e-06, 4.924514996673679e-06, 4.549751793092582e-06, 5.8828213695960585e-06, 4.6607306103396695e-06, 4.51470305051771e-06, 3.80903384211706e-06, 2.741611751844175e-06, 2.200531298512942e-06, 1.930397274918505e-06, 1.9808592242043233e-06, 2.0691916233772645e-06, 2.0124266484344844e-06, 2.2754413748771185e-06, 2.846368943210109e-06, 2.7848554964293726e-06, 2.425595994282048e-06, 2.5891590667015407e-06, 2.70024406745506e-06, 2.670409685379127e-06, 2.765264525805833e-06, 2.820774852807517e-06, 2.03059971681796e-06, 2.3281904759642202e-06, 2.7563255571294576e-06, 2.4403934730798937e-06, 2.460875748511171e-06, 2.8312165341048967e-06, 2.626285777296289e-06, 2.5365873170812847e-06, 3.4463998872524826e-06, 3.438655539866886e-06, 3.606254040278145e-06, 3.1273257263819687e-06, 2.6284471914550522e-06, 2.5220658699254273e-06, 2.2162016648508143e-06, 2.246607436973136e-06, 2.0491065697569866e-06, 1.7606863593755406e-06, 1.5349626210081624e-06, 1.3215227454566048e-06, 1.469985591029399e-06, 1.3801214890918345e-06, 1.2078388635927695e-06, 1.157214455815847e-06, 1.2145482060077484e-06, 1.243095880454348e-06, 1.3074596836304408e-06, 1.2801963293895824e-06, 1.1039689979952527e-06, 1.0462279078637948e-06, 1.085968278857763e-06, 8.825488748698262e-07, 8.223897793868673e-07, 7.087086828505562e-07, 5.828094344906276e-07, 3.9702524645690573e-07, 3.350635608967423e-07, 2.854514207228931e-07, 2.7325231144459394e-07, 4.3405779592831095e-07, 3.3890754025378556e-07, 4.1088330249294813e-07, 3.8070859886829567e-07, 4.50699531029386e-07, 4.0181686244977755e-07, 3.4074056998179003e-07, 3.9676044139014266e-07, 2.4572710799475317e-07, 3.4570803109090775e-08, 7.593311396325575e-11, 6.854614098550371e-11, 2.0863425570505356e-11, 4.684272067456696e-12, 4.5814129399912584e-12, 4.4432604297262035e-12, 4.2642738298792615e-12, 4.159624901467485e-12, 4.12602504246129e-12], "lowlevel.melbands128.stdev": [0.0015363004058599472, 0.006471848115324974, 0.011623148806393147, 0.016264615580439568, 0.014450812712311745, 0.008484835736453533, 0.004194826819002628, 0.006141671910881996, 0.0032385303638875484, 0.001090054982341826, 0.0007529976428486407, 0.00047875125892460346, 0.00036785504198633134, 0.0006613878067582846, 0.0014031565515324473, 0.0013268566690385342, 0.0013130251318216324, 0.0023585199378430843, 0.0025850676465779543, 0.0011180216679349542, 0.0009230762952938676, 0.00043740347609855235, 0.0006914545083418489, 0.0007723333546891809, 0.0014085507718846202, 0.001447203103452921, 0.0006105018546804786, 0.0003668083227239549, 0.00057927833404392, 0.0007714728708378971, 0.0008392496965825558, 0.0004730240034405142, 0.0002293227444170043, 0.00032799900509417057, 0.0005212657852098346, 0.0009892028756439686, 0.0008120214333757758, 0.0002794133615680039, 0.0002107609761878848, 0.00026975208311341703, 0.00025622130488045514, 0.0001859633339336142, 9.444982424611226e-05, 4.258055196260102e-05, 2.678237979125697e-05, 3.0040222554816864e-05, 5.824290565215051e-05, 0.00011624912440311164, 7.196022488642484e-05, 2.393547401879914e-05, 2.1081075828988105e-05, 3.111279511358589e-05, 2.077044700854458e-05, 1.4231553905119654e-05, 9.953539120033383e-06, 7.284308594535105e-06, 5.733565558330156e-06, 4.9012542149284855e-06, 4.604823971021688e-06, 5.454194251797162e-06, 5.360933755582664e-06, 6.935094006621512e-06, 7.588098014821298e-06, 7.251936040120199e-06, 5.826260803587502e-06, 5.9472349676070735e-06, 5.637100912281312e-06, 5.859536031493917e-06, 6.5972062657237984e-06, 8.045700269576628e-06, 5.899863026570529e-06, 5.96817335463129e-06, 6.78913193041808e-06, 5.438969310489483e-06, 5.255034011497628e-06, 5.877620878891321e-06, 5.572921509156004e-06, 5.427442829386564e-06, 7.781753993185703e-06, 7.4956428761652205e-06, 7.620277756359428e-06, 6.776584996259771e-06, 5.779994808108313e-06, 5.53018253413029e-06, 4.878823801846011e-06, 4.919616912957281e-06, 5.020658591092797e-06, 4.436133167473599e-06, 4.135028120799689e-06, 3.5416421724221436e-06, 4.109491328563308e-06, 3.933858351956587e-06, 3.6624801396101248e-06, 4.008621999673778e-06, 4.284814622224076e-06, 4.262008587829769e-06, 5.056875579612097e-06, 4.7367075239890255e-06, 3.946059678128222e-06, 3.658027935671271e-06, 3.857344836433185e-06, 2.779766873572953e-06, 2.5658421236585127e-06, 2.1035275494796224e-06, 1.5513325024585356e-06, 1.0201941904597334e-06, 9.967507139663212e-07, 8.376352411687549e-07, 8.383528893318726e-07, 1.2744559398925048e-06, 8.303175036417088e-07, 1.101350790122524e-06, 1.018667376229132e-06, 1.2380628504615743e-06, 1.0551229934208095e-06, 8.247813525485981e-07, 9.998301493396866e-07, 7.766774388073827e-07, 1.3997886583183572e-07, 1.7632535431744145e-09, 2.202100946036012e-09, 6.207877545350016e-10, 1.0045338692810102e-11, 9.862925580417237e-12, 9.717536671172144e-12, 9.599970124396506e-12, 9.514925305986743e-12, 9.462803804427544e-12], "lowlevel.mfcc.mean": [-727.1048583984375, 129.7965545654297, 24.086929321289062, 13.454005241394043, -15.2766752243042, 7.490809917449951, -7.557717323303223, -5.3539347648620605, -3.3985402584075928, -3.432478904724121, 3.422032594680786, 2.4056801795959473, 2.619577646255493], "lowlevel.spectral_contrast_coeffs.mean": [-0.6797150373458862, -0.7103497385978699, -0.7694036364555359, -0.8159460425376892, -0.8307744264602661, -0.755163311958313], "lowlevel.spectral_contrast_coeffs.stdev": [0.09713298827409744, 0.09008000791072845, 0.09195191413164139, 0.05932949483394623, 0.03920869156718254, 0.041117701679468155], "lowlevel.spectral_contrast_valleys.mean": [-7.595873832702637, -7.179251670837402, -8.126007080078125, -8.621345520019531, -8.609082221984863, -11.019529342651367], "lowlevel.spectral_contrast_valleys.stdev": [1.2449666261672974, 1.2571887969970703, 1.2285770177841187, 1.1468825340270996, 1.2930446863174438, 1.582009196281433], "rhythm.beats_loudness_band_ratio.mean": [0.7708466649055481, 0.052573610097169876, 0.10509222745895386, 0.040930647403001785, 0.008109589107334614, 0.041432835161685944], "rhythm.beats_loudness_band_ratio.stdev": [0.21958041191101074, 0.06448373198509216, 0.1456146240234375, 0.07864927500486374, 0.010957981459796429, 0.03555584326386452], "tonal.hpcp.mean": [0.07059098035097122, 0.08415766805410385, 0.08853334188461304, 0.20723064243793488, 0.2396613210439682, 0.09510713815689087, 0.04753970727324486, 0.047759316861629486, 0.04729669541120529, 0.21061664819717407, 0.24526824057102203, 0.07837563753128052, 0.03024252876639366, 0.03147547319531441, 0.04247189313173294, 0.09444986283779144, 0.11269640177488327, 0.06863495707511902, 0.0535358265042305, 0.0561903715133667, 0.05867924913764, 0.08608204126358032, 0.13770832121372223, 0.19078275561332703, 0.2588273286819458, 0.22704963386058807, 0.11515068262815475, 0.06477805972099304, 0.0490352138876915, 0.06589124351739883, 0.23421554267406464, 0.2505941689014435, 0.08143290877342224, 0.046425528824329376, 0.046371784061193466, 0.05365685746073723], "tonal.hpcp.stdev": [0.18352004885673523, 0.21090950071811676, 0.20724818110466003, 0.27922096848487854, 0.32313162088394165, 0.18333061039447784, 0.13632400333881378, 0.15065233409404755, 0.1359916478395462, 0.3183000087738037, 0.3691399395465851, 0.14124895632266998, 0.11507794260978699, 0.11571536958217621, 0.13705694675445557, 0.19224485754966736, 0.22471371293067932, 0.1618746519088745, 0.15909554064273834, 0.16123723983764648, 0.1770554929971695, 0.20679153501987457, 0.27437177300453186, 0.32370099425315857, 0.32313382625579834, 0.3041878044605255, 0.23126226663589478, 0.1886928677558899, 0.15557461977005005, 0.1635023057460785, 0.30448585748672485, 0.32558852434158325, 0.16302470862865448, 0.15821532905101776, 0.15470530092716217, 0.1663702428340912], "rhythm.beats_position": [0.5108389854431152, 1.0216779708862305, 1.5325169563293457, 2.0317459106445312, 2.530975103378296, 3.0302040576934814, 3.529433012008667, 4.017052173614502, 4.527891159057617, 5.038730144500732, 5.537959098815918, 6.0371880531311035, 6.536417007446289, 7.035645961761475, 7.523265361785889, 8.034104347229004, 8.544942855834961, 9.032562255859375, 9.531790733337402, 10.031020164489746, 10.51863956451416, 11.017868041992188, 11.517097473144531, 12.027935981750488, 12.527165412902832, 13.02639389038086, 13.525623321533203, 14.024852752685547, 14.512471199035645, 15.000090599060059, 15.499319076538086, 15.99854850769043, 16.486167907714844, 16.985397338867188, 17.47301483154297, 17.972244262695312, 18.459863662719727, 18.94748306274414, 19.435102462768555, 19.922719955444336, 20.41033935546875, 20.897958755493164, 21.385578155517578, 21.873197555541992, 22.360815048217773, 22.848434448242188, 23.3360538482666, 23.823673248291016, 24.31129264831543, 24.798912048339844, 25.263309478759766, 25.75092887878418, 26.238548278808594, 26.726167678833008, 27.213787078857422, 27.689794540405273, 28.165803909301758, 28.641813278198242, 29.117822647094727, 29.60544204711914, 30.081451416015625, 30.557458877563477, 31.03346824645996, 31.509477615356445, 31.99709701538086, 32.46149444580078, 32.937503814697266, 33.41351318359375, 33.9011344909668, 34.37714385986328, 34.8531494140625, 35.34077072143555, 35.80516815185547, 36.292789459228516, 36.7804069519043, 37.268028259277344, 37.74403381347656, 38.22004318237305, 38.707664489746094, 39.195281982421875, 39.67129135131836], "rhythm.bpm_histogram": [0.0, 0.0, 0.0, 0.0, 0.0, 0.0, 0.0, 0.0, 0.0, 0.0, 0.0, 0.0, 0.0, 0.0, 0.0, 0.0, 0.0, 0.0, 0.0, 0.0, 0.0, 0.0, 0.0, 0.0, 0.0, 0.0, 0.0, 0.0, 0.0, 0.0, 0.0, 0.0, 0.0, 0.0, 0.0, 0.0, 0.0, 0.0, 0.0, 0.0, 0.0, 0.0, 0.0, 0.0, 0.0, 0.0, 0.0, 0.0, 0.0, 0.0, 0.0, 0.0, 0.0, 0.0, 0.0, 0.0, 0.0, 0.0, 0.0, 0.0, 0.0, 0.0, 0.0, 0.0, 0.0, 0.0, 0.0, 0.0, 0.0, 0.0, 0.0, 0.0, 0.0, 0.0, 0.0, 0.0, 0.0, 0.0, 0.0, 0.0, 0.0, 0.0, 0.0, 0.0, 0.0, 0.0, 0.0, 0.0, 0.0, 0.0, 0.0, 0.0, 0.0, 0.0, 0.0, 0.0, 0.0, 0.0, 0.0, 0.0, 0.0, 0.0, 0.0, 0.0, 0.0, 0.0, 0.0, 0.0, 0.0, 0.0, 0.0, 0.0, 0.0, 0.0, 0.0, 0.0, 0.0, 0.08749999850988388, 0.0, 0.0, 0.25, 0.0, 0.0, 0.4375, 0.0, 0.0, 0.1875, 0.0, 0.0, 0.03750000149011612, 0.0, 0.0, 0.0, 0.0, 0.0, 0.0, 0.0, 0.0, 0.0, 0.0, 0.0, 0.0, 0.0, 0.0, 0.0, 0.0, 0.0, 0.0, 0.0, 0.0, 0.0, 0.0, 0.0, 0.0, 0.0, 0.0, 0.0, 0.0, 0.0, 0.0, 0.0, 0.0, 0.0, 0.0, 0.0, 0.0, 0.0, 0.0, 0.0, 0.0, 0.0, 0.0, 0.0, 0.0, 0.0, 0.0, 0.0, 0.0, 0.0, 0.0, 0.0, 0.0, 0.0, 0.0, 0.0, 0.0, 0.0, 0.0, 0.0, 0.0, 0.0, 0.0, 0.0, 0.0, 0.0, 0.0, 0.0, 0.0, 0.0, 0.0, 0.0, 0.0, 0.0, 0.0, 0.0, 0.0, 0.0, 0.0, 0.0, 0.0, 0.0, 0.0, 0.0, 0.0, 0.0, 0.0, 0.0, 0.0, 0.0, 0.0, 0.0, 0.0, 0.0, 0.0, 0.0, 0.0, 0.0, 0.0, 0.0, 0.0, 0.0, 0.0, 0.0, 0.0, 0.0, 0.0, 0.0, 0.0, 0.0, 0.0, 0.0, 0.0, 0.0, 0.0, 0.0, 0.0, 0.0, 0.0, 0.0, 0.0], "tonal.chords_histogram": [20.717592239379883, 0.0, 20.370370864868164, 0.0, 7.407407283782959, 0.0, 0.0, 0.0, 0.0, 0.0, 0.0, 0.0, 0.0, 0.0, 0.0, 0.9259259104728699, 0.0, 10.648148536682129, 0.0, 0.8101851940155029, 3.819444417953491, 7.754629611968994, 18.865739822387695, 8.68055534362793], "tonal.thpcp": [1.0, 0.877224326133728, 0.44489383697509766, 0.250275194644928, 0.1894514560699463, 0.25457605719566345, 0.9049103856086731, 0.9681905508041382, 0.31462252140045166, 0.1793687343597412, 0.17916108667850494, 0.20730754733085632, 0.2727338671684265, 0.32514986395835876, 0.34205561876296997, 0.8006520867347717, 0.9259505867958069, 0.36745399236679077, 0.1836734414100647, 0.18452192842960358, 0.18273454904556274, 0.8137341737747192, 0.9476133584976196, 0.30281051993370056, 0.11684441566467285, 0.12160799652338028, 0.16409353911876678, 0.36491456627845764, 0.4354115128517151, 0.2651766240596771, 0.2068399339914322, 0.2170959711074829, 0.2267119586467743, 0.33258482813835144, 0.5320470929145813, 0.7371043562889099], "lowlevel.gfcc.cov": [[14723.6201171875, -1981.4188232421875, 585.4055786132812, -293.7065124511719, -481.4440612792969, -178.81260681152344, -8.770965576171875, 223.03631591796875, -403.12115478515625, 231.67442321777344, -268.8743591308594, 239.89501953125, -445.64453125], [-1981.4188232421875, 2791.04052734375, -717.1092529296875, -669.6160278320312, 170.48110961914062, -196.556884765625, 253.07127380371094, -158.6632080078125, 353.65771484375, -125.51361083984375, 312.6031799316406, -185.68414306640625, 319.5433654785156], [585.4055786132812, -717.1092529296875, 1248.794189453125, 658.1114501953125, 372.7617492675781, 205.12112426757812, 27.964860916137695, 226.27001953125, 146.05661010742188, 220.34715270996094, -53.83649826049805, 164.23934936523438, -74.09313201904297], [-293.7065124511719, -669.6160278320312, 658.1114501953125, 1176.725341796875, 471.29443359375, 227.83816528320312, -22.173763275146484, 218.39932250976562, 97.04985809326172, 90.28372955322266, -47.34929275512695, 30.80326271057129, -49.34355545043945], [-481.4440612792969, 170.48110961914062, 372.7617492675781, 471.29443359375, 593.1630859375, 145.3384552001953, 168.1587371826172, 136.68223571777344, 165.3142547607422, 65.86951446533203, 41.39735412597656, 25.41486167907715, 14.275848388671875], [-178.81260681152344, -196.556884765625, 205.12112426757812, 227.83816528320312, 145.3384552001953, 308.7979431152344, 181.6588592529297, 156.084228515625, 4.316787242889404, 46.30381393432617, 61.00448226928711, 44.29765319824219, 23.940235137939453], [-8.770965576171875, 253.07127380371094, 27.964860916137695, -22.173763275146484, 168.1587371826172, 181.6588592529297, 455.0610046386719, 158.834228515625, 5.743211269378662, -25.275541305541992, 102.15948486328125, 36.797203063964844, 28.542776107788086], [223.03631591796875, -158.6632080078125, 226.27001953125, 218.39932250976562, 136.68223571777344, 156.084228515625, 158.834228515625, 222.32974243164062, 49.114681243896484, 51.97467803955078, 36.6736946105957, 56.87556457519531, 13.982621192932129], [-403.12115478515625, 353.65771484375, 146.05661010742188, 97.04985809326172, 165.3142547607422, 4.316787242889404, 5.743211269378662, 49.114681243896484, 243.3648681640625, 97.39054107666016, 69.42967224121094, 7.802382946014404, 77.4508056640625], [231.67442321777344, -125.51361083984375, 220.34715270996094, 90.28372955322266, 65.86951446533203, 46.30381393432617, -25.275541305541992, 51.97467803955078, 97.39054107666016, 160.91001892089844, 30.048965454101562, 56.046905517578125, -4.438044548034668], [-268.8743591308594, 312.6031799316406, -53.83649826049805, -47.34929275512695, 41.39735412597656, 61.00448226928711, 102.15948486328125, 36.6736946105957, 69.42967224121094, 30.048965454101562, 161.60276794433594, 25.766746520996094, 71.84143829345703], [239.89501953125, -185.68414306640625, 164.23934936523438, 30.80326271057129, 25.41486167907715, 44.29765319824219, 36.797203063964844, 56.87556457519531, 7.802382946014404, 56.046905517578125, 25.766746520996094, 113.40400695800781, 3.6203153133392334], [-445.64453125, 319.5433654785156, -74.09313201904297, -49.34355545043945, 14.275848388671875, 23.940235137939453, 28.542776107788086, 13.982621192932129, 77.4508056640625, -4.438044548034668, 71.84143829345703, 3.6203153133392334, 129.4864959716797]], "lowlevel.gfcc.icov": [[9.23847546800971e-05, 2.609952207421884e-05, -3.2998384995153174e-05, 5.3177591325948015e-05, 3.483720502117649e-05, 0.0001849172404035926, -4.565455310512334e-05, -0.00021168316015973687, 0.0001642509741941467, -0.00020240081357769668, 1.0946139809675515e-05, 3.412803835090017e-06, 0.00013847136870026588], [2.609952207421884e-05, 0.0014776550233364105, 7.436344458255917e-05, 0.0006883948808535933, -0.0007698205299675465, 0.0009200506028719246, -0.0007348908693529665, 0.0006302345427684486, -0.001513407682068646, 0.0008697108132764697, -0.0015653470763936639, 0.001882679294794798, -0.001492229988798499], [-3.2998384995153174e-05, 7.436344458255917e-05, 0.0019877415616065264, -0.0005143759772181511, -0.00034844703623093665, -0.0005653576226904988, 2.114961353072431e-05, -0.00014178604760672897, -0.0010820610914379358, -0.0008259693277068436, 0.001217803917825222, -0.002003811066970229, 0.000797175569459796], [5.3177591325948015e-05, 0.0006883948808535933, -0.0005143759772181511, 0.0024681291542947292, -0.0017256458522751927, -0.0004045658861286938, 0.0011659559095278382, -0.0013992378953844309, -0.00037896481808274984, 0.0010367112699896097, -0.0007824969943612814, 0.0016508335247635841, -6.025368929840624e-05], [3.483720502117649e-05, -0.0007698205299675465, -0.00034844703623093665, -0.0017256458522751927, 0.004361939616501331, -0.0006660770741291344, -0.001423638197593391, 0.0006652958691120148, -0.0017695536371320486, 8.454532508039847e-05, 0.0010431201662868261, -0.0011568018235266209, 0.0015618152683600783], [0.0001849172404035926, 0.0009200506028719246, -0.0005653576226904988, -0.0004045658861286938, -0.0006660770741291344, 0.008215717040002346, -0.0023549296893179417, -0.0023627551272511482, 0.0030991658568382263, -0.002715830458328128, -0.0024003637954592705, 0.0027184486389160156, -0.0034740774426609278], [-4.565455310512334e-05, -0.0007348908693529665, 2.114961353072431e-05, 0.0011659559095278382, -0.001423638197593391, -0.0023549296893179417, 0.005805658176541328, -0.003589574946090579, 0.000941018108278513, 0.002354782773181796, -0.0015368545427918434, -0.0012488092761486769, 0.0022184974513947964], [-0.00021168316015973687, 0.0006302345427684486, -0.00014178604760672897, -0.0013992378953844309, 0.0006652958691120148, -0.0023627551272511482, -0.003589574946090579, 0.011565702967345715, -0.0029756601434201, 0.00015626629465259612, 0.0005030558095313609, -0.0017377485055476427, -0.0014376393519341946], [0.0001642509741941467, -0.001513407682068646, -0.0010820610914379358, -0.00037896481808274984, -0.0017695536371320486, 0.0030991658568382263, 0.000941018108278513, -0.0029756601434201, 0.01419117022305727, -0.008341345004737377, -0.0005269336397759616, 0.002652121940627694, -0.0052835093811154366], [-0.00020240081357769668, 0.0008697108132764697, -0.0008259693277068436, 0.0010367112699896097, 8.454532508039847e-05, -0.002715830458328128, 0.002354782773181796, 0.00015626629465259612, -0.008341345004737377, 0.01587669737637043, -0.003288751235231757, -0.0037028086371719837, 0.004498077090829611], [1.0946139809675515e-05, -0.0015653470763936639, 0.001217803917825222, -0.0007824969943612814, 0.0010431201662868261, -0.0024003637954592705, -0.0015368545427918434, 0.0005030558095313609, -0.0005269336397759616, -0.003288751235231757, 0.01345210149884224, -0.004511033184826374, -0.0022224027197808027], [3.412803835090017e-06, 0.001882679294794798, -0.002003811066970229, 0.0016508335247635841, -0.0011568018235266209, 0.0027184486389160156, -0.0012488092761486769, -0.0017377485055476427, 0.002652121940627694, -0.0037028086371719837, -0.004511033184826374, 0.017645930871367455, -0.0047677368856966496], [0.00013847136870026588, -0.001492229988798499, 0.000797175569459796, -6.025368929840624e-05, 0.0015618152683600783, -0.0034740774426609278, 0.0022184974513947964, -0.0014376393519341946, -0.0052835093811154366, 0.004498077090829611, -0.0022224027197808027, -0.0047677368856966496, 0.01713215932250023]], "lowlevel.mfcc.cov": [[13170.7861328125, -1423.8782958984375, 271.512451171875, -166.29806518554688, -518.7772216796875, -368.4400634765625, 70.12596130371094, -80.8330307006836, -116.08272552490234, -110.84510803222656, -70.95902252197266, -24.910123825073242, 59.18413543701172], [-1423.8782958984375, 2688.82666015625, -672.9622192382812, -478.67523193359375, -310.9357604980469, -111.5251235961914, -112.99917602539062, -70.67534637451172, 14.63482666015625, 5.517995834350586, 43.762535095214844, 11.152880668640137, 92.8741455078125], [271.512451171875, -672.9622192382812, 795.0905151367188, 312.1175842285156, 302.8946838378906, 124.4876937866211, 35.672882080078125, 53.40125274658203, 120.36602020263672, 81.00397491455078, 44.472999572753906, 105.2799072265625, 56.23960876464844], [-166.29806518554688, -478.67523193359375, 312.1175842285156, 753.8834228515625, 493.577392578125, 193.71315002441406, 68.05406188964844, 125.64895629882812, 141.06292724609375, 131.1825408935547, 70.55941009521484, 57.32727813720703, 26.240957260131836], [-518.7772216796875, -310.9357604980469, 302.8946838378906, 493.577392578125, 589.4733276367188, 194.621337890625, -8.341320037841797, 43.666748046875, 124.18466186523438, 125.35416412353516, 70.00994873046875, 66.13372802734375, 29.691457748413086], [-368.4400634765625, -111.5251235961914, 124.4876937866211, 193.71315002441406, 194.621337890625, 204.83885192871094, 113.79409790039062, 79.84623718261719, 71.34239959716797, 71.91574096679688, 57.153076171875, 50.86552047729492, 22.880643844604492], [70.12596130371094, -112.99917602539062, 35.672882080078125, 68.05406188964844, -8.341320037841797, 113.79409790039062, 395.64044189453125, 251.0354766845703, 74.96625518798828, 46.504859924316406, 62.86994934082031, 47.906497955322266, 32.06034469604492], [-80.8330307006836, -70.67534637451172, 53.40125274658203, 125.64895629882812, 43.666748046875, 79.84623718261719, 251.0354766845703, 251.5702362060547, 100.79983520507812, 50.83344268798828, 47.934329986572266, 40.73648452758789, 34.035213470458984], [-116.08272552490234, 14.63482666015625, 120.36602020263672, 141.06292724609375, 124.18466186523438, 71.34239959716797, 74.96625518798828, 100.79983520507812, 161.86790466308594, 89.48841857910156, 40.677490234375, 38.45585250854492, 43.176116943359375], [-110.84510803222656, 5.517995834350586, 81.00397491455078, 131.1825408935547, 125.35416412353516, 71.91574096679688, 46.504859924316406, 50.83344268798828, 89.48841857910156, 117.40885162353516, 66.34065246582031, 43.16104507446289, 30.641929626464844], [-70.95902252197266, 43.762535095214844, 44.472999572753906, 70.55941009521484, 70.00994873046875, 57.153076171875, 62.86994934082031, 47.934329986572266, 40.677490234375, 66.34065246582031, 104.6671142578125, 62.13986587524414, 35.6048469543457], [-24.910123825073242, 11.152880668640137, 105.2799072265625, 57.32727813720703, 66.13372802734375, 50.86552047729492, 47.906497955322266, 40.73648452758789, 38.45585250854492, 43.16104507446289, 62.13986587524414, 101.72640991210938, 55.99431610107422], [59.18413543701172, 92.8741455078125, 56.23960876464844, 26.240957260131836, 29.691457748413086, 22.880643844604492, 32.06034469604492, 34.035213470458984, 43.176116943359375, 30.641929626464844, 35.6048469543457, 55.99431610107422, 92.0649642944336]], "lowlevel.mfcc.icov": [[9.458376007387415e-05, 6.292918260442093e-05, -1.9206147044315003e-05, -5.7594308600528166e-05, 0.00011426339915487915, 0.00021043328160885721, -0.00012037654960295185, 0.00015877986152190715, -3.0359533411683515e-05, -3.024699071829673e-05, -2.8316202588030137e-05, 2.3484102712245658e-05, -0.00018109292432200164], [6.292918260442093e-05, 0.0006536281434819102, 0.0005496233934536576, 0.0002708743850234896, 0.00010363468027208, 3.33882198901847e-05, 0.0002551510406192392, 0.00010521706280997023, -0.000591398507822305, -3.6106295738136396e-05, -0.0003241700178477913, -0.00016485371452290565, -0.0007672510691918433], [-1.9206147044315003e-05, 0.0005496233934536576, 0.002374249277636409, -5.4188269132282585e-05, -0.0004753867688123137, -0.000146162070450373, 0.00010251037747366354, 0.0004822530900128186, -0.0014453795738518238, 0.00035408433177508414, 0.0006327900337055326, -0.0021243374794721603, -0.00039405227289535105], [-5.7594308600528166e-05, 0.0002708743850234896, -5.4188269132282585e-05, 0.00357964844442904, -0.002443993929773569, -0.0005690732505172491, 0.0007809157250449061, -0.0018498708959668875, 0.00010929955897154287, -0.000834785052575171, -9.644981764722615e-05, 0.0006057301070541143, 1.3613550436275546e-05], [0.00011426339915487915, 0.00010363468027208, -0.0004753867688123137, -0.002443993929773569, 0.005327973514795303, -0.002341704908758402, 0.001235336298123002, 0.0005779782659374177, -0.0007418158347718418, -0.00097338279010728, -0.00029914130573160946, -0.0003652303130365908, 3.850532812066376e-05], [0.00021043328160885721, 3.33882198901847e-05, -0.000146162070450373, -0.0005690732505172491, -0.002341704908758402, 0.010553590953350067, -0.0037601725198328495, 0.001937501598149538, -0.0005335651803761721, -0.0012653365265578032, -0.0005618149298243225, -0.0014900292735546827, 0.000602931366302073], [-0.00012037654960295185, 0.0002551510406192392, 0.00010251037747366354, 0.0007809157250449061, 0.001235336298123002, -0.0037601725198328495, 0.00916512031108141, -0.008882236666977406, 0.001668464159592986, -0.0003589764528442174, -0.0014680396998301148, 0.0001431958662578836, -1.942586459335871e-05], [0.00015877986152190715, 0.00010521706280997023, 0.0004822530900128186, -0.0018498708959668875, 0.0005779782659374177, 0.001937501598149538, -0.008882236666977406, 0.01534158457070589, -0.006307678762823343, 0.002451076405122876, -0.0004737187991850078, -0.0009126255754381418, -0.00034131831489503384], [-3.0359533411683515e-05, -0.000591398507822305, -0.0014453795738518238, 0.00010929955897154287, -0.0007418158347718418, -0.0005335651803761721, 0.001668464159592986, -0.006307678762823343, 0.016325123608112335, -0.01025274395942688, 0.0036929654888808727, 0.001577437506057322, -0.0030406697187572718], [-3.024699071829673e-05, -3.6106295738136396e-05, 0.00035408433177508414, -0.000834785052575171, -0.00097338279010728, -0.0012653365265578032, -0.0003589764528442174, 0.002451076405122876, -0.01025274395942688, 0.023519808426499367, -0.010661371983587742, 0.0005966940079815686, 0.0006651905714534223], [-2.8316202588030137e-05, -0.0003241700178477913, 0.0006327900337055326, -9.644981764722615e-05, -0.00029914130573160946, -0.0005618149298243225, -0.0014680396998301148, -0.0004737187991850078, 0.0036929654888808727, -0.010661371983587742, 0.022078802809119225, -0.009583252482116222, 1.5032675946713425e-05], [2.3484102712245658e-05, -0.00016485371452290565, -0.0021243374794721603, 0.0006057301070541143, -0.0003652303130365908, -0.0014900292735546827, 0.0001431958662578836, -0.0009126255754381418, 0.001577437506057322, 0.0005966940079815686, -0.009583252482116222, 0.02306506410241127, -0.009208588860929012], [-0.0001810929243