{"song_id": "1183718261372747776", "download": "https://cdn.discordapp.com/attachments/1135903449314238464/1183718261372747776/chirp.mp4?ex=65895a89&amp", "lyrics": "[Verse]\nKate, oh Kate, you light up my days\nWith your smile that never fades away\nYour kindness and grace, brighter than the sun\nIn my heart, you are the only one\n[Chorus]\nKate is the sweetest thing in my life\nHer love makes everything feel right\nWith her by my side, I'll never fall\nKate, forever you have my all", "style": ["Phonk"], "essentia_features": {"lowlevel.average_loudness": 0.875252366065979, "lowlevel.barkbands_crest.mean": 13.988064765930176, "lowlevel.barkbands_crest.stdev": 4.660654544830322, "lowlevel.barkbands_flatness_db.mean": 0.26121440529823303, "lowlevel.barkbands_flatness_db.stdev": 0.09897866100072861, "lowlevel.barkbands_kurtosis.mean": 37.48038864135742, "lowlevel.barkbands_kurtosis.stdev": 65.87125396728516, "lowlevel.barkbands_skewness.mean": 3.67112398147583, "lowlevel.barkbands_skewness.stdev": 3.525519609451294, "lowlevel.barkbands_spread.mean": 14.086236953735352, "lowlevel.barkbands_spread.stdev": 13.654210090637207, "lowlevel.dissonance.mean": 0.4395732581615448, "lowlevel.dissonance.stdev": 0.039481841027736664, "lowlevel.dynamic_complexity": 3.68320894241333, "lowlevel.erbbands_crest.mean": 11.33497142791748, "lowlevel.erbbands_crest.stdev": 4.5757269859313965, "lowlevel.erbbands_flatness_db.mean": 0.2028108686208725, "lowlevel.erbbands_flatness_db.stdev": 0.07553302496671677, "lowlevel.erbbands_kurtosis.mean": 0.9061500430107117, "lowlevel.erbbands_kurtosis.stdev": 2.7021820545196533, "lowlevel.erbbands_skewness.mean": 0.2646491527557373, "lowlevel.erbbands_skewness.stdev": 0.9768365621566772, "lowlevel.erbbands_spread.mean": 39.98776626586914, "lowlevel.erbbands_spread.stdev": 25.358476638793945, "lowlevel.hfc.mean": 18.76400375366211, "lowlevel.hfc.stdev": 21.0570125579834, "lowlevel.loudness_ebu128.integrated": -15.13546085357666, "lowlevel.loudness_ebu128.loudness_range": 5.686434745788574, "lowlevel.loudness_ebu128.momentary.mean": -16.42680549621582, "lowlevel.loudness_ebu128.momentary.stdev": 3.911677837371826, "lowlevel.loudness_ebu128.short_term.mean": -15.781966209411621, "lowlevel.loudness_ebu128.short_term.stdev": 2.2379400730133057, "lowlevel.melbands_crest.mean": 25.060178756713867, "lowlevel.melbands_crest.stdev": 10.294326782226562, "lowlevel.melbands_flatness_db.mean": 0.3124154508113861, "lowlevel.melbands_flatness_db.stdev": 0.13384568691253662, "lowlevel.melbands_kurtosis.mean": 106.3969955444336, "lowlevel.melbands_kurtosis.stdev": 179.65345764160156, "lowlevel.melbands_skewness.mean": 6.241820335388184, "lowlevel.melbands_skewness.stdev": 6.046665191650391, "lowlevel.melbands_spread.mean": 16.15518569946289, "lowlevel.melbands_spread.stdev": 21.601322174072266, "lowlevel.pitch_salience.mean": 0.38698911666870117, "lowlevel.pitch_salience.stdev": 0.206638365983963, "lowlevel.silence_rate_20dB.mean": 0.9907038807868958, "lowlevel.silence_rate_20dB.stdev": 0.09596835821866989, "lowlevel.silence_rate_30dB.mean": 0.8911022543907166, "lowlevel.silence_rate_30dB.stdev": 0.31150805950164795, "lowlevel.silence_rate_60dB.mean": 0.12483400106430054, "lowlevel.silence_rate_60dB.stdev": 0.33053043484687805, "lowlevel.spectral_centroid.mean": 1390.023193359375, "lowlevel.spectral_centroid.stdev": 833.0176391601562, "lowlevel.spectral_complexity.mean": 11.05710506439209, "lowlevel.spectral_complexity.stdev": 9.126355171203613, "lowlevel.spectral_decrease.mean": -1.6046238116018685e-08, "lowlevel.spectral_decrease.stdev": 1.8398177203948762e-08, "lowlevel.spectral_energy.mean": 0.062264181673526764, "lowlevel.spectral_energy.stdev": 0.06997358798980713, "lowlevel.spectral_energyband_high.mean": 0.0009015388786792755, "lowlevel.spectral_energyband_high.stdev": 0.001826284104026854, "lowlevel.spectral_energyband_low.mean": 0.049571692943573, "lowlevel.spectral_energyband_low.stdev": 0.06736651062965393, "lowlevel.spectral_energyband_middle_high.mean": 0.004405455198138952, "lowlevel.spectral_energyband_middle_high.stdev": 0.006412457674741745, "lowlevel.spectral_energyband_middle_low.mean": 0.007234635297209024, "lowlevel.spectral_energyband_middle_low.stdev": 0.016556505113840103, "lowlevel.spectral_entropy.mean": 7.27637243270874, "lowlevel.spectral_entropy.stdev": 0.6181858777999878, "lowlevel.spectral_flux.mean": 0.08786661922931671, "lowlevel.spectral_flux.stdev": 0.10656239837408066, "lowlevel.spectral_kurtosis.mean": 5.75494909286499, "lowlevel.spectral_kurtosis.stdev": 5.707545757293701, "lowlevel.spectral_rms.mean": 0.006724929437041283, "lowlevel.spectral_rms.stdev": 0.003939648158848286, "lowlevel.spectral_rolloff.mean": 1209.3740234375, "lowlevel.spectral_rolloff.stdev": 1975.8697509765625, "lowlevel.spectral_skewness.mean": 1.6375774145126343, "lowlevel.spectral_skewness.stdev": 0.6439496278762817, "lowlevel.spectral_spread.mean": 4781530.0, "lowlevel.spectral_spread.stdev": 2340389.75, "lowlevel.spectral_strongpeak.mean": 0.9646086096763611, "lowlevel.spectral_strongpeak.stdev": 1.2082147598266602, "lowlevel.zerocrossingrate.mean": 0.04467416927218437, "lowlevel.zerocrossingrate.stdev": 0.055418360978364944, "metadata.audio_properties.analysis.equal_loudness": 0.0, "metadata.audio_properties.analysis.length": 34.943992614746094, "metadata.audio_properties.analysis.sample_rate": 44100.0, "metadata.audio_properties.analysis.start_time": 0.0, "metadata.audio_properties.bit_rate": 122784.0, "metadata.audio_properties.length": 34.944000244140625, "metadata.audio_properties.lossless": 0.0, "metadata.audio_properties.number_channels": 1.0, "metadata.audio_properties.replay_gain": -11.340936660766602, "metadata.audio_properties.sample_rate": 48000.0, "rhythm.beats_count": 75.0, "rhythm.beats_loudness.mean": 0.07642729580402374, "rhythm.beats_loudness.stdev": 0.08882047981023788, "rhythm.bpm": 123.58744812011719, "rhythm.bpm_histogram_first_peak_bpm": 123.0, "rhythm.bpm_histogram_first_peak_weight": 0.3333333730697632, "rhythm.bpm_histogram_second_peak_bpm": 152.0, "rhythm.bpm_histogram_second_peak_spread": 0.27272725105285645, "rhythm.bpm_histogram_second_peak_weight": 0.10810811072587967, "rhythm.danceability": 1.3266124725341797, "rhythm.onset_rate": 5.034664630889893, "tonal.chords_changes_rate": 0.05305039882659912, "tonal.chords_number_rate": 0.00663129985332489, "tonal.chords_strength.mean": 0.4595552682876587, "tonal.chords_strength.stdev": 0.09428611397743225, "tonal.hpcp_crest.mean": 15.752008438110352, "tonal.hpcp_crest.stdev": 6.523594379425049, "tonal.hpcp_entropy.mean": 1.6276909112930298, "tonal.hpcp_entropy.stdev": 0.6307255625724792, "tonal.key_edma.strength": 0.66278475522995, "tonal.key_krumhansl.strength": 0.6562327146530151, "tonal.key_temperley.strength": 0.6407026648521423, "tonal.tuning_diatonic_strength": 0.6044241189956665, "tonal.tuning_equal_tempered_deviation": 0.22482645511627197, "tonal.tuning_frequency": 434.193115234375, "tonal.tuning_nontempered_energy_ratio": 0.9773931503295898, "lowlevel.barkbands.mean": [0.012520325370132923, 0.03322303295135498, 0.004211047198623419, 0.0014626187039539218, 0.0008729951805435121, 0.0007788235670886934, 0.000996464747004211, 0.001583188190124929, 0.0010430420516058803, 0.0008319708867929876, 0.00043620780343189836, 0.0007449491531588137, 0.0006293901242315769, 0.0004706646432168782, 0.0006064356421120465, 0.0002352142328163609, 0.00023417887859977782, 0.0002520445850677788, 0.0001095632542273961, 0.00026401435025036335, 0.00010184410348301753, 0.0001134168851422146, 0.0002856377395801246, 0.00017264073539990932, 5.754157973569818e-05, 2.6481968234293163e-05, 3.678183588817774e-07], "lowlevel.barkbands.stdev": [0.01491271797567606, 0.052174631506204605, 0.020521214231848717, 0.00912401545792818, 0.0045312982983887196, 0.002320151077583432, 0.002440778072923422, 0.003871375462040305, 0.002687176689505577, 0.00211459887214005, 0.0014362840447574854, 0.0020581174176186323, 0.001822122372686863, 0.0013349984074011445, 0.0013786924537271261, 0.0006011237273924053, 0.00049601960927248, 0.0005709290853701532, 0.00040035194251686335, 0.0004825136566068977, 0.0003950287646148354, 0.00033991108648478985, 0.0007093062740750611, 0.0003655351174529642, 0.0001486118126194924, 7.197126979008317e-05, 1.9406700175750302e-06], "lowlevel.erbbands.mean": [1.878122091293335, 3.85087513923645, 5.054815292358398, 5.358840465545654, 3.797825336456299, 2.70021390914917, 2.2182674407958984, 7.406511306762695, 17.39990234375, 9.229016304016113, 46.698062896728516, 31.503402709960938, 26.026399612426758, 17.719371795654297, 20.779991149902344, 32.290496826171875, 33.28219985961914, 29.393831253051758, 24.566295623779297, 26.103832244873047, 15.609926223754883, 12.453774452209473, 14.64468002319336, 7.203916072845459, 6.939238548278809, 13.368496894836426, 6.281176567077637, 3.245053291320801, 3.9603278636932373, 6.105506896972656, 7.965679168701172, 5.327175140380859, 1.941209077835083, 0.8022271990776062, 0.32919591665267944, 0.15009336173534393, 0.044319335371255875, 0.004118361044675112, 0.0001188798196380958, 7.472251309081912e-05], "lowlevel.erbbands.stdev": [2.5742385387420654, 9.144002914428711, 20.76694679260254, 30.24888801574707, 21.58247947692871, 13.574614524841309, 10.659465789794922, 22.17469024658203, 39.57563781738281, 17.55706024169922, 104.96749114990234, 72.87770080566406, 65.65455627441406, 54.10084533691406, 50.871490478515625, 84.16854095458984, 93.32748413085938, 79.38732147216797, 65.08731079101562, 59.190650939941406, 36.769962310791016, 27.67446517944336, 30.718677520751953, 22.13107681274414, 19.714019775390625, 24.337512969970703, 18.984621047973633, 13.00255298614502, 12.746435165405273, 14.617344856262207, 19.95553970336914, 11.425419807434082, 4.5635294914245605, 2.0121986865997314, 0.9446467161178589, 0.39212894439697266, 0.12484831362962723, 0.014053852297365665, 0.0002821291272994131, 7.740033470327035e-05], "lowlevel.gfcc.mean": [-68.14338684082031, 78.7581787109375, -128.8109893798828, 15.692336082458496, -59.224456787109375, 15.892550468444824, -32.30370330810547, 16.6148681640625, -9.896651268005371, -0.10182290524244308, -4.835129737854004, 0.6914473176002502, -9.831022262573242], "lowlevel.melbands.mean": [0.013042837381362915, 0.0032104761339724064, 0.0008775640744715929, 0.00022318387345876545, 8.166532643372193e-05, 0.00017349168774671853, 0.00025494664441794157, 0.00011690906103467569, 0.00038831873098388314, 0.0001606167061254382, 0.00012391754717100412, 6.956845754757524e-05, 7.004707731539384e-05, 8.775784954195842e-05, 6.925013440195471e-05, 5.98806218476966e-05, 5.508797403308563e-05, 3.4306111047044396e-05, 3.490034941933118e-05, 2.7010280973627232e-05, 1.6610116290394217e-05, 1.2329126548138447e-05, 1.4687976545246784e-05, 1.119464559451444e-05, 5.088114903628593e-06, 4.346884907135973e-06, 6.495115940197138e-06, 9.640397365728859e-06, 4.400631041789893e-06, 2.384332447036286e-06, 1.6648150449327659e-06, 2.0407196643645875e-06, 2.5029864900716348e-06, 4.092898507224163e-06, 4.567913947539637e-06, 4.524068572209217e-06, 2.903385166064254e-06, 1.484641984461632e-06, 8.274164997601474e-07, 6.113895096859778e-07], "lowlevel.melbands.stdev": [0.018000947311520576, 0.009753604419529438, 0.004845025017857552, 0.0011915479553863406, 0.00039419488166458905, 0.0004913094453513622, 0.0005861709942109883, 0.00021352939074859023, 0.0007961085648275912, 0.0003952692204620689, 0.00032659253338351846, 0.00023460015654563904, 0.0002027503796853125, 0.0002490627230145037, 0.00016927254910115153, 0.00017637071141507477, 0.0001656521635595709, 9.647072874940932e-05, 7.55298970034346e-05, 5.971725477138534e-05, 3.959585228585638e-05, 2.8297783501329832e-05, 3.353535430505872e-05, 2.511939783289563e-05, 1.7739981558406726e-05, 1.574723319208715e-05, 1.4123212167760357e-05, 1.7669526641839184e-05, 1.276708280784078e-05, 1.0458957149239723e-05, 6.964618478377815e-06, 7.344577625190141e-06, 6.728044354531448e-06, 1.0327416930522304e-05, 1.1948794053751044e-05, 1.1492254088807385e-05, 6.169098014652263e-06, 3.5535003917175345e-06, 2.18711284105666e-06, 1.5581435945932753e-06], "lowlevel.melbands128.mean": [0.01119978353381157, 0.019642388448119164, 0.011430219747126102, 0.005018710624426603, 0.0028157043270766735, 0.0019538479391485453, 0.0011483978014439344, 0.0006118574528954923, 0.0003549946122802794, 0.00021278114581946284, 0.00013936718460172415, 8.301255729747936e-05, 6.0792761360062286e-05, 8.331589197041467e-05, 0.00011449289740994573, 0.00027424312429502606, 0.00029878824716433883, 0.00030434364452958107, 0.00012672279262915254, 6.012242374708876e-05, 5.154213067726232e-05, 0.00041278492426499724, 0.0005011838511563838, 0.00025933992583304644, 0.0002854385238606483, 3.0990686354925856e-05, 9.181434870697558e-05, 0.00020591112843248993, 6.0312268033158034e-05, 8.817981142783538e-05, 3.9085804019123316e-05, 9.546516957925633e-05, 8.627733768662438e-05, 2.987303196277935e-05, 8.718124445294961e-05, 0.00011185988842044026, 9.448823402635753e-05, 2.7889838747796603e-05, 8.657044963911176e-05, 0.00010244979057461023, 3.357103560119867e-05, 2.8568591005750932e-05, 8.89039074536413e-05, 4.6251265302998945e-05, 1.1019691555702593e-05, 4.0909242670750245e-05, 5.828099892823957e-05, 8.835181688482407e-06, 4.3155108869541436e-05, 5.128778866492212e-05, 7.952279702294618e-06, 2.6640245778253302e-05, 1.7618298443267122e-05, 1.1945644473598804e-05, 1.6659902030369267e-05, 9.355060683446936e-06, 1.1919749340449926e-05, 1.4271432519308291e-05, 1.71772699104622e-05, 1.361071554129012e-05, 1.2499304830271285e-05, 7.276801625266671e-06, 6.1801160882168915e-06, 4.060167157149408e-06, 4.196781446808018e-06, 4.199044269626029e-06, 4.498034286370967e-06, 4.927394002152141e-06, 5.343173143046442e-06, 1.1787444236688316e-05, 9.774884347280022e-06, 9.593863978807349e-06, 5.513218184205471e-06, 3.657302613646607e-06, 2.670251205927343e-06, 2.8364145236992044e-06, 2.049226850431296e-06, 1.5557121741949231e-06, 1.6945017478064983e-06, 1.5911552964098519e-06, 1.8715446685746429e-06, 2.1274954633554444e-06, 2.733951760092168e-06, 2.5213830667780712e-06, 2.381864987910376e-06, 2.6372272259322926e-06, 5.091204457130516e-06, 6.327651590254391e-06, 3.236809789086692e-06, 3.9593551264260896e-06, 6.820649559813319e-06, 3.5800374007521896e-06, 3.3624680781940697e-06, 2.9920531687821494e-06, 2.6720883852249244e-06, 1.8485246755517437e-06, 1.2337267207840341e-06, 8.953455790106091e-07, 8.650109180052823e-07, 7.845870300116076e-07, 6.852966976111929e-07, 5.947597969679919e-07, 4.90910395001265e-07, 4.07650617262334e-07, 3.2163219998437853e-07, 3.298521846772928e-07, 3.289514722837339e-07, 2.839805119947414e-07, 2.7677847924678645e-07, 2.2230283036606124e-07, 1.8939547885565844e-07, 1.3472634918798576e-07, 1.7225391957254033e-07, 1.0275814332771915e-07, 6.594859058850489e-08, 3.746171373109064e-08, 1.4086907640376012e-08, 6.530049834196916e-10, 8.036469406613733e-11, 4.2536422301120425e-11, 1.9108816959323427e-11, 1.3209170736383502e-11, 8.945463293719147e-12, 8.787530599019266e-12, 8.623515096450873e-12, 8.451767931350052e-12, 8.34475804428747e-12, 8.293545537829683e-12], "lowlevel.melbands128.stdev": [0.01304940227419138, 0.025762395933270454, 0.022296344861388206, 0.0138939768075943, 0.01093854196369648, 0.00993958581238985, 0.006775689776986837, 0.0038201967254281044, 0.0020355081651359797, 0.0011073541827499866, 0.000702770717907697, 0.0004172161570750177, 0.00033039820846170187, 0.00042625010246410966, 0.000549366173800081, 0.0007049115956760943, 0.0006300280801951885, 0.001025706296786666, 0.0003784256987273693, 0.00022835974232293665, 0.0001829526445362717, 0.0010502415243536234, 0.0012685394613072276, 0.0007024607621133327, 0.0008631756063550711, 0.00012473308015614748, 0.00028483293135650456, 0.0006159498007036746, 0.00019023590721189976, 0.00046825286699458957, 0.00017488287994638085, 0.0003633602464105934, 0.0003020938311237842, 0.00011590744543354958, 0.00036056918906979263, 0.0003530804824549705, 0.00029021414229646325, 0.00012197576143080369, 0.0003201575600542128, 0.0003786958404816687, 0.00014016892237123102, 0.0001051498984452337, 0.00033504742896184325, 0.00013816334831062704, 4.612989869201556e-05, 0.00014126929454505444, 0.00019405229249969125, 4.2636787839001045e-05, 0.00011306864325888455, 0.00014831568114459515, 2.484742071828805e-05, 8.3183913375251e-05, 6.947459041839465e-05, 2.8376596674206667e-05, 3.5419776395428926e-05, 3.378462133696303e-05, 3.523292252793908e-05, 4.1908173443516716e-05, 4.613979035639204e-05, 3.348483005538583e-05, 2.9236392947495915e-05, 2.763943666650448e-05, 1.9220886315451935e-05, 1.8510578229324892e-05, 1.8949011064250953e-05, 1.746134330460336e-05, 1.6936786778387614e-05, 1.3708069673157297e-05, 1.3892487004341092e-05, 2.4512139134458266e-05, 1.9886912923539057e-05, 1.9840672393911518e-05, 1.5587254893034697e-05, 1.349667854810832e-05, 1.138200423156377e-05, 1.3750594007433392e-05, 1.0087630471389275e-05, 6.8477747845463455e-06, 7.604457096022088e-06, 7.279790679604048e-06, 8.293246537505183e-06, 7.634816029167268e-06, 8.718170647625811e-06, 7.032739176793257e-06, 6.645246685366146e-06, 6.81906522004283e-06, 1.3643684724229388e-05, 2.1770718376501463e-05, 8.50595097290352e-06, 1.0373069926572498e-05, 2.0409908756846562e-05, 8.748152140469756e-06, 8.101861567411106e-06, 7.1643312367086764e-06, 5.98404540141928e-06, 4.874548722000327e-06, 3.3356843687215587e-06, 2.7751855213864474e-06, 2.4386783934460254e-06, 2.17974388760922e-06, 1.8317501826459193e-06, 1.615846827007772e-06, 1.3348388847589376e-06, 1.347191073364229e-06, 1.3132232652424136e-06, 1.0019452929554973e-06, 8.917683089748607e-07, 9.196218684337509e-07, 7.415665663756954e-07, 6.025953211974411e-07, 5.705961712010321e-07, 4.1931846794796e-07, 5.739415769312473e-07, 3.597342299599404e-07, 2.706580062294961e-07, 1.6584914419581764e-07, 7.304629434656817e-08, 5.30896393513558e-09, 1.3565316647756731e-09, 6.855727097132558e-10, 1.6763511412332122e-10, 1.0223381863294634e-10, 1.5702571187770076e-11, 1.5438404027401376e-11, 1.5215845944327455e-11, 1.5032107503198944e-11, 1.4901602521377733e-11, 1.482108533124027e-11], "lowlevel.mfcc.mean": [-712.2274169921875, 114.90487670898438, -10.144429206848145, 4.359004497528076, 0.9183492064476013, -3.6662166118621826, -6.077029705047607, 13.393272399902344, -4.030295372009277, 12.083162307739258, -4.7491912841796875, 11.39159107208252, 11.052340507507324], "lowlevel.spectral_contrast_coeffs.mean": [-0.6933920979499817, -0.6929693222045898, -0.7071497440338135, -0.7557694911956787, -0.7621874809265137, -0.7718878984451294], "lowlevel.spectral_contrast_coeffs.stdev": [0.09411606937646866, 0.10581477731466293, 0.07250804454088211, 0.07842063158750534, 0.05155310407280922, 0.04423346742987633], "lowlevel.spectral_contrast_valleys.mean": [-8.313457489013672, -7.658884525299072, -8.334548950195312, -8.54464054107666, -8.474918365478516, -11.116345405578613], "lowlevel.spectral_contrast_valleys.stdev": [2.0593273639678955, 0.781343400478363, 0.8932397365570068, 0.9246063232421875, 1.0703293085098267, 1.7698484659194946], "rhythm.beats_loudness_band_ratio.mean": [0.5232740640640259, 0.05764960125088692, 0.21157018840312958, 0.10865256190299988, 0.06912383437156677, 0.06358379125595093], "rhythm.beats_loudness_band_ratio.stdev": [0.4369412362575531, 0.12361391633749008, 0.25195056200027466, 0.1604737490415573, 0.09683641046285629, 0.15057572722434998], "tonal.hpcp.mean": [0.0837610512971878, 0.09211403876543045, 0.03580184280872345, 0.018888143822550774, 0.018989814445376396, 0.02974170260131359, 0.10145966708660126, 0.10799390822649002, 0.07625298202037811, 0.19589650630950928, 0.18568092584609985, 0.05720508471131325, 0.03799014911055565, 0.02628273330628872, 0.02430848591029644, 0.14794984459877014, 0.1926559954881668, 0.06863104552030563, 0.016543718054890633, 0.021583976224064827, 0.032859742641448975, 0.18560762703418732, 0.3436115086078644, 0.21275866031646729, 0.05618827044963837, 0.035280730575323105, 0.02366665005683899, 0.025330763310194016, 0.02732912451028824, 0.04424380138516426, 0.19481490552425385, 0.20742115378379822, 0.0577862374484539, 0.02292656898498535, 0.019825423136353493, 0.029669979587197304], "tonal.hpcp.stdev": [0.21530644595623016, 0.24041393399238586, 0.11725934594869614, 0.1076747328042984, 0.10430852323770523, 0.10762470215559006, 0.20191273093223572, 0.2064170390367508, 0.18694137036800385, 0.36570918560028076, 0.3513379395008087, 0.15316535532474518, 0.1177528128027916, 0.10527334362268448, 0.09594811499118805, 0.24833133816719055, 0.32129931449890137, 0.14274290204048157, 0.07987208664417267, 0.11389540880918503, 0.12357667088508606, 0.28056785464286804, 0.4370938837528229, 0.31081944704055786, 0.17032913863658905, 0.13256879150867462, 0.10156306624412537, 0.10845590382814407, 0.11817972362041473, 0.1366502046585083, 0.299964040517807, 0.33260589838027954, 0.13596320152282715, 0.1039348840713501, 0.09594576060771942, 0.13657702505588531], "rhythm.beats_position": [0.42956915497779846, 0.8591383099555969, 1.3235373497009277, 1.8111563920974731, 2.2987754344940186, 2.7863945960998535, 3.2624034881591797, 3.738412618637085, 4.22603178024292, 4.713650703430176, 5.201269626617432, 5.6888885498046875, 6.164897918701172, 6.640906810760498, 7.128525733947754, 7.616145133972168, 8.103763580322266, 8.59138298034668, 9.079002380371094, 9.555010795593262, 10.031020164489746, 10.51863956451416, 11.006258010864258, 11.493877410888672, 11.969886779785156, 12.445895195007324, 12.933514595031738, 13.421133995056152, 13.90875244140625, 14.396371841430664, 14.872380256652832, 15.348389625549316, 15.83600902557373, 16.323627471923828, 16.811246871948242, 17.298866271972656, 17.77487564086914, 18.250883102416992, 18.738502502441406, 19.22612190246582, 19.713741302490234, 20.20136070251465, 20.688980102539062, 21.164987564086914, 21.652606964111328, 22.140226364135742, 22.639455795288086, 23.13868522644043, 23.63791275024414, 24.125532150268555, 24.6247615814209, 25.135601043701172, 25.623218536376953, 26.110837936401367, 26.59845733642578, 26.981586456298828, 27.353105545043945, 27.724624633789062, 28.09614372253418, 28.4560546875, 28.827573776245117, 29.210702896118164, 29.58222198486328, 29.976961135864258, 30.383310317993164, 30.77804946899414, 31.172788619995117, 31.579137802124023, 31.973876953125, 32.36861801147461, 32.76335525512695, 33.146484375, 33.54122543334961, 33.947574615478516, 34.34231185913086], "rhythm.bpm_histogram": [0.0, 0.0, 0.0, 0.0, 0.0, 0.0, 0.0, 0.0, 0.0, 0.0, 0.0, 0.0, 0.0, 0.0, 0.0, 0.0, 0.0, 0.0, 0.0, 0.0, 0.0, 0.0, 0.0, 0.0, 0.0, 0.0, 0.0, 0.0, 0.0, 0.0, 0.0, 0.0, 0.0, 0.0, 0.0, 0.0, 0.0, 0.0, 0.0, 0.0, 0.0, 0.0, 0.0, 0.0, 0.0, 0.0, 0.0, 0.0, 0.0, 0.0, 0.0, 0.0, 0.0, 0.0, 0.0, 0.0, 0.0, 0.0, 0.0, 0.0, 0.0, 0.0, 0.0, 0.0, 0.0, 0.0, 0.0, 0.0, 0.0, 0.0, 0.0, 0.0, 0.0, 0.0, 0.0, 0.0, 0.0, 0.0, 0.0, 0.0, 0.0, 0.0, 0.0, 0.0, 0.0, 0.0, 0.0, 0.0, 0.0, 0.0, 0.0, 0.0, 0.0, 0.0, 0.0, 0.0, 0.0, 0.0, 0.0, 0.0, 0.0, 0.0, 0.0, 0.0, 0.0, 0.0, 0.0, 0.0, 0.0, 0.0, 0.0, 0.0, 0.0, 0.0, 0.0, 0.0, 0.0, 0.013513513840734959, 0.0, 0.0, 0.054054055362939835, 0.0, 0.0, 0.45945945382118225, 0.0, 0.0, 0.1756756752729416, 0.0, 0.0, 0.013513513840734959, 0.0, 0.0, 0.0, 0.0, 0.0, 0.0, 0.0, 0.0, 0.0, 0.0, 0.013513513840734959, 0.0, 0.0, 0.0, 0.0, 0.0, 0.0, 0.0, 0.04054053872823715, 0.0, 0.0, 0.0, 0.10810811072587967, 0.0, 0.0, 0.0, 0.0, 0.04054053872823715, 0.0, 0.0, 0.0, 0.06756756454706192, 0.0, 0.0, 0.0, 0.0, 0.0, 0.013513513840734959, 0.0, 0.0, 0.0, 0.0, 0.0, 0.0, 0.0, 0.0, 0.0, 0.0, 0.0, 0.0, 0.0, 0.0, 0.0, 0.0, 0.0, 0.0, 0.0, 0.0, 0.0, 0.0, 0.0, 0.0, 0.0, 0.0, 0.0, 0.0, 0.0, 0.0, 0.0, 0.0, 0.0, 0.0, 0.0, 0.0, 0.0, 0.0, 0.0, 0.0, 0.0, 0.0, 0.0, 0.0, 0.0, 0.0, 0.0, 0.0, 0.0, 0.0, 0.0, 0.0, 0.0, 0.0, 0.0, 0.0, 0.0, 0.0, 0.0, 0.0, 0.0, 0.0, 0.0, 0.0, 0.0, 0.0, 0.0, 0.0, 0.0, 0.0, 0.0, 0.0, 0.0, 0.0, 0.0, 0.0, 0.0, 0.0, 0.0, 0.0, 0.0, 0.0], "tonal.chords_histogram": [19.89389991760254, 30.63660430908203, 40.84880447387695, 0.0, 1.458885908126831, 0.0, 0.1326259970664978, 0.0, 0.0, 0.0, 0.0, 0.0, 0.0, 0.0, 0.0, 0.0, 0.0, 6.763925552368164, 0.0, 0.2652519941329956, 0.0, 0.0, 0.0, 0.0], "tonal.thpcp": [1.0, 0.6191837191581726, 0.1635226607322693, 0.10267622023820877, 0.06887618452310562, 0.07371919602155685, 0.07953494787216187, 0.12876111268997192, 0.566962718963623, 0.6036502122879028, 0.1681731790304184, 0.06672235578298569, 0.05769720301032066, 0.08634745329618454, 0.24376672506332397, 0.2680761218070984, 0.10419279336929321, 0.05496947467327118, 0.055265363305807114, 0.08655618876218796, 0.2952743470668793, 0.31429073214530945, 0.22191625833511353, 0.5701104402542114, 0.5403804183006287, 0.1664818674325943, 0.11056134104728699, 0.07648967951536179, 0.0707440972328186, 0.4305730164051056, 0.5606796741485596, 0.1997344195842743, 0.048146575689315796, 0.06281505525112152, 0.09563050419092178, 0.5401670932769775], "lowlevel.gfcc.cov": [[9717.595703125, -1940.99853515625, 2060.852783203125, 1698.192138671875, -533.73876953125, 1752.4471435546875, -176.98095703125, 660.2081298828125, -166.705078125, 785.7804565429688, -345.34649658203125, -243.30661010742188, -642.84130859375], [-1940.99853515625, 3464.089599609375, 1064.718994140625, 739.606201171875, 1749.6253662109375, 68.35070037841797, 1168.451171875, 27.66129493713379, 571.7896728515625, -199.8639678955078, 559.7115478515625, 22.367015838623047, 402.0673522949219], [2060.852783203125, 1064.718994140625, 3922.39404296875, 2078.266357421875, 1436.9886474609375, 1549.3603515625, 769.4970703125, 468.8105163574219, 583.0051879882812, 237.4989471435547, 244.9791259765625, 385.2261962890625, 155.4556121826172], [1698.192138671875, 739.606201171875, 2078.266357421875, 1646.956787109375, 1060.619384765625, 965.8804931640625, 553.1056518554688, 339.63446044921875, 446.75531005859375, 202.58602905273438, 205.287353515625, 191.6337432861328, 192.47052001953125], [-533.73876953125, 1749.6253662109375, 1436.9886474609375, 1060.619384765625, 1718.9365234375, 541.020751953125, 894.5021362304688, 257.23345947265625, 517.0457763671875, 62.26946258544922, 348.8730163574219, 195.39410400390625, 338.4728698730469], [1752.4471435546875, 68.35070037841797, 1549.3603515625, 965.8804931640625, 541.020751953125, 1109.099365234375, 500.47137451171875, 279.0335388183594, 224.5482940673828, 204.31912231445312, 121.18079376220703, 180.2108154296875, -18.99493980407715], [-176.98095703125, 1168.451171875, 769.4970703125, 553.1056518554688, 894.5021362304688, 500.47137451171875, 1009.4674682617188, 209.11648559570312, 278.5100402832031, 20.51963233947754, 314.5242004394531, 153.19110107421875, 136.02438354492188], [660.2081298828125, 27.66129493713379, 468.8105163574219, 339.63446044921875, 257.23345947265625, 279.0335388183594, 209.11648559570312, 260.167724609375, 146.85476684570312, 100.82280731201172, 37.4154167175293, 37.969539642333984, 27.948707580566406], [-166.705078125, 571.7896728515625, 583.0051879882812, 446.75531005859375, 517.0457763671875, 224.5482940673828, 278.5100402832031, 146.85476684570312, 368.9271545410156, 51.18336868286133, 134.50506591796875, 63.59296798706055, 150.3822021484375], [785.7804565429688, -199.8639678955078, 237.4989471435547, 202.58602905273438, 62.26946258544922, 204.31912231445312, 20.51963233947754, 100.82280731201172, 51.18336868286133, 222.790283203125, 13.843890190124512, 4.41695499420166, -29.348878860473633], [-345.34649658203125, 559.7115478515625, 244.9791259765625, 205.287353515625, 348.8730163574219, 121.18079376220703, 314.5242004394531, 37.4154167175293, 134.50506591796875, 13.843890190124512, 233.66175842285156, 84.05023956298828, 76.85608673095703], [-243.30661010742188, 22.367015838623047, 385.2261962890625, 191.6337432861328, 195.39410400390625, 180.2108154296875, 153.19110107421875, 37.969539642333984, 63.59296798706055, 4.41695499420166, 84.05023956298828, 221.7252655029297, 69.48812866210938], [-642.84130859375, 402.0673522949219, 155.4556121826172, 192.47052001953125, 338.4728698730469, -18.99493980407715, 136.02438354492188, 27.948707580566406, 150.3822021484375, -29.348878860473633, 76.85608673095703, 69.48812866210938, 207.86537170410156]], "lowlevel.gfcc.icov": [[0.0004848818643949926, -0.0001322556781815365, 0.00014200113946571946, -0.0007850268157199025, 0.00034061926999129355, -0.00039166639908216894, 0.00012354589125607163, -0.0007395791471935809, 0.0005726263043470681, -0.0007182487170211971, 0.0004662787541747093, 0.00040232768515124917, 0.0009816278470680118], [-0.0001322556781815365, 0.0019702601712197065, -0.0007150071323849261, 0.00038525531999766827, -0.0011549093760550022, 0.0012043514288961887, -0.0013118369970470667, 0.001781903556548059, -0.0008341358625330031, 0.0013733318774029613, -0.0021949533838778734, 0.0024509383365511894, -0.0006429344066418707], [0.00014200113946571946, -0.0007150071323849261, 0.001375894178636372, -0.0011730617843568325, 9.865144966170192e-05, -0.00110446207690984, 0.0007713661761954427, -0.0008051130571402609, 4.3039464799221605e-05, -0.00014743584324605763, 0.0011621523881331086, -0.001580320647917688, 0.0012679235078394413], [-0.0007850268157199025, 0.00038525531999766827, -0.0011730617843568325, 0.004173605237156153, -0.001102269277907908, -0.0004222145362291485, 0.00016355497064068913, 0.0008537965477444232, -0.0010954613098874688, 0.0007597766234539449, -0.0015102982288226485, 0.0005028543528169394, -0.003335597226396203], [0.00034061926999129355, -0.0011549093760550022, 9.865144966170192e-05, -0.001102269277907908, 0.002981330966576934, -0.0003841641591861844, -0.00045921150012873113, -0.0011729439720511436, 0.0001858753530541435, -0.0014427819987758994, 0.0011801208602264524, -0.0007737724808976054, -0.0007131755701266229], [-0.00039166639908216894, 0.0012043514288961887, -0.00110446207690984, -0.0004222145362291485, -0.0003841641591861844, 0.0045054396614432335, -0.0021724975667893887, 0.0012459240388125181, -0.0009720584494061768, 2.9288938094396144e-05, -0.0007096735062077641, -5.549781781155616e-05, 0.0009558513411320746], [0.00012354589125607163, -0.0013118369970470667, 0.0007713661761954427, 0.00016355497064068913, -0.00045921150012873113, -0.0021724975667893887, 0.004126926884055138, -0.002660891739651561, 0.0009412782383151352, 0.0003421654982957989, -0.001206123037263751, -0.001479531405493617, 0.0007054706220515072], [-0.0007395791471935809, 0.001781903556548059, -0.0008051130571402609, 0.0008537965477444232, -0.0011729439720511436, 0.0012459240388125181, -0.002660891739651561, 0.009802555665373802, -0.0034511741250753403, -0.00012024361058138311, -0.0001877504982985556, 0.0013448704266920686, -0.0013756589032709599], [0.0005726263043470681, -0.0008341358625330031, 4.3039464799221605e-05, -0.0010954613098874688, 0.0001858753530541435, -0.0009720584494061768, 0.0009412782383151352, -0.0034511741250753403, 0.007608317770063877, -0.001477911602705717, -0.0006974535062909126, 0.0008652588585391641, -0.001921297749504447], [-0.0007182487170211971, 0.0013733318774029613, -0.00014743584324605763, 0.0007597766234539449, -0.0014427819987758994, 2.9288938094396144e-05, 0.0003421654982957989, -0.00012024361058138311, -0.001477911602705717, 0.008594004437327385, -0.0031814095564186573, 0.0012531188549473882, -0.00028662889963015914], [0.0004662787541747093, -0.0021949533838778734, 0.0011621523881331086, -0.0015102982288226485, 0.0011801208602264524, -0.0007096735062077641, -0.001206123037263751, -0.0001877504982985556, -0.0006974535062909126, -0.0031814095564186573, 0.012127213180065155, -0.004585752263665199, 0.0021494515240192413], [0.00040232768515124917, 0.0024509383365511894, -0.001580320647917688, 0.0005028543528169394, -0.0007737724808976054, -5.549781781155616e-05, -0.001479531405493617, 0.0013448704266920686, 0.0008652588585391641, 0.0012531188549473882, -0.004585752263665199, 0.010991707444190979, -0.003166014328598976], [0.0009816278470680118, -0.0006429344066418707, 0.0012679235078394413, -0.003335597226396203, -0.0007131755701266229, 0.0009558513411320746, 0.0007054706220515072, -0.0013756589032709599, -0.001921297749504447, -0.00028662889963015914, 0.0021494515240192413, -0.003166014328598976, 0.01381559856235981]], "lowlevel.mfcc.cov": [[9333.701171875, -2592.67919921875, 1498.7965087890625, -101.06846618652344, -6.021892547607422, 660.822021484375, 238.83889770507812, -50.83386993408203, -181.55111694335938, 870.5726928710938, 372.4043884277344, -102.55636596679688, -432.75030517578125], [-2592.67919921875, 3041.199951171875, -26.75049591064453, 997.160400390625, 567.6932983398438, 448.7087707519531, 645.305419921875, 503.7516174316406, 323.9158935546875, 71.43291473388672, 186.76258850097656, 244.88519287109375, 295.2049865722656], [1498.7965087890625, -26.75049591064453, 2786.4970703125, 979.3510131835938, 1109.5909423828125, 1197.4205322265625, 550.0750122070312, 694.1087036132812, 438.8407287597656, 263.5545349121094, 356.1534423828125, 245.3145751953125, 213.11636352539062], [-101.06846618652344, 997.160400390625, 979.3510131835938, 1233.2166748046875, 939.26123046875, 708.4544677734375, 553.2644653320312, 481.6750793457031, 498.2044372558594, 159.2066650390625, 233.92945861816406, 242.4359893798828, 287.8965759277344], [-6.021892547607422, 567.6932983398438, 1109.5909423828125, 939.26123046875, 1151.050048828125, 696.7123413085938, 371.39276123046875, 362.7682800292969, 501.41290283203125, 142.53048706054688, 220.3569793701172, 199.4918975830078, 230.84808349609375], [660.822021484375, 448.7087707519531, 1197.4205322265625, 708.4544677734375, 696.7123413085938, 1026.154541015625, 634.214599609375, 551.3786010742188, 356.9776611328125, 192.55899047851562, 358.97271728515625, 224.27923583984375, 143.31777954101562], [238.83889770507812, 645.305419921875, 550.0750122070312, 553.2644653320312, 371.39276123046875, 634.214599609375, 700.259033203125, 472.00506591796875, 274.6322326660156, 169.89605712890625, 283.2074890136719, 189.88111877441406, 140.2499542236328], [-50.83386993408203, 503.7516174316406, 694.1087036132812, 481.6750793457031, 362.7682800292969, 551.3786010742188, 472.00506591796875, 589.4249877929688, 261.18670654296875, 123.98760223388672, 211.07839965820312, 183.3098907470703, 184.8125], [-181.55111694335938, 323.9158935546875, 438.8407287597656, 498.2044372558594, 501.41290283203125, 356.9776611328125, 274.6322326660156, 261.18670654296875, 450.21527099609375, 98.99246215820312, 150.64697265625, 122.10324096679688, 133.76382446289062], [870.5726928710938, 71.43291473388672, 263.5545349121094, 159.2066650390625, 142.53048706054688, 192.55899047851562, 169.89605712890625, 123.98760223388672, 98.99246215820312, 334.1139831542969, 153.81423950195312, 55.35042190551758, 8.230534553527832], [372.4043884277344, 186.76258850097656, 356.1534423828125, 233.92945861816406, 220.3569793701172, 358.97271728515625, 283.2074890136719, 211.07839965820312, 150.64697265625, 153.81423950195312, 270.0323791503906, 107.0865478515625, 52.068870544433594], [-102.55636596679688, 244.88519287109375, 245.3145751953125, 242.4359893798828, 199.4918975830078, 224.27923583984375, 189.88111877441406, 183.3098907470703, 122.10324096679688, 55.35042190551758, 107.0865478515625, 175.63519287109375, 114.79879760742188], [-432.75030517578125, 295.2049865722656, 213.11636352539062, 287.8965759277344, 230.84808349609375, 143.31777954101562, 140.2499542236328, 184.8125, 133.76382446289062, 8.230534553527832, 52.068870544433594, 114.79879760742188, 207.86770629882812]], "lowlevel.mfcc.icov": [[0.0003166442911606282, 0.0003258541983086616, -5.287909152684733e-05, -0.00031302435672841966, 8.734068251214921e-05, -0.00014675265992991626, -0.00020569782645907253, 0.0001414897124050185, 0.0003556118463166058, -0.0007394406711682677, 1.0519207535253372e-05, 8.219108713092282e-05, 0.0004537832282949239], [0.0003258541983086616, 0.0009441383881494403, 0.0002472400665283203, -0.0008699310128577054, -6.342274718917906e-05, -3.8628477341262624e-05, -0.0004813820996787399, -0.00022074859589338303, 0.000699343450833112, -0.0006790542975068092, 4.122756763536017e-06, 1.754828917910345e-05, 0.0004731827648356557], [-5.287909152684733e-05, 0.0002472400665283203, 0.0011121464194729924, -0.00030073069501668215, -0.0005501033738255501, -0.0009508901857770979, 0.0005940822302363813, -0.0008092699572443962, 0.0004528300487436354, -0.00010401857434771955, 0.00016685556329321116, 0.00015222436923068017, -1.2861704817623831e-05], [-0.00031302435672841966, -0.0008699310128577054, -0.00030073069501668215, 0.004008282907307148, -0.0016718111000955105, 6.936833233339712e-05, -0.0009600045159459114, 0.0002903597487602383, -0.0012141353217884898, 0.0004150917229708284, 0.0008653940167278051, -0.00015886471373960376, -0.001825171522796154], [8.734068251214921e-05, -6.342274718917906e-05, -0.0005501033738255501, -0.0016718111000955105, 0.003955957014113665, -0.0015034108655527234, 0.0011406841222196817, 0.0012952256947755814, -0.0018713523168116808, -0.0003172216529492289, 4.6869874495314434e-05, 4.949324284098111e-05, -0.0009488837094977498], [-0.00014675265992991626, -3.8628477341262624e-05, -0.0009508901857770979, 6.936833233339712e-05, -0.0015034108655527234, 0.005778542719781399, -0.0022859948221594095, -0.001447005895897746, 0.00034278802922926843, 0.0012320607202127576, -0.0024011170025914907, -0.0009633663576096296, 0.0020066900178790092], [-0.00020569782645907253, -0.0004813820996787399, 0.0005940822302363813, -0.0009600045159459114, 0.0011406841222196817, -0.0022859948221594095, 0.00592205161228776, -0.001901009469293058, -0.000624102249275893, 9.208549454342574e-05, -0.0014831480802968144, -0.00043086259393021464, -1.2803501704183873e-05], [0.0001414897124050185, -0.00022074859589338303, -0.0008092699572443962, 0.0002903597487602383, 0.0012952256947755814, -0.001447005895897746, -0.001901009469293058, 0.00610660295933485, -0.001117437263019383, -0.0006127243395894766, 0.0005093649961054325, -0.00038062219391576946, -0.002725864527747035], [0.0003556118463166058, 0.000699343450833112, 0.0004528300487436354, -0.0012141353217884898, -0.0018713523168116808, 0.00034278802922926843, -0.000624102249275893, -0.001117437263019383, 0.005869084969162941, -0.0009065254125744104, -0.0008445947314612567, 0.00011446837743278593, 0.0006284030387178063], [-0.0007394406711682677, -0.0006790542975068092, -0.00010401857434771955, 0.0004150917229708284, -0.0003172216529492289, 0.0012320607202127576, 9.208549454342574e-05, -0.0006127243395894766, -0.0009065254125744104, 0.006057276390492916, -0.0025386172346770763, -0.0004151774919591844, 0.00015086535131558776], [1.0519207535253372e-05, 4.122756763536017e-06, 0.00016685556329321116, 0.0008653940167278051, 4.6869874495314434e-05, -0.0024011170025914907, -0.0014831480802968144, 0.0005093649961054325, -0.0008445947314612567, -0.0025386172346770763, 0.009687203913927078, -0.0019059133483096957, 6.770686013624072e-05], [8.219108713092282e-05, 1.754828917910345e-05, 0.00015222436923068017, -0.00015886471373960376, 4.949324284098111e-05, -0.0009633663576096296, -0.00043086259393021464, -0.00038062219391576946, 0.00011446837743278593, -0.0004151774919591844, -0.0019059133483096957, 0.012132128700613976, -0.004831497557461262], [0.0004537832282949239, 0.0004731827648356557, -1.2861704817623831e-05, -0.001825171522796154, -0.0009488837094977498, 0.0020066900178790092, -1.2803501704183873e-05, -0.002725864527747035, 0.0006284030387178063, 0.00015086535131558776, 6.770686013624072e-05, -0.004831497557461262, 0.011967896483838558]], "metadata.audio_properties.analysis.downmix": "mix", "metadata.audio_properties.codec": "mp3", "metadata.audio_properties.md5_encoded": "7c0b68e854a82f64692548b74a3d080e", "metadata.tags.file_name": "1183718261372747776.mp3", "metadata.version.essentia": "2.1-beta6-dev", "metadata.version.essentia_git_sha": "v2.1_beta5-1110-g77a6a954", "metadata.version.extractor": "music