{"song_id": "1183655915858165880", "download": "https://cdn.discordapp.com/attachments/1135903449314238464/1183655915858165880/chirp.mp4?ex=65892079&amp", "lyrics": "[Verse]\nHutao and Lyney, going on a spree\nHitting up the market, buying groceries, can't you see\nTheir style so fresh, they're turning heads in every aisle\nFeeling like superstars, they're bringing all the fire\n\n[Chorus]\nHutao and Lyney, shopping like a boss\nFilling up the cart, no limits, no loss\nGrabbing all the veggies, for a feast so grand\nTogether they're unstoppable, conquering the land", "style": ["hip hop"], "essentia_features": {"lowlevel.average_loudness": 0.9371643662452698, "lowlevel.barkbands_crest.mean": 12.508855819702148, "lowlevel.barkbands_crest.stdev": 5.649130821228027, "lowlevel.barkbands_flatness_db.mean": 0.17268212139606476, "lowlevel.barkbands_flatness_db.stdev": 0.07433870434761047, "lowlevel.barkbands_kurtosis.mean": 9.761159896850586, "lowlevel.barkbands_kurtosis.stdev": 24.478534698486328, "lowlevel.barkbands_skewness.mean": 1.8429135084152222, "lowlevel.barkbands_skewness.stdev": 2.1906466484069824, "lowlevel.barkbands_spread.mean": 23.403141021728516, "lowlevel.barkbands_spread.stdev": 17.930503845214844, "lowlevel.dissonance.mean": 0.4607899487018585, "lowlevel.dissonance.stdev": 0.03030204586684704, "lowlevel.dynamic_complexity": 2.1923117637634277, "lowlevel.erbbands_crest.mean": 10.579741477966309, "lowlevel.erbbands_crest.stdev": 4.446898937225342, "lowlevel.erbbands_flatness_db.mean": 0.17932598292827606, "lowlevel.erbbands_flatness_db.stdev": 0.048723336309194565, "lowlevel.erbbands_kurtosis.mean": 0.958783745765686, "lowlevel.erbbands_kurtosis.stdev": 2.640791177749634, "lowlevel.erbbands_skewness.mean": 0.002984793856739998, "lowlevel.erbbands_skewness.stdev": 1.065066933631897, "lowlevel.erbbands_spread.mean": 40.26161575317383, "lowlevel.erbbands_spread.stdev": 24.01810646057129, "lowlevel.hfc.mean": 26.405778884887695, "lowlevel.hfc.stdev": 21.733036041259766, "lowlevel.loudness_ebu128.integrated": -12.96143627166748, "lowlevel.loudness_ebu128.loudness_range": 1.7432174682617188, "lowlevel.loudness_ebu128.momentary.mean": -13.191593170166016, "lowlevel.loudness_ebu128.momentary.stdev": 1.4877413511276245, "lowlevel.loudness_ebu128.short_term.mean": -13.039750099182129, "lowlevel.loudness_ebu128.short_term.stdev": 0.6622994542121887, "lowlevel.melbands_crest.mean": 18.474937438964844, "lowlevel.melbands_crest.stdev": 9.627985000610352, "lowlevel.melbands_flatness_db.mean": 0.2203250378370285, "lowlevel.melbands_flatness_db.stdev": 0.10152918845415115, "lowlevel.melbands_kurtosis.mean": 29.73748779296875, "lowlevel.melbands_kurtosis.stdev": 63.54588317871094, "lowlevel.melbands_skewness.mean": 3.3692502975463867, "lowlevel.melbands_skewness.stdev": 3.2986409664154053, "lowlevel.melbands_spread.mean": 28.51158332824707, "lowlevel.melbands_spread.stdev": 27.457622528076172, "lowlevel.pitch_salience.mean": 0.4916870594024658, "lowlevel.pitch_salience.stdev": 0.17601840198040009, "lowlevel.silence_rate_20dB.mean": 1.0, "lowlevel.silence_rate_20dB.stdev": 0.0, "lowlevel.silence_rate_30dB.mean": 0.9392565488815308, "lowlevel.silence_rate_30dB.stdev": 0.23885783553123474, "lowlevel.silence_rate_60dB.mean": 0.03898458927869797, "lowlevel.silence_rate_60dB.stdev": 0.1935577541589737, "lowlevel.spectral_centroid.mean": 1652.680419921875, "lowlevel.spectral_centroid.stdev": 833.5010986328125, "lowlevel.spectral_complexity.mean": 16.699003219604492, "lowlevel.spectral_complexity.stdev": 10.61799430847168, "lowlevel.spectral_decrease.mean": -9.44273104153126e-09, "lowlevel.spectral_decrease.stdev": 9.668230660508925e-09, "lowlevel.spectral_energy.mean": 0.03803413361310959, "lowlevel.spectral_energy.stdev": 0.0368042066693306, "lowlevel.spectral_energyband_high.mean": 0.0011626468040049076, "lowlevel.spectral_energyband_high.stdev": 0.001916114124469459, "lowlevel.spectral_energyband_low.mean": 0.021409444510936737, "lowlevel.spectral_energyband_low.stdev": 0.036876849830150604, "lowlevel.spectral_energyband_middle_high.mean": 0.007530858274549246, "lowlevel.spectral_energyband_middle_high.stdev": 0.007916218601167202, "lowlevel.spectral_energyband_middle_low.mean": 0.008744781836867332, "lowlevel.spectral_energyband_middle_low.stdev": 0.009582444094121456, "lowlevel.spectral_entropy.mean": 7.5589070320129395, "lowlevel.spectral_entropy.stdev": 0.4985704720020294, "lowlevel.spectral_flux.mean": 0.09131306409835815, "lowlevel.spectral_flux.stdev": 0.06324123591184616, "lowlevel.spectral_kurtosis.mean": 4.603404998779297, "lowlevel.spectral_kurtosis.stdev": 3.8258490562438965, "lowlevel.spectral_rms.mean": 0.005472030024975538, "lowlevel.spectral_rms.stdev": 0.002676439005881548, "lowlevel.spectral_rolloff.mean": 1926.08154296875, "lowlevel.spectral_rolloff.stdev": 2187.030517578125, "lowlevel.spectral_skewness.mean": 1.4790793657302856, "lowlevel.spectral_skewness.stdev": 0.5797497630119324, "lowlevel.spectral_spread.mean": 4752651.5, "lowlevel.spectral_spread.stdev": 2043878.625, "lowlevel.spectral_strongpeak.mean": 1.2192027568817139, "lowlevel.spectral_strongpeak.stdev": 1.40689218044281, "lowlevel.zerocrossingrate.mean": 0.06957808881998062, "lowlevel.zerocrossingrate.stdev": 0.05340177193284035, "metadata.audio_properties.analysis.equal_loudness": 0.0, "metadata.audio_properties.analysis.length": 25.578662872314453, "metadata.audio_properties.analysis.sample_rate": 44100.0, "metadata.audio_properties.analysis.start_time": 0.0, "metadata.audio_properties.bit_rate": 122782.0, "metadata.audio_properties.length": 25.57866668701172, "metadata.audio_properties.lossless": 0.0, "metadata.audio_properties.number_channels": 1.0, "metadata.audio_properties.replay_gain": -13.694896697998047, "metadata.audio_properties.sample_rate": 48000.0, "rhythm.beats_count": 64.0, "rhythm.beats_loudness.mean": 0.05442402884364128, "rhythm.beats_loudness.stdev": 0.041481781750917435, "rhythm.bpm": 153.13037109375, "rhythm.bpm_histogram_first_peak_bpm": 152.0, "rhythm.bpm_histogram_first_peak_weight": 0.09302324056625366, "rhythm.bpm_histogram_second_peak_bpm": 157.0, "rhythm.bpm_histogram_second_peak_spread": 0.050000011920928955, "rhythm.bpm_histogram_second_peak_weight": 0.30158731341362, "rhythm.danceability": 1.2873032093048096, "rhythm.onset_rate": 5.078125, "tonal.chords_changes_rate": 0.054347824305295944, "tonal.chords_number_rate": 0.019927537068724632, "tonal.chords_strength.mean": 0.5071117281913757, "tonal.chords_strength.stdev": 0.0946340337395668, "tonal.hpcp_crest.mean": 13.152142524719238, "tonal.hpcp_crest.stdev": 5.92690896987915, "tonal.hpcp_entropy.mean": 2.0721983909606934, "tonal.hpcp_entropy.stdev": 0.6846107840538025, "tonal.key_edma.strength": 0.43887749314308167, "tonal.key_krumhansl.strength": 0.43557706475257874, "tonal.key_temperley.strength": 0.4318128526210785, "tonal.tuning_diatonic_strength": 0.5072152018547058, "tonal.tuning_equal_tempered_deviation": 0.23239240050315857, "tonal.tuning_frequency": 434.193115234375, "tonal.tuning_nontempered_energy_ratio": 0.9060043692588806, "lowlevel.barkbands.mean": [0.002375465352088213, 0.01670687645673752, 0.0015912086237221956, 0.0016489226836711168, 0.0012422751169651747, 0.0026589413173496723, 0.001303289900533855, 0.0008528169710189104, 0.0008906471193768084, 0.0006129050743766129, 0.0008008892182260752, 0.0011497788364067674, 0.000888579641468823, 0.0005026081344112754, 0.0006758773233741522, 0.0010331952944397926, 0.0008061014814302325, 0.00023363024229183793, 0.0005194209516048431, 0.0005045572761446238, 0.00014790416753385216, 0.00026794776204042137, 0.00025245602591894567, 0.00021289556752890348, 0.00011147631448693573, 4.2864339775405824e-05, 6.065174034119991e-07], "lowlevel.barkbands.stdev": [0.004284213297069073, 0.030782680958509445, 0.008310804143548012, 0.005149052012711763, 0.0032807227689772844, 0.0036174096167087555, 0.0018843202851712704, 0.0019062127685174346, 0.002016097540035844, 0.0014221862656995654, 0.0019299618434160948, 0.0027312305755913258, 0.0025927487295120955, 0.0011957045644521713, 0.0015495952684432268, 0.0022124522365629673, 0.0011632057139649987, 0.0003844249586109072, 0.0007728153141215444, 0.0007724405149929225, 0.00035576874506659806, 0.0005136698018759489, 0.0004884699592366815, 0.00039241136983036995, 0.00022567901760339737, 9.050759399542585e-05, 2.5389772417838685e-06], "lowlevel.erbbands.mean": [0.9215213656425476, 1.9752169847488403, 1.7413438558578491, 4.09182596206665, 5.097102165222168, 3.405116081237793, 12.566855430603027, 22.75152015686035, 22.09664535522461, 15.902887344360352, 16.66454315185547, 17.305452346801758, 21.40324592590332, 31.006725311279297, 36.66148376464844, 43.47293472290039, 38.88528823852539, 28.33457374572754, 29.498172760009766, 41.18513488769531, 62.116180419921875, 45.44643783569336, 15.116534233093262, 18.173498153686523, 33.78931427001953, 22.130449295043945, 6.683788299560547, 6.476885795593262, 9.991483688354492, 8.378813743591309, 6.80061149597168, 4.8330817222595215, 3.346858263015747, 1.5578593015670776, 0.6339667439460754, 0.2509059011936188, 0.0692211464047432, 0.006011318415403366, 0.00016316064284183085, 5.287052408675663e-05], "lowlevel.erbbands.stdev": [1.6382865905761719, 4.347963333129883, 8.023615837097168, 15.029339790344238, 12.194284439086914, 12.821897506713867, 19.07539939880371, 34.533023834228516, 31.790538787841797, 27.24557113647461, 36.00944900512695, 38.050262451171875, 48.68410110473633, 72.15940856933594, 76.06449127197266, 102.46916198730469, 109.62030029296875, 62.41856384277344, 60.82533645629883, 86.0966567993164, 123.6473617553711, 63.20356750488281, 21.360389709472656, 28.37110710144043, 53.26814270019531, 32.2208251953125, 14.1813383102417, 14.383673667907715, 19.13178253173828, 15.889801025390625, 13.524285316467285, 9.101698875427246, 6.492763519287109, 3.163020372390747, 1.292296290397644, 0.5060731172561646, 0.1631631851196289, 0.015679122880101204, 0.00038515208871103823, 4.266886389814317e-05], "lowlevel.gfcc.mean": [-13.223443984985352, 72.31688690185547, -119.81863403320312, 36.85140609741211, -63.70838165283203, 8.347864151000977, -49.239532470703125, 12.090023040771484, -22.672929763793945, 2.573030471801758, -7.881348133087158, 4.965553283691406, -5.640380859375], "lowlevel.melbands.mean": [0.006059867329895496, 0.001344075077213347, 0.0007519097998738289, 0.00027093433891423047, 0.0003765824076253921, 0.0005041522672399879, 0.0003288268344476819, 0.0001839533360907808, 0.0001210859336424619, 0.00012313452316448092, 0.00010534046305110678, 0.00011988489131908864, 0.00011336118768667802, 0.0001315517001785338, 0.00011139726120745763, 7.088998245308176e-05, 4.992067624698393e-05, 4.3833599193021655e-05, 5.602997407549992e-05, 5.880242679268122e-05, 7.433533755829558e-05, 5.2357536333147436e-05, 2.0148725525359623e-05, 9.736281754157972e-06, 1.442356915504206e-05, 2.1580734028248116e-05, 2.7560325179365464e-05, 1.121207151300041e-05, 3.9448118513973895e-06, 3.3239182357647223e-06, 3.892427685059374e-06, 5.709545803256333e-06, 5.212014002609067e-06, 4.65979201180744e-06, 4.078420715813991e-06, 3.360457867529476e-06, 2.8311867481534136e-06, 2.5480903786956333e-06, 1.6946338519119308e-06, 1.183613903776859e-06], "lowlevel.melbands.stdev": [0.01091602724045515, 0.0038355279248207808, 0.002416709205135703, 0.0006853773375041783, 0.0006569040124304593, 0.0007371637038886547, 0.0004651198396459222, 0.00033794468617998064, 0.0002628326474223286, 0.0002803118550218642, 0.0002426137070870027, 0.000286701979348436, 0.00024334638146683574, 0.0003264091210439801, 0.0003189430572092533, 0.00017785263480618596, 0.00011642912431852892, 9.702583338366821e-05, 0.00013752261293120682, 0.0001329299557255581, 0.00015063253522384912, 7.731762889306992e-05, 2.9353130230447277e-05, 1.6344998584827408e-05, 2.4587952793808654e-05, 3.456666672718711e-05, 4.7426889068447053e-05, 1.7142874639830552e-05, 9.37978893489344e-06, 8.087796231848188e-06, 8.891048310033511e-06, 1.0978233149216976e-05, 1.075161708286032e-05, 8.828281352180056e-06, 8.278339919343125e-06, 6.96678034728393e-06, 5.3491021390073e-06, 4.835064828512259e-06, 3.637151849034126e-06, 2.405158966212184e-06], "lowlevel.melbands128.mean": [0.002276952378451824, 0.009228555485606194, 0.00654187984764576, 0.0022054724395275116, 0.0008056387305259705, 0.000817315187305212, 0.0008380617946386337, 0.0008187220082618296, 0.0005331339198164642, 0.00016357656568288803, 0.00015603247447870672, 0.0002212831750512123, 0.0004088986897841096, 0.0006295946659520268, 0.0005370673607103527, 0.00046903424663469195, 0.00028686042060144246, 0.0004206066078040749, 0.00021156479488126934, 0.00012257169873919338, 0.00022072953288443387, 0.0002071701892418787, 8.438134682364762e-05, 6.930767267476767e-05, 7.374744018306956e-05, 0.00017368720727972686, 0.00017929474415723234, 7.560249650850892e-05, 6.383554864441976e-05, 9.744198177941144e-05, 0.00015778584929648787, 0.00013273052172735333, 7.938718772493303e-05, 0.00011549110786290839, 0.0001771394454408437, 0.00011932275810977444, 9.065149788511917e-05, 0.00012337898078840226, 0.00012550615065265447, 6.354699871735647e-05, 6.277015199884772e-05, 7.367927173618227e-05, 4.2518277041381225e-05, 4.387167427921668e-05, 4.710437133326195e-05, 3.585030208341777e-05, 5.020023672841489e-05, 6.156911695143208e-05, 5.564508683164604e-05, 5.180842708796263e-05, 5.27050688106101e-05, 6.713750917697325e-05, 9.904574835672975e-05, 5.916371083003469e-05, 6.302789552137256e-05, 5.748318653786555e-05, 4.193767745164223e-05, 2.121022953360807e-05, 1.5220219211187214e-05, 1.0272074177919421e-05, 8.081384294200689e-06, 9.00197665032465e-06, 1.5227861695166212e-05, 1.4488572560367174e-05, 1.6551146472920664e-05, 1.98484085558448e-05, 2.55159247899428e-05, 2.9567554520326667e-05, 3.110392935923301e-05, 2.1220555936452e-05, 1.1100789379270282e-05, 6.088574082241394e-06, 4.199107479507802e-06, 3.764735083677806e-06, 3.2756545351730892e-06, 3.563523478078423e-06, 3.1591607694281265e-06, 3.0600506306655006e-06, 4.110893314646091e-06, 4.381490725791082e-06, 5.5396576499333605e-06, 6.524232048832346e-06, 5.801676707051229e-06, 5.3506587391893845e-06, 4.41855854660389e-06, 3.997008207079489e-06, 4.90373440698022e-06, 5.654122560372343e-06, 3.5550870052247774e-06, 3.3583962704142323e-06, 3.987739546573721e-06, 3.1166384815151105e-06, 2.874279061870766e-06, 2.777943791443249e-06, 2.8771403322025435e-06, 2.721077635214897e-06, 2.5452761747146724e-06, 2.238386741737486e-06, 1.6272761058644392e-06, 1.4746008218935458e-06, 1.4003444448462687e-06, 1.0877946579057607e-06, 1.0222324817732442e-06, 7.953469776111888e-07, 6.769569722564484e-07, 6.012072049088601e-07, 5.451956326396612e-07, 4.842240173275059e-07, 4.253704446455231e-07, 3.70703929775118e-07, 3.4190057363048254e-07, 2.5951635507226456e-07, 2.2204710603546118e-07, 1.4913202051047847e-07, 8.767494819039712e-08, 5.19985619007457e-08, 2.1748643774799348e-08, 5.007416703506351e-09, 7.124184575602044e-10, 6.746565979487418e-12, 5.94445239560093e-12, 5.8497156771308845e-12, 5.7406640205370785e-12, 5.58574454051497e-12, 5.077319641111355e-12, 4.284450398628348e-12, 3.852412746446765e-12, 3.771480090036805e-12], "lowlevel.melbands128.stdev": [0.0040970430709421635, 0.016239138320088387, 0.012990501709282398, 0.0056720455177128315, 0.004041105508804321, 0.004173913970589638, 0.003414953127503395, 0.002289821393787861, 0.0012233953457325697, 0.0005802095402032137, 0.0008323425427079201, 0.001069790800102055, 0.0006774282664991915, 0.0010690336348488927, 0.0009282677783630788, 0.0011825357796624303, 0.0006721480749547482, 0.0006593242869712412, 0.00037428192445077, 0.00038121084799058735, 0.0005642804899252951, 0.0005684219649992883, 0.00026301780599169433, 0.0002840994275175035, 0.00024970280355773866, 0.000489089114125818, 0.0005776710459031165, 0.00026351798442192376, 0.00018820057448465377, 0.0003161524364259094, 0.0004515745094977319, 0.0004514817555900663, 0.0002610727387946099, 0.0003592848079279065, 0.0005177996936254203, 0.000424809695687145, 0.0002980255230795592, 0.0003771355841308832, 0.00058534718118608, 0.0002518637338653207, 0.00020130099437665194, 0.00022617825015913695, 0.00014748905960004777, 0.0001369405654259026, 0.00014220674347598106, 9.294487972510979e-05, 0.0001559456140967086, 0.00020363781368359923, 0.00017987073806580156, 0.0001505291584180668, 0.00017589428171049803, 0.0001764337212080136, 0.0002865554706659168, 0.00013434579886961728, 0.0001288522471440956, 0.00010229996405541897, 7.901256321929395e-05, 3.91213470720686e-05, 2.9133665520930663e-05, 2.0401050278451294e-05, 1.4777726391912438e-05, 1.7952537746168673e-05, 4.4025164243066683e-05, 2.4874998416635208e-05, 2.886725269490853e-05, 3.684210969367996e-05, 5.318385228747502e-05, 6.378803664119914e-05, 6.349218165269122e-05, 3.778996324399486e-05, 2.0887800928903744e-05, 1.1917929441551678e-05, 1.0069215932162479e-05, 1.1593911040108651e-05, 8.965542292571627e-06, 9.033818969328422e-06, 8.3153645391576e-06, 8.04622504801955e-06, 1.1184350114490371e-05, 9.211713404511102e-06, 1.1388458915462252e-05, 1.3596401913673617e-05, 1.2964775123691652e-05, 1.1760233974200673e-05, 1.0516071597521659e-05, 8.188176252588164e-06, 9.501973181613721e-06, 1.2941770364705008e-05, 7.803109838278033e-06, 7.872748028603382e-06, 9.369170584250242e-06, 6.6422221607354e-06, 5.996953859721543e-06, 5.672500265063718e-06, 5.708772278012475e-06, 5.034140485804528e-06, 5.396099822974065e-06, 5.4868078223080374e-06, 3.5973646390630165e-06, 3.3687404084048467e-06, 3.0357298328453908e-06, 2.3544557734567206e-06, 2.2288475065579405e-06, 1.881253865576582e-06, 1.522325419500703e-06, 1.4162725392452558e-06, 1.1537578075149213e-06, 9.727529004521784e-07, 9.775151283974992e-07, 8.639989346193033e-07, 8.438773306806979e-07, 6.448454428209516e-07, 6.179242291182163e-07, 4.4709264557241113e-07, 2.596399895082868e-07, 1.7343329261620966e-07, 7.787793521174535e-08, 5.496692878637077e-08, 1.4328116471062913e-08, 4.1224395425087934e-11, 3.643818580201241e-11, 3.648963423086293e-11, 3.6365820077488564e-11, 3.4616864930114843e-11, 2.5664102787370524e-11, 1.1470244025424403e-11, 6.3691001257748514e-12, 6.171071466332112e-12], "lowlevel.mfcc.mean": [-653.0904541015625, 101.12801361083984, 2.1501078605651855, 22.596336364746094, 8.622137069702148, -4.670884132385254, -6.295679092407227, 2.28092885017395, -7.78795051574707, -0.07586658746004105, -6.883223533630371, -1.9227110147476196, 10.744680404663086], "lowlevel.spectral_contrast_coeffs.mean": [-0.655491292476654, -0.7030386924743652, -0.766981303691864, -0.7688879370689392, -0.7567057013511658, -0.7716939449310303], "lowlevel.spectral_contrast_coeffs.stdev": [0.0986085906624794, 0.08258689939975739, 0.07897263765335083, 0.07852303236722946, 0.06257396936416626, 0.041635118424892426], "lowlevel.spectral_contrast_valleys.mean": [-7.427235126495361, -7.219294548034668, -7.678075313568115, -7.761622428894043, -7.6615214347839355, -10.138484954833984], "lowlevel.spectral_contrast_valleys.stdev": [1.0734943151474, 0.808580756187439, 0.9582645297050476, 0.9099981188774109, 0.9245280027389526, 1.2227535247802734], "rhythm.beats_loudness_band_ratio.mean": [0.33079439401626587, 0.11302202194929123, 0.13685370981693268, 0.21208184957504272, 0.1365794986486435, 0.08856209367513657], "rhythm.beats_loudness_band_ratio.stdev": [0.36405444145202637, 0.14140868186950684, 0.1309608668088913, 0.19655363261699677, 0.13144968450069427, 0.07512722909450531], "tonal.hpcp.mean": [0.14383791387081146, 0.19533886015415192, 0.11387883871793747, 0.05976696312427521, 0.05588601902127266, 0.05907132476568222, 0.06097250431776047, 0.061684753745794296, 0.05078248679637909, 0.049834392964839935, 0.06696539372205734, 0.09293665736913681, 0.15024219453334808, 0.16223645210266113, 0.09688042104244232, 0.05757862702012062, 0.05566038563847542, 0.06199333816766739, 0.20694833993911743, 0.25648581981658936, 0.1228642389178276, 0.11609599739313126, 0.16022256016731262, 0.14704231917858124, 0.11542796343564987, 0.11648987978696823, 0.21195735037326813, 0.3486345410346985, 0.26778262853622437, 0.09756547212600708, 0.061599455773830414, 0.05733196809887886, 0.05738750100135803, 0.073939248919487, 0.07202008366584778, 0.057289522141218185], "tonal.hpcp.stdev": [0.22189629077911377, 0.3093274235725403, 0.18754953145980835, 0.13717930018901825, 0.13831885159015656, 0.1537080705165863, 0.14501647651195526, 0.15711551904678345, 0.1266576647758484, 0.1269625574350357, 0.16844719648361206, 0.18537239730358124, 0.23857691884040833, 0.24834294617176056, 0.18557147681713104, 0.13623477518558502, 0.1250697523355484, 0.1357070952653885, 0.29752078652381897, 0.3641020953655243, 0.20212838053703308, 0.21074727177619934, 0.2896409034729004, 0.27509552240371704, 0.23910360038280487, 0.23444271087646484, 0.3039824366569519, 0.390829473733902, 0.3331485986709595, 0.18286970257759094, 0.16059088706970215, 0.1508602797985077, 0.15019530057907104, 0.17825669050216675, 0.16976536810398102, 0.14428909122943878], "rhythm.beats_position": [0.42956915497779846, 0.8359183669090271, 1.2422676086425781, 1.6486167907714844, 2.043355941772461, 2.4380950927734375, 2.832834482192993, 3.21596360206604, 3.599092960357666, 3.9938321113586426, 4.388571262359619, 4.783310413360596, 5.178049564361572, 5.561179161071777, 5.944308280944824, 6.339047431945801, 6.733786582946777, 7.128525733947754, 7.511655330657959, 7.894784450531006, 8.28952407836914, 8.684263229370117, 9.079002380371094, 9.46213150024414, 9.845260620117188, 10.239999771118164, 10.63473892211914, 11.029478073120117, 11.424217224121094, 11.81895637512207, 12.202085494995117, 12.58521556854248, 12.979954719543457, 13.374693870544434, 13.76943302154541, 14.164172172546387, 14.547301292419434, 14.93043041229248, 15.325169563293457, 15.719908714294434, 16.114648818969727, 16.509387969970703, 16.88090705871582, 17.264036178588867, 17.658775329589844, 18.06512451171875, 18.459863662719727, 18.842992782592773, 19.23773193359375, 19.620861053466797, 20.003990173339844, 20.39872932434082, 20.793468475341797, 21.188207626342773, 21.57133674621582, 21.966075897216797, 22.360815048217773, 22.75555419921875, 23.13868522644043, 23.533424377441406, 23.916553497314453, 24.31129264831543, 24.706031799316406, 25.100770950317383], "rhythm.bpm_histogram": [0.0, 0.0, 0.0, 0.0, 0.0, 0.0, 0.0, 0.0, 0.0, 0.0, 0.0, 0.0, 0.0, 0.0, 0.0, 0.0, 0.0, 0.0, 0.0, 0.0, 0.0, 0.0, 0.0, 0.0, 0.0, 0.0, 0.0, 0.0, 0.0, 0.0, 0.0, 0.0, 0.0, 0.0, 0.0, 0.0, 0.0, 0.0, 0.0, 0.0, 0.0, 0.0, 0.0, 0.0, 0.0, 0.0, 0.0, 0.0, 0.0, 0.0, 0.0, 0.0, 0.0, 0.0, 0.0, 0.0, 0.0, 0.0, 0.0, 0.0, 0.0, 0.0, 0.0, 0.0, 0.0, 0.0, 0.0, 0.0, 0.0, 0.0, 0.0, 0.0, 0.0, 0.0, 0.0, 0.0, 0.0, 0.0, 0.0, 0.0, 0.0, 0.0, 0.0, 0.0, 0.0, 0.0, 0.0, 0.0, 0.0, 0.0, 0.0, 0.0, 0.0, 0.0, 0.0, 0.0, 0.0, 0.0, 0.0, 0.0, 0.0, 0.0, 0.0, 0.0, 0.0, 0.0, 0.0, 0.0, 0.0, 0.0, 0.0, 0.0, 0.0, 0.0, 0.0, 0.0, 0.0, 0.0, 0.0, 0.0, 0.0, 0.0, 0.0, 0.0, 0.0, 0.0, 0.0, 0.0, 0.0, 0.0, 0.0, 0.0, 0.0, 0.0, 0.0, 0.0, 0.0, 0.0, 0.0, 0.0, 0.0, 0.0, 0.0, 0.0, 0.0, 0.0, 0.0, 0.0, 0.0634920671582222, 0.0, 0.0, 0.0, 0.6190476417541504, 0.0, 0.0, 0.0, 0.0, 0.30158731341362, 0.0, 0.0, 0.0, 0.01587301678955555, 0.0, 0.0, 0.0, 0.0, 0.0, 0.0, 0.0, 0.0, 0.0, 0.0, 0.0, 0.0, 0.0, 0.0, 0.0, 0.0, 0.0, 0.0, 0.0, 0.0, 0.0, 0.0, 0.0, 0.0, 0.0, 0.0, 0.0, 0.0, 0.0, 0.0, 0.0, 0.0, 0.0, 0.0, 0.0, 0.0, 0.0, 0.0, 0.0, 0.0, 0.0, 0.0, 0.0, 0.0, 0.0, 0.0, 0.0, 0.0, 0.0, 0.0, 0.0, 0.0, 0.0, 0.0, 0.0, 0.0, 0.0, 0.0, 0.0, 0.0, 0.0, 0.0, 0.0, 0.0, 0.0, 0.0, 0.0, 0.0, 0.0, 0.0, 0.0, 0.0, 0.0, 0.0, 0.0, 0.0, 0.0, 0.0, 0.0, 0.0, 0.0, 0.0, 0.0, 0.0, 0.0, 0.0, 0.0, 0.0], "tonal.chords_histogram": [1.6304347515106201, 0.18115942180156708, 0.0, 0.0, 0.0, 0.0, 0.0, 0.0, 0.0, 0.0, 2.5362319946289062, 0.0, 1.9927536249160767, 5.253623008728027, 0.0, 0.7246376872062683, 2.17391300201416, 51.81159591674805, 1.8115942478179932, 4.8913044929504395, 1.9927536249160767, 0.0, 11.231884002685547, 13.768115997314453], "tonal.thpcp": [1.0, 0.768089771270752, 0.2798502743244171, 0.17668776214122772, 0.16444718837738037, 0.1646064668893814, 0.2120824009180069, 0.2065775841474533, 0.16432543098926544, 0.4125750660896301, 0.560296893119812, 0.3266424536705017, 0.1714315563440323, 0.16029971837997437, 0.1694362312555313, 0.1748894602060318, 0.1769324243068695, 0.14566108584403992, 0.1429416388273239, 0.19207905232906342, 0.2665732800960541, 0.43094465136528015, 0.46534818410873413, 0.2778853178024292, 0.16515468060970306, 0.15965253114700317, 0.17781753838062286, 0.5935967564582825, 0.7356867790222168, 0.3524155616760254, 0.3330020010471344, 0.4595716893672943, 0.42176634073257446, 0.33108586072921753, 0.33413177728652954, 0.607964277267456], "lowlevel.gfcc.cov": [[6216.3603515625, -1183.375, -528.9171142578125, 259.75836181640625, -294.816650390625, 476.1014099121094, 6.692108154296875, 378.3086242675781, -222.7646942138672, 193.53570556640625, -233.95919799804688, -11.103120803833008, -408.4498291015625], [-1183.375, 2125.110107421875, -99.18207550048828, -177.4952392578125, 528.238525390625, -168.37965393066406, 427.8336181640625, 10.563586235046387, 208.5905303955078, -227.1239013671875, 293.4249572753906, -157.9518280029297, 127.27586364746094], [-528.9171142578125, -99.18207550048828, 1596.4239501953125, 638.3052978515625, 265.3992614746094, 251.2394561767578, 112.0841064453125, 156.11134338378906, 296.4251708984375, 270.34393310546875, 7.007369518280029, 139.88291931152344, 46.034549713134766], [259.75836181640625, -177.4952392578125, 638.3052978515625, 809.718505859375, 291.3854064941406, 124.17134857177734, 43.77265548706055, 174.88526916503906, 342.6662902832031, 146.60549926757812, 15.723664283752441, 84.83808135986328, 119.53572845458984], [-294.816650390625, 528.238525390625, 265.3992614746094, 291.3854064941406, 750.5244750976562, 114.76823425292969, 129.21365356445312, 150.71124267578125, 293.7538146972656, 123.3221664428711, 49.70178985595703, -38.27625274658203, 125.99646759033203], [476.1014099121094, -168.37965393066406, 251.2394561767578, 124.17134857177734, 114.76823425292969, 468.6633605957031, 264.3766784667969, 97.11972045898438, 94.93788146972656, 142.59022521972656, 66.00822448730469, 73.93446350097656, 6.2817559242248535], [6.692108154296875, 427.8336181640625, 112.0841064453125, 43.77265548706055, 129.21365356445312, 264.3766784667969, 597.3975830078125, 185.2786102294922, 103.91556549072266, -30.222705841064453, 191.40658569335938, 48.84688949584961, 15.696084976196289], [378.3086242675781, 10.563586235046387, 156.11134338378906, 174.88526916503906, 150.71124267578125, 97.11972045898438, 185.2786102294922, 309.7090759277344, 155.16864013671875, 57.849609375, 28.555946350097656, 17.762680053710938, 10.42477798461914], [-222.7646942138672, 208.5905303955078, 296.4251708984375, 342.6662902832031, 293.7538146972656, 94.93788146972656, 103.91556549072266, 155.16864013671875, 406.4813232421875, 131.80198669433594, 71.6795883178711, 28.407672882080078, 140.03407287597656], [193.53570556640625, -227.1239013671875, 270.34393310546875, 146.60549926757812, 123.3221664428711, 142.59022521972656, -30.222705841064453, 57.849609375, 131.80198669433594, 261.1784973144531, 30.581106185913086, 41.350948333740234, 18.861787796020508], [-233.95919799804688, 293.4249572753906, 7.007369518280029, 15.723664283752441, 49.70178985595703, 66.00822448730469, 191.40658569335938, 28.555946350097656, 71.6795883178711, 30.581106185913086, 216.86708068847656, 59.28076934814453, 54.7706413269043], [-11.103120803833008, -157.9518280029297, 139.88291931152344, 84.83808135986328, -38.27625274658203, 73.93446350097656, 48.84688949584961, 17.762680053710938, 28.407672882080078, 41.350948333740234, 59.28076934814453, 165.62001037597656, 74.1651382446289], [-408.4498291015625, 127.27586364746094, 46.034549713134766, 119.53572845458984, 125.99646759033203, 6.2817559242248535, 15.696084976196289, 10.42477798461914, 140.03407287597656, 18.861787796020508, 54.7706413269043, 74.1651382446289, 204.4447021484375]], "lowlevel.gfcc.icov": [[0.0003866090555675328, -0.00026959789101965725, 0.000484720163512975, -0.0006232437444850802, 0.0003089155361521989, -0.0005849268054589629, 0.00021989784727338701, -0.0006345836445689201, 0.0004753081884700805, -0.0006296607898548245, 0.0006817501271143556, -0.0004984356346540153, 0.0007692521321587265], [-0.00026959789101965725, 0.002059727441519499, -0.0008570397621951997, 0.001448764931410551, -0.0015075771370902658, 0.0013679679250344634, -0.0009546043584123254, 0.0011378007475286722, -0.001342817791737616, 0.002394224749878049, -0.002789038233458996, 0.0021681867074221373, -0.0009131256374530494], [0.000484720163512975, -0.0008570397621951997, 0.0018776018405333161, -0.0017667750362306833, 0.0006381474086083472, -0.0009092267719097435, 7.895063026808202e-05, -0.000680699769873172, 0.0007096641347743571, -0.0021150014363229275, 0.002080582082271576, -0.001929574878886342, 0.0016271128552034497], [-0.0006232437444850802, 0.001448764931410551, -0.0017667750362306833, 0.004205569624900818, -0.0014616241678595543, 0.0012250089785084128, -0.000186749137355946, 0.0008107401081360877, -0.002895638346672058, 0.00267068762332201, -0.002199325477704406, 0.0010109725408256054, -0.001412618556059897], [0.0003089155361521989, -0.0015075771370902658, 0.0006381474086083472, -0.0014616241678595543, 0.003392864018678665, -0.001269967877306044, 0.0003887318598572165, -0.0013106662081554532, 0.0005475160432979465, -0.002468777121976018, 0.0021546499338001013, 0.00015835587691981345, -0.0005302982754074037], [-0.0005849268054589629, 0.0013679679250344634, -0.0009092267719097435, 0.0012250089785084128, -0.001269967877306044, 0.005771879572421312, -0.003520756959915161, 0.002089761896058917, -0.00099241454154253, -0.0009709590231068432, -0.0005723318899981678, 0.00041029404383152723, -0.0009888492058962584], [0.00021989784727338701, -0.0009546043584123254, 7.895063026808202e-05, -0.000186749137355946, 0.0003887318598572165, -0.003520756959915161, 0.005702238529920578, -0.0029730170499533415, 0.00024083688913378865, 0.002310520736500621, -0.0026321648620069027, -0.000844550144392997, 0.0013408397790044546], [-0.0006345836445689201, 0.0011378007475286722, -0.000680699769873172, 0.0008107401081360877, -0.0013106662081554532, 0.002089761896058917, -0.0029730170499533415, 0.006846626289188862, -0.0027262952644377947, 0.0006487867212854326, -0.0001988582225749269, 0.0004802265902981162, 1.23639347293647e-05], [0.0004753081884700805, -0.001342817791737616, 0.0007096641347743571, -0.002895638346672058, 0.0005475160432979465, -0.00099241454154253, 0.00024083688913378865, -0.0027262952644377947, 0.0080267284065485, -0.0038335639983415604, 0.0011790907010436058, 0.0007482780492864549, -0.002599150175228715], [-0.0006296607898548245, 0.002394224749878049, -0.0021150014363229275, 0.00267068762332201, -0.002468777121976018, -0.0009709590231068432, 0.002310520736500621, 0.0006487867212854326, -0.0038335639983415604, 0.011252418160438538, -0.006135734263807535, 0.0017728932434692979, 9.535928256809711e-05], [0.0006817501271143556, -0.002789038233458996, 0.002080582082271576, -0.002199325477704406, 0.0021546499338001013, -0.0005723318899981678, -0.0026321648620069027, -0.0001988582225749269, 0.0011790907010436058, -0.006135734263807535, 0.01294003240764141, -0.005488586612045765, 0.0011005811393260956], [-0.0004984356346540153, 0.0021681867074221373, -0.001929574878886342, 0.0010109725408256054, 0.00015835587691981345, 0.00041029404383152723, -0.000844550144392997, 0.0004802265902981162, 0.0007482780492864549, 0.0017728932434692979, -0.005488586612045765, 0.013640706427395344, -0.0067261201329529285], [0.0007692521321587265, -0.0009131256374530494, 0.0016271128552034497, -0.001412618556059897, -0.0005302982754074037, -0.0009888492058962584, 0.0013408397790044546, 1.23639347293647e-05, -0.002599150175228715, 9.535928256809711e-05, 0.0011005811393260956, -0.0067261201329529285, 0.011626431718468666]], "lowlevel.mfcc.cov": [[5745.90869140625, -1332.914306640625, -494.91436767578125, -303.3677978515625, -275.60400390625, -38.33550262451172, 141.53170776367188, 189.12025451660156, -71.85433959960938, 174.8507843017578, 169.34765625, 0.9948633909225464, -46.13447570800781], [-1332.914306640625, 2110.99853515625, -406.75030517578125, 41.3854866027832, 70.56035614013672, -75.729248046875, 259.6645812988281, 137.9803009033203, -17.28126335144043, 77.34308624267578, 52.9137077331543, 13.383198738098145, 64.11536407470703], [-494.91436767578125, -406.75030517578125, 1278.563720703125, 355.7630310058594, 136.73304748535156, 250.94912719726562, 0.8440274596214294, 72.55546569824219, 167.42759704589844, 50.3809700012207, 106.85311126708984, 156.9746856689453, 109.4114990234375], [-303.3677978515625, 41.3854866027832, 355.7630310058594, 685.1551513671875, 399.9477233886719, 56.902244567871094, -74.84817504882812, 89.5118408203125, 226.98028564453125, 104.88360595703125, 23.53921127319336, 118.9092788696289, 143.68792724609375], [-275.60400390625, 70.56035614013672, 136.73304748535156, 399.9477233886719, 651.2203369140625, 158.4442596435547, -110.40595245361328, -71.14248657226562, 242.07614135742188, 166.46389770507812, 20.335893630981445, 71.04727172851562, 94.60894775390625], [-38.33550262451172, -75.729248046875, 250.94912719726562, 56.902244567871094, 158.4442596435547, 417.93060302734375, 121.5889892578125, 31.55611228942871, 126.33422088623047, 68.41200256347656, 112.3307876586914, 115.4752197265625, 29.30215835571289], [141.53170776367188, 259.6645812988281, 0.8440274596214294, -74.84817504882812, -110.40595245361328, 121.5889892578125, 372.7546081542969, 201.25918579101562, 8.558792114257812, 61.751121520996094, 118.60189819335938, 64.1571044921875, 12.64245319366455], [189.12025451660156, 137.9803009033203, 72.55546569824219, 89.5118408203125, -71.14248657226562, 31.55611228942871, 201.25918579101562, 347.40203857421875, 111.41683959960938, 62.76548385620117, 91.13518524169922, 69.63214111328125, 43.64748764038086], [-71.85433959960938, -17.28126335144043, 167.42759704589844, 226.98028564453125, 242.07614135742188, 126.33422088623047, 8.558792114257812, 111.41683959960938, 307.5541687011719, 156.33486938476562, 62.21709060668945, 84.3531723022461, 76.94915771484375], [174.8507843017578, 77.34308624267578, 50.3809700012207, 104.88360595703125, 166.46389770507812, 68.41200256347656, 61.751121520996094, 62.76548385620117, 156.33486938476562, 253.87948608398438, 116.34803009033203, 46.63438415527344, 57.308563232421875], [169.34765625, 52.9137077331543, 106.85311126708984, 23.53921127319336, 20.335893630981445, 112.3307876586914, 118.60189819335938, 91.13518524169922, 62.21709060668945, 116.34803009033203, 202.0176544189453, 97.33999633789062, 39.650299072265625], [0.9948633909225464, 13.383198738098145, 156.9746856689453, 118.9092788696289, 71.04727172851562, 115.4752197265625, 64.1571044921875, 69.63214111328125, 84.3531723022461, 46.63438415527344, 97.33999633789062, 159.0550079345703, 86.09274291992188], [-46.13447570800781, 64.11536407470703, 109.4114990234375, 143.68792724609375, 94.60894775390625, 29.30215835571289, 12.64245319366455, 43.64748764038086, 76.94915771484375, 57.308563232421875, 39.650299072265625, 86.09274291992188, 157.49542236328125]], "lowlevel.mfcc.icov": [[0.0002763849915936589, 0.0002531797217670828, 0.00019434327259659767, 1.51247450048686e-05, 6.34061461823876e-06, 8.21773755887989e-06, -5.1633916882565245e-05, -0.00023972037888597697, 0.0002595125697553158, -0.000325956498272717, -0.00013117413618601859, -3.8621321436949074e-05, -5.9723868616856635e-05], [0.0002531797217670828, 0.0008428082801401615, 0.00037763267755508423, -8.030136814340949e-05, -0.0002321347565157339, 0.0002254228456877172, -0.0006184947560541332, -0.00024047486658673733, 0.0003874923277180642, -0.0002591070660855621, -0.0001978217769647017, 8.213879482354969e-05, -0.0003343565040268004], [0.00019434327259659767, 0.00037763267755508423, 0.001331273466348648, -0.0007130161393433809, 0.0004261351132299751, -0.0006200417410582304, 6.051210220903158e-05, -6.266174023039639e-05, 3.481933526927605e-05, -4.8208101361524314e-05, -0.0004609959141816944, -9.381176641909406e-05, -0.00033137487480416894], [1.51247450048686e-05, -8.030136814340949e-05, -0.0007130161393433809, 0.0036471858620643616, -0.0020692830439656973, 0.0008850810118019581, 0.0006686864071525633, -0.001438709907233715, -0.00022630045714322478, 0.00021674326853826642, 0.000654113944619894, -0.001283697783946991, -0.0008028442971408367], [6.34061461823876e-06, -0.0002321347565157339, 0.0004261351132299751, -0.0020692830439656973, 0.004353236872702837, -0.0014520243275910616, 0.0005970633355900645, 0.001824597013182938, -0.0016107955016195774, -0.0014793719165027142, 0.0005122227012179792, 0.00028126168763265014, -0.0001676661049714312], [8.21773755887989e-06, 0.0002254228456877172, -0.0006200417410582304, 0.0008850810118019581, -0.0014520243275910616, 0.004815880209207535, -0.002100670011714101, 0.0011363530065864325, -0.0015872761141508818, 0.0011671064421534538, -0.0010924956295639277, -0.001978249056264758, 0.0010710966307669878], [-5.1633916882565245e-05, -0.0006184947560541332, 6.051210220903158e-05, 0.0006686864071525633, 0.0005970633355900645, -0.002100670011714101, 0.006439399905502796, -0.003421998815611005, 0.0018702067900449038, -0.0014616522239521146, -0.000449188839411363, -0.000734474160708487, 0.0001808702218113467], [-0.00023972037888597697, -0.00024047486658673733, -6.266174023039639e-05, -0.001438709907233715, 0.001824597013182938, 0.0011363530065864325, -0.003421998815611005, 0.0069877891801297665, -0.003767693415284157, 0.0012612252030521631, -0.0011414499022066593, 0.00017313144053332508, -1.0937188562820666e-05], [0.0002595125697553158, 0.0003874923277180642, 3.481933526927605e-05, -0.00022630045714322478, -0.0016107955016195774, -0.0015872761141508818, 0.0018702067900449038, -0.003767693415284157, 0.009056384675204754, -0.004368931986391544, 0.0019463024800643325, -0.0018004797166213393, -8.329948468599468e-05], [-0.000325956498272717, -0.0002591070660855621, -4.8208101361524314e-05, 0.00021674326853826642, -0.0014793719165027142, 0.0011671064421534538, -0.0014616522239521146, 0.0012612252030521631, -0.004368931986391544, 0.009824397973716259, -0.005534961353987455, 0.003486921079456806, -0.0016678168904036283], [-0.00013117413618601859, -0.0001978217769647017, -0.0004609959141816944, 0.000654113944619894, 0.0005122227012179792, -0.0010924956295639277, -0.000449188839411363, -0.0011414499022066593, 0.0019463024800643325, -0.005534961353987455, 0.011946783401072025, -0.006315399426966906, 0.0015212157741189003], [-3.8621321436949074e-05, 8.213879482354969e-05, -9.381176641909406e-05, -0.001283697783946991, 0.00028126168763265014, -0.001978249056264758, -0.000734474160708487, 0.00017313144053332508, -0.0018004797166213393, 0.003486921079456806, -0.006315399426966906, 0.01598113402724266, -0.006133406888693571], [-5.9723868616856635e-05, -0.0003343565040268004, -0.00033137487480416894, -0.0008028442971408367, -0.0001676661049714312, 0.0010710966307669878, 0.0001808702218113467, -1.0937188562820666e-05, -8.329948468599468e-05, -0.0016678168904036283, 0.0015212157741189003, -0.006133406888693571, 0.010937971994280815]], "metadata.audio_properties.analysis.downmix": "mix", "metadata.audio_properties.codec": "mp3", "metadata.audio_properties.md5_encoded": "2edcca4fc0a07beb1f8e6406a55002f3", "metadata.tags.file_name": "1183655915858165880.mp3", "metadata.version.essentia": "2.1-beta6-dev", "metadata.version.essentia_git_sha": "v2.1_beta5-1110-g77a6a954", "metadata.version.extractor": "music 2.0", "tonal.chords_key": "F#", "tonal.chords_scale": "minor", "tonal.key_edma.key": "F#", "tonal.key_edma.scale": "minor", "tonal.key_krumhansl.key": "F#", "tonal.key_krumhansl.scale": "minor", "tonal.key_temperley.key": "F#", "tonal.key_temperley.s