{"song_id": "1183699892389027871", "download": "https://cdn.discordapp.com/attachments/1135911532732108921/1183699892389027871/chirp.mp4?ex=6589496e&amp", "lyrics": "\u0414\u0432\u0430 \u0442\u0440\u0438 \u0434\u0432\u0430 \u0447\u0435\u0442\u044b\u0440\u0435 \u043f\u044f\u0442\u044c\n\u0442\u0440\u0438\u0441\u0442\u0430 \u043f\u044f\u0442\u044c \u0447\u0435\u0442\u044b\u0440\u0435 \u0432\u043e\u0441\u0435\u043c\u044c\n\u0441\u0435\u043c\u044c\u0441\u043e\u0442 \u0441\u043e\u0440\u043e\u043a \u0434\u0432\u0430\u0434\u0446\u0430\u0442\u044c \u043f\u044f\u0442\u044c\n\u0434\u0435\u0441\u044f\u0442\u044c \u0442\u044b\u0441\u044f\u0447 \u043f\u044f\u0442\u044c\u0441\u043e\u0442 \u0432\u043e\u0441\u0435\u043c\u044c\n2 3 2 4 5\n305 4 8\n740 25\n10000 508", "style": ["random"], "essentia_features": {"lowlevel.average_loudness": 0.9577493071556091, "lowlevel.barkbands_crest.mean": 12.003130912780762, "lowlevel.barkbands_crest.stdev": 5.234701633453369, "lowlevel.barkbands_flatness_db.mean": 0.16382640600204468, "lowlevel.barkbands_flatness_db.stdev": 0.049104757606983185, "lowlevel.barkbands_kurtosis.mean": 3.1708009243011475, "lowlevel.barkbands_kurtosis.stdev": 6.388050079345703, "lowlevel.barkbands_skewness.mean": 1.2303287982940674, "lowlevel.barkbands_skewness.stdev": 1.4028207063674927, "lowlevel.barkbands_spread.mean": 26.52716827392578, "lowlevel.barkbands_spread.stdev": 16.1855411529541, "lowlevel.dissonance.mean": 0.485554039478302, "lowlevel.dissonance.stdev": 0.015143671073019505, "lowlevel.dynamic_complexity": 3.530656337738037, "lowlevel.erbbands_crest.mean": 8.252718925476074, "lowlevel.erbbands_crest.stdev": 4.039918899536133, "lowlevel.erbbands_flatness_db.mean": 0.17794016003608704, "lowlevel.erbbands_flatness_db.stdev": 0.07426337897777557, "lowlevel.erbbands_kurtosis.mean": 1.3164050579071045, "lowlevel.erbbands_kurtosis.stdev": 2.662907838821411, "lowlevel.erbbands_skewness.mean": -0.012594782747328281, "lowlevel.erbbands_skewness.stdev": 0.9176010489463806, "lowlevel.erbbands_spread.mean": 34.99479293823242, "lowlevel.erbbands_spread.stdev": 19.289308547973633, "lowlevel.hfc.mean": 24.047391891479492, "lowlevel.hfc.stdev": 22.62834358215332, "lowlevel.loudness_ebu128.integrated": -27.25408363342285, "lowlevel.loudness_ebu128.loudness_range": 1.2227363586425781, "lowlevel.loudness_ebu128.momentary.mean": -28.012149810791016, "lowlevel.loudness_ebu128.momentary.stdev": 3.754931688308716, "lowlevel.loudness_ebu128.short_term.mean": -27.288219451904297, "lowlevel.loudness_ebu128.short_term.stdev": 0.4361889064311981, "lowlevel.melbands_crest.mean": 16.071598052978516, "lowlevel.melbands_crest.stdev": 7.01606559753418, "lowlevel.melbands_flatness_db.mean": 0.1838468313217163, "lowlevel.melbands_flatness_db.stdev": 0.06076732650399208, "lowlevel.melbands_kurtosis.mean": 13.314925193786621, "lowlevel.melbands_kurtosis.stdev": 20.86026954650879, "lowlevel.melbands_skewness.mean": 2.5714480876922607, "lowlevel.melbands_skewness.stdev": 2.118811845779419, "lowlevel.melbands_spread.mean": 31.599828720092773, "lowlevel.melbands_spread.stdev": 27.098876953125, "lowlevel.pitch_salience.mean": 0.5185909271240234, "lowlevel.pitch_salience.stdev": 0.1775638461112976, "lowlevel.silence_rate_20dB.mean": 1.0, "lowlevel.silence_rate_20dB.stdev": 0.0, "lowlevel.silence_rate_30dB.mean": 0.9977502822875977, "lowlevel.silence_rate_30dB.stdev": 0.04737754538655281, "lowlevel.silence_rate_60dB.mean": 0.09673790633678436, "lowlevel.silence_rate_60dB.stdev": 0.29560336470603943, "lowlevel.spectral_centroid.mean": 1994.3768310546875, "lowlevel.spectral_centroid.stdev": 728.0429077148438, "lowlevel.spectral_complexity.mean": 19.71878433227539, "lowlevel.spectral_complexity.stdev": 9.866668701171875, "lowlevel.spectral_decrease.mean": -5.247544176967267e-09, "lowlevel.spectral_decrease.stdev": 4.858327962153908e-09, "lowlevel.spectral_energy.mean": 0.02198662795126438, "lowlevel.spectral_energy.stdev": 0.019354205578565598, "lowlevel.spectral_energyband_high.mean": 0.0011381569784134626, "lowlevel.spectral_energyband_high.stdev": 0.0016157188219949603, "lowlevel.spectral_energyband_low.mean": 0.009851288050413132, "lowlevel.spectral_energyband_low.stdev": 0.014164876192808151, "lowlevel.spectral_energyband_middle_high.mean": 0.00693511264398694, "lowlevel.spectral_energyband_middle_high.stdev": 0.009992420673370361, "lowlevel.spectral_energyband_middle_low.mean": 0.004372675437480211, "lowlevel.spectral_energyband_middle_low.stdev": 0.008772172965109348, "lowlevel.spectral_entropy.mean": 7.897680282592773, "lowlevel.spectral_entropy.stdev": 0.3951331675052643, "lowlevel.spectral_flux.mean": 0.08071336150169373, "lowlevel.spectral_flux.stdev": 0.05049145221710205, "lowlevel.spectral_kurtosis.mean": 4.663649559020996, "lowlevel.spectral_kurtosis.stdev": 4.074037551879883, "lowlevel.spectral_rms.mean": 0.004196689929813147, "lowlevel.spectral_rms.stdev": 0.0019591222517192364, "lowlevel.spectral_rolloff.mean": 2449.4326171875, "lowlevel.spectral_rolloff.stdev": 2564.45703125, "lowlevel.spectral_skewness.mean": 1.643578290939331, "lowlevel.spectral_skewness.stdev": 0.5841967463493347, "lowlevel.spectral_spread.mean": 5173385.5, "lowlevel.spectral_spread.stdev": 1971613.375, "lowlevel.spectral_strongpeak.mean": 0.8370248675346375, "lowlevel.spectral_strongpeak.stdev": 1.211606502532959, "lowlevel.zerocrossingrate.mean": 0.0936126857995987, "lowlevel.zerocrossingrate.stdev": 0.06826131045818329, "metadata.audio_properties.analysis.equal_loudness": 0.0, "metadata.audio_properties.analysis.length": 20.607982635498047, "metadata.audio_properties.analysis.sample_rate": 44100.0, "metadata.audio_properties.analysis.start_time": 0.0, "metadata.audio_properties.bit_rate": 111349.0, "metadata.audio_properties.length": 20.607999801635742, "metadata.audio_properties.lossless": 0.0, "metadata.audio_properties.number_channels": 1.0, "metadata.audio_properties.replay_gain": -0.5490245819091797, "metadata.audio_properties.sample_rate": 48000.0, "rhythm.beats_count": 57.0, "rhythm.beats_loudness.mean": 0.03447212651371956, "rhythm.beats_loudness.stdev": 0.02333976700901985, "rhythm.bpm": 165.74903869628906, "rhythm.bpm_histogram_first_peak_bpm": 167.0, "rhythm.bpm_histogram_first_peak_weight": 0.0, "rhythm.bpm_histogram_second_peak_bpm": 172.0, "rhythm.bpm_histogram_second_peak_spread": 0.0, "rhythm.bpm_histogram_second_peak_weight": 0.3035714328289032, "rhythm.danceability": 1.430130958557129, "rhythm.onset_rate": 3.3444929122924805, "tonal.chords_changes_rate": 0.06741572916507721, "tonal.chords_number_rate": 0.017977528274059296, "tonal.chords_strength.mean": 0.5613098740577698, "tonal.chords_strength.stdev": 0.09126941114664078, "tonal.hpcp_crest.mean": 11.282989501953125, "tonal.hpcp_crest.stdev": 5.536459445953369, "tonal.hpcp_entropy.mean": 2.5023982524871826, "tonal.hpcp_entropy.stdev": 0.7685795426368713, "tonal.key_edma.strength": 0.7309964299201965, "tonal.key_krumhansl.strength": 0.7423387765884399, "tonal.key_temperley.strength": 0.7402351498603821, "tonal.tuning_diatonic_strength": 0.7340292930603027, "tonal.tuning_equal_tempered_deviation": 0.2952612340450287, "tonal.tuning_frequency": 434.193115234375, "tonal.tuning_nontempered_energy_ratio": 0.9175752401351929, "lowlevel.barkbands.mean": [0.00038413633592426777, 0.0077827200293540955, 0.001516622374765575, 0.00033454300137236714, 0.0007003414793871343, 0.001577146234922111, 0.0005597941344603896, 0.0004892895231023431, 0.00048157566925510764, 0.0007395059219561517, 0.0008363981614820659, 0.0011207412462681532, 0.0007071357103995979, 0.0007332208333536983, 0.00045773701276630163, 0.0003782849234994501, 0.0007343300385400653, 0.0007470599375665188, 0.0004869491094723344, 0.00014296849258244038, 0.00013922472135163844, 0.00011129530321341008, 0.00020649837097153068, 0.0002760227653197944, 0.00024495820980519056, 9.812092321226373e-05, 1.1090864893148478e-09], "lowlevel.barkbands.stdev": [0.0008436969364993274, 0.011754138395190239, 0.0033259624615311623, 0.0017412025481462479, 0.002169614424929023, 0.005971912760287523, 0.0034865986090153456, 0.0016858592862263322, 0.001355253509245813, 0.0029098207596689463, 0.0034006040077656507, 0.003344350727275014, 0.0016373794060200453, 0.0014275888679549098, 0.0008419555961154401, 0.000834754784591496, 0.0019403689075261354, 0.0013780053704977036, 0.0014651432866230607, 0.00020280430908314884, 0.00022873001580592245, 0.0001546300482004881, 0.0003015534020960331, 0.0006679467624053359, 0.0004195553483441472, 0.0001629427570151165, 1.5945248454940497e-09], "lowlevel.erbbands.mean": [0.23533068597316742, 1.6495240926742554, 2.319575071334839, 1.2786682844161987, 1.5172961950302124, 2.364788055419922, 6.233931541442871, 15.149657249450684, 10.41966724395752, 8.757174491882324, 9.930083274841309, 11.573116302490234, 20.573041915893555, 25.13671875, 38.513458251953125, 46.72241973876953, 33.87302780151367, 35.73336410522461, 30.387619018554688, 21.918851852416992, 24.232593536376953, 43.321319580078125, 43.39168930053711, 31.2512264251709, 17.710525512695312, 6.742833614349365, 5.664829730987549, 5.0084123611450195, 3.8073036670684814, 4.269642353057861, 6.633645057678223, 6.109370708465576, 4.558061599731445, 2.51680588722229, 1.8486815690994263, 0.9127242565155029, 0.05171971023082733, 0.0012431206414476037, 8.993490337161347e-05, 3.7906404031673446e-05], "lowlevel.erbbands.stdev": [0.41202014684677124, 2.4417619705200195, 3.9551703929901123, 5.398845195770264, 6.563553333282471, 6.508714199066162, 22.066879272460938, 64.58377075195312, 49.06463623046875, 50.608001708984375, 31.117395401000977, 32.95606231689453, 70.53787994384766, 111.40630340576172, 131.91143798828125, 142.7090301513672, 72.88011169433594, 63.8790397644043, 58.94664764404297, 45.24991226196289, 53.7623405456543, 108.16060638427734, 82.5042953491211, 98.00386810302734, 38.72229766845703, 8.910372734069824, 9.480888366699219, 7.784035682678223, 5.279495716094971, 6.046982288360596, 10.08574390411377, 14.039073944091797, 11.328773498535156, 4.876537322998047, 3.012866497039795, 1.505173683166504, 0.0845315232872963, 0.0019767661578953266, 0.00012438619160093367, 3.037922033399809e-05], "lowlevel.gfcc.mean": [-29.021272659301758, 35.6887092590332, -150.3041229248047, 15.948960304260254, -66.79362487792969, 27.949398040771484, -50.82048034667969, 21.074079513549805, -32.15422058105469, 4.23960018157959, -12.196548461914062, 4.5781731605529785, -8.428723335266113], "lowlevel.melbands.mean": [0.002145459409803152, 0.0015222510555759072, 0.000232105769100599, 0.00013219757238402963, 0.00019847718067467213, 0.0003270297893323004, 0.0001498687342973426, 9.914634574670345e-05, 7.827482477296144e-05, 7.228992762975395e-05, 0.00010375488636782393, 9.913229587255046e-05, 0.00011947979510296136, 0.0001288859057240188, 9.889379725791514e-05, 6.612588185817003e-05, 6.818271504016593e-05, 5.35768449481111e-05, 3.1926774681778625e-05, 2.7199810574529693e-05, 2.820786539814435e-05, 4.5466375013347715e-05, 4.306147820898332e-05, 3.327271406305954e-05, 2.498691901564598e-05, 1.5782830814714544e-05, 7.530856237281114e-06, 3.7537276966759237e-06, 3.11025655719277e-06, 4.046201411256334e-06, 2.50556945502467e-06, 2.11444285014295e-06, 2.223069031970226e-06, 2.3257553039002232e-06, 3.7658167002518894e-06, 3.940317583328579e-06, 3.615221658037626e-06, 3.4242339097545482e-06, 2.1136859231773997e-06, 2.1609203031403013e-06], "lowlevel.melbands.stdev": [0.0034249776508659124, 0.002207365585491061, 0.0008789337007328868, 0.0004315667611081153, 0.0006442213780246675, 0.0013216736260801554, 0.0007310959626920521, 0.0005091765779070556, 0.0002387425338383764, 0.0001978543441509828, 0.00037764248554594815, 0.0004485067038331181, 0.00044855353189632297, 0.00036498912959359586, 0.0002938917896244675, 0.00014586957695428282, 0.00012841053830925375, 0.00011343926598783582, 5.9695474192267284e-05, 6.274034240050241e-05, 6.523040792671964e-05, 0.00012735817290376872, 8.674736454850063e-05, 6.753019260941073e-05, 9.384448640048504e-05, 3.642211595433764e-05, 1.2533737390185706e-05, 5.49733567822841e-06, 5.337498805602081e-06, 7.0047349254309665e-06, 3.918837137462106e-06, 3.056663445022423e-06, 3.2460782222187845e-06, 3.4498834793339483e-06, 5.507271453097928e-06, 7.741290573903825e-06, 9.011465408548247e-06, 8.931951015256345e-06, 4.531314061750891e-06, 4.248110144544626e-06], "lowlevel.melbands128.mean": [0.00036369296140037477, 0.0018161084735766053, 0.0029368007089942694, 0.0027255916502326727, 0.0015541084576398134, 0.0006056131678633392, 0.00024070001381915063, 0.00015514224651269615, 0.00015877488476689905, 0.00011670619278447703, 0.00012446615437511355, 0.00015310736489482224, 0.00019510638958308846, 0.00027850837795995176, 0.00038576615042984486, 0.00034714266075752676, 0.0001963557006092742, 0.00011784701200667769, 8.019028609851375e-05, 9.377965034218505e-05, 0.00011681450996547937, 9.309086453868076e-05, 7.024632941465825e-05, 6.449740612879395e-05, 7.504977111238986e-05, 7.486349204555154e-05, 6.867632328066975e-05, 0.00012141124898334965, 0.00012357141531538218, 8.115643140627071e-05, 0.00010081889195134863, 0.00010904147347901016, 0.00011024525883840397, 0.00014638362335972488, 0.00011231788812438026, 0.0001329330261796713, 0.0001412842102581635, 9.63781276368536e-05, 7.672647188883275e-05, 6.794428190914914e-05, 6.85770864947699e-05, 5.545980093302205e-05, 5.7081702834693715e-05, 9.136250446317717e-05, 6.415056850528345e-05, 4.6952794946264476e-05, 3.772649142774753e-05, 3.2965173886623234e-05, 2.7994858101010323e-05, 2.9952178010717034e-05, 2.3583030269946903e-05, 3.1123156077228487e-05, 2.2690624973620288e-05, 2.4489101633662358e-05, 4.491550134844147e-05, 5.036794027546421e-05, 4.522847666521557e-05, 3.922381074517034e-05, 4.6309818571899086e-05, 4.223644646117464e-05, 3.560341792763211e-05, 2.168464197893627e-05, 2.8958382245036773e-05, 2.68324110948015e-05, 1.7055293938028626e-05, 1.653682738833595e-05, 1.5462674127775244e-05, 7.755042133794632e-06, 7.355683010246139e-06, 4.21935919803218e-06, 3.2272209864459e-06, 3.964548341173213e-06, 2.9941334105387796e-06, 2.4995770218083635e-06, 3.690053063110099e-06, 4.8351821533287875e-06, 4.0167392398871016e-06, 2.582402657935745e-06, 2.372431026742561e-06, 2.264643171656644e-06, 2.283530875502038e-06, 2.044835582637461e-06, 1.6934312725425116e-06, 2.5032888970599743e-06, 2.3071497707860544e-06, 2.3227432848216267e-06, 1.929619656948489e-06, 3.035086137970211e-06, 3.997358362539671e-06, 4.239511781634064e-06, 4.15238309869892e-06, 3.581701776056434e-06, 4.112565875402652e-06, 4.056313628097996e-06, 2.812568027366069e-06, 3.0979722396295983e-06, 4.059740149386926e-06, 3.506257371554966e-06, 1.2952430097357137e-06, 2.1683772502001375e-06, 1.8606654066388728e-06, 2.4110370304697426e-06, 2.054904143733438e-06, 2.0132977169851074e-06, 1.721082981021027e-06, 2.6495995371078607e-06, 2.0672200662374962e-06, 1.975388613573159e-06, 1.8843044244931662e-06, 1.4068954214963014e-06, 2.955750630917464e-07, 3.8995960238707994e-08, 9.196584049853129e-10, 2.078573702046782e-10, 5.7452521906586895e-11, 3.425249320287982e-11, 8.454491447207335e-12, 5.33926418702646e-12, 5.0469346583870145e-12, 4.883453884330091e-12, 4.73229962161259e-12, 4.668064979701514e-12, 4.638491413883061e-12, 4.489021567660734e-12, 4.0397437998940244e-12, 3.2742263761376122e-12, 2.8639909454425405e-12, 2.7925754157026583e-12], "lowlevel.melbands128.stdev": [0.0007880042539909482, 0.0035324471537023783, 0.004966218024492264, 0.004028952680528164, 0.002498738234862685, 0.0015757754445075989, 0.0012453155359253287, 0.0007654241053387523, 0.0007698513218201697, 0.00043680277303792536, 0.0003547885571606457, 0.0005967848701402545, 0.0008341005886904895, 0.00119602435734123, 0.0017604674212634563, 0.0018836171366274357, 0.0009159662877209485, 0.000936134485527873, 0.0007294423412531614, 0.0006982351769693196, 0.0004744693578686565, 0.0004007151292171329, 0.0002482706040609628, 0.00032644299790263176, 0.0003141269844491035, 0.00020473181211855263, 0.0001834779541241005, 0.00044971780152991414, 0.0007447798270732164, 0.0003166845999658108, 0.0006872545927762985, 0.0005540209240280092, 0.0005729834083467722, 0.0006941222818568349, 0.00035379096516408026, 0.0004923173110000789, 0.0005921950796619058, 0.00036435917718335986, 0.0002526156313251704, 0.00017269891395699233, 0.00019414612324908376, 0.00012405458255670965, 0.00013088145351503044, 0.00021296428167261183, 0.00016526020772289485, 0.00013890920672565699, 8.231831452576444e-05, 6.668772402917966e-05, 7.861217454774305e-05, 8.385928958887234e-05, 6.03031185164582e-05, 0.0001033500739140436, 4.886859096586704e-05, 5.87451686442364e-05, 0.00015464038006030023, 0.00016563021927140653, 0.00011749227269319817, 0.00010384160123066977, 0.00010698015103116632, 0.00010095944162458181, 9.772609337233007e-05, 4.36472000728827e-05, 9.881601727101952e-05, 0.00015012770018074661, 4.738434654427692e-05, 3.8731501263100654e-05, 6.10502902418375e-05, 1.3134826076566242e-05, 1.2396075362630654e-05, 7.343912784563145e-06, 4.8334682105632965e-06, 7.195106263679918e-06, 5.982491984468652e-06, 4.409094799484592e-06, 8.084341970970854e-06, 9.12216546566924e-06, 7.3191963565477636e-06, 4.699456894741161e-06, 4.142858415434603e-06, 3.4820679957192624e-06, 3.6311405438027577e-06, 3.4325526030443143e-06, 2.6005498057202203e-06, 3.988572188973194e-06, 3.931853370886529e-06, 3.9147639654402155e-06, 3.2683747122064233e-06, 5.005053026252426e-06, 6.15438375461963e-06, 6.958987796679139e-06, 7.690013262617867e-06, 8.356553735211492e-06, 1.0453591130499262e-05, 1.152515960711753e-05, 7.175915925472509e-06, 8.388101377931889e-06, 1.1692652151396032e-05, 9.671488442108966e-06, 2.543045411584899e-06, 5.046209480497055e-06, 4.179531060799491e-06, 5.396447249950143e-06, 3.7571430766547564e-06, 3.3535625334479846e-06, 3.536844360496616e-06, 4.81184224554454e-06, 3.577223424144904e-06, 3.4547288123576436e-06, 3.5042774015892064e-06, 2.5022534373420058e-06, 6.053938363947964e-07, 2.071632962952208e-07, 7.965092585493494e-09, 5.1246447085873115e-09, 1.3424920064508683e-09, 7.612036001525269e-10, 5.724895210668102e-11, 8.312951889355435e-12, 6.138829028445869e-12, 5.981043785241447e-12, 5.823077263433785e-12, 5.685049653259e-12, 5.578540233919238e-12, 5.505639347203051e-12, 5.396623686121371e-12, 5.32744117917594e-12, 5.278246589801583e-12, 5.250189172301134e-12], "lowlevel.mfcc.mean": [-662.0095825195312, 72.07808685302734, -27.72456169128418, -9.752251625061035, 2.424605131149292, -3.9958040714263916, 0.2722383141517639, 5.478507041931152, -7.111303329467773, -2.625532865524292, -0.3986799120903015, -0.07831400632858276, -5.425417423248291], "lowlevel.spectral_contrast_coeffs.mean": [-0.683430016040802, -0.7951934933662415, -0.8037316799163818, -0.8182920217514038, -0.7757842540740967, -0.7881805896759033], "lowlevel.spectral_contrast_coeffs.stdev": [0.1354728788137436, 0.0840131863951683, 0.05380623787641525, 0.042762309312820435, 0.06139746308326721, 0.032347921282052994], "lowlevel.spectral_contrast_valleys.mean": [-8.447929382324219, -7.244766712188721, -7.069416522979736, -7.235918045043945, -7.503844738006592, -9.844970703125], "lowlevel.spectral_contrast_valleys.stdev": [2.1468143463134766, 0.7989281415939331, 0.75263512134552, 0.8320441842079163, 1.0045746564865112, 1.1459015607833862], "rhythm.beats_loudness_band_ratio.mean": [0.35184723138809204, 0.15072833001613617, 0.10182144492864609, 0.19512693583965302, 0.16074612736701965, 0.07651765644550323], "rhythm.beats_loudness_band_ratio.stdev": [0.3386595547199249, 0.196239173412323, 0.10007770359516144, 0.2125702202320099, 0.16965748369693756, 0.05575646460056305], "tonal.hpcp.mean": [0.10132288187742233, 0.09380745887756348, 0.12081994116306305, 0.15445059537887573, 0.1467723846435547, 0.11549006402492523, 0.10859095305204391, 0.11190305650234222, 0.11286626756191254, 0.1820385754108429, 0.22104905545711517, 0.16166344285011292, 0.1122095137834549, 0.09457773715257645, 0.09694747626781464, 0.11277931183576584, 0.14698828756809235, 0.17675259709358215, 0.2053760141134262, 0.2024117261171341, 0.14791762828826904, 0.11452745646238327, 0.12158220261335373, 0.15388742089271545, 0.22331035137176514, 0.2273968756198883, 0.16661511361598969, 0.12375232577323914, 0.10394569486379623, 0.14345046877861023, 0.2526579201221466, 0.32285040616989136, 0.26079919934272766, 0.17324016988277435, 0.13533806800842285, 0.12012896686792374], "tonal.hpcp.stdev": [0.1729109287261963, 0.1727556735277176, 0.2125018686056137, 0.2564137279987335, 0.24044057726860046, 0.18885257840156555, 0.18483847379684448, 0.19760404527187347, 0.1935550719499588, 0.2788267135620117, 0.3117796778678894, 0.2386430948972702, 0.2030038684606552, 0.16798929870128632, 0.17065542936325073, 0.17408742010593414, 0.21289969980716705, 0.24762926995754242, 0.28874972462654114, 0.29098644852638245, 0.21510687470436096, 0.18584123253822327, 0.18873998522758484, 0.21777333319187164, 0.29843923449516296, 0.2968958020210266, 0.22805678844451904, 0.19407455623149872, 0.16418369114398956, 0.20171666145324707, 0.30747321248054504, 0.3611639440059662, 0.3106823265552521, 0.2391049712896347, 0.21197041869163513, 0.2043665647506714], "rhythm.beats_position": [0.3366893231868744, 0.6965986490249634, 1.0681178569793701, 1.4280271530151367, 1.7879364490509033, 2.14784574508667, 2.5077550411224365, 2.8560543060302734, 3.2043535709381104, 3.564262866973877, 3.9241721630096436, 4.29569149017334, 4.643990993499756, 4.992290019989014, 5.352199554443359, 5.712108612060547, 6.072018146514893, 6.43192720413208, 6.8034467697143555, 7.151745796203613, 7.511655330657959, 7.8715643882751465, 8.231473922729492, 8.59138298034668, 8.962902069091797, 9.311202049255371, 9.63628101348877, 9.996190071105957, 10.356099128723145, 10.716009140014648, 11.075918197631836, 11.424217224121094, 11.772517204284668, 12.144036293029785, 12.515555381774902, 12.86385440826416, 13.212154388427734, 13.560453414916992, 13.92036247253418, 14.280271530151367, 14.628571510314941, 14.988480567932129, 15.348389625549316, 15.708298683166504, 16.068208694458008, 16.416507720947266, 16.776416778564453, 17.13632583618164, 17.4846248626709, 17.856143951416016, 18.216054916381836, 18.575963973999023, 18.92426300048828, 19.27256202697754, 19.632471084594727, 19.992380142211914, 20.340679168701172], "rhythm.bpm_histogram": [0.0, 0.0, 0.0, 0.0, 0.0, 0.0, 0.0, 0.0, 0.0, 0.0, 0.0, 0.0, 0.0, 0.0, 0.0, 0.0, 0.0, 0.0, 0.0, 0.0, 0.0, 0.0, 0.0, 0.0, 0.0, 0.0, 0.0, 0.0, 0.0, 0.0, 0.0, 0.0, 0.0, 0.0, 0.0, 0.0, 0.0, 0.0, 0.0, 0.0, 0.0, 0.0, 0.0, 0.0, 0.0, 0.0, 0.0, 0.0, 0.0, 0.0, 0.0, 0.0, 0.0, 0.0, 0.0, 0.0, 0.0, 0.0, 0.0, 0.0, 0.0, 0.0, 0.0, 0.0, 0.0, 0.0, 0.0, 0.0, 0.0, 0.0, 0.0, 0.0, 0.0, 0.0, 0.0, 0.0, 0.0, 0.0, 0.0, 0.0, 0.0, 0.0, 0.0, 0.0, 0.0, 0.0, 0.0, 0.0, 0.0, 0.0, 0.0, 0.0, 0.0, 0.0, 0.0, 0.0, 0.0, 0.0, 0.0, 0.0, 0.0, 0.0, 0.0, 0.0, 0.0, 0.0, 0.0, 0.0, 0.0, 0.0, 0.0, 0.0, 0.0, 0.0, 0.0, 0.0, 0.0, 0.0, 0.0, 0.0, 0.0, 0.0, 0.0, 0.0, 0.0, 0.0, 0.0, 0.0, 0.0, 0.0, 0.0, 0.0, 0.0, 0.0, 0.0, 0.0, 0.0, 0.0, 0.0, 0.0, 0.0, 0.0, 0.0, 0.0, 0.0, 0.0, 0.0, 0.0, 0.0, 0.0, 0.0, 0.0, 0.0, 0.0, 0.0, 0.0, 0.0, 0.0, 0.0, 0.0, 0.0, 0.125, 0.0, 0.0, 0.0, 0.0, 0.0, 0.5535714030265808, 0.0, 0.0, 0.0, 0.0, 0.3035714328289032, 0.0, 0.0, 0.0, 0.0, 0.0, 0.0, 0.0, 0.0, 0.0, 0.0, 0.0, 0.0, 0.01785714365541935, 0.0, 0.0, 0.0, 0.0, 0.0, 0.0, 0.0, 0.0, 0.0, 0.0, 0.0, 0.0, 0.0, 0.0, 0.0, 0.0, 0.0, 0.0, 0.0, 0.0, 0.0, 0.0, 0.0, 0.0, 0.0, 0.0, 0.0, 0.0, 0.0, 0.0, 0.0, 0.0, 0.0, 0.0, 0.0, 0.0, 0.0, 0.0, 0.0, 0.0, 0.0, 0.0, 0.0, 0.0, 0.0, 0.0, 0.0, 0.0, 0.0, 0.0, 0.0, 0.0, 0.0, 0.0, 0.0, 0.0, 0.0, 0.0, 0.0, 0.0, 0.0, 0.0, 0.0, 0.0], "tonal.chords_histogram": [26.067415237426758, 0.0, 5.842696666717529, 5.842696666717529, 0.0, 0.6741573214530945, 0.0, 32.35955047607422, 8.314606666564941, 5.842696666717529, 0.0, 0.0, 0.0, 0.0, 0.0, 0.0, 0.0, 0.0, 0.0, 0.0, 0.0, 0.0, 8.764044761657715, 6.292134761810303], "tonal.thpcp": [1.0, 0.8078019618988037, 0.5365958213806152, 0.4191974401473999, 0.37208864092826843, 0.31383848190307617, 0.29056012630462646, 0.3742288649082184, 0.47839677333831787, 0.45461422204971313, 0.3577200472354889, 0.336350679397583, 0.34660962224006653, 0.34959307312965393, 0.563848078250885, 0.6846795082092285, 0.5007379055023193, 0.347558856010437, 0.2929460108280182, 0.30028605461120605, 0.34932374954223633, 0.45528295636177063, 0.5474752187728882, 0.6361336708068848, 0.626952052116394, 0.45816150307655334, 0.3547384738922119, 0.37658989429473877, 0.4766524136066437, 0.6916836500167847, 0.7043412923812866, 0.5160752534866333, 0.3833116590976715, 0.3219624161720276, 0.44432488083839417, 0.782585084438324], "lowlevel.gfcc.cov": [[8437.759765625, -93.66952514648438, 1236.541259765625, 1678.4620361328125, 453.588623046875, 348.9551086425781, 379.9548645019531, 749.8607788085938, -72.87173461914062, 382.3932189941406, 9.423754692077637, 301.3592834472656, -251.8191375732422], [-93.66952514648438, 4045.974365234375, 2309.4765625, 1684.5458984375, 1447.466552734375, 270.22821044921875, 1147.7208251953125, 666.4500732421875, 382.9436340332031, 165.8079071044922, 84.7315673828125, -179.2989501953125, -36.752140045166016], [1236.541259765625, 2309.4765625, 2732.722900390625, 1807.1453857421875, 1075.9656982421875, 553.3049926757812, 995.8799438476562, 771.2762451171875, 317.8403015136719, 325.7993469238281, -26.762821197509766, -88.39478302001953, -109.0556869506836], [1678.4620361328125, 1684.5458984375, 1807.1453857421875, 1644.7896728515625, 970.9051513671875, 398.0514831542969, 744.1239013671875, 614.4522094726562, 224.08505249023438, 224.4304656982422, -9.767515182495117, -53.811790466308594, -86.13825225830078], [453.588623046875, 1447.466552734375, 1075.9656982421875, 970.9051513671875, 917.6010131835938, 393.46868896484375, 592.5694580078125, 420.7281799316406, 204.71865844726562, 151.1767120361328, 3.8184573650360107, -81.72126007080078, -64.18846130371094], [348.9551086425781, 270.22821044921875, 553.3049926757812, 398.0514831542969, 393.46868896484375, 534.2012939453125, 434.4389343261719, 277.62091064453125, 131.8233642578125, 138.1716766357422, -36.18686294555664, -82.0648422241211, -82.85037994384766], [379.9548645019531, 1147.7208251953125, 995.8799438476562, 744.1239013671875, 592.5694580078125, 434.4389343261719, 805.9568481445312, 514.0114135742188, 209.5071258544922, 196.9820098876953, 23.61092758178711, -98.97049713134766, -90.60541534423828], [749.8607788085938, 666.4500732421875, 771.2762451171875, 614.4522094726562, 420.7281799316406, 277.62091064453125, 514.0114135742188, 468.1337890625, 190.18080139160156, 176.66693115234375, 18.078981399536133, -30.77925682067871, -70.39041900634766], [-72.87173461914062, 382.9436340332031, 317.8403015136719, 224.08505249023438, 204.71865844726562, 131.8233642578125, 209.5071258544922, 190.18080139160156, 206.98883056640625, 117.50511169433594, 24.485017776489258, -20.381608963012695, 0.9753596782684326], [382.3932189941406, 165.8079071044922, 325.7993469238281, 224.4304656982422, 151.1767120361328, 138.1716766357422, 196.9820098876953, 176.66693115234375, 117.50511169433594, 170.2957000732422, 34.38603210449219, 15.956863403320312, -17.56181526184082], [9.423754692077637, 84.7315673828125, -26.762821197509766, -9.767515182495117, 3.8184573650360107, -36.18686294555664, 23.61092758178711, 18.078981399536133, 24.485017776489258, 34.38603210449219, 117.58744812011719, 54.489784240722656, 8.122570991516113], [301.3592834472656, -179.2989501953125, -88.39478302001953, -53.811790466308594, -81.72126007080078, -82.0648422241211, -98.97049713134766, -30.77925682067871, -20.381608963012695, 15.956863403320312, 54.489784240722656, 118.90586853027344, 32.500606536865234], [-251.8191375732422, -36.752140045166016, -109.0556869506836, -86.13825225830078, -64.18846130371094, -82.85037994384766, -90.60541534423828, -70.39041900634766, 0.9753596782684326, -17.56181526184082, 8.122570991516113, 32.500606536865234, 92.60501861572266]], "lowlevel.gfcc.icov": [[0.00039800649392418563, -0.00037311282358132303, 0.0005698471213690937, -0.0009706203709356487, 0.0008743143989704549, -0.000767307763453573, 0.0009822605643421412, -0.0012362118577584624, 0.0012336988002061844, -0.0011286361841484904, 0.0005520567647181451, -0.0011157250264659524, 0.0007595021743327379], [-0.00037311282358132303, 0.002604555105790496, -0.0019962352234870195, 0.0016691148048266768, -0.0038117929361760616, 0.0038980026729404926, -0.003998551983386278, 0.0035456318873912096, -0.0030830895993858576, 0.0032793234568089247, -0.0017065354622900486, 0.0018946575000882149, -0.0010119567159563303], [0.0005698471213690937, -0.0019962352234870195, 0.003327668411657214, -0.0034419368021190166, 0.0034770851489156485, -0.003162162145599723, 0.00270612514577806, -0.003016957314684987, 0.0027061456348747015, -0.0036461842246353626, 0.0021528310608118773, -0.002245263895019889, 0.0012892516097053885], [-0.0009706203709356487, 0.0016691148048266768, -0.0034419368021190166, 0.0063907690346241, -0.0053941840305924416, 0.0035653405357152224, -0.002810363657772541, 0.0018829300533980131, -0.0023824116215109825, 0.0033777530770748854, -0.0013536176411435008, 0.002533081453293562, -0.002058068523183465], [0.0008743143989704549, -0.0038117929361760616, 0.0034770851489156485, -0.0053941840305924416, 0.009998800233006477, -0.007094473112374544, 0.0052867126651108265, -0.005113945808261633, 0.0036857249215245247, -0.004191752523183823, 0.0019433473935350776, -0.0029694424010813236, 0.0018487300258129835], [-0.000767307763453573, 0.0038980026729404926, -0.003162162145599723, 0.0035653405357152224, -0.007094473112374544, 0.0104067362844944, -0.008112429641187191, 0.006492048967629671, -0.005347784608602524, 0.003265287959948182, -0.00040543614886701107, 0.0031361738219857216, 5.388854697230272e-05], [0.0009822605643421412, -0.003998551983386278, 0.00270612514577806, -0.002810363657772541, 0.0052867126651108265, -0.008112429641187191, 0.013742851093411446, -0.012220608070492744, 0.007515204604715109, -0.006185647565871477, -0.00047695610555820167, 0.0006544264615513384, 0.0007804095512256026], [-0.0012362118577584624, 0.0035456318873912096, -0.003016957314684987, 0.0018829300533980131, -0.005113945808261633, 0.006492048967629671, -0.012220608070492744, 0.01878322847187519, -0.01068455632776022, 0.004162925761193037, -0.0003972359700128436, 6.046404087101109e-05, 0.0017438955837860703], [0.0012336988002061844, -0.0030830895993858576, 0.0027061456348747015, -0.0023824116215109825, 0.0036857249215245247, -0.005347784608602524, 0.007515204604715109, -0.01068455632776022, 0.0174652561545372, -0.010749720968306065, 0.00040472144610248506, 0.0003641820221673697, -0.002282139379531145], [-0.0011286361841484904, 0.0032793234568089247, -0.0036461842246353626, 0.0033777530770748854, -0.004191752523183823, 0.003265287959948182, -0.006185647565871477, 0.004162925761193037, -0.010749720968306065, 0.019826069474220276, -0.004480401519685984, -0.0001193849093397148, -0.0014836043119430542], [0.0005520567647181451, -0.0017065354622900486, 0.0021528310608118773, -0.0013536176411435008, 0.0019433473935350776, -0.00040543614886701107, -0.00047695610555820167, -0.0003972359700128436, 0.00040472144610248506, -0.004480401519685984, 0.015593215823173523, -0.009876959025859833, 0.0035605502780526876], [-0.0011157250264659524, 0.0018946575000882149, -0.002245263895019889, 0.002533081453293562, -0.0029694424010813236, 0.0031361738219857216, 0.0006544264615513384, 6.046404087101109e-05, 0.0003641820221673697, -0.0001193849093397148, -0.009876959025859833, 0.02095142938196659, -0.007649386301636696], [0.0007595021743327379, -0.0010119567159563303, 0.0012892516097053885, -0.002058068523183465, 0.0018487300258129835, 5.388854697230272e-05, 0.0007804095512256026, 0.0017438955837860703, -0.002282139379531145, -0.0014836043119430542, 0.0035605502780526876, -0.007649386301636696, 0.017599932849407196]], "lowlevel.mfcc.cov": [[7640.4013671875, -794.8749389648438, 343.5976257324219, 1044.4415283203125, 257.8797912597656, 81.3657455444336, 335.4647521972656, 348.4398193359375, 16.010530471801758, 136.0575408935547, 211.60939025878906, 130.08543395996094, 101.08045959472656], [-794.8749389648438, 2827.5, 1215.413330078125, 1583.2327880859375, 637.2862548828125, 501.1794738769531, 761.4986572265625, 582.6100463867188, 571.8399658203125, 493.2607116699219, 423.5870666503906, 231.71556091308594, 193.60308837890625], [343.5976257324219, 1215.413330078125, 1772.7562255859375, 1382.6566162109375, 520.9290771484375, 481.5461730957031, 660.4761352539062, 501.21917724609375, 532.6658935546875, 539.409912109375, 321.10906982421875, 225.40081787109375, 193.17852783203125], [1044.4415283203125, 1583.2327880859375, 1382.6566162109375, 1875.2191162109375, 708.1011962890625, 465.0982666015625, 735.6618041992188, 586.1766357421875, 533.4456176757812, 520.6394653320312, 368.45263671875, 238.38525390625, 196.7484893798828], [257.8797912597656, 637.2862548828125, 520.9290771484375, 708.1011962890625, 532.2742919921875, 320.4776916503906, 296.28179931640625, 248.60650634765625, 257.4580078125, 216.97503662109375, 143.58831787109375, 129.1449737548828, 74.32283782958984], [81.3657455444336, 501.1794738769531, 481.5461730957031, 465.0982666015625, 320.4776916503906, 435.3515930175781, 398.140380859375, 267.1289978027344, 306.6408996582031, 269.66937255859375, 184.82095336914062, 155.8782958984375, 88.6766357421875], [335.4647521972656, 761.4986572265625, 660.4761352539062, 735.6618041992188, 296.28179931640625, 398.140380859375, 639.3104858398438, 430.17596435546875, 372.7711181640625, 382.56689453125, 295.78070068359375, 195.2159881591797, 115.32070922851562], [348.4398193359375, 582.6100463867188, 501.21917724609375, 586.1766357421875, 248.60650634765625, 267.1289978027344, 430.17596435546875, 389.0009765625, 306.3183288574219, 301.81884765625, 237.89588928222656, 164.04734802246094, 100.74758911132812], [16.010530471801758, 571.8399658203125, 532.6658935546875, 533.4456176757812, 257.4580078125, 306.6408996582031, 372.7711181640625, 306.3183288574219, 436.60595703125, 343.5165710449219, 223.45584106445312, 177.56825256347656, 108.9349136352539], [136.0575408935547, 493.2607116699219, 539.409912109375, 520.6394653320312, 216.97503662109375, 269.66937255859375, 382.56689453125, 301.81884765625, 343.5165710449219, 389.7154846191406, 242.85025024414062, 160.9337921142578, 114.5965805053711], [211.60939025878906, 423.5870666503906, 321.10906982421875, 368.45263671875, 143.58831787109375, 184.82095336914062, 295.78070068359375, 237.89588928222656, 223.45584106445312, 242.85025024414062, 250.813720703125, 159.685791015625, 94.91830444335938], [130.08543395996094, 231.71556091308594, 225.40081787109375, 238.38525390625, 129.1449737548828, 155.8782958984375, 195.2159881591797, 164.04734802246094, 177.56825256347656, 160.9337921142578, 159.685791015625, 181.23887634277344, 96.53057098388672], [101.08045959472656, 193.60308837890625, 193.17852783203125, 196.7484893798828, 74.32283782958984, 88.6766357421875, 115.32070922851562, 100.74758911132812, 108.9349136352539, 114.5965805053711, 94.91830444335938, 96.53057098388672, 124.14396667480469]], "lowlevel.mfcc.icov": [[0.00022288670879788697, 0.0002685625513549894, 8.376476034754887e-05, -0.00040289401658810675, 7.664319855393842e-05, -7.582862599520013e-05, 3.3262411307077855e-05, -0.00025524935335852206, 0.0001518365606898442, 0.0002443916746415198, -0.00036267636460252106, 0.00013009719259571284, -9.029417560668662e-05], [0.0002685625513549894, 0.0010980759980157018, 5.727116877096705e-05, -0.0009108003578148782, -6.773932545911521e-05, -7.630388427060097e-05, -0.00022635021014139056, -0.00020276759460102767, -0.000373178074369207, 0.0010545250261202455, -0.0014024691190570593, 0.0009663074743002653, -0.0004319274739827961], [8.376476034754887e-05, 5.727116877096705e-05, 0.0016766536282375455, -0.001191942486912012, 0.000473973952466622, -0.0006673689349554479, 8.008747681742534e-05, 3.728723822860047e-05, 1.1482930858619511e-05, -0.001085117575712502, 0.0007155427592806518, -4.966456981492229e-05, -0.00030608774977736175], [-0.00040289401658810675, -0.0009108003578148782, -0.001191942486912012, 0.003579028183594346, -0.002590246731415391, 0.0022396519780158997, -0.0016290085623040795, 2.017424048972316e-05, -0.00044308489304967225, -0.000269946176558733, 0.0004834479186683893, 0.0005464194109663367, -0.0007777141872793436], [7.664319855393842e-05, -6.773932545911521e-05, 0.000473973952466622, -0.002590246731415391, 0.006535764783620834, -0.004795575048774481, 0.0031112623400986195, -0.0017025020206347108, 0.0005925770965404809, -0.0001535037881694734, 0.001154679455794394, -0.0017705874051898718, 0.0015306109562516212], [-7.582862599520013e-05, -7.630388427060097e-05, -0.0006673689349554479, 0.0022396519780158997, -0.004795575048774481, 0.010278788395226002, -0.006124516949057579, 0.0025327850598841906, -0.002791014965623617, 0.00011418699432397261, 0.001020765514113009, -0.0008442634716629982, -0.0009479625150561333], [3.3262411307077855e-05, -0.00022635021014139056, 8.008747681742534e-05, -0.0016290085623040795, 0.0031112623400986195, -0.006124516949057579, 0.011028577573597431, -0.0067308745346963406, 0.0018772445619106293, -0.001820097677409649, -0.0018711546435952187, -9.315528586739674e-05, 0.002048686146736145], [-0.00025524935335852206, -0.00020276759460102767, 3.728723822860047e-05, 2.017424048972316e-05, -0.0017025020206347108, 0.0025327850598841906, -0.0067308745346963406, 0.014441287145018578, -0.0026309010572731495, -0.0009666723199188709, -0.0022430268581956625, -0.0008905769209377468, -0.00021465735335368663], [0.0001518365606898442, -0.000373178074369207, 1.1482930858619511e-05, -0.00044308489304967225, 0.0005925770965404809, -0.002791014965623617, 0.0018772445619106293, -0.0026309010572731495, 0.0103835454210639, -0.006484393961727619, 0.0019107512198388577, -0.00353608257137239, 0.001335706328973174], [0.0002443916746415198, 0.0010545250261202455, -0.001085117575712502, -0.000269946176558733, -0.0001535037881694734, 0.00011418699432397261, -0.001820097677409649, -0.0009666723199188709, -0.006484393961727619, 0.015095502138137817, -0.007501306012272835, 0.004186849109828472, -0.003006391692906618], [-0.00036267636460252106, -0.0014024691190570593, 0.0007155427592806518, 0.0004834479186683893, 0.001154679455794394, 0.001020765514113009, -0.0018711546435952187, -0.0022430268581956625, 0.0019107512198388577, -0.007501306012272835, 0.019604921340942383, -0.01004211138933897, 0.0008074768702499568], [0.00013009719259571284, 0.0009663074743002653, -4.966456981492229e-05, 0.0005464194109663367, -0.0017705874051898718, -0.0008442634716629982, -9.315528586739674e-05, -0.0008905769209377468, -0.00353608257137239, 0.004186849109828472, -0.01004211138933897, 0.019286977127194405, -0.008010169491171837], [-9.029417560668662e-05, -0.0004319274739827961, -0.00030608774977736175, -0.0007777141872793436, 0.0015306109562516212, -0.0009479625150561333, 0.002048686146736145, -0.00021465735335368663, 0.001335706328973174, -0.003006391692906618, 0.0008074768702499568, -0.008010169491171837, 0.015757231041789055]], "metadata.audio_properties.analysis.downmix": "mix", "metadata.audio_properties.codec": "mp3", "metadata.audio_properties.md5_encoded": "ded830aa6a5ac1783d26a08d7bf06dd2", "metadata.tags.file_name": "1183699892389027871.mp3", "metadata.version.essentia": "2.1-beta6-dev", "metadata.version.essentia_git_sha": "v2.1_beta5-1110-g77a6a954", "metadata.version.extractor": "music 2.0", "tonal.chords_key": "C", "tonal.chords_scale": "major", "tonal.key_edma.key": "C", "tonal.key_edma.scale": "minor", "tonal.key_krumhansl.key": "C", "tonal.key_krumhansl.scale": "minor", "tonal.key_temperley.key": "C", "tonal.key_temperley.scale": "minor", "metadata.tags.encoding": ["Lavf58.45.100"]}, "essentia_models": [{"model_name": "genre_dortmund", "