{"song_id": "1183717293767802890", "download": "https://cdn.discordapp.com/attachments/1135903449314238464/1183717293767802890/chirp.mp4?ex=658959a3&amp", "lyrics": "[Verse]\nIn eighteen forty-six, the raccoons arose\nWith fierce determination, their strength disclosed\nBeneath moonlit sky, they prepared to fight\nThe Great Raccoon War began, an epic sight\n\n[Chorus]\nMarching on, hearts filled with grit\nUnited we stand, against foes we'll never quit\nThrough battles we'll forge, with courage and pride\nIn the Great Raccoon War, side by side we'll stride", "style": ["rap"], "essentia_features": {"lowlevel.average_loudness": 0.9818455576896667, "lowlevel.barkbands_crest.mean": 9.152240753173828, "lowlevel.barkbands_crest.stdev": 3.4747753143310547, "lowlevel.barkbands_flatness_db.mean": 0.15382157266139984, "lowlevel.barkbands_flatness_db.stdev": 0.0606684535741806, "lowlevel.barkbands_kurtosis.mean": 2.794250249862671, "lowlevel.barkbands_kurtosis.stdev": 4.005663871765137, "lowlevel.barkbands_skewness.mean": 1.188366413116455, "lowlevel.barkbands_skewness.stdev": 0.7668617963790894, "lowlevel.barkbands_spread.mean": 16.872207641601562, "lowlevel.barkbands_spread.stdev": 12.376955032348633, "lowlevel.dissonance.mean": 0.44092416763305664, "lowlevel.dissonance.stdev": 0.03761376067996025, "lowlevel.dynamic_complexity": 1.7941702604293823, "lowlevel.erbbands_crest.mean": 11.233973503112793, "lowlevel.erbbands_crest.stdev": 4.4698920249938965, "lowlevel.erbbands_flatness_db.mean": 0.20449058711528778, "lowlevel.erbbands_flatness_db.stdev": 0.06312526017427444, "lowlevel.erbbands_kurtosis.mean": 1.329054355621338, "lowlevel.erbbands_kurtosis.stdev": 2.5805246829986572, "lowlevel.erbbands_skewness.mean": 0.7393977046012878, "lowlevel.erbbands_skewness.stdev": 0.7998100519180298, "lowlevel.erbbands_spread.mean": 25.99397087097168, "lowlevel.erbbands_spread.stdev": 16.664958953857422, "lowlevel.hfc.mean": 22.738964080810547, "lowlevel.hfc.stdev": 14.374650001525879, "lowlevel.loudness_ebu128.integrated": -12.77547550201416, "lowlevel.loudness_ebu128.loudness_range": 1.4827651977539062, "lowlevel.loudness_ebu128.momentary.mean": -12.90511417388916, "lowlevel.loudness_ebu128.momentary.stdev": 1.088909387588501, "lowlevel.loudness_ebu128.short_term.mean": -12.823368072509766, "lowlevel.loudness_ebu128.short_term.stdev": 0.5397666096687317, "lowlevel.melbands_crest.mean": 12.402647972106934, "lowlevel.melbands_crest.stdev": 4.7030134201049805, "lowlevel.melbands_flatness_db.mean": 0.21040424704551697, "lowlevel.melbands_flatness_db.stdev": 0.06932780891656876, "lowlevel.melbands_kurtosis.mean": 5.7865681648254395, "lowlevel.melbands_kurtosis.stdev": 6.910581588745117, "lowlevel.melbands_skewness.mean": 1.6117966175079346, "lowlevel.melbands_skewness.stdev": 0.8991274237632751, "lowlevel.melbands_spread.mean": 20.41059112548828, "lowlevel.melbands_spread.stdev": 14.684048652648926, "lowlevel.pitch_salience.mean": 0.5904762744903564, "lowlevel.pitch_salience.stdev": 0.09047985076904297, "lowlevel.silence_rate_20dB.mean": 1.0, "lowlevel.silence_rate_20dB.stdev": 0.0, "lowlevel.silence_rate_30dB.mean": 1.0, "lowlevel.silence_rate_30dB.stdev": 0.0, "lowlevel.silence_rate_60dB.mean": 0.013274336233735085, "lowlevel.silence_rate_60dB.stdev": 0.11444800347089767, "lowlevel.spectral_centroid.mean": 1121.459716796875, "lowlevel.spectral_centroid.stdev": 519.3551635742188, "lowlevel.spectral_complexity.mean": 19.605457305908203, "lowlevel.spectral_complexity.stdev": 8.176811218261719, "lowlevel.spectral_decrease.mean": -6.234334826160648e-09, "lowlevel.spectral_decrease.stdev": 3.212987875755857e-09, "lowlevel.spectral_energy.mean": 0.025592323392629623, "lowlevel.spectral_energy.stdev": 0.013074778020381927, "lowlevel.spectral_energyband_high.mean": 0.0004686626198235899, "lowlevel.spectral_energyband_high.stdev": 0.0008858336368575692, "lowlevel.spectral_energyband_low.mean": 0.002741730073466897, "lowlevel.spectral_energyband_low.stdev": 0.00447552464902401, "lowlevel.spectral_energyband_middle_high.mean": 0.007089676801115274, "lowlevel.spectral_energyband_middle_high.stdev": 0.006908749230206013, "lowlevel.spectral_energyband_middle_low.mean": 0.01678207330405712, "lowlevel.spectral_energyband_middle_low.stdev": 0.010080447420477867, "lowlevel.spectral_entropy.mean": 7.283177375793457, "lowlevel.spectral_entropy.stdev": 0.5268155336380005, "lowlevel.spectral_flux.mean": 0.0699957087635994, "lowlevel.spectral_flux.stdev": 0.03742445632815361, "lowlevel.spectral_kurtosis.mean": 9.948002815246582, "lowlevel.spectral_kurtosis.stdev": 9.9978609085083, "lowlevel.spectral_rms.mean": 0.0048120589926838875, "lowlevel.spectral_rms.stdev": 0.0013461937196552753, "lowlevel.spectral_rolloff.mean": 1552.9671630859375, "lowlevel.spectral_rolloff.stdev": 1432.6175537109375, "lowlevel.spectral_skewness.mean": 2.212292194366455, "lowlevel.spectral_skewness.stdev": 0.8337474465370178, "lowlevel.spectral_spread.mean": 4019214.0, "lowlevel.spectral_spread.stdev": 1965101.75, "lowlevel.spectral_strongpeak.mean": 1.5555596351623535, "lowlevel.spectral_strongpeak.stdev": 1.1252516508102417, "lowlevel.zerocrossingrate.mean": 0.05990195646882057, "lowlevel.zerocrossingrate.stdev": 0.035061780363321304, "metadata.audio_properties.analysis.equal_loudness": 0.0, "metadata.audio_properties.analysis.length": 31.445329666137695, "metadata.audio_properties.analysis.sample_rate": 44100.0, "metadata.audio_properties.analysis.start_time": 0.0, "metadata.audio_properties.bit_rate": 117720.0, "metadata.audio_properties.length": 31.44533348083496, "metadata.audio_properties.lossless": 0.0, "metadata.audio_properties.number_channels": 1.0, "metadata.audio_properties.replay_gain": -14.182815551757812, "metadata.audio_properties.sample_rate": 48000.0, "rhythm.beats_count": 50.0, "rhythm.beats_loudness.mean": 0.029788000509142876, "rhythm.beats_loudness.stdev": 0.007648521102964878, "rhythm.bpm": 96.04169464111328, "rhythm.bpm_histogram_first_peak_bpm": 96.0, "rhythm.bpm_histogram_first_peak_weight": 0.18750005960464478, "rhythm.bpm_histogram_second_peak_bpm": 101.0, "rhythm.bpm_histogram_second_peak_spread": 0.0, "rhythm.bpm_histogram_second_peak_weight": 0.020408162847161293, "rhythm.danceability": 1.558331847190857, "rhythm.onset_rate": 4.195398807525635, "tonal.chords_changes_rate": 0.03976435959339142, "tonal.chords_number_rate": 0.011782032437622547, "tonal.chords_strength.mean": 0.5204416513442993, "tonal.chords_strength.stdev": 0.06740859150886536, "tonal.hpcp_crest.mean": 17.332866668701172, "tonal.hpcp_crest.stdev": 7.421507358551025, "tonal.hpcp_entropy.mean": 1.4829972982406616, "tonal.hpcp_entropy.stdev": 0.6280133724212646, "tonal.key_edma.strength": 0.752770185470581, "tonal.key_krumhansl.strength": 0.7540711760520935, "tonal.key_temperley.strength": 0.7625294327735901, "tonal.tuning_diatonic_strength": 0.5498042702674866, "tonal.tuning_equal_tempered_deviation": 0.018672967329621315, "tonal.tuning_frequency": 440.76312255859375, "tonal.tuning_nontempered_energy_ratio": 0.6106249094009399, "lowlevel.barkbands.mean": [3.1207080610329285e-05, 0.0008501453557983041, 0.001271515036933124, 0.0011330707930028439, 0.0012442820006981492, 0.0029381820932030678, 0.003071029204875231, 0.004483318887650967, 0.0020449731964617968, 0.002643182408064604, 0.0005206724163144827, 0.0009187039104290307, 0.0008472886402159929, 0.0006102345651015639, 0.0004941938677802682, 0.0004966286942362785, 0.0007057027542032301, 0.0003862504963763058, 0.00036465859739109874, 9.868107008514926e-05, 5.347798651200719e-05, 0.0001142719920608215, 9.729918383527547e-05, 5.946687451796606e-05, 6.614019366679713e-05, 4.702166188508272e-05, 7.375859354397107e-07], "lowlevel.barkbands.stdev": [4.440932389115915e-05, 0.00207485887221992, 0.0024445930030196905, 0.001959914807230234, 0.001852665445767343, 0.002876928076148033, 0.0037854777183383703, 0.006169876549392939, 0.0038037432823330164, 0.0034193776082247496, 0.000979780568741262, 0.0029062863904982805, 0.0014883301919326186, 0.0011658878065645695, 0.0008920101681724191, 0.0011552540818229318, 0.001444021356292069, 0.0007665856392122805, 0.0006626842659898102, 0.00015929978690110147, 0.00011856492346851155, 0.0002769884595181793, 0.00025014221318997443, 0.00011934014037251472, 0.00014591135550290346, 0.00010040175402536988, 3.2291532079398166e-06], "lowlevel.erbbands.mean": [0.007398996967822313, 0.2549314796924591, 1.2887718677520752, 2.9875926971435547, 4.258600234985352, 3.2420687675476074, 9.219112396240234, 29.403438568115234, 47.16714096069336, 76.19256591796875, 67.74179077148438, 61.39094924926758, 95.9912338256836, 34.483097076416016, 25.106088638305664, 41.33223342895508, 40.376705169677734, 35.852073669433594, 29.51485252380371, 22.85540008544922, 31.03888702392578, 38.33659744262695, 23.269723892211914, 22.596988677978516, 13.011184692382812, 4.5704345703125, 2.1825103759765625, 2.4575846195220947, 4.097057342529297, 3.954989433288574, 2.341562032699585, 1.3506909608840942, 0.9837789535522461, 0.7409412264823914, 0.4601827561855316, 0.25331205129623413, 0.07591617107391357, 0.009128511883318424, 0.000196757260710001, 3.8295474951155484e-05], "lowlevel.erbbands.stdev": [0.01728734001517296, 0.6021308898925781, 2.5002329349517822, 5.202408313751221, 7.935716152191162, 4.723012447357178, 12.30933666229248, 30.847219467163086, 56.70027542114258, 104.90995025634766, 107.00041198730469, 104.2193374633789, 122.45303344726562, 58.37381362915039, 45.981868743896484, 124.74959564208984, 66.42794036865234, 65.93771362304688, 49.71828079223633, 47.92207717895508, 63.24919891357422, 78.47640228271484, 43.07438659667969, 45.80818557739258, 24.4483585357666, 7.169914722442627, 4.289155006408691, 5.725386142730713, 10.432394981384277, 10.095977783203125, 5.8391265869140625, 3.106295585632324, 1.8386526107788086, 1.612891674041748, 1.0424765348434448, 0.5704757571220398, 0.15969480574131012, 0.022371931001544, 0.0004517551860772073, 2.213782317994628e-05], "lowlevel.gfcc.mean": [-6.354340076446533, 98.9501724243164, -132.7689208984375, -7.3661603927612305, -69.27693176269531, -2.6501026153564453, -47.66517639160156, 13.307265281677246, -23.038766860961914, 2.0399181842803955, -19.610422134399414, -1.9152661561965942, -21.900012969970703], "lowlevel.melbands.mean": [0.00014908962475601584, 0.0005867079016752541, 0.0005573176313191652, 0.0002532784128561616, 0.0002937216777354479, 0.0006498750299215317, 0.0006928889779374003, 0.0008966176537796855, 0.00046952240518294275, 0.0003894002584274858, 0.0004674658121075481, 0.00013365145423449576, 7.159057713579386e-05, 0.00010583946277620271, 8.829968282952905e-05, 8.841842645779252e-05, 6.451252556871623e-05, 4.771527528646402e-05, 3.1553528970107436e-05, 3.392879443708807e-05, 3.6304991226643324e-05, 4.266648102202453e-05, 2.7646196031128056e-05, 1.7127738829003647e-05, 1.889226223283913e-05, 1.1081455340899993e-05, 6.1740602177451365e-06, 2.222691364295315e-06, 1.2952268662047572e-06, 1.2391693644531188e-06, 1.4616593944083434e-06, 2.3155275812314358e-06, 2.314086714250152e-06, 2.233076429547509e-06, 1.3958048157292069e-06, 1.0192769650529954e-06, 7.487330435651529e-07, 6.933949521226168e-07, 6.287446581154654e-07, 6.282758704401203e-07], "lowlevel.melbands.stdev": [0.0003561577759683132, 0.0010865343501791358, 0.0008217980503104627, 0.00043114693835377693, 0.0003609276900533587, 0.0006419112905859947, 0.0008270530961453915, 0.0012740374077111483, 0.0007929129642434418, 0.0006950628594495356, 0.0006108045927248895, 0.00025157409254461527, 0.00013075095193926245, 0.0003721692773979157, 0.0001740897132549435, 0.0001709920761641115, 0.00012094520934624597, 8.220982272177935e-05, 5.815724580315873e-05, 8.468629675917327e-05, 7.498947525164112e-05, 9.278875950258225e-05, 5.67191636946518e-05, 3.643082527560182e-05, 4.051427458762191e-05, 2.2892740162205882e-05, 1.1277943485765718e-05, 3.8918537939025555e-06, 2.584733692856389e-06, 2.8410186132532544e-06, 3.5241876048530685e-06, 6.113617473602062e-06, 5.9096205404785e-06, 6.094141099310946e-06, 3.596789838411496e-06, 2.485747017999529e-06, 1.7441255977246328e-06, 1.301620955018734e-06, 1.2620428151421947e-06, 1.4819800071563805e-06], "lowlevel.melbands128.mean": [1.005284684651997e-05, 1.6607475117780268e-05, 0.00013789202785119414, 0.000523746304679662, 0.0006297448999248445, 0.0006435128161683679, 0.0006217560730874538, 0.0005413987091742456, 0.00047348084626719356, 0.00019350134243723005, 0.00013817094441037625, 0.00022794934920966625, 0.0002689088578335941, 0.0004287069896236062, 0.0007170292665250599, 0.0007262872532010078, 0.0007627039449289441, 0.0007778769358992577, 0.00046406680485233665, 0.0009034236427396536, 0.0011918817181140184, 0.0005787104018963873, 0.0005013914778828621, 0.00012409707414917648, 0.00038549338933080435, 0.0005146741168573499, 0.00031989687704481184, 0.000771316175814718, 0.00020930114260409027, 0.00016603599942754954, 0.00010578324145171791, 6.080291495891288e-05, 6.266386481001973e-05, 9.475291153648868e-05, 6.566318916156888e-05, 0.00013938461779616773, 0.00012261427764315158, 7.150714372983202e-05, 7.581638055853546e-05, 9.95810332824476e-05, 9.96630551526323e-05, 5.8232206356478855e-05, 5.788487760582939e-05, 8.342019282281399e-05, 3.771954288822599e-05, 4.498342968872748e-05, 5.566358959185891e-05, 2.3621189029654488e-05, 2.7192383640795015e-05, 2.915253753599245e-05, 3.2362164347432554e-05, 4.3824529711855575e-05, 3.24085631291382e-05, 3.129401011392474e-05, 4.8092679207911715e-05, 4.6164754166966304e-05, 3.672830280265771e-05, 3.303909034002572e-05, 2.416788447590079e-05, 1.7606173059903085e-05, 1.6111125660245307e-05, 1.413217069057282e-05, 2.5975490643759258e-05, 1.8081187590723857e-05, 1.2585177501023281e-05, 1.1032779184461106e-05, 1.0950448086077813e-05, 6.715101335430518e-06, 6.143353857623879e-06, 3.4366914860584075e-06, 2.1657831439370057e-06, 1.5570212781312875e-06, 1.3114337207298377e-06, 1.2480373925427557e-06, 1.3260422520033899e-06, 1.089960164790682e-06, 1.3514382999346708e-06, 1.2554871773318155e-06, 1.3603341812995495e-06, 1.6157659956661519e-06, 2.5440244826313574e-06, 2.4273804228869267e-06, 2.3793445507180877e-06, 2.4798598587949527e-06, 2.022105036303401e-06, 2.2581709799851524e-06, 2.4927844606281724e-06, 1.785110271157464e-06, 1.2848234973716899e-06, 1.1262143289059168e-06, 1.1670196045088232e-06, 9.961293017113348e-07, 7.61314822739223e-07, 7.647228130736039e-07, 6.986454081925331e-07, 7.218666269181995e-07, 6.856927257103962e-07, 6.761992494830338e-07, 6.290974852163345e-07, 5.851873083884129e-07, 6.609409410884837e-07, 6.668073524451756e-07, 5.640616222990502e-07, 4.776348987434176e-07, 4.761377283557522e-07, 5.538082632483565e-07, 5.63335220249428e-07, 4.484324733766698e-07, 4.199326042453322e-07, 4.57362261840899e-07, 3.6207825360179413e-07, 2.611008085295907e-07, 2.2736686844382348e-07, 1.852731656981632e-07, 1.460001755049234e-07, 1.1451012937868654e-07, 3.1887235962813065e-08, 2.0025514579913306e-09, 4.380018049643386e-12, 4.147003053456277e-12, 3.70715437514324e-12, 3.55573448289348e-12, 3.4807393512609197e-12, 3.4105229491238065e-12, 3.3379490577828408e-12, 3.2639422848507182e-12, 3.215704395473362e-12, 3.19436404411233e-12], "lowlevel.melbands128.stdev": [1.7823207599576563e-05, 5.513637006515637e-05, 0.0003574194270186126, 0.0013029775582253933, 0.0014687939547002316, 0.0012801792472600937, 0.0012723274994641542, 0.000970394117757678, 0.0010258518159389496, 0.00047769068623892963, 0.00028147606644779444, 0.0003430033102631569, 0.000526650226674974, 0.000632733223028481, 0.0010699968552216887, 0.0009106056531891227, 0.0010993627365678549, 0.0014137254329398274, 0.0007773198303766549, 0.0014901240356266499, 0.002126363106071949, 0.0010636659571900964, 0.001252379734069109, 0.0004414640134200454, 0.0008269620011560619, 0.0011380111100152135, 0.0005506552988663316, 0.001180785708129406, 0.00041727343341335654, 0.0004187508311588317, 0.0002979844866786152, 0.00017232430400326848, 0.00014560621639247984, 0.0002029942552326247, 0.0002461452386341989, 0.0007227606256492436, 0.00036934117088094354, 0.00023276462161447853, 0.00014251602988224477, 0.000223008100874722, 0.000221245049033314, 0.00026024229009635746, 0.00012875167885795236, 0.0001452428987249732, 0.00010801242024172097, 8.8230095570907e-05, 0.0001422292843926698, 5.210496237850748e-05, 6.788219616282731e-05, 9.53861526795663e-05, 9.991705883294344e-05, 0.00013407733058556914, 8.0390069342684e-05, 7.419726898660883e-05, 0.00013091984146740288, 0.00011872066534124315, 0.0001027400212478824, 7.725761679466814e-05, 5.761150168837048e-05, 3.860331344185397e-05, 4.798116424353793e-05, 3.4985088859684765e-05, 7.190427277237177e-05, 4.09391250286717e-05, 2.9317259759409353e-05, 3.0081981094554067e-05, 2.768383637885563e-05, 1.4757277313037775e-05, 1.2065166629326995e-05, 6.628333267144626e-06, 4.9709865379554685e-06, 3.4033280371659203e-06, 2.7385422072256915e-06, 2.7282248993287794e-06, 3.352127805555938e-06, 2.5575509425834753e-06, 3.636516794358613e-06, 3.3292556054220768e-06, 3.5613609270512825e-06, 4.012837507616496e-06, 7.15269834472565e-06, 7.886924322519917e-06, 6.770959316781955e-06, 6.815879714849871e-06, 5.708155185857322e-06, 6.802776169934077e-06, 7.463117071893066e-06, 4.969592282577651e-06, 3.6986061786592472e-06, 2.9430009362840792e-06, 3.1328609111369587e-06, 2.5858998924377374e-06, 2.0930201571900398e-06, 2.1489743176061893e-06, 1.4707110267409007e-06, 1.527495101072418e-06, 1.4006142237121821e-06, 1.3646713341586292e-06, 1.3612364000437083e-06, 1.3110892496115412e-06, 1.4644608654634794e-06, 1.6788691254987498e-06, 1.7548285313750966e-06, 1.2823602446587756e-06, 1.1192526017111959e-06, 1.3192219512347947e-06, 1.4923523394827498e-06, 1.0680199693524628e-06, 9.74770500761224e-07, 1.1299356401650584e-06, 8.734639891372353e-07, 5.595359198196093e-07, 4.909370545647107e-07, 4.336341135058319e-07, 3.6317948115538456e-07, 3.109994395344984e-07, 1.2416015238159162e-07, 1.4528690250870113e-08, 1.5991638568912947e-11, 1.4964600739131306e-11, 5.545363213760313e-12, 5.059163591530913e-12, 4.952928692181224e-12, 4.863097338020372e-12, 4.788109578962585e-12, 4.7291259450132905e-12, 4.686179395918533e-12, 4.6597925171254495e-12], "lowlevel.mfcc.mean": [-650.7188720703125, 144.9401092529297, -17.254465103149414, -2.7910850048065186, -6.836994647979736, -17.465234756469727, -15.347319602966309, -1.5503380298614502, -7.461400508880615, -0.9238322377204895, 6.260788917541504, -6.274933815002441, -0.4672381579875946], "lowlevel.spectral_contrast_coeffs.mean": [-0.6600945591926575, -0.678171694278717, -0.70921391248703, -0.7769734263420105, -0.7511476278305054, -0.7683902978897095], "lowlevel.spectral_contrast_coeffs.stdev": [0.07239566743373871, 0.066518634557724, 0.0585370771586895, 0.04526771977543831, 0.06993339210748672, 0.048194240778684616], "lowlevel.spectral_contrast_valleys.mean": [-7.4369401931762695, -6.366987228393555, -7.232437610626221, -7.478119373321533, -7.986632823944092, -10.762170791625977], "lowlevel.spectral_contrast_valleys.stdev": [0.6749796271324158, 0.6025908589363098, 0.7002627849578857, 0.7499211430549622, 0.838254451751709, 1.3535934686660767], "rhythm.beats_loudness_band_ratio.mean": [0.14068731665611267, 0.22419056296348572, 0.42767319083213806, 0.15258798003196716, 0.10061520338058472, 0.03804341331124306], "rhythm.beats_loudness_band_ratio.stdev": [0.12023414671421051, 0.11278974264860153, 0.13338583707809448, 0.0795193612575531, 0.07751490920782089, 0.02765560708940029], "tonal.hpcp.mean": [0.2061121016740799, 0.10605919361114502, 0.0532798133790493, 0.06440673768520355, 0.03682427853345871, 0.04484469071030617, 0.06350067257881165, 0.05305056646466255, 0.20947366952896118, 0.3371678292751312, 0.1757979840040207, 0.053800709545612335, 0.055121343582868576, 0.05089787021279335, 0.16135363280773163, 0.25649741291999817, 0.14395983517169952, 0.055605750530958176, 0.05865895375609398, 0.04651133716106415, 0.07978017628192902, 0.12821821868419647, 0.1211351752281189, 0.2564716935157776, 0.33692434430122375, 0.152213916182518, 0.03878095746040344, 0.038815442472696304, 0.051628775894641876, 0.29434630274772644, 0.4605109691619873, 0.2217000275850296, 0.06156620383262634, 0.06907697767019272, 0.04414873942732811, 0.12887296080589294], "tonal.hpcp.stdev": [0.30354276299476624, 0.16035033762454987, 0.13602028787136078, 0.1715967357158661, 0.09810633957386017, 0.09726066887378693, 0.1444067806005478, 0.13311965763568878, 0.24170903861522675, 0.36495858430862427, 0.20439772307872772, 0.13942572474479675, 0.14792266488075256, 0.13784728944301605, 0.22042694687843323, 0.32824212312698364, 0.1908138543367386, 0.13643328845500946, 0.14156922698020935, 0.1141548752784729, 0.13338148593902588, 0.2076631486415863, 0.2070605754852295, 0.2669376730918884, 0.3656609356403351, 0.1780458688735962, 0.10761182010173798, 0.1156342551112175, 0.14433832466602325, 0.28716006875038147, 0.41730329394340515, 0.21777960658073425, 0.14930516481399536, 0.1850246638059616, 0.10182705521583557, 0.18596301972866058], "rhythm.beats_position": [0.5804988741874695, 1.172607660293579, 1.7879364490509033, 2.4032652378082275, 3.0185940265655518, 3.6455328464508057, 4.2724714279174805, 4.899410247802734, 5.526349067687988, 6.153287887573242, 6.780226707458496, 7.40716552734375, 8.022494316101074, 8.637823104858398, 9.264761924743652, 9.891700744628906, 10.51863956451416, 11.145578384399414, 11.772517204284668, 12.399456024169922, 13.02639389038086, 13.653332710266113, 14.280271530151367, 14.907210350036621, 15.534149169921875, 16.161088943481445, 16.788026809692383, 17.414966583251953, 18.04190444946289, 18.6572322845459, 19.28417205810547, 19.899499893188477, 20.526439666748047, 21.153377532958984, 21.780317306518555, 22.407255172729492, 23.034194946289062, 23.6611328125, 24.28807258605957, 24.915010452270508, 25.541950225830078, 26.157278060913086, 26.784217834472656, 27.411155700683594, 28.026485443115234, 28.653423309326172, 29.280363082885742, 29.90730094909668, 30.53424072265625, 31.161178588867188], "rhythm.bpm_histogram": [0.0, 0.0, 0.0, 0.0, 0.0, 0.0, 0.0, 0.0, 0.0, 0.0, 0.0, 0.0, 0.0, 0.0, 0.0, 0.0, 0.0, 0.0, 0.0, 0.0, 0.0, 0.0, 0.0, 0.0, 0.0, 0.0, 0.0, 0.0, 0.0, 0.0, 0.0, 0.0, 0.0, 0.0, 0.0, 0.0, 0.0, 0.0, 0.0, 0.0, 0.0, 0.0, 0.0, 0.0, 0.0, 0.0, 0.0, 0.0, 0.0, 0.0, 0.0, 0.0, 0.0, 0.0, 0.0, 0.0, 0.0, 0.0, 0.0, 0.0, 0.0, 0.0, 0.0, 0.0, 0.0, 0.0, 0.0, 0.0, 0.0, 0.0, 0.0, 0.0, 0.0, 0.0, 0.0, 0.0, 0.0, 0.0, 0.0, 0.0, 0.0, 0.0, 0.0, 0.0, 0.0, 0.0, 0.0, 0.0, 0.0, 0.0, 0.0, 0.0, 0.0, 0.0, 0.0, 0.0, 0.795918345451355, 0.0, 0.18367347121238708, 0.0, 0.0, 0.020408162847161293, 0.0, 0.0, 0.0, 0.0, 0.0, 0.0, 0.0, 0.0, 0.0, 0.0, 0.0, 0.0, 0.0, 0.0, 0.0, 0.0, 0.0, 0.0, 0.0, 0.0, 0.0, 0.0, 0.0, 0.0, 0.0, 0.0, 0.0, 0.0, 0.0, 0.0, 0.0, 0.0, 0.0, 0.0, 0.0, 0.0, 0.0, 0.0, 0.0, 0.0, 0.0, 0.0, 0.0, 0.0, 0.0, 0.0, 0.0, 0.0, 0.0, 0.0, 0.0, 0.0, 0.0, 0.0, 0.0, 0.0, 0.0, 0.0, 0.0, 0.0, 0.0, 0.0, 0.0, 0.0, 0.0, 0.0, 0.0, 0.0, 0.0, 0.0, 0.0, 0.0, 0.0, 0.0, 0.0, 0.0, 0.0, 0.0, 0.0, 0.0, 0.0, 0.0, 0.0, 0.0, 0.0, 0.0, 0.0, 0.0, 0.0, 0.0, 0.0, 0.0, 0.0, 0.0, 0.0, 0.0, 0.0, 0.0, 0.0, 0.0, 0.0, 0.0, 0.0, 0.0, 0.0, 0.0, 0.0, 0.0, 0.0, 0.0, 0.0, 0.0, 0.0, 0.0, 0.0, 0.0, 0.0, 0.0, 0.0, 0.0, 0.0, 0.0, 0.0, 0.0, 0.0, 0.0, 0.0, 0.0, 0.0, 0.0, 0.0, 0.0, 0.0, 0.0, 0.0, 0.0, 0.0, 0.0, 0.0, 0.0, 0.0, 0.0, 0.0, 0.0, 0.0, 0.0, 0.0, 0.0], "tonal.chords_histogram": [22.827688217163086, 1.1782032251358032, 12.076582908630371, 0.0, 0.0, 0.0, 0.0, 0.0, 0.0, 0.0, 0.0, 0.0, 0.0, 0.0, 0.0, 0.2945508062839508, 0.0, 3.2400588989257812, 0.8836524486541748, 12.076582908630371, 6.3328423500061035, 7.658320903778076, 33.4315185546875, 0.0], "tonal.thpcp": [1.0, 0.4814218282699585, 0.13369107246398926, 0.15000072121620178, 0.0958690270781517, 0.27984774112701416, 0.44757261872291565, 0.23030763864517212, 0.11569716781377792, 0.13985928893089294, 0.07996395230293274, 0.09738028794527054, 0.1378917694091797, 0.11519935727119446, 0.4548722803592682, 0.7321602702140808, 0.38174548745155334, 0.11682829260826111, 0.11969605088233948, 0.11052477359771729, 0.3503795564174652, 0.5569843649864197, 0.312608927488327, 0.12074793875217438, 0.1273779720067978, 0.10099941492080688, 0.1732427328824997, 0.27842599153518677, 0.26304513216018677, 0.5569285154342651, 0.7316315174102783, 0.33053267002105713, 0.08421288430690765, 0.08428777009248734, 0.11211193352937698, 0.6391732692718506], "lowlevel.gfcc.cov": [[4645.5439453125, -2064.3369140625, 382.2138366699219, 630.0637817382812, -171.88243103027344, 692.865478515625, -367.5391845703125, 567.893798828125, -268.7705993652344, 102.35065460205078, -187.37673950195312, 206.5714874267578, -539.6356811523438], [-2064.3369140625, 2388.501708984375, -690.5521240234375, -405.19921875, 501.5542297363281, -603.44140625, 421.5028991699219, -453.7755126953125, 262.9909973144531, -180.7261505126953, 172.46900939941406, -225.1253662109375, 394.5216369628906], [382.2138366699219, -690.5521240234375, 745.3234252929688, 160.8152618408203, -175.3595428466797, 314.4293212890625, -108.56051635742188, 128.4215087890625, -113.8759994506836, 118.6521987915039, -98.50659942626953, 88.35301971435547, -151.64315795898438], [630.0637817382812, -405.19921875, 160.8152618408203, 489.9470520019531, -30.26668357849121, 206.94837951660156, -26.964061737060547, 92.42395782470703, 18.855579376220703, 13.647704124450684, -19.877490997314453, 11.388799667358398, -26.503265380859375], [-171.88243103027344, 501.5542297363281, -175.3595428466797, -30.26668357849121, 448.9947509765625, -61.97108459472656, 73.6225357055664, 63.361881256103516, 80.44733428955078, -64.45153045654297, 30.451541900634766, -9.511714935302734, 18.923248291015625], [692.865478515625, -603.44140625, 314.4293212890625, 206.94837951660156, -61.97108459472656, 418.9951171875, -49.1695556640625, 135.9967498779297, -40.276615142822266, 75.55769348144531, -43.173675537109375, 69.44267272949219, -119.0669174194336], [-367.5391845703125, 421.5028991699219, -108.56051635742188, -26.964061737060547, 73.6225357055664, -49.1695556640625, 307.5513916015625, -114.78045654296875, 57.41617965698242, 11.754559516906738, 51.762351989746094, 5.135831832885742, 74.80498504638672], [567.893798828125, -453.7755126953125, 128.4215087890625, 92.42395782470703, 63.361881256103516, 135.9967498779297, -114.78045654296875, 293.6548156738281, -22.721527099609375, 0.02745915949344635, -14.912717819213867, 63.07862091064453, -127.91686248779297], [-268.7705993652344, 262.9909973144531, -113.8759994506836, 18.855579376220703, 80.44733428955078, -40.276615142822266, 57.41617965698242, -22.721527099609375, 172.8365478515625, 22.117084503173828, 38.1833381652832, -38.255126953125, 74.28945922851562], [102.35065460205078, -180.7261505126953, 118.6521987915039, 13.647704124450684, -64.45153045654297, 75.55769348144531, 11.754559516906738, 0.02745915949344635, 22.117084503173828, 125.9083023071289, 6.923160552978516, 29.304536819458008, -18.967472076416016], [-187.37673950195312, 172.46900939941406, -98.50659942626953, -19.877490997314453, 30.451541900634766, -43.173675537109375, 51.762351989746094, -14.912717819213867, 38.1833381652832, 6.923160552978516, 98.3185806274414, 16.74209976196289, 33.87202835083008], [206.5714874267578, -225.1253662109375, 88.35301971435547, 11.388799667358398, -9.511714935302734, 69.44267272949219, 5.135831832885742, 63.07862091064453, -38.255126953125, 29.304536819458008, 16.74209976196289, 114.4884262084961, -36.96275329589844], [-539.6356811523438, 394.5216369628906, -151.64315795898438, -26.503265380859375, 18.923248291015625, -119.0669174194336, 74.80498504638672, -127.91686248779297, 74.28945922851562, -18.967472076416016, 33.87202835083008, -36.96275329589844, 185.72625732421875]], "lowlevel.gfcc.icov": [[0.0006031644297763705, -0.00015832477947697043, 0.000758588605094701, -0.000722812139429152, 0.00026022142264992, -0.0004358633595984429, 0.00030101879383437335, -0.0004597287916112691, 0.0005378270871005952, -0.0007788215880282223, 0.001102466369047761, -0.0007786810747347772, 0.0012105528730899096], [-0.00015832477947697043, 0.003688040655106306, -0.001402689260430634, 0.0017824922688305378, -0.0032439196947962046, 0.001494306605309248, -0.002075269352644682, 0.0029533703345805407, -0.0015837021637707949, 0.003351918188855052, -0.004086316097527742, 0.004142226185649633, -0.0024812426418066025], [0.000758588605094701, -0.001402689260430634, 0.004169166553765535, -0.0017491315957158804, 0.0017247420037165284, -0.0019687821622937918, 0.0011974434601143003, -0.001741664600558579, 0.002092527225613594, -0.003938101232051849, 0.0045480323024094105, -0.0030649106483906507, 0.002539845183491707], [-0.000722812139429152, 0.0017824922688305378, -0.0017491315957158804, 0.004411493428051472, -0.0014021344250068069, -0.0003439127467572689, -0.0013773977989330888, 0.0010754629038274288, -0.001948199118487537, 0.00321801844984293, -0.003135111415758729, 0.003251433838158846, -0.00314052845351398], [0.00026022142264992, -0.0032439196947962046, 0.0017247420037165284, -0.0014021344250068069, 0.0061040096916258335, -0.0013491541612893343, 0.0009061194723471999, -0.003968695644289255, -5.749292176915333e-05, -0.0013781272573396564, 0.00395183777436614, -0.003959319554269314, 0.0026433535385876894], [-0.0004358633595984429, 0.001494306605309248, -0.0019687821622937918, -0.0003439127467572689, -0.0013491541612893343, 0.005744602531194687, -0.001282214536331594, 0.0007487578550353646, -0.0011055502109229565, 0.00037307041930034757, -0.0014189771609380841, 0.0009684101678431034, -0.00031297639361582696], [0.00030101879383437335, -0.002075269352644682, 0.0011974434601143003, -0.0013773977989330888, 0.0009061194723471999, -0.001282214536331594, 0.006010584067553282, 0.0005709596443921328, 0.00030787012656219304, -0.002459875075146556, 0.0013787864008918405, -0.0040666162967681885, 0.0016869488172233105], [-0.0004597287916112691, 0.0029533703345805407, -0.001741664600558579, 0.0010754629038274288, -0.003968695644289255, 0.0007487578550353646, 0.0005709596443921328, 0.010103397071361542, -0.003528202185407281, 0.004621054045855999, -0.0042870803736150265, 0.000229915720410645, 0.0014459062367677689], [0.0005378270871005952, -0.0015837021637707949, 0.002092527225613594, -0.001948199118487537, -5.749292176915333e-05, -0.0011055502109229565, 0.00030787012656219304, -0.003528202185407281, 0.011907611042261124, -0.006774986162781715, 0.0005459848325699568, 0.0020637051202356815, -0.0020433389581739902], [-0.0007788215880282223, 0.003351918188855052, -0.003938101232051849, 0.00321801844984293, -0.0013781272573396564, 0.00037307041930034757, -0.002459875075146556, 0.004621054045855999, -0.006774986162781715, 0.016936127096414566, -0.006365928798913956, 0.00174183479975909, -0.001639004098251462], [0.001102466369047761, -0.004086316097527742, 0.0045480323024094105, -0.003135111415758729, 0.00395183777436614, -0.0014189771609380841, 0.0013787864008918405, -0.0042870803736150265, 0.0005459848325699568, -0.006365928798913956, 0.02074912004172802, -0.009749251417815685, 0.003736210288479924], [-0.0007786810747347772, 0.004142226185649633, -0.0030649106483906507, 0.003251433838158846, -0.003959319554269314, 0.0009684101678431034, -0.0040666162967681885, 0.000229915720410645, 0.0020637051202356815, 0.00174183479975909, -0.009749251417815685, 0.01942988857626915, -0.005282091908156872], [0.0012105528730899096, -0.0024812426418066025, 0.002539845183491707, -0.00314052845351398, 0.0026433535385876894, -0.00031297639361582696, 0.0016869488172233105, 0.0014459062367677689, -0.0020433389581739902, -0.001639004098251462, 0.003736210288479924, -0.005282091908156872, 0.014561602845788002]], "lowlevel.mfcc.cov": [[4190.0234375, -2015.655517578125, 341.7082214355469, 52.518104553222656, 317.2148132324219, 57.53547668457031, 84.45103454589844, 417.9703369140625, -136.28221130371094, 140.62640380859375, 196.46104431152344, -24.9825382232666, 100.44371795654297], [-2015.655517578125, 2316.334228515625, -903.8185424804688, 90.78399658203125, -135.81497192382812, -67.43158721923828, -9.185810089111328, -228.60562133789062, 120.6730728149414, -111.67527770996094, -96.61226654052734, 2.135288953781128, -90.64507293701172], [341.7082214355469, -903.8185424804688, 893.311279296875, -70.7083969116211, -18.63169288635254, 155.1728973388672, 25.095136642456055, 15.34697437286377, -38.67621612548828, 40.3375129699707, 7.13299036026001, 14.053816795349121, 43.209678649902344], [52.518104553222656, 90.78399658203125, -70.7083969116211, 277.7518615722656, 28.125648498535156, 25.876331329345703, 21.682636260986328, 15.22480583190918, 54.77659606933594, 10.322606086730957, -20.765872955322266, 26.686983108520508, -3.449268102645874], [317.2148132324219, -135.81497192382812, -18.63169288635254, 28.125648498535156, 417.7588195800781, -64.56451416015625, 1.2371561527252197, 143.13568115234375, 13.06446361541748, 76.28074645996094, 20.656583786010742, -2.9313600063323975, 27.52317237854004], [57.53547668457031, -67.43158721923828, 155.1728973388672, 25.876331329345703, -64.56451416015625, 296.4875793457031, 61.850311279296875, -21.588804244995117, 57.68284606933594, 20.30600357055664, 13.685790061950684, 68.50437927246094, -26.816322326660156], [84.45103454589844, -9.185810089111328, 25.095136642456055, 21.682636260986328, 1.2371561527252197, 61.850311279296875, 156.2937774658203, 77.05914306640625, 3.956404685974121, -30.153844833374023, 43.69150161743164, 21.488786697387695, 15.337589263916016], [417.9703369140625, -228.60562133789062, 15.34697437286377, 15.22480583190918, 143.13568115234375, -21.588804244995117, 77.05914306640625, 227.53968811035156, -1.6915334463119507, 13.175293922424316, 65.33415222167969, 19.16185188293457, 49.982032775878906], [-136.28221130371094, 120.6730728149414, -38.67621612548828, 54.77659606933594, 13.06446361541748, 57.68284606933594, 3.956404685974121, -1.6915334463119507, 119.24079895019531, 36.86689758300781, -14.793853759765625, 28.990455627441406, -16.232709884643555], [140.62640380859375, -111.67527770996094, 40.3375129699707, 10.322606086730957, 76.28074645996094, 20.30600357055664, -30.153844833374023, 13.175293922424316, 36.86689758300781, 120.34966278076172, 21.125022888183594, 17.605369567871094, -6.848766326904297], [196.46104431152344, -96.61226654052734, 7.13299036026001, -20.765872955322266, 20.656583786010742, 13.685790061950684, 43.69150161743164, 65.33415222167969, -14.793853759765625, 21.125022888183594, 116.97652435302734, 32.87217712402344, 29.103967666625977], [-24.9825382232666, 2.135288953781128, 14.053816795349121, 26.686983108520508, -2.9313600063323975, 68.50437927246094, 21.488786697387695, 19.16185188293457, 28.990455627441406, 17.605369567871094, 32.87217712402344, 104.07643127441406, 17.380870819091797], [100.44371795654297, -90.64507293701172, 43.209678649902344, -3.449268102645874, 27.52317237854004, -26.816322326660156, 15.337589263916016, 49.982032775878906, -16.232709884643555, -6.848766326904297, 29.103967666625977, 17.380870819091797, 96.79302215576172]], "lowlevel.mfcc.icov": [[0.0005816075135953724, 0.0005845304112881422, 0.0004595453501679003, -0.00026895798509940505, -8.197149145416915e-05, -0.00043492569238878787, 1.4960872249503154e-05, -0.00040532954153604805, 0.0004646601155400276, -0.0002667864609975368, -0.00029554832144640386, 0.0005167796043679118, -0.00010600676614558324], [0.0005845304112881422, 0.0015491164522245526, 0.0013642587000504136, -0.0001898274349514395, -0.00019411715038586408, -0.00037402534508146346, -0.0005239627789705992, 0.0006734644412063062, -0.00035171699710190296, 0.00036596492282114923, -7.508812268497422e-05, 0.0002820501977112144, -0.000145965808769688], [0.0004595453501679003, 0.0013642587000504136, 0.002680084900930524, 0.00018914334941655397, -4.586659269989468e-05, -0.001385343144647777, -0.0005819497746415436, 0.0004837665765080601, 0.0005998666165396571, -0.0005630592349916697, 0.0006580977351404727, 0.0005257162847556174, -0.00114883400965482], [-0.00026895798509940505, -0.0001898274349514395, 0.00018914334941655397, 0.0043655200861394405, -0.00015344025450758636, 0.00017855803889688104, -0.0008238179143518209, 8.804365643300116e-05, -0.001644542790018022, -4.775152410729788e-05, 0.0014889872400090098, -0.0011493260972201824, -0.00016986881382763386], [-8.197149145416915e-05, -0.00019411715038586408, -4.586659269989468e-05, -0.00015344025450758636, 0.003787197871133685, 0.0005976763786748052, 0.00028193427715450525, -0.0025723918806761503, 0.00022166220878716558, -0.0024945326149463654, 0.001006768667139113, 0.00023303144553210586, -0.00019325967878103256], [-0.00043492569238878787, -0.00037402534508146346, -0.001385343144647777, 0.00017855803889688104, 0.0005976763786748052, 0.0063315401785075665, -0.0025038530584424734, 0.001379122375510633, -0.0024534871336072683, -0.00023278832668438554, 2.58823529293295e-05, -0.0034935346338897943, 0.002186261583119631], [1.4960872249503154e-05, -0.0005239627789705992, -0.0005819497746415436, -0.0008238179143518209, 0.00028193427715450525, -0.0025038530584424734, 0.011029264889657497, -0.00405338266864419, -0.0002079577388940379, 0.0037387183401733637, -0.0031940662302076817, 0.0008066060836426914, 0.0003410103963688016], [-0.00040532954153604805, 0.0006734644412063062, 0.0004837665765080601, 8.804365643300116e-05, -0.0025723918806761503, 0.001379122375510633, -0.00405338266864419, 0.009965353645384312, -0.001855311682447791, 0.001196217956021428, -0.002271560486406088, -0.000819861888885498, -0.001947863376699388], [0.0004646601155400276, -0.00035171699710190296, 0.0005998666165396571, -0.001644542790018022, 0.00022166220878716558, -0.0024534871336072683, -0.0002079577388940379, -0.001855311682447791, 0.013685883022844791, -0.00496093463152647, 0.002897780854254961, -0.0014986740425229073, 0.00045225757639855146], [-0.0002667864609975368, 0.00036596492282114923, -0.0005630592349916697, -4.775152410729788e-05, -0.0024945326149463654, -0.00023278832668438554, 0.0037387183401733637, 0.001196217956021428, -0.00496093463152647, 0.014074763283133507, -0.004214373417198658, -0.000876414414960891, 0.0018923947354778647], [-0.00029554832144640386, -7.508812268497422e-05, 0.0006580977351404727, 0.0014889872400090098, 0.001006768667139113, 2.58823529293295e-05, -0.0031940662302076817, -0.002271560486406088, 0.002897780854254961, -0.004214373417198658, 0.014149756170809269, -0.0036787078715860844, -0.002010567579418421], [0.0005167796043679118, 0.0002820501977112144, 0.0005257162847556174, -0.0011493260972201824, 0.00023303144553210586, -0.0034935346338897943, 0.0008066060836426914, -0.000819861888885498, -0.0014986740425229073, -0.000876414414960891, -0.0036787078715860844, 0.014485185965895653, -0.003094662679359317], [-0.00010600676614558324, -0.000145965808769688, -0.00114883400965482, -0.00016986881382763386, -0.00019325967878103256, 0.002186261583119631, 0.0003410103963688016, -0.001947863376699388, 0.00045225757639855146, 0.0018923947354778647, -0.002010567579418421, -0.003094662679359317, 0.013793880119919777]], "metadata.audio_properties.analysis.downmix": "mix", "metadata.audio_properties.codec": "mp3", "metadata.audio_properties.md5_encoded": "91a75162aca3385a1042bc2376da77ac", "metadata.tags.file_name": "1183717293767802890.mp3", "metadata.version.essentia": "2.1-beta6-dev", "metadata.version.essentia_git_sha": "v2.1_beta5-1110-g77a6a954", "metadata.version.extractor": "music 2.0", "tonal.chords_key": "F", "tonal.chords_scale": "major", "tonal.key_edma.key": "F", "tonal.key_edma.scale": "major", "tonal.key_krumhansl.key": "F", "tonal.key_krumhansl.scale": "major", "tonal.key_temperley.key": "C", "tonal.key_temperley.scale": "major", "metadata.tags.encoding": ["Lavf58.45.100"]}, "essentia_models": [{"model_name": "genre_dortmund", "activations": {"alternative": "0.17876711", "blues": "0.05549276", "electronic": "0.0048149014", "folkcountry": "0.35321355", "fun