{"song_id": "1183712470112673802", "download": "https://cdn.discordapp.com/attachments/1135903449314238464/1183712470112673802/chirp.mp4?ex=65895525&amp", "lyrics": "Andre in the spotlight, munching on a Big Mac,\nCharm so smooth, got the girls all coming back.\nMcFlurry smiles, fries in his hand,\nSexy swagger, he's the burger king, the man.\n\nGolden arches gleaming, love in every bite,\nWhispers so sweet, under the neon light.\nAndre's sizzling, McDonald's magic in the air,\nFlippin' burgers and hearts, beyond compare.", "style": ["rock"], "essentia_features": {"lowlevel.average_loudness": 0.984271228313446, "lowlevel.barkbands_crest.mean": 17.82703971862793, "lowlevel.barkbands_crest.stdev": 5.452915191650391, "lowlevel.barkbands_flatness_db.mean": 0.2577700614929199, "lowlevel.barkbands_flatness_db.stdev": 0.1139814481139183, "lowlevel.barkbands_kurtosis.mean": 78.07072448730469, "lowlevel.barkbands_kurtosis.stdev": 222.85646057128906, "lowlevel.barkbands_skewness.mean": 5.000238418579102, "lowlevel.barkbands_skewness.stdev": 5.1212568283081055, "lowlevel.barkbands_spread.mean": 16.338918685913086, "lowlevel.barkbands_spread.stdev": 21.82988929748535, "lowlevel.dissonance.mean": 0.4445399045944214, "lowlevel.dissonance.stdev": 0.0460696816444397, "lowlevel.dynamic_complexity": 2.5832645893096924, "lowlevel.erbbands_crest.mean": 11.562544822692871, "lowlevel.erbbands_crest.stdev": 5.745180130004883, "lowlevel.erbbands_flatness_db.mean": 0.15271341800689697, "lowlevel.erbbands_flatness_db.stdev": 0.05644001439213753, "lowlevel.erbbands_kurtosis.mean": 3.405543804168701, "lowlevel.erbbands_kurtosis.stdev": 7.790626525878906, "lowlevel.erbbands_skewness.mean": 0.5871711373329163, "lowlevel.erbbands_skewness.stdev": 1.645931601524353, "lowlevel.erbbands_spread.mean": 50.76270294189453, "lowlevel.erbbands_spread.stdev": 38.90364456176758, "lowlevel.hfc.mean": 25.72303009033203, "lowlevel.hfc.stdev": 24.168827056884766, "lowlevel.loudness_ebu128.integrated": -12.977095603942871, "lowlevel.loudness_ebu128.loudness_range": 0.6923952102661133, "lowlevel.loudness_ebu128.momentary.mean": -13.150350570678711, "lowlevel.loudness_ebu128.momentary.stdev": 1.266609787940979, "lowlevel.loudness_ebu128.short_term.mean": -12.94078540802002, "lowlevel.loudness_ebu128.short_term.stdev": 0.2371840626001358, "lowlevel.melbands_crest.mean": 25.106046676635742, "lowlevel.melbands_crest.stdev": 7.1154255867004395, "lowlevel.melbands_flatness_db.mean": 0.3618595600128174, "lowlevel.melbands_flatness_db.stdev": 0.1304095983505249, "lowlevel.melbands_kurtosis.mean": 127.06050109863281, "lowlevel.melbands_kurtosis.stdev": 224.78981018066406, "lowlevel.melbands_skewness.mean": 6.854491710662842, "lowlevel.melbands_skewness.stdev": 5.717430114746094, "lowlevel.melbands_spread.mean": 10.387321472167969, "lowlevel.melbands_spread.stdev": 13.806500434875488, "lowlevel.pitch_salience.mean": 0.32926735281944275, "lowlevel.pitch_salience.stdev": 0.16643798351287842, "lowlevel.silence_rate_20dB.mean": 0.9578313231468201, "lowlevel.silence_rate_20dB.stdev": 0.20097342133522034, "lowlevel.silence_rate_30dB.mean": 0.7024096250534058, "lowlevel.silence_rate_30dB.stdev": 0.4571986496448517, "lowlevel.silence_rate_60dB.mean": 0.0024096386041492224, "lowlevel.silence_rate_60dB.stdev": 0.04902863875031471, "lowlevel.spectral_centroid.mean": 1013.7154541015625, "lowlevel.spectral_centroid.stdev": 1010.1254272460938, "lowlevel.spectral_complexity.mean": 10.49638557434082, "lowlevel.spectral_complexity.stdev": 10.044809341430664, "lowlevel.spectral_decrease.mean": -2.629469264547879e-08, "lowlevel.spectral_decrease.stdev": 2.6720289980630696e-08, "lowlevel.spectral_energy.mean": 0.1015753224492073, "lowlevel.spectral_energy.stdev": 0.10103237628936768, "lowlevel.spectral_energyband_high.mean": 0.0013883315259590745, "lowlevel.spectral_energyband_high.stdev": 0.0024538130965083838, "lowlevel.spectral_energyband_low.mean": 0.0843353196978569, "lowlevel.spectral_energyband_low.stdev": 0.10322796553373337, "lowlevel.spectral_energyband_middle_high.mean": 0.0038361093029379845, "lowlevel.spectral_energyband_middle_high.stdev": 0.007619891315698624, "lowlevel.spectral_energyband_middle_low.mean": 0.01280935201793909, "lowlevel.spectral_energyband_middle_low.stdev": 0.016459625214338303, "lowlevel.spectral_entropy.mean": 7.276139736175537, "lowlevel.spectral_entropy.stdev": 0.8516239523887634, "lowlevel.spectral_flux.mean": 0.14490193128585815, "lowlevel.spectral_flux.stdev": 0.11521311104297638, "lowlevel.spectral_kurtosis.mean": 6.3893208503723145, "lowlevel.spectral_kurtosis.stdev": 7.655080318450928, "lowlevel.spectral_rms.mean": 0.008947446011006832, "lowlevel.spectral_rms.stdev": 0.004363602492958307, "lowlevel.spectral_rolloff.mean": 817.2763061523438, "lowlevel.spectral_rolloff.stdev": 1814.2877197265625, "lowlevel.spectral_skewness.mean": 1.8905903100967407, "lowlevel.spectral_skewness.stdev": 1.080431580543518, "lowlevel.spectral_spread.mean": 6204255.0, "lowlevel.spectral_spread.stdev": 2991871.75, "lowlevel.spectral_strongpeak.mean": 0.6867793202400208, "lowlevel.spectral_strongpeak.stdev": 0.5703232884407043, "lowlevel.zerocrossingrate.mean": 0.03674640133976936, "lowlevel.zerocrossingrate.stdev": 0.03734719008207321, "metadata.audio_properties.analysis.equal_loudness": 0.0, "metadata.audio_properties.analysis.length": 19.242652893066406, "metadata.audio_properties.analysis.sample_rate": 44100.0, "metadata.audio_properties.analysis.start_time": 0.0, "metadata.audio_properties.bit_rate": 128897.0, "metadata.audio_properties.length": 19.242666244506836, "metadata.audio_properties.lossless": 0.0, "metadata.audio_properties.number_channels": 1.0, "metadata.audio_properties.replay_gain": -11.02694320678711, "metadata.audio_properties.sample_rate": 48000.0, "rhythm.beats_count": 32.0, "rhythm.beats_loudness.mean": 0.12539175152778625, "rhythm.beats_loudness.stdev": 0.09983129799365997, "rhythm.bpm": 100.95323944091797, "rhythm.bpm_histogram_first_peak_bpm": 101.0, "rhythm.bpm_histogram_first_peak_weight": 0.36666667461395264, "rhythm.bpm_histogram_second_peak_bpm": 112.0, "rhythm.bpm_histogram_second_peak_spread": 0.0, "rhythm.bpm_histogram_second_peak_weight": 0.032258063554763794, "rhythm.danceability": 2.6083474159240723, "rhythm.onset_rate": 5.711036682128906, "tonal.chords_changes_rate": 0.09134615212678909, "tonal.chords_number_rate": 0.012019230984151363, "tonal.chords_strength.mean": 0.5769752264022827, "tonal.chords_strength.stdev": 0.11109916865825653, "tonal.hpcp_crest.mean": 14.091379165649414, "tonal.hpcp_crest.stdev": 7.2686991691589355, "tonal.hpcp_entropy.mean": 1.9595837593078613, "tonal.hpcp_entropy.stdev": 0.8177769184112549, "tonal.key_edma.strength": 0.6498656272888184, "tonal.key_krumhansl.strength": 0.6396543383598328, "tonal.key_temperley.strength": 0.6296260952949524, "tonal.tuning_diatonic_strength": 0.6046751141548157, "tonal.tuning_equal_tempered_deviation": 0.2314685732126236, "tonal.tuning_frequency": 434.193115234375, "tonal.tuning_nontempered_energy_ratio": 0.9352177977561951, "lowlevel.barkbands.mean": [0.00407810602337122, 0.07315116375684738, 0.006409016437828541, 0.0017130140913650393, 0.006969996728003025, 0.0006394257652573287, 0.0021716568153351545, 0.0006807897589169443, 0.00047076595365069807, 0.0006311372853815556, 0.0010283603332936764, 0.000505370378959924, 0.00042333590681664646, 0.0004064048989675939, 0.000307437643641606, 0.00018958485452458262, 0.0001585949066793546, 0.00013527802366297692, 7.513116725021973e-05, 9.635469905333593e-05, 0.00014211844245437533, 0.00020585198944900185, 0.00020830404537264258, 0.0004074032767675817, 0.00023738840536680073, 0.00012525002239271998, 8.243951015174389e-06], "lowlevel.barkbands.stdev": [0.004687078762799501, 0.0978044643998146, 0.019265778362751007, 0.004402250051498413, 0.011421959847211838, 0.001494992757216096, 0.005309007130563259, 0.0020785846281796694, 0.0010609534801915288, 0.002301736269146204, 0.0034954429138451815, 0.001344258664175868, 0.0011963677825406194, 0.0011598244309425354, 0.0009185384260490537, 0.0004842799680773169, 0.00040134802111424506, 0.00032605050364509225, 0.00019470254483167082, 0.0002515110245440155, 0.0003227140405215323, 0.0003935290442313999, 0.00042810069862753153, 0.0010821418836712837, 0.0005058692768216133, 0.0002091759379254654, 1.9452136257314123e-05], "lowlevel.erbbands.mean": [3.0908362865448, 12.405694961547852, 9.542917251586914, 6.534726142883301, 17.365755081176758, 25.0770206451416, 6.23795223236084, 6.827288627624512, 25.65643310546875, 26.78218650817871, 15.272078514099121, 10.96187973022461, 16.71143913269043, 23.98502540588379, 40.548641204833984, 21.493085861206055, 18.89634895324707, 21.21269989013672, 18.59776496887207, 13.727636337280273, 9.882699966430664, 9.122349739074707, 7.827876091003418, 4.679961681365967, 3.8558313846588135, 4.53469705581665, 4.946736812591553, 6.451604843139648, 7.732434272766113, 6.154886245727539, 5.896331787109375, 8.689197540283203, 6.241440296173096, 3.2806475162506104, 1.28233802318573, 0.6041935086250305, 0.21750254929065704, 0.03985047712922096, 0.0009501751628704369, 0.00014172811643220484], "lowlevel.erbbands.stdev": [4.27704381942749, 17.758150100708008, 23.521350860595703, 16.869091033935547, 30.42375946044922, 47.5889778137207, 16.740001678466797, 14.11078929901123, 61.850250244140625, 84.85916137695312, 40.35136032104492, 25.40458106994629, 46.471405029296875, 92.58985137939453, 128.6097869873047, 56.50937271118164, 51.62417984008789, 56.695343017578125, 46.434608459472656, 36.23854064941406, 24.482324600219727, 21.77512550354004, 19.02243423461914, 11.015369415283203, 10.508015632629395, 12.272492408752441, 12.157048225402832, 13.35402774810791, 14.992325782775879, 12.115846633911133, 12.530820846557617, 22.94232177734375, 17.619361877441406, 7.769320011138916, 2.460416316986084, 1.0654592514038086, 0.3759039044380188, 0.07743790000677109, 0.0017313899006694555, 0.00011109585466329008], "lowlevel.gfcc.mean": [-21.493244171142578, 87.2406997680664, -55.27742385864258, 39.29572296142578, -38.3481559753418, 38.78649139404297, -25.968355178833008, 13.26563549041748, -13.96635913848877, 11.308371543884277, -12.518760681152344, 7.806828498840332, -6.846686840057373], "lowlevel.melbands.mean": [0.023457977920770645, 0.008233534172177315, 0.0014110313495621085, 0.0017142386641353369, 0.0003571797860786319, 0.00016079471970442683, 0.0004091956070624292, 0.00025544167147018015, 0.00011576511315070093, 6.527508230647072e-05, 8.509995677741244e-05, 9.276697528548539e-05, 0.00014456459030043334, 6.631309224758297e-05, 4.370234455564059e-05, 4.5303186197998e-05, 3.866453334921971e-05, 3.125947478110902e-05, 2.3122174752643332e-05, 1.52282664203085e-05, 1.0432087947265245e-05, 9.38871471589664e-06, 8.779886229604017e-06, 5.657633664668538e-06, 3.5669111184688518e-06, 2.7170408429810777e-06, 2.9370980882958975e-06, 3.006551651196787e-06, 2.9666612135770265e-06, 3.3338071716570994e-06, 3.879112227878068e-06, 4.601839009410469e-06, 3.637584313764819e-06, 3.415746959944954e-06, 3.0785588478465797e-06, 4.061451818415662e-06, 5.964011506875977e-06, 4.956544216838665e-06, 3.2722052765166154e-06, 2.531777681724634e-06], "lowlevel.melbands.stdev": [0.031553033739328384, 0.013138026930391788, 0.0028344818856567144, 0.002868116134777665, 0.0008902790723368526, 0.00034527189563959837, 0.0009479851578362286, 0.000804660958237946, 0.00030795251950621605, 0.00015531634562648833, 0.000250300916377455, 0.000375843548681587, 0.000499001587741077, 0.00016425109060946852, 0.00013040156045462936, 0.0001324754994129762, 0.00010943635425064713, 8.23122973088175e-05, 7.850681868148968e-05, 4.029947376693599e-05, 2.6958045054925606e-05, 2.3670414520893246e-05, 2.134931128239259e-05, 1.4895129424985498e-05, 8.450597306364216e-06, 7.551162070740247e-06, 8.309995791933034e-06, 8.164503014995717e-06, 7.3015248744923156e-06, 8.755195267440286e-06, 7.92027003626572e-06, 8.964814696810208e-06, 7.599639047839446e-06, 6.938210390217137e-06, 6.3994912125053816e-06, 1.0102428859681822e-05, 1.653091749176383e-05, 1.4937506421119906e-05, 8.676578545419034e-06, 5.833769137097988e-06], "lowlevel.melbands128.mean": [0.003941367845982313, 0.026886489242315292, 0.032380081713199615, 0.016222961246967316, 0.005902271252125502, 0.002774625550955534, 0.0011831328738480806, 0.0008696347358636558, 0.001813112641684711, 0.0022837240248918533, 0.0013904650695621967, 0.000485919532366097, 0.0001341424649581313, 7.429373363265768e-05, 0.00010189755266765133, 0.0002013299526879564, 0.0004020245105493814, 0.00042871030746027827, 0.00046432632370851934, 0.00031540924101136625, 0.0001332493993686512, 0.00012042259186273441, 0.00013476585445459932, 8.534965309081599e-05, 6.087650035624392e-05, 6.285863491939381e-05, 5.497803067555651e-05, 8.899949170881882e-05, 0.00011248642113059759, 8.403298852499574e-05, 7.489590643672273e-05, 0.0001276088587474078, 0.00018208089750260115, 0.00014218331489246339, 5.84474801144097e-05, 5.095107917441055e-05, 6.1026319599477574e-05, 4.665921733248979e-05, 2.8091750209569e-05, 4.047408947371878e-05, 5.399351357482374e-05, 4.689632260124199e-05, 3.057524372707121e-05, 4.1719700675457716e-05, 3.97893090848811e-05, 2.620877967274282e-05, 2.532713369873818e-05, 2.7418785975896753e-05, 2.0567598767229356e-05, 1.4045051102584694e-05, 1.5627148968633264e-05, 1.5938159776851535e-05, 9.360663170809858e-06, 9.091279025597032e-06, 9.791782758838963e-06, 9.496490747551434e-06, 9.026238330989145e-06, 9.145461262960453e-06, 9.354796929983422e-06, 6.615671736653894e-06, 5.815094027639134e-06, 4.478722530620871e-06, 4.079968221049057e-06, 3.1961792501533637e-06, 2.942014816653682e-06, 2.6870650344790192e-06, 2.5223957891284954e-06, 2.813503670040518e-06, 3.0613330181950005e-06, 3.1522288281848887e-06, 2.809415718729724e-06, 3.1537272207060596e-06, 2.978317070301273e-06, 3.0411831630772213e-06, 2.674999905138975e-06, 3.3336891647195444e-06, 3.6737230857397662e-06, 3.442788738539093e-06, 3.946287961298367e-06, 4.032082415506011e-06, 4.968796474713599e-06, 4.820804861083161e-06, 3.974485935032135e-06, 3.5545269838621607e-06, 3.330077106511453e-06, 3.143338972222409e-06, 3.618753908085637e-06, 3.5875732464774046e-06, 2.429325832054019e-06, 3.2185128020500997e-06, 4.050123152410379e-06, 3.782967723964248e-06, 4.92463368573226e-06, 6.4163896240643226e-06, 6.403425686585251e-06, 6.151436537038535e-06, 4.758182058139937e-06, 2.7398318707128055e-06, 3.481006388028618e-06, 3.4726037938526133e-06, 2.927303739852505e-06, 2.4554378796892706e-06, 1.9438280105532613e-06, 1.556781739964208e-06, 1.2210144859636785e-06, 1.2831441154048662e-06, 1.3191595371608855e-06, 1.103067575058958e-06, 1.0749167813628446e-06, 9.179028097605624e-07, 8.238869213528233e-07, 8.098219268504181e-07, 6.779217756047728e-07, 5.861263048245746e-07, 4.782302198691468e-07, 4.829937552131014e-07, 3.136831878691737e-07, 3.845911678013181e-08, 2.419742184400775e-09, 1.366145391257234e-10, 1.0193230287613986e-10, 3.613433857685422e-11, 1.483771092103403e-11, 1.4520801228101732e-11, 1.4265798611856617e-11, 1.4004293384661803e-11, 1.3841043762508054e-11, 1.3758035509459088e-11], "lowlevel.melbands128.stdev": [0.004612828139215708, 0.037971001118421555, 0.0466386042535305, 0.02554187923669815, 0.014988328330218792, 0.008262867107987404, 0.0037211354356259108, 0.0020829413551837206, 0.0036126270424574614, 0.004511027131229639, 0.0031822645105421543, 0.0016074153827503324, 0.0005039615207351744, 0.00026487058494240046, 0.0002637017460074276, 0.0005165679031051695, 0.0011232920223847032, 0.001290738582611084, 0.0015577437588945031, 0.0012877339031547308, 0.000598876504227519, 0.000477400841191411, 0.0004442905483301729, 0.0002689275424927473, 0.00023028510622680187, 0.00019438190793152899, 0.00017061021935660392, 0.0003009294159710407, 0.000498599314596504, 0.0004900939529761672, 0.0005354245658963919, 0.0005691727856174111, 0.0008321762434206903, 0.0004801416944246739, 0.0002127910847775638, 0.00018746210844255984, 0.00024068693164736032, 0.00018331222236156464, 0.00010995037155225873, 0.00016451663395855576, 0.00019493521540425718, 0.00018267068662680686, 0.00011619505676208064, 0.00017372025467921048, 0.00015580226317979395, 7.46637670090422e-05, 8.581332076573744e-05, 0.00013215186481829733, 7.058909977786243e-05, 3.9105056202970445e-05, 5.079011680209078e-05, 5.7845129049383104e-05, 2.3963597413967364e-05, 2.670177855179645e-05, 3.618089613155462e-05, 2.4226545065175742e-05, 2.651691102073528e-05, 2.4285800463985652e-05, 2.4287766791530885e-05, 1.7845482943812385e-05, 1.8925436961581e-05, 1.1868091860378627e-05, 9.971639883588068e-06, 8.788533705228474e-06, 8.078528480837122e-06, 8.303418326249812e-06, 8.44252008391777e-06, 8.956488272815477e-06, 8.737457392271608e-06, 1.1849162547150627e-05, 9.145519470621366e-06, 8.82893436937593e-06, 7.20998423275887e-06, 8.450920176983345e-06, 7.715885658399202e-06, 1.069223799277097e-05, 1.0706097782531288e-05, 7.89864225225756e-06, 8.978661753644701e-06, 8.75733167049475e-06, 1.0299756468157284e-05, 1.0057145118480548e-05, 9.741385838424321e-06, 8.110017006401904e-06, 7.751403245492838e-06, 6.841527920187218e-06, 8.221044481615536e-06, 7.974009349709377e-06, 5.491981482919073e-06, 8.344673915416934e-06, 1.067230368789751e-05, 9.916754606820177e-06, 1.3681274140253663e-05, 1.8903021555161104e-05, 2.0305096768424846e-05, 1.8861475837184116e-05, 1.634060754440725e-05, 8.239539056376088e-06, 9.306586434831843e-06, 1.0021884918387514e-05, 7.689346603001468e-06, 5.889809926884482e-06, 4.536143478617305e-06, 3.437942496020696e-06, 2.6253760552208405e-06, 2.6179413907811977e-06, 2.9631255529238842e-06, 2.2289646040007938e-06, 2.017854967562016e-06, 1.8328328224015422e-06, 1.604890371709189e-06, 1.6027273659346974e-06, 1.3622927781398175e-06, 1.1299388233965146e-06, 9.691095783637138e-07, 1.1039360288123135e-06, 7.120332270460494e-07, 1.634754625001733e-07, 2.4231377793171305e-08, 2.295324597056947e-09, 1.7380443750880659e-09, 4.387372964931302e-10, 2.6417583398608002e-11, 2.596108050756385e-11, 2.5583313245647332e-11, 2.5274943596387267e-11, 2.5058384187093274e-11, 2.4923752298122714e-11], "lowlevel.mfcc.mean": [-686.7080078125, 125.68378448486328, 45.87592697143555, 22.482147216796875, 23.536754608154297, 28.052091598510742, 11.714160919189453, 11.517199516296387, 12.063979148864746, 3.3181352615356445, 6.046017169952393, 11.16935920715332, 1.469284176826477], "lowlevel.spectral_contrast_coeffs.mean": [-0.6799978017807007, -0.7554107904434204, -0.7838320732116699, -0.8105891346931458, -0.814147412776947, -0.7674601674079895], "lowlevel.spectral_contrast_coeffs.stdev": [0.08458266407251358, 0.09795449674129486, 0.0761353000998497, 0.058647848665714264, 0.043710026890039444, 0.04637382924556732], "lowlevel.spectral_contrast_valleys.mean": [-6.557448863983154, -7.3098039627075195, -7.893380165100098, -8.190503120422363, -8.464593887329102, -10.373340606689453], "lowlevel.spectral_contrast_valleys.stdev": [0.6780239939689636, 0.8970155715942383, 0.9574917554855347, 0.9993526935577393, 1.1128628253936768, 1.3232648372650146], "rhythm.beats_loudness_band_ratio.mean": [0.6355095505714417, 0.13122792541980743, 0.1061154156923294, 0.11573650687932968, 0.04538693651556969, 0.029229020699858665], "rhythm.beats_loudness_band_ratio.stdev": [0.24014878273010254, 0.14947167038917542, 0.13844870030879974, 0.15386207401752472, 0.053362127393484116, 0.03424295037984848], "tonal.hpcp.mean": [0.10863494127988815, 0.09462185949087143, 0.103007473051548, 0.14299246668815613, 0.162361279129982, 0.12144193053245544, 0.0746748298406601, 0.0458332858979702, 0.040309008210897446, 0.10022483766078949, 0.13679301738739014, 0.07141227275133133, 0.020519038662314415, 0.015331410802900791, 0.01675763726234436, 0.021370410919189453, 0.019336692988872528, 0.02012762427330017, 0.019723884761333466, 0.013293083757162094, 0.01149316132068634, 0.01699615642428398, 0.017744796350598335, 0.028642021119594574, 0.1443375051021576, 0.2451104372739792, 0.1714717298746109, 0.07925263047218323, 0.0518999919295311, 0.043615326285362244, 0.04625846818089485, 0.050281789153814316, 0.06700807809829712, 0.12062876671552658, 0.1522018313407898, 0.13335715234279633], "tonal.hpcp.stdev": [0.2583378553390503, 0.2340714931488037, 0.25106900930404663, 0.2968495488166809, 0.31810855865478516, 0.2731161415576935, 0.2091136872768402, 0.16178929805755615, 0.13178794085979462, 0.2329971194267273, 0.31396281719207764, 0.18636156618595123, 0.09964030981063843, 0.07068055123090744, 0.09202612936496735, 0.09801014512777328, 0.09444133192300797, 0.0966591015458107, 0.09951825439929962, 0.07116102427244186, 0.0698435828089714, 0.09669029712677002, 0.10094154626131058, 0.10305757075548172, 0.27436915040016174, 0.3893108367919922, 0.3062148094177246, 0.21600186824798584, 0.17419421672821045, 0.15354788303375244, 0.15681658685207367, 0.1677514910697937, 0.18592947721481323, 0.2657526731491089, 0.31015637516975403, 0.2815205454826355], "rhythm.beats_position": [0.5108389854431152, 1.0448979139328003, 1.6370067596435547, 2.2291154861450195, 2.8212244510650635, 3.4133331775665283, 4.017052173614502, 4.6207709312438965, 5.201269626617432, 5.804988384246826, 6.397097587585449, 6.989206314086914, 7.581315040588379, 8.173423767089844, 8.753922462463379, 9.357641220092773, 9.961359977722168, 10.55346965789795, 11.145578384399414, 11.749297142028809, 12.341405868530273, 12.933514595031738, 13.525623321533203, 14.117732048034668, 14.709840774536133, 15.301949501037598, 15.894058227539062, 16.486167907714844, 17.089885711669922, 17.670385360717773, 18.262493133544922, 18.877822875976562], "rhythm.bpm_histogram": [0.0, 0.0, 0.0, 0.0, 0.0, 0.0, 0.0, 0.0, 0.0, 0.0, 0.0, 0.0, 0.0, 0.0, 0.0, 0.0, 0.0, 0.0, 0.0, 0.0, 0.0, 0.0, 0.0, 0.0, 0.0, 0.0, 0.0, 0.0, 0.0, 0.0, 0.0, 0.0, 0.0, 0.0, 0.0, 0.0, 0.0, 0.0, 0.0, 0.0, 0.0, 0.0, 0.0, 0.0, 0.0, 0.0, 0.0, 0.0, 0.0, 0.0, 0.0, 0.0, 0.0, 0.0, 0.0, 0.0, 0.0, 0.0, 0.0, 0.0, 0.0, 0.0, 0.0, 0.0, 0.0, 0.0, 0.0, 0.0, 0.0, 0.0, 0.0, 0.0, 0.0, 0.0, 0.0, 0.0, 0.0, 0.0, 0.0, 0.0, 0.0, 0.0, 0.0, 0.0, 0.0, 0.0, 0.0, 0.0, 0.0, 0.0, 0.0, 0.0, 0.0, 0.0, 0.0, 0.0, 0.0, 0.0, 0.032258063554763794, 0.22580644488334656, 0.0, 0.6129032373428345, 0.0, 0.09677419066429138, 0.0, 0.0, 0.0, 0.0, 0.0, 0.0, 0.0, 0.0, 0.032258063554763794, 0.0, 0.0, 0.0, 0.0, 0.0, 0.0, 0.0, 0.0, 0.0, 0.0, 0.0, 0.0, 0.0, 0.0, 0.0, 0.0, 0.0, 0.0, 0.0, 0.0, 0.0, 0.0, 0.0, 0.0, 0.0, 0.0, 0.0, 0.0, 0.0, 0.0, 0.0, 0.0, 0.0, 0.0, 0.0, 0.0, 0.0, 0.0, 0.0, 0.0, 0.0, 0.0, 0.0, 0.0, 0.0, 0.0, 0.0, 0.0, 0.0, 0.0, 0.0, 0.0, 0.0, 0.0, 0.0, 0.0, 0.0, 0.0, 0.0, 0.0, 0.0, 0.0, 0.0, 0.0, 0.0, 0.0, 0.0, 0.0, 0.0, 0.0, 0.0, 0.0, 0.0, 0.0, 0.0, 0.0, 0.0, 0.0, 0.0, 0.0, 0.0, 0.0, 0.0, 0.0, 0.0, 0.0, 0.0, 0.0, 0.0, 0.0, 0.0, 0.0, 0.0, 0.0, 0.0, 0.0, 0.0, 0.0, 0.0, 0.0, 0.0, 0.0, 0.0, 0.0, 0.0, 0.0, 0.0, 0.0, 0.0, 0.0, 0.0, 0.0, 0.0, 0.0, 0.0, 0.0, 0.0, 0.0, 0.0, 0.0, 0.0, 0.0, 0.0, 0.0, 0.0, 0.0, 0.0, 0.0, 0.0, 0.0, 0.0, 0.0, 0.0, 0.0, 0.0, 0.0, 0.0], "tonal.chords_histogram": [3.605769157409668, 0.0, 71.63461303710938, 6.25, 0.0, 0.0, 0.48076921701431274, 7.692307472229004, 0.0, 10.336538314819336, 0.0, 0.0, 0.0, 0.0, 0.0, 0.0, 0.0, 0.0, 0.0, 0.0, 0.0, 0.0, 0.0, 0.0], "tonal.thpcp": [1.0, 0.6995692849159241, 0.32333436608314514, 0.21174125373363495, 0.17794153094291687, 0.18872500956058502, 0.20513932406902313, 0.2733791172504425, 0.4921404719352722, 0.6209520697593689, 0.5440696477890015, 0.44320812821388245, 0.3860376477241516, 0.42024922370910645, 0.5833797454833984, 0.662400484085083, 0.4954580068588257, 0.304657906293869, 0.18699035048484802, 0.1644524335861206, 0.40889665484428406, 0.5580872893333435, 0.29134732484817505, 0.08371344208717346, 0.06254899501800537, 0.06836770474910736, 0.08718686550855637, 0.07888972014188766, 0.08211655169725418, 0.08046937733888626, 0.05423303693532944, 0.04688972607254982, 0.06934081017971039, 0.07239510864019394, 0.11685353517532349, 0.5888672471046448], "lowlevel.gfcc.cov": [[6970.52294921875, -1752.67041015625, -999.7612915039062, -243.70382690429688, -841.064697265625, -15.947192192077637, -480.3637390136719, 197.04937744140625, -389.08428955078125, 256.8863220214844, -349.7546691894531, 220.50918579101562, -342.5326843261719], [-1752.67041015625, 2582.621337890625, -140.9420166015625, -635.3551635742188, 469.3898620605469, -447.8730773925781, 114.23609161376953, -310.4998474121094, 205.25747680664062, -113.97891235351562, 146.25389099121094, -201.289794921875, 249.5208282470703], [-999.7612915039062, -140.9420166015625, 1123.103759765625, 296.83807373046875, -24.881343841552734, 77.91069030761719, -40.085304260253906, -35.480079650878906, 49.45794677734375, -53.36558532714844, 62.11894226074219, -9.664053916931152, -5.201640605926514], [-243.70382690429688, -635.3551635742188, 296.83807373046875, 709.1972045898438, 38.46863555908203, 18.024869918823242, -0.7898309826850891, 113.8510513305664, -8.001445770263672, -103.5687026977539, 21.475845336914062, 36.061370849609375, -5.215469837188721], [-841.064697265625, 469.3898620605469, -24.881343841552734, 38.46863555908203, 449.9861755371094, 38.9096794128418, 133.07957458496094, -33.83515930175781, 107.21703338623047, -53.163597106933594, 36.161678314208984, -50.33061218261719, 102.2264404296875], [-15.947192192077637, -447.8730773925781, 77.91069030761719, 18.024869918823242, 38.9096794128418, 500.18072509765625, 195.3221893310547, 22.256383895874023, -38.14855194091797, 5.043947219848633, 30.406360626220703, 17.59932518005371, 3.408240556716919], [-480.3637390136719, 114.23609161376953, -40.085304260253906, -0.7898309826850891, 133.07957458496094, 195.3221893310547, 346.0793151855469, 24.66360092163086, 12.27587604522705, -27.3172664642334, 71.46908569335938, -0.12825511395931244, 43.87961959838867], [197.04937744140625, -310.4998474121094, -35.480079650878906, 113.8510513305664, -33.83515930175781, 22.256383895874023, 24.66360092163086, 175.4360809326172, 31.61726951599121, -2.270817518234253, -12.145889282226562, 22.74188804626465, -14.894912719726562], [-389.08428955078125, 205.25747680664062, 49.45794677734375, -8.001445770263672, 107.21703338623047, -38.14855194091797, 12.27587604522705, 31.61726951599121, 209.97152709960938, 44.78389358520508, 11.770537376403809, -44.016422271728516, 34.29821014404297], [256.8863220214844, -113.97891235351562, -53.36558532714844, -103.5687026977539, -53.163597106933594, 5.043947219848633, -27.3172664642334, -2.270817518234253, 44.78389358520508, 179.80072021484375, -13.249646186828613, -13.572755813598633, -31.02939796447754], [-349.7546691894531, 146.25389099121094, 62.11894226074219, 21.475845336914062, 36.161678314208984, 30.406360626220703, 71.46908569335938, -12.145889282226562, 11.770537376403809, -13.249646186828613, 131.7454833984375, 16.429044723510742, 38.26637268066406], [220.50918579101562, -201.289794921875, -9.664053916931152, 36.061370849609375, -50.33061218261719, 17.59932518005371, -0.12825511395931244, 22.74188804626465, -44.016422271728516, -13.572755813598633, 16.429044723510742, 105.76974487304688, -2.787846326828003], [-342.5326843261719, 249.5208282470703, -5.201640605926514, -5.215469837188721, 102.2264404296875, 3.408240556716919, 43.87961959838867, -14.894912719726562, 34.29821014404297, -31.02939796447754, 38.26637268066406, -2.787846326828003, 128.45472717285156]], "lowlevel.gfcc.icov": [[0.00030712250736542046, -1.2368726856948342e-05, 0.00024296327319461852, -7.298532182176132e-06, 0.0002713336143642664, -0.00015960789460223168, 0.00031381871667690575, -0.0002392076567048207, 0.00028810169897042215, -0.00028177909553050995, 0.0004161316028330475, -0.000406545092118904, 0.00022811729286331683], [-1.2368726856948342e-05, 0.0029297838918864727, -0.00019658236124087125, 0.0025536250323057175, -0.0013404558412730694, 0.0030063551384955645, -0.0013518949272111058, 0.0025542431976646185, -0.0012356010265648365, 0.002635702257975936, -0.002361312508583069, 0.003158184001222253, -0.002144778147339821], [0.00024296327319461852, -0.00019658236124087125, 0.0014021442038938403, -0.0007499082712456584, 0.0006620576023124158, -0.0007000978221185505, 0.0006379998521879315, 0.0004314637335482985, -0.0004270172503311187, -4.630811417882796e-06, -7.314090908039361e-05, -0.00031087652314454317, 0.000507795310113579], [-7.298532182176132e-06, 0.0025536250323057175, -0.0007499082712456584, 0.004318579565733671, -0.0016937528271228075, 0.002692954847589135, -0.0009027277701534331, 0.0005830387235619128, -0.0006248992867767811, 0.0030916088726371527, -0.002307168673723936, 0.0024083189200609922, -0.0015291888266801834], [0.0002713336143642664, -0.0013404558412730694, 0.0006620576023124158, -0.0016937528271228075, 0.004679413046687841, -0.0016668328316882253, -0.000247214367846027, 9.300867532147095e-05, -0.001194611075334251, -0.0003630498831626028, 0.0017667413922026753, -0.0008292639395222068, -0.0006121551850810647], [-0.00015960789460223168, 0.0030063551384955645, -0.0007000978221185505, 0.002692954847589135, -0.0016668328316882253, 0.005972010083496571, -0.0032389124389737844, 0.002350970171391964, -0.0005060510011389852, 0.002163955243304372, -0.002299266867339611, 0.003141289809718728, -0.0022263936698436737], [0.00031381871667690575, -0.0013518949272111058, 0.0006379998521879315, -0.0009027277701534331, -0.000247214367846027, -0.0032389124389737844, 0.005834413226693869, -0.0024569472298026085, 0.001050607650540769, -0.0009942888282239437, -0.0007352490210905671, -0.0014508726308122277, 0.001123640569858253], [-0.0002392076567048207, 0.0025542431976646185, 0.0004314637335482985, 0.0005830387235619128, 9.300867532147095e-05, 0.002350970171391964, -0.0024569472298026085, 0.010679901577532291, -0.004158607218414545, 0.0029557517264038324, -0.0011004641419276595, 0.001335844281129539, -0.001435835030861199], [0.00028810169897042215, -0.0012356010265648365, -0.0004270172503311187, -0.0006248992867767811, -0.001194611075334251, -0.0005060510011389852, 0.001050607650540769, -0.004158607218414545, 0.008638748899102211, -0.004006042145192623, 0.0007513898890465498, 0.0005911397165618837, -0.0002365684777032584], [-0.00028177909553050995, 0.002635702257975936, -4.630811417882796e-06, 0.0030916088726371527, -0.0003630498831626028, 0.002163955243304372, -0.0009942888282239437, 0.0029557517264038324, -0.004006042145192623, 0.010113704949617386, -0.0026852607261389494, 0.0034154681488871574, -0.00044520851224660873], [0.0004161316028330475, -0.002361312508583069, -7.314090908039361e-05, -0.002307168673723936, 0.0017667413922026753, -0.002299266867339611, -0.0007352490210905671, -0.0011004641419276595, 0.0007513898890465498, -0.0026852607261389494, 0.01245312299579382, -0.005096305161714554, -0.00029127069865353405], [-0.000406545092118904, 0.003158184001222253, -0.00031087652314454317, 0.0024083189200609922, -0.0008292639395222068, 0.003141289809718728, -0.0014508726308122277, 0.001335844281129539, 0.0005911397165618837, 0.0034154681488871574, -0.005096305161714554, 0.015643367543816566, -0.0033816073555499315], [0.00022811729286331683, -0.002144778147339821, 0.000507795310113579, -0.0015291888266801834, -0.0006121551850810647, -0.0022263936698436737, 0.001123640569858253, -0.001435835030861199, -0.0002365684777032584, -0.00044520851224660873, -0.00029127069865353405, -0.0033816073555499315, 0.012482710182666779]], "lowlevel.mfcc.cov": [[7482.80224609375, -1904.412841796875, -821.0875854492188, -528.8594360351562, -589.9374389648438, -444.0758056640625, -259.4571228027344, -170.01565551757812, -199.52450561523438, -81.62010192871094, -35.85846710205078, -204.2899932861328, -41.2027473449707], [-1904.412841796875, 2918.81005859375, -518.4098510742188, -152.34976196289062, 12.426947593688965, -4.083271026611328, -105.16285705566406, -268.99945068359375, 65.86104583740234, -64.12957763671875, -29.391984939575195, 88.38481903076172, -154.89280700683594], [-821.0875854492188, -518.4098510742188, 1120.0596923828125, 142.92140197753906, 123.07342529296875, 37.93443298339844, 6.2109575271606445, 51.05782699584961, -64.1282730102539, -34.55503463745117, 13.874711036682129, 21.524391174316406, 41.334617614746094], [-528.8594360351562, -152.34976196289062, 142.92140197753906, 602.1249389648438, 166.09957885742188, -116.2352066040039, -43.898704528808594, 56.33552169799805, 24.167709350585938, -70.59146118164062, -1.652787446975708, 40.35196304321289, 7.8311076164245605], [-589.9374389648438, 12.426947593688965, 123.07342529296875, 166.09957885742188, 328.4968566894531, 42.43198776245117, -30.23375129699707, 31.916057586669922, 55.611053466796875, 12.283236503601074, -28.381542205810547, 16.49835205078125, 0.5568455457687378], [-444.0758056640625, -4.083271026611328, 37.93443298339844, -116.2352066040039, 42.43198776245117, 327.6389465332031, 151.88192749023438, 58.51395034790039, 27.033079147338867, 73.02021789550781, 0.44320011138916016, -8.41989517211914, 35.79087448120117], [-259.4571228027344, -105.16285705566406, 6.2109575271606445, -43.898704528808594, -30.23375129699707, 151.88192749023438, 304.84442138671875, 130.41128540039062, 10.023138046264648, 7.095132827758789, 0.15043912827968597, -3.268059253692627, 20.17502784729004], [-170.01565551757812, -268.99945068359375, 51.05782699584961, 56.33552169799805, 31.916057586669922, 58.51395034790039, 130.41128540039062, 257.7776184082031, 37.75685119628906, -0.16563887894153595, -0.3235129117965698, 6.870584487915039, 43.41169738769531], [-199.52450561523438, 65.86104583740234, -64.1282730102539, 24.167709350585938, 55.611053466796875, 27.033079147338867, 10.023138046264648, 37.75685119628906, 158.2403106689453, 61.99877166748047, 8.131927490234375, 9.284017562866211, 3.0822713375091553], [-81.62010192871094, -64.12957763671875, -34.55503463745117, -70.59146118164062, 12.283236503601074, 73.02021789550781, 7.095132827758789, -0.16563887894153595, 61.99877166748047, 176.18716430664062, 50.43888473510742, -10.128103256225586, 16.981603622436523], [-35.85846710205078, -29.391984939575195, 13.874711036682129, -1.652787446975708, -28.381542205810547, 0.44320011138916016, 0.15043912827968597, -0.3235129117965698, 8.131927490234375, 50.43888473510742, 115.89532470703125, 23.179203033447266, -1.2214360237121582], [-204.2899932861328, 88.38481903076172, 21.524391174316406, 40.35196304321289, 16.49835205078125, -8.41989517211914, -3.268059253692627, 6.870584487915039, 9.284017562866211, -10.128103256225586, 23.179203033447266, 92.04662322998047, 18.03143310546875], [-41.2027473449707, -154.89280700683594, 41.334617614746094, 7.8311076164245605, 0.5568455457687378, 35.79087448120117, 20.17502784729004, 43.41169738769531, 3.0822713375091553, 16.981603622436523, -1.2214360237121582, 18.03143310546875, 112.56383514404297]], "lowlevel.mfcc.icov": [[0.0003237839264329523, 0.00031072390265762806, 0.0002984088787343353, 0.0002872518089134246, 0.00025980506325140595, 0.000269562762696296, 0.00021881400607526302, 0.00017481777467764914, 4.4540884118760005e-05, 0.0002605732879601419, 6.0034490161342546e-05, 0.00017608841881155968, 0.0001548033469589427], [0.00031072390265762806, 0.0007876852178014815, 0.0004778422589879483, 0.0003902906901203096, 0.00016217738448176533, 7.503834058297798e-05, 0.00023809800040908158, 0.0006248630816116929, -0.0002555569226387888, 0.0005796856130473316, 0.00015691787120886147, -0.0004945161053910851, 0.0006871462683193386], [0.0002984088787343353, 0.0004778422589879483, 0.0013728650519624352, 0.00015919064753688872, -0.00019445756333880126, 3.7385113955679117e-06, 0.0002785150718409568, 0.00018782434926833957, 0.0005293647991493344, 0.0005169801297597587, -0.00023705547209829092, -0.00010298210690962151, 5.040988980908878e-05], [0.0002872518089134246, 0.0003902906901203096, 0.00015919064753688872, 0.002702980535104871, -0.0010647763265296817, 0.0012089032679796219, 0.00010402777843410149, -0.00014259005547501147, -0.0003872564993798733, 0.0012257691705599427, -0.0004997681826353073, -0.00032934456248767674, -7.405473297694698e-05], [0.00025980506325140595, 0.00016217738448176533, -0.00019445756333880126, -0.0010647763265296817, 0.004765210673213005, -0.0010643939021974802, 0.0012638474581763148, -0.00035751567338593304, -0.0010404217755421996, -0.0004542821552604437, 0.0016753514064475894, -0.00048670763499103487, 0.0008831342565827072], [0.000269562762696296, 7.503834058297798e-05, 3.7385113955679117e-06, 0.0012089032679796219, -0.0010643939021974802, 0.0055243512615561485, -0.0024219064507633448, 0.00024108588695526123, 0.0002205540076829493, -0.001522520207799971, 0.00037027845974080265, 0.0005299575277604163, -0.0011509303003549576], [0.00021881400607526302, 0.00023809800040908158, 0.0002785150718409568, 0.00010402777843410149, 0.0012638474581763148, -0.0024219064507633448, 0.005838591139763594, -0.00239608995616436, 9.903436148306355e-05, 0.0008386934641748667, 3.765940709854476e-05, -1.7258969364775112e-06, 0.0008111034403555095], [0.00017481777467764914, 0.0006248630816116929, 0.00018782434926833957, -0.00014259005547501147, -0.00035751567338593304, 0.00024108588695526123, -0.00239608995616436, 0.006298364140093327, -0.001582611701451242, 0.0010614731581881642, -0.00023057969519868493, -6.984687934163958e-05, -0.0013178123626857996], [4.4540884118760005e-05, -0.0002555569226387888, 0.0005293647991493344, -0.0003872564993798733, -0.0010404217755421996, 0.0002205540076829493, 9.903436148306355e-05, -0.001582611701451242, 0.008854223415255547, -0.0035632853396236897, 0.0007220739498734474, -0.0008389702998101711, 0.00046216612099669874], [0.0002605732879601419, 0.0005796856130473316, 0.0005169801297597587, 0.0012257691705599427, -0.0004542821552604437, -0.001522520207799971, 0.0008386934641748667, 0.0010614731581881642, -0.0035632853396236897, 0.009997851215302944, -0.004450803156942129, 0.00208086334168911, -0.0012477579293772578], [6.0034490161342546e-05, 0.00015691787120886147, -0.00023705547209829092, -0.0004997681826353073, 0.0016753514064475894, 0.00037027845974080265, 3.765940709854476e-05, -0.00023057969519868493, 0.0007220739498734474, -0.004450803156942129, 0.011792423203587532, -0.003858600277453661, 0.0017136221285909414], [0.00017608841881155968, -0.0004945161053910851, -0.00010298210690962151, -0.00032934456248767674, -0.00048670763499103487, 0.0005299575277604163, -1.7258969364775112e-06, -6.984687934163958e-05, -0.0008389702998101711, 0.00208086334168911, -0.003858600277453661, 0.01396365836262703, -0.0032637810800224543], [0.0001548033469589427, 0.0006871462683193386, 5.040988980908878e-05, -7.405473297694698e-05, 0.0008831342565827072, -0.0011509303003549576, 0.0008111034403555095, -0.0013178123626857996, 0.00046216612099669874, -0.0012477579293772578, 0.0017136221285909414, -0.0032637810800224543, 0.011314133182168007]], "metadata.audio_properties.analysis.downmix": "mix", "metadata.audio_properties.codec": "mp3", "metadata.audio_properties.md5_encoded": "2d5a3963a50a63e8466a938530de5561", "metadata.tags.file_name": "1183712470112673802.mp3", "metadata.version.essentia": "2.1-beta6-dev", "metadata.version.essentia_git_sha": "v2.1_beta5-1110-g77a6a954", "metadata.version.extractor": "music 2.0", "tonal.chords_key": "F", "tonal.chords_scale": "minor", "tonal.key_edma.key": "Bb", "tonal.key_edma.scale": "minor", "tonal.key_krumhansl.key": "Bb", "tonal.key_krumhansl.scale": "minor", "tonal.key_temperley.key": "Bb", "tonal.key_temperley.scale": "minor", "metadata.tags.encoding": ["Lavf58.45.100"]}, "essentia_models": [{"model_name": "genre_dortmund", "activations": {"alternative": "0.004694697", "blues": "0.0011923976", "electronic": "0.07797426", "folkcountry": "0.0027023123", "funksoulrnb": "0.009880523", "jazz": "0.0025676093", "pop": "0.024782108", "raphiphop": "0.94485396", "rock": "0.007428095"}}, {"model_name": "genre_rosamerica", "activations": {"classic": "0.00081245886", "dance": "0.009443468", "hip hop": "0.68146014", "jazz": "0.00037155673", "pop": "