{"song_id": "1183705157385592933", "download": "https://cdn.discordapp.com/attachments/1135903449314238464/1183705157385592933/chirp.mp4?ex=65894e55&amp", "lyrics": "(Verse 1)\n\u4f60\u6d3b\u5728\u8fd9\u4e2a\u65f6\u4ee3\uff0c\u522b\u95ee\u516b\u4e5d\u4e0d\u79bb\u5341\uff0c\n\u6bcf\u5929\u6296\u97f3\u55e8\uff0c\u65e0\u89c6\u98ce\u6708\u3002\n\u4e0d\u7ba1\u706b\u4e0d\u706b\uff0c\u53d1\u4e86\u518d\u770b\u7ed3\u679c\uff0c\n\u8fd9\u5e74\u4ee3\u4e0d\u662f80\u540e\uff0c90\u540e\uff0c\n\u66f4\u4e0d\u662f00\u540e\uff0c\n\u4ed6\u5988\u7684\uff0c\u662f\u8138\u76ae\u539a\u5144\u5f1f\u4eec\u3002\n\n(Chorus)\n\u4e0d\u95ee\u4e09\u4e03\u4e8c\u5341\u4e00\uff0c\n\u5929\u5929\u6296\u97f3\u4efb\u4f60\u63a8\u3002\n80\u540e90\u540e\u7edf\u7edf\u62c9\u5012\uff0c\n\u8fd9\u5e74\u5934\u9760\u7684\u662f\u8138\u76ae\u539a\u3002", "style": ["Pop Rock"], "essentia_features": {"lowlevel.average_loudness": 0.8048844337463379, "lowlevel.barkbands_crest.mean": 14.643047332763672, "lowlevel.barkbands_crest.stdev": 4.132163047790527, "lowlevel.barkbands_flatness_db.mean": 0.3040943443775177, "lowlevel.barkbands_flatness_db.stdev": 0.08672349154949188, "lowlevel.barkbands_kurtosis.mean": 40.4113655090332, "lowlevel.barkbands_kurtosis.stdev": 43.78408432006836, "lowlevel.barkbands_skewness.mean": 4.287460803985596, "lowlevel.barkbands_skewness.stdev": 2.3940722942352295, "lowlevel.barkbands_spread.mean": 8.352265357971191, "lowlevel.barkbands_spread.stdev": 13.140528678894043, "lowlevel.dissonance.mean": 0.42586809396743774, "lowlevel.dissonance.stdev": 0.05149198696017265, "lowlevel.dynamic_complexity": 3.029731035232544, "lowlevel.erbbands_crest.mean": 13.567730903625488, "lowlevel.erbbands_crest.stdev": 5.318909168243408, "lowlevel.erbbands_flatness_db.mean": 0.19155766069889069, "lowlevel.erbbands_flatness_db.stdev": 0.0640343576669693, "lowlevel.erbbands_kurtosis.mean": 8.319575309753418, "lowlevel.erbbands_kurtosis.stdev": 15.17959976196289, "lowlevel.erbbands_skewness.mean": 1.859872579574585, "lowlevel.erbbands_skewness.stdev": 1.7790648937225342, "lowlevel.erbbands_spread.mean": 41.94439697265625, "lowlevel.erbbands_spread.stdev": 31.70277976989746, "lowlevel.hfc.mean": 12.695192337036133, "lowlevel.hfc.stdev": 11.495772361755371, "lowlevel.loudness_ebu128.integrated": -18.003761291503906, "lowlevel.loudness_ebu128.loudness_range": 4.306241035461426, "lowlevel.loudness_ebu128.momentary.mean": -18.908781051635742, "lowlevel.loudness_ebu128.momentary.stdev": 3.0711090564727783, "lowlevel.loudness_ebu128.short_term.mean": -18.40384864807129, "lowlevel.loudness_ebu128.short_term.stdev": 1.4293080568313599, "lowlevel.melbands_crest.mean": 20.391305923461914, "lowlevel.melbands_crest.stdev": 5.04798698425293, "lowlevel.melbands_flatness_db.mean": 0.4016672372817993, "lowlevel.melbands_flatness_db.stdev": 0.10526096820831299, "lowlevel.melbands_kurtosis.mean": 82.94005584716797, "lowlevel.melbands_kurtosis.stdev": 90.98873138427734, "lowlevel.melbands_skewness.mean": 5.462774276733398, "lowlevel.melbands_skewness.stdev": 3.401444911956787, "lowlevel.melbands_spread.mean": 5.248554229736328, "lowlevel.melbands_spread.stdev": 11.230871200561523, "lowlevel.pitch_salience.mean": 0.38406625390052795, "lowlevel.pitch_salience.stdev": 0.14335469901561737, "lowlevel.silence_rate_20dB.mean": 0.9942062497138977, "lowlevel.silence_rate_20dB.stdev": 0.07589570432901382, "lowlevel.silence_rate_30dB.mean": 0.906720757484436, "lowlevel.silence_rate_30dB.stdev": 0.29082345962524414, "lowlevel.silence_rate_60dB.mean": 0.022595597431063652, "lowlevel.silence_rate_60dB.stdev": 0.14861205220222473, "lowlevel.spectral_centroid.mean": 541.6876220703125, "lowlevel.spectral_centroid.stdev": 626.3050537109375, "lowlevel.spectral_complexity.mean": 7.057358264923096, "lowlevel.spectral_complexity.stdev": 4.759650230407715, "lowlevel.spectral_decrease.mean": -1.4333076947536938e-08, "lowlevel.spectral_decrease.stdev": 1.3804252851912224e-08, "lowlevel.spectral_energy.mean": 0.055247802287340164, "lowlevel.spectral_energy.stdev": 0.05263480916619301, "lowlevel.spectral_energyband_high.mean": 0.00046446677879430354, "lowlevel.spectral_energyband_high.stdev": 0.0009907960193231702, "lowlevel.spectral_energyband_low.mean": 0.03782576322555542, "lowlevel.spectral_energyband_low.stdev": 0.047216255217790604, "lowlevel.spectral_energyband_middle_high.mean": 0.0008535355445928872, "lowlevel.spectral_energyband_middle_high.stdev": 0.0016388348303735256, "lowlevel.spectral_energyband_middle_low.mean": 0.016788208857178688, "lowlevel.spectral_energyband_middle_low.stdev": 0.01758376695215702, "lowlevel.spectral_entropy.mean": 6.579377174377441, "lowlevel.spectral_entropy.stdev": 0.880351185798645, "lowlevel.spectral_flux.mean": 0.05228099226951599, "lowlevel.spectral_flux.stdev": 0.05745922774076462, "lowlevel.spectral_kurtosis.mean": 11.212727546691895, "lowlevel.spectral_kurtosis.stdev": 23.508440017700195, "lowlevel.spectral_rms.mean": 0.006793683394789696, "lowlevel.spectral_rms.stdev": 0.0027831781189888716, "lowlevel.spectral_rolloff.mean": 422.9037170410156, "lowlevel.spectral_rolloff.stdev": 1096.066162109375, "lowlevel.spectral_skewness.mean": 2.454542398452759, "lowlevel.spectral_skewness.stdev": 1.5695481300354004, "lowlevel.spectral_spread.mean": 5749680.0, "lowlevel.spectral_spread.stdev": 2402900.25, "lowlevel.spectral_strongpeak.mean": 0.7997636198997498, "lowlevel.spectral_strongpeak.stdev": 0.50150066614151, "lowlevel.zerocrossingrate.mean": 0.0270633976906538, "lowlevel.zerocrossingrate.stdev": 0.031309425830841064, "metadata.audio_properties.analysis.equal_loudness": 0.0, "metadata.audio_properties.analysis.length": 40.04265213012695, "metadata.audio_properties.analysis.sample_rate": 44100.0, "metadata.audio_properties.analysis.start_time": 0.0, "metadata.audio_properties.bit_rate": 112853.0, "metadata.audio_properties.length": 40.042667388916016, "metadata.audio_properties.lossless": 0.0, "metadata.audio_properties.number_channels": 1.0, "metadata.audio_properties.replay_gain": -7.3360443115234375, "metadata.audio_properties.sample_rate": 48000.0, "rhythm.beats_count": 75.0, "rhythm.beats_loudness.mean": 0.07697194069623947, "rhythm.beats_loudness.stdev": 0.0744098648428917, "rhythm.bpm": 114.19623565673828, "rhythm.bpm_histogram_first_peak_bpm": 115.0, "rhythm.bpm_histogram_first_peak_weight": 0.5714285969734192, "rhythm.bpm_histogram_second_peak_bpm": 110.0, "rhythm.bpm_histogram_second_peak_spread": 0.0, "rhythm.bpm_histogram_second_peak_weight": 0.054054055362939835, "rhythm.danceability": 1.04900324344635, "rhythm.onset_rate": 3.0208899974823, "tonal.chords_changes_rate": 0.06018518656492233, "tonal.chords_number_rate": 0.011574073694646358, "tonal.chords_strength.mean": 0.5563561320304871, "tonal.chords_strength.stdev": 0.09037593752145767, "tonal.hpcp_crest.mean": 14.950278282165527, "tonal.hpcp_crest.stdev": 6.364731788635254, "tonal.hpcp_entropy.mean": 1.812932014465332, "tonal.hpcp_entropy.stdev": 0.7334784865379333, "tonal.key_edma.strength": 0.6873233914375305, "tonal.key_krumhansl.strength": 0.6854813098907471, "tonal.key_temperley.strength": 0.6834232211112976, "tonal.tuning_diatonic_strength": 0.61034095287323, "tonal.tuning_equal_tempered_deviation": 0.08177830278873444, "tonal.tuning_frequency": 438.98455810546875, "tonal.tuning_nontempered_energy_ratio": 0.7335107326507568, "lowlevel.barkbands.mean": [0.0001361366594210267, 0.024700049310922623, 0.012347012758255005, 0.0018736233469098806, 0.013225650414824486, 0.000694470654707402, 0.00041029445128515363, 0.00038893346209079027, 0.00012173628056189045, 0.0001261211436940357, 0.0002292241988470778, 0.0001242755097337067, 6.261075031943619e-05, 7.064539386192337e-05, 5.5261029046960175e-05, 2.9075717975501902e-05, 2.6874995455727912e-05, 4.0326147427549586e-05, 7.480154454242438e-05, 7.6876807725057e-05, 7.878484757384285e-05, 3.68369510397315e-05, 5.4040076065575704e-05, 9.247744310414419e-05, 0.00014637608546763659, 2.5357488993904553e-05, 1.1179181136355965e-08], "lowlevel.barkbands.stdev": [0.00042501246207393706, 0.03903628885746002, 0.013606003485620022, 0.004036507569253445, 0.01492232270538807, 0.0014460424426943064, 0.0008167563355527818, 0.001020017429254949, 0.0003358385874889791, 0.00035293056862428784, 0.0006008693017065525, 0.00047054101014509797, 0.00020429142750799656, 0.00022863030608277768, 0.00016859054449014366, 0.00011449695011833683, 9.18629375519231e-05, 8.96082419785671e-05, 0.00019995200273115188, 0.0002839872904587537, 0.00014740497863385826, 0.0001252148940693587, 0.0002057133533526212, 0.0003177117614541203, 0.0003502692561596632, 6.558526365552098e-05, 8.444072818747372e-08], "lowlevel.erbbands.mean": [0.2726008892059326, 6.850730895996094, 18.82204246520996, 6.482348442077637, 19.42700958251953, 55.00070571899414, 28.410499572753906, 6.2551140785217285, 4.331845283508301, 11.023130416870117, 4.5194807052612305, 3.088536262512207, 4.544286251068115, 3.610347270965576, 10.926848411560059, 4.487269401550293, 3.0555248260498047, 3.7051174640655518, 3.2115283012390137, 2.331895112991333, 1.4921568632125854, 1.5680598020553589, 1.8593618869781494, 4.118119716644287, 3.445286512374878, 3.6387693881988525, 2.8605921268463135, 3.0804998874664307, 1.5246492624282837, 0.9322400093078613, 1.6986773014068604, 2.049086570739746, 1.5035741329193115, 1.7862732410430908, 0.9214218854904175, 0.22524987161159515, 0.020935827866196632, 0.000841961067635566, 5.864325794391334e-05, 6.50184229016304e-05], "lowlevel.erbbands.stdev": [0.8594223260879517, 9.79937744140625, 18.68519401550293, 10.790814399719238, 30.263395309448242, 72.78922271728516, 47.883644104003906, 9.56114673614502, 8.788433074951172, 20.636280059814453, 13.89305591583252, 8.591238021850586, 12.50876235961914, 8.431583404541016, 31.302570343017578, 16.15064811706543, 9.359903335571289, 11.174506187438965, 11.174712181091309, 7.789735317230225, 5.030997276306152, 5.274055480957031, 4.328524589538574, 8.416062355041504, 12.815678596496582, 13.467724800109863, 5.959929466247559, 6.055078506469727, 4.928213119506836, 4.166107177734375, 6.371234893798828, 5.694054126739502, 6.070547103881836, 4.6434102058410645, 2.0989038944244385, 0.5112490653991699, 0.07843416929244995, 0.003234892152249813, 9.910327207762748e-05, 5.836084528709762e-05], "lowlevel.gfcc.mean": [-73.35606384277344, 114.92121124267578, -46.259368896484375, 47.95382308959961, -46.17988967895508, 29.529354095458984, -36.83161544799805, 13.259328842163086, -40.260440826416016, 4.136629581451416, -8.595995903015137, -9.490896224975586, 3.522535562515259], "lowlevel.melbands.mean": [0.004607389215379953, 0.009554879739880562, 0.0015470340149477124, 0.0026753360871225595, 0.001504735671915114, 0.00011961232667090371, 6.935973942745477e-05, 0.00012020775466226041, 2.9599523259093985e-05, 1.8560715034254827e-05, 2.224307354481425e-05, 1.2522046745289117e-05, 3.364109215908684e-05, 1.8965454728459008e-05, 8.567538316128775e-06, 6.04694832873065e-06, 7.008515240158886e-06, 5.2953491831431165e-06, 3.807209623118979e-06, 2.376925976932398e-06, 1.630452970857732e-06, 1.6905579514059355e-06, 1.2558448361232877e-06, 2.134095893779886e-06, 3.5794125778920716e-06, 2.2812848783360096e-06, 2.967241243823082e-06, 2.175044755858835e-06, 1.6160211089299992e-06, 2.00930276150757e-06, 1.6949255723375245e-06, 9.700854661787162e-07, 4.552052814688068e-07, 5.299502845446113e-07, 8.775924129622581e-07, 1.2249843166500796e-06, 1.297162725677481e-06, 1.0974875976899057e-06, 9.331353680863685e-07, 1.7813304111768957e-06], "lowlevel.melbands.stdev": [0.009448500350117683, 0.010038685984909534, 0.002245958661660552, 0.003099837340414524, 0.0023458164650946856, 0.00020208212663419545, 0.0001427617244189605, 0.00023587058240082115, 9.630609565647319e-05, 5.133223021402955e-05, 6.283687253016979e-05, 3.269510852987878e-05, 8.798697672318667e-05, 6.354061042657122e-05, 3.429345088079572e-05, 2.0276287614251487e-05, 2.166864214814268e-05, 2.0066037905053236e-05, 1.1612149137363303e-05, 9.896681149257347e-06, 5.323193363437895e-06, 6.004474471410504e-06, 3.5451525945973117e-06, 4.778866241395008e-06, 7.406399618048454e-06, 8.060368600126822e-06, 1.3130312254361343e-05, 7.726438525423873e-06, 3.6285453006712487e-06, 3.722208248291281e-06, 3.602845708883251e-06, 3.169717274431605e-06, 1.9066424101765733e-06, 2.574011659817188e-06, 3.799659452852211e-06, 3.3576031910342863e-06, 4.021856966573978e-06, 4.752947461383883e-06, 3.695979103213176e-06, 4.3255458876956254e-06], "lowlevel.melbands128.mean": [0.00012567680096253753, 0.0010426017688587308, 0.004812014754861593, 0.014358550310134888, 0.012930660508573055, 0.004225787241011858, 0.0008609351352788508, 0.0011008648434653878, 0.0019136585760861635, 0.002571542514488101, 0.00345859513618052, 0.0029014809988439083, 0.0007233589421957731, 0.00017025944544002414, 0.00015472284576389939, 6.494751869468018e-05, 4.895912570646033e-05, 6.867094634799287e-05, 8.940570114646107e-05, 0.00015051629452500492, 0.00013508845586329699, 3.7045585486339405e-05, 1.4840647963865194e-05, 1.665715899434872e-05, 2.425209095235914e-05, 1.3579475307778921e-05, 2.103955193888396e-05, 3.240564910811372e-05, 1.2710400369542185e-05, 1.0562129318714142e-05, 1.0861783266591374e-05, 1.8736771380645223e-05, 3.186763933626935e-05, 5.6342494644923136e-05, 2.1094147086841986e-05, 9.00385930435732e-06, 9.21154332900187e-06, 1.0145648047910072e-05, 7.412075319734868e-06, 5.1290526243974455e-06, 6.169292191771092e-06, 6.439147000492085e-06, 6.827549441368319e-06, 8.58035491546616e-06, 4.419909600983374e-06, 5.678487013938138e-06, 4.481052656046813e-06, 4.146113042224897e-06, 3.2494881452294067e-06, 3.1735064567328664e-06, 2.205875034633209e-06, 1.7087550077121705e-06, 1.5689456631662324e-06, 1.5614741641911678e-06, 1.7418061588614364e-06, 1.8824044900611625e-06, 1.5214234281302197e-06, 1.1664873227346106e-06, 1.1436654858698603e-06, 1.421485421815305e-06, 1.9376277577975998e-06, 2.452850139889051e-06, 4.600372903951211e-06, 3.8013504308764823e-06, 2.1693954295187723e-06, 2.367097067690338e-06, 2.114986955348286e-06, 2.369660023759934e-06, 3.467833266768139e-06, 3.5181549264962086e-06, 2.0322354430390988e-06, 1.6293681710521923e-06, 1.5342355936809327e-06, 1.5658976053600782e-06, 1.7223725308213034e-06, 2.0895931811537594e-06, 2.071572680506506e-06, 2.04353978006111e-06, 1.682001766312169e-06, 1.3350479548535077e-06, 1.134027002080984e-06, 8.206719712688937e-07, 5.36317088517535e-07, 3.844581897283206e-07, 4.032386300423241e-07, 4.811461735698686e-07, 5.425521294455393e-07, 6.917094310665561e-07, 8.131511322062579e-07, 1.0969755521728075e-06, 1.2214412663524854e-06, 1.2450252597773215e-06, 1.2365441079964512e-06, 1.2356458682916127e-06, 1.4742432767889113e-06, 1.1932442021134193e-06, 1.074765918929188e-06, 8.587780371271947e-07, 7.444054972438607e-07, 1.0154492429137463e-06, 1.4300009070211672e-06, 2.055262712019612e-06, 2.0175464214844396e-06, 1.781184892024612e-06, 8.252572456513008e-07, 5.72196256598545e-07, 5.133125000611471e-07, 5.56824772957043e-07, 4.5243064050737303e-07, 2.000892891373951e-07, 8.053817168729438e-08, 6.783304939972368e-08, 5.104715583570396e-08, 1.8656022504615066e-08, 7.0017938114119715e-09, 2.5643169809796973e-09, 4.1977754605682094e-10, 3.170297704913061e-11, 9.405677625640152e-12, 7.067418698880612e-12, 6.876818125362005e-12, 6.685373175191467e-12, 6.512113764900462e-12, 6.392344552991203e-12, 6.22532364200068e-12, 5.99338287332607e-12, 5.8600394502172914e-12, 5.816330490154842e-12], "lowlevel.melbands128.stdev": [0.0003996809828095138, 0.005163544323295355, 0.015352525748312473, 0.018331537023186684, 0.012613312341272831, 0.005134854931384325, 0.0020792915020138025, 0.0023592105135321617, 0.0037806290201842785, 0.004101660568267107, 0.005311422981321812, 0.005038036033511162, 0.001619923859834671, 0.00040061373147182167, 0.0003024317848030478, 0.00013382133329287171, 0.0001323359174421057, 0.00022584266844205558, 0.00024130452948156744, 0.0003138154570478946, 0.0003754382487386465, 0.0001658621768001467, 0.00011804181849583983, 5.6617242080392316e-05, 9.339400276076049e-05, 4.815170177607797e-05, 5.7465265854261816e-05, 0.00011569250636966899, 4.8753503506304696e-05, 4.20597025367897e-05, 4.411468398757279e-05, 6.003469752613455e-05, 8.978095866041258e-05, 0.0002101855498040095, 9.746437717694789e-05, 4.928816997562535e-05, 5.548344415728934e-05, 4.663356230594218e-05, 2.5937595637515187e-05, 1.782119579729624e-05, 2.7395824872655794e-05, 2.782034243864473e-05, 2.2371614250005223e-05, 3.142080458928831e-05, 2.3260612579178996e-05, 2.4559887606301345e-05, 1.631983650440816e-05, 1.442151733499486e-05, 1.241249901795527e-05, 1.2298468391236383e-05, 1.2237065675435588e-05, 7.841831575206015e-06, 5.257268639979884e-06, 5.322057859302731e-06, 6.522868261527037e-06, 7.524391548940912e-06, 6.260120699153049e-06, 3.859263870253926e-06, 3.5701546039490495e-06, 4.586722297972301e-06, 5.568706910707988e-06, 6.229169684957014e-06, 9.555307769915089e-06, 9.641256838222034e-06, 7.478470251953695e-06, 9.126506483880803e-06, 9.242005944543052e-06, 1.1471427569631487e-05, 1.7443160686525516e-05, 1.577851435285993e-05, 8.902242370822933e-06, 4.435941718838876e-06, 4.10818392992951e-06, 3.844621915050084e-06, 4.017350875074044e-06, 4.2698197830759455e-06, 3.978302174800774e-06, 4.422326583153335e-06, 4.023828296340071e-06, 3.6820665627601556e-06, 3.94536618841812e-06, 3.1768918233865406e-06, 2.3888933355920017e-06, 1.721751914374181e-06, 1.7959946490009315e-06, 2.5251890747313155e-06, 2.8688236852758564e-06, 3.5144514640705893e-06, 3.892561380780535e-06, 4.826392341783503e-06, 4.0418890421278775e-06, 3.205778511983226e-06, 3.110571697106934e-06, 4.016557340946747e-06, 5.785523626400391e-06, 5.195009180170018e-06, 5.166166374692693e-06, 4.05940909331548e-06, 3.750721816686564e-06, 4.494963832257781e-06, 3.688548986247042e-06, 5.256791155261453e-06, 5.262091690383386e-06, 4.1091384446190204e-06, 2.3723769118078053e-06, 1.42964199767448e-06, 1.1266857882219483e-06, 1.173747364191513e-06, 1.0829671737155877e-06, 7.558174957011943e-07, 4.620820845957496e-07, 3.6800284419769014e-07, 2.5278529847128084e-07, 1.0291403640394492e-07, 3.9419287389819146e-08, 2.0232929998087457e-08, 3.4897025269486903e-09, 5.669729685742197e-10, 8.643767646088207e-11, 1.3041455936002588e-11, 1.2504567693805146e-11, 1.1660514567801705e-11, 1.139763457225218e-11, 1.1202473844396099e-11, 1.1036245702034098e-11, 1.0903254861471812e-11, 1.0808474774914867e-11, 1.0749563565670694e-11], "lowlevel.mfcc.mean": [-742.2149658203125, 148.79449462890625, 56.8519287109375, 34.27204513549805, 27.383729934692383, 10.14303970336914, 33.184024810791016, -5.955569267272949, 7.818143844604492, -3.303300619125366, -7.0704426765441895, 7.178874969482422, -12.119529724121094], "lowlevel.spectral_contrast_coeffs.mean": [-0.6065303087234497, -0.7353334426879883, -0.7913917899131775, -0.8265722393989563, -0.815215528011322, -0.7616903185844421], "lowlevel.spectral_contrast_coeffs.stdev": [0.07726607471704483, 0.08327807486057281, 0.06756680458784103, 0.042609576135873795, 0.0448371060192585, 0.06327790766954422], "lowlevel.spectral_contrast_valleys.mean": [-6.67259407043457, -7.947877407073975, -8.390436172485352, -8.939244270324707, -8.885799407958984, -11.231895446777344], "lowlevel.spectral_contrast_valleys.stdev": [0.9280064702033997, 0.8088027238845825, 0.7764890789985657, 0.954576313495636, 1.1354056596755981, 1.2191592454910278], "rhythm.beats_loudness_band_ratio.mean": [0.7231921553611755, 0.25488030910491943, 0.02431265451014042, 0.015302932821214199, 0.006819709204137325, 0.015115181915462017], "rhythm.beats_loudness_band_ratio.stdev": [0.23053154349327087, 0.20945291221141815, 0.04816575348377228, 0.03052348457276821, 0.012986572459340096, 0.03381790965795517], "tonal.hpcp.mean": [0.11245179921388626, 0.06964259594678879, 0.025291457772254944, 0.016372114419937134, 0.019395193085074425, 0.03687054291367531, 0.08017515391111374, 0.06823228299617767, 0.07325773686170578, 0.13642802834510803, 0.09195152670145035, 0.0183397326618433, 0.010044819675385952, 0.00968090258538723, 0.012285717763006687, 0.017216358333826065, 0.01188250258564949, 0.004547740798443556, 0.005767449736595154, 0.007472753990441561, 0.020125679671764374, 0.11686128377914429, 0.1424749791622162, 0.21565675735473633, 0.3396207094192505, 0.1706753671169281, 0.007581442128866911, 0.013225490227341652, 0.02387775480747223, 0.17026451230049133, 0.34232097864151, 0.1991398185491562, 0.025139641016721725, 0.023281605914235115, 0.027741780504584312, 0.07747825980186462], "tonal.hpcp.stdev": [0.2674756944179535, 0.1801350712776184, 0.10991556197404861, 0.08483123779296875, 0.09615093469619751, 0.12604108452796936, 0.22262658178806305, 0.18940727412700653, 0.18125133216381073, 0.27564772963523865, 0.20937658846378326, 0.08559869229793549, 0.07241375744342804, 0.06854690611362457, 0.0775277391076088, 0.07646074146032333, 0.03778033331036568, 0.028085879981517792, 0.05047795549035072, 0.05961968004703522, 0.10206131637096405, 0.2570849359035492, 0.3221527934074402, 0.27719762921333313, 0.46276164054870605, 0.2641236186027527, 0.04971678927540779, 0.0796131119132042, 0.11529688537120819, 0.24275824427604675, 0.45410817861557007, 0.27869418263435364, 0.11127027869224548, 0.11445865035057068, 0.11739282310009003, 0.1946503072977066], "rhythm.beats_position": [0.5108389854431152, 1.0332880020141602, 1.5557368993759155, 2.0897958278656006, 2.623854875564575, 3.1579136848449707, 3.6803627014160156, 4.2028117179870605, 4.713650703430176, 5.224489688873291, 5.735328674316406, 6.269387722015381, 6.8034467697143555, 7.337505340576172, 7.859954357147217, 8.382403373718262, 8.893242835998535, 9.415691375732422, 9.926530838012695, 10.460589408874512, 10.994647979736328, 11.517097473144531, 12.051156044006348, 12.58521556854248, 13.130884170532227, 13.653332710266113, 14.175782203674316, 14.698230743408203, 15.232290267944336, 15.766348838806152, 16.28879737854004, 16.811246871948242, 17.345306396484375, 17.879364013671875, 18.413423538208008, 18.92426300048828, 19.446712493896484, 19.969160079956055, 20.491609573364258, 21.00244903564453, 21.513288497924805, 22.024126052856445, 22.54657554626465, 23.06902503967285, 23.591472625732422, 24.125532150268555, 24.647981643676758, 25.19365119934082, 25.70448875427246, 26.226938247680664, 26.737777709960938, 27.271835327148438, 27.78267478942871, 28.305124282836914, 28.839183807373047, 29.373241424560547, 29.89569091796875, 30.418140411376953, 30.952198028564453, 31.486257553100586, 32.02031707763672, 32.55437469482422, 33.065216064453125, 33.58766555786133, 34.110111236572266, 34.64417266845703, 35.15501022338867, 35.677459716796875, 36.211517333984375, 36.73396682739258, 37.25641632080078, 37.778865814208984, 38.312923431396484, 38.85859298706055, 39.40426254272461], "rhythm.bpm_histogram": [0.0, 0.0, 0.0, 0.0, 0.0, 0.0, 0.0, 0.0, 0.0, 0.0, 0.0, 0.0, 0.0, 0.0, 0.0, 0.0, 0.0, 0.0, 0.0, 0.0, 0.0, 0.0, 0.0, 0.0, 0.0, 0.0, 0.0, 0.0, 0.0, 0.0, 0.0, 0.0, 0.0, 0.0, 0.0, 0.0, 0.0, 0.0, 0.0, 0.0, 0.0, 0.0, 0.0, 0.0, 0.0, 0.0, 0.0, 0.0, 0.0, 0.0, 0.0, 0.0, 0.0, 0.0, 0.0, 0.0, 0.0, 0.0, 0.0, 0.0, 0.0, 0.0, 0.0, 0.0, 0.0, 0.0, 0.0, 0.0, 0.0, 0.0, 0.0, 0.0, 0.0, 0.0, 0.0, 0.0, 0.0, 0.0, 0.0, 0.0, 0.0, 0.0, 0.0, 0.0, 0.0, 0.0, 0.0, 0.0, 0.0, 0.0, 0.0, 0.0, 0.0, 0.0, 0.0, 0.0, 0.0, 0.0, 0.0, 0.0, 0.0, 0.0, 0.0, 0.0, 0.0, 0.0, 0.0, 0.0, 0.0, 0.0, 0.054054055362939835, 0.0, 0.3513513505458832, 0.0, 0.0, 0.4054054021835327, 0.0, 0.18918919563293457, 0.0, 0.0, 0.0, 0.0, 0.0, 0.0, 0.0, 0.0, 0.0, 0.0, 0.0, 0.0, 0.0, 0.0, 0.0, 0.0, 0.0, 0.0, 0.0, 0.0, 0.0, 0.0, 0.0, 0.0, 0.0, 0.0, 0.0, 0.0, 0.0, 0.0, 0.0, 0.0, 0.0, 0.0, 0.0, 0.0, 0.0, 0.0, 0.0, 0.0, 0.0, 0.0, 0.0, 0.0, 0.0, 0.0, 0.0, 0.0, 0.0, 0.0, 0.0, 0.0, 0.0, 0.0, 0.0, 0.0, 0.0, 0.0, 0.0, 0.0, 0.0, 0.0, 0.0, 0.0, 0.0, 0.0, 0.0, 0.0, 0.0, 0.0, 0.0, 0.0, 0.0, 0.0, 0.0, 0.0, 0.0, 0.0, 0.0, 0.0, 0.0, 0.0, 0.0, 0.0, 0.0, 0.0, 0.0, 0.0, 0.0, 0.0, 0.0, 0.0, 0.0, 0.0, 0.0, 0.0, 0.0, 0.0, 0.0, 0.0, 0.0, 0.0, 0.0, 0.0, 0.0, 0.0, 0.0, 0.0, 0.0, 0.0, 0.0, 0.0, 0.0, 0.0, 0.0, 0.0, 0.0, 0.0, 0.0, 0.0, 0.0, 0.0, 0.0, 0.0, 0.0, 0.0, 0.0, 0.0, 0.0, 0.0, 0.0, 0.0], "tonal.chords_histogram": [21.064815521240234, 12.384259223937988, 17.939815521240234, 3.935185194015503, 13.310185432434082, 0.0, 0.0, 0.0, 0.0, 0.0, 6.481481552124023, 0.0, 0.0, 0.0, 0.0, 0.0, 2.0833332538604736, 13.310185432434082, 0.0, 7.407407283782959, 0.0, 0.0, 1.7361111640930176, 0.3472222089767456], "tonal.thpcp": [1.0, 0.5817341804504395, 0.07343880087137222, 0.06801103800535202, 0.08104025572538376, 0.22633220255374908, 0.32849812507629395, 0.20344237983226776, 0.07388228923082352, 0.04782679304480553, 0.05665791407227516, 0.10770751535892487, 0.23421046137809753, 0.19932252168655396, 0.2140030562877655, 0.3985383212566376, 0.26861199736595154, 0.05357466638088226, 0.02934327721595764, 0.028280191123485565, 0.03588946908712387, 0.050293028354644775, 0.034711580723524094, 0.013285019434988499, 0.01684807613492012, 0.021829670295119286, 0.058791838586330414, 0.3413792550563812, 0.4162028729915619, 0.6299840807914734, 0.99211186170578, 0.4985828399658203, 0.022147173061966896, 0.0386347621679306, 0.0697525292634964, 0.49738264083862305], "lowlevel.gfcc.cov": [[7428.62841796875, -1992.4019775390625, -433.4216003417969, 823.7899780273438, -700.501220703125, 15.534612655639648, -868.4974365234375, 356.1711120605469, -565.4789428710938, 385.0169982910156, -331.0899658203125, 130.60079956054688, -103.56451416015625], [-1992.4019775390625, 2180.05615234375, 349.4388427734375, -992.7285766601562, 225.47409057617188, -114.23937225341797, 295.2359924316406, -320.6002197265625, 200.35604858398438, -224.9741973876953, 227.2200164794922, -120.46135711669922, 162.76422119140625], [-433.4216003417969, 349.4388427734375, 1012.844970703125, 113.45130157470703, -60.27305603027344, 19.117116928100586, 42.45376968383789, -108.63311004638672, -73.64108276367188, -52.07691955566406, 93.02201843261719, 4.8197736740112305, 54.346290588378906], [823.7899780273438, -992.7285766601562, 113.45130157470703, 977.9326171875, 91.79598999023438, -10.62923526763916, -85.9994125366211, 139.62413024902344, -42.37049865722656, 50.69839859008789, -59.48152542114258, 38.308406829833984, -61.23887252807617], [-700.501220703125, 225.47409057617188, -60.27305603027344, 91.79598999023438, 453.9773254394531, 90.26564025878906, 130.80624389648438, -18.373998641967773, 114.4483413696289, -49.70024108886719, 22.748939514160156, -38.73240661621094, 5.000148296356201], [15.534612655639648, -114.23937225341797, 19.117116928100586, -10.62923526763916, 90.26564025878906, 301.5363464355469, 160.27963256835938, -29.835647583007812, -27.87319564819336, 28.22085189819336, 2.554882764816284, -12.373615264892578, -36.8970832824707], [-868.4974365234375, 295.2359924316406, 42.45376968383789, -85.9994125366211, 130.80624389648438, 160.27963256835938, 400.4756164550781, -31.983434677124023, 92.13957214355469, -39.53190994262695, 71.61650085449219, -19.87602996826172, -25.485370635986328], [356.1711120605469, -320.6002197265625, -108.63311004638672, 139.62413024902344, -18.373998641967773, -29.835647583007812, -31.983434677124023, 211.46981811523438, 33.003963470458984, 38.108848571777344, -29.452722549438477, 15.406536102294922, -26.420988082885742], [-565.4789428710938, 200.35604858398438, -73.64108276367188, -42.37049865722656, 114.4483413696289, -27.87319564819336, 92.13957214355469, 33.003963470458984, 237.23211669921875, -22.48575210571289, 30.769269943237305, -15.41199016571045, -32.10569381713867], [385.0169982910156, -224.9741973876953, -52.07691955566406, 50.69839859008789, -49.70024108886719, 28.22085189819336, -39.53190994262695, 38.108848571777344, -22.48575210571289, 140.08847045898438, -5.948728084564209, -5.516157150268555, -8.660178184509277], [-331.0899658203125, 227.2200164794922, 93.02201843261719, -59.48152542114258, 22.748939514160156, 2.554882764816284, 71.61650085449219, -29.452722549438477, 30.769269943237305, -5.948728084564209, 106.66771697998047, -6.341844081878662, 10.60112190246582], [130.60079956054688, -120.46135711669922, 4.8197736740112305, 38.308406829833984, -38.73240661621094, -12.373615264892578, -19.87602996826172, 15.406536102294922, -15.41199016571045, -5.516157150268555, -6.341844081878662, 105.52751159667969, -8.288834571838379], [-103.56451416015625, 162.76422119140625, 54.346290588378906, -61.23887252807617, 5.000148296356201, -36.8970832824707, -25.485370635986328, -26.420988082885742, -32.10569381713867, -8.660178184509277, 10.60112190246582, -8.288834571838379, 108.64743041992188]], "lowlevel.gfcc.icov": [[0.0004230027843732387, -0.0007292267982847989, 0.00039893362554721534, -0.000877819606103003, 0.0008027112344279885, -0.0009994196007028222, 0.0009499104926362634, -0.0007365193450823426, 0.0006947367801330984, -0.0007571276510134339, 0.0007207787130028009, -0.0004464031371753663, 0.0005092591163702309], [-0.0007292267982847989, 0.005132344551384449, -0.0019411452813073993, 0.004898143466562033, -0.003435663180425763, 0.004551083315163851, -0.003029925748705864, 0.0033544807229191065, -0.0022666428703814745, 0.003258941462263465, -0.003928078804165125, 0.002677748678252101, -0.0026658193673938513], [0.00039893362554721534, -0.0019411452813073993, 0.0021041000727564096, -0.0023501517716795206, 0.001875667367130518, -0.0021527039352804422, 0.0013464062940329313, -0.0008125026943162084, 0.0011430408339947462, -0.0006991627742536366, 0.0002858519437722862, -0.0009658865164965391, 0.0003924615157302469], [-0.000877819606103003, 0.004898143466562033, -0.0023501517716795206, 0.006254356354475021, -0.00426435936242342, 0.0049261534586548805, -0.0030645562801510096, 0.002425973769277334, -0.0017597611295059323, 0.0026833845768123865, -0.003160882741212845, 0.002165942918509245, -0.0015659924829378724], [0.0008027112344279885, -0.003435663180425763, 0.001875667367130518, -0.00426435936242342, 0.0061249868012964725, -0.004811545833945274, 0.0023787016980350018, -0.001955198124051094, 5.7656743592815474e-05, -0.0010433689458295703, 0.002301929285749793, -0.0009137487504631281, 0.0003764441644307226], [-0.0009994196007028222, 0.004551083315163851, -0.0021527039352804422, 0.0049261534586548805, -0.004811545833945274, 0.010290522128343582, -0.005848277825862169, 0.003728603245690465, -0.00024081651645246893, 0.0009762647678144276, -0.0021433555521070957, 0.0024028541520237923, -0.00026706542121246457], [0.0009499104926362634, -0.003029925748705864, 0.0013464062940329313, -0.0030645562801510096, 0.0023787016980350018, -0.005848277825862169, 0.007162579335272312, -0.0025351322256028652, 0.000480478658573702, -0.0009885423351079226, 0.0001675817184150219, -0.001495497883297503, 0.0019445748766884208], [-0.0007365193450823426, 0.0033544807229191065, -0.0008125026943162084, 0.002425973769277334, -0.001955198124051094, 0.003728603245690465, -0.0025351322256028652, 0.008760236203670502, -0.003072088584303856, 0.0010695181554183364, -0.0017414517933502793, 0.0012356004444882274, -0.0016200696118175983], [0.0006947367801330984, -0.0022666428703814745, 0.0011430408339947462, -0.0017597611295059323, 5.7656743592815474e-05, -0.00024081651645246893, 0.000480478658573702, -0.003072088584303856, 0.008180811069905758, -0.0018891524523496628, 0.0009260852821171284, -0.0008717855089344084, 0.003885439829900861], [-0.0007571276510134339, 0.003258941462263465, -0.0006991627742536366, 0.0026833845768123865, -0.0010433689458295703, 0.0009762647678144276, -0.0009885423351079226, 0.0010695181554183364, -0.0018891524523496628, 0.011568496935069561, -0.004430779721587896, 0.0029852406587451696, -0.0023099996615201235], [0.0007207787130028009, -0.003928078804165125, 0.0002858519437722862, -0.003160882741212845, 0.002301929285749793, -0.0021433555521070957, 0.0001675817184150219, -0.0017414517933502793, 0.0009260852821171284, -0.004430779721587896, 0.016121329739689827, -0.002364362357184291, 0.0015961688477545977], [-0.0004464031371753663, 0.002677748678252101, -0.0009658865164965391, 0.002165942918509245, -0.0009137487504631281, 0.0024028541520237923, -0.001495497883297503, 0.0012356004444882274, -0.0008717855089344084, 0.0029852406587451696, -0.002364362357184291, 0.011649290099740028, -0.0008255503489635885], [0.0005092591163702309, -0.0026658193673938513, 0.0003924615157302469, -0.0015659924829378724, 0.0003764441644307226, -0.00026706542121246457, 0.0019445748766884208, -0.0016200696118175983, 0.003885439829900861, -0.0023099996615201235, 0.0015961688477545977, -0.0008255503489635885, 0.013303643092513084]], "lowlevel.mfcc.cov": [[7262.341796875, -2517.90185546875, -320.43011474609375, 339.0698547363281, 149.37271118164062, -430.3451843261719, -78.978515625, -467.13897705078125, -17.889995574951172, -30.810161590576172, -127.8287582397461, -43.20066452026367, -342.8724365234375], [-2517.90185546875, 2876.489013671875, 99.67424774169922, -731.750244140625, -150.2901153564453, 14.659061431884766, 59.31401824951172, -49.06015396118164, -26.815004348754883, -143.4202423095703, -9.44650936126709, 147.3719940185547, -86.21063232421875], [-320.43011474609375, 99.67424774169922, 975.0248413085938, 156.17279052734375, -45.27293395996094, 29.233068466186523, 71.96862030029297, -24.30352210998535, -103.19499206542969, -51.60601043701172, -103.1756362915039, 37.91825866699219, 1.4843076467514038], [339.0698547363281, -731.750244140625, 156.17279052734375, 655.8191528320312, 198.61813354492188, -0.6279632449150085, -26.18914031982422, 78.38678741455078, 11.704480171203613, 13.185500144958496, 22.011865615844727, -57.45387649536133, 80.31301879882812], [149.37271118164062, -150.2901153564453, -45.27293395996094, 198.61813354492188, 352.3155822753906, 4.6957268714904785, -0.10213354229927063, -19.230762481689453, 46.59928894042969, -13.822266578674316, -4.210067272186279, 24.440654754638672, -23.369220733642578], [-430.3451843261719, 14.659061431884766, 29.233068466186523, -0.6279632449150085, 4.6957268714904785, 390.02227783203125, 109.45121002197266, 124.21611785888672, -15.21412181854248, 64.02197265625, 40.4886474609375, -35.46689224243164, 71.058837890625], [-78.978515625, 59.31401824951172, 71.96862030029297, -26.18914031982422, -0.10213354229927063, 109.45121002197266, 339.924072265625, -33.99074935913086, 53.72404479980469, -14.434913635253906, -9.758522033691406, 70.35186004638672, -82.78511810302734], [-467.13897705078125, -49.06015396118164, -24.30352210998535, 78.38678741455078, -19.230762481689453, 124.21611785888672, -33.99074935913086, 303.0609436035156, 3.898444652557373, 63.34677505493164, 42.15046310424805, -15.89470100402832, 134.40582275390625], [-17.889995574951172, -26.815004348754883, -103.19499206542969, 11.704480171203613, 46.59928894042969, -15.21412181854248, 53.72404479980469, 3.898444652557373, 165.30615234375, 10.116576194763184, 21.977720260620117, 26.239028930664062, -9.258986473083496], [-30.810161590576172, -143.4202423095703, -51.60601043701172, 13.185500144958496, -13.822266578674316, 64.02197265625, -14.434913635253906, 63.34677505493164, 10.116576194763184, 182.787841796875, 52.376522064208984, -31.33867073059082, 75.9335708618164], [-127.8287582397461, -9.44650936126709, -103.1756362915039, 22.011865615844727, -4.210067272186279, 40.4886474609375, -9.758522033691406, 42.15046310424805, 21.977720260620117, 52.376522064208984, 120.67906951904297, -1.3171626329421997, 44.379756927490234], [-43.20066452026367, 147.3719940185547, 37.91825866699219, -57.45387649536133, 24.440654754638672, -35.46689224243164, 70.35186004638672, -15.89470100402832, 26.239028930664062, -31.33867073059082, -1.3171626329421997, 167.9695281982422, -45.63371658325195], [-342.8724365234375, -86.21063232421875, 1.4843076467514038, 80.31301879882812, -23.369220733642578, 71.058837890625, -82.78511810302734, 134.40582275390625, -9.258986473083496, 75.9335708618164, 44.379756927490234, -45.63371658325195, 196.83514404296875]], "lowlevel.mfcc.icov": [[0.0002736208261922002, 0.0002667211228981614, 7.336876296903938e-05, 5.360601790016517e-05, 3.9842120713728946e-06, 0.00010953931632684544, 8.762937795836478e-05, 0.0002404288825346157, 0.00011203866597497836, -5.4057261877460405e-05, 0.00010940291394945234, -7.435589213855565e-05, 0.0003888508945237845], [0.0002667211228981614, 0.0008221952593885362, -0.00013324135215952992, 0.0008228190708905458, -0.00021496259432751685, 0.00013497470354195684, 5.980478090350516e-05, 8.887316653272137e-05, 0.00012562751362565905, 0.00045557590783573687, -0.00030689098639413714, -0.00016989107825793326, 0.00024018004478421062], [7.336876296903938e-05, -0.00013324135215952992, 0.0015218915650621057, -0.0008739744662307203, 0.0005662414478138089, -0.0002241412439616397, -0.00023543009592685848, 0.00041872391011565924, 0.0007987648714333773, -0.00012583886564243585, 0.0014407929265871644, -0.0006955454591661692, -0.00022220898244995624], [5.360601790016517e-05, 0.0008228190708905458, -0.0008739744662307203, 0.003540508449077606, -0.0019620652310550213, 0.0007818123558536172, -0.0004837790911551565, -0.0007970902952365577, 3.4627144486876205e-05, 0.0009681810042820871, -0.0014342559734359384, 0.0011888761073350906, -0.0009314936469309032], [3.9842120713728946e-06, -0.00021496259432751685, 0.0005662414478138089, -0.0019620652310550213, 0.004259359557181597, -0.0009313569753430784, 0.0008113080402836204, 0.0007129074074327946, -0.0009685575496405363, -0.00025547356926836073, 0.001044058008119464, -0.0013382878387346864, 0.0009127555531449616], [0.00010953931632684544, 0.00013497470354195684, -0.0002241412439616397, 0.0007818123558536172, -0.0009313569753430784, 0.004278513137251139, -0.0021641040220856667, -0.00140137760899961, 0.001099162152968347, -0.00037536214222200215, -0.0010573638137429953, 0.0015510342782363296, -0.0008813039748929441], [8.762937795836478e-05, 5.980478090350516e-05, -0.00023543009592685848, -0.0004837790911551565, 0.0008113080402836204, -0.0021641040220856667, 0.004982934333384037, 0.0005876211216673255, -0.001764098065905273, -0.00034203019458800554, 0.0004820020403712988, -0.0018654022132977843, 0.0024578822776675224], [0.0002404288825346157, 8.887316653272137e-05, 0.00041872391011565924, -0.0007970902952365577, 0.0007129074074327946, -0.00140137760899961, 0.0005876211216673255, 0.005678349174559116, -0.0002844025439117104, -0.00036439247196540236, 0.0004440462216734886, -0.0011935841757804155, -0.002509516663849354], [0.00011203866597497836, 0.00012562751362565905, 0.0007987648714333773, 3.4627144486876205e-05, -0.0009685575496405363, 0.001099162152968347, -0.001764098065905273, -0.0002844025439117104, 0.00772615522146225, -0.00032745912903919816, -0.0008096683886833489, -0.0005143782473169267, -0.0002764503879006952], [-5.4057261877460405e-05, 0.00045557590783573687, -0.00012583886564243585, 0.0009681810042820871, -0.00025547356926836073, -0.00037536214222200215, -0.00034203019458800554, -0.00036439247196540236, -0.00032745912903919816, 0.007786056026816368, -0.0025449697859585285, 0.0008653543191030622, -0.0023231953382492065], [0.00010940291394945234, -0.00030689098639413714, 0.0014407929265871644, -0.0014342559734359384, 0.001044058008119464, -0.0010573638137429953, 0.0004820020403712988, 0.0004440462216734886, -0.0008096683886833489, -0.0025449697859585285, 0.011764775030314922, -0.001592783723026514, -0.001042454387061298], [-7.435589213855565e-05, -0.00016989107825793326, -0.0006955454591661692, 0.0011888761073350906, -0.0013382878387346864, 0.0015510342782363296, -0.0018654022132977843, -0.0011935841757804155, -0.0005143782473169267, 0.0008653543191030622, -0.001592783723026514, 0.00821169838309288, 0.0005327426479198039], [0.0003888508945237845, 0.00024018004478421062, -0.00022220898244995624, -0.0009314936469309032, 0.0009127555531449616, -0.0008813039748929441, 0.0024578822776675224, -0.002509516663849354, -0.0002764503879006952, -0.0023231953382492065, -0.00104