{"song_id": "1183719453188431943", "download": "https://cdn.discordapp.com/attachments/1135903449314238464/1183719453188431943/chirp.mp4?ex=65895ba6&amp", "lyrics": "I'm driving my lowride while your baby is sleeping in the back and I'm smoking and not smoking and you're sleeping in your house forgetting about everything", "style": ["rap"], "essentia_features": {"lowlevel.average_loudness": 0.9818828701972961, "lowlevel.barkbands_crest.mean": 16.262691497802734, "lowlevel.barkbands_crest.stdev": 3.549870491027832, "lowlevel.barkbands_flatness_db.mean": 0.3590709865093231, "lowlevel.barkbands_flatness_db.stdev": 0.08610817044973373, "lowlevel.barkbands_kurtosis.mean": 22.089387893676758, "lowlevel.barkbands_kurtosis.stdev": 61.633262634277344, "lowlevel.barkbands_skewness.mean": 3.28019642829895, "lowlevel.barkbands_skewness.stdev": 1.9563056230545044, "lowlevel.barkbands_spread.mean": 5.252560138702393, "lowlevel.barkbands_spread.stdev": 5.597333908081055, "lowlevel.dissonance.mean": 0.33066263794898987, "lowlevel.dissonance.stdev": 0.07724522799253464, "lowlevel.dynamic_complexity": 2.126734733581543, "lowlevel.erbbands_crest.mean": 13.260424613952637, "lowlevel.erbbands_crest.stdev": 4.309436321258545, "lowlevel.erbbands_flatness_db.mean": 0.24512510001659393, "lowlevel.erbbands_flatness_db.stdev": 0.06027666851878166, "lowlevel.erbbands_kurtosis.mean": 5.887801170349121, "lowlevel.erbbands_kurtosis.stdev": 7.998095512390137, "lowlevel.erbbands_skewness.mean": 0.6413241624832153, "lowlevel.erbbands_skewness.stdev": 1.2572681903839111, "lowlevel.erbbands_spread.mean": 18.223085403442383, "lowlevel.erbbands_spread.stdev": 20.88633155822754, "lowlevel.hfc.mean": 18.463943481445312, "lowlevel.hfc.stdev": 11.949553489685059, "lowlevel.loudness_ebu128.integrated": -13.886672973632812, "lowlevel.loudness_ebu128.loudness_range": 0.8227825164794922, "lowlevel.loudness_ebu128.momentary.mean": -14.378149032592773, "lowlevel.loudness_ebu128.momentary.stdev": 2.016580104827881, "lowlevel.loudness_ebu128.short_term.mean": -13.83151912689209, "lowlevel.loudness_ebu128.short_term.stdev": 0.43767744302749634, "lowlevel.melbands_crest.mean": 31.591283798217773, "lowlevel.melbands_crest.stdev": 6.0169477462768555, "lowlevel.melbands_flatness_db.mean": 0.46139392256736755, "lowlevel.melbands_flatness_db.stdev": 0.10622534155845642, "lowlevel.melbands_kurtosis.mean": 28.173139572143555, "lowlevel.melbands_kurtosis.stdev": 35.65080261230469, "lowlevel.melbands_skewness.mean": 4.015481472015381, "lowlevel.melbands_skewness.stdev": 2.145268201828003, "lowlevel.melbands_spread.mean": 4.945164203643799, "lowlevel.melbands_spread.stdev": 4.565026760101318, "lowlevel.pitch_salience.mean": 0.26989394426345825, "lowlevel.pitch_salience.stdev": 0.13755923509597778, "lowlevel.silence_rate_20dB.mean": 0.9270073175430298, "lowlevel.silence_rate_20dB.stdev": 0.26012375950813293, "lowlevel.silence_rate_30dB.mean": 0.14355231821537018, "lowlevel.silence_rate_30dB.stdev": 0.3506348133087158, "lowlevel.silence_rate_60dB.mean": 0.021897809579968452, "lowlevel.silence_rate_60dB.stdev": 0.14635051786899567, "lowlevel.spectral_centroid.mean": 569.5464477539062, "lowlevel.spectral_centroid.stdev": 326.04815673828125, "lowlevel.spectral_complexity.mean": 9.399026870727539, "lowlevel.spectral_complexity.stdev": 3.1470680236816406, "lowlevel.spectral_decrease.mean": -4.510574669325251e-08, "lowlevel.spectral_decrease.stdev": 2.883955296795193e-08, "lowlevel.spectral_energy.mean": 0.17191413044929504, "lowlevel.spectral_energy.stdev": 0.10959464311599731, "lowlevel.spectral_energyband_high.mean": 0.00024613848654553294, "lowlevel.spectral_energyband_high.stdev": 0.0007590019959025085, "lowlevel.spectral_energyband_low.mean": 0.1489989012479782, "lowlevel.spectral_energyband_low.stdev": 0.10598526149988174, "lowlevel.spectral_energyband_middle_high.mean": 0.0009449071949347854, "lowlevel.spectral_energyband_middle_high.stdev": 0.0010977661004289985, "lowlevel.spectral_energyband_middle_low.mean": 0.020761404186487198, "lowlevel.spectral_energyband_middle_low.stdev": 0.029807474464178085, "lowlevel.spectral_entropy.mean": 6.3980889320373535, "lowlevel.spectral_entropy.stdev": 0.7477228045463562, "lowlevel.spectral_flux.mean": 0.10953781008720398, "lowlevel.spectral_flux.stdev": 0.13370239734649658, "lowlevel.spectral_kurtosis.mean": 22.500316619873047, "lowlevel.spectral_kurtosis.stdev": 22.32061195373535, "lowlevel.spectral_rms.mean": 0.01228614803403616, "lowlevel.spectral_rms.stdev": 0.004095321986824274, "lowlevel.spectral_rolloff.mean": 237.65194702148438, "lowlevel.spectral_rolloff.stdev": 351.5378723144531, "lowlevel.spectral_skewness.mean": 3.6335151195526123, "lowlevel.spectral_skewness.stdev": 1.7422019243240356, "lowlevel.spectral_spread.mean": 3661948.25, "lowlevel.spectral_spread.stdev": 2714345.5, "lowlevel.spectral_strongpeak.mean": 0.63565993309021, "lowlevel.spectral_strongpeak.stdev": 0.38182201981544495, "lowlevel.zerocrossingrate.mean": 0.012991132214665413, "lowlevel.zerocrossingrate.stdev": 0.020773060619831085, "metadata.audio_properties.analysis.equal_loudness": 0.0, "metadata.audio_properties.analysis.length": 9.5146484375, "metadata.audio_properties.analysis.sample_rate": 44100.0, "metadata.audio_properties.analysis.start_time": 0.0, "metadata.audio_properties.bit_rate": 118070.0, "metadata.audio_properties.length": 9.514666557312012, "metadata.audio_properties.lossless": 0.0, "metadata.audio_properties.number_channels": 1.0, "metadata.audio_properties.replay_gain": -9.497400283813477, "metadata.audio_properties.sample_rate": 48000.0, "rhythm.beats_count": 10.0, "rhythm.beats_loudness.mean": 0.1848960965871811, "rhythm.beats_loudness.stdev": 0.1251458376646042, "rhythm.bpm": 70.15914916992188, "rhythm.bpm_histogram_first_peak_bpm": 70.0, "rhythm.bpm_histogram_first_peak_weight": 0.0, "rhythm.bpm_histogram_second_peak_bpm": 0.0, "rhythm.bpm_histogram_second_peak_spread": 0.0, "rhythm.bpm_histogram_second_peak_weight": 0.0, "rhythm.danceability": 1.5602312088012695, "rhythm.onset_rate": 4.091570854187012, "tonal.chords_changes_rate": 0.029126213863492012, "tonal.chords_number_rate": 0.014563106931746006, "tonal.chords_strength.mean": 0.4677986204624176, "tonal.chords_strength.stdev": 0.07876060903072357, "tonal.hpcp_crest.mean": 14.979293823242188, "tonal.hpcp_crest.stdev": 4.356863975524902, "tonal.hpcp_entropy.mean": 1.5377410650253296, "tonal.hpcp_entropy.stdev": 0.45632532238960266, "tonal.key_edma.strength": 0.33248552680015564, "tonal.key_krumhansl.strength": 0.3327656686306, "tonal.key_temperley.strength": 0.35893550515174866, "tonal.tuning_diatonic_strength": 0.46279358863830566, "tonal.tuning_equal_tempered_deviation": 0.3127201795578003, "tonal.tuning_frequency": 434.193115234375, "tonal.tuning_nontempered_energy_ratio": 0.9769402146339417, "lowlevel.barkbands.mean": [0.03648988902568817, 0.10618078708648682, 0.007334527559578419, 0.00258034560829401, 0.006340180058032274, 0.0014598871348425746, 0.002683002967387438, 0.0027041002176702023, 0.004753260873258114, 0.00039958691922947764, 0.00030583899933844805, 6.948139343876392e-05, 0.00014670833479613066, 8.560388232581317e-05, 6.361232226481661e-05, 3.165242378599942e-05, 1.9583869288908318e-05, 4.955864824296441e-06, 1.1866341992572416e-05, 9.931445674737915e-06, 2.4823137209750712e-05, 4.988836371921934e-05, 6.482710887212306e-05, 6.1571437981911e-05, 3.135363294859417e-05, 7.067555998219177e-06, 4.7075864983980864e-08], "lowlevel.barkbands.stdev": [0.02014823816716671, 0.09178319573402405, 0.03967497497797012, 0.016798578202724457, 0.011941218748688698, 0.003073940984904766, 0.0026929136365652084, 0.0030811952892690897, 0.0044504189863801, 0.0006387720350176096, 0.0004917962360195816, 0.00013049667177256197, 0.00039682022179476917, 0.00019827357027679682, 0.0002189453662140295, 6.821200804552063e-05, 3.518272933433764e-05, 1.4118115359451622e-05, 5.0756698328768834e-05, 3.940312672057189e-05, 7.729746721452102e-05, 0.00016540914657525718, 0.00023616479302290827, 0.0002071016060654074, 9.41046528168954e-05, 2.3086462533683516e-05, 2.1108803593961056e-07], "lowlevel.erbbands.mean": [6.429630279541016, 10.45799732208252, 9.209362030029297, 9.444252967834473, 8.060352325439453, 29.16364288330078, 19.501628875732422, 12.252191543579102, 16.585411071777344, 99.63802337646484, 67.50288391113281, 82.95477294921875, 24.742698669433594, 8.103434562683105, 12.779520034790039, 4.13680362701416, 6.127903461456299, 5.167606830596924, 3.5552632808685303, 2.605048418045044, 1.3456873893737793, 1.2160286903381348, 0.38673752546310425, 0.44543367624282837, 0.5650489330291748, 0.5240911245346069, 0.8388628959655762, 0.9764909744262695, 1.7387001514434814, 2.049398183822632, 1.8311443328857422, 1.3664683103561401, 0.9838507771492004, 0.48767954111099243, 0.12787525355815887, 0.038185976445674896, 0.012098713777959347, 0.0011259570019319654, 0.00010095123434439301, 0.00018801030819304287], "lowlevel.erbbands.stdev": [3.865846872329712, 20.233644485473633, 41.33027267456055, 55.3798942565918, 43.10320281982422, 45.82556915283203, 33.405029296875, 23.366291046142578, 23.350265502929688, 111.42676544189453, 52.9638557434082, 75.0318832397461, 35.13343048095703, 12.273529052734375, 21.014375686645508, 7.087580680847168, 16.270244598388672, 11.934489250183105, 11.653236389160156, 6.298788070678711, 2.0706992149353027, 2.1462366580963135, 0.888120174407959, 2.081939697265625, 2.7161028385162354, 2.1565663814544678, 2.7461092472076416, 2.8538644313812256, 5.610035419464111, 7.232545375823975, 6.934482574462891, 5.176478862762451, 2.98481822013855, 1.4509949684143066, 0.3823480010032654, 0.11873804032802582, 0.0420866496860981, 0.004102812614291906, 9.233708260580897e-05, 0.00011786937102442607], "lowlevel.gfcc.mean": [-68.92745971679688, 152.40293884277344, -54.912132263183594, 5.105838298797607, -66.48534393310547, 23.82955551147461, -16.12560272216797, 21.64373779296875, 11.458245277404785, 7.539958953857422, -2.9593093395233154, -2.0484845638275146, 7.408516883850098], "lowlevel.melbands.mean": [0.0425432026386261, 0.006928734015673399, 0.0015574783319607377, 0.001196343800984323, 0.000981562421657145, 0.00027476492687128484, 0.00030319869983941317, 0.0010080967331305146, 0.000706339837051928, 0.00047464229282923043, 0.0001090011719497852, 2.7127187422593124e-05, 4.752011227537878e-05, 1.1031818758056033e-05, 1.4626996744482312e-05, 1.2500721823016647e-05, 8.837557288643438e-06, 5.242318366072141e-06, 4.564804839901626e-06, 2.5424774321436416e-06, 1.385389396091341e-06, 1.2925693226861767e-06, 6.030484769325994e-07, 2.1462952304318605e-07, 3.737784766144614e-07, 4.416552314978617e-07, 3.168000830555684e-07, 3.65984277550524e-07, 3.855855084111681e-07, 7.653123361706093e-07, 4.6944262521719793e-07, 8.48862839575304e-07, 1.2393654742481885e-06, 1.1434792668296723e-06, 1.1127165180369047e-06, 8.634028745291289e-07, 8.329289471475931e-07, 7.205485985650739e-07, 5.673967962138704e-07, 3.535827488576615e-07], "lowlevel.melbands.stdev": [0.028084633871912956, 0.02017677016556263, 0.008996374905109406, 0.002673787996172905, 0.0015326128341257572, 0.0005378855275921524, 0.0003566041123121977, 0.0011563845910131931, 0.0006161435157991946, 0.00044231617357581854, 0.00016846752259880304, 4.995569179300219e-05, 7.848827954148874e-05, 1.8891170839197002e-05, 3.5286968341097236e-05, 3.849529821309261e-05, 2.0937881345162168e-05, 1.7288140952587128e-05, 1.3802699868392665e-05, 6.600923825317295e-06, 2.1840485260327114e-06, 2.416961251583416e-06, 1.1660395102808252e-06, 6.53776169201592e-07, 1.9191368210158544e-06, 1.8399528016743716e-06, 1.6565240912314039e-06, 1.5953563661241787e-06, 1.3139276688889368e-06, 2.4800008304737275e-06, 1.4000354440213414e-06, 2.685304934857413e-06, 4.45342129751225e-06, 4.123063263250515e-06, 4.258605713403085e-06, 3.3705830446706386e-06, 3.195845010850462e-06, 2.2069834813009948e-06, 1.7235674931725953e-06, 1.054945528267126e-06], "lowlevel.melbands128.mean": [0.03386130928993225, 0.06828979402780533, 0.03637019917368889, 0.01218007504940033, 0.005090853199362755, 0.0034224605187773705, 0.002004242967814207, 0.0010981749510392547, 0.000663702143356204, 0.0007471150020137429, 0.0019492579158395529, 0.0018913177773356438, 0.00045325103565119207, 0.0003251834714319557, 0.00021123858459759504, 0.00033028589677996933, 0.00023904760018922389, 0.00014269881648942828, 0.0004020140040665865, 0.0018163393251597881, 0.0008048512972891331, 6.603630754398182e-05, 0.0005633208202198148, 0.001760271959938109, 0.0004238980181980878, 7.358528091572225e-05, 0.00022899472969584167, 0.00010441170888952911, 3.135694350930862e-05, 3.1445728382095695e-05, 2.4329785446752794e-05, 1.90598402696196e-05, 8.271812839666381e-05, 3.507210567477159e-05, 7.819628081051633e-06, 1.0158691111428197e-05, 4.273995273251785e-06, 1.8511558664613403e-05, 1.857130519056227e-05, 1.0034098522737622e-05, 1.3707554899156094e-05, 9.883865459414665e-06, 1.3087313163850922e-05, 4.612972588802222e-06, 5.113922270538751e-06, 4.137772975809639e-06, 8.397350029554218e-06, 3.0453106774075422e-06, 4.7362068471556995e-06, 2.8393551474437118e-06, 2.816649839587626e-06, 1.2485083971114364e-06, 1.5272049722625525e-06, 1.4021621836945997e-06, 1.0251110325043555e-06, 1.1766022680603783e-06, 2.0015102109027794e-06, 4.26345906134884e-07, 3.393765837245155e-07, 3.0135086603877426e-07, 1.779777676347294e-07, 1.7412978081665642e-07, 2.4544607413190533e-07, 4.976608920514991e-07, 4.787119678439922e-07, 3.583288332720258e-07, 5.307295509737742e-07, 3.798313059633074e-07, 2.561044425419823e-07, 2.3008168170690624e-07, 4.155676549544296e-07, 4.184551869457209e-07, 2.641719731855119e-07, 3.5013741239708907e-07, 5.303184025251539e-07, 9.529120461593266e-07, 8.09750076768978e-07, 4.251353402651148e-07, 4.635487869109056e-07, 4.1742143253031827e-07, 6.724337140440184e-07, 1.1261207646384719e-06, 1.1140928108943626e-06, 1.5460998383787228e-06, 9.482711789132736e-07, 1.0609312539600069e-06, 1.2350218412393588e-06, 1.2441036005839123e-06, 1.1379660236343625e-06, 1.0652838682290167e-06, 7.695638828408846e-07, 9.274453987018205e-07, 7.441408342856448e-07, 9.138882433035178e-07, 7.813680440449389e-07, 7.801033348187048e-07, 7.159349024732364e-07, 6.70722783979727e-07, 4.85926079818455e-07, 6.291272143243987e-07, 4.385005070162151e-07, 2.806536372190749e-07, 2.7010625558432366e-07, 2.2183468217917834e-07, 9.205231776832079e-08, 8.861476175070493e-08, 8.347739566261225e-08, 9.06057735505783e-08, 4.76272461469307e-08, 4.830104671782465e-08, 6.734115487461168e-08, 3.7308542033542835e-08, 3.990283303778597e-08, 3.047759733476596e-08, 2.1744860134731425e-08, 1.0065365430023121e-08, 2.1000678973592812e-09, 2.2990540027301165e-10, 2.415151759138645e-11, 2.3505055540828934e-11, 2.2631332571854124e-11, 1.9121511665720625e-11, 1.8183985567299388e-11, 1.7890905770756582e-11, 1.7582350506084587e-11, 1.7261336457408127e-11, 1.7064379423392673e-11, 1.6964875684810643e-11], "lowlevel.melbands128.stdev": [0.01828189380466938, 0.03841817006468773, 0.04223966598510742, 0.03313125669956207, 0.023203153163194656, 0.019023023545742035, 0.012306717224419117, 0.0072259921580553055, 0.004180542193353176, 0.0023508851882070303, 0.0029368712566792965, 0.002970449160784483, 0.0010276826797053218, 0.0008143687155097723, 0.0005198907456360757, 0.0005800405633635819, 0.0004542250244412571, 0.00036177027504891157, 0.00042973633389919996, 0.0020805627573281527, 0.0010439842008054256, 0.00012825279554817826, 0.0005842252867296338, 0.0016621225513517857, 0.0004007158277090639, 0.0002805197436828166, 0.00041593131027184427, 0.00016823796613607556, 9.313711780123413e-05, 6.579246837645769e-05, 4.815553256776184e-05, 2.8372051019687206e-05, 0.00014827196719124913, 6.437775300582871e-05, 1.8932934835902415e-05, 2.5337363695143722e-05, 9.488316209171899e-06, 4.2874231439782307e-05, 5.930004044785164e-05, 3.9880851545603946e-05, 5.877520379726775e-05, 2.9585564334411174e-05, 3.886809281539172e-05, 1.010620871966239e-05, 1.4721655134053435e-05, 1.6553656678297557e-05, 4.2116313125006855e-05, 8.979372069006786e-06, 1.5364601495093666e-05, 8.510258339811116e-06, 9.579660400049761e-06, 2.6087880087288795e-06, 2.674847110029077e-06, 2.427203526167432e-06, 2.274170356031391e-06, 3.251210500820889e-06, 3.803207846431178e-06, 1.0312483027519193e-06, 1.0386999065303826e-06, 7.187608161984826e-07, 5.858735789843195e-07, 7.588521953039162e-07, 1.153971538769838e-06, 2.973561777253053e-06, 2.468053025950212e-06, 1.2154098385508405e-06, 3.2475290936417878e-06, 2.537943373681628e-06, 1.2576065273606218e-06, 8.677715754856763e-07, 2.2298318071989343e-06, 1.8123458858099184e-06, 8.693781410329393e-07, 1.3105960761095048e-06, 1.8649001276571653e-06, 3.473613787718932e-06, 2.5062781787710264e-06, 1.3271078387333546e-06, 1.7571828720974736e-06, 1.214383360093052e-06, 2.0802951894438593e-06, 4.071237981406739e-06, 3.87340878660325e-06, 6.385712822520873e-06, 3.555805051291827e-06, 4.2004271563200746e-06, 4.609208644978935e-06, 4.584948783303844e-06, 4.674956471717451e-06, 4.5173242142482195e-06, 3.13177656607877e-06, 3.8528123695869e-06, 3.0350961424119305e-06, 3.902032858604798e-06, 3.054418584724772e-06, 2.509272690076614e-06, 2.2097262899478665e-06, 2.1404305243777344e-06, 1.542410814181494e-06, 2.1215510059846565e-06, 1.4479155652225018e-06, 8.413367140747141e-07, 7.909294481578399e-07, 7.054949264784227e-07, 3.8930690493543807e-07, 3.010860041285923e-07, 2.9741255502813146e-07, 3.1014613455226936e-07, 1.6232542066063615e-07, 1.7896213932999672e-07, 2.372277236872833e-07, 1.3235771234576532e-07, 1.6494058741045592e-07, 1.2061684628861258e-07, 8.642899729238707e-08, 4.382633278510184e-08, 9.719965277099618e-09, 1.3168955925735304e-09, 5.591318380515631e-11, 6.68859967412061e-11, 5.913244199851064e-11, 2.6487475407455108e-11, 2.5331261394034854e-11, 2.4902373566004776e-11, 2.45465696380176e-11, 2.4254293018444173e-11, 2.4044224944397286e-11, 2.39141657865094e-11], "lowlevel.mfcc.mean": [-733.8633422851562, 191.3105010986328, 61.417057037353516, 2.2130446434020996, -2.4560017585754395, 2.973759412765503, -5.023527145385742, 11.589469909667969, 21.196643829345703, 13.004773139953613, 15.658336639404297, 11.413834571838379, 6.385505676269531], "lowlevel.spectral_contrast_coeffs.mean": [-0.7281482815742493, -0.678259015083313, -0.7422736883163452, -0.8010432124137878, -0.8314425945281982, -0.8087487816810608], "lowlevel.spectral_contrast_coeffs.stdev": [0.0771983414888382, 0.06413276493549347, 0.05963042750954628, 0.051211100071668625, 0.039489779621362686, 0.036947496235370636], "lowlevel.spectral_contrast_valleys.mean": [-6.430237770080566, -6.481152534484863, -7.983931064605713, -8.888506889343262, -9.50313949584961, -11.175076484680176], "lowlevel.spectral_contrast_valleys.stdev": [1.2307026386260986, 0.8027658462524414, 0.7530043721199036, 0.8072447180747986, 0.8810597658157349, 1.111921787261963], "rhythm.beats_loudness_band_ratio.mean": [0.8466024398803711, 0.05061911419034004, 0.09326152503490448, 0.006784521974623203, 0.0006588540854863822, 0.0054617756977677345], "rhythm.beats_loudness_band_ratio.stdev": [0.14257743954658508, 0.06873702257871628, 0.11057079583406448, 0.010222011245787144, 0.0013918462209403515, 0.009407064877450466], "tonal.hpcp.mean": [0.018192388117313385, 0.01587132178246975, 0.010974119417369366, 0.006621861830353737, 0.0031735512893646955, 0.0033992282114923, 0.00948640238493681, 0.0468929223716259, 0.09975359588861465, 0.08376944810152054, 0.029801063239574432, 0.033063240349292755, 0.120451919734478, 0.2268243432044983, 0.18065033853054047, 0.06960052996873856, 0.04777732118964195, 0.06336886435747147, 0.11224628984928131, 0.18479283154010773, 0.17059847712516785, 0.08964260667562485, 0.07563316076993942, 0.23535576462745667, 0.2815486490726471, 0.10529160499572754, 0.020858991891145706, 0.012081854976713657, 0.021434832364320755, 0.030901433899998665, 0.016867095604538918, 0.009823271073400974, 0.011845763772726059, 0.008192740380764008, 0.012648161500692368, 0.018448233604431152], "tonal.hpcp.stdev": [0.07924608886241913, 0.09846987575292587, 0.06563584506511688, 0.06989262253046036, 0.02345055341720581, 0.022151129320263863, 0.06970129907131195, 0.10506869107484818, 0.16542017459869385, 0.16580244898796082, 0.12255267798900604, 0.1371304988861084, 0.2722353935241699, 0.3929392695426941, 0.3356235921382904, 0.21716338396072388, 0.1845761090517044, 0.20580808818340302, 0.27703285217285156, 0.32544171810150146, 0.29883530735969543, 0.20636874437332153, 0.21552330255508423, 0.3633621335029602, 0.42455601692199707, 0.22711127996444702, 0.11076495051383972, 0.0668388232588768, 0.10587090998888016, 0.1327914297580719, 0.08653818070888519, 0.054652780294418335, 0.07814691215753555, 0.03993132710456848, 0.07397987693548203, 0.09351915121078491], "rhythm.beats_position": [0.8591383099555969, 1.7182766199111938, 2.5774149894714355, 3.424943208694458, 4.2724714279174805, 5.119999885559082, 5.967528343200684, 6.826666355133057, 7.697414875030518, 8.55655288696289], "rhythm.bpm_histogram": [0.0, 0.0, 0.0, 0.0, 0.0, 0.0, 0.0, 0.0, 0.0, 0.0, 0.0, 0.0, 0.0, 0.0, 0.0, 0.0, 0.0, 0.0, 0.0, 0.0, 0.0, 0.0, 0.0, 0.0, 0.0, 0.0, 0.0, 0.0, 0.0, 0.0, 0.0, 0.0, 0.0, 0.0, 0.0, 0.0, 0.0, 0.0, 0.0, 0.0, 0.0, 0.0, 0.0, 0.0, 0.0, 0.0, 0.0, 0.0, 0.0, 0.0, 0.0, 0.0, 0.0, 0.0, 0.0, 0.0, 0.0, 0.0, 0.0, 0.0, 0.0, 0.0, 0.0, 0.0, 0.0, 0.0, 0.0, 0.0, 0.0, 0.1111111119389534, 0.4444444477558136, 0.4444444477558136, 0.0, 0.0, 0.0, 0.0, 0.0, 0.0, 0.0, 0.0, 0.0, 0.0, 0.0, 0.0, 0.0, 0.0, 0.0, 0.0, 0.0, 0.0, 0.0, 0.0, 0.0, 0.0, 0.0, 0.0, 0.0, 0.0, 0.0, 0.0, 0.0, 0.0, 0.0, 0.0, 0.0, 0.0, 0.0, 0.0, 0.0, 0.0, 0.0, 0.0, 0.0, 0.0, 0.0, 0.0, 0.0, 0.0, 0.0, 0.0, 0.0, 0.0, 0.0, 0.0, 0.0, 0.0, 0.0, 0.0, 0.0, 0.0, 0.0, 0.0, 0.0, 0.0, 0.0, 0.0, 0.0, 0.0, 0.0, 0.0, 0.0, 0.0, 0.0, 0.0, 0.0, 0.0, 0.0, 0.0, 0.0, 0.0, 0.0, 0.0, 0.0, 0.0, 0.0, 0.0, 0.0, 0.0, 0.0, 0.0, 0.0, 0.0, 0.0, 0.0, 0.0, 0.0, 0.0, 0.0, 0.0, 0.0, 0.0, 0.0, 0.0, 0.0, 0.0, 0.0, 0.0, 0.0, 0.0, 0.0, 0.0, 0.0, 0.0, 0.0, 0.0, 0.0, 0.0, 0.0, 0.0, 0.0, 0.0, 0.0, 0.0, 0.0, 0.0, 0.0, 0.0, 0.0, 0.0, 0.0, 0.0, 0.0, 0.0, 0.0, 0.0, 0.0, 0.0, 0.0, 0.0, 0.0, 0.0, 0.0, 0.0, 0.0, 0.0, 0.0, 0.0, 0.0, 0.0, 0.0, 0.0, 0.0, 0.0, 0.0, 0.0, 0.0, 0.0, 0.0, 0.0, 0.0, 0.0, 0.0, 0.0, 0.0, 0.0, 0.0, 0.0, 0.0, 0.0, 0.0, 0.0, 0.0, 0.0, 0.0, 0.0, 0.0, 0.0, 0.0, 0.0, 0.0], "tonal.chords_histogram": [15.048543930053711, 25.7281551361084, 59.22330093383789, 0.0, 0.0, 0.0, 0.0, 0.0, 0.0, 0.0, 0.0, 0.0, 0.0, 0.0, 0.0, 0.0, 0.0, 0.0, 0.0, 0.0, 0.0, 0.0, 0.0, 0.0], "tonal.thpcp": [1.0, 0.3739730417728424, 0.07408663630485535, 0.04291214048862457, 0.0761318951845169, 0.10975521802902222, 0.05990828201174736, 0.03489013761281967, 0.04207359626889229, 0.029098844155669212, 0.044923536479473114, 0.0655241385102272, 0.06461543589830399, 0.05637150630354881, 0.03897770121693611, 0.023519422858953476, 0.011271769180893898, 0.012073324993252754, 0.03369365260004997, 0.1665535271167755, 0.354303240776062, 0.29753097891807556, 0.10584694147109985, 0.11743348836898804, 0.4278191924095154, 0.8056311011314392, 0.641631007194519, 0.24720604717731476, 0.169694721698761, 0.22507251799106598, 0.3986745774745941, 0.6563442349433899, 0.6059289574623108, 0.31839117407798767, 0.2686326503753662, 0.8359328508377075], "lowlevel.gfcc.cov": [[5649.8994140625, -233.45309448242188, 672.012451171875, 958.6669921875, -294.61541748046875, 202.1127471923828, -124.20807647705078, 324.99468994140625, 28.7912540435791, 188.10958862304688, -47.304725646972656, 241.48023986816406, 64.2896728515625], [-233.45309448242188, 2558.28515625, 976.1647338867188, -286.62335205078125, 775.5061645507812, -326.75201416015625, 282.07989501953125, -265.0774230957031, 165.44110107421875, -352.3187561035156, 269.1126403808594, 53.89409255981445, 287.24285888671875], [672.012451171875, 976.1647338867188, 1607.3419189453125, 427.3995666503906, 268.5769958496094, -45.7195930480957, 223.10446166992188, 1.5483098030090332, 69.0802993774414, -112.3993148803711, 158.976318359375, 174.90052795410156, 77.12671661376953], [958.6669921875, -286.62335205078125, 427.3995666503906, 685.2137451171875, -60.243831634521484, -40.73201370239258, -74.69731140136719, 52.798648834228516, 28.672582626342773, -29.621335983276367, -24.95210075378418, 76.17749786376953, 19.812612533569336], [-294.61541748046875, 775.5061645507812, 268.5769958496094, -60.243831634521484, 528.036865234375, -60.14179992675781, 43.78929901123047, -92.47843933105469, 73.70394134521484, -85.08531188964844, 55.58265686035156, -33.15671157836914, 78.81552124023438], [202.1127471923828, -326.75201416015625, -45.7195930480957, -40.73201370239258, -60.14179992675781, 247.38832092285156, 59.27281188964844, 53.03496551513672, -13.2888822555542, 117.08617401123047, -24.51463508605957, -26.990253448486328, -69.78224182128906], [-124.20807647705078, 282.07989501953125, 223.10446166992188, -74.69731140136719, 43.78929901123047, 59.27281188964844, 274.4045104980469, -6.3926262855529785, -10.63680362701416, -9.25267505645752, 72.04534149169922, 4.498683929443359, -20.444679260253906], [324.99468994140625, -265.0774230957031, 1.5483098030090332, 52.798648834228516, -92.47843933105469, 53.03496551513672, -6.3926262855529785, 174.23606872558594, 35.69667053222656, 69.6554183959961, -15.651314735412598, 31.5245418548584, 18.1695556640625], [28.7912540435791, 165.44110107421875, 69.0802993774414, 28.672582626342773, 73.70394134521484, -13.2888822555542, -10.63680362701416, 35.69667053222656, 181.54420471191406, 22.784191131591797, 5.817477703094482, -7.358152389526367, 77.30799102783203], [188.10958862304688, -352.3187561035156, -112.3993148803711, -29.621335983276367, -85.08531188964844, 117.08617401123047, -9.25267505645752, 69.6554183959961, 22.784191131591797, 160.4033966064453, -24.797767639160156, -7.279417037963867, -49.88215637207031], [-47.304725646972656, 269.1126403808594, 158.976318359375, -24.95210075378418, 55.58265686035156, -24.51463508605957, 72.04534149169922, -15.651314735412598, 5.817477703094482, -24.797767639160156, 92.37972259521484, 36.6579475402832, 18.256250381469727], [241.48023986816406, 53.89409255981445, 174.90052795410156, 76.17749786376953, -33.15671157836914, -26.990253448486328, 4.498683929443359, 31.5245418548584, -7.358152389526367, -7.279417037963867, 36.6579475402832, 110.40486907958984, 34.95991516113281], [64.2896728515625, 287.24285888671875, 77.12671661376953, 19.812612533569336, 78.81552124023438, -69.78224182128906, -20.444679260253906, 18.1695556640625, 77.30799102783203, -49.88215637207031, 18.256250381469727, 34.95991516113281, 144.20114135742188]], "lowlevel.gfcc.icov": [[0.0005552790244109929, -0.0013309749774634838, 0.0005014342023059726, -0.0014825324760749936, 0.0008350126445293427, -0.0010789328953251243, 0.0006451278459280729, -0.0012820299016311765, 0.0008937891107052565, -0.001465409412048757, 0.0010503893718123436, -0.0005977799301035702, 0.0006395344971679151], [-0.0013309749774634838, 0.006554329767823219, -0.002658331533893943, 0.005590294487774372, -0.003967252094298601, 0.0041466099210083485, -0.002748932223767042, 0.005382303614169359, -0.0034793021623045206, 0.005849204957485199, -0.005158329848200083, 0.0017838635249063373, -0.00459250109270215], [0.0005014342023059726, -0.002658331533893943, 0.0024757697246968746, -0.003060178132727742, 0.0009122829651460052, -0.0019347104243934155, 0.00018382140842732042, -0.0021901039872318506, 0.0008456468931399286, -0.0016693022334948182, 0.0013296424876898527, -0.002455896232277155, 0.002431414322927594], [-0.0014825324760749936, 0.005590294487774372, -0.003060178132727742, 0.007512684911489487, -0.0029678340069949627, 0.003919525071978569, -0.0015491292579099536, 0.004374898970127106, -0.0037009723018854856, 0.0060344780795276165, -0.002989004598930478, 0.0011357805924490094, -0.0029475016053766012], [0.0008350126445293427, -0.003967252094298601, 0.0009122829651460052, -0.0029678340069949627, 0.00547330966219306, -0.0027095088735222816, 0.0020682290196418762, -0.0020860277581959963, 0.001542735262773931, -0.0031562657095491886, 0.0020323432981967926, 0.0010201077675446868, 0.001279999502003193], [-0.0010789328953251243, 0.0041466099210083485, -0.0019347104243934155, 0.003919525071978569, -0.0027095088735222816, 0.010528524406254292, -0.0038038797210901976, 0.0027093125972896814, -0.0013015825534239411, -0.0012393236393108964, -0.0013565428089350462, 0.002689208835363388, -0.0017984963487833738], [0.0006451278459280729, -0.002748932223767042, 0.00018382140842732042, -0.0015491292579099536, 0.0020682290196418762, -0.0038038797210901976, 0.007378272712230682, -0.0028852287214249372, 0.0016222730046138167, -0.0011317143216729164, -0.002144245430827141, 0.0008634452242404222, 0.002542016329243779], [-0.0012820299016311765, 0.005382303614169359, -0.0021901039872318506, 0.004374898970127106, -0.0020860277581959963, 0.0027093125972896814, -0.0028852287214249372, 0.01356503926217556, -0.0038476395420730114, 0.0016303898300975561, -0.0028240056708455086, -0.0003472530224826187, -0.006178025156259537], [0.0008937891107052565, -0.0034793021623045206, 0.0008456468931399286, -0.0037009723018854856, 0.001542735262773931, -0.0013015825534239411, 0.0016222730046138167, -0.0038476395420730114, 0.011749676428735256, -0.007804065942764282, 0.0016787250060588121, 0.003159456653520465, -0.0041471510194242], [-0.001465409412048757, 0.005849204957485199, -0.0016693022334948182, 0.0060344780795276165, -0.0031562657095491886, -0.0012393236393108964, -0.0011317143216729164, 0.0016303898300975561, -0.007804065942764282, 0.0201141145080328, -0.004596393555402756, -0.0010807847138494253, 0.0018108412623405457], [0.0010503893718123436, -0.005158329848200083, 0.0013296424876898527, -0.002989004598930478, 0.0020323432981967926, -0.0013565428089350462, -0.002144245430827141, -0.0028240056708455086, 0.0016787250060588121, -0.004596393555402756, 0.02395734190940857, -0.008139769546687603, 0.00424130167812109], [-0.0005977799301035702, 0.0017838635249063373, -0.002455896232277155, 0.0011357805924490094, 0.0010201077675446868, 0.002689208835363388, 0.0008634452242404222, -0.0003472530224826187, 0.003159456653520465, -0.0010807847138494253, -0.008139769546687603, 0.018614426255226135, -0.006769417319446802], [0.0006395344971679151, -0.00459250109270215, 0.002431414322927594, -0.0029475016053766012, 0.001279999502003193, -0.0017984963487833738, 0.002542016329243779, -0.006178025156259537, -0.0041471510194242, 0.0018108412623405457, 0.00424130167812109, -0.006769417319446802, 0.01842508837580681]], "lowlevel.mfcc.cov": [[5820.0703125, -1111.772216796875, 605.5272827148438, 454.38812255859375, 44.360713958740234, -60.443031311035156, -87.41922760009766, 14.89822769165039, 172.30149841308594, 46.68062973022461, 3.9985506534576416, -11.070767402648926, 136.30125427246094], [-1111.772216796875, 2940.80419921875, 240.695556640625, 212.1779327392578, 372.51483154296875, 84.80131530761719, 180.72926330566406, 149.36941528320312, 10.703141212463379, -234.63014221191406, -65.51189422607422, 75.3148422241211, 88.65145111083984], [605.5272827148438, 240.695556640625, 1218.32763671875, 522.3724975585938, 88.78861236572266, 64.44756317138672, 88.72705841064453, 186.0926513671875, -14.804975509643555, -8.467031478881836, -42.97527313232422, 61.860633850097656, 135.18893432617188], [454.38812255859375, 212.1779327392578, 522.3724975585938, 657.9761352539062, 223.68165588378906, 3.812924385070801, -33.240360260009766, 111.99807739257812, -16.8939151763916, -43.31853485107422, -119.23413848876953, -23.10300064086914, 58.918216705322266], [44.360713958740234, 372.51483154296875, 88.78861236572266, 223.68165588378906, 397.2510986328125, 36.9704475402832, -56.37179946899414, 2.6957433223724365, 53.69573974609375, -4.073114395141602, -39.25519561767578, -42.29115676879883, 15.516013145446777], [-60.443031311035156, 84.80131530761719, 64.44756317138672, 3.812924385070801, 36.9704475402832, 206.7647705078125, 76.92411804199219, 4.410008430480957, -13.81749153137207, 21.773399353027344, 72.86518096923828, 6.738831996917725, -28.13547706604004], [-87.41922760009766, 180.72926330566406, 88.72705841064453, -33.240360260009766, -56.37179946899414, 76.92411804199219, 231.90748596191406, 56.424896240234375, -30.38429069519043, -18.2818603515625, 54.912628173828125, 30.91399383544922, 8.435344696044922], [14.89822769165039, 149.36941528320312, 186.0926513671875, 111.99807739257812, 2.6957433223724365, 4.410008430480957, 56.424896240234375, 109.03048706054688, 6.024880886077881, -25.26537322998047, -13.554179191589355, 19.976877212524414, 39.35776901245117], [172.30149841308594, 10.703141212463379, -14.804975509643555, -16.8939151763916, 53.69573974609375, -13.81749153137207, -30.38429069519043, 6.024880886077881, 159.69168090820312, 49.55149459838867, 12.248393058776855, -5.724925994873047, 29.719867706298828], [46.68062973022461, -234.63014221191406, -8.467031478881836, -43.31853485107422, -4.073114395141602, 21.773399353027344, -18.2818603515625, -25.26537322998047, 49.55149459838867, 137.39491271972656, 55.560848236083984, -11.128046035766602, -9.768715858459473], [3.9985506534576416, -65.51189422607422, -42.97527313232422, -119.23413848876953, -39.25519561767578, 72.86518096923828, 54.912628173828125, -13.554179191589355, 12.248393058776855, 55.560848236083984, 146.9244384765625, 32.305728912353516, -17.927907943725586], [-11.070767402648926, 75.3148422241211, 61.860633850097656, -23.10300064086914, -42.29115676879883, 6.738831996917725, 30.91399383544922, 19.976877212524414, -5.724925994873047, -11.128046035766602, 32.305728912353516, 81.59980773925781, 28.26048469543457], [136.30125427246094, 88.65145111083984, 135.18893432617188, 58.918216705322266, 15.516013145446777, -28.13547706604004, 8.435344696044922, 39.35776901245117, 29.719867706298828, -9.768715858459473, -17.927907943725586, 28.26048469543457, 97.38540649414062]], "lowlevel.mfcc.icov": [[0.0002317806938663125, 0.00011671477841446176, -9.211869473801926e-05, -0.0002034808276221156, 2.7092961317976005e-05, 6.0361453506629914e-05, -5.360945579013787e-05, 0.00032632172224111855, -0.00034674612106755376, 0.00031346306786872447, -0.0002546680043451488, 8.350432472070679e-05, -0.0002276325976708904], [0.00011671477841446176, 0.0005915570072829723, -4.2114737880183384e-05, 4.748237915919162e-05, -0.0006176357856020331, -7.922828808659688e-05, -0.0003739857638720423, -0.00021439736883621663, -0.0003089866368100047, 0.000937173783313483, 3.548674430930987e-05, -0.0004604610148817301, -0.00014910638856235892], [-9.211869473801926e-05, -4.2114737880183384e-05, 0.0017578721744939685, -0.0011043221456930041, 0.00022381455346476287, -0.0005755198653787374, -0.00016984771355055273, -0.0012975683202967048, 0.0004899491905234754, -0.0008546902681700885, 0.00020059318921994418, -0.0008085236186161637, -0.0012313839979469776], [-0.0002034808276221156, 4.748237915919162e-05, -0.0011043221456930041, 0.0039974721148610115, -0.001810342655517161, -0.00026967914891429245, 0.0007881622877903283, -0.002730135340243578, 0.001236050040461123, -0.0002487590827513486, 0.0019925893284380436, 0.00046593474689871073, 0.00043116326560266316], [2.7092961317976005e-05, -0.0006176357856020331, 0.00022381455346476287, -0.001810342655517161, 0.004667176399379969, -0.0010734422830864787, 0.0009027129854075611, 0.0016906553646549582, -0.0014525027945637703, -6.563225178979337e-05, -0.0004559487570077181, 0.001963305752724409, -0.0007232872303575277], [6.0361453506629914e-05, -7.922828808659688e-05, -0.0005755198653787374, -0.00026967914891429245, -0.0010734422830864787, 0.007523107808083296, -0.0019549403805285692, 0.0007010302506387234, 0.0003779421967919916, -0.000195158994756639, -0.0034068471286445856, 0.0003822613798547536, 0.0023072378244251013], [-5.360945579013787e-05, -0.0003739857638720423, -0.00016984771355055273, 0.0007881622877903283, 0.0009027129854075611, -0.0019549403805285692, 0.007129455450922251, -0.0037471307441592216, 0.0012693622848019004, 0.0005284677026793361, -0.0018750037997961044, 0.000609995739068836, -0.0004939247155562043], [0.00032632172224111855, -0.00021439736883621663, -0.0012975683202967048, -0.002730135340243578, 0.0016906553646549582, 0.0007010302506387234, -0.0037471307441592216, 0.01800093799829483, -0.002855539321899414, 0.002274618949741125, -0.00035570727777667344, -0.000554294849280268, -0.002630812581628561], [-0.00034674612106755376, -0.0003089866368100047, 0.0004899491905234754, 0.001236050040461123, -0.0014525027945637703, 0.0003779421967919916, 0.0012693622848019004, -0.002855539321899414, 0.009496618062257767, -0.003967390861362219, -0.0001061833172570914, 0.0007958999485708773, -0.0028232920449227095], [0.00031346306786872447, 0.000937173783313483, -0.0008546902681700885, -0.0002487590827513486, -6.563225178979337e-05, -0.000195158994756639, 0.0005284677026793361, 0.002274618949741125, -0.003967390861362219, 0.012814056128263474, -0.005024701356887817, 0.0024779445957392454, -0.00011381057993276045], [-0.0002546680043451488, 3.548674430930987e-05, 0.00020059318921994418, 0.0019925893284380436, -0.0004559487570077181, -0.0034068471286445856, -0.0018750037997961044, -0.00035570727777667344, -0.0001061833172570914, -0.005024701356887817, 0.014185482636094093, -0.005837967619299889, 0.0020686457864940166], [8.350432472070679e-05, -0.0004604610148817301, -0.0008085236186161637, 0.00046593474689871073, 0.001963305752724409, 0.0003822613798547536, 0.000609995739068836, -0.000554294849280268, 0.0007958999485708773, 0.0024779445957392454, -0.005837967619299889, 0.01891832798719406, -0.00544741190969944], [-0.0002276325976708904, -0.00014910638856235892, -0.0012313839979469776, 0.00043116326560266316, -0.0007232872303575277, 0.0023072378244251013, -0.0004939247155562043, -0.002630812581628561, -0.0028232920449227095, -0.00011381057993276045, 0.0020686457864940166, -0.00544741190969944, 0.016870981082320213]], "metadata.audio_properties.analysis.downmix": "mix", "metadata.audio_properties.codec": "mp3", "metadata.audio_properties.md5_encoded": "8dccf79dd371524ea5ce029f6c99180a", "metadata.tags.file_name": "1183719453188431943.mp3", "metadata.version.essentia": "2.1-beta6-dev", "metadata.version.essentia_git_sha": "v2.1_beta5-1110-g77a6a954", "metadata.version.extractor": "music 2.0", "tonal.chords_key": "B", "tonal.chords_scale": "major", "tonal.key_edma.key": "A", "tonal.key_edma.scale": "major", "tonal.key_krumhansl.key": "E", "tonal.key_krumhansl.scale": "major", "tonal.key_temperley.key": "E", "tonal.key_temperley.scale": "major", "metadata.tags.encoding": ["Lavf58.45.100"]}, "essentia_models": [{"model_name": "genre_dortmund", "activations": {"alternative": "0.0031241607", "blues": "7.8991055e-05", "electronic": "0.21732397", "folkcountry": "9.810979e-05", "funksoulrnb": "0.0019364614", "jazz": "0.0012179698", "pop": "0.0028893482", "raphiphop": "0.526051", "rock": "0.00071693584"}}, {"model_name": "genre_rosamerica", "activations": {"classic": "0.00097363256", "dance": "0.0011961797", "hip hop": "0.3851398", "jazz": "0.0010525984", "pop": "0.013592881", "rhythm and blues": "0.028794365", "rock": "0.0025349983", "speech": "0.027707981"}}, {"model_name": "genre_tzanetakis", "activations": {"blues": "0.0003132904", "classic": "0.0043512224", "country": "0.00024074664", "disco": "0.0009135225", "hip hop": "0.15518494", "jazz": "0.000559929", "metal": "0.0012415439", "pop": "0.03935482", "reggae": "0.057910923", "rock": "0.012535793"}}, {"model_name": "genre_electronic", "activations": {"ambient": "0.076634124", "dnb": "0.22494476", "house": "0.53381085", "techno": "0.5423766", "trance": "0.013093886"}}, {"model_name": "mood_acoustic", "activations": {"acoustic": "0.048958022", "not acoustic": "0.8705318"}}, {"model_name": "mood_electronic", "activations": {"electronic": "0.6481324", "not electronic": "0.29079112"}}, {"model_name": "mood_aggre