{"song_id": "1183707279736983562", "download": "https://cdn.discordapp.com/attachments/1128313332273782784/1183707279736983562/chirp.mp4?ex=6589504f&amp", "lyrics": "[Verse]\nVous pensez que cette impact est trop petit et que \u00e7a ne vaut pas le coup de s'en occuper? Quand il fait chaud comme aujourd'hui, on met la clim (bip bip bip voooo crak) Et voil\u00e0, l'impact n'a pas support\u00e9 le changement brutal de temp\u00e9rature! \n\n[Chorus]\nBien s\u00fbr, si demain \u00e7a vous arrive, chez Carglass on remplacera votre pare-brise, mais vous risquez de payer une franchise. Alors que si vous appelez Carglass d\u00e8s que vous avez un impact, on vient chez vous.", "style": ["pop</span><span>-punk"], "essentia_features": {"lowlevel.average_loudness": 0.6266745328903198, "lowlevel.barkbands_crest.mean": 13.93057632446289, "lowlevel.barkbands_crest.stdev": 6.066562652587891, "lowlevel.barkbands_flatness_db.mean": 0.20887814462184906, "lowlevel.barkbands_flatness_db.stdev": 0.09813235700130463, "lowlevel.barkbands_kurtosis.mean": 15.198213577270508, "lowlevel.barkbands_kurtosis.stdev": 37.35517120361328, "lowlevel.barkbands_skewness.mean": 2.2141273021698, "lowlevel.barkbands_skewness.stdev": 2.4530282020568848, "lowlevel.barkbands_spread.mean": 20.693836212158203, "lowlevel.barkbands_spread.stdev": 19.325387954711914, "lowlevel.dissonance.mean": 0.44433510303497314, "lowlevel.dissonance.stdev": 0.05911218747496605, "lowlevel.dynamic_complexity": 8.075247764587402, "lowlevel.erbbands_crest.mean": 11.35076904296875, "lowlevel.erbbands_crest.stdev": 6.550543308258057, "lowlevel.erbbands_flatness_db.mean": 0.21692879498004913, "lowlevel.erbbands_flatness_db.stdev": 0.09533195197582245, "lowlevel.erbbands_kurtosis.mean": 2.883913040161133, "lowlevel.erbbands_kurtosis.stdev": 13.946511268615723, "lowlevel.erbbands_skewness.mean": 0.4611336290836334, "lowlevel.erbbands_skewness.stdev": 1.5355240106582642, "lowlevel.erbbands_spread.mean": 35.4382438659668, "lowlevel.erbbands_spread.stdev": 21.419689178466797, "lowlevel.hfc.mean": 13.109336853027344, "lowlevel.hfc.stdev": 19.733585357666016, "lowlevel.loudness_ebu128.integrated": -17.70784568786621, "lowlevel.loudness_ebu128.loudness_range": 14.73583984375, "lowlevel.loudness_ebu128.momentary.mean": -23.521230697631836, "lowlevel.loudness_ebu128.momentary.stdev": 9.837743759155273, "lowlevel.loudness_ebu128.short_term.mean": -21.575824737548828, "lowlevel.loudness_ebu128.short_term.stdev": 5.615931034088135, "lowlevel.melbands_crest.mean": 19.52992820739746, "lowlevel.melbands_crest.stdev": 8.456964492797852, "lowlevel.melbands_flatness_db.mean": 0.2612798511981964, "lowlevel.melbands_flatness_db.stdev": 0.11355680227279663, "lowlevel.melbands_kurtosis.mean": 34.2877197265625, "lowlevel.melbands_kurtosis.stdev": 94.0041732788086, "lowlevel.melbands_skewness.mean": 3.4994027614593506, "lowlevel.melbands_skewness.stdev": 3.4187111854553223, "lowlevel.melbands_spread.mean": 25.208086013793945, "lowlevel.melbands_spread.stdev": 32.756072998046875, "lowlevel.pitch_salience.mean": 0.45587465167045593, "lowlevel.pitch_salience.stdev": 0.17000466585159302, "lowlevel.silence_rate_20dB.mean": 1.0, "lowlevel.silence_rate_20dB.stdev": 0.0, "lowlevel.silence_rate_30dB.mean": 0.9899686574935913, "lowlevel.silence_rate_30dB.stdev": 0.09965336322784424, "lowlevel.silence_rate_60dB.mean": 0.44012540578842163, "lowlevel.silence_rate_60dB.stdev": 0.4964083731174469, "lowlevel.spectral_centroid.mean": 1468.193115234375, "lowlevel.spectral_centroid.stdev": 935.3170166015625, "lowlevel.spectral_complexity.mean": 11.226332664489746, "lowlevel.spectral_complexity.stdev": 12.138212203979492, "lowlevel.spectral_decrease.mean": -4.849630030889784e-09, "lowlevel.spectral_decrease.stdev": 7.291008241594454e-09, "lowlevel.spectral_energy.mean": 0.01949266344308853, "lowlevel.spectral_energy.stdev": 0.02863992378115654, "lowlevel.spectral_energyband_high.mean": 0.0005031649488955736, "lowlevel.spectral_energyband_high.stdev": 0.0012126967776566744, "lowlevel.spectral_energyband_low.mean": 0.010776537470519543, "lowlevel.spectral_energyband_low.stdev": 0.021412240341305733, "lowlevel.spectral_energyband_middle_high.mean": 0.003905989695340395, "lowlevel.spectral_energyband_middle_high.stdev": 0.007664040196686983, "lowlevel.spectral_energyband_middle_low.mean": 0.004580108914524317, "lowlevel.spectral_energyband_middle_low.stdev": 0.009892299771308899, "lowlevel.spectral_entropy.mean": 7.260430335998535, "lowlevel.spectral_entropy.stdev": 0.896794855594635, "lowlevel.spectral_flux.mean": 0.06456358730792999, "lowlevel.spectral_flux.stdev": 0.07085870206356049, "lowlevel.spectral_kurtosis.mean": 9.561185836791992, "lowlevel.spectral_kurtosis.stdev": 19.163564682006836, "lowlevel.spectral_rms.mean": 0.0032437611371278763, "lowlevel.spectral_rms.stdev": 0.0029146606102585793, "lowlevel.spectral_rolloff.mean": 1720.6197509765625, "lowlevel.spectral_rolloff.stdev": 2387.572021484375, "lowlevel.spectral_skewness.mean": 1.735969066619873, "lowlevel.spectral_skewness.stdev": 1.4084103107452393, "lowlevel.spectral_spread.mean": 3928698.5, "lowlevel.spectral_spread.stdev": 2353840.5, "lowlevel.spectral_strongpeak.mean": 0.5374462604522705, "lowlevel.spectral_strongpeak.stdev": 0.9113521575927734, "lowlevel.zerocrossingrate.mean": 0.061664871871471405, "lowlevel.zerocrossingrate.stdev": 0.07469244301319122, "metadata.audio_properties.analysis.equal_loudness": 0.0, "metadata.audio_properties.analysis.length": 36.99199676513672, "metadata.audio_properties.analysis.sample_rate": 44100.0, "metadata.audio_properties.analysis.start_time": 0.0, "metadata.audio_properties.bit_rate": 115308.0, "metadata.audio_properties.length": 36.992000579833984, "metadata.audio_properties.lossless": 0.0, "metadata.audio_properties.number_channels": 1.0, "metadata.audio_properties.replay_gain": -10.691049575805664, "metadata.audio_properties.sample_rate": 48000.0, "rhythm.beats_count": 93.0, "rhythm.beats_loudness.mean": 0.04061293601989746, "rhythm.beats_loudness.stdev": 0.041214268654584885, "rhythm.bpm": 154.51145935058594, "rhythm.bpm_histogram_first_peak_bpm": 157.0, "rhythm.bpm_histogram_first_peak_weight": 0.125, "rhythm.bpm_histogram_second_peak_bpm": 152.0, "rhythm.bpm_histogram_second_peak_spread": 0.027777791023254395, "rhythm.bpm_histogram_second_peak_weight": 0.3804347813129425, "rhythm.danceability": 1.2434779405593872, "rhythm.onset_rate": 4.05267333984375, "tonal.chords_changes_rate": 0.04887218028306961, "tonal.chords_number_rate": 0.006265664007514715, "tonal.chords_strength.mean": 0.5129912495613098, "tonal.chords_strength.stdev": 0.07600672543048859, "tonal.hpcp_crest.mean": 13.567131042480469, "tonal.hpcp_crest.stdev": 6.359340667724609, "tonal.hpcp_entropy.mean": 1.9941872358322144, "tonal.hpcp_entropy.stdev": 0.7842207551002502, "tonal.key_edma.strength": 0.6380413174629211, "tonal.key_krumhansl.strength": 0.6493259072303772, "tonal.key_temperley.strength": 0.6631110310554504, "tonal.tuning_diatonic_strength": 0.5517730116844177, "tonal.tuning_equal_tempered_deviation": 0.21275591850280762, "tonal.tuning_frequency": 434.193115234375, "tonal.tuning_nontempered_energy_ratio": 0.963324785232544, "lowlevel.barkbands.mean": [0.0013300644932314754, 0.008243979886174202, 0.000992023036815226, 0.0005764164961874485, 0.001088897231966257, 0.0010020425543189049, 0.0005251328111626208, 0.0005295509472489357, 0.0007235714001581073, 0.00044255523243919015, 0.0005201563471928239, 0.00028040114557370543, 0.0005488698952831328, 0.0004541323578450829, 0.0002937678655143827, 0.00031101302010938525, 0.00035710178781300783, 0.00037941685877740383, 0.00033170232200063765, 9.851496724877506e-05, 9.301858517574146e-05, 0.00012110936222597957, 8.356133912457153e-05, 8.771553984843194e-05, 5.554694143938832e-05, 2.1814626961713657e-05, 6.018838121235603e-07], "lowlevel.barkbands.stdev": [0.003001198638230562, 0.017187004908919334, 0.004060652572661638, 0.0021563328336924314, 0.004936322569847107, 0.0028180412482470274, 0.002261679619550705, 0.002164257690310478, 0.002286638133227825, 0.0014384587993845344, 0.0018379478715360165, 0.0008011831669136882, 0.0019977896008640528, 0.0014894756022840738, 0.0011680719908326864, 0.001065468997694552, 0.0008969449554570019, 0.001052846317179501, 0.0008608284406363964, 0.00019649126625154167, 0.0002593595127109438, 0.00044059360516257584, 0.00019111974688712507, 0.00032242684392258525, 0.0001978337240871042, 7.951749284984544e-05, 3.424528813411598e-06], "lowlevel.erbbands.mean": [0.4096558094024658, 1.133259892463684, 1.3577587604522705, 1.5749900341033936, 3.1398704051971436, 3.505413293838501, 4.171535491943359, 9.454846382141113, 8.453104972839355, 8.376357078552246, 12.66048526763916, 15.895713806152344, 16.485219955444336, 18.51382064819336, 17.491928100585938, 12.133559226989746, 23.59483528137207, 25.245412826538086, 19.945858001708984, 13.838309288024902, 17.76506233215332, 21.511173248291016, 22.76921844482422, 15.423392295837402, 14.75574016571045, 4.785497665405273, 3.724151611328125, 3.8098042011260986, 4.4183735847473145, 3.2376935482025146, 2.299250364303589, 1.8631821870803833, 1.4574366807937622, 0.7839999794960022, 0.2986174523830414, 0.11683481931686401, 0.037510793656110764, 0.004540186375379562, 0.00011138700938317925, 2.735849193413742e-05], "lowlevel.erbbands.stdev": [0.8859012722969055, 2.8422369956970215, 4.921945571899414, 6.259704113006592, 15.586804389953613, 14.469221115112305, 12.11867618560791, 28.3147029876709, 29.017475128173828, 34.33038330078125, 49.81119155883789, 52.80927658081055, 51.78704833984375, 58.43661117553711, 61.12495040893555, 33.90555953979492, 87.2046127319336, 77.82527160644531, 78.8492431640625, 40.416988372802734, 57.25379180908203, 52.48759078979492, 61.52682113647461, 37.668209075927734, 38.37370300292969, 9.564931869506836, 8.855825424194336, 12.524262428283691, 16.807106018066406, 9.40648078918457, 5.314640998840332, 6.240912437438965, 5.7131829261779785, 2.956151247024536, 1.0149664878845215, 0.4134959280490875, 0.1478004902601242, 0.018863189965486526, 0.00041282735764980316, 3.7393161619547755e-05], "lowlevel.gfcc.mean": [-152.48114013671875, 105.28604125976562, -134.56704711914062, 29.641408920288086, -53.98838806152344, -1.9963881969451904, -37.59280776977539, 4.108312606811523, -16.71373748779297, -3.5752623081207275, -3.530289649963379, 0.8338424563407898, -0.06946901977062225], "lowlevel.melbands.mean": [0.0028438791632652283, 0.0009236166952177882, 0.00031932577257975936, 0.00024451385252177715, 0.00014374576858244836, 0.00020776207384187728, 0.00012813320790883154, 9.719248191686347e-05, 9.742024849401787e-05, 0.00010678993567125872, 8.083014836302027e-05, 7.203656423371285e-05, 6.679223588434979e-05, 3.349242251715623e-05, 3.5340071917744353e-05, 5.948918260401115e-05, 4.4544522097567096e-05, 3.357271634740755e-05, 2.0437759303604253e-05, 1.958854409167543e-05, 1.98129619093379e-05, 1.96752243937226e-05, 2.717189818213228e-05, 1.4951986486266833e-05, 1.1913829439436086e-05, 1.3517837942345068e-05, 6.0452971410995815e-06, 2.472623236826621e-06, 2.2349761366058374e-06, 2.1985999865137273e-06, 2.2579392862098757e-06, 2.597694901851355e-06, 2.2452297798736254e-06, 1.600552877789596e-06, 1.3471001238940516e-06, 1.1589346513574128e-06, 1.1575539247132838e-06, 1.100429017242277e-06, 8.004410005924001e-07, 6.144731514723389e-07], "lowlevel.melbands.stdev": [0.005947101395577192, 0.002733431523665786, 0.0011717729503288865, 0.0012506801867857575, 0.00035798290628008544, 0.0006073963013477623, 0.00044256143155507743, 0.0003681013477034867, 0.00036939955316483974, 0.00036343251122161746, 0.00025902243214659393, 0.00022838595032226294, 0.00024226638197433203, 9.683820098871365e-05, 0.00011373937013559043, 0.00022199687373358756, 0.0001431083510397002, 0.0001438327453797683, 8.629541116533801e-05, 6.929558730917051e-05, 6.386453605955467e-05, 4.889894262305461e-05, 6.98585863574408e-05, 4.364667984191328e-05, 3.0165590942488052e-05, 4.0072965930448845e-05, 1.3294639757077675e-05, 5.825123025715584e-06, 5.380401034926763e-06, 5.97847929384443e-06, 8.230939783970825e-06, 1.0683402251743246e-05, 7.933871529530734e-06, 4.141829322179547e-06, 3.039920102310134e-06, 3.3256599181186175e-06, 4.267573331162566e-06, 4.422171059559332e-06, 3.1409199436893687e-06, 2.3292411697184434e-06], "lowlevel.melbands128.mean": [0.0012524592457339168, 0.004063135478645563, 0.0029602819122374058, 0.0015887862537056208, 0.0008227608632296324, 0.0004338132857810706, 0.00030304447864182293, 0.00028828807990066707, 0.00034486400545574725, 0.0002525440650060773, 0.00018774575437419116, 0.0001344301999779418, 0.00013752271479461342, 0.00014295305300038308, 0.00020482964464463294, 0.00027466690517030656, 0.00016246200539171696, 8.789885032456368e-05, 0.00010160002420889214, 8.536436507711187e-05, 9.327044972451404e-05, 0.00013915100134909153, 9.256377234123647e-05, 6.402615690603852e-05, 9.340188262285665e-05, 0.0001339047885267064, 0.00011727372475434095, 6.720698002027348e-05, 5.927507663727738e-05, 6.029013093211688e-05, 8.245523349614814e-05, 8.458470256300643e-05, 7.575943891424686e-05, 4.5356646296568215e-05, 3.517471122904681e-05, 3.1196072086459026e-05, 2.793476051010657e-05, 2.9466591513482854e-05, 4.129822627874091e-05, 5.9334695833968e-05, 6.560629117302597e-05, 6.021735680405982e-05, 4.3706459109671414e-05, 3.750961332116276e-05, 3.5532644687918946e-05, 3.583429133868776e-05, 2.6666790290619247e-05, 2.2945052478462458e-05, 1.574006091686897e-05, 1.5878064004937187e-05, 1.8906506738858297e-05, 2.439597483316902e-05, 2.5237035515601747e-05, 1.4747526620340068e-05, 1.4637208550993819e-05, 1.834438444348052e-05, 2.553315061959438e-05, 2.957769356726203e-05, 2.8654241759795696e-05, 2.1265361283440143e-05, 1.2974667697562836e-05, 1.140415042755194e-05, 1.1493470992718358e-05, 1.1637421266641468e-05, 1.3145117009116802e-05, 1.56554851855617e-05, 1.2963397239218466e-05, 7.913932677183766e-06, 4.375696789793437e-06, 3.3816390896390658e-06, 2.341224899282679e-06, 2.0194654553051805e-06, 2.231801545349299e-06, 2.2347264803102007e-06, 2.3313166366278892e-06, 2.37790936807869e-06, 2.061365648842184e-06, 1.8318216916668462e-06, 2.409600938335643e-06, 2.466400246703415e-06, 2.795910631903098e-06, 2.5621541226428235e-06, 2.3024622350931168e-06, 2.3848479031585157e-06, 2.072667939501116e-06, 1.6364753037123592e-06, 1.4383526831807103e-06, 1.466774506297952e-06, 1.3989771332489909e-06, 1.2034274732286576e-06, 1.221608840751287e-06, 1.1754227671190165e-06, 9.936927654052852e-07, 1.1446475127740996e-06, 1.2439323882063036e-06, 1.2557297850435134e-06, 1.029101554195222e-06, 9.915818282024702e-07, 7.257731908794085e-07, 7.865695010877971e-07, 7.155234698075219e-07, 5.764409252151381e-07, 5.155158646630298e-07, 3.712634963903838e-07, 3.239678676436597e-07, 2.5589454821783875e-07, 2.5374527012900217e-07, 2.2294497625807708e-07, 2.0116728194352618e-07, 1.7230304649729078e-07, 1.516785346211691e-07, 1.3322684822014708e-07, 1.2917531932998827e-07, 9.36835533593694e-08, 6.557682752372784e-08, 4.918427976008388e-08, 2.2247430564448223e-08, 3.606719367610367e-09, 2.9083502273152817e-10, 1.3429706131884434e-11, 2.633092095055689e-12, 2.2659526165147437e-12, 2.203030726594113e-12, 2.158893723513966e-12, 2.086806422108012e-12, 1.9891605723687533e-12, 1.933465540449042e-12, 1.9168540452835225e-12], "lowlevel.melbands128.stdev": [0.0028639810625463724, 0.009057050570845604, 0.006688955705612898, 0.004598325118422508, 0.0029735853895545006, 0.0018420753767713904, 0.0013504292583093047, 0.001027157879434526, 0.001804930274374783, 0.0018471621442586184, 0.0006974968709982932, 0.0002869213349185884, 0.0005119227571412921, 0.0005253311828710139, 0.0006697367643937469, 0.0010443574283272028, 0.0007202575798146427, 0.0004156900104135275, 0.0007387973600998521, 0.0004192317137494683, 0.0004637269303202629, 0.0007004051003605127, 0.000448217848315835, 0.0002508363395463675, 0.0003850599459838122, 0.0006107145454734564, 0.0004360007878858596, 0.0002947902830783278, 0.0002649231755640358, 0.00022230061586014926, 0.00035332117113284767, 0.00034770587808452547, 0.0003548314271029085, 0.00019121688092127442, 0.00012830297055188566, 0.00010800716700032353, 0.00011043184349546209, 0.00010196096991421655, 0.00018312543397769332, 0.00033703012741170824, 0.0003067246580030769, 0.00025712556089274585, 0.00017697173461783677, 0.00015399785479530692, 0.00015698296192567796, 0.0002260003675473854, 0.0001811597467167303, 0.00015148681995924562, 6.543900963151827e-05, 5.374668398872018e-05, 9.5955932920333e-05, 0.00011057867959607393, 0.00011801473738159984, 4.1489198338240385e-05, 3.8438738556578755e-05, 4.6607445256086066e-05, 9.41003454499878e-05, 8.675129356561229e-05, 8.751457062317058e-05, 8.959813567344099e-05, 4.137987707508728e-05, 4.1572646296117455e-05, 3.2338997698388994e-05, 3.185775494785048e-05, 4.1496215999359265e-05, 5.965937816654332e-05, 3.982615817221813e-05, 2.14491956285201e-05, 9.29898760659853e-06, 7.588226708321599e-06, 7.110957085387781e-06, 5.383619736676337e-06, 5.686794338544132e-06, 6.093423962738598e-06, 6.341364496620372e-06, 6.796245088480646e-06, 6.848420071037253e-06, 5.622386197501328e-06, 1.0038730579253752e-05, 1.0386579560872633e-05, 1.2564230019052047e-05, 1.1178914064657874e-05, 8.214839908760041e-06, 9.152653547062073e-06, 7.961133633216377e-06, 4.899801297142403e-06, 3.5091525205643848e-06, 3.483527734715608e-06, 3.4160041195718804e-06, 3.1905044579616515e-06, 3.7467161746462807e-06, 3.5925702377426205e-06, 3.460015477685374e-06, 4.7276917030103505e-06, 4.829404588235775e-06, 5.19151672051521e-06, 4.528085810306948e-06, 4.232448191032745e-06, 2.858349262169213e-06, 3.422133204367128e-06, 2.825633373504388e-06, 2.287226607222692e-06, 2.2234585230762605e-06, 1.3427774092633626e-06, 1.2106075928386417e-06, 8.971625220510759e-07, 9.331952810498478e-07, 8.162124345290067e-07, 7.801342007951462e-07, 7.201036851256504e-07, 5.995001970404701e-07, 5.987646432004112e-07, 5.705969101654773e-07, 4.168933003256825e-07, 2.880290708162647e-07, 2.25770904194178e-07, 1.2176849395473255e-07, 2.913508367896611e-08, 5.450842444076898e-09, 4.149650900675539e-10, 1.0035477657210912e-11, 5.239243934529458e-12, 5.098865774044725e-12, 5.008253794319684e-12, 4.931926828738442e-12, 4.869775156041145e-12, 4.825422613569108e-12, 4.798004441669557e-12], "lowlevel.mfcc.mean": [-777.9873657226562, 121.70687866210938, -11.737176895141602, 23.728164672851562, 6.294340133666992, -5.468055725097656, -4.8056745529174805, 1.514896273612976, -7.847832679748535, 0.39632079005241394, -4.13518762588501, -4.223072052001953, 0.37671974301338196], "lowlevel.spectral_contrast_coeffs.mean": [-0.7102320790290833, -0.7353601455688477, -0.775508463382721, -0.8015739917755127, -0.789553165435791, -0.7708284854888916], "lowlevel.spectral_contrast_coeffs.stdev": [0.1012846902012825, 0.10177505761384964, 0.07038140296936035, 0.061608992516994476, 0.06292199343442917, 0.05872475355863571], "lowlevel.spectral_contrast_valleys.mean": [-8.420177459716797, -8.305436134338379, -8.685685157775879, -8.803590774536133, -8.839003562927246, -12.103338241577148], "lowlevel.spectral_contrast_valleys.stdev": [2.0674147605895996, 1.8276015520095825, 1.883982539176941, 1.9212238788604736, 2.0470311641693115, 2.5147459506988525], "rhythm.beats_loudness_band_ratio.mean": [0.4264548420906067, 0.27152565121650696, 0.14754019677639008, 0.09568813443183899, 0.07397700101137161, 0.03498877212405205], "rhythm.beats_loudness_band_ratio.stdev": [0.38264018297195435, 0.30523645877838135, 0.18447594344615936, 0.17505671083927155, 0.08434517681598663, 0.050379928201436996], "tonal.hpcp.mean": [0.06611649692058563, 0.05627887323498726, 0.041352130472660065, 0.04166463389992714, 0.04415501654148102, 0.0490422397851944, 0.2122267186641693, 0.2542850971221924, 0.09931106120347977, 0.05216469615697861, 0.048624929040670395, 0.04747912287712097, 0.0636310949921608, 0.07892302423715591, 0.06998208165168762, 0.06174980849027634, 0.06293752044439316, 0.0663403645157814, 0.07773518562316895, 0.07645037770271301, 0.06797570735216141, 0.08281204849481583, 0.10111566632986069, 0.1273508369922638, 0.15667517483234406, 0.15243805944919586, 0.15221579372882843, 0.36083826422691345, 0.3925274610519409, 0.15993763506412506, 0.12676160037517548, 0.12681733071804047, 0.07610325515270233, 0.06494156271219254, 0.0628543347120285, 0.06278690695762634], "tonal.hpcp.stdev": [0.15962333977222443, 0.16855984926223755, 0.12910185754299164, 0.12127799540758133, 0.13206671178340912, 0.13731877505779266, 0.2915560007095337, 0.34159910678863525, 0.17575041949748993, 0.15166126191616058, 0.15082842111587524, 0.13941890001296997, 0.1454138159751892, 0.16282111406326294, 0.16165542602539062, 0.15629781782627106, 0.15659373998641968, 0.18133121728897095, 0.18639539182186127, 0.19294580817222595, 0.1569746732711792, 0.19425459206104279, 0.21377292275428772, 0.2539312243461609, 0.2889573872089386, 0.2872459292411804, 0.2629200220108032, 0.371341347694397, 0.3953498899936676, 0.24117010831832886, 0.24214336276054382, 0.26126715540885925, 0.16600161790847778, 0.15994280576705933, 0.15249209105968475, 0.15821808576583862], "rhythm.beats_position": [0.4643990993499756, 0.9404081702232361, 1.4164172410964966, 1.8924262523651123, 2.356825351715088, 2.8212244510650635, 3.285623550415039, 3.7616326808929443, 4.23764181137085, 4.643990993499756, 5.038730144500732, 5.421859264373779, 5.804988384246826, 6.199728012084961, 6.582857131958008, 6.965986251831055, 7.349115371704102, 7.732244968414307, 8.115373611450195, 8.498503684997559, 8.893242835998535, 9.276371955871582, 9.671111106872559, 10.065850257873535, 10.448979377746582, 10.843718528747559, 11.238457679748535, 11.621586799621582, 12.004715919494629, 12.387845993041992, 12.782585144042969, 13.165714263916016, 13.560453414916992, 13.93197250366211, 14.326711654663086, 14.709840774536133, 15.10457992553711, 15.487709045410156, 15.85922908782959, 16.25396728515625, 16.637096405029297, 17.031835556030273, 17.42657470703125, 17.80970573425293, 18.192834854125977, 18.564353942871094, 18.93587303161621, 19.319002151489258, 19.713741302490234, 20.10848045349121, 20.503219604492188, 20.886348724365234, 21.28108787536621, 21.664216995239258, 22.058956146240234, 22.45369529724121, 22.836824417114258, 23.219953536987305, 23.61469268798828, 24.009431838989258, 24.392560958862305, 24.775691986083984, 25.17043113708496, 25.553560256958008, 25.936689376831055, 26.33142852783203, 26.70294761657715, 27.097686767578125, 27.4924259185791, 27.87555503845215, 28.258684158325195, 28.653423309326172, 29.02494239807129, 29.419681549072266, 29.814420700073242, 30.19754981994629, 30.580678939819336, 30.975418090820312, 31.358549118041992, 31.74167823791504, 32.12480545043945, 32.5079345703125, 32.89106369018555, 33.274192810058594, 33.6689338684082, 34.06367111206055, 34.446800231933594, 34.829933166503906, 35.21306228637695, 35.59619140625, 35.990928649902344, 36.38566970825195, 36.7804069519043], "rhythm.bpm_histogram": [0.0, 0.0, 0.0, 0.0, 0.0, 0.0, 0.0, 0.0, 0.0, 0.0, 0.0, 0.0, 0.0, 0.0, 0.0, 0.0, 0.0, 0.0, 0.0, 0.0, 0.0, 0.0, 0.0, 0.0, 0.0, 0.0, 0.0, 0.0, 0.0, 0.0, 0.0, 0.0, 0.0, 0.0, 0.0, 0.0, 0.0, 0.0, 0.0, 0.0, 0.0, 0.0, 0.0, 0.0, 0.0, 0.0, 0.0, 0.0, 0.0, 0.0, 0.0, 0.0, 0.0, 0.0, 0.0, 0.0, 0.0, 0.0, 0.0, 0.0, 0.0, 0.0, 0.0, 0.0, 0.0, 0.0, 0.0, 0.0, 0.0, 0.0, 0.0, 0.0, 0.0, 0.0, 0.0, 0.0, 0.0, 0.0, 0.0, 0.0, 0.0, 0.0, 0.0, 0.0, 0.0, 0.0, 0.0, 0.0, 0.0, 0.0, 0.0, 0.0, 0.0, 0.0, 0.0, 0.0, 0.0, 0.0, 0.0, 0.0, 0.0, 0.0, 0.0, 0.0, 0.0, 0.0, 0.0, 0.0, 0.0, 0.0, 0.0, 0.0, 0.0, 0.0, 0.0, 0.0, 0.0, 0.0, 0.0, 0.0, 0.0, 0.0, 0.0, 0.0, 0.0, 0.0, 0.054347824305295944, 0.0, 0.0, 0.032608695328235626, 0.0, 0.0, 0.0, 0.0, 0.0, 0.0, 0.0, 0.0, 0.0, 0.0, 0.0, 0.0, 0.0, 0.0, 0.0, 0.0, 0.0, 0.0, 0.010869565419852734, 0.0, 0.0, 0.0, 0.3804347813129425, 0.0, 0.0, 0.0, 0.0, 0.45652174949645996, 0.0, 0.0, 0.0, 0.06521739065647125, 0.0, 0.0, 0.0, 0.0, 0.0, 0.0, 0.0, 0.0, 0.0, 0.0, 0.0, 0.0, 0.0, 0.0, 0.0, 0.0, 0.0, 0.0, 0.0, 0.0, 0.0, 0.0, 0.0, 0.0, 0.0, 0.0, 0.0, 0.0, 0.0, 0.0, 0.0, 0.0, 0.0, 0.0, 0.0, 0.0, 0.0, 0.0, 0.0, 0.0, 0.0, 0.0, 0.0, 0.0, 0.0, 0.0, 0.0, 0.0, 0.0, 0.0, 0.0, 0.0, 0.0, 0.0, 0.0, 0.0, 0.0, 0.0, 0.0, 0.0, 0.0, 0.0, 0.0, 0.0, 0.0, 0.0, 0.0, 0.0, 0.0, 0.0, 0.0, 0.0, 0.0, 0.0, 0.0, 0.0, 0.0, 0.0, 0.0, 0.0, 0.0, 0.0, 0.0, 0.0, 0.0, 0.0, 0.0, 0.0], "tonal.chords_histogram": [31.829574584960938, 0.0, 8.771929740905762, 0.0, 0.0, 0.0, 0.0, 40.601505279541016, 0.0, 15.288220405578613, 0.0, 3.5087718963623047, 0.0, 0.0, 0.0, 0.0, 0.0, 0.0, 0.0, 0.0, 0.0, 0.0, 0.0, 0.0], "tonal.thpcp": [1.0, 0.4074559211730957, 0.32293689250946045, 0.32307887077331543, 0.1938800811767578, 0.16544464230537415, 0.16012722253799438, 0.1599554568529129, 0.1684378832578659, 0.14337563514709473, 0.1053483784198761, 0.1061445102095604, 0.11248898506164551, 0.12493964284658432, 0.5406671762466431, 0.6478148102760315, 0.2530041038990021, 0.1328943818807602, 0.12387650460004807, 0.12095745652914047, 0.16210609674453735, 0.20106370747089386, 0.17828582227230072, 0.15731334686279297, 0.1603391468524933, 0.16900821030139923, 0.19803757965564728, 0.1947644054889679, 0.1731743961572647, 0.21097135543823242, 0.2576014995574951, 0.32443803548812866, 0.3991445004940033, 0.3883500397205353, 0.38778379559516907, 0.9192688465118408], "lowlevel.gfcc.cov": [[36676.78125, -4359.46044921875, 289.9449768066406, 3637.35009765625, -58.64743423461914, 3776.2265625, 401.3243713378906, 2638.58837890625, -57.81803894042969, 527.5853271484375, -655.3583984375, 215.0270538330078, -1290.604248046875], [-4359.46044921875, 4239.1669921875, -1238.9935302734375, -759.0428466796875, 735.997314453125, -1412.59912109375, 400.37017822265625, -654.2976684570312, 421.1029357910156, -403.097900390625, 522.95556640625, -279.0295104980469, 424.0382995605469], [289.9449768066406, -1238.9935302734375, 1957.4271240234375, 451.613037109375, -71.91572570800781, 808.8841552734375, -164.74581909179688, 228.76698303222656, -108.500732421875, 313.47454833984375, -173.44320678710938, 282.22216796875, -82.74342346191406], [3637.35009765625, -759.0428466796875, 451.613037109375, 1062.963134765625, 146.5864715576172, 537.5760498046875, 105.87748718261719, 366.17425537109375, 83.1987075805664, 63.84420394897461, -127.81523132324219, 37.80103302001953, -83.96461486816406], [-58.64743423461914, 735.997314453125, -71.91572570800781, 146.5864715576172, 703.6211547851562, 14.429644584655762, 280.04583740234375, 86.78331756591797, 142.78871154785156, 6.033844470977783, 118.29896545410156, 15.512655258178711, 42.106266021728516], [3776.2265625, -1412.59912109375, 808.8841552734375, 537.5760498046875, 14.429644584655762, 1232.0936279296875, 150.0854034423828, 505.6565246582031, -96.81916809082031, 235.5484619140625, -125.2878646850586, 156.2405548095703, -199.81285095214844], [401.3243713378906, 400.37017822265625, -164.74581909179688, 105.87748718261719, 280.04583740234375, 150.0854034423828, 491.0141906738281, 158.5570068359375, 94.14045715332031, -12.704066276550293, 90.32661437988281, -16.145305633544922, 19.30252456665039], [2638.58837890625, -654.2976684570312, 228.76698303222656, 366.17425537109375, 86.78331756591797, 505.6565246582031, 158.5570068359375, 504.319091796875, 59.56532669067383, 131.55593872070312, -28.2260799407959, 50.854129791259766, -133.68426513671875], [-57.81803894042969, 421.1029357910156, -108.500732421875, 83.1987075805664, 142.78871154785156, -96.81916809082031, 94.14045715332031, 59.56532669067383, 335.6014404296875, 76.72325134277344, 116.70953369140625, -37.9199104309082, 54.21708297729492], [527.5853271484375, -403.097900390625, 313.47454833984375, 63.84420394897461, 6.033844470977783, 235.5484619140625, -12.704066276550293, 131.55593872070312, 76.72325134277344, 269.9906005859375, 37.237552642822266, 71.00586700439453, -56.60185241699219], [-655.3583984375, 522.95556640625, -173.44320678710938, -127.81523132324219, 118.29896545410156, -125.2878646850586, 90.32661437988281, -28.2260799407959, 116.70953369140625, 37.237552642822266, 248.1292724609375, 8.257848739624023, 59.13067626953125], [215.0270538330078, -279.0295104980469, 282.22216796875, 37.80103302001953, 15.512655258178711, 156.2405548095703, -16.145305633544922, 50.854129791259766, -37.9199104309082, 71.00586700439453, 8.257848739624023, 203.09576416015625, 1.7831209897994995], [-1290.604248046875, 424.0382995605469, -82.74342346191406, -83.96461486816406, 42.106266021728516, -199.81285095214844, 19.30252456665039, -133.68426513671875, 54.21708297729492, -56.60185241699219, 59.13067626953125, 1.7831209897994995, 187.87205505371094]], "lowlevel.gfcc.icov": [[0.00010535882756812498, -0.00018279488722328097, 0.00022618101502303034, -0.00031739697442390025, 0.00017651266534812748, -0.0002928946923930198, 0.00020276018767617643, -0.00029575006919912994, 0.00011893179907929152, -0.00018651543359737843, 0.00021378918609116226, -0.00024030549684539437, 0.00035624176962301135], [-0.00018279488722328097, 0.0014016396598890424, -0.0005703057395294309, 0.0008986688917502761, -0.0010781140299513936, 0.001027913298457861, -0.0008773385779932141, 0.0011214587138965726, -0.0009441400179639459, 0.0014473532792180777, -0.0014922283589839935, 0.0010715611279010773, -0.0008778228075243533], [0.00022618101502303034, -0.0005703057395294309, 0.0015493028331547976, -0.000957840180490166, 0.0004327406932134181, -0.0012086917413398623, 0.0008735573501326144, -0.00045488064642995596, 0.0005091698840260506, -0.0014164558378979564, 0.00113018904812634, -0.0013765367912128568, 0.00038298440631479025], [-0.00031739697442390025, 0.0008986688917502761, -0.000957840180490166, 0.002691128524020314, -0.001072357059456408, 0.000626704131718725, -0.0006362941348925233, 0.00035096172359772027, -0.0013541614171117544, 0.0015840106643736362, -0.00025052239652723074, 0.001076861983165145, -0.0012692292220890522], [0.00017651266534812748, -0.0010781140299513936, 0.0004327406932134181, -0.001072357059456408, 0.002896403893828392, -0.0006587142124772072, -0.00033313690801151097, -0.000882335938513279, 0.0003499408485367894, -0.0009673953172750771, 0.0006171826389618218, -0.001218767138198018, 0.0008387906709685922], [-0.0002928946923930198, 0.001027913298457861, -0.0012086917413398623, 0.000626704131718725, -0.0006587142124772072, 0.0034114057198166847, -0.0015829658368602395, -0.00019193219486624002, 0.0003029299550689757, 0.00017534338985569775, -0.0009362252312712371, 0.0006714086048305035, -0.0005287494859658182], [0.00020276018767617643, -0.0008773385779932141, 0.0008735573501326144, -0.0006362941348925233, -0.00033313690801151097, -0.0015829658368602395, 0.00413105171173811, -0.0017317063175141811, 0.00032713916152715683, -0.0001582926488481462, 0.00020850831060670316, -0.00040236307540908456, 3.959610239689937e-06], [-0.00029575006919912994, 0.0011214587138965726, -0.00045488064642995596, 0.00035096172359772027, -0.000882335938513279, -0.00019193219486624002, -0.0017317063175141811, 0.0060012126341462135, -0.0017839956562966108, 0.0005950596532784402, -0.0011207869974896312, 0.0004920992068946362, 0.0008776586619205773], [0.00011893179907929152, -0.0009441400179639459, 0.0005091698840260506, -0.0013541614171117544, 0.0003499408485367894, 0.0003029299550689757, 0.00032713916152715683, -0.0017839956562966108, 0.006030657794326544, -0.0033553096000105143, -0.0004657191166188568, 0.0006620605709031224, -0.0011032059555873275], [-0.00018651543359737843, 0.0014473532792180777, -0.0014164558378979564, 0.0015840106643736362, -0.0009673953172750771, 0.00017534338985569775, -0.0001582926488481462, 0.0005950596532784402, -0.0033553096000105143, 0.00858109351247549, -0.0029616423416882753, 0.0001231350761372596, 0.0008636070997454226], [0.00021378918609116226, -0.0014922283589839935, 0.00113018904812634, -0.00025052239652723074, 0.0006171826389618218, -0.0009362252312712371, 0.00020850831060670316, -0.0011207869974896312, -0.0004657191166188568, -0.0029616423416882753, 0.008177398703992367, -0.0022137132473289967, -4.1122661059489474e-05], [-0.00024030549684539437, 0.0010715611279010773, -0.0013765367912128568, 0.001076861983165145, -0.001218767138198018, 0.0006714086048305035, -0.00040236307540908456, 0.0004920992068946362, 0.0006620605709031224, 0.0001231350761372596, -0.0022137132473289967, 0.007975379005074501, -0.002348539652302861], [0.00035624176962301135, -0.0008778228075243533, 0.00038298440631479025, -0.0012692292220890522, 0.0008387906709685922, -0.0005287494859658182, 3.959610239689937e-06, 0.0008776586619205773, -0.0011032059555873275, 0.0008636070997454226, -4.1122661059489474e-05, -0.002348539652302861, 0.009840281680226326]], "lowlevel.mfcc.cov": [[28218.240234375, -2504.969970703125, -138.7637176513672, 826.4466552734375, 710.5008544921875, 1440.7879638671875, 1148.6461181640625, 2141.039794921875, 909.934814453125, 1131.74072265625, 1373.7117919921875, 651.5706787109375, -238.89744567871094], [-2504.969970703125, 2967.6181640625, -1028.6336669921875, 192.5739288330078, 45.04903793334961, -442.3795166015625, -17.417387008666992, -184.43887329101562, -89.43721771240234, -94.42984771728516, -188.15281677246094, 83.53258514404297, 188.47061157226562], [-138.7637176513672, -1028.6336669921875, 1512.9888916015625, 19.130508422851562, 95.89161682128906, 397.5155944824219, -3.94014048576355, 44.22754669189453, 51.054256439208984, 14.9494047164917, 30.68981170654297, -102.39927673339844, 2.8595974445343018], [826.4466552734375, 192.5739288330078, 19.130508422851562, 614.6076049804688, 194.06552124023438, 61.48950958251953, -14.730717658996582, 94.35650634765625, 132.21212768554688, 94.84423065185547, 33.06380081176758, 31.812828063964844, 8.852923393249512], [710.5008544921875, 45.04903793334961, 95.89161682128906, 194.06552124023438, 417.4118957519531, 153.17385864257812, 58.7894172668457, 131.34201049804688, 90.02206420898438, 89.64226531982422, 59.37600326538086, 47.46186065673828, 49.47956085205078], [1440.7879638671875, -442.3795166015625, 397.5155944824219, 61.48950958251953, 153.17385864257812, 501.3173522949219, 229.12371826171875, 203.2672576904297, 147.92666625976562, 85.7470474243164, 147.8851776123047, 63.5860595703125, -42.453643798828125], [1148.6461181640625, -17.417387008666992, -3.94014048576355, -14.730717658996582, 58.7894172668457, 229.12371826171875, 439.4233703613281, 279.1394958496094, 120.34452819824219, 83.904296875, 113.87390899658203, 106.64485168457031, -9.395166397094727], [2141.039794921875, -184.43887329101562, 44.22754669189453, 94.35650634765625, 131.34201049804688, 203.2672576904297, 279.1394958496094, 437.04345703125, 157.6167755126953, 135.44815063476562, 147.34507751464844, 78.26497650146484, -1.0098767280578613], [909.934814453125, -89.43721771240234, 51.054256439208984, 132.21212768554688, 90.02206420898438, 147.92666625976562, 120.34452819824219, 157.6167755126953, 262.5120849609375, 123.9298324584961, 85.07219696044922, 65.4798583984375, 10.099538803100586], [1131.74072265625, -94.42984771728516, 14.9494047164917, 94.84423065185547, 89.64226531982422, 85.7470474243164, 83.904296875, 135.44815063476562, 123.9298324584961, 267.4702453613281, 172.07591247558594, 55.5840950012207, 13.372955322265625], [1373.7117919921875, -188.15281677246094, 30.68981170654297, 33.06380081176758, 59.37600326538086, 147.8851776123047, 113.87390899658203, 147.34507751464844, 85.07219696044922, 172.07591247558594, 257.3602600097656, 120.14646911621094, 14.906990051269531], [651.5706787109375, 83.53258514404297, -102.39927673339844, 31.812828063964844, 47.46186065673828, 63.5860595703125, 106.64485168457031, 78.26497650146484, 65.4798583984375, 55.5840950012207, 120.14646911621094, 216.6773223876953, 89.34506225585938], [-238.89744567871094, 188.47061157226562, 2.8595974445343018, 8.852923393249512, 49.47956085205078, -42.453643798828125, -9.395166397094727, -1.0098767280578613, 10.099538803100586, 13.372955322265625, 14.906990051269531, 89.34506225585938, 186.0461883544922]], "lowlevel.mfcc.icov": [[7.476784230675548e-05, 4.570804594550282e-05, 6.958046287763864e-05, -5.279037213767879e-05, 1.68861988640856e-05, -0.00010022311471402645, 0.00010239409311907366, -0.00030701118521392345, 4.383459236123599e-05, -6.436670810217038e-05, -0.00012399211118463427, -7.465232920367271e-05, 7.532235758844763e-05], [4.570804594550282e-05, 0.0006046375492587686, 0.0003832373477052897, -0.00029182873549871147, -0.00012894775136373937, 0.00013081695942673832, -0.0003447482595220208, 0.00014018913498148322, 0.00012282135139685124, -3.3853550121420994e-05, 0.00021216459572315216, 3.799839396378957e-05, -0.0005378133500926197], [6.958046287763864e-05, 0.0003832373477052897, 0.0013101996155455709, -0.00019672192865982652, 6.363004649756476e-05, -0.001219276338815689, 0.00023160393175203353, -9.08553774934262e-05, 0.0001726763730403036, -4.948649802827276e-05, 1.011526819638675e-05, 0.0009429029887542129, -0.0010530452709645033], [-5.279037213767879e-05, -0.00029182873549871147, -0.00019672192865982652, 0.002336431760340929, -0.000780734233558178, 6.055704579921439e-05, 0.0007616716320626438, -0.000265924958512187, -0.0008938208338804543, -0.00039522055885754526, 0.00048447161680087447, -0.00044780079042539, 0.0006313265766948462], [1.68861988640856e-05, -0.00012894775136373937, 6.363004649756476e-05, -0.000780734233558178, 0.0035589758772403, -0.0013383415061980486, 0.0005891235778108239, -0.0008510314510203898, 0.000291775562800467, -0.0008340844651684165, 0.00060846540145576, -9.104469427256845e-06, -0.0010385666973888874], [-0.00010022311471402645, 0.00013081695942673832, -0.001219276338815689, 6.055704579921439e-05, -0.0013383415061980486, 0.005338719114661217, -0.0020289747044444084, 0.0006468429346568882, -0.0014471930917352438, 0.001425880822353065, -0.001850709319114685, -0.0003782509593293071, 0.0015358699019998312], [0.00010239409311907366, -0.0003447482595220208, 0.00023160393175203353, 0.0007616716320626438, 0.0005891235778108239, -0.0020289747044444084, 0.005507005378603935, -0.003318484639748931, -3.736164217116311e-05, -0.0005881291581317782, 0.0008120000129565597, -0.001915090368129313, 0.0009802622953429818], [-0.00030701118521392345, 0.00014018913498148322, -9.08553774934262e-05, -0.000265924958512187, -0.0008510314510203898, 0.0006468429346568882, -0.003318484639748931, 0.006449908949434757, -0.0012819389812648296, 0.00026402881485410035, -0.0009444945026189089, 0.0013373574474826455, -0.0007967745186761022], [4.383459236123599e-05, 0.00012282135139685124, 0.0001726763730403036, -0.0008938208338804543, 0.000291775562800467, -0.0014471930917352438, -3.736164217116311e-05, -0.0012819389812648296, 0.006690711714327335, -0.002722926437854767, 0.0017128767212852836, -0.0013568918220698833, -9.804042929317802e-05], [-6.436670810217038e-05, -3.3853550121420994e-05, -4.948649802827276e-05, -0.00039522055885754526, -0.0008340844651684165, 0.001425880822353065, -0.0005881291581317782, 0.00026402881485410035, -0.002722926437854767, 0.008832975290715694, -0.0062923738732934, 0.0025393383111804724, -0.0007122473325580359], [-0.00012399211118463427, 0.00021216459572315216, 1.011526819638675e-05, 0.00048447161680087447, 0.00060846540145576, -0.001850709319114685, 0.0008120000129565597, -0.0009444945026189089, 0.0017128767212852836, -0.0062923738732934, 0.011791280470788479, -0.005279782228171825, 0.001004435122013092], [-7.465232920367271e-05, 3.799839396378957e-05, 0.0009429029887542129, -0.00044780079042539, -9.104469427256845e-06, -0.0003782509593293071, -0.001915090368129313, 0.0013373574474826455, -0.0013568918220698833, 0.0025393383111804724, -0.005279782228171825, 0.010710509493947029, -0.005130217410624027], [7.532235758844763e-05, -0.0005378133500926197, -0.0010530452709645033, 0.0006313265766948462, -0.0010385666973888874, 0.0015358699019998312, 0.0009802622953429818, -0.0007967745186761022, -9.804042929317802e-05, -