{"song_id": "1183711273972678716", "download": "https://cdn.discordapp.com/attachments/1135911532732108921/1183711273972678716/chirp.mp4?ex=65895408&amp", "lyrics": "\u0410 \u0432 \u0430\u043a\u0432\u0430\u0440\u0438\u0443\u043c\u0435 \u0441\u0438\u0436\u0443,\n\u041d\u0430 \u0440\u044b\u0431\u043e\u043a \u044f \u0442\u0443\u0442 \u0433\u043b\u044f\u0436\u0443,\n\u041f\u043e\u0434\u043f\u043b\u044b\u0432\u0430\u0435\u0442 \u043a\u043e \u043c\u043d\u0435 \u043e\u0434\u043d\u0430 \u0440\u044b\u0431\u043a\u0430,\n\u041f\u0440\u0438\u0433\u043b\u044f\u0434\u0435\u043b\u0441\u044f, \u0410! \u0414\u0430\u043d\u044f \u0414\u044b\u0431\u043a\u0430.", "style": ["country"], "essentia_features": {"lowlevel.average_loudness": 0.9850736856460571, "lowlevel.barkbands_crest.mean": 11.828080177307129, "lowlevel.barkbands_crest.stdev": 5.575988292694092, "lowlevel.barkbands_flatness_db.mean": 0.1504824459552765, "lowlevel.barkbands_flatness_db.stdev": 0.06832494586706161, "lowlevel.barkbands_kurtosis.mean": 7.733119010925293, "lowlevel.barkbands_kurtosis.stdev": 20.99405288696289, "lowlevel.barkbands_skewness.mean": 1.5874420404434204, "lowlevel.barkbands_skewness.stdev": 2.082944631576538, "lowlevel.barkbands_spread.mean": 26.005422592163086, "lowlevel.barkbands_spread.stdev": 17.595388412475586, "lowlevel.dissonance.mean": 0.4724715054035187, "lowlevel.dissonance.stdev": 0.02412724308669567, "lowlevel.dynamic_complexity": 4.180024147033691, "lowlevel.erbbands_crest.mean": 9.558526992797852, "lowlevel.erbbands_crest.stdev": 4.155363082885742, "lowlevel.erbbands_flatness_db.mean": 0.15358009934425354, "lowlevel.erbbands_flatness_db.stdev": 0.0511879026889801, "lowlevel.erbbands_kurtosis.mean": 1.3035025596618652, "lowlevel.erbbands_kurtosis.stdev": 3.2593953609466553, "lowlevel.erbbands_skewness.mean": 0.26289957761764526, "lowlevel.erbbands_skewness.stdev": 0.9516245126724243, "lowlevel.erbbands_spread.mean": 42.85365295410156, "lowlevel.erbbands_spread.stdev": 25.932615280151367, "lowlevel.hfc.mean": 30.243330001831055, "lowlevel.hfc.stdev": 40.35194396972656, "lowlevel.loudness_ebu128.integrated": -19.11399269104004, "lowlevel.loudness_ebu128.loudness_range": 0.714080810546875, "lowlevel.loudness_ebu128.momentary.mean": -19.788402557373047, "lowlevel.loudness_ebu128.momentary.stdev": 3.1298012733459473, "lowlevel.loudness_ebu128.short_term.mean": -19.008373260498047, "lowlevel.loudness_ebu128.short_term.stdev": 0.2583397924900055, "lowlevel.melbands_crest.mean": 17.11676025390625, "lowlevel.melbands_crest.stdev": 7.77977180480957, "lowlevel.melbands_flatness_db.mean": 0.1899658441543579, "lowlevel.melbands_flatness_db.stdev": 0.0901138111948967, "lowlevel.melbands_kurtosis.mean": 19.101530075073242, "lowlevel.melbands_kurtosis.stdev": 35.888729095458984, "lowlevel.melbands_skewness.mean": 2.845426082611084, "lowlevel.melbands_skewness.stdev": 2.57230544090271, "lowlevel.melbands_spread.mean": 32.20953369140625, "lowlevel.melbands_spread.stdev": 37.38789749145508, "lowlevel.pitch_salience.mean": 0.5196993350982666, "lowlevel.pitch_salience.stdev": 0.17841248214244843, "lowlevel.silence_rate_20dB.mean": 0.9624277353286743, "lowlevel.silence_rate_20dB.stdev": 0.19015896320343018, "lowlevel.silence_rate_30dB.mean": 0.884393036365509, "lowlevel.silence_rate_30dB.stdev": 0.31975284218788147, "lowlevel.silence_rate_60dB.mean": 0.13294798135757446, "lowlevel.silence_rate_60dB.stdev": 0.33951833844184875, "lowlevel.spectral_centroid.mean": 1554.7318115234375, "lowlevel.spectral_centroid.stdev": 1048.779541015625, "lowlevel.spectral_complexity.mean": 14.517340660095215, "lowlevel.spectral_complexity.stdev": 11.00950813293457, "lowlevel.spectral_decrease.mean": -1.1593328075321097e-08, "lowlevel.spectral_decrease.stdev": 2.405863241961015e-08, "lowlevel.spectral_energy.mean": 0.04649906978011131, "lowlevel.spectral_energy.stdev": 0.09149377793073654, "lowlevel.spectral_energyband_high.mean": 0.0019098412012681365, "lowlevel.spectral_energyband_high.stdev": 0.003907220903784037, "lowlevel.spectral_energyband_low.mean": 0.029818685725331306, "lowlevel.spectral_energyband_low.stdev": 0.08835595101118088, "lowlevel.spectral_energyband_middle_high.mean": 0.005019661970436573, "lowlevel.spectral_energyband_middle_high.stdev": 0.005988474003970623, "lowlevel.spectral_energyband_middle_low.mean": 0.011159288696944714, "lowlevel.spectral_energyband_middle_low.stdev": 0.016575545072555542, "lowlevel.spectral_entropy.mean": 7.813413619995117, "lowlevel.spectral_entropy.stdev": 0.43867480754852295, "lowlevel.spectral_flux.mean": 0.11412841081619263, "lowlevel.spectral_flux.stdev": 0.09852436929941177, "lowlevel.spectral_kurtosis.mean": 4.107345104217529, "lowlevel.spectral_kurtosis.stdev": 2.7136754989624023, "lowlevel.spectral_rms.mean": 0.005006834864616394, "lowlevel.spectral_rms.stdev": 0.004505170043557882, "lowlevel.spectral_rolloff.mean": 2935.17529296875, "lowlevel.spectral_rolloff.stdev": 3550.2080078125, "lowlevel.spectral_skewness.mean": 1.6820611953735352, "lowlevel.spectral_skewness.stdev": 0.5556545853614807, "lowlevel.spectral_spread.mean": 6398226.5, "lowlevel.spectral_spread.stdev": 2109781.75, "lowlevel.spectral_strongpeak.mean": 0.9152877926826477, "lowlevel.spectral_strongpeak.stdev": 1.0864133834838867, "lowlevel.zerocrossingrate.mean": 0.11411809921264648, "lowlevel.zerocrossingrate.stdev": 0.10843155533075333, "metadata.audio_properties.analysis.equal_loudness": 0.0, "metadata.audio_properties.analysis.length": 7.999977111816406, "metadata.audio_properties.analysis.sample_rate": 44100.0, "metadata.audio_properties.analysis.start_time": 0.0, "metadata.audio_properties.bit_rate": 120358.0, "metadata.audio_properties.length": 8.0, "metadata.audio_properties.lossless": 0.0, "metadata.audio_properties.number_channels": 1.0, "metadata.audio_properties.replay_gain": -6.925195693969727, "metadata.audio_properties.sample_rate": 48000.0, "rhythm.beats_count": 12.0, "rhythm.beats_loudness.mean": 0.17810027301311493, "rhythm.beats_loudness.stdev": 0.15687771141529083, "rhythm.bpm": 94.12690734863281, "rhythm.bpm_histogram_first_peak_bpm": 94.0, "rhythm.bpm_histogram_first_peak_weight": 0.27272725105285645, "rhythm.bpm_histogram_second_peak_bpm": 0.0, "rhythm.bpm_histogram_second_peak_spread": 0.0, "rhythm.bpm_histogram_second_peak_weight": 0.0, "rhythm.danceability": 1.9380499124526978, "rhythm.onset_rate": 4.98598051071167, "tonal.chords_changes_rate": 0.12643678486347198, "tonal.chords_number_rate": 0.06321839243173599, "tonal.chords_strength.mean": 0.4798086881637573, "tonal.chords_strength.stdev": 0.13754011690616608, "tonal.hpcp_crest.mean": 11.846309661865234, "tonal.hpcp_crest.stdev": 5.316737174987793, "tonal.hpcp_entropy.mean": 2.2576966285705566, "tonal.hpcp_entropy.stdev": 0.7913666367530823, "tonal.key_edma.strength": 0.476326048374176, "tonal.key_krumhansl.strength": 0.4758438766002655, "tonal.key_temperley.strength": 0.44825267791748047, "tonal.tuning_diatonic_strength": 0.47691041231155396, "tonal.tuning_equal_tempered_deviation": 0.2614385783672333, "tonal.tuning_frequency": 446.91595458984375, "tonal.tuning_nontempered_energy_ratio": 0.9309046864509583, "lowlevel.barkbands.mean": [0.00142367510125041, 0.025431562215089798, 0.001764605171047151, 0.0033493381924927235, 0.0036231568083167076, 0.0005900170071981847, 0.0014472858747467399, 0.0005800976068712771, 0.0011738749453797936, 0.0011780955828726292, 0.0007185976719483733, 0.00040192549931816757, 0.000526882300619036, 0.0006476162234321237, 0.0004837365704588592, 0.00030624528881162405, 0.00038278091233223677, 0.00025738077238202095, 0.00020003636018373072, 0.00019420316675677896, 0.00021705405379179865, 0.00019608497677836567, 0.0003289440064691007, 0.00023016604245640337, 0.00042551971273496747, 0.0004165464488323778, 3.6554131384036737e-06], "lowlevel.barkbands.stdev": [0.004842001013457775, 0.08304532617330551, 0.01030406542122364, 0.009592349641025066, 0.007019918877631426, 0.0011152173392474651, 0.003247339278459549, 0.0013556017074733973, 0.002489817561581731, 0.00242668017745018, 0.0014799028867855668, 0.0011041758116334677, 0.0013161101378500462, 0.001206292537972331, 0.0008997009135782719, 0.0007231875788420439, 0.0007160792010836303, 0.0004472585569601506, 0.00047213424113579094, 0.0005158178391866386, 0.0006014510872773826, 0.0004995646304450929, 0.0007579001830890775, 0.0005422563408501446, 0.0009785449365153909, 0.0009033171227201819, 1.0680108971428126e-05], "lowlevel.erbbands.mean": [1.1449174880981445, 4.0696210861206055, 2.405197858810425, 6.593233585357666, 15.640254974365234, 9.796134948730469, 4.14931583404541, 6.031796932220459, 20.792627334594727, 12.956064224243164, 18.03622055053711, 25.728227615356445, 34.89553451538086, 33.571136474609375, 26.353485107421875, 16.361888885498047, 23.39336585998535, 32.994117736816406, 31.02833366394043, 18.127107620239258, 18.268342971801758, 21.99272346496582, 16.11811637878418, 10.471065521240234, 9.946078300476074, 8.866119384765625, 8.969453811645508, 7.876507759094238, 7.046563148498535, 10.05068302154541, 7.957722187042236, 4.322051048278809, 4.41489315032959, 4.417329788208008, 3.305979013442993, 2.0211877822875977, 0.7115103602409363, 0.08058129996061325, 0.0015296121127903461, 0.00011734237341443077], "lowlevel.erbbands.stdev": [3.811919927597046, 13.552946090698242, 10.118284225463867, 22.865291595458984, 32.07588195800781, 19.686573028564453, 7.045538425445557, 10.815629005432129, 48.551822662353516, 24.9205322265625, 46.30213928222656, 56.39985275268555, 67.97215270996094, 72.62771606445312, 56.82002258300781, 45.26211929321289, 54.41953659057617, 67.527587890625, 49.49802780151367, 33.63101577758789, 45.16021728515625, 39.02756118774414, 26.686336517333984, 21.300806045532227, 24.948442459106445, 23.115224838256836, 24.468263626098633, 22.093814849853516, 18.630990982055664, 22.06917381286621, 18.123779296875, 10.927976608276367, 10.561223030090332, 10.191481590270996, 8.071070671081543, 4.8663105964660645, 1.4890516996383667, 0.15798519551753998, 0.0029267563950270414, 0.0001640449627302587], "lowlevel.gfcc.mean": [-32.90513229370117, 29.31739044189453, -110.89606475830078, 4.5995965003967285, -63.50238800048828, 13.246935844421387, -55.363914489746094, 5.624835968017578, -39.48657989501953, -1.8068468570709229, -31.26749610900879, 2.9788827896118164, -22.777530670166016], "lowlevel.melbands.mean": [0.00842717569321394, 0.0024471997749060392, 0.0014818073250353336, 0.0009604974766261876, 0.00017726104124449193, 0.00013761420268565416, 0.0003132823621854186, 0.00012450972280930728, 0.0001663985603954643, 0.00016164901899173856, 0.0001742801978252828, 0.00013786531053483486, 9.055998816620559e-05, 5.126948599354364e-05, 4.4699008867610246e-05, 5.508558751898818e-05, 6.238287460291758e-05, 5.170280201127753e-05, 3.118439417448826e-05, 2.1306635971996002e-05, 2.0426043192856014e-05, 2.3660621081944555e-05, 1.858247196651064e-05, 1.108235665014945e-05, 8.128553417918738e-06, 7.4576046245056204e-06, 7.085663128236774e-06, 5.485064320964739e-06, 5.480460913531715e-06, 5.4744309636589605e-06, 4.239593181409873e-06, 3.84076747650397e-06, 4.040125986648491e-06, 6.593927537323907e-06, 4.96671418659389e-06, 3.333945414851769e-06, 2.3710201730864355e-06, 3.105337555098231e-06, 3.1236286304192618e-06, 3.985891908087069e-06], "lowlevel.melbands.stdev": [0.02768728882074356, 0.007415839470922947, 0.004072568845003843, 0.0018690865254029632, 0.0003074058622587472, 0.00024822496925480664, 0.0007225897861644626, 0.00023460503143724054, 0.00045118803973309696, 0.0003491892130114138, 0.0003492973046377301, 0.0003025741025339812, 0.0001834755385061726, 0.0001288523053517565, 0.0001490086578996852, 0.00014311035920400172, 0.00012907656491734087, 8.327901014126837e-05, 5.730922202928923e-05, 4.662296851165593e-05, 5.26688017998822e-05, 4.822327537112869e-05, 3.403639129828662e-05, 1.883201184682548e-05, 1.7858199498732574e-05, 1.8312612155568786e-05, 1.9912351490347646e-05, 1.425315895176027e-05, 1.5035931937745772e-05, 1.4921366528142244e-05, 1.2534102097561117e-05, 1.0086097063322086e-05, 1.06952284113504e-05, 1.4490887224383187e-05, 1.1329472727084067e-05, 8.52340326673584e-06, 6.3154730014503e-06, 7.736172847216949e-06, 7.340477623074548e-06, 9.471317753195763e-06], "lowlevel.melbands128.mean": [0.0014025598065927625, 0.010111273266375065, 0.011704676784574986, 0.004864854272454977, 0.0012518636649474502, 0.0008960792329162359, 0.0011398519854992628, 0.0019375287229195237, 0.0016512403963133693, 0.0010202807607129216, 0.00043362597352825105, 0.00021395517978817225, 0.00011332478607073426, 0.00011273442214587703, 0.0001199955731863156, 0.00012695394980255514, 0.00028642016695812345, 0.00043586984975263476, 0.00023913815675769, 0.00010812520486069843, 8.834143955027685e-05, 8.546932076569647e-05, 0.000207304852665402, 0.00021048684720881283, 0.0001522904058219865, 0.00015272668679244816, 0.00014435731281992048, 0.0001992882607737556, 0.00018168044334743172, 0.00013265236339066178, 0.0001437963219359517, 0.00010072182340081781, 7.600996468681842e-05, 0.00010341551387682557, 5.758139377576299e-05, 3.589223706512712e-05, 3.479179576970637e-05, 4.920449646306224e-05, 4.524370888248086e-05, 5.0630933401407674e-05, 6.230524013517424e-05, 5.1329810958122835e-05, 6.915693666087463e-05, 6.396061507984996e-05, 5.3245588787831366e-05, 5.050413165008649e-05, 5.0586637371452525e-05, 3.2639902201481164e-05, 2.2147474737721495e-05, 2.159971700166352e-05, 1.746078305586707e-05, 2.644230153237004e-05, 2.2228081434150226e-05, 1.466725007048808e-05, 2.33836799452547e-05, 2.7637883249553852e-05, 2.027183654718101e-05, 2.1693487724405713e-05, 1.682763104327023e-05, 1.4915165593265556e-05, 1.1298031495243777e-05, 7.657275091332849e-06, 8.372909178433474e-06, 7.701585673203226e-06, 8.75866044225404e-06, 7.5232114795653615e-06, 6.382710125762969e-06, 7.5235038821119815e-06, 7.274327344930498e-06, 6.965381544432603e-06, 4.727784471469931e-06, 5.367729045246961e-06, 5.4766301218478475e-06, 5.301643795974087e-06, 5.7235015447076876e-06, 5.6576905080873985e-06, 5.702397174900398e-06, 4.196814188617282e-06, 4.360045295470627e-06, 3.654830152299837e-06, 3.946693595935358e-06, 3.7046954730612924e-06, 4.038305633002892e-06, 3.919378741557011e-06, 3.864446625811979e-06, 6.347025191644207e-06, 7.477697181457188e-06, 7.386824108834844e-06, 4.468525730771944e-06, 3.6842727695329813e-06, 3.855734576063696e-06, 3.3731016628735233e-06, 2.194886292272713e-06, 1.7984099258683273e-06, 2.9895199986640364e-06, 3.128888920400641e-06, 2.976009227495524e-06, 3.1416047931998037e-06, 3.1440285965800285e-06, 3.000580363732297e-06, 3.7151819469727343e-06, 4.707825610239524e-06, 3.431548520893557e-06, 3.7917618556093657e-06, 3.5182006286049727e-06, 4.0832678678270895e-06, 3.466812586339074e-06, 3.827372893283609e-06, 3.97812573282863e-06, 3.169018555126968e-06, 2.6420220820000395e-06, 2.7299563498672796e-06, 2.276995019201422e-06, 1.880051627267676e-06, 1.6031109453251702e-06, 9.121841344494896e-07, 1.6924862222822412e-07, 3.6518660317952367e-10, 7.908345853180343e-12, 7.443136385010263e-12, 7.1379178609443095e-12, 6.930180387887397e-12, 6.7313264337509615e-12, 6.564225725480544e-12, 6.352356141103854e-12, 6.08484053074565e-12, 5.927230494612301e-12, 5.87399746898587e-12], "lowlevel.melbands128.stdev": [0.004778440110385418, 0.03424474224448204, 0.03922136873006821, 0.016637180000543594, 0.005329954903572798, 0.005189246963709593, 0.004950897302478552, 0.004933851305395365, 0.003484201617538929, 0.002413751557469368, 0.0009843423031270504, 0.00043293542694300413, 0.00021808200108353049, 0.00023023317044135183, 0.0002473233616910875, 0.00030139193404465914, 0.0006775340880267322, 0.001205134904012084, 0.0006405631429515779, 0.0002827478456310928, 0.0002134112874045968, 0.0002470457984600216, 0.0007062127697281539, 0.0006566235097125173, 0.0004555624327622354, 0.00041157015948556364, 0.00036576626007445157, 0.00044448403059504926, 0.0005288001848384738, 0.0003203068918082863, 0.00041151040932163596, 0.00026925315614789724, 0.00016225491708610207, 0.00030773799517191947, 0.00018601297051645815, 0.0001206286033266224, 0.00011450232705101371, 0.00022461742628365755, 0.00014609152276534587, 0.00012458549463190138, 0.0002230468817288056, 0.00016223809507209808, 0.0002104003942804411, 0.00012400401465129107, 0.00011293058923911303, 0.00010385824862169102, 0.0001248913467861712, 7.134391489671543e-05, 5.825774496770464e-05, 6.558232416864485e-05, 4.0763501601759344e-05, 8.290549158118665e-05, 7.549302245024592e-05, 3.407414260436781e-05, 7.298745913431048e-05, 6.859003042336553e-05, 3.9303737139562145e-05, 5.313645669957623e-05, 3.522189945215359e-05, 3.153413126710802e-05, 2.1833042410435155e-05, 1.4020689377503004e-05, 1.883006189018488e-05, 1.8604825527290814e-05, 2.7952013624599203e-05, 1.8841359633370303e-05, 1.566883292980492e-05, 2.4022900106501766e-05, 2.1571344404947013e-05, 1.9462726413621567e-05, 1.4144781744107604e-05, 1.4494532479147892e-05, 1.4729222129972186e-05, 1.4866231140331365e-05, 1.8772794646793045e-05, 1.5700115909567103e-05, 1.832425914471969e-05, 1.1992525287496392e-05, 1.5617606550222263e-05, 1.0998946891049854e-05, 1.0139452570001595e-05, 9.23098559724167e-06, 1.5354968127212487e-05, 1.092119055101648e-05, 8.805130164546426e-06, 1.5256553524523042e-05, 1.7769996702554636e-05, 1.799473466235213e-05, 1.1127357538498472e-05, 8.33229842100991e-06, 1.0129505426448304e-05, 1.0852486411749851e-05, 5.964067440800136e-06, 6.020883574819891e-06, 9.064604455488734e-06, 7.840425496397074e-06, 8.580100256949663e-06, 8.287069249490742e-06, 7.75304579292424e-06, 7.76049910200527e-06, 9.158016837318428e-06, 1.1578008525248151e-05, 9.970040991902351e-06, 1.0448585271660704e-05, 9.528814189252444e-06, 1.0752875823527575e-05, 8.741626515984535e-06, 1.0201027180301026e-05, 1.1192900274181738e-05, 7.521878615079913e-06, 6.20470291323727e-06, 6.479464900621679e-06, 4.923809683532454e-06, 3.920226845366415e-06, 3.586371576602687e-06, 1.927217681441107e-06, 4.2836944658120046e-07, 2.14909046114542e-09, 2.008489208282782e-11, 1.9390038186184455e-11, 1.883383900225244e-11, 1.8395536829918235e-11, 1.7933555682136948e-11, 1.761146263545843e-11, 1.7325064993745087e-11, 1.7097649684938432e-11, 1.6936006416723437e-11, 1.6837999744501175e-11], "lowlevel.mfcc.mean": [-680.4146728515625, 81.75807189941406, -2.5645055770874023, -4.1794257164001465, 3.344895124435425, -2.587692975997925, -7.348087310791016, -0.383070170879364, -9.245244979858398, -8.074041366577148, -5.0829339027404785, -14.563009262084961, -9.253114700317383], "lowlevel.spectral_contrast_coeffs.mean": [-0.5956684350967407, -0.7662776708602905, -0.7827855944633484, -0.7926265001296997, -0.7982560396194458, -0.776002824306488], "lowlevel.spectral_contrast_coeffs.stdev": [0.12415182590484619, 0.08887097239494324, 0.07345125824213028, 0.06127869337797165, 0.050022173672914505, 0.04306057468056679], "lowlevel.spectral_contrast_valleys.mean": [-8.430039405822754, -7.397519588470459, -7.654635429382324, -7.815341472625732, -7.907019138336182, -10.127646446228027], "lowlevel.spectral_contrast_valleys.stdev": [1.634227991104126, 1.5527747869491577, 1.5991657972335815, 1.456954002380371, 1.4285942316055298, 1.4220530986785889], "rhythm.beats_loudness_band_ratio.mean": [0.5048984885215759, 0.07184220850467682, 0.2508089244365692, 0.09215307980775833, 0.0825294628739357, 0.028106776997447014], "rhythm.beats_loudness_band_ratio.stdev": [0.4557763636112213, 0.10424958169460297, 0.2681516408920288, 0.09076136350631714, 0.1065070852637291, 0.038703493773937225], "tonal.hpcp.mean": [0.14265207946300507, 0.10788089781999588, 0.12171835452318192, 0.10797864198684692, 0.08132971078157425, 0.08081530779600143, 0.06982997059822083, 0.08176001161336899, 0.148111492395401, 0.13767744600772858, 0.0733366310596466, 0.05572076141834259, 0.06322503089904785, 0.0775294378399849, 0.07484673708677292, 0.07162013649940491, 0.08966702222824097, 0.1322173923254013, 0.1347290724515915, 0.09462068229913712, 0.08767616003751755, 0.10626174509525299, 0.1720389723777771, 0.2746528387069702, 0.25547513365745544, 0.1763804405927658, 0.13607916235923767, 0.11862871795892715, 0.1517823040485382, 0.16447259485721588, 0.1712956428527832, 0.2372141033411026, 0.2457927018404007, 0.1737590730190277, 0.16933724284172058, 0.1897333562374115], "tonal.hpcp.stdev": [0.2427716702222824, 0.18593208491802216, 0.21664369106292725, 0.20561182498931885, 0.1789003312587738, 0.19039678573608398, 0.1572105437517166, 0.13904759287834167, 0.25279712677001953, 0.2235386073589325, 0.14292117953300476, 0.132236048579216, 0.16342781484127045, 0.18174895644187927, 0.16854962706565857, 0.16202154755592346, 0.1763613224029541, 0.22730562090873718, 0.23864932358264923, 0.20510977506637573, 0.16091230511665344, 0.19646364450454712, 0.2579157054424286, 0.3488721251487732, 0.31275975704193115, 0.28445670008659363, 0.24143701791763306, 0.22206442058086395, 0.25383391976356506, 0.25390762090682983, 0.23838560283184052, 0.3176369071006775, 0.322238028049469, 0.25037169456481934, 0.24472330510616302, 0.2871832549571991], "rhythm.beats_position": [0.6269387602806091, 1.2538775205612183, 1.8924262523651123, 2.530975103378296, 3.1695237159729004, 3.808072566986084, 4.446621417999268, 5.085169792175293, 5.712108612060547, 6.3506574630737305, 6.989206314086914, 7.639364719390869], "rhythm.bpm_histogram": [0.0, 0.0, 0.0, 0.0, 0.0, 0.0, 0.0, 0.0, 0.0, 0.0, 0.0, 0.0, 0.0, 0.0, 0.0, 0.0, 0.0, 0.0, 0.0, 0.0, 0.0, 0.0, 0.0, 0.0, 0.0, 0.0, 0.0, 0.0, 0.0, 0.0, 0.0, 0.0, 0.0, 0.0, 0.0, 0.0, 0.0, 0.0, 0.0, 0.0, 0.0, 0.0, 0.0, 0.0, 0.0, 0.0, 0.0, 0.0, 0.0, 0.0, 0.0, 0.0, 0.0, 0.0, 0.0, 0.0, 0.0, 0.0, 0.0, 0.0, 0.0, 0.0, 0.0, 0.0, 0.0, 0.0, 0.0, 0.0, 0.0, 0.0, 0.0, 0.0, 0.0, 0.0, 0.0, 0.0, 0.0, 0.0, 0.0, 0.0, 0.0, 0.0, 0.0, 0.0, 0.0, 0.0, 0.0, 0.0, 0.0, 0.0, 0.0, 0.0, 0.09090909361839294, 0.0, 0.7272727489471436, 0.0, 0.1818181872367859, 0.0, 0.0, 0.0, 0.0, 0.0, 0.0, 0.0, 0.0, 0.0, 0.0, 0.0, 0.0, 0.0, 0.0, 0.0, 0.0, 0.0, 0.0, 0.0, 0.0, 0.0, 0.0, 0.0, 0.0, 0.0, 0.0, 0.0, 0.0, 0.0, 0.0, 0.0, 0.0, 0.0, 0.0, 0.0, 0.0, 0.0, 0.0, 0.0, 0.0, 0.0, 0.0, 0.0, 0.0, 0.0, 0.0, 0.0, 0.0, 0.0, 0.0, 0.0, 0.0, 0.0, 0.0, 0.0, 0.0, 0.0, 0.0, 0.0, 0.0, 0.0, 0.0, 0.0, 0.0, 0.0, 0.0, 0.0, 0.0, 0.0, 0.0, 0.0, 0.0, 0.0, 0.0, 0.0, 0.0, 0.0, 0.0, 0.0, 0.0, 0.0, 0.0, 0.0, 0.0, 0.0, 0.0, 0.0, 0.0, 0.0, 0.0, 0.0, 0.0, 0.0, 0.0, 0.0, 0.0, 0.0, 0.0, 0.0, 0.0, 0.0, 0.0, 0.0, 0.0, 0.0, 0.0, 0.0, 0.0, 0.0, 0.0, 0.0, 0.0, 0.0, 0.0, 0.0, 0.0, 0.0, 0.0, 0.0, 0.0, 0.0, 0.0, 0.0, 0.0, 0.0, 0.0, 0.0, 0.0, 0.0, 0.0, 0.0, 0.0, 0.0, 0.0, 0.0, 0.0, 0.0, 0.0, 0.0, 0.0, 0.0, 0.0, 0.0, 0.0, 0.0, 0.0, 0.0, 0.0, 0.0, 0.0, 0.0, 0.0, 0.0], "tonal.chords_histogram": [1.1494252681732178, 0.0, 0.0, 1.1494252681732178, 16.09195327758789, 0.0, 0.5747126340866089, 2.2988505363464355, 5.1724138259887695, 1.7241379022598267, 45.977012634277344, 4.597701072692871, 0.0, 16.66666603088379, 0.0, 0.0, 0.0, 1.1494252681732178, 0.0, 0.0, 0.0, 3.4482758045196533, 0.0, 0.0], "tonal.thpcp": [1.0, 0.9301747679710388, 0.6421941518783569, 0.49545878171920776, 0.43192240595817566, 0.5526332855224609, 0.5988381505012512, 0.623680591583252, 0.8636870384216309, 0.8949214220046997, 0.632649838924408, 0.6165501475334167, 0.6908115744590759, 0.5193905234336853, 0.3927900195121765, 0.4431716501712799, 0.39314591884613037, 0.29611822962760925, 0.29424530267715454, 0.25424814224243164, 0.2976849377155304, 0.5392680168151855, 0.5012781023979187, 0.2670157551765442, 0.20287705957889557, 0.23019981384277344, 0.2822815775871277, 0.2725139856338501, 0.26076605916023254, 0.32647404074668884, 0.48139822483062744, 0.4905431568622589, 0.34451010823249817, 0.31922540068626404, 0.38689476251602173, 0.6263870000839233], "lowlevel.gfcc.cov": [[23178.5703125, 1401.856201171875, -301.703857421875, -62.153709411621094, -556.9906005859375, -312.3582458496094, -564.3513793945312, -145.9181365966797, -352.86151123046875, -181.97412109375, -480.87762451171875, 17.435710906982422, -193.5763397216797], [1401.856201171875, 2263.00732421875, 36.3030891418457, -171.28131103515625, 351.0160827636719, 275.2962951660156, 430.27130126953125, 250.2382049560547, 209.80523681640625, -11.379230499267578, 191.44798278808594, 142.9534149169922, 97.67157745361328], [-301.703857421875, 36.3030891418457, 940.8837890625, 443.09808349609375, 250.6443634033203, 164.63714599609375, 179.216796875, 76.97511291503906, 57.10517883300781, 109.38273620605469, 66.94023132324219, 30.23169708251953, 29.97399139404297], [-62.153709411621094, -171.28131103515625, 443.09808349609375, 617.0052490234375, 199.86415100097656, 30.544145584106445, 29.814687728881836, -73.8020248413086, -15.91257381439209, 66.05538940429688, -35.81784439086914, -41.878116607666016, 17.43609046936035], [-556.9906005859375, 351.0160827636719, 250.6443634033203, 199.86415100097656, 503.7957763671875, 317.8321228027344, 259.40374755859375, 172.763671875, 226.4456024169922, 125.38232421875, 96.46128845214844, 48.57781982421875, 78.5491714477539], [-312.3582458496094, 275.2962951660156, 164.63714599609375, 30.544145584106445, 317.8321228027344, 507.03546142578125, 468.4440612792969, 250.56295776367188, 183.53778076171875, 105.38844299316406, 118.66331481933594, 30.910329818725586, 52.87839126586914], [-564.3513793945312, 430.27130126953125, 179.216796875, 29.814687728881836, 259.40374755859375, 468.4440612792969, 706.0626220703125, 284.903076171875, 171.66098022460938, 121.91341400146484, 151.7206573486328, 54.3836784362793, 49.62213134765625], [-145.9181365966797, 250.2382049560547, 76.97511291503906, -73.8020248413086, 172.763671875, 250.56295776367188, 284.903076171875, 308.56201171875, 235.54995727539062, 90.10400390625, 97.91602325439453, 32.81853485107422, 41.24544143676758], [-352.86151123046875, 209.80523681640625, 57.10517883300781, -15.91257381439209, 226.4456024169922, 183.53778076171875, 171.66098022460938, 235.54995727539062, 356.49029541015625, 160.1613311767578, 92.47379302978516, 34.895511627197266, 68.37286376953125], [-181.97412109375, -11.379230499267578, 109.38273620605469, 66.05538940429688, 125.38232421875, 105.38844299316406, 121.91341400146484, 90.10400390625, 160.1613311767578, 184.25015258789062, 87.35789489746094, 15.00683879852295, 19.356748580932617], [-480.87762451171875, 191.44798278808594, 66.94023132324219, -35.81784439086914, 96.46128845214844, 118.66331481933594, 151.7206573486328, 97.91602325439453, 92.47379302978516, 87.35789489746094, 156.09494018554688, 72.37222290039062, 36.45235061645508], [17.435710906982422, 142.9534149169922, 30.23169708251953, -41.878116607666016, 48.57781982421875, 30.910329818725586, 54.3836784362793, 32.81853485107422, 34.895511627197266, 15.00683879852295, 72.37222290039062, 123.38139343261719, 81.5311050415039], [-193.5763397216797, 97.67157745361328, 29.97399139404297, 17.43609046936035, 78.5491714477539, 52.87839126586914, 49.62213134765625, 41.24544143676758, 68.37286376953125, 19.356748580932617, 36.45235061645508, 81.5311050415039, 129.05755615234375]], "lowlevel.gfcc.icov": [[7.046263635857031e-05, -0.00011893690680153668, 4.288662603357807e-05, -0.00011205894406884909, 0.00020766710804309696, -0.0002282469067722559, 0.00020204990869387984, -0.0002141849254257977, 0.00017177200061269104, -0.00037454356788657606, 0.0005783666274510324, -0.0005039958050474524, 0.0002789779391605407], [-0.00011893690680153668, 0.0008803664823062718, -0.00011256329889874905, 0.0004641150590032339, -0.0009726528078317642, 0.0008983101579360664, -0.0008662826148793101, 0.0005149368662387133, -0.0006774408975616097, 0.0016681463457643986, -0.001677068299613893, 0.0008501331903971732, -0.00044345486094243824], [4.288662603357807e-05, -0.00011256329889874905, 0.001973232487216592, -0.0016323274467140436, 0.00010067869880003855, -0.0004085416439920664, 0.00034492643317207694, -0.001173758297227323, 0.0007420250913128257, -0.0007233047508634627, 0.00014182040467858315, -0.0014640510780736804, 0.0008605871698819101], [-0.00011205894406884909, 0.0004641150590032339, -0.0016323274467140436, 0.004248363431543112, -0.0024025149177759886, 0.001628776779398322, -0.0012347412994131446, 0.0019664661958813667, 0.00035435144673101604, -0.0003960116591770202, -4.3826330511365086e-05, 0.003394773229956627, -0.002333560958504677], [0.00020766710804309696, -0.0009726528078317642, 0.00010067869880003855, -0.0024025149177759886, 0.0066359927877783775, -0.0044392747804522514, 0.001825138577260077, -6.246507837204263e-05, -0.0019298122497275472, -0.001253512455150485, 0.0018165019573643804, -0.003146160626783967, 0.0011318725300952792], [-0.0002282469067722559, 0.0008983101579360664, -0.0004085416439920664, 0.001628776779398322, -0.0044392747804522514, 0.009128726087510586, -0.004636040423065424, -0.0010059120832011104, 0.0004321545420680195, 0.0018712866585701704, -0.003167431801557541, 0.004675962030887604, -0.0026507063303142786], [0.00020204990869387984, -0.0008662826148793101, 0.00034492643317207694, -0.0012347412994131446, 0.001825138577260077, -0.004636040423065424, 0.005458706058561802, -0.0029985702130943537, 0.002045057713985443, -0.002752606989815831, 0.0014867029385641217, -0.0026562786661088467, 0.001281072269193828], [-0.0002141849254257977, 0.0005149368662387133, -0.001173758297227323, 0.0019664661958813667, -6.246507837204263e-05, -0.0010059120832011104, -0.0029985702130943537, 0.012818839401006699, -0.00809470470994711, 0.0047270976938307285, -0.003654899075627327, 0.0025769094936549664, -0.00021384585124906152], [0.00017177200061269104, -0.0006774408975616097, 0.0007420250913128257, 0.00035435144673101604, -0.0019298122497275472, 0.0004321545420680195, 0.002045057713985443, -0.00809470470994711, 0.012200702913105488, -0.008640054613351822, 0.00327337346971035, 0.00016451538249384612, -0.0028480940964072943], [-0.00037454356788657606, 0.0016681463457643986, -0.0007233047508634627, -0.0003960116591770202, -0.001253512455150485, 0.0018712866585701704, -0.002752606989815831, 0.0047270976938307285, -0.008640054613351822, 0.017185557633638382, -0.010612310841679573, 0.004772546235471964, -7.667739555472508e-05], [0.0005783666274510324, -0.001677068299613893, 0.00014182040467858315, -4.3826330511365086e-05, 0.0018165019573643804, -0.003167431801557541, 0.0014867029385641217, -0.003654899075627327, 0.00327337346971035, -0.010612310841679573, 0.021276962012052536, -0.013318220153450966, 0.005159834399819374], [-0.0005039958050474524, 0.0008501331903971732, -0.0014640510780736804, 0.003394773229956627, -0.003146160626783967, 0.004675962030887604, -0.0026562786661088467, 0.0025769094936549664, 0.00016451538249384612, 0.004772546235471964, -0.013318220153450966, 0.026363426819443703, -0.015017303638160229], [0.0002789779391605407, -0.00044345486094243824, 0.0008605871698819101, -0.002333560958504677, 0.0011318725300952792, -0.0026507063303142786, 0.001281072269193828, -0.00021384585124906152, -0.0028480940964072943, -7.667739555472508e-05, 0.005159834399819374, -0.015017303638160229, 0.018140923231840134]], "lowlevel.mfcc.cov": [[15500.6015625, 1350.5682373046875, 207.17117309570312, 310.0260314941406, -147.39962768554688, -122.210205078125, -358.0533752441406, -222.75238037109375, -169.5706787109375, -328.0714111328125, -312.81512451171875, -288.2519836425781, -55.33542251586914], [1350.5682373046875, 2154.39599609375, -127.45256805419922, -240.06700134277344, 40.874576568603516, 109.45447540283203, 263.4461669921875, 400.5691223144531, 139.53880310058594, 43.463409423828125, 312.7630920410156, 115.13554382324219, 99.65097045898438], [207.17117309570312, -127.45256805419922, 636.1424560546875, 305.1298828125, 89.41473388671875, 110.3767318725586, 122.50848388671875, 14.238813400268555, 46.473052978515625, 25.066633224487305, -5.8910813331604, 52.21453094482422, 77.9000473022461], [310.0260314941406, -240.06700134277344, 305.1298828125, 521.0436401367188, 149.3277587890625, 135.7019805908203, -6.375509738922119, -113.83576965332031, 26.63208770751953, -58.80891799926758, -84.53129577636719, 48.50421905517578, 23.810617446899414], [-147.39962768554688, 40.874576568603516, 89.41473388671875, 149.3277587890625, 431.76654052734375, 94.16085815429688, -49.35697937011719, 2.362905502319336, 91.07100677490234, 88.92143249511719, -5.7650651931762695, 74.11304473876953, 77.19764709472656], [-122.210205078125, 109.45447540283203, 110.3767318725586, 135.7019805908203, 94.16085815429688, 356.3974304199219, 262.5544738769531, 149.67115783691406, 139.8699493408203, 122.1790771484375, 144.25572204589844, 49.68313980102539, 7.3216681480407715], [-358.0533752441406, 263.4461669921875, 122.50848388671875, -6.375509738922119, -49.35697937011719, 262.5544738769531, 457.3889465332031, 272.77215576171875, 127.74606323242188, 114.59210968017578, 225.21478271484375, 54.38996124267578, 9.249592781066895], [-222.75238037109375, 400.5691223144531, 14.238813400268555, -113.83576965332031, 2.362905502319336, 149.67115783691406, 272.77215576171875, 364.1280212402344, 191.9781951904297, 177.226806640625, 207.07354736328125, 33.171024322509766, 40.08293914794922], [-169.5706787109375, 139.53880310058594, 46.473052978515625, 26.63208770751953, 91.07100677490234, 139.8699493408203, 127.74606323242188, 191.9781951904297, 261.8616943359375, 200.61322021484375, 162.89051818847656, 78.5141830444336, 60.83915710449219], [-328.0714111328125, 43.463409423828125, 25.066633224487305, -58.80891799926758, 88.92143249511719, 122.1790771484375, 114.59210968017578, 177.226806640625, 200.61322021484375, 312.70013427734375, 207.78102111816406, 60.37651824951172, 30.5559139251709], [-312.81512451171875, 312.7630920410156, -5.8910813331604, -84.53129577636719, -5.7650651931762695, 144.25572204589844, 225.21478271484375, 207.07354736328125, 162.89051818847656, 207.78102111816406, 345.65081787109375, 114.2146987915039, 47.69883346557617], [-288.2519836425781, 115.13554382324219, 52.21453094482422, 48.50421905517578, 74.11304473876953, 49.68313980102539, 54.38996124267578, 33.171024322509766, 78.5141830444336, 60.37651824951172, 114.2146987915039, 179.017333984375, 100.73273468017578], [-55.33542251586914, 99.65097045898438, 77.9000473022461, 23.810617446899414, 77.19764709472656, 7.3216681480407715, 9.249592781066895, 40.08293914794922, 60.83915710449219, 30.5559139251709, 47.69883346557617, 100.73273468017578, 159.29141235351562]], "lowlevel.mfcc.icov": [[8.211695967474952e-05, -9.913979738485068e-05, -3.776547237066552e-05, -7.773908146191388e-05, 7.987321441760287e-05, -3.6134653782937676e-05, 8.491836342727765e-05, 9.788791794562712e-05, -3.981950430897996e-05, -3.149057738482952e-05, 2.392147325736005e-05, 0.00021048115740995854, -6.499291339423507e-05], [-9.913979738485068e-05, 0.0008727482054382563, 6.841288995929062e-05, 0.00031115332967601717, -0.0003876201808452606, -5.630786836263724e-05, 0.00024797837249934673, -0.0011963517172262073, 0.00014890606689732522, 0.0010623970301821828, -0.0007961481460370123, -0.00047001009806990623, 9.165509254671633e-05], [-3.776547237066552e-05, 6.841288995929062e-05, 0.002790948376059532, -0.0018151457188650966, 1.0773960639198776e-05, 0.000737859751097858, -0.0015080495504662395, 4.071798321092501e-05, 0.0006772772176191211, -0.0011372769949957728, 0.0006068312795832753, 0.0004099655488971621, -0.0015927809290587902], [-7.773908146191388e-05, 0.00031115332967601717, -0.0018151457188650966, 0.00473745446652174, -0.0007924495148472488, -0.0020898105576634407, 0.0005646455101668835, 0.001428105402737856, -0.002055891091004014, 0.002161327050998807, 0.0003531836555339396, -0.0012962587643414736, 0.001130425720475614], [7.987321441760287e-05, -0.0003876201808452606, 1.0773960639198776e-05, -0.0007924495148472488, 0.003810267895460129, -0.0014090975746512413, 0.001311850268393755, -1.2332362530287355e-05, 7.186254515545443e-05, -0.0017932639457285404, 0.0014720918843522668, -0.0007159613305702806, -0.0011429626028984785], [-3.6134653782937676e-05, -5.630786836263724e-05, 0.000737859751097858, -0.0020898105576634407, -0.0014090975746512413, 0.0076732998713850975, -0.004667004104703665, 0.0009788343450054526, -0.001319986768066883, -0.0010665619047358632, -0.0003492672403808683, 0.000835246522910893, 0.0006142364582046866], [8.491836342727765e-05, 0.00024797837249934673, -0.0015080495504662395, 0.0005646455101668835, 0.001311850268393755, -0.004667004104703665, 0.008834312669932842, -0.005233345087617636, 0.001652663224376738, 0.0022120291832834482, -0.002542798174545169, -0.0013867474626749754, 0.0014929556054994464], [9.788791794562712e-05, -0.0011963517172262073, 4.071798321092501e-05, 0.001428105402737856, -1.2332362530287355e-05, 0.0009788343450054526, -0.005233345087617636, 0.011439544148743153, -0.005260793026536703, -0.0017066815635189414, 0.0002651901450008154, 0.0036285147070884705, -0.0021019880659878254], [-3.981950430897996e-05, 0.00014890606689732522, 0.0006772772176191211, -0.002055891091004014, 7.186254515545443e-05, -0.001319986768066883, 0.001652663224376738, -0.005260793026536703, 0.012243838980793953, -0.0049964957870543, 1.9797691493295133e-05, -0.001901612733490765, -0.0013985279947519302], [-3.149057738482952e-05, 0.0010623970301821828, -0.0011372769949957728, 0.002161327050998807, -0.0017932639457285404, -0.0010665619047358632, 0.0022120291832834482, -0.0017066815635189414, -0.0049964957870543, 0.010923565365374088, -0.00508480379357934, 0.00039983305032365024, 0.0018593543209135532], [2.392147325736005e-05, -0.0007961481460370123, 0.0006068312795832753, 0.0003531836555339396, 0.0014720918843522668, -0.0003492672403808683, -0.002542798174545169, 0.0002651901450008154, 1.9797691493295133e-05, -0.00508480379357934, 0.009798085317015648, -0.004177908878773451, 0.00021624338114634156], [0.00021048115740995854, -0.00047001009806990623, 0.0004099655488971621, -0.0012962587643414736, -0.0007159613305702806, 0.000835246522910893, -0.0013867474626749754, 0.0036285147070884705, -0.001901612733490765, 0.00039983305032365024, -0.004177908878773451, 0.013443400152027607, -0.006764212157577276], [-6.499291339423507e-05, 9.165509254671633e-05, -0.0015927809290587902, 0.001130425720475614, -0.0011429626028984785, 0.0006142364582046866, 0.0014929556054994464, -0.0021019880659878254, -0.0013985279947519302, 0.0018593543209135532, 0.00021624338114634156, -0.006764212157577276, 0.01216604933142662]], "metadata.audio_properties.analysis.downmix": "mix", "metadata.audio_properties.codec": "mp3", "metadata.audio_properties.md5_encoded": "eab04b8f16405454095fc610ef4acd55", "metadata.tags.file_name": "1183711273972678716.mp3", "metadata.version.essentia": "2.1-beta6-dev", "metadata.version.essentia_git_sha": "v2.1_beta5-1110-g77a6a954", "metadata.version.extractor": "music 2.0", "tonal.chords_key": "E", "tonal.chords_scale": "minor", "tonal.key_edma.key": "F", "tonal.key_edma.scale": "minor", "tonal.key_krumhansl.key": "F", "tonal.key_krumhansl.scale": "minor", "tonal.key_temperley.key": "F", "tonal.key_temperley.scale": "minor", "metadata.tags.encoding": ["Lavf58.45.100"]}, "essentia_models": [{"model_name": "genre_dortmund", "activations": {"alternative": "0.0042823954", "blues": "0.0008121851", "electronic": "0.008028299", "folkcountry": "0.0006966118", "funksoulrnb": "0.013255627", "jazz": "0.0013151041", "pop": "0.0024922134", "raphiphop": "0.9925053", "rock": "0.010558014"}}, {"model_name": "genre_rosamerica", "activations": {"classic": "0.0016950888", "dance": "0.00024195966", "hip hop": "0.93714905", "jazz": "0.00018752644", "pop": "0.0044645946", "rhythm and blues": "0.023975331", "rock": "0.004024693", "speech": "0.03758021"}}, {"model_name": "genre_tzanetakis", "activations": {"blues": "0.002239729", "classic": "0.0011251977", "country": "0.00013801831", "disco": "0.0031014334", "hip hop": "0.92886484", "jazz": "0.00012800386", "metal": "0.00048541138", "pop": "0.002292252", "reggae": "0.069776416", "rock": "0.0044692997"}}, {"model_name": "genre_electronic", 