{"song_id": "1183693826628530187", "download": "https://cdn.discordapp.com/attachments/1135903449314238464/1183693826628530187/chirp.mp4?ex=658943c8&amp", "lyrics": "\u05e8\u05e7\u05d3\u05d9 \u05db\u05e2\u05e9\u05df \u05d1\u05e6\u05d1\u05e2\u05d9\u05dd\n\u05d0\u05dc \u05de\u05d5\u05dc \u05d4\u05e8\u05d5\u05d7\n\u05e1\u05e4\u05e8\u05d9 \u05d0\u05d9\u05da \u05d6\u05d4 \u05dc\u05e9\u05db\u05d5\u05d7\n\u05e9\u05e4\u05e2\u05dd \u05d4\u05d9\u05d9\u05ea \u05d0\u05d3\u05dd\n\u05d5\u05d0\u05d9\u05da \u05d2\u05d5\u05e4\u05da \u05d1\u05d5\u05e2\u05e8 \u05d6\u05d5\u05d4\u05e8\n\u05de\u05ea\u05d5\u05da \u05ea\u05e0\u05d5\u05e2\u05d5\u05ea\u05d9\u05da\n\u05de\u05e6\u05d9\u05ea \u05d0\u05ea \u05db\u05dc \u05de\u05d9 \u05e9\u05de\u05d1\u05d9\u05d8\n\u05d0\u05dc\u05d9\u05da", "style": ["ethnic dance"], "essentia_features": {"lowlevel.average_loudness": 0.8876878619194031, "lowlevel.barkbands_crest.mean": 20.96632957458496, "lowlevel.barkbands_crest.stdev": 5.0413360595703125, "lowlevel.barkbands_flatness_db.mean": 0.25478342175483704, "lowlevel.barkbands_flatness_db.stdev": 0.1000758558511734, "lowlevel.barkbands_kurtosis.mean": 118.03604125976562, "lowlevel.barkbands_kurtosis.stdev": 254.75892639160156, "lowlevel.barkbands_skewness.mean": 7.352152347564697, "lowlevel.barkbands_skewness.stdev": 5.939938545227051, "lowlevel.barkbands_spread.mean": 12.312058448791504, "lowlevel.barkbands_spread.stdev": 17.3336124420166, "lowlevel.dissonance.mean": 0.4731667637825012, "lowlevel.dissonance.stdev": 0.01771394908428192, "lowlevel.dynamic_complexity": 3.055626392364502, "lowlevel.erbbands_crest.mean": 9.380358695983887, "lowlevel.erbbands_crest.stdev": 5.073740482330322, "lowlevel.erbbands_flatness_db.mean": 0.11619818210601807, "lowlevel.erbbands_flatness_db.stdev": 0.04230006784200668, "lowlevel.erbbands_kurtosis.mean": 0.4052537977695465, "lowlevel.erbbands_kurtosis.stdev": 2.671031951904297, "lowlevel.erbbands_skewness.mean": 0.5159558653831482, "lowlevel.erbbands_skewness.stdev": 0.8815050721168518, "lowlevel.erbbands_spread.mean": 66.97025299072266, "lowlevel.erbbands_spread.stdev": 30.14333724975586, "lowlevel.hfc.mean": 23.32416534423828, "lowlevel.hfc.stdev": 29.362777709960938, "lowlevel.loudness_ebu128.integrated": -18.910120010375977, "lowlevel.loudness_ebu128.loudness_range": 2.1180973052978516, "lowlevel.loudness_ebu128.momentary.mean": -19.267080307006836, "lowlevel.loudness_ebu128.momentary.stdev": 1.8193082809448242, "lowlevel.loudness_ebu128.short_term.mean": -19.086172103881836, "lowlevel.loudness_ebu128.short_term.stdev": 0.6847588419914246, "lowlevel.melbands_crest.mean": 25.070959091186523, "lowlevel.melbands_crest.stdev": 6.7612833976745605, "lowlevel.melbands_flatness_db.mean": 0.3450557589530945, "lowlevel.melbands_flatness_db.stdev": 0.11130910366773605, "lowlevel.melbands_kurtosis.mean": 193.05528259277344, "lowlevel.melbands_kurtosis.stdev": 220.8547821044922, "lowlevel.melbands_skewness.mean": 9.382648468017578, "lowlevel.melbands_skewness.stdev": 5.117548942565918, "lowlevel.melbands_spread.mean": 7.16923713684082, "lowlevel.melbands_spread.stdev": 12.562135696411133, "lowlevel.pitch_salience.mean": 0.2216653823852539, "lowlevel.pitch_salience.stdev": 0.16765521466732025, "lowlevel.silence_rate_20dB.mean": 0.922336757183075, "lowlevel.silence_rate_20dB.stdev": 0.26764097809791565, "lowlevel.silence_rate_30dB.mean": 0.5601374506950378, "lowlevel.silence_rate_30dB.stdev": 0.4963703155517578, "lowlevel.silence_rate_60dB.mean": 0.024054983630776405, "lowlevel.silence_rate_60dB.stdev": 0.1532200425863266, "lowlevel.spectral_centroid.mean": 994.2022094726562, "lowlevel.spectral_centroid.stdev": 681.184326171875, "lowlevel.spectral_complexity.mean": 11.637800216674805, "lowlevel.spectral_complexity.stdev": 10.40645694732666, "lowlevel.spectral_decrease.mean": -3.2589550613693063e-08, "lowlevel.spectral_decrease.stdev": 4.2910460962275465e-08, "lowlevel.spectral_energy.mean": 0.12511588633060455, "lowlevel.spectral_energy.stdev": 0.1636575162410736, "lowlevel.spectral_energyband_high.mean": 0.0011738189496099949, "lowlevel.spectral_energyband_high.stdev": 0.0020009821746498346, "lowlevel.spectral_energyband_low.mean": 0.11781071126461029, "lowlevel.spectral_energyband_low.stdev": 0.159549742937088, "lowlevel.spectral_energyband_middle_high.mean": 0.0020848179701715708, "lowlevel.spectral_energyband_middle_high.stdev": 0.003427065908908844, "lowlevel.spectral_energyband_middle_low.mean": 0.004456534516066313, "lowlevel.spectral_energyband_middle_low.stdev": 0.008982767350971699, "lowlevel.spectral_entropy.mean": 7.70206880569458, "lowlevel.spectral_entropy.stdev": 0.5199210047721863, "lowlevel.spectral_flux.mean": 0.13386616110801697, "lowlevel.spectral_flux.stdev": 0.14504656195640564, "lowlevel.spectral_kurtosis.mean": 3.364471673965454, "lowlevel.spectral_kurtosis.stdev": 2.5358617305755615, "lowlevel.spectral_rms.mean": 0.009453816339373589, "lowlevel.spectral_rms.stdev": 0.005717483814805746, "lowlevel.spectral_rolloff.mean": 579.3875732421875, "lowlevel.spectral_rolloff.stdev": 1718.6309814453125, "lowlevel.spectral_skewness.mean": 1.5639809370040894, "lowlevel.spectral_skewness.stdev": 0.456021785736084, "lowlevel.spectral_spread.mean": 6598690.5, "lowlevel.spectral_spread.stdev": 2227156.75, "lowlevel.spectral_strongpeak.mean": 0.796322762966156, "lowlevel.spectral_strongpeak.stdev": 0.4719213545322418, "lowlevel.zerocrossingrate.mean": 0.03095434606075287, "lowlevel.zerocrossingrate.stdev": 0.03420873358845711, "metadata.audio_properties.analysis.equal_loudness": 0.0, "metadata.audio_properties.analysis.length": 33.74932098388672, "metadata.audio_properties.analysis.sample_rate": 44100.0, "metadata.audio_properties.analysis.start_time": 0.0, "metadata.audio_properties.bit_rate": 127489.0, "metadata.audio_properties.length": 33.749332427978516, "metadata.audio_properties.lossless": 0.0, "metadata.audio_properties.number_channels": 1.0, "metadata.audio_properties.replay_gain": -4.380285263061523, "metadata.audio_properties.sample_rate": 48000.0, "rhythm.beats_count": 65.0, "rhythm.beats_loudness.mean": 0.33412355184555054, "rhythm.beats_loudness.stdev": 0.22897769510746002, "rhythm.bpm": 116.52688598632812, "rhythm.bpm_histogram_first_peak_bpm": 117.0, "rhythm.bpm_histogram_first_peak_weight": 0.3898305296897888, "rhythm.bpm_histogram_second_peak_bpm": 112.0, "rhythm.bpm_histogram_second_peak_spread": 0.0, "rhythm.bpm_histogram_second_peak_weight": 0.0625, "rhythm.danceability": 2.0118467807769775, "rhythm.onset_rate": 7.730627059936523, "tonal.chords_changes_rate": 0.057692307978868484, "tonal.chords_number_rate": 0.009615384973585606, "tonal.chords_strength.mean": 0.5747592449188232, "tonal.chords_strength.stdev": 0.08428929001092911, "tonal.hpcp_crest.mean": 12.369790077209473, "tonal.hpcp_crest.stdev": 5.7473249435424805, "tonal.hpcp_entropy.mean": 2.2898666858673096, "tonal.hpcp_entropy.stdev": 0.7860574722290039, "tonal.key_edma.strength": 0.5641348958015442, "tonal.key_krumhansl.strength": 0.5731087923049927, "tonal.key_temperley.strength": 0.5873080492019653, "tonal.tuning_diatonic_strength": 0.6153632998466492, "tonal.tuning_equal_tempered_deviation": 0.23029427230358124, "tonal.tuning_frequency": 434.193115234375, "tonal.tuning_nontempered_energy_ratio": 0.9172621965408325, "lowlevel.barkbands.mean": [0.0034601709339767694, 0.10672778636217117, 0.007263373117893934, 0.0007853223942220211, 0.0007285628817044199, 0.0017084142891690135, 0.0003901724994648248, 0.00038316971040330827, 0.00036060597631148994, 0.000317410274874419, 0.0003308428858872503, 0.00027114921249449253, 0.00018634814477991313, 0.0001909974671434611, 0.00013856968143954873, 0.00013803337060380727, 0.00018871453357860446, 0.00017005186236929148, 0.00010703526641009375, 0.00017499667592346668, 0.00014445652777794749, 0.00010222203854937106, 7.629708125023171e-05, 0.0002523979637771845, 0.0003517794539220631, 0.0001631774939596653, 3.898601335095009e-06], "lowlevel.barkbands.stdev": [0.006790590938180685, 0.14988309144973755, 0.014192652888596058, 0.0030122778844088316, 0.003104560310021043, 0.002716275630518794, 0.001241273363120854, 0.0008315173326991498, 0.0009812706848606467, 0.0008162735030055046, 0.0008211807580664754, 0.0005994299426674843, 0.00044964789412915707, 0.0004513240128289908, 0.000298157159704715, 0.00026033222093246877, 0.0003944083000533283, 0.0003956009168177843, 0.0002640937746036798, 0.0006413548835553229, 0.0003101644688285887, 0.0002079222904285416, 0.00015329293091781437, 0.0004868025425821543, 0.0006871594814583659, 0.00033247211831621826, 1.3762567505182233e-05], "lowlevel.erbbands.mean": [3.317789316177368, 22.055683135986328, 17.719802856445312, 3.753237009048462, 2.445300817489624, 2.520897388458252, 4.855836391448975, 19.318592071533203, 6.393554210662842, 7.646578311920166, 7.728102207183838, 8.384998321533203, 9.31535816192627, 11.032057762145996, 13.831849098205566, 10.726912498474121, 8.81435489654541, 9.772012710571289, 8.515843391418457, 7.7478461265563965, 7.180640697479248, 11.199069023132324, 10.163880348205566, 6.773962497711182, 5.9981160163879395, 8.071358680725098, 6.512173175811768, 5.070252895355225, 4.143439292907715, 2.1855368614196777, 2.2628440856933594, 3.4513027667999268, 5.352391719818115, 4.624690055847168, 2.013356924057007, 0.8586483597755432, 0.2631607949733734, 0.034841202199459076, 0.0007602688274346292, 0.00016650155885145068], "lowlevel.erbbands.stdev": [5.639636039733887, 30.879106521606445, 26.75425148010254, 10.880513191223145, 9.415257453918457, 11.473403930664062, 9.54438304901123, 31.16598129272461, 15.262727737426758, 18.808456420898438, 19.498319625854492, 22.92626190185547, 24.596813201904297, 26.935380935668945, 33.2251091003418, 22.953472137451172, 20.037006378173828, 22.388469696044922, 18.511316299438477, 15.047201156616211, 12.597098350524902, 23.660837173461914, 23.228801727294922, 16.03181266784668, 18.622798919677734, 28.625886917114258, 14.463277816772461, 10.423576354980469, 8.296485900878906, 4.592338562011719, 4.475612163543701, 6.8871002197265625, 10.408868789672852, 9.364956855773926, 3.922396183013916, 1.7425607442855835, 0.5639227628707886, 0.08047886937856674, 0.0016227723099291325, 0.00020042559481225908], "lowlevel.gfcc.mean": [-19.47056770324707, 80.88074493408203, -73.05966186523438, 44.00835418701172, -37.69197463989258, 35.09762954711914, -28.24588966369629, 30.522693634033203, -10.960196495056152, 20.548131942749023, 0.4495670795440674, 8.705133438110352, 2.9604227542877197], "lowlevel.melbands.mean": [0.029770392924547195, 0.015977095812559128, 0.0006137756863608956, 0.00017057683726307005, 0.0001688019692664966, 0.0003865912731271237, 9.177622268907726e-05, 8.504482684656978e-05, 6.260809459490702e-05, 5.178496576263569e-05, 4.594515121425502e-05, 4.368737791082822e-05, 4.563492984743789e-05, 3.417289917706512e-05, 2.1945708795101382e-05, 1.8833341528079472e-05, 1.8057300621876493e-05, 1.4481638572760858e-05, 9.606970706954598e-06, 1.0455928531882819e-05, 7.716513209743425e-06, 1.11232166091213e-05, 1.1417393579904456e-05, 7.382586318271933e-06, 5.322760443959851e-06, 3.6095968880545115e-06, 5.949752448941581e-06, 5.081267318018945e-06, 4.07936931878794e-06, 3.6951712445443263e-06, 2.651096110639628e-06, 2.6747668471216457e-06, 1.406280148330552e-06, 1.1188534472239553e-06, 1.19470269055455e-06, 1.4224809774532332e-06, 2.4468067749694455e-06, 3.907580776285613e-06, 3.848801952699432e-06, 3.9781243685865775e-06], "lowlevel.melbands.stdev": [0.04531535133719444, 0.021525274962186813, 0.0018264923710376024, 0.0007235712837427855, 0.0003675633342936635, 0.000619609490968287, 0.00024153543927241117, 0.00019498393521644175, 0.00016330905782524496, 0.0001440732303308323, 0.00012327810691203922, 0.00010900585766648874, 0.00011155527317896485, 7.668456237297505e-05, 5.2562696509994566e-05, 4.47494639956858e-05, 4.333820834290236e-05, 3.284949707449414e-05, 1.9802084352704696e-05, 2.0706665964098647e-05, 1.3566071174864192e-05, 2.3936967409099452e-05, 2.558814230724238e-05, 1.7840598957263865e-05, 1.3134013897797558e-05, 9.106165634875651e-06, 2.667201988515444e-05, 1.785875065252185e-05, 9.32955117605161e-06, 8.147739208652638e-06, 5.540955953620141e-06, 5.663111096509965e-06, 2.8125605240347795e-06, 2.519079089324805e-06, 2.3745756152493414e-06, 3.1133538413996575e-06, 5.037095434090588e-06, 7.765846930851694e-06, 7.858178832975682e-06, 8.293943210446741e-06], "lowlevel.melbands128.mean": [0.003353625303134322, 0.02534303441643715, 0.04257180914282799, 0.03561565652489662, 0.0139299426227808, 0.0024763778783380985, 0.0005606129998341203, 0.00035030627623200417, 0.0002186349593102932, 0.00017094137729145586, 0.00013255330850370228, 0.00010645092697814107, 8.376824553124607e-05, 0.0003221993683837354, 0.0006672942545264959, 0.0002431858447380364, 7.533591997344047e-05, 8.303368667839095e-05, 8.1482226960361e-05, 8.598801650805399e-05, 9.290803427575156e-05, 6.251162267290056e-05, 6.028381903888658e-05, 5.855209019500762e-05, 5.698598761227913e-05, 4.651068593375385e-05, 4.526378324953839e-05, 4.8625312047079206e-05, 4.332009848440066e-05, 4.342201282270253e-05, 4.31541666330304e-05, 4.530481601250358e-05, 4.4219963456271216e-05, 5.251319089438766e-05, 3.3756943594198674e-05, 3.2736221328377724e-05, 2.5855242711259052e-05, 2.2636497305938974e-05, 1.8108914446202107e-05, 1.8712687960942276e-05, 1.952617458300665e-05, 1.7935948562808335e-05, 1.8532393369241618e-05, 1.8202210412709974e-05, 1.613059976079967e-05, 1.495597643952351e-05, 1.1234988051000983e-05, 7.917461516626645e-06, 9.141703230852727e-06, 1.2611424608621746e-05, 1.0521701369725633e-05, 8.874340892361943e-06, 7.438550710503478e-06, 7.49597074900521e-06, 7.555269348813454e-06, 1.1743881259462796e-05, 1.402553516527405e-05, 1.197359506477369e-05, 1.0918377483903896e-05, 9.692772437119856e-06, 6.752303306711838e-06, 5.9299841268511955e-06, 6.432659120036988e-06, 5.094790139992256e-06, 3.7116888051969e-06, 3.5791488244285574e-06, 3.3255746529903263e-06, 4.025709586130688e-06, 8.041339242481627e-06, 6.651937383139739e-06, 4.9677541937853675e-06, 4.054063083458459e-06, 4.297852228773991e-06, 4.27212034992408e-06, 3.6684741644421592e-06, 3.7661654914700193e-06, 4.114000148547348e-06, 2.479613840478123e-06, 2.4612111246824497e-06, 2.5464094051130814e-06, 3.1589545415044995e-06, 2.7327475891070208e-06, 1.6138254750330816e-06, 1.2615457762876758e-06, 1.2110519946872955e-06, 1.1424156127759488e-06, 1.0602857400954235e-06, 1.1031467010980123e-06, 1.0634637419570936e-06, 1.3644562386616599e-06, 1.579640070303867e-06, 1.28781937291933e-06, 1.3973080967843998e-06, 2.3008358311926713e-06, 2.7085554847872118e-06, 4.880831966147525e-06, 3.8120147110021207e-06, 3.223604835511651e-06, 3.7699487620557193e-06, 4.462202014110517e-06, 3.7847582916583633e-06, 4.470675776246935e-06, 3.288742391305277e-06, 2.903499989770353e-06, 1.8372277281741844e-06, 1.77141396306979e-06, 1.8056033468383248e-06, 1.9821152363874717e-06, 1.5834039004403166e-06, 9.523006951894786e-07, 9.966389598048409e-07, 1.1918945119759883e-06, 7.559975756521453e-07, 6.031489192537265e-07, 5.585618509940105e-07, 4.332125058681413e-07, 1.6094898569463112e-07, 2.309722413329496e-09, 2.400456222684255e-10, 2.1068788380596004e-10, 1.554578271667495e-10, 1.4271291093326255e-10, 1.1550706918717069e-10, 1.0557587443171812e-10, 9.715654669673057e-11, 9.739168499445228e-11, 9.436747216984287e-11, 9.082400109772237e-11], "lowlevel.melbands128.stdev": [0.006615092512220144, 0.04745859280228615, 0.07050434499979019, 0.04828418418765068, 0.02070506289601326, 0.00534729054197669, 0.0022203680127859116, 0.0013329923385754228, 0.0009242675150744617, 0.0008340245694853365, 0.0006804914446547627, 0.00048326465184800327, 0.0002737752511166036, 0.0005655025015585124, 0.0011014785850420594, 0.00043527086381800473, 0.00022638488735537976, 0.00026201564469374716, 0.00033426895970478654, 0.00022265645384322852, 0.00019619367958512157, 0.0001751226809574291, 0.0001971179444808513, 0.00017019630467984825, 0.00016907404642552137, 0.00015893082309048623, 0.00013942248187959194, 0.00014767574612051249, 0.00012292619794607162, 0.00012891824007965624, 0.00012733257608488202, 0.00013323305756784976, 0.0001229760964633897, 0.00015932469977997243, 9.342478006146848e-05, 7.993354665813968e-05, 6.51486188871786e-05, 6.323980051092803e-05, 5.225298446021043e-05, 4.521227674558759e-05, 5.7757988543016836e-05, 4.802516559720971e-05, 5.450503158499487e-05, 4.880140477325767e-05, 4.3929241655860096e-05, 4.2730280256364495e-05, 2.9723660190938972e-05, 1.823872844397556e-05, 2.2143813112052158e-05, 2.809185752994381e-05, 2.3869761207606643e-05, 1.971459096239414e-05, 1.475834142183885e-05, 1.522872298664879e-05, 1.5109969353943598e-05, 2.9324699426069856e-05, 3.6725330573972315e-05, 2.9910292141721584e-05, 2.8469381504692137e-05, 2.8799055144190788e-05, 1.7641599697526544e-05, 1.6148571376106702e-05, 1.8864424419007264e-05, 1.2959087143826764e-05, 9.406609933648724e-06, 9.269765541830566e-06, 1.0422462764836382e-05, 1.4812217159487773e-05, 4.843408532906324e-05, 2.588545612525195e-05, 2.2163465473568067e-05, 1.2619311746675521e-05, 1.08755957626272e-05, 1.0851495062524918e-05, 9.309967936133035e-06, 8.651780262880493e-06, 1.0071074939332902e-05, 6.114024927228456e-06, 5.301194960338762e-06, 6.609478987229522e-06, 7.725247996859252e-06, 5.960382168268552e-06, 3.2588461635896238e-06, 2.6788359264173778e-06, 2.9220464057289064e-06, 2.7719706849893555e-06, 2.625674369483022e-06, 2.649704811119591e-06, 2.2069514216127573e-06, 2.955293666673242e-06, 3.918640231859172e-06, 3.192282292729942e-06, 3.2106597700476414e-06, 5.688817964255577e-06, 5.987682015984319e-06, 1.025309757096693e-05, 8.1142725321115e-06, 7.3657506618474144e-06, 8.05526906333398e-06, 1.0196975381404627e-05, 8.599851753388066e-06, 9.969801794795785e-06, 6.980637408560142e-06, 6.539183232234791e-06, 4.103960691281827e-06, 3.6347996683616657e-06, 3.927039415430045e-06, 4.1686971599119715e-06, 3.5971424949821085e-06, 2.1888295123062562e-06, 2.5105866825470002e-06, 2.969281240439159e-06, 1.7142788237833884e-06, 1.4235866956369136e-06, 1.292102410843654e-06, 1.1217035762456362e-06, 5.369714131120418e-07, 1.2903703883182516e-08, 2.066371518338883e-09, 1.872327848317923e-09, 1.2717238373483042e-09, 1.2227528989328107e-09, 1.026508433810136e-09, 9.47386169514175e-10, 8.725422606659095e-10, 8.85819251283948e-10, 8.597645373420448e-10, 8.311811239281042e-10], "lowlevel.mfcc.mean": [-675.6605224609375, 115.33221435546875, 30.73642921447754, 25.246337890625, 26.90210723876953, 10.968184471130371, 17.480226516723633, 7.149984359741211, 16.61595344543457, 6.2407732009887695, 9.699613571166992, 17.999818801879883, 9.579578399658203], "lowlevel.spectral_contrast_coeffs.mean": [-0.6889866590499878, -0.7718561291694641, -0.8348785638809204, -0.8441755175590515, -0.8240489363670349, -0.7991593480110168], "lowlevel.spectral_contrast_coeffs.stdev": [0.074766144156456, 0.059983331710100174, 0.037987373769283295, 0.028455864638090134, 0.031828682869672775, 0.03108995594084263], "lowlevel.spectral_contrast_valleys.mean": [-6.905090808868408, -7.002854347229004, -7.542413711547852, -7.831959247589111, -7.888545513153076, -10.055312156677246], "lowlevel.spectral_contrast_valleys.stdev": [0.82965487241745, 0.7516670227050781, 0.8022164106369019, 0.7275825142860413, 0.8610098958015442, 1.0150917768478394], "rhythm.beats_loudness_band_ratio.mean": [0.9583719968795776, 0.016647513955831528, 0.006874362472444773, 0.007698596455156803, 0.005040006712079048, 0.006892725359648466], "rhythm.beats_loudness_band_ratio.stdev": [0.0358613021671772, 0.023049524053931236, 0.0086369002237916, 0.008843577466905117, 0.004649719223380089, 0.006669241935014725], "tonal.hpcp.mean": [0.03723233565688133, 0.041531067341566086, 0.039146579802036285, 0.03471517562866211, 0.02308453619480133, 0.015804778784513474, 0.030693748965859413, 0.047332726418972015, 0.06719546020030975, 0.11215748637914658, 0.09568291902542114, 0.03638597950339317, 0.02327103354036808, 0.023244276642799377, 0.020346205681562424, 0.019597021862864494, 0.02107241190969944, 0.03338637948036194, 0.048499543219804764, 0.05242840200662613, 0.06397715210914612, 0.19943402707576752, 0.33608224987983704, 0.21990826725959778, 0.10883741825819016, 0.0884341225028038, 0.04437020421028137, 0.036576882004737854, 0.03655366972088814, 0.043463852256536484, 0.09843184798955917, 0.13935381174087524, 0.083320751786232, 0.03852017968893051, 0.035787682980298996, 0.03131122887134552], "tonal.hpcp.stdev": [0.15559519827365875, 0.17195692658424377, 0.16033203899860382, 0.15500059723854065, 0.11558080464601517, 0.08641265332698822, 0.14047662913799286, 0.177162304520607, 0.20388461649417877, 0.2806711494922638, 0.2507799565792084, 0.1402689516544342, 0.11519764363765717, 0.11584624648094177, 0.10012824833393097, 0.09058865159749985, 0.10460387170314789, 0.14786680042743683, 0.17658403515815735, 0.18975035846233368, 0.19936713576316833, 0.3122131824493408, 0.44326257705688477, 0.32467883825302124, 0.23916298151016235, 0.20448440313339233, 0.14890936017036438, 0.1560165286064148, 0.1509503573179245, 0.16909579932689667, 0.2491389662027359, 0.32326045632362366, 0.22567297518253326, 0.15554498136043549, 0.16023041307926178, 0.14090512692928314], "rhythm.beats_position": [0.4643990993499756, 0.9404081702232361, 1.4396371841430664, 1.9504761695861816, 2.461315155029297, 2.972154140472412, 3.4829931259155273, 4.005442142486572, 4.527891159057617, 5.038730144500732, 5.549569129943848, 6.072018146514893, 6.5944671630859375, 7.105306148529053, 7.616145133972168, 8.150203704833984, 8.661043167114258, 9.171881675720215, 9.682721138000488, 10.205169677734375, 10.716009140014648, 11.238457679748535, 11.760907173156738, 12.271745681762695, 12.794195175170898, 13.305033683776855, 13.827483177185059, 14.349931716918945, 14.860771179199219, 15.371609687805176, 15.88244915008545, 16.393287658691406, 16.91573715209961, 17.43818473815918, 17.960634231567383, 18.483083724975586, 18.99392318725586, 19.5047607421875, 20.015600204467773, 20.538049697875977, 21.06049919128418, 21.57133674621582, 22.082176208496094, 22.604625701904297, 23.1270751953125, 23.63791275024414, 24.160362243652344, 24.682811737060547, 25.19365119934082, 25.70448875427246, 26.226938247680664, 26.749387741088867, 27.26022720336914, 27.77106475830078, 28.281904220581055, 28.815963745117188, 29.326801300048828, 29.8376407623291, 30.348480224609375, 30.882539749145508, 31.39337730407715, 31.904216766357422, 32.41505432128906, 32.94911575317383, 33.45995330810547], "rhythm.bpm_histogram": [0.0, 0.0, 0.0, 0.0, 0.0, 0.0, 0.0, 0.0, 0.0, 0.0, 0.0, 0.0, 0.0, 0.0, 0.0, 0.0, 0.0, 0.0, 0.0, 0.0, 0.0, 0.0, 0.0, 0.0, 0.0, 0.0, 0.0, 0.0, 0.0, 0.0, 0.0, 0.0, 0.0, 0.0, 0.0, 0.0, 0.0, 0.0, 0.0, 0.0, 0.0, 0.0, 0.0, 0.0, 0.0, 0.0, 0.0, 0.0, 0.0, 0.0, 0.0, 0.0, 0.0, 0.0, 0.0, 0.0, 0.0, 0.0, 0.0, 0.0, 0.0, 0.0, 0.0, 0.0, 0.0, 0.0, 0.0, 0.0, 0.0, 0.0, 0.0, 0.0, 0.0, 0.0, 0.0, 0.0, 0.0, 0.0, 0.0, 0.0, 0.0, 0.0, 0.0, 0.0, 0.0, 0.0, 0.0, 0.0, 0.0, 0.0, 0.0, 0.0, 0.0, 0.0, 0.0, 0.0, 0.0, 0.0, 0.0, 0.0, 0.0, 0.0, 0.0, 0.0, 0.0, 0.0, 0.0, 0.0, 0.0, 0.0, 0.0, 0.0, 0.0625, 0.0, 0.0, 0.34375, 0.0, 0.5625, 0.0, 0.0, 0.015625, 0.0, 0.0, 0.0, 0.0, 0.0, 0.015625, 0.0, 0.0, 0.0, 0.0, 0.0, 0.0, 0.0, 0.0, 0.0, 0.0, 0.0, 0.0, 0.0, 0.0, 0.0, 0.0, 0.0, 0.0, 0.0, 0.0, 0.0, 0.0, 0.0, 0.0, 0.0, 0.0, 0.0, 0.0, 0.0, 0.0, 0.0, 0.0, 0.0, 0.0, 0.0, 0.0, 0.0, 0.0, 0.0, 0.0, 0.0, 0.0, 0.0, 0.0, 0.0, 0.0, 0.0, 0.0, 0.0, 0.0, 0.0, 0.0, 0.0, 0.0, 0.0, 0.0, 0.0, 0.0, 0.0, 0.0, 0.0, 0.0, 0.0, 0.0, 0.0, 0.0, 0.0, 0.0, 0.0, 0.0, 0.0, 0.0, 0.0, 0.0, 0.0, 0.0, 0.0, 0.0, 0.0, 0.0, 0.0, 0.0, 0.0, 0.0, 0.0, 0.0, 0.0, 0.0, 0.0, 0.0, 0.0, 0.0, 0.0, 0.0, 0.0, 0.0, 0.0, 0.0, 0.0, 0.0, 0.0, 0.0, 0.0, 0.0, 0.0, 0.0, 0.0, 0.0, 0.0, 0.0, 0.0, 0.0, 0.0, 0.0, 0.0, 0.0, 0.0, 0.0, 0.0, 0.0, 0.0, 0.0, 0.0], "tonal.chords_histogram": [0.0, 0.0, 0.0, 0.0, 0.0, 0.0, 1.3736263513565063, 1.0989011526107788, 0.0, 0.0, 0.0, 0.0, 1.3736263513565063, 0.0, 0.5494505763053894, 0.0, 23.076923370361328, 0.0, 0.0, 0.0, 0.0, 10.164834976196289, 21.840660095214844, 40.521976470947266], "tonal.thpcp": [1.0, 0.6543287038803101, 0.3238416016101837, 0.26313239336013794, 0.13202185928821564, 0.10883312672376633, 0.10876405984163284, 0.1293250471353531, 0.29288023710250854, 0.41464197635650635, 0.24791774153709412, 0.11461533606052399, 0.10648489743471146, 0.09316537529230118, 0.1107834056019783, 0.12357411533594131, 0.11647916585206985, 0.10329368710517883, 0.06868716329336166, 0.04702651873230934, 0.09132808446884155, 0.14083673059940338, 0.19993755221366882, 0.3337203562259674, 0.2847009003162384, 0.10826510190963745, 0.06924207508563995, 0.06916246563196182, 0.0605393648147583, 0.05831019580364227, 0.06270015984773636, 0.09933990985155106, 0.14430855214595795, 0.15599872171878815, 0.19036158919334412, 0.5934084057807922], "lowlevel.gfcc.cov": [[6182.58203125, -1510.8614501953125, 170.5008087158203, -17.965595245361328, -146.7954559326172, 230.80560302734375, -23.80615997314453, 192.6686553955078, -508.064697265625, 68.42503356933594, -477.3478698730469, 52.44318389892578, -485.83026123046875], [-1510.8614501953125, 1364.7625732421875, -137.6363525390625, 37.635345458984375, 169.87484741210938, -99.71804809570312, 133.42770385742188, -129.37680053710938, 250.11520385742188, -210.81317138671875, 230.77345275878906, -160.82861328125, 228.91964721679688], [170.5008087158203, -137.6363525390625, 565.8682250976562, 120.58776092529297, 126.63263702392578, 73.8326187133789, 53.155574798583984, 29.84686279296875, 41.96889877319336, 46.308109283447266, -41.326560974121094, -16.068601608276367, -41.91758728027344], [-17.965595245361328, 37.635345458984375, 120.58776092529297, 327.9932861328125, 66.8353042602539, -11.238998413085938, 63.165733337402344, 2.373344659805298, 61.40426254272461, -11.757940292358398, 45.83190155029297, -47.58115005493164, 25.722930908203125], [-146.7954559326172, 169.87484741210938, 126.63263702392578, 66.8353042602539, 242.95018005371094, 58.125274658203125, 88.3033676147461, 5.658289909362793, 80.22676849365234, -11.553955078125, 43.2554931640625, -27.5624942779541, 37.76986312866211], [230.80560302734375, -99.71804809570312, 73.8326187133789, -11.238998413085938, 58.125274658203125, 164.0712127685547, 73.43964385986328, 25.422122955322266, 0.7365947365760803, 23.161964416503906, -13.904970169067383, -14.56868839263916, -3.730098247528076], [-23.80615997314453, 133.42770385742188, 53.155574798583984, 63.165733337402344, 88.3033676147461, 73.43964385986328, 162.6832733154297, 18.803213119506836, 56.31819152832031, -11.154059410095215, 33.23306655883789, -36.52931213378906, 39.27786636352539], [192.6686553955078, -129.37680053710938, 29.84686279296875, 2.373344659805298, 5.658289909362793, 25.422122955322266, 18.803213119506836, 88.47612762451172, 2.1555442810058594, 18.8702335357666, -18.022672653198242, 20.40229034423828, -15.507108688354492], [-508.064697265625, 250.11520385742188, 41.96889877319336, 61.40426254272461, 80.22676849365234, 0.7365947365760803, 56.31819152832031, 2.1555442810058594, 158.20700073242188, 6.369129657745361, 83.31456756591797, -22.48299789428711, 79.41376495361328], [68.42503356933594, -210.81317138671875, 46.308109283447266, -11.757940292358398, -11.553955078125, 23.161964416503906, -11.154059410095215, 18.8702335357666, 6.369129657745361, 111.17668914794922, -2.5472195148468018, 39.945716857910156, -16.085615158081055], [-477.3478698730469, 230.77345275878906, -41.326560974121094, 45.83190155029297, 43.2554931640625, -13.904970169067383, 33.23306655883789, -18.022672653198242, 83.31456756591797, -2.5472195148468018, 135.5443115234375, 2.360583543777466, 84.6205825805664], [52.44318389892578, -160.82861328125, -16.068601608276367, -47.58115005493164, -27.5624942779541, -14.56868839263916, -36.52931213378906, 20.40229034423828, -22.48299789428711, 39.945716857910156, 2.360583543777466, 99.34904479980469, -1.1433618068695068], [-485.83026123046875, 228.91964721679688, -41.91758728027344, 25.722930908203125, 37.76986312866211, -3.730098247528076, 39.27786636352539, -15.507108688354492, 79.41376495361328, -16.085615158081055, 84.6205825805664, -1.1433618068695068, 118.96721649169922]], "lowlevel.gfcc.icov": [[0.0003168074181303382, 9.133716230280697e-05, 6.607780233025551e-05, -0.0001737839775159955, -4.220763730700128e-05, -0.00025666324654594064, -0.00022884985082782805, -0.00028043592465110123, 0.0005062200943939388, 0.00011809551506303251, 0.0003162547363899648, -0.00010048459807876498, 0.0006753528141416609], [9.133716230280697e-05, 0.004155952949076891, 2.257481901324354e-05, 0.0020079908426851034, -0.0008684976492077112, 0.002526378259062767, -0.0018130737589672208, 0.0027254645247012377, -0.003310594242066145, 0.005312850698828697, -0.0029762806370854378, 0.0037143081426620483, -0.0016604323172941804], [6.607780233025551e-05, 2.257481901324354e-05, 0.002612828277051449, -0.0009642982622608542, -0.0011186031624674797, -0.0007380390889011323, 5.76443926547654e-05, 8.428603905485943e-05, -0.0009810116607695818, -0.0007551651797257364, 0.001438433420844376, -0.00039092625956982374, 0.0012053127866238356], [-0.0001737839775159955, 0.0020079908426851034, -0.0009642982622608542, 0.005255268421024084, -0.000558718282263726, 0.0028782899025827646, -0.0019170629093423486, 0.0009411185164935887, -0.0018940428271889687, 0.00238610222004354, -0.003173855133354664, 0.0037463868502527475, -0.001145835849456489], [-4.220763730700128e-05, -0.0008684976492077112, -0.0011186031624674797, -0.000558718282263726, 0.006719399243593216, -0.0019759030546993017, -0.0012711326126009226, -7.775983976898715e-05, -0.0016015003202483058, 0.0004218579560983926, -0.00035996900987811387, -0.0012233288725838065, 0.0008101618150249124], [-0.00025666324654594064, 0.002526378259062767, -0.0007380390889011323, 0.0028782899025827646, -0.0019759030546993017, 0.011631044559180737, -0.00514330854639411, 0.00040218947106041014, -0.0001335745328105986, 0.0002884772839024663, -0.0015031700022518635, 0.004525247495621443, -0.0028084765654057264], [-0.00022884985082782805, -0.0018130737589672208, 5.76443926547654e-05, -0.0019170629093423486, -0.0012711326126009226, -0.00514330854639411, 0.012108470313251019, -0.0032556105870753527, 7.964855467434973e-05, -0.0013549061259254813, 0.00039628116064704955, 0.0008245664066635072, -0.0017010582378134131], [-0.00028043592465110123, 0.0027254645247012377, 8.428603905485943e-05, 0.0009411185164935887, -7.775983976898715e-05, 0.00040218947106041014, -0.0032556105870753527, 0.016487836837768555, -0.005499404389411211, 0.003362699644640088, 0.00020693102851510048, -0.0021150901447981596, 0.0006560460897162557], [0.0005062200943939388, -0.003310594242066145, -0.0009810116607695818, -0.0018940428271889687, -0.0016015003202483058, -0.0001335745328105986, 7.964855467434973e-05, -0.005499404389411211, 0.018223384395241737, -0.007649464998394251, -0.0014101904816925526, 0.001190517796203494, -0.003921784460544586], [0.00011809551506303251, 0.005312850698828697, -0.0007551651797257364, 0.00238610222004354, 0.0004218579560983926, 0.0002884772839024663, -0.0013549061259254813, 0.003362699644640088, -0.007649464998394251, 0.019733022898435593, -0.004775972571223974, -0.0010061936918646097, 0.0013996969209983945], [0.0003162547363899648, -0.0029762806370854378, 0.001438433420844376, -0.003173855133354664, -0.00035996900987811387, -0.0015031700022518635, 0.00039628116064704955, 0.00020693102851510048, -0.0014101904816925526, -0.004775972571223974, 0.019025230780243874, -0.005399234592914581, -0.005113936495035887], [-0.00010048459807876498, 0.0037143081426620483, -0.00039092625956982374, 0.0037463868502527475, -0.0012233288725838065, 0.004525247495621443, 0.0008245664066635072, -0.0021150901447981596, 0.001190517796203494, -0.0010061936918646097, -0.005399234592914581, 0.019663983955979347, -0.005424285773187876], [0.0006753528141416609, -0.0016604323172941804, 0.0012053127866238356, -0.001145835849456489, 0.0008101618150249124, -0.0028084765654057264, -0.0017010582378134131, 0.0006560460897162557, -0.003921784460544586, 0.0013996969209983945, -0.005113936495035887, -0.005424285773187876, 0.021725507453083992]], "lowlevel.mfcc.cov": [[6033.09716796875, -1226.916748046875, -7.626333236694336, -158.54638671875, -185.2297821044922, -38.1544189453125, 225.57107543945312, 72.15306091308594, -44.02448654174805, -16.520524978637695, 33.288856506347656, -229.6580047607422, -140.93580627441406], [-1226.916748046875, 1027.3865966796875, -97.86965942382812, 21.686988830566406, 76.11732482910156, 27.027790069580078, -30.130708694458008, 53.587257385253906, 20.351778030395508, 19.645410537719727, -28.277738571166992, 27.891244888305664, 1.9724783897399902], [-7.626333236694336, -97.86965942382812, 372.9760437011719, 101.97938537597656, 64.7441635131836, 56.605674743652344, 24.46357536315918, 5.498776435852051, 52.021095275878906, 25.53301429748535, 36.94342803955078, 26.188432693481445, 3.5381367206573486], [-158.54638671875, 21.686988830566406, 101.97938537597656, 306.1057434082031, 71.77558898925781, 27.283037185668945, 4.475213050842285, 22.849607467651367, 16.40540313720703, 23.718040466308594, 20.939502716064453, 28.279308319091797, 14.147397994995117], [-185.2297821044922, 76.11732482910156, 64.7441635131836, 71.77558898925781, 165.53030395507812, 49.26805877685547, 19.236631393432617, 19.416067123413086, 37.92084503173828, 11.849776268005371, 24.803503036499023, 35.79364776611328, 10.134905815124512], [-38.1544189453125, 27.027790069580078, 56.605674743652344, 27.283037185668945, 49.26805877685547, 144.7032928466797, 61.080780029296875, 18.02842903137207, 42.14463424682617, 45.58503341674805, 23.709688186645508, 11.924698829650879, 15.445743560791016], [225.57107543945312, -30.130708694458008, 24.46357536315918, 4.475213050842285, 19.236631393432617, 61.080780029296875, 130.46139526367188, 43.0261116027832, 34.93128967285156, 26.524450302124023, 14.696087837219238, -0.6555683016777039, -1.2323871850967407], [72.15306091308594, 53.587257385253906, 5.498776435852051, 22.849607467651367, 19.416067123413086, 18.02842903137207, 43.0261116027832, 93.60314178466797, 35.517581939697266, 11.373128890991211, 7.800803184509277, 5.855925559997559, 4.72136926651001], [-44.02448654174805, 20.351778030395508, 52.021095275878906, 16.40540313720703, 37.92084503173828, 42.14463424682617, 34.93128967285156, 35.517581939697266, 105.01210021972656, 36.060768127441406, 20.67523765563965, 28.655162811279297, 5.115355014801025], [-16.520524978637695, 19.645410537719727, 25.53301429748535, 23.718040466308594, 11.849776268005371, 45.58503341674805, 26.524450302124023, 11.373128890991211, 36.060768127441406, 73.86293029785156, 25.837188720703125, 4.185126304626465, 10.207965850830078], [33.288856506347656, -28.277738571166992, 36.94342803955078, 20.939502716064453, 24.803503036499023, 23.709688186645508, 14.696087837219238, 7.800803184509277, 20.67523765563965, 25.837188720703125, 59.11711120605469, 31.243318557739258, 9.003732681274414], [-229.6580047607422, 27.891244888305664, 26.188432693481445, 28.279308319091797, 35.79364776611328, 11.924698829650879, -0.6555683016777039, 5.855925559997559, 28.655162811279297, 4.185126304626465, 31.243318557739258, 84.6492691040039, 26.607833862304688], [-140.93580627441406, 1.9724783897399902, 3.5381367206573486, 14.147397994995117, 10.134905815124512, 15.445743560791016, -1.2323871850967407, 4.72136926651001, 5.115355014801025, 10.207965850830078, 9.003732681274414, 26.607833862304688, 56.093318939208984]], "lowlevel.mfcc.icov": [[0.0002890439354814589, 0.0003164812515024096, 5.869160304428078e-05, 5.7257380831288174e-05, 7.353043474722654e-05, 7.753573299851269e-05, -0.00034862288157455623, -0.0003500894526951015, 6.370712799252942e-05, 9.501657041255385e-05, -0.0004597982042469084, 0.0006282723625190556, 0.0004368122899904847], [0.0003164812515024096, 0.0015539256855845451, 0.0004463287186808884, 0.00010769845539471135, -0.0005570409120991826, -0.00028494014986790717, 0.00036089064087718725, -0.0013259582919999957, 0.00033704584348015487, -0.0007829604437574744, 0.0008360447827726603, -0.00016851867258083075, 0.0010413381969556212], [5.869160304428078e-05, 0.0004463287186808884, 0.003508765483275056, -0.0009301003883592784, -0.0005759243504144251, -0.0008027146104723215, 8.819845970720053e-05, 0.00045541994040831923, -0.0013189378660172224, 0.00041574472561478615, -0.0011284342035651207, 0.0002330276620341465, 0.0005489427712745965], [5.7257380831288174e-05, 0.00010769845539471135, -0.0009301003883592784, 0.00410096812993288, -0.0014119860716164112, 0.00017279648454859853, 0.00044052800512872636, -0.001245566993020475, 0.0011956013040617108, -0.001525119529105723, 0.0003805526939686388, -0.0007548254216089845, -4.8038604290923104e-05], [7.353043474722654e-05, -0.0005570409120991826, -0.0005759243504144251, -0.0014119860716164112, 0.008627279661595821, -0.002094889525324106, -0.00017394445603713393, -0.0001009349143714644, -0.001625223085284233, 0.0023403398226946592, -0.002023023087531328, -0.0012086080387234688, 0.00023986415180843323], [7.753573299851269e-05, -0.00028494014986790717, -0.0008027146104723215, 0.00017279648454859853, -0.002094889525324106, 0.011543449014425278, -0.004423242993652821, 0.001364053227007389, -0.0010934568708762527, -0.004053066484630108, -0.0006885129259899259, 0.0012138107558712363, -0.0024281430523842573], [-0.00034862288157455623, 0.00036089064087718725, 8.819845970720053e-05, 0.00044052800512872636, -0.00017394445603713393, -0.004423242993652821, 0.012301897630095482, -0.00448469677940011, -0.0006522689363919199, -0.001270538312382996, 0.0003260690427850932, -0.00038666813634335995, 0.0013136480702087283], [-0.0003500894526951015, -0.0013259582919999957, 0.00045541994040831923, -0.001245566993020475, -0.0001009349143714644, 0.001364053227007389, -0.00448469677940011, 0.015574266202747822, -0.0048969523049890995, 0.0020044802222400904, -0.0011892291950061917, 0.00133972626645118, -0.0026771610137075186], [6.370712799252942e-05, 0.00033704584348015487, -0.0013189378660172224, 0.0011956013040617108, -0.001625223085284233, -0.0010934568708762527, -0.0006522689363919199, -0.0048969523049890995, 0.016161786392331123, -0.006895960308611393, 0.002374593634158373, -0.005714529659599066, 0.0030330608133226633], [9.501657041255385e-05, -0.0007829604437574744, 0.00041574472561478615, -0.001525119529105723, 0.0023403398226946592, -0.004053066484630108, -0.001270538312382996, 0.0020044802222400904, -0.006895960308611393, 0.023478416725993156, -0.01012692041695118, 0.0064905849285423756, -0.0039758202619850636], [-0.0004597982042469084, 0.0008360447827726603, -0.0011284342035651207, 0.0003805526939686388, -0.002023023087531328, -0.0006885129259899259, 0.0003260690427850932, -0.0011892291950061917, 0.002374593634158373, -0.01012692041695118, 0.028908422216773033, -0.011890314519405365, 0.002079252153635025], [0.0006282723625190556, -0.00016851867258083075, 0.0002330276620341465, -0.0007548254216089845, -0.0012086080387234688, 0.0012138107558712363, -0.00038666813634335995, 0.00133972626645118, -0.005714529659599066, 0.0064905849285423756, -0.011890314519405365, 0.022480932995676994, -0.007892271503806114], [0.0004368122899904847, 0.0010413381969556212, 0.0005489427712745965, -4.8038604290923104e-05, 0.00023986415180843323, -0.0024281430523842573, 0.0013136480702087283, -0.0026771610137075186, 0.0030330608133226633, -0.0039758202619850636, 0.002079252153635025, -0.007892271503806114, 0.023602154105901718]], "metadata.audio_properties.analysis.downmix": "mix", "metadata.audio_properties.codec": "mp3", "metadata.audio_properties.md5_encoded": "4bec6c0e5f7f29b1cfd4874207627e56", "metadata.tags.file_name": "1183693826628530187.mp3", "metadata.version.essentia": "2.1-beta6-dev", "metadata.version.essentia_git_sha": "v2.1_beta5-1110-g