{"song_id": "1183685940875632680", "download": "https://cdn.discordapp.com/attachments/1135911532732108921/1183685940875632680/chirp.mp4?ex=65893c70&amp", "lyrics": "(\u041a\u0443\u043f\u043b\u0435\u0442 1)\n\u041d\u0430 \u0413\u0430\u0433\u0430\u0440\u0438\u043d\u0430, \u0432 \u0441\u0435\u0440\u0434\u0446\u0435 \u0433\u043e\u0440\u043e\u0434\u0430,\n\u0422\u0430\u043c \u0440\u0430\u0431\u043e\u0442\u0430\u0435\u0442 \u042e\u0440\u043a\u0430 \u041a\u0430\u0440\u0435\u0432.\n\u041c\u0430\u0442\u0451\u0440\u044b\u0439 \u043f\u0430\u0440\u0435\u043d\u044c,  \u0441 \u0440\u0443\u043a\u0430\u043c\u0438 \u0437\u043e\u043b\u043e\u0442\u044b\u043c\u0438, (\u043e\u0443\u0443\u0443-\u0435\u0435\u0435\u0435) \n\u041c\u0430\u0448\u0438\u043d\u044b \u0447\u0438\u043d\u0438\u0442, \u0438 \u043c\u0430\u0441\u043b\u0430 \u043f\u0440\u043e\u0434\u0430\u0451\u0442. \n(\u041f\u0440\u0438\u043f\u0435\u0432)\n\u042e\u0440\u043a\u0430 \u041a\u0430\u0440\u0435\u0432, \u043f\u0430\u0440\u0435\u043d\u044c \u043d\u0430\u0448 \u0437\u043e\u043b\u043e\u0442\u043e\u0439,\n\u0421\u043a\u043e\u0440\u043e \u0434\u043d\u044e\u0445\u0430, \u043e\u043d \u043d\u0435\u043c\u043d\u043e\u0433\u043e \u043f\u043e\u0432\u0437\u0440\u043e\u0441\u043b\u0435\u043b.\n\u0421\u043c\u0435\u043b\u044b\u0439 \u0438 \u0441\u043c\u0435\u0448\u043d\u043e\u0439, \u0432\u0441\u0435\u0433\u0434\u0430 \u043d\u0430 \u043f\u043e\u0434\u044a\u0451\u043c\u0435,\n\u0412\u0441\u0435\u0445 \u0441\u0432\u043e\u0438\u0445 \u0434\u0440\u0443\u0437\u0435\u0439 \u043e\u043d \u043e\u0431\u043e\u0433\u0440\u0435\u0432\u0430\u0435\u0442.", "style": ["old school rap"], "essentia_features": {"lowlevel.average_loudness": 0.9766250848770142, "lowlevel.barkbands_crest.mean": 16.73758888244629, "lowlevel.barkbands_crest.stdev": 7.416261672973633, "lowlevel.barkbands_flatness_db.mean": 0.24312858283519745, "lowlevel.barkbands_flatness_db.stdev": 0.15227095782756805, "lowlevel.barkbands_kurtosis.mean": 219.55239868164062, "lowlevel.barkbands_kurtosis.stdev": 677.4210815429688, "lowlevel.barkbands_skewness.mean": 6.557355880737305, "lowlevel.barkbands_skewness.stdev": 10.133315086364746, "lowlevel.barkbands_spread.mean": 24.14403533935547, "lowlevel.barkbands_spread.stdev": 27.24880599975586, "lowlevel.dissonance.mean": 0.48002657294273376, "lowlevel.dissonance.stdev": 0.02149268239736557, "lowlevel.dynamic_complexity": 5.71029806137085, "lowlevel.erbbands_crest.mean": 11.106894493103027, "lowlevel.erbbands_crest.stdev": 6.318319797515869, "lowlevel.erbbands_flatness_db.mean": 0.16018924117088318, "lowlevel.erbbands_flatness_db.stdev": 0.07598237693309784, "lowlevel.erbbands_kurtosis.mean": 8.616277694702148, "lowlevel.erbbands_kurtosis.stdev": 29.291994094848633, "lowlevel.erbbands_skewness.mean": 0.7449392080307007, "lowlevel.erbbands_skewness.stdev": 2.5198113918304443, "lowlevel.erbbands_spread.mean": 47.728065490722656, "lowlevel.erbbands_spread.stdev": 35.246334075927734, "lowlevel.hfc.mean": 18.861282348632812, "lowlevel.hfc.stdev": 32.33995819091797, "lowlevel.loudness_ebu128.integrated": -15.265335083007812, "lowlevel.loudness_ebu128.loudness_range": 0.9879598617553711, "lowlevel.loudness_ebu128.momentary.mean": -15.941402435302734, "lowlevel.loudness_ebu128.momentary.stdev": 2.69484806060791, "lowlevel.loudness_ebu128.short_term.mean": -15.350591659545898, "lowlevel.loudness_ebu128.short_term.stdev": 0.37083733081817627, "lowlevel.melbands_crest.mean": 20.191444396972656, "lowlevel.melbands_crest.stdev": 7.660141944885254, "lowlevel.melbands_flatness_db.mean": 0.33002251386642456, "lowlevel.melbands_flatness_db.stdev": 0.19200149178504944, "lowlevel.melbands_kurtosis.mean": 133.0933074951172, "lowlevel.melbands_kurtosis.stdev": 232.00819396972656, "lowlevel.melbands_skewness.mean": 5.785375118255615, "lowlevel.melbands_skewness.stdev": 5.393056869506836, "lowlevel.melbands_spread.mean": 27.014009475708008, "lowlevel.melbands_spread.stdev": 45.14116668701172, "lowlevel.pitch_salience.mean": 0.40135127305984497, "lowlevel.pitch_salience.stdev": 0.25315985083580017, "lowlevel.silence_rate_20dB.mean": 0.9875621795654297, "lowlevel.silence_rate_20dB.stdev": 0.11082867532968521, "lowlevel.silence_rate_30dB.mean": 0.8026533722877502, "lowlevel.silence_rate_30dB.stdev": 0.3979950547218323, "lowlevel.silence_rate_60dB.mean": 0.2189054787158966, "lowlevel.silence_rate_60dB.stdev": 0.41350188851356506, "lowlevel.spectral_centroid.mean": 1448.4549560546875, "lowlevel.spectral_centroid.stdev": 1250.34765625, "lowlevel.spectral_complexity.mean": 6.846600532531738, "lowlevel.spectral_complexity.stdev": 10.088677406311035, "lowlevel.spectral_decrease.mean": -1.3825426137259456e-08, "lowlevel.spectral_decrease.stdev": 2.6148576637297083e-08, "lowlevel.spectral_energy.mean": 0.05389118939638138, "lowlevel.spectral_energy.stdev": 0.09960708767175674, "lowlevel.spectral_energyband_high.mean": 0.001104043098166585, "lowlevel.spectral_energyband_high.stdev": 0.0025015000719577074, "lowlevel.spectral_energyband_low.mean": 0.046910326927900314, "lowlevel.spectral_energyband_low.stdev": 0.09708218276500702, "lowlevel.spectral_energyband_middle_high.mean": 0.001197693170979619, "lowlevel.spectral_energyband_middle_high.stdev": 0.002570732496678829, "lowlevel.spectral_energyband_middle_low.mean": 0.006699106656014919, "lowlevel.spectral_energyband_middle_low.stdev": 0.019996868446469307, "lowlevel.spectral_entropy.mean": 7.366588115692139, "lowlevel.spectral_entropy.stdev": 0.9793607592582703, "lowlevel.spectral_flux.mean": 0.13909170031547546, "lowlevel.spectral_flux.stdev": 0.16128210723400116, "lowlevel.spectral_kurtosis.mean": 7.428335189819336, "lowlevel.spectral_kurtosis.stdev": 8.371095657348633, "lowlevel.spectral_rms.mean": 0.00502073485404253, "lowlevel.spectral_rms.stdev": 0.0052315304055809975, "lowlevel.spectral_rolloff.mean": 2716.464599609375, "lowlevel.spectral_rolloff.stdev": 4359.845703125, "lowlevel.spectral_skewness.mean": 1.8958604335784912, "lowlevel.spectral_skewness.stdev": 0.9416636228561401, "lowlevel.spectral_spread.mean": 6045256.5, "lowlevel.spectral_spread.stdev": 3261545.5, "lowlevel.spectral_strongpeak.mean": 0.5221558809280396, "lowlevel.spectral_strongpeak.stdev": 0.8360505104064941, "lowlevel.zerocrossingrate.mean": 0.09861256927251816, "lowlevel.zerocrossingrate.stdev": 0.1172371655702591, "metadata.audio_properties.analysis.equal_loudness": 0.0, "metadata.audio_properties.analysis.length": 27.967981338500977, "metadata.audio_properties.analysis.sample_rate": 44100.0, "metadata.audio_properties.analysis.start_time": 0.0, "metadata.audio_properties.bit_rate": 131907.0, "metadata.audio_properties.length": 27.968000411987305, "metadata.audio_properties.lossless": 0.0, "metadata.audio_properties.number_channels": 1.0, "metadata.audio_properties.replay_gain": -10.717653274536133, "metadata.audio_properties.sample_rate": 48000.0, "rhythm.beats_count": 45.0, "rhythm.beats_loudness.mean": 0.1601976901292801, "rhythm.beats_loudness.stdev": 0.12886591255664825, "rhythm.bpm": 98.1188735961914, "rhythm.bpm_histogram_first_peak_bpm": 98.0, "rhythm.bpm_histogram_first_peak_weight": 0.21951216459274292, "rhythm.bpm_histogram_second_peak_bpm": 105.0, "rhythm.bpm_histogram_second_peak_spread": 0.5, "rhythm.bpm_histogram_second_peak_weight": 0.022727273404598236, "rhythm.danceability": 2.6384878158569336, "rhythm.onset_rate": 5.968539237976074, "tonal.chords_changes_rate": 0.13741721212863922, "tonal.chords_number_rate": 0.013245033100247383, "tonal.chords_strength.mean": 0.4907059371471405, "tonal.chords_strength.stdev": 0.09928985685110092, "tonal.hpcp_crest.mean": 10.579290390014648, "tonal.hpcp_crest.stdev": 5.417563438415527, "tonal.hpcp_entropy.mean": 2.6089794635772705, "tonal.hpcp_entropy.stdev": 0.8315889239311218, "tonal.key_edma.strength": 0.5980071425437927, "tonal.key_krumhansl.strength": 0.6102936863899231, "tonal.key_temperley.strength": 0.6263773441314697, "tonal.tuning_diatonic_strength": 0.7385149598121643, "tonal.tuning_equal_tempered_deviation": 0.24329906702041626, "tonal.tuning_frequency": 436.20416259765625, "tonal.tuning_nontempered_energy_ratio": 0.8903269171714783, "lowlevel.barkbands.mean": [0.0004937221528962255, 0.035597655922174454, 0.008829014375805855, 0.003228061133995652, 0.0021869330666959286, 0.0005505483131855726, 0.0002651364775374532, 0.00018421043932903558, 0.00022933761647436768, 0.00013114542525727302, 0.00012887416232842952, 0.0001453293371014297, 0.00012049339420627803, 9.077108552446589e-05, 0.00010588514123810455, 0.00010650889453245327, 9.81964185484685e-05, 0.0001163088163593784, 0.00012537221482489258, 0.00010183500126004219, 0.00010641050175763667, 9.322709956904873e-05, 0.0001045452881953679, 0.00012449236237443984, 0.00011877271754201502, 0.00047748401993885636, 3.083229239564389e-05], "lowlevel.barkbands.stdev": [0.0013300576247274876, 0.07874754816293716, 0.032091837376356125, 0.012731460854411125, 0.0069365608505904675, 0.0021609331015497446, 0.0010823131306096911, 0.0005917082889936864, 0.000862973160110414, 0.000482308299979195, 0.00039349094731733203, 0.0004994954215362668, 0.00032401009229943156, 0.0002548064512666315, 0.0002905799774453044, 0.00027321733068674803, 0.0002878795494325459, 0.00048370796139352024, 0.0003552812268026173, 0.0002928870962932706, 0.00032169045880436897, 0.0002892657066695392, 0.0003099441819358617, 0.00029667734634131193, 0.0002992760273627937, 0.001052351202815771, 8.783709927229211e-05], "lowlevel.erbbands.mean": [0.8518447279930115, 8.445916175842285, 12.359823226928711, 11.166715621948242, 9.880755424499512, 5.857363700866699, 4.172605991363525, 4.272876262664795, 3.443946361541748, 4.569940567016602, 4.042446613311768, 5.252969264984131, 4.991185665130615, 4.145549297332764, 5.797590732574463, 5.854897975921631, 5.726660251617432, 4.932310581207275, 4.929256916046143, 5.542089939117432, 6.260025978088379, 5.626124858856201, 5.860250949859619, 6.794816493988037, 6.17835807800293, 4.789755344390869, 4.42932653427124, 3.8115761280059814, 3.3302409648895264, 3.491321563720703, 2.7806503772735596, 2.512469530105591, 2.0424318313598633, 1.014403223991394, 1.0264949798583984, 1.2778687477111816, 1.0047060251235962, 0.21812348067760468, 0.004277574829757214, 0.00017637995188124478], "lowlevel.erbbands.stdev": [1.8848336935043335, 19.185266494750977, 36.86708450317383, 42.218177795410156, 32.58169937133789, 18.918415069580078, 15.394164085388184, 16.494915008544922, 12.26945686340332, 18.213550567626953, 13.142228126525879, 19.99070930480957, 20.15273094177246, 12.919051170349121, 17.334228515625, 20.30529022216797, 15.085171699523926, 12.809555053710938, 12.73183536529541, 15.17685604095459, 15.978492736816406, 16.498748779296875, 24.407438278198242, 21.432052612304688, 17.316980361938477, 14.160919189453125, 13.20921516418457, 11.5751314163208, 10.236599922180176, 10.777284622192383, 8.231563568115234, 6.262531280517578, 4.978359699249268, 2.647768259048462, 2.681001901626587, 3.0465586185455322, 2.2200615406036377, 0.5010706782341003, 0.009889468550682068, 0.0002949890913441777], "lowlevel.gfcc.mean": [-123.62060546875, 55.177024841308594, -63.02269744873047, 39.04574203491211, -19.83342170715332, 20.453105926513672, -22.29292106628418, 16.05316162109375, -17.39403533935547, 9.756265640258789, -13.067927360534668, 6.291520118713379, -17.521133422851562], "lowlevel.melbands.mean": [0.009089256636798382, 0.008110253140330315, 0.0018842092249542475, 0.0005658259615302086, 0.00015093004913069308, 9.694130130810663e-05, 5.36892403033562e-05, 4.8172099923249334e-05, 3.2564083085162565e-05, 3.361096605658531e-05, 2.4216444217017852e-05, 1.5946214261930436e-05, 1.832983616623096e-05, 1.7570244381204247e-05, 1.3059264347248245e-05, 1.1797837942140177e-05, 8.835176231514197e-06, 7.5659404501493555e-06, 8.159201570379082e-06, 6.916548954905011e-06, 7.397615718218731e-06, 5.865879302291432e-06, 5.195852281758562e-06, 5.56074655833072e-06, 5.52742267245776e-06, 4.401974365464412e-06, 4.198599981464213e-06, 2.9172967970225727e-06, 2.6681386771088e-06, 2.6891623292613076e-06, 2.0270842924219323e-06, 1.8909850041382015e-06, 1.7698688452583156e-06, 2.0303778001107275e-06, 1.6316456594722695e-06, 1.3795531685900642e-06, 1.6403682820964605e-06, 1.584032702339755e-06, 1.1809376019300544e-06, 6.902828886268253e-07], "lowlevel.melbands.stdev": [0.01994376815855503, 0.01939653418958187, 0.006785388570278883, 0.001817375305108726, 0.000509737292304635, 0.0003694645129144192, 0.00019749849161598831, 0.00018184285727329552, 0.00010665078298188746, 0.000130881744553335, 9.911447705235332e-05, 5.0627502787392586e-05, 5.4329706472344697e-05, 6.08635600656271e-05, 4.275842002243735e-05, 2.9874270694563165e-05, 2.4843653591233306e-05, 2.0617100744857453e-05, 2.3735927243251354e-05, 1.832524321798701e-05, 1.9172130123479292e-05, 1.6843781850184314e-05, 1.9510982383508235e-05, 2.5079150873352773e-05, 1.734387296892237e-05, 1.2519635674834717e-05, 1.1940659533138387e-05, 9.085219062399119e-06, 7.919312338344753e-06, 8.500606782035902e-06, 6.233241492736852e-06, 5.901635631744284e-06, 5.640334165946115e-06, 6.198790288181044e-06, 4.9762816161091905e-06, 4.261184585629962e-06, 3.983133410656592e-06, 3.9379351619572844e-06, 3.0452481496467954e-06, 1.999907908611931e-06], "lowlevel.melbands128.mean": [0.0004728319763671607, 0.005160076543688774, 0.014113922603428364, 0.014121916145086288, 0.007863267324864864, 0.003938289359211922, 0.0023391982540488243, 0.0013846561778336763, 0.0009911826346069574, 0.0005917616654187441, 0.00025556585751473904, 0.00014144863234832883, 0.00013981967640575022, 0.0001369007077300921, 0.00010031911369878799, 7.745387847535312e-05, 5.4371990700019524e-05, 4.5885575673310086e-05, 5.6116943596862257e-05, 5.612333188764751e-05, 4.1705454350449145e-05, 3.344476499478333e-05, 3.1411665986524895e-05, 3.089834353886545e-05, 3.441686203586869e-05, 3.576918606995605e-05, 2.941487036878243e-05, 2.6007592168753035e-05, 1.6646916265017353e-05, 1.365740354231093e-05, 1.720412910799496e-05, 1.699976019153837e-05, 1.7299025785177946e-05, 2.097889046126511e-05, 1.8471650037099607e-05, 1.6858737581060268e-05, 1.5504319890169427e-05, 1.1740035006368998e-05, 1.226091080752667e-05, 1.416925442754291e-05, 1.169989445770625e-05, 8.54063455335563e-06, 8.992805305751972e-06, 9.286941349273548e-06, 7.05322963767685e-06, 7.462062967533711e-06, 7.564765837742016e-06, 8.638421604700852e-06, 8.80207971931668e-06, 6.299845608737087e-06, 6.453713922383031e-06, 7.561788606835762e-06, 7.717771040915977e-06, 7.4327272159280255e-06, 6.525587195937987e-06, 5.786026576970471e-06, 5.168432380742161e-06, 5.239918209554162e-06, 5.48369007447036e-06, 4.545218871498946e-06, 5.60305261387839e-06, 6.09676999374642e-06, 6.319608473859262e-06, 5.577332103712251e-06, 3.817643573711393e-06, 4.273323156667175e-06, 4.663043910113629e-06, 4.8427964429720305e-06, 4.119024197279941e-06, 3.442341267145821e-06, 2.8312124413787387e-06, 2.7511941880220547e-06, 2.449208295729477e-06, 2.6721581889432855e-06, 2.8723095510940766e-06, 2.784891194096417e-06, 2.767902515188325e-06, 2.085665983031504e-06, 2.017942733800737e-06, 1.6971462173387408e-06, 2.0183922515570885e-06, 2.0267032141418895e-06, 1.5652766478524427e-06, 1.7451633311793557e-06, 1.8609188146001543e-06, 2.0913398657285143e-06, 2.0776237761310767e-06, 1.943027655215701e-06, 1.5292358739316114e-06, 1.5332163911807584e-06, 1.391682189932908e-06, 1.3495717894329573e-06, 1.2852671034124796e-06, 1.6896403849386843e-06, 1.7156825151687372e-06, 2.1017899598518852e-06, 1.4436794799621566e-06, 9.419953244105272e-07, 1.4599090718547814e-06, 1.2283160231163492e-06, 6.424884304578882e-07, 6.462959731834417e-07, 5.676063210557913e-07, 9.736236279422883e-07, 9.53974904405186e-07, 1.477996420362615e-06, 1.5811232287887833e-06, 1.5954809668983216e-06, 2.0066052002221113e-06, 2.5883714442898054e-06, 3.6751016523339786e-06, 3.5530017612472875e-06, 3.2650050343363546e-06, 3.275976496297517e-06, 2.8649330943153473e-06, 3.217511675757123e-06, 1.3931019111623755e-06, 4.1956809582188725e-08, 1.32228367144549e-10, 1.624322065740813e-10, 1.886240746928891e-10, 6.103891697639696e-11, 7.89869732120696e-12, 7.651909487982334e-12, 7.399505487504232e-12, 7.106313367616357e-12, 6.934780874545687e-12, 6.8753787385578136e-12], "lowlevel.melbands128.stdev": [0.0012988895177841187, 0.011999834328889847, 0.032430343329906464, 0.03358728438615799, 0.022285528481006622, 0.014703432098031044, 0.009397774003446102, 0.0053663551807403564, 0.0032611268106848, 0.001913866843096912, 0.0008864632109180093, 0.0005064068827778101, 0.0005745922098867595, 0.000632928335107863, 0.00042554072570055723, 0.0003222638042643666, 0.00019765758770518005, 0.00019132086890749633, 0.00026584460283629596, 0.0002522512513678521, 0.0001462194777559489, 0.00012057982530677691, 0.00011389625433366746, 0.00012171177513664588, 0.00014120175910647959, 0.00016914513253141195, 0.00013541858061216772, 0.00011685502249747515, 6.9066634750925e-05, 4.822333357878961e-05, 6.433016096707433e-05, 5.617979331873357e-05, 5.559367855312303e-05, 7.524053944507614e-05, 6.82584650348872e-05, 7.162794645410031e-05, 6.753124762326479e-05, 3.959064633818343e-05, 5.097633766126819e-05, 4.270322824595496e-05, 3.274500340921804e-05, 2.5166897103190422e-05, 3.214913158444688e-05, 2.954765659524128e-05, 2.3879827494965866e-05, 2.3821125068934634e-05, 2.2072679712437093e-05, 2.629623850225471e-05, 3.5427496186457574e-05, 1.8677004845812917e-05, 1.9511198843247257e-05, 2.3894894184195437e-05, 2.3146512830862775e-05, 2.0561999917845242e-05, 1.8624807125888765e-05, 1.8653503502719104e-05, 1.7410646250937134e-05, 2.1456236936501227e-05, 2.3147975298343226e-05, 2.0978694010409527e-05, 3.2126943551702425e-05, 2.4841794584062882e-05, 2.2105999960331246e-05, 1.930188045662362e-05, 1.0608450793370139e-05, 1.3331332411326002e-05, 1.5110074855329003e-05, 1.5578712918795645e-05, 1.2568202691909391e-05, 1.1435224223532714e-05, 1.0119754733750597e-05, 9.09954178496264e-06, 7.44571843824815e-06, 8.32270598039031e-06, 9.872399459709413e-06, 9.428500561625697e-06, 9.88105693977559e-06, 6.7700111685553566e-06, 6.570335244759917e-06, 5.652394065691624e-06, 6.860208941361634e-06, 6.920032774360152e-06, 4.969393557985313e-06, 6.054764526197687e-06, 6.610902801185148e-06, 6.9768061621289235e-06, 6.298140306171263e-06, 6.132581347628729e-06, 5.494053766597062e-06, 4.615643319993978e-06, 3.946108790842118e-06, 6.133444003353361e-06, 3.3480205274827313e-06, 4.556649400910828e-06, 4.488683316594688e-06, 5.1594365686469246e-06, 4.11205701311701e-06, 2.7752862479246687e-06, 4.1369189602846745e-06, 3.3258368148381123e-06, 2.0010259049740853e-06, 2.26234806177672e-06, 1.9899330254702363e-06, 3.20960748467769e-06, 2.9337325031519867e-06, 4.2795527406269684e-06, 4.432875357451849e-06, 4.7478461056016386e-06, 5.653369498759275e-06, 6.359413873724407e-06, 9.468605639995076e-06, 8.384765351365786e-06, 7.674986591155175e-06, 8.20345121610444e-06, 6.727266281814082e-06, 7.615537015226437e-06, 3.753114924620604e-06, 2.058446852970519e-07, 2.998599590853246e-09, 4.7276467185497495e-09, 6.120224327332835e-09, 1.7964889575949883e-09, 1.8153962708100657e-11, 1.7579179431570502e-11, 1.632316851130078e-11, 1.5112945617179463e-11, 1.4817038221370815e-11, 1.4738127385172106e-11], "lowlevel.mfcc.mean": [-792.19775390625, 106.24623107910156, 20.916353225708008, 37.195960998535156, 26.359716415405273, 18.10875701904297, 13.841163635253906, 14.600597381591797, 2.2748355865478516, 16.66704750061035, -0.5720218420028687, 8.238057136535645, 3.605653762817383], "lowlevel.spectral_contrast_coeffs.mean": [-0.7199763059616089, -0.8347698450088501, -0.8482941389083862, -0.8378586173057556, -0.822084367275238, -0.7749866843223572], "lowlevel.spectral_contrast_coeffs.stdev": [0.10272673517465591, 0.05416600778698921, 0.04961549490690231, 0.052598223090171814, 0.04891304671764374, 0.054260242730379105], "lowlevel.spectral_contrast_valleys.mean": [-7.745204448699951, -8.286730766296387, -8.818000793457031, -8.887367248535156, -8.827165603637695, -11.6383695602417], "lowlevel.spectral_contrast_valleys.stdev": [1.4982221126556396, 1.6075797080993652, 1.6329374313354492, 1.5412802696228027, 1.461241602897644, 1.7789989709854126], "rhythm.beats_loudness_band_ratio.mean": [0.7218689918518066, 0.11681070178747177, 0.02505246177315712, 0.022116880863904953, 0.045029979199171066, 0.11505428701639175], "rhythm.beats_loudness_band_ratio.stdev": [0.31302717328071594, 0.16006165742874146, 0.03038017265498638, 0.041344549506902695, 0.07426901161670685, 0.13767635822296143], "tonal.hpcp.mean": [0.07166182994842529, 0.06521494686603546, 0.0825188159942627, 0.10850617289543152, 0.1035638153553009, 0.09211862832307816, 0.11101279407739639, 0.14952605962753296, 0.19205206632614136, 0.21398821473121643, 0.20616641640663147, 0.17718078196048737, 0.12284214794635773, 0.08312468230724335, 0.0925731435418129, 0.10604561865329742, 0.11404760181903839, 0.10329674184322357, 0.08039209991693497, 0.06913014501333237, 0.05680859833955765, 0.058963876217603683, 0.06885629892349243, 0.07095273584127426, 0.07792797684669495, 0.08261222392320633, 0.07957400381565094, 0.08278153091669083, 0.0978066474199295, 0.1096852645277977, 0.13445867598056793, 0.13194230198860168, 0.09662050008773804, 0.08891472965478897, 0.09336291253566742, 0.08826171606779099], "tonal.hpcp.stdev": [0.16456133127212524, 0.16773293912410736, 0.1970130056142807, 0.24323463439941406, 0.22571313381195068, 0.21183842420578003, 0.23023611307144165, 0.28920647501945496, 0.3111068308353424, 0.3366289734840393, 0.3152080476284027, 0.3121676445007324, 0.24858435988426208, 0.19182245433330536, 0.2179219275712967, 0.2206714004278183, 0.23499177396297455, 0.2243920862674713, 0.19461308419704437, 0.18414968252182007, 0.1549469232559204, 0.15624094009399414, 0.17865172028541565, 0.17743425071239471, 0.18235699832439423, 0.19049380719661713, 0.18447083234786987, 0.1891418993473053, 0.22427546977996826, 0.21288245916366577, 0.2653833031654358, 0.2569195330142975, 0.20162878930568695, 0.20024773478507996, 0.20558613538742065, 0.2081051766872406], "rhythm.beats_position": [0.5572788715362549, 1.1261677742004395, 1.6602267026901245, 2.217505693435669, 2.809614419937134, 3.4017233848571777, 4.017052173614502, 4.632380962371826, 5.24770975112915, 5.851428508758545, 6.478367328643799, 7.082086086273193, 7.685804843902588, 8.28952407836914, 8.916461944580078, 9.520181655883789, 10.135510444641113, 10.750839233398438, 11.366168022155762, 11.981496810913086, 12.58521556854248, 13.188934326171875, 13.815873146057129, 14.419591903686523, 15.046530723571777, 15.650249481201172, 16.27718734741211, 16.88090705871582, 17.4846248626709, 18.08834457397461, 18.715282440185547, 19.319002151489258, 19.934329986572266, 20.549659729003906, 21.164987564086914, 21.780317306518555, 22.384035110473633, 22.987754821777344, 23.61469268798828, 24.230022430419922, 24.84535026550293, 25.46068000793457, 26.076007843017578, 26.67972755432129, 27.295055389404297], "rhythm.bpm_histogram": [0.0, 0.0, 0.0, 0.0, 0.0, 0.0, 0.0, 0.0, 0.0, 0.0, 0.0, 0.0, 0.0, 0.0, 0.0, 0.0, 0.0, 0.0, 0.0, 0.0, 0.0, 0.0, 0.0, 0.0, 0.0, 0.0, 0.0, 0.0, 0.0, 0.0, 0.0, 0.0, 0.0, 0.0, 0.0, 0.0, 0.0, 0.0, 0.0, 0.0, 0.0, 0.0, 0.0, 0.0, 0.0, 0.0, 0.0, 0.0, 0.0, 0.0, 0.0, 0.0, 0.0, 0.0, 0.0, 0.0, 0.0, 0.0, 0.0, 0.0, 0.0, 0.0, 0.0, 0.0, 0.0, 0.0, 0.0, 0.0, 0.0, 0.0, 0.0, 0.0, 0.0, 0.0, 0.0, 0.0, 0.0, 0.0, 0.0, 0.0, 0.0, 0.0, 0.0, 0.0, 0.0, 0.0, 0.0, 0.0, 0.0, 0.0, 0.0, 0.0, 0.0, 0.0, 0.0, 0.0, 0.15909090638160706, 0.0, 0.3636363744735718, 0.3636363744735718, 0.0, 0.04545454680919647, 0.0, 0.0, 0.0, 0.022727273404598236, 0.0, 0.0, 0.022727273404598236, 0.0, 0.0, 0.0, 0.022727273404598236, 0.0, 0.0, 0.0, 0.0, 0.0, 0.0, 0.0, 0.0, 0.0, 0.0, 0.0, 0.0, 0.0, 0.0, 0.0, 0.0, 0.0, 0.0, 0.0, 0.0, 0.0, 0.0, 0.0, 0.0, 0.0, 0.0, 0.0, 0.0, 0.0, 0.0, 0.0, 0.0, 0.0, 0.0, 0.0, 0.0, 0.0, 0.0, 0.0, 0.0, 0.0, 0.0, 0.0, 0.0, 0.0, 0.0, 0.0, 0.0, 0.0, 0.0, 0.0, 0.0, 0.0, 0.0, 0.0, 0.0, 0.0, 0.0, 0.0, 0.0, 0.0, 0.0, 0.0, 0.0, 0.0, 0.0, 0.0, 0.0, 0.0, 0.0, 0.0, 0.0, 0.0, 0.0, 0.0, 0.0, 0.0, 0.0, 0.0, 0.0, 0.0, 0.0, 0.0, 0.0, 0.0, 0.0, 0.0, 0.0, 0.0, 0.0, 0.0, 0.0, 0.0, 0.0, 0.0, 0.0, 0.0, 0.0, 0.0, 0.0, 0.0, 0.0, 0.0, 0.0, 0.0, 0.0, 0.0, 0.0, 0.0, 0.0, 0.0, 0.0, 0.0, 0.0, 0.0, 0.0, 0.0, 0.0, 0.0, 0.0, 0.0, 0.0, 0.0, 0.0, 0.0, 0.0, 0.0, 0.0, 0.0, 0.0, 0.0, 0.0, 0.0, 0.0, 0.0, 0.0, 0.0], "tonal.chords_histogram": [28.642383575439453, 0.0, 0.33112582564353943, 1.4900661706924438, 0.0, 3.476821184158325, 0.16556291282176971, 45.19867706298828, 3.145695447921753, 4.801324367523193, 1.3245033025741577, 0.0, 0.0, 0.0, 0.0, 0.16556291282176971, 0.0, 0.0, 0.0, 0.0, 0.8278145790100098, 0.0, 9.602648735046387, 0.8278145790100098], "tonal.thpcp": [1.0, 0.9634475111961365, 0.8279931545257568, 0.574060320854187, 0.38845449686050415, 0.43260860443115234, 0.49556756019592285, 0.5329620838165283, 0.48272162675857544, 0.3756847083568573, 0.32305586338043213, 0.2654753625392914, 0.2755472958087921, 0.3217761218547821, 0.33157309889793396, 0.36416947841644287, 0.3860597014427185, 0.37186160683631897, 0.38685089349746704, 0.4570655822753906, 0.5125762224197388, 0.6283461451530457, 0.6165867447853088, 0.4515225291252136, 0.4155122637748718, 0.43629932403564453, 0.41246065497398376, 0.3348868191242218, 0.30475953221321106, 0.38562318682670593, 0.5070661306381226, 0.48396971821784973, 0.4304845929145813, 0.5187799334526062, 0.6987583637237549, 0.8974890112876892], "lowlevel.gfcc.cov": [[20008.640625, -1100.061767578125, -728.3888549804688, -920.6165161132812, -1384.8427734375, -894.325927734375, -887.2906494140625, -483.1067810058594, -873.981201171875, -228.77569580078125, -712.5486450195312, 162.39891052246094, -457.1966857910156], [-1100.061767578125, 4758.2998046875, -534.3153076171875, -484.8403625488281, 908.9877319335938, -74.18944549560547, 403.970458984375, -72.18843841552734, 409.4332580566406, -398.2408447265625, 401.6371765136719, -354.8280944824219, 164.19325256347656], [-728.3888549804688, -534.3153076171875, 3087.10009765625, 1120.7197265625, 297.5823059082031, 362.2834167480469, 255.69790649414062, 13.265665054321289, -128.40301513671875, 43.63765335083008, -230.6907958984375, 74.63013458251953, 14.722917556762695], [-920.6165161132812, -484.8403625488281, 1120.7197265625, 1133.4088134765625, 350.051025390625, 193.8041229248047, 134.09716796875, 3.7104876041412354, 96.66093444824219, 67.3127212524414, 11.838309288024902, 19.59682846069336, 48.08033752441406], [-1384.8427734375, 908.9877319335938, 297.5823059082031, 350.051025390625, 788.0365600585938, 231.4646453857422, 300.87127685546875, 67.21168518066406, 268.455322265625, 3.6407923698425293, 173.8251190185547, -107.6314926147461, 45.60649490356445], [-894.325927734375, -74.18944549560547, 362.2834167480469, 193.8041229248047, 231.4646453857422, 396.9591979980469, 249.62867736816406, 56.753753662109375, 84.17696380615234, 76.60594940185547, 41.37534713745117, 13.77780532836914, 3.199347496032715], [-887.2906494140625, 403.970458984375, 255.69790649414062, 134.09716796875, 300.87127685546875, 249.62867736816406, 449.32177734375, 132.04446411132812, 142.84820556640625, -11.942044258117676, 115.57894134521484, -13.943861961364746, 30.13834571838379], [-483.1067810058594, -72.18843841552734, 13.265665054321289, 3.7104876041412354, 67.21168518066406, 56.753753662109375, 132.04446411132812, 198.11036682128906, 69.41960144042969, 37.66938781738281, 39.3189582824707, 14.73730754852295, 20.71256446838379], [-873.981201171875, 409.4332580566406, -128.40301513671875, 96.66093444824219, 268.455322265625, 84.17696380615234, 142.84820556640625, 69.41960144042969, 241.9929962158203, 38.75691604614258, 129.0379180908203, -44.796348571777344, 51.07729721069336], [-228.77569580078125, -398.2408447265625, 43.63765335083008, 67.3127212524414, 3.6407923698425293, 76.60594940185547, -11.942044258117676, 37.66938781738281, 38.75691604614258, 154.97555541992188, 21.819778442382812, 30.513093948364258, -5.7977614402771], [-712.5486450195312, 401.6371765136719, -230.6907958984375, 11.838309288024902, 173.8251190185547, 41.37534713745117, 115.57894134521484, 39.3189582824707, 129.0379180908203, 21.819778442382812, 190.10130310058594, -17.056413650512695, 38.58853530883789], [162.39891052246094, -354.8280944824219, 74.63013458251953, 19.59682846069336, -107.6314926147461, 13.77780532836914, -13.943861961364746, 14.73730754852295, -44.796348571777344, 30.513093948364258, -17.056413650512695, 130.5875244140625, 6.640777587890625], [-457.1966857910156, 164.19325256347656, 14.722917556762695, 48.08033752441406, 45.60649490356445, 3.199347496032715, 30.13834571838379, 20.71256446838379, 51.07729721069336, -5.7977614402771, 38.58853530883789, 6.640777587890625, 96.44933319091797]], "lowlevel.gfcc.icov": [[7.350389932980761e-05, -3.122944326605648e-05, 3.1834708352107555e-05, -2.2368423742591403e-05, 2.756451976893004e-05, 0.00012930591765325516, -6.646535621257499e-05, 8.312285353895277e-05, 9.56459334702231e-05, -8.274986612377688e-05, 0.0002329395938431844, -0.00012882550072390586, 0.0002535262901801616], [-3.122944326605648e-05, 0.0007289700442925096, -0.00022755439567845315, 0.0006546258227899671, -0.0005755137535743415, 0.0001860516204033047, -6.530683458549902e-05, 0.0005412821192294359, -0.0006362888962030411, 0.0015183102805167437, -0.001087615848518908, 0.0008099940605461597, -0.000702879682648927], [3.1834708352107555e-05, -0.00022755439567845315, 0.0008458510274067521, -0.0008332828874699771, -0.00012213209993205965, -0.00013804476475343108, -0.0005335861351341009, -9.925683116307482e-05, 0.0010786197381094098, -0.0007688872283324599, 0.0015099849551916122, -0.00039515571552328765, -0.00011941075354116037], [-2.2368423742591403e-05, 0.0006546258227899671, -0.0008332828874699771, 0.002286291681230068, -0.0009397380636073649, 0.00018486016779206693, 0.00022730065393261611, 0.0008555912063457072, -0.0012294738553464413, 0.0010135427583009005, -0.0011922003468498588, 0.00030386183061636984, -0.0008814223692752421], [2.756451976893004e-05, -0.0005755137535743415, -0.00012213209993205965, -0.0009397380636073649, 0.003682214068248868, -0.0010363153414800763, -0.00016222275735344738, -0.0003700221423059702, -0.0018513220129534602, -0.00010231712803943083, -0.0006132126436568797, 0.0010307334596291184, 0.0011695286957547069], [0.00012930591765325516, 0.0001860516204033047, -0.00013804476475343108, 0.00018486016779206693, -0.0010363153414800763, 0.005849461071193218, -0.0034790777135640383, 0.0016009643441066146, 0.00021744248806498945, -0.002997345756739378, 0.0014140307903289795, -0.0006908717332407832, 0.0004509538703132421], [-6.646535621257499e-05, -6.530683458549902e-05, -0.0005335861351341009, 0.00022730065393261611, -0.00016222275735344738, -0.0034790777135640383, 0.006563943810760975, -0.0031876282300800085, -0.0012862979201599956, 0.003586416132748127, -0.0028906736988574266, -0.00022026804799679667, 0.0006583002395927906], [8.312285353895277e-05, 0.0005412821192294359, -9.925683116307482e-05, 0.0008555912063457072, -0.0003700221423059702, 0.0016009643441066146, -0.0031876282300800085, 0.008075720630586147, -0.0015816595405340195, -0.0014602524461224675, 0.0006589749245904386, -0.0004925798857584596, -0.0010350499069318175], [9.56459334702231e-05, -0.0006362888962030411, 0.0010786197381094098, -0.0012294738553464413, -0.0018513220129534602, 0.00021744248806498945, -0.0012862979201599956, -0.0015816595405340195, 0.011821257881820202, -0.004188552964478731, -0.0010663529392331839, 0.0012381026754155755, -0.0025760147254914045], [-8.274986612377688e-05, 0.0015183102805167437, -0.0007688872283324599, 0.0010135427583009005, -0.00010231712803943083, -0.002997345756739378, 0.003586416132748127, -0.0014602524461224675, -0.004188552964478731, 0.013849913142621517, -0.004568536300212145, -1.784031883289572e-05, 0.0008556033135391772], [0.0002329395938431844, -0.001087615848518908, 0.0015099849551916122, -0.0011922003468498588, -0.0006132126436568797, 0.0014140307903289795, -0.0028906736988574266, 0.0006589749245904386, -0.0010663529392331839, -0.004568536300212145, 0.013349237851798534, -0.0024931083898991346, -0.0005548014887608588], [-0.00012882550072390586, 0.0008099940605461597, -0.00039515571552328765, 0.00030386183061636984, 0.0010307334596291184, -0.0006908717332407832, -0.00022026804799679667, -0.0004925798857584596, 0.0012381026754155755, -1.784031883289572e-05, -0.0024931083898991346, 0.011399919167160988, -0.002814784413203597], [0.0002535262901801616, -0.000702879682648927, -0.00011941075354116037, -0.0008814223692752421, 0.0011695286957547069, 0.0004509538703132421, 0.0006583002395927906, -0.0010350499069318175, -0.0025760147254914045, 0.0008556033135391772, -0.0005548014887608588, -0.002814784413203597, 0.014504113234579563]], "lowlevel.mfcc.cov": [[20354.455078125, -801.1248168945312, -972.2978515625, -739.5093383789062, -1159.1845703125, -913.0942993164062, -905.7818603515625, -629.283203125, -643.9874267578125, -749.2197875976562, -477.7200622558594, -402.39300537109375, -406.5849304199219], [-801.1248168945312, 4304.0791015625, -789.301513671875, -204.85667419433594, 289.1256408691406, -75.57260131835938, 168.5433807373047, 282.5296325683594, -48.28909683227539, 349.576904296875, -178.04078674316406, 122.68329620361328, 166.0242156982422], [-972.2978515625, -789.301513671875, 2292.513916015625, 805.7418823242188, 280.2074890136719, 448.3233947753906, 252.80746459960938, 88.83674621582031, 270.3284912109375, -240.8807830810547, 136.9693603515625, -109.74254608154297, -133.2118682861328], [-739.5093383789062, -204.85667419433594, 805.7418823242188, 883.60205078125, 419.4928283691406, 294.8885498046875, 125.74412536621094, 126.06475830078125, 96.50012969970703, 66.24687194824219, 55.85142517089844, -11.839374542236328, -51.98974609375], [-1159.1845703125, 289.1256408691406, 280.2074890136719, 419.4928283691406, 519.3748779296875, 249.65232849121094, 113.94763946533203, 78.10549926757812, 78.15251922607422, 161.3376007080078, 77.4493179321289, 12.936602592468262, 22.793535232543945], [-913.0942993164062, -75.57260131835938, 448.3233947753906, 294.8885498046875, 249.65232849121094, 484.7046813964844, 193.6803436279297, 138.61166381835938, 111.82506561279297, 85.82390594482422, 128.50265502929688, 61.630836486816406, -36.57229995727539], [-905.7818603515625, 168.5433807373047, 252.80746459960938, 125.74412536621094, 113.94763946533203, 193.6803436279297, 299.79486083984375, 176.51132202148438, 119.22921752929688, 94.46908569335938, 78.36365509033203, 84.16967010498047, 38.784576416015625], [-629.283203125, 282.5296325683594, 88.83674621582031, 126.06475830078125, 78.10549926757812, 138.61166381835938, 176.51132202148438, 256.46820068359375, 97.61531066894531, 87.07733154296875, 41.52880859375, 83.07626342773438, 38.88384246826172], [-643.9874267578125, -48.28909683227539, 270.3284912109375, 96.50012969970703, 78.15251922607422, 111.82506561279297, 119.22921752929688, 97.61531066894531, 188.3446807861328, 47.6601676940918, 63.234317779541016, 21.234766006469727, 28.171058654785156], [-749.2197875976562, 349.576904296875, -240.8807830810547, 66.24687194824219, 161.3376007080078, 85.82390594482422, 94.46908569335938, 87.07733154296875, 47.6601676940918, 282.77691650390625, 46.4474983215332, 81.49443054199219, 53.58488845825195], [-477.7200622558594, -178.04078674316406, 136.9693603515625, 55.85142517089844, 77.4493179321289, 128.50265502929688, 78.36365509033203, 41.52880859375, 63.234317779541016, 46.4474983215332, 146.04510498046875, 42.920448303222656, 2.247751235961914], [-402.39300537109375, 122.68329620361328, -109.74254608154297, -11.839374542236328, 12.936602592468262, 61.630836486816406, 84.16967010498047, 83.07626342773438, 21.234766006469727, 81.49443054199219, 42.920448303222656, 143.69435119628906, 55.20545196533203], [-406.5849304199219, 166.0242156982422, -133.2118682861328, -51.98974609375, 22.793535232543945, -36.57229995727539, 38.784576416015625, 38.88384246826172, 28.171058654785156, 53.58488845825195, 2.247751235961914, 55.20545196533203, 134.10708618164062]], "lowlevel.mfcc.icov": [[6.723243132000789e-05, -4.505277047428535e-06, 2.7099076760350727e-05, -4.028134935651906e-05, 0.00010554539039731026, 9.109156962949783e-06, 5.837270146002993e-05, 1.5553549019386992e-05, 6.028066127328202e-05, 7.708100019954145e-05, 4.009644908364862e-05, 4.112365786568262e-05, 0.00012280562077648938], [-4.505277047428535e-06, 0.0003697951615322381, -2.8574319003382698e-05, 0.00033006040030159056, -0.0004788881342392415, 0.00012966274516656995, -0.00011140474816784263, -0.000514263054355979, 0.00026167399482801557, -0.00027989991940557957, 0.0006734116468578577, -5.121939102536999e-05, -7.141955393308308e-06], [2.7099076760350727e-05, -2.8574319003382698e-05, 0.001343861105851829, -0.0010800263844430447, 0.0002455952053423971, -0.00044492806773632765, -0.0009114468120969832, 0.0007341512246057391, -0.0013344091130420566, 0.0016386897768825293, -0.0003682095557451248, 0.0005714973667636514, 0.000317836063914001], [-4.028134935651906e-05, 0.00033006040030159056, -0.0010800263844430447, 0.003332024672999978, -0.0023919271770864725, 0.0001380620087729767, 0.0006742129917256534, -0.0017363076331093907, 0.0009040984441526234, -0.0009720820817165077, 0.001332054496742785, -0.0004716770490631461, 0.0008111611241474748], [0.00010554539039731026, -0.0004788881342392415, 0.0002455952053423971, -0.0023919271770864725, 0.005493361037224531, -0.0016146874986588955, 4.829748650081456e-05, 0.001419041189365089, -4.676256503444165e-05, -0.0014335229061543941, -0.0015661418437957764, 0.002020706422626972, -0.0017928763991221786], [9.109156962949783e-06, 0.00012966274516656995, -0.00044492806773632765, 0.0001380620087729767, -0.0016146874986588955, 0.004742261953651905, -0.0010675427038222551, -0.0009462735033594072, 1.1387853191990871e-05, -0.0001949500001501292, -0.0014654971892014146, -0.0014820573851466179, 0.0023396280594170094], [5.837270146002993e-05, -0.00011140474816784263, -0.0009114468120969832, 0.0006742129917256534, 4.829748650081456e-05, -0.0010675427038222551, 0.008079778403043747, -0.0033285138197243214, -0.0008504290017299354, -0.0012163622304797173, -0.0006294542108662426, -0.00145432585850358, -0.0007261740393005311], [1.5553549019386992e-05, -0.000514263054355979, 0.0007341512246057391, -0.0017363076331093907, 0.001419041189365089, -0.0009462735033594072, -0.0033285138197243214, 0.008971408940851688, -0.002812313847243786, 0.0005677545559592545, 0.0003366704622749239, -0.0019793068058788776, -0.0002248517848784104], [6.028066127328202e-05, 0.00026167399482801557, -0.0013344091130420566, 0.0009040984441526234, -4.676256503444165e-05, 1.1387853191990871e-05, -0.0008504290017299354, -0.002812313847243786, 0.0102024981752038, -0.001961006782948971, -0.0016807293286547065, 0.002089438959956169, -0.0022353497333824635], [7.708100019954145e-05, -0.00027989991940557957, 0.0016386897768825293, -0.0009720820817165077, -0.0014335229061543941, -0.0001949500001501292, -0.0012163622304797173, 0.0005677545559592545, -0.001961006782948971, 0.007747473195195198, -0.0009541647741571069, -0.0016862967750057578, 0.00023520980903413147], [4.009644908364862e-05, 0.0006734116468578577, -0.0003682095557451248, 0.001332054496742785, -0.0015661418437957764, -0.0014654971892014146, -0.0006294542108662426, 0.0003366704622749239, -0.0016807293286547065, -0.0009541647741571069, 0.011853719130158424, -0.00286612450145185, 0.0011049741879105568], [4.112365786568262e-05, -5.121939102536999e-05, 0.0005714973667636514, -0.0004716770490631461, 0.002020706422626972, -0.0014820573851466179, -0.00145432585850358, -0.0019793068058788776, 0.002089438959956169, -0.0016862967750057578, -0.00286612450145185, 0.01312075275927782, -0.004298486281186342], [0.00012280562077648938, -7.141955393308308e-06, 0.000317836063914001, 0.0008111611241474748, -0.00179287639912