{"song_id": "1183692278875836456", "download": "https://cdn.discordapp.com/attachments/1135903449314238464/1183692278875836456/chirp.mp4?ex=65894257&amp", "lyrics": "\u5c71\u4e0d\u5728\u9ad8\u6709\u4ed9\u5219\u540d\u3002\u6c34\u4e0d\u5728\u6df1\u6709\u9f99\u5219\u7075\u3002\u65af\u662f\u964b\u5ba4\u60df\u543e\u5fb7\u99a8\u3002\u82d4\u75d5\u4e0a\u9636\u7eff\u8349\u8272\u5165\u5e18\u9752", "style": ["random"], "essentia_features": {"lowlevel.average_loudness": 0.8387491703033447, "lowlevel.barkbands_crest.mean": 14.656609535217285, "lowlevel.barkbands_crest.stdev": 5.119429588317871, "lowlevel.barkbands_flatness_db.mean": 0.2183203101158142, "lowlevel.barkbands_flatness_db.stdev": 0.07136384397745132, "lowlevel.barkbands_kurtosis.mean": 25.32501792907715, "lowlevel.barkbands_kurtosis.stdev": 48.17392349243164, "lowlevel.barkbands_skewness.mean": 3.2262816429138184, "lowlevel.barkbands_skewness.stdev": 2.9197335243225098, "lowlevel.barkbands_spread.mean": 20.34697914123535, "lowlevel.barkbands_spread.stdev": 22.249126434326172, "lowlevel.dissonance.mean": 0.4238874316215515, "lowlevel.dissonance.stdev": 0.044384557753801346, "lowlevel.dynamic_complexity": 3.6274523735046387, "lowlevel.erbbands_crest.mean": 12.808664321899414, "lowlevel.erbbands_crest.stdev": 5.7916975021362305, "lowlevel.erbbands_flatness_db.mean": 0.17008520662784576, "lowlevel.erbbands_flatness_db.stdev": 0.05057153105735779, "lowlevel.erbbands_kurtosis.mean": 4.049066066741943, "lowlevel.erbbands_kurtosis.stdev": 6.478857517242432, "lowlevel.erbbands_skewness.mean": 1.022404432296753, "lowlevel.erbbands_skewness.stdev": 1.3571715354919434, "lowlevel.erbbands_spread.mean": 47.942665100097656, "lowlevel.erbbands_spread.stdev": 35.21585464477539, "lowlevel.hfc.mean": 21.59423065185547, "lowlevel.hfc.stdev": 37.88434982299805, "lowlevel.loudness_ebu128.integrated": -19.145919799804688, "lowlevel.loudness_ebu128.loudness_range": 3.654745101928711, "lowlevel.loudness_ebu128.momentary.mean": -20.14533805847168, "lowlevel.loudness_ebu128.momentary.stdev": 3.112389326095581, "lowlevel.loudness_ebu128.short_term.mean": -19.317134857177734, "lowlevel.loudness_ebu128.short_term.stdev": 1.2099440097808838, "lowlevel.melbands_crest.mean": 21.47867774963379, "lowlevel.melbands_crest.stdev": 7.208072185516357, "lowlevel.melbands_flatness_db.mean": 0.2858879566192627, "lowlevel.melbands_flatness_db.stdev": 0.0991554856300354, "lowlevel.melbands_kurtosis.mean": 55.37993621826172, "lowlevel.melbands_kurtosis.stdev": 84.5608139038086, "lowlevel.melbands_skewness.mean": 4.704915523529053, "lowlevel.melbands_skewness.stdev": 3.396977186203003, "lowlevel.melbands_spread.mean": 19.840452194213867, "lowlevel.melbands_spread.stdev": 36.07319259643555, "lowlevel.pitch_salience.mean": 0.41448819637298584, "lowlevel.pitch_salience.stdev": 0.16692183911800385, "lowlevel.silence_rate_20dB.mean": 0.9858585596084595, "lowlevel.silence_rate_20dB.stdev": 0.11807449162006378, "lowlevel.silence_rate_30dB.mean": 0.9171717166900635, "lowlevel.silence_rate_30dB.stdev": 0.2756205201148987, "lowlevel.silence_rate_60dB.mean": 0.08686868846416473, "lowlevel.silence_rate_60dB.stdev": 0.28164157271385193, "lowlevel.spectral_centroid.mean": 992.8770751953125, "lowlevel.spectral_centroid.stdev": 906.4761352539062, "lowlevel.spectral_complexity.mean": 8.014141082763672, "lowlevel.spectral_complexity.stdev": 7.941579341888428, "lowlevel.spectral_decrease.mean": -1.0364918701100123e-08, "lowlevel.spectral_decrease.stdev": 1.88033073555971e-08, "lowlevel.spectral_energy.mean": 0.04107823595404625, "lowlevel.spectral_energy.stdev": 0.07204639166593552, "lowlevel.spectral_energyband_high.mean": 0.0016035805456340313, "lowlevel.spectral_energyband_high.stdev": 0.003832112066447735, "lowlevel.spectral_energyband_low.mean": 0.02923460677266121, "lowlevel.spectral_energyband_low.stdev": 0.06332235038280487, "lowlevel.spectral_energyband_middle_high.mean": 0.0023277602158486843, "lowlevel.spectral_energyband_middle_high.stdev": 0.005631756503134966, "lowlevel.spectral_energyband_middle_low.mean": 0.00927059818059206, "lowlevel.spectral_energyband_middle_low.stdev": 0.024612337350845337, "lowlevel.spectral_entropy.mean": 7.436604976654053, "lowlevel.spectral_entropy.stdev": 0.6654123663902283, "lowlevel.spectral_flux.mean": 0.07399539649486542, "lowlevel.spectral_flux.stdev": 0.10876163095235825, "lowlevel.spectral_kurtosis.mean": 3.3342647552490234, "lowlevel.spectral_kurtosis.stdev": 4.50628662109375, "lowlevel.spectral_rms.mean": 0.005167692434042692, "lowlevel.spectral_rms.stdev": 0.003656680230051279, "lowlevel.spectral_rolloff.mean": 1821.331298828125, "lowlevel.spectral_rolloff.stdev": 3001.835693359375, "lowlevel.spectral_skewness.mean": 1.562735915184021, "lowlevel.spectral_skewness.stdev": 0.7620241641998291, "lowlevel.spectral_spread.mean": 7712769.5, "lowlevel.spectral_spread.stdev": 2967604.75, "lowlevel.spectral_strongpeak.mean": 0.8238597512245178, "lowlevel.spectral_strongpeak.stdev": 0.9704698324203491, "lowlevel.zerocrossingrate.mean": 0.06909853965044022, "lowlevel.zerocrossingrate.stdev": 0.07049406319856644, "metadata.audio_properties.analysis.equal_loudness": 0.0, "metadata.audio_properties.analysis.length": 34.453311920166016, "metadata.audio_properties.analysis.sample_rate": 44100.0, "metadata.audio_properties.analysis.start_time": 0.0, "metadata.audio_properties.bit_rate": 121726.0, "metadata.audio_properties.length": 34.45333480834961, "metadata.audio_properties.lossless": 0.0, "metadata.audio_properties.number_channels": 1.0, "metadata.audio_properties.replay_gain": -7.677740097045898, "metadata.audio_properties.sample_rate": 48000.0, "rhythm.beats_count": 60.0, "rhythm.beats_loudness.mean": 0.1064600870013237, "rhythm.beats_loudness.stdev": 0.12677112221717834, "rhythm.bpm": 106.191650390625, "rhythm.bpm_histogram_first_peak_bpm": 105.0, "rhythm.bpm_histogram_first_peak_weight": 0.3333333730697632, "rhythm.bpm_histogram_second_peak_bpm": 110.0, "rhythm.bpm_histogram_second_peak_spread": 0.5, "rhythm.bpm_histogram_second_peak_weight": 0.016949152573943138, "rhythm.danceability": 1.2356407642364502, "rhythm.onset_rate": 4.293585777282715, "tonal.chords_changes_rate": 0.05652759224176407, "tonal.chords_number_rate": 0.01076715998351574, "tonal.chords_strength.mean": 0.4615516662597656, "tonal.chords_strength.stdev": 0.07701656222343445, "tonal.hpcp_crest.mean": 16.035619735717773, "tonal.hpcp_crest.stdev": 6.79663610458374, "tonal.hpcp_entropy.mean": 1.609405517578125, "tonal.hpcp_entropy.stdev": 0.6515504717826843, "tonal.key_edma.strength": 0.6760498881340027, "tonal.key_krumhansl.strength": 0.687580406665802, "tonal.key_temperley.strength": 0.6960983276367188, "tonal.tuning_diatonic_strength": 0.6044629216194153, "tonal.tuning_equal_tempered_deviation": 0.22182120382785797, "tonal.tuning_frequency": 434.193115234375, "tonal.tuning_nontempered_energy_ratio": 0.9845242500305176, "lowlevel.barkbands.mean": [0.0010712547227740288, 0.021044962108135223, 0.006103927735239267, 0.0019457230810075998, 0.0028962662909179926, 0.0019935742020606995, 0.0006592985591851175, 0.0006073142867535353, 0.00040819551213644445, 0.0011262159096077085, 0.0003860408905893564, 0.0003783482825383544, 7.7659628004767e-05, 9.966973448172212e-05, 0.0001636589295230806, 0.00026480923406779766, 9.482046152697876e-05, 5.663317278958857e-05, 6.139864854048938e-05, 0.00010689558985177428, 0.0001326775091001764, 0.00012468249769881368, 0.00041096427594311535, 0.00033521742443554103, 0.00039061784627847373, 0.00013470886915456504, 2.7232081265538e-06], "lowlevel.barkbands.stdev": [0.0021364593412727118, 0.04378193989396095, 0.024644114077091217, 0.013788729906082153, 0.008879521861672401, 0.0029496958013623953, 0.0014856194611638784, 0.0015493652317672968, 0.0029118694365024567, 0.0021560112945735455, 0.002065097214654088, 0.0014410588191822171, 0.00033937738044187427, 0.00047815797734074295, 0.0008216457790695131, 0.0016161416424438357, 0.00044057887862436473, 0.00025238876696676016, 0.00023507961304858327, 0.0003978743334300816, 0.0004385565116535872, 0.0003710813180077821, 0.0012961846077814698, 0.0009948525112122297, 0.0011297590099275112, 0.00035104367998428643, 1.2995761608181056e-05], "lowlevel.erbbands.mean": [0.7652539610862732, 4.024004936218262, 7.937049388885498, 6.275922775268555, 8.170689582824707, 7.718376636505127, 16.97103500366211, 12.941570281982422, 15.588896751403809, 7.956884384155273, 11.803199768066406, 11.32081127166748, 37.034149169921875, 22.56827735900879, 12.986005783081055, 17.08802032470703, 4.43185567855835, 4.952774524688721, 6.825198173522949, 10.076682090759277, 14.788802146911621, 5.540421962738037, 3.197695016860962, 3.16955304145813, 3.13216233253479, 4.942741394042969, 6.392421722412109, 4.389499664306641, 4.663549423217773, 6.902568817138672, 12.126581192016602, 8.408924102783203, 5.14940071105957, 4.648227214813232, 2.5572423934936523, 0.9292649030685425, 0.16762003302574158, 0.0169485192745924, 0.000460738898254931, 6.965013744775206e-05], "lowlevel.erbbands.stdev": [1.5294280052185059, 9.767006874084473, 27.768564224243164, 39.72606658935547, 38.9260139465332, 26.72504425048828, 26.88536834716797, 25.05906867980957, 30.488147735595703, 18.516511917114258, 37.0460090637207, 84.37813568115234, 77.46524810791016, 84.69386291503906, 55.05253219604492, 69.73698425292969, 16.38665008544922, 21.51455307006836, 34.05036544799805, 51.013553619384766, 92.12806701660156, 26.789995193481445, 14.55099105834961, 12.247154235839844, 11.26068115234375, 18.588958740234375, 22.246707916259766, 14.153252601623535, 13.549198150634766, 21.351749420166016, 38.54973220825195, 27.3546085357666, 14.687572479248047, 14.407991409301758, 7.21737003326416, 2.527480125427246, 0.43949127197265625, 0.056046657264232635, 0.0013917788164690137, 0.00010527611448196694], "lowlevel.gfcc.mean": [-52.20595932006836, 66.02054595947266, -75.98604583740234, 20.201562881469727, -79.07252502441406, 24.486726760864258, -45.215972900390625, 16.20391082763672, -28.254772186279297, 6.489719390869141, -11.177228927612305, 14.093337059020996, 12.518230438232422], "lowlevel.melbands.mean": [0.006147344131022692, 0.0043675946071743965, 0.001172057818621397, 0.0005493105272762477, 0.0005404240218922496, 0.0003272724279668182, 0.0002145738253602758, 9.264075924875215e-05, 8.616640843683854e-05, 7.586967694805935e-05, 0.00018189796537626535, 8.656652789795771e-05, 4.278516280464828e-05, 4.882604844169691e-05, 2.013552511925809e-05, 8.32117711979663e-06, 9.214346391672734e-06, 1.0087994269269984e-05, 1.2556478395708837e-05, 1.5679690477554686e-05, 1.7169249986181967e-05, 5.788479029433802e-06, 3.1984639008442173e-06, 2.628039283081307e-06, 2.5332226414320758e-06, 2.3468444396712584e-06, 2.3636350761080394e-06, 3.504717369651189e-06, 4.280534540157532e-06, 3.2050786558102118e-06, 2.335318868063041e-06, 2.6454761155036977e-06, 2.353210447836318e-06, 4.688213721237844e-06, 6.836066404503072e-06, 7.481765806005569e-06, 4.265397365088575e-06, 3.497714033073862e-06, 3.5256148294138256e-06, 4.148937023273902e-06], "lowlevel.melbands.stdev": [0.012501539662480354, 0.012885878793895245, 0.006728558335453272, 0.0022060952614992857, 0.0009898225544020534, 0.000574484933167696, 0.00041815286385826766, 0.0002231944672530517, 0.0002795044856611639, 0.000560725515242666, 0.000382060999982059, 0.0003295456990599632, 0.00019683279970195144, 0.00017750727420207113, 7.87780008977279e-05, 3.562375422916375e-05, 4.17706833104603e-05, 5.171201337361708e-05, 6.486136408057064e-05, 8.681909093866125e-05, 0.00011086764425272122, 2.804222094709985e-05, 1.520247315056622e-05, 1.2372057426546235e-05, 9.91292927210452e-06, 9.650445463194046e-06, 8.250505743490066e-06, 1.3989704712003004e-05, 1.577932562213391e-05, 1.0746572115749586e-05, 7.717422704445198e-06, 7.84207531978609e-06, 7.288041160791181e-06, 1.620236253074836e-05, 2.164524994441308e-05, 2.757925722107757e-05, 1.3344464605324902e-05, 1.035780405800324e-05, 1.110803714254871e-05, 1.3073756235826295e-05], "lowlevel.melbands128.mean": [0.0010288937482982874, 0.006603239104151726, 0.007804791443049908, 0.006293911952525377, 0.00481719896197319, 0.002476324327290058, 0.001214018790051341, 0.0009243253152817488, 0.0008979849517345428, 0.0004764794430229813, 0.0003295742208138108, 0.0005900888936594129, 0.0007567795109935105, 0.0002796209591906518, 0.0001652634091442451, 0.00048013945342972875, 0.0004238907713443041, 0.00010176566865993664, 4.862155401497148e-05, 8.190422522602603e-05, 0.00011765035742428154, 0.00010572440805844963, 0.00010861249029403552, 2.4093451429507695e-05, 6.076567660784349e-05, 7.455536251654848e-05, 0.00014933405327610672, 0.0003072461986448616, 6.831070641055703e-05, 9.439250425202772e-05, 0.00010452280548634008, 5.3134936024434865e-05, 3.183520311722532e-05, 4.3908690713578835e-05, 2.7726851840270683e-05, 6.927744834683836e-05, 5.632087049889378e-05, 7.44805265640025e-06, 6.571066023752792e-06, 8.789277671894524e-06, 8.560707101423759e-06, 7.938471753732301e-06, 9.431250873603858e-06, 9.792043783818372e-06, 8.679204256623052e-06, 9.84823600447271e-06, 1.2119604434701614e-05, 1.2374918696878012e-05, 1.310615971306106e-05, 1.2918503671244252e-05, 1.4062161426409148e-05, 2.0145596863585524e-05, 2.381169360887725e-05, 1.3474223123921547e-05, 7.404763891827315e-06, 5.526051154447487e-06, 3.948277935705846e-06, 3.394688746993779e-06, 2.9942448236397468e-06, 2.5991114398493664e-06, 2.7496760139911203e-06, 2.4529663278372027e-06, 2.462412112436141e-06, 2.599501158329076e-06, 2.6264424377586693e-06, 2.5365707188029774e-06, 1.9989472548331833e-06, 1.9146273189107887e-06, 2.5223562261089683e-06, 2.8380218282109126e-06, 3.2306188586517237e-06, 3.867932719003875e-06, 4.7232178985723294e-06, 4.435223672771826e-06, 3.6989890759286936e-06, 3.6790681861020857e-06, 2.7951680294791004e-06, 2.0775637494807597e-06, 2.4235544060502434e-06, 2.3423374386766227e-06, 2.4771286462055286e-06, 3.2110408483276842e-06, 2.231520966233802e-06, 2.1996245322952745e-06, 2.3354693894361844e-06, 3.1489512366533745e-06, 5.792702722828835e-06, 7.307598025363404e-06, 6.18155172560364e-06, 6.894379566801945e-06, 8.604426511737984e-06, 8.25565803097561e-06, 5.036228685639799e-06, 3.828996341326274e-06, 3.89889964935719e-06, 3.674819254229078e-06, 3.190595407431829e-06, 3.6507638014882104e-06, 3.328701723148697e-06, 3.5618807032733457e-06, 3.996410214313073e-06, 4.103097580809845e-06, 4.604014065989759e-06, 3.965873020206345e-06, 2.675903715498862e-06, 1.9417043404246215e-06, 2.2367971723724622e-06, 2.150543423340423e-06, 1.696837443887489e-06, 1.0910177934420062e-06, 8.947400829129037e-07, 5.786839096799667e-07, 4.688613444159273e-07, 2.839783519448247e-07, 2.2801130228344846e-07, 1.6764576571404177e-07, 8.670478024441763e-08, 2.3814699545710027e-08, 3.29117200159601e-09, 1.476201799688326e-10, 4.802906336531798e-11, 9.875092930877738e-12, 6.9149534188961415e-12, 6.763139093896031e-12, 6.420244544336207e-12, 5.922872001878909e-12, 5.646177535928443e-12, 5.579890716145286e-12], "lowlevel.melbands128.stdev": [0.002028911840170622, 0.013058687560260296, 0.018346484750509262, 0.016822919249534607, 0.016128428280353546, 0.01124940812587738, 0.008677899837493896, 0.006165571976453066, 0.003918204456567764, 0.0021936509292572737, 0.0014289675746113062, 0.0015649889828637242, 0.0011168959317728877, 0.0006023002206347883, 0.0006351404008455575, 0.0008801009389571846, 0.0008617782150395215, 0.0003959393361583352, 0.00020150915952399373, 0.0002234671264886856, 0.0003296032373327762, 0.0004154014168307185, 0.0004283948801457882, 0.00011181276204297319, 0.0007253549410961568, 0.0008706223452463746, 0.0003893194952979684, 0.0007095571490935981, 0.00023060248349793255, 0.0003387348842807114, 0.0006429829518310726, 0.00034894156851805747, 0.00019131768203806132, 0.0003220895305275917, 9.800562111195177e-05, 0.0003320382966194302, 0.0002673200215213001, 3.888886931235902e-05, 3.396678584977053e-05, 4.6436074626399204e-05, 3.800534977926873e-05, 4.084314059582539e-05, 4.241942588123493e-05, 4.962270395481028e-05, 5.2534651331370696e-05, 5.2978211897425354e-05, 7.466492388630286e-05, 7.690315396757796e-05, 6.918155122548342e-05, 7.783546607242897e-05, 7.915800961200148e-05, 0.00013237660459708422, 0.0001848600950324908, 8.586794137954712e-05, 3.767103407881223e-05, 3.2222986192209646e-05, 2.015599238802679e-05, 1.8833383364835754e-05, 1.5943114703986794e-05, 1.3850992218067404e-05, 1.719300780678168e-05, 1.2160603546362836e-05, 1.061709554051049e-05, 1.0964125067403074e-05, 1.2757980584865436e-05, 1.1814576282631606e-05, 7.905186976131517e-06, 7.190038559201639e-06, 9.984805728890933e-06, 1.1389966857677791e-05, 1.6027757737901993e-05, 1.7311434930888936e-05, 1.9321303625474684e-05, 1.8104316040989943e-05, 1.3659539035870694e-05, 1.297361814067699e-05, 1.0476851457497105e-05, 7.858704520913307e-06, 9.162772585113999e-06, 7.747506060695741e-06, 8.319746484630741e-06, 9.365945516037755e-06, 7.431688572978601e-06, 7.80025129643036e-06, 8.070119292824529e-06, 9.915640475810505e-06, 2.5261826522182673e-05, 2.6546051230980083e-05, 2.0657371351262555e-05, 2.3075079297996126e-05, 3.07116933981888e-05, 3.498164369375445e-05, 2.209852209489327e-05, 1.2390319170663133e-05, 1.242016332980711e-05, 1.2086448805348482e-05, 9.802074600884225e-06, 1.1109988918178715e-05, 1.1898516277142335e-05, 1.2832372703996953e-05, 1.3196032341511454e-05, 1.4060449757380411e-05, 1.5055123185447883e-05, 1.2159842299297452e-05, 8.988547961052973e-06, 5.235480784904212e-06, 7.687522156629711e-06, 6.766912065359065e-06, 5.114018222229788e-06, 2.9744726361968787e-06, 2.4969453988887835e-06, 1.6891583527467446e-06, 1.5182417882897425e-06, 9.391457069796161e-07, 8.60174168337835e-07, 7.434068152178952e-07, 3.8667167245876044e-07, 1.6953440251654683e-07, 3.377413904104287e-08, 3.076768395615659e-09, 9.905610776073104e-10, 7.716684929937045e-11, 1.992924054949885e-11, 1.9261788344882014e-11, 1.6244691355971064e-11, 1.2523815318132847e-11, 1.1666696254908349e-11, 1.1580209881290049e-11], "lowlevel.mfcc.mean": [-709.6290283203125, 104.0546646118164, 45.319522857666016, 4.332387447357178, 1.6264708042144775, -1.5822572708129883, 0.4678678810596466, 0.5197665691375732, 3.4008877277374268, -3.419875144958496, -17.263193130493164, -5.714639186859131, 4.565242767333984], "lowlevel.spectral_contrast_coeffs.mean": [-0.6226733326911926, -0.6931970119476318, -0.7308581471443176, -0.8225149512290955, -0.834624171257019, -0.8072074055671692], "lowlevel.spectral_contrast_coeffs.stdev": [0.10883578658103943, 0.08483508974313736, 0.08217118680477142, 0.0483340248465538, 0.04024490341544151, 0.035888735204935074], "lowlevel.spectral_contrast_valleys.mean": [-7.704663276672363, -7.854603290557861, -8.060943603515625, -8.63637924194336, -8.454755783081055, -10.061144828796387], "lowlevel.spectral_contrast_valleys.stdev": [1.3676187992095947, 0.7868144512176514, 0.6790576577186584, 0.8458483815193176, 0.7856132984161377, 1.1203619241714478], "rhythm.beats_loudness_band_ratio.mean": [0.5578871369361877, 0.11691772192716599, 0.08978446573019028, 0.0481223501265049, 0.04963265731930733, 0.17653387784957886], "rhythm.beats_loudness_band_ratio.stdev": [0.3957052528858185, 0.14424195885658264, 0.1249956414103508, 0.06405828148126602, 0.09314146637916565, 0.24809330701828003], "tonal.hpcp.mean": [0.07209055125713348, 0.07932142913341522, 0.04045109823346138, 0.028665583580732346, 0.024788757786154747, 0.016193030402064323, 0.022800296545028687, 0.02416963130235672, 0.020565597340464592, 0.10390396416187286, 0.12248449772596359, 0.04193934425711632, 0.025306260213255882, 0.026329191401600838, 0.035078100860118866, 0.3192027509212494, 0.35376110672950745, 0.06510121375322342, 0.014136608690023422, 0.009576044976711273, 0.0067055365070700645, 0.007700870279222727, 0.009162895381450653, 0.012165479362010956, 0.029477883130311966, 0.040844228118658066, 0.06972657889127731, 0.0982327088713646, 0.07364511489868164, 0.09034254401922226, 0.4307279586791992, 0.5223436951637268, 0.1754179298877716, 0.03512958437204361, 0.027544444426894188, 0.032709281891584396], "tonal.hpcp.stdev": [0.1744733303785324, 0.17312638461589813, 0.1349056363105774, 0.13091327250003815, 0.122361920773983, 0.08719991892576218, 0.11270064860582352, 0.12065228074789047, 0.09348573535680771, 0.23796452581882477, 0.27806347608566284, 0.12259732186794281, 0.10682951658964157, 0.10901222378015518, 0.130510613322258, 0.36845365166664124, 0.40469446778297424, 0.1302674561738968, 0.08266820758581161, 0.06210043653845787, 0.052259236574172974, 0.05228789150714874, 0.062393926084041595, 0.05960915982723236, 0.12091875076293945, 0.1424286812543869, 0.20509496331214905, 0.2592962682247162, 0.20289941132068634, 0.21256078779697418, 0.3472009301185608, 0.40793201327323914, 0.23145852982997894, 0.13785554468631744, 0.12295769155025482, 0.1338309496641159], "rhythm.beats_position": [0.5224489569664001, 1.0681178569793701, 1.6021767854690552, 2.1594557762145996, 2.7167346477508545, 3.2740135192871094, 3.842902421951294, 4.400181293487549, 4.9690704345703125, 5.526349067687988, 6.095238208770752, 6.664126873016357, 7.233015537261963, 7.801904678344727, 8.370793342590332, 8.939682006835938, 9.49696159362793, 10.054240226745605, 10.623128890991211, 11.192017555236816, 11.760907173156738, 12.329795837402344, 12.88707447052002, 13.455963134765625, 14.024852752685547, 14.582131385803223, 15.151020050048828, 15.719908714294434, 16.27718734741211, 16.85768699645996, 17.414966583251953, 17.972244262695312, 18.541133880615234, 19.110021591186523, 19.678911209106445, 20.247800827026367, 20.805078506469727, 21.37396812438965, 21.942855834960938, 22.50013542175293, 23.06902503967285, 23.63791275024414, 24.206802368164062, 24.775691986083984, 25.332969665527344, 25.901859283447266, 26.470746994018555, 27.028026580810547, 27.59691619873047, 28.165803909301758, 28.73469352722168, 29.291973114013672, 29.84925079345703, 30.418140411376953, 30.987028121948242, 31.555917739868164, 32.12480545043945, 32.693695068359375, 33.2625846862793, 33.83147430419922], "rhythm.bpm_histogram": [0.0, 0.0, 0.0, 0.0, 0.0, 0.0, 0.0, 0.0, 0.0, 0.0, 0.0, 0.0, 0.0, 0.0, 0.0, 0.0, 0.0, 0.0, 0.0, 0.0, 0.0, 0.0, 0.0, 0.0, 0.0, 0.0, 0.0, 0.0, 0.0, 0.0, 0.0, 0.0, 0.0, 0.0, 0.0, 0.0, 0.0, 0.0, 0.0, 0.0, 0.0, 0.0, 0.0, 0.0, 0.0, 0.0, 0.0, 0.0, 0.0, 0.0, 0.0, 0.0, 0.0, 0.0, 0.0, 0.0, 0.0, 0.0, 0.0, 0.0, 0.0, 0.0, 0.0, 0.0, 0.0, 0.0, 0.0, 0.0, 0.0, 0.0, 0.0, 0.0, 0.0, 0.0, 0.0, 0.0, 0.0, 0.0, 0.0, 0.0, 0.0, 0.0, 0.0, 0.0, 0.0, 0.0, 0.0, 0.0, 0.0, 0.0, 0.0, 0.0, 0.0, 0.0, 0.0, 0.0, 0.0, 0.0, 0.0, 0.0, 0.0, 0.0, 0.0, 0.016949152573943138, 0.0, 0.6440678238868713, 0.0, 0.0, 0.3050847351551056, 0.0, 0.016949152573943138, 0.0, 0.016949152573943138, 0.0, 0.0, 0.0, 0.0, 0.0, 0.0, 0.0, 0.0, 0.0, 0.0, 0.0, 0.0, 0.0, 0.0, 0.0, 0.0, 0.0, 0.0, 0.0, 0.0, 0.0, 0.0, 0.0, 0.0, 0.0, 0.0, 0.0, 0.0, 0.0, 0.0, 0.0, 0.0, 0.0, 0.0, 0.0, 0.0, 0.0, 0.0, 0.0, 0.0, 0.0, 0.0, 0.0, 0.0, 0.0, 0.0, 0.0, 0.0, 0.0, 0.0, 0.0, 0.0, 0.0, 0.0, 0.0, 0.0, 0.0, 0.0, 0.0, 0.0, 0.0, 0.0, 0.0, 0.0, 0.0, 0.0, 0.0, 0.0, 0.0, 0.0, 0.0, 0.0, 0.0, 0.0, 0.0, 0.0, 0.0, 0.0, 0.0, 0.0, 0.0, 0.0, 0.0, 0.0, 0.0, 0.0, 0.0, 0.0, 0.0, 0.0, 0.0, 0.0, 0.0, 0.0, 0.0, 0.0, 0.0, 0.0, 0.0, 0.0, 0.0, 0.0, 0.0, 0.0, 0.0, 0.0, 0.0, 0.0, 0.0, 0.0, 0.0, 0.0, 0.0, 0.0, 0.0, 0.0, 0.0, 0.0, 0.0, 0.0, 0.0, 0.0, 0.0, 0.0, 0.0, 0.0, 0.0, 0.0, 0.0, 0.0, 0.0, 0.0, 0.0, 0.0, 0.0, 0.0, 0.0], "tonal.chords_histogram": [27.860027313232422, 0.0, 33.91655349731445, 2.0188424587249756, 0.0, 0.0, 0.0, 0.0, 0.0, 0.0, 0.0, 0.0, 0.0, 0.40376850962638855, 0.0, 2.2880215644836426, 0.0, 11.574697494506836, 0.0, 1.0767160654067993, 3.0955586433410645, 0.0, 17.76581382751465, 0.0], "tonal.thpcp": [1.0, 0.335828572511673, 0.06725377589464188, 0.05273241549730301, 0.06262023001909256, 0.13801363110542297, 0.15185678005218506, 0.07744153589010239, 0.054878778755664825, 0.04745679348707199, 0.031000720337033272, 0.04364999011158943, 0.04627151042222977, 0.03937177360057831, 0.19891877472400665, 0.23449024558067322, 0.08029070496559143, 0.04844752699136734, 0.050405874848365784, 0.06715521216392517, 0.6110971570014954, 0.6772573590278625, 0.12463290989398956, 0.027063805609941483, 0.018332842737436295, 0.012837402522563934, 0.014742918312549591, 0.01754188910126686, 0.023290181532502174, 0.05643388256430626, 0.07819416373968124, 0.13348792493343353, 0.1880614459514618, 0.1409897655248642, 0.17295612394809723, 0.8246064186096191], "lowlevel.gfcc.cov": [[4382.1201171875, -965.1295776367188, 295.072998046875, 522.0386962890625, 347.9820251464844, 638.4053344726562, 212.26571655273438, 265.93243408203125, 57.34577560424805, 118.60916137695312, -248.0583953857422, -126.78646087646484, -332.9495849609375], [-965.1295776367188, 3072.953125, 123.65731048583984, 223.8131103515625, 923.9895629882812, 43.066707611083984, 663.5413818359375, 147.65809631347656, 307.9151916503906, 101.16112518310547, 319.5262451171875, -398.1265869140625, 114.62806701660156], [295.072998046875, 123.65731048583984, 1332.28125, 554.287841796875, 463.2337341308594, 386.6023864746094, 290.34521484375, 197.20408630371094, 101.22625732421875, 31.515743255615234, -13.878397941589355, 63.57680892944336, -55.21343231201172], [522.0386962890625, 223.8131103515625, 554.287841796875, 909.3246459960938, 635.56591796875, 307.55645751953125, 331.5929870605469, 197.08184814453125, 139.16815185546875, 77.77424621582031, 41.65842056274414, 5.306936264038086, 46.34679412841797], [347.9820251464844, 923.9895629882812, 463.2337341308594, 635.56591796875, 989.2579956054688, 424.0143737792969, 523.8496704101562, 274.77984619140625, 202.42591857910156, 156.53414916992188, 118.92398834228516, -43.0230598449707, 74.61811065673828], [638.4053344726562, 43.066707611083984, 386.6023864746094, 307.55645751953125, 424.0143737792969, 492.4935607910156, 329.2745666503906, 231.10107421875, 102.75749969482422, 68.07717895507812, -7.39511775970459, 13.724152565002441, -7.3559675216674805], [212.26571655273438, 663.5413818359375, 290.34521484375, 331.5929870605469, 523.8496704101562, 329.2745666503906, 524.4068603515625, 270.9810791015625, 202.35415649414062, 78.64115142822266, 56.8379020690918, -70.84638977050781, 29.41463851928711], [265.93243408203125, 147.65809631347656, 197.20408630371094, 197.08184814453125, 274.77984619140625, 231.10107421875, 270.9810791015625, 289.76470947265625, 118.53105163574219, 55.15034484863281, -3.085561752319336, -2.603660821914673, 50.945674896240234], [57.34577560424805, 307.9151916503906, 101.22625732421875, 139.16815185546875, 202.42591857910156, 102.75749969482422, 202.35415649414062, 118.53105163574219, 194.35678100585938, 52.33358383178711, 46.34735107421875, -11.991646766662598, 5.543255805969238], [118.60916137695312, 101.16112518310547, 31.515743255615234, 77.77424621582031, 156.53414916992188, 68.07717895507812, 78.64115142822266, 55.15034484863281, 52.33358383178711, 166.06680297851562, 82.3436279296875, 45.74174880981445, 37.24198532104492], [-248.0583953857422, 319.5262451171875, -13.878397941589355, 41.65842056274414, 118.92398834228516, -7.39511775970459, 56.8379020690918, -3.085561752319336, 46.34735107421875, 82.3436279296875, 167.28726196289062, 43.03041458129883, 58.32107162475586], [-126.78646087646484, -398.1265869140625, 63.57680892944336, 5.306936264038086, -43.0230598449707, 13.724152565002441, -70.84638977050781, -2.603660821914673, -11.991646766662598, 45.74174880981445, 43.03041458129883, 233.6876678466797, 60.779232025146484], [-332.9495849609375, 114.62806701660156, -55.21343231201172, 46.34679412841797, 74.61811065673828, -7.3559675216674805, 29.41463851928711, 50.945674896240234, 5.543255805969238, 37.24198532104492, 58.32107162475586, 60.779232025146484, 170.7788543701172]], "lowlevel.gfcc.icov": [[0.0004705987230408937, 0.00014826962433289737, 0.00017098677926696837, -0.00023753971618134528, -7.535320764873177e-05, -0.0005105214659124613, 0.000263411522610113, -0.0002875935169868171, 3.75340023310855e-05, -0.0005505698500201106, 0.00027982049505226314, 0.0003905871999450028, 0.000873338954988867], [0.00014826962433289737, 0.001662756665609777, -0.0003209382703062147, 0.0008961165440268815, -0.0015949339140206575, 0.0011899247765541077, -0.0012160493060946465, 0.0006323574343696237, -0.0007097835768945515, 0.0006110176327638328, -0.0021301477681845427, 0.0026845664251595736, -0.0007431898848153651], [0.00017098677926696837, -0.0003209382703062147, 0.0013802142348140478, -0.0008487947634421289, 0.00021818514505866915, -0.000919400539714843, 0.0003116158186458051, -0.0004993438487872481, 0.00034302202402614057, -1.4793525224376936e-05, 0.0005965539603494108, -0.0010687803151085973, 0.0013544472167268395], [-0.00023753971618134528, 0.0008961165440268815, -0.0008487947634421289, 0.0030280991923063993, -0.0022803531028330326, 0.0011094313813373446, -0.0006748605519533157, 0.0006138777825981379, -0.0008547440520487726, 0.0009377154055982828, -0.0010097086196765304, 0.0012120479950681329, -0.0014468292938545346], [-7.535320764873177e-05, -0.0015949339140206575, 0.00021818514505866915, -0.0022803531028330326, 0.005215253680944443, -0.002327170455828309, -0.0006651157746091485, -0.0001656039385125041, 0.0008079781546257436, -0.0018587609520182014, 0.001048145815730095, -0.0016629407182335854, 1.1052544323320035e-05], [-0.0005105214659124613, 0.0011899247765541077, -0.000919400539714843, 0.0011094313813373446, -0.002327170455828309, 0.007046768441796303, -0.0033760815858840942, -0.0009392710635438561, 0.0007719228742644191, 0.0006529967649839818, -0.0008147161570377648, 0.00020565869635902345, -0.00017272729019168764], [0.000263411522610113, -0.0012160493060946465, 0.0003116158186458051, -0.0006748605519533157, -0.0006651157746091485, -0.0033760815858840942, 0.009509756229817867, -0.003977286163717508, -0.0029008632991462946, 9.079703158931807e-05, 0.00016886618686839938, 0.0004123342514503747, 0.0011773289879783988], [-0.0002875935169868171, 0.0006323574343696237, -0.0004993438487872481, 0.0006138777825981379, -0.0001656039385125041, -0.0009392710635438561, -0.003977286163717508, 0.009864470921456814, -0.0024438020773231983, -0.000749274855479598, 0.0021352048497647047, 0.0007130499579943717, -0.004279163666069508], [3.75340023310855e-05, -0.0007097835768945515, 0.00034302202402614057, -0.0008547440520487726, 0.0008079781546257436, 0.0007719228742644191, -0.0029008632991462946, -0.0024438020773231983, 0.010218598879873753, -0.0011140289716422558, -0.0006543183117173612, -0.0018807603046298027, 0.002605390502139926], [-0.0005505698500201106, 0.0006110176327638328, -1.4793525224376936e-05, 0.0009377154055982828, -0.0018587609520182014, 0.0006529967649839818, 9.079703158931807e-05, -0.000749274855479598, -0.0011140289716422558, 0.010684340260922909, -0.005390608683228493, -0.000544204784091562, -0.0009538345038890839], [0.00027982049505226314, -0.0021301477681845427, 0.0005965539603494108, -0.0010097086196765304, 0.001048145815730095, -0.0008147161570377648, 0.00016886618686839938, 0.0021352048497647047, -0.0006543183117173612, -0.005390608683228493, 0.014259487390518188, -0.004720320925116539, -0.0007098185014910996], [0.0003905871999450028, 0.0026845664251595736, -0.0010687803151085973, 0.0012120479950681329, -0.0016629407182335854, 0.00020565869635902345, 0.0004123342514503747, 0.0007130499579943717, -0.0018807603046298027, -0.000544204784091562, -0.004720320925116539, 0.010892701335251331, -0.0033481111750006676], [0.000873338954988867, -0.0007431898848153651, 0.0013544472167268395, -0.0014468292938545346, 1.1052544323320035e-05, -0.00017272729019168764, 0.0011773289879783988, -0.004279163666069508, 0.002605390502139926, -0.0009538345038890839, -0.0007098185014910996, -0.0033481111750006676, 0.011506459675729275]], "lowlevel.mfcc.cov": [[4404.89892578125, -1078.0909423828125, -73.44012451171875, 37.38730239868164, 199.3821563720703, 324.8431701660156, 167.77178955078125, 198.5233154296875, 215.7850799560547, 258.61767578125, 254.7394256591797, 104.76587677001953, -3.8948850631713867], [-1078.0909423828125, 2580.22265625, -214.2927703857422, 370.33978271484375, 255.34207153320312, 179.7080535888672, 455.14453125, 2.5703818798065186, 293.14752197265625, 151.36123657226562, 350.2976989746094, 287.2059020996094, 60.24394607543945], [-73.44012451171875, -214.2927703857422, 933.3876953125, 197.8537139892578, 187.7884979248047, 171.2641143798828, 104.69515228271484, 218.35565185546875, 71.6282730102539, 85.85897064208984, -4.301121234893799, 11.945374488830566, 12.502187728881836], [37.38730239868164, 370.33978271484375, 197.8537139892578, 750.7464599609375, 401.1767578125, 320.6945495605469, 324.9776306152344, 193.005615234375, 236.62586975097656, 127.4350357055664, 135.60189819335938, 112.44220733642578, 85.39579772949219], [199.3821563720703, 255.34207153320312, 187.7884979248047, 401.1767578125, 476.7373962402344, 330.5804138183594, 313.86407470703125, 191.63534545898438, 196.955078125, 118.56758880615234, 96.30975341796875, 91.69046783447266, 72.47109985351562], [324.8431701660156, 179.7080535888672, 171.2641143798828, 320.6945495605469, 330.5804138183594, 430.1859130859375, 295.4144287109375, 216.11769104003906, 177.4280242919922, 146.25479125976562, 133.64889526367188, 96.58795928955078, 87.94316101074219], [167.77178955078125, 455.14453125, 104.69515228271484, 324.9776306152344, 313.86407470703125, 295.4144287109375, 448.5653991699219, 207.5599365234375, 270.8673095703125, 173.05348205566406, 144.97705078125, 121.29790496826172, 74.49788665771484], [198.5233154296875, 2.5703818798065186, 218.35565185546875, 193.005615234375, 191.63534545898438, 216.11769104003906, 207.5599365234375, 348.0250549316406, 210.28697204589844, 162.4458465576172, 84.5180435180664, 60.795589447021484, 45.848358154296875], [215.7850799560547, 293.14752197265625, 71.6282730102539, 236.62586975097656, 196.955078125, 177.4280242919922, 270.8673095703125, 210.28697204589844, 345.7076416015625, 185.14295959472656, 123.5126953125, 88.15765380859375, 41.159095764160156], [258.61767578125, 151.36123657226562, 85.85897064208984, 127.4350357055664, 118.56758880615234, 146.25479125976562, 173.05348205566406, 162.4458465576172, 185.14295959472656, 220.6689910888672, 132.9766387939453, 63.6993522644043, 13.154293060302734], [254.7394256591797, 350.2976989746094, -4.301121234893799, 135.60189819335938, 96.30975341796875, 133.64889526367188, 144.97705078125, 84.5180435180664, 123.5126953125, 132.9766387939453, 213.620361328125, 109.32774353027344, 29.257658004760742], [104.76587677001953, 287.2059020996094, 11.945374488830566, 112.44220733642578, 91.69046783447266, 96.58795928955078, 121.29790496826172, 60.795589447021484, 88.15765380859375, 63.6993522644043, 109.32774353027344, 135.60174560546875, 57.33656311035156], [-3.8948850631713867, 60.24394607543945, 12.502187728881836, 85.39579772949219, 72.47109985351562, 87.94316101074219, 74.49788665771484, 45.848358154296875, 41.159095764160156, 13.154293060302734, 29.257658004760742, 57.33656311035156, 117.06767272949219]], "lowlevel.mfcc.icov": [[0.0003893334069289267, 0.000349121488397941, 0.00012801103002857417, 0.00013530695287045091, -0.00014634980470873415, -0.0002144527097698301, -7.656265370314941e-05, 0.00020276510622352362, -0.000229923301958479, -1.1803982488345355e-05, -0.0006430288194678724, -0.0004276737163309008, 0.0003942637995351106], [0.000349121488397941, 0.0009956759167835116, 0.0001988399017136544, 4.102829552721232e-05, -0.0001740207662805915, 9.420954302186146e-05, -0.0007151129539124668, 0.0006133179413154721, -0.00041474855970591307, 0.0003740094543900341, -0.0012991765979677439, -0.001170047209598124, 0.0007014415459707379], [0.00012801103002857417, 0.0001988399017136544, 0.0014396795304492116, -0.0001867875544121489, -0.0003169543342664838, -0.00018364425341133028, 8.326692477567121e-05, -0.0007635101792402565, 0.0003941819304600358, -0.00039099829155020416, 0.0003449781215749681, -0.0004410925321280956, 0.0004998031654395163], [0.00013530695287045091, 4.102829552721232e-05, -0.0001867875544121489, 0.002742279786616564, -0.0016172073082998395, -0.00039168266812339425, -0.00016648882592562586, 0.000193094921996817, -0.0008397771161980927, 0.0006497563445009291, -0.0008598628337495029, 2.3926848371047527e-05, -0.00024591729743406177], [-0.00014634980470873415, -0.0001740207662805915, -0.0003169543342664838, -0.0016172073082998395, 0.006524503696709871, -0.002812004182487726, -0.001659147092141211, -9.490511729381979e-05, -0.00021254784951452166, 0.0004797492001671344, 0.0014662827597931027, -0.0004428668471518904, 0.00033588928636163473], [-0.0002144527097698301, 9.420954302186146e-05, -0.00018364425341133028, -0.00039168266812339425, -0.002812004182487726, 0.007469479460269213, -0.0019365937914699316, -0.0015767225995659828, 0.0016571256564930081, -0.0007129961741156876, -0.001866931444965303, 0.001077086548320949, -0.002334259683266282], [-7.656265370314941e-05, -0.0007151129539124668, 8.326692477567121e-05, -0.00016648882592562586, -0.001659147092141211, -0.0019365937914699316, 0.007673359476029873, -0.0002900540130212903, -0.002625148743391037, -0.0010643356945365667, 0.0009109948296099901, -0.0008013242040760815, -0.0006022139568813145], [0.00020276510622352362, 0.0006133179413154721, -0.0007635101792402565, 0.000193094921996817, -9.490511729381979e-05, -0.0015767225995659828, -0.0002900540130212903, 0.006895654834806919, -0.002505415817722678, -0.0020408695563673973, 0.00020604938617907465, -0.0006630982388742268, -0.0002575518155936152], [-0.000229923301958479, -0.00041474855970591307, 0.0003941819304600358, -0.0008397771161980927, -0.00021254784951452166, 0.0016571256564930081, -0.002625148743391037, -0.002505415817722678, 0.008563955314457417, -0.0038641844876110554, 0.0009258516947738826, -0.00017361770733259618, -0.00040834391256794333], [-1.1803982488345355e-05, 0.0003740094543900341, -0.00039099829155020416, 0.0006497563445009291, 0.0004797492001671344, -0.0007129961741156876, -0.0010643356945365667, -0.0020408695563673973, -0.0038641844876110554, 0.013017878867685795, -0.006001072470098734, 0.0011948556639254093, 0.001900561386719346], [-0.0006430288194678724, -0.0012991765979677439, 0.0003449781215749681, -0.0008598628337495029, 0.0014662827597931027, -0.001866931444965303, 0.0009109948296099901, 0.00020604938617907465, 0.0009258516947738826, -0.006001072470098734, 0.014230187982320786, -0.006294120103120804, 0.000946965825278312], [-0.0004276737163309008, -0.001170047209598124, -0.0004410925321280956, 2.3926848371047527e-05, -0.0004428668471518904, 0.001077086548320949, -0.0008013242040760815, -0.0006630982388742268, -0.00017361770733259618, 0.0011948556639254093, -0.006294120103120804, 0.01813594065606594, -0.006530473940074444], [0.0003942637995351106, 0.0007014415459707379, 0.0004998031654395163, -0.00024591729743406177, 0.00033588928636163473, -0.002334259683266282, -0.0006022139568813145, -0.0002575518155936152, -0.00040834391256794333, 0.001900561386719346, 0.000946965825278312, -0.006530473940074444, 0.013241717591881752]], "metadata.audio_properties.analysis.downmix": "mix", "metadata.audio_properties.codec": "mp3", "metadata.audio_properties.md5_encoded": "cf0f429d21fc22a6ad591e5c356a8af1", "metadata.tags.file_name": "1183692278875836456.mp3", "metadata.version.essentia": "2.1-beta6-dev", "metadata.version.essentia_git_sha": "v2.1_beta5-1110-g77a6a954", "metadata.version.extractor": "music 2.0", "tonal.chords_key": "D", "tonal.chords_scale": "major", "tonal.key_edma.key": "G", "tonal.key_edma.scale": "major", "tonal.key_krumhansl.key": "G", "tonal.key_krumhansl.scale": "major", "tonal.key_temperley.key": "G", "tonal.key_temperley.scale": "major", "metadata.tags.encoding": ["Lavf58.45.100"]}, "essentia_models": [{"model_name": "genre_dortmund", "activations": {"alternative": "0.0076316763", "blues": "0.0010708243", "electronic": "0.24986011", "folkcountry