{"song_id": "1183705224104398848", "download": "https://cdn.discordapp.com/attachments/1128313332273782784/1183705224104398848/chirp.mp4?ex=65894e65&amp", "lyrics": "I was drowning in the dark\nCouldn't see the light\nMy lungs were giving up\nI had no will to fight\nBut then you came along\nAnd pulled me from the deep\nYou taught me how to breathe\nYou gave me hope to keep\n\nYou're my pulmonary therapist\nYou make me feel alive\nYou're my pulmonary therapist\nYou help me to survive\nYou're the rhythm of my heart\nYou're the treadmill of my life\nYou're my pulmonary therapist\nYou're the reason why I strive\n\nYou put me on a path\nTo heal and to grow\nYou pushed me to the limit\nBut you never let me go\nYou showed me how to live\nAnd not to be afraid\nYou taught me how to breathe\nYou made me unafraid\n\nYou're my pulmonary therapist\nYou make me feel alive\nYou're my pulmonary therapist\nYou help me to survive\nThank you", "style": ["cheerful music for children music piano"], "essentia_features": {"lowlevel.average_loudness": 0.9567266702651978, "lowlevel.barkbands_crest.mean": 12.993956565856934, "lowlevel.barkbands_crest.stdev": 4.002777576446533, "lowlevel.barkbands_flatness_db.mean": 0.22038325667381287, "lowlevel.barkbands_flatness_db.stdev": 0.04897931590676308, "lowlevel.barkbands_kurtosis.mean": 12.197914123535156, "lowlevel.barkbands_kurtosis.stdev": 14.684718132019043, "lowlevel.barkbands_skewness.mean": 2.3424503803253174, "lowlevel.barkbands_skewness.stdev": 1.6450275182724, "lowlevel.barkbands_spread.mean": 10.483099937438965, "lowlevel.barkbands_spread.stdev": 9.670750617980957, "lowlevel.dissonance.mean": 0.42619264125823975, "lowlevel.dissonance.stdev": 0.04386300966143608, "lowlevel.dynamic_complexity": 2.980815887451172, "lowlevel.erbbands_crest.mean": 12.352176666259766, "lowlevel.erbbands_crest.stdev": 5.000330448150635, "lowlevel.erbbands_flatness_db.mean": 0.21991495788097382, "lowlevel.erbbands_flatness_db.stdev": 0.05549619346857071, "lowlevel.erbbands_kurtosis.mean": 2.9411325454711914, "lowlevel.erbbands_kurtosis.stdev": 4.751218318939209, "lowlevel.erbbands_skewness.mean": 1.1029112339019775, "lowlevel.erbbands_skewness.stdev": 0.979514479637146, "lowlevel.erbbands_spread.mean": 31.667922973632812, "lowlevel.erbbands_spread.stdev": 24.929203033447266, "lowlevel.hfc.mean": 13.294438362121582, "lowlevel.hfc.stdev": 18.2503662109375, "lowlevel.loudness_ebu128.integrated": -22.19687271118164, "lowlevel.loudness_ebu128.loudness_range": 2.5465221405029297, "lowlevel.loudness_ebu128.momentary.mean": -22.6708927154541, "lowlevel.loudness_ebu128.momentary.stdev": 2.092113971710205, "lowlevel.loudness_ebu128.short_term.mean": -22.28597068786621, "lowlevel.loudness_ebu128.short_term.stdev": 0.8321641087532043, "lowlevel.melbands_crest.mean": 14.3771390914917, "lowlevel.melbands_crest.stdev": 4.223156452178955, "lowlevel.melbands_flatness_db.mean": 0.27957165241241455, "lowlevel.melbands_flatness_db.stdev": 0.054402392357587814, "lowlevel.melbands_kurtosis.mean": 21.5208683013916, "lowlevel.melbands_kurtosis.stdev": 24.847049713134766, "lowlevel.melbands_skewness.mean": 2.9155266284942627, "lowlevel.melbands_skewness.stdev": 2.037529230117798, "lowlevel.melbands_spread.mean": 11.210347175598145, "lowlevel.melbands_spread.stdev": 9.034525871276855, "lowlevel.pitch_salience.mean": 0.5196026563644409, "lowlevel.pitch_salience.stdev": 0.0921366810798645, "lowlevel.silence_rate_20dB.mean": 1.0, "lowlevel.silence_rate_20dB.stdev": 0.0, "lowlevel.silence_rate_30dB.mean": 0.9975078105926514, "lowlevel.silence_rate_30dB.stdev": 0.04985971376299858, "lowlevel.silence_rate_60dB.mean": 0.029906542971730232, "lowlevel.silence_rate_60dB.stdev": 0.17032748460769653, "lowlevel.spectral_centroid.mean": 722.1500854492188, "lowlevel.spectral_centroid.stdev": 454.82244873046875, "lowlevel.spectral_complexity.mean": 10.12211799621582, "lowlevel.spectral_complexity.stdev": 4.099398612976074, "lowlevel.spectral_decrease.mean": -5.220873955380512e-09, "lowlevel.spectral_decrease.stdev": 4.674909348523215e-09, "lowlevel.spectral_energy.mean": 0.020910637453198433, "lowlevel.spectral_energy.stdev": 0.019135640934109688, "lowlevel.spectral_energyband_high.mean": 0.00031319912523031235, "lowlevel.spectral_energyband_high.stdev": 0.0006965853972360492, "lowlevel.spectral_energyband_low.mean": 0.002272912999615073, "lowlevel.spectral_energyband_low.stdev": 0.0019153873436152935, "lowlevel.spectral_energyband_middle_high.mean": 0.0063383691012859344, "lowlevel.spectral_energyband_middle_high.stdev": 0.015556114725768566, "lowlevel.spectral_energyband_middle_low.mean": 0.012801965698599815, "lowlevel.spectral_energyband_middle_low.stdev": 0.010724157094955444, "lowlevel.spectral_entropy.mean": 6.778421401977539, "lowlevel.spectral_entropy.stdev": 0.48600611090660095, "lowlevel.spectral_flux.mean": 0.06342622637748718, "lowlevel.spectral_flux.stdev": 0.045308467000722885, "lowlevel.spectral_kurtosis.mean": 7.552842140197754, "lowlevel.spectral_kurtosis.stdev": 6.013696193695068, "lowlevel.spectral_rms.mean": 0.004147208761423826, "lowlevel.spectral_rms.stdev": 0.0017892011674121022, "lowlevel.spectral_rolloff.mean": 776.0394287109375, "lowlevel.spectral_rolloff.stdev": 804.588134765625, "lowlevel.spectral_skewness.mean": 2.017355442047119, "lowlevel.spectral_skewness.stdev": 0.7983894944190979, "lowlevel.spectral_spread.mean": 3953560.0, "lowlevel.spectral_spread.stdev": 1757145.25, "lowlevel.spectral_strongpeak.mean": 1.3416471481323242, "lowlevel.spectral_strongpeak.stdev": 1.7045447826385498, "lowlevel.zerocrossingrate.mean": 0.03612642362713814, "lowlevel.zerocrossingrate.stdev": 0.020543348044157028, "metadata.audio_properties.analysis.equal_loudness": 0.0, "metadata.audio_properties.analysis.length": 37.22664260864258, "metadata.audio_properties.analysis.sample_rate": 44100.0, "metadata.audio_properties.analysis.start_time": 0.0, "metadata.audio_properties.bit_rate": 113607.0, "metadata.audio_properties.length": 37.22666549682617, "metadata.audio_properties.lossless": 0.0, "metadata.audio_properties.number_channels": 1.0, "metadata.audio_properties.replay_gain": -6.04261589050293, "metadata.audio_properties.sample_rate": 48000.0, "rhythm.beats_count": 61.0, "rhythm.beats_loudness.mean": 0.03193408250808716, "rhythm.beats_loudness.stdev": 0.02097242698073387, "rhythm.bpm": 98.28999328613281, "rhythm.bpm_histogram_first_peak_bpm": 98.0, "rhythm.bpm_histogram_first_peak_weight": 0.24074071645736694, "rhythm.bpm_histogram_second_peak_bpm": 117.0, "rhythm.bpm_histogram_second_peak_spread": 0.25, "rhythm.bpm_histogram_second_peak_weight": 0.05000000074505806, "rhythm.danceability": 1.526046872138977, "rhythm.onset_rate": 4.967135429382324, "tonal.chords_changes_rate": 0.0348692387342453, "tonal.chords_number_rate": 0.008717309683561325, "tonal.chords_strength.mean": 0.48461097478866577, "tonal.chords_strength.stdev": 0.06494444608688354, "tonal.hpcp_crest.mean": 16.531341552734375, "tonal.hpcp_crest.stdev": 6.924124717712402, "tonal.hpcp_entropy.mean": 1.5728965997695923, "tonal.hpcp_entropy.stdev": 0.5895938277244568, "tonal.key_edma.strength": 0.7216386795043945, "tonal.key_krumhansl.strength": 0.7221653461456299, "tonal.key_temperley.strength": 0.7255709767341614, "tonal.tuning_diatonic_strength": 0.5725521445274353, "tonal.tuning_equal_tempered_deviation": 0.011033902876079082, "tonal.tuning_frequency": 440.76312255859375, "tonal.tuning_nontempered_energy_ratio": 0.6180773973464966, "lowlevel.barkbands.mean": [2.3797954327164916e-06, 0.00014329860277939588, 0.0015749095473438501, 0.0017654066905379295, 0.0065508089028298855, 0.0013236424420028925, 0.0007239780970849097, 0.0007920922362245619, 0.0012041290756314993, 0.0030815780628472567, 0.000964138307608664, 0.0011333024594932795, 0.0002598304708953947, 0.0003629960701800883, 0.0002900326217059046, 0.0001137102153734304, 8.988993795355782e-05, 0.00014675274724140763, 5.781975050922483e-05, 0.00010337111598346382, 0.00013922115613240749, 1.882327524072025e-05, 2.168494938814547e-05, 3.4076096198987216e-05, 1.048943795467494e-05, 2.1509756606974406e-06, 1.365961850297026e-07], "lowlevel.barkbands.stdev": [4.35096171713667e-06, 0.0002153938403353095, 0.0015487599885091186, 0.0026211501099169254, 0.00652289530262351, 0.0026798159815371037, 0.0012187770335003734, 0.002146879443898797, 0.004949316382408142, 0.009633959271013737, 0.005750162526965141, 0.004834895487874746, 0.001115671475417912, 0.0013318323763087392, 0.0011941337725147605, 0.0006169970147311687, 0.0003157732717227191, 0.000508256140165031, 0.00020085208234377205, 0.0003778295940719545, 0.0003558397002052516, 5.907032027607784e-05, 7.271367212524638e-05, 0.0001012678985716775, 3.0333196264109574e-05, 6.464944362960523e-06, 5.026069516134157e-07], "lowlevel.erbbands.mean": [0.0013524704845622182, 0.06757396459579468, 1.2725963592529297, 3.990706205368042, 11.561164855957031, 21.8136043548584, 29.25359535217285, 8.13172721862793, 4.059051513671875, 20.859495162963867, 16.33262062072754, 22.359102249145508, 84.99541473388672, 62.93779373168945, 53.20729064941406, 29.641525268554688, 12.366297721862793, 11.99593448638916, 19.898181915283203, 13.808993339538574, 6.843503952026367, 6.0441789627075195, 7.333787441253662, 5.40825080871582, 1.8740475177764893, 4.71359395980835, 9.364151000976562, 1.840679407119751, 0.7187419533729553, 0.6535000205039978, 0.6064649224281311, 0.7642690539360046, 0.49457433819770813, 0.1830640733242035, 0.036152828484773636, 0.010010895319283009, 0.004036347381770611, 0.000777567969635129, 2.8531163479783572e-05, 2.493075044185389e-05], "lowlevel.erbbands.stdev": [0.00166007736697793, 0.0798071026802063, 1.2988168001174927, 4.040993690490723, 21.12503433227539, 21.616634368896484, 41.49809265136719, 19.75717544555664, 6.415207386016846, 32.898929595947266, 47.67384338378906, 97.2644271850586, 224.00616455078125, 276.02862548828125, 209.19625854492188, 118.24971008300781, 48.893890380859375, 46.108280181884766, 72.42540740966797, 56.41759490966797, 37.20237731933594, 18.35592269897461, 25.170215606689453, 16.937402725219727, 4.977433681488037, 15.282767295837402, 26.13512420654297, 4.306280612945557, 2.061326742172241, 2.369326591491699, 1.943633794784546, 2.095642328262329, 1.6623581647872925, 0.5547559857368469, 0.09751909971237183, 0.028312915936112404, 0.013323413208127022, 0.002650428796187043, 5.977395630907267e-05, 2.2757110855309293e-05], "lowlevel.gfcc.mean": [-72.87088775634766, 132.3467559814453, -115.98524475097656, 25.49356460571289, -77.66844940185547, 3.0302700996398926, -41.40773391723633, -11.076150894165039, -33.98210525512695, -19.148433685302734, -18.70914077758789, -20.398691177368164, 2.5527241230010986], "lowlevel.melbands.mean": [2.2789399736211635e-05, 0.0004823118797503412, 0.0009627917315810919, 0.001087555312551558, 0.0011356051545590162, 0.0001790482347132638, 8.539680857211351e-05, 0.0002298752951901406, 0.00011635690316325054, 0.00015792189515195787, 0.00045906813465990126, 0.00029575437656603754, 0.00016581997624598444, 0.00015978323062881827, 1.5770561731187627e-05, 3.0225959562812932e-05, 2.1598789317067713e-05, 3.75504168914631e-05, 2.025625144597143e-05, 1.1227981303818524e-05, 7.388175617961679e-06, 5.954807875241386e-06, 6.9710945354017895e-06, 5.9236317611066625e-06, 4.426105533639202e-06, 1.6623903320578393e-06, 1.072867803486588e-06, 3.5621135339169996e-06, 7.515088327636477e-06, 2.563202997407643e-06, 5.336455046744959e-07, 3.946494189221994e-07, 3.5253842156635073e-07, 3.733600806299364e-07, 3.223677822461468e-07, 4.285295176487125e-07, 4.77190837955277e-07, 3.9593012957084284e-07, 2.4072076598713466e-07, 1.1831440360765555e-07], "lowlevel.melbands.stdev": [3.429691423662007e-05, 0.0004605640424415469, 0.0012999923201277852, 0.001158818369731307, 0.0014265166828408837, 0.0004379184974823147, 0.00013540516374632716, 0.00037788815097883344, 0.0004148008592892438, 0.0006635312456637621, 0.0012191764544695616, 0.001203986699692905, 0.000789133133366704, 0.0006766380975022912, 7.862437632866204e-05, 0.00012909257202409208, 8.762854122323915e-05, 0.00014270433166529983, 9.203014633385465e-05, 4.941088263876736e-05, 4.461181379156187e-05, 1.9931758288294077e-05, 2.529282028262969e-05, 2.005962778639514e-05, 1.4479309356829617e-05, 5.374837655836018e-06, 3.284637841716176e-06, 1.2991525181860197e-05, 2.201628558395896e-05, 7.60731563786976e-06, 1.2451437214622274e-06, 1.1948952760576503e-06, 1.2590487585839583e-06, 1.4576069133909186e-06, 1.1518229712237371e-06, 1.1864838143083034e-06, 1.3285430213727523e-06, 1.393926254422695e-06, 8.051391660046647e-07, 3.5690095501195174e-07], "lowlevel.melbands128.mean": [1.1708020792866591e-06, 2.2814474505139515e-06, 1.3650312212121207e-05, 9.405972377862781e-05, 0.00045190140372142196, 0.000867580936755985, 0.0006663855747319758, 0.0010729924542829394, 0.0013674463843926787, 0.0006019709398970008, 0.0012972381664440036, 0.001751618110574782, 0.0011417670175433159, 0.00031654079793952405, 0.00016175804194062948, 0.0001230561756528914, 2.956908065243624e-05, 2.7978418074781075e-05, 0.00019260673434473574, 0.0003087322984356433, 0.00018555286806076765, 0.0002185706835007295, 6.136821320978925e-05, 8.363068627659231e-05, 0.00010022723290603608, 0.00017969436885323375, 0.00032582279527559876, 0.0003453692770563066, 0.0008494405192323029, 0.00033516468829475343, 0.00011795372847700492, 0.00013030794798396528, 0.00020152861543465406, 0.00010152965842280537, 0.00031284778378903866, 0.0001278841373277828, 1.154142137238523e-05, 1.1854913282149937e-05, 1.270342636416899e-05, 3.545511208358221e-05, 3.546362859196961e-05, 2.1021511201979592e-05, 1.0348494470235892e-05, 1.852951754699461e-05, 6.520639726659283e-05, 3.649315476650372e-05, 1.4745905900781509e-05, 1.7199658032041043e-05, 2.655681237229146e-05, 2.155179754481651e-05, 3.871682110911934e-06, 6.288959866651567e-06, 1.0916177416220307e-05, 6.1585833464050665e-06, 4.132664344069781e-06, 7.782956345181447e-06, 5.337712082109647e-06, 4.435126356838737e-06, 1.0575981832516845e-05, 6.618673523917096e-06, 3.5164707696822006e-06, 8.153982889780309e-06, 4.187031208857661e-06, 3.781502755373367e-06, 3.957009539590217e-06, 9.373498528475466e-07, 8.878145081325783e-07, 9.223830943483335e-07, 9.593309187039267e-07, 1.6101845403682091e-06, 1.744971655170957e-06, 6.055053745512851e-06, 7.2006791924650315e-06, 1.0002593626268208e-05, 4.3862060010724235e-06, 3.143590674881125e-06, 1.3850819868821418e-06, 7.069360776768008e-07, 4.1624926438998955e-07, 3.343139667322248e-07, 4.4777561925002374e-07, 4.022485882160254e-07, 3.2410673611593666e-07, 3.721483494700806e-07, 3.444683613906818e-07, 3.3787955544539727e-07, 4.235112953665521e-07, 3.736994926839543e-07, 2.758454797913146e-07, 3.013152820585674e-07, 3.9500179127571755e-07, 4.329050682372326e-07, 5.614227802652749e-07, 4.549077345927799e-07, 4.3833273366544745e-07, 5.150148467691906e-07, 3.8042017536099593e-07, 2.351435028913329e-07, 2.675591588285897e-07, 2.3094216317076643e-07, 1.6703623373359733e-07, 9.616795182409987e-08, 6.359415039014493e-08, 5.266552705052163e-08, 3.1658849763971375e-08, 2.1964899232784774e-08, 2.6810070608007663e-08, 1.8293055958906734e-08, 1.525873472019157e-08, 1.2501876867077044e-08, 1.353165668405154e-08, 1.2830025042376292e-08, 1.2732748189137055e-08, 1.398366222815639e-08, 1.081118750079213e-08, 9.055993288598074e-09, 5.253231627477817e-09, 9.469769413072981e-10, 3.778347426597328e-12, 3.6744279494072e-12, 3.5773317901693913e-12, 3.5119828052654345e-12, 3.465062004687214e-12, 3.390379340120764e-12, 3.233468614388668e-12, 2.992381733027405e-12, 2.857600657837911e-12, 2.8269485276982698e-12], "lowlevel.melbands128.stdev": [2.109281012963038e-06, 5.106165644974681e-06, 2.9925333365099505e-05, 0.00014263359480537474, 0.0005665142089128494, 0.0008214739500544965, 0.0006061599124222994, 0.0018228398403152823, 0.0028470666147768497, 0.000788808916695416, 0.001471462193876505, 0.002228762721642852, 0.0018710457952693105, 0.000980539945885539, 0.0005979550187475979, 0.0003525548963807523, 0.00010878102330025285, 8.228227670770139e-05, 0.0003642378142103553, 0.0005393558531068265, 0.0005030946922488511, 0.000722635886631906, 0.00032420959905721247, 0.0009074724512174726, 0.0008487332961522043, 0.0009775946382433176, 0.0014214460970833898, 0.0012571534607559443, 0.0027833234053105116, 0.0015653371810913086, 0.0017132633365690708, 0.0009748301818035543, 0.0013670503394678235, 0.0006767390877939761, 0.0014639750588685274, 0.0006489932420663536, 8.79765284480527e-05, 0.00010573187319096178, 0.00011387767153792083, 0.0001792942057363689, 0.0001796567376004532, 0.00019522110233083367, 9.7379379440099e-05, 0.00010488004772923887, 0.0002699383767321706, 0.00019139640789944679, 0.0001053970554494299, 0.00016235595103353262, 0.00013135078188497573, 0.00012862973380833864, 2.3482562028220855e-05, 5.472575139719993e-05, 8.468322630506009e-05, 5.845913619850762e-05, 2.984026650665328e-05, 2.9070664822938852e-05, 2.139815842383541e-05, 2.2862239347887225e-05, 4.754919063998386e-05, 2.862220753740985e-05, 1.7644941181060858e-05, 3.19519494951237e-05, 1.452564447390614e-05, 2.27730179176433e-05, 1.758996040734928e-05, 2.8510773972811876e-06, 2.5775161702767946e-06, 2.988836058648303e-06, 4.1213625081581995e-06, 5.793380751129007e-06, 5.619317562377546e-06, 2.885374124161899e-05, 2.9897113563492894e-05, 3.085104253841564e-05, 1.7263802874367684e-05, 1.0849764294107445e-05, 3.635806251622853e-06, 2.248229066026397e-06, 1.1386434835003456e-06, 1.1552441492312937e-06, 1.4618375416830531e-06, 1.338316906185355e-06, 1.2026765716655063e-06, 1.4098577594268136e-06, 1.3561033256337396e-06, 1.3674842875843751e-06, 1.8663454284251202e-06, 1.4981114873080514e-06, 1.1242183290960384e-06, 1.0490688282516203e-06, 1.264844627257844e-06, 1.2672763887167093e-06, 1.5515619224970578e-06, 1.2729348100037896e-06, 1.3820352933180402e-06, 1.8026311181529309e-06, 1.5669106687710155e-06, 8.501969546159671e-07, 9.846810371527681e-07, 7.87650947131624e-07, 5.529780082724756e-07, 3.0881804491400544e-07, 2.0281933643673256e-07, 1.6114445600123872e-07, 9.363837705222977e-08, 9.050016558376228e-08, 8.484462199476184e-08, 5.821061677124817e-08, 4.873639269931118e-08, 3.8185362427611835e-08, 6.328527746291002e-08, 4.742181047845406e-08, 4.7189956831061863e-08, 5.165385275063272e-08, 4.049593371746596e-08, 3.531533820932964e-08, 1.883485012399433e-08, 4.2763259600064885e-09, 5.706982629527513e-12, 5.568095463870382e-12, 5.4355716976040025e-12, 5.318957514016676e-12, 5.2143215960309686e-12, 5.126917987374746e-12, 5.054020136424642e-12, 4.988703894426294e-12, 4.944743399459828e-12, 4.918089373251444e-12], "lowlevel.mfcc.mean": [-714.5115356445312, 152.88507080078125, 14.829646110534668, 16.269615173339844, -7.829276084899902, -2.2473320960998535, -0.5195032358169556, -9.573169708251953, -3.3079707622528076, -7.5599212646484375, -25.669227600097656, -4.418006896972656, -19.65005874633789], "lowlevel.spectral_contrast_coeffs.mean": [-0.6103048324584961, -0.6978495717048645, -0.7030844688415527, -0.7784624695777893, -0.7902963757514954, -0.7631979584693909], "lowlevel.spectral_contrast_coeffs.stdev": [0.06630447506904602, 0.0654575303196907, 0.09212147444486618, 0.0664193257689476, 0.0551057904958725, 0.042561911046504974], "lowlevel.spectral_contrast_valleys.mean": [-7.010164737701416, -7.5300612449646, -7.998518466949463, -8.672110557556152, -8.627552032470703, -11.436446189880371], "lowlevel.spectral_contrast_valleys.stdev": [0.5421737432479858, 0.5036258697509766, 0.5984688401222229, 0.5926184058189392, 0.7453498840332031, 0.9052281379699707], "rhythm.beats_loudness_band_ratio.mean": [0.3819381594657898, 0.38092467188835144, 0.13079482316970825, 0.16244061291217804, 0.032176949083805084, 0.014777934178709984], "rhythm.beats_loudness_band_ratio.stdev": [0.26160335540771484, 0.1903206706047058, 0.15046606957912445, 0.245271235704422, 0.0417528860270977, 0.019090859219431877], "tonal.hpcp.mean": [0.05921892449259758, 0.0325692854821682, 0.04818612337112427, 0.0924454852938652, 0.08193816989660263, 0.2504589855670929, 0.4301546812057495, 0.22863098978996277, 0.03309490159153938, 0.026021206751465797, 0.043554484844207764, 0.22498221695423126, 0.4262951910495758, 0.2590217888355255, 0.05784093961119652, 0.04073356091976166, 0.016028327867388725, 0.009674850851297379, 0.010198546573519707, 0.015905676409602165, 0.04386439546942711, 0.05994081869721413, 0.03752022236585617, 0.027158325538039207, 0.029367901384830475, 0.02989950403571129, 0.17755037546157837, 0.32586851716041565, 0.19081826508045197, 0.03543764352798462, 0.018774177879095078, 0.022899750620126724, 0.07252589613199234, 0.12600234150886536, 0.08341916650533676, 0.0526997372508049], "tonal.hpcp.stdev": [0.187308669090271, 0.11709312349557877, 0.11717119067907333, 0.18346111476421356, 0.16568098962306976, 0.2584364712238312, 0.40970441699028015, 0.2533436119556427, 0.13110490143299103, 0.12381646037101746, 0.14556831121444702, 0.2725994884967804, 0.4146157503128052, 0.28163379430770874, 0.16128425300121307, 0.12265941500663757, 0.06408899277448654, 0.053487397730350494, 0.04950897395610809, 0.08044370263814926, 0.1546180695295334, 0.1889134645462036, 0.12547430396080017, 0.09729617834091187, 0.0942155122756958, 0.11074064671993256, 0.21313787996768951, 0.3415773808956146, 0.2505590617656708, 0.12003060430288315, 0.09797593206167221, 0.10126986354589462, 0.18620239198207855, 0.26080045104026794, 0.19532927870750427, 0.15435880422592163], "rhythm.beats_position": [0.5108389854431152, 1.0216779708862305, 1.5325169563293457, 2.043355941772461, 2.5425848960876465, 3.1346938610076904, 3.7616326808929443, 4.342131614685059, 4.934240341186523, 5.526349067687988, 6.130067825317383, 6.733786582946777, 7.337505340576172, 7.964444160461426, 8.59138298034668, 9.218321800231934, 9.845260620117188, 10.460589408874512, 11.075918197631836, 11.69124698638916, 12.306575775146484, 12.910294532775879, 13.525623321533203, 14.140952110290527, 14.756280899047852, 15.371609687805176, 15.97532844543457, 16.59065818786621, 17.19437599182129, 17.80970573425293, 18.425033569335938, 19.040363311767578, 19.667301177978516, 20.271020889282227, 20.874738693237305, 21.478458404541016, 22.082176208496094, 22.685895919799805, 23.289613723754883, 23.904943466186523, 24.52027130126953, 25.123991012573242, 25.72770881652832, 26.34303855895996, 26.95836639404297, 27.57369613647461, 28.189023971557617, 28.804353713989258, 29.419681549072266, 30.023401260375977, 30.615509033203125, 31.184398651123047, 31.776506423950195, 32.36861801147461, 32.983943939208984, 33.599273681640625, 34.2029914855957, 34.80671310424805, 35.433650970458984, 36.048980712890625, 36.664306640625], "rhythm.bpm_histogram": [0.0, 0.0, 0.0, 0.0, 0.0, 0.0, 0.0, 0.0, 0.0, 0.0, 0.0, 0.0, 0.0, 0.0, 0.0, 0.0, 0.0, 0.0, 0.0, 0.0, 0.0, 0.0, 0.0, 0.0, 0.0, 0.0, 0.0, 0.0, 0.0, 0.0, 0.0, 0.0, 0.0, 0.0, 0.0, 0.0, 0.0, 0.0, 0.0, 0.0, 0.0, 0.0, 0.0, 0.0, 0.0, 0.0, 0.0, 0.0, 0.0, 0.0, 0.0, 0.0, 0.0, 0.0, 0.0, 0.0, 0.0, 0.0, 0.0, 0.0, 0.0, 0.0, 0.0, 0.0, 0.0, 0.0, 0.0, 0.0, 0.0, 0.0, 0.0, 0.0, 0.0, 0.0, 0.0, 0.0, 0.0, 0.0, 0.0, 0.0, 0.0, 0.0, 0.0, 0.0, 0.0, 0.0, 0.0, 0.0, 0.0, 0.0, 0.0, 0.0, 0.0, 0.0, 0.0, 0.0, 0.11666666716337204, 0.0, 0.4000000059604645, 0.28333333134651184, 0.0, 0.10000000149011612, 0.0, 0.01666666753590107, 0.0, 0.01666666753590107, 0.0, 0.0, 0.0, 0.0, 0.0, 0.0, 0.0, 0.0, 0.0, 0.0, 0.0, 0.05000000074505806, 0.0, 0.0, 0.01666666753590107, 0.0, 0.0, 0.0, 0.0, 0.0, 0.0, 0.0, 0.0, 0.0, 0.0, 0.0, 0.0, 0.0, 0.0, 0.0, 0.0, 0.0, 0.0, 0.0, 0.0, 0.0, 0.0, 0.0, 0.0, 0.0, 0.0, 0.0, 0.0, 0.0, 0.0, 0.0, 0.0, 0.0, 0.0, 0.0, 0.0, 0.0, 0.0, 0.0, 0.0, 0.0, 0.0, 0.0, 0.0, 0.0, 0.0, 0.0, 0.0, 0.0, 0.0, 0.0, 0.0, 0.0, 0.0, 0.0, 0.0, 0.0, 0.0, 0.0, 0.0, 0.0, 0.0, 0.0, 0.0, 0.0, 0.0, 0.0, 0.0, 0.0, 0.0, 0.0, 0.0, 0.0, 0.0, 0.0, 0.0, 0.0, 0.0, 0.0, 0.0, 0.0, 0.0, 0.0, 0.0, 0.0, 0.0, 0.0, 0.0, 0.0, 0.0, 0.0, 0.0, 0.0, 0.0, 0.0, 0.0, 0.0, 0.0, 0.0, 0.0, 0.0, 0.0, 0.0, 0.0, 0.0, 0.0, 0.0, 0.0, 0.0, 0.0, 0.0, 0.0, 0.0, 0.0, 0.0, 0.0, 0.0, 0.0, 0.0, 0.0, 0.0, 0.0, 0.0, 0.0, 0.0, 0.0, 0.0, 0.0, 0.0], "tonal.chords_histogram": [2.8642590045928955, 0.0, 41.22042465209961, 0.0, 4.234122276306152, 0.0, 0.0, 0.0, 0.0, 0.0, 0.0, 0.0, 0.0, 0.0, 0.0, 0.0, 0.0, 32.129512786865234, 0.0, 10.211706161499023, 7.721045970916748, 1.6189290285110474, 0.0, 0.0], "tonal.thpcp": [1.0, 0.5315088033676147, 0.07693721354007721, 0.06049267202615738, 0.10125307738780975, 0.5230262875556946, 0.9910276532173157, 0.6021596193313599, 0.13446544110774994, 0.09469515085220337, 0.03726177662611008, 0.022491563111543655, 0.023709021508693695, 0.0369766429066658, 0.10197354108095169, 0.1393471211194992, 0.08722495287656784, 0.06313618272542953, 0.06827288866043091, 0.06950872391462326, 0.41275936365127563, 0.7575612664222717, 0.44360384345054626, 0.08238349109888077, 0.04364517703652382, 0.05323608219623566, 0.16860422492027283, 0.29292333126068115, 0.1939283013343811, 0.12251345813274384, 0.1376689076423645, 0.07571528851985931, 0.11202045530080795, 0.21491219103336334, 0.19048535823822021, 0.5822532773017883], "lowlevel.gfcc.cov": [[3081.822998046875, -934.1790771484375, -513.3427124023438, 62.37547302246094, -16.218585968017578, 83.53307342529297, 56.2331428527832, 222.80630493164062, -209.55538940429688, -17.607227325439453, -83.4871597290039, -101.54806518554688, 54.76375961303711], [-934.1790771484375, 1126.9486083984375, -378.01336669921875, -221.14984130859375, 168.5335235595703, -106.4339370727539, 176.87969970703125, -208.18109130859375, 98.5087890625, -123.19359588623047, 162.56124877929688, -193.46763610839844, 206.10232543945312], [-513.3427124023438, -378.01336669921875, 1026.4571533203125, 173.0458221435547, -133.1266326904297, 89.95610809326172, -255.6516876220703, -13.018449783325195, 44.559932708740234, 118.06787109375, -144.7852020263672, 283.6575012207031, -278.5482482910156], [62.37547302246094, -221.14984130859375, 173.0458221435547, 491.83941650390625, -38.812198638916016, -210.24513244628906, -125.6544418334961, 99.86599731445312, 46.404083251953125, -44.3111572265625, 4.8342156410217285, 68.62020874023438, -50.825191497802734], [-16.218585968017578, 168.5335235595703, -133.1266326904297, -38.812198638916016, 197.04928588867188, 5.58887243270874, 37.8798713684082, -18.208433151245117, -14.333880424499512, -26.692333221435547, 7.510761260986328, -14.391989707946777, 48.09773254394531], [83.53307342529297, -106.4339370727539, 89.95610809326172, -210.24513244628906, 5.58887243270874, 296.75128173828125, 59.2479248046875, -56.1890869140625, -37.09627151489258, 59.15530014038086, -39.18115997314453, 9.891416549682617, -32.58204650878906], [56.2331428527832, 176.87969970703125, -255.6516876220703, -125.6544418334961, 37.8798713684082, 59.2479248046875, 231.311279296875, -24.785831451416016, -61.68458557128906, -30.921995162963867, 51.97133255004883, -91.84051513671875, 65.09414672851562], [222.80630493164062, -208.18109130859375, -13.018449783325195, 99.86599731445312, -18.208433151245117, -56.1890869140625, -24.785831451416016, 203.21502685546875, 20.8992919921875, -2.396085023880005, -47.99580764770508, 18.73187828063965, -23.67589569091797], [-209.55538940429688, 98.5087890625, 44.559932708740234, 46.404083251953125, -14.333880424499512, -37.09627151489258, -61.68458557128906, 20.8992919921875, 160.702392578125, 3.294429302215576, -31.819751739501953, -7.660021781921387, -5.451752662658691], [-17.607227325439453, -123.19359588623047, 118.06787109375, -44.3111572265625, -26.692333221435547, 59.15530014038086, -30.921995162963867, -2.396085023880005, 3.294429302215576, 122.52603149414062, -28.1654109954834, 36.230491638183594, -51.43707275390625], [-83.4871597290039, 162.56124877929688, -144.7852020263672, 4.8342156410217285, 7.510761260986328, -39.18115997314453, 51.97133255004883, -47.99580764770508, -31.819751739501953, -28.1654109954834, 130.28021240234375, -39.48469543457031, 45.62131881713867], [-101.54806518554688, -193.46763610839844, 283.6575012207031, 68.62020874023438, -14.391989707946777, 9.891416549682617, -91.84051513671875, 18.73187828063965, -7.660021781921387, 36.230491638183594, -39.48469543457031, 178.3227996826172, -98.4496841430664], [54.76375961303711, 206.10232543945312, -278.5482482910156, -50.825191497802734, 48.09773254394531, -32.58204650878906, 65.09414672851562, -23.67589569091797, -5.451752662658691, -51.43707275390625, 45.62131881713867, -98.4496841430664, 169.72340393066406]], "lowlevel.gfcc.icov": [[0.000708604755345732, 0.0008946532034315169, 0.00044517897185869515, 3.4855860576499254e-05, -0.0002672528207767755, -1.9174141925759614e-05, 4.5708737161476165e-05, 8.871859608916566e-05, 0.0002781149814836681, 0.0003762420092243701, 0.0002161165321012959, 0.0005671533872373402, -0.00011324542720103636], [0.0008946532034315169, 0.005478475242853165, -0.0012965908972546458, 0.002856190549209714, -0.0033925408497452736, 0.0034023835323750973, -0.002675603609532118, 0.0026036780327558517, -0.004228816367685795, 0.0025579575449228287, -0.0035055268090218306, 0.0026800951454788446, -0.0020738234743475914], [0.00044517897185869515, -0.0012965908972546458, 0.0044350167736411095, -0.002148817526176572, 0.0022606903221458197, -0.0025418498553335667, 0.0024596923030912876, 0.000585177622269839, 0.0019178891088813543, -0.0009684580727480352, 0.0034842255990952253, -0.003078192239627242, 0.0031217397190630436], [3.4855860576499254e-05, 0.002856190549209714, -0.002148817526176572, 0.005835183896124363, -0.002064257860183716, 0.004526852164417505, -0.0010794870322570205, 6.858635606477037e-05, -0.003107868367806077, 0.0026060903910547495, -0.0036779234651476145, 0.0013137805508449674, -0.0009405874880030751], [-0.0002672528207767755, -0.0033925408497452736, 0.0022606903221458197, -0.002064257860183716, 0.008355017751455307, -0.002722178352996707, 0.0016543609090149403, -0.0009051332017406821, 0.0031776910182088614, -0.0008412529132328928, 0.0037332100328058004, -0.0034616910852491856, 0.0004825900250580162], [-1.9174141925759614e-05, 0.0034023835323750973, -0.0025418498553335667, 0.004526852164417505, -0.002722178352996707, 0.00906124897301197, -0.003905755467712879, 0.0025408260989934206, -0.0029648614581674337, 0.0003159966436214745, -0.0015937609132379293, 0.0018388420576229692, -0.0010826019570231438], [4.5708737161476165e-05, -0.002675603609532118, 0.0024596923030912876, -0.0010794870322570205, 0.0016543609090149403, -0.003905755467712879, 0.009846890345215797, -0.0019532316364347935, 0.00490413885563612, -4.982260361430235e-05, 0.0009418209665454924, 0.0008069297182373703, 0.0020375691819936037], [8.871859608916566e-05, 0.0026036780327558517, 0.000585177622269839, 6.858635606477037e-05, -0.0009051332017406821, 0.0025408260989934206, -0.0019532316364347935, 0.008586403913795948, -0.0027046401519328356, 0.0008906738949008286, 0.001669110730290413, -1.773988697095774e-05, 0.00020582594152074307], [0.0002781149814836681, -0.004228816367685795, 0.0019178891088813543, -0.003107868367806077, 0.0031776910182088614, -0.0029648614581674337, 0.00490413885563612, -0.0027046401519328356, 0.012624042108654976, -0.0021842175628989935, 0.005696624517440796, 0.00023270203382708132, 0.001881848438642919], [0.0003762420092243701, 0.0025579575449228287, -0.0009684580727480352, 0.0026060903910547495, -0.0008412529132328928, 0.0003159966436214745, -4.982260361430235e-05, 0.0008906738949008286, -0.0021842175628989935, 0.012162932194769382, -0.001598136848770082, 0.0009603355429135263, 0.0010083921952173114], [0.0002161165321012959, -0.0035055268090218306, 0.0034842255990952253, -0.0036779234651476145, 0.0037332100328058004, -0.0015937609132379293, 0.0009418209665454924, 0.001669110730290413, 0.005696624517440796, -0.001598136848770082, 0.015573408454656601, -0.002252009231597185, 0.00151801947504282], [0.0005671533872373402, 0.0026800951454788446, -0.003078192239627242, 0.0013137805508449674, -0.0034616910852491856, 0.0018388420576229692, 0.0008069297182373703, -1.773988697095774e-05, 0.00023270203382708132, 0.0009603355429135263, -0.002252009231597185, 0.013497875072062016, 0.0016594512853771448], [-0.00011324542720103636, -0.0020738234743475914, 0.0031217397190630436, -0.0009405874880030751, 0.0004825900250580162, -0.0010826019570231438, 0.0020375691819936037, 0.00020582594152074307, 0.001881848438642919, 0.0010083921952173114, 0.00151801947504282, 0.0016594512853771448, 0.013111758045852184]], "lowlevel.mfcc.cov": [[3278.6533203125, -883.1720581054688, -611.1527099609375, -3.071803569793701, -0.2797715961933136, -243.82716369628906, 329.59588623046875, -49.78848648071289, 81.76927185058594, 179.47512817382812, -225.85977172851562, 34.49466323852539, -150.5681610107422], [-883.1720581054688, 1108.0343017578125, -376.5209655761719, -199.08135986328125, -83.90365600585938, 134.54991149902344, 77.07327270507812, -80.33724975585938, -3.0205748081207275, 21.1319580078125, -73.69537353515625, 12.003325462341309, -37.49492645263672], [-611.1527099609375, -376.5209655761719, 932.8637084960938, 81.48992156982422, 68.33550262451172, 106.7365493774414, -295.39178466796875, 90.37882995605469, -59.68212127685547, -125.04364776611328, 189.19834899902344, -51.861228942871094, 137.46485900878906], [-3.071803569793701, -199.08135986328125, 81.48992156982422, 521.4491577148438, 90.34126281738281, -195.23020935058594, -107.88377380371094, 67.40985870361328, -8.40799331665039, -76.80719757080078, 29.92801856994629, 63.81208038330078, 1.8642606735229492], [-0.2797715961933136, -83.90365600585938, 68.33550262451172, 90.34126281738281, 199.61253356933594, -24.322887420654297, -93.43741607666016, 18.40486717224121, 36.58027267456055, -28.399160385131836, -2.111487865447998, 12.109888076782227, 19.860076904296875], [-243.82716369628906, 134.54991149902344, 106.7365493774414, -195.23020935058594, -24.322887420654297, 289.95794677734375, 21.485687255859375, -11.630308151245117, -45.81272888183594, -0.3998357951641083, 24.877166748046875, -56.62240219116211, 45.395751953125], [329.59588623046875, 77.07327270507812, -295.39178466796875, -107.88377380371094, -93.43741607666016, 21.485687255859375, 348.299072265625, -31.41847801208496, -36.21480178833008, 63.0269889831543, -89.32003021240234, 16.012588500976562, -76.45700073242188], [-49.78848648071289, -80.33724975585938, 90.37882995605469, 67.40985870361328, 18.40486717224121, -11.630308151245117, -31.41847801208496, 146.85377502441406, 5.668513774871826, -32.794803619384766, 37.46396255493164, -1.5802720785140991, 27.275089263916016], [81.76927185058594, -3.0205748081207275, -59.68212127685547, -8.40799331665039, 36.58027267456055, -45.81272888183594, -36.21480178833008, 5.668513774871826, 165.5770263671875, 52.043338775634766, -32.098140716552734, 11.940171241760254, -10.217276573181152], [179.47512817382812, 21.1319580078125, -125.04364776611328, -76.80719757080078, -28.399160385131836, -0.3998357951641083, 63.0269889831543, -32.794803619384766, 52.043338775634766, 131.19204711914062, -26.815139770507812, -3.790306568145752, -26.5361328125], [-225.85977172851562, -73.69537353515625, 189.19834899902344, 29.92801856994629, -2.111487865447998, 24.877166748046875, -89.32003021240234, 37.46396255493164, -32.098140716552734, -26.815139770507812, 149.74427795410156, -11.949478149414062, 34.793670654296875], [34.49466323852539, 12.003325462341309, -51.861228942871094, 63.81208038330078, 12.109888076782227, -56.62240219116211, 16.012588500976562, -1.5802720785140991, 11.940171241760254, -3.790306568145752, -11.949478149414062, 119.24715423583984, -11.253931045532227], [-150.5681610107422, -37.49492645263672, 137.46485900878906, 1.8642606735229492, 19.860076904296875, 45.395751953125, -76.45700073242188, 27.275089263916016, -10.217276573181152, -26.5361328125, 34.793670654296875, -11.253931045532227, 112.84434509277344]], "lowlevel.mfcc.icov": [[0.0007222737767733634, 0.0008623683243058622, 0.0005966099561192095, 0.0001683698210399598, -1.4651382116426248e-05, 2.3581573259434663e-05, -4.23632372985594e-05, -8.709204848855734e-06, 0.0001207937384606339, -0.00032290685339830816, 0.0006101256003603339, -4.768590588355437e-05, 0.00022932878346182406], [0.0008623683243058622, 0.0023404608946293592, 0.0014460239326581359, 0.00039588837535120547, 0.00042677749297581613, -0.0008377445046789944, 0.000530374760273844, 0.00021189662220422179, 0.00012254391913302243, 0.00015015651297289878, 0.0008637759601697326, -0.00045460450928658247, 0.0004650413175113499], [0.0005966099561192095, 0.0014460239326581359, 0.002947779605165124, 0.00014909254969097674, 0.00013095721078570932, -0.0010357217397540808, 0.0013197329826653004, -0.0002515634405426681, 0.0003525456122588366, 0.0007757762214168906, -0.0007815124117769301, 6.16578254266642e-05, -0.0005068088648840785], [0.0001683698210399598, 0.00039588837535120547, 0.00014909254969097674, 0.003415018320083618, -0.0008566475589759648, 0.0019671646878123283, 0.0005248375819064677, -0.0008965498418547213, 0.0008334985468536615, 0.0008788830600678921, -1.9778557543759234e-05, -0.0009469702490605414, 0.0002436621143715456], [-1.4651382116426248e-05, 0.00042677749297581613, 0.00013095721078570932, -0.0008566475589759648, 0.00662591215223074, -0.0008019433007575572, 0.0015885100001469254, -4.40638505097013e-05, -0.0013568534050136805, 0.0009898365242406726, 0.001249282737262547, -0.0005083756404928863, -0.0001056859182426706], [2.3581573259434663e-05, -0.0008377445046789944, -0.0010357217397540808, 0.0019671646878123283, -0.0008019433007575572, 0.006393746938556433, -0.0011621571611613035, 4.0754006477072835e-05, 0.0011386539554223418, -0.00020652958482969552, -0.0004705894971266389, 0.0015016580000519753, -0.0018965493654832244], [-4.23632372985594e-05, 0.000530374760273844, 0.0013197329826653004, 0.0005248375819064677, 0.0015885100001469254, -0.0011621571611613035, 0.006042480934411287, -0.0011398324277251959, 0.002289513824507594, -0.0013679078547284007, 0.0021827900782227516, -0.0011378152994439006, 0.0021599840838462114], [-8.709204848855734e-06, 0.00021189662220422179, -0.0002515634405426681, -0.0008965498418547213, -4.40638505097013e-05, 4.0754006477072835e-05, -0.0011398324277251959, 0.008509968407452106, -0.0017370330169796944, 0.001891130581498146, -0.0018600806361064315, 0.0005432654288597405, -0.001542643061839044], [0.0001207937384606339, 0.00012254391913302243, 0.0003525456122588366, 0.0008334985468536615, -0.0013568534050136805, 0.0011386539554223418, 0.002289513824507594, -0.0017370330169796944, 0.009196731261909008, -0.004284280817955732, 0.0022324721794575453, -0.0007714710081927478, 0.0005704278009943664], [-0.00032290685339830816, 0.00015015651297289878, 0.0007757762214168906, 0.0008788830600678921, 0.0009898365242406726, -0.00020652958482969552, -0.0013679078547284007, 0.001891130581498146, -0.004284280817955732, 0.012072986923158169, -0.001557464012876153, 0.0006290333694778383, 0.0001785319036571309], [0.0006101256003603339, 0.0008637759601697326, -0.0007815124117769301, -1.9778557543759234e-05, 0.001249282737262547, -0.0004705894971266389, 0.0021827900782227516, -0.0018600806361064315, 0.0022324721794575453, -0.001557464012876153, 0.010960093699395657, -0.0004008426913060248, 0.00036796883796341717], [-4.768590588355437e-05, -0.00045460450928658247, 6.16578254266642e-05, -0.0009469702490605414, -0.0005083756404928863, 0.0015016580000519753, -0.0011378152994439006, 0.0005432654288597405, -0.0007714710081927478, 0.0006290333694778383, -0.0004008426913060248, 0.009913532994687557, -0.0005006631836295128], [0.00022932878346182406, 0.0004650413175113499, -0.0005068088648840785, 0.0002436621143715456, -0.0001056859182426706, -0.0018965493654832244, 0.0021599840838462114, -0.001542643061839044, 0.0005704278009943664, 0.0001785319036571309, 0.00036796883796341717, -0.0005006631836295128, 0.01248378586024046]], "metadata.audio_properties.analysis.downmix": "mix", "metadata.audi