{"song_id": "1183712550685249546", "download": "https://cdn.discordapp.com/attachments/1135903449314238464/1183712550685249546/chirp.mp4?ex=65895538&amp", "lyrics": "[Verse]\nIn shadows they scurry, their eyes glowing red\nRaccoons of darkness, with bloodlust, they're fed\nSharp claws like daggers, their teeth stained with gore\nPrey trembles in fear as they unleash their uproar\n\n[Chorus]\nRaccoons of rage, they've come to devour\nLeaving trails of chaos, their power will tower\nRampaging through the night, a murderous spree\nBeware their wrath, for death it will decree", "style": ["rap"], "essentia_features": {"lowlevel.average_loudness": 0.9815566539764404, "lowlevel.barkbands_crest.mean": 9.318938255310059, "lowlevel.barkbands_crest.stdev": 3.3145883083343506, "lowlevel.barkbands_flatness_db.mean": 0.10187084227800369, "lowlevel.barkbands_flatness_db.stdev": 0.02705712430179119, "lowlevel.barkbands_kurtosis.mean": 0.42579975724220276, "lowlevel.barkbands_kurtosis.stdev": 1.797895073890686, "lowlevel.barkbands_skewness.mean": 1.1930530071258545, "lowlevel.barkbands_skewness.stdev": 0.6386830806732178, "lowlevel.barkbands_spread.mean": 38.005027770996094, "lowlevel.barkbands_spread.stdev": 10.197380065917969, "lowlevel.dissonance.mean": 0.4906810522079468, "lowlevel.dissonance.stdev": 0.008698762394487858, "lowlevel.dynamic_complexity": 1.2053372859954834, "lowlevel.erbbands_crest.mean": 6.4811506271362305, "lowlevel.erbbands_crest.stdev": 2.2235331535339355, "lowlevel.erbbands_flatness_db.mean": 0.13583390414714813, "lowlevel.erbbands_flatness_db.stdev": 0.022868020460009575, "lowlevel.erbbands_kurtosis.mean": 0.6355307102203369, "lowlevel.erbbands_kurtosis.stdev": 1.2350553274154663, "lowlevel.erbbands_skewness.mean": -0.8296027183532715, "lowlevel.erbbands_skewness.stdev": 0.5555967688560486, "lowlevel.erbbands_spread.mean": 41.372047424316406, "lowlevel.erbbands_spread.stdev": 11.672842025756836, "lowlevel.hfc.mean": 34.15763473510742, "lowlevel.hfc.stdev": 12.631597518920898, "lowlevel.loudness_ebu128.integrated": -15.417631149291992, "lowlevel.loudness_ebu128.loudness_range": 0.6440773010253906, "lowlevel.loudness_ebu128.momentary.mean": -15.451220512390137, "lowlevel.loudness_ebu128.momentary.stdev": 0.5409989953041077, "lowlevel.loudness_ebu128.short_term.mean": -15.416172981262207, "lowlevel.loudness_ebu128.short_term.stdev": 0.23688341677188873, "lowlevel.melbands_crest.mean": 17.30589485168457, "lowlevel.melbands_crest.stdev": 4.919039249420166, "lowlevel.melbands_flatness_db.mean": 0.16400331258773804, "lowlevel.melbands_flatness_db.stdev": 0.03633720800280571, "lowlevel.melbands_kurtosis.mean": 10.17271900177002, "lowlevel.melbands_kurtosis.stdev": 8.374707221984863, "lowlevel.melbands_skewness.mean": 2.975466251373291, "lowlevel.melbands_skewness.stdev": 1.133948802947998, "lowlevel.melbands_spread.mean": 32.70942687988281, "lowlevel.melbands_spread.stdev": 14.740708351135254, "lowlevel.pitch_salience.mean": 0.5593454241752625, "lowlevel.pitch_salience.stdev": 0.10552841424942017, "lowlevel.silence_rate_20dB.mean": 1.0, "lowlevel.silence_rate_20dB.stdev": 0.0, "lowlevel.silence_rate_30dB.mean": 1.0, "lowlevel.silence_rate_30dB.stdev": 0.0, "lowlevel.silence_rate_60dB.mean": 0.0013937281910330057, "lowlevel.silence_rate_60dB.stdev": 0.03730696439743042, "lowlevel.spectral_centroid.mean": 2183.1689453125, "lowlevel.spectral_centroid.stdev": 402.083740234375, "lowlevel.spectral_complexity.mean": 41.19233322143555, "lowlevel.spectral_complexity.stdev": 5.782282829284668, "lowlevel.spectral_decrease.mean": -9.76106750982808e-09, "lowlevel.spectral_decrease.stdev": 4.15672252174204e-09, "lowlevel.spectral_energy.mean": 0.03993873670697212, "lowlevel.spectral_energy.stdev": 0.016205593943595886, "lowlevel.spectral_energyband_high.mean": 0.001962361391633749, "lowlevel.spectral_energyband_high.stdev": 0.0012490038061514497, "lowlevel.spectral_energyband_low.mean": 0.02175864204764366, "lowlevel.spectral_energyband_low.stdev": 0.013657908886671066, "lowlevel.spectral_energyband_middle_high.mean": 0.008329907432198524, "lowlevel.spectral_energyband_middle_high.stdev": 0.004345870576798916, "lowlevel.spectral_energyband_middle_low.mean": 0.010447247885167599, "lowlevel.spectral_energyband_middle_low.stdev": 0.009034385904669762, "lowlevel.spectral_entropy.mean": 7.949865341186523, "lowlevel.spectral_entropy.stdev": 0.12945683300495148, "lowlevel.spectral_flux.mean": 0.1172582134604454, "lowlevel.spectral_flux.stdev": 0.04064103588461876, "lowlevel.spectral_kurtosis.mean": 3.037033796310425, "lowlevel.spectral_kurtosis.stdev": 1.1279078722000122, "lowlevel.spectral_rms.mean": 0.006119055673480034, "lowlevel.spectral_rms.stdev": 0.0012336218496784568, "lowlevel.spectral_rolloff.mean": 2151.983642578125, "lowlevel.spectral_rolloff.stdev": 1055.97412109375, "lowlevel.spectral_skewness.mean": 1.0154703855514526, "lowlevel.spectral_skewness.stdev": 0.198439359664917, "lowlevel.spectral_spread.mean": 3919796.75, "lowlevel.spectral_spread.stdev": 866622.125, "lowlevel.spectral_strongpeak.mean": 0.43003490567207336, "lowlevel.spectral_strongpeak.stdev": 0.33921071887016296, "lowlevel.zerocrossingrate.mean": 0.07205023616552353, "lowlevel.zerocrossingrate.stdev": 0.021552463993430138, "metadata.audio_properties.analysis.equal_loudness": 0.0, "metadata.audio_properties.analysis.length": 33.27895736694336, "metadata.audio_properties.analysis.sample_rate": 44100.0, "metadata.audio_properties.analysis.start_time": 0.0, "metadata.audio_properties.bit_rate": 120807.0, "metadata.audio_properties.length": 33.279998779296875, "metadata.audio_properties.lossless": 0.0, "metadata.audio_properties.number_channels": 1.0, "metadata.audio_properties.replay_gain": -9.944181442260742, "metadata.audio_properties.sample_rate": 48000.0, "rhythm.beats_count": 63.0, "rhythm.beats_loudness.mean": 0.04485411196947098, "rhythm.beats_loudness.stdev": 0.013881828635931015, "rhythm.bpm": 121.85458374023438, "rhythm.bpm_histogram_first_peak_bpm": 123.0, "rhythm.bpm_histogram_first_peak_weight": 0.4166666865348816, "rhythm.bpm_histogram_second_peak_bpm": 112.0, "rhythm.bpm_histogram_second_peak_spread": 0.625, "rhythm.bpm_histogram_second_peak_weight": 0.19354838132858276, "rhythm.danceability": 1.4582751989364624, "rhythm.onset_rate": 3.9943039417266846, "tonal.chords_changes_rate": 0.09749303758144379, "tonal.chords_number_rate": 0.01253481861203909, "tonal.chords_strength.mean": 0.4635940194129944, "tonal.chords_strength.stdev": 0.0648813396692276, "tonal.hpcp_crest.mean": 8.507498741149902, "tonal.hpcp_crest.stdev": 3.920095443725586, "tonal.hpcp_entropy.mean": 3.0708460807800293, "tonal.hpcp_entropy.stdev": 0.6732913255691528, "tonal.key_edma.strength": 0.624594509601593, "tonal.key_krumhansl.strength": 0.6286156177520752, "tonal.key_temperley.strength": 0.6278956532478333, "tonal.tuning_diatonic_strength": 0.635644793510437, "tonal.tuning_equal_tempered_deviation": 0.3359892964363098, "tonal.tuning_frequency": 434.193115234375, "tonal.tuning_nontempered_energy_ratio": 0.927597165107727, "lowlevel.barkbands.mean": [0.0006334348581731319, 0.009030201472342014, 0.009653818793594837, 0.0041979532688856125, 0.001715368707664311, 0.0014730478869751096, 0.0013362602330744267, 0.0007129256264306605, 0.0008219677256420255, 0.0005774014280177653, 0.0007489671115763485, 0.0007285268511623144, 0.0004810454265680164, 0.00042955559911206365, 0.0004657114914152771, 0.0012245692778378725, 0.0013149925507605076, 0.0011063282145187259, 0.0010382389882579446, 0.0006468532956205308, 0.0007307560299523175, 0.00041039870120584965, 0.00022324755263980478, 0.00012012920342385769, 8.12264988780953e-05, 3.478456346783787e-05, 1.073306748367031e-06], "lowlevel.barkbands.stdev": [0.0007317379931919277, 0.008896074257791042, 0.007947307080030441, 0.004475045949220657, 0.002917756326496601, 0.0031160851940512657, 0.002812750171869993, 0.0014727467205375433, 0.0013212995836511254, 0.0011014750925824046, 0.0016112364828586578, 0.0014260851312428713, 0.0008142459555529058, 0.0005814996547996998, 0.0005262866616249084, 0.0008629526128061116, 0.0007752579404041171, 0.0005993008380755782, 0.0005165228503756225, 0.0003642303345259279, 0.00045910433982498944, 0.00035707667120732367, 0.0002313623990630731, 0.00013295256940182298, 8.530690683983266e-05, 4.718835771200247e-05, 2.4821611077641137e-06], "lowlevel.erbbands.mean": [0.2049209177494049, 2.299037456512451, 10.632640838623047, 13.345186233520508, 8.495957374572754, 5.496023178100586, 7.316501617431641, 13.580301284790039, 18.154508590698242, 18.54431915283203, 16.084455490112305, 18.907854080200195, 18.124042510986328, 21.60842514038086, 34.232295989990234, 28.129079818725586, 22.555540084838867, 20.544591903686523, 25.87740707397461, 31.60185432434082, 79.24922943115234, 76.60348510742188, 60.47181701660156, 64.25035858154297, 38.032108306884766, 30.986007690429688, 33.053733825683594, 24.156755447387695, 15.946511268615723, 9.928533554077148, 5.539083480834961, 2.820643901824951, 1.9128751754760742, 1.0655150413513184, 0.4871486723423004, 0.19494269788265228, 0.05696028843522072, 0.007209827192127705, 0.0001853160938480869, 5.571796646108851e-05], "lowlevel.erbbands.stdev": [0.2819938063621521, 2.18371319770813, 8.704094886779785, 10.746805191040039, 11.371938705444336, 10.83957576751709, 14.484363555908203, 30.397748947143555, 41.02454376220703, 36.74274444580078, 29.429147720336914, 32.335716247558594, 33.64995193481445, 44.217803955078125, 73.59273529052734, 50.92259979248047, 36.9443473815918, 29.06737518310547, 32.1297721862793, 26.774377822875977, 52.84870147705078, 43.43187713623047, 32.09900665283203, 32.90641403198242, 18.86549949645996, 16.756052017211914, 20.052146911621094, 16.558523178100586, 13.368056297302246, 9.906795501708984, 5.741193771362305, 3.0091392993927, 2.1816093921661377, 1.1430267095565796, 0.5345582962036133, 0.25196540355682373, 0.08276807516813278, 0.012025061994791031, 0.00026548400637693703, 2.1818443201482296e-05], "lowlevel.gfcc.mean": [54.50477981567383, 74.85260772705078, -128.51942443847656, 65.3504409790039, -45.867698669433594, 17.101980209350586, -29.964698791503906, 17.61253547668457, -24.05640983581543, 0.2861506938934326, -23.405359268188477, 0.35941824316978455, -15.411530494689941], "lowlevel.melbands.mean": [0.0021418018732219934, 0.004616755526512861, 0.0021606620866805315, 0.00045205504284240305, 0.0002482582349330187, 0.0003038823197130114, 0.00027834466891363263, 0.00019112096924800426, 0.00013113509339746088, 0.00011821428779512644, 8.867066208040342e-05, 8.29960044939071e-05, 0.00011073713540099561, 9.003416926134378e-05, 5.618538853013888e-05, 4.7004032239783555e-05, 3.6413905036170036e-05, 4.207966776448302e-05, 3.472410753602162e-05, 5.665392382070422e-05, 0.00010052476136479527, 8.049896132433787e-05, 6.345411384245381e-05, 4.871499550063163e-05, 5.393686660681851e-05, 3.293156260042451e-05, 2.1026338799856603e-05, 2.0166795366094448e-05, 2.0871051674475893e-05, 1.875580710475333e-05, 1.2395703379297629e-05, 9.700052032712847e-06, 6.447069154091878e-06, 5.2182026593072806e-06, 3.4254755973961437e-06, 2.088783958242857e-06, 1.6007593330868986e-06, 1.412302140124666e-06, 1.0922425417447812e-06, 8.238689019890444e-07], "lowlevel.melbands.stdev": [0.0023749691899865866, 0.0034925397485494614, 0.0017135689267888665, 0.0006936730933375657, 0.0004788670630659908, 0.0006569038378074765, 0.0006032257224433124, 0.00037806571344844997, 0.00023408931156154722, 0.00020338619651738554, 0.00017058254161383957, 0.00017461036622989923, 0.0002421590470476076, 0.00017842462693806738, 9.204205707646906e-05, 8.527828322257847e-05, 5.239843449089676e-05, 5.5896947742439806e-05, 3.680400550365448e-05, 4.4700434955302626e-05, 6.870000652270392e-05, 4.9581965868128464e-05, 3.741667023859918e-05, 2.766122815955896e-05, 2.9690476367250085e-05, 1.8118860680260696e-05, 1.2325940588198137e-05, 1.1926678780582733e-05, 1.3354419934330508e-05, 1.2802482160623185e-05, 9.736212632560637e-06, 8.315219020005316e-06, 6.3251886786019895e-06, 5.5426494327548426e-06, 3.6456017369346227e-06, 2.2994342998572392e-06, 1.7771466218619025e-06, 1.6859642073541181e-06, 1.1835743407573318e-06, 9.432266665498901e-07], "lowlevel.melbands128.mean": [0.00037395517574623227, 0.0014893247280269861, 0.002489976119250059, 0.004104366060346365, 0.0057327947579324245, 0.004259956534951925, 0.0028979508206248283, 0.00175114453304559, 0.000705871672835201, 0.0003798984398599714, 0.0002839704684447497, 0.00021240937348920852, 0.00023544378927908838, 0.0002905535220634192, 0.0003178017504978925, 0.00029912113677710295, 0.00030177587177604437, 0.0002713589638005942, 0.0002602493914309889, 0.00021017510152887553, 0.0001578156661707908, 0.00012689371942542493, 0.00013117628986947238, 0.00013109820429235697, 0.00012195166345918551, 0.00012062011956004426, 8.961572893895209e-05, 9.231152944266796e-05, 7.888702384661883e-05, 7.455414743162692e-05, 8.638078725198284e-05, 9.443143790122122e-05, 0.000115293609269429, 0.00012421543942764401, 9.804913133848459e-05, 8.356039325008169e-05, 7.153736078180373e-05, 5.274673458188772e-05, 4.741731390822679e-05, 5.138673077453859e-05, 4.788911246578209e-05, 3.925789496861398e-05, 3.4865304769482464e-05, 3.342304626130499e-05, 4.4703861931338906e-05, 4.248736513545737e-05, 4.195383735350333e-05, 3.249399742344394e-05, 3.056548666791059e-05, 4.191186962998472e-05, 4.898519910057075e-05, 8.126383909257129e-05, 0.00011576004180824384, 0.00010029261466115713, 8.6910484242253e-05, 7.825402281014249e-05, 8.050801261560991e-05, 6.19765414739959e-05, 6.358422251651064e-05, 5.096328095532954e-05, 4.4207354221725836e-05, 4.737054041470401e-05, 6.049041621736251e-05, 5.666583092533983e-05, 4.3924152123508975e-05, 3.371236743987538e-05, 2.535776002332568e-05, 2.0520112229860388e-05, 2.021480213443283e-05, 2.186614801757969e-05, 1.9407036234042607e-05, 1.882072501757648e-05, 2.235678766737692e-05, 2.083308936562389e-05, 1.976501698663924e-05, 2.14105148188537e-05, 1.7379523342242464e-05, 1.3339347788132727e-05, 1.2033236998831853e-05, 1.0748566637630574e-05, 1.120138585974928e-05, 8.77669208421139e-06, 7.346283382503316e-06, 6.441111509047914e-06, 5.330957264959579e-06, 5.56310124011361e-06, 5.2087461881455965e-06, 4.492763309826842e-06, 3.24260304296331e-06, 2.810666728692013e-06, 2.4172375105990795e-06, 1.8558953343017492e-06, 1.5779805835336447e-06, 1.5587274901918136e-06, 1.635394369259302e-06, 1.594530544934969e-06, 1.3171071486794972e-06, 1.260843305317394e-06, 1.063741251527972e-06, 1.0388156397311832e-06, 9.8917575996893e-07, 7.608786063428852e-07, 6.800295864195505e-07, 5.764033517152711e-07, 5.46087221664493e-07, 5.063793651061133e-07, 4.479440178783989e-07, 3.9870127466201666e-07, 3.272718345215253e-07, 2.6295631982975465e-07, 2.458477297295758e-07, 2.039203792492117e-07, 1.8144665148156491e-07, 1.4230981548735144e-07, 1.0554859386502358e-07, 7.3454494042835e-08, 4.167862854842497e-08, 6.0242655308684334e-09, 8.791976868760543e-11, 5.613187432224054e-12, 5.379526685223013e-12, 5.244850994484684e-12, 5.120272695419148e-12, 5.019983994464239e-12, 4.8944312144860724e-12, 4.747442456515261e-12, 4.658462417900244e-12, 4.62468995390819e-12], "lowlevel.melbands128.stdev": [0.0005893426714465022, 0.0024680267088115215, 0.0036204035859555006, 0.004129413980990648, 0.0050936187617480755, 0.0035057589411735535, 0.0025312588550150394, 0.0021273831371217966, 0.0012033350067213178, 0.0007271653739735484, 0.0006850571371614933, 0.0005393462488427758, 0.0005057424423284829, 0.0007336825947277248, 0.0008205350022763014, 0.0007662927964702249, 0.0007734817336313426, 0.0007503153174184263, 0.0006061338935978711, 0.0005085429875180125, 0.0004040820349473506, 0.0003095637366641313, 0.00030308112036436796, 0.0002374743635300547, 0.0002829850127454847, 0.0002629907685332, 0.00019452969718258828, 0.00022471710690297186, 0.00017584038141649216, 0.0001781713799573481, 0.00023604024318046868, 0.00025550497230142355, 0.0003075060958508402, 0.0003270371234975755, 0.00025582645321264863, 0.00018501396698411554, 0.00016559180221520364, 0.0001015805610222742, 8.154271199600771e-05, 0.00011668190563796088, 0.00010542646487010643, 7.377777365036309e-05, 6.920670421095565e-05, 5.121670619701035e-05, 7.00355158187449e-05, 6.89034495735541e-05, 6.903520261403173e-05, 3.993642167188227e-05, 4.12223998864647e-05, 4.8129018978215754e-05, 4.765034100273624e-05, 7.992382597876713e-05, 0.00010466896492289379, 8.581459405831993e-05, 7.116173946997151e-05, 6.311218749033287e-05, 6.719928205711767e-05, 4.77961111755576e-05, 5.006872015655972e-05, 4.0944029024103656e-05, 3.439192732912488e-05, 3.597189788706601e-05, 4.579947199090384e-05, 3.912983447662555e-05, 3.298651790828444e-05, 2.483950083842501e-05, 1.8211096175946295e-05, 1.526400046714116e-05, 1.646413693379145e-05, 1.564528611197602e-05, 1.5091198292793706e-05, 1.4318235116661526e-05, 1.774538031895645e-05, 1.5965770217007957e-05, 1.6868225429789163e-05, 1.6784884792286903e-05, 1.559389966132585e-05, 1.1099953553639352e-05, 1.2404182598402258e-05, 1.0817460861289874e-05, 1.095183688448742e-05, 9.223079359799158e-06, 7.619421467097709e-06, 7.201547305157874e-06, 6.398227469617268e-06, 6.5324998104188126e-06, 6.124263109086314e-06, 5.46609953744337e-06, 3.710139708346105e-06, 3.4579004477564013e-06, 2.901248990383465e-06, 2.334034434170462e-06, 2.1544326500588795e-06, 1.9108927062916337e-06, 1.931004590005614e-06, 2.0954726096533705e-06, 1.6985171669148258e-06, 1.6654989849484991e-06, 1.328717530668655e-06, 1.1546565019671107e-06, 1.124118398365681e-06, 1.0994912145179114e-06, 8.797109103397815e-07, 7.330755238399433e-07, 6.794122100473032e-07, 6.61327931084088e-07, 6.199477411428234e-07, 5.449429636428249e-07, 4.912006374979683e-07, 4.498776888794964e-07, 4.0517335264667054e-07, 3.440339355620381e-07, 2.9733962492173305e-07, 2.4865852310540504e-07, 1.8331816420413816e-07, 1.5753745685742615e-07, 9.320201144191742e-08, 1.8730432316260703e-08, 1.778205027669344e-09, 7.833753611075078e-12, 7.451216726961363e-12, 7.233759164587683e-12, 7.074301647952419e-12, 6.942351641475719e-12, 6.832718852517461e-12, 6.7454678995271244e-12, 6.682322663958962e-12, 6.643633993635989e-12], "lowlevel.mfcc.mean": [-577.9561767578125, 91.70646667480469, -13.12596321105957, 47.8316764831543, 9.399026870727539, 10.799615859985352, 5.66979455947876, 14.055295944213867, 9.568065643310547, -0.8102996945381165, 0.8631316423416138, 4.6127800941467285, 0.5612905025482178], "lowlevel.spectral_contrast_coeffs.mean": [-0.6905325055122375, -0.8021483421325684, -0.817586362361908, -0.7956123352050781, -0.7964617609977722, -0.692022442817688], "lowlevel.spectral_contrast_coeffs.stdev": [0.061049412935972214, 0.061414238065481186, 0.04285983368754387, 0.03261159360408783, 0.019694805145263672, 0.03548870608210564], "lowlevel.spectral_contrast_valleys.mean": [-6.313833713531494, -6.42864990234375, -6.756752014160156, -6.801107883453369, -6.276105880737305, -9.776071548461914], "lowlevel.spectral_contrast_valleys.stdev": [0.5688654184341431, 0.6074607372283936, 0.5442537069320679, 0.47977036237716675, 0.4456254243850708, 0.7272180318832397], "rhythm.beats_loudness_band_ratio.mean": [0.6039542555809021, 0.09601499885320663, 0.06431064754724503, 0.057096369564533234, 0.11400160938501358, 0.08763643354177475], "rhythm.beats_loudness_band_ratio.stdev": [0.1474439948797226, 0.10214843600988388, 0.0631265863776207, 0.06711806356906891, 0.04620250687003136, 0.041143227368593216], "tonal.hpcp.mean": [0.146065816283226, 0.08869229257106781, 0.09447584301233292, 0.1487659215927124, 0.2153240442276001, 0.17940694093704224, 0.10026223212480545, 0.07226940244436264, 0.07246018201112747, 0.07962917536497116, 0.08457820117473602, 0.09507293254137039, 0.09551002830266953, 0.10260313749313354, 0.10327592492103577, 0.10760261863470078, 0.14785504341125488, 0.16117079555988312, 0.1560870260000229, 0.1787409484386444, 0.16321831941604614, 0.1035279855132103, 0.07611390203237534, 0.09326166659593582, 0.13638298213481903, 0.1583840548992157, 0.1359037607908249, 0.11369067430496216, 0.11152628809213638, 0.1348094344139099, 0.19134046137332916, 0.20737163722515106, 0.15103258192539215, 0.14084729552268982, 0.21683846414089203, 0.2324042171239853], "tonal.hpcp.stdev": [0.259424090385437, 0.19095315039157867, 0.19824497401714325, 0.2552569806575775, 0.3297695219516754, 0.2982473075389862, 0.19680272042751312, 0.15668852627277374, 0.15444299578666687, 0.16170915961265564, 0.16086021065711975, 0.1802937239408493, 0.1651170551776886, 0.17940783500671387, 0.17567960917949677, 0.16461549699306488, 0.21540281176567078, 0.2240610122680664, 0.21934100985527039, 0.2366568148136139, 0.21903426945209503, 0.1616174876689911, 0.134568452835083, 0.1564890742301941, 0.23109465837478638, 0.26137056946754456, 0.23294898867607117, 0.20803697407245636, 0.21067547798156738, 0.24065932631492615, 0.28864821791648865, 0.31350240111351013, 0.24137882888317108, 0.22883686423301697, 0.3213897943496704, 0.339162677526474], "rhythm.beats_position": [0.5340589284896851, 1.0681178569793701, 1.6253968477249146, 2.18267560005188, 2.739954710006714, 3.2972335815429688, 3.8545124530792236, 4.400181293487549, 4.945850372314453, 5.503129005432129, 6.048798084259033, 6.606077194213867, 7.163355827331543, 7.709024906158447, 8.254693984985352, 8.800362586975098, 9.334421157836914, 9.868480682373047, 10.402539253234863, 10.936598777770996, 11.470657348632812, 12.004715919494629, 12.538775444030762, 13.072834014892578, 13.595283508300781, 14.117732048034668, 14.640181541442871, 15.162630081176758, 15.696688652038574, 16.21913719177246, 16.764806747436523, 17.298866271972656, 17.80970573425293, 18.34376335144043, 18.854602813720703, 19.365442276000977, 19.87628173828125, 20.38711929321289, 20.886348724365234, 21.385578155517578, 21.873197555541992, 22.372425079345703, 22.871654510498047, 23.35927391052246, 23.846893310546875, 24.33451271057129, 24.82213020324707, 25.309749603271484, 25.7973690032959, 26.284988403320312, 26.772607803344727, 27.26022720336914, 27.747844696044922, 28.212244033813477, 28.69986343383789, 29.187482833862305, 29.67510223388672, 30.17432975769043, 30.673559188842773, 31.172788619995117, 31.67201805114746, 32.17124557495117, 32.670475006103516], "rhythm.bpm_histogram": [0.0, 0.0, 0.0, 0.0, 0.0, 0.0, 0.0, 0.0, 0.0, 0.0, 0.0, 0.0, 0.0, 0.0, 0.0, 0.0, 0.0, 0.0, 0.0, 0.0, 0.0, 0.0, 0.0, 0.0, 0.0, 0.0, 0.0, 0.0, 0.0, 0.0, 0.0, 0.0, 0.0, 0.0, 0.0, 0.0, 0.0, 0.0, 0.0, 0.0, 0.0, 0.0, 0.0, 0.0, 0.0, 0.0, 0.0, 0.0, 0.0, 0.0, 0.0, 0.0, 0.0, 0.0, 0.0, 0.0, 0.0, 0.0, 0.0, 0.0, 0.0, 0.0, 0.0, 0.0, 0.0, 0.0, 0.0, 0.0, 0.0, 0.0, 0.0, 0.0, 0.0, 0.0, 0.0, 0.0, 0.0, 0.0, 0.0, 0.0, 0.0, 0.0, 0.0, 0.0, 0.0, 0.0, 0.0, 0.0, 0.0, 0.0, 0.0, 0.0, 0.0, 0.0, 0.0, 0.0, 0.0, 0.0, 0.0, 0.0, 0.0, 0.0, 0.0, 0.0, 0.0, 0.0, 0.0, 0.0, 0.12903225421905518, 0.0, 0.11290322244167328, 0.0, 0.19354838132858276, 0.0, 0.0, 0.08064515888690948, 0.0, 0.08064515888690948, 0.0, 0.0, 0.16129031777381897, 0.0, 0.0, 0.22580644488334656, 0.0, 0.0, 0.0, 0.0, 0.0, 0.016129031777381897, 0.0, 0.0, 0.0, 0.0, 0.0, 0.0, 0.0, 0.0, 0.0, 0.0, 0.0, 0.0, 0.0, 0.0, 0.0, 0.0, 0.0, 0.0, 0.0, 0.0, 0.0, 0.0, 0.0, 0.0, 0.0, 0.0, 0.0, 0.0, 0.0, 0.0, 0.0, 0.0, 0.0, 0.0, 0.0, 0.0, 0.0, 0.0, 0.0, 0.0, 0.0, 0.0, 0.0, 0.0, 0.0, 0.0, 0.0, 0.0, 0.0, 0.0, 0.0, 0.0, 0.0, 0.0, 0.0, 0.0, 0.0, 0.0, 0.0, 0.0, 0.0, 0.0, 0.0, 0.0, 0.0, 0.0, 0.0, 0.0, 0.0, 0.0, 0.0, 0.0, 0.0, 0.0, 0.0, 0.0, 0.0, 0.0, 0.0, 0.0, 0.0, 0.0, 0.0, 0.0, 0.0, 0.0, 0.0, 0.0, 0.0, 0.0, 0.0, 0.0, 0.0, 0.0, 0.0, 0.0, 0.0, 0.0, 0.0, 0.0, 0.0, 0.0, 0.0, 0.0, 0.0, 0.0, 0.0, 0.0, 0.0, 0.0, 0.0, 0.0, 0.0, 0.0, 0.0, 0.0, 0.0, 0.0, 0.0, 0.0], "tonal.chords_histogram": [3.4818942546844482, 6.128133773803711, 3.342618465423584, 0.0, 0.0, 0.0, 0.0, 0.0, 0.5571030378341675, 0.0, 0.0, 0.0, 0.0, 16.016712188720703, 0.0, 0.0, 0.0, 0.0, 0.0, 5.988857746124268, 15.181058883666992, 4.596100330352783, 13.231197357177734, 31.476322174072266], "tonal.thpcp": [1.0, 0.6284989714622498, 0.38162943720817566, 0.4065151810646057, 0.6401171088218689, 0.9265066385269165, 0.7719607949256897, 0.4314131438732147, 0.3109642565250397, 0.31178513169288635, 0.3426322340965271, 0.36392712593078613, 0.40908437967300415, 0.41096511483192444, 0.4414857029914856, 0.44438061118125916, 0.462997704744339, 0.6361977458000183, 0.6934934258460999, 0.6716187596321106, 0.7690951228141785, 0.7023035883903503, 0.44546517729759216, 0.32750654220581055, 0.40129077434539795, 0.5868352055549622, 0.6815025210380554, 0.5847732424736023, 0.4891936779022217, 0.4798806607723236, 0.5800644755363464, 0.8233088850975037, 0.8922886252403259, 0.6498702168464661, 0.6060444712638855, 0.9330229163169861], "lowlevel.gfcc.cov": [[1983.1314697265625, -156.7838592529297, 69.68754577636719, -29.357080459594727, -165.86126708984375, 42.01146697998047, -145.68038940429688, 11.896778106689453, -45.66689682006836, 79.9468765258789, -0.8497442007064819, 69.98107147216797, -69.28484344482422], [-156.7838592529297, 493.7859191894531, -216.8912353515625, -31.320720672607422, 5.961397647857666, -88.79299926757812, 60.77476119995117, -35.91911697387695, 71.55024719238281, -31.700145721435547, 68.2154769897461, -42.725379943847656, 72.92959594726562], [69.68754577636719, -216.8912353515625, 287.3819580078125, 49.21567153930664, 27.669036865234375, 22.086814880371094, -62.792152404785156, 20.573537826538086, -24.511171340942383, 52.96776580810547, -8.993927955627441, 59.076385498046875, -22.32028579711914], [-29.357080459594727, -31.320720672607422, 49.21567153930664, 166.7825164794922, 61.04482650756836, 16.37347412109375, -3.1737892627716064, 1.6435693502426147, 4.04947566986084, -16.86104965209961, -7.11821174621582, -18.9731502532959, 16.756731033325195], [-165.86126708984375, 5.961397647857666, 27.669036865234375, 61.04482650756836, 196.05108642578125, 49.464107513427734, 82.50164794921875, 36.50291442871094, 15.26367473602295, 16.82403564453125, -9.004071235656738, 2.3430655002593994, 12.032865524291992], [42.01146697998047, -88.79299926757812, 22.086814880371094, 16.37347412109375, 49.464107513427734, 129.3195343017578, 65.11577606201172, 38.14741516113281, -14.637589454650879, -12.624014854431152, -15.047847747802734, -10.066657066345215, -11.293524742126465], [-145.68038940429688, 60.77476119995117, -62.792152404785156, -3.1737892627716064, 82.50164794921875, 65.11577606201172, 153.17498779296875, 52.80248260498047, 13.147159576416016, -26.646759033203125, -11.157183647155762, -16.08439826965332, 9.692872047424316], [11.896778106689453, -35.91911697387695, 20.573537826538086, 1.6435693502426147, 36.50291442871094, 38.14741516113281, 52.80248260498047, 79.96659088134766, 27.914255142211914, 13.855363845825195, -11.044710159301758, 0.21285639703273773, -1.7079421281814575], [-45.66689682006836, 71.55024719238281, -24.511171340942383, 4.04947566986084, 15.26367473602295, -14.637589454650879, 13.147159576416016, 27.914255142211914, 81.74678802490234, 34.52527618408203, 20.685338973999023, -14.045958518981934, 8.185555458068848], [79.9468765258789, -31.700145721435547, 52.96776580810547, -16.86104965209961, 16.82403564453125, -12.624014854431152, -26.646759033203125, 13.855363845825195, 34.52527618408203, 83.38819885253906, 29.19449806213379, 25.64023208618164, -11.90201187133789], [-0.8497442007064819, 68.2154769897461, -8.993927955627441, -7.11821174621582, -9.004071235656738, -15.047847747802734, -11.157183647155762, -11.044710159301758, 20.685338973999023, 29.19449806213379, 64.44879150390625, 26.9498233795166, 19.87628746032715], [69.98107147216797, -42.725379943847656, 59.076385498046875, -18.9731502532959, 2.3430655002593994, -10.066657066345215, -16.08439826965332, 0.21285639703273773, -14.045958518981934, 25.64023208618164, 26.9498233795166, 72.91946411132812, 16.666728973388672], [-69.28484344482422, 72.92959594726562, -22.32028579711914, 16.756731033325195, 12.032865524291992, -11.293524742126465, 9.692872047424316, -1.7079421281814575, 8.185555458068848, -11.90201187133789, 19.87628746032715, 16.666728973388672, 55.48664855957031]], "lowlevel.gfcc.icov": [[0.0008632076787762344, -0.001036748057231307, 0.0007100302027538419, -0.0010631084442138672, 0.0011508534662425518, -0.001659648260101676, 0.0013191229663789272, -0.0010612456826493144, 0.0009537829901091754, -0.00182373879943043, 0.001966131618246436, -0.002556475345045328, 0.0017284235218539834], [-0.001036748057231307, 0.008808550424873829, 0.00011500931577757001, 0.003947643097490072, -0.0031779592391103506, 0.00726863881573081, -0.004956927616149187, 0.0040925960056483746, -0.004407953005284071, 0.005899163894355297, -0.01072181761264801, 0.009980747476220131, -0.008099159225821495], [0.0007100302027538419, 0.00011500931577757001, 0.008438675664365292, -0.0037055618595331907, 0.0002764761447906494, -0.002506336197257042, 0.004275246523320675, -0.0031896859873086214, 0.0020649677608162165, -0.004531970247626305, 0.003986285533756018, -0.008114585652947426, 0.003566672559827566], [-0.0010631084442138672, 0.003947643097490072, -0.0037055618595331907, 0.012162392027676105, -0.00606508320197463, 0.003473459742963314, 5.865643470315263e-05, 0.002202430507168174, -0.00361614883877337, 0.008469571359455585, -0.007995638065040112, 0.011234975419938564, -0.00776022719219327], [0.0011508534662425518, -0.0031779592391103506, 0.0002764761447906494, -0.00606508320197463, 0.01207753922790289, -0.0043818834237754345, -0.004412945359945297, 0.00015841313870623708, 0.002401081146672368, -0.010333674028515816, 0.008864207193255424, -0.006124645471572876, 0.000915191660169512], [-0.001659648260101676, 0.00726863881573081, -0.002506336197257042, 0.003473459742963314, -0.0043818834237754345, 0.019653992727398872, -0.009302178397774696, -0.0005827783606946468, 0.0009324857965111732, 0.006909792311489582, -0.012787209823727608, 0.013249799609184265, -0.005180262960493565], [0.0013191229663789272, -0.004956927616149187, 0.004275246523320675, 5.865643470315263e-05, -0.004412945359945297, -0.009302178397774696, 0.02145034819841385, -0.011686604470014572, 0.0014172295341268182, 0.0038243767339736223, 0.003969450946897268, -0.008000249043107033, 0.0064136371947824955], [-0.0010612456826493144, 0.0040925960056483746, -0.0031896859873086214, 0.002202430507168174, 0.00015841313870623708, -0.0005827783606946468, -0.011686604470014572, 0.028246067464351654, -0.012853034771978855, -0.0009083437616936862, 0.0038868889678269625, 0.0016230233013629913, -0.006073127966374159], [0.0009537829901091754, -0.004407953005284071, 0.0020649677608162165, -0.00361614883877337, 0.002401081146672368, 0.0009324857965111732, 0.0014172295341268182, -0.012853034771978855, 0.02999391034245491, -0.016702143475413322, -0.001213432988151908, 0.006771105341613293, -0.0016733971424400806], [-0.00182373879943043, 0.005899163894355297, -0.004531970247626305, 0.008469571359455585, -0.010333674028515816, 0.006909792311489582, 0.0038243767339736223, -0.0009083437616936862, -0.016702143475413322, 0.03936229273676872, -0.020646102726459503, 0.002386628184467554, 0.006125763989984989], [0.001966131618246436, -0.01072181761264801, 0.003986285533756018, -0.007995638065040112, 0.008864207193255424, -0.012787209823727608, 0.003969450946897268, 0.0038868889678269625, -0.001213432988151908, -0.020646102726459503, 0.04565265402197838, -0.02505781315267086, 0.0023903849069029093], [-0.002556475345045328, 0.009980747476220131, -0.008114585652947426, 0.011234975419938564, -0.006124645471572876, 0.013249799609184265, -0.008000249043107033, 0.0016230233013629913, 0.006771105341613293, 0.002386628184467554, -0.02505781315267086, 0.046764131635427475, -0.02305266633629799], [0.0017284235218539834, -0.008099159225821495, 0.003566672559827566, -0.00776022719219327, 0.000915191660169512, -0.005180262960493565, 0.0064136371947824955, -0.006073127966374159, -0.0016733971424400806, 0.006125763989984989, 0.0023903849069029093, -0.02305266633629799, 0.03967295587062836]], "lowlevel.mfcc.cov": [[1006.6405029296875, -73.49726867675781, 144.12913513183594, -104.14823150634766, -32.762210845947266, -26.643861770629883, -71.45870208740234, -51.02179718017578, -82.38525390625, -13.402761459350586, 11.550180435180664, 7.582148551940918, 21.198610305786133], [-73.49726867675781, 397.9401550292969, -163.73324584960938, 7.746866226196289, -61.18684005737305, -32.128849029541016, -16.680551528930664, -16.465736389160156, 11.592982292175293, -2.6506707668304443, 6.789565086364746, 29.04103660583496, 18.820796966552734], [144.12913513183594, -163.73324584960938, 232.43211364746094, 0.27820318937301636, 36.61363220214844, -14.551302909851074, -38.25425338745117, -27.392990112304688, -47.01740646362305, -16.236934661865234, -6.038039684295654, -14.28198528289795, 8.27682876586914], [-104.14823150634766, 7.746866226196289, 0.27820318937301636, 152.2261962890625, 60.64528274536133, 11.170557022094727, 0.29129573702812195, -5.328417778015137, 17.696199417114258, 0.7385321259498596, -6.124648571014404, -0.12916885316371918, 4.1832098960876465], [-32.762210845947266, -61.18684005737305, 36.61363220214844, 60.64528274536133, 116.01302337646484, 36.52779006958008, 12.266962051391602, -8.097262382507324, 10.440452575683594, 15.404252052307129, 6.943595886230469, 4.012406349182129, 1.5518711805343628], [-26.643861770629883, -32.128849029541016, -14.551302909851074, 11.170557022094727, 36.52779006958008, 77.47623443603516, 55.70591354370117, 25.480913162231445, 16.043792724609375, 9.581308364868164, 6.137311935424805, 1.6155203580856323, -6.966224193572998], [-71.45870208740234, -16.680551528930664, -38.25425338745117, 0.29129573702812195, 12.266962051391602, 55.70591354370117, 120.64585876464844, 72.81681823730469, 43.494956970214844, 7.6732001304626465, 0.513634204864502, -0.5069097280502319, -6.007939338684082], [-51.02179718017578, -16.465736389160156, -27.392990112304688, -5.328417778015137, -8.097262382507324, 25.480913162231445, 72.81681823730469, 94.00320434570312, 53.650978088378906, 14.90029525756836, -4.533069133758545, -5.77864933013916, -8.59414291381836], [-82.38525390625, 11.592982292175293, -47.01740646362305, 17.696199417114258, 10.440452575683594, 16.043792724609375, 43.494956970214844, 53.650978088378906, 82.80181121826172, 42.510379791259766, 12.750587463378906, 0.7980108261108398, -9.887043952941895], [-13.402761459350586, -2.6506707668304443, -16.236934661865234, 0.7385321259498596, 15.404252052307129, 9.581308364868164, 7.6732001304626465, 14.90029525756836, 42.510379791259766, 67.52352905273438, 31.60251235961914, 10.2498197555542, -6.176539897918701], [11.550180435180664, 6.789565086364746, -6.038039684295654, -6.124648571014404, 6.943595886230469, 6.137311935424805, 0.513634204864502, -4.533069133758545, 12.750587463378906, 31.60251235961914, 52.565589904785156, 23.320873260498047, 4.953837871551514], [7.582148551940918, 29.04103660583496, -14.28198528289795, -0.12916885316371918, 4.012406349182129, 1.6155203580856323, -0.5069097280502319, -5.77864933013916, 0.7980108261108398, 10.2498197555542, 23.320873260498047, 50.357479095458984, 26.972427368164062], [21.198610305786133, 18.820796966552734, 8.27682876586914, 4.1832098960876465, 1.5518711805343628, -6.966224193572998, -6.007939338684082, -8.59414291381836, -9.887043952941895, -6.176539897918701, 4.953837871551514, 26.972427368164062, 49.076255798339844]], "lowlevel.mfcc.icov": [[0.0012518847361207008, -4.0136736060958356e-05, -0.0006549333338625729, 0.0007011776906438172, 0.00020393017621245235, -0.00033216923475265503, 0.0004946104600094259, -0.00021157192531973124, 0.0008326482493430376, -0.0003858601558022201, -0.00019846195937134326, -2.995245813508518e-05, -0.0003490925009828061], [-4.0136736060958356e-05, 0.004264527466148138, 0.002965381834656, -0.000804273528046906, 0.0014472632901743054, 0.0012187089305371046, 0.00010670273331925273, 0.001235105679370463, -0.00039731262950226665, 0.00046239327639341354, -0.00013293455413077027, -0.001049907528795302, -0.0011244964553043246], [-0.0006549333338625729, 0.002965381834656, 0.008325036615133286, -0.00031030000536702573, -0.0023989195469766855, 0.0023822716902941465, 0.0012738305376842618, -0.0015516410348936915, 0.003786575747653842, -1.816584335756488e-05, -0.0012169810943305492, 0.0025056994054466486, -0.002427404746413231], [0.0007011776906438172, -0.000804273528046906, -0.00031030000536702573, 0.00971883162856102, -0.005347121972590685, 3.4660668461583555e-05, 0.0012221802026033401, 0.0008977134129963815, -0.0034814351238310337, 0.002270553959533572, 0.001195365097373724, 0.00044963814434595406, -0.0010730972280725837], [0.00020393017621245235, 0.0014472632901743054, -0.0023989195469766855, -0.005347121972590685, 0.016239548102021217, -0.006896698847413063, -0.0009720535599626601, 0.00517011433839798, -0.0024821299593895674, -0.0029550129547715187, 0.001138466876000166, -0.001622120849788189, -0.0005842134123668075], [-0.00033216923475265503, 0.0012187089305371046, 0.0023822716902941465, 3.4660668461583555e-05, -0.006896698847413063, 0.024922003969550133, -0.011528968811035156, 0.0003231418668292463, 0.00419238954782486, -0.0016744707245379686, -0.0015576545847579837, -0.0008924614521674812, 0.002953867893666029], [0.0004946104600094259, 0.00010670273331925273, 0.0012738305376842618, 0.0012221802026033401, -0.0009720535599626601, -0.011528968811035156, 0.023320605978369713, -0.014017850160598755, -0.0022745211608707905, 0.004987151362001896, -0.0021462237928062677, 8.921423432184383e-05, -0.0014421623200178146], [-0.00021157192531973124, 0.001235105679370463, -0.0015516410348936915, 0.0008977134129963815, 0.00517011433839798, 0.0003231418668292463, -0.014017850160598755, 0.03080185316503048, -0.016002444550395012, 0.0007467091199941933, 0.00560768460854888, -0.0006577347521670163, 2.8688267775578424e-05], [0.0008326482493430376, -0.00039731262950226665, 0.003786575747653842, -0.0034814351238310337, -0.0024821299593895674, 0.00419238954782486, -0.0022745211608707905, -0.016002444550395012, 0.03632166609168053, -0.017911912873387337, -0.0007755379192531109, 0.0023125838488340378, 0.0009140927577391267], [-0.0003858601558022201, 0.00046239327639341354, -1.816584335756488e-05, 0.002270553959533572, -0.0029550129547715187, -0.0016744707245379686, 0.004987151362001896, 0.0007467091199941933, -0.017911912873387337, 0.033521492034196854, -0.014677793718874454, -0.0012147107627242804, 0.0031554200686514378], [-0.00019846195937134326, -0.00013293455413077027, -0.0012169810943305492, 0.001195365097373724, 0.001138466876000166, -0.0015576545847579837, -0.0021462237928062677, 0.00560768460854888, -0.0007755379192531109, -0.014677793718874454, 0.03472970426082611, -0.014403456822037697, 0.003109193639829755], [-2.995245813508518e-05, -0.001049907528795302, 0.0025056994054466486, 0.00044963814434595406, -0.001622120849788189, -0.0008924614521674812, 8.921423432184383e-05, -0.0006577347521670163, 0.0023125838488340378, -0.0012147107627242804, -0.014403456822037697, 0.03871496394276619, -0.019735895097255707], [-0.0003490925009828061, -0.0011244964553043246, -0.002427404746413231, -0.0010730972280725837, -0.0005842134123668075, 0.002953867893666029, -0.0014421623200178146, 2.8688267775578424e-05, 0.0009140927577391267, 0.0031554200686514378, 0.003109193639829755, -0.019735895097255707, 0.03283992037177086]], "metadata.audio_properties.analysis.downmix": "mix", "metadata.audio_properties.codec": "mp3", "metadata.audio_properties.md5_encoded": "a08af2e3c90f3a167d7549d828f1c92d", "metadata.tags.file_name": "1183712550685249546.mp3", "metadata.version.essentia": "2.1-beta6-dev", "metadata.version.essentia_git_sha": "v2.1_beta5-1110-g77a6a954", "metadata.version.extractor": "music 2.0", "tonal.chords_key": "C", "tonal.chords_scale": "minor", "tonal.key_edma.key": "Eb", "tonal.key_edma.scale": "major", "tonal.key_krumhansl.key": "Eb", "tonal.key_krumhansl.scale": "major", "tonal.key_temperley.key"