{"song_id": "1183661753725374554", "download": "https://cdn.discordapp.com/attachments/1135903449314238464/1183661753725374554/chirp.mp4?ex=658925e9&amp", "lyrics": "Verse:\n In briny deeps, a wondrous sight, the horngus gleams in faintest light, Attached by scungle, firm and right, to dillsack's keep, a curious plight. Amidst the kelp, 'neath lunar's gaze, it dwells in ocean's secret maze, A spectacle of olden days, in water's dance, it softly sways.\n\nChorus:\nOde to the horngus, in depths unseen, where dongfish roam and mysteries convene. By scungle bound, to nutte sac it cleaves, in Neptune's garden, where the sea-weaver weaves.", "style": ["broadway musical"], "essentia_features": {"lowlevel.average_loudness": 0.8090991377830505, "lowlevel.barkbands_crest.mean": 17.317153930664062, "lowlevel.barkbands_crest.stdev": 6.650619983673096, "lowlevel.barkbands_flatness_db.mean": 0.2977743148803711, "lowlevel.barkbands_flatness_db.stdev": 0.13296644389629364, "lowlevel.barkbands_kurtosis.mean": 147.28826904296875, "lowlevel.barkbands_kurtosis.stdev": 403.4383239746094, "lowlevel.barkbands_skewness.mean": 5.219601631164551, "lowlevel.barkbands_skewness.stdev": 8.301634788513184, "lowlevel.barkbands_spread.mean": 18.305767059326172, "lowlevel.barkbands_spread.stdev": 26.40353012084961, "lowlevel.dissonance.mean": 0.4457739293575287, "lowlevel.dissonance.stdev": 0.06041496992111206, "lowlevel.dynamic_complexity": 5.793385982513428, "lowlevel.erbbands_crest.mean": 13.623014450073242, "lowlevel.erbbands_crest.stdev": 6.282310962677002, "lowlevel.erbbands_flatness_db.mean": 0.21949434280395508, "lowlevel.erbbands_flatness_db.stdev": 0.10279789566993713, "lowlevel.erbbands_kurtosis.mean": 11.355545043945312, "lowlevel.erbbands_kurtosis.stdev": 22.503862380981445, "lowlevel.erbbands_skewness.mean": 0.7751317024230957, "lowlevel.erbbands_skewness.stdev": 2.6643834114074707, "lowlevel.erbbands_spread.mean": 37.51708984375, "lowlevel.erbbands_spread.stdev": 35.71757507324219, "lowlevel.hfc.mean": 58.84303283691406, "lowlevel.hfc.stdev": 200.04464721679688, "lowlevel.loudness_ebu128.integrated": -31.693071365356445, "lowlevel.loudness_ebu128.loudness_range": 7.681663513183594, "lowlevel.loudness_ebu128.momentary.mean": -34.17870330810547, "lowlevel.loudness_ebu128.momentary.stdev": 6.656616687774658, "lowlevel.loudness_ebu128.short_term.mean": -32.54859161376953, "lowlevel.loudness_ebu128.short_term.stdev": 2.689025640487671, "lowlevel.melbands_crest.mean": 21.74264907836914, "lowlevel.melbands_crest.stdev": 7.695889949798584, "lowlevel.melbands_flatness_db.mean": 0.3617289662361145, "lowlevel.melbands_flatness_db.stdev": 0.1575641632080078, "lowlevel.melbands_kurtosis.mean": 107.6218490600586, "lowlevel.melbands_kurtosis.stdev": 190.61947631835938, "lowlevel.melbands_skewness.mean": 5.112226963043213, "lowlevel.melbands_skewness.stdev": 5.5209503173828125, "lowlevel.melbands_spread.mean": 29.61049461364746, "lowlevel.melbands_spread.stdev": 57.8949089050293, "lowlevel.pitch_salience.mean": 0.3887600004673004, "lowlevel.pitch_salience.stdev": 0.21465255320072174, "lowlevel.silence_rate_20dB.mean": 0.9725631475448608, "lowlevel.silence_rate_20dB.stdev": 0.1633523851633072, "lowlevel.silence_rate_30dB.mean": 0.8303248882293701, "lowlevel.silence_rate_30dB.stdev": 0.375348299741745, "lowlevel.silence_rate_60dB.mean": 0.18844765424728394, "lowlevel.silence_rate_60dB.stdev": 0.39106452465057373, "lowlevel.spectral_centroid.mean": 1743.553955078125, "lowlevel.spectral_centroid.stdev": 2049.683349609375, "lowlevel.spectral_complexity.mean": 5.280866622924805, "lowlevel.spectral_complexity.stdev": 6.591634750366211, "lowlevel.spectral_decrease.mean": -1.4581342355768356e-08, "lowlevel.spectral_decrease.stdev": 2.7791944745558794e-08, "lowlevel.spectral_energy.mean": 0.0603705458343029, "lowlevel.spectral_energy.stdev": 0.11017955839633942, "lowlevel.spectral_energyband_high.mean": 0.006023159250617027, "lowlevel.spectral_energyband_high.stdev": 0.023759882897138596, "lowlevel.spectral_energyband_low.mean": 0.04333208128809929, "lowlevel.spectral_energyband_low.stdev": 0.10263005644083023, "lowlevel.spectral_energyband_middle_high.mean": 0.0022392263635993004, "lowlevel.spectral_energyband_middle_high.stdev": 0.008306418545544147, "lowlevel.spectral_energyband_middle_low.mean": 0.00940597802400589, "lowlevel.spectral_energyband_middle_low.stdev": 0.019011417403817177, "lowlevel.spectral_entropy.mean": 7.153790473937988, "lowlevel.spectral_entropy.stdev": 1.007370114326477, "lowlevel.spectral_flux.mean": 0.11345081776380539, "lowlevel.spectral_flux.stdev": 0.1173676922917366, "lowlevel.spectral_kurtosis.mean": 6.097277641296387, "lowlevel.spectral_kurtosis.stdev": 6.715056896209717, "lowlevel.spectral_rms.mean": 0.00586848147213459, "lowlevel.spectral_rms.stdev": 0.00494561018422246, "lowlevel.spectral_rolloff.mean": 2134.086181640625, "lowlevel.spectral_rolloff.stdev": 3464.717529296875, "lowlevel.spectral_skewness.mean": 1.7013946771621704, "lowlevel.spectral_skewness.stdev": 1.1617182493209839, "lowlevel.spectral_spread.mean": 5560729.0, "lowlevel.spectral_spread.stdev": 2629371.75, "lowlevel.spectral_strongpeak.mean": 1.0773816108703613, "lowlevel.spectral_strongpeak.stdev": 2.179658889770508, "lowlevel.zerocrossingrate.mean": 0.07779254764318466, "lowlevel.zerocrossingrate.stdev": 0.10728241503238678, "metadata.audio_properties.analysis.equal_loudness": 0.0, "metadata.audio_properties.analysis.length": 32.12798309326172, "metadata.audio_properties.analysis.sample_rate": 44100.0, "metadata.audio_properties.analysis.start_time": 0.0, "metadata.audio_properties.bit_rate": 130054.0, "metadata.audio_properties.length": 32.12799835205078, "metadata.audio_properties.lossless": 0.0, "metadata.audio_properties.number_channels": 1.0, "metadata.audio_properties.replay_gain": 7.184133529663086, "metadata.audio_properties.sample_rate": 48000.0, "rhythm.beats_count": 60.0, "rhythm.beats_loudness.mean": 0.12325482070446014, "rhythm.beats_loudness.stdev": 0.16623635590076447, "rhythm.bpm": 113.11831665039062, "rhythm.bpm_histogram_first_peak_bpm": 115.0, "rhythm.bpm_histogram_first_peak_weight": 0.5, "rhythm.bpm_histogram_second_peak_bpm": 110.0, "rhythm.bpm_histogram_second_peak_spread": 0.3684210181236267, "rhythm.bpm_histogram_second_peak_weight": 0.20338982343673706, "rhythm.danceability": 1.3670247793197632, "rhythm.onset_rate": 4.883659362792969, "tonal.chords_changes_rate": 0.1269841343164444, "tonal.chords_number_rate": 0.012987012974917889, "tonal.chords_strength.mean": 0.48227617144584656, "tonal.chords_strength.stdev": 0.05038115382194519, "tonal.hpcp_crest.mean": 12.305179595947266, "tonal.hpcp_crest.stdev": 6.103952884674072, "tonal.hpcp_entropy.mean": 2.2506210803985596, "tonal.hpcp_entropy.stdev": 0.8305861949920654, "tonal.key_edma.strength": 0.5874068737030029, "tonal.key_krumhansl.strength": 0.5775547623634338, "tonal.key_temperley.strength": 0.5484104752540588, "tonal.tuning_diatonic_strength": 0.4692172110080719, "tonal.tuning_equal_tempered_deviation": 0.2740657329559326, "tonal.tuning_frequency": 456.3066101074219, "tonal.tuning_nontempered_energy_ratio": 0.9282830953598022, "lowlevel.barkbands.mean": [0.0004907188704237342, 0.03935550898313522, 0.0029722433537244797, 0.0010931260185316205, 0.003040866693481803, 0.0024473988451063633, 0.0010491873836144805, 0.0006571146077476442, 0.0008448529988527298, 0.0006046437774784863, 0.0004213404026813805, 0.00036378030199557543, 0.00017956442025024444, 0.00016215846699196845, 0.00015247629198711365, 9.726333519211039e-05, 0.00011242452455917373, 0.00014281756011769176, 0.00011346888641128317, 7.713313243584707e-05, 0.00010464220395078883, 0.0013353951508179307, 0.001321838703006506, 0.0016528564738109708, 0.001331043429672718, 0.00024294313334394246, 3.2992634260153864e-06], "lowlevel.barkbands.stdev": [0.00140600954182446, 0.09388233721256256, 0.014528551138937473, 0.0035342860501259565, 0.007795506622642279, 0.009307118132710457, 0.006695780903100967, 0.0033461744897067547, 0.006234536413103342, 0.004366250708699226, 0.0025566366966813803, 0.003073696279898286, 0.0009962762705981731, 0.0009167659445665777, 0.0013547573471441865, 0.000501273141708225, 0.0005411792080849409, 0.0005610429216176271, 0.0004893176374025643, 0.0002706790983211249, 0.0006175008020363748, 0.0059708417393267155, 0.005942470394074917, 0.007798273116350174, 0.006165337283164263, 0.001028987462632358, 8.922891720430925e-05], "lowlevel.erbbands.mean": [1.2683804035186768, 8.30466365814209, 4.958524703979492, 3.959044933319092, 6.416954040527344, 10.705525398254395, 15.051621437072754, 21.21268081665039, 17.88240623474121, 13.16283130645752, 15.421113967895508, 18.443496704101562, 23.055095672607422, 16.632352828979492, 18.218746185302734, 13.938549041748047, 8.627713203430176, 7.867973804473877, 8.830892562866211, 6.471076965332031, 5.347451210021973, 6.9153008460998535, 7.670647621154785, 6.955153465270996, 4.8842363357543945, 3.654719591140747, 2.6157336235046387, 8.373311042785645, 43.38718032836914, 50.12282180786133, 38.10863494873047, 28.192068099975586, 31.786922454833984, 19.95696449279785, 6.5871124267578125, 1.7311854362487793, 0.3132588565349579, 0.02523002400994301, 0.0010497779585421085, 0.00016355091065634042], "lowlevel.erbbands.stdev": [2.9772489070892334, 20.15085792541504, 18.361202239990234, 15.1069917678833, 15.053339004516602, 34.46222686767578, 60.43597412109375, 90.25439453125, 82.19148254394531, 126.12162780761719, 68.15190124511719, 122.9773941040039, 201.154052734375, 123.1612548828125, 107.29540252685547, 109.10453796386719, 47.465145111083984, 38.187137603759766, 68.04656982421875, 42.875919342041016, 27.334203720092773, 32.862701416015625, 29.603822708129883, 34.30256652832031, 18.060853958129883, 12.627470970153809, 11.839947700500488, 47.81258773803711, 209.8428955078125, 213.0466766357422, 173.17117309570312, 130.76370239257812, 157.30517578125, 93.95299530029297, 31.27680206298828, 7.904219627380371, 1.2670879364013672, 0.10785716772079468, 0.014561665244400501, 0.0013371746754273772], "lowlevel.gfcc.mean": [-133.73956298828125, 54.09148406982422, -58.17087173461914, 52.83506393432617, -52.846458435058594, 24.864652633666992, -34.78477096557617, 16.915403366088867, -17.07575035095215, 3.6351661682128906, -9.078001976013184, 6.97784423828125, -8.013984680175781], "lowlevel.melbands.mean": [0.011590246111154556, 0.005211272276937962, 0.0007456320454366505, 0.0006166366511024535, 0.0005257889861240983, 0.00047614373033866286, 0.00026147489552386105, 0.0001422359491698444, 0.00012001823779428378, 0.00012277539644856006, 0.00011347034887876362, 6.48506756988354e-05, 6.110320828156546e-05, 4.70923405373469e-05, 2.281409797433298e-05, 1.7405029211658984e-05, 1.4280951290857047e-05, 1.4482627193501685e-05, 1.1020979400200304e-05, 7.360330528172199e-06, 5.718052761949366e-06, 6.690607733617071e-06, 7.99224289949052e-06, 6.098405265220208e-06, 5.6848825806810055e-06, 3.846592335321475e-06, 3.159736024826998e-06, 2.195681872763089e-06, 1.2881087059213314e-06, 2.111168896590243e-06, 5.117366526974365e-06, 2.1103744074935094e-05, 3.2846797694219276e-05, 2.5450750399613753e-05, 2.339969068998471e-05, 1.6639669411233626e-05, 1.745973167999182e-05, 2.1276657207636163e-05, 2.1801661205245182e-05, 1.5938072465360165e-05], "lowlevel.melbands.stdev": [0.027342109009623528, 0.01374355610460043, 0.002377900993451476, 0.0016118348576128483, 0.0018817659001797438, 0.0018980170134454966, 0.0012258251663297415, 0.001222521997988224, 0.0005066898302175105, 0.0009084093035198748, 0.000996156595647335, 0.0005122419097460806, 0.0003713103651534766, 0.0004034481826238334, 0.00012935172708239406, 9.752596088219434e-05, 7.258040568558499e-05, 0.00010589053272269666, 0.00010025233495980501, 4.309703945182264e-05, 3.0051332942093723e-05, 3.2340434700017795e-05, 4.065918255946599e-05, 2.302565917489119e-05, 3.0762759706703946e-05, 1.585874088050332e-05, 1.1166426702402532e-05, 8.079176041064784e-06, 5.6830881476344075e-06, 1.2235084795975126e-05, 3.4644581319298595e-05, 0.0001065742108039558, 0.00014884430856909603, 0.00011145631287945434, 0.00011241602624068037, 7.35034336685203e-05, 8.436459029326215e-05, 0.00011205262853763998, 0.00010298543202225119, 7.757536513963714e-05], "lowlevel.melbands128.mean": [0.00044694571988657117, 0.008607189171016216, 0.019721517339348793, 0.011270233429968357, 0.0031918385066092014, 0.0014376618200913072, 0.0007709427154622972, 0.0005403236136771739, 0.0006667897687293589, 0.0006251374143175781, 0.0006006298353895545, 0.0005527090397663414, 0.0005314910667948425, 0.0004535185871645808, 0.00047296250704675913, 0.0005251391557976604, 0.0003717995423357934, 0.0001810775720514357, 0.00017080508405342698, 0.000140730437124148, 0.00012230519496370107, 0.00016227208834607154, 0.00011159209680045024, 9.043240424944088e-05, 0.00011024175910279155, 0.00013560574734583497, 0.00015567541413474828, 0.00012220432108733803, 6.401984137482941e-05, 7.044040103210136e-05, 6.24508538749069e-05, 5.859546581632458e-05, 6.720503006363288e-05, 5.680282993125729e-05, 5.253638300928287e-05, 4.809866732102819e-05, 3.3815686037996784e-05, 1.766962668625638e-05, 1.9470897314022295e-05, 1.9267989046056755e-05, 1.652809078223072e-05, 1.589021303516347e-05, 1.289667943638051e-05, 1.3635972209158354e-05, 1.7240945453522727e-05, 1.187376710731769e-05, 1.5916697520879097e-05, 1.2172052265668754e-05, 8.746355888433754e-06, 7.507509053539252e-06, 6.793060038035037e-06, 7.87499902799027e-06, 6.215156190592097e-06, 4.302232355257729e-06, 5.43073929293314e-06, 7.258505775098456e-06, 7.4986510298913345e-06, 7.851335794839542e-06, 8.979042831924744e-06, 6.4690398176026065e-06, 5.704391242034035e-06, 5.809032245451817e-06, 6.464390480687143e-06, 5.685375526809366e-06, 4.378577614261303e-06, 3.974279934482183e-06, 3.3521500881761312e-06, 3.113084858341608e-06, 3.2004015793063445e-06, 3.2000414194044424e-06, 2.2403753519029124e-06, 1.7327625982943573e-06, 1.3333876722754212e-06, 1.0114645192516036e-06, 1.4845218174741603e-06, 1.9395652088860516e-06, 2.5384422315255506e-06, 2.5454610295128077e-06, 5.038208200858207e-06, 7.346817710640607e-06, 1.4191617083270103e-05, 3.0116647394606844e-05, 3.220490179955959e-05, 3.191504583810456e-05, 3.637887130025774e-05, 2.5307384930783883e-05, 2.1178111637709662e-05, 2.5926092348527163e-05, 2.4671759092598222e-05, 2.0475470591918565e-05, 2.0171712094452232e-05, 1.3012592717132065e-05, 1.5141254152695183e-05, 1.9869490643031895e-05, 1.6336531189153902e-05, 1.7854736142908223e-05, 2.17990036617266e-05, 2.7646232410916127e-05, 2.359794598305598e-05, 1.8426429960527457e-05, 1.543808502901811e-05, 1.6735812096158043e-05, 1.4746222404937726e-05, 1.0758394637377933e-05, 5.77486343900091e-06, 4.316575086704688e-06, 4.106967935513239e-06, 3.797637873503845e-06, 2.9335537874430884e-06, 2.0154773210379062e-06, 1.5948897953421692e-06, 1.3503378113455256e-06, 6.875323492749885e-07, 5.418523301159439e-07, 4.804787749890238e-07, 2.2914008468433167e-07, 3.1817780410392515e-08, 1.7319669254334258e-08, 1.3670267584586782e-08, 1.7018527032064412e-08, 1.1621147599782944e-08, 1.2333663867991618e-08, 1.3691799694015572e-08, 1.302373320299921e-08, 7.685149405745051e-09, 1.0269665118300964e-08, 7.182722416843035e-09, 7.910562871416005e-09], "lowlevel.melbands128.stdev": [0.001332477550022304, 0.020405907183885574, 0.046481043100357056, 0.02874855510890484, 0.011327552609145641, 0.006706687621772289, 0.003328596707433462, 0.0015970338135957718, 0.001740188803523779, 0.002123686484992504, 0.002368188463151455, 0.0022916884627193213, 0.0025428184308111668, 0.0024577886797487736, 0.0025047948583960533, 0.0025732829235494137, 0.0021189446561038494, 0.0011686879443004727, 0.0018236677860841155, 0.0020540370605885983, 0.000803668808657676, 0.0010106231784448028, 0.0005297149764373899, 0.0005584926111623645, 0.0009222395601682365, 0.001516666729003191, 0.0019088787958025932, 0.001284099416807294, 0.0004009142576251179, 0.0007119760266505182, 0.000669842935167253, 0.0004302047018427402, 0.0005655926070176065, 0.00038163672434166074, 0.0006479104049503803, 0.0005009945016354322, 0.0003271934692747891, 9.911546658258885e-05, 0.00012817794049624354, 0.0001557072828290984, 0.00010850249964278191, 9.257920464733616e-05, 7.472572906408459e-05, 8.118527330225334e-05, 0.0001403580536134541, 8.193274697987363e-05, 0.0002335858007427305, 0.00014283243217505515, 8.020203677006066e-05, 6.738246156601235e-05, 3.965925861848518e-05, 4.477010588743724e-05, 4.2416228097863495e-05, 2.7438223696663044e-05, 3.835808820440434e-05, 3.800428021349944e-05, 4.5823882828699425e-05, 4.51785272161942e-05, 5.7988381740869954e-05, 2.374688847339712e-05, 2.308467446709983e-05, 3.380970883881673e-05, 3.7967485695844516e-05, 3.467670831014402e-05, 2.0679921362898313e-05, 2.2436513972934335e-05, 1.4752481547475327e-05, 1.4021002243680414e-05, 1.2669700481637847e-05, 1.285130565520376e-05, 9.193109690386336e-06, 8.249765414802823e-06, 5.772245458501857e-06, 4.417339823703514e-06, 9.286827662435826e-06, 1.1987624020548537e-05, 1.6877369489520788e-05, 1.556841380079277e-05, 4.131579407840036e-05, 5.5012475058902055e-05, 7.546698907390237e-05, 0.0001652358623687178, 0.00017601894796825945, 0.00015232726582325995, 0.0001558856019983068, 0.00011643316247500479, 0.00010328330245101824, 0.00013290018250700086, 0.0001315916597377509, 9.46441141422838e-05, 9.082625911105424e-05, 6.042311724741012e-05, 7.52844862290658e-05, 0.0001063613744918257, 8.049858297454193e-05, 9.83502104645595e-05, 0.00013486725219991058, 0.00014303671196103096, 0.00011475017527118325, 9.010155190480873e-05, 7.64171127229929e-05, 9.036706615006551e-05, 7.652483327547088e-05, 5.926850644755177e-05, 2.8133837986388244e-05, 2.2564745449926704e-05, 2.1237225155346096e-05, 1.7253112673643045e-05, 1.462862201151438e-05, 1.0203364581684582e-05, 8.884897397365421e-06, 6.188255611050408e-06, 2.9621044177474687e-06, 2.4131090867740568e-06, 2.117144049407216e-06, 1.28255612708017e-06, 2.3631193357687152e-07, 5.111704126647965e-07, 4.4173850710649276e-07, 5.749247975472827e-07, 3.6152795246380265e-07, 3.899931755313446e-07, 4.366784480680508e-07, 3.991453354501573e-07, 2.1656902049471682e-07, 3.034973019566678e-07, 2.1543240791288554e-07, 2.4209791149587545e-07], "lowlevel.mfcc.mean": [-795.8463745117188, 88.21488952636719, 51.31850051879883, 32.77854537963867, 20.607463836669922, 10.988428115844727, 4.779117584228516, 15.261863708496094, 0.44768792390823364, 3.774090051651001, 7.2759552001953125, -4.752385139465332, 9.10352897644043], "lowlevel.spectral_contrast_coeffs.mean": [-0.6798449754714966, -0.7701650261878967, -0.8194883465766907, -0.823932945728302, -0.7904437780380249, -0.7925707101821899], "lowlevel.spectral_contrast_coeffs.stdev": [0.13701504468917847, 0.1275562047958374, 0.08472754806280136, 0.07234349101781845, 0.08192255347967148, 0.05536554008722305], "lowlevel.spectral_contrast_valleys.mean": [-8.060882568359375, -8.582632064819336, -9.238103866577148, -9.538931846618652, -9.284600257873535, -10.814824104309082], "lowlevel.spectral_contrast_valleys.stdev": [1.7006161212921143, 1.6528528928756714, 1.6561180353164673, 1.4440529346466064, 1.3467373847961426, 1.5259166955947876], "rhythm.beats_loudness_band_ratio.mean": [0.5398852229118347, 0.1532294750213623, 0.07655022293329239, 0.027916064485907555, 0.03564741089940071, 0.2092551738023758], "rhythm.beats_loudness_band_ratio.stdev": [0.397346168756485, 0.25541508197784424, 0.1692042052745819, 0.08257848024368286, 0.08322979509830475, 0.33226585388183594], "tonal.hpcp.mean": [0.05304399132728577, 0.058128826320171356, 0.07329889386892319, 0.14396698772907257, 0.4162153899669647, 0.4409048855304718, 0.16739799082279205, 0.06440418213605881, 0.05195751041173935, 0.05073138326406479, 0.05294918268918991, 0.05181007832288742, 0.051701754331588745, 0.056729525327682495, 0.057649679481983185, 0.0498688779771328, 0.0422385111451149, 0.04590374231338501, 0.04928929731249809, 0.04914214089512825, 0.06166566535830498, 0.15766404569149017, 0.14391306042671204, 0.053925808519124985, 0.06437370181083679, 0.06764436513185501, 0.0634075179696083, 0.0617581382393837, 0.07433544844388962, 0.07475309073925018, 0.06400502473115921, 0.06517817825078964, 0.06706810742616653, 0.07127620279788971, 0.06738604605197906, 0.058106981217861176], "tonal.hpcp.stdev": [0.16703103482723236, 0.17565688490867615, 0.2042037546634674, 0.25215065479278564, 0.414218544960022, 0.42278748750686646, 0.26912444829940796, 0.1788492202758789, 0.1585453450679779, 0.16116486489772797, 0.1597207486629486, 0.16412140429019928, 0.13901269435882568, 0.16514872014522552, 0.1714119166135788, 0.14671310782432556, 0.13206994533538818, 0.14791277050971985, 0.14767901599407196, 0.15674784779548645, 0.14661240577697754, 0.32753700017929077, 0.2971360683441162, 0.14922505617141724, 0.17696191370487213, 0.171367809176445, 0.1724345088005066, 0.1643577218055725, 0.19104549288749695, 0.2030545026063919, 0.17089596390724182, 0.18228766322135925, 0.17811819911003113, 0.19932730495929718, 0.18735814094543457, 0.17545098066329956], "rhythm.beats_position": [0.5572788715362549, 1.1145577430725098, 1.6718367338180542, 2.2058956623077393, 2.7515645027160645, 3.2972335815429688, 3.8196823596954346, 4.388571262359619, 4.945850372314453, 5.491518974304199, 6.013967990875244, 6.559637069702148, 7.105306148529053, 7.639364719390869, 8.173423767089844, 8.684263229370117, 9.195101737976074, 9.729161262512207, 10.263219833374023, 10.80888843536377, 11.354557991027832, 11.935056686401367, 12.492335319519043, 13.038003921508789, 13.583673477172852, 14.129342079162598, 14.675010681152344, 15.220680236816406, 15.743128776550293, 16.27718734741211, 16.811246871948242, 17.345306396484375, 17.914194107055664, 18.471473693847656, 19.02875328063965, 19.597640991210938, 20.17814064025879, 20.747028350830078, 21.26947784423828, 21.791927337646484, 22.302766799926758, 22.825214385986328, 23.3360538482666, 23.777233123779297, 24.183582305908203, 24.61315155029297, 25.054330825805664, 25.49551010131836, 25.925079345703125, 26.33142852783203, 26.737777709960938, 27.24861717224121, 27.77106475830078, 28.293514251708984, 28.815963745117188, 29.338411331176758, 29.86086082458496, 30.383310317993164, 30.905759811401367, 31.463037490844727], "rhythm.bpm_histogram": [0.0, 0.0, 0.0, 0.0, 0.0, 0.0, 0.0, 0.0, 0.0, 0.0, 0.0, 0.0, 0.0, 0.0, 0.0, 0.0, 0.0, 0.0, 0.0, 0.0, 0.0, 0.0, 0.0, 0.0, 0.0, 0.0, 0.0, 0.0, 0.0, 0.0, 0.0, 0.0, 0.0, 0.0, 0.0, 0.0, 0.0, 0.0, 0.0, 0.0, 0.0, 0.0, 0.0, 0.0, 0.0, 0.0, 0.0, 0.0, 0.0, 0.0, 0.0, 0.0, 0.0, 0.0, 0.0, 0.0, 0.0, 0.0, 0.0, 0.0, 0.0, 0.0, 0.0, 0.0, 0.0, 0.0, 0.0, 0.0, 0.0, 0.0, 0.0, 0.0, 0.0, 0.0, 0.0, 0.0, 0.0, 0.0, 0.0, 0.0, 0.0, 0.0, 0.0, 0.0, 0.0, 0.0, 0.0, 0.0, 0.0, 0.0, 0.0, 0.0, 0.0, 0.0, 0.0, 0.0, 0.0, 0.0, 0.0, 0.0, 0.0, 0.0, 0.0, 0.033898305147886276, 0.0, 0.06779661029577255, 0.0, 0.0, 0.11864406615495682, 0.0, 0.20338982343673706, 0.0, 0.1355932205915451, 0.0, 0.0, 0.22033898532390594, 0.0, 0.08474576473236084, 0.0, 0.0, 0.0, 0.0, 0.0, 0.0, 0.0, 0.0, 0.0, 0.0, 0.0, 0.0, 0.0, 0.0, 0.0, 0.0, 0.0, 0.0, 0.050847455859184265, 0.0, 0.0, 0.0, 0.033898305147886276, 0.0, 0.0, 0.0, 0.0, 0.0, 0.0, 0.0, 0.050847455859184265, 0.0, 0.0, 0.0, 0.0, 0.0, 0.0, 0.0, 0.0, 0.0, 0.0, 0.0, 0.0, 0.0, 0.0, 0.0, 0.0, 0.0, 0.0, 0.0, 0.0, 0.0, 0.0, 0.0, 0.0, 0.0, 0.0, 0.0, 0.0, 0.0, 0.0, 0.0, 0.0, 0.0, 0.0, 0.0, 0.0, 0.0, 0.0, 0.0, 0.0, 0.0, 0.0, 0.0, 0.0, 0.0, 0.0, 0.0, 0.0, 0.0, 0.0, 0.0, 0.0, 0.0, 0.0, 0.0, 0.0, 0.0, 0.0, 0.0, 0.0, 0.0, 0.0, 0.0, 0.0, 0.0, 0.0, 0.0, 0.0, 0.0, 0.0, 0.0, 0.0, 0.0, 0.0, 0.0, 0.0, 0.0, 0.0, 0.0, 0.0, 0.0, 0.0, 0.0, 0.0, 0.0, 0.0, 0.0, 0.0, 0.0, 0.0, 0.0, 0.0, 0.0, 0.0, 0.0, 0.0, 0.0, 0.0, 0.0, 0.0, 0.0], "tonal.chords_histogram": [17.316017150878906, 0.0, 0.0, 0.0, 0.0, 0.0, 6.349206447601318, 0.8658008575439453, 0.0, 0.0, 17.171716690063477, 11.832612037658691, 11.11111068725586, 0.0, 0.0, 0.0, 0.0, 12.554112434387207, 7.070706844329834, 4.329004287719727, 0.0, 0.0, 0.0, 11.399711608886719], "tonal.thpcp": [1.0, 0.3796691596508026, 0.14607273042201996, 0.117842897772789, 0.11506196856498718, 0.12009207159280777, 0.11750851571559906, 0.1172628328204155, 0.12866613268852234, 0.13075309991836548, 0.11310575157403946, 0.09579959511756897, 0.10411257296800613, 0.1117912232875824, 0.1114574670791626, 0.139861598610878, 0.3575919568538666, 0.3264038562774658, 0.12230712175369263, 0.1460036039352417, 0.15342167019844055, 0.14381223917007446, 0.1400713473558426, 0.16859747469425201, 0.16954471170902252, 0.14516742527484894, 0.14782820641994476, 0.15211468935012817, 0.16165891289710999, 0.15283578634262085, 0.13179028034210205, 0.12030711024999619, 0.1318398267030716, 0.16624650359153748, 0.3265261650085449, 0.9440026879310608], "lowlevel.gfcc.cov": [[14661.970703125, 1968.9921875, -782.6353759765625, -356.9934997558594, -384.77728271484375, -496.3882751464844, -535.1285400390625, 253.59962463378906, 52.359230041503906, -220.00973510742188, 291.4631652832031, 20.199628829956055, -181.23379516601562], [1968.9921875, 8238.2060546875, -957.9420776367188, -1805.21533203125, 812.919677734375, -1412.548095703125, 253.83343505859375, -72.14334869384766, -134.42088317871094, -687.0127563476562, 670.6759643554688, -381.79266357421875, 171.9736785888672], [-782.6353759765625, -957.9420776367188, 3373.193603515625, 1528.392333984375, 268.53826904296875, 829.3606567382812, 247.73800659179688, -15.166186332702637, 329.9862365722656, 119.62602996826172, -32.62704849243164, 61.27615737915039, 0.14000758528709412], [-356.9934997558594, -1805.21533203125, 1528.392333984375, 1884.750732421875, 411.63189697265625, 470.4358215332031, -6.791902542114258, 114.74823760986328, 302.5495300292969, 122.86954498291016, -148.87001037597656, 181.18507385253906, -19.747312545776367], [-384.77728271484375, 812.919677734375, 268.53826904296875, 411.63189697265625, 1117.614501953125, 415.97955322265625, 273.79351806640625, 150.99143981933594, 254.49110412597656, 6.641866207122803, 70.05376434326172, 5.512300968170166, -11.527700424194336], [-496.3882751464844, -1412.548095703125, 829.3606567382812, 470.4358215332031, 415.97955322265625, 1366.872802734375, 485.66845703125, 82.02155303955078, 276.3320617675781, 217.00245666503906, -85.5917739868164, 20.83148956298828, -92.08040618896484], [-535.1285400390625, 253.83343505859375, 247.73800659179688, -6.791902542114258, 273.79351806640625, 485.66845703125, 642.2181396484375, 155.77113342285156, 78.95542907714844, 24.31128692626953, 87.22698974609375, -32.472900390625, -17.18670654296875], [253.59962463378906, -72.14334869384766, -15.166186332702637, 114.74823760986328, 150.99143981933594, 82.02155303955078, 155.77113342285156, 365.908935546875, 109.36740112304688, 18.712709426879883, 59.156463623046875, 44.667518615722656, -32.600948333740234], [52.359230041503906, -134.42088317871094, 329.9862365722656, 302.5495300292969, 254.49110412597656, 276.3320617675781, 78.95542907714844, 109.36740112304688, 338.6329345703125, 111.6712417602539, 17.8241024017334, 31.80553436279297, 23.61841583251953], [-220.00973510742188, -687.0127563476562, 119.62602996826172, 122.86954498291016, 6.641866207122803, 217.00245666503906, 24.31128692626953, 18.712709426879883, 111.6712417602539, 255.57562255859375, -11.253832817077637, 59.333961486816406, -17.760498046875], [291.4631652832031, 670.6759643554688, -32.62704849243164, -148.87001037597656, 70.05376434326172, -85.5917739868164, 87.22698974609375, 59.156463623046875, 17.8241024017334, -11.253832817077637, 260.5302734375, 16.971412658691406, 37.49009323120117], [20.199628829956055, -381.79266357421875, 61.27615737915039, 181.18507385253906, 5.512300968170166, 20.83148956298828, -32.472900390625, 44.667518615722656, 31.80553436279297, 59.333961486816406, 16.971412658691406, 196.10711669921875, 31.652114868164062], [-181.23379516601562, 171.9736785888672, 0.14000758528709412, -19.747312545776367, -11.527700424194336, -92.08040618896484, -17.18670654296875, -32.600948333740234, 23.61841583251953, -17.760498046875, 37.49009323120117, 31.652114868164062, 176.3108673095703]], "lowlevel.gfcc.icov": [[8.878007793100551e-05, -7.026660750852898e-05, 4.4110762246418744e-05, -7.352098327828571e-05, 0.00013244659930933267, -0.0001299360883422196, 0.00016595967463217676, -0.00011296734737697989, -2.368805326113943e-05, 2.7417931050877087e-05, -7.427824311889708e-05, -4.5501426939154044e-05, 0.00011751391139114276], [-7.026660750852898e-05, 0.0006082836189307272, -0.00022756618272978812, 0.0006351221818476915, -0.0007475418969988823, 0.0008409502916038036, -0.0005104001611471176, 0.00047472905134782195, -0.0005300260963849723, 0.0008392066811211407, -0.0005670984392054379, 0.0002864652778953314, 5.881051401956938e-05], [4.4110762246418744e-05, -0.00022756618272978812, 0.0006698641227558255, -0.0007430060068145394, 0.0004739994474221021, -0.000539492117241025, 7.706787437200546e-05, 9.341110126115382e-05, -5.754234280175297e-06, -0.0001360104070045054, -0.00016347126802429557, 0.00012832184438593686, -4.362698018667288e-05], [-7.352098327828571e-05, 0.0006351221818476915, -0.0007430060068145394, 0.0018865721067413688, -0.0011262587504461408, 0.0009172135032713413, -0.00024129908706527203, 0.00019034530851058662, -0.0008643142646178603, 0.0008814676548354328, 0.0001800043391995132, -0.0005912755732424557, 0.0002063302817987278], [0.00013244659930933267, -0.0007475418969988823, 0.0004739994474221021, -0.0011262587504461408, 0.0023014775943011045, -0.0012947312789037824, 0.0003650329017546028, -0.0005850651650689542, -0.00021869926422368735, -0.00037079816684126854, 0.00015069743676576763, -0.00019729971245396882, 0.00013578766083810478], [-0.0001299360883422196, 0.0008409502916038036, -0.000539492117241025, 0.0009172135032713413, -0.0012947312789037824, 0.002868460025638342, -0.0019347760826349258, 0.0010851126862689853, -0.0013722525909543037, 0.00028587429551407695, 0.00011994953820249066, 0.00014274613931775093, 0.0007362985634244978], [0.00016595967463217676, -0.0005104001611471176, 7.706787437200546e-05, -0.00024129908706527203, 0.0003650329017546028, -0.0019347760826349258, 0.0035458607599139214, -0.001652964623644948, 0.0010611478937789798, -0.00034464459167793393, -0.0005977323744446039, 0.00039978022687137127, -0.0004267744079697877], [-0.00011296734737697989, 0.00047472905134782195, 9.341110126115382e-05, 0.00019034530851058662, -0.0005850651650689542, 0.0010851126862689853, -0.001652964623644948, 0.004402530379593372, -0.0018417483661323786, 0.0010113544994965196, -0.0008736869785934687, -0.0007858100580051541, 0.0012989025563001633], [-2.368805326113943e-05, -0.0005300260963849723, -5.754234280175297e-06, -0.0008643142646178603, -0.00021869926422368735, -0.0013722525909543037, 0.0010611478937789798, -0.0018417483661323786, 0.006121454760432243, -0.0027610622346401215, 0.00025227211881428957, 0.0006354489596560597, -0.001838124473579228], [2.7417931050877087e-05, 0.0008392066811211407, -0.0001360104070045054, 0.0008814676548354328, -0.00037079816684126854, 0.00028587429551407695, -0.00034464459167793393, 0.0010113544994965196, -0.0027610622346401215, 0.007073692511767149, -0.0012161009944975376, -0.0012205787934362888, 0.001147064263932407], [-7.427824311889708e-05, -0.0005670984392054379, -0.00016347126802429557, 0.0001800043391995132, 0.00015069743676576763, 0.00011994953820249066, -0.0005977323744446039, -0.0008736869785934687, 0.00025227211881428957, -0.0012161009944975376, 0.005993197672069073, -0.0011799553176388144, -0.0008690694812685251], [-4.5501426939154044e-05, 0.0002864652778953314, 0.00012832184438593686, -0.0005912755732424557, -0.00019729971245396882, 0.00014274613931775093, 0.00039978022687137127, -0.0007858100580051541, 0.0006354489596560597, -0.0012205787934362888, -0.0011799553176388144, 0.007039378397166729, -0.0016581136733293533], [0.00011751391139114276, 5.881051401956938e-05, -4.362698018667288e-05, 0.0002063302817987278, 0.00013578766083810478, 0.0007362985634244978, -0.0004267744079697877, 0.0012989025563001633, -0.001838124473579228, 0.001147064263932407, -0.0008690694812685251, -0.0016581136733293533, 0.007194616831839085]], "lowlevel.mfcc.cov": [[14945.234375, 1531.1727294921875, -1176.7342529296875, -301.9133605957031, -177.1597442626953, -1066.9351806640625, -453.1475830078125, 45.11417007446289, -654.465087890625, -30.599769592285156, 45.22441482543945, -299.74395751953125, 195.1274871826172], [1531.1727294921875, 7987.203125, -1658.7906494140625, -204.56597900390625, -256.1546325683594, -1151.6136474609375, 336.36297607421875, -43.777042388916016, -586.2974853515625, -91.86293029785156, -220.29739379882812, -90.96050262451172, 8.60784912109375], [-1176.7342529296875, -1658.7906494140625, 3142.488037109375, 626.2286987304688, 519.072998046875, 840.487548828125, 68.27971649169922, 230.9347381591797, 259.8983459472656, 147.5149383544922, 64.5102310180664, 62.40574645996094, 201.54827880859375], [-301.9133605957031, -204.56597900390625, 626.2286987304688, 1362.298828125, 527.7627563476562, 7.265721797943115, -90.12300872802734, 122.77506256103516, 92.29198455810547, -132.12005615234375, 46.12704086303711, 31.098562240600586, 64.97136688232422], [-177.1597442626953, -256.1546325683594, 519.072998046875, 527.7627563476562, 946.77783203125, 451.33624267578125, 30.1365909576416, 261.5043029785156, 196.49191284179688, 130.53170776367188, 149.19911193847656, 81.24398803710938, 111.42839813232422], [-1066.9351806640625, -1151.6136474609375, 840.487548828125, 7.265721797943115, 451.33624267578125, 1135.01416015625, 270.66668701171875, 247.40582275390625, 384.2095947265625, 205.46926879882812, 202.046875, 124.86071014404297, 59.44086837768555], [-453.1475830078125, 336.36297607421875, 68.27971649169922, -90.12300872802734, 30.1365909576416, 270.66668701171875, 512.3240356445312, 262.45819091796875, 87.07157897949219, 157.42962646484375, 124.68402099609375, 57.777130126953125, 17.674026489257812], [45.11417007446289, -43.777042388916016, 230.9347381591797, 122.77506256103516, 261.5043029785156, 247.40582275390625, 262.45819091796875, 459.6949157714844, 180.1764373779297, 138.0249481201172, 170.84588623046875, 69.20104217529297, 81.39743041992188], [-654.465087890625, -586.2974853515625, 259.8983459472656, 92.29198455810547, 196.49191284179688, 384.2095947265625, 87.07157897949219, 180.1764373779297, 382.36248779296875, 136.48675537109375, 76.73543548583984, 91.77937316894531, 43.30022430419922], [-30.599769592285156, -91.86293029785156, 147.5149383544922, -132.12005615234375, 130.53170776367188, 205.46926879882812, 157.42962646484375, 138.0249481201172, 136.48675537109375, 324.73614501953125, 118.72746276855469, 34.4122200012207, 66.45417785644531], [45.22441482543945, -220.29739379882812, 64.5102310180664, 46.12704086303711, 149.19911193847656, 202.046875, 124.68402099609375, 170.84588623046875, 76.73543548583984, 118.72746276855469, 271.2992248535156, 78.28180694580078, 39.080726623535156], [-299.74395751953125, -90.96050262451172, 62.40574645996094, 31.098562240600586, 81.24398803710938, 124.86071014404297, 57.777130126953125, 69.20104217529297, 91.77937316894531, 34.4122200012207, 78.28180694580078, 162.34962463378906, 57.14030838012695], [195.1274871826172, 8.60784912109375, 201.54827880859375, 64.97136688232422, 111.42839813232422, 59.44086837768555, 17.674026489257812, 81.39743041992188, 43.30022430419922, 66.45417785644531, 39.080726623535156, 57.14030838012695, 174.36489868164062]], "lowlevel.mfcc.icov": [[8.63416280481033e-05, -4.623813310900005e-06, 2.6795489247888327e-05, 1.5865422028582543e-05, 7.129277946660295e-06, 1.3289521120896097e-05, 0.00012752480688504875, -0.0001254043891094625, 0.00013915308227296919, -3.8340931496350095e-05, -6.527298683067784e-05, 0.00015217064355965704, -0.00015193103172350675], [-4.623813310900005e-06, 0.00019077971228398383, 6.562810449395329e-05, 5.7494603424856905e-06, -0.00011149571946589276, 0.00017332853167317808, -0.00028865825152024627, 1.445087036699988e-05, 0.00017572907381691039, -1.857600909715984e-05, 0.00018484695465303957, -5.56830782443285e-05, -0.00010731018846854568], [2.6795489247888327e-05, 6.562810449395329e-05, 0.0005468722665682435, -0.00029678508872166276, 0.0001225603773491457, -0.0004849805554840714, 0.00015500609879381955, -0.00023484567645937204, 0.0004001215274911374, -0.0002893205382861197, 0.0003924065676983446, 0.00010635616490617394, -0.00048574243555776775], [1.5865422028582543e-05, 5.7494603424856905e-06, -0.00029678508872166276, 0.0013759719440713525, -0.0009205912356264889, 0.0007374848937615752, -0.00026352578424848616, 0.00019316052203066647, -0.000749253376852721, 0.0011670050444081426, -0.0005661097238771617, 0.00028639507945626974, -0.0001399347820552066], [7.129277946660295e-06, -0.00011149571946589276, 0.0001225603773491457, -0.0009205912356264889, 0.002330330666154623, -0.0011721933260560036, 0.0011472119949758053, -0.0011078381212428212, 0.0006327297305688262, -0.0009939325973391533, 0.0001625622098799795, -0.0002701281337067485, -0.00021606900554616004], [1.3289521120896097e-05, 0.00017332853167317808, -0.0004849805554840714, 0.0007374848937615752, -0.0011721933260560036, 0.0026863408274948597, -0.00142096565105021, 0.0009397288085892797, -0.001890636165626347, 0.0007515850593335927, -0.0010240854462608695, 0.00013635210052598268, 0.00016893379506655037], [0.00012752480688504875, -0.00028865825152024627, 0.00015500609879381955, -0.00026352578424848616, 0.0011472119949758053, -0.00142096565105021, 0.004505480639636517, -0.0026901140809059143, 0.0014306947123259306, -0.0016083659138530493, 0.00019424721540417522, -0.0007125010015442967, 0.0007886095554567873], [-0.0001254043891094625, 1.445087036699988e-05, -0.00023484567645937204, 0.00019316052203066647, -0.0011078381212428212, 0.0009397288085892797, -0.0026901140809059143, 0.005386099219322205, -0.002376977354288101, 0.0009081747848540545, -0.0019950128626078367, 0.0008208189392462373, -0.001092642662115395], [0.00013915308227296919, 0.00017572907381691039, 0.0004001215274911374, -0.000749253376852721, 0.0006327297305688262, -0.001890636165626347, 0.0014306947123259306, -0.002376977354288101, 0.006340682972222567, -0.0023764846846461296, 0.0018505493644624949, -0.0021553998813033104, 0.0004797722212970257], [-3.8340931496350095e-05, -1.857600909715984e-05, -0.0002893205382861197, 0.0011670050444081426, -0.0009939325973391533, 0.0007515850593335927, -0.0016083659138530493, 0.0009081747848540545, -0.0023764846846461296, 0.005944874137639999, -0.0021389792673289776, 0.0016110471915453672, -0.001662663766182959], [-6.527298683067784e-05, 0.00018484695465303957, 0.0003924065676983446, -0.0005661097238771617, 0.0001625622098799795, -0.0010240854462608695, 0.00019424721540417522, -0.0019950128626078367, 0.0018505493644624949, -0.0021389792673289776, 0.006775036919862032, -0.002674913266673684, 0.0006918746512383223], [0.00015217064355965704, -5.56830782443285e-05, 0.00010635616490617394, 0.00028639507945626974, -0.0002701281337067485, 0.00013635210052598268, -0.0007125010015442967, 0.0008208189392462373, -0.0021553998813033104, 0.0016110471915453672, -0.002674913266673684, 0.00953574851155281, -0.0031861404422670603], [-0.00015193103172350675, -0.00010731018846854568, -0.00048574243555776775, -0.0001399347820552066, -0.00021606900554616004, 0.00016893379506655037, 0.0007886095554567873, -0.001092642662115395, 0.0004797722212970257, -0.001662663766182959, 0.0006918746512383223, -0.0031861404422670603, 0.00843823328614235]], "metadata.audio_properties.analysis.downmix": "mix", "metadata.audio_properties.codec": "mp3", "metadata.audio_properties.md5_encoded": "0b9bf6f64f44ac2d278a1c72135402f6", "metadata.tags.file_name": "1183661753725374554.mp3", "metadata.version.essentia": "2.1-beta6-dev", "metadata.version.essentia_git_sha": "v2.1_beta5-1110-g77a6a954", "metadata.version.extractor": "music 2.0", "tonal.ch