{"song_id": "1183694295753040002", "download": "https://cdn.discordapp.com/attachments/1135911532732108921/1183694295753040002/chirp.mp4?ex=65894438&amp", "lyrics": "Dragon lines dance, Chenchen paints dreams,\nInk blooms under the brush, stories flowing streams.\nBe it AI or handcraft, it's all the same theme,\nHeartfelt creations, they reign supreme.", "style": ["rap"], "essentia_features": {"lowlevel.average_loudness": 0.9794254302978516, "lowlevel.barkbands_crest.mean": 11.889800071716309, "lowlevel.barkbands_crest.stdev": 5.332908630371094, "lowlevel.barkbands_flatness_db.mean": 0.17217566072940826, "lowlevel.barkbands_flatness_db.stdev": 0.08141186088323593, "lowlevel.barkbands_kurtosis.mean": 22.96198272705078, "lowlevel.barkbands_kurtosis.stdev": 71.02982330322266, "lowlevel.barkbands_skewness.mean": 2.0401813983917236, "lowlevel.barkbands_skewness.stdev": 3.4749393463134766, "lowlevel.barkbands_spread.mean": 20.71268081665039, "lowlevel.barkbands_spread.stdev": 17.99463653564453, "lowlevel.dissonance.mean": 0.4566631019115448, "lowlevel.dissonance.stdev": 0.03851298242807388, "lowlevel.dynamic_complexity": 2.4071576595306396, "lowlevel.erbbands_crest.mean": 11.025214195251465, "lowlevel.erbbands_crest.stdev": 4.606052875518799, "lowlevel.erbbands_flatness_db.mean": 0.17018598318099976, "lowlevel.erbbands_flatness_db.stdev": 0.046607501804828644, "lowlevel.erbbands_kurtosis.mean": 2.483611583709717, "lowlevel.erbbands_kurtosis.stdev": 5.605712890625, "lowlevel.erbbands_skewness.mean": 0.09742453694343567, "lowlevel.erbbands_skewness.stdev": 1.4897984266281128, "lowlevel.erbbands_spread.mean": 41.72245407104492, "lowlevel.erbbands_spread.stdev": 26.97207260131836, "lowlevel.hfc.mean": 26.84622573852539, "lowlevel.hfc.stdev": 31.715242385864258, "lowlevel.loudness_ebu128.integrated": -13.308882713317871, "lowlevel.loudness_ebu128.loudness_range": 0.5599832534790039, "lowlevel.loudness_ebu128.momentary.mean": -13.427254676818848, "lowlevel.loudness_ebu128.momentary.stdev": 1.0374902486801147, "lowlevel.loudness_ebu128.short_term.mean": -13.341689109802246, "lowlevel.loudness_ebu128.short_term.stdev": 0.20623064041137695, "lowlevel.melbands_crest.mean": 17.0312442779541, "lowlevel.melbands_crest.stdev": 9.057628631591797, "lowlevel.melbands_flatness_db.mean": 0.21049433946609497, "lowlevel.melbands_flatness_db.stdev": 0.11233101040124893, "lowlevel.melbands_kurtosis.mean": 60.164615631103516, "lowlevel.melbands_kurtosis.stdev": 187.6219482421875, "lowlevel.melbands_skewness.mean": 3.794252395629883, "lowlevel.melbands_skewness.stdev": 5.174278736114502, "lowlevel.melbands_spread.mean": 34.475059509277344, "lowlevel.melbands_spread.stdev": 41.97377014160156, "lowlevel.pitch_salience.mean": 0.5308514833450317, "lowlevel.pitch_salience.stdev": 0.19845865666866302, "lowlevel.silence_rate_20dB.mean": 1.0, "lowlevel.silence_rate_20dB.stdev": 0.0, "lowlevel.silence_rate_30dB.mean": 0.875, "lowlevel.silence_rate_30dB.stdev": 0.33071890473365784, "lowlevel.silence_rate_60dB.mean": 0.09210526198148727, "lowlevel.silence_rate_60dB.stdev": 0.28917446732521057, "lowlevel.spectral_centroid.mean": 1698.3321533203125, "lowlevel.spectral_centroid.stdev": 1348.8255615234375, "lowlevel.spectral_complexity.mean": 12.293859481811523, "lowlevel.spectral_complexity.stdev": 8.206575393676758, "lowlevel.spectral_decrease.mean": -9.329534478297319e-09, "lowlevel.spectral_decrease.stdev": 1.10370841355234e-08, "lowlevel.spectral_energy.mean": 0.03764684870839119, "lowlevel.spectral_energy.stdev": 0.041517022997140884, "lowlevel.spectral_energyband_high.mean": 0.0024723722599446774, "lowlevel.spectral_energyband_high.stdev": 0.0050608632154762745, "lowlevel.spectral_energyband_low.mean": 0.020060818642377853, "lowlevel.spectral_energyband_low.stdev": 0.04234963655471802, "lowlevel.spectral_energyband_middle_high.mean": 0.0034186365082859993, "lowlevel.spectral_energyband_middle_high.stdev": 0.004308001603931189, "lowlevel.spectral_energyband_middle_low.mean": 0.012291552498936653, "lowlevel.spectral_energyband_middle_low.stdev": 0.01490955799818039, "lowlevel.spectral_entropy.mean": 7.672759532928467, "lowlevel.spectral_entropy.stdev": 0.4984171986579895, "lowlevel.spectral_flux.mean": 0.10282932221889496, "lowlevel.spectral_flux.stdev": 0.06018156558275223, "lowlevel.spectral_kurtosis.mean": 3.323604106903076, "lowlevel.spectral_kurtosis.stdev": 2.417370319366455, "lowlevel.spectral_rms.mean": 0.00523064099252224, "lowlevel.spectral_rms.stdev": 0.003060887334868312, "lowlevel.spectral_rolloff.mean": 2427.870849609375, "lowlevel.spectral_rolloff.stdev": 2901.214111328125, "lowlevel.spectral_skewness.mean": 1.331061840057373, "lowlevel.spectral_skewness.stdev": 0.6048550605773926, "lowlevel.spectral_spread.mean": 5283763.0, "lowlevel.spectral_spread.stdev": 1658101.375, "lowlevel.spectral_strongpeak.mean": 1.1868717670440674, "lowlevel.spectral_strongpeak.stdev": 1.2726472616195679, "lowlevel.zerocrossingrate.mean": 0.08810478448867798, "lowlevel.zerocrossingrate.stdev": 0.0798690989613533, "metadata.audio_properties.analysis.equal_loudness": 0.0, "metadata.audio_properties.analysis.length": 10.559977531433105, "metadata.audio_properties.analysis.sample_rate": 44100.0, "metadata.audio_properties.analysis.start_time": 0.0, "metadata.audio_properties.bit_rate": 119474.0, "metadata.audio_properties.length": 10.5600004196167, "metadata.audio_properties.lossless": 0.0, "metadata.audio_properties.number_channels": 1.0, "metadata.audio_properties.replay_gain": -13.641427993774414, "metadata.audio_properties.sample_rate": 48000.0, "rhythm.beats_count": 17.0, "rhythm.beats_loudness.mean": 0.042772579938173294, "rhythm.beats_loudness.stdev": 0.0428752563893795, "rhythm.bpm": 100.11309051513672, "rhythm.bpm_histogram_first_peak_bpm": 99.0, "rhythm.bpm_histogram_first_peak_weight": 0.45454543828964233, "rhythm.bpm_histogram_second_peak_bpm": 105.0, "rhythm.bpm_histogram_second_peak_spread": 0.3999999761581421, "rhythm.bpm_histogram_second_peak_weight": 0.1875, "rhythm.danceability": 1.6885617971420288, "rhythm.onset_rate": 4.727376937866211, "tonal.chords_changes_rate": 0.08733624219894409, "tonal.chords_number_rate": 0.030567685142159462, "tonal.chords_strength.mean": 0.47418853640556335, "tonal.chords_strength.stdev": 0.07841338962316513, "tonal.hpcp_crest.mean": 12.59193229675293, "tonal.hpcp_crest.stdev": 5.402603626251221, "tonal.hpcp_entropy.mean": 2.146402597427368, "tonal.hpcp_entropy.stdev": 0.7393667101860046, "tonal.key_edma.strength": 0.46915188431739807, "tonal.key_krumhansl.strength": 0.4686793088912964, "tonal.key_temperley.strength": 0.435335636138916, "tonal.tuning_diatonic_strength": 0.5500694513320923, "tonal.tuning_equal_tempered_deviation": 0.3113418519496918, "tonal.tuning_frequency": 434.193115234375, "tonal.tuning_nontempered_energy_ratio": 0.9295371770858765, "lowlevel.barkbands.mean": [0.0034506518859416246, 0.015130733139812946, 0.0009497330174781382, 0.002158248331397772, 0.0022536832839250565, 0.004418595228344202, 0.0015610276022925973, 0.0013537126360461116, 0.00044264114694669843, 0.0003576763265300542, 0.0002545269962865859, 0.0004590116150211543, 0.00036753565655089915, 0.000401919154683128, 0.0005442019319161773, 0.0003932898980565369, 0.00023541378322988749, 8.821657684165984e-05, 0.00021888005721848458, 0.00034969212720170617, 0.0005947810132056475, 0.000772953440900892, 0.0004995097406208515, 0.00019054205040447414, 0.00013999688962940127, 5.910909021622501e-05, 6.004297574691009e-07], "lowlevel.barkbands.stdev": [0.008173525333404541, 0.034729573875665665, 0.004021361470222473, 0.004242934286594391, 0.00533050112426281, 0.008000604808330536, 0.004838337656110525, 0.003287163097411394, 0.001393257174640894, 0.0009327895822934806, 0.0008619228610768914, 0.0014688592636957765, 0.0011898103402927518, 0.00102795020211488, 0.0013721054419875145, 0.000938009237870574, 0.0004947905545122921, 0.00013343006139621139, 0.0006338918465189636, 0.0008843253599479795, 0.001698353560641408, 0.0018386219162493944, 0.001207889523357153, 0.0004831419209949672, 0.00031792494701221585, 0.00012703669199254364, 2.3728571250103414e-06], "lowlevel.erbbands.mean": [0.8594998717308044, 1.6863703727722168, 1.264861822128296, 3.9897632598876953, 11.507640838623047, 3.9726476669311523, 14.558661460876465, 42.471954345703125, 32.917118072509766, 14.605181694030762, 30.822837829589844, 11.12549877166748, 10.435218811035156, 11.106035232543945, 11.520234107971191, 19.052841186523438, 17.421916961669922, 20.052791595458984, 24.759916305541992, 27.189226150512695, 20.85708999633789, 13.070611000061035, 5.472236633300781, 6.72894287109375, 13.648063659667969, 17.18204689025879, 25.629650115966797, 20.771377563476562, 30.258258819580078, 22.278539657592773, 11.828269958496094, 4.95535135269165, 2.979433298110962, 1.9095454216003418, 0.780579686164856, 0.31278467178344727, 0.10386813431978226, 0.011063612066209316, 0.00024111899256240577, 5.665720527758822e-05], "lowlevel.erbbands.stdev": [2.0072128772735596, 4.656702041625977, 4.680145740509033, 8.126255989074707, 28.078842163085938, 8.811306953430176, 37.79201889038086, 82.15302276611328, 91.0878677368164, 27.96225357055664, 78.85322570800781, 36.87212371826172, 27.175615310668945, 33.688507080078125, 30.89657211303711, 61.314544677734375, 50.0462760925293, 52.913936614990234, 56.59126663208008, 67.76660919189453, 47.047393798828125, 26.833559036254883, 8.556947708129883, 14.510530471801758, 39.78901290893555, 45.3985481262207, 74.45513916015625, 55.08073043823242, 74.13021087646484, 54.80002212524414, 27.394498825073242, 11.530801773071289, 7.9298930168151855, 4.687093257904053, 1.646783709526062, 0.6268702745437622, 0.24975809454917908, 0.030458342283964157, 0.0005621673190034926, 5.122660513734445e-05], "lowlevel.gfcc.mean": [-21.16095542907715, 55.69008255004883, -110.00591278076172, 32.9798698425293, -76.4219970703125, 12.609209060668945, -47.72244644165039, 1.4701017141342163, -21.258249282836914, 9.15518856048584, -21.12608528137207, 1.27472984790802, -12.833529472351074], "lowlevel.melbands.mean": [0.005701818969100714, 0.0010804036865010858, 0.0009842984145507216, 0.0005572386435233057, 0.0004111354937776923, 0.0009349191095679998, 0.0004459590127225965, 0.00018195236043538898, 0.00022752197401132435, 6.0156391555210575e-05, 5.184676410863176e-05, 4.547186108538881e-05, 3.601253774832003e-05, 4.627754969988018e-05, 4.738005009130575e-05, 3.7809073546668515e-05, 3.588529580156319e-05, 3.783074134844355e-05, 4.1173134377459064e-05, 3.138403553748503e-05, 2.2537809854838997e-05, 1.4806772014708258e-05, 6.6870775299321394e-06, 3.765145947909332e-06, 5.232660896581365e-06, 9.278053767047822e-06, 1.0183370250160806e-05, 1.158764735009754e-05, 1.5675841495976783e-05, 1.4595287211705e-05, 1.102602527680574e-05, 1.744728251651395e-05, 1.4869781807647087e-05, 1.1963315955654252e-05, 7.42231577532948e-06, 4.214014552417211e-06, 2.5387685127498116e-06, 2.022662101808237e-06, 1.9527501535776537e-06, 1.497129915151163e-06], "lowlevel.melbands.stdev": [0.013040504418313503, 0.00319496588781476, 0.00198430847376585, 0.0013316981494426727, 0.001028199796564877, 0.0017055032076314092, 0.0012275467161089182, 0.000388685439247638, 0.0006000098073855042, 0.00021773284242954105, 0.00013841970940120518, 0.00013573933392763138, 0.00010147762804990634, 0.00014414753240998834, 0.0001640513801248744, 0.00011357726179994643, 9.70768669503741e-05, 9.002610022434965e-05, 0.00010748542263172567, 7.945658580865711e-05, 5.066113590146415e-05, 3.114783248747699e-05, 1.399028769810684e-05, 5.737454557674937e-06, 1.211417475133203e-05, 2.777791814878583e-05, 2.799981302814558e-05, 3.119710163446143e-05, 4.522299059317447e-05, 4.474737215787172e-05, 2.9051099772914313e-05, 4.355168857728131e-05, 3.6487545003183186e-05, 3.1291041523218155e-05, 1.7835265680332668e-05, 9.741666872287169e-06, 6.5221825025219005e-06, 5.4291990636556875e-06, 5.403059276432032e-06, 3.5714515433937777e-06], "lowlevel.melbands128.mean": [0.0032837800681591034, 0.008841421455144882, 0.005537409335374832, 0.0020001446828246117, 0.0006669312715530396, 0.0004725791222881526, 0.0006367265596054494, 0.0013002677587792277, 0.0013718060217797756, 0.00046377081889659166, 8.682822226546705e-05, 0.00012063760368619114, 0.000431567314080894, 0.0008408839348703623, 0.001075397478416562, 0.000927681801840663, 0.0007233637734316289, 0.0003543102939147502, 0.00010534920147620142, 0.00011155490938108414, 0.00022108937264420092, 0.00038269898504950106, 0.00023031742603052408, 8.826747944112867e-05, 5.807298293802887e-05, 5.2608007536036894e-05, 4.253541919752024e-05, 5.470389805850573e-05, 5.787839836557396e-05, 4.660044578486122e-05, 4.193288623355329e-05, 4.078248093719594e-05, 3.212985029676929e-05, 3.521772669046186e-05, 4.129691660637036e-05, 4.706724939751439e-05, 5.902627162868157e-05, 5.3197243687463924e-05, 3.5955650673713535e-05, 3.383161674719304e-05, 3.787897003348917e-05, 4.3683165131369606e-05, 3.971013939008117e-05, 2.715686605370138e-05, 3.5819564800476655e-05, 3.601936259656213e-05, 4.6277895307866856e-05, 3.9574595575686544e-05, 4.462815559236333e-05, 3.4305674489587545e-05, 2.6233949029119685e-05, 3.3041276765288785e-05, 2.3905500711407512e-05, 1.8508430002839305e-05, 1.7484551790403202e-05, 1.563712430652231e-05, 1.2223384146636818e-05, 6.9664765760535374e-06, 5.429054453998106e-06, 4.190535946690943e-06, 3.349399321450619e-06, 3.6151761833025375e-06, 4.239030204189476e-06, 5.3685907914768904e-06, 7.31276668375358e-06, 9.262530511477962e-06, 1.0331786143069621e-05, 1.1547086614882573e-05, 9.023792699736077e-06, 1.0325251423637383e-05, 1.0917075996985659e-05, 1.3096069778839592e-05, 1.2583675015775952e-05, 1.706117473077029e-05, 1.794466697901953e-05, 1.6644567949697375e-05, 1.2153472198406234e-05, 9.987730663851835e-06, 1.1165459909534547e-05, 1.0874489817069843e-05, 1.638408866710961e-05, 2.203756412200164e-05, 1.6968449926935136e-05, 1.497016546636587e-05, 1.156722464656923e-05, 1.1964091754634865e-05, 1.2737085853586905e-05, 1.0963864951918367e-05, 6.388315341609996e-06, 5.59431646252051e-06, 5.332571163307875e-06, 3.4703718938544625e-06, 3.004327254529926e-06, 2.6594416340230964e-06, 2.124510729117901e-06, 2.0166239664831664e-06, 1.9452213564363774e-06, 2.1559501419687876e-06, 1.9880519630532945e-06, 1.8264156551595079e-06, 1.8189907677879091e-06, 1.4796222558288719e-06, 1.0966354011543444e-06, 8.956594683695585e-07, 7.923080715954711e-07, 8.426376894021814e-07, 7.9069542380239e-07, 6.035473347765219e-07, 4.778385687131959e-07, 4.3449836084619164e-07, 4.767231303048902e-07, 3.6380185974849155e-07, 3.2381103665102273e-07, 3.0024264674466394e-07, 1.8404553259188106e-07, 1.2660251513807452e-07, 2.5613223542109154e-08, 2.2366020147046584e-10, 5.707257583198455e-11, 4.062347246786002e-12, 3.874046916596541e-12, 3.781658580032099e-12, 3.681348628714609e-12, 3.6121763132695994e-12, 3.5352528196530564e-12, 3.4474129280426258e-12, 3.3946365683712454e-12, 3.3711755175608316e-12], "lowlevel.melbands128.stdev": [0.007852754555642605, 0.021083975210785866, 0.013367298059165478, 0.006516888737678528, 0.0028496435843408108, 0.0019516476895660162, 0.0015796999214217067, 0.0027858801186084747, 0.003651185892522335, 0.0012622564099729061, 0.00027862226124852896, 0.0004148721054662019, 0.0015351474285125732, 0.0022448475938290358, 0.0025207146536558867, 0.002318284474313259, 0.002221661852672696, 0.0014173582894727588, 0.0003149946278426796, 0.0003519926394801587, 0.0006198688060976565, 0.0011041521793231368, 0.0008537693647667766, 0.0003383324365131557, 0.0003364532021805644, 0.00022384470503311604, 0.00014146397006697953, 0.00019488301768433303, 0.0002150790096493438, 0.00015474032261408865, 0.0001955930783879012, 0.00020185497123748064, 0.00010464929800946265, 0.00013907902757637203, 0.00016354245599359274, 0.00019501088536344469, 0.00025273917708545923, 0.0002475492947269231, 0.0001644220610614866, 0.00011307970271445811, 0.00015688725397922099, 0.00015667871048208326, 0.00016082185902632773, 7.04318517819047e-05, 9.832475188886747e-05, 0.00012199221964692697, 0.00016530268476344645, 0.00012718081416096538, 0.0001587317674420774, 0.0001095553016057238, 7.505436224164441e-05, 0.00013420602772384882, 5.6750865041976795e-05, 4.4972268369747326e-05, 4.305199036025442e-05, 4.002818604931235e-05, 4.155385249760002e-05, 1.766509740264155e-05, 1.0588785698928405e-05, 8.37829884403618e-06, 5.571362635237165e-06, 6.696621312585194e-06, 8.503330718667712e-06, 1.7175172615679912e-05, 2.4990087695186958e-05, 2.991500878124498e-05, 3.504174674162641e-05, 3.929661397705786e-05, 2.3221209630719386e-05, 2.924966611317359e-05, 3.42975472449325e-05, 3.8264326576609164e-05, 3.398808621568605e-05, 5.292184869176708e-05, 6.0681646573357284e-05, 5.667091318173334e-05, 3.9162572647910565e-05, 3.083896081079729e-05, 3.090203244937584e-05, 2.8299353289185092e-05, 4.20524193032179e-05, 6.187104736454785e-05, 4.5061246055411175e-05, 3.783954889513552e-05, 3.007802297361195e-05, 3.272144022048451e-05, 3.5477907658787444e-05, 3.202134757884778e-05, 1.5066162632138003e-05, 1.3827368093188852e-05, 1.4575305613107048e-05, 7.54664415580919e-06, 8.62214346852852e-06, 7.253886451508151e-06, 6.270309768297011e-06, 5.778601462225197e-06, 5.087277713755611e-06, 6.8199897214071825e-06, 5.823219453304773e-06, 5.277812761050882e-06, 4.622635515261209e-06, 3.55501902049582e-06, 2.83418080471165e-06, 2.210132834079559e-06, 2.056153789453674e-06, 1.8747725789580727e-06, 1.6587114259891678e-06, 1.2636173778446391e-06, 1.1278758620392182e-06, 9.962005833585863e-07, 1.2433866913852398e-06, 9.807644119064207e-07, 8.45899194246158e-07, 9.322909590991912e-07, 5.407092658060719e-07, 4.404251683354232e-07, 8.411714702560857e-08, 1.4473151566107845e-09, 1.1043708170177524e-09, 6.073402197825928e-12, 5.799962940478132e-12, 5.6651948757147075e-12, 5.542103668348952e-12, 5.4411826606870495e-12, 5.359153659040272e-12, 5.2909235152831524e-12, 5.2422957468045706e-12, 5.21240646131349e-12], "lowlevel.mfcc.mean": [-663.8450317382812, 87.41122436523438, 14.7622652053833, 16.700244903564453, -4.45763635635376, 8.221259117126465, -14.721418380737305, -6.316070079803467, -2.93765926361084, -0.0031343174632638693, -4.048300266265869, -1.0213288068771362, 3.8498260974884033], "lowlevel.spectral_contrast_coeffs.mean": [-0.6388000845909119, -0.719200074672699, -0.8038707971572876, -0.7996309995651245, -0.8025444149971008, -0.7440245747566223], "lowlevel.spectral_contrast_coeffs.stdev": [0.11657185852527618, 0.10247286409139633, 0.05928114429116249, 0.06346004456281662, 0.048786818981170654, 0.06188851594924927], "lowlevel.spectral_contrast_valleys.mean": [-7.815768718719482, -7.1025471687316895, -7.725531101226807, -7.796084403991699, -7.737878799438477, -10.0020170211792], "lowlevel.spectral_contrast_valleys.stdev": [0.9498371481895447, 0.6561762094497681, 0.6943061351776123, 0.7038869261741638, 0.747589111328125, 0.9110710024833679], "rhythm.beats_loudness_band_ratio.mean": [0.33602622151374817, 0.16079181432724, 0.14706309139728546, 0.10859078168869019, 0.0742059051990509, 0.22050893306732178], "rhythm.beats_loudness_band_ratio.stdev": [0.36417630314826965, 0.21366699039936066, 0.1653744876384735, 0.20496302843093872, 0.13512356579303741, 0.3394455313682556], "tonal.hpcp.mean": [0.10179570317268372, 0.047671325504779816, 0.04593145102262497, 0.036279309540987015, 0.037959784269332886, 0.051319021731615067, 0.05567712336778641, 0.051830194890499115, 0.05860229209065437, 0.07617159187793732, 0.07363882660865784, 0.07592511922121048, 0.08581101894378662, 0.15335562825202942, 0.20403563976287842, 0.13087856769561768, 0.10356128960847855, 0.1401897519826889, 0.14498765766620636, 0.1372809261083603, 0.1368977278470993, 0.13587677478790283, 0.17168578505516052, 0.1948568969964981, 0.16437928378582, 0.15002751350402832, 0.14450107514858246, 0.14229950308799744, 0.15534742176532745, 0.13862518966197968, 0.09950388967990875, 0.07777897268533707, 0.08317848294973373, 0.10774102061986923, 0.15333420038223267, 0.17272132635116577], "tonal.hpcp.stdev": [0.18940289318561554, 0.12020063400268555, 0.11168640851974487, 0.06006922572851181, 0.07205203175544739, 0.10585629940032959, 0.12250029295682907, 0.13275569677352905, 0.1331556886434555, 0.1926807314157486, 0.16371656954288483, 0.17619837820529938, 0.17560221254825592, 0.2465275228023529, 0.3176670968532562, 0.23065848648548126, 0.20385514199733734, 0.263119101524353, 0.25309714674949646, 0.25540393590927124, 0.2538510859012604, 0.25624579191207886, 0.3120792508125305, 0.316198468208313, 0.2991178035736084, 0.2773049771785736, 0.26775655150413513, 0.25977927446365356, 0.27238255739212036, 0.27041903138160706, 0.212188720703125, 0.16868332028388977, 0.18379411101341248, 0.21328294277191162, 0.26521775126457214, 0.29975178837776184], "rhythm.beats_position": [0.5921088457107544, 1.1842176914215088, 1.7763265371322632, 2.345215320587158, 2.9257142543792725, 3.4829931259155273, 4.040272235870361, 4.6556010246276855, 5.27092981338501, 5.874648571014404, 6.466757297515869, 7.058866024017334, 7.6625847816467285, 8.266304016113281, 8.870022773742676, 9.438911437988281, 10.007800102233887], "rhythm.bpm_histogram": [0.0, 0.0, 0.0, 0.0, 0.0, 0.0, 0.0, 0.0, 0.0, 0.0, 0.0, 0.0, 0.0, 0.0, 0.0, 0.0, 0.0, 0.0, 0.0, 0.0, 0.0, 0.0, 0.0, 0.0, 0.0, 0.0, 0.0, 0.0, 0.0, 0.0, 0.0, 0.0, 0.0, 0.0, 0.0, 0.0, 0.0, 0.0, 0.0, 0.0, 0.0, 0.0, 0.0, 0.0, 0.0, 0.0, 0.0, 0.0, 0.0, 0.0, 0.0, 0.0, 0.0, 0.0, 0.0, 0.0, 0.0, 0.0, 0.0, 0.0, 0.0, 0.0, 0.0, 0.0, 0.0, 0.0, 0.0, 0.0, 0.0, 0.0, 0.0, 0.0, 0.0, 0.0, 0.0, 0.0, 0.0, 0.0, 0.0, 0.0, 0.0, 0.0, 0.0, 0.0, 0.0, 0.0, 0.0, 0.0, 0.0, 0.0, 0.0, 0.0, 0.0, 0.0, 0.0, 0.0, 0.0, 0.0, 0.125, 0.25, 0.0, 0.25, 0.0, 0.0625, 0.0, 0.1875, 0.0, 0.0, 0.125, 0.0, 0.0, 0.0, 0.0, 0.0, 0.0, 0.0, 0.0, 0.0, 0.0, 0.0, 0.0, 0.0, 0.0, 0.0, 0.0, 0.0, 0.0, 0.0, 0.0, 0.0, 0.0, 0.0, 0.0, 0.0, 0.0, 0.0, 0.0, 0.0, 0.0, 0.0, 0.0, 0.0, 0.0, 0.0, 0.0, 0.0, 0.0, 0.0, 0.0, 0.0, 0.0, 0.0, 0.0, 0.0, 0.0, 0.0, 0.0, 0.0, 0.0, 0.0, 0.0, 0.0, 0.0, 0.0, 0.0, 0.0, 0.0, 0.0, 0.0, 0.0, 0.0, 0.0, 0.0, 0.0, 0.0, 0.0, 0.0, 0.0, 0.0, 0.0, 0.0, 0.0, 0.0, 0.0, 0.0, 0.0, 0.0, 0.0, 0.0, 0.0, 0.0, 0.0, 0.0, 0.0, 0.0, 0.0, 0.0, 0.0, 0.0, 0.0, 0.0, 0.0, 0.0, 0.0, 0.0, 0.0, 0.0, 0.0, 0.0, 0.0, 0.0, 0.0, 0.0, 0.0, 0.0, 0.0, 0.0, 0.0, 0.0, 0.0, 0.0, 0.0, 0.0, 0.0, 0.0, 0.0, 0.0, 0.0, 0.0, 0.0, 0.0, 0.0, 0.0, 0.0, 0.0, 0.0, 0.0, 0.0, 0.0, 0.0, 0.0, 0.0, 0.0, 0.0, 0.0, 0.0, 0.0, 0.0, 0.0, 0.0], "tonal.chords_histogram": [3.0567686557769775, 0.0, 0.0, 0.0, 0.0, 0.0, 0.0, 4.366812229156494, 0.0, 0.43668121099472046, 20.524017333984375, 0.0, 0.0, 4.803493499755859, 0.0, 0.0, 0.0, 29.25764274597168, 0.0, 33.187774658203125, 4.366812229156494, 0.0, 0.0, 0.0], "tonal.thpcp": [1.0, 0.6414495706558228, 0.5075647234916687, 0.6870846152305603, 0.7105996608734131, 0.672828197479248, 0.6709500551223755, 0.6659463047981262, 0.8414499759674072, 0.9550140500068665, 0.8056400418281555, 0.7353005409240723, 0.7082148790359497, 0.6974247694015503, 0.7613739371299744, 0.6794165372848511, 0.48767897486686707, 0.3812028765678406, 0.4076664447784424, 0.5280500054359436, 0.7515069246292114, 0.846525251865387, 0.49891138076782227, 0.23364214599132538, 0.2251148372888565, 0.17780868709087372, 0.1860448718070984, 0.2515198886394501, 0.27287939190864563, 0.2540251910686493, 0.2872159481048584, 0.3733249306678772, 0.3609115779399872, 0.37211695313453674, 0.4205687642097473, 0.7516119480133057], "lowlevel.gfcc.cov": [[3421.614013671875, -350.83367919921875, -267.3755798339844, 298.33935546875, -163.410888671875, -174.65499877929688, -202.15835571289062, -172.80335998535156, -5.487504482269287, 28.077226638793945, -145.91075134277344, -101.23518371582031, -50.87588119506836], [-350.83367919921875, 2925.2705078125, 187.04983520507812, -321.7122497558594, 660.5882568359375, 2.1293487548828125, 84.50431823730469, 29.416475296020508, 209.11598205566406, -135.46035766601562, 280.3583679199219, -66.42035675048828, 275.8989562988281], [-267.3755798339844, 187.04983520507812, 908.473876953125, 416.22607421875, 356.4338684082031, 253.90603637695312, 289.8941345214844, 148.8062286376953, 149.7963104248047, 65.19502258300781, 104.22760009765625, 153.3177947998047, 75.6796646118164], [298.33935546875, -321.7122497558594, 416.22607421875, 765.12939453125, 230.3916778564453, 18.30486488342285, 136.71847534179688, 87.06414794921875, 107.34213256835938, 20.991987228393555, -7.087440013885498, 95.38664245605469, 71.65763854980469], [-163.410888671875, 660.5882568359375, 356.4338684082031, 230.3916778564453, 671.0552978515625, 231.5790252685547, 231.2325439453125, 168.82334899902344, 204.61000061035156, 63.382423400878906, 127.13126373291016, 58.27167510986328, 121.27476501464844], [-174.65499877929688, 2.1293487548828125, 253.90603637695312, 18.30486488342285, 231.5790252685547, 384.8858642578125, 322.3656311035156, 134.525634765625, 112.62657165527344, 120.26846313476562, 75.5958480834961, 69.63713836669922, 14.944791793823242], [-202.15835571289062, 84.50431823730469, 289.8941345214844, 136.71847534179688, 231.2325439453125, 322.3656311035156, 598.341064453125, 235.9480743408203, 139.1924591064453, 123.97020721435547, 135.8280792236328, 115.29708099365234, 30.962528228759766], [-172.80335998535156, 29.416475296020508, 148.8062286376953, 87.06414794921875, 168.82334899902344, 134.525634765625, 235.9480743408203, 257.9833068847656, 143.0623016357422, 65.37689971923828, 71.00386810302734, 57.31541061401367, 41.78864288330078], [-5.487504482269287, 209.11598205566406, 149.7963104248047, 107.34213256835938, 204.61000061035156, 112.62657165527344, 139.1924591064453, 143.0623016357422, 236.59425354003906, 83.81172180175781, 87.93252563476562, 57.571624755859375, 81.88057708740234], [28.077226638793945, -135.46035766601562, 65.19502258300781, 20.991987228393555, 63.382423400878906, 120.26846313476562, 123.97020721435547, 65.37689971923828, 83.81172180175781, 170.132080078125, 56.69001007080078, 24.647756576538086, -3.485344648361206], [-145.91075134277344, 280.3583679199219, 104.22760009765625, -7.087440013885498, 127.13126373291016, 75.5958480834961, 135.8280792236328, 71.00386810302734, 87.93252563476562, 56.69001007080078, 174.30604553222656, 82.43470001220703, 70.6199951171875], [-101.23518371582031, -66.42035675048828, 153.3177947998047, 95.38664245605469, 58.27167510986328, 69.63713836669922, 115.29708099365234, 57.31541061401367, 57.571624755859375, 24.647756576538086, 82.43470001220703, 198.75038146972656, 73.38218688964844], [-50.87588119506836, 275.8989562988281, 75.6796646118164, 71.65763854980469, 121.27476501464844, 14.944791793823242, 30.962528228759766, 41.78864288330078, 81.88057708740234, -3.485344648361206, 70.6199951171875, 73.38218688964844, 155.72071838378906]], "lowlevel.gfcc.icov": [[0.00035922223469242454, -5.9779631556011736e-05, 0.00019264321599621326, -0.0003145405789837241, 0.00011781385546782985, -4.55492663604673e-05, 2.6097282898263074e-05, 0.0002620277227833867, -0.00020663741452153772, -0.0002394374751020223, 0.0002023400302277878, 1.9684017388499342e-05, 0.00011376369366189465], [-5.9779631556011736e-05, 0.001149117131717503, -0.0004842883790843189, 0.0011482088593766093, -0.0011935756774619222, 0.0010622257832437754, -0.0007156609790399671, 0.0009124556090682745, -0.0007774185505695641, 0.0013718147529289126, -0.0011108709732070565, 0.0012988325906917453, -0.0012922442983835936], [0.00019264321599621326, -0.0004842883790843189, 0.0023805887904018164, -0.0016105764079838991, 0.00017767402459867299, -0.00159199140034616, 0.0004233679792378098, -0.0002677911543287337, 0.00020950447651557624, -0.00015298655489459634, -0.0001238733675563708, -0.0011455818312242627, 0.0009896940318867564], [-0.0003145405789837241, 0.0011482088593766093, -0.0016105764079838991, 0.003708364674821496, -0.0018810238689184189, 0.002719074720516801, -0.001526758773252368, 0.0009055049740709364, -0.00109007116407156, 0.0008365769172087312, 0.0008058785460889339, 0.0004441833880264312, -0.0017791761783882976], [0.00011781385546782985, -0.0011935756774619222, 0.00017767402459867299, -0.0018810238689184189, 0.004262193106114864, -0.002703695325180888, 0.0010945680551230907, -0.0013424447970464826, -0.0002271257108077407, -0.0005875296192243695, -0.00019124904065392911, 2.1529223886318505e-05, 0.00019802899623755366], [-4.55492663604673e-05, 0.0010622257832437754, -0.00159199140034616, 0.002719074720516801, -0.002703695325180888, 0.008262376300990582, -0.0037087646778672934, 0.0014698451850563288, -0.0012102280743420124, -0.0014517508680000901, 0.0013257873943075538, 0.00015181396156549454, -0.0007876807940192521], [2.6097282898263074e-05, -0.0007156609790399671, 0.0004233679792378098, -0.001526758773252368, 0.0010945680551230907, -0.0037087646778672934, 0.005100905429571867, -0.0032420672941952944, 0.001410269527696073, -0.0007823249907232821, -0.0015657577896490693, -0.0011228540679439902, 0.001612760708667338], [0.0002620277227833867, 0.0009124556090682745, -0.0002677911543287337, 0.0009055049740709364, -0.0013424447970464826, 0.0014698451850563288, -0.0032420672941952944, 0.009011862799525261, -0.004458801355212927, 0.0011302874190732837, -8.523610449628904e-05, 0.0007995979976840317, -0.0006552476552315056], [-0.00020663741452153772, -0.0007774185505695641, 0.00020950447651557624, -0.00109007116407156, -0.0002271257108077407, -0.0012102280743420124, 0.001410269527696073, -0.004458801355212927, 0.010296253487467766, -0.0037516995798796415, -0.0005534825031645596, -0.000572975492104888, -0.002058045007288456], [-0.0002394374751020223, 0.0013718147529289126, -0.00015298655489459634, 0.0008365769172087312, -0.0005875296192243695, -0.0014517508680000901, -0.0007823249907232821, 0.0011302874190732837, -0.0037516995798796415, 0.011293320916593075, -0.004100826568901539, 0.001956032356247306, 0.0007932152366265655], [0.0002023400302277878, -0.0011108709732070565, -0.0001238733675563708, 0.0008058785460889339, -0.00019124904065392911, 0.0013257873943075538, -0.0015657577896490693, -8.523610449628904e-05, -0.0005534825031645596, -0.004100826568901539, 0.012817068956792355, -0.004088814835995436, -0.0016069603152573109], [1.9684017388499342e-05, 0.0012988325906917453, -0.0011455818312242627, 0.0004441833880264312, 2.1529223886318505e-05, 0.00015181396156549454, -0.0011228540679439902, 0.0007995979976840317, -0.000572975492104888, 0.001956032356247306, -0.004088814835995436, 0.009733720682561398, -0.004352671559900045], [0.00011376369366189465, -0.0012922442983835936, 0.0009896940318867564, -0.0017791761783882976, 0.00019802899623755366, -0.0007876807940192521, 0.001612760708667338, -0.0006552476552315056, -0.002058045007288456, 0.0007932152366265655, -0.0016069603152573109, -0.004352671559900045, 0.012742566876113415]], "lowlevel.mfcc.cov": [[3790.21923828125, -663.3985595703125, -293.2480773925781, 175.8418426513672, -165.14158630371094, -51.82490158081055, -327.4562072753906, -267.6813049316406, -116.96475219726562, 31.833337783813477, -169.50860595703125, -176.26406860351562, -68.33815002441406], [-663.3985595703125, 2850.2763671875, -152.28700256347656, -165.9260711669922, 421.6452331542969, 11.106639862060547, 183.1967315673828, 86.91905212402344, 29.987224578857422, 106.93148040771484, -76.3034439086914, 116.68727111816406, 101.94076538085938], [-293.2480773925781, -152.28700256347656, 619.1412963867188, 243.8385467529297, 79.55508422851562, 153.40965270996094, 97.01611328125, 145.70562744140625, 88.73560333251953, -26.471433639526367, 90.55171966552734, 47.86589431762695, 69.88719177246094], [175.8418426513672, -165.9260711669922, 243.8385467529297, 697.0343627929688, 228.30645751953125, 93.7898941040039, 47.514259338378906, 138.36451721191406, 111.55978393554688, 12.504378318786621, 5.226293563842773, -9.698826789855957, 80.07229614257812], [-165.14158630371094, 421.6452331542969, 79.55508422851562, 228.30645751953125, 524.1242065429688, 94.72444915771484, 17.57928466796875, 68.1773681640625, 105.25961303710938, 47.09375, -2.150132417678833, 20.042158126831055, 60.91461181640625], [-51.82490158081055, 11.106639862060547, 153.40965270996094, 93.7898941040039, 94.72444915771484, 330.4875793457031, 183.9751434326172, 120.565673828125, 110.94084930419922, 59.60197067260742, 152.46334838867188, 56.27065658569336, 10.225654602050781], [-327.4562072753906, 183.1967315673828, 97.01611328125, 47.514259338378906, 17.57928466796875, 183.9751434326172, 347.8842468261719, 193.65623474121094, 119.91473388671875, 96.95188903808594, 156.68800354003906, 120.98949432373047, 27.30677032470703], [-267.6813049316406, 86.91905212402344, 145.70562744140625, 138.36451721191406, 68.1773681640625, 120.565673828125, 193.65623474121094, 320.9253234863281, 155.8104705810547, 44.098087310791016, 132.54498291015625, 82.42080688476562, 76.08409881591797], [-116.96475219726562, 29.987224578857422, 88.73560333251953, 111.55978393554688, 105.25961303710938, 110.94084930419922, 119.91473388671875, 155.8104705810547, 228.48960876464844, 101.73274230957031, 108.91957092285156, 74.9471435546875, 53.410491943359375], [31.833337783813477, 106.93148040771484, -26.471433639526367, 12.504378318786621, 47.09375, 59.60197067260742, 96.95188903808594, 44.098087310791016, 101.73274230957031, 195.54588317871094, 100.06961822509766, 61.194419860839844, 28.635101318359375], [-169.50860595703125, -76.3034439086914, 90.55171966552734, 5.226293563842773, -2.150132417678833, 152.46334838867188, 156.68800354003906, 132.54498291015625, 108.91957092285156, 100.06961822509766, 237.91636657714844, 107.79956817626953, 32.360191345214844], [-176.26406860351562, 116.68727111816406, 47.86589431762695, -9.698826789855957, 20.042158126831055, 56.27065658569336, 120.98949432373047, 82.42080688476562, 74.9471435546875, 61.194419860839844, 107.79956817626953, 144.02713012695312, 66.97410583496094], [-68.33815002441406, 101.94076538085938, 69.88719177246094, 80.07229614257812, 60.91461181640625, 10.225654602050781, 27.30677032470703, 76.08409881591797, 53.410491943359375, 28.635101318359375, 32.360191345214844, 66.97410583496094, 136.9087677001953]], "lowlevel.mfcc.icov": [[0.00035320353345014155, 4.6653818571940064e-05, 0.0001831921690609306, -0.0002030117902904749, 0.00019599565712269396, -0.00034575958852656186, 0.0003899869043380022, 4.241134593030438e-05, 9.033005335368216e-05, -0.0003672438324429095, 0.00026103618438355625, -3.918539277947275e-06, -1.415948736394057e-05], [4.6653818571940064e-05, 0.0005382306990213692, 0.00010839685273822397, 0.0002844806876964867, -0.0005053664790466428, -3.6302099033491686e-05, -0.0003447967756073922, -0.00020808668341487646, 0.000334192649461329, -0.00034425381454639137, 0.0006990391411818564, -0.0003396823303773999, -0.00024464441230520606], [0.0001831921690609306, 0.00010839685273822397, 0.0024069370701909065, -0.0006626351387239993, 0.00010605496936477721, -0.0008633602410554886, 0.00012923544272780418, -0.00017830217257142067, -0.0001319768198300153, 0.0008690246613696218, -0.0003245162661187351, -0.0001047183177433908, -0.0007421157788485289], [-0.0002030117902904749, 0.0002844806876964867, -0.0006626351387239993, 0.002446478931233287, -0.0010287517216056585, 9.838965343078598e-05, -0.0006218175985850394, -0.0005619651055894792, -0.0003226001572329551, -4.6046767238294706e-05, 0.0006228472338989377, 0.001065047923475504, -0.001051795668900013], [0.00019599565712269396, -0.0005053664790466428, 0.00010605496936477721, -0.0010287517216056585, 0.0032513896003365517, -0.0012285509146749973, 0.0012733412440866232, 6.131286500021815e-05, -0.000978123745881021, -0.0004657699028030038, 0.0006884870235808194, -0.0002576480037532747, -0.00017895495693664998], [-0.00034575958852656186, -3.6302099033491686e-05, -0.0008633602410554886, 9.838965343078598e-05, -0.0012285509146749973, 0.006570290308445692, -0.0031860836315900087, 0.0010847295634448528, -0.0012159295147284865, 0.0013796822167932987, -0.0037575357127934694, 0.002287797862663865, 0.000280925800325349], [0.0003899869043380022, -0.0003447967756073922, 0.00012923544272780418, -0.0006218175985850394, 0.0012733412440866232, -0.0031860836315900087, 0.008437340147793293, -0.003534433664754033, 0.0009665659163147211, -0.0024573756381869316, 0.0010225073201581836, -0.004954664967954159, 0.003020835341885686], [4.241134593030438e-05, -0.00020808668341487646, -0.00017830217257142067, -0.0005619651055894792, 6.131286500021815e-05, 0.0010847295634448528, -0.003534433664754033, 0.007915989495813847, -0.0036958411801606417, 0.002817588159814477, -0.002993693808093667, 0.0025644421111792326, -0.002901086350902915], [9.033005335368216e-05, 0.000334192649461329, -0.0001319768198300153, -0.0003226001572329551, -0.000978123745881021, -0.0012159295147284865, 0.0009665659163147211, -0.0036958411801606417, 0.009773891419172287, -0.003973622806370258, 0.0005821299273520708, -0.002253738697618246, 0.00042245403164997697], [-0.0003672438324429095, -0.00034425381454639137, 0.0008690246613696218, -4.6046767238294706e-05, -0.0004657699028030038, 0.0013796822167932987, -0.0024573756381869316, 0.002817588159814477, -0.003973622806370258, 0.009801570326089859, -0.004208747763186693, 0.0012297624489292502, -0.001421813271008432], [0.00026103618438355625, 0.0006990391411818564, -0.0003245162661187351, 0.0006228472338989377, 0.0006884870235808194, -0.0037575357127934694, 0.0010225073201581836, -0.002993693808093667, 0.0005821299273520708, -0.004208747763186693, 0.012295633554458618, -0.0063863033428788185, 0.0017162838485091925], [-3.918539277947275e-06, -0.0003396823303773999, -0.0001047183177433908, 0.001065047923475504, -0.0002576480037532747, 0.002287797862663865, -0.004954664967954159, 0.0025644421111792326, -0.002253738697618246, 0.0012297624489292502, -0.0063863033428788185, 0.01808771677315235, -0.0075284261256456375], [-1.415948736394057e-05, -0.00024464441230520606, -0.0007421157788485289, -0.001051795668900013, -0.00017895495693664998, 0.000280925800325349, 0.003020835341885686, -0.002901086350902915, 0.00042245403164997697, -0.001421813271008432, 0.0017162838485091925, -0.0075284261256456375, 0.012951266020536423]], "metadata.audio_properties.analysis.downmix": "mix", "metadata.audio_properties.codec": "mp3", "metadata.audio_properties.md5_encoded": "ea1da5920973f45156385e6cd45e9f4a", "metadata.tags.file_name": "1183694295753040002.mp3", "metadata.version.essentia": "2.1-beta6-dev", "metadata.version.essentia_git_sha": "v2.1_beta5-1110-g77a6a954", "metadata.version.extractor": "music 2.0", "tonal.chords_key": "Ab", "tonal.chords_scale": "major", "tonal.key_edma.key": "D", "tonal.key_edma.scale": "minor", "tonal.key_krumhansl.key": "D", "tonal.key_krumhansl.scale": "minor", "tonal.key_temperley.key": "D", "tonal.key_temperley.scale": "minor", "metadata.tags.encoding": ["Lavf58.45.100"]}, "essentia_models": [{"model_name": "genre_dortmund", "activations": {"alternative": "0.00035780563", "blues": "6.421458e-05", "electronic": "0.00026698734", "folkcountry": "6.514423e-05", "funksoulrnb": "0.00069134025", "jazz": "6.2426836e-05", "pop": "0.00025710848", "raphiphop": "0.99946094", "rock": "0.0005109577"}}, {"model_name": "genre_rosamerica", "activations": {"classic": "0.00017190026", "dance": "1.4407234e-06", "hip hop": "0.9869356", "jazz": "9.126288e-06", "pop": "0.00029992638", "rhythm and blues": "0.0010125624", "rock": "0.00011374341", "speech": "0.014744792"}}, {"model_name": "genre_tzanetakis", "activations": {"blues": "0.00027275443", "classic": "7.238049e-05", "country": "7.859993e-05", "disco": "0.00013194152", "hip hop": "0.9543986", "jazz": "2.1808626e-06", "metal": "2.792998e-05", "pop": "0.00013148517", "reggae": "0.029235983", "rock": "0.00051498535"}}, {"model_name": "genre_electronic", "activations": {"ambient": "0.11466053", "dnb": "0.49026617", "house": "0.3634161", "techno": "0.39674875", "trance": "0.012778603"}}, {"model_name": "mood_acoustic", "activations": {"acoustic": "6.5