{"song_id": "1183704372480327741", "download": "https://cdn.discordapp.com/attachments/1128313332273782784/1183704372480327741/chirp.mp4?ex=65894d9a&amp", "lyrics": "[Verse 1]\nIn the jungle, let's explore\nAnimals playing, such a roar\nWe dance with monkeys and parrots too\nLaughing together, me and you\n\n[Chorus]\nAnimals, animals, all around\nSpinning, jumping, making joyful sounds\nWe're the best of friends, hand in hand\nHaving fun in our magical land", "style": ["Folk</span><span>, acoustic guitar and Female vocalist</span><span>, folk</span><span>, like Judy collins"], "essentia_features": {"lowlevel.average_loudness": 0.8785661458969116, "lowlevel.barkbands_crest.mean": 14.674941062927246, "lowlevel.barkbands_crest.stdev": 4.714237213134766, "lowlevel.barkbands_flatness_db.mean": 0.2634238302707672, "lowlevel.barkbands_flatness_db.stdev": 0.07520204782485962, "lowlevel.barkbands_kurtosis.mean": 13.3296480178833, "lowlevel.barkbands_kurtosis.stdev": 20.074764251708984, "lowlevel.barkbands_skewness.mean": 2.000446319580078, "lowlevel.barkbands_skewness.stdev": 1.772850513458252, "lowlevel.barkbands_spread.mean": 7.619775772094727, "lowlevel.barkbands_spread.stdev": 11.59007453918457, "lowlevel.dissonance.mean": 0.3393421173095703, "lowlevel.dissonance.stdev": 0.07332146167755127, "lowlevel.dynamic_complexity": 3.257763624191284, "lowlevel.erbbands_crest.mean": 16.18753433227539, "lowlevel.erbbands_crest.stdev": 5.756794452667236, "lowlevel.erbbands_flatness_db.mean": 0.29374340176582336, "lowlevel.erbbands_flatness_db.stdev": 0.07238176465034485, "lowlevel.erbbands_kurtosis.mean": 8.274712562561035, "lowlevel.erbbands_kurtosis.stdev": 15.638033866882324, "lowlevel.erbbands_skewness.mean": 1.5126925706863403, "lowlevel.erbbands_skewness.stdev": 1.5136239528656006, "lowlevel.erbbands_spread.mean": 13.58620548248291, "lowlevel.erbbands_spread.stdev": 16.9504337310791, "lowlevel.hfc.mean": 14.781085014343262, "lowlevel.hfc.stdev": 14.619811058044434, "lowlevel.loudness_ebu128.integrated": -18.7103214263916, "lowlevel.loudness_ebu128.loudness_range": 2.991331100463867, "lowlevel.loudness_ebu128.momentary.mean": -19.43278694152832, "lowlevel.loudness_ebu128.momentary.stdev": 2.703547716140747, "lowlevel.loudness_ebu128.short_term.mean": -18.86514663696289, "lowlevel.loudness_ebu128.short_term.stdev": 0.9948268532752991, "lowlevel.melbands_crest.mean": 17.363157272338867, "lowlevel.melbands_crest.stdev": 5.322786808013916, "lowlevel.melbands_flatness_db.mean": 0.3349331319332123, "lowlevel.melbands_flatness_db.stdev": 0.08197187632322311, "lowlevel.melbands_kurtosis.mean": 14.95392894744873, "lowlevel.melbands_kurtosis.stdev": 25.174083709716797, "lowlevel.melbands_skewness.mean": 1.9112175703048706, "lowlevel.melbands_skewness.stdev": 1.8215081691741943, "lowlevel.melbands_spread.mean": 9.363280296325684, "lowlevel.melbands_spread.stdev": 17.425968170166016, "lowlevel.pitch_salience.mean": 0.463113933801651, "lowlevel.pitch_salience.stdev": 0.12005642056465149, "lowlevel.silence_rate_20dB.mean": 1.0, "lowlevel.silence_rate_20dB.stdev": 0.0, "lowlevel.silence_rate_30dB.mean": 0.9958187937736511, "lowlevel.silence_rate_30dB.stdev": 0.06452751159667969, "lowlevel.silence_rate_60dB.mean": 0.1282230019569397, "lowlevel.silence_rate_60dB.stdev": 0.3343353271484375, "lowlevel.spectral_centroid.mean": 683.7608032226562, "lowlevel.spectral_centroid.stdev": 424.0738220214844, "lowlevel.spectral_complexity.mean": 6.604877948760986, "lowlevel.spectral_complexity.stdev": 2.898146390914917, "lowlevel.spectral_decrease.mean": -5.401480596134434e-09, "lowlevel.spectral_decrease.stdev": 4.829726840682724e-09, "lowlevel.spectral_energy.mean": 0.021727126091718674, "lowlevel.spectral_energy.stdev": 0.019426735118031502, "lowlevel.spectral_energyband_high.mean": 0.00015032674127724022, "lowlevel.spectral_energyband_high.stdev": 0.000373389630112797, "lowlevel.spectral_energyband_low.mean": 3.5162331187166274e-05, "lowlevel.spectral_energyband_low.stdev": 6.002483860356733e-05, "lowlevel.spectral_energyband_middle_high.mean": 0.007256507873535156, "lowlevel.spectral_energyband_middle_high.stdev": 0.012626326642930508, "lowlevel.spectral_energyband_middle_low.mean": 0.014556851238012314, "lowlevel.spectral_energyband_middle_low.stdev": 0.01378893107175827, "lowlevel.spectral_entropy.mean": 6.0956950187683105, "lowlevel.spectral_entropy.stdev": 0.8209887146949768, "lowlevel.spectral_flux.mean": 0.04614860191941261, "lowlevel.spectral_flux.stdev": 0.03689990192651749, "lowlevel.spectral_kurtosis.mean": 19.57115364074707, "lowlevel.spectral_kurtosis.stdev": 18.27853775024414, "lowlevel.spectral_rms.mean": 0.004135179799050093, "lowlevel.spectral_rms.stdev": 0.002024223795160651, "lowlevel.spectral_rolloff.mean": 1109.294921875, "lowlevel.spectral_rolloff.stdev": 1742.75439453125, "lowlevel.spectral_skewness.mean": 3.4006505012512207, "lowlevel.spectral_skewness.stdev": 1.484837532043457, "lowlevel.spectral_spread.mean": 4090831.0, "lowlevel.spectral_spread.stdev": 2678358.25, "lowlevel.spectral_strongpeak.mean": 1.9626675844192505, "lowlevel.spectral_strongpeak.stdev": 1.7005650997161865, "lowlevel.zerocrossingrate.mean": 0.04490077868103981, "lowlevel.zerocrossingrate.stdev": 0.04364116117358208, "metadata.audio_properties.analysis.equal_loudness": 0.0, "metadata.audio_properties.analysis.length": 33.27895736694336, "metadata.audio_properties.analysis.sample_rate": 44100.0, "metadata.audio_properties.analysis.start_time": 0.0, "metadata.audio_properties.bit_rate": 123412.0, "metadata.audio_properties.length": 33.279998779296875, "metadata.audio_properties.lossless": 0.0, "metadata.audio_properties.number_channels": 1.0, "metadata.audio_properties.replay_gain": -9.31479263305664, "metadata.audio_properties.sample_rate": 48000.0, "rhythm.beats_count": 65.0, "rhythm.beats_loudness.mean": 0.0423622652888298, "rhythm.beats_loudness.stdev": 0.025418385863304138, "rhythm.bpm": 118.05127716064453, "rhythm.bpm_histogram_first_peak_bpm": 117.0, "rhythm.bpm_histogram_first_peak_weight": 0.21875, "rhythm.bpm_histogram_second_peak_bpm": 0.0, "rhythm.bpm_histogram_second_peak_spread": 0.0, "rhythm.bpm_histogram_second_peak_weight": 0.0, "rhythm.danceability": 1.2612322568893433, "rhythm.onset_rate": 4.264595031738281, "tonal.chords_changes_rate": 0.05013927444815636, "tonal.chords_number_rate": 0.013927577063441277, "tonal.chords_strength.mean": 0.503038763999939, "tonal.chords_strength.stdev": 0.08205680549144745, "tonal.hpcp_crest.mean": 22.963573455810547, "tonal.hpcp_crest.stdev": 8.58648681640625, "tonal.hpcp_entropy.mean": 0.9799174666404724, "tonal.hpcp_entropy.stdev": 0.6168588995933533, "tonal.key_edma.strength": 0.6594970226287842, "tonal.key_krumhansl.strength": 0.6388134956359863, "tonal.key_temperley.strength": 0.6485962271690369, "tonal.tuning_diatonic_strength": 0.4536634087562561, "tonal.tuning_equal_tempered_deviation": 0.01061972789466381, "tonal.tuning_frequency": 440.5086364746094, "tonal.tuning_nontempered_energy_ratio": 0.5894757509231567, "lowlevel.barkbands.mean": [1.0355312042520382e-05, 1.3407993719738442e-05, 7.859824108891189e-06, 2.4619752366561443e-05, 0.002034052973613143, 0.004367469344288111, 0.00455961050465703, 0.0015563549241051078, 0.001573793706484139, 0.0025390468072146177, 0.003549946239218116, 0.0007085463148541749, 0.0002678513992577791, 0.0002142536104656756, 5.38493950443808e-05, 3.6040211853105575e-05, 2.179454531869851e-05, 1.9239851098973304e-05, 1.0621546607580967e-05, 1.5740884919068776e-05, 1.245100429514423e-05, 1.5705734767834656e-05, 2.3414153474732302e-05, 3.0416333174798638e-05, 2.7359505111235194e-05, 2.7148342269356363e-05, 6.1939863371662796e-06], "lowlevel.barkbands.stdev": [3.1686449801782146e-05, 2.4948527425294742e-05, 1.9398838048800826e-05, 8.461104152956977e-05, 0.005392269231379032, 0.0059919157065451145, 0.0065797301940619946, 0.004813691601157188, 0.003518723649904132, 0.008534078486263752, 0.007025173399597406, 0.0027153666596859694, 0.0010835989378392696, 0.000644950196146965, 0.00017890681920107454, 0.00012202595098642632, 5.79157131141983e-05, 5.125232564751059e-05, 2.5411729438928887e-05, 3.755888610612601e-05, 2.984878301504068e-05, 3.795990051003173e-05, 8.04466035333462e-05, 0.00011678053851937875, 8.922575216274709e-05, 7.715984247624874e-05, 1.5166707271419e-05], "lowlevel.erbbands.mean": [0.0005147395422682166, 0.002690365072339773, 0.009381460957229137, 0.06339026987552643, 1.0886560678482056, 9.975515365600586, 23.567106246948242, 34.52063751220703, 51.85311508178711, 74.00282287597656, 30.31686019897461, 28.156091690063477, 66.5088882446289, 142.768310546875, 68.30156707763672, 26.82915687561035, 15.915170669555664, 13.314080238342285, 3.910836696624756, 2.756589651107788, 1.8779942989349365, 1.3719367980957031, 1.1497821807861328, 0.6274141669273376, 0.7112886309623718, 0.6639334559440613, 0.5764733552932739, 0.42360490560531616, 0.5191973447799683, 0.6733804941177368, 0.6433997750282288, 0.6045835614204407, 0.5342399477958679, 0.3702581524848938, 0.1507883369922638, 0.06627684086561203, 0.05731726065278053, 0.020362749695777893, 0.0005981731810607016, 3.7103978684172034e-05], "lowlevel.erbbands.stdev": [0.0010315470863133669, 0.0054723904468119144, 0.02087683603167534, 0.15523377060890198, 3.1538302898406982, 27.28871726989746, 42.29234313964844, 49.983821868896484, 81.06735229492188, 131.94778442382812, 62.83797836303711, 61.09200668334961, 202.21792602539062, 296.07666015625, 156.6233673095703, 92.8428726196289, 52.5043830871582, 36.74969482421875, 12.754146575927734, 6.84275484085083, 6.564031600952148, 3.463966131210327, 3.1860718727111816, 1.416968584060669, 1.6435620784759521, 1.7301474809646606, 1.2942408323287964, 1.0621521472930908, 1.2838515043258667, 1.7898138761520386, 2.4111366271972656, 2.3245983123779297, 2.094785451889038, 1.3394367694854736, 0.4610341191291809, 0.18805669248104095, 0.16300027072429657, 0.051854848861694336, 0.001438591629266739, 3.7010737287346274e-05], "lowlevel.gfcc.mean": [-111.76831817626953, 85.43841552734375, -113.4390869140625, -55.91899108886719, -98.33670806884766, -7.216240882873535, -38.312801361083984, -4.075784683227539, -23.355112075805664, 7.741346836090088, -6.451314926147461, 15.332585334777832, -2.8726766109466553], "lowlevel.melbands.mean": [4.626361715054372e-06, 4.423891368787736e-06, 2.588056850072462e-05, 0.00035399635089561343, 0.0007467230898328125, 0.000821801251731813, 0.0008462132536806166, 0.0007117885979823768, 0.00024865157320164144, 0.0001798226439859718, 0.00034152972511947155, 0.0005696098087355494, 0.00032103710691444576, 8.100732520688325e-05, 5.7763805671129376e-05, 2.9495566195691936e-05, 2.4181412300094962e-05, 5.67753386349068e-06, 5.259396857582033e-06, 2.830984385582269e-06, 1.7514778392069275e-06, 1.4972331427998142e-06, 1.04447872217861e-06, 8.607821087025513e-07, 4.610415373917931e-07, 4.4054456793674035e-07, 5.82061545628676e-07, 4.133233630909672e-07, 3.478818655366922e-07, 3.3429401469220466e-07, 2.138207690904892e-07, 2.6954927534461603e-07, 3.5498902661856846e-07, 3.8491978671117977e-07, 3.4650727798180014e-07, 4.0951803725874925e-07, 3.5560373135012924e-07, 3.5823023836201173e-07, 4.157298292284395e-07, 2.7481098641146673e-07], "lowlevel.melbands.stdev": [8.562958100810647e-06, 9.392651008965913e-06, 8.854798943502828e-05, 0.0009549222304485738, 0.0012985754292458296, 0.0011057837400585413, 0.0011980674462392926, 0.0014215008122846484, 0.0006063644541427493, 0.000424883677624166, 0.0011209381045773625, 0.001208839239552617, 0.000627894711215049, 0.00035115660284645855, 0.00019181755487807095, 0.00013922867947258055, 7.651392661500722e-05, 2.6779014660860412e-05, 1.9085984604316764e-05, 8.406646884395741e-06, 6.430968824133743e-06, 4.004035872640088e-06, 3.1006711651571095e-06, 2.5185884169331985e-06, 1.136013338509656e-06, 1.0645027259670314e-06, 1.4955054439269588e-06, 1.2220191365486244e-06, 8.322630833390576e-07, 7.756992772556259e-07, 6.137673267403443e-07, 7.18380476882885e-07, 9.000664249469992e-07, 1.0988087524310686e-06, 1.3472864566210774e-06, 1.5750574675621465e-06, 1.4216950603440637e-06, 1.4651685660282965e-06, 1.6305104963976191e-06, 9.908502534017316e-07], "lowlevel.melbands128.mean": [5.23158132637036e-06, 4.7975040615710896e-06, 4.307923518354073e-06, 4.407130290928762e-06, 4.200147486699279e-06, 3.87049522032612e-06, 7.378502232313622e-06, 1.4418125829251949e-05, 6.753430352546275e-05, 0.0002594787802081555, 0.0006591112469322979, 0.0005893786437809467, 0.0008523621363565326, 0.0009159069741144776, 0.0005821172962896526, 0.000957887910772115, 0.0009000283316709101, 0.000625043991021812, 0.0010886312229558825, 0.0009876929689198732, 0.00045614351984113455, 8.086413436103612e-05, 0.0002966540341731161, 0.0003421370929572731, 8.609046199126169e-05, 0.00018075780826620758, 0.00020287417282816023, 0.0002840199158526957, 0.0006289450102485716, 0.0002445771242491901, 0.0008641986642032862, 0.000621250132098794, 0.00022128697310108691, 0.00015206086391117424, 9.716745262267068e-05, 4.7160119720501825e-05, 6.109783134888858e-05, 0.00010224586731055751, 1.1220611668250058e-05, 3.2517273211851716e-05, 3.603192817536183e-05, 1.9721739590750076e-05, 3.3533120586071163e-05, 1.8887074475060217e-05, 9.762719855643809e-06, 3.0115354547888273e-06, 1.4102593013376463e-06, 1.0170009772991762e-05, 3.3147241538245e-06, 2.035509396591806e-06, 3.029668050658074e-06, 3.6622666357288836e-06, 2.2447543415182736e-06, 8.623962912679417e-07, 7.586442620777234e-07, 2.3407505977957044e-06, 1.1884022796948557e-06, 7.320031727431342e-07, 1.1732139455489232e-06, 1.3882068969905959e-06, 7.5239171337671e-07, 5.065099912826554e-07, 6.549516342602146e-07, 3.028527544302051e-07, 4.5117866420696373e-07, 4.245498814725579e-07, 3.39667366233698e-07, 8.555808221899497e-07, 5.39906750418595e-07, 3.50338353882762e-07, 5.134689331498521e-07, 3.625557383202249e-07, 3.635620373643178e-07, 3.186864319104643e-07, 3.570075932657346e-07, 4.219496361201891e-07, 2.86827912532317e-07, 1.9835221110042767e-07, 2.1839667851963895e-07, 1.9257500127878302e-07, 2.767858120478195e-07, 2.72021225100616e-07, 3.1882746043265797e-07, 3.8078121633589035e-07, 3.7570993072222336e-07, 3.744054311027867e-07, 4.112311273729574e-07, 3.454110810707789e-07, 3.3057480663956085e-07, 3.394301586467918e-07, 4.491298284392542e-07, 4.0216002616944024e-07, 3.8867878515702614e-07, 2.930010509771819e-07, 4.167142719779804e-07, 3.760890194826061e-07, 3.2127175586538215e-07, 3.389535834230628e-07, 5.042770112595463e-07, 3.9547254004901333e-07, 3.2067808319879987e-07, 2.624312003263185e-07, 2.061869963654317e-07, 2.2988217551755952e-07, 1.7343562319638295e-07, 1.2163482665528136e-07, 1.1102233798965244e-07, 9.431102654389178e-08, 8.516850869000336e-08, 1.314659812123864e-07, 1.4041488327620755e-07, 1.6939617353273206e-07, 1.8706870719142898e-07, 2.152839329028211e-07, 2.3369197776901274e-07, 2.1963886354114948e-07, 1.9147969965160883e-07, 8.187228672795754e-08, 8.524176919877391e-09, 1.2559563632164039e-11, 5.859420153936368e-12, 3.361107616187131e-12, 3.1805892555109017e-12, 3.1125937331039077e-12, 3.009694923838957e-12, 2.8764787860652286e-12, 2.7981924503178712e-12, 2.774634038152368e-12], "lowlevel.melbands128.stdev": [1.4520227523462381e-05, 1.0663214197847992e-05, 8.690172762726434e-06, 1.0087061127705965e-05, 1.1059913958888501e-05, 9.782599590835162e-06, 2.04911339096725e-05, 5.8986224757973105e-05, 0.00031093150028027594, 0.0007749000797048211, 0.0019862386398017406, 0.0019446006044745445, 0.0017151969950646162, 0.0020052045583724976, 0.0011287016095593572, 0.001906479592435062, 0.0020930729806423187, 0.001163285574875772, 0.002063904656097293, 0.002007089788094163, 0.001852774410508573, 0.0002678846940398216, 0.0008494496578350663, 0.001046139863319695, 0.000281367712887004, 0.0006784491124562919, 0.0007901235367171466, 0.0013450764818117023, 0.0027402041014283895, 0.0010343840112909675, 0.0022598758805543184, 0.0013229219475761056, 0.0007712881197221577, 0.0008229150553233922, 0.0006726013962179422, 0.000302236236166209, 0.00041653821244835854, 0.00036013906355947256, 4.249960329616442e-05, 0.00020411887089721859, 0.0001891861465992406, 0.0001094133549486287, 0.00012608242104761302, 7.137818465707824e-05, 6.719465454807505e-05, 2.2207648726180196e-05, 4.2142660277022514e-06, 4.295879989513196e-05, 1.031016836350318e-05, 7.0247774601739366e-06, 1.1414598702685907e-05, 2.222764669568278e-05, 9.32393959374167e-06, 3.3431088013458066e-06, 3.0445223728747806e-06, 7.915808964753523e-06, 4.667289886128856e-06, 4.183594228379661e-06, 4.4260673348617274e-06, 5.194587174628396e-06, 4.043534772790736e-06, 1.6553894965909421e-06, 2.2985177565715276e-06, 8.973474336926301e-07, 1.948701310539036e-06, 1.2950445125170518e-06, 1.1343555570419994e-06, 2.5858385015453678e-06, 1.6548818848605151e-06, 1.0812601658471976e-06, 2.3300128759728977e-06, 9.75361444943701e-07, 1.0075195859826636e-06, 9.775448006621446e-07, 1.0504022611712571e-06, 9.78576963461819e-07, 8.213425530811946e-07, 6.342608003251371e-07, 7.500598826482019e-07, 5.760632575402269e-07, 8.713587931197253e-07, 7.838885949240648e-07, 8.355497698175895e-07, 1.16295757379703e-06, 1.0260424687658087e-06, 1.1626934792730026e-06, 1.3508814618035103e-06, 1.1572233233891893e-06, 1.4444551652559312e-06, 1.6269002571789315e-06, 1.7779715335564106e-06, 1.6858062963365228e-06, 1.6633622408335214e-06, 1.3725697272093385e-06, 1.7799850411392981e-06, 1.5708172895756434e-06, 1.5293657043002895e-06, 1.4606574723075028e-06, 2.1895282316108933e-06, 1.5511639048781944e-06, 1.250933109986363e-06, 9.963900993170682e-07, 7.949683435981569e-07, 9.141440955318103e-07, 5.740585606872628e-07, 4.381170413125801e-07, 3.644611297204392e-07, 3.041166962702846e-07, 2.774000904537388e-07, 4.901331749351812e-07, 5.464489163387043e-07, 6.873714255561936e-07, 5.743169140259852e-07, 5.867059940101171e-07, 9.554788675814052e-07, 6.571090125362389e-07, 4.831383080272644e-07, 2.4201077053476183e-07, 5.604083952448491e-08, 1.9207124779541118e-10, 8.072414264814753e-11, 6.605420637545434e-12, 4.8791660815783455e-12, 4.791628031852735e-12, 4.7182019576041956e-12, 4.6612874150808725e-12, 4.6185819925492755e-12, 4.593022576854233e-12], "lowlevel.mfcc.mean": [-774.8792724609375, 148.87966918945312, 9.33218765258789, -38.355369567871094, -40.043392181396484, -20.266231536865234, -17.439010620117188, -14.097522735595703, -11.670065879821777, -14.520102500915527, -9.439041137695312, -0.6885616183280945, 9.40372085571289], "lowlevel.spectral_contrast_coeffs.mean": [-0.6088535785675049, -0.5891309380531311, -0.6258745789527893, -0.761592447757721, -0.800078272819519, -0.7824856638908386], "lowlevel.spectral_contrast_coeffs.stdev": [0.1573868989944458, 0.08697348088026047, 0.09027277678251266, 0.06935463845729828, 0.054110657423734665, 0.04729578271508217], "lowlevel.spectral_contrast_valleys.mean": [-9.194324493408203, -7.58887243270874, -8.39832878112793, -9.418973922729492, -9.801920890808105, -11.822010040283203], "lowlevel.spectral_contrast_valleys.stdev": [0.7678355574607849, 0.9318115711212158, 0.9649878740310669, 0.9393784999847412, 1.1230627298355103, 1.2254492044448853], "rhythm.beats_loudness_band_ratio.mean": [0.012441103346645832, 0.2630760073661804, 0.4522482752799988, 0.30999046564102173, 0.010643485933542252, 0.015601972118020058], "rhythm.beats_loudness_band_ratio.stdev": [0.03558061644434929, 0.1886156052350998, 0.21103036403656006, 0.2405948042869568, 0.01497392263263464, 0.05444686487317085], "tonal.hpcp.mean": [0.007372955325990915, 0.013088404200971127, 0.1761152595281601, 0.3036758601665497, 0.14693717658519745, 0.1145922914147377, 0.1947355419397354, 0.10222525149583817, 0.08617239445447922, 0.10859837383031845, 0.03642284497618675, 0.016436457633972168, 0.03728945180773735, 0.023775657638907433, 0.007947873324155807, 0.015083100646734238, 0.014077500440180302, 0.15384182333946228, 0.2734697759151459, 0.12865164875984192, 0.00416090153157711, 0.003078411566093564, 0.008119948208332062, 0.04980412870645523, 0.0796632319688797, 0.046011123806238174, 0.08376118540763855, 0.129237100481987, 0.061961740255355835, 0.0625576451420784, 0.1013028472661972, 0.05253162235021591, 0.10749111324548721, 0.201005220413208, 0.10775689035654068, 0.010564307682216167], "tonal.hpcp.stdev": [0.054438021034002304, 0.07936114072799683, 0.25728631019592285, 0.3965749144554138, 0.2134416401386261, 0.20781506597995758, 0.3444071114063263, 0.18458017706871033, 0.23184430599212646, 0.2861905097961426, 0.11467871069908142, 0.06916021555662155, 0.1581730991601944, 0.10676351934671402, 0.040402837097644806, 0.08365078270435333, 0.06342829018831253, 0.23563602566719055, 0.38903504610061646, 0.19715562462806702, 0.034788139164447784, 0.03000226803123951, 0.06129412353038788, 0.14882270991802216, 0.23098509013652802, 0.1460990309715271, 0.20792056620121002, 0.29737594723701477, 0.15586116909980774, 0.15751177072525024, 0.24883101880550385, 0.15001280605793, 0.20362640917301178, 0.3554099500179291, 0.2058829665184021, 0.07133530080318451], "rhythm.beats_position": [0.5108389854431152, 1.0216779708862305, 1.5325169563293457, 2.043355941772461, 2.554194927215576, 3.0650339126586914, 3.5758728981018066, 4.075101852416992, 4.574330806732178, 5.085169792175293, 5.596008777618408, 6.106847763061523, 6.617686748504639, 7.128525733947754, 7.639364719390869, 8.150203704833984, 8.661043167114258, 9.171881675720215, 9.682721138000488, 10.181949615478516, 10.68117904663086, 11.192017555236816, 11.70285701751709, 12.213695526123047, 12.72453498840332, 13.235373497009277, 13.734602928161621, 14.233832359313965, 14.744670867919922, 15.255510330200195, 15.766348838806152, 16.27718734741211, 16.788026809692383, 17.298866271972656, 17.80970573425293, 18.32054328918457, 18.831382751464844, 19.342222213745117, 19.84145164489746, 20.3522891998291, 20.851518630981445, 21.36235809326172, 21.861587524414062, 22.372425079345703, 22.883264541625977, 23.38249397277832, 23.893333435058594, 24.404170989990234, 24.915010452270508, 25.42584991455078, 25.936689376831055, 26.447526931762695, 26.94675636291504, 27.457595825195312, 27.956825256347656, 28.46766471862793, 28.97850227355957, 29.489341735839844, 30.000181198120117, 30.51102066040039, 31.0102481842041, 31.509477615356445, 32.02031707763672, 32.53115463256836, 33.041996002197266], "rhythm.bpm_histogram": [0.0, 0.0, 0.0, 0.0, 0.0, 0.0, 0.0, 0.0, 0.0, 0.0, 0.0, 0.0, 0.0, 0.0, 0.0, 0.0, 0.0, 0.0, 0.0, 0.0, 0.0, 0.0, 0.0, 0.0, 0.0, 0.0, 0.0, 0.0, 0.0, 0.0, 0.0, 0.0, 0.0, 0.0, 0.0, 0.0, 0.0, 0.0, 0.0, 0.0, 0.0, 0.0, 0.0, 0.0, 0.0, 0.0, 0.0, 0.0, 0.0, 0.0, 0.0, 0.0, 0.0, 0.0, 0.0, 0.0, 0.0, 0.0, 0.0, 0.0, 0.0, 0.0, 0.0, 0.0, 0.0, 0.0, 0.0, 0.0, 0.0, 0.0, 0.0, 0.0, 0.0, 0.0, 0.0, 0.0, 0.0, 0.0, 0.0, 0.0, 0.0, 0.0, 0.0, 0.0, 0.0, 0.0, 0.0, 0.0, 0.0, 0.0, 0.0, 0.0, 0.0, 0.0, 0.0, 0.0, 0.0, 0.0, 0.0, 0.0, 0.0, 0.0, 0.0, 0.0, 0.0, 0.0, 0.0, 0.0, 0.0, 0.0, 0.0, 0.0, 0.0, 0.0, 0.0, 0.0, 0.0, 0.78125, 0.0, 0.0, 0.21875, 0.0, 0.0, 0.0, 0.0, 0.0, 0.0, 0.0, 0.0, 0.0, 0.0, 0.0, 0.0, 0.0, 0.0, 0.0, 0.0, 0.0, 0.0, 0.0, 0.0, 0.0, 0.0, 0.0, 0.0, 0.0, 0.0, 0.0, 0.0, 0.0, 0.0, 0.0, 0.0, 0.0, 0.0, 0.0, 0.0, 0.0, 0.0, 0.0, 0.0, 0.0, 0.0, 0.0, 0.0, 0.0, 0.0, 0.0, 0.0, 0.0, 0.0, 0.0, 0.0, 0.0, 0.0, 0.0, 0.0, 0.0, 0.0, 0.0, 0.0, 0.0, 0.0, 0.0, 0.0, 0.0, 0.0, 0.0, 0.0, 0.0, 0.0, 0.0, 0.0, 0.0, 0.0, 0.0, 0.0, 0.0, 0.0, 0.0, 0.0, 0.0, 0.0, 0.0, 0.0, 0.0, 0.0, 0.0, 0.0, 0.0, 0.0, 0.0, 0.0, 0.0, 0.0, 0.0, 0.0, 0.0, 0.0, 0.0, 0.0, 0.0, 0.0, 0.0, 0.0, 0.0, 0.0, 0.0, 0.0, 0.0, 0.0, 0.0, 0.0, 0.0, 0.0, 0.0, 0.0, 0.0, 0.0, 0.0, 0.0, 0.0, 0.0, 0.0, 0.0, 0.0, 0.0, 0.0, 0.0, 0.0], "tonal.chords_histogram": [18.662952423095703, 3.2033426761627197, 1.949860692024231, 0.0, 7.103064060211182, 1.8105849027633667, 8.91364860534668, 20.19498634338379, 1.3927576541900635, 0.13927575945854187, 0.0, 0.0, 0.0, 0.0, 0.0, 0.0, 0.417827308177948, 0.0, 0.0, 0.0, 0.0, 0.0, 29.944290161132812, 6.267409324645996], "tonal.thpcp": [1.0, 0.48386189341545105, 0.37735068798065186, 0.6412611603736877, 0.33662620186805725, 0.28376439213752747, 0.3576127886772156, 0.1199398785829544, 0.05412500724196434, 0.12279359996318817, 0.07829287648200989, 0.026172226294875145, 0.04966842010617256, 0.04635699465870857, 0.5065987706184387, 0.9005318284034729, 0.423647940158844, 0.01370178535580635, 0.010137162171304226, 0.026738867163658142, 0.16400423645973206, 0.2623298168182373, 0.151513934135437, 0.27582430839538574, 0.4255758225917816, 0.204039067029953, 0.2060013711452484, 0.33358874917030334, 0.17298583686351776, 0.3539665937423706, 0.6619071364402771, 0.35484179854393005, 0.0347881056368351, 0.024279030039906502, 0.043099917471408844, 0.5799448490142822], "lowlevel.gfcc.cov": [[7824.78857421875, -1949.6099853515625, -577.202880859375, -244.14801025390625, -303.9207763671875, -222.5147705078125, -309.8522644042969, 112.85431671142578, -618.1619873046875, 274.2504577636719, -276.41668701171875, 233.5814666748047, -94.16119384765625], [-1949.6099853515625, 2297.161865234375, -132.93008422851562, -92.87041473388672, 235.2766571044922, -293.55841064453125, 17.195714950561523, -300.1036071777344, 126.873291015625, -308.0207824707031, 7.24245023727417, -275.8897399902344, 167.1785888671875], [-577.202880859375, -132.93008422851562, 1109.8438720703125, 289.5386047363281, -124.87670135498047, 175.52786254882812, -190.78079223632812, 44.503395080566406, 36.21868896484375, -77.0946273803711, -25.163436889648438, 2.5652377605438232, -90.13583374023438], [-244.14801025390625, -92.87041473388672, 289.5386047363281, 634.6342163085938, 47.909854888916016, -55.98060989379883, -47.62416076660156, 129.6803741455078, -28.299833297729492, -126.55096435546875, -45.4974250793457, -12.548705101013184, -55.64221954345703], [-303.9207763671875, 235.2766571044922, -124.87670135498047, 47.909854888916016, 292.8382873535156, 49.7920036315918, 49.500816345214844, 49.283042907714844, 13.48441219329834, -53.35997009277344, -35.94941711425781, -64.3510971069336, -54.507328033447266], [-222.5147705078125, -293.55841064453125, 175.52786254882812, -55.98060989379883, 49.7920036315918, 547.5469970703125, 115.2685546875, 101.2596435546875, 145.93348693847656, 56.725006103515625, 55.57850646972656, -48.017608642578125, -122.43002319335938], [-309.8522644042969, 17.195714950561523, -190.78079223632812, -47.62416076660156, 49.500816345214844, 115.2685546875, 292.764892578125, 34.9753532409668, 46.55323791503906, 30.094499588012695, 51.19403839111328, -31.98151969909668, -42.751556396484375], [112.85431671142578, -300.1036071777344, 44.503395080566406, 129.6803741455078, 49.283042907714844, 101.2596435546875, 34.9753532409668, 264.3589782714844, 60.19459915161133, 12.085256576538086, -0.9009106755256653, -3.6730878353118896, -91.26665496826172], [-618.1619873046875, 126.873291015625, 36.21868896484375, -28.299833297729492, 13.48441219329834, 145.93348693847656, 46.55323791503906, 60.19459915161133, 250.82284545898438, 43.45142364501953, 65.97595977783203, -34.732845306396484, -23.008161544799805], [274.2504577636719, -308.0207824707031, -77.0946273803711, -126.55096435546875, -53.35997009277344, 56.725006103515625, 30.094499588012695, 12.085256576538086, 43.45142364501953, 260.9472961425781, 100.19058227539062, 46.87284851074219, 0.08456187695264816], [-276.41668701171875, 7.24245023727417, -25.163436889648438, -45.4974250793457, -35.94941711425781, 55.57850646972656, 51.19403839111328, -0.9009106755256653, 65.97595977783203, 100.19058227539062, 191.97848510742188, 52.88310241699219, 32.53570556640625], [233.5814666748047, -275.8897399902344, 2.5652377605438232, -12.548705101013184, -64.3510971069336, -48.017608642578125, -31.98151969909668, -3.6730878353118896, -34.732845306396484, 46.87284851074219, 52.88310241699219, 198.178955078125, 69.37080383300781], [-94.16119384765625, 167.1785888671875, -90.13583374023438, -55.64221954345703, -54.507328033447266, -122.43002319335938, -42.751556396484375, -91.26665496826172, -23.008161544799805, 0.08456187695264816, 32.53570556640625, 69.37080383300781, 183.07965087890625]], "lowlevel.gfcc.icov": [[0.00026200219872407615, 6.875905091874301e-05, 0.0002435425267321989, 5.569423228735104e-05, 0.000295541511150077, -0.00010585224663373083, 0.0003603859222494066, -0.00019021876505576074, 0.0005732455174438655, -0.0002444643760100007, 0.00032384085352532566, -0.00011111103231087327, 0.0002720337361097336], [6.875905091874301e-05, 0.0015565979992970824, -0.00027435037191025913, 0.00043772856588475406, -0.0012819075491279364, 0.001105775823816657, -0.0002045841538347304, 0.0012024963507428765, -0.0011280791368335485, 0.0016460783081129193, -0.001244426821358502, 0.0021250415593385696, -0.001205166452564299], [0.0002435425267321989, -0.00027435037191025913, 0.00189058983232826, -0.0007543626707047224, 0.0014303007628768682, -0.001132409437559545, 0.0015487938653677702, -7.861718040658161e-05, 0.0006211215513758361, -0.00017182993178721517, 0.0004666056192945689, -0.0007493699085898697, 0.001347505720332265], [5.569423228735104e-05, 0.00043772856588475406, -0.0007543626707047224, 0.0025500128977000713, -0.0007486689719371498, 0.000973277899902314, -0.00017323445354122669, -0.000991839449852705, 6.882739398861304e-05, 0.0013036348391324282, -0.000650636909995228, 0.0006011719815433025, -0.0001785029744496569], [0.000295541511150077, -0.0012819075491279364, 0.0014303007628768682, -0.0007486689719371498, 0.006019097752869129, -0.001652262988500297, 0.000726686732377857, -0.0016246403101831675, 0.0016998759238049388, -0.0009074917761608958, 0.0017551894998177886, -0.0012973782140761614, 0.002239851513877511], [-0.00010585224663373083, 0.001105775823816657, -0.001132409437559545, 0.000973277899902314, -0.001652262988500297, 0.003990088123828173, -0.0014095117803663015, 0.0004899834748357534, -0.0021918006241321564, 0.0011385787511244416, -0.0015182093484327197, 0.0016581038944423199, 0.00013113606837578118], [0.0003603859222494066, -0.0002045841538347304, 0.0015487938653677702, -0.00017323445354122669, 0.000726686732377857, -0.0014095117803663015, 0.005505044478923082, -0.0005258240271359682, 0.0009977513691410422, -0.00028432905673980713, -0.0006802832940593362, -0.0001301447773585096, 0.0016749189235270023], [-0.00019021876505576074, 0.0012024963507428765, -7.861718040658161e-05, -0.000991839449852705, -0.0016246403101831675, 0.0004899834748357534, -0.0005258240271359682, 0.006916007958352566, -0.0027236551977694035, 0.0010934002930298448, -0.0008263536146841943, 0.0005217250436544418, 0.0012392011703923345], [0.0005732455174438655, -0.0011280791368335485, 0.0006211215513758361, 6.882739398861304e-05, 0.0016998759238049388, -0.0021918006241321564, 0.0009977513691410422, -0.0027236551977694035, 0.007894044741988182, -0.002124741207808256, 4.8926191084319726e-05, -0.0005054465145803988, 0.0007431286503560841], [-0.0002444643760100007, 0.0016460783081129193, -0.00017182993178721517, 0.0013036348391324282, -0.0009074917761608958, 0.0011385787511244416, -0.00028432905673980713, 0.0010934002930298448, -0.002124741207808256, 0.007862281985580921, -0.0043060388416051865, 0.0017127541359513998, -0.0005017412477172911], [0.00032384085352532566, -0.001244426821358502, 0.0004666056192945689, -0.000650636909995228, 0.0017551894998177886, -0.0015182093484327197, -0.0006802832940593362, -0.0008263536146841943, 4.8926191084319726e-05, -0.0043060388416051865, 0.009824814274907112, -0.0036497777327895164, -8.35432656458579e-05], [-0.00011111103231087327, 0.0021250415593385696, -0.0007493699085898697, 0.0006011719815433025, -0.0012973782140761614, 0.0016581038944423199, -0.0001301447773585096, 0.0005217250436544418, -0.0005054465145803988, 0.0017127541359513998, -0.0036497777327895164, 0.01021363865584135, -0.004517353605479002], [0.0002720337361097336, -0.001205166452564299, 0.001347505720332265, -0.0001785029744496569, 0.002239851513877511, 0.00013113606837578118, 0.0016749189235270023, 0.0012392011703923345, 0.0007431286503560841, -0.0005017412477172911, -8.35432656458579e-05, -0.004517353605479002, 0.010895240120589733]], "lowlevel.mfcc.cov": [[7486.47119140625, -1384.0123291015625, -904.8554077148438, 4.269189357757568, -358.5716552734375, -340.38360595703125, -30.321298599243164, -319.42755126953125, -117.06273651123047, -225.20663452148438, -120.60281372070312, -175.5445098876953, 10.750670433044434], [-1384.0123291015625, 1884.854736328125, -165.58079528808594, -15.062196731567383, 23.198644638061523, -23.842885971069336, -139.82339477539062, -154.1953582763672, -4.154797554016113, -112.08894348144531, -99.47371673583984, -114.93209838867188, -149.53956604003906], [-904.8554077148438, -165.58079528808594, 1136.8492431640625, -5.788002967834473, 242.44125366210938, 80.2081298828125, -29.403417587280273, 160.937255859375, 6.496933460235596, 122.1922607421875, 18.24906349182129, 17.22318458557129, -95.88548278808594], [4.269189357757568, -15.062196731567383, -5.788002967834473, 624.3204956054688, 63.49204635620117, -163.2967071533203, -6.643589496612549, 17.35736846923828, -7.3663859367370605, -127.03784942626953, -47.59494400024414, -88.49162292480469, -64.37825775146484], [-358.5716552734375, 23.198644638061523, 242.44125366210938, 63.49204635620117, 389.1569519042969, 30.648731231689453, 10.337206840515137, 132.73355102539062, 53.94166946411133, 61.80134963989258, 14.577600479125977, 16.600269317626953, -41.31083679199219], [-340.38360595703125, -23.842885971069336, 80.2081298828125, -163.2967071533203, 30.648731231689453, 263.6389465332031, 68.24174499511719, 47.425540924072266, 2.8205769062042236, 91.40533447265625, 26.295869827270508, 37.97224426269531, 49.0281867980957], [-30.321298599243164, -139.82339477539062, -29.403417587280273, -6.643589496612549, 10.337206840515137, 68.24174499511719, 231.82456970214844, 81.64970397949219, 6.988155841827393, 58.04163360595703, 53.18069076538086, 50.41492462158203, 14.541253089904785], [-319.42755126953125, -154.1953582763672, 160.937255859375, 17.35736846923828, 132.73355102539062, 47.425540924072266, 81.64970397949219, 318.0013122558594, 80.12422943115234, 80.7970199584961, 43.473079681396484, 29.528575897216797, -25.693269729614258], [-117.06273651123047, -4.154797554016113, 6.496933460235596, -7.3663859367370605, 53.94166946411133, 2.8205769062042236, 6.988155841827393, 80.12422943115234, 137.69989013671875, 56.76410675048828, 33.890708923339844, -0.08668476343154907, -23.5136661529541], [-225.20663452148438, -112.08894348144531, 122.1922607421875, -127.03784942626953, 61.80134963989258, 91.40533447265625, 58.04163360595703, 80.7970199584961, 56.76410675048828, 226.3863525390625, 108.43645477294922, 53.21214294433594, 7.254919052124023], [-120.60281372070312, -99.47371673583984, 18.24906349182129, -47.59494400024414, 14.577600479125977, 26.295869827270508, 53.18069076538086, 43.473079681396484, 33.890708923339844, 108.43645477294922, 203.84481811523438, 98.60889434814453, 2.9109437465667725], [-175.5445098876953, -114.93209838867188, 17.22318458557129, -88.49162292480469, 16.600269317626953, 37.97224426269531, 50.41492462158203, 29.528575897216797, -0.08668476343154907, 53.21214294433594, 98.60889434814453, 180.88050842285156, 72.3932113647461], [10.750670433044434, -149.53956604003906, -95.88548278808594, -64.37825775146484, -41.31083679199219, 49.0281867980957, 14.541253089904785, -25.693269729614258, -23.5136661529541, 7.254919052124023, 2.9109437465667725, 72.3932113647461, 180.64837646484375]], "lowlevel.mfcc.icov": [[0.00022380279551725835, 0.00023432257876265794, 0.00018530145462136716, 0.00013264466542750597, -3.460495645413175e-05, 0.00021039108105469495, -1.4740880033059511e-05, 0.00016966047405730933, 0.00010107431444339454, 8.022783731576055e-05, 3.2945732527878135e-05, 0.00022484692453872412, 0.0002058791578747332], [0.00023432257876265794, 0.0009068982908502221, 0.00034968790714628994, 0.00022510257258545607, -0.00022433728736359626, -2.539297565817833e-05, 0.00026474223705008626, 0.0004670991038437933, 1.7159136405098252e-05, 0.00028594391187652946, 0.00018424804147798568, 0.00020859566575381905, 0.0009075116831809282], [0.00018530145462136716, 0.00034968790714628994, 0.0014067607698962092, 3.9682923670625314e-05, -0.0005539016565307975, -0.00019542132213246077, 0.0005932690692134202, -0.0002397858479525894, 0.0007604972342960536, -0.0005805709515698254, 0.0004047219699714333, -0.00023390768910758197, 0.0010933021549135447], [0.00013264466542750597, 0.00022510257258545607, 3.9682923670625314e-05, 0.0024386208970099688, -0.0006291998433880508, 0.0013302033767104149, -0.000594060926232487, -0.00011699071183102205, 0.0001620531256776303, 0.0013409111415967345, -0.0005757150938734412, 0.0013279690174385905, 3.9188715163618326e-05], [-3.460495645413175e-05, -0.00022433728736359626, -0.0005539016565307975, -0.0006291998433880508, 0.003607529681175947, -0.0003568344109226018, 0.00028334345552138984, -0.0009789137402549386, -0.0007039261399768293, -0.000674682087264955, 0.0005809881258755922, -0.0008560313726775348, 0.00032705898047424853], [0.00021039108105469495, -2.539297565817833e-05, -0.00019542132213246077, 0.0013302033767104149, -0.0003568344109226018, 0.005971265025436878, -0.0015093438560143113, -0.00022300177079159766, 0.0006805474986322224, -0.0012684821849688888, 0.00027370222960598767, 0.0009224169189110398, -0.0015101871686056256], [-1.4740880033059511e-05, 0.00026474223705008626, 0.0005932690692134202, -0.000594060926232487, 0.00028334345552138984, -0.0015093438560143113, 0.005909228231757879, -0.0013550847070291638, 0.0008983027655631304, -0.0008793168817646801, -0.00023429605062119663, -0.0012571164406836033, 0.0007890526903793216], [0.00016966047405730933, 0.0004670991038437933, -0.0002397858479525894, -0.00011699071183102205, -0.0009789137402549386, -0.00022300177079159766, -0.0013550847070291638, 0.005111683160066605, -0.0022242667619138956, -0.000189193946425803, 0.0002754873421508819, -0.0002696670708246529, 0.0007020730990916491], [0.00010107431444339454, 1.7159136405098252e-05, 0.0007604972342960536, 0.0001620531256776303, -0.0007039261399768293, 0.0006805474986322224, 0.0008983027655631304, -0.0022242667619138956, 0.010020686313509941, -0.0021232175640761852, -0.000721099553629756, 0.0008551809587515891, 0.0007937651826068759], [8.022783731576055e-05, 0.00028594391187652946, -0.0005805709515698254, 0.0013409111415967345, -0.000674682087264955, -0.0012684821849688888, -0.0008793168817646801, -0.000189193946425803, -0.0021232175640761852, 0.008815078996121883, -0.003926271107047796, 0.0013027817476540804, -0.000453704793471843], [3.2945732527878135e-05, 0.00018424804147798568, 0.0004047219699714333, -0.0005757150938734412, 0.0005809881258755922, 0.00027370222960598767, -0.00023429605062119663, 0.0002754873421508819, -0.000721099553629756, -0.003926271107047796, 0.009440325200557709, -0.005155759397894144, 0.002254653722047806], [0.00022484692453872412, 0.00020859566575381905, -0.00023390768910758197, 0.0013279690174385905, -0.0008560313726775348, 0.0009224169189110398, -0.0012571164406836033, -0.0002696670708246529, 0.0008551809587515891, 0.0013027817476540804, -0.005155759397894144, 0.010899635031819344, -0.004100733902305365], [0.0002058791578747332, 0.0009075116831809282, 0.0010933021549135447, 3.9188715163618326e-05, 0.00032705898047424853, -0.0015101871686056256, 0.0007890526903793216, 0.0007020730990916491, 0.0007937651826068759, -0.000453704793471843, 0.002254653722047806, -0.004100733902305365, 0.00911840982735157]], "metadata.audio_properties.analysis.downmix": "mix", "metadata.audio_properties.codec": "mp3", "metadata.audio_properties.md5_encoded": "5f3dc04475b12173a65e03b42dc27b47", "metadata.tags.file_name": "1183704372480327741.mp3", "metadata.version.essentia": "2.1-beta6-dev", "metadata.version.essentia_git_sha": "v2.1_beta5-1110-g77a6a954", "metadata.version.extractor": "music 2.0", "tonal.chords_key": "Ab", "tonal.chords_scale": "minor", "ton