{"song_id": "1183701035630465106", "download": "https://cdn.discordapp.com/attachments/1135903449314238464/1183701035630465106/chirp.mp4?ex=65894a7e&amp", "lyrics": "\u6211\u4e0d\u60f3\u4e0a\u73ed\u6211\u4e0d\u60f3\u4e0a\u73ed\n\u6211\u4e0d\u60f3\u4e0a\u73ed\u6211\u4e0d\u60f3\u4e0a\u73ed\n\u6211\u4e0d\u60f3\u4e0a\u73ed\u6211\u4e0d\u60f3\u4e0a\u73ed\n\u6211\u4e0d\u60f3\u4e0a\u73ed\u6211\u4e0d\u60f3\u4e0a\u73ed\n\u6211\u4e0d\u60f3\u4e0a\u73ed\u6211\u4e0d\u60f3\u4e0a\u73ed\n\n[Verse]\nI'm feeling the rhythm, ready to explode\nIn this pop party, we own the floor\nThe beat drops heavy, can't help but move\nIt's time to let loose, the night is ours to groove\n\n[Chorus]\nPop, pop, don't stop this sound\nLet it take you high, let it spin you 'round\nRaise your hands up, feel the energy ignite\nPop, pop, we're unstoppable, ignite the night", "style": ["random"], "essentia_features": {"lowlevel.average_loudness": 0.4833902418613434, "lowlevel.barkbands_crest.mean": 16.526596069335938, "lowlevel.barkbands_crest.stdev": 5.808881759643555, "lowlevel.barkbands_flatness_db.mean": 0.2510637044906616, "lowlevel.barkbands_flatness_db.stdev": 0.09284073859453201, "lowlevel.barkbands_kurtosis.mean": 25.289331436157227, "lowlevel.barkbands_kurtosis.stdev": 60.95124053955078, "lowlevel.barkbands_skewness.mean": 2.9471731185913086, "lowlevel.barkbands_skewness.stdev": 3.312183380126953, "lowlevel.barkbands_spread.mean": 16.084030151367188, "lowlevel.barkbands_spread.stdev": 17.902725219726562, "lowlevel.dissonance.mean": 0.44745007157325745, "lowlevel.dissonance.stdev": 0.05535101890563965, "lowlevel.dynamic_complexity": 4.115063667297363, "lowlevel.erbbands_crest.mean": 13.22721004486084, "lowlevel.erbbands_crest.stdev": 6.236905574798584, "lowlevel.erbbands_flatness_db.mean": 0.2249734252691269, "lowlevel.erbbands_flatness_db.stdev": 0.09669971466064453, "lowlevel.erbbands_kurtosis.mean": 3.128662347793579, "lowlevel.erbbands_kurtosis.stdev": 9.470512390136719, "lowlevel.erbbands_skewness.mean": 0.5827493667602539, "lowlevel.erbbands_skewness.stdev": 1.458654522895813, "lowlevel.erbbands_spread.mean": 39.16444778442383, "lowlevel.erbbands_spread.stdev": 33.801963806152344, "lowlevel.hfc.mean": 19.6989803314209, "lowlevel.hfc.stdev": 27.721298217773438, "lowlevel.loudness_ebu128.integrated": -14.198155403137207, "lowlevel.loudness_ebu128.loudness_range": 11.046905517578125, "lowlevel.loudness_ebu128.momentary.mean": -16.145723342895508, "lowlevel.loudness_ebu128.momentary.stdev": 4.523559093475342, "lowlevel.loudness_ebu128.short_term.mean": -15.636017799377441, "lowlevel.loudness_ebu128.short_term.stdev": 3.4815566539764404, "lowlevel.melbands_crest.mean": 21.89230728149414, "lowlevel.melbands_crest.stdev": 7.6035919189453125, "lowlevel.melbands_flatness_db.mean": 0.30323976278305054, "lowlevel.melbands_flatness_db.stdev": 0.1145060583949089, "lowlevel.melbands_kurtosis.mean": 65.91703033447266, "lowlevel.melbands_kurtosis.stdev": 129.96539306640625, "lowlevel.melbands_skewness.mean": 4.796870708465576, "lowlevel.melbands_skewness.stdev": 4.812474727630615, "lowlevel.melbands_spread.mean": 16.77057647705078, "lowlevel.melbands_spread.stdev": 24.12125015258789, "lowlevel.pitch_salience.mean": 0.3875700533390045, "lowlevel.pitch_salience.stdev": 0.1740218698978424, "lowlevel.silence_rate_20dB.mean": 0.9994206428527832, "lowlevel.silence_rate_20dB.stdev": 0.024063238874077797, "lowlevel.silence_rate_30dB.mean": 0.8395133018493652, "lowlevel.silence_rate_30dB.stdev": 0.36705800890922546, "lowlevel.silence_rate_60dB.mean": 0.2219003438949585, "lowlevel.silence_rate_60dB.stdev": 0.41551876068115234, "lowlevel.spectral_centroid.mean": 1316.4771728515625, "lowlevel.spectral_centroid.stdev": 1032.35107421875, "lowlevel.spectral_complexity.mean": 9.723638534545898, "lowlevel.spectral_complexity.stdev": 10.319952011108398, "lowlevel.spectral_decrease.mean": -1.2239538271785477e-08, "lowlevel.spectral_decrease.stdev": 1.884070854885067e-08, "lowlevel.spectral_energy.mean": 0.047981563955545425, "lowlevel.spectral_energy.stdev": 0.0724610984325409, "lowlevel.spectral_energyband_high.mean": 0.0012469836510717869, "lowlevel.spectral_energyband_high.stdev": 0.002511201426386833, "lowlevel.spectral_energyband_low.mean": 0.03467301279306412, "lowlevel.spectral_energyband_low.stdev": 0.06907755136489868, "lowlevel.spectral_energyband_middle_high.mean": 0.003265635808929801, "lowlevel.spectral_energyband_middle_high.stdev": 0.005544626619666815, "lowlevel.spectral_energyband_middle_low.mean": 0.009686487726867199, "lowlevel.spectral_energyband_middle_low.stdev": 0.017364922910928726, "lowlevel.spectral_entropy.mean": 7.132657527923584, "lowlevel.spectral_entropy.stdev": 0.9735450744628906, "lowlevel.spectral_flux.mean": 0.09066459536552429, "lowlevel.spectral_flux.stdev": 0.08399780094623566, "lowlevel.spectral_kurtosis.mean": 9.886877059936523, "lowlevel.spectral_kurtosis.stdev": 20.027725219726562, "lowlevel.spectral_rms.mean": 0.00523761473596096, "lowlevel.spectral_rms.stdev": 0.00440212432295084, "lowlevel.spectral_rolloff.mean": 1335.967529296875, "lowlevel.spectral_rolloff.stdev": 2086.614501953125, "lowlevel.spectral_skewness.mean": 1.9220733642578125, "lowlevel.spectral_skewness.stdev": 1.431584119796753, "lowlevel.spectral_spread.mean": 4869383.5, "lowlevel.spectral_spread.stdev": 2693981.25, "lowlevel.spectral_strongpeak.mean": 0.8767676949501038, "lowlevel.spectral_strongpeak.stdev": 0.788811981678009, "lowlevel.zerocrossingrate.mean": 0.054918061941862106, "lowlevel.zerocrossingrate.stdev": 0.05486634746193886, "metadata.audio_properties.analysis.equal_loudness": 0.0, "metadata.audio_properties.analysis.length": 40.04265213012695, "metadata.audio_properties.analysis.sample_rate": 44100.0, "metadata.audio_properties.analysis.start_time": 0.0, "metadata.audio_properties.bit_rate": 120292.0, "metadata.audio_properties.length": 40.042667388916016, "metadata.audio_properties.lossless": 0.0, "metadata.audio_properties.number_channels": 1.0, "metadata.audio_properties.replay_gain": -11.959636688232422, "metadata.audio_properties.sample_rate": 48000.0, "rhythm.beats_count": 84.0, "rhythm.beats_loudness.mean": 0.0914478749036789, "rhythm.beats_loudness.stdev": 0.08890917152166367, "rhythm.bpm": 127.78121948242188, "rhythm.bpm_histogram_first_peak_bpm": 129.0, "rhythm.bpm_histogram_first_peak_weight": 0.47887325286865234, "rhythm.bpm_histogram_second_peak_bpm": 123.0, "rhythm.bpm_histogram_second_peak_spread": 0.3333333134651184, "rhythm.bpm_histogram_second_peak_weight": 0.09638553857803345, "rhythm.danceability": 1.3132679462432861, "rhythm.onset_rate": 4.793478488922119, "tonal.chords_changes_rate": 0.0763888880610466, "tonal.chords_number_rate": 0.0069444444961845875, "tonal.chords_strength.mean": 0.5203987956047058, "tonal.chords_strength.stdev": 0.0849105641245842, "tonal.hpcp_crest.mean": 14.111739158630371, "tonal.hpcp_crest.stdev": 6.911613941192627, "tonal.hpcp_entropy.mean": 1.945355772972107, "tonal.hpcp_entropy.stdev": 0.8625708818435669, "tonal.key_edma.strength": 0.6388675570487976, "tonal.key_krumhansl.strength": 0.647869884967804, "tonal.key_temperley.strength": 0.6342630982398987, "tonal.tuning_diatonic_strength": 0.538186252117157, "tonal.tuning_equal_tempered_deviation": 0.25669237971305847, "tonal.tuning_frequency": 434.193115234375, "tonal.tuning_nontempered_energy_ratio": 0.9273398518562317, "lowlevel.barkbands.mean": [0.001066903118044138, 0.027814486995339394, 0.004937190096825361, 0.0014302816707640886, 0.0059706056490540504, 0.0006868669297546148, 0.0004808029334526509, 0.0006956846336834133, 0.00036651434493251145, 0.00028609114815481007, 0.0008062192355282605, 0.0003523356863297522, 0.00032285318593494594, 0.0003071493993047625, 0.00040512444684281945, 0.00023203504679258913, 0.0001512270828243345, 0.00019889073155354708, 0.00014761165948584676, 0.0002474903012625873, 0.00018880670540966094, 0.00018961360910907388, 0.0001843282807385549, 0.00016309453349094838, 0.00022178793733473867, 0.00012398502440191805, 3.6518954402708914e-06], "lowlevel.barkbands.stdev": [0.00261015840806067, 0.06595340371131897, 0.014467383734881878, 0.005454530939459801, 0.012759082950651646, 0.001566578634083271, 0.0017481371760368347, 0.0021628309041261673, 0.0017128597246482968, 0.0015407247701659799, 0.0020876338239759207, 0.0013575736666098237, 0.0011269133538007736, 0.0012419242411851883, 0.0016697243554517627, 0.0009026455809362233, 0.0004858473257627338, 0.0005706860101781785, 0.0003229489957448095, 0.0005387092824093997, 0.0004562425019685179, 0.0004698522971011698, 0.0004172502376604825, 0.0003654022002592683, 0.0005294975126162171, 0.00035192028735764325, 1.7026115529006347e-05], "lowlevel.erbbands.mean": [1.1731467247009277, 4.843860149383545, 5.239727973937988, 6.323290824890137, 12.479936599731445, 22.32628059387207, 9.381458282470703, 4.905797958374023, 4.772368907928467, 15.283735275268555, 10.382790565490723, 8.99588394165039, 6.399953365325928, 16.248708724975586, 33.40555953979492, 14.825461387634277, 14.977763175964355, 15.374167442321777, 23.000329971313477, 14.769060134887695, 11.896207809448242, 9.103644371032715, 10.089311599731445, 10.201870918273926, 6.246436595916748, 11.887823104858398, 9.975092887878418, 6.713715076446533, 7.02384614944458, 6.335292339324951, 4.822904586791992, 3.0822343826293945, 3.069392442703247, 2.5543129444122314, 1.510702133178711, 0.6935051083564758, 0.1980753093957901, 0.02295324206352234, 0.0005516709643416107, 7.547239511040971e-05], "lowlevel.erbbands.stdev": [2.8490328788757324, 11.298689842224121, 12.708531379699707, 19.740882873535156, 33.15559768676758, 46.12757873535156, 19.387636184692383, 10.309794425964355, 16.367938995361328, 45.142662048339844, 34.72377395629883, 40.38296890258789, 23.9226016998291, 80.32376861572266, 69.21658325195312, 53.183349609375, 49.77228546142578, 59.057373046875, 102.12684631347656, 50.78761291503906, 45.30335998535156, 27.99347686767578, 30.90013313293457, 21.13802146911621, 13.76391887664795, 28.067264556884766, 21.897050857543945, 16.157072067260742, 17.826711654663086, 14.96409797668457, 10.987955093383789, 6.892197132110596, 7.004745006561279, 5.950200080871582, 3.7734203338623047, 1.8260807991027832, 0.6177162528038025, 0.08291220664978027, 0.0019215949578210711, 0.0001160813044407405], "lowlevel.gfcc.mean": [-95.5001449584961, 76.17760467529297, -122.0456314086914, 20.962711334228516, -60.99467849731445, 5.47952127456665, -38.028987884521484, 0.9177609086036682, -35.15839385986328, 5.269143104553223, -13.469064712524414, -1.5431619882583618, -0.573540449142456], "lowlevel.melbands.mean": [0.00897084642201662, 0.003694899845868349, 0.0011910382891073823, 0.0014757016906514764, 0.00041855251765809953, 0.00011094951332779601, 7.819492020644248e-05, 0.00017402935191057622, 7.928038394311443e-05, 5.222681647865102e-05, 3.021238444489427e-05, 6.000935900374316e-05, 0.00011329273547744378, 5.299309123074636e-05, 3.372713035787456e-05, 3.17150515911635e-05, 2.7339310690877028e-05, 3.6439985706238076e-05, 2.6380659619462676e-05, 1.709163552732207e-05, 1.3011529517825693e-05, 9.04881289898185e-06, 9.648247214499861e-06, 8.70299572852673e-06, 8.488451385346707e-06, 4.417518539412413e-06, 4.905713012703927e-06, 8.883282134775072e-06, 7.116097094694851e-06, 4.339636689110193e-06, 3.7250160858093295e-06, 4.218002231937135e-06, 3.2838158858794486e-06, 3.6811190966545837e-06, 2.9372772587521467e-06, 2.1112973627168685e-06, 1.8107332380168373e-06, 2.0985721675970126e-06, 2.1617340735247126e-06, 2.1835073766851565e-06], "lowlevel.melbands.stdev": [0.02154608815908432, 0.006787958089262247, 0.0034133384469896555, 0.0032867223490029573, 0.0007752837846055627, 0.00023746327497065067, 0.0002832664758898318, 0.000510923273395747, 0.00028972848667763174, 0.0002391417365288362, 0.00012361360131762922, 0.0003243839310016483, 0.0002744491212069988, 0.00015180579794105142, 0.00013627632870338857, 0.00011810127034550533, 0.00010871575068449602, 0.0001724197791190818, 0.00010716693941503763, 7.01937242411077e-05, 5.406050695455633e-05, 3.1046751246321946e-05, 3.592892608139664e-05, 2.3252718165167607e-05, 1.791824797692243e-05, 1.1169577192049474e-05, 1.143639201472979e-05, 2.182605203415733e-05, 1.571176471770741e-05, 1.1042790902138222e-05, 9.049497748492286e-06, 1.1008844012394547e-05, 8.298283319163602e-06, 8.69339783093892e-06, 6.815735105192289e-06, 4.953571988153271e-06, 4.134607479500119e-06, 4.865132268605521e-06, 5.083225914859213e-06, 5.1941351557616144e-06], "lowlevel.melbands128.mean": [0.000998443691059947, 0.009874836541712284, 0.013238300569355488, 0.00583230284973979, 0.0025467476807534695, 0.0024708309210836887, 0.0013313696254044771, 0.0005950448685325682, 0.0010528137208893895, 0.002309782663360238, 0.0011347637046128511, 0.0004926999099552631, 0.0002796696498990059, 0.00021907492191530764, 0.00011823246313724667, 4.62160496681463e-05, 4.851666744798422e-05, 8.260528557002544e-05, 0.00011084415746154264, 0.00019964177045039833, 0.00021144718630239367, 8.129490743158385e-05, 6.0321897763060406e-05, 7.209160685306415e-05, 7.115620974218473e-05, 3.702329922816716e-05, 2.8963457225472666e-05, 2.757089532678947e-05, 2.9892922611907125e-05, 5.1454499043757096e-05, 6.366085290210322e-05, 8.865754352882504e-05, 0.00012685314868576825, 0.00014408193237613887, 5.0036116590490565e-05, 3.4014276025118306e-05, 3.340240800753236e-05, 3.382643262739293e-05, 3.315886715427041e-05, 3.482658212305978e-05, 2.9226928745629266e-05, 3.177024336764589e-05, 2.636531826283317e-05, 2.5811481464188546e-05, 2.7795675123343244e-05, 3.9613936678506434e-05, 4.6786099119344726e-05, 2.8103035219828598e-05, 1.6865755242179148e-05, 1.6868169041117653e-05, 1.8653590814210474e-05, 1.5758809240651317e-05, 1.3555382793128956e-05, 1.2796601367881522e-05, 9.0037974587176e-06, 9.09841855900595e-06, 8.440425517619587e-06, 9.083887562155724e-06, 1.095726929634111e-05, 8.600588444096502e-06, 8.04567025625147e-06, 8.906245057005435e-06, 1.0443150131322909e-05, 8.345271453435998e-06, 5.534748652280541e-06, 4.121453002881026e-06, 3.876064056385076e-06, 3.6440940220927587e-06, 4.9795339691627305e-06, 6.775472684239503e-06, 9.084154044103343e-06, 1.0024218681792263e-05, 9.129268619290087e-06, 6.508992100862088e-06, 4.8011493163357954e-06, 4.762014668813208e-06, 3.963662948081037e-06, 3.397413593120291e-06, 3.719961796377902e-06, 3.8283897083601914e-06, 4.632242507796036e-06, 4.438160431163851e-06, 3.2805276077851886e-06, 3.0146663902996806e-06, 3.3338374123559333e-06, 3.7101808629813604e-06, 3.7917538975307252e-06, 3.7232587146718288e-06, 2.7301962290948723e-06, 2.5923914108716417e-06, 2.392257783867535e-06, 2.0012405457237037e-06, 1.5729380038465024e-06, 1.8137021697839373e-06, 1.8925533140645712e-06, 1.9818705823126948e-06, 2.14822580346663e-06, 2.3068619157129433e-06, 2.106271949742222e-06, 2.108866965500056e-06, 2.200002427343861e-06, 2.1128162188688293e-06, 2.3334102934313705e-06, 2.050907369266497e-06, 1.6166690102181747e-06, 1.4282411484600743e-06, 1.4431759609578876e-06, 1.4530221505992813e-06, 1.1967080126851215e-06, 1.0459266377438325e-06, 8.585312798459199e-07, 7.614335117978044e-07, 6.410776336451818e-07, 4.2792959220605553e-07, 3.1381065923596907e-07, 2.360107203003281e-07, 1.2854125941430539e-07, 2.5613388743295218e-08, 9.716624171929311e-10, 9.579897292111283e-11, 8.304752024956841e-11, 2.3097204704392027e-11, 1.3525787261048361e-11, 1.2421181271038417e-11, 1.0806244787886499e-11, 8.699242715071165e-12, 7.512796808273325e-12, 7.296607762441454e-12], "lowlevel.melbands128.stdev": [0.0025123071391135454, 0.024173526093363762, 0.032680924981832504, 0.01359540969133377, 0.005895394831895828, 0.007499918807297945, 0.004436066839843988, 0.00235298671759665, 0.0034069663379341364, 0.0053535508923232555, 0.0023982583079487085, 0.0011669020168483257, 0.0007969001890160143, 0.0005601202719844878, 0.00029741230537183583, 0.00017194286920130253, 0.00019188040459994227, 0.00040035194251686335, 0.0005629043444059789, 0.000648760236799717, 0.0007447203388437629, 0.00037033279659226537, 0.00037365537718869746, 0.00045715394662693143, 0.00039052634383551776, 0.0002426213031867519, 0.00023190070351120085, 0.00012158913159510121, 0.00018353265477344394, 0.000348789180861786, 0.0005206198547966778, 0.0004117812495678663, 0.0004107104614377022, 0.0003037280694115907, 0.00021500048751477152, 0.00020277778094168752, 0.00021545028721448034, 0.00018864953017327935, 0.0001585620775585994, 0.00016935980238486081, 0.0001375784631818533, 0.00023292705009225756, 0.00014323473442345858, 0.0001071053629857488, 0.000153490444063209, 0.0002575047255959362, 0.00023732369299978018, 0.00016756143304519355, 9.845454769674689e-05, 0.00010767468484118581, 0.00010749275679700077, 8.703111234353855e-05, 9.088681690627709e-05, 5.9116406191606075e-05, 4.276992694940418e-05, 4.640872430172749e-05, 4.1195722587872297e-05, 3.898622890119441e-05, 5.36875486432109e-05, 3.853414818877354e-05, 2.5491923224763013e-05, 2.5806397388805635e-05, 2.487297751940787e-05, 2.114703420375008e-05, 1.85325388883939e-05, 1.281254935747711e-05, 1.0847942576219793e-05, 9.533046068099793e-06, 1.3980082258058246e-05, 1.925927062984556e-05, 3.1599138310411945e-05, 2.7964173568761908e-05, 2.1457442926475778e-05, 1.8315389752388e-05, 1.3865414075553417e-05, 1.2893573511973955e-05, 1.1229757546971086e-05, 9.368111932417378e-06, 9.509468327451032e-06, 9.588900866219774e-06, 1.2855051863880362e-05, 1.2686144145845901e-05, 9.272839633922558e-06, 7.88198576628929e-06, 9.252912605006713e-06, 9.626058272260707e-06, 9.934065928973723e-06, 9.425079952052329e-06, 6.769639639969682e-06, 6.616954124183394e-06, 6.147346539364662e-06, 5.183648227102822e-06, 3.987748641520739e-06, 4.612204520526575e-06, 4.60985256722779e-06, 4.818025445274543e-06, 5.495075583894504e-06, 5.918759597989265e-06, 5.425403287517838e-06, 5.3754997679789085e-06, 5.56800023332471e-06, 5.268489985610358e-06, 6.058698090782855e-06, 5.682960363628808e-06, 4.622236701834481e-06, 3.8689972825523e-06, 3.9029059735185e-06, 3.874904450640315e-06, 3.437681243667612e-06, 3.3404028272343567e-06, 2.984596676469664e-06, 2.6678060294216266e-06, 2.1611210740957176e-06, 1.4861345789540792e-06, 1.2140916396674584e-06, 9.990276339522097e-07, 5.822226967211463e-07, 1.5601261793563026e-07, 1.5479987069966228e-08, 2.6636475247698854e-09, 2.5039750273236905e-09, 3.654084534954194e-10, 1.0815135592645575e-10, 9.603122463897051e-11, 6.969184257465955e-11, 3.1522340293577145e-11, 1.7842262389766717e-11, 1.7327889123563978e-11], "lowlevel.mfcc.mean": [-742.9051513671875, 111.88756561279297, -6.790102481842041, 18.736764907836914, -4.29715633392334, 1.944406270980835, 4.91778564453125, -10.95287036895752, -2.9410037994384766, -6.261897087097168, -9.202113151550293, -6.320093631744385, 4.351799011230469], "lowlevel.spectral_contrast_coeffs.mean": [-0.6088906526565552, -0.7439058423042297, -0.7442430853843689, -0.7954074144363403, -0.8005273938179016, -0.7653136253356934], "lowlevel.spectral_contrast_coeffs.stdev": [0.13296136260032654, 0.10293823480606079, 0.10223187506198883, 0.06106063723564148, 0.048237644135951996, 0.045863330364227295], "lowlevel.spectral_contrast_valleys.mean": [-8.37887191772461, -7.905412673950195, -8.399368286132812, -8.483918190002441, -8.4345121383667, -11.259244918823242], "lowlevel.spectral_contrast_valleys.stdev": [1.855666160583496, 1.0295671224594116, 1.0507969856262207, 1.0832802057266235, 1.2890511751174927, 2.0393025875091553], "rhythm.beats_loudness_band_ratio.mean": [0.4582853317260742, 0.26303666830062866, 0.07988279312849045, 0.1482429802417755, 0.04127040132880211, 0.04335002601146698], "rhythm.beats_loudness_band_ratio.stdev": [0.4166404604911804, 0.28139710426330566, 0.14517749845981598, 0.22077693045139313, 0.05676005035638809, 0.053986843675374985], "tonal.hpcp.mean": [0.3425033986568451, 0.355508953332901, 0.1544400155544281, 0.062373097985982895, 0.05088376998901367, 0.06975254416465759, 0.13284733891487122, 0.1490533947944641, 0.10593288391828537, 0.23486758768558502, 0.29503312706947327, 0.1244693174958229, 0.030715884640812874, 0.026944013312458992, 0.03225615620613098, 0.05594233050942421, 0.05722308158874512, 0.029166236519813538, 0.02083471044898033, 0.025470377877354622, 0.039631299674510956, 0.07834044098854065, 0.08659932017326355, 0.050908878445625305, 0.02788238786160946, 0.026127124205231667, 0.027720702812075615, 0.033140234649181366, 0.03431320562958717, 0.02884315326809883, 0.035344675183296204, 0.04587342590093613, 0.04797470569610596, 0.04899730905890465, 0.07064943760633469, 0.14700786769390106], "tonal.hpcp.stdev": [0.3882831633090973, 0.4068484902381897, 0.27009010314941406, 0.19165273010730743, 0.1547345221042633, 0.19978143274784088, 0.2578735947608948, 0.28442761301994324, 0.2021503746509552, 0.3233242928981781, 0.38946816325187683, 0.2038683444261551, 0.10488700121641159, 0.10892938822507858, 0.12305503338575363, 0.18372179567813873, 0.194522425532341, 0.1090809777379036, 0.08306771516799927, 0.10815806686878204, 0.1394689381122589, 0.19007723033428192, 0.20856520533561707, 0.14559902250766754, 0.10996188223361969, 0.1153564378619194, 0.11457137018442154, 0.1275484710931778, 0.13389606773853302, 0.10734444111585617, 0.11137574911117554, 0.14034916460514069, 0.1502259373664856, 0.15941445529460907, 0.19699835777282715, 0.27708685398101807], "rhythm.beats_position": [0.4643990993499756, 0.952018141746521, 1.4396371841430664, 1.938866138458252, 2.4148752689361572, 2.8908843994140625, 3.355283498764038, 3.8312923908233643, 4.3073015213012695, 4.783310413360596, 5.25931978225708, 5.735328674316406, 6.199728012084961, 6.664126873016357, 7.128525733947754, 7.592925071716309, 8.068934440612793, 8.533332824707031, 9.009342193603516, 9.4853515625, 9.961359977722168, 10.448979377746582, 10.948208808898926, 11.447437286376953, 11.935056686401367, 12.411065101623535, 12.89868450164795, 13.386303901672363, 13.88553237915039, 14.373151779174805, 14.849161148071289, 15.325169563293457, 15.801178932189941, 16.27718734741211, 16.741586685180664, 17.21759605407715, 17.681995391845703, 18.146394729614258, 18.622404098510742, 19.086801528930664, 19.55120086669922, 20.015600204467773, 20.479999542236328, 20.956008911132812, 21.420408248901367, 21.89641761779785, 22.360815048217773, 22.8136043548584, 23.289613723754883, 23.765623092651367, 24.24163246154785, 24.706031799316406, 25.17043113708496, 25.634828567504883, 26.110837936401367, 26.58684730529785, 27.051246643066406, 27.51564598083496, 27.991655349731445, 28.46766471862793, 28.93206214904785, 29.396461486816406, 29.86086082458496, 30.325260162353516, 30.78965950012207, 31.254058837890625, 31.73006820678711, 32.206077575683594, 32.670475006103516, 33.1348762512207, 33.599273681640625, 34.06367111206055, 34.551292419433594, 35.015689849853516, 35.4800910949707, 35.944488525390625, 36.40888977050781, 36.8848991394043, 37.360904693603516, 37.8253059387207, 38.289703369140625, 38.75410461425781, 39.2301139831543, 39.70612335205078], "rhythm.bpm_histogram": [0.0, 0.0, 0.0, 0.0, 0.0, 0.0, 0.0, 0.0, 0.0, 0.0, 0.0, 0.0, 0.0, 0.0, 0.0, 0.0, 0.0, 0.0, 0.0, 0.0, 0.0, 0.0, 0.0, 0.0, 0.0, 0.0, 0.0, 0.0, 0.0, 0.0, 0.0, 0.0, 0.0, 0.0, 0.0, 0.0, 0.0, 0.0, 0.0, 0.0, 0.0, 0.0, 0.0, 0.0, 0.0, 0.0, 0.0, 0.0, 0.0, 0.0, 0.0, 0.0, 0.0, 0.0, 0.0, 0.0, 0.0, 0.0, 0.0, 0.0, 0.0, 0.0, 0.0, 0.0, 0.0, 0.0, 0.0, 0.0, 0.0, 0.0, 0.0, 0.0, 0.0, 0.0, 0.0, 0.0, 0.0, 0.0, 0.0, 0.0, 0.0, 0.0, 0.0, 0.0, 0.0, 0.0, 0.0, 0.0, 0.0, 0.0, 0.0, 0.0, 0.0, 0.0, 0.0, 0.0, 0.0, 0.0, 0.0, 0.0, 0.0, 0.0, 0.0, 0.0, 0.0, 0.0, 0.0, 0.0, 0.0, 0.0, 0.0, 0.0, 0.0, 0.0, 0.0, 0.0, 0.0, 0.0, 0.0, 0.0, 0.048192769289016724, 0.0, 0.0, 0.09638553857803345, 0.0, 0.0, 0.39759036898612976, 0.0, 0.0, 0.4457831382751465, 0.0, 0.0, 0.0, 0.012048192322254181, 0.0, 0.0, 0.0, 0.0, 0.0, 0.0, 0.0, 0.0, 0.0, 0.0, 0.0, 0.0, 0.0, 0.0, 0.0, 0.0, 0.0, 0.0, 0.0, 0.0, 0.0, 0.0, 0.0, 0.0, 0.0, 0.0, 0.0, 0.0, 0.0, 0.0, 0.0, 0.0, 0.0, 0.0, 0.0, 0.0, 0.0, 0.0, 0.0, 0.0, 0.0, 0.0, 0.0, 0.0, 0.0, 0.0, 0.0, 0.0, 0.0, 0.0, 0.0, 0.0, 0.0, 0.0, 0.0, 0.0, 0.0, 0.0, 0.0, 0.0, 0.0, 0.0, 0.0, 0.0, 0.0, 0.0, 0.0, 0.0, 0.0, 0.0, 0.0, 0.0, 0.0, 0.0, 0.0, 0.0, 0.0, 0.0, 0.0, 0.0, 0.0, 0.0, 0.0, 0.0, 0.0, 0.0, 0.0, 0.0, 0.0, 0.0, 0.0, 0.0, 0.0, 0.0, 0.0, 0.0, 0.0, 0.0, 0.0, 0.0, 0.0, 0.0, 0.0, 0.0, 0.0, 0.0, 0.0, 0.0, 0.0, 0.0, 0.0, 0.0, 0.0, 0.0, 0.0, 0.0], "tonal.chords_histogram": [61.80555725097656, 0.8101851940155029, 0.6944444179534912, 0.23148147761821747, 0.0, 2.314814805984497, 8.796296119689941, 1.2731481790542603, 0.23148147761821747, 0.5787037014961243, 0.0, 0.0, 0.0, 0.0, 0.0, 0.0, 0.0, 0.0, 0.0, 0.0, 0.0, 0.0, 10.76388931274414, 12.5], "tonal.thpcp": [1.0, 0.4344194829463959, 0.17544732987880707, 0.143129363656044, 0.1962047517299652, 0.3736821115016937, 0.4192676246166229, 0.2979753017425537, 0.660651683807373, 0.8298894166946411, 0.3501158356666565, 0.08639974892139435, 0.07578997313976288, 0.09073232859373093, 0.15735842287540436, 0.16096101701259613, 0.08204079419374466, 0.05860530585050583, 0.07164482772350311, 0.11147764325141907, 0.2203613668680191, 0.2435925155878067, 0.14319999516010284, 0.07842949777841568, 0.07349216938018799, 0.07797469943761826, 0.09321913123130798, 0.09651853889226913, 0.08113200217485428, 0.09941992908716202, 0.12903591990470886, 0.1349465399980545, 0.13782300055027008, 0.1987275928258896, 0.41351383924484253, 0.9634170532226562], "lowlevel.gfcc.cov": [[14257.3427734375, -3317.96435546875, 3136.526123046875, 2860.2783203125, 969.7200927734375, 2406.521484375, 107.60629272460938, 1139.9935302734375, -59.69074249267578, 567.504150390625, -390.51446533203125, 609.7472534179688, -554.9056396484375], [-3317.96435546875, 4649.515625, -440.4893493652344, -861.3140869140625, 455.5770263671875, -1251.893798828125, 463.5851135253906, -705.095703125, 148.45242309570312, -580.8333129882812, 132.5730743408203, -582.8516235351562, 357.4955139160156], [3136.526123046875, -440.4893493652344, 3321.16259765625, 1877.5457763671875, 835.0014038085938, 1174.320556640625, 28.982471466064453, 116.46839904785156, 9.644618034362793, -136.6493377685547, -299.21533203125, -19.281455993652344, -391.81793212890625], [2860.2783203125, -861.3140869140625, 1877.5457763671875, 1876.289306640625, 796.67578125, 1062.9630126953125, 78.34410095214844, 233.76922607421875, 133.97691345214844, 13.439888954162598, -128.65000915527344, 43.13920593261719, -256.9431457519531], [969.7200927734375, 455.5770263671875, 835.0014038085938, 796.67578125, 958.968994140625, 571.74853515625, 381.40728759765625, 138.4646453857422, 285.6481628417969, 19.863019943237305, 9.521220207214355, -34.797996520996094, -73.13720703125], [2406.521484375, -1251.893798828125, 1174.320556640625, 1062.9630126953125, 571.74853515625, 1272.972900390625, 245.399169921875, 396.6872863769531, 195.6515350341797, 243.83724975585938, -16.02860450744629, 151.4154052734375, -241.00416564941406], [107.60629272460938, 463.5851135253906, 28.982471466064453, 78.34410095214844, 381.40728759765625, 245.399169921875, 569.260009765625, 272.7218322753906, 329.55023193359375, 149.700439453125, 158.2141876220703, 15.177098274230957, 5.088072776794434], [1139.9935302734375, -705.095703125, 116.46839904785156, 233.76922607421875, 138.4646453857422, 396.6872863769531, 272.7218322753906, 590.3046264648438, 289.2434387207031, 296.3268737792969, 94.44292449951172, 168.49256896972656, -76.8730239868164], [-59.69074249267578, 148.45242309570312, 9.644618034362793, 133.97691345214844, 285.6481628417969, 195.6515350341797, 329.55023193359375, 289.2434387207031, 475.87371826171875, 181.4839324951172, 145.39512634277344, 22.988048553466797, -14.619698524475098], [567.504150390625, -580.8333129882812, -136.6493377685547, 13.439888954162598, 19.863019943237305, 243.83724975585938, 149.700439453125, 296.3268737792969, 181.4839324951172, 356.0951232910156, 140.76902770996094, 142.26962280273438, -18.792083740234375], [-390.51446533203125, 132.5730743408203, -299.21533203125, -128.65000915527344, 9.521220207214355, -16.02860450744629, 158.2141876220703, 94.44292449951172, 145.39512634277344, 140.76902770996094, 224.02110290527344, 57.50346755981445, 65.11910247802734], [609.7472534179688, -582.8516235351562, -19.281455993652344, 43.13920593261719, -34.797996520996094, 151.4154052734375, 15.177098274230957, 168.49256896972656, 22.988048553466797, 142.26962280273438, 57.50346755981445, 236.21823120117188, 19.56679344177246], [-554.9056396484375, 357.4955139160156, -391.81793212890625, -256.9431457519531, -73.13720703125, -241.00416564941406, 5.088072776794434, -76.8730239868164, -14.619698524475098, -18.792083740234375, 65.11910247802734, 19.56679344177246, 193.95753479003906]], "lowlevel.gfcc.icov": [[0.00016149887233041227, -0.00012331546167843044, 2.942432001873385e-05, -0.00020924901764374226, 7.232894859043881e-05, -0.0001692334917606786, 6.79300501360558e-05, -0.00025277200620621443, 0.000260139669990167, -0.0002982830337714404, 0.0003991453268099576, -0.00033467705361545086, 7.706115138716996e-05], [-0.00012331546167843044, 0.0015424551675096154, -0.0005808493006043136, 0.0007971623563207686, -0.001135211787186563, 0.001456476398743689, -0.0013287317706272006, 0.0008127233013510704, -0.00039260831545107067, 0.0012929406948387623, -0.0014294037828221917, 0.002043327083811164, -0.0012050359509885311], [2.942432001873385e-05, -0.0005808493006043136, 0.0010775135597214103, -0.0009099520975723863, 0.00036445303703658283, -0.0007284722523763776, 0.0003571519337128848, -0.00011964329314650968, 0.00017261295579373837, -0.00016405858332291245, 0.000956369680352509, -0.0009113833075389266, 0.001069476711563766], [-0.00020924901764374226, 0.0007971623563207686, -0.0009099520975723863, 0.0025752775836735964, -0.0015476635890081525, -8.490927029924933e-06, 0.0004381496401038021, 2.4695866159163415e-05, -0.0005075986264273524, 0.0013649329775944352, -0.0015199347399175167, 0.0013429963728412986, -0.0006216434412635863], [7.232894859043881e-05, -0.001135211787186563, 0.00036445303703658283, -0.0015476635890081525, 0.0038589653559029102, -0.0015435829991474748, -0.0008376195328310132, 0.0003730837779585272, -0.0007527587004005909, -0.0006840982241556048, 0.0017739247996360064, -0.0012848719488829374, 0.00010330193617846817], [-0.0001692334917606786, 0.001456476398743689, -0.0007284722523763776, -8.490927029924933e-06, -0.0015435829991474748, 0.00396335031837225, -0.0018238950287923217, 0.0006647855043411255, 1.1680337593134027e-05, -4.715885370387696e-05, -0.0011207899078726768, 0.0011262407060712576, 0.0002614214608911425], [6.79300501360558e-05, -0.0013287317706272006, 0.0003571519337128848, 0.0004381496401038021, -0.0008376195328310132, -0.0018238950287923217, 0.006022714544087648, -0.0023799471091479063, -0.0006700863596051931, -0.0003553791029844433, -0.00105781271122396, -0.0006612540455535054, 0.0005988474003970623], [-0.00025277200620621443, 0.0008127233013510704, -0.00011964329314650968, 2.4695866159163415e-05, 0.0003730837779585272, 0.0006647855043411255, -0.0023799471091479063, 0.005629645194858313, -0.0022108261473476887, -0.0012256144545972347, 0.0005568881169892848, -0.0008089542388916016, 0.0004395199357531965], [0.000260139669990167, -0.00039260831545107067, 0.00017261295579373837, -0.0005075986264273524, -0.0007527587004005909, 1.1680337593134027e-05, -0.0006700863596051931, -0.0022108261473476887, 0.0054413387551903725, -0.0013965996913611889, -0.0008607640629634261, 0.0004450264386832714, 0.0005350892897695303], [-0.0002982830337714404, 0.0012929406948387623, -0.00016405858332291245, 0.0013649329775944352, -0.0006840982241556048, -4.715885370387696e-05, -0.0003553791029844433, -0.0012256144545972347, -0.0013965996913611889, 0.008846561424434185, -0.004615717101842165, 0.0004802804905921221, -0.00029963316046632826], [0.0003991453268099576, -0.0014294037828221917, 0.000956369680352509, -0.0015199347399175167, 0.0017739247996360064, -0.0011207899078726768, -0.00105781271122396, 0.0005568881169892848, -0.0008607640629634261, -0.004615717101842165, 0.011310862377285957, -0.003378814784809947, -0.000748965423554182], [-0.00033467705361545086, 0.002043327083811164, -0.0009113833075389266, 0.0013429963728412986, -0.0012848719488829374, 0.0011262407060712576, -0.0006612540455535054, -0.0008089542388916016, 0.0004450264386832714, 0.0004802804905921221, -0.003378814784809947, 0.010349266231060028, -0.004003595560789108], [7.706115138716996e-05, -0.0012050359509885311, 0.001069476711563766, -0.0006216434412635863, 0.00010330193617846817, 0.0002614214608911425, 0.0005988474003970623, 0.0004395199357531965, 0.0005350892897695303, -0.00029963316046632826, -0.000748965423554182, -0.004003595560789108, 0.010123197920620441]], "lowlevel.mfcc.cov": [[13355.3359375, -3684.845458984375, 2145.78466796875, 850.2734985351562, 1529.9981689453125, 1322.0574951171875, 907.4859619140625, 1064.605224609375, 537.3917846679688, 430.8785400390625, 674.3278198242188, 483.1858825683594, -281.1066589355469], [-3684.845458984375, 4610.056640625, -1013.6961059570312, 185.67445373535156, -602.2264404296875, -533.9781494140625, -199.7926483154297, -409.45281982421875, -56.069252014160156, -179.42538452148438, -372.5812072753906, -335.28662109375, 69.46226501464844], [2145.78466796875, -1013.6961059570312, 2526.0927734375, 767.627685546875, 1071.7034912109375, 906.2302856445312, 388.8465576171875, 523.6306762695312, 111.89588165283203, 132.95545959472656, 221.09396362304688, 103.91034698486328, -394.59698486328125], [850.2734985351562, 185.67445373535156, 767.627685546875, 874.3681640625, 594.2543334960938, 407.50775146484375, 205.64718627929688, 265.6694030761719, 131.23544311523438, 87.90997314453125, 55.71766662597656, 5.2879638671875, -108.70561218261719], [1529.9981689453125, -602.2264404296875, 1071.7034912109375, 594.2543334960938, 979.2959594726562, 743.2061157226562, 324.7569885253906, 440.6903991699219, 167.5339813232422, 223.1832275390625, 217.0970458984375, 75.26996612548828, -221.242431640625], [1322.0574951171875, -533.9781494140625, 906.2302856445312, 407.50775146484375, 743.2061157226562, 903.611083984375, 390.471923828125, 412.3447570800781, 145.89910888671875, 250.87428283691406, 245.12503051757812, 68.9302749633789, -162.0693817138672], [907.4859619140625, -199.7926483154297, 388.8465576171875, 205.64718627929688, 324.7569885253906, 390.471923828125, 387.4307861328125, 263.2295227050781, 152.90240478515625, 165.5820770263672, 177.13113403320312, 122.92061614990234, 15.353421211242676], [1064.605224609375, -409.45281982421875, 523.6306762695312, 265.6694030761719, 440.6903991699219, 412.3447570800781, 263.2295227050781, 509.7599182128906, 245.68264770507812, 253.1922149658203, 270.8672180175781, 168.89602661132812, -1.9339135885238647], [537.3917846679688, -56.069252014160156, 111.89588165283203, 131.23544311523438, 167.5339813232422, 145.89910888671875, 152.90240478515625, 245.68264770507812, 297.1378173828125, 213.59417724609375, 184.95712280273438, 150.2593231201172, 114.25328826904297], [430.8785400390625, -179.42538452148438, 132.95545959472656, 87.90997314453125, 223.1832275390625, 250.87428283691406, 165.5820770263672, 253.1922149658203, 213.59417724609375, 364.0921630859375, 284.91180419921875, 157.6450653076172, 73.57117462158203], [674.3278198242188, -372.5812072753906, 221.09396362304688, 55.71766662597656, 217.0970458984375, 245.12503051757812, 177.13113403320312, 270.8672180175781, 184.95712280273438, 284.91180419921875, 373.81121826171875, 234.92298889160156, 77.16281127929688], [483.1858825683594, -335.28662109375, 103.91034698486328, 5.2879638671875, 75.26996612548828, 68.9302749633789, 122.92061614990234, 168.89602661132812, 150.2593231201172, 157.6450653076172, 234.92298889160156, 295.8838195800781, 162.2166290283203], [-281.1066589355469, 69.46226501464844, -394.59698486328125, -108.70561218261719, -221.242431640625, -162.0693817138672, 15.353421211242676, -1.9339135885238647, 114.25328826904297, 73.57117462158203, 77.16281127929688, 162.2166290283203, 348.8744812011719]], "lowlevel.mfcc.icov": [[0.00012523707118816674, 9.048778156284243e-05, 6.393509920599172e-06, -7.233225187519565e-05, -5.756388873123797e-06, 1.9448376406216994e-05, -0.00017154666420537978, -1.1602400263655e-05, -0.00017864766414277256, 0.00013407737424131483, -7.479041232727468e-05, -2.5756853574421257e-05, 0.00013920573110226542], [9.048778156284243e-05, 0.0003824533778242767, 9.831124043557793e-05, -0.0003798191319219768, 0.0002801692462526262, 5.0433791329851374e-05, -0.00024837194359861314, 0.00013337290147319436, -0.0003246917331125587, -2.2245623767958023e-05, 1.4354621271195356e-05, 0.0002646267239470035, 0.0001871879940154031], [6.393509920599172e-06, 9.831124043557793e-05, 0.0009701562230475247, -0.0004055966855958104, -0.0002705875667743385, -0.00033574170083738863, -4.370584792923182e-05, -0.00020513677736744285, 1.9738175979000516e-05, 0.0004280051216483116, 3.616055619204417e-05, -0.0006774991634301841, 0.00084001908544451], [-7.233225187519565e-05, -0.0003798191319219768, -0.0004055966855958104, 0.0026333637069910765, -0.0017241638852283359, 0.0003141162160318345, -3.1012601539259776e-05, -0.00020382367074489594, -0.0002603274188004434, 0.00019196596986148506, 0.00047008434194140136, 0.0003736198996193707, -0.0008010437013581395], [-5.756388873123797e-06, 0.0002801692462526262, -0.0002705875667743385, -0.0017241638852283359, 0.00505828158929944, -0.0021869728807359934, 0.0002442522963974625, -0.0007380853639915586, -0.0005170815857127309, -0.0006292688194662333, 0.00047673715744167566, -0.0007935051107779145, 0.0018388178432360291], [1.9448376406216994e-05, 5.0433791329851374e-05, -0.00033574170083738863, 0.0003141162160318345, -0.0021869728807359934, 0.00450647808611393, -0.0023695460986346006, -0.0004880709166172892, 0.0010304235620424151, -0.0009082899196073413, -0.0008609899086877704, 0.001658063498325646, -0.00019450932450126857], [-0.00017154666420537978, -0.00024837194359861314, -4.370584792923182e-05, -3.1012601539259776e-05, 0.0002442522963974625, -0.0023695460986346006, 0.006056167185306549, -0.0007336199632845819, -0.0005774540477432311, 0.00017958293028641492, 0.00018411299970466644, -0.0011460711248219013, -0.0007209252216853201], [-1.1602400263655e-05, 0.00013337290147319436, -0.00020513677736744285, -0.00020382367074489594, -0.0007380853639915586, -0.0004880709166172892, -0.0007336199632845819, 0.006110630463808775, -0.002909506671130657, 7.3723595050978474e-06, -0.001610741252079606, -9.94035362964496e-05, 0.00039368707803077996], [-0.00017864766414277256, -0.0003246917331125587, 1.9738175979000516e-05, -0.0002603274188004434, -0.0005170815857127309, 0.0010304235620424151, -0.0005774540477432311, -0.002909506671130657, 0.00932686310261488, -0.0034941150806844234, 0.0010237244423478842, -0.0007934950408525765, -0.0021531260572373867], [0.00013407737424131483, -2.2245623767958023e-05, 0.0004280051216483116, 0.00019196596986148506, -0.0006292688194662333, -0.0009082899196073413, 0.00017958293028641492, 7.3723595050978474e-06, -0.0034941150806844234, 0.0095949936658144, -0.006321964785456657, 0.0018610457191243768, -0.0005186682683415711], [-7.479041232727468e-05, 1.4354621271195356e-05, 3.616055619204417e-05, 0.00047008434194140136, 0.00047673715744167566, -0.0008609899086877704, 0.00018411299970466644, -0.001610741252079606, 0.0010237244423478842, -0.006321964785456657, 0.012290635146200657, -0.006619981490075588, 0.0013672043569386005], [-2.5756853574421257e-05, 0.0002646267239470035, -0.0006774991634301841, 0.0003736198996193707, -0.0007935051107779145, 0.001658063498325646, -0.0011460711248219013, -9.94035362964496e-05, -0.0007934950408525765, 0.0018610457191243768, -0.006619981490075588, 0.011356571689248085, -0.004355282057076693], [0.00013920573110226542, 0.0001871879940154031, 0.00084001908544451, -0.0008010437013581395, 0.0018388178432360291, -0.00019450932450126857, -0.0007209252216