{"song_id": "1183717581069234236", "download": "https://cdn.discordapp.com/attachments/1135903449314238464/1183717581069234236/chirp.mp4?ex=658959e7&amp", "lyrics": "[Verse]\nKate, oh Kate, you light up my days\nWith your smile that never fades away\nYour kindness and grace, brighter than the sun\nIn my heart, you are the only one\n[Chorus]\nKate is the sweetest thing in my life\nHer love makes everything feel right\nWith her by my side, I'll never fall\nKate, forever you have my all", "style": ["random"], "essentia_features": {"lowlevel.average_loudness": 0.96886146068573, "lowlevel.barkbands_crest.mean": 15.346389770507812, "lowlevel.barkbands_crest.stdev": 4.69938325881958, "lowlevel.barkbands_flatness_db.mean": 0.3139798939228058, "lowlevel.barkbands_flatness_db.stdev": 0.05357120558619499, "lowlevel.barkbands_kurtosis.mean": 15.471766471862793, "lowlevel.barkbands_kurtosis.stdev": 18.775558471679688, "lowlevel.barkbands_skewness.mean": 2.890657424926758, "lowlevel.barkbands_skewness.stdev": 2.014735221862793, "lowlevel.barkbands_spread.mean": 7.937021732330322, "lowlevel.barkbands_spread.stdev": 8.385464668273926, "lowlevel.dissonance.mean": 0.40022987127304077, "lowlevel.dissonance.stdev": 0.05058108642697334, "lowlevel.dynamic_complexity": 3.487360715866089, "lowlevel.erbbands_crest.mean": 16.3453311920166, "lowlevel.erbbands_crest.stdev": 6.120361328125, "lowlevel.erbbands_flatness_db.mean": 0.33379247784614563, "lowlevel.erbbands_flatness_db.stdev": 0.047864679247140884, "lowlevel.erbbands_kurtosis.mean": 4.89424467086792, "lowlevel.erbbands_kurtosis.stdev": 7.112401485443115, "lowlevel.erbbands_skewness.mean": 1.582302451133728, "lowlevel.erbbands_skewness.stdev": 1.4200282096862793, "lowlevel.erbbands_spread.mean": 20.969348907470703, "lowlevel.erbbands_spread.stdev": 14.203064918518066, "lowlevel.hfc.mean": 13.415567398071289, "lowlevel.hfc.stdev": 12.920883178710938, "lowlevel.loudness_ebu128.integrated": -17.022769927978516, "lowlevel.loudness_ebu128.loudness_range": 1.803091049194336, "lowlevel.loudness_ebu128.momentary.mean": -17.587583541870117, "lowlevel.loudness_ebu128.momentary.stdev": 2.360945224761963, "lowlevel.loudness_ebu128.short_term.mean": -16.979652404785156, "lowlevel.loudness_ebu128.short_term.stdev": 0.6409302353858948, "lowlevel.melbands_crest.mean": 19.01894760131836, "lowlevel.melbands_crest.stdev": 6.078145503997803, "lowlevel.melbands_flatness_db.mean": 0.3285028338432312, "lowlevel.melbands_flatness_db.stdev": 0.06662458926439285, "lowlevel.melbands_kurtosis.mean": 29.162109375, "lowlevel.melbands_kurtosis.stdev": 34.434932708740234, "lowlevel.melbands_skewness.mean": 3.7006280422210693, "lowlevel.melbands_skewness.stdev": 2.384026288986206, "lowlevel.melbands_spread.mean": 11.172469139099121, "lowlevel.melbands_spread.stdev": 18.220653533935547, "lowlevel.pitch_salience.mean": 0.4676439166069031, "lowlevel.pitch_salience.stdev": 0.1400621235370636, "lowlevel.silence_rate_20dB.mean": 1.0, "lowlevel.silence_rate_20dB.stdev": 0.0, "lowlevel.silence_rate_30dB.mean": 1.0, "lowlevel.silence_rate_30dB.stdev": 0.0, "lowlevel.silence_rate_60dB.mean": 0.12721893191337585, "lowlevel.silence_rate_60dB.stdev": 0.33321884274482727, "lowlevel.spectral_centroid.mean": 853.5430908203125, "lowlevel.spectral_centroid.stdev": 717.9485473632812, "lowlevel.spectral_complexity.mean": 7.682692527770996, "lowlevel.spectral_complexity.stdev": 3.5043160915374756, "lowlevel.spectral_decrease.mean": -5.157120508414437e-09, "lowlevel.spectral_decrease.stdev": 4.5217580790790635e-09, "lowlevel.spectral_energy.mean": 0.0206809900701046, "lowlevel.spectral_energy.stdev": 0.01798558235168457, "lowlevel.spectral_energyband_high.mean": 0.00031608875724487007, "lowlevel.spectral_energyband_high.stdev": 0.0012425534659996629, "lowlevel.spectral_energyband_low.mean": 9.949064860848011e-07, "lowlevel.spectral_energyband_low.stdev": 2.5464642021688633e-06, "lowlevel.spectral_energyband_middle_high.mean": 0.0028232820332050323, "lowlevel.spectral_energyband_middle_high.stdev": 0.005006797146052122, "lowlevel.spectral_energyband_middle_low.mean": 0.017664747312664986, "lowlevel.spectral_energyband_middle_low.stdev": 0.016366802155971527, "lowlevel.spectral_entropy.mean": 6.624817848205566, "lowlevel.spectral_entropy.stdev": 0.5419989228248596, "lowlevel.spectral_flux.mean": 0.05425957590341568, "lowlevel.spectral_flux.stdev": 0.04315169155597687, "lowlevel.spectral_kurtosis.mean": 7.547885417938232, "lowlevel.spectral_kurtosis.stdev": 6.87341833114624, "lowlevel.spectral_rms.mean": 0.004043118562549353, "lowlevel.spectral_rms.stdev": 0.001956980675458908, "lowlevel.spectral_rolloff.mean": 1028.384521484375, "lowlevel.spectral_rolloff.stdev": 1359.5748291015625, "lowlevel.spectral_skewness.mean": 1.7858448028564453, "lowlevel.spectral_skewness.stdev": 0.854946494102478, "lowlevel.spectral_spread.mean": 3086438.75, "lowlevel.spectral_spread.stdev": 1235693.875, "lowlevel.spectral_strongpeak.mean": 1.720712661743164, "lowlevel.spectral_strongpeak.stdev": 1.2916183471679688, "lowlevel.zerocrossingrate.mean": 0.041277460753917694, "lowlevel.zerocrossingrate.stdev": 0.04173855483531952, "metadata.audio_properties.analysis.equal_loudness": 0.0, "metadata.audio_properties.analysis.length": 31.35997772216797, "metadata.audio_properties.analysis.sample_rate": 44100.0, "metadata.audio_properties.analysis.start_time": 0.0, "metadata.audio_properties.bit_rate": 121982.0, "metadata.audio_properties.length": 31.360000610351562, "metadata.audio_properties.lossless": 0.0, "metadata.audio_properties.number_channels": 1.0, "metadata.audio_properties.replay_gain": -11.209615707397461, "metadata.audio_properties.sample_rate": 48000.0, "rhythm.beats_count": 65.0, "rhythm.beats_loudness.mean": 0.02827521227300167, "rhythm.beats_loudness.stdev": 0.017139913514256477, "rhythm.bpm": 126.38256072998047, "rhythm.bpm_histogram_first_peak_bpm": 126.0, "rhythm.bpm_histogram_first_peak_weight": 0.4262295365333557, "rhythm.bpm_histogram_second_peak_bpm": 120.0, "rhythm.bpm_histogram_second_peak_spread": 0.0, "rhythm.bpm_histogram_second_peak_weight": 0.046875, "rhythm.danceability": 1.399688959121704, "rhythm.onset_rate": 3.951338768005371, "tonal.chords_changes_rate": 0.07385524362325668, "tonal.chords_number_rate": 0.011816838756203651, "tonal.chords_strength.mean": 0.5010799169540405, "tonal.chords_strength.stdev": 0.07239316403865814, "tonal.hpcp_crest.mean": 19.560657501220703, "tonal.hpcp_crest.stdev": 8.115241050720215, "tonal.hpcp_entropy.mean": 1.2643097639083862, "tonal.hpcp_entropy.stdev": 0.651685893535614, "tonal.key_edma.strength": 0.6452223658561707, "tonal.key_krumhansl.strength": 0.6525940299034119, "tonal.key_temperley.strength": 0.6641276478767395, "tonal.tuning_diatonic_strength": 0.5943923592567444, "tonal.tuning_equal_tempered_deviation": 0.013963972218334675, "tonal.tuning_frequency": 443.57257080078125, "tonal.tuning_nontempered_energy_ratio": 0.644646406173706, "lowlevel.barkbands.mean": [4.0657482713868376e-07, 1.3370458873396274e-07, 3.5632365325000137e-07, 1.113559733312286e-06, 0.001712171477265656, 0.005046046804636717, 0.005787355359643698, 0.002463736804202199, 0.002316530793905258, 0.0009359709220007062, 0.00029102020198479295, 0.00045947416219860315, 0.00033405807334929705, 0.0005814950563944876, 0.00013182114344090223, 0.00012185172090539709, 8.195800910471007e-05, 4.890189666184597e-05, 2.3518390662502497e-05, 0.00011145760072395205, 0.00010629916505422443, 4.701384750660509e-05, 7.581480167573318e-05, 2.2660055947199e-06, 1.7240787997252482e-07, 6.210814973428569e-08, 1.190386678118216e-09], "lowlevel.barkbands.stdev": [4.5184745545157057e-07, 3.5371218132240756e-07, 1.0577394959909725e-06, 3.6118990465183742e-06, 0.002938996534794569, 0.008350121788680553, 0.008777470327913761, 0.0063449363224208355, 0.006583156064152718, 0.00318021303974092, 0.0008595014805905521, 0.001267250394448638, 0.0011989258928224444, 0.0019024764187633991, 0.0003737226070370525, 0.0003749281167984009, 0.00019844093185383826, 9.892349044093862e-05, 5.3766401833854616e-05, 0.0005570849170908332, 0.0003579511248972267, 0.0002729271654970944, 0.00035554898204281926, 1.3432202649710234e-05, 7.912135515653063e-07, 2.903483959926234e-07, 1.0790320636999695e-08], "lowlevel.erbbands.mean": [8.645675734442193e-06, 5.702555790776387e-05, 0.00048451920156367123, 0.004904587287455797, 0.120985247194767, 4.823197364807129, 26.902626037597656, 48.01917266845703, 97.06351470947266, 52.818519592285156, 56.65134811401367, 38.7393798828125, 50.274776458740234, 18.655241012573242, 10.52049732208252, 17.591089248657227, 15.578206062316895, 30.191057205200195, 14.091097831726074, 5.755913734436035, 7.838420867919922, 5.452043056488037, 2.4876277446746826, 2.0876989364624023, 1.4717284440994263, 5.658531188964844, 4.921119689941406, 3.7219629287719727, 1.8569995164871216, 1.834048867225647, 2.107355833053589, 0.31014367938041687, 0.017615031450986862, 0.0027410362381488085, 0.0012099872110411525, 0.0005419697845354676, 7.25840000086464e-05, 7.2563689172966406e-06, 1.1181411537108943e-05, 2.4073178792605177e-05], "lowlevel.erbbands.stdev": [1.1698677553795278e-05, 0.00010824946366483346, 0.000951579597312957, 0.008397920988500118, 0.1922968178987503, 7.388466835021973, 37.918212890625, 80.20899200439453, 147.39022827148438, 100.26842498779297, 146.61746215820312, 114.48336029052734, 137.96107482910156, 51.48208999633789, 21.81267547607422, 50.022499084472656, 44.98548126220703, 107.85978698730469, 27.267431259155273, 18.615123748779297, 24.02004623413086, 12.605820655822754, 5.542322635650635, 3.7012319564819336, 4.965714931488037, 30.376073837280273, 17.20819664001465, 14.125514030456543, 10.902491569519043, 10.40487289428711, 9.57541561126709, 1.5956965684890747, 0.09828222543001175, 0.01215745136141777, 0.00518361059948802, 0.002240376779809594, 0.00037461775355041027, 5.743444125982933e-05, 9.6320054581156e-06, 2.055421100521926e-05], "lowlevel.gfcc.mean": [-145.32626342773438, 107.94917297363281, -207.33993530273438, -12.492720603942871, -119.69949340820312, -47.048458099365234, -43.76280212402344, -49.02390670776367, 3.1052401065826416, -10.13550853729248, 3.845794916152954, 0.3688753545284271, 3.0053675174713135], "lowlevel.melbands.mean": [5.222590360176582e-08, 1.3688737965367181e-07, 8.637537121103378e-07, 0.00012706127017736435, 0.0008171460940502584, 0.0011461342219263315, 0.0013369704829528928, 0.0005471038748510182, 0.000429711741162464, 0.00026703320327214897, 0.0002566696784924716, 8.019187225727364e-05, 3.626830584835261e-05, 4.1721839806996286e-05, 4.950800212100148e-05, 3.559585820767097e-05, 5.849343870067969e-05, 2.550626959418878e-05, 8.652293217892293e-06, 6.055475296307122e-06, 9.469294127484318e-06, 6.020982709742384e-06, 1.9330195755173918e-06, 2.649261659826152e-06, 1.6023470834625186e-06, 7.887934430073074e-07, 1.5565883586532436e-06, 4.5450169636751525e-06, 3.1987647162168287e-06, 2.5305935196229257e-06, 2.0471422885748325e-06, 1.1251962632741197e-06, 6.781104957553907e-07, 1.2039809007546864e-06, 1.4485177644019132e-06, 5.889636440770118e-07, 4.3147551309630217e-08, 7.759038744836744e-09, 2.026449452685597e-09, 1.7361064807985827e-09], "lowlevel.melbands.stdev": [9.6732691190482e-08, 3.762810365515179e-07, 2.1940061287750723e-06, 0.00020598330593202263, 0.001124461879953742, 0.0017498177476227283, 0.001957894302904606, 0.0011087600141763687, 0.0011556700337678194, 0.0008234330452978611, 0.0007041466888040304, 0.0002534736122470349, 8.672547846799716e-05, 0.00013967519043944776, 0.0001877121685538441, 0.00011607781198108569, 0.00022928547696210444, 5.1658171287272125e-05, 2.8040691177011468e-05, 1.9516777683747932e-05, 3.1743817089591175e-05, 1.5081144738360308e-05, 4.3745303628384136e-06, 5.4663714763592e-06, 3.0552500902558677e-06, 2.096355729008792e-06, 7.78832418291131e-06, 2.5895902581396513e-05, 1.1957417882513255e-05, 8.399784746870864e-06, 8.594210157752968e-06, 6.458496500272304e-06, 4.817673470824957e-06, 6.522167950606672e-06, 6.601508630410535e-06, 3.0365827115019783e-06, 2.875453617434687e-07, 5.15216491692172e-08, 1.159565599095913e-08, 9.911031106923929e-09], "lowlevel.melbands128.mean": [1.0896403068727523e-07, 4.0569485548758166e-08, 3.679828708413879e-08, 5.767912014675858e-08, 1.0024853480672391e-07, 2.0400048583724129e-07, 3.5509822282620007e-07, 6.497733124888327e-07, 1.6800008779682685e-06, 1.7695672795525752e-05, 0.0001890760031528771, 0.0007819917518645525, 0.0010304597672075033, 0.0008458969532512128, 0.0007787247886881232, 0.001378087094053626, 0.0021248876582831144, 0.0013176786014810205, 0.0003386460884939879, 0.0006620982894673944, 0.0005027368315495551, 0.000679767457768321, 0.00033494047238491476, 0.00037653493927791715, 0.00011890524910995737, 0.0002807835699059069, 0.00046831832150928676, 0.00017839220527093858, 0.00020000677614007145, 8.207433711504564e-05, 4.292151061235927e-05, 5.930908446316607e-05, 3.4386481274850667e-05, 1.6987645722110756e-05, 4.4312131649348885e-05, 4.730877481051721e-05, 3.303555422462523e-05, 8.7579115643166e-05, 2.3144901206251234e-05, 1.8932489183498546e-05, 3.8326659705489874e-05, 5.873091140529141e-05, 7.329753861995414e-05, 4.849822653341107e-05, 3.527110311551951e-05, 2.6510546376812272e-05, 7.1427220973419026e-06, 8.716197953617666e-06, 9.531521754979622e-06, 6.4992041188816074e-06, 3.300312755527557e-06, 6.954157470318023e-06, 1.604869612492621e-05, 6.2837734731147066e-06, 4.081247880094452e-06, 8.584816896473058e-06, 5.837397566210711e-06, 8.411893759330269e-07, 1.0794178706419189e-06, 2.362559143875842e-06, 2.5758561150723835e-06, 3.4111353670596145e-06, 2.02228920898051e-06, 1.0426615517644677e-06, 8.145735819198308e-07, 8.666385156175238e-07, 6.34952641576092e-07, 9.170317412099394e-07, 1.6921953829296399e-06, 2.4835680960677564e-06, 4.952692961524008e-06, 5.78833441977622e-06, 3.3282844924542587e-06, 2.838831960616517e-06, 2.8106999252486276e-06, 2.856312676158268e-06, 1.9571100438042777e-06, 2.519058625694015e-06, 2.1168038983887527e-06, 1.658829773987236e-06, 1.2367004273983184e-06, 9.283986628361163e-07, 7.216664243969717e-07, 6.04613148880162e-07, 5.961296096756996e-07, 1.0595812227620627e-06, 1.3191220205044374e-06, 1.7810393728723284e-06, 1.544781071061152e-06, 1.193991693071439e-06, 8.867316978466988e-07, 4.0964863501358195e-07, 6.355718085160333e-08, 3.896587585927591e-08, 2.1272120065418676e-08, 9.812540113784962e-09, 5.452121421001266e-09, 3.2033102836948046e-09, 1.6951589021374502e-09, 1.762838874874717e-09, 1.5145005249905807e-09, 1.9577457432973233e-09, 1.7151260411907288e-09, 1.0999210431350548e-09, 1.0929660509972905e-09, 1.5296237609874197e-09, 1.0527347882316462e-09, 7.389902023646755e-10, 9.971795611463108e-10, 1.065173615977244e-09, 4.393857222506625e-10, 1.7459093892835398e-10, 6.71765282289627e-11, 5.131819275083771e-11, 4.6151200916444424e-11, 2.922442496333666e-11, 1.6361518043184198e-11, 5.819560545267111e-12, 4.786328017952757e-12, 3.578299115347683e-12, 3.415120833696883e-12, 3.304324262126679e-12, 3.240013509223094e-12, 3.1812523535595938e-12, 3.1014847808041868e-12, 3.002812408448019e-12, 2.9433907568210405e-12, 2.9226564744744277e-12], "lowlevel.melbands128.stdev": [1.425537590193926e-07, 8.298286502395058e-08, 9.92334250327076e-08, 1.7545407615671138e-07, 3.082888895278302e-07, 6.322304102468479e-07, 1.1707516023307107e-06, 2.241857600893127e-06, 5.0638218453968875e-06, 5.253389463177882e-05, 0.000330603972543031, 0.0013885319931432605, 0.0015386812156066298, 0.0019210410537198186, 0.001600995077751577, 0.0033048847690224648, 0.0033607231453061104, 0.002411522436887026, 0.000769530248362571, 0.001821214915253222, 0.0014009897131472826, 0.002359473379328847, 0.0012332928599789739, 0.0016675640363246202, 0.0006275665364228189, 0.0014223046600818634, 0.0016253878129646182, 0.0007749104988761246, 0.00084564188728109, 0.00037228857399895787, 0.00020626754849217832, 0.00021876749815419316, 0.000107044936157763, 8.116472599795088e-05, 0.00015341014659497887, 0.00026029173750430346, 0.00012496678391471505, 0.00035819405457004905, 0.00016930369019974023, 9.393344953423366e-05, 0.00018048944184556603, 0.00024833864881657064, 0.00037066853838041425, 0.00027988155488856137, 8.851681195665151e-05, 7.213996286736801e-05, 2.875696554838214e-05, 3.5899483918910846e-05, 4.4626758608501405e-05, 3.3920849091373384e-05, 1.4488939086731989e-05, 3.071144237765111e-05, 6.293834303505719e-05, 2.6119389076484367e-05, 1.7454240150982514e-05, 2.5755125534487888e-05, 1.7660564481047913e-05, 2.2880008145875763e-06, 3.346164476170088e-06, 1.0272892723151017e-05, 6.201559699547943e-06, 8.708510904398281e-06, 4.782993983099004e-06, 3.1456258966500172e-06, 2.1040088995505357e-06, 2.900711479014717e-06, 2.1896253201703075e-06, 3.6864782941847807e-06, 9.287581633543596e-06, 1.498995152360294e-05, 3.50049594999291e-05, 3.141636261716485e-05, 1.5463501767953858e-05, 1.1409153557906393e-05, 9.67816959018819e-06, 1.0282320545229595e-05, 7.940710020193364e-06, 9.918258001562208e-06, 1.0211670996795874e-05, 7.807570000295527e-06, 6.648888756899396e-06, 6.589962595171528e-06, 6.331815711746458e-06, 4.0806244214763865e-06, 4.192947471892694e-06, 7.2283401095774025e-06, 6.653187938354677e-06, 8.317202627949882e-06, 7.428306616930058e-06, 5.821273134642979e-06, 4.657190402213018e-06, 2.6327770683565177e-06, 3.095997840318887e-07, 3.7797673257955466e-07, 1.6587753748353862e-07, 6.584479450566505e-08, 3.787530644672188e-08, 2.8502075366532154e-08, 1.0994982702072775e-08, 8.837197640332306e-09, 9.417027158065139e-09, 1.29555237649015e-08, 1.0663856464532273e-08, 7.30837790285932e-09, 6.065305147018307e-09, 7.23957516157725e-09, 4.613628590277585e-09, 3.2656890525117888e-09, 4.688974541977586e-09, 6.009419628583146e-09, 2.203297544411953e-09, 1.4417516069897829e-09, 1.0446922216189591e-09, 9.52190104541728e-10, 9.184783489324388e-10, 7.376995680985488e-10, 3.0361940739354054e-10, 7.695828696530072e-11, 4.263438907470274e-11, 6.3456024289310076e-12, 5.5913654782580036e-12, 5.361178948698475e-12, 5.253323817622224e-12, 5.163871500540873e-12, 5.087117792984541e-12, 5.027654941675008e-12, 4.983683604686817e-12, 4.956768936276168e-12], "lowlevel.mfcc.mean": [-765.3284912109375, 133.7272491455078, -64.35619354248047, 3.379037380218506, -74.69437408447266, -7.5786333084106445, -65.98657989501953, -25.30226707458496, -39.30757141113281, -9.868049621582031, -20.541173934936523, -2.6694111824035645, -4.912843227386475], "lowlevel.spectral_contrast_coeffs.mean": [-0.4582042694091797, -0.5819621086120605, -0.7147846817970276, -0.7628394365310669, -0.7980711460113525, -0.5943135619163513], "lowlevel.spectral_contrast_coeffs.stdev": [0.10578924417495728, 0.09570737928152084, 0.09366223216056824, 0.0622791089117527, 0.04772781580686569, 0.07087137550115585], "lowlevel.spectral_contrast_valleys.mean": [-10.536443710327148, -7.61056661605835, -8.309123992919922, -8.477907180786133, -8.627130508422852, -13.617080688476562], "lowlevel.spectral_contrast_valleys.stdev": [0.8994925022125244, 1.0618765354156494, 0.9747782349586487, 0.9177531003952026, 0.9338150024414062, 1.0751216411590576], "rhythm.beats_loudness_band_ratio.mean": [0.0002569768112152815, 0.41970354318618774, 0.5514399409294128, 0.07968229800462723, 0.03881317377090454, 0.012270101346075535], "rhythm.beats_loudness_band_ratio.stdev": [0.0004309385840315372, 0.28122445940971375, 0.29877254366874695, 0.12182202935218811, 0.039611734449863434, 0.026819070801138878], "tonal.hpcp.mean": [0.007188891991972923, 0.005132792517542839, 0.010703641921281815, 0.02004810981452465, 0.03558589518070221, 0.1033630520105362, 0.1481008529663086, 0.08012153208255768, 0.020217493176460266, 0.018583226948976517, 0.03345315158367157, 0.15446947515010834, 0.2841756343841553, 0.17520177364349365, 0.02983502857387066, 0.013431919738650322, 0.01509945746511221, 0.09025859832763672, 0.17271152138710022, 0.11101347953081131, 0.03994402661919594, 0.036850087344646454, 0.020874060690402985, 0.014046884141862392, 0.022893289104104042, 0.043836962431669235, 0.12236232310533524, 0.2321828007698059, 0.16581496596336365, 0.048414744436740875, 0.03468205779790878, 0.034047890454530716, 0.23945730924606323, 0.40519508719444275, 0.19759339094161987, 0.014494816772639751], "tonal.hpcp.stdev": [0.04431598260998726, 0.02952045388519764, 0.042066365480422974, 0.07161451131105423, 0.11681602150201797, 0.23283419013023376, 0.3030127286911011, 0.20561587810516357, 0.09325562417507172, 0.09654165059328079, 0.12279315292835236, 0.25628310441970825, 0.39196813106536865, 0.28073474764823914, 0.11985646933317184, 0.06925308704376221, 0.07062589377164841, 0.17371131479740143, 0.31079334020614624, 0.21746914088726044, 0.14676159620285034, 0.16503290832042694, 0.0997040793299675, 0.06871570646762848, 0.09748217463493347, 0.14448773860931396, 0.22780078649520874, 0.35333192348480225, 0.28131550550460815, 0.15766005218029022, 0.12199647724628448, 0.1173565685749054, 0.28139570355415344, 0.42100465297698975, 0.2335379421710968, 0.06399420648813248], "rhythm.beats_position": [0.5108389854431152, 1.0100680589675903, 1.5092970132827759, 1.9853061437606812, 2.461315155029297, 2.937324285507202, 3.4133331775665283, 3.8893423080444336, 4.36535120010376, 4.8297505378723145, 5.31736946105957, 5.7933783531188965, 6.269387722015381, 6.757006645202637, 7.221405982971191, 7.709024906158447, 8.173423767089844, 8.637823104858398, 9.102222442626953, 9.566620826721191, 10.031020164489746, 10.51863956451416, 11.006258010864258, 11.493877410888672, 11.969886779785156, 12.445895195007324, 12.921904563903809, 13.397913932800293, 13.873922348022461, 14.349931716918945, 14.82594108581543, 15.301949501037598, 15.766348838806152, 16.25396728515625, 16.729976654052734, 17.20598602294922, 17.681995391845703, 18.158004760742188, 18.634014129638672, 19.098411560058594, 19.574420928955078, 20.038820266723633, 20.514829635620117, 20.9908390045166, 21.466848373413086, 21.954465866088867, 22.43047523498535, 22.918094635009766, 23.38249397277832, 23.846893310546875, 24.32290267944336, 24.798912048339844, 25.274919509887695, 25.75092887878418, 26.226938247680664, 26.70294761657715, 27.167346954345703, 27.643356323242188, 28.11936378479004, 28.583763122558594, 29.071382522583008, 29.57061195373535, 30.046621322631836, 30.51102066040039, 30.975418090820312], "rhythm.bpm_histogram": [0.0, 0.0, 0.0, 0.0, 0.0, 0.0, 0.0, 0.0, 0.0, 0.0, 0.0, 0.0, 0.0, 0.0, 0.0, 0.0, 0.0, 0.0, 0.0, 0.0, 0.0, 0.0, 0.0, 0.0, 0.0, 0.0, 0.0, 0.0, 0.0, 0.0, 0.0, 0.0, 0.0, 0.0, 0.0, 0.0, 0.0, 0.0, 0.0, 0.0, 0.0, 0.0, 0.0, 0.0, 0.0, 0.0, 0.0, 0.0, 0.0, 0.0, 0.0, 0.0, 0.0, 0.0, 0.0, 0.0, 0.0, 0.0, 0.0, 0.0, 0.0, 0.0, 0.0, 0.0, 0.0, 0.0, 0.0, 0.0, 0.0, 0.0, 0.0, 0.0, 0.0, 0.0, 0.0, 0.0, 0.0, 0.0, 0.0, 0.0, 0.0, 0.0, 0.0, 0.0, 0.0, 0.0, 0.0, 0.0, 0.0, 0.0, 0.0, 0.0, 0.0, 0.0, 0.0, 0.0, 0.0, 0.0, 0.0, 0.0, 0.0, 0.0, 0.0, 0.0, 0.0, 0.0, 0.0, 0.0, 0.0, 0.0, 0.0, 0.0, 0.0, 0.0, 0.0, 0.0, 0.0, 0.0, 0.0, 0.0, 0.046875, 0.0, 0.0, 0.15625, 0.0, 0.0, 0.546875, 0.0, 0.0, 0.25, 0.0, 0.0, 0.0, 0.0, 0.0, 0.0, 0.0, 0.0, 0.0, 0.0, 0.0, 0.0, 0.0, 0.0, 0.0, 0.0, 0.0, 0.0, 0.0, 0.0, 0.0, 0.0, 0.0, 0.0, 0.0, 0.0, 0.0, 0.0, 0.0, 0.0, 0.0, 0.0, 0.0, 0.0, 0.0, 0.0, 0.0, 0.0, 0.0, 0.0, 0.0, 0.0, 0.0, 0.0, 0.0, 0.0, 0.0, 0.0, 0.0, 0.0, 0.0, 0.0, 0.0, 0.0, 0.0, 0.0, 0.0, 0.0, 0.0, 0.0, 0.0, 0.0, 0.0, 0.0, 0.0, 0.0, 0.0, 0.0, 0.0, 0.0, 0.0, 0.0, 0.0, 0.0, 0.0, 0.0, 0.0, 0.0, 0.0, 0.0, 0.0, 0.0, 0.0, 0.0, 0.0, 0.0, 0.0, 0.0, 0.0, 0.0, 0.0, 0.0, 0.0, 0.0, 0.0, 0.0, 0.0, 0.0, 0.0, 0.0, 0.0, 0.0, 0.0, 0.0, 0.0, 0.0, 0.0, 0.0, 0.0, 0.0, 0.0, 0.0, 0.0, 0.0, 0.0, 0.0, 0.0, 0.0, 0.0, 0.0], "tonal.chords_histogram": [5.169867038726807, 3.1019201278686523, 35.30280685424805, 6.0561299324035645, 0.0, 18.46381187438965, 0.0, 11.37370777130127, 0.0, 9.453471183776855, 0.0, 0.0, 0.0, 0.0, 0.0, 0.0, 0.0, 0.0, 0.29542097449302673, 0.0, 0.5908419489860535, 0.0, 10.192023277282715, 0.0], "tonal.thpcp": [1.0, 0.4876500070095062, 0.03577243909239769, 0.01774180494248867, 0.012667459435760975, 0.026416020467877388, 0.049477674067020416, 0.08782410621643066, 0.2550945281982422, 0.36550506949424744, 0.19773569703102112, 0.04989570006728172, 0.04586241766810417, 0.08256060630083084, 0.3812224864959717, 0.7013304233551025, 0.43238869309425354, 0.07363127171993256, 0.03314926475286484, 0.037264660000801086, 0.22275343537330627, 0.4262428879737854, 0.2739753723144531, 0.09857974201440811, 0.09094405919313431, 0.05151607468724251, 0.034666966646909714, 0.0564994253218174, 0.10818730294704437, 0.30198371410369873, 0.5730148553848267, 0.4092225432395935, 0.11948502063751221, 0.08559347689151764, 0.08402838557958603, 0.5909679532051086], "lowlevel.gfcc.cov": [[6071.99365234375, 126.66494750976562, -506.80242919921875, -163.1498565673828, -594.1954956054688, -54.82082748413086, 13.075913429260254, -160.8068389892578, 32.156822204589844, 52.61737823486328, -32.83487319946289, -78.44441986083984, 51.384037017822266], [126.66494750976562, 1307.9483642578125, 70.93045043945312, -459.4609069824219, 262.1642150878906, -147.41334533691406, 101.16259765625, -289.1881103515625, 38.948509216308594, -200.0716094970703, -30.78188705444336, -88.87629699707031, 62.23590850830078], [-506.80242919921875, 70.93045043945312, 562.9202880859375, 136.96766662597656, 44.616065979003906, -47.49189376831055, -167.54037475585938, 11.783586502075195, -104.50298309326172, 19.745319366455078, -3.741464614868164, 15.885262489318848, -16.512319564819336], [-163.1498565673828, -459.4609069824219, 136.96766662597656, 674.125244140625, -25.133312225341797, -161.76560974121094, -255.55535888671875, 89.50354766845703, -51.696475982666016, -57.46898651123047, 63.63543701171875, 107.78260040283203, 2.108522653579712], [-594.1954956054688, 262.1642150878906, 44.616065979003906, -25.133312225341797, 268.41729736328125, -42.016685485839844, -61.74380111694336, -29.36088752746582, -12.465295791625977, -70.90744018554688, 14.090407371520996, 32.737342834472656, 33.078514099121094], [-54.82082748413086, -147.41334533691406, -47.49189376831055, -161.76560974121094, -42.016685485839844, 290.29254150390625, 87.4124526977539, -13.588232040405273, -80.73229217529297, 33.26433563232422, -46.77699279785156, -56.276180267333984, -28.063339233398438], [13.075913429260254, 101.16259765625, -167.54037475585938, -255.55535888671875, -61.74380111694336, 87.4124526977539, 311.8271484375, -64.53289794921875, 17.164045333862305, 0.6932286024093628, -43.59325408935547, -75.35765075683594, -13.634840965270996], [-160.8068389892578, -289.1881103515625, 11.783586502075195, 89.50354766845703, -29.36088752746582, -13.588232040405273, -64.53289794921875, 218.7293243408203, 27.791393280029297, 34.796730041503906, -5.2909722328186035, 39.33800506591797, -21.061439514160156], [32.156822204589844, 38.948509216308594, -104.50298309326172, -51.696475982666016, -12.465295791625977, -80.73229217529297, 17.164045333862305, 27.791393280029297, 187.58995056152344, 25.286584854125977, -12.739931106567383, -24.158103942871094, -14.954323768615723], [52.61737823486328, -200.0716094970703, 19.745319366455078, -57.46898651123047, -70.90744018554688, 33.26433563232422, 0.6932286024093628, 34.796730041503906, 25.286584854125977, 202.48770141601562, 29.41812515258789, -13.740484237670898, -25.629810333251953], [-32.83487319946289, -30.78188705444336, -3.741464614868164, 63.63543701171875, 14.090407371520996, -46.77699279785156, -43.59325408935547, -5.2909722328186035, -12.739931106567383, 29.41812515258789, 144.68215942382812, 72.93377685546875, 6.054077625274658], [-78.44441986083984, -88.87629699707031, 15.885262489318848, 107.78260040283203, 32.737342834472656, -56.276180267333984, -75.35765075683594, 39.33800506591797, -24.158103942871094, -13.740484237670898, 72.93377685546875, 134.17538452148438, 34.67483901977539], [51.384037017822266, 62.23590850830078, -16.512319564819336, 2.108522653579712, 33.078514099121094, -28.063339233398438, -13.634840965270996, -21.061439514160156, -14.954323768615723, -25.629810333251953, 6.054077625274658, 34.67483901977539, 91.17198181152344]], "lowlevel.gfcc.icov": [[0.00031967394170351326, -0.00024107724311761558, 0.0004716810362879187, 0.00011353099398547783, 0.0010492835426703095, 0.00019839208107441664, 0.0005883922567591071, 0.00014194863615557551, 0.00038744218181818724, -0.00012035135296173394, 0.00020709891396109015, -3.220295184291899e-05, -0.00010343129542889073], [-0.00024107724311761558, 0.004931695759296417, -0.0014589991187676787, 0.004354651086032391, -0.0025675178039819, 0.003991872537881136, 0.0007469286792911589, 0.0034985968377441168, 2.5756651211850112e-06, 0.004513234831392765, -0.0013593860203400254, 0.0027485054451972246, -0.00020128955657128245], [0.0004716810362879187, -0.0014589991187676787, 0.003678453853353858, -0.0006838300032541156, 0.0017158162081614137, 0.0004318263672757894, 0.0020195110701024532, -0.00047352255205623806, 0.0026726105716079473, -0.0019614717457443476, 0.0015283680986613035, -0.000359873753041029, 0.0010375123238191009], [0.00011353099398547783, 0.004354651086032391, -0.0006838300032541156, 0.007176173850893974, -9.147656965069473e-05, 0.005357985384762287, 0.0033926917240023613, 0.0028991790022701025, 0.0017570945201441646, 0.005126023665070534, -0.0012526428326964378, 0.0019593071192502975, 0.0006003663293085992], [0.0010492835426703095, -0.0025675178039819, 0.0017158162081614137, -9.147656965069473e-05, 0.009142725728452206, -0.0004216053639538586, 0.0030400881078094244, -0.00047582705155946314, 0.0012797300005331635, -0.000145376063301228, 0.0006924601620994508, -0.0017183703603222966, -0.000851424119900912], [0.00019839208107441664, 0.003991872537881136, 0.0004318263672757894, 0.005357985384762287, -0.0004216053639538586, 0.010004863142967224, 0.0016761927399784327, 0.002782643074169755, 0.004766668193042278, 0.0028370849322527647, 0.0005576753173954785, 0.003277507610619068, 0.0015394098591059446], [0.0005883922567591071, 0.0007469286792911589, 0.0020195110701024532, 0.0033926917240023613, 0.0030400881078094244, 0.0016761927399784327, 0.007745474111288786, 0.0019803913310170174, 0.0017950516194105148, 0.0016739130951464176, 0.00043099658796563745, 0.001721738837659359, 0.0005561491125263274], [0.00014194863615557551, 0.0034985968377441168, -0.00047352255205623806, 0.0028991790022701025, -0.00047582705155946314, 0.002782643074169755, 0.0019803913310170174, 0.00900773424655199, -0.0007845858344808221, 0.002126035513356328, 0.0014115107478573918, -0.0012293898034840822, 0.0016279598930850625], [0.00038744218181818724, 2.5756651211850112e-06, 0.0026726105716079473, 0.0017570945201441646, 0.0012797300005331635, 0.004766668193042278, 0.0017950516194105148, -0.0007845858344808221, 0.00996236689388752, -0.0011585938045755029, 0.00141061597969383, 0.0018636732129380107, 0.0018192941788583994], [-0.00012035135296173394, 0.004513234831392765, -0.0019614717457443476, 0.005126023665070534, -0.000145376063301228, 0.0028370849322527647, 0.0016739130951464176, 0.002126035513356328, -0.0011585938045755029, 0.011184848845005035, -0.004131789784878492, 0.003764400025829673, -2.2444706701207906e-05], [0.00020709891396109015, -0.0013593860203400254, 0.0015283680986613035, -0.0012526428326964378, 0.0006924601620994508, 0.0005576753173954785, 0.00043099658796563745, 0.0014115107478573918, 0.00141061597969383, -0.004131789784878492, 0.012203965336084366, -0.007522313389927149, 0.002548348158597946], [-3.220295184291899e-05, 0.0027485054451972246, -0.000359873753041029, 0.0019593071192502975, -0.0017183703603222966, 0.003277507610619068, 0.001721738837659359, -0.0012293898034840822, 0.0018636732129380107, 0.003764400025829673, -0.007522313389927149, 0.016930969431996346, -0.004938577301800251], [-0.00010343129542889073, -0.00020128955657128245, 0.0010375123238191009, 0.0006003663293085992, -0.000851424119900912, 0.0015394098591059446, 0.0005561491125263274, 0.0016279598930850625, 0.0018192941788583994, -2.2444706701207906e-05, 0.002548348158597946, -0.004938577301800251, 0.014581129886209965]], "lowlevel.mfcc.cov": [[3905.837158203125, 14.51256275177002, -124.2796401977539, -2.932682514190674, -531.619384765625, 111.83708953857422, -234.4601287841797, -3.5957722663879395, -87.78154754638672, 192.14378356933594, -122.79540252685547, 56.69302749633789, -99.17060089111328], [14.51256275177002, 1615.512939453125, -157.6278839111328, -349.1387023925781, -86.2456283569336, 87.07721710205078, -3.592360734939575, -94.2138671875, 14.370763778686523, -24.166078567504883, 17.008962631225586, -123.77658081054688, -112.64643096923828], [-124.2796401977539, -157.6278839111328, 467.5356750488281, 95.06552124023438, 98.35173034667969, -70.07586669921875, 13.377274513244629, -68.94844818115234, -68.55565643310547, -40.72916030883789, -10.247973442077637, -28.272001266479492, -11.491965293884277], [-2.932682514190674, -349.1387023925781, 95.06552124023438, 548.4195556640625, 147.5558319091797, -162.81626892089844, -153.35533142089844, 25.201025009155273, -96.17341613769531, -103.88111877441406, -43.71767807006836, 22.52057647705078, 24.252761840820312], [-531.619384765625, -86.2456283569336, 98.35173034667969, 147.5558319091797, 455.5960998535156, -158.4812774658203, -38.99287033081055, 2.7181396484375, -43.071632385253906, -103.4739990234375, -23.39781379699707, -22.462818145751953, 28.319311141967773], [111.83708953857422, 87.07721710205078, -70.07586669921875, -162.81626892089844, -158.4812774658203, 246.5516815185547, 72.119873046875, -18.00389289855957, 5.192503452301025, 59.98696517944336, 7.196621417999268, -23.06413459777832, -31.114952087402344], [-234.4601287841797, -3.592360734939575, 13.377274513244629, -153.35533142089844, -38.99287033081055, 72.119873046875, 241.3771209716797, 13.539340019226074, -3.6743340492248535, -2.5476481914520264, 7.15254545211792, -25.63037872314453, -3.8727335929870605], [-3.5957722663879395, -94.2138671875, -68.94844818115234, 25.201025009155273, 2.7181396484375, -18.00389289855957, 13.539340019226074, 168.37501525878906, 20.825153350830078, -12.575608253479004, -5.598209381103516, 14.329148292541504, 6.042918682098389], [-87.78154754638672, 14.370763778686523, -68.55565643310547, -96.17341613769531, -43.071632385253906, 5.192503452301025, -3.6743340492248535, 20.825153350830078, 189.30433654785156, 61.61168670654297, 15.546838760375977, 13.87329387664795, 6.4451751708984375], [192.14378356933594, -24.166078567504883, -40.72916030883789, -103.88111877441406, -103.4739990234375, 59.98696517944336, -2.5476481914520264, -12.575608253479004, 61.61168670654297, 184.00035095214844, 38.60227584838867, 11.054495811462402, -31.515708923339844], [-122.79540252685547, 17.008962631225586, -10.247973442077637, -43.71767807006836, -23.39781379699707, 7.196621417999268, 7.15254545211792, -5.598209381103516, 15.546838760375977, 38.60227584838867, 141.52029418945312, 36.79466247558594, 4.620776653289795], [56.69302749633789, -123.77658081054688, -28.272001266479492, 22.52057647705078, -22.462818145751953, -23.06413459777832, -25.63037872314453, 14.329148292541504, 13.87329387664795, 11.054495811462402, 36.79466247558594, 134.60113525390625, 46.7077522277832], [-99.17060089111328, -112.64643096923828, -11.491965293884277, 24.252761840820312, 28.319311141967773, -31.114952087402344, -3.8727335929870605, 6.042918682098389, 6.4451751708984375, -31.515708923339844, 4.620776653289795, 46.7077522277832, 140.5655975341797]], "lowlevel.mfcc.icov": [[0.0003958664310630411, 2.341856998100411e-05, 2.4293211026815698e-05, 0.00010915636812569574, 0.0004823321651201695, 0.00011764450755435973, 0.000471939449198544, -7.074535096762702e-05, 0.000439516210462898, -0.0003204178065061569, 0.0005029197200201452, -0.0001781212631613016, 0.0001767812791513279], [2.341856998100411e-05, 0.0009661308722570539, 0.00036746851401403546, 0.0008061486878432333, 0.00016611108731012791, 0.00022735836682841182, 0.0005637382273562253, 0.000491911603603512, 0.00016796619456727058, 0.0007592506590299308, -0.00024446583120152354, 0.0007121603703126311, 0.0006268810830079019], [2.4293211026815698e-05, 0.00036746851401403546, 0.0028002995532006025, -5.5231557780643925e-05, -0.00015577302838210016, 0.0007949291029945016, -0.0004132626054342836, 0.0013470831327140331, 0.0006346707814373076, 0.00021902738080825657, -0.00012785902072209865, 0.0005850432789884508, 0.0005179463769309223], [0.00010915636812569574, 0.0008061486878432333, -5.5231557780643925e-05, 0.003870341693982482, 0.00013335817493498325, 0.0013288441114127636, 0.002273665741086006, -0.00030243064975365996, 0.0015164174837991595, 0.001300936215557158, 0.00043040356831625104, 0.00018277169147040695, 0.0005409399745985866], [0.0004823321651201695, 0.00016611108731012791, -0.00015577302838210016, 0.00013335817493498325, 0.0037724305875599384, 0.0018531844252720475, 0.0006999197066761553, 1.8152082702727057e-05, 0.0007234924123622477, 0.0006993910064920783, 0.0004660244158003479, 0.000722418655641377, -2.5373276002937928e-05], [0.00011764450755435973, 0.00022735836682841182, 0.0007949291029945016, 0.0013288441114127636, 0.0018531844252720475, 0.006801682524383068, -0.0007398506859317422, 0.0007062004297040403, 0.0012672862503677607, -0.0007575235213153064, 0.00036062512663193047, 0.0009819997940212488, 0.0006162984645925462], [0.000471939449198544, 0.0005637382273562253, -0.0004132626054342836, 0.002273665741086006, 0.0006999197066761553, -0.0007398506859317422, 0.006586792878806591, -0.0009559704922139645, 0.0011947134044021368, 0.0009683934040367603, 0.0001616368826944381, 0.0009055943810380995, 0.00013255112571641803], [-7.074535096762702e-05, 0.000491911603603512, 0.0013470831327140331, -0.00030243064975365996, 1.8152082702727057e-05, 0.0007062004297040403, -0.0009559704922139645, 0.007136147934943438, -0.0008650078088976443, 0.000921269238460809, 6.382441642927006e-05, -0.00023039517691358924, 0.0006468261126428843], [0.000439516210462898, 0.00016796619456727058, 0.0006346707814373076, 0.0015164174837991595, 0.0007234924123622477, 0.0012672862503677607, 0.0011947134044021368, -0.0008650078088976443, 0.007391639053821564, -0.002156013622879982, 0.0006587121170014143, -0.00013360932643990964, -0.00035976775689050555], [-0.0003204178065061569, 0.0007592506590299308, 0.00021902738080825657, 0.001300936215557158, 0.0006993910064920783, -0.0007575235213153064, 0.0009683934040367603, 0.000921269238460809, -0.002156013622879982, 0.008858099579811096, -0.002083616331219673, 0.0001156729631475173, 0.0019692834466695786], [0.0005029197200201452, -0.00024446583120152354, -0.00012785902072209865, 0.00043040356831625104, 0.0004660244158003479, 0.00036062512663193047, 0.0001616368826944381, 6.382441642927006e-05, 0.0006587121170014143, -0.002083616331219673, 0.008919541724026203, -0.0027739480137825012, 0.00019300567510072142], [-0.0001781212631613016, 0.0007121603703126311, 0.0005850432789884508, 0.00018277169147040695, 0.000722418655641377, 0.0009819997940212488, 0.0009055943810380995, -0.00023039517691358924, -0.00013360932643990964, 0.0001156729631475173, -0.0027739480137825012, 0.010466949082911015, -0.002786733442917466], [0.0001767812791513279, 0.0006268810830079019, 0.0005179463769309223, 0.0005409399745985866, -2.5373276002937928e-05, 0.0006162984645925462, 0.00013255112571641803, 0.0006468261126428843, -0.00035976775689050555, 0.0019692834466695786, 0.00019300567510072142, -0.002786733442917466, 0.009185262955725193]], "metadata.audio_properties.analysis.downmix": "mix", "metadata.audio_properties.codec": "mp3", "metadata.audio_properties.md5_encoded": "d45f8757d8cf233127ff852d767f4da7", "metadata.tags.file_name": "1183717581069234236.mp3", "metadata.version.essentia": "2.1-beta6-dev", "metadata.version.essentia_git_sha": "v2.1_beta5-1110-g77a6a954", "metadata.version.extractor": "music 2.0", "tonal.chords_key": "Ab", "tonal.chords_scale": "minor", "tonal.key_edma.key": "C#", "tonal.key_edma.scale": "major", "tonal