{"song_id": "1183656014634029157", "download": "https://cdn.discordapp.com/attachments/1135903449314238464/1183656014634029157/chirp.mp4?ex=65892091&amp", "lyrics": "(Bridge)\n\"Yes, I like walking,\" \u662f\u7684\uff0c\u6211\u559c\u6b22\u8d70\u8def\uff0c\nSimple and clear, it's my liking.\n\u7b80\u5355\u660e\u4e86\uff0c\u8868\u8fbe\u6211\u559c\u597d\u3002\n\"Yes, I really enjoy walking,\" \u6211\u771f\u7684\u5f88\u559c\u6b22\u8d70\u8def\uff0c\nWith every step, my English is striking.\n\u6bcf\u8d70\u4e00\u6b65\uff0c\u6211\u7684\u82f1\u8bed\u66f4\u51fa\u8272\u3002", "style": ["Chinese pop"], "essentia_features": {"lowlevel.average_loudness": 0.9832141995429993, "lowlevel.barkbands_crest.mean": 12.152580261230469, "lowlevel.barkbands_crest.stdev": 3.789881467819214, "lowlevel.barkbands_flatness_db.mean": 0.15706439316272736, "lowlevel.barkbands_flatness_db.stdev": 0.06150304526090622, "lowlevel.barkbands_kurtosis.mean": 16.35392189025879, "lowlevel.barkbands_kurtosis.stdev": 27.519012451171875, "lowlevel.barkbands_skewness.mean": 3.1032493114471436, "lowlevel.barkbands_skewness.stdev": 2.2339820861816406, "lowlevel.barkbands_spread.mean": 22.086666107177734, "lowlevel.barkbands_spread.stdev": 13.7529878616333, "lowlevel.dissonance.mean": 0.4848378598690033, "lowlevel.dissonance.stdev": 0.015074704773724079, "lowlevel.dynamic_complexity": 1.4403488636016846, "lowlevel.erbbands_crest.mean": 7.518727779388428, "lowlevel.erbbands_crest.stdev": 3.2910683155059814, "lowlevel.erbbands_flatness_db.mean": 0.1249225065112114, "lowlevel.erbbands_flatness_db.stdev": 0.030223913490772247, "lowlevel.erbbands_kurtosis.mean": -0.18733924627304077, "lowlevel.erbbands_kurtosis.stdev": 1.2595455646514893, "lowlevel.erbbands_skewness.mean": -0.2230616956949234, "lowlevel.erbbands_skewness.stdev": 0.8296338319778442, "lowlevel.erbbands_spread.mean": 64.19547271728516, "lowlevel.erbbands_spread.stdev": 26.888761520385742, "lowlevel.hfc.mean": 23.610057830810547, "lowlevel.hfc.stdev": 15.229122161865234, "lowlevel.loudness_ebu128.integrated": -13.85253620147705, "lowlevel.loudness_ebu128.loudness_range": 0.7999267578125, "lowlevel.loudness_ebu128.momentary.mean": -14.022350311279297, "lowlevel.loudness_ebu128.momentary.stdev": 1.3334542512893677, "lowlevel.loudness_ebu128.short_term.mean": -13.696272850036621, "lowlevel.loudness_ebu128.short_term.stdev": 0.4082580506801605, "lowlevel.melbands_crest.mean": 18.966936111450195, "lowlevel.melbands_crest.stdev": 5.06790018081665, "lowlevel.melbands_flatness_db.mean": 0.24330122768878937, "lowlevel.melbands_flatness_db.stdev": 0.07983218133449554, "lowlevel.melbands_kurtosis.mean": 61.2651252746582, "lowlevel.melbands_kurtosis.stdev": 75.23026275634766, "lowlevel.melbands_skewness.mean": 5.815807342529297, "lowlevel.melbands_skewness.stdev": 3.366556406021118, "lowlevel.melbands_spread.mean": 15.911785125732422, "lowlevel.melbands_spread.stdev": 13.532744407653809, "lowlevel.pitch_salience.mean": 0.4939664304256439, "lowlevel.pitch_salience.stdev": 0.11187461018562317, "lowlevel.silence_rate_20dB.mean": 1.0, "lowlevel.silence_rate_20dB.stdev": 0.0, "lowlevel.silence_rate_30dB.mean": 0.9407176375389099, "lowlevel.silence_rate_30dB.stdev": 0.23615261912345886, "lowlevel.silence_rate_60dB.mean": 0.004680186975747347, "lowlevel.silence_rate_60dB.stdev": 0.06825154274702072, "lowlevel.spectral_centroid.mean": 1512.375244140625, "lowlevel.spectral_centroid.stdev": 663.8619995117188, "lowlevel.spectral_complexity.mean": 21.291730880737305, "lowlevel.spectral_complexity.stdev": 12.47327995300293, "lowlevel.spectral_decrease.mean": -1.3028870426978756e-08, "lowlevel.spectral_decrease.stdev": 8.56052295716836e-09, "lowlevel.spectral_energy.mean": 0.051315467804670334, "lowlevel.spectral_energy.stdev": 0.03276805579662323, "lowlevel.spectral_energyband_high.mean": 0.0013156636850908399, "lowlevel.spectral_energyband_high.stdev": 0.001490212744101882, "lowlevel.spectral_energyband_low.mean": 0.038131631910800934, "lowlevel.spectral_energyband_low.stdev": 0.03221083804965019, "lowlevel.spectral_energyband_middle_high.mean": 0.004513919353485107, "lowlevel.spectral_energyband_middle_high.stdev": 0.004080342128872871, "lowlevel.spectral_energyband_middle_low.mean": 0.009507092647254467, "lowlevel.spectral_energyband_middle_low.stdev": 0.00992952473461628, "lowlevel.spectral_entropy.mean": 7.762433052062988, "lowlevel.spectral_entropy.stdev": 0.31965452432632446, "lowlevel.spectral_flux.mean": 0.10673660784959793, "lowlevel.spectral_flux.stdev": 0.06097729131579399, "lowlevel.spectral_kurtosis.mean": 2.7953639030456543, "lowlevel.spectral_kurtosis.stdev": 1.5287463665008545, "lowlevel.spectral_rms.mean": 0.006733254063874483, "lowlevel.spectral_rms.stdev": 0.0021742000244557858, "lowlevel.spectral_rolloff.mean": 934.4588623046875, "lowlevel.spectral_rolloff.stdev": 1139.25537109375, "lowlevel.spectral_skewness.mean": 1.1030447483062744, "lowlevel.spectral_skewness.stdev": 0.2903110980987549, "lowlevel.spectral_spread.mean": 5006837.5, "lowlevel.spectral_spread.stdev": 1439737.25, "lowlevel.spectral_strongpeak.mean": 0.6088411211967468, "lowlevel.spectral_strongpeak.stdev": 0.4780149757862091, "lowlevel.zerocrossingrate.mean": 0.05338186025619507, "lowlevel.zerocrossingrate.stdev": 0.026406729593873024, "metadata.audio_properties.analysis.equal_loudness": 0.0, "metadata.audio_properties.analysis.length": 14.846939086914062, "metadata.audio_properties.analysis.sample_rate": 44100.0, "metadata.audio_properties.analysis.start_time": 0.0, "metadata.audio_properties.bit_rate": 122503.0, "metadata.audio_properties.length": 14.847999572753906, "metadata.audio_properties.lossless": 0.0, "metadata.audio_properties.number_channels": 1.0, "metadata.audio_properties.replay_gain": -11.412839889526367, "metadata.audio_properties.sample_rate": 48000.0, "rhythm.beats_count": 33.0, "rhythm.beats_loudness.mean": 0.06363608688116074, "rhythm.beats_loudness.stdev": 0.02621622011065483, "rhythm.bpm": 137.22438049316406, "rhythm.bpm_histogram_first_peak_bpm": 136.0, "rhythm.bpm_histogram_first_peak_weight": 0.3333333134651184, "rhythm.bpm_histogram_second_peak_bpm": 144.0, "rhythm.bpm_histogram_second_peak_spread": 0.5, "rhythm.bpm_histogram_second_peak_weight": 0.03125, "rhythm.danceability": 1.5865185260772705, "rhythm.onset_rate": 4.373931884765625, "tonal.chords_changes_rate": 0.06542056053876877, "tonal.chords_number_rate": 0.012461058795452118, "tonal.chords_strength.mean": 0.5639277100563049, "tonal.chords_strength.stdev": 0.05869128182530403, "tonal.hpcp_crest.mean": 11.173245429992676, "tonal.hpcp_crest.stdev": 5.7347517013549805, "tonal.hpcp_entropy.mean": 2.573338747024536, "tonal.hpcp_entropy.stdev": 0.8110796809196472, "tonal.key_edma.strength": 0.6668705940246582, "tonal.key_krumhansl.strength": 0.6493772864341736, "tonal.key_temperley.strength": 0.6220482587814331, "tonal.tuning_diatonic_strength": 0.5815480351448059, "tonal.tuning_equal_tempered_deviation": 0.13060280680656433, "tonal.tuning_frequency": 437.7185363769531, "tonal.tuning_nontempered_energy_ratio": 0.7638609409332275, "lowlevel.barkbands.mean": [0.0004473490407690406, 0.016575945541262627, 0.019042998552322388, 0.004697127733379602, 0.002464108634740114, 0.0007452470017597079, 0.00044223276199772954, 0.0005760005442425609, 0.0004032938159070909, 0.00048252425040118396, 0.0005402607494033873, 0.000400338729377836, 0.0004775216802954674, 0.00035807889071293175, 0.000328745722072199, 0.000313115626340732, 0.0004263601149432361, 0.00028680835384875536, 0.0007732793455943465, 0.0003400628047529608, 0.0003771823539864272, 0.000348845002008602, 0.000198528214241378, 0.00010076147736981511, 9.064662299351767e-05, 7.23505872883834e-05, 5.787300324300304e-06], "lowlevel.barkbands.stdev": [0.0005193659453652799, 0.019759194925427437, 0.017199469730257988, 0.004768433980643749, 0.0067857676185667515, 0.00148446811363101, 0.0010563974501565099, 0.0013807546347379684, 0.0007612255867570639, 0.0010963276727125049, 0.0012996761361137033, 0.0007154169725254178, 0.0008514525834470987, 0.0005630349041894078, 0.0005308509571477771, 0.00043783034197986126, 0.000571823155041784, 0.00035608100006356835, 0.0010162751423195004, 0.00042501359712332487, 0.00043406072654761374, 0.00047613593051210046, 0.000276544684311375, 0.00016560792573727667, 0.00014668077346868813, 0.00011865640408359468, 1.466979392716894e-05], "lowlevel.erbbands.mean": [0.46066218614578247, 4.040958404541016, 21.06076431274414, 16.206052780151367, 11.642326354980469, 9.7103271484375, 5.249051570892334, 6.420731544494629, 5.694842338562012, 11.210368156433105, 10.002585411071777, 10.039318084716797, 12.779861450195312, 15.687183380126953, 24.21841812133789, 17.63079833984375, 21.026378631591797, 20.81999969482422, 19.112565994262695, 14.824919700622559, 18.83434295654297, 24.857303619384766, 17.074926376342773, 23.872928619384766, 41.3163948059082, 16.23716163635254, 14.034627914428711, 14.970468521118164, 13.353599548339844, 9.059051513671875, 4.962653636932373, 2.5222105979919434, 1.5473939180374146, 0.9869456887245178, 0.6613202691078186, 0.3175821602344513, 0.1377531886100769, 0.024380842223763466, 0.0006533415289595723, 7.643575372640043e-05], "lowlevel.erbbands.stdev": [0.5934386253356934, 4.5775065422058105, 18.427217483520508, 17.354568481445312, 12.173943519592285, 31.539794921875, 9.821186065673828, 13.807062149047852, 19.847503662109375, 23.904460906982422, 22.68093490600586, 19.013864517211914, 29.78734588623047, 34.16676330566406, 55.03578186035156, 31.029033660888672, 35.463096618652344, 31.724658966064453, 30.22079849243164, 21.2161922454834, 24.293588638305664, 33.70574188232422, 21.458614349365234, 28.339792251586914, 57.836002349853516, 17.549402236938477, 15.864570617675781, 17.748620986938477, 18.673656463623047, 12.78685474395752, 7.003767013549805, 3.8055825233459473, 2.7396066188812256, 1.6533313989639282, 1.0835602283477783, 0.5014893412590027, 0.2424015998840332, 0.050041813403367996, 0.0014371071010828018, 5.565437095356174e-05], "lowlevel.gfcc.mean": [22.79703712463379, 71.69601440429688, -94.24761962890625, 63.51179885864258, -35.77432632446289, 24.32853889465332, -23.793607711791992, 10.412874221801758, -28.31482696533203, 4.552595138549805, -24.309518814086914, 1.4331871271133423, -19.426311492919922], "lowlevel.melbands.mean": [0.004222535062581301, 0.008522354997694492, 0.0028789425268769264, 0.0007398557499982417, 0.00022437324514612556, 0.00014421410742215812, 8.65744732436724e-05, 0.0001296751288464293, 7.686924072913826e-05, 6.147312524262816e-05, 6.272260361583903e-05, 6.03437983954791e-05, 8.043186971917748e-05, 5.138656706549227e-05, 4.1851373680401593e-05, 4.8221434553852305e-05, 3.7379290006356314e-05, 3.056796413147822e-05, 2.1737205315730534e-05, 2.0178973500151187e-05, 2.2131238438305445e-05, 2.6533167329034768e-05, 1.8765387721941806e-05, 1.3119030882080551e-05, 1.8780359823722392e-05, 3.2813000871101394e-05, 2.1780142560601234e-05, 8.14331815490732e-06, 7.997563443495892e-06, 9.61306068347767e-06, 8.30299177323468e-06, 7.876070412748959e-06, 6.073380063753575e-06, 4.653446012525819e-06, 3.0084668196650455e-06, 1.965268893400207e-06, 1.4006917581355083e-06, 1.1263308579145814e-06, 8.914427667150449e-07, 8.045561230574094e-07], "lowlevel.melbands.stdev": [0.005216865800321102, 0.007473563309758902, 0.002684463979676366, 0.0016844477504491806, 0.0005106823518872261, 0.0003253633331041783, 0.00027643347857519984, 0.0002884906134568155, 0.00016911167767830193, 0.00011334553710184991, 0.00014775124145671725, 0.00014303595526143909, 0.00019798373978119344, 8.567467739339918e-05, 7.663111318834126e-05, 8.628742943983525e-05, 6.067096910555847e-05, 4.886226452072151e-05, 3.4415279515087605e-05, 3.1786999898031354e-05, 2.9405011446215212e-05, 3.8131780456751585e-05, 2.4295421098941006e-05, 1.6958214473561384e-05, 2.357149605813902e-05, 4.652317147701979e-05, 3.194995952071622e-05, 8.893758604244795e-06, 9.406566277903039e-06, 1.193291518575279e-05, 1.0180138815485407e-05, 1.148284809460165e-05, 8.69260748004308e-06, 6.723872047587065e-06, 4.373408046376426e-06, 2.8274419037188636e-06, 2.317117377970135e-06, 2.0799930098291952e-06, 1.6050125850597396e-06, 1.3788527439828613e-06], "lowlevel.melbands128.mean": [0.00035205765743739903, 0.003566532861441374, 0.005298417527228594, 0.006518064998090267, 0.011535093188285828, 0.007863922975957394, 0.003038784023374319, 0.0024572075344622135, 0.0008282436174340546, 0.0007554888143204153, 0.0005533454241231084, 0.00023296281869988889, 0.00013486816897056997, 0.0001974338520085439, 0.0001606103905942291, 0.00010895117884501815, 9.912945097312331e-05, 7.027013634797186e-05, 8.332642028108239e-05, 0.00013805500930175185, 0.00015967887884471565, 9.319120727013797e-05, 6.0816579207312316e-05, 6.111279071774334e-05, 7.341012678807601e-05, 5.3103500249562785e-05, 5.652026811731048e-05, 7.834480493329465e-05, 4.391562470118515e-05, 7.489300332963467e-05, 5.4039410315454006e-05, 5.486349618877284e-05, 0.00010116763587575406, 8.890927711036056e-05, 4.4220214476808906e-05, 4.6734101488254964e-05, 4.978696597390808e-05, 3.2317329896613955e-05, 4.811268445337191e-05, 4.399026875034906e-05, 5.569080531131476e-05, 4.305877519072965e-05, 3.568510874174535e-05, 3.710928649525158e-05, 2.6919671654468402e-05, 3.010928412550129e-05, 3.587294850149192e-05, 1.930093640112318e-05, 1.723004061204847e-05, 1.9329343558638357e-05, 1.985076414712239e-05, 2.2170826923684217e-05, 2.2223324776859954e-05, 2.0913876142003573e-05, 2.4052900698734447e-05, 2.8062126148142852e-05, 3.012032902915962e-05, 1.8899148926720954e-05, 1.6084853996289894e-05, 1.4341815585794393e-05, 1.30566249936237e-05, 1.1473627637315076e-05, 1.495310334576061e-05, 1.9785591575782746e-05, 2.6326806619181298e-05, 3.3070209610741585e-05, 4.053032898809761e-05, 2.7833088097395375e-05, 1.7471666069468483e-05, 1.2915717888972722e-05, 6.717191809002543e-06, 6.340525487757986e-06, 7.540769274783088e-06, 8.115322088997345e-06, 8.644117770018056e-06, 1.0390928764536511e-05, 9.711976417747792e-06, 8.625972441222984e-06, 8.40331176732434e-06, 7.311533863685327e-06, 8.406756023759954e-06, 7.95469168224372e-06, 7.1929425757844e-06, 5.813195457449183e-06, 5.136081199452747e-06, 5.31631667399779e-06, 4.356399131211219e-06, 3.627333171607461e-06, 2.95774975711538e-06, 2.5821555027505383e-06, 2.2583783447771566e-06, 1.850893568189349e-06, 1.3557795455199084e-06, 1.3836283869750332e-06, 1.4362350384544698e-06, 1.2742935950882384e-06, 9.847299224929884e-07, 1.049568027156056e-06, 8.520255505573004e-07, 8.476590096506698e-07, 8.4624838336822e-07, 7.613468255840417e-07, 8.215200182348781e-07, 7.758582682981796e-07, 8.44791657073074e-07, 6.96137988143164e-07, 6.066463811293943e-07, 5.43878286407562e-07, 5.369354880713217e-07, 5.303301691128581e-07, 4.997920086680097e-07, 4.709374366029806e-07, 4.681784844251524e-07, 4.141978990901407e-07, 3.1987190141080646e-07, 2.380336212581824e-07, 1.857279272599044e-07, 6.100556504406995e-08, 6.279842423850823e-09, 3.58166864222742e-11, 9.565177643000577e-12, 6.72874429785697e-12, 6.425293890693906e-12, 6.173270228337913e-12, 5.838660284418484e-12, 5.4976496445535705e-12, 5.331772350014585e-12, 5.285214974004582e-12], "lowlevel.melbands128.stdev": [0.000477772846352309, 0.0047503747045993805, 0.0074926032684743404, 0.008309151977300644, 0.010375136509537697, 0.007608392741531134, 0.0039017810486257076, 0.0021055967081338167, 0.0009596535819582641, 0.0024518766440451145, 0.002032920718193054, 0.0007270828355103731, 0.00030229485128074884, 0.0003323316923342645, 0.00031748940818943083, 0.0005598815041594207, 0.000563469366170466, 0.00020011109882034361, 0.00020415364997461438, 0.00031412974931299686, 0.0004412413982208818, 0.0002743438817560673, 0.00017350273265037686, 0.00017077451047953218, 0.00016921371570788324, 0.00012092101678717881, 0.0001266663894057274, 0.0002683942730072886, 8.096346573438495e-05, 0.00025169746368192136, 0.0001450485724490136, 0.00013464671792462468, 0.0003240741789340973, 0.00023183634039014578, 8.831699233269319e-05, 9.268816211260855e-05, 0.00012866912584286183, 7.772802200634032e-05, 0.00010773561371024698, 8.49587595439516e-05, 0.0001243195729330182, 8.585274190409109e-05, 7.826903311070055e-05, 7.440245826728642e-05, 5.093126310384832e-05, 6.0579972341656685e-05, 8.05861855042167e-05, 3.9567563362652436e-05, 3.037203714484349e-05, 3.828065382549539e-05, 4.034400262753479e-05, 4.731370790977962e-05, 3.35298573190812e-05, 3.198672129656188e-05, 3.6383145925356075e-05, 5.282837082631886e-05, 4.552658720058389e-05, 2.7682463041855954e-05, 2.4006549210753292e-05, 2.2871519831824116e-05, 2.040923573076725e-05, 1.4660623492090963e-05, 2.115746247000061e-05, 2.661496910150163e-05, 4.3655159970512614e-05, 5.397840141085908e-05, 7.522794476244599e-05, 4.6946504880907014e-05, 3.4852670069085434e-05, 1.8379188986727968e-05, 7.916055437817704e-06, 7.769316653138958e-06, 1.0738101082097273e-05, 1.0327892596251331e-05, 1.1333430848026183e-05, 1.4219755030353554e-05, 1.4401703083422035e-05, 1.0752925845736172e-05, 1.1503450878080912e-05, 1.0164086233999114e-05, 1.357304699922679e-05, 1.3543739441956859e-05, 1.1688768609019462e-05, 9.046857485373039e-06, 7.733188795100432e-06, 8.802606316749007e-06, 6.7405080699245445e-06, 5.284002781991148e-06, 4.900244221062167e-06, 4.249582161719445e-06, 3.4187426081189187e-06, 3.0909268389223143e-06, 2.2384069779946003e-06, 2.5526580884616124e-06, 2.6699101454141783e-06, 2.5719286895764526e-06, 1.980063416340272e-06, 2.101334303006297e-06, 1.7237582596862921e-06, 1.5836299098737072e-06, 1.4218898058970808e-06, 1.4175781188896508e-06, 1.7467100406065583e-06, 1.405888497174601e-06, 1.5382023548227153e-06, 1.1786386266976479e-06, 1.0926613640549476e-06, 9.359911246065167e-07, 9.598091992302216e-07, 9.304713444180379e-07, 8.49620789722394e-07, 8.764620815782109e-07, 9.202601063407201e-07, 8.707897336535098e-07, 7.13360236659355e-07, 5.431409135780996e-07, 4.4557228306985053e-07, 2.2382475606264052e-07, 6.035039490370764e-08, 5.299736760555618e-10, 6.776076227898997e-11, 2.1632010419048164e-11, 1.8514237018485424e-11, 1.5626874794172352e-11, 1.154558566807129e-11, 8.839480362954344e-12, 8.370006077118575e-12, 8.301804556298809e-12], "lowlevel.mfcc.mean": [-625.6785888671875, 98.19312286376953, 9.327640533447266, 48.92103958129883, 13.896289825439453, 25.313600540161133, 12.716329574584961, 13.22511100769043, 5.071467876434326, 3.316739797592163, 2.401547431945801, -1.9190374612808228, 0.3553318381309509], "lowlevel.spectral_contrast_coeffs.mean": [-0.6612725853919983, -0.8062582015991211, -0.814918577671051, -0.815447986125946, -0.7917127013206482, -0.7135049104690552], "lowlevel.spectral_contrast_coeffs.stdev": [0.06288518011569977, 0.06084229797124863, 0.0523601733148098, 0.041593264788389206, 0.04854033142328262, 0.03690650686621666], "lowlevel.spectral_contrast_valleys.mean": [-6.338382244110107, -7.0415472984313965, -7.349688529968262, -7.386504650115967, -7.0752153396606445, -10.032363891601562], "lowlevel.spectral_contrast_valleys.stdev": [0.6494804620742798, 0.7606166005134583, 0.8124669790267944, 0.6821424961090088, 0.6271173357963562, 0.8251999020576477], "rhythm.beats_loudness_band_ratio.mean": [0.6660856008529663, 0.11612951010465622, 0.0425507053732872, 0.07681037485599518, 0.05124169588088989, 0.06779616326093674], "rhythm.beats_loudness_band_ratio.stdev": [0.2397223562002182, 0.1586804836988449, 0.04843488335609436, 0.11164448410272598, 0.038055893033742905, 0.042598698288202286], "tonal.hpcp.mean": [0.7629495859146118, 0.45425572991371155, 0.09106436371803284, 0.04120902344584465, 0.0187668614089489, 0.01994769275188446, 0.036771297454833984, 0.029227634891867638, 0.03356748819351196, 0.062204573303461075, 0.05291641503572464, 0.028715891763567924, 0.018432477489113808, 0.014929594472050667, 0.02266852743923664, 0.03339066728949547, 0.030095404013991356, 0.018704572692513466, 0.013066847808659077, 0.0172745268791914, 0.08572862297296524, 0.21412767469882965, 0.16592825949192047, 0.0691995918750763, 0.08803310245275497, 0.07053235918283463, 0.048266083002090454, 0.033900726586580276, 0.02155594900250435, 0.03600091114640236, 0.06208466738462448, 0.05027899518609047, 0.039115555584430695, 0.06745657324790955, 0.11754260957241058, 0.44719746708869934], "tonal.hpcp.stdev": [0.3616188168525696, 0.3055453300476074, 0.2046661227941513, 0.13524192571640015, 0.07170327752828598, 0.06595691293478012, 0.12089607119560242, 0.09166482090950012, 0.10291032493114471, 0.17507430911064148, 0.15586209297180176, 0.10088160634040833, 0.05131477490067482, 0.035451024770736694, 0.07356660813093185, 0.12421530485153198, 0.10734417289495468, 0.054220594465732574, 0.03771846368908882, 0.06060268357396126, 0.10625151544809341, 0.19919545948505402, 0.17246726155281067, 0.16227379441261292, 0.21504825353622437, 0.1670023798942566, 0.14403855800628662, 0.11397287249565125, 0.08002005517482758, 0.1272089183330536, 0.18939858675003052, 0.15083320438861847, 0.13619069755077362, 0.1808578222990036, 0.24396906793117523, 0.28975909948349], "rhythm.beats_position": [0.3831292390823364, 0.7894784212112427, 1.2306575775146484, 1.6602267026901245, 2.0897958278656006, 2.530975103378296, 2.972154140472412, 3.390113353729248, 3.8312923908233643, 4.2724714279174805, 4.713650703430176, 5.154829978942871, 5.584399223327637, 6.013967990875244, 6.4551472663879395, 6.896326541900635, 7.337505340576172, 7.7670745849609375, 8.196643829345703, 8.637823104858398, 9.079002380371094, 9.50857162475586, 9.938140869140625, 10.379319190979004, 10.8204984664917, 11.261677742004395, 11.69124698638916, 12.120816230773926, 12.561995506286621, 13.003174781799316, 13.444353103637695, 13.88553237915039, 14.326711654663086], "rhythm.bpm_histogram": [0.0, 0.0, 0.0, 0.0, 0.0, 0.0, 0.0, 0.0, 0.0, 0.0, 0.0, 0.0, 0.0, 0.0, 0.0, 0.0, 0.0, 0.0, 0.0, 0.0, 0.0, 0.0, 0.0, 0.0, 0.0, 0.0, 0.0, 0.0, 0.0, 0.0, 0.0, 0.0, 0.0, 0.0, 0.0, 0.0, 0.0, 0.0, 0.0, 0.0, 0.0, 0.0, 0.0, 0.0, 0.0, 0.0, 0.0, 0.0, 0.0, 0.0, 0.0, 0.0, 0.0, 0.0, 0.0, 0.0, 0.0, 0.0, 0.0, 0.0, 0.0, 0.0, 0.0, 0.0, 0.0, 0.0, 0.0, 0.0, 0.0, 0.0, 0.0, 0.0, 0.0, 0.0, 0.0, 0.0, 0.0, 0.0, 0.0, 0.0, 0.0, 0.0, 0.0, 0.0, 0.0, 0.0, 0.0, 0.0, 0.0, 0.0, 0.0, 0.0, 0.0, 0.0, 0.0, 0.0, 0.0, 0.0, 0.0, 0.0, 0.0, 0.0, 0.0, 0.0, 0.0, 0.0, 0.0, 0.0, 0.0, 0.0, 0.0, 0.0, 0.0, 0.0, 0.0, 0.0, 0.0, 0.0, 0.0, 0.0, 0.0, 0.0, 0.0, 0.0, 0.0, 0.0, 0.0, 0.0, 0.0, 0.0, 0.0, 0.0, 0.0, 0.0, 0.0, 0.0, 0.625, 0.0, 0.0, 0.0, 0.3125, 0.0, 0.0, 0.0, 0.03125, 0.0, 0.0, 0.0, 0.03125, 0.0, 0.0, 0.0, 0.0, 0.0, 0.0, 0.0, 0.0, 0.0, 0.0, 0.0, 0.0, 0.0, 0.0, 0.0, 0.0, 0.0, 0.0, 0.0, 0.0, 0.0, 0.0, 0.0, 0.0, 0.0, 0.0, 0.0, 0.0, 0.0, 0.0, 0.0, 0.0, 0.0, 0.0, 0.0, 0.0, 0.0, 0.0, 0.0, 0.0, 0.0, 0.0, 0.0, 0.0, 0.0, 0.0, 0.0, 0.0, 0.0, 0.0, 0.0, 0.0, 0.0, 0.0, 0.0, 0.0, 0.0, 0.0, 0.0, 0.0, 0.0, 0.0, 0.0, 0.0, 0.0, 0.0, 0.0, 0.0, 0.0, 0.0, 0.0, 0.0, 0.0, 0.0, 0.0, 0.0, 0.0, 0.0, 0.0, 0.0, 0.0, 0.0, 0.0, 0.0, 0.0, 0.0, 0.0, 0.0, 0.0, 0.0, 0.0, 0.0, 0.0, 0.0, 0.0, 0.0, 0.0, 0.0, 0.0, 0.0, 0.0], "tonal.chords_histogram": [38.006229400634766, 2.4922118186950684, 29.595016479492188, 0.0, 0.0, 0.0, 0.0, 0.9345794320106506, 0.0, 28.971961975097656, 0.0, 0.0, 0.0, 0.0, 0.0, 0.0, 0.0, 0.0, 0.0, 0.0, 0.0, 0.0, 0.0, 0.0], "tonal.thpcp": [1.0, 0.5953941345214844, 0.11935830116271973, 0.05401277542114258, 0.0245977733284235, 0.026145491749048233, 0.04819623380899429, 0.03830873593688011, 0.04399699345231056, 0.08153169602155685, 0.06935768574476242, 0.037637993693351746, 0.024159496650099754, 0.01956825889647007, 0.02971169725060463, 0.04376523569226265, 0.03944612294435501, 0.024516131728887558, 0.01712675206363201, 0.02264176681637764, 0.11236473172903061, 0.28065770864486694, 0.21748259663581848, 0.09070008248090744, 0.11538521200418472, 0.0924469456076622, 0.06326247751712799, 0.04443376883864403, 0.02825343795120716, 0.047186486423015594, 0.08137453347444534, 0.06590081006288528, 0.05126886069774628, 0.08841550350189209, 0.1540634036064148, 0.586142897605896], "lowlevel.gfcc.cov": [[3520.86865234375, -186.510498046875, -214.2659149169922, -130.3792724609375, -200.9004364013672, -26.775943756103516, -80.88195037841797, 63.35306930541992, -33.863502502441406, 53.41962814331055, -64.48234558105469, 79.94141387939453, -111.801025390625], [-186.510498046875, 743.3975219726562, -254.34561157226562, -131.24044799804688, 137.04415893554688, -140.47781372070312, 148.84518432617188, 18.166444778442383, 22.17286491394043, -63.7988166809082, 115.25193786621094, -38.422420501708984, -12.45541000366211], [-214.2659149169922, -254.34561157226562, 852.9832763671875, 460.61004638671875, 204.05523681640625, 9.963669776916504, -17.63882827758789, 40.4450569152832, 60.349632263183594, -11.105101585388184, -61.73540115356445, 39.52507781982422, -63.948326110839844], [-130.3792724609375, -131.24044799804688, 460.61004638671875, 625.8529663085938, 318.77923583984375, 9.43014907836914, 10.362462997436523, 42.40914535522461, 28.67669105529785, -78.01094055175781, 1.5611298084259033, -14.544448852539062, -85.32881164550781], [-200.9004364013672, 137.04415893554688, 204.05523681640625, 318.77923583984375, 498.7732849121094, -17.581405639648438, 105.21739196777344, 59.40193557739258, -12.854887008666992, -85.37895202636719, 31.917078018188477, -37.158042907714844, -112.8887939453125], [-26.775943756103516, -140.47781372070312, 9.963669776916504, 9.43014907836914, -17.581405639648438, 238.95083618164062, 54.783111572265625, -31.88540267944336, -26.507633209228516, -0.4880666732788086, -10.699726104736328, -1.350386381149292, 34.636295318603516], [-80.88195037841797, 148.84518432617188, -17.63882827758789, 10.362462997436523, 105.21739196777344, 54.783111572265625, 168.0834503173828, 37.357322692871094, -17.2882022857666, -49.588565826416016, 32.008026123046875, -13.013740539550781, -37.37552261352539], [63.35306930541992, 18.166444778442383, 40.4450569152832, 42.40914535522461, 59.40193557739258, -31.88540267944336, 37.357322692871094, 99.12129211425781, 30.618682861328125, -3.1662566661834717, 10.09677505493164, -7.494738578796387, -39.25699996948242], [-33.863502502441406, 22.17286491394043, 60.349632263183594, 28.67669105529785, -12.854887008666992, -26.507633209228516, -17.2882022857666, 30.618682861328125, 104.7002182006836, 43.74399185180664, -6.9446210861206055, -1.3946107625961304, 8.339797019958496], [53.41962814331055, -63.7988166809082, -11.105101585388184, -78.01094055175781, -85.37895202636719, -0.4880666732788086, -49.588565826416016, -3.1662566661834717, 43.74399185180664, 93.4733657836914, -1.1138026714324951, 12.665346145629883, 25.552942276000977], [-64.48234558105469, 115.25193786621094, -61.73540115356445, 1.5611298084259033, 31.917078018188477, -10.699726104736328, 32.008026123046875, 10.09677505493164, -6.9446210861206055, -1.1138026714324951, 80.59251403808594, 10.122124671936035, -9.813614845275879], [79.94141387939453, -38.422420501708984, 39.52507781982422, -14.544448852539062, -37.158042907714844, -1.350386381149292, -13.013740539550781, -7.494738578796387, -1.3946107625961304, 12.665346145629883, 10.122124671936035, 62.81333541870117, 21.531789779663086], [-111.801025390625, -12.45541000366211, -63.948326110839844, -85.32881164550781, -112.8887939453125, 34.636295318603516, -37.37552261352539, -39.25699996948242, 8.339797019958496, 25.552942276000977, -9.813614845275879, 21.531789779663086, 110.04957580566406]], "lowlevel.gfcc.icov": [[0.0004028217226732522, -0.0002841326058842242, 0.00031293375650420785, -0.0002709481050260365, 0.000268500269157812, -0.00034363369923084974, 0.0004117899516131729, -0.0005632895044982433, 0.00043647969141602516, -0.0004944705287925899, 0.001042670221067965, -0.0012061006855219603, 0.0010820248862728477], [-0.0002841326058842242, 0.004880799911916256, -0.00010085512622026727, 0.0019728951156139374, -0.0015381851699203253, 0.0037590176798403263, -0.004080861806869507, 0.0032572480849921703, -0.004226530436426401, 0.003938940819352865, -0.006164806894958019, 0.0037597198970615864, -0.0031297821551561356], [0.00031293375650420785, -0.00010085512622026727, 0.0029272751417011023, -0.002155022695660591, 1.2893478015030269e-05, -0.00017641615704633296, -0.00026983508723787963, -0.0004013998550362885, -0.00020625336037483066, -0.0016446862136945128, 0.0034219403751194477, -0.0036707851104438305, 0.001591362408362329], [-0.0002709481050260365, 0.0019728951156139374, -0.002155022695660591, 0.005535234231501818, -0.0024140900932252407, 0.00024447348550893366, 0.0010488679399713874, 0.001237774034962058, -0.0038747070357203484, 0.005845343694090843, -0.00511418841779232, 0.002990142209455371, -0.0008726567612029612], [0.000268500269157812, -0.0015381851699203253, 1.2893478015030269e-05, -0.0024140900932252407, 0.004770031198859215, -0.0006225800607353449, -0.0005365860415622592, -0.001410977216437459, 0.002048643073067069, -0.0008805678808130324, 0.001443909713998437, -0.0003169805568177253, 0.002877838909626007], [-0.00034363369923084974, 0.0037590176798403263, -0.00017641615704633296, 0.00024447348550893366, -0.0006225800607353449, 0.00918564759194851, -0.007523883134126663, 0.004431076813489199, -0.0008225335041061044, -0.00016544084064662457, -0.00311843934468925, 0.004040845204144716, -0.005308873951435089], [0.0004117899516131729, -0.004080861806869507, -0.00026983508723787963, 0.0010488679399713874, -0.0005365860415622592, -0.007523883134126663, 0.015951532870531082, -0.0065442961640655994, 0.0014125750167295337, 0.0038975542411208153, 0.0008538759429939091, -0.003241520142182708, 0.005211887415498495], [-0.0005632895044982433, 0.0032572480849921703, -0.0004013998550362885, 0.001237774034962058, -0.001410977216437459, 0.004431076813489199, -0.0065442961640655994, 0.01765838824212551, -0.007545566651970148, 0.0022280130069702864, -0.004829691257327795, 0.003160184482112527, 0.00076290377182886], [0.00043647969141602516, -0.004226530436426401, -0.00020625336037483066, -0.0038747070357203484, 0.002048643073067069, -0.0008225335041061044, 0.0014125750167295337, -0.007545566651970148, 0.02024148777127266, -0.01308486983180046, 0.0074172429740428925, -0.001221459242515266, -0.0006059363950043917], [-0.0004944705287925899, 0.003938940819352865, -0.0016446862136945128, 0.005845343694090843, -0.0008805678808130324, -0.00016544084064662457, 0.0038975542411208153, 0.0022280130069702864, -0.01308486983180046, 0.025776181370019913, -0.010212292894721031, 0.002697551157325506, -0.0016446440713480115], [0.001042670221067965, -0.006164806894958019, 0.0034219403751194477, -0.00511418841779232, 0.001443909713998437, -0.00311843934468925, 0.0008538759429939091, -0.004829691257327795, 0.0074172429740428925, -0.010212292894721031, 0.026820505037903786, -0.012203557416796684, 0.00600292906165123], [-0.0012061006855219603, 0.0037597198970615864, -0.0036707851104438305, 0.002990142209455371, -0.0003169805568177253, 0.004040845204144716, -0.003241520142182708, 0.003160184482112527, -0.001221459242515266, 0.002697551157325506, -0.012203557416796684, 0.026864247396588326, -0.009063072502613068], [0.0010820248862728477, -0.0031297821551561356, 0.001591362408362329, -0.0008726567612029612, 0.002877838909626007, -0.005308873951435089, 0.005211887415498495, 0.00076290377182886, -0.0006059363950043917, -0.0016446440713480115, 0.00600292906165123, -0.009063072502613068, 0.019481459632515907]], "lowlevel.mfcc.cov": [[3353.90380859375, -144.69204711914062, -279.3854064941406, -308.7635803222656, -262.748291015625, -128.4017791748047, -117.92169189453125, -62.991371154785156, -56.657997131347656, -35.99298858642578, 37.76127243041992, 23.88479232788086, 8.866962432861328], [-144.69204711914062, 793.3499755859375, -356.48272705078125, -46.56983947753906, -106.51753997802734, -120.77593994140625, 60.24230194091797, 28.941513061523438, -47.43315505981445, 12.756542205810547, 44.64598846435547, 12.775857925415039, 24.734752655029297], [-279.3854064941406, -356.48272705078125, 639.0955810546875, 208.0706787109375, 123.55284118652344, 90.75505065917969, -69.57423400878906, 13.128779411315918, 75.1645736694336, -15.86090087890625, -19.159507751464844, 29.52994728088379, 18.858325958251953], [-308.7635803222656, -46.56983947753906, 208.0706787109375, 646.1749267578125, 355.9705505371094, 19.912357330322266, 60.9865837097168, 151.6525115966797, -16.853591918945312, 16.94799041748047, 86.55436706542969, -21.435138702392578, 57.1724739074707], [-262.748291015625, -106.51753997802734, 123.55284118652344, 355.9705505371094, 340.60546875, 79.1842041015625, 63.2200813293457, 86.0967788696289, 4.838137626647949, 21.89922332763672, 49.54909896850586, -17.559926986694336, 14.95935344696045], [-128.4017791748047, -120.77593994140625, 90.75505065917969, 19.912357330322266, 79.1842041015625, 192.78932189941406, 77.23250579833984, 35.181495666503906, 22.386913299560547, -3.9285430908203125, -8.639310836791992, 9.244089126586914, -30.112483978271484], [-117.92169189453125, 60.24230194091797, -69.57423400878906, 60.9865837097168, 63.2200813293457, 77.23250579833984, 205.560791015625, 118.34562683105469, -31.137380599975586, -1.9000005722045898, 38.160362243652344, -12.43431568145752, -14.482070922851562], [-62.991371154785156, 28.941513061523438, 13.128779411315918, 151.6525115966797, 86.0967788696289, 35.181495666503906, 118.34562683105469, 160.53921508789062, -3.3255343437194824, 5.384072780609131, 49.22378921508789, -7.371450901031494, 7.791496276855469], [-56.657997131347656, -47.43315505981445, 75.1645736694336, -16.853591918945312, 4.838137626647949, 22.386913299560547, -31.137380599975586, -3.3255343437194824, 89.4720230102539, 28.92989730834961, -14.38209056854248, 1.709916114807129, -5.093588829040527], [-35.99298858642578, 12.756542205810547, -15.86090087890625, 16.94799041748047, 21.89922332763672, -3.9285430908203125, -1.9000005722045898, 5.384072780609131, 28.92989730834961, 69.54716491699219, 29.820531845092773, -2.688236951828003, -2.561556339263916], [37.76127243041992, 44.64598846435547, -19.159507751464844, 86.55436706542969, 49.54909896850586, -8.639310836791992, 38.160362243652344, 49.22378921508789, -14.38209056854248, 29.820531845092773, 96.50448608398438, 16.08084487915039, 6.660086631774902], [23.88479232788086, 12.775857925415039, 29.52994728088379, -21.435138702392578, -17.559926986694336, 9.244089126586914, -12.43431568145752, -7.371450901031494, 1.709916114807129, -2.688236951828003, 16.08084487915039, 60.590476989746094, 20.787155151367188], [8.866962432861328, 24.734752655029297, 18.858325958251953, 57.1724739074707, 14.95935344696045, -30.112483978271484, -14.482070922851562, 7.791496276855469, -5.093588829040527, -2.561556339263916, 6.660086631774902, 20.787155151367188, 62.22393798828125]], "lowlevel.mfcc.icov": [[0.0003746533766388893, 0.00023404552484862506, 0.0002520287234801799, 8.513601642334834e-05, 0.00022843191982246935, 2.3789962142473087e-05, 0.0003582419012673199, -0.0002350277209188789, 6.73448303132318e-05, 0.000326534325722605, -0.0005009123706258833, 2.0156556274741888e-05, -0.00016579317161813378], [0.00023404552484862506, 0.002144084544852376, 0.0012236674083396792, -0.0005820182850584388, 0.0009290567249991, 0.0008989512571133673, -0.0005847004358656704, -4.86484968860168e-05, -0.0004482896183617413, 0.00019065375090576708, -0.0003787359455600381, -0.0011331028072163463, -0.00024982771719805896], [0.0002520287234801799, 0.0012236674083396792, 0.0033131875097751617, -0.0014864268014207482, 0.0008119232370518148, -0.0008366145193576813, 0.0011428650468587875, -0.0002638058504089713, -0.0021910793147981167, 0.0016200492391362786, -1.1141764844069257e-05, -0.0018062685849145055, 3.0190532925189473e-05], [8.513601642334834e-05, -0.0005820182850584388, -0.0014864268014207482, 0.006080652121454477, -0.005123949609696865, 0.0008929535397328436, 0.0016498869517818093, -0.003298893803730607, 0.002079252852126956, 0.000181412702659145, -0.0017655462725088, 0.002728308318182826, -0.0030010254122316837], [0.00022843191982246935, 0.0009290567249991, 0.0008119232370518148, -0.005123949609696865, 0.009239235892891884, -0.0029033434111624956, -0.0007811306277289987, 0.0013842800399288535, -0.0009378049871884286, -0.000894094817340374, -0.0011794361053034663, 0.001019726856611669, -0.0002493435167707503], [2.3789962142473087e-05, 0.0008989512571133673, -0.0008366145193576813, 0.0008929535397328436, -0.0029033434111624956, 0.010579456575214863, -0.005072090774774551, 0.0006573412101715803, -0.002189352409914136, 0.00045850485912524164, 0.002780892653390765, -0.005234947893768549, 0.004918200895190239], [0.0003582419012673199, -0.0005847004358656704, 0.0011428650468587875, 0.0016498869517818093, -0.0007811306277289987, -0.005072090774774551, 0.013894356787204742, -0.009431257843971252, 0.004767833277583122, 1.8034217646345496e-05, -0.0015807949239388108, 0.00247749756090343, 0.00019959484052378684], [-0.0002350277209188789, -4.86484968860168e-05, -0.0002638058504089713, -0.003298893803730607, 0.0013842800399288535, 0.0006573412101715803, -0.009431257843971252, 0.016490336507558823, -0.005012895446270704, 0.0024614031426608562, -0.003925288561731577, 0.0012101609027013183, -0.0014038936933502555], [6.73448303132318e-05, -0.0004482896183617413, -0.0021910793147981167, 0.002079252852126956, -0.0009378049871884286, -0.002189352409914136, 0.004767833277583122, -0.005012895446270704, 0.01948651298880577, -0.010420788079500198, 0.004960584454238415, -0.00020855122420471162, 0.0005303994403220713], [0.000326534325722605, 0.00019065375090576708, 0.0016200492391362786, 0.000181412702659145, -0.000894094817340374, 0.00045850485912524164, 1.8034217646345496e-05, 0.0024614031426608562, -0.010420788079500198, 0.02379085309803486, -0.010242236778140068, 0.003332192311063409, -0.0005377291236072779], [-0.0005009123706258833, -0.0003787359455600381, -1.1141764844069257e-05, -0.0017655462725088, -0.0011794361053034663, 0.002780892653390765, -0.0015807949239388108, -0.003925288561731577, 0.004960584454238415, -0.010242236778140068, 0.020992383360862732, -0.009639568626880646, 0.004558268003165722], [2.0156556274741888e-05, -0.0011331028072163463, -0.0018062685849145055, 0.002728308318182826, 0.001019726856611669, -0.005234947893768549, 0.00247749756090343, 0.0012101609027013183, -0.00020855122420471162, 0.003332192311063409, -0.009639568626880646, 0.027076933532953262, -0.011759024113416672], [-0.00016579317161813378, -0.00024982771719805896, 3.0190532925189473e-05, -0.0030010254122316837, -0.0002493435167707503, 0.004918200895190239, 0.00019959484052378684, -0.0014038936933502555, 0.0005303994403220713, -0.0005377291236072779, 0.004558268003165722, -0.011759024113416672, 0.025066187605261803]], "metadata.audio_properties.analysis.downmix": "mix", "metadata.audio_properties.codec": "mp3", "metadata.audio_properties.md5_encoded": "50895f8b4cc207c5244469e9be47daac", "metadata.tags.file_name": "1183656014634029157.mp3", "metadata.version.essentia": "2.1-beta6-dev", "metadata.version.essentia_git_sha": "v2.1_beta5-1110-g77a6a954", "metadata.version.extractor": "music 2.0", "tonal.chords_key": "D", "tonal.chords_scale": "minor", "tonal.key_edma.key": "D", "tonal.key_edma.scale": "minor", "tonal.key_krumhansl.key": "D", "tonal.key_krumhansl.scale": "minor", "tonal.key_temperley.key": "D", "tonal.key_temperley.scale": "minor", "metadata.tags.encoding": ["Lavf58.45.100"]}, "essentia_models": [{"model_name": "genre_dortmund", "activations": {"alternative": "0.005965472", "blues": "0.0015099645", "electronic": "0.004902954", "folkcountry": "0.0019088527", "funksoulrnb": "0.0070654154", "jazz": "0.0010431774", "pop": "0.0006640185", "raphiphop": "0.59348315", "rock": "0.5506398"}}, {"model_name": "genre_rosamerica", "activations": {"classic": "0.0020308844", "dance": "0.001418035", "hip hop": "0.35577595", "jazz": "0.0005675224", "pop": "0.0035950432", "rhythm and blues": "0.0039084395", "rock": "0.37230107", "speech": "0.01264424