{"song_id": "1183685836642988042", "download": "https://cdn.discordapp.com/attachments/1135903449314238464/1183685836642988042/chirp.mp4?ex=65893c57&amp", "lyrics": "[verse]\nImagine a world with no boundaries\nWhere love and peace are the only sounds\nIn our hearts, a united melody\nTogether we stand on sacred grounds\n\n[chorus]\nImagine, oh, let your spirit soar high\nDreams as vast as the endless sky\nImagine, let harmony prevail\nIn this vision, we shall never fail", "style": ["English Band"], "essentia_features": {"lowlevel.average_loudness": 0.9771082401275635, "lowlevel.barkbands_crest.mean": 13.7623872756958, "lowlevel.barkbands_crest.stdev": 4.719430446624756, "lowlevel.barkbands_flatness_db.mean": 0.19267354905605316, "lowlevel.barkbands_flatness_db.stdev": 0.06369495391845703, "lowlevel.barkbands_kurtosis.mean": 15.318940162658691, "lowlevel.barkbands_kurtosis.stdev": 32.02274703979492, "lowlevel.barkbands_skewness.mean": 2.4504101276397705, "lowlevel.barkbands_skewness.stdev": 2.2141709327697754, "lowlevel.barkbands_spread.mean": 16.22945785522461, "lowlevel.barkbands_spread.stdev": 15.647793769836426, "lowlevel.dissonance.mean": 0.4288806915283203, "lowlevel.dissonance.stdev": 0.036754705011844635, "lowlevel.dynamic_complexity": 3.242030382156372, "lowlevel.erbbands_crest.mean": 12.624796867370605, "lowlevel.erbbands_crest.stdev": 4.85272216796875, "lowlevel.erbbands_flatness_db.mean": 0.18331339955329895, "lowlevel.erbbands_flatness_db.stdev": 0.047736287117004395, "lowlevel.erbbands_kurtosis.mean": 1.7240570783615112, "lowlevel.erbbands_kurtosis.stdev": 3.122408628463745, "lowlevel.erbbands_skewness.mean": 0.6951354742050171, "lowlevel.erbbands_skewness.stdev": 0.9276653528213501, "lowlevel.erbbands_spread.mean": 35.65888595581055, "lowlevel.erbbands_spread.stdev": 23.425174713134766, "lowlevel.hfc.mean": 17.865219116210938, "lowlevel.hfc.stdev": 18.205867767333984, "lowlevel.loudness_ebu128.integrated": -16.86290168762207, "lowlevel.loudness_ebu128.loudness_range": 1.9346771240234375, "lowlevel.loudness_ebu128.momentary.mean": -17.28752899169922, "lowlevel.loudness_ebu128.momentary.stdev": 1.998877763748169, "lowlevel.loudness_ebu128.short_term.mean": -16.880971908569336, "lowlevel.loudness_ebu128.short_term.stdev": 0.6372429132461548, "lowlevel.melbands_crest.mean": 18.923688888549805, "lowlevel.melbands_crest.stdev": 5.732797622680664, "lowlevel.melbands_flatness_db.mean": 0.27626779675483704, "lowlevel.melbands_flatness_db.stdev": 0.08328954130411148, "lowlevel.melbands_kurtosis.mean": 28.457860946655273, "lowlevel.melbands_kurtosis.stdev": 45.82402420043945, "lowlevel.melbands_skewness.mean": 3.346742868423462, "lowlevel.melbands_skewness.stdev": 2.487948417663574, "lowlevel.melbands_spread.mean": 17.93545913696289, "lowlevel.melbands_spread.stdev": 25.326923370361328, "lowlevel.pitch_salience.mean": 0.40899989008903503, "lowlevel.pitch_salience.stdev": 0.16550597548484802, "lowlevel.silence_rate_20dB.mean": 1.0, "lowlevel.silence_rate_20dB.stdev": 0.0, "lowlevel.silence_rate_30dB.mean": 0.883060097694397, "lowlevel.silence_rate_30dB.stdev": 0.3213476240634918, "lowlevel.silence_rate_60dB.mean": 0.06775956600904465, "lowlevel.silence_rate_60dB.stdev": 0.25133392214775085, "lowlevel.spectral_centroid.mean": 970.5464477539062, "lowlevel.spectral_centroid.stdev": 637.969970703125, "lowlevel.spectral_complexity.mean": 10.054644584655762, "lowlevel.spectral_complexity.stdev": 4.332022190093994, "lowlevel.spectral_decrease.mean": -1.0651953985529872e-08, "lowlevel.spectral_decrease.stdev": 1.4584287555408082e-08, "lowlevel.spectral_energy.mean": 0.0418233722448349, "lowlevel.spectral_energy.stdev": 0.055940885096788406, "lowlevel.spectral_energyband_high.mean": 0.0004538499051705003, "lowlevel.spectral_energyband_high.stdev": 0.0009091515676118433, "lowlevel.spectral_energyband_low.mean": 0.02817097306251526, "lowlevel.spectral_energyband_low.stdev": 0.052369508892297745, "lowlevel.spectral_energyband_middle_high.mean": 0.005516530945897102, "lowlevel.spectral_energyband_middle_high.stdev": 0.010245139710605145, "lowlevel.spectral_energyband_middle_low.mean": 0.00882387813180685, "lowlevel.spectral_energyband_middle_low.stdev": 0.007839933969080448, "lowlevel.spectral_entropy.mean": 7.0179901123046875, "lowlevel.spectral_entropy.stdev": 0.5171127319335938, "lowlevel.spectral_flux.mean": 0.08624587953090668, "lowlevel.spectral_flux.stdev": 0.0734587237238884, "lowlevel.spectral_kurtosis.mean": 5.953118801116943, "lowlevel.spectral_kurtosis.stdev": 3.3132739067077637, "lowlevel.spectral_rms.mean": 0.005410055164247751, "lowlevel.spectral_rms.stdev": 0.0033962593879550695, "lowlevel.spectral_rolloff.mean": 1319.8585205078125, "lowlevel.spectral_rolloff.stdev": 2211.70263671875, "lowlevel.spectral_skewness.mean": 1.9110743999481201, "lowlevel.spectral_skewness.stdev": 0.5911688804626465, "lowlevel.spectral_spread.mean": 5120751.5, "lowlevel.spectral_spread.stdev": 2531812.5, "lowlevel.spectral_strongpeak.mean": 1.1974472999572754, "lowlevel.spectral_strongpeak.stdev": 1.287858009338379, "lowlevel.zerocrossingrate.mean": 0.05232507362961769, "lowlevel.zerocrossingrate.stdev": 0.057556211948394775, "metadata.audio_properties.analysis.equal_loudness": 0.0, "metadata.audio_properties.analysis.length": 21.2053279876709, "metadata.audio_properties.analysis.sample_rate": 44100.0, "metadata.audio_properties.analysis.start_time": 0.0, "metadata.audio_properties.bit_rate": 121781.0, "metadata.audio_properties.length": 21.205333709716797, "metadata.audio_properties.lossless": 0.0, "metadata.audio_properties.number_channels": 1.0, "metadata.audio_properties.replay_gain": -9.170110702514648, "metadata.audio_properties.sample_rate": 48000.0, "rhythm.beats_count": 33.0, "rhythm.beats_loudness.mean": 0.11225545406341553, "rhythm.beats_loudness.stdev": 0.06934063881635666, "rhythm.bpm": 95.72476196289062, "rhythm.bpm_histogram_first_peak_bpm": 96.0, "rhythm.bpm_histogram_first_peak_weight": 0.4444444179534912, "rhythm.bpm_histogram_second_peak_bpm": 88.0, "rhythm.bpm_histogram_second_peak_spread": 0.19999998807907104, "rhythm.bpm_histogram_second_peak_weight": 0.125, "rhythm.danceability": 2.3564839363098145, "rhythm.onset_rate": 4.94745397567749, "tonal.chords_changes_rate": 0.0393013097345829, "tonal.chords_number_rate": 0.008733624592423439, "tonal.chords_strength.mean": 0.5385274291038513, "tonal.chords_strength.stdev": 0.06366432458162308, "tonal.hpcp_crest.mean": 18.242910385131836, "tonal.hpcp_crest.stdev": 8.430676460266113, "tonal.hpcp_entropy.mean": 1.3957316875457764, "tonal.hpcp_entropy.stdev": 0.6908129453659058, "tonal.key_edma.strength": 0.7722364664077759, "tonal.key_krumhansl.strength": 0.7691425085067749, "tonal.key_temperley.strength": 0.765175461769104, "tonal.tuning_diatonic_strength": 0.6438812017440796, "tonal.tuning_equal_tempered_deviation": 0.12252451479434967, "tonal.tuning_frequency": 441.0177917480469, "tonal.tuning_nontempered_energy_ratio": 0.7014565467834473, "lowlevel.barkbands.mean": [4.954814357915893e-05, 0.01580815203487873, 0.011622980237007141, 0.0009395178058184683, 0.001276193419471383, 0.0013756128028035164, 0.0015838707331568003, 0.0012403413420543075, 0.001281204167753458, 0.0019492984283715487, 0.0011272510746493936, 0.00028506841044873, 0.0005749518750235438, 0.0004471834690775722, 0.0009372283238917589, 0.00031941369525156915, 0.00018871677457354963, 0.00020299463358242065, 0.00013554473116528243, 6.622156797675416e-05, 0.00011937312228837982, 1.536457784823142e-05, 4.415717921801843e-05, 0.00011548586917342618, 8.119138510664925e-05, 3.302362893009558e-05, 3.4906836390291573e-06], "lowlevel.barkbands.stdev": [0.00015467383491341025, 0.035874541848897934, 0.022293534129858017, 0.0021165700163692236, 0.0021906758192926645, 0.002779265632852912, 0.0035372665151953697, 0.0029299408197402954, 0.0032128284219652414, 0.005082304589450359, 0.003794923657551408, 0.0015502712922170758, 0.0016387221403419971, 0.001806844724342227, 0.00259290705434978, 0.0010323335882276297, 0.00064320262754336, 0.0005334412562660873, 0.0003815073287114501, 0.00014245620695874095, 0.000190137026947923, 5.692747072316706e-05, 0.00017768902762327343, 0.0003720092063304037, 0.0002729615953285247, 9.377903188578784e-05, 6.3122838582785334e-06], "lowlevel.erbbands.mean": [0.11729946732521057, 4.619143962860107, 15.3634614944458, 6.782586574554443, 1.7709802389144897, 5.374582767486572, 6.440940856933594, 15.260854721069336, 22.367212295532227, 33.254642486572266, 13.054591178894043, 33.34428787231445, 67.00410461425781, 40.08974838256836, 45.69758224487305, 13.276938438415527, 26.386140823364258, 26.53883171081543, 42.18663787841797, 30.942153930664062, 13.772934913635254, 9.944825172424316, 9.209296226501465, 13.413782119750977, 3.543280839920044, 2.980024814605713, 7.018261909484863, 1.8897581100463867, 0.5118931531906128, 1.3876056671142578, 0.9930506348609924, 0.8210487961769104, 2.8648273944854736, 1.557000756263733, 0.2107088565826416, 0.040702469646930695, 0.0828457921743393, 0.021831870079040527, 0.0004497137852013111, 5.9366197092458606e-05], "lowlevel.erbbands.stdev": [0.2667122781276703, 10.19776439666748, 28.833885192871094, 12.752366065979004, 3.0392067432403564, 9.307767868041992, 11.333303451538086, 30.55772590637207, 52.53323745727539, 63.59967041015625, 29.904560089111328, 89.24568939208984, 151.8539276123047, 139.1283721923828, 163.319091796875, 35.88679122924805, 70.86608123779297, 99.03211212158203, 107.29145812988281, 92.55057525634766, 34.517189025878906, 33.23353958129883, 23.620615005493164, 32.20629119873047, 9.764427185058594, 5.410161972045898, 11.21476936340332, 3.8678555488586426, 1.7408289909362793, 5.557614326477051, 3.9744277000427246, 2.8010785579681396, 9.353198051452637, 5.197274684906006, 0.7462218403816223, 0.1574803739786148, 0.25594088435173035, 0.047101300209760666, 0.0008799263159744442, 6.544908683281392e-05], "lowlevel.gfcc.mean": [-36.047828674316406, 86.93421936035156, -97.21694946289062, 5.008388519287109, -51.76723861694336, 13.533635139465332, -32.6580696105957, 10.150428771972656, -24.142471313476562, 10.238883972167969, -14.49992847442627, -12.446752548217773, -7.861184597015381], "lowlevel.melbands.mean": [0.002685152692720294, 0.007408977020531893, 0.0010773016838356853, 0.00021386382286436856, 0.00026881485246121883, 0.000320162798743695, 0.00034119622432626784, 0.00036573753459379077, 8.05054951342754e-05, 0.0002335241879336536, 0.00032862182706594467, 0.0001546105631859973, 0.00014648099022451788, 5.837369099026546e-05, 4.379132587928325e-05, 5.235179924056865e-05, 4.8752590373624116e-05, 5.9109152061864734e-05, 6.56741758575663e-05, 3.0549534130841494e-05, 1.2289348887861706e-05, 9.514818884781562e-06, 1.0373251825512853e-05, 8.794760105956811e-06, 1.1766617717512418e-05, 2.6230866296828026e-06, 1.8010283611147315e-06, 1.870626533673203e-06, 4.614938461600104e-06, 3.089177880610805e-06, 4.5766938683300395e-07, 2.2393639653728314e-07, 3.620967277129239e-07, 1.0086557722388534e-06, 6.251144100133388e-07, 3.535729149461986e-07, 5.246404839454044e-07, 2.0489337657636497e-06, 2.1892601580475457e-06, 9.937631375578349e-07], "lowlevel.melbands.stdev": [0.006122135557234287, 0.014023094438016415, 0.001977273030206561, 0.0003318056697025895, 0.0004641047562472522, 0.0006487361970357597, 0.0007768402574583888, 0.0007350688683800399, 0.0002112481015501544, 0.0006018862477503717, 0.0007768000359646976, 0.0006005195900797844, 0.0005009838496334851, 0.0002488272439222783, 0.0001249443885171786, 0.00016040181799326092, 0.00020863520330749452, 0.00016028159006964415, 0.00021139324235264212, 0.00010222535638604313, 3.455004843999632e-05, 3.009279134857934e-05, 3.8004665839252993e-05, 2.2900687326909974e-05, 2.9881486625527032e-05, 9.31827617023373e-06, 5.216558292886475e-06, 3.655289674497908e-06, 7.482615274057025e-06, 5.364602657209616e-06, 1.348499495179567e-06, 8.601174954492308e-07, 1.3988567388878437e-06, 4.174031801085221e-06, 2.594233137642732e-06, 1.3595386008091737e-06, 1.918799171107821e-06, 7.671520506846718e-06, 5.98833412368549e-06, 3.895171630574623e-06], "lowlevel.melbands128.mean": [2.6979563699569553e-05, 0.00011034206545446068, 0.0024820887483656406, 0.00990672130137682, 0.009805437177419662, 0.004646635614335537, 0.0013104340760037303, 0.0003292338806204498, 0.00010726544860517606, 0.00012422140571288764, 0.0003337001835461706, 0.00043323897989466786, 0.00016937694454099983, 0.00016163274995051324, 0.00039933022344484925, 0.00036225226358510554, 0.0003137913590762764, 0.00039221407496370375, 0.00029647015617229044, 0.0004024620575364679, 0.00044878461631014943, 8.95758275873959e-05, 3.591610584408045e-05, 3.348211248521693e-05, 0.000217414039070718, 0.00029421746148727834, 0.00029973912751302123, 0.00046991839190013707, 0.00019371807866264135, 0.00016621667600702494, 0.00016078779299277812, 9.437340486329049e-05, 0.000127060993690975, 0.00024096683773677796, 5.342891381587833e-05, 2.2267202439252287e-05, 1.6080051864264533e-05, 2.767355545074679e-05, 8.363820961676538e-05, 6.104337808210403e-05, 5.006295032217167e-05, 2.274132930324413e-05, 6.2248480389826e-05, 6.0585553001146764e-05, 1.5381216144305654e-05, 6.209303683135659e-05, 0.00010047442629002035, 9.139414760284126e-05, 4.027086470159702e-05, 2.0785961169167422e-05, 4.148122025071643e-05, 2.3937604055390693e-05, 8.489847459713928e-06, 1.1154384083056357e-05, 1.0019248293247074e-05, 5.85504903938272e-06, 1.2380234693409875e-05, 1.405817147315247e-05, 9.072801731235813e-06, 5.511685230885632e-06, 5.095522737974534e-06, 1.270746361115016e-05, 2.0959118046448566e-05, 8.414452167926356e-06, 2.717009238040191e-06, 3.0491478355543222e-06, 1.840485197135422e-06, 2.139165871994919e-06, 1.7610609575058334e-06, 1.5624920024492894e-06, 1.2300487242100644e-06, 2.2556075691682054e-06, 3.492402584015508e-06, 5.5104746934375726e-06, 5.624104232992977e-06, 3.4690842767304275e-06, 2.1592804841930047e-06, 5.889342560294608e-07, 2.8719458100567863e-07, 1.5510055106915388e-07, 2.179124862777826e-07, 2.6210236114820873e-07, 2.2407697031212592e-07, 3.032261872704112e-07, 5.266211928756093e-07, 8.145872811837762e-07, 1.406213982590998e-06, 9.768854170033592e-07, 4.813413738702366e-07, 4.3161881535525026e-07, 4.95667620725726e-07, 2.911189369569911e-07, 1.9493757008604007e-07, 1.5498042671424628e-07, 7.585942967125447e-07, 2.23306142288493e-06, 2.15973727790697e-06, 1.9968640572187724e-06, 2.602925405881251e-06, 2.1862847461306956e-06, 1.412711753800977e-06, 8.283797114927438e-07, 3.48224375557038e-07, 3.2765888136054855e-07, 1.6567173588555306e-07, 1.0061198452149256e-07, 7.677832769559245e-08, 4.4582208147403435e-08, 3.3729115500591433e-08, 2.9398478318398702e-08, 1.1775864550145343e-07, 2.090759068096304e-07, 3.323438022562186e-07, 3.650600319815567e-07, 3.437729390043387e-07, 2.8823455977544654e-07, 1.4413863880236022e-07, 7.440323024354711e-09, 1.5046766610460338e-10, 4.950588550212132e-12, 4.797333537365223e-12, 4.696504470047547e-12, 4.581611999510127e-12, 4.49205429797761e-12, 4.366482436041208e-12, 4.21061839908643e-12, 4.1199253210388864e-12, 4.088779228389461e-12], "lowlevel.melbands128.stdev": [8.204169716918841e-05, 0.0003608122351579368, 0.0059152329340577126, 0.02243553102016449, 0.019148236140608788, 0.00908889900892973, 0.0027417473029345274, 0.0007187890005297959, 0.0002517345710657537, 0.0003129230171907693, 0.0005972885992377996, 0.0009422492003068328, 0.00042562943417578936, 0.000408978812629357, 0.0009221814107149839, 0.0010305349715054035, 0.0010551053564995527, 0.0011771145509555936, 0.0008615943370386958, 0.0009372470667585731, 0.0011301840422675014, 0.000317097146762535, 0.00026392145082354546, 0.0001577067596372217, 0.000771522696595639, 0.000943232502322644, 0.0008111021015793085, 0.001264353864826262, 0.0010480779455974698, 0.0009333676425740123, 0.0008315304876305163, 0.0006822705618105829, 0.0005795829347334802, 0.0010498958872631192, 0.0003985954390373081, 0.00012159095058450475, 6.428198685171083e-05, 9.117717854678631e-05, 0.0003360859118402004, 0.00019475625595077872, 0.0002572461380623281, 0.00019951329159084707, 0.00035296150599606335, 0.0003230247530154884, 7.607852603541687e-05, 0.0002845347917173058, 0.00030906518804840744, 0.00040732588968239725, 0.000250517507083714, 0.00012399627303238958, 0.000167886697454378, 0.00010470977576915175, 3.821528662228957e-05, 4.8825295380083844e-05, 3.1486983061768115e-05, 2.466108708176762e-05, 7.945133256725967e-05, 7.803637709002942e-05, 3.8859703636262566e-05, 1.9647659428301267e-05, 2.147188024537172e-05, 5.028705345466733e-05, 5.785311805084348e-05, 3.395371459191665e-05, 1.4969473340897821e-05, 1.6234725990216248e-05, 6.754858532076469e-06, 9.755727660376579e-06, 5.864204013050767e-06, 4.096938937436789e-06, 3.055883325941977e-06, 5.565533683693502e-06, 9.398809197591618e-06, 1.0045744602393825e-05, 1.4046272553969175e-05, 6.413090432033641e-06, 6.492639840871561e-06, 1.8384713484920212e-06, 9.006774916997529e-07, 6.440314450628648e-07, 8.214815352403093e-07, 1.1879757266797242e-06, 8.473920161122805e-07, 1.197110918838007e-06, 2.297318133059889e-06, 3.3418566545151407e-06, 6.3875277191982605e-06, 4.086368335265433e-06, 2.2193371478351764e-06, 2.2362783056451008e-06, 2.3012935344013385e-06, 1.0923077979896334e-06, 6.738477509315999e-07, 6.755768708899268e-07, 2.9625230126839597e-06, 9.704173862701282e-06, 9.211690667143557e-06, 6.266643595154164e-06, 6.322380613710266e-06, 6.718300937791355e-06, 5.756034170190105e-06, 3.881744760292349e-06, 1.53468181451899e-06, 1.3985043096909067e-06, 5.474996669363463e-07, 5.20652406521549e-07, 6.79309380302584e-07, 2.1923445103766426e-07, 1.53919359036081e-07, 1.5967023614393838e-07, 6.9105158218008e-07, 9.446777653465688e-07, 1.2226953458593925e-06, 9.487681609243737e-07, 8.516548177794903e-07, 7.007209319453978e-07, 2.6847661160900316e-07, 2.515323238583278e-08, 3.6064251585088414e-09, 9.102519953063659e-12, 8.851804705889421e-12, 8.654288223552964e-12, 8.463191085439359e-12, 8.312855612202519e-12, 8.18826950688134e-12, 8.087513297949656e-12, 8.016486779949261e-12, 7.972199289607573e-12], "lowlevel.mfcc.mean": [-696.2540283203125, 134.33126831054688, 11.356535911560059, 1.981781005859375, 10.19129753112793, -3.92293381690979, 14.40427303314209, -14.69878101348877, 10.738736152648926, 4.358941555023193, -0.7818117737770081, 6.297788143157959, -7.882004261016846], "lowlevel.spectral_contrast_coeffs.mean": [-0.6373056769371033, -0.6708988547325134, -0.6953808665275574, -0.7409440875053406, -0.7778796553611755, -0.7408050894737244], "lowlevel.spectral_contrast_coeffs.stdev": [0.08248373121023178, 0.08207517117261887, 0.09714535623788834, 0.07197345793247223, 0.05773089453577995, 0.04447310045361519], "lowlevel.spectral_contrast_valleys.mean": [-7.5753607749938965, -7.449148654937744, -8.182236671447754, -8.374410629272461, -8.526010513305664, -11.323875427246094], "lowlevel.spectral_contrast_valleys.stdev": [0.9742183089256287, 0.6482387185096741, 0.6752693057060242, 0.6632358431816101, 0.8027622699737549, 0.8616216778755188], "rhythm.beats_loudness_band_ratio.mean": [0.671485185623169, 0.06093845143914223, 0.13112281262874603, 0.08124610036611557, 0.056046489626169205, 0.010433163493871689], "rhythm.beats_loudness_band_ratio.stdev": [0.2640315294265747, 0.09167835861444473, 0.1387147605419159, 0.11106912046670914, 0.07197797298431396, 0.010397798381745815], "tonal.hpcp.mean": [0.08593655377626419, 0.08335667103528976, 0.1691531240940094, 0.23657086491584778, 0.12768591940402985, 0.026460273191332817, 0.019717859104275703, 0.047403860837221146, 0.16657087206840515, 0.21132998168468475, 0.102312371134758, 0.03167710453271866, 0.030262693762779236, 0.04839910939335823, 0.07151708751916885, 0.0681159570813179, 0.0389103963971138, 0.01943822391331196, 0.010719222947955132, 0.00988346803933382, 0.02350400574505329, 0.028260402381420135, 0.03867014870047569, 0.3104137182235718, 0.43651750683784485, 0.170750692486763, 0.03667088598012924, 0.03708942234516144, 0.059399574995040894, 0.10554898530244827, 0.10906178504228592, 0.06012389063835144, 0.03105885535478592, 0.03952609747648239, 0.04940332844853401, 0.07272391021251678], "tonal.hpcp.stdev": [0.20746266841888428, 0.2045554220676422, 0.2848314046859741, 0.3870590031147003, 0.24975013732910156, 0.10200953483581543, 0.0899883359670639, 0.13387621939182281, 0.2827050983905792, 0.31605392694473267, 0.21721959114074707, 0.12129564583301544, 0.12857849895954132, 0.16960665583610535, 0.19298303127288818, 0.18953077495098114, 0.12467218935489655, 0.0996774435043335, 0.05122637376189232, 0.030794689431786537, 0.08594784885644913, 0.1164897158741951, 0.11505331099033356, 0.33359310030937195, 0.4284918010234833, 0.2249344140291214, 0.1349376142024994, 0.139304518699646, 0.17417959868907928, 0.22654341161251068, 0.23051224648952484, 0.17916585505008698, 0.12881600856781006, 0.1596016138792038, 0.17550189793109894, 0.1893293857574463], "rhythm.beats_position": [0.638548731803894, 1.277097463607788, 1.9272562265396118, 2.589024782180786, 3.2624034881591797, 3.947392225265503, 4.6207709312438965, 5.305759429931641, 5.955918312072754, 6.5944671630859375, 7.221405982971191, 7.848344326019287, 8.4752836227417, 9.102222442626953, 9.717551231384277, 10.332880020141602, 10.959818840026855, 11.586756706237793, 12.202085494995117, 12.829024314880371, 13.455963134765625, 14.094511985778809, 14.721450805664062, 15.348389625549316, 15.97532844543457, 16.59065818786621, 17.20598602294922, 17.82131576538086, 18.448253631591797, 19.075191497802734, 19.690521240234375, 20.317459106445312, 20.944398880004883], "rhythm.bpm_histogram": [0.0, 0.0, 0.0, 0.0, 0.0, 0.0, 0.0, 0.0, 0.0, 0.0, 0.0, 0.0, 0.0, 0.0, 0.0, 0.0, 0.0, 0.0, 0.0, 0.0, 0.0, 0.0, 0.0, 0.0, 0.0, 0.0, 0.0, 0.0, 0.0, 0.0, 0.0, 0.0, 0.0, 0.0, 0.0, 0.0, 0.0, 0.0, 0.0, 0.0, 0.0, 0.0, 0.0, 0.0, 0.0, 0.0, 0.0, 0.0, 0.0, 0.0, 0.0, 0.0, 0.0, 0.0, 0.0, 0.0, 0.0, 0.0, 0.0, 0.0, 0.0, 0.0, 0.0, 0.0, 0.0, 0.0, 0.0, 0.0, 0.0, 0.0, 0.0, 0.0, 0.0, 0.0, 0.0, 0.0, 0.0, 0.0, 0.0, 0.0, 0.0, 0.0, 0.0, 0.0, 0.0, 0.0, 0.0, 0.0, 0.0625, 0.0625, 0.0, 0.03125, 0.0625, 0.0, 0.09375, 0.0, 0.46875, 0.0, 0.21875, 0.0, 0.0, 0.0, 0.0, 0.0, 0.0, 0.0, 0.0, 0.0, 0.0, 0.0, 0.0, 0.0, 0.0, 0.0, 0.0, 0.0, 0.0, 0.0, 0.0, 0.0, 0.0, 0.0, 0.0, 0.0, 0.0, 0.0, 0.0, 0.0, 0.0, 0.0, 0.0, 0.0, 0.0, 0.0, 0.0, 0.0, 0.0, 0.0, 0.0, 0.0, 0.0, 0.0, 0.0, 0.0, 0.0, 0.0, 0.0, 0.0, 0.0, 0.0, 0.0, 0.0, 0.0, 0.0, 0.0, 0.0, 0.0, 0.0, 0.0, 0.0, 0.0, 0.0, 0.0, 0.0, 0.0, 0.0, 0.0, 0.0, 0.0, 0.0, 0.0, 0.0, 0.0, 0.0, 0.0, 0.0, 0.0, 0.0, 0.0, 0.0, 0.0, 0.0, 0.0, 0.0, 0.0, 0.0, 0.0, 0.0, 0.0, 0.0, 0.0, 0.0, 0.0, 0.0, 0.0, 0.0, 0.0, 0.0, 0.0, 0.0, 0.0, 0.0, 0.0, 0.0, 0.0, 0.0, 0.0, 0.0, 0.0, 0.0, 0.0, 0.0, 0.0, 0.0, 0.0, 0.0, 0.0, 0.0, 0.0, 0.0, 0.0, 0.0, 0.0, 0.0, 0.0, 0.0, 0.0, 0.0, 0.0, 0.0, 0.0, 0.0, 0.0, 0.0, 0.0, 0.0, 0.0, 0.0, 0.0, 0.0, 0.0, 0.0, 0.0, 0.0, 0.0, 0.0, 0.0, 0.0, 0.0, 0.0], "tonal.chords_histogram": [20.9606990814209, 0.0, 66.1572036743164, 0.0, 0.0, 0.0, 0.0, 0.0, 0.0, 0.43668121099472046, 0.0, 0.0, 0.0, 0.0, 0.0, 0.0, 0.0, 0.21834060549736023, 0.0, 10.698690414428711, 0.0, 0.0, 0.0, 1.5283843278884888], "tonal.thpcp": [1.0, 0.39116573333740234, 0.08400782197713852, 0.08496662974357605, 0.13607604801654816, 0.24179783463478088, 0.24984516203403473, 0.13773535192012787, 0.07115145772695541, 0.09054870903491974, 0.11317605525255203, 0.16660021245479584, 0.19686850905418396, 0.19095836579799652, 0.3875059485435486, 0.5419504642486572, 0.29251042008399963, 0.06061675027012825, 0.04517083242535591, 0.10859555751085281, 0.3815903663635254, 0.4841271638870239, 0.23438319563865662, 0.07256777584552765, 0.06932756304740906, 0.11087553203105927, 0.1638355553150177, 0.15604405105113983, 0.0891382247209549, 0.0445302277803421, 0.024556227028369904, 0.022641630843281746, 0.05384435877203941, 0.06474059075117111, 0.08858785033226013, 0.7111139893531799], "lowlevel.gfcc.cov": [[4125.01318359375, 389.805419921875, -392.4532470703125, 340.63958740234375, 683.3547973632812, 113.7342529296875, 240.6658935546875, 497.2928771972656, 8.312044143676758, -146.7996826171875, 21.954425811767578, -190.4357452392578, 92.5571060180664], [389.805419921875, 1487.10302734375, 279.41253662109375, 350.4618835449219, 579.8839721679688, 25.789915084838867, 354.3949279785156, 46.675743103027344, 51.82352066040039, -18.782148361206055, 69.89163208007812, -132.98008728027344, 76.80907440185547], [-392.4532470703125, 279.41253662109375, 1281.47607421875, 461.0402526855469, 48.46210861206055, 396.77130126953125, 149.61024475097656, -109.34085845947266, 202.2716064453125, 81.82067108154297, -12.32303237915039, 63.28812789916992, -204.9867401123047], [340.63958740234375, 350.4618835449219, 461.0402526855469, 610.8851318359375, 370.9875793457031, 163.12359619140625, 166.72999572753906, 129.31936645507812, 152.0331268310547, -10.12591552734375, 53.28850173950195, 5.783594131469727, -46.5305061340332], [683.3547973632812, 579.8839721679688, 48.46210861206055, 370.9875793457031, 667.9981689453125, 149.91537475585938, 232.63067626953125, 221.54684448242188, 72.26193237304688, -24.39316749572754, 98.27316284179688, -75.84902954101562, 82.17784881591797], [113.7342529296875, 25.789915084838867, 396.77130126953125, 163.12359619140625, 149.91537475585938, 542.4301147460938, 236.85726928710938, -19.660776138305664, 65.05950164794922, 61.27769470214844, 14.840346336364746, -21.83461570739746, -58.94198226928711], [240.6658935546875, 354.3949279785156, 149.61024475097656, 166.72999572753906, 232.63067626953125, 236.85726928710938, 340.0951843261719, 63.18657684326172, 17.313230514526367, 31.65109634399414, 74.24053955078125, -29.568815231323242, 9.992816925048828], [497.2928771972656, 46.675743103027344, -109.34085845947266, 129.31936645507812, 221.54684448242188, -19.660776138305664, 63.18657684326172, 264.9529113769531, 57.1136589050293, -34.72235870361328, 43.660831451416016, -12.069315910339355, 63.63579559326172], [8.312044143676758, 51.82352066040039, 202.2716064453125, 152.0331268310547, 72.26193237304688, 65.05950164794922, 17.313230514526367, 57.1136589050293, 194.1186065673828, 47.61442565917969, 2.701136589050293, 26.09798812866211, -5.445393085479736], [-146.7996826171875, -18.782148361206055, 81.82067108154297, -10.12591552734375, -24.39316749572754, 61.27769470214844, 31.65109634399414, -34.72235870361328, 47.61442565917969, 141.80389404296875, 34.100608825683594, 8.180994987487793, -7.219436168670654], [21.954425811767578, 69.89163208007812, -12.32303237915039, 53.28850173950195, 98.27316284179688, 14.840346336364746, 74.24053955078125, 43.660831451416016, 2.701136589050293, 34.100608825683594, 172.13833618164062, 39.970767974853516, 16.426210403442383], [-190.4357452392578, -132.98008728027344, 63.28812789916992, 5.783594131469727, -75.84902954101562, -21.83461570739746, -29.568815231323242, -12.069315910339355, 26.09798812866211, 8.180994987487793, 39.970767974853516, 114.11031341552734, -6.83286714553833], [92.5571060180664, 76.80907440185547, -204.9867401123047, -46.5305061340332, 82.17784881591797, -58.94198226928711, 9.992816925048828, 63.63579559326172, -5.445393085479736, -7.219436168670654, 16.426210403442383, -6.83286714553833, 158.54270935058594]], "lowlevel.gfcc.icov": [[0.0003691500169225037, -4.4900578359374776e-05, 0.00016011318075470626, -0.00011219528096262366, -8.800908108241856e-05, -0.0001636981323827058, 2.960759957204573e-05, -0.0005704423529095948, 0.00010755015682661906, 0.00011811520380433649, 0.00010400306928204373, 0.00028077265596948564, 0.00020258748554624617], [-4.4900578359374776e-05, 0.0022686824668198824, -0.0009569635731168091, 0.00040151376742869616, -0.0018998213345184922, 0.002152001718059182, -0.002493202220648527, 0.0020539595279842615, -0.0007912651635706425, 0.0007792663527652621, -0.00015000365965534002, 0.0019191383616998792, -0.0009682701202109456], [0.00016011318075470626, -0.0009569635731168091, 0.002482132986187935, -0.0015723956748843193, 0.001079038716852665, -0.0017597830155864358, 0.0008577246917411685, -7.487708353437483e-05, -0.000611049763392657, -0.000513160543050617, 0.0004999403026886284, -0.0014455771306529641, 0.0017219193978235126], [-0.00011219528096262366, 0.00040151376742869616, -0.0015723956748843193, 0.004740526434034109, -0.002534942002967, 0.0010216881055384874, -0.0009956199210137129, -0.00013991592277307063, -0.0016337331617251039, 0.0011440087109804153, -9.641917858971283e-05, -0.0004628218594007194, 0.001027967082336545], [-8.800908108241856e-05, -0.0018998213345184922, 0.001079038716852665, -0.002534942002967, 0.006045365706086159, -0.0023472479078918695, 0.0013042468344792724, -0.0028785725589841604, 0.0004694210074376315, 2.0987152311136015e-05, -0.0016160894883796573, 0.0011647065402939916, -0.0010753022506833076], [-0.0001636981323827058, 0.002152001718059182, -0.0017597830155864358, 0.0010216881055384874, -0.0023472479078918695, 0.005613070446997881, -0.004509619902819395, 0.0025300770066678524, -0.0011896146461367607, 0.00016637971566524357, 0.00045329026761464775, 0.0018521490273997188, -0.0003507182118482888], [2.960759957204573e-05, -0.002493202220648527, 0.0008577246917411685, -0.0009956199210137129, 0.0013042468344792724, -0.004509619902819395, 0.008647618815302849, -0.002866506576538086, 0.002243881346657872, -0.0016427604714408517, -0.0014439048245549202, -0.0012077537830919027, 0.0003601070202421397], [-0.0005704423529095948, 0.0020539595279842615, -7.487708353437483e-05, -0.00013991592277307063, -0.0028785725589841604, 0.0025300770066678524, -0.002866506576538086, 0.00949583575129509, -0.0034122506622225046, 0.0023075765930116177, -0.0009668161510489881, 0.0011648198124021292, -0.001859768875874579], [0.00010755015682661906, -0.0007912651635706425, -0.000611049763392657, -0.0016337331617251039, 0.0004694210074376315, -0.0011896146461367607, 0.002243881346657872, -0.0034122506622225046, 0.009599108248949051, -0.004035456106066704, 0.001804871717467904, -0.0025877521838992834, -0.0005589734064415097], [0.00011811520380433649, 0.0007792663527652621, -0.000513160543050617, 0.0011440087109804153, 2.0987152311136015e-05, 0.00016637971566524357, -0.0016427604714408517, 0.0023075765930116177, -0.004035456106066704, 0.010444206185638905, -0.003117380663752556, 0.002415355294942856, -0.0007818482117727399], [0.00010400306928204373, -0.00015000365965534002, 0.0004999403026886284, -9.641917858971283e-05, -0.0016160894883796573, 0.00045329026761464775, -0.0014439048245549202, -0.0009668161510489881, 0.001804871717467904, -0.003117380663752556, 0.009381852112710476, -0.005162757355719805, 0.0008408163557760417], [0.00028077265596948564, 0.0019191383616998792, -0.0014455771306529641, -0.0004628218594007194, 0.0011647065402939916, 0.0018521490273997188, -0.0012077537830919027, 0.0011648198124021292, -0.0025877521838992834, 0.002415355294942856, -0.005162757355719805, 0.015328601934015751, -0.002188459737226367], [0.00020258748554624617, -0.0009682701202109456, 0.0017219193978235126, 0.001027967082336545, -0.0010753022506833076, -0.0003507182118482888, 0.0003601070202421397, -0.001859768875874579, -0.0005589734064415097, -0.0007818482117727399, 0.0008408163557760417, -0.002188459737226367, 0.0101008340716362]], "lowlevel.mfcc.cov": [[3514.783447265625, 136.75546264648438, -715.1931762695312, 347.0662841796875, 462.5701904296875, -302.04852294921875, 437.5191955566406, 237.3013916015625, 264.0699768066406, 257.0361328125, -111.23450469970703, -39.37514114379883, 89.53123474121094], [136.75546264648438, 1235.51953125, -57.779212951660156, 358.2243957519531, 186.8809356689453, 122.53641510009766, 305.9743957519531, 24.265851974487305, 145.58499145507812, 77.80147552490234, 13.751648902893066, 73.19796752929688, -30.912006378173828], [-715.1931762695312, -57.779212951660156, 1236.3992919921875, 36.69133377075195, -9.736437797546387, 548.841552734375, -129.1346435546875, 167.95358276367188, -38.40492248535156, 13.311949729919434, 221.7733154296875, 86.83367156982422, 36.60122299194336], [347.0662841796875, 358.2243957519531, 36.69133377075195, 586.6630249023438, 316.27392578125, -6.849586009979248, 143.9988555908203, 136.79522705078125, 122.3371353149414, 37.77610778808594, 34.77431869506836, 123.49756622314453, 62.733001708984375], [462.5701904296875, 186.8809356689453, -9.736437797546387, 316.27392578125, 490.0893249511719, 10.163482666015625, 146.49366760253906, 152.2375946044922, 153.0404815673828, 115.13001251220703, -11.21766185760498, 71.71890258789062, 91.05038452148438], [-302.04852294921875, 122.53641510009766, 548.841552734375, -6.849586009979248, 10.163482666015625, 609.1511840820312, 115.40113830566406, 137.0322265625, 9.2076416015625, 102.01500701904297, 147.0126953125, -12.731243133544922, 59.221473693847656], [437.5191955566406, 305.9743957519531, -129.1346435546875, 143.9988555908203, 146.49366760253906, 115.40113830566406, 464.8236083984375, 123.4538803100586, 56.69493103027344, 123.96485137939453, 22.453723907470703, 17.305627822875977, 45.7537841796875], [237.3013916015625, 24.265851974487305, 167.95358276367188, 136.79522705078125, 152.2375946044922, 137.0322265625, 123.4538803100586, 255.78514099121094, 74.95050811767578, 52.60390090942383, 53.639991760253906, 56.40899658203125, 61.36797332763672], [264.0699768066406, 145.58499145507812, -38.40492248535156, 122.3371353149414, 153.0404815673828, 9.2076416015625, 56.69493103027344, 74.95050811767578, 217.12525939941406, 76.71308135986328, -7.359457969665527, 26.33161163330078, 23.84064483642578], [257.0361328125, 77.80147552490234, 13.311949729919434, 37.77610778808594, 115.13001251220703, 102.01500701904297, 123.96485137939453, 52.60390090942383, 76.71308135986328, 201.22093200683594, 14.336952209472656, -27.922616958618164, 51.05862808227539], [-111.23450469970703, 13.751648902893066, 221.7733154296875, 34.77431869506836, -11.21766185760498, 147.0126953125, 22.453723907470703, 53.639991760253906, -7.359457969665527, 14.336952209472656, 147.1157989501953, 52.74509811401367, 31.903989791870117], [-39.37514114379883, 73.19796752929688, 86.83367156982422, 123.49756622314453, 71.71890258789062, -12.731243133544922, 17.305627822875977, 56.40899658203125, 26.33161163330078, -27.922616958618164, 52.74509811401367, 185.0908660888672, 35.348854064941406], [89.53123474121094, -30.912006378173828, 36.60122299194336, 62.733001708984375, 91.05038452148438, 59.221473693847656, 45.7537841796875, 61.36797332763672, 23.84064483642578, 51.05862808227539, 31.903989791870117, 35.348854064941406, 145.87423706054688]], "lowlevel.mfcc.icov": [[0.00045559750287793577, 7.184936839621514e-05, 0.0001764333137543872, -0.00011127034667879343, -0.00011775858729379252, 0.0002561800938565284, -0.0002178383874706924, -0.0003786631568800658, -0.00016510543355252594, -0.00033782250829972327, -6.617618055315688e-05, 0.00024330502492375672, 3.704888149513863e-05], [7.184936839621514e-05, 0.0013861418701708317, 0.00010196355287916958, -0.0007894422742538154, 2.1864390873815864e-05, -0.0005155735416337848, -0.0008109075715765357, 0.0008524646982550621, -0.0006689337315037847, 1.824506944103632e-05, 0.00022108365374151617, -0.0004010596312582493, 0.0008067077142186463], [0.0001764333137543872, 0.00010196355287916958, 0.0021492044907063246, -0.0002586887567304075, -0.00019242156122345477, -0.0016604193951934576, 0.0011750960256904364, -0.0008907636511139572, 0.0005104207084514201, -0.00027904193848371506, -0.001134417369030416, -0.0006423396407626569, 0.0007036840543150902], [-0.00011127034667879343, -0.0007894422742538154, -0.0002586887567304075, 0.0035455813631415367, -0.0016663024434819818, 0.0006305387360043824, -0.00011974125663982704, -0.0005362752708606422, -0.00019645295105874538, 0.0007971996092237532, -0.0007643445278517902, -0.0006429380737245083, -0.00043558416655287147], [-0.00011775858729379252, 2.1864390873815864e-05, -0.00019242156122345477, -0.0016663024434819818, 0.004554751329123974, 0.00021540986199397594, -0.00010197831579716876, -0.0009813132928684354, -0.0010627451119944453, -0.001417746301740408, 0.0016494435258209705, -0.000577651837375015, -0.0011946418089792132], [0.0002561800938565284, -0.0005155735416337848, -0.0016604193951934576, 0.0006305387360043824, 0.00021540986199397594, 0.004514165222644806, -0.0011004162952303886, -0.001010332489386201, -0.00016908338875509799, -0.0009008912020362914, -0.0017127805622294545, 0.0018300762167200446, -0.0010438536992296576], [-0.0002178383874706924, -0.0008109075715765357, 0.0011750960256904364, -0.00011974125663982704, -0.00010197831579716876, -0.0011004162952303886, 0.004320232197642326, -0.0017617960693314672, 0.001270345994271338, -0.0016054793959483504, -0.00041685678297653794, -0.00043609587009996176, 0.00016620659152977169], [-0.0003786631568800658, 0.0008524646982550621, -0.0008907636511139572, -0.0005362752708606422, -0.0009813132928684354, -0.001010332489386201, -0.0017617960693314672, 0.007678671274334192, -0.0016545695252716541, 0.0011507687158882618, -0.0002195648557972163, -0.0009106844081543386, -0.0006515789427794516], [-0.00016510543355252594, -0.0006689337315037847, 0.0005104207084514201, -0.00019645295105874538, -0.0010627451119944453, -0.00016908338875509799, 0.001270345994271338, -0.0016545695252716541, 0.007274388801306486, -0.0022413430269807577, 0.00041132589103654027, -0.0007022216450423002, 0.0006214312161318958], [-0.00033782250829972327, 1.824506944103632e-05, -0.00027904193848371506, 0.0007971996092237532, -0.001417746301740408, -0.0009008912020362914, -0.0016054793959483504, 0.0011507687158882618, -0.0022413430269807577, 0.008878686465322971, -0.0007045796373859048, 0.0020227013155817986, -0.0018689571879804134], [-6.617618055315688e-05, 0.00022108365374151617, -0.001134417369030416, -0.0007643445278517902, 0.0016494435258209705, -0.0017127805622294545, -0.00041685678297653794, -0.0002195648557972163, 0.00041132589103654027, -0.0007045796373859048, 0.01203824020922184, -0.003092891536653042, -0.0011142578441649675], [0.00024330502492375672, -0.0004010596312582493, -0.0006423396407626569, -0.0006429380737245083, -0.000577651837375015, 0.0018300762167200446, -0.00043609587009996176, -0.0009106844081543386, -0.0007022216450423002, 0.0020227013155817986, -0.003092891536653042, 0.008615636266767979, -0.0016637195367366076], [3.704888149513863e-05, 0.0008067077142186463, 0.0007036840543150902, -0.00043558416655287147, -0.0011946418089792132, -0.0010438536992296576, 0.00016620659152977169, -0.0006515789427794516, 0.0006214312161318958, -0.0018689571879804134, -0.0011142578441649675, -0.0016637195367366076, 0.009605077095329762]], "metadata.audio_properties.analysis.downmix": "mix", "metadata.audio_properties.codec": "mp3", "metadata.audio_properties.md5_encoded": "cfd45b2823c5d15898c25aa3bf57920b", "metadata.tags.file_name": "1183685836642988042.mp3", "metadata.version.essentia": "2.1-beta6-dev", "metadata.version.essentia_git_sha": "v2.1_beta5-1110-g77a6a954", "metadata.version.extractor": "music 2.0", "tonal.chords_key": "F", "tonal.chords_scale": "major", "tonal.key_edma.key": "Bb", "tonal.key_edma.scale": "major", "tonal.key_krumhansl.key": "Bb", "tonal.key_krumhansl.scale": "major", "tonal.key_temperley.key": "Bb", "tonal.key_temperley.scale": "major", "metadata.tags.encoding": ["Lavf58.45.100"]}, "essentia_models": [{"model_name": "genre_dortmund", "activations": {"alternative": "0.027417077", "blues": "0.043377317", "electronic": "0.008249431", "folkcountry": "0.5121825", "funksoulrnb": "0.023929099", "jazz": "0.22515544", "pop": "0.43538898", "raphiphop": "0.04398271", "rock": "0.015967447"}}, {"model_name": "genre_rosamerica", "activations": {"classic": "0.001851584", "dance": "0.002508139", "hip hop": "0.0008162185", "jazz": "0.08648717", "pop": "0.34501836", "rhythm and blues": "0.09621234", "rock": "0.0009810297", "speech": "0.16232893"}}, {"model_name": "genre_tzanetakis", "activations": {"blues": "0.15638198", "classic":