{"song_id": "1183649243605504140", "download": "https://cdn.discordapp.com/attachments/1135903449314238464/1183649243605504140/chirp.mp4?ex=65891a42&amp", "lyrics": "(Chorus)\nLife in motion, words in flow,\n\u65e5\u5e38\u751f\u6d3b\uff0c\u6d41\u7545\u7684\u8bdd\u8bed\uff0c\n\"I'm\" plus verb, let's learn and grow.\n\u201c\u6211\u6b63\u5728\u201d\u52a0\u4e0a\u52a8\u8bcd\uff0c\u5b66\u4e60\u4e2d\u6210\u957f\u3002", "style": ["fast song </span><span>, easy remeber song </span><span>, man </span><span>, chinese"], "essentia_features": {"lowlevel.average_loudness": 0.8983449935913086, "lowlevel.barkbands_crest.mean": 12.633583068847656, "lowlevel.barkbands_crest.stdev": 4.887101650238037, "lowlevel.barkbands_flatness_db.mean": 0.23624780774116516, "lowlevel.barkbands_flatness_db.stdev": 0.09075797349214554, "lowlevel.barkbands_kurtosis.mean": 16.907014846801758, "lowlevel.barkbands_kurtosis.stdev": 37.15461730957031, "lowlevel.barkbands_skewness.mean": 1.8788270950317383, "lowlevel.barkbands_skewness.stdev": 2.811544179916382, "lowlevel.barkbands_spread.mean": 15.182942390441895, "lowlevel.barkbands_spread.stdev": 17.658754348754883, "lowlevel.dissonance.mean": 0.4151309132575989, "lowlevel.dissonance.stdev": 0.07643838226795197, "lowlevel.dynamic_complexity": 5.940423011779785, "lowlevel.erbbands_crest.mean": 13.047863960266113, "lowlevel.erbbands_crest.stdev": 4.920037746429443, "lowlevel.erbbands_flatness_db.mean": 0.2264629453420639, "lowlevel.erbbands_flatness_db.stdev": 0.062811478972435, "lowlevel.erbbands_kurtosis.mean": 3.7181127071380615, "lowlevel.erbbands_kurtosis.stdev": 5.1083292961120605, "lowlevel.erbbands_skewness.mean": 0.6358882784843445, "lowlevel.erbbands_skewness.stdev": 1.2181057929992676, "lowlevel.erbbands_spread.mean": 26.35016632080078, "lowlevel.erbbands_spread.stdev": 24.236684799194336, "lowlevel.hfc.mean": 14.035978317260742, "lowlevel.hfc.stdev": 39.02183151245117, "lowlevel.loudness_ebu128.integrated": -29.80095100402832, "lowlevel.loudness_ebu128.loudness_range": 1.8876514434814453, "lowlevel.loudness_ebu128.momentary.mean": -30.471088409423828, "lowlevel.loudness_ebu128.momentary.stdev": 2.436979293823242, "lowlevel.loudness_ebu128.short_term.mean": -30.206480026245117, "lowlevel.loudness_ebu128.short_term.stdev": 0.7228657007217407, "lowlevel.melbands_crest.mean": 14.611685752868652, "lowlevel.melbands_crest.stdev": 4.951368808746338, "lowlevel.melbands_flatness_db.mean": 0.3066197335720062, "lowlevel.melbands_flatness_db.stdev": 0.13031011819839478, "lowlevel.melbands_kurtosis.mean": 28.58808135986328, "lowlevel.melbands_kurtosis.stdev": 72.2585678100586, "lowlevel.melbands_skewness.mean": 2.5580875873565674, "lowlevel.melbands_skewness.stdev": 3.197368860244751, "lowlevel.melbands_spread.mean": 23.128215789794922, "lowlevel.melbands_spread.stdev": 32.77760314941406, "lowlevel.pitch_salience.mean": 0.4728717505931854, "lowlevel.pitch_salience.stdev": 0.19938601553440094, "lowlevel.silence_rate_20dB.mean": 0.9949109554290771, "lowlevel.silence_rate_20dB.stdev": 0.07115567475557327, "lowlevel.silence_rate_30dB.mean": 0.9796437621116638, "lowlevel.silence_rate_30dB.stdev": 0.14121562242507935, "lowlevel.silence_rate_60dB.mean": 0.25954198837280273, "lowlevel.silence_rate_60dB.stdev": 0.4383835196495056, "lowlevel.spectral_centroid.mean": 1076.9105224609375, "lowlevel.spectral_centroid.stdev": 1041.12451171875, "lowlevel.spectral_complexity.mean": 6.92620849609375, "lowlevel.spectral_complexity.stdev": 6.3624348640441895, "lowlevel.spectral_decrease.mean": -5.947874193168445e-09, "lowlevel.spectral_decrease.stdev": 1.03555084507434e-08, "lowlevel.spectral_energy.mean": 0.023721735924482346, "lowlevel.spectral_energy.stdev": 0.04244286194443703, "lowlevel.spectral_energyband_high.mean": 0.00021924400061834604, "lowlevel.spectral_energyband_high.stdev": 0.000472311774501577, "lowlevel.spectral_energyband_low.mean": 0.009345100261271, "lowlevel.spectral_energyband_low.stdev": 0.009796777740120888, "lowlevel.spectral_energyband_middle_high.mean": 0.005439191125333309, "lowlevel.spectral_energyband_middle_high.stdev": 0.02789340354502201, "lowlevel.spectral_energyband_middle_low.mean": 0.010901506058871746, "lowlevel.spectral_energyband_middle_low.stdev": 0.016726426780223846, "lowlevel.spectral_entropy.mean": 6.820011615753174, "lowlevel.spectral_entropy.stdev": 0.913896381855011, "lowlevel.spectral_flux.mean": 0.07088842988014221, "lowlevel.spectral_flux.stdev": 0.06571544706821442, "lowlevel.spectral_kurtosis.mean": 11.174854278564453, "lowlevel.spectral_kurtosis.stdev": 9.192065238952637, "lowlevel.spectral_rms.mean": 0.0038016200996935368, "lowlevel.spectral_rms.stdev": 0.0029480233788490295, "lowlevel.spectral_rolloff.mean": 1803.2005615234375, "lowlevel.spectral_rolloff.stdev": 2784.40673828125, "lowlevel.spectral_skewness.mean": 2.568782329559326, "lowlevel.spectral_skewness.stdev": 1.152009129524231, "lowlevel.spectral_spread.mean": 4390561.5, "lowlevel.spectral_spread.stdev": 2492278.75, "lowlevel.spectral_strongpeak.mean": 0.8461637496948242, "lowlevel.spectral_strongpeak.stdev": 1.269031047821045, "lowlevel.zerocrossingrate.mean": 0.06562227010726929, "lowlevel.zerocrossingrate.stdev": 0.07559721171855927, "metadata.audio_properties.analysis.equal_loudness": 0.0, "metadata.audio_properties.analysis.length": 9.087982177734375, "metadata.audio_properties.analysis.sample_rate": 44100.0, "metadata.audio_properties.analysis.start_time": 0.0, "metadata.audio_properties.bit_rate": 113832.0, "metadata.audio_properties.length": 9.088000297546387, "metadata.audio_properties.lossless": 0.0, "metadata.audio_properties.number_channels": 1.0, "metadata.audio_properties.replay_gain": 1.4339885711669922, "metadata.audio_properties.sample_rate": 48000.0, "rhythm.beats_count": 15.0, "rhythm.beats_loudness.mean": 0.04397084563970566, "rhythm.beats_loudness.stdev": 0.029316330328583717, "rhythm.bpm": 106.88127899169922, "rhythm.bpm_histogram_first_peak_bpm": 108.0, "rhythm.bpm_histogram_first_peak_weight": 0.3571428656578064, "rhythm.bpm_histogram_second_peak_bpm": 0.0, "rhythm.bpm_histogram_second_peak_spread": 0.0, "rhythm.bpm_histogram_second_peak_weight": 0.0, "rhythm.danceability": 1.5790010690689087, "rhythm.onset_rate": 4.06494140625, "tonal.chords_changes_rate": 0.12182740867137909, "tonal.chords_number_rate": 0.030456852167844772, "tonal.chords_strength.mean": 0.5613015294075012, "tonal.chords_strength.stdev": 0.0288925189524889, "tonal.hpcp_crest.mean": 15.79987907409668, "tonal.hpcp_crest.stdev": 8.64901351928711, "tonal.hpcp_entropy.mean": 1.8069956302642822, "tonal.hpcp_entropy.stdev": 0.9089760184288025, "tonal.key_edma.strength": 0.6604930758476257, "tonal.key_krumhansl.strength": 0.6432690620422363, "tonal.key_temperley.strength": 0.6177747845649719, "tonal.tuning_diatonic_strength": 0.5804299712181091, "tonal.tuning_equal_tempered_deviation": 0.3058336079120636, "tonal.tuning_frequency": 445.6270751953125, "tonal.tuning_nontempered_energy_ratio": 0.9599512815475464, "lowlevel.barkbands.mean": [3.979474513471359e-06, 5.278751996229403e-05, 0.00722793722525239, 0.0021488696802407503, 0.00034867599606513977, 0.0015298312064260244, 0.0015243829693645239, 0.0020927879959344864, 0.002811646554619074, 0.0017263927729800344, 0.0010595020139589906, 0.0010513634188100696, 0.000576180755160749, 0.0009815394878387451, 0.0001867838582256809, 3.666111297206953e-05, 2.9211840228526853e-05, 3.717185609275475e-05, 1.7804601156967692e-05, 0.00010693528020055965, 1.4949195247027092e-05, 8.710620022611693e-05, 9.849848538578954e-06, 1.0701648534450214e-05, 2.9851180443074554e-05, 1.8815648218151182e-05, 4.291225152996958e-08], "lowlevel.barkbands.stdev": [2.272251367685385e-05, 0.00021444138837978244, 0.007663245312869549, 0.0023500833194702864, 0.001692183781415224, 0.003270895453169942, 0.003462618449702859, 0.0068521625362336636, 0.007965520955622196, 0.011144130490720272, 0.006186506245285273, 0.005336653906852007, 0.0024205828085541725, 0.005792069714516401, 0.0006401555147022009, 0.00011613648530328646, 7.830863614799455e-05, 0.0002203332696808502, 0.0001088106437237002, 0.00040745618753135204, 5.406203854363412e-05, 0.00021343189291656017, 2.8087932150810957e-05, 2.642683648446109e-05, 6.855644460301846e-05, 4.386670480016619e-05, 5.626437200589862e-07], "lowlevel.erbbands.mean": [0.002049787435680628, 0.10848335921764374, 4.804182529449463, 12.118820190429688, 1.441389799118042, 1.6574459075927734, 1.7539719343185425, 14.9572114944458, 25.90070915222168, 47.3324089050293, 34.63035583496094, 52.12633514404297, 51.467350006103516, 59.4323844909668, 46.161094665527344, 43.29280090332031, 28.76664161682129, 53.23686981201172, 18.314048767089844, 5.9993510246276855, 1.9742156267166138, 1.7639281749725342, 2.2493298053741455, 1.065961241722107, 1.8377236127853394, 5.869420051574707, 1.0721441507339478, 1.0875002145767212, 3.8697071075439453, 0.9478796124458313, 0.24597705900669098, 0.19017605483531952, 0.20671845972537994, 0.26762014627456665, 0.25045132637023926, 0.13111171126365662, 0.023090485483407974, 0.0012838369002565742, 4.755342160933651e-05, 2.9677157726837322e-05], "lowlevel.erbbands.stdev": [0.004643340595066547, 0.13287188112735748, 5.136985778808594, 12.698870658874512, 1.9708280563354492, 8.859384536743164, 5.19309139251709, 31.250633239746094, 60.88166046142578, 141.63217163085938, 83.08057403564453, 144.71971130371094, 212.49392700195312, 422.8699645996094, 265.908203125, 205.45065307617188, 121.01301574707031, 332.766357421875, 55.541622161865234, 22.825538635253906, 6.089102268218994, 4.852481842041016, 12.35909366607666, 7.347174644470215, 8.174997329711914, 23.404552459716797, 3.6265926361083984, 3.1258349418640137, 9.394826889038086, 2.5731916427612305, 0.65013587474823, 0.5123742818832397, 0.49799463152885437, 0.6309357285499573, 0.6155615448951721, 0.2855767011642456, 0.06311608850955963, 0.00471600191667676, 0.00015750616148579866, 5.4690055549144745e-05], "lowlevel.gfcc.mean": [-132.22283935546875, 97.59773254394531, -95.01054382324219, 9.250261306762695, -60.638710021972656, 16.17533302307129, -35.12548065185547, 7.630953311920166, -32.63850784301758, 13.408416748046875, -29.385169982910156, -12.929423332214355, -20.976194381713867], "lowlevel.melbands.mean": [9.345685612061061e-06, 0.0018756644567474723, 0.0016721567371860147, 6.577341991942376e-05, 6.544997449964285e-05, 0.00036330922739580274, 0.00036623908090405166, 0.0005350722349248827, 0.00032474103500135243, 0.00033215066650882363, 0.0002523834991734475, 0.0002399320073891431, 0.00015032122610136867, 0.00013650153414346278, 7.04137928551063e-05, 7.741142326267436e-05, 9.737521031638607e-05, 3.135957013000734e-05, 1.2669904208451044e-05, 3.6012381769978674e-06, 1.9564229205570882e-06, 1.6103649613796733e-06, 2.3122659058572026e-06, 1.6204551229748176e-06, 7.56404858748283e-07, 6.682296316284919e-07, 3.00539636555186e-06, 3.9578731048095506e-06, 6.555264349117351e-07, 2.973720256704837e-07, 6.959750749047089e-07, 2.4948838017735397e-06, 1.2450780104700243e-06, 2.8959181008758605e-07, 1.3355625583244546e-07, 1.175414112708495e-07, 1.1556262080603119e-07, 1.241490252823496e-07, 1.852207986985377e-07, 2.3755963241001155e-07], "lowlevel.melbands.stdev": [4.492235166253522e-05, 0.001988976961001754, 0.0017424776451662183, 0.00034553883597254753, 0.0002429409942124039, 0.0007579402881674469, 0.0008369882707484066, 0.001692480524070561, 0.0007941253134049475, 0.000955639872699976, 0.0011044770944863558, 0.001797953387722373, 0.0008892884361557662, 0.0007519747596234083, 0.0002634763950482011, 0.00044309181976132095, 0.0005893126362934709, 9.725555719342083e-05, 5.5395878007402644e-05, 1.0340019798604771e-05, 6.86182784193079e-06, 4.367222572909668e-06, 9.100577699427959e-06, 1.058240195561666e-05, 5.498003702086862e-06, 3.6775491025764495e-06, 1.2737330507661682e-05, 1.5084732694958802e-05, 2.23413621824875e-06, 1.0210569598712027e-06, 2.174399924115278e-06, 6.073266831663204e-06, 3.303748826510855e-06, 8.987204296317941e-07, 3.7284664244907617e-07, 3.5746231219491165e-07, 3.1487857654610707e-07, 3.0561972153009265e-07, 4.681027405695204e-07, 5.585418421105715e-07], "lowlevel.melbands128.mean": [2.2061410618334776e-06, 3.547844926288235e-06, 5.3733811000711285e-06, 3.27631423715502e-05, 0.0011596615659072995, 0.004426880739629269, 0.002990808803588152, 0.0005034423083998263, 3.144735819660127e-05, 4.060220453538932e-05, 0.00010680578270694241, 0.00010605849092826247, 4.177770097157918e-05, 3.298899173387326e-05, 0.000163174161571078, 0.0007281638099811971, 0.0006697376375086606, 0.00017258462321478873, 0.00012943205365445465, 0.000688995118252933, 0.0007142317481338978, 0.00014205215848051012, 0.00019745189638342708, 0.0006362245185300708, 0.0003369018668308854, 0.00015436967078130692, 0.0004503471136558801, 0.0002010581229114905, 0.00013769346696790308, 0.00035683883470483124, 0.00023603222507517785, 0.00010860474139917642, 0.00019502137729432434, 0.00012636987958103418, 0.00011261520558036864, 0.00018728226132225245, 8.947875176090747e-05, 7.261092105181888e-05, 4.7937628551153466e-05, 4.8053276259452105e-05, 6.505542842205614e-05, 0.000146513368235901, 0.0001286281185457483, 5.3629966714652255e-05, 4.854436338064261e-05, 2.4284387109219097e-05, 1.729569885355886e-05, 1.4728611859027296e-05, 1.0570663107500877e-05, 4.6038949221838266e-06, 2.6341913326177746e-06, 2.4866526473488193e-06, 2.267490799567895e-06, 1.6245223832811462e-06, 1.365216576232342e-06, 1.4641947245763731e-06, 1.9079188859905116e-06, 2.3092713945516152e-06, 2.4826945264067035e-06, 2.4328651306859683e-06, 1.5679626130804536e-06, 1.0559526799625019e-06, 8.563803817196458e-07, 6.901755682520161e-07, 5.548524768528296e-07, 6.158471705930424e-07, 6.339690230561246e-07, 1.2719572168862214e-06, 2.922837211372098e-06, 6.5337417254340835e-06, 5.131094440002926e-06, 2.2807769255450694e-06, 7.224913929348986e-07, 4.898730594504741e-07, 3.0510437909470056e-07, 2.70474885155636e-07, 3.051854662317055e-07, 3.1445071613234177e-07, 4.6105637352411577e-07, 1.2782332987626432e-06, 2.4035987280512927e-06, 3.4352269722148776e-06, 2.1024918623879785e-06, 9.647277465774096e-07, 5.42783425316884e-07, 2.57157154237575e-07, 2.5614505716475833e-07, 2.0883946660887887e-07, 1.089484840122168e-07, 9.09332698029175e-08, 1.1698092805545457e-07, 1.433755443258633e-07, 8.760956404785247e-08, 1.210600544254703e-07, 1.2657289971684804e-07, 1.0443365283663297e-07, 1.1724716131311652e-07, 1.5659290397707082e-07, 1.8925452138773835e-07, 1.874676058832847e-07, 2.2967029167375586e-07, 2.5102883682848187e-07, 2.3655506709019392e-07, 2.898877937695943e-07, 3.370797401203163e-07, 2.7427478244135273e-07, 2.4711144419597986e-07, 2.425933018912474e-07, 2.4366306661249837e-07, 2.4109664309435175e-07, 1.5248731699557538e-07, 7.930267287292736e-08, 4.7309377748661063e-08, 4.002568587679889e-08, 1.7119125672593327e-08, 9.454719673840373e-09, 9.960422486798848e-10, 2.658456510484797e-10, 1.8393110645664734e-10, 1.4950386761913848e-10, 1.6854284634604255e-10, 2.128063142370351e-10, 1.3638298823615003e-10, 6.659169049516578e-11, 5.529211116739319e-11, 7.663831375070984e-11, 1.1281137829444177e-10, 1.1074077765904633e-10], "lowlevel.melbands128.stdev": [1.7066942746168934e-05, 3.304599886178039e-05, 4.029678166261874e-05, 0.00011780246859416366, 0.0013360893353819847, 0.004674837924540043, 0.0031501848716288805, 0.000558304600417614, 9.875267278403044e-05, 0.00031463601044379175, 0.0006345697329379618, 0.0004284812603145838, 0.00015781831461936235, 0.00012436571705620736, 0.0003570003027562052, 0.0016398666193708777, 0.001587914302945137, 0.0008050137548707426, 0.0003596991009544581, 0.0020542952697724104, 0.002617355203256011, 0.00047797124716453254, 0.0005974888917990029, 0.0018312083557248116, 0.0012259982759132981, 0.0008423055987805128, 0.0020633337553590536, 0.0007593684713356197, 0.0010057048639282584, 0.0032306411303579807, 0.001553765614517033, 0.0007269296329468489, 0.001187630696222186, 0.0007228393806144595, 0.0008082141284830868, 0.0011884901905432343, 0.0003959977184422314, 0.0003048707148991525, 0.00022498330508824438, 0.00023884208349045366, 0.00030803290428593755, 0.0012758797965943813, 0.0008367836708202958, 0.000216670727240853, 0.00018279450887348503, 7.594837370561436e-05, 5.391769445850514e-05, 8.483932469971478e-05, 5.752075958298519e-05, 1.5984851415851153e-05, 9.15757664188277e-06, 8.721511221665423e-06, 8.075702680798713e-06, 7.373028893198352e-06, 4.754321707878262e-06, 4.081865426996956e-06, 5.470604264701251e-06, 6.437864158215234e-06, 1.1431217899371404e-05, 1.8365233700023964e-05, 1.1109552360721864e-05, 6.988640507188393e-06, 6.7882237999583595e-06, 5.935137323831441e-06, 3.3028350117092486e-06, 3.7521440390264615e-06, 3.4854379009630065e-06, 5.325187885318883e-06, 1.1570531569304876e-05, 3.4544773370726034e-05, 1.773286930983886e-05, 7.291576821444323e-06, 2.177790975110838e-06, 2.370107722526882e-06, 1.0145449778065085e-06, 1.1001151278833277e-06, 1.0478104286448797e-06, 1.0748807426352869e-06, 1.710336050564365e-06, 4.489496859605424e-06, 6.33259151072707e-06, 8.66176196723245e-06, 5.975785825285129e-06, 2.982166506626527e-06, 1.862952672126994e-06, 8.458612796857778e-07, 9.382618486597494e-07, 7.523573231082992e-07, 2.8143406893832434e-07, 2.643834307036741e-07, 3.775206778300344e-07, 5.036782795286854e-07, 3.134281882921641e-07, 3.7171449207562546e-07, 3.3416134215258353e-07, 2.638450666836434e-07, 3.172504534632026e-07, 4.561973980798939e-07, 5.207501203585707e-07, 5.482506821863353e-07, 6.679313173663104e-07, 5.918007559557736e-07, 5.431402883004921e-07, 6.906724365762784e-07, 1.2468719887692714e-06, 6.481730565610633e-07, 6.102882252889685e-07, 6.265108822844923e-07, 5.097833764011739e-07, 5.750331411036314e-07, 4.1813456164163654e-07, 2.376384031776979e-07, 1.7611502300951543e-07, 1.674296754572424e-07, 7.638492860451152e-08, 5.0569219922635966e-08, 8.363003622946508e-09, 4.40741176888082e-09, 2.7558808568528548e-09, 2.1314972009633948e-09, 2.3716573149812348e-09, 3.1597042760012073e-09, 1.9494517111695586e-09, 8.650387073316779e-10, 7.202092811020577e-10, 1.1299026159150571e-09, 1.7926106155030652e-09, 1.6184948936626142e-09], "lowlevel.mfcc.mean": [-795.0527954101562, 144.94021606445312, 10.503515243530273, 3.728271722793579, -7.259155750274658, 5.103737831115723, 2.474733829498291, -11.336578369140625, 6.116891860961914, -2.7823855876922607, 8.604719161987305, -10.68120288848877, 6.458420753479004], "lowlevel.spectral_contrast_coeffs.mean": [-0.6139364242553711, -0.7434737682342529, -0.80477374792099, -0.7824214696884155, -0.7881186008453369, -0.7556147575378418], "lowlevel.spectral_contrast_coeffs.stdev": [0.11436206847429276, 0.10810878127813339, 0.07968779653310776, 0.07521382719278336, 0.05184585228562355, 0.07010988146066666], "lowlevel.spectral_contrast_valleys.mean": [-8.625045776367188, -7.600048065185547, -8.249221801757812, -9.00903034210205, -9.52588176727295, -12.053997039794922], "lowlevel.spectral_contrast_valleys.stdev": [1.2610712051391602, 1.452843189239502, 1.3465418815612793, 1.195052146911621, 1.2503798007965088, 1.1981271505355835], "rhythm.beats_loudness_band_ratio.mean": [0.47922009229660034, 0.08638524264097214, 0.32250267267227173, 0.11883502453565598, 0.01630568876862526, 0.003945002797991037], "rhythm.beats_loudness_band_ratio.stdev": [0.288131445646286, 0.08601360023021698, 0.2237342745065689, 0.1364184468984604, 0.029004760086536407, 0.005002344027161598], "tonal.hpcp.mean": [0.09394530206918716, 0.06484101712703705, 0.050042346119880676, 0.05691282078623772, 0.05689747631549835, 0.07000527530908585, 0.14562347531318665, 0.4621293544769287, 0.6565820574760437, 0.3897527754306793, 0.13896089792251587, 0.07230166345834732, 0.05648931488394737, 0.0572698675096035, 0.043709732592105865, 0.037930604070425034, 0.043082840740680695, 0.05031919106841087, 0.07012685388326645, 0.08034081757068634, 0.061842259019613266, 0.039944328367710114, 0.03023693338036537, 0.031063895672559738, 0.037151407450437546, 0.04586106166243553, 0.06667029112577438, 0.11254055052995682, 0.16312000155448914, 0.15951290726661682, 0.12718601524829865, 0.11629781126976013, 0.10298608243465424, 0.09394995123147964, 0.09567837417125702, 0.09935759752988815], "tonal.hpcp.stdev": [0.1999148279428482, 0.12871849536895752, 0.09856359660625458, 0.13196656107902527, 0.14006341993808746, 0.17055661976337433, 0.2209833860397339, 0.3626905679702759, 0.378006249666214, 0.3306276500225067, 0.24739915132522583, 0.16897237300872803, 0.1392836570739746, 0.16435787081718445, 0.12038370966911316, 0.11324632912874222, 0.11149205267429352, 0.1361026167869568, 0.1630948930978775, 0.15337547659873962, 0.11940820515155792, 0.09748934954404831, 0.0756593570113182, 0.06553521752357483, 0.0817737877368927, 0.10878869146108627, 0.1355874240398407, 0.20531736314296722, 0.24297097325325012, 0.24619470536708832, 0.20258796215057373, 0.20303429663181305, 0.2237289696931839, 0.19746533036231995, 0.20866526663303375, 0.21991518139839172], "rhythm.beats_position": [0.5688889026641846, 1.1377778053283691, 1.695056676864624, 2.252335548400879, 2.8212244510650635, 3.390113353729248, 3.9590022563934326, 4.527891159057617, 5.085169792175293, 5.642448902130127, 6.199728012084961, 6.757006645202637, 7.314285755157471, 7.8715643882751465, 8.42884349822998], "rhythm.bpm_histogram": [0.0, 0.0, 0.0, 0.0, 0.0, 0.0, 0.0, 0.0, 0.0, 0.0, 0.0, 0.0, 0.0, 0.0, 0.0, 0.0, 0.0, 0.0, 0.0, 0.0, 0.0, 0.0, 0.0, 0.0, 0.0, 0.0, 0.0, 0.0, 0.0, 0.0, 0.0, 0.0, 0.0, 0.0, 0.0, 0.0, 0.0, 0.0, 0.0, 0.0, 0.0, 0.0, 0.0, 0.0, 0.0, 0.0, 0.0, 0.0, 0.0, 0.0, 0.0, 0.0, 0.0, 0.0, 0.0, 0.0, 0.0, 0.0, 0.0, 0.0, 0.0, 0.0, 0.0, 0.0, 0.0, 0.0, 0.0, 0.0, 0.0, 0.0, 0.0, 0.0, 0.0, 0.0, 0.0, 0.0, 0.0, 0.0, 0.0, 0.0, 0.0, 0.0, 0.0, 0.0, 0.0, 0.0, 0.0, 0.0, 0.0, 0.0, 0.0, 0.0, 0.0, 0.0, 0.0, 0.0, 0.0, 0.0, 0.0, 0.0, 0.0, 0.0, 0.0, 0.0, 0.0, 0.3571428656578064, 0.0, 0.0, 0.6428571343421936, 0.0, 0.0, 0.0, 0.0, 0.0, 0.0, 0.0, 0.0, 0.0, 0.0, 0.0, 0.0, 0.0, 0.0, 0.0, 0.0, 0.0, 0.0, 0.0, 0.0, 0.0, 0.0, 0.0, 0.0, 0.0, 0.0, 0.0, 0.0, 0.0, 0.0, 0.0, 0.0, 0.0, 0.0, 0.0, 0.0, 0.0, 0.0, 0.0, 0.0, 0.0, 0.0, 0.0, 0.0, 0.0, 0.0, 0.0, 0.0, 0.0, 0.0, 0.0, 0.0, 0.0, 0.0, 0.0, 0.0, 0.0, 0.0, 0.0, 0.0, 0.0, 0.0, 0.0, 0.0, 0.0, 0.0, 0.0, 0.0, 0.0, 0.0, 0.0, 0.0, 0.0, 0.0, 0.0, 0.0, 0.0, 0.0, 0.0, 0.0, 0.0, 0.0, 0.0, 0.0, 0.0, 0.0, 0.0, 0.0, 0.0, 0.0, 0.0, 0.0, 0.0, 0.0, 0.0, 0.0, 0.0, 0.0, 0.0, 0.0, 0.0, 0.0, 0.0, 0.0, 0.0, 0.0, 0.0, 0.0, 0.0, 0.0, 0.0, 0.0, 0.0, 0.0, 0.0, 0.0, 0.0, 0.0, 0.0, 0.0, 0.0, 0.0, 0.0, 0.0, 0.0, 0.0, 0.0, 0.0, 0.0, 0.0, 0.0, 0.0, 0.0, 0.0, 0.0, 0.0, 0.0, 0.0, 0.0, 0.0, 0.0], "tonal.chords_histogram": [0.0, 0.0, 0.0, 0.0, 0.0, 0.0, 0.0, 0.0, 0.0, 0.0, 8.121827125549316, 1.0152283906936646, 6.091370582580566, 0.0, 0.0, 0.0, 0.0, 3.5532994270324707, 20.304569244384766, 60.91370391845703, 0.0, 0.0, 0.0, 0.0], "tonal.thpcp": [1.0, 0.5936086177825928, 0.21164284646511078, 0.11011824756860733, 0.08603542298078537, 0.08722423762083054, 0.06657162308692932, 0.0577697828412056, 0.06561683863401413, 0.07663808763027191, 0.10680592805147171, 0.12236218899488449, 0.0941881611943245, 0.06083676591515541, 0.04605202376842499, 0.04731152206659317, 0.056583039462566376, 0.06984817981719971, 0.1015414446592331, 0.17140363156795502, 0.24843810498714447, 0.2429443597793579, 0.19370923936367035, 0.17712609469890594, 0.15685181319713593, 0.1430894285440445, 0.14572188258171082, 0.15132547914981842, 0.14308235049247742, 0.09875538945198059, 0.0762164369225502, 0.08668044209480286, 0.0866570696234703, 0.10662075877189636, 0.22179020941257477, 0.703840970993042], "lowlevel.gfcc.cov": [[14585.7177734375, 1430.096923828125, 40.58486557006836, -188.80299377441406, -278.6709899902344, -587.3882446289062, 495.4322814941406, 189.57037353515625, -283.27264404296875, 416.0267028808594, -382.9528503417969, -318.1480712890625, -430.62384033203125], [1430.096923828125, 4171.42578125, 998.708251953125, -972.9324951171875, -130.89002990722656, -615.9617919921875, 447.3475646972656, -13.108745574951172, 44.48588943481445, -266.38348388671875, 353.3671875, -280.523193359375, 50.322513580322266], [40.58486557006836, 998.708251953125, 1418.7803955078125, 267.7164001464844, -17.038846969604492, -270.9279479980469, 33.72599411010742, 172.05355834960938, 38.17300033569336, -311.19781494140625, 175.81732177734375, 35.28715133666992, -23.603919982910156], [-188.80299377441406, -972.9324951171875, 267.7164001464844, 1344.3145751953125, 310.77667236328125, -156.48269653320312, -324.9317932128906, -67.37006378173828, 214.0260467529297, -118.39209747314453, -189.03602600097656, 147.542724609375, 10.208582878112793], [-278.6709899902344, -130.89002990722656, -17.038846969604492, 310.77667236328125, 345.2146301269531, 30.329025268554688, -145.09925842285156, -82.51556396484375, 129.62840270996094, -27.387371063232422, -101.98465728759766, 13.791118621826172, 8.816252708435059], [-587.3882446289062, -615.9617919921875, -270.9279479980469, -156.48269653320312, 30.329025268554688, 430.808837890625, 49.18425750732422, -17.85692024230957, -91.50442504882812, 62.06388854980469, -42.15480422973633, -37.09931945800781, -41.65800476074219], [495.4322814941406, 447.3475646972656, 33.72599411010742, -324.9317932128906, -145.09925842285156, 49.18425750732422, 507.3201904296875, 87.95572662353516, -193.17739868164062, -62.532405853271484, 3.083925724029541, -33.377601623535156, -72.83148956298828], [189.57037353515625, -13.108745574951172, 172.05355834960938, -67.37006378173828, -82.51556396484375, -17.85692024230957, 87.95572662353516, 200.50462341308594, -63.65102005004883, -90.32125091552734, 16.687265396118164, 9.75610637664795, 5.6061201095581055], [-283.27264404296875, 44.48588943481445, 38.17300033569336, 214.0260467529297, 129.62840270996094, -91.50442504882812, -193.17739868164062, -63.65102005004883, 226.53384399414062, 15.698229789733887, -42.689876556396484, -4.151263236999512, 27.906469345092773], [416.0267028808594, -266.38348388671875, -311.19781494140625, -118.39209747314453, -27.387371063232422, 62.06388854980469, -62.532405853271484, -90.32125091552734, 15.698229789733887, 240.99891662597656, -38.9243049621582, -59.2069206237793, -48.76656723022461], [-382.9528503417969, 353.3671875, 175.81732177734375, -189.03602600097656, -101.98465728759766, -42.15480422973633, 3.083925724029541, 16.687265396118164, -42.689876556396484, -38.9243049621582, 213.97755432128906, -5.033350467681885, 23.634742736816406], [-318.1480712890625, -280.523193359375, 35.28715133666992, 147.542724609375, 13.791118621826172, -37.09931945800781, -33.377601623535156, 9.75610637664795, -4.151263236999512, -59.2069206237793, -5.033350467681885, 150.95730590820312, 19.12554168701172], [-430.62384033203125, 50.322513580322266, -23.603919982910156, 10.208582878112793, 8.816252708435059, -41.65800476074219, -72.83148956298828, 5.6061201095581055, 27.906469345092773, -48.76656723022461, 23.634742736816406, 19.12554168701172, 105.67520141601562]], "lowlevel.gfcc.icov": [[0.0001253139489563182, -0.00012971014075446874, 5.315978705766611e-05, -0.00011352707224432379, 4.072427691426128e-05, 0.00015278274076990783, 0.00012861932918895036, -0.0003125624207314104, 0.00037655324558727443, -0.00034172317828051746, 0.00033418272505514324, 3.8515783671755344e-05, 0.00041846843669191003], [-0.00012971014075446874, 0.0016647075535729527, -0.000834261009003967, 0.0016139826038852334, -0.0007551657618023455, 0.0021014148369431496, -0.0011487571755424142, 0.002504392061382532, -0.0010121185332536697, 0.0022292619105428457, -0.0006531550316140056, 0.002522089285776019, -0.0007110944716259837], [5.315978705766611e-05, -0.000834261009003967, 0.0019496502354741096, -0.0010656306985765696, 0.00041577144293114543, -0.0005172363016754389, 0.0007621897966600955, -0.001943629584275186, 4.7997975343605503e-05, 0.0007388205267488956, -0.0009522325126454234, -0.000745143392123282, 0.00221825297921896], [-0.00011352707224432379, 0.0016139826038852334, -0.0010656306985765696, 0.003130635479465127, -0.001142913824878633, 0.002435183385387063, -0.00016338420391548425, 0.0029213770758360624, -0.0009640419739298522, 0.0030770835001021624, 0.0008648782968521118, 0.0016103420639410615, 0.00020578554540406913], [4.072427691426128e-05, -0.0007551657618023455, 0.00041577144293114543, -0.001142913824878633, 0.005899445153772831, -0.001959285233169794, 0.0013100217329338193, 0.0008457423537038267, -0.0014242144534364343, 0.001384490868076682, 0.002155416877940297, -0.0006301910034380853, 0.0009692939347587526], [0.00015278274076990783, 0.0021014148369431496, -0.0005172363016754389, 0.002435183385387063, -0.001959285233169794, 0.0068833911791443825, -0.0007332435925491154, 0.002808482153341174, 0.0013842320768162608, 0.002824150025844574, 0.00031619309447705746, 0.004454186651855707, 0.00155459379311651], [0.00012861932918895036, -0.0011487571755424142, 0.0007621897966600955, -0.00016338420391548425, 0.0013100217329338193, -0.0007332435925491154, 0.0053711035288870335, -0.0013282481813803315, 0.0034117542672902346, 0.0014450738672167063, 0.0023492712061852217, -0.00067566754296422, 0.003993838559836149], [-0.0003125624207314104, 0.002504392061382532, -0.001943629584275186, 0.0029213770758360624, 0.0008457423537038267, 0.002808482153341174, -0.0013282481813803315, 0.01183931715786457, -0.0005105226300656796, 0.006542753893882036, 0.0008741716155782342, 0.003911854699254036, -0.0014389239950105548], [0.00037655324558727443, -0.0010121185332536697, 4.7997975343605503e-05, -0.0009640419739298522, -0.0014242144534364343, 0.0013842320768162608, 0.0034117542672902346, -0.0005105226300656796, 0.010707160457968712, -0.0019605804700404406, 0.002755719004198909, 0.0006300645763985813, 0.0007005853694863617], [-0.00034172317828051746, 0.0022292619105428457, 0.0007388205267488956, 0.0030770835001021624, 0.001384490868076682, 0.002824150025844574, 0.0014450738672167063, 0.006542753893882036, -0.0019605804700404406, 0.014560605399310589, 0.0003221641236450523, 0.005716484505683184, 0.00519079715013504], [0.00033418272505514324, -0.0006531550316140056, -0.0009522325126454234, 0.0008648782968521118, 0.002155416877940297, 0.00031619309447705746, 0.0023492712061852217, 0.0008741716155782342, 0.002755719004198909, 0.0003221641236450523, 0.009457254782319069, -0.00030325655825436115, 0.00025481812190264463], [3.8515783671755344e-05, 0.002522089285776019, -0.000745143392123282, 0.0016103420639410615, -0.0006301910034380853, 0.004454186651855707, -0.00067566754296422, 0.003911854699254036, 0.0006300645763985813, 0.005716484505683184, -0.00030325655825436115, 0.012997448444366455, -4.36888039985206e-05], [0.00041846843669191003, -0.0007110944716259837, 0.00221825297921896, 0.00020578554540406913, 0.0009692939347587526, 0.00155459379311651, 0.003993838559836149, -0.0014389239950105548, 0.0007005853694863617, 0.00519079715013504, 0.00025481812190264463, -4.36888039985206e-05, 0.017504621297121048]], "lowlevel.mfcc.cov": [[12526.2333984375, 780.3518676757812, -509.6373291015625, 503.1221618652344, -750.4559326171875, -176.69320678710938, 67.1838150024414, -421.4657897949219, 219.68666076660156, 0.9407002925872803, 452.2381591796875, -86.95198822021484, 147.21153259277344], [780.3518676757812, 4583.72802734375, 591.934326171875, -488.59344482421875, -683.19384765625, -612.6904907226562, 283.45037841796875, -118.80169677734375, -67.11138916015625, -213.3728485107422, 148.24635314941406, 108.98814392089844, 315.9593200683594], [-509.6373291015625, 591.934326171875, 1191.2598876953125, 311.60552978515625, 110.42574310302734, -338.5450744628906, 37.306480407714844, 196.1254425048828, -103.57949829101562, -78.64073181152344, -152.59521484375, 184.16673278808594, 89.21187591552734], [503.1221618652344, -488.59344482421875, 311.60552978515625, 1105.966064453125, 377.4084777832031, 17.70575523376465, -353.43084716796875, 148.33990478515625, 70.1916275024414, -120.5606460571289, -105.50161743164062, 22.628713607788086, -45.66252136230469], [-750.4559326171875, -683.19384765625, 110.42574310302734, 377.4084777832031, 726.2091064453125, 129.94598388671875, -344.47943115234375, -26.508447647094727, 16.443065643310547, 25.30382537841797, -142.27899169921875, 55.184669494628906, -76.16121673583984], [-176.69320678710938, -612.6904907226562, -338.5450744628906, 17.70575523376465, 129.94598388671875, 447.7006530761719, -59.16938018798828, -62.035614013671875, 42.89616394042969, 35.661563873291016, 85.10823822021484, -43.06343078613281, -118.43798065185547], [67.1838150024414, 283.45037841796875, 37.306480407714844, -353.43084716796875, -344.47943115234375, -59.16938018798828, 461.81158447265625, 116.51737976074219, -18.798107147216797, -20.43486213684082, 60.9888801574707, -31.332136154174805, 47.77199935913086], [-421.4657897949219, -118.80169677734375, 196.1254425048828, 148.33990478515625, -26.508447647094727, -62.035614013671875, 116.51737976074219, 332.9786376953125, 34.766849517822266, -74.47645568847656, -84.88158416748047, 1.6594181060791016, -9.521543502807617], [219.68666076660156, -67.11138916015625, -103.57949829101562, 70.1916275024414, 16.443065643310547, 42.89616394042969, -18.798107147216797, 34.766849517822266, 171.80555725097656, 13.208797454833984, 10.37334156036377, -44.110660552978516, -10.155272483825684], [0.9407002925872803, -213.3728485107422, -78.64073181152344, -120.5606460571289, 25.30382537841797, 35.661563873291016, -20.43486213684082, -74.47645568847656, 13.208797454833984, 172.28485107421875, 13.487064361572266, -33.075557708740234, -54.720340728759766], [452.2381591796875, 148.24635314941406, -152.59521484375, -105.50161743164062, -142.27899169921875, 85.10823822021484, 60.9888801574707, -84.88158416748047, 10.37334156036377, 13.487064361572266, 176.3147735595703, -13.85218620300293, -9.271153450012207], [-86.95198822021484, 108.98814392089844, 184.16673278808594, 22.628713607788086, 55.184669494628906, -43.06343078613281, -31.332136154174805, 1.6594181060791016, -44.110660552978516, -33.075557708740234, -13.85218620300293, 155.57179260253906, 42.36408233642578], [147.21153259277344, 315.9593200683594, 89.21187591552734, -45.66252136230469, -76.16121673583984, -118.43798065185547, 47.77199935913086, -9.521543502807617, -10.155272483825684, -54.720340728759766, -9.271153450012207, 42.36408233642578, 151.04566955566406]], "lowlevel.mfcc.icov": [[0.00011515383812366053, 2.7940286599914543e-06, 6.530105747515336e-05, -0.00019060730119235814, 0.00012116631114622578, 0.00012161581980763003, -0.00010727412882260978, 0.00021962251048535109, -0.00013401791511569172, -6.266681884881109e-05, -0.00016841571778059006, -7.857401215005666e-05, -3.004979225806892e-05], [2.7940286599914543e-06, 0.00039347499841824174, -0.00025983378873206675, 0.00022020263713784516, 0.00021206164092291147, 0.00036782800452783704, 0.00016629286983516067, 0.000283470144495368, -0.00024857252719812095, 0.0005960194976069033, -0.00038636563112959266, 0.00010754673712654039, -9.980845061363652e-05], [6.530105747515336e-05, -0.00025983378873206675, 0.0019307995680719614, -0.000866043905261904, -0.00038757966831326485, 0.0008491111802868545, -0.000925114203710109, -0.0004545315750874579, 0.0007555978954769671, -0.0008764168014749885, 0.0004745001788251102, -0.001693424885161221, 4.937620906275697e-05], [-0.00019060730119235814, 0.00022020263713784516, -0.000866043905261904, 0.002410729182884097, -0.0004072517331223935, -0.00014391726290341467, 0.0019486548844724894, -0.0011567336041480303, -0.00047494276077486575, 0.0017365517560392618, -0.0005036696675233543, 0.0010503371013328433, 0.00022969326528254896], [0.00012116631114622578, 0.00021206164092291147, -0.00038757966831326485, -0.0004072517331223935, 0.0032965035643428564, -0.0008867992437444627, 0.001325865974649787, 0.0008135472307913005, -0.0005526525201275945, -0.0001323121105087921, 0.0019511954160407186, -0.0008430842426605523, 0.0004140233213547617], [0.00012161581980763003, 0.00036782800452783704, 0.0008491111802868545, -0.00014391726290341467, -0.0008867992437444627, 0.004711242858320475, -0.0005610368680208921, 0.0005799056962132454, -0.0006283865077421069, 0.0009629742708057165, -0.002442573430016637, -0.0004983915132470429, 0.002324533648788929], [-0.00010727412882260978, 0.00016629286983516067, -0.000925114203710109, 0.0019486548844724894, 0.001325865974649787, -0.0005610368680208921, 0.005712919402867556, -0.002719167387112975, 0.00042669917456805706, 0.0005962250288575888, -0.0014478107914328575, 0.0016230919864028692, -0.0011568665504455566], [0.00021962251048535109, 0.000283470144495368, -0.0004545315750874579, -0.0011567336041480303, 0.0008135472307913005, 0.0005799056962132454, -0.002719167387112975, 0.006794465705752373, -0.0022373520769178867, 0.002267254050821066, 0.0027283108793199062, -0.0006494837580248713, 0.0022855675779283047], [-0.00013401791511569172, -0.00024857252719812095, 0.0007555978954769671, -0.00047494276077486575, -0.0005526525201275945, -0.0006283865077421069, 0.00042669917456805706, -0.0022373520769178867, 0.0077481260523200035, -0.0017338927136734128, -0.0007257104152813554, 0.0016017151065170765, -0.001587656675837934], [-6.266681884881109e-05, 0.0005960194976069033, -0.0008764168014749885, 0.0017365517560392618, -0.0001323121105087921, 0.0009629742708057165, 0.0005962250288575888, 0.002267254050821066, -0.0017338927136734128, 0.009750466793775558, -9.807023161556572e-05, 0.0013531463919207454, 0.003529903944581747], [-0.00016841571778059006, -0.00038636563112959266, 0.0004745001788251102, -0.0005036696675233543, 0.0019511954160407186, -0.002442573430016637, -0.0014478107914328575, 0.0027283108793199062, -0.0007257104152813554, -9.807023161556572e-05, 0.011098428629338741, -0.0015879798447713256, 0.0012805763399228454], [-7.857401215005666e-05, 0.00010754673712654039, -0.001693424885161221, 0.0010503371013328433, -0.0008430842426605523, -0.0004983915132470429, 0.0016230919864028692, -0.0006494837580248713, 0.0016017151065170765, 0.0013531463919207454, -0.0015879798447713256, 0.00993297528475523, -0.0024863560684025288], [-3.004979225806892e-05, -9.980845061363652e-05, 4.937620906275697e-05, 0.00022969326528254896, 0.0004140233213547617, 0.002324533648788929, -0.0011568665504455566, 0.0022855675779283047, -0.001587656675837934, 0.003529903944581747, 0.0012805763399228454, -0.0024863560684025288, 0.01138831116259098]], "metadata.audio_properties.analysis.downmix": "mix", "metadata.audio_properties.codec": "mp3", "metadata.audio_properties.md5_encoded": "4e0cfbf5103de36fc8813e96bf05e91a", "metadata.tags.file_name": "1183649243605504140.mp3", "metadata.version.essentia": "2.1-beta6-dev", "metadata.version.essentia_git_sha": "v2.1_beta5-1110-g77a6a954", "metadata.version.extractor": "music 2.0", "tonal.chords_key": "B", "tonal.chords_scale": "major", "tonal.key_edma.key": "F", "tonal.key_edma.scale": "minor", "tonal.key_krumhansl.key": "F", "tonal.key_krumhansl.scale": "minor", "tonal.key_temperley.key": "F", "tonal.key_temperley.scale": "minor", "metadata.tags.encoding": ["Lavf58.45.100"]}, "essentia_models": [{"model_name": "genre_dortmund", "activations": {"alternative": "0.1095244", "blues": "0.018943729", "electronic": "0.16848253", "folkcountry": "0.05794247", "funksoulrnb": "0.13364965", "jazz": "0.05232197", "pop": "0.10151219", "raphiphop": "0.6945421", "rock": "0.08934169"}}, {"model_name": "genre_rosamerica", "activations": {"classic": "0.052017514", "dance": "0.026889235", "hip hop": "0.06632996", "jazz": "0.0152034275", "pop": "0.008438513", "rhythm and blues": "0.030960508", "rock": "0.020353848", "speech": "0.78392965"}}, {"model_name": "genre_tzanetakis", "activations": {"blues": "0.05370835", "classic": "0.055048406", "country": "0.028863", "disco": "0.035791993", "hip hop": "0.45627722", "jazz": "0.012297464", "metal": "0.007391183", "pop": "0.013942357", "reggae": "0.461825", "rock": "0.09837708"}}, {"model_name": "genre_el