{"song_id": "1183720149665189918", "download": "https://cdn.discordapp.com/attachments/1135911532732108921/1183720149665189918/chirp.mp4?ex=65895c4c&amp", "lyrics": "(Chorus) \n\u0e21\u0e31\u0e19\u0e1c\u0e34\u0e14\u0e40\u0e2d\u0e07\u0e17\u0e35\u0e48\u0e09\u0e31\u0e19\u0e23\u0e31\u0e01\u0e40\u0e18\u0e2d\u0e21\u0e32\u0e01\u0e44\u0e1b \u0e44\u0e21\u0e48\u0e40\u0e04\u0e22\u0e41\u0e01\u0e49\u0e15\u0e31\u0e27\u0e2d\u0e30\u0e44\u0e23\u0e40\u0e25\u0e22\u0e2a\u0e31\u0e01\u0e17\u0e35 \u0e16\u0e36\u0e07\u0e15\u0e49\u0e2d\u0e07\u0e40\u0e08\u0e47\u0e1a\u0e41\u0e1a\u0e1a\u0e19\u0e35\u0e49 \u0e16\u0e39\u0e01\u0e43\u0e04\u0e23\u0e21\u0e2d\u0e07\u0e44\u0e21\u0e48\u0e21\u0e35\u0e44\u0e21\u0e48\u0e27\u0e48\u0e32\u0e40\u0e23\u0e37\u0e48\u0e2d\u0e07\u0e2d\u0e30\u0e44\u0e23 \u0e40\u0e23\u0e37\u0e48\u0e2d\u0e07\u0e23\u0e32\u0e27\u0e17\u0e35\u0e48\u0e08\u0e1a\u0e41\u0e25\u0e49\u0e27 \u0e01\u0e47\u0e43\u0e2b\u0e49\u0e21\u0e31\u0e19\u0e41\u0e25\u0e49\u0e27\u0e44\u0e1b \u0e40\u0e18\u0e2d\u0e08\u0e30\u0e21\u0e35\u0e43\u0e04\u0e23\u0e01\u0e47\u0e0a\u0e48\u0e32\u0e07\u0e40\u0e18\u0e2d \u0e2d\u0e22\u0e48\u0e32\u0e1e\u0e39\u0e14\u0e2d\u0e30\u0e44\u0e23 \u0e17\u0e35\u0e48\u0e44\u0e21\u0e48\u0e43\u0e0a\u0e48\u0e04\u0e27\u0e32\u0e21\u0e08\u0e23\u0e34\u0e07\u0e2d\u0e35\u0e01\u0e40\u0e25\u0e22", "style": ["pop"], "essentia_features": {"lowlevel.average_loudness": 0.9466890692710876, "lowlevel.barkbands_crest.mean": 12.812816619873047, "lowlevel.barkbands_crest.stdev": 4.620719909667969, "lowlevel.barkbands_flatness_db.mean": 0.25633910298347473, "lowlevel.barkbands_flatness_db.stdev": 0.05476660281419754, "lowlevel.barkbands_kurtosis.mean": 13.044197082519531, "lowlevel.barkbands_kurtosis.stdev": 15.335732460021973, "lowlevel.barkbands_skewness.mean": 2.1237504482269287, "lowlevel.barkbands_skewness.stdev": 1.540711522102356, "lowlevel.barkbands_spread.mean": 10.526505470275879, "lowlevel.barkbands_spread.stdev": 14.212812423706055, "lowlevel.dissonance.mean": 0.40963852405548096, "lowlevel.dissonance.stdev": 0.06350240111351013, "lowlevel.dynamic_complexity": 5.119592189788818, "lowlevel.erbbands_crest.mean": 14.856850624084473, "lowlevel.erbbands_crest.stdev": 5.7677106857299805, "lowlevel.erbbands_flatness_db.mean": 0.25081002712249756, "lowlevel.erbbands_flatness_db.stdev": 0.05633198097348213, "lowlevel.erbbands_kurtosis.mean": 8.18610668182373, "lowlevel.erbbands_kurtosis.stdev": 10.110157012939453, "lowlevel.erbbands_skewness.mean": 1.7730712890625, "lowlevel.erbbands_skewness.stdev": 1.2769502401351929, "lowlevel.erbbands_spread.mean": 23.677995681762695, "lowlevel.erbbands_spread.stdev": 25.80121421813965, "lowlevel.hfc.mean": 10.518028259277344, "lowlevel.hfc.stdev": 15.77478313446045, "lowlevel.loudness_ebu128.integrated": -16.66261863708496, "lowlevel.loudness_ebu128.loudness_range": 3.0303726196289062, "lowlevel.loudness_ebu128.momentary.mean": -18.137109756469727, "lowlevel.loudness_ebu128.momentary.stdev": 3.8503994941711426, "lowlevel.loudness_ebu128.short_term.mean": -16.87896156311035, "lowlevel.loudness_ebu128.short_term.stdev": 1.1268088817596436, "lowlevel.melbands_crest.mean": 15.663363456726074, "lowlevel.melbands_crest.stdev": 5.820011138916016, "lowlevel.melbands_flatness_db.mean": 0.32043445110321045, "lowlevel.melbands_flatness_db.stdev": 0.07251516729593277, "lowlevel.melbands_kurtosis.mean": 17.730825424194336, "lowlevel.melbands_kurtosis.stdev": 22.595735549926758, "lowlevel.melbands_skewness.mean": 2.183309316635132, "lowlevel.melbands_skewness.stdev": 1.8639172315597534, "lowlevel.melbands_spread.mean": 11.384902954101562, "lowlevel.melbands_spread.stdev": 15.545797348022461, "lowlevel.pitch_salience.mean": 0.5342615842819214, "lowlevel.pitch_salience.stdev": 0.12138453125953674, "lowlevel.silence_rate_20dB.mean": 1.0, "lowlevel.silence_rate_20dB.stdev": 0.0, "lowlevel.silence_rate_30dB.mean": 0.994918704032898, "lowlevel.silence_rate_30dB.stdev": 0.07110193371772766, "lowlevel.silence_rate_60dB.mean": 0.19410568475723267, "lowlevel.silence_rate_60dB.stdev": 0.39550894498825073, "lowlevel.spectral_centroid.mean": 725.372314453125, "lowlevel.spectral_centroid.stdev": 443.73406982421875, "lowlevel.spectral_complexity.mean": 7.873983860015869, "lowlevel.spectral_complexity.stdev": 3.241682529449463, "lowlevel.spectral_decrease.mean": -3.782897994852874e-09, "lowlevel.spectral_decrease.stdev": 4.904069150768464e-09, "lowlevel.spectral_energy.mean": 0.015231527388095856, "lowlevel.spectral_energy.stdev": 0.019877886399626732, "lowlevel.spectral_energyband_high.mean": 0.00017998780822381377, "lowlevel.spectral_energyband_high.stdev": 0.0003187463735230267, "lowlevel.spectral_energyband_low.mean": 0.0010602594120427966, "lowlevel.spectral_energyband_low.stdev": 0.0013687306782230735, "lowlevel.spectral_energyband_middle_high.mean": 0.003597562899813056, "lowlevel.spectral_energyband_middle_high.stdev": 0.01046101376414299, "lowlevel.spectral_energyband_middle_low.mean": 0.01119051780551672, "lowlevel.spectral_energyband_middle_low.stdev": 0.015898393467068672, "lowlevel.spectral_entropy.mean": 6.494001865386963, "lowlevel.spectral_entropy.stdev": 0.596788227558136, "lowlevel.spectral_flux.mean": 0.05026368051767349, "lowlevel.spectral_flux.stdev": 0.04179728403687477, "lowlevel.spectral_kurtosis.mean": 13.640320777893066, "lowlevel.spectral_kurtosis.stdev": 19.42748260498047, "lowlevel.spectral_rms.mean": 0.00329328840598464, "lowlevel.spectral_rms.stdev": 0.002003570320084691, "lowlevel.spectral_rolloff.mean": 998.4266357421875, "lowlevel.spectral_rolloff.stdev": 1660.12060546875, "lowlevel.spectral_skewness.mean": 2.8106088638305664, "lowlevel.spectral_skewness.stdev": 1.5516445636749268, "lowlevel.spectral_spread.mean": 4689294.5, "lowlevel.spectral_spread.stdev": 2737433.0, "lowlevel.spectral_strongpeak.mean": 1.354306697845459, "lowlevel.spectral_strongpeak.stdev": 1.7463845014572144, "lowlevel.zerocrossingrate.mean": 0.04281095042824745, "lowlevel.zerocrossingrate.stdev": 0.03893699496984482, "metadata.audio_properties.analysis.equal_loudness": 0.0, "metadata.audio_properties.analysis.length": 22.805328369140625, "metadata.audio_properties.analysis.sample_rate": 44100.0, "metadata.audio_properties.analysis.start_time": 0.0, "metadata.audio_properties.bit_rate": 112151.0, "metadata.audio_properties.length": 22.805334091186523, "metadata.audio_properties.lossless": 0.0, "metadata.audio_properties.number_channels": 1.0, "metadata.audio_properties.replay_gain": -12.84184455871582, "metadata.audio_properties.sample_rate": 48000.0, "rhythm.beats_count": 42.0, "rhythm.beats_loudness.mean": 0.028302039951086044, "rhythm.beats_loudness.stdev": 0.0273161418735981, "rhythm.bpm": 114.02082061767578, "rhythm.bpm_histogram_first_peak_bpm": 115.0, "rhythm.bpm_histogram_first_peak_weight": 0.3999999761581421, "rhythm.bpm_histogram_second_peak_bpm": 103.0, "rhythm.bpm_histogram_second_peak_spread": 0.0, "rhythm.bpm_histogram_second_peak_weight": 0.0731707289814949, "rhythm.danceability": 1.3067058324813843, "rhythm.onset_rate": 3.4172732830047607, "tonal.chords_changes_rate": 0.04462474584579468, "tonal.chords_number_rate": 0.018255578354001045, "tonal.chords_strength.mean": 0.47609224915504456, "tonal.chords_strength.stdev": 0.07681454718112946, "tonal.hpcp_crest.mean": 17.702680587768555, "tonal.hpcp_crest.stdev": 8.62088680267334, "tonal.hpcp_entropy.mean": 1.4971039295196533, "tonal.hpcp_entropy.stdev": 0.7216090559959412, "tonal.key_edma.strength": 0.7336412072181702, "tonal.key_krumhansl.strength": 0.7473833560943604, "tonal.key_temperley.strength": 0.7639272212982178, "tonal.tuning_diatonic_strength": 0.667535126209259, "tonal.tuning_equal_tempered_deviation": 0.010770038701593876, "tonal.tuning_frequency": 439.4919738769531, "tonal.tuning_nontempered_energy_ratio": 0.62889164686203, "lowlevel.barkbands.mean": [4.8652305849827826e-05, 0.000667948042973876, 0.00018398475367575884, 0.0002786295081023127, 0.0011471769539639354, 0.0021667852997779846, 0.00337419006973505, 0.0004091171722393483, 0.00238863006234169, 0.0028277302626520395, 0.0004821908369194716, 0.0004802936455234885, 2.6245377739542164e-05, 0.00010186729923589155, 0.000203958828933537, 8.236972644226626e-05, 5.334055094863288e-05, 5.928343307459727e-05, 6.380727427313104e-05, 2.817246968334075e-05, 5.175785190658644e-05, 1.9024171251658117e-06, 1.299547147937119e-05, 4.6998255129437894e-05, 4.171821638010442e-05, 1.8026407815341372e-06, 5.594941177022861e-10], "lowlevel.barkbands.stdev": [8.235001587308943e-05, 0.0010085644898936152, 0.0003685732954181731, 0.000651418580673635, 0.0015568373491987586, 0.0035575497895479202, 0.00801878608763218, 0.0010587368160486221, 0.008738448843359947, 0.010868373326957226, 0.003041207790374756, 0.001792518887668848, 9.228234557667747e-05, 0.00039308055420406163, 0.0008625205955468118, 0.0003329697356093675, 0.00017734685388859361, 0.00024725202820263803, 0.00016151831368915737, 7.66972589190118e-05, 0.000101924677437637, 9.911398592521437e-06, 4.2759576899698004e-05, 0.00012963628978468478, 0.0001114781916840002, 5.703484930563718e-06, 2.16736384395233e-09], "lowlevel.erbbands.mean": [0.03141205012798309, 0.1026744544506073, 0.17305663228034973, 0.7009387016296387, 1.5990972518920898, 4.347256660461426, 8.319114685058594, 21.18142318725586, 54.640933990478516, 23.84320831298828, 12.60680103302002, 44.47481918334961, 110.31550598144531, 44.280330657958984, 22.999488830566406, 18.439226150512695, 2.2194700241088867, 4.3214898109436035, 8.514975547790527, 9.913861274719238, 3.2512686252593994, 2.873077869415283, 3.319126605987549, 3.714952230453491, 2.1985135078430176, 1.229831576347351, 3.5467963218688965, 0.5342394113540649, 0.0757334902882576, 0.1264551281929016, 0.4415663182735443, 0.48773160576820374, 1.1864171028137207, 0.7536213397979736, 0.09861551225185394, 0.01803971640765667, 0.0022712743375450373, 7.442988135153428e-05, 1.2376105587463826e-05, 1.849816362664569e-05], "lowlevel.erbbands.stdev": [0.04791686683893204, 0.16521507501602173, 0.3213732838630676, 1.3763014078140259, 2.5014491081237793, 6.590811729431152, 11.970566749572754, 35.727760314941406, 129.94964599609375, 39.97373580932617, 30.784997940063477, 149.01710510253906, 408.9102783203125, 161.4755096435547, 103.89197540283203, 68.06526184082031, 5.513271331787109, 16.61676597595215, 40.65108871459961, 37.86848831176758, 10.689184188842773, 9.035981178283691, 13.844671249389648, 10.77196216583252, 5.993808269500732, 2.9390206336975098, 7.048323631286621, 1.028313398361206, 0.34050440788269043, 0.5101227760314941, 1.4683988094329834, 1.5184625387191772, 3.1635165214538574, 2.006481409072876, 0.2819881737232208, 0.06202349811792374, 0.006790052633732557, 0.00017860137450043112, 1.5927202184684575e-05, 2.3435253751813434e-05], "lowlevel.gfcc.mean": [-124.4672622680664, 123.1613998413086, -90.77435302734375, 2.5226356983184814, -90.67080688476562, 1.383394718170166, -54.85606384277344, 18.03887367248535, -34.9084587097168, -1.6761831045150757, -1.5474727153778076, -18.837886810302734, 12.6846923828125], "lowlevel.melbands.mean": [0.0002233590930700302, 0.00010583377297734842, 0.00013459437468554825, 0.00022272684145718813, 0.00026354441069997847, 0.00047619358520023525, 0.0008115387172438204, 0.0002018518280237913, 0.00011127437755931169, 0.000325682369293645, 0.0005581321311183274, 0.000187895871931687, 7.651834312127903e-05, 6.74361435812898e-05, 1.365181196888443e-05, 2.680839770619059e-06, 8.477835763187613e-06, 1.2973694538231939e-05, 1.4987009308242705e-05, 8.775109563430306e-06, 2.8082304197596386e-06, 2.4400849270023173e-06, 3.966606527683325e-06, 2.636277940837317e-06, 3.063036956518772e-06, 2.468738784955349e-06, 5.258407327346504e-07, 8.147305834427243e-07, 2.557354264354217e-06, 1.1602006679822807e-06, 6.347597292233331e-08, 3.0023382890931316e-08, 4.4241982521953105e-08, 7.416880976052198e-08, 2.3569505458453932e-07, 2.918169457188924e-07, 2.835132306699961e-07, 7.898188414401375e-07, 9.088840329241066e-07, 5.521583261725027e-07], "lowlevel.melbands.stdev": [0.0003358490066602826, 0.00016769260400906205, 0.00025789026403799653, 0.0002969519409816712, 0.00038617048994638026, 0.0007957792258821428, 0.0018940838053822517, 0.00032797816675156355, 0.0003697778738569468, 0.0011043789563700557, 0.0020726246293634176, 0.0007740602013655007, 0.00044281009468249977, 0.00025940866908058524, 4.785848068422638e-05, 8.059174433583394e-06, 3.597006434574723e-05, 6.641877553192899e-05, 6.262974784476683e-05, 3.501500759739429e-05, 1.1339977390889544e-05, 8.93967899173731e-06, 1.516605061624432e-05, 1.2170735317340586e-05, 9.11596816877136e-06, 7.168976026150631e-06, 1.313560801463609e-06, 2.310751824552426e-06, 5.55478527530795e-06, 2.198865104219294e-06, 2.7118798584524484e-07, 1.7514213368485798e-07, 2.3124648862449249e-07, 3.0964648090048286e-07, 8.117378911265405e-07, 9.29781549530162e-07, 9.323590006715676e-07, 2.3138115921028657e-06, 2.327150014025392e-06, 1.5157705774981878e-06], "lowlevel.melbands128.mean": [4.615248690242879e-05, 0.0002891962940338999, 0.0002867687726393342, 0.00012424003216437995, 6.651809235336259e-05, 0.00010236259549856186, 0.00015032599912956357, 0.00012610007252078503, 0.00012162476923549548, 0.00028168907738290727, 0.0002347213012399152, 0.00023361558851320297, 0.00031551814754493535, 0.0002324529195902869, 0.00036056514363735914, 0.0007024647202342749, 0.0007802483160048723, 0.001116868224926293, 0.0004236472595948726, 0.00024110722006298602, 6.749302701791748e-05, 9.825958113651723e-05, 7.031017594272271e-05, 0.00017210999794770032, 0.0002717060851864517, 0.00026499564410187304, 0.000756354012992233, 0.0006436253315769136, 0.0003614189336076379, 0.0003020581789314747, 7.133807957870886e-05, 6.791244959458709e-05, 0.00011619988799793646, 3.8725982449250296e-05, 6.33286326774396e-05, 0.0001023573349812068, 3.2632018701406196e-05, 5.479254923557164e-06, 4.032276592624839e-06, 2.528953700675629e-06, 1.3636281437356956e-06, 3.8356552067853045e-06, 9.300943020207342e-06, 1.1087777238572016e-05, 8.516042726114392e-06, 1.7679602024145424e-05, 1.207823970617028e-05, 1.2101874744985253e-05, 1.8554163034423254e-05, 1.572403016325552e-05, 5.929862709308509e-06, 3.7548704767687013e-06, 3.918715719919419e-06, 1.7786951502785087e-06, 1.6977414816210512e-06, 2.1409871351352194e-06, 2.72481634056021e-06, 6.242013114388101e-06, 3.104101779172197e-06, 2.376553084104671e-06, 2.348540647290065e-06, 3.329161927467794e-06, 2.7212549866817426e-06, 3.105692030658247e-06, 3.4547092582215555e-06, 2.8621691399166593e-06, 1.772997279658739e-06, 3.8931435142330884e-07, 3.928141154574405e-07, 3.939207431358227e-07, 4.0309052451448224e-07, 1.0335446631870582e-06, 2.3867494292062474e-06, 3.0191652058420004e-06, 2.7655059966491535e-06, 1.3257425734991557e-06, 4.571261342789512e-07, 5.736945851708697e-08, 3.6917377599365864e-08, 2.7942556712901023e-08, 2.5423963379012093e-08, 3.1664239230622115e-08, 3.848984775345343e-08, 4.4577731728168146e-08, 5.167370531466986e-08, 4.8665391716440354e-08, 6.967920285205764e-08, 1.4491232036561996e-07, 2.3400392024086614e-07, 3.066497527015599e-07, 3.411165323541354e-07, 2.863635302219336e-07, 2.200196291823886e-07, 2.2025670887160231e-07, 3.0760935487705865e-07, 6.012650715092605e-07, 9.454414566789637e-07, 1.0672499684005743e-06, 7.897996852079814e-07, 1.0140262247659848e-06, 6.818960400778451e-07, 5.699092753275181e-07, 2.450612726079271e-07, 8.11546954082587e-08, 4.895746030797454e-08, 6.67958630629073e-08, 6.812400243916272e-08, 3.661228831219887e-08, 2.4897428119174947e-08, 1.2447530117754013e-08, 1.280115480284394e-08, 1.251184045258924e-08, 4.482319404530699e-09, 6.528227403101994e-10, 2.7433125215914345e-10, 4.975197684387034e-11, 4.816359984449736e-12, 2.3955026330624296e-12, 2.2853891088608913e-12, 2.2273047121934564e-12, 2.1698445991369386e-12, 2.1212185653818327e-12, 2.083972968150438e-12, 2.0453339542869653e-12, 1.9913163999685235e-12, 1.9243341729119345e-12, 1.8847440969027573e-12, 1.8710280720590777e-12], "lowlevel.melbands128.stdev": [8.028796582948416e-05, 0.0004562746617011726, 0.0004432027926668525, 0.00021137962175998837, 0.0001354569394607097, 0.0002070987393381074, 0.00029384467052295804, 0.0003395216481294483, 0.0002462552802171558, 0.000384523649699986, 0.00045825616689398885, 0.000525186478625983, 0.0005461449618451297, 0.0004274749371688813, 0.0006846123724244535, 0.0016643288545310497, 0.0018233126029372215, 0.003318615024909377, 0.001051893224939704, 0.00046441383892670274, 0.0001935330219566822, 0.000373497954569757, 0.00020812246657442302, 0.001055737491697073, 0.001404968905262649, 0.00133393460419029, 0.003392295679077506, 0.003348390804603696, 0.0019546307157725096, 0.0015163718489930034, 0.00037063448689877987, 0.0006739062955603004, 0.0007987854187376797, 0.00022923678625375032, 0.00027688368572853506, 0.00048403386608697474, 0.00015496477135457098, 2.2941387214814313e-05, 1.9445951693342067e-05, 1.2354075806797482e-05, 6.571612630068557e-06, 1.830904875532724e-05, 4.6452762035187334e-05, 7.652420754311606e-05, 4.231449929648079e-05, 0.00012527263606898487, 9.361637785332277e-05, 7.330615335376933e-05, 0.00010346774070058018, 8.555401291232556e-05, 3.602140714065172e-05, 1.9817038264591247e-05, 2.2977506887400523e-05, 7.296780040633166e-06, 8.04930732556386e-06, 1.4886319149809424e-05, 1.4739538528374396e-05, 2.9335964427446015e-05, 1.649142723181285e-05, 2.2578546122531407e-05, 1.756234996719286e-05, 1.960155350388959e-05, 1.4795075912843458e-05, 1.132990564656211e-05, 1.5923811588436365e-05, 1.1116764653706923e-05, 7.534797532571247e-06, 1.1843661695820629e-06, 1.3181532949602115e-06, 1.2251082353031961e-06, 1.5570220739391516e-06, 3.920890776498709e-06, 7.999344234121963e-06, 8.208531653508544e-06, 6.405087788152741e-06, 3.0980563678895123e-06, 1.5769213632665924e-06, 2.333695192646701e-07, 3.518022424486844e-07, 1.877393458471488e-07, 1.507277431755938e-07, 1.940308322900819e-07, 2.2261140486534714e-07, 2.43207665562295e-07, 2.823881004587747e-07, 2.407267061244056e-07, 3.364314977716276e-07, 5.950548143118795e-07, 8.486647971039929e-07, 1.1904663779205293e-06, 1.1865190572279971e-06, 8.779328481978155e-07, 9.0345196213093e-07, 1.0294521644027554e-06, 1.0605049283185508e-06, 2.0885199774056673e-06, 3.1242896056937752e-06, 2.825299816322513e-06, 2.1281271074258257e-06, 3.014436742887483e-06, 2.2029462343198247e-06, 1.565136813042045e-06, 7.481271495635156e-07, 2.8333238333289046e-07, 1.5133913677800592e-07, 2.8453695222196984e-07, 2.8230800808159984e-07, 1.3015883837397269e-07, 9.167110448515814e-08, 5.3613426587162394e-08, 5.810834835529022e-08, 4.4898119000436054e-08, 1.372005975497359e-08, 2.4387434294226296e-09, 1.325384024752907e-09, 5.164207395047526e-10, 7.484142472424793e-11, 5.58505889106109e-12, 5.25363173103921e-12, 5.119445666001976e-12, 4.994751140463549e-12, 4.882479403417461e-12, 4.786707055032258e-12, 4.703746073198012e-12, 4.633883988330867e-12, 4.5791638710046545e-12, 4.538969027023665e-12, 4.514268299449231e-12], "lowlevel.mfcc.mean": [-783.078125, 160.29710388183594, 39.541603088378906, -5.08788537979126, 3.5927822589874268, -39.73260498046875, 9.35385799407959, -22.69856071472168, -4.138632297515869, 2.9163599014282227, -21.100919723510742, 3.107675313949585, -4.691697597503662], "lowlevel.spectral_contrast_coeffs.mean": [-0.6772359013557434, -0.6831651329994202, -0.7059456706047058, -0.8003082275390625, -0.785021960735321, -0.7717418670654297], "lowlevel.spectral_contrast_coeffs.stdev": [0.09474610537290573, 0.09789497405290604, 0.1127811074256897, 0.07058703899383545, 0.06241431459784508, 0.060254789888858795], "lowlevel.spectral_contrast_valleys.mean": [-7.65558385848999, -7.256287097930908, -8.666163444519043, -9.470916748046875, -9.529847145080566, -12.162344932556152], "lowlevel.spectral_contrast_valleys.stdev": [0.8951634764671326, 0.8412850499153137, 0.852848470211029, 0.9453926086425781, 1.2164840698242188, 1.0967625379562378], "rhythm.beats_loudness_band_ratio.mean": [0.14649167656898499, 0.24737432599067688, 0.4745525121688843, 0.1375608742237091, 0.026447514072060585, 0.02285088039934635], "rhythm.beats_loudness_band_ratio.stdev": [0.20944300293922424, 0.1883736252784729, 0.24484573304653168, 0.1897924542427063, 0.030631521716713905, 0.04066241532564163], "tonal.hpcp.mean": [0.3976782262325287, 0.18920999765396118, 0.009194905869662762, 0.009447326883673668, 0.019309183582663536, 0.12845690548419952, 0.25373443961143494, 0.15494702756404877, 0.03134952485561371, 0.026940882205963135, 0.024115120992064476, 0.04677695408463478, 0.08098356425762177, 0.07379486411809921, 0.1473199427127838, 0.21953918039798737, 0.10794653743505478, 0.014495433308184147, 0.013082816265523434, 0.02250722609460354, 0.10711732506752014, 0.17693884670734406, 0.11004581302404404, 0.03619658201932907, 0.02051965333521366, 0.023823702707886696, 0.09848649054765701, 0.1800154596567154, 0.1491660475730896, 0.16642624139785767, 0.22534196078777313, 0.14820702373981476, 0.07215579599142075, 0.069744773209095, 0.07346075028181076, 0.2535399794578552], "tonal.hpcp.stdev": [0.39022454619407654, 0.2176857888698578, 0.045771755278110504, 0.05250115320086479, 0.08246073871850967, 0.1880221664905548, 0.3200129568576813, 0.21395590901374817, 0.11925945430994034, 0.12133698910474777, 0.11321212351322174, 0.15082783997058868, 0.2353745996952057, 0.19108903408050537, 0.2205168455839157, 0.2813291549682617, 0.15817345678806305, 0.06718281656503677, 0.08588062226772308, 0.1076650619506836, 0.20925119519233704, 0.29588866233825684, 0.22782820463180542, 0.14251384139060974, 0.10344263911247253, 0.11176283657550812, 0.18701519072055817, 0.2692350745201111, 0.25890079140663147, 0.2773159444332123, 0.3569183349609375, 0.2671508193016052, 0.18382106721401215, 0.19814936816692352, 0.19424723088741302, 0.27523428201675415], "rhythm.beats_position": [0.54566890001297, 1.1029478311538696, 1.6834466457366943, 2.2639455795288086, 2.8444442749023438, 3.4017233848571777, 3.9357821941375732, 4.458230972290039, 4.980679988861084, 5.503129005432129, 6.025578022003174, 6.548027038574219, 7.082086086273193, 7.616145133972168, 8.138593673706055, 8.661043167114258, 9.195101737976074, 9.729161262512207, 10.251609802246094, 10.77405834197998, 11.284897804260254, 11.795736312866211, 12.318185806274414, 12.8406343460083, 13.363083839416504, 13.89714241027832, 14.419591903686523, 14.95365047454834, 15.476099014282227, 16.02176856994629, 16.544218063354492, 17.078275680541992, 17.600725173950195, 18.134784698486328, 18.6572322845459, 19.1796817779541, 19.713741302490234, 20.236190795898438, 20.758638381958008, 21.29269790649414, 21.815147399902344, 22.349205017089844], "rhythm.bpm_histogram": [0.0, 0.0, 0.0, 0.0, 0.0, 0.0, 0.0, 0.0, 0.0, 0.0, 0.0, 0.0, 0.0, 0.0, 0.0, 0.0, 0.0, 0.0, 0.0, 0.0, 0.0, 0.0, 0.0, 0.0, 0.0, 0.0, 0.0, 0.0, 0.0, 0.0, 0.0, 0.0, 0.0, 0.0, 0.0, 0.0, 0.0, 0.0, 0.0, 0.0, 0.0, 0.0, 0.0, 0.0, 0.0, 0.0, 0.0, 0.0, 0.0, 0.0, 0.0, 0.0, 0.0, 0.0, 0.0, 0.0, 0.0, 0.0, 0.0, 0.0, 0.0, 0.0, 0.0, 0.0, 0.0, 0.0, 0.0, 0.0, 0.0, 0.0, 0.0, 0.0, 0.0, 0.0, 0.0, 0.0, 0.0, 0.0, 0.0, 0.0, 0.0, 0.0, 0.0, 0.0, 0.0, 0.0, 0.0, 0.0, 0.0, 0.0, 0.0, 0.0, 0.0, 0.0, 0.0, 0.0, 0.0, 0.0, 0.0, 0.0, 0.0, 0.0, 0.0, 0.0731707289814949, 0.0, 0.0, 0.0, 0.0, 0.04878048598766327, 0.0, 0.024390242993831635, 0.0, 0.2926829159259796, 0.0, 0.0, 0.5121951103210449, 0.0, 0.04878048598766327, 0.0, 0.0, 0.0, 0.0, 0.0, 0.0, 0.0, 0.0, 0.0, 0.0, 0.0, 0.0, 0.0, 0.0, 0.0, 0.0, 0.0, 0.0, 0.0, 0.0, 0.0, 0.0, 0.0, 0.0, 0.0, 0.0, 0.0, 0.0, 0.0, 0.0, 0.0, 0.0, 0.0, 0.0, 0.0, 0.0, 0.0, 0.0, 0.0, 0.0, 0.0, 0.0, 0.0, 0.0, 0.0, 0.0, 0.0, 0.0, 0.0, 0.0, 0.0, 0.0, 0.0, 0.0, 0.0, 0.0, 0.0, 0.0, 0.0, 0.0, 0.0, 0.0, 0.0, 0.0, 0.0, 0.0, 0.0, 0.0, 0.0, 0.0, 0.0, 0.0, 0.0, 0.0, 0.0, 0.0, 0.0, 0.0, 0.0, 0.0, 0.0, 0.0, 0.0, 0.0, 0.0, 0.0, 0.0, 0.0, 0.0, 0.0, 0.0, 0.0, 0.0, 0.0, 0.0, 0.0, 0.0, 0.0, 0.0, 0.0, 0.0, 0.0, 0.0, 0.0, 0.0, 0.0, 0.0, 0.0, 0.0, 0.0, 0.0, 0.0, 0.0, 0.0, 0.0, 0.0, 0.0, 0.0, 0.0, 0.0, 0.0, 0.0, 0.0, 0.0, 0.0, 0.0, 0.0, 0.0, 0.0, 0.0, 0.0, 0.0], "tonal.chords_histogram": [55.78093338012695, 0.0, 5.476673603057861, 8.31643009185791, 0.0, 0.20283976197242737, 0.0, 0.0, 0.0, 0.0, 0.0, 0.0, 0.0, 0.0, 0.0, 0.0, 0.0, 3.4482758045196533, 0.0, 2.839756488800049, 4.259634971618652, 4.056795120239258, 13.387423515319824, 2.2312374114990234], "tonal.thpcp": [1.0, 0.47578665614128113, 0.02312147244811058, 0.023756207898259163, 0.04855479300022125, 0.3230172097682953, 0.6380395293235779, 0.38962915539741516, 0.07883138209581375, 0.06774543225765228, 0.06063978374004364, 0.11762513220310211, 0.20364093780517578, 0.18556424975395203, 0.37045010924339294, 0.5520523190498352, 0.27144190669059753, 0.03645015507936478, 0.03289799392223358, 0.056596577167510986, 0.26935678720474243, 0.44492968916893005, 0.27672073245048523, 0.09101977199316025, 0.05159863457083702, 0.0599069818854332, 0.24765372276306152, 0.45266613364219666, 0.3750923275947571, 0.41849473118782043, 0.5666439533233643, 0.37268075346946716, 0.18144266307353973, 0.1753799170255661, 0.1847240924835205, 0.6375505924224854], "lowlevel.gfcc.cov": [[8447.2001953125, -1664.9417724609375, -2127.33056640625, 332.1780090332031, -355.6125793457031, 155.2375030517578, 125.51927947998047, 717.7240600585938, -149.87965393066406, 219.9866943359375, 260.76708984375, -89.7564468383789, 671.578125], [-1664.9417724609375, 1727.381103515625, 376.8843078613281, -400.65045166015625, 439.1226501464844, -35.39168167114258, 283.3462219238281, -164.56427001953125, 149.8278045654297, 15.986845016479492, 141.6061248779297, -95.07806396484375, 17.434707641601562], [-2127.33056640625, 376.8843078613281, 1508.8353271484375, 165.03927612304688, 42.046504974365234, 159.85902404785156, -42.71113204956055, -99.78646850585938, 105.03931427001953, 94.21064758300781, -85.5807113647461, 203.8030242919922, -287.8530578613281], [332.1780090332031, -400.65045166015625, 165.03927612304688, 707.81884765625, 45.508262634277344, -122.81348419189453, -30.477928161621094, 213.7982635498047, 69.05139923095703, 2.1413562297821045, 2.704040765762329, 171.59400939941406, -45.64793395996094], [-355.6125793457031, 439.1226501464844, 42.046504974365234, 45.508262634277344, 476.8865966796875, 123.6649398803711, 137.229736328125, 121.0857162475586, 67.50079345703125, 90.22142791748047, 92.77327728271484, 36.50896072387695, 95.81776428222656], [155.2375030517578, -35.39168167114258, 159.85902404785156, -122.81348419189453, 123.6649398803711, 596.0732421875, 203.00164794921875, -79.54390716552734, 61.57540512084961, 198.6168975830078, 10.893372535705566, -20.547264099121094, 137.5958251953125], [125.51927947998047, 283.3462219238281, -42.71113204956055, -30.477928161621094, 137.229736328125, 203.00164794921875, 372.0324401855469, 39.00241470336914, 33.76859664916992, 127.13117980957031, 119.16496276855469, 2.2441296577453613, 150.3086395263672], [717.7240600585938, -164.56427001953125, -99.78646850585938, 213.7982635498047, 121.0857162475586, -79.54390716552734, 39.00241470336914, 355.3701171875, 1.5691064596176147, 15.713130950927734, 80.6776123046875, 87.56459045410156, 59.604217529296875], [-149.87965393066406, 149.8278045654297, 105.03931427001953, 69.05139923095703, 67.50079345703125, 61.57540512084961, 33.76859664916992, 1.5691064596176147, 215.2467498779297, 44.87464904785156, 6.668112754821777, 37.80570602416992, 23.074546813964844], [219.9866943359375, 15.986845016479492, 94.21064758300781, 2.1413562297821045, 90.22142791748047, 198.6168975830078, 127.13117980957031, 15.713130950927734, 44.87464904785156, 224.0994873046875, 72.02398681640625, 20.94561195373535, 82.79389953613281], [260.76708984375, 141.6061248779297, -85.5807113647461, 2.704040765762329, 92.77327728271484, 10.893372535705566, 119.16496276855469, 80.6776123046875, 6.668112754821777, 72.02398681640625, 206.1283721923828, 55.54426574707031, 82.78793334960938], [-89.7564468383789, -95.07806396484375, 203.8030242919922, 171.59400939941406, 36.50896072387695, -20.547264099121094, 2.2441296577453613, 87.56459045410156, 37.80570602416992, 20.94561195373535, 55.54426574707031, 199.88595581054688, -16.918758392333984], [671.578125, 17.434707641601562, -287.8530578613281, -45.64793395996094, 95.81776428222656, 137.5958251953125, 150.3086395263672, 59.604217529296875, 23.074546813964844, 82.79389953613281, 82.78793334960938, -16.918758392333984, 246.74359130859375]], "lowlevel.gfcc.icov": [[0.00043541332706809044, -0.0003719390369951725, 0.0007339247968047857, -0.0004419739416334778, 0.0010819450253620744, -0.0007275494281202555, 0.0006352330092340708, -0.0010525232646614313, 0.0003438426647335291, -0.0007173792691901326, 4.679266567109153e-05, -0.00020144248264841735, -0.0003524773055687547], [-0.0003719390369951725, 0.0036969147622585297, -0.0023553655482828617, 0.0022903133649379015, -0.00420775031670928, 0.0034216451458632946, -0.0032479604706168175, 0.0026867983397096395, -0.0024688125122338533, 0.002326280577108264, -0.0019147481070831418, 0.0027417719829827547, -0.00023678102297708392], [0.0007339247968047857, -0.0023553655482828617, 0.0035408709663897753, -0.001713193254545331, 0.0032519798260182142, -0.0031260212417691946, 0.0021885100286453962, -0.0023743349593132734, 0.0014104825677350163, -0.002797513734549284, 0.0016098649939522147, -0.0031023246701806784, 0.0017574052326381207], [-0.0004419739416334778, 0.0022903133649379015, -0.001713193254545331, 0.0037718438543379307, -0.0029203600715845823, 0.002714758273214102, -0.002332289470359683, 0.0009535396820865571, -0.0021190852858126163, 0.0013146591372787952, -0.00022784060274716467, 0.00018060117145068944, 0.0003967619559261948], [0.0010819450253620744, -0.00420775031670928, 0.0032519798260182142, -0.0029203600715845823, 0.008700267411768436, -0.0048578521236777306, 0.003880665870383382, -0.0052976044826209545, 0.002354277530685067, -0.0034561383072286844, 0.0012465884210541844, -0.002633454743772745, -0.0008071446209214628], [-0.0007275494281202555, 0.0034216451458632946, -0.0031260212417691946, 0.002714758273214102, -0.0048578521236777306, 0.006919166538864374, -0.00421211076900363, 0.0038912715390324593, -0.0024395647924393415, 0.000574452627915889, -0.0002152886299882084, 0.0024347477592527866, -0.0014777014730498195], [0.0006352330092340708, -0.0032479604706168175, 0.0021885100286453962, -0.002332289470359683, 0.003880665870383382, -0.00421211076900363, 0.007839000783860683, -0.0029899764340370893, 0.002237909473478794, -0.002848881995305419, -0.0004535806947387755, -0.0015596764860674739, -0.001797023112885654], [-0.0010525232646614313, 0.0026867983397096395, -0.0023743349593132734, 0.0009535396820865571, -0.0052976044826209545, 0.0038912715390324593, -0.0029899764340370893, 0.008096367120742798, -0.0013539186911657453, 0.0024857609532773495, -0.0016841960605233908, 0.0007036506431177258, -0.00025990381254814565], [0.0003438426647335291, -0.0024688125122338533, 0.0014104825677350163, -0.0021190852858126163, 0.002354277530685067, -0.0024395647924393415, 0.002237909473478794, -0.0013539186911657453, 0.00711170956492424, -0.0021435811650007963, 0.001650200691074133, -0.002395177260041237, -0.0007616977673023939], [-0.0007173792691901326, 0.002326280577108264, -0.002797513734549284, 0.0013146591372787952, -0.0034561383072286844, 0.000574452627915889, -0.002848881995305419, 0.0024857609532773495, -0.0021435811650007963, 0.01014983281493187, -0.0033818066585808992, 0.0023396555334329605, -0.000985644874162972], [4.679266567109153e-05, -0.0019147481070831418, 0.0016098649939522147, -0.00022784060274716467, 0.0012465884210541844, -0.0002152886299882084, -0.0004535806947387755, -0.0016841960605233908, 0.001650200691074133, -0.0033818066585808992, 0.009660438634455204, -0.004519201349467039, -0.00040774981607683003], [-0.00020144248264841735, 0.0027417719829827547, -0.0031023246701806784, 0.00018060117145068944, -0.002633454743772745, 0.0024347477592527866, -0.0015596764860674739, 0.0007036506431177258, -0.002395177260041237, 0.0023396555334329605, -0.004519201349467039, 0.011037898249924183, -0.0010741231963038445], [-0.0003524773055687547, -0.00023678102297708392, 0.0017574052326381207, 0.0003967619559261948, -0.0008071446209214628, -0.0014777014730498195, -0.001797023112885654, -0.00025990381254814565, -0.0007616977673023939, -0.000985644874162972, -0.00040774981607683003, -0.0010741231963038445, 0.009912553243339062]], "lowlevel.mfcc.cov": [[8002.0537109375, -1985.99169921875, -1627.4996337890625, -87.44025421142578, 50.77743148803711, -826.662109375, 616.0853881835938, -206.2338409423828, 228.19625854492188, 605.81982421875, -495.6687927246094, 123.59069061279297, -13.460823059082031], [-1985.99169921875, 2004.072265625, 29.916501998901367, -191.9256591796875, 4.43258810043335, 233.2592315673828, 135.8978729248047, -41.07183074951172, 26.193531036376953, 13.242003440856934, 195.51107788085938, -7.4979166984558105, 66.92078399658203], [-1627.4996337890625, 29.916501998901367, 1202.248779296875, 66.43038940429688, -77.25092315673828, 384.6583251953125, -271.7049560546875, 122.13346862792969, -16.2967586517334, -193.4573516845703, 197.232177734375, 33.31925964355469, 84.8764877319336], [-87.44025421142578, -191.9256591796875, 66.43038940429688, 740.2265625, 107.50460815429688, -244.06988525390625, -76.72383880615234, 204.18238830566406, 25.462987899780273, -198.04331970214844, 160.77447509765625, 147.24063110351562, -18.41053009033203], [50.77743148803711, 4.43258810043335, -77.25092315673828, 107.50460815429688, 312.67462158203125, -24.80540657043457, 54.150848388671875, 52.73247528076172, 65.9853744506836, 29.556211471557617, 47.459327697753906, 9.891199111938477, 12.264219284057617], [-826.662109375, 233.2592315673828, 384.6583251953125, -244.06988525390625, -24.80540657043457, 686.4927368164062, 7.863754749298096, -9.601452827453613, 76.23433685302734, 181.1070098876953, 30.171337127685547, -93.60370635986328, 147.8291473388672], [616.0853881835938, 135.8978729248047, -271.7049560546875, -76.72383880615234, 54.150848388671875, 7.863754749298096, 528.7059936523438, -53.00593948364258, 86.08676147460938, 170.28236389160156, -39.438011169433594, 60.2963752746582, 57.590274810791016], [-206.2338409423828, -41.07183074951172, 122.13346862792969, 204.18238830566406, 52.73247528076172, -9.601452827453613, -53.00593948364258, 228.1849365234375, 25.17377281188965, -99.32867431640625, 110.1702651977539, 38.007171630859375, 2.206644058227539], [228.19625854492188, 26.193531036376953, -16.2967586517334, 25.462987899780273, 65.9853744506836, 76.23433685302734, 86.08676147460938, 25.17377281188965, 218.5760498046875, 79.90496063232422, -7.018557071685791, 24.042621612548828, 55.94146728515625], [605.81982421875, 13.242003440856934, -193.4573516845703, -198.04331970214844, 29.556211471557617, 181.1070098876953, 170.28236389160156, -99.32867431640625, 79.90496063232422, 364.42578125, -92.2883529663086, -59.50355911254883, 90.28653717041016], [-495.6687927246094, 195.51107788085938, 197.232177734375, 160.77447509765625, 47.459327697753906, 30.171337127685547, -39.438011169433594, 110.1702651977539, -7.018557071685791, -92.2883529663086, 247.1248321533203, 44.42423629760742, 8.147512435913086], [123.59069061279297, -7.4979166984558105, 33.31925964355469, 147.24063110351562, 9.891199111938477, -93.60370635986328, 60.2963752746582, 38.007171630859375, 24.042621612548828, -59.50355911254883, 44.42423629760742, 193.3101806640625, 16.68299674987793], [-13.460823059082031, 66.92078399658203, 84.8764877319336, -18.41053009033203, 12.264219284057617, 147.8291473388672, 57.590274810791016, 2.206644058227539, 55.94146728515625, 90.28653717041016, 8.147512435913086, 16.68299674987793, 160.9473876953125]], "lowlevel.mfcc.icov": [[0.00036541320150718093, 0.00035708092036657035, 0.0002882415137719363, 0.00015912632807157934, 0.00015390000771731138, 0.0003936862922273576, -0.0001241876307176426, -4.0415150579065084e-05, -0.0003036786220036447, -0.0005021655233576894, -0.00011047807493014261, -0.00023861539375502616, -0.00016247134772129357], [0.00035708092036657035, 0.0009958017617464066, 0.00046435350668616593, 0.0003913982363883406, 0.0001818530581658706, 0.00015780064859427512, -0.00025578486383892596, 0.0002706281084101647, -0.00039550388464704156, -0.0001717009290587157, -0.0009344615391455591, -0.00023285552742891014, -0.00035004448727704585], [0.0002882415137719363, 0.00046435350668616593, 0.0019503211369737983, 0.00021137521252967417, 0.0003870894433930516, -0.0008745180675759912, 0.00044847282697446644, 3.4951739507960156e-05, -0.00025765225291252136, 0.0007420253823511302, -0.000973458809312433, -0.0007032694993540645, -0.000765034114010632], [0.00015912632807157934, 0.0003913982363883406, 0.00021137521252967417, 0.0026816073805093765, -0.00035832804860547185, 0.0008701664046384394, 0.00022418673324864358, -0.0012713458854705095, -0.0004965965636074543, 0.0002430988970445469, -0.0010414817370474339, -0.0011194745311513543, -0.0005838872748427093], [0.00015390000771731138, 0.0001818530581658706, 0.0003870894433930516, -0.00035832804860547185, 0.003949684556573629, 0.00030959141440689564, -0.0002544939052313566, -0.000477208144729957, -0.0010759875876829028, -0.0006478936993516982, -0.0008734822040423751, 0.0003755789075512439, -5.2859712013741955e-05], [0.0003936862922273576, 0.00015780064859427512, -0.0008745180675759912, 0.0008701664046384394, 0.00030959141440689564, 0.0037898821756243706, -0.0001432495191693306, -0.0006227162666618824, -0.0008566898759454489, -0.00203101453371346, -0.00036931256181560457, 0.0009294009068980813, -0.001557285781018436], [-0.0001241876307176426, -0.00025578486383892596, 0.00044847282697446644, 0.00022418673324864358, -0.0002544939052313566, -0.0001432495191693306, 0.002867369446903467, 0.00012135298311477527, -0.00036797375651076436, -0.0007162673864513636, -0.00011915077629964799, -0.0012725298292934895, -0.000323955639032647], [-4.0415150579065084e-05, 0.0002706281084101647, 3.4951739507960156e-05, -0.0012713458854705095, -0.000477208144729957, -0.0006227162666618824, 0.00012135298311477527, 0.00733273895457387, -0.0009464369504712522, 0.0014560895506292582, -0.002109639346599579, 0.0003124798240605742, -0.00022885548241902143], [-0.0003036786220036447, -0.00039550388464704156, -0.00025765225291252136, -0.0004965965636074543, -0.0010759875876829028, -0.0008566898759454489, -0.00036797375651076436, -0.0009464369504712522, 0.0063105495646595955, -0.0005158271524123847, 0.001019338727928698, -0.0005780199426226318, -0.0006641014479100704], [-0.0005021655233576894, -0.0001717009290587157, 0.0007420253823511302, 0.0002430988970445469, -0.0006478936993516982, -0.00203101453371346, -0.0007162673864513636, 0.0014560895506292582, -0.0005158271524123847, 0.006793775595724583, 0.00035290326923131943, 0.0012316148495301604, -0.00196027266792953], [-0.00011047807493014261, -0.0009344615391455591, -0.000973458809312433, -0.0010414817370474339, -0.0008734822040423751, -0.00036931256181560457, -0.00011915077629964799, -0.002109639346599579, 0.001019338727928698, 0.00035290326923131943, 0.007379370275884867, -0.00043264497071504593, 0.00036987729254178703], [-0.00023861539375502616, -0.00023285552742891014, -0.0007032694993540645, -0.0011194745311513543, 0.0003755789075512439, 0.0009294009068980813, -0.0012725298292934895, 0.0003124798240605742, -0.0005780199426226318, 0.0012316148495301604, -0.00043264497071504593, 0.007726315874606371, -0.0013804954942315817], [-0.00016247134772129357, -0.00035004448727704585, -0.000765034114010632, -0.0005838872748427093, -5.2859712013741955e-05, -0.001557285781018436, -0.000323955639032647, -0.00022885548241902143, -0.0006641014479100704, -0.00196027266792953, 0.00036987729254178703, -0.0013804954942315817, 0.009690113365650177]], "metadata.audio_properties.analysis.downmix": "mix", "metadata.audio_properties.codec": "mp3", "metadata.audio_properties.md5_encoded": "a417e9e9dc9079d8f86894faa43361b0", "metadata.tags.file_name": "