{"song_id": "1183711706246029343", "download": "https://cdn.discordapp.com/attachments/1128313332273782784/1183711706246029343/chirp.mp4?ex=6589546f&amp", "lyrics": "\u0421 \u0414\u043d\u0451\u043c \u0420\u043e\u0436\u0434\u0435\u043d\u0438\u044f \u0442\u0435\u0431\u044f \u041d\u0430\u0434\u044f!\n\u041f\u0443\u0441\u0442\u044c \u0440\u0430\u0434\u043e\u0441\u0442\u044c \u0432\u0441\u0435\u0433\u0434\u0430 \u043f\u043e\u0431\u0435\u0436\u0434\u0430\u0435\u0442 \u0433\u0440\u0443\u0441\u0442\u044c,\n\u041f\u043b\u044b\u0432\u0438 \u043f\u043e \u0436\u0438\u0437\u043d\u0438 \u043d\u0430\u0437\u0430\u0434 \u043d\u0435 \u0433\u043b\u044f\u0434\u044f,\n\u0418 \u043f\u0430\u0440\u0443\u0441 \u0442\u0432\u043e\u0439 \u0440\u0430\u0437\u0432\u0438\u0432\u0430\u0435\u0442\u0441\u044f \u043f\u0443\u0441\u0442\u044c! (\u041f\u0443\u0443\u0443\u0441\u0442\u044c)\n\u041f\u0443\u0441\u0442\u044c \u0431\u0443\u0434\u0443\u0442 \u0441\u0447\u0430\u0441\u0442\u044c\u044f \u0448\u0438\u0440\u043e\u043a\u0438\u0435 \u0440\u0435\u043a\u0438,\n\u0418 \u0432\u043e\u043b\u043d\u044b \u043b\u044e\u0431\u0432\u0438 \u0443 \u043c\u043e\u0440\u0441\u043a\u0438\u0445 \u0431\u0435\u0440\u0435\u0433\u043e\u0432,\n\u0412\u043f\u0435\u0440\u0451\u0434 \u043f\u043e\u043d\u0435\u0441\u0451\u0442 \u0432\u043e\u0434\u043e\u043f\u0430\u0434 \u0442\u0435\u0431\u044f \u043d\u0435\u043a\u0438\u0439\n\u0421\u043a\u0432\u043e\u0437\u044c \u0434\u0436\u0443\u043d\u0433\u043b\u0438 \u0441\u0430\u043c\u044b\u0445 \u043f\u0440\u0435\u043a\u0440\u0430\u0441\u043d\u044b\u0445 \u0446\u0432\u0435\u0442\u043e\u0432!\n\u0421 \u0414\u043d\u0451\u043c \u0420\u043e\u0436\u0434\u0435\u043d\u0438\u044f, \u0442\u0435\u0431\u044f\u044f\u044f\u044f, \u041d\u0430\u0434\u044f\u044f\u044f!\n\u0421 \u0414\u043d\u0451\u043c \u0440\u043e\u0436\u0434\u0435\u043d\u0438\u044f, \u0442\u0435\u0431\u044f, \u0423\u0420\u0410\u0410\u0410!!!", "style": ["swing"], "essentia_features": {"lowlevel.average_loudness": 0.978345513343811, "lowlevel.barkbands_crest.mean": 15.633862495422363, "lowlevel.barkbands_crest.stdev": 6.246731758117676, "lowlevel.barkbands_flatness_db.mean": 0.20153231918811798, "lowlevel.barkbands_flatness_db.stdev": 0.11172778904438019, "lowlevel.barkbands_kurtosis.mean": 45.845947265625, "lowlevel.barkbands_kurtosis.stdev": 101.66043090820312, "lowlevel.barkbands_skewness.mean": 4.307562351226807, "lowlevel.barkbands_skewness.stdev": 4.168989658355713, "lowlevel.barkbands_spread.mean": 14.604260444641113, "lowlevel.barkbands_spread.stdev": 13.833209037780762, "lowlevel.dissonance.mean": 0.4498176574707031, "lowlevel.dissonance.stdev": 0.03925449401140213, "lowlevel.dynamic_complexity": 3.171576738357544, "lowlevel.erbbands_crest.mean": 10.459090232849121, "lowlevel.erbbands_crest.stdev": 5.572874546051025, "lowlevel.erbbands_flatness_db.mean": 0.1305084079504013, "lowlevel.erbbands_flatness_db.stdev": 0.06507313996553421, "lowlevel.erbbands_kurtosis.mean": 4.820262432098389, "lowlevel.erbbands_kurtosis.stdev": 20.45433807373047, "lowlevel.erbbands_skewness.mean": 0.9885691404342651, "lowlevel.erbbands_skewness.stdev": 1.6354809999465942, "lowlevel.erbbands_spread.mean": 53.04654312133789, "lowlevel.erbbands_spread.stdev": 32.84636688232422, "lowlevel.hfc.mean": 18.8842716217041, "lowlevel.hfc.stdev": 14.83443832397461, "lowlevel.loudness_ebu128.integrated": -13.050332069396973, "lowlevel.loudness_ebu128.loudness_range": 1.4975652694702148, "lowlevel.loudness_ebu128.momentary.mean": -13.636861801147461, "lowlevel.loudness_ebu128.momentary.stdev": 2.589935302734375, "lowlevel.loudness_ebu128.short_term.mean": -13.077425956726074, "lowlevel.loudness_ebu128.short_term.stdev": 0.889940619468689, "lowlevel.melbands_crest.mean": 21.116830825805664, "lowlevel.melbands_crest.stdev": 8.168536186218262, "lowlevel.melbands_flatness_db.mean": 0.2933865785598755, "lowlevel.melbands_flatness_db.stdev": 0.12474368512630463, "lowlevel.melbands_kurtosis.mean": 111.7479248046875, "lowlevel.melbands_kurtosis.stdev": 180.97630310058594, "lowlevel.melbands_skewness.mean": 6.21967077255249, "lowlevel.melbands_skewness.stdev": 5.426389694213867, "lowlevel.melbands_spread.mean": 11.992805480957031, "lowlevel.melbands_spread.stdev": 17.868104934692383, "lowlevel.pitch_salience.mean": 0.371432900428772, "lowlevel.pitch_salience.stdev": 0.18470337986946106, "lowlevel.silence_rate_20dB.mean": 1.0, "lowlevel.silence_rate_20dB.stdev": 0.0, "lowlevel.silence_rate_30dB.mean": 0.7629343867301941, "lowlevel.silence_rate_30dB.stdev": 0.42528101801872253, "lowlevel.silence_rate_60dB.mean": 0.021621622145175934, "lowlevel.silence_rate_60dB.stdev": 0.14544394612312317, "lowlevel.spectral_centroid.mean": 976.2256469726562, "lowlevel.spectral_centroid.stdev": 660.677734375, "lowlevel.spectral_complexity.mean": 12.182239532470703, "lowlevel.spectral_complexity.stdev": 8.128841400146484, "lowlevel.spectral_decrease.mean": -1.7261118756550786e-08, "lowlevel.spectral_decrease.stdev": 1.995791620856835e-08, "lowlevel.spectral_energy.mean": 0.06686031073331833, "lowlevel.spectral_energy.stdev": 0.07601429522037506, "lowlevel.spectral_energyband_high.mean": 0.0006713188486173749, "lowlevel.spectral_energyband_high.stdev": 0.0007786540663801134, "lowlevel.spectral_energyband_low.mean": 0.05151253566145897, "lowlevel.spectral_energyband_low.stdev": 0.07638591527938843, "lowlevel.spectral_energyband_middle_high.mean": 0.003795785363763571, "lowlevel.spectral_energyband_middle_high.stdev": 0.005721328780055046, "lowlevel.spectral_energyband_middle_low.mean": 0.012808087281882763, "lowlevel.spectral_energyband_middle_low.stdev": 0.015715906396508217, "lowlevel.spectral_entropy.mean": 7.5038065910339355, "lowlevel.spectral_entropy.stdev": 0.8461769819259644, "lowlevel.spectral_flux.mean": 0.12484652549028397, "lowlevel.spectral_flux.stdev": 0.12297315150499344, "lowlevel.spectral_kurtosis.mean": 5.458224773406982, "lowlevel.spectral_kurtosis.stdev": 13.583995819091797, "lowlevel.spectral_rms.mean": 0.007092006038874388, "lowlevel.spectral_rms.stdev": 0.0038643302395939827, "lowlevel.spectral_rolloff.mean": 676.59375, "lowlevel.spectral_rolloff.stdev": 1298.5479736328125, "lowlevel.spectral_skewness.mean": 1.7545969486236572, "lowlevel.spectral_skewness.stdev": 1.0349557399749756, "lowlevel.spectral_spread.mean": 6455899.5, "lowlevel.spectral_spread.stdev": 1988152.125, "lowlevel.spectral_strongpeak.mean": 0.782436728477478, "lowlevel.spectral_strongpeak.stdev": 0.8878099918365479, "lowlevel.zerocrossingrate.mean": 0.04043949022889137, "lowlevel.zerocrossingrate.stdev": 0.03825341537594795, "metadata.audio_properties.analysis.equal_loudness": 0.0, "metadata.audio_properties.analysis.length": 30.03628158569336, "metadata.audio_properties.analysis.sample_rate": 44100.0, "metadata.audio_properties.analysis.start_time": 0.0, "metadata.audio_properties.bit_rate": 119866.0, "metadata.audio_properties.length": 30.03733253479004, "metadata.audio_properties.lossless": 0.0, "metadata.audio_properties.number_channels": 1.0, "metadata.audio_properties.replay_gain": -11.866521835327148, "metadata.audio_properties.sample_rate": 48000.0, "rhythm.beats_count": 69.0, "rhythm.beats_loudness.mean": 0.1685437560081482, "rhythm.beats_loudness.stdev": 0.07800696045160294, "rhythm.bpm": 139.50062561035156, "rhythm.bpm_histogram_first_peak_bpm": 140.0, "rhythm.bpm_histogram_first_peak_weight": 0.47058820724487305, "rhythm.bpm_histogram_second_peak_bpm": 0.0, "rhythm.bpm_histogram_second_peak_spread": 0.0, "rhythm.bpm_histogram_second_peak_weight": 0.0, "rhythm.danceability": 1.6822876930236816, "rhythm.onset_rate": 4.557819843292236, "tonal.chords_changes_rate": 0.029320986941456795, "tonal.chords_number_rate": 0.004629629664123058, "tonal.chords_strength.mean": 0.6368680596351624, "tonal.chords_strength.stdev": 0.06346732378005981, "tonal.hpcp_crest.mean": 13.575023651123047, "tonal.hpcp_crest.stdev": 5.751426696777344, "tonal.hpcp_entropy.mean": 1.9703483581542969, "tonal.hpcp_entropy.stdev": 0.6808686256408691, "tonal.key_edma.strength": 0.6839390993118286, "tonal.key_krumhansl.strength": 0.695784866809845, "tonal.key_temperley.strength": 0.6922867298126221, "tonal.tuning_diatonic_strength": 0.6574495434761047, "tonal.tuning_equal_tempered_deviation": 0.20828381180763245, "tonal.tuning_frequency": 434.193115234375, "tonal.tuning_nontempered_energy_ratio": 0.9361010193824768, "lowlevel.barkbands.mean": [0.0015485152835026383, 0.03925008699297905, 0.009032929316163063, 0.0030719891656190157, 0.00300623569637537, 0.002412890549749136, 0.0013672614004462957, 0.0014154835371300578, 0.0009792029159143567, 0.001054626889526844, 0.0008718955214135349, 0.000553262245375663, 0.0004416941083036363, 0.00033985613845288754, 0.00017071068577934057, 0.00020788695837836713, 0.0001641835260670632, 0.00010219337127637118, 0.00013601416139863431, 0.00011681557953124866, 9.234357276000082e-05, 7.631064363522455e-05, 9.186445822706446e-05, 0.00013235124060884118, 0.00014703199849464, 7.444259972544387e-05, 2.313338200110593e-06], "lowlevel.barkbands.stdev": [0.002315349178388715, 0.061476197093725204, 0.0294081699103117, 0.009222096763551235, 0.005213363561779261, 0.004930760711431503, 0.003529521869495511, 0.0036934406962245703, 0.0025737397372722626, 0.0037706925068050623, 0.0018444840097799897, 0.0015374555950984359, 0.0011269784299656749, 0.0009324057027697563, 0.00042670892435126007, 0.000394286384107545, 0.00025809466023929417, 0.00015939936565700918, 0.00020369666162878275, 0.00014710098912473768, 0.0001378674787702039, 9.591656271368265e-05, 0.00011454032937763259, 0.00018736824858933687, 0.0002162793098250404, 8.97950230864808e-05, 4.492044809012441e-06], "lowlevel.erbbands.mean": [1.2012630701065063, 8.265511512756348, 12.529391288757324, 10.529979705810547, 10.951520919799805, 9.523736953735352, 7.717934608459473, 27.795827865600586, 23.666318893432617, 26.141056060791016, 21.847000122070312, 23.422842025756836, 34.9801139831543, 19.4007568359375, 42.26184844970703, 24.557523727416992, 22.190013885498047, 19.685853958129883, 10.636993408203125, 9.98995590209961, 10.748756408691406, 9.021550178527832, 5.950910568237305, 6.760712146759033, 6.489565372467041, 5.687570571899414, 4.164910793304443, 3.2126758098602295, 2.736464262008667, 2.75006365776062, 2.538784980773926, 2.309781551361084, 2.49161434173584, 1.827242374420166, 0.9346215724945068, 0.3771216571331024, 0.13346028327941895, 0.015883445739746094, 0.00039403981645591557, 8.81678715813905e-05], "lowlevel.erbbands.stdev": [1.7676149606704712, 15.060580253601074, 33.20844650268555, 33.29096984863281, 20.514568328857422, 21.072893142700195, 15.891412734985352, 59.25401306152344, 59.41025161743164, 61.68336486816406, 62.43979263305664, 58.33650588989258, 140.6326141357422, 45.32103729248047, 94.91846466064453, 65.44203186035156, 51.900753021240234, 50.86973190307617, 19.838031768798828, 22.227907180786133, 18.266265869140625, 13.288830757141113, 9.109038352966309, 10.518448829650879, 9.36279582977295, 7.235421180725098, 5.808386325836182, 4.766721725463867, 3.467266321182251, 3.599968433380127, 3.087646484375, 3.0472846031188965, 3.700007677078247, 2.7706217765808105, 1.3807857036590576, 0.5078509449958801, 0.15568757057189941, 0.019870344549417496, 0.0004960332298651338, 8.63560926518403e-05], "lowlevel.gfcc.mean": [-6.1704020500183105, 77.65422821044922, -70.70233154296875, 36.79541015625, -46.00910949707031, 31.43558692932129, -33.77641296386719, 19.47985076904297, -24.575109481811523, 11.710092544555664, -9.575788497924805, 7.854294776916504, -10.758843421936035], "lowlevel.melbands.mean": [0.01079188846051693, 0.00799165852367878, 0.0018438092665746808, 0.0007554932963103056, 0.0002985038445331156, 0.0005810807924717665, 0.0003199306083843112, 0.00030279799830168486, 0.00016887718811631203, 0.0001500881917309016, 0.00017343126819469035, 7.497380283894017e-05, 0.00011973096843576059, 7.660720439162105e-05, 6.388044857885689e-05, 4.237792018102482e-05, 3.732288314495236e-05, 1.781816354196053e-05, 1.2250657164258882e-05, 1.587921906320844e-05, 1.1787586117861792e-05, 9.888724889606237e-06, 6.680287697236054e-06, 4.519263256952399e-06, 5.605988008028362e-06, 4.8033521125034895e-06, 4.438637915882282e-06, 3.5735099572775653e-06, 2.5414478841412347e-06, 2.384610525041353e-06, 1.6998893670461257e-06, 1.5491792737520882e-06, 1.4437525805988116e-06, 1.5893069758021738e-06, 1.4673530586151173e-06, 1.358666963824362e-06, 1.4697651522510569e-06, 1.7755405679054093e-06, 1.6860200275914394e-06, 1.4956737004467868e-06], "lowlevel.melbands.stdev": [0.0158710815012455, 0.01654399372637272, 0.005161812994629145, 0.0013290413189679384, 0.0005741051281802356, 0.0011650422820821404, 0.0007971650338731706, 0.0007697755936533213, 0.0005440099630504847, 0.0003754922654479742, 0.0006984269712120295, 0.00020168922492302954, 0.00026326486840844154, 0.00018122131587006152, 0.00017324119107797742, 0.00011560769053176045, 0.00010889928671531379, 3.444065441726707e-05, 3.2673888199497014e-05, 3.431815639487468e-05, 1.9783785319305025e-05, 1.5750309103168547e-05, 1.121613422583323e-05, 7.145212748582708e-06, 9.219545063388068e-06, 7.882656063884497e-06, 5.964286174275912e-06, 4.675996024161577e-06, 3.4615916320035467e-06, 3.90808691008715e-06, 2.535509565859684e-06, 1.9959541077696485e-06, 1.9150159005221212e-06, 2.2053500288166106e-06, 1.8325778228245326e-06, 1.7292450138484128e-06, 2.102671260217903e-06, 2.7839982976729516e-06, 2.525342779335915e-06, 2.3527238681708695e-06], "lowlevel.melbands128.mean": [0.001458565006032586, 0.009341019205749035, 0.014775323681533337, 0.013606920838356018, 0.007935439236462116, 0.003948237746953964, 0.0021304883994162083, 0.0014001782983541489, 0.0010693956864997745, 0.0008444338454864919, 0.0004767986829392612, 0.0002707733365241438, 0.00015493894170504063, 0.00038437885814346373, 0.0008638500585220754, 0.000443933968199417, 0.00048183530452661216, 0.0002932595380116254, 0.00013233405479695648, 0.00029723020270466805, 0.00044784240890294313, 0.00014896759239491075, 0.00015512194659095258, 0.000146573904203251, 0.00013649719767272472, 0.00016308097110595554, 0.0001328956859651953, 0.0002399171207798645, 0.0001306364720221609, 0.00010094901517732069, 5.0597933295648545e-05, 3.217062112526037e-05, 9.743595728650689e-05, 0.00025965325767174363, 4.785242344951257e-05, 3.82983562303707e-05, 6.711688183713704e-05, 8.745482773520052e-05, 4.2063948058057576e-05, 4.537483982858248e-05, 5.268040331429802e-05, 1.754228287609294e-05, 3.615510286181234e-05, 5.7103345170617104e-05, 1.6161884559551254e-05, 1.3096762813802343e-05, 1.3493152437149547e-05, 1.2289174264878966e-05, 1.2999702448723838e-05, 9.635778951633256e-06, 2.1555733837885782e-05, 1.5912972230580635e-05, 9.101458090299275e-06, 1.2539532690425403e-05, 1.0682343599910382e-05, 1.0408798516436946e-05, 7.926158104964998e-06, 8.096387318801135e-06, 5.752971901529236e-06, 5.02131661050953e-06, 3.962356913689291e-06, 3.9011615626805e-06, 7.163115697039757e-06, 5.364747266867198e-06, 4.649340553442016e-06, 4.815107331523905e-06, 5.004918875783915e-06, 4.43187036580639e-06, 4.1320845411974005e-06, 4.867898496740963e-06, 3.4770453112287214e-06, 3.248798293498112e-06, 2.505602424207609e-06, 2.37072754316614e-06, 2.544394646974979e-06, 2.7575883905228693e-06, 2.1567989278992172e-06, 1.6723548696973012e-06, 1.7083638113035704e-06, 1.6262215467577334e-06, 1.5953135061863577e-06, 1.5089626685949042e-06, 1.4652820254923427e-06, 1.426554263161961e-06, 1.4284097460404155e-06, 1.5266974742189632e-06, 1.7052955172403017e-06, 1.5850432646402624e-06, 1.4467898381553823e-06, 1.3733312016483978e-06, 1.4484725170405e-06, 1.3851478115611826e-06, 1.155040649791772e-06, 1.271159817406442e-06, 1.8384901068202453e-06, 1.855741516010312e-06, 1.6716486470613745e-06, 1.8191649360232987e-06, 1.644205212869565e-06, 1.6535425402253168e-06, 1.6897191699172254e-06, 1.457920006942004e-06, 1.3150731774658198e-06, 1.1068291314586531e-06, 1.1028579365301994e-06, 9.761233741301112e-07, 7.857561286073178e-07, 7.422698899972602e-07, 6.017825171511504e-07, 5.511180916073499e-07, 5.498060318132048e-07, 5.0143313501394e-07, 4.4706845869768586e-07, 3.4542412663540745e-07, 2.46646237656023e-07, 1.4759623923055187e-07, 8.211285518200384e-08, 2.0408490897239062e-08, 1.0695790919612591e-09, 1.4048483730488837e-11, 1.0038623578234596e-11, 9.713650023224218e-12, 9.475987702844968e-12, 9.308352699743949e-12, 9.13773397226425e-12, 8.960276964842251e-12, 8.848940677430583e-12, 8.795140830908377e-12], "lowlevel.melbands128.stdev": [0.0022576486226171255, 0.014826539903879166, 0.024445287883281708, 0.02782624214887619, 0.020156044512987137, 0.013439871370792389, 0.007501693442463875, 0.0038334836717694998, 0.002022374654188752, 0.0017630720976740122, 0.001492347801104188, 0.0008077561506070197, 0.0005843085236847401, 0.0008957001846283674, 0.0021485909819602966, 0.0009860502323135734, 0.0014112589415162802, 0.0009518885053694248, 0.0005832978640682995, 0.0007716376567259431, 0.0013502486981451511, 0.0005744333029724658, 0.0007728708442300558, 0.0007536743651144207, 0.0004384195781312883, 0.0005187644273974001, 0.0006087020155973732, 0.0012921259040012956, 0.0005359136266633868, 0.0003655834880191833, 0.00016802200116217136, 0.00010806815407704562, 0.0002459457900840789, 0.0006462035235017538, 0.00016247892926912755, 0.00023885401606094092, 0.00027065188623964787, 0.00027977931313216686, 0.00018635037122294307, 0.00014107661263551563, 0.00017539867258165032, 9.883412712952122e-05, 0.00012730933667626232, 0.0001996971113840118, 3.693313192343339e-05, 2.9691216695937328e-05, 4.545608680928126e-05, 5.066627272753976e-05, 5.04282652400434e-05, 3.3022039133356884e-05, 5.607512503047474e-05, 4.4741365854861215e-05, 2.38543489103904e-05, 2.3435459297616035e-05, 2.4773235054453835e-05, 2.0582137949531898e-05, 1.3475636478688102e-05, 1.842213714553509e-05, 1.2166800843260717e-05, 1.0217851013294421e-05, 7.78700086812023e-06, 7.371741503447993e-06, 1.585679274285212e-05, 1.0159664270759095e-05, 8.049652933550533e-06, 9.992932064051274e-06, 9.183219844999257e-06, 7.1779772952140775e-06, 6.387965640897164e-06, 7.628155799466185e-06, 5.477782451634994e-06, 4.910896223009331e-06, 3.630228093243204e-06, 3.5594255223259097e-06, 4.416805040818872e-06, 4.96634993396583e-06, 3.805318783633993e-06, 2.8707463570754044e-06, 2.9592592909466475e-06, 2.418637222945108e-06, 2.2272895421338035e-06, 2.1424821170512587e-06, 2.063208285107976e-06, 2.141339336958481e-06, 2.1298571937222732e-06, 2.3965792479430092e-06, 2.620203758851858e-06, 2.2450087726610946e-06, 2.0033837699884316e-06, 1.841221887843858e-06, 2.030516952800099e-06, 1.937211891345214e-06, 1.6543909850952332e-06, 1.9488456928229425e-06, 3.213166110072052e-06, 3.257065145589877e-06, 2.851714270946104e-06, 3.0394537589018e-06, 2.6487484774406767e-06, 2.7343378405930707e-06, 2.791172619254212e-06, 2.430468839520472e-06, 2.364760348427808e-06, 1.984365326279658e-06, 1.9118606360279955e-06, 1.4196986057868344e-06, 1.1817787708423566e-06, 1.1080470585511648e-06, 9.433321679352957e-07, 8.6873342297622e-07, 8.581736778978666e-07, 6.501072107312211e-07, 5.752559673055657e-07, 4.635379013961938e-07, 3.4176679264419363e-07, 2.3246236935392517e-07, 1.4576269791177765e-07, 7.863577167199765e-08, 9.627928676536612e-09, 8.446474075718413e-11, 1.796403477360986e-11, 1.7182203576604493e-11, 1.6792300189250042e-11, 1.6504455788157735e-11, 1.624803069866232e-11, 1.6029427785113626e-11, 1.5879421041975483e-11, 1.57912294351803e-11], "lowlevel.mfcc.mean": [-663.9189453125, 113.87112426757812, 35.144508361816406, 21.66472053527832, 19.499042510986328, 13.517085075378418, 14.28826904296875, 8.823774337768555, 2.531810998916626, 3.6503965854644775, 1.9831273555755615, 6.32749080657959, 7.678787708282471], "lowlevel.spectral_contrast_coeffs.mean": [-0.679317057132721, -0.7198481559753418, -0.7723697423934937, -0.8125437498092651, -0.8189204335212708, -0.8035680055618286], "lowlevel.spectral_contrast_coeffs.stdev": [0.0910283774137497, 0.09455118328332901, 0.0789840891957283, 0.052754420787096024, 0.03622954711318016, 0.03172760084271431], "lowlevel.spectral_contrast_valleys.mean": [-6.7656025886535645, -7.2750959396362305, -7.7304158210754395, -8.001564025878906, -7.901146411895752, -9.921985626220703], "lowlevel.spectral_contrast_valleys.stdev": [0.8510284423828125, 1.0777705907821655, 1.04789137840271, 1.0645784139633179, 1.1568169593811035, 1.1577975749969482], "rhythm.beats_loudness_band_ratio.mean": [0.9076231122016907, 0.05662760138511658, 0.026150070130825043, 0.010057048872113228, 0.005756665021181107, 0.016748100519180298], "rhythm.beats_loudness_band_ratio.stdev": [0.16477008163928986, 0.16232433915138245, 0.05641770362854004, 0.02582983858883381, 0.009137770161032677, 0.09806650876998901], "tonal.hpcp.mean": [0.053969912230968475, 0.05197339132428169, 0.035682644695043564, 0.0423247367143631, 0.052719276398420334, 0.046674396842718124, 0.03174576535820961, 0.02375461719930172, 0.0629853680729866, 0.2115744650363922, 0.2218507081270218, 0.07664956897497177, 0.030775561928749084, 0.02319074608385563, 0.019396217539906502, 0.019405707716941833, 0.0178214181214571, 0.03182678669691086, 0.06740017980337143, 0.08030304312705994, 0.061572134494781494, 0.04326963424682617, 0.059801965951919556, 0.14618241786956787, 0.39289888739585876, 0.36127135157585144, 0.11068625748157501, 0.06625620275735855, 0.05360633507370949, 0.051056645810604095, 0.0747920349240303, 0.08474390208721161, 0.07100953161716461, 0.11297494173049927, 0.12326325476169586, 0.06854470819234848], "tonal.hpcp.stdev": [0.16691242158412933, 0.18700599670410156, 0.14921095967292786, 0.15130335092544556, 0.1736719012260437, 0.1703673005104065, 0.13432249426841736, 0.1048770323395729, 0.15511538088321686, 0.33049339056015015, 0.324759840965271, 0.17975032329559326, 0.13271759450435638, 0.10960007458925247, 0.09497425705194473, 0.07554419338703156, 0.06941726803779602, 0.11597370356321335, 0.17857474088668823, 0.2063436657190323, 0.18065698444843292, 0.13948273658752441, 0.1703493446111679, 0.25313711166381836, 0.41909027099609375, 0.39462125301361084, 0.22519421577453613, 0.20592865347862244, 0.18789756298065186, 0.18044497072696686, 0.1990155279636383, 0.21388337016105652, 0.19009074568748474, 0.2516665756702423, 0.26650935411453247, 0.18706613779067993], "rhythm.beats_position": [0.4411791265010834, 0.8823582530021667, 1.3235373497009277, 1.7647165060043335, 2.2058956623077393, 2.635464906692505, 3.0650339126586914, 3.494603157043457, 3.9241721630096436, 4.353741645812988, 4.783310413360596, 5.201269626617432, 5.642448902130127, 6.072018146514893, 6.501587390899658, 6.919546127319336, 7.360725402832031, 7.790294647216797, 8.219863891601562, 8.637823104858398, 9.079002380371094, 9.49696159362793, 9.938140869140625, 10.367709159851074, 10.79727840423584, 11.215237617492676, 11.656416893005371, 12.085986137390137, 12.515555381774902, 12.945124626159668, 13.374693870544434, 13.79265308380127, 14.233832359313965, 14.6517915725708, 15.09296989440918, 15.522539138793945, 15.952108383178711, 16.381677627563477, 16.811246871948242, 17.229206085205078, 17.670385360717773, 18.09995460510254, 18.529523849487305, 18.94748306274414, 19.388662338256836, 19.806621551513672, 20.247800827026367, 20.665760040283203, 21.1069393157959, 21.5248966217041, 21.966075897216797, 22.384035110473633, 22.825214385986328, 23.254783630371094, 23.68435287475586, 24.102312088012695, 24.54349136352539, 24.973060607910156, 25.402629852294922, 25.832199096679688, 26.261768341064453, 26.69133758544922, 27.120906829833984, 27.55047607421875, 27.980045318603516, 28.40961456298828, 28.839183807373047, 29.268753051757812, 29.698322296142578], "rhythm.bpm_histogram": [0.0, 0.0, 0.0, 0.0, 0.0, 0.0, 0.0, 0.0, 0.0, 0.0, 0.0, 0.0, 0.0, 0.0, 0.0, 0.0, 0.0, 0.0, 0.0, 0.0, 0.0, 0.0, 0.0, 0.0, 0.0, 0.0, 0.0, 0.0, 0.0, 0.0, 0.0, 0.0, 0.0, 0.0, 0.0, 0.0, 0.0, 0.0, 0.0, 0.0, 0.0, 0.0, 0.0, 0.0, 0.0, 0.0, 0.0, 0.0, 0.0, 0.0, 0.0, 0.0, 0.0, 0.0, 0.0, 0.0, 0.0, 0.0, 0.0, 0.0, 0.0, 0.0, 0.0, 0.0, 0.0, 0.0, 0.0, 0.0, 0.0, 0.0, 0.0, 0.0, 0.0, 0.0, 0.0, 0.0, 0.0, 0.0, 0.0, 0.0, 0.0, 0.0, 0.0, 0.0, 0.0, 0.0, 0.0, 0.0, 0.0, 0.0, 0.0, 0.0, 0.0, 0.0, 0.0, 0.0, 0.0, 0.0, 0.0, 0.0, 0.0, 0.0, 0.0, 0.0, 0.0, 0.0, 0.0, 0.0, 0.0, 0.0, 0.0, 0.0, 0.0, 0.0, 0.0, 0.0, 0.0, 0.0, 0.0, 0.0, 0.0, 0.0, 0.0, 0.0, 0.0, 0.0, 0.0, 0.0, 0.0, 0.0, 0.0, 0.0, 0.0, 0.0, 0.0, 0.0, 0.2647058963775635, 0.0, 0.0, 0.0, 0.529411792755127, 0.0, 0.0, 0.0, 0.20588235557079315, 0.0, 0.0, 0.0, 0.0, 0.0, 0.0, 0.0, 0.0, 0.0, 0.0, 0.0, 0.0, 0.0, 0.0, 0.0, 0.0, 0.0, 0.0, 0.0, 0.0, 0.0, 0.0, 0.0, 0.0, 0.0, 0.0, 0.0, 0.0, 0.0, 0.0, 0.0, 0.0, 0.0, 0.0, 0.0, 0.0, 0.0, 0.0, 0.0, 0.0, 0.0, 0.0, 0.0, 0.0, 0.0, 0.0, 0.0, 0.0, 0.0, 0.0, 0.0, 0.0, 0.0, 0.0, 0.0, 0.0, 0.0, 0.0, 0.0, 0.0, 0.0, 0.0, 0.0, 0.0, 0.0, 0.0, 0.0, 0.0, 0.0, 0.0, 0.0, 0.0, 0.0, 0.0, 0.0, 0.0, 0.0, 0.0, 0.0, 0.0, 0.0, 0.0, 0.0, 0.0, 0.0, 0.0, 0.0, 0.0, 0.0, 0.0, 0.0, 0.0, 0.0, 0.0, 0.0, 0.0, 0.0, 0.0, 0.0, 0.0, 0.0, 0.0, 0.0, 0.0, 0.0], "tonal.chords_histogram": [68.98148345947266, 0.15432098507881165, 3.7037036418914795, 0.0, 0.0, 0.0, 0.0, 27.160493850708008, 0.0, 0.0, 0.0, 0.0, 0.0, 0.0, 0.0, 0.0, 0.0, 0.0, 0.0, 0.0, 0.0, 0.0, 0.0, 0.0], "tonal.thpcp": [1.0, 0.9195020794868469, 0.281716912984848, 0.16863423585891724, 0.13643799722194672, 0.12994855642318726, 0.19035950303077698, 0.2156888246536255, 0.18073232471942902, 0.2875420153141022, 0.3137276768684387, 0.17445890605449677, 0.13736335933208466, 0.1322818547487259, 0.09081889688968658, 0.10772424936294556, 0.13418026268482208, 0.11879493296146393, 0.08079881966114044, 0.06045987457036972, 0.16030935943126678, 0.5384959578514099, 0.5646508932113647, 0.195087268948555, 0.07832947373390198, 0.05902471765875816, 0.049366943538188934, 0.04939109832048416, 0.04535878822207451, 0.0810050293803215, 0.1715458631515503, 0.20438602566719055, 0.15671241283416748, 0.11012918502092361, 0.15220701694488525, 0.372061163187027], "lowlevel.gfcc.cov": [[9598.4501953125, -1430.481689453125, -1771.8226318359375, -539.2229614257812, -952.039794921875, -55.321346282958984, -340.5924072265625, 452.4589538574219, -308.1644592285156, 537.674072265625, -210.5790252685547, 231.3702392578125, -220.05992126464844], [-1430.481689453125, 1175.1612548828125, 190.70533752441406, -262.1372375488281, 167.7410430908203, -141.15121459960938, 66.64186096191406, -129.31712341308594, 107.74443054199219, -202.40396118164062, 49.85343933105469, -93.5604248046875, -1.78671395778656], [-1771.8226318359375, 190.70533752441406, 843.1644897460938, 423.4218444824219, 296.1921691894531, 102.82928466796875, 111.89306640625, -79.31175231933594, 59.21262741088867, -111.63642120361328, 27.563392639160156, -62.1140251159668, 57.45622253417969], [-539.2229614257812, -262.1372375488281, 423.4218444824219, 600.7540283203125, 226.11183166503906, 27.840173721313477, -23.662626266479492, -24.675859451293945, 64.7584228515625, -19.121061325073242, 1.9286555051803589, 14.060569763183594, 64.11344146728516], [-952.039794921875, 167.7410430908203, 296.1921691894531, 226.11183166503906, 416.2707824707031, 119.54845428466797, 122.25375366210938, 17.451562881469727, 120.8050765991211, -7.3912129402160645, 73.85413360595703, -27.719324111938477, 46.95120620727539], [-55.321346282958984, -141.15121459960938, 102.82928466796875, 27.840173721313477, 119.54845428466797, 258.379150390625, 180.8711700439453, 99.98172760009766, 14.863809585571289, 76.52696228027344, 57.34226989746094, 2.02382230758667, 8.69330883026123], [-340.5924072265625, 66.64186096191406, 111.89306640625, -23.662626266479492, 122.25375366210938, 180.8711700439453, 289.05255126953125, 117.73424530029297, 41.067501068115234, 24.77348518371582, 65.60295104980469, -17.916709899902344, -9.02796745300293], [452.4589538574219, -129.31712341308594, -79.31175231933594, -24.675859451293945, 17.451562881469727, 99.98172760009766, 117.73424530029297, 186.56715393066406, 40.831092834472656, 84.93803405761719, 48.42426300048828, 15.668668746948242, 0.9873964786529541], [-308.1644592285156, 107.74443054199219, 59.21262741088867, 64.7584228515625, 120.8050765991211, 14.863809585571289, 41.067501068115234, 40.831092834472656, 139.26393127441406, 45.102149963378906, 56.277984619140625, 15.176923751831055, 25.81157684326172], [537.674072265625, -202.40396118164062, -111.63642120361328, -19.121061325073242, -7.3912129402160645, 76.52696228027344, 24.77348518371582, 84.93803405761719, 45.102149963378906, 188.8881072998047, 78.84056091308594, 52.828697204589844, 11.192265510559082], [-210.5790252685547, 49.85343933105469, 27.563392639160156, 1.9286555051803589, 73.85413360595703, 57.34226989746094, 65.60295104980469, 48.42426300048828, 56.277984619140625, 78.84056091308594, 127.19288635253906, 39.79056930541992, 35.87236785888672], [231.3702392578125, -93.5604248046875, -62.1140251159668, 14.060569763183594, -27.719324111938477, 2.02382230758667, -17.916709899902344, 15.668668746948242, 15.176923751831055, 52.828697204589844, 39.79056930541992, 94.98590087890625, 35.4532585144043], [-220.05992126464844, -1.78671395778656, 57.45622253417969, 64.11344146728516, 46.95120620727539, 8.69330883026123, -9.02796745300293, 0.9873964786529541, 25.81157684326172, 11.192265510559082, 35.87236785888672, 35.4532585144043, 79.11126708984375]], "lowlevel.gfcc.icov": [[0.0003527094377204776, -0.0003385196905583143, 0.0005250953254289925, -0.0004919864004477859, 0.00023879535729065537, -0.00025305504095740616, 0.00041267985943704844, -0.0009984909556806087, 0.0009284983389079571, -0.0011209219228476286, 0.0010734096867963672, -0.0006572632119059563, 0.0005999280256219208], [-0.0003385196905583143, 0.003813694464042783, -0.0016122872475534678, 0.0036100693978369236, -0.0015265170950442553, 0.0026282628532499075, -0.0012164600193500519, 0.0024325631093233824, -0.004022170789539814, 0.004451475106179714, -0.003736476181074977, 0.001815909636206925, -0.000599237042479217], [0.0005250953254289925, -0.0016122872475534678, 0.00430612126365304, -0.0037464278284460306, 0.0009660522337071598, -0.0023535487707704306, -0.000290911179035902, 0.00010617404041113332, 0.001701359753496945, -0.0010899773333221674, 0.0009753832709975541, 0.0007641309639438987, -0.00020186020992696285], [-0.0004919864004477859, 0.0036100693978369236, -0.0037464278284460306, 0.007227541413158178, -0.003184177679941058, 0.003058072179555893, 0.00010043733345810324, 0.0013411932159215212, -0.0038394411094486713, 0.0035517399664968252, -0.0017201529117301106, -0.00012194322334835306, -0.0012901495210826397], [0.00023879535729065537, -0.0015265170950442553, 0.0009660522337071598, -0.003184177679941058, 0.006785274483263493, -0.0037292134948074818, -2.430393942631781e-05, 0.00034014906850643456, -0.0025300646666437387, -3.0478870030492544e-05, -0.0008206907077692449, 0.002100824611261487, -0.0008550368365831673], [-0.00025305504095740616, 0.0026282628532499075, -0.0023535487707704306, 0.003058072179555893, -0.0037292134948074818, 0.012432833202183247, -0.00588708370923996, -5.1342092774575576e-05, 0.001790728303603828, -0.0021754757035523653, -0.0005407864809967577, 0.0004591317265294492, -0.0014747503446415067], [0.00041267985943704844, -0.0012164600193500519, -0.000290911179035902, 0.00010043733345810324, -2.430393942631781e-05, -0.00588708370923996, 0.010531904175877571, -0.005847103428095579, 0.0006224599783308804, 0.0014486255822703242, -0.001208484754897654, -0.0011763451620936394, 0.003853647504001856], [-0.0009984909556806087, 0.0024325631093233824, 0.00010617404041113332, 0.0013411932159215212, 0.00034014906850643456, -5.1342092774575576e-05, -0.005847103428095579, 0.014537562616169453, -0.006478230003267527, 0.0023334010038524866, -0.004325168207287788, 0.003951582126319408, -0.002957624848932028], [0.0009284983389079571, -0.004022170789539814, 0.001701359753496945, -0.0038394411094486713, -0.0025300646666437387, 0.001790728303603828, 0.0006224599783308804, -0.006478230003267527, 0.01878335140645504, -0.00950656272470951, 0.004164284095168114, -0.00393302645534277, 0.0009153077844530344], [-0.0011209219228476286, 0.004451475106179714, -0.0010899773333221674, 0.0035517399664968252, -3.0478870030492544e-05, -0.0021754757035523653, 0.0014486255822703242, 0.0023334010038524866, -0.00950656272470951, 0.01977081410586834, -0.012749895453453064, 0.001384729752317071, 0.0007544746622443199], [0.0010734096867963672, -0.003736476181074977, 0.0009753832709975541, -0.0017201529117301106, -0.0008206907077692449, -0.0005407864809967577, -0.001208484754897654, -0.004325168207287788, 0.004164284095168114, -0.012749895453453064, 0.02302137017250061, -0.007378782145678997, -0.0026372987776994705], [-0.0006572632119059563, 0.001815909636206925, 0.0007641309639438987, -0.00012194322334835306, 0.002100824611261487, 0.0004591317265294492, -0.0011763451620936394, 0.003951582126319408, -0.00393302645534277, 0.001384729752317071, -0.007378782145678997, 0.02023405209183693, -0.008358826860785484], [0.0005999280256219208, -0.000599237042479217, -0.00020186020992696285, -0.0012901495210826397, -0.0008550368365831673, -0.0014747503446415067, 0.003853647504001856, -0.002957624848932028, 0.0009153077844530344, 0.0007544746622443199, -0.0026372987776994705, -0.008358826860785484, 0.021170485764741898]], "lowlevel.mfcc.cov": [[9724.0, -825.2705688476562, -1484.6923828125, -858.4028930664062, -718.0574951171875, -710.1018676757812, -268.77484130859375, -414.78729248046875, -64.73658752441406, 39.01616287231445, 42.98283004760742, 39.394927978515625, 131.80726623535156], [-825.2705688476562, 1054.778076171875, -7.469752311706543, -160.41188049316406, -57.019405364990234, -58.10116958618164, -62.641868591308594, 60.07816696166992, -63.72079086303711, -23.99951934814453, 3.657559871673584, -24.955829620361328, -23.812665939331055], [-1484.6923828125, -7.469752311706543, 609.9209594726562, 295.9878845214844, 177.4540557861328, 178.0672149658203, 95.87033081054688, 78.18548583984375, 38.047088623046875, -15.855551719665527, -21.9790096282959, -14.136241912841797, -33.472991943359375], [-858.4028930664062, -160.41188049316406, 295.9878845214844, 497.3757629394531, 285.03350830078125, 126.29065704345703, -34.596492767333984, 54.39083480834961, 29.551666259765625, -4.693145751953125, -32.94143295288086, -39.590152740478516, -13.249505996704102], [-718.0574951171875, -57.019405364990234, 177.4540557861328, 285.03350830078125, 342.90777587890625, 141.95094299316406, 14.330636978149414, 34.42168045043945, 39.8512077331543, 36.13465881347656, -5.504756450653076, -3.686682939529419, 13.429120063781738], [-710.1018676757812, -58.10116958618164, 178.0672149658203, 126.29065704345703, 141.95094299316406, 215.318603515625, 102.16436767578125, 56.12312316894531, 47.16563415527344, 24.685462951660156, 39.22947311401367, 34.119407653808594, 7.363200664520264], [-268.77484130859375, -62.641868591308594, 95.87033081054688, -34.596492767333984, 14.330636978149414, 102.16436767578125, 274.8971862792969, 102.92340850830078, 79.43424987792969, 77.78562927246094, 91.46536254882812, 63.77627944946289, 26.374574661254883], [-414.78729248046875, 60.07816696166992, 78.18548583984375, 54.39083480834961, 34.42168045043945, 56.12312316894531, 102.92340850830078, 164.22425842285156, 61.74656295776367, 35.1551513671875, 43.69959259033203, 13.529864311218262, -7.300079345703125], [-64.73658752441406, -63.72079086303711, 38.047088623046875, 29.551666259765625, 39.8512077331543, 47.16563415527344, 79.43424987792969, 61.74656295776367, 100.03849029541016, 61.37615203857422, 47.13189697265625, 30.375476837158203, 15.432052612304688], [39.01616287231445, -23.99951934814453, -15.855551719665527, -4.693145751953125, 36.13465881347656, 24.685462951660156, 77.78562927246094, 35.1551513671875, 61.37615203857422, 111.83627319335938, 75.41763305664062, 41.1828727722168, 27.740995407104492], [42.98283004760742, 3.657559871673584, -21.9790096282959, -32.94143295288086, -5.504756450653076, 39.22947311401367, 91.46536254882812, 43.69959259033203, 47.13189697265625, 75.41763305664062, 125.49480438232422, 72.09510040283203, 33.00833511352539], [39.394927978515625, -24.955829620361328, -14.136241912841797, -39.590152740478516, -3.686682939529419, 34.119407653808594, 63.77627944946289, 13.529864311218262, 30.375476837158203, 41.1828727722168, 72.09510040283203, 107.8348388671875, 69.7865982055664], [131.80726623535156, -23.812665939331055, -33.472991943359375, -13.249505996704102, 13.429120063781738, 7.363200664520264, 26.374574661254883, -7.300079345703125, 15.432052612304688, 27.740995407104492, 33.00833511352539, 69.7865982055664, 112.5202865600586]], "lowlevel.mfcc.icov": [[0.00022639303642790765, 0.00018880977586377412, 0.0003441515436861664, 6.229915743460879e-05, 0.00010778528667287901, 0.00040034347330220044, -3.807352186413482e-06, 0.0002780030481517315, -0.00024576959549449384, 6.889374344609678e-05, -0.000225711555685848, 0.00016923023213166744, -0.0001576823997311294], [0.00018880977586377412, 0.0014799829805269837, -0.00021197710884734988, 0.0011873288312926888, -0.0004881581699009985, 0.0005496165249496698, 0.0009211717406287789, -0.0012456950498744845, 0.001102088368497789, -7.912710134405643e-05, -0.0009286086424253881, 0.0007023616344667971, -0.00040050342795439065], [0.0003441515436861664, -0.00021197710884734988, 0.003794747171923518, -0.0020627574995160103, 0.0007590321474708617, -0.0008407717105001211, -0.0016669855685904622, 0.0009275292977690697, -0.0008896836079657078, 0.0007973671890795231, 0.001235205796547234, -0.000705548154655844, 0.000853996432852], [6.229915743460879e-05, 0.0011873288312926888, -0.0020627574995160103, 0.006452599074691534, -0.0040119728073477745, 0.00025849160738289356, 0.0027336881030350924, -0.0024628126993775368, 0.000328528112731874, 0.000733604421839118, -0.001739358645863831, 0.0024042283184826374, -0.0012209882261231542], [0.00010778528667287901, -0.0004881581699009985, 0.0007590321474708617, -0.0040119728073477745, 0.00785555224865675, -0.0034947479143738747, 5.49764336028602e-05, 0.001120627042837441, -0.0004053243319503963, -0.003723772242665291, 0.0026836381293833256, 4.192135384073481e-05, -0.0009648267878219485], [0.00040034347330220044, 0.0005496165249496698, -0.0008407717105001211, 0.00025849160738289356, -0.0034947479143738747, 0.010672585107386112, -0.0023603630252182484, 0.000504802621435374, -0.0015060334699228406, 0.0032357771415263414, -0.002768945647403598, -0.0018847460160031915, 0.0011224010959267616], [-3.807352186413482e-06, 0.0009211717406287789, -0.0016669855685904622, 0.0027336881030350924, 5.49764336028602e-05, -0.0023603630252182484, 0.008648929186165333, -0.003935542423278093, -0.00038200776907615364, -0.002453285502269864, -0.0019910645205527544, 0.00010761237354017794, -0.0009347477462142706], [0.0002780030481517315, -0.0012456950498744845, 0.0009275292977690697, -0.0024628126993775368, 0.001120627042837441, 0.000504802621435374, -0.003935542423278093, 0.011964090168476105, -0.0060662473551929, 0.002012849086895585, -0.0016430598916485906, 0.0007367489743046463, 0.0012893384555354714], [-0.00024576959549449384, 0.001102088368497789, -0.0008896836079657078, 0.000328528112731874, -0.0004053243319503963, -0.0015060334699228406, -0.00038200776907615364, -0.0060662473551929, 0.02111712470650673, -0.008971103467047215, 0.0011529274052008986, -0.0015402956632897258, 7.071140862535685e-05], [6.889374344609678e-05, -7.912710134405643e-05, 0.0007973671890795231, 0.000733604421839118, -0.003723772242665291, 0.0032357771415263414, -0.002453285502269864, 0.002012849086895585, -0.008971103467047215, 0.022318076342344284, -0.010984396561980247, 0.002757631242275238, -0.0015955104026943445], [-0.000225711555685848, -0.0009286086424253881, 0.001235205796547234, -0.001739358645863831, 0.0026836381293833256, -0.002768945647403598, -0.0019910645205527544, -0.0016430598916485906, 0.0011529274052008986, -0.01098439656