{"song_id": "1183719352390910002", "download": "https://cdn.discordapp.com/attachments/1135903449314238464/1183719352390910002/chirp.mp4?ex=65895b8e&amp", "lyrics": "I'm driving my lowride while your baby is sleeping in the back and I'm smoking and not smoking and you're sleeping in your house forgetting about everything", "style": ["hip hop"], "essentia_features": {"lowlevel.average_loudness": 0.9835357666015625, "lowlevel.barkbands_crest.mean": 11.010458946228027, "lowlevel.barkbands_crest.stdev": 3.4410147666931152, "lowlevel.barkbands_flatness_db.mean": 0.18492183089256287, "lowlevel.barkbands_flatness_db.stdev": 0.05678226426243782, "lowlevel.barkbands_kurtosis.mean": 7.883634090423584, "lowlevel.barkbands_kurtosis.stdev": 11.00562572479248, "lowlevel.barkbands_skewness.mean": 2.2641284465789795, "lowlevel.barkbands_skewness.stdev": 1.2571287155151367, "lowlevel.barkbands_spread.mean": 16.22311782836914, "lowlevel.barkbands_spread.stdev": 9.12476634979248, "lowlevel.dissonance.mean": 0.45819783210754395, "lowlevel.dissonance.stdev": 0.026100879535079002, "lowlevel.dynamic_complexity": 1.6952776908874512, "lowlevel.erbbands_crest.mean": 9.055046081542969, "lowlevel.erbbands_crest.stdev": 3.5582211017608643, "lowlevel.erbbands_flatness_db.mean": 0.17490693926811218, "lowlevel.erbbands_flatness_db.stdev": 0.045607663691043854, "lowlevel.erbbands_kurtosis.mean": -0.27618592977523804, "lowlevel.erbbands_kurtosis.stdev": 1.1601505279541016, "lowlevel.erbbands_skewness.mean": 0.16236555576324463, "lowlevel.erbbands_skewness.stdev": 0.7018325924873352, "lowlevel.erbbands_spread.mean": 43.700294494628906, "lowlevel.erbbands_spread.stdev": 16.699827194213867, "lowlevel.hfc.mean": 15.241565704345703, "lowlevel.hfc.stdev": 12.142455101013184, "lowlevel.loudness_ebu128.integrated": -19.301145553588867, "lowlevel.loudness_ebu128.loudness_range": 0.7809505462646484, "lowlevel.loudness_ebu128.momentary.mean": -19.424009323120117, "lowlevel.loudness_ebu128.momentary.stdev": 1.069762945175171, "lowlevel.loudness_ebu128.short_term.mean": -19.38490104675293, "lowlevel.loudness_ebu128.short_term.stdev": 0.2600884735584259, "lowlevel.melbands_crest.mean": 16.567184448242188, "lowlevel.melbands_crest.stdev": 4.809423446655273, "lowlevel.melbands_flatness_db.mean": 0.2656572163105011, "lowlevel.melbands_flatness_db.stdev": 0.06607302278280258, "lowlevel.melbands_kurtosis.mean": 21.94110679626465, "lowlevel.melbands_kurtosis.stdev": 24.269840240478516, "lowlevel.melbands_skewness.mean": 3.5872435569763184, "lowlevel.melbands_skewness.stdev": 1.6330149173736572, "lowlevel.melbands_spread.mean": 14.703644752502441, "lowlevel.melbands_spread.stdev": 10.31662654876709, "lowlevel.pitch_salience.mean": 0.5124196410179138, "lowlevel.pitch_salience.stdev": 0.10504809021949768, "lowlevel.silence_rate_20dB.mean": 1.0, "lowlevel.silence_rate_20dB.stdev": 0.0, "lowlevel.silence_rate_30dB.mean": 0.9700934290885925, "lowlevel.silence_rate_30dB.stdev": 0.17032983899116516, "lowlevel.silence_rate_60dB.mean": 0.003738317871466279, "lowlevel.silence_rate_60dB.stdev": 0.0610271655023098, "lowlevel.spectral_centroid.mean": 1045.1358642578125, "lowlevel.spectral_centroid.stdev": 521.1842041015625, "lowlevel.spectral_complexity.mean": 16.15700912475586, "lowlevel.spectral_complexity.stdev": 8.309078216552734, "lowlevel.spectral_decrease.mean": -8.400739659464307e-09, "lowlevel.spectral_decrease.stdev": 7.502683807558697e-09, "lowlevel.spectral_energy.mean": 0.03308878466486931, "lowlevel.spectral_energy.stdev": 0.029055865481495857, "lowlevel.spectral_energyband_high.mean": 0.00038936760392971337, "lowlevel.spectral_energyband_high.stdev": 0.000600459345150739, "lowlevel.spectral_energyband_low.mean": 0.016899943351745605, "lowlevel.spectral_energyband_low.stdev": 0.023025833070278168, "lowlevel.spectral_energyband_middle_high.mean": 0.004228075500577688, "lowlevel.spectral_energyband_middle_high.stdev": 0.004329194314777851, "lowlevel.spectral_energyband_middle_low.mean": 0.01461910828948021, "lowlevel.spectral_energyband_middle_low.stdev": 0.014562958851456642, "lowlevel.spectral_entropy.mean": 7.184882640838623, "lowlevel.spectral_entropy.stdev": 0.38294509053230286, "lowlevel.spectral_flux.mean": 0.07864370197057724, "lowlevel.spectral_flux.stdev": 0.06507860124111176, "lowlevel.spectral_kurtosis.mean": 6.198292255401611, "lowlevel.spectral_kurtosis.stdev": 3.8823208808898926, "lowlevel.spectral_rms.mean": 0.005347283091396093, "lowlevel.spectral_rms.stdev": 0.0019204918062314391, "lowlevel.spectral_rolloff.mean": 841.56640625, "lowlevel.spectral_rolloff.stdev": 769.6348266601562, "lowlevel.spectral_skewness.mean": 1.5591278076171875, "lowlevel.spectral_skewness.stdev": 0.5007111430168152, "lowlevel.spectral_spread.mean": 3491500.0, "lowlevel.spectral_spread.stdev": 1209380.0, "lowlevel.spectral_strongpeak.mean": 0.7115364074707031, "lowlevel.spectral_strongpeak.stdev": 0.6077316403388977, "lowlevel.zerocrossingrate.mean": 0.03884893283247948, "lowlevel.zerocrossingrate.stdev": 0.01894371584057808, "metadata.audio_properties.analysis.equal_loudness": 0.0, "metadata.audio_properties.analysis.length": 12.394648551940918, "metadata.audio_properties.analysis.sample_rate": 44100.0, "metadata.audio_properties.analysis.start_time": 0.0, "metadata.audio_properties.bit_rate": 122471.0, "metadata.audio_properties.length": 12.39466667175293, "metadata.audio_properties.lossless": 0.0, "metadata.audio_properties.number_channels": 1.0, "metadata.audio_properties.replay_gain": -7.397119522094727, "metadata.audio_properties.sample_rate": 48000.0, "rhythm.beats_count": 24.0, "rhythm.beats_loudness.mean": 0.05246667563915253, "rhythm.beats_loudness.stdev": 0.017126483842730522, "rhythm.bpm": 120.69430541992188, "rhythm.bpm_histogram_first_peak_bpm": 120.0, "rhythm.bpm_histogram_first_peak_weight": 0.3478260636329651, "rhythm.bpm_histogram_second_peak_bpm": 0.0, "rhythm.bpm_histogram_second_peak_spread": 0.0, "rhythm.bpm_histogram_second_peak_weight": 0.0, "rhythm.danceability": 1.7225955724716187, "rhythm.onset_rate": 4.02866268157959, "tonal.chords_changes_rate": 0.06343283504247665, "tonal.chords_number_rate": 0.026119403541088104, "tonal.chords_strength.mean": 0.5086326003074646, "tonal.chords_strength.stdev": 0.06107272952795029, "tonal.hpcp_crest.mean": 14.26724624633789, "tonal.hpcp_crest.stdev": 5.6192216873168945, "tonal.hpcp_entropy.mean": 1.8399385213851929, "tonal.hpcp_entropy.stdev": 0.6229760050773621, "tonal.key_edma.strength": 0.6883596181869507, "tonal.key_krumhansl.strength": 0.6946696639060974, "tonal.key_temperley.strength": 0.7043535709381104, "tonal.tuning_diatonic_strength": 0.5914185047149658, "tonal.tuning_equal_tempered_deviation": 0.10941623151302338, "tonal.tuning_frequency": 438.2245178222656, "tonal.tuning_nontempered_energy_ratio": 0.7406225204467773, "lowlevel.barkbands.mean": [5.858387885382399e-05, 0.005934639368206263, 0.007933394983410835, 0.003998921252787113, 0.006731803063303232, 0.001591342268511653, 0.0007174875354394317, 0.0006635448662564158, 0.0007634305511601269, 0.00043808150803670287, 0.0010687963804230094, 0.0003323724085930735, 0.00018269909196533263, 0.00039965182077139616, 0.0003761452971957624, 0.0004402856866363436, 0.0002709345135372132, 0.000358158111339435, 0.00031677447259426117, 0.000278564722975716, 8.702024933882058e-05, 4.22730045102071e-05, 3.287720028311014e-05, 2.408620457572397e-05, 1.8829268810804933e-05, 2.5140043362625875e-05, 2.968099806821556e-06], "lowlevel.barkbands.stdev": [0.00028828042559325695, 0.013849242590367794, 0.009288853034377098, 0.005803531501442194, 0.010013091377913952, 0.001966891111806035, 0.0013806043425574899, 0.0012376749655231833, 0.001394621911458671, 0.000695228751283139, 0.002460732590407133, 0.0011334005976095796, 0.0005352436564862728, 0.0009260686347261071, 0.0007501389482058585, 0.0006146417581476271, 0.0003237083728890866, 0.0005169499199837446, 0.0004465468227863312, 0.0004181510885246098, 0.00018115161219611764, 0.00010973025928251445, 7.720730354776606e-05, 4.665714732254855e-05, 3.965351061196998e-05, 5.6025768571998924e-05, 8.093402357189916e-06], "lowlevel.erbbands.mean": [0.08418025821447372, 1.7116260528564453, 8.302169799804688, 13.53321361541748, 13.42604923248291, 25.173372268676758, 22.95565414428711, 8.953084945678711, 7.949276924133301, 14.89892578125, 15.519463539123535, 19.228343963623047, 12.853116035461426, 25.224939346313477, 35.051795959472656, 14.550025939941406, 9.574823379516602, 13.713104248046875, 24.654634475708008, 22.74618911743164, 21.70452117919922, 15.140531539916992, 16.191553115844727, 23.47621726989746, 11.630424499511719, 12.797940254211426, 7.081150531768799, 2.0221033096313477, 1.6165083646774292, 1.3152941465377808, 0.8131023645401001, 0.537193775177002, 0.3748803734779358, 0.21740306913852692, 0.12842202186584473, 0.07241376489400864, 0.05202239379286766, 0.013825866393744946, 0.00032110538450069726, 4.529065336100757e-05], "lowlevel.erbbands.stdev": [0.26470252871513367, 3.5461647510528564, 10.23764705657959, 16.58502769470215, 25.4231014251709, 35.4525032043457, 23.77110481262207, 12.031660079956055, 11.918900489807129, 29.479780197143555, 27.71603012084961, 35.928985595703125, 19.41156768798828, 56.85026550292969, 67.74613952636719, 45.71126174926758, 23.91398048400879, 28.294614791870117, 48.814517974853516, 37.150047302246094, 27.030805587768555, 17.039274215698242, 22.05692481994629, 31.892526626586914, 14.486588478088379, 19.825923919677734, 12.0978422164917, 4.498471736907959, 4.235611915588379, 3.1392648220062256, 1.9585437774658203, 1.0355786085128784, 0.7577482461929321, 0.47140005230903625, 0.2819526195526123, 0.16643542051315308, 0.11797565966844559, 0.03191441670060158, 0.0007286921609193087, 4.251112841302529e-05], "lowlevel.gfcc.mean": [-20.27250862121582, 124.85285949707031, -112.58527374267578, 38.43840789794922, -38.74171829223633, -7.053890228271484, -33.60136413574219, 7.902558326721191, -33.90882873535156, -11.002479553222656, -20.223731994628906, -6.327720642089844, -7.152847766876221], "lowlevel.melbands.mean": [0.0012185918167233467, 0.003670312697067857, 0.0021790440659970045, 0.0014792706351727247, 0.0008719584438949823, 0.00021699204808101058, 0.00012815192167181522, 0.0001604902499821037, 0.0001299110008403659, 0.0001131249446189031, 5.868878724868409e-05, 9.258597128791735e-05, 0.00014674176054541022, 3.910467785317451e-05, 3.299184754723683e-05, 1.5985027857823297e-05, 2.7447013053460978e-05, 4.384008934721351e-05, 2.555786159064155e-05, 3.126812225673348e-05, 2.493204374331981e-05, 1.5785426512593403e-05, 1.3455410226015374e-05, 1.7199739886564203e-05, 2.0087183656869456e-05, 9.08340825844789e-06, 8.14175382402027e-06, 8.662939762871247e-06, 5.787075679108966e-06, 1.6362453152396483e-06, 9.488229579801555e-07, 9.689061926110298e-07, 7.319643486880523e-07, 7.396857881758478e-07, 4.929030978928495e-07, 3.38683975087406e-07, 3.315027186090447e-07, 2.801135110530595e-07, 2.3011645566839434e-07, 1.6451268436412647e-07], "lowlevel.melbands.stdev": [0.003208630019798875, 0.0048116338439285755, 0.002507725963369012, 0.002536502666771412, 0.0008269541431218386, 0.00027903649606741965, 0.00020521061378531158, 0.0002976514515466988, 0.0002354608877794817, 0.00020792258146684617, 9.758046508068219e-05, 0.00021479433053173125, 0.0003174983721692115, 0.00011202651512576267, 0.00012934008555021137, 4.144581180298701e-05, 6.225885590538383e-05, 9.258675709133968e-05, 5.001112731406465e-05, 5.038561357650906e-05, 3.4831391531042755e-05, 1.8202437786385417e-05, 2.0178931663394906e-05, 2.6753832571557723e-05, 2.9093052944517694e-05, 1.143426834460115e-05, 1.3163646144676022e-05, 1.3628028682433069e-05, 9.74094382399926e-06, 3.7323861761251464e-06, 2.4093758383969544e-06, 2.799707772283e-06, 1.7659853028817452e-06, 1.7784522015062976e-06, 1.2196813941045548e-06, 7.324819080167799e-07, 6.410827495528792e-07, 5.867257755198807e-07, 5.084619942863355e-07, 3.6544525983117637e-07], "lowlevel.melbands128.mean": [4.385682041174732e-05, 0.0003459630243014544, 0.0015524388290941715, 0.0031597772613167763, 0.004237435758113861, 0.003751553362235427, 0.0031081459019333124, 0.0014279780443757772, 0.0010525108082219958, 0.0019730746280401945, 0.0013212502235546708, 0.0011135541135445237, 0.0008759456104598939, 0.0004114927432965487, 0.00017142505384981632, 0.00013497528561856598, 0.00011645879567367956, 0.00011395981709938496, 0.0001460728672100231, 0.00020428306015674025, 0.0001345076016150415, 0.00013495050370693207, 0.00011639552394626662, 0.0001363326155114919, 0.00017130962805822492, 6.528372614411637e-05, 6.943145854165778e-05, 6.742594268871471e-05, 3.680564623209648e-05, 6.858148844912648e-05, 9.346481965621933e-05, 0.0001750499359332025, 0.00021740171359851956, 6.661936640739441e-05, 3.491024472168647e-05, 3.55398042302113e-05, 3.66132335329894e-05, 4.1614577639847994e-05, 2.433256304357201e-05, 1.6625375792500563e-05, 1.2437029909051489e-05, 1.649770092626568e-05, 2.1176167138037272e-05, 2.9421786166494712e-05, 6.14597593084909e-05, 4.40624171460513e-05, 3.272974208812229e-05, 1.6065981981228106e-05, 2.4122973627527244e-05, 4.2569048673613e-05, 3.177150210831314e-05, 2.0410263459780253e-05, 2.72357756330166e-05, 2.6872112357523292e-05, 2.035345823969692e-05, 1.4061209185456391e-05, 1.199524285766529e-05, 1.478304693591781e-05, 1.399569464410888e-05, 1.051353319780901e-05, 1.579163654241711e-05, 2.4036125978454947e-05, 2.226757897005882e-05, 2.0796511307707988e-05, 1.305495243286714e-05, 8.741812962398399e-06, 6.009579010424204e-06, 7.2000302679953165e-06, 9.10903236217564e-06, 8.86172983882716e-06, 8.510458428645507e-06, 8.778270967013668e-06, 8.349836207344197e-06, 5.622579010378104e-06, 2.29448687605327e-06, 1.6823955775180366e-06, 1.3735975699091796e-06, 8.995334610517602e-07, 9.467556765230256e-07, 8.110808948913473e-07, 1.158378722720954e-06, 9.904198350341176e-07, 6.751006367267109e-07, 7.677116400373052e-07, 6.56010001875984e-07, 8.09751725228125e-07, 7.668077728339995e-07, 6.219116244210454e-07, 4.6474687565023487e-07, 4.2346286477368267e-07, 3.6202601449986105e-07, 3.061830682327127e-07, 3.0660791594527836e-07, 3.282875979948585e-07, 3.39895649403843e-07, 3.76789841993741e-07, 2.2593818016503064e-07, 1.9833828446280677e-07, 2.672244647783373e-07, 2.486603420948086e-07, 1.4199797249148105e-07, 1.749654643390386e-07, 1.434047192105936e-07, 1.5489158045056683e-07, 1.4905126022313198e-07, 1.4299804718120868e-07, 1.267516012148917e-07, 1.0633819158556435e-07, 1.0885504764246434e-07, 1.3807452603487036e-07, 1.4346086629757338e-07, 1.5775647455029684e-07, 1.7367038651627809e-07, 1.9250745708632166e-07, 1.7900403292969713e-07, 1.6711989303530572e-07, 1.214184663922424e-07, 1.5249201013034508e-08, 3.9411258978550023e-11, 1.3315004480929371e-11, 4.686587923297125e-12, 3.761239583677245e-12, 3.626107010143431e-12, 3.5474876074886863e-12, 3.4149692622331695e-12, 3.218700696597243e-12, 3.1111192181493275e-12, 3.0814003692397618e-12], "lowlevel.melbands128.stdev": [0.00020798375771846622, 0.0014458559453487396, 0.00478447275236249, 0.006537328939884901, 0.005842102225869894, 0.004292181693017483, 0.004059685859829187, 0.002156660659238696, 0.002672826871275902, 0.004160214215517044, 0.001893037580884993, 0.0013508814154192805, 0.0010770797962322831, 0.0005965723539702594, 0.0003081127651967108, 0.00028534416924230754, 0.0002082141290884465, 0.0002129805798176676, 0.00038172779022715986, 0.0004943745443597436, 0.00031982961809262633, 0.0003749039024114609, 0.00026479229563847184, 0.0003912488464266062, 0.00039147783536463976, 0.0001384886127198115, 0.00015084253391250968, 0.00015611333947163075, 9.278946527047083e-05, 0.00015254427853506058, 0.00035698339343070984, 0.0006069278460927308, 0.0005252806004136801, 0.00015761081886012107, 0.00015754833293613046, 0.00015430813073180616, 0.00018952388199977577, 0.00022594882466364652, 8.696089207660407e-05, 4.903301669401117e-05, 5.9381232858868316e-05, 4.157246803515591e-05, 7.746280607534572e-05, 9.912355017149821e-05, 0.00020456411584746093, 0.0001080477813957259, 0.00012073267134837806, 5.6086362747009844e-05, 6.953225965844467e-05, 9.597321331966668e-05, 7.01976241543889e-05, 4.4306463678367436e-05, 4.812419138033874e-05, 5.11269572598394e-05, 3.16684199788142e-05, 1.993107798625715e-05, 2.052580748568289e-05, 2.9059212465654127e-05, 2.6068648367072456e-05, 1.9894046999979764e-05, 3.211171133443713e-05, 4.4686039473162964e-05, 4.0274011553265154e-05, 4.3084346543764696e-05, 2.203806070610881e-05, 1.315806366619654e-05, 9.907007552101277e-06, 1.2168049579486251e-05, 1.7490576283307746e-05, 1.9773386156884953e-05, 1.629654798307456e-05, 1.562792203912977e-05, 1.4167001609166618e-05, 1.142327437264612e-05, 5.796615823783213e-06, 4.533872470346978e-06, 3.3321036880806787e-06, 2.3186787529994035e-06, 2.956257958430797e-06, 2.2991519017523387e-06, 4.376094238978112e-06, 2.5634817575337365e-06, 1.7287230775764328e-06, 2.0553025024128146e-06, 1.7591672758499044e-06, 2.2598253508476773e-06, 1.8812802409229334e-06, 1.4493638218482374e-06, 1.302494069932436e-06, 1.272746771974198e-06, 9.018688729156565e-07, 6.324269179458497e-07, 6.817222129029687e-07, 7.24116603123548e-07, 7.045649681458599e-07, 8.625328291600454e-07, 5.19742116011912e-07, 4.3820838868668943e-07, 6.187473218233208e-07, 6.581313982678694e-07, 3.88689670671738e-07, 4.1023710650733847e-07, 3.4825609418476233e-07, 3.7939116737106815e-07, 3.7115847817403846e-07, 3.7235827221593354e-07, 3.184431136560306e-07, 3.39080912681311e-07, 2.8411872676770145e-07, 3.4206846066808794e-07, 4.000982869456493e-07, 3.9470012325182324e-07, 4.171280352238682e-07, 4.6126885422381747e-07, 4.6202313797039096e-07, 3.670478179174097e-07, 3.255631781939883e-07, 4.637010064811875e-08, 6.068005542481103e-10, 1.4373691126223775e-10, 1.972216140400107e-11, 5.417909176852476e-12, 5.157716701648107e-12, 5.044820464150668e-12, 4.956449747156588e-12, 4.888490220261721e-12, 4.840338199696426e-12, 4.810671826172008e-12], "lowlevel.mfcc.mean": [-668.1279296875, 155.2444610595703, -9.413182258605957, 47.5146598815918, 11.63222599029541, -5.515573501586914, 7.738852500915527, 4.837174892425537, -1.5164878368377686, 0.48817989230155945, -15.730443000793457, -7.336467266082764, -2.556657552719116], "lowlevel.spectral_contrast_coeffs.mean": [-0.647656261920929, -0.7461278438568115, -0.7403498888015747, -0.7737334370613098, -0.7775349020957947, -0.7535619735717773], "lowlevel.spectral_contrast_coeffs.stdev": [0.07171127200126648, 0.06571108102798462, 0.07036842405796051, 0.05968624725937843, 0.04061495140194893, 0.036178551614284515], "lowlevel.spectral_contrast_valleys.mean": [-6.3863654136657715, -7.009938716888428, -7.691730976104736, -7.892076015472412, -7.596948146820068, -11.436068534851074], "lowlevel.spectral_contrast_valleys.stdev": [0.6947687864303589, 0.6119300127029419, 0.6286031603813171, 0.6377981305122375, 0.7343919277191162, 1.1086879968643188], "rhythm.beats_loudness_band_ratio.mean": [0.5204755067825317, 0.29554781317710876, 0.08005291223526001, 0.05651010572910309, 0.060875553637742996, 0.05411640182137489], "rhythm.beats_loudness_band_ratio.stdev": [0.2058291733264923, 0.2086210697889328, 0.05879710614681244, 0.08117225766181946, 0.043146755546331406, 0.03895867243409157], "tonal.hpcp.mean": [0.3117566406726837, 0.1800127774477005, 0.02607770450413227, 0.020019950345158577, 0.026119740679860115, 0.04859060421586037, 0.10400845855474472, 0.09950580447912216, 0.14276865124702454, 0.2360994815826416, 0.13967359066009521, 0.027384907007217407, 0.02533036656677723, 0.039412397891283035, 0.12629127502441406, 0.31380152702331543, 0.2482488602399826, 0.053908683359622955, 0.030735570937395096, 0.02603325992822647, 0.03770574927330017, 0.06294609606266022, 0.06368298828601837, 0.04351310059428215, 0.022020084783434868, 0.011714798398315907, 0.019133297726511955, 0.031932033598423004, 0.045087628066539764, 0.13222438097000122, 0.21752849221229553, 0.13503804802894592, 0.04374905675649643, 0.0412665493786335, 0.059009864926338196, 0.18552355468273163], "tonal.hpcp.stdev": [0.41488027572631836, 0.2546190619468689, 0.0885898768901825, 0.09819947928190231, 0.09490752220153809, 0.1402100920677185, 0.2282787561416626, 0.18959026038646698, 0.21266357600688934, 0.3656397759914398, 0.23124189674854279, 0.092242531478405, 0.08024029433727264, 0.09742312133312225, 0.20589619874954224, 0.4206749200820923, 0.34963861107826233, 0.13596327602863312, 0.1148887649178505, 0.06794895231723785, 0.08896374702453613, 0.1323472112417221, 0.12223394960165024, 0.13060873746871948, 0.08049765974283218, 0.049368567764759064, 0.082668237388134, 0.10948287695646286, 0.1325094848871231, 0.23143823444843292, 0.36039090156555176, 0.23187685012817383, 0.13194811344146729, 0.12391573190689087, 0.18167077004909515, 0.2667170763015747], "rhythm.beats_position": [0.5108389854431152, 1.0216779708862305, 1.5325169563293457, 2.0317459106445312, 2.530975103378296, 3.0185940265655518, 3.5062131881713867, 4.005442142486572, 4.504671096801758, 5.003900051116943, 5.503129005432129, 6.0023579597473145, 6.501587390899658, 6.989206314086914, 7.47682523727417, 7.9760541915893555, 8.4752836227417, 8.962902069091797, 9.46213150024414, 9.961359977722168, 10.448979377746582, 10.948208808898926, 11.447437286376953, 11.946666717529297], "rhythm.bpm_histogram": [0.0, 0.0, 0.0, 0.0, 0.0, 0.0, 0.0, 0.0, 0.0, 0.0, 0.0, 0.0, 0.0, 0.0, 0.0, 0.0, 0.0, 0.0, 0.0, 0.0, 0.0, 0.0, 0.0, 0.0, 0.0, 0.0, 0.0, 0.0, 0.0, 0.0, 0.0, 0.0, 0.0, 0.0, 0.0, 0.0, 0.0, 0.0, 0.0, 0.0, 0.0, 0.0, 0.0, 0.0, 0.0, 0.0, 0.0, 0.0, 0.0, 0.0, 0.0, 0.0, 0.0, 0.0, 0.0, 0.0, 0.0, 0.0, 0.0, 0.0, 0.0, 0.0, 0.0, 0.0, 0.0, 0.0, 0.0, 0.0, 0.0, 0.0, 0.0, 0.0, 0.0, 0.0, 0.0, 0.0, 0.0, 0.0, 0.0, 0.0, 0.0, 0.0, 0.0, 0.0, 0.0, 0.0, 0.0, 0.0, 0.0, 0.0, 0.0, 0.0, 0.0, 0.0, 0.0, 0.0, 0.0, 0.0, 0.0, 0.0, 0.0, 0.0, 0.0, 0.0, 0.0, 0.0, 0.0, 0.0, 0.0, 0.0, 0.0, 0.0, 0.0, 0.0, 0.0, 0.0, 0.0, 0.08695652335882187, 0.0, 0.0, 0.6521739363670349, 0.0, 0.0, 0.260869562625885, 0.0, 0.0, 0.0, 0.0, 0.0, 0.0, 0.0, 0.0, 0.0, 0.0, 0.0, 0.0, 0.0, 0.0, 0.0, 0.0, 0.0, 0.0, 0.0, 0.0, 0.0, 0.0, 0.0, 0.0, 0.0, 0.0, 0.0, 0.0, 0.0, 0.0, 0.0, 0.0, 0.0, 0.0, 0.0, 0.0, 0.0, 0.0, 0.0, 0.0, 0.0, 0.0, 0.0, 0.0, 0.0, 0.0, 0.0, 0.0, 0.0, 0.0, 0.0, 0.0, 0.0, 0.0, 0.0, 0.0, 0.0, 0.0, 0.0, 0.0, 0.0, 0.0, 0.0, 0.0, 0.0, 0.0, 0.0, 0.0, 0.0, 0.0, 0.0, 0.0, 0.0, 0.0, 0.0, 0.0, 0.0, 0.0, 0.0, 0.0, 0.0, 0.0, 0.0, 0.0, 0.0, 0.0, 0.0, 0.0, 0.0, 0.0, 0.0, 0.0, 0.0, 0.0, 0.0, 0.0, 0.0, 0.0, 0.0, 0.0, 0.0, 0.0, 0.0, 0.0, 0.0, 0.0, 0.0, 0.0, 0.0, 0.0, 0.0, 0.0, 0.0, 0.0, 0.0, 0.0, 0.0, 0.0, 0.0, 0.0, 0.0, 0.0, 0.0, 0.0, 0.0, 0.0], "tonal.chords_histogram": [6.343283653259277, 13.432835578918457, 5.970149040222168, 0.0, 15.298507690429688, 0.0, 0.0, 0.0, 0.0, 0.0, 0.0, 0.0, 0.0, 0.0, 0.0, 0.0, 0.0, 0.0, 0.0, 17.1641788482666, 0.0, 12.313432693481445, 29.477611541748047, 0.0], "tonal.thpcp": [1.0, 0.7911015152931213, 0.17179229855537415, 0.09794589132070541, 0.08296091109514236, 0.12015795707702637, 0.2005920708179474, 0.20294034481048584, 0.1386643946170807, 0.0701720118522644, 0.037331871688365936, 0.060972608625888824, 0.1017586961388588, 0.14368198812007904, 0.42136308550834656, 0.6932040452957153, 0.43032947182655334, 0.13941632211208344, 0.13150525093078613, 0.1880483627319336, 0.591213047504425, 0.9934834837913513, 0.5736516714096069, 0.08310253918170929, 0.06379812955856323, 0.08323650062084198, 0.15484501421451569, 0.3314466178417206, 0.31709790229797363, 0.454964816570282, 0.7523847222328186, 0.44510167837142944, 0.08726824074983597, 0.08072097599506378, 0.12559658288955688, 0.4024558961391449], "lowlevel.gfcc.cov": [[4275.5615234375, -1926.5576171875, 337.469970703125, 3.8394949436187744, -134.47998046875, 323.3692626953125, -173.6942901611328, 182.89517211914062, -232.6455841064453, 395.3313293457031, -315.6695861816406, 325.9618835449219, -443.23455810546875], [-1926.5576171875, 1689.2855224609375, -444.37139892578125, -12.446128845214844, 225.4399871826172, -294.43426513671875, 191.34808349609375, -136.71414184570312, 170.91465759277344, -244.06617736816406, 256.593505859375, -294.8989562988281, 334.0635681152344], [337.469970703125, -444.37139892578125, 747.767333984375, 140.18931579589844, 7.931668758392334, 176.39364624023438, 42.73549270629883, 131.37635803222656, 9.345537185668945, 73.75459289550781, -56.26622009277344, 193.08314514160156, -130.70089721679688], [3.8394949436187744, -12.446128845214844, 140.18931579589844, 254.74139404296875, 80.71597290039062, -74.36161041259766, 39.22406005859375, 102.08704376220703, 49.4190559387207, -5.766751766204834, 21.570098876953125, 14.550806045532227, 36.92668151855469], [-134.47998046875, 225.4399871826172, 7.931668758392334, 80.71597290039062, 234.14671325683594, -2.635150194168091, 68.55026245117188, 50.14223098754883, 51.69874954223633, -4.294569492340088, 30.656635284423828, -2.0381009578704834, 57.11885452270508], [323.3692626953125, -294.43426513671875, 176.39364624023438, -74.36161041259766, -2.635150194168091, 326.1539611816406, -5.812155246734619, -47.4193115234375, -57.404563903808594, 53.54006576538086, -18.159311294555664, 60.47587585449219, -101.37549591064453], [-173.6942901611328, 191.34808349609375, 42.73549270629883, 39.22406005859375, 68.55026245117188, -5.812155246734619, 151.512451171875, 24.293115615844727, 12.940561294555664, -16.792879104614258, 53.051116943359375, -3.8063151836395264, 5.541619777679443], [182.89517211914062, -136.71414184570312, 131.37635803222656, 102.08704376220703, 50.14223098754883, -47.4193115234375, 24.293115615844727, 204.1728057861328, 33.64093017578125, 36.65943145751953, -29.371685028076172, 52.91215515136719, -0.4022698700428009], [-232.6455841064453, 170.91465759277344, 9.345537185668945, 49.4190559387207, 51.69874954223633, -57.404563903808594, 12.940561294555664, 33.64093017578125, 120.57754516601562, -6.195009708404541, -1.6023328304290771, -36.63193893432617, 41.724239349365234], [395.3313293457031, -244.06617736816406, 73.75459289550781, -5.766751766204834, -4.294569492340088, 53.54006576538086, -16.792879104614258, 36.65943145751953, -6.195009708404541, 129.10777282714844, -25.103727340698242, 42.11252212524414, -69.60675811767578], [-315.6695861816406, 256.593505859375, -56.26622009277344, 21.570098876953125, 30.656635284423828, -18.159311294555664, 53.051116943359375, -29.371685028076172, -1.6023328304290771, -25.103727340698242, 125.61297607421875, -28.761096954345703, 31.389026641845703], [325.9618835449219, -294.8989562988281, 193.08314514160156, 14.550806045532227, -2.0381009578704834, 60.47587585449219, -3.8063151836395264, 52.91215515136719, -36.63193893432617, 42.11252212524414, -28.761096954345703, 150.8352813720703, -63.18077087402344], [-443.23455810546875, 334.0635681152344, -130.70089721679688, 36.92668151855469, 57.11885452270508, -101.37549591064453, 5.541619777679443, -0.4022698700428009, 41.724239349365234, -69.60675811767578, 31.389026641845703, -63.18077087402344, 167.97276306152344]], "lowlevel.gfcc.icov": [[0.000595845514908433, 0.0004044492088723928, 0.0002808138669934124, -0.00026630130014382303, -0.00027363377739675343, -1.0589971680019516e-05, -7.434171857312322e-05, -6.918976578162983e-05, 0.0005550461355596781, -0.0007593891932629049, 0.0006202526274137199, -0.0001256006653420627, 0.0005181903252378106], [0.0004044492088723928, 0.004858267493546009, -0.0007582557736895978, 0.003336241701617837, -0.0029652081429958344, 0.002392249181866646, -0.002612617565318942, 0.0015385948354378343, -0.0027783364057540894, 0.002514057559892535, -0.005111662670969963, 0.003979839850217104, -0.003192212665453553], [0.0002808138669934124, -0.0007582557736895978, 0.0035670523066073656, -0.002760394476354122, 0.0014399117790162563, -0.0022549794521182775, -0.0005314399022608995, -0.0009021732839755714, -0.0007595960632897913, -0.0006134063005447388, 0.0021587805822491646, -0.004000767134130001, 0.0018224400701001287], [-0.00026630130014382303, 0.003336241701617837, -0.002760394476354122, 0.00974943209439516, -0.0036555095575749874, 0.00362691399641335, -0.001379375346004963, -0.0008049284224398434, -0.0027809764724224806, 0.0029502741526812315, -0.006177856121212244, 0.004306429997086525, -0.003465790767222643], [-0.00027363377739675343, -0.0029652081429958344, 0.0014399117790162563, -0.0036555095575749874, 0.008644587360322475, -0.003227472072467208, -0.0011027792934328318, -0.0016076915198937058, -0.0006995963049121201, -0.002294435864314437, 0.002923631342127919, -0.003959491848945618, -0.0005683969357050955], [-1.0589971680019516e-05, 0.002392249181866646, -0.0022549794521182775, 0.00362691399641335, -0.003227472072467208, 0.006737881805747747, -0.0008009636076167226, 0.0023781086783856153, 0.0002415253547951579, 0.0006673912284895778, -0.0030360063537955284, 0.002803637646138668, -0.0003030443622265011], [-7.434171857312322e-05, -0.002612617565318942, -0.0005314399022608995, -0.001379375346004963, -0.0011027792934328318, -0.0008009636076167226, 0.01117413118481636, -0.0021588050294667482, 0.002056946512311697, 0.00014268956147134304, -0.0010297743137925863, -0.000934910960495472, 0.0037962619680911303], [-6.918976578162983e-05, 0.0015385948354378343, -0.0009021732839755714, -0.0008049284224398434, -0.0016076915198937058, 0.0023781086783856153, -0.0021588050294667482, 0.008913066238164902, -0.0019271192140877247, -0.0011453749611973763, 0.00023334950674325228, -0.0007070605643093586, -0.0019985537510365248], [0.0005550461355596781, -0.0027783364057540894, -0.0007595960632897913, -0.0027809764724224806, -0.0006995963049121201, 0.0002415253547951579, 0.002056946512311697, -0.0019271192140877247, 0.015069885179400444, -0.003850069595500827, 0.005504928063601255, 0.0016796309500932693, 0.0015859444392845035], [-0.0007593891932629049, 0.002514057559892535, -0.0006134063005447388, 0.0029502741526812315, -0.002294435864314437, 0.0006673912284895778, 0.00014268956147134304, -0.0011453749611973763, -0.003850069595500827, 0.014423445798456669, -0.004604925401508808, 0.001988776959478855, 0.0015878118574619293], [0.0006202526274137199, -0.005111662670969963, 0.0021587805822491646, -0.006177856121212244, 0.002923631342127919, -0.0030360063537955284, -0.0010297743137925863, 0.00023334950674325228, 0.005504928063601255, -0.004604925401508808, 0.01851160265505314, -0.004717965144664049, 0.0035391489509493113], [-0.0001256006653420627, 0.003979839850217104, -0.004000767134130001, 0.004306429997086525, -0.003959491848945618, 0.002803637646138668, -0.000934910960495472, -0.0007070605643093586, 0.0016796309500932693, 0.001988776959478855, -0.004717965144664049, 0.01668703183531761, -0.0016734548844397068], [0.0005181903252378106, -0.003192212665453553, 0.0018224400701001287, -0.003465790767222643, -0.0005683969357050955, -0.0003030443622265011, 0.0037962619680911303, -0.0019985537510365248, 0.0015859444392845035, 0.0015878118574619293, 0.0035391489509493113, -0.0016734548844397068, 0.014702917076647282]], "lowlevel.mfcc.cov": [[3965.708251953125, -1500.9876708984375, 87.4301528930664, -206.99575805664062, -35.13043212890625, 139.51829528808594, -38.55665969848633, -70.3761978149414, -69.4408187866211, 46.70014190673828, 137.47206115722656, -33.506107330322266, 24.326955795288086], [-1500.9876708984375, 1287.43212890625, -365.337158203125, 157.37026977539062, 3.725282907485962, -90.90301513671875, 58.31875991821289, -24.380680084228516, 37.13937759399414, 12.127586364746094, -57.611412048339844, 13.080465316772461, -17.00797462463379], [87.4301528930664, -365.337158203125, 603.1771240234375, -23.15750503540039, 36.548213958740234, 103.22808074951172, 28.37982177734375, 120.70850372314453, 22.18394660949707, -53.51935958862305, 65.32001495361328, 73.1654281616211, 70.09516143798828], [-206.99575805664062, 157.37026977539062, -23.15750503540039, 417.1986389160156, 70.72686004638672, -166.74855041503906, 22.513051986694336, 68.51087188720703, 95.79367065429688, 29.648496627807617, -28.801742553710938, 87.30654907226562, 57.438270568847656], [-35.13043212890625, 3.725282907485962, 36.548213958740234, 70.72686004638672, 184.47352600097656, 13.193486213684082, 17.01997184753418, 38.63662338256836, 73.15608978271484, 22.759523391723633, 1.6568007469177246, 10.512365341186523, 31.9251708984375], [139.51829528808594, -90.90301513671875, 103.22808074951172, -166.74855041503906, 13.193486213684082, 268.04052734375, 39.47468185424805, 6.608695983886719, -52.967193603515625, 2.224177122116089, 56.411781311035156, -26.279394149780273, -4.561949729919434], [-38.55665969848633, 58.31875991821289, 28.37982177734375, 22.513051986694336, 17.01997184753418, 39.47468185424805, 159.0380096435547, 50.7420539855957, -26.967430114746094, 8.52348518371582, 17.62618064880371, 16.544666290283203, 28.347698211669922], [-70.3761978149414, -24.380680084228516, 120.70850372314453, 68.51087188720703, 38.63662338256836, 6.608695983886719, 50.7420539855957, 144.9186553955078, 35.09065246582031, -19.294292449951172, 17.57624626159668, 43.790592193603516, 32.04490661621094], [-69.4408187866211, 37.13937759399414, 22.18394660949707, 95.79367065429688, 73.15608978271484, -52.967193603515625, -26.967430114746094, 35.09065246582031, 145.50083923339844, 29.99789810180664, -13.17220687866211, 17.80469512939453, 23.774139404296875], [46.70014190673828, 12.127586364746094, -53.51935958862305, 29.648496627807617, 22.759523391723633, 2.224177122116089, 8.52348518371582, -19.294292449951172, 29.99789810180664, 102.63755798339844, 11.372491836547852, -4.272667407989502, 2.4613735675811768], [137.47206115722656, -57.611412048339844, 65.32001495361328, -28.801742553710938, 1.6568007469177246, 56.411781311035156, 17.62618064880371, 17.57624626159668, -13.17220687866211, 11.372491836547852, 121.6726303100586, 36.28963088989258, 3.892319440841675], [-33.506107330322266, 13.080465316772461, 73.1654281616211, 87.30654907226562, 10.512365341186523, -26.279394149780273, 16.544666290283203, 43.790592193603516, 17.80469512939453, -4.272667407989502, 36.28963088989258, 93.0447998046875, 44.476383209228516], [24.326955795288086, -17.00797462463379, 70.09516143798828, 57.438270568847656, 31.9251708984375, -4.561949729919434, 28.347698211669922, 32.04490661621094, 23.774139404296875, 2.4613735675811768, 3.892319440841675, 44.476383209228516, 81.00315856933594]], "lowlevel.mfcc.icov": [[0.0005531886708922684, 0.0007617590599693358, 0.0004633937787730247, -6.32527080597356e-05, 0.00013442379713524133, -0.00016563755343668163, -0.00019050190167035908, 0.0002692962298169732, -0.00018879500566981733, 8.220223389798775e-05, -0.0005001048557460308, 7.112360617611557e-05, -0.00042661314364522696], [0.0007617590599693358, 0.0021229025442153215, 0.0013774631079286337, -0.0003479001170489937, 0.00028937237220816314, -0.00047663674922659993, -0.0009234068566001952, 0.0005736110033467412, -0.0008402427192777395, 0.0006152351852506399, -0.00036146093043498695, -0.0006395226228050888, -0.00017654782277531922], [0.0004633937787730247, 0.0013774631079286337, 0.0034613581374287605, 0.000173152016941458, 0.00021951891540084034, -0.00118215661495924, -0.0001424501824658364, -0.0011594537645578384, -0.0010113242315128446, 0.0015080685261636972, -0.0007368571823462844, -0.0014055760111659765, -0.0015543720219284296], [-6.32527080597356e-05, -0.0003479001170489937, 0.000173152016941458, 0.005037905182689428, -0.00111529347486794, 0.0023589276243001223, -0.0004566054558381438, -0.0012487844796851277, -0.0007436886080540717, -0.0013676842208951712, 0.001319247530773282, -0.0036419429816305637, -0.000353855371940881], [0.00013442379713524133, 0.00028937237220816314, 0.00021951891540084034, -0.00111529347486794, 0.007830321788787842, -0.0015205127419903874, -0.0006608711555600166, -0.00048175230040214956, -0.003711773781105876, -0.00014007904974278063, -0.00047886514221318066, 0.0017437171190977097, -0.0019693735521286726], [-0.00016563755343668163, -0.00047663674922659993, -0.00118215661495924, 0.0023589276243001223, -0.0015205127419903874, 0.006765819154679775, -0.0007297344272956252, -0.0007822707411833107, 0.0019069947302341461, -0.001302245887927711, -0.0019804558251053095, 0.001967374235391617, -0.0006600897759199142], [-0.00019050190167035908, -0.0009234068566001952, -0.0001424501824658364, -0.0004566054558381438, -0.0006608711555600166, -0.0007297344272956252, 0.009397387504577637, -0.003928458318114281, 0.003940732683986425, -0.002077736658975482, -0.0004043862863909453, 0.001417813473381102, -0.0030573587864637375], [0.0002692962298169732, 0.0005736110033467412, -0.0011594537645578384, -0.0012487844796851277, -0.00048175230040214956, -0.0007822707411833107, -0.003928458318114281, 0.012033184990286827, -0.0032183316070586443, 0.0031333141960203648, -0.00040954723954200745, -0.002576875500380993, 0.0009725760319270194], [-0.00018879500566981733, -0.0008402427192777395, -0.0010113242315128446, -0.0007436886080540717, -0.003711773781105876, 0.0019069947302341461, 0.003940732683986425, -0.0032183316070586443, 0.012699024751782417, -0.003980733919888735, 0.000691162480507046, 0.0011650064261630177, -0.0015319110825657845], [8.220223389798775e-05, 0.0006152351852506399, 0.0015080685261636972, -0.0013676842208951712, -0.00014007904974278063, -0.001302245887927711, -0.002077736658975482, 0.0031333141960203648, -0.003980733919888735, 0.013132072053849697, -0.0024666960816830397, 0.0011521073756739497, -0.0005060046096332371], [-0.0005001048557460308, -0.00036146093043498695, -0.0007368571823462844, 0.001319247530773282, -0.00047886514221318066, -0.0019804558251053095, -0.0004043862863909453, -0.00040954723954200745, 0.000691162480507046, -0.0024666960816830397, 0.012992528267204762, -0.00821222085505724, 0.003914070315659046], [7.112360617611557e-05, -0.0006395226228050888, -0.0014055760111659765, -0.0036419429816305637, 0.0017437171190977097, 0.001967374235391617, 0.001417813473381102, -0.002576875500380993, 0.0011650064261630177, 0.0011521073756739497, -0.00821222085505724, 0.024423696100711823, -0.009802723303437233], [-0.00042661314364522696, -0.00017654782277531922, -0.0015543720219284296, -0.000353855371940881, -0.0019693735521286726, -0.0006600897759199142, -0.0030573587864637375, 0.0009725760319270194, -0.0015319110825657845, -0.0005060046096332371, 0.003914070315659046, -0.009802723303437233, 0.021115703508257866]], "metadata.audio_properties.analysis.downmix": "mix", "metadata.audio_properties.codec": "mp3", "metadata.audio_properties.md5_encoded": "2e58af9b58574ef10d86bf1f3c2f7cef", "metadata.tags.file_name": "1183719352390910002.mp3", "metadata.version.essentia": "2.1-beta6-dev", "metadata.version.essentia_git_sha": "v2.1_beta5-1110-g77a6a954", "metadata.version.extractor": "music 2.0", "tonal.chords_key": "C", "tonal.chords_scale": "major", "tonal.key_edma.key": "G", "tonal.key_edma.scale": "major", "tonal.key_krumhansl.key": "G", "tonal.key_krumhansl.scale": "major", "tonal.key_temperley.key": "G", "tonal.key_temperley.scale": "major", "metadata.tags.encoding": ["Lavf58.45.100"]}, "essentia_models": [{"model_name": "genre_dortmund", "activations": {"alternative": "0.15987292", "blues": "0.10454773", "electronic": "0.0066000144", "folkcountry": "0.09840407", "funksoulrnb": "0.009563498", "jazz": "0.010410648", "pop": "0.055061825", "raphiphop": "0.0006574013", "rock": "0.39076543"}}, {"model_name": "genre_rosamerica", "activations": {"classic": "0.0050038192", "dance": "0.0017665742", "hip hop": "0.020003946", "jazz": "0.013495559", "pop": "0.4543007", "rhythm and blues": "0.048271023", "rock": "0.71871316", "speech": "0.0037637197"}}, {"model_name": "genre_tzanetakis", "activations": {"blues": "0.09029246", "classic": "3.1052077e-05", "country": "0.014114852", "disco": "0.005603815", "hip hop": "0.0050244825", "jazz": "0.0018750245", "metal": "0.05974611", "pop": "0.12496005", "reggae": "0.004274496", "rock": "0.56818473"}}, {"model_name": "genre_electronic", "activations": {"ambient"