{"song_id": "1183654121484603392", "download": "https://cdn.discordapp.com/attachments/1135903449314238464/1183654121484603392/chirp.mp4?ex=65891ecd&amp", "lyrics": "(Chorus)\nWalking through words, learning in stride,\n\u8d70\u7740\u5b66\u8bed\u8a00\uff0c\u4e00\u6b65\u4e00\u4e2a\u811a\u5370\uff0c\nEnglish expressions, a joyful ride.\n\u82f1\u8bed\u8868\u8fbe\uff0c\u6109\u5feb\u7684\u65c5\u7a0b\u3002", "style": ["sea shanty"], "essentia_features": {"lowlevel.average_loudness": 0.9812078475952148, "lowlevel.barkbands_crest.mean": 8.966331481933594, "lowlevel.barkbands_crest.stdev": 3.384538412094116, "lowlevel.barkbands_flatness_db.mean": 0.12807846069335938, "lowlevel.barkbands_flatness_db.stdev": 0.04029363393783569, "lowlevel.barkbands_kurtosis.mean": 4.18221378326416, "lowlevel.barkbands_kurtosis.stdev": 7.369347095489502, "lowlevel.barkbands_skewness.mean": 1.8834823369979858, "lowlevel.barkbands_skewness.stdev": 1.0865622758865356, "lowlevel.barkbands_spread.mean": 27.690549850463867, "lowlevel.barkbands_spread.stdev": 15.242622375488281, "lowlevel.dissonance.mean": 0.4753273129463196, "lowlevel.dissonance.stdev": 0.023851513862609863, "lowlevel.dynamic_complexity": 1.8753690719604492, "lowlevel.erbbands_crest.mean": 6.963858604431152, "lowlevel.erbbands_crest.stdev": 3.2836525440216064, "lowlevel.erbbands_flatness_db.mean": 0.13653342425823212, "lowlevel.erbbands_flatness_db.stdev": 0.026749882847070694, "lowlevel.erbbands_kurtosis.mean": -0.5635808706283569, "lowlevel.erbbands_kurtosis.stdev": 1.0204271078109741, "lowlevel.erbbands_skewness.mean": -0.17905470728874207, "lowlevel.erbbands_skewness.stdev": 0.6323990821838379, "lowlevel.erbbands_spread.mean": 57.021827697753906, "lowlevel.erbbands_spread.stdev": 16.02056312561035, "lowlevel.hfc.mean": 20.84620475769043, "lowlevel.hfc.stdev": 16.116918563842773, "lowlevel.loudness_ebu128.integrated": -15.125215530395508, "lowlevel.loudness_ebu128.loudness_range": 0.46564388275146484, "lowlevel.loudness_ebu128.momentary.mean": -15.256118774414062, "lowlevel.loudness_ebu128.momentary.stdev": 1.1151484251022339, "lowlevel.loudness_ebu128.short_term.mean": -15.083272933959961, "lowlevel.loudness_ebu128.short_term.stdev": 0.1509573608636856, "lowlevel.melbands_crest.mean": 14.72172737121582, "lowlevel.melbands_crest.stdev": 4.614425182342529, "lowlevel.melbands_flatness_db.mean": 0.1915774941444397, "lowlevel.melbands_flatness_db.stdev": 0.05201229080557823, "lowlevel.melbands_kurtosis.mean": 20.516908645629883, "lowlevel.melbands_kurtosis.stdev": 22.567197799682617, "lowlevel.melbands_skewness.mean": 3.7548179626464844, "lowlevel.melbands_skewness.stdev": 1.7268776893615723, "lowlevel.melbands_spread.mean": 22.094602584838867, "lowlevel.melbands_spread.stdev": 13.286291122436523, "lowlevel.pitch_salience.mean": 0.5569641590118408, "lowlevel.pitch_salience.stdev": 0.121758833527565, "lowlevel.silence_rate_20dB.mean": 1.0, "lowlevel.silence_rate_20dB.stdev": 0.0, "lowlevel.silence_rate_30dB.mean": 1.0, "lowlevel.silence_rate_30dB.stdev": 0.0, "lowlevel.silence_rate_60dB.mean": 0.003466204507276416, "lowlevel.silence_rate_60dB.stdev": 0.05877257511019707, "lowlevel.spectral_centroid.mean": 1559.8056640625, "lowlevel.spectral_centroid.stdev": 601.2344360351562, "lowlevel.spectral_complexity.mean": 22.197572708129883, "lowlevel.spectral_complexity.stdev": 12.0436429977417, "lowlevel.spectral_decrease.mean": -6.732425728017688e-09, "lowlevel.spectral_decrease.stdev": 3.4865677012163587e-09, "lowlevel.spectral_energy.mean": 0.027300557121634483, "lowlevel.spectral_energy.stdev": 0.01415418740361929, "lowlevel.spectral_energyband_high.mean": 0.0014222811441868544, "lowlevel.spectral_energyband_high.stdev": 0.0017184389289468527, "lowlevel.spectral_energyband_low.mean": 0.012514660134911537, "lowlevel.spectral_energyband_low.stdev": 0.0077198585495352745, "lowlevel.spectral_energyband_middle_high.mean": 0.003880953649058938, "lowlevel.spectral_energyband_middle_high.stdev": 0.0030283192172646523, "lowlevel.spectral_energyband_middle_low.mean": 0.013649542815983295, "lowlevel.spectral_energyband_middle_low.stdev": 0.010145310312509537, "lowlevel.spectral_entropy.mean": 7.796335220336914, "lowlevel.spectral_entropy.stdev": 0.27345430850982666, "lowlevel.spectral_flux.mean": 0.06993281841278076, "lowlevel.spectral_flux.stdev": 0.04036141186952591, "lowlevel.spectral_kurtosis.mean": 2.1813266277313232, "lowlevel.spectral_kurtosis.stdev": 1.1295033693313599, "lowlevel.spectral_rms.mean": 0.0050031645223498344, "lowlevel.spectral_rms.stdev": 0.0012661010259762406, "lowlevel.spectral_rolloff.mean": 1515.0867919921875, "lowlevel.spectral_rolloff.stdev": 1466.1844482421875, "lowlevel.spectral_skewness.mean": 0.9436277151107788, "lowlevel.spectral_skewness.stdev": 0.24600039422512054, "lowlevel.spectral_spread.mean": 4457204.0, "lowlevel.spectral_spread.stdev": 967701.75, "lowlevel.spectral_strongpeak.mean": 0.6239304542541504, "lowlevel.spectral_strongpeak.stdev": 0.5323487520217896, "lowlevel.zerocrossingrate.mean": 0.06254908442497253, "lowlevel.zerocrossingrate.stdev": 0.028570596128702164, "metadata.audio_properties.analysis.equal_loudness": 0.0, "metadata.audio_properties.analysis.length": 13.35464859008789, "metadata.audio_properties.analysis.sample_rate": 44100.0, "metadata.audio_properties.analysis.start_time": 0.0, "metadata.audio_properties.bit_rate": 123527.0, "metadata.audio_properties.length": 13.354666709899902, "metadata.audio_properties.lossless": 0.0, "metadata.audio_properties.number_channels": 1.0, "metadata.audio_properties.replay_gain": -11.95997428894043, "metadata.audio_properties.sample_rate": 48000.0, "rhythm.beats_count": 29.0, "rhythm.beats_loudness.mean": 0.03378082066774368, "rhythm.beats_loudness.stdev": 0.011771837249398232, "rhythm.bpm": 137.12603759765625, "rhythm.bpm_histogram_first_peak_bpm": 136.0, "rhythm.bpm_histogram_first_peak_weight": 0.3913043141365051, "rhythm.bpm_histogram_second_peak_bpm": 129.0, "rhythm.bpm_histogram_second_peak_spread": 0.40000003576278687, "rhythm.bpm_histogram_second_peak_weight": 0.1071428582072258, "rhythm.danceability": 1.3408883810043335, "rhythm.onset_rate": 2.91595458984375, "tonal.chords_changes_rate": 0.06574394553899765, "tonal.chords_number_rate": 0.013840830884873867, "tonal.chords_strength.mean": 0.45931437611579895, "tonal.chords_strength.stdev": 0.047493528574705124, "tonal.hpcp_crest.mean": 13.628763198852539, "tonal.hpcp_crest.stdev": 7.26345682144165, "tonal.hpcp_entropy.mean": 2.1420509815216064, "tonal.hpcp_entropy.stdev": 0.8352004885673523, "tonal.key_edma.strength": 0.7565327286720276, "tonal.key_krumhansl.strength": 0.7488383054733276, "tonal.key_temperley.strength": 0.7327882647514343, "tonal.tuning_diatonic_strength": 0.5989558696746826, "tonal.tuning_equal_tempered_deviation": 0.09101797640323639, "tonal.tuning_frequency": 441.5275573730469, "tonal.tuning_nontempered_energy_ratio": 0.668838620185852, "lowlevel.barkbands.mean": [8.199275907827541e-05, 0.0031739710830152035, 0.005147598218172789, 0.005271600559353828, 0.0037821100559085608, 0.001888165483251214, 0.0008672138210386038, 0.0010460310149937868, 0.0007097098277881742, 0.0004614408244378865, 0.00041312159737572074, 0.00032128189923241735, 0.0003369337064214051, 0.00030837306985631585, 0.0003173917066305876, 0.0003397480759304017, 0.0004638526006601751, 0.0003229698049835861, 0.00035555774229578674, 0.0005093275685794652, 0.0004044774395879358, 0.00040321683627553284, 0.00019871829135809094, 9.431143553229049e-05, 5.394443360273726e-05, 2.6064330086228438e-05, 1.4426691450353246e-06], "lowlevel.barkbands.stdev": [0.0004937468911521137, 0.0040741064585745335, 0.004816573113203049, 0.0034068848472088575, 0.007223285734653473, 0.0028723019640892744, 0.0015546709764748812, 0.002398564713075757, 0.0013377185678109527, 0.0011394068133085966, 0.000829454162158072, 0.00045872468035668135, 0.00048056396190077066, 0.0004345033667050302, 0.00046232258318923414, 0.0004333489341661334, 0.00041724287439137697, 0.0003585777885746211, 0.0003569608670659363, 0.0004865042574238032, 0.0004794345877598971, 0.00057954405201599, 0.0003173884470015764, 0.00015636392345186323, 9.378074901178479e-05, 4.711713336291723e-05, 5.161484295967966e-06], "lowlevel.erbbands.mean": [0.046834561973810196, 0.9161326289176941, 5.159956932067871, 15.383627891540527, 10.428812026977539, 14.536993980407715, 15.785347938537598, 13.199137687683105, 10.614992141723633, 16.969417572021484, 24.53628158569336, 15.965210914611816, 13.002425193786621, 18.0467472076416, 17.31610679626465, 13.812093734741211, 13.959245681762695, 17.643951416015625, 16.789047241210938, 15.148686408996582, 21.44491958618164, 26.289400100708008, 20.282472610473633, 14.81906509399414, 22.072153091430664, 23.369550704956055, 18.508285522460938, 15.22559642791748, 15.537535667419434, 9.61666488647461, 4.847527503967285, 2.471691608428955, 1.3988388776779175, 0.712928295135498, 0.33054119348526, 0.12801656126976013, 0.04612284526228905, 0.007238793186843395, 0.0001986750721698627, 3.920388189726509e-05], "lowlevel.erbbands.stdev": [0.14798440039157867, 0.8405361175537109, 4.875416278839111, 9.2380952835083, 11.730791091918945, 33.92970275878906, 24.69229507446289, 24.092214584350586, 19.92668914794922, 30.893367767333984, 63.61042404174805, 28.36235237121582, 25.256141662597656, 42.92757797241211, 25.118953704833984, 20.203882217407227, 17.78108787536621, 24.890274047851562, 23.127290725708008, 21.09783172607422, 26.278661727905273, 22.988801956176758, 20.968326568603516, 16.00357437133789, 21.753908157348633, 21.31423568725586, 20.388904571533203, 19.9853458404541, 22.89900016784668, 14.75157642364502, 7.5485968589782715, 3.931192636489868, 2.345287799835205, 1.221457600593567, 0.5906341075897217, 0.22442497313022614, 0.08714136481285095, 0.017869489267468452, 0.0005345558747649193, 2.756682260951493e-05], "lowlevel.gfcc.mean": [14.90344524383545, 87.5686264038086, -117.60343170166016, 63.0001220703125, -54.518985748291016, 15.884498596191406, -31.542837142944336, 2.384267568588257, -29.337369918823242, -3.765110492706299, -23.343528747558594, -3.8769290447235107, -14.31262493133545], "lowlevel.melbands.mean": [0.0006494882400147617, 0.002329934621229768, 0.002286201575770974, 0.0009024623432196677, 0.0005499434773810208, 0.00030768371652811766, 0.0001651875936659053, 0.0001841696648625657, 0.00019374002295080572, 9.523186599835753e-05, 6.510612729471177e-05, 7.324976468225941e-05, 5.9219004469923675e-05, 4.1381408664165065e-05, 2.8653948902501725e-05, 3.485449269646779e-05, 3.1644722184864804e-05, 2.6731919206213206e-05, 2.1430700144264847e-05, 2.086082167807035e-05, 2.563652378739789e-05, 2.6805892048287205e-05, 2.4160339307854883e-05, 1.4091446246311534e-05, 1.1324890692776535e-05, 1.3850958566763438e-05, 1.868118670245167e-05, 1.4596545952372253e-05, 1.2069602234987542e-05, 9.636692084313836e-06, 8.568229532102123e-06, 9.261796549253631e-06, 7.0565156420343556e-06, 4.712865120382048e-06, 2.8725239644700196e-06, 2.062355861198739e-06, 1.2877194421889726e-06, 1.0218888064628118e-06, 7.714278922321682e-07, 5.348271656657744e-07], "lowlevel.melbands.stdev": [0.0012090791715309024, 0.0017631063237786293, 0.001322337076999247, 0.00178993190638721, 0.0008107692701742053, 0.0005231666145846248, 0.00030013229115866125, 0.0003165126545354724, 0.000491327082272619, 0.00017783463408704847, 0.00013161281822249293, 0.00018515063857194036, 0.00010834416752913967, 5.92989417782519e-05, 3.521305552567355e-05, 5.0108556024497375e-05, 4.535769403446466e-05, 3.847551124636084e-05, 3.152260251226835e-05, 2.8718635803670622e-05, 3.251358793932013e-05, 2.4856226445990615e-05, 2.304962617927231e-05, 1.747968781273812e-05, 1.2924028851557523e-05, 1.4646901036030613e-05, 1.860401243902743e-05, 1.3819653759128414e-05, 1.3928301086707506e-05, 1.1488371455925517e-05, 1.2319644156377763e-05, 1.4033937077329028e-05, 1.051015715347603e-05, 7.857831405999605e-06, 4.6074360398051795e-06, 3.3696071568556363e-06, 2.10625807994802e-06, 1.7464452639615047e-06, 1.3321465530680143e-06, 9.445587352274742e-07], "lowlevel.melbands128.mean": [3.870723958243616e-05, 0.00022439449094235897, 0.0007709662895649672, 0.0016982139786705375, 0.0023686131462454796, 0.0025928576942533255, 0.0037503449711948633, 0.0017579306149855256, 0.0007697771652601659, 0.0011337138712406158, 0.0008099993574433029, 0.00045554336975328624, 0.0005728310206905007, 0.0005263026105239987, 0.00032223114976659417, 0.00017923102132044733, 0.0001575169590068981, 0.0001585480204084888, 0.00016807687643449754, 0.00022679100220557302, 0.00014136670506559312, 0.00019588539726100862, 0.00025408065994270146, 0.0001172019328805618, 9.294405026594177e-05, 8.413330215262249e-05, 0.00010575136548141018, 4.2867828597081825e-05, 4.0794609958538786e-05, 0.00010871063568629324, 5.8358698879601434e-05, 5.9965379477944225e-05, 7.084155367920175e-05, 5.214664633967914e-05, 3.756027581403032e-05, 4.5857806981075555e-05, 3.49700239894446e-05, 2.0841540390392765e-05, 3.34658870997373e-05, 2.5915816877386533e-05, 3.055793058592826e-05, 5.8093242842005566e-05, 2.3211268853629008e-05, 2.8034297429258004e-05, 2.5164568796753883e-05, 2.536694228183478e-05, 3.1301529816119e-05, 1.9952025468228385e-05, 1.8201671991846524e-05, 2.012235563597642e-05, 1.9356044504093006e-05, 2.275313454447314e-05, 2.9565559088950977e-05, 2.3841785150580108e-05, 2.3983049686648883e-05, 2.6794130462803878e-05, 2.982377918669954e-05, 2.7957525162491947e-05, 2.1776022549602203e-05, 1.7950231267604977e-05, 1.3494614904629998e-05, 1.0927333278232254e-05, 1.2231809705554042e-05, 1.1069479114667047e-05, 1.0524934623390436e-05, 1.279208663618192e-05, 1.6624182535451837e-05, 1.7837799532571808e-05, 1.9938637706218287e-05, 1.972008976736106e-05, 1.3144842341716867e-05, 1.265904757019598e-05, 1.3944430065748747e-05, 1.1786216418840922e-05, 1.039503695210442e-05, 1.019519186229445e-05, 9.262014827982057e-06, 7.893026122474112e-06, 8.765729944570921e-06, 8.50256037665531e-06, 9.775135367817711e-06, 9.527577276458032e-06, 8.340888598468155e-06, 7.1566087171959225e-06, 5.516776127478806e-06, 5.384922133089276e-06, 4.30399768447387e-06, 3.5924372241424862e-06, 2.764442797342781e-06, 2.3906020487629576e-06, 2.3360789782600477e-06, 2.068138655886287e-06, 1.4511481367662782e-06, 1.247697923645319e-06, 1.1934939720958937e-06, 1.0977828424074687e-06, 9.784474741536542e-07, 9.377453693559801e-07, 7.672613833165087e-07, 7.002976758485602e-07, 6.406834813788009e-07, 4.80561197946372e-07, 4.439601184458297e-07, 4.576435230774223e-07, 4.031894889067189e-07, 3.0222656732803443e-07, 2.458906465108157e-07, 2.2489646767098748e-07, 2.024253547006083e-07, 2.2290588219675556e-07, 1.8865577544602274e-07, 1.598049692574932e-07, 1.409451471090506e-07, 1.2918297898067976e-07, 1.145557533277497e-07, 6.863282919766789e-08, 4.564178723853729e-08, 1.566044360856722e-08, 1.092314239059533e-09, 2.920828579000556e-10, 2.2377015518326715e-10, 4.736938272187352e-11, 9.524999712573479e-12, 8.917480469328165e-12, 7.293195561364207e-12, 4.9297341382648074e-12, 3.718556712550836e-12, 3.530358297365588e-12], "lowlevel.melbands128.stdev": [0.00031770512578077614, 0.001224646344780922, 0.0017623414751142263, 0.001372329774312675, 0.002608727430924773, 0.0021829125471413136, 0.0023520532995462418, 0.0011853527976199985, 0.0010451273992657661, 0.002599624451249838, 0.002250358695164323, 0.0008850301383063197, 0.0011509401956573129, 0.0010132855968549848, 0.0007964977412484586, 0.0004938868805766106, 0.00046335338265635073, 0.00039100629510357976, 0.0003855052636936307, 0.0005100759444758296, 0.00032861295039765537, 0.0005750482669100165, 0.0008237699512392282, 0.00030658632749691606, 0.00025303702568635345, 0.00024382777337450534, 0.00030527333728969097, 9.597931057214737e-05, 8.395159966312349e-05, 0.00036854849895462394, 0.00015902445011306554, 0.0002019350795308128, 0.00016816382412798703, 8.342134242411703e-05, 5.9158610383747146e-05, 9.412076906301081e-05, 7.088291749823838e-05, 2.858983862097375e-05, 6.148408283479512e-05, 3.841944635496475e-05, 5.073042484582402e-05, 0.00012145994696766138, 3.717358777066693e-05, 4.66498349851463e-05, 5.16118852829095e-05, 4.7389534302055836e-05, 5.942343341303058e-05, 4.669652116717771e-05, 3.169077172060497e-05, 5.014378621126525e-05, 3.212982846889645e-05, 4.474322486203164e-05, 4.82257419207599e-05, 3.0556948331650347e-05, 3.430642755120061e-05, 2.997945739480201e-05, 3.422681038500741e-05, 3.3202362828888e-05, 2.5664492568466812e-05, 3.237499186070636e-05, 2.0159064661129378e-05, 1.706472539808601e-05, 1.6037603927543387e-05, 1.3707391190109774e-05, 1.3589184163720347e-05, 1.628244535822887e-05, 2.0222447346895933e-05, 2.1433330402942374e-05, 2.35520437854575e-05, 2.3374628653982654e-05, 1.4892172657710034e-05, 1.4344162082124967e-05, 1.9488925318000838e-05, 1.5226479263219517e-05, 1.3098369890940376e-05, 1.319966213486623e-05, 1.2829087609134149e-05, 1.1566613466129638e-05, 1.544673250464257e-05, 1.2282694115128834e-05, 1.560039891046472e-05, 1.709215939627029e-05, 1.3617459444503766e-05, 1.1514563084347174e-05, 8.926054761104751e-06, 1.0258772817905992e-05, 7.765020200167783e-06, 6.248294084798545e-06, 4.701830221165437e-06, 3.963247763749678e-06, 3.8933158066356555e-06, 4.040308795083547e-06, 2.501971948731807e-06, 2.052654735962278e-06, 2.3353456981567433e-06, 1.9536478248483036e-06, 1.756281790221692e-06, 1.790146029634343e-06, 1.4303890338851488e-06, 1.336941863883112e-06, 1.1811886224677437e-06, 9.349578817818838e-07, 8.739508530197782e-07, 9.919284593706834e-07, 7.678315228076826e-07, 6.004221972943924e-07, 5.325446750248375e-07, 4.596582243721059e-07, 3.9600763557245955e-07, 4.663026231810363e-07, 3.653485123322753e-07, 3.2643092140460794e-07, 2.9866507134101994e-07, 3.222926920898317e-07, 3.3753599382180255e-07, 1.7800391560740536e-07, 1.443432466885497e-07, 9.103140996558068e-08, 1.0368614411504495e-08, 5.72750114002929e-09, 4.819838750336203e-09, 8.981912991146146e-10, 7.854756428615772e-11, 7.260132078856785e-11, 5.162155425342263e-11, 1.9779020435373162e-11, 5.586023397313733e-12, 5.068166372690364e-12], "lowlevel.mfcc.mean": [-620.0880126953125, 103.04053497314453, 2.3375377655029297, 46.02716827392578, 3.345698118209839, 17.990556716918945, 4.632715702056885, 7.3981547355651855, 1.6081106662750244, -2.3538811206817627, -5.1549201011657715, -0.7291501760482788, -1.6717087030410767], "lowlevel.spectral_contrast_coeffs.mean": [-0.6558796167373657, -0.761786937713623, -0.8036707043647766, -0.8070016503334045, -0.8074010610580444, -0.7034665942192078], "lowlevel.spectral_contrast_coeffs.stdev": [0.06154805049300194, 0.08683452010154724, 0.05603817105293274, 0.04373139888048172, 0.028413552790880203, 0.03473971411585808], "lowlevel.spectral_contrast_valleys.mean": [-6.477834701538086, -7.035165309906006, -7.248322010040283, -7.394302845001221, -6.9150919914245605, -10.174185752868652], "lowlevel.spectral_contrast_valleys.stdev": [0.5858820080757141, 0.723333477973938, 0.5891063213348389, 0.5826601386070251, 0.6238299608230591, 0.8824129104614258], "rhythm.beats_loudness_band_ratio.mean": [0.4623890221118927, 0.25619325041770935, 0.09426063299179077, 0.07343003153800964, 0.07895733416080475, 0.08262017369270325], "rhythm.beats_loudness_band_ratio.stdev": [0.16447988152503967, 0.1335994452238083, 0.08086086809635162, 0.07194771617650986, 0.037865087389945984, 0.052286505699157715], "tonal.hpcp.mean": [0.2007075548171997, 0.10075641423463821, 0.06283265352249146, 0.04789281263947487, 0.04136427119374275, 0.05382217839360237, 0.052827298641204834, 0.03819958493113518, 0.0753776952624321, 0.0838577151298523, 0.034866813570261, 0.024631187319755554, 0.03007902018725872, 0.041810043156147, 0.3714558184146881, 0.782039999961853, 0.4566445052623749, 0.02974488027393818, 0.020666584372520447, 0.02983669377863407, 0.0788380578160286, 0.1002792939543724, 0.0640483945608139, 0.03780362755060196, 0.026948370039463043, 0.02360522374510765, 0.04259791225194931, 0.04606054723262787, 0.033439163118600845, 0.22660985589027405, 0.2935512661933899, 0.10766126960515976, 0.04232339560985565, 0.031447406858205795, 0.039027851074934006, 0.16153749823570251], "tonal.hpcp.stdev": [0.27351418137550354, 0.17688551545143127, 0.2009306102991104, 0.1595582515001297, 0.14290718734264374, 0.12565335631370544, 0.11230859905481339, 0.08612729609012604, 0.18947650492191315, 0.22203977406024933, 0.08592748641967773, 0.07033947110176086, 0.08661244809627533, 0.11057092994451523, 0.23841476440429688, 0.3666846752166748, 0.263342022895813, 0.07488406449556351, 0.03873465210199356, 0.0710788145661354, 0.15276876091957092, 0.17483767867088318, 0.15741856396198273, 0.12510523200035095, 0.06859231740236282, 0.07729652523994446, 0.09410734474658966, 0.10260343551635742, 0.10132981836795807, 0.27737516164779663, 0.354343444108963, 0.15919655561447144, 0.1347096711397171, 0.10163474828004837, 0.10622988641262054, 0.2428569495677948], "rhythm.beats_position": [0.42956915497779846, 0.8823582530021667, 1.3467572927474976, 1.8111563920974731, 2.2755556106567383, 2.7515645027160645, 3.2275736331939697, 3.668752670288086, 4.098321914672852, 4.527891159057617, 4.9690704345703125, 5.41024923324585, 5.851428508758545, 6.29260778427124, 6.733786582946777, 7.163355827331543, 7.604535102844238, 8.045714378356934, 8.4752836227417, 8.916461944580078, 9.357641220092773, 9.787210464477539, 10.216779708862305, 10.657958984375, 11.087528228759766, 11.517097473144531, 11.958276748657227, 12.399456024169922, 12.8406343460083], "rhythm.bpm_histogram": [0.0, 0.0, 0.0, 0.0, 0.0, 0.0, 0.0, 0.0, 0.0, 0.0, 0.0, 0.0, 0.0, 0.0, 0.0, 0.0, 0.0, 0.0, 0.0, 0.0, 0.0, 0.0, 0.0, 0.0, 0.0, 0.0, 0.0, 0.0, 0.0, 0.0, 0.0, 0.0, 0.0, 0.0, 0.0, 0.0, 0.0, 0.0, 0.0, 0.0, 0.0, 0.0, 0.0, 0.0, 0.0, 0.0, 0.0, 0.0, 0.0, 0.0, 0.0, 0.0, 0.0, 0.0, 0.0, 0.0, 0.0, 0.0, 0.0, 0.0, 0.0, 0.0, 0.0, 0.0, 0.0, 0.0, 0.0, 0.0, 0.0, 0.0, 0.0, 0.0, 0.0, 0.0, 0.0, 0.0, 0.0, 0.0, 0.0, 0.0, 0.0, 0.0, 0.0, 0.0, 0.0, 0.0, 0.0, 0.0, 0.0, 0.0, 0.0, 0.0, 0.0, 0.0, 0.0, 0.0, 0.0, 0.0, 0.0, 0.0, 0.0, 0.0, 0.0, 0.0, 0.0, 0.0, 0.0, 0.0, 0.0, 0.0, 0.0, 0.0, 0.0, 0.0, 0.0, 0.0, 0.0, 0.0, 0.0, 0.0, 0.0, 0.0, 0.0, 0.0, 0.0, 0.0, 0.0714285746216774, 0.0, 0.0, 0.1071428582072258, 0.0, 0.0, 0.0, 0.0357142873108387, 0.0, 0.0, 0.5, 0.0, 0.0, 0.0, 0.2857142984867096, 0.0, 0.0, 0.0, 0.0, 0.0, 0.0, 0.0, 0.0, 0.0, 0.0, 0.0, 0.0, 0.0, 0.0, 0.0, 0.0, 0.0, 0.0, 0.0, 0.0, 0.0, 0.0, 0.0, 0.0, 0.0, 0.0, 0.0, 0.0, 0.0, 0.0, 0.0, 0.0, 0.0, 0.0, 0.0, 0.0, 0.0, 0.0, 0.0, 0.0, 0.0, 0.0, 0.0, 0.0, 0.0, 0.0, 0.0, 0.0, 0.0, 0.0, 0.0, 0.0, 0.0, 0.0, 0.0, 0.0, 0.0, 0.0, 0.0, 0.0, 0.0, 0.0, 0.0, 0.0, 0.0, 0.0, 0.0, 0.0, 0.0, 0.0, 0.0, 0.0, 0.0, 0.0, 0.0, 0.0, 0.0, 0.0, 0.0, 0.0, 0.0, 0.0, 0.0, 0.0, 0.0, 0.0, 0.0, 0.0, 0.0, 0.0, 0.0, 0.0, 0.0, 0.0, 0.0, 0.0, 0.0, 0.0, 0.0, 0.0, 0.0, 0.0, 0.0, 0.0, 0.0, 0.0, 0.0, 0.0, 0.0], "tonal.chords_histogram": [5.536332130432129, 0.0, 17.647058486938477, 0.0, 0.0, 0.0, 0.0, 57.785465240478516, 0.0, 19.03114128112793, 0.0, 0.0, 0.0, 0.0, 0.0, 0.0, 0.0, 0.0, 0.0, 0.0, 0.0, 0.0, 0.0, 0.0], "tonal.thpcp": [1.0, 0.5839145183563232, 0.038034986704587936, 0.02642650529742241, 0.038152389228343964, 0.10081077367067337, 0.1282278299331665, 0.08189912885427475, 0.048339761793613434, 0.03445906937122345, 0.03018416464328766, 0.0544702485203743, 0.058897942304611206, 0.04275888949632645, 0.2897675931453705, 0.37536606192588806, 0.1376672089099884, 0.05411922186613083, 0.04021201655268669, 0.04990518465638161, 0.20655912160873413, 0.25664615631103516, 0.1288379281759262, 0.0803445503115654, 0.061240874230861664, 0.0528927817940712, 0.06882279366254807, 0.06755063682794571, 0.04884607717394829, 0.09638598561286926, 0.10722944140434265, 0.04458443820476532, 0.0314960703253746, 0.03846225142478943, 0.05346279218792915, 0.4749831557273865], "lowlevel.gfcc.cov": [[3861.49658203125, -476.9031677246094, 10.650647163391113, -108.09941101074219, -290.8221435546875, -139.64906311035156, -209.65472412109375, 35.300872802734375, -94.57322692871094, 174.78012084960938, -92.14916229248047, 60.94981002807617, -206.7839813232422], [-476.9031677246094, 913.7578125, -264.5871887207031, -86.24514770507812, 66.81808471679688, -204.30572509765625, 101.02919006347656, 7.6968560218811035, 131.75888061523438, -79.93600463867188, 135.53981018066406, -122.96147918701172, 104.19283294677734], [10.650647163391113, -264.5871887207031, 295.9677429199219, 79.5675277709961, 31.975053787231445, 34.33896255493164, -66.75019073486328, -23.16066551208496, -57.68308639526367, 31.459083557128906, -35.36383819580078, 88.60933685302734, -3.875951051712036], [-108.09941101074219, -86.24514770507812, 79.5675277709961, 251.0572967529297, 78.7302474975586, 83.63643646240234, -34.011924743652344, -50.773162841796875, -7.289910316467285, -26.36606788635254, 2.322798252105713, 17.916479110717773, 55.36933898925781], [-290.8221435546875, 66.81808471679688, 31.975053787231445, 78.7302474975586, 181.87237548828125, 36.58373260498047, 25.851882934570312, -21.406278610229492, -0.005396200343966484, -31.744245529174805, -18.76860237121582, -6.468998432159424, 21.480329513549805], [-139.64906311035156, -204.30572509765625, 34.33896255493164, 83.63643646240234, 36.58373260498047, 295.2702331542969, 124.68987274169922, -19.816362380981445, -58.46060562133789, -60.34812927246094, -62.78584671020508, -26.998106002807617, -20.48160743713379], [-209.65472412109375, 101.02919006347656, -66.75019073486328, -34.011924743652344, 25.851882934570312, 124.68987274169922, 214.38868713378906, 30.872169494628906, -12.411458015441895, -77.81583404541016, -28.495765686035156, -63.27797317504883, -32.07619094848633], [35.300872802734375, 7.6968560218811035, -23.16066551208496, -50.773162841796875, -21.406278610229492, -19.816362380981445, 30.872169494628906, 77.1851806640625, 17.395160675048828, 6.166365146636963, -3.491055488586426, -20.16750144958496, -27.306901931762695], [-94.57322692871094, 131.75888061523438, -57.68308639526367, -7.289910316467285, -0.005396200343966484, -58.46060562133789, -12.411458015441895, 17.395160675048828, 93.5833511352539, 28.6932373046875, 29.64597511291504, -28.93627166748047, 8.400217056274414], [174.78012084960938, -79.93600463867188, 31.459083557128906, -26.36606788635254, -31.744245529174805, -60.34812927246094, -77.81583404541016, 6.166365146636963, 28.6932373046875, 104.43671417236328, 19.401241302490234, 24.647111892700195, -24.031858444213867], [-92.14916229248047, 135.53981018066406, -35.36383819580078, 2.322798252105713, -18.76860237121582, -62.78584671020508, -28.495765686035156, -3.491055488586426, 29.64597511291504, 19.401241302490234, 82.15828704833984, 10.468944549560547, 29.30979347229004], [60.94981002807617, -122.96147918701172, 88.60933685302734, 17.916479110717773, -6.468998432159424, -26.998106002807617, -63.27797317504883, -20.16750144958496, -28.93627166748047, 24.647111892700195, 10.468944549560547, 102.49588012695312, 21.82280158996582], [-206.7839813232422, 104.19283294677734, -3.875951051712036, 55.36933898925781, 21.480329513549805, -20.48160743713379, -32.07619094848633, -27.306901931762695, 8.400217056274414, -24.031858444213867, 29.30979347229004, 21.82280158996582, 90.8444595336914]], "lowlevel.gfcc.icov": [[0.00044301911839284003, -0.0004492872394621372, 0.0003816484531853348, -0.0006066847709007561, 0.0007836401928216219, -4.797866495209746e-06, 0.0005933770444244146, -0.00024218103499151766, 0.0008683741325512528, -0.0006528263911604881, 0.0012273038737475872, -0.0006750713218934834, 0.0013733194209635258], [-0.0004492872394621372, 0.007199473679065704, -0.00014564438606612384, 0.0033566581550985575, -0.00370562425814569, 0.004981109406799078, -0.005139223765581846, 0.00341613357886672, -0.004122438840568066, 0.004217761103063822, -0.008989659138023853, 0.007355806417763233, -0.007490299176424742], [0.0003816484531853348, -0.00014564438606612384, 0.006687536835670471, -0.002297044498845935, -0.0002637084398884326, -2.8596007268788526e-06, 0.0009083322947844863, -0.0009576184675097466, 0.0029309506062418222, -0.002537093125283718, 0.0032711788080632687, -0.004739865195006132, 0.001956755295395851], [-0.0006066847709007561, 0.0033566581550985575, -0.002297044498845935, 0.009604725055396557, -0.004332960583269596, -0.0012519019655883312, 0.0002939227852039039, 0.0031285237055271864, -0.0045447396114468575, 0.004592693876475096, -0.006846594624221325, 0.004618608858436346, -0.0066617513075470924], [0.0007836401928216219, -0.00370562425814569, -0.0002637084398884326, -0.004332960583269596, 0.009881902486085892, -0.0012051580706611276, 0.0012380443513393402, -0.00035021896474063396, 0.0016981962835416198, -0.0019868575036525726, 0.0075993784703314304, -0.003621210576966405, 0.004122525919228792], [-4.797866495209746e-06, 0.004981109406799078, -2.8596007268788526e-06, -0.0012519019655883312, -0.0012051580706611276, 0.011234434321522713, -0.008356697857379913, 0.00427530100569129, 0.0005629148799926043, 0.0010788518702611327, -0.002282459754496813, 0.00579872727394104, -0.0042319511994719505], [0.0005933770444244146, -0.005139223765581846, 0.0009083322947844863, 0.0002939227852039039, 0.0012380443513393402, -0.008356697857379913, 0.01622188836336136, -0.005724687594920397, 0.0016424787463620305, 0.004705143626779318, 0.004159233532845974, -0.003721675369888544, 0.009579731151461601], [-0.00024218103499151766, 0.00341613357886672, -0.0009576184675097466, 0.0031285237055271864, -0.00035021896474063396, 0.00427530100569129, -0.005724687594920397, 0.019662365317344666, -0.005267614033073187, 0.001941246329806745, -0.0033254113513976336, 0.004449075553566217, -0.00047658474068157375], [0.0008683741325512528, -0.004122438840568066, 0.0029309506062418222, -0.0045447396114468575, 0.0016981962835416198, 0.0005629148799926043, 0.0016424787463620305, -0.005267614033073187, 0.022862013429403305, -0.011257615871727467, 0.0039838929660618305, 0.0014461162500083447, 0.0015969605883583426], [-0.0006528263911604881, 0.004217761103063822, -0.002537093125283718, 0.004592693876475096, -0.0019868575036525726, 0.0010788518702611327, 0.004705143626779318, 0.001941246329806745, -0.011257615871727467, 0.024994006380438805, -0.010408109053969383, 0.0012120825704187155, 0.004446635488420725], [0.0012273038737475872, -0.008989659138023853, 0.0032711788080632687, -0.006846594624221325, 0.0075993784703314304, -0.002282459754496813, 0.004159233532845974, -0.0033254113513976336, 0.0039838929660618305, -0.010408109053969383, 0.03204290568828583, -0.012066410854458809, 0.005012914072722197], [-0.0006750713218934834, 0.007355806417763233, -0.004739865195006132, 0.004618608858436346, -0.003621210576966405, 0.00579872727394104, -0.003721675369888544, 0.004449075553566217, 0.0014461162500083447, 0.0012120825704187155, -0.012066410854458809, 0.026274114847183228, -0.013035264797508717], [0.0013733194209635258, -0.007490299176424742, 0.001956755295395851, -0.0066617513075470924, 0.004122525919228792, -0.0042319511994719505, 0.009579731151461601, -0.00047658474068157375, 0.0015969605883583426, 0.004446635488420725, 0.005012914072722197, -0.013035264797508717, 0.030721504241228104]], "lowlevel.mfcc.cov": [[3131.3525390625, -368.0741882324219, 1.1242423057556152, -103.15145111083984, -160.6358184814453, -142.883544921875, -179.4435272216797, -157.7356719970703, -133.44705200195312, 30.383249282836914, 89.39067077636719, -20.998001098632812, -41.761539459228516], [-368.0741882324219, 800.44287109375, -241.8668670654297, 51.48487091064453, -69.25135040283203, -185.3750762939453, -26.55713653564453, -30.633583068847656, 10.34768295288086, 45.78791046142578, 8.347630500793457, 24.079017639160156, 43.83345031738281], [1.1242423057556152, -241.8668670654297, 231.93788146972656, 11.952384948730469, 37.7919807434082, 53.37553787231445, -1.7944196462631226, -5.285248756408691, -15.19961166381836, -50.29539489746094, -30.54177474975586, 5.907759666442871, 10.568039894104004], [-103.15145111083984, 51.48487091064453, 11.952384948730469, 187.8528289794922, 103.43286895751953, -17.889629364013672, -43.92679214477539, -35.46324157714844, -9.181133270263672, -28.501394271850586, -56.799522399902344, 6.441424369812012, 55.66300964355469], [-160.6358184814453, -69.25135040283203, 37.7919807434082, 103.43286895751953, 184.34951782226562, 50.14720153808594, -26.10439682006836, -32.8319206237793, 0.6138927936553955, -30.33965301513672, -54.82418441772461, -6.231600284576416, 18.414257049560547], [-142.883544921875, -185.3750762939453, 53.37553787231445, -17.889629364013672, 50.14720153808594, 237.7429962158203, 104.65640258789062, 79.07129669189453, 38.42267990112305, -12.878316879272461, -14.043682098388672, -22.827674865722656, -55.34031677246094], [-179.4435272216797, -26.55713653564453, -1.7944196462631226, -43.92679214477539, -26.10439682006836, 104.65640258789062, 158.0579833984375, 108.65379333496094, 35.05176544189453, 8.953346252441406, 3.9063000679016113, -24.06604766845703, -45.7127799987793], [-157.7356719970703, -30.633583068847656, -5.285248756408691, -35.46324157714844, -32.8319206237793, 79.07129669189453, 108.65379333496094, 139.83786010742188, 48.28911209106445, 4.3943657875061035, -2.048017740249634, -15.718207359313965, -32.62420654296875], [-133.44705200195312, 10.34768295288086, -15.19961166381836, -9.181133270263672, 0.6138927936553955, 38.42267990112305, 35.05176544189453, 48.28911209106445, 70.82301330566406, 27.95846939086914, -2.6145007610321045, -7.640552997589111, -19.24738883972168], [30.383249282836914, 45.78791046142578, -50.29539489746094, -28.501394271850586, -30.33965301513672, -12.878316879272461, 8.953346252441406, 4.3943657875061035, 27.95846939086914, 82.84308624267578, 48.5440559387207, 5.431240081787109, -21.41915512084961], [89.39067077636719, 8.347630500793457, -30.54177474975586, -56.799522399902344, -54.82418441772461, -14.043682098388672, 3.9063000679016113, -2.048017740249634, -2.6145007610321045, 48.5440559387207, 84.03089141845703, 21.578041076660156, -19.537372589111328], [-20.998001098632812, 24.079017639160156, 5.907759666442871, 6.441424369812012, -6.231600284576416, -22.827674865722656, -24.06604766845703, -15.718207359313965, -7.640552997589111, 5.431240081787109, 21.578041076660156, 54.22040939331055, 27.113567352294922], [-41.761539459228516, 43.83345031738281, 10.568039894104004, 55.66300964355469, 18.414257049560547, -55.34031677246094, -45.7127799987793, -32.62420654296875, -19.24738883972168, -21.41915512084961, -19.537372589111328, 27.113567352294922, 79.72328186035156]], "lowlevel.mfcc.icov": [[0.0004682843864429742, 0.0003749772731680423, 0.0002468247839715332, -0.00015713497123215348, 0.0005885033751837909, 0.0001099535365938209, 0.0004737571580335498, 0.00018767536676023155, 0.0006849695928394794, -0.0002768506819847971, 3.2394887966802344e-05, 0.00029472450842149556, 0.0004036619502585381], [0.0003749772731680423, 0.0027532060630619526, 0.0024690076243132353, -0.001046838122420013, 0.0013088890118524432, 0.0016387857031077147, -0.001056893728673458, 0.0011729155667126179, -0.000430719752330333, -9.51472538872622e-05, 0.0011560464045032859, -0.0012009097263216972, 0.00035766378277912736], [0.0002468247839715332, 0.0024690076243132353, 0.007638430688530207, -0.0003268589498475194, 0.0007891838904470205, 2.5999819627031684e-05, -0.0008009275188669562, 0.0015247504925355315, -0.0001772083342075348, 0.002506464021280408, 0.001841366058215499, -0.0025903997011482716, -4.920638821204193e-05], [-0.00015713497123215348, -0.001046838122420013, -0.0003268589498475194, 0.010890224017202854, -0.005137935280799866, -0.0002524224983062595, 0.0008040365646593273, -0.0007605325081385672, 0.0009033886599354446, -0.0016988712595775723, 0.0038954606279730797, -8.709848771104589e-05, -0.005159732885658741], [0.0005885033751837909, 0.0013088890118524432, 0.0007891838904470205, -0.005137935280799866, 0.011641208082437515, -0.0027467100881040096, 0.0010973039316013455, 0.0036816089414060116, -0.0006054224795661867, -0.00036428633029572666, 0.0038670117501169443, -0.0004079639620613307, 0.0014539790572598577], [0.0001099535365938209, 0.0016387857031077147, 2.5999819627031684e-05, -0.0002524224983062595, -0.0027467100881040096, 0.009737594984471798, -0.0049900696612894535, -0.00020008388673886657, -0.0027127391658723354, 0.002420778153464198, -0.0004258756816852838, -0.0017326425295323133, 0.004260389134287834], [0.0004737571580335498, -0.001056893728673458, -0.0008009275188669562, 0.0008040365646593273, 0.0010973039316013455, -0.0049900696612894535, 0.018437199294567108, -0.01133135985583067, 0.004089092370122671, -0.002560084220021963, -0.00043093334534205496, 0.003831279929727316, 0.0014822864904999733], [0.00018767536676023155, 0.0011729155667126179, 0.0015247504925355315, -0.0007605325081385672, 0.0036816089414060116, -0.00020008388673886657, -0.01133135985583067, 0.020312052220106125, -0.0095679285004735, 0.004358106758445501, 0.000706670165527612, -0.0014618263812735677, 0.0001390501274727285], [0.0006849695928394794, -0.000430719752330333, -0.0001772083342075348, 0.0009033886599354446, -0.0006054224795661867, -0.0027127391658723354, 0.004089092370122671, -0.0095679285004735, 0.027795638889074326, -0.014026819728314877, 0.00814532209187746, -0.0006361381965689361, 0.0018289765575900674], [-0.0002768506819847971, -9.51472538872622e-05, 0.002506464021280408, -0.0016988712595775723, -0.00036428633029572666, 0.002420778153464198, -0.002560084220021963, 0.004358106758445501, -0.014026819728314877, 0.028121238574385643, -0.015875155106186867, 0.001123567926697433, 0.0027374872006475925], [3.2394887966802344e-05, 0.0011560464045032859, 0.001841366058215499, 0.0038954606279730797, 0.0038670117501169443, -0.0004258756816852838, -0.00043093334534205496, 0.000706670165527612, 0.00814532209187746, -0.015875155106186867, 0.03162435069680214, -0.013367514126002789, 0.005268314853310585], [0.00029472450842149556, -0.0012009097263216972, -0.0025903997011482716, -8.709848771104589e-05, -0.0004079639620613307, -0.0017326425295323133, 0.003831279929727316, -0.0014618263812735677, -0.0006361381965689361, 0.001123567926697433, -0.013367514126002789, 0.030979394912719727, -0.011954594403505325], [0.0004036619502585381, 0.00035766378277912736, -4.920638821204193e-05, -0.005159732885658741, 0.0014539790572598577, 0.004260389134287834, 0.0014822864904999733, 0.0001390501274727285, 0.0018289765575900674, 0.0027374872006475925, 0.005268314853310585, -0.011954594403505325, 0.02622944861650467]], "metadata.audio_properties.analysis.downmix": "mix", "metadata.audio_properties.codec": "mp3", "metadata.audio_properties.md5_encoded": "87a578bfdde88147cc743ef508381b01", "metadata.tags.file_name": "1183654121484603392.mp3", "metadata.version.essentia": "2.1-beta6-dev", "metadata.version.essentia_git_sha": "v2.1_beta5-1110-g77a6a954", "metadata.version.extractor": "music 2.0", "tonal.chords_key": "G", "tonal.chords_scale": "major", "tonal.key_edma.key": "G", "tonal.key_edma.scale": "minor", "tonal.key_krumhansl.key": "G", "tonal.key_krumhansl.scale": "minor", "tonal.key_temperley.key": "G", "tonal.key_temperley.scale": "minor", "metadata.tags.encoding": ["Lavf58.45.100"]}, "essentia_models": [{"model_name": "genre_dortmund", "activations": {"alternative": "0.02961891", "blues": "0.0070233014", "electronic": "0.0002653972", "folkcountry": "0.023305917", "funksoulrnb": "0.00043142313", "jazz": "0.0016066497", "pop": "0.007166843", "raphiphop": "0.00019266778", "rock": "0.8710009"}}, {"model_name": "genre_rosamerica", "activations": {"classic": "0.00063868426", "dance": "6.717267e-05", "hip hop": "0.0011528339", "jazz": "0.00051163125", "pop": "0.03263544", "rhythm and blues": "0.0013178005", "rock": "0.9738207", "speech": "0.00030293228"}}, {"model_name": "genre_tzanetakis", "activations": {"blues": "0.0019891558", "classic": "5.494624e-07", "country": "0.014426873", "disco": "9.290732e-05", "hip hop": "0.00062159746", "ja