{"song_id": "1183719358204235846", "download": "https://cdn.discordapp.com/attachments/1135911532732108921/1183719358204235846/chirp.mp4?ex=65895b8f&amp", "lyrics": "(Verse) \n\u0e09\u0e31\u0e19\u0e40\u0e1b\u0e47\u0e19\u0e41\u0e1a\u0e1a\u0e19\u0e35\u0e49 \u0e08\u0e30\u0e43\u0e2b\u0e49\u0e09\u0e31\u0e19\u0e40\u0e1b\u0e47\u0e19\u0e41\u0e1a\u0e1a\u0e44\u0e2b\u0e19\n\u0e40\u0e1b\u0e25\u0e35\u0e48\u0e22\u0e19\u0e15\u0e31\u0e27\u0e40\u0e2d\u0e07\u0e40\u0e1e\u0e37\u0e48\u0e2d\u0e40\u0e18\u0e2d\u0e2d\u0e35\u0e01\u0e40\u0e17\u0e48\u0e32\u0e44\u0e2b\u0e23\u0e48 \u0e08\u0e30\u0e22\u0e31\u0e07\u0e44\u0e07\u0e01\u0e47\u0e40\u0e1b\u0e47\u0e19\u0e09\u0e31\u0e19\u0e17\u0e35\u0e48\u0e44\u0e21\u0e48\u0e14\u0e35\n\u0e40\u0e18\u0e2d\u0e08\u0e30\u0e17\u0e34\u0e49\u0e07\u0e01\u0e47\u0e22\u0e2d\u0e21\u0e43\u0e2b\u0e49\u0e40\u0e18\u0e2d\u0e17\u0e34\u0e49\u0e07 \u0e17\u0e35\u0e48\u0e08\u0e23\u0e34\u0e07\u0e22\u0e31\u0e07\u0e44\u0e21\u0e48\u0e2d\u0e22\u0e32\u0e01\u0e43\u0e2b\u0e49\u0e40\u0e18\u0e2d\u0e44\u0e1b \u0e15\u0e48\u0e2d\u0e43\u0e2b\u0e49\u0e44\u0e21\u0e48\u0e40\u0e04\u0e22\u0e17\u0e33\u0e40\u0e25\u0e27\u0e01\u0e31\u0e1a\u0e43\u0e04\u0e23\n\u0e2a\u0e34\u0e48\u0e07\u0e17\u0e35\u0e48\u0e40\u0e18\u0e2d\u0e44\u0e14\u0e49\u0e1e\u0e39\u0e14\u0e44\u0e1b\u0e09\u0e31\u0e19\u0e44\u0e21\u0e48\u0e14\u0e35\n\n(Chorus) \n\u0e21\u0e31\u0e19\u0e1c\u0e34\u0e14\u0e40\u0e2d\u0e07\u0e17\u0e35\u0e48\u0e09\u0e31\u0e19\u0e23\u0e31\u0e01\u0e40\u0e18\u0e2d\u0e21\u0e32\u0e01\u0e44\u0e1b \u0e44\u0e21\u0e48\u0e40\u0e04\u0e22\u0e41\u0e01\u0e49\u0e15\u0e31\u0e27\u0e2d\u0e30\u0e44\u0e23\u0e40\u0e25\u0e22\u0e2a\u0e31\u0e01\u0e17\u0e35 \u0e16\u0e36\u0e07\u0e15\u0e49\u0e2d\u0e07\u0e40\u0e08\u0e47\u0e1a\u0e41\u0e1a\u0e1a\u0e19\u0e35\u0e49 \u0e16\u0e39\u0e01\u0e43\u0e04\u0e23\u0e21\u0e2d\u0e07\u0e44\u0e21\u0e48\u0e21\u0e35\u0e44\u0e21\u0e48\u0e27\u0e48\u0e32\u0e40\u0e23\u0e37\u0e48\u0e2d\u0e07\u0e2d\u0e30\u0e44\u0e23 \u0e40\u0e23\u0e37\u0e48\u0e2d\u0e07\u0e23\u0e32\u0e27\u0e17\u0e35\u0e48\u0e08\u0e1a\u0e41\u0e25\u0e49\u0e27 \u0e01\u0e47\u0e43\u0e2b\u0e49\u0e21\u0e31\u0e19\u0e41\u0e25\u0e49\u0e27\u0e44\u0e1b \u0e40\u0e18\u0e2d\u0e08\u0e30\u0e21\u0e35\u0e43\u0e04\u0e23\u0e01\u0e47\u0e0a\u0e48\u0e32\u0e07\u0e40\u0e18\u0e2d \u0e2d\u0e22\u0e48\u0e32\u0e1e\u0e39\u0e14\u0e2d\u0e30\u0e44\u0e23 \u0e17\u0e35\u0e48\u0e44\u0e21\u0e48\u0e43\u0e0a\u0e48\u0e04\u0e27\u0e32\u0e21\u0e08\u0e23\u0e34\u0e07\u0e2d\u0e35\u0e01\u0e40\u0e25\u0e22", "style": ["pop"], "essentia_features": {"lowlevel.average_loudness": 0.9796816110610962, "lowlevel.barkbands_crest.mean": 15.867527961730957, "lowlevel.barkbands_crest.stdev": 5.0134782791137695, "lowlevel.barkbands_flatness_db.mean": 0.2286498099565506, "lowlevel.barkbands_flatness_db.stdev": 0.07698691636323929, "lowlevel.barkbands_kurtosis.mean": 26.1455078125, "lowlevel.barkbands_kurtosis.stdev": 39.193397521972656, "lowlevel.barkbands_skewness.mean": 3.830033302307129, "lowlevel.barkbands_skewness.stdev": 2.993194580078125, "lowlevel.barkbands_spread.mean": 18.926782608032227, "lowlevel.barkbands_spread.stdev": 17.375534057617188, "lowlevel.dissonance.mean": 0.48409366607666016, "lowlevel.dissonance.stdev": 0.016868017613887787, "lowlevel.dynamic_complexity": 2.7000820636749268, "lowlevel.erbbands_crest.mean": 9.742962837219238, "lowlevel.erbbands_crest.stdev": 3.640090227127075, "lowlevel.erbbands_flatness_db.mean": 0.1682676374912262, "lowlevel.erbbands_flatness_db.stdev": 0.030846932902932167, "lowlevel.erbbands_kurtosis.mean": 0.37417519092559814, "lowlevel.erbbands_kurtosis.stdev": 2.390620470046997, "lowlevel.erbbands_skewness.mean": -0.5343462228775024, "lowlevel.erbbands_skewness.stdev": 0.8617120981216431, "lowlevel.erbbands_spread.mean": 59.43521499633789, "lowlevel.erbbands_spread.stdev": 24.930150985717773, "lowlevel.hfc.mean": 13.971953392028809, "lowlevel.hfc.stdev": 13.409624099731445, "lowlevel.loudness_ebu128.integrated": -14.625724792480469, "lowlevel.loudness_ebu128.loudness_range": 0.6953449249267578, "lowlevel.loudness_ebu128.momentary.mean": -14.731987953186035, "lowlevel.loudness_ebu128.momentary.stdev": 0.987488329410553, "lowlevel.loudness_ebu128.short_term.mean": -14.590461730957031, "lowlevel.loudness_ebu128.short_term.stdev": 0.2475019097328186, "lowlevel.melbands_crest.mean": 21.11457061767578, "lowlevel.melbands_crest.stdev": 6.066218376159668, "lowlevel.melbands_flatness_db.mean": 0.2926676869392395, "lowlevel.melbands_flatness_db.stdev": 0.10473763942718506, "lowlevel.melbands_kurtosis.mean": 80.03174591064453, "lowlevel.melbands_kurtosis.stdev": 83.87095642089844, "lowlevel.melbands_skewness.mean": 6.846461772918701, "lowlevel.melbands_skewness.stdev": 3.7838778495788574, "lowlevel.melbands_spread.mean": 18.763681411743164, "lowlevel.melbands_spread.stdev": 28.97959327697754, "lowlevel.pitch_salience.mean": 0.37607941031455994, "lowlevel.pitch_salience.stdev": 0.16010400652885437, "lowlevel.silence_rate_20dB.mean": 1.0, "lowlevel.silence_rate_20dB.stdev": 0.0, "lowlevel.silence_rate_30dB.mean": 0.8718146681785583, "lowlevel.silence_rate_30dB.stdev": 0.3342973291873932, "lowlevel.silence_rate_60dB.mean": 0.05096524953842163, "lowlevel.silence_rate_60dB.stdev": 0.21992743015289307, "lowlevel.spectral_centroid.mean": 1420.3348388671875, "lowlevel.spectral_centroid.stdev": 910.9136962890625, "lowlevel.spectral_complexity.mean": 10.153668403625488, "lowlevel.spectral_complexity.stdev": 6.762737274169922, "lowlevel.spectral_decrease.mean": -1.2252345804597553e-08, "lowlevel.spectral_decrease.stdev": 1.571579844039661e-08, "lowlevel.spectral_energy.mean": 0.047510478645563126, "lowlevel.spectral_energy.stdev": 0.05990535393357277, "lowlevel.spectral_energyband_high.mean": 0.0007901237695477903, "lowlevel.spectral_energyband_high.stdev": 0.0013957315823063254, "lowlevel.spectral_energyband_low.mean": 0.04100504890084267, "lowlevel.spectral_energyband_low.stdev": 0.05676579102873802, "lowlevel.spectral_energyband_middle_high.mean": 0.0020862012170255184, "lowlevel.spectral_energyband_middle_high.stdev": 0.0022520474158227444, "lowlevel.spectral_energyband_middle_low.mean": 0.007421035319566727, "lowlevel.spectral_energyband_middle_low.stdev": 0.018964260816574097, "lowlevel.spectral_entropy.mean": 7.5067267417907715, "lowlevel.spectral_entropy.stdev": 0.4187927544116974, "lowlevel.spectral_flux.mean": 0.09729768335819244, "lowlevel.spectral_flux.stdev": 0.11172903329133987, "lowlevel.spectral_kurtosis.mean": 3.252283811569214, "lowlevel.spectral_kurtosis.stdev": 2.6752898693084717, "lowlevel.spectral_rms.mean": 0.0059722489677369595, "lowlevel.spectral_rms.stdev": 0.0032686328049749136, "lowlevel.spectral_rolloff.mean": 1032.5771484375, "lowlevel.spectral_rolloff.stdev": 1703.1097412109375, "lowlevel.spectral_skewness.mean": 1.1925973892211914, "lowlevel.spectral_skewness.stdev": 0.4980032444000244, "lowlevel.spectral_spread.mean": 4303094.5, "lowlevel.spectral_spread.stdev": 1182237.375, "lowlevel.spectral_strongpeak.mean": 0.6315195560455322, "lowlevel.spectral_strongpeak.stdev": 0.5391355156898499, "lowlevel.zerocrossingrate.mean": 0.04569068178534508, "lowlevel.zerocrossingrate.stdev": 0.0453512966632843, "metadata.audio_properties.analysis.equal_loudness": 0.0, "metadata.audio_properties.analysis.length": 30.03628158569336, "metadata.audio_properties.analysis.sample_rate": 44100.0, "metadata.audio_properties.analysis.start_time": 0.0, "metadata.audio_properties.bit_rate": 121743.0, "metadata.audio_properties.length": 30.03733253479004, "metadata.audio_properties.lossless": 0.0, "metadata.audio_properties.number_channels": 1.0, "metadata.audio_properties.replay_gain": -11.560382843017578, "metadata.audio_properties.sample_rate": 48000.0, "rhythm.beats_count": 62.0, "rhythm.beats_loudness.mean": 0.09405361115932465, "rhythm.beats_loudness.stdev": 0.05147229880094528, "rhythm.bpm": 124.95761108398438, "rhythm.bpm_histogram_first_peak_bpm": 126.0, "rhythm.bpm_histogram_first_peak_weight": 0.4999999403953552, "rhythm.bpm_histogram_second_peak_bpm": 133.0, "rhythm.bpm_histogram_second_peak_spread": 0.0, "rhythm.bpm_histogram_second_peak_weight": 0.016393441706895828, "rhythm.danceability": 1.8707010746002197, "rhythm.onset_rate": 3.5930256843566895, "tonal.chords_changes_rate": 0.09104938060045242, "tonal.chords_number_rate": 0.018518518656492233, "tonal.chords_strength.mean": 0.3918628990650177, "tonal.chords_strength.stdev": 0.085684634745121, "tonal.hpcp_crest.mean": 11.120294570922852, "tonal.hpcp_crest.stdev": 4.517367839813232, "tonal.hpcp_entropy.mean": 2.4144723415374756, "tonal.hpcp_entropy.stdev": 0.7211011052131653, "tonal.key_edma.strength": 0.6272229552268982, "tonal.key_krumhansl.strength": 0.6191309094429016, "tonal.key_temperley.strength": 0.6235637068748474, "tonal.tuning_diatonic_strength": 0.4042295515537262, "tonal.tuning_equal_tempered_deviation": 0.17457357048988342, "tonal.tuning_frequency": 446.91595458984375, "tonal.tuning_nontempered_energy_ratio": 0.8215122222900391, "lowlevel.barkbands.mean": [0.0008095450466498733, 0.02571721002459526, 0.010713442228734493, 0.00565427215769887, 0.0008700339240022004, 0.00045125908218324184, 0.00016443539061583579, 6.723726255586371e-05, 0.00017266353825107217, 0.00016223618877120316, 6.56729971524328e-05, 8.638337749289349e-05, 0.00012542556214611977, 0.0002473368658684194, 0.00014863433898426592, 0.0001351001119473949, 0.0006185172242112458, 0.00027919438434764743, 0.00013509106065612286, 0.00017342131468467414, 0.0001513498864369467, 0.00035064571420662105, 9.025409235619009e-05, 8.968516340246424e-05, 2.5406074200873263e-05, 6.056106030882802e-06, 2.4438680412686153e-08], "lowlevel.barkbands.stdev": [0.001964976778253913, 0.04463939741253853, 0.0179316233843565, 0.015442127361893654, 0.0026301296893507242, 0.0021172368433326483, 0.0004549992736428976, 0.0001965690462384373, 0.0004790404927916825, 0.00039369301521219313, 9.38504672376439e-05, 0.00020496810611803085, 0.00022437195002567023, 0.0005507022724486887, 0.0003319662937428802, 0.00022830686066299677, 0.0011414113687351346, 0.0005118410335853696, 0.00026497241924516857, 0.0003363463038112968, 0.00037003192119300365, 0.0006485723424702883, 0.00014876201748847961, 0.00023277653963305056, 7.27929946151562e-05, 1.7696305803838186e-05, 1.2661161008509225e-07], "lowlevel.erbbands.mean": [0.5454244613647461, 6.316599369049072, 13.771698951721191, 17.422677993774414, 8.138025283813477, 2.5978095531463623, 2.7724502086639404, 3.781609296798706, 3.1079978942871094, 1.5594077110290527, 2.0208497047424316, 3.896160125732422, 4.912309169769287, 3.8454360961914062, 3.2718663215637207, 3.358262777328491, 5.364920616149902, 11.158247947692871, 11.716468811035156, 5.61283016204834, 11.394792556762695, 36.23631286621094, 19.07733726501465, 8.041719436645508, 7.6556830406188965, 8.203937530517578, 5.845344066619873, 7.866191864013672, 14.679422378540039, 5.126875400543213, 2.4108171463012695, 2.320312023162842, 1.144570231437683, 0.36303600668907166, 0.14444562792778015, 0.05011586844921112, 0.005991651676595211, 0.0003005454782396555, 3.409355485928245e-05, 5.46007722732611e-05], "lowlevel.erbbands.stdev": [1.2944689989089966, 10.414131164550781, 19.74117660522461, 44.23162078857422, 18.430204391479492, 9.281679153442383, 13.664560317993164, 17.373855590820312, 10.042023658752441, 3.7581675052642822, 5.184225082397461, 11.480324745178223, 12.834084510803223, 7.91535758972168, 4.6564154624938965, 8.175079345703125, 10.223886489868164, 25.728139877319336, 25.474170684814453, 7.880960941314697, 17.885669708251953, 61.86459732055664, 35.23563003540039, 12.897435188293457, 16.642492294311523, 16.3437557220459, 16.019973754882812, 15.947898864746094, 27.94088363647461, 8.494307518005371, 4.089274883270264, 5.272536754608154, 3.425442934036255, 1.0453687906265259, 0.4098440110683441, 0.14076755940914154, 0.019357813522219658, 0.0010465480154380202, 4.22756202169694e-05, 6.505783676402643e-05], "lowlevel.gfcc.mean": [-50.36567306518555, 90.19054412841797, -116.72987365722656, 80.2228012084961, -29.441146850585938, 42.42103576660156, -25.12871551513672, 9.42242431640625, -11.043744087219238, -15.586902618408203, -16.867977142333984, -8.33068561553955, -11.116170883178711], "lowlevel.melbands.mean": [0.00614745169878006, 0.0077582718804478645, 0.0026793486904352903, 0.00030347841675393283, 9.516479622106999e-05, 8.47648989292793e-05, 4.516023545875214e-05, 1.5173231076914817e-05, 1.8964035916724242e-05, 2.4335353373317048e-05, 2.5044315407285467e-05, 1.675196472206153e-05, 1.0067135917779524e-05, 1.095001061912626e-05, 7.771447599225212e-06, 1.4925198229320813e-05, 2.1162855773582123e-05, 2.0580628188326955e-05, 9.018410310090985e-06, 6.985470918152714e-06, 1.3949275853519794e-05, 3.894828842021525e-05, 2.8239090170245618e-05, 1.0478110198164359e-05, 5.9377784964453895e-06, 4.835898835153785e-06, 6.506321824417682e-06, 5.113469796924619e-06, 3.5181831208319636e-06, 3.407567191970884e-06, 4.991704372514505e-06, 9.739980669110082e-06, 4.795174845639849e-06, 2.051075625786325e-06, 1.3178497511034948e-06, 1.3239866802905453e-06, 1.504056058365677e-06, 9.420382411917672e-07, 3.908428993781854e-07, 2.699078152090806e-07], "lowlevel.melbands.stdev": [0.011961187236011028, 0.010561144910752773, 0.006380900740623474, 0.0007222871645353734, 0.00046597630716860294, 0.00038840805063955486, 0.00014237631694413722, 3.7214318581391126e-05, 4.741450902656652e-05, 7.37029331503436e-05, 6.567133095813915e-05, 3.626886973506771e-05, 1.3532810044125654e-05, 2.5660385290393606e-05, 1.9522160073393025e-05, 2.455441062920727e-05, 5.0822756747948006e-05, 4.612654447555542e-05, 1.4398876373888925e-05, 1.1264720342296641e-05, 2.399604272795841e-05, 6.282144750002772e-05, 6.680746446363628e-05, 1.9114851966151036e-05, 1.0272156941937283e-05, 1.0202529665548354e-05, 1.3254883015179075e-05, 1.149501622421667e-05, 1.011693984764861e-05, 9.157611202681437e-06, 1.025772508000955e-05, 1.9187402358511463e-05, 8.788062586972956e-06, 3.354487716933363e-06, 2.2041383545001736e-06, 2.6847556000575423e-06, 3.69764052265964e-06, 2.857637809938751e-06, 1.3237322491477244e-06, 7.452766794813215e-07], "lowlevel.melbands128.mean": [0.0007419858011417091, 0.003418726846575737, 0.008338182233273983, 0.011510828509926796, 0.008324540220201015, 0.004826033022254705, 0.003894377965480089, 0.0022459947504103184, 0.0005484200664795935, 0.0001927861012518406, 0.00011531615018611774, 9.227440023096278e-05, 9.31450558709912e-05, 9.614221198717132e-05, 8.045686990953982e-05, 9.255718759959564e-05, 5.451581091620028e-05, 4.314135367167182e-05, 2.2436724975705147e-05, 1.5609790352755226e-05, 1.1280060789431445e-05, 1.2941756722284481e-05, 1.7986109014600515e-05, 2.663102713995613e-05, 2.9690963856410235e-05, 1.943313327501528e-05, 2.2994641767581925e-05, 2.3620510546606965e-05, 3.161694257869385e-05, 2.0339897673693486e-05, 1.0845452379726339e-05, 9.614588634576648e-06, 1.0148442015633918e-05, 9.344243153464049e-06, 1.3508808478945866e-05, 1.2118141057726461e-05, 6.156414201541338e-06, 5.332366072252626e-06, 1.0955240213661455e-05, 1.0344995644118171e-05, 1.4288572856457904e-05, 2.3377939214697108e-05, 2.369417234149296e-05, 1.5513982361881062e-05, 2.56712573900586e-05, 2.2014652131474577e-05, 1.5955525668687187e-05, 8.776421054790262e-06, 5.981274171062978e-06, 6.422891146939946e-06, 6.6646875893638935e-06, 7.431133781210519e-06, 1.2094782505300827e-05, 1.2971173418918625e-05, 2.667382432264276e-05, 4.896873724646866e-05, 4.1948514990508556e-05, 3.571041816030629e-05, 2.221697650384158e-05, 1.4223492144083139e-05, 1.0247020327369682e-05, 7.518170150433434e-06, 6.687136192340404e-06, 5.533551757253008e-06, 4.520245511230314e-06, 4.382610768516315e-06, 5.05958087160252e-06, 6.388309884641785e-06, 6.8221565925341565e-06, 7.173602170951199e-06, 5.14688645125716e-06, 4.021887889393838e-06, 3.7819568206032272e-06, 3.290158701929613e-06, 3.3254382287850603e-06, 3.878956249536714e-06, 3.0845915262034396e-06, 3.2132247724803165e-06, 4.678833192883758e-06, 6.843668415967841e-06, 1.1272431038378272e-05, 1.0909418961091433e-05, 6.682457296847133e-06, 4.241172064212151e-06, 3.098747129115509e-06, 2.473163931426825e-06, 1.5298173821065575e-06, 1.4567584685210022e-06, 1.3252843018562999e-06, 1.1927382956855581e-06, 1.3183860119170276e-06, 1.3600561032944825e-06, 1.309022877649113e-06, 1.6397665376644e-06, 1.5918902818157221e-06, 1.1555399623830453e-06, 8.24040171210072e-07, 5.892093213333283e-07, 3.3436543844800326e-07, 3.3389645182069216e-07, 3.094337728271057e-07, 2.4857934022293193e-07, 2.4250323349406244e-07, 1.9197010203697573e-07, 1.4025128791672614e-07, 1.373845748275926e-07, 1.3348574157134863e-07, 1.048123223768016e-07, 8.469500301089283e-08, 7.026677195653974e-08, 4.312133228268067e-08, 1.826155404671681e-08, 1.0238090375480624e-08, 5.983859185931806e-09, 3.262181635932393e-09, 1.424646400849383e-09, 8.438432175239541e-10, 1.6076220910044015e-10, 2.7036029665028494e-11, 6.817284584070826e-12, 6.558937854644897e-12, 6.3031264235791085e-12, 6.1331066093794906e-12, 6.026614970955357e-12, 5.9075981953538026e-12, 5.777698198344838e-12, 5.697012740030205e-12, 5.661569737330785e-12], "lowlevel.melbands128.stdev": [0.0018450465286150575, 0.009940166026353836, 0.018720706924796104, 0.01804313063621521, 0.011966854333877563, 0.009057153016328812, 0.010822024196386337, 0.005677428096532822, 0.0012168606044724584, 0.0006073358817957342, 0.0005015420611016452, 0.0004858695319853723, 0.00048681319458410144, 0.00045605082414112985, 0.00037853262620046735, 0.00045629896339960396, 0.00020543452410493046, 0.00014369150449056178, 7.277846452780068e-05, 4.2870578909059986e-05, 3.9228219975484535e-05, 4.548386641545221e-05, 6.697233038721606e-05, 7.440386252710596e-05, 0.0001162307380582206, 0.00010066042887046933, 0.00010378334991401061, 9.44023413467221e-05, 9.017388219945133e-05, 6.469517393270507e-05, 3.051760722883046e-05, 2.0028917788295075e-05, 1.8435473975841887e-05, 1.4501847545034252e-05, 4.043699300382286e-05, 4.359463127912022e-05, 2.6094903660123236e-05, 1.7339243640890345e-05, 4.394827192299999e-05, 2.3758524548611604e-05, 2.7174937713425606e-05, 5.575380055233836e-05, 9.895044786389917e-05, 3.797272074734792e-05, 7.212811760837212e-05, 7.590228779008612e-05, 4.2849442252190784e-05, 1.677506952546537e-05, 1.2709258044196758e-05, 1.3682485587196425e-05, 1.3719561138714198e-05, 1.53571800183272e-05, 3.081528848269954e-05, 2.6391309802420437e-05, 6.479299918282777e-05, 8.008055738173425e-05, 9.441839210921898e-05, 0.000124122787383385, 5.4106385505292565e-05, 3.295353235444054e-05, 2.384705476288218e-05, 1.669626362854615e-05, 1.3829227100359276e-05, 1.0677626960386988e-05, 9.424175004824065e-06, 9.378487447975203e-06, 1.2155196600360796e-05, 2.4466691684210673e-05, 1.2359987522359006e-05, 1.404133035975974e-05, 1.4636471860285383e-05, 1.0432024282636121e-05, 1.0680067134671845e-05, 1.1012480172212236e-05, 1.1180037290614564e-05, 1.2535302630567458e-05, 8.246036486525554e-06, 7.353529326792341e-06, 1.0725133506639395e-05, 1.4713847122038715e-05, 2.483598109392915e-05, 2.1367590306908824e-05, 1.5566052752546966e-05, 7.932136213639751e-06, 5.618707746180007e-06, 4.5239612518344074e-06, 2.6594227620080346e-06, 2.5539022772136377e-06, 2.444369329168694e-06, 2.4136559204634978e-06, 2.858602556443657e-06, 2.8102058422518894e-06, 3.247856511734426e-06, 4.026601800433127e-06, 4.665223968913779e-06, 3.2858863505680347e-06, 2.9255177196318982e-06, 2.1935609311185544e-06, 1.2675789093918866e-06, 1.1328321534165298e-06, 9.063439279088925e-07, 6.877785381220747e-07, 6.614012590944185e-07, 5.202782062951883e-07, 5.144026999914786e-07, 4.2351575757493265e-07, 3.816763580744009e-07, 2.87969328383042e-07, 2.663024076809961e-07, 2.424769149911299e-07, 1.5938147157612548e-07, 6.875387725813198e-08, 4.8494456450498546e-08, 3.22022053467208e-08, 1.8427957826361308e-08, 7.2424337638210545e-09, 4.555906762959694e-09, 1.6213098641415513e-09, 6.668317564795245e-10, 1.363447982988264e-11, 1.1636929267422325e-11, 1.0670237263199489e-11, 1.043576943610125e-11, 1.025944693783254e-11, 1.0110153166043023e-11, 9.989311461344741e-12, 9.903024580926179e-12, 9.849580352716547e-12], "lowlevel.mfcc.mean": [-685.2583618164062, 98.51578521728516, 0.8812021017074585, 43.795536041259766, 30.618207931518555, 34.99345016479492, 9.172768592834473, 30.553380966186523, 9.859024047851562, 4.260686874389648, 5.0919294357299805, 2.657559633255005, -7.660659313201904], "lowlevel.spectral_contrast_coeffs.mean": [-0.6210888028144836, -0.8121023774147034, -0.8163067102432251, -0.8114409446716309, -0.7626024484634399, -0.7211273312568665], "lowlevel.spectral_contrast_coeffs.stdev": [0.07361708581447601, 0.0657440721988678, 0.0538511648774147, 0.045372460037469864, 0.05682090297341347, 0.04649064317345619], "lowlevel.spectral_contrast_valleys.mean": [-7.283423900604248, -7.99845552444458, -7.979638576507568, -7.849046230316162, -7.904533863067627, -10.682502746582031], "lowlevel.spectral_contrast_valleys.stdev": [0.9083561301231384, 0.7153264284133911, 0.4616380035877228, 0.45131462812423706, 0.8834735751152039, 1.0154389142990112], "rhythm.beats_loudness_band_ratio.mean": [0.9064247608184814, 0.026663584634661674, 0.009229975752532482, 0.01307286974042654, 0.02848259173333645, 0.024423912167549133], "rhythm.beats_loudness_band_ratio.stdev": [0.09744459390640259, 0.028987804427742958, 0.011995827779173851, 0.019694004207849503, 0.039454977959394455, 0.034443192183971405], "tonal.hpcp.mean": [0.09969739615917206, 0.029773641377687454, 0.027131030336022377, 0.027067502960562706, 0.03345952555537224, 0.049930620938539505, 0.04883965849876404, 0.03814493119716644, 0.03779323399066925, 0.040547534823417664, 0.054313141852617264, 0.07776716351509094, 0.09859152883291245, 0.09308244287967682, 0.19169439375400543, 0.20467223227024078, 0.078311987221241, 0.06264147907495499, 0.08714037388563156, 0.11313971877098083, 0.2190379649400711, 0.26031970977783203, 0.12768147885799408, 0.037285350263118744, 0.03429444134235382, 0.03954240307211876, 0.09828358888626099, 0.13066697120666504, 0.07178939133882523, 0.0349632166326046, 0.030392425134778023, 0.038091838359832764, 0.05348416790366173, 0.051642488688230515, 0.10345640033483505, 0.1661129742860794], "tonal.hpcp.stdev": [0.21135234832763672, 0.12240573018789291, 0.1238652840256691, 0.12054616957902908, 0.13141417503356934, 0.17617052793502808, 0.17207156121730804, 0.14738427102565765, 0.13691571354866028, 0.15303011238574982, 0.16732804477214813, 0.206151083111763, 0.24190214276313782, 0.22465167939662933, 0.33786070346832275, 0.3676091730594635, 0.15387040376663208, 0.1639561802148819, 0.21357358992099762, 0.24425914883613586, 0.3107110261917114, 0.39675265550613403, 0.22080272436141968, 0.1226285845041275, 0.12012732028961182, 0.12938474118709564, 0.2206236571073532, 0.3025277554988861, 0.17828717827796936, 0.12231165170669556, 0.11551736295223236, 0.12634120881557465, 0.16744883358478546, 0.1553931087255478, 0.20805713534355164, 0.34500807523727417], "rhythm.beats_position": [0.40634921193122864, 0.8591383099555969, 1.3467572927474976, 1.8227664232254028, 2.2987754344940186, 2.7863945960998535, 3.2624034881591797, 3.738412618637085, 4.22603178024292, 4.702040672302246, 5.178049564361572, 5.665668964385986, 6.130067825317383, 6.617686748504639, 7.105306148529053, 7.581315040588379, 8.057324409484863, 8.533332824707031, 9.009342193603516, 9.49696159362793, 9.984580039978027, 10.460589408874512, 10.936598777770996, 11.424217224121094, 11.900226593017578, 12.376235961914062, 12.85224437713623, 13.328253746032715, 13.815873146057129, 14.303491592407227, 14.79111099243164, 15.255510330200195, 15.743128776550293, 16.23074722290039, 16.706756591796875, 17.18276596069336, 17.658775329589844, 18.134784698486328, 18.622404098510742, 19.098411560058594, 19.574420928955078, 20.062040328979492, 20.549659729003906, 21.01405906677246, 21.501678466796875, 21.977685928344727, 22.45369529724121, 22.941314697265625, 23.42893409729004, 23.893333435058594, 24.380952835083008, 24.86857032775879, 25.344579696655273, 25.820589065551758, 26.308208465576172, 26.784217834472656, 27.26022720336914, 27.747844696044922, 28.223854064941406, 28.69986343383789, 29.187482833862305, 29.67510223388672], "rhythm.bpm_histogram": [0.0, 0.0, 0.0, 0.0, 0.0, 0.0, 0.0, 0.0, 0.0, 0.0, 0.0, 0.0, 0.0, 0.0, 0.0, 0.0, 0.0, 0.0, 0.0, 0.0, 0.0, 0.0, 0.0, 0.0, 0.0, 0.0, 0.0, 0.0, 0.0, 0.0, 0.0, 0.0, 0.0, 0.0, 0.0, 0.0, 0.0, 0.0, 0.0, 0.0, 0.0, 0.0, 0.0, 0.0, 0.0, 0.0, 0.0, 0.0, 0.0, 0.0, 0.0, 0.0, 0.0, 0.0, 0.0, 0.0, 0.0, 0.0, 0.0, 0.0, 0.0, 0.0, 0.0, 0.0, 0.0, 0.0, 0.0, 0.0, 0.0, 0.0, 0.0, 0.0, 0.0, 0.0, 0.0, 0.0, 0.0, 0.0, 0.0, 0.0, 0.0, 0.0, 0.0, 0.0, 0.0, 0.0, 0.0, 0.0, 0.0, 0.0, 0.0, 0.0, 0.0, 0.0, 0.0, 0.0, 0.0, 0.0, 0.0, 0.0, 0.0, 0.0, 0.0, 0.0, 0.0, 0.0, 0.0, 0.0, 0.0, 0.0, 0.0, 0.0, 0.0, 0.0, 0.0, 0.0, 0.0, 0.0, 0.0, 0.0, 0.0, 0.0, 0.0, 0.4262295067310333, 0.0, 0.0, 0.49180328845977783, 0.0, 0.0, 0.06557376682758331, 0.0, 0.0, 0.0, 0.016393441706895828, 0.0, 0.0, 0.0, 0.0, 0.0, 0.0, 0.0, 0.0, 0.0, 0.0, 0.0, 0.0, 0.0, 0.0, 0.0, 0.0, 0.0, 0.0, 0.0, 0.0, 0.0, 0.0, 0.0, 0.0, 0.0, 0.0, 0.0, 0.0, 0.0, 0.0, 0.0, 0.0, 0.0, 0.0, 0.0, 0.0, 0.0, 0.0, 0.0, 0.0, 0.0, 0.0, 0.0, 0.0, 0.0, 0.0, 0.0, 0.0, 0.0, 0.0, 0.0, 0.0, 0.0, 0.0, 0.0, 0.0, 0.0, 0.0, 0.0, 0.0, 0.0, 0.0, 0.0, 0.0, 0.0, 0.0, 0.0, 0.0, 0.0, 0.0, 0.0, 0.0, 0.0, 0.0, 0.0, 0.0, 0.0, 0.0, 0.0, 0.0, 0.0, 0.0, 0.0, 0.0, 0.0, 0.0, 0.0, 0.0, 0.0, 0.0, 0.0, 0.0, 0.0, 0.0, 0.0, 0.0, 0.0, 0.0, 0.0, 0.0, 0.0, 0.0, 0.0, 0.0, 0.0, 0.0, 0.0, 0.0, 0.0, 0.0, 0.0, 0.0, 0.0, 0.0, 0.0, 0.0], "tonal.chords_histogram": [0.0, 18.36419677734375, 0.46296295523643494, 13.734567642211914, 7.7160491943359375, 2.6234567165374756, 0.0, 0.0, 5.709876537322998, 0.0, 25.30864143371582, 7.0987653732299805, 0.0, 1.2345678806304932, 0.46296295523643494, 1.2345678806304932, 0.0, 0.0, 0.0, 0.0, 5.864197731018066, 1.6975308656692505, 8.487654685974121, 0.0], "tonal.thpcp": [1.0, 0.4904794991016388, 0.14322906732559204, 0.13173970580101013, 0.15189938247203827, 0.37754955887794495, 0.5019480586051941, 0.27577394247055054, 0.13430875539779663, 0.11675038188695908, 0.14632713794708252, 0.2054557055234909, 0.19838102161884308, 0.3974205553531647, 0.638111412525177, 0.3829805850982666, 0.11437336355447769, 0.10422196239233017, 0.10397792607545853, 0.12853243947029114, 0.19180499017238617, 0.18761414289474487, 0.1465310901403427, 0.14518007636070251, 0.1557605266571045, 0.20864014327526093, 0.29873713850975037, 0.37873247265815735, 0.35756969451904297, 0.7363806366920471, 0.7862340807914734, 0.30083003640174866, 0.24063287675380707, 0.3347436785697937, 0.4346183240413666, 0.8414190411567688], "lowlevel.gfcc.cov": [[4034.594970703125, -837.212890625, 355.1631164550781, 413.9771423339844, -742.908203125, -296.1257629394531, -322.1895751953125, 155.59910583496094, -207.4278106689453, 323.8270568847656, -226.95046997070312, 100.37816619873047, -182.29730224609375], [-837.212890625, 1706.5517578125, 191.78189086914062, -243.21336364746094, 669.558349609375, 67.61578369140625, 312.393798828125, -165.8156280517578, 304.5250244140625, -215.54421997070312, 313.7292785644531, -146.1226806640625, 184.24099731445312], [355.1631164550781, 191.78189086914062, 493.5285949707031, 159.3606719970703, 164.49412536621094, 58.858184814453125, 78.5799789428711, -15.41571044921875, -1.9921969175338745, 46.70835876464844, 43.29509353637695, 7.673206329345703, 22.882705688476562], [413.9771423339844, -243.21336364746094, 159.3606719970703, 407.54888916015625, 16.906217575073242, -4.890475273132324, 65.00203704833984, -14.021844863891602, -76.70694732666016, 45.38870620727539, -1.149032473564148, 6.33207893371582, 0.3621717691421509], [-742.908203125, 669.558349609375, 164.49412536621094, 16.906217575073242, 602.7561645507812, 191.90859985351562, 274.7714538574219, -19.33547592163086, 161.54513549804688, -107.07906341552734, 143.60044860839844, -58.157379150390625, 116.93263244628906], [-296.1257629394531, 67.61578369140625, 58.858184814453125, -4.890475273132324, 191.90859985351562, 292.79669189453125, 181.35543823242188, 8.334269523620605, 59.327430725097656, -2.265308141708374, 18.997934341430664, -34.746429443359375, 35.24138641357422], [-322.1895751953125, 312.393798828125, 78.5799789428711, 65.00203704833984, 274.7714538574219, 181.35543823242188, 297.8100891113281, -48.404598236083984, 84.382568359375, -18.704917907714844, 80.03593444824219, -50.91816711425781, 72.56932067871094], [155.59910583496094, -165.8156280517578, -15.41571044921875, -14.021844863891602, -19.33547592163086, 8.334269523620605, -48.404598236083984, 188.01788330078125, 58.867034912109375, 28.113710403442383, -28.003982543945312, 39.482234954833984, -18.731046676635742], [-207.4278106689453, 304.5250244140625, -1.9921969175338745, -76.70694732666016, 161.54513549804688, 59.327430725097656, 84.382568359375, 58.867034912109375, 173.53318786621094, -19.196083068847656, 63.679561614990234, -20.513530731201172, 49.99112319946289], [323.8270568847656, -215.54421997070312, 46.70835876464844, 45.38870620727539, -107.07906341552734, -2.265308141708374, -18.704917907714844, 28.113710403442383, -19.196083068847656, 129.55291748046875, -23.384422302246094, 26.762250900268555, -20.765907287597656], [-226.95046997070312, 313.7292785644531, 43.29509353637695, -1.149032473564148, 143.60044860839844, 18.997934341430664, 80.03593444824219, -28.003982543945312, 63.679561614990234, -23.384422302246094, 138.31333923339844, -12.211584091186523, 53.277042388916016], [100.37816619873047, -146.1226806640625, 7.673206329345703, 6.33207893371582, -58.157379150390625, -34.746429443359375, -50.91816711425781, 39.482234954833984, -20.513530731201172, 26.762250900268555, -12.211584091186523, 83.27987670898438, -8.13435173034668], [-182.29730224609375, 184.24099731445312, 22.882705688476562, 0.3621717691421509, 116.93263244628906, 35.24138641357422, 72.56932067871094, -18.731046676635742, 49.99112319946289, -20.765907287597656, 53.277042388916016, -8.13435173034668, 81.78609466552734]], "lowlevel.gfcc.icov": [[0.0005743013462051749, -0.0005850683082826436, -0.00028601859230548143, -0.0007571399910375476, 0.00093382055638358, -4.554052065941505e-05, 0.00011267451918683946, -0.0007274472154676914, 0.0002470671315677464, -0.0008561862050555646, 0.0008427162538282573, -0.00011170404468430206, 0.00017090652545448393], [-0.0005850683082826436, 0.004818432033061981, -0.0016540122451260686, 0.0033581084571778774, -0.002606914611533284, 0.0027641018386930227, -0.0014883445110172033, 0.00350889191031456, -0.004168878775089979, 0.0037334284279495478, -0.004513356368988752, 0.002895599463954568, -0.00032614305382594466], [-0.00028601859230548143, -0.0016540122451260686, 0.003962565213441849, -0.0017383493250235915, -0.0011284907814115286, -0.0015099524753168225, 0.0012981698382645845, -0.00044266408076509833, 0.0019952182192355394, -0.0026683302130550146, 0.0009177590254694223, -0.0016885082004591823, 0.00033550028456375003], [-0.0007571399910375476, 0.0033581084571778774, -0.0017383493250235915, 0.006336023565381765, -0.002328590489923954, 0.002874679397791624, -0.0030619583558291197, 0.0012861157301813364, 0.00023074043565429747, 0.002081007696688175, -0.003431128105148673, 0.0023781328927725554, -0.0008331904537044466], [0.00093382055638358, -0.002606914611533284, -0.0011284907814115286, -0.002328590489923954, 0.0074799442663788795, -0.002105973893776536, -0.0016911487327888608, -0.0028686774894595146, 0.00013786095951218158, 0.0013353070244193077, 0.0012892840895801783, -0.0010862955823540688, -0.0013563266256824136], [-4.554052065941505e-05, 0.0027641018386930227, -0.0015099524753168225, 0.002874679397791624, -0.002105973893776536, 0.008289777673780918, -0.005089541431516409, 0.00028353126253932714, -0.001438551233150065, 0.0009298840304836631, -0.0007156801875680685, 0.002805311232805252, -3.8019799831090495e-05], [0.00011267451918683946, -0.0014883445110172033, 0.0012981698382645845, -0.0030619583558291197, -0.0016911487327888608, -0.005089541431516409, 0.01081695407629013, 0.001965766539797187, -0.0011993135558441281, -0.002915428252890706, 0.0003915445413440466, 0.00029397645266726613, -0.001515453215688467], [-0.0007274472154676914, 0.00350889191031456, -0.00044266408076509833, 0.0012861157301813364, -0.0028686774894595146, 0.00028353126253932714, 0.001965766539797187, 0.01257882360368967, -0.009501563385128975, 0.001859967946074903, -0.0011456375941634178, -0.0025337885599583387, 0.0024823714047670364], [0.0002470671315677464, -0.004168878775089979, 0.0019952182192355394, 0.00023074043565429747, 0.00013786095951218158, -0.001438551233150065, -0.0011993135558441281, -0.009501563385128975, 0.018216073513031006, -0.00441411416977644, 0.0004745342885144055, 0.0010608227457851171, -0.0037652363535016775], [-0.0008561862050555646, 0.0037334284279495478, -0.0026683302130550146, 0.002081007696688175, 0.0013353070244193077, 0.0009298840304836631, -0.002915428252890706, 0.001859967946074903, -0.00441411416977644, 0.015320937149226665, -0.0039761303924024105, -0.00024038106494117528, 0.00027600210160017014], [0.0008427162538282573, -0.004513356368988752, 0.0009177590254694223, -0.003431128105148673, 0.0012892840895801783, -0.0007156801875680685, 0.0003915445413440466, -0.0011456375941634178, 0.0004745342885144055, -0.0039761303924024105, 0.016732925549149513, -0.0038111822213977575, -0.002919464837759733], [-0.00011170404468430206, 0.002895599463954568, -0.0016885082004591823, 0.0023781328927725554, -0.0010862955823540688, 0.002805311232805252, 0.00029397645266726613, -0.0025337885599583387, 0.0010608227457851171, -0.00024038106494117528, -0.0038111822213977575, 0.018457895144820213, -0.003197865094989538], [0.00017090652545448393, -0.00032614305382594466, 0.00033550028456375003, -0.0008331904537044466, -0.0013563266256824136, -3.8019799831090495e-05, -0.001515453215688467, 0.0024823714047670364, -0.0037652363535016775, 0.00027600210160017014, -0.002919464837759733, -0.003197865094989538, 0.021076548844575882]], "lowlevel.mfcc.cov": [[3974.211669921875, -1134.1505126953125, 531.5496215820312, 367.9013671875, -395.70843505859375, -370.1680908203125, -305.8358154296875, -304.6011657714844, -98.0452880859375, -51.75368881225586, 25.547605514526367, -75.5478286743164, -19.130189895629883], [-1134.1505126953125, 1807.95166015625, -134.3431396484375, -128.34963989257812, 360.08355712890625, 205.566650390625, 146.1748046875, 172.7758026123047, 44.741554260253906, 112.83763122558594, 43.17616653442383, 92.83509063720703, 10.865994453430176], [531.5496215820312, -134.3431396484375, 365.26336669921875, 130.33905029296875, -8.331986427307129, 31.67571449279785, 26.769142150878906, -64.77188110351562, -14.61943531036377, -11.675437927246094, 0.6556505560874939, 2.003772497177124, 22.88429832458496], [367.9013671875, -128.34963989257812, 130.33905029296875, 406.98095703125, 22.955081939697266, 37.53358840942383, 61.346473693847656, -31.925640106201172, -32.55521774291992, -33.38572692871094, -25.899473190307617, 27.98505210876465, 34.39458465576172], [-395.70843505859375, 360.08355712890625, -8.331986427307129, 22.955081939697266, 283.7951965332031, 59.27758026123047, 80.42120361328125, 119.13716888427734, 64.47938537597656, 38.754093170166016, 27.135507583618164, 43.38370132446289, 13.231460571289062], [-370.1680908203125, 205.566650390625, 31.67571449279785, 37.53358840942383, 59.27758026123047, 354.9073486328125, 223.10385131835938, 50.7593994140625, 70.52819061279297, 60.611488342285156, 9.607619285583496, 19.25541877746582, 22.60553550720215], [-305.8358154296875, 146.1748046875, 26.769142150878906, 61.346473693847656, 80.42120361328125, 223.10385131835938, 237.8587646484375, 56.57735061645508, 55.76029968261719, 46.52819061279297, 14.304091453552246, 25.640541076660156, 22.281803131103516], [-304.6011657714844, 172.7758026123047, -64.77188110351562, -31.925640106201172, 119.13716888427734, 50.7593994140625, 56.57735061645508, 177.7523956298828, 58.967891693115234, 38.355247497558594, 37.79263687133789, 26.05061912536621, 8.558627128601074], [-98.0452880859375, 44.741554260253906, -14.61943531036377, -32.55521774291992, 64.47938537597656, 70.52819061279297, 55.76029968261719, 58.967891693115234, 150.3657684326172, 59.4128532409668, 35.46592330932617, 21.793840408325195, 13.313929557800293], [-51.75368881225586, 112.83763122558594, -11.675437927246094, -33.38572692871094, 38.754093170166016, 60.611488342285156, 46.52819061279297, 38.355247497558594, 59.4128532409668, 97.53424835205078, 39.33053207397461, 21.658145904541016, 4.01969051361084], [25.547605514526367, 43.17616653442383, 0.6556505560874939, -25.899473190307617, 27.135507583618164, 9.607619285583496, 14.304091453552246, 37.79263687133789, 35.46592330932617, 39.33053207397461, 82.9081039428711, 21.261133193969727, 10.351469993591309], [-75.5478286743164, 92.83509063720703, 2.003772497177124, 27.98505210876465, 43.38370132446289, 19.25541877746582, 25.640541076660156, 26.05061912536621, 21.793840408325195, 21.658145904541016, 21.261133193969727, 75.00186157226562, 21.007488250732422], [-19.130189895629883, 10.865994453430176, 22.88429832458496, 34.39458465576172, 13.231460571289062, 22.60553550720215, 22.281803131103516, 8.558627128601074, 13.313929557800293, 4.01969051361084, 10.351469993591309, 21.007488250732422, 67.58441925048828]], "lowlevel.mfcc.icov": [[0.0005323943332768977, 9.956896246876568e-05, -0.0006236957269720733, -0.000490085338242352, 0.0004766925412695855, 0.00035033823223784566, 0.00040251162135973573, 0.00017102541460189968, -0.00018539083248469979, -0.0005068965256214142, -0.0005037242081016302, 0.00031555569148622453, 0.00027615478029474616], [9.956896246876568e-05, 0.0009386804886162281, 0.00012583847274072468, 0.0002799961657729, -0.0010875036241486669, -0.0005012006731703877, 0.0002954473893623799, 0.0001095350380637683, 0.0007625764119438827, -0.0007141602109186351, 3.9081387512851506e-05, -0.0005854915943928063, 2.968987428175751e-05], [-0.0006236957269720733, 0.00012583847274072468, 0.0042155953124165535, -0.00026377305039204657, -0.0012368643656373024, -0.000880576903000474, -0.00046313091297633946, 0.0013923973310738802, 0.00042999343713745475, 0.0005922954296693206, -0.00035114240017719567, -9.449485514778644e-05, -0.0010136854834854603], [-0.000490085338242352, 0.0002799961657729, -0.00026377305039204657, 0.0039039563853293657, -0.00121023238170892, -0.0002769814454950392, -0.001427602139301598, 0.00025758735137060285, 0.0010672906646504998, 0.0012029302306473255, 0.001378558692522347, -0.0018209361005574465, -0.0012405107263475657], [0.0004766925412695855, -0.0010875036241486669, -0.0012368643656373024, -0.00121023238170892, 0.0074495067819952965, 0.0016675080405548215, -0.0011328845284879208, -0.0031835748814046383, -0.002073513111099601, 0.00012042624439345673, -4.982833706890233e-05, -0.0005425599520094693, 0.0006825443124398589], [0.00035033823223784566, -0.0005012006731703877, -0.000880576903000474, -0.0002769814454950392, 0.0016675080405548215, 0.007914585061371326, -0.006530317943543196, -9.593554568709806e-05, -0.0014626673655584455, -0.001563694910146296, 0.0009098767186515033, 0.0010663641151040792, -0.00027940317522734404], [0.00040251162135973573, 0.0002954473893623799, -0.00046313091297633946, -0.001427602139301598, -0.0011328845284879208, -0.006530317943543196, 0.011996709741652012, -0.0007362376200035214, -0.00010489150008652359, -0.0012132165720686316, -0.0005974583327770233, -0.0003161100612487644, -0.0002235361753264442], [0.00017102541460189968, 0.0001095350380637683, 0.0013923973310738802, 0.00025758735137060285, -0.0031835748814046383, -9.593554568709806e-05, -0.0007362376200035214, 0.009779742918908596, -0.0011576167307794094, -0.00010833772830665112, -0.0026982538402080536, -0.0001851541455835104, -0.00020682466856669635], [-0.00018539083248469979, 0.0007625764119438827, 0.00042999343713745475, 0.0010672906646504998, -0.002073513111099601,