{"song_id": "1183671217836789830", "download": "https://cdn.discordapp.com/attachments/1135903449314238464/1183671217836789830/chirp.mp4?ex=65892eb9&amp", "lyrics": "(Chorus)\n\uaca8\uc6b8\ube44\uc758 \ub178\ub798\uac00 \ub4e4\ub824\uc640\n\ub0b4 \ub9c8\uc74c\uc744 \uc801\uc2dc\ub124\n\uc774\ubcc4\uc758 \uc544\ud514\ub3c4 \uc124\ub818\ub3c4\n\ubaa8\ub450 \ub2e4 \ud568\uaed8  \ub370\ub824\uac00", "style": ["POP</span><span>, Acoustic</span><span>, Classic</span><span>, Symphony</span><span>,"], "essentia_features": {"lowlevel.average_loudness": 0.8718515038490295, "lowlevel.barkbands_crest.mean": 13.865299224853516, "lowlevel.barkbands_crest.stdev": 5.048551082611084, "lowlevel.barkbands_flatness_db.mean": 0.2933727204799652, "lowlevel.barkbands_flatness_db.stdev": 0.10020552575588226, "lowlevel.barkbands_kurtosis.mean": 17.0333251953125, "lowlevel.barkbands_kurtosis.stdev": 25.027389526367188, "lowlevel.barkbands_skewness.mean": 2.5559253692626953, "lowlevel.barkbands_skewness.stdev": 2.033238172531128, "lowlevel.barkbands_spread.mean": 7.675088882446289, "lowlevel.barkbands_spread.stdev": 13.275424003601074, "lowlevel.dissonance.mean": 0.3856711983680725, "lowlevel.dissonance.stdev": 0.06229327619075775, "lowlevel.dynamic_complexity": 2.613400459289551, "lowlevel.erbbands_crest.mean": 11.732243537902832, "lowlevel.erbbands_crest.stdev": 4.388000011444092, "lowlevel.erbbands_flatness_db.mean": 0.24658963084220886, "lowlevel.erbbands_flatness_db.stdev": 0.08917560428380966, "lowlevel.erbbands_kurtosis.mean": 3.8359081745147705, "lowlevel.erbbands_kurtosis.stdev": 4.7105183601379395, "lowlevel.erbbands_skewness.mean": 1.1001534461975098, "lowlevel.erbbands_skewness.stdev": 1.0591660737991333, "lowlevel.erbbands_spread.mean": 23.495012283325195, "lowlevel.erbbands_spread.stdev": 21.474729537963867, "lowlevel.hfc.mean": 14.682883262634277, "lowlevel.hfc.stdev": 13.007068634033203, "lowlevel.loudness_ebu128.integrated": -11.377370834350586, "lowlevel.loudness_ebu128.loudness_range": 5.034558296203613, "lowlevel.loudness_ebu128.momentary.mean": -12.34377384185791, "lowlevel.loudness_ebu128.momentary.stdev": 4.761768817901611, "lowlevel.loudness_ebu128.short_term.mean": -11.866683006286621, "lowlevel.loudness_ebu128.short_term.stdev": 2.542158603668213, "lowlevel.melbands_crest.mean": 16.62472915649414, "lowlevel.melbands_crest.stdev": 5.088955402374268, "lowlevel.melbands_flatness_db.mean": 0.3913518786430359, "lowlevel.melbands_flatness_db.stdev": 0.1262640804052353, "lowlevel.melbands_kurtosis.mean": 26.999399185180664, "lowlevel.melbands_kurtosis.stdev": 44.90385055541992, "lowlevel.melbands_skewness.mean": 2.9907989501953125, "lowlevel.melbands_skewness.stdev": 2.3017122745513916, "lowlevel.melbands_spread.mean": 8.373351097106934, "lowlevel.melbands_spread.stdev": 16.728239059448242, "lowlevel.pitch_salience.mean": 0.48201441764831543, "lowlevel.pitch_salience.stdev": 0.14053122699260712, "lowlevel.silence_rate_20dB.mean": 1.0, "lowlevel.silence_rate_20dB.stdev": 0.0, "lowlevel.silence_rate_30dB.mean": 0.9237536787986755, "lowlevel.silence_rate_30dB.stdev": 0.26538175344467163, "lowlevel.silence_rate_60dB.mean": 0.01417399849742651, "lowlevel.silence_rate_60dB.stdev": 0.11821285635232925, "lowlevel.spectral_centroid.mean": 502.05474853515625, "lowlevel.spectral_centroid.stdev": 517.02734375, "lowlevel.spectral_complexity.mean": 9.496578216552734, "lowlevel.spectral_complexity.stdev": 5.159687519073486, "lowlevel.spectral_decrease.mean": -1.2238426272404013e-08, "lowlevel.spectral_decrease.stdev": 1.0086667501241209e-08, "lowlevel.spectral_energy.mean": 0.04752229154109955, "lowlevel.spectral_energy.stdev": 0.03846324607729912, "lowlevel.spectral_energyband_high.mean": 0.00030427088495343924, "lowlevel.spectral_energyband_high.stdev": 0.0009421764989383519, "lowlevel.spectral_energyband_low.mean": 0.02377762831747532, "lowlevel.spectral_energyband_low.stdev": 0.03795387223362923, "lowlevel.spectral_energyband_middle_high.mean": 0.0023912934120744467, "lowlevel.spectral_energyband_middle_high.stdev": 0.005140066146850586, "lowlevel.spectral_energyband_middle_low.mean": 0.022287888452410698, "lowlevel.spectral_energyband_middle_low.stdev": 0.017095664516091347, "lowlevel.spectral_entropy.mean": 6.22431755065918, "lowlevel.spectral_entropy.stdev": 0.8410329222679138, "lowlevel.spectral_flux.mean": 0.06921061873435974, "lowlevel.spectral_flux.stdev": 0.0705120712518692, "lowlevel.spectral_kurtosis.mean": 44.874595642089844, "lowlevel.spectral_kurtosis.stdev": 74.313720703125, "lowlevel.spectral_rms.mean": 0.006281084846705198, "lowlevel.spectral_rms.stdev": 0.0026289329398423433, "lowlevel.spectral_rolloff.mean": 656.5139770507812, "lowlevel.spectral_rolloff.stdev": 1398.1124267578125, "lowlevel.spectral_skewness.mean": 4.275754928588867, "lowlevel.spectral_skewness.stdev": 3.143197536468506, "lowlevel.spectral_spread.mean": 3750387.0, "lowlevel.spectral_spread.stdev": 2458502.75, "lowlevel.spectral_strongpeak.mean": 1.0875556468963623, "lowlevel.spectral_strongpeak.stdev": 1.035919189453125, "lowlevel.zerocrossingrate.mean": 0.02806161344051361, "lowlevel.zerocrossingrate.stdev": 0.04243411868810654, "metadata.audio_properties.analysis.equal_loudness": 0.0, "metadata.audio_properties.analysis.length": 94.97494506835938, "metadata.audio_properties.analysis.sample_rate": 44100.0, "metadata.audio_properties.analysis.start_time": 0.0, "metadata.audio_properties.bit_rate": 124108.0, "metadata.audio_properties.length": 94.97599792480469, "metadata.audio_properties.lossless": 0.0, "metadata.audio_properties.number_channels": 1.0, "metadata.audio_properties.replay_gain": -14.336986541748047, "metadata.audio_properties.sample_rate": 48000.0, "rhythm.beats_count": 216.0, "rhythm.beats_loudness.mean": 0.0620407834649086, "rhythm.beats_loudness.stdev": 0.049687460064888, "rhythm.bpm": 138.42308044433594, "rhythm.bpm_histogram_first_peak_bpm": 140.0, "rhythm.bpm_histogram_first_peak_weight": 0.40760868787765503, "rhythm.bpm_histogram_second_peak_bpm": 133.0, "rhythm.bpm_histogram_second_peak_spread": 0.40000003576278687, "rhythm.bpm_histogram_second_peak_weight": 0.08372092992067337, "rhythm.danceability": 1.1552225351333618, "rhythm.onset_rate": 3.537108898162842, "tonal.chords_changes_rate": 0.043478261679410934, "tonal.chords_number_rate": 0.003908158279955387, "tonal.chords_strength.mean": 0.4658677279949188, "tonal.chords_strength.stdev": 0.09685588628053665, "tonal.hpcp_crest.mean": 16.729110717773438, "tonal.hpcp_crest.stdev": 7.351616382598877, "tonal.hpcp_entropy.mean": 1.5290954113006592, "tonal.hpcp_entropy.stdev": 0.6411194205284119, "tonal.key_edma.strength": 0.8127148747444153, "tonal.key_krumhansl.strength": 0.8142291307449341, "tonal.key_temperley.strength": 0.8151131272315979, "tonal.tuning_diatonic_strength": 0.6218113899230957, "tonal.tuning_equal_tempered_deviation": 0.012052235193550587, "tonal.tuning_frequency": 439.2381896972656, "tonal.tuning_nontempered_energy_ratio": 0.6095723509788513, "lowlevel.barkbands.mean": [0.00011505136353662238, 0.016664324328303337, 0.005886195693165064, 0.002948229433968663, 0.010164896957576275, 0.0024342911783605814, 0.0023838181514292955, 0.002749910345301032, 0.0013471319107338786, 0.0009583845967426896, 0.00046787995961494744, 0.00020951523038093, 0.00022870591783430427, 0.0001839376927819103, 0.00017079434473998845, 0.00010846746590686962, 8.322601934196427e-05, 4.5838805817766115e-05, 4.857684689341113e-05, 3.718932930496521e-05, 3.391614154679701e-05, 5.052685446571559e-05, 5.706633601221256e-05, 5.5277640058193356e-05, 7.251158240251243e-05, 1.5954617992974818e-05, 7.394670547000715e-07], "lowlevel.barkbands.stdev": [0.0003424219030421227, 0.03155415505170822, 0.011895590461790562, 0.006078906357288361, 0.010755523107945919, 0.004163474775850773, 0.003620036179199815, 0.006854281295090914, 0.003362358547747135, 0.0029084228444844484, 0.002164501929655671, 0.0008018522639758885, 0.000862973160110414, 0.0007321973098441958, 0.0006242684321478009, 0.0003844875027425587, 0.00023239167057909071, 0.00018141114560421556, 0.0003330523904878646, 0.00016192111070267856, 0.00013713576481677592, 0.00016749274800531566, 0.00015949454973451793, 0.00020511333423200995, 0.00028333807131275535, 5.0750481022987515e-05, 3.170241143379826e-06], "lowlevel.erbbands.mean": [0.315155953168869, 4.241896152496338, 8.210538864135742, 7.732602119445801, 22.585420608520508, 36.56893539428711, 28.203941345214844, 19.22542381286621, 25.28290367126465, 48.17048263549805, 57.93918228149414, 39.301021575927734, 19.499130249023438, 33.88290023803711, 17.007837295532227, 9.489691734313965, 9.787221908569336, 11.633241653442383, 9.861709594726562, 6.510031223297119, 5.600956439971924, 4.073277473449707, 2.909991502761841, 2.303455114364624, 2.3399817943573, 1.7649492025375366, 1.4660353660583496, 1.3331797122955322, 1.6775765419006348, 2.1402840614318848, 1.4369271993637085, 0.9150437116622925, 1.1227407455444336, 1.0305242538452148, 0.3737250566482544, 0.10788438469171524, 0.02135513536632061, 0.002643339103087783, 0.0001389849348925054, 5.6815548305166885e-05], "lowlevel.erbbands.stdev": [0.7213224172592163, 7.919848918914795, 14.544553756713867, 16.343366622924805, 29.78639030456543, 45.85894775390625, 50.17227554321289, 27.95122718811035, 31.17793083190918, 94.80810546875, 148.1566925048828, 82.2545394897461, 56.763004302978516, 123.48932647705078, 66.35626220703125, 35.25493621826172, 33.69851303100586, 43.98279571533203, 37.354923248291016, 20.391565322875977, 18.745603561401367, 11.491227149963379, 10.013248443603516, 13.149937629699707, 14.919329643249512, 7.756554126739502, 6.034970283508301, 5.35707950592041, 6.045616149902344, 6.032159805297852, 4.144134521484375, 3.4039981365203857, 4.342957973480225, 4.214321136474609, 1.3727271556854248, 0.35147154331207275, 0.06513272970914841, 0.00863791722804308, 0.0005333857843652368, 4.530284786596894e-05], "lowlevel.gfcc.mean": [-85.74467468261719, 151.9705810546875, -65.82735443115234, 2.293686628341675, -59.174556732177734, 4.096086025238037, -48.71428298950195, 3.3864026069641113, -17.335384368896484, -10.223298072814941, -19.119365692138672, -4.098704814910889, -6.874597072601318], "lowlevel.melbands.mean": [0.0038617157842963934, 0.004771046806126833, 0.0017929079476743937, 0.0022302090656012297, 0.0011420577066019177, 0.00041410111589357257, 0.0004419782490003854, 0.0005439574597403407, 0.0004552490427158773, 0.00020919513190165162, 9.014594979817048e-05, 0.00013956740440335125, 5.554023664444685e-05, 3.18861348205246e-05, 1.8450769857736304e-05, 2.3432668967870995e-05, 2.1256473701214418e-05, 1.5208728655125014e-05, 1.077316210285062e-05, 8.642440661787987e-06, 6.116189524618676e-06, 4.441384589881636e-06, 3.3599440030229744e-06, 2.0267725631128997e-06, 1.8155136558561935e-06, 1.909726961457636e-06, 1.4150098195386818e-06, 1.1114917697341298e-06, 9.248881838175294e-07, 7.763341045574634e-07, 7.819047596058226e-07, 9.177803690363362e-07, 1.0523496030145907e-06, 1.2710014516414958e-06, 9.08899778551131e-07, 5.554043696065492e-07, 5.513650194188813e-07, 7.156352239690023e-07, 9.41335088100459e-07, 8.559076150049805e-07], "lowlevel.melbands.stdev": [0.007729706820100546, 0.007892384193837643, 0.002864409936591983, 0.002519426867365837, 0.0017408578423783183, 0.0006206342368386686, 0.0005983958835713565, 0.001161944936029613, 0.0011653222609311342, 0.00047752566752023995, 0.00028485708753578365, 0.0005151827353984118, 0.00022177232312969863, 0.00011462016846053302, 6.641065556323156e-05, 9.407689503859729e-05, 8.568041812395677e-05, 6.033351382939145e-05, 3.51312046404928e-05, 3.073299376410432e-05, 2.1370073227444664e-05, 1.2768941815011203e-05, 1.1140097740280908e-05, 8.244142918556463e-06, 1.0982856110786088e-05, 1.4494206880044658e-05, 7.220346105896169e-06, 4.898764018435031e-06, 3.871766693919199e-06, 3.196328179910779e-06, 3.234301175325527e-06, 3.6288863611844135e-06, 3.2317852856067475e-06, 3.5717525861400645e-06, 2.5526817353238584e-06, 2.027544269367354e-06, 2.1225353066256503e-06, 2.7201156171940966e-06, 3.992811343778158e-06, 3.489340542728314e-06], "lowlevel.melbands128.mean": [9.722831600811332e-05, 0.0016122256638482213, 0.0057204244658350945, 0.00765511579811573, 0.00526161165907979, 0.0024672590661793947, 0.00130294484551996, 0.0016731552314013243, 0.0023430821020156145, 0.002497090958058834, 0.0020724297501146793, 0.0015091324457898736, 0.0009954810375347733, 0.00050442322390154, 0.000513040111400187, 0.00029212041408754885, 0.00019999701180495322, 0.0004844102659262717, 0.0007911905995570123, 0.00044623183202929795, 0.0005132302758283913, 0.0004849094548262656, 0.0005284115322865546, 0.00028108948026783764, 0.00033896914101205766, 0.0001192868294310756, 5.678329762304202e-05, 0.00011001303937518969, 5.567845073528588e-05, 0.0002130263892468065, 0.00014670946984551847, 5.400200097938068e-05, 4.139607335673645e-05, 7.588142761960626e-05, 2.39750552282203e-05, 2.8588527129613794e-05, 2.4782206310192123e-05, 1.1405828445276711e-05, 2.0386703909025528e-05, 2.2336229449138045e-05, 2.3747003069729544e-05, 2.6032734240288846e-05, 2.0613792003132403e-05, 2.3114354917197488e-05, 9.071556632989086e-06, 1.5827663446543738e-05, 1.996097489609383e-05, 1.0951018339255825e-05, 6.433529961213935e-06, 7.456331331923138e-06, 1.0857120287255384e-05, 7.873169124650303e-06, 4.87523266201606e-06, 6.4992514126061e-06, 6.293531896517379e-06, 3.39272173732752e-06, 3.5796972497337265e-06, 4.2671963456086814e-06, 2.809821808114066e-06, 2.7411404062149813e-06, 1.9044567807213753e-06, 1.6191429494938347e-06, 1.6111555396491894e-06, 1.9323947526572738e-06, 2.082132596115116e-06, 1.997081426452496e-06, 1.8146359934689826e-06, 1.414729126736347e-06, 1.4104964520811336e-06, 1.2749088682539877e-06, 1.0755909443105338e-06, 1.094250592359458e-06, 9.016226272251515e-07, 9.028124168253271e-07, 9.514761813989026e-07, 7.816079232725315e-07, 7.142195954656927e-07, 6.751065484422725e-07, 8.165039844243438e-07, 8.197803822440619e-07, 9.739192137203645e-07, 8.992965376819484e-07, 9.350947607345006e-07, 1.0451369689690182e-06, 1.180109165943577e-06, 1.2731965171042248e-06, 1.313947564085538e-06, 1.21612140446814e-06, 9.285267879022285e-07, 6.667943921456754e-07, 5.834464218423818e-07, 5.342001259123208e-07, 4.796845587407006e-07, 5.39119810127886e-07, 6.14172961377335e-07, 5.931518103352573e-07, 7.276692031155108e-07, 8.974833463071263e-07, 9.034687877829128e-07, 1.0019252840720583e-06, 1.008713070405065e-06, 8.254465342361073e-07, 7.100628636180772e-07, 4.964920776728832e-07, 3.850128109661455e-07, 3.0765636438445654e-07, 2.775145162559056e-07, 2.6359711569057254e-07, 1.6219475185152987e-07, 1.1837187940955118e-07, 1.0149897633482396e-07, 8.236611392931081e-08, 5.9248073114304134e-08, 4.1647950865808525e-08, 3.0407740325699706e-08, 2.328473058810232e-08, 1.6297954985589058e-08, 9.739253847840246e-09, 3.6623972743399236e-09, 1.774549729383068e-09, 1.2428856832613633e-09, 2.9584909522206715e-10, 1.0753906445892802e-11, 9.444559717630696e-12, 8.279469124183869e-12, 6.7367942821472404e-12, 5.809042916832263e-12, 5.6513496139720676e-12], "lowlevel.melbands128.stdev": [0.0003260202647652477, 0.004762042313814163, 0.012673483230173588, 0.014583512209355831, 0.009430896490812302, 0.005307786166667938, 0.003631812520325184, 0.0031340518034994602, 0.003723406232893467, 0.0038378764875233173, 0.0030650345142930746, 0.0029364097863435745, 0.0022395302075892687, 0.0012563521740958095, 0.000905990949831903, 0.0005488343304023147, 0.000457363115856424, 0.000740533578209579, 0.0015248177805915475, 0.0011655938578769565, 0.001996437320485711, 0.0014495209325104952, 0.0018102949252352118, 0.0009938613511621952, 0.0007782425964251161, 0.000591214862652123, 0.0003044225450139493, 0.0004908607224933803, 0.0002172152599086985, 0.0008618643623776734, 0.0007323738536797464, 0.0003644442476797849, 0.00024244602536782622, 0.00041381982737220824, 0.00012831389904022217, 0.00014743473730050027, 0.000135981070343405, 7.548610301455483e-05, 9.853235678747296e-05, 0.00011067112063756213, 0.00012039138528052717, 0.00018854574591387063, 0.00010686343011911958, 0.00012637766485568136, 5.099669215269387e-05, 9.616234456188977e-05, 0.00010213576024398208, 4.7631772758904845e-05, 3.1506420782534406e-05, 4.0548446122556925e-05, 4.707471816800535e-05, 4.028313560411334e-05, 3.1210420274874195e-05, 2.664844214450568e-05, 2.2431928300647996e-05, 1.2899837201985065e-05, 1.4044277122593485e-05, 1.56670776050305e-05, 1.1180938599864021e-05, 1.0239034054393414e-05, 8.736946256249212e-06, 8.677632649778388e-06, 8.760996934142895e-06, 1.2921037523483392e-05, 1.971726305782795e-05, 1.7473825209890492e-05, 1.370768677588785e-05, 8.056845217652153e-06, 7.317755716940155e-06, 6.488519375125179e-06, 5.465416506922338e-06, 5.00744545206544e-06, 3.929845661332365e-06, 4.064605036546709e-06, 4.539298515737755e-06, 3.3184169296873733e-06, 3.2357947929995134e-06, 2.996189095938462e-06, 3.602715878514573e-06, 3.59092064172728e-06, 4.220265054755146e-06, 3.876384653267451e-06, 3.450042868280434e-06, 3.365817065059673e-06, 3.491078359729727e-06, 3.980272140324814e-06, 4.09330232287175e-06, 3.4642853279365227e-06, 2.7161163416167255e-06, 2.2167594124766765e-06, 2.234816975033027e-06, 2.0880486317764735e-06, 2.017331098613795e-06, 2.298874960615649e-06, 2.3632344436919084e-06, 2.217021346950787e-06, 2.9609705052280333e-06, 4.003151389042614e-06, 3.832814400084317e-06, 4.7064831960597076e-06, 4.498027010413352e-06, 3.389618768778746e-06, 3.045527137146564e-06, 2.147688064724207e-06, 1.4335304285850725e-06, 1.0560029295447748e-06, 1.0328624284738908e-06, 9.8501675438456e-07, 5.300089469528757e-07, 4.030920877085009e-07, 3.577375480290357e-07, 2.642699428179185e-07, 1.8834515458365786e-07, 1.4477359400189016e-07, 1.0776712144888734e-07, 8.184014177459176e-08, 6.297670296362412e-08, 3.981542917586012e-08, 2.4506327633844194e-08, 1.9438360254753206e-08, 1.4367137701754018e-08, 3.97504384963554e-09, 7.63270974202257e-11, 5.7852726081941697e-11, 4.040757659029559e-11, 1.8944528237807567e-11, 9.806983350402199e-12, 9.520475553748131e-12], "lowlevel.mfcc.mean": [-745.7929077148438, 188.6559600830078, 45.642574310302734, 6.562397003173828, 12.810317993164062, -4.44658899307251, -15.126404762268066, 1.534389615058899, 1.195130705833435, -6.919758319854736, -3.230945348739624, -7.835394859313965, -0.4187777042388916], "lowlevel.spectral_contrast_coeffs.mean": [-0.5990589261054993, -0.6643905639648438, -0.723162829875946, -0.7881538271903992, -0.7850604057312012, -0.8136813640594482], "lowlevel.spectral_contrast_coeffs.stdev": [0.10590255260467529, 0.07586401700973511, 0.08342823386192322, 0.05774543434381485, 0.05543658509850502, 0.05040363222360611], "lowlevel.spectral_contrast_valleys.mean": [-6.8375444412231445, -7.0936360359191895, -8.43697738647461, -8.99855899810791, -9.767017364501953, -11.638733863830566], "lowlevel.spectral_contrast_valleys.stdev": [1.2807459831237793, 1.0627319812774658, 1.0543473958969116, 1.237464427947998, 1.7650501728057861, 1.9198684692382812], "rhythm.beats_loudness_band_ratio.mean": [0.5077027082443237, 0.2949349284172058, 0.1555994600057602, 0.04913589730858803, 0.01988896355032921, 0.02015053480863571], "rhythm.beats_loudness_band_ratio.stdev": [0.33451732993125916, 0.24242638051509857, 0.1747596114873886, 0.10391392558813095, 0.03896942362189293, 0.06435971707105637], "tonal.hpcp.mean": [0.1913909614086151, 0.1261809915304184, 0.1374329775571823, 0.26455551385879517, 0.16531388461589813, 0.018962090834975243, 0.015401641838252544, 0.02097182162106037, 0.11889147758483887, 0.21517030894756317, 0.12447361648082733, 0.023123234510421753, 0.014354159124195576, 0.017788365483283997, 0.08816955238580704, 0.22268381714820862, 0.1602395921945572, 0.02555307373404503, 0.020831482484936714, 0.014417782425880432, 0.027543067932128906, 0.05975411832332611, 0.04839256405830383, 0.164750874042511, 0.28675904870033264, 0.1420997530221939, 0.015457849949598312, 0.012248799204826355, 0.015880431979894638, 0.13059772551059723, 0.21570870280265808, 0.10597185790538788, 0.015368198044598103, 0.011972845532000065, 0.022129127755761147, 0.10693471133708954], "tonal.hpcp.stdev": [0.32138511538505554, 0.23242288827896118, 0.21227794885635376, 0.3701874613761902, 0.24625985324382782, 0.09953105449676514, 0.09021547436714172, 0.1100553497672081, 0.22063225507736206, 0.3411213755607605, 0.2265125811100006, 0.11395514011383057, 0.09186841547489166, 0.10261987149715424, 0.17024846374988556, 0.3358573317527771, 0.2715582847595215, 0.11282576620578766, 0.12202827632427216, 0.08585235476493835, 0.08576550334692001, 0.15577556192874908, 0.12071698904037476, 0.23970231413841248, 0.3817680776119232, 0.21005332469940186, 0.08483676612377167, 0.07189235836267471, 0.08442642539739609, 0.23107196390628815, 0.3518943786621094, 0.1893041431903839, 0.07965108007192612, 0.07734263688325882, 0.11218209564685822, 0.21579335629940033], "rhythm.beats_position": [0.4760090708732605, 0.9287981986999512, 1.369977355003357, 1.8111563920974731, 2.252335548400879, 2.693514585494995, 3.1230838298797607, 3.5526530742645264, 3.982222080230713, 4.423401355743408, 4.852970600128174, 5.282539367675781, 5.723718643188477, 6.153287887573242, 6.582857131958008, 7.012426376342773, 7.441995143890381, 7.883174419403076, 8.324353218078613, 8.765532493591309, 9.195101737976074, 9.62467098236084, 10.054240226745605, 10.4954195022583, 10.924988746643066, 11.354557991027832, 11.784127235412598, 12.213695526123047, 12.631654739379883, 13.061223983764648, 13.490793228149414, 13.93197250366211, 14.373151779174805, 14.8143310546875, 15.255510330200195, 15.685078620910645, 16.114648818969727, 16.555828094482422, 16.973787307739258, 17.414966583251953, 17.856143951416016, 18.28571319580078, 18.715282440185547, 19.156461715698242, 19.586030960083008, 20.015600204467773, 20.45677947998047, 20.886348724365234, 21.31591796875, 21.745487213134766, 22.17505645751953, 22.616235733032227, 23.034194946289062, 23.475374221801758, 23.916553497314453, 24.34612274169922, 24.775691986083984, 25.20526123046875, 25.634828567504883, 26.076007843017578, 26.517187118530273, 26.95836639404297, 27.387935638427734, 27.8175048828125, 28.258684158325195, 28.68825340270996, 29.117822647094727, 29.547391891479492, 29.976961135864258, 30.418140411376953, 30.84770965576172, 31.277278900146484, 31.71845817565918, 32.14802551269531, 32.57759475708008, 33.018775939941406, 33.44834518432617, 33.87791442871094, 34.319091796875, 34.748661041259766, 35.17823028564453, 35.6077995300293, 36.03736877441406, 36.47854995727539, 36.90811538696289, 37.337684631347656, 37.778865814208984, 38.20843505859375, 38.638004302978516, 39.07918167114258, 39.520362854003906, 39.93832015991211, 40.37950134277344, 40.8206787109375, 41.250247955322266, 41.67981719970703, 42.12099838256836, 42.550567626953125, 42.98013687133789, 43.42131423950195, 43.85088348388672, 44.280452728271484, 44.71002197265625, 45.139591217041016, 45.58076858520508, 46.010337829589844, 46.43990707397461, 46.88108825683594, 47.3106575012207, 47.74022674560547, 48.18140411376953, 48.6109733581543, 49.052154541015625, 49.48172378540039, 49.911293029785156, 50.34086227416992, 50.77043151855469, 51.21160888671875, 51.641178131103516, 52.07074737548828, 52.50031661987305, 52.94149398803711, 53.38267517089844, 53.8122444152832, 54.24181365966797, 54.68299102783203, 55.12417221069336, 55.553741455078125, 55.98331069946289, 56.412879943847656, 56.84244918823242, 57.283626556396484, 57.71319580078125, 58.142765045166016, 58.583946228027344, 59.01351547241211, 59.443084716796875, 59.872650146484375, 60.30221939086914, 60.74340057373047, 61.172969818115234, 61.6025390625, 62.04371643066406, 62.47328567504883, 62.914466857910156, 63.34403610229492, 63.785213470458984, 64.21478271484375, 64.64435577392578, 65.08553314208984, 65.50349426269531, 65.93305969238281, 66.36263275146484, 66.79219818115234, 67.22177124023438, 67.66294860839844, 68.09251403808594, 68.53369140625, 68.98648071289062, 69.41605377197266, 69.84561920166016, 70.28680419921875, 70.71636962890625, 71.14594268798828, 71.58712005615234, 72.03990936279297, 72.48108673095703, 72.93387603759766, 73.39827728271484, 73.85106658935547, 74.3038558959961, 74.74503326416016, 75.17459869384766, 75.60417175292969, 76.03373718261719, 76.47492218017578, 76.9277114868164, 77.38050079345703, 77.84489440917969, 78.29768371582031, 78.72725677490234, 79.15682220458984, 79.5979995727539, 80.01596069335938, 80.48036193847656, 80.94476318359375, 81.39755249023438, 81.86194610595703, 82.32634735107422, 82.7907485961914, 83.24353790283203, 83.70793151855469, 84.16072082519531, 84.6019058227539, 85.04308319091797, 85.47264862060547, 85.91383361816406, 86.34339904785156, 86.7729721069336, 87.2025375366211, 87.64371490478516, 88.08489990234375, 88.51446533203125, 88.96725463867188, 89.4200439453125, 89.86122131347656, 90.31401062011719, 90.76679992675781, 91.231201171875, 91.67237854003906, 92.13677978515625, 92.58956909179688, 93.05397033691406, 93.52997589111328, 93.9827651977539, 94.4471664428711], "rhythm.bpm_histogram": [0.0, 0.0, 0.0, 0.0, 0.0, 0.0, 0.0, 0.0, 0.0, 0.0, 0.0, 0.0, 0.0, 0.0, 0.0, 0.0, 0.0, 0.0, 0.0, 0.0, 0.0, 0.0, 0.0, 0.0, 0.0, 0.0, 0.0, 0.0, 0.0, 0.0, 0.0, 0.0, 0.0, 0.0, 0.0, 0.0, 0.0, 0.0, 0.0, 0.0, 0.0, 0.0, 0.0, 0.0, 0.0, 0.0, 0.0, 0.0, 0.0, 0.0, 0.0, 0.0, 0.0, 0.0, 0.0, 0.0, 0.0, 0.0, 0.0, 0.0, 0.0, 0.0, 0.0, 0.0, 0.0, 0.0, 0.0, 0.0, 0.0, 0.0, 0.0, 0.0, 0.0, 0.0, 0.0, 0.0, 0.0, 0.0, 0.0, 0.0, 0.0, 0.0, 0.0, 0.0, 0.0, 0.0, 0.0, 0.0, 0.0, 0.0, 0.0, 0.0, 0.0, 0.0, 0.0, 0.0, 0.0, 0.0, 0.0, 0.0, 0.0, 0.0, 0.0, 0.0, 0.0, 0.0, 0.0, 0.0, 0.0, 0.0, 0.0, 0.0, 0.0, 0.0, 0.0, 0.0, 0.0, 0.0, 0.0, 0.0, 0.0, 0.0, 0.0, 0.0, 0.0, 0.0, 0.004651162773370743, 0.0, 0.0, 0.055813953280448914, 0.0, 0.0, 0.0, 0.08372092992067337, 0.0, 0.0, 0.32093024253845215, 0.0, 0.0, 0.0, 0.5069767236709595, 0.0, 0.0, 0.0, 0.027906976640224457, 0.0, 0.0, 0.0, 0.0, 0.0, 0.0, 0.0, 0.0, 0.0, 0.0, 0.0, 0.0, 0.0, 0.0, 0.0, 0.0, 0.0, 0.0, 0.0, 0.0, 0.0, 0.0, 0.0, 0.0, 0.0, 0.0, 0.0, 0.0, 0.0, 0.0, 0.0, 0.0, 0.0, 0.0, 0.0, 0.0, 0.0, 0.0, 0.0, 0.0, 0.0, 0.0, 0.0, 0.0, 0.0, 0.0, 0.0, 0.0, 0.0, 0.0, 0.0, 0.0, 0.0, 0.0, 0.0, 0.0, 0.0, 0.0, 0.0, 0.0, 0.0, 0.0, 0.0, 0.0, 0.0, 0.0, 0.0, 0.0, 0.0, 0.0, 0.0, 0.0, 0.0, 0.0, 0.0, 0.0, 0.0, 0.0, 0.0, 0.0, 0.0, 0.0, 0.0, 0.0, 0.0, 0.0, 0.0, 0.0, 0.0, 0.0, 0.0, 0.0, 0.0, 0.0, 0.0, 0.0, 0.0, 0.0, 0.0, 0.0, 0.0, 0.0, 0.0, 0.0, 0.0], "tonal.chords_histogram": [14.509037971496582, 6.5461649894714355, 46.45823287963867, 4.20127010345459, 3.321934461593628, 0.0, 0.04885197803378105, 0.0, 0.830483615398407, 0.0, 0.7327796816825867, 0.0, 0.0, 0.0, 0.0, 0.0, 0.0, 0.0, 0.0, 1.1235954761505127, 0.14655593037605286, 4.640937805175781, 0.0, 17.440156936645508], "tonal.thpcp": [1.0, 0.495537132024765, 0.05390536040067673, 0.04271460324525833, 0.05537901073694229, 0.4554266929626465, 0.7522298097610474, 0.3695501685142517, 0.05359272286295891, 0.04175228625535965, 0.0771697610616684, 0.3729078769683838, 0.6674277782440186, 0.4400244355201721, 0.47926291823387146, 0.9225707650184631, 0.576490581035614, 0.06612551957368851, 0.053709350526332855, 0.07313394546508789, 0.4146040976047516, 0.7503522634506226, 0.4340704083442688, 0.08063645660877228, 0.050056517124176025, 0.06203244626522064, 0.30746912956237793, 0.776553750038147, 0.5587952136993408, 0.08910991251468658, 0.07264455407857895, 0.05027838796377182, 0.09604951739311218, 0.20837745070457458, 0.1687568873167038, 0.5745272040367126], "lowlevel.gfcc.cov": [[13958.6259765625, -4938.08251953125, -658.9107666015625, 1685.2642822265625, -2136.197998046875, 1383.350341796875, -1144.22802734375, 201.88351440429688, -620.1727905273438, 726.7412719726562, -591.8292846679688, 5.867321014404297, -636.7848510742188], [-4938.08251953125, 5233.87353515625, 602.71142578125, -1354.4276123046875, 1528.638427734375, -926.5680541992188, 1031.8551025390625, 66.42546844482422, 670.1012573242188, -620.4989013671875, 409.2770690917969, -161.58619689941406, 428.1709899902344], [-658.9107666015625, 602.71142578125, 1097.935791015625, 418.3284606933594, 305.3155517578125, 242.1464080810547, 348.9061584472656, 109.26687622070312, 201.12646484375, 60.07710647583008, 149.38592529296875, -5.092472076416016, 42.93801498413086], [1685.2642822265625, -1354.4276123046875, 418.3284606933594, 1351.5648193359375, -129.08160400390625, 319.8561096191406, -111.6488265991211, 135.71377563476562, 29.6973819732666, 258.0400695800781, -7.129988193511963, 21.182777404785156, -37.249473571777344], [-2136.197998046875, 1528.638427734375, 305.3155517578125, -129.08160400390625, 838.389892578125, -240.13304138183594, 347.9466552734375, 49.29196548461914, 267.8160400390625, -134.6665496826172, 193.25592041015625, -17.037052154541016, 179.0570068359375], [1383.350341796875, -926.5680541992188, 242.1464080810547, 319.8561096191406, -240.13304138183594, 576.9965209960938, -37.538116455078125, 15.964991569519043, -116.63980102539062, 203.65139770507812, -19.268409729003906, 20.35352897644043, -132.906982421875], [-1144.22802734375, 1031.8551025390625, 348.9061584472656, -111.6488265991211, 347.9466552734375, -37.538116455078125, 599.626953125, 159.41796875, 162.14695739746094, -65.11734771728516, 159.4006805419922, -8.00817584991455, 97.15794372558594], [201.88351440429688, 66.42546844482422, 109.26687622070312, 135.71377563476562, 49.29196548461914, 15.964991569519043, 159.41796875, 229.15280151367188, 144.2911834716797, 5.050271034240723, 15.686075210571289, 8.149503707885742, 36.99015426635742], [-620.1727905273438, 670.1012573242188, 201.12646484375, 29.6973819732666, 267.8160400390625, -116.63980102539062, 162.14695739746094, 144.2911834716797, 356.8882141113281, -20.410934448242188, 53.41651153564453, -28.881799697875977, 118.21435546875], [726.7412719726562, -620.4989013671875, 60.07710647583008, 258.0400695800781, -134.6665496826172, 203.65139770507812, -65.11734771728516, 5.050271034240723, -20.410934448242188, 215.09901428222656, 5.452950954437256, 1.1158907413482666, -44.410125732421875], [-591.8292846679688, 409.2770690917969, 149.38592529296875, -7.129988193511963, 193.25592041015625, -19.268409729003906, 159.4006805419922, 15.686075210571289, 53.41651153564453, 5.452950954437256, 167.23947143554688, 25.982816696166992, 50.123130798339844], [5.867321014404297, -161.58619689941406, -5.092472076416016, 21.182777404785156, -17.037052154541016, 20.35352897644043, -8.00817584991455, 8.149503707885742, -28.881799697875977, 1.1158907413482666, 25.982816696166992, 114.67833709716797, 19.348119735717773], [-636.7848510742188, 428.1709899902344, 42.93801498413086, -37.249473571777344, 179.0570068359375, -132.906982421875, 97.15794372558594, 36.99015426635742, 118.21435546875, -44.410125732421875, 50.123130798339844, 19.348119735717773, 151.88706970214844]], "lowlevel.gfcc.icov": [[0.00026078862720169127, -0.0004877900646533817, 0.0003902709868270904, -0.0005069553153589368, 0.0006298811640590429, -0.000614810036495328, 0.00045892407069914043, -0.0006595085724256933, 0.00035619811387732625, -0.000578112609218806, 0.0004521324881352484, -0.0003608681436162442, 0.00027079711435362697], [-0.0004877900646533817, 0.0029617922846227884, -0.0016152801690623164, 0.002271428471431136, -0.0023844102397561073, 0.002153892768546939, -0.0019857909064739943, 0.002203513402491808, -0.002115621231496334, 0.0033928954508155584, -0.0023458467330783606, 0.002791699254885316, -0.000894229335244745], [0.0003902709868270904, -0.0016152801690623164, 0.0028294450603425503, -0.0019610822200775146, 0.0012530966196209192, -0.002413834212347865, 0.0002775398315861821, -0.0005096694803796709, 6.422030128305778e-05, -0.001085371244698763, 0.0007687575416639447, -0.001424776273779571, 0.0008264833595603704], [-0.0005069553153589368, 0.002271428471431136, -0.0019610822200775146, 0.003167978720739484, -0.002144502243027091, 0.001908005797304213, -0.0008664652123115957, 0.0006515084533020854, -0.0010865099029615521, 0.0012909022625535727, -0.0016948201227933168, 0.002071097493171692, -0.0010854288702830672], [0.0006298811640590429, -0.0023844102397561073, 0.0012530966196209192, -0.002144502243027091, 0.005032898858189583, -0.0018255931790918112, 0.0011446080170571804, -0.001093612634576857, 0.00039615912828594446, -0.0015013106167316437, 2.9161054044379853e-05, -0.0015915019903331995, -6.841863068984821e-05], [-0.000614810036495328, 0.002153892768546939, -0.002413834212347865, 0.001908005797304213, -0.0018255931790918112, 0.005997380241751671, -0.0018659093184396625, 0.0013654353097081184, -0.0004753284156322479, -0.000511570309754461, -0.001107966061681509, 0.0009735495550557971, 0.0012240058276802301], [0.00045892407069914043, -0.0019857909064739943, 0.0002775398315861821, -0.0008664652123115957, 0.0011446080170571804, -0.0018659093184396625, 0.005461675580590963, -0.004748322535306215, 0.0024291088338941336, -0.0018667959375306964, -0.0006491338717751205, -0.0006128788227215409, -0.00023247767239809036], [-0.0006595085724256933, 0.002203513402491808, -0.0005096694803796709, 0.0006515084533020854, -0.001093612634576857, 0.0013654353097081184, -0.004748322535306215, 0.011251906864345074, -0.005839680787175894, 0.0037112587597221136, -0.0006007011397741735, 0.00010172264592256397, -7.622884004376829e-05], [0.00035619811387732625, -0.002115621231496334, 6.422030128305778e-05, -0.0010865099029615521, 0.00039615912828594446, -0.0004753284156322479, 0.0024291088338941336, -0.005839680787175894, 0.008477313444018364, -0.004196098539978266, 0.0021987545769661665, 1.3760783076577354e-05, -0.002394083421677351], [-0.000578112609218806, 0.0033928954508155584, -0.001085371244698763, 0.0012909022625535727, -0.0015013106167316437, -0.000511570309754461, -0.0018667959375306964, 0.0037112587597221136, -0.004196098539978266, 0.013504109345376492, -0.005614760797470808, 0.004289043601602316, -0.0012315597850829363], [0.0004521324881352484, -0.0023458467330783606, 0.0007687575416639447, -0.0016948201227933168, 2.9161054044379853e-05, -0.001107966061681509, -0.0006491338717751205, -0.0006007011397741735, 0.0021987545769661665, -0.005614760797470808, 0.013258562423288822, -0.0052414545789361, 0.00037251488538458943], [-0.0003608681436162442, 0.002791699254885316, -0.001424776273779571, 0.002071097493171692, -0.0015915019903331995, 0.0009735495550557971, -0.0006128788227215409, 0.00010172264592256397, 1.3760783076577354e-05, 0.004289043601602316, -0.0052414545789361, 0.01361445989459753, -0.004137923009693623], [0.00027079711435362697, -0.000894229335244745, 0.0008264833595603704, -0.0010854288702830672, -6.841863068984821e-05, 0.0012240058276802301, -0.00023247767239809036, -7.622884004376829e-05, -0.002394083421677351, -0.0012315597850829363, 0.00037251488538458943, -0.004137923009693623, 0.012966545298695564]], "lowlevel.mfcc.cov": [[11034.845703125, -5108.84326171875, -80.4758529663086, -160.5386199951172, -376.094482421875, 196.52764892578125, -175.0502471923828, -547.2743530273438, -363.9494323730469, 52.14370346069336, 235.9432830810547, -357.7739562988281, 46.936370849609375], [-5108.84326171875, 4919.677734375, -38.988250732421875, -146.81402587890625, 158.3644256591797, -259.6750183105469, 122.78561401367188, 545.0458374023438, 392.9449768066406, 139.0697479248047, -14.585824012756348, 267.9428405761719, -9.624953269958496], [-80.4758529663086, -38.988250732421875, 885.61572265625, 322.1243896484375, 104.34126281738281, 244.12046813964844, 204.71688842773438, 134.93223571777344, 113.4361572265625, 163.63279724121094, 27.38315200805664, 198.0572052001953, 88.21185302734375], [-160.5386199951172, -146.81402587890625, 322.1243896484375, 826.2919311523438, 254.6519317626953, 67.34867095947266, 96.02641296386719, 109.5888671875, 191.9647216796875, 162.85882568359375, -42.31292724609375, 218.72193908691406, 87.0166244506836], [-376.094482421875, 158.3644256591797, 104.34126281738281, 254.6519317626953, 428.54315185546875, 104.42613220214844, -29.24477767944336, 27.889184951782227, 76.91885375976562, 47.968135833740234, 2.712585687637329, 88.83769226074219, 36.753536224365234], [196.52764892578125, -259.6750183105469, 244.12046813964844, 67.34867095947266, 104.42613220214844, 329.0633544921875, 173.23312377929688, -14.495199203491211, -23.682767868041992, 45.873931884765625, 73.92916870117188, 40.2086296081543, 13.80175495147705], [-175.0502471923828, 122.78561401367188, 204.71688842773438, 96.02641296386719, -29.24477767944336, 173.23312377929688, 368.7597351074219, 115.4426498413086, -2.427741050720215, 66.23744201660156, 58.787689208984375, 87.06170654296875, 21.2536678314209], [-547.2743530273438, 545.0458374023438, 134.93223571777344, 109.5888671875, 27.889184951782227, -14.495199203491211, 115.4426498413086, 288.921875, 136.1934356689453, 74.91301727294922, 11.027337074279785, 109.19367980957031, 44.70964050292969], [-363.9494323730469, 392.9449768066406, 113.4361572265625, 191.9647216796875, 76.91885375976562, -23.682767868041992, -2.427741050720215, 136.1934356689453, 273.8322448730469, 149.85076904296875, -1.0505222082138062, 118.56502532958984, 46.87469482421875], [52.14370346069336, 139.0697479248047, 163.63279724121094, 162.85882568359375, 47.968135833740234, 45.873931884765625, 66.23744201660156, 74.91301727294922, 149.85076904296875, 255.01779174804688, 59.355628967285156, 106.22615051269531, 20.51395606994629], [235.9432830810547, -14.585824012756348, 27.38315200805664, -42.31292724609375, 2.712585687637329, 73.92916870117188, 58.787689208984375, 11.027337074279785, -1.0505222082138062, 59.355628967285156, 131.72076416015625, 13.427660942077637, -0.8152400851249695], [-357.7739562988281, 267.9428405761719, 198.0572052001953, 218.72193908691406, 88.83769226074219, 40.2086296081543, 87.06170654296875, 109.19367980957031, 118.56502532958984, 106.22615051269531, 13.427660942077637, 216.08119201660156, 66.1410903930664], [46.936370849609375, -9.624953269958496, 88.21185302734375, 87.0166244506836, 36.753536224365234, 13.80175495147705, 21.2536678314209, 44.70964050292969, 46.87469482421875, 20.51395606994629, -0.8152400851249695, 66.1410903930664, 112.55294036865234]], "lowlevel.mfcc.icov": [[0.00020338162721600384, 0.00021143803314771503, 7.796140380378347e-06, 4.900780550087802e-05, 6.827671313658357e-05, 6.863553426228464e-05, 5.4145712056197226e-05, -2.397325079073198e-05, 9.95041318674339e-06, -0.00020063741249032319, -0.00031376309925690293, 0.00013926798419561237, -0.00019383292237762362], [0.00021143803314771503, 0.0005616994458250701, 3.2398613257100806e-05, 0.00038303775363601744, -0.0002366281987633556, 0.0004395238065626472, -0.0001896432222565636, -0.0004289515200071037, -0.00034782857983373106, -0.00012778639211319387, -0.0002411083405604586, -0.00024022511206567287, 0.0001754833065206185], [7.796140380378347e-06, 3.2398613257100806e-05, 0.0019920847844332457, -0.00029870326397940516, 0.0003579746116884053, -0.0015302711399272084, 0.00013878186291549355, -0.0005920811672694981, 0.00023844830866437405, -0.0006657806225121021, 0.0007048614788800478, -0.0008582692826166749, -0.0005195743287913501], [4.900780550087802e-05, 0.00038303775363601744, -0.00029870326397940516, 0.0025656356010586023, -0.0013099581701681018, 0.0007487966795451939, -0.0008691653492860496, 6.0276339354459196e-05, -0.0008830671431496739, -0.0005628596991300583, 0.001210312475450337, -0.0013079731725156307, -1.3246783964859787e-05], [6.827671313658357e-05, -0.0002366281987633556, 0.0003579746116884053, -0.0013099581701681018, 0.00398288294672966, -0.002383924787864089, 0.0019204594427719712, -0.000249378674197942, 0.00022279511904343963, 0.00013475707964971662, -0.00023651290393900126, -0.00048112054355442524, -0.0004246922326274216], [6.863553426228464e-05, 0.0004395238065626472, -0.0015302711399272084, 0.0007487966795451939, -0.002383924787864089, 0.007362012285739183, -0.003461209824308753, 0.0017