{"song_id": "1183703995806650388", "download": "https://cdn.discordapp.com/attachments/1135911532732108921/1183703995806650388/chirp.mp4?ex=65894d40&amp", "lyrics": "-", "style": ["gangster rap lofi"], "essentia_features": {"lowlevel.average_loudness": 0.9604076743125916, "lowlevel.barkbands_crest.mean": 14.675994873046875, "lowlevel.barkbands_crest.stdev": 5.272127628326416, "lowlevel.barkbands_flatness_db.mean": 0.17992067337036133, "lowlevel.barkbands_flatness_db.stdev": 0.08036504685878754, "lowlevel.barkbands_kurtosis.mean": 30.139421463012695, "lowlevel.barkbands_kurtosis.stdev": 69.04364013671875, "lowlevel.barkbands_skewness.mean": 3.427241325378418, "lowlevel.barkbands_skewness.stdev": 3.03239107131958, "lowlevel.barkbands_spread.mean": 14.37246322631836, "lowlevel.barkbands_spread.stdev": 13.874170303344727, "lowlevel.dissonance.mean": 0.46078285574913025, "lowlevel.dissonance.stdev": 0.032346438616514206, "lowlevel.dynamic_complexity": 4.3441243171691895, "lowlevel.erbbands_crest.mean": 10.336897850036621, "lowlevel.erbbands_crest.stdev": 5.306315898895264, "lowlevel.erbbands_flatness_db.mean": 0.148419588804245, "lowlevel.erbbands_flatness_db.stdev": 0.038455523550510406, "lowlevel.erbbands_kurtosis.mean": 1.3275947570800781, "lowlevel.erbbands_kurtosis.stdev": 3.2775514125823975, "lowlevel.erbbands_skewness.mean": 0.7576138377189636, "lowlevel.erbbands_skewness.stdev": 0.9832151532173157, "lowlevel.erbbands_spread.mean": 45.411949157714844, "lowlevel.erbbands_spread.stdev": 22.152807235717773, "lowlevel.hfc.mean": 7.606308937072754, "lowlevel.hfc.stdev": 9.914119720458984, "lowlevel.loudness_ebu128.integrated": -15.50273323059082, "lowlevel.loudness_ebu128.loudness_range": 2.172138214111328, "lowlevel.loudness_ebu128.momentary.mean": -16.002094268798828, "lowlevel.loudness_ebu128.momentary.stdev": 2.357637882232666, "lowlevel.loudness_ebu128.short_term.mean": -15.70793342590332, "lowlevel.loudness_ebu128.short_term.stdev": 0.7869851589202881, "lowlevel.melbands_crest.mean": 18.310993194580078, "lowlevel.melbands_crest.stdev": 5.863043785095215, "lowlevel.melbands_flatness_db.mean": 0.26846206188201904, "lowlevel.melbands_flatness_db.stdev": 0.10465604811906815, "lowlevel.melbands_kurtosis.mean": 49.674983978271484, "lowlevel.melbands_kurtosis.stdev": 75.24667358398438, "lowlevel.melbands_skewness.mean": 4.448296070098877, "lowlevel.melbands_skewness.stdev": 2.815206289291382, "lowlevel.melbands_spread.mean": 13.371045112609863, "lowlevel.melbands_spread.stdev": 15.875345230102539, "lowlevel.pitch_salience.mean": 0.4579079747200012, "lowlevel.pitch_salience.stdev": 0.15828566253185272, "lowlevel.silence_rate_20dB.mean": 1.0, "lowlevel.silence_rate_20dB.stdev": 0.0, "lowlevel.silence_rate_30dB.mean": 0.9507532119750977, "lowlevel.silence_rate_30dB.stdev": 0.21638448536396027, "lowlevel.silence_rate_60dB.mean": 0.19988413155078888, "lowlevel.silence_rate_60dB.stdev": 0.3999083638191223, "lowlevel.spectral_centroid.mean": 922.5505981445312, "lowlevel.spectral_centroid.stdev": 711.6932373046875, "lowlevel.spectral_complexity.mean": 8.962920188903809, "lowlevel.spectral_complexity.stdev": 9.4442777633667, "lowlevel.spectral_decrease.mean": -6.918398742783438e-09, "lowlevel.spectral_decrease.stdev": 9.969185477132214e-09, "lowlevel.spectral_energy.mean": 0.02680152840912342, "lowlevel.spectral_energy.stdev": 0.03818240389227867, "lowlevel.spectral_energyband_high.mean": 0.0002977873955387622, "lowlevel.spectral_energyband_high.stdev": 0.0005694840801879764, "lowlevel.spectral_energyband_low.mean": 0.0160471610724926, "lowlevel.spectral_energyband_low.stdev": 0.03320036828517914, "lowlevel.spectral_energyband_middle_high.mean": 0.0010021037887781858, "lowlevel.spectral_energyband_middle_high.stdev": 0.0015788275049999356, "lowlevel.spectral_energyband_middle_low.mean": 0.010586049407720566, "lowlevel.spectral_energyband_middle_low.stdev": 0.018724752590060234, "lowlevel.spectral_entropy.mean": 7.372276306152344, "lowlevel.spectral_entropy.stdev": 0.5464280843734741, "lowlevel.spectral_flux.mean": 0.0821656733751297, "lowlevel.spectral_flux.stdev": 0.08712739497423172, "lowlevel.spectral_kurtosis.mean": 4.8791093826293945, "lowlevel.spectral_kurtosis.stdev": 3.7945640087127686, "lowlevel.spectral_rms.mean": 0.00413376884534955, "lowlevel.spectral_rms.stdev": 0.003009943524375558, "lowlevel.spectral_rolloff.mean": 909.11865234375, "lowlevel.spectral_rolloff.stdev": 1295.7113037109375, "lowlevel.spectral_skewness.mean": 1.5627039670944214, "lowlevel.spectral_skewness.stdev": 0.694758951663971, "lowlevel.spectral_spread.mean": 4274190.5, "lowlevel.spectral_spread.stdev": 979065.5625, "lowlevel.spectral_strongpeak.mean": 0.5438501834869385, "lowlevel.spectral_strongpeak.stdev": 0.44420647621154785, "lowlevel.zerocrossingrate.mean": 0.04139923304319382, "lowlevel.zerocrossingrate.stdev": 0.033688612282276154, "metadata.audio_properties.analysis.equal_loudness": 0.0, "metadata.audio_properties.analysis.length": 40.04265213012695, "metadata.audio_properties.analysis.sample_rate": 44100.0, "metadata.audio_properties.analysis.start_time": 0.0, "metadata.audio_properties.bit_rate": 124479.0, "metadata.audio_properties.length": 40.042667388916016, "metadata.audio_properties.lossless": 0.0, "metadata.audio_properties.number_channels": 1.0, "metadata.audio_properties.replay_gain": -12.837972640991211, "metadata.audio_properties.sample_rate": 48000.0, "rhythm.beats_count": 63.0, "rhythm.beats_loudness.mean": 0.046464670449495316, "rhythm.beats_loudness.stdev": 0.031032506376504898, "rhythm.bpm": 94.10332489013672, "rhythm.bpm_histogram_first_peak_bpm": 94.0, "rhythm.bpm_histogram_first_peak_weight": 0.6271186470985413, "rhythm.bpm_histogram_second_peak_bpm": 103.0, "rhythm.bpm_histogram_second_peak_spread": 0.3333333134651184, "rhythm.bpm_histogram_second_peak_weight": 0.032258063554763794, "rhythm.danceability": 1.6892856359481812, "rhythm.onset_rate": 4.46891975402832, "tonal.chords_changes_rate": 0.0555555559694767, "tonal.chords_number_rate": 0.009259259328246117, "tonal.chords_strength.mean": 0.5369535088539124, "tonal.chords_strength.stdev": 0.09576630592346191, "tonal.hpcp_crest.mean": 15.589845657348633, "tonal.hpcp_crest.stdev": 8.268671989440918, "tonal.hpcp_entropy.mean": 1.8720086812973022, "tonal.hpcp_entropy.stdev": 0.9854545593261719, "tonal.key_edma.strength": 0.7226588726043701, "tonal.key_krumhansl.strength": 0.7029722929000854, "tonal.key_temperley.strength": 0.6753029227256775, "tonal.tuning_diatonic_strength": 0.509583055973053, "tonal.tuning_equal_tempered_deviation": 0.06234217807650566, "tonal.tuning_frequency": 440.0, "tonal.tuning_nontempered_energy_ratio": 0.7079604864120483, "lowlevel.barkbands.mean": [0.0001300032454309985, 0.010407354682683945, 0.004396713338792324, 0.0023167235776782036, 0.00650120060890913, 0.0005905283614993095, 0.0003950000973418355, 0.0003943060291931033, 0.00034901511389762163, 0.00015994092973414809, 0.00010500650387257338, 8.036824874579906e-05, 6.21663493802771e-05, 6.0357160691637546e-05, 7.783215551171452e-05, 8.851259190123528e-05, 0.00013098522322252393, 9.664626122685149e-05, 9.31165341171436e-05, 0.00011871318565681577, 0.0001071468650479801, 7.245432061608881e-05, 3.590709820855409e-05, 1.8799746612785384e-05, 3.6158783132123062e-06, 6.707726697641192e-06, 2.412625462966389e-06], "lowlevel.barkbands.stdev": [0.0002406164276180789, 0.021781612187623978, 0.014109187759459019, 0.004781351424753666, 0.014576987363398075, 0.0017321831546723843, 0.0012443242594599724, 0.0007875689188949764, 0.0006802548305131495, 0.0005209003575146198, 0.00017884085536934435, 0.0001429789699614048, 0.00011415319750085473, 0.00012324190174695104, 0.00016386719653382897, 0.00018571394321043044, 0.0002989360655192286, 0.0002190066734328866, 0.0002085597370751202, 0.0002674041024874896, 0.00024055247195065022, 0.00014770952111575752, 7.118226494640112e-05, 3.6168978112982586e-05, 7.715521860518493e-06, 9.553037671139464e-06, 3.7698707728850422e-06], "lowlevel.erbbands.mean": [0.23595070838928223, 2.556795120239258, 5.494974136352539, 6.691410064697266, 20.70217514038086, 18.56041145324707, 6.358087062835693, 5.027932167053223, 5.932811737060547, 5.0668134689331055, 10.387252807617188, 8.282816886901855, 6.068831443786621, 4.533323764801025, 4.034829139709473, 3.413151502609253, 2.903461217880249, 3.0716311931610107, 3.918240785598755, 4.199363708496094, 5.515913009643555, 7.314055919647217, 5.536157608032227, 4.760354042053223, 5.552309036254883, 5.160337924957275, 4.918696403503418, 3.6251537799835205, 2.6146080493927, 1.9141628742218018, 0.8357494473457336, 0.4998716711997986, 0.24283698201179504, 0.06815601885318756, 0.010036688297986984, 0.005120122339576483, 0.013905300758779049, 0.00857030600309372, 0.0002177444112021476, 3.405680399737321e-05], "lowlevel.erbbands.stdev": [0.4850703477859497, 5.584827899932861, 16.254804611206055, 15.489985466003418, 45.58640670776367, 41.521820068359375, 13.658699035644531, 15.929394721984863, 20.80816078186035, 13.221123695373535, 19.78295135498047, 14.291407585144043, 15.470494270324707, 10.484476089477539, 6.371168613433838, 6.141574859619141, 5.083824157714844, 5.65604829788208, 8.596750259399414, 8.266325950622559, 12.119592666625977, 16.490327835083008, 12.299190521240234, 10.469915390014648, 13.480727195739746, 11.223401069641113, 11.420208930969238, 8.141400337219238, 5.35341215133667, 3.6302316188812256, 1.6977285146713257, 1.0338996648788452, 0.472816526889801, 0.14078092575073242, 0.028801845386624336, 0.017110146582126617, 0.02018900215625763, 0.012278251349925995, 0.0002975270908791572, 4.268554403097369e-05], "lowlevel.gfcc.mean": [-73.22429656982422, 95.27801513671875, -93.17811584472656, 35.50459671020508, -47.782108306884766, 6.350791931152344, -20.677471160888672, -3.189950704574585, -13.533753395080566, -11.035799026489258, -20.424169540405273, -0.15069572627544403, -16.1387939453125], "lowlevel.melbands.mean": [0.0025912411510944366, 0.0030232903081923723, 0.0015572580741718411, 0.0015534108970314264, 0.0003079557791352272, 0.00011505810107337311, 8.469630120089278e-05, 5.507367677637376e-05, 8.52059674798511e-05, 4.848391472478397e-05, 3.0105449695838615e-05, 1.9034892829949968e-05, 1.4875476153974887e-05, 9.519163540971931e-06, 6.621724423894193e-06, 6.591537839994999e-06, 5.474866156873759e-06, 6.128169388830429e-06, 5.651656010741135e-06, 5.7794959502643906e-06, 6.672143172181677e-06, 7.914525667729322e-06, 5.8667401390266605e-06, 4.429270575201372e-06, 3.7837221498193685e-06, 3.253584964113543e-06, 4.926857855025446e-06, 2.996816647282685e-06, 3.3083779271692038e-06, 2.4589321583334822e-06, 1.9723313471331494e-06, 1.5640216588508338e-06, 1.2197782552902936e-06, 9.794417792363674e-07, 4.973830414201075e-07, 3.255572949001362e-07, 3.023104966359824e-07, 2.045916716042484e-07, 9.911356357861223e-08, 3.6708417638919855e-08], "lowlevel.melbands.stdev": [0.005348169710487127, 0.00751907005906105, 0.002858958439901471, 0.0036540895234793425, 0.000644123530946672, 0.0003519390011206269, 0.00029271881794556975, 0.00013698352267965674, 0.00015205988893285394, 9.348204912384972e-05, 8.192851964849979e-05, 5.188719660509378e-05, 2.498608773748856e-05, 1.672011785558425e-05, 1.1369937965355348e-05, 1.2346225048531778e-05, 1.0384435881860554e-05, 1.4041515896678902e-05, 1.1915486538782716e-05, 1.1674384950310923e-05, 1.5313549738493748e-05, 1.8524906408856623e-05, 1.3184246199671179e-05, 1.020738000079291e-05, 8.537773283023853e-06, 7.499959792767186e-06, 1.284316476812819e-05, 6.628192750213202e-06, 7.924918463686481e-06, 5.672484348906437e-06, 4.507272024056874e-06, 3.3365433864673832e-06, 2.411655941614299e-06, 1.9037730680793175e-06, 1.02231751952786e-06, 7.656340130779427e-07, 6.110138883741456e-07, 4.23365946744525e-07, 1.9837153786284034e-07, 8.291059572229642e-08], "lowlevel.melbands128.mean": [0.0001182912674266845, 0.0013812584802508354, 0.003969152923673391, 0.0043036844581365585, 0.0032423848751932383, 0.001931479200720787, 0.0012367964955046773, 0.0011777702020481229, 0.002474190667271614, 0.0018413179786875844, 0.0008903135894797742, 0.0004255063831806183, 0.00015425313904415816, 0.0001449696283088997, 0.00011235850979574025, 9.117319859797135e-05, 0.00012358864478301257, 7.428313983837143e-05, 4.9718873924575746e-05, 6.162108184071258e-05, 3.960053436458111e-05, 8.516461821272969e-05, 0.00010780796583276242, 6.174083682708442e-05, 5.7937006204156205e-05, 3.636864494183101e-05, 4.338931103120558e-05, 2.1738502255175263e-05, 3.074295455007814e-05, 2.0956173102604225e-05, 1.2851380233769305e-05, 1.766006425896194e-05, 1.898665686894674e-05, 9.504515219305176e-06, 8.428086403000634e-06, 1.0677363206923474e-05, 9.954172128345817e-06, 5.386323209677357e-06, 5.113817678648047e-06, 7.00956388755003e-06, 6.78938840792398e-06, 6.459584710682975e-06, 5.114961368235527e-06, 5.212664291320834e-06, 5.594585672952235e-06, 6.0507281887112185e-06, 7.392797670036089e-06, 5.318393959896639e-06, 4.882767370872898e-06, 6.0606857914535794e-06, 5.8567229643813334e-06, 5.6137519095500465e-06, 6.105698503233725e-06, 6.980725174798863e-06, 8.263634299510159e-06, 8.261004950327333e-06, 7.699464731558692e-06, 6.219438546395395e-06, 5.269413577480009e-06, 4.856897248828318e-06, 4.334459390520351e-06, 4.186412297713105e-06, 4.2256287997588515e-06, 3.829450179182459e-06, 2.721420969464816e-06, 2.8243055112397997e-06, 3.5146499612892512e-06, 5.186974703974556e-06, 6.021335138939321e-06, 3.6966800962545676e-06, 2.381189915467985e-06, 2.9931632070656633e-06, 3.0693731787323486e-06, 4.114770490559749e-06, 2.5147924134216737e-06, 2.3462102944904473e-06, 2.674143615877256e-06, 1.9511296613927698e-06, 1.9125479866488604e-06, 1.8426649148750585e-06, 1.834275280998554e-06, 1.3708006463275524e-06, 1.11776444100542e-06, 1.2939665339217754e-06, 1.1700924460456008e-06, 1.1957328069911455e-06, 8.660018693262828e-07, 6.467828370659845e-07, 4.775660613631771e-07, 3.9844036336944555e-07, 3.380114037554449e-07, 2.989314396018017e-07, 3.098178922300576e-07, 2.9342132279452926e-07, 3.025049011284864e-07, 3.138532918001147e-07, 1.6483882347984036e-07, 7.53559774580026e-08, 1.1377630926290294e-07, 1.0826312291101203e-07, 6.275173802805512e-08, 1.80166974672602e-08, 1.2006474925385646e-08, 1.2693540440977813e-08, 8.051673994202702e-09, 6.739188762594495e-09, 1.0004594486190399e-08, 7.444039162862737e-09, 6.246283490440874e-09, 7.011486502506159e-09, 9.134898171225814e-09, 1.355345613518466e-08, 5.8480477349576176e-08, 6.950983078013451e-08, 5.7138777265208773e-08, 1.21957185683641e-07, 1.0003592620932977e-07, 1.4373094714414947e-08, 1.6634025754025394e-11, 6.724086565323972e-12, 3.833253593016339e-12, 3.839860721055466e-12, 3.4400160671410607e-12, 3.377231220375032e-12, 3.3075818559741288e-12, 3.2192059348096214e-12, 3.168188801583316e-12, 3.147315741358625e-12], "lowlevel.melbands128.stdev": [0.00022936418827157468, 0.002817426575347781, 0.008947274647653103, 0.009968824684619904, 0.00955918151885271, 0.006165732629597187, 0.0033961343578994274, 0.002233360195532441, 0.005520096980035305, 0.005578531417995691, 0.0020211858209222555, 0.000925551459658891, 0.0004141931713093072, 0.0004623049753718078, 0.00041215086821466684, 0.0003768526657950133, 0.000459183007478714, 0.0002937875979114324, 0.0001774080010363832, 0.0001701769942883402, 0.00012890103971585631, 0.00018896505935117602, 0.00023439805954694748, 0.00011918276868527755, 0.00011283632920822129, 0.0001037069596350193, 0.00013354555994737893, 5.919722025282681e-05, 0.00015307686408050358, 8.222024916904047e-05, 2.565608338045422e-05, 3.293126792414114e-05, 3.641712828539312e-05, 1.952585625986103e-05, 1.765008710208349e-05, 2.187679820053745e-05, 2.3191943910205737e-05, 1.1605920917645562e-05, 1.0637397281243466e-05, 1.4186960470397025e-05, 1.4598254892916884e-05, 1.3854455573891755e-05, 1.060830254573375e-05, 1.1557448488019872e-05, 1.5470517610083334e-05, 1.607080594112631e-05, 1.8119171727448702e-05, 1.38184668685426e-05, 1.1073879250034224e-05, 1.3500702152668964e-05, 1.2748354492941871e-05, 1.420108037564205e-05, 1.5461098882951774e-05, 1.79207982000662e-05, 2.1893267330597155e-05, 2.3670598238823004e-05, 1.8692911908146925e-05, 1.513604092906462e-05, 1.3794557162327692e-05, 1.220589729200583e-05, 1.1471628567960579e-05, 1.1260965948167723e-05, 1.0659558938641567e-05, 9.257961210096255e-06, 6.6607981352717616e-06, 7.214484412543243e-06, 9.266225788451266e-06, 1.6492896975250915e-05, 1.7123664292739704e-05, 8.767226063355338e-06, 5.677634362655226e-06, 7.434312010445865e-06, 7.853517672629096e-06, 1.0718052180891391e-05, 6.535625743708806e-06, 5.749309821112547e-06, 6.589008989976719e-06, 4.8723718464316335e-06, 4.607525625033304e-06, 4.791044375451747e-06, 4.208105110592442e-06, 3.04000013784389e-06, 2.359004156460287e-06, 2.7963878892478533e-06, 2.4869229946489213e-06, 2.5175731934723444e-06, 1.8944149360322626e-06, 1.326098526988062e-06, 1.0990117971232394e-06, 9.354855023957498e-07, 8.996465794552932e-07, 7.864828148740344e-07, 7.443925369443605e-07, 6.297468075899815e-07, 6.513057542179013e-07, 7.138386877159064e-07, 3.843751983367838e-07, 1.7950871722405282e-07, 2.340918427989891e-07, 2.3184004760423704e-07, 1.665207634005128e-07, 5.315764894930908e-08, 4.450687640655815e-08, 5.0270994478296416e-08, 2.7816470904440393e-08, 2.773754381735216e-08, 4.528961738969883e-08, 3.1136533351627804e-08, 3.278344351542728e-08, 3.529848768835109e-08, 3.2817283113217854e-08, 2.770902263193875e-08, 9.694070257637577e-08, 1.0996275534580491e-07, 9.075008478021118e-08, 1.8176075400333502e-07, 1.6228595711709204e-07, 2.117804420720404e-08, 3.578257135039564e-10, 9.091655206461269e-11, 1.1201828527263036e-11, 1.4673925269326205e-11, 6.523439340794246e-12, 6.4099355163993454e-12, 6.31562987671308e-12, 6.238403023328676e-12, 6.18373624874935e-12, 6.149822404794003e-12], "lowlevel.mfcc.mean": [-722.7499389648438, 126.68338012695312, 14.375121116638184, 32.76198196411133, 2.473952293395996, 13.49068546295166, -1.6977564096450806, 12.700770378112793, 2.353074789047241, 4.396671772003174, -6.151881694793701, -0.11865583062171936, -7.542573928833008], "lowlevel.spectral_contrast_coeffs.mean": [-0.6626283526420593, -0.7811499834060669, -0.8095778822898865, -0.8527923822402954, -0.839786171913147, -0.7272709012031555], "lowlevel.spectral_contrast_coeffs.stdev": [0.1022530272603035, 0.08083924651145935, 0.0542282834649086, 0.02544296532869339, 0.02579808607697487, 0.06422620266675949], "lowlevel.spectral_contrast_valleys.mean": [-7.2480645179748535, -7.474367141723633, -7.997564792633057, -8.216142654418945, -8.179624557495117, -11.451622009277344], "lowlevel.spectral_contrast_valleys.stdev": [1.0546388626098633, 0.8587496876716614, 0.7215408086776733, 0.7447764277458191, 0.954071044921875, 0.7209115624427795], "rhythm.beats_loudness_band_ratio.mean": [0.6304576992988586, 0.36339932680130005, 0.04936499893665314, 0.045408446341753006, 0.05734074488282204, 0.08827745169401169], "rhythm.beats_loudness_band_ratio.stdev": [0.28506457805633545, 0.27002620697021484, 0.07184258848428726, 0.08219419419765472, 0.053119346499443054, 0.10658399015665054], "tonal.hpcp.mean": [0.07006537914276123, 0.04142298176884651, 0.02210717275738716, 0.0175798200070858, 0.02093646302819252, 0.11551055312156677, 0.20570653676986694, 0.1290409117937088, 0.08024287968873978, 0.10467451810836792, 0.07975225895643234, 0.045126914978027344, 0.03734514117240906, 0.042923927307128906, 0.09027320146560669, 0.15101787447929382, 0.098374143242836, 0.02478453889489174, 0.01907225511968136, 0.023915207013487816, 0.10931809991598129, 0.16191746294498444, 0.08328546583652496, 0.029269171878695488, 0.027731439098715782, 0.0325433574616909, 0.06030500680208206, 0.08502759784460068, 0.08817542344331741, 0.2468728870153427, 0.32676413655281067, 0.18405567109584808, 0.1418130099773407, 0.14402060210704803, 0.10693373531103134, 0.0884978175163269], "tonal.hpcp.stdev": [0.1872023046016693, 0.1362784504890442, 0.07934736460447311, 0.07318324595689774, 0.08063396066427231, 0.190338596701622, 0.3365557789802551, 0.20313745737075806, 0.1915649175643921, 0.25483086705207825, 0.21634213626384735, 0.14660899341106415, 0.13145917654037476, 0.14438216388225555, 0.19832836091518402, 0.3164248466491699, 0.21116600930690765, 0.08930490165948868, 0.06623626500368118, 0.08760601282119751, 0.2082172930240631, 0.2986006736755371, 0.16760313510894775, 0.08591381460428238, 0.08429943770170212, 0.12145278602838516, 0.1601952761411667, 0.2103738635778427, 0.18637126684188843, 0.34010636806488037, 0.4187430739402771, 0.27466410398483276, 0.2866196632385254, 0.28233757615089417, 0.2355436384677887, 0.2302962839603424], "rhythm.beats_position": [0.5572788715362549, 1.1377778053283691, 1.7182766199111938, 2.3103854656219482, 2.9257142543792725, 3.5526530742645264, 4.191201686859131, 4.8297505378723145, 5.479909420013428, 6.106847763061523, 6.733786582946777, 7.383945465087891, 8.034104347229004, 8.661043167114258, 9.299592018127441, 9.938140869140625, 10.588298797607422, 11.215237617492676, 11.84217643737793, 12.492335319519043, 13.142494201660156, 13.76943302154541, 14.396371841430664, 15.046530723571777, 15.696688652038574, 16.323627471923828, 16.9505672454834, 17.600725173950195, 18.250883102416992, 18.877822875976562, 19.5047607421875, 20.15492057800293, 20.805078506469727, 21.420408248901367, 22.058956146240234, 22.697505950927734, 23.3360538482666, 23.9746036529541, 24.61315155029297, 25.263309478759766, 25.913469314575195, 26.528797149658203, 27.167346954345703, 27.80589485168457, 28.44444465637207, 29.071382522583008, 29.721542358398438, 30.360090255737305, 30.998638153076172, 31.625577926635742, 32.27573776245117, 32.914283752441406, 33.552833557128906, 34.179771423339844, 34.829933166503906, 35.46847915649414, 36.10702896118164, 36.74557876586914, 37.384124755859375, 38.022674560546875, 38.661224365234375, 39.28816223144531, 39.93832015991211], "rhythm.bpm_histogram": [0.0, 0.0, 0.0, 0.0, 0.0, 0.0, 0.0, 0.0, 0.0, 0.0, 0.0, 0.0, 0.0, 0.0, 0.0, 0.0, 0.0, 0.0, 0.0, 0.0, 0.0, 0.0, 0.0, 0.0, 0.0, 0.0, 0.0, 0.0, 0.0, 0.0, 0.0, 0.0, 0.0, 0.0, 0.0, 0.0, 0.0, 0.0, 0.0, 0.0, 0.0, 0.0, 0.0, 0.0, 0.0, 0.0, 0.0, 0.0, 0.0, 0.0, 0.0, 0.0, 0.0, 0.0, 0.0, 0.0, 0.0, 0.0, 0.0, 0.0, 0.0, 0.0, 0.0, 0.0, 0.0, 0.0, 0.0, 0.0, 0.0, 0.0, 0.0, 0.0, 0.0, 0.0, 0.0, 0.0, 0.0, 0.0, 0.0, 0.0, 0.0, 0.0, 0.0, 0.0, 0.0, 0.0, 0.0, 0.0, 0.0, 0.0, 0.0, 0.0, 0.29032257199287415, 0.0, 0.35483869910240173, 0.0, 0.25806450843811035, 0.0, 0.04838709533214569, 0.0, 0.0, 0.016129031777381897, 0.0, 0.032258063554763794, 0.0, 0.0, 0.0, 0.0, 0.0, 0.0, 0.0, 0.0, 0.0, 0.0, 0.0, 0.0, 0.0, 0.0, 0.0, 0.0, 0.0, 0.0, 0.0, 0.0, 0.0, 0.0, 0.0, 0.0, 0.0, 0.0, 0.0, 0.0, 0.0, 0.0, 0.0, 0.0, 0.0, 0.0, 0.0, 0.0, 0.0, 0.0, 0.0, 0.0, 0.0, 0.0, 0.0, 0.0, 0.0, 0.0, 0.0, 0.0, 0.0, 0.0, 0.0, 0.0, 0.0, 0.0, 0.0, 0.0, 0.0, 0.0, 0.0, 0.0, 0.0, 0.0, 0.0, 0.0, 0.0, 0.0, 0.0, 0.0, 0.0, 0.0, 0.0, 0.0, 0.0, 0.0, 0.0, 0.0, 0.0, 0.0, 0.0, 0.0, 0.0, 0.0, 0.0, 0.0, 0.0, 0.0, 0.0, 0.0, 0.0, 0.0, 0.0, 0.0, 0.0, 0.0, 0.0, 0.0, 0.0, 0.0, 0.0, 0.0, 0.0, 0.0, 0.0, 0.0, 0.0, 0.0, 0.0, 0.0, 0.0, 0.0, 0.0, 0.0, 0.0, 0.0, 0.0, 0.0, 0.0, 0.0, 0.0, 0.0, 0.0, 0.0, 0.0, 0.0, 0.0, 0.0, 0.0, 0.0, 0.0, 0.0, 0.0, 0.0, 0.0, 0.0, 0.0, 0.0, 0.0, 0.0, 0.0, 0.0, 0.0, 0.0, 0.0, 0.0, 0.0, 0.0], "tonal.chords_histogram": [24.189815521240234, 32.52314758300781, 23.95833396911621, 0.0, 0.0, 0.8101851940155029, 0.0, 0.0, 3.472222328186035, 0.0, 2.430555582046509, 0.0, 0.0, 0.0, 1.3888888359069824, 7.291666507720947, 2.5462963581085205, 0.9259259104728699, 0.0, 0.11574073880910873, 0.0, 0.0, 0.3472222089767456, 0.0], "tonal.thpcp": [1.0, 0.5632676482200623, 0.4339919686317444, 0.4407478868961334, 0.32725051045417786, 0.2708308696746826, 0.21442188322544098, 0.12676721811294556, 0.06765483319759369, 0.05379972234368324, 0.06407209485769272, 0.353498250246048, 0.6295260787010193, 0.39490535855293274, 0.2455682009458542, 0.32033661007881165, 0.2440667450428009, 0.13810241222381592, 0.11428775638341904, 0.13136057555675507, 0.27626410126686096, 0.46216171979904175, 0.30105552077293396, 0.07584840804338455, 0.0583670400083065, 0.07318797707557678, 0.3345474302768707, 0.4955178499221802, 0.2548794448375702, 0.08957277983427048, 0.08486683666706085, 0.09959280490875244, 0.18455210328102112, 0.26021093130111694, 0.26984426379203796, 0.7555078864097595], "lowlevel.gfcc.cov": [[4784.4326171875, 112.46073913574219, -521.7813110351562, 660.3484497070312, -117.15621185302734, -516.0146484375, -140.70004272460938, -472.03631591796875, -275.95709228515625, -209.27584838867188, -247.6830596923828, -161.09780883789062, -74.2412109375], [112.46073913574219, 1332.6507568359375, 637.2489624023438, -125.20207977294922, 250.93231201171875, 21.565887451171875, 161.50234985351562, 8.689811706542969, 127.57379150390625, -38.801326751708984, 128.8994140625, -43.23176574707031, 57.892581939697266], [-521.7813110351562, 637.2489624023438, 863.794189453125, 153.30491638183594, 317.9027099609375, 280.10516357421875, 180.60321044921875, 146.83934020996094, 148.22723388671875, 29.133068084716797, 149.20840454101562, 0.20826156437397003, 48.886844635009766], [660.3484497070312, -125.20207977294922, 153.30491638183594, 615.9170532226562, 273.2002868652344, 72.36088562011719, 99.02244567871094, -33.3326301574707, -14.221759796142578, 0.349433958530426, -15.019003868103027, -26.7450008392334, -2.260300636291504], [-117.15621185302734, 250.93231201171875, 317.9027099609375, 273.2002868652344, 379.0802307128906, 171.07302856445312, 175.4329376220703, 62.08027267456055, 87.04063415527344, 42.817291259765625, 68.8635025024414, -8.250052452087402, 15.36971378326416], [-516.0146484375, 21.565887451171875, 280.10516357421875, 72.36088562011719, 171.07302856445312, 299.2315673828125, 142.08465576171875, 163.76742553710938, 109.36276245117188, 76.52886199951172, 100.5616226196289, 16.38083267211914, 22.542686462402344], [-140.70004272460938, 161.50234985351562, 180.60321044921875, 99.02244567871094, 175.4329376220703, 142.08465576171875, 191.30833435058594, 92.61305236816406, 105.26949310302734, 49.02248001098633, 65.75286102294922, 1.8477119207382202, 14.922273635864258], [-472.03631591796875, 8.689811706542969, 146.83934020996094, -33.3326301574707, 62.08027267456055, 163.76742553710938, 92.61305236816406, 173.50930786132812, 97.29668426513672, 85.213623046875, 69.69500732421875, 25.73410415649414, 26.18327522277832], [-275.95709228515625, 127.57379150390625, 148.22723388671875, -14.221759796142578, 87.04063415527344, 109.36276245117188, 105.26949310302734, 97.29668426513672, 143.61622619628906, 58.55875778198242, 77.18024444580078, 13.249032974243164, 18.459121704101562], [-209.27584838867188, -38.801326751708984, 29.133068084716797, 0.349433958530426, 42.817291259765625, 76.52886199951172, 49.02248001098633, 85.213623046875, 58.55875778198242, 103.2712173461914, 54.53257369995117, 26.85515022277832, 16.619138717651367], [-247.6830596923828, 128.8994140625, 149.20840454101562, -15.019003868103027, 68.8635025024414, 100.5616226196289, 65.75286102294922, 69.69500732421875, 77.18024444580078, 54.53257369995117, 103.71148681640625, 30.31612777709961, 31.009490966796875], [-161.09780883789062, -43.23176574707031, 0.20826156437397003, -26.7450008392334, -8.250052452087402, 16.38083267211914, 1.8477119207382202, 25.73410415649414, 13.249032974243164, 26.85515022277832, 30.31612777709961, 65.37300109863281, 37.293601989746094], [-74.2412109375, 57.892581939697266, 48.886844635009766, -2.260300636291504, 15.36971378326416, 22.542686462402344, 14.922273635864258, 26.18327522277832, 18.459121704101562, 16.619138717651367, 31.009490966796875, 37.293601989746094, 64.55818939208984]], "lowlevel.gfcc.icov": [[0.000509986886754632, -0.0005967919714748859, 0.0005415048217400908, -0.0011230235686525702, 0.0008999030687846243, -0.0001428144023520872, -8.107357280096039e-05, 0.0005646321806125343, 1.4605523574573454e-05, -0.00025968742556869984, 0.0002529925259295851, 0.0002691735571715981, 8.329917909577489e-05], [-0.0005967919714748859, 0.003881950629875064, -0.0029834830202162266, 0.0035170915070921183, -0.002970634028315544, 0.003777146805077791, -0.002236071275547147, 0.0004920505452901125, 0.00027864964795298874, 0.0011223775800317526, -0.003001239150762558, 0.003790671471506357, -0.0031962310895323753], [0.0005415048217400908, -0.0029834830202162266, 0.0048660640604794025, -0.0029346966184675694, 0.0008346224785782397, -0.003503625513985753, 0.002453584922477603, -0.0017403506208211184, -0.0006486367783509195, 0.0019223220879212022, -0.0004916685866191983, -0.0015342801343649626, 0.0014870782615616918], [-0.0011230235686525702, 0.0035170915070921183, -0.0029346966184675694, 0.0069616553373634815, -0.0053992606699466705, 0.0020602585282176733, -0.002153023611754179, 0.00138111412525177, 0.0012706601992249489, -0.0001895269233500585, -0.00047496947809122503, 0.0024867423344403505, -0.0029987506568431854], [0.0008999030687846243, -0.002970634028315544, 0.0008346224785782397, -0.0053992606699466705, 0.010730651207268238, -0.004007096402347088, -0.0031442069448530674, 0.003254674142226577, -0.00045925460290163755, -0.0029993115458637476, 0.0022468448150902987, -0.0015706461854279041, 0.0018605056684464216], [-0.0001428144023520872, 0.003777146805077791, -0.003503625513985753, 0.0020602585282176733, -0.004007096402347088, 0.01500838715583086, -0.0038696599658578634, -0.0078220684081316, 0.0021840198896825314, 0.0029231435619294643, -0.008039404638111591, 0.004752154462039471, -0.001306507969275117], [-8.107357280096039e-05, -0.002236071275547147, 0.002453584922477603, -0.002153023611754179, -0.0031442069448530674, -0.0038696599658578634, 0.016283068805933, -0.003958995454013348, -0.006448153872042894, 0.0012983495835214853, 0.0009439794812351465, -0.0016666073352098465, 0.0019391319947317243], [0.0005646321806125343, 0.0004920505452901125, -0.0017403506208211184, 0.00138111412525177, 0.003254674142226577, -0.0078220684081316, -0.003958995454013348, 0.02370440773665905, -0.004670723341405392, -0.011432843282818794, 0.005974648054689169, 0.0006799217080697417, -0.0041520060040056705], [1.4605523574573454e-05, 0.00027864964795298874, -0.0006486367783509195, 0.0012706601992249489, -0.00045925460290163755, 0.0021840198896825314, -0.006448153872042894, -0.004670723341405392, 0.01836102269589901, -0.00126499158795923, -0.0075618368573486805, 0.0021914811804890633, 0.0004760129959322512], [-0.00025968742556869984, 0.0011223775800317526, 0.0019223220879212022, -0.0001895269233500585, -0.0029993115458637476, 0.0029231435619294643, 0.0012983495835214853, -0.011432843282818794, -0.00126499158795923, 0.023190844804048538, -0.009889509528875351, -0.0023022908717393875, 0.0017346313688904047], [0.0002529925259295851, -0.003001239150762558, -0.0004916685866191983, -0.00047496947809122503, 0.0022468448150902987, -0.008039404638111591, 0.0009439794812351465, 0.005974648054689169, -0.0075618368573486805, -0.009889509528875351, 0.030286217108368874, -0.009195232763886452, -0.001558719202876091], [0.0002691735571715981, 0.003790671471506357, -0.0015342801343649626, 0.0024867423344403505, -0.0015706461854279041, 0.004752154462039471, -0.0016666073352098465, 0.0006799217080697417, 0.0021914811804890633, -0.0023022908717393875, -0.009195232763886452, 0.032614171504974365, -0.017474330961704254], [8.329917909577489e-05, -0.0031962310895323753, 0.0014870782615616918, -0.0029987506568431854, 0.0018605056684464216, -0.001306507969275117, 0.0019391319947317243, -0.0041520060040056705, 0.0004760129959322512, 0.0017346313688904047, -0.001558719202876091, -0.017474330961704254, 0.0287303626537323]], "lowlevel.mfcc.cov": [[5479.78125, -542.0932006835938, -582.5866088867188, 774.8452758789062, -302.0904235839844, 40.883094787597656, -242.86572265625, -291.3139343261719, -191.62867736816406, -309.3214111328125, -199.83123779296875, -269.0418701171875, -233.3804473876953], [-542.0932006835938, 1473.9482421875, 427.7070007324219, -75.48683166503906, 125.66065979003906, 9.338968276977539, 79.17229461669922, 73.81107330322266, 30.99228286743164, 74.43576049804688, 29.914506912231445, 102.7095718383789, 29.343521118164062], [-582.5866088867188, 427.7070007324219, 568.8121948242188, 32.84794998168945, 214.6210174560547, 101.9718017578125, 141.68447875976562, 132.93487548828125, 73.23998260498047, 84.54280090332031, 54.06307601928711, 84.79084777832031, 68.99491882324219], [774.8452758789062, -75.48683166503906, 32.84794998168945, 504.51507568359375, 143.5862274169922, 176.97265625, 89.8316421508789, 22.556081771850586, 38.185279846191406, -24.904144287109375, 2.3451156616210938, -15.816226959228516, -22.424409866333008], [-302.0904235839844, 125.66065979003906, 214.6210174560547, 143.5862274169922, 248.56907653808594, 149.731689453125, 141.28172302246094, 94.31995391845703, 68.2938232421875, 69.00467681884766, 58.23351287841797, 60.80174255371094, 49.49295425415039], [40.883094787597656, 9.338968276977539, 101.9718017578125, 176.97265625, 149.731689453125, 184.46145629882812, 129.87564086914062, 81.82139587402344, 58.45061492919922, 54.99905014038086, 48.25460433959961, 52.65252685546875, 31.867534637451172], [-242.86572265625, 79.17229461669922, 141.68447875976562, 89.8316421508789, 141.28172302246094, 129.87564086914062, 172.3975830078125, 94.36490631103516, 76.17342376708984, 69.4478530883789, 68.68577575683594, 61.627716064453125, 51.81707763671875], [-291.3139343261719, 73.81107330322266, 132.93487548828125, 22.556081771850586, 94.31995391845703, 81.82139587402344, 94.36490631103516, 118.87045288085938, 66.56770324707031, 68.4887924194336, 41.94138717651367, 57.903255462646484, 39.093746185302734], [-191.62867736816406, 30.99228286743164, 73.23998260498047, 38.185279846191406, 68.2938232421875, 58.45061492919922, 76.17342376708984, 66.56770324707031, 98.54769134521484, 62.84725570678711, 54.69972229003906, 41.77674865722656, 34.127506256103516], [-309.3214111328125, 74.43576049804688, 84.54280090332031, -24.904144287109375, 69.00467681884766, 54.99905014038086, 69.4478530883789, 68.4887924194336, 62.84725570678711, 117.95480346679688, 72.10247039794922, 69.6466293334961, 44.55220413208008], [-199.83123779296875, 29.914506912231445, 54.06307601928711, 2.3451156616210938, 58.23351287841797, 48.25460433959961, 68.68577575683594, 41.94138717651367, 54.69972229003906, 72.10247039794922, 96.51323699951172, 58.239620208740234, 48.11410903930664], [-269.0418701171875, 102.7095718383789, 84.79084777832031, -15.816226959228516, 60.80174255371094, 52.65252685546875, 61.627716064453125, 57.903255462646484, 41.77674865722656, 69.6466293334961, 58.239620208740234, 91.23738098144531, 51.87753677368164], [-233.3804473876953, 29.343521118164062, 68.99491882324219, -22.424409866333008, 49.49295425415039, 31.867534637451172, 51.81707763671875, 39.093746185302734, 34.127506256103516, 44.55220413208008, 48.11410903930664, 51.87753677368164, 69.0483627319336]], "lowlevel.mfcc.icov": [[0.00037846495979465544, -2.8600463338079862e-05, 4.3989337427774444e-05, -0.0006653200834989548, 0.000737626280169934, -0.0005863952683284879, 0.00033005603472702205, 0.0002727652317844331, 0.00024108240904752165, 5.938385584158823e-05, -0.00013488206604961306, 0.0003461156156845391, 4.758550858241506e-05], [-2.8600463338079862e-05, 0.0009913565590977669, -0.0007532502058893442, 8.479303505737334e-05, -0.00020722781482618302, 0.0007724424358457327, -0.0004915060708299279, 0.000466893456177786, 4.8641886678524315e-05, -0.00012537527072709054, 0.000395951938116923, -0.0015758629888296127, 0.0011237080907449126], [4.3989337427774444e-05, -0.0007532502058893442, 0.0037053916603326797, -4.6936571607147926e-07, -0.002398295560851693, 0.0010119437938556075, -0.00033291312865912914, -0.0023242339957505465, 0.0003474623372312635, 0.0001792847760953009, 0.0005686572985723615, 0.0003746328584384173, -0.0013812247198075056], [-0.0006653200834989548, 8.479303505737334e-05, -4.6936571607147926e-07, 0.005459566600620747, -0.0025498250033706427, -0.003913744818419218, 3.023404315172229e-05, 0.0012030182406306267, -0.0024497767444700003, 0.0024471955839544535, -0.00019381189486011863, 0.0003456146514508873, 0.0019260997651144862], [0.000737626280169934, -0.00020722781482618302, -0.002398295560851693, -0.0025498250033706427, 0.013258205726742744, -0.0059160045348107815, -0.001879938063211739, 0.0003897451679222286, 0.00080906692892313, -0.001416176906786859, -0.00041385451913811266, 0.0019725942984223366, -0.0021130333188921213], [-0.0005863952683284879, 0.0007724424358457327, 0.0010119437938556075, -0.003913744818419218, -0.0059160045348107815, 0.022729260846972466, -0.009119666181504726, -0.004354049917310476, 0.002384733408689499, -0.002315470715984702, 0.0015953222755342722, -0.006087727844715118, 0.0022444697096943855], [0.00033005603472702205, -0.0004915060708299279, -0.00033291312865912914, 3.023404315172229e-05, -0.001879938063211739, -0.009119666181504726, 0.020639359951019287, -0.004896973725408316, -0.003175603225827217, 0.0022819340229034424, -0.005723375361412764, 0.0029494022019207478, -0.003623391268774867], [0.0002727652317844331, 0.000466893456177786, -0.0023242339957505465, 0.0012030182406306267, 0.0003897451679222286, -0.004354049917310476, -0.004896973725408316, 0.02464054524898529, -0.007986186072230339, -0.0045682284981012344, 0.0071608563885092735, -0.0052986000664532185, 0.0007766630151309073], [0.00024108240904752165, 4.8641886678524315e-05, 0.0003474623372312635, -0.0024497767444700003, 0.00080906692892313, 0.002384733408689499, -0.003175603225827217, -0.007986186072230339, 0.022889193147420883, -0.0052119470201432705, -0.005987063050270081, 0.0033209025859832764, -0.0013977879425510764], [5.938385584158823e-05, -0.00012537527072709054, 0.0001792847760953009, 0.0024471955839544535, -0.001416176906786859, -0.002315470715984702, 0.0022819340229034424, -0.0045682284981012344, -0.0052119470201432705, 0.024408064782619476, -0.01000446267426014, -0.007503010332584381, 0.003262951737269759], [-0.00013488206604961306, 0.000395951938116923, 0.0005686572985723615, -0.00019381189486011863, -0.00041385451913811266, 0.0015953222755342722, -0.005723375361412764, 0.0071608563885092735, -0.005987063050270081, -0.01000446267426014, 0.028261585161089897, -0.0064935688860714436, -0.006854275241494179], [0.0003461156156845391, -0.0015758629888296127, 0.0003746328584384173, 0.0003456146514508873, 0.0019725942984223366, -0.006087727844715118, 0.0029494022019207478, -0.0052986000664532185, 0.0033209025859832764, -0.007503010332584381, -0.0064935688860714436, 0.03292226046323776, -0.013250820338726044], [4.758550858241506e-05, 0.0011237080907449126, -0.0013812247198075056, 0.0019260997651144862, -0.0021130333188921213, 0.0022444697096943855, -0.003623391268774867, 0.0007766630151309073, -0.0013977879425510764, 0.003262951737269759, -0.006854275241494179, -0.013250820338726044, 0.03224703669548035]], "metadata.audio_properties.analysis.downmix": "mix", "metadata.audio_properties.codec": "mp3", "metadata.audio_properties.md5_encoded": "9363eaba9beba018240f212d8ddac048", "metadata.tags.file_name": "1183703995806650388.mp3", "metadata.version.essentia": "2.1-beta6-dev", "metadata.version.essentia_git_sha": "v2.1_beta5-1110-g77a6a954", "metadata.version.extractor": "music 2.0", "tonal.chords_key": "E", "tonal.chords_scale": "minor", "tonal.key_edma.key": "C", "tonal.key_edma.scale": "major", "tonal.key_krumhansl.key": "C", "tonal.key_krumhansl.scale": "major", "tonal.key_temperley.key": "C", "tonal.key_temperley.scale": "major", "metadata.tags.encoding": ["Lavf58.45.100"]}, "essentia_models": [{"model_name": "genre_dortmund", "activations": {"alternative": "0.013630418", "blues": "0.00047113094", "electronic": "0.45384902", "folkcountry": "0.0005200597", "funksoulrnb": "0.004509833", "jazz": "0.025918413", "pop": "0.010632861", "raphiphop": "0.52372926", "rock": "0.0017