{"song_id": "1183719285709877338", "download": "https://cdn.discordapp.com/attachments/1135903449314238464/1183719285709877338/chirp.mp4?ex=65895b7e&amp", "lyrics": "[verse]\nOh my dear Saara, you light up my way\nYour smile like sunshine, brightens my day\nWith every heartbeat, my love for you grows\nThrough life's winding paths, together we'll pose\n\n[chorus]\nOh my dear Saara, you're the one for me\nIn your arms I find solace and eternity\nForever we'll dance, in love's sweet embrace\nOh my dear Saara, together we'll chase", "style": ["memphis cult"], "essentia_features": {"lowlevel.average_loudness": 0.9782084822654724, "lowlevel.barkbands_crest.mean": 10.291609764099121, "lowlevel.barkbands_crest.stdev": 4.2553534507751465, "lowlevel.barkbands_flatness_db.mean": 0.08285185694694519, "lowlevel.barkbands_flatness_db.stdev": 0.035381052643060684, "lowlevel.barkbands_kurtosis.mean": 2.1311964988708496, "lowlevel.barkbands_kurtosis.stdev": 4.346071720123291, "lowlevel.barkbands_skewness.mean": 1.5540515184402466, "lowlevel.barkbands_skewness.stdev": 0.934993326663971, "lowlevel.barkbands_spread.mean": 40.130271911621094, "lowlevel.barkbands_spread.stdev": 15.007731437683105, "lowlevel.dissonance.mean": 0.489774614572525, "lowlevel.dissonance.stdev": 0.006948261521756649, "lowlevel.dynamic_complexity": 0.8034297823905945, "lowlevel.erbbands_crest.mean": 5.004861354827881, "lowlevel.erbbands_crest.stdev": 1.749548077583313, "lowlevel.erbbands_flatness_db.mean": 0.09626539796590805, "lowlevel.erbbands_flatness_db.stdev": 0.012080593034625053, "lowlevel.erbbands_kurtosis.mean": -0.2603667080402374, "lowlevel.erbbands_kurtosis.stdev": 0.7369292378425598, "lowlevel.erbbands_skewness.mean": -0.40178364515304565, "lowlevel.erbbands_skewness.stdev": 0.39621078968048096, "lowlevel.erbbands_spread.mean": 57.08502960205078, "lowlevel.erbbands_spread.stdev": 13.882002830505371, "lowlevel.hfc.mean": 39.90404510498047, "lowlevel.hfc.stdev": 17.85436248779297, "lowlevel.loudness_ebu128.integrated": -13.83942985534668, "lowlevel.loudness_ebu128.loudness_range": 0.6050901412963867, "lowlevel.loudness_ebu128.momentary.mean": -13.895830154418945, "lowlevel.loudness_ebu128.momentary.stdev": 0.703981339931488, "lowlevel.loudness_ebu128.short_term.mean": -13.890299797058105, "lowlevel.loudness_ebu128.short_term.stdev": 0.21306689083576202, "lowlevel.melbands_crest.mean": 18.388736724853516, "lowlevel.melbands_crest.stdev": 5.168984413146973, "lowlevel.melbands_flatness_db.mean": 0.1530596911907196, "lowlevel.melbands_flatness_db.stdev": 0.048140138387680054, "lowlevel.melbands_kurtosis.mean": 17.50753402709961, "lowlevel.melbands_kurtosis.stdev": 17.71127700805664, "lowlevel.melbands_skewness.mean": 3.641068458557129, "lowlevel.melbands_skewness.stdev": 1.5506523847579956, "lowlevel.melbands_spread.mean": 30.263154983520508, "lowlevel.melbands_spread.stdev": 17.571016311645508, "lowlevel.pitch_salience.mean": 0.5463238954544067, "lowlevel.pitch_salience.stdev": 0.13108086585998535, "lowlevel.silence_rate_20dB.mean": 1.0, "lowlevel.silence_rate_20dB.stdev": 0.0, "lowlevel.silence_rate_30dB.mean": 0.967085599899292, "lowlevel.silence_rate_30dB.stdev": 0.17841263115406036, "lowlevel.silence_rate_60dB.mean": 0.001196888042613864, "lowlevel.silence_rate_60dB.stdev": 0.03457533195614815, "lowlevel.spectral_centroid.mean": 1947.1280517578125, "lowlevel.spectral_centroid.stdev": 505.20928955078125, "lowlevel.spectral_complexity.mean": 37.278873443603516, "lowlevel.spectral_complexity.stdev": 8.854772567749023, "lowlevel.spectral_decrease.mean": -1.0082890078422224e-08, "lowlevel.spectral_decrease.stdev": 6.630655136063979e-09, "lowlevel.spectral_energy.mean": 0.04167459160089493, "lowlevel.spectral_energy.stdev": 0.025349676609039307, "lowlevel.spectral_energyband_high.mean": 0.003101555397734046, "lowlevel.spectral_energyband_high.stdev": 0.001982060493901372, "lowlevel.spectral_energyband_low.mean": 0.02204972878098488, "lowlevel.spectral_energyband_low.stdev": 0.024314044043421745, "lowlevel.spectral_energyband_middle_high.mean": 0.006069641560316086, "lowlevel.spectral_energyband_middle_high.stdev": 0.0027654182631522417, "lowlevel.spectral_energyband_middle_low.mean": 0.012325993739068508, "lowlevel.spectral_energyband_middle_low.stdev": 0.011884952895343304, "lowlevel.spectral_entropy.mean": 8.15102481842041, "lowlevel.spectral_entropy.stdev": 0.15118946135044098, "lowlevel.spectral_flux.mean": 0.10257711261510849, "lowlevel.spectral_flux.stdev": 0.04462907463312149, "lowlevel.spectral_kurtosis.mean": 2.3843936920166016, "lowlevel.spectral_kurtosis.stdev": 0.8796494007110596, "lowlevel.spectral_rms.mean": 0.006162652745842934, "lowlevel.spectral_rms.stdev": 0.0016370407538488507, "lowlevel.spectral_rolloff.mean": 2310.640380859375, "lowlevel.spectral_rolloff.stdev": 1718.142578125, "lowlevel.spectral_skewness.mean": 1.2301573753356934, "lowlevel.spectral_skewness.stdev": 0.20945870876312256, "lowlevel.spectral_spread.mean": 5988542.0, "lowlevel.spectral_spread.stdev": 838673.6875, "lowlevel.spectral_strongpeak.mean": 0.5030530095100403, "lowlevel.spectral_strongpeak.stdev": 0.29472821950912476, "lowlevel.zerocrossingrate.mean": 0.09347736835479736, "lowlevel.zerocrossingrate.stdev": 0.03413417190313339, "metadata.audio_properties.analysis.equal_loudness": 0.0, "metadata.audio_properties.analysis.length": 38.76265335083008, "metadata.audio_properties.analysis.sample_rate": 44100.0, "metadata.audio_properties.analysis.start_time": 0.0, "metadata.audio_properties.bit_rate": 117007.0, "metadata.audio_properties.length": 38.762664794921875, "metadata.audio_properties.lossless": 0.0, "metadata.audio_properties.number_channels": 1.0, "metadata.audio_properties.replay_gain": -11.502151489257812, "metadata.audio_properties.sample_rate": 48000.0, "rhythm.beats_count": 96.0, "rhythm.beats_loudness.mean": 0.04488353803753853, "rhythm.beats_loudness.stdev": 0.01977723278105259, "rhythm.bpm": 150.01242065429688, "rhythm.bpm_histogram_first_peak_bpm": 152.0, "rhythm.bpm_histogram_first_peak_weight": 0.457446813583374, "rhythm.bpm_histogram_second_peak_bpm": 144.0, "rhythm.bpm_histogram_second_peak_spread": 0.0, "rhythm.bpm_histogram_second_peak_weight": 0.010526316240429878, "rhythm.danceability": 1.7873445749282837, "rhythm.onset_rate": 3.120380401611328, "tonal.chords_changes_rate": 0.07296650856733322, "tonal.chords_number_rate": 0.005980861373245716, "tonal.chords_strength.mean": 0.5594252943992615, "tonal.chords_strength.stdev": 0.06536416709423065, "tonal.hpcp_crest.mean": 8.415959358215332, "tonal.hpcp_crest.stdev": 3.883037567138672, "tonal.hpcp_entropy.mean": 3.092276096343994, "tonal.hpcp_entropy.stdev": 0.6438689827919006, "tonal.key_edma.strength": 0.6652006506919861, "tonal.key_krumhansl.strength": 0.6741457581520081, "tonal.key_temperley.strength": 0.6791898012161255, "tonal.tuning_diatonic_strength": 0.6494110226631165, "tonal.tuning_equal_tempered_deviation": 0.16462181508541107, "tonal.tuning_frequency": 434.193115234375, "tonal.tuning_nontempered_energy_ratio": 0.8181977868080139, "lowlevel.barkbands.mean": [0.0006986281950958073, 0.008893550373613834, 0.010668475180864334, 0.004858725238591433, 0.004208874888718128, 0.000989927793852985, 0.000873115670401603, 0.0005695605068467557, 0.0006669146241620183, 0.0004706860054284334, 0.0006014570826664567, 0.0006941304309293628, 0.0005187339265830815, 0.00038511681486852467, 0.0004544958646874875, 0.0006589870317839086, 0.0007906602113507688, 0.000668962427880615, 0.0006540676113218069, 0.0005885681603103876, 0.0006636998732574284, 0.0005145369214005768, 0.0004612162010744214, 0.00044864261872135103, 0.00043336075032129884, 0.00023444714315701276, 5.033412435295759e-06], "lowlevel.barkbands.stdev": [0.0013765320181846619, 0.02246725745499134, 0.008702254854142666, 0.004186986945569515, 0.00914822518825531, 0.0013997636269778013, 0.0012689399300143123, 0.0007369121303781867, 0.0007684208103455603, 0.0005200086161494255, 0.0007475863094441593, 0.0008759667398408055, 0.0005206050700508058, 0.00035474722972139716, 0.00040045526111498475, 0.0005038747331127524, 0.0005383982206694782, 0.00043267468572594225, 0.00041051438893191516, 0.0003554299764800817, 0.0004537710046861321, 0.00041916975169442594, 0.0004506584082264453, 0.00042002619011327624, 0.00031157900230027735, 0.0001578746596351266, 7.680162525502965e-06], "lowlevel.erbbands.mean": [0.2515895664691925, 2.1760923862457275, 12.022133827209473, 12.604047775268555, 19.245521545410156, 10.719209671020508, 7.194815635681152, 8.488908767700195, 11.298267364501953, 13.499114036560059, 13.088695526123047, 14.650247573852539, 15.823572158813477, 16.377981185913086, 28.204593658447266, 27.67821502685547, 24.833295822143555, 19.546985626220703, 25.396747589111328, 24.051990509033203, 41.33353042602539, 45.60117721557617, 34.82493209838867, 41.64922332763672, 25.7296199798584, 27.656352996826172, 28.243080139160156, 25.001985549926758, 19.470064163208008, 14.930952072143555, 12.699152946472168, 10.167426109313965, 7.042150974273682, 5.026622772216797, 2.9224231243133545, 1.3843185901641846, 0.3576415777206421, 0.036136236041784286, 0.0008545440505258739, 8.890176104614511e-05], "lowlevel.erbbands.stdev": [0.8855355978012085, 4.421350955963135, 9.523581504821777, 8.807134628295898, 35.39202880859375, 19.244958877563477, 9.157898902893066, 12.495386123657227, 17.334718704223633, 17.341842651367188, 16.350818634033203, 16.886648178100586, 16.7978515625, 19.746910095214844, 33.24302673339844, 33.15845489501953, 24.75090980529785, 16.804182052612305, 21.40182113647461, 18.96999740600586, 30.296485900878906, 30.24835968017578, 21.137632369995117, 26.934024810791016, 15.80704402923584, 16.429763793945312, 19.125795364379883, 17.74790382385254, 15.645030975341797, 13.061360359191895, 12.863936424255371, 10.569437026977539, 6.21640682220459, 4.031928539276123, 2.0198423862457275, 0.937653124332428, 0.25989532470703125, 0.03078974410891533, 0.0007207146263681352, 3.876963455695659e-05], "lowlevel.gfcc.mean": [75.22908020019531, 44.73512649536133, -102.01687622070312, 48.42216873168945, -52.28501510620117, 24.410778045654297, -42.34252166748047, 16.011064529418945, -37.02165603637695, 2.614938735961914, -29.272705078125, 0.15238544344902039, -22.058820724487305], "lowlevel.melbands.mean": [0.0023009430151432753, 0.004808592144399881, 0.0025271165650337934, 0.0011149377096444368, 0.0002648377849254757, 0.00019246253941673785, 0.00017544958973303437, 0.00014319522597361356, 0.0001071329097612761, 9.238519851351157e-05, 7.81165508669801e-05, 6.315954669844359e-05, 8.868576696841046e-05, 8.350701682502404e-05, 6.0090467741247267e-05, 5.036262155044824e-05, 3.396830288693309e-05, 4.105727930436842e-05, 3.232185190427117e-05, 3.5154924262315035e-05, 5.186953421798535e-05, 4.949521098751575e-05, 3.414425009395927e-05, 3.093805935350247e-05, 3.510158057906665e-05, 2.033855162153486e-05, 1.6919131667236798e-05, 1.861912096501328e-05, 1.8027298210654408e-05, 1.648435863899067e-05, 1.372866790916305e-05, 1.1553142030606978e-05, 8.702719242137391e-06, 8.23849859443726e-06, 7.388052836176939e-06, 6.601902896363754e-06, 6.2321810219145846e-06, 5.1044039537373465e-06, 4.3362038013583515e-06, 4.190151230432093e-06], "lowlevel.melbands.stdev": [0.006934495642781258, 0.004029867239296436, 0.0019358366262167692, 0.0022238476667553186, 0.00031905336072668433, 0.00027723636594600976, 0.0002607742790132761, 0.0001782316976459697, 0.00013247845345176756, 0.00010764850594568998, 8.433747279923409e-05, 7.83842260716483e-05, 0.00010616581857902929, 0.0001070765865733847, 6.989287066971883e-05, 4.946260014548898e-05, 3.143252251902595e-05, 3.649722566478886e-05, 2.9629076379933394e-05, 2.820005283865612e-05, 3.9505594031652436e-05, 3.506683060550131e-05, 2.267428135382943e-05, 2.1284349713823758e-05, 2.3882721507106908e-05, 1.3955746908322908e-05, 1.0279117304889951e-05, 1.1898802767973393e-05, 1.3141100680513773e-05, 1.1868053661601152e-05, 1.0442256098031066e-05, 9.604537808627356e-06, 7.69539110478945e-06, 7.589535925944801e-06, 7.585711045976495e-06, 7.366270438069478e-06, 6.609487172681838e-06, 4.795815129909897e-06, 3.5927214412367903e-06, 3.5403259062150028e-06], "lowlevel.melbands128.mean": [0.00039312944863922894, 0.0019925551023334265, 0.002778454450890422, 0.003498638514429331, 0.006602076813578606, 0.004301866050809622, 0.002287357347086072, 0.002622895408421755, 0.0019621870014816523, 0.0011841912055388093, 0.00042253604624420404, 0.00027475948445498943, 0.00022917312162462622, 0.00023228437930811197, 0.00019207826699130237, 0.00017141610442195088, 0.00018040926079265773, 0.0001738051068969071, 0.00017239995941054076, 0.00015818659448996186, 0.00012400226842146367, 0.00011343673395458609, 0.00010048244439531118, 0.00010913103324128315, 9.278463403461501e-05, 8.58636194607243e-05, 9.142942144535482e-05, 7.761193410260603e-05, 6.922177999513224e-05, 5.765255991718732e-05, 5.851824607816525e-05, 7.709511555731297e-05, 8.905147842597216e-05, 0.0001040979623212479, 8.528988837497309e-05, 8.094167424133047e-05, 7.301446748897433e-05, 5.7259843742940575e-05, 5.1759183406829834e-05, 6.082258914830163e-05, 4.998089934815653e-05, 3.700892557390034e-05, 3.1280258554033935e-05, 3.305132850073278e-05, 3.835220923065208e-05, 4.426169834914617e-05, 4.284971146262251e-05, 3.2296138670062646e-05, 2.6838031772058457e-05, 3.125624789390713e-05, 3.458560968283564e-05, 3.962571281590499e-05, 5.44394897588063e-05, 5.31196164956782e-05, 5.3721607400802895e-05, 5.197418067837134e-05, 4.624774373951368e-05, 3.4034830605378374e-05, 3.173789446009323e-05, 2.8251703042769805e-05, 2.8397736969054677e-05, 3.410216231714003e-05, 4.0490493120159954e-05, 3.658653804450296e-05, 2.4854349248926155e-05, 2.067280001938343e-05, 1.6576828784309328e-05, 1.5321444152505137e-05, 1.6860443793120794e-05, 1.986394818231929e-05, 1.7420423318981193e-05, 1.8240289136883803e-05, 2.1014622689108364e-05, 1.7325350199826062e-05, 1.553224865347147e-05, 1.7774515072233044e-05, 1.619385693629738e-05, 1.4598665075027384e-05, 1.3723328265768941e-05, 1.2398770195432007e-05, 1.2406991118041333e-05, 1.100869667425286e-05, 9.906672858051024e-06, 8.404567779507488e-06, 7.5969296631228644e-06, 8.43239831738174e-06, 8.403741958318278e-06, 8.105612323561218e-06, 7.134870429581497e-06, 7.118024768715259e-06, 6.94634809406125e-06, 6.6388251980242785e-06, 5.698458153347019e-06, 6.258851499296725e-06, 6.581333309441106e-06, 5.845745818078285e-06, 4.5138917812437285e-06, 4.515354248724179e-06, 4.1251632865169086e-06, 4.366957455204101e-06, 4.5740357563772704e-06, 4.005723440059228e-06, 4.0280747271026485e-06, 3.6410535813047318e-06, 3.2369689506595023e-06, 2.963696488222922e-06, 2.9222023840702605e-06, 2.941275170087465e-06, 2.384035497016157e-06, 2.0118491192988586e-06, 1.873609789981856e-06, 1.2294415228097932e-06, 1.0943419965769863e-06, 7.948779625621682e-07, 5.482212372953654e-07, 3.144484992390062e-07, 1.806290725880899e-07, 3.3848888136844835e-08, 9.827972879961067e-10, 6.535525159251376e-12, 6.174527035496258e-12, 5.9795571272225345e-12, 5.800911834219491e-12, 5.622397079158015e-12, 5.307915999092083e-12, 4.873346951678181e-12, 4.639702250869293e-12, 4.582120273488588e-12], "lowlevel.melbands128.stdev": [0.001298359828069806, 0.0077309575863182545, 0.010426323860883713, 0.00669611943885684, 0.0054673803970217705, 0.003569195745512843, 0.0018106175120919943, 0.0023772225249558687, 0.00470135360956192, 0.002911548363044858, 0.0007267624605447054, 0.0003972764534410089, 0.00034785689786076546, 0.0004024740483146161, 0.0003508217050693929, 0.0003154321457259357, 0.00033795402850955725, 0.0003398347180336714, 0.0003154186997562647, 0.0002394281473243609, 0.000178339789272286, 0.00019000448810402304, 0.00015371156041510403, 0.00016171082097571343, 0.00013596637290902436, 0.00012891758524347097, 0.00013325855252332985, 9.462398156756535e-05, 9.30853420868516e-05, 8.778477786108851e-05, 9.319226228399202e-05, 0.00012294724001549184, 0.00012485247862059623, 0.00015518332656938583, 0.000139956537168473, 0.00012620359484571964, 0.00011148327757837251, 8.71822121553123e-05, 6.807144382037222e-05, 7.579184602946043e-05, 5.867048821528442e-05, 4.260359128238633e-05, 3.373158324393444e-05, 4.232763239997439e-05, 4.449855623533949e-05, 4.882329812971875e-05, 4.772032843902707e-05, 4.139142401982099e-05, 3.080723399762064e-05, 3.270179877290502e-05, 3.297710281913169e-05, 4.2650397517718375e-05, 5.601046359515749e-05, 4.6283465053420514e-05, 5.083637734060176e-05, 4.555035411613062e-05, 4.313524914323352e-05, 2.9091077522025444e-05, 2.751093234110158e-05, 2.296523962286301e-05, 2.8997888875892386e-05, 2.711950583034195e-05, 4.1068757127504796e-05, 2.893180680985097e-05, 1.9794428226305172e-05, 1.91485887626186e-05, 1.4223302059690468e-05, 1.2553638953249902e-05, 1.2371904631436337e-05, 1.4850299521640409e-05, 1.3890928130422253e-05, 1.4866409401292913e-05, 1.917820372909773e-05, 1.4965005902922712e-05, 1.3010556358494796e-05, 1.5102493307495024e-05, 1.3849195966031402e-05, 1.3012594536121469e-05, 1.2121518921048846e-05, 1.1257064215897117e-05, 1.2172134120191913e-05, 1.0245288649457507e-05, 9.659938768891152e-06, 8.764719495957252e-06, 7.559603091067402e-06, 8.76550348039018e-06, 8.524877557647415e-06, 9.043517820828129e-06, 8.100764716800768e-06, 8.503092431055848e-06, 8.463114681944717e-06, 8.128742592816707e-06, 6.617382041440578e-06, 7.876107702031732e-06, 7.317266408790601e-06, 6.0984034462308045e-06, 4.819955847779056e-06, 4.467397047847044e-06, 3.876754362863721e-06, 4.1309831431135535e-06, 4.14113355873269e-06, 4.031079697597306e-06, 3.89806336897891e-06, 3.344332981214393e-06, 2.6576778964226833e-06, 2.2081462702772114e-06, 2.2490860374091426e-06, 2.3600787244504318e-06, 1.8571869304651045e-06, 1.7120661368608125e-06, 1.5814697462701588e-06, 1.033639478009718e-06, 9.821644653129624e-07, 8.048298241192242e-07, 5.631152930618555e-07, 3.6017556226397573e-07, 2.527954734432569e-07, 1.020926561068336e-07, 1.2228144719017564e-08, 2.0020920685204224e-11, 1.9041308460532314e-11, 1.8112681493542837e-11, 1.7383447112329087e-11, 1.6190306040275715e-11, 1.294263307638488e-11, 9.222226281246915e-12, 8.405785616172334e-12, 8.33443557224367e-12], "lowlevel.mfcc.mean": [-570.0538940429688, 77.00711059570312, 9.36352252960205, 29.01949691772461, 13.599309921264648, 9.84532356262207, 8.191954612731934, 7.760387420654297, 3.797790288925171, -2.929431438446045, -1.8158332109451294, 1.165533423423767, -3.474802017211914], "lowlevel.spectral_contrast_coeffs.mean": [-0.6629024147987366, -0.8133437633514404, -0.8218967914581299, -0.8181791305541992, -0.8078816533088684, -0.7567621469497681], "lowlevel.spectral_contrast_coeffs.stdev": [0.0674523338675499, 0.05108466371893883, 0.035680655390024185, 0.028033137321472168, 0.01861088164150715, 0.02725614793598652], "lowlevel.spectral_contrast_valleys.mean": [-6.34158992767334, -6.390687942504883, -6.707859516143799, -6.824991703033447, -6.455878734588623, -8.872035026550293], "lowlevel.spectral_contrast_valleys.stdev": [0.47750961780548096, 0.4914439022541046, 0.46829280257225037, 0.37061095237731934, 0.34770357608795166, 0.45844322443008423], "rhythm.beats_loudness_band_ratio.mean": [0.6099739074707031, 0.14146937429904938, 0.060308005660772324, 0.06344494223594666, 0.09090304374694824, 0.12440488487482071], "rhythm.beats_loudness_band_ratio.stdev": [0.12594088912010193, 0.15458838641643524, 0.04690532758831978, 0.03475645184516907, 0.04286101460456848, 0.053457945585250854], "tonal.hpcp.mean": [0.6118443012237549, 0.32799530029296875, 0.08055126667022705, 0.05102564021945, 0.037664417177438736, 0.032740019261837006, 0.03832612559199333, 0.04393918067216873, 0.04201297089457512, 0.04226848483085632, 0.04217654466629028, 0.04088078811764717, 0.04687177389860153, 0.05714970454573631, 0.05140221491456032, 0.04074705392122269, 0.041531942784786224, 0.05027956888079643, 0.05907575786113739, 0.08466826379299164, 0.18018534779548645, 0.29184243083000183, 0.20883634686470032, 0.0688420832157135, 0.046049293130636215, 0.04598749056458473, 0.04424632713198662, 0.034866832196712494, 0.03664334863424301, 0.08281408250331879, 0.1440868377685547, 0.1430060714483261, 0.11904456466436386, 0.12414173036813736, 0.164993017911911, 0.43234801292419434], "tonal.hpcp.stdev": [0.41595596075057983, 0.32380160689353943, 0.18076767027378082, 0.13851536810398102, 0.11133953183889389, 0.07796742022037506, 0.0808100700378418, 0.0994998961687088, 0.10579580068588257, 0.09699766337871552, 0.09383724629878998, 0.07281789928674698, 0.06651310622692108, 0.09415529668331146, 0.0929604321718216, 0.07963792979717255, 0.0711747333407402, 0.10130134969949722, 0.12481846660375595, 0.16503755748271942, 0.23733021318912506, 0.28352585434913635, 0.23035737872123718, 0.12943440675735474, 0.0907345563173294, 0.11583498120307922, 0.11701561510562897, 0.08612994104623795, 0.0779394581913948, 0.17542390525341034, 0.2740105092525482, 0.2485436499118805, 0.23893027007579803, 0.24401487410068512, 0.26992732286453247, 0.34016406536102295], "rhythm.beats_position": [0.40634921193122864, 0.8243083953857422, 1.2306575775146484, 1.6253968477249146, 2.0317459106445312, 2.4380950927734375, 2.832834482192993, 3.2275736331939697, 3.633922815322876, 4.040272235870361, 4.435011386871338, 4.8297505378723145, 5.224489688873291, 5.630838871002197, 6.0371880531311035, 6.43192720413208, 6.826666355133057, 7.221405982971191, 7.627755165100098, 8.034104347229004, 8.42884349822998, 8.823582649230957, 9.229931831359863, 9.63628101348877, 10.031020164489746, 10.425759315490723, 10.8204984664917, 11.226847648620605, 11.633196830749512, 12.027935981750488, 12.422675132751465, 12.817414283752441, 13.223763465881348, 13.63011360168457, 14.024852752685547, 14.419591903686523, 14.82594108581543, 15.232290267944336, 15.627029418945312, 16.02176856994629, 16.428117752075195, 16.8344669342041, 17.229206085205078, 17.623945236206055, 18.03029441833496, 18.436643600463867, 18.831382751464844, 19.22612190246582, 19.620861053466797, 20.027210235595703, 20.42194938659668, 20.828298568725586, 21.223037719726562, 21.61777687072754, 22.024126052856445, 22.43047523498535, 22.836824417114258, 23.243173599243164, 23.63791275024414, 24.032651901245117, 24.427391052246094, 24.833740234375, 25.240089416503906, 25.634828567504883, 26.029569625854492, 26.42430877685547, 26.830657958984375, 27.23700714111328, 27.631746292114258, 28.026485443115234, 28.43283462524414, 28.827573776245117, 29.233922958374023, 29.628662109375, 30.023401260375977, 30.418140411376953, 30.82448959350586, 31.230838775634766, 31.625577926635742, 32.02031707763672, 32.426666259765625, 32.83301544189453, 33.227752685546875, 33.622493743896484, 34.02884292602539, 34.4351921081543, 34.829933166503906, 35.22467041015625, 35.631019592285156, 36.03736877441406, 36.43210983276367, 36.826847076416016, 37.23319625854492, 37.63954544067383, 38.03428649902344, 38.42902374267578], "rhythm.bpm_histogram": [0.0, 0.0, 0.0, 0.0, 0.0, 0.0, 0.0, 0.0, 0.0, 0.0, 0.0, 0.0, 0.0, 0.0, 0.0, 0.0, 0.0, 0.0, 0.0, 0.0, 0.0, 0.0, 0.0, 0.0, 0.0, 0.0, 0.0, 0.0, 0.0, 0.0, 0.0, 0.0, 0.0, 0.0, 0.0, 0.0, 0.0, 0.0, 0.0, 0.0, 0.0, 0.0, 0.0, 0.0, 0.0, 0.0, 0.0, 0.0, 0.0, 0.0, 0.0, 0.0, 0.0, 0.0, 0.0, 0.0, 0.0, 0.0, 0.0, 0.0, 0.0, 0.0, 0.0, 0.0, 0.0, 0.0, 0.0, 0.0, 0.0, 0.0, 0.0, 0.0, 0.0, 0.0, 0.0, 0.0, 0.0, 0.0, 0.0, 0.0, 0.0, 0.0, 0.0, 0.0, 0.0, 0.0, 0.0, 0.0, 0.0, 0.0, 0.0, 0.0, 0.0, 0.0, 0.0, 0.0, 0.0, 0.0, 0.0, 0.0, 0.0, 0.0, 0.0, 0.0, 0.0, 0.0, 0.0, 0.0, 0.0, 0.0, 0.0, 0.0, 0.0, 0.0, 0.0, 0.0, 0.0, 0.0, 0.0, 0.0, 0.0, 0.0, 0.0, 0.0, 0.0, 0.0, 0.0, 0.0, 0.0, 0.0, 0.0, 0.0, 0.0, 0.0, 0.0, 0.0, 0.0, 0.0, 0.0, 0.0, 0.0, 0.0, 0.0, 0.0, 0.010526316240429878, 0.0, 0.0, 0.0, 0.4526315927505493, 0.0, 0.0, 0.0, 0.5368421077728271, 0.0, 0.0, 0.0, 0.0, 0.0, 0.0, 0.0, 0.0, 0.0, 0.0, 0.0, 0.0, 0.0, 0.0, 0.0, 0.0, 0.0, 0.0, 0.0, 0.0, 0.0, 0.0, 0.0, 0.0, 0.0, 0.0, 0.0, 0.0, 0.0, 0.0, 0.0, 0.0, 0.0, 0.0, 0.0, 0.0, 0.0, 0.0, 0.0, 0.0, 0.0, 0.0, 0.0, 0.0, 0.0, 0.0, 0.0, 0.0, 0.0, 0.0, 0.0, 0.0, 0.0, 0.0, 0.0, 0.0, 0.0, 0.0, 0.0, 0.0, 0.0, 0.0, 0.0, 0.0, 0.0, 0.0, 0.0, 0.0, 0.0, 0.0, 0.0, 0.0, 0.0, 0.0, 0.0, 0.0, 0.0, 0.0, 0.0, 0.0, 0.0, 0.0, 0.0, 0.0, 0.0, 0.0, 0.0, 0.0, 0.0, 0.0, 0.0, 0.0, 0.0, 0.0, 0.0, 0.0, 0.0], "tonal.chords_histogram": [63.7559814453125, 4.784688949584961, 0.0, 0.9569377899169922, 0.0, 0.0, 0.0, 0.0, 0.0, 0.0, 17.58373260498047, 0.4784688949584961, 0.0, 0.0, 0.0, 2.1531100273132324, 0.0, 9.928229331970215, 0.0, 0.0, 0.0, 0.0, 0.35885167121887207, 0.0], "tonal.thpcp": [1.0, 0.5360764265060425, 0.13165320456027985, 0.08339644968509674, 0.06155882775783539, 0.05351037532091141, 0.06264032423496246, 0.07181431353092194, 0.06866611540317535, 0.06908372789621353, 0.06893345713615417, 0.06681567430496216, 0.0766073539853096, 0.09340563416481018, 0.08401191979646683, 0.0665970966219902, 0.06787992268800735, 0.0821770653128624, 0.09655357897281647, 0.13838204741477966, 0.29449543356895447, 0.4769880771636963, 0.3413226902484894, 0.11251568794250488, 0.07526309043169022, 0.07516208291053772, 0.07231631875038147, 0.05698644742369652, 0.05988999083638191, 0.13535156846046448, 0.235495924949646, 0.2337295114994049, 0.1945667564868927, 0.2028975784778595, 0.26966503262519836, 0.7066307663917542], "lowlevel.gfcc.cov": [[1015.8680419921875, -77.87975311279297, -25.4164981842041, -55.124717712402344, -93.97781372070312, -13.537130355834961, -15.251920700073242, -10.168065071105957, 12.693758964538574, 7.6347832679748535, -2.3705058097839355, 31.96535301208496, -6.665853023529053], [-77.87975311279297, 273.135498046875, 7.6596856117248535, 10.554916381835938, 41.90724563598633, -20.836902618408203, 28.406850814819336, 10.914851188659668, 19.92328453063965, 4.264519214630127, 28.02262306213379, -4.47115421295166, 9.31666088104248], [-25.4164981842041, 7.6596856117248535, 147.48748779296875, 35.8319206237793, 36.945247650146484, 12.7689208984375, -14.334484100341797, 15.99551010131836, 11.811861038208008, 15.691184997558594, 16.635971069335938, 12.463553428649902, -0.8976762294769287], [-55.124717712402344, 10.554916381835938, 35.8319206237793, 147.3303985595703, 31.257522583007812, 28.18645668029785, -10.691174507141113, -9.631126403808594, 19.002666473388672, -6.394550323486328, 15.699590682983398, -4.185611724853516, 25.754697799682617], [-93.97781372070312, 41.90724563598633, 36.945247650146484, 31.257522583007812, 163.65850830078125, 38.64155197143555, 38.08144760131836, 45.37326431274414, 29.467554092407227, 34.43450927734375, 11.92553997039795, 8.621532440185547, 3.596914529800415], [-13.537130355834961, -20.836902618408203, 12.7689208984375, 28.18645668029785, 38.64155197143555, 137.48056030273438, 92.6206283569336, 38.52790451049805, 11.516879081726074, -8.700392723083496, 22.108850479125977, -0.2912124991416931, 10.739726066589355], [-15.251920700073242, 28.406850814819336, -14.334484100341797, -10.691174507141113, 38.08144760131836, 92.6206283569336, 158.25071716308594, 77.94257354736328, 25.85884666442871, 7.181761741638184, 19.37701416015625, 9.77133560180664, 7.183655738830566], [-10.168065071105957, 10.914851188659668, 15.99551010131836, -9.631126403808594, 45.37326431274414, 38.52790451049805, 77.94257354736328, 106.26905822753906, 60.71321105957031, 37.530921936035156, 17.276071548461914, 12.59564208984375, 10.990736961364746], [12.693758964538574, 19.92328453063965, 11.811861038208008, 19.002666473388672, 29.467554092407227, 11.516879081726074, 25.85884666442871, 60.71321105957031, 88.45567321777344, 52.897979736328125, 25.318424224853516, 13.94118595123291, 16.796411514282227], [7.6347832679748535, 4.264519214630127, 15.691184997558594, -6.394550323486328, 34.43450927734375, -8.700392723083496, 7.181761741638184, 37.530921936035156, 52.897979736328125, 69.58976745605469, 31.27104949951172, 21.79221534729004, 9.018919944763184], [-2.3705058097839355, 28.02262306213379, 16.635971069335938, 15.699590682983398, 11.92553997039795, 22.108850479125977, 19.37701416015625, 17.276071548461914, 25.318424224853516, 31.27104949951172, 58.23908233642578, 34.11872482299805, 19.334049224853516], [31.96535301208496, -4.47115421295166, 12.463553428649902, -4.185611724853516, 8.621532440185547, -0.2912124991416931, 9.77133560180664, 12.59564208984375, 13.94118595123291, 21.79221534729004, 34.11872482299805, 56.029056549072266, 29.785972595214844], [-6.665853023529053, 9.31666088104248, -0.8976762294769287, 25.754697799682617, 3.596914529800415, 10.739726066589355, 7.183655738830566, 10.990736961364746, 16.796411514282227, 9.018919944763184, 19.334049224853516, 29.785972595214844, 48.11188888549805]], "lowlevel.gfcc.icov": [[0.0011435047490522265, -2.0558261894620955e-05, 0.00016376572602894157, 4.999358134227805e-05, 0.0008310507400892675, -0.0006069302908144891, 0.0002468643360771239, 0.00017155187379103154, -0.0006006569601595402, -0.00035774733987636864, 0.0011053888592869043, -0.0018888418562710285, 0.0011379373027011752], [-2.0558261894620955e-05, 0.006459842901676893, -0.001352356281131506, 0.002195036504417658, -0.0034797703847289085, 0.006448092870414257, -0.004285307601094246, 0.0029074817430227995, -0.00382593204267323, 0.006808171514421701, -0.0098760100081563, 0.008609110489487648, -0.004959295503795147], [0.00016376572602894157, -0.001352356281131506, 0.009370611980557442, -0.0033906158059835434, 9.554980351822451e-05, -0.003473046235740185, 0.004762802738696337, -0.004767278674989939, 0.0029363955836743116, -0.0026209603529423475, 0.0019036064622923732, -0.006452921777963638, 0.006116659380495548], [4.999358134227805e-05, 0.002195036504417658, -0.0033906158059835434, 0.013003080151975155, -0.004268714692443609, 0.0017461859388276935, -0.0009349973988719285, 0.005989212542772293, -0.00802591536194086, 0.009167677722871304, -0.009218706749379635, 0.011181602254509926, -0.010875808075070381], [0.0008310507400892675, -0.0034797703847289085, 9.554980351822451e-05, -0.004268714692443609, 0.011468100361526012, -0.006321284454315901, 0.0021801225375384092, -0.004235300701111555, 0.0046732500195503235, -0.010969405993819237, 0.010401532985270023, -0.00867878645658493, 0.005889445543289185], [-0.0006069302908144891, 0.006448092870414257, -0.003473046235740185, 0.0017461859388276935, -0.006321284454315901, 0.02290785312652588, -0.013511697761714458, 0.004183866549283266, -0.004805975127965212, 0.013818222098052502, -0.018564237281680107, 0.016484763473272324, -0.009569631889462471], [0.0002468643360771239, -0.004285307601094246, 0.004762802738696337, -0.0009349973988719285, 0.0021801225375384092, -0.013511697761714458, 0.020707866176962852, -0.014188340865075588, 0.005430510733276606, -0.0025767842307686806, 0.005410065408796072, -0.00975588895380497, 0.006908804178237915], [0.00017155187379103154, 0.0029074817430227995, -0.004767278674989939, 0.005989212542772293, -0.004235300701111555, 0.004183866549283266, -0.014188340865075588, 0.03085620328783989, -0.01818023808300495, 0.0023455102927982807, -0.0013666688464581966, 0.005741835106164217, -0.006480232812464237], [-0.0006006569601595402, -0.00382593204267323, 0.0029363955836743116, -0.00802591536194086, 0.0046732500195503235, -0.004805975127965212, 0.005430510733276606, -0.01818023808300495, 0.03727462515234947, -0.0252559632062912, 0.006143186241388321, -0.0016733978409320116, -0.0006367750465869904], [-0.00035774733987636864, 0.006808171514421701, -0.0026209603529423475, 0.009167677722871304, -0.010969405993819237, 0.013818222098052502, -0.0025767842307686806, 0.0023455102927982807, -0.0252559632062912, 0.051158010959625244, -0.028681576251983643, 0.009657547809183598, -0.003965809475630522], [0.0011053888592869043, -0.0098760100081563, 0.0019036064622923732, -0.009218706749379635, 0.010401532985270023, -0.018564237281680107, 0.005410065408796072, -0.0013666688464581966, 0.006143186241388321, -0.028681576251983643, 0.05768047273159027, -0.037300094962120056, 0.013051816262304783], [-0.0018888418562710285, 0.008609110489487648, -0.006452921777963638, 0.011181602254509926, -0.00867878645658493, 0.016484763473272324, -0.00975588895380497, 0.005741835106164217, -0.0016733978409320116, 0.009657547809183598, -0.037300094962120056, 0.061975400894880295, -0.03552653267979622], [0.0011379373027011752, -0.004959295503795147, 0.006116659380495548, -0.010875808075070381, 0.005889445543289185, -0.009569631889462471, 0.006908804178237915, -0.006480232812464237, -0.0006367750465869904, -0.003965809475630522, 0.013051816262304783, -0.03552653267979622, 0.04769876226782799]], "lowlevel.mfcc.cov": [[976.1578369140625, -95.61314392089844, 5.358003616333008, -62.984771728515625, -86.57484436035156, -12.470978736877441, -56.538455963134766, 4.192420482635498, -27.297819137573242, 2.642200469970703, -9.752039909362793, -18.959789276123047, -12.024954795837402], [-95.61314392089844, 271.0234069824219, -37.359352111816406, 19.89101791381836, 13.114602088928223, -27.475414276123047, 17.188335418701172, -1.3656811714172363, 16.87362289428711, -4.371335983276367, 29.715604782104492, 22.447717666625977, 26.633028030395508], [5.358003616333008, -37.359352111816406, 146.72413635253906, 12.344207763671875, 10.642926216125488, 7.23038387298584, -8.38624382019043, 2.8917324542999268, -21.151731491088867, -3.7996163368225098, -11.78266716003418, -1.7658711671829224, 0.19277024269104004], [-62.984771728515625, 19.89101791381836, 12.344207763671875, 116.81387329101562, 58.37202835083008, 1.0274420976638794, -23.424354553222656, -19.779220581054688, 5.069215297698975, -4.1376543045043945, -2.2247328758239746, 2.8818087577819824, 13.981908798217773], [-86.57484436035156, 13.114602088928223, 10.642926216125488, 58.37202835083008, 132.64004516601562, 23.141969680786133, -8.491292953491211, -17.489383697509766, 8.061071395874023, 5.676740646362305, 9.596637725830078, 7.841389179229736, 12.41012191772461], [-12.470978736877441, -27.475414276123047, 7.23038387298584, 1.0274420976638794, 23.141969680786133, 80.00968170166016, 47.61878204345703, 28.098804473876953, -0.3779038190841675, 9.764551162719727, 1.4503322839736938, -0.17040210962295532, -7.771442890167236], [-56.538455963134766, 17.188335418701172, -8.38624382019043, -23.424354553222656, -8.491292953491211, 47.61878204345703, 113.74083709716797, 69.59439849853516, 24.90869903564453, 16.247751235961914, 18.40163803100586, 13.29472541809082, -1.5619150400161743], [4.192420482635498, -1.3656811714172363, 2.8917324542999268, -19.779220581054688, -17.489383697509766, 28.098804473876953, 69.59439849853516, 87.76432800292969, 40.923946380615234, 26.374237060546875, 14.979181289672852, 12.40092658996582, 2.998764991760254], [-27.297819137573242, 16.87362289428711, -21.151731491088867, 5.069215297698975, 8.061071395874023, -0.3779038190841675, 24.90869903564453, 40.923946380615234, 75.56292724609375, 42.0800895690918, 25.82672882080078, 19.38269805908203, 15.112098693847656], [2.642200469970703, -4.371335983276367, -3.7996163368225098, -4.1376543045043945, 5.676740646362305, 9.764551162719727, 16.247751235961914, 26.374237060546875, 42.0800895690918, 64.5652084350586, 33.16849136352539, 15.013456344604492, 3.605149984359741], [-9.752039909362793, 29.715604782104492, -11.78266716003418, -2.2247328758239746, 9.596637725830078, 1.4503322839736938, 18.40163803100586, 14.979181289672852, 25.82672882080078, 33.16849136352539, 56.03095626831055, 29.72681427001953, 15.95714282989502], [-18.959789276123047, 22.447717666625977, -1.7658711671829224, 2.8818087577819824, 7.841389179229736, -0.17040210962295532, 13.29472541809082, 12.40092658996582, 19.38269805908203, 15.013456344604492, 29.72681427001953, 49.80470275878906, 29.228517532348633], [-12.024954795837402, 26.633028030395508, 0.19277024269104004, 13.981908798217773, 12.41012191772461, -7.771442890167236, -1.5619150400161743, 2.998764991760254, 15.112098693847656, 3.605149984359741, 15.95714282989502, 29.228517532348633, 51.730812072753906]], "lowlevel.mfcc.icov": [[0.0012307289289310575, 0.0002641236933413893, 0.00012502500612754375, 0.0003862894664052874, 0.0006214210879988968, -0.00038619665428996086, 0.0014428466092795134, -0.0010867847595363855, 0.0006631686119362712, -0.0001707823685137555, -0.0004821494803763926, 0.0003753629862330854, -0.0003004876198247075], [0.0002641236933413893, 0.0047438060864806175, 0.0008623969624750316, -0.0007586216670460999, -0.00023865859839133918, 0.002271949080750346, -0.0018266364932060242, 0.0005718543543480337, -0.00021704625396523625, 0.0016831997781991959, -0.002578211482614279, 0.0003067532670684159, -0.0013007359812036157], [0.00012502500612754375, 0.0008623969624750316, 0.008064731024205685, -0.0009563974454067647, -0.000886421708855778, 0.00048539252020418644, 0.0013404800556600094, -0.0035836733877658844, 0.0048081595450639725, -0.0021290755830705166, 0.0017494619823992252, -0.0011184749891981483, -0.0008166289771907032], [0.0003862894664052874, -0.0007586216670460999, -0.0009563974454067647, 0.012205506674945354, -0.004330689553171396, -0.0011548424372449517, 0.002454733941704035, 0.0008620225708000362, -0.00241375551559031, 0.0012053605169057846, 0.0011167259654030204, 0.0006491455715149641, -0.002015542471781373], [0.0006214210879988968, -0.00023865859839133918, -0.000886421708855778, -0.004330689553171396, 0.01183652225881815, -0.005365478806197643, 0.0010565563570708036, 0.00374517566524446, -0.0027339865919202566, 0.0005418068030849099, -0.002320073079317808, 0.00043103870120830834, -0.0011566376779228449], [-0.00038619665428996086, 0.002271949080750346, 0.00048539252020418644, -0.0011548424372449517, -0.005365478806197643, 0.02232363633811474, -0.010093407705426216, -0.002474508248269558, 0.006526587996631861, -0.004926089663058519, 0.0028320644050836563, -0.00036284144152887166, 0.0012984812492504716], [0.0014428466092795134, -0.0018266364932060242, 0.0013404800556600094, 0.002454733941704035, 0.0010565563570708036, -0.010093407705426216, 0.02522358112037182, -0.016938090324401855, 0.001201505190692842, 0.003986545372754335, -0.004798048175871372, -0.0016225796425715089, 0.0023490109015256166], [-0.0010867847595363855, 0.0005718543543480337, -0.0035836733877658844, 0.0008620225708000362, 0.00374517566524446, -0.002474508248269558, -0.016938090324401855, 0.03350774571299553, -0.014541608281433582, -0.0012062048772349954, 0.002651622984558344, -0.0003815042437054217, -0.0007609721506014466], [0.0006631686119362712, -0.00021704625396523625, 0.0048081595450639725, -0.00241375551559031, -0.0027339865919202566, 0.006526587996631861, 0.001201505190692842, -0.014541608281433582, 0.03290163725614548, -0.01681600883603096, 0.002000120934098959, -0.001803767983801663, -0.004621471744030714], [-0.0001707823685137555, 0.0016831997781991959, -0.0021290755830705166, 0.0012053605169057846, 0.0005418068030849099, -0.004926089663058519, 0.003986545372754335, -0.0012062048772349954, -0.01681600883603096, 0.03508918359875679, -0.017630619928240776, 0.0016950221033766866, 0.005043931305408478], [-0.0004821494803763926, -0.002578211482614279, 0.0017494619823992252, 0.0011167259654030204, -0.002320073079317808, 0.0028320644050836563, -0.004798048175871372, 0.002651622984558344, 0.002000120934098959, -0.017630619928240776, 0.03919532522559166, -0.016610657796263695, -0.00047037837794050574], [0.0003753629862330854, 0.0003067532670684159, -0.0011184749891981483, 0.0006491455715149641, 0.00043103870120830834, -0.00036284144152887166, -0.0016225796425715089, -0.0003815042437054217, -0.001803767983801663, 0.0016950221033766866, -0.016610657796263695, 0.04125247150659561, -0.018202267587184906], [-0.0003004876198247075, -0.0013007359812036157, -0.0008166289771907032, -0.002015542471781373, -0.0011566376779228449, 0.0012984812492504716, 0.0023490109015256166, -0.0007609721506014466, -0.004621471744030714, 0.005043931305408478, -0.00047037837794050574, -0.018202267587184906, 0.0324941910803318]], "metadata.audio_properties.analysis.downmix": "mix", "metadata.audi