{"song_id": "1183707359277756436", "download": "https://cdn.discordapp.com/attachments/1135903449314238464/1183707359277756436/chirp.mp4?ex=65895062&amp", "lyrics": "(Verse 1)\n\u4f60\u7ba1\u4ed6\u4e09\u4e03\u4e8c\u5341\u4e00 \n\u4f60\u575a\u6301\u5929\u5929\u53d1\u6296\u97f3 \n\u4f60\u4e0d\u7528\u7ba1\u4ed6\u706b\u4e0d\u706b \n\u4f60\u53d1\u4e86\u4ee5\u540e\u770b\u7ed3\u679c\n(Pre-Chorus)\n \u4f60\u8fd9\u4e2a\u65f6\u4ee3\u5df2\u7ecf\u4e0d\u5c5e\u4e8e80\u540e90\u540e \n\u4e5f\u4e0d\u5c5e\u4e8e00\u540e \n\u90a3\u662f\u5c5e\u4e8e\u8138\u76ae\u539a\u5144\u5f1f\u4eec", "style": ["abstract hip hop"], "essentia_features": {"lowlevel.average_loudness": 0.9799708127975464, "lowlevel.barkbands_crest.mean": 15.123003959655762, "lowlevel.barkbands_crest.stdev": 4.409878730773926, "lowlevel.barkbands_flatness_db.mean": 0.3106631636619568, "lowlevel.barkbands_flatness_db.stdev": 0.09844321012496948, "lowlevel.barkbands_kurtosis.mean": 20.321918487548828, "lowlevel.barkbands_kurtosis.stdev": 41.64997100830078, "lowlevel.barkbands_skewness.mean": 2.6834664344787598, "lowlevel.barkbands_skewness.stdev": 2.2220442295074463, "lowlevel.barkbands_spread.mean": 9.135156631469727, "lowlevel.barkbands_spread.stdev": 13.058099746704102, "lowlevel.dissonance.mean": 0.40295761823654175, "lowlevel.dissonance.stdev": 0.06888217478990555, "lowlevel.dynamic_complexity": 1.4603800773620605, "lowlevel.erbbands_crest.mean": 13.766921043395996, "lowlevel.erbbands_crest.stdev": 5.393923759460449, "lowlevel.erbbands_flatness_db.mean": 0.2450287640094757, "lowlevel.erbbands_flatness_db.stdev": 0.08163576573133469, "lowlevel.erbbands_kurtosis.mean": 6.731537342071533, "lowlevel.erbbands_kurtosis.stdev": 11.799202919006348, "lowlevel.erbbands_skewness.mean": 1.4023901224136353, "lowlevel.erbbands_skewness.stdev": 1.5571123361587524, "lowlevel.erbbands_spread.mean": 27.880203247070312, "lowlevel.erbbands_spread.stdev": 24.70946502685547, "lowlevel.hfc.mean": 16.138147354125977, "lowlevel.hfc.stdev": 11.0003662109375, "lowlevel.loudness_ebu128.integrated": -9.25247573852539, "lowlevel.loudness_ebu128.loudness_range": 1.116623878479004, "lowlevel.loudness_ebu128.momentary.mean": -9.341012954711914, "lowlevel.loudness_ebu128.momentary.stdev": 0.8913273811340332, "lowlevel.loudness_ebu128.short_term.mean": -9.2315034866333, "lowlevel.loudness_ebu128.short_term.stdev": 0.40532171726226807, "lowlevel.melbands_crest.mean": 17.379972457885742, "lowlevel.melbands_crest.stdev": 4.968338489532471, "lowlevel.melbands_flatness_db.mean": 0.4175027012825012, "lowlevel.melbands_flatness_db.stdev": 0.12419923394918442, "lowlevel.melbands_kurtosis.mean": 27.89458656311035, "lowlevel.melbands_kurtosis.stdev": 37.42710876464844, "lowlevel.melbands_skewness.mean": 3.0915017127990723, "lowlevel.melbands_skewness.stdev": 2.210965633392334, "lowlevel.melbands_spread.mean": 8.427389144897461, "lowlevel.melbands_spread.stdev": 15.537511825561523, "lowlevel.pitch_salience.mean": 0.4554503560066223, "lowlevel.pitch_salience.stdev": 0.12295796722173691, "lowlevel.silence_rate_20dB.mean": 1.0, "lowlevel.silence_rate_20dB.stdev": 0.0, "lowlevel.silence_rate_30dB.mean": 0.9865030646324158, "lowlevel.silence_rate_30dB.stdev": 0.11539016664028168, "lowlevel.silence_rate_60dB.mean": 0.0030674845911562443, "lowlevel.silence_rate_60dB.stdev": 0.05529988929629326, "lowlevel.spectral_centroid.mean": 636.5682373046875, "lowlevel.spectral_centroid.stdev": 637.7916259765625, "lowlevel.spectral_complexity.mean": 9.629447937011719, "lowlevel.spectral_complexity.stdev": 4.7682623863220215, "lowlevel.spectral_decrease.mean": -1.3735915516122077e-08, "lowlevel.spectral_decrease.stdev": 6.645537453664474e-09, "lowlevel.spectral_energy.mean": 0.053306229412555695, "lowlevel.spectral_energy.stdev": 0.025117365643382072, "lowlevel.spectral_energyband_high.mean": 0.00041970048914663494, "lowlevel.spectral_energyband_high.stdev": 0.0012008841149508953, "lowlevel.spectral_energyband_low.mean": 0.027336105704307556, "lowlevel.spectral_energyband_low.stdev": 0.025715146213769913, "lowlevel.spectral_energyband_middle_high.mean": 0.002307736314833164, "lowlevel.spectral_energyband_middle_high.stdev": 0.004371520597487688, "lowlevel.spectral_energyband_middle_low.mean": 0.02475445531308651, "lowlevel.spectral_energyband_middle_low.stdev": 0.0167269017547369, "lowlevel.spectral_entropy.mean": 6.346653938293457, "lowlevel.spectral_entropy.stdev": 0.8462591171264648, "lowlevel.spectral_flux.mean": 0.09800753742456436, "lowlevel.spectral_flux.stdev": 0.0645756945014, "lowlevel.spectral_kurtosis.mean": 30.152036666870117, "lowlevel.spectral_kurtosis.stdev": 55.91668701171875, "lowlevel.spectral_rms.mean": 0.006975286640226841, "lowlevel.spectral_rms.stdev": 0.0018306877464056015, "lowlevel.spectral_rolloff.mean": 651.6763916015625, "lowlevel.spectral_rolloff.stdev": 1432.6805419921875, "lowlevel.spectral_skewness.mean": 3.6164562702178955, "lowlevel.spectral_skewness.stdev": 2.930874824523926, "lowlevel.spectral_spread.mean": 4039931.0, "lowlevel.spectral_spread.stdev": 2138697.0, "lowlevel.spectral_strongpeak.mean": 1.040934681892395, "lowlevel.spectral_strongpeak.stdev": 0.8781720399856567, "lowlevel.zerocrossingrate.mean": 0.03064698725938797, "lowlevel.zerocrossingrate.stdev": 0.03749249875545502, "metadata.audio_properties.analysis.equal_loudness": 0.0, "metadata.audio_properties.analysis.length": 37.82398986816406, "metadata.audio_properties.analysis.sample_rate": 44100.0, "metadata.audio_properties.analysis.start_time": 0.0, "metadata.audio_properties.bit_rate": 117925.0, "metadata.audio_properties.length": 37.82400131225586, "metadata.audio_properties.lossless": 0.0, "metadata.audio_properties.number_channels": 1.0, "metadata.audio_properties.replay_gain": -16.09768295288086, "metadata.audio_properties.sample_rate": 48000.0, "rhythm.beats_count": 77.0, "rhythm.beats_loudness.mean": 0.05578230693936348, "rhythm.beats_loudness.stdev": 0.02472899854183197, "rhythm.bpm": 124.18989562988281, "rhythm.bpm_histogram_first_peak_bpm": 123.0, "rhythm.bpm_histogram_first_peak_weight": 0.5409836769104004, "rhythm.bpm_histogram_second_peak_bpm": 129.0, "rhythm.bpm_histogram_second_peak_spread": 0.0, "rhythm.bpm_histogram_second_peak_weight": 0.10526315867900848, "rhythm.danceability": 1.4648574590682983, "rhythm.onset_rate": 3.620802402496338, "tonal.chords_changes_rate": 0.08946078270673752, "tonal.chords_number_rate": 0.00857843179255724, "tonal.chords_strength.mean": 0.5223608016967773, "tonal.chords_strength.stdev": 0.09054387360811234, "tonal.hpcp_crest.mean": 16.708032608032227, "tonal.hpcp_crest.stdev": 8.578713417053223, "tonal.hpcp_entropy.mean": 1.6546050310134888, "tonal.hpcp_entropy.stdev": 0.8097870945930481, "tonal.key_edma.strength": 0.5991982817649841, "tonal.key_krumhansl.strength": 0.6099169850349426, "tonal.key_temperley.strength": 0.6050074100494385, "tonal.tuning_diatonic_strength": 0.5800676345825195, "tonal.tuning_equal_tempered_deviation": 0.11674094200134277, "tonal.tuning_frequency": 440.0, "tonal.tuning_nontempered_energy_ratio": 0.7700595259666443, "lowlevel.barkbands.mean": [0.0005213476251810789, 0.019470980390906334, 0.005926699843257666, 0.0023718997836112976, 0.01253348495811224, 0.005820374004542828, 0.002229907549917698, 0.0009500316809862852, 0.0006643274682573974, 0.00041247610352002084, 0.0007627744344063103, 0.00028819669387303293, 7.250540511449799e-05, 7.590607856400311e-05, 0.000247762945946306, 0.00014166784239932895, 9.145135118160397e-05, 6.453743117162958e-05, 0.00018271509907208383, 0.00012951291864737868, 0.0001419073814759031, 1.47996115629212e-05, 2.9377486043813406e-06, 7.2816828833310865e-06, 0.00013190353638492525, 4.89030935568735e-05, 8.890270741801487e-09], "lowlevel.barkbands.stdev": [0.0010942727094516158, 0.02065790258347988, 0.011998305097222328, 0.005517066456377506, 0.013219084590673447, 0.010428070090711117, 0.0032742738258093596, 0.002630926901474595, 0.0020021889358758926, 0.0010862667113542557, 0.0021450521890074015, 0.0013919161865487695, 0.00040442656609229743, 0.0003034725086763501, 0.001087948796339333, 0.0003640551876742393, 0.00021172294509597123, 0.0001347489160252735, 0.00035556810325942934, 0.00037666037678718567, 0.0005176215781830251, 7.710697536822408e-05, 1.2019799214613158e-05, 2.855412822100334e-05, 0.0003584592486731708, 0.00016299894195981324, 9.048832794178452e-08], "lowlevel.erbbands.mean": [0.47162505984306335, 4.5556111335754395, 7.699571132659912, 8.548550605773926, 19.64865493774414, 53.7597770690918, 43.53718185424805, 48.740928649902344, 34.42781448364258, 31.445837020874023, 17.08493423461914, 13.63001537322998, 13.951362609863281, 19.21808433532715, 26.89232635498047, 11.061379432678223, 3.9061172008514404, 3.57071590423584, 10.970805168151855, 9.502237319946289, 7.070840358734131, 4.976118087768555, 3.312298059463501, 8.134514808654785, 7.784307479858398, 6.308154106140137, 7.397651672363281, 3.333076000213623, 0.6923650503158569, 0.14677706360816956, 0.08332646638154984, 0.08315390348434448, 0.24107450246810913, 1.14976966381073, 1.1097761392593384, 0.41970521211624146, 0.03851740062236786, 0.0013855824945494533, 7.467690738849342e-05, 6.434087117668241e-05], "lowlevel.erbbands.stdev": [0.6503880023956299, 4.867088317871094, 11.876224517822266, 17.20897674560547, 26.184316635131836, 69.52540588378906, 70.87273406982422, 96.29083251953125, 44.51103210449219, 65.58861541748047, 45.033653259277344, 38.23908233642578, 35.94512939453125, 53.55978775024414, 95.7350845336914, 49.8691291809082, 18.062761306762695, 11.9816312789917, 58.67049789428711, 25.53159523010254, 16.07256317138672, 10.858002662658691, 6.492161273956299, 14.538553237915039, 17.62987518310547, 18.460311889648438, 24.531984329223633, 13.98801326751709, 3.400810956954956, 0.6110652089118958, 0.33667364716529846, 0.31306952238082886, 0.8225371837615967, 3.0696215629577637, 3.1423099040985107, 1.352463722229004, 0.14655108749866486, 0.0052363695576786995, 0.00016573292668908834, 2.878863233490847e-05], "lowlevel.gfcc.mean": [-70.38394927978516, 143.41078186035156, -54.737247467041016, 24.225860595703125, -44.145931243896484, -15.859818458557129, -37.32535934448242, 28.572166442871094, -49.8686408996582, 17.16123390197754, -14.531554222106934, -6.352522850036621, 16.8158016204834], "lowlevel.melbands.mean": [0.00491771986708045, 0.004799111746251583, 0.0016800579614937305, 0.002687071915715933, 0.0017797495238482952, 0.0010926793329417706, 0.0005031282198615372, 0.00031545196543447673, 0.00013632483023684472, 8.40037755551748e-05, 6.741625111317262e-05, 7.169327727751806e-05, 9.26809007069096e-05, 4.5681794290430844e-05, 1.6184552805498242e-05, 5.372728992369957e-06, 6.596575076400768e-06, 1.550095657876227e-05, 1.810869071050547e-05, 1.1242707842029631e-05, 7.287956123036565e-06, 5.4988440751913e-06, 3.3589565191505244e-06, 2.9038239972578594e-06, 6.990005203988403e-06, 7.095553428371204e-06, 4.12219878853648e-06, 4.096618340554414e-06, 4.580252607411239e-06, 3.909045062755467e-06, 1.2857556157541694e-06, 4.2154221091550426e-07, 1.2257585524366732e-07, 5.7567291378290975e-08, 4.5143597304786454e-08, 4.7658215152068806e-08, 4.7076721187977455e-08, 9.506195652875249e-08, 3.660051390852459e-07, 1.212019242302631e-06], "lowlevel.melbands.stdev": [0.005572874564677477, 0.0053693875670433044, 0.0027944166213274, 0.0029562851414084435, 0.002338847378268838, 0.001969392178580165, 0.0006356639787554741, 0.0007123834802769125, 0.0004315300611779094, 0.00022955310123506933, 0.00018076450214721262, 0.00020676209533121437, 0.0002756587346084416, 0.00020189769566059113, 8.192239329218864e-05, 2.3580501874675974e-05, 2.4429269615211524e-05, 9.188068361254409e-05, 6.751585897291079e-05, 3.0188421078491956e-05, 1.7719004972605035e-05, 1.2990485629416071e-05, 7.831900802557357e-06, 5.741710538131883e-06, 1.2780512406607158e-05, 1.5985051504685543e-05, 1.1196259947610088e-05, 1.262523073819466e-05, 1.4870887753204443e-05, 1.4496548828901723e-05, 6.337412287393818e-06, 2.2946690023673e-06, 5.554003905672289e-07, 2.3955553274390695e-07, 1.8863454442907823e-07, 1.9032447085010062e-07, 1.932437498908257e-07, 3.903854235431936e-07, 1.2160542155470466e-06, 3.233130655644345e-06], "lowlevel.melbands128.mean": [0.00048159778816625476, 0.0031209916342049837, 0.0070286523550748825, 0.007934877648949623, 0.0047074961476027966, 0.0028085375670343637, 0.001754528610035777, 0.001029366161674261, 0.001883567194454372, 0.002872622571885586, 0.0034357858821749687, 0.0021428484469652176, 0.0012976325815543532, 0.001366730430163443, 0.0012339800596237183, 0.0008554126834496856, 0.00069949880708009, 0.0003423937305342406, 0.00041552071343176067, 0.0003754747158382088, 0.0002811629674397409, 8.89023212948814e-05, 0.0001464064116589725, 0.00014848886348772794, 6.067682625143789e-05, 8.51019358378835e-05, 6.011516597936861e-05, 8.38968189782463e-05, 5.21183101227507e-05, 3.7577330658677965e-05, 9.627822146285325e-05, 0.00010690074122976512, 6.980090984143317e-05, 0.00012725267151836306, 4.159105083090253e-05, 3.340900730108842e-05, 2.2775049728807062e-05, 1.694188358669635e-05, 1.167059781437274e-05, 5.050220806879224e-06, 5.203683031140827e-06, 2.9937100407551043e-06, 5.9713111113524064e-06, 8.929147952585481e-06, 7.825025022611953e-06, 1.5536739738308825e-05, 2.595565456431359e-05, 2.4390012185904197e-05, 1.1168745004397351e-05, 8.15708153822925e-06, 1.3508572010323405e-05, 1.2433405572664924e-05, 5.927610345679568e-06, 6.58308954371023e-06, 6.324939022306353e-06, 5.544744908547727e-06, 4.6595810090366285e-06, 3.860130163957365e-06, 2.7961452815361554e-06, 2.455855110383709e-06, 2.2566941879631486e-06, 2.940953891084064e-06, 7.123821887944359e-06, 7.257257948367624e-06, 8.975754099083133e-06, 7.97064058133401e-06, 5.599075848294888e-06, 3.90545028494671e-06, 3.698173031807528e-06, 4.49967774329707e-06, 4.131988134759013e-06, 3.879971700371243e-06, 4.016032562503824e-06, 4.593238827510504e-06, 5.38628364665783e-06, 4.890398486168124e-06, 2.9634179554705042e-06, 1.7187553567055147e-06, 1.120868546422571e-06, 7.318226380448323e-07, 5.098592623653531e-07, 2.961265010981151e-07, 1.6370347566407872e-07, 1.111026506350754e-07, 7.852597150304064e-08, 6.025415899557629e-08, 5.3239876507404915e-08, 4.417674404066929e-08, 4.3925041381953633e-08, 4.477358572785306e-08, 4.8913616268464466e-08, 4.562434696708806e-08, 5.317875206856115e-08, 3.773227774672705e-08, 4.8548482567412066e-08, 6.563190879660397e-08, 9.495504826873002e-08, 1.5332180680616148e-07, 2.3596740561515617e-07, 4.853344535149517e-07, 8.933338335737062e-07, 1.3968686971566058e-06, 1.5861209021750255e-06, 1.2929581316711847e-06, 1.3559466651713592e-06, 1.2366054988888209e-06, 9.657451300881803e-07, 1.1084561037932872e-06, 8.586063700022351e-07, 3.5474110404720705e-07, 2.0137554201937746e-07, 1.2496030876718578e-07, 7.871716434237896e-08, 3.4653467650969105e-08, 1.0317382503899353e-08, 2.9075750695994884e-09, 4.4201398097243327e-10, 1.805715646452377e-11, 7.644646200788419e-12, 7.171556317547845e-12, 7.073242599270335e-12, 6.802995666799205e-12, 6.6124753242413625e-12, 6.4984927161670925e-12, 6.39671345406545e-12, 6.290200998959605e-12, 6.2234696562857295e-12, 6.187359652409796e-12], "lowlevel.melbands128.stdev": [0.0010626474395394325, 0.005699493456631899, 0.008581566624343395, 0.008870749734342098, 0.006648756563663483, 0.005897154565900564, 0.003975184168666601, 0.002520595444366336, 0.003200144972652197, 0.003967203199863434, 0.005280293058604002, 0.0041052610613405704, 0.002900754101574421, 0.0032879235222935677, 0.0033792033791542053, 0.0015680774813517928, 0.0011917314259335399, 0.0006819216068834066, 0.001080382033251226, 0.000990997301414609, 0.0009790444746613503, 0.00035345618380233645, 0.0006213287124410272, 0.0007135309861041605, 0.00027862456045113504, 0.0002753088192548603, 0.00023019562650006264, 0.0002982110599987209, 0.00018752652977127582, 0.00016613957996014506, 0.00035237232805229723, 0.0003902458120137453, 0.00022983575763646513, 0.0006713768816553056, 0.00026257516583427787, 0.0002593283716123551, 0.0001587945007486269, 0.00011348736006766558, 0.00010358598956372589, 2.9722559702349827e-05, 2.943723666248843e-05, 1.8450296920491382e-05, 2.804245741572231e-05, 4.3725282012019306e-05, 4.5277625758899376e-05, 0.00017009320436045527, 0.00015399597759824246, 0.00012128901289543137, 5.3104740800336e-05, 3.2163094147108495e-05, 5.036011862102896e-05, 3.912621468771249e-05, 2.3577962565468624e-05, 2.4472279619658366e-05, 2.109402157657314e-05, 1.8716677004704252e-05, 1.4924616152711678e-05, 1.1826983609353192e-05, 7.731229743512813e-06, 6.020256478223018e-06, 5.729883014282677e-06, 6.270582616707543e-06, 1.738771788950544e-05, 1.4225010090740398e-05, 2.189495717175305e-05, 2.1442801880766638e-05, 1.640819027670659e-05, 1.1670411367958877e-05, 1.147164948633872e-05, 1.5810808690730482e-05, 1.4673232726636343e-05, 1.2282257557671983e-05, 1.4135322999209166e-05, 1.6990636140690185e-05, 1.912107654788997e-05, 1.8586461010272615e-05, 1.302352666243678e-05, 8.103455002128612e-06, 6.341328571579652e-06, 4.71765724796569e-06, 2.9808711587975267e-06, 1.6313592823280487e-06, 7.471879825970973e-07, 6.036108288753894e-07, 3.749771906313981e-07, 2.6675883191273897e-07, 2.4077041871350957e-07, 1.933372146822876e-07, 1.9826953234769462e-07, 1.9903160364265204e-07, 2.1803293748234864e-07, 1.965563853900676e-07, 2.3686834538239054e-07, 1.659205253190521e-07, 2.2591662229842768e-07, 3.8605003283009864e-07, 4.031839750950894e-07, 7.403535278172058e-07, 1.0259645932819694e-06, 1.7759688262231066e-06, 2.3582283574796747e-06, 4.045406058139633e-06, 4.683309725805884e-06, 3.062482392124366e-06, 4.148287189309485e-06, 4.310365966375684e-06, 3.16943260258995e-06, 3.44817340192094e-06, 3.0596113447245443e-06, 1.469296648792806e-06, 1.0294373851138516e-06, 5.670705149896094e-07, 3.2870951827135286e-07, 1.565289551308524e-07, 5.519087764582764e-08, 2.181522162914007e-08, 4.1556580399060294e-09, 2.0026956482066538e-10, 1.746066138896829e-11, 1.0676668750486673e-11, 1.1758079752899331e-11, 9.691576534354152e-12, 9.43975453360224e-12, 9.279396695482944e-12, 9.146127431802764e-12, 9.038727231958088e-12, 8.96095437435962e-12, 8.91298146399322e-12], "lowlevel.mfcc.mean": [-748.9818115234375, 195.07603454589844, 29.922012329101562, 53.818538665771484, 10.24875545501709, -25.687198638916016, 29.515453338623047, -23.4682674407959, 19.155336380004883, -14.159431457519531, -5.64304256439209, -6.534595012664795, 7.53994083404541], "lowlevel.spectral_contrast_coeffs.mean": [-0.6302193403244019, -0.6630735993385315, -0.7484150528907776, -0.800215482711792, -0.8048610687255859, -0.7169681191444397], "lowlevel.spectral_contrast_coeffs.stdev": [0.09940298646688461, 0.09006617218255997, 0.0783068835735321, 0.06817223876714706, 0.05305599793791771, 0.07043786346912384], "lowlevel.spectral_contrast_valleys.mean": [-6.380834102630615, -7.189467906951904, -8.312870979309082, -9.141270637512207, -8.572880744934082, -12.536170959472656], "lowlevel.spectral_contrast_valleys.stdev": [0.7635205388069153, 0.6830304265022278, 0.8924829363822937, 1.1906991004943848, 1.3432490825653076, 1.115970492362976], "rhythm.beats_loudness_band_ratio.mean": [0.583638072013855, 0.29006507992744446, 0.10115357488393784, 0.04703492671251297, 0.014459563419222832, 0.024057256057858467], "rhythm.beats_loudness_band_ratio.stdev": [0.28045162558555603, 0.197923481464386, 0.10519682615995407, 0.09369807690382004, 0.024581942707300186, 0.053956687450408936], "tonal.hpcp.mean": [0.050238337367773056, 0.05638308450579643, 0.08587196469306946, 0.1413419097661972, 0.13656792044639587, 0.07885187864303589, 0.05771968513727188, 0.060328517109155655, 0.1693938970565796, 0.2558259963989258, 0.16039952635765076, 0.08148311078548431, 0.07903824746608734, 0.06981920450925827, 0.06058119237422943, 0.05842907726764679, 0.06382335722446442, 0.10198318213224411, 0.1432098001241684, 0.10434792190790176, 0.052018970251083374, 0.041694462299346924, 0.03875263035297394, 0.08055734634399414, 0.1691281795501709, 0.15851899981498718, 0.0840398371219635, 0.05826021730899811, 0.047594375908374786, 0.07813989371061325, 0.12793828547000885, 0.10604048520326614, 0.08680666238069534, 0.10874641686677933, 0.08350136131048203, 0.0558723509311676], "tonal.hpcp.stdev": [0.17129577696323395, 0.18312494456768036, 0.2202066332101822, 0.2934572100639343, 0.2893226444721222, 0.20663146674633026, 0.18104635179042816, 0.17821158468723297, 0.2843034565448761, 0.360262393951416, 0.2641828656196594, 0.19895651936531067, 0.21571235358715057, 0.1895107477903366, 0.18784764409065247, 0.179453045129776, 0.19361691176891327, 0.23783187568187714, 0.2886444628238678, 0.2300587296485901, 0.18474137783050537, 0.16538171470165253, 0.1514558345079422, 0.19417010247707367, 0.31057441234588623, 0.29019829630851746, 0.21342867612838745, 0.1721160113811493, 0.15974242985248566, 0.15931367874145508, 0.22655409574508667, 0.20910371840000153, 0.19488807022571564, 0.23938964307308197, 0.19939301908016205, 0.17463931441307068], "rhythm.beats_position": [0.4643990993499756, 0.9404081702232361, 1.4280271530151367, 1.904036283493042, 2.391655206680298, 2.867664337158203, 3.3436734676361084, 3.8312923908233643, 4.318911552429199, 4.794920444488525, 5.294149398803711, 5.804988384246826, 6.315827369689941, 6.826666355133057, 7.337505340576172, 7.848344326019287, 8.359183311462402, 8.846802711486816, 9.346031188964844, 9.822040557861328, 10.298049926757812, 10.77405834197998, 11.261677742004395, 11.749297142028809, 12.236915588378906, 12.72453498840332, 13.200544357299805, 13.676552772521973, 14.152562141418457, 14.628571510314941, 15.116189956665039, 15.615419387817383, 16.114648818969727, 16.57904815673828, 17.043445587158203, 17.519454956054688, 17.995464324951172, 18.483083724975586, 18.970703125, 19.458322525024414, 19.945940017700195, 20.43355941772461, 20.897958755493164, 21.36235809326172, 21.838367462158203, 22.314376831054688, 22.79038429260254, 23.266393661499023, 23.730792999267578, 24.206802368164062, 24.694421768188477, 25.17043113708496, 25.658048629760742, 26.145668029785156, 26.63328742980957, 27.097686767578125, 27.56208610534668, 28.038095474243164, 28.537322998046875, 29.02494239807129, 29.500951766967773, 29.976961135864258, 30.464580535888672, 30.952198028564453, 31.416597366333008, 31.904216766357422, 32.3918342590332, 32.87945556640625, 33.355464935302734, 33.83147430419922, 34.319091796875, 34.80671310424805, 35.282718658447266, 35.75872802734375, 36.234737396240234, 36.72235870361328, 37.23319625854492], "rhythm.bpm_histogram": [0.0, 0.0, 0.0, 0.0, 0.0, 0.0, 0.0, 0.0, 0.0, 0.0, 0.0, 0.0, 0.0, 0.0, 0.0, 0.0, 0.0, 0.0, 0.0, 0.0, 0.0, 0.0, 0.0, 0.0, 0.0, 0.0, 0.0, 0.0, 0.0, 0.0, 0.0, 0.0, 0.0, 0.0, 0.0, 0.0, 0.0, 0.0, 0.0, 0.0, 0.0, 0.0, 0.0, 0.0, 0.0, 0.0, 0.0, 0.0, 0.0, 0.0, 0.0, 0.0, 0.0, 0.0, 0.0, 0.0, 0.0, 0.0, 0.0, 0.0, 0.0, 0.0, 0.0, 0.0, 0.0, 0.0, 0.0, 0.0, 0.0, 0.0, 0.0, 0.0, 0.0, 0.0, 0.0, 0.0, 0.0, 0.0, 0.0, 0.0, 0.0, 0.0, 0.0, 0.0, 0.0, 0.0, 0.0, 0.0, 0.0, 0.0, 0.0, 0.0, 0.0, 0.0, 0.0, 0.0, 0.0, 0.0, 0.0, 0.0, 0.0, 0.0, 0.0, 0.0, 0.0, 0.0, 0.0, 0.0, 0.0, 0.0, 0.0, 0.0, 0.0, 0.0, 0.0, 0.0, 0.0, 0.09210526198148727, 0.0, 0.0, 0.06578947603702545, 0.0, 0.0, 0.3684210479259491, 0.0, 0.0, 0.3684210479259491, 0.0, 0.0, 0.10526315867900848, 0.0, 0.0, 0.0, 0.0, 0.0, 0.0, 0.0, 0.0, 0.0, 0.0, 0.0, 0.0, 0.0, 0.0, 0.0, 0.0, 0.0, 0.0, 0.0, 0.0, 0.0, 0.0, 0.0, 0.0, 0.0, 0.0, 0.0, 0.0, 0.0, 0.0, 0.0, 0.0, 0.0, 0.0, 0.0, 0.0, 0.0, 0.0, 0.0, 0.0, 0.0, 0.0, 0.0, 0.0, 0.0, 0.0, 0.0, 0.0, 0.0, 0.0, 0.0, 0.0, 0.0, 0.0, 0.0, 0.0, 0.0, 0.0, 0.0, 0.0, 0.0, 0.0, 0.0, 0.0, 0.0, 0.0, 0.0, 0.0, 0.0, 0.0, 0.0, 0.0, 0.0, 0.0, 0.0, 0.0, 0.0, 0.0, 0.0, 0.0, 0.0, 0.0, 0.0, 0.0, 0.0, 0.0, 0.0, 0.0, 0.0, 0.0, 0.0, 0.0, 0.0, 0.0, 0.0, 0.0, 0.0, 0.0, 0.0, 0.0, 0.0, 0.0, 0.0, 0.0, 0.0, 0.0, 0.0, 0.0, 0.0, 0.0, 0.0, 0.0, 0.0, 0.0, 0.0, 0.0, 0.0, 0.0, 0.0, 0.0], "tonal.chords_histogram": [37.867645263671875, 26.83823585510254, 18.382352828979492, 3.7990195751190186, 1.593137264251709, 1.593137264251709, 0.0, 8.45588207244873, 0.12254901975393295, 0.0, 0.0, 0.4901960790157318, 0.0, 0.0, 0.0, 0.0, 0.0, 0.0, 0.8578431606292725, 0.0, 0.0, 0.0, 0.0, 0.0], "tonal.thpcp": [1.0, 0.6269868016242981, 0.31850990653038025, 0.3089531362056732, 0.2729167640209198, 0.2368062436580658, 0.2283938229084015, 0.24947956204414368, 0.39864274859428406, 0.5597937703132629, 0.4078862965106964, 0.20333731174468994, 0.16297976672649384, 0.15148042142391205, 0.31489115953445435, 0.661106288433075, 0.6196359992027283, 0.32850390672683716, 0.2277337610721588, 0.18604198098182678, 0.30544155836105347, 0.5000988245010376, 0.4145023822784424, 0.3393191695213318, 0.4250796139240265, 0.3263990581035614, 0.21839982271194458, 0.1963769793510437, 0.2203962206840515, 0.3356655240058899, 0.5524923801422119, 0.5338312983512878, 0.3082246482372284, 0.22562088072299957, 0.235818549990654, 0.6621449589729309], "lowlevel.gfcc.cov": [[6828.39453125, -3010.883056640625, -2587.490478515625, 818.4536743164062, 294.18389892578125, 263.4987487792969, -608.806884765625, 767.4835205078125, -869.4391479492188, 295.9255065917969, -855.4976196289062, -27.561359405517578, -108.46644592285156], [-3010.883056640625, 3192.64892578125, 987.1691284179688, -1144.481201171875, 240.0313262939453, 111.5545883178711, 541.3350219726562, -380.1092834472656, 525.6881713867188, -149.5042266845703, 668.7518920898438, -113.42084503173828, 245.65850830078125], [-2587.490478515625, 987.1691284179688, 1931.0657958984375, 228.4334259033203, -134.1995086669922, -84.60567474365234, 339.2480163574219, -96.47445678710938, 446.549072265625, -80.8922348022461, 365.8736267089844, 104.23369598388672, -76.8263168334961], [818.4536743164062, -1144.481201171875, 228.4334259033203, 1149.1871337890625, 114.76307678222656, -88.5963363647461, -90.90950012207031, 297.854736328125, 24.2094669342041, 22.644264221191406, -215.6817626953125, 78.85275268554688, -156.2850341796875], [294.18389892578125, 240.0313262939453, -134.1995086669922, 114.76307678222656, 477.60693359375, 205.27146911621094, 26.472606658935547, 61.48804473876953, 17.429670333862305, 37.155941009521484, 2.204629898071289, -61.2377815246582, 51.42063903808594], [263.4987487792969, 111.5545883178711, -84.60567474365234, -88.5963363647461, 205.27146911621094, 415.350341796875, 147.8159942626953, -64.61695098876953, -24.82275390625, 55.65939712524414, 50.70198440551758, -41.78998947143555, 27.89636993408203], [-608.806884765625, 541.3350219726562, 339.2480163574219, -90.90950012207031, 26.472606658935547, 147.8159942626953, 339.4687805175781, -63.33721160888672, 137.38095092773438, 7.792140483856201, 159.44830322265625, 13.124180793762207, 16.910568237304688], [767.4835205078125, -380.1092834472656, -96.47445678710938, 297.854736328125, 61.48804473876953, -64.61695098876953, -63.33721160888672, 325.2486877441406, -19.33716583251953, 49.628883361816406, -93.66802215576172, 41.58417892456055, -21.13636589050293], [-869.4391479492188, 525.6881713867188, 446.549072265625, 24.2094669342041, 17.429670333862305, -24.82275390625, 137.38095092773438, -19.33716583251953, 349.497802734375, -22.281286239624023, 154.5267333984375, 46.23103713989258, 1.9458287954330444], [295.9255065917969, -149.5042266845703, -80.8922348022461, 22.644264221191406, 37.155941009521484, 55.65939712524414, 7.792140483856201, 49.628883361816406, -22.281286239624023, 151.7890167236328, -0.07829903811216354, 0.1275121420621872, 18.349699020385742], [-855.4976196289062, 668.7518920898438, 365.8736267089844, -215.6817626953125, 2.204629898071289, 50.70198440551758, 159.44830322265625, -93.66802215576172, 154.5267333984375, -0.07829903811216354, 280.06072998046875, 26.66547203063965, 43.88051223754883], [-27.561359405517578, -113.42084503173828, 104.23369598388672, 78.85275268554688, -61.2377815246582, -41.78998947143555, 13.124180793762207, 41.58417892456055, 46.23103713989258, 0.1275121420621872, 26.66547203063965, 115.50804901123047, -4.450448513031006], [-108.46644592285156, 245.65850830078125, -76.8263168334961, -156.2850341796875, 51.42063903808594, 27.89636993408203, 16.910568237304688, -21.13636589050293, 1.9458287954330444, 18.349699020385742, 43.88051223754883, -4.450448513031006, 131.75338745117188]], "lowlevel.gfcc.icov": [[0.0009619290940463543, -0.00045364079414866865, 0.0010826794896274805, -0.000763889285735786, 0.0006312772748060524, -0.0012615235755220056, 0.000620884879026562, -0.0014374454040080309, 0.0010067297844216228, -0.0008423616527579725, 0.0008002673857845366, -0.000899110222235322, 0.0008789262501522899], [-0.00045364079414866865, 0.004015500191599131, -0.0016218054806813598, 0.0037074077408760786, -0.0036297207698225975, 0.0029782201163470745, -0.0031051894184201956, 0.0003665714175440371, -0.0026084475684911013, 0.0031581767834722996, -0.0031711834017187357, 0.00382217182777822, -0.002381149446591735], [0.0010826794896274805, -0.0016218054806813598, 0.0026675518602132797, -0.0023797829635441303, 0.0019954147282987833, -0.0018540311139076948, 0.0009747932781465352, -0.0012524460908025503, 0.001151573029346764, -0.0014400846557691693, 0.0004531327576842159, -0.0018800453981384635, 0.00190470099914819], [-0.000763889285735786, 0.0037074077408760786, -0.0023797829635441303, 0.0055265408009290695, -0.004323943518102169, 0.003262265119701624, -0.002884563757106662, -6.341094558592886e-05, -0.0028066486120224, 0.0027661207132041454, -0.0013099077623337507, 0.0024616257287561893, -0.0008410754962824285], [0.0006312772748060524, -0.0036297207698225975, 0.0019954147282987833, -0.004323943518102169, 0.00718465493991971, -0.004947604611515999, 0.003481389721855521, -0.0015680952928960323, 0.0016804703045636415, -0.0025133283343166113, 0.002108809072524309, -0.001213732291944325, 0.00044896782492287457], [-0.0012615235755220056, 0.0029782201163470745, -0.0018540311139076948, 0.003262265119701624, -0.004947604611515999, 0.007782854605466127, -0.004834722261875868, 0.002816534833982587, -0.001665288582444191, 0.0015467627672478557, -0.0028280417900532484, 0.0030538251157850027, -0.0015933096874505281], [0.000620884879026562, -0.0031051894184201956, 0.0009747932781465352, -0.002884563757106662, 0.003481389721855521, -0.004834722261875868, 0.007990475744009018, -0.0009430714999325573, 0.0011658472940325737, -0.0025422582402825356, 0.001155940000899136, -0.002945018233731389, 0.0017880951054394245], [-0.0014374454040080309, 0.0003665714175440371, -0.0012524460908025503, -6.341094558592886e-05, -0.0015680952928960323, 0.002816534833982587, -0.0009430714999325573, 0.0071593113243579865, -0.0013040133053436875, -0.0004787123471032828, -0.0002809820289257914, -0.0005521075800061226, -0.001226319931447506], [0.0010067297844216228, -0.0026084475684911013, 0.001151573029346764, -0.0028066486120224, 0.0016804703045636415, -0.001665288582444191, 0.0011658472940325737, -0.0013040133053436875, 0.007266261614859104, -0.0021232995204627514, 0.0008450265740975738, -0.0038370145484805107, 0.002149860607460141], [-0.0008423616527579725, 0.0031581767834722996, -0.0014400846557691693, 0.0027661207132041454, -0.0025133283343166113, 0.0015467627672478557, -0.0025422582402825356, -0.0004787123471032828, -0.0021232995204627514, 0.010580712929368019, -0.003720948938280344, 0.0035688779316842556, -0.003320100484415889], [0.0008002673857845366, -0.0031711834017187357, 0.0004531327576842159, -0.0013099077623337507, 0.002108809072524309, -0.0028280417900532484, 0.001155940000899136, -0.0002809820289257914, 0.0008450265740975738, -0.003720948938280344, 0.011559785343706608, -0.005324040073901415, 0.0013402574695646763], [-0.000899110222235322, 0.00382217182777822, -0.0018800453981384635, 0.0024616257287561893, -0.001213732291944325, 0.0030538251157850027, -0.002945018233731389, -0.0005521075800061226, -0.0038370145484805107, 0.0035688779316842556, -0.005324040073901415, 0.015811271965503693, -0.004059661645442247], [0.0008789262501522899, -0.002381149446591735, 0.00190470099914819, -0.0008410754962824285, 0.00044896782492287457, -0.0015933096874505281, 0.0017880951054394245, -0.001226319931447506, 0.002149860607460141, -0.003320100484415889, 0.0013402574695646763, -0.004059661645442247, 0.01244925893843174]], "lowlevel.mfcc.cov": [[8201.3935546875, -3355.28369140625, -2955.9375, 310.6286315917969, 367.02105712890625, -300.3934631347656, 420.8211975097656, -215.6671600341797, 456.64947509765625, 21.087261199951172, -208.32777404785156, -445.21331787109375, -235.39959716796875], [-3355.28369140625, 3643.891357421875, 634.3954467773438, -917.0781860351562, -120.00355529785156, 223.65545654296875, 114.06831359863281, 18.05842399597168, -190.12539672851562, 112.90450286865234, 143.95404052734375, 140.22775268554688, 78.72862243652344], [-2955.9375, 634.3954467773438, 2006.1173095703125, 293.5311584472656, -186.13169860839844, 113.0409164428711, -219.9887237548828, 317.121337890625, -169.14573669433594, 7.553074836730957, 182.0526580810547, 294.6977233886719, 144.15728759765625], [310.6286315917969, -917.0781860351562, 293.5311584472656, 910.117919921875, 186.04415893554688, -161.17831420898438, -93.3046646118164, 149.48023986816406, 164.04795837402344, -67.266357421875, 127.74951171875, 57.70886993408203, 56.33998489379883], [367.02105712890625, -120.00355529785156, -186.13169860839844, 186.04415893554688, 445.2348327636719, 47.82020568847656, 60.73576736450195, 24.08782196044922, 89.21528625488281, 45.52363967895508, 8.149459838867188, 19.577754974365234, -23.9494686126709], [-300.3934631347656, 223.65545654296875, 113.0409164428711, -161.17831420898438, 47.82020568847656, 448.1551818847656, 119.11015319824219, 44.850486755371094, -46.50348663330078, 152.4875030517578, -13.74609661102295, -24.329944610595703, 42.271217346191406], [420.8211975097656, 114.06831359863281, -219.9887237548828, -93.3046646118164, 60.73576736450195, 119.11015319824219, 320.9620056152344, -42.16072082519531, 34.58788299560547, 45.11892318725586, 9.128997802734375, -41.196044921875, -20.67959213256836], [-215.6671600341797, 18.05842399597168, 317.121337890625, 149.48023986816406, 24.08782196044922, 44.850486755371094, -42.16072082519531, 270.9625549316406, 3.455233335494995, 48.76736068725586, 42.45679473876953, 68.00923919677734, 36.767982482910156], [456.64947509765625, -190.12539672851562, -169.14573669433594, 164.04795837402344, 89.21528625488281, -46.50348663330078, 34.58788299560547, 3.455233335494995, 193.489990234375, 8.783196449279785, 22.986106872558594, -27.54178810119629, 14.125214576721191], [21.087261199951172, 112.90450286865234, 7.553074836730957, -67.266357421875, 45.52363967895508, 152.4875030517578, 45.11892318725586, 48.76736068725586, 8.783196449279785, 194.6760711669922, -4.066475868225098, 5.650125026702881, 5.607304573059082], [-208.32777404785156, 143.95404052734375, 182.0526580810547, 127.74951171875, 8.149459838867188, -13.74609661102295, 9.128997802734375, 42.45679473876953, 22.986106872558594, -4.066475868225098, 186.9381103515625, 57.90693664550781, 42.232845306396484], [-445.21331787109375, 140.22775268554688, 294.6977233886719, 57.70886993408203, 19.577754974365234, -24.329944610595703, -41.196044921875, 68.00923919677734, -27.54178810119629, 5.650125026702881, 57.90693664550781, 165.91062927246094, 11.394859313964844], [-235.39959716796875, 78.72862243652344, 144.15728759765625, 56.33998489379883, -23.9494686126709, 42.271217346191406, -20.67959213256836, 36.767982482910156, 14.125214576721191, 5.607304573059082, 42.232845306396484, 11.394859313964844, 151.57496643066406]], "lowlevel.mfcc.icov": [[0.0006211301079019904, 0.0005127950571477413, 0.0007259073900058866, 0.00024913353263400495, -1.9511151549522765e-05, 0.00032812089193612337, -0.0005196331767365336, -0.0005731401033699512, -0.0002694914292078465, -0.00029626264586113393, -0.0004179099341854453, 0.000122652345453389, 3.2135551009560004e-05], [0.0005127950571477413, 0.0009662029333412647, 0.00032570623443461955, 0.0010514456080272794, -0.00030777236679568887, 0.000451236090157181, -0.0005647385842166841, -0.0005428387667052448, -0.00034987018443644047, -0.000280418258626014, -0.000954104121774435, 9.98481409624219e-05, -0.00022458218154497445], [0.0007259073900058866, 0.00032570623443461955, 0.0020596347749233246, -0.0005182289751246572, 0.0006624663947150111, -0.00026616131071932614, -0.00017008789291139692, -0.0011856760829687119, 0.0004342228057794273, -0.00012657947081606835, -0.0005064026336185634, -0.0012142284540459514, -0.00016813541878946126], [0.00024913353263400495, 0.0010514456080272794, -0.0005182289751246572, 0.0034568666014820337, -0.0013444774085655808, 0.0009933767141774297, -9.023451275425032e-05, -0.0010723810410127044, -0.0017173966625705361, 0.00044177903328090906, -0.0018449875060468912, 0.0006031299708411098, -0.0005804774118587375], [-1.9511151549522765e-05, -0.00030777236679568887, 0.0006624663947150111, -0.0013444774085655808, 0.0033832956105470657, -0.0009396147215738893, -0.00013692457287106663, 2.339167258469388e-05, -0.0006218758644536138, -0.000278487364994362, 0.0006159046315588057, -0.0014439512742683291, 0.0007767057395540178], [0.00032812089193612337, 0.000451236090157181, -0.00026616131071932614, 0.0009933767141774297, -0.0009396147215738893, 0.004493291489779949, -0.0016375420382246375, -0.0006359278340823948, 0.0008918811799958348, -0.002757042646408081, -0.00017686815408524126, 0.0016478036995977163, -0.0013673154171556234], [-0.0005196331767365336, -0.0005647385842166841, -0.00017008789291139692, -9.023451275425032e-05, -0.00013692457287106663, -0.0016375420382246375, 0.004672073759138584, 0.0007904655649326742, -0.0005793285672552884, 0.0003844869788736105, -0.0005470655742101371, 5.865087587153539e-05, 0.0007501256768591702], [-0.0005731401033699512, -0.0005428387667052448, -0.0011856760829687119, -0.0010723810410127044, 2.339167258469388e-05, -0.0006359278340823948, 0.0007904655649326742, 0.00587067473679781, 0.00013319340359885246, -0.001064469339326024, 0.0005908049643039703, -0.0010351742384955287, -0.0002769006823655218], [-0.0002694914292078465, -0.00034987018443644047, 0.0004342228057794273, -0.0017173966625705361, -0.0006218758644536138, 0.0008918811799958348, -0.0005793285672552884, 0.00013319340359885246, 0.008210315369069576, -0.0012004113523289561, -0.0002595754631329328, 0.0009806265588849783, -0.0011918628588318825], [-0.00029626264586113393, -0.000280418258626014, -0.00012657947081606835, 0.00044177903328090906, -0.000278487364994362, -0.002757042646408081, 0.0003844869788736105, -0.001064469339326024, -0.0012004113523289561, 0.007962286472320557, 0.00022992739104665816, -0.0009114138083532453, 0.0004990386078134179], [-0.0004179099341854453, -0.000954104121774435, -0.0005064026336185634, -0.0018449875060468912, 0.0006159046315588057, -0.00017686815408524126, -0.0005470655742101371, 0.0005908049643039703, -0.0002595754631329328, 0.00022992739104665816, 0.00816604308784008, -0.0020717454608529806, -0.0011612195521593094], [0.000122652345453389, 9.98481409624219e-05, -0.0012142284540459514, 0.0006031299708411098, -0.0014439512742683291, 0.0016478036995977163, 5.865087587153539e-05, -0.0010351742384955287, 0.0009806265588849783, -0.0009114138083532453, -0.0020717454608529806, 0.00995863601565361, 0.00041158535168506205], [3.2135551009560004e-05, -0.00022458218154497445, -0.00016813541878946126, -0.0005804774118587375, 0.0007767057395540178, -0.0013673154171556234, 0.0007501256768591702, -0.0002769006823655218, -0.0011918628588318825, 0.0004990386078134179, -0.0011612195521593094, 0.00041158535168506205, 0.008198383264243603]], "metadata.audio_properties.analysis.downmix": "mix", "metadata.audio_properties.codec": "mp3", "metadata.audio_properties.md5_encoded": "6474d5d56d7b4d3c466b31475ff0d42e", "metadata.tags.file_name": "1183707359277756436.mp3", "metadata.version.essentia": "2.1-beta6-dev", "metadata.version.essentia_git_sha": "v2.1_beta5-1110-g77a6a954", "metadata