{"song_id": "1183710394980765717", "download": "https://cdn.discordapp.com/attachments/1135903449314238464/1183710394980765717/chirp.mp4?ex=65895336&amp", "lyrics": "\u0430 \u044f \u0442\u0435\u0431\u044f \u0442\u0430\u043f\u043e\u0440\u0438\u043a\u043e\u043c\n\u0431\u0430\u043c \u0431\u0430\u043c \u0431\u0430\u043c\n\u0430 \u044f \u0442\u0435\u0431\u044f \u0442\u0430\u043f\u043e\u0440\u0438\u043a\u043e\u043c\n\u043f\u043e \u043a\u0443\u0441\u043a\u0430\u043c\n\u0430 \u044f \u0442\u0435\u0431\u044f \u0442\u0430\u043f\u043e\u0440\u0438\u043a\u043e\u043c\n\u0442\u044b\u0449 \u0442\u044b\u0449 \u0442\u044b\u0449\n\u0430 \u044f \u0442\u0435\u0431\u044f \u0442\u0430\u043f\u043e\u0440\u0438\u043a\u043e\u043c\n\u043e\u0442 \u0442\u0435\u0431\u044f \u043e\u0441\u0442\u0430\u043d\u0435\u0442\u0441\u044f \u0442\u043e\u043b\u044c\u043a\u043e \u043f\u0440\u044b\u0449", "style": ["Country"], "essentia_features": {"lowlevel.average_loudness": 0.9820629954338074, "lowlevel.barkbands_crest.mean": 7.837180137634277, "lowlevel.barkbands_crest.stdev": 2.815715789794922, "lowlevel.barkbands_flatness_db.mean": 0.13286744058132172, "lowlevel.barkbands_flatness_db.stdev": 0.028899002820253372, "lowlevel.barkbands_kurtosis.mean": -0.26312848925590515, "lowlevel.barkbands_kurtosis.stdev": 3.4268605709075928, "lowlevel.barkbands_skewness.mean": 0.22102823853492737, "lowlevel.barkbands_skewness.stdev": 0.9508075714111328, "lowlevel.barkbands_spread.mean": 43.40849304199219, "lowlevel.barkbands_spread.stdev": 13.846772193908691, "lowlevel.dissonance.mean": 0.48731696605682373, "lowlevel.dissonance.stdev": 0.015001986175775528, "lowlevel.dynamic_complexity": 1.895732045173645, "lowlevel.erbbands_crest.mean": 10.270909309387207, "lowlevel.erbbands_crest.stdev": 3.9360086917877197, "lowlevel.erbbands_flatness_db.mean": 0.1781998574733734, "lowlevel.erbbands_flatness_db.stdev": 0.030993688851594925, "lowlevel.erbbands_kurtosis.mean": 0.5294232368469238, "lowlevel.erbbands_kurtosis.stdev": 1.7338474988937378, "lowlevel.erbbands_skewness.mean": -0.5662851333618164, "lowlevel.erbbands_skewness.stdev": 0.7751127481460571, "lowlevel.erbbands_spread.mean": 37.64067077636719, "lowlevel.erbbands_spread.stdev": 14.810044288635254, "lowlevel.hfc.mean": 35.26607894897461, "lowlevel.hfc.stdev": 18.735960006713867, "lowlevel.loudness_ebu128.integrated": -15.897289276123047, "lowlevel.loudness_ebu128.loudness_range": 0.6538848876953125, "lowlevel.loudness_ebu128.momentary.mean": -16.053735733032227, "lowlevel.loudness_ebu128.momentary.stdev": 1.1959667205810547, "lowlevel.loudness_ebu128.short_term.mean": -15.890366554260254, "lowlevel.loudness_ebu128.short_term.stdev": 0.23707103729248047, "lowlevel.melbands_crest.mean": 13.937578201293945, "lowlevel.melbands_crest.stdev": 5.157576084136963, "lowlevel.melbands_flatness_db.mean": 0.12104368954896927, "lowlevel.melbands_flatness_db.stdev": 0.04217341169714928, "lowlevel.melbands_kurtosis.mean": 4.803842544555664, "lowlevel.melbands_kurtosis.stdev": 16.289379119873047, "lowlevel.melbands_skewness.mean": 1.6160348653793335, "lowlevel.melbands_skewness.stdev": 1.5440963506698608, "lowlevel.melbands_spread.mean": 67.6228256225586, "lowlevel.melbands_spread.stdev": 29.212793350219727, "lowlevel.pitch_salience.mean": 0.5307067036628723, "lowlevel.pitch_salience.stdev": 0.09046617895364761, "lowlevel.silence_rate_20dB.mean": 1.0, "lowlevel.silence_rate_20dB.stdev": 0.0, "lowlevel.silence_rate_30dB.mean": 1.0, "lowlevel.silence_rate_30dB.stdev": 0.0, "lowlevel.silence_rate_60dB.mean": 0.0015760441310703754, "lowlevel.silence_rate_60dB.stdev": 0.03966837003827095, "lowlevel.spectral_centroid.mean": 2988.51611328125, "lowlevel.spectral_centroid.stdev": 579.6666870117188, "lowlevel.spectral_complexity.mean": 23.406620025634766, "lowlevel.spectral_complexity.stdev": 7.077542304992676, "lowlevel.spectral_decrease.mean": -4.4137071775196546e-09, "lowlevel.spectral_decrease.stdev": 3.83101017575882e-09, "lowlevel.spectral_energy.mean": 0.019857095554471016, "lowlevel.spectral_energy.stdev": 0.015105392783880234, "lowlevel.spectral_energyband_high.mean": 0.004734695889055729, "lowlevel.spectral_energyband_high.stdev": 0.003207841422408819, "lowlevel.spectral_energyband_low.mean": 0.006200754549354315, "lowlevel.spectral_energyband_low.stdev": 0.013006932102143764, "lowlevel.spectral_energyband_middle_high.mean": 0.006364485714584589, "lowlevel.spectral_energyband_middle_high.stdev": 0.005820803344249725, "lowlevel.spectral_energyband_middle_low.mean": 0.00429017236456275, "lowlevel.spectral_energyband_middle_low.stdev": 0.004552784375846386, "lowlevel.spectral_entropy.mean": 7.839029788970947, "lowlevel.spectral_entropy.stdev": 0.25697779655456543, "lowlevel.spectral_flux.mean": 0.08705822378396988, "lowlevel.spectral_flux.stdev": 0.047900229692459106, "lowlevel.spectral_kurtosis.mean": 1.8643512725830078, "lowlevel.spectral_kurtosis.stdev": 0.9469301700592041, "lowlevel.spectral_rms.mean": 0.004160757642239332, "lowlevel.spectral_rms.stdev": 0.00143557065166533, "lowlevel.spectral_rolloff.mean": 4077.08837890625, "lowlevel.spectral_rolloff.stdev": 1351.8765869140625, "lowlevel.spectral_skewness.mean": 0.9073227643966675, "lowlevel.spectral_skewness.stdev": 0.16168726980686188, "lowlevel.spectral_spread.mean": 4865778.0, "lowlevel.spectral_spread.stdev": 828197.9375, "lowlevel.spectral_strongpeak.mean": 1.9233931303024292, "lowlevel.spectral_strongpeak.stdev": 2.8247716426849365, "lowlevel.zerocrossingrate.mean": 0.12806436419487, "lowlevel.zerocrossingrate.stdev": 0.030375394970178604, "metadata.audio_properties.analysis.equal_loudness": 0.0, "metadata.audio_properties.analysis.length": 29.43895721435547, "metadata.audio_properties.analysis.sample_rate": 44100.0, "metadata.audio_properties.analysis.start_time": 0.0, "metadata.audio_properties.bit_rate": 99088.0, "metadata.audio_properties.length": 29.440000534057617, "metadata.audio_properties.lossless": 0.0, "metadata.audio_properties.number_channels": 1.0, "metadata.audio_properties.replay_gain": -11.214059829711914, "metadata.audio_properties.sample_rate": 48000.0, "rhythm.beats_count": 63.0, "rhythm.beats_loudness.mean": 0.020307324826717377, "rhythm.beats_loudness.stdev": 0.006146840285509825, "rhythm.bpm": 129.16500854492188, "rhythm.bpm_histogram_first_peak_bpm": 129.0, "rhythm.bpm_histogram_first_peak_weight": 0.2542372941970825, "rhythm.bpm_histogram_second_peak_bpm": 136.0, "rhythm.bpm_histogram_second_peak_spread": 0.0, "rhythm.bpm_histogram_second_peak_weight": 0.04838709533214569, "rhythm.danceability": 1.8500396013259888, "rhythm.onset_rate": 2.10494065284729, "tonal.chords_changes_rate": 0.07244094461202621, "tonal.chords_number_rate": 0.011023622006177902, "tonal.chords_strength.mean": 0.5491498112678528, "tonal.chords_strength.stdev": 0.10315090417861938, "tonal.hpcp_crest.mean": 11.460432052612305, "tonal.hpcp_crest.stdev": 4.545289516448975, "tonal.hpcp_entropy.mean": 2.2806484699249268, "tonal.hpcp_entropy.stdev": 0.6339572668075562, "tonal.key_edma.strength": 0.7845193147659302, "tonal.key_krumhansl.strength": 0.7879148125648499, "tonal.key_temperley.strength": 0.7898101806640625, "tonal.tuning_diatonic_strength": 0.6417086124420166, "tonal.tuning_equal_tempered_deviation": 0.364188015460968, "tonal.tuning_frequency": 434.193115234375, "tonal.tuning_nontempered_energy_ratio": 0.9803781509399414, "lowlevel.barkbands.mean": [0.00010737113188952208, 0.0016348457429558039, 0.002770379651337862, 0.002304298570379615, 0.0002531869395170361, 0.0006560564506798983, 0.00043119353358633816, 0.00023692697868682444, 0.0003320313699077815, 0.0008795993053354323, 0.0009776202496141195, 0.0010087528498843312, 0.000995915848761797, 0.0005529612535610795, 0.00022710520715918392, 0.0007141190581023693, 0.0004318215069361031, 0.0004093295137863606, 0.00012468438944779336, 0.002330070361495018, 0.0017081815749406815, 0.00014981788990553468, 0.00022517105389852077, 0.0002254040737170726, 0.00017003821267280728, 2.1204061795287998e-07, 6.553189102476153e-10], "lowlevel.barkbands.stdev": [0.0002406505955150351, 0.004374930635094643, 0.007933384738862514, 0.0028860936872661114, 0.00040317195816896856, 0.0013059739721938968, 0.0017435664776712656, 0.0006944938213564456, 0.0010214531794190407, 0.0019615853670984507, 0.0025422687176615, 0.002311142161488533, 0.0012714599724859, 0.0010011220583692193, 0.0005905928555876017, 0.0009420308633707464, 0.0006201236974447966, 0.0004512097511906177, 8.610950317233801e-05, 0.0022819535806775093, 0.001697592088021338, 0.00011368201376171783, 0.0002118553384207189, 0.00014641837333329022, 0.00011826102854683995, 5.387364012676699e-07, 9.62935953197075e-10], "lowlevel.erbbands.mean": [0.048086825758218765, 0.3894178867340088, 2.6052255630493164, 6.861068248748779, 2.6803441047668457, 0.7579902410507202, 2.3552091121673584, 6.257103443145752, 7.770530700683594, 3.4684276580810547, 5.941537857055664, 6.7792768478393555, 13.49390697479248, 38.29647445678711, 48.22494125366211, 41.864593505859375, 46.12601089477539, 36.57108688354492, 16.730226516723633, 9.591886520385742, 49.00651931762695, 26.588720321655273, 18.191370010375977, 15.12614631652832, 7.150839805603027, 84.2284164428711, 163.0826873779297, 16.258405685424805, 5.79424524307251, 6.290102005004883, 6.197889804840088, 5.073180675506592, 3.586815595626831, 2.3981809616088867, 0.9075297713279724, 0.0458080992102623, 0.0013571373419836164, 0.00011431962047936395, 3.163029032293707e-05, 3.1635925552109256e-05], "lowlevel.erbbands.stdev": [0.10330846905708313, 1.2631373405456543, 7.885257720947266, 10.518614768981934, 3.6497769355773926, 1.244658350944519, 3.638376235961914, 13.548161506652832, 32.19382858276367, 7.308533668518066, 17.782745361328125, 21.179290771484375, 26.740190505981445, 84.83544158935547, 108.67485809326172, 81.19339752197266, 57.53176498413086, 58.521907806396484, 34.99278259277344, 12.75455093383789, 62.10245895385742, 32.64688491821289, 17.71708106994629, 15.28679084777832, 4.311264514923096, 72.44536590576172, 144.25311279296875, 10.143989562988281, 4.156113147735596, 5.395925521850586, 5.797855854034424, 3.5220248699188232, 2.4058749675750732, 1.824803113937378, 0.5824154019355774, 0.029030906036496162, 0.0008204548503272235, 6.261140515562147e-05, 1.263187459699111e-05, 1.7841133740148507e-05], "lowlevel.gfcc.mean": [9.088383674621582, 50.829444885253906, -150.63980102539062, 61.2711181640625, -73.85293579101562, 39.951446533203125, -37.7448844909668, 4.25800895690918, -41.34730529785156, -3.503278970718384, -11.71298885345459, -20.430980682373047, -1.717537522315979], "lowlevel.melbands.mean": [0.0004229055193718523, 0.0011152280494570732, 0.001007536891847849, 8.722696657059714e-05, 7.134042243706062e-05, 0.00014071338227950037, 0.00011039617675123736, 3.804214793490246e-05, 4.52772292192094e-05, 4.634103606804274e-05, 6.781726551707834e-05, 0.000150195206515491, 0.00015504471957683563, 0.0001454568700864911, 7.652620115550235e-05, 0.00010629262396832928, 5.9475027228472754e-05, 2.6158257242059335e-05, 1.5220763998513576e-05, 1.4655315681011416e-05, 7.043038931442425e-05, 2.858166590158362e-05, 1.576315662532579e-05, 1.8890403225668706e-05, 1.1791162251029164e-05, 3.912882675649598e-06, 4.822298706130823e-06, 7.386189099634066e-05, 0.00014244364865589887, 2.6325455110054463e-05, 3.6258284126233775e-06, 2.9176615043979837e-06, 3.267923602834344e-06, 3.846118943329202e-06, 4.001960405730642e-06, 2.7401581519370666e-06, 3.216170171072008e-06, 2.5116974029515404e-06, 2.2058552531234454e-06, 1.9682890979311196e-06], "lowlevel.melbands.stdev": [0.0009653171291574836, 0.0031909020617604256, 0.0015481702284887433, 0.0001244849554495886, 0.00010810199455590919, 0.00031805099570192397, 0.0004407391243148595, 7.311662920983508e-05, 0.0001342391624348238, 0.00015366687148343772, 0.0001382723858114332, 0.0003521774196997285, 0.00040713962516747415, 0.00034592056181281805, 7.26628495613113e-05, 0.00014192306844051927, 0.00010128008580068126, 5.6777982536004856e-05, 3.9595761336386204e-05, 1.8443777662469074e-05, 9.53218259382993e-05, 4.0771570638753474e-05, 2.0268351363483816e-05, 2.129804670403246e-05, 1.223119306814624e-05, 2.893465989473043e-06, 4.001626166427741e-06, 6.955791468499228e-05, 0.00012869035708718002, 2.3852269805502146e-05, 2.631746610859409e-06, 2.4985968138935277e-06, 2.8327954169071745e-06, 3.644555818027584e-06, 4.000082299171481e-06, 2.3186269118014025e-06, 2.2700494355376577e-06, 1.8409655240247957e-06, 1.4898237168381456e-06, 1.6384235550503945e-06], "lowlevel.melbands128.mean": [9.950368257705122e-05, 0.00040948245441541076, 0.0004488805716391653, 0.0006513693952001631, 0.001134684425778687, 0.0014168688794597983, 0.0016344303730875254, 0.0008377462509088218, 0.00015790801262483, 4.560930028674193e-05, 2.999613934662193e-05, 4.031000571558252e-05, 7.091366569511592e-05, 0.00012111709656892344, 0.0001490474387537688, 0.0001453541626688093, 0.00015128339873626828, 0.00011245475616306067, 5.120302739669569e-05, 2.5993545932578854e-05, 3.122658745269291e-05, 6.692685565212741e-05, 4.749988511321135e-05, 2.2928652470000088e-05, 4.0925842768047005e-05, 4.6307632146636024e-05, 8.003829861991107e-05, 3.906741039827466e-05, 7.446431845892221e-05, 0.00020377818145789206, 0.00016603372932877392, 6.833227234892547e-05, 0.0002427217405056581, 0.00011345518578309566, 0.0001332905376330018, 0.00021403116988949478, 5.630255691357888e-05, 5.0744514737743884e-05, 8.927439921535552e-05, 0.0001318224094575271, 9.140486508840695e-05, 0.0001109978329623118, 7.686461322009563e-05, 1.9647039152914658e-05, 2.5499033654341474e-05, 2.6473926482140087e-05, 2.983068952744361e-05, 1.69667891896097e-05, 8.201005584851373e-06, 7.407744760712376e-06, 7.858079698053189e-06, 2.7726689950213768e-05, 8.322682697325945e-05, 8.552660437999293e-05, 4.0241524402517825e-05, 2.6133920982829295e-05, 1.647722820052877e-05, 1.600733958184719e-05, 1.5607462046318687e-05, 1.3267860595078673e-05, 1.4353411643241998e-05, 3.287197250756435e-05, 1.4156446923152544e-05, 6.382628725987161e-06, 4.254381565260701e-06, 4.069562692166073e-06, 3.6535964227368822e-06, 2.7256394332653144e-06, 3.3684575555525953e-06, 9.159184628515504e-06, 2.7029946068068966e-05, 0.0001205593507620506, 0.0002146966871805489, 0.00014901311078574508, 7.538773934356868e-05, 1.8465207176632248e-05, 9.760854482010473e-06, 2.874241772587993e-06, 3.984577233495656e-06, 2.4771863991190912e-06, 3.0759604214836145e-06, 3.224536385459942e-06, 2.239337845821865e-06, 4.601553428074112e-06, 2.325980858586263e-06, 2.878563009289792e-06, 4.044438355776947e-06, 6.484639925474767e-06, 3.6042781630385434e-06, 2.8602942165889544e-06, 2.7929165753448615e-06, 2.3152251742430963e-06, 3.278282520113862e-06, 3.907419795723399e-06, 2.594703119029873e-06, 2.4854637103999266e-06, 2.62573485088069e-06, 2.513378149160417e-06, 1.8830679664461059e-06, 2.3242432689585257e-06, 2.230849531770218e-06, 2.060005726889358e-06, 1.2337914085946977e-06, 1.8780322079692269e-06, 1.1073755104007432e-06, 6.20185176103405e-07, 1.4219590127595438e-07, 1.517633840819599e-08, 3.486644306605058e-11, 2.711699788326971e-11, 1.462506157845489e-11, 1.413440805370092e-11, 1.2817696556921554e-11, 1.46436838349695e-11, 3.696144952602953e-12, 3.360482898895345e-12, 3.2298948671877215e-12, 3.1197126045684476e-12, 3.0223356369679655e-12, 2.9248951351201757e-12, 2.83943550095922e-12, 2.7726542849854097e-12, 2.7103454029731022e-12, 2.652444886994121e-12, 2.5749656313439617e-12, 2.478385335499822e-12, 2.4205830482376678e-12, 2.400737377991624e-12], "lowlevel.melbands128.stdev": [0.00023176161630544811, 0.0009473470272496343, 0.0011240823660045862, 0.0024066369514912367, 0.004009907133877277, 0.003792728530243039, 0.0024709831923246384, 0.0010409473907202482, 0.00026463644462637603, 8.98743310244754e-05, 6.710792513331398e-05, 8.225170313380659e-05, 0.00013241257693152875, 0.00023059571685735136, 0.0003173588484060019, 0.00047226829337887466, 0.0007415413856506348, 0.0004761101445183158, 0.00014762654609512538, 5.491093179443851e-05, 7.38774542696774e-05, 0.00021164199279155582, 0.00018279009964317083, 6.617059261770919e-05, 0.00016718264669179916, 0.0002666636719368398, 0.0002826660347636789, 8.571154467063025e-05, 0.00019121744844596833, 0.0005236551514826715, 0.0004743633617181331, 0.00016481397324241698, 0.0007778357830829918, 0.0003163253131788224, 0.000379060918930918, 0.0006059979205019772, 9.576272714184597e-05, 5.535952004720457e-05, 0.00010959583596559241, 0.0002539120032452047, 0.0001807458611438051, 0.00022532757429871708, 0.00016911773127503693, 3.080547685385682e-05, 7.771823584334925e-05, 6.788640894228593e-05, 0.00012359222455415875, 4.7699431888759136e-05, 1.5702355085522868e-05, 1.5019798411231022e-05, 1.5649013221263885e-05, 4.461731077753939e-05, 0.00012292205065023154, 0.00013937332550995052, 8.060235268203542e-05, 4.467608596314676e-05, 2.2648076992481947e-05, 2.359254540351685e-05, 2.8487143936217763e-05, 1.584290475875605e-05, 1.743020402500406e-05, 5.792085357825272e-05, 1.570223321323283e-05, 6.1719933910353575e-06, 3.960469712183112e-06, 3.559101514838403e-06, 3.601998741942225e-06, 3.0944054287829204e-06, 3.6557280509441625e-06, 9.725143172545359e-06, 4.3472588004078716e-05, 0.00012567511294037104, 0.00024692234001122415, 0.0001747167989378795, 9.18995137908496e-05, 1.9648759916890413e-05, 9.624622180126607e-06, 3.0472488106170204e-06, 3.442951765464386e-06, 2.1438727344502695e-06, 3.11650478579395e-06, 3.277669975432218e-06, 2.0271756966394605e-06, 4.823166818823665e-06, 2.1693335838790517e-06, 3.0857443107379368e-06, 4.3629070205497555e-06, 7.16987324267393e-06, 4.075996002939064e-06, 3.14429348691192e-06, 3.1401064006786328e-06, 2.161977363357437e-06, 2.566524472058518e-06, 3.2222937988990452e-06, 2.1029386516602244e-06, 2.1778507743874798e-06, 2.2713154521625256e-06, 1.89296952157747e-06, 1.367720415146323e-06, 1.9771280221903e-06, 2.0497645891737193e-06, 2.0762940948770847e-06, 9.63201046033646e-07, 1.5332065004258766e-06, 8.046520747484465e-07, 4.640394593025121e-07, 1.449419784194106e-07, 2.4181609603601828e-08, 1.0276945960896455e-09, 7.991137751517385e-10, 3.653486402299677e-10, 3.5751962501606727e-10, 3.188435071521667e-10, 3.906905632344859e-10, 8.543788940218455e-12, 4.8764798622757954e-12, 4.7027984804992595e-12, 4.544842367032453e-12, 4.403453730122964e-12, 4.2740745838376615e-12, 4.158632639639226e-12, 4.057521246075835e-12, 3.970120239504826e-12, 3.896370205647148e-12, 3.833950951853682e-12, 3.783972267468183e-12, 3.748024893918123e-12, 3.725886352917707e-12], "lowlevel.mfcc.mean": [-612.8291015625, 58.589229583740234, -6.736405849456787, 13.830042839050293, 0.17415624856948853, 16.840293884277344, 19.877683639526367, -2.844977855682373, 0.8154634237289429, -5.899104118347168, -15.241803169250488, 15.03446102142334, -3.390463352203369], "lowlevel.spectral_contrast_coeffs.mean": [-0.6575160622596741, -0.7956474423408508, -0.7754166722297668, -0.7682045102119446, -0.7339326739311218, -0.786587119102478], "lowlevel.spectral_contrast_coeffs.stdev": [0.06853711605072021, 0.06802354007959366, 0.0643196552991867, 0.043078452348709106, 0.05134196951985359, 0.01966388337314129], "lowlevel.spectral_contrast_valleys.mean": [-7.584519863128662, -7.250670433044434, -7.09629487991333, -7.286816120147705, -6.9686598777771, -9.12916374206543], "lowlevel.spectral_contrast_valleys.stdev": [0.6924227476119995, 0.5317667722702026, 0.4181438982486725, 0.3770691752433777, 0.3199288547039032, 0.28843849897384644], "rhythm.beats_loudness_band_ratio.mean": [0.33728355169296265, 0.04607950523495674, 0.09158680588006973, 0.18549686670303345, 0.10573498904705048, 0.2494751513004303], "rhythm.beats_loudness_band_ratio.stdev": [0.18678155541419983, 0.03617549315094948, 0.07446016371250153, 0.1385153979063034, 0.07214939594268799, 0.11838497966527939], "tonal.hpcp.mean": [0.18730665743350983, 0.22741028666496277, 0.15323735773563385, 0.06486562639474869, 0.03756747394800186, 0.040900975465774536, 0.042963482439517975, 0.07472387701272964, 0.12135136872529984, 0.08406835794448853, 0.031599484384059906, 0.05032341927289963, 0.07299143821001053, 0.2020287662744522, 0.28982049226760864, 0.3620200455188751, 0.4984600841999054, 0.31483930349349976, 0.07879180461168289, 0.06675584614276886, 0.07826820760965347, 0.17348869144916534, 0.2717307209968567, 0.21767400205135345, 0.11982179433107376, 0.09945174306631088, 0.11894126236438751, 0.09717009961605072, 0.13282182812690735, 0.1638338416814804, 0.11211542785167694, 0.07738393545150757, 0.06699980795383453, 0.06893329322338104, 0.09588173031806946, 0.12479852139949799], "tonal.hpcp.stdev": [0.27461281418800354, 0.29140999913215637, 0.22781795263290405, 0.14169816672801971, 0.09702036529779434, 0.11730428040027618, 0.12077079713344574, 0.15747518837451935, 0.25056663155555725, 0.18155823647975922, 0.07369136065244675, 0.09736086428165436, 0.12011163681745529, 0.23395490646362305, 0.31146541237831116, 0.2779369056224823, 0.41027042269706726, 0.2996777296066284, 0.1350243240594864, 0.10029944777488708, 0.10934516042470932, 0.24111758172512054, 0.3312750458717346, 0.26084470748901367, 0.1913800984621048, 0.17063310742378235, 0.18303881585597992, 0.16212540864944458, 0.19272534549236298, 0.22627589106559753, 0.18100717663764954, 0.14766189455986023, 0.1414843052625656, 0.16007456183433533, 0.20641060173511505, 0.23237338662147522], "rhythm.beats_position": [0.42956915497779846, 0.8823582530021667, 1.3467572927474976, 1.8111563920974731, 2.2755556106567383, 2.739954710006714, 3.2043535709381104, 3.668752670288086, 4.109931945800781, 4.574330806732178, 5.050340175628662, 5.526349067687988, 5.990748405456543, 6.4551472663879395, 6.919546127319336, 7.383945465087891, 7.848344326019287, 8.30113410949707, 8.765532493591309, 9.241541862487793, 9.705941200256348, 10.170339584350586, 10.611518859863281, 11.075918197631836, 11.55192756652832, 12.016325950622559, 12.469115257263184, 12.933514595031738, 13.397913932800293, 13.873922348022461, 14.326711654663086, 14.79111099243164, 15.255510330200195, 15.719908714294434, 16.161088943481445, 16.625486373901367, 17.089885711669922, 17.554285049438477, 18.01868438720703, 18.483083724975586, 18.95909309387207, 19.423492431640625, 19.887889862060547, 20.36389923095703, 20.828298568725586, 21.29269790649414, 21.757097244262695, 22.20988655090332, 22.662675857543945, 23.1270751953125, 23.591472625732422, 24.055871963500977, 24.52027130126953, 24.984670639038086, 25.44906997680664, 25.901859283447266, 26.36625862121582, 26.830657958984375, 27.306665420532227, 27.77106475830078, 28.235464096069336, 28.69986343383789, 29.164262771606445], "rhythm.bpm_histogram": [0.0, 0.0, 0.0, 0.0, 0.0, 0.0, 0.0, 0.0, 0.0, 0.0, 0.0, 0.0, 0.0, 0.0, 0.0, 0.0, 0.0, 0.0, 0.0, 0.0, 0.0, 0.0, 0.0, 0.0, 0.0, 0.0, 0.0, 0.0, 0.0, 0.0, 0.0, 0.0, 0.0, 0.0, 0.0, 0.0, 0.0, 0.0, 0.0, 0.0, 0.0, 0.0, 0.0, 0.0, 0.0, 0.0, 0.0, 0.0, 0.0, 0.0, 0.0, 0.0, 0.0, 0.0, 0.0, 0.0, 0.0, 0.0, 0.0, 0.0, 0.0, 0.0, 0.0, 0.0, 0.0, 0.0, 0.0, 0.0, 0.0, 0.0, 0.0, 0.0, 0.0, 0.0, 0.0, 0.0, 0.0, 0.0, 0.0, 0.0, 0.0, 0.0, 0.0, 0.0, 0.0, 0.0, 0.0, 0.0, 0.0, 0.0, 0.0, 0.0, 0.0, 0.0, 0.0, 0.0, 0.0, 0.0, 0.0, 0.0, 0.0, 0.0, 0.0, 0.0, 0.0, 0.0, 0.0, 0.0, 0.0, 0.0, 0.0, 0.0, 0.0, 0.0, 0.0, 0.0, 0.0, 0.0, 0.0, 0.0, 0.0, 0.0, 0.0, 0.0, 0.0, 0.0, 0.12903225421905518, 0.0, 0.0, 0.7096773982048035, 0.0, 0.0, 0.0, 0.11290322244167328, 0.0, 0.0, 0.04838709533214569, 0.0, 0.0, 0.0, 0.0, 0.0, 0.0, 0.0, 0.0, 0.0, 0.0, 0.0, 0.0, 0.0, 0.0, 0.0, 0.0, 0.0, 0.0, 0.0, 0.0, 0.0, 0.0, 0.0, 0.0, 0.0, 0.0, 0.0, 0.0, 0.0, 0.0, 0.0, 0.0, 0.0, 0.0, 0.0, 0.0, 0.0, 0.0, 0.0, 0.0, 0.0, 0.0, 0.0, 0.0, 0.0, 0.0, 0.0, 0.0, 0.0, 0.0, 0.0, 0.0, 0.0, 0.0, 0.0, 0.0, 0.0, 0.0, 0.0, 0.0, 0.0, 0.0, 0.0, 0.0, 0.0, 0.0, 0.0, 0.0, 0.0, 0.0, 0.0, 0.0, 0.0, 0.0, 0.0, 0.0, 0.0, 0.0, 0.0, 0.0, 0.0, 0.0, 0.0, 0.0, 0.0, 0.0, 0.0, 0.0, 0.0, 0.0, 0.0, 0.0, 0.0, 0.0, 0.0, 0.0, 0.0, 0.0, 0.0, 0.0, 0.0, 0.0, 0.0, 0.0, 0.0, 0.0, 0.0, 0.0, 0.0, 0.0, 0.0, 0.0, 0.0], "tonal.chords_histogram": [28.34645652770996, 9.448819160461426, 31.968503952026367, 5.8267717361450195, 0.0, 0.0, 0.0, 0.0, 0.0, 0.0, 0.0, 0.0, 0.0, 0.0, 0.0, 0.0, 0.0, 8.661417007446289, 0.0, 0.0, 0.0, 0.0, 9.133858680725098, 6.614173412322998], "tonal.thpcp": [1.0, 0.6316239237785339, 0.15807044506072998, 0.13392415642738342, 0.15702001750469208, 0.3480493128299713, 0.5451403856277466, 0.4366929531097412, 0.24038393795490265, 0.19951796531677246, 0.2386174201965332, 0.19494058191776276, 0.26646432280540466, 0.3286799490451813, 0.22492358088493347, 0.15524600446224213, 0.13441358506679535, 0.13829250633716583, 0.19235588610172272, 0.2503681480884552, 0.375770628452301, 0.4562256634235382, 0.3074215352535248, 0.1301320344209671, 0.07536706328392029, 0.08205466717481613, 0.08619242161512375, 0.14990945160388947, 0.2434525340795517, 0.1686561554670334, 0.0633942112326622, 0.10095777362585068, 0.14643387496471405, 0.40530580282211304, 0.5814316868782043, 0.7262768745422363], "lowlevel.gfcc.cov": [[997.0014038085938, 220.09808349609375, -104.40316772460938, -10.96103572845459, -6.403467178344727, -157.59051513671875, 8.76176929473877, 34.293800354003906, 53.744998931884766, 32.66025924682617, 55.23383712768555, 6.961826801300049, 130.04208374023438], [220.09808349609375, 276.6348571777344, 71.11591339111328, 56.50424575805664, 74.9145736694336, -16.435670852661133, 73.05890655517578, 51.58322525024414, 68.77995300292969, 23.955265045166016, 49.782928466796875, 14.684908866882324, 72.22862243652344], [-104.40316772460938, 71.11591339111328, 323.38616943359375, 205.154052734375, 90.4147720336914, 84.18647766113281, -0.39798063039779663, 22.80072021484375, 49.591766357421875, 22.103729248046875, 19.516687393188477, 42.832706451416016, -35.354312896728516], [-10.96103572845459, 56.50424575805664, 205.154052734375, 252.97903442382812, 122.81590270996094, -17.563112258911133, -39.64537048339844, 19.221614837646484, 76.35067749023438, 28.214519500732422, 38.175594329833984, 71.99809265136719, 24.251789093017578], [-6.403467178344727, 74.9145736694336, 90.4147720336914, 122.81590270996094, 169.0454559326172, 100.75776672363281, 83.58052062988281, 54.3931999206543, 33.87580490112305, 10.948580741882324, 17.636762619018555, 20.952272415161133, 37.70765686035156], [-157.59051513671875, -16.435670852661133, 84.18647766113281, -17.563112258911133, 100.75776672363281, 329.23956298828125, 214.0203094482422, 52.30588150024414, -32.66075134277344, -33.78834915161133, -22.799001693725586, -54.5125617980957, -51.28602600097656], [8.76176929473877, 73.05890655517578, -0.39798063039779663, -39.64537048339844, 83.58052062988281, 214.0203094482422, 251.8584442138672, 89.287353515625, -10.160540580749512, -11.971360206604004, 7.867218494415283, -47.53737258911133, 18.190296173095703], [34.293800354003906, 51.58322525024414, 22.80072021484375, 19.221614837646484, 54.3931999206543, 52.30588150024414, 89.287353515625, 93.68175506591797, 45.23066329956055, 18.018362045288086, 12.638422012329102, 9.027081489562988, 26.494672775268555], [53.744998931884766, 68.77995300292969, 49.591766357421875, 76.35067749023438, 33.87580490112305, -32.66075134277344, -10.160540580749512, 45.23066329956055, 97.11006164550781, 43.667449951171875, 26.515148162841797, 35.75212097167969, 32.93632507324219], [32.66025924682617, 23.955265045166016, 22.103729248046875, 28.214519500732422, 10.948580741882324, -33.78834915161133, -11.971360206604004, 18.018362045288086, 43.667449951171875, 66.74492645263672, 38.49897766113281, 33.560577392578125, 26.560993194580078], [55.23383712768555, 49.782928466796875, 19.516687393188477, 38.175594329833984, 17.636762619018555, -22.799001693725586, 7.867218494415283, 12.638422012329102, 26.515148162841797, 38.49897766113281, 76.93800354003906, 55.126705169677734, 40.57137680053711], [6.961826801300049, 14.684908866882324, 42.832706451416016, 71.99809265136719, 20.952272415161133, -54.5125617980957, -47.53737258911133, 9.027081489562988, 35.75212097167969, 33.560577392578125, 55.126705169677734, 94.6894760131836, 50.764747619628906], [130.04208374023438, 72.22862243652344, -35.354312896728516, 24.251789093017578, 37.70765686035156, -51.28602600097656, 18.190296173095703, 26.494672775268555, 32.93632507324219, 26.560993194580078, 40.57137680053711, 50.764747619628906, 104.66980743408203]], "lowlevel.gfcc.icov": [[0.0016205377178266644, -0.0016862074844539165, 0.0013395205605775118, -0.0019457588205114007, 0.0018941875314339995, -0.0010330005316063762, 0.0016272295033559203, -0.0018200287595391273, 0.00158548797480762, -0.0007762075983919203, -0.0006849908968433738, 0.0021627971436828375, -0.002042503096163273], [-0.0016862074844539165, 0.016294075176119804, -0.014049536548554897, 0.017862573266029358, -0.015427641570568085, 0.014657709747552872, -0.012306280434131622, 0.01137008797377348, -0.017503522336483, 0.012425280176103115, -0.00901284720748663, 0.0033938095439225435, -0.001830480876378715], [0.0013395205605775118, -0.014049536548554897, 0.023184102028608322, -0.027608608826994896, 0.018946029245853424, -0.018562164157629013, 0.012886423617601395, -0.013409658335149288, 0.01800316572189331, -0.014779580757021904, 0.008310447447001934, -0.0029814327135682106, 0.0038031504955142736], [-0.0019457588205114007, 0.017862573266029358, -0.027608608826994896, 0.04707139730453491, -0.03610534593462944, 0.026770664379000664, -0.018068809062242508, 0.023005515336990356, -0.03183799237012863, 0.021735312417149544, -0.010337279178202152, -0.005983543582260609, 0.004712157417088747], [0.0018941875314339995, -0.015427641570568085, 0.018946029245853424, -0.03610534593462944, 0.03997955098748207, -0.025967929512262344, 0.016982579603791237, -0.021517932415008545, 0.02455787919461727, -0.016515865921974182, 0.008282470516860485, 0.005591212771832943, -0.011032164096832275], [-0.0010330005316063762, 0.014657709747552872, -0.018562164157629013, 0.026770664379000664, -0.025967929512262344, 0.0327112190425396, -0.029215753078460693, 0.021155206486582756, -0.021045057103037834, 0.014657744206488132, -0.00240312609821558, -0.008386584930121899, 0.01170311775058508], [0.0016272295033559203, -0.012306280434131622, 0.012886423617601395, -0.018068809062242508, 0.016982579603791237, -0.029215753078460693, 0.04092898219823837, -0.03126135841012001, 0.022544406354427338, -0.008383350446820259, -0.009340613149106503, 0.02127990685403347, -0.016290299594402313], [-0.0018200287595391273, 0.01137008797377348, -0.013409658335149288, 0.023005515336990356, -0.021517932415008545, 0.021155206486582756, -0.03126135841012001, 0.04541977494955063, -0.031189167872071266, 0.009455996565520763, 0.0051836431957781315, -0.015964046120643616, 0.009756854735314846], [0.00158548797480762, -0.017503522336483, 0.01800316572189331, -0.03183799237012863, 0.02455787919461727, -0.021045057103037834, 0.022544406354427338, -0.031189167872071266, 0.048494186252355576, -0.025715813040733337, 0.008404812775552273, 0.004391296301037073, -0.005736971274018288], [-0.0007762075983919203, 0.012425280176103115, -0.014779580757021904, 0.021735312417149544, -0.016515865921974182, 0.014657744206488132, -0.008383350446820259, 0.009455996565520763, -0.025715813040733337, 0.03983532264828682, -0.01959599182009697, 0.002970283618196845, -0.0013042911887168884], [-0.0006849908968433738, -0.00901284720748663, 0.008310447447001934, -0.010337279178202152, 0.008282470516860485, -0.00240312609821558, -0.009340613149106503, 0.0051836431957781315, 0.008404812775552273, -0.01959599182009697, 0.0428275465965271, -0.028211379423737526, 0.007832416333258152], [0.0021627971436828375, 0.0033938095439225435, -0.0029814327135682106, -0.005983543582260609, 0.005591212771832943, -0.008386584930121899, 0.02127990685403347, -0.015964046120643616, 0.004391296301037073, 0.002970283618196845, -0.028211379423737526, 0.049327317625284195, -0.025554576888680458], [-0.002042503096163273, -0.001830480876378715, 0.0038031504955142736, 0.004712157417088747, -0.011032164096832275, 0.01170311775058508, -0.016290299594402313, 0.009756854735314846, -0.005736971274018288, -0.0013042911887168884, 0.007832416333258152, -0.025554576888680458, 0.03511161357164383]], "lowlevel.mfcc.cov": [[1019.4378662109375, 194.63137817382812, -134.36692810058594, 37.910831451416016, -55.29803466796875, -139.93968200683594, -55.96603775024414, -62.3748779296875, 24.374340057373047, 9.80293083190918, -65.75491333007812, 35.297908782958984, -8.450339317321777], [194.63137817382812, 235.69610595703125, -17.430416107177734, 36.302818298339844, -4.111144542694092, -23.517227172851562, 44.41999435424805, 15.999241828918457, 49.319610595703125, 54.279476165771484, 10.910382270812988, 2.805213212966919, 2.4959299564361572], [-134.36692810058594, -17.430416107177734, 246.41815185546875, 111.65015411376953, 85.47313690185547, 76.56231689453125, -8.3954496383667, 36.28434753417969, -5.672483921051025, -7.552361488342285, 55.4252815246582, 24.380239486694336, 48.361412048339844], [37.910831451416016, 36.302818298339844, 111.65015411376953, 278.8529968261719, 153.15536499023438, -33.010284423828125, -98.67803955078125, -19.664167404174805, 17.21577262878418, -65.2197494506836, -7.1105570793151855, 115.49246215820312, 65.82522583007812], [-55.29803466796875, -4.111144542694092, 85.47313690185547, 153.15536499023438, 160.43060302734375, 44.04009246826172, -26.300073623657227, 19.023521423339844, 23.72553253173828, -27.983922958374023, 13.66202449798584, 51.15620803833008, 36.69737243652344], [-139.93968200683594, -23.517227172851562, 76.56231689453125, -33.010284423828125, 44.04009246826172, 173.64248657226562, 132.02450561523438, 86.2958984375, 32.35778045654297, 56.94306945800781, 52.847225189208984, -40.048213958740234, -6.838990211486816], [-55.96603775024414, 44.41999435424805, -8.3954496383667, -98.67803955078125, -26.300073623657227, 132.02450561523438, 246.90135192871094, 127.94921875, 54.456722259521484, 98.76866149902344, 47.60791015625, -52.609737396240234, -29.853656768798828], [-62.3748779296875, 15.999241828918457, 36.28434753417969, -19.664167404174805, 19.023521423339844, 86.2958984375, 127.94921875, 127.17215728759766, 60.720420837402344, 61.37246322631836, 46.26052474975586, -20.502365112304688, -2.4296698570251465], [24.374340057373047, 49.319610595703125, -5.672483921051025, 17.21577262878418, 23.72553253173828, 32.35778045654297, 54.456722259521484, 60.720420837402344, 97.1858139038086, 58.43526840209961, 19.315391540527344, 6.465295791625977, -3.5161921977996826], [9.80293083190918, 54.279476165771484, -7.552361488342285, -65.2197494506836, -27.983922958374023, 56.94306945800781, 98.76866149902344, 61.37246322631836, 58.43526840209961, 119.6523666381836, 50.91918182373047, -42.511592864990234, -19.36353302001953], [-65.75491333007812, 10.910382270812988, 55.4252815246582, -7.1105570793151855, 13.66202449798584, 52.847225189208984, 47.60791015625, 46.26052474975586, 19.315391540527344, 50.91918182373047, 79.78501892089844, -6.7540202140808105, 4.706827163696289], [35.297908782958984, 2.805213212966919, 24.380239486694336, 115.49246215820312, 51.15620803833008, -40.048213958740234, -52.609737396240234, -20.502365112304688, 6.465295791625977, -42.511592864990234, -6.7540202140808105, 126.91239929199219, 51.42280197143555], [-8.450339317321777, 2.4959299564361572, 48.361412048339844, 65.82522583007812, 36.69737243652344, -6.838990211486816, -29.853656768798828, -2.4296698570251465, -3.5161921977996826, -19.36353302001953, 4.706827163696289, 51.42280197143555, 68.34536743164062]], "lowlevel.mfcc.icov": [[0.0013845920329913497, -0.001007384853437543, 0.0004194418143015355, -0.0003586403327062726, 0.0004083543026354164, 0.00026208494091406465, 0.00028448973898775876, -4.556991916615516e-05, 0.00014806199760641903, -0.0005927874590270221, 0.0008696409640833735, -0.00033721039653755724, 0.00021970515081193298], [-0.001007384853437543, 0.007401519455015659, -0.00031205607228912413, -0.0027037791442126036, 0.0004256947722751647, 0.003197053447365761, -0.0038569048047065735, 0.002915342105552554, -0.002509297803044319, -0.0022215689532458782, -0.0011458713561296463, 0.002249156590551138, -0.0014315505977720022], [0.0004194418143015355, -0.00031205607228912413, 0.009503550827503204, -0.0052071488462388515, 0.0025315675884485245, -0.0055639236234128475, 0.003141021355986595, -0.0029841524083167315, 0.003198803635314107, 0.0004813710111193359, -0.00430907541885972, 0.0018762554973363876, -0.003110448131337762], [-0.0003586403327062726, -0.0027037791442126036, -0.0052071488462388515, 0.017293784767389297, -0.012427911162376404, 0.004781449679285288, 0.000999048468656838, 0.00020309681713115424, -0.00242751301266253, 0.0021632853895425797, 0.002120558638125658, -0.006665690336376429, 3.5215503885410726e-05], [0.0004083543026354164, 0.0004256947722751647, 0.0025315675884485245, -0.012427911162376404, 0.021208234131336212, -0.009811243042349815, 0.003492011921480298, -0.002051219344139099, -0.0023709109518676996, 0.0034321933053433895, -0.0020222871098667383, 0.0017532357014715672, -0.001033087377436459], [0.00026208494091406465, 0.003197053447365761, -0.0055639236234128475, 0.004781449679285288, -0.009811243042349815, 0.02095320262014866, -0.010481489822268486, 0.0027234135195612907, -0.0023200686555355787, -0.0013728297781199217, -0.0017291406402364373, 0.0030158888548612595, -0.0005276331794448197], [0.00028448973898775876, -0.0038569048047065735, 0.003141021355986595, 0.000999048468656838, 0.003492011921480298, -0.010481489822268486, 0.017901677638292313, -0.013794614002108574, 0.005448570474982262, -0.004345741122961044, 0.0032743613701313734, -0.0038514421321451664, 0.0031179424840956926], [-4.556991916615516e-05, 0.002915342105552554, -0.0029841524083167315, 0.00020309681713115424, -0.002051219344139099, 0.0027234135195612907, -0.013794614002108574, 0.028216838836669922, -0.013477127999067307, 0.0039489190094172955, -0.006586816161870956, 0.004190395120531321, -0.0041184499859809875], [0.00014806199760641903, -0.002509297803044319, 0.003198803635314107, -0.00242751301266253, -0.0023709109518676996, -0.0023200686555355787, 0.005448570474982262, -0.013477127999067307, 0.026485523208975792, -0.013893850147724152, 0.00627434067428112, -0.0054726069793105125, 0.004237886052578688], [-0.0005927874590270221, -0.0022215689532458782, 0.0004813710111193359, 0.0021632853895425797, 0.0034321933053433895, -0.0013728297781199217, -0.004345741122961044, 0.0039489190094172955, -0.013893850147724152, 0.027685262262821198, -0.01343750860542059, 0.005278357770293951, -0.002071460708975792], [0.0008696409640833735, -0.0011458713561296463, -0.00430907541885972, 0.002120558638125658, -0.0020222871098667383, -0.0017291406402364373, 0.0032743613701313734, -0.006586816161870956, 0.00627434067428112, -0.01343750860542059, 0.02650442346930504, -0.004801281727850437, 0.0015678926138207316], [-0.00033721039653755724, 0.002249156590551138, 0.0018762554973363876, -0.006665690336376429, 0.0017532357014715672, 0.0030158888548612595, -0.0038514421321451664, 0.004190395120531321, -0.0054726069793105125, 0.005278357770293951, -0.004801281727850437, 0.018682826310396194, -0.009716861881315708], [0.00021970515081193298, -0.0014315505977720022, -0.003110448131337762, 3.5215503885410726e-05, -0.001033087377436459, -0.0005276331794448197, 0.0031179424840956926, -0.0041184499859809875, 0.004237886052578688, -0.002071460708975792, 0.0015678926138207316, -0.009716861881315708, 0.02542959153652191]], "metadata.audio_properties.analysis.downmix": "mix", "metadata.audio_properties.codec": "mp3", "metadata.audio_properties.md5_encoded": "5e17dcdce73217e399be6434cb189bcb", "metadata.tags.file_name": "1183710394980765717.mp3", "metadata.version.essentia": "2.1-beta6-dev", "metadata.version.essentia_git_sha": "v2.1_beta5-1110-g77a6a954", "metadata.version.extractor": "music 2.0", "tonal.chords_key": "A", "tonal.chords_scale": "major", "tonal.key_edma.key": "D", "tonal.key_ed