{"song_id": "1183719182995558452", "download": "https://cdn.discordapp.com/attachments/1135903449314238464/1183719182995558452/chirp.mp4?ex=65895b65&amp", "lyrics": "[Verse]\nIn eighteen forty-six, the raccoons arose\nWith fierce determination, their strength disclosed\nBeneath moonlit sky, they prepared to fight\nThe Great Raccoon War began, an epic sight\n\n[Chorus]\nMarching on, hearts filled with grit\nUnited we stand, against foes we'll never quit\nThrough battles we'll forge, with courage and pride\nIn the Great Raccoon War, side by side we'll stride", "style": ["Memphis cult"], "essentia_features": {"lowlevel.average_loudness": 0.9836151003837585, "lowlevel.barkbands_crest.mean": 9.638436317443848, "lowlevel.barkbands_crest.stdev": 3.828613758087158, "lowlevel.barkbands_flatness_db.mean": 0.11108559370040894, "lowlevel.barkbands_flatness_db.stdev": 0.03474687039852142, "lowlevel.barkbands_kurtosis.mean": 2.036527395248413, "lowlevel.barkbands_kurtosis.stdev": 4.58900260925293, "lowlevel.barkbands_skewness.mean": 1.4166187047958374, "lowlevel.barkbands_skewness.stdev": 1.0279655456542969, "lowlevel.barkbands_spread.mean": 32.9973258972168, "lowlevel.barkbands_spread.stdev": 11.92023754119873, "lowlevel.dissonance.mean": 0.4869830906391144, "lowlevel.dissonance.stdev": 0.009590940549969673, "lowlevel.dynamic_complexity": 1.20355224609375, "lowlevel.erbbands_crest.mean": 6.343894004821777, "lowlevel.erbbands_crest.stdev": 2.863079786300659, "lowlevel.erbbands_flatness_db.mean": 0.12791897356510162, "lowlevel.erbbands_flatness_db.stdev": 0.02646537683904171, "lowlevel.erbbands_kurtosis.mean": 0.05200526863336563, "lowlevel.erbbands_kurtosis.stdev": 1.141620397567749, "lowlevel.erbbands_skewness.mean": -0.41338974237442017, "lowlevel.erbbands_skewness.stdev": 0.4873330295085907, "lowlevel.erbbands_spread.mean": 46.63925552368164, "lowlevel.erbbands_spread.stdev": 17.37310218811035, "lowlevel.hfc.mean": 27.514923095703125, "lowlevel.hfc.stdev": 10.421189308166504, "lowlevel.loudness_ebu128.integrated": -14.187499046325684, "lowlevel.loudness_ebu128.loudness_range": 1.210017204284668, "lowlevel.loudness_ebu128.momentary.mean": -14.242490768432617, "lowlevel.loudness_ebu128.momentary.stdev": 0.6993815898895264, "lowlevel.loudness_ebu128.short_term.mean": -14.224142074584961, "lowlevel.loudness_ebu128.short_term.stdev": 0.48788291215896606, "lowlevel.melbands_crest.mean": 15.739892959594727, "lowlevel.melbands_crest.stdev": 4.156310081481934, "lowlevel.melbands_flatness_db.mean": 0.16613009572029114, "lowlevel.melbands_flatness_db.stdev": 0.047078244388103485, "lowlevel.melbands_kurtosis.mean": 14.237848281860352, "lowlevel.melbands_kurtosis.stdev": 17.344894409179688, "lowlevel.melbands_skewness.mean": 3.150887966156006, "lowlevel.melbands_skewness.stdev": 1.6860299110412598, "lowlevel.melbands_spread.mean": 30.56461524963379, "lowlevel.melbands_spread.stdev": 17.056110382080078, "lowlevel.pitch_salience.mean": 0.5626252293586731, "lowlevel.pitch_salience.stdev": 0.10301684588193893, "lowlevel.silence_rate_20dB.mean": 1.0, "lowlevel.silence_rate_20dB.stdev": 0.0, "lowlevel.silence_rate_30dB.mean": 0.9871345162391663, "lowlevel.silence_rate_30dB.stdev": 0.11269455403089523, "lowlevel.silence_rate_60dB.mean": 0.0005847953143529594, "lowlevel.silence_rate_60dB.stdev": 0.024175792932510376, "lowlevel.spectral_centroid.mean": 1839.406005859375, "lowlevel.spectral_centroid.stdev": 526.6932373046875, "lowlevel.spectral_complexity.mean": 33.571929931640625, "lowlevel.spectral_complexity.stdev": 8.492741584777832, "lowlevel.spectral_decrease.mean": -9.437263415179586e-09, "lowlevel.spectral_decrease.stdev": 7.950527347588832e-09, "lowlevel.spectral_energy.mean": 0.03811412304639816, "lowlevel.spectral_energy.stdev": 0.030491245910525322, "lowlevel.spectral_energyband_high.mean": 0.0014668797375634313, "lowlevel.spectral_energyband_high.stdev": 0.0007814596756361425, "lowlevel.spectral_energyband_low.mean": 0.018060319125652313, "lowlevel.spectral_energyband_low.stdev": 0.02769169583916664, "lowlevel.spectral_energyband_middle_high.mean": 0.006824756972491741, "lowlevel.spectral_energyband_middle_high.stdev": 0.00365672935731709, "lowlevel.spectral_energyband_middle_low.mean": 0.013196579180657864, "lowlevel.spectral_energyband_middle_low.stdev": 0.015257281251251698, "lowlevel.spectral_entropy.mean": 7.9394121170043945, "lowlevel.spectral_entropy.stdev": 0.14497633278369904, "lowlevel.spectral_flux.mean": 0.1147717535495758, "lowlevel.spectral_flux.stdev": 0.06697842478752136, "lowlevel.spectral_kurtosis.mean": 3.106717824935913, "lowlevel.spectral_kurtosis.stdev": 1.0515390634536743, "lowlevel.spectral_rms.mean": 0.0057732886634767056, "lowlevel.spectral_rms.stdev": 0.001963085262104869, "lowlevel.spectral_rolloff.mean": 1807.89697265625, "lowlevel.spectral_rolloff.stdev": 1149.6395263671875, "lowlevel.spectral_skewness.mean": 1.1760146617889404, "lowlevel.spectral_skewness.stdev": 0.21610814332962036, "lowlevel.spectral_spread.mean": 4457195.5, "lowlevel.spectral_spread.stdev": 810682.875, "lowlevel.spectral_strongpeak.mean": 0.5725149512290955, "lowlevel.spectral_strongpeak.stdev": 0.5310118794441223, "lowlevel.zerocrossingrate.mean": 0.07376016676425934, "lowlevel.zerocrossingrate.stdev": 0.02446659281849861, "metadata.audio_properties.analysis.equal_loudness": 0.0, "metadata.audio_properties.analysis.length": 39.678955078125, "metadata.audio_properties.analysis.sample_rate": 44100.0, "metadata.audio_properties.analysis.start_time": 0.0, "metadata.audio_properties.bit_rate": 116263.0, "metadata.audio_properties.length": 39.68000030517578, "metadata.audio_properties.lossless": 0.0, "metadata.audio_properties.number_channels": 1.0, "metadata.audio_properties.replay_gain": -11.560070037841797, "metadata.audio_properties.sample_rate": 48000.0, "rhythm.beats_count": 64.0, "rhythm.beats_loudness.mean": 0.04489355534315109, "rhythm.beats_loudness.stdev": 0.011865631677210331, "rhythm.bpm": 96.92442321777344, "rhythm.bpm_histogram_first_peak_bpm": 98.0, "rhythm.bpm_histogram_first_peak_weight": 0.3965517282485962, "rhythm.bpm_histogram_second_peak_bpm": 103.0, "rhythm.bpm_histogram_second_peak_spread": 0.40000003576278687, "rhythm.bpm_histogram_second_peak_weight": 0.0476190485060215, "rhythm.danceability": 2.084498643875122, "rhythm.onset_rate": 3.1238574981689453, "tonal.chords_changes_rate": 0.07009346038103104, "tonal.chords_number_rate": 0.009345794096589088, "tonal.chords_strength.mean": 0.568128228187561, "tonal.chords_strength.stdev": 0.08585116267204285, "tonal.hpcp_crest.mean": 10.644561767578125, "tonal.hpcp_crest.stdev": 5.083737373352051, "tonal.hpcp_entropy.mean": 2.5852699279785156, "tonal.hpcp_entropy.stdev": 0.7775306701660156, "tonal.key_edma.strength": 0.677437961101532, "tonal.key_krumhansl.strength": 0.6643348932266235, "tonal.key_temperley.strength": 0.65094393491745, "tonal.tuning_diatonic_strength": 0.5865145325660706, "tonal.tuning_equal_tempered_deviation": 0.12271183729171753, "tonal.tuning_frequency": 436.20416259765625, "tonal.tuning_nontempered_energy_ratio": 0.8222475051879883, "lowlevel.barkbands.mean": [0.00021306051348801702, 0.009318294003605843, 0.007168739102780819, 0.0041388943791389465, 0.006354287266731262, 0.000875628087669611, 0.0003084531344939023, 0.0005217800498940051, 0.0008667271467857063, 0.0004616973747033626, 0.0006282028625719249, 0.0008782652439549565, 0.0006001396686770022, 0.0004328726208768785, 0.0007901646895334125, 0.0008188196807168424, 0.000879479106515646, 0.0005098188412375748, 0.0006366943707689643, 0.00043695990461856127, 0.0005495285731740296, 0.0003054544795304537, 0.0001704218448139727, 9.502745524514467e-05, 8.145451283780858e-05, 7.280803401954472e-05, 4.56138764093339e-07], "lowlevel.barkbands.stdev": [0.00016082580259535462, 0.017036885023117065, 0.011438697576522827, 0.0043358588591217995, 0.012752790935337543, 0.0015170788392424583, 0.0007695078966207802, 0.0011152793886139989, 0.0014651117380708456, 0.000638545723631978, 0.0010132581228390336, 0.0010357816936448216, 0.0008692506235092878, 0.0005795892211608589, 0.0009358120150864124, 0.0008144868770614266, 0.0007339038420468569, 0.0003337428788654506, 0.0004356842255219817, 0.0002585176844149828, 0.0003278143412899226, 0.00021542141621466726, 0.00013592107279691845, 7.545890548499301e-05, 7.077190821291879e-05, 9.252606832887977e-05, 1.5113519111764617e-06], "lowlevel.erbbands.mean": [0.11758055537939072, 2.624079465866089, 8.465218544006348, 10.528984069824219, 24.301311492919922, 16.78080940246582, 8.523595809936523, 6.871586799621582, 3.95976185798645, 8.63446044921875, 11.846270561218262, 20.417062759399414, 14.725886344909668, 17.740482330322266, 30.05015754699707, 36.37607955932617, 29.91353416442871, 22.403730392456055, 35.52462387084961, 40.26667022705078, 47.82261657714844, 50.3288459777832, 31.453481674194336, 29.79374122619629, 30.430604934692383, 19.88445281982422, 20.594457626342773, 20.71623992919922, 12.71701431274414, 5.925599098205566, 4.721363067626953, 2.3460283279418945, 1.5045300722122192, 0.8849191069602966, 0.5678159594535828, 0.3335510492324829, 0.13838377594947815, 0.01382172666490078, 0.000278779974905774, 5.707145101041533e-05], "lowlevel.erbbands.stdev": [0.24003736674785614, 4.6917524337768555, 13.674460411071777, 10.374234199523926, 42.31062316894531, 32.41196823120117, 14.083158493041992, 11.710662841796875, 9.874124526977539, 20.88271141052246, 23.667194366455078, 33.78867721557617, 19.718124389648438, 26.783472061157227, 48.2143440246582, 40.70317459106445, 38.53358459472656, 28.798728942871094, 40.683753967285156, 41.207557678222656, 45.33040237426758, 41.92140197753906, 19.63723373413086, 19.767271041870117, 20.219221115112305, 11.534104347229004, 12.078316688537598, 13.161171913146973, 8.71314811706543, 4.890938758850098, 3.8047471046447754, 1.9593297243118286, 1.191001534461975, 0.7298294901847839, 0.5491009950637817, 0.3981595039367676, 0.18797585368156433, 0.02111120894551277, 0.0003772728086914867, 3.5515258787199855e-05], "lowlevel.gfcc.mean": [48.83085250854492, 67.05787658691406, -123.12577056884766, 54.53337097167969, -43.59879684448242, 24.356407165527344, -34.092838287353516, 8.343012809753418, -35.28905487060547, -1.393783450126648, -31.013063430786133, -1.075920581817627, -16.192047119140625], "lowlevel.melbands.mean": [0.0018837975803762674, 0.004128395579755306, 0.0023367409594357014, 0.0016313828527927399, 0.0003333429922349751, 0.0001514391478849575, 5.9716923715313897e-05, 9.939607843989506e-05, 0.00010319366992916912, 0.0001307217316934839, 7.138055661926046e-05, 6.895700062159449e-05, 8.666265057399869e-05, 9.582372877048329e-05, 8.93927353899926e-05, 5.6537610362283885e-05, 3.901642048731446e-05, 5.401720045483671e-05, 5.833026807522401e-05, 5.414480256149545e-05, 5.532427894650027e-05, 5.495127697940916e-05, 3.726979412022047e-05, 2.161628071917221e-05, 2.427848448860459e-05, 2.370977381360717e-05, 1.91208346222993e-05, 1.1637333955150098e-05, 1.1820198778877966e-05, 1.4624055438616779e-05, 1.0822413969435729e-05, 8.075086952885613e-06, 4.076881850778591e-06, 3.004453901667148e-06, 2.9045165774732595e-06, 1.9735985006263945e-06, 1.3016378943575546e-06, 1.1563168982320349e-06, 8.667313977639424e-07, 6.965007059989148e-07], "lowlevel.melbands.stdev": [0.0035569965839385986, 0.00660749152302742, 0.002211654558777809, 0.003187568159773946, 0.0005369838909246027, 0.00025622756220400333, 0.00015129719395190477, 0.00024079327704384923, 0.0002174705296056345, 0.0002185734047088772, 0.00010084644600283355, 0.00010759137512650341, 0.00013529897842090577, 0.0001210494083352387, 0.00011290033580735326, 8.551575592719018e-05, 5.7859899243339896e-05, 6.54207615298219e-05, 7.539497164543718e-05, 5.5127005907706916e-05, 5.356450492399745e-05, 5.138341657584533e-05, 2.611785748740658e-05, 1.4413332792173605e-05, 1.734036413836293e-05, 1.782129766070284e-05, 1.2589000107254833e-05, 7.452067620761227e-06, 7.622083558089798e-06, 9.555535143590532e-06, 7.4018062150571495e-06, 5.8029113461088855e-06, 3.426158627917175e-06, 2.6597099349601194e-06, 2.3840202629799023e-06, 1.819547833292745e-06, 1.1401691608625697e-06, 9.816433248488465e-07, 7.098582841535972e-07, 6.277639954532788e-07], "lowlevel.melbands128.mean": [6.440682045649737e-05, 0.0003601264616008848, 0.002487085061147809, 0.005057990550994873, 0.00487801618874073, 0.0032181977294385433, 0.0018212167778983712, 0.002393506933003664, 0.0026005893014371395, 0.00202076300047338, 0.0006428232882171869, 0.00038381482590921223, 0.00026698183501139283, 0.00023785517259966582, 0.00018532696412876248, 8.311979763675481e-05, 5.168248026166111e-05, 5.835521005792543e-05, 6.193199806148186e-05, 0.00010521223157411441, 0.00012277092901058495, 6.897687126183882e-05, 0.00011075240036007017, 0.0001210350965266116, 0.00012907321797683835, 0.00016181256796699017, 6.991229020059109e-05, 6.42398590571247e-05, 6.162111094454303e-05, 7.10244057700038e-05, 7.41605254006572e-05, 6.251603190321475e-05, 6.198621849762276e-05, 0.00014733044372405857, 7.895358430687338e-05, 8.10950732557103e-05, 0.00011156131949974224, 0.00010665271111065522, 6.197523907758296e-05, 6.225654215086251e-05, 6.372966163326055e-05, 3.381262285984121e-05, 3.378395194886252e-05, 4.5982334995642304e-05, 4.1913717723218724e-05, 6.06243520451244e-05, 5.911278276471421e-05, 6.385263259289786e-05, 5.602099554380402e-05, 4.7251509386114776e-05, 5.2284973207861185e-05, 6.465413753176108e-05, 5.5545009672641754e-05, 4.988014552509412e-05, 5.545570093090646e-05, 6.16617762716487e-05, 4.868872565566562e-05, 4.2109644709853455e-05, 3.311666660010815e-05, 2.7731295631383546e-05, 1.889582199510187e-05, 1.8248487322125584e-05, 2.407540705462452e-05, 2.7099989893031307e-05, 2.292638055223506e-05, 2.528862933104392e-05, 2.2047443053452298e-05, 2.15735435631359e-05, 2.050768853223417e-05, 1.3750132893619593e-05, 9.925754966388922e-06, 1.1643377547443379e-05, 1.0819420822372194e-05, 1.1947389793931507e-05, 1.2509289263107348e-05, 1.4685926544188987e-05, 1.668510230956599e-05, 1.2664206224144436e-05, 9.917685019900091e-06, 8.58485418575583e-06, 9.469317774346564e-06, 7.671412276977208e-06, 5.227589099376928e-06, 3.7584004530799575e-06, 2.9872737741243327e-06, 3.028819037353969e-06, 2.756925368885277e-06, 3.4014024095085915e-06, 2.9079074010951445e-06, 2.674967618077062e-06, 2.4533751457056496e-06, 1.842172991928237e-06, 1.0562780516920611e-06, 1.0797530194395222e-06, 1.637012019273243e-06, 1.5046418866404565e-06, 9.600447583579808e-07, 7.574128062515229e-07, 9.275082106796617e-07, 9.924789310389315e-07, 5.633659725390316e-07, 8.114260481306701e-07, 5.36073684997973e-07, 6.795394256187137e-07, 5.203863793212804e-07, 7.894425380072789e-07, 6.258209168663598e-07, 5.508987328539661e-07, 5.808959144815162e-07, 5.805362661703839e-07, 5.357069312594831e-07, 5.06426033552998e-07, 4.5160430772739346e-07, 4.204864012535836e-07, 2.978100610562251e-07, 1.20129172387351e-07, 2.0975903680664487e-08, 1.6575080197256398e-10, 4.927367541762706e-12, 4.750460008001722e-12, 4.612359973121816e-12, 4.507702804773528e-12, 4.39999295678839e-12, 4.314632418705999e-12, 4.216291812214612e-12, 4.0998792902313674e-12, 4.031186408987031e-12, 4.0030890928466345e-12], "lowlevel.melbands128.stdev": [7.46997247915715e-05, 0.0008926688460633159, 0.00515252910554409, 0.00905370432883501, 0.008267833851277828, 0.0049561792984604836, 0.002170900348573923, 0.002662450075149536, 0.00518205389380455, 0.004851727746427059, 0.001311647123657167, 0.0007993628387339413, 0.0005323794903233647, 0.0005233204574324191, 0.000355357798980549, 0.000190490172826685, 0.00013520914944820106, 0.000235965198953636, 0.00017132933135144413, 0.0003165990056004375, 0.0003470013616606593, 0.00019532066653482616, 0.0003141365305054933, 0.00036199623718857765, 0.00027643234352581203, 0.00034403798053972423, 0.00017561040294822305, 0.00010729044151958078, 0.0001275676186196506, 0.00013322387530934066, 0.0001674551167525351, 0.00013880607730243355, 0.0001058572088368237, 0.0003250532899983227, 0.00014502494013868272, 0.00013827081420458853, 0.0001580595999257639, 0.00017167207261081785, 0.00012338046508375555, 0.00011229798838030547, 0.00012710588634945452, 4.842813723371364e-05, 8.596671250415966e-05, 7.234906661324203e-05, 6.674096221104264e-05, 9.899312863126397e-05, 8.421812526648864e-05, 0.00011507322051329538, 8.6387743067462e-05, 5.917785892961547e-05, 6.50300644338131e-05, 9.86108134384267e-05, 6.479435978690162e-05, 5.693804632755928e-05, 6.433344969991595e-05, 8.065428846748546e-05, 5.086597229819745e-05, 3.887282218784094e-05, 2.9909455406595953e-05, 2.4772674805717543e-05, 1.6126006812555715e-05, 1.6196854630834423e-05, 2.0732497432618402e-05, 2.474488428561017e-05, 2.0076375221833587e-05, 2.3861337467678823e-05, 2.1096602722536772e-05, 1.9283153960714117e-05, 1.6425332432845607e-05, 1.1577124496398028e-05, 8.373767741431948e-06, 9.2383370429161e-06, 8.984782652987633e-06, 1.010567484627245e-05, 9.498782674199902e-06, 1.1611065929173492e-05, 1.3587536159320734e-05, 1.062203045876231e-05, 8.403248102695215e-06, 7.2069037742039654e-06, 8.35544960864354e-06, 6.501938969449839e-06, 4.70562281407183e-06, 3.820966412604321e-06, 3.458559604041511e-06, 3.2622517665004125e-06, 2.829515551638906e-06, 3.1652798497816548e-06, 2.6444843115314143e-06, 2.5870458557619713e-06, 2.6453831196704414e-06, 1.971714937099023e-06, 1.185228597933019e-06, 1.134380227085785e-06, 1.6219387362070847e-06, 1.4752138213225408e-06, 9.878017408482265e-07, 7.578866529911465e-07, 8.653858571960882e-07, 9.359640102957201e-07, 5.74546106690832e-07, 8.619557547717704e-07, 5.945948373664578e-07, 7.881074566284951e-07, 6.072817768654204e-07, 9.400138765158772e-07, 7.906535870461084e-07, 6.937473813195538e-07, 8.11005065770587e-07, 8.358671266250894e-07, 7.911984312158893e-07, 7.301012487914704e-07, 6.692903298244346e-07, 6.872750191178056e-07, 4.947641514263523e-07, 2.725387560076342e-07, 6.065322111226124e-08, 1.7497797655252612e-09, 7.989095496263587e-12, 7.767537481273568e-12, 7.575769872536497e-12, 7.406455657110733e-12, 7.257415588629579e-12, 7.130163647006693e-12, 7.024509446340588e-12, 6.94083766156206e-12, 6.879414139043805e-12, 6.841676964547405e-12], "lowlevel.mfcc.mean": [-589.1232299804688, 91.71172332763672, -11.286969184875488, 36.340572357177734, 11.709650993347168, 20.26513671875, 9.836653709411621, 9.979174613952637, 6.6600751876831055, -2.9507529735565186, -5.44503116607666, -2.2103099822998047, -6.025774002075195], "lowlevel.spectral_contrast_coeffs.mean": [-0.6528864502906799, -0.7958468794822693, -0.7999830842018127, -0.8067529201507568, -0.8027673363685608, -0.7012379169464111], "lowlevel.spectral_contrast_coeffs.stdev": [0.06838567554950714, 0.059534911066293716, 0.041844721883535385, 0.034438904374837875, 0.0233259629458189, 0.028329718858003616], "lowlevel.spectral_contrast_valleys.mean": [-6.496641635894775, -6.829885005950928, -6.804682731628418, -6.783463001251221, -6.575986385345459, -9.767074584960938], "lowlevel.spectral_contrast_valleys.stdev": [0.6689756512641907, 0.49272051453590393, 0.43268635869026184, 0.34599384665489197, 0.29114779829978943, 0.41819608211517334], "rhythm.beats_loudness_band_ratio.mean": [0.49927598237991333, 0.492382675409317, 0.05565604940056801, 0.06466663628816605, 0.0819610133767128, 0.06902448832988739], "rhythm.beats_loudness_band_ratio.stdev": [0.09340237826108932, 0.12600065767765045, 0.0350513830780983, 0.04002247750759125, 0.045362308621406555, 0.038800787180662155], "tonal.hpcp.mean": [0.1201566830277443, 0.06826181709766388, 0.1216321587562561, 0.1866503357887268, 0.11961572617292404, 0.04802121967077255, 0.04057827964425087, 0.04881875216960907, 0.12976393103599548, 0.2060331553220749, 0.14452485740184784, 0.06340902298688889, 0.05121445283293724, 0.05731344595551491, 0.06903833150863647, 0.07132238894701004, 0.07583551853895187, 0.10707063227891922, 0.1311749666929245, 0.10820338875055313, 0.08021575957536697, 0.08805294334888458, 0.15197665989398956, 0.3690125346183777, 0.49834004044532776, 0.2881971299648285, 0.08392809331417084, 0.04840664938092232, 0.04288691654801369, 0.04743562638759613, 0.05760305002331734, 0.06565834581851959, 0.11844438314437866, 0.16426655650138855, 0.148884117603302, 0.1496795415878296], "tonal.hpcp.stdev": [0.20548555254936218, 0.1441487818956375, 0.23962827026844025, 0.33393290638923645, 0.234271839261055, 0.1261870563030243, 0.09156347811222076, 0.10091044008731842, 0.19703008234500885, 0.26656267046928406, 0.19391164183616638, 0.10510363429784775, 0.11758274585008621, 0.13165244460105896, 0.16027122735977173, 0.1514499932527542, 0.1525121033191681, 0.17739954590797424, 0.2106000930070877, 0.20867036283016205, 0.16303974390029907, 0.1743638813495636, 0.2384982854127884, 0.3453821837902069, 0.3878196179866791, 0.296845942735672, 0.1676362305879593, 0.13310891389846802, 0.12658555805683136, 0.1343417763710022, 0.14223894476890564, 0.135721817612648, 0.24172310531139374, 0.3037133514881134, 0.26784977316856384, 0.24536699056625366], "rhythm.beats_position": [0.5572788715362549, 1.1377778053283691, 1.7182766199111938, 2.287165403366089, 2.8560543060302734, 3.4365532398223877, 4.0634918212890625, 4.667210578918457, 5.294149398803711, 5.909478187561035, 6.524806976318359, 7.151745796203613, 7.7670745849609375, 8.382403373718262, 9.009342193603516, 9.62467098236084, 10.239999771118164, 10.866938591003418, 11.482267379760742, 12.097596168518066, 12.72453498840332, 13.339863777160645, 13.955192565917969, 14.570521354675293, 15.185850143432617, 15.812788963317871, 16.428117752075195, 17.043445587158203, 17.670385360717773, 18.28571319580078, 18.901042938232422, 19.51637077331543, 20.13170051574707, 20.758638381958008, 21.36235809326172, 21.989295959472656, 22.616235733032227, 23.219953536987305, 23.846893310546875, 24.462221145629883, 25.077550888061523, 25.70448875427246, 26.3198184967041, 26.93514633178711, 27.56208610534668, 28.177413940429688, 28.792743682861328, 29.408071517944336, 30.023401260375977, 30.650339126586914, 31.277278900146484, 31.892606735229492, 32.5079345703125, 33.1348762512207, 33.73859405517578, 34.36553192138672, 34.992469787597656, 35.59619140625, 36.22312927246094, 36.83845901489258, 37.45378494262695, 38.080726623535156, 38.707664489746094, 39.346214294433594], "rhythm.bpm_histogram": [0.0, 0.0, 0.0, 0.0, 0.0, 0.0, 0.0, 0.0, 0.0, 0.0, 0.0, 0.0, 0.0, 0.0, 0.0, 0.0, 0.0, 0.0, 0.0, 0.0, 0.0, 0.0, 0.0, 0.0, 0.0, 0.0, 0.0, 0.0, 0.0, 0.0, 0.0, 0.0, 0.0, 0.0, 0.0, 0.0, 0.0, 0.0, 0.0, 0.0, 0.0, 0.0, 0.0, 0.0, 0.0, 0.0, 0.0, 0.0, 0.0, 0.0, 0.0, 0.0, 0.0, 0.0, 0.0, 0.0, 0.0, 0.0, 0.0, 0.0, 0.0, 0.0, 0.0, 0.0, 0.0, 0.0, 0.0, 0.0, 0.0, 0.0, 0.0, 0.0, 0.0, 0.0, 0.0, 0.0, 0.0, 0.0, 0.0, 0.0, 0.0, 0.0, 0.0, 0.0, 0.0, 0.0, 0.0, 0.0, 0.0, 0.0, 0.0, 0.0, 0.0, 0.0, 0.01587301678955555, 0.0, 0.3492063581943512, 0.0, 0.4761904776096344, 0.0793650820851326, 0.0, 0.0, 0.0, 0.0476190485060215, 0.0, 0.0317460335791111, 0.0, 0.0, 0.0, 0.0, 0.0, 0.0, 0.0, 0.0, 0.0, 0.0, 0.0, 0.0, 0.0, 0.0, 0.0, 0.0, 0.0, 0.0, 0.0, 0.0, 0.0, 0.0, 0.0, 0.0, 0.0, 0.0, 0.0, 0.0, 0.0, 0.0, 0.0, 0.0, 0.0, 0.0, 0.0, 0.0, 0.0, 0.0, 0.0, 0.0, 0.0, 0.0, 0.0, 0.0, 0.0, 0.0, 0.0, 0.0, 0.0, 0.0, 0.0, 0.0, 0.0, 0.0, 0.0, 0.0, 0.0, 0.0, 0.0, 0.0, 0.0, 0.0, 0.0, 0.0, 0.0, 0.0, 0.0, 0.0, 0.0, 0.0, 0.0, 0.0, 0.0, 0.0, 0.0, 0.0, 0.0, 0.0, 0.0, 0.0, 0.0, 0.0, 0.0, 0.0, 0.0, 0.0, 0.0, 0.0, 0.0, 0.0, 0.0, 0.0, 0.0, 0.0, 0.0, 0.0, 0.0, 0.0, 0.0, 0.0, 0.0, 0.0, 0.0, 0.0, 0.0, 0.0, 0.0, 0.0, 0.0, 0.0, 0.0, 0.0, 0.0, 0.0, 0.0, 0.0, 0.0, 0.0, 0.0, 0.0, 0.0, 0.0, 0.0, 0.0, 0.0, 0.0, 0.0, 0.0, 0.0, 0.0, 0.0, 0.0, 0.0, 0.0, 0.0, 0.0, 0.0, 0.0, 0.0, 0.0, 0.0, 0.0, 0.0, 0.0], "tonal.chords_histogram": [3.7383177280426025, 4.556074619293213, 28.50467300415039, 6.074766159057617, 0.0, 0.0, 0.0, 24.065420150756836, 2.45327091217041, 28.271028518676758, 0.0, 0.0, 1.8691588640213013, 0.0, 0.0, 0.0, 0.0, 0.0, 0.3504672944545746, 0.11682242900133133, 0.0, 0.0, 0.0, 0.0], "tonal.thpcp": [1.0, 0.5783142447471619, 0.16841530799865723, 0.09713578224182129, 0.08605954051017761, 0.09518726915121078, 0.11558984965085983, 0.1317541003227234, 0.23767784237861633, 0.32962745428085327, 0.2987600862979889, 0.3003562390804291, 0.2411138415336609, 0.1369783878326416, 0.24407462775707245, 0.3745441138744354, 0.24002832174301147, 0.09636235237121582, 0.08142688870429993, 0.09796272963285446, 0.26039233803749084, 0.4134388864040375, 0.29001253843307495, 0.12724047899246216, 0.10277009755373001, 0.11500871181488037, 0.13853658735752106, 0.1431199312210083, 0.15217624604701996, 0.21485456824302673, 0.2632238268852234, 0.21712762117385864, 0.1609659194946289, 0.17669248580932617, 0.3049657940864563, 0.7404834032058716], "lowlevel.gfcc.cov": [[654.2492065429688, 24.04990577697754, 139.40036010742188, 0.9677523374557495, -27.327409744262695, -13.684921264648438, -35.3253059387207, -6.047048091888428, 6.522752285003662, 37.3086051940918, -5.467952251434326, 22.362749099731445, -10.79031753540039], [24.04990577697754, 475.1072998046875, -104.06950378417969, 141.3615264892578, 33.67076110839844, 21.50252342224121, 87.87676239013672, 14.871749877929688, 67.48167419433594, -42.99470901489258, 100.14079284667969, -50.901371002197266, 88.54954528808594], [139.40036010742188, -104.06950378417969, 491.841796875, -9.619879722595215, 57.67173767089844, -64.79798889160156, -63.71604537963867, -25.077789306640625, -0.44868743419647217, 96.14248657226562, -29.387958526611328, 109.24007415771484, -38.02585220336914], [0.9677523374557495, 141.3615264892578, -9.619879722595215, 230.7490234375, 91.8648910522461, 83.1960678100586, 60.70169448852539, 17.789854049682617, 44.46208190917969, -26.483076095581055, 59.06521224975586, -22.886106491088867, 56.95530700683594], [-27.327409744262695, 33.67076110839844, 57.67173767089844, 91.8648910522461, 212.2711639404297, 96.60862731933594, 79.78591918945312, 56.3054313659668, 36.56230163574219, 28.40082359313965, 2.8171441555023193, 10.555071830749512, 12.813969612121582], [-13.684921264648438, 21.50252342224121, -64.79798889160156, 83.1960678100586, 96.60862731933594, 159.91175842285156, 113.35301971435547, 52.464744567871094, 15.14046573638916, -20.54206657409668, 28.03015899658203, -25.848546981811523, 12.734471321105957], [-35.3253059387207, 87.87676239013672, -63.71604537963867, 60.70169448852539, 79.78591918945312, 113.35301971435547, 162.6551513671875, 71.20812225341797, 26.578693389892578, -18.90520477294922, 31.521114349365234, -24.3460636138916, 9.071929931640625], [-6.047048091888428, 14.871749877929688, -25.077789306640625, 17.789854049682617, 56.3054313659668, 52.464744567871094, 71.20812225341797, 96.95146179199219, 48.135433197021484, 17.018430709838867, 8.29811954498291, -8.725761413574219, -0.8646067976951599], [6.522752285003662, 67.48167419433594, -0.44868743419647217, 44.46208190917969, 36.56230163574219, 15.14046573638916, 26.578693389892578, 48.135433197021484, 90.5500259399414, 38.932960510253906, 22.946292877197266, -13.060887336730957, 9.469400405883789], [37.3086051940918, -42.99470901489258, 96.14248657226562, -26.483076095581055, 28.40082359313965, -20.54206657409668, -18.90520477294922, 17.018430709838867, 38.932960510253906, 91.82200622558594, 9.88552188873291, 31.749025344848633, -17.94670867919922], [-5.467952251434326, 100.14079284667969, -29.387958526611328, 59.06521224975586, 2.8171441555023193, 28.03015899658203, 31.521114349365234, 8.29811954498291, 22.946292877197266, 9.88552188873291, 81.1440200805664, 10.845409393310547, 29.372812271118164], [22.362749099731445, -50.901371002197266, 109.24007415771484, -22.886106491088867, 10.555071830749512, -25.848546981811523, -24.3460636138916, -8.725761413574219, -13.060887336730957, 31.749025344848633, 10.845409393310547, 76.07025146484375, 8.399530410766602], [-10.79031753540039, 88.54954528808594, -38.02585220336914, 56.95530700683594, 12.813969612121582, 12.734471321105957, 9.071929931640625, -0.8646067976951599, 9.469400405883789, -17.94670867919922, 29.372812271118164, 8.399530410766602, 62.453792572021484]], "lowlevel.gfcc.icov": [[0.0018501932499930263, -0.0010218003299087286, -0.00035961539833806455, -0.0005848780274391174, 0.0013487017713487148, -0.00161465210840106, 0.0009733543265610933, -0.000636357581242919, 0.000643888080958277, -0.0014340942725539207, 0.0017153932712972164, -0.0010087285190820694, 0.0008043207344599068], [-0.0010218003299087286, 0.007698880508542061, -0.0016458116006106138, 0.002378182951360941, -0.003927943762391806, 0.007061467505991459, -0.004785521887242794, 0.0024754786863923073, -0.0037995718885213137, 0.005527190398424864, -0.010450359433889389, 0.009684992954134941, -0.008390957489609718], [-0.00035961539833806455, -0.0016458116006106138, 0.005443826783448458, -0.0034685241989791393, 0.0004271120415069163, -0.00019842425535898656, 0.0002429886080790311, 0.0011595743708312511, 0.00038675713585689664, -0.003978576045483351, 0.005811410490423441, -0.009540055878460407, 0.006030608434230089], [-0.0005848780274391174, 0.002378182951360941, -0.0034685241989791393, 0.01299425307661295, -0.005849357228726149, -0.00015127076767385006, 0.0002622544125188142, 0.0027204430662095547, -0.005725308321416378, 0.008568177931010723, -0.011346922256052494, 0.009847010485827923, -0.008861974813044071], [0.0013487017713487148, -0.003927943762391806, 0.0004271120415069163, -0.005849357228726149, 0.013437023386359215, -0.008566434495151043, 2.6550618713372387e-05, -0.0027089198119938374, 0.002326367190107703, -0.009052659384906292, 0.012766721658408642, -0.008395777083933353, 0.0025157714262604713], [-0.00161465210840106, 0.007061467505991459, -0.00019842425535898656, -0.00015127076767385006, -0.008566434495151043, 0.023556044325232506, -0.011514485813677311, 0.00017946555453818291, 0.0005830788868479431, 0.005802867002785206, -0.012458798475563526, 0.011050480417907238, -0.005691885482519865], [0.0009733543265610933, -0.004785521887242794, 0.0002429886080790311, 0.0002622544125188142, 2.6550618713372387e-05, -0.011514485813677311, 0.020001204684376717, -0.009426887147128582, 0.0022543068043887615, 0.0020783129148185253, 0.000157195667270571, -0.0036122153978794813, 0.006835899315774441], [-0.000636357581242919, 0.0024754786863923073, 0.0011595743708312511, 0.0027204430662095547, -0.0027089198119938374, 0.00017946555453818291, -0.009426887147128582, 0.024089060723781586, -0.012894335202872753, 0.0011965623125433922, 0.0006243609241209924, -0.001516176969744265, -0.000963475788012147], [0.000643888080958277, -0.0037995718885213137, 0.00038675713585689664, -0.005725308321416378, 0.002326367190107703, 0.0005830788868479431, 0.0022543068043887615, -0.012894335202872753, 0.029478993266820908, -0.017034832388162613, 0.002708476036787033, 0.006070023402571678, -0.0016020089387893677], [-0.0014340942725539207, 0.005527190398424864, -0.003978576045483351, 0.008568177931010723, -0.009052659384906292, 0.005802867002785206, 0.0020783129148185253, 0.0011965623125433922, -0.017034832388162613, 0.034104809165000916, -0.017684627324342728, 0.001520776655524969, 0.0025641354732215405], [0.0017153932712972164, -0.010450359433889389, 0.005811410490423441, -0.011346922256052494, 0.012766721658408642, -0.012458798475563526, 0.000157195667270571, 0.0006243609241209924, 0.002708476036787033, -0.017684627324342728, 0.04144331067800522, -0.023991234600543976, 0.007149174809455872], [-0.0010087285190820694, 0.009684992954134941, -0.009540055878460407, 0.009847010485827923, -0.008395777083933353, 0.011050480417907238, -0.0036122153978794813, -0.001516176969744265, 0.006070023402571678, 0.001520776655524969, -0.023991234600543976, 0.04667513445019722, -0.02419901266694069], [0.0008043207344599068, -0.008390957489609718, 0.006030608434230089, -0.008861974813044071, 0.0025157714262604713, -0.005691885482519865, 0.006835899315774441, -0.000963475788012147, -0.0016020089387893677, 0.0025641354732215405, 0.007149174809455872, -0.02419901266694069, 0.040311481803655624]], "lowlevel.mfcc.cov": [[664.4505615234375, 29.623310089111328, 8.783829689025879, -0.4972124397754669, -26.84258270263672, -1.4710485935211182, -5.916588306427002, -0.5414050221443176, -7.429764747619629, 13.288711547851562, 9.295578002929688, -8.750733375549316, 5.0876359939575195], [29.623310089111328, 278.7541809082031, 11.416150093078613, 54.82452392578125, 2.647084951400757, -9.389477729797363, 8.460070610046387, -0.7363914251327515, 16.527769088745117, 3.509380578994751, 24.047977447509766, 15.31989574432373, 18.726110458374023], [8.783829689025879, 11.416150093078613, 293.0995178222656, 62.53835678100586, 23.103952407836914, -1.9276707172393799, -62.95219421386719, -46.2473030090332, -48.414180755615234, -16.562349319458008, -10.130846977233887, 6.18450403213501, 19.937999725341797], [-0.4972124397754669, 54.82452392578125, 62.53835678100586, 140.48678588867188, 71.52116394042969, 33.48646545410156, 8.452994346618652, 7.821928977966309, 20.71294593811035, 6.134344100952148, 6.492208480834961, 16.559789657592773, 26.191097259521484], [-26.84258270263672, 2.647084951400757, 23.103952407836914, 71.52116394042969, 134.1671600341797, 56.105960845947266, 17.645421981811523, 12.707758903503418, 36.352577209472656, 23.77658462524414, 6.477267742156982, 19.505434036254883, 18.325565338134766], [-1.4710485935211182, -9.389477729797363, -1.9276707172393799, 33.48646545410156, 56.105960845947266, 103.9608383178711, 71.37162780761719, 40.971473693847656, 22.451017379760742, 25.695932388305664, 9.119832038879395, 9.182619094848633, 2.6057322025299072], [-5.916588306427002, 8.460070610046387, -62.95219421386719, 8.452994346618652, 17.645421981811523, 71.37162780761719, 147.5806427001953, 93.11338806152344, 38.2627067565918, 19.915884017944336, 17.16588592529297, 13.002498626708984, 3.9301695823669434], [-0.5414050221443176, -0.7363914251327515, -46.2473030090332, 7.821928977966309, 12.707758903503418, 40.971473693847656, 93.11338806152344, 108.11341857910156, 48.494659423828125, 26.25679588317871, 10.845016479492188, 11.350215911865234, 4.5205607414245605], [-7.429764747619629, 16.527769088745117, -48.414180755615234, 20.71294593811035, 36.352577209472656, 22.451017379760742, 38.2627067565918, 48.494659423828125, 83.83311462402344, 43.52545166015625, 23.75588607788086, 13.922825813293457, 8.022849082946777], [13.288711547851562, 3.509380578994751, -16.562349319458008, 6.134344100952148, 23.77658462524414, 25.695932388305664, 19.915884017944336, 26.25679588317871, 43.52545166015625, 75.31121826171875, 38.038272857666016, 21.423452377319336, 3.666010856628418], [9.295578002929688, 24.047977447509766, -10.130846977233887, 6.492208480834961, 6.477267742156982, 9.119832038879395, 17.16588592529297, 10.845016479492188, 23.75588607788086, 38.038272857666016, 64.16199493408203, 31.6732234954834, 12.71772575378418], [-8.750733375549316, 15.31989574432373, 6.18450403213501, 16.559789657592773, 19.505434036254883, 9.182619094848633, 13.002498626708984, 11.350215911865234, 13.922825813293457, 21.423452377319336, 31.6732234954834, 59.200225830078125, 26.498178482055664], [5.0876359939575195, 18.726110458374023, 19.937999725341797, 26.191097259521484, 18.325565338134766, 2.6057322025299072, 3.9301695823669434, 4.5205607414245605, 8.022849082946777, 3.666010856628418, 12.71772575378418, 26.498178482055664, 50.05507278442383]], "lowlevel.mfcc.icov": [[0.0015625532250851393, -0.00016399615560658276, 9.205598871631082e-06, -0.00011182978778379038, 0.00044913639430887997, -0.0002442010154481977, 0.00023059069644659758, -0.00019662462000269443, 0.00038625928573310375, -0.0005852472968399525, -0.00020041142124682665, 0.0006313174962997437, -0.0004970208392478526], [-0.00016399615560658276, 0.004286710172891617, 1.0793324690894224e-05, -0.0021297913044691086, 0.000870614021550864, 0.0011493752244859934, -0.0011040042154490948, 0.0010618028463795781, -0.0009741963585838675, 0.0005420991219580173, -0.0013729629572480917, -2.473585664120037e-05, -0.00038633946678601205], [9.205598871631082e-06, 1.0793324690894224e-05, 0.0049383267760276794, -0.0022367951460182667, -0.00010861511691473424, -0.0010789696825668216, 0.0024988956283777952, -0.0008269050740636885, 0.003567685838788748, -0.0006900964071974158, 3.344453216413967e-05, -0.00010303435556124896, -0.0013024548534303904], [-0.00011182978778379038, -0.0021297913044691086, -0.0022367951460182667, 0.012697383761405945, -0.005091674625873566, -0.001806675922125578, 0.0006598674808628857, -0.000655040901619941, -0.002141212346032262, 0.0023003844544291496, -0.00023824567324481905, 0.00023828107805456966, -0.002870136871933937], [0.00044913639430887997, 0.000870614021550864, -0.00010861511691473424, -0.005091674625873566, 0.014832083135843277, -0.00709114084020257, 0.0018221469363197684, 0.002423895988613367, -0.005554665345698595, -0.0006876559345982969, 0.0027856819797307253, -0.0026642612647265196, -0.0014435662887990475], [-0.0002442010154481977, 0.0011493752244859934, -0.0010789696825668216, -0.001806675922125578, -0.00709114084020257, 0.021908456459641457, -0.011801599524915218, 0.0019736073445528746, 0.0033368910662829876, -0.005937566515058279, 0.0013501239009201527, 0.001121261972002685, 0.002137373434379697], [0.00023059069644659758, -0.0011040042154490948, 0.0024988956283777952, 0.0006598674808628857, 0.0018221469363197684, -0.011801599524915218, 0.022780273109674454, -0.0156411062926054, 0.001322012161836028, 0.004969712346792221, -0.004367363173514605, -0.0003856196126434952, -0.0006419547717086971], [-0.00019662462000269443, 0.0010618028463795781, -0.0008269050740636885, -0.000655040901619941, 0.002423895988613367, 0.0019736073445528746, -0.0156411062926054, 0.026155266910791397, -0.00965163018554449, -0.0030467610340565443, 0.005237223114818335, -0.001999524887651205, -0.0003313352062832564], [0.00038625928573310375, -0.0009741963585838675, 0.003567685838788748, -0.002141212346032262, -0.005554665345698595, 0.0033368910662829876, 0.001322012161836028, -0.00965163018554449, 0.027141036465764046, -0.010686911642551422, -0.002369785914197564, 0.0030148427467793226, -0.0019091236172243953], [-0.0005852472968399525, 0.0005420991219580173, -0.0006900964071974158, 0.0023003844544291496, -0.0006876559345982969, -0.005937566515058279, 0.004969712346792221, -0.0030467610340565443, -0.010686911642551422, 0.028057774528861046, -0.012373494915664196, -0.0028201492968946695, 0.003668383928015828], [-0.00020041142124682665, -0.0013729629572480917, 3.344453216413967e-05, -0.00023824567324481905, 0.0027856819797307253, 0.0013501239009201527, -0.004367363173514605, 0.005237223114818335, -0.002369785914197564, -0.012373494915664196, 0.029981300234794617, -0.011398396454751492, -0.0008722072816453874], [0.0006313174962997437, -2.473585664120037e-05, -0.00010303435556124896, 0.00023828107805456966, -0.0026642612647265196, 0.001121261972002685, -0.0003856196126434952, -0.001999524887651205, 0.0030148427467793226, -0.0028201492968946695, -0.011398396454751492, 0.030014144256711006, -0.012280188500881195], [-0.0004970208392478526, -0.00038633946678601205, -0.0013024548534303904, -0.002870136871933937, -0.0014435662887990475, 0.002137373434379697, -0.0006419547717086971, -0.0003313352062832564, -0.0019091236172243953, 0.003668383928015828, -0.0008722072816453874, -0.012280188500881195, 0.02945101261138916]], "metadata.audio_properties.analysis.downmix": "mix", "metadata.audio_properties.codec": "mp3", "metadata.audio_properties.md5_encoded": "adae7ffef3453ff44e7d9f002848d3e5", "metadata.tags.file_name": "1183719182995558452.mp3", "metadata.version.essentia": "2.1-beta6-dev", "metadata.version.essentia_git_sha": "v2.1_beta5-1110-g77a6a954", "metadata.version.extractor": "music 2.0", "tonal.chords_key": "F", "tonal.chords_scale": "minor", "tonal.key_edma.key": "Bb", "tonal.key_edma.scale": "minor", "tonal.key_krumhansl.key": "Bb", "tonal.key_krumhansl.scale": "minor", "tonal.key_temperley.key": "Bb", "tonal.key_temper