{"song_id": "1183704182658699336", "download": "https://cdn.discordapp.com/attachments/1128313332273782784/1183704182658699336/chirp.mp4?ex=65894d6d&amp", "lyrics": "I was drowning in the dark\nCouldn't see the light\nMy lungs were giving up\nI had no will to fight\nBut then you came along\nAnd pulled me from the deep\nYou taught me how to breathe\nYou gave me hope to keep\n\nYou're my pulmonary therapist\nYou make me feel alive\nYou're my pulmonary therapist\nYou help me to survive\nYou're the rhythm of my heart\nYou're the treadmill of my life\nYou're my pulmonary therapist\nYou're the reason why I strive\n\nYou put me on a path\nTo heal and to grow\nYou pushed me to the limit\nBut you never let me go\nYou showed me how to live\nAnd not to be afraid\nYou taught me how to breathe\nYou made me unafraid\n\nYou're my pulmonary therapist\nYou make me feel alive\nYou're my pulmonary therapist\nYou help me to survive\nThank you", "style": ["random"], "essentia_features": {"lowlevel.average_loudness": 0.45912909507751465, "lowlevel.barkbands_crest.mean": 17.566911697387695, "lowlevel.barkbands_crest.stdev": 6.780318737030029, "lowlevel.barkbands_flatness_db.mean": 0.3836304247379303, "lowlevel.barkbands_flatness_db.stdev": 0.16602389514446259, "lowlevel.barkbands_kurtosis.mean": 362.4924011230469, "lowlevel.barkbands_kurtosis.stdev": 1180.9908447265625, "lowlevel.barkbands_skewness.mean": 8.304422378540039, "lowlevel.barkbands_skewness.stdev": 14.160051345825195, "lowlevel.barkbands_spread.mean": 6.140486717224121, "lowlevel.barkbands_spread.stdev": 10.284523010253906, "lowlevel.dissonance.mean": 0.3332778811454773, "lowlevel.dissonance.stdev": 0.10850846767425537, "lowlevel.dynamic_complexity": 9.925792694091797, "lowlevel.erbbands_crest.mean": 19.117555618286133, "lowlevel.erbbands_crest.stdev": 7.88494348526001, "lowlevel.erbbands_flatness_db.mean": 0.34652426838874817, "lowlevel.erbbands_flatness_db.stdev": 0.11620570719242096, "lowlevel.erbbands_kurtosis.mean": 39.44107437133789, "lowlevel.erbbands_kurtosis.stdev": 67.0423812866211, "lowlevel.erbbands_skewness.mean": 3.1518964767456055, "lowlevel.erbbands_skewness.stdev": 3.52449369430542, "lowlevel.erbbands_spread.mean": 13.219974517822266, "lowlevel.erbbands_spread.stdev": 14.181435585021973, "lowlevel.hfc.mean": 4.034707546234131, "lowlevel.hfc.stdev": 8.876740455627441, "lowlevel.loudness_ebu128.integrated": -28.5711727142334, "lowlevel.loudness_ebu128.loudness_range": 12.029903411865234, "lowlevel.loudness_ebu128.momentary.mean": -33.474212646484375, "lowlevel.loudness_ebu128.momentary.stdev": 6.858977794647217, "lowlevel.loudness_ebu128.short_term.mean": -30.934911727905273, "lowlevel.loudness_ebu128.short_term.stdev": 4.088339328765869, "lowlevel.melbands_crest.mean": 21.454376220703125, "lowlevel.melbands_crest.stdev": 7.964745044708252, "lowlevel.melbands_flatness_db.mean": 0.44704580307006836, "lowlevel.melbands_flatness_db.stdev": 0.18801094591617584, "lowlevel.melbands_kurtosis.mean": 68.43669128417969, "lowlevel.melbands_kurtosis.stdev": 107.76950073242188, "lowlevel.melbands_skewness.mean": 3.7278919219970703, "lowlevel.melbands_skewness.stdev": 3.6755082607269287, "lowlevel.melbands_spread.mean": 10.302640914916992, "lowlevel.melbands_spread.stdev": 20.0589599609375, "lowlevel.pitch_salience.mean": 0.34726300835609436, "lowlevel.pitch_salience.stdev": 0.24900765717029572, "lowlevel.silence_rate_20dB.mean": 1.0, "lowlevel.silence_rate_20dB.stdev": 0.0, "lowlevel.silence_rate_30dB.mean": 0.9803012609481812, "lowlevel.silence_rate_30dB.stdev": 0.13896451890468597, "lowlevel.silence_rate_60dB.mean": 0.48493626713752747, "lowlevel.silence_rate_60dB.stdev": 0.49977391958236694, "lowlevel.spectral_centroid.mean": 740.3319702148438, "lowlevel.spectral_centroid.stdev": 959.7916259765625, "lowlevel.spectral_complexity.mean": 1.8731170892715454, "lowlevel.spectral_complexity.stdev": 1.6102287769317627, "lowlevel.spectral_decrease.mean": -3.3198792603883476e-09, "lowlevel.spectral_decrease.stdev": 7.141874203142606e-09, "lowlevel.spectral_energy.mean": 0.012895914725959301, "lowlevel.spectral_energy.stdev": 0.027749717235565186, "lowlevel.spectral_energyband_high.mean": 3.3771698326745536e-06, "lowlevel.spectral_energyband_high.stdev": 1.2507627616287209e-05, "lowlevel.spectral_energyband_low.mean": 4.4618413085117936e-05, "lowlevel.spectral_energyband_low.stdev": 0.00013528783165384084, "lowlevel.spectral_energyband_middle_high.mean": 0.00019552720186766237, "lowlevel.spectral_energyband_middle_high.stdev": 0.0008830680744722486, "lowlevel.spectral_energyband_middle_low.mean": 0.012713627889752388, "lowlevel.spectral_energyband_middle_low.stdev": 0.027587641030550003, "lowlevel.spectral_entropy.mean": 5.411003112792969, "lowlevel.spectral_entropy.stdev": 1.5372532606124878, "lowlevel.spectral_flux.mean": 0.026085736230015755, "lowlevel.spectral_flux.stdev": 0.03355269134044647, "lowlevel.spectral_kurtosis.mean": 29.805728912353516, "lowlevel.spectral_kurtosis.stdev": 29.237224578857422, "lowlevel.spectral_rms.mean": 0.002464946126565337, "lowlevel.spectral_rms.stdev": 0.00255057355388999, "lowlevel.spectral_rolloff.mean": 1024.1588134765625, "lowlevel.spectral_rolloff.stdev": 1685.3546142578125, "lowlevel.spectral_skewness.mean": 3.9155635833740234, "lowlevel.spectral_skewness.stdev": 2.0890331268310547, "lowlevel.spectral_spread.mean": 2958707.75, "lowlevel.spectral_spread.stdev": 1537127.5, "lowlevel.spectral_strongpeak.mean": 0.7662888169288635, "lowlevel.spectral_strongpeak.stdev": 0.9071090817451477, "lowlevel.zerocrossingrate.mean": 0.04271810129284859, "lowlevel.zerocrossingrate.stdev": 0.059750035405159, "metadata.audio_properties.analysis.equal_loudness": 0.0, "metadata.audio_properties.analysis.length": 40.04265213012695, "metadata.audio_properties.analysis.sample_rate": 44100.0, "metadata.audio_properties.analysis.start_time": 0.0, "metadata.audio_properties.bit_rate": 109078.0, "metadata.audio_properties.length": 40.042667388916016, "metadata.audio_properties.lossless": 0.0, "metadata.audio_properties.number_channels": 1.0, "metadata.audio_properties.replay_gain": -1.4025115966796875, "metadata.audio_properties.sample_rate": 48000.0, "rhythm.beats_count": 85.0, "rhythm.beats_loudness.mean": 0.018511012196540833, "rhythm.beats_loudness.stdev": 0.03306495025753975, "rhythm.bpm": 154.99301147460938, "rhythm.bpm_histogram_first_peak_bpm": 157.0, "rhythm.bpm_histogram_first_peak_weight": 0.1875, "rhythm.bpm_histogram_second_peak_bpm": 140.0, "rhythm.bpm_histogram_second_peak_spread": 0.4736841917037964, "rhythm.bpm_histogram_second_peak_weight": 0.1190476194024086, "rhythm.danceability": 1.0863438844680786, "rhythm.onset_rate": 3.3454484939575195, "tonal.chords_changes_rate": 0.12268518656492233, "tonal.chords_number_rate": 0.0173611119389534, "tonal.chords_strength.mean": 0.5213919878005981, "tonal.chords_strength.stdev": 0.11538200080394745, "tonal.hpcp_crest.mean": 18.48613166809082, "tonal.hpcp_crest.stdev": 8.723555564880371, "tonal.hpcp_entropy.mean": 1.4742088317871094, "tonal.hpcp_entropy.stdev": 0.9147306680679321, "tonal.key_edma.strength": 0.6183298826217651, "tonal.key_krumhansl.strength": 0.6094314455986023, "tonal.key_temperley.strength": 0.6300508975982666, "tonal.tuning_diatonic_strength": 0.6989137530326843, "tonal.tuning_equal_tempered_deviation": 0.23767058551311493, "tonal.tuning_frequency": 436.4561767578125, "tonal.tuning_nontempered_energy_ratio": 0.8754531741142273, "lowlevel.barkbands.mean": [8.193097755793133e-08, 1.399328652951226e-07, 1.5821314036656986e-06, 0.00020396248146425933, 0.008116290904581547, 0.003258736338466406, 0.0003420868015382439, 0.0006538371671922505, 7.103235111571848e-05, 0.00018575209833215922, 1.313065422436921e-05, 6.494783065136289e-06, 3.9743631532473955e-06, 7.4874756137433e-06, 1.2558659364003688e-05, 4.567348696582485e-06, 3.260813628003234e-06, 3.0092778615653515e-06, 4.103837909497088e-06, 1.412229835295875e-06, 7.446161589541589e-07, 5.035204253545089e-07, 2.479019372003677e-07, 4.990713478036923e-07, 3.843442755169235e-07, 4.426173205729356e-08, 7.733412799026951e-10], "lowlevel.barkbands.stdev": [3.0077060841904313e-07, 4.2421058310537774e-07, 5.475714715430513e-06, 0.0005251842085272074, 0.018361670896410942, 0.009812187403440475, 0.0015846331370994449, 0.00497186416760087, 0.0002975743554998189, 0.00094084587180987, 0.00011841394007205963, 3.386461321497336e-05, 2.1713314708904363e-05, 4.8230103857349604e-05, 8.631585660623387e-05, 2.0556519302772358e-05, 1.577385228301864e-05, 1.1787545190600213e-05, 1.4694095625600312e-05, 3.886181730194949e-06, 2.047729822152178e-06, 4.645345597964479e-06, 3.3128048926300835e-06, 2.6463105768925743e-06, 1.7175212860820466e-06, 1.9011548602065886e-07, 1.8434520576704472e-09], "lowlevel.erbbands.mean": [2.2868724045110866e-05, 0.00023733846319373697, 0.007084650453180075, 0.31787753105163574, 2.9163153171539307, 27.21755027770996, 67.74272155761719, 14.65610408782959, 4.630456924438477, 10.674996376037598, 11.181561470031738, 1.9641226530075073, 4.9293742179870605, 3.263495445251465, 0.6845081448554993, 0.263992577791214, 0.17589782178401947, 0.30422645807266235, 0.8620374798774719, 0.3119288384914398, 0.2278066873550415, 0.16827204823493958, 0.16334478557109833, 0.29090163111686707, 0.09169340878725052, 0.06419913470745087, 0.05002040043473244, 0.022123398259282112, 0.01774488389492035, 0.013414389453828335, 0.005817282013595104, 0.006632526405155659, 0.01073908805847168, 0.00686371186748147, 0.0012272060848772526, 0.0002935241791419685, 7.31509062461555e-05, 6.454915819631424e-06, 6.163114449009299e-06, 1.4271933650888968e-05], "lowlevel.erbbands.stdev": [3.4148997656302527e-05, 0.00036449902108870447, 0.015423092991113663, 0.7143114805221558, 4.647963047027588, 60.132965087890625, 199.63406372070312, 44.56068420410156, 15.679322242736816, 61.32836151123047, 98.31607818603516, 7.956934928894043, 28.62420082092285, 18.76384735107422, 4.849052429199219, 1.2912664413452148, 0.9265648722648621, 1.56834077835083, 6.517813205718994, 1.2079765796661377, 1.1609128713607788, 0.6294258236885071, 0.573578417301178, 1.0417513847351074, 0.3222852945327759, 0.17339354753494263, 0.14313776791095734, 0.06173320114612579, 0.1329403519630432, 0.18574166297912598, 0.07415074110031128, 0.051102686673402786, 0.051459550857543945, 0.03091352991759777, 0.005115913692861795, 0.0011867821449413896, 0.0003505974600557238, 2.6519930543145165e-05, 1.2884273019153625e-05, 3.067699435632676e-05], "lowlevel.gfcc.mean": [-321.2590026855469, 113.38317108154297, -92.60165405273438, -0.5037256479263306, -73.175048828125, -47.87806701660156, -61.90201187133789, -8.561116218566895, -44.98666000366211, -12.401690483093262, -15.086392402648926, -17.194461822509766, 9.42952823638916], "lowlevel.melbands.mean": [3.947863902453719e-08, 3.030051175301196e-06, 0.0001116809798986651, 0.0009102177573367953, 0.002339641097933054, 0.0003517233126331121, 6.624936941079795e-05, 0.00013075044262222946, 7.284316961886361e-05, 9.84522466751514e-06, 2.5766090402612463e-05, 1.5067466847540345e-05, 1.959017481567571e-06, 1.0601530675558024e-06, 3.62630430572608e-07, 4.207809354284109e-07, 5.047487547926721e-07, 1.4956974609958706e-06, 5.391262902776361e-07, 3.5437486189948686e-07, 2.4534887188565335e-07, 1.6110811884573195e-07, 1.7024539999965782e-07, 1.4407351045520045e-07, 2.6324647706132964e-07, 9.7335259852116e-08, 3.365782674791262e-08, 4.573158562948265e-08, 3.978015072902963e-08, 1.516966818826404e-08, 1.1885981088255448e-08, 9.88318671346633e-09, 9.532680422807971e-09, 6.559615517431894e-09, 2.995912407044443e-09, 3.2854954312711016e-09, 4.535267716931912e-09, 7.917000388601991e-09, 7.234146170986833e-09, 5.311461492851777e-09], "lowlevel.melbands.stdev": [1.2367686963443703e-07, 9.105612662096974e-06, 0.0002183177275583148, 0.0017758876783773303, 0.006277847569435835, 0.0010238210670650005, 0.00025954245938919485, 0.0007996401400305331, 0.0006486386409960687, 4.193736458546482e-05, 0.00014377581828739494, 9.190224955091253e-05, 1.7713779016048647e-05, 5.146003331901738e-06, 2.1996957002556883e-06, 2.443963921905379e-06, 2.836524117810768e-06, 1.2039203284075484e-05, 2.758535629254766e-06, 1.5497851109103067e-06, 1.4431362842515227e-06, 7.029113362477801e-07, 5.790429895569105e-07, 5.942125085312e-07, 9.57226006903511e-07, 3.964612460549688e-07, 1.4230438694085024e-07, 1.348575437987165e-07, 1.2454167119813064e-07, 4.460746438894603e-08, 3.916247948154705e-08, 6.448847500450938e-08, 1.3147942468094698e-07, 9.137712453366476e-08, 3.831289419053974e-08, 4.3488665113500247e-08, 3.375660284632431e-08, 3.844198914748631e-08, 3.3867102899876045e-08, 2.5334182751635126e-08], "lowlevel.melbands128.mean": [3.202225684617588e-08, 2.9903990395041546e-08, 4.13529051002115e-08, 5.977121020350751e-08, 9.043009185916162e-08, 1.0751176660050987e-06, 3.196627221768722e-05, 0.00013615564967039973, 0.00023292652622330934, 0.00043978283065371215, 0.0014153583906590939, 0.0032679964788258076, 0.002976828021928668, 0.0007250694325193763, 0.0003003370075020939, 0.00011932664347114041, 5.189954026718624e-05, 6.505112833110616e-05, 6.082885738578625e-05, 0.00013755598047282547, 0.00014702473708894104, 0.00015787596930749714, 5.0846098019974306e-05, 1.296410755458055e-05, 7.77647892391542e-06, 3.655208047348424e-06, 2.4128436052706093e-05, 2.7700989448931068e-05, 2.6865265681408346e-05, 3.058681613765657e-05, 3.6053468193131266e-06, 1.1375900612620171e-06, 2.557692823756952e-06, 2.104861550833448e-06, 1.1048236956412438e-06, 1.0675640851331991e-06, 3.6528922464640345e-07, 2.8882899982818344e-07, 3.959648893214762e-07, 3.157509524953639e-07, 4.450302810710127e-07, 4.966275355400285e-07, 6.140783170849318e-07, 2.9331670248211594e-07, 8.115941909636604e-07, 2.6284324121661484e-06, 1.1100107712991303e-06, 3.748125720903772e-07, 3.308197733531415e-07, 3.8834394899822655e-07, 3.8453427464446577e-07, 2.913672290105751e-07, 2.247217736339735e-07, 3.023172894245363e-07, 1.4739615039616183e-07, 8.337649859413432e-08, 2.2233926699755102e-07, 2.3623987033261074e-07, 9.697495784166676e-08, 1.555734741032211e-07, 1.0502087377517455e-07, 1.677856289461488e-07, 2.8194392598379636e-07, 3.163068811318226e-07, 1.9547888996385154e-07, 9.280835655545161e-08, 2.857020930946419e-08, 3.925736180576678e-08, 3.133338921657014e-08, 3.311490104351833e-08, 4.2687968715426905e-08, 5.2770875669239103e-08, 5.974815309173209e-08, 3.501862266830358e-08, 2.1009148198913863e-08, 1.543368277623358e-08, 1.2435006802036241e-08, 1.2348954747665175e-08, 1.1603587424247053e-08, 1.2252555414704602e-08, 8.924835981360957e-09, 9.462939765114697e-09, 1.0767977620673719e-08, 8.512670568450176e-09, 1.0814926731939067e-08, 6.212464320753952e-09, 6.588955159259058e-09, 3.575086671148142e-09, 2.560132994489095e-09, 2.305453827844417e-09, 3.9209311353261e-09, 3.839887074974513e-09, 1.6765850929800763e-09, 3.8302858662575545e-09, 6.177850675470609e-09, 8.872200751852688e-09, 7.938584900557544e-09, 7.349172825854566e-09, 6.8400067831930755e-09, 8.010308860662008e-09, 6.584160328060307e-09, 5.7478821702261484e-09, 2.2767436824722154e-09, 1.640040103723095e-09, 1.0088007096342722e-09, 6.488057868736519e-10, 6.219391668338403e-10, 5.46723000205418e-10, 5.12841102917605e-10, 3.7003428099424696e-10, 2.515355701504518e-10, 2.817576727487392e-10, 1.9705390097435327e-10, 1.7391210693773473e-10, 1.224017137646527e-10, 4.0022547775908635e-11, 9.407927561988494e-12, 3.3533690147607986e-12, 3.036460839711541e-12, 2.957971758157929e-12, 2.8629759153686596e-12, 2.8458676387677073e-12, 2.8422004333394923e-12, 2.7487495786460148e-12, 2.4040574218842092e-12, 1.7889473539686729e-12, 1.4622724689092315e-12, 1.4100610869899333e-12], "lowlevel.melbands128.stdev": [1.2195380350021878e-07, 1.1014672196552056e-07, 1.396325899349904e-07, 1.7777132654828165e-07, 2.4345860083485604e-07, 3.816575372184161e-06, 9.740675886860117e-05, 0.00034977507311850786, 0.000500533205922693, 0.0009720721864141524, 0.0035410767886787653, 0.008464563637971878, 0.00975547730922699, 0.002369064837694168, 0.0015038312412798405, 0.0005438801017589867, 0.00021925647160969675, 0.000371610454749316, 0.00045589881483465433, 0.000915714364964515, 0.0012614137958735228, 0.0016941779758781195, 0.00046198663767427206, 7.86791933933273e-05, 4.893996811006218e-05, 2.626792593218852e-05, 0.0001806017244234681, 0.00022470206022262573, 0.0001666174066485837, 0.00020388115081004798, 2.6191764845862053e-05, 1.24769458125229e-05, 3.0465625968645327e-05, 1.8760083548841067e-05, 6.99234306011931e-06, 6.836076408944791e-06, 3.597754812290077e-06, 3.1245785976352636e-06, 3.1049505651026266e-06, 2.989970198541414e-06, 3.5505315736372722e-06, 3.4654424325708533e-06, 4.8880447138799354e-06, 2.2598685518460115e-06, 7.809225280652754e-06, 2.6428442652104422e-05, 8.306784366141073e-06, 2.936090822913684e-06, 1.973131475097034e-06, 2.012121740335715e-06, 2.3129782675823662e-06, 2.069536549242912e-06, 2.1609264422295382e-06, 2.6798900307767326e-06, 1.0898468190134736e-06, 3.563198447409377e-07, 1.047877731252811e-06, 1.0718507610363304e-06, 4.627195835382736e-07, 7.896541660556977e-07, 6.311879587883595e-07, 9.394248081662226e-07, 1.0933432577076019e-06, 1.3807321010972373e-06, 8.964866538008209e-07, 5.123741857460118e-07, 1.4632851730311813e-07, 2.9049789418422733e-07, 1.476960989066356e-07, 1.1678370270828964e-07, 1.7089820403271005e-07, 2.128815879132162e-07, 2.1637332281443378e-07, 1.365404642683643e-07, 7.287157188784477e-08, 5.7819789844870684e-08, 4.009380205616253e-08, 4.108992612827933e-08, 3.724981922914594e-08, 8.04075028781881e-08, 5.417597037649102e-08, 7.864919382427615e-08, 1.3747761329341301e-07, 1.346730016393849e-07, 2.0198238814828073e-07, 8.070720980413171e-08, 9.86552066706281e-08, 4.465358216521054e-08, 3.1540462686052706e-08, 3.2703312058401934e-08, 6.0527639789143e-08, 5.206700848248147e-08, 1.4261044789520838e-08, 3.5252259777962536e-08, 5.0090473990849205e-08, 3.910676937834978e-08, 4.378872375809806e-08, 3.92865011633603e-08, 3.366011469552177e-08, 4.101617889773479e-08, 3.1468371020082486e-08, 3.248213076290085e-08, 9.738454487262516e-09, 8.374414939282815e-09, 4.444788537227851e-09, 4.3668366700444494e-09, 2.3525121850553887e-09, 2.09899075898079e-09, 2.329423542946074e-09, 1.7767147753033896e-09, 1.4638791290266795e-09, 1.265926363736014e-09, 1.4154308836111795e-09, 1.0005960504599898e-09, 6.412309017100881e-10, 2.0359067209874127e-10, 5.938654429327173e-11, 6.350705551716462e-12, 5.425765739475175e-12, 5.28593575160885e-12, 5.1548956075953e-12, 5.02474364200145e-12, 4.938193517295408e-12, 4.8671310037828874e-12, 4.798223884189268e-12, 4.73185553240274e-12, 4.687330818625712e-12, 4.661868547445325e-12], "lowlevel.mfcc.mean": [-985.4010009765625, 147.2856903076172, 11.01513385772705, 22.771198272705078, -8.208556175231934, -43.253211975097656, -13.450371742248535, -35.81679153442383, -14.958141326904297, -24.744169235229492, -24.548940658569336, -20.689516067504883, -18.94932746887207], "lowlevel.spectral_contrast_coeffs.mean": [-0.4711449146270752, -0.7127013206481934, -0.7863715291023254, -0.8287658095359802, -0.8286274075508118, -0.8065087199211121], "lowlevel.spectral_contrast_coeffs.stdev": [0.1752820909023285, 0.1439659297466278, 0.10596024245023727, 0.06977706402540207, 0.05194742605090141, 0.051130980253219604], "lowlevel.spectral_contrast_valleys.mean": [-10.899407386779785, -9.680920600891113, -10.774762153625488, -11.128358840942383, -10.806734085083008, -13.94830322265625], "lowlevel.spectral_contrast_valleys.stdev": [1.2900680303573608, 1.0814540386199951, 0.8743091821670532, 0.8551796674728394, 0.874489426612854, 0.7850300073623657], "rhythm.beats_loudness_band_ratio.mean": [0.20329950749874115, 0.6691626906394958, 0.13396243751049042, 0.025890899822115898, 0.04078110307455063, 0.024972394108772278], "rhythm.beats_loudness_band_ratio.stdev": [0.29773852229118347, 0.3419715464115143, 0.17105676233768463, 0.056933462619781494, 0.13361889123916626, 0.09965468943119049], "tonal.hpcp.mean": [0.1384977251291275, 0.09083481878042221, 0.06391242146492004, 0.05469498783349991, 0.059196677058935165, 0.08414905518293381, 0.10720153898000717, 0.14286945760250092, 0.22596244513988495, 0.2288437932729721, 0.14035627245903015, 0.08605275303125381, 0.07654441893100739, 0.10784974694252014, 0.14518338441848755, 0.12758833169937134, 0.06748764961957932, 0.03905954211950302, 0.035615015774965286, 0.03816227242350578, 0.04838285595178604, 0.055558569729328156, 0.0748751237988472, 0.10814661532640457, 0.10878656804561615, 0.07173871994018555, 0.0549740344285965, 0.07003821432590485, 0.07891616970300674, 0.09748224914073944, 0.10318749397993088, 0.0802459642291069, 0.07457126677036285, 0.07807550579309464, 0.09057553857564926, 0.1328362226486206], "tonal.hpcp.stdev": [0.28692445158958435, 0.21848690509796143, 0.18824751675128937, 0.1593584567308426, 0.17080479860305786, 0.21299652755260468, 0.2550901770591736, 0.28977981209754944, 0.3514308035373688, 0.3656615614891052, 0.2696689963340759, 0.22004012763500214, 0.19404590129852295, 0.253264844417572, 0.2792201638221741, 0.282855361700058, 0.16945703327655792, 0.1302259862422943, 0.10952862352132797, 0.12238134443759918, 0.14515800774097443, 0.16209840774536133, 0.20548775792121887, 0.2541133165359497, 0.26279088854789734, 0.19852764904499054, 0.15762555599212646, 0.1967632919549942, 0.20635747909545898, 0.23238389194011688, 0.24087774753570557, 0.20432829856872559, 0.1981232613325119, 0.2008947879076004, 0.20412643253803253, 0.2775217294692993], "rhythm.beats_position": [0.4876190423965454, 0.9868480563163757, 1.486077070236206, 1.9853061437606812, 2.4845352172851562, 2.9953742027282715, 3.5178229808807373, 4.051881790161133, 4.643990993499756, 5.236099720001221, 5.8282084465026855, 6.42031717300415, 7.000816345214844, 7.592925071716309, 8.196643829345703, 8.800362586975098, 9.346031188964844, 9.891700744628906, 10.437369346618652, 10.983037948608398, 11.528707504272461, 12.004715919494629, 12.515555381774902, 13.014784812927246, 13.409523963928223, 13.79265308380127, 14.175782203674316, 14.558911323547363, 14.988480567932129, 15.418049812316895, 15.85922908782959, 16.28879737854004, 16.706756591796875, 17.089885711669922, 17.4846248626709, 17.890974044799805, 18.29732322692871, 18.703672409057617, 19.133241653442383, 19.690521240234375, 20.236190795898438, 20.793468475341797, 21.36235809326172, 21.942855834960938, 22.52335548400879, 23.09224510192871, 23.6611328125, 24.137142181396484, 24.60154151916504, 25.065940856933594, 25.53034019470215, 25.983129501342773, 26.4359188079834, 26.86548614501953, 27.306665420532227, 27.747844696044922, 28.177413940429688, 28.606983184814453, 29.04816246032715, 29.489341735839844, 29.90730094909668, 30.325260162353516, 30.75482940673828, 31.184398651123047, 31.613967895507812, 32.02031707763672, 32.43827438354492, 32.82140350341797, 33.21614456176758, 33.622493743896484, 34.017234802246094, 34.38875198364258, 34.76027297973633, 35.143402099609375, 35.52653121948242, 35.90966033935547, 36.292789459228516, 36.67591857910156, 37.05904769897461, 37.45378494262695, 37.84852600097656, 38.243263244628906, 38.614784240722656, 38.9979133605957, 39.38104248046875], "rhythm.bpm_histogram": [0.0, 0.0, 0.0, 0.0, 0.0, 0.0, 0.0, 0.0, 0.0, 0.0, 0.0, 0.0, 0.0, 0.0, 0.0, 0.0, 0.0, 0.0, 0.0, 0.0, 0.0, 0.0, 0.0, 0.0, 0.0, 0.0, 0.0, 0.0, 0.0, 0.0, 0.0, 0.0, 0.0, 0.0, 0.0, 0.0, 0.0, 0.0, 0.0, 0.0, 0.0, 0.0, 0.0, 0.0, 0.0, 0.0, 0.0, 0.0, 0.0, 0.0, 0.0, 0.0, 0.0, 0.0, 0.0, 0.0, 0.0, 0.0, 0.0, 0.0, 0.0, 0.0, 0.0, 0.0, 0.0, 0.0, 0.0, 0.0, 0.0, 0.0, 0.0, 0.0, 0.0, 0.0, 0.0, 0.0, 0.0, 0.0, 0.0, 0.0, 0.0, 0.0, 0.0, 0.0, 0.0, 0.0, 0.0, 0.0, 0.0, 0.0, 0.0, 0.0, 0.0, 0.0, 0.0, 0.0, 0.0, 0.0, 0.0, 0.02380952425301075, 0.0, 0.0595238097012043, 0.0, 0.0357142873108387, 0.0, 0.0357142873108387, 0.0, 0.0, 0.02380952425301075, 0.0, 0.0714285746216774, 0.0, 0.011904762126505375, 0.0, 0.0, 0.011904762126505375, 0.0, 0.02380952425301075, 0.0, 0.0, 0.0595238097012043, 0.0, 0.0, 0.0, 0.0, 0.0, 0.02380952425301075, 0.0, 0.0, 0.0357142873108387, 0.0, 0.0, 0.0, 0.02380952425301075, 0.0, 0.0, 0.0595238097012043, 0.0, 0.0, 0.0, 0.1190476194024086, 0.0, 0.0, 0.0, 0.0476190485060215, 0.0, 0.0, 0.0, 0.0595238097012043, 0.0, 0.0, 0.0, 0.0833333358168602, 0.0, 0.0, 0.0, 0.0, 0.1547619104385376, 0.0, 0.0, 0.0, 0.0357142873108387, 0.0, 0.0, 0.0, 0.0, 0.0, 0.0, 0.0, 0.0, 0.0, 0.0, 0.0, 0.0, 0.0, 0.0, 0.0, 0.0, 0.0, 0.0, 0.0, 0.0, 0.0, 0.0, 0.0, 0.0, 0.0, 0.0, 0.0, 0.0, 0.0, 0.0, 0.0, 0.0, 0.0, 0.0, 0.0, 0.0, 0.0, 0.0, 0.0, 0.0, 0.0, 0.0, 0.0, 0.0, 0.0, 0.0, 0.0, 0.0, 0.0, 0.0, 0.0, 0.0, 0.0, 0.0, 0.0, 0.0, 0.0, 0.0, 0.0, 0.0, 0.0, 0.0, 0.0, 0.0, 0.0, 0.0, 0.0, 0.0, 0.0, 0.0, 0.0, 0.0, 0.0, 0.0, 0.0, 0.0, 0.0, 0.0, 0.0, 0.0, 0.0, 0.0, 0.0, 0.0, 0.0, 0.0, 0.0, 0.0], "tonal.chords_histogram": [1.2731481790542603, 4.745370388031006, 6.25, 4.166666507720947, 1.6203703880310059, 4.166666507720947, 0.8101851940155029, 7.291666507720947, 17.245370864868164, 11.342592239379883, 0.6944444179534912, 0.0, 4.513888835906982, 0.0, 0.5787037014961243, 4.0509257316589355, 3.5879628658294678, 6.365740776062012, 0.0, 0.11574073880910873, 0.0, 0.3472222089767456, 10.300926208496094, 10.532407760620117], "tonal.thpcp": [1.0, 0.6133278608322144, 0.3760327100753784, 0.33448326587677, 0.4712810516357422, 0.6344213485717773, 0.5575345754623413, 0.2949070632457733, 0.1706821173429489, 0.15563024580478668, 0.16676123440265656, 0.21142306923866272, 0.2427794486284256, 0.32718878984451294, 0.4725783169269562, 0.4753747880458832, 0.3134833574295044, 0.240225151181221, 0.3060525059700012, 0.34484732151031494, 0.42597725987434387, 0.45090797543525696, 0.35065823793411255, 0.32586100697517395, 0.34117379784584045, 0.39579635858535767, 0.5804668068885803, 0.6052063703536987, 0.3969293534755707, 0.2792840600013733, 0.23900577425956726, 0.258677214384079, 0.36771395802497864, 0.4684485197067261, 0.6243099570274353, 0.9874091148376465], "lowlevel.gfcc.cov": [[12673.53125, 4624.701171875, 775.5747680664062, -433.137939453125, -757.0584716796875, -1735.139404296875, -394.3172912597656, -470.61785888671875, -386.1033935546875, -783.6006469726562, 263.06817626953125, -1169.42626953125, 1264.2568359375], [4624.701171875, 3984.940673828125, 1508.16943359375, -428.6617431640625, -6.474677085876465, -1044.4439697265625, -101.20176696777344, -593.8876342773438, -211.1522674560547, -594.1045532226562, 111.20152282714844, -726.0425415039062, 380.2950744628906], [775.5747680664062, 1508.16943359375, 1731.5594482421875, 406.0250244140625, -59.2664680480957, -641.329833984375, -183.57130432128906, -274.25238037109375, -1.7500776052474976, -346.62066650390625, 220.85377502441406, -116.30763244628906, -96.0405044555664], [-433.137939453125, -428.6617431640625, 406.0250244140625, 894.7957153320312, 50.06182861328125, -262.34490966796875, -240.0590362548828, 276.5826416015625, 68.83566284179688, -154.79795837402344, 73.06153106689453, 45.04005813598633, -215.9917449951172], [-757.0584716796875, -6.474677085876465, -59.2664680480957, 50.06182861328125, 398.4554748535156, 85.89683532714844, -36.24040222167969, -75.53840637207031, -38.4449462890625, 1.8738758563995361, -78.03702545166016, 35.34080123901367, -50.3911018371582], [-1735.139404296875, -1044.4439697265625, -641.329833984375, -262.34490966796875, 85.89683532714844, 899.0387573242188, 290.57080078125, 77.52570343017578, 38.65554428100586, 225.57460021972656, -258.7804870605469, 67.83622741699219, -244.98294067382812], [-394.3172912597656, -101.20176696777344, -183.57130432128906, -240.0590362548828, -36.24040222167969, 290.57080078125, 328.3805847167969, 1.7838748693466187, -65.9551773071289, 40.279056549072266, -76.73051452636719, -12.566746711730957, -85.49336242675781], [-470.61785888671875, -593.8876342773438, -274.25238037109375, 276.5826416015625, -75.53840637207031, 77.52570343017578, 1.7838748693466187, 675.361328125, 166.99562072753906, -49.80205535888672, -131.3883819580078, -97.73908233642578, -275.96234130859375], [-386.1033935546875, -211.1522674560547, -1.7500776052474976, 68.83566284179688, -38.4449462890625, 38.65554428100586, -65.9551773071289, 166.99562072753906, 286.2851867675781, 91.2430191040039, -44.51770782470703, -29.853025436401367, -118.0338134765625], [-783.6006469726562, -594.1045532226562, -346.62066650390625, -154.79795837402344, 1.8738758563995361, 225.57460021972656, 40.279056549072266, -49.80205535888672, 91.2430191040039, 307.0075378417969, 11.456791877746582, 113.48097229003906, -24.346027374267578], [263.06817626953125, 111.20152282714844, 220.85377502441406, 73.06153106689453, -78.03702545166016, -258.7804870605469, -76.73051452636719, -131.3883819580078, -44.51770782470703, 11.456791877746582, 288.1598815917969, 119.19774627685547, 109.17613983154297], [-1169.42626953125, -726.0425415039062, -116.30763244628906, 45.04005813598633, 35.34080123901367, 67.83622741699219, -12.566746711730957, -97.73908233642578, -29.853025436401367, 113.48097229003906, 119.19774627685547, 401.6837463378906, 49.89397048950195], [1264.2568359375, 380.2950744628906, -96.0405044555664, -215.9917449951172, -50.3911018371582, -244.98294067382812, -85.49336242675781, -275.96234130859375, -118.0338134765625, -24.346027374267578, 109.17613983154297, 49.89397048950195, 459.2899169921875]], "lowlevel.gfcc.icov": [[0.0003515419957693666, -0.0004204851866234094, 0.00031294923974201083, -0.0003503242041915655, 0.0006636462640017271, -3.536809890647419e-05, 0.0002005583664868027, -2.7177839001524262e-05, 0.0001920039940159768, -2.1182400814723223e-05, -3.550076871761121e-05, 0.0004503666132222861, -0.0006361256819218397], [-0.0004204851866234094, 0.0034598875790834427, -0.0016453613061457872, 0.0029206061735749245, -0.0019728527404367924, 0.0023898878134787083, -0.0007440954213961959, 0.001550282002426684, -0.0006170364795252681, 0.002815112005919218, -0.00028241248219273984, 0.0034863557666540146, 0.0008523821597918868], [0.00031294923974201083, -0.0016453613061457872, 0.0027917244005948305, -0.0016537277260795236, 0.0016172286123037338, -3.126624142169021e-05, 0.0003823239530902356, 0.0013440760085359216, -0.0007475176244042814, 0.0009222983499057591, -0.00043436154373921454, -0.0012332716723904014, 0.0014405129477381706], [-0.0003503242041915655, 0.0029206061735749245, -0.0016537277260795236, 0.005001875106245279, -0.0018855152884498239, 0.00218283012509346, 0.001112770871259272, 0.00041055495967157185, -0.00010494740126887336, 0.003141581080853939, -0.0006996269221417606, 0.002211568411439657, 0.002029345603659749], [0.0006636462640017271, -0.0019728527404367924, 0.0016172286123037338, -0.0018855152884498239, 0.0051814797334373, -0.0008085714071057737, 0.001623700838536024, 0.0006652123993262649, 0.001064741867594421, -0.0006966647924855351, 0.0014639929868280888, -0.0012342296540737152, 0.00012013363448204473], [-3.536809890647419e-05, 0.0023898878134787083, -3.126624142169021e-05, 0.00218283012509346, -0.0008085714071057737, 0.005609828978776932, -0.0019099144265055656, 0.002335725352168083, -0.0004580509557854384, 0.0015295097837224603, 0.002013698685914278, 0.002242026384919882, 0.0023310715332627296], [0.0002005583664868027, -0.0007440954213961959, 0.0003823239530902356, 0.001112770871259272, 0.001623700838536024, -0.0019099144265055656, 0.006705184001475573, -0.00048514947411604226, 0.0022361765149980783, 0.0001447768008802086, -0.0001892562722787261, -0.0005042952252551913, 0.0014654546976089478], [-2.7177839001524262e-05, 0.001550282002426684, 0.0013440760085359216, 0.00041055495967157185, 0.0006652123993262649, 0.002335725352168083, -0.00048514947411604226, 0.00552179291844368, -0.0022485191002488136, 0.004004220943897963, 0.00038313804543577135, 0.0021417015232145786, 0.0031222521793097258], [0.0001920039940159768, -0.0006170364795252681, -0.0007475176244042814, -0.00010494740126887336, 0.001064741867594421, -0.0004580509557854384, 0.0022361765149980783, -0.0022485191002488136, 0.0068059214390814304, -0.004003952257335186, 0.0013501791981980205, -9.61838031798834e-06, -6.861591100459918e-05], [-2.1182400814723223e-05, 0.002815112005919218, 0.0009222983499057591, 0.003141581080853939, -0.0006966647924855351, 0.0015295097837224603, 0.0001447768008802086, 0.004004220943897963, -0.004003952257335186, 0.011265840381383896, -0.00265055475756526, 0.0027223883662372828, 0.002472410909831524], [-3.550076871761121e-05, -0.00028241248219273984, -0.00043436154373921454, -0.0006996269221417606, 0.0014639929868280888, 0.002013698685914278, -0.0001892562722787261, 0.00038313804543577135, 0.0013501791981980205, -0.00265055475756526, 0.00781707651913166, -0.0025085355155169964, -3.776129233301617e-05], [0.0004503666132222861, 0.0034863557666540146, -0.0012332716723904014, 0.002211568411439657, -0.0012342296540737152, 0.002242026384919882, -0.0005042952252551913, 0.0021417015232145786, -9.61838031798834e-06, 0.0027223883662372828, -0.0025085355155169964, 0.00988424476236105, -0.0014264528872445226], [-0.0006361256819218397, 0.0008523821597918868, 0.0014405129477381706, 0.002029345603659749, 0.00012013363448204473, 0.0023310715332627296, 0.0014654546976089478, 0.0031222521793097258, -6.861591100459918e-05, 0.002472410909831524, -3.776129233301617e-05, -0.0014264528872445226, 0.008160781115293503]], "lowlevel.mfcc.cov": [[9986.474609375, 3321.542236328125, -113.84589385986328, 355.8692321777344, -565.4529418945312, -1553.3468017578125, 46.41447448730469, -1303.558837890625, 219.77444458007812, -514.4464111328125, -578.78662109375, -593.9323120117188, -894.8311767578125], [3321.542236328125, 3612.189453125, 747.8353881835938, 170.45669555664062, -202.77403259277344, -421.2747802734375, -73.3360824584961, -626.6678466796875, -200.1353302001953, -313.63763427734375, -437.9582214355469, -403.7658996582031, -460.070556640625], [-113.84589385986328, 747.8353881835938, 1396.47705078125, 630.994140625, 122.40674591064453, -237.53916931152344, -172.7933349609375, 53.85586929321289, -257.40106201171875, -194.35740661621094, 46.6839485168457, 153.3238983154297, -40.207889556884766], [355.8692321777344, 170.45669555664062, 630.994140625, 1084.0421142578125, 392.218994140625, -525.8410034179688, -155.88804626464844, -0.7767419815063477, -204.58242797851562, -313.04376220703125, -25.527545928955078, 138.92543029785156, -30.39129066467285], [-565.4529418945312, -202.77403259277344, 122.40674591064453, 392.218994140625, 488.6247253417969, -42.38615417480469, -145.08572387695312, 117.4642562866211, -15.597773551940918, -8.893011093139648, 26.343944549560547, 75.31598663330078, 76.10663604736328], [-1553.3468017578125, -421.2747802734375, -237.53916931152344, -525.8410034179688, -42.38615417480469, 930.6295776367188, 113.14262390136719, 103.57438659667969, -46.95176315307617, 213.03260803222656, 6.424060821533203, -106.63217163085938, 164.52108764648438], [46.41447448730469, -73.3360824584961, -172.7933349609375, -155.88804626464844, -145.08572387695312, 113.14262390136719, 317.42474365234375, 75.1169204711914, -18.79503631591797, 9.688716888427734, 19.24571990966797, -62.61032485961914, -78.37544250488281], [-1303.558837890625, -626.6678466796875, 53.85586929321289, -0.7767419815063477, 117.4642562866211, 103.57438659667969, 75.1169204711914, 523.7388916015625, 119.51582336425781, 121.79154205322266, 198.473388671875, 150.7635040283203, 95.03742980957031], [219.77444458007812, -200.1353302001953, -257.40106201171875, -204.58242797851562, -15.597773551940918, -46.95176315307617, -18.79503631591797, 119.51582336425781, 373.11041259765625, 203.1272430419922, 68.15546417236328, 17.66100311279297, 22.659265518188477], [-514.4464111328125, -313.63763427734375, -194.35740661621094, -313.04376220703125, -8.893011093139648, 213.03260803222656, 9.688716888427734, 121.79154205322266, 203.1272430419922, 378.0638732910156, 169.57510375976562, 21.34423828125, 84.26984405517578], [-578.78662109375, -437.9582214355469, 46.6839485168457, -25.527545928955078, 26.343944549560547, 6.424060821533203, 19.24571990966797, 198.473388671875, 68.15546417236328, 169.57510375976562, 331.8482971191406, 168.64442443847656, 29.492877960205078], [-593.9323120117188, -403.7658996582031, 153.3238983154297, 138.92543029785156, 75.31598663330078, -106.63217163085938, -62.61032485961914, 150.7635040283203, 17.66100311279297, 21.34423828125, 168.64442443847656, 304.0996398925781, 139.19888305664062], [-894.8311767578125, -460.070556640625, -40.207889556884766, -30.39129066467285, 76.10663604736328, 164.52108764648438, -78.37544250488281, 95.03742980957031, 22.659265518188477, 84.26984405517578, 29.492877960205078, 139.19888305664062, 306.5551452636719]], "lowlevel.mfcc.icov": [[0.00035595157532952726, -0.0001547808205941692, 6.286248390097171e-05, -0.0001493874005973339, 0.00016352471720892936, 0.0003298895026091486, -0.0002735715243034065, 0.0006693042814731598, -0.0006177137256599963, 0.00018401764100417495, -8.667782822158188e-05, 0.0001806376239983365, 0.00022647232981398702], [-0.0001547808205941692, 0.0006676503107883036, -0.0005130239296704531, 0.0003303297853562981, -0.0001724853354971856, 8.92513053258881e-05, 3.697241845657118e-05, 0.00014318161993287504, 0.0002103648439515382, -0.00018962405738420784, 0.0005276049487292767, 0.0002522680733818561, 0.0003469053190201521], [6.286248390097171e-05, -0.0005130239296704531, 0.0017186187906190753, -0.0011399735230952501, 0.0008735460578463972, -0.0003722248366102576, 0.0009766578441485763, -0.000775477266870439, 0.0007479196065105498, -0.00029877430642955005, -0.00020559807308018208, -0.0007508122944273055, 0.00038651665090583265], [-0.0001493874005973339, 0.0003303297853562981, -0.0011399735230952501, 0.0036787688732147217, -0.0026620228309184313, 0.001485668122768402, -0.0005646154750138521, 0.0001281829026993364, 0.0008139198180288076, 0.0013729886850342155, -0.00020100348046980798, 0.0002797507622744888, -0.0005909291212446988], [0.00016352471720892936, -0.0001724853354971856, 0.0008735460578463972, -0.0026620228309184313, 0.004716896917670965, -0.000827446929179132, 0.0018981215544044971, -0.001020824653096497, -4.775085471919738e-05, -0.0010661773849278688, 0.0004069671267643571, -3.4388911444693804e-05, 0.0004170002357568592], [0.0003298895026091486, 8.92513053258881e-05, -0.0003722248366102576, 0.001485668122768402, -0.000827446929179132, 0.0030602996703237295, -0.0009530835086479783, 0.0003175635065417737, 0.0009248998248949647, -0.0006146514206193388, 9.838593541644514e-05, 0.0017123816069215536, -0.0012701478553935885], [-0.0002735715243034065, 3.697241845657118e-05, 0.0009766578441485763, -0.0005646154750138521, 0.0018981215544044971, -0.0009530835086479783, 0.005719073116779327, -0.002395261311903596, 0.0016436566365882754, -0.0003381312999408692, 3.0183295166352764e-05, 5.857548603671603e-05, 0.001516017597168684], [0.0006693042814731598, 0.00014318161993287504, -0.000775477266870439, 0.0001281829026993364, -0.001020824653096497, 0.0003175635065417737, -0.002395261311903596, 0.005306752398610115, -0.0029533931519836187, 0.0011288844980299473, -0.0014410020085051656, -2.0943994968547486e-05, -3.886862032231875e-05], [-0.0006177137256599963, 0.0002103648439515382, 0.0007479196065105498, 0.0008139198180288076, -4.775085471919738e-05, 0.0009248998248949647, 0.0016436566365882754, -0.0029533931519836187, 0.007005186285823584, -0.0036930041387677193, 0.0015714481705799699, -0.0006382199935615063, 0.00017871115414891392], [0.00018401764100417495, -0.00018962405738420784, -0.00029877430642955005, 0.0013729886850342155, -0.0010661773849278688, -0.0006146514206193388, -0.0003381312999408692, 0.0011288844980299473, -0.0036930041387677193, 0.008069070056080818, -0.004634743090718985, 0.0021745823323726654, -0.001979053718969226], [-8.667782822158188e-05, 0.0005276049487292767, -0.00020559807308018208, -0.00020100348046980798, 0.0004069671267643571, 9.838593541644514e-05, 3.0183295166352764e-05, -0.00144100200850