{"song_id": "1183706739166691338", "download": "https://cdn.discordapp.com/attachments/1128313332273782784/1183706739166691338/chirp.mp4?ex=65894fce&amp", "lyrics": "[Verse]\nNassim avait une crini\u00e8re de feu\nBeau et fier, ses cheveux comme un adieu\nMais un jour, la calvitie a fait son jeu\nIl est devenu chauve, par-dessus les cieux\n\n[Chorus]\nNassim qui devient chauve, reste un homme fort\nSes cheveux sont partis, mais son charme est encore plus fort\nLaisse briller ton cr\u00e2ne, Nassim mon ami\nT'es toujours aussi beau, avec ou sans cette vie", "style": ["Rap</span><span>, Fran\u00e7ais"], "essentia_features": {"lowlevel.average_loudness": 0.7416970729827881, "lowlevel.barkbands_crest.mean": 14.060393333435059, "lowlevel.barkbands_crest.stdev": 4.350130558013916, "lowlevel.barkbands_flatness_db.mean": 0.3190983831882477, "lowlevel.barkbands_flatness_db.stdev": 0.09785246104001999, "lowlevel.barkbands_kurtosis.mean": 14.150687217712402, "lowlevel.barkbands_kurtosis.stdev": 27.23577880859375, "lowlevel.barkbands_skewness.mean": 2.1040868759155273, "lowlevel.barkbands_skewness.stdev": 2.1236109733581543, "lowlevel.barkbands_spread.mean": 9.93162727355957, "lowlevel.barkbands_spread.stdev": 18.431379318237305, "lowlevel.dissonance.mean": 0.35579973459243774, "lowlevel.dissonance.stdev": 0.07760145515203476, "lowlevel.dynamic_complexity": 4.092601776123047, "lowlevel.erbbands_crest.mean": 16.926790237426758, "lowlevel.erbbands_crest.stdev": 5.80067253112793, "lowlevel.erbbands_flatness_db.mean": 0.32347309589385986, "lowlevel.erbbands_flatness_db.stdev": 0.10381396859884262, "lowlevel.erbbands_kurtosis.mean": 6.745148181915283, "lowlevel.erbbands_kurtosis.stdev": 9.588469505310059, "lowlevel.erbbands_skewness.mean": 1.3051568269729614, "lowlevel.erbbands_skewness.stdev": 1.390773892402649, "lowlevel.erbbands_spread.mean": 19.54248809814453, "lowlevel.erbbands_spread.stdev": 27.468517303466797, "lowlevel.hfc.mean": 10.382819175720215, "lowlevel.hfc.stdev": 12.054195404052734, "lowlevel.loudness_ebu128.integrated": -17.69525718688965, "lowlevel.loudness_ebu128.loudness_range": 7.949335098266602, "lowlevel.loudness_ebu128.momentary.mean": -19.326982498168945, "lowlevel.loudness_ebu128.momentary.stdev": 4.047190189361572, "lowlevel.loudness_ebu128.short_term.mean": -18.64035415649414, "lowlevel.loudness_ebu128.short_term.stdev": 3.174327850341797, "lowlevel.melbands_crest.mean": 17.04342269897461, "lowlevel.melbands_crest.stdev": 4.858618259429932, "lowlevel.melbands_flatness_db.mean": 0.3875277042388916, "lowlevel.melbands_flatness_db.stdev": 0.11526136845350266, "lowlevel.melbands_kurtosis.mean": 19.106691360473633, "lowlevel.melbands_kurtosis.stdev": 37.7070426940918, "lowlevel.melbands_skewness.mean": 2.0919735431671143, "lowlevel.melbands_skewness.stdev": 2.3363094329833984, "lowlevel.melbands_spread.mean": 10.545061111450195, "lowlevel.melbands_spread.stdev": 20.12512969970703, "lowlevel.pitch_salience.mean": 0.5153789520263672, "lowlevel.pitch_salience.stdev": 0.11600863933563232, "lowlevel.silence_rate_20dB.mean": 1.0, "lowlevel.silence_rate_20dB.stdev": 0.0, "lowlevel.silence_rate_30dB.mean": 0.9988412261009216, "lowlevel.silence_rate_30dB.stdev": 0.034020617604255676, "lowlevel.silence_rate_60dB.mean": 0.11587485671043396, "lowlevel.silence_rate_60dB.stdev": 0.3200758397579193, "lowlevel.spectral_centroid.mean": 612.9977416992188, "lowlevel.spectral_centroid.stdev": 561.0971069335938, "lowlevel.spectral_complexity.mean": 5.896292209625244, "lowlevel.spectral_complexity.stdev": 2.6793079376220703, "lowlevel.spectral_decrease.mean": -4.1995344979284255e-09, "lowlevel.spectral_decrease.stdev": 4.952130261415277e-09, "lowlevel.spectral_energy.mean": 0.01679176650941372, "lowlevel.spectral_energy.stdev": 0.019496187567710876, "lowlevel.spectral_energyband_high.mean": 0.00037772153154946864, "lowlevel.spectral_energyband_high.stdev": 0.000888956303242594, "lowlevel.spectral_energyband_low.mean": 0.0005321450298652053, "lowlevel.spectral_energyband_low.stdev": 0.004346607252955437, "lowlevel.spectral_energyband_middle_high.mean": 0.0007119457586668432, "lowlevel.spectral_energyband_middle_high.stdev": 0.0020996122620999813, "lowlevel.spectral_energyband_middle_low.mean": 0.015194132924079895, "lowlevel.spectral_energyband_middle_low.stdev": 0.017427442595362663, "lowlevel.spectral_entropy.mean": 5.990315914154053, "lowlevel.spectral_entropy.stdev": 0.9883710741996765, "lowlevel.spectral_flux.mean": 0.04386308789253235, "lowlevel.spectral_flux.stdev": 0.04086451232433319, "lowlevel.spectral_kurtosis.mean": 53.18143081665039, "lowlevel.spectral_kurtosis.stdev": 53.386016845703125, "lowlevel.spectral_rms.mean": 0.003521893173456192, "lowlevel.spectral_rms.stdev": 0.0019946140237152576, "lowlevel.spectral_rolloff.mean": 1319.948486328125, "lowlevel.spectral_rolloff.stdev": 2448.063720703125, "lowlevel.spectral_skewness.mean": 4.765779972076416, "lowlevel.spectral_skewness.stdev": 2.9885246753692627, "lowlevel.spectral_spread.mean": 3817982.5, "lowlevel.spectral_spread.stdev": 3640670.0, "lowlevel.spectral_strongpeak.mean": 1.1412261724472046, "lowlevel.spectral_strongpeak.stdev": 0.8960972428321838, "lowlevel.zerocrossingrate.mean": 0.046942614018917084, "lowlevel.zerocrossingrate.stdev": 0.06116102263331413, "metadata.audio_properties.analysis.equal_loudness": 0.0, "metadata.audio_properties.analysis.length": 40.04265213012695, "metadata.audio_properties.analysis.sample_rate": 44100.0, "metadata.audio_properties.analysis.start_time": 0.0, "metadata.audio_properties.bit_rate": 112134.0, "metadata.audio_properties.length": 40.042667388916016, "metadata.audio_properties.lossless": 0.0, "metadata.audio_properties.number_channels": 1.0, "metadata.audio_properties.replay_gain": -11.646112442016602, "metadata.audio_properties.sample_rate": 48000.0, "rhythm.beats_count": 74.0, "rhythm.beats_loudness.mean": 0.027281954884529114, "rhythm.beats_loudness.stdev": 0.02547558955848217, "rhythm.bpm": 112.02513885498047, "rhythm.bpm_histogram_first_peak_bpm": 112.0, "rhythm.bpm_histogram_first_peak_weight": 0.3857142925262451, "rhythm.bpm_histogram_second_peak_bpm": 117.0, "rhythm.bpm_histogram_second_peak_spread": 0.3333333134651184, "rhythm.bpm_histogram_second_peak_weight": 0.027397260069847107, "rhythm.danceability": 1.1419050693511963, "rhythm.onset_rate": 3.5451767444610596, "tonal.chords_changes_rate": 0.02083333395421505, "tonal.chords_number_rate": 0.005787036847323179, "tonal.chords_strength.mean": 0.5198912620544434, "tonal.chords_strength.stdev": 0.06698182970285416, "tonal.hpcp_crest.mean": 17.49793815612793, "tonal.hpcp_crest.stdev": 6.7601447105407715, "tonal.hpcp_entropy.mean": 1.3175549507141113, "tonal.hpcp_entropy.stdev": 0.5597100257873535, "tonal.key_edma.strength": 0.6117433905601501, "tonal.key_krumhansl.strength": 0.6053337454795837, "tonal.key_temperley.strength": 0.6243520975112915, "tonal.tuning_diatonic_strength": 0.6196105480194092, "tonal.tuning_equal_tempered_deviation": 0.007899938151240349, "tonal.tuning_frequency": 440.5086364746094, "tonal.tuning_nontempered_energy_ratio": 0.5853095054626465, "lowlevel.barkbands.mean": [2.3108417735784315e-05, 0.00046412364463321865, 2.8014646886731498e-05, 0.00012861244613304734, 0.004894941579550505, 0.003670335980132222, 0.002704366110265255, 0.0019911692943423986, 0.0017608690541237593, 0.00017103693971876055, 0.00011214991536689922, 0.00014323019422590733, 5.71646960452199e-05, 0.0001263362937606871, 6.420029239961877e-05, 1.0286192264175043e-05, 1.0066860340884887e-05, 2.2545596948475577e-05, 2.2838919903733768e-05, 1.825019353418611e-05, 2.890640462283045e-05, 4.1129951569018885e-05, 6.399992707883939e-05, 0.00013042874343227595, 6.54421019135043e-05, 3.5950397432316095e-05, 2.2782012365496485e-06], "lowlevel.barkbands.stdev": [0.00018332467880100012, 0.004087359178811312, 0.0001953944592969492, 0.0003786029410548508, 0.008252308703958988, 0.00994045753031969, 0.0025653750635683537, 0.005000847391784191, 0.004630864132195711, 0.0008855045307427645, 0.000558204366825521, 0.000733548600692302, 0.00024362708791159093, 0.0004485060053411871, 0.00037028113729320467, 4.3299416574882343e-05, 3.663958705146797e-05, 8.086431625997648e-05, 8.607954805484042e-05, 6.652186129940674e-05, 9.143015631707385e-05, 0.0001607957819942385, 0.00025077987811528146, 0.00029463463579304516, 0.000145352169056423, 0.00012145413347752765, 1.64883240358904e-05], "lowlevel.erbbands.mean": [0.016712719574570656, 0.08942139893770218, 0.06089869886636734, 0.24404789507389069, 3.85306978225708, 20.322900772094727, 33.833587646484375, 26.0744571685791, 15.405861854553223, 71.27030181884766, 44.45323944091797, 26.21438980102539, 25.96293830871582, 6.165358066558838, 4.343613147735596, 4.163381099700928, 2.5612313747406006, 6.490747928619385, 3.682166337966919, 2.38466739654541, 0.6778950095176697, 0.7091899514198303, 1.0609830617904663, 1.4106296300888062, 0.9663187265396118, 0.8564605712890625, 1.0684478282928467, 1.1496480703353882, 1.472697138786316, 1.4611475467681885, 2.0154671669006348, 2.2243540287017822, 2.437405586242676, 1.0094982385635376, 0.28968462347984314, 0.10801922529935837, 0.08149687945842743, 0.015403627417981625, 0.00034850972588174045, 2.9588787583634257e-05], "lowlevel.erbbands.stdev": [0.14717614650726318, 0.8105372190475464, 0.4524708688259125, 0.5768554210662842, 5.9359283447265625, 33.20552062988281, 77.11236572265625, 86.6246109008789, 33.51995849609375, 64.8370361328125, 124.21965026855469, 65.31375885009766, 74.7360610961914, 23.486019134521484, 18.12505531311035, 20.268447875976562, 8.950688362121582, 24.651084899902344, 13.323629379272461, 12.68676471710205, 2.70621657371521, 2.4118058681488037, 3.6847240924835205, 5.061830520629883, 4.126236438751221, 3.0456418991088867, 3.0232512950897217, 4.146717071533203, 5.652491569519043, 5.889705181121826, 7.947551727294922, 6.225335597991943, 5.1803107261657715, 2.1587374210357666, 0.7746519446372986, 0.3445933759212494, 0.28299570083618164, 0.06784385442733765, 0.001798031385987997, 4.69181286462117e-05], "lowlevel.gfcc.mean": [-169.2279052734375, 143.85183715820312, -98.86830139160156, -38.669334411621094, -83.69021606445312, -24.933734893798828, -51.541297912597656, -2.175891637802124, -21.42827606201172, -8.999246597290039, -12.052892684936523, -20.5124568939209, -7.097628593444824], "lowlevel.melbands.mean": [0.00014012819156050682, 5.864607373951003e-05, 0.00011903462291229516, 0.0008213657420128584, 0.0011856666533276439, 0.0005933321081101894, 0.000322345964377746, 0.0007284667226485908, 0.00032308168010786176, 0.00018956723215524107, 0.00013078494521323591, 2.3184376914286986e-05, 1.4410595213121269e-05, 1.8068674762616865e-05, 4.536414508038433e-06, 8.224386874644551e-06, 1.2325428542681038e-05, 5.846831300004851e-06, 5.662351213686634e-06, 9.844590067586978e-07, 6.854505159026303e-07, 6.754482342330448e-07, 8.701643423592031e-07, 9.911667575579486e-07, 1.1956688013015082e-06, 7.642361197213177e-07, 6.041868800821248e-07, 5.487806333803746e-07, 6.180061404847947e-07, 7.030051278889005e-07, 6.683986271127651e-07, 8.054316822381224e-07, 8.696485451764602e-07, 7.796431304996077e-07, 1.1710098988260143e-06, 1.1328093023621477e-06, 1.4655649920314318e-06, 1.820419356590719e-06, 1.4065923323869356e-06, 6.52251287647232e-07], "lowlevel.melbands.stdev": [0.0012318191584199667, 0.0004918595077469945, 0.00022324049496091902, 0.0011937905801460147, 0.0024406209122389555, 0.0018518806900829077, 0.0005262065678834915, 0.0007705151801928878, 0.0010263058356940746, 0.0004710431967396289, 0.0003808577894233167, 0.00010473997099325061, 6.348984607029706e-05, 0.00010012350685428828, 2.564188980613835e-05, 3.299344461993314e-05, 4.99604684591759e-05, 2.2500644263345748e-05, 3.7363963201642036e-05, 4.133681613893714e-06, 2.947957909782417e-06, 2.6616717150318436e-06, 3.309124394945684e-06, 3.534619509082404e-06, 4.4362805056152865e-06, 3.1240717817127006e-06, 2.9557436391769443e-06, 1.8192683910456253e-06, 1.6936872953010607e-06, 2.3258050987351453e-06, 2.6653642635210417e-06, 3.12280940306664e-06, 3.639785063569434e-06, 3.2941034078248776e-06, 4.991084551875247e-06, 3.8128537198645063e-06, 3.987318905274151e-06, 3.92489801015472e-06, 3.0778830932831625e-06, 1.4837255548627581e-06], "lowlevel.melbands128.mean": [2.105556814058218e-05, 0.0001328594662481919, 0.00020612878142856061, 0.00012799585238099098, 4.070370050612837e-05, 1.1992578038189095e-05, 1.636077831790317e-05, 9.052496898220852e-05, 0.0003349468461237848, 0.0007098655332811177, 0.0012700519291684031, 0.0013387574581429362, 0.0012666750699281693, 0.0009120054310187697, 0.0005203814944252372, 0.0005688300007022917, 0.0001648874895181507, 7.519598875660449e-05, 0.0006513252737931907, 0.0011809658026322722, 0.0004394611460156739, 0.00048683135537430644, 0.0002761033538263291, 0.00026234416873194277, 4.885244561592117e-05, 0.00021240142814349383, 0.000376993790268898, 3.860837023239583e-05, 3.839774217340164e-05, 1.828954555094242e-05, 2.1639640181092545e-05, 2.5217017537215725e-05, 9.607081665308215e-06, 4.288222498871619e-06, 3.364186704857275e-05, 1.6072932339739054e-05, 4.568380973068997e-06, 6.788507562305313e-06, 1.564945364407322e-06, 3.903740889654728e-06, 8.132317816489376e-06, 1.7350936104776338e-05, 1.3662263881997205e-05, 8.932952368922997e-06, 8.836944289214443e-06, 4.5633009904122446e-06, 2.4438222681055777e-06, 1.0105988621944562e-05, 4.50168863608269e-06, 1.3055254157734453e-06, 4.070026307090302e-07, 6.216899350874883e-07, 1.1415396556913038e-06, 4.171940304331656e-07, 3.873859384384559e-07, 9.185516773868585e-07, 7.059237532303086e-07, 5.664207947120303e-07, 1.1806605471065268e-06, 9.713701274449704e-07, 7.937302370919497e-07, 1.0961391581076896e-06, 1.442058419343084e-06, 1.1744880339392694e-06, 9.043651516549289e-07, 7.899725460447371e-07, 6.402672738659021e-07, 6.409516686289862e-07, 5.782951575383777e-07, 5.846368935635837e-07, 5.431578529169201e-07, 5.307570631885028e-07, 5.483930181071628e-07, 6.536587875416444e-07, 6.486149004558683e-07, 8.341708621628641e-07, 6.598438062610512e-07, 5.154504947313399e-07, 7.536303883171058e-07, 6.693464911222691e-07, 8.254669410234783e-07, 8.305509595629701e-07, 8.644901754450984e-07, 9.505101274953631e-07, 7.992044288585021e-07, 7.055955393298063e-07, 7.005419320194051e-07, 1.0268549885950051e-06, 1.2658125569942058e-06, 1.2878500683655147e-06, 1.0203016245213803e-06, 1.1428483048803173e-06, 1.1865196256621857e-06, 1.3935626839156612e-06, 1.6950841654761462e-06, 1.7597533314983593e-06, 2.045285100393812e-06, 1.6377003930756473e-06, 1.5127759525057627e-06, 1.2401962976582581e-06, 8.503733397446922e-07, 5.225179506851418e-07, 4.596248572852346e-07, 3.936514190172602e-07, 3.2230920510301075e-07, 1.8822809977336874e-07, 2.926315403328772e-07, 1.5633521854852006e-07, 1.264696578573421e-07, 1.842792727302367e-07, 2.1711664999202185e-07, 2.317431579967888e-07, 3.0455751698355016e-07, 3.194249131865945e-07, 2.490755264261679e-07, 1.8101525256497553e-07, 7.675000546214505e-08, 2.388444642065224e-08, 2.2949133704486258e-09, 3.6835577990612656e-12, 2.5247046207127477e-12, 2.2310155025490053e-12, 2.1861299662889744e-12, 2.1417242979104856e-12, 2.077302739544873e-12, 1.994782377473525e-12, 1.9463584390033706e-12, 1.9307595886669526e-12], "lowlevel.melbands128.stdev": [0.0001709816133370623, 0.001168281538411975, 0.0019073480507358909, 0.00115868728607893, 0.00034813632373698056, 7.750299118924886e-05, 7.251070928759873e-05, 0.0002653965202625841, 0.0006413125665858388, 0.0011323379585519433, 0.0022494702134281397, 0.0034051528200507164, 0.0032854992896318436, 0.003160391468554735, 0.0020380753558129072, 0.002890536095947027, 0.0007404999923892319, 0.0001893520529847592, 0.0006277979700826108, 0.0011263996129855514, 0.0010223382851108909, 0.0018696297192946076, 0.0012855448294430971, 0.00137529952917248, 0.0001868010003818199, 0.000640541547909379, 0.0011899243108928204, 0.00014021476090420038, 0.0002767769037745893, 0.00013675802620127797, 0.00011685075151035562, 0.00014686195936519653, 7.720384019194171e-05, 2.6560350306681357e-05, 0.00021121057216078043, 0.00010155755444429815, 3.539599128998816e-05, 4.614266799762845e-05, 8.379449354833923e-06, 1.952409184013959e-05, 4.725878170575015e-05, 8.966495806816965e-05, 7.5151925557293e-05, 6.187519466038793e-05, 4.492319203563966e-05, 2.369718458794523e-05, 1.6720057828933932e-05, 8.344771777046844e-05, 2.9059605367365293e-05, 6.594604201382026e-06, 2.5787621780182235e-06, 3.4711424632405397e-06, 6.406047759810463e-06, 1.9771212009800365e-06, 1.9186520603398094e-06, 4.484590135689359e-06, 3.2511813969904324e-06, 2.7323089852870908e-06, 5.5482091738667805e-06, 3.869354713970097e-06, 3.509268481138861e-06, 4.5313267946767155e-06, 7.1165718509291764e-06, 5.0825988182623405e-06, 3.3793596685427474e-06, 4.026663646072848e-06, 3.3588535188755486e-06, 3.403691152925603e-06, 3.0518267521983944e-06, 3.4113165838789428e-06, 1.991966882997076e-06, 1.6136016256496077e-06, 1.7904762898979243e-06, 1.9775766304519493e-06, 2.3476584374293452e-06, 2.933233417934389e-06, 2.5486167487542843e-06, 1.9620870261860546e-06, 3.3352857826685067e-06, 3.1039905934449052e-06, 3.4639015211723745e-06, 3.3302947031188523e-06, 3.530655703798402e-06, 4.627614998753415e-06, 3.5469165595714003e-06, 2.960250185424229e-06, 3.2438867947348626e-06, 4.956360044161556e-06, 5.795274773845449e-06, 5.66228754905751e-06, 3.7907025216554757e-06, 3.843340437015286e-06, 4.191461357549997e-06, 4.5422334551403765e-06, 4.356877070677001e-06, 3.9158653635240626e-06, 4.741474185721017e-06, 3.909407951141475e-06, 3.66887979907915e-06, 2.7508936000231188e-06, 2.0754989691340597e-06, 1.3304778576639364e-06, 1.2197042451589368e-06, 1.0483921641935012e-06, 1.0977303190884413e-06, 7.766260523567325e-07, 1.1137533419969259e-06, 5.666355491484865e-07, 5.007755135011394e-07, 6.755698791494069e-07, 8.76372610036924e-07, 8.910208748602599e-07, 1.1185233006472117e-06, 1.1394414514143136e-06, 9.797656730370363e-07, 8.728877105568245e-07, 4.6205119019759877e-07, 2.7072741204392514e-07, 4.114125928822432e-08, 4.369490880229421e-11, 1.066831779167332e-11, 4.344483973961477e-12, 4.256456732215641e-12, 4.1817777539365775e-12, 4.12002289923441e-12, 4.068578373511711e-12, 4.0327832219466675e-12, 4.010727947673098e-12], "lowlevel.mfcc.mean": [-822.6796875, 191.02967834472656, 21.16628074645996, -18.429454803466797, -14.337634086608887, -35.718482971191406, -18.917221069335938, -20.842914581298828, -12.498479843139648, -1.035782814025879, -1.5839519500732422, -8.614686012268066, -20.089128494262695], "lowlevel.spectral_contrast_coeffs.mean": [-0.5201813578605652, -0.6272706985473633, -0.6881635189056396, -0.7933756113052368, -0.8145467638969421, -0.8204731345176697], "lowlevel.spectral_contrast_coeffs.stdev": [0.10929691791534424, 0.07939789444208145, 0.07281895726919174, 0.050888460129499435, 0.03738918527960777, 0.05403542518615723], "lowlevel.spectral_contrast_valleys.mean": [-8.839619636535645, -7.6136603355407715, -8.777338981628418, -9.588553428649902, -10.115828514099121, -12.580744743347168], "lowlevel.spectral_contrast_valleys.stdev": [1.1134727001190186, 1.0892620086669922, 0.9735537171363831, 1.0270544290542603, 1.5104831457138062, 2.2205350399017334], "rhythm.beats_loudness_band_ratio.mean": [0.12020561844110489, 0.42428502440452576, 0.47250819206237793, 0.01948292925953865, 0.005940613802522421, 0.013565092347562313], "rhythm.beats_loudness_band_ratio.stdev": [0.18930552899837494, 0.24119475483894348, 0.2597154676914215, 0.02950756624341011, 0.011885677464306355, 0.03988736495375633], "tonal.hpcp.mean": [0.0065877740271389484, 0.007208223920315504, 0.05461006984114647, 0.13976675271987915, 0.1241002082824707, 0.39253437519073486, 0.6701352596282959, 0.31620100140571594, 0.006788589991629124, 0.0069882250390946865, 0.011596604250371456, 0.07753244042396545, 0.1407250016927719, 0.08371037244796753, 0.018114207312464714, 0.009706511162221432, 0.02034532092511654, 0.058988943696022034, 0.08572319895029068, 0.05516168475151062, 0.022095607593655586, 0.014045124873518944, 0.009068434126675129, 0.01086242776364088, 0.013639681972563267, 0.00993285607546568, 0.11684451252222061, 0.21692505478858948, 0.10708881914615631, 0.0048928153701126575, 0.0026096408255398273, 0.0032334495335817337, 0.08007945865392685, 0.14052116870880127, 0.06816736608743668, 0.010108399204909801], "tonal.hpcp.stdev": [0.056283824145793915, 0.05137987062335014, 0.1478097289800644, 0.2952802777290344, 0.26821839809417725, 0.2514212727546692, 0.4124419093132019, 0.2154196947813034, 0.03933211416006088, 0.06372527778148651, 0.08084466308355331, 0.18627142906188965, 0.29701077938079834, 0.20212584733963013, 0.10993679612874985, 0.06474863737821579, 0.10765432566404343, 0.17972682416439056, 0.22529834508895874, 0.17105810344219208, 0.11708401888608932, 0.07618478685617447, 0.06092226877808571, 0.04837844893336296, 0.03649628534913063, 0.043590180575847626, 0.16043339669704437, 0.2541150748729706, 0.14274923503398895, 0.03555748239159584, 0.007968801073729992, 0.015123543329536915, 0.16428080201148987, 0.27007949352264404, 0.1450163871049881, 0.07968055456876755], "rhythm.beats_position": [0.4876190423965454, 0.9868480563163757, 1.4976871013641357, 2.0317459106445312, 2.554194927215576, 3.088253974914551, 3.6223127841949463, 4.156371593475342, 4.690430641174316, 5.224489688873291, 5.758548736572266, 6.304217338562012, 6.849886417388916, 7.383945465087891, 7.918004512786865, 8.45206356048584, 8.986122131347656, 9.520181655883789, 10.054240226745605, 10.588298797607422, 11.122358322143555, 11.656416893005371, 12.190476417541504, 12.72453498840332, 13.258593559265137, 13.79265308380127, 14.326711654663086, 14.860771179199219, 15.394829750061035, 15.940498352050781, 16.486167907714844, 17.020225524902344, 17.554285049438477, 18.07673454284668, 18.610794067382812, 19.133241653442383, 19.678911209106445, 20.224580764770508, 20.781858444213867, 21.30430793762207, 21.826757431030273, 22.360815048217773, 22.894874572753906, 23.4521541595459, 23.9862117767334, 24.53188133239746, 25.054330825805664, 25.588390350341797, 26.122447967529297, 26.6448974609375, 27.178956985473633, 27.724624633789062, 28.270294189453125, 28.804353713989258, 29.338411331176758, 29.87247085571289, 30.394920349121094, 30.917369842529297, 31.463037490844727, 31.99709701538086, 32.53115463256836, 33.07682418823242, 33.622493743896484, 34.156551361083984, 34.69061279296875, 35.24789047241211, 35.75872802734375, 36.292789459228516, 36.826847076416016, 37.37251663208008, 37.90657424926758, 38.45224380493164, 38.974693298339844, 39.508750915527344], "rhythm.bpm_histogram": [0.0, 0.0, 0.0, 0.0, 0.0, 0.0, 0.0, 0.0, 0.0, 0.0, 0.0, 0.0, 0.0, 0.0, 0.0, 0.0, 0.0, 0.0, 0.0, 0.0, 0.0, 0.0, 0.0, 0.0, 0.0, 0.0, 0.0, 0.0, 0.0, 0.0, 0.0, 0.0, 0.0, 0.0, 0.0, 0.0, 0.0, 0.0, 0.0, 0.0, 0.0, 0.0, 0.0, 0.0, 0.0, 0.0, 0.0, 0.0, 0.0, 0.0, 0.0, 0.0, 0.0, 0.0, 0.0, 0.0, 0.0, 0.0, 0.0, 0.0, 0.0, 0.0, 0.0, 0.0, 0.0, 0.0, 0.0, 0.0, 0.0, 0.0, 0.0, 0.0, 0.0, 0.0, 0.0, 0.0, 0.0, 0.0, 0.0, 0.0, 0.0, 0.0, 0.0, 0.0, 0.0, 0.0, 0.0, 0.0, 0.0, 0.0, 0.0, 0.0, 0.0, 0.0, 0.0, 0.0, 0.0, 0.0, 0.0, 0.0, 0.0, 0.0, 0.0, 0.0, 0.0, 0.0, 0.0, 0.0, 0.04109589010477066, 0.0, 0.19178082048892975, 0.0, 0.5890411138534546, 0.0, 0.0, 0.13698630034923553, 0.0, 0.027397260069847107, 0.0, 0.0, 0.013698630034923553, 0.0, 0.0, 0.0, 0.0, 0.0, 0.0, 0.0, 0.0, 0.0, 0.0, 0.0, 0.0, 0.0, 0.0, 0.0, 0.0, 0.0, 0.0, 0.0, 0.0, 0.0, 0.0, 0.0, 0.0, 0.0, 0.0, 0.0, 0.0, 0.0, 0.0, 0.0, 0.0, 0.0, 0.0, 0.0, 0.0, 0.0, 0.0, 0.0, 0.0, 0.0, 0.0, 0.0, 0.0, 0.0, 0.0, 0.0, 0.0, 0.0, 0.0, 0.0, 0.0, 0.0, 0.0, 0.0, 0.0, 0.0, 0.0, 0.0, 0.0, 0.0, 0.0, 0.0, 0.0, 0.0, 0.0, 0.0, 0.0, 0.0, 0.0, 0.0, 0.0, 0.0, 0.0, 0.0, 0.0, 0.0, 0.0, 0.0, 0.0, 0.0, 0.0, 0.0, 0.0, 0.0, 0.0, 0.0, 0.0, 0.0, 0.0, 0.0, 0.0, 0.0, 0.0, 0.0, 0.0, 0.0, 0.0, 0.0, 0.0, 0.0, 0.0, 0.0, 0.0, 0.0, 0.0, 0.0, 0.0, 0.0, 0.0, 0.0, 0.0, 0.0, 0.0, 0.0, 0.0, 0.0, 0.0, 0.0, 0.0, 0.0, 0.0, 0.0, 0.0, 0.0, 0.0, 0.0, 0.0, 0.0], "tonal.chords_histogram": [73.03240966796875, 0.9259259104728699, 9.722222328186035, 1.0416666269302368, 0.0, 0.0, 0.0, 0.0, 0.0, 0.0, 0.0, 0.0, 0.0, 0.0, 0.0, 0.0, 0.0, 12.615740776062012, 0.0, 0.0, 0.0, 0.0, 0.0, 2.6620371341705322], "tonal.thpcp": [1.0, 0.4718465507030487, 0.010130179114639759, 0.010428081266582012, 0.01730487123131752, 0.11569670587778091, 0.20999492704868317, 0.12491563707590103, 0.027030672878026962, 0.014484405517578125, 0.030360020697116852, 0.08802542835474014, 0.1279192417860031, 0.08231425285339355, 0.03297186270356178, 0.020958641543984413, 0.013532244600355625, 0.016209306195378304, 0.02035362459719181, 0.014822166413068771, 0.17435958981513977, 0.3237033784389496, 0.15980179607868195, 0.007301235571503639, 0.0038942000828683376, 0.004825070034712553, 0.11949745565652847, 0.20969074964523315, 0.10172180086374283, 0.015084117650985718, 0.009830513969063759, 0.010756371542811394, 0.08149111270904541, 0.20856498181819916, 0.18518680334091187, 0.5857539772987366], "lowlevel.gfcc.cov": [[17436.40625, -7717.35107421875, 1429.96826171875, 1730.8065185546875, -2889.423095703125, 984.3297119140625, -1817.9476318359375, 606.433349609375, -1279.402587890625, 1072.130615234375, -493.8138427734375, 746.9462280273438, -318.9563293457031], [-7717.35107421875, 7943.66748046875, -1349.7236328125, -1705.672607421875, 2157.686767578125, -997.083251953125, 1306.4862060546875, -524.2701416015625, 908.7536010742188, -950.2748413085938, 577.224609375, -829.7830200195312, 373.3438415527344], [1429.96826171875, -1349.7236328125, 839.1009521484375, 492.91656494140625, -427.3257751464844, 304.16009521484375, -186.95425415039062, 91.09893035888672, -116.45044708251953, 166.445068359375, -132.07113647460938, 193.55516052246094, -132.45413208007812], [1730.8065185546875, -1705.672607421875, 492.91656494140625, 842.2224731445312, -407.1871337890625, 233.0372772216797, -173.82984924316406, 159.26341247558594, -107.66050720214844, 180.30638122558594, -156.16464233398438, 236.47317504882812, -127.99347686767578], [-2889.423095703125, 2157.686767578125, -427.3257751464844, -407.1871337890625, 821.95556640625, -278.87298583984375, 417.65167236328125, -111.44645690917969, 272.26654052734375, -242.00086975097656, 157.1571502685547, -204.06910705566406, 110.63494873046875], [984.3297119140625, -997.083251953125, 304.16009521484375, 233.0372772216797, -278.87298583984375, 369.21038818359375, -116.32508850097656, 67.46830749511719, -113.90252685546875, 131.13368225097656, -65.25741577148438, 96.78038024902344, -61.103118896484375], [-1817.9476318359375, 1306.4862060546875, -186.95425415039062, -173.82984924316406, 417.65167236328125, -116.32508850097656, 446.02154541015625, -27.29874038696289, 240.05328369140625, -140.35943603515625, 88.27873229980469, -111.32124328613281, 28.68744659423828], [606.433349609375, -524.2701416015625, 91.09893035888672, 159.26341247558594, -111.44645690917969, 67.46830749511719, -27.29874038696289, 187.13088989257812, -8.140056610107422, 85.81260681152344, -20.95355987548828, 73.75062561035156, -3.7897353172302246], [-1279.402587890625, 908.7536010742188, -116.45044708251953, -107.66050720214844, 272.26654052734375, -113.90252685546875, 240.05328369140625, -8.140056610107422, 310.3674621582031, -82.93575286865234, 70.08795928955078, -61.049922943115234, 25.71184539794922], [1072.130615234375, -950.2748413085938, 166.445068359375, 180.30638122558594, -242.00086975097656, 131.13368225097656, -140.35943603515625, 85.81260681152344, -82.93575286865234, 242.5767059326172, -41.0399284362793, 107.08305358886719, -41.265174865722656], [-493.8138427734375, 577.224609375, -132.07113647460938, -156.16464233398438, 157.1571502685547, -65.25741577148438, 88.27873229980469, -20.95355987548828, 70.08795928955078, -41.0399284362793, 146.25941467285156, -42.87528991699219, 43.179420471191406], [746.9462280273438, -829.7830200195312, 193.55516052246094, 236.47317504882812, -204.06910705566406, 96.78038024902344, -111.32124328613281, 73.75062561035156, -61.049922943115234, 107.08305358886719, -42.87528991699219, 167.9474639892578, -21.92344856262207], [-318.9563293457031, 373.3438415527344, -132.45413208007812, -127.99347686767578, 110.63494873046875, -61.103118896484375, 28.68744659423828, -3.7897353172302246, 25.71184539794922, -41.265174865722656, 43.179420471191406, -21.92344856262207, 109.58746337890625]], "lowlevel.gfcc.icov": [[0.0002127882034983486, -0.00027902983129024506, 0.00013600237434729934, -0.0003032739623449743, 0.0007486315444111824, -0.00010176093928748742, 0.0004560090019367635, -0.0004511338484007865, 0.00041977764340117574, -0.000452651409432292, 2.7304949981044047e-05, -0.00012109149975003675, 0.00012867629993706942], [-0.00027902983129024506, 0.002143426099792123, -0.0009078577277250588, 0.001122192945331335, -0.002443018602207303, 0.0011664059711620212, -0.0019444868667051196, 0.001779525657184422, -0.0015628730179741979, 0.0021596751175820827, -0.0016991252778097987, 0.002976586576551199, -0.001768822898156941], [0.00013600237434729934, -0.0009078577277250588, 0.002868267707526684, -0.0010370378149673343, 0.001353958621621132, -0.0016029801918193698, 0.0009477956918999553, -0.0005315502057783306, 0.00034936104202643037, -0.0007081467192620039, 0.0010544892866164446, -0.0024000066332519054, 0.001972872531041503], [-0.0003032739623449743, 0.001122192945331335, -0.0010370378149673343, 0.0036168566439300776, -0.0017100272234529257, 0.0004245769523549825, -0.0012596305459737778, 3.8544301787624136e-05, -0.0010876449523493648, 0.0015274769393727183, 0.0005707606906071305, -0.001283556455746293, 0.0009079908486455679], [0.0007486315444111824, -0.002443018602207303, 0.001353958621621132, -0.0017100272234529257, 0.007706555537879467, -0.0004421155608724803, 0.0005086225573904812, -0.00186512665823102, 0.0017455408815294504, -0.0022626265417784452, 0.000552085810340941, -0.0015425474848598242, 0.0001290103537030518], [-0.00010176093928748742, 0.0011664059711620212, -0.0016029801918193698, 0.0004245769523549825, -0.0004421155608724803, 0.005324508063495159, -0.0018082036403939128, 0.0006170551059767604, 0.00021067957277409732, 3.9068305341061205e-05, -0.0011131179053336382, 0.0020280880853533745, -0.0009920448064804077], [0.0004560090019367635, -0.0019444868667051196, 0.0009477956918999553, -0.0012596305459737778, 0.0005086225573904812, -0.0018082036403939128, 0.007889717817306519, -0.0028588727582246065, -0.0009043762111105025, -0.0011413161410018802, 0.0009001410799100995, -0.0017873048782348633, 0.003010387299582362], [-0.0004511338484007865, 0.001779525657184422, -0.0005315502057783306, 3.8544301787624136e-05, -0.00186512665823102, 0.0006170551059767604, -0.0028588727582246065, 0.009500422514975071, -0.0021320912055671215, 9.915090777212754e-05, -0.0012454594252631068, 0.0010645230067893863, -0.0034277806989848614], [0.00041977764340117574, -0.0015628730179741979, 0.00034936104202643037, -0.0010876449523493648, 0.0017455408815294504, 0.00021067957277409732, -0.0009043762111105025, -0.0021320912055671215, 0.007436256390064955, -0.0018695957260206342, 0.00012961702304892242, -0.0020240377634763718, 0.0013116685440763831], [-0.000452651409432292, 0.0021596751175820827, -0.0007081467192620039, 0.0015274769393727183, -0.0022626265417784452, 3.9068305341061205e-05, -0.0011413161410018802, 9.915090777212754e-05, -0.0018695957260206342, 0.009818567894399166, -0.002146467799320817, 0.0002759310882538557, -0.00010191899491474032], [2.7304949981044047e-05, -0.0016991252778097987, 0.0010544892866164446, 0.0005707606906071305, 0.000552085810340941, -0.0011131179053336382, 0.0009001410799100995, -0.0012454594252631068, 0.00012961702304892242, -0.002146467799320817, 0.011578336358070374, -0.0036797651555389166, 0.00021561233734246343], [-0.00012109149975003675, 0.002976586576551199, -0.0024000066332519054, -0.001283556455746293, -0.0015425474848598242, 0.0020280880853533745, -0.0017873048782348633, 0.0010645230067893863, -0.0020240377634763718, 0.0002759310882538557, -0.0036797651555389166, 0.018445471301674843, -0.005981474183499813], [0.00012867629993706942, -0.001768822898156941, 0.001972872531041503, 0.0009079908486455679, 0.0001290103537030518, -0.0009920448064804077, 0.003010387299582362, -0.0034277806989848614, 0.0013116685440763831, -0.00010191899491474032, 0.00021561233734246343, -0.005981474183499813, 0.01575304940342903]], "lowlevel.mfcc.cov": [[14064.525390625, -7038.8681640625, 2103.71484375, 146.2064971923828, -424.9598083496094, -484.3029479980469, -32.50579833984375, -1088.9312744140625, -206.9060516357422, -455.1139221191406, -358.5158386230469, 57.63874053955078, -212.10389709472656], [-7038.8681640625, 7073.92333984375, -1805.9705810546875, -282.5646057128906, 362.41131591796875, 41.491485595703125, 194.18724060058594, 586.5307006835938, 83.2479019165039, 338.0093688964844, 222.1307830810547, -44.251773834228516, 33.08879852294922], [2103.71484375, -1805.9705810546875, 1096.596435546875, 138.40309143066406, -96.2639389038086, 124.77052307128906, -71.99163818359375, -85.76091766357422, -7.043733596801758, -86.5221176147461, -15.201412200927734, 50.41722106933594, 14.697062492370605], [146.2064971923828, -282.5646057128906, 138.40309143066406, 443.4324951171875, 27.03856658935547, 63.88541793823242, -48.82437515258789, 139.2924041748047, 38.23413848876953, 54.24546813964844, 8.382627487182617, 20.902027130126953, 101.39889526367188], [-424.9598083496094, 362.41131591796875, -96.2639389038086, 27.03856658935547, 171.24368286132812, 8.89163589477539, 21.100881576538086, 38.933170318603516, 14.173361778259277, 4.505880355834961, 0.6770080327987671, 1.458360195159912, 7.01017951965332], [-484.3029479980469, 41.491485595703125, 124.77052307128906, 63.88541793823242, 8.89163589477539, 268.20684814453125, 3.4298744201660156, 111.70023345947266, 25.767850875854492, 48.380855560302734, 43.375064849853516, 12.775019645690918, 43.689823150634766], [-32.50579833984375, 194.18724060058594, -71.99163818359375, -48.82437515258789, 21.100881576538086, 3.4298744201660156, 203.2936553955078, -5.024443626403809, 4.112420558929443, -6.023953914642334, 3.9206349849700928, 10.02535629272461, -16.834577560424805], [-1088.9312744140625, 586.5307006835938, -85.76091766357422, 139.2924041748047, 38.933170318603516, 111.70023345947266, -5.024443626403809, 305.5777587890625, 54.33966827392578, 107.82530975341797, 52.355690002441406, 12.872692108154297, 65.46855163574219], [-206.9060516357422, 83.2479019165039, -7.043733596801758, 38.23413848876953, 14.173361778259277, 25.767850875854492, 4.112420558929443, 54.33966827392578, 141.4956817626953, 35.88384246826172, 45.472381591796875, 23.461498260498047, 10.700904846191406], [-455.1139221191406, 338.0093688964844, -86.5221176147461, 54.24546813964844, 4.505880355834961, 48.380855560302734, -6.023953914642334, 107.82530975341797, 35.88384246826172, 166.15884399414062, 55.615421295166016, 16.64533805847168, 44.617347717285156], [-358.5158386230469, 222.1307830810547, -15.201412200927734, 8.382627487182617, 0.6770080327987671, 43.375064849853516, 3.9206349849700928, 52.355690002441406, 45.472381591796875, 55.615421295166016, 133.4694366455078, 49.5599365234375, 5.9377031326293945], [57.63874053955078, -44.251773834228516, 50.41722106933594, 20.902027130126953, 1.458360195159912, 12.775019645690918, 10.02535629272461, 12.872692108154297, 23.461498260498047, 16.64533805847168, 49.5599365234375, 96.11876678466797, 34.696197509765625], [-212.10389709472656, 33.08879852294922, 14.697062492370605, 101.39889526367188, 7.01017951965332, 43.689823150634766, -16.834577560424805, 65.46855163574219, 10.700904846191406, 44.617347717285156, 5.9377031326293945, 34.696197509765625, 130.85263061523438]], "lowlevel.mfcc.icov": [[0.00020667676290031523, 0.00011269378592260182, -0.0002034340868704021, -0.00014945212751626968, 9.332682384410873e-05, 0.0002862999390345067, -0.0001703588495729491, 0.0003915184934157878, 4.713256566901691e-05, -0.00019956078904215246, 0.00023933587362989783, -0.0001905856333905831, 0.0002306450915057212], [0.00011269378592260182, 0.0004114501061849296, 0.0003255954070482403, 0.00021058833226561546, -0.00036113435635343194, 0.00014234935224521905, -0.00018675145111046731, -0.0003159978659823537, 0.00014327946701087058, -0.0002238228335045278, -0.00025881241890601814, 7.608550367876887e-05, 4.093272946192883e-05], [-0.0002034340868704021, 0.0003255954070482403, 0.002059661317616701, -6.325200229184702e-05, 7.536815974162892e-05, -0.0012180251069366932, 0.0004283695889171213, -0.0004772664397023618, 4.919364073430188e-05, 0.0007233178475871682, -0.00039222187479026616, -0.0005557684926316142, 1.6639454770484008e-05], [-0.00014945212751626968, 0.00021058833226561546, -6.325200229184702e-05, 0.0036870697513222694, -0.0009349057218059897, 0.00010937087063211948, 0.0004807787772733718, -0.0019633558113127947, -0.000366199150448665, -0.00010935553291346878, -0.00023933501506689936, 0.0006497729918919504, -0.0021820056717842817], [9.332682384410873e-05, -0.00036113435635343194, 7.536815974162892e-05, -0.0009349057218059897, 0.007052805740386248, -0.0001923313393490389, -0.0004730767395813018, 0.0002335710305487737, -0.0005653398111462593, 0.0007845840300433338, 0.0010077015031129122, -0.0007868930115364492, 0.0004088831483386457], [0.0002862999390345067, 0.00014234935224521905, -0.0012180251069366932, 0.00010937087063211948, -0.0001923313393490389, 0.005637027323246002, -0.000720796175301075, -0.0011626060586422682, 0.00011152228398714215, -0.0006008683703839779, -0.0010666779708117247, 0.0009489296353422105, -0.0009101920877583325], [-0.0001703588495729491, -0.00018675145111046731, 0.0004283695889171213, 0.0004807787772733718, -0.0004730767395813018, -0.000720796175301075, 0.005509739276021719, -0.00016925377713050693, -0.0002244483766844496, 0.00041337424772791564, 0.0003193644224666059, -0.0011523516150191426, 0.0005784080130979419], [0.0003915184934157878, -0.0003159978659823537, -0.0004772664397023618, -0.0019633558113127947, 0.0002335710305487737, -0.0011626060586422682, -0.00016925377713050693, 0.007347660139203072, -0.0009085223427973688, -0.0022122198715806007, 0.0004035445745103061, -4.5651948312297463e-05, -0.00021035101963207126], [4.713256566901691e-05, 0.00014327946701087058, 4.919364073430188e-05, -0.000366199150448665, -0.0005653398111462593, 0.00011152228398714215, -0.0002244483766844496, -0.0009085223427973688, 0.008477717638015747, -0.0006642125663347542, -0.0020675889682024717, -0.0008728376124054193, 0.0005955872475169599], [-0.00019956078904215246, -0.0002238228335045278, 0.0007233178475871682, -0.00010935553291346878, 0.0007845840300433338, -0.0006008683703839779, 0.00041337424772791564, -0.0022122198715806007, -0.0006642125663347542, 0.009621674194931984, -0.0030271816067397594, 0.000854839978273958, -0.0022605066187679768], [0.00023933587362989783, -0.00025881241890601814, -0.00039222187479026616, -0.00023933501506689936, 0.0010077015031129122, -0.0010666779708117247, 0.0003193644224666059, 0.0004035445745103061, -0.0020675889682024717, -0.0030271816067397594, 0.013075600378215313, -0.006851564161479473, 0.0032489255536347628], [-0.0001905856333905831, 7.608550367876887e-05, -0.0005557684926316142, 0.0006497729918919504, -0.0007868930115364492, 0.0009489296353422105, -0.0011523516150191426, -4.5651948312297463e-05, -0.0008728376124054193, 0.000854839978273958, -0.006851564161479473, 0.016258714720606804, -0.005389621015638113], [0.0002306450915057212, 4.093272946192883e-05, 1.6639454770484008e-05, -0.0021820056717842817, 0.0004088831483386457, -0.0009101920877583325, 0.0005784080130979419, -0.00021035101963207126, 0.0005955872475169599, -0.0022605066187679768, 0.0032489255536347628, -0.005389621015638113, 0.012160059995949268]], "metadata.audio_properties.analysis.downmix": "mix", "metadata.audio_properties.codec": "mp3", "metadata.audio_properties.md5_encoded": "0efa752