{"song_id": "1183709994185674772", "download": "https://cdn.discordapp.com/attachments/1128313332273782784/1183709994185674772/chirp.mp4?ex=658952d6&amp", "lyrics": "\u0421 \u0414\u043d\u0451\u043c \u0420\u043e\u0436\u0434\u0435\u043d\u0438\u044f \u0442\u0435\u0431\u044f \u041d\u0430\u0434\u044f!\n\u041f\u0443\u0441\u0442\u044c \u0440\u0430\u0434\u043e\u0441\u0442\u044c \u0432\u0441\u0435\u0433\u0434\u0430 \u043f\u043e\u0431\u0435\u0436\u0434\u0430\u0435\u0442 \u0433\u0440\u0443\u0441\u0442\u044c,\n\u041f\u043b\u044b\u0432\u0438 \u043f\u043e \u0436\u0438\u0437\u043d\u0438 \u043d\u0430\u0437\u0430\u0434 \u043d\u0435 \u0433\u043b\u044f\u0434\u044f, \n\u0418 \u043f\u0430\u0440\u0443\u0441 \u0442\u0432\u043e\u0439 \u0440\u0430\u0437\u0432\u0438\u0432\u0430\u0435\u0442\u0441\u044f \u043f\u0443\u0441\u0442\u044c!  (\u041f\u0443\u0443\u0443\u0441\u0442\u044c)\n\u041f\u0443\u0441\u0442\u044c \u0431\u0443\u0434\u0443\u0442 \u0441\u0447\u0430\u0441\u0442\u044c\u044f \u0448\u0438\u0440\u043e\u043a\u0438\u0435 \u0440\u0435\u043a\u0438, \n\u0418 \u0432\u043e\u043b\u043d\u044b \u043b\u044e\u0431\u0432\u0438 \u0443 \u043c\u043e\u0440\u0441\u043a\u0438\u0445 \u0431\u0435\u0440\u0435\u0433\u043e\u0432,\n\u0412\u043f\u0435\u0440\u0451\u0434 \u043f\u043e\u043d\u0435\u0441\u0451\u0442 \u0432\u043e\u0434\u043e\u043f\u0430\u0434 \u0442\u0435\u0431\u044f \u043d\u0435\u043a\u0438\u0439\n\u0421\u043a\u0432\u043e\u0437\u044c \u0434\u0436\u0443\u043d\u0433\u043b\u0438 \u0441\u0430\u043c\u044b\u0445 \u043f\u0440\u0435\u043a\u0440\u0430\u0441\u043d\u044b\u0445 \u0446\u0432\u0435\u0442\u043e\u0432! \n\u0421 \u0414\u043d\u0451\u043c \u0420\u043e\u0436\u0434\u0435\u043d\u0438\u044f, \u0442\u0435\u0431\u044f\u044f\u044f\u044f, \u041d\u0430\u0434\u044f\u044f\u044f!\n\u0421 \u0414\u043d\u0451\u043c \u0440\u043e\u0436\u0434\u0435\u043d\u0438\u044f, \u0442\u0435\u0431\u044f, \u0423\u0420\u0410\u0410\u0410!!!", "style": ["\u6708\u5149\u60c5\u6b4c"], "essentia_features": {"lowlevel.average_loudness": 0.7336033582687378, "lowlevel.barkbands_crest.mean": 13.011016845703125, "lowlevel.barkbands_crest.stdev": 4.845804214477539, "lowlevel.barkbands_flatness_db.mean": 0.22787055373191833, "lowlevel.barkbands_flatness_db.stdev": 0.06552694737911224, "lowlevel.barkbands_kurtosis.mean": 7.044605731964111, "lowlevel.barkbands_kurtosis.stdev": 9.141671180725098, "lowlevel.barkbands_skewness.mean": 1.7369500398635864, "lowlevel.barkbands_skewness.stdev": 1.3857799768447876, "lowlevel.barkbands_spread.mean": 12.10583209991455, "lowlevel.barkbands_spread.stdev": 14.89211654663086, "lowlevel.dissonance.mean": 0.4099656045436859, "lowlevel.dissonance.stdev": 0.05624955892562866, "lowlevel.dynamic_complexity": 5.391534805297852, "lowlevel.erbbands_crest.mean": 11.672639846801758, "lowlevel.erbbands_crest.stdev": 5.121937274932861, "lowlevel.erbbands_flatness_db.mean": 0.21491768956184387, "lowlevel.erbbands_flatness_db.stdev": 0.07083873450756073, "lowlevel.erbbands_kurtosis.mean": 1.6123762130737305, "lowlevel.erbbands_kurtosis.stdev": 2.8840246200561523, "lowlevel.erbbands_skewness.mean": 0.5771284103393555, "lowlevel.erbbands_skewness.stdev": 0.8733121156692505, "lowlevel.erbbands_spread.mean": 26.112770080566406, "lowlevel.erbbands_spread.stdev": 21.45464515686035, "lowlevel.hfc.mean": 11.154406547546387, "lowlevel.hfc.stdev": 16.4647159576416, "lowlevel.loudness_ebu128.integrated": -15.83862018585205, "lowlevel.loudness_ebu128.loudness_range": 7.701379776000977, "lowlevel.loudness_ebu128.momentary.mean": -18.70435905456543, "lowlevel.loudness_ebu128.momentary.stdev": 6.000385284423828, "lowlevel.loudness_ebu128.short_term.mean": -17.22086524963379, "lowlevel.loudness_ebu128.short_term.stdev": 3.0207316875457764, "lowlevel.melbands_crest.mean": 15.756731986999512, "lowlevel.melbands_crest.stdev": 4.708192348480225, "lowlevel.melbands_flatness_db.mean": 0.3097308278083801, "lowlevel.melbands_flatness_db.stdev": 0.08137722313404083, "lowlevel.melbands_kurtosis.mean": 13.166102409362793, "lowlevel.melbands_kurtosis.stdev": 16.81561279296875, "lowlevel.melbands_skewness.mean": 2.4065239429473877, "lowlevel.melbands_skewness.stdev": 1.7377060651779175, "lowlevel.melbands_spread.mean": 12.696823120117188, "lowlevel.melbands_spread.stdev": 16.920974731445312, "lowlevel.pitch_salience.mean": 0.48205599188804626, "lowlevel.pitch_salience.stdev": 0.12623582780361176, "lowlevel.silence_rate_20dB.mean": 1.0, "lowlevel.silence_rate_20dB.stdev": 0.0, "lowlevel.silence_rate_30dB.mean": 0.9878331422805786, "lowlevel.silence_rate_30dB.stdev": 0.10963115841150284, "lowlevel.silence_rate_60dB.mean": 0.21958285570144653, "lowlevel.silence_rate_60dB.stdev": 0.4139653444290161, "lowlevel.spectral_centroid.mean": 748.6610107421875, "lowlevel.spectral_centroid.stdev": 702.9239501953125, "lowlevel.spectral_complexity.mean": 8.840672492980957, "lowlevel.spectral_complexity.stdev": 4.952330112457275, "lowlevel.spectral_decrease.mean": -5.356213694795997e-09, "lowlevel.spectral_decrease.stdev": 5.7483648951972555e-09, "lowlevel.spectral_energy.mean": 0.021227309480309486, "lowlevel.spectral_energy.stdev": 0.023001201450824738, "lowlevel.spectral_energyband_high.mean": 0.00015746343706268817, "lowlevel.spectral_energyband_high.stdev": 0.0005354876047931612, "lowlevel.spectral_energyband_low.mean": 0.006753639318048954, "lowlevel.spectral_energyband_low.stdev": 0.008573212660849094, "lowlevel.spectral_energyband_middle_high.mean": 0.0036630663089454174, "lowlevel.spectral_energyband_middle_high.stdev": 0.009353059343993664, "lowlevel.spectral_energyband_middle_low.mean": 0.01131726149469614, "lowlevel.spectral_energyband_middle_low.stdev": 0.013867049477994442, "lowlevel.spectral_entropy.mean": 6.704420566558838, "lowlevel.spectral_entropy.stdev": 0.7318634986877441, "lowlevel.spectral_flux.mean": 0.04504028707742691, "lowlevel.spectral_flux.stdev": 0.041284024715423584, "lowlevel.spectral_kurtosis.mean": 18.903268814086914, "lowlevel.spectral_kurtosis.stdev": 23.721702575683594, "lowlevel.spectral_rms.mean": 0.0038883769884705544, "lowlevel.spectral_rms.stdev": 0.002364327432587743, "lowlevel.spectral_rolloff.mean": 995.4065551757812, "lowlevel.spectral_rolloff.stdev": 1770.3514404296875, "lowlevel.spectral_skewness.mean": 3.129561424255371, "lowlevel.spectral_skewness.stdev": 1.6144222021102905, "lowlevel.spectral_spread.mean": 3721300.0, "lowlevel.spectral_spread.stdev": 2405306.25, "lowlevel.spectral_strongpeak.mean": 0.9933130145072937, "lowlevel.spectral_strongpeak.stdev": 1.431659460067749, "lowlevel.zerocrossingrate.mean": 0.03884749859571457, "lowlevel.zerocrossingrate.stdev": 0.049618933349847794, "metadata.audio_properties.analysis.equal_loudness": 0.0, "metadata.audio_properties.analysis.length": 40.04265213012695, "metadata.audio_properties.analysis.sample_rate": 44100.0, "metadata.audio_properties.analysis.start_time": 0.0, "metadata.audio_properties.bit_rate": 115952.0, "metadata.audio_properties.length": 40.042667388916016, "metadata.audio_properties.lossless": 0.0, "metadata.audio_properties.number_channels": 1.0, "metadata.audio_properties.replay_gain": -12.289205551147461, "metadata.audio_properties.sample_rate": 48000.0, "rhythm.beats_count": 58.0, "rhythm.beats_loudness.mean": 0.029648873955011368, "rhythm.beats_loudness.stdev": 0.02573532611131668, "rhythm.bpm": 72.82231140136719, "rhythm.bpm_histogram_first_peak_bpm": 105.0, "rhythm.bpm_histogram_first_peak_weight": 0.5333333611488342, "rhythm.bpm_histogram_second_peak_bpm": 72.0, "rhythm.bpm_histogram_second_peak_spread": 0.307692289352417, "rhythm.bpm_histogram_second_peak_weight": 0.15789473056793213, "rhythm.danceability": 1.0730793476104736, "rhythm.onset_rate": 3.270550489425659, "tonal.chords_changes_rate": 0.0486111119389534, "tonal.chords_number_rate": 0.010416666977107525, "tonal.chords_strength.mean": 0.4883521795272827, "tonal.chords_strength.stdev": 0.09584302455186844, "tonal.hpcp_crest.mean": 18.712987899780273, "tonal.hpcp_crest.stdev": 8.001399040222168, "tonal.hpcp_entropy.mean": 1.3930193185806274, "tonal.hpcp_entropy.stdev": 0.6561107635498047, "tonal.key_edma.strength": 0.639359176158905, "tonal.key_krumhansl.strength": 0.6336697340011597, "tonal.key_temperley.strength": 0.6477625370025635, "tonal.tuning_diatonic_strength": 0.49396562576293945, "tonal.tuning_equal_tempered_deviation": 0.007377111818641424, "tonal.tuning_frequency": 438.47772216796875, "tonal.tuning_nontempered_energy_ratio": 0.6132136583328247, "lowlevel.barkbands.mean": [9.769440111995209e-06, 0.005008137784898281, 0.0012870151549577713, 0.0009060318116098642, 0.0024006639141589403, 0.0019682699348777533, 0.0016685340087860823, 0.002258596708998084, 0.0015980270691215992, 0.0008890217868611217, 0.0011733530554920435, 0.0006410484202206135, 0.0004784046032000333, 0.00038216798566281796, 0.00012064929615007713, 9.410920029040426e-05, 6.589744589291513e-05, 4.1421899368287995e-05, 5.223596599535085e-05, 3.662004382931627e-05, 1.934093415911775e-05, 2.1762511096312664e-05, 2.0047235011588782e-05, 2.9017412089160644e-05, 3.542509148246609e-05, 2.1612617274513468e-05, 1.451376476779842e-07], "lowlevel.barkbands.stdev": [2.1056581317679957e-05, 0.007228109985589981, 0.0016378440195694566, 0.0017324457876384258, 0.0030521892476826906, 0.0045697567984461784, 0.004500947427004576, 0.005837941542267799, 0.006366330198943615, 0.004006324335932732, 0.005633621942251921, 0.0032263929024338722, 0.001624138094484806, 0.0017131734639406204, 0.0006114472635090351, 0.0003802647115662694, 0.0001839669275796041, 0.00012931166565977037, 0.00022190083109308034, 8.935537334764376e-05, 7.332595123443753e-05, 9.816541569307446e-05, 8.617599087301642e-05, 0.00011244676716160029, 0.00013801052409689873, 7.613677007611841e-05, 5.651264132211509e-07], "lowlevel.erbbands.mean": [0.05962500348687172, 1.354953408241272, 2.1837174892425537, 2.304671287536621, 4.558804988861084, 9.308338165283203, 10.979219436645508, 20.205291748046875, 20.94756507873535, 44.20021057128906, 38.59878921508789, 37.02320098876953, 31.720802307128906, 38.72653579711914, 31.24306869506836, 27.170438766479492, 25.537397384643555, 21.193357467651367, 9.055800437927246, 6.118343353271484, 4.339456558227539, 3.547464609146118, 2.868755340576172, 1.817543864250183, 3.1576790809631348, 1.6635679006576538, 0.8679347634315491, 0.718889057636261, 0.7805243134498596, 0.6749011278152466, 0.559418261051178, 0.5333366990089417, 0.5273714661598206, 0.3988632559776306, 0.2525974214076996, 0.12098415195941925, 0.03521765023469925, 0.002891527023166418, 7.129019650164992e-05, 2.7253205189481378e-05], "lowlevel.erbbands.stdev": [0.09457626938819885, 1.9659699201583862, 3.011061191558838, 3.179827928543091, 7.201549053192139, 13.783635139465332, 18.99446678161621, 52.872337341308594, 56.69072723388672, 94.1591796875, 120.81763458251953, 144.67398071289062, 156.09571838378906, 195.25489807128906, 113.79034423828125, 125.23521423339844, 85.10282897949219, 82.66881561279297, 37.895103454589844, 22.774450302124023, 15.13005256652832, 9.164731979370117, 8.841103553771973, 6.607975959777832, 11.772661209106445, 4.0490403175354, 3.2915079593658447, 2.7112531661987305, 3.619624376296997, 2.902177095413208, 2.460921287536621, 2.157982349395752, 2.035430908203125, 1.641173005104065, 0.9650387763977051, 0.44289499521255493, 0.12225320935249329, 0.011069951578974724, 0.0002200274175265804, 2.912941090471577e-05], "lowlevel.gfcc.mean": [-105.91664123535156, 133.22625732421875, -91.48115539550781, -2.213430643081665, -59.11027145385742, 14.946511268615723, -40.1763916015625, 7.592983245849609, -31.03230857849121, -1.2080947160720825, -12.429341316223145, -6.599435329437256, -14.264735221862793], "lowlevel.melbands.mean": [0.0010016184533014894, 0.001446698559448123, 0.0004563216061796993, 0.0004950387519784272, 0.0004209073376841843, 0.0004314639372751117, 0.0003161531058140099, 0.0005155345425009727, 0.00031219658558256924, 0.00022748582705389708, 0.0001480269420426339, 0.00014428423310164362, 0.00011704210919560865, 6.663831300102174e-05, 7.751568773528561e-05, 4.455499947653152e-05, 4.139751763432287e-05, 1.520616115158191e-05, 1.0391380783403292e-05, 8.176845767593477e-06, 4.068148882652167e-06, 3.6248532069294015e-06, 3.3183991945406888e-06, 1.857603706412192e-06, 1.3482153917721007e-06, 2.131854671461042e-06, 2.2205920231499476e-06, 8.246562401836854e-07, 5.030073566558713e-07, 4.904748607259535e-07, 3.982116822953685e-07, 4.378773610369535e-07, 4.2802980715350714e-07, 3.5693557265403797e-07, 3.1895072538645763e-07, 3.0117709570731677e-07, 3.462369022599887e-07, 3.8158205484251084e-07, 3.3556571565895865e-07, 3.382409659025143e-07], "lowlevel.melbands.stdev": [0.0014488230226561427, 0.0019795713014900684, 0.0006637837504968047, 0.0006105925422161818, 0.0006451294175349176, 0.0010506890248507261, 0.0008447286090813577, 0.0011587211629375815, 0.0011247196234762669, 0.0008931157062761486, 0.000765976554248482, 0.00072872155578807, 0.000493316852953285, 0.0003127721429336816, 0.0003784955770242959, 0.00017277058213949203, 0.0001838981988839805, 8.080290717771277e-05, 5.87263421039097e-05, 3.290373206255026e-05, 1.3035858501098119e-05, 9.438693268748466e-06, 9.839357517194003e-06, 6.2806575442664325e-06, 5.274712748359889e-06, 8.868894838087726e-06, 6.799384209443815e-06, 2.156923983420711e-06, 2.0780437353096204e-06, 1.9232434169680346e-06, 1.5509673403357738e-06, 2.063222154902178e-06, 1.998559355342877e-06, 1.5282613503586617e-06, 1.4290302488007e-06, 1.28603551274864e-06, 1.404013687533734e-06, 1.483790924794448e-06, 1.3652579582412727e-06, 1.4124457266007084e-06], "lowlevel.melbands128.mean": [5.113623046781868e-06, 0.00015482353046536446, 0.0013470575213432312, 0.0027362944092601538, 0.0015547891380265355, 0.0005491910269483924, 0.00044311367673799396, 0.0004528094141278416, 0.0004338822327554226, 0.000490371894557029, 0.0005433665937744081, 0.0005027386941947043, 0.0003072644758503884, 0.0004044646630063653, 0.0006045220652595162, 0.0002820171939674765, 0.00034316323581151664, 0.00028212196775712073, 0.0003652992600109428, 0.0004936275654472411, 0.0007001636549830437, 0.0002630601229611784, 0.00028492670389823616, 0.00033326048287563026, 0.0002128977794200182, 0.00023403337399940938, 0.00010661836131475866, 0.00021600574837066233, 9.052026143763214e-05, 6.007671618135646e-05, 0.00023261165188159794, 0.00018942978931590915, 5.9764923207694665e-05, 0.0001316186971962452, 4.8730089474702254e-05, 5.218311707722023e-05, 7.173529593273997e-05, 0.00011105822341050953, 5.097319444757886e-05, 5.437961226562038e-05, 5.208121001487598e-05, 9.77625313680619e-06, 4.964813342667185e-05, 5.3622272389475256e-05, 2.465428042341955e-05, 4.862651167059084e-06, 8.348200026375707e-06, 1.6520096323802136e-05, 8.476732546114363e-06, 2.789302243400016e-06, 1.1912757145182695e-05, 9.542676707496867e-06, 2.1894970814173575e-06, 3.352693738634116e-06, 3.4583201795612695e-06, 3.2452862797072157e-06, 4.0427303247270174e-06, 4.113127943128347e-06, 2.3878376396169188e-06, 3.4691818200371927e-06, 1.511518007646373e-06, 9.77113359112991e-07, 1.566895321047923e-06, 1.1151547596455202e-06, 1.6138687897182535e-06, 2.0543068330880487e-06, 2.3475001853512367e-06, 3.172553078911733e-06, 1.9033201397178345e-06, 1.5822126897546696e-06, 7.086489404173335e-07, 5.616193448076956e-07, 4.5557291628028906e-07, 4.610144230809965e-07, 6.116633244346303e-07, 5.171800694370177e-07, 4.451472079836094e-07, 3.6481182519310096e-07, 3.860458832605218e-07, 4.3502112134774507e-07, 4.35135291354527e-07, 4.311419274927175e-07, 4.632128138837288e-07, 4.58824274573999e-07, 3.6327222119325597e-07, 3.663570851131226e-07, 3.692071004479658e-07, 3.0680058671350707e-07, 3.273812012594135e-07, 3.036236932985048e-07, 3.313186027753545e-07, 2.874281506137777e-07, 2.7605494778981665e-07, 3.0699499120601104e-07, 4.394097743443126e-07, 4.007640654890565e-07, 3.503874097532389e-07, 3.8758275877626147e-07, 3.176228062784503e-07, 3.0839535725135647e-07, 3.6620448895519075e-07, 3.5337134818291815e-07, 3.032687345694285e-07, 2.7407111247157445e-07, 3.003374899890332e-07, 2.9302822213139734e-07, 2.378850041395708e-07, 2.436770216718287e-07, 2.045237152970003e-07, 1.9021989317025145e-07, 1.6331114238710143e-07, 1.3170770785109198e-07, 1.1385213838366326e-07, 8.236013826490307e-08, 4.796113728389173e-08, 2.4682440979972853e-08, 6.699925059194811e-09, 8.204799062383472e-10, 5.02699444571153e-11, 5.620630263297732e-12, 4.838053135197695e-12, 2.6740833939525865e-12, 2.504563613794919e-12, 2.45698231725322e-12, 2.394017926607428e-12, 2.315850419418175e-12, 2.2691494950405344e-12, 2.2527468172134357e-12], "lowlevel.melbands128.stdev": [1.1052681657020003e-05, 0.0004029377596452832, 0.00213823514059186, 0.0041067395359277725, 0.0023604724556207657, 0.0006864341557957232, 0.0006398723926395178, 0.0010613537160679698, 0.0008152100490406156, 0.0007803502958267927, 0.0009597062016837299, 0.0010853202547878027, 0.0007125723641365767, 0.0009833790827542543, 0.001916350913234055, 0.0007835991564206779, 0.0013184144627302885, 0.0009163516224361956, 0.0014636310515925288, 0.001160216168500483, 0.0018996314611285925, 0.0013884141808375716, 0.0014128704788163304, 0.0020539516117423773, 0.0011455155909061432, 0.0012351565528661013, 0.0006590217817574739, 0.0014604064635932446, 0.0003426892508286983, 0.0002582462620921433, 0.0014063820708543062, 0.001443845801986754, 0.00029065576381981373, 0.0005997421103529632, 0.00045390520244836807, 0.0004016176098957658, 0.0005125097231939435, 0.0007444824441336095, 0.00021635947632603347, 0.00029328264645300806, 0.00023337634047493339, 5.22932896274142e-05, 0.00027955410769209266, 0.0002502903516869992, 0.00022484944202005863, 1.670709389145486e-05, 5.821205195388757e-05, 0.00011511275079101324, 5.392900493461639e-05, 9.699092515802477e-06, 5.2999039326095954e-05, 5.617939314106479e-05, 8.26860105007654e-06, 1.0265800483466592e-05, 1.2166898159193806e-05, 1.1956374692090321e-05, 1.3437913366942666e-05, 1.780632919690106e-05, 8.084333785518538e-06, 1.411245648341719e-05, 7.005482530075824e-06, 3.5123027828376507e-06, 6.11815630691126e-06, 4.98738245369168e-06, 8.148239430738613e-06, 9.463249625696335e-06, 1.0992381248797756e-05, 1.3854762983100954e-05, 5.637980848405277e-06, 4.376367542135995e-06, 2.1034556993981823e-06, 1.9220051399315707e-06, 2.236740101579926e-06, 2.1217474568402395e-06, 2.8659183044510428e-06, 2.1187449874560116e-06, 1.9440276446403004e-06, 1.4856549341857317e-06, 1.5990482324923505e-06, 1.9325088942423463e-06, 2.0921786472172244e-06, 2.1390653728303732e-06, 2.656733386174892e-06, 2.337543719477253e-06, 1.4774797136851703e-06, 1.73239970990835e-06, 1.759614633556339e-06, 1.1501242624945007e-06, 1.6079695797088789e-06, 1.490331214881735e-06, 1.6899800812097965e-06, 1.1369945696060313e-06, 1.3006542758375872e-06, 1.311549567617476e-06, 1.8229873148811748e-06, 1.6351037857020856e-06, 1.3949600088380976e-06, 1.6536143903067568e-06, 1.3262060747365467e-06, 1.3226899682194926e-06, 1.7900401871884242e-06, 1.4843337794445688e-06, 1.2490711469581584e-06, 1.219303157995455e-06, 1.295167749049142e-06, 1.0626470157149015e-06, 9.402803584634967e-07, 9.836124945650226e-07, 7.974293794177356e-07, 7.256656431309239e-07, 6.326008588075638e-07, 4.708418828158756e-07, 4.1022119035005744e-07, 3.3472787208665977e-07, 2.13350290323433e-07, 1.1965715884798556e-07, 2.6452124046727477e-08, 5.0062545220441734e-09, 8.327652456507906e-10, 9.896494734817907e-11, 7.482019864779588e-11, 7.493009684944596e-12, 5.947201498629484e-12, 5.8420807254322416e-12, 5.7568897565696275e-12, 5.6877124537946244e-12, 5.637683462428322e-12, 5.606719082063005e-12], "lowlevel.mfcc.mean": [-760.9569091796875, 174.9661865234375, 18.846433639526367, -1.945509672164917, 3.2373764514923096, -1.219754934310913, 5.994582176208496, 0.9901308417320251, -8.026484489440918, 0.6824160218238831, -3.8696601390838623, -2.0526504516601562, 1.0458333492279053], "lowlevel.spectral_contrast_coeffs.mean": [-0.66900634765625, -0.693743109703064, -0.7364544868469238, -0.7874385118484497, -0.8001000285148621, -0.8129236102104187], "lowlevel.spectral_contrast_coeffs.stdev": [0.08594359457492828, 0.09553320705890656, 0.08417102694511414, 0.06779744476079941, 0.06181027367711067, 0.04011879861354828], "lowlevel.spectral_contrast_valleys.mean": [-7.387413501739502, -7.4581098556518555, -8.168731689453125, -8.889323234558105, -9.429798126220703, -11.811352729797363], "lowlevel.spectral_contrast_valleys.stdev": [1.3127293586730957, 1.0727078914642334, 1.0248037576675415, 1.2810674905776978, 1.4570465087890625, 1.4626954793930054], "rhythm.beats_loudness_band_ratio.mean": [0.350149929523468, 0.25600776076316833, 0.26333752274513245, 0.13244181871414185, 0.01610863395035267, 0.030495787039399147], "rhythm.beats_loudness_band_ratio.stdev": [0.2790771424770355, 0.23543629050254822, 0.22875778377056122, 0.15765318274497986, 0.0225118026137352, 0.11811411380767822], "tonal.hpcp.mean": [0.0135707538574934, 0.016435571014881134, 0.0870172455906868, 0.192925825715065, 0.13561473786830902, 0.029161198064684868, 0.020215408876538277, 0.01869443617761135, 0.16569527983665466, 0.33052581548690796, 0.18735967576503754, 0.08019281923770905, 0.16251952946186066, 0.10298285633325577, 0.02036556415259838, 0.024865945801138878, 0.021130159497261047, 0.10056048631668091, 0.2031393200159073, 0.12389715760946274, 0.02691258303821087, 0.023766830563545227, 0.019944293424487114, 0.19623325765132904, 0.3304106295108795, 0.15664663910865784, 0.02840101718902588, 0.033362481743097305, 0.022173337638378143, 0.03811641409993172, 0.06920601427555084, 0.05398333817720413, 0.08459959179162979, 0.14512796700000763, 0.09259729087352753, 0.023393619805574417], "tonal.hpcp.stdev": [0.07107212394475937, 0.07790031284093857, 0.1890745908021927, 0.32839086651802063, 0.2512063682079315, 0.11547751724720001, 0.09978082031011581, 0.10330246388912201, 0.2333875596523285, 0.39101046323776245, 0.2466294914484024, 0.16391445696353912, 0.31700846552848816, 0.20850008726119995, 0.08224925398826599, 0.08634856343269348, 0.07972508668899536, 0.2082691341638565, 0.3574158847332001, 0.23534706234931946, 0.08207622915506363, 0.07277893275022507, 0.08122874796390533, 0.27895331382751465, 0.4122098684310913, 0.22072815895080566, 0.1018214300274849, 0.12928001582622528, 0.08786530047655106, 0.11464700847864151, 0.17624759674072266, 0.13979586958885193, 0.17745767533779144, 0.24692979454994202, 0.18623872101306915, 0.09757938235998154], "rhythm.beats_position": [0.8126984238624573, 1.6253968477249146, 2.4380950927734375, 3.2740135192871094, 4.098321914672852, 4.934240341186523, 5.770158767700195, 6.617686748504639, 7.4536051750183105, 8.28952407836914, 9.125441551208496, 9.949749946594238, 10.739229202270508, 11.528707504272461, 12.213695526123047, 12.89868450164795, 13.572063446044922, 14.257051467895508, 14.94204044342041, 15.627029418945312, 16.30040740966797, 16.85768699645996, 17.414966583251953, 17.983854293823242, 18.564353942871094, 19.133241653442383, 19.702131271362305, 20.282630920410156, 20.851518630981445, 21.432018280029297, 22.012516021728516, 22.593015670776367, 23.16190528869629, 23.742403030395508, 24.31129264831543, 24.88018035888672, 25.541950225830078, 26.203718185424805, 26.91192626953125, 27.6085262298584, 28.328344345092773, 29.059772491455078, 29.791200637817383, 30.49941062927246, 31.196008682250977, 31.811336517333984, 32.426666259765625, 33.0303840637207, 33.63410186767578, 34.284263610839844, 34.89958953857422, 35.52653121948242, 36.15346908569336, 36.79201889038086, 37.430564880371094, 38.069114685058594, 38.707664489746094, 39.35782241821289], "rhythm.bpm_histogram": [0.0, 0.0, 0.0, 0.0, 0.0, 0.0, 0.0, 0.0, 0.0, 0.0, 0.0, 0.0, 0.0, 0.0, 0.0, 0.0, 0.0, 0.0, 0.0, 0.0, 0.0, 0.0, 0.0, 0.0, 0.0, 0.0, 0.0, 0.0, 0.0, 0.0, 0.0, 0.0, 0.0, 0.0, 0.0, 0.0, 0.0, 0.0, 0.0, 0.0, 0.0, 0.0, 0.0, 0.0, 0.0, 0.0, 0.0, 0.0, 0.0, 0.0, 0.0, 0.0, 0.0, 0.0, 0.0, 0.0, 0.0, 0.0, 0.0, 0.0, 0.0, 0.0, 0.0, 0.0, 0.0, 0.0, 0.0, 0.0, 0.0, 0.0, 0.0, 0.017543859779834747, 0.10526315867900848, 0.035087719559669495, 0.035087719559669495, 0.0, 0.035087719559669495, 0.0, 0.0, 0.0, 0.0, 0.0, 0.035087719559669495, 0.017543859779834747, 0.0, 0.035087719559669495, 0.035087719559669495, 0.0, 0.08771929889917374, 0.035087719559669495, 0.0, 0.035087719559669495, 0.035087719559669495, 0.0, 0.07017543911933899, 0.0, 0.035087719559669495, 0.0, 0.05263157933950424, 0.035087719559669495, 0.0, 0.0, 0.0, 0.10526315867900848, 0.0, 0.12280701845884323, 0.0, 0.0, 0.035087719559669495, 0.0, 0.0, 0.0, 0.0, 0.0, 0.0, 0.0, 0.0, 0.0, 0.0, 0.0, 0.0, 0.0, 0.0, 0.0, 0.0, 0.0, 0.0, 0.0, 0.0, 0.0, 0.0, 0.0, 0.0, 0.0, 0.0, 0.0, 0.0, 0.0, 0.0, 0.0, 0.0, 0.0, 0.0, 0.0, 0.0, 0.0, 0.0, 0.0, 0.0, 0.0, 0.0, 0.0, 0.0, 0.0, 0.0, 0.0, 0.0, 0.0, 0.0, 0.0, 0.0, 0.0, 0.0, 0.0, 0.0, 0.0, 0.0, 0.0, 0.0, 0.0, 0.0, 0.0, 0.0, 0.0, 0.0, 0.0, 0.0, 0.0, 0.0, 0.0, 0.0, 0.0, 0.0, 0.0, 0.0, 0.0, 0.0, 0.0, 0.0, 0.0, 0.0, 0.0, 0.0, 0.0, 0.0, 0.0, 0.0, 0.0, 0.0, 0.0, 0.0, 0.0, 0.0, 0.0, 0.0, 0.0, 0.0, 0.0, 0.0, 0.0, 0.0, 0.0, 0.0, 0.0, 0.0, 0.0, 0.0, 0.0, 0.0, 0.0, 0.0, 0.0, 0.0, 0.0, 0.0, 0.0, 0.0, 0.0, 0.0, 0.0, 0.0, 0.0, 0.0, 0.0, 0.0, 0.0, 0.0, 0.0, 0.0, 0.0, 0.0, 0.0, 0.0, 0.0, 0.0, 0.0, 0.0, 0.0, 0.0, 0.0], "tonal.chords_histogram": [34.49074172973633, 23.726852416992188, 5.439815044403076, 1.6203703880310059, 1.3888888359069824, 6.597222328186035, 0.0, 4.166666507720947, 0.0, 0.0, 0.0, 0.0, 0.0, 0.0, 0.0, 0.0, 0.0, 0.0, 0.0, 0.0, 0.0, 4.861111164093018, 17.476852416992188, 0.23148147761821747], "tonal.thpcp": [1.0, 0.566853404045105, 0.24262195825576782, 0.4916999638080597, 0.3115728199481964, 0.061615653336048126, 0.07523147761821747, 0.06392892450094223, 0.3042439818382263, 0.6145943999290466, 0.3748486638069153, 0.08142354339361191, 0.07190612703561783, 0.06034110486507416, 0.5937002301216125, 0.9996514916419983, 0.4739316403865814, 0.08592677116394043, 0.10093759745359421, 0.06708504259586334, 0.11532053351402283, 0.209381565451622, 0.16332563757896423, 0.2559545636177063, 0.4390820860862732, 0.28015145659446716, 0.07077698409557343, 0.041058074682950974, 0.04972552880644798, 0.2632691264152527, 0.5836936831474304, 0.41029998660087585, 0.08822669088840485, 0.06116136163473129, 0.05655968561768532, 0.5013081431388855], "lowlevel.gfcc.cov": [[15369.2216796875, -2396.8642578125, -836.6720581054688, 1199.0604248046875, 393.4725036621094, -124.85655975341797, -481.310546875, 1047.9320068359375, 264.8423156738281, 858.729736328125, 64.51004791259766, 732.1370849609375, -313.1968688964844], [-2396.8642578125, 2942.357177734375, -78.21223449707031, -745.0875244140625, 370.8497314453125, -86.73838806152344, 219.23875427246094, -314.16290283203125, 330.4129943847656, -390.5096435546875, 261.96600341796875, -247.61961364746094, 193.0850067138672], [-836.6720581054688, -78.21223449707031, 845.3556518554688, 201.26673889160156, -53.474971771240234, 197.34197998046875, 70.5628890991211, -39.41931915283203, -62.50769805908203, 85.25586700439453, -57.218807220458984, 56.78529739379883, -0.8204178214073181], [1199.0604248046875, -745.0875244140625, 201.26673889160156, 920.298828125, 136.70352172851562, 18.53520393371582, 18.665752410888672, 179.04441833496094, 82.36808776855469, 226.8074951171875, 11.113322257995605, 172.1806640625, 121.17889404296875], [393.4725036621094, 370.8497314453125, -53.474971771240234, 136.70352172851562, 386.5821228027344, 6.4948954582214355, 46.31472396850586, 86.79737854003906, 187.15858459472656, 53.67095947265625, 76.66573333740234, 75.00423431396484, 67.16142272949219], [-124.85655975341797, -86.73838806152344, 197.34197998046875, 18.53520393371582, 6.4948954582214355, 244.73548889160156, 116.52224731445312, 13.287286758422852, -4.0276288986206055, 60.83503341674805, -6.3234992027282715, 24.90812873840332, -6.17424201965332], [-481.310546875, 219.23875427246094, 70.5628890991211, 18.665752410888672, 46.31472396850586, 116.52224731445312, 285.0032958984375, 31.17699432373047, 58.77838897705078, 19.896385192871094, 47.853511810302734, -14.807656288146973, 20.22905158996582], [1047.9320068359375, -314.16290283203125, -39.41931915283203, 179.04441833496094, 86.79737854003906, 13.287286758422852, 31.17699432373047, 226.93133544921875, 61.07325744628906, 110.72318267822266, 12.518455505371094, 85.06379699707031, -14.97083854675293], [264.8423156738281, 330.4129943847656, -62.50769805908203, 82.36808776855469, 187.15858459472656, -4.0276288986206055, 58.77838897705078, 61.07325744628906, 225.01588439941406, 43.32554626464844, 66.21929168701172, 24.769508361816406, 65.74955749511719], [858.729736328125, -390.5096435546875, 85.25586700439453, 226.8074951171875, 53.67095947265625, 60.83503341674805, 19.896385192871094, 110.72318267822266, 43.32554626464844, 203.83221435546875, -5.450389862060547, 83.62174987792969, -13.448299407958984], [64.51004791259766, 261.96600341796875, -57.218807220458984, 11.113322257995605, 76.66573333740234, -6.3234992027282715, 47.853511810302734, 12.518455505371094, 66.21929168701172, -5.450389862060547, 132.2622833251953, 18.865480422973633, 53.72813415527344], [732.1370849609375, -247.61961364746094, 56.78529739379883, 172.1806640625, 75.00423431396484, 24.90812873840332, -14.807656288146973, 85.06379699707031, 24.769508361816406, 83.62174987792969, 18.865480422973633, 149.32562255859375, 30.183252334594727], [-313.1968688964844, 193.0850067138672, -0.8204178214073181, 121.17889404296875, 67.16142272949219, -6.17424201965332, 20.22905158996582, -14.97083854675293, 65.74955749511719, -13.448299407958984, 53.72813415527344, 30.183252334594727, 169.21084594726562]], "lowlevel.gfcc.icov": [[0.000180683025973849, -0.0002002616529352963, 0.0003265721315983683, -0.0002588803763501346, 0.0002831186866387725, -0.00020671114907599986, 0.0004320343432482332, -0.00048641531611792743, 3.426698822295293e-05, -0.0004635862133000046, 3.606270411182777e-06, -0.0007010938716121018, 0.0006090807146392763], [-0.0002002616529352963, 0.0021403252612799406, -0.0012764499988406897, 0.001658979686908424, -0.0020601071882992983, 0.001229914603754878, -0.001333859981968999, 0.0017449567094445229, -0.001892249216325581, 0.002209567930549383, -0.001857828930951655, 0.002476275432854891, -0.001771764480508864], [0.0003265721315983683, -0.0012764499988406897, 0.0027800612151622772, -0.0015766441356390715, 0.0014889446320012212, -0.0020658166613429785, 0.0009872778318822384, -0.0005051218322478235, 0.0011332547292113304, -0.0018008021870628, 0.0014390272554010153, -0.0027032021898776293, 0.0018163120839744806], [-0.0002588803763501346, 0.001658979686908424, -0.0015766441356390715, 0.0034803380258381367, -0.0018645208328962326, 0.0018398597603663802, -0.0013997770147398114, 0.0007351208478212357, -0.0010201908880844712, 2.932540519395843e-05, -0.0008455337374471128, 0.001637391047552228, -0.0034575671888887882], [0.0002831186866387725, -0.0020601071882992983, 0.0014889446320012212, -0.0018645208328962326, 0.006901398301124573, -0.0015299958176910877, 0.0015242762165144086, -0.002137912670150399, -0.0018989755772054195, -0.0016772859962657094, 0.0009592602145858109, -0.0043600331991910934, 0.0021285598631948233], [-0.00020671114907599986, 0.001229914603754878, -0.0020658166613429785, 0.0018398597603663802, -0.0015299958176910877, 0.007680382579565048, -0.0036535353865474463, 0.0014936799416318536, -0.00022875951253809035, -0.0006954799755476415, -0.00029764414648525417, 0.0007940533105283976, -0.0016707400791347027], [0.0004320343432482332, -0.001333859981968999, 0.0009872778318822384, -0.0013997770147398114, 0.0015242762165144086, -0.0036535353865474463, 0.006788282189518213, -0.0028585721738636494, -1.8613962311064824e-05, -0.0013881713384762406, -0.0009933924302458763, -0.00040629226714372635, 0.0018109899247065187], [-0.00048641531611792743, 0.0017449567094445229, -0.0005051218322478235, 0.0007351208478212357, -0.002137912670150399, 0.0014936799416318536, -0.0028585721738636494, 0.010196944698691368, -0.0023686292115598917, 0.0002325285749975592, -0.000883064407389611, -0.00026909654843620956, -6.161669716675533e-06], [3.426698822295293e-05, -0.001892249216325581, 0.0011332547292113304, -0.0010201908880844712, -0.0018989755772054195, -0.00022875951253809035, -1.8613962311064824e-05, -0.0023686292115598917, 0.011040330864489079, -0.003781959181651473, 0.0004246248281560838, 0.0002699510660022497, -0.001276666298508644], [-0.0004635862133000046, 0.002209567930549383, -0.0018008021870628, 2.932540519395843e-05, -0.0016772859962657094, -0.0006954799755476415, -0.0013881713384762406, 0.0002325285749975592, -0.003781959181651473, 0.01292970310896635, -0.0012708916328847408, 0.0007876742165535688, 0.00017794907034840435], [3.606270411182777e-06, -0.001857828930951655, 0.0014390272554010153, -0.0008455337374471128, 0.0009592602145858109, -0.00029764414648525417, -0.0009933924302458763, -0.000883064407389611, 0.0004246248281560838, -0.0012708916328847408, 0.012532134540379047, -0.0033871359191834927, -0.0012528846273198724], [-0.0007010938716121018, 0.002476275432854891, -0.0027032021898776293, 0.001637391047552228, -0.0043600331991910934, 0.0007940533105283976, -0.00040629226714372635, -0.00026909654843620956, 0.0002699510660022497, 0.0007876742165535688, -0.0033871359191834927, 0.016595011577010155, -0.0054517267271876335], [0.0006090807146392763, -0.001771764480508864, 0.0018163120839744806, -0.0034575671888887882, 0.0021285598631948233, -0.0016707400791347027, 0.0018109899247065187, -6.161669716675533e-06, -0.001276666298508644, 0.00017794907034840435, -0.0012528846273198724, -0.0054517267271876335, 0.012301442213356495]], "lowlevel.mfcc.cov": [[12825.287109375, -1812.291015625, -1268.468994140625, 1014.1917114257812, 778.9804077148438, -336.4934997558594, -324.83453369140625, 251.62158203125, 79.26930236816406, 476.26397705078125, 408.46405029296875, 303.0522155761719, 410.88665771484375], [-1812.291015625, 2641.830322265625, -229.11984252929688, -456.1062316894531, 70.82221221923828, 6.726688385009766, -59.82079315185547, 122.71155548095703, -83.88240814208984, -16.312931060791016, 0.6025985479354858, -11.176581382751465, 11.46891975402832], [-1268.468994140625, -229.11984252929688, 898.4896240234375, 35.81607437133789, -115.59123229980469, 199.88853454589844, 141.4746856689453, -53.94611740112305, 66.41140747070312, -81.45183563232422, -30.516775131225586, -3.3137776851654053, 42.7414436340332], [1014.1917114257812, -456.1062316894531, 35.81607437133789, 655.6314697265625, 224.82272338867188, 62.81097412109375, -11.246593475341797, 19.936382293701172, 141.48919677734375, 46.04491424560547, 20.52916145324707, 57.55146789550781, 158.51602172851562], [778.9804077148438, 70.82221221923828, -115.59123229980469, 224.82272338867188, 350.9940185546875, 13.260496139526367, -79.04261779785156, 36.74223327636719, 46.73514938354492, 43.382713317871094, 24.230182647705078, 26.507856369018555, 80.49539184570312], [-336.4934997558594, 6.726688385009766, 199.88853454589844, 62.81097412109375, 13.260496139526367, 251.5400848388672, 75.82239532470703, 9.769372940063477, 88.3480224609375, -0.6073957085609436, 32.81390380859375, 58.749446868896484, 21.253747940063477], [-324.83453369140625, -59.82079315185547, 141.4746856689453, -11.246593475341797, -79.04261779785156, 75.82239532470703, 185.17808532714844, 34.31868362426758, 27.767980575561523, 3.7606124877929688, 24.024356842041016, 25.49228858947754, 15.964305877685547], [251.62158203125, 122.71155548095703, -53.94611740112305, 19.936382293701172, 36.74223327636719, 9.769372940063477, 34.31868362426758, 150.34669494628906, 22.152925491333008, 40.045326232910156, 31.222978591918945, 17.864622116088867, 47.217472076416016], [79.26930236816406, -83.88240814208984, 66.41140747070312, 141.48919677734375, 46.73514938354492, 88.3480224609375, 27.767980575561523, 22.152925491333008, 182.8608856201172, 36.03513717651367, 30.559633255004883, 49.27334976196289, 64.60200500488281], [476.26397705078125, -16.312931060791016, -81.45183563232422, 46.04491424560547, 43.382713317871094, -0.6073957085609436, 3.7606124877929688, 40.045326232910156, 36.03513717651367, 127.9919662475586, 54.98027801513672, 36.811851501464844, 19.287349700927734], [408.46405029296875, 0.6025985479354858, -30.516775131225586, 20.52916145324707, 24.230182647705078, 32.81390380859375, 24.024356842041016, 31.222978591918945, 30.559633255004883, 54.98027801513672, 123.96977233886719, 56.61860656738281, 20.90314292907715], [303.0522155761719, -11.176581382751465, -3.3137776851654053, 57.55146789550781, 26.507856369018555, 58.749446868896484, 25.49228858947754, 17.864622116088867, 49.27334976196289, 36.811851501464844, 56.61860656738281, 118.80854034423828, 39.66823196411133], [410.88665771484375, 11.46891975402832, 42.7414436340332, 158.51602172851562, 80.49539184570312, 21.253747940063477, 15.964305877685547, 47.217472076416016, 64.60200500488281, 19.287349700927734, 20.90314292907715, 39.66823196411133, 167.91224670410156]], "lowlevel.mfcc.icov": [[0.00016957342450041324, 0.0001430327829439193, 0.00016400759341195226, -4.688889748649672e-05, -0.0001581123360665515, 9.67860032687895e-05, 0.00020164070883765817, -0.00013385686906985939, 0.0002051770279649645, -0.00021834619110450149, -0.0003283588448539376, -0.00018516638374421746, -0.00030942450393922627], [0.0001430327829439193, 0.0006390208727680147, 0.00025346523034386337, 0.0005163222085684538, -0.0004107661370653659, -0.00019958170014433563, 0.0003503033658489585, -0.0004663913568947464, 0.0002582794986665249, -5.699619941879064e-05, -0.00017398524505551904, -0.000148055114550516, -0.0006617622566409409], [0.00016400759341195226, 0.00025346523034386337, 0.0019227430457249284, 2.186950769100804e-05, 0.0002322790678590536, -0.001215389114804566, -0.0005845005507580936, 0.0005576739786192775, 8.808140410110354e-05, 0.00043447609641589224, -6.301007670117542e-05, 0.0004920147475786507, -0.0011796638136729598], [-4.688889748649672e-05, 0.0005163222085684538, 2.186950769100804e-05, 0.003177371108904481, -0.00150545802898705, -0.0003245898406021297, -4.661816274165176e-05, 0.0003049586375709623, -0.0010932073928415775, -0.00012782603153027594, 0.0006265798001550138, -9.271768794860691e-05, -0.00186501769348979], [-0.0001581123360665515, -0.0004107661370653659, 0.0002322790678590536, -0.00150545802898705, 0.004990633577108383, -0.0008941717096604407, 0.0019045531516894698, -0.00045232780394144356, 8.377386984648183e-05, -0.00039436924271285534, -0.00010269443737342954, 0.00043627756531350315, -0.0006333211786113679], [9.67860032687895e-05, -0.00019958170014433563, -0.001215389114804566, -0.0003245898406021297, -0.0008941717096604407, 0.00705536175519228, -0.0015753119951114058, -0.00020452140597626567, -0.002280240645632148, 0.0008965868037194014, -0.0008525998564437032, -0.0025272041093558073, 0.0016129717696458101], [0.00020164070883765817, 0.0003503033658489585, -0.0005845005507580936, -4.661816274165176e-05, 0.0019045531516894698, -0.0015753119951114058, 0.00850454717874527, -0.0024386774748563766, 0.0004205435689073056, -0.0004505135875660926, -0.0012051397934556007, -0.000722360098734498, -0.0009503608453087509], [-0.00013385686906985939, -0.0004663913568947464, 0.0005576739786192775, 0.0003049586375709623, -0.00045232780394144356, -0.00020452140597626567, -0.0024386774748563766, 0.009213465265929699, -0.00026352694840170443, -0.0016782262828201056, -0.000503498362377286, 0.0010699003469198942, -0.002082627499476075], [0.0002051770279649645, 0.0002582794986665249, 8.808140410110354e-05, -0.0010932073928415775, 8.377386984648183e-05, -0.002280240645632148, 0.0004205435689073056, -0.00026352694840170443, 0.008843767456710339, -0.0019528354750946164, -0.00036071037175133824, -0.0010979605140164495, -0.002101436024531722], [-0.00021834619110450149, -5.699619941879064e-05, 0.00043447609641589224, -0.00012782603153027594, -0.00039436924271285534, 0.0008965868037194014, -0.0004505135875660926, -0.00167