{"song_id": "1183709076274815036", "download": "https://cdn.discordapp.com/attachments/1128313332273782784/1183709076274815036/chirp.mp4?ex=658951fc&amp", "lyrics": "\u0421 \u0414\u043d\u0451\u043c \u0420\u043e\u0436\u0434\u0435\u043d\u0438\u044f \u0442\u0435\u0431\u044f \u041d\u0430\u0434\u044f!\n\u041f\u0443\u0441\u0442\u044c \u0440\u0430\u0434\u043e\u0441\u0442\u044c \u0432\u0441\u0435\u0433\u0434\u0430 \u043f\u043e\u0431\u0435\u0436\u0434\u0430\u0435\u0442 \u0433\u0440\u0443\u0441\u0442\u044c,\n\u041f\u043b\u044b\u0432\u0438 \u043f\u043e \u0436\u0438\u0437\u043d\u0438 \u043d\u0430\u0437\u0430\u0434 \u043d\u0435 \u0433\u043b\u044f\u0434\u044f, \n\u0418 \u043f\u0430\u0440\u0443\u0441 \u0442\u0432\u043e\u0439 \u0440\u0430\u0437\u0432\u0438\u0432\u0430\u0435\u0442\u0441\u044f \u043f\u0443\u0441\u0442\u044c!  (\u041f\u0443\u0443\u0443\u0441\u0442\u044c)\n\u041f\u0443\u0441\u0442\u044c \u0431\u0443\u0434\u0443\u0442 \u0441\u0447\u0430\u0441\u0442\u044c\u044f \u0448\u0438\u0440\u043e\u043a\u0438\u0435 \u0440\u0435\u043a\u0438, \n\u0418 \u0432\u043e\u043b\u043d\u044b \u043b\u044e\u0431\u0432\u0438 \u0443 \u043c\u043e\u0440\u0441\u043a\u0438\u0445 \u0431\u0435\u0440\u0435\u0433\u043e\u0432,\n\u0412\u043f\u0435\u0440\u0451\u0434 \u043f\u043e\u043d\u0435\u0441\u0451\u0442 \u0432\u043e\u0434\u043e\u043f\u0430\u0434 \u0442\u0435\u0431\u044f \u043d\u0435\u043a\u0438\u0439\n\u0421\u043a\u0432\u043e\u0437\u044c \u0434\u0436\u0443\u043d\u0433\u043b\u0438 \u0441\u0430\u043c\u044b\u0445 \u043f\u0440\u0435\u043a\u0440\u0430\u0441\u043d\u044b\u0445 \u0446\u0432\u0435\u0442\u043e\u0432! \n\u0421 \u0414\u043d\u0451\u043c \u0420\u043e\u0436\u0434\u0435\u043d\u0438\u044f, \u0442\u0435\u0431\u044f\u044f\u044f\u044f, \u041d\u0430\u0434\u044f\u044f\u044f!\n\u0421 \u0414\u043d\u0451\u043c \u0440\u043e\u0436\u0434\u0435\u043d\u0438\u044f, \u0442\u0435\u0431\u044f, \u0423\u0420\u0410\u0410\u0410!!!", "style": ["indian pop"], "essentia_features": {"lowlevel.average_loudness": 0.9694602489471436, "lowlevel.barkbands_crest.mean": 14.057167053222656, "lowlevel.barkbands_crest.stdev": 5.302270889282227, "lowlevel.barkbands_flatness_db.mean": 0.20316778123378754, "lowlevel.barkbands_flatness_db.stdev": 0.07131348550319672, "lowlevel.barkbands_kurtosis.mean": 29.846389770507812, "lowlevel.barkbands_kurtosis.stdev": 67.1341323852539, "lowlevel.barkbands_skewness.mean": 3.541937828063965, "lowlevel.barkbands_skewness.stdev": 3.1437458992004395, "lowlevel.barkbands_spread.mean": 17.55379295349121, "lowlevel.barkbands_spread.stdev": 13.491890907287598, "lowlevel.dissonance.mean": 0.4727685749530792, "lowlevel.dissonance.stdev": 0.018736792728304863, "lowlevel.dynamic_complexity": 4.038505554199219, "lowlevel.erbbands_crest.mean": 9.509754180908203, "lowlevel.erbbands_crest.stdev": 3.916334867477417, "lowlevel.erbbands_flatness_db.mean": 0.1600182205438614, "lowlevel.erbbands_flatness_db.stdev": 0.03974194452166557, "lowlevel.erbbands_kurtosis.mean": -0.3965156078338623, "lowlevel.erbbands_kurtosis.stdev": 1.7395328283309937, "lowlevel.erbbands_skewness.mean": 0.058230482041835785, "lowlevel.erbbands_skewness.stdev": 0.9244595766067505, "lowlevel.erbbands_spread.mean": 55.402217864990234, "lowlevel.erbbands_spread.stdev": 17.166366577148438, "lowlevel.hfc.mean": 12.189458847045898, "lowlevel.hfc.stdev": 14.126116752624512, "lowlevel.loudness_ebu128.integrated": -17.28078269958496, "lowlevel.loudness_ebu128.loudness_range": 2.8050193786621094, "lowlevel.loudness_ebu128.momentary.mean": -17.71611785888672, "lowlevel.loudness_ebu128.momentary.stdev": 2.0605902671813965, "lowlevel.loudness_ebu128.short_term.mean": -17.393131256103516, "lowlevel.loudness_ebu128.short_term.stdev": 0.9912870526313782, "lowlevel.melbands_crest.mean": 19.030027389526367, "lowlevel.melbands_crest.stdev": 6.332474231719971, "lowlevel.melbands_flatness_db.mean": 0.28170469403266907, "lowlevel.melbands_flatness_db.stdev": 0.09860271215438843, "lowlevel.melbands_kurtosis.mean": 61.60936737060547, "lowlevel.melbands_kurtosis.stdev": 88.4639663696289, "lowlevel.melbands_skewness.mean": 5.252398490905762, "lowlevel.melbands_skewness.stdev": 3.3420801162719727, "lowlevel.melbands_spread.mean": 15.337451934814453, "lowlevel.melbands_spread.stdev": 15.540492057800293, "lowlevel.pitch_salience.mean": 0.45661628246307373, "lowlevel.pitch_salience.stdev": 0.153627410531044, "lowlevel.silence_rate_20dB.mean": 0.9994206428527832, "lowlevel.silence_rate_20dB.stdev": 0.024063395336270332, "lowlevel.silence_rate_30dB.mean": 0.831402063369751, "lowlevel.silence_rate_30dB.stdev": 0.3743976354598999, "lowlevel.silence_rate_60dB.mean": 0.13383546471595764, "lowlevel.silence_rate_60dB.stdev": 0.3404780924320221, "lowlevel.spectral_centroid.mean": 1334.3748779296875, "lowlevel.spectral_centroid.stdev": 678.7819213867188, "lowlevel.spectral_complexity.mean": 12.591541290283203, "lowlevel.spectral_complexity.stdev": 9.809988975524902, "lowlevel.spectral_decrease.mean": -1.2282940886620963e-08, "lowlevel.spectral_decrease.stdev": 2.120282793782735e-08, "lowlevel.spectral_energy.mean": 0.04746425896883011, "lowlevel.spectral_energy.stdev": 0.08077219873666763, "lowlevel.spectral_energyband_high.mean": 0.00033076771069318056, "lowlevel.spectral_energyband_high.stdev": 0.000917291094083339, "lowlevel.spectral_energyband_low.mean": 0.03622228652238846, "lowlevel.spectral_energyband_low.stdev": 0.07925819605588913, "lowlevel.spectral_energyband_middle_high.mean": 0.0022006111685186625, "lowlevel.spectral_energyband_middle_high.stdev": 0.003036211710423231, "lowlevel.spectral_energyband_middle_low.mean": 0.009672945365309715, "lowlevel.spectral_energyband_middle_low.stdev": 0.016833940520882607, "lowlevel.spectral_entropy.mean": 7.359274387359619, "lowlevel.spectral_entropy.stdev": 0.3822048008441925, "lowlevel.spectral_flux.mean": 0.10905220359563828, "lowlevel.spectral_flux.stdev": 0.11947659403085709, "lowlevel.spectral_kurtosis.mean": 4.695018291473389, "lowlevel.spectral_kurtosis.stdev": 2.5513503551483154, "lowlevel.spectral_rms.mean": 0.005244600586593151, "lowlevel.spectral_rms.stdev": 0.004335981793701649, "lowlevel.spectral_rolloff.mean": 917.5818481445312, "lowlevel.spectral_rolloff.stdev": 1177.329345703125, "lowlevel.spectral_skewness.mean": 1.2758409976959229, "lowlevel.spectral_skewness.stdev": 0.41998401284217834, "lowlevel.spectral_spread.mean": 3795717.75, "lowlevel.spectral_spread.stdev": 1068412.0, "lowlevel.spectral_strongpeak.mean": 0.5043845176696777, "lowlevel.spectral_strongpeak.stdev": 0.5337104201316833, "lowlevel.zerocrossingrate.mean": 0.042560528963804245, "lowlevel.zerocrossingrate.stdev": 0.02893199399113655, "metadata.audio_properties.analysis.equal_loudness": 0.0, "metadata.audio_properties.analysis.length": 40.04265213012695, "metadata.audio_properties.analysis.sample_rate": 44100.0, "metadata.audio_properties.analysis.start_time": 0.0, "metadata.audio_properties.bit_rate": 119396.0, "metadata.audio_properties.length": 40.042667388916016, "metadata.audio_properties.lossless": 0.0, "metadata.audio_properties.number_channels": 1.0, "metadata.audio_properties.replay_gain": -9.339460372924805, "metadata.audio_properties.sample_rate": 48000.0, "rhythm.beats_count": 73.0, "rhythm.beats_loudness.mean": 0.1246052160859108, "rhythm.beats_loudness.stdev": 0.0632399469614029, "rhythm.bpm": 109.97750854492188, "rhythm.bpm_histogram_first_peak_bpm": 110.0, "rhythm.bpm_histogram_first_peak_weight": 0.4166666269302368, "rhythm.bpm_histogram_second_peak_bpm": 0.0, "rhythm.bpm_histogram_second_peak_spread": 0.0, "rhythm.bpm_histogram_second_peak_weight": 0.0, "rhythm.danceability": 1.9510470628738403, "rhythm.onset_rate": 4.24422550201416, "tonal.chords_changes_rate": 0.0694444477558136, "tonal.chords_number_rate": 0.009259259328246117, "tonal.chords_strength.mean": 0.4606924057006836, "tonal.chords_strength.stdev": 0.09274120628833771, "tonal.hpcp_crest.mean": 13.049046516418457, "tonal.hpcp_crest.stdev": 6.8443498611450195, "tonal.hpcp_entropy.mean": 2.158235788345337, "tonal.hpcp_entropy.stdev": 0.839051365852356, "tonal.key_edma.strength": 0.4857909679412842, "tonal.key_krumhansl.strength": 0.4916847050189972, "tonal.key_temperley.strength": 0.49940669536590576, "tonal.tuning_diatonic_strength": 0.602293074131012, "tonal.tuning_equal_tempered_deviation": 0.28340181708335876, "tonal.tuning_frequency": 434.193115234375, "tonal.tuning_nontempered_energy_ratio": 0.9585493206977844, "lowlevel.barkbands.mean": [0.001751290401443839, 0.028609860688447952, 0.004953540861606598, 0.002455884125083685, 0.0037327222526073456, 0.0017510430188849568, 0.0006783474236726761, 0.0004029703268315643, 0.0005430010496638715, 0.0002787044504657388, 0.00015494567924179137, 0.00013483544171322137, 0.00012016083928756416, 9.441788279218599e-05, 0.0001648742036195472, 0.0001559216616442427, 0.0003016973496414721, 0.00037503644125536084, 0.00039824980194680393, 0.00012138720921939239, 0.00010514783934922889, 7.627356535522267e-05, 6.177970499265939e-05, 1.6605637938482687e-05, 7.33770821170765e-06, 1.7746962839737535e-05, 4.903290005131566e-07], "lowlevel.barkbands.stdev": [0.0038085272535681725, 0.0660538375377655, 0.012899156659841537, 0.004629591479897499, 0.009754580445587635, 0.003227241337299347, 0.002667797263711691, 0.0010621664114296436, 0.0017466578865423799, 0.0007847646484151483, 0.0002674686547834426, 0.0003339408431202173, 0.00035359017783775926, 0.00031595505424775183, 0.0009100650204345584, 0.0002604221517685801, 0.0005431770114228129, 0.0008097653044387698, 0.0005868646549060941, 0.00023869189317338169, 0.00023836881155148149, 0.0003340689290780574, 0.0003126746159978211, 6.123674393165857e-05, 1.4632147212978452e-05, 3.929603917640634e-05, 2.0605364170478424e-06], "lowlevel.erbbands.mean": [0.9132995009422302, 5.7612433433532715, 7.943619251251221, 6.483593463897705, 15.462915420532227, 7.82435941696167, 8.507482528686523, 18.95549201965332, 9.9983491897583, 9.800617218017578, 9.252674102783203, 13.179559707641602, 10.157171249389648, 7.202636241912842, 6.547484874725342, 5.949153900146484, 5.590376853942871, 5.3984761238098145, 8.089016914367676, 6.657083511352539, 10.681001663208008, 16.624431610107422, 19.182342529296875, 27.442302703857422, 12.951960563659668, 5.433562278747559, 4.885396957397461, 3.427208185195923, 2.8747971057891846, 2.434993267059326, 1.4911644458770752, 0.46579471230506897, 0.26038509607315063, 0.07643425464630127, 0.05866480991244316, 0.050036825239658356, 0.03728032484650612, 0.00670141726732254, 0.00014364389062393457, 5.655484346789308e-05], "lowlevel.erbbands.stdev": [1.9050694704055786, 14.672233581542969, 20.274581909179688, 11.348902702331543, 43.311500549316406, 22.243623733520508, 17.851577758789062, 36.76731491088867, 34.0288200378418, 35.33280944824219, 26.19851303100586, 41.316673278808594, 28.98344612121582, 16.357471466064453, 10.599945068359375, 14.251471519470215, 14.875755310058594, 18.730083465576172, 39.42757797241211, 24.573284149169922, 16.32245445251465, 31.605234146118164, 37.443885803222656, 46.59040832519531, 20.806344985961914, 10.034154891967773, 9.943334579467773, 9.104293823242188, 12.869559288024902, 12.928061485290527, 7.515041828155518, 2.060944080352783, 0.9515261650085449, 0.17277248203754425, 0.11818588525056839, 0.1046101525425911, 0.08555833995342255, 0.016658291220664978, 0.0003174399316776544, 9.084073826670647e-05], "lowlevel.gfcc.mean": [-62.8018684387207, 107.06880187988281, -108.78213500976562, 55.91829299926758, -38.78548812866211, -2.2770299911499023, -28.38664436340332, 15.21039867401123, -24.35271644592285, -1.8834354877471924, -13.984522819519043, 6.775914669036865, -10.956023216247559], "lowlevel.melbands.mean": [0.007911322638392448, 0.005370431113988161, 0.0014520477270707488, 0.0008486044243909419, 0.0003005246398970485, 0.00038099693483673036, 0.00015095077105797827, 0.00010121669038198888, 7.635627844138071e-05, 8.264381904155016e-05, 4.927633926854469e-05, 2.9192875445005484e-05, 2.0400937501108274e-05, 1.7006590496748686e-05, 1.3725103599426802e-05, 1.1577601071621757e-05, 9.520362254988868e-06, 1.1914919923583511e-05, 1.132600664277561e-05, 8.778715709922835e-06, 1.3277370271680411e-05, 1.6918118490139022e-05, 1.7235723134945147e-05, 1.8591479602036998e-05, 2.4015589588088915e-05, 9.66259995038854e-06, 6.733103873557411e-06, 2.7946339287154842e-06, 3.054367880395148e-06, 2.671925585673307e-06, 1.7487817558503593e-06, 1.7074639799830038e-06, 1.3329306511877803e-06, 1.3942252508059028e-06, 9.260675142286345e-07, 4.989066155758337e-07, 2.1965838925552816e-07, 2.241156522586607e-07, 9.498227626636435e-08, 4.879134252178119e-08], "lowlevel.melbands.stdev": [0.01745070517063141, 0.013381876982748508, 0.0026942756958305836, 0.002265601186081767, 0.0006690332666039467, 0.0007353847031481564, 0.0005242362385615706, 0.0003329966857563704, 0.00022651953622698784, 0.0002583748137112707, 0.00014574795204680413, 7.171293691499159e-05, 3.396052852622233e-05, 3.635644679889083e-05, 3.8297523133223876e-05, 3.636492692749016e-05, 3.410198769415729e-05, 5.557374970521778e-05, 7.222990097943693e-05, 1.546103521832265e-05, 2.0825233150389977e-05, 3.35767945216503e-05, 3.180283965775743e-05, 4.31751468568109e-05, 4.214159707771614e-05, 1.7057443983503617e-05, 1.3157065041013993e-05, 5.403235263656825e-06, 6.398651748895645e-06, 5.903001238038996e-06, 5.259496447251877e-06, 7.885542800067924e-06, 6.07629135629395e-06, 7.969858415890485e-06, 4.4466146391641814e-06, 2.9732962048001355e-06, 8.261383186436433e-07, 9.196438099934312e-07, 2.4247464125437546e-07, 1.145192527474137e-07], "lowlevel.melbands128.mean": [0.001678526634350419, 0.007662193384021521, 0.009699488990008831, 0.010001587681472301, 0.0054524741135537624, 0.0020551136694848537, 0.0011047060834243894, 0.0013710707426071167, 0.0019272123463451862, 0.0007158976513892412, 0.00030617794254794717, 0.0003060669987462461, 0.00026799130137078464, 0.00027796445647254586, 0.0006310844328254461, 0.00027034265804104507, 0.00011927725427085534, 0.0001591167092556134, 0.00014835789625067264, 0.0001055803440976888, 8.05155432317406e-05, 6.943369953660294e-05, 7.838996680220589e-05, 7.715645188000053e-05, 9.067364590009674e-05, 9.049845539266244e-05, 5.381957089412026e-05, 5.0954651669599116e-05, 3.6531026125885546e-05, 3.28586611431092e-05, 2.8651347747654654e-05, 1.7180427676066756e-05, 1.6980869986582547e-05, 2.915722143370658e-05, 1.3383038094616495e-05, 1.607394551683683e-05, 1.7036913050105795e-05, 1.276592411159072e-05, 1.2502948266046587e-05, 1.2522967153927311e-05, 1.165701360150706e-05, 9.738479093357455e-06, 1.0249093065795023e-05, 9.61874957283726e-06, 6.118940291344188e-06, 1.3247533388494048e-05, 1.787059045454953e-05, 1.2755340321746189e-05, 7.563823601230979e-06, 6.9596590037690476e-06, 8.376317055081017e-06, 1.1386666301405057e-05, 1.2899459761683829e-05, 1.2087117283954285e-05, 1.8278322386322543e-05, 1.662617432884872e-05, 1.640827758819796e-05, 2.0581905118888244e-05, 1.5250327123794705e-05, 1.4922645277692936e-05, 1.7522026610095054e-05, 2.1198698959778994e-05, 3.1452607800019905e-05, 2.5886485673254356e-05, 8.556882676202804e-06, 8.499006071360782e-06, 1.1881352293130476e-05, 7.196158094302518e-06, 6.746423423464876e-06, 3.857661795336753e-06, 2.2292163066595094e-06, 2.4079026843537576e-06, 2.8775732516805874e-06, 3.348210611875402e-06, 3.130252935079625e-06, 2.7782691631728085e-06, 2.614143795653945e-06, 1.7664583538135048e-06, 1.597023242538853e-06, 1.6480923932249425e-06, 1.948777708093985e-06, 1.6265184967778623e-06, 1.4497343272523722e-06, 1.295842821491533e-06, 1.168547441920964e-06, 1.5758730569359614e-06, 1.4172222790875821e-06, 1.1475564178908826e-06, 8.678545100337942e-07, 8.32153489227494e-07, 6.896818263157911e-07, 4.111596183520305e-07, 1.6412379011399025e-07, 1.6355231480247312e-07, 2.7826240511785727e-07, 3.156298191697715e-07, 1.989597819829214e-07, 1.191718084214699e-07, 9.610928941583552e-08, 9.216634566655557e-08, 4.770622297201044e-08, 4.7837701799835486e-08, 3.174262985794485e-08, 6.166463606405159e-08, 6.726686763158796e-08, 9.076965312715402e-08, 5.467667563152645e-08, 4.7412203940666586e-08, 6.587135459312776e-08, 1.235858917425503e-07, 1.5874606162924465e-07, 1.051656255413036e-07, 1.226495811579298e-07, 1.2749107725085196e-07, 1.2362204415694578e-07, 9.50678042954678e-08, 2.225303319391969e-08, 5.968817107238067e-10, 1.491923945495799e-11, 1.0326584205799794e-11, 8.482734480119714e-12, 5.833381087200218e-12, 5.513704076642867e-12, 5.416211749931232e-12, 5.2852301528349965e-12, 5.122747278457629e-12, 5.026846126854334e-12, 4.991869331089083e-12], "lowlevel.melbands128.stdev": [0.0036373971961438656, 0.01576545275747776, 0.023847546428442, 0.02576819248497486, 0.014252888038754463, 0.005144836381077766, 0.0022176539059728384, 0.003054788801819086, 0.005909959319978952, 0.0021591803524643183, 0.0012071464443579316, 0.0009284901898354292, 0.0006830173661001027, 0.0005160882719792426, 0.0012506566708907485, 0.0006261176895350218, 0.0005271171685308218, 0.0007274834788404405, 0.0007491895230486989, 0.00045901528210379183, 0.0002148360072169453, 0.00024366537400055677, 0.00027456230600364506, 0.0003637977933976799, 0.00034490213147364557, 0.0003286786377429962, 0.0002154475514544174, 0.0001606345467735082, 0.00017147323524113744, 9.315293573308736e-05, 7.377863221336156e-05, 3.978406311944127e-05, 3.366802047821693e-05, 4.9785121518652886e-05, 3.360902701388113e-05, 4.750743028125726e-05, 4.778724905918352e-05, 4.53553038823884e-05, 4.441938654053956e-05, 3.884944453602657e-05, 4.1858253098325804e-05, 6.572189158760011e-05, 3.927625948563218e-05, 3.3528514904901385e-05, 1.9525714378687553e-05, 7.488016854040325e-05, 0.00011491146142361686, 0.00012721856182906777, 4.2544907046249136e-05, 1.6267262253677472e-05, 1.8502765669836663e-05, 2.2399321096600033e-05, 2.3577182219014503e-05, 2.3532789782620966e-05, 3.702998219523579e-05, 4.1481805965304375e-05, 4.270251884008758e-05, 4.314706529839896e-05, 3.418882261030376e-05, 3.320548785268329e-05, 5.308486652211286e-05, 5.891767796128988e-05, 6.297757499851286e-05, 5.024522033636458e-05, 1.8322460164199583e-05, 1.964252078323625e-05, 2.2374048057827167e-05, 1.700551001704298e-05, 1.8165143046644516e-05, 9.427732038602699e-06, 4.7074927351786755e-06, 4.8332194637623616e-06, 6.240255061129574e-06, 8.695051292306744e-06, 7.245077085826779e-06, 6.636370926571544e-06, 6.285225026658736e-06, 5.291779416438658e-06, 5.222461822995683e-06, 5.573183898377465e-06, 1.0565218872216064e-05, 7.4693962233141065e-06, 7.883669240982272e-06, 5.584176051343093e-06, 6.154751190479146e-06, 1.1557827747310512e-05, 8.120721759041771e-06, 5.077798505226383e-06, 3.865954113280168e-06, 5.545366548176389e-06, 4.7914440983731765e-06, 2.1762807591585442e-06, 7.362995688708907e-07, 5.729846179747256e-07, 1.2456997637855238e-06, 1.5749150179544813e-06, 8.263863833235519e-07, 4.380603968456853e-07, 2.678589225979522e-07, 2.452627256843698e-07, 1.4023409278252075e-07, 1.2982351904611278e-07, 8.047057775684152e-08, 1.7853490419383888e-07, 1.7073561764391343e-07, 1.8964776415941742e-07, 1.3640598695019435e-07, 1.279189802971814e-07, 1.5037377920634754e-07, 3.000835988586914e-07, 4.577605636768567e-07, 2.5202075448760297e-07, 3.0258311767283885e-07, 3.2828512530613807e-07, 3.009596127867553e-07, 2.70986390660255e-07, 8.500851578219226e-08, 7.683616409792648e-09, 3.645296009491261e-10, 1.8284899983012082e-10, 1.1300275992720543e-10, 1.424353517076593e-11, 1.1870977291439377e-11, 1.1660799929813503e-11, 1.1486823645046051e-11, 1.1345421130348754e-11, 1.1244327517700992e-11, 1.1181843645458045e-11], "lowlevel.mfcc.mean": [-709.9663696289062, 133.79953002929688, -6.119143009185791, 59.97773361206055, 8.835480690002441, 3.2018861770629883, 2.5186879634857178, 15.735980033874512, -2.9206533432006836, 0.4527204632759094, -2.7727837562561035, 0.4905046820640564, -0.9932044744491577], "lowlevel.spectral_contrast_coeffs.mean": [-0.6937055587768555, -0.7427973747253418, -0.8013824820518494, -0.8179052472114563, -0.7790985107421875, -0.7050249576568604], "lowlevel.spectral_contrast_coeffs.stdev": [0.09491394460201263, 0.09324588626623154, 0.05686754733324051, 0.04619714617729187, 0.05456250533461571, 0.06492791324853897], "lowlevel.spectral_contrast_valleys.mean": [-6.9449462890625, -7.520674228668213, -8.089835166931152, -8.283177375793457, -7.855060577392578, -11.866889953613281], "lowlevel.spectral_contrast_valleys.stdev": [0.9946717023849487, 1.0812597274780273, 1.0884677171707153, 0.9747279286384583, 0.992701530456543, 1.094467043876648], "rhythm.beats_loudness_band_ratio.mean": [0.8634784817695618, 0.23223291337490082, 0.03481559455394745, 0.013589753769338131, 0.018212005496025085, 0.01634695567190647], "rhythm.beats_loudness_band_ratio.stdev": [0.13134600222110748, 0.2246617078781128, 0.056758586317300797, 0.015516825951635838, 0.014007790014147758, 0.012999488040804863], "tonal.hpcp.mean": [0.06007551774382591, 0.07584591209888458, 0.07540048658847809, 0.05981285870075226, 0.031322769820690155, 0.02455046959221363, 0.036829911172389984, 0.03566238656640053, 0.04097200930118561, 0.1245364099740982, 0.14116691052913666, 0.059889085590839386, 0.0318632647395134, 0.06035091355443001, 0.07714121788740158, 0.08529817312955856, 0.08599930256605148, 0.06403935700654984, 0.09236922115087509, 0.10005300492048264, 0.07289272546768188, 0.10732562094926834, 0.15760701894760132, 0.16398388147354126, 0.2885775864124298, 0.32442155480384827, 0.20083095133304596, 0.18389514088630676, 0.1809469312429428, 0.15678587555885315, 0.18834072351455688, 0.16608946025371552, 0.06821277737617493, 0.03597530350089073, 0.03371618688106537, 0.03575065732002258], "tonal.hpcp.stdev": [0.15708741545677185, 0.19654862582683563, 0.2011910080909729, 0.17984294891357422, 0.10216774791479111, 0.08863085508346558, 0.1408037543296814, 0.13741672039031982, 0.12063061445951462, 0.2310265153646469, 0.24260209500789642, 0.1404748409986496, 0.09794848412275314, 0.16583162546157837, 0.20036016404628754, 0.17485743761062622, 0.1924353539943695, 0.152365043759346, 0.21829071640968323, 0.24242006242275238, 0.17226655781269073, 0.22611796855926514, 0.2873152196407318, 0.27626341581344604, 0.3451835513114929, 0.3833122253417969, 0.2937172055244446, 0.31077295541763306, 0.3204781413078308, 0.28383034467697144, 0.3036820590496063, 0.28452613949775696, 0.1401955485343933, 0.11000338941812515, 0.11436757445335388, 0.11653222888708115], "rhythm.beats_position": [0.5804988741874695, 1.1377778053283691, 1.6834466457366943, 2.2291154861450195, 2.774784564971924, 3.320453405380249, 3.8661224842071533, 4.4117913246154785, 4.957460403442383, 5.503129005432129, 6.048798084259033, 6.5944671630859375, 7.140135765075684, 7.685804843902588, 8.231473922729492, 8.777142524719238, 9.3228120803833, 9.868480682373047, 10.414149284362793, 10.959818840026855, 11.505487442016602, 12.051156044006348, 12.59682559967041, 13.142494201660156, 13.688162803649902, 14.233832359313965, 14.779500961303711, 15.325169563293457, 15.87083911895752, 16.416507720947266, 16.962177276611328, 17.507844924926758, 18.05351448059082, 18.599184036254883, 19.133241653442383, 19.690521240234375, 20.224580764770508, 20.781858444213867, 21.31591796875, 21.873197555541992, 22.407255172729492, 22.952924728393555, 23.498594284057617, 24.055871963500977, 24.58993148803711, 25.1472110748291, 25.6812686920166, 26.238548278808594, 26.772607803344727, 27.329885482788086, 27.86394500732422, 28.42122459411621, 28.95528221130371, 29.500951766967773, 30.046621322631836, 30.603899002075195, 31.137958526611328, 31.68362808227539, 32.22929763793945, 32.78657531738281, 33.32063293457031, 33.85469436645508, 34.41197204589844, 34.9692497253418, 35.50331115722656, 36.06058883666992, 36.59464645385742, 37.140316009521484, 37.68598556518555, 38.23165512084961, 38.77732467651367, 39.33460235595703, 39.86865997314453], "rhythm.bpm_histogram": [0.0, 0.0, 0.0, 0.0, 0.0, 0.0, 0.0, 0.0, 0.0, 0.0, 0.0, 0.0, 0.0, 0.0, 0.0, 0.0, 0.0, 0.0, 0.0, 0.0, 0.0, 0.0, 0.0, 0.0, 0.0, 0.0, 0.0, 0.0, 0.0, 0.0, 0.0, 0.0, 0.0, 0.0, 0.0, 0.0, 0.0, 0.0, 0.0, 0.0, 0.0, 0.0, 0.0, 0.0, 0.0, 0.0, 0.0, 0.0, 0.0, 0.0, 0.0, 0.0, 0.0, 0.0, 0.0, 0.0, 0.0, 0.0, 0.0, 0.0, 0.0, 0.0, 0.0, 0.0, 0.0, 0.0, 0.0, 0.0, 0.0, 0.0, 0.0, 0.0, 0.0, 0.0, 0.0, 0.0, 0.0, 0.0, 0.0, 0.0, 0.0, 0.0, 0.0, 0.0, 0.0, 0.0, 0.0, 0.0, 0.0, 0.0, 0.0, 0.0, 0.0, 0.0, 0.0, 0.0, 0.0, 0.0, 0.0, 0.0, 0.0, 0.0, 0.0, 0.0, 0.0, 0.0, 0.0, 0.0, 0.2083333283662796, 0.0, 0.5833333134651184, 0.0, 0.2083333283662796, 0.0, 0.0, 0.0, 0.0, 0.0, 0.0, 0.0, 0.0, 0.0, 0.0, 0.0, 0.0, 0.0, 0.0, 0.0, 0.0, 0.0, 0.0, 0.0, 0.0, 0.0, 0.0, 0.0, 0.0, 0.0, 0.0, 0.0, 0.0, 0.0, 0.0, 0.0, 0.0, 0.0, 0.0, 0.0, 0.0, 0.0, 0.0, 0.0, 0.0, 0.0, 0.0, 0.0, 0.0, 0.0, 0.0, 0.0, 0.0, 0.0, 0.0, 0.0, 0.0, 0.0, 0.0, 0.0, 0.0, 0.0, 0.0, 0.0, 0.0, 0.0, 0.0, 0.0, 0.0, 0.0, 0.0, 0.0, 0.0, 0.0, 0.0, 0.0, 0.0, 0.0, 0.0, 0.0, 0.0, 0.0, 0.0, 0.0, 0.0, 0.0, 0.0, 0.0, 0.0, 0.0, 0.0, 0.0, 0.0, 0.0, 0.0, 0.0, 0.0, 0.0, 0.0, 0.0, 0.0, 0.0, 0.0, 0.0, 0.0, 0.0, 0.0, 0.0, 0.0, 0.0, 0.0, 0.0, 0.0, 0.0, 0.0, 0.0, 0.0, 0.0, 0.0, 0.0, 0.0, 0.0, 0.0, 0.0, 0.0, 0.0, 0.0, 0.0, 0.0, 0.0, 0.0, 0.0, 0.0, 0.0, 0.0, 0.0, 0.0, 0.0, 0.0, 0.0, 0.0, 0.0], "tonal.chords_histogram": [12.962963104248047, 0.23148147761821747, 37.38425827026367, 0.0, 0.0, 0.0, 0.8101851940155029, 2.1990740299224854, 0.0, 0.0, 0.0, 0.0, 0.0, 0.0, 0.0, 0.0, 2.430555582046509, 6.018518447875977, 0.0, 8.217592239379883, 0.0, 2.0833332538604736, 0.0, 27.662036895751953], "tonal.thpcp": [1.0, 0.6190431714057922, 0.5668401122093201, 0.5577524900436401, 0.4832782447338104, 0.5805431604385376, 0.5119556784629822, 0.21025969088077545, 0.11089060455560684, 0.10392708331346512, 0.11019815504550934, 0.18517732620239258, 0.2337881475687027, 0.23241515457630157, 0.18436770141124725, 0.09654959291219711, 0.07567459344863892, 0.11352486163377762, 0.10992606729269028, 0.12629249691963196, 0.3838721811771393, 0.4351342022418976, 0.18460267782211304, 0.09821562469005585, 0.1860262155532837, 0.23778080940246582, 0.26292386651039124, 0.26508504152297974, 0.19739550352096558, 0.2847197353839874, 0.3084042966365814, 0.2246852070093155, 0.3308214843273163, 0.485809326171875, 0.5054654479026794, 0.8895142078399658], "lowlevel.gfcc.cov": [[8321.1884765625, -498.03826904296875, -483.50128173828125, -340.8758544921875, -371.57550048828125, -373.9938659667969, 75.62660217285156, -292.30743408203125, -70.64183807373047, -172.803955078125, -325.8450012207031, 133.23497009277344, -402.94970703125], [-498.03826904296875, 1130.2628173828125, -103.71788024902344, 127.09349060058594, 386.293212890625, -109.06441497802734, 272.30462646484375, 210.9360809326172, 209.54986572265625, -8.961031913757324, 239.84925842285156, -46.257843017578125, 169.15859985351562], [-483.50128173828125, -103.71788024902344, 1091.3214111328125, 164.95773315429688, 542.6494750976562, 373.4241943359375, 213.6620330810547, 92.14366912841797, 81.44609069824219, 145.5118865966797, -64.09698486328125, 59.55971908569336, -46.52330780029297], [-340.8758544921875, 127.09349060058594, 164.95773315429688, 343.159423828125, 247.2593231201172, 107.48054504394531, 109.05012512207031, 80.577392578125, 117.17628479003906, 16.72665786743164, 88.25609588623047, -1.474351406097412, 62.26427459716797], [-371.57550048828125, 386.293212890625, 542.6494750976562, 247.2593231201172, 789.4338989257812, 143.4014129638672, 344.2333679199219, 275.6748962402344, 187.3642578125, 130.861572265625, 75.46724700927734, 66.44278717041016, 5.403751850128174], [-373.9938659667969, -109.06441497802734, 373.4241943359375, 107.48054504394531, 143.4014129638672, 367.8746032714844, 116.05659484863281, -1.0688315629959106, 58.32072448730469, 50.52421951293945, -19.1253719329834, -44.81438446044922, -24.091787338256836], [75.62660217285156, 272.30462646484375, 213.6620330810547, 109.05012512207031, 344.2333679199219, 116.05659484863281, 304.3083190917969, 148.7238311767578, 129.10910034179688, 51.37569808959961, 54.65690231323242, 24.38811683654785, 9.871750831604004], [-292.30743408203125, 210.9360809326172, 92.14366912841797, 80.577392578125, 275.6748962402344, -1.0688315629959106, 148.7238311767578, 242.49436950683594, 98.84820556640625, 58.331382751464844, 86.58769989013672, 52.94954299926758, 40.76091003417969], [-70.64183807373047, 209.54986572265625, 81.44609069824219, 117.17628479003906, 187.3642578125, 58.32072448730469, 129.10910034179688, 98.84820556640625, 182.7978515625, 54.76886749267578, 89.08870697021484, 17.123201370239258, 34.489349365234375], [-172.803955078125, -8.961031913757324, 145.5118865966797, 16.72665786743164, 130.861572265625, 50.52421951293945, 51.37569808959961, 58.331382751464844, 54.76886749267578, 106.97079467773438, 28.060216903686523, 43.578285217285156, -4.221767902374268], [-325.8450012207031, 239.84925842285156, -64.09698486328125, 88.25609588623047, 75.46724700927734, -19.1253719329834, 54.65690231323242, 86.58769989013672, 89.08870697021484, 28.060216903686523, 158.37957763671875, 34.110687255859375, 89.40644073486328], [133.23497009277344, -46.257843017578125, 59.55971908569336, -1.474351406097412, 66.44278717041016, -44.81438446044922, 24.38811683654785, 52.94954299926758, 17.123201370239258, 43.578285217285156, 34.110687255859375, 135.8435516357422, 36.635597229003906], [-402.94970703125, 169.15859985351562, -46.52330780029297, 62.26427459716797, 5.403751850128174, -24.091787338256836, 9.871750831604004, 40.76091003417969, 34.489349365234375, -4.221767902374268, 89.40644073486328, 36.635597229003906, 148.28550720214844]], "lowlevel.gfcc.icov": [[0.00021077037672512233, 1.587233600730542e-05, 6.124434003140777e-05, -1.700186840025708e-05, 0.00012474656978156418, 0.0002363070088904351, -0.00043539682519622147, 0.00031110094278119504, -0.00033858983078971505, 0.00039275389281101525, 0.0002908282622229308, -0.0005768178962171078, 0.0006154017173685133], [1.587233600730542e-05, 0.0037547231186181307, -4.291627919883467e-05, 0.002037985948845744, -0.002229067264124751, 0.0022035108413547277, -0.0021144216880202293, 0.001051213126629591, -0.0015948718646541238, 0.002159355441108346, -0.004047068301588297, 0.0044358475133776665, -0.0030416687950491905], [6.124434003140777e-05, -4.291627919883467e-05, 0.0027555106207728386, -5.256752046989277e-05, -0.0018596031004562974, -0.002209806814789772, 0.0005589565262198448, 0.0006720664678141475, 0.00030171568505465984, -0.0009673901367932558, 0.0018800644902512431, -0.0015981427859514952, -0.00024766899878159165], [-1.700186840025708e-05, 0.002037985948845744, -5.256752046989277e-05, 0.006630259100347757, -0.003336256369948387, -0.000220650908886455, 0.0002390759764239192, 0.0012237047776579857, -0.0027681521605700254, 0.0038325428031384945, -0.004113737028092146, 0.002776852110400796, -0.0028909086249768734], [0.00012474656978156418, -0.002229067264124751, -0.0018596031004562974, -0.003336256369948387, 0.006996973883360624, 0.0007208925089798868, -0.0023773396387696266, -0.003217985387891531, 0.0006701971287839115, -0.0029775022994726896, 0.002934115007519722, -0.0023264316841959953, 0.003169276751577854], [0.0002363070088904351, 0.0022035108413547277, -0.002209806814789772, -0.000220650908886455, 0.0007208925089798868, 0.007733374368399382, -0.004230404272675514, 0.0016587621066719294, -0.0015686459373682737, -0.0005578446434810758, -0.0019278513500466943, 0.004962416365742683, -0.0011310611153021455], [-0.00043539682519622147, -0.0021144216880202293, 0.0005589565262198448, 0.0002390759764239192, -0.0023773396387696266, -0.004230404272675514, 0.010775943286716938, -0.0026723495684564114, -0.0014266249490901828, 0.0008227440994232893, 0.001499710138887167, -0.002322934567928314, 0.0007453314610756934], [0.00031110094278119504, 0.001051213126629591, 0.0006720664678141475, 0.0012237047776579857, -0.003217985387891531, 0.0016587621066719294, -0.0026723495684564114, 0.01003049686551094, -0.0013406469952315092, 0.00010143428517039865, -0.003010873682796955, -0.0004830464313272387, -0.0005998918786644936], [-0.00033858983078971505, -0.0015948718646541238, 0.00030171568505465984, -0.0027681521605700254, 0.0006701971287839115, -0.0015686459373682737, -0.0014266249490901828, -0.0013406469952315092, 0.013176742941141129, -0.005329479463398457, -0.0028520512860268354, 0.0001044033924699761, 0.0008178235148079693], [0.00039275389281101525, 0.002159355441108346, -0.0009673901367932558, 0.0038325428031384945, -0.0029775022994726896, -0.0005578446434810758, 0.0008227440994232893, 0.00010143428517039865, -0.005329479463398457, 0.019749226048588753, -0.005087910685688257, -0.0030948773492127657, 0.002260538749396801], [0.0002908282622229308, -0.004047068301588297, 0.0018800644902512431, -0.004113737028092146, 0.002934115007519722, -0.0019278513500466943, 0.001499710138887167, -0.003010873682796955, -0.0028520512860268354, -0.005087910685688257, 0.020840683951973915, -0.00627583684399724, -0.002464672550559044], [-0.0005768178962171078, 0.0044358475133776665, -0.0015981427859514952, 0.002776852110400796, -0.0023264316841959953, 0.004962416365742683, -0.002322934567928314, -0.0004830464313272387, 0.0001044033924699761, -0.0030948773492127657, -0.00627583684399724, 0.018249401822686195, -0.007953834719955921], [0.0006154017173685133, -0.0030416687950491905, -0.00024766899878159165, -0.0028909086249768734, 0.003169276751577854, -0.0011310611153021455, 0.0007453314610756934, -0.0005998918786644936, 0.0008178235148079693, 0.002260538749396801, -0.002464672550559044, -0.007953834719955921, 0.01616331748664379]], "lowlevel.mfcc.cov": [[8580.908203125, -465.1855163574219, -574.0271606445312, -223.85452270507812, -791.774658203125, -168.59327697753906, -447.6984558105469, -41.209171295166016, -252.8385009765625, -233.4620819091797, -101.9862289428711, -150.96994018554688, -239.43788146972656], [-465.1855163574219, 1069.6788330078125, -211.08221435546875, 328.4475402832031, 177.02261352539062, -47.82551956176758, 173.6738739013672, 188.1240692138672, 154.32229614257812, 114.46391296386719, 128.8936004638672, 118.11727905273438, 143.04359436035156], [-574.0271606445312, -211.08221435546875, 600.3027954101562, -98.87796020507812, 177.85421752929688, 255.31048583984375, 103.8802261352539, -6.547197341918945, 71.44160461425781, 55.140228271484375, 7.069890022277832, -5.9640021324157715, -2.6377546787261963], [-223.85452270507812, 328.4475402832031, -98.87796020507812, 443.41925048828125, 226.88827514648438, 18.08395004272461, 102.40168762207031, 163.55352783203125, 91.85235595703125, 93.92375183105469, 49.89373016357422, 81.31786346435547, 97.31340026855469], [-791.774658203125, 177.02261352539062, 177.85421752929688, 226.88827514648438, 383.1240539550781, 147.8792724609375, 168.0421142578125, 122.06661987304688, 133.34193420410156, 127.92766571044922, 74.9599609375, 76.75383758544922, 93.3754653930664], [-168.59327697753906, -47.82551956176758, 255.31048583984375, 18.08395004272461, 147.8792724609375, 336.1201477050781, 116.35690307617188, 72.62523651123047, 96.09148406982422, 103.38188934326172, 65.92241668701172, 40.57069396972656, 4.550987243652344], [-447.6984558105469, 173.6738739013672, 103.8802261352539, 102.40168762207031, 168.0421142578125, 116.35690307617188, 225.93695068359375, 113.17227172851562, 115.9701919555664, 83.82866668701172, 53.5120735168457, 47.798118591308594, 60.24116897583008], [-41.209171295166016, 188.1240692138672, -6.547197341918945, 163.55352783203125, 122.06661987304688, 72.62523651123047, 113.17227172851562, 194.09361267089844, 99.0698013305664, 92.13063049316406, 57.58970260620117, 77.9298095703125, 49.6341667175293], [-252.8385009765625, 154.32229614257812, 71.44160461425781, 91.85235595703125, 133.34193420410156, 96.09148406982422, 115.9701919555664, 99.0698013305664, 147.49998474121094, 84.65047454833984, 62.532142639160156, 48.86357498168945, 51.48529815673828], [-233.4620819091797, 114.46391296386719, 55.140228271484375, 93.92375183105469, 127.92766571044922, 103.38188934326172, 83.82866668701172, 92.13063049316406, 84.65047454833984, 150.85874938964844, 65.89807891845703, 67.34974670410156, 41.39981460571289], [-101.9862289428711, 128.8936004638672, 7.069890022277832, 49.89373016357422, 74.9599609375, 65.92241668701172, 53.5120735168457, 57.58970260620117, 62.532142639160156, 65.89807891845703, 113.40099334716797, 56.3756217956543, 33.5140380859375], [-150.96994018554688, 118.11727905273438, -5.9640021324157715, 81.31786346435547, 76.75383758544922, 40.57069396972656, 47.798118591308594, 77.9298095703125, 48.86357498168945, 67.34974670410156, 56.3756217956543, 117.26919555664062, 60.89776611328125], [-239.43788146972656, 143.04359436035156, -2.6377546787261963, 97.31340026855469, 93.3754653930664, 4.550987243652344, 60.24116897583008, 49.6341667175293, 51.48529815673828, 41.39981460571289, 33.5140380859375, 60.89776611328125, 117.58952331542969]], "lowlevel.mfcc.icov": [[0.00016592626343481243, 5.093097934150137e-05, 7.713392551522702e-05, -8.564299787394702e-05, 0.00035224983002990484, -0.00015500887820962816, 0.0002211897517554462, -0.00030930686625652015, -1.2530126980436762e-07, 8.692447590874508e-05, -9.637847688281909e-05, 0.00015642200014553964, 7.950020517455414e-06], [5.093097934150137e-05, 0.0016898773610591888, 0.0004216571105644107, -0.0006705464911647141, 0.0002889975148718804, 0.0005906348233111203, -0.0007132220780476928, -0.00016383265028707683, -0.0007601031684316695, -3.0769289878662676e-05, -0.0011310953414067626, 1.9467841411824338e-05, -0.0005494719371199608], [7.713392551522702e-05, 0.0004216571105644107, 0.0036874536890536547, 0.0014511564513668418, -0.00191249861381948, -0.0020977300591766834, -0.00030191935366019607, 0.0004629559407476336, -0.0006746674771420658, 0.00025006631040014327, 0.001257251133210957, 0.0002955708187073469, -0.00021900433057453483], [-8.564299787394702e-05, -0.0006705464911647141, 0.0014511564513668418, 0.005623587407171726, -0.003525284817442298, -0.00013378642324823886, 0.0008885243441909552, -0.0028039617463946342, 0.0005843102699145675, -0.00015583350614178926, 0.0014851113082841039, 0.00038661452708765864, -0.0012716170167550445], [0.00035224983002990484, 0.0002889975148718804, -0.00191249861381948, -0.003525284817442298, 0.008277595974504948, -0.0003327678714413196, -0.0014498633099719882, 0.00042893088539130986, -0.0011138299014419317, -0.0015287031419575214, -0.0013478717301040888, 0.0002778171328827739, -0.0014920934336259961], [-0.00015500887820962816, 0.0005906348233111203, -0.0020977300591766834, -0.00013378642324823886, -0.0003327678714413196, 0.006604877766221762, -0.0014602193841710687, -0.00016070618585217744, -0.000993050984106958, -0.001965008908882737, -0.0020200293511152267, -0.0006407930050045252, 0.0018882685108110309], [0.0002211897517554462, -0.0007132220780476928, -0.00030191935366019607, 0.0008885243441909552, -0.0014498633099719882, -0.0014602193841710687, 0.010131522081792355, -0.0034974170848727226, -0.003026277059689164, 0.0003375021042302251, 0.0005766138201579452, 0.0017396312905475497, -0.001789470436051488], [-0.00030930686625652015, -0.00016383265028707683, 0.0004629559407476336, -0.0028039617463946342, 0.00042893088539130986, -0.00016070618585217744, -0.0034974170848727226, 0.01346389390528202, -0.0037883007898926735, -0.0019595411140471697, 0.0006838412955403328, -0.004852981306612492, 0.0023415577597916126], [-1.2530126980436762e-07, -0.0007601031684316695, -0.0006746674771420658, 0.0005843102699145675, -0.0011138299014419317, -0.000993050984106958, -0.003026277059689164, -0.0037883007898926735, 0.016840413212776184, -0.0023964790161699057, -0.002956256503239274, 0.002116731135174632, -0.002285335911437869], [8.692447590874508e-05, -3.0769289878662676e-05, 0.00025006631040014327, -0.00015583350614178926, -0.0015287031419575214, -0.001965008908882737, 0.0003375021042302251, -0.0019595411140471697, -0.0023964790161699057, 0.014029603451490402, -0.0022861608304083347, -0.0032