{"song_id": "1183683812497035304", "download": "https://cdn.discordapp.com/attachments/1135903449314238464/1183683812497035304/chirp.mp4?ex=65893a74&amp", "lyrics": "It's a new day again\nCold and blizzard\nHide it in me, mute shadow.\nI'm alone again\nMaybe I'm not the one\nEvil thoughts, who can help me?", "style": ["rock"], "essentia_features": {"lowlevel.average_loudness": 0.982960045337677, "lowlevel.barkbands_crest.mean": 16.11587905883789, "lowlevel.barkbands_crest.stdev": 3.392822504043579, "lowlevel.barkbands_flatness_db.mean": 0.2659318149089813, "lowlevel.barkbands_flatness_db.stdev": 0.056202977895736694, "lowlevel.barkbands_kurtosis.mean": 33.35247802734375, "lowlevel.barkbands_kurtosis.stdev": 23.843107223510742, "lowlevel.barkbands_skewness.mean": 5.029531478881836, "lowlevel.barkbands_skewness.stdev": 1.7097493410110474, "lowlevel.barkbands_spread.mean": 7.004954814910889, "lowlevel.barkbands_spread.stdev": 5.416586399078369, "lowlevel.dissonance.mean": 0.4755544066429138, "lowlevel.dissonance.stdev": 0.014144187793135643, "lowlevel.dynamic_complexity": 1.1156721115112305, "lowlevel.erbbands_crest.mean": 8.365860939025879, "lowlevel.erbbands_crest.stdev": 3.1585354804992676, "lowlevel.erbbands_flatness_db.mean": 0.16283102333545685, "lowlevel.erbbands_flatness_db.stdev": 0.037721093744039536, "lowlevel.erbbands_kurtosis.mean": -1.0337852239608765, "lowlevel.erbbands_kurtosis.stdev": 0.6906276345252991, "lowlevel.erbbands_skewness.mean": 0.2020360678434372, "lowlevel.erbbands_skewness.stdev": 0.5320353507995605, "lowlevel.erbbands_spread.mean": 65.31034851074219, "lowlevel.erbbands_spread.stdev": 15.344419479370117, "lowlevel.hfc.mean": 21.964693069458008, "lowlevel.hfc.stdev": 9.053360939025879, "lowlevel.loudness_ebu128.integrated": -20.097110748291016, "lowlevel.loudness_ebu128.loudness_range": 1.6005821228027344, "lowlevel.loudness_ebu128.momentary.mean": -20.249189376831055, "lowlevel.loudness_ebu128.momentary.stdev": 1.2789576053619385, "lowlevel.loudness_ebu128.short_term.mean": -20.108863830566406, "lowlevel.loudness_ebu128.short_term.stdev": 0.5709415078163147, "lowlevel.melbands_crest.mean": 24.0704345703125, "lowlevel.melbands_crest.stdev": 3.5891685485839844, "lowlevel.melbands_flatness_db.mean": 0.3571687340736389, "lowlevel.melbands_flatness_db.stdev": 0.061250101774930954, "lowlevel.melbands_kurtosis.mean": 95.53417205810547, "lowlevel.melbands_kurtosis.stdev": 60.702754974365234, "lowlevel.melbands_skewness.mean": 7.87532377243042, "lowlevel.melbands_skewness.stdev": 2.4667868614196777, "lowlevel.melbands_spread.mean": 4.2977070808410645, "lowlevel.melbands_spread.stdev": 4.108695030212402, "lowlevel.pitch_salience.mean": 0.2998150885105133, "lowlevel.pitch_salience.stdev": 0.1319364756345749, "lowlevel.silence_rate_20dB.mean": 0.9987413287162781, "lowlevel.silence_rate_20dB.stdev": 0.035455115139484406, "lowlevel.silence_rate_30dB.mean": 0.22278162837028503, "lowlevel.silence_rate_30dB.stdev": 0.4161151349544525, "lowlevel.silence_rate_60dB.mean": 0.0006293266196735203, "lowlevel.silence_rate_60dB.stdev": 0.0250789113342762, "lowlevel.spectral_centroid.mean": 837.5748901367188, "lowlevel.spectral_centroid.stdev": 370.7542419433594, "lowlevel.spectral_complexity.mean": 20.3763370513916, "lowlevel.spectral_complexity.stdev": 7.897818088531494, "lowlevel.spectral_decrease.mean": -3.198564613171584e-08, "lowlevel.spectral_decrease.stdev": 1.024977347441336e-08, "lowlevel.spectral_energy.mean": 0.12271346896886826, "lowlevel.spectral_energy.stdev": 0.03916378691792488, "lowlevel.spectral_energyband_high.mean": 0.0002945111191365868, "lowlevel.spectral_energyband_high.stdev": 0.0004996591014787555, "lowlevel.spectral_energyband_low.mean": 0.10687344521284103, "lowlevel.spectral_energyband_low.stdev": 0.03802052140235901, "lowlevel.spectral_energyband_middle_high.mean": 0.0030276156030595303, "lowlevel.spectral_energyband_middle_high.stdev": 0.0017642679158598185, "lowlevel.spectral_energyband_middle_low.mean": 0.014282812364399433, "lowlevel.spectral_energyband_middle_low.stdev": 0.015789611265063286, "lowlevel.spectral_entropy.mean": 7.259944915771484, "lowlevel.spectral_entropy.stdev": 0.2870781719684601, "lowlevel.spectral_flux.mean": 0.06668202579021454, "lowlevel.spectral_flux.stdev": 0.0471300333738327, "lowlevel.spectral_kurtosis.mean": 5.549692153930664, "lowlevel.spectral_kurtosis.stdev": 2.6404201984405518, "lowlevel.spectral_rms.mean": 0.01076808013021946, "lowlevel.spectral_rms.stdev": 0.0019413657719269395, "lowlevel.spectral_rolloff.mean": 189.21876525878906, "lowlevel.spectral_rolloff.stdev": 250.4565887451172, "lowlevel.spectral_skewness.mean": 1.4527803659439087, "lowlevel.spectral_skewness.stdev": 0.3552585542201996, "lowlevel.spectral_spread.mean": 3570986.25, "lowlevel.spectral_spread.stdev": 1064702.875, "lowlevel.spectral_strongpeak.mean": 1.2736949920654297, "lowlevel.spectral_strongpeak.stdev": 0.33015745878219604, "lowlevel.zerocrossingrate.mean": 0.01649831421673298, "lowlevel.zerocrossingrate.stdev": 0.010709154419600964, "metadata.audio_properties.analysis.equal_loudness": 0.0, "metadata.audio_properties.analysis.length": 36.86294937133789, "metadata.audio_properties.analysis.sample_rate": 44100.0, "metadata.audio_properties.analysis.start_time": 0.0, "metadata.audio_properties.bit_rate": 112854.0, "metadata.audio_properties.length": 36.86399841308594, "metadata.audio_properties.lossless": 0.0, "metadata.audio_properties.number_channels": 1.0, "metadata.audio_properties.replay_gain": -2.0330257415771484, "metadata.audio_properties.sample_rate": 48000.0, "rhythm.beats_count": 50.0, "rhythm.beats_loudness.mean": 0.1317453384399414, "rhythm.beats_loudness.stdev": 0.03591309115290642, "rhythm.bpm": 83.3035888671875, "rhythm.bpm_histogram_first_peak_bpm": 83.0, "rhythm.bpm_histogram_first_peak_weight": 0.12765955924987793, "rhythm.bpm_histogram_second_peak_bpm": 76.0, "rhythm.bpm_histogram_second_peak_spread": 0.0, "rhythm.bpm_histogram_second_peak_weight": 0.040816325694322586, "rhythm.danceability": 1.0273091793060303, "rhythm.onset_rate": 2.0333523750305176, "tonal.chords_changes_rate": 0.04528301954269409, "tonal.chords_number_rate": 0.012578615918755531, "tonal.chords_strength.mean": 0.43468794226646423, "tonal.chords_strength.stdev": 0.07752648741006851, "tonal.hpcp_crest.mean": 12.156497955322266, "tonal.hpcp_crest.stdev": 5.944602966308594, "tonal.hpcp_entropy.mean": 2.341994047164917, "tonal.hpcp_entropy.stdev": 0.8656595945358276, "tonal.key_edma.strength": 0.6401419043540955, "tonal.key_krumhansl.strength": 0.6222657561302185, "tonal.key_temperley.strength": 0.5990468859672546, "tonal.tuning_diatonic_strength": 0.5375342965126038, "tonal.tuning_equal_tempered_deviation": 0.10756626725196838, "tonal.tuning_frequency": 441.5275573730469, "tonal.tuning_nontempered_energy_ratio": 0.7285221815109253, "lowlevel.barkbands.mean": [0.0002767400292214006, 0.07332120090723038, 0.03154948726296425, 0.003928202670067549, 0.0063146003521978855, 0.0018903166055679321, 0.0005412237369455397, 0.0006133830756880343, 0.0008500396506860852, 0.0003757875529117882, 0.0002663613122422248, 0.00015646082465536892, 0.00013258231047075242, 0.0001894454180728644, 0.0002485850709490478, 0.0003744259593077004, 0.0005298126488924026, 0.00023230827355291694, 0.0004981577512808144, 0.00019451523257885128, 7.32710977899842e-05, 2.4858982214936987e-05, 2.0898251023027115e-05, 4.4670090574072674e-05, 3.954206113121472e-05, 2.620337727421429e-05, 5.371136353460315e-07], "lowlevel.barkbands.stdev": [0.0013416381552815437, 0.02821095660328865, 0.01864825189113617, 0.004693914670497179, 0.011167388409376144, 0.0031031726393848658, 0.0009098371956497431, 0.0017025619745254517, 0.001471747294999659, 0.0006890969234518707, 0.0004218280373606831, 0.0003103060298599303, 0.0002104397426592186, 0.0002362095983698964, 0.00029286229982972145, 0.00029837156762368977, 0.00044213832006789744, 0.000247210671659559, 0.00038865007809363306, 0.00018348963931202888, 0.00011105176236014813, 6.639413186348975e-05, 4.720240394817665e-05, 0.0001774883276084438, 9.325423889094964e-05, 7.047399412840605e-05, 2.591755446701427e-06], "lowlevel.erbbands.mean": [0.7003240585327148, 20.558063507080078, 51.03492736816406, 14.846136093139648, 22.332353591918945, 11.56036376953125, 22.740522384643555, 16.339427947998047, 11.07226276397705, 11.314742088317871, 10.13438606262207, 18.628334045410156, 18.270811080932617, 10.723934173583984, 9.162557601928711, 6.5490875244140625, 6.350379467010498, 7.8969316482543945, 13.824332237243652, 11.805193901062012, 26.619495391845703, 28.972415924072266, 13.098605155944824, 24.941701889038086, 19.318315505981445, 9.427600860595703, 3.9330780506134033, 2.175544023513794, 0.9793381690979004, 0.6785466074943542, 0.5854402780532837, 0.6756858229637146, 0.8793671727180481, 0.4861357510089874, 0.2580670714378357, 0.11777794361114502, 0.05026994273066521, 0.006259839050471783, 0.00018165828078053892, 0.0001392308040522039], "lowlevel.erbbands.stdev": [0.7040612697601318, 7.510377883911133, 26.999496459960938, 12.125472068786621, 45.43756866455078, 21.6247615814209, 24.1024112701416, 32.22645568847656, 19.3321590423584, 27.714109420776367, 20.66912078857422, 31.33561897277832, 44.22252655029297, 14.882036209106445, 10.956289291381836, 11.52563190460205, 9.671585083007812, 10.604105949401855, 14.12700080871582, 12.544119834899902, 19.210594177246094, 23.564790725708008, 12.74038028717041, 21.728052139282227, 15.832239151000977, 8.747199058532715, 4.51799201965332, 4.1095452308654785, 2.5168795585632324, 1.7873135805130005, 1.290286898612976, 2.3025314807891846, 3.621771812438965, 1.4660416841506958, 0.5630547404289246, 0.2907849848270416, 0.1496150642633438, 0.019948409870266914, 0.00039915114757604897, 4.532720413408242e-05], "lowlevel.gfcc.mean": [-0.0718098133802414, 137.32887268066406, -102.33782196044922, 62.0840950012207, -16.01612091064453, 5.540890693664551, -25.79804801940918, 23.143329620361328, -21.51531982421875, -6.879936695098877, -5.457283973693848, -12.958426475524902, 5.003586292266846], "lowlevel.melbands.mean": [0.013316880911588669, 0.0271128099411726, 0.003074169857427478, 0.001178585458546877, 0.0007643800927326083, 0.0003483880718704313, 0.00015987991355359554, 0.00013528161798603833, 7.407029625028372e-05, 0.00012954951671417803, 8.915965736377984e-05, 4.274711318430491e-05, 3.367050157976337e-05, 1.824674654926639e-05, 1.7427386410417967e-05, 1.1758355867641512e-05, 1.5124287529033609e-05, 2.2534180970978923e-05, 1.6507347027072683e-05, 1.677103864494711e-05, 3.589808693504892e-05, 3.346113953739405e-05, 1.5606954548275098e-05, 1.0166186257265508e-05, 2.1921929146628827e-05, 1.6462225175928324e-05, 1.0356172424508259e-05, 5.12418137077475e-06, 2.4651542389619863e-06, 1.8795501546264859e-06, 1.057817257787974e-06, 5.790211048406491e-07, 3.7656843687727815e-07, 3.807959387813753e-07, 3.457144259755296e-07, 2.9854908234483446e-07, 4.6763312866460183e-07, 6.559439498232678e-07, 5.09417418470548e-07, 3.759680566872703e-07], "lowlevel.melbands.stdev": [0.007231642957776785, 0.011289500631392002, 0.0025819609872996807, 0.002637116704136133, 0.0008124319138005376, 0.0006751008331775665, 0.00027861009584739804, 0.00035510232555679977, 0.00013588920410256833, 0.00022470398107543588, 0.00021571884281001985, 5.853667971678078e-05, 4.307166818762198e-05, 3.637206827988848e-05, 3.1047853553900495e-05, 1.8313088730792515e-05, 2.248676355520729e-05, 2.258484164485708e-05, 2.1010584532632492e-05, 1.5351984984590672e-05, 2.698924254218582e-05, 2.8946395104867406e-05, 1.5806479495950043e-05, 1.1233600162086077e-05, 1.982276990020182e-05, 1.4563095646735746e-05, 9.259084436052945e-06, 5.121039521327475e-06, 2.783738864309271e-06, 3.023857289008447e-06, 2.3679867808823474e-06, 1.5579597629766795e-06, 1.0819303497555666e-06, 1.017387148749549e-06, 7.755125466246682e-07, 6.860544203846075e-07, 1.8083834447679692e-06, 2.817074573613354e-06, 1.899365997815039e-06, 1.0645734391800943e-06], "lowlevel.melbands128.mean": [0.00020461490203160793, 0.0017843281384557486, 0.014072934165596962, 0.04362483322620392, 0.036139171570539474, 0.010499072261154652, 0.0021042036823928356, 0.0020600161515176296, 0.002784143202006817, 0.0008552763029001653, 0.00033446933957748115, 0.0010605128481984138, 0.0009826377499848604, 0.00023091805633157492, 0.00035057467175647616, 0.0004573454207275063, 0.00021146288781892508, 0.00011003101099049672, 7.44098870200105e-05, 0.00012105362111469731, 0.00018929285579361022, 0.00011950932821491733, 3.1359228159999475e-05, 6.0295504226814955e-05, 0.00011485747381811962, 0.00016608028090558946, 0.00014855872723273933, 6.786750600440428e-05, 5.8946170611307025e-05, 4.093452662345953e-05, 3.805974483839236e-05, 4.422922575031407e-05, 3.3442291169194505e-05, 2.8720893169520423e-05, 1.9001223336090334e-05, 1.4187135093379766e-05, 1.6905003576539457e-05, 2.037328522419557e-05, 1.6337782653863542e-05, 1.2357692867226433e-05, 1.1964064469793811e-05, 7.910122803878039e-06, 1.2979687198821921e-05, 2.1045108951511793e-05, 1.938703098858241e-05, 2.3407941625919193e-05, 2.6527348381932825e-05, 1.389053704770049e-05, 1.453883305657655e-05, 1.4417472812056076e-05, 1.3949342246633023e-05, 2.209723425039556e-05, 3.5073990147793666e-05, 3.644582466222346e-05, 4.755175905302167e-05, 3.191444557160139e-05, 2.6960751711158082e-05, 1.8139466192224063e-05, 1.1832788004539907e-05, 8.909258212952409e-06, 7.247844223456923e-06, 1.2157460332673509e-05, 2.2153957615955733e-05, 2.6610023269313388e-05, 1.880317176983226e-05, 1.6536916518816724e-05, 1.5550134776276536e-05, 1.048056765284855e-05, 9.982845767808612e-06, 9.138044333667494e-06, 4.78954780191998e-06, 3.3403862289560493e-06, 2.76653008768335e-06, 2.3363204491033684e-06, 2.0783024865522748e-06, 2.22456378651259e-06, 1.656827862461796e-06, 1.0924985645033303e-06, 1.148324827227043e-06, 8.05424519967346e-07, 6.392724571924191e-07, 4.873579655395588e-07, 4.0131160972123325e-07, 3.733231324076769e-07, 3.349745725245157e-07, 3.7543966868724965e-07, 3.9235257531800016e-07, 3.99326580691195e-07, 3.488680704322178e-07, 3.1093480856725364e-07, 2.840643844592705e-07, 2.926288402704813e-07, 3.217161861357454e-07, 4.070576835601969e-07, 6.174232112243772e-07, 6.238527703317231e-07, 7.014014613559993e-07, 6.740702929164399e-07, 4.639854296328849e-07, 4.663143897687405e-07, 4.324456028825807e-07, 3.5019527899748937e-07, 3.266295323101076e-07, 2.925336559655989e-07, 3.0756848445889773e-07, 2.5927684532689454e-07, 2.725055594510195e-07, 2.590814460745605e-07, 1.8208345409220783e-07, 1.6409819636464817e-07, 1.4568696826700034e-07, 1.6535724967070564e-07, 1.918475192042024e-07, 1.591694882563388e-07, 1.1836268498655045e-07, 6.111382333529036e-08, 2.1691938911772013e-08, 2.82683121355376e-09, 3.538793980073507e-10, 2.6915388320891687e-11, 2.6358651372682118e-11, 2.3196571399819454e-11, 1.991465325978936e-11, 1.9544775520241586e-11, 1.896951866420249e-11, 1.8224938919120248e-11, 1.7802322116455827e-11, 1.766724440355194e-11], "lowlevel.melbands128.stdev": [0.0009699056390672922, 0.003654446918517351, 0.01582746021449566, 0.016053976491093636, 0.018644288182258606, 0.006057580467313528, 0.0029481733217835426, 0.002742053708061576, 0.006088621448725462, 0.0031432039104402065, 0.000743979006074369, 0.0011549005284905434, 0.0010930821299552917, 0.00044937641359865665, 0.0007196112419478595, 0.0013080536155030131, 0.00045926240272819996, 0.00021566884242929518, 0.00016223671264015138, 0.00035009137354791164, 0.0006297676009126008, 0.00031152446172200143, 6.458943971665576e-05, 0.00011208633077330887, 0.00023719549062661827, 0.00033576367422938347, 0.000502615759614855, 0.00022832465765532106, 8.42937733978033e-05, 6.374868098646402e-05, 8.363729284610599e-05, 0.00010933403245871887, 4.251340214977972e-05, 4.57093701697886e-05, 5.287868407322094e-05, 4.474570960155688e-05, 3.773122443817556e-05, 4.2529245547484607e-05, 3.270733941462822e-05, 2.5613866455387324e-05, 2.3741118639009073e-05, 1.1141531103930902e-05, 2.217415749328211e-05, 4.2769534047693014e-05, 2.4888380721677095e-05, 2.547305302869063e-05, 4.181432814220898e-05, 2.4239177946583368e-05, 2.283290814375505e-05, 2.0617388145183213e-05, 1.523716673546005e-05, 2.3691338356002234e-05, 3.636262772488408e-05, 3.4518016036599874e-05, 5.242061160970479e-05, 3.5814409784507006e-05, 3.104172719758935e-05, 2.4213110009441152e-05, 1.498784786235774e-05, 1.2606972632056568e-05, 9.426527867617551e-06, 1.6558666175114922e-05, 2.7757751013268717e-05, 2.5898621970554814e-05, 1.860285919974558e-05, 1.8899225324275903e-05, 1.8112716134055518e-05, 1.0395774552307557e-05, 1.172123484138865e-05, 1.131156568590086e-05, 5.984898962196894e-06, 3.860006927425275e-06, 3.425477871132898e-06, 3.0747346499993e-06, 2.7904475246032234e-06, 4.1055454857996665e-06, 3.0782334761170205e-06, 2.2744768557458883e-06, 2.933615178335458e-06, 2.3737461560813244e-06, 1.8979633296112297e-06, 1.3599961903310032e-06, 1.2141236993556959e-06, 1.2532127584563568e-06, 1.0364163927079062e-06, 1.0992397392328712e-06, 1.136849732574774e-06, 9.775402531886357e-07, 8.386487593270431e-07, 7.399921742035076e-07, 6.568535013684595e-07, 6.502498877125618e-07, 1.073129510587023e-06, 1.66929169154173e-06, 2.630660674185492e-06, 2.850367536666454e-06, 3.157868377456907e-06, 2.940735384981963e-06, 1.8870276790039497e-06, 1.7220060044564889e-06, 1.2954410522070248e-06, 1.0366809419792844e-06, 9.814664281293517e-07, 7.420969723170856e-07, 7.822634415788343e-07, 6.544426014443161e-07, 7.112740831871633e-07, 6.484305004050839e-07, 4.897815983895271e-07, 5.139962127032049e-07, 4.780254130309913e-07, 5.713332029699814e-07, 6.094456921346136e-07, 5.334807724466373e-07, 4.0861033312467043e-07, 2.0666502109634166e-07, 9.80113625814738e-08, 2.153858424946975e-08, 5.995003160563783e-09, 1.4250282898142785e-10, 2.101278873123391e-10, 1.1084932277638515e-10, 3.786468361077766e-11, 3.711856863541918e-11, 3.618070773536708e-11, 3.5439665091452355e-11, 3.515274182852579e-11, 3.4954750899318654e-11], "lowlevel.mfcc.mean": [-646.690185546875, 159.300537109375, -5.551229476928711, 61.88752365112305, 34.72801971435547, -1.5306049585342407, 23.537025451660156, 11.216246604919434, 11.296031951904297, 10.656465530395508, -5.7466888427734375, 0.9241047501564026, 0.573782205581665], "lowlevel.spectral_contrast_coeffs.mean": [-0.6309126019477844, -0.7653970718383789, -0.7936038374900818, -0.8006525635719299, -0.7756175398826599, -0.7628952264785767], "lowlevel.spectral_contrast_coeffs.stdev": [0.058168526738882065, 0.06719336658716202, 0.04956088215112686, 0.03439304605126381, 0.025543250143527985, 0.042380284518003464], "lowlevel.spectral_contrast_valleys.mean": [-6.019659519195557, -6.863195419311523, -7.348445892333984, -7.427860260009766, -7.208030700683594, -11.099954605102539], "lowlevel.spectral_contrast_valleys.stdev": [0.47532880306243896, 0.542153537273407, 0.44823095202445984, 0.3702426850795746, 0.42879021167755127, 1.0525619983673096], "rhythm.beats_loudness_band_ratio.mean": [0.8884628415107727, 0.11686632037162781, 0.02467619627714157, 0.010271982289850712, 0.016522910445928574, 0.012747982516884804], "rhythm.beats_loudness_band_ratio.stdev": [0.056997109204530716, 0.11836396902799606, 0.022024966776371002, 0.00696577737107873, 0.014484747312963009, 0.00669741490855813], "tonal.hpcp.mean": [0.00229858560487628, 0.002269325777888298, 0.003106846008449793, 0.004040833096951246, 0.003727169707417488, 0.004122373182326555, 0.004596484359353781, 0.004824499133974314, 0.007595921866595745, 0.010415898635983467, 0.03947282209992409, 0.15284554660320282, 0.17040930688381195, 0.05818253010511398, 0.008754187263548374, 0.00619698828086257, 0.00786906573921442, 0.0076348683796823025, 0.010668372735381126, 0.012816296890377998, 0.035607513040304184, 0.07072493433952332, 0.05100647732615471, 0.01950431615114212, 0.021863214671611786, 0.04355659335851669, 0.41681385040283203, 0.7008511424064636, 0.3350185453891754, 0.03396015614271164, 0.02226276695728302, 0.015633326023817062, 0.013176944106817245, 0.009170114994049072, 0.005220309365540743, 0.0027188253588974476], "tonal.hpcp.stdev": [0.005746450275182724, 0.005620216950774193, 0.008908014744520187, 0.020163217559456825, 0.018214749172329903, 0.021576425060629845, 0.023985538631677628, 0.04219646006822586, 0.05397941172122955, 0.058759137988090515, 0.12525181472301483, 0.32319536805152893, 0.2933694124221802, 0.09833087772130966, 0.03931516408920288, 0.04523397237062454, 0.054086413234472275, 0.0585954412817955, 0.07927406579256058, 0.08760632574558258, 0.13580866158008575, 0.24539029598236084, 0.18307703733444214, 0.09582720696926117, 0.09698446840047836, 0.15952777862548828, 0.31647318601608276, 0.43804362416267395, 0.27819517254829407, 0.13717347383499146, 0.11941149830818176, 0.08873643726110458, 0.07412807643413544, 0.03602619841694832, 0.009426708333194256, 0.005879967473447323], "rhythm.beats_position": [0.7662584781646729, 1.5557368993759155, 2.345215320587158, 3.0650339126586914, 3.7848525047302246, 4.504671096801758, 5.224489688873291, 5.944308280944824, 6.664126873016357, 7.383945465087891, 8.103763580322266, 8.823582649230957, 9.555010795593262, 10.286439895629883, 11.006258010864258, 11.72607707977295, 12.434285163879395, 13.154104232788086, 13.862312316894531, 14.570521354675293, 15.301949501037598, 16.03337860107422, 16.741586685180664, 17.46140480041504, 18.181224822998047, 18.901042938232422, 19.620861053466797, 20.340679168701172, 21.06049919128418, 21.780317306518555, 22.50013542175293, 23.219953536987305, 23.939773559570312, 24.659591674804688, 25.379409790039062, 26.099227905273438, 26.819047927856445, 27.53886604309082, 28.258684158325195, 28.97850227355957, 29.698322296142578, 30.429750442504883, 31.137958526611328, 31.869386672973633, 32.60081481933594, 33.32063293457031, 34.02884292602539, 34.748661041259766, 35.46847915649414, 36.19990921020508], "rhythm.bpm_histogram": [0.0, 0.0, 0.0, 0.0, 0.0, 0.0, 0.0, 0.0, 0.0, 0.0, 0.0, 0.0, 0.0, 0.0, 0.0, 0.0, 0.0, 0.0, 0.0, 0.0, 0.0, 0.0, 0.0, 0.0, 0.0, 0.0, 0.0, 0.0, 0.0, 0.0, 0.0, 0.0, 0.0, 0.0, 0.0, 0.0, 0.0, 0.0, 0.0, 0.0, 0.0, 0.0, 0.0, 0.0, 0.0, 0.0, 0.0, 0.0, 0.0, 0.0, 0.0, 0.0, 0.0, 0.0, 0.0, 0.0, 0.0, 0.0, 0.0, 0.0, 0.0, 0.0, 0.0, 0.0, 0.0, 0.0, 0.0, 0.0, 0.0, 0.0, 0.0, 0.0, 0.0, 0.0, 0.0, 0.0, 0.040816325694322586, 0.0, 0.0, 0.0, 0.0, 0.0, 0.16326530277729034, 0.6734693646430969, 0.0, 0.12244898080825806, 0.0, 0.0, 0.0, 0.0, 0.0, 0.0, 0.0, 0.0, 0.0, 0.0, 0.0, 0.0, 0.0, 0.0, 0.0, 0.0, 0.0, 0.0, 0.0, 0.0, 0.0, 0.0, 0.0, 0.0, 0.0, 0.0, 0.0, 0.0, 0.0, 0.0, 0.0, 0.0, 0.0, 0.0, 0.0, 0.0, 0.0, 0.0, 0.0, 0.0, 0.0, 0.0, 0.0, 0.0, 0.0, 0.0, 0.0, 0.0, 0.0, 0.0, 0.0, 0.0, 0.0, 0.0, 0.0, 0.0, 0.0, 0.0, 0.0, 0.0, 0.0, 0.0, 0.0, 0.0, 0.0, 0.0, 0.0, 0.0, 0.0, 0.0, 0.0, 0.0, 0.0, 0.0, 0.0, 0.0, 0.0, 0.0, 0.0, 0.0, 0.0, 0.0, 0.0, 0.0, 0.0, 0.0, 0.0, 0.0, 0.0, 0.0, 0.0, 0.0, 0.0, 0.0, 0.0, 0.0, 0.0, 0.0, 0.0, 0.0, 0.0, 0.0, 0.0, 0.0, 0.0, 0.0, 0.0, 0.0, 0.0, 0.0, 0.0, 0.0, 0.0, 0.0, 0.0, 0.0, 0.0, 0.0, 0.0, 0.0, 0.0, 0.0, 0.0, 0.0, 0.0, 0.0, 0.0, 0.0, 0.0, 0.0, 0.0, 0.0, 0.0, 0.0, 0.0, 0.0, 0.0, 0.0, 0.0, 0.0, 0.0, 0.0, 0.0, 0.0, 0.0, 0.0, 0.0, 0.0, 0.0, 0.0, 0.0, 0.0, 0.0, 0.0, 0.0, 0.0, 0.0, 0.0, 0.0, 0.0, 0.0, 0.0, 0.0, 0.0], "tonal.chords_histogram": [12.704402923583984, 0.0, 1.8867924213409424, 1.257861614227295, 0.0, 1.5094339847564697, 0.0, 0.0, 0.0, 0.0, 0.0, 0.2515723407268524, 7.6729559898376465, 0.0, 0.0, 5.786163330078125, 24.276729583740234, 32.704402923583984, 0.0, 7.6729559898376465, 0.0, 0.0, 3.396226406097412, 0.8805031180381775], "tonal.thpcp": [1.0, 0.4780167043209076, 0.04845559224486351, 0.03176533058285713, 0.022306200116872787, 0.01880134455859661, 0.013084255158901215, 0.007448527961969376, 0.003879319177940488, 0.0032797057647258043, 0.003237956902012229, 0.004432961344718933, 0.005765608046203852, 0.005318061914294958, 0.005881952587515116, 0.006558431778103113, 0.006883771624416113, 0.010838138870894909, 0.014861784875392914, 0.05632126331329346, 0.21808560192584991, 0.24314622581005096, 0.08301696181297302, 0.012490794062614441, 0.008842089213430882, 0.011227870360016823, 0.010893709026277065, 0.01522202417254448, 0.01828676089644432, 0.05080610141158104, 0.1009129211306572, 0.07277790457010269, 0.027829470112919807, 0.031195232644677162, 0.062148138880729675, 0.5947251915931702], "lowlevel.gfcc.cov": [[2115.27880859375, -1192.935302734375, 423.23455810546875, -156.1290740966797, -493.2079772949219, 294.7534484863281, -315.05859375, 211.01870727539062, -237.18545532226562, 242.52920532226562, -320.3851013183594, 245.37307739257812, -319.54583740234375], [-1192.935302734375, 1249.98486328125, -512.7479858398438, 55.11247253417969, 227.38058471679688, -321.1748352050781, 283.2831726074219, -206.7024383544922, 235.24990844726562, -228.9669952392578, 304.7349853515625, -299.41204833984375, 282.95355224609375], [423.23455810546875, -512.7479858398438, 432.7987976074219, -40.5562629699707, -37.803062438964844, 100.99334716796875, -146.2420654296875, 51.36927795410156, -127.9579086303711, 106.35672760009766, -130.2581329345703, 157.9725799560547, -152.6391143798828], [-156.1290740966797, 55.11247253417969, -40.5562629699707, 199.19818115234375, 21.786670684814453, -7.004767417907715, -20.927894592285156, -65.41031646728516, 40.1917839050293, -81.32015991210938, 45.4690055847168, -38.10987854003906, 71.47161102294922], [-493.2079772949219, 227.38058471679688, -37.803062438964844, 21.786670684814453, 263.1490783691406, -85.27962493896484, 100.78974151611328, -34.11056900024414, 30.151681900024414, -25.901819229125977, 36.18714141845703, -8.969914436340332, 53.1861457824707], [294.7534484863281, -321.1748352050781, 100.99334716796875, -7.004767417907715, -85.27962493896484, 180.59132385253906, -55.89107894897461, 64.86862182617188, -55.14057159423828, 27.27271842956543, -51.94247817993164, 33.44765090942383, -55.25843048095703], [-315.05859375, 283.2831726074219, -146.2420654296875, -20.927894592285156, 100.78974151611328, -55.89107894897461, 202.49375915527344, -24.908977508544922, 59.57980728149414, -50.612632751464844, 38.68222427368164, -52.354801177978516, 48.34912872314453], [211.01870727539062, -206.7024383544922, 51.36927795410156, -65.41031646728516, -34.11056900024414, 64.86862182617188, -24.908977508544922, 143.22349548339844, -14.389453887939453, 62.66061782836914, -32.18821716308594, 14.821993827819824, -49.90597915649414], [-237.18545532226562, 235.24990844726562, -127.9579086303711, 40.1917839050293, 30.151681900024414, -55.14057159423828, 59.57980728149414, -14.389453887939453, 118.71575164794922, -36.0859375, 86.7499771118164, -83.14791870117188, 60.9825439453125], [242.52920532226562, -228.9669952392578, 106.35672760009766, -81.32015991210938, -25.901819229125977, 27.27271842956543, -50.612632751464844, 62.66061782836914, -36.0859375, 140.9034423828125, -53.15010452270508, 80.73637390136719, -73.61354064941406], [-320.3851013183594, 304.7349853515625, -130.2581329345703, 45.4690055847168, 36.18714141845703, -51.94247817993164, 38.68222427368164, -32.18821716308594, 86.7499771118164, -53.15010452270508, 161.69349670410156, -97.40902709960938, 93.9334945678711], [245.37307739257812, -299.41204833984375, 157.9725799560547, -38.10987854003906, -8.969914436340332, 33.44765090942383, -52.354801177978516, 14.821993827819824, -83.14791870117188, 80.73637390136719, -97.40902709960938, 167.73150634765625, -71.24253845214844], [-319.54583740234375, 282.95355224609375, -152.6391143798828, 71.47161102294922, 53.1861457824707, -55.25843048095703, 48.34912872314453, -49.90597915649414, 60.9825439453125, -73.61354064941406, 93.9334945678711, -71.24253845214844, 141.30088806152344]], "lowlevel.gfcc.icov": [[0.0018072075909003615, 0.0012232949957251549, 0.00016862187476363033, 0.00038463191594928503, 0.002311230404302478, 0.0006906425696797669, -5.9382586186984554e-05, -0.00010754389950307086, 0.0005003909463994205, -0.000376821932150051, 0.0006300191744230688, 0.0004015027079731226, 0.0003786975867114961], [0.0012232949957251549, 0.01625811867415905, 0.0023095333017408848, 0.009548865258693695, -0.0014319398906081915, 0.012153981253504753, -0.0048178755678236485, 0.010533601976931095, -0.0020177399273961782, 0.005663572810590267, -0.00808548554778099, 0.011018827557563782, -0.006712430156767368], [0.00016862187476363033, 0.0023095333017408848, 0.0064948610961437225, 0.0006588122923858464, -0.0018205838277935982, 0.0005394465988501906, 0.0020177923142910004, 0.001554141053929925, 0.001418235246092081, 0.0006451759836636484, -0.0017649708315730095, -0.0008888070588000119, 0.0036432293709367514], [0.00038463191594928503, 0.009548865258693695, 0.0006588122923858464, 0.015524396672844887, -0.0025617422070354223, 0.0048116277903318405, 0.0008345448295585811, 0.009265366941690445, -0.006384910084307194, 0.008109894581139088, -0.003646126249805093, 0.005389285273849964, -0.007437923923134804], [0.002311230404302478, -0.0014319398906081915, -0.0018205838277935982, -0.0025617422070354223, 0.009657243266701698, 0.0011965121375396848, -0.0028632197063416243, -0.0029504650738090277, 0.0022218627855181694, -0.002277206629514694, 0.0018094637198373675, -0.0019751249346882105, -0.00015017612895462662], [0.0006906425696797669, 0.012153981253504753, 0.0005394465988501906, 0.0048116277903318405, 0.0011965121375396848, 0.018743667751550674, -0.004865704569965601, 0.003642369294539094, 0.0022545927204191685, 0.00488604512065649, -0.006502647418528795, 0.008862919174134731, -0.004432501271367073], [-5.9382586186984554e-05, -0.0048178755678236485, 0.0020177923142910004, 0.0008345448295585811, -0.0028632197063416243, -0.004865704569965601, 0.011739542707800865, -0.002260283101350069, -0.0035906732082366943, 0.0016145925037562847, 0.004274147097021341, -0.004349001683294773, 0.0029874283354729414], [-0.00010754389950307086, 0.010533601976931095, 0.001554141053929925, 0.009265366941690445, -0.0029504650738090277, 0.003642369294539094, -0.002260283101350069, 0.019153758883476257, -0.004313891287893057, 0.00031046156072989106, -0.004483879543840885, 0.009533500298857689, -0.004460018128156662], [0.0005003909463994205, -0.0020177399273961782, 0.001418235246092081, -0.006384910084307194, 0.0022218627855181694, 0.0022545927204191685, -0.0035906732082366943, -0.004313891287893057, 0.02202187478542328, -0.00516540976241231, -0.004960180725902319, 0.003392289625480771, 0.0024966634809970856], [-0.000376821932150051, 0.005663572810590267, 0.0006451759836636484, 0.008109894581139088, -0.002277206629514694, 0.00488604512065649, 0.0016145925037562847, 0.00031046156072989106, -0.00516540976241231, 0.019051050767302513, -0.004249476827681065, -0.0027963174507021904, 0.0002959590347018093], [0.0006300191744230688, -0.00808548554778099, -0.0017649708315730095, -0.003646126249805093, 0.0018094637198373675, -0.006502647418528795, 0.004274147097021341, -0.004483879543840885, -0.004960180725902319, -0.004249476827681065, 0.019829755648970604, -0.0014407314592972398, -0.0026986002922058105], [0.0004015027079731226, 0.011018827557563782, -0.0008888070588000119, 0.005389285273849964, -0.0019751249346882105, 0.008862919174134731, -0.004349001683294773, 0.009533500298857689, 0.003392289625480771, -0.0027963174507021904, -0.0014407314592972398, 0.02250799909234047, -0.006393260322511196], [0.0003786975867114961, -0.006712430156767368, 0.0036432293709367514, -0.007437923923134804, -0.00015017612895462662, -0.004432501271367073, 0.0029874283354729414, -0.004460018128156662, 0.0024966634809970856, 0.0002959590347018093, -0.0026986002922058105, -0.006393260322511196, 0.02244572341442108]], "lowlevel.mfcc.cov": [[1937.982666015625, -924.2926635742188, 475.90789794921875, -368.5406494140625, -154.89479064941406, -41.87062454223633, -149.5818328857422, 2.526395559310913, -46.9713134765625, 2.132793664932251, 73.25675201416016, -72.82420349121094, -44.57080841064453], [-924.2926635742188, 941.1766967773438, -444.9530029296875, 201.51455688476562, -49.38372802734375, -61.453731536865234, 89.68617248535156, -58.01496505737305, 26.512981414794922, 36.03547286987305, -40.56721496582031, 65.00534057617188, 17.11443519592285], [475.90789794921875, -444.9530029296875, 406.1788330078125, -135.09814453125, 37.75604248046875, 13.63526725769043, -59.489566802978516, -1.7289390563964844, -56.42912292480469, -37.8430290222168, 20.138870239257812, -21.548505783081055, -12.40170669555664], [-368.5406494140625, 201.51455688476562, -135.09814453125, 229.56927490234375, 34.30229187011719, 35.97058868408203, -7.947734355926514, -0.7579402327537537, 7.135000705718994, -31.144729614257812, -41.24698257446289, -8.425500869750977, 4.86361837387085], [-154.89479064941406, -49.38372802734375, 37.75604248046875, 34.30229187011719, 162.9989776611328, -9.792125701904297, 10.24681282043457, -10.411055564880371, -17.52399444580078, 8.286181449890137, -22.278091430664062, 1.0067451000213623, 1.7962006330490112], [-41.87062454223633, -61.453731536865234, 13.63526725769043, 35.97058868408203, -9.792125701904297, 125.94126892089844, -1.502349615097046, 28.00100326538086, -3.931894302368164, -46.80419921875, -8.650026321411133, -21.60898208618164, -10.232806205749512], [-149.5818328857422, 89.68617248535156, -59.489566802978516, -7.947734355926514, 10.24681282043457, -1.502349615097046, 102.29596710205078, 19.57793426513672, 24.866395950317383, 11.64343547821045, 1.4491277933120728, 24.78449249267578, -6.802778244018555], [2.526395559310913, -58.01496505737305, -1.7289390563964844, -0.7579402327537537, -10.411055564880371, 28.00100326538086, 19.57793426513672, 92.33613586425781, 13.668787956237793, 5.00803279876709, -6.1584320068359375, -13.705110549926758, -1.2717055082321167], [-46.9713134765625, 26.512981414794922, -56.42912292480469, 7.135000705718994, -17.52399444580078, -3.931894302368164, 24.866395950317383, 13.668787956237793, 70.43468475341797, 18.270662307739258, 10.661730766296387, 2.79931640625, 0.06817719340324402], [2.132793664932251, 36.03547286987305, -37.8430290222168, -31.144729614257812, 8.286181449890137, -46.80419921875, 11.64343547821045, 5.00803279876709, 18.270662307739258, 90.3035659790039, 18.08343505859375, 12.023530006408691, 2.133697032928467], [73.25675201416016, -40.56721496582031, 20.138870239257812, -41.24698257446289, -22.278091430664062, -8.650026321411133, 1.4491277933120728, -6.1584320068359375, 10.661730766296387, 18.08343505859375, 69.54012298583984, 22.364723205566406, 6.243503093719482], [-72.82420349121094, 65.00534057617188, -21.548505783081055, -8.425500869750977, 1.0067451000213623, -21.60898208618164, 24.78449249267578, -13.705110549926758, 2.79931640625, 12.023530006408691, 22.364723205566406, 70.45072174072266, 12.871153831481934], [-44.57080841064453, 17.11443519592285, -12.40170669555664, 4.86361837387085, 1.7962006330490112, -10.232806205749512, -6.802778244018555, -1.2717055082321167, 0.06817719340324402, 2.133697032928467, 6.243503093719482, 12.871153831481934, 64.29778289794922]], "lowlevel.mfcc.icov": [[0.0018175517907366157, 0.001792767783626914, 4.17118426412344e-05, 0.0008217878639698029, 0.0023251401726156473, 0.0012644397793337703, 0.0006038311403244734, 0.0008372788433916867, 0.0008064638241194189, -0.0004492987063713372, 0.00035296197165735066, 0.000419604271883145, 0.0008411177550442517], [0.001792767783626914, 0.005009393207728863, 0.00256822700612247, -0.000981803983449936, 0.0038097158540040255, 0.002362525789067149, -0.001503696315921843, 0.0028292681090533733, 0.002613723510876298, -0.0011427497956901789, 0.0016283856239169836, -0.0009056553244590759, 0.0007037367322482169], [4.17118426412344e-05, 0.00256822700612247, 0.006791690364480019, 0.001982488203793764, -0.0010338117135688663, 0.0006753943162038922, 0.001125686103478074, 0.0005012643523514271, 0.0030888982582837343, 0.002315180143341422, -0.0005236956640146673, -0.0005976578686386347, 0.0008611025405116379], [0.0008217878639698029, -0.000981803983449936, 0.001982488203793764, 0.009246006608009338, -0.002478086855262518, -0.0016424335772171617, 0.0043233707547187805, -0.001027669059112668, -0.0015511581441387534, 0.0032263733446598053, 0.001584827434271574, 0.0002023182896664366, 0.00045910043991170824], [0.0023251401726156473, 0.0038097158540040255, -0.0010338117135688663, -0.002478086855262518, 0.011871952563524246, 0.002493578474968672, -0.002971729263663292, 0.003428623778745532, 0.0034865234047174454, -0.0038817350286990404, 0.0035575812216848135, -5.787506597698666e-05, 0.00019561559020075947], [0.0012644397793337703, 0.002362525789067149, 0.0006753943162038922, -0.0016424335772171617, 0.002493578474968672, 0.012962832115590572, -0.0009027610649354756, -0.002266491064801812, 0.0015532312681898475, 0.005099052097648382, -0.0013002001214772463, 0.0020894266199320555, 0.0018922947347164154], [0.0006038311403244734, -0.001503696315921843, 0.001125686103478074, 0.0043233707547187805, -0.002971729263663292, -0.0009027610649354756, 0.01640993170440197, -0.004512860905379057, -0.004644391592592001, 0.0019177640788257122, 0.0004125480481889099, -0.004865266382694244, 0.003170343581587076], [0.0008372788433916867, 0.0028292681090533733, 0.0005012643523514271, -0.001027669059112668, 0.003428623778745532, -0.002266491064801812, -0.004512860905379057, 0.015327434055507183, -0.00016080525529105216, -0.003817859338596463, 0.002723816316574812, 0.0021214173175394535, -0.0011913568014279008], [0.0008064638241194189, 0.002613723510876298, 0.0030888982582837343, -0.0015511581441387534, 0.0034865234047174454, 0.0015532312681898475, -0.004644391592592001, -0.00016080525529105216, 0.0201120525598526, -0.0029867093544453382, -0.0026246006600558758, 0.0017137666000053287, 0.00022125881514512002], [-0.0004492987063713372, -0.0011427497956901789, 0.002315180143341422, 0.0032263733446598053, -0.0038817350286990404, 0.005099052097648382, 0.0019177640788257122, -0.003817859338596463, -0.0029867093544453382, 0.01801193691790104, -0.004289946984499693, 0.00010181711695622653, 0.001044181757606566], [0.00035296197165735066, 0.0016283856239169836, -0.0005236956640146673, 0.001584827434271574, 0.0035575812216848135, -0.0013002001214772463, 0.0004125480481889099, 0.002723816316574812, -0.0026246006600558758, -0.004289946984499693, 0.021074311807751656, -0.0068157934583723545, -0.0011552856303751469], [0.000419604271883145, -0.0009056553244590759, -0.0005976578686386347, 0.0002023182896664366, -5.787506597698666e-05, 0.0020894266199320555, -0.004865266382694244, 0.0021214173175394535, 0.0017137666000053287, 0.00010181711695622653, -0.0068157934583723545, 0.020739858970046043, -0.003232374554499984], [0.0008411177550442517, 0.0007037367322482169, 0.0008611025405116379, 0.00045910043991170824, 0.00019561559020075947, 0.0018922947347164154, 0.003170343581587076, -0.0011913568014279008, 0.00022125881514512002, 0.001044181757606566, -0.0011552856303751469, -0.003232374554499984, 0.017411643639206886]], "metadata.audio_properties.analysis.downmix": "mix", "metadata.audio_properties.codec": "mp3", "metadata.audio_properties.md5_encoded": "889c03a8525830080e7dbc9fb2ac4025", "metadata.tags.file_name": "1183683812497035304.mp3", "metadata.version.essentia": "2.1-beta6-dev", "metadata.version.essentia_git_sha": "v2.1_beta5-1110-g77a6a954", "metadata.version.extractor": "music 2.0", "tonal.chords_key": "F#", "tonal.chords_scale": "minor", "tonal.key_edma.key": "B", "tonal.key_edma.scale": "minor", "tonal.key_krumhansl.key": "B", "tonal.key_krumhansl.scale": "minor", "tonal.key_temperley.key": "F#", "tonal.key_temperley.scale": "major", "metadata.tags.encoding": ["Lavf58.45.100"]}, "essentia_models": [{"model_name": "genre_dortmund", "activations": {"alternative": "0.21849841", "blues": "0.014555431", "electronic": "0.011471425", "folkcountry": "0.016082019", "funksoulrnb": "0.0059436574", "jazz": "0.005635994", "pop": "0.0033854889", "raphiphop": "0.007819535", "rock": "0.8403825"}}, {"mode