{"song_id": "1183704373147218000", "download": "https://cdn.discordapp.com/attachments/1128313332273782784/1183704373147218000/chirp.mp4?ex=65894d9a&amp", "lyrics": "[Verse 1]\nIn the jungle, let's explore\nAnimals playing, such a roar\nWe dance with monkeys and parrots too\nLaughing together, me and you\n\n[Chorus]\nAnimals, animals, all around\nSpinning, jumping, making joyful sounds\nWe're the best of friends, hand in hand\nHaving fun in our magical land", "style": ["Folk</span><span>, acoustic guitar and Female vocalist</span><span>, folk</span><span>, like Judy collins"], "essentia_features": {"lowlevel.average_loudness": 0.979097843170166, "lowlevel.barkbands_crest.mean": 12.673317909240723, "lowlevel.barkbands_crest.stdev": 5.0900397300720215, "lowlevel.barkbands_flatness_db.mean": 0.18222305178642273, "lowlevel.barkbands_flatness_db.stdev": 0.07821162790060043, "lowlevel.barkbands_kurtosis.mean": 16.108613967895508, "lowlevel.barkbands_kurtosis.stdev": 52.8953971862793, "lowlevel.barkbands_skewness.mean": 2.2207374572753906, "lowlevel.barkbands_skewness.stdev": 2.725384473800659, "lowlevel.barkbands_spread.mean": 22.611547470092773, "lowlevel.barkbands_spread.stdev": 17.431676864624023, "lowlevel.dissonance.mean": 0.44305527210235596, "lowlevel.dissonance.stdev": 0.04273371025919914, "lowlevel.dynamic_complexity": 2.4336893558502197, "lowlevel.erbbands_crest.mean": 12.32419490814209, "lowlevel.erbbands_crest.stdev": 5.737847328186035, "lowlevel.erbbands_flatness_db.mean": 0.16666798293590546, "lowlevel.erbbands_flatness_db.stdev": 0.06497623026371002, "lowlevel.erbbands_kurtosis.mean": 1.467386245727539, "lowlevel.erbbands_kurtosis.stdev": 4.413502216339111, "lowlevel.erbbands_skewness.mean": 0.11876539140939713, "lowlevel.erbbands_skewness.stdev": 1.074313759803772, "lowlevel.erbbands_spread.mean": 40.435428619384766, "lowlevel.erbbands_spread.stdev": 28.42127227783203, "lowlevel.hfc.mean": 23.48874282836914, "lowlevel.hfc.stdev": 21.96820640563965, "lowlevel.loudness_ebu128.integrated": -15.848653793334961, "lowlevel.loudness_ebu128.loudness_range": 1.0554027557373047, "lowlevel.loudness_ebu128.momentary.mean": -15.99789047241211, "lowlevel.loudness_ebu128.momentary.stdev": 1.1535618305206299, "lowlevel.loudness_ebu128.short_term.mean": -15.836518287658691, "lowlevel.loudness_ebu128.short_term.stdev": 0.36963269114494324, "lowlevel.melbands_crest.mean": 17.5142879486084, "lowlevel.melbands_crest.stdev": 5.599816799163818, "lowlevel.melbands_flatness_db.mean": 0.2674848735332489, "lowlevel.melbands_flatness_db.stdev": 0.09582512825727463, "lowlevel.melbands_kurtosis.mean": 34.67473602294922, "lowlevel.melbands_kurtosis.stdev": 75.0468978881836, "lowlevel.melbands_skewness.mean": 3.5384628772735596, "lowlevel.melbands_skewness.stdev": 3.1740074157714844, "lowlevel.melbands_spread.mean": 21.252670288085938, "lowlevel.melbands_spread.stdev": 17.518903732299805, "lowlevel.pitch_salience.mean": 0.4294949769973755, "lowlevel.pitch_salience.stdev": 0.13809964060783386, "lowlevel.silence_rate_20dB.mean": 1.0, "lowlevel.silence_rate_20dB.stdev": 0.0, "lowlevel.silence_rate_30dB.mean": 0.9040852785110474, "lowlevel.silence_rate_30dB.stdev": 0.29447561502456665, "lowlevel.silence_rate_60dB.mean": 0.021314388141036034, "lowlevel.silence_rate_60dB.stdev": 0.14442935585975647, "lowlevel.spectral_centroid.mean": 1242.6041259765625, "lowlevel.spectral_centroid.stdev": 694.6995239257812, "lowlevel.spectral_complexity.mean": 12.644760131835938, "lowlevel.spectral_complexity.stdev": 8.289383888244629, "lowlevel.spectral_decrease.mean": -1.0552656526385817e-08, "lowlevel.spectral_decrease.stdev": 1.1923344089836974e-08, "lowlevel.spectral_energy.mean": 0.041958585381507874, "lowlevel.spectral_energy.stdev": 0.045823801308870316, "lowlevel.spectral_energyband_high.mean": 0.000807490199804306, "lowlevel.spectral_energyband_high.stdev": 0.001520849415101111, "lowlevel.spectral_energyband_low.mean": 0.026180334389209747, "lowlevel.spectral_energyband_low.stdev": 0.04250364750623703, "lowlevel.spectral_energyband_middle_high.mean": 0.008328158408403397, "lowlevel.spectral_energyband_middle_high.stdev": 0.011381212621927261, "lowlevel.spectral_energyband_middle_low.mean": 0.007144417148083448, "lowlevel.spectral_energyband_middle_low.stdev": 0.007232075557112694, "lowlevel.spectral_entropy.mean": 7.199297904968262, "lowlevel.spectral_entropy.stdev": 0.6746576428413391, "lowlevel.spectral_flux.mean": 0.09984531998634338, "lowlevel.spectral_flux.stdev": 0.085962675511837, "lowlevel.spectral_kurtosis.mean": 6.538312911987305, "lowlevel.spectral_kurtosis.stdev": 5.418640613555908, "lowlevel.spectral_rms.mean": 0.005704277660697699, "lowlevel.spectral_rms.stdev": 0.00289765908382833, "lowlevel.spectral_rolloff.mean": 1314.3291015625, "lowlevel.spectral_rolloff.stdev": 1550.022216796875, "lowlevel.spectral_skewness.mean": 1.7797845602035522, "lowlevel.spectral_skewness.stdev": 0.7224777936935425, "lowlevel.spectral_spread.mean": 4862858.5, "lowlevel.spectral_spread.stdev": 2420748.25, "lowlevel.spectral_strongpeak.mean": 1.1737546920776367, "lowlevel.spectral_strongpeak.stdev": 1.692644715309143, "lowlevel.zerocrossingrate.mean": 0.0545881949365139, "lowlevel.zerocrossingrate.stdev": 0.03766509145498276, "metadata.audio_properties.analysis.equal_loudness": 0.0, "metadata.audio_properties.analysis.length": 26.110952377319336, "metadata.audio_properties.analysis.sample_rate": 44100.0, "metadata.audio_properties.analysis.start_time": 0.0, "metadata.audio_properties.bit_rate": 124577.0, "metadata.audio_properties.length": 26.11199951171875, "metadata.audio_properties.lossless": 0.0, "metadata.audio_properties.number_channels": 1.0, "metadata.audio_properties.replay_gain": -10.219722747802734, "metadata.audio_properties.sample_rate": 48000.0, "rhythm.beats_count": 56.0, "rhythm.beats_loudness.mean": 0.04528002068400383, "rhythm.beats_loudness.stdev": 0.027798734605312347, "rhythm.bpm": 129.96376037597656, "rhythm.bpm_histogram_first_peak_bpm": 129.0, "rhythm.bpm_histogram_first_peak_weight": 0.23076927661895752, "rhythm.bpm_histogram_second_peak_bpm": 140.0, "rhythm.bpm_histogram_second_peak_spread": 0.0, "rhythm.bpm_histogram_second_peak_weight": 0.036363635212183, "rhythm.danceability": 2.1139445304870605, "rhythm.onset_rate": 4.476916313171387, "tonal.chords_changes_rate": 0.058510638773441315, "tonal.chords_number_rate": 0.01773049682378769, "tonal.chords_strength.mean": 0.5244851112365723, "tonal.chords_strength.stdev": 0.10310261696577072, "tonal.hpcp_crest.mean": 17.716360092163086, "tonal.hpcp_crest.stdev": 8.095182418823242, "tonal.hpcp_entropy.mean": 1.4880445003509521, "tonal.hpcp_entropy.stdev": 0.7125608921051025, "tonal.key_edma.strength": 0.6554797887802124, "tonal.key_krumhansl.strength": 0.6707556247711182, "tonal.key_temperley.strength": 0.6775879263877869, "tonal.tuning_diatonic_strength": 0.5574297308921814, "tonal.tuning_equal_tempered_deviation": 0.04301229864358902, "tonal.tuning_frequency": 441.0177917480469, "tonal.tuning_nontempered_energy_ratio": 0.6783433556556702, "lowlevel.barkbands.mean": [0.0006913440302014351, 0.019846541807055473, 0.005395553074777126, 0.0008378475904464722, 0.0017754578730091453, 0.0014041311806067824, 0.001160154351964593, 0.0009015454561449587, 0.0006322159897536039, 0.002606406342238188, 0.0007325741462409496, 0.0006298148655332625, 0.0010260475100949407, 0.0003625494719017297, 0.0010735219111666083, 0.0008836478809826076, 0.0005099597037769854, 0.00021308234136085957, 0.00033190977410413325, 0.00023739699099678546, 0.00015565268404316157, 0.00013675191439688206, 0.00013336024130694568, 9.106382640311494e-05, 9.675464389147237e-05, 8.301574416691437e-05, 1.0350568118155934e-05], "lowlevel.barkbands.stdev": [0.0022125658579170704, 0.03649025037884712, 0.008792606182396412, 0.001970032462850213, 0.0028977415058761835, 0.0020540240220725536, 0.0027740085497498512, 0.0031596228946000338, 0.001548124710097909, 0.005811628419905901, 0.002684609964489937, 0.0024460721760988235, 0.0033590730745345354, 0.0009054545080289245, 0.0029069071169942617, 0.0022703148424625397, 0.0015540802851319313, 0.0005154110840521753, 0.000604472414124757, 0.00040101283229887486, 0.0003268820291850716, 0.0003303299017716199, 0.000299927283776924, 0.00020076888904441148, 0.00022961845388635993, 0.00017408370331395417, 2.398420292593073e-05], "lowlevel.erbbands.mean": [0.4615715444087982, 4.727474212646484, 8.3910551071167, 3.0897717475891113, 4.98455810546875, 5.132193565368652, 9.197198867797852, 12.179994583129883, 19.975780487060547, 8.542652130126953, 23.8593807220459, 18.712169647216797, 40.76374435424805, 84.17932891845703, 29.844676971435547, 29.775955200195312, 49.15556335449219, 21.713340759277344, 62.937110900878906, 32.58112716674805, 46.518898010253906, 28.656633377075195, 12.29777717590332, 16.362531661987305, 16.37497901916504, 11.622220039367676, 7.182528018951416, 5.3457932472229, 4.911296844482422, 5.35545539855957, 3.081953287124634, 1.810628890991211, 1.6427419185638428, 1.2821749448776245, 0.5592935681343079, 0.25953206419944763, 0.16695290803909302, 0.0460367389023304, 0.0010246748570352793, 7.412780541926622e-05], "lowlevel.erbbands.stdev": [1.1388589143753052, 8.037928581237793, 12.772234916687012, 4.295504093170166, 12.383733749389648, 6.96294641494751, 14.65751838684082, 22.606374740600586, 44.06303787231445, 20.01485252380371, 75.99874114990234, 40.85460662841797, 95.83566284179688, 207.0527801513672, 88.5302963256836, 94.71820068359375, 164.78965759277344, 44.76606750488281, 173.39431762695312, 63.74811935424805, 119.01905822753906, 93.98179626464844, 28.477828979492188, 34.31052780151367, 30.05423927307129, 20.179292678833008, 14.094766616821289, 12.0465087890625, 12.137109756469727, 12.966267585754395, 6.758688926696777, 3.9138028621673584, 3.8602733612060547, 3.3086442947387695, 1.2684005498886108, 0.6133937835693359, 0.34800922870635986, 0.09735437482595444, 0.0021327186841517687, 7.713664672337472e-05], "lowlevel.gfcc.mean": [-12.602680206298828, 89.16085052490234, -92.0034408569336, 28.685853958129883, -34.28879165649414, 20.26679229736328, -28.80986785888672, 11.01958179473877, -23.428049087524414, 8.240510940551758, -16.68195343017578, 3.4730730056762695, -8.582334518432617], "lowlevel.melbands.mean": [0.004937790799885988, 0.004952849820256233, 0.0006376481032930315, 0.0003770162584260106, 0.0002940304111689329, 0.0002735088055487722, 0.000289745134068653, 9.994405991164967e-05, 0.0001823924103518948, 0.00011042357073165476, 0.000213332794373855, 0.00036434418871067464, 9.717542707221583e-05, 7.524454849772155e-05, 0.0001063448580680415, 8.178366988431662e-05, 3.248953362344764e-05, 9.610317647457123e-05, 5.431999306892976e-05, 5.8802994317375124e-05, 4.8384201363660395e-05, 3.3032643841579556e-05, 1.4662199646409135e-05, 9.442017471883446e-06, 1.3481198948284145e-05, 1.2967886505066417e-05, 1.0156837561225984e-05, 6.895642854942707e-06, 4.752611857838929e-06, 3.6005419588036602e-06, 2.808290673783631e-06, 2.7363373646949185e-06, 2.6636898837750778e-06, 3.2024761367210886e-06, 1.8504897525417618e-06, 1.2448474535631249e-06, 1.058843167811574e-06, 1.1359971949786996e-06, 1.2487704452723847e-06, 1.0171131634706398e-06], "lowlevel.melbands.stdev": [0.010141394101083279, 0.007241290528327227, 0.0009953042026609182, 0.0007119410438463092, 0.0004243564326316118, 0.0004729116626549512, 0.0006426440668292344, 0.00030911248177289963, 0.0005574568058364093, 0.00027240824420005083, 0.0005082610878162086, 0.0009065282065421343, 0.0003160505439154804, 0.0002788281417451799, 0.0003791211638599634, 0.00025663565611466765, 7.963251118781045e-05, 0.0002681135665625334, 0.00013638562813866884, 0.00015651847934350371, 0.0001288077764911577, 0.00012425742170307785, 4.84210868307855e-05, 2.14744341064943e-05, 3.0043023798498325e-05, 2.5250119506381452e-05, 1.9010658434126526e-05, 1.3106782716931775e-05, 1.0564785043243319e-05, 8.026268005778547e-06, 6.61084732200834e-06, 6.8004601416760124e-06, 6.714156825182727e-06, 7.92245555203408e-06, 4.183475084573729e-06, 2.6872221496887505e-06, 2.418484882582561e-06, 2.7656506063067354e-06, 3.273323954999796e-06, 2.7066378152085235e-06], "lowlevel.melbands128.mean": [0.0006132071721367538, 0.003021302167326212, 0.0068984501995146275, 0.008360261097550392, 0.005737826693803072, 0.0019403714686632156, 0.0004654196964111179, 0.00047318750876002014, 0.0005263511557132006, 0.00042026294977404177, 0.00022869894746690989, 0.0002642899053171277, 0.00037299536052159965, 0.00023268104996532202, 0.00028509655385278165, 0.00026980676921084523, 0.0003118244931101799, 0.00037844551843591034, 0.0001558517396915704, 3.4974382288055494e-05, 7.565690611954778e-05, 0.0002450173196848482, 0.00023683640756644309, 6.371837662300095e-05, 0.00011502101551741362, 0.00013681445852853358, 7.456782623194158e-05, 0.00020852230954915285, 0.00026984201394952834, 0.0005879444070160389, 0.0003199831407982856, 0.00010030964767793193, 9.045585466083139e-05, 8.84107212186791e-05, 7.55632427171804e-05, 7.538992213085294e-05, 6.819504051236436e-05, 6.68368666083552e-05, 0.00018939119763672352, 0.00011282223567832261, 4.537979111773893e-05, 5.050137406215072e-05, 2.496318847988732e-05, 2.811707236105576e-05, 3.734064375748858e-05, 0.00012192907888675109, 0.00016787963977549225, 3.258454307797365e-05, 2.135044996975921e-05, 2.8193688194733113e-05, 7.050723070278764e-05, 8.124925807351246e-05, 6.18057674728334e-05, 2.9816976166330278e-05, 2.915356344601605e-05, 4.669235568144359e-05, 1.7119495169026777e-05, 2.283560752402991e-05, 9.670594408817124e-06, 8.412815986957867e-06, 7.460819233529037e-06, 1.0877679414988961e-05, 1.6601543393335305e-05, 1.2825928934034891e-05, 1.1841250852739904e-05, 1.3472057617036626e-05, 1.4528153769788332e-05, 8.230104867834598e-06, 1.1028151675418485e-05, 9.670691724750213e-06, 7.406815257127164e-06, 5.033823072153609e-06, 4.541122507362161e-06, 5.800959570478881e-06, 3.356427214384894e-06, 3.0925459668651456e-06, 4.575005732476711e-06, 2.8143774670752464e-06, 2.575744929345092e-06, 2.55257987191726e-06, 2.61221498476516e-06, 3.0940962005843176e-06, 2.5580795863788808e-06, 2.529773837522953e-06, 2.6872164653468644e-06, 3.393340421098401e-06, 3.6041037674294785e-06, 2.4138169010257116e-06, 1.6586154742981307e-06, 1.483826054027304e-06, 1.4753200048289727e-06, 1.1243043900321936e-06, 9.476636364524893e-07, 1.0513039114812273e-06, 1.077170509233838e-06, 1.3050769211986335e-06, 1.0573381814538152e-06, 9.67933374340646e-07, 1.4012721294420771e-06, 1.3484095688909292e-06, 1.1011933338522795e-06, 1.0447093927723472e-06, 7.494218152714893e-07, 8.300529543703306e-07, 6.114499910836457e-07, 4.3449892928038025e-07, 5.147568913344003e-07, 5.083085170554114e-07, 4.0318852256859827e-07, 4.0811806911733584e-07, 3.856892476505891e-07, 4.733601599582471e-07, 6.055869334886665e-07, 6.286789471232623e-07, 5.345739282347495e-07, 5.897429673495935e-07, 4.1104345882558846e-07, 4.262296826595957e-08, 4.5336290277475655e-11, 7.009596462298484e-12, 6.567497847637105e-12, 6.388221115288806e-12, 6.2279235588103e-12, 6.1064799050658536e-12, 5.968599312705658e-12, 5.811884827566782e-12, 5.7164980214741146e-12, 5.677524422820213e-12], "lowlevel.melbands128.stdev": [0.0020265020430088043, 0.009164353832602501, 0.014815661124885082, 0.013794563710689545, 0.008765153586864471, 0.003025088692083955, 0.0006815210217610002, 0.0012386819580569863, 0.001511123264208436, 0.0008456268114969134, 0.00032966487924568355, 0.0004144101985730231, 0.000735947978682816, 0.0003583661455195397, 0.0007062880322337151, 0.0006679213256575167, 0.0008867321885190904, 0.0010251682251691818, 0.0004934290191158652, 9.074247645912692e-05, 0.0005066066514700651, 0.0010347317438572645, 0.0007975018233992159, 0.00021187153470236808, 0.0003396139363758266, 0.0004716656403616071, 0.0003018285788130015, 0.000825700000859797, 0.0008139766869135201, 0.0017279410967603326, 0.0009900808800011873, 0.000541526242159307, 0.0004376183496788144, 0.0004886582028120756, 0.00045889936154708266, 0.00036465429002419114, 0.0003201399522367865, 0.0005166042828932405, 0.000787885335739702, 0.0005050288164056838, 0.0002180195297114551, 0.00020221782324369997, 7.972690946189687e-05, 0.00011685503704939038, 0.00016585292178206146, 0.00045402348041534424, 0.0005593973910436034, 0.00016207042790483683, 0.00010469991684658453, 0.00010573012696113437, 0.00024218065664172173, 0.0003198321792297065, 0.00025481212651357055, 0.0001256085088243708, 0.00010349472722737119, 0.00025794588145799935, 9.090989624382928e-05, 0.00011308248940622434, 3.657300476334058e-05, 2.8239866878720932e-05, 2.8995220418437384e-05, 3.23414133163169e-05, 6.0142308939248323e-05, 3.392514554434456e-05, 3.78315853595268e-05, 3.5714914702111855e-05, 3.545132130966522e-05, 2.67565901594935e-05, 2.6770814656629227e-05, 2.0112940546823665e-05, 2.2062229618313722e-05, 1.1204045222257264e-05, 1.0579014087852556e-05, 1.7157171896542422e-05, 7.225353783724131e-06, 7.540070328104775e-06, 1.2524818885140121e-05, 7.876530617068056e-06, 6.6461589085520245e-06, 6.452926754718646e-06, 6.961689450690756e-06, 9.166799827653449e-06, 7.181087767094141e-06, 7.122033366613323e-06, 7.390173777821474e-06, 8.785255886323284e-06, 9.656928341428284e-06, 6.471889264503261e-06, 3.988639036833774e-06, 3.818771347141592e-06, 3.465123199930531e-06, 2.6776585855259327e-06, 2.283588855789276e-06, 2.786765662676771e-06, 2.729108018684201e-06, 3.438402018218767e-06, 3.1161901006271364e-06, 2.6170241653744597e-06, 3.996895429736469e-06, 3.6923859170201467e-06, 3.417344942135969e-06, 2.8667816422967007e-06, 2.0486254470597487e-06, 2.22188077714236e-06, 1.5314786878661835e-06, 1.1585760830712388e-06, 1.3871377859686618e-06, 1.395952608618245e-06, 1.1334092278048047e-06, 1.073426005859801e-06, 1.0178430329688126e-06, 1.0651531283656368e-06, 1.354099595118896e-06, 1.4014585758559406e-06, 1.136492414843815e-06, 1.3303884998094873e-06, 9.488874752605625e-07, 1.3022142297813843e-07, 5.363438582151048e-10, 1.2811939877066525e-11, 1.0098608581310398e-11, 9.829745524492228e-12, 9.624833048615944e-12, 9.459493084673642e-12, 9.320945924817803e-12, 9.213415620712428e-12, 9.134138757860288e-12, 9.084874345866023e-12], "lowlevel.mfcc.mean": [-673.075439453125, 128.43624877929688, 8.88148307800293, 26.982275009155273, 18.558156967163086, 14.393789291381836, 10.456450462341309, 3.9411821365356445, 4.1516032218933105, 8.591249465942383, -4.117998123168945, -4.024221420288086, 4.158570289611816], "lowlevel.spectral_contrast_coeffs.mean": [-0.7038850784301758, -0.6910027265548706, -0.6998558640480042, -0.7389163970947266, -0.77928227186203, -0.7580928206443787], "lowlevel.spectral_contrast_coeffs.stdev": [0.060307826846838, 0.09328297525644302, 0.10393992811441422, 0.08935309946537018, 0.06854072958230972, 0.04629025608301163], "lowlevel.spectral_contrast_valleys.mean": [-6.683773994445801, -7.6062092781066895, -8.13412094116211, -8.16758918762207, -8.096857070922852, -10.863018035888672], "lowlevel.spectral_contrast_valleys.stdev": [0.6169549822807312, 0.6969167590141296, 0.7232314944267273, 0.7744431495666504, 0.9672324061393738, 1.1274601221084595], "rhythm.beats_loudness_band_ratio.mean": [0.4038291871547699, 0.16944372653961182, 0.14392296969890594, 0.13494285941123962, 0.11245941370725632, 0.09370337426662445], "rhythm.beats_loudness_band_ratio.stdev": [0.24237601459026337, 0.11824171990156174, 0.12068396806716919, 0.12449299544095993, 0.10722538828849792, 0.05691036581993103], "tonal.hpcp.mean": [0.2926139533519745, 0.16984303295612335, 0.04972982779145241, 0.03100225143134594, 0.021661177277565002, 0.03460219129920006, 0.04709673300385475, 0.04759679734706879, 0.06041354313492775, 0.0679592713713646, 0.05291411280632019, 0.05375662073493004, 0.057592738419771194, 0.05730987340211868, 0.14156582951545715, 0.248083233833313, 0.1590673178434372, 0.03873752802610397, 0.029469536617398262, 0.023280629888176918, 0.0658489316701889, 0.11085179448127747, 0.07783392816781998, 0.09162501990795135, 0.13548652827739716, 0.09314729273319244, 0.05003127455711365, 0.049189697951078415, 0.057101018726825714, 0.16691142320632935, 0.26819416880607605, 0.1554947793483734, 0.0556221529841423, 0.05920421704649925, 0.06960415840148926, 0.19325093924999237], "tonal.hpcp.stdev": [0.386785089969635, 0.2627173066139221, 0.1562848836183548, 0.12382125854492188, 0.0996050238609314, 0.11161690950393677, 0.1342841386795044, 0.14560525119304657, 0.17459094524383545, 0.17647488415241241, 0.15223798155784607, 0.16941814124584198, 0.1844443380832672, 0.17597204446792603, 0.2537107467651367, 0.38296449184417725, 0.2814733386039734, 0.12045720964670181, 0.12009596079587936, 0.09339907020330429, 0.1803654283285141, 0.2606433033943176, 0.18924035131931305, 0.20514044165611267, 0.2676926851272583, 0.2074815183877945, 0.1494903266429901, 0.14532466232776642, 0.15821011364459991, 0.2724706530570984, 0.39366739988327026, 0.265346497297287, 0.165956050157547, 0.17043209075927734, 0.1827605962753296, 0.27542683482170105], "rhythm.beats_position": [0.3831292390823364, 0.7894784212112427, 1.2190475463867188, 1.6486167907714844, 2.11301589012146, 2.5774149894714355, 3.0302040576934814, 3.494603157043457, 3.947392225265503, 4.4117913246154785, 4.876190185546875, 5.34058952331543, 5.804988384246826, 6.269387722015381, 6.722176551818848, 7.174965858459473, 7.639364719390869, 8.103763580322266, 8.56816291809082, 9.032562255859375, 9.49696159362793, 9.961359977722168, 10.414149284362793, 10.866938591003418, 11.331337928771973, 11.795736312866211, 12.260135650634766, 12.72453498840332, 13.188934326171875, 13.653332710266113, 14.117732048034668, 14.570521354675293, 15.034920692443848, 15.487709045410156, 15.952108383178711, 16.416507720947266, 16.88090705871582, 17.345306396484375, 17.798095703125, 18.250883102416992, 18.715282440185547, 19.1796817779541, 19.644081115722656, 20.10848045349121, 20.572879791259766, 21.03727912902832, 21.490068435668945, 21.942855834960938, 22.407255172729492, 22.871654510498047, 23.3360538482666, 23.800453186035156, 24.26485252380371, 24.729251861572266, 25.19365119934082, 25.658048629760742], "rhythm.bpm_histogram": [0.0, 0.0, 0.0, 0.0, 0.0, 0.0, 0.0, 0.0, 0.0, 0.0, 0.0, 0.0, 0.0, 0.0, 0.0, 0.0, 0.0, 0.0, 0.0, 0.0, 0.0, 0.0, 0.0, 0.0, 0.0, 0.0, 0.0, 0.0, 0.0, 0.0, 0.0, 0.0, 0.0, 0.0, 0.0, 0.0, 0.0, 0.0, 0.0, 0.0, 0.0, 0.0, 0.0, 0.0, 0.0, 0.0, 0.0, 0.0, 0.0, 0.0, 0.0, 0.0, 0.0, 0.0, 0.0, 0.0, 0.0, 0.0, 0.0, 0.0, 0.0, 0.0, 0.0, 0.0, 0.0, 0.0, 0.0, 0.0, 0.0, 0.0, 0.0, 0.0, 0.0, 0.0, 0.0, 0.0, 0.0, 0.0, 0.0, 0.0, 0.0, 0.0, 0.0, 0.0, 0.0, 0.0, 0.0, 0.0, 0.0, 0.0, 0.0, 0.0, 0.0, 0.0, 0.0, 0.0, 0.0, 0.0, 0.0, 0.0, 0.0, 0.0, 0.0, 0.0, 0.0, 0.0, 0.0, 0.0, 0.0, 0.0, 0.0, 0.0, 0.0, 0.0, 0.0, 0.0, 0.0, 0.0, 0.0, 0.0, 0.0, 0.0, 0.0, 0.0, 0.0, 0.0, 0.0, 0.0, 0.0, 0.7272727489471436, 0.0, 0.0, 0.0, 0.2181818187236786, 0.0, 0.0, 0.0, 0.0, 0.0, 0.0, 0.036363635212183, 0.0, 0.0, 0.0, 0.0, 0.0, 0.0, 0.0, 0.0181818176060915, 0.0, 0.0, 0.0, 0.0, 0.0, 0.0, 0.0, 0.0, 0.0, 0.0, 0.0, 0.0, 0.0, 0.0, 0.0, 0.0, 0.0, 0.0, 0.0, 0.0, 0.0, 0.0, 0.0, 0.0, 0.0, 0.0, 0.0, 0.0, 0.0, 0.0, 0.0, 0.0, 0.0, 0.0, 0.0, 0.0, 0.0, 0.0, 0.0, 0.0, 0.0, 0.0, 0.0, 0.0, 0.0, 0.0, 0.0, 0.0, 0.0, 0.0, 0.0, 0.0, 0.0, 0.0, 0.0, 0.0, 0.0, 0.0, 0.0, 0.0, 0.0, 0.0, 0.0, 0.0, 0.0, 0.0, 0.0, 0.0, 0.0, 0.0, 0.0, 0.0, 0.0, 0.0, 0.0, 0.0, 0.0, 0.0, 0.0, 0.0, 0.0, 0.0, 0.0, 0.0, 0.0, 0.0, 0.0, 0.0, 0.0, 0.0, 0.0, 0.0, 0.0, 0.0, 0.0, 0.0, 0.0, 0.0, 0.0, 0.0, 0.0], "tonal.chords_histogram": [23.93617057800293, 14.893616676330566, 4.255319118499756, 0.1773049682378769, 3.9007091522216797, 22.695035934448242, 0.0, 19.32624053955078, 1.5957447290420532, 2.482269525527954, 0.0, 0.0, 0.0, 0.0, 0.0, 0.0, 0.0, 0.7092198729515076, 0.0, 0.0, 2.127659559249878, 0.0, 3.9007091522216797, 0.0], "tonal.thpcp": [1.0, 0.5804337859153748, 0.16995029151439667, 0.10594932734966278, 0.07402646541595459, 0.11825202405452728, 0.16095176339149475, 0.16266071796417236, 0.2064615935087204, 0.23224890232086182, 0.18083250522613525, 0.18371175229549408, 0.19682157039642334, 0.19585488736629486, 0.48379725217819214, 0.8478175401687622, 0.5436081290245056, 0.13238441944122314, 0.10071131587028503, 0.07956089824438095, 0.2250368893146515, 0.3788329064846039, 0.2659952640533447, 0.31312593817710876, 0.4630214273929596, 0.31832826137542725, 0.17098048329353333, 0.1681044101715088, 0.19514113664627075, 0.5704151391983032, 0.9165460467338562, 0.5313990712165833, 0.19008715450763702, 0.20232875645160675, 0.2378702610731125, 0.6604296565055847], "lowlevel.gfcc.cov": [[5002.56884765625, -1290.1405029296875, -860.8753662109375, 79.0501480102539, -118.46224975585938, -125.52208709716797, 74.59274291992188, 191.68792724609375, -195.38255310058594, -20.341453552246094, -219.68081665039062, 33.2744255065918, -115.63143157958984], [-1290.1405029296875, 1592.5504150390625, -331.6903991699219, -443.47064208984375, 378.0138244628906, -36.42382049560547, 249.60308837890625, 23.02981185913086, 120.53561401367188, -42.54375457763672, 176.8826141357422, -106.78559112548828, 199.56967163085938], [-860.8753662109375, -331.6903991699219, 1215.240966796875, 336.83172607421875, -196.35467529296875, 194.20970153808594, -106.62533569335938, -105.4433364868164, 90.56197357177734, 90.00505828857422, -36.27729415893555, 67.33679962158203, -121.92927551269531], [79.0501480102539, -443.47064208984375, 336.83172607421875, 531.9840087890625, -13.011574745178223, -68.85032653808594, -74.55463409423828, 26.615659713745117, 29.983243942260742, -12.3805570602417, -26.855783462524414, 68.26744842529297, -51.46831512451172], [-118.46224975585938, 378.0138244628906, -196.35467529296875, -13.011574745178223, 530.6360473632812, 56.403480529785156, 179.36575317382812, 191.83602905273438, 33.93302536010742, -50.606075286865234, 39.622650146484375, -31.13850975036621, 96.07112121582031], [-125.52208709716797, -36.42382049560547, 194.20970153808594, -68.85032653808594, 56.403480529785156, 352.0265808105469, 100.03335571289062, -86.26469421386719, -14.690028190612793, 46.07701110839844, 0.11967328190803528, -38.47412872314453, -5.276770114898682], [74.59274291992188, 249.60308837890625, -106.62533569335938, -74.55463409423828, 179.36575317382812, 100.03335571289062, 285.86968994140625, 105.82440185546875, -22.082181930541992, -7.006374835968018, 57.787925720214844, -31.697784423828125, 39.0638542175293], [191.68792724609375, 23.02981185913086, -105.4433364868164, 26.615659713745117, 191.83602905273438, -86.26469421386719, 105.82440185546875, 320.859130859375, 33.07459259033203, -56.41826629638672, 18.641132354736328, 27.035480499267578, 51.546661376953125], [-195.38255310058594, 120.53561401367188, 90.56197357177734, 29.983243942260742, 33.93302536010742, -14.690028190612793, -22.082181930541992, 33.07459259033203, 148.25164794921875, 21.50617027282715, 2.440798282623291, 34.91791915893555, 29.660301208496094], [-20.341453552246094, -42.54375457763672, 90.00505828857422, -12.3805570602417, -50.606075286865234, 46.07701110839844, -7.006374835968018, -56.41826629638672, 21.50617027282715, 122.82042694091797, 31.123451232910156, -14.496713638305664, -19.209299087524414], [-219.68081665039062, 176.8826141357422, -36.27729415893555, -26.855783462524414, 39.622650146484375, 0.11967328190803528, 57.787925720214844, 18.641132354736328, 2.440798282623291, 31.123451232910156, 129.94085693359375, 17.99124526977539, 17.155216217041016], [33.2744255065918, -106.78559112548828, 67.33679962158203, 68.26744842529297, -31.13850975036621, -38.47412872314453, -31.697784423828125, 27.035480499267578, 34.91791915893555, -14.496713638305664, 17.99124526977539, 130.44979858398438, 7.438068389892578], [-115.63143157958984, 199.56967163085938, -121.92927551269531, -51.46831512451172, 96.07112121582031, -5.276770114898682, 39.0638542175293, 51.546661376953125, 29.660301208496094, -19.209299087524414, 17.155216217041016, 7.438068389892578, 109.89600372314453]], "lowlevel.gfcc.icov": [[0.0004136467177886516, 0.0003886263875756413, 0.00041003941441886127, 2.9047541829640977e-05, 1.8971675672219135e-05, 0.00010943369125016034, -0.000501361908391118, -6.964740896364674e-05, -5.394015897763893e-05, -0.00030625401996076107, 0.000582903390750289, -0.0002008508745348081, 0.00028121561626903713], [0.0003886263875756413, 0.003757826052606106, -0.0007531830342486501, 0.0028006441425532103, -0.0018934797262772918, 0.0031347700860351324, -0.0028397098649293184, 0.0032166060991585255, -0.003536144969984889, 0.0029363296926021576, -0.0033803200349211693, 0.00291676283814013, -0.002834893297404051], [0.00041003941441886127, -0.0007531830342486501, 0.0023963935673236847, -0.0018258967902511358, 0.00118057313375175, -0.0022346763871610165, 0.0006272719474509358, -0.0014455317286774516, 8.624004840385169e-05, -0.0017376091564074159, 0.0018917513079941273, -0.0015418424736708403, 0.0024006080348044634], [2.9047541829640977e-05, 0.0028006441425532103, -0.0018258967902511358, 0.005088761914521456, -0.0022532010916620493, 0.0035064981784671545, -0.0017910071182996035, 0.002689691726118326, -0.0025329769123345613, 0.0027656620368361473, -0.0027292927261441946, 0.0015267597045749426, -0.001695009763352573], [1.8971675672219135e-05, -0.0018934797262772918, 0.00118057313375175, -0.0022532010916620493, 0.004633264150470495, -0.002884045708924532, 0.00048403546679764986, -0.003343746764585376, 0.0009128653910011053, -0.0008161347941495478, 0.0015301170060411096, -0.00048374489415436983, 0.0003253766044508666], [0.00010943369125016034, 0.0031347700860351324, -0.0022346763871610165, 0.0035064981784671545, -0.002884045708924532, 0.00801405031234026, -0.004496111534535885, 0.004989861976355314, -0.002282152883708477, 0.0016957927728071809, -0.0021395571529865265, 0.002681299112737179, -0.00318608689121902], [-0.000501361908391118, -0.0028397098649293184, 0.0006272719474509358, -0.0017910071182996035, 0.00048403546679764986, -0.004496111534535885, 0.00870974175632, -0.004338610451668501, 0.0034776099491864443, -0.001696369843557477, -0.000319119164487347, -0.0009485133923590183, 0.0016654301434755325], [-6.964740896364674e-05, 0.0032166060991585255, -0.0014455317286774516, 0.002689691726118326, -0.003343746764585376, 0.004989861976355314, -0.004338610451668501, 0.008740794844925404, -0.004052207339555025, 0.004229439422488213, -0.003417860483750701, 0.0020185145549476147, -0.003423807444050908], [-5.394015897763893e-05, -0.003536144969984889, 8.624004840385169e-05, -0.0025329769123345613, 0.0009128653910011053, -0.002282152883708477, 0.0034776099491864443, -0.004052207339555025, 0.013025767169892788, -0.006122195161879063, 0.00492160115391016, -0.005217716097831726, 3.0311532100313343e-05], [-0.00030625401996076107, 0.0029363296926021576, -0.0017376091564074159, 0.0027656620368361473, -0.0008161347941495478, 0.0016957927728071809, -0.001696369843557477, 0.004229439422488213, -0.006122195161879063, 0.015023107640445232, -0.008047661744058132, 0.00546353729441762, -0.0017083159182220697], [0.000582903390750289, -0.0033803200349211693, 0.0018917513079941273, -0.0027292927261441946, 0.0015301170060411096, -0.0021395571529865265, -0.000319119164487347, -0.003417860483750701, 0.00492160115391016, -0.008047661744058132, 0.015762101858854294, -0.006661545485258102, 0.0031041624024510384], [-0.0002008508745348081, 0.00291676283814013, -0.0015418424736708403, 0.0015267597045749426, -0.00048374489415436983, 0.002681299112737179, -0.0009485133923590183, 0.0020185145549476147, -0.005217716097831726, 0.00546353729441762, -0.006661545485258102, 0.013281980529427528, -0.004057589918375015], [0.00028121561626903713, -0.002834893297404051, 0.0024006080348044634, -0.001695009763352573, 0.0003253766044508666, -0.00318608689121902, 0.0016654301434755325, -0.003423807444050908, 3.0311532100313343e-05, -0.0017083159182220697, 0.0031041624024510384, -0.004057589918375015, 0.016472944989800453]], "lowlevel.mfcc.cov": [[5633.46435546875, -1386.225341796875, -929.30126953125, 51.09762191772461, -321.31671142578125, -270.0453186035156, 7.813899993896484, 49.613311767578125, 2.4800031185150146, 14.296531677246094, -27.20587730407715, -177.98150634765625, -57.477787017822266], [-1386.225341796875, 1680.2392578125, -493.4781188964844, -198.43777465820312, 91.56824493408203, -31.401485443115234, 212.67506408691406, 36.240234375, 74.4576187133789, 180.16824340820312, -104.66812133789062, 32.574867248535156, 135.82225036621094], [-929.30126953125, -493.4781188964844, 1270.6676025390625, 35.59114074707031, -45.14006805419922, 283.1549377441406, -218.9397735595703, -80.73768615722656, -41.41545104980469, -146.12413024902344, 182.99183654785156, 72.27790069580078, -142.9945068359375], [51.09762191772461, -198.43777465820312, 35.59114074707031, 455.8822021484375, 108.13111114501953, -123.67748260498047, -24.645708084106445, 95.0472640991211, 30.594804763793945, -42.06169128417969, 18.217470169067383, 54.02785873413086, 8.273604393005371], [-321.31671142578125, 91.56824493408203, -45.14006805419922, 108.13111114501953, 294.30364990234375, -17.67135238647461, 49.23831558227539, 83.40589904785156, 86.47770690917969, 40.28676223754883, -26.580829620361328, 25.949602127075195, 60.91294479370117], [-270.0453186035156, -31.401485443115234, 283.1549377441406, -123.67748260498047, -17.67135238647461, 384.235107421875, 20.777603149414062, -64.46759796142578, -16.371252059936523, 9.33050537109375, 51.672019958496094, -18.084646224975586, -43.274330139160156], [7.813899993896484, 212.67506408691406, -218.9397735595703, -24.645708084106445, 49.23831558227539, 20.777603149414062, 353.3967590332031, 100.03890991210938, 29.191055297851562, 122.92544555664062, -33.42954635620117, 14.19686222076416, 70.16024017333984], [49.613311767578125, 36.240234375, -80.73768615722656, 95.0472640991211, 83.40589904785156, -64.46759796142578, 100.03890991210938, 216.3883056640625, 85.36305236816406, -1.5509272813796997, -13.93200397491455, 44.31169891357422, 42.79334259033203], [2.4800031185150146, 74.4576187133789, -41.41545104980469, 30.594804763793945, 86.47770690917969, -16.371252059936523, 29.191055297851562, 85.36305236816406, 156.4799346923828, 51.09556198120117, -27.421676635742188, 2.520974636077881, 53.19379806518555], [14.296531677246094, 180.16824340820312, -146.12413024902344, -42.06169128417969, 40.28676223754883, 9.33050537109375, 122.92544555664062, -1.5509272813796997, 51.09556198120117, 180.2337188720703, -23.090768814086914, -31.577489852905273, 42.388057708740234], [-27.20587730407715, -104.66812133789062, 182.99183654785156, 18.217470169067383, -26.580829620361328, 51.672019958496094, -33.42954635620117, -13.93200397491455, -27.421676635742188, -23.090768814086914, 123.89340209960938, 37.088565826416016, -37.558807373046875], [-177.98150634765625, 32.574867248535156, 72.27790069580078, 54.02785873413086, 25.949602127075195, -18.084646224975586, 14.19686222076416, 44.31169891357422, 2.520974636077881, -31.577489852905273, 37.088565826416016, 124.1744613647461, 35.80778121948242], [-57.477787017822266, 135.82225036621094, -142.9945068359375, 8.273604393005371, 60.91294479370117, -43.274330139160156, 70.16024017333984, 42.79334259033203, 53.19379806518555, 42.388057708740234, -37.558807373046875, 35.80778121948242, 140.3251190185547]], "lowlevel.mfcc.icov": [[0.0004065615066792816, 0.00046569632831960917, 0.000508930766955018, 4.4897678890265524e-05, 0.0004461253120098263, 1.2038732165819965e-05, 1.579493618919514e-05, -0.00010990628652507439, -0.00034285010769963264, -0.00013884392683394253, -0.0002865573624148965, 0.0001091109006665647, 0.00013478317123372108], [0.00046569632831960917, 0.0013543363893404603, 0.0008134012459777296, 0.0004299189313314855, 0.00033968305797316134, -3.918687434634194e-05, -4.421454286784865e-05, -5.263658022158779e-05, -0.00047871144488453865, -0.0006658797501586378, 3.640822251327336e-05, -0.0006028525531291962, 0.00010821236355695873], [0.000508930766955018, 0.0008134012459777296, 0.002141595119610429, -1.4561026546289213e-05, 0.00046552420826628804, -0.000934598152525723, 0.0004910574643872678, 0.00015520401939284056, -0.0009841292630881071, 0.00020755197328981012, -0.0013325151521712542, -0.0008870384772308171, 0.0010012683924287558], [4.4897678890265524e-05, 0.0004299189313314855, -1.4561026546289213e-05, 0.003171973628923297, -0.0010627905139699578, 0.000957437208853662, 0.00017452819156460464, -0.0008417993085458875, 8.47978371893987e-05, 6.58924036542885e-05, -0.0003786338202189654, -0.0007554579060524702, 0.0003658457426354289], [0.0004461253120098263, 0.00033968305797316134, 0.00046552420826628804, -0.0010627905139699578, 0.0052746194414794445, -0.0004630270414054394, 0.0001716780534479767, -0.0008585192263126373, -0.0017513936618342996, -0.0008278273162432015, 0.00041093991603702307, -0.00021182330965530127, -0.0007874353905208409], [1.2038732165819965e-05, -3.918687434634194e-05, -0.000934598152525723, 0.000957437208853662, -0.0004630270414054394, 0.004015972837805748, -0.0012445056345313787, 0.0010757201816886663, -0.0005206677014939487, 0.0003454839752521366, -0.00098029850050807, 0.0008783380035310984, 0.0003741760447155684], [1.579493618919514e-05, -4.421454286784865e-05, 0.0004910574643872678, 0.00017452819156460464, 0.0001716780534479767, -0.0012445056345313787, 0.005707325879484415, -0.0035704332403838634, 0.002558667678385973, -0.003961695823818445, 0.0006846731412224472, -0.0008847963181324303, -0.0010478523327037692], [-0.00010990628652507439, -5.263658022158779e-05, 0.00015520401939284056, -0.0008417993085458875, -0.0008585192263126373, 0.0010757201816886663, -0.0035704332403838634, 0.009637667797505856, -0.0053275590762495995, 0.0035533146001398563, -0.0003578220494091511, -0.0017500927206128836, 0.0010612005135044456], [-0.00034285010769963264, -0.00047871144488453865, -0.0009841292630881071, 8.47978371893987e-05, -0.0017513936618342996, -0.0005206677014939487, 0.002558667678385973, -0.0053275590762495995, 0.0122969476506114, -0.003988234791904688, 0.00156816141679883, 0.0012277450878173113, -0.003090161830186844], [-0.00013884392683394253, -0.0006658797501586378, 0.00020755197328981012, 6.58924036542885e-05, -0.0008278273162432015, 0.0003454839752521366, -0.003961695823818445, 0.0035533146001398563, -0.003988234791904688, 0.010911313816905022, -0.0018826224841177464, 0.002903521992266178, -0.0008706353837624192], [-0.0002865573624148965, 3.640822251327336e-05, -0.0013325151521712542, -0.0003786338202189654, 0.00041093991603702307, -0.00098029850050807, 0.0006846731412224472, -0.0003578220494091511, 0.00156816141679883, -0.0018826224841177464, 0.012836837209761143, -0.004697917960584164, 0.0024068348575383425], [0.0001091109006665647, -0.0006028525531291962, -0.0008870384772308171, -0.0007554579060524702, -0.00021182330965530127, 0.0008783380035310984, -0.0008847963181324303, -0.0017500927206128836, 0.0012277450878173113, 0.002903521992266178, -0.004697917960584164, 0.013662890531122684, -0.004978623706847429], [0.00013478317123372108, 0.00010821236355695873, 0.0010012683924287558, 0.0003658457426354289, -0.0007874353905208409, 0.0003741760447155684, -0.0010478523327037692, 0.0010612005135044456, -0.003090161830186844, -0.0008706353837624192, 0.0024068348575383425, -0.004978623706847429, 0.01208204310387373]], "metadata.audio_properties.analysis.downmix": "mix", "metadata.audio_properties.codec": "mp3", "metadata.audio_properties.md5_encoded": "1ff4872a61830e8ffa8ff49c39f11694", "metadata.tags.file_name": "1183704373147218000.mp3", "metadata.version.essentia": "2.1-beta6-dev", "metadata.version.essentia_git_sha": "v2.1_beta5-1110-g77a6a954", "metadata.version.extractor": "music 2.0", "tonal.chords_key": "D", "tonal.chords_scale": "minor", "tonal.key_edma.key": "D", "tonal.key_edma.scale": "minor", "tonal.key_krumhansl.key": "D", "tonal.key_krumhansl.scale": "minor", "tonal.key_temperley.key": "D", "tonal.key_temperley.scale": "minor", "metadata.tags.encoding"