{"song_id": "1183674184564473876", "download": "https://cdn.discordapp.com/attachments/1135911532732108921/1183674184564473876/chirp.mp4?ex=6589317d&amp", "lyrics": "[Chorus]\n\u5728\u9713\u8679\u4e0b\u7684\u7f57\u51ef\uff0c\u591c\u8272\u4e2d\u821e\u6b65\u8f7b\u6447\uff0c\n\u6bcf\u4e2a\u591c\u665a\u90fd\u662f\u4ed6\u7684\u821e\u53f0\uff0c\u59b9\u5b50\u56f4\u7ed5\u5728\u4ed6\u8eab\u8fb9\u3002\n\u7f57\u51ef\uff0c\u7f57\u51ef\uff0c\u591c\u573a\u7684\u738b\u8005\uff0c\u65e0\u4eba\u80fd\u6321\uff0c\n\u6bcf\u4e2a\u591c\u665a\uff0c\u90fd\u662f\u4ed6\u7684\u72c2\u6b22\u6d3e\u5bf9\uff0c\u76f4\u5230\u9ece\u660e\u5230\u6765\u3002\n\n[Verse]\n\u591c\u5e55\u964d\u4e34\uff0c\u7f57\u51ef\u7684\u6545\u4e8b\u5f00\u59cb\uff0c\n\u6bcf\u4e2a\u89d2\u843d\uff0c\u90fd\u7559\u4e0b\u4ed6\u7684\u8db3\u8ff9\u3002\n\u97f3\u4e50\u8d77\uff0c\u706f\u5149\u95ea\uff0c\u4ed6\u662f\u8fd9\u591c\u665a\u7684\u4e3b\u5bb0\uff0c\n\u6bcf\u4e2a\u773c\u795e\uff0c\u90fd\u5728\u5bfb\u627e\uff0c\u7f57\u51ef\u7684\u8eab\u5f71\u3002", "style": ["pop"], "essentia_features": {"lowlevel.average_loudness": 0.8696507811546326, "lowlevel.barkbands_crest.mean": 13.654938697814941, "lowlevel.barkbands_crest.stdev": 4.750980377197266, "lowlevel.barkbands_flatness_db.mean": 0.2252502590417862, "lowlevel.barkbands_flatness_db.stdev": 0.06699208915233612, "lowlevel.barkbands_kurtosis.mean": 13.423016548156738, "lowlevel.barkbands_kurtosis.stdev": 19.445068359375, "lowlevel.barkbands_skewness.mean": 2.176706075668335, "lowlevel.barkbands_skewness.stdev": 1.9580323696136475, "lowlevel.barkbands_spread.mean": 13.381478309631348, "lowlevel.barkbands_spread.stdev": 15.673367500305176, "lowlevel.dissonance.mean": 0.41722336411476135, "lowlevel.dissonance.stdev": 0.05297974497079849, "lowlevel.dynamic_complexity": 5.998935699462891, "lowlevel.erbbands_crest.mean": 13.478032112121582, "lowlevel.erbbands_crest.stdev": 5.151525497436523, "lowlevel.erbbands_flatness_db.mean": 0.22209270298480988, "lowlevel.erbbands_flatness_db.stdev": 0.051225606352090836, "lowlevel.erbbands_kurtosis.mean": 3.852534770965576, "lowlevel.erbbands_kurtosis.stdev": 5.619716644287109, "lowlevel.erbbands_skewness.mean": 0.9497267603874207, "lowlevel.erbbands_skewness.stdev": 1.299804449081421, "lowlevel.erbbands_spread.mean": 27.367961883544922, "lowlevel.erbbands_spread.stdev": 20.345792770385742, "lowlevel.hfc.mean": 14.687758445739746, "lowlevel.hfc.stdev": 29.335248947143555, "lowlevel.loudness_ebu128.integrated": -21.8158016204834, "lowlevel.loudness_ebu128.loudness_range": 3.8577957153320312, "lowlevel.loudness_ebu128.momentary.mean": -24.54650115966797, "lowlevel.loudness_ebu128.momentary.stdev": 5.3760151863098145, "lowlevel.loudness_ebu128.short_term.mean": -22.42652702331543, "lowlevel.loudness_ebu128.short_term.stdev": 1.7069358825683594, "lowlevel.melbands_crest.mean": 16.296518325805664, "lowlevel.melbands_crest.stdev": 5.08668327331543, "lowlevel.melbands_flatness_db.mean": 0.27190595865249634, "lowlevel.melbands_flatness_db.stdev": 0.09262481331825256, "lowlevel.melbands_kurtosis.mean": 18.979686737060547, "lowlevel.melbands_kurtosis.stdev": 23.637086868286133, "lowlevel.melbands_skewness.mean": 2.636120319366455, "lowlevel.melbands_skewness.stdev": 2.030458927154541, "lowlevel.melbands_spread.mean": 18.35405158996582, "lowlevel.melbands_spread.stdev": 27.823171615600586, "lowlevel.pitch_salience.mean": 0.5016144514083862, "lowlevel.pitch_salience.stdev": 0.12498791515827179, "lowlevel.silence_rate_20dB.mean": 1.0, "lowlevel.silence_rate_20dB.stdev": 0.0, "lowlevel.silence_rate_30dB.mean": 0.9878331422805786, "lowlevel.silence_rate_30dB.stdev": 0.10963127017021179, "lowlevel.silence_rate_60dB.mean": 0.3122827410697937, "lowlevel.silence_rate_60dB.stdev": 0.463428795337677, "lowlevel.spectral_centroid.mean": 979.5794677734375, "lowlevel.spectral_centroid.stdev": 855.7069702148438, "lowlevel.spectral_complexity.mean": 7.456546783447266, "lowlevel.spectral_complexity.stdev": 6.054129123687744, "lowlevel.spectral_decrease.mean": -3.58994611815433e-09, "lowlevel.spectral_decrease.stdev": 5.8991220797111055e-09, "lowlevel.spectral_energy.mean": 0.01488150842487812, "lowlevel.spectral_energy.stdev": 0.02467292547225952, "lowlevel.spectral_energyband_high.mean": 0.0004468528204597533, "lowlevel.spectral_energyband_high.stdev": 0.0013995711924508214, "lowlevel.spectral_energyband_low.mean": 0.0006809576298110187, "lowlevel.spectral_energyband_low.stdev": 0.0008933585486374795, "lowlevel.spectral_energyband_middle_high.mean": 0.006646761670708656, "lowlevel.spectral_energyband_middle_high.stdev": 0.019303029403090477, "lowlevel.spectral_energyband_middle_low.mean": 0.007492324337363243, "lowlevel.spectral_energyband_middle_low.stdev": 0.008613762445747852, "lowlevel.spectral_entropy.mean": 6.82880163192749, "lowlevel.spectral_entropy.stdev": 0.7696046233177185, "lowlevel.spectral_flux.mean": 0.04889589175581932, "lowlevel.spectral_flux.stdev": 0.05801837891340256, "lowlevel.spectral_kurtosis.mean": 7.703222751617432, "lowlevel.spectral_kurtosis.stdev": 6.095685005187988, "lowlevel.spectral_rms.mean": 0.003075538668781519, "lowlevel.spectral_rms.stdev": 0.002249357057735324, "lowlevel.spectral_rolloff.mean": 1362.0511474609375, "lowlevel.spectral_rolloff.stdev": 1875.9024658203125, "lowlevel.spectral_skewness.mean": 2.1142642498016357, "lowlevel.spectral_skewness.stdev": 0.8542576432228088, "lowlevel.spectral_spread.mean": 4457043.0, "lowlevel.spectral_spread.stdev": 1653723.25, "lowlevel.spectral_strongpeak.mean": 1.283116102218628, "lowlevel.spectral_strongpeak.stdev": 2.047553062438965, "lowlevel.zerocrossingrate.mean": 0.05250551179051399, "lowlevel.zerocrossingrate.stdev": 0.05010948330163956, "metadata.audio_properties.analysis.equal_loudness": 0.0, "metadata.audio_properties.analysis.length": 40.04265213012695, "metadata.audio_properties.analysis.sample_rate": 44100.0, "metadata.audio_properties.analysis.start_time": 0.0, "metadata.audio_properties.bit_rate": 115947.0, "metadata.audio_properties.length": 40.042667388916016, "metadata.audio_properties.lossless": 0.0, "metadata.audio_properties.number_channels": 1.0, "metadata.audio_properties.replay_gain": -7.040565490722656, "metadata.audio_properties.sample_rate": 48000.0, "rhythm.beats_count": 64.0, "rhythm.beats_loudness.mean": 0.02363499067723751, "rhythm.beats_loudness.stdev": 0.02808542363345623, "rhythm.bpm": 98.67174530029297, "rhythm.bpm_histogram_first_peak_bpm": 99.0, "rhythm.bpm_histogram_first_peak_weight": 0.4318181872367859, "rhythm.bpm_histogram_second_peak_bpm": 94.0, "rhythm.bpm_histogram_second_peak_spread": 0.3333333730697632, "rhythm.bpm_histogram_second_peak_weight": 0.0634920671582222, "rhythm.danceability": 1.260241150856018, "rhythm.onset_rate": 3.1457202434539795, "tonal.chords_changes_rate": 0.03587963059544563, "tonal.chords_number_rate": 0.011574073694646358, "tonal.chords_strength.mean": 0.4827575981616974, "tonal.chords_strength.stdev": 0.06434682756662369, "tonal.hpcp_crest.mean": 21.29430389404297, "tonal.hpcp_crest.stdev": 9.732620239257812, "tonal.hpcp_entropy.mean": 1.2330970764160156, "tonal.hpcp_entropy.stdev": 0.8455254435539246, "tonal.key_edma.strength": 0.6919065117835999, "tonal.key_krumhansl.strength": 0.7008750438690186, "tonal.key_temperley.strength": 0.7101959586143494, "tonal.tuning_diatonic_strength": 0.6029425859451294, "tonal.tuning_equal_tempered_deviation": 0.023817550390958786, "tonal.tuning_frequency": 440.5086364746094, "tonal.tuning_nontempered_energy_ratio": 0.6446195840835571, "lowlevel.barkbands.mean": [1.2723209010800929e-06, 0.00010928825213341042, 0.00030196268926374614, 0.0006712427129969001, 0.00237564230337739, 0.001717240083962679, 0.0002669169334694743, 0.000682627665810287, 0.0015715655172243714, 0.000991852837614715, 0.0030464690644294024, 0.000896693323738873, 0.0003409817290958017, 0.0002399188670096919, 0.00044556852662935853, 0.00015953816182445735, 0.0001704873429844156, 0.00011089665349572897, 0.0002910240727942437, 0.00012150357360951602, 0.0001087382624973543, 7.120621739886701e-05, 5.1298389735165983e-05, 5.9645535657182336e-05, 6.447189662139863e-05, 1.337339108431479e-05, 8.85468267597389e-08], "lowlevel.barkbands.stdev": [2.9178834211052163e-06, 0.0003391342470422387, 0.0005023296107538044, 0.0015818990068510175, 0.0027773010078817606, 0.0031362217850983143, 0.0019121889490634203, 0.0024038455449044704, 0.004359734710305929, 0.003843223210424185, 0.014552084729075432, 0.005048605613410473, 0.0023725172504782677, 0.001032307161949575, 0.0015788389137014747, 0.0014481281396001577, 0.00140114757232368, 0.0008633590769022703, 0.0014716582372784615, 0.00045356759801506996, 0.0004522101953625679, 0.000370369351003319, 0.000225186871830374, 0.00021154833666514605, 0.0001688250049483031, 4.155052010901272e-05, 4.935455422128143e-07], "lowlevel.erbbands.mean": [0.0006058758008293808, 0.036343999207019806, 0.2992970645427704, 1.329806923866272, 3.3955750465393066, 9.58587646484375, 14.616357803344727, 14.2860107421875, 3.5301992893218994, 7.66942834854126, 18.879194259643555, 42.2924919128418, 23.865449905395508, 60.15970230102539, 127.8252944946289, 32.67940139770508, 17.375699996948242, 13.116351127624512, 24.9333438873291, 11.985247611999512, 10.332942962646484, 8.851287841796875, 6.072694301605225, 16.151790618896484, 8.68747329711914, 5.603079319000244, 5.991222858428955, 3.284379720687866, 2.7189457416534424, 1.7411558628082275, 1.459628939628601, 1.0990933179855347, 1.1334147453308105, 0.8725678324699402, 0.3518128991127014, 0.09498858451843262, 0.01807086169719696, 0.0013574707554653287, 4.2324736568843946e-05, 2.0568859326886013e-05], "lowlevel.erbbands.stdev": [0.0015927603235468268, 0.10511156916618347, 0.5493122935295105, 2.2404074668884277, 6.755938529968262, 12.755157470703125, 22.47785758972168, 32.53248596191406, 11.195387840270996, 45.28483963012695, 57.62181091308594, 121.33150482177734, 76.04373931884766, 252.07952880859375, 588.6060180664062, 137.5135498046875, 122.65959930419922, 50.80604553222656, 85.9273452758789, 46.27729034423828, 103.2138900756836, 63.061058044433594, 46.68128204345703, 110.66400146484375, 26.7111873626709, 20.017436981201172, 26.383249282836914, 15.353280067443848, 14.28596305847168, 8.584898948669434, 6.4595794677734375, 4.264878749847412, 3.85970401763916, 2.390726327896118, 0.8859597444534302, 0.2624475657939911, 0.0744030550122261, 0.004630055278539658, 0.00010947455302812159, 3.251531961723231e-05], "lowlevel.gfcc.mean": [-117.40608978271484, 89.25553131103516, -115.52589416503906, 9.549091339111328, -77.60989379882812, -0.5799267292022705, -55.39474868774414, -6.560096263885498, -50.032169342041016, -8.999344825744629, -23.935148239135742, -12.936959266662598, -5.728696346282959], "lowlevel.melbands.mean": [1.6176114513655193e-05, 0.00012784934369847178, 0.0002926758024841547, 0.00043187104165554047, 0.0005325131351128221, 0.00030267369584180415, 5.3426745580509305e-05, 9.210425923811272e-05, 0.00015678894123993814, 0.00027244575903750956, 0.00010876108717638999, 0.00021827661839779466, 0.00042175260023213923, 0.00017020158702507615, 4.4729458750225604e-05, 3.218835627194494e-05, 2.234703606518451e-05, 3.874586400343105e-05, 2.6697753128246404e-05, 1.0507067599974107e-05, 1.2475882613216527e-05, 1.027304278977681e-05, 5.513208634511102e-06, 5.356183919502655e-06, 1.461673582525691e-05, 8.388729838770814e-06, 3.3396436265320517e-06, 3.816116077359766e-06, 4.204881861369358e-06, 2.598701257738867e-06, 1.7051289660230395e-06, 1.6479943951708265e-06, 1.1688825907185674e-06, 8.946540219767485e-07, 8.593931397626875e-07, 7.265853696480917e-07, 6.517955739582248e-07, 8.076524977695954e-07, 7.770412366880919e-07, 7.336871021834668e-07], "lowlevel.melbands.stdev": [4.9462327297078446e-05, 0.0002251153637189418, 0.0005606370395980775, 0.0005572355003096163, 0.0006944690248928964, 0.0006434796378016472, 0.00023669967777095735, 0.00047402267227880657, 0.0004734934482257813, 0.0007988284341990948, 0.0003814094525296241, 0.0009534364799037576, 0.002091136993840337, 0.0007859207689762115, 0.0002745222591329366, 0.00023004361719358712, 9.728740405989811e-05, 0.00013774869148619473, 0.00010983669199049473, 5.1077167881885543e-05, 0.0001434501464245841, 7.373630796791986e-05, 4.756273119710386e-05, 4.034539597341791e-05, 0.00010669398034224287, 2.7123540348839015e-05, 8.869231351127382e-06, 1.572104883962311e-05, 2.1467649276019074e-05, 1.098665325116599e-05, 9.289336958318017e-06, 9.071759450307582e-06, 5.950933882559184e-06, 4.491398613026831e-06, 4.072364390594885e-06, 2.9196082778071286e-06, 2.5829767764662392e-06, 2.9080829335725866e-06, 2.5019407985382713e-06, 1.9487288227537647e-06], "lowlevel.melbands128.mean": [5.258894475446141e-07, 5.797739390800416e-07, 6.416240921680583e-06, 7.477448525605723e-05, 0.00012966750364284962, 0.00015461114526260644, 0.00024037597177084535, 0.0003740296815522015, 0.0003216049517504871, 0.00032311133691109717, 0.0005933710490353405, 0.0006334509234875441, 0.0005121026188135147, 0.0004113310424145311, 0.000441690266598016, 0.00015480771253351122, 2.584169305919204e-05, 4.221091512590647e-05, 7.230520714074373e-05, 8.430277375737205e-05, 9.386110468767583e-05, 0.00013670872431248426, 0.00018940276640933007, 0.00013093491725157946, 0.0002921538834925741, 0.0003932748222723603, 6.939451122889295e-05, 9.721980313770473e-05, 7.587838626932353e-05, 0.00021080664009787142, 0.00024797156220301986, 0.0002852973120752722, 0.00043578146141953766, 0.0006159732583910227, 0.00018280514632351696, 7.046258542686701e-05, 4.750607695314102e-05, 4.916168109048158e-05, 3.5590073821367696e-05, 4.1355902794748545e-05, 2.9962926419102587e-05, 2.2544518287759274e-05, 2.0357278117444366e-05, 2.4528553694835864e-05, 2.073910945910029e-05, 5.1774593885056674e-05, 4.829029421671294e-05, 2.896110527217388e-05, 1.6305795725202188e-05, 9.5218665592256e-06, 1.004443947749678e-05, 1.1263639862590935e-05, 1.1802272638306022e-05, 1.3750872312812135e-05, 1.3004682841710746e-05, 1.0680866580514703e-05, 7.2380084930046e-06, 5.292474725138163e-06, 5.243412033451023e-06, 5.2936629799660295e-06, 3.2231448585662292e-06, 4.7917483243509196e-06, 1.853278990893159e-05, 1.7731954358168878e-05, 8.214735316869337e-06, 1.0791902241180651e-05, 6.296824722085148e-06, 2.6040686407213798e-06, 3.3913443076016847e-06, 3.1300953651225427e-06, 3.3681806144159054e-06, 4.2738747652038e-06, 5.030787633586442e-06, 4.169759449723642e-06, 3.387832975931815e-06, 2.9032203201495577e-06, 2.284197307744762e-06, 1.3924531003794982e-06, 1.7513912098365836e-06, 1.790657279343577e-06, 1.7565761254445533e-06, 1.6469404044983094e-06, 1.266049707737693e-06, 1.1968769513259758e-06, 1.0139478945347946e-06, 8.195601139959763e-07, 8.779197173680586e-07, 9.556883924233261e-07, 8.258883781309123e-07, 8.389982326661993e-07, 8.09023561032518e-07, 6.815557185291254e-07, 6.115616315582884e-07, 5.908944444854569e-07, 7.096298304531956e-07, 8.304449465867947e-07, 8.261346806648362e-07, 7.859927677600353e-07, 7.39970346330665e-07, 8.030089020394371e-07, 7.910389854259847e-07, 6.882281127218448e-07, 7.43865086860751e-07, 5.315458224686154e-07, 3.539588249168446e-07, 2.643698735482758e-07, 2.3503621093823313e-07, 2.168244748190773e-07, 1.576610770825937e-07, 1.0777289816132907e-07, 7.321175843344463e-08, 6.802155638752083e-08, 5.8487234610993255e-08, 3.255928859857704e-08, 2.261393206026696e-08, 9.98880356206655e-09, 3.4210290156266865e-09, 4.826125055146235e-10, 5.4634786278429104e-11, 2.0657902471965528e-11, 1.6564574364941187e-11, 5.81701700697046e-12, 2.3941760032841763e-12, 2.3368982530330706e-12, 2.211367590779223e-12, 2.0252525784886233e-12, 1.922064720924488e-12, 1.8990410372704547e-12], "lowlevel.melbands128.stdev": [1.2031561027470161e-06, 1.4325034953799332e-06, 1.9171382518834434e-05, 0.00023349904222413898, 0.0003378887486178428, 0.0002480630064383149, 0.00037210172740742564, 0.0010433386778458953, 0.000795557803940028, 0.0006339843384921551, 0.000909233174752444, 0.0009645376121625304, 0.001014619949273765, 0.0008669827948324382, 0.0011866847053170204, 0.0004509628633968532, 0.0001252096117241308, 0.00018732187163550407, 0.0006438170094043016, 0.0006960219470784068, 0.000534315942786634, 0.0006168377585709095, 0.0006836602697148919, 0.0005956075037829578, 0.0010258931433781981, 0.0013179294764995575, 0.000322876003338024, 0.0006123456405475736, 0.000447507161879912, 0.0010292141232639551, 0.0013969400897622108, 0.0021439671982079744, 0.0033837337978184223, 0.003086090786382556, 0.0013692048378288746, 0.0006051281816326082, 0.00031817564740777016, 0.00045013779890723526, 0.00030035205418244004, 0.0004944026586599648, 0.0002077173994621262, 0.000147911167005077, 0.0001224333536811173, 0.00013725750613957644, 0.0001302488672081381, 0.0002175408008042723, 0.000238994718529284, 0.0001778144942363724, 9.915080590872094e-05, 6.932330870768055e-05, 4.882331995759159e-05, 8.889598393579945e-05, 0.00021660845959559083, 0.00019098346820101142, 0.00012865540338680148, 7.184828427853063e-05, 8.03730872576125e-05, 6.260052759898826e-05, 4.58943541161716e-05, 3.749580355361104e-05, 4.120346056879498e-05, 4.439912299858406e-05, 0.00011300314508844167, 0.0001848321408033371, 3.671970989671536e-05, 3.7769310438307e-05, 2.200231574533973e-05, 1.0280678907292895e-05, 9.215156751452014e-06, 9.319180207967293e-06, 1.507389242760837e-05, 2.243805465695914e-05, 3.080898386542685e-05, 2.531333484512288e-05, 1.4335087143990677e-05, 1.4816478142165579e-05, 9.842989129538182e-06, 7.183105935837375e-06, 1.0878758985199966e-05, 1.082052676792955e-05, 1.1146341421408579e-05, 9.922648132487666e-06, 6.6157308538095094e-06, 6.38408528175205e-06, 5.46913133803173e-06, 4.609499683283502e-06, 4.627156158676371e-06, 5.229929683991941e-06, 4.147676463617245e-06, 4.456206170289079e-06, 3.3914623145392397e-06, 2.7632420369627653e-06, 2.7844639589602593e-06, 2.7121363928017672e-06, 2.686713969524135e-06, 3.1703568765806267e-06, 3.289154165031505e-06, 2.9714192351093516e-06, 2.6618399715516716e-06, 2.7161840989720076e-06, 2.264577460664441e-06, 1.9265771697973832e-06, 2.0407151168910787e-06, 1.5631056839993107e-06, 9.81729726845515e-07, 7.23904236110684e-07, 6.476109888353676e-07, 6.32464775662811e-07, 4.459562603642553e-07, 4.603736272201786e-07, 3.523532825511211e-07, 3.732241395937308e-07, 2.9187179961809306e-07, 1.454172320336511e-07, 9.021498215133761e-08, 3.8112357714226164e-08, 1.647233816015614e-08, 4.2189700621975135e-09, 1.0703069541762034e-09, 7.136603530355501e-10, 5.535348290841569e-10, 1.3531771536623438e-10, 5.285246199027149e-12, 5.188119031607208e-12, 5.10221812716205e-12, 5.041420406137753e-12, 4.994536902114266e-12, 4.966270450434962e-12], "lowlevel.mfcc.mean": [-766.9279174804688, 124.56430053710938, 5.977818489074707, 7.648200035095215, -6.612488746643066, -8.886824607849121, -0.038286104798316956, -18.255674362182617, -12.372579574584961, -12.71827220916748, -18.0386905670166, -22.099580764770508, -13.717689514160156], "lowlevel.spectral_contrast_coeffs.mean": [-0.5483611822128296, -0.6887723803520203, -0.7150617241859436, -0.7823017835617065, -0.8001958727836609, -0.7899197340011597], "lowlevel.spectral_contrast_coeffs.stdev": [0.10245247930288315, 0.10036981105804443, 0.1053825244307518, 0.07168556749820709, 0.0619073361158371, 0.05264068394899368], "lowlevel.spectral_contrast_valleys.mean": [-8.70544147491455, -8.338973045349121, -8.781115531921387, -8.99754524230957, -8.903712272644043, -11.386198043823242], "lowlevel.spectral_contrast_valleys.stdev": [1.102321982383728, 0.9699742197990417, 1.0883228778839111, 0.9782853126525879, 1.1569162607192993, 1.2731479406356812], "rhythm.beats_loudness_band_ratio.mean": [0.15322580933570862, 0.3754127025604248, 0.13229307532310486, 0.18723496794700623, 0.07000841200351715, 0.11580777913331985], "rhythm.beats_loudness_band_ratio.stdev": [0.21823222935199738, 0.24634672701358795, 0.13559408485889435, 0.2455674707889557, 0.11171288788318634, 0.22401127219200134], "tonal.hpcp.mean": [0.09940166026353836, 0.07245639711618423, 0.10718223452568054, 0.18526379764080048, 0.12092151492834091, 0.04011039808392525, 0.03917224332690239, 0.04440173879265785, 0.27666783332824707, 0.39693892002105713, 0.1720828264951706, 0.04042532667517662, 0.02930181287229061, 0.03219907730817795, 0.08990548551082611, 0.13040970265865326, 0.07622453570365906, 0.0910911038517952, 0.12892219424247742, 0.0726976990699768, 0.030139096081256866, 0.029925605282187462, 0.035124678164720535, 0.16968944668769836, 0.2556890547275543, 0.12065298110246658, 0.03018333949148655, 0.027482783421874046, 0.027674436569213867, 0.11688122898340225, 0.15689508616924286, 0.07733934372663498, 0.03433123603463173, 0.024214912205934525, 0.026189634576439857, 0.06382787972688675], "tonal.hpcp.stdev": [0.2340400218963623, 0.18369324505329132, 0.20563501119613647, 0.33280181884765625, 0.22725363075733185, 0.13925576210021973, 0.14312505722045898, 0.14453953504562378, 0.32250288128852844, 0.42814990878105164, 0.2283938229084015, 0.144974485039711, 0.12097295373678207, 0.1283067911863327, 0.2043457329273224, 0.27755099534988403, 0.17525550723075867, 0.20153513550758362, 0.28422144055366516, 0.17446419596672058, 0.1141747236251831, 0.11531146615743637, 0.12013339251279831, 0.2459673136472702, 0.35085397958755493, 0.1950531154870987, 0.11001451313495636, 0.11074739694595337, 0.10361263155937195, 0.2418474406003952, 0.3088130056858063, 0.16114559769630432, 0.10975618660449982, 0.0772695392370224, 0.08467584103345871, 0.14716434478759766], "rhythm.beats_position": [0.6037188172340393, 1.2074376344680786, 1.8227664232254028, 2.4380950927734375, 3.0650339126586914, 3.6919727325439453, 4.318911552429199, 4.945850372314453, 5.584399223327637, 6.153287887573242, 6.733786582946777, 7.314285755157471, 7.894784450531006, 8.4752836227417, 9.079002380371094, 9.694331169128418, 10.309659957885742, 10.913378715515137, 11.517097473144531, 12.120816230773926, 12.72453498840332, 13.374693870544434, 14.001632690429688, 14.605351448059082, 15.209070205688477, 15.84761905670166, 16.532608032226562, 17.18276596069336, 17.82131576538086, 18.575963973999023, 19.319002151489258, 20.027210235595703, 20.73541831970215, 21.478458404541016, 22.22149658203125, 22.825214385986328, 23.4521541595459, 24.079092025756836, 24.706031799316406, 25.321359634399414, 25.925079345703125, 26.540407180786133, 27.155736923217773, 27.77106475830078, 28.386394500732422, 29.01333236694336, 29.65188217163086, 30.267210006713867, 30.894149780273438, 31.474647521972656, 32.06675720214844, 32.647254943847656, 33.20453643798828, 33.76181411743164, 34.319091796875, 34.87636947631836, 35.44525909423828, 36.072200775146484, 36.67591857910156, 37.2912483215332, 37.89496612548828, 38.49868392944336, 39.10240173339844, 39.68290328979492], "rhythm.bpm_histogram": [0.0, 0.0, 0.0, 0.0, 0.0, 0.0, 0.0, 0.0, 0.0, 0.0, 0.0, 0.0, 0.0, 0.0, 0.0, 0.0, 0.0, 0.0, 0.0, 0.0, 0.0, 0.0, 0.0, 0.0, 0.0, 0.0, 0.0, 0.0, 0.0, 0.0, 0.0, 0.0, 0.0, 0.0, 0.0, 0.0, 0.0, 0.0, 0.0, 0.0, 0.0, 0.0, 0.0, 0.0, 0.0, 0.0, 0.0, 0.0, 0.0, 0.0, 0.0, 0.0, 0.0, 0.0, 0.0, 0.0, 0.0, 0.0, 0.0, 0.0, 0.0, 0.0, 0.0, 0.0, 0.0, 0.0, 0.0, 0.0, 0.0, 0.0, 0.0, 0.0, 0.0, 0.0, 0.0, 0.0, 0.0, 0.0, 0.0, 0.0, 0.01587301678955555, 0.0476190485060215, 0.0, 0.0, 0.0, 0.0317460335791111, 0.0, 0.0, 0.01587301678955555, 0.0, 0.0, 0.0, 0.0317460335791111, 0.0, 0.0634920671582222, 0.0, 0.1746031790971756, 0.0, 0.1746031790971756, 0.2222222238779068, 0.0, 0.01587301678955555, 0.0, 0.1111111119389534, 0.0, 0.0317460335791111, 0.0, 0.0, 0.0634920671582222, 0.0, 0.0, 0.0, 0.0, 0.0, 0.0, 0.0, 0.0, 0.0, 0.0, 0.0, 0.0, 0.0, 0.0, 0.0, 0.0, 0.0, 0.0, 0.0, 0.0, 0.0, 0.0, 0.0, 0.0, 0.0, 0.0, 0.0, 0.0, 0.0, 0.0, 0.0, 0.0, 0.0, 0.0, 0.0, 0.0, 0.0, 0.0, 0.0, 0.0, 0.0, 0.0, 0.0, 0.0, 0.0, 0.0, 0.0, 0.0, 0.0, 0.0, 0.0, 0.0, 0.0, 0.0, 0.0, 0.0, 0.0, 0.0, 0.0, 0.0, 0.0, 0.0, 0.0, 0.0, 0.0, 0.0, 0.0, 0.0, 0.0, 0.0, 0.0, 0.0, 0.0, 0.0, 0.0, 0.0, 0.0, 0.0, 0.0, 0.0, 0.0, 0.0, 0.0, 0.0, 0.0, 0.0, 0.0, 0.0, 0.0, 0.0, 0.0, 0.0, 0.0, 0.0, 0.0, 0.0, 0.0, 0.0, 0.0, 0.0, 0.0, 0.0, 0.0, 0.0, 0.0, 0.0, 0.0, 0.0, 0.0, 0.0, 0.0, 0.0, 0.0, 0.0, 0.0, 0.0, 0.0, 0.0, 0.0, 0.0, 0.0, 0.0, 0.0, 0.0, 0.0, 0.0, 0.0, 0.0, 0.0, 0.0, 0.0, 0.0, 0.0, 0.0, 0.0, 0.0, 0.0, 0.0, 0.0, 0.0, 0.0], "tonal.chords_histogram": [41.66666793823242, 0.0, 3.935185194015503, 0.0, 0.0, 0.0, 0.0, 0.0, 0.0, 0.0, 0.0, 0.0, 0.0, 0.46296295523643494, 0.0, 5.902777671813965, 0.0, 8.449073791503906, 1.5046296119689941, 10.416666984558105, 9.837963104248047, 3.472222328186035, 11.574073791503906, 2.777777671813965], "tonal.thpcp": [1.0, 0.4335246980190277, 0.10184268653392792, 0.07381945103406906, 0.08111847192049026, 0.22649702429771423, 0.3285384774208069, 0.1920308917760849, 0.2294839322566986, 0.3247910141944885, 0.18314580619335175, 0.07592879980802536, 0.07539095729589462, 0.0884888768196106, 0.4274951219558716, 0.6441521644592285, 0.30395856499671936, 0.07604026049375534, 0.06923680752515793, 0.06971963495016098, 0.29445645213127136, 0.39526253938674927, 0.19483940303325653, 0.0864899754524231, 0.06100412830710411, 0.06597900390625, 0.1608002483844757, 0.25042054057121277, 0.18253789842128754, 0.2700219750404358, 0.4667312502861023, 0.30463507771492004, 0.10104929655790329, 0.09868582338094711, 0.11186037957668304, 0.6970035433769226], "lowlevel.gfcc.cov": [[11225.138671875, -2220.767333984375, -1496.6456298828125, -495.6404113769531, -936.4202270507812, 126.24630737304688, 16.35688018798828, 862.3846435546875, -742.6699829101562, 350.87188720703125, -126.63163757324219, 3.341515064239502, 454.0853271484375], [-2220.767333984375, 2361.063232421875, 713.09716796875, -282.54998779296875, 465.31915283203125, -154.67550659179688, 163.20587158203125, -280.3060607910156, 144.60707092285156, -147.9044189453125, 122.09847259521484, -184.42147827148438, -47.41701889038086], [-1496.6456298828125, 713.09716796875, 1354.388427734375, 396.6387634277344, 236.7041015625, 15.25108814239502, 9.505727767944336, -113.78125, 177.53233337402344, -91.07284545898438, -60.30662155151367, 35.54608154296875, -199.2698211669922], [-495.6404113769531, -282.54998779296875, 396.6387634277344, 967.7000732421875, 177.44638061523438, -33.807315826416016, -103.03834533691406, 69.85734558105469, 241.74920654296875, -100.49346160888672, -39.57676696777344, 34.79631042480469, -114.28721618652344], [-936.4202270507812, 465.31915283203125, 236.7041015625, 177.44638061523438, 432.1299133300781, 102.73126983642578, 75.1720199584961, -50.90579605102539, 109.18195343017578, -25.4578914642334, -6.356311798095703, -32.3726806640625, -66.09492492675781], [126.24630737304688, -154.67550659179688, 15.25108814239502, -33.807315826416016, 102.73126983642578, 371.17596435546875, 146.69017028808594, -12.772093772888184, -36.331092834472656, 101.00245666503906, -12.374695777893066, -6.415417671203613, 1.199546217918396], [16.35688018798828, 163.20587158203125, 9.505727767944336, -103.03834533691406, 75.1720199584961, 146.69017028808594, 226.009765625, -16.22737693786621, -54.02312469482422, 69.79972076416016, 23.275667190551758, -19.18926239013672, 5.281857013702393], [862.3846435546875, -280.3060607910156, -113.78125, 69.85734558105469, -50.90579605102539, -12.772093772888184, -16.22737693786621, 230.04129028320312, 3.996870517730713, -20.20724868774414, -21.216026306152344, 31.052968978881836, 38.173648834228516], [-742.6699829101562, 144.60707092285156, 177.53233337402344, 241.74920654296875, 109.18195343017578, -36.331092834472656, -54.02312469482422, 3.996870517730713, 265.5040588378906, -25.539121627807617, 7.774062633514404, 31.946229934692383, -41.95588302612305], [350.87188720703125, -147.9044189453125, -91.07284545898438, -100.49346160888672, -25.4578914642334, 101.00245666503906, 69.79972076416016, -20.20724868774414, -25.539121627807617, 182.60218811035156, 34.28407669067383, 1.190177321434021, 15.461553573608398], [-126.63163757324219, 122.09847259521484, -60.30662155151367, -39.57676696777344, -6.356311798095703, -12.374695777893066, 23.275667190551758, -21.216026306152344, 7.774062633514404, 34.28407669067383, 148.29736328125, 23.551376342773438, -7.7487006187438965], [3.341515064239502, -184.42147827148438, 35.54608154296875, 34.79631042480469, -32.3726806640625, -6.415417671203613, -19.18926239013672, 31.052968978881836, 31.946229934692383, 1.190177321434021, 23.551376342773438, 141.43540954589844, 8.090134620666504], [454.0853271484375, -47.41701889038086, -199.2698211669922, -114.28721618652344, -66.09492492675781, 1.199546217918396, 5.281857013702393, 38.173648834228516, -41.95588302612305, 15.461553573608398, -7.7487006187438965, 8.090134620666504, 155.44891357421875]], "lowlevel.gfcc.icov": [[0.00023260223679244518, -8.894134225556627e-05, 9.748517913976684e-05, -0.00013763819879386574, 0.00029726489447057247, -9.598661563359201e-05, 0.00017858036153484136, -0.0008346025715582073, 0.0005916635855101049, -0.0005604350590147078, 0.0002237541339127347, 3.163784754178778e-07, -0.00013022533676121384], [-8.894134225556627e-05, 0.0023268938530236483, -0.0014098946703597903, 0.0015817463863641024, -0.002062099752947688, 0.0017176748951897025, -0.0017346290405839682, 0.0013877161545678973, -0.0016572775784879923, 0.002191252540796995, -0.0026006940752267838, 0.0029589550103992224, -0.0017956038936972618], [9.748517913976684e-05, -0.0014098946703597903, 0.0020120330154895782, -0.0012098733568564057, 0.0011187962954863906, -0.0010132150491699576, 0.0006666903500445187, -0.0004171595792286098, 0.0007823289488442242, -0.0010440711630508304, 0.00221497961319983, -0.002312510507181287, 0.002083952073007822], [-0.00013763819879386574, 0.0015817463863641024, -0.0012098733568564057, 0.00275997631251812, -0.0017994493246078491, 0.0009917456191033125, -0.0006447335472330451, 0.0005022286786697805, -0.002286703558638692, 0.0019880810286849737, -0.0016700199339538813, 0.0019332023803144693, -0.0005102030700072646], [0.00029726489447057247, -0.002062099752947688, 0.0011187962954863906, -0.0017994493246078491, 0.005639042239636183, -0.0024544699117541313, 0.0003404214803595096, -0.0013898506294935942, 0.0005713216960430145, -0.0013189662713557482, 0.0023391940630972385, -0.0016166920540854335, 0.0018463205778971314], [-9.598661563359201e-05, 0.0017176748951897025, -0.0010132150491699576, 0.0009917456191033125, -0.0024544699117541313, 0.0056158206425607204, -0.0033240763004869223, 0.0010919279884546995, -0.000752368476241827, -0.0002912500349339098, -0.0008241087780334055, 0.0016392802353948355, -0.0013079993659630418], [0.00017858036153484136, -0.0017346290405839682, 0.0006666903500445187, -0.0006447335472330451, 0.0003404214803595096, -0.0033240763004869223, 0.008689351379871368, -0.001966975862160325, 0.002776483306661248, -0.003221763763576746, 0.0006538820452988148, -0.0014956210507079959, 0.000868277798872441], [-0.0008346025715582073, 0.0013877161545678973, -0.0004171595792286098, 0.0005022286786697805, -0.0013898506294935942, 0.0010919279884546995, -0.001966975862160325, 0.008869487792253494, -0.00292012351565063, 0.0036255144514143467, -0.0010632688645273447, 0.000203989096917212, -0.00122723204549402], [0.0005916635855101049, -0.0016572775784879923, 0.0007823289488442242, -0.002286703558638692, 0.0005713216960430145, -0.000752368476241827, 0.002776483306661248, -0.00292012351565063, 0.008238318376243114, -0.0034161859657615423, 0.0015311548486351967, -0.0028241986874490976, 0.0007459266926161945], [-0.0005604350590147078, 0.002191252540796995, -0.0010440711630508304, 0.0019880810286849737, -0.0013189662713557482, -0.0002912500349339098, -0.003221763763576746, 0.0036255144514143467, -0.0034161859657615423, 0.010880377143621445, -0.004034664947539568, 0.00251877517439425, -0.0012470895890146494], [0.0002237541339127347, -0.0026006940752267838, 0.00221497961319983, -0.0016700199339538813, 0.0023391940630972385, -0.0008241087780334055, 0.0006538820452988148, -0.0010632688645273447, 0.0015311548486351967, -0.004034664947539568, 0.011122015304863453, -0.005059625022113323, 0.003036791691556573], [3.163784754178778e-07, 0.0029589550103992224, -0.002312510507181287, 0.0019332023803144693, -0.0016166920540854335, 0.0016392802353948355, -0.0014956210507079959, 0.000203989096917212, -0.0028241986874490976, 0.00251877517439425, -0.005059625022113323, 0.012135207653045654, -0.0032373201102018356], [-0.00013022533676121384, -0.0017956038936972618, 0.002083952073007822, -0.0005102030700072646, 0.0018463205778971314, -0.0013079993659630418, 0.000868277798872441, -0.00122723204549402, 0.0007459266926161945, -0.0012470895890146494, 0.003036791691556573, -0.0032373201102018356, 0.010274198837578297]], "lowlevel.mfcc.cov": [[11837.9189453125, -2406.158447265625, -1035.4775390625, -637.1690063476562, -804.864013671875, -948.9861450195312, 566.3267211914062, -311.0678405761719, 342.5730895996094, 106.16069030761719, -69.76288604736328, -408.9003601074219, -72.38906860351562], [-2406.158447265625, 2508.29736328125, 226.33522033691406, -104.95862579345703, 101.12187194824219, 167.39830017089844, 121.8316650390625, -80.90310668945312, -89.50361633300781, -44.075801849365234, 7.706114768981934, 23.84519386291504, -3.9782421588897705], [-1035.4775390625, 226.33522033691406, 967.2678833007812, 345.7253112792969, 201.71371459960938, 150.87196350097656, -128.6132354736328, 153.57510375976562, -22.100791931152344, -5.16442346572876, 8.598353385925293, 122.98600006103516, -4.920801162719727], [-637.1690063476562, -104.95862579345703, 345.7253112792969, 684.6394653320312, 309.8568115234375, 29.543657302856445, -184.351318359375, 171.7075653076172, 17.508052825927734, -2.768036127090454, 22.738962173461914, 120.83531951904297, -10.669776916503906], [-804.864013671875, 101.12187194824219, 201.71371459960938, 309.8568115234375, 416.638916015625, 113.66011810302734, -112.29344177246094, 161.90184020996094, 44.91476058959961, 29.59494400024414, 16.10594367980957, 100.433837890625, -0.4204806089401245], [-948.9861450195312, 167.39830017089844, 150.87196350097656, 29.543657302856445, 113.66011810302734, 476.606201171875, 114.4455337524414, 20.222618103027344, 27.006799697875977, 82.37249755859375, 82.95804595947266, 31.092294692993164, 77.34239196777344], [566.3267211914062, 121.8316650390625, -128.6132354736328, -184.351318359375, -112.29344177246094, 114.4455337524414, 368.3638916015625, -55.33525085449219, 24.946575164794922, 42.783199310302734, 36.11750793457031, -62.06429672241211, 29.16878318786621], [-311.0678405761719, -80.90310668945312, 153.57510375976562, 171.7075653076172, 161.90184020996094, 20.222618103027344, -55.33525085449219, 235.70358276367188, 41.7202033996582, -14.973491668701172, 6.310786724090576, 78.28092956542969, 23.593868255615234], [342.5730895996094, -89.50361633300781, -22.100791931152344, 17.508052825927734, 44.91476058959961, 27.006799697875977, 24.946575164794922, 41.7202033996582, 196.85118103027344, 47.72515869140625, -21.422290802001953, -43.362369537353516, 18.682941436767578], [106.16069030761719, -44.075801849365234, -5.16442346572876, -2.768036127090454, 29.59494400024414, 82.37249755859375, 42.783199310302734, -14.973491668701172, 47.72515869140625, 140.9955291748047, 39.99671173095703, -1.9860810041427612, 12.326623916625977], [-69.76288604736328, 7.706114768981934, 8.598353385925293, 22.738962173461914, 16.10594367980957, 82.95804595947266, 36.11750793457031, 6.310786724090576, -21.422290802001953, 39.99671173095703, 120.12113189697266, 40.40680694580078, 16.77610969543457], [-408.9003601074219, 23.84519386291504, 122.98600006103516, 120.83531951904297, 100.433837890625, 31.092294692993164, -62.06429672241211, 78.28092956542969, -43.362369537353516, -1.9860810041427612, 40.40680694580078, 179.63731384277344, 31.90643882751465], [-72.38906860351562, -3.9782421588897705, -4.920801162719727, -10.669776916503906, -0.4204806089401245, 77.34239196777344, 29.16878318786621, 23.593868255615234, 18.682941436767578, 12.326623916625977, 16.77610969543457, 31.90643882751465, 137.3886260986328]], "lowlevel.mfcc.icov": [[0.00019257553503848612, 0.0001657535322010517, -1.8248896594741382e-05, 2.1696750991395675e-05, 5.494552169693634e-05, 0.0004666256718337536, -0.00038684820174239576, 0.00017577825929038227, -0.0003072322579100728, -8.56381666380912e-05, -0.000164882731041871, 6.307090370683e-05, -4.8325786337954924e-05], [0.0001657535322010517, 0.000617007608525455, -0.0001796823344193399, 0.0002069722831947729, -0.00033811962930485606, 0.00034200475784018636, -0.0005551677895709872, 0.0005127887707203627, -0.00012071715173078701, 0.00023671111557632685, -0.00011539619299583137, 2.5333704911645327e-07, -3.9711481804260984e-05], [-1.8248896594741382e-05, -0.0001796823344193399, 0.0015261234948411584, -0.0006104149506427348, 0.00034822948509827256, -0.0006864335737191141, 0.0003682485257741064, -0.0006930273375473917, 0.0002432965557090938, -0.00013444790965877473, 0.0005352632142603397, -0.0004392392293084413, 0.0004363848129287362], [2.1696750991395675e-05, 0.0002069722831947729, -0.0006104149506427348, 0.0027682529762387276, -0.0015782688278704882, 0.00035281499731354415, 0.00044255968532525003, -0.00022242880368139595, -0.00016323701129294932, 0.00028666676371358335, -0.0006879119318909943, -0.0002485126897227019, 8.953070937423036e-05], [5.494552169693634e-05, -0.00033811962930485606, 0.00034822948509827256, -0.0015782688278704882, 0.005449442658573389, -0.0012010521022602916, 0.0008862119866535068, -0.00225067394785583, -0.0007781934691593051, -0.0011847944697365165, 0.0007514295866712928, -0.0011391802690923214, 0.0011851541930809617], [0.0004666256718337536, 0.00034200475784018636, -0.0006864335737191141, 0.00035281499731354415, -0.0012010521022602916, 0.004640175495296717, -0.0019379447912797332, 0.0010041866917163134, -0.0007631779881194234, -0.0010280339047312737, -0.002021907828748226, 0.0005917928065173328, -0.001812801230698824], [-0.00038684820174239576, -0.0005551677895709872, 0.0003682485257741064, 0.00044255968532525003, 0.0008862119866535068, -0.0019379447912797332, 0.004785284399986267, -0.0008652421529404819, 0.0002560813445597887, -0.00038069821312092245, -0.0005292262649163604, 0.0006981260958127677, -4.4215175876161084e-05], [0.00017577825929038227, 0.0005127887707203627, -0.0006930273375473917, -0.00022242880368139595, -0.00225067394785583, 0.0010041866917163134, -0.0008652421529404819, 0.00773443840444088, -0.002119961893185973, 0.0019367155618965626, -0.0006533053237944841, -0.0017870101146399975, -0.0010420652106404305], [-0.0003072322579100728, -0.00012071715173078701, 0.0002432965557090938, -0.00016323701129294932, -0.0007781934691593051, -0.0007631779881194234, 0.0002560813445597887, -0.002119961893185973, 0.007793134544044733, -0.0026011636946350336, 0.0021041734144091606, 0.002409487497061491, -0.0010752767557278275], [-8.56381666380912e-05, 0.00023671111557632685, -0.00013444790965877473, 0.00028666676371358335, -0.0011847944697365165, -0.0010280339047312737, -0.00038069821312092245, 0.0019367155618965626, -0.0026011636946350336, 0.010102340951561928, -0.002966335043311119, -0.0003454042016528547, 0.0001922694209497422], [-0.000164882731041871, -0.00011539619299583137, 0.0005352632142603397, -0.0006879119318909943, 0.0007514295866712928, -0.002021907828748226, -0.0005292262649163604, -0.0006533053237944841, 0.0021041734144091606, -0.002966335043311119, 0.011977744288742542, -0.0025117623154073954, 0.00034136371687054634], [6.307090370683e-05, 2.5333704911645327e-07, -0.0004392392293084413, -0.0002485126897227019, -0.0011391802690923214, 0.0005917928065173328, 0.0006981260958127677, -0.0017870101146399975, 0.002409487497061491, -0.0003454042016528547, -0.0025117623154073954, 0.009288673289120197, -0.002326877787709236], [-4.8325786337954924e-05, -3.9711481804260984e-05, 0.0004363848129287362, 8.953070937423036e-05, 0.0011851541930809617, -0.001812801230698824, -4.4215175876161084e-05, -0.0010420652106404305, -0.001075276755727827