{"song_id": "1183694296193454090", "download": "https://cdn.discordapp.com/attachments/1135911532732108921/1183694296193454090/chirp.mp4?ex=65894438&amp", "lyrics": "Dragon lines dance, Chenchen paints dreams,\nInk blooms under the brush, stories flowing streams.\nBe it AI or handcraft, it's all the same theme,\nHeartfelt creations, they reign supreme.", "style": ["rap"], "essentia_features": {"lowlevel.average_loudness": 0.9856091141700745, "lowlevel.barkbands_crest.mean": 13.34997844696045, "lowlevel.barkbands_crest.stdev": 4.305617809295654, "lowlevel.barkbands_flatness_db.mean": 0.2235662341117859, "lowlevel.barkbands_flatness_db.stdev": 0.06745230406522751, "lowlevel.barkbands_kurtosis.mean": 24.17314910888672, "lowlevel.barkbands_kurtosis.stdev": 59.85641860961914, "lowlevel.barkbands_skewness.mean": 3.042344331741333, "lowlevel.barkbands_skewness.stdev": 2.9727210998535156, "lowlevel.barkbands_spread.mean": 23.601083755493164, "lowlevel.barkbands_spread.stdev": 26.676982879638672, "lowlevel.dissonance.mean": 0.44733715057373047, "lowlevel.dissonance.stdev": 0.055237676948308945, "lowlevel.dynamic_complexity": 3.200390100479126, "lowlevel.erbbands_crest.mean": 10.412368774414062, "lowlevel.erbbands_crest.stdev": 4.603475570678711, "lowlevel.erbbands_flatness_db.mean": 0.16086116433143616, "lowlevel.erbbands_flatness_db.stdev": 0.055043548345565796, "lowlevel.erbbands_kurtosis.mean": 2.436493158340454, "lowlevel.erbbands_kurtosis.stdev": 5.965437412261963, "lowlevel.erbbands_skewness.mean": 0.1003270149230957, "lowlevel.erbbands_skewness.stdev": 1.3958842754364014, "lowlevel.erbbands_spread.mean": 47.16965103149414, "lowlevel.erbbands_spread.stdev": 31.385528564453125, "lowlevel.hfc.mean": 20.35923194885254, "lowlevel.hfc.stdev": 17.11667823791504, "lowlevel.loudness_ebu128.integrated": -15.980520248413086, "lowlevel.loudness_ebu128.loudness_range": 0.4384307861328125, "lowlevel.loudness_ebu128.momentary.mean": -16.09352684020996, "lowlevel.loudness_ebu128.momentary.stdev": 1.0132437944412231, "lowlevel.loudness_ebu128.short_term.mean": -15.925825119018555, "lowlevel.loudness_ebu128.short_term.stdev": 0.1598430573940277, "lowlevel.melbands_crest.mean": 25.271514892578125, "lowlevel.melbands_crest.stdev": 8.868408203125, "lowlevel.melbands_flatness_db.mean": 0.29408061504364014, "lowlevel.melbands_flatness_db.stdev": 0.08397199958562851, "lowlevel.melbands_kurtosis.mean": 90.47576904296875, "lowlevel.melbands_kurtosis.stdev": 300.7630920410156, "lowlevel.melbands_skewness.mean": 5.50435209274292, "lowlevel.melbands_skewness.stdev": 5.731544494628906, "lowlevel.melbands_spread.mean": 17.867773056030273, "lowlevel.melbands_spread.stdev": 22.106348037719727, "lowlevel.pitch_salience.mean": 0.394438773393631, "lowlevel.pitch_salience.stdev": 0.1670294851064682, "lowlevel.silence_rate_20dB.mean": 1.0, "lowlevel.silence_rate_20dB.stdev": 0.0, "lowlevel.silence_rate_30dB.mean": 0.9278075098991394, "lowlevel.silence_rate_30dB.stdev": 0.258806049823761, "lowlevel.silence_rate_60dB.mean": 0.005347593687474728, "lowlevel.silence_rate_60dB.stdev": 0.07293154299259186, "lowlevel.spectral_centroid.mean": 1496.191162109375, "lowlevel.spectral_centroid.stdev": 1277.821044921875, "lowlevel.spectral_complexity.mean": 10.735294342041016, "lowlevel.spectral_complexity.stdev": 8.480993270874023, "lowlevel.spectral_decrease.mean": -1.1736039695620093e-08, "lowlevel.spectral_decrease.stdev": 9.554161017888418e-09, "lowlevel.spectral_energy.mean": 0.04614116996526718, "lowlevel.spectral_energy.stdev": 0.036535393446683884, "lowlevel.spectral_energyband_high.mean": 0.001056338893249631, "lowlevel.spectral_energyband_high.stdev": 0.001819625380448997, "lowlevel.spectral_energyband_low.mean": 0.028778884559869766, "lowlevel.spectral_energyband_low.stdev": 0.030629467219114304, "lowlevel.spectral_energyband_middle_high.mean": 0.003274427494034171, "lowlevel.spectral_energyband_middle_high.stdev": 0.00442173145711422, "lowlevel.spectral_energyband_middle_low.mean": 0.014274255372583866, "lowlevel.spectral_energyband_middle_low.stdev": 0.018542909994721413, "lowlevel.spectral_entropy.mean": 7.56925106048584, "lowlevel.spectral_entropy.stdev": 0.6352623105049133, "lowlevel.spectral_flux.mean": 0.11000608652830124, "lowlevel.spectral_flux.stdev": 0.07606451213359833, "lowlevel.spectral_kurtosis.mean": 4.639001846313477, "lowlevel.spectral_kurtosis.stdev": 4.542116165161133, "lowlevel.spectral_rms.mean": 0.0062948307022452354, "lowlevel.spectral_rms.stdev": 0.0023218179121613503, "lowlevel.spectral_rolloff.mean": 1235.68310546875, "lowlevel.spectral_rolloff.stdev": 2214.484619140625, "lowlevel.spectral_skewness.mean": 1.58444082736969, "lowlevel.spectral_skewness.stdev": 0.7736023664474487, "lowlevel.spectral_spread.mean": 5718561.0, "lowlevel.spectral_spread.stdev": 2423107.5, "lowlevel.spectral_strongpeak.mean": 0.5047473311424255, "lowlevel.spectral_strongpeak.stdev": 0.7095664739608765, "lowlevel.zerocrossingrate.mean": 0.0486074835062027, "lowlevel.zerocrossingrate.stdev": 0.04831909388303757, "metadata.audio_properties.analysis.equal_loudness": 0.0, "metadata.audio_properties.analysis.length": 8.63997745513916, "metadata.audio_properties.analysis.sample_rate": 44100.0, "metadata.audio_properties.analysis.start_time": 0.0, "metadata.audio_properties.bit_rate": 114482.0, "metadata.audio_properties.length": 8.640000343322754, "metadata.audio_properties.lossless": 0.0, "metadata.audio_properties.number_channels": 1.0, "metadata.audio_properties.replay_gain": -10.762834548950195, "metadata.audio_properties.sample_rate": 48000.0, "rhythm.beats_count": 15.0, "rhythm.beats_loudness.mean": 0.0704365000128746, "rhythm.beats_loudness.stdev": 0.02409541979432106, "rhythm.bpm": 111.67179107666016, "rhythm.bpm_histogram_first_peak_bpm": 112.0, "rhythm.bpm_histogram_first_peak_weight": 0.4285714030265808, "rhythm.bpm_histogram_second_peak_bpm": 0.0, "rhythm.bpm_histogram_second_peak_spread": 0.0, "rhythm.bpm_histogram_second_peak_weight": 0.0, "rhythm.danceability": 2.7103090286254883, "rhythm.onset_rate": 5.080219268798828, "tonal.chords_changes_rate": 0.14361701905727386, "tonal.chords_number_rate": 0.03191489353775978, "tonal.chords_strength.mean": 0.47493651509284973, "tonal.chords_strength.stdev": 0.08400481939315796, "tonal.hpcp_crest.mean": 12.091394424438477, "tonal.hpcp_crest.stdev": 5.294188976287842, "tonal.hpcp_entropy.mean": 2.2034902572631836, "tonal.hpcp_entropy.stdev": 0.7450237274169922, "tonal.key_edma.strength": 0.4809906482696533, "tonal.key_krumhansl.strength": 0.4796029329299927, "tonal.key_temperley.strength": 0.47927409410476685, "tonal.tuning_diatonic_strength": 0.5098415017127991, "tonal.tuning_equal_tempered_deviation": 0.31102022528648376, "tonal.tuning_frequency": 434.193115234375, "tonal.tuning_nontempered_energy_ratio": 0.9293175339698792, "lowlevel.barkbands.mean": [0.005257547367364168, 0.019752221181988716, 0.002593985293060541, 0.0024193699937313795, 0.0026922421529889107, 0.004424986429512501, 0.00203600712120533, 0.001069054938852787, 0.0014298263704404235, 0.00037410465301945806, 0.0002834180777426809, 0.0005454401834867895, 0.0003799199184868485, 0.00034731964115053415, 0.0003864211612381041, 0.0004666732857003808, 0.0002942232822533697, 0.00013937812764197588, 0.00012592782150022686, 0.00012198952026665211, 0.0001571167231304571, 0.000183674885192886, 0.00020831725851166993, 0.00021017255494371057, 0.0001576835784362629, 8.415857882937416e-05, 1.7904842053440007e-09], "lowlevel.barkbands.stdev": [0.003403814509510994, 0.022365877404808998, 0.010946003720164299, 0.007110449485480785, 0.008596561849117279, 0.007287467829883099, 0.005840099882334471, 0.002698255004361272, 0.004264879506081343, 0.0012349530588835478, 0.0006933659897185862, 0.0018000031122937799, 0.0012243598466739058, 0.0011586087057366967, 0.000962371879722923, 0.0009849865455180407, 0.000571447832044214, 0.00029625752358697355, 0.00020669303194154054, 0.0002581376174930483, 0.0002942229330074042, 0.00038376732845790684, 0.00045580300502479076, 0.0004913503653369844, 0.00029026527772657573, 0.00017581565771251917, 1.3539382059946092e-08], "lowlevel.erbbands.mean": [1.1740018129348755, 2.0270280838012695, 2.704180955886841, 6.539403438568115, 8.488883972167969, 7.849373817443848, 25.68781280517578, 35.456573486328125, 18.43102264404297, 38.957550048828125, 26.602766036987305, 26.604812622070312, 22.09133529663086, 9.375515937805176, 15.038811683654785, 23.027416229248047, 18.056577682495117, 16.53508758544922, 18.8626708984375, 22.808107376098633, 25.14164924621582, 17.09339714050293, 9.356609344482422, 5.057301998138428, 7.263568878173828, 5.643862724304199, 5.946352481842041, 6.067561149597168, 6.516317367553711, 6.003396511077881, 6.070866584777832, 4.944839000701904, 3.365105390548706, 1.6886084079742432, 1.1408711671829224, 0.7031333446502686, 0.07517126947641373, 0.0019617972429841757, 0.00010331843805033714, 6.157383177196607e-05], "lowlevel.erbbands.stdev": [1.0178627967834473, 3.9775068759918213, 10.596065521240234, 20.267810821533203, 23.844985961914062, 26.60856819152832, 43.3728141784668, 73.03956604003906, 36.09881591796875, 120.15555572509766, 64.65814971923828, 80.7022705078125, 81.80345916748047, 24.409242630004883, 39.11736297607422, 77.57025909423828, 53.863216400146484, 48.176692962646484, 49.96995544433594, 53.049537658691406, 51.337947845458984, 32.217933654785156, 18.977937698364258, 8.252843856811523, 14.063825607299805, 11.48600959777832, 11.827176094055176, 11.252753257751465, 12.882058143615723, 14.063582420349121, 13.092742919921875, 11.278427124023438, 8.18554973602295, 3.4284167289733887, 2.0440566539764404, 1.4213693141937256, 0.20072343945503235, 0.005791759584099054, 0.0001838361786212772, 4.21728691435419e-05], "lowlevel.gfcc.mean": [-29.054346084594727, 79.61750030517578, -82.56727600097656, 51.21196746826172, -55.02973556518555, 27.86425018310547, -40.80056381225586, 22.63799285888672, -14.149236679077148, 16.848573684692383, -4.774122714996338, 10.486045837402344, 2.0856621265411377], "lowlevel.melbands.mean": [0.007658552844077349, 0.0016988528659567237, 0.0011576664401218295, 0.0006015398539602757, 0.0007629860774613917, 0.0007813875563442707, 0.00032655851100571454, 0.0003816142270807177, 0.0002323630906175822, 0.00017002636741381139, 0.00010647573071764782, 3.4194534237030894e-05, 4.29552819696255e-05, 6.21471626800485e-05, 5.131327998242341e-05, 3.4165135730290785e-05, 3.0897244869265705e-05, 3.0195662475307472e-05, 3.0132690881146118e-05, 3.110788020421751e-05, 2.8739907065755688e-05, 1.8394273865851574e-05, 1.2198473086755257e-05, 5.358106591302203e-06, 3.719085725606419e-06, 5.290693934512092e-06, 4.983375674783019e-06, 3.393001861695666e-06, 3.408828661122243e-06, 4.1551393223926425e-06, 3.1710139865026576e-06, 3.5026482692046557e-06, 3.8898028833500575e-06, 3.0937087558413623e-06, 3.380043835932156e-06, 3.498531214063405e-06, 2.8790577744075563e-06, 2.552214709794498e-06, 1.5491015119550866e-06, 1.3979489494886366e-06], "lowlevel.melbands.stdev": [0.007303389720618725, 0.004837206099182367, 0.0032823989167809486, 0.002005909103900194, 0.0012911227531731129, 0.0014887598808854818, 0.000741765252314508, 0.0011324277147650719, 0.0006447197520174086, 0.0005178071442060173, 0.000402447214582935, 9.723785478854552e-05, 0.00010720026330091059, 0.00021665880922228098, 0.00016062648501247168, 0.0001003867291728966, 9.96344824670814e-05, 8.897795487428084e-05, 7.48195088817738e-05, 7.039062620606273e-05, 6.25092361588031e-05, 3.681936505017802e-05, 2.4519058570149355e-05, 1.1286638255114667e-05, 6.262332590267761e-06, 8.98931102710776e-06, 1.1884199921041727e-05, 7.061267751851119e-06, 7.622143584740115e-06, 7.84329131420236e-06, 5.926642643316882e-06, 6.720076726196567e-06, 9.266128472518176e-06, 7.330973858188372e-06, 7.144950359361246e-06, 8.681438885105308e-06, 6.735389888490317e-06, 6.46521993985516e-06, 3.6462033676798455e-06, 2.7598589440458454e-06], "lowlevel.melbands128.mean": [0.004994468297809362, 0.012325511313974857, 0.006921991240233183, 0.0023150411434471607, 0.0012443986488506198, 0.0013231246266514063, 0.0014177380362525582, 0.0010775773553177714, 0.0008175623952411115, 0.0007247672765515745, 0.0003055087581742555, 0.0003627412661444396, 0.0008647178183309734, 0.0013001784682273865, 0.0010290518403053284, 0.00035998941166326404, 0.00014174592797644436, 0.0002820594236254692, 0.0006070266244933009, 0.0005122768343426287, 0.00022816818091087043, 0.00011826813715742901, 0.000280644278973341, 0.0002965112798847258, 0.00013154660700820386, 0.00012919919390697032, 0.00021489801292773336, 9.283340477850288e-05, 3.696091516758315e-05, 3.103362178080715e-05, 3.713577825692482e-05, 3.138713145744987e-05, 3.973716957261786e-05, 5.444044654723257e-05, 5.4629748774459586e-05, 7.069829007377848e-05, 6.560674228239805e-05, 4.9195485189557076e-05, 4.51747837360017e-05, 3.7716319639002904e-05, 3.198537524440326e-05, 2.8377697162795812e-05, 2.811321428453084e-05, 3.258846118114889e-05, 3.7741549022030085e-05, 2.3203956516226754e-05, 3.1531766580883414e-05, 2.936636701633688e-05, 3.0285853426903486e-05, 3.271067907917313e-05, 2.655379648786038e-05, 3.755532452487387e-05, 2.900447725551203e-05, 2.8901760742883198e-05, 1.841697667259723e-05, 1.9486067685647868e-05, 1.5390984117402695e-05, 1.3511522411135957e-05, 1.2120737665100023e-05, 7.6165874816069845e-06, 5.194778623263119e-06, 3.1446293178305496e-06, 3.399053184693912e-06, 3.921864390576957e-06, 4.1122384573100135e-06, 5.616541329800384e-06, 5.688225883204723e-06, 5.509552465809975e-06, 4.963748324371409e-06, 4.318542323744623e-06, 2.8562128591147484e-06, 3.519628990034107e-06, 2.9303087103471626e-06, 3.426411467444268e-06, 3.870442924380768e-06, 4.021079348603962e-06, 4.667851499107201e-06, 3.5868076793121872e-06, 2.928046114902827e-06, 2.6309924123779638e-06, 3.3642727430560626e-06, 3.900087449437706e-06, 3.8418675103457645e-06, 4.301777607906843e-06, 3.4719694212981267e-06, 3.120521114396979e-06, 2.808965291478671e-06, 3.259632649132982e-06, 3.194967121089576e-06, 3.692094196594553e-06, 4.044571596750757e-06, 3.2820819342305185e-06, 2.7939709070778918e-06, 3.3170647384395124e-06, 2.4795835997792892e-06, 2.406960447842721e-06, 2.9720567908952944e-06, 2.295616013725521e-06, 1.218879219777591e-06, 1.4447997500610654e-06, 1.365159050692455e-06, 1.585671498105512e-06, 1.1513169511090382e-06, 8.885694455784687e-07, 8.731591947253037e-07, 1.967869138752576e-06, 1.590597776157665e-06, 1.2367813724267762e-06, 1.3884324516766355e-06, 1.29892816858046e-06, 5.239009510660253e-07, 3.0576416065741796e-07, 5.914234080250935e-08, 1.5966069355499712e-08, 1.325132092944159e-08, 8.097652548499923e-10, 3.161743783453019e-11, 5.498209092874573e-12, 4.820610490646748e-12, 4.670392978606275e-12, 4.549783726853773e-12, 4.453563386130899e-12, 4.344198611949679e-12, 4.26658144578318e-12, 4.163495503223258e-12, 4.037435316628368e-12, 3.9633734662258835e-12, 3.935225409423815e-12], "lowlevel.melbands128.stdev": [0.003233941039070487, 0.009782488457858562, 0.00933114718645811, 0.005843612365424633, 0.005297302734106779, 0.0054929181933403015, 0.004622878506779671, 0.0030917043332010508, 0.0024814545176923275, 0.003065927419811487, 0.001251772977411747, 0.001028659287840128, 0.001833955873735249, 0.0022576474584639072, 0.0025318600237369537, 0.0011222196044400334, 0.00039492183714173734, 0.0007123364484868944, 0.001989974407479167, 0.0019171718740835786, 0.0008247980149462819, 0.0003091422258876264, 0.0009438075358048081, 0.0011884437408298254, 0.0006197414477355778, 0.0005827532149851322, 0.0010495628230273724, 0.00040260833338834345, 0.0001568979787407443, 0.00012334604980424047, 0.00012410029012244195, 9.620140917832032e-05, 0.00013257769751362503, 0.00017798144835978746, 0.0002114175003953278, 0.00037224977859295905, 0.0002649674715939909, 0.00019299947598483413, 0.00022289674961939454, 0.0001473885786253959, 0.00012132223491789773, 0.0001025692472467199, 0.00010063936497317627, 0.000123690944747068, 0.00015812805213499814, 7.713421655353159e-05, 0.00010279242997057736, 9.493696416029707e-05, 9.248495916835964e-05, 9.071580279851332e-05, 7.401764742098749e-05, 9.947390208253637e-05, 6.956981087569147e-05, 7.704745075898245e-05, 4.256813190295361e-05, 4.578986408887431e-05, 3.302529512438923e-05, 3.003770689247176e-05, 3.1739462428959087e-05, 1.8994847778230906e-05, 1.2926430827064905e-05, 6.1855953390477225e-06, 6.714301889587659e-06, 7.185945833043661e-06, 7.2566776907478925e-06, 1.0183585800405126e-05, 1.1520773114170879e-05, 1.7510627003503032e-05, 1.2485283150454052e-05, 1.0634676073095761e-05, 5.9050189520348795e-06, 8.707747838343494e-06, 6.840522928541759e-06, 1.022769993141992e-05, 8.382044143218081e-06, 7.89052683103364e-06, 1.0314254723198246e-05, 7.804581400705501e-06, 5.878581760043744e-06, 5.131585567141883e-06, 6.473464054579381e-06, 8.700018042873126e-06, 8.934280231187586e-06, 1.0771739653137047e-05, 9.355408110423014e-06, 8.564186828152742e-06, 6.614034646190703e-06, 7.518880011048168e-06, 7.229194125102367e-06, 8.418146535404958e-06, 1.0741488040366676e-05, 9.65180151979439e-06, 5.699907887901645e-06, 8.112127943604719e-06, 6.668691185041098e-06, 6.9485322455875576e-06, 7.613526122440817e-06, 5.973759471089579e-06, 3.3368123695254326e-06, 3.461619598965626e-06, 3.1597871839039726e-06, 3.4018171390926e-06, 2.0056388621014776e-06, 1.4573064390788204e-06, 1.794381773834175e-06, 4.288732270651963e-06, 3.2918214856181294e-06, 2.565605882409727e-06, 3.147418738080887e-06, 2.8032657155563356e-06, 1.4411557458515745e-06, 1.3985641089675482e-06, 2.851009526239068e-07, 1.1892859674844658e-07, 1.1492535634261003e-07, 7.113054145690967e-09, 4.730313918344109e-10, 1.332103264500839e-11, 1.0283087749363151e-11, 1.0005987358119306e-11, 9.762599582907594e-12, 9.55230599480883e-12, 9.35498900567211e-12, 9.193290226305884e-12, 9.057774495724313e-12, 8.950048167866154e-12, 8.871417489508815e-12, 8.82302824550818e-12], "lowlevel.mfcc.mean": [-679.268310546875, 107.74043273925781, 32.56428146362305, 31.013198852539062, 17.948463439941406, 11.042778015136719, 0.8541961312294006, 6.689449787139893, 4.5715460777282715, 6.383668899536133, 3.269648313522339, 8.440454483032227, 10.793503761291504], "lowlevel.spectral_contrast_coeffs.mean": [-0.7145888209342957, -0.7280200123786926, -0.80537348985672, -0.7909598350524902, -0.7971029281616211, -0.775606095790863], "lowlevel.spectral_contrast_coeffs.stdev": [0.09520911425352097, 0.11078809201717377, 0.07101859897375107, 0.07709510624408722, 0.05047379434108734, 0.04494071751832962], "lowlevel.spectral_contrast_valleys.mean": [-6.853477954864502, -7.357378005981445, -7.9877800941467285, -8.15407657623291, -8.038256645202637, -10.187482833862305], "lowlevel.spectral_contrast_valleys.stdev": [0.8915904760360718, 1.0365610122680664, 1.0467541217803955, 1.0204668045043945, 0.942370593547821, 1.1070561408996582], "rhythm.beats_loudness_band_ratio.mean": [0.6094406843185425, 0.21822267770767212, 0.13066229224205017, 0.032031070441007614, 0.03889031335711479, 0.02767372503876686], "rhythm.beats_loudness_band_ratio.stdev": [0.2738334834575653, 0.2124144434928894, 0.1943906992673874, 0.05420086905360222, 0.050441674888134, 0.02069573663175106], "tonal.hpcp.mean": [0.02684132568538189, 0.029755087569355965, 0.04990576580166817, 0.05358360707759857, 0.041071996092796326, 0.04592116177082062, 0.04409098997712135, 0.025182729586958885, 0.020925961434841156, 0.024864209815859795, 0.02301490493118763, 0.0203741192817688, 0.027984773740172386, 0.035135671496391296, 0.0440208725631237, 0.05466228350996971, 0.06332776695489883, 0.09005533158779144, 0.2123716175556183, 0.3808765709400177, 0.3537193834781647, 0.2598471939563751, 0.2516354024410248, 0.21437811851501465, 0.1426999717950821, 0.09973173588514328, 0.07348600029945374, 0.05100744217634201, 0.060997359454631805, 0.048137206584215164, 0.02380712702870369, 0.024406665936112404, 0.03365661948919296, 0.052046842873096466, 0.05333033576607704, 0.03692203015089035], "tonal.hpcp.stdev": [0.09325003623962402, 0.09122935682535172, 0.1446172297000885, 0.14167824387550354, 0.12096530944108963, 0.14525316655635834, 0.14597971737384796, 0.09738146513700485, 0.07623680680990219, 0.08273552358150482, 0.06160915270447731, 0.043062932789325714, 0.0655033141374588, 0.10389488190412521, 0.12740126252174377, 0.14863091707229614, 0.15998958051204681, 0.19412347674369812, 0.3145134449005127, 0.41934847831726074, 0.3944963812828064, 0.3348802328109741, 0.36377957463264465, 0.32999321818351746, 0.28391584753990173, 0.24650785326957703, 0.2210809886455536, 0.1716497391462326, 0.19413451850414276, 0.16902069747447968, 0.07924921065568924, 0.12103784829378128, 0.12081953883171082, 0.18811564147472382, 0.17554917931556702, 0.14782197773456573], "rhythm.beats_position": [0.4992290139198303, 1.0216779708862305, 1.5557368993759155, 2.0897958278656006, 2.623854875564575, 3.1579136848449707, 3.703582763671875, 4.23764181137085, 4.783310413360596, 5.31736946105957, 5.863038539886475, 6.408707141876221, 6.942766189575195, 7.47682523727417, 8.022494316101074], "rhythm.bpm_histogram": [0.0, 0.0, 0.0, 0.0, 0.0, 0.0, 0.0, 0.0, 0.0, 0.0, 0.0, 0.0, 0.0, 0.0, 0.0, 0.0, 0.0, 0.0, 0.0, 0.0, 0.0, 0.0, 0.0, 0.0, 0.0, 0.0, 0.0, 0.0, 0.0, 0.0, 0.0, 0.0, 0.0, 0.0, 0.0, 0.0, 0.0, 0.0, 0.0, 0.0, 0.0, 0.0, 0.0, 0.0, 0.0, 0.0, 0.0, 0.0, 0.0, 0.0, 0.0, 0.0, 0.0, 0.0, 0.0, 0.0, 0.0, 0.0, 0.0, 0.0, 0.0, 0.0, 0.0, 0.0, 0.0, 0.0, 0.0, 0.0, 0.0, 0.0, 0.0, 0.0, 0.0, 0.0, 0.0, 0.0, 0.0, 0.0, 0.0, 0.0, 0.0, 0.0, 0.0, 0.0, 0.0, 0.0, 0.0, 0.0, 0.0, 0.0, 0.0, 0.0, 0.0, 0.0, 0.0, 0.0, 0.0, 0.0, 0.0, 0.0, 0.0, 0.0, 0.0, 0.0, 0.0, 0.0, 0.0, 0.0, 0.0, 0.0, 0.3571428656578064, 0.0, 0.5714285969734192, 0.0, 0.0, 0.0714285746216774, 0.0, 0.0, 0.0, 0.0, 0.0, 0.0, 0.0, 0.0, 0.0, 0.0, 0.0, 0.0, 0.0, 0.0, 0.0, 0.0, 0.0, 0.0, 0.0, 0.0, 0.0, 0.0, 0.0, 0.0, 0.0, 0.0, 0.0, 0.0, 0.0, 0.0, 0.0, 0.0, 0.0, 0.0, 0.0, 0.0, 0.0, 0.0, 0.0, 0.0, 0.0, 0.0, 0.0, 0.0, 0.0, 0.0, 0.0, 0.0, 0.0, 0.0, 0.0, 0.0, 0.0, 0.0, 0.0, 0.0, 0.0, 0.0, 0.0, 0.0, 0.0, 0.0, 0.0, 0.0, 0.0, 0.0, 0.0, 0.0, 0.0, 0.0, 0.0, 0.0, 0.0, 0.0, 0.0, 0.0, 0.0, 0.0, 0.0, 0.0, 0.0, 0.0, 0.0, 0.0, 0.0, 0.0, 0.0, 0.0, 0.0, 0.0, 0.0, 0.0, 0.0, 0.0, 0.0, 0.0, 0.0, 0.0, 0.0, 0.0, 0.0, 0.0, 0.0, 0.0, 0.0, 0.0, 0.0, 0.0, 0.0, 0.0, 0.0, 0.0, 0.0, 0.0, 0.0, 0.0, 0.0, 0.0, 0.0, 0.0, 0.0, 0.0, 0.0, 0.0, 0.0, 0.0, 0.0, 0.0, 0.0, 0.0, 0.0, 0.0, 0.0, 0.0], "tonal.chords_histogram": [15.957447052001953, 7.978723526000977, 0.0, 0.0, 0.0, 0.0, 0.0, 38.82978820800781, 9.042552947998047, 0.0, 0.0, 0.0, 0.0, 0.0, 0.0, 9.574467658996582, 0.0, 0.0, 0.0, 0.0, 0.0, 0.0, 18.617021560668945, 0.0], "tonal.thpcp": [1.0, 0.9286981821060181, 0.6822346448898315, 0.6606743931770325, 0.5628545880317688, 0.37466198205947876, 0.26184791326522827, 0.1929391473531723, 0.13392119109630585, 0.1601499319076538, 0.12638531625270844, 0.06250614672899246, 0.06408025324344635, 0.08836621046066284, 0.13665015995502472, 0.1400199979543686, 0.09693962335586548, 0.07047250121831894, 0.07812265306711197, 0.13102871179580688, 0.14068496227264404, 0.10783544927835464, 0.12056704610586166, 0.1157618835568428, 0.06611782312393188, 0.054941583424806595, 0.06528154015541077, 0.060426149517297745, 0.0534927099943161, 0.07347465306520462, 0.09224949777126312, 0.11557778716087341, 0.14351704716682434, 0.1662684828042984, 0.23644229769706726, 0.5575864315032959], "lowlevel.gfcc.cov": [[6945.59521484375, 476.18707275390625, -763.8289794921875, -21.620952606201172, -391.042724609375, -231.44908142089844, -526.1258544921875, -31.929540634155273, -68.10884094238281, -12.97077751159668, -272.4302673339844, -127.08210754394531, -160.7845001220703], [476.18707275390625, 2875.494873046875, -641.4490356445312, -977.0125122070312, 136.31031799316406, -670.4141845703125, -97.10620880126953, -70.4839859008789, 98.17460632324219, -358.06134033203125, 138.43360900878906, -142.54922485351562, 139.6861572265625], [-763.8289794921875, -641.4490356445312, 1043.8350830078125, 462.2574462890625, -42.65352249145508, 186.3406219482422, -15.844435691833496, -92.32388305664062, -115.27082824707031, 23.965492248535156, -22.98516845703125, 124.80979919433594, -30.91214370727539], [-21.620952606201172, -977.0125122070312, 462.2574462890625, 951.0270385742188, 59.14723205566406, -34.652198791503906, -184.00071716308594, -38.14095687866211, -28.73415184020996, 14.524855613708496, -73.71623229980469, 76.15129852294922, 32.849979400634766], [-391.042724609375, 136.31031799316406, -42.65352249145508, 59.14723205566406, 352.4717712402344, 20.148618698120117, 22.96814727783203, 62.35686492919922, 71.60575866699219, -8.339252471923828, -4.413061618804932, -35.51770782470703, 36.72553253173828], [-231.44908142089844, -670.4141845703125, 186.3406219482422, -34.652198791503906, 20.148618698120117, 577.9404907226562, 293.3032531738281, -41.42747497558594, -82.64970397949219, 152.94863891601562, -25.477680206298828, -34.89223861694336, -122.68268585205078], [-526.1258544921875, -97.10620880126953, -15.844435691833496, -184.00071716308594, 22.96814727783203, 293.3032531738281, 504.27484130859375, 90.84634399414062, -83.4049301147461, 20.971803665161133, 56.21107864379883, -1.9824994802474976, -63.041561126708984], [-31.929540634155273, -70.4839859008789, -92.32388305664062, -38.14095687866211, 62.35686492919922, -41.42747497558594, 90.84634399414062, 237.95574951171875, 84.03533172607422, -19.44057273864746, 5.497612476348877, 17.28556251525879, 32.616294860839844], [-68.10884094238281, 98.17460632324219, -115.27082824707031, -28.73415184020996, 71.60575866699219, -82.64970397949219, -83.4049301147461, 84.03533172607422, 194.6477508544922, 35.31757736206055, 11.948251724243164, -15.358439445495605, 52.70484924316406], [-12.97077751159668, -358.06134033203125, 23.965492248535156, 14.524855613708496, -8.339252471923828, 152.94863891601562, 20.971803665161133, -19.44057273864746, 35.31757736206055, 169.6805419921875, 9.055703163146973, -3.013695478439331, -35.49147033691406], [-272.4302673339844, 138.43360900878906, -22.98516845703125, -73.71623229980469, -4.413061618804932, -25.477680206298828, 56.21107864379883, 5.497612476348877, 11.948251724243164, 9.055703163146973, 141.24148559570312, 51.19460678100586, 29.898895263671875], [-127.08210754394531, -142.54922485351562, 124.80979919433594, 76.15129852294922, -35.51770782470703, -34.89223861694336, -1.9824994802474976, 17.28556251525879, -15.358439445495605, -3.013695478439331, 51.19460678100586, 150.81231689453125, 44.635677337646484], [-160.7845001220703, 139.6861572265625, -30.91214370727539, 32.849979400634766, 36.72553253173828, -122.68268585205078, -63.041561126708984, 32.616294860839844, 52.70484924316406, -35.49147033691406, 29.898895263671875, 44.635677337646484, 119.49723815917969]], "lowlevel.gfcc.icov": [[0.00036993378307670355, -0.0008005009731277823, 0.0005484565626829863, -0.0009208562551066279, 0.0008517607930116355, -0.0010970430448651314, 0.0009254880133084953, -0.0013049534754827619, 0.0007657854584977031, -0.0009443072485737503, 0.0007191905751824379, -0.0007357225404120982, 0.0007615323411300778], [-0.0008005009731277823, 0.004428052809089422, -0.001640201429836452, 0.004801478236913681, -0.0034847166389226913, 0.0055339038372039795, -0.003121983725577593, 0.006018339190632105, -0.002994069829583168, 0.005368879996240139, -0.002640682738274336, 0.0035474186297506094, -0.0022839969024062157], [0.0005484565626829863, -0.001640201429836452, 0.0024812982883304358, -0.0025040090549737215, 0.0016385691706091166, -0.0029549782630056143, 0.0018244244856759906, -0.0021961024031043053, 0.001516173593699932, -0.0013771624071523547, 0.0012235548347234726, -0.0026681211311370134, 0.0016228004824370146], [-0.0009208562551066279, 0.004801478236913681, -0.0025040090549737215, 0.0068516661413013935, -0.004313857294619083, 0.006283383350819349, -0.003024386940523982, 0.006408172659575939, -0.0027656066231429577, 0.005191061180084944, -0.0020818617194890976, 0.0034416751004755497, -0.0029540392570197582], [0.0008517607930116355, -0.0034847166389226913, 0.0016385691706091166, -0.004313857294619083, 0.006548834033310413, -0.005183387082070112, 0.0026205191388726234, -0.005386927630752325, 0.001344245858490467, -0.0033319289796054363, 0.002016728511080146, -0.0016306389588862658, 0.0008698423043824732], [-0.0010970430448651314, 0.0055339038372039795, -0.0029549782630056143, 0.006283383350819349, -0.005183387082070112, 0.01198288332670927, -0.006836444139480591, 0.008699346333742142, -0.0032623226288706064, 0.002767841098830104, -0.0016587397549301386, 0.004816947039216757, -0.0016456849407404661], [0.0009254880133084953, -0.003121983725577593, 0.0018244244856759906, -0.003024386940523982, 0.0026205191388726234, -0.006836444139480591, 0.007764388807117939, -0.007502853404730558, 0.004813457373529673, -0.002524202922359109, -0.00032169255428016186, -0.002381415804848075, 0.0026153346989303827], [-0.0013049534754827619, 0.006018339190632105, -0.0021961024031043053, 0.006408172659575939, -0.005386927630752325, 0.008699346333742142, -0.007502853404730558, 0.015700718387961388, -0.008432713337242603, 0.008206984028220177, -0.001830959809012711, 0.0029044183902442455, -0.0032474196050316095], [0.0007657854584977031, -0.002994069829583168, 0.001516173593699932, -0.0027656066231429577, 0.001344245858490467, -0.0032623226288706064, 0.004813457373529673, -0.008432713337242603, 0.012982150539755821, -0.007844927720725536, 0.0008451431058347225, -0.00014312169514596462, -0.0014524423750117421], [-0.0009443072485737503, 0.005368879996240139, -0.0013771624071523547, 0.005191061180084944, -0.0033319289796054363, 0.002767841098830104, -0.002524202922359109, 0.008206984028220177, -0.007844927720725536, 0.01738806813955307, -0.004999805707484484, 0.003009380307048559, -0.00028458182350732386], [0.0007191905751824379, -0.002640682738274336, 0.0012235548347234726, -0.0020818617194890976, 0.002016728511080146, -0.0016587397549301386, -0.00032169255428016186, -0.001830959809012711, 0.0008451431058347225, -0.004999805707484484, 0.012466011568903923, -0.005846759304404259, 0.00015773462655488402], [-0.0007357225404120982, 0.0035474186297506094, -0.0026681211311370134, 0.0034416751004755497, -0.0016306389588862658, 0.004816947039216757, -0.002381415804848075, 0.0029044183902442455, -0.00014312169514596462, 0.003009380307048559, -0.005846759304404259, 0.014068854041397572, -0.006210875231772661], [0.0007615323411300778, -0.0022839969024062157, 0.0016228004824370146, -0.0029540392570197582, 0.0008698423043824732, -0.0016456849407404661, 0.0026153346989303827, -0.0032474196050316095, -0.0014524423750117421, -0.00028458182350732386, 0.00015773462655488402, -0.006210875231772661, 0.016440562903881073]], "lowlevel.mfcc.cov": [[5941.93115234375, 145.4221649169922, -622.9163208007812, -94.4458999633789, -123.9112319946289, -302.54095458984375, -523.5101318359375, -299.9898986816406, -131.93666076660156, -0.9972450733184814, -84.71505737304688, -96.61604309082031, -157.80136108398438], [145.4221649169922, 3199.58837890625, -816.6088256835938, -472.31854248046875, -195.32778930664062, -569.3878784179688, -192.9864501953125, 9.482854843139648, -99.39891815185547, -165.2342529296875, -42.026641845703125, -49.94080352783203, 49.48345947265625], [-622.9163208007812, -816.6088256835938, 1023.3328857421875, 236.44667053222656, 53.05296325683594, 242.56858825683594, 66.63388061523438, -8.135430335998535, -80.61705780029297, -77.14581298828125, -84.2353515625, 0.28081923723220825, 3.1020848751068115], [-94.4458999633789, -472.31854248046875, 236.44667053222656, 753.4894409179688, 282.2116394042969, -127.88988494873047, -148.02215576171875, -1.6176682710647583, 4.495604515075684, -111.53695678710938, -179.5125274658203, 3.881544351577759, 54.208984375], [-123.9112319946289, -195.32778930664062, 53.05296325683594, 282.2116394042969, 444.47686767578125, -18.771577835083008, -170.64620971679688, -66.59954071044922, 32.76655960083008, 33.66532897949219, -95.54864501953125, -37.2551155090332, 52.55909729003906], [-302.54095458984375, -569.3878784179688, 242.56858825683594, -127.88988494873047, -18.771577835083008, 515.05615234375, 235.7305450439453, -27.41136932373047, -8.204355239868164, 80.26597595214844, 121.55777740478516, -35.15651321411133, -82.3041763305664], [-523.5101318359375, -192.9864501953125, 66.63388061523438, -148.02215576171875, -170.64620971679688, 235.7305450439453, 417.8908386230469, 151.55613708496094, 33.41252517700195, 17.874874114990234, 143.7140350341797, 31.359691619873047, -72.5772476196289], [-299.9898986816406, 9.482854843139648, -8.135430335998535, -1.6176682710647583, -66.59954071044922, -27.41136932373047, 151.55613708496094, 220.43080139160156, 72.37069702148438, -25.2857723236084, 42.32656478881836, 34.097816467285156, 11.552908897399902], [-131.93666076660156, -99.39891815185547, -80.61705780029297, 4.495604515075684, 32.76655960083008, -8.204355239868164, 33.41252517700195, 72.37069702148438, 175.1651153564453, 68.79479217529297, 30.891887664794922, 13.732809066772461, 0.2886332869529724], [-0.9972450733184814, -165.2342529296875, -77.14581298828125, -111.53695678710938, 33.66532897949219, 80.26597595214844, 17.874874114990234, -25.2857723236084, 68.79479217529297, 190.2013702392578, 76.59341430664062, -18.057443618774414, -9.327067375183105], [-84.71505737304688, -42.026641845703125, -84.2353515625, -179.5125274658203, -95.54864501953125, 121.55777740478516, 143.7140350341797, 42.32656478881836, 30.891887664794922, 76.59341430664062, 173.16143798828125, 29.395240783691406, -38.4481315612793], [-96.61604309082031, -49.94080352783203, 0.28081923723220825, 3.881544351577759, -37.2551155090332, -35.15651321411133, 31.359691619873047, 34.097816467285156, 13.732809066772461, -18.057443618774414, 29.395240783691406, 111.32876586914062, 35.0426139831543], [-157.80136108398438, 49.48345947265625, 3.1020848751068115, 54.208984375, 52.55909729003906, -82.3041763305664, -72.5772476196289, 11.552908897399902, 0.2886332869529724, -9.327067375183105, -38.4481315612793, 35.0426139831543, 130.15280151367188]], "lowlevel.mfcc.icov": [[0.00024531889357604086, 8.266582153737545e-05, 0.00017996331735048443, 2.6765246730064973e-05, 0.00017087333253584802, 3.93209520552773e-05, 0.00041898785275407135, 2.092934118991252e-05, 0.00017562723951414227, 3.4717861126409844e-05, 1.2385993613861501e-05, 3.79236153094098e-05, 0.0004337579302955419], [8.266582153737545e-05, 0.0006556611624546349, 0.0003594566078390926, 0.0005353849264793098, -6.190120620885864e-05, 0.0006673104362562299, 4.522358358372003e-05, 7.494730380130932e-05, 0.0002521556452848017, 0.0007966730045154691, -0.0001585448917467147, 0.0006673588650301099, -8.504618745064363e-05], [0.00017996331735048443, 0.0003594566078390926, 0.0017641403246670961, -0.00016025676450226456, 0.0002646168286446482, -0.0008500554831698537, 0.00032838835613802075, -0.0003837069380097091, 0.0008238319423981011, 0.0003751036711037159, 0.0011818741913884878, -0.00022495283337775618, 0.00011375921167200431], [2.6765246730064973e-05, 0.0005353849264793098, -0.00016025676450226456, 0.0029078612569719553, -0.0015103804180398583, 0.000902108266018331, -0.00012128262460464612, -0.00020125154696870595, -0.00022093477309681475, 0.0015986288199201226, 0.0011526031885296106, -4.97316759719979e-05, 0.00022114359308034182], [0.00017087333253584802, -6.190120620885864e-05, 0.0002646168286446482, -0.0015103804180398583, 0.004230108577758074, -0.0010810535168275237, 0.0015362243866547942, 0.0001416078448528424, -0.0006077648722566664, -0.001351186423562467, 0.0008595785475336015, 0.0006207100814208388, -0.0007029721746221185], [3.93209520552773e-05, 0.0006673104362562299, -0.0008500554831698537, 0.000902108266018331, -0.0010810535168275237, 0.005478985607624054, -0.0029666561167687178, 0.0025468620005995035, 2.0897301510558464e-05, 0.0005053137429058552, -0.0025218825321644545, 0.0024443769361823797, 9.245964611181989e-05], [0.00041898785275407135, 4.522358358372003e-05, 0.00032838835613802075, -0.00012128262460464612, 0.0015362243866547942, -0.0029666561167687178, 0.007872072979807854, -0.004644028842449188, 0.000844874419271946, 4.4197073293616995e-05, -0.0015396068338304758, -0.0013897212920710444, 0.0027596985455602407], [2.092934118991252e-05, 7.494730380130932e-05, -0.0003837069380097091, -0.00020125154696870595, 0.0001416078448528424, 0.0025468620005995035, -0.004644028842449188, 0.010077287442982197, -0.004147262778133154, 0.0027838691603392363, -0.002003219211474061, 0.0014479166129603982, -0.0026138562243431807], [0.00017562723951414227, 0.0002521556452848017, 0.0008238319423981011, -0.00022093477309681475, -0.0006077648722566664, 2.0897301510558464e-05, 0.000844874419271946, -0.004147262778133154, 0.009557989425957203, -0.0040221624076366425, 0.0009840700076892972, -0.0015120978932827711, 0.0016757429111748934], [3.4717861126409844e-05, 0.0007966730045154691, 0.0003751036711037159, 0.0015986288199201226, -0.001351186423562467, 0.0005053137429058552, 4.4197073293616995e-05, 0.0027838691603392363, -0.0040221624076366425, 0.011104808188974857, -0.004943328909575939, 0.003358914516866207, -0.0018527873326092958], [1.2385993613861501e-05, -0.0001585448917467147, 0.0011818741913884878, 0.0011526031885296106, 0.0008595785475336015, -0.0025218825321644545, -0.0015396068338304758, -0.002003219211474061, 0.0009840700076892972, -0.004943328909575939, 0.014950170181691647, -0.005191842094063759, 0.0024022962898015976], [3.79236153094098e-05, 0.0006673588650301099, -0.00022495283337775618, -4.97316759719979e-05, 0.0006207100814208388, 0.0024443769361823797, -0.0013897212920710444, 0.0014479166129603982, -0.0015120978932827711, 0.003358914516866207, -0.005191842094063759, 0.013861387968063354, -0.004811783321201801], [0.0004337579302955419, -8.504618745064363e-05, 0.00011375921167200431, 0.00022114359308034182, -0.0007029721746221185, 9.245964611181989e-05, 0.0027596985455602407, -0.0026138562243431807, 0.0016757429111748934, -0.0018527873326092958, 0.0024022962898015976, -0.004811783321201801, 0.012128652073442936]], "metadata.audio_properties.analysis.downmix": "mix", "metadata.audio_properties.codec": "mp3", "metadata.audio_properties.md5_encoded": "87e9d79c877f8e888a38c972d65155cc", "metadata.tags.file_name": "1183694296193454090.mp3", "metadata.version.essentia": "2.1-beta6-dev", "metadata.version.essentia_git_sha": "v2.1_beta5-1110-g77a6a954", "metadata.version.extractor": "music 2.0", "tonal.chords_key": "Ab", "tonal.chords_scale": "major", "tonal.key_edma.key": "Ab", "tonal.key_edma.scale": "minor", "tonal.key_krumhansl.key": "Ab", "tonal.key_krumhansl.scale": "minor", "tonal.key_temperley.key": "Ab", "tonal.key_temperley.scale": "minor", "metadata.tags.encoding": ["Lavf58.45.100"]}, "essentia_models": [{"model_name": "genre_dortmund", "activations": {"alternative": "0.00026488866", "blues": "3.1166095e-05", "electronic": "8.140231e-05", "folkcountry": "5.0914903e-05", "funksoulrnb": "0.00053336815", "jazz": "2.806427e-05", "pop": "0.00017439254", "raphiphop": "0.99980474", "rock": "0.000918303"}}, {"model_name": "genre_rosamerica", "activations": {"classic": "5.918528e-05", "dance": "3.654895e-07", "hip hop": "0.97433674", "jazz": "3.2153207e-06", "pop": "0.0002519691", "rhythm and blues": "0.0013015784", "rock": "6.59155e-05", "speech": "0.016918557"}}, {"model_name": "genre_tzanetakis", "activations": {"blues": "6.612521e-05", "classic": "2.8806648e-05", "country": "0.000101290585", "disco": "4.4159842e-05", "hip hop": "0.87223077", "jazz": "2.7505064e-06", "metal": "4.9886145e-05", "pop": "0.00014134841", "reggae": "0.061045103", "rock": "0.00089737825"}}, {"model_name": "genre_electronic", "activations": {"ambient": "0.18613625", "dnb": "0.5499297", "house": "0.4797608", "techno": "0.4789412", "trance": "0.0052355956"}}, {"model_name": "mood_acoustic", "activations": {"acoustic": "0.0026243322"