{"song_id": "1183698212733845504", "download": "https://cdn.discordapp.com/attachments/1135911532732108921/1183698212733845504/chirp.mp4?ex=658947dd&amp", "lyrics": "[Verse]\nDawid's stacking shelves with tools, a handyman he'll be\nRudolf fixing gutters, always busy as a bee\nThe courier's in a rush, doesn't speak Polish, it seems\nIn this country town, where dreams chase their schemes\n\n[Chorus]\nDawid and Rudolf, with their tasks to do\nTrying to make a living, the best way they knew\nIn a land of struggle, where time's never at hand\nThey work hard and hustle, just to make a stand", "style": ["country"], "essentia_features": {"lowlevel.average_loudness": 0.9367419481277466, "lowlevel.barkbands_crest.mean": 15.36622428894043, "lowlevel.barkbands_crest.stdev": 5.400323867797852, "lowlevel.barkbands_flatness_db.mean": 0.25177207589149475, "lowlevel.barkbands_flatness_db.stdev": 0.06581606715917587, "lowlevel.barkbands_kurtosis.mean": 17.173442840576172, "lowlevel.barkbands_kurtosis.stdev": 36.84495544433594, "lowlevel.barkbands_skewness.mean": 2.973193645477295, "lowlevel.barkbands_skewness.stdev": 2.198124408721924, "lowlevel.barkbands_spread.mean": 15.047796249389648, "lowlevel.barkbands_spread.stdev": 13.9358549118042, "lowlevel.dissonance.mean": 0.45789530873298645, "lowlevel.dissonance.stdev": 0.026348024606704712, "lowlevel.dynamic_complexity": 2.9136765003204346, "lowlevel.erbbands_crest.mean": 9.872533798217773, "lowlevel.erbbands_crest.stdev": 3.6480140686035156, "lowlevel.erbbands_flatness_db.mean": 0.20633628964424133, "lowlevel.erbbands_flatness_db.stdev": 0.043488070368766785, "lowlevel.erbbands_kurtosis.mean": -0.1280565857887268, "lowlevel.erbbands_kurtosis.stdev": 1.9141453504562378, "lowlevel.erbbands_skewness.mean": 0.1661861091852188, "lowlevel.erbbands_skewness.stdev": 1.0135540962219238, "lowlevel.erbbands_spread.mean": 48.593650817871094, "lowlevel.erbbands_spread.stdev": 22.63755226135254, "lowlevel.hfc.mean": 13.617940902709961, "lowlevel.hfc.stdev": 14.627245903015137, "lowlevel.loudness_ebu128.integrated": -18.072359085083008, "lowlevel.loudness_ebu128.loudness_range": 2.3607349395751953, "lowlevel.loudness_ebu128.momentary.mean": -18.80316734313965, "lowlevel.loudness_ebu128.momentary.stdev": 2.646690607070923, "lowlevel.loudness_ebu128.short_term.mean": -18.11858367919922, "lowlevel.loudness_ebu128.short_term.stdev": 0.8640091419219971, "lowlevel.melbands_crest.mean": 17.046161651611328, "lowlevel.melbands_crest.stdev": 5.218750953674316, "lowlevel.melbands_flatness_db.mean": 0.3197547197341919, "lowlevel.melbands_flatness_db.stdev": 0.08227510005235672, "lowlevel.melbands_kurtosis.mean": 40.97007369995117, "lowlevel.melbands_kurtosis.stdev": 52.9758415222168, "lowlevel.melbands_skewness.mean": 4.553882122039795, "lowlevel.melbands_skewness.stdev": 2.4775543212890625, "lowlevel.melbands_spread.mean": 13.547998428344727, "lowlevel.melbands_spread.stdev": 15.336825370788574, "lowlevel.pitch_salience.mean": 0.45409342646598816, "lowlevel.pitch_salience.stdev": 0.1314198076725006, "lowlevel.silence_rate_20dB.mean": 1.0, "lowlevel.silence_rate_20dB.stdev": 0.0, "lowlevel.silence_rate_30dB.mean": 0.9139072895050049, "lowlevel.silence_rate_30dB.stdev": 0.2804984450340271, "lowlevel.silence_rate_60dB.mean": 0.011773362755775452, "lowlevel.silence_rate_60dB.stdev": 0.10786327719688416, "lowlevel.spectral_centroid.mean": 975.7840576171875, "lowlevel.spectral_centroid.stdev": 612.9262084960938, "lowlevel.spectral_complexity.mean": 11.401030540466309, "lowlevel.spectral_complexity.stdev": 6.914931297302246, "lowlevel.spectral_decrease.mean": -9.524590893761342e-09, "lowlevel.spectral_decrease.stdev": 1.0095893010486634e-08, "lowlevel.spectral_energy.mean": 0.03718317300081253, "lowlevel.spectral_energy.stdev": 0.038767583668231964, "lowlevel.spectral_energyband_high.mean": 0.00015882276056800038, "lowlevel.spectral_energyband_high.stdev": 0.00048093413352034986, "lowlevel.spectral_energyband_low.mean": 0.022216947749257088, "lowlevel.spectral_energyband_low.stdev": 0.03547188639640808, "lowlevel.spectral_energyband_middle_high.mean": 0.003616459434852004, "lowlevel.spectral_energyband_middle_high.stdev": 0.005730229429900646, "lowlevel.spectral_energyband_middle_low.mean": 0.011643530800938606, "lowlevel.spectral_energyband_middle_low.stdev": 0.009961838833987713, "lowlevel.spectral_entropy.mean": 6.9046950340271, "lowlevel.spectral_entropy.stdev": 0.4973504841327667, "lowlevel.spectral_flux.mean": 0.07107237726449966, "lowlevel.spectral_flux.stdev": 0.04894176498055458, "lowlevel.spectral_kurtosis.mean": 6.805985927581787, "lowlevel.spectral_kurtosis.stdev": 4.5411057472229, "lowlevel.spectral_rms.mean": 0.005382129922509193, "lowlevel.spectral_rms.stdev": 0.0027035092934966087, "lowlevel.spectral_rolloff.mean": 804.1900024414062, "lowlevel.spectral_rolloff.stdev": 1166.0208740234375, "lowlevel.spectral_skewness.mean": 1.6431982517242432, "lowlevel.spectral_skewness.stdev": 0.5880730152130127, "lowlevel.spectral_spread.mean": 3277506.5, "lowlevel.spectral_spread.stdev": 1393844.875, "lowlevel.spectral_strongpeak.mean": 0.6618890762329102, "lowlevel.spectral_strongpeak.stdev": 0.6625874638557434, "lowlevel.zerocrossingrate.mean": 0.0334416963160038, "lowlevel.zerocrossingrate.stdev": 0.026758886873722076, "metadata.audio_properties.analysis.equal_loudness": 0.0, "metadata.audio_properties.analysis.length": 31.530656814575195, "metadata.audio_properties.analysis.sample_rate": 44100.0, "metadata.audio_properties.analysis.start_time": 0.0, "metadata.audio_properties.bit_rate": 111598.0, "metadata.audio_properties.length": 31.53066635131836, "metadata.audio_properties.lossless": 0.0, "metadata.audio_properties.number_channels": 1.0, "metadata.audio_properties.replay_gain": -8.848247528076172, "metadata.audio_properties.sample_rate": 48000.0, "rhythm.beats_count": 63.0, "rhythm.beats_loudness.mean": 0.055906493216753006, "rhythm.beats_loudness.stdev": 0.04548734799027443, "rhythm.bpm": 123.47822570800781, "rhythm.bpm_histogram_first_peak_bpm": 123.0, "rhythm.bpm_histogram_first_peak_weight": 0.30000001192092896, "rhythm.bpm_histogram_second_peak_bpm": 117.0, "rhythm.bpm_histogram_second_peak_spread": 0.2857142686843872, "rhythm.bpm_histogram_second_peak_weight": 0.08064515888690948, "rhythm.danceability": 1.217626690864563, "rhythm.onset_rate": 4.56500768661499, "tonal.chords_changes_rate": 0.04117647185921669, "tonal.chords_number_rate": 0.0029411765281111, "tonal.chords_strength.mean": 0.5108129382133484, "tonal.chords_strength.stdev": 0.053458891808986664, "tonal.hpcp_crest.mean": 15.858100891113281, "tonal.hpcp_crest.stdev": 7.44245719909668, "tonal.hpcp_entropy.mean": 1.7212438583374023, "tonal.hpcp_entropy.stdev": 0.7403372526168823, "tonal.key_edma.strength": 0.739335298538208, "tonal.key_krumhansl.strength": 0.746618390083313, "tonal.key_temperley.strength": 0.7480128407478333, "tonal.tuning_diatonic_strength": 0.6311686038970947, "tonal.tuning_equal_tempered_deviation": 0.059133805334568024, "tonal.tuning_frequency": 439.2381896972656, "tonal.tuning_nontempered_energy_ratio": 0.6471513509750366, "lowlevel.barkbands.mean": [7.897209434304386e-05, 0.020466266199946404, 0.0013277677353471518, 0.001276718801818788, 0.006221424788236618, 0.0012338266242295504, 0.0011136551620438695, 0.0011824951507151127, 0.00033906972385011613, 0.0003429778153076768, 0.00017639604629948735, 0.00024013656366150826, 0.00019361794693395495, 0.00020877803035546094, 0.00067711848532781, 0.0005308265099301934, 0.0008259177557192743, 0.00024234691227320582, 0.0003135036677122116, 4.360551974968985e-05, 2.3572145437356085e-05, 2.82643195532728e-05, 5.1885635912185535e-05, 3.320962059660815e-05, 9.342835255665705e-06, 1.5169555354077602e-06, 3.821618133059701e-09], "lowlevel.barkbands.stdev": [0.0001597886875970289, 0.0351429209113121, 0.002488109515979886, 0.0018105300841853023, 0.004993460141122341, 0.00398933095857501, 0.003381043206900358, 0.003350562648847699, 0.0017013531178236008, 0.0016033444553613663, 0.0008823398966342211, 0.001137919956818223, 0.0007512576412409544, 0.0007089319406077266, 0.001917756162583828, 0.0015967967920005322, 0.0015898891724646091, 0.000586668262258172, 0.0006136511801742017, 8.618181891506538e-05, 6.667269190074876e-05, 8.909642201615497e-05, 0.0002180832962039858, 0.00010720831778598949, 2.6263454856234603e-05, 4.4284420255280565e-06, 4.2267124911177234e-08], "lowlevel.erbbands.mean": [0.5296532511711121, 4.777558326721191, 3.0128910541534424, 2.8661651611328125, 17.873010635375977, 15.451347351074219, 14.250456809997559, 10.400298118591309, 12.251875877380371, 31.03595733642578, 14.544881820678711, 7.683602333068848, 14.567862510681152, 3.9771151542663574, 8.900657653808594, 10.58950424194336, 9.428620338439941, 10.520696640014648, 26.248191833496094, 30.938264846801758, 37.311283111572266, 40.35481262207031, 15.167241096496582, 18.37872886657715, 9.595564842224121, 2.2013490200042725, 0.8867793083190918, 1.1515623331069946, 1.0950983762741089, 0.8642500042915344, 1.586199402809143, 0.9783493876457214, 0.43044552206993103, 0.1497456580400467, 0.04419510066509247, 0.013775434345006943, 0.0013142736861482263, 7.387810182990506e-05, 2.0876825146842748e-05, 4.219547918182798e-05], "lowlevel.erbbands.stdev": [0.9572098255157471, 8.081151008605957, 3.990947723388672, 3.731563091278076, 17.76202392578125, 13.203895568847656, 24.315261840820312, 32.61634826660156, 36.563899993896484, 87.31307220458984, 41.78322219848633, 33.60712814331055, 70.2252197265625, 16.94508171081543, 38.992774963378906, 42.155487060546875, 33.48215103149414, 35.57574462890625, 78.75833892822266, 85.19152069091797, 84.02442169189453, 84.84733581542969, 35.19742965698242, 35.80202865600586, 19.516096115112305, 3.919602155685425, 2.5989537239074707, 3.2225191593170166, 3.4690098762512207, 3.2481753826141357, 6.946343421936035, 3.488365650177002, 1.3854717016220093, 0.4488212466239929, 0.11287018656730652, 0.03889737278223038, 0.004871985409408808, 0.0004123155085835606, 1.975265877263155e-05, 4.246769458404742e-05], "lowlevel.gfcc.mean": [-70.83588409423828, 141.6456756591797, -113.92797088623047, 60.79847717285156, -32.160953521728516, 1.550930142402649, -48.25772476196289, 8.548199653625488, -14.113961219787598, -17.010944366455078, -3.1638002395629883, -9.320640563964844, 1.2801318168640137], "lowlevel.melbands.mean": [0.005591380409896374, 0.0031390266958624125, 0.0009575553121976554, 0.001237409422174096, 0.0005886043654754758, 0.0002334421151317656, 0.00019380122830625623, 0.0003408331540413201, 0.00010000255861086771, 4.704333332483657e-05, 7.091440056683496e-05, 1.3269486771605443e-05, 2.686858169909101e-05, 2.8951242711627856e-05, 2.493278225301765e-05, 1.6958509149844758e-05, 1.9695711671374738e-05, 3.5178814869141206e-05, 5.1950144552392885e-05, 3.661801747512072e-05, 4.828281089430675e-05, 5.0280854338780046e-05, 1.740918196446728e-05, 1.15119601105107e-05, 1.569275264046155e-05, 1.020885792968329e-05, 2.9439404443110107e-06, 9.878466471491265e-07, 4.914649025522522e-07, 5.180190782994032e-07, 7.498577474507329e-07, 7.539378543697239e-07, 3.278198335010529e-07, 5.454501774693199e-07, 9.486972203376354e-07, 8.251420240412699e-07, 5.25786560956476e-07, 3.4339544185968407e-07, 1.597615835180477e-07, 1.1466886462585535e-07], "lowlevel.melbands.stdev": [0.009877067059278488, 0.004578866064548492, 0.0009070616797544062, 0.0010408408707007766, 0.0007942101801745594, 0.0007305921171791852, 0.0005789098795503378, 0.0009485790506005287, 0.00033872993662953377, 0.00022032421838957816, 0.00034517308813519776, 6.852178921690211e-05, 0.0001384117640554905, 0.00014261185424402356, 9.276234777644277e-05, 6.326325819827616e-05, 7.415894651785493e-05, 0.00010912829748122022, 0.0001473547308705747, 0.00012155224976595491, 0.00010164339619223028, 0.0001050160572049208, 5.0579543312778696e-05, 2.5773864763323218e-05, 3.1789975764695555e-05, 2.4213577489717864e-05, 5.666651304636616e-06, 2.223220690211747e-06, 1.4997053767729085e-06, 1.5601561926814611e-06, 2.1995310817146674e-06, 2.407525244052522e-06, 1.1537382533788332e-06, 2.1795481188746635e-06, 4.294728114473401e-06, 3.516201104503125e-06, 1.8025683630185085e-06, 1.1128055348308408e-06, 5.229676389717497e-07, 3.42548275966692e-07], "lowlevel.melbands128.mean": [6.791190389776602e-05, 0.002893080934882164, 0.009967629797756672, 0.007093613501638174, 0.0022177842911332846, 0.0005574424867518246, 0.00036825149436481297, 0.0008021672256290913, 0.0023943386040627956, 0.0010947377886623144, 0.000665261410176754, 0.0010136367054656148, 0.00041712800157256424, 0.00031875757849775255, 0.00023809797130525112, 0.00018525224004406482, 0.00019411883840803057, 0.00016447692178189754, 0.00021891856158617884, 0.00043258100049570203, 0.0003937667061109096, 0.00010103311797138304, 7.742516027064994e-05, 6.584524817299098e-05, 4.4024087401339784e-05, 2.6217052436550148e-05, 7.807044312357903e-05, 0.00011260013707214966, 2.6459716536919586e-05, 9.833722288021818e-06, 7.609891781612532e-06, 1.9440452888375148e-05, 2.8582011509570293e-05, 3.445586116868071e-05, 2.5198467483278364e-05, 3.0080804208409972e-05, 3.0894705560058355e-05, 1.9764060198212974e-05, 2.879124804167077e-05, 1.917217559821438e-05, 1.4569835002475884e-05, 1.1881686987180728e-05, 1.9510122001520358e-05, 2.590012809378095e-05, 1.6118605344672687e-05, 2.5857299988274463e-05, 7.190542964963242e-05, 6.383734580595046e-05, 3.6560661101248115e-05, 3.7868892832193524e-05, 3.706259303726256e-05, 3.580243719625287e-05, 3.418806227273308e-05, 5.1509377954062074e-05, 8.457866351818666e-05, 4.601235195877962e-05, 3.09098104480654e-05, 2.0931323888362385e-05, 1.1589264431677293e-05, 1.1643852303677704e-05, 1.091503509087488e-05, 1.0300006579200272e-05, 1.8832759451470338e-05, 1.5484076357097365e-05, 1.3915470844949596e-05, 1.3080575627100188e-05, 5.725925802835263e-06, 3.4856118418247206e-06, 2.487563051545294e-06, 1.9670685560413403e-06, 8.947740752773825e-07, 6.013559641360189e-07, 4.191525420083053e-07, 4.5506260448746616e-07, 6.116243866927107e-07, 4.5168420115260233e-07, 5.041088115831371e-07, 6.223224886525713e-07, 7.233074938994832e-07, 8.880173822944926e-07, 1.1250788247707533e-06, 5.336266326594341e-07, 3.163050337207096e-07, 3.2992767273754e-07, 2.894428519084613e-07, 4.007525546967372e-07, 6.228043503142544e-07, 8.494359349242586e-07, 1.0214506573902327e-06, 1.005577132673352e-06, 9.12021846488642e-07, 8.249007237282058e-07, 5.355831262932043e-07, 5.722067726310343e-07, 4.528938859493792e-07, 4.459091371700197e-07, 3.0609882628596097e-07, 2.399292213794979e-07, 1.4431722661356616e-07, 1.3147960942205827e-07, 1.289008793037283e-07, 1.263929050310253e-07, 7.809321544982595e-08, 5.235581568285852e-08, 3.6257571167652713e-08, 4.0854747140883774e-08, 4.4175489932740675e-08, 3.1197572525343276e-08, 2.439838375778436e-08, 1.3854369207422224e-08, 6.849258049612672e-09, 3.982878915564925e-09, 2.1782831094441235e-09, 1.4977050710740514e-09, 9.016932200900385e-10, 4.0319023120183317e-10, 1.2756702638672124e-10, 1.2759650974691894e-11, 2.9202204890332872e-12, 2.518406707133214e-12, 2.4174544744487436e-12, 2.3834274397865896e-12, 2.3207306302369668e-12, 2.2789276975937467e-12, 2.190990010947358e-12, 2.052242490530043e-12, 1.9779989278434496e-12, 1.9588894308725235e-12], "lowlevel.melbands128.stdev": [0.00014508092135656625, 0.005302739329636097, 0.01814485900104046, 0.01157156378030777, 0.003037678310647607, 0.0010085247922688723, 0.0008290826226584613, 0.0010383124463260174, 0.0024695913307368755, 0.0010894075967371464, 0.0007661741692572832, 0.0011698681628331542, 0.0008435912313871086, 0.0015635824529454112, 0.0010180124081671238, 0.0005642875330522656, 0.0007023877114988863, 0.0008027047151699662, 0.0008819600916467607, 0.0013977825874462724, 0.0012645680690184236, 0.00033359453664161265, 0.0004786639183294028, 0.0004370216920506209, 0.00026020017685368657, 0.00027737076743505895, 0.0005276402807794511, 0.0005708131939172745, 0.00019789212092291564, 8.083858847385272e-05, 3.544827995938249e-05, 0.00014973014185670763, 0.00022665233700536191, 0.00013380430755205452, 0.000228522636462003, 0.00018515801639296114, 0.00014573584485333413, 0.00010409860260551795, 0.00015927328786347061, 8.010079909581691e-05, 8.298466127598658e-05, 6.548244709847495e-05, 9.723043331177905e-05, 0.00011746893142117187, 6.576673331437632e-05, 0.00011137982073705643, 0.0002924164873547852, 0.00023275002604350448, 0.00015163641364779323, 0.00015165837248787284, 0.00015549045929219574, 0.00013088173000141978, 0.00011449901649029925, 0.00010591473255772144, 0.000174193293787539, 0.0001400628825649619, 0.0001006281963782385, 7.759751315461472e-05, 4.354755219537765e-05, 3.1502280762651935e-05, 2.728012805164326e-05, 3.279553129686974e-05, 4.281812289264053e-05, 3.780237602768466e-05, 3.5481622035149485e-05, 4.015277954749763e-05, 1.3577992831415031e-05, 9.919123840518296e-06, 5.699536814063322e-06, 4.0539011934015434e-06, 2.7124001462652814e-06, 1.9027394273507525e-06, 1.2742858643832733e-06, 1.4651637911811122e-06, 2.5470276341366116e-06, 1.5078014712344157e-06, 1.5599146081513027e-06, 1.8415564682072727e-06, 2.3734316982881865e-06, 3.065352530029486e-06, 3.835490133496933e-06, 2.095992613249109e-06, 1.1822729675259325e-06, 1.3210187717049848e-06, 1.0774202792163123e-06, 1.8196913060819497e-06, 2.6330935725127347e-06, 3.6689093576569576e-06, 4.9808677431428805e-06, 5.067795882496284e-06, 4.1085695556830615e-06, 3.868401563522639e-06, 1.924058324220823e-06, 2.3061891170073068e-06, 1.4971120663176407e-06, 1.4984639165049884e-06, 1.0788863846755703e-06, 9.153047813015291e-07, 5.217731882112275e-07, 4.184141459973034e-07, 4.2227856056342716e-07, 4.193332472368638e-07, 2.2242124941840302e-07, 1.2904675372737984e-07, 1.0140962558580213e-07, 1.2167978979960026e-07, 1.4099127554345614e-07, 9.285456314955809e-08, 8.003472373729892e-08, 4.8674390740188755e-08, 2.5821979221518632e-08, 1.9314052579488816e-08, 1.522627179895153e-08, 1.2850640551675951e-08, 7.290248404956401e-09, 4.283780441483032e-09, 1.579550268360208e-09, 1.9991983069012065e-10, 1.3439281805471825e-11, 4.4391417625133656e-12, 4.115778464569564e-12, 4.028249955823071e-12, 3.94169072381878e-12, 3.879947578500076e-12, 3.8215580873413035e-12, 3.77497035367047e-12, 3.742336301959526e-12, 3.721957637925488e-12], "lowlevel.mfcc.mean": [-713.5259399414062, 155.91981506347656, -1.9900267124176025, 52.01824188232422, 38.33165740966797, -1.3738898038864136, -3.102320909500122, 11.48867416381836, -4.923879623413086, 1.2942274808883667, -5.818097114562988, -2.5133252143859863, -0.29026928544044495], "lowlevel.spectral_contrast_coeffs.mean": [-0.6495329141616821, -0.7087671160697937, -0.75968998670578, -0.7692264914512634, -0.7085219025611877, -0.7662391066551208], "lowlevel.spectral_contrast_coeffs.stdev": [0.07183239609003067, 0.07859437167644501, 0.06610129028558731, 0.06854657828807831, 0.08534707129001617, 0.05006358399987221], "lowlevel.spectral_contrast_valleys.mean": [-6.672472953796387, -7.793058395385742, -8.565713882446289, -8.383493423461914, -8.584495544433594, -11.680486679077148], "lowlevel.spectral_contrast_valleys.stdev": [0.6673584580421448, 0.8583324551582336, 0.784784197807312, 0.8405674695968628, 0.7087957262992859, 1.2976020574569702], "rhythm.beats_loudness_band_ratio.mean": [0.6916225552558899, 0.1932910680770874, 0.07968854159116745, 0.024792784824967384, 0.06510305404663086, 0.012226534076035023], "rhythm.beats_loudness_band_ratio.stdev": [0.2589225471019745, 0.1750720739364624, 0.12089832872152328, 0.052988022565841675, 0.12081653624773026, 0.020752646028995514], "tonal.hpcp.mean": [0.0672488585114479, 0.042374297976493835, 0.025091271847486496, 0.024340813979506493, 0.02182602509856224, 0.03614411875605583, 0.054145216941833496, 0.07508613169193268, 0.3447100818157196, 0.5756897926330566, 0.3170299530029297, 0.0581999234855175, 0.030723439529538155, 0.026910921558737755, 0.03580571338534355, 0.05692840367555618, 0.06206560879945755, 0.046332139521837234, 0.03690686449408531, 0.03631952032446861, 0.05016409233212471, 0.06500803679227829, 0.06505776941776276, 0.09701862186193466, 0.10227564722299576, 0.04804210737347603, 0.02394069731235504, 0.024243583902716637, 0.02965204231441021, 0.2305019646883011, 0.43713513016700745, 0.23909032344818115, 0.024152394384145737, 0.01909920945763588, 0.029273005202412605, 0.055874161422252655], "tonal.hpcp.stdev": [0.18855975568294525, 0.11945228278636932, 0.08024869859218597, 0.0917450338602066, 0.09137611091136932, 0.1252620816230774, 0.17610624432563782, 0.18891100585460663, 0.2998198866844177, 0.3804613947868347, 0.2712290287017822, 0.16316170990467072, 0.1241028904914856, 0.10903896391391754, 0.12609687447547913, 0.13824054598808289, 0.13642899692058563, 0.15174920856952667, 0.11911705136299133, 0.12912830710411072, 0.15695351362228394, 0.18673604726791382, 0.18017639219760895, 0.2285260409116745, 0.2423536628484726, 0.13978348672389984, 0.10086367279291153, 0.1080380231142044, 0.10671777278184891, 0.23869214951992035, 0.3932212293148041, 0.23678156733512878, 0.09057967364788055, 0.08824624121189117, 0.10842390358448029, 0.1662653088569641], "rhythm.beats_position": [0.5224489569664001, 1.0448979139328003, 1.5557368993759155, 2.0665760040283203, 2.589024782180786, 3.0998640060424805, 3.633922815322876, 4.179591655731201, 4.690430641174316, 5.201269626617432, 5.6888885498046875, 6.176507949829102, 6.664126873016357, 7.151745796203613, 7.627755165100098, 8.115373611450195, 8.59138298034668, 9.055782318115234, 9.543400764465332, 10.042630195617676, 10.53024959564209, 11.006258010864258, 11.493877410888672, 11.981496810913086, 12.469115257263184, 12.956734657287598, 13.421133995056152, 13.90875244140625, 14.407981872558594, 14.895600318908691, 15.371609687805176, 15.85922908782959, 16.346847534179688, 16.8344669342041, 17.298866271972656, 17.78648567199707, 18.27410316467285, 18.761722564697266, 19.23773193359375, 19.713741302490234, 20.20136070251465, 20.688980102539062, 21.176597595214844, 21.664216995239258, 22.151836395263672, 22.627845764160156, 23.10385513305664, 23.591472625732422, 24.079092025756836, 24.56671142578125, 25.042720794677734, 25.53034019470215, 26.017959594726562, 26.505577087402344, 26.993196487426758, 27.469205856323242, 27.945215225219727, 28.43283462524414, 28.93206214904785, 29.419681549072266, 29.90730094909668, 30.394920349121094, 30.894149780273438], "rhythm.bpm_histogram": [0.0, 0.0, 0.0, 0.0, 0.0, 0.0, 0.0, 0.0, 0.0, 0.0, 0.0, 0.0, 0.0, 0.0, 0.0, 0.0, 0.0, 0.0, 0.0, 0.0, 0.0, 0.0, 0.0, 0.0, 0.0, 0.0, 0.0, 0.0, 0.0, 0.0, 0.0, 0.0, 0.0, 0.0, 0.0, 0.0, 0.0, 0.0, 0.0, 0.0, 0.0, 0.0, 0.0, 0.0, 0.0, 0.0, 0.0, 0.0, 0.0, 0.0, 0.0, 0.0, 0.0, 0.0, 0.0, 0.0, 0.0, 0.0, 0.0, 0.0, 0.0, 0.0, 0.0, 0.0, 0.0, 0.0, 0.0, 0.0, 0.0, 0.0, 0.0, 0.0, 0.0, 0.0, 0.0, 0.0, 0.0, 0.0, 0.0, 0.0, 0.0, 0.0, 0.0, 0.0, 0.0, 0.0, 0.0, 0.0, 0.0, 0.0, 0.0, 0.0, 0.0, 0.0, 0.0, 0.0, 0.0, 0.0, 0.0, 0.0, 0.0, 0.0, 0.0, 0.0, 0.0, 0.0, 0.0, 0.0, 0.0, 0.0, 0.016129031777381897, 0.0, 0.016129031777381897, 0.0, 0.0, 0.032258063554763794, 0.0, 0.08064515888690948, 0.0, 0.0, 0.06451612710952759, 0.0, 0.0, 0.5645161271095276, 0.0, 0.0, 0.17741934955120087, 0.0, 0.0, 0.04838709533214569, 0.0, 0.0, 0.0, 0.0, 0.0, 0.0, 0.0, 0.0, 0.0, 0.0, 0.0, 0.0, 0.0, 0.0, 0.0, 0.0, 0.0, 0.0, 0.0, 0.0, 0.0, 0.0, 0.0, 0.0, 0.0, 0.0, 0.0, 0.0, 0.0, 0.0, 0.0, 0.0, 0.0, 0.0, 0.0, 0.0, 0.0, 0.0, 0.0, 0.0, 0.0, 0.0, 0.0, 0.0, 0.0, 0.0, 0.0, 0.0, 0.0, 0.0, 0.0, 0.0, 0.0, 0.0, 0.0, 0.0, 0.0, 0.0, 0.0, 0.0, 0.0, 0.0, 0.0, 0.0, 0.0, 0.0, 0.0, 0.0, 0.0, 0.0, 0.0, 0.0, 0.0, 0.0, 0.0, 0.0, 0.0, 0.0, 0.0, 0.0, 0.0, 0.0, 0.0, 0.0, 0.0, 0.0, 0.0, 0.0, 0.0, 0.0, 0.0, 0.0, 0.0, 0.0, 0.0, 0.0, 0.0, 0.0, 0.0, 0.0, 0.0, 0.0, 0.0, 0.0, 0.0, 0.0, 0.0, 0.0, 0.0, 0.0, 0.0, 0.0, 0.0, 0.0, 0.0, 0.0, 0.0, 0.0, 0.0, 0.0], "tonal.chords_histogram": [36.32352828979492, 0.0, 0.0, 0.0, 0.0, 0.0, 0.0, 0.0, 0.0, 0.0, 0.0, 0.0, 0.0, 0.0, 0.0, 0.0, 0.0, 63.67647171020508, 0.0, 0.0, 0.0, 0.0, 0.0, 0.0], "tonal.thpcp": [1.0, 0.5506957769393921, 0.10109598189592361, 0.05336804687976837, 0.04674552381038666, 0.062196191400289536, 0.09888728708028793, 0.1078108549118042, 0.08048108220100403, 0.0641089454293251, 0.06308870017528534, 0.0871373638510704, 0.11292199045419693, 0.11300837993621826, 0.16852587461471558, 0.17765755951404572, 0.08345138281583786, 0.04158610850572586, 0.042112234979867935, 0.05150698125362396, 0.40039265155792236, 0.7593240737915039, 0.4153110384941101, 0.041953835636377335, 0.03317621722817421, 0.050848573446273804, 0.09705602377653122, 0.11681440472602844, 0.07360613346099854, 0.043584708124399185, 0.0422811284661293, 0.037912823259830475, 0.06278401613235474, 0.0940527617931366, 0.13042810559272766, 0.5987774729728699], "lowlevel.gfcc.cov": [[3723.79443359375, -915.3385620117188, -180.3441925048828, -142.49099731445312, -324.2407531738281, 430.3805236816406, -492.05560302734375, 639.0506591796875, 128.5389404296875, 142.24951171875, 184.9741668701172, -42.40028762817383, -275.0102233886719], [-915.3385620117188, 1543.9193115234375, -289.1980895996094, -409.2242126464844, 544.8541870117188, -428.39141845703125, 266.691650390625, -155.68728637695312, 200.2887725830078, -145.34967041015625, 170.251953125, -85.51114654541016, 128.51611328125], [-180.3441925048828, -289.1980895996094, 659.8779296875, 323.7204895019531, 19.135499954223633, 243.93975830078125, 132.16281127929688, 15.642461776733398, -24.554256439208984, 99.10274505615234, 19.40834617614746, 117.06510925292969, 67.05567169189453], [-142.49099731445312, -409.2242126464844, 323.7204895019531, 625.8781127929688, -6.459082126617432, 104.8874282836914, 120.49092102050781, -102.53369140625, -1.5478641986846924, 24.011140823364258, -79.16798400878906, 69.5737075805664, 125.80445861816406], [-324.2407531738281, 544.8541870117188, 19.135499954223633, -6.459082126617432, 582.5352172851562, -51.1338996887207, 96.33307647705078, 16.754568099975586, 200.95616149902344, 23.617624282836914, 79.05570220947266, -13.234856605529785, 88.67255401611328], [430.3805236816406, -428.39141845703125, 243.93975830078125, 104.8874282836914, -51.1338996887207, 415.09033203125, 50.59735870361328, 101.2983627319336, -6.323786735534668, 104.48967742919922, 20.4844913482666, 23.321016311645508, -25.832874298095703], [-492.05560302734375, 266.691650390625, 132.16281127929688, 120.49092102050781, 96.33307647705078, 50.59735870361328, 447.83343505859375, -62.011131286621094, -4.951269626617432, -48.88010787963867, 16.289100646972656, 40.47550964355469, 88.51815032958984], [639.0506591796875, -155.68728637695312, 15.642461776733398, -102.53369140625, 16.754568099975586, 101.2983627319336, -62.011131286621094, 362.1723327636719, 75.09893798828125, 1.3658759593963623, 89.22195434570312, 0.9060630202293396, -65.7964096069336], [128.5389404296875, 200.2887725830078, -24.554256439208984, -1.5478641986846924, 200.95616149902344, -6.323786735534668, -4.951269626617432, 75.09893798828125, 213.482666015625, 44.02145004272461, 60.230037689208984, -36.31916046142578, 25.04111671447754], [142.24951171875, -145.34967041015625, 99.10274505615234, 24.011140823364258, 23.617624282836914, 104.48967742919922, -48.88010787963867, 1.3658759593963623, 44.02145004272461, 178.42825317382812, 19.12723159790039, 2.668513774871826, -39.12067794799805], [184.9741668701172, 170.251953125, 19.40834617614746, -79.16798400878906, 79.05570220947266, 20.4844913482666, 16.289100646972656, 89.22195434570312, 60.230037689208984, 19.12723159790039, 178.5233612060547, 14.185855865478516, -14.396866798400879], [-42.40028762817383, -85.51114654541016, 117.06510925292969, 69.5737075805664, -13.234856605529785, 23.321016311645508, 40.47550964355469, 0.9060630202293396, -36.31916046142578, 2.668513774871826, 14.185855865478516, 117.64155578613281, 30.921491622924805], [-275.0102233886719, 128.51611328125, 67.05567169189453, 125.80445861816406, 88.67255401611328, -25.832874298095703, 88.51815032958984, -65.7964096069336, 25.04111671447754, -39.12067794799805, -14.396866798400879, 30.921491622924805, 137.0004425048828]], "lowlevel.gfcc.icov": [[0.0006444555474445224, -0.0002948590263258666, 0.0005372158484533429, -0.0005426721763797104, 0.00048060331027954817, -0.0008469094173051417, 0.0006554850842803717, -0.000912422954570502, -0.0002160640578949824, -0.00016085935931187123, -0.00024386051518376917, -0.00036338169593364, 0.0005231029936112463], [-0.0002948590263258666, 0.0073996176943182945, -0.0015114635461941361, 0.005784070119261742, -0.0036705555394291878, 0.005348848178982735, -0.004171641077846289, 0.0044455756433308125, -0.0030873820651322603, 0.002862508874386549, -0.004735421389341354, 0.0038552063051611185, -0.0038761598989367485], [0.0005372158484533429, -0.0015114635461941361, 0.0038274566177278757, -0.002562121720984578, 0.0007339102448895574, -0.0025962176732718945, 0.0008826055563986301, -0.0018924794858321548, 0.0013363538309931755, -0.002003517933189869, 0.00016014132415875793, -0.0025314639788120985, 0.0003037209389731288], [-0.0005426721763797104, 0.005784070119261742, -0.002562121720984578, 0.007558250799775124, -0.002568985801190138, 0.004220159724354744, -0.0036119113210588694, 0.0043263365514576435, -0.003191770985722542, 0.002304978435859084, -0.0022866546642035246, 0.0027091065421700478, -0.004941892344504595], [0.00048060331027954817, -0.0036705555394291878, 0.0007339102448895574, -0.002568985801190138, 0.005014587193727493, -0.002595190890133381, 0.0018477311823517084, -0.0024113799445331097, -0.0012137475423514843, -0.00176373147405684, 0.0017045147251337767, -0.001958143198862672, 0.0006601556087844074], [-0.0008469094173051417, 0.005348848178982735, -0.0025962176732718945, 0.004220159724354744, -0.002595190890133381, 0.00858759693801403, -0.004208112135529518, 0.0024881165008991957, -0.0011805397225543857, -8.65023976075463e-05, -0.0029193260706961155, 0.003911106381565332, -0.003107772208750248], [0.0006554850842803717, -0.004171641077846289, 0.0008826055563986301, -0.0036119113210588694, 0.0018477311823517084, -0.004208112135529518, 0.005720017943531275, -0.0024085950572043657, 0.0016463424544781446, -0.0003153209399897605, 0.0017638743156567216, -0.0025759502314031124, 0.0016476641176268458], [-0.000912422954570502, 0.0044455756433308125, -0.0018924794858321548, 0.0043263365514576435, -0.0024113799445331097, 0.0024881165008991957, -0.0024085950572043657, 0.008232961408793926, -0.004049156326800585, 0.004261081572622061, -0.0034994487650692463, 0.0013627071166411042, -0.00022663336130790412], [-0.0002160640578949824, -0.0030873820651322603, 0.0013363538309931755, -0.003191770985722542, -0.0012137475423514843, -0.0011805397225543857, 0.0016463424544781446, -0.004049156326800585, 0.011759377084672451, -0.004637803416699171, 0.0004065677640028298, 0.0018960002344101667, -0.0015650324057787657], [-0.00016085935931187123, 0.002862508874386549, -0.002003517933189869, 0.002304978435859084, -0.00176373147405684, -8.65023976075463e-05, -0.0003153209399897605, 0.004261081572622061, -0.004637803416699171, 0.011034577153623104, -0.002040585270151496, 0.00033909137709997594, 0.0029389855917543173], [-0.00024386051518376917, -0.004735421389341354, 0.00016014132415875793, -0.0022866546642035246, 0.0017045147251337767, -0.0029193260706961155, 0.0017638743156567216, -0.0034994487650692463, 0.0004065677640028298, -0.002040585270151496, 0.011150449514389038, -0.0040915054269135, 0.0029382347129285336], [-0.00036338169593364, 0.0038552063051611185, -0.0025314639788120985, 0.0027091065421700478, -0.001958143198862672, 0.003911106381565332, -0.0025759502314031124, 0.0013627071166411042, 0.0018960002344101667, 0.00033909137709997594, -0.0040915054269135, 0.014407167211174965, -0.005202309228479862], [0.0005231029936112463, -0.0038761598989367485, 0.0003037209389731288, -0.004941892344504595, 0.0006601556087844074, -0.003107772208750248, 0.0016476641176268458, -0.00022663336130790412, -0.0015650324057787657, 0.0029389855917543173, 0.0029382347129285336, -0.005202309228479862, 0.01679631881415844]], "lowlevel.mfcc.cov": [[3954.2724609375, -1002.8895263671875, 56.347904205322266, -651.6165161132812, 285.2898254394531, -427.2413330078125, -207.26666259765625, 184.7977294921875, -178.41407775878906, 246.13243103027344, 293.6509704589844, 110.08781433105469, -50.337852478027344], [-1002.8895263671875, 1962.5478515625, -762.5698852539062, -31.866622924804688, 138.62326049804688, -214.66043090820312, 5.744349002838135, -6.547436714172363, -4.504092216491699, -37.224815368652344, 116.80034637451172, 30.391979217529297, 29.07076644897461], [56.347904205322266, -762.5698852539062, 780.5947875976562, 89.1440200805664, -111.48442077636719, 230.47926330566406, 152.2686767578125, 49.33323287963867, 27.461231231689453, -3.2520360946655273, -58.771793365478516, 47.62053298950195, 62.67216873168945], [-651.6165161132812, -31.866622924804688, 89.1440200805664, 583.1331176757812, -39.954734802246094, 208.0235595703125, 34.16362380981445, -5.038201808929443, 118.97740173339844, -61.10698699951172, -131.0413360595703, -38.50016784667969, 39.7823486328125], [285.2898254394531, 138.62326049804688, -111.48442077636719, -39.954734802246094, 496.19427490234375, -67.4548568725586, -86.52662658691406, 27.783254623413086, 21.1961612701416, 136.0399627685547, 93.1156005859375, 41.474586486816406, 30.183837890625], [-427.2413330078125, -214.66043090820312, 230.47926330566406, 208.0235595703125, -67.4548568725586, 489.8818664550781, 130.10507202148438, -82.4818115234375, 108.98674774169922, 11.53229808807373, -42.44219970703125, -3.4161500930786133, 18.89963722229004], [-207.26666259765625, 5.744349002838135, 152.2686767578125, 34.16362380981445, -86.52662658691406, 130.10507202148438, 260.484130859375, 104.10002899169922, 52.54275131225586, 1.2999069690704346, 16.625354766845703, 39.690093994140625, 2.083789587020874], [184.7977294921875, -6.547436714172363, 49.33323287963867, -5.038201808929443, 27.783254623413086, -82.4818115234375, 104.10002899169922, 256.6920471191406, 43.740257263183594, 20.427534103393555, 45.46083068847656, 17.338422775268555, 2.4976096153259277], [-178.41407775878906, -4.504092216491699, 27.461231231689453, 118.97740173339844, 21.1961612701416, 108.98674774169922, 52.54275131225586, 43.740257263183594, 177.66278076171875, 49.42652893066406, -26.85017967224121, -7.948975086212158, -2.5816218852996826], [246.13243103027344, -37.224815368652344, -3.2520360946655273, -61.10698699951172, 136.0399627685547, 11.53229808807373, 1.2999069690704346, 20.427534103393555, 49.42652893066406, 181.78024291992188, 93.4236068725586, 16.377227783203125, -12.876554489135742], [293.6509704589844, 116.80034637451172, -58.771793365478516, -131.0413360595703, 93.1156005859375, -42.44219970703125, 16.625354766845703, 45.46083068847656, -26.85017967224121, 93.4236068725586, 208.03402709960938, 51.95612335205078, -4.705829620361328], [110.08781433105469, 30.391979217529297, 47.62053298950195, -38.50016784667969, 41.474586486816406, -3.4161500930786133, 39.690093994140625, 17.338422775268555, -7.948975086212158, 16.377227783203125, 51.95612335205078, 117.6141357421875, 38.57008743286133], [-50.337852478027344, 29.07076644897461, 62.67216873168945, 39.7823486328125, 30.183837890625, 18.89963722229004, 2.083789587020874, 2.4976096153259277, -2.5816218852996826, -12.876554489135742, -4.705829620361328, 38.57008743286133, 112.98677825927734]], "lowlevel.mfcc.icov": [[0.000524035538546741, 0.0003897157439496368, 0.00020094112551305443, 0.00032030302099883556, -6.936927093192935e-05, 0.0001495452888775617, 0.0003576387243811041, -0.0004206185112707317, 0.00022115047613624483, -0.0002937304961960763, -0.0003138040192425251, -0.00040360193816013634, 1.4637575986853335e-06], [0.0003897157439496368, 0.0013361668679863214, 0.0012571988627314568, 0.00011244429333601147, -0.0002457477676216513, 0.0004441324563231319, -0.0006862800801172853, 0.00012535290443338454, -0.00015816652739886194, 0.0003627879486884922, -0.0007633955683559179, -0.0003360734845045954, -0.0007851968402974308], [0.00020094112551305443, 0.0012571988627314568, 0.0031235585920512676, 6.909960939083248e-05, 0.00016349783982150257, -0.0005618429277092218, -0.0011535901576280594, -0.0005016794893890619, 0.0005791522562503815, -0.0003356034285388887, 0.00036848202580586076, -0.0009162846254184842, -0.001605077413842082], [0.00032030302099883556, 0.00011244429333601147, 6.909960939083248e-05, 0.0028802291490137577, -0.00019514240557327867, -0.0009320845711044967, 0.000672839698381722, -0.0007557732751592994, -0.001087978365831077, 0.0006446762708947062, 0.0008261395269073546, 0.00021935944096185267, -0.0007182006957009435], [-6.936927093192935e-05, -0.0002457477676216513, 0.00016349783982150257, -0.00019514240557327867, 0.0031668588053435087, -0.00019027350936084986, 0.0014665346825495362, -0.0007591986213810742, 0.00011613081733230501, -0.0023146243765950203, 2.3780728952260688e-05, -0.0009402105351909995, -0.0007532886229455471], [0.0001495452888775617, 0.0004441324563231319, -0.0005618429277092218, -0.0009320845711044967, -0.00019027350936084986, 0.00461234524846077, -0.0026640493888407946, 0.003084184369072318, -0.0021060286089777946, 0.00017054281488526613, -0.0012144644279032946, 0.0008533619693480432, -0.0005181275773793459], [0.0003576387243811041, -0.0006862800801172853, -0.0011535901576280594, 0.000672839698381722, 0.0014665346825495362, -0.0026640493888407946, 0.008686944842338562, -0.004388486035168171, 0.00012242136290296912, -0.0006214428576640785, 8.025849092518911e-05, -0.002823988674208522, 0.001628866302780807], [-0.0004206185112707317, 0.00012535290443338454, -0.0005016794893890619, -0.0007557732751592994, -0.0007591986213810742, 0.003084184369072318, -0.004388486035168171, 0.007742627523839474, -0.0028672965709120035, 0.001432945136912167, -0.0019121674122288823, 0.0016722790896892548, -0.0006312804180197418], [0.00022115047613624483, -0.00015816652739886194, 0.0005791522562503815, -0.001087978365831077, 0.00011613081733230501, -0.0021060286089777946, 0.00012242136290296912, -0.0028672965709120035, 0.010074649937450886, -0.004419844597578049, 0.0028538056649267673, -0.0006558707100339234, 0.0006526705110445619], [-0.0002937304961960763, 0.0003627879486884922, -0.0003356034285388887, 0.0006446762708947062, -0.0023146243765950203, 0.00017054281488526613, -0.0006214428576640785, 0.001432945136912167, -0.004419844597578049, 0.011257095262408257, -0.004579985048621893, 0.001215934520587325, 0.0008806511759757996], [-0.0003138040192425251, -0.0007633955683559179, 0.00036848202580586076, 0.0008261395269073546, 2.3780728952260688e-05, -0.0012144644279032946, 8.025849092518911e-05, -0.0019121674122288823, 0.0028538056649267673, -0.004579985048621893, 0.009600816294550896, -0.0028180608060210943, 0.0007040324853733182], [-0.00040360193816013634, -0.0003360734845045954, -0.0009162846254184842, 0.00021935944096185267, -0.0009402105351909995, 0.0008533619693480432, -0.002823988674208522, 0.0016722790896892548, -0.0006558707100339234, 0.001215934520587325, -0.0028180608060210943, 0.012781384401023388, -0.003895724890753627], [1.4637575986853335e-06, -0.0007851968402974308, -0.001605077413842082, -0.0007182006957009435, -0.0007532886229455471, -0.0005181275773793459, 0.001628866302780807, -0.0006312804180197418, 0.0006526705110445619, 0.0008806511759757996, 0.0007040324853733182, -0.003895724890753627, 0.011942756362259388]], "metadata.audio_properties.analysis.downmix": "mix", "metadata.audio_properties.codec": "mp3", "metadata.audio_properties.md5_encoded": "2119f21a709d6f7b990f0eb59b3003cd", "metadata.tags.file_name": "1183698212733845504.mp3", "metadata.version.essentia": "2.1-beta6-dev", "metadata.version.essentia_git_sha": "v2.1_beta5-1110-g77a6a954", "metadata.version.extractor": "music 2.0", "tonal.chords_key": "C", "tonal.chords_scale": "minor", "tonal.key_edma.key": "C", "tonal.key_edma.scale": "majo