{"song_id": "1183703708945629184", "download": "https://cdn.discordapp.com/attachments/1135911532732108921/1183703708945629184/chirp.mp4?ex=65894cfc&amp", "lyrics": "[Verse]\nEnzo, hoy es tu d\u00eda especial\nSiete a\u00f1os que ya llevas\nMaduro y lleno de vitalidad\nEn Calatayud, donde te encuentras\n\n[Chorus]\nFeliz cumplea\u00f1os, Enzo querido\nQue la alegr\u00eda acompa\u00f1e tus d\u00edas\nQue la roca ruede, y el amor sea escuchado\nEn tu alma de ni\u00f1o, siempre sigas brillando", "style": ["rock"], "essentia_features": {"lowlevel.average_loudness": 0.9684306979179382, "lowlevel.barkbands_crest.mean": 14.31956672668457, "lowlevel.barkbands_crest.stdev": 4.341176986694336, "lowlevel.barkbands_flatness_db.mean": 0.2583901286125183, "lowlevel.barkbands_flatness_db.stdev": 0.06563704460859299, "lowlevel.barkbands_kurtosis.mean": 26.927433013916016, "lowlevel.barkbands_kurtosis.stdev": 24.965341567993164, "lowlevel.barkbands_skewness.mean": 3.3629887104034424, "lowlevel.barkbands_skewness.stdev": 1.8963483572006226, "lowlevel.barkbands_spread.mean": 7.915480613708496, "lowlevel.barkbands_spread.stdev": 11.347463607788086, "lowlevel.dissonance.mean": 0.42221376299858093, "lowlevel.dissonance.stdev": 0.04727790504693985, "lowlevel.dynamic_complexity": 2.7644217014312744, "lowlevel.erbbands_crest.mean": 15.703010559082031, "lowlevel.erbbands_crest.stdev": 5.90371036529541, "lowlevel.erbbands_flatness_db.mean": 0.23204030096530914, "lowlevel.erbbands_flatness_db.stdev": 0.047190021723508835, "lowlevel.erbbands_kurtosis.mean": 8.2044038772583, "lowlevel.erbbands_kurtosis.stdev": 11.238511085510254, "lowlevel.erbbands_skewness.mean": 2.0361037254333496, "lowlevel.erbbands_skewness.stdev": 1.659774899482727, "lowlevel.erbbands_spread.mean": 28.11557388305664, "lowlevel.erbbands_spread.stdev": 24.206247329711914, "lowlevel.hfc.mean": 12.045676231384277, "lowlevel.hfc.stdev": 10.449755668640137, "lowlevel.loudness_ebu128.integrated": -13.448026657104492, "lowlevel.loudness_ebu128.loudness_range": 2.232145309448242, "lowlevel.loudness_ebu128.momentary.mean": -13.995443344116211, "lowlevel.loudness_ebu128.momentary.stdev": 2.4218063354492188, "lowlevel.loudness_ebu128.short_term.mean": -13.459090232849121, "lowlevel.loudness_ebu128.short_term.stdev": 0.7429549098014832, "lowlevel.melbands_crest.mean": 17.409570693969727, "lowlevel.melbands_crest.stdev": 5.334292411804199, "lowlevel.melbands_flatness_db.mean": 0.32253479957580566, "lowlevel.melbands_flatness_db.stdev": 0.08241511136293411, "lowlevel.melbands_kurtosis.mean": 39.74444580078125, "lowlevel.melbands_kurtosis.stdev": 34.41453552246094, "lowlevel.melbands_skewness.mean": 3.7692360877990723, "lowlevel.melbands_skewness.stdev": 2.2000784873962402, "lowlevel.melbands_spread.mean": 8.29061222076416, "lowlevel.melbands_spread.stdev": 13.718409538269043, "lowlevel.pitch_salience.mean": 0.508354663848877, "lowlevel.pitch_salience.stdev": 0.11941969394683838, "lowlevel.silence_rate_20dB.mean": 1.0, "lowlevel.silence_rate_20dB.stdev": 0.0, "lowlevel.silence_rate_30dB.mean": 0.9994206428527832, "lowlevel.silence_rate_30dB.stdev": 0.02406361512839794, "lowlevel.silence_rate_60dB.mean": 0.03186558559536934, "lowlevel.silence_rate_60dB.stdev": 0.175640270113945, "lowlevel.spectral_centroid.mean": 588.3055419921875, "lowlevel.spectral_centroid.stdev": 574.0549926757812, "lowlevel.spectral_complexity.mean": 8.101390838623047, "lowlevel.spectral_complexity.stdev": 4.7951788902282715, "lowlevel.spectral_decrease.mean": -7.365327903130492e-09, "lowlevel.spectral_decrease.stdev": 4.622030314038739e-09, "lowlevel.spectral_energy.mean": 0.028890978544950485, "lowlevel.spectral_energy.stdev": 0.018061885610222816, "lowlevel.spectral_energyband_high.mean": 0.00023801010684110224, "lowlevel.spectral_energyband_high.stdev": 0.0007391487597487867, "lowlevel.spectral_energyband_low.mean": 0.00568343186751008, "lowlevel.spectral_energyband_low.stdev": 0.008927881717681885, "lowlevel.spectral_energyband_middle_high.mean": 0.002417362527921796, "lowlevel.spectral_energyband_middle_high.stdev": 0.005865457933396101, "lowlevel.spectral_energyband_middle_low.mean": 0.021777218207716942, "lowlevel.spectral_energyband_middle_low.stdev": 0.01531342975795269, "lowlevel.spectral_entropy.mean": 6.513565540313721, "lowlevel.spectral_entropy.stdev": 0.6844687461853027, "lowlevel.spectral_flux.mean": 0.05564108490943909, "lowlevel.spectral_flux.stdev": 0.043900154531002045, "lowlevel.spectral_kurtosis.mean": 8.391217231750488, "lowlevel.spectral_kurtosis.stdev": 5.672361373901367, "lowlevel.spectral_rms.mean": 0.005019869189709425, "lowlevel.spectral_rms.stdev": 0.0017283638007938862, "lowlevel.spectral_rolloff.mean": 691.5553588867188, "lowlevel.spectral_rolloff.stdev": 1266.9127197265625, "lowlevel.spectral_skewness.mean": 2.1804726123809814, "lowlevel.spectral_skewness.stdev": 0.8126528263092041, "lowlevel.spectral_spread.mean": 3787341.25, "lowlevel.spectral_spread.stdev": 1484963.375, "lowlevel.spectral_strongpeak.mean": 1.238883376121521, "lowlevel.spectral_strongpeak.stdev": 0.9712110161781311, "lowlevel.zerocrossingrate.mean": 0.030863279476761818, "lowlevel.zerocrossingrate.stdev": 0.041249532252550125, "metadata.audio_properties.analysis.equal_loudness": 0.0, "metadata.audio_properties.analysis.length": 40.04265213012695, "metadata.audio_properties.analysis.sample_rate": 44100.0, "metadata.audio_properties.analysis.start_time": 0.0, "metadata.audio_properties.bit_rate": 120455.0, "metadata.audio_properties.length": 40.042667388916016, "metadata.audio_properties.lossless": 0.0, "metadata.audio_properties.number_channels": 1.0, "metadata.audio_properties.replay_gain": -13.658798217773438, "metadata.audio_properties.sample_rate": 48000.0, "rhythm.beats_count": 87.0, "rhythm.beats_loudness.mean": 0.03578900918364525, "rhythm.beats_loudness.stdev": 0.01742878369987011, "rhythm.bpm": 136.08621215820312, "rhythm.bpm_histogram_first_peak_bpm": 136.0, "rhythm.bpm_histogram_first_peak_weight": 0.3484848737716675, "rhythm.bpm_histogram_second_peak_bpm": 115.0, "rhythm.bpm_histogram_second_peak_spread": 0.5, "rhythm.bpm_histogram_second_peak_weight": 0.03488372266292572, "rhythm.danceability": 1.140424132347107, "rhythm.onset_rate": 3.3953804969787598, "tonal.chords_changes_rate": 0.04398148134350777, "tonal.chords_number_rate": 0.009259259328246117, "tonal.chords_strength.mean": 0.5710650682449341, "tonal.chords_strength.stdev": 0.09388148039579391, "tonal.hpcp_crest.mean": 16.225927352905273, "tonal.hpcp_crest.stdev": 7.144275188446045, "tonal.hpcp_entropy.mean": 1.655465006828308, "tonal.hpcp_entropy.stdev": 0.7114682793617249, "tonal.key_edma.strength": 0.6658502817153931, "tonal.key_krumhansl.strength": 0.6580573320388794, "tonal.key_temperley.strength": 0.6371060013771057, "tonal.tuning_diatonic_strength": 0.49664708971977234, "tonal.tuning_equal_tempered_deviation": 0.028916306793689728, "tonal.tuning_frequency": 441.7826843261719, "tonal.tuning_nontempered_energy_ratio": 0.6406382322311401, "lowlevel.barkbands.mean": [4.401649221108528e-06, 0.00036696557071991265, 0.0041651492938399315, 0.0023030447773635387, 0.01093224249780178, 0.0051991622895002365, 0.0014940487453714013, 0.000987713341601193, 0.0006739715463481843, 0.0008663665503263474, 0.0003587719111237675, 0.00017564467270858586, 0.00012355124636087567, 0.0002742656215559691, 0.0002027498558163643, 0.00018187791283708066, 0.000179584720171988, 0.0001010966589092277, 4.097221972187981e-05, 4.5054617658024654e-05, 6.015384497004561e-05, 7.893764995969832e-05, 4.194226494291797e-05, 2.1374635252868757e-05, 9.6449839475099e-06, 2.1074324649816845e-06, 2.095154627568263e-07], "lowlevel.barkbands.stdev": [8.586906915297732e-06, 0.001428701332770288, 0.0073986416682600975, 0.003565379651263356, 0.008894223719835281, 0.007370540406554937, 0.005109870806336403, 0.003340327413752675, 0.002505307085812092, 0.003672288963571191, 0.0018471539951860905, 0.0005441892426460981, 0.0004878304898738861, 0.0010405877837911248, 0.0006574579165317118, 0.0006235067266970873, 0.0005068171885795891, 0.00024006901367101818, 0.0001048359481501393, 0.00013699285045731813, 0.0002196680143242702, 0.00031294338987208903, 0.00013705411402042955, 7.151081808842719e-05, 4.4100743252784014e-05, 1.2402575521264225e-05, 1.4583799838874256e-06], "lowlevel.erbbands.mean": [0.002976261079311371, 0.18387766182422638, 3.513899564743042, 7.274154186248779, 15.74815559387207, 38.9892463684082, 59.55992126464844, 36.54231262207031, 32.323944091796875, 13.147132873535156, 23.105056762695312, 14.931974411010742, 21.052682876586914, 30.440261840820312, 10.945942878723145, 5.8967695236206055, 5.7586565017700195, 12.991636276245117, 13.2067232131958, 8.461956977844238, 11.031940460205078, 10.355782508850098, 6.794865131378174, 2.177854537963867, 2.3327395915985107, 2.104165554046631, 2.3569130897521973, 2.6004374027252197, 3.0036327838897705, 1.7661248445510864, 1.0956069231033325, 0.5414801239967346, 0.323874294757843, 0.153156578540802, 0.04467007890343666, 0.011733039282262325, 0.003308457788079977, 0.0007509530405513942, 3.667563578346744e-05, 3.3308882848359644e-05], "lowlevel.erbbands.stdev": [0.008344038389623165, 0.5368728041648865, 6.839946746826172, 8.892683029174805, 23.34505844116211, 34.630043029785156, 74.26065063476562, 67.97319030761719, 88.67518615722656, 39.17707443237305, 76.83789825439453, 58.99917984008789, 79.2918701171875, 129.59629821777344, 38.017024993896484, 15.01654052734375, 20.825620651245117, 52.364585876464844, 42.59846115112305, 22.487525939941406, 36.76201248168945, 28.107755661010742, 16.220012664794922, 3.763011932373047, 6.446152210235596, 6.197503566741943, 8.431408882141113, 10.252533912658691, 12.025507926940918, 6.182251930236816, 3.5435798168182373, 1.6027488708496094, 1.2810126543045044, 0.7068666815757751, 0.22887051105499268, 0.06531321257352829, 0.01922532171010971, 0.005318734794855118, 0.00015662172518204898, 2.0513627532636747e-05], "lowlevel.gfcc.mean": [-80.32585906982422, 122.36632537841797, -99.43865203857422, 39.88907241821289, -66.02823638916016, -5.772304058074951, -57.433990478515625, -23.000221252441406, -29.6149845123291, -18.316829681396484, -15.354248046875, -6.115814208984375, -3.4057483673095703], "lowlevel.melbands.mean": [5.408418655861169e-05, 0.0012970345560461283, 0.0014693769626319408, 0.0019354753894731402, 0.002087270375341177, 0.0008403363754041493, 0.000459799834061414, 0.00015403403085656464, 0.00017378677148371935, 9.166099334834144e-05, 0.00010657858365448192, 0.00012810445332434028, 4.2569739889586344e-05, 2.2262302081799135e-05, 1.11571253000875e-05, 1.3806191418552771e-05, 2.4937069611041807e-05, 2.2054147848393768e-05, 1.213208361150464e-05, 1.136790797318099e-05, 1.2746059837809298e-05, 1.0938194463960826e-05, 8.802672709862236e-06, 3.738534132935456e-06, 1.4358660109792254e-06, 1.7935626601683907e-06, 1.4961055967432912e-06, 1.3480677125699003e-06, 1.4735093145645806e-06, 1.375493070554512e-06, 1.6107561577882734e-06, 1.91608228305995e-06, 1.206028741762566e-06, 8.906281436793506e-07, 6.694663170492277e-07, 4.776797482008988e-07, 2.640552452248812e-07, 2.415196718175139e-07, 1.752594727122414e-07, 1.1200743443851024e-07], "lowlevel.melbands.stdev": [0.0002109361521434039, 0.0024193855933845043, 0.0016621086979284883, 0.0018801810219883919, 0.002314118668437004, 0.0014634983381256461, 0.0012631494319066405, 0.00045957398833706975, 0.0005539674893952906, 0.0003619006893131882, 0.00040670085581950843, 0.0005606155027635396, 0.00017981059500016272, 6.772190681658685e-05, 3.9421342080459e-05, 5.049354149377905e-05, 0.00010245990415569395, 7.307787018362433e-05, 3.738755185622722e-05, 3.6244469811208546e-05, 4.4453659938881174e-05, 3.2135612855199724e-05, 2.247586235171184e-05, 8.938828614191152e-06, 2.639515287228278e-06, 6.0058209783164784e-06, 4.429357431945391e-06, 4.108411758352304e-06, 5.353202595870243e-06, 5.3043850130052306e-06, 6.8307458604977e-06, 8.023045666050166e-06, 4.5286951717571355e-06, 3.121061808997183e-06, 2.246353005830315e-06, 1.491188754698669e-06, 7.761965434838203e-07, 9.438212487111741e-07, 8.26964594580204e-07, 5.135407263878733e-07], "lowlevel.melbands128.mean": [2.169864728784887e-06, 4.164812708040699e-06, 1.805619649530854e-05, 0.0002515852393116802, 0.0013886481756344438, 0.0021828305907547474, 0.001459083636291325, 0.0011528972536325455, 0.0015500796725973487, 0.0018948722863569856, 0.0022151488810777664, 0.002561870263889432, 0.0025282083079218864, 0.0008302979986183345, 0.0006528706289827824, 0.0010422433260828257, 0.000639233214315027, 0.0003984069044236094, 0.00015745568089187145, 9.071418753592297e-05, 0.00016243259597104043, 0.0002970671048387885, 0.00014950649347156286, 9.297025098931044e-05, 0.00010174951603403315, 6.341962580336258e-05, 0.00013688903709407896, 9.006841719383374e-05, 9.087472426472232e-05, 0.0001835629082052037, 0.0001220768317580223, 6.941046012798324e-05, 3.7975405575707555e-05, 1.6876361769391224e-05, 3.7461097235791385e-05, 1.8774713680613786e-05, 9.202503861160949e-06, 7.969964826770592e-06, 1.686473478912376e-05, 9.726834832690656e-06, 8.80995412444463e-06, 2.4317674615303986e-05, 3.326085789012723e-05, 1.7601052604732104e-05, 2.204702286690008e-05, 2.6952231564791873e-05, 1.8369895769865252e-05, 1.0465059858688619e-05, 9.404305274074432e-06, 1.2303603398322593e-05, 9.11611732590245e-06, 1.3111470252624713e-05, 1.690545650490094e-05, 9.513980330666527e-06, 1.0931164069916122e-05, 1.2388113646011334e-05, 9.498264262219891e-06, 9.75267630565213e-06, 8.78031369211385e-06, 6.579275122930994e-06, 3.2512846246390836e-06, 1.8926863276647055e-06, 1.5803818769200006e-06, 1.1855656794068636e-06, 1.4288049214883358e-06, 1.9882852484442992e-06, 1.97754116015858e-06, 1.375032070427551e-06, 1.4436739093071083e-06, 1.5769849142088788e-06, 1.1772730204029358e-06, 1.3714277429244248e-06, 1.4476898968496243e-06, 1.5877196801739046e-06, 1.336157765763346e-06, 1.5202685972326435e-06, 1.2896226735392702e-06, 1.1854796184707084e-06, 1.6619300140519044e-06, 1.959242126758909e-06, 2.3042305201670388e-06, 1.7701217984722462e-06, 1.3137671430740738e-06, 1.2577198731378303e-06, 9.640458529247553e-07, 9.688067166280234e-07, 8.36722051644756e-07, 8.046981747611426e-07, 6.98962765000033e-07, 5.387020678426779e-07, 4.877024366578553e-07, 5.445589295050013e-07, 3.267219028657564e-07, 2.2670899113563792e-07, 2.3720279784811282e-07, 2.4337066406587837e-07, 2.660386826391914e-07, 2.006719626024278e-07, 1.836017275991253e-07, 1.490382999236317e-07, 1.5228265226596704e-07, 9.408177703562615e-08, 8.466444967325515e-08, 7.389668610358058e-08, 4.632801875459336e-08, 2.33157120277383e-08, 3.014122285094345e-08, 2.6191697699573524e-08, 1.8280427838135438e-08, 1.2887912070880247e-08, 1.3275412769075956e-08, 1.0143724971101165e-08, 1.0928083327144122e-08, 7.933099510637476e-09, 9.059484717965915e-09, 7.843779847860333e-09, 6.099324600938871e-09, 2.967630807759747e-09, 3.448804852812515e-10, 4.117273362524987e-12, 3.9906021195856844e-12, 3.905606740794987e-12, 3.828460118371346e-12, 3.760632430460653e-12, 3.681532075722194e-12, 3.5837541701583264e-12, 3.525632043255289e-12, 3.5024956025753173e-12], "lowlevel.melbands128.stdev": [4.2979127101716585e-06, 1.2627876458282117e-05, 0.00010699674021452665, 0.0009786016307771206, 0.0033603948540985584, 0.0036149367224425077, 0.002086128108203411, 0.002068800153210759, 0.0029779213946312666, 0.002890309551730752, 0.0023830805439502, 0.003119704080745578, 0.003537555458024144, 0.001880922820419073, 0.0017788030672818422, 0.0024465734604746103, 0.0019448648672550917, 0.001857070834375918, 0.0007824875065125525, 0.0005071331979706883, 0.0006359106628224254, 0.001165148802101612, 0.0006598455365747213, 0.00047085771802812815, 0.0006392451468855143, 0.0003099779423791915, 0.0006665845867246389, 0.0005354373715817928, 0.0005225775530561805, 0.0010842179181054235, 0.0006410169298760593, 0.000418890209402889, 0.0002198092406615615, 7.977928908076137e-05, 0.00016136970953084528, 5.7122095313388854e-05, 3.086843207711354e-05, 3.178802944603376e-05, 9.02000319911167e-05, 4.390688263811171e-05, 4.292889207135886e-05, 0.00012486170453485101, 0.00018430178170092404, 8.8634536950849e-05, 0.00011315860319882631, 0.00010766003833850846, 9.130329999607056e-05, 5.613841494778171e-05, 3.094945350312628e-05, 4.4832169805886224e-05, 4.616298610926606e-05, 5.594737740466371e-05, 7.920857751742005e-05, 4.719055868918076e-05, 4.365383938420564e-05, 4.536513006314635e-05, 3.2986314181471244e-05, 3.0489838536595926e-05, 2.6590287234284915e-05, 2.1632018615491688e-05, 8.834214895614423e-06, 4.678604454966262e-06, 3.885062596964417e-06, 2.2511790120915975e-06, 4.079553036717698e-06, 1.0411997209303081e-05, 7.428460776282009e-06, 3.5751984341914067e-06, 5.7541064961696975e-06, 5.6311714615731034e-06, 3.5263672089058673e-06, 5.085690190753667e-06, 5.7329266383021604e-06, 6.2366711972572375e-06, 5.399549991125241e-06, 6.4748555814730935e-06, 5.225574568612501e-06, 5.2678205975098535e-06, 7.385712251561927e-06, 9.305005733040161e-06, 1.0417445992061403e-05, 7.482773526135134e-06, 5.4324996199284215e-06, 5.044536919740494e-06, 3.5493749237502925e-06, 3.7301274460332934e-06, 2.9780358090647496e-06, 2.927939931396395e-06, 2.427262643323047e-06, 1.9479934962873813e-06, 1.6380552096961765e-06, 1.9635870103229536e-06, 1.0775793271022849e-06, 7.035384896880714e-07, 7.398757588816807e-07, 8.729292062525928e-07, 1.1952439535889425e-06, 9.005639753922878e-07, 1.0381883157606353e-06, 5.998196570544678e-07, 8.525660746272479e-07, 4.217492914904142e-07, 3.240182593344798e-07, 4.892341394224786e-07, 2.8939996354893083e-07, 8.052923305967852e-08, 2.0061348493527476e-07, 1.5153257493238925e-07, 1.2190938036837906e-07, 7.8404276848687e-08, 8.635361581355028e-08, 5.6518178581654865e-08, 7.07096887708758e-08, 5.153876614372166e-08, 7.892834474887422e-08, 7.397299839340121e-08, 3.649147828355126e-08, 2.671201571047277e-08, 4.270504394554564e-09, 6.577390975620601e-12, 6.416179653551124e-12, 6.280777113676361e-12, 6.155089892628807e-12, 6.047533567671293e-12, 5.921024087696125e-12, 5.812505424890313e-12, 5.756682023433379e-12, 5.725649121490761e-12], "lowlevel.mfcc.mean": [-724.1031494140625, 142.21853637695312, 21.729034423828125, 33.67109680175781, 7.880519866943359, 6.590342998504639, -17.271652221679688, -9.464790344238281, -17.79218864440918, -16.93254280090332, -19.25259780883789, -15.180035591125488, -9.262856483459473], "lowlevel.spectral_contrast_coeffs.mean": [-0.5451639294624329, -0.6755320429801941, -0.7644006609916687, -0.7950396537780762, -0.804650604724884, -0.7635120153427124], "lowlevel.spectral_contrast_coeffs.stdev": [0.08687137067317963, 0.0992974191904068, 0.08302471041679382, 0.061994392424821854, 0.05695376545190811, 0.044818103313446045], "lowlevel.spectral_contrast_valleys.mean": [-7.23659086227417, -7.860752105712891, -8.451266288757324, -8.58745002746582, -8.605827331542969, -11.288763999938965], "lowlevel.spectral_contrast_valleys.stdev": [1.111878514289856, 1.0846554040908813, 0.9754823446273804, 0.9486218094825745, 0.9149179458618164, 0.9664649963378906], "rhythm.beats_loudness_band_ratio.mean": [0.2952946424484253, 0.5601243376731873, 0.11360913515090942, 0.06259894371032715, 0.02683412656188011, 0.0161752887070179], "rhythm.beats_loudness_band_ratio.stdev": [0.2264540046453476, 0.23866398632526398, 0.17535287141799927, 0.13627351820468903, 0.04205690696835518, 0.044213756918907166], "tonal.hpcp.mean": [0.19936811923980713, 0.08168593049049377, 0.0536271333694458, 0.09859872609376907, 0.07415059953927994, 0.1889018416404724, 0.27289050817489624, 0.10647493600845337, 0.013339024968445301, 0.011128411628305912, 0.015188723802566528, 0.1667756736278534, 0.32654011249542236, 0.18935759365558624, 0.13228151202201843, 0.21159392595291138, 0.10819869488477707, 0.014251979067921638, 0.012057074345648289, 0.02016056515276432, 0.035155653953552246, 0.040930382907390594, 0.03224026411771774, 0.024633798748254776, 0.027944639325141907, 0.04502414911985397, 0.11935175210237503, 0.17164979875087738, 0.124515600502491, 0.08703497052192688, 0.07917818427085876, 0.0557008758187294, 0.03648966923356056, 0.03340696915984154, 0.04599746689200401, 0.16120392084121704], "tonal.hpcp.stdev": [0.33283692598342896, 0.1865779310464859, 0.13898009061813354, 0.26146379113197327, 0.19107115268707275, 0.27669283747673035, 0.3828200399875641, 0.16992291808128357, 0.07406626641750336, 0.06341686844825745, 0.07038861513137817, 0.22010888159275055, 0.40607646107673645, 0.24938268959522247, 0.22127529978752136, 0.3468318283557892, 0.1938040554523468, 0.07170577347278595, 0.06487345695495605, 0.10170168429613113, 0.11859386414289474, 0.1256915181875229, 0.12525001168251038, 0.10025552660226822, 0.12493441253900528, 0.15576784312725067, 0.23463165760040283, 0.28529801964759827, 0.23617607355117798, 0.22647961974143982, 0.21999457478523254, 0.1799412965774536, 0.14708144962787628, 0.1325625777244568, 0.1491011083126068, 0.2815641164779663], "rhythm.beats_position": [0.4411791265010834, 0.8939682245254517, 1.3351473808288574, 1.7647165060043335, 2.2058956623077393, 2.623854875564575, 3.0650339126586914, 3.494603157043457, 3.9241721630096436, 4.353741645812988, 4.876190185546875, 5.39863920211792, 5.921088218688965, 6.43192720413208, 6.965986251831055, 7.500045299530029, 8.068934440612793, 8.614603042602539, 9.055782318115234, 9.49696159362793, 9.938140869140625, 10.379319190979004, 10.8204984664917, 11.273287773132324, 11.72607707977295, 12.167256355285645, 12.59682559967041, 13.02639389038086, 13.479183197021484, 13.90875244140625, 14.349931716918945, 14.79111099243164, 15.232290267944336, 15.673469543457031, 16.114648818969727, 16.555828094482422, 16.997007369995117, 17.43818473815918, 17.879364013671875, 18.32054328918457, 18.761722564697266, 19.20290184020996, 19.644081115722656, 20.08526039123535, 20.526439666748047, 20.967618942260742, 21.408798217773438, 21.849977493286133, 22.291156768798828, 22.732336044311523, 23.173513412475586, 23.61469268798828, 24.067481994628906, 24.5086612701416, 24.938230514526367, 25.379409790039062, 25.820589065551758, 26.261768341064453, 26.70294761657715, 27.132516860961914, 27.56208610534668, 27.980045318603516, 28.42122459411621, 28.850793838500977, 29.291973114013672, 29.744760513305664, 30.18593978881836, 30.638729095458984, 31.06829833984375, 31.509477615356445, 31.95065689086914, 32.3918342590332, 32.84462356567383, 33.29741287231445, 33.75020217895508, 34.2029914855957, 34.66739273071289, 35.13179016113281, 35.6077995300293, 36.08380889892578, 36.57142639160156, 37.05904769897461, 37.54666519165039, 38.045894622802734, 38.52190399169922, 38.98630142211914, 39.42748260498047], "rhythm.bpm_histogram": [0.0, 0.0, 0.0, 0.0, 0.0, 0.0, 0.0, 0.0, 0.0, 0.0, 0.0, 0.0, 0.0, 0.0, 0.0, 0.0, 0.0, 0.0, 0.0, 0.0, 0.0, 0.0, 0.0, 0.0, 0.0, 0.0, 0.0, 0.0, 0.0, 0.0, 0.0, 0.0, 0.0, 0.0, 0.0, 0.0, 0.0, 0.0, 0.0, 0.0, 0.0, 0.0, 0.0, 0.0, 0.0, 0.0, 0.0, 0.0, 0.0, 0.0, 0.0, 0.0, 0.0, 0.0, 0.0, 0.0, 0.0, 0.0, 0.0, 0.0, 0.0, 0.0, 0.0, 0.0, 0.0, 0.0, 0.0, 0.0, 0.0, 0.0, 0.0, 0.0, 0.0, 0.0, 0.0, 0.0, 0.0, 0.0, 0.0, 0.0, 0.0, 0.0, 0.0, 0.0, 0.0, 0.0, 0.0, 0.0, 0.0, 0.0, 0.0, 0.0, 0.0, 0.0, 0.0, 0.0, 0.0, 0.0, 0.0, 0.0, 0.0, 0.0, 0.0, 0.0, 0.0, 0.011627906933426857, 0.0, 0.0, 0.0, 0.0, 0.011627906933426857, 0.0, 0.023255813866853714, 0.0, 0.0, 0.03488372266292572, 0.0, 0.011627906933426857, 0.0, 0.0, 0.011627906933426857, 0.0, 0.0, 0.03488372266292572, 0.0, 0.0, 0.03488372266292572, 0.0, 0.0, 0.03488372266292572, 0.0, 0.0, 0.0, 0.12790697813034058, 0.0, 0.0, 0.5, 0.0, 0.0, 0.0, 0.13953489065170288, 0.0, 0.0, 0.0, 0.023255813866853714, 0.0, 0.0, 0.0, 0.0, 0.0, 0.0, 0.0, 0.0, 0.0, 0.0, 0.0, 0.0, 0.0, 0.0, 0.0, 0.0, 0.0, 0.0, 0.0, 0.0, 0.0, 0.0, 0.0, 0.0, 0.0, 0.0, 0.0, 0.0, 0.0, 0.0, 0.0, 0.0, 0.0, 0.0, 0.0, 0.0, 0.0, 0.0, 0.0, 0.0, 0.0, 0.0, 0.0, 0.0, 0.0, 0.0, 0.0, 0.0, 0.0, 0.0, 0.0, 0.0, 0.0, 0.0, 0.0, 0.0, 0.0, 0.0, 0.0, 0.0, 0.0, 0.0, 0.0, 0.0, 0.0, 0.0, 0.0, 0.0, 0.0, 0.0, 0.0, 0.0, 0.0, 0.0, 0.0, 0.0, 0.0, 0.0, 0.0, 0.0, 0.0, 0.0, 0.0, 0.0, 0.0, 0.0, 0.0, 0.0, 0.0, 0.0, 0.0, 0.0, 0.0, 0.0, 0.0, 0.0, 0.0, 0.0, 0.0, 0.0, 0.0, 0.0, 0.0, 0.0, 0.0], "tonal.chords_histogram": [31.018518447875977, 2.8935184478759766, 32.52314758300781, 4.398148059844971, 0.6944444179534912, 0.11574073880910873, 0.0, 0.0, 0.0, 20.13888931274414, 1.6203703880310059, 0.0, 0.0, 0.0, 0.0, 0.0, 0.0, 0.0, 1.6203703880310059, 0.0, 0.0, 0.0, 0.0, 4.976851940155029], "tonal.thpcp": [1.0, 0.579890787601471, 0.40510034561157227, 0.6479875445365906, 0.33134886622428894, 0.04364541545510292, 0.036923717707395554, 0.061739932745695114, 0.10766106098890305, 0.1253456473350525, 0.09873293340206146, 0.07543881237506866, 0.08557796478271484, 0.13788244128227234, 0.36550411581993103, 0.5256622433662415, 0.38131794333457947, 0.2665368318557739, 0.24247613549232483, 0.1705789715051651, 0.11174636334180832, 0.10230586677789688, 0.14086315035820007, 0.493672639131546, 0.6105471253395081, 0.25015589594841003, 0.16422832012176514, 0.30194979906082153, 0.2270796000957489, 0.5784950852394104, 0.8357028961181641, 0.32607001066207886, 0.04084957391023636, 0.034079767763614655, 0.0465141125023365, 0.5107356309890747], "lowlevel.gfcc.cov": [[6368.90478515625, 107.6028060913086, -937.7937622070312, -173.51382446289062, -612.0016479492188, -91.5194091796875, -238.995361328125, 175.9805908203125, 168.9980010986328, -103.69498443603516, -117.17314910888672, -33.674068450927734, -82.02217102050781], [107.6028060913086, 1175.1968994140625, 165.9226837158203, -317.3739929199219, 192.17320251464844, -87.51750183105469, 149.26258850097656, -77.04910278320312, 144.4270477294922, -125.4681625366211, 92.90657806396484, -71.61743927001953, 47.94768142700195], [-937.7937622070312, 165.9226837158203, 959.743896484375, 388.4406433105469, 316.0521240234375, 51.9832649230957, 92.46472930908203, -134.79583740234375, -185.73297119140625, 49.38634490966797, 52.339378356933594, 38.183868408203125, 39.378910064697266], [-173.51382446289062, -317.3739929199219, 388.4406433105469, 798.205078125, 157.7765655517578, -17.303892135620117, -96.25344848632812, -110.53826141357422, -74.44567108154297, 13.656764030456543, 48.8314323425293, 25.588808059692383, 89.95124816894531], [-612.0016479492188, 192.17320251464844, 316.0521240234375, 157.7765655517578, 469.4102478027344, 63.35234451293945, 32.65346145629883, -58.491939544677734, -38.72278594970703, -5.658064842224121, 9.929319381713867, 0.09457738697528839, 16.190608978271484], [-91.5194091796875, -87.51750183105469, 51.9832649230957, -17.303892135620117, 63.35234451293945, 269.29486083984375, 120.86560821533203, 3.3523755073547363, -88.21302795410156, 46.981590270996094, -11.480661392211914, -24.737775802612305, -4.0387749671936035], [-238.995361328125, 149.26258850097656, 92.46472930908203, -96.25344848632812, 32.65346145629883, 120.86560821533203, 207.14089965820312, 9.590719223022461, -38.787200927734375, 0.43646180629730225, 6.232579231262207, -16.070981979370117, -1.4767454862594604], [175.9805908203125, -77.04910278320312, -134.79583740234375, -110.53826141357422, -58.491939544677734, 3.3523755073547363, 9.590719223022461, 172.67782592773438, 65.18441009521484, 2.8104636669158936, -42.69060516357422, 1.4077541828155518, -36.64863967895508], [168.9980010986328, 144.4270477294922, -185.73297119140625, -74.44567108154297, -38.72278594970703, -88.21302795410156, -38.787200927734375, 65.18441009521484, 202.20269775390625, -25.360746383666992, -8.660289764404297, -20.0944766998291, -1.9509823322296143], [-103.69498443603516, -125.4681625366211, 49.38634490966797, 13.656764030456543, -5.658064842224121, 46.981590270996094, 0.43646180629730225, 2.8104636669158936, -25.360746383666992, 117.59336853027344, 16.83139419555664, 9.801247596740723, -9.681144714355469], [-117.17314910888672, 92.90657806396484, 52.339378356933594, 48.8314323425293, 9.929319381713867, -11.480661392211914, 6.232579231262207, -42.69060516357422, -8.660289764404297, 16.83139419555664, 109.27645874023438, 19.916854858398438, 31.71821403503418], [-33.674068450927734, -71.61743927001953, 38.183868408203125, 25.588808059692383, 0.09457738697528839, -24.737775802612305, -16.070981979370117, 1.4077541828155518, -20.0944766998291, 9.801247596740723, 19.916854858398438, 87.92681884765625, 16.366233825683594], [-82.02217102050781, 47.94768142700195, 39.378910064697266, 89.95124816894531, 16.190608978271484, -4.0387749671936035, -1.4767454862594604, -36.64863967895508, -1.9509823322296143, -9.681144714355469, 31.71821403503418, 16.366233825683594, 99.99787902832031]], "lowlevel.gfcc.icov": [[0.0002803936367854476, -0.0005789843271486461, 0.00040327233728021383, -0.0004711808869615197, 0.0004703225858975202, -0.0003699306689668447, 0.0005316893802955747, -0.0003156994062010199, 0.0004623104468919337, -0.00021755202033091336, 0.0006046140915714204, -0.0004955510958097875, 0.0004509846621658653], [-0.0005789843271486461, 0.004474537912756205, -0.0022054845467209816, 0.0031627214048057795, -0.0020719452295452356, 0.0018391255289316177, -0.002601449843496084, 0.0020736053120344877, -0.0037705078721046448, 0.003221969585865736, -0.004178688861429691, 0.003662384580820799, -0.0025011547841131687], [0.00040327233728021383, -0.0022054845467209816, 0.0033919443376362324, -0.00244782492518425, 3.235328404116444e-05, 0.00013898784527555108, -0.00026407191762700677, -0.0006013024249114096, 0.00324442726559937, -0.002480751369148493, 0.002159115858376026, -0.002156486501917243, 0.0015217640902847052], [-0.0004711808869615197, 0.0031627214048057795, -0.00244782492518425, 0.004313425626605749, -0.0016176325734704733, 0.0008998889243230224, -0.0002704223443288356, 0.0016409712843596935, -0.0026077895890921354, 0.002410577144473791, -0.003222852246835828, 0.002840459579601884, -0.0031835471745580435], [0.0004703225858975202, -0.0020719452295452356, 3.235328404116444e-05, -0.0016176325734704733, 0.004179216921329498, -0.002171241445466876, 0.0018448192859068513, -0.00047968103899620473, 0.0007510415744036436, -0.000405061844503507, 0.002091260626912117, -0.001862152712419629, 0.0015255974140018225], [-0.0003699306689668447, 0.0018391255289316177, 0.00013898784527555108, 0.0008998889243230224, -0.002171241445466876, 0.008221526630222797, -0.005263632629066706, 8.038644591579214e-05, 0.0016510628629475832, -0.0018914471147581935, -0.0006937792059034109, 0.0034880624152719975, -0.00191587267909199], [0.0005316893802955747, -0.002601449843496084, -0.00026407191762700677, -0.0002704223443288356, 0.0018448192859068513, -0.005263632629066706, 0.01041094958782196, -0.0022105902899056673, 0.0018195214215666056, 0.00048213143600150943, 0.0009008150082081556, -0.001269918167963624, 0.0008673013653606176], [-0.0003156994062010199, 0.0020736053120344877, -0.0006013024249114096, 0.0016409712843596935, -0.00047968103899620473, 8.038644591579214e-05, -0.0022105902899056673, 0.009763392619788647, -0.004730140324681997, 0.0007192054763436317, 0.0008074385696090758, -0.0007104974356479943, 0.0009714789339341223], [0.0004623104468919337, -0.0037705078721046448, 0.00324442726559937, -0.0026077895890921354, 0.0007510415744036436, 0.0016510628629475832, 0.0018195214215666056, -0.004730140324681997, 0.011721374467015266, -0.0029717280995100737, 0.002743081422522664, -0.0004007053794339299, 0.0006301314570009708], [-0.00021755202033091336, 0.003221969585865736, -0.002480751369148493, 0.002410577144473791, -0.000405061844503507, -0.0018914471147581935, 0.00048213143600150943, 0.0007192054763436317, -0.0029717280995100737, 0.013224043883383274, -0.005320135038346052, 0.001512173330411315, 7.364748398686061e-06], [0.0006046140915714204, -0.004178688861429691, 0.002159115858376026, -0.003222852246835828, 0.002091260626912117, -0.0006937792059034109, 0.0009008150082081556, 0.0008074385696090758, 0.002743081422522664, -0.005320135038346052, 0.015834905207157135, -0.005569182801991701, -8.174683171091601e-05], [-0.0004955510958097875, 0.003662384580820799, -0.002156486501917243, 0.002840459579601884, -0.001862152712419629, 0.0034880624152719975, -0.001269918167963624, -0.0007104974356479943, -0.0004007053794339299, 0.001512173330411315, -0.005569182801991701, 0.016889797523617744, -0.004564387258142233], [0.0004509846621658653, -0.0025011547841131687, 0.0015217640902847052, -0.0031835471745580435, 0.0015255974140018225, -0.00191587267909199, 0.0008673013653606176, 0.0009714789339341223, 0.0006301314570009708, 7.364748398686061e-06, -8.174683171091601e-05, -0.004564387258142233, 0.014664264395833015]], "lowlevel.mfcc.cov": [[5500.181640625, -342.0694580078125, -587.9325561523438, -424.25677490234375, -402.18902587890625, -431.0644836425781, -492.8203125, 100.2440414428711, 116.43714141845703, 10.24008560180664, 178.22177124023438, 126.84893798828125, -11.024072647094727], [-342.0694580078125, 1469.7431640625, -54.34894561767578, -238.9971160888672, -8.649019241333008, -25.631689071655273, 35.03760528564453, 88.14820098876953, 11.759533882141113, 61.09195327758789, 52.76375961303711, -33.1138801574707, -22.263362884521484], [-587.9325561523438, -54.34894561767578, 601.1235961914062, 348.8901672363281, 90.02323913574219, 170.91380310058594, 182.42454528808594, -54.68941879272461, -51.94630813598633, -33.96316146850586, -91.04969024658203, -11.386308670043945, 43.30330276489258], [-424.25677490234375, -238.9971160888672, 348.8901672363281, 642.7545166015625, 291.18603515625, 128.9604949951172, 49.38368225097656, -60.31216812133789, -36.00373077392578, -89.2431869506836, -123.2186050415039, 27.926095962524414, 52.869041442871094], [-402.18902587890625, -8.649019241333008, 90.02323913574219, 291.18603515625, 380.09185791015625, 122.71612548828125, 58.248573303222656, -18.14275550842285, -3.072145938873291, -15.12872314453125, -67.5985336303711, 11.475226402282715, 24.77981948852539], [-431.0644836425781, -25.631689071655273, 170.91380310058594, 128.9604949951172, 122.71612548828125, 307.1645202636719, 213.8401336669922, -30.391080856323242, -27.622982025146484, 27.62559700012207, -48.56098556518555, -49.86069869995117, -13.908455848693848], [-492.8203125, 35.03760528564453, 182.42454528808594, 49.38368225097656, 58.248573303222656, 213.8401336669922, 340.1786804199219, 13.986067771911621, -33.1346549987793, 50.01423645019531, -35.96589660644531, -63.58378219604492, -10.537480354309082], [100.2440414428711, 88.14820098876953, -54.68941879272461, -60.31216812133789, -18.14275550842285, -30.391080856323242, 13.986067771911621, 135.5850067138672, 56.54642105102539, 16.984094619750977, 19.426502227783203, 6.434616565704346, -5.9524149894714355], [116.43714141845703, 11.759533882141113, -51.94630813598633, -36.00373077392578, -3.072145938873291, -27.622982025146484, -33.1346549987793, 56.54642105102539, 124.54888916015625, 47.963497161865234, 24.573036193847656, 15.46491527557373, -8.724081039428711], [10.24008560180664, 61.09195327758789, -33.96316146850586, -89.2431869506836, -15.12872314453125, 27.62559700012207, 50.01423645019531, 16.984094619750977, 47.963497161865234, 137.4226837158203, 45.23959732055664, -16.466018676757812, -15.230547904968262], [178.22177124023438, 52.76375961303711, -91.04969024658203, -123.2186050415039, -67.5985336303711, -48.56098556518555, -35.96589660644531, 19.426502227783203, 24.573036193847656, 45.23959732055664, 119.0527114868164, 38.14350128173828, -20.431501388549805], [126.84893798828125, -33.1138801574707, -11.386308670043945, 27.926095962524414, 11.475226402282715, -49.86069869995117, -63.58378219604492, 6.434616565704346, 15.46491527557373, -16.466018676757812, 38.14350128173828, 111.00724792480469, 37.35546875], [-11.024072647094727, -22.263362884521484, 43.30330276489258, 52.869041442871094, 24.77981948852539, -13.908455848693848, -10.537480354309082, -5.9524149894714355, -8.724081039428711, -15.230547904968262, -20.431501388549805, 37.35546875, 97.0927505493164]], "lowlevel.mfcc.icov": [[0.00023953938216436654, 6.51746304356493e-05, 0.00012183052604086697, -1.5716184861958027e-05, 0.00018314251792617142, 1.350824095425196e-05, 0.0002307265531271696, -0.0001551690511405468, 4.490497303777374e-06, -7.263937732204795e-05, -5.100164344185032e-05, -9.76798401097767e-05, -1.7056872820830904e-05], [6.51746304356493e-05, 0.0008169913780875504, -0.00024241696519311517, 0.0005014553316868842, -0.0003806965542025864, 0.00010883258801186457, 0.00016070705896709114, -0.0005811005248688161, 0.00029805750818923116, -0.00014607304183300585, -0.0002491450868546963, 0.0002631739480420947, -2.5446293875575066e-05], [0.00012183052604086697, -0.00024241696519311517, 0.003547028638422489, -0.0021654092706739902, 0.00151096994522959, -0.00047084339894354343, -0.0014399728970602155, 0.0007426360971294343, -0.00012058833090122789, -1.9604351109592244e-05, 0.0005683931522071362, -0.00047799685853533447, -0.0007188389427028596], [-1.5716184861958027e-05, 0.0005014553316868842, -0.0021654092706739902, 0.004584559239447117, -0.0027567758224904537, -0.0001807325315894559, 0.0007991663296706975, 0.00013520801439881325, -0.00016616245557088405, 0.0011637585703283548, 0.001370083075016737, -0.0008795447065494955, 0.00014962375280447304], [0.00018314251792617142, -0.0003806965542025864, 0.00151096994522959, -0.0027567758224904537, 0.005303999409079552, -0.0014665487688034773, -8.912117482395843e-05, -1.8842667486751452e-05, -0.00031904142815619707, -0.000833621365018189, 0.001303269062191248, -0.0011752605205401778, -0.00024686759570613503], [1.350824095425196e-05, 0.00010883258801186457, -0.00047084339894354343, -0.0001807325315894559, -0.0014665487688034773, 0.007307398598641157, -0.003905014367774129, 0.0016769205685704947, -0.00035543538979254663, -0.00049551174743101, 0.0003617944894358516, 0.0005676813889294863, 0.0011830185540020466], [0.0002307265531271696, 0.00016070705896709114, -0.0014399728970602155, 0.0007991663296706975, -8.912117482395843e-05, -0.003905014367774129, 0.00736238481476903, -0.0030136865098029375, 0.0024889367632567883, -0.0022613522596657276, 0.0002247116935905069, 0.001417901599779725, -0.0002815794141497463], [-0.0001551690511405468, -0.0005811005248688161, 0.0007426360971294343, 0.00013520801439881325, -1.8842667486751452e-05, 0.0016769205685704947, -0.0030136865098029375, 0.011036872863769531, -0.005526156164705753, 0.0019161204108968377, -0.00032263153116218746, -0.00037219823570922017, -8.178117423085496e-05], [4.490497303777374e-06, 0.00029805750818923116, -0.00012058833090122789, -0.00016616245557088405, -0.00031904142815619707, -0.00035543538979254663, 0.0024889367632567883, -0.005526156164705753, 0.01319497637450695, -0.005476906895637512, 0.0010907453252002597, -0.0017677964642643929, 0.001411099685356021], [-7.263937732204795e-05, -0.00014607304183300585, -1.9604351109592244e-05, 0.0011637585703283548, -0.000833621365018189, -0.00049551174743101, -0.0022613522596657276, 0.0019161204108968377, -0.005476906895637512, 0.012515641748905182, -0.005174450576305389, 0.0030906102620065212, -0.0014596645487472415], [-5.100164344185032e-05, -0.0002491450868546963, 0.0005683931522071362, 0.001370083075016737, 0.001303269062191248, 0.0003617944894358516, 0.0002247116935905069, -0.00032263153116218746, 0.0010907453252002597, -0.005174450576305389, 0.01666083000600338, -0.00834062322974205, 0.0046626245602965355], [-9.76798401097767e-05, 0.0002631739480420947, -0.00047799685853533447, -0.0008795447065494955, -0.0011752605205401778, 0.0005676813889294863, 0.001417901599779725, -0.00037219823570922017, -0.0017677964642643929, 0.0030906102620065212, -0.00834062322974205, 0.016324199736118317, -0.006456038448959589], [-1.7056872820830904e-05, -2.5446293875575066e-05, -0.0007188389427028596, 0.00014962375280447304, -0.00024686759570613503, 0.0011830185540020466, -0.0002815794141497463, -8.178117423085496e-05, 0.001411099685356021, -0.0014596645487472415, 0.0046626245602965355, -0.006456038448959589, 0