{"song_id": "1183694971262472262", "download": "https://cdn.discordapp.com/attachments/1135911532732108921/1183694971262472262/chirp.mp4?ex=658944d9&amp", "lyrics": "Je ne suis ni asiatique ni australien\nJe suis seulement un humain\n\nLes marchands d'armes fondent en larmes\nEt ils n'auront PLUS rien\n\nTout ce qui divise, c'est leur devise\nOn n'a pas besoin\n\nJe ne suis ni am\u00e9ricain ni africain\nJe suis seulement un terrien\n\nLa beaut\u00e9 est dans la diff\u00e9rence du corps\nPas dans le changement du d\u00e9cor\n\nSi on \u00e9tait tous pareils et d'accord\nOn s'ennuierait \u00e0 mort\n\nJe ne suis ni martien ni europ\u00e9en\nJe suis seulement un monosapien\n\nVous \u00eates tous rares et en voie de disparition\nLe peu qui reste, on doit le pr\u00e9server\nAimer les autres sans crainte\nRegarder vos empreintes\nC'est votre marque d\u00e9pos\u00e9e\nQui prouve que vous \u00eates unique et authentique\nEt magnifique.", "style": ["rap"], "essentia_features": {"lowlevel.average_loudness": 0.71913081407547, "lowlevel.barkbands_crest.mean": 14.817770957946777, "lowlevel.barkbands_crest.stdev": 5.623307228088379, "lowlevel.barkbands_flatness_db.mean": 0.2904776632785797, "lowlevel.barkbands_flatness_db.stdev": 0.11819077283143997, "lowlevel.barkbands_kurtosis.mean": 70.75987243652344, "lowlevel.barkbands_kurtosis.stdev": 138.4076690673828, "lowlevel.barkbands_skewness.mean": 4.0119853019714355, "lowlevel.barkbands_skewness.stdev": 4.283265590667725, "lowlevel.barkbands_spread.mean": 11.771937370300293, "lowlevel.barkbands_spread.stdev": 19.032520294189453, "lowlevel.dissonance.mean": 0.4407050609588623, "lowlevel.dissonance.stdev": 0.044628143310546875, "lowlevel.dynamic_complexity": 6.462841987609863, "lowlevel.erbbands_crest.mean": 13.370500564575195, "lowlevel.erbbands_crest.stdev": 5.439627647399902, "lowlevel.erbbands_flatness_db.mean": 0.21441315114498138, "lowlevel.erbbands_flatness_db.stdev": 0.06615617126226425, "lowlevel.erbbands_kurtosis.mean": 24.082517623901367, "lowlevel.erbbands_kurtosis.stdev": 37.52426528930664, "lowlevel.erbbands_skewness.mean": 2.584251880645752, "lowlevel.erbbands_skewness.stdev": 3.166581630706787, "lowlevel.erbbands_spread.mean": 29.51702880859375, "lowlevel.erbbands_spread.stdev": 27.34156608581543, "lowlevel.hfc.mean": 15.23252010345459, "lowlevel.hfc.stdev": 38.82517623901367, "lowlevel.loudness_ebu128.integrated": -23.25996208190918, "lowlevel.loudness_ebu128.loudness_range": 4.754268646240234, "lowlevel.loudness_ebu128.momentary.mean": -25.590089797973633, "lowlevel.loudness_ebu128.momentary.stdev": 4.775618076324463, "lowlevel.loudness_ebu128.short_term.mean": -23.79949951171875, "lowlevel.loudness_ebu128.short_term.stdev": 1.6330230236053467, "lowlevel.melbands_crest.mean": 19.35826301574707, "lowlevel.melbands_crest.stdev": 6.505053520202637, "lowlevel.melbands_flatness_db.mean": 0.3886646032333374, "lowlevel.melbands_flatness_db.stdev": 0.15109972655773163, "lowlevel.melbands_kurtosis.mean": 73.96495056152344, "lowlevel.melbands_kurtosis.stdev": 102.3346939086914, "lowlevel.melbands_skewness.mean": 4.141891956329346, "lowlevel.melbands_skewness.stdev": 3.3265185356140137, "lowlevel.melbands_spread.mean": 15.946057319641113, "lowlevel.melbands_spread.stdev": 37.08309555053711, "lowlevel.pitch_salience.mean": 0.4667140543460846, "lowlevel.pitch_salience.stdev": 0.1777377873659134, "lowlevel.silence_rate_20dB.mean": 1.0, "lowlevel.silence_rate_20dB.stdev": 0.0, "lowlevel.silence_rate_30dB.mean": 0.9843568801879883, "lowlevel.silence_rate_30dB.stdev": 0.12408995628356934, "lowlevel.silence_rate_60dB.mean": 0.2786790132522583, "lowlevel.silence_rate_60dB.stdev": 0.4483512043952942, "lowlevel.spectral_centroid.mean": 828.413818359375, "lowlevel.spectral_centroid.stdev": 1098.6416015625, "lowlevel.spectral_complexity.mean": 7.36326789855957, "lowlevel.spectral_complexity.stdev": 8.115202903747559, "lowlevel.spectral_decrease.mean": -5.3009712175366985e-09, "lowlevel.spectral_decrease.stdev": 6.907868055350264e-09, "lowlevel.spectral_energy.mean": 0.02138873189687729, "lowlevel.spectral_energy.stdev": 0.027091411873698235, "lowlevel.spectral_energyband_high.mean": 0.0009869852801784873, "lowlevel.spectral_energyband_high.stdev": 0.004501949064433575, "lowlevel.spectral_energyband_low.mean": 0.010623177513480186, "lowlevel.spectral_energyband_low.stdev": 0.01537874061614275, "lowlevel.spectral_energyband_middle_high.mean": 0.001955546671524644, "lowlevel.spectral_energyband_middle_high.stdev": 0.0046915458515286446, "lowlevel.spectral_energyband_middle_low.mean": 0.008734490722417831, "lowlevel.spectral_energyband_middle_low.stdev": 0.015460153110325336, "lowlevel.spectral_entropy.mean": 6.462734699249268, "lowlevel.spectral_entropy.stdev": 1.1597415208816528, "lowlevel.spectral_flux.mean": 0.07072551548480988, "lowlevel.spectral_flux.stdev": 0.061539217829704285, "lowlevel.spectral_kurtosis.mean": 11.019902229309082, "lowlevel.spectral_kurtosis.stdev": 10.045137405395508, "lowlevel.spectral_rms.mean": 0.0037263561971485615, "lowlevel.spectral_rms.stdev": 0.0026422159280627966, "lowlevel.spectral_rolloff.mean": 1115.213623046875, "lowlevel.spectral_rolloff.stdev": 2351.467041015625, "lowlevel.spectral_skewness.mean": 2.4897348880767822, "lowlevel.spectral_skewness.stdev": 1.2693110704421997, "lowlevel.spectral_spread.mean": 4580999.5, "lowlevel.spectral_spread.stdev": 2057961.5, "lowlevel.spectral_strongpeak.mean": 0.5947818756103516, "lowlevel.spectral_strongpeak.stdev": 0.9323496222496033, "lowlevel.zerocrossingrate.mean": 0.04205046594142914, "lowlevel.zerocrossingrate.stdev": 0.06725363433361053, "metadata.audio_properties.analysis.equal_loudness": 0.0, "metadata.audio_properties.analysis.length": 40.04265213012695, "metadata.audio_properties.analysis.sample_rate": 44100.0, "metadata.audio_properties.analysis.start_time": 0.0, "metadata.audio_properties.bit_rate": 126208.0, "metadata.audio_properties.length": 40.042667388916016, "metadata.audio_properties.lossless": 0.0, "metadata.audio_properties.number_channels": 1.0, "metadata.audio_properties.replay_gain": -4.9111175537109375, "metadata.audio_properties.sample_rate": 48000.0, "rhythm.beats_count": 88.0, "rhythm.beats_loudness.mean": 0.025971679016947746, "rhythm.beats_loudness.stdev": 0.02248295769095421, "rhythm.bpm": 122.8482666015625, "rhythm.bpm_histogram_first_peak_bpm": 123.0, "rhythm.bpm_histogram_first_peak_weight": 0.384615421295166, "rhythm.bpm_histogram_second_peak_bpm": 140.0, "rhythm.bpm_histogram_second_peak_spread": 0.6000000238418579, "rhythm.bpm_histogram_second_peak_weight": 0.09195402264595032, "rhythm.danceability": 1.125003695487976, "rhythm.onset_rate": 4.6686482429504395, "tonal.chords_changes_rate": 0.06828703731298447, "tonal.chords_number_rate": 0.009259259328246117, "tonal.chords_strength.mean": 0.6042483448982239, "tonal.chords_strength.stdev": 0.11274278163909912, "tonal.hpcp_crest.mean": 12.302833557128906, "tonal.hpcp_crest.stdev": 6.101428031921387, "tonal.hpcp_entropy.mean": 2.2730188369750977, "tonal.hpcp_entropy.stdev": 0.7864202857017517, "tonal.key_edma.strength": 0.6259992122650146, "tonal.key_krumhansl.strength": 0.629227876663208, "tonal.key_temperley.strength": 0.6292825937271118, "tonal.tuning_diatonic_strength": 0.6578512787818909, "tonal.tuning_equal_tempered_deviation": 0.2894078493118286, "tonal.tuning_frequency": 432.94091796875, "tonal.tuning_nontempered_energy_ratio": 0.9207652807235718, "lowlevel.barkbands.mean": [5.3316602134145796e-05, 0.0036170503590255976, 0.006086649373173714, 0.0014235617127269506, 0.003643813543021679, 0.0013561303494498134, 0.0012212145375087857, 0.0006822663126513362, 0.0003371052152942866, 0.00020292059343773872, 0.00016932807920966297, 0.00021494284737855196, 0.0002120378048857674, 0.00011699533934006467, 0.00011568319314392284, 0.00024020904675126076, 0.00024960044538602233, 0.00017334149742964655, 0.00021260646462906152, 0.00012615036393981427, 0.00013037210737820715, 0.00011711211845977232, 0.0001961450179805979, 0.0003086631477344781, 0.00012692398740909994, 5.359713759389706e-05, 1.0008824347096379e-06], "lowlevel.barkbands.stdev": [0.0005856433417648077, 0.0060410150326788425, 0.010919791646301746, 0.0038823336362838745, 0.007378704845905304, 0.004274060484021902, 0.0045922803692519665, 0.002743637189269066, 0.0016033435240387917, 0.0010426548542454839, 0.0006609981064684689, 0.001143445260822773, 0.0012379327090457082, 0.000653187045827508, 0.0005026809521950781, 0.0009032607777044177, 0.0009282209794037044, 0.000679232005495578, 0.00085828808369115, 0.00046025056508369744, 0.0007193834753707051, 0.0006611004937440157, 0.001120002125389874, 0.0015732906758785248, 0.0006764351855963469, 0.0002489807375241071, 5.121878530189861e-06], "lowlevel.erbbands.mean": [0.037205591797828674, 1.12423574924469, 6.568161964416504, 5.969005107879639, 7.7678937911987305, 13.10693073272705, 10.980143547058105, 11.808871269226074, 17.546344757080078, 17.74659538269043, 12.648263931274414, 8.10682201385498, 6.592072010040283, 6.546192169189453, 7.420031547546387, 8.49942684173584, 9.531325340270996, 7.237854480743408, 5.445213317871094, 8.647501945495605, 14.152482986450195, 14.215163230895996, 9.899040222167969, 10.516700744628906, 9.627996444702148, 5.993728160858154, 4.99045467376709, 5.35540246963501, 4.367550373077393, 3.858623743057251, 5.7589640617370605, 6.6955060958862305, 4.824460506439209, 1.7477391958236694, 0.7989643812179565, 0.3069128692150116, 0.084072045981884, 0.01063904445618391, 0.00024250693968497217, 3.615717650973238e-05], "lowlevel.erbbands.stdev": [0.07666997611522675, 1.7882537841796875, 11.553935050964355, 12.889274597167969, 14.323673248291016, 32.320674896240234, 40.986812591552734, 39.35198211669922, 66.19088745117188, 68.591552734375, 50.21677017211914, 37.08060836791992, 34.668880462646484, 29.089946746826172, 28.092012405395508, 43.36949157714844, 54.167598724365234, 41.55366516113281, 24.370981216430664, 35.7208137512207, 49.52607727050781, 52.57650375366211, 35.72277069091797, 53.615089416503906, 33.716957092285156, 21.56073760986328, 27.607318878173828, 29.613319396972656, 24.556262969970703, 21.17152976989746, 32.86647415161133, 35.120723724365234, 24.441865921020508, 9.175397872924805, 4.139634609222412, 1.4833258390426636, 0.38942644000053406, 0.049176398664712906, 0.0010150038870051503, 6.402927829185501e-05], "lowlevel.gfcc.mean": [-162.50856018066406, 92.70738220214844, -45.992706298828125, 53.904014587402344, -27.963232040405273, 12.054863929748535, -43.255428314208984, 2.9682698249816895, -33.1284065246582, -6.7094597816467285, -19.906965255737305, -5.177770137786865, -15.491888046264648], "lowlevel.melbands.mean": [0.000668556138407439, 0.0026911345776170492, 0.0010754105169326067, 0.0007956268382258713, 0.00042794624459929764, 0.0002688217500690371, 0.0002647773071657866, 0.00018531165551394224, 9.45257197599858e-05, 4.7336645366158336e-05, 3.2119100069394335e-05, 2.606863017717842e-05, 2.395196133875288e-05, 2.3803851945558563e-05, 2.2654323402093723e-05, 1.9399838492972776e-05, 1.2612820682988968e-05, 8.224938937928528e-06, 9.396089808433317e-06, 1.4193321476341225e-05, 1.6981570297502913e-05, 1.532771966594737e-05, 1.1086861377407331e-05, 7.479999112547375e-06, 8.643451110401656e-06, 7.882925274316221e-06, 5.526682343770517e-06, 3.4957797652168665e-06, 2.980769295390928e-06, 3.055983370359172e-06, 3.22245523420861e-06, 2.619067572595668e-06, 1.888269480332383e-06, 2.2612325665249955e-06, 2.9128557343938155e-06, 4.206528956274269e-06, 4.2137894524785224e-06, 3.878149527736241e-06, 2.0232046153978445e-06, 1.304235411225818e-06], "lowlevel.melbands.stdev": [0.0011852594325318933, 0.004289248958230019, 0.0019142312230542302, 0.0016232174821197987, 0.0013919369084760547, 0.0008748485706746578, 0.0009880430297926068, 0.0007207259186543524, 0.00039086389006115496, 0.00022620878007728606, 0.0001722080196486786, 0.00011983184231212363, 8.962388528743759e-05, 0.00011455477942945436, 0.00013815001875627786, 0.0001086043703253381, 7.958746573422104e-05, 4.1104220144916326e-05, 4.1277835407527164e-05, 5.71102173125837e-05, 6.155066512292251e-05, 5.795623656013049e-05, 4.6284003474283963e-05, 3.0289729693322442e-05, 4.771743988385424e-05, 2.94356814265484e-05, 1.9363504179636948e-05, 1.2958922525285743e-05, 1.6526504623470828e-05, 1.7665228369878605e-05, 1.912565312522929e-05, 1.5038420315249823e-05, 1.0568674952082802e-05, 1.3118483366270084e-05, 1.7216136257047765e-05, 2.3475733541999944e-05, 2.2307476683636196e-05, 1.975370651052799e-05, 1.0607089279801585e-05, 7.018917131063063e-06], "lowlevel.melbands128.mean": [2.032329939538613e-05, 8.980485290521756e-05, 0.0007371593965217471, 0.0021273246966302395, 0.00354449893347919, 0.002668800065293908, 0.0012242422671988606, 0.0006034618709236383, 0.0007418977911584079, 0.0009763896814547479, 0.0007150635938160121, 0.0005415893392637372, 0.00038440851494669914, 0.00022629473824054003, 0.00023906184651423246, 0.0003110207326244563, 0.0003156036837026477, 0.0002504386065993458, 0.00021094547992106527, 0.00021333139738999307, 0.00016809729277156293, 0.00010977223428199068, 9.583046630723402e-05, 6.383795698639005e-05, 5.029039311921224e-05, 4.444447404239327e-05, 2.7698561098077334e-05, 3.591093627619557e-05, 3.02900152746588e-05, 2.279434738738928e-05, 2.7359332307241857e-05, 2.6089050152222626e-05, 2.178818976972252e-05, 2.2919328330317512e-05, 2.8737949833157472e-05, 2.1217598259681836e-05, 2.0790463167941198e-05, 2.414021764707286e-05, 2.29001361731207e-05, 2.0868928913841955e-05, 1.9653620256576687e-05, 1.609073115105275e-05, 1.360175428999355e-05, 1.0002570888900664e-05, 8.357231308764312e-06, 7.97366737970151e-06, 8.056199476413894e-06, 8.488281309837475e-06, 9.927563951350749e-06, 1.241689005837543e-05, 1.4196622942108661e-05, 1.6783336832304485e-05, 1.843835889303591e-05, 1.5620766134816222e-05, 1.6209885870921426e-05, 1.6819272786960937e-05, 1.3221270819485653e-05, 1.2158744539192412e-05, 1.0923258741968311e-05, 7.75875014369376e-06, 6.898833362356527e-06, 7.079661372699775e-06, 9.11140250536846e-06, 9.1001375039923e-06, 7.855988769733813e-06, 8.447917025478091e-06, 7.849981557228602e-06, 5.6160388339776546e-06, 5.11602502228925e-06, 5.210782092035515e-06, 3.271124114689883e-06, 2.7304456580168335e-06, 3.0261212486948352e-06, 2.9959969651827123e-06, 3.0063861231610645e-06, 3.2491550427948823e-06, 2.9898951652285177e-06, 2.755989271463477e-06, 3.6259002627048176e-06, 3.236133125028573e-06, 2.688308995857369e-06, 2.552117621235084e-06, 1.980605702556204e-06, 1.7451823168812552e-06, 1.8394480321148876e-06, 1.9844283087877557e-06, 2.50766515819123e-06, 2.659563961060485e-06, 2.465562374709407e-06, 3.278741132817231e-06, 4.835101663047681e-06, 4.294390237191692e-06, 3.4945076095027616e-06, 4.266617452231003e-06, 4.571459612634499e-06, 4.5450769903254695e-06, 3.6917492707289057e-06, 3.0220487587939715e-06, 2.158595862056245e-06, 1.4246685395846725e-06, 1.3001094885112252e-06, 1.467754259465437e-06, 1.052553670888301e-06, 8.852046562424221e-07, 9.673569820733974e-07, 8.134821882777032e-07, 7.077370582919684e-07, 6.272485961744678e-07, 5.295082701195497e-07, 4.2026650248772057e-07, 3.3381130037923867e-07, 2.775338714400277e-07, 2.629226969474985e-07, 2.3297113216358412e-07, 1.6921536882819055e-07, 1.270320240109868e-07, 3.844629148375134e-08, 7.2043300214374995e-09, 9.182915539085457e-10, 5.340895260774747e-12, 4.427897284942084e-12, 3.4080229957544894e-12, 3.319534968085347e-12, 3.2428127023920172e-12, 3.0460048545954965e-12, 2.7436282412640622e-12, 2.5781473310393377e-12, 2.5424037874977046e-12], "lowlevel.melbands128.stdev": [0.00019293265359010547, 0.0002500216942280531, 0.001838797703385353, 0.003562142373993993, 0.006507088430225849, 0.004881082568317652, 0.003148817690089345, 0.0015279309591278434, 0.0016199382953345776, 0.002402564277872443, 0.0022065939847379923, 0.002037242753431201, 0.0018630115082487464, 0.0008756269817240536, 0.000994970672763884, 0.0013900712365284562, 0.0013499115593731403, 0.0012852780055254698, 0.001068009645678103, 0.001002466888166964, 0.0008123996667563915, 0.0005243103369139135, 0.0004780232848133892, 0.00036397503572516143, 0.00026405660901218653, 0.00027846149168908596, 0.00016059455811046064, 0.00024925186880864203, 0.0001805075298761949, 0.0001367442455375567, 0.0001460990315536037, 0.00012433119991328567, 8.953068754635751e-05, 9.875262185232714e-05, 0.0001688590127741918, 0.00011900961544597521, 0.00012831829371862113, 0.0001993537589441985, 0.00015696024638600647, 0.000144590885611251, 0.0001221331040142104, 0.00010542622476350516, 0.00010465275408932939, 7.162032125052065e-05, 5.3991050663171336e-05, 4.760239608003758e-05, 4.624242501449771e-05, 4.111790985916741e-05, 5.339175186236389e-05, 7.088261190801859e-05, 6.675628537777811e-05, 6.854860839666799e-05, 8.547063771402463e-05, 5.837461139890365e-05, 5.832685201312415e-05, 7.557573553640395e-05, 6.283127004280686e-05, 6.432532973121852e-05, 4.757646092912182e-05, 3.175759775331244e-05, 2.864312227757182e-05, 4.0997620089910924e-05, 5.2334948122734204e-05, 5.893619527341798e-05, 3.594192094169557e-05, 3.291929169790819e-05, 3.079341695411131e-05, 2.0975132429157384e-05, 2.0642966774175875e-05, 2.117376061505638e-05, 1.2286761375435162e-05, 1.1931520930374973e-05, 1.579112358740531e-05, 1.8882024960475974e-05, 2.0908242731820792e-05, 2.0746529116877355e-05, 1.8075232219416648e-05, 1.656412314332556e-05, 2.4243747247965075e-05, 2.1637104509864002e-05, 1.6319881979143247e-05, 1.5254334357450716e-05, 1.2122611224185675e-05, 1.0634200407366734e-05, 1.0470889719726983e-05, 1.0924091839115135e-05, 1.6684751244611107e-05, 1.921696457429789e-05, 1.3808070434606634e-05, 2.2323529265122488e-05, 3.0425790100707673e-05, 2.4372302505071275e-05, 1.8741004168987274e-05, 2.480080001987517e-05, 2.4631955966469832e-05, 2.543529808463063e-05, 1.8729191651800647e-05, 1.6193371266126633e-05, 1.2233946108608507e-05, 8.727080057724379e-06, 7.148443728510756e-06, 8.77258753462229e-06, 5.405692263593664e-06, 4.890882792096818e-06, 5.625422545563197e-06, 4.584735506796278e-06, 3.860222022922244e-06, 3.211414650650113e-06, 2.525854142731987e-06, 2.382105094511644e-06, 1.9247797808930045e-06, 1.5077505395311164e-06, 1.2582753470269381e-06, 1.1914150945813162e-06, 8.858536375555559e-07, 7.256001595123962e-07, 1.7640411442698678e-07, 5.32646815543103e-08, 1.2639416624438127e-08, 3.6542203291078934e-11, 2.642974727962155e-11, 5.624077158844498e-12, 5.46827340353051e-12, 5.36527723291047e-12, 5.282399084122202e-12, 5.209943587658472e-12, 5.161346610521589e-12, 5.131321149237644e-12], "lowlevel.mfcc.mean": [-830.7911376953125, 129.35696411132812, 45.137577056884766, 50.42915344238281, 37.44558334350586, 14.1266450881958, 11.232963562011719, 5.968458652496338, -2.991360902786255, -1.537903070449829, -6.939187049865723, -3.2894809246063232, -5.718316555023193], "lowlevel.spectral_contrast_coeffs.mean": [-0.6430206298828125, -0.7953771352767944, -0.8455745577812195, -0.8345235586166382, -0.8262187838554382, -0.8221781849861145], "lowlevel.spectral_contrast_coeffs.stdev": [0.09533699601888657, 0.09897157549858093, 0.05757693201303482, 0.0738547220826149, 0.07371232658624649, 0.04922977834939957], "lowlevel.spectral_contrast_valleys.mean": [-7.590454578399658, -8.723466873168945, -9.418580055236816, -9.508939743041992, -9.328320503234863, -11.654549598693848], "lowlevel.spectral_contrast_valleys.stdev": [1.0773234367370605, 1.6108869314193726, 1.5244855880737305, 1.5375707149505615, 1.6449284553527832, 1.4006378650665283], "rhythm.beats_loudness_band_ratio.mean": [0.6616842746734619, 0.18575261533260345, 0.07311215996742249, 0.027088908478617668, 0.019566450268030167, 0.0887376070022583], "rhythm.beats_loudness_band_ratio.stdev": [0.32223382592201233, 0.22263191640377045, 0.14024507999420166, 0.06772170215845108, 0.034217607229948044, 0.2494356632232666], "tonal.hpcp.mean": [0.1378394216299057, 0.09871019423007965, 0.08850793540477753, 0.11034446209669113, 0.11608193814754486, 0.07922492176294327, 0.041958458721637726, 0.04184092953801155, 0.0635388046503067, 0.08919575810432434, 0.08406273275613785, 0.05478106439113617, 0.04156816378235817, 0.0415317602455616, 0.044320687651634216, 0.0661914199590683, 0.08178430050611496, 0.07753148674964905, 0.09797678142786026, 0.11076153814792633, 0.08721344918012619, 0.07799834758043289, 0.07113305479288101, 0.06423716992139816, 0.07131300866603851, 0.0745772048830986, 0.06460843235254288, 0.04821513593196869, 0.04657914489507675, 0.053924232721328735, 0.0838322788476944, 0.1206415519118309, 0.14539967477321625, 0.2269529104232788, 0.2618488073348999, 0.1929066777229309], "tonal.hpcp.stdev": [0.2777244746685028, 0.22487105429172516, 0.22356298565864563, 0.25711777806282043, 0.2727787494659424, 0.21933425962924957, 0.13925927877426147, 0.14118611812591553, 0.19122160971164703, 0.2306963950395584, 0.21651090681552887, 0.16284626722335815, 0.13313418626785278, 0.1447279155254364, 0.139018252491951, 0.18735471367835999, 0.21510905027389526, 0.19689781963825226, 0.2381240725517273, 0.26709112524986267, 0.21734558045864105, 0.2080979347229004, 0.19150641560554504, 0.1733727902173996, 0.18132175505161285, 0.19603614509105682, 0.17887048423290253, 0.14510278403759003, 0.14465010166168213, 0.15764585137367249, 0.20279741287231445, 0.2536419928073883, 0.2805348038673401, 0.33602115511894226, 0.3712085485458374, 0.3066948354244232], "rhythm.beats_position": [0.3831292390823364, 0.7894784212112427, 1.195827603340149, 1.6021767854690552, 2.0201361179351807, 2.4148752689361572, 2.809614419937134, 3.2275736331939697, 3.6455328464508057, 4.0634918212890625, 4.458230972290039, 4.818140506744385, 5.189659595489502, 5.561179161071777, 5.9326982498168945, 6.36226749420166, 6.8034467697143555, 7.256235599517822, 7.697414875030518, 8.126983642578125, 8.55655288696289, 8.986122131347656, 9.415691375732422, 9.845260620117188, 10.274829864501953, 10.727619171142578, 11.168798446655273, 11.609976768493652, 12.004715919494629, 12.411065101623535, 12.782585144042969, 13.142494201660156, 13.490793228149414, 13.850702285766602, 14.210612297058105, 14.582131385803223, 14.9768705368042, 15.383219718933105, 15.789568901062012, 16.20752716064453, 16.613876342773438, 17.020225524902344, 17.414966583251953, 17.78648567199707, 18.216054916381836, 18.668842315673828, 19.086801528930664, 19.53959083557129, 19.980770111083984, 20.42194938659668, 20.909568786621094, 21.408798217773438, 21.89641761779785, 22.384035110473633, 22.871654510498047, 23.37088394165039, 23.893333435058594, 24.415781021118164, 24.949840545654297, 25.4722900390625, 26.006349563598633, 26.517187118530273, 27.016416549682617, 27.53886604309082, 28.072925567626953, 28.618593215942383, 29.164262771606445, 29.709932327270508, 30.19754981994629, 30.696779251098633, 31.184398651123047, 31.67201805114746, 32.159637451171875, 32.647254943847656, 33.10004425048828, 33.576053619384766, 34.05206298828125, 34.53968048095703, 35.02730178833008, 35.52653121948242, 36.025760650634766, 36.51337814331055, 36.98938751220703, 37.47700500488281, 37.96462631225586, 38.440635681152344, 38.928253173828125, 39.415870666503906], "rhythm.bpm_histogram": [0.0, 0.0, 0.0, 0.0, 0.0, 0.0, 0.0, 0.0, 0.0, 0.0, 0.0, 0.0, 0.0, 0.0, 0.0, 0.0, 0.0, 0.0, 0.0, 0.0, 0.0, 0.0, 0.0, 0.0, 0.0, 0.0, 0.0, 0.0, 0.0, 0.0, 0.0, 0.0, 0.0, 0.0, 0.0, 0.0, 0.0, 0.0, 0.0, 0.0, 0.0, 0.0, 0.0, 0.0, 0.0, 0.0, 0.0, 0.0, 0.0, 0.0, 0.0, 0.0, 0.0, 0.0, 0.0, 0.0, 0.0, 0.0, 0.0, 0.0, 0.0, 0.0, 0.0, 0.0, 0.0, 0.0, 0.0, 0.0, 0.0, 0.0, 0.0, 0.0, 0.0, 0.0, 0.0, 0.0, 0.0, 0.0, 0.0, 0.0, 0.0, 0.0, 0.0, 0.0, 0.0, 0.0, 0.0, 0.0, 0.0, 0.0, 0.0, 0.0, 0.0, 0.0, 0.0, 0.0, 0.0, 0.0, 0.0, 0.0, 0.0, 0.0, 0.0, 0.0, 0.0, 0.0, 0.0, 0.0, 0.0, 0.0, 0.03448275849223137, 0.0, 0.03448275849223137, 0.0, 0.0, 0.04597701132297516, 0.0, 0.01149425283074379, 0.0, 0.0, 0.06896551698446274, 0.0, 0.0, 0.18390804529190063, 0.0, 0.0, 0.04597701132297516, 0.0, 0.0, 0.0, 0.0, 0.0, 0.0, 0.05747126415371895, 0.0, 0.0, 0.06896551698446274, 0.0, 0.0, 0.0, 0.09195402264595032, 0.0, 0.0, 0.0, 0.06896551698446274, 0.0, 0.0, 0.0, 0.09195402264595032, 0.0, 0.0, 0.0, 0.06896551698446274, 0.0, 0.0, 0.0, 0.0, 0.0, 0.0, 0.0, 0.0, 0.06896551698446274, 0.0, 0.0, 0.0, 0.0, 0.0, 0.04597701132297516, 0.0, 0.0, 0.0, 0.0, 0.01149425283074379, 0.0, 0.0, 0.0, 0.0, 0.0, 0.0, 0.0, 0.0, 0.0, 0.0, 0.0, 0.0, 0.0, 0.0, 0.0, 0.0, 0.0, 0.0, 0.0, 0.0, 0.0, 0.0, 0.0, 0.0, 0.0, 0.0, 0.0, 0.0, 0.0, 0.0, 0.0, 0.0, 0.0, 0.0, 0.0, 0.0, 0.0, 0.0, 0.0, 0.0, 0.0, 0.0, 0.0, 0.0, 0.0, 0.0, 0.0, 0.0, 0.0, 0.0, 0.0, 0.0, 0.0, 0.0, 0.0, 0.0, 0.0, 0.0, 0.0, 0.0, 0.0, 0.0, 0.0, 0.0, 0.0, 0.0, 0.0, 0.0, 0.0, 0.0, 0.0, 0.0, 0.0, 0.0, 0.0, 0.0, 0.0], "tonal.chords_histogram": [31.94444465637207, 2.777777671813965, 0.11574073880910873, 0.0, 0.0, 1.7361111640930176, 2.0833332538604736, 0.11574073880910873, 1.8518518209457397, 0.0, 1.1574074029922485, 0.0, 0.0, 0.11574073880910873, 0.0, 0.46296295523643494, 0.0, 0.0, 0.0, 0.0, 0.0, 0.11574073880910873, 2.314814805984497, 55.20833206176758], "tonal.thpcp": [1.0, 0.7367101907730103, 0.5264084339141846, 0.3769740164279938, 0.33801159262657166, 0.42140525579452515, 0.44331666827201843, 0.3025597929954529, 0.16023926436901093, 0.15979041159152985, 0.24265454709529877, 0.3406383991241455, 0.32103538513183594, 0.20920875668525696, 0.15874871611595154, 0.15860970318317413, 0.16926060616970062, 0.2527848780155182, 0.3123340606689453, 0.29609256982803345, 0.374173104763031, 0.4229980707168579, 0.33306795358657837, 0.2978755235671997, 0.27165696024894714, 0.2453216016292572, 0.2723442316055298, 0.2848101854324341, 0.246739462018013, 0.18413349986076355, 0.17788565158843994, 0.2059365212917328, 0.3201552927494049, 0.46072980761528015, 0.5552810430526733, 0.866732656955719], "lowlevel.gfcc.cov": [[17684.25390625, -886.1885375976562, -5128.5263671875, -32.32107925415039, -1160.88720703125, -1463.397216796875, -1076.72509765625, 1049.0401611328125, 370.1627197265625, 437.6409912109375, 890.6358642578125, 218.12677001953125, 30.106504440307617], [-886.1885375976562, 3557.7158203125, 51.54136657714844, -1198.18310546875, 256.7486267089844, -433.1339111328125, 204.76365661621094, -72.04898071289062, 228.2936248779297, -270.7581481933594, 65.00489807128906, -183.56756591796875, 139.44004821777344], [-5128.5263671875, 51.54136657714844, 2593.437744140625, 404.6049499511719, 473.04815673828125, 586.4547729492188, 407.3817138671875, -367.8530578613281, -142.31430053710938, -164.5452880859375, -259.64776611328125, -32.13264083862305, 0.005760312080383301], [-32.32107925415039, -1198.18310546875, 404.6049499511719, 989.8471069335938, 140.67904663085938, 91.72744750976562, -117.16596984863281, -20.462106704711914, -19.208698272705078, 41.09144592285156, -10.286399841308594, 52.8994026184082, 39.03647232055664], [-1160.88720703125, 256.7486267089844, 473.04815673828125, 140.67904663085938, 434.7900085449219, 114.43811798095703, 61.56443405151367, -98.15707397460938, 34.81479263305664, -35.424129486083984, -50.928802490234375, -43.22595977783203, 10.032532691955566], [-1463.397216796875, -433.1339111328125, 586.4547729492188, 91.72744750976562, 114.43811798095703, 552.8309936523438, 276.53167724609375, -92.8674087524414, -73.16636657714844, 37.6744384765625, -60.09977722167969, -0.9058433771133423, -59.84278869628906], [-1076.72509765625, 204.76365661621094, 407.3817138671875, -117.16596984863281, 61.56443405151367, 276.53167724609375, 398.6437072753906, 23.344379425048828, -21.82576560974121, -29.771127700805664, -28.62382698059082, -17.2912540435791, -22.96470069885254], [1049.0401611328125, -72.04898071289062, -367.8530578613281, -20.462106704711914, -98.15707397460938, -92.8674087524414, 23.344379425048828, 246.25006103515625, 70.53627014160156, 31.55233383178711, 70.09368896484375, 26.66514778137207, 1.7090156078338623], [370.1627197265625, 228.2936248779297, -142.31430053710938, -19.208698272705078, 34.81479263305664, -73.16636657714844, -21.82576560974121, 70.53627014160156, 162.88702392578125, 36.46874237060547, 37.703277587890625, -16.900066375732422, 31.2423038482666], [437.6409912109375, -270.7581481933594, -164.5452880859375, 41.09144592285156, -35.424129486083984, 37.6744384765625, -29.771127700805664, 31.55233383178711, 36.46874237060547, 151.96922302246094, 56.165557861328125, 14.59975528717041, -21.617403030395508], [890.6358642578125, 65.00489807128906, -259.64776611328125, -10.286399841308594, -50.928802490234375, -60.09977722167969, -28.62382698059082, 70.09368896484375, 37.703277587890625, 56.165557861328125, 171.4960174560547, 44.241172790527344, 14.482650756835938], [218.12677001953125, -183.56756591796875, -32.13264083862305, 52.8994026184082, -43.22595977783203, -0.9058433771133423, -17.2912540435791, 26.66514778137207, -16.900066375732422, 14.59975528717041, 44.241172790527344, 114.1466293334961, 26.96196746826172], [30.106504440307617, 139.44004821777344, 0.005760312080383301, 39.03647232055664, 10.032532691955566, -59.84278869628906, -22.96470069885254, 1.7090156078338623, 31.2423038482666, -21.617403030395508, 14.482650756835938, 26.96196746826172, 92.39840698242188]], "lowlevel.gfcc.icov": [[0.0001883188815554604, -1.90014106919989e-05, 0.00025671091862022877, -0.00014749086403753608, 0.0001371429825667292, 6.351624324452132e-05, 0.0001431453274562955, -0.0002547481271903962, -3.966799795307452e-06, 1.834566683101002e-05, -0.0004203326243441552, 4.515320142672863e-06, 0.00016634530038572848], [-1.90014106919989e-05, 0.0017922816332429647, -0.0003724638372659683, 0.002073624636977911, -0.0011281382758170366, 0.0016335028922185302, -0.0011321651982143521, 0.0011022296966984868, -0.0016099171480163932, 0.0018329626182094216, -0.001957492670044303, 0.0017505268333479762, -0.0019267352763563395], [0.00025671091862022877, -0.0003724638372659683, 0.0013451925478875637, -0.0009768047602847219, 1.0349385775043629e-05, -0.00047484150854870677, -0.000418535724747926, 0.00047280610306188464, 0.00019184652774129063, 0.00022833731782156974, 0.0003776994999498129, -0.0007231555646285415, 0.0006099851452745497], [-0.00014749086403753608, 0.002073624636977911, -0.0009768047602847219, 0.00395851070061326, -0.0018048454076051712, 0.001315177185460925, -0.00016403179324697703, 0.0004529356665443629, -0.0012814728543162346, 0.0015235815662890673, -0.001970533747226, 0.001836600829847157, -0.003192309057340026], [0.0001371429825667292, -0.0011281382758170366, 1.0349385775043629e-05, -0.0018048454076051712, 0.004242724739015102, -0.001258390606380999, 0.0006686306442134082, 0.0001952207530848682, -0.0007976802880875766, -0.00035086728166788816, 0.0007123562972992659, -0.00027993772528134286, 0.001464865985326469], [6.351624324452132e-05, 0.0016335028922185302, -0.00047484150854870677, 0.001315177185460925, -0.001258390606380999, 0.0060622841119766235, -0.0040965904481709, 0.0023940622340887785, -0.0008194767870008945, -0.0006051057716831565, -0.0012817693641409278, 0.0005769960698671639, 0.00012709363363683224], [0.0001431453274562955, -0.0011321651982143521, -0.000418535724747926, -0.00016403179324697703, 0.0006686306442134082, -0.0040965904481709, 0.0069555966183543205, -0.0040212832391262054, 0.0014525919687002897, 0.00014064062270335853, 0.00018529791850596666, 0.00013644987484440207, 0.00028146355180069804], [-0.0002547481271903962, 0.0011022296966984868, 0.00047280610306188464, 0.0004529356665443629, 0.0001952207530848682, 0.0023940622340887785, -0.0040212832391262054, 0.009044981561601162, -0.004268975928425789, 0.001569315791130066, -0.0012101589236408472, -0.001020278432406485, 0.0008888279553502798], [-3.966799795307452e-06, -0.0016099171480163932, 0.00019184652774129063, -0.0012814728543162346, -0.0007976802880875766, -0.0008194767870008945, 0.0014525919687002897, -0.004268975928425789, 0.011804332956671715, -0.004926880821585655, 0.0011590707581490278, 0.0015687976265326142, -0.002815402578562498], [1.834566683101002e-05, 0.0018329626182094216, 0.00022833731782156974, 0.0015235815662890673, -0.00035086728166788816, -0.0006051057716831565, 0.00014064062270335853, 0.001569315791130066, -0.004926880821585655, 0.012366322800517082, -0.0046088495291769505, 0.0009715032647363842, 0.0012343176640570164], [-0.0004203326243441552, -0.001957492670044303, 0.0003776994999498129, -0.001970533747226, 0.0007123562972992659, -0.0012817693641409278, 0.00018529791850596666, -0.0012101589236408472, 0.0011590707581490278, -0.0046088495291769505, 0.011914131231606007, -0.004888623952865601, 0.001173348631709814], [4.515320142672863e-06, 0.0017505268333479762, -0.0007231555646285415, 0.001836600829847157, -0.00027993772528134286, 0.0005769960698671639, 0.00013644987484440207, -0.001020278432406485, 0.0015687976265326142, 0.0009715032647363842, -0.004888623952865601, 0.014244941994547844, -0.006655828095972538], [0.00016634530038572848, -0.0019267352763563395, 0.0006099851452745497, -0.003192309057340026, 0.001464865985326469, 0.00012709363363683224, 0.00028146355180069804, 0.0008888279553502798, -0.002815402578562498, 0.0012343176640570164, 0.001173348631709814, -0.006655828095972538, 0.01800059713423252]], "lowlevel.mfcc.cov": [[21339.3828125, -1902.3795166015625, -4429.4912109375, -109.70247650146484, -839.2800903320312, -2555.57470703125, -1227.1697998046875, -610.7222900390625, -748.331298828125, 47.37766647338867, -226.3401336669922, 781.3016967773438, 919.6101684570312], [-1902.3795166015625, 4170.828125, -155.5397491455078, -591.156982421875, -172.6307373046875, -253.41033935546875, -54.36920928955078, 74.5658950805664, 112.14286804199219, -17.745393753051758, -17.605594635009766, -22.746959686279297, 5.18538236618042], [-4429.4912109375, -155.5397491455078, 1729.96337890625, 260.8530578613281, 248.05264282226562, 712.9453125, 380.1449279785156, 195.10704040527344, 159.86744689941406, -28.54483413696289, 28.91761589050293, -157.17892456054688, -179.75909423828125], [-109.70247650146484, -591.156982421875, 260.8530578613281, 659.3637084960938, 308.9017333984375, 22.81882095336914, -56.07786178588867, -0.9791687726974487, 5.750083923339844, -9.664194107055664, -69.0486068725586, -61.38672637939453, 14.983591079711914], [-839.2800903320312, -172.6307373046875, 248.05264282226562, 308.9017333984375, 445.9717102050781, 193.63465881347656, -16.483137130737305, -19.92351722717285, 7.838708877563477, 9.139781951904297, -15.556029319763184, -72.22924041748047, -21.79225730895996], [-2555.57470703125, -253.41033935546875, 712.9453125, 22.81882095336914, 193.63465881347656, 683.4959716796875, 289.70050048828125, 79.72517395019531, 106.197509765625, 10.647117614746094, 90.66613006591797, -74.3613510131836, -136.9130401611328], [-1227.1697998046875, -54.36920928955078, 380.1449279785156, -56.07786178588867, -16.483137130737305, 289.70050048828125, 333.6589050292969, 139.23851013183594, 60.82510757446289, 25.260234832763672, 62.3807373046875, 4.094466686248779, -41.054508209228516], [-610.7222900390625, 74.5658950805664, 195.10704040527344, -0.9791687726974487, -19.92351722717285, 79.72517395019531, 139.23851013183594, 199.2685546875, 82.50077056884766, 6.015334129333496, 20.797941207885742, 1.024083137512207, -5.545390605926514], [-748.331298828125, 112.14286804199219, 159.86744689941406, 5.750083923339844, 7.838708877563477, 106.197509765625, 60.82510757446289, 82.50077056884766, 170.5610809326172, 45.58243179321289, 28.713163375854492, -12.45702075958252, -37.96561050415039], [47.37766647338867, -17.745393753051758, -28.54483413696289, -9.664194107055664, 9.139781951904297, 10.647117614746094, 25.260234832763672, 6.015334129333496, 45.58243179321289, 124.55422973632812, 59.41511154174805, 13.146624565124512, 0.6027823686599731], [-226.3401336669922, -17.605594635009766, 28.91761589050293, -69.0486068725586, -15.556029319763184, 90.66613006591797, 62.3807373046875, 20.797941207885742, 28.713163375854492, 59.41511154174805, 133.88543701171875, 38.81404113769531, -22.2347354888916], [781.3016967773438, -22.746959686279297, -157.17892456054688, -61.38672637939453, -72.22924041748047, -74.3613510131836, 4.094466686248779, 1.024083137512207, -12.45702075958252, 13.146624565124512, 38.81404113769531, 142.06121826171875, 86.58728790283203], [919.6101684570312, 5.18538236618042, -179.75909423828125, 14.983591079711914, -21.79225730895996, -136.9130401611328, -41.054508209228516, -5.545390605926514, -37.96561050415039, 0.6027823686599731, -22.2347354888916, 86.58728790283203, 145.84986877441406]], "lowlevel.mfcc.icov": [[0.0001832836278481409, 9.520833555143327e-05, 0.0002677594020497054, -6.256803317228332e-05, 0.00011021889804396778, 0.0002183873439207673, 0.00010801959433592856, -8.39756648929324e-06, 0.0002541699795983732, -0.00016731010691728443, 0.00014996233221609145, -0.0004169778258074075, -0.0002337572368560359], [9.520833555143327e-05, 0.00037510806578211486, 4.742539022117853e-05, 0.00043381049181334674, -0.00020969890465494245, 0.00046886829659342766, 2.2558573618880473e-05, -2.3192636945168488e-05, -0.00025981623912230134, 0.00011550274939509109, 2.067122477455996e-05, 4.422085839905776e-05, -0.000276693346677348], [0.0002677594020497054, 4.742539022117853e-05, 0.0017341284547001123, -0.0007375937420874834, 0.00036135362461209297, -0.0007945623365230858, -0.0003549650136847049, -0.0004471263091545552, 0.00023761448392178863, 8.762905781622976e-05, 0.00046802571159787476, -0.00016578135546296835, -5.4421150707639754e-05], [-6.256803317228332e-05, 0.00043381049181334674, -0.0007375937420874834, 0.0033696149475872517, -0.002309187315404415, 0.001231876784004271, 7.623894634889439e-05, -0.00012851909559685737, -0.0008345798123627901, 0.0002168388309655711, 0.0005431831814348698, 0.0006162232020869851, -0.0005494014476425946], [0.00011021889804396778, -0.00020969890465494245, 0.00036135362461209297, -0.002309187315404415, 0.004953752271831036, -0.0023807180114090443, 0.0016272627981379628, -0.00015822610293980688, 0.0012102772016078234, -0.0012657545739784837, 0.00016797934949863702, 0.0009307931759394705, -0.0012542444746941328], [0.0002183873439207673, 0.00046886829659342766, -0.0007945623365230858, 0.001231876784004271, -0.0023807180114090443, 0.0057996767573058605, -0.0032997450325638056, 0.001977035077288747, -0.0018628282705321908, 0.0017786577809602022, -0.002024896675720811, 0.00013967553968541324, 0.0008515689405612648], [0.00010801959433592856, 2.2558573618880473e-05, -0.0003549650136847049, 7.623894634889439e-05, 0.0016272627981379628, -0.0032997450325638056, 0.008357514627277851, -0.004693744704127312, 0.0024743760004639626, -0.0024365016724914312, 0.0006310883327387273, -0.0017907766159623861, 5.935059562034439e-06], [-8.39756648929324e-06, -2.3192636945168488e-05, -0.0004471263091545552, -0.00012851909559685737, -0.00015822610293980688, 0.001977035077288747, -0.004693744704127312, 0.009859670884907246, -0.004645707551389933, 0.0024980150628834963, -0.0015464973403140903, 0.0014683296903967857, -0.0019252948695793748], [0.0002541699795983732, -0.00025981623912230134, 0.00023761448392178863, -0.0008345798123627901, 0.0012102772016078234, -0.0018628282705321908, 0.0024743760004639626, -0.004645707551389933, 0.010759064927697182, -0.004923696164041758, 0.0018466649344190955, -0.0024321600794792175, 0.0022836916614323854], [-0.00016731010691728443, 0.00011550274939509109, 8.762905781622976e-05, 0.0002168388309655711, -0.0012657545739784837, 0.0017786577809602022, -0.0024365016724914312, 0.0024980150628834963, -0.004923696164041758, 0.013195149600505829, -0.006778986658900976, 0.0029422948136925697, -0.002090191002935171], [0.00014996233221609145, 2.067122477455996e-05, 0.00046802571159787476, 0.0005431831814348698, 0.00016797934949863702, -0.002024896675720811, 0.0006310883327387273, -0.0015464973403140903, 0.0018466649344190955, -0.006778986658900976, 0.014783271588385105, -0.007292893715202808, 0.004909898154437542], [-0.0004169778258074075, 4.422085839905776e-05, -0