{"song_id": "1183668991781240842", "download": "https://cdn.discordapp.com/attachments/1135903449314238464/1183668991781240842/chirp.mp4?ex=65892ca7&amp", "lyrics": "(Chorus)\n\uaca8\uc6b8\ube44\uc758 \ub178\ub798\uac00 \ub4e4\ub824\uc640\n\ub0b4 \ub9c8\uc74c\uc744 \uc801\uc2dc\ub124\n\uc774\ubcc4\uc758 \uc544\ud514\ub3c4 \uc124\ub818\ub3c4\n\ubaa8\ub450 \ub2e4 \ud568\uaed8 \ub370\ub824\uac00\n(Instrumental)", "style": ["POP</span><span>, Acoustic</span><span>, Classic</span><span>, Symphony</span><span>,"], "essentia_features": {"lowlevel.average_loudness": 0.9393286108970642, "lowlevel.barkbands_crest.mean": 14.475147247314453, "lowlevel.barkbands_crest.stdev": 5.469656467437744, "lowlevel.barkbands_flatness_db.mean": 0.2941043972969055, "lowlevel.barkbands_flatness_db.stdev": 0.10816565155982971, "lowlevel.barkbands_kurtosis.mean": 28.878948211669922, "lowlevel.barkbands_kurtosis.stdev": 112.2738265991211, "lowlevel.barkbands_skewness.mean": 3.028005599975586, "lowlevel.barkbands_skewness.stdev": 2.6355721950531006, "lowlevel.barkbands_spread.mean": 7.863069534301758, "lowlevel.barkbands_spread.stdev": 12.463386535644531, "lowlevel.dissonance.mean": 0.40635013580322266, "lowlevel.dissonance.stdev": 0.05892011523246765, "lowlevel.dynamic_complexity": 3.0830376148223877, "lowlevel.erbbands_crest.mean": 11.86375904083252, "lowlevel.erbbands_crest.stdev": 3.9316325187683105, "lowlevel.erbbands_flatness_db.mean": 0.2290785163640976, "lowlevel.erbbands_flatness_db.stdev": 0.07901192456483841, "lowlevel.erbbands_kurtosis.mean": 5.40926456451416, "lowlevel.erbbands_kurtosis.stdev": 6.338326454162598, "lowlevel.erbbands_skewness.mean": 1.4477617740631104, "lowlevel.erbbands_skewness.stdev": 1.104673147201538, "lowlevel.erbbands_spread.mean": 24.16229820251465, "lowlevel.erbbands_spread.stdev": 21.944913864135742, "lowlevel.hfc.mean": 12.301758766174316, "lowlevel.hfc.stdev": 14.731803894042969, "lowlevel.loudness_ebu128.integrated": -12.774971008300781, "lowlevel.loudness_ebu128.loudness_range": 4.695281982421875, "lowlevel.loudness_ebu128.momentary.mean": -13.546235084533691, "lowlevel.loudness_ebu128.momentary.stdev": 2.9063003063201904, "lowlevel.loudness_ebu128.short_term.mean": -13.013741493225098, "lowlevel.loudness_ebu128.short_term.stdev": 1.6480469703674316, "lowlevel.melbands_crest.mean": 17.948455810546875, "lowlevel.melbands_crest.stdev": 5.6713151931762695, "lowlevel.melbands_flatness_db.mean": 0.3809555172920227, "lowlevel.melbands_flatness_db.stdev": 0.1282241940498352, "lowlevel.melbands_kurtosis.mean": 29.05343246459961, "lowlevel.melbands_kurtosis.stdev": 44.24056625366211, "lowlevel.melbands_skewness.mean": 3.1531388759613037, "lowlevel.melbands_skewness.stdev": 2.1251699924468994, "lowlevel.melbands_spread.mean": 7.7433319091796875, "lowlevel.melbands_spread.stdev": 14.408391952514648, "lowlevel.pitch_salience.mean": 0.46957629919052124, "lowlevel.pitch_salience.stdev": 0.13731686770915985, "lowlevel.silence_rate_20dB.mean": 1.0, "lowlevel.silence_rate_20dB.stdev": 0.0, "lowlevel.silence_rate_30dB.mean": 0.8912175893783569, "lowlevel.silence_rate_30dB.stdev": 0.31136536598205566, "lowlevel.silence_rate_60dB.mean": 0.019960079342126846, "lowlevel.silence_rate_60dB.stdev": 0.13986317813396454, "lowlevel.spectral_centroid.mean": 498.9356994628906, "lowlevel.spectral_centroid.stdev": 525.2943725585938, "lowlevel.spectral_complexity.mean": 8.673652648925781, "lowlevel.spectral_complexity.stdev": 6.302771091461182, "lowlevel.spectral_decrease.mean": -1.2241178737326663e-08, "lowlevel.spectral_decrease.stdev": 1.415604078403021e-08, "lowlevel.spectral_energy.mean": 0.04731684923171997, "lowlevel.spectral_energy.stdev": 0.053947288542985916, "lowlevel.spectral_energyband_high.mean": 0.0003479942097328603, "lowlevel.spectral_energyband_high.stdev": 0.0013102273223921657, "lowlevel.spectral_energyband_low.mean": 0.027128571644425392, "lowlevel.spectral_energyband_low.stdev": 0.0508442297577858, "lowlevel.spectral_energyband_middle_high.mean": 0.0013997412752360106, "lowlevel.spectral_energyband_middle_high.stdev": 0.0035818368196487427, "lowlevel.spectral_energyband_middle_low.mean": 0.020067917183041573, "lowlevel.spectral_energyband_middle_low.stdev": 0.020068790763616562, "lowlevel.spectral_entropy.mean": 6.3334245681762695, "lowlevel.spectral_entropy.stdev": 0.9070853590965271, "lowlevel.spectral_flux.mean": 0.08494613319635391, "lowlevel.spectral_flux.stdev": 0.09366586804389954, "lowlevel.spectral_kurtosis.mean": 24.717609405517578, "lowlevel.spectral_kurtosis.stdev": 37.6728630065918, "lowlevel.spectral_rms.mean": 0.005953819025307894, "lowlevel.spectral_rms.stdev": 0.003273345297202468, "lowlevel.spectral_rolloff.mean": 581.9761962890625, "lowlevel.spectral_rolloff.stdev": 1051.2962646484375, "lowlevel.spectral_skewness.mean": 3.575892686843872, "lowlevel.spectral_skewness.stdev": 2.346968412399292, "lowlevel.spectral_spread.mean": 4016497.5, "lowlevel.spectral_spread.stdev": 2090918.25, "lowlevel.spectral_strongpeak.mean": 0.6691097021102905, "lowlevel.spectral_strongpeak.stdev": 0.47042402625083923, "lowlevel.zerocrossingrate.mean": 0.025783881545066833, "lowlevel.zerocrossingrate.stdev": 0.027321496978402138, "metadata.audio_properties.analysis.equal_loudness": 0.0, "metadata.audio_properties.analysis.length": 23.23199462890625, "metadata.audio_properties.analysis.sample_rate": 44100.0, "metadata.audio_properties.analysis.start_time": 0.0, "metadata.audio_properties.bit_rate": 117152.0, "metadata.audio_properties.length": 23.23200035095215, "metadata.audio_properties.lossless": 0.0, "metadata.audio_properties.number_channels": 1.0, "metadata.audio_properties.replay_gain": -13.338268280029297, "metadata.audio_properties.sample_rate": 48000.0, "rhythm.beats_count": 53.0, "rhythm.beats_loudness.mean": 0.07162757962942123, "rhythm.beats_loudness.stdev": 0.06969303637742996, "rhythm.bpm": 138.35157775878906, "rhythm.bpm_histogram_first_peak_bpm": 140.0, "rhythm.bpm_histogram_first_peak_weight": 0.36000001430511475, "rhythm.bpm_histogram_second_peak_bpm": 133.0, "rhythm.bpm_histogram_second_peak_spread": 0.0, "rhythm.bpm_histogram_second_peak_weight": 0.03846153989434242, "rhythm.danceability": 1.230781078338623, "rhythm.onset_rate": 3.6981637477874756, "tonal.chords_changes_rate": 0.03585657477378845, "tonal.chords_number_rate": 0.011952191591262817, "tonal.chords_strength.mean": 0.5038789510726929, "tonal.chords_strength.stdev": 0.0643719881772995, "tonal.hpcp_crest.mean": 15.365134239196777, "tonal.hpcp_crest.stdev": 6.66649866104126, "tonal.hpcp_entropy.mean": 1.754096269607544, "tonal.hpcp_entropy.stdev": 0.683688759803772, "tonal.key_edma.strength": 0.7348278164863586, "tonal.key_krumhansl.strength": 0.7307251691818237, "tonal.key_temperley.strength": 0.7297095656394958, "tonal.tuning_diatonic_strength": 0.6075747013092041, "tonal.tuning_equal_tempered_deviation": 0.11293429136276245, "tonal.tuning_frequency": 437.4657897949219, "tonal.tuning_nontempered_energy_ratio": 0.7130952477455139, "lowlevel.barkbands.mean": [0.0002949699410237372, 0.021011358126997948, 0.004236315377056599, 0.004402746446430683, 0.009719111025333405, 0.0014506481820717454, 0.002411195542663336, 0.001340170274488628, 0.0006568547105416656, 0.000276371807558462, 0.0002804153482429683, 0.0002198716829298064, 0.0001637453242437914, 0.00010952875163638964, 0.0001057911867974326, 7.092176383594051e-05, 7.158242806326598e-05, 5.4995976825011894e-05, 5.56382437935099e-05, 6.62511374684982e-05, 4.706257095676847e-05, 6.366230809362605e-05, 6.839858542662114e-05, 7.55157889216207e-05, 5.035301364841871e-05, 1.297749076911714e-05, 3.9956466935109347e-07], "lowlevel.barkbands.stdev": [0.0006464381003752351, 0.04154876619577408, 0.015930306166410446, 0.01058634277433157, 0.010407200083136559, 0.0018547200597822666, 0.0029374861624091864, 0.00256516644731164, 0.001767234643921256, 0.000729766848962754, 0.0013168619479984045, 0.0007760738371871412, 0.0004807772347703576, 0.00039037756505422294, 0.0003856648108921945, 0.00030831299955025315, 0.00025074847508221865, 0.00023189793864730746, 0.00027653606957755983, 0.00034703011624515057, 0.0002044792054221034, 0.0002630980161484331, 0.00029081164393574, 0.0003964420175179839, 0.00020007466082461178, 3.679198198369704e-05, 2.3893724119261606e-06], "lowlevel.erbbands.mean": [0.5752241611480713, 4.737426280975342, 6.164527416229248, 9.326499938964844, 25.210887908935547, 35.17498779296875, 23.263391494750977, 9.247379302978516, 30.63457489013672, 35.50587463378906, 20.575786590576172, 18.469051361083984, 8.106197357177734, 10.320161819458008, 12.173083305358887, 8.429664611816406, 8.140467643737793, 6.12323522567749, 5.4770989418029785, 5.2591233253479, 3.628300666809082, 4.118471622467041, 3.1891841888427734, 2.4359257221221924, 3.348665237426758, 3.067850351333618, 2.3626723289489746, 1.6509408950805664, 2.210601329803467, 2.442908525466919, 1.7975791692733765, 1.3735026121139526, 1.405734658241272, 0.7469282150268555, 0.25122326612472534, 0.07849530130624771, 0.020287128165364265, 0.0024512873496860266, 8.366192196263e-05, 5.523296567844227e-05], "lowlevel.erbbands.stdev": [1.057063102722168, 10.232826232910156, 18.825448989868164, 27.20123863220215, 34.10511016845703, 43.98666763305664, 29.299724578857422, 13.619688987731934, 39.217620849609375, 50.234798431396484, 42.36931610107422, 48.72166061401367, 19.558115005493164, 35.83794021606445, 54.39014434814453, 27.421709060668945, 23.184152603149414, 17.849517822265625, 22.375247955322266, 18.870342254638672, 14.260756492614746, 14.913229942321777, 12.394431114196777, 10.337126731872559, 17.75077247619629, 16.07095718383789, 11.170571327209473, 6.8157958984375, 9.237334251403809, 10.658272743225098, 7.318094730377197, 6.894387245178223, 7.622365951538086, 3.144575357437134, 0.8783960342407227, 0.22121480107307434, 0.05967961996793747, 0.009338905103504658, 0.00025879486929625273, 6.0140981076983735e-05], "lowlevel.gfcc.mean": [-88.8901138305664, 135.55979919433594, -58.22106170654297, 20.430004119873047, -67.36542510986328, 6.820141792297363, -55.083396911621094, 1.7420132160186768, -17.631380081176758, -2.8026247024536133, -12.73202896118164, -4.5540361404418945, -8.383050918579102], "lowlevel.melbands.mean": [0.0056420424953103065, 0.004236855078488588, 0.002133162459358573, 0.0022884525824338198, 0.0009441357105970383, 0.00020569455227814615, 0.0004945225664414465, 0.00037739472463727, 0.0001523332903161645, 0.00010695343371480703, 3.661599475890398e-05, 4.038168117403984e-05, 3.945703065255657e-05, 2.665550164238084e-05, 1.8163827917305753e-05, 1.8036354958894663e-05, 1.0493921763554681e-05, 8.798251656116918e-06, 7.633676432305947e-06, 6.166640105220722e-06, 3.7706035982409958e-06, 4.26169117417885e-06, 3.818013738055015e-06, 2.2887945760885486e-06, 1.8748438606053242e-06, 2.191748762925272e-06, 2.6053764941025293e-06, 1.877954559859063e-06, 1.5930261270113988e-06, 1.0407621857666527e-06, 9.474509283791122e-07, 1.2067129091519746e-06, 1.318895101576345e-06, 1.384428514938918e-06, 1.0558736676102853e-06, 8.54464985877712e-07, 8.436233542852278e-07, 1.0393129059593775e-06, 8.364789891857072e-07, 5.593215064436663e-07], "lowlevel.melbands.stdev": [0.010563536547124386, 0.01024954579770565, 0.004693471826612949, 0.0025880341418087482, 0.0011584816966205835, 0.0002947187458630651, 0.0006193528533913195, 0.0005776820471510291, 0.0003304168931208551, 0.00028409736114554107, 9.506402420811355e-05, 0.00014154223026707768, 0.0001862812350736931, 9.109346137847751e-05, 7.24948913557455e-05, 5.467942901304923e-05, 3.322570046293549e-05, 3.738633313332684e-05, 2.9777120289509185e-05, 2.4751290766289458e-05, 1.4903788724041078e-05, 1.6367010175599717e-05, 1.438095023331698e-05, 9.613410838937853e-06, 8.08224649517797e-06, 1.1921201803488657e-05, 1.428303585271351e-05, 9.710422091302462e-06, 7.67743586038705e-06, 4.7041244215506595e-06, 3.965297310060123e-06, 5.114186478749616e-06, 5.664879154210212e-06, 6.071079951652791e-06, 4.042641194246244e-06, 4.004202310170513e-06, 4.742013516079169e-06, 6.080138064135099e-06, 3.933846073778113e-06, 2.168022547266446e-06], "lowlevel.melbands128.mean": [0.0002684904320631176, 0.003821054007858038, 0.00882151909172535, 0.007523742970079184, 0.0038918331265449524, 0.0018528093351051211, 0.0015758349327370524, 0.0025418666191399097, 0.002459415467455983, 0.0026279366575181484, 0.0019938864279538393, 0.0011684985365718603, 0.0008920003892853856, 0.000302199914585799, 0.0001932745217345655, 0.00012349030293989927, 0.00022318726405501366, 0.0007753563113510609, 0.0005663178162649274, 0.0003311694017611444, 0.00037981284549459815, 0.0001524398394394666, 0.0001424814254278317, 0.00010052017751149833, 0.00015432998770847917, 9.636711183702573e-05, 3.26623376167845e-05, 3.79848679585848e-05, 2.2721929781255312e-05, 5.018310184823349e-05, 4.282465306459926e-05, 3.086002470809035e-05, 3.994564031017944e-05, 4.8338970373151824e-05, 2.9652057492057793e-05, 1.884339508251287e-05, 2.2455624275607988e-05, 2.0297784431022592e-05, 1.2993797099625226e-05, 1.929670906974934e-05, 2.2669717509415932e-05, 9.268906978832092e-06, 1.0137649042007979e-05, 1.1284352694929112e-05, 9.937853974406607e-06, 7.673087566217873e-06, 8.877809705154505e-06, 6.809712886024499e-06, 8.133367373375222e-06, 6.963879059185274e-06, 6.2973676904221065e-06, 4.985752184438752e-06, 3.518567609717138e-06, 3.463313305474003e-06, 3.596387159632286e-06, 4.824682946491521e-06, 4.124973656871589e-06, 4.502803221839713e-06, 3.713433443408576e-06, 2.4724956801946973e-06, 2.059670350718079e-06, 2.4095204480545362e-06, 1.8291755168320378e-06, 1.8577513856143923e-06, 1.6337929764631554e-06, 1.9268927644588985e-06, 2.88442811324785e-06, 2.4892224246286787e-06, 2.6395828172098845e-06, 2.6956238343700534e-06, 1.5461433804375702e-06, 1.7352288068650523e-06, 1.7643758383201202e-06, 1.5308631873267586e-06, 1.5016626093711238e-06, 1.0895334980887128e-06, 8.380343956559955e-07, 7.560616381852014e-07, 1.0444719009683467e-06, 1.0002493127103662e-06, 1.119384478442953e-06, 1.3748497167398455e-06, 1.2775568620781996e-06, 1.2795466091120034e-06, 1.3514439842765569e-06, 1.4954060816307901e-06, 1.3943719068265636e-06, 1.1667051467156853e-06, 1.0315433200958068e-06, 9.77588342720992e-07, 9.516734280623496e-07, 8.115601417557627e-07, 7.106981456672656e-07, 7.829715968910023e-07, 9.705790944281034e-07, 1.0203526699115173e-06, 1.0948710951197427e-06, 1.0199545386058162e-06, 8.006651341929683e-07, 7.944366302581329e-07, 6.902200198055652e-07, 4.958052954862069e-07, 4.418029675434809e-07, 3.519235463045334e-07, 2.49570462074189e-07, 2.1206436429110909e-07, 1.941016165574183e-07, 1.716760920089655e-07, 1.2480171562856412e-07, 9.565268754840872e-08, 8.489442393511126e-08, 7.091347953291915e-08, 6.56325909176303e-08, 4.890432947490808e-08, 3.702546180761601e-08, 2.3382762392998302e-08, 1.2729095111296829e-08, 3.456622987840774e-09, 6.825368603635695e-10, 1.4318737168173001e-11, 8.310302966607619e-12, 6.9916997538777e-12, 5.771044666452729e-12, 5.659243906830369e-12, 5.480262077472986e-12, 5.235433614414475e-12, 5.0968274739604524e-12, 5.054470730847527e-12], "lowlevel.melbands128.stdev": [0.0006240149377845228, 0.007549690548330545, 0.017239846289157867, 0.018343204632401466, 0.011841151863336563, 0.007424924056977034, 0.005945535376667976, 0.0054054358042776585, 0.0038065528497099876, 0.003949762787669897, 0.0028840750455856323, 0.0018498272402212024, 0.0012324239360168576, 0.00044047777191735804, 0.00041390807018615305, 0.0003047186473850161, 0.00035567214945331216, 0.001112338388338685, 0.0007874179282225668, 0.0006191497086547315, 0.0008805652614682913, 0.00038710326771251857, 0.0004964102408848703, 0.00038900080835446715, 0.0005296484450809658, 0.0002960049023386091, 0.00015277495549526066, 0.00014300679322332144, 7.107843703124672e-05, 0.00016625202260911465, 0.00021989032393321395, 0.00017163797747343779, 0.0002628543588798493, 0.00026617772527970374, 0.0001547084393678233, 7.875735173001885e-05, 9.430688078282401e-05, 0.00013328746717888862, 6.793082866352051e-05, 6.360161205520853e-05, 8.261802577180788e-05, 4.3242198444204405e-05, 3.765242945519276e-05, 3.6680110497400165e-05, 5.094087100587785e-05, 3.4108921681763604e-05, 4.357344732852653e-05, 3.869230204145424e-05, 3.304850179119967e-05, 2.7829579266835935e-05, 3.3726359106367454e-05, 2.2201256797416136e-05, 1.6775846233940683e-05, 1.4420725165109616e-05, 1.41792525027995e-05, 2.3899627194623463e-05, 1.4303525858849753e-05, 1.7562173525220715e-05, 1.7642450984567404e-05, 1.0081792424898595e-05, 1.0206688784819562e-05, 1.1188711141585372e-05, 8.155754585459363e-06, 9.033065907715354e-06, 8.202537173929159e-06, 1.1914560673176311e-05, 1.8533515685703605e-05, 1.3244839465187397e-05, 1.5815807273611426e-05, 1.7109507098211907e-05, 8.067151611612644e-06, 9.33663068281021e-06, 9.580625373928342e-06, 7.358933089562925e-06, 7.836099939595442e-06, 5.26216581420158e-06, 3.771556748688454e-06, 3.1343479349743575e-06, 4.789095783053199e-06, 4.416118827066384e-06, 5.273308488540351e-06, 6.057200153009035e-06, 6.2044764490565285e-06, 5.3639441830455326e-06, 6.053637207514839e-06, 8.199706826417241e-06, 6.1748169173370115e-06, 4.133878064749297e-06, 3.775056484300876e-06, 4.725886356027331e-06, 4.596710823534522e-06, 3.990367531514494e-06, 3.559050583135104e-06, 4.482375970837893e-06, 6.0118445617263205e-06, 6.895832029840676e-06, 6.299629603745416e-06, 5.437612344394438e-06, 3.3944472761504585e-06, 4.228943907946814e-06, 2.9579905458376743e-06, 1.8267396626470145e-06, 1.6249952068392304e-06, 1.5691699672970572e-06, 1.0393617912995978e-06, 6.456050414271886e-07, 6.132869998509705e-07, 5.187104648030072e-07, 3.7277277442626655e-07, 3.414778291244147e-07, 2.7452728090793244e-07, 2.1750288681232632e-07, 2.0069366257757792e-07, 1.7771010618616856e-07, 1.359720016580468e-07, 1.0473522138454427e-07, 7.307214389129513e-08, 3.503174283991939e-08, 8.660050454523116e-09, 1.379728969963523e-10, 5.145257483962773e-11, 3.622073821429872e-11, 1.3819582631025007e-11, 1.334590771229216e-11, 1.169106998710756e-11, 9.913755580348571e-12, 9.468478952279202e-12, 9.40137984822842e-12], "lowlevel.mfcc.mean": [-751.9120483398438, 170.31301879882812, 55.27412796020508, 16.725126266479492, 15.255877494812012, -2.3036043643951416, -15.103141784667969, -4.022319316864014, -6.727268695831299, -4.986695289611816, 2.7601897716522217, -6.5704731941223145, -0.46154478192329407], "lowlevel.spectral_contrast_coeffs.mean": [-0.5987998843193054, -0.6936378479003906, -0.7870913743972778, -0.811740517616272, -0.8142123818397522, -0.8135806918144226], "lowlevel.spectral_contrast_coeffs.stdev": [0.1161126047372818, 0.07031786441802979, 0.06130138039588928, 0.053401004523038864, 0.050076380372047424, 0.040616411715745926], "lowlevel.spectral_contrast_valleys.mean": [-6.9237380027771, -7.173484802246094, -8.45946216583252, -8.909341812133789, -9.392997741699219, -11.220046997070312], "lowlevel.spectral_contrast_valleys.stdev": [1.4206985235214233, 0.8891312479972839, 1.106284499168396, 1.0447008609771729, 1.3413540124893188, 1.3707866668701172], "rhythm.beats_loudness_band_ratio.mean": [0.5281109809875488, 0.28337031602859497, 0.1250719428062439, 0.03944370523095131, 0.04525577649474144, 0.031338971108198166], "rhythm.beats_loudness_band_ratio.stdev": [0.33546683192253113, 0.23805341124534607, 0.10748361051082611, 0.05782649293541908, 0.09046977013349533, 0.054967284202575684], "tonal.hpcp.mean": [0.3285004496574402, 0.2547699809074402, 0.11445196717977524, 0.22508297860622406, 0.18039940297603607, 0.03895144164562225, 0.028919106349349022, 0.030063634738326073, 0.1448206603527069, 0.32550930976867676, 0.2083682268857956, 0.017033953219652176, 0.01006778422743082, 0.011480225250124931, 0.07576707750558853, 0.18985366821289062, 0.13373000919818878, 0.023640230298042297, 0.018060307949781418, 0.015573026612401009, 0.01938040740787983, 0.03025010973215103, 0.034776411950588226, 0.11680985987186432, 0.2309439331293106, 0.14979299902915955, 0.025865836068987846, 0.01530932541936636, 0.026368726044893265, 0.07998248934745789, 0.15118823945522308, 0.10876651108264923, 0.027304671704769135, 0.014450382441282272, 0.03301422297954559, 0.14460720121860504], "tonal.hpcp.stdev": [0.39737096428871155, 0.32093948125839233, 0.21457763016223907, 0.32190242409706116, 0.2759496867656708, 0.1364360898733139, 0.13441550731658936, 0.1331537663936615, 0.19693933427333832, 0.3575400412082672, 0.2438984513282776, 0.07235580682754517, 0.05735301971435547, 0.06710484623908997, 0.12589892745018005, 0.27378976345062256, 0.20432059466838837, 0.11125700920820236, 0.09116381406784058, 0.08254435658454895, 0.09679082036018372, 0.12532325088977814, 0.12735451757907867, 0.2006818801164627, 0.34193289279937744, 0.2389204353094101, 0.12152682989835739, 0.07474105060100555, 0.1166425421833992, 0.19385626912117004, 0.31955453753471375, 0.24984999001026154, 0.10886137932538986, 0.07538527250289917, 0.13181857764720917, 0.24913008511066437], "rhythm.beats_position": [0.4643990993499756, 0.9171881675720215, 1.369977355003357, 1.8111563920974731, 2.240725517272949, 2.670294761657715, 3.0998640060424805, 3.529433012008667, 3.9590022563934326, 4.388571262359619, 4.8297505378723145, 5.25931978225708, 5.700498580932617, 6.1416778564453125, 6.571247100830078, 7.012426376342773, 7.441995143890381, 7.8715643882751465, 8.312743186950684, 8.74231243133545, 9.171881675720215, 9.61306095123291, 10.042630195617676, 10.483809471130371, 10.913378715515137, 11.342947959899902, 11.772517204284668, 12.213695526123047, 12.643264770507812, 13.072834014892578, 13.514013290405273, 13.943582534790039, 14.373151779174805, 14.8143310546875, 15.243900299072266, 15.673469543457031, 16.114648818969727, 16.555828094482422, 16.985397338867188, 17.414966583251953, 17.856143951416016, 18.28571319580078, 18.715282440185547, 19.144851684570312, 19.574420928955078, 20.015600204467773, 20.44516944885254, 20.874738693237305, 21.31591796875, 21.745487213134766, 22.17505645751953, 22.616235733032227, 23.057415008544922], "rhythm.bpm_histogram": [0.0, 0.0, 0.0, 0.0, 0.0, 0.0, 0.0, 0.0, 0.0, 0.0, 0.0, 0.0, 0.0, 0.0, 0.0, 0.0, 0.0, 0.0, 0.0, 0.0, 0.0, 0.0, 0.0, 0.0, 0.0, 0.0, 0.0, 0.0, 0.0, 0.0, 0.0, 0.0, 0.0, 0.0, 0.0, 0.0, 0.0, 0.0, 0.0, 0.0, 0.0, 0.0, 0.0, 0.0, 0.0, 0.0, 0.0, 0.0, 0.0, 0.0, 0.0, 0.0, 0.0, 0.0, 0.0, 0.0, 0.0, 0.0, 0.0, 0.0, 0.0, 0.0, 0.0, 0.0, 0.0, 0.0, 0.0, 0.0, 0.0, 0.0, 0.0, 0.0, 0.0, 0.0, 0.0, 0.0, 0.0, 0.0, 0.0, 0.0, 0.0, 0.0, 0.0, 0.0, 0.0, 0.0, 0.0, 0.0, 0.0, 0.0, 0.0, 0.0, 0.0, 0.0, 0.0, 0.0, 0.0, 0.0, 0.0, 0.0, 0.0, 0.0, 0.0, 0.0, 0.0, 0.0, 0.0, 0.0, 0.0, 0.0, 0.0, 0.0, 0.0, 0.0, 0.0, 0.0, 0.0, 0.0, 0.0, 0.0, 0.0, 0.0, 0.0, 0.0, 0.0, 0.0, 0.0, 0.0, 0.0, 0.0, 0.0, 0.0, 0.0, 0.03846153989434242, 0.0, 0.0, 0.3461538553237915, 0.0, 0.0, 0.0, 0.6153846383094788, 0.0, 0.0, 0.0, 0.0, 0.0, 0.0, 0.0, 0.0, 0.0, 0.0, 0.0, 0.0, 0.0, 0.0, 0.0, 0.0, 0.0, 0.0, 0.0, 0.0, 0.0, 0.0, 0.0, 0.0, 0.0, 0.0, 0.0, 0.0, 0.0, 0.0, 0.0, 0.0, 0.0, 0.0, 0.0, 0.0, 0.0, 0.0, 0.0, 0.0, 0.0, 0.0, 0.0, 0.0, 0.0, 0.0, 0.0, 0.0, 0.0, 0.0, 0.0, 0.0, 0.0, 0.0, 0.0, 0.0, 0.0, 0.0, 0.0, 0.0, 0.0, 0.0, 0.0, 0.0, 0.0, 0.0, 0.0, 0.0, 0.0, 0.0, 0.0, 0.0, 0.0, 0.0, 0.0, 0.0, 0.0, 0.0, 0.0, 0.0, 0.0, 0.0, 0.0, 0.0, 0.0, 0.0, 0.0, 0.0, 0.0, 0.0, 0.0, 0.0, 0.0, 0.0, 0.0, 0.0, 0.0, 0.0, 0.0, 0.0, 0.0, 0.0, 0.0, 0.0, 0.0, 0.0, 0.0, 0.0, 0.0], "tonal.chords_histogram": [4.183267116546631, 32.27091598510742, 47.41035842895508, 0.9960159659385681, 6.972111701965332, 0.0, 0.0, 0.0, 0.0, 0.0, 0.0, 0.0, 0.0, 0.0, 0.0, 0.0, 0.0, 0.0, 0.0, 0.5976095795631409, 0.0, 3.9840638637542725, 0.0, 3.5856573581695557], "tonal.thpcp": [1.0, 0.7755544185638428, 0.3484073281288147, 0.6851831674575806, 0.5491603016853333, 0.11857347935438156, 0.08803369104862213, 0.09151779115200043, 0.4408537745475769, 0.9908945560455322, 0.6343011856079102, 0.051853667944669724, 0.030647702515125275, 0.034947365522384644, 0.2306452840566635, 0.5779403448104858, 0.40709230303764343, 0.0719640702009201, 0.054978031665086746, 0.047406408935785294, 0.058996591717004776, 0.09208544343709946, 0.10586412250995636, 0.35558509826660156, 0.703024685382843, 0.4559902548789978, 0.07873912155628204, 0.04660366475582123, 0.08026998490095139, 0.24347756803035736, 0.4602375328540802, 0.3311000466346741, 0.08311913162469864, 0.04398892819881439, 0.10049977898597717, 0.4402039647102356], "lowlevel.gfcc.cov": [[10420.0712890625, -2477.685791015625, -961.2166137695312, 976.6763305664062, -84.57038879394531, 1781.7708740234375, 558.6055908203125, 991.1314086914062, -23.110319137573242, 667.1652221679688, -194.39599609375, 446.1759948730469, -233.18353271484375], [-2477.685791015625, 2336.64599609375, 964.6543579101562, -677.744384765625, 413.9458923339844, -188.0381622314453, 308.51385498046875, -263.188232421875, 330.0265197753906, -88.32918548583984, 276.9565734863281, -201.5918426513672, 100.79724884033203], [-961.2166137695312, 964.6543579101562, 1312.55859375, 22.45684242248535, 388.951416015625, 156.64529418945312, 370.8210754394531, 66.30823516845703, 362.8906555175781, 94.99044799804688, 136.56173706054688, -33.20026779174805, 59.90882873535156], [976.6763305664062, -677.744384765625, 22.45684242248535, 848.8766479492188, 222.52584838867188, 89.37579345703125, 64.95979309082031, 254.737548828125, 215.00543212890625, 109.31110382080078, -40.826786041259766, 51.877742767333984, 92.99468994140625], [-84.57038879394531, 413.9458923339844, 388.951416015625, 222.52584838867188, 556.9498291015625, 215.7985076904297, 230.0715789794922, 143.9292449951172, 321.6864318847656, 110.1368637084961, 94.65316009521484, 14.150032997131348, 74.81065368652344], [1781.7708740234375, -188.0381622314453, 156.64529418945312, 89.37579345703125, 215.7985076904297, 703.3641357421875, 353.9096984863281, 249.3151092529297, 115.82087707519531, 228.50765991210938, 78.92762756347656, 108.35740661621094, -59.905120849609375], [558.6055908203125, 308.51385498046875, 370.8210754394531, 64.95979309082031, 230.0715789794922, 353.9096984863281, 477.628173828125, 120.37435150146484, 134.24827575683594, 142.5509796142578, 154.64039611816406, 35.2136116027832, 10.734153747558594], [991.1314086914062, -263.188232421875, 66.30823516845703, 254.737548828125, 143.9292449951172, 249.3151092529297, 120.37435150146484, 284.53765869140625, 134.31336975097656, 87.8155288696289, -20.088964462280273, 69.24821472167969, 33.369441986083984], [-23.110319137573242, 330.0265197753906, 362.8906555175781, 215.00543212890625, 321.6864318847656, 115.82087707519531, 134.24827575683594, 134.31336975097656, 361.6416320800781, 91.76010131835938, 34.98137283325195, -22.476032257080078, 87.64208984375], [667.1652221679688, -88.32918548583984, 94.99044799804688, 109.31110382080078, 110.1368637084961, 228.50765991210938, 142.5509796142578, 87.8155288696289, 91.76010131835938, 186.3553924560547, 55.86860275268555, 37.35710144042969, -3.9793453216552734], [-194.39599609375, 276.9565734863281, 136.56173706054688, -40.826786041259766, 94.65316009521484, 78.92762756347656, 154.64039611816406, -20.088964462280273, 34.98137283325195, 55.86860275268555, 170.3593292236328, 11.740579605102539, 21.051362991333008], [446.1759948730469, -201.5918426513672, -33.20026779174805, 51.877742767333984, 14.150032997131348, 108.35740661621094, 35.2136116027832, 69.24821472167969, -22.476032257080078, 37.35710144042969, 11.740579605102539, 112.37747192382812, 11.641359329223633], [-233.18353271484375, 100.79724884033203, 59.90882873535156, 92.99468994140625, 74.81065368652344, -59.905120849609375, 10.734153747558594, 33.369441986083984, 87.64208984375, -3.9793453216552734, 21.051362991333008, 11.641359329223633, 123.81101989746094]], "lowlevel.gfcc.icov": [[0.00043515110155567527, -0.0004568193980958313, 0.000461310992250219, -0.0007099215872585773, 0.0007130216690711677, -0.0009643693920224905, -5.0945360271725804e-05, -0.0006304511916823685, 0.00028371671214699745, -0.0007618593517690897, 0.0009024646715261042, -0.0006708229193463922, 0.00046267989091575146], [-0.0004568193980958313, 0.0037944403011351824, -0.0013409607345238328, 0.0038322173058986664, -0.0023260260932147503, 0.0022509340196847916, -0.0014521292177960277, 0.0015592414420098066, -0.002872692421078682, 0.0025744554586708546, -0.0032171548809856176, 0.0031445666681975126, -0.0016112468438223004], [0.000461310992250219, -0.0013409607345238328, 0.0021010965574532747, -0.0012746908469125628, 0.0010566191049292684, -0.0009297364740632474, -0.0007280122372321784, -0.0006688882131129503, -0.0005099792615510523, -0.0010781720047816634, 0.0015577496960759163, -0.0016624937998130918, 0.00127419491764158], [-0.0007099215872585773, 0.0038322173058986664, -0.0012746908469125628, 0.006078447215259075, -0.0030549948569387197, 0.0036676465533673763, -0.0016005135839805007, 0.00019284003064967692, -0.0032577042002230883, 0.0017091055633500218, -0.0029268022626638412, 0.0030477989930659533, -0.00212637847289443], [0.0007130216690711677, -0.0023260260932147503, 0.0010566191049292684, -0.0030549948569387197, 0.006403674837201834, -0.002809169702231884, 0.00021241347712930292, -0.0010895245941355824, -0.0019077386241406202, -0.0011849337024614215, 0.0012487141648307443, -0.003042513271793723, 0.0014527318999171257], [-0.0009643693920224905, 0.0022509340196847916, -0.0009297364740632474, 0.0036676465533673763, -0.002809169702231884, 0.007846361957490444, -0.0027569171506911516, -0.0012325223069638014, -0.001884095836430788, -0.0007801236351951957, -0.0024520482402294874, 0.00026133793289773166, 0.0018122615292668343], [-5.0945360271725804e-05, -0.0014521292177960277, -0.0007280122372321784, -0.0016005135839805007, 0.00021241347712930292, -0.0027569171506911516, 0.006495893932878971, -0.0010223393328487873, 0.0022260770201683044, -0.0008501944248564541, -0.002519645495340228, 0.00037124764639884233, -0.0003188226546626538], [-0.0006304511916823685, 0.0015592414420098066, -0.0006688882131129503, 0.00019284003064967692, -0.0010895245941355824, -0.0012325223069638014, -0.0010223393328487873, 0.010601991787552834, -0.0033439425751566887, 0.0027535243425518274, 0.0008707196684554219, -0.0012838065158575773, -0.002556566148996353], [0.00028371671214699745, -0.002872692421078682, -0.0005099792615510523, -0.0032577042002230883, -0.0019077386241406202, -0.001884095836430788, 0.0022260770201683044, -0.0033439425751566887, 0.012298092246055603, -0.0044960216619074345, 0.0033079783897846937, 0.0024257672484964132, -0.003124413313344121], [-0.0007618593517690897, 0.0025744554586708546, -0.0010781720047816634, 0.0017091055633500218, -0.0011849337024614215, -0.0007801236351951957, -0.0008501944248564541, 0.0027535243425518274, -0.0044960216619074345, 0.013388816267251968, -0.0051864986307919025, 0.0012236832408234477, -0.0002429914311505854], [0.0009024646715261042, -0.0032171548809856176, 0.0015577496960759163, -0.0029268022626638412, 0.0012487141648307443, -0.0024520482402294874, -0.002519645495340228, 0.0008707196684554219, 0.0033079783897846937, -0.0051864986307919025, 0.014412217773497105, -0.00412360206246376, -0.0007648079190403223], [-0.0006708229193463922, 0.0031445666681975126, -0.0016624937998130918, 0.0030477989930659533, -0.003042513271793723, 0.00026133793289773166, 0.00037124764639884233, -0.0012838065158575773, 0.0024257672484964132, 0.0012236832408234477, -0.00412360206246376, 0.01720244809985161, -0.005623724777251482], [0.00046267989091575146, -0.0016112468438223004, 0.00127419491764158, -0.00212637847289443, 0.0014527318999171257, 0.0018122615292668343, -0.0003188226546626538, -0.002556566148996353, -0.003124413313344121, -0.0002429914311505854, -0.0007648079190403223, -0.005623724777251482, 0.01481898408383131]], "lowlevel.mfcc.cov": [[11707.9921875, -3420.83740234375, -680.2059326171875, -392.7291259765625, -65.40704345703125, 651.9422607421875, 763.3089599609375, 671.9378662109375, 595.9879150390625, 551.8419189453125, 229.79306030273438, 322.2743835449219, 396.15899658203125], [-3420.83740234375, 2956.22509765625, 595.2958984375, -308.2838134765625, 70.51786041259766, 117.01558685302734, 50.000972747802734, -53.21382141113281, -84.3321533203125, 45.42618942260742, 180.53688049316406, 67.39275360107422, -27.983562469482422], [-680.2059326171875, 595.2958984375, 827.6544799804688, 109.15315246582031, 100.95514678955078, 173.40823364257812, 116.03580474853516, 113.32369995117188, 161.31951904296875, 184.7118377685547, 91.37195587158203, 149.11602783203125, 76.57986450195312], [-392.7291259765625, -308.2838134765625, 109.15315246582031, 694.932373046875, 229.50563049316406, -19.099496841430664, -102.26177215576172, 9.163622856140137, 204.26309204101562, 79.07586669921875, -69.53412628173828, 126.48139953613281, 9.94922161102295], [-65.40704345703125, 70.51786041259766, 100.95514678955078, 229.50563049316406, 441.3018493652344, 120.90531921386719, -49.66335678100586, 123.34123229980469, 224.23150634765625, 174.38607788085938, 61.598140716552734, 100.04086303710938, 81.01396179199219], [651.9422607421875, 117.01558685302734, 173.40823364257812, -19.099496841430664, 120.90531921386719, 395.031494140625, 248.84498596191406, 156.92831420898438, 132.02818298339844, 228.09732055664062, 157.4345245361328, 140.2440643310547, 126.06198120117188], [763.3089599609375, 50.000972747802734, 116.03580474853516, -102.26177215576172, -49.66335678100586, 248.84498596191406, 390.0335998535156, 171.61431884765625, 45.50486373901367, 132.79771423339844, 135.6947784423828, 98.00298309326172, 113.26179504394531], [671.9378662109375, -53.21382141113281, 113.32369995117188, 9.163622856140137, 123.34123229980469, 156.92831420898438, 171.61431884765625, 252.8419647216797, 150.11346435546875, 135.74656677246094, 94.74491119384766, 82.16315460205078, 84.787353515625], [595.9879150390625, -84.3321533203125, 161.31951904296875, 204.26309204101562, 224.23150634765625, 132.02818298339844, 45.50486373901367, 150.11346435546875, 338.35565185546875, 197.88584899902344, 30.59162139892578, 138.28346252441406, 93.65873718261719], [551.8419189453125, 45.42618942260742, 184.7118377685547, 79.07586669921875, 174.38607788085938, 228.09732055664062, 132.79771423339844, 135.74656677246094, 197.88584899902344, 327.3329772949219, 107.46855163574219, 116.2778549194336, 106.8499984741211], [229.79306030273438, 180.53688049316406, 91.37195587158203, -69.53412628173828, 61.598140716552734, 157.4345245361328, 135.6947784423828, 94.74491119384766, 30.59162139892578, 107.46855163574219, 170.11370849609375, 54.7636604309082, 53.12422561645508], [322.2743835449219, 67.39275360107422, 149.11602783203125, 126.48139953613281, 100.04086303710938, 140.2440643310547, 98.00298309326172, 82.16315460205078, 138.28346252441406, 116.2778549194336, 54.7636604309082, 170.95484924316406, 64.83755493164062], [396.15899658203125, -27.983562469482422, 76.57986450195312, 9.94922161102295, 81.01396179199219, 126.06198120117188, 113.26179504394531, 84.787353515625, 93.65873718261719, 106.8499984741211, 53.12422561645508, 64.83755493164062, 151.74879455566406]], "lowlevel.mfcc.icov": [[0.00028015588759444654, 0.00033447841997258365, 0.00020170026982668787, 0.0004290159558877349, 0.0002314582816325128, -5.394003164838068e-05, -7.08291627233848e-05, -0.00020826428954023868, -0.00043352492502890527, -0.00019048983813263476, -0.00014075892977416515, -0.0005735247395932674, -1.3121627489454113e-05], [0.00033447841997258365, 0.0009149833931587636, -0.00018536049174144864, 0.0008784508099779487, -0.00012565900397021323, 3.634168751887046e-05, -0.0001911295112222433, 0.00024057751579675823, -0.00037817179691046476, -0.00011111377534689382, -0.0005732838180847466, -0.0009959753369912505, 0.0003144992224406451], [0.00020170026982668787, -0.00018536049174144864, 0.002013817895203829, -8.298392640426755e-05, 0.0007645036675967276, -0.00015492433158215135, 0.0002053835487458855, -0.000707691942807287, -0.0005643030744977295, -0.0006670151487924159, -0.00014657557767350227, -0.0010294284438714385, -0.00029979858663864434], [0.0004290159558877349, 0.0008784508099779487, -8.298392640426755e-05, 0.003370523452758789, -0.0010213266359642148, 0.0005686119548045099, -0.0003218138590455055, 0.0006042103050276637, -0.0012069132644683123, -0.00034443879849277437, 0.0007954449974931777, -0.002892368705943227, 0.0007831602124497294], [0.0002314582816325128, -0.00012565900397021323, 0.0007645036675967276, -0.0010213266359642148, 0.006033788435161114, -0.0012351141776889563, 0.003558713011443615, -0.002635061973705888, -0.001654219813644886, -0.0009343996644020081, -0.0018484467873349786, -0.0003166056703776121, -0.001864023506641388], [-5.394003164838068e-05, 3.634168751887046e-05, -0.00015492433158215135, 0.0005686119548045099, -0.0012351141776889563, 0.007626493461430073, -0.0028032378759235144, 0.0007430482655763626, 0.00039025588193908334, -0.002285615773871541, -0.0020991878118366003, -0.0022950023412704468, -0.0007266670581884682], [-7.08291627233848e-05, -0.0001911295112222433, 0.0002053835487458855, -0.0003218138590455055, 0.003558713011443615, -0.0028032378759235144, 0.008444184437394142, -0.004247406963258982, 0.0014649219810962677, -0.00032987832673825324, -0.0016432604752480984, -0.0016824810300022364, -0.0028111357241868973], [-0.00020826428954023868, 0.00024057751579675823, -0.000707691942807287, 0.0006042103050276637, -0.002635061973705888, 0.0007430482655763626, -0.004247406963258982, 0.009954595938324928, -0.0029869142454117537, 0.0007807767833583057, -0.0018135755090042949, 0.0012528446968644857, 0.0006966204382479191], [-0.00043352492502890527, -0.00037817179691046476, -0.0005643030744977295, -0.0012069132644683123, -0.001654219813644886, 0.00039025588193908334, 0.0014649219810962677, -0.0029869142454117537, 0.009368929080665112, -0.002563090529292822, 0.0026984193827956915, -0.00263564707711339, -0.0012358765816316009], [-0.00019048983813263476, -0.00011111377534689382, -0.0006670151487924159, -0.00034443879849277437, -0.0009343996644020081, -0.002285615773871541, -0.00032987832673825324, 0.0007807767833583057, -0.002563090529292822, 0.00766717828810215, -0.0016590910963714123, 0.0011193339014425874, -0.0006706220447085798], [-0.00014075892977416515, -0.0005732838180847466, -0.00014657557767350227, 0.0007954449974931777, -0.0018484467873349786, -0.0020991878118366003, -0.0016432604752480984, -0.0018135755090042949, 0.0026984193827956915, -0.0016590910963714123, 0.012597222812473774, -0.0006838759290985763, 0.0006389651680365205], [-0.0005735247395932674, -0.0009959753369912505, -0.0010294284438714385, -0.002892368705943227, -0.0003166056703776121, -0.0022950023412704468, -0.0016824810300022364, 0.0012528446968644857, -0.00263564707711339, 0.0011193339014425874, -0.0006838759290985763, 0.01456797681748867, -0.0004924404784105718], [-1.3121627489454113e-05, 0.0003144992224406451, -0.00029979858663864434, 0.0007831602124497294, -0.001864023506641388, -0.0007266670581884682, -0.0028111357241868973, 0.0006966204382479191, -0.0012358765816316009, -0.0006706220447085798, 0.0006389651680365205, -0.0004924404784105718, 0.011311477981507778]], "metadata.audio_properties.analysis.downmix": "mix", "metadata.audio_properties.codec": "mp3", "metadata.audio_properties.md5_encoded": "fd21cdaddb97dacadf7f48702b90469f", "metadata.tags.file_name": "1183668991781240842.mp3", "metadata.version.essentia": "2.1-beta6-dev", "metadata.version.essentia_git_sha": "v2.1_beta5-1110-g77a6a954", "metadata.version.extractor": "music 2.0", "tonal.chords_key": "F", "tonal.chords_scale": "major", "tonal.key_edma.key": "Bb", "tonal.key_edma.scale": "major", "tonal.key_krumhansl.key": "Bb", "tonal.key_krumhansl.scale": "major", "tonal.key_temperley.key": "Bb", "tonal.key_temperley.scale": "major", "metadata.tags.encoding": ["Lavf58.45.100"]}, "essentia_models": [{"model_name": "genre_dortmund", "activations": {"alternative": "0.0043517593", "blues": "0.00024030745", "electronic": "0.006104119", "folkcountry": "