{"song_id": "1183708267680116798", "download": "https://cdn.discordapp.com/attachments/1135903449314238464/1183708267680116798/chirp.mp4?ex=6589513b&amp", "lyrics": "\u0430 \u044f \u0442\u0435\u0431\u044f \u0442\u043e\u043f\u043e\u0440\u0438\u043a\u043e\u043c\n\u0431\u0430\u043c \u0431\u0430\u043c \u0431\u0430\u043c\n\u0430 \u044f \u0442\u0435\u0431\u044f \u0442\u043e\u043f\u043e\u0440\u0438\u043a\u043e\u043c\n\u043f\u043e \u043a\u0443\u0441\u043a\u0430\u043c\n\u0430 \u044f \u0442\u0435\u0431\u044f \u0442\u043e\u043f\u043e\u0440\u0438\u043a\u043e\u043c\n\u0442\u044b\u0449 \u0442\u044b\u0449 \u0442\u044b\u0449\n\u043e\u0442 \u0442\u0435\u0431\u044f \u043e\u0441\u0442\u0430\u043d\u0435\u0442\u0441\u044f\n\u0442\u043e\u043b\u044c\u043a\u043e \u043f\u0440\u044b\u0449", "style": ["Hip hop</span><span>, rap"], "essentia_features": {"lowlevel.average_loudness": 0.9649075865745544, "lowlevel.barkbands_crest.mean": 12.237224578857422, "lowlevel.barkbands_crest.stdev": 3.941067695617676, "lowlevel.barkbands_flatness_db.mean": 0.20628458261489868, "lowlevel.barkbands_flatness_db.stdev": 0.04995378106832504, "lowlevel.barkbands_kurtosis.mean": 7.914087295532227, "lowlevel.barkbands_kurtosis.stdev": 10.269614219665527, "lowlevel.barkbands_skewness.mean": 1.8112660646438599, "lowlevel.barkbands_skewness.stdev": 1.4762474298477173, "lowlevel.barkbands_spread.mean": 14.141356468200684, "lowlevel.barkbands_spread.stdev": 11.700115203857422, "lowlevel.dissonance.mean": 0.45611342787742615, "lowlevel.dissonance.stdev": 0.032983627170324326, "lowlevel.dynamic_complexity": 3.1709060668945312, "lowlevel.erbbands_crest.mean": 11.27131175994873, "lowlevel.erbbands_crest.stdev": 5.458715915679932, "lowlevel.erbbands_flatness_db.mean": 0.20722758769989014, "lowlevel.erbbands_flatness_db.stdev": 0.05637168884277344, "lowlevel.erbbands_kurtosis.mean": 2.1916046142578125, "lowlevel.erbbands_kurtosis.stdev": 3.9034011363983154, "lowlevel.erbbands_skewness.mean": 0.7551565170288086, "lowlevel.erbbands_skewness.stdev": 0.9887174367904663, "lowlevel.erbbands_spread.mean": 32.25627899169922, "lowlevel.erbbands_spread.stdev": 23.10196304321289, "lowlevel.hfc.mean": 15.158896446228027, "lowlevel.hfc.stdev": 17.4384708404541, "lowlevel.loudness_ebu128.integrated": -19.322006225585938, "lowlevel.loudness_ebu128.loudness_range": 2.1686534881591797, "lowlevel.loudness_ebu128.momentary.mean": -19.62071990966797, "lowlevel.loudness_ebu128.momentary.stdev": 1.6596959829330444, "lowlevel.loudness_ebu128.short_term.mean": -19.43448829650879, "lowlevel.loudness_ebu128.short_term.stdev": 0.6566775441169739, "lowlevel.melbands_crest.mean": 15.722450256347656, "lowlevel.melbands_crest.stdev": 5.597995758056641, "lowlevel.melbands_flatness_db.mean": 0.2424926906824112, "lowlevel.melbands_flatness_db.stdev": 0.06541536003351212, "lowlevel.melbands_kurtosis.mean": 16.365922927856445, "lowlevel.melbands_kurtosis.stdev": 23.22090721130371, "lowlevel.melbands_skewness.mean": 2.5418541431427, "lowlevel.melbands_skewness.stdev": 1.9449783563613892, "lowlevel.melbands_spread.mean": 16.29442596435547, "lowlevel.melbands_spread.stdev": 13.879764556884766, "lowlevel.pitch_salience.mean": 0.5607547760009766, "lowlevel.pitch_salience.stdev": 0.13118506968021393, "lowlevel.silence_rate_20dB.mean": 1.0, "lowlevel.silence_rate_20dB.stdev": 0.0, "lowlevel.silence_rate_30dB.mean": 0.9725433588027954, "lowlevel.silence_rate_30dB.stdev": 0.16340920329093933, "lowlevel.silence_rate_60dB.mean": 0.04624277353286743, "lowlevel.silence_rate_60dB.stdev": 0.21001020073890686, "lowlevel.spectral_centroid.mean": 978.1600341796875, "lowlevel.spectral_centroid.stdev": 597.41162109375, "lowlevel.spectral_complexity.mean": 12.919075012207031, "lowlevel.spectral_complexity.stdev": 7.378834247589111, "lowlevel.spectral_decrease.mean": -6.134013297298679e-09, "lowlevel.spectral_decrease.stdev": 8.145858210184542e-09, "lowlevel.spectral_energy.mean": 0.024526147171854973, "lowlevel.spectral_energy.stdev": 0.031776104122400284, "lowlevel.spectral_energyband_high.mean": 0.0005017786170355976, "lowlevel.spectral_energyband_high.stdev": 0.0008857353823259473, "lowlevel.spectral_energyband_low.mean": 0.008823790587484837, "lowlevel.spectral_energyband_low.stdev": 0.025659067556262016, "lowlevel.spectral_energyband_middle_high.mean": 0.005350996740162373, "lowlevel.spectral_energyband_middle_high.stdev": 0.00843749474734068, "lowlevel.spectral_energyband_middle_low.mean": 0.011239029467105865, "lowlevel.spectral_energyband_middle_low.stdev": 0.012632826343178749, "lowlevel.spectral_entropy.mean": 7.183599472045898, "lowlevel.spectral_entropy.stdev": 0.5370312333106995, "lowlevel.spectral_flux.mean": 0.09292154759168625, "lowlevel.spectral_flux.stdev": 0.08593261986970901, "lowlevel.spectral_kurtosis.mean": 6.7215576171875, "lowlevel.spectral_kurtosis.stdev": 7.25869607925415, "lowlevel.spectral_rms.mean": 0.004275028128176928, "lowlevel.spectral_rms.stdev": 0.002377416007220745, "lowlevel.spectral_rolloff.mean": 1067.6978759765625, "lowlevel.spectral_rolloff.stdev": 1136.0654296875, "lowlevel.spectral_skewness.mean": 1.8920512199401855, "lowlevel.spectral_skewness.stdev": 0.8867072463035583, "lowlevel.spectral_spread.mean": 4208132.5, "lowlevel.spectral_spread.stdev": 1678408.375, "lowlevel.spectral_strongpeak.mean": 1.2908695936203003, "lowlevel.spectral_strongpeak.stdev": 1.6858526468276978, "lowlevel.zerocrossingrate.mean": 0.04442442208528519, "lowlevel.zerocrossingrate.stdev": 0.026446722447872162, "metadata.audio_properties.analysis.equal_loudness": 0.0, "metadata.audio_properties.analysis.length": 16.041610717773438, "metadata.audio_properties.analysis.sample_rate": 44100.0, "metadata.audio_properties.analysis.start_time": 0.0, "metadata.audio_properties.bit_rate": 103737.0, "metadata.audio_properties.length": 16.042667388916016, "metadata.audio_properties.lossless": 0.0, "metadata.audio_properties.number_channels": 1.0, "metadata.audio_properties.replay_gain": -8.474250793457031, "metadata.audio_properties.sample_rate": 48000.0, "rhythm.beats_count": 33.0, "rhythm.beats_loudness.mean": 0.05608733743429184, "rhythm.beats_loudness.stdev": 0.02129138447344303, "rhythm.bpm": 128.22962951660156, "rhythm.bpm_histogram_first_peak_bpm": 129.0, "rhythm.bpm_histogram_first_peak_weight": 0.307692289352417, "rhythm.bpm_histogram_second_peak_bpm": 123.0, "rhythm.bpm_histogram_second_peak_spread": 0.19999998807907104, "rhythm.bpm_histogram_second_peak_weight": 0.125, "rhythm.danceability": 1.676979422569275, "rhythm.onset_rate": 5.106934547424316, "tonal.chords_changes_rate": 0.06628242135047913, "tonal.chords_number_rate": 0.020172910764813423, "tonal.chords_strength.mean": 0.5652949810028076, "tonal.chords_strength.stdev": 0.08260466158390045, "tonal.hpcp_crest.mean": 12.681709289550781, "tonal.hpcp_crest.stdev": 6.184436798095703, "tonal.hpcp_entropy.mean": 2.1226205825805664, "tonal.hpcp_entropy.stdev": 0.7185603380203247, "tonal.key_edma.strength": 0.7540587186813354, "tonal.key_krumhansl.strength": 0.7432852983474731, "tonal.key_temperley.strength": 0.7225685715675354, "tonal.tuning_diatonic_strength": 0.6527625322341919, "tonal.tuning_equal_tempered_deviation": 0.1932983249425888, "tonal.tuning_frequency": 434.193115234375, "tonal.tuning_nontempered_energy_ratio": 0.8939601182937622, "lowlevel.barkbands.mean": [0.00027424056315794587, 0.003397193271666765, 0.003885413520038128, 0.001815712545067072, 0.0031882566399872303, 0.0030415949877351522, 0.0008672580006532371, 0.0007802737527526915, 0.0012643843656405807, 0.0009735046769492328, 0.0005255141295492649, 0.0009181616478599608, 0.0016262736171483994, 0.00034348302870057523, 0.00030454268562607467, 0.00027347798459231853, 0.00021418427058961242, 0.00013487026444636285, 0.00013131636660546064, 0.00023753107234369963, 0.0001375641004415229, 4.361677565611899e-05, 5.610329026239924e-05, 5.328773841029033e-05, 3.827322507277131e-05, 1.0929599625342235e-07, 2.2947148625718228e-09], "lowlevel.barkbands.stdev": [0.0005718295578844845, 0.00811036117374897, 0.015920009464025497, 0.00621807062998414, 0.0029452734161168337, 0.005232345778495073, 0.0027133366093039513, 0.002944027306511998, 0.0035920818336308002, 0.0034299460239708424, 0.0019702338613569736, 0.002644900931045413, 0.004318218678236008, 0.001160171115770936, 0.0015463713789358735, 0.001132781384512782, 0.0006340692052617669, 0.00027874717488884926, 0.0003376258537173271, 0.000482008617836982, 0.0003084401832893491, 0.00011714540596585721, 0.00017874123295769095, 0.00011490756878629327, 9.415026579517871e-05, 4.292562323371385e-07, 2.398274823178781e-08], "lowlevel.erbbands.mean": [0.11801046133041382, 0.7204442620277405, 3.6758689880371094, 6.450083255767822, 6.1646833419799805, 12.346603393554688, 19.038524627685547, 25.704984664916992, 18.077449798583984, 8.836149215698242, 21.766204833984375, 27.951217651367188, 29.899267196655273, 26.379060745239258, 29.472009658813477, 40.29658889770508, 77.87439727783203, 23.66657257080078, 17.758441925048828, 11.386467933654785, 16.30220603942871, 11.665542602539062, 7.8086748123168945, 6.381929874420166, 7.186967372894287, 11.3242826461792, 9.981850624084473, 2.7687549591064453, 1.6489287614822388, 1.649718165397644, 1.5648703575134277, 1.2537957429885864, 0.791175901889801, 0.5171664357185364, 0.21874366700649261, 0.012665653601288795, 0.00038221810245886445, 3.298749652458355e-05, 1.6697667888365686e-05, 2.929939546447713e-05], "lowlevel.erbbands.stdev": [0.24824286997318268, 2.193715810775757, 15.011788368225098, 22.860952377319336, 11.26070785522461, 12.184488296508789, 28.508865356445312, 52.136375427246094, 49.35301971435547, 20.47072410583496, 68.57302856445312, 83.07080841064453, 116.41424560546875, 77.94681549072266, 90.10576629638672, 100.2174072265625, 211.07388305664062, 72.02745819091797, 67.02886962890625, 56.27311706542969, 53.003604888916016, 34.81538391113281, 16.207542419433594, 14.045578002929688, 20.10898780822754, 22.04518699645996, 21.467100143432617, 7.3033552169799805, 4.503336429595947, 4.70654821395874, 4.945698261260986, 2.6403579711914062, 1.8182133436203003, 1.243294358253479, 0.5751896500587463, 0.031863581389188766, 0.0009264791733585298, 9.132412378676236e-05, 1.9969222194049507e-05, 3.626244142651558e-05], "lowlevel.gfcc.mean": [-58.0814208984375, 125.08353424072266, -125.87474060058594, 31.117359161376953, -80.31172943115234, 15.098796844482422, -45.321624755859375, -0.07155710458755493, -31.923906326293945, -7.718227863311768, 3.556267261505127, -11.400691986083984, 12.479881286621094], "lowlevel.melbands.mean": [0.0009699466172605753, 0.0015902019804343581, 0.0010475065791979432, 0.0006986440857872367, 0.0006186051177792251, 0.000563431647606194, 0.00025379942962899804, 0.00010636336082825437, 0.00019101052021142095, 0.0001736353151500225, 0.00014980236301198602, 0.00011063066631322727, 8.238064037868753e-05, 0.00012028188211843371, 0.00015756457287352532, 0.00012090173549950123, 3.639238639152609e-05, 2.7200867407373153e-05, 1.9917390090995468e-05, 1.6114558093249798e-05, 1.951715057657566e-05, 1.3014730029681232e-05, 7.81946255301591e-06, 6.452286015701247e-06, 4.906686626782175e-06, 5.131744728714693e-06, 4.765889116242761e-06, 8.540672752133105e-06, 7.820203791197855e-06, 2.856390665328945e-06, 1.1428752486608573e-06, 9.187614296024549e-07, 8.409820111410227e-07, 9.859068086370826e-07, 1.0168846529268194e-06, 6.642350172114675e-07, 7.971606237333617e-07, 5.74268369746278e-07, 4.5364944867287704e-07, 4.324148221712676e-07], "lowlevel.melbands.stdev": [0.0020615782123059034, 0.006016829051077366, 0.00344914966262877, 0.0007205630536191165, 0.0008082978310994804, 0.001073978142812848, 0.000661471567582339, 0.00033952624653466046, 0.0005542330327443779, 0.0005191919626668096, 0.000586639333050698, 0.00035197020042687654, 0.0002791436272673309, 0.00035572820343077183, 0.00041232260991819203, 0.00032360455952584743, 0.0001236261596204713, 0.00010003500210586935, 0.00012159684411017224, 8.39728963910602e-05, 5.60743355890736e-05, 4.459401679923758e-05, 1.9589650037232786e-05, 1.375834926875541e-05, 1.182862433779519e-05, 1.569748746987898e-05, 1.1098414688603953e-05, 1.734728539304342e-05, 1.7490412574261427e-05, 7.270718469953863e-06, 3.34388005285291e-06, 2.7667351787385996e-06, 2.1689511413569562e-06, 3.133441850877716e-06, 3.5442399166640826e-06, 1.570946892570646e-06, 1.698734308774874e-06, 1.3805816934109316e-06, 1.0471595714989235e-06, 1.0838529078682768e-06], "lowlevel.melbands128.mean": [0.0002604517212603241, 0.0010299099376425147, 0.0011275757569819689, 0.001124842558056116, 0.0016822980251163244, 0.001951551646925509, 0.0014607181074097753, 0.0006923028849996626, 0.0004587004950735718, 0.0009254264296032488, 0.0006700213998556137, 0.000495239335577935, 0.000732602144125849, 0.0005855565541423857, 0.0006103345658630133, 0.0005686558433808386, 0.0002971709182020277, 0.0002700923942029476, 8.275862637674436e-05, 6.048359864507802e-05, 0.00012989665265195072, 0.00020073301857337356, 0.00017151371866930276, 0.00022863097547087818, 0.0001911898871185258, 0.00013818730076309294, 0.00016633378982078284, 0.00014089439355302602, 0.00015046680346131325, 0.00014363454829435796, 7.839470345061272e-05, 8.136012183967978e-05, 6.62712482153438e-05, 8.717540913494304e-05, 0.00015928485663607717, 0.00013344794570002705, 5.066930316388607e-05, 7.785164780216292e-05, 0.000346540124155581, 0.00017112476052716374, 5.3178380767349154e-05, 5.7680957979755476e-05, 3.613437365856953e-05, 2.8097194444853812e-05, 2.146494807675481e-05, 2.766977922874503e-05, 3.543471757438965e-05, 2.0450816009542905e-05, 1.5272895325324498e-05, 7.800952516845427e-06, 1.5870691640884615e-05, 2.6366824386059307e-05, 1.8188038666266948e-05, 1.766851892170962e-05, 1.779602280294057e-05, 1.2771136425726581e-05, 9.235622201231308e-06, 8.884075214155018e-06, 6.550296347995754e-06, 6.843439678050345e-06, 7.024970727798063e-06, 5.750247510150075e-06, 5.600151780527085e-06, 4.476745743886568e-06, 3.95584629586665e-06, 4.3957988964393735e-06, 7.92865284893196e-06, 3.066204044444021e-06, 4.404217179398984e-06, 5.7836537052935455e-06, 7.86718101153383e-06, 1.0881879461521748e-05, 9.69841221376555e-06, 7.984319381648675e-06, 4.71145040137344e-06, 3.0804833386355313e-06, 1.962150236067828e-06, 1.2558048183564097e-06, 1.1577254781514057e-06, 8.275954996861401e-07, 9.873601811705157e-07, 9.793162689675228e-07, 7.0329406298697e-07, 9.985114957089536e-07, 7.156023116294818e-07, 8.381387601730239e-07, 1.0503657676963485e-06, 1.323074457104667e-06, 1.113902385441179e-06, 7.470257514796685e-07, 5.99179259097582e-07, 5.852887738910795e-07, 8.437278893325129e-07, 9.573883517077775e-07, 6.098479161664727e-07, 6.72070427754079e-07, 5.434733338915976e-07, 5.075215199212835e-07, 3.9275283825190854e-07, 4.901975216853316e-07, 4.5823333039152203e-07, 4.438750522695045e-07, 3.488979700705386e-07, 3.6643950807047077e-07, 2.9610757223963446e-07, 1.736732144763664e-07, 4.8336243452240524e-08, 6.392973705970917e-09, 2.124992404262116e-10, 1.8066190210497268e-10, 1.1898197704862667e-10, 9.047156773744902e-11, 7.511296445938953e-11, 6.914435690674736e-11, 4.7781330975160685e-11, 4.894534777477588e-11, 4.0281139535025545e-11, 1.7662612691871082e-11, 1.0378895659579612e-11, 8.97325616588951e-12, 8.264904385879568e-12, 4.32696803734367e-12, 3.2719055329671898e-12, 3.203160610018574e-12, 3.0932320507076616e-12, 2.9401615690705096e-12, 2.8517431471808408e-12, 2.8271020507258937e-12], "lowlevel.melbands128.stdev": [0.0005508087342604995, 0.0022754925303161144, 0.0026912002358585596, 0.003955313470214605, 0.00711736548691988, 0.007896577008068562, 0.005295416805893183, 0.002358741592615843, 0.0009853667579591274, 0.0009896086994558573, 0.0008345595560967922, 0.0006887891795486212, 0.00122804194688797, 0.0013658303068950772, 0.001580623211339116, 0.001197001081891358, 0.0011149076744914055, 0.0008251519757322967, 0.00015294803597498685, 0.00017183614545501769, 0.0005801980732940137, 0.0010136348428204656, 0.0006021380540914834, 0.0009125457145273685, 0.0008060367545112967, 0.0006088430527597666, 0.0009273625328205526, 0.0007844041101634502, 0.0007639856776222587, 0.0006086797220632434, 0.00030581525061279535, 0.0004059512575622648, 0.00034094983129762113, 0.0004940373473800719, 0.0004917419282719493, 0.0005093744839541614, 0.0002419755473965779, 0.0003349522885400802, 0.001113060163334012, 0.000535361235961318, 0.000282622582744807, 0.0003685536503326148, 0.0001452261785743758, 9.298489021603018e-05, 0.0001191628398373723, 0.00012194571900181472, 0.0001941550144692883, 0.00018087666830979288, 0.00017473833577241749, 2.8762673537130468e-05, 9.531534306006506e-05, 0.00019466197409201413, 5.86188689339906e-05, 6.0818558267783374e-05, 7.443008507834747e-05, 7.755009573884308e-05, 3.2762865885160863e-05, 2.8958054826944135e-05, 1.967900425370317e-05, 1.8080498193739913e-05, 1.8567505321698263e-05, 1.6000733012333512e-05, 1.524489744042512e-05, 1.2671416698140092e-05, 1.0914134691120125e-05, 1.3580195627582725e-05, 3.6686265957541764e-05, 7.952774467412382e-06, 1.275123668165179e-05, 1.53088058141293e-05, 1.7157117326860316e-05, 2.6103101845365018e-05, 2.637996840348933e-05, 1.9878540115314536e-05, 1.2042395610478707e-05, 8.82801123225363e-06, 6.257641871343367e-06, 4.665206688514445e-06, 3.0515832349919947e-06, 2.7808509912574664e-06, 3.425117256483645e-06, 3.2241243843600387e-06, 2.325618197573931e-06, 2.7125547603645828e-06, 2.1054497665318195e-06, 2.6768022962642135e-06, 3.6760841339855688e-06, 4.867378265771549e-06, 4.3748350435635075e-06, 2.587775725260144e-06, 1.8070709302264731e-06, 1.3439602071230183e-06, 1.905239741972764e-06, 2.1163339170016116e-06, 1.4183680150381406e-06, 1.8160736772188102e-06, 1.3091558912492474e-06, 1.3442735280477791e-06, 9.150689948000945e-07, 1.280848664464429e-06, 1.2114178389310837e-06, 1.2013455261694617e-06, 9.380791539115307e-07, 1.1291185728623532e-06, 8.998123348646914e-07, 4.738420500416396e-07, 1.2541366345431015e-07, 1.8511109090013633e-08, 2.175787328084766e-09, 2.4373281171108374e-09, 1.488322798337549e-09, 1.1329821525407624e-09, 9.97734117547111e-10, 9.836481629221794e-10, 6.692127962892869e-10, 7.184488004519096e-10, 5.989105877901579e-10, 2.3245413927064362e-10, 1.441040620164813e-10, 1.1574851493945104e-10, 1.0201507000262566e-10, 2.1624684681809114e-11, 5.677657996527863e-12, 5.566503421400304e-12, 5.485713879677112e-12, 5.418384057404024e-12, 5.3707212288589545e-12, 5.341459913266178e-12], "lowlevel.mfcc.mean": [-691.820068359375, 141.06185913085938, 11.499543190002441, 10.987945556640625, -3.0678160190582275, -3.8091490268707275, 6.7809929847717285, -7.583903789520264, -10.404492378234863, -6.433096885681152, -14.31778621673584, 1.9752850532531738, -1.8040235042572021], "lowlevel.spectral_contrast_coeffs.mean": [-0.6463204622268677, -0.7336100935935974, -0.7705584168434143, -0.7926900386810303, -0.8124926090240479, -0.7979592680931091], "lowlevel.spectral_contrast_coeffs.stdev": [0.07911904901266098, 0.0728352889418602, 0.08497422933578491, 0.08370562642812729, 0.05341867730021477, 0.04016563296318054], "lowlevel.spectral_contrast_valleys.mean": [-7.140471935272217, -6.870197772979736, -7.452191352844238, -8.14193344116211, -8.112083435058594, -10.759432792663574], "lowlevel.spectral_contrast_valleys.stdev": [0.8263477683067322, 0.5801397562026978, 0.5767089128494263, 0.7177363038063049, 0.9273708462715149, 0.9922444820404053], "rhythm.beats_loudness_band_ratio.mean": [0.7490451335906982, 0.08968788385391235, 0.06595440953969955, 0.07945692539215088, 0.01079842820763588, 0.015242001973092556], "rhythm.beats_loudness_band_ratio.stdev": [0.19257988035678864, 0.08577361702919006, 0.08398310840129852, 0.09868797659873962, 0.012092016637325287, 0.014020050875842571], "tonal.hpcp.mean": [0.372491717338562, 0.36075589060783386, 0.1271217316389084, 0.06908949464559555, 0.05449588596820831, 0.0590328574180603, 0.12677153944969177, 0.12746134400367737, 0.05619251728057861, 0.04488707706332207, 0.04542900621891022, 0.04613105207681656, 0.07832198590040207, 0.11658942699432373, 0.11533433943986893, 0.22603750228881836, 0.25686115026474, 0.1280987709760666, 0.09420105814933777, 0.07959020882844925, 0.06915780901908875, 0.1511678695678711, 0.17140208184719086, 0.09592296928167343, 0.08202335238456726, 0.09048586338758469, 0.13793720304965973, 0.27364522218704224, 0.21299365162849426, 0.05939291790127754, 0.055504679679870605, 0.05288698524236679, 0.05723005160689354, 0.06426246464252472, 0.06071314960718155, 0.12874473631381989], "tonal.hpcp.stdev": [0.35920876264572144, 0.3613467812538147, 0.2243805080652237, 0.2017240971326828, 0.16598623991012573, 0.16888387501239777, 0.2620273530483246, 0.281454861164093, 0.1247439906001091, 0.11478389799594879, 0.1280202716588974, 0.12942680716514587, 0.16395632922649384, 0.23796474933624268, 0.21052031219005585, 0.26852115988731384, 0.3111979067325592, 0.19994695484638214, 0.19394934177398682, 0.17223653197288513, 0.17004206776618958, 0.26085495948791504, 0.30263248085975647, 0.18631981313228607, 0.21759536862373352, 0.22361864149570465, 0.2294507771730423, 0.2881028354167938, 0.22817879915237427, 0.15557469427585602, 0.16996394097805023, 0.1566106528043747, 0.15671837329864502, 0.15565933287143707, 0.15933039784431458, 0.20757563412189484], "rhythm.beats_position": [0.5224489569664001, 1.05650794506073, 1.5557368993759155, 2.043355941772461, 2.5077550411224365, 2.9953742027282715, 3.459773063659668, 3.9241721630096436, 4.388571262359619, 4.8645806312561035, 5.34058952331543, 5.804988384246826, 6.269387722015381, 6.757006645202637, 7.221405982971191, 7.685804843902588, 8.150203704833984, 8.626213073730469, 9.102222442626953, 9.566620826721191, 10.031020164489746, 10.50702953338623, 10.971427917480469, 11.447437286376953, 11.911836624145508, 12.376235961914062, 12.8406343460083, 13.328253746032715, 13.79265308380127, 14.257051467895508, 14.721450805664062, 15.197460174560547, 15.673469543457031], "rhythm.bpm_histogram": [0.0, 0.0, 0.0, 0.0, 0.0, 0.0, 0.0, 0.0, 0.0, 0.0, 0.0, 0.0, 0.0, 0.0, 0.0, 0.0, 0.0, 0.0, 0.0, 0.0, 0.0, 0.0, 0.0, 0.0, 0.0, 0.0, 0.0, 0.0, 0.0, 0.0, 0.0, 0.0, 0.0, 0.0, 0.0, 0.0, 0.0, 0.0, 0.0, 0.0, 0.0, 0.0, 0.0, 0.0, 0.0, 0.0, 0.0, 0.0, 0.0, 0.0, 0.0, 0.0, 0.0, 0.0, 0.0, 0.0, 0.0, 0.0, 0.0, 0.0, 0.0, 0.0, 0.0, 0.0, 0.0, 0.0, 0.0, 0.0, 0.0, 0.0, 0.0, 0.0, 0.0, 0.0, 0.0, 0.0, 0.0, 0.0, 0.0, 0.0, 0.0, 0.0, 0.0, 0.0, 0.0, 0.0, 0.0, 0.0, 0.0, 0.0, 0.0, 0.0, 0.0, 0.0, 0.0, 0.0, 0.0, 0.0, 0.0, 0.0, 0.0, 0.0, 0.0, 0.0, 0.0, 0.0, 0.0, 0.0, 0.0, 0.0, 0.0, 0.0, 0.03125, 0.0, 0.0, 0.0, 0.0, 0.0, 0.0, 0.0, 0.03125, 0.0, 0.0, 0.125, 0.0, 0.0, 0.25, 0.0, 0.0, 0.5625, 0.0, 0.0, 0.0, 0.0, 0.0, 0.0, 0.0, 0.0, 0.0, 0.0, 0.0, 0.0, 0.0, 0.0, 0.0, 0.0, 0.0, 0.0, 0.0, 0.0, 0.0, 0.0, 0.0, 0.0, 0.0, 0.0, 0.0, 0.0, 0.0, 0.0, 0.0, 0.0, 0.0, 0.0, 0.0, 0.0, 0.0, 0.0, 0.0, 0.0, 0.0, 0.0, 0.0, 0.0, 0.0, 0.0, 0.0, 0.0, 0.0, 0.0, 0.0, 0.0, 0.0, 0.0, 0.0, 0.0, 0.0, 0.0, 0.0, 0.0, 0.0, 0.0, 0.0, 0.0, 0.0, 0.0, 0.0, 0.0, 0.0, 0.0, 0.0, 0.0, 0.0, 0.0, 0.0, 0.0, 0.0, 0.0, 0.0, 0.0, 0.0, 0.0, 0.0, 0.0, 0.0, 0.0, 0.0, 0.0, 0.0, 0.0, 0.0, 0.0, 0.0, 0.0, 0.0, 0.0, 0.0, 0.0, 0.0, 0.0, 0.0, 0.0, 0.0, 0.0, 0.0, 0.0, 0.0, 0.0, 0.0, 0.0, 0.0, 0.0, 0.0, 0.0, 0.0, 0.0, 0.0, 0.0, 0.0, 0.0], "tonal.chords_histogram": [36.599422454833984, 3.1700289249420166, 25.072046279907227, 0.0, 0.0, 0.0, 1.4409221410751343, 0.0, 0.0, 0.0, 0.0, 0.0, 0.0, 0.0, 0.0, 0.0, 0.0, 15.561959266662598, 0.0, 4.899135589599609, 0.0, 0.0, 0.0, 13.256484031677246], "tonal.thpcp": [1.0, 0.9684937000274658, 0.3412739932537079, 0.1854792833328247, 0.14630092680454254, 0.15848098695278168, 0.34033384919166565, 0.34218570590019226, 0.15085574984550476, 0.12050490081310272, 0.12195977568626404, 0.12384450435638428, 0.21026504039764404, 0.3129987120628357, 0.30962926149368286, 0.606825590133667, 0.6895754933357239, 0.3438969552516937, 0.2528943717479706, 0.21366974711418152, 0.1856626719236374, 0.4058288037776947, 0.4601500630378723, 0.2575170397758484, 0.22020182013511658, 0.24292047321796417, 0.370309442281723, 0.7346343994140625, 0.5718077421188354, 0.15944762527942657, 0.14900916814804077, 0.14198164641857147, 0.15364113450050354, 0.17252051830291748, 0.1629919409751892, 0.3456311523914337], "lowlevel.gfcc.cov": [[4528.10546875, -1110.400634765625, -684.5380859375, 612.0496215820312, 76.99536895751953, 316.8670959472656, 140.978271484375, 303.0801696777344, -64.63988494873047, 107.08101654052734, 9.867764472961426, -216.97503662109375, -133.2096710205078], [-1110.400634765625, 1286.21875, 265.9562072753906, -298.27813720703125, 254.48451232910156, -179.69241333007812, 198.48028564453125, -129.19232177734375, 78.3456802368164, -163.4357147216797, 93.80786895751953, -70.6531753540039, 76.35281372070312], [-684.5380859375, 265.9562072753906, 1078.342529296875, 243.85887145996094, -111.44739532470703, 176.90684509277344, 24.350378036499023, 34.10453414916992, 70.88090515136719, 30.0345516204834, -88.95231628417969, 200.94223022460938, -2.752526044845581], [612.0496215820312, -298.27813720703125, 243.85887145996094, 599.1722412109375, 7.178341865539551, 48.560951232910156, 44.412933349609375, 115.0924301147461, 79.93517303466797, 17.05504035949707, -94.57850646972656, 64.24763488769531, -14.342591285705566], [76.99536895751953, 254.48451232910156, -111.44739532470703, 7.178341865539551, 293.8662109375, 17.688831329345703, 82.57665252685547, -0.9035626649856567, 50.09147644042969, -8.221552848815918, 51.33429718017578, -46.176143646240234, -4.727593898773193], [316.8670959472656, -179.69241333007812, 176.90684509277344, 48.560951232910156, 17.688831329345703, 339.8818664550781, 101.32076263427734, 25.240510940551758, -20.431781768798828, 92.18864440917969, 17.02593421936035, 34.633602142333984, -72.70204162597656], [140.978271484375, 198.48028564453125, 24.350378036499023, 44.412933349609375, 82.57665252685547, 101.32076263427734, 262.6531677246094, 37.0969352722168, 3.6199941635131836, -1.5576622486114502, 59.69319152832031, -42.13829803466797, -17.888532638549805], [303.0801696777344, -129.19232177734375, 34.10453414916992, 115.0924301147461, -0.9035626649856567, 25.240510940551758, 37.0969352722168, 182.06764221191406, 51.0462532043457, 32.09450912475586, -3.3212156295776367, 13.697798728942871, 39.20866012573242], [-64.63988494873047, 78.3456802368164, 70.88090515136719, 79.93517303466797, 50.09147644042969, -20.431781768798828, 3.6199941635131836, 51.0462532043457, 141.88047790527344, 45.04161071777344, -6.749083518981934, 15.816426277160645, 31.15328025817871], [107.08101654052734, -163.4357147216797, 30.0345516204834, 17.05504035949707, -8.221552848815918, 92.18864440917969, -1.5576622486114502, 32.09450912475586, 45.04161071777344, 159.07823181152344, 25.900949478149414, 30.701313018798828, -16.490758895874023], [9.867764472961426, 93.80786895751953, -88.95231628417969, -94.57850646972656, 51.33429718017578, 17.02593421936035, 59.69319152832031, -3.3212156295776367, -6.749083518981934, 25.900949478149414, 134.34295654296875, 0.9647684693336487, 6.7341108322143555], [-216.97503662109375, -70.6531753540039, 200.94223022460938, 64.24763488769531, -46.176143646240234, 34.633602142333984, -42.13829803466797, 13.697798728942871, 15.816426277160645, 30.701313018798828, 0.9647684693336487, 164.7694854736328, 14.561690330505371], [-133.2096710205078, 76.35281372070312, -2.752526044845581, -14.342591285705566, -4.727593898773193, -72.70204162597656, -17.888532638549805, 39.20866012573242, 31.15328025817871, -16.490758895874023, 6.7341108322143555, 14.561690330505371, 116.47018432617188]], "lowlevel.gfcc.icov": [[0.0005008609732612967, -0.00010310066136298701, 0.0004945216933265328, -0.0007722120499238372, 0.00017782817303668708, -0.0006925872294232249, 0.00039201590698212385, -0.0007128074066713452, 0.0004354879492893815, -5.704008071916178e-05, -0.0003370687772985548, 0.0006170027772895992, 0.00024988336372189224], [-0.00010310066136298701, 0.006639316212385893, -0.004356782417744398, 0.004447571467608213, -0.004849941935390234, 0.005064250435680151, -0.005710488650947809, 0.003963368479162455, -0.004049774259328842, 0.004030283540487289, -0.00144056580029428, 0.0018793406197801232, -0.0017704447964206338], [0.0004945216933265328, -0.004356782417744398, 0.004847086500376463, -0.003708183066919446, 0.0038618354592472315, -0.004730134271085262, 0.0035087831784039736, -0.0027338897343724966, 0.001864140504039824, -0.001993016805499792, 0.0015381698030978441, -0.002401437610387802, 0.0011735250009223819], [-0.0007722120499238372, 0.004447571467608213, -0.003708183066919446, 0.0065767052583396435, -0.003702192334458232, 0.004492034669965506, -0.005014614202082157, 0.0021703613456338644, -0.003982457797974348, 0.002763944212347269, 0.0015486394986510277, -0.0006968074012547731, -0.00046956082223914564], [0.00017782817303668708, -0.004849941935390234, 0.0038618354592472315, -0.003702192334458232, 0.008399571292102337, -0.004684741143137217, 0.0034794786479324102, -0.002231349004432559, 0.00013298568956088275, -0.0014519387623295188, -0.0006819019909016788, -0.0005763696972280741, 0.0015907487832009792], [-0.0006925872294232249, 0.005064250435680151, -0.004730134271085262, 0.004492034669965506, -0.004684741143137217, 0.01031522173434496, -0.006635614205151796, 0.002885939320549369, -0.0010554296895861626, -0.00040096917655318975, 3.1364306778414175e-05, -3.772154377656989e-05, 0.0008158250711858273], [0.00039201590698212385, -0.005710488650947809, 0.0035087831784039736, -0.005014614202082157, 0.0034794786479324102, -0.006635614205151796, 0.011411637999117374, -0.0047891451977193356, 0.0035749890375882387, -0.0018203009385615587, -0.0024944136384874582, 0.0012825391022488475, 0.001791349845007062], [-0.0007128074066713452, 0.003963368479162455, -0.0027338897343724966, 0.0021703613456338644, -0.002231349004432559, 0.002885939320549369, -0.0047891451977193356, 0.01115831732749939, -0.0046236468479037285, 0.0015722840325906873, -0.000416475668316707, 0.00042068801121786237, -0.004561027977615595], [0.0004354879492893815, -0.004049774259328842, 0.001864140504039824, -0.003982457797974348, 0.00013298568956088275, -0.0010554296895861626, 0.0035749890375882387, -0.0046236468479037285, 0.014809620566666126, -0.007312772795557976, 0.0018080354202538729, -0.0003156383172608912, -0.0009029815555550158], [-5.704008071916178e-05, 0.004030283540487289, -0.001993016805499792, 0.002763944212347269, -0.0014519387623295188, -0.00040096917655318975, -0.0018203009385615587, 0.0015722840325906873, -0.007312772795557976, 0.01300654374063015, -0.0036296683829277754, 0.00034861278254538774, 0.000431700493209064], [-0.0003370687772985548, -0.00144056580029428, 0.0015381698030978441, 0.0015486394986510277, -0.0006819019909016788, 3.1364306778414175e-05, -0.0024944136384874582, -0.000416475668316707, 0.0018080354202538729, -0.0036296683829277754, 0.012792074121534824, -0.0038507222197949886, -0.0007208033930510283], [0.0006170027772895992, 0.0018793406197801232, -0.002401437610387802, -0.0006968074012547731, -0.0005763696972280741, -3.772154377656989e-05, 0.0012825391022488475, 0.00042068801121786237, -0.0003156383172608912, 0.00034861278254538774, -0.0038507222197949886, 0.011165335774421692, -0.0016999914078041911], [0.00024988336372189224, -0.0017704447964206338, 0.0011735250009223819, -0.00046956082223914564, 0.0015907487832009792, 0.0008158250711858273, 0.001791349845007062, -0.004561027977615595, -0.0009029815555550158, 0.000431700493209064, -0.0007208033930510283, -0.0016999914078041911, 0.012943469919264317]], "lowlevel.mfcc.cov": [[5090.4990234375, -1559.8182373046875, -641.346435546875, 207.22274780273438, 111.59424591064453, -8.756728172302246, 330.5054626464844, 60.53694152832031, 60.89205551147461, 332.5492248535156, -35.432518005371094, 282.8778381347656, -91.87508392333984], [-1559.8182373046875, 1540.939208984375, -36.784942626953125, -118.64803314208984, 0.48650601506233215, -31.74465560913086, 60.993595123291016, 0.7656290531158447, -49.45036697387695, -46.64329147338867, 17.197738647460938, -68.8240966796875, -21.532817840576172], [-641.346435546875, -36.784942626953125, 1013.6556396484375, 167.8456268310547, -39.89677047729492, 206.13137817382812, -107.13851165771484, 155.1316375732422, 98.1104507446289, -98.74396514892578, 116.49003601074219, -123.82059478759766, 78.7945556640625], [207.22274780273438, -118.64803314208984, 167.8456268310547, 439.4057922363281, 62.65390396118164, 7.682605266571045, -65.95097351074219, 100.46504211425781, 110.57561492919922, 5.2060866355896, -6.224460124969482, -25.743608474731445, 55.771339416503906], [111.59424591064453, 0.48650601506233215, -39.89677047729492, 62.65390396118164, 201.61000061035156, -4.650293350219727, -23.09473419189453, 5.6712141036987305, 51.833858489990234, 11.903792381286621, -6.0683770179748535, 38.99152755737305, 1.710546612739563], [-8.756728172302246, -31.74465560913086, 206.13137817382812, 7.682605266571045, -4.650293350219727, 319.85382080078125, 47.84617614746094, 60.05375289916992, 2.7978484630584717, -9.865340232849121, 155.1644287109375, -54.402774810791016, 50.139461517333984], [330.5054626464844, 60.993595123291016, -107.13851165771484, -65.95097351074219, -23.09473419189453, 47.84617614746094, 273.1360778808594, 50.546875, -41.90281677246094, 82.53485870361328, 12.575581550598145, 74.86642456054688, -38.5627326965332], [60.53694152832031, 0.7656290531158447, 155.1316375732422, 100.46504211425781, 5.6712141036987305, 60.05375289916992, 50.546875, 159.5153350830078, 45.25172424316406, -9.901164054870605, 33.54025650024414, -13.636187553405762, 40.385921478271484], [60.89205551147461, -49.45036697387695, 98.1104507446289, 110.57561492919922, 51.833858489990234, 2.7978484630584717, -41.90281677246094, 45.25172424316406, 141.49679565429688, 44.43413543701172, 5.028010845184326, -9.847423553466797, 1.1401447057724], [332.5492248535156, -46.64329147338867, -98.74396514892578, 5.2060866355896, 11.903792381286621, -9.865340232849121, 82.53485870361328, -9.901164054870605, 44.43413543701172, 193.72007751464844, 16.038679122924805, 39.53377151489258, -57.699344635009766], [-35.432518005371094, 17.197738647460938, 116.49003601074219, -6.224460124969482, -6.0683770179748535, 155.1644287109375, 12.575581550598145, 33.54025650024414, 5.028010845184326, 16.038679122924805, 170.80712890625, -3.0738399028778076, 46.75239562988281], [282.8778381347656, -68.8240966796875, -123.82059478759766, -25.743608474731445, 38.99152755737305, -54.402774810791016, 74.86642456054688, -13.636187553405762, -9.847423553466797, 39.53377151489258, -3.0738399028778076, 146.5388946533203, 9.584877967834473], [-91.87508392333984, -21.532817840576172, 78.7945556640625, 55.771339416503906, 1.710546612739563, 50.139461517333984, -38.5627326965332, 40.385921478271484, 1.1401447057724, -57.699344635009766, 46.75239562988281, 9.584877967834473, 128.5018768310547]], "lowlevel.mfcc.icov": [[0.000427049322752282, 0.0004187732993159443, 0.0002689672983251512, -0.00021863789879716933, -9.331061301054433e-05, -9.128817328019068e-05, -0.00031899442547000945, -0.00024745604605413973, 2.3950682589202188e-05, -0.00023831143334973603, -4.55621920991689e-05, -0.0002595557307358831, 0.000253090140176937], [0.0004187732993159443, 0.0011688752565532923, 0.0002628008369356394, -3.633723463281058e-05, -0.000430652464274317, 0.0005343916127458215, -0.000952122500166297, -0.00011557244579307735, 1.7402449884684756e-05, 9.543431951897219e-05, -0.0006504352204501629, 0.000698527495842427, 0.00012496057024691254], [0.0002689672983251512, 0.0002628008369356394, 0.0017863267567008734, -0.00030947255436331034, 0.0005215665441937745, -0.0007673799991607666, 0.0004468085244297981, -0.001288077444769442, -0.0008157695410773158, 0.0005646807258017361, -0.0004361604223959148, 3.688242213684134e-05, 0.000523425405845046], [-0.00021863789879716933, -3.633723463281058e-05, -0.00030947255436331034, 0.003655731678009033, -0.0006397864199243486, 0.00019356358097866178, 0.000776236760430038, -0.0016078681219369173, -0.0013701070565730333, -0.0006012899102643132, 0.0008870859746821225, 0.0006697065546177328, -0.0015185476513579488], [-9.331061301054433e-05, -0.000430652464274317, 0.0005215665441937745, -0.0006397864199243486, 0.006682600826025009, -0.0016209303867071867, 0.001687369542196393, -0.00033308201818726957, -0.0022347010672092438, 0.0005699456087313592, 0.0009313227492384613, -0.0033269745763391256, 0.001158602419309318], [-9.128817328019068e-05, 0.0005343916127458215, -0.0007673799991607666, 0.00019356358097866178, -0.0016209303867071867, 0.008448708802461624, -0.0038194910157471895, 0.0011870978632941842, -0.000227516662562266, 0.0011433653999119997, -0.006744676735252142, 0.005094659049063921, -0.0017941700061783195], [-0.00031899442547000945, -0.000952122500166297, 0.0004468085244297981, 0.000776236760430038, 0.001687369542196393, -0.0038194910157471895, 0.009904651902616024, -0.005669187288731337, 0.003573932219296694, -0.0032306676730513573, 0.0029077038634568453, -0.005803346633911133, 0.003116058651357889], [-0.00024745604605413973, -0.00011557244579307735, -0.001288077444769442, -0.0016078681219369173, -0.00033308201818726957, 0.0011870978632941842, -0.005669187288731337, 0.012668055482208729, -0.003847710322588682, 0.0022909382823854685, -0.0014783063670620322, 0.002976525342091918, -0.0034713968634605408], [2.3950682589202188e-05, 1.7402449884684756e-05, -0.0008157695410773158, -0.0013701070565730333, -0.0022347010672092438, -0.000227516662562266, 0.003573932219296694, -0.003847710322588682, 0.013213954865932465, -0.004710915964096785, 0.0009010391659103334, -0.0005291012930683792, 0.0009943293407559395], [-0.00023831143334973603, 9.543431951897219e-05, 0.0005646807258017361, -0.0006012899102643132, 0.0005699456087313592, 0.0011433653999119997, -0.0032306676730513573, 0.0022909382823854685, -0.004710915964096785, 0.009812911041080952, -0.003391373436897993, -0.0002391087036812678, 0.0033167588990181684], [-4.55621920991689e-05, -0.0006504352204501629, -0.0004361604223959148, 0.0008870859746821225, 0.0009313227492384613, -0.006744676735252142, 0.0029077038634568453, -0.0014783063670620322, 0.0009010391659103334, -0.003391373436897993, 0.013377600349485874, -0.003388912882655859, -0.0024477881379425526], [-0.0002595557307358831, 0.000698527495842427, 3.688242213684134e-05, 0.0006697065546177328, -0.0033269745763391256, 0.005094659049063921, -0.005803346633911133, 0.002976525342091918, -0.0005291012930683792, -0.0002391087036812678, -0.003388912882655859, 0.01410053763538599, -0.0049238381907343864], [0.000253090140176937, 0.00012496057024691254, 0.000523425405845046, -0.0015185476513579488, 0.001158602419309318, -0.0017941700061783195, 0.003116058651357889, -0.0034713968634605408, 0.0009943293407559395, 0.0033167588990181684, -0.0024477881379425526, -0.0049238381907343864, 0.013771031983196735]], "metadata.audio_properties.analysis.downmix": "mix", "metadata.audio_properties.codec": "mp3", "metadata.audio_properties.md5_encoded": "92721b5b4ec8ac9fff23906d0ebbb862", "metadata.tags.file_name": "1183708267680116798.mp3", "metadata.version.essentia": "2.1-beta6-dev", "metadata.version.essentia_git_sha": "v2.1_beta5-1110-g77a6a954", "metadata.version.extractor": "music 2.0", "tonal.chords_key": "D", "tonal.chords_scale": "major", "tonal.key_edma.key": "D", "tonal.key_edma.scale": "major", "tonal.key_krumhansl.key": "D", "tonal.key_krumhansl.scale": "major", "tonal.key_temperley.key": "D", "tonal.key_temperley.scale": "major", "metadata.tags.encoding": ["Lavf58.45.100"]}, "essentia_models": [{"model_name": "genre_dortmund", "activations": {"alternative": "0.021306086", "blues": "0.008582571", "electronic": "0.07097219", "folkcountry": "0.023591096", "funksoulrnb": "0.3011026", "jazz": "0.0070798458", "pop": "0.22954062", "raphiphop": "0.033390038", "rock": "0.045540642"}}, {"model_name": "genre_rosamerica", "activations":