{"song_id": "1183675067561951232", "download": "https://cdn.discordapp.com/attachments/1135903449314238464/1183675067561951232/chirp.mp4?ex=6589324f&amp", "lyrics": "(Instrumental Outro)", "style": ["POP</span><span>, Acoustic</span><span>, Classic</span><span>, Symphony</span><span>,"], "essentia_features": {"lowlevel.average_loudness": 0.25246238708496094, "lowlevel.barkbands_crest.mean": 14.802451133728027, "lowlevel.barkbands_crest.stdev": 2.8021984100341797, "lowlevel.barkbands_flatness_db.mean": 0.46073678135871887, "lowlevel.barkbands_flatness_db.stdev": 0.13487398624420166, "lowlevel.barkbands_kurtosis.mean": 71.54533386230469, "lowlevel.barkbands_kurtosis.stdev": 80.91765594482422, "lowlevel.barkbands_skewness.mean": 4.114871978759766, "lowlevel.barkbands_skewness.stdev": 4.004375457763672, "lowlevel.barkbands_spread.mean": 3.202345132827759, "lowlevel.barkbands_spread.stdev": 9.945781707763672, "lowlevel.dissonance.mean": 0.2512960135936737, "lowlevel.dissonance.stdev": 0.09233494848012924, "lowlevel.dynamic_complexity": 18.019611358642578, "lowlevel.erbbands_crest.mean": 14.780335426330566, "lowlevel.erbbands_crest.stdev": 4.293856143951416, "lowlevel.erbbands_flatness_db.mean": 0.36982059478759766, "lowlevel.erbbands_flatness_db.stdev": 0.10717242956161499, "lowlevel.erbbands_kurtosis.mean": 21.233633041381836, "lowlevel.erbbands_kurtosis.stdev": 20.59295082092285, "lowlevel.erbbands_skewness.mean": 2.3635847568511963, "lowlevel.erbbands_skewness.stdev": 2.068127393722534, "lowlevel.erbbands_spread.mean": 7.8763556480407715, "lowlevel.erbbands_spread.stdev": 12.800335884094238, "lowlevel.hfc.mean": 2.29959774017334, "lowlevel.hfc.stdev": 4.69651460647583, "lowlevel.loudness_ebu128.integrated": -18.921701431274414, "lowlevel.loudness_ebu128.loudness_range": 3.6712303161621094, "lowlevel.loudness_ebu128.momentary.mean": -34.81126022338867, "lowlevel.loudness_ebu128.momentary.stdev": 13.511750221252441, "lowlevel.loudness_ebu128.short_term.mean": -22.702072143554688, "lowlevel.loudness_ebu128.short_term.stdev": 1.3920648097991943, "lowlevel.melbands_crest.mean": 21.20472526550293, "lowlevel.melbands_crest.stdev": 5.534056186676025, "lowlevel.melbands_flatness_db.mean": 0.5686420202255249, "lowlevel.melbands_flatness_db.stdev": 0.16725894808769226, "lowlevel.melbands_kurtosis.mean": 48.57912826538086, "lowlevel.melbands_kurtosis.stdev": 78.71411895751953, "lowlevel.melbands_skewness.mean": 2.8468680381774902, "lowlevel.melbands_skewness.stdev": 2.6294870376586914, "lowlevel.melbands_spread.mean": 8.283794403076172, "lowlevel.melbands_spread.stdev": 29.58255958557129, "lowlevel.pitch_salience.mean": 0.4589431583881378, "lowlevel.pitch_salience.stdev": 0.1460859477519989, "lowlevel.silence_rate_20dB.mean": 1.0, "lowlevel.silence_rate_20dB.stdev": 0.0, "lowlevel.silence_rate_30dB.mean": 1.0, "lowlevel.silence_rate_30dB.stdev": 0.0, "lowlevel.silence_rate_60dB.mean": 0.7183098793029785, "lowlevel.silence_rate_60dB.stdev": 0.44982320070266724, "lowlevel.spectral_centroid.mean": 668.2086791992188, "lowlevel.spectral_centroid.stdev": 2010.8316650390625, "lowlevel.spectral_complexity.mean": 2.3309860229492188, "lowlevel.spectral_complexity.stdev": 1.9954934120178223, "lowlevel.spectral_decrease.mean": -2.8846209865207584e-09, "lowlevel.spectral_decrease.stdev": 5.893655785627061e-09, "lowlevel.spectral_energy.mean": 0.011095804162323475, "lowlevel.spectral_energy.stdev": 0.02266823686659336, "lowlevel.spectral_energyband_high.mean": 1.231883197760908e-05, "lowlevel.spectral_energyband_high.stdev": 2.9214503229013644e-05, "lowlevel.spectral_energyband_low.mean": 0.0013493415899574757, "lowlevel.spectral_energyband_low.stdev": 0.0028115082532167435, "lowlevel.spectral_energyband_middle_high.mean": 8.92604875843972e-05, "lowlevel.spectral_energyband_middle_high.stdev": 0.0002749870764091611, "lowlevel.spectral_energyband_middle_low.mean": 0.010944110341370106, "lowlevel.spectral_energyband_middle_low.stdev": 0.022383984178304672, "lowlevel.spectral_entropy.mean": 4.716752052307129, "lowlevel.spectral_entropy.stdev": 1.3603891134262085, "lowlevel.spectral_flux.mean": 0.00937445368617773, "lowlevel.spectral_flux.stdev": 0.02188008278608322, "lowlevel.spectral_kurtosis.mean": 74.99018096923828, "lowlevel.spectral_kurtosis.stdev": 67.90274047851562, "lowlevel.spectral_rms.mean": 0.0019462998025119305, "lowlevel.spectral_rms.stdev": 0.002652751747518778, "lowlevel.spectral_rolloff.mean": 1248.622314453125, "lowlevel.spectral_rolloff.stdev": 3950.381591796875, "lowlevel.spectral_skewness.mean": 6.931856632232666, "lowlevel.spectral_skewness.stdev": 3.601806402206421, "lowlevel.spectral_spread.mean": 3998812.5, "lowlevel.spectral_spread.stdev": 7355497.0, "lowlevel.spectral_strongpeak.mean": 0.4336267113685608, "lowlevel.spectral_strongpeak.stdev": 0.6120235919952393, "lowlevel.zerocrossingrate.mean": 0.04416882246732712, "lowlevel.zerocrossingrate.stdev": 0.12282060086727142, "metadata.audio_properties.analysis.equal_loudness": 0.0, "metadata.audio_properties.analysis.length": 3.263990879058838, "metadata.audio_properties.analysis.sample_rate": 44100.0, "metadata.audio_properties.analysis.start_time": 0.0, "metadata.audio_properties.bit_rate": 110015.0, "metadata.audio_properties.length": 3.2639999389648438, "metadata.audio_properties.lossless": 0.0, "metadata.audio_properties.number_channels": 1.0, "metadata.audio_properties.replay_gain": -10.192461013793945, "metadata.audio_properties.sample_rate": 48000.0, "rhythm.beats_count": 9.0, "rhythm.beats_loudness.mean": 0.01263200119137764, "rhythm.beats_loudness.stdev": 0.024487679824233055, "rhythm.bpm": 184.57034301757812, "rhythm.bpm_histogram_first_peak_bpm": 185.0, "rhythm.bpm_histogram_first_peak_weight": 0.0, "rhythm.bpm_histogram_second_peak_bpm": 191.0, "rhythm.bpm_histogram_second_peak_spread": 0.0, "rhythm.bpm_histogram_second_peak_weight": 0.5, "rhythm.danceability": 0.6672585010528564, "rhythm.onset_rate": 0.3043562173843384, "tonal.chords_changes_rate": 0.0, "tonal.chords_number_rate": 0.013888888992369175, "tonal.chords_strength.mean": 0.5875051021575928, "tonal.chords_strength.stdev": 0.054526522755622864, "tonal.hpcp_crest.mean": 18.48051643371582, "tonal.hpcp_crest.stdev": 7.259678363800049, "tonal.hpcp_entropy.mean": 1.0923199653625488, "tonal.hpcp_entropy.stdev": 0.5335233807563782, "tonal.key_edma.strength": 0.6170313954353333, "tonal.key_krumhansl.strength": 0.6051317453384399, "tonal.key_temperley.strength": 0.5788958668708801, "tonal.tuning_diatonic_strength": 0.5470584034919739, "tonal.tuning_equal_tempered_deviation": 0.013509085401892662, "tonal.tuning_frequency": 438.98455810546875, "tonal.tuning_nontempered_energy_ratio": 0.6173450946807861, "lowlevel.barkbands.mean": [2.036299520113971e-06, 9.594328730599955e-06, 4.046234244015068e-05, 0.0070771691389381886, 0.0031885055359452963, 0.0006323510897345841, 3.068367004743777e-05, 5.925131517869886e-06, 5.301703367877053e-06, 5.762671207776293e-05, 2.0760891857207753e-05, 8.356994840141851e-06, 1.203893702950154e-06, 1.0296796517650364e-06, 7.129614800760464e-07, 7.459965445377748e-07, 4.097074679521029e-07, 3.9364886106341146e-07, 1.2352423084394104e-07, 1.3952960387086932e-07, 4.8299956034725255e-08, 7.147856990741275e-07, 1.8570983684185194e-07, 1.640628966015356e-07, 1.0922608453256544e-05, 2.460893711031531e-07, 2.0964476821205835e-09], "lowlevel.barkbands.stdev": [9.259875696443487e-06, 6.895592377986759e-05, 0.0002531245700083673, 0.014763858169317245, 0.006592142395675182, 0.0014210878871381283, 0.0001073001476470381, 2.5471577828284353e-05, 1.3613108421850484e-05, 0.00017352079157717526, 8.071277989074588e-05, 2.1890626157983206e-05, 5.834609055455076e-06, 6.3986544773797505e-06, 5.805818545923103e-06, 5.255574706097832e-06, 3.4991876418644097e-06, 4.124523456994211e-06, 1.1538752460182877e-06, 1.5251225704560056e-06, 2.0953496004949557e-07, 2.4677085548319155e-06, 1.6845743857629714e-06, 1.5751450064271921e-06, 2.592063174233772e-05, 5.46978697002487e-07, 2.0031617253835066e-08], "lowlevel.erbbands.mean": [0.0003616636386141181, 0.00600134814158082, 0.18780620396137238, 9.030146598815918, 26.620704650878906, 4.895052433013916, 2.4542577266693115, 7.831871509552002, 1.1385812759399414, 0.294785737991333, 0.09352639317512512, 0.14456485211849213, 0.611404538154602, 2.0052051544189453, 0.9868341088294983, 0.30686238408088684, 0.08642608672380447, 0.05503712594509125, 0.04071194678544998, 0.03602384030818939, 0.04183175787329674, 0.023353539407253265, 0.02105782739818096, 0.014322611503303051, 0.00524958735331893, 0.0066347974352538586, 0.0019288698676973581, 0.004010324832051992, 0.021520020440220833, 0.01909666694700718, 0.0054090446792542934, 0.002319506835192442, 0.0202612467110157, 0.19584371149539948, 0.03482604771852493, 0.003045730059966445, 0.00016996098565869033, 1.247710497409571e-05, 5.876301656826399e-06, 1.2282363059057388e-05], "lowlevel.erbbands.stdev": [0.0013218715321272612, 0.022643806412816048, 0.4148426353931427, 18.762632369995117, 56.01188278198242, 9.565077781677246, 4.587219715118408, 17.259157180786133, 2.7892684936523438, 1.19875967502594, 0.35465139150619507, 0.38022202253341675, 1.6752222776412964, 6.181479454040527, 3.7001566886901855, 0.8374307155609131, 0.32307878136634827, 0.31057363748550415, 0.3088960349559784, 0.32237258553504944, 0.27305370569229126, 0.18423064053058624, 0.2116675227880478, 0.15383197367191315, 0.04653402045369148, 0.0730833113193512, 0.013159302063286304, 0.01908968947827816, 0.0779523253440857, 0.06518730521202087, 0.052872184664011, 0.021686673164367676, 0.05735385790467262, 0.4706578850746155, 0.08312825858592987, 0.0067486753687262535, 0.00048194540431723, 5.9660396800609306e-05, 1.2032044651277829e-05, 2.5109469788731076e-05], "lowlevel.gfcc.mean": [-471.20703125, 144.45376586914062, 11.698814392089844, 3.4279613494873047, -67.95608520507812, -14.695006370544434, -62.36336898803711, -29.69711685180664, -47.21360397338867, -21.98866081237793, -21.58432388305664, -4.1379594802856445, -2.108550786972046], "lowlevel.melbands.mean": [2.26201723307895e-06, 9.241126826964319e-05, 0.002512611448764801, 0.0010186798172071576, 0.00010487995314178988, 0.00015029571659397334, 1.3711793144466355e-05, 2.5207295948348474e-06, 6.23320318027254e-07, 9.083299232770514e-07, 3.4568308819871163e-06, 8.759274351177737e-06, 2.935089469247032e-06, 1.441700305804261e-06, 3.905007872617716e-07, 1.0589305077246536e-07, 1.0652117055087729e-07, 6.57463630204802e-08, 5.261157198788169e-08, 4.5347455568389705e-08, 5.0338378798642225e-08, 2.4296987533034553e-08, 1.9782845583904418e-08, 1.768269264346145e-08, 1.149359452057297e-08, 2.1951152007204655e-09, 6.228784155126732e-09, 3.5931890796092603e-09, 8.890947977846508e-10, 1.1123767462706269e-09, 2.4974156076496e-09, 1.0559483065719633e-08, 1.7474580005227835e-08, 7.019626657722711e-09, 3.0466238420956415e-09, 2.3498352152984125e-09, 5.551146209370472e-10, 1.3699370526865096e-09, 6.532514618129426e-08, 1.9738862988560868e-07], "lowlevel.melbands.stdev": [1.5167370293056592e-05, 0.00020233221584931016, 0.00523685896769166, 0.0021180834155529737, 0.00019100311328656971, 0.00033381921821273863, 3.589559128158726e-05, 1.101099496736424e-05, 2.2083791009208653e-06, 2.350182739974116e-06, 9.603270882507786e-06, 2.7016716558136977e-05, 1.1160664143972099e-05, 4.341268777352525e-06, 1.179844502985361e-06, 5.219090439823049e-07, 6.156899985398923e-07, 5.000563305657124e-07, 4.432137643561873e-07, 4.153078521085263e-07, 3.0468837053376774e-07, 1.98215474256358e-07, 1.788017129911168e-07, 1.9008632534678327e-07, 1.246565091150842e-07, 1.358707635290557e-08, 6.553300835321352e-08, 4.003869236157698e-08, 6.42270148176749e-09, 4.218926541454948e-09, 1.3973765256025672e-08, 4.4732434645311514e-08, 5.0916383997900994e-08, 2.8663754036983846e-08, 3.229959943951144e-08, 2.7026398896623505e-08, 6.1061244949200955e-09, 1.5065017677784454e-08, 1.5919688678422972e-07, 4.766581582771323e-07], "lowlevel.melbands128.mean": [1.1186643860128243e-06, 1.3505999731933116e-06, 2.296422508152318e-06, 4.785109922522679e-06, 8.917932973417919e-06, 2.4309967557201162e-05, 0.0009642402874305844, 0.004833731334656477, 0.0028140300419181585, 0.00034634259645827115, 0.00016135215992107987, 0.00014693780394736677, 3.8717291317880154e-05, 9.669903374742717e-05, 0.0002892240881919861, 8.955210068961605e-05, 5.596175469690934e-06, 1.140764925366966e-05, 5.12998349222471e-06, 2.3153581878432306e-06, 1.738151695462875e-06, 6.565160788341018e-07, 5.217770535637101e-07, 4.546629099877464e-07, 8.640318469588237e-07, 1.1164891020598589e-06, 9.434713774680858e-07, 1.8490965203454834e-06, 4.959565103490604e-06, 1.7001633750624023e-05, 6.293946626101388e-06, 1.4871296798446565e-06, 2.6646650894690538e-06, 4.801611794391647e-06, 1.479933416703716e-06, 6.031755219737533e-07, 7.239393085001211e-07, 4.3286976847412006e-07, 1.7219906567333965e-07, 1.590765634773561e-07, 8.852389754565593e-08, 2.670949861283134e-08, 1.1581592929132967e-07, 1.6008253567179054e-07, 5.4799226489876673e-08, 5.8306500960725316e-08, 5.9475773639405816e-08, 5.2333021471895336e-08, 5.251412815709955e-08, 4.409986686937373e-08, 4.240213158368533e-08, 4.687027299610236e-08, 5.8641695943606464e-08, 4.97977374891434e-08, 3.499809864138115e-08, 1.898703061442575e-08, 1.9150949270851925e-08, 1.8717784655564174e-08, 2.0234098840887782e-08, 2.0984916915267604e-08, 1.643552494101641e-08, 1.6200955244016768e-08, 1.8327609652146748e-08, 9.044195614649198e-09, 2.20829687869184e-09, 1.5737028347118098e-09, 1.8252990230394062e-09, 4.428082789331711e-09, 8.23794721327431e-09, 7.506632648812683e-09, 4.5540224924423e-09, 8.344027691009615e-10, 4.876636872097606e-10, 9.432914449547525e-10, 1.4192492736597728e-09, 9.187129390575421e-10, 1.1104169805875586e-09, 1.1733664040392e-09, 1.4328734865287629e-09, 4.708095246996891e-09, 9.355073160577376e-09, 1.2512693103872152e-08, 1.5541479214675746e-08, 1.8857338801581136e-08, 2.066149917823168e-08, 7.251163669508287e-09, 2.879569471758714e-09, 3.809076609684325e-09, 3.2112252856819623e-09, 2.2355626239090043e-09, 2.8645608107780163e-09, 2.4296828993186637e-09, 1.6652127454719334e-09, 1.12778578142958e-10, 2.349331285067535e-10, 1.910092778389938e-10, 9.145640911256692e-10, 3.7739695812888385e-09, 1.2978643049166294e-08, 4.483996463022777e-08, 3.7342124414863065e-07, 1.825776507757837e-07, 9.636944042767936e-08, 5.746826658992177e-08, 1.8453937045137536e-08, 1.2078727351649832e-08, 5.498011379501122e-09, 8.435877774104483e-09, 4.2487600104834655e-09, 2.1100289571140962e-10, 1.7832806065154472e-10, 3.7526312612889967e-10, 4.1176237419726647e-10, 8.819347335764505e-11, 6.725150297759441e-11, 3.243937757302362e-11, 7.460505824230523e-11, 9.950127527469377e-12, 1.9258312392717025e-12, 1.2661860492382826e-12, 1.2354060916625054e-12, 1.2200000124723553e-12, 1.1962753921138103e-12, 1.174500492522046e-12, 1.1224042528734657e-12, 1.0305936876467414e-12, 9.832857184727262e-13, 9.726598866610647e-13], "lowlevel.melbands128.stdev": [4.955669737682911e-06, 7.612084118591156e-06, 1.6223229977185838e-05, 3.581883356673643e-05, 7.043722143862396e-05, 0.00014509780157823116, 0.0020103962160646915, 0.010105527937412262, 0.005983053706586361, 0.0008239368908107281, 0.00035365362418815494, 0.0002572515222709626, 7.458521577063948e-05, 0.00023618180421181023, 0.0006383490981534123, 0.00019486148084979504, 2.140956712537445e-05, 3.2329728128388524e-05, 2.2028567400411703e-05, 1.3141626368451398e-05, 7.889912922109943e-06, 3.2702314456400927e-06, 1.909645789055503e-06, 1.4349921002576593e-06, 2.55889995059988e-06, 3.0792198231210932e-06, 2.5924491637852043e-06, 5.4591987463936675e-06, 1.5579391401843168e-05, 5.344257442629896e-05, 2.0119172404520214e-05, 4.687808086600853e-06, 1.1662171345960815e-05, 2.0027038772241212e-05, 4.357484613137785e-06, 1.5826418575670687e-06, 2.1004441350669367e-06, 1.3540507097786758e-06, 7.161127655308519e-07, 7.022897534625372e-07, 5.347863520910323e-07, 1.7904562810144853e-07, 6.323933803287218e-07, 8.961041544353066e-07, 4.843917054131452e-07, 4.798384907189757e-07, 4.397693658120261e-07, 4.1790036675593e-07, 4.787853526977415e-07, 4.2361887153674616e-07, 4.1936525008168246e-07, 4.1837779463094193e-07, 2.4236723561443796e-07, 3.100851415638317e-07, 3.4075713983838796e-07, 1.3024573775055615e-07, 1.5357952065642166e-07, 1.4920172475285653e-07, 1.9325780442613905e-07, 2.2128786270059209e-07, 1.784817413863493e-07, 1.7570532406807615e-07, 2.0728018057525333e-07, 9.685818014304459e-08, 1.2531068627197328e-08, 7.076579322529142e-09, 9.86565407146145e-09, 3.891185684778975e-08, 9.105141884901968e-08, 8.664255091161976e-08, 5.1964807568083415e-08, 6.497880900013797e-09, 3.6902483291356702e-09, 7.794263012783631e-09, 9.294947922455776e-09, 3.1137299405514796e-09, 3.3909632879414175e-09, 3.7602680968973345e-09, 5.900177679762919e-09, 3.464664288799213e-08, 5.02285644188305e-08, 4.6033850509275e-08, 4.7020119353646805e-08, 5.2518874582574426e-08, 6.565527854718312e-08, 2.0174468318145955e-08, 2.1466268762537766e-08, 3.741343590490942e-08, 3.436673878809415e-08, 2.578774882522339e-08, 3.337392229241232e-08, 2.790335251745546e-08, 1.842354180325856e-08, 1.0376970394077034e-09, 2.6759661153619163e-09, 2.153638822832704e-09, 1.0706582287411948e-08, 4.347865356635339e-08, 6.724357604070974e-08, 1.1115828613128542e-07, 9.147848913926282e-07, 4.6993574187581544e-07, 2.465378940996743e-07, 1.5328895131005993e-07, 4.996896763032055e-08, 2.9747019070214265e-08, 1.3191186809535793e-08, 1.983162434271435e-08, 9.82092807078061e-09, 8.099126369565113e-10, 8.449327904003212e-10, 2.2046493519667365e-09, 2.1137414041305647e-09, 4.28631324878026e-10, 5.87073500923907e-10, 2.814202759715556e-10, 8.299702036751455e-10, 6.604037455781864e-11, 4.017759215602101e-12, 3.9324099532223045e-12, 3.853306996398631e-12, 3.769763147476457e-12, 3.7001608374498396e-12, 3.6418997158282895e-12, 3.5988783567836302e-12, 3.554115769049959e-12, 3.5257927220172514e-12, 3.507971257227238e-12], "lowlevel.mfcc.mean": [-1072.727783203125, 156.1209259033203, 86.43624877929688, 30.890026092529297, 15.276945114135742, -1.2681269645690918, -12.003182411193848, -21.056087493896484, -17.769481658935547, -41.551517486572266, -17.852121353149414, -30.806528091430664, -7.220034122467041], "lowlevel.spectral_contrast_coeffs.mean": [-0.5585362315177917, -0.6673140525817871, -0.844020426273346, -0.898356020450592, -0.8877930641174316, -0.8311654925346375], "lowlevel.spectral_contrast_coeffs.stdev": [0.1275985687971115, 0.08869156986474991, 0.04293694719672203, 0.03486182913184166, 0.05176788568496704, 0.10755807906389236], "lowlevel.spectral_contrast_valleys.mean": [-10.631819725036621, -11.425971031188965, -12.348206520080566, -13.362215995788574, -13.796048164367676, -15.439305305480957], "lowlevel.spectral_contrast_valleys.stdev": [3.736175060272217, 3.672320604324341, 3.8055660724639893, 3.3585970401763916, 2.914544105529785, 2.523831605911255], "rhythm.beats_loudness_band_ratio.mean": [0.7668947577476501, 0.30147314071655273, 0.0015243515372276306, 0.0008274589199572802, 2.8395899789757095e-05, 0.00026320121833123267], "rhythm.beats_loudness_band_ratio.stdev": [0.09954508394002914, 0.09338556230068207, 0.0010627995943650603, 0.0015538363950327039, 3.0997092835605145e-05, 0.00029472209280356765], "tonal.hpcp.mean": [0.0081191286444664, 0.005498263984918594, 0.004803245887160301, 0.006436234340071678, 0.0026709111407399178, 0.00011868686851812527, 0.00010842276242328808, 0.0001516378397354856, 0.08846231549978256, 0.17798392474651337, 0.08970186114311218, 0.00012552297266665846, 0.00011406523117329925, 0.00023234645777847618, 0.0002218360168626532, 0.0001262013684026897, 0.00020224213949404657, 0.0002275970473419875, 0.00018022791482508183, 0.00010777053103083745, 7.278419798240066e-05, 7.01433455105871e-05, 0.004209289792925119, 0.3871053457260132, 0.9327103495597839, 0.5514823794364929, 0.0017223748145624995, 5.080132177681662e-05, 4.599643580149859e-05, 0.00017854891484603286, 0.0004306696937419474, 0.000341113394824788, 0.00020840099023189396, 0.0001693258818704635, 0.00036306551191955805, 0.003941334784030914], "tonal.hpcp.stdev": [0.017234478145837784, 0.014283617958426476, 0.03412458300590515, 0.053814951330423355, 0.02212837152183056, 0.00030109763611108065, 0.00028532985015772283, 0.0005395330372266471, 0.10849089175462723, 0.2252563089132309, 0.11755788326263428, 0.00039224972715601325, 0.0005731395212933421, 0.0014084534486755729, 0.0012206537649035454, 0.0004786649951711297, 0.000754870823584497, 0.0007731426157988608, 0.0008352291770279408, 0.0006432172376662493, 0.0003956275759264827, 0.0003101526526734233, 0.03452341631054878, 0.15757952630519867, 0.23112605512142181, 0.1772167831659317, 0.01404432114213705, 0.00028501247288659215, 0.0002137122064596042, 0.0004145798448007554, 0.0017838915809988976, 0.0018634176813066006, 0.0010322376620024443, 0.0009291656315326691, 0.002260541543364525, 0.008834817446768284], "rhythm.beats_position": [0.30185940861701965, 0.6153287887573242, 0.9287981986999512, 1.2538775205612183, 1.5673469305038452, 1.8924262523651123, 2.2058956623077393, 2.530975103378296, 2.8560543060302734], "rhythm.bpm_histogram": [0.0, 0.0, 0.0, 0.0, 0.0, 0.0, 0.0, 0.0, 0.0, 0.0, 0.0, 0.0, 0.0, 0.0, 0.0, 0.0, 0.0, 0.0, 0.0, 0.0, 0.0, 0.0, 0.0, 0.0, 0.0, 0.0, 0.0, 0.0, 0.0, 0.0, 0.0, 0.0, 0.0, 0.0, 0.0, 0.0, 0.0, 0.0, 0.0, 0.0, 0.0, 0.0, 0.0, 0.0, 0.0, 0.0, 0.0, 0.0, 0.0, 0.0, 0.0, 0.0, 0.0, 0.0, 0.0, 0.0, 0.0, 0.0, 0.0, 0.0, 0.0, 0.0, 0.0, 0.0, 0.0, 0.0, 0.0, 0.0, 0.0, 0.0, 0.0, 0.0, 0.0, 0.0, 0.0, 0.0, 0.0, 0.0, 0.0, 0.0, 0.0, 0.0, 0.0, 0.0, 0.0, 0.0, 0.0, 0.0, 0.0, 0.0, 0.0, 0.0, 0.0, 0.0, 0.0, 0.0, 0.0, 0.0, 0.0, 0.0, 0.0, 0.0, 0.0, 0.0, 0.0, 0.0, 0.0, 0.0, 0.0, 0.0, 0.0, 0.0, 0.0, 0.0, 0.0, 0.0, 0.0, 0.0, 0.0, 0.0, 0.0, 0.0, 0.0, 0.0, 0.0, 0.0, 0.0, 0.0, 0.0, 0.0, 0.0, 0.0, 0.0, 0.0, 0.0, 0.0, 0.0, 0.0, 0.0, 0.0, 0.0, 0.0, 0.0, 0.0, 0.0, 0.0, 0.0, 0.0, 0.0, 0.0, 0.0, 0.0, 0.0, 0.0, 0.0, 0.0, 0.0, 0.0, 0.0, 0.0, 0.0, 0.0, 0.0, 0.0, 0.0, 0.0, 0.0, 0.0, 0.0, 0.0, 0.0, 0.0, 0.0, 0.0, 0.0, 0.0, 0.0, 0.0, 0.0, 0.0, 0.0, 0.0, 0.0, 0.0, 0.0, 0.5, 0.0, 0.0, 0.0, 0.0, 0.0, 0.5, 0.0, 0.0, 0.0, 0.0, 0.0, 0.0, 0.0, 0.0, 0.0, 0.0, 0.0, 0.0, 0.0, 0.0, 0.0, 0.0, 0.0, 0.0, 0.0, 0.0, 0.0, 0.0, 0.0, 0.0, 0.0, 0.0, 0.0, 0.0, 0.0, 0.0, 0.0, 0.0, 0.0, 0.0, 0.0, 0.0, 0.0, 0.0, 0.0, 0.0, 0.0, 0.0, 0.0, 0.0, 0.0, 0.0, 0.0, 0.0, 0.0, 0.0, 0.0, 0.0, 0.0, 0.0, 0.0, 0.0, 0.0, 0.0], "tonal.chords_histogram": [0.0, 0.0, 0.0, 0.0, 0.0, 0.0, 0.0, 0.0, 0.0, 100.0, 0.0, 0.0, 0.0, 0.0, 0.0, 0.0, 0.0, 0.0, 0.0, 0.0, 0.0, 0.0, 0.0, 0.0], "tonal.thpcp": [1.0, 0.5912686586380005, 0.0018466342007741332, 5.446634168038145e-05, 4.9314810894429684e-05, 0.00019143018289469182, 0.0004617400118149817, 0.00036572274984791875, 0.00022343591263052076, 0.00018154176359530538, 0.00038925858098082244, 0.004225679207593203, 0.008704876527190208, 0.005894931964576244, 0.0051497723907232285, 0.006900571286678314, 0.002863602014258504, 0.00012724944099318236, 0.00011624483886407688, 0.00016257763491012156, 0.09484435617923737, 0.19082443416118622, 0.09617333114147186, 0.00013457873137667775, 0.0001222943828906864, 0.00024910891079343855, 0.00023784019867889583, 0.00013530606520362198, 0.00021683273371309042, 0.00024401686096098274, 0.00019323031301610172, 0.00011554555385373533, 7.803515472915024e-05, 7.520378130720928e-05, 0.004512965679168701, 0.4150327444076538], "lowlevel.gfcc.cov": [[63698.19921875, 7530.45458984375, -2404.234130859375, -1328.60791015625, -2182.251953125, 3415.220703125, -2891.587646484375, -408.18438720703125, -2697.82666015625, -1599.92724609375, -1468.022216796875, 105.92941284179688, 1550.1424560546875], [7530.45458984375, 2500.857666015625, 670.2168579101562, -78.75712585449219, -378.5986328125, -249.38674926757812, -412.2545166015625, -559.6229248046875, -358.32537841796875, -375.8393249511719, 17.105737686157227, -177.64163208007812, 105.88972473144531], [-2404.234130859375, 670.2168579101562, 916.2770385742188, 82.30900573730469, -86.23550415039062, -556.3445434570312, 47.59204864501953, -273.6892395019531, -5.727414608001709, -80.38228607177734, 92.16813659667969, -124.40447998046875, -171.81312561035156], [-1328.60791015625, -78.75712585449219, 82.30900573730469, 131.56231689453125, -14.550248146057129, -193.1240997314453, 4.7209367752075195, -22.107284545898438, 61.11054611206055, 44.0206413269043, 28.31588363647461, -10.219429969787598, -69.61886596679688], [-2182.251953125, -378.5986328125, -86.23550415039062, -14.550248146057129, 273.2711486816406, 76.73074340820312, 195.6501007080078, 70.89228057861328, 161.40176391601562, 55.7507438659668, 92.04076385498047, 6.764317035675049, 39.82813262939453], [3415.220703125, -249.38674926757812, -556.3445434570312, -193.1240997314453, 76.73074340820312, 618.9110717773438, -41.570640563964844, 200.41709899902344, -89.88478088378906, -30.136260986328125, -117.81978607177734, 83.2391586303711, 198.12939453125], [-2891.587646484375, -412.2545166015625, 47.59204864501953, 4.7209367752075195, 195.6501007080078, -41.570640563964844, 231.9302215576172, 76.8447494506836, 155.6696014404297, 63.179405212402344, 88.57957458496094, -4.823342800140381, -23.62251091003418], [-408.18438720703125, -559.6229248046875, -273.6892395019531, -22.107284545898438, 70.89228057861328, 200.41709899902344, 76.8447494506836, 201.6824493408203, 39.430423736572266, 60.075992584228516, -49.47211456298828, 55.649471282958984, 20.351655960083008], [-2697.82666015625, -358.32537841796875, -5.727414608001709, 61.11054611206055, 161.40176391601562, -89.88478088378906, 155.6696014404297, 39.430423736572266, 170.69439697265625, 81.99583435058594, 93.3445053100586, -1.6719534397125244, -27.4058837890625], [-1599.92724609375, -375.8393249511719, -80.38228607177734, 44.0206413269043, 55.7507438659668, -30.136260986328125, 63.179405212402344, 60.075992584228516, 81.99583435058594, 82.57757568359375, 20.261940002441406, 18.40817642211914, -33.49974060058594], [-1468.022216796875, 17.105737686157227, 92.16813659667969, 28.31588363647461, 92.04076385498047, -117.81978607177734, 88.57957458496094, -49.47211456298828, 93.3445053100586, 20.261940002441406, 105.2912368774414, -28.4792423248291, -11.938533782958984], [105.92941284179688, -177.64163208007812, -124.40447998046875, -10.219429969787598, 6.764317035675049, 83.2391586303711, -4.823342800140381, 55.649471282958984, -1.6719534397125244, 18.40817642211914, -28.4792423248291, 35.770545959472656, 12.38029956817627], [1550.1424560546875, 105.88972473144531, -171.81312561035156, -69.61886596679688, 39.82813262939453, 198.12939453125, -23.62251091003418, 20.351655960083008, -27.4058837890625, -33.49974060058594, -11.938533782958984, 12.38029956817627, 105.79706573486328]], "lowlevel.gfcc.icov": [[0.0012484131148084998, -0.0046476577408611774, 0.003116488689556718, -0.001861958997324109, 0.0019726266618818045, -0.005242882762104273, 0.0019269970944151282, -0.0040808566845953465, 0.004298142623156309, 0.0007451496203429997, 0.0017414839239791036, 0.002569088013842702, 0.0017322268104180694], [-0.0046476577408611774, 0.02433690056204796, -0.01174711249768734, 0.005758714862167835, -0.003320887917652726, 0.02047983556985855, -0.004216677974909544, 0.0229704100638628, -0.01751117594540119, 0.015652598813176155, -0.008629429154098034, 0.001435968792065978, -0.01473318412899971], [0.003116488689556718, -0.01174711249768734, 0.014914460480213165, -0.003707291092723608, 0.004142011981457472, -0.01021133828908205, -0.0019136036280542612, -0.003957773558795452, 0.01166232768446207, 0.00873509980738163, 0.010728124529123306, 0.012812185101211071, 0.011271958239376545], [-0.001861958997324109, 0.005758714862167835, -0.003707291092723608, 0.035604327917099, -0.007249271962791681, 0.023460688069462776, 0.01529758796095848, -0.0076554869301617146, -0.025368019938468933, -0.0017241050954908133, 0.004384657368063927, -0.0034156416077166796, -0.003614751622080803], [0.0019726266618818045, -0.003320887917652726, 0.004142011981457472, -0.007249271962791681, 0.029375430196523666, -0.018180856481194496, -0.00853697769343853, 0.006385503336787224, -0.011487463489174843, 0.014725377783179283, -0.00018079931032843888, 0.008479699492454529, -0.003093966981396079], [-0.005242882762104273, 0.02047983556985855, -0.01021133828908205, 0.023460688069462776, -0.018180856481194496, 0.0483124665915966, 7.540769001934677e-05, 0.0031540035270154476, -0.012022574432194233, -0.0009273603209294379, 0.0011420734226703644, -0.014017685316503048, -0.03068440780043602], [0.0019269970944151282, -0.004216677974909544, -0.0019136036280542612, 0.01529758796095848, -0.00853697769343853, 7.540769001934677e-05, 0.04715859144926071, -0.030960844829678535, -0.011621039360761642, 0.012138713151216507, -0.010326892137527466, 0.011745242401957512, 0.0007962685776874423], [-0.0040808566845953465, 0.0229704100638628, -0.003957773558795452, -0.0076554869301617146, 0.006385503336787224, 0.0031540035270154476, -0.030960844829678535, 0.06165209040045738, -0.017385583370923996, 0.015734819695353508, 0.010516843758523464, 0.0011072488268837333, -0.00020993650832679123], [0.004298142623156309, -0.01751117594540119, 0.01166232768446207, -0.025368019938468933, -0.011487463489174843, -0.012022574432194233, -0.011621039360761642, -0.017385583370923996, 0.09038496017456055, -0.03412004932761192, -0.016686104238033295, -0.000582786335144192, -0.004819611087441444], [0.0007451496203429997, 0.015652598813176155, 0.00873509980738163, -0.0017241050954908133, 0.014725377783179283, -0.0009273603209294379, 0.012138713151216507, 0.015734819695353508, -0.03412004932761192, 0.10583892464637756, 0.00114631955511868, 0.025348206982016563, 0.004181221127510071], [0.0017414839239791036, -0.008629429154098034, 0.010728124529123306, 0.004384657368063927, -0.00018079931032843888, 0.0011420734226703644, -0.010326892137527466, 0.010516843758523464, -0.016686104238033295, 0.00114631955511868, 0.0583258680999279, 0.01601032167673111, -0.0022225165739655495], [0.002569088013842702, 0.001435968792065978, 0.012812185101211071, -0.0034156416077166796, 0.008479699492454529, -0.014017685316503048, 0.011745242401957512, 0.0011072488268837333, -0.000582786335144192, 0.025348206982016563, 0.01601032167673111, 0.10062623023986816, 0.002854972379282117], [0.0017322268104180694, -0.01473318412899971, 0.011271958239376545, -0.003614751622080803, -0.003093966981396079, -0.03068440780043602, 0.0007962685776874423, -0.00020993650832679123, -0.004819611087441444, 0.004181221127510071, -0.0022225165739655495, 0.002854972379282117, 0.07308149337768555]], "lowlevel.mfcc.cov": [[19729.35546875, 6577.37255859375, 176.60372924804688, -2879.10546875, 162.4921112060547, 770.39599609375, 977.3953857421875, 413.8345642089844, 1773.579833984375, -2765.34765625, 1330.8623046875, -2154.503662109375, 1425.68212890625], [6577.37255859375, 3673.52392578125, 1158.7578125, -421.1957702636719, 131.78860473632812, 206.44320678710938, 162.04063415527344, -88.68721771240234, 233.5684814453125, -1111.8021240234375, 114.14569854736328, -809.7464599609375, 271.12628173828125], [176.60372924804688, 1158.7578125, 953.4907836914062, 494.7486572265625, 61.47492980957031, -78.01111602783203, -147.04327392578125, -193.24386596679688, -298.450927734375, -147.73365783691406, -288.5316162109375, -84.00181579589844, -183.66358947753906], [-2879.10546875, -421.1957702636719, 494.7486572265625, 803.1666870117188, 33.48725509643555, -186.1557159423828, -258.1571350097656, -169.4160614013672, -450.1400451660156, 384.7422790527344, -380.3213195800781, 291.4670715332031, -338.35919189453125], [162.4921112060547, 131.78860473632812, 61.47492980957031, 33.48725509643555, 67.46660614013672, 22.89337921142578, -24.811065673828125, -26.64908790588379, -8.6746244430542, -46.03115463256836, 8.406525611877441, -28.0649356842041, 4.969192028045654], [770.39599609375, 206.44320678710938, -78.01111602783203, -186.1557159423828, 22.89337921142578, 76.2996597290039, 60.06515884399414, 24.644954681396484, 98.21072387695312, -128.0413055419922, 91.0794677734375, -87.14990234375, 86.33259582519531], [977.3953857421875, 162.04063415527344, -147.04327392578125, -258.1571350097656, -24.811065673828125, 60.06515884399414, 106.68138885498047, 65.86204528808594, 149.17198181152344, -126.65283203125, 110.01909637451172, -97.97919464111328, 111.1820068359375], [413.8345642089844, -88.68721771240234, -193.24386596679688, -169.4160614013672, -26.64908790588379, 24.644954681396484, 65.86204528808594, 79.19865417480469, 113.1545181274414, -13.165523529052734, 84.47734069824219, -24.787900924682617, 71.03717041015625], [1773.579833984375, 233.5684814453125, -298.450927734375, -450.1400451660156, -8.6746244430542, 98.21072387695312, 149.17198181152344, 113.1545181274414, 313.3450012207031, -224.00723266601562, 245.27346801757812, -189.2050323486328, 208.96856689453125], [-2765.34765625, -1111.8021240234375, -147.73365783691406, 384.7422790527344, -46.03115463256836, -128.0413055419922, -126.65283203125, -13.165523529052734, -224.00723266601562, 480.87432861328125, -169.3511199951172, 346.9942932128906, -196.90748596191406], [1330.8623046875, 114.14569854736328, -288.5316162109375, -380.3213195800781, 8.406525611877441, 91.0794677734375, 110.01909637451172, 84.47734069824219, 245.27346801757812, -169.3511199951172, 233.2197723388672, -131.68455505371094, 175.17396545410156], [-2154.503662109375, -809.7464599609375, -84.00181579589844, 291.4670715332031, -28.0649356842041, -87.14990234375, -97.97919464111328, -24.787900924682617, -189.2050323486328, 346.9942932128906, -131.68455505371094, 279.0224914550781, -147.88467407226562], [1425.68212890625, 271.12628173828125, -183.66358947753906, -338.35919189453125, 4.969192028045654, 86.33259582519531, 111.1820068359375, 71.03717041015625, 208.96856689453125, -196.90748596191406, 175.17396545410156, -147.88467407226562, 167.24154663085938]], "lowlevel.mfcc.icov": [[0.0010301158763468266, -0.0016397852450609207, 0.001110033830627799, 0.0012955054407939315, -0.002400874625891447, 0.0042952196672558784, -0.0021406218875199556, -0.00023518313537351787, 0.00047430439735762775, -0.0007809321396052837, -0.0005348442355170846, 0.0028220743406563997, -0.0013623727718368173], [-0.0016397852450609207, 0.007793518248945475, -0.011143206618726254, 0.0022624374832957983, 0.00261222617700696, -0.01000572182238102, 0.005056588910520077, -0.005735251121222973, 0.002325404202565551, 0.0009129232494160533, -9.954244887921959e-05, 0.0018426890019327402, -0.0022511074785143137], [0.001110033830627799, -0.011143206618726254, 0.02767997793853283, -0.015667635947465897, 0.004511620383709669, 0.010937373153865337, -0.004248890560120344, 0.007976100780069828, -0.002084858249872923, 0.015151581726968288, 0.0026878833305090666, -0.00963105820119381, 0.010071078315377235], [0.0012955054407939315, 0.0022624374832957983, -0.015667635947465897, 0.036793023347854614, -0.02658267877995968, 0.019937627017498016, 0.004017671104520559, 0.0027565357740968466, 0.0009876887779682875, -0.02051982656121254, 0.011817265301942825, 0.01098716538399458, 0.0011209517251700163], [-0.002400874625891447, 0.00261222617700696, 0.004511620383709669, -0.02658267877995968, 0.062063585966825485, -0.05069524049758911, 0.037507910281419754, -0.004452325403690338, -0.0022839121520519257, 0.013531692326068878, -0.007801434490829706, -0.005674265790730715, -0.009373758919537067], [0.0042952196672558784, -0.01000572182238102, 0.010937373153865337, 0.019937627017498016, -0.05069524049758911, 0.09600210934877396, -0.04500950500369072, 0.014148440212011337, 0.012688899412751198, 0.0004482574004214257, -0.0034884330816566944, 0.0024247763212770224, -0.0017136160749942064], [-0.0021406218875199556, 0.005056588910520077, -0.004248890560120344, 0.004017671104520559, 0.037507910281419754, -0.04500950500369072, 0.09716561436653137, -0.03146086633205414, -0.014693659730255604, 0.015043195337057114, 0.02322203293442726, -0.011375810950994492, -0.013910569250583649], [-0.00023518313537351787, -0.005735251121222973, 0.007976100780069828, 0.0027565357740968466, -0.004452325403690338, 0.014148440212011337, -0.03146086633205414, 0.07624983787536621, -0.01830962300300598, -0.030020231381058693, 0.007164800073951483, 0.004103558138012886, -0.009348459541797638], [0.00047430439735762775, 0.002325404202565551, -0.002084858249872923, 0.0009876887779682875, -0.0022839121520519257, 0.012688899412751198, -0.014693659730255604, -0.01830962300300598, 0.055429697036743164, -0.007867267355322838, -0.029403913766145706, 0.029108406975865364, -0.01902570016682148], [-0.0007809321396052837, 0.0009129232494160533, 0.015151581726968288, -0.02051982656121254, 0.013531692326068878, 0.0004482574004214257, 0.015043195337057114, -0.030020231381058693, -0.007867267355322838, 0.06841214001178741, 0.0019298373954370618, -0.0475371815264225, 0.028739511966705322], [-0.0005348442355170846, -9.954244887921959e-05, 0.0026878833305090666, 0.011817265301942825, -0.007801434490829706, -0.0034884330816566944, 0.02322203293442726, 0.007164800073951483, -0.029403913766145706, 0.0019298373954370618, 0.051784124225378036, -0.013150066137313843, -0.011723671108484268], [0.0028220743406563997, 0.0018426890019327402, -0.00963105820119381, 0.01098716538399458, -0.005674265790730715, 0.0024247763212770224, -0.011375810950994492, 0.004103558138012886, 0.029108406975865364, -0.0475371815264225, -0.013150066137313843, 0.07201359421014786, -0.025544026866555214], [-0.0013623727718368173, -0.0022511074785143137, 0.010071078315377235, 0.0011209517251700163, -0.009373758919537067, -0.0017136160749942064, -0.013910569250583649, -0.009348459541797638, -0.01902570016682148, 0.028739511966705322, -0.011723671108484268, -0.025544026866555214, 0.09625445306301117]], "metadata.audio_properties.analysis.downmix": "mix", "metadata.audio_properties.codec": "mp3", "metadata.audio_properties.md5_encoded": "50411e9dd100fdb651d99209a7793fce", "metadata.tags.file_name": "1183675067561951232.mp3", "metadata.version.essentia": "2.1-beta6-dev", "metadata.version.essentia_git_sha": "v2.1_beta5-1110-g77a6a954", "metadata.version.extractor": "music 2.0", "tonal.chords_key": "F", "tonal.chords_scale": "major", "tonal.key_edma.key": "Bb", "tonal.key_edma.scale": "minor", "tonal.key_krumhansl.key": "Bb", "tonal.key_krumhansl.scale": "minor", "tonal.key_temperley.key": "Bb", "tonal.key_temperley.scale": "minor", "metadata.tags.encoding": ["Lavf58.45.100"]}, "essentia_models": [{"model_name": "genre_dortmund", "activations": {"alternative": "0.0272569", "blues": "0.004272859", "electronic": "0.81588286", "folkcountry": "0.008435068", "funksoulrnb": "0.010709983", "jazz": "0.27411267", "pop": "0.005127707", "raphiphop": "0.020209868", "rock": "0.007084484"}}, {"model_name": "genre_rosamerica", "activations": {"classic": "0.6974252", "dance": "0.02291409", "hip hop": "0.009847983", "jazz": "0.09786759", "pop": "0.0092268465", "rhythm and blues": "0.0020426558", "rock": "0.009283122", "speech": "0.009120382"}}, {"model_name": "genre_tzanetakis", "activations": {"blues": "0.0065569957", "classic": "0.7760307", "country": "0.002643055", "disco": "0.0034696434", "hip hop": "0.014515115", "jazz": "0.024779286", "metal": "0.010357026", "pop": "0.001008212", "reggae": "0.0030356625", "rock": "0.032443516"}}, {"model_name": "genre_electronic", "activations": {"ambient": "0.3762833", "dnb": "0.18076955", "house": "0.070601605", "techno": "0.5411499", "trance": "0.002651909"}}, {"model_name": "mood_acoustic", "activations": {"acoustic": "0.86951333", "not acoustic": "0.27989665"}}, {"model_name": "mood_electronic", "activations": {"electronic": "0.05387313", "not electronic": "0.9629932"}}, {"model_name": "mood_aggressive", "activations": {"aggressive": "0.09072813", "not aggressive": "0.9850765"}}, {"model_name": "mood_relaxed", "activations": {"not relaxed": "0.01943185", "relaxed"