{"song_id": "1183672358242881556", "download": "https://cdn.discordapp.com/attachments/1135903449314238464/1183672358242881556/chirp.mp4?ex=65892fc9&amp", "lyrics": "[verse]\nIn the age of Christofascist madness\nWhere macho minds breed nothing but sadness\nDrowning in a sea of misguided pride\nA storm of intolerance we cannot hide\n\n[chorus]\nBreak the chains, rise above the hate\nIn this world, let's radiate\nLove and acceptance, let it show\nTogether we'll conquer, let freedom grow", "style": ["modern rock"], "essentia_features": {"lowlevel.average_loudness": 0.9877320528030396, "lowlevel.barkbands_crest.mean": 13.577556610107422, "lowlevel.barkbands_crest.stdev": 4.447622299194336, "lowlevel.barkbands_flatness_db.mean": 0.13791236281394958, "lowlevel.barkbands_flatness_db.stdev": 0.03078571707010269, "lowlevel.barkbands_kurtosis.mean": 1.2700754404067993, "lowlevel.barkbands_kurtosis.stdev": 2.9250922203063965, "lowlevel.barkbands_skewness.mean": 1.4708713293075562, "lowlevel.barkbands_skewness.stdev": 0.7449548840522766, "lowlevel.barkbands_spread.mean": 41.06637191772461, "lowlevel.barkbands_spread.stdev": 12.726519584655762, "lowlevel.dissonance.mean": 0.49449265003204346, "lowlevel.dissonance.stdev": 0.005028787534683943, "lowlevel.dynamic_complexity": 0.7533585429191589, "lowlevel.erbbands_crest.mean": 6.599099159240723, "lowlevel.erbbands_crest.stdev": 2.4676365852355957, "lowlevel.erbbands_flatness_db.mean": 0.14041781425476074, "lowlevel.erbbands_flatness_db.stdev": 0.018688708543777466, "lowlevel.erbbands_kurtosis.mean": 1.9832016229629517, "lowlevel.erbbands_kurtosis.stdev": 1.8203480243682861, "lowlevel.erbbands_skewness.mean": -0.7533510327339172, "lowlevel.erbbands_skewness.stdev": 0.4481744170188904, "lowlevel.erbbands_spread.mean": 34.760337829589844, "lowlevel.erbbands_spread.stdev": 12.65798282623291, "lowlevel.hfc.mean": 40.54578399658203, "lowlevel.hfc.stdev": 13.463011741638184, "lowlevel.loudness_ebu128.integrated": -12.63896369934082, "lowlevel.loudness_ebu128.loudness_range": 0.4529714584350586, "lowlevel.loudness_ebu128.momentary.mean": -12.654620170593262, "lowlevel.loudness_ebu128.momentary.stdev": 0.36815690994262695, "lowlevel.loudness_ebu128.short_term.mean": -12.639093399047852, "lowlevel.loudness_ebu128.short_term.stdev": 0.14772909879684448, "lowlevel.melbands_crest.mean": 20.39520835876465, "lowlevel.melbands_crest.stdev": 5.180300235748291, "lowlevel.melbands_flatness_db.mean": 0.20098736882209778, "lowlevel.melbands_flatness_db.stdev": 0.04043949022889137, "lowlevel.melbands_kurtosis.mean": 14.809399604797363, "lowlevel.melbands_kurtosis.stdev": 12.606486320495605, "lowlevel.melbands_skewness.mean": 3.5746710300445557, "lowlevel.melbands_skewness.stdev": 1.301440954208374, "lowlevel.melbands_spread.mean": 30.032447814941406, "lowlevel.melbands_spread.stdev": 14.074291229248047, "lowlevel.pitch_salience.mean": 0.4671339988708496, "lowlevel.pitch_salience.stdev": 0.12990187108516693, "lowlevel.silence_rate_20dB.mean": 1.0, "lowlevel.silence_rate_20dB.stdev": 0.0, "lowlevel.silence_rate_30dB.mean": 0.9815573692321777, "lowlevel.silence_rate_30dB.stdev": 0.13454437255859375, "lowlevel.silence_rate_60dB.mean": 0.0013661201810464263, "lowlevel.silence_rate_60dB.stdev": 0.036935556679964066, "lowlevel.spectral_centroid.mean": 2366.072998046875, "lowlevel.spectral_centroid.stdev": 376.94500732421875, "lowlevel.spectral_complexity.mean": 39.362022399902344, "lowlevel.spectral_complexity.stdev": 6.17969274520874, "lowlevel.spectral_decrease.mean": -1.3078627070228777e-08, "lowlevel.spectral_decrease.stdev": 6.036045885338126e-09, "lowlevel.spectral_energy.mean": 0.053039442747831345, "lowlevel.spectral_energy.stdev": 0.023031635209918022, "lowlevel.spectral_energyband_high.mean": 0.002598983934149146, "lowlevel.spectral_energyband_high.stdev": 0.0015333635965362191, "lowlevel.spectral_energyband_low.mean": 0.03564497455954552, "lowlevel.spectral_energyband_low.stdev": 0.02288266457617283, "lowlevel.spectral_energyband_middle_high.mean": 0.009609299711883068, "lowlevel.spectral_energyband_middle_high.stdev": 0.0035811779089272022, "lowlevel.spectral_energyband_middle_low.mean": 0.0061355470679700375, "lowlevel.spectral_energyband_middle_low.stdev": 0.011226148344576359, "lowlevel.spectral_entropy.mean": 7.966935634613037, "lowlevel.spectral_entropy.stdev": 0.1070413887500763, "lowlevel.spectral_flux.mean": 0.11935025453567505, "lowlevel.spectral_flux.stdev": 0.047891370952129364, "lowlevel.spectral_kurtosis.mean": 3.6190409660339355, "lowlevel.spectral_kurtosis.stdev": 1.295657992362976, "lowlevel.spectral_rms.mean": 0.007042922545224428, "lowlevel.spectral_rms.stdev": 0.0014638792490586638, "lowlevel.spectral_rolloff.mean": 1866.490966796875, "lowlevel.spectral_rolloff.stdev": 1143.6834716796875, "lowlevel.spectral_skewness.mean": 1.2419342994689941, "lowlevel.spectral_skewness.stdev": 0.21541249752044678, "lowlevel.spectral_spread.mean": 4113143.5, "lowlevel.spectral_spread.stdev": 620516.5625, "lowlevel.spectral_strongpeak.mean": 0.45606663823127747, "lowlevel.spectral_strongpeak.stdev": 0.24772904813289642, "lowlevel.zerocrossingrate.mean": 0.07054530084133148, "lowlevel.zerocrossingrate.stdev": 0.022145410999655724, "metadata.audio_properties.analysis.equal_loudness": 0.0, "metadata.audio_properties.analysis.length": 33.96160888671875, "metadata.audio_properties.analysis.sample_rate": 44100.0, "metadata.audio_properties.analysis.start_time": 0.0, "metadata.audio_properties.bit_rate": 113095.0, "metadata.audio_properties.length": 33.96266555786133, "metadata.audio_properties.lossless": 0.0, "metadata.audio_properties.number_channels": 1.0, "metadata.audio_properties.replay_gain": -12.173934936523438, "metadata.audio_properties.sample_rate": 48000.0, "rhythm.beats_count": 65.0, "rhythm.beats_loudness.mean": 0.05691327154636383, "rhythm.beats_loudness.stdev": 0.01970342919230461, "rhythm.bpm": 117.76177215576172, "rhythm.bpm_histogram_first_peak_bpm": 117.0, "rhythm.bpm_histogram_first_peak_weight": 0.18518519401550293, "rhythm.bpm_histogram_second_peak_bpm": 110.0, "rhythm.bpm_histogram_second_peak_spread": 0.375, "rhythm.bpm_histogram_second_peak_weight": 0.078125, "rhythm.danceability": 2.518001079559326, "rhythm.onset_rate": 2.883845567703247, "tonal.chords_changes_rate": 0.13506139814853668, "tonal.chords_number_rate": 0.012278308160603046, "tonal.chords_strength.mean": 0.4727712869644165, "tonal.chords_strength.stdev": 0.09646404534578323, "tonal.hpcp_crest.mean": 9.576164245605469, "tonal.hpcp_crest.stdev": 4.456339359283447, "tonal.hpcp_entropy.mean": 2.932778835296631, "tonal.hpcp_entropy.stdev": 0.7037532329559326, "tonal.key_edma.strength": 0.6428242325782776, "tonal.key_krumhansl.strength": 0.6290207505226135, "tonal.key_temperley.strength": 0.6244606971740723, "tonal.tuning_diatonic_strength": 0.6450158953666687, "tonal.tuning_equal_tempered_deviation": 0.24721123278141022, "tonal.tuning_frequency": 434.193115234375, "tonal.tuning_nontempered_energy_ratio": 0.9120389223098755, "lowlevel.barkbands.mean": [0.0017066029831767082, 0.027636859565973282, 0.005402544979006052, 0.0030599995516240597, 0.002280226442962885, 0.00019936278113164008, 0.0001789369125617668, 0.00010828046652022749, 0.00023037736536934972, 0.00030839667306281626, 0.0009157404419966042, 0.0007360141025856137, 0.0008016814244911075, 0.0009882651502266526, 0.0009153207647614181, 0.00143927161116153, 0.0014756700256839395, 0.0010060776257887483, 0.000649363559205085, 0.0006729503511451185, 0.0009160198969766498, 0.00018523821199778467, 0.00044913802412338555, 0.0006234947941266, 6.594404112547636e-05, 8.766278915572912e-05, 1.8858223871376367e-09], "lowlevel.barkbands.stdev": [0.001977730542421341, 0.022412478923797607, 0.004996134899556637, 0.004004686139523983, 0.007693935185670853, 0.0005238980520516634, 0.0005128495395183563, 0.00018332766194362193, 0.00032828559051267803, 0.0004182466655038297, 0.0011136563261970878, 0.0007902630604803562, 0.0007826858200132847, 0.0008800799259915948, 0.0007153171463869512, 0.0011158483102917671, 0.0011641238816082478, 0.0006196158938109875, 0.00039286684477701783, 0.00041266329935751855, 0.0005683393683284521, 0.0002021436084760353, 0.00041648108162917197, 0.0005233993288129568, 4.9550577386980876e-05, 5.78991966904141e-05, 8.53191028937772e-09], "lowlevel.erbbands.mean": [0.7752425670623779, 5.985873699188232, 8.30690860748291, 7.918542385101318, 12.352021217346191, 5.0494914054870605, 1.7283700704574585, 1.750058650970459, 2.0902955532073975, 2.8107893466949463, 2.6517868041992188, 4.942992687225342, 8.324865341186523, 15.421773910522461, 43.77075958251953, 29.525115966796875, 34.167083740234375, 52.61527633666992, 50.86284255981445, 56.055057525634766, 83.20903778076172, 87.38379669189453, 56.8354377746582, 43.131553649902344, 32.30191421508789, 30.470487594604492, 37.57345962524414, 27.880552291870117, 8.218609809875488, 3.164046049118042, 14.084088325500488, 22.930631637573242, 4.011317729949951, 0.4886249899864197, 0.5774391293525696, 0.592891275882721, 0.11996674537658691, 0.004376515280455351, 0.0001513346069259569, 7.493652810808271e-05], "lowlevel.erbbands.stdev": [0.9666167497634888, 4.65701961517334, 6.222100257873535, 6.950902462005615, 32.73579788208008, 16.276424407958984, 4.458576202392578, 4.464332580566406, 6.03041934967041, 6.279407978057861, 4.047398090362549, 6.578024387359619, 11.261439323425293, 18.688613891601562, 53.41814041137695, 30.058122634887695, 32.09526824951172, 44.82550811767578, 42.012638092041016, 39.61876678466797, 63.10569381713867, 68.88750457763672, 33.97623062133789, 25.171443939208984, 19.553564071655273, 18.883949279785156, 24.588409423828125, 18.556570053100586, 8.030560493469238, 4.163538932800293, 12.943161964416504, 19.688961029052734, 3.212533473968506, 0.5682669878005981, 0.3808395266532898, 0.3740958869457245, 0.0884338840842247, 0.004337356425821781, 9.37612057896331e-05, 2.6265748601872474e-05], "lowlevel.gfcc.mean": [54.41223907470703, 51.0173225402832, -125.40635681152344, 70.3873062133789, -20.422489166259766, 48.619834899902344, -27.08285903930664, 20.23520851135254, -27.49608612060547, 2.4839112758636475, -19.056222915649414, 0.8974274396896362, -13.9505033493042], "lowlevel.melbands.mean": [0.007329604588449001, 0.005665818229317665, 0.0015853660879656672, 0.00062587606953457, 7.532603194704279e-05, 3.840132922050543e-05, 3.376253880560398e-05, 2.9053866455797106e-05, 2.209990816481877e-05, 3.325938814668916e-05, 4.1367871745023876e-05, 5.4243733757175505e-05, 0.00014002862735651433, 9.488367504673079e-05, 6.484556070063263e-05, 8.864721894497052e-05, 9.729851444717497e-05, 8.428544970229268e-05, 6.194445450091735e-05, 8.740193879930303e-05, 9.787599992705509e-05, 9.542621410218999e-05, 6.178562762215734e-05, 4.5258064346853644e-05, 3.4343051083851606e-05, 2.084086008835584e-05, 2.699039214348886e-05, 1.7630756701692007e-05, 2.1021984139224514e-05, 2.6086039724759758e-05, 1.234079354617279e-05, 4.684272425947711e-06, 2.5720523808558937e-06, 1.1460327868917375e-06, 4.552349764708197e-06, 1.7553626094013453e-05, 1.3045399100519717e-05, 3.2505263334314805e-06, 4.709590086804383e-07, 2.857036349723785e-07], "lowlevel.melbands.stdev": [0.007159821223467588, 0.0035698122810572386, 0.0019039827166125178, 0.0019149621948599815, 0.00019351324590388685, 9.754826169228181e-05, 9.974090789910406e-05, 6.072333053452894e-05, 3.2720508897909895e-05, 4.681852078647353e-05, 5.702771886717528e-05, 7.273694791365415e-05, 0.00017113712965510786, 0.00010308467608410865, 6.908186333021149e-05, 8.294554572785273e-05, 8.836945926304907e-05, 7.475304300896823e-05, 4.592075492837466e-05, 6.725532148266211e-05, 7.745114271529019e-05, 8.33445301395841e-05, 4.311558586778119e-05, 2.9725682907155715e-05, 2.174727342207916e-05, 1.4057898624741938e-05, 1.7346825188724324e-05, 1.1994479791610502e-05, 1.5114802408788819e-05, 1.700363281997852e-05, 9.461316949455068e-06, 5.045347734267125e-06, 3.1353908980236156e-06, 2.023809656748199e-06, 4.769769020640524e-06, 1.607677768333815e-05, 1.1226770766370464e-05, 2.8537845082610147e-06, 7.276516953425016e-07, 4.2447194914529973e-07], "lowlevel.melbands128.mean": [0.0013681943528354168, 0.005954043474048376, 0.009564081206917763, 0.010517862625420094, 0.005590133368968964, 0.002391249407082796, 0.001424567773938179, 0.0016991643933579326, 0.0013333336682990193, 0.000551098957657814, 0.00019467137462925166, 9.132611012319103e-05, 4.237758184899576e-05, 5.2270788728492334e-05, 4.4365195208229125e-05, 2.7127214707434177e-05, 2.6385572709841654e-05, 3.6565888876793906e-05, 4.107109270989895e-05, 3.329086393932812e-05, 2.1140069293323904e-05, 2.0842569938395172e-05, 2.135262911906466e-05, 2.3524411517428234e-05, 3.0389821404241957e-05, 3.595967427827418e-05, 4.4388438254827634e-05, 3.9885704609332606e-05, 4.0844770410330966e-05, 4.672040086006746e-05, 5.253792187431827e-05, 7.972785533638671e-05, 0.000167448291904293, 0.00017794437007978559, 9.39191086217761e-05, 8.035761857172474e-05, 7.211712363641709e-05, 6.217977352207527e-05, 6.115368159953505e-05, 6.700050289509818e-05, 9.625206439523026e-05, 0.00012235029134899378, 9.184269583784044e-05, 9.489463263889775e-05, 7.880459452280775e-05, 9.607127867639065e-05, 7.384202035609633e-05, 4.419186734594405e-05, 6.11700234003365e-05, 9.094349661609158e-05, 8.184400212485343e-05, 9.539695020066574e-05, 0.00010535539331613109, 9.937810682458803e-05, 8.243446063715965e-05, 0.0001147547154687345, 8.54623649502173e-05, 6.438909622374922e-05, 5.614300607703626e-05, 4.6154596930136904e-05, 4.5682529162149876e-05, 4.519396316027269e-05, 3.9266098610823974e-05, 3.4457785659469664e-05, 1.8481799997971393e-05, 2.0802692233701237e-05, 2.0383158698678017e-05, 2.3734346541459672e-05, 3.407459371373989e-05, 2.4885368475224823e-05, 1.4786490282858722e-05, 1.5129575331229717e-05, 1.634678483242169e-05, 2.207517172791995e-05, 2.6110024919034913e-05, 2.8946333259227686e-05, 2.6842228180612437e-05, 1.7165910321637057e-05, 1.0763783393485937e-05, 6.558899713127175e-06, 4.875088052358478e-06, 3.985994226241019e-06, 3.709926659212215e-06, 2.5075730718526756e-06, 1.5739768741696025e-06, 1.2880759641120676e-06, 7.729241815468413e-07, 1.2364920394247747e-06, 2.036277919614804e-06, 7.974276741151698e-06, 1.7740105249686167e-05, 2.1667039618478157e-05, 1.5758445442770608e-05, 1.3364667211135384e-05, 1.2369434443826322e-05, 4.527692453848431e-06, 1.3224348549556453e-06, 5.804673719467246e-07, 3.6124853863839235e-07, 6.022454499543528e-07, 1.787196310942818e-07, 2.98515772101382e-07, 2.584077947176411e-07, 2.8480505420702684e-07, 2.923703732449212e-07, 1.2045068160659866e-06, 1.2512865623648395e-06, 8.76905573932163e-07, 1.1554877801245311e-06, 1.1811591775767738e-06, 8.978107643997646e-07, 4.525663541699032e-07, 3.014805827206146e-07, 1.1743331640445831e-07, 5.976814065888902e-08, 3.9683336616747056e-09, 2.452205799530205e-11, 6.8409050126005955e-12, 6.566470457658458e-12, 6.357366889864213e-12, 6.188784727745311e-12, 6.060398276969137e-12, 5.903308224197712e-12, 5.791855276632285e-12, 5.674862489646326e-12, 5.545306835247343e-12, 5.465835249685025e-12, 5.4298145840681045e-12], "lowlevel.melbands128.stdev": [0.0018469789065420628, 0.008798048831522465, 0.011448979377746582, 0.007336145732551813, 0.004195309244096279, 0.002215032232925296, 0.0012919234577566385, 0.0026242646854370832, 0.00416907574981451, 0.00223086797632277, 0.00061220076167956, 0.00022950976563151926, 0.0001313092070631683, 0.00015437457477673888, 0.00012562899792101234, 7.145338895497844e-05, 6.510534876724705e-05, 0.00014650161028839648, 0.0001478108752053231, 7.46386795071885e-05, 4.268108386895619e-05, 3.970069155911915e-05, 3.9738737541483715e-05, 3.59340374416206e-05, 4.827725933864713e-05, 6.478587602032349e-05, 8.817369962343946e-05, 6.650766590610147e-05, 6.367175956256688e-05, 8.238886221079156e-05, 8.879697270458564e-05, 0.00012379429244901985, 0.0002391510206507519, 0.0002789099235087633, 0.00013196113286539912, 0.00011042325058951974, 9.542702900944278e-05, 8.657405123813078e-05, 9.14061747607775e-05, 8.24226881377399e-05, 0.00011477054795250297, 0.0001323751057498157, 0.00011192546662641689, 0.00011718671885319054, 8.719851757632568e-05, 0.00011616553092608228, 7.718575943727046e-05, 4.39871619164478e-05, 6.337630475172773e-05, 8.994402742246166e-05, 7.54457651055418e-05, 0.00011068029562011361, 0.00010241860582027584, 9.96217640931718e-05, 8.655167766846716e-05, 0.00013056097668595612, 8.193092799047008e-05, 5.922843047301285e-05, 5.1071299822069705e-05, 4.09598505939357e-05, 3.917399590136483e-05, 3.9721013308735564e-05, 3.21916704706382e-05, 2.7005582523997873e-05, 1.3638788004755042e-05, 1.7447704522055574e-05, 1.896070534712635e-05, 2.017962106037885e-05, 2.6365745725343004e-05, 2.1151205146452412e-05, 1.320158025919227e-05, 1.2714004697045311e-05, 1.364658965030685e-05, 2.028502967732493e-05, 2.3466131096938625e-05, 2.2181095118867233e-05, 2.257194137200713e-05, 1.4886410099279601e-05, 9.932768989528995e-06, 7.329656909860205e-06, 6.316033704933943e-06, 4.885272119281581e-06, 4.286748662707396e-06, 3.4682282148423837e-06, 2.763656311799423e-06, 2.2270064619078767e-06, 2.158384404538083e-06, 2.6535008146311156e-06, 2.993349880853202e-06, 9.342264092992991e-06, 1.7849321011453867e-05, 2.179362127208151e-05, 1.7569345800438896e-05, 1.319434704782907e-05, 1.1431943676143419e-05, 4.392724804347381e-06, 1.854269271461817e-06, 1.1845263543364126e-06, 7.117918698895664e-07, 8.818905143925804e-07, 4.007436871233949e-07, 5.353608116820396e-07, 4.204495667181618e-07, 4.2423488366694073e-07, 3.282309535279637e-07, 8.546188610125682e-07, 9.053983944795618e-07, 6.967324566176103e-07, 8.32972716580116e-07, 8.783468388173787e-07, 7.030619713077613e-07, 4.3785851744360116e-07, 3.2486147460986103e-07, 2.0936988676112378e-07, 1.2001683558082732e-07, 1.3141033150532166e-08, 3.1301083946999597e-10, 9.78012462682365e-12, 9.447500941284215e-12, 9.17199129146784e-12, 8.930305279986062e-12, 8.72187305017702e-12, 8.534254899994487e-12, 8.378950311360711e-12, 8.24945840804947e-12, 8.146072358328205e-12, 8.071533025288957e-12, 8.025512546194769e-12], "lowlevel.mfcc.mean": [-586.96923828125, 79.25288391113281, -25.035905838012695, 41.70783615112305, 29.45269012451172, 35.37507629394531, 21.538469314575195, 24.67612075805664, 4.937115669250488, 17.83345603942871, -16.38755989074707, 23.905399322509766, -15.382699012756348], "lowlevel.spectral_contrast_coeffs.mean": [-0.6820988655090332, -0.8407647609710693, -0.8035098910331726, -0.8024073243141174, -0.795085608959198, -0.6045476794242859], "lowlevel.spectral_contrast_coeffs.stdev": [0.06235510855913162, 0.04193374142050743, 0.04476792365312576, 0.030643844977021217, 0.022083088755607605, 0.07207568734884262], "lowlevel.spectral_contrast_valleys.mean": [-6.559311389923096, -7.253415107727051, -6.843024253845215, -6.462522983551025, -6.351438522338867, -10.817651748657227], "lowlevel.spectral_contrast_valleys.stdev": [0.46897435188293457, 0.524346113204956, 0.44058963656425476, 0.30583104491233826, 0.2792598605155945, 1.010057806968689], "rhythm.beats_loudness_band_ratio.mean": [0.7233740091323853, 0.05391464754939079, 0.01214925479143858, 0.07031421363353729, 0.10672768205404282, 0.07725135236978531], "rhythm.beats_loudness_band_ratio.stdev": [0.09782412648200989, 0.06004877761006355, 0.010335491970181465, 0.05137784779071808, 0.04855118319392204, 0.03959032893180847], "tonal.hpcp.mean": [0.0432741604745388, 0.0394459068775177, 0.032164402306079865, 0.030228178948163986, 0.04003512114286423, 0.0642985850572586, 0.10353576391935349, 0.12548111379146576, 0.10683511197566986, 0.07409550994634628, 0.05488195642828941, 0.04528168961405754, 0.03540993109345436, 0.03382525220513344, 0.036284394562244415, 0.042719729244709015, 0.04617828503251076, 0.05747659504413605, 0.0791562870144844, 0.10642640292644501, 0.14698545634746552, 0.2931379973888397, 0.4520178735256195, 0.3777182996273041, 0.20298737287521362, 0.1174934133887291, 0.08587174117565155, 0.08123450726270676, 0.08383426070213318, 0.06661994010210037, 0.052811071276664734, 0.057483021169900894, 0.05497707426548004, 0.044182803481817245, 0.042287085205316544, 0.042378053069114685], "tonal.hpcp.stdev": [0.12892423570156097, 0.13682784140110016, 0.11752934753894806, 0.11017792671918869, 0.13461437821388245, 0.14470189809799194, 0.1699511557817459, 0.19295911490917206, 0.18933749198913574, 0.1474323272705078, 0.13999810814857483, 0.1259021759033203, 0.0857168659567833, 0.09699062258005142, 0.0970764234662056, 0.11571118980646133, 0.13338345289230347, 0.1531813144683838, 0.1817672997713089, 0.22320790588855743, 0.2605312764644623, 0.3415541648864746, 0.41426536440849304, 0.3796881139278412, 0.3196919858455658, 0.24790354073047638, 0.2077312469482422, 0.1966627985239029, 0.2137569785118103, 0.1763872653245926, 0.14430159330368042, 0.1628829389810562, 0.14531688392162323, 0.13283927738666534, 0.14217473566532135, 0.13515108823776245], "rhythm.beats_position": [0.5340589284896851, 1.0681178569793701, 1.5789568424224854, 2.1014058589935303, 2.635464906692505, 3.18113374710083, 3.7268025875091553, 4.2724714279174805, 4.818140506744385, 5.363809585571289, 5.8978681564331055, 6.408707141876221, 6.919546127319336, 7.41877555847168, 7.929614543914795, 8.42884349822998, 8.939682006835938, 9.450521469116211, 9.961359977722168, 10.472199440002441, 10.994647979736328, 11.493877410888672, 12.004715919494629, 12.515555381774902, 13.02639389038086, 13.525623321533203, 14.036462783813477, 14.547301292419434, 15.058140754699707, 15.557369232177734, 16.068208694458008, 16.57904815673828, 17.089885711669922, 17.600725173950195, 18.11156463623047, 18.599184036254883, 19.110021591186523, 19.620861053466797, 20.13170051574707, 20.642539978027344, 21.153377532958984, 21.664216995239258, 22.17505645751953, 22.674285888671875, 23.173513412475586, 23.68435287475586, 24.195192337036133, 24.706031799316406, 25.216869354248047, 25.72770881652832, 26.238548278808594, 26.749387741088867, 27.26022720336914, 27.77106475830078, 28.281904220581055, 28.76952362060547, 29.280363082885742, 29.791200637817383, 30.302040100097656, 30.81287956237793, 31.323719024658203, 31.834556579589844, 32.34539794921875, 32.84462356567383, 33.355464935302734], "rhythm.bpm_histogram": [0.0, 0.0, 0.0, 0.0, 0.0, 0.0, 0.0, 0.0, 0.0, 0.0, 0.0, 0.0, 0.0, 0.0, 0.0, 0.0, 0.0, 0.0, 0.0, 0.0, 0.0, 0.0, 0.0, 0.0, 0.0, 0.0, 0.0, 0.0, 0.0, 0.0, 0.0, 0.0, 0.0, 0.0, 0.0, 0.0, 0.0, 0.0, 0.0, 0.0, 0.0, 0.0, 0.0, 0.0, 0.0, 0.0, 0.0, 0.0, 0.0, 0.0, 0.0, 0.0, 0.0, 0.0, 0.0, 0.0, 0.0, 0.0, 0.0, 0.0, 0.0, 0.0, 0.0, 0.0, 0.0, 0.0, 0.0, 0.0, 0.0, 0.0, 0.0, 0.0, 0.0, 0.0, 0.0, 0.0, 0.0, 0.0, 0.0, 0.0, 0.0, 0.0, 0.0, 0.0, 0.0, 0.0, 0.0, 0.0, 0.0, 0.0, 0.0, 0.0, 0.0, 0.0, 0.0, 0.0, 0.0, 0.0, 0.0, 0.0, 0.0, 0.0, 0.0, 0.0, 0.0, 0.0, 0.0, 0.0, 0.0, 0.0, 0.078125, 0.0, 0.046875, 0.0, 0.0, 0.03125, 0.0, 0.6875, 0.0, 0.0, 0.125, 0.0, 0.0, 0.03125, 0.0, 0.0, 0.0, 0.0, 0.0, 0.0, 0.0, 0.0, 0.0, 0.0, 0.0, 0.0, 0.0, 0.0, 0.0, 0.0, 0.0, 0.0, 0.0, 0.0, 0.0, 0.0, 0.0, 0.0, 0.0, 0.0, 0.0, 0.0, 0.0, 0.0, 0.0, 0.0, 0.0, 0.0, 0.0, 0.0, 0.0, 0.0, 0.0, 0.0, 0.0, 0.0, 0.0, 0.0, 0.0, 0.0, 0.0, 0.0, 0.0, 0.0, 0.0, 0.0, 0.0, 0.0, 0.0, 0.0, 0.0, 0.0, 0.0, 0.0, 0.0, 0.0, 0.0, 0.0, 0.0, 0.0, 0.0, 0.0, 0.0, 0.0, 0.0, 0.0, 0.0, 0.0, 0.0, 0.0, 0.0, 0.0, 0.0, 0.0, 0.0, 0.0, 0.0, 0.0, 0.0, 0.0, 0.0, 0.0, 0.0, 0.0, 0.0, 0.0, 0.0, 0.0, 0.0, 0.0, 0.0, 0.0, 0.0, 0.0, 0.0, 0.0, 0.0, 0.0, 0.0, 0.0, 0.0, 0.0, 0.0, 0.0, 0.0, 0.0, 0.0, 0.0, 0.0, 0.0, 0.0, 0.0, 0.0, 0.0, 0.0, 0.0, 0.0, 0.0, 0.0, 0.0], "tonal.chords_histogram": [8.594816207885742, 0.0, 6.139153957366943, 0.0, 0.0, 0.0, 0.0, 0.0, 3.001364231109619, 1.0914051532745361, 0.0, 0.0, 0.0, 0.0, 0.0, 14.324692726135254, 15.961800575256348, 42.701229095458984, 0.0, 0.0, 0.0, 0.0, 3.4106411933898926, 4.774897575378418], "tonal.thpcp": [1.0, 0.8356269001960754, 0.4490693509578705, 0.25993090867996216, 0.18997421860694885, 0.17971526086330414, 0.1854666918516159, 0.1473834216594696, 0.11683402955532074, 0.12716980278491974, 0.1216258853673935, 0.09774570167064667, 0.09355179965496063, 0.09375304728746414, 0.09573550522327423, 0.08726625144481659, 0.07115736603736877, 0.06687385588884354, 0.088569775223732, 0.14224788546562195, 0.2290523648262024, 0.27760210633277893, 0.23635151982307434, 0.16392163932323456, 0.12141545861959457, 0.10017676651477814, 0.07833746075630188, 0.07483167201280594, 0.08027203381061554, 0.09450893849134445, 0.10216030478477478, 0.1271555870771408, 0.1751175969839096, 0.23544733226299286, 0.3251762092113495, 0.6485097408294678], "lowlevel.gfcc.cov": [[704.1995849609375, 76.9803237915039, 42.794166564941406, -12.765074729919434, -135.85137939453125, -80.54791259765625, -68.9572525024414, -53.82399368286133, -20.275941848754883, -13.876826286315918, -27.36931800842285, -11.678502082824707, -29.667802810668945], [76.9803237915039, 213.39935302734375, -36.13439178466797, -61.18651580810547, -34.40085983276367, -55.124855041503906, -1.939699411392212, -13.17646598815918, -3.194636344909668, -4.363881587982178, 11.578265190124512, -16.04886817932129, 13.43520736694336], [42.794166564941406, -36.13439178466797, 122.78951263427734, 43.24960708618164, -42.71149444580078, -37.723487854003906, -61.457176208496094, -39.1602897644043, -8.839350700378418, -5.295511245727539, -14.652351379394531, 9.062572479248047, -10.130516052246094], [-12.765074729919434, -61.18651580810547, 43.24960708618164, 122.17280578613281, 34.36321258544922, -8.454339027404785, -29.894365310668945, -30.851070404052734, 10.401396751403809, 0.05964772403240204, 3.2485275268554688, 3.179760694503784, 3.645284414291382], [-135.85137939453125, -34.40085983276367, -42.71149444580078, 34.36321258544922, 186.78173828125, 79.24076843261719, 68.6191177368164, 51.11131286621094, 19.834516525268555, 16.799053192138672, 20.92270851135254, 12.289836883544922, 18.782413482666016], [-80.54791259765625, -55.124855041503906, -37.723487854003906, -8.454339027404785, 79.24076843261719, 129.31097412109375, 96.43412780761719, 37.80771255493164, -0.978956401348114, -6.907083034515381, 16.963945388793945, -1.2571461200714111, 13.320096015930176], [-68.9572525024414, -1.939699411392212, -61.457176208496094, -29.894365310668945, 68.6191177368164, 96.43412780761719, 143.08114624023438, 71.12649536132812, 17.89292335510254, 3.953434705734253, 19.2031192779541, 5.243935585021973, 14.99324893951416], [-53.82399368286133, -13.17646598815918, -39.1602897644043, -30.851070404052734, 51.11131286621094, 37.80771255493164, 71.12649536132812, 103.88921356201172, 47.758384704589844, 17.46892547607422, 15.16193962097168, 5.854338645935059, 14.102080345153809], [-20.275941848754883, -3.194636344909668, -8.839350700378418, 10.401396751403809, 19.834516525268555, -0.978956401348114, 17.89292335510254, 47.758384704589844, 77.86228942871094, 39.573631286621094, 17.537755966186523, 7.642941474914551, 9.434481620788574], [-13.876826286315918, -4.363881587982178, -5.295511245727539, 0.05964772403240204, 16.799053192138672, -6.907083034515381, 3.953434705734253, 17.46892547607422, 39.573631286621094, 58.06538772583008, 30.017520904541016, 12.996847152709961, 7.963406085968018], [-27.36931800842285, 11.578265190124512, -14.652351379394531, 3.2485275268554688, 20.92270851135254, 16.963945388793945, 19.2031192779541, 15.16193962097168, 17.537755966186523, 30.017520904541016, 59.652137756347656, 26.468324661254883, 18.073068618774414], [-11.678502082824707, -16.04886817932129, 9.062572479248047, 3.179760694503784, 12.289836883544922, -1.2571461200714111, 5.243935585021973, 5.854338645935059, 7.642941474914551, 12.996847152709961, 26.468324661254883, 45.7108154296875, 15.704270362854004], [-29.667802810668945, 13.43520736694336, -10.130516052246094, 3.645284414291382, 18.782413482666016, 13.320096015930176, 14.99324893951416, 14.102080345153809, 9.434481620788574, 7.963406085968018, 18.073068618774414, 15.704270362854004, 42.75414276123047]], "lowlevel.gfcc.icov": [[0.0018364161951467395, -0.0016289467457681894, 0.0001596259098732844, -0.0014829626306891441, 0.0017583989538252354, -0.001598554546944797, 0.0010128139983862638, -0.00121941021643579, 0.0010181256802752614, -0.0015603801002725959, 0.0019343249732628465, -0.0019321220461279154, 0.0016810344532132149], [-0.0016289467457681894, 0.017885256558656693, -0.0018917224369943142, 0.015379932709038258, -0.008244846016168594, 0.021568750962615013, -0.012467024847865105, 0.015493628568947315, -0.010636691004037857, 0.016081083565950394, -0.018638767302036285, 0.019661616533994675, -0.012337489984929562], [0.0001596259098732844, -0.0018917224369943142, 0.014039019122719765, -0.007177762221544981, 0.004656697157770395, -0.005323498509824276, 0.006307161878794432, -0.0033061394933611155, 0.0029139069374650717, -0.004448676016181707, 0.007407762575894594, -0.009364509023725986, 0.0036291268188506365], [-0.0014829626306891441, 0.015379932709038258, -0.007177762221544981, 0.028187453746795654, -0.013483169488608837, 0.020591164007782936, -0.010953489691019058, 0.02173764631152153, -0.0177517868578434, 0.020489444956183434, -0.020448530092835426, 0.020441899076104164, -0.012550510466098785], [0.0017583989538252354, -0.008244846016168594, 0.004656697157770395, -0.013483169488608837, 0.015430505387485027, -0.015911061316728592, 0.007039904594421387, -0.012832638807594776, 0.009039361961185932, -0.0131769934669137, 0.0123833529651165, -0.013205894269049168, 0.006081988103687763], [-0.001598554546944797, 0.021568750962615013, -0.005323498509824276, 0.020591164007782936, -0.015911061316728592, 0.047124940901994705, -0.028339242562651634, 0.022563386708498, -0.012875596061348915, 0.025453822687268257, -0.029155319556593895, 0.030292803421616554, -0.016802476719021797], [0.0010128139983862638, -0.012467024847865105, 0.006307161878794432, -0.010953489691019058, 0.007039904594421387, -0.028339242562651634, 0.030512716621160507, -0.02039383351802826, 0.00887326430529356, -0.012384193018078804, 0.014653132297098637, -0.01789151504635811, 0.00953792966902256], [-0.00121941021643579, 0.015493628568947315, -0.0033061394933611155, 0.02173764631152153, -0.012832638807594776, 0.022563386708498, -0.02039383351802826, 0.04015285521745682, -0.026266608387231827, 0.021303517743945122, -0.018641017377376556, 0.01919551193714142, -0.013178735040128231], [0.0010181256802752614, -0.010636691004037857, 0.0029139069374650717, -0.0177517868578434, 0.009039361961185932, -0.012875596061348915, 0.00887326430529356, -0.026266608387231827, 0.039099760353565216, -0.029965557157993317, 0.01567019522190094, -0.01269596815109253, 0.006838019005954266], [-0.0015603801002725959, 0.016081083565950394, -0.004448676016181707, 0.020489444956183434, -0.0131769934669137, 0.025453822687268257, -0.012384193018078804, 0.021303517743945122, -0.029965557157993317, 0.053937070071697235, -0.03457101061940193, 0.0208499263972044, -0.010240906849503517], [0.0019343249732628465, -0.018638767302036285, 0.007407762575894594, -0.020448530092835426, 0.0123833529651165, -0.029155319556593895, 0.014653132297098637, -0.018641017377376556, 0.01567019522190094, -0.03457101061940193, 0.05472058057785034, -0.03701966628432274, 0.008798923343420029], [-0.0019321220461279154, 0.019661616533994675, -0.009364509023725986, 0.020441899076104164, -0.013205894269049168, 0.030292803421616554, -0.01789151504635811, 0.01919551193714142, -0.01269596815109253, 0.0208499263972044, -0.03701966628432274, 0.0578361339867115, -0.02185155637562275], [0.0016810344532132149, -0.012337489984929562, 0.0036291268188506365, -0.012550510466098785, 0.006081988103687763, -0.016802476719021797, 0.00953792966902256, -0.013178735040128231, 0.006838019005954266, -0.010240906849503517, 0.008798923343420029, -0.02185155637562275, 0.03863350301980972]], "lowlevel.mfcc.cov": [[772.9356079101562, 3.0309321880340576, 136.61378479003906, -29.66977882385254, -56.7579460144043, -59.749267578125, -65.8128433227539, -79.09471893310547, -30.670940399169922, -66.3370132446289, 35.3226203918457, -95.21570587158203, 31.718910217285156], [3.0309321880340576, 256.7025451660156, -94.89253997802734, -13.3635892868042, -61.508216857910156, -37.362510681152344, -6.068926811218262, 14.866292953491211, -1.287367582321167, 21.282123565673828, -13.172195434570312, 41.64753341674805, -32.5064811706543], [136.61378479003906, -94.89253997802734, 240.00938415527344, -10.169053077697754, -2.5957224369049072, -44.358787536621094, -63.76609420776367, -85.77693939208984, -31.7634334564209, -77.8078842163086, 20.496740341186523, -93.41984558105469, 39.569313049316406], [-29.66977882385254, -13.3635892868042, -10.169053077697754, 149.88638305664062, 17.524009704589844, 31.196876525878906, -76.26240539550781, 12.23393440246582, -40.25288009643555, 23.670772552490234, -31.358654022216797, 24.884855270385742, -4.077624797821045], [-56.7579460144043, -61.508216857910156, -2.5957224369049072, 17.524009704589844, 133.40676879882812, 5.168083667755127, 33.792503356933594, -30.40925407409668, 25.865917205810547, -17.6003360748291, 12.484261512756348, -9.084671020507812, 19.140775680541992], [-59.749267578125, -37.362510681152344, -44.358787536621094, 31.196876525878906, 5.168083667755127, 118.68487548828125, 24.225379943847656, 49.874267578125, -21.66762351989746, 29.66805076599121, -19.614734649658203, 16.065149307250977, -13.681122779846191], [-65.8128433227539, -6.068926811218262, -63.76609420776367, -76.26240539550781, 33.792503356933594, 24.225379943847656, 166.1635284423828, 35.396522521972656, 55.89533996582031, -4.8149542808532715, 15.726348876953125, 11.355461120605469, -2.9726929664611816], [-79.09471893310547, 14.866292953491211, -85.77693939208984, 12.23393440246582, -30.40925407409668, 49.874267578125, 35.396522521972656, 122.48367309570312, 15.18147087097168, 59.672637939453125, -30.491674423217773, 54.72686767578125, -30.24363136291504], [-30.670940399169922, -1.287367582321167, -31.7634334564209, -40.25288009643555, 25.865917205810547, -21.66762351989746, 55.89533996582031, 15.18147087097168, 90.54594421386719, 21.049314498901367, 22.781618118286133, 6.9015045166015625, 0.5935474038124084], [-66.3370132446289, 21.282123565673828, -77.8078842163086, 23.670772552490234, -17.6003360748291, 29.66805076599121, -4.8149542808532715, 59.672637939453125, 21.049314498901367, 98.02186584472656, -12.76041316986084, 62.60862350463867, -34.069034576416016], [35.3226203918457, -13.172195434570312, 20.496740341186523, -31.358654022216797, 12.484261512756348, -19.614734649658203, 15.726348876953125, -30.491674423217773, 22.781618118286133, -12.76041316986084, 67.85012817382812, -18.48634147644043, 32.984378814697266], [-95.21570587158203, 41.64753341674805, -93.41984558105469, 24.884855270385742, -9.084671020507812, 16.065149307250977, 11.355461120605469, 54.72686767578125, 6.9015045166015625, 62.60862350463867, -18.48634147644043, 117.96725463867188, -17.474590301513672], [31.718910217285156, -32.5064811706543, 39.569313049316406, -4.077624797821045, 19.140775680541992, -13.681122779846191, -2.9726929664611816, -30.24363136291504, 0.5935474038124084, -34.069034576416016, 32.984378814697266, -17.474590301513672, 80.19869995117188]], "lowlevel.mfcc.icov": [[0.001612089923582971, -0.00011919708776986226, -0.0003320561954751611, 2.9506929422495887e-05, 0.0007089660502970219, 0.00026187702314928174, 0.00022655914654023945, 0.00023919405066408217, 0.00016385730123147368, 0.00010876982560148463, -0.0005080390837974846, 0.0007956512272357941, -0.00011919395910808817], [-0.00011919708776986226, 0.006453258916735649, 0.0035962164402008057, 9.162651986116543e-05, 0.0028895230498164892, 0.0026596758980304003, 0.0002793806488625705, 0.0012934610713273287, 0.000503671879414469, 0.0011537307873368263, 0.00019393759430386126, -0.0007156725041568279, 0.001406020252034068], [-0.0003320561954751611, 0.0035962164402008057, 0.010067656636238098, 0.000698109099175781, 0.0019286333117634058, 0.0019163868855684996, 0.002638209844008088, 0.0021868920885026455, 0.0006959909806028008, 0.0029542651027441025, 0.00027172875707037747, 0.0032355531584471464, -0.00071064563235268], [2.9506929422495887e-05, 9.162651986116543e-05, 0.000698109099175781, 0.01293440256267786, -0.004415357485413551, -0.0023905811831355095, 0.006797122769057751, -0.0016914120642468333, 0.002420054515823722, -0.000945302308537066, 0.0027928149793297052, -0.0014612342929467559, -0.0012877561384811997], [0.0007089660502970219, 0.0028895230498164892, 0.0019286333117634058, -0.004415357485413551, 0.013125844299793243, -0.000568143732380122, -0.0032092654146254063, 0.005887971259653568, -0.004534650593996048, 0.0021702509839087725, 0.0006184772937558591, -0.00022599418298341334, -0.0007615564973093569], [0.00026187702314928174, 0.0026596758980304003, 0.0019163868855684996, -0.0023905811831355095, -0.000568143732380122, 0.015561913140118122, -0.004584995564073324, -0.0038997686933726072, 0.00798049196600914, -0.005104714073240757, 0.0001696782564977184, 0.0035826130770146847, -0.0004596467479132116], [0.00022655914654023945, 0.0002793806488625705, 0.002638209844008088, 0.006797122769057751, -0.0032092654146254063, -0.004584995564073324, 0.014922921545803547, -0.0039289589039981365, -0.005866446997970343, 0.007411183789372444, -0.0016333626117557287, -0.0021170515101403, 0.0015250794822350144], [0.00023919405066408217, 0.0012934610713273287, 0.0021868920885026455, -0.0016914120642468333, 0.005887971259653568, -0.0038997686933726072, -0.0039289589039981365, 0.019133538007736206, -0.003470899537205696, -0.005055736750364304, 0.0060343313962221146, -0.0019706380553543568, -0.0007692895596846938], [0.00016385730123147368, 0.000503671879414469, 0.0006959909806028008, 0.002420054515823722, -0.004534650593996048, 0.00798049196600914, -0.005866446997970343, -0.003470899537205696, 0.02282552421092987, -0.009525444358587265, -0.004173537250608206, 0.003672255203127861, -0.0008624522597528994], [0.00010876982560148463, 0.0011537307873368263, 0.0029542651027441025, -0.000945302308537066, 0.0021702509839087725, -0.005104714073240757, 0.007411183789372444, -0.005055736750364304, -0.009525444358587265, 0.027981959283351898, -0.004892067983746529, -0.009181037545204163, 0.007867319509387016], [-0.0005080390837974846, 0.00019393759430386126, 0.00027172875707037747, 0.0027928149793297052, 0.0006184772937558591, 0.0001696782564977184, -0.0016333626117557287, 0.0060343313962221146, -0.004173537250608206, -0.004892067983746529, 0.024876590818166733, 0.0018631406128406525, -0.009488803334534168], [0.0007956512272357941, -0.0007156725041568279, 0.0032355531584471464, -0.0014612342929467559, -0.00022599418298341334, 0.0035826130770146847, -0.0021170515101403, -0.0019706380553543568, 0.003672255203127861, -0.009181037545204163, 0.0018631406128406525, 0.01730789802968502, -0.0033543657045811415], [-0.00011919395910808817, 0.001406020252034068, -0.00071064563235268, -0.0012877561384811997, -0.0007615564973093569, -0.0004596467479132116, 0.0015250794822350144, -0.0007692895596846938, -0.0008624522597528994, 0.007867319509387016, -0.009488803334534168, -0.0033543657045811415, 0.01976116932928562]], "metadata.audio_properties.analysis.downmix": "mix", "metadata.audio_properties.codec": "mp3", "metadata.audio_properties.md5_encoded": "6b230470cb6bb74f7339acfbde96ab3c", "metadata.tags.file_name": "1183672358242881556.mp3", "metadata.version.essentia": "2.1-beta6-dev", "metadata.version.essentia_git_sha": "v2.1_beta5-1110-g77a6a954", "metadata.version.extractor": "music 2.0", "tonal.chords_key": "E", "tonal.chords_scale": "minor", "tonal.key_edma.key": "A", "tonal.key_edma.scale": "minor", "tonal.key_krumhansl.key": "A", "tonal.key_krumhansl.scale": "minor", "tonal.key_temperley.key": "E", "tonal.key_temperley.scale": "major", "metadata.tags.encoding": ["Lavf58.45.100"]}, "essentia_models": [{"model_name": "genre_dortmund", "activations": {"alternative": "0.010118545", 