{"song_id": "1183708112465694750", "download": "https://cdn.discordapp.com/attachments/1135903449314238464/1183708112465694750/chirp.mp4?ex=65895116&amp", "lyrics": "\u041a\u0438\u043a\u0438, \u0441\u043e\u0431\u0430\u0447\u043a\u0430, \u043b\u043e\u0432\u0438\u0442 \u043c\u0443\u0445\u0443, \n\u0421 \u0442\u0440\u0443\u0434\u043e\u043c \u043a\u043e\u043d\u0442\u0440\u043e\u043b\u0438\u0440\u0443\u0435\u0442 \u0441\u0432\u043e\u044e \u043a\u0443\u043a\u0443\u0445\u0443. \n\u041c\u043e\u0436\u0435\u0442 \u043d\u0430\u0431\u0440\u043e\u0441\u0438\u0442\u044c\u0441\u044f \u043d\u0430 \u043f\u0430\u0443\u043a\u0430, \n\u0418 \u0438\u0437\u0434\u0435\u0432\u0430\u0442\u044c\u0441\u044f \u043d\u0430\u0434 \u043d\u0438\u043c \u0434\u043e \u0443\u0442\u0440\u0430.\n\n\u0412\u0434\u0440\u0443\u0433 \u043a\u043e\u0448\u043a\u0443 \u0432\u0438\u0434\u0438\u0442, \u043d\u0430\u0447\u0438\u043d\u0430\u0435\u0442 \u0433\u043e\u043d, \n\u0417\u0430\u0431\u044b\u0432\u0430\u0435\u0442 \u043f\u0440\u043e \u043c\u0443\u0445\u0443, \u0437\u0430\u0431\u044b\u0432\u0430\u0435\u0442 \u043f\u0440\u043e \u0441\u043e\u043d.\n\u041d\u0430\u0447\u0438\u043d\u0430\u0435\u0442 \u043b\u0430\u044f\u0442\u044c, \u043d\u0430\u0447\u0438\u043d\u0430\u0435\u0442 \u043e\u0440\u0430\u0442\u044c,\n\u0412\u0441\u0435\u043c\u0443 \u0413\u0440\u0438\u043d\u043b\u041e\u0442\u0443 \u0434\u0430\u043d\u0410 \u043a\u043e\u043c\u0430\u043d\u0434\u0430 \"\u043d\u0435 \u0441\u043f\u0430\u0442\u044c\".\n\n\u041d\u043e \u043d\u0430\u0441\u0442\u0443\u043f\u0430\u0435\u0442 \u043d\u043e\u0447\u044c, \u041a\u0438\u043a\u0438 \u0443\u0441\u0442\u0430\u043b\u0430,\n\u0414\u043e\u0448\u043b\u0430 \u0434\u043e \u043a\u041e\u0432\u0440\u0438\u043a\u0430 \u0438 \u0433\u0440\u043e\u043c\u043a\u043e \u0443\u043f\u0430\u043b\u0430.\n\u041f\u0443\u0437\u043e \u043a\u0432\u0415\u0440\u0445\u0443, \u043b\u0430\u043f\u043a\u0438 \u0432\u043f\u0435\u0440\u0435\u0434,\n\"\u041a\u0442\u043e \u043d\u0430 \u043a\u0440\u043e\u0432\u0430\u0442\u044c \u043c\u0435\u043d\u044f \u043a \u0441\u0435\u0431\u0435 \u0437\u0430\u0431\u0435\u0440\u0435\u0442?\"", "style": ["Hip hop</span><span>, rap"], "essentia_features": {"lowlevel.average_loudness": 0.9707966446876526, "lowlevel.barkbands_crest.mean": 12.790451049804688, "lowlevel.barkbands_crest.stdev": 5.763749122619629, "lowlevel.barkbands_flatness_db.mean": 0.21184204518795013, "lowlevel.barkbands_flatness_db.stdev": 0.08129462599754333, "lowlevel.barkbands_kurtosis.mean": 27.04991912841797, "lowlevel.barkbands_kurtosis.stdev": 89.84142303466797, "lowlevel.barkbands_skewness.mean": 2.8248071670532227, "lowlevel.barkbands_skewness.stdev": 3.6502797603607178, "lowlevel.barkbands_spread.mean": 15.641505241394043, "lowlevel.barkbands_spread.stdev": 14.431181907653809, "lowlevel.dissonance.mean": 0.44012242555618286, "lowlevel.dissonance.stdev": 0.05344293266534805, "lowlevel.dynamic_complexity": 2.785999298095703, "lowlevel.erbbands_crest.mean": 10.457674980163574, "lowlevel.erbbands_crest.stdev": 4.719883441925049, "lowlevel.erbbands_flatness_db.mean": 0.19433219730854034, "lowlevel.erbbands_flatness_db.stdev": 0.058384448289871216, "lowlevel.erbbands_kurtosis.mean": 1.6885267496109009, "lowlevel.erbbands_kurtosis.stdev": 3.293929100036621, "lowlevel.erbbands_skewness.mean": 0.6113881468772888, "lowlevel.erbbands_skewness.stdev": 1.0269501209259033, "lowlevel.erbbands_spread.mean": 35.6187744140625, "lowlevel.erbbands_spread.stdev": 23.627431869506836, "lowlevel.hfc.mean": 21.31830406188965, "lowlevel.hfc.stdev": 20.275527954101562, "lowlevel.loudness_ebu128.integrated": -13.92345905303955, "lowlevel.loudness_ebu128.loudness_range": 0.5821905136108398, "lowlevel.loudness_ebu128.momentary.mean": -14.160480499267578, "lowlevel.loudness_ebu128.momentary.stdev": 1.4784348011016846, "lowlevel.loudness_ebu128.short_term.mean": -13.88514232635498, "lowlevel.loudness_ebu128.short_term.stdev": 0.20856647193431854, "lowlevel.melbands_crest.mean": 20.757150650024414, "lowlevel.melbands_crest.stdev": 10.34715747833252, "lowlevel.melbands_flatness_db.mean": 0.25316449999809265, "lowlevel.melbands_flatness_db.stdev": 0.1147642433643341, "lowlevel.melbands_kurtosis.mean": 59.4361457824707, "lowlevel.melbands_kurtosis.stdev": 146.52320861816406, "lowlevel.melbands_skewness.mean": 4.2584404945373535, "lowlevel.melbands_skewness.stdev": 4.990906238555908, "lowlevel.melbands_spread.mean": 22.326841354370117, "lowlevel.melbands_spread.stdev": 31.45002555847168, "lowlevel.pitch_salience.mean": 0.46695685386657715, "lowlevel.pitch_salience.stdev": 0.22732318937778473, "lowlevel.silence_rate_20dB.mean": 1.0, "lowlevel.silence_rate_20dB.stdev": 0.0, "lowlevel.silence_rate_30dB.mean": 0.8847780227661133, "lowlevel.silence_rate_30dB.stdev": 0.31928884983062744, "lowlevel.silence_rate_60dB.mean": 0.09302325546741486, "lowlevel.silence_rate_60dB.stdev": 0.2904636859893799, "lowlevel.spectral_centroid.mean": 1370.88525390625, "lowlevel.spectral_centroid.stdev": 940.2576904296875, "lowlevel.spectral_complexity.mean": 11.769556045532227, "lowlevel.spectral_complexity.stdev": 8.473074913024902, "lowlevel.spectral_decrease.mean": -1.2144421468462951e-08, "lowlevel.spectral_decrease.stdev": 1.2327656229160766e-08, "lowlevel.spectral_energy.mean": 0.04776953533291817, "lowlevel.spectral_energy.stdev": 0.04687431827187538, "lowlevel.spectral_energyband_high.mean": 0.0009547200170345604, "lowlevel.spectral_energyband_high.stdev": 0.0019013731507584453, "lowlevel.spectral_energyband_low.mean": 0.028947725892066956, "lowlevel.spectral_energyband_low.stdev": 0.04455576837062836, "lowlevel.spectral_energyband_middle_high.mean": 0.0052053313702344894, "lowlevel.spectral_energyband_middle_high.stdev": 0.007213867735117674, "lowlevel.spectral_energyband_middle_low.mean": 0.012859674170613289, "lowlevel.spectral_energyband_middle_low.stdev": 0.017943022772669792, "lowlevel.spectral_entropy.mean": 7.534109592437744, "lowlevel.spectral_entropy.stdev": 0.5911610722541809, "lowlevel.spectral_flux.mean": 0.12247101962566376, "lowlevel.spectral_flux.stdev": 0.08217156678438187, "lowlevel.spectral_kurtosis.mean": 5.219762802124023, "lowlevel.spectral_kurtosis.stdev": 4.04306697845459, "lowlevel.spectral_rms.mean": 0.005956427659839392, "lowlevel.spectral_rms.stdev": 0.003335472196340561, "lowlevel.spectral_rolloff.mean": 1681.5947265625, "lowlevel.spectral_rolloff.stdev": 2421.0537109375, "lowlevel.spectral_skewness.mean": 1.7259430885314941, "lowlevel.spectral_skewness.stdev": 0.658044159412384, "lowlevel.spectral_spread.mean": 4964003.0, "lowlevel.spectral_spread.stdev": 1991213.0, "lowlevel.spectral_strongpeak.mean": 0.9308947324752808, "lowlevel.spectral_strongpeak.stdev": 1.0308247804641724, "lowlevel.zerocrossingrate.mean": 0.06126639246940613, "lowlevel.zerocrossingrate.stdev": 0.06570744514465332, "metadata.audio_properties.analysis.equal_loudness": 0.0, "metadata.audio_properties.analysis.length": 21.929615020751953, "metadata.audio_properties.analysis.sample_rate": 44100.0, "metadata.audio_properties.analysis.start_time": 0.0, "metadata.audio_properties.bit_rate": 119930.0, "metadata.audio_properties.length": 21.930665969848633, "metadata.audio_properties.lossless": 0.0, "metadata.audio_properties.number_channels": 1.0, "metadata.audio_properties.replay_gain": -12.704483032226562, "metadata.audio_properties.sample_rate": 48000.0, "rhythm.beats_count": 35.0, "rhythm.beats_loudness.mean": 0.04863865301012993, "rhythm.beats_loudness.stdev": 0.037047989666461945, "rhythm.bpm": 97.09612274169922, "rhythm.bpm_histogram_first_peak_bpm": 98.0, "rhythm.bpm_histogram_first_peak_weight": 0.3529411554336548, "rhythm.bpm_histogram_second_peak_bpm": 0.0, "rhythm.bpm_histogram_second_peak_spread": 0.0, "rhythm.bpm_histogram_second_peak_weight": 0.0, "rhythm.danceability": 1.913387417793274, "rhythm.onset_rate": 5.651041507720947, "tonal.chords_changes_rate": 0.15189872682094574, "tonal.chords_number_rate": 0.027426160871982574, "tonal.chords_strength.mean": 0.43221360445022583, "tonal.chords_strength.stdev": 0.08400300145149231, "tonal.hpcp_crest.mean": 13.531181335449219, "tonal.hpcp_crest.stdev": 6.300976276397705, "tonal.hpcp_entropy.mean": 2.0034775733947754, "tonal.hpcp_entropy.stdev": 0.7863456606864929, "tonal.key_edma.strength": 0.500729501247406, "tonal.key_krumhansl.strength": 0.5048573017120361, "tonal.key_temperley.strength": 0.5004851818084717, "tonal.tuning_diatonic_strength": 0.3666052222251892, "tonal.tuning_equal_tempered_deviation": 0.20553649961948395, "tonal.tuning_frequency": 434.193115234375, "tonal.tuning_nontempered_energy_ratio": 0.9081392884254456, "lowlevel.barkbands.mean": [0.005647177342325449, 0.021459300071001053, 0.0017844383837655187, 0.001253330148756504, 0.0010997778736054897, 0.0036137753631919622, 0.0021197565365582705, 0.0018074607942253351, 0.002703638980165124, 0.001095225685276091, 0.00089202233357355, 0.0012666984694078565, 0.000787699653301388, 0.0003711104509420693, 0.0002393178001511842, 0.00012739625526592135, 0.00022974018065724522, 0.00010003423085436225, 0.00017584406305104494, 7.723678572801873e-05, 6.304663111222908e-05, 0.00023094275093171746, 0.00030712317675352097, 0.0001676927786320448, 0.00011501210974529386, 3.4596432669786736e-05, 1.4276686499670177e-07], "lowlevel.barkbands.stdev": [0.008120803162455559, 0.03936970233917236, 0.009792948141694069, 0.006280727684497833, 0.005169773008674383, 0.008039062842726707, 0.005365629214793444, 0.004788820166140795, 0.005587676540017128, 0.0032082819379866123, 0.0022711658384650946, 0.0030478383414447308, 0.0018427236936986446, 0.0008213315159082413, 0.0007364738848991692, 0.00023437039635609835, 0.00033596414141356945, 0.00024406021111644804, 0.00028737797401845455, 0.0001824870123527944, 0.00018816230294760317, 0.0004991145106032491, 0.0006400244310498238, 0.000419602234615013, 0.00027175192371942103, 8.151789370458573e-05, 1.0057366353066755e-06], "lowlevel.erbbands.mean": [1.0991058349609375, 2.919133186340332, 2.497096300125122, 3.2400290966033936, 4.073793888092041, 3.195434808731079, 14.484972953796387, 34.01115417480469, 23.404176712036133, 43.53614807128906, 40.71905517578125, 65.24750518798828, 40.22939682006836, 30.63654899597168, 45.5871696472168, 47.519283294677734, 38.6800651550293, 23.101516723632812, 16.1239013671875, 9.149760246276855, 8.359027862548828, 13.202678680419922, 6.14520263671875, 7.261110782623291, 7.954139709472656, 3.755896806716919, 2.648813486099243, 3.111337423324585, 7.810703754425049, 10.422389030456543, 7.6624555587768555, 4.1356306076049805, 2.534043788909912, 1.5866491794586182, 0.6301169395446777, 0.24356622993946075, 0.046646006405353546, 0.0031103866640478373, 9.887042688205838e-05, 6.032804594724439e-05], "lowlevel.erbbands.stdev": [1.7132065296173096, 7.557644844055176, 11.217877388000488, 16.708175659179688, 20.375566482543945, 15.514888763427734, 32.94734573364258, 89.00782012939453, 62.70123291015625, 86.43519592285156, 103.07522583007812, 142.03219604492188, 89.63423156738281, 71.3973388671875, 108.07940673828125, 102.91211700439453, 83.73760223388672, 49.675350189208984, 39.67656326293945, 25.119070053100586, 12.872477531433105, 19.532848358154297, 13.303196907043457, 13.66621208190918, 13.727771759033203, 8.711540222167969, 8.056983947753906, 8.070626258850098, 17.018651962280273, 22.259824752807617, 16.255401611328125, 9.788640022277832, 6.656792640686035, 3.8679897785186768, 1.4581232070922852, 0.5720082521438599, 0.11484548449516296, 0.008189352229237556, 0.00017923853010870516, 5.198786675464362e-05], "lowlevel.gfcc.mean": [-41.55862808227539, 70.35458374023438, -131.47740173339844, 8.705232620239258, -75.6058349609375, 19.65492057800293, -38.536338806152344, 15.174938201904297, -17.90412139892578, 5.084273815155029, -7.485177040100098, 8.476805686950684, -12.186971664428711], "lowlevel.melbands.mean": [0.007894250564277172, 0.0020086695440113544, 0.00059758365387097, 0.0002415694616502151, 0.00043080473551526666, 0.0007211371557787061, 0.0003914371191058308, 0.00046893840772099793, 0.0003413913364056498, 0.0004093967145308852, 0.00019738658738788217, 0.00012716578203253448, 0.00014058993838261813, 0.00014006537094246596, 0.00010644803842296824, 7.652345084352419e-05, 3.8025678804842755e-05, 2.728027720877435e-05, 1.5877456462476403e-05, 8.840180271363351e-06, 9.997464076150209e-06, 1.5307023204513825e-05, 7.499081675632624e-06, 4.257748969394015e-06, 5.900616088183597e-06, 7.317138624785002e-06, 3.5969014788861386e-06, 2.2263861865212675e-06, 1.6803926428110572e-06, 1.4076198340262636e-06, 1.8999727444679593e-06, 4.1935263652703725e-06, 5.124423751112772e-06, 6.443608072004281e-06, 4.8487722779100295e-06, 3.122852604064974e-06, 2.312508740942576e-06, 1.8260731167174526e-06, 1.4904620684319525e-06, 1.3048456821707077e-06], "lowlevel.melbands.stdev": [0.01269511878490448, 0.006192842032760382, 0.0029630179051309824, 0.0012435443932190537, 0.000986423809081316, 0.0017817772459238768, 0.0010310712968930602, 0.0009507258073426783, 0.0008545847376808524, 0.0009161763009615242, 0.00046592080616392195, 0.0003343551652505994, 0.0003534046409185976, 0.0003479628649074584, 0.0002633340482134372, 0.00019534383318386972, 8.645691559650004e-05, 6.828704499639571e-05, 4.9233149184146896e-05, 2.0349874830571935e-05, 1.580305615789257e-05, 2.326235335203819e-05, 1.506519129179651e-05, 1.0601353096717503e-05, 1.161014643003e-05, 1.2640100067073945e-05, 6.931326424819417e-06, 5.838415745529346e-06, 5.140139819559408e-06, 4.5954197958053555e-06, 4.9628974920779e-06, 9.510664312983863e-06, 1.1405922123230994e-05, 1.3935904462414328e-05, 1.0451864000060596e-05, 7.2024695327854715e-06, 5.8754435485752765e-06, 5.010880613554036e-06, 3.894570454576751e-06, 3.2034142805059673e-06], "lowlevel.melbands128.mean": [0.005079901311546564, 0.01085362583398819, 0.008336290717124939, 0.003754100063815713, 0.0014756437158212066, 0.0008094265940599144, 0.0006417165277525783, 0.0006281735259108245, 0.00040649808943271637, 0.00020145325106568635, 0.0001372332772007212, 0.0001820450706873089, 0.00042200562893413007, 0.0008371920557692647, 0.0009872793452814221, 0.0005336477770470083, 0.00023032151511870325, 0.0003794355725403875, 0.0005644724587909877, 0.0005194272380322218, 0.0004233825020492077, 0.00031273395870812237, 0.00030955567490309477, 0.0003863978781737387, 0.00046959854080341756, 0.0004493562155403197, 0.00020658645371440798, 0.00014555892266798764, 0.0002186637866543606, 0.00015519977023359388, 7.121290400391445e-05, 0.00011422076931921765, 0.00014808858395554125, 0.00015590977272950113, 0.00016474163567181677, 0.00011888230801559985, 0.00012573934509418905, 0.0001276097318623215, 7.256183016579598e-05, 8.746012463234365e-05, 8.630708907730877e-05, 4.684838859247975e-05, 3.6767210985999554e-05, 3.4095897717634216e-05, 3.047553400392644e-05, 2.8467398806242272e-05, 2.0679424778791144e-05, 1.6310154023813084e-05, 1.446905571356183e-05, 1.0037976608145982e-05, 7.926201760710683e-06, 7.386708148260368e-06, 9.01372914086096e-06, 1.0295877473254222e-05, 1.4058127817406785e-05, 1.9741402866202407e-05, 1.2591070117196068e-05, 8.083481588982977e-06, 6.221057901711902e-06, 4.855802671954734e-06, 3.524337671478861e-06, 4.342084594100015e-06, 4.938794063491514e-06, 6.2094868553685956e-06, 7.704370545980055e-06, 8.475081813230645e-06, 6.699426194245461e-06, 3.932753315893933e-06, 3.117377900707652e-06, 2.6490524760447443e-06, 2.1963301151117776e-06, 2.077926637866767e-06, 1.7864600749817328e-06, 1.675779230936314e-06, 1.4170409485814162e-06, 1.5755535969219636e-06, 1.257010239896772e-06, 1.269015456273337e-06, 1.7905861113831634e-06, 2.5184592686855467e-06, 4.21579898102209e-06, 4.8801703087519854e-06, 4.487193109525833e-06, 5.557734311878448e-06, 5.0703747547231615e-06, 5.530359885597136e-06, 7.0639698606100865e-06, 8.079285180428997e-06, 3.7994068406987935e-06, 3.496166755212471e-06, 3.964415100199403e-06, 2.685113940970041e-06, 2.4745907012402313e-06, 2.3754571429890348e-06, 2.216405164290336e-06, 1.868264462245861e-06, 1.802489350666292e-06, 1.6323550653396524e-06, 1.502700229139009e-06, 1.3790699995297473e-06, 1.4522930769089726e-06, 1.3432301102511701e-06, 1.1108814987892401e-06, 7.535190889029764e-07, 5.59407794753497e-07, 6.37112975709897e-07, 6.530793257297773e-07, 4.833793809666531e-07, 4.286355022031785e-07, 3.2785339953989023e-07, 2.492434987289016e-07, 1.6860121831996366e-07, 1.3591090919362614e-07, 7.531809842475923e-08, 5.6381555424422913e-08, 2.0825337898600083e-08, 5.539802838683272e-09, 1.4607300091729059e-10, 7.470139957999056e-12, 6.8072453056344795e-12, 6.5579481949018525e-12, 6.340504076635112e-12, 6.19807720772525e-12, 6.084177432696958e-12, 5.953702808536576e-12, 5.8017761601913964e-12, 5.709388690988693e-12, 5.671527050082892e-12], "lowlevel.melbands128.stdev": [0.007147898897528648, 0.01605077274143696, 0.018292004242539406, 0.011294548399746418, 0.006747827399522066, 0.00453996891155839, 0.0035573116037994623, 0.0030141181778162718, 0.0020754197612404823, 0.0011805803515017033, 0.000793355458881706, 0.0007845957879908383, 0.0012629242846742272, 0.0019291118951514363, 0.0028773462399840355, 0.0019417607691138983, 0.0008398898644372821, 0.001582375611178577, 0.0016672853380441666, 0.0011633251560851932, 0.001312144217081368, 0.001101108966395259, 0.0011983448639512062, 0.0011822597589343786, 0.001222221297211945, 0.00143613968975842, 0.0006554859573952854, 0.0005232110852375627, 0.0008609407232142985, 0.0005921057309024036, 0.00017545971786603332, 0.0003883978060912341, 0.0005323091754689813, 0.0004958871868439019, 0.0006090127862989902, 0.0003578726900741458, 0.0003619472263380885, 0.0004584341950248927, 0.00022547456319443882, 0.00026216451078653336, 0.00029283075127750635, 0.00014233279216568917, 0.00011851321323774755, 9.885252802632749e-05, 9.223806409863755e-05, 0.00010297468543285504, 7.246595487231389e-05, 5.790742943645455e-05, 5.8365327276987955e-05, 3.3620955946389586e-05, 2.0265310013201088e-05, 1.6470226910314523e-05, 1.584449637448415e-05, 2.0351142666186206e-05, 2.6114903448615223e-05, 3.5108892916468903e-05, 2.455141475365963e-05, 1.7325204680673778e-05, 1.713374695100356e-05, 1.3786273484583944e-05, 9.238563507096842e-06, 1.3158616638975218e-05, 1.323776723438641e-05, 1.2804375728592277e-05, 1.36149637910421e-05, 1.642890492803417e-05, 1.4728246242157184e-05, 8.197658644348849e-06, 7.276697942870669e-06, 6.5987837842840236e-06, 6.604413101740647e-06, 5.9760131989605725e-06, 5.723880803998327e-06, 5.820473688800121e-06, 4.934812750434503e-06, 5.9511403378564864e-06, 4.01543047701125e-06, 3.98340444007772e-06, 5.0859111979661975e-06, 6.989908342802664e-06, 1.0645811016729567e-05, 1.176805017166771e-05, 1.0674057193682529e-05, 1.3086019862385001e-05, 1.2530694220913574e-05, 1.408075331710279e-05, 1.6220616089412943e-05, 1.9248773241997696e-05, 8.702428203832824e-06, 8.890967365005054e-06, 9.802439308259636e-06, 6.569246124854544e-06, 6.52219250696362e-06, 6.5107274167530704e-06, 6.615903657802846e-06, 5.743983365391614e-06, 5.1347801672818605e-06, 4.827551492780913e-06, 4.439480562723475e-06, 3.8013185985619202e-06, 3.6225392250344157e-06, 3.517546701914398e-06, 2.92131971946219e-06, 2.0352465526229935e-06, 1.4380302673089318e-06, 1.556386905576801e-06, 1.5558520090053207e-06, 1.2129492006351938e-06, 1.1190559234819375e-06, 8.373667697014753e-07, 6.744671168235072e-07, 4.721562163467752e-07, 4.2174718828391633e-07, 2.2702060675783287e-07, 1.8869623374939692e-07, 8.031587839241183e-08, 3.1107408204889e-08, 1.7976625743543195e-09, 1.7546981229132896e-11, 1.1934555774195665e-11, 1.0976747288893307e-11, 1.0527734066456684e-11, 1.0330178552842018e-11, 1.0135652733778144e-11, 9.89494337161334e-12, 9.659257768634966e-12, 9.545218782047726e-12, 9.491330464628245e-12], "lowlevel.mfcc.mean": [-681.2811889648438, 109.71910858154297, -5.865815162658691, -6.43657922744751, -10.10859489440918, -2.188157320022583, -7.287574291229248, 9.639650344848633, -6.8370161056518555, -2.3606793880462646, 11.609061241149902, -5.324001312255859, 11.957649230957031], "lowlevel.spectral_contrast_coeffs.mean": [-0.6654523611068726, -0.7155019044876099, -0.7676690816879272, -0.8064661622047424, -0.7793077230453491, -0.7593727111816406], "lowlevel.spectral_contrast_coeffs.stdev": [0.11454402655363083, 0.10496703535318375, 0.07796619832515717, 0.05040717124938965, 0.05140644684433937, 0.04825755953788757], "lowlevel.spectral_contrast_valleys.mean": [-8.212268829345703, -7.050193786621094, -7.290970325469971, -7.816035747528076, -8.155736923217773, -10.516587257385254], "lowlevel.spectral_contrast_valleys.stdev": [1.4086557626724243, 0.8726255893707275, 0.7483220100402832, 0.6965255737304688, 0.7598416805267334, 1.2528603076934814], "rhythm.beats_loudness_band_ratio.mean": [0.2746831476688385, 0.09438184648752213, 0.17328086495399475, 0.2328415960073471, 0.0848267525434494, 0.15684154629707336], "rhythm.beats_loudness_band_ratio.stdev": [0.31501948833465576, 0.13682149350643158, 0.14478249847888947, 0.19499091804027557, 0.07851359993219376, 0.16433873772621155], "tonal.hpcp.mean": [0.08633456379175186, 0.08323404937982559, 0.07244272530078888, 0.06788425147533417, 0.06657810509204865, 0.07465863972902298, 0.15466706454753876, 0.1673807054758072, 0.1113467887043953, 0.17696793377399445, 0.2023446410894394, 0.13136345148086548, 0.10241162776947021, 0.09147096425294876, 0.07348555326461792, 0.08886215090751648, 0.10032342374324799, 0.10906830430030823, 0.14235232770442963, 0.15462906658649445, 0.14482885599136353, 0.13238605856895447, 0.13591967523097992, 0.1868012696504593, 0.21038204431533813, 0.16831393539905548, 0.11414851993322372, 0.11090175807476044, 0.10926347225904465, 0.0718749612569809, 0.07093646377325058, 0.0836535170674324, 0.07979705184698105, 0.07736130058765411, 0.07926758378744125, 0.08001836389303207], "tonal.hpcp.stdev": [0.18642699718475342, 0.20139460265636444, 0.18366804718971252, 0.17073190212249756, 0.15124398469924927, 0.1625009924173355, 0.26830461621284485, 0.2998338043689728, 0.19497954845428467, 0.31024500727653503, 0.3185060918331146, 0.25002047419548035, 0.20980200171470642, 0.19600242376327515, 0.17229756712913513, 0.19841761887073517, 0.20564085245132446, 0.21420583128929138, 0.24961349368095398, 0.2720431387424469, 0.26334699988365173, 0.2599548101425171, 0.2475535273551941, 0.304005891084671, 0.31861329078674316, 0.2867394685745239, 0.2296902984380722, 0.2114797830581665, 0.21980451047420502, 0.15222862362861633, 0.1689824014902115, 0.19480536878108978, 0.17846326529979706, 0.16338005661964417, 0.17598064243793488, 0.17709670960903168], "rhythm.beats_position": [0.6617686748504639, 1.300317406654358, 1.9272562265396118, 2.5425848960876465, 3.1579136848449707, 3.773242473602295, 4.388571262359619, 5.015510082244873, 5.642448902130127, 6.257777690887451, 6.873106479644775, 7.4884352684021, 8.103763580322266, 8.71909236907959, 9.334421157836914, 9.938140869140625, 10.565078735351562, 11.180407524108887, 11.795736312866211, 12.422675132751465, 13.038003921508789, 13.653332710266113, 14.280271530151367, 14.883990287780762, 15.510929107666016, 16.126258850097656, 16.741586685180664, 17.345306396484375, 17.972244262695312, 18.575963973999023, 19.20290184020996, 19.806621551513672, 20.43355941772461, 21.04888916015625, 21.675827026367188], "rhythm.bpm_histogram": [0.0, 0.0, 0.0, 0.0, 0.0, 0.0, 0.0, 0.0, 0.0, 0.0, 0.0, 0.0, 0.0, 0.0, 0.0, 0.0, 0.0, 0.0, 0.0, 0.0, 0.0, 0.0, 0.0, 0.0, 0.0, 0.0, 0.0, 0.0, 0.0, 0.0, 0.0, 0.0, 0.0, 0.0, 0.0, 0.0, 0.0, 0.0, 0.0, 0.0, 0.0, 0.0, 0.0, 0.0, 0.0, 0.0, 0.0, 0.0, 0.0, 0.0, 0.0, 0.0, 0.0, 0.0, 0.0, 0.0, 0.0, 0.0, 0.0, 0.0, 0.0, 0.0, 0.0, 0.0, 0.0, 0.0, 0.0, 0.0, 0.0, 0.0, 0.0, 0.0, 0.0, 0.0, 0.0, 0.0, 0.0, 0.0, 0.0, 0.0, 0.0, 0.0, 0.0, 0.0, 0.0, 0.0, 0.0, 0.0, 0.0, 0.0, 0.0, 0.0, 0.0, 0.0, 0.029411764815449715, 0.0, 0.3235294222831726, 0.0, 0.5, 0.14705882966518402, 0.0, 0.0, 0.0, 0.0, 0.0, 0.0, 0.0, 0.0, 0.0, 0.0, 0.0, 0.0, 0.0, 0.0, 0.0, 0.0, 0.0, 0.0, 0.0, 0.0, 0.0, 0.0, 0.0, 0.0, 0.0, 0.0, 0.0, 0.0, 0.0, 0.0, 0.0, 0.0, 0.0, 0.0, 0.0, 0.0, 0.0, 0.0, 0.0, 0.0, 0.0, 0.0, 0.0, 0.0, 0.0, 0.0, 0.0, 0.0, 0.0, 0.0, 0.0, 0.0, 0.0, 0.0, 0.0, 0.0, 0.0, 0.0, 0.0, 0.0, 0.0, 0.0, 0.0, 0.0, 0.0, 0.0, 0.0, 0.0, 0.0, 0.0, 0.0, 0.0, 0.0, 0.0, 0.0, 0.0, 0.0, 0.0, 0.0, 0.0, 0.0, 0.0, 0.0, 0.0, 0.0, 0.0, 0.0, 0.0, 0.0, 0.0, 0.0, 0.0, 0.0, 0.0, 0.0, 0.0, 0.0, 0.0, 0.0, 0.0, 0.0, 0.0, 0.0, 0.0, 0.0, 0.0, 0.0, 0.0, 0.0, 0.0, 0.0, 0.0, 0.0, 0.0, 0.0, 0.0, 0.0, 0.0, 0.0, 0.0, 0.0, 0.0, 0.0, 0.0, 0.0, 0.0, 0.0, 0.0, 0.0, 0.0, 0.0, 0.0, 0.0, 0.0, 0.0, 0.0, 0.0, 0.0, 0.0, 0.0, 0.0, 0.0, 0.0, 0.0, 0.0, 0.0, 0.0, 0.0, 0.0, 0.0], "tonal.chords_histogram": [21.51898765563965, 1.4767932891845703, 2.1097047328948975, 0.0, 0.0, 0.0, 0.2109704613685608, 0.6329113841056824, 0.6329113841056824, 8.43881893157959, 6.751054763793945, 2.9535865783691406, 4.641350269317627, 2.9535865783691406, 0.0, 0.0, 3.1645569801330566, 6.540084362030029, 10.759493827819824, 25.316455841064453, 1.898734211921692, 0.0, 0.0, 0.0], "tonal.thpcp": [1.0, 0.8000394701957703, 0.5425772666931152, 0.5271446108818054, 0.5193573832511902, 0.3416401743888855, 0.3371792733669281, 0.39762669801712036, 0.3792959153652191, 0.3677181601524353, 0.3767792284488678, 0.38034787774086, 0.410370409488678, 0.39563286304473877, 0.34433892369270325, 0.3226713240146637, 0.3164628744125366, 0.3548717200756073, 0.7351723909378052, 0.7956035733222961, 0.5292599201202393, 0.8411741256713867, 0.9617961645126343, 0.6244043111801147, 0.486788809299469, 0.43478503823280334, 0.3492957353591919, 0.42238467931747437, 0.4768630564212799, 0.518429696559906, 0.6766372323036194, 0.734991729259491, 0.6884088516235352, 0.6292650103569031, 0.6460611820220947, 0.8879145383834839], "lowlevel.gfcc.cov": [[5513.7021484375, 25.63745880126953, 627.974609375, 204.93272399902344, -182.62306213378906, 320.64117431640625, 70.54325103759766, 139.26515197753906, 149.82632446289062, 96.21823120117188, 40.91388702392578, 243.79190063476562, -120.65464782714844], [25.63745880126953, 2842.720947265625, 682.2803344726562, 150.85385131835938, 744.0281982421875, -247.92767333984375, 474.87457275390625, 13.480952262878418, 273.5596618652344, -116.37535858154297, 165.58729553222656, -8.481959342956543, 183.09402465820312], [627.974609375, 682.2803344726562, 1592.692626953125, 885.7838134765625, 641.8795776367188, 532.9915161132812, 456.4485778808594, 229.62301635742188, 317.6268005371094, 89.07525634765625, 244.55215454101562, 196.11863708496094, 189.1791534423828], [204.93272399902344, 150.85385131835938, 885.7838134765625, 931.1564331054688, 510.6801452636719, 412.4479064941406, 238.4830780029297, 145.03713989257812, 286.50439453125, 89.62242126464844, 228.6174774169922, 108.12696075439453, 192.91468811035156], [-182.62306213378906, 744.0281982421875, 641.8795776367188, 510.6801452636719, 1078.736328125, 428.309814453125, 618.3483276367188, 335.67401123046875, 337.45184326171875, 242.1495361328125, 184.25660705566406, 83.7416763305664, 209.2776641845703], [320.64117431640625, -247.92767333984375, 532.9915161132812, 412.4479064941406, 428.309814453125, 758.5914916992188, 533.6177978515625, 324.38067626953125, 290.0660705566406, 143.7509307861328, 142.4934844970703, 101.98217010498047, 80.20658111572266], [70.54325103759766, 474.87457275390625, 456.4485778808594, 238.4830780029297, 618.3483276367188, 533.6177978515625, 885.8241577148438, 442.4363098144531, 349.40118408203125, 156.88906860351562, 171.27972412109375, 136.81301879882812, 139.6356964111328], [139.26515197753906, 13.480952262878418, 229.62301635742188, 145.03713989257812, 335.67401123046875, 324.38067626953125, 442.4363098144531, 376.9862060546875, 255.3245086669922, 176.47225952148438, 103.65332794189453, 78.222900390625, 75.50299835205078], [149.82632446289062, 273.5596618652344, 317.6268005371094, 286.50439453125, 337.45184326171875, 290.0660705566406, 349.40118408203125, 255.3245086669922, 400.2533264160156, 160.52357482910156, 174.2246856689453, 68.05472564697266, 126.1496353149414], [96.21823120117188, -116.37535858154297, 89.07525634765625, 89.62242126464844, 242.1495361328125, 143.7509307861328, 156.88906860351562, 176.47225952148438, 160.52357482910156, 261.7210693359375, 100.74617004394531, 63.31489562988281, 61.1207275390625], [40.91388702392578, 165.58729553222656, 244.55215454101562, 228.6174774169922, 184.25660705566406, 142.4934844970703, 171.27972412109375, 103.65332794189453, 174.2246856689453, 100.74617004394531, 214.0327911376953, 87.02711486816406, 97.45263671875], [243.79190063476562, -8.481959342956543, 196.11863708496094, 108.12696075439453, 83.7416763305664, 101.98217010498047, 136.81301879882812, 78.222900390625, 68.05472564697266, 63.31489562988281, 87.02711486816406, 165.55709838867188, 70.02359008789062], [-120.65464782714844, 183.09402465820312, 189.1791534423828, 192.91468811035156, 209.2776641845703, 80.20658111572266, 139.6356964111328, 75.50299835205078, 126.1496353149414, 61.1207275390625, 97.45263671875, 70.02359008789062, 161.25575256347656]], "lowlevel.gfcc.icov": [[0.00024949066573753953, -0.00015887331392150372, -1.1950583029829431e-05, -0.00012615245941560715, 0.00023188124760054052, -0.00023675280681345612, 0.00018348632147535682, -0.00015330887981690466, -3.9167618524516e-05, -0.0002638349251355976, 0.00027957683778367937, -0.0005562400328926742, 0.00046494603157043457], [-0.00015887331392150372, 0.0015305213164538145, -0.0009058978757821023, 0.0011182952439412475, -0.0013760615838691592, 0.0019328418420627713, -0.0011678241426125169, 0.0013655254151672125, -0.0015160944312810898, 0.0017964139115065336, -0.0010840116301551461, 0.001091868500225246, -0.0002492676139809191], [-1.1950583029829431e-05, -0.0009058978757821023, 0.002201705938205123, -0.0019471049308776855, 0.0004324426699895412, -0.0012428361224010587, 0.0004645813605748117, -0.0007399501628242433, 0.0009072763496078551, -0.0005149058415554464, 0.0005923181888647377, -0.0015870428178459406, 0.000583771790843457], [-0.00012615245941560715, 0.0011182952439412475, -0.0019471049308776855, 0.0045452481135725975, -0.0018981082830578089, 0.00011350480053806677, 0.0008187046623788774, 0.0009366446756757796, -0.0017578440019860864, 0.0023444390390068293, -0.0023209918290376663, 0.0011969773331657052, -0.0018886261386796832], [0.00023188124760054052, -0.0013760615838691592, 0.0004324426699895412, -0.0018981082830578089, 0.003988534677773714, -0.0014088575262576342, -0.0008119505946524441, -0.0007241987041197717, 0.001695725368335843, -0.0036953729577362537, 0.0017382442019879818, 0.00044896602048538625, -0.0011053932830691338], [-0.00023675280681345612, 0.0019328418420627713, -0.0012428361224010587, 0.00011350480053806677, -0.0014088575262576342, 0.005736690945923328, -0.0030634694267064333, 0.0010768825886771083, -0.0021723781246691942, 0.001696674502454698, -0.0008857015054672956, 0.0012894218089058995, 0.001105792704038322], [0.00018348632147535682, -0.0011678241426125169, 0.0004645813605748117, 0.0008187046623788774, -0.0008119505946524441, -0.0030634694267064333, 0.006134099792689085, -0.004808828700333834, 0.0004206885350868106, 0.0014745333464816213, -0.00036524576717056334, -0.002384940627962351, -0.00017544747970532626], [-0.00015330887981690466, 0.0013655254151672125, -0.0007399501628242433, 0.0009366446756757796, -0.0007241987041197717, 0.0010768825886771083, -0.004808828700333834, 0.011345375329256058, -0.0038473065942525864, -0.002324046567082405, 0.0008120913989841938, 0.000744776742067188, 0.00041502309613861144], [-3.9167618524516e-05, -0.0015160944312810898, 0.0009072763496078551, -0.0017578440019860864, 0.001695725368335843, -0.0021723781246691942, 0.0004206885350868106, -0.0038473065942525864, 0.008694528602063656, -0.0028804403264075518, -0.001743445871397853, 0.0013821988832205534, -0.0022089153062552214], [-0.0002638349251355976, 0.0017964139115065336, -0.0005149058415554464, 0.0023444390390068293, -0.0036953729577362537, 0.001696674502454698, 0.0014745333464816213, -0.002324046567082405, -0.0028804403264075518, 0.010582118295133114, -0.003637030953541398, -0.0007217111997306347, 7.932441076263785e-05], [0.00027957683778367937, -0.0010840116301551461, 0.0005923181888647377, -0.0023209918290376663, 0.0017382442019879818, -0.0008857015054672956, -0.00036524576717056334, 0.0008120913989841938, -0.001743445871397853, -0.003637030953541398, 0.01119273528456688, -0.003476768499240279, -0.0008695243741385639], [-0.0005562400328926742, 0.001091868500225246, -0.0015870428178459406, 0.0011969773331657052, 0.00044896602048538625, 0.0012894218089058995, -0.002384940627962351, 0.000744776742067188, 0.0013821988832205534, -0.0007217111997306347, -0.003476768499240279, 0.012139327824115753, -0.00471156369894743], [0.00046494603157043457, -0.0002492676139809191, 0.000583771790843457, -0.0018886261386796832, -0.0011053932830691338, 0.001105792704038322, -0.00017544747970532626, 0.00041502309613861144, -0.0022089153062552214, 7.932441076263785e-05, -0.0008695243741385639, -0.00471156369894743, 0.013518355786800385]], "lowlevel.mfcc.cov": [[4881.81396484375, -431.9618835449219, 506.3287658691406, -191.08705139160156, -113.26593780517578, 37.52313232421875, -177.32119750976562, 137.9871063232422, -94.1651611328125, -25.691673278808594, 24.54741859436035, 134.10964965820312, 17.834007263183594], [-431.9618835449219, 2820.91015625, -58.589168548583984, 531.96484375, 127.19931030273438, 28.8610897064209, 183.91981506347656, 165.72784423828125, 247.74716186523438, -57.46403503417969, 207.94873046875, -114.58736419677734, 215.13851928710938], [506.3287658691406, -58.589168548583984, 1281.6717529296875, 413.4848327636719, 370.0148620605469, 351.8035583496094, 145.8219757080078, 326.637939453125, 28.91211700439453, 155.10012817382812, -57.17827606201172, 202.53524780273438, 65.26608276367188], [-191.08705139160156, 531.96484375, 413.4848327636719, 696.6318359375, 438.1907043457031, 254.3551483154297, 189.155029296875, 159.1734619140625, 145.36398315429688, 142.78111267089844, 38.641693115234375, 75.51876068115234, 135.96002197265625], [-113.26593780517578, 127.19931030273438, 370.0148620605469, 438.1907043457031, 612.3803100585938, 342.8824462890625, 190.51316833496094, 132.12986755371094, 130.52584838867188, 242.8892059326172, 37.255592346191406, 134.59109497070312, 69.70570373535156], [37.52313232421875, 28.8610897064209, 351.8035583496094, 254.3551483154297, 342.8824462890625, 488.79931640625, 346.9161071777344, 311.56878662109375, 244.6178436279297, 236.15501403808594, 127.65218353271484, 199.46340942382812, 82.84927368164062], [-177.32119750976562, 183.91981506347656, 145.8219757080078, 189.155029296875, 190.51316833496094, 346.9161071777344, 517.2864379882812, 343.49658203125, 316.49969482421875, 222.7730255126953, 183.5566864013672, 195.44732666015625, 98.74221801757812], [137.9871063232422, 165.72784423828125, 326.637939453125, 159.1734619140625, 132.12986755371094, 311.56878662109375, 343.49658203125, 480.5918273925781, 297.0509338378906, 210.3292999267578, 172.47055053710938, 188.24142456054688, 113.21111297607422], [-94.1651611328125, 247.74716186523438, 28.91211700439453, 145.36398315429688, 130.52584838867188, 244.6178436279297, 316.49969482421875, 297.0509338378906, 410.9342346191406, 251.46873474121094, 216.80838012695312, 145.63670349121094, 116.23697662353516], [-25.691673278808594, -57.46403503417969, 155.10012817382812, 142.78111267089844, 242.8892059326172, 236.15501403808594, 222.7730255126953, 210.3292999267578, 251.46873474121094, 364.6359558105469, 162.24197387695312, 182.62152099609375, 80.54473114013672], [24.54741859436035, 207.94873046875, -57.17827606201172, 38.641693115234375, 37.255592346191406, 127.65218353271484, 183.5566864013672, 172.47055053710938, 216.80838012695312, 162.24197387695312, 261.69384765625, 125.26335144042969, 104.3643569946289], [134.10964965820312, -114.58736419677734, 202.53524780273438, 75.51876068115234, 134.59109497070312, 199.46340942382812, 195.44732666015625, 188.24142456054688, 145.63670349121094, 182.62152099609375, 125.26335144042969, 258.9112548828125, 91.87691497802734], [17.834007263183594, 215.13851928710938, 65.26608276367188, 135.96002197265625, 69.70570373535156, 82.84927368164062, 98.74221801757812, 113.21111297607422, 116.23697662353516, 80.54473114013672, 104.3643569946289, 91.87691497802734, 173.6498565673828]], "lowlevel.mfcc.icov": [[0.0002380974474363029, 1.588654049555771e-05, -0.00010947013652184978, 8.885080751497298e-05, 3.0058485208428465e-05, -6.522380135720596e-05, 0.00022238057863432914, -0.00010729492350947112, 2.46206545853056e-05, 8.48937124828808e-05, -0.00014133976947050542, -0.0001088985227397643, -2.3298978703678586e-05], [1.588654049555771e-05, 0.0005855550989508629, 9.200311978929676e-07, -0.00043075269786641, -0.00011998014815617353, 0.00029220536816865206, -0.00011451716272858903, -0.00014578730042558163, -0.00025245751021429896, 0.0005368601414375007, -0.0006231698207557201, 0.0005907908198423684, -0.0003393416991457343], [-0.00010947013652184978, 9.200311978929676e-07, 0.0017755634617060423, -0.0008371064905077219, -2.208400474046357e-06, -0.0005978865665383637, 0.0006228659185580909, -0.001511581358499825, 0.0009897256968542933, -0.0002999326679855585, 0.0011034323833882809, -0.0009602741338312626, 0.00023714173585176468], [8.885080751497298e-05, -0.00043075269786641, -0.0008371064905077219, 0.004084558226168156, -0.0024387019220739603, 0.0003300547832623124, -0.0005711129051633179, 0.00031477693119086325, -0.0006292432663030922, 0.0004467438266146928, 0.0005249149980954826, 0.0009437345433980227, -0.0020186775363981724], [3.0058485208428465e-05, -0.00011998014815617353, -2.208400474046357e-06, -0.0024387019220739603, 0.005614841356873512, -0.0031205283012241125, 0.00040971601265482605, 0.0013753012754023075, 0.0009185977978631854, -0.0028100113850086927, 0.0009366078884340823, -0.00033135697594843805, 0.00046202121302485466], [-6.522380135720596e-05, 0.00029220536816865206, -0.0005978865665383637, 0.0003300547832623124, -0.0031205283012241125, 0.0076039498671889305, -0.0024080458097159863, -0.0015757069922983646, -0.0009136463049799204, 0.0008282031631097198, -0.0005862650577910244, -0.0007384211057797074, 0.0006027495837770402], [0.00022238057863432914, -0.00011451716272858903, 0.0006228659185580909, -0.0005711129051633179, 0.00040971601265482605, -0.0024080458097159863, 0.006126747000962496, -0.0018437160179018974, -0.0016523818485438824, 0.0004356001445557922, -9.351837798021734e-05, -0.001796997501514852, 0.0009456881671212614], [-0.00010729492350947112, -0.00014578730042558163, -0.001511581358499825, 0.00031477693119086325, 0.0013753012754023075, -0.0015757069922983646, -0.0018437160179018974, 0.007080635521560907, -0.002508347388356924, -0.00018104849732480943, -0.0005115651292726398, -0.0001367118238704279, -0.0007120264926925302], [2.46206545853056e-05, -0.00025245751021429896, 0.0009897256968542933, -0.0006292432663030922, 0.0009185977978631854, -0.0009136463049799204, -0.0016523818485438824, -0.002508347388356924, 0.0091329924762249, -0.0036617687437683344, -0.00192607834469527, 0.0012619696790352464, -0.0008520622504875064], [8.48937124828808e-05, 0.0005368601414375007, -0.0002999326679855585, 0.0004467438266146928, -0.0028100113850086927, 0.0008282031631097198, 0.0004356001445557922, -0.00018104849732480943, -0.0036617687437683344, 0.008349666371941566, -0.0021662141662091017, -0.002100893761962652, 0.0006839953130111098], [-0.00014133976947050542, -0.0006231698207557201, 0.0011034323833882809, 0.0005249149980954826, 0.0009366078884340823, -0.0005862650577910244, -9.351837798021734e-05, -0.0005115651292726398, -0.00192607834469527, -0.0021662141662091017, 0.009948108345270157, -0.002209649421274662, -0.0022644151467829943], [-0.0001088985227397643, 0.0005907908198423684, -0.0009602741338312626, 0.0009437345433980227, -0.00033135697594843805, -0.0007384211057797074, -0.001796997501514852, -0.