{"song_id": "1183717577051095050", "download": "https://cdn.discordapp.com/attachments/1135903449314238464/1183717577051095050/chirp.mp4?ex=658959e6&amp", "lyrics": "[Verse]\nKate, oh Kate, you light up my days\nWith your smile that never fades away\nYour kindness and grace, brighter than the sun\nIn my heart, you are the only one\n[Chorus]\nKate is the sweetest thing in my life\nHer love makes everything feel right\nWith her by my side, I'll never fall\nKate, forever you have my all", "style": ["random"], "essentia_features": {"lowlevel.average_loudness": 0.9809467196464539, "lowlevel.barkbands_crest.mean": 13.724708557128906, "lowlevel.barkbands_crest.stdev": 3.9966747760772705, "lowlevel.barkbands_flatness_db.mean": 0.16979186236858368, "lowlevel.barkbands_flatness_db.stdev": 0.04600183665752411, "lowlevel.barkbands_kurtosis.mean": 13.576519012451172, "lowlevel.barkbands_kurtosis.stdev": 16.673086166381836, "lowlevel.barkbands_skewness.mean": 3.075201988220215, "lowlevel.barkbands_skewness.stdev": 1.5549023151397705, "lowlevel.barkbands_spread.mean": 15.38077163696289, "lowlevel.barkbands_spread.stdev": 9.319974899291992, "lowlevel.dissonance.mean": 0.46621158719062805, "lowlevel.dissonance.stdev": 0.02482791244983673, "lowlevel.dynamic_complexity": 1.4152010679244995, "lowlevel.erbbands_crest.mean": 8.608807563781738, "lowlevel.erbbands_crest.stdev": 3.740745782852173, "lowlevel.erbbands_flatness_db.mean": 0.13240765035152435, "lowlevel.erbbands_flatness_db.stdev": 0.032041966915130615, "lowlevel.erbbands_kurtosis.mean": -0.22742603719234467, "lowlevel.erbbands_kurtosis.stdev": 1.2143694162368774, "lowlevel.erbbands_skewness.mean": 0.14585471153259277, "lowlevel.erbbands_skewness.stdev": 0.6379086375236511, "lowlevel.erbbands_spread.mean": 55.889503479003906, "lowlevel.erbbands_spread.stdev": 24.004695892333984, "lowlevel.hfc.mean": 20.04313087463379, "lowlevel.hfc.stdev": 12.542282104492188, "lowlevel.loudness_ebu128.integrated": -13.648392677307129, "lowlevel.loudness_ebu128.loudness_range": 1.6890850067138672, "lowlevel.loudness_ebu128.momentary.mean": -13.740489959716797, "lowlevel.loudness_ebu128.momentary.stdev": 0.9006312489509583, "lowlevel.loudness_ebu128.short_term.mean": -13.722209930419922, "lowlevel.loudness_ebu128.short_term.stdev": 0.6869316101074219, "lowlevel.melbands_crest.mean": 20.721927642822266, "lowlevel.melbands_crest.stdev": 3.374530553817749, "lowlevel.melbands_flatness_db.mean": 0.2566802203655243, "lowlevel.melbands_flatness_db.stdev": 0.05494992062449455, "lowlevel.melbands_kurtosis.mean": 43.682125091552734, "lowlevel.melbands_kurtosis.stdev": 42.304019927978516, "lowlevel.melbands_skewness.mean": 5.173875331878662, "lowlevel.melbands_skewness.stdev": 2.3808302879333496, "lowlevel.melbands_spread.mean": 10.93998908996582, "lowlevel.melbands_spread.stdev": 7.865159511566162, "lowlevel.pitch_salience.mean": 0.3980318009853363, "lowlevel.pitch_salience.stdev": 0.1042417511343956, "lowlevel.silence_rate_20dB.mean": 1.0, "lowlevel.silence_rate_20dB.stdev": 0.0, "lowlevel.silence_rate_30dB.mean": 0.9743767380714417, "lowlevel.silence_rate_30dB.stdev": 0.1580079048871994, "lowlevel.silence_rate_60dB.mean": 0.0013850415125489235, "lowlevel.silence_rate_60dB.stdev": 0.03719021752476692, "lowlevel.spectral_centroid.mean": 945.4965209960938, "lowlevel.spectral_centroid.stdev": 452.9739074707031, "lowlevel.spectral_complexity.mean": 18.59487533569336, "lowlevel.spectral_complexity.stdev": 9.660082817077637, "lowlevel.spectral_decrease.mean": -1.2838011542726235e-08, "lowlevel.spectral_decrease.stdev": 6.854781187115577e-09, "lowlevel.spectral_energy.mean": 0.05027163028717041, "lowlevel.spectral_energy.stdev": 0.026542171835899353, "lowlevel.spectral_energyband_high.mean": 0.0006686564302071929, "lowlevel.spectral_energyband_high.stdev": 0.0008906893199309707, "lowlevel.spectral_energyband_low.mean": 0.03297686576843262, "lowlevel.spectral_energyband_low.stdev": 0.02131987176835537, "lowlevel.spectral_energyband_middle_high.mean": 0.004421865101903677, "lowlevel.spectral_energyband_middle_high.stdev": 0.004446632694453001, "lowlevel.spectral_energyband_middle_low.mean": 0.015336968004703522, "lowlevel.spectral_energyband_middle_low.stdev": 0.01705448515713215, "lowlevel.spectral_entropy.mean": 7.518047332763672, "lowlevel.spectral_entropy.stdev": 0.37377193570137024, "lowlevel.spectral_flux.mean": 0.08624570071697235, "lowlevel.spectral_flux.stdev": 0.059632718563079834, "lowlevel.spectral_kurtosis.mean": 4.157230377197266, "lowlevel.spectral_kurtosis.stdev": 2.664531707763672, "lowlevel.spectral_rms.mean": 0.006817303132265806, "lowlevel.spectral_rms.stdev": 0.0016030989354476333, "lowlevel.spectral_rolloff.mean": 565.0084228515625, "lowlevel.spectral_rolloff.stdev": 627.095458984375, "lowlevel.spectral_skewness.mean": 1.537428617477417, "lowlevel.spectral_skewness.stdev": 0.4008328914642334, "lowlevel.spectral_spread.mean": 4946000.0, "lowlevel.spectral_spread.stdev": 1347196.625, "lowlevel.spectral_strongpeak.mean": 0.7974004745483398, "lowlevel.spectral_strongpeak.stdev": 0.3397618532180786, "lowlevel.zerocrossingrate.mean": 0.03575916215777397, "lowlevel.zerocrossingrate.stdev": 0.017523564398288727, "metadata.audio_properties.analysis.equal_loudness": 0.0, "metadata.audio_properties.analysis.length": 33.493309020996094, "metadata.audio_properties.analysis.sample_rate": 44100.0, "metadata.audio_properties.analysis.start_time": 0.0, "metadata.audio_properties.bit_rate": 119674.0, "metadata.audio_properties.length": 33.49333190917969, "metadata.audio_properties.lossless": 0.0, "metadata.audio_properties.number_channels": 1.0, "metadata.audio_properties.replay_gain": -11.447790145874023, "metadata.audio_properties.sample_rate": 48000.0, "rhythm.beats_count": 58.0, "rhythm.beats_loudness.mean": 0.05201317369937897, "rhythm.beats_loudness.stdev": 0.0235480684787035, "rhythm.bpm": 105.53572082519531, "rhythm.bpm_histogram_first_peak_bpm": 105.0, "rhythm.bpm_histogram_first_peak_weight": 0.45098042488098145, "rhythm.bpm_histogram_second_peak_bpm": 96.0, "rhythm.bpm_histogram_second_peak_spread": 0.6000000238418579, "rhythm.bpm_histogram_second_peak_weight": 0.035087719559669495, "rhythm.danceability": 1.5181938409805298, "rhythm.onset_rate": 3.9097015857696533, "tonal.chords_changes_rate": 0.0456431545317173, "tonal.chords_number_rate": 0.01106500718742609, "tonal.chords_strength.mean": 0.5518091917037964, "tonal.chords_strength.stdev": 0.0753011554479599, "tonal.hpcp_crest.mean": 13.213376998901367, "tonal.hpcp_crest.stdev": 5.88963508605957, "tonal.hpcp_entropy.mean": 2.0715997219085693, "tonal.hpcp_entropy.stdev": 0.7785412669181824, "tonal.key_edma.strength": 0.7352867126464844, "tonal.key_krumhansl.strength": 0.743141233921051, "tonal.key_temperley.strength": 0.7374616265296936, "tonal.tuning_diatonic_strength": 0.7267342209815979, "tonal.tuning_equal_tempered_deviation": 0.061436500400304794, "tonal.tuning_frequency": 443.3164367675781, "tonal.tuning_nontempered_energy_ratio": 0.7422478199005127, "lowlevel.barkbands.mean": [0.00013886326632928103, 0.007906061597168446, 0.021831199526786804, 0.006343931891024113, 0.005108548793941736, 0.001313184155151248, 0.0006439202697947621, 0.0005917192902415991, 0.0012585804797708988, 0.00047627094318158925, 0.0005260396283119917, 0.0006203210214152932, 0.0006318658124655485, 0.000382645899662748, 0.0003217948251403868, 0.00032694468973204494, 0.00043857755372300744, 0.00030426017474383116, 0.0003002692828886211, 0.0002277142193634063, 0.00012094572593923658, 0.00011937152885366231, 9.2436202976387e-05, 0.00012079206499038264, 8.599329157732427e-05, 3.59175683115609e-05, 3.4526080980867846e-06], "lowlevel.barkbands.stdev": [0.0001475589961046353, 0.010533222928643227, 0.015385097824037075, 0.009486453607678413, 0.007852599024772644, 0.0026331464760005474, 0.0011460940586403012, 0.001137675135396421, 0.0024829162284731865, 0.0011836207704618573, 0.0014776766765862703, 0.0015938498545438051, 0.0014269044622778893, 0.0007424848154187202, 0.0005426994175650179, 0.00047450087731704116, 0.0005886306171305478, 0.0003693387843668461, 0.00032811652636155486, 0.00025113209267146885, 0.000155195826664567, 0.0001741818996379152, 0.0001331846578978002, 0.00029413221636787057, 0.00016361613234039396, 7.369551894953474e-05, 9.06274544831831e-06], "lowlevel.erbbands.mean": [0.059838246554136276, 2.6060023307800293, 20.503494262695312, 25.554033279418945, 23.02692413330078, 13.079289436340332, 13.200729370117188, 9.878434181213379, 6.192630290985107, 14.483848571777344, 15.91121768951416, 26.055377960205078, 19.19794273376465, 18.868867874145508, 19.808631896972656, 25.408811569213867, 29.933568954467773, 18.42055892944336, 19.005434036254883, 19.409799575805664, 19.557300567626953, 25.556123733520508, 18.296659469604492, 15.267474174499512, 14.530157089233398, 10.782748222351074, 5.951524257659912, 4.309751033782959, 4.295834064483643, 3.5029666423797607, 2.5277109146118164, 2.383753776550293, 2.0427279472351074, 1.172083854675293, 0.49449148774147034, 0.19451278448104858, 0.058877892792224884, 0.011136718094348907, 0.0003770223702304065, 6.638286868110299e-05], "lowlevel.erbbands.stdev": [0.10031410306692123, 2.975069999694824, 13.618168830871582, 19.624624252319336, 47.70684051513672, 16.410303115844727, 24.91229820251465, 19.418949127197266, 11.466780662536621, 24.492225646972656, 28.53323745727539, 57.94963836669922, 36.92144012451172, 43.098793029785156, 50.2454833984375, 60.66565704345703, 69.64905548095703, 29.750633239746094, 34.38427734375, 38.52439498901367, 27.53910255432129, 30.36899185180664, 22.10022735595703, 17.851430892944336, 15.210719108581543, 12.267943382263184, 7.689552307128906, 5.610322952270508, 6.379439830780029, 4.904224872589111, 3.80668306350708, 5.242225170135498, 5.11529016494751, 2.3970415592193604, 0.9758896827697754, 0.4209740459918976, 0.12108789384365082, 0.02079824171960354, 0.0007934761815704405, 3.463828034000471e-05], "lowlevel.gfcc.mean": [20.463409423828125, 91.24541473388672, -97.0950927734375, 46.93999481201172, -42.30475997924805, 21.130638122558594, -38.303340911865234, 12.053831100463867, -31.049861907958984, -6.982850074768066, -22.811683654785156, -9.146862030029297, -20.320863723754883], "lowlevel.melbands.mean": [0.0012925209011882544, 0.008227385580539703, 0.004532329272478819, 0.0011929882457479835, 0.0004953566240146756, 0.0002212043182225898, 0.00010549251601332799, 0.0001564007980050519, 0.00014170513895805925, 0.00016724599117878824, 9.551981929689646e-05, 7.61824194341898e-05, 7.107931742211804e-05, 5.612993845716119e-05, 8.392515883315355e-05, 5.727851021219976e-05, 3.06166875816416e-05, 3.3911626815097407e-05, 2.2469981558970176e-05, 2.345746906939894e-05, 2.2946276658331044e-05, 2.580928776296787e-05, 2.3505594072048552e-05, 1.2245861398696434e-05, 1.2387247807055246e-05, 1.0728076631494332e-05, 1.0153692528547253e-05, 6.295302682701731e-06, 3.856645889754873e-06, 2.957171091111377e-06, 2.3490324565500487e-06, 2.4631212909298483e-06, 2.2388899196812417e-06, 1.82904966550268e-06, 1.4626996289734961e-06, 1.3119544064466027e-06, 1.5531464896412217e-06, 1.5467622915821266e-06, 1.13320936634409e-06, 9.401368288308731e-07], "lowlevel.melbands.stdev": [0.0018512384267523885, 0.005416307132691145, 0.0040774899534881115, 0.0020516307558864355, 0.0007891742861829698, 0.000441428943304345, 0.0001820872857933864, 0.000249973323661834, 0.00027298956410959363, 0.0003587561659514904, 0.00019348791101947427, 0.00017866988491732627, 0.0001873138826340437, 0.00013746804324910045, 0.00025845927302725613, 0.0001336851273663342, 5.2225062972866e-05, 7.174435449996963e-05, 3.9101254515117034e-05, 4.143700789427385e-05, 3.622916483436711e-05, 3.182545333402231e-05, 3.249026485718787e-05, 1.6068896002252586e-05, 1.4940511391614564e-05, 1.2112818694731686e-05, 1.098948541766731e-05, 7.928683771751821e-06, 5.3711460168415215e-06, 4.058838840137469e-06, 3.144429911117186e-06, 3.7037116271676496e-06, 3.4517913718445925e-06, 2.57384840551822e-06, 2.1728444608015707e-06, 2.3141465135267936e-06, 3.7852046261832584e-06, 3.952403403673088e-06, 2.6134011932299472e-06, 1.913010919452063e-06], "lowlevel.melbands128.mean": [4.602877379511483e-05, 0.0001127547729993239, 0.00093655358068645, 0.005092072766274214, 0.00968515407294035, 0.01087803952395916, 0.005203094333410263, 0.003159472718834877, 0.0025330274365842342, 0.0007586971041746438, 0.0006764743011444807, 0.0006021838053129613, 0.0004450711712706834, 0.0003717781510204077, 0.00024048061459325254, 0.00014185268082655966, 7.171147444751114e-05, 8.331752178492025e-05, 0.00015396627713926136, 0.000197668545297347, 0.00012629159027710557, 0.00013751687947660685, 0.00010561099770711735, 0.00020412527373991907, 0.00018051885126624256, 0.00014814469614066184, 0.00016186576976906508, 4.882126086158678e-05, 9.3609414761886e-05, 7.672313222428784e-05, 6.534482963616028e-05, 8.457194780930877e-05, 8.631956006865948e-05, 4.444506703293882e-05, 5.664026321028359e-05, 5.528594920178875e-05, 5.286580199026503e-05, 0.00012347855954430997, 6.856924301246181e-05, 5.8578843891154975e-05, 5.865196726517752e-05, 4.8891830374486744e-05, 2.0940373360645026e-05, 2.1437690520542674e-05, 5.228971713222563e-05, 3.379429108463228e-05, 1.9207856894354336e-05, 1.4481082871498074e-05, 2.6919600713881664e-05, 3.651835140772164e-05, 1.627853635000065e-05, 1.9425142454565503e-05, 2.5245939468732104e-05, 2.427056824672036e-05, 1.8624716176418588e-05, 2.7945992769673467e-05, 2.9131289920769632e-05, 2.795484397211112e-05, 2.1807147277286276e-05, 1.4021951756149065e-05, 1.0557615496509243e-05, 1.1386056030460168e-05, 1.3364451660891064e-05, 1.2358817002677824e-05, 1.1639539479801897e-05, 1.0256589121127035e-05, 1.0592555554467253e-05, 1.0572092833172064e-05, 1.0065588867291808e-05, 1.0076837497763336e-05, 5.9013104873884e-06, 4.76671993965283e-06, 4.453524979908252e-06, 3.732063305506017e-06, 3.021037855432951e-06, 3.430166543694213e-06, 2.6794934910867596e-06, 2.1771172669105e-06, 2.3419265744450968e-06, 2.450233296258375e-06, 2.487894334990415e-06, 2.5120584723481443e-06, 2.350018576180446e-06, 2.2649039692623774e-06, 2.077703356917482e-06, 1.938836476256256e-06, 1.7069470459318836e-06, 1.6871649677341338e-06, 1.4071238183532842e-06, 1.3700594081456074e-06, 1.3019349580645212e-06, 1.329583255937905e-06, 1.2564909184220596e-06, 1.5005293789727148e-06, 1.8289429135620594e-06, 1.6285463289023028e-06, 1.5500246490773861e-06, 1.3264707376947626e-06, 1.0767323601612588e-06, 1.051243543770397e-06, 1.1107674708910054e-06, 8.849146979628131e-07, 8.147262633428909e-07, 6.698688821415999e-07, 5.288778766043833e-07, 4.168584268882114e-07, 4.280677217138873e-07, 4.2138074718423013e-07, 3.153553507218021e-07, 2.7860545515068225e-07, 2.4194542902478133e-07, 1.8874972340654494e-07, 1.9767659864555753e-07, 1.5397246500015171e-07, 1.1505247243803751e-07, 9.83666268439265e-08, 9.591200722525173e-08, 5.2432866937124345e-08, 6.007851993672375e-09, 1.0852299094088469e-11, 1.1235240168772087e-11, 7.710783400671772e-12, 6.965046595031055e-12, 6.836234703322397e-12, 6.704379672956007e-12, 6.5578783722819445e-12, 6.467475860416627e-12, 6.426510799212304e-12], "lowlevel.melbands128.stdev": [6.298525840975344e-05, 0.00037025625351816416, 0.001972687430679798, 0.006525596138089895, 0.007247523870319128, 0.008230098523199558, 0.004191482439637184, 0.006306086201220751, 0.005816321820020676, 0.001511047943495214, 0.0009719640947878361, 0.001072168117389083, 0.0011192122474312782, 0.0010308608179911971, 0.0005858418298885226, 0.0002388802677160129, 0.00022239501413423568, 0.0002103963342960924, 0.0003313087800052017, 0.0004416701849550009, 0.0002663952182047069, 0.00039553316310048103, 0.0002953710500150919, 0.0005872457986697555, 0.0006057461723685265, 0.00047566069406457245, 0.00047096764319576323, 0.00014172484225127846, 0.00033004037686623633, 0.0002428651205264032, 0.00024957279674708843, 0.00027438209508545697, 0.000296976970275864, 0.0002485998556949198, 0.00017219260917045176, 0.00020646666234824806, 0.00015845740563236177, 0.0005287306266836822, 0.00027516024420037866, 0.00019150794832967222, 0.00018152137636207044, 0.00014571714564226568, 4.4999840611126274e-05, 4.957003693562001e-05, 0.0001587588485563174, 8.237709698732942e-05, 3.8771016988903284e-05, 2.97240858344594e-05, 6.509305239887908e-05, 0.00010915947495959699, 2.673664130270481e-05, 3.8124726415844634e-05, 3.9435395592590794e-05, 6.262477108975872e-05, 3.322252814541571e-05, 4.1155006329063326e-05, 4.0686882130103186e-05, 6.240747461561114e-05, 3.055539491469972e-05, 2.0961246264050715e-05, 1.8769342204905115e-05, 1.6485699234181084e-05, 2.0191875591990538e-05, 1.6511477952008136e-05, 1.6688953110133298e-05, 1.4018064575793687e-05, 1.3584949556388892e-05, 1.4148599802865647e-05, 1.334201715508243e-05, 1.3073731679469347e-05, 1.0203052625001874e-05, 7.499004823330324e-06, 6.73646854920662e-06, 6.243785264814505e-06, 4.5479810069082305e-06, 5.029302883485798e-06, 4.549013283394743e-06, 3.2072489375423174e-06, 3.3307467219856335e-06, 3.826950887741987e-06, 3.983063834311906e-06, 4.325288045947673e-06, 4.210431143292226e-06, 3.816611297224881e-06, 3.2491732326889178e-06, 2.9216021175670903e-06, 2.6311154215363786e-06, 2.7372495878807968e-06, 2.2207811980479164e-06, 2.3436300580215175e-06, 2.3797624635335524e-06, 2.593705403342028e-06, 2.9068337425997015e-06, 4.180651103524724e-06, 4.727478881250136e-06, 4.142721991229337e-06, 4.2885362745437305e-06, 3.759227183763869e-06, 2.7375413083063904e-06, 2.1737821498390986e-06, 2.3003633486951003e-06, 1.964212970051449e-06, 1.924931893881876e-06, 1.4987164149715682e-06, 1.1485194590932224e-06, 9.10153516997525e-07, 9.236974278792331e-07, 9.805917215999216e-07, 7.590122663714283e-07, 7.079808028720436e-07, 6.009216804159223e-07, 4.2505695319050574e-07, 4.6865909553162055e-07, 3.513496835694241e-07, 2.4636509010633745e-07, 2.0069852268989052e-07, 2.2093020390911988e-07, 1.776841571654586e-07, 3.2658228121817956e-08, 7.76606418062542e-11, 1.1814275946431252e-10, 1.889399747767584e-11, 9.676018666859854e-12, 9.50124961346388e-12, 9.355696772850308e-12, 9.241558907024938e-12, 9.15795651118545e-12, 9.106515888590572e-12], "lowlevel.mfcc.mean": [-627.354736328125, 118.09117126464844, 11.336559295654297, 32.490257263183594, 20.806486129760742, 9.1347017288208, 9.99183177947998, 10.404121398925781, 0.3619343042373657, 1.3137779235839844, -1.4492433071136475, -3.811659097671509, -4.714191436767578], "lowlevel.spectral_contrast_coeffs.mean": [-0.605080246925354, -0.7557108402252197, -0.7740249633789062, -0.8006303310394287, -0.7957030534744263, -0.7793880105018616], "lowlevel.spectral_contrast_coeffs.stdev": [0.07008947432041168, 0.07057318091392517, 0.07595912367105484, 0.04760083928704262, 0.03198140487074852, 0.0348825678229332], "lowlevel.spectral_contrast_valleys.mean": [-6.496612548828125, -6.969061851501465, -7.400177478790283, -7.447249889373779, -7.316466331481934, -9.952629089355469], "lowlevel.spectral_contrast_valleys.stdev": [0.6376404166221619, 0.6185436248779297, 0.5851471424102783, 0.5883031487464905, 0.7128629684448242, 0.7724239230155945], "rhythm.beats_loudness_band_ratio.mean": [0.7408422231674194, 0.1213081106543541, 0.05855927616357803, 0.05522706359624863, 0.04920576512813568, 0.025324057787656784], "rhythm.beats_loudness_band_ratio.stdev": [0.14199744164943695, 0.0804276242852211, 0.04809020459651947, 0.049125973135232925, 0.048666223883628845, 0.012357350438833237], "tonal.hpcp.mean": [0.1073225736618042, 0.05596686527132988, 0.03348122909665108, 0.04449613392353058, 0.07111482322216034, 0.2779999077320099, 0.39506152272224426, 0.1789051592350006, 0.027763694524765015, 0.023745981976389885, 0.025435665622353554, 0.06847955286502838, 0.10776927322149277, 0.06326266378164291, 0.01962120644748211, 0.01724185049533844, 0.01534499041736126, 0.02020413987338543, 0.02709685079753399, 0.023504288867115974, 0.03626587986946106, 0.04601186513900757, 0.030187714844942093, 0.03517407923936844, 0.06746446341276169, 0.11340934783220291, 0.1992904394865036, 0.35754305124282837, 0.26882678270339966, 0.0519239716231823, 0.01979897916316986, 0.013135133311152458, 0.01885743997991085, 0.026494724676012993, 0.02820442244410515, 0.08140961080789566], "tonal.hpcp.stdev": [0.2894870936870575, 0.16556955873966217, 0.12887617945671082, 0.14797841012477875, 0.18915992975234985, 0.3499128222465515, 0.45241618156433105, 0.2773686349391937, 0.11895650625228882, 0.10751751065254211, 0.10747168958187103, 0.12761640548706055, 0.17568440735340118, 0.1106458231806755, 0.06939779967069626, 0.07139944285154343, 0.057531945407390594, 0.0541740320622921, 0.08215747028589249, 0.06843768060207367, 0.10244528204202652, 0.13456159830093384, 0.09403051435947418, 0.12188320606946945, 0.1905086785554886, 0.25892317295074463, 0.27902624011039734, 0.42552173137664795, 0.3637842833995819, 0.16654086112976074, 0.10322964191436768, 0.0740460604429245, 0.07156296074390411, 0.08857744187116623, 0.11001168191432953, 0.21534597873687744], "rhythm.beats_position": [0.5921088457107544, 1.2074376344680786, 1.8111563920974731, 2.4148752689361572, 3.041814088821411, 3.668752670288086, 4.260861396789551, 4.8297505378723145, 5.41024923324585, 5.990748405456543, 6.548027038574219, 7.105306148529053, 7.674194812774658, 8.243083953857422, 8.823582649230957, 9.392471313476562, 9.961359977722168, 10.51863956451416, 11.087528228759766, 11.656416893005371, 12.225305557250977, 12.794195175170898, 13.363083839416504, 13.93197250366211, 14.500861167907715, 15.06974983215332, 15.638639450073242, 16.20752716064453, 16.764806747436523, 17.345306396484375, 17.902584075927734, 18.459863662719727, 18.99392318725586, 19.586030960083008, 20.15492057800293, 20.72380828857422, 21.29269790649414, 21.861587524414062, 22.43047523498535, 22.987754821777344, 23.556644439697266, 24.125532150268555, 24.682811737060547, 25.263309478759766, 25.832199096679688, 26.40108871459961, 26.9699764251709, 27.53886604309082, 28.09614372253418, 28.6650333404541, 29.233922958374023, 29.814420700073242, 30.371700286865234, 30.928979873657227, 31.509477615356445, 32.06675720214844, 32.6240348815918, 33.20453643798828], "rhythm.bpm_histogram": [0.0, 0.0, 0.0, 0.0, 0.0, 0.0, 0.0, 0.0, 0.0, 0.0, 0.0, 0.0, 0.0, 0.0, 0.0, 0.0, 0.0, 0.0, 0.0, 0.0, 0.0, 0.0, 0.0, 0.0, 0.0, 0.0, 0.0, 0.0, 0.0, 0.0, 0.0, 0.0, 0.0, 0.0, 0.0, 0.0, 0.0, 0.0, 0.0, 0.0, 0.0, 0.0, 0.0, 0.0, 0.0, 0.0, 0.0, 0.0, 0.0, 0.0, 0.0, 0.0, 0.0, 0.0, 0.0, 0.0, 0.0, 0.0, 0.0, 0.0, 0.0, 0.0, 0.0, 0.0, 0.0, 0.0, 0.0, 0.0, 0.0, 0.0, 0.0, 0.0, 0.0, 0.0, 0.0, 0.0, 0.0, 0.0, 0.0, 0.0, 0.0, 0.0, 0.0, 0.0, 0.0, 0.0, 0.0, 0.0, 0.0, 0.0, 0.0, 0.0, 0.0, 0.0, 0.0, 0.0, 0.035087719559669495, 0.0, 0.017543859779834747, 0.035087719559669495, 0.0, 0.035087719559669495, 0.0, 0.14035087823867798, 0.0, 0.4912280738353729, 0.0, 0.0, 0.22807016968727112, 0.0, 0.0, 0.0, 0.017543859779834747, 0.0, 0.0, 0.0, 0.0, 0.0, 0.0, 0.0, 0.0, 0.0, 0.0, 0.0, 0.0, 0.0, 0.0, 0.0, 0.0, 0.0, 0.0, 0.0, 0.0, 0.0, 0.0, 0.0, 0.0, 0.0, 0.0, 0.0, 0.0, 0.0, 0.0, 0.0, 0.0, 0.0, 0.0, 0.0, 0.0, 0.0, 0.0, 0.0, 0.0, 0.0, 0.0, 0.0, 0.0, 0.0, 0.0, 0.0, 0.0, 0.0, 0.0, 0.0, 0.0, 0.0, 0.0, 0.0, 0.0, 0.0, 0.0, 0.0, 0.0, 0.0, 0.0, 0.0, 0.0, 0.0, 0.0, 0.0, 0.0, 0.0, 0.0, 0.0, 0.0, 0.0, 0.0, 0.0, 0.0, 0.0, 0.0, 0.0, 0.0, 0.0, 0.0, 0.0, 0.0, 0.0, 0.0, 0.0, 0.0, 0.0, 0.0, 0.0, 0.0, 0.0, 0.0, 0.0, 0.0, 0.0, 0.0, 0.0, 0.0, 0.0, 0.0, 0.0, 0.0, 0.0, 0.0, 0.0, 0.0, 0.0, 0.0, 0.0, 0.0, 0.0, 0.0, 0.0, 0.0, 0.0, 0.0, 0.0, 0.0, 0.0, 0.0, 0.0, 0.0, 0.0, 0.0, 0.0, 0.0, 0.0, 0.0, 0.0, 0.0, 0.0, 0.0, 0.0, 0.0, 0.0], "tonal.chords_histogram": [10.788381576538086, 1.7980636358261108, 9.128630638122559, 7.468879699707031, 0.0, 1.659751057624817, 5.947441101074219, 47.30290603637695, 0.0, 15.9059476852417, 0.0, 0.0, 0.0, 0.0, 0.0, 0.0, 0.0, 0.0, 0.0, 0.0, 0.0, 0.0, 0.0, 0.0], "tonal.thpcp": [1.0, 0.4528539180755615, 0.0702768862247467, 0.060107048600912094, 0.06438406556844711, 0.17333896458148956, 0.2727911174297333, 0.1601337045431137, 0.04966620355844498, 0.04364345595240593, 0.03884202614426613, 0.051141757518053055, 0.06858894228935242, 0.059495262801647186, 0.09179805964231491, 0.11646759510040283, 0.07641269266605377, 0.08903443813323975, 0.17076951265335083, 0.28706756234169006, 0.5044541954994202, 0.9050313234329224, 0.6804681420326233, 0.13143262267112732, 0.05011619254946709, 0.03324832394719124, 0.047732919454574585, 0.0670648068189621, 0.0713924840092659, 0.20606818795204163, 0.2716604173183441, 0.1416662037372589, 0.08474940806627274, 0.11263089627027512, 0.18000948429107666, 0.7036876082420349], "lowlevel.gfcc.cov": [[2872.27490234375, -497.9219970703125, -321.5223693847656, 77.2510986328125, -236.7287139892578, 40.0621223449707, -79.18450164794922, 51.913883209228516, -96.75010681152344, 89.3173599243164, -126.48958587646484, 71.4869155883789, -139.2335662841797], [-497.9219970703125, 781.0836181640625, -186.2325897216797, -132.8953857421875, 101.91223907470703, -75.93455505371094, 104.64620208740234, -31.18091583251953, 88.49634552001953, -100.95116424560547, 108.18109893798828, -75.4686050415039, 70.99407958984375], [-321.5223693847656, -186.2325897216797, 494.5131530761719, 40.96001434326172, 57.026615142822266, 13.199143409729004, -59.97471237182617, -46.182823181152344, -11.834661483764648, 32.22211456298828, -34.62078094482422, 49.74882507324219, 3.9070546627044678], [77.2510986328125, -132.8953857421875, 40.96001434326172, 280.1443786621094, -4.776401042938232, -12.87399959564209, -91.39472961425781, -26.046789169311523, 19.083240509033203, 33.25690460205078, 9.67813777923584, 12.755901336669922, 58.1051139831543], [-236.7287139892578, 101.91223907470703, 57.026615142822266, -4.776401042938232, 179.12278747558594, -1.5304574966430664, 30.45778465270996, 21.158409118652344, 43.13789749145508, 3.5238564014434814, 21.23334312438965, 3.8188321590423584, 22.879268646240234], [40.0621223449707, -75.93455505371094, 13.199143409729004, -12.87399959564209, -1.5304574966430664, 122.76964569091797, 62.80439376831055, 17.24128532409668, -19.905559539794922, 8.755881309509277, 0.9829224348068237, 1.7590605020523071, -15.546624183654785], [-79.18450164794922, 104.64620208740234, -59.97471237182617, -91.39472961425781, 30.45778465270996, 62.80439376831055, 188.5465545654297, 38.65570068359375, -22.4153995513916, -29.827661514282227, 24.98731803894043, 5.728058338165283, -27.226200103759766], [51.913883209228516, -31.18091583251953, -46.182823181152344, -26.046789169311523, 21.158409118652344, 17.24128532409668, 38.65570068359375, 110.77549743652344, 34.53233337402344, 11.758164405822754, -2.8928565979003906, -0.3134620487689972, -6.807422161102295], [-96.75010681152344, 88.49634552001953, -11.834661483764648, 19.083240509033203, 43.13789749145508, -19.905559539794922, -22.4153995513916, 34.53233337402344, 121.37165069580078, 32.43706130981445, 7.066364765167236, -27.820919036865234, 23.825408935546875], [89.3173599243164, -100.95116424560547, 32.22211456298828, 33.25690460205078, 3.5238564014434814, 8.755881309509277, -29.827661514282227, 11.758164405822754, 32.43706130981445, 89.45855712890625, 5.774657249450684, 11.247581481933594, -8.958731651306152], [-126.48958587646484, 108.18109893798828, -34.62078094482422, 9.67813777923584, 21.23334312438965, 0.9829224348068237, 24.98731803894043, -2.8928565979003906, 7.066364765167236, 5.774657249450684, 72.79713439941406, 14.359062194824219, 18.811262130737305], [71.4869155883789, -75.4686050415039, 49.74882507324219, 12.755901336669922, 3.8188321590423584, 1.7590605020523071, 5.728058338165283, -0.3134620487689972, -27.820919036865234, 11.247581481933594, 14.359062194824219, 76.0604248046875, 11.044022560119629], [-139.2335662841797, 70.99407958984375, 3.9070546627044678, 58.1051139831543, 22.879268646240234, -15.546624183654785, -27.226200103759766, -6.807422161102295, 23.825408935546875, -8.958731651306152, 18.811262130737305, 11.044022560119629, 80.26976013183594]], "lowlevel.gfcc.icov": [[0.0006567647214978933, -0.00037086449447087944, 0.0006791754276491702, -0.0005337560432963073, 0.0003607528342399746, -0.0005074561340734363, 0.0005670167738571763, -0.00035140005638822913, 0.00037268377491272986, -0.0007471084245480597, 0.001771285431459546, -0.0016819845186546445, 0.001404253882355988], [-0.00037086449447087944, 0.005955233704298735, 0.0002640719758346677, 0.0031109412666410208, -0.0013759320136159658, 0.003488573245704174, -0.003166406648233533, 0.003825042862445116, -0.004231628030538559, 0.004819235764443874, -0.008014081977307796, 0.005781249143183231, -0.004980329889804125], [0.0006791754276491702, 0.0002640719758346677, 0.003616868518292904, -0.0002640862367115915, -0.001172674004919827, -0.0010793303372338414, 0.001157378195784986, 0.001502855564467609, -0.0002518534893169999, -0.0007764043984934688, 0.0029712128452956676, -0.0034318268299102783, 0.0013688256731256843], [-0.0005337560432963073, 0.0031109412666410208, -0.0002640862367115915, 0.0069191185757517815, -0.0006838468252681196, 0.0012161728227511048, 9.308692824561149e-05, 0.0024951607920229435, -0.001894125365652144, 0.00107813801150769, -0.005276231095194817, 0.0037110457196831703, -0.006590919103473425], [0.0003607528342399746, -0.0013759320136159658, -0.001172674004919827, -0.0006838468252681196, 0.007879866287112236, -0.00019514936138875782, -0.0009959670715034008, -0.0017875127959996462, -0.0013799219159409404, -0.000966416671872139, 0.0007191358599811792, -0.0016408329829573631, -1.9468667233013548e-05], [-0.0005074561340734363, 0.003488573245704174, -0.0010793303372338414, 0.0012161728227511048, -0.00019514936138875782, 0.013484194874763489, -0.006771401967853308, 0.0010027700336650014, 6.873771053506061e-05, -0.00024117575958371162, -0.004638380836695433, 0.0061914618127048016, -0.004150127060711384], [0.0005670167738571763, -0.003166406648233533, 0.001157378195784986, 9.308692824561149e-05, -0.0009959670715034008, -0.006771401967853308, 0.01239599846303463, -0.004316053353250027, 0.002801710506901145, 0.0010191965848207474, 0.0013076053000986576, -0.005464873276650906, 0.006198819261044264], [-0.00035140005638822913, 0.003825042862445116, 0.001502855564467609, 0.0024951607920229435, -0.0017875127959996462, 0.0010027700336650014, -0.004316053353250027, 0.015003984794020653, -0.007301067467778921, 0.002177882008254528, -0.002329921815544367, 0.0009936490096151829, -0.0025402239989489317], [0.00037268377491272986, -0.004231628030538559, -0.0002518534893169999, -0.001894125365652144, -0.0013799219159409404, 6.873771053506061e-05, 0.002801710506901145, -0.007301067467778921, 0.01847168430685997, -0.010019680485129356, 0.0050127869471907616, 0.0033015357330441475, -0.0017197811976075172], [-0.0007471084245480597, 0.004819235764443874, -0.0007764043984934688, 0.00107813801150769, -0.000966416671872139, -0.00024117575958371162, 0.0010191965848207474, 0.002177882008254528, -0.010019680485129356, 0.02181514911353588, -0.010391438379883766, 0.0005447019939310849, 0.0022272870410233736], [0.001771285431459546, -0.008014081977307796, 0.0029712128452956676, -0.005276231095194817, 0.0007191358599811792, -0.004638380836695433, 0.0013076053000986576, -0.002329921815544367, 0.0050127869471907616, -0.010391438379883766, 0.032034989446401596, -0.014080602675676346, 0.004759951028972864], [-0.0016819845186546445, 0.005781249143183231, -0.0034318268299102783, 0.0037110457196831703, -0.0016408329829573631, 0.0061914618127048016, -0.005464873276650906, 0.0009936490096151829, 0.0033015357330441475, 0.0005447019939310849, -0.014080602675676346, 0.027987146750092506, -0.012122486717998981], [0.001404253882355988, -0.004980329889804125, 0.0013688256731256843, -0.006590919103473425, -1.9468667233013548e-05, -0.004150127060711384, 0.006198819261044264, -0.0025402239989489317, -0.0017197811976075172, 0.0022272870410233736, 0.004759951028972864, -0.012122486717998981, 0.02640325017273426]], "lowlevel.mfcc.cov": [[2717.443603515625, -671.8433837890625, -240.3749542236328, -6.465133190155029, -193.6058349609375, -26.347909927368164, -70.6965103149414, -47.20871353149414, -6.088370323181152, -23.790536880493164, 20.493072509765625, 59.07194900512695, -17.574344635009766], [-671.8433837890625, 758.4041748046875, -156.62506103515625, -63.5592041015625, -1.6637276411056519, -35.701080322265625, 47.14700698852539, 67.00774383544922, -13.789058685302734, 36.35958480834961, 29.335786819458008, -33.6250114440918, 12.7684326171875], [-240.3749542236328, -156.62506103515625, 352.981689453125, 34.97809600830078, 57.91743469238281, 57.326751708984375, -29.41123390197754, -46.61180114746094, -2.635653495788574, -35.82426834106445, -27.36048126220703, -6.819151401519775, -10.129207611083984], [-6.465133190155029, -63.5592041015625, 34.97809600830078, 193.41197204589844, 85.00212860107422, 14.316936492919922, -43.57993698120117, -32.611961364746094, 5.804239273071289, 0.9074611663818359, -21.93868637084961, 3.6875691413879395, 28.604782104492188], [-193.6058349609375, -1.6637276411056519, 57.91743469238281, 85.00212860107422, 193.67498779296875, 11.165375709533691, -57.98271179199219, -36.711647033691406, 29.100025177001953, 42.579097747802734, -14.696901321411133, -9.321553230285645, 14.149954795837402], [-26.347909927368164, -35.701080322265625, 57.326751708984375, 14.316936492919922, 11.165375709533691, 111.10769653320312, 33.260738372802734, -4.583813190460205, -1.463182806968689, -3.0336592197418213, 17.438125610351562, 9.869982719421387, -14.15063190460205], [-70.6965103149414, 47.14700698852539, -29.41123390197754, -43.57993698120117, -57.98271179199219, 33.260738372802734, 151.65341186523438, 75.6324691772461, -3.3933722972869873, -25.399290084838867, 23.425600051879883, 23.168535232543945, 1.250007152557373], [-47.20871353149414, 67.00774383544922, -46.61180114746094, -32.611961364746094, -36.711647033691406, -4.583813190460205, 75.6324691772461, 107.18233489990234, 24.514509201049805, -5.31122350692749, 14.414816856384277, 12.85715389251709, 11.718992233276367], [-6.088370323181152, -13.789058685302734, -2.635653495788574, 5.804239273071289, 29.100025177001953, -1.463182806968689, -3.3933722972869873, 24.514509201049805, 77.85017395019531, 43.98957824707031, 10.496872901916504, 7.794711589813232, 10.670858383178711], [-23.790536880493164, 36.35958480834961, -35.82426834106445, 0.9074611663818359, 42.579097747802734, -3.0336592197418213, -25.399290084838867, -5.31122350692749, 43.98957824707031, 94.89778137207031, 37.459224700927734, 2.57511568069458, 0.7182391881942749], [20.493072509765625, 29.335786819458008, -27.36048126220703, -21.93868637084961, -14.696901321411133, 17.438125610351562, 23.425600051879883, 14.414816856384277, 10.496872901916504, 37.459224700927734, 84.29776763916016, 37.82084274291992, -6.22833776473999], [59.07194900512695, -33.6250114440918, -6.819151401519775, 3.6875691413879395, -9.321553230285645, 9.869982719421387, 23.168535232543945, 12.85715389251709, 7.794711589813232, 2.57511568069458, 37.82084274291992, 72.79292297363281, 24.618555068969727], [-17.574344635009766, 12.7684326171875, -10.129207611083984, 28.604782104492188, 14.149954795837402, -14.15063190460205, 1.250007152557373, 11.718992233276367, 10.670858383178711, 0.7182391881942749, -6.22833776473999, 24.618555068969727, 64.78978729248047]], "lowlevel.mfcc.icov": [[0.0006654668832197785, 0.0006849892088212073, 0.0007455197046510875, -2.3031678210827522e-05, 0.0005930589395575225, -0.00017548778851050884, 0.0005533589283004403, 5.5703949328744784e-05, -8.631590026197955e-05, 0.00018406148592475802, -0.0001892459113150835, -0.00014940559049136937, 3.438898784224875e-05], [0.0006849892088212073, 0.002472630236297846, 0.0012966269860044122, 0.0004691736539825797, -7.450601515301969e-06, 4.193831955490168e-06, 0.00033571411040611565, -0.0009799490217119455, 0.0011727972887456417, -0.0003573299909476191, -0.0012017611879855394, 0.0016156965866684914, -0.0010512495646253228], [0.0007455197046510875, 0.0012966269860044122, 0.004803337622433901, 0.0004330130177550018, -0.0006550152320414782, -0.0020779971964657307, 0.0011281147599220276, 0.0010563817340880632, -0.0012133013224229217, 0.002780904760584235, -0.0003509094240143895, 0.00028473910060711205, 9.903332284011412e-06], [-2.3031678210827522e-05, 0.0004691736539825797, 0.0004330130177550018, 0.007526660803705454, -0.002931948285549879, -0.0015233386075124145, 0.0011759711196646094, 0.0005995093961246312, 9.131825936492532e-05, 0.0013107523554936051, 0.0004857668827753514, 6.8012009251106065e-06, -0.0031630059238523245], [0.0005930589395575225, -7.450601515301969e-06, -0.0006550152320414782, -0.002931948285549879, 0.009220761246979237, -0.0009847157634794712, 0.0015820121625438333, 0.0010346748167648911, -0.001450690091587603, -0.003927656449377537, 0.002180954907089472, -0.0004652633797377348, -0.00042322909575887024], [-0.00017548778851050884, 4.193831955490168e-06, -0.0020779971964657307, -0.0015233386075124145, -0.0009847157634794712, 0.01264157798141241, -0.00481104850769043, 0.0022690915502607822, -0.00029688887298107147, -4.6954184654168785e-05, -0.002425756771117449, -0.00037544069346040487, 0.002916620345786214], [0.0005533589283004403, 0.00033571411040611565, 0.0011281147599220276, 0.0011759711196646094, 0.0015820121625438333, -0.00481104850769043, 0.014289439655840397, -0.008659567683935165, 0.001537098316475749, 0.002771227154880762, -0.0013404827332124114, -0.0019676268566399813, -2.963115184684284e-05], [5.5703949328744784e-05, -0.0009799490217119455, 0.0010563817340880632, 0.0005995093961246312, 0.0010346748167648911, 0.0022690915502607822, -0.008659567683935165, 0.019767096266150475, -0.008974138647317886, 0.004032481461763382, -0.0017932660412043333, 0.0011573897209018469, -0.002208858262747526], [-8.631590026197955e-05, 0.0011727972887456417, -0.0012133013224229217, 9.131825936492532e-05, -0.001450690091587603, -0.00029688887298107147, 0.001537098316475749, -0.008974138647317886, 0.023458201438188553, -0.012667722068727016, 0.0037551536224782467, -0.002173539949581027, -0.0011752477148547769], [0.00018406148592475802, -0.0003573299909476191, 0.002780904760584235, 0.0013107523554936051, -0.003927656449377537, -4.6954184654168785e-05, 0.002771227154880762, 0.004032481461763382, -0.012667722068727016, 0.025410398840904236, -0.013154557906091213, 0.005604742560535669, -0.0015484543982893229], [-0.0001892459113150835, -0.0012017611879855394, -0.0003509094240143895, 0.0004857668827753514, 0.002180954907089472, -0.002425756771117449, -0.0013404827332124114, -0.0017932660412043333, 0.0037551536224782467, -0.013154557906091213, 0.026692679151892662, -0.015342253260314465, 0.007183324545621872], [-0.00014940559049136937, 0.0016156965866684914, 0.00028473910060711205, 6.8012009251106065e-06, -0.0004652633797377348, -0.00037544069346040487, -0.0019676268566399813, 0.0011573897209018469, -0.002173539949581027, 0.005604742560535669, -0.015342253260314465, 0.027089053764939308, -0.011941407807171345], [3.438898784224875e-05, -0.0010512495646253228, 9.903332284011412e-06, -0.0031630059238523245, -0.00042322909575887024, 0.002916620345786214, -2.963115184684284e-05, -0.002208858262747526, -0.0011752477148547769, -0.0015484543982893229, 0.007183324545621872, -0.011941407807171345, 0.023617323487997055]], "metadata.audio_properties.analysis.downmix": "mix", "metadata.audio_properties.codec": "mp3", "metadata.audio_properties.md5_encoded": "4e1617d440be71ecb3e1b63554ea109a", "metadata.tags.file_name": "1183717577051095050.mp3", "metadata.version.essentia": "2.1-beta6-dev", "metadata.version.essentia_git_sha": "v2.1_beta5-1110-g77a6a954", "metadata.version.extractor": "music 2.0", "tonal.chords_key": "B", "tonal.chords_scale": "major", "tonal.key_edma.key": "B", "tonal.key_edma.scale": "major", "tonal.key_krumhansl.key": "B", "tonal.key_krumhansl.scale": "minor", "tonal.key_temperley.key": "B", "tonal.key_temperley.scale": "minor", "