{"song_id": "1183697816422469682", "download": "https://cdn.discordapp.com/attachments/1135911532732108921/1183697816422469682/chirp.mp4?ex=6589477f&amp", "lyrics": "was f\u00fcr 11. stock pack mein gas ab im keller,\neiner meiner besten kunden sieht aus wie ein penner,\nfragt meine mom woher ich mein geld hab spring ich aus dem fenster \nyeah gang gang", "style": ["opera"], "essentia_features": {"lowlevel.average_loudness": 0.9727804660797119, "lowlevel.barkbands_crest.mean": 9.338159561157227, "lowlevel.barkbands_crest.stdev": 2.3074140548706055, "lowlevel.barkbands_flatness_db.mean": 0.2935701310634613, "lowlevel.barkbands_flatness_db.stdev": 0.045540742576122284, "lowlevel.barkbands_kurtosis.mean": 1.4379770755767822, "lowlevel.barkbands_kurtosis.stdev": 3.278559923171997, "lowlevel.barkbands_skewness.mean": 1.1879968643188477, "lowlevel.barkbands_skewness.stdev": 0.69266676902771, "lowlevel.barkbands_spread.mean": 9.570013046264648, "lowlevel.barkbands_spread.stdev": 5.647128105163574, "lowlevel.dissonance.mean": 0.4443572759628296, "lowlevel.dissonance.stdev": 0.030279792845249176, "lowlevel.dynamic_complexity": 2.3578927516937256, "lowlevel.erbbands_crest.mean": 10.269662857055664, "lowlevel.erbbands_crest.stdev": 3.7738163471221924, "lowlevel.erbbands_flatness_db.mean": 0.3532565236091614, "lowlevel.erbbands_flatness_db.stdev": 0.05014902725815773, "lowlevel.erbbands_kurtosis.mean": -0.3099881410598755, "lowlevel.erbbands_kurtosis.stdev": 1.1767611503601074, "lowlevel.erbbands_skewness.mean": 0.3737708330154419, "lowlevel.erbbands_skewness.stdev": 0.6039987802505493, "lowlevel.erbbands_spread.mean": 18.611831665039062, "lowlevel.erbbands_spread.stdev": 6.716930389404297, "lowlevel.hfc.mean": 18.475034713745117, "lowlevel.hfc.stdev": 13.449929237365723, "lowlevel.loudness_ebu128.integrated": -17.703031539916992, "lowlevel.loudness_ebu128.loudness_range": 2.136615753173828, "lowlevel.loudness_ebu128.momentary.mean": -18.073989868164062, "lowlevel.loudness_ebu128.momentary.stdev": 1.8598706722259521, "lowlevel.loudness_ebu128.short_term.mean": -17.763797760009766, "lowlevel.loudness_ebu128.short_term.stdev": 0.7110244035720825, "lowlevel.melbands_crest.mean": 11.961874008178711, "lowlevel.melbands_crest.stdev": 3.2599806785583496, "lowlevel.melbands_flatness_db.mean": 0.34359011054039, "lowlevel.melbands_flatness_db.stdev": 0.05686597153544426, "lowlevel.melbands_kurtosis.mean": 4.099272727966309, "lowlevel.melbands_kurtosis.stdev": 6.950260639190674, "lowlevel.melbands_skewness.mean": 1.6545809507369995, "lowlevel.melbands_skewness.stdev": 0.7947611212730408, "lowlevel.melbands_spread.mean": 13.685351371765137, "lowlevel.melbands_spread.stdev": 8.918046951293945, "lowlevel.pitch_salience.mean": 0.5702451467514038, "lowlevel.pitch_salience.stdev": 0.08636411279439926, "lowlevel.silence_rate_20dB.mean": 1.0, "lowlevel.silence_rate_20dB.stdev": 0.0, "lowlevel.silence_rate_30dB.mean": 0.9949238300323486, "lowlevel.silence_rate_30dB.stdev": 0.0710659846663475, "lowlevel.silence_rate_60dB.mean": 0.008460236713290215, "lowlevel.silence_rate_60dB.stdev": 0.09158936887979507, "lowlevel.spectral_centroid.mean": 815.6451416015625, "lowlevel.spectral_centroid.stdev": 269.238037109375, "lowlevel.spectral_complexity.mean": 18.436548233032227, "lowlevel.spectral_complexity.stdev": 4.850271701812744, "lowlevel.spectral_decrease.mean": -6.39367581101169e-09, "lowlevel.spectral_decrease.stdev": 4.34571711949161e-09, "lowlevel.spectral_energy.mean": 0.025806931778788567, "lowlevel.spectral_energy.stdev": 0.01753368228673935, "lowlevel.spectral_energyband_high.mean": 5.6091903388733044e-05, "lowlevel.spectral_energyband_high.stdev": 0.00024336333444807678, "lowlevel.spectral_energyband_low.mean": 0.00015036256809253246, "lowlevel.spectral_energyband_low.stdev": 0.00033135651028715074, "lowlevel.spectral_energyband_middle_high.mean": 0.007143850903958082, "lowlevel.spectral_energyband_middle_high.stdev": 0.00678035756573081, "lowlevel.spectral_energyband_middle_low.mean": 0.018876640126109123, "lowlevel.spectral_energyband_middle_low.stdev": 0.013875860720872879, "lowlevel.spectral_entropy.mean": 6.746842384338379, "lowlevel.spectral_entropy.stdev": 0.3242020308971405, "lowlevel.spectral_flux.mean": 0.05750478059053421, "lowlevel.spectral_flux.stdev": 0.03801010176539421, "lowlevel.spectral_kurtosis.mean": 21.849590301513672, "lowlevel.spectral_kurtosis.stdev": 15.161393165588379, "lowlevel.spectral_rms.mean": 0.004751966334879398, "lowlevel.spectral_rms.stdev": 0.001611309009604156, "lowlevel.spectral_rolloff.mean": 1224.8062744140625, "lowlevel.spectral_rolloff.stdev": 1016.8281860351562, "lowlevel.spectral_skewness.mean": 2.56317138671875, "lowlevel.spectral_skewness.stdev": 1.0352498292922974, "lowlevel.spectral_spread.mean": 1661646.125, "lowlevel.spectral_spread.stdev": 1247886.5, "lowlevel.spectral_strongpeak.mean": 1.6644282341003418, "lowlevel.spectral_strongpeak.stdev": 0.9731998443603516, "lowlevel.zerocrossingrate.mean": 0.041898827999830246, "lowlevel.zerocrossingrate.stdev": 0.04529629275202751, "metadata.audio_properties.analysis.equal_loudness": 0.0, "metadata.audio_properties.analysis.length": 13.6959867477417, "metadata.audio_properties.analysis.sample_rate": 44100.0, "metadata.audio_properties.analysis.start_time": 0.0, "metadata.audio_properties.bit_rate": 107231.0, "metadata.audio_properties.length": 13.696000099182129, "metadata.audio_properties.lossless": 0.0, "metadata.audio_properties.number_channels": 1.0, "metadata.audio_properties.replay_gain": -9.41401481628418, "metadata.audio_properties.sample_rate": 48000.0, "rhythm.beats_count": 31.0, "rhythm.beats_loudness.mean": 0.03753994032740593, "rhythm.beats_loudness.stdev": 0.02065812051296234, "rhythm.bpm": 140.12698364257812, "rhythm.bpm_histogram_first_peak_bpm": 140.0, "rhythm.bpm_histogram_first_peak_weight": 0.4642857313156128, "rhythm.bpm_histogram_second_peak_bpm": 133.0, "rhythm.bpm_histogram_second_peak_spread": 0.0, "rhythm.bpm_histogram_second_peak_weight": 0.06666667014360428, "rhythm.danceability": 1.3307886123657227, "rhythm.onset_rate": 3.354876756668091, "tonal.chords_changes_rate": 0.03378378227353096, "tonal.chords_number_rate": 0.006756756920367479, "tonal.chords_strength.mean": 0.5031610727310181, "tonal.chords_strength.stdev": 0.03670659288764, "tonal.hpcp_crest.mean": 15.745870590209961, "tonal.hpcp_crest.stdev": 4.897945880889893, "tonal.hpcp_entropy.mean": 1.5460854768753052, "tonal.hpcp_entropy.stdev": 0.5182762145996094, "tonal.key_edma.strength": 0.7390071153640747, "tonal.key_krumhansl.strength": 0.7230168581008911, "tonal.key_temperley.strength": 0.7172548770904541, "tonal.tuning_diatonic_strength": 0.5597357153892517, "tonal.tuning_equal_tempered_deviation": 0.016197582706809044, "tonal.tuning_frequency": 441.2725830078125, "tonal.tuning_nontempered_energy_ratio": 0.5951995849609375, "lowlevel.barkbands.mean": [1.3966783853902598e-06, 3.5981633118353784e-05, 8.014884224394336e-05, 0.00012871426588390023, 0.0023448585998266935, 0.006232587154954672, 0.004361627623438835, 0.0040128277614712715, 0.001140654319897294, 0.0011576804099604487, 0.001257377676665783, 0.0008814313914626837, 0.0014267876977100968, 0.0014172272058203816, 0.00047814694698899984, 0.000505683128722012, 0.0001257537369383499, 4.5776621846016496e-05, 8.588129276176915e-05, 4.555120540317148e-05, 8.036624421947636e-06, 2.959994617413031e-06, 2.241926949864137e-06, 1.883610093500465e-05, 7.510502200602787e-06, 1.2492156429289025e-06, 1.6985318040951825e-08], "lowlevel.barkbands.stdev": [3.4488068649807246e-06, 0.00010091287549585104, 0.00015011658251751214, 0.00025864713825285435, 0.003153375815600157, 0.005348985083401203, 0.005733916535973549, 0.004791578743606806, 0.0020958620589226484, 0.0015398373361676931, 0.0019271931378170848, 0.001731711090542376, 0.0029688908252865076, 0.002016762737184763, 0.0007884453516453505, 0.0006016450352035463, 0.00018864840967580676, 5.629217776004225e-05, 0.00016550884174648672, 0.00011248613736825064, 2.825694900820963e-05, 1.1221924069104716e-05, 9.853682968241628e-06, 0.00013427197700366378, 5.228084773989394e-05, 1.1334153896314092e-05, 2.1776929770567222e-07], "lowlevel.erbbands.mean": [0.00021814167848788202, 0.011703936383128166, 0.08365228027105331, 0.2858276069164276, 2.4787075519561768, 6.197378635406494, 30.383493423461914, 44.42539978027344, 75.28714752197266, 71.27729797363281, 84.5105209350586, 34.52643966674805, 37.78974533081055, 30.79877471923828, 56.57271194458008, 42.49522018432617, 62.79901123046875, 72.43058776855469, 40.370601654052734, 29.81974983215332, 22.20343589782715, 6.735002040863037, 2.8549602031707764, 4.405134677886963, 3.39573335647583, 1.9543293714523315, 0.6774743795394897, 0.18154963850975037, 0.11113771051168442, 0.08895185589790344, 0.05891289934515953, 0.13774995505809784, 0.4564506411552429, 0.16341093182563782, 0.018477052450180054, 0.0029258879367262125, 0.003484906628727913, 0.0003884943434968591, 2.047321140707936e-05, 3.0355833587236702e-05], "lowlevel.erbbands.stdev": [0.00048250547843053937, 0.031541578471660614, 0.17004874348640442, 0.628635048866272, 3.135042667388916, 8.995967864990234, 54.009918212890625, 39.332374572753906, 89.75731658935547, 109.8241958618164, 119.69477844238281, 48.055267333984375, 48.03936004638672, 51.06486511230469, 89.80500030517578, 77.99261474609375, 133.16050720214844, 117.30401611328125, 58.53300857543945, 37.36423110961914, 26.310089111328125, 8.59615707397461, 3.3361260890960693, 8.233917236328125, 6.920583248138428, 4.556750297546387, 2.1831939220428467, 0.6252962350845337, 0.430812805891037, 0.3281056582927704, 0.26994454860687256, 0.9327612519264221, 3.2635765075683594, 1.10991632938385, 0.14031483232975006, 0.02745114080607891, 0.03145137056708336, 0.0036094908136874437, 6.889933138154447e-05, 2.2104675736045465e-05], "lowlevel.gfcc.mean": [-125.04241943359375, 194.0501708984375, -210.26837158203125, -42.36918258666992, -47.202877044677734, -59.93217849731445, -32.94505310058594, -34.6533317565918, -15.904797554016113, -7.40421199798584, -3.8960587978363037, -14.289040565490723, -3.718095541000366], "lowlevel.melbands.mean": [5.457283805299085e-06, 3.418052438064478e-05, 0.00011267681838944554, 0.0002690143301151693, 0.000893422169610858, 0.0011844931868836284, 0.0010775590781122446, 0.0007529406575486064, 0.000630577967967838, 0.00017850454605650157, 0.00018415739759802818, 0.00011295782314846292, 0.00018613137945067137, 0.00011619737779255956, 0.00012787041487172246, 0.00013256572128739208, 0.00013796357961837202, 7.594115595566109e-05, 3.374657535459846e-05, 4.2151437810389325e-05, 2.2315654859994538e-05, 7.4085110099986196e-06, 3.2271750569634605e-06, 2.077217004625709e-06, 3.896784619428217e-06, 2.721634700719733e-06, 2.2530964542966103e-06, 1.0518440376472427e-06, 5.230468786976417e-07, 1.6595524243712134e-07, 7.979271998692639e-08, 6.328949808676043e-08, 5.2900361424690345e-08, 4.891241900395471e-08, 3.454312036410556e-08, 2.334139281856551e-08, 1.054304092917846e-07, 3.4985743013749016e-07, 2.4786939434306987e-07, 1.0233711833507186e-07], "lowlevel.melbands.stdev": [1.4680837921332568e-05, 7.098483911249787e-05, 0.00015151742263697088, 0.000331136048771441, 0.00152948300819844, 0.0010418248130008578, 0.0011878915829584002, 0.001054571708664298, 0.0009157132590189576, 0.00030821157270111144, 0.0002437107323203236, 0.0002098228724207729, 0.00029103667475283146, 0.00020987032621633261, 0.0002840906090568751, 0.00025227319565601647, 0.00021598089369945228, 0.00011487252777442336, 5.0166836444986984e-05, 5.247813169262372e-05, 2.9537350201280788e-05, 1.1350459317327477e-05, 4.225787506584311e-06, 2.687147571123205e-06, 7.76806064095581e-06, 5.784778295492288e-06, 5.7528968682163395e-06, 2.56936755249626e-06, 1.9037203173866146e-06, 5.58330896183179e-07, 3.028128219284554e-07, 2.6833396304937196e-07, 1.8939726942335255e-07, 2.0403403766522388e-07, 1.621188658873507e-07, 1.0923756832426079e-07, 7.535322197327332e-07, 2.548946440583677e-06, 1.7232194977623294e-06, 7.337918646044272e-07], "lowlevel.melbands128.mean": [4.1511674453431624e-07, 3.5914123941438447e-07, 2.364059128012741e-06, 2.438212868582923e-05, 4.048557093483396e-05, 3.852436566376127e-05, 3.447327617323026e-05, 8.201193122658879e-05, 0.00032874452881515026, 0.00016017621965147555, 0.00022938699112273753, 0.0008245151839219034, 0.0013542543165385723, 0.0006553306593559682, 0.00033287671976722777, 0.0021240534260869026, 0.002219507470726967, 0.0002936589007731527, 0.00043672413448803127, 0.0010838900925591588, 0.0006168950349092484, 0.0006723033729940653, 0.0008926117443479598, 0.00020040458184666932, 0.00021639294573105872, 0.00013272129581309855, 0.00015145045472308993, 0.00028371388907544315, 8.86567504494451e-05, 0.00011963171709794551, 0.00010892322461586446, 0.00011716267181327567, 0.00022670939506497234, 0.0002289651456521824, 9.395509550813586e-05, 0.00010077482875203714, 0.00011790034477598965, 7.396093133138493e-05, 0.00020812201546505094, 0.00012709431757684797, 8.051507757045329e-05, 0.00020501003018580377, 9.211347060045227e-05, 0.00016293246881105006, 0.00012027860793750733, 4.58903523394838e-05, 4.13416200899519e-05, 2.7824335120385513e-05, 2.7265510652796365e-05, 5.463768684421666e-05, 4.451534914551303e-05, 3.231312439311296e-05, 2.5578861823305488e-05, 1.8452135918778367e-05, 1.2830639207095373e-05, 5.391279046307318e-06, 3.660523134385585e-06, 4.251143309375038e-06, 2.6804968911164906e-06, 2.0168147329968633e-06, 1.717176019155886e-06, 2.452470880598412e-06, 3.359013817316736e-06, 4.807413006346906e-06, 3.6048775200470118e-06, 2.8382505661284085e-06, 1.964923512787209e-06, 2.2123954295238946e-06, 2.9115892630215967e-06, 1.5350598232544144e-06, 8.497660815010022e-07, 9.059891681317822e-07, 7.573326570309291e-07, 4.458970295218023e-07, 2.557326865826326e-07, 1.861292560079164e-07, 1.20628001809564e-07, 8.212462887513539e-08, 7.94709720253195e-08, 6.887613324124686e-08, 6.631163529391415e-08, 6.534986596307135e-08, 5.061001928652331e-08, 5.6280725857504876e-08, 4.6698406919176705e-08, 4.8986979805931696e-08, 5.3575330838384616e-08, 4.0957253588658205e-08, 3.511383184218175e-08, 2.6390027940692562e-08, 2.8805036578205545e-08, 2.2960268353244828e-08, 1.4382973922977271e-08, 5.6929781777625976e-08, 2.0208736373206193e-07, 2.5783293722270173e-07, 4.5283067606760596e-07, 3.7014427789472393e-07, 2.643212724251498e-07, 1.6074248776476452e-07, 1.6877729080988502e-07, 8.672765261508175e-08, 3.869161702141355e-08, 1.6471638275561418e-08, 1.620400524871002e-08, 9.119426991333057e-09, 3.808070747624015e-09, 5.428430149834185e-09, 3.8355074671869716e-09, 1.987882747300773e-09, 3.2513154391011767e-09, 9.27633703184938e-09, 1.5737871450483e-08, 1.665194382383106e-08, 9.582003634989178e-09, 1.8278076829858492e-09, 5.29159271955848e-10, 6.1634768469542855e-12, 3.831777777019152e-12, 3.730413113828268e-12, 3.641263072312606e-12, 3.5663728914503423e-12, 3.5027581963414933e-12, 3.43438081792935e-12, 3.3322869203572525e-12, 3.2003252044970898e-12, 3.1233125894619684e-12, 3.0989804906261798e-12], "lowlevel.melbands128.stdev": [1.3350193057704018e-06, 9.716571867102175e-07, 5.891226919629844e-06, 6.958646554267034e-05, 0.00010269779158988968, 7.532386371167377e-05, 0.00014795073366258293, 0.00012764941493514925, 0.0004300579894334078, 0.00020168321498204023, 0.00044606332085095346, 0.0013267305912449956, 0.0026839228812605143, 0.0010876256274059415, 0.0005758088082075119, 0.0019923492800444365, 0.002755415625870228, 0.000788818346336484, 0.000944063242059201, 0.002092546783387661, 0.0008803911623544991, 0.0010684456210583448, 0.001547073945403099, 0.00036787413409911096, 0.0004251064092386514, 0.0005075010703876615, 0.0003688445140141994, 0.0003775653603952378, 0.00013971109001431614, 0.00034215691266581416, 0.00022835547861177474, 0.0001948623830685392, 0.00040406198240816593, 0.0004566798161249608, 0.00020661951566580683, 0.0002609330113045871, 0.00025586929405108094, 0.00023279596643988043, 0.0006319525418803096, 0.0003136673185508698, 0.0001997459912672639, 0.0005822383682243526, 0.0001667285105213523, 0.00025862615439109504, 0.00022589199943467975, 0.00011519703548401594, 0.00010553008905844763, 4.8380512453150004e-05, 4.7734021791256964e-05, 7.850881229387596e-05, 8.019198867259547e-05, 4.185366560705006e-05, 3.874867252307013e-05, 3.653604653663933e-05, 2.5730370907695033e-05, 1.0140061931451783e-05, 5.115677595313173e-06, 7.2010479925666004e-06, 4.29323517892044e-06, 3.175460733473301e-06, 2.4759126517892582e-06, 4.317207640269771e-06, 7.685938726353925e-06, 1.0654844118107576e-05, 9.06579225556925e-06, 7.408425972244004e-06, 3.5883745113096666e-06, 7.081292096700054e-06, 8.160413017321844e-06, 4.173100478510605e-06, 2.0273896552680526e-06, 2.9982984415255487e-06, 3.024337047463632e-06, 2.0392621991049964e-06, 8.339388841704931e-07, 6.701268375763902e-07, 4.444704302386526e-07, 2.8717235522890405e-07, 3.146266749354254e-07, 3.596871067657048e-07, 2.658732114468876e-07, 3.5033360745728714e-07, 1.784979986041435e-07, 2.2721411596648977e-07, 1.6988150264296564e-07, 1.8857144823414274e-07, 2.898379989346722e-07, 1.9886617508291238e-07, 1.8563159187579004e-07, 1.3027656109443342e-07, 1.4552909988196916e-07, 1.1980719705206866e-07, 8.796887129847164e-08, 3.9222516079462366e-07, 1.5896451941443956e-06, 1.8808145796356257e-06, 3.507451538098394e-06, 2.7773314741352806e-06, 1.9581450487748953e-06, 1.0903365819103783e-06, 1.2502011941251112e-06, 6.644057179983065e-07, 2.91677650920974e-07, 1.4201664555457683e-07, 1.5773520090078819e-07, 1.1624563711620794e-07, 4.3814999628466467e-08, 5.935355318342772e-08, 4.5865508724318715e-08, 2.5552060023414924e-08, 4.281777066239556e-08, 9.716924154190565e-08, 1.4499903500109212e-07, 1.4967682204769517e-07, 9.542230117176587e-08, 2.1464517274694117e-08, 6.557906662152391e-09, 3.5470421738681424e-11, 5.762137295084457e-12, 5.612205145055782e-12, 5.472127525413262e-12, 5.346283311891131e-12, 5.243608932475885e-12, 5.149078646099481e-12, 5.073503683145075e-12, 5.014341372677755e-12, 4.96975507621733e-12, 4.942264479612657e-12], "lowlevel.mfcc.mean": [-745.729736328125, 236.66262817382812, -100.42350769042969, 1.7544853687286377, -26.539451599121094, -23.871206283569336, -23.278215408325195, -33.2309684753418, -22.792585372924805, -9.273518562316895, -9.631983757019043, -12.013002395629883, -0.32728755474090576], "lowlevel.spectral_contrast_coeffs.mean": [-0.5403543710708618, -0.6531046032905579, -0.742460310459137, -0.7583177089691162, -0.7611657977104187, -0.7262434363365173], "lowlevel.spectral_contrast_coeffs.stdev": [0.08403516560792923, 0.07388651371002197, 0.05228710547089577, 0.04265310987830162, 0.0348396860063076, 0.062889464199543], "lowlevel.spectral_contrast_valleys.mean": [-8.631654739379883, -6.449525356292725, -7.123003959655762, -7.282534599304199, -8.676131248474121, -13.912775039672852], "lowlevel.spectral_contrast_valleys.stdev": [1.054470419883728, 0.8768113851547241, 0.905805766582489, 0.896972119808197, 0.8636191487312317, 1.2202118635177612], "rhythm.beats_loudness_band_ratio.mean": [0.025569038465619087, 0.3685706555843353, 0.4614807665348053, 0.21417196094989777, 0.09407360851764679, 0.004320105072110891], "rhythm.beats_loudness_band_ratio.stdev": [0.028004463762044907, 0.18280649185180664, 0.13768485188484192, 0.10794927924871445, 0.08060717582702637, 0.003647145116701722], "tonal.hpcp.mean": [0.06328408420085907, 0.04353003948926926, 0.02900451235473156, 0.020078767091035843, 0.009786596521735191, 0.10514765232801437, 0.2013235241174698, 0.11397462338209152, 0.12402649223804474, 0.2701360583305359, 0.17452317476272583, 0.03143109381198883, 0.02727366052567959, 0.023841962218284607, 0.22789408266544342, 0.4615650177001953, 0.2558785080909729, 0.01735188066959381, 0.020216641947627068, 0.025370096787810326, 0.10552829504013062, 0.20412574708461761, 0.12348980456590652, 0.024908265098929405, 0.0175608079880476, 0.024990398436784744, 0.06431026011705399, 0.06613712757825851, 0.028306467458605766, 0.2862095534801483, 0.7116197943687439, 0.450114369392395, 0.058512721210718155, 0.06279488652944565, 0.030122434720396996, 0.040954068303108215], "tonal.hpcp.stdev": [0.09231321513652802, 0.07334347814321518, 0.06549107283353806, 0.04113614931702614, 0.03451135754585266, 0.16961315274238586, 0.3204461634159088, 0.1547936201095581, 0.13613374531269073, 0.3170894980430603, 0.21797432005405426, 0.06395881623029709, 0.06817281991243362, 0.07135630398988724, 0.20559172332286835, 0.37239590287208557, 0.22484029829502106, 0.0735585018992424, 0.08593156188726425, 0.07932288944721222, 0.1390961855649948, 0.3005964159965515, 0.18822619318962097, 0.07147368788719177, 0.05318484082818031, 0.07740513980388641, 0.14561502635478973, 0.14056213200092316, 0.05243436247110367, 0.15337438881397247, 0.32912811636924744, 0.23298941552639008, 0.12063142657279968, 0.14373044669628143, 0.05968090891838074, 0.07517451047897339], "rhythm.beats_position": [0.4527890980243683, 0.9055781960487366, 1.3583673238754272, 1.799546480178833, 2.2291154861450195, 2.658684730529785, 3.088253974914551, 3.5178229808807373, 3.947392225265503, 4.36535120010376, 4.794920444488525, 5.212879657745361, 5.642448902130127, 6.072018146514893, 6.51319694519043, 6.942766189575195, 7.360725402832031, 7.778684616088867, 8.196643829345703, 8.614603042602539, 9.044172286987305, 9.47374153137207, 9.914920806884766, 10.332880020141602, 10.750839233398438, 11.180407524108887, 11.609976768493652, 12.039546012878418, 12.469115257263184, 12.910294532775879, 13.351473808288574], "rhythm.bpm_histogram": [0.0, 0.0, 0.0, 0.0, 0.0, 0.0, 0.0, 0.0, 0.0, 0.0, 0.0, 0.0, 0.0, 0.0, 0.0, 0.0, 0.0, 0.0, 0.0, 0.0, 0.0, 0.0, 0.0, 0.0, 0.0, 0.0, 0.0, 0.0, 0.0, 0.0, 0.0, 0.0, 0.0, 0.0, 0.0, 0.0, 0.0, 0.0, 0.0, 0.0, 0.0, 0.0, 0.0, 0.0, 0.0, 0.0, 0.0, 0.0, 0.0, 0.0, 0.0, 0.0, 0.0, 0.0, 0.0, 0.0, 0.0, 0.0, 0.0, 0.0, 0.0, 0.0, 0.0, 0.0, 0.0, 0.0, 0.0, 0.0, 0.0, 0.0, 0.0, 0.0, 0.0, 0.0, 0.0, 0.0, 0.0, 0.0, 0.0, 0.0, 0.0, 0.0, 0.0, 0.0, 0.0, 0.0, 0.0, 0.0, 0.0, 0.0, 0.0, 0.0, 0.0, 0.0, 0.0, 0.0, 0.0, 0.0, 0.0, 0.0, 0.0, 0.0, 0.0, 0.0, 0.0, 0.0, 0.0, 0.0, 0.0, 0.0, 0.0, 0.0, 0.0, 0.0, 0.0, 0.0, 0.0, 0.0, 0.0, 0.0, 0.0, 0.0, 0.0, 0.0, 0.0, 0.0, 0.0, 0.0, 0.0, 0.0, 0.0, 0.0, 0.0, 0.06666667014360428, 0.0, 0.0, 0.1666666716337204, 0.0, 0.0, 0.0, 0.5, 0.0, 0.0, 0.0, 0.2666666805744171, 0.0, 0.0, 0.0, 0.0, 0.0, 0.0, 0.0, 0.0, 0.0, 0.0, 0.0, 0.0, 0.0, 0.0, 0.0, 0.0, 0.0, 0.0, 0.0, 0.0, 0.0, 0.0, 0.0, 0.0, 0.0, 0.0, 0.0, 0.0, 0.0, 0.0, 0.0, 0.0, 0.0, 0.0, 0.0, 0.0, 0.0, 0.0, 0.0, 0.0, 0.0, 0.0, 0.0, 0.0, 0.0, 0.0, 0.0, 0.0, 0.0, 0.0, 0.0, 0.0, 0.0, 0.0, 0.0, 0.0, 0.0, 0.0, 0.0, 0.0, 0.0, 0.0, 0.0, 0.0, 0.0, 0.0, 0.0, 0.0, 0.0, 0.0, 0.0, 0.0, 0.0, 0.0, 0.0, 0.0, 0.0, 0.0, 0.0, 0.0, 0.0, 0.0, 0.0, 0.0, 0.0, 0.0, 0.0, 0.0, 0.0, 0.0, 0.0, 0.0, 0.0, 0.0, 0.0, 0.0, 0.0, 0.0, 0.0, 0.0, 0.0, 0.0, 0.0, 0.0, 0.0], "tonal.chords_histogram": [55.74324417114258, 0.0, 0.0, 0.0, 0.0, 0.0, 0.0, 0.0, 0.0, 0.0, 0.0, 0.0, 0.0, 0.0, 0.0, 0.0, 0.0, 0.6756756901741028, 0.0, 0.0, 0.0, 0.0, 43.58108139038086, 0.0], "tonal.thpcp": [1.0, 0.632520854473114, 0.08222469687461853, 0.08824218809604645, 0.042329393327236176, 0.05755048990249634, 0.08892963081598282, 0.06117036193609238, 0.040758438408374786, 0.02821558341383934, 0.01375256385654211, 0.14775818586349487, 0.2829088270664215, 0.16016224026679993, 0.1742875874042511, 0.37960729002952576, 0.24524778127670288, 0.0441683791577816, 0.03832617029547691, 0.03350379317998886, 0.32024696469306946, 0.648611843585968, 0.3595719337463379, 0.02438363991677761, 0.028409330174326897, 0.03565119579434395, 0.14829309284687042, 0.2868466377258301, 0.17353340983390808, 0.0350022092461586, 0.024677233770489693, 0.03511762619018555, 0.09037166088819504, 0.0929388552904129, 0.039777517318725586, 0.40219447016716003], "lowlevel.gfcc.cov": [[6389.9697265625, 211.88343811035156, -186.75148010253906, 433.4556579589844, -484.3590087890625, 224.82968139648438, -196.250244140625, -64.21235656738281, -20.54485511779785, -190.8115997314453, 132.43161010742188, -173.47950744628906, -25.051965713500977], [211.88343811035156, 1434.251953125, -312.6744079589844, -359.1741638183594, 599.3037109375, -354.7298889160156, 396.95703125, -146.6320037841797, 32.13803482055664, -30.223825454711914, -66.81336212158203, 62.30219650268555, -48.94567108154297], [-186.75148010253906, -312.6744079589844, 686.3729248046875, 306.40771484375, -51.971290588378906, 301.12762451171875, -68.73090362548828, 162.15809631347656, -52.3472785949707, 15.423500061035156, -20.980981826782227, 37.326759338378906, -51.58074188232422], [433.4556579589844, -359.1741638183594, 306.40771484375, 551.1550903320312, -214.5092010498047, 282.2207336425781, -11.29718017578125, 29.63950538635254, 48.45745849609375, -53.560096740722656, 39.177978515625, -21.083314895629883, -38.76657485961914], [-484.3590087890625, 599.3037109375, -51.971290588378906, -214.5092010498047, 438.3410339355469, -173.40675354003906, 166.81666564941406, -8.481592178344727, -16.30602264404297, 33.39180374145508, -59.5562629699707, 59.684017181396484, -33.825164794921875], [224.82968139648438, -354.7298889160156, 301.12762451171875, 282.2207336425781, -173.40675354003906, 294.2134094238281, -45.95705032348633, 60.89890670776367, -6.798099040985107, -28.851354598999023, 32.0651741027832, -17.350139617919922, -26.158544540405273], [-196.250244140625, 396.95703125, -68.73090362548828, -11.29718017578125, 166.81666564941406, -45.95705032348633, 243.14523315429688, -36.23077392578125, 30.39533805847168, -13.233924865722656, -7.371885776519775, 29.112489700317383, -43.206790924072266], [-64.21235656738281, -146.6320037841797, 162.15809631347656, 29.63950538635254, -8.481592178344727, 60.89890670776367, -36.23077392578125, 127.73870849609375, 17.25818634033203, 37.894344329833984, -9.974778175354004, 1.0668081045150757, -18.906269073486328], [-20.54485511779785, 32.13803482055664, -52.3472785949707, 48.45745849609375, -16.30602264404297, -6.798099040985107, 30.39533805847168, 17.25818634033203, 123.08943176269531, 23.53673553466797, -7.507110595703125, -19.4306697845459, -24.29293441772461], [-190.8115997314453, -30.223825454711914, 15.423500061035156, -53.560096740722656, 33.39180374145508, -28.851354598999023, -13.233924865722656, 37.894344329833984, 23.53673553466797, 90.58096313476562, -6.091360092163086, -2.641798734664917, -5.042640209197998], [132.43161010742188, -66.81336212158203, -20.980981826782227, 39.177978515625, -59.5562629699707, 32.0651741027832, -7.371885776519775, -9.974778175354004, -7.507110595703125, -6.091360092163086, 58.238792419433594, -4.1531147956848145, 3.6199252605438232], [-173.47950744628906, 62.30219650268555, 37.326759338378906, -21.083314895629883, 59.684017181396484, -17.350139617919922, 29.112489700317383, 1.0668081045150757, -19.4306697845459, -2.641798734664917, -4.1531147956848145, 61.681209564208984, 5.330114364624023], [-25.051965713500977, -48.94567108154297, -51.58074188232422, -38.76657485961914, -33.825164794921875, -26.158544540405273, -43.206790924072266, -18.906269073486328, -24.29293441772461, -5.042640209197998, 3.6199252605438232, 5.330114364624023, 58.49827194213867]], "lowlevel.gfcc.icov": [[0.0005142464651726186, -0.0017627485794946551, 0.0014419910730794072, -0.0011500335531309247, 0.0016429175157099962, -0.0012032969389110804, 0.0020283705089241266, -0.0018782932311296463, 0.0018820225959643722, -0.0007374051492661238, 0.00043522691703401506, -0.00041252956725656986, 0.001286330632865429], [-0.0017627485794946551, 0.010101640596985817, -0.006932639982551336, 0.0054382565431296825, -0.009271658957004547, 0.0067734005860984325, -0.010556196793913841, 0.009806878864765167, -0.00940296333283186, 0.006023053079843521, -0.003384041367098689, 0.004110447131097317, -0.005322047043591738], [0.0014419910730794072, -0.006932639982551336, 0.011620530858635902, -0.0062634325586259365, 0.005331309512257576, -0.009355494752526283, 0.008972786366939545, -0.01120829302817583, 0.010873939841985703, -0.006081266328692436, 0.006821856833994389, -0.006928542163223028, 0.0070173004642128944], [-0.0011500335531309247, 0.0054382565431296825, -0.0062634325586259365, 0.008306849747896194, -0.0038917053025215864, 0.0014634813414886594, -0.006709906738251448, 0.007760756183415651, -0.008813433349132538, 0.0049918401055037975, -0.003523060353472829, 0.002593511948361993, -0.003251721616834402], [0.0016429175157099962, -0.009271658957004547, 0.005331309512257576, -0.0038917053025215864, 0.014639200642704964, -0.0033939070999622345, 0.006361844018101692, -0.009065739810466766, 0.01014002412557602, -0.006578225642442703, 0.00598555151373148, -0.005877064540982246, 0.0075927418656647205], [-0.0012032969389110804, 0.0067734005860984325, -0.009355494752526283, 0.0014634813414886594, -0.0033939070999622345, 0.017512477934360504, -0.008474805392324924, 0.005612965207546949, -0.005907046142965555, 0.006551326252520084, -0.006529873237013817, 0.006267376709729433, -0.002759477123618126], [0.0020283705089241266, -0.010556196793913841, 0.008972786366939545, -0.006709906738251448, 0.006361844018101692, -0.008474805392324924, 0.019398557022213936, -0.008847993798553944, 0.008388293907046318, -0.004892060533165932, 0.002544403076171875, -0.007194653153419495, 0.01041827816516161], [-0.0018782932311296463, 0.009806878864765167, -0.01120829302817583, 0.007760756183415651, -0.009065739810466766, 0.005612965207546949, -0.008847993798553944, 0.024967189878225327, -0.013763046823441982, 0.002408458385616541, -0.0039035279769450426, 0.004208970349282026, -0.004186595324426889], [0.0018820225959643722, -0.00940296333283186, 0.010873939841985703, -0.008813433349132538, 0.01014002412557602, -0.005907046142965555, 0.008388293907046318, -0.013763046823441982, 0.02383398450911045, -0.010022695176303387, 0.008245355449616909, -0.0032677524723112583, 0.010476402007043362], [-0.0007374051492661238, 0.006023053079843521, -0.006081266328692436, 0.0049918401055037975, -0.006578225642442703, 0.006551326252520084, -0.004892060533165932, 0.002408458385616541, -0.010022695176303387, 0.020427102223038673, -0.0060583618469536304, 0.005320536904036999, -0.0035506151616573334], [0.00043522691703401506, -0.003384041367098689, 0.006821856833994389, -0.003523060353472829, 0.00598555151373148, -0.006529873237013817, 0.002544403076171875, -0.0039035279769450426, 0.008245355449616909, -0.0060583618469536304, 0.026271531358361244, -0.005690046586096287, 0.003988742828369141], [-0.00041252956725656986, 0.004110447131097317, -0.006928542163223028, 0.002593511948361993, -0.005877064540982246, 0.006267376709729433, -0.007194653153419495, 0.004208970349282026, -0.0032677524723112583, 0.005320536904036999, -0.005690046586096287, 0.026312656700611115, -0.008621086366474628], [0.001286330632865429, -0.005322047043591738, 0.0070173004642128944, -0.003251721616834402, 0.0075927418656647205, -0.002759477123618126, 0.01041827816516161, -0.004186595324426889, 0.010476402007043362, -0.0035506151616573334, 0.003988742828369141, -0.008621086366474628, 0.03130644932389259]], "lowlevel.mfcc.cov": [[4434.7939453125, -143.4362335205078, 153.01547241210938, 256.3470458984375, -205.66677856445312, 201.25880432128906, -142.03558349609375, 49.324249267578125, -214.70291137695312, 128.1005401611328, -148.6412353515625, -90.25140380859375, 139.04559326171875], [-143.4362335205078, 1844.7578125, -818.5374145507812, 65.75411224365234, 35.510799407958984, -49.772918701171875, 159.32545471191406, 1.3009376525878906, 78.09344482421875, -131.4961700439453, 123.21611785888672, -86.71247863769531, 75.35794830322266], [153.01547241210938, -818.5374145507812, 902.6620483398438, 45.56406021118164, 140.23062133789062, 112.88029479980469, 50.64857482910156, 106.08124542236328, 39.67528533935547, 35.97813415527344, 8.362679481506348, 92.25020599365234, -18.53896141052246], [256.3470458984375, 65.75411224365234, 45.56406021118164, 246.0041046142578, -7.933836460113525, 128.54782104492188, 25.322534561157227, 100.29334259033203, 12.415915489196777, 10.02849006652832, 42.05679702758789, 0.6556559801101685, 36.87165069580078], [-205.66677856445312, 35.510799407958984, 140.23062133789062, -7.933836460113525, 211.22120666503906, -43.4901123046875, 47.225032806396484, -4.995701313018799, 55.705692291259766, -7.733118057250977, 31.59482192993164, 8.741181373596191, -12.509163856506348], [201.25880432128906, -49.772918701171875, 112.88029479980469, 128.54782104492188, -43.4901123046875, 209.89407348632812, 38.959686279296875, 103.06414794921875, -11.231237411499023, 6.386855125427246, 17.579973220825195, 2.6534204483032227, 28.02176284790039], [-142.03558349609375, 159.32545471191406, 50.64857482910156, 25.322534561157227, 47.225032806396484, 38.959686279296875, 153.33285522460938, 46.20073318481445, 15.818485260009766, -33.20109176635742, 16.977615356445312, -2.611177682876587, 29.76957130432129], [49.324249267578125, 1.3009376525878906, 106.08124542236328, 100.29334259033203, -4.995701313018799, 103.06414794921875, 46.20073318481445, 152.54298400878906, 17.293615341186523, 2.2102270126342773, 28.75649070739746, -3.1739442348480225, 41.59632873535156], [-214.70291137695312, 78.09344482421875, 39.67528533935547, 12.415915489196777, 55.705692291259766, -11.231237411499023, 15.818485260009766, 17.293615341186523, 105.4472885131836, 9.402839660644531, 61.499019622802734, 28.824708938598633, -5.179012298583984], [128.1005401611328, -131.4961700439453, 35.97813415527344, 10.02849006652832, -7.733118057250977, 6.386855125427246, -33.20109176635742, 2.2102270126342773, 9.402839660644531, 113.21236419677734, 17.41120719909668, 18.247833251953125, 30.720623016357422], [-148.6412353515625, 123.21611785888672, 8.362679481506348, 42.05679702758789, 31.59482192993164, 17.579973220825195, 16.977615356445312, 28.75649070739746, 61.499019622802734, 17.41120719909668, 141.958251953125, 49.56892395019531, -3.922311544418335], [-90.25140380859375, -86.71247863769531, 92.25020599365234, 0.6556559801101685, 8.741181373596191, 2.6534204483032227, -2.611177682876587, -3.1739442348480225, 28.824708938598633, 18.247833251953125, 49.56892395019531, 93.46156311035156, -2.968888521194458], [139.04559326171875, 75.35794830322266, -18.53896141052246, 36.87165069580078, -12.509163856506348, 28.02176284790039, 29.76957130432129, 41.59632873535156, -5.179012298583984, 30.720623016357422, -3.922311544418335, -2.968888521194458, 109.47245788574219]], "lowlevel.mfcc.icov": [[0.0003391512727830559, -0.00021495853434316814, -0.0003711107710842043, -0.00035150436451658607, 0.000259510416071862, -6.757445953553542e-05, 0.00046025135088711977, 0.0002732194843702018, 0.0006094368291087449, -0.0003873565001413226, 0.00018772634211927652, 0.000276544684311375, -0.00025751913199201226], [-0.00021495853434316814, 0.001850680448114872, 0.0019216719083487988, -4.225496013532393e-05, -0.0009293307666666806, -0.00011129493213957176, -0.0015637334436178207, -0.0001244818849954754, -0.0013432673877105117, 0.0017533296486362815, -0.0012902108719572425, 0.00038414454320445657, -0.0008578207343816757], [-0.0003711107710842043, 0.0019216719083487988, 0.004021897446364164, 0.0005164909525774419, -0.002688242355361581, -0.0011262057814747095, -0.0018512565875425935, -0.0018460617866367102, -0.0014352998696267605, 0.001035096705891192, 0.0001664072333369404, -0.0022139260545372963, 0.0004291915975045413], [-0.00035150436451658607, -4.225496013532393e-05, 0.0005164909525774419, 0.007384864147752523, -0.000980363693088293, -0.0033776883501559496, 0.0006249646539799869, -0.002611379371955991, -0.0005642887554131448, 0.0002707882667891681, -0.0012402274878695607, -6.076131103327498e-05, -0.0004982039681635797], [0.000259510416071862, -0.0009293307666666806, -0.002688242355361581, -0.000980363693088293, 0.008301238529384136, 0.0026233596727252007, -0.0013468433171510696, 0.0016733274096623063, -0.002001337241381407, -0.0006296696956269443, -0.0006837506080046296, 0.002329748123884201, 0.0003132652782369405], [-6.757445953553542e-05, -0.00011129493213957176, -0.0011262057814747095, -0.0033776883501559496, 0.0026233596727252007, 0.010081706568598747, -0.0017235911218449473, -0.0034825836773961782, 0.0016177548095583916, -0.0005331775755621493, -0.0004977357457391918, 0.00016440695617347956, 0.0008332782308571041], [0.00046025135088711977, -0.0015637334436178207, -0.0018512565875425935, 0.0006249646539799869, -0.0013468433171510696, -0.0017235911218449473, 0.01108655333518982, -0.0008867608848959208, 0.0012228224659338593, 0.002091652248054743, 0.00015417448594234884, 0.0003104239294771105, -0.0029379380866885185], [0.0002732194843702018, -0.0001244818849954754, -0.0018460617866367102, -0.002611379371955991, 0.0016733274096623063, -0.0034825836773961782, -0.0008867608848959208, 0.01391647569835186, -0.0018237780313938856, 0.0011170546058565378, -0.0021381601691246033, 0.0037292474880814552, -0.004033708479255438], [0.0006094368291087449, -0.0013432673877105117, -0.0014352998696267605, -0.0005642887554131448, -0.002001337241381407, 0.0016177548095583916, 0.0012228224659338593, -0.0018237780313938856, 0.016592102125287056, -0.002394492970779538, -0.0037243894767016172, -0.0017633815295994282, 0.0010908986441791058], [-0.0003873565001413226, 0.0017533296486362815, 0.001035096705891192, 0.0002707882667891681, -0.0006296696956269443, -0.0005331775755621493, 0.002091652248054743, 0.0011170546058565378, -0.002394492970779538, 0.013756130822002888, -0.003119358327239752, -7.280211139004678e-05, -0.005646901670843363], [0.00018772634211927652, -0.0012902108719572425, 0.0001664072333369404, -0.0012402274878695607, -0.0006837506080046296, -0.0004977357457391918, 0.00015417448594234884, -0.0021381601691246033, -0.0037243894767016172, -0.003119358327239752, 0.01372499018907547, -0.006590135861188173, 0.0029276025015860796], [0.000276544684311375, 0.00038414454320445657, -0.0022139260545372963, -6.076131103327498e-05, 0.002329748123884201, 0.00016440695617347956, 0.0003104239294771105, 0.0037292474880814552, -0.0017633815295994282, -7.280211139004678e-05, -0.006590135861188173, 0.017408806830644608, -0.0020744209177792072], [-0.00025751913199201226, -0.0008578207343816757, 0.0004291915975045413, -0.0004982039681635797, 0.0003132652782369405, 0.0008332782308571041, -0.0029379380866885185, -0.004033708479255438, 0.0010908986441791058, -0.005646901670843363, 0.0029276025015860796, -0.0020744209177792072, 0.014131816104054451]], "metadata.audio_properties.analysis.downmix": "mix", "metadata.audio_properties.codec": "mp3", "metadata.audio_properties.md5_encoded": "330f722b57e400491976c5461fbda15c", "metadata.tags.file_name": "1183697816422469682.mp3", "metadata.version.essentia": "2.1-beta6-dev", "metadata.version.essentia_git_sha": "v2.1_beta5-1110-g77a6a954", "metadata.version.extractor": "music 2.0", "tonal.chords_key": "G", "tonal.chords_scale": "major", "tonal.key_edma.key": "C", "tonal.key_edma.scale": "major", "tonal.key_krumhansl.key": "C", "tonal.key_krumhansl.scale": "major", "tonal.key_temperley.key": "G", "tonal.key_temperley.scale": "major", "metadata.tags.encoding": ["Lavf58.45.100"]}, "essentia_models": [{"model_name": "genre_dortmund", "activations": {"alternative": "0.3516221", "blues": "0.06748782", "electronic": "0.105627745", "folkcountry": "0.2080635", "funksoulrnb": "0.048096947", "jazz": "0.2104348", "pop": "0.03914947", "raphiphop": "0.13857734", "rock": "0.12943625"}}, {"model_name": "genre_rosamerica", "activations": {"classic": "0.63773245", "dance": "0.14334862", "hip hop": "0.022176683", "jazz": "0.15239371", "pop": "0.025521275", "rhythm and blues": "0.014682263", "rock": "0.13134202", "speech": "0.48074016"}}, {"model_name": "genre_tzanetakis", "activations": {"blues": "0.11764623", "classic": "0.5336219", "country": "0.09115124", "disco": "0.010535941", "hip hop": "0.020569954", "jazz": "0.09764065", "metal": "0.04941682", "pop":