{"song_id": "1183655470892851244", "download": "https://cdn.discordapp.com/attachments/1135903449314238464/1183655470892851244/chirp.mp4?ex=6589200f&amp", "lyrics": "Y\u00fcr\u00fcd\u00fck ya\u011fmur alt\u0131nda, damlalar d\u00fc\u015ferken\nG\u00f6zlerin parl\u0131yordu, \u0131\u015f\u0131\u011f\u0131n\u0131 ta\u015f\u0131rken\nG\u00fczelim, beni sard\u0131n, kalbimde bir melodi\nSonsuz yaz ya\u011fmurunda, a\u015fk\u0131m\u0131z bir ser\u00fcveni\n\nPerde araland\u0131, g\u00f6nl\u00fcm\u00fczde bahar\nBirlikte yazd\u0131k \u015fark\u0131y\u0131, sevgimizle sarar\nSonsuz bir masal gibi, hep yan\u0131mda ol\nG\u00fczelim, seninle ge\u00e7sin her an, her soluk", "style": ["Rock"], "essentia_features": {"lowlevel.average_loudness": 0.9557705521583557, "lowlevel.barkbands_crest.mean": 12.424542427062988, "lowlevel.barkbands_crest.stdev": 4.586387634277344, "lowlevel.barkbands_flatness_db.mean": 0.28595009446144104, "lowlevel.barkbands_flatness_db.stdev": 0.067658431828022, "lowlevel.barkbands_kurtosis.mean": 11.40583324432373, "lowlevel.barkbands_kurtosis.stdev": 12.661772727966309, "lowlevel.barkbands_skewness.mean": 2.443969964981079, "lowlevel.barkbands_skewness.stdev": 1.3868037462234497, "lowlevel.barkbands_spread.mean": 7.124953269958496, "lowlevel.barkbands_spread.stdev": 8.483297348022461, "lowlevel.dissonance.mean": 0.4040326476097107, "lowlevel.dissonance.stdev": 0.05570308491587639, "lowlevel.dynamic_complexity": 3.7369883060455322, "lowlevel.erbbands_crest.mean": 11.872208595275879, "lowlevel.erbbands_crest.stdev": 4.036618709564209, "lowlevel.erbbands_flatness_db.mean": 0.26683154702186584, "lowlevel.erbbands_flatness_db.stdev": 0.062278904020786285, "lowlevel.erbbands_kurtosis.mean": 1.4694186449050903, "lowlevel.erbbands_kurtosis.stdev": 2.603672742843628, "lowlevel.erbbands_skewness.mean": 0.9772160649299622, "lowlevel.erbbands_skewness.stdev": 0.8356571197509766, "lowlevel.erbbands_spread.mean": 24.33658218383789, "lowlevel.erbbands_spread.stdev": 17.602275848388672, "lowlevel.hfc.mean": 9.40895938873291, "lowlevel.hfc.stdev": 9.512009620666504, "lowlevel.loudness_ebu128.integrated": -20.23015785217285, "lowlevel.loudness_ebu128.loudness_range": 3.0846691131591797, "lowlevel.loudness_ebu128.momentary.mean": -21.590383529663086, "lowlevel.loudness_ebu128.momentary.stdev": 4.64452600479126, "lowlevel.loudness_ebu128.short_term.mean": -20.538339614868164, "lowlevel.loudness_ebu128.short_term.stdev": 1.1702945232391357, "lowlevel.melbands_crest.mean": 16.096458435058594, "lowlevel.melbands_crest.stdev": 5.070312023162842, "lowlevel.melbands_flatness_db.mean": 0.36489853262901306, "lowlevel.melbands_flatness_db.stdev": 0.08346674591302872, "lowlevel.melbands_kurtosis.mean": 17.24650764465332, "lowlevel.melbands_kurtosis.stdev": 16.22336769104004, "lowlevel.melbands_skewness.mean": 2.8667659759521484, "lowlevel.melbands_skewness.stdev": 1.5161526203155518, "lowlevel.melbands_spread.mean": 8.041770935058594, "lowlevel.melbands_spread.stdev": 10.109785079956055, "lowlevel.pitch_salience.mean": 0.5033864378929138, "lowlevel.pitch_salience.stdev": 0.12172271311283112, "lowlevel.silence_rate_20dB.mean": 1.0, "lowlevel.silence_rate_20dB.stdev": 0.0, "lowlevel.silence_rate_30dB.mean": 0.9971031546592712, "lowlevel.silence_rate_30dB.stdev": 0.053745828568935394, "lowlevel.silence_rate_60dB.mean": 0.08748551458120346, "lowlevel.silence_rate_60dB.stdev": 0.2825489938259125, "lowlevel.spectral_centroid.mean": 520.0294189453125, "lowlevel.spectral_centroid.stdev": 419.83148193359375, "lowlevel.spectral_complexity.mean": 9.161066055297852, "lowlevel.spectral_complexity.stdev": 4.4403486251831055, "lowlevel.spectral_decrease.mean": -6.426388754476875e-09, "lowlevel.spectral_decrease.stdev": 5.248263157398014e-09, "lowlevel.spectral_energy.mean": 0.025108104571700096, "lowlevel.spectral_energy.stdev": 0.020485514774918556, "lowlevel.spectral_energyband_high.mean": 6.313109770417213e-05, "lowlevel.spectral_energyband_high.stdev": 0.00021889881463721395, "lowlevel.spectral_energyband_low.mean": 0.005605698097497225, "lowlevel.spectral_energyband_low.stdev": 0.008283499628305435, "lowlevel.spectral_energyband_middle_high.mean": 0.00193381542339921, "lowlevel.spectral_energyband_middle_high.stdev": 0.0042164521291852, "lowlevel.spectral_energyband_middle_low.mean": 0.019548727199435234, "lowlevel.spectral_energyband_middle_low.stdev": 0.018131257966160774, "lowlevel.spectral_entropy.mean": 6.2462477684021, "lowlevel.spectral_entropy.stdev": 0.6619442701339722, "lowlevel.spectral_flux.mean": 0.053984664380550385, "lowlevel.spectral_flux.stdev": 0.03613831475377083, "lowlevel.spectral_kurtosis.mean": 28.797359466552734, "lowlevel.spectral_kurtosis.stdev": 29.927230834960938, "lowlevel.spectral_rms.mean": 0.004494934342801571, "lowlevel.spectral_rms.stdev": 0.002071531256660819, "lowlevel.spectral_rolloff.mean": 572.5756225585938, "lowlevel.spectral_rolloff.stdev": 652.7647705078125, "lowlevel.spectral_skewness.mean": 3.6082546710968018, "lowlevel.spectral_skewness.stdev": 1.809739351272583, "lowlevel.spectral_spread.mean": 2482863.25, "lowlevel.spectral_spread.stdev": 1584417.875, "lowlevel.spectral_strongpeak.mean": 0.87664794921875, "lowlevel.spectral_strongpeak.stdev": 0.7482103109359741, "lowlevel.zerocrossingrate.mean": 0.02445197105407715, "lowlevel.zerocrossingrate.stdev": 0.02109147235751152, "metadata.audio_properties.analysis.equal_loudness": 0.0, "metadata.audio_properties.analysis.length": 40.04265213012695, "metadata.audio_properties.analysis.sample_rate": 44100.0, "metadata.audio_properties.analysis.start_time": 0.0, "metadata.audio_properties.bit_rate": 109830.0, "metadata.audio_properties.length": 40.042667388916016, "metadata.audio_properties.lossless": 0.0, "metadata.audio_properties.number_channels": 1.0, "metadata.audio_properties.replay_gain": -7.433448791503906, "metadata.audio_properties.sample_rate": 48000.0, "rhythm.beats_count": 89.0, "rhythm.beats_loudness.mean": 0.03639694303274155, "rhythm.beats_loudness.stdev": 0.021968422457575798, "rhythm.bpm": 142.42727661132812, "rhythm.bpm_histogram_first_peak_bpm": 144.0, "rhythm.bpm_histogram_first_peak_weight": 0.5531915426254272, "rhythm.bpm_histogram_second_peak_bpm": 136.0, "rhythm.bpm_histogram_second_peak_spread": 0.21428567171096802, "rhythm.bpm_histogram_second_peak_weight": 0.125, "rhythm.danceability": 1.1279324293136597, "rhythm.onset_rate": 3.2955164909362793, "tonal.chords_changes_rate": 0.0486111119389534, "tonal.chords_number_rate": 0.009259259328246117, "tonal.chords_strength.mean": 0.583685576915741, "tonal.chords_strength.stdev": 0.09720933437347412, "tonal.hpcp_crest.mean": 16.393877029418945, "tonal.hpcp_crest.stdev": 7.521956443786621, "tonal.hpcp_entropy.mean": 1.7048261165618896, "tonal.hpcp_entropy.stdev": 0.6800581216812134, "tonal.key_edma.strength": 0.6571398377418518, "tonal.key_krumhansl.strength": 0.670382559299469, "tonal.key_temperley.strength": 0.6743082404136658, "tonal.tuning_diatonic_strength": 0.538297176361084, "tonal.tuning_equal_tempered_deviation": 0.11294861137866974, "tonal.tuning_frequency": 437.4657897949219, "tonal.tuning_nontempered_energy_ratio": 0.7210564613342285, "lowlevel.barkbands.mean": [2.844564733095467e-06, 0.00024157037842087448, 0.0033833992201834917, 0.0046715023927390575, 0.006410181522369385, 0.00453300541266799, 0.0019320533610880375, 0.0006207084516063333, 0.0011828939896076918, 0.0005724641378037632, 0.0003460806328803301, 0.0003307668666820973, 0.00027889772900380194, 0.00013578565267380327, 6.520369061036035e-05, 8.7966829596553e-05, 9.402537398273125e-05, 8.836959023028612e-05, 4.991956666344777e-05, 2.5443470804020762e-05, 1.593144224898424e-05, 1.529258042864967e-05, 7.468351213901769e-06, 4.9504833441460505e-06, 9.176202183880378e-06, 2.2029398678569123e-06, 2.930503395504047e-09], "lowlevel.barkbands.stdev": [6.382805622706655e-06, 0.0007856795564293861, 0.00634746951982379, 0.0070825922302901745, 0.010246786288917065, 0.006386830471456051, 0.0031951051205396652, 0.0018772392068058252, 0.004226574208587408, 0.0018208898836746812, 0.0010845994111150503, 0.001188424532301724, 0.0010331138037145138, 0.00036353382165543735, 0.00015401926066260785, 0.00026633767993189394, 0.00026790815172716975, 0.0002866010763682425, 0.000287603004835546, 0.0001052353618433699, 6.154069706099108e-05, 6.281709647737443e-05, 3.068464502575807e-05, 1.8459284547134303e-05, 3.615011883084662e-05, 8.190773769456428e-06, 2.776237018053962e-08], "lowlevel.erbbands.mean": [0.003917848691344261, 0.12253405898809433, 2.7009801864624023, 10.701891899108887, 22.68475341796875, 19.508100509643555, 21.7532958984375, 41.80818557739258, 34.089942932128906, 18.186485290527344, 14.226176261901855, 31.38216781616211, 18.097801208496094, 19.22585678100586, 12.267040252685547, 13.78941535949707, 14.38409423828125, 8.481771469116211, 4.343841552734375, 3.6916756629943848, 5.1080546379089355, 5.911200046539307, 5.874189853668213, 1.7512327432632446, 2.7924485206604004, 1.1659783124923706, 0.6618179678916931, 0.609613299369812, 0.5877331495285034, 0.37841159105300903, 0.18350636959075928, 0.08585567027330399, 0.1051912009716034, 0.11681460589170456, 0.05496358498930931, 0.017523551359772682, 0.0023377800825983286, 0.00012405356392264366, 1.543923281133175e-05, 2.8371538064675406e-05], "lowlevel.erbbands.stdev": [0.01662571169435978, 0.286702424287796, 5.220252990722656, 13.6482515335083, 40.41071319580078, 32.87123489379883, 40.28960418701172, 63.995296478271484, 46.54979705810547, 38.410274505615234, 46.98359298706055, 123.37223052978516, 58.249610900878906, 82.35281372070312, 34.37723922729492, 45.55276107788086, 51.30937957763672, 20.937732696533203, 9.554963111877441, 8.855814933776855, 16.102834701538086, 15.923375129699707, 17.780733108520508, 8.793181419372559, 15.205129623413086, 4.896358013153076, 2.39803409576416, 2.591177225112915, 2.508707046508789, 1.5112870931625366, 0.7236484885215759, 0.32351285219192505, 0.40174946188926697, 0.4639400839805603, 0.21998266875743866, 0.06606054306030273, 0.009536566212773323, 0.0006175700691528618, 1.6275886082439683e-05, 2.2697775420965627e-05], "lowlevel.gfcc.mean": [-122.1227035522461, 168.1324462890625, -111.34138488769531, -0.2159166932106018, -58.576847076416016, -9.489441871643066, -52.851322174072266, -16.544689178466797, -29.426410675048828, -16.234464645385742, -13.158934593200684, -11.033421516418457, -9.790620803833008], "lowlevel.melbands.mean": [4.641965279006399e-05, 0.0010490167187526822, 0.0022615306079387665, 0.0015695830807089806, 0.000752149207983166, 0.0009181589120998979, 0.00048631319077685475, 0.0001773917902028188, 0.0001243674341822043, 0.000193684347323142, 8.121915743686259e-05, 7.691090286243707e-05, 3.9938320696819574e-05, 4.166943836025894e-05, 2.71237895503873e-05, 3.0312949093058705e-05, 1.4262633158068638e-05, 7.418195309583098e-06, 4.660000286094146e-06, 5.2484951993392315e-06, 5.976919510430889e-06, 5.597936706180917e-06, 7.510413070122013e-06, 2.848599251592532e-06, 1.1332255098750466e-06, 2.2771087060391437e-06, 1.5309425407394883e-06, 5.871130497325794e-07, 3.870482885304227e-07, 4.0290458969138854e-07, 3.364391432114644e-07, 3.445660468059941e-07, 2.719740450629615e-07, 1.885876770302275e-07, 1.1657208176529821e-07, 6.142740005543601e-08, 4.8073321323727214e-08, 6.700753374389024e-08, 8.795203143563413e-08, 1.0404617967196828e-07], "lowlevel.melbands.stdev": [0.00018301731324754655, 0.0018733696779236197, 0.0027256710454821587, 0.002470203209668398, 0.001242681173607707, 0.0013074091402813792, 0.0006954761338420212, 0.00039923604344949126, 0.00041487423004582524, 0.0007666577002964914, 0.00027626249357126653, 0.0003307544975541532, 0.00011981317948084325, 0.0001685622992226854, 7.119575457181782e-05, 0.00012510307715274394, 3.6394641938386485e-05, 1.839324613683857e-05, 1.1941210686927661e-05, 1.4531926353811286e-05, 2.0703388145193458e-05, 1.737710408633575e-05, 2.0448276700335555e-05, 9.90698845271254e-06, 6.745654445694527e-06, 1.3516004401026294e-05, 7.3530736699467525e-06, 2.4392186332988786e-06, 1.480398509556835e-06, 1.56621536007151e-06, 1.5569113429592107e-06, 1.5317774568757159e-06, 1.087995428861177e-06, 8.075592745626636e-07, 4.782256155522191e-07, 2.538236287819018e-07, 1.8469130225184927e-07, 2.6169638545070484e-07, 3.441723777086736e-07, 4.226845646826405e-07], "lowlevel.melbands128.mean": [1.538090145913884e-06, 1.3815054444421548e-05, 4.9389414925826713e-05, 0.00013665357255376875, 0.0008830234874039888, 0.0018978953594341874, 0.002035370096564293, 0.002541878493502736, 0.0024091177619993687, 0.0016588990110903978, 0.0009654010063968599, 0.0006094550481066108, 0.0006752533954568207, 0.0009020162979140878, 0.0011454944033175707, 0.0007647607708349824, 0.0006605246453545988, 0.0004347404756117612, 0.0003014333196915686, 0.000168416096130386, 0.00014537251263391227, 8.01710702944547e-05, 0.00011998629634035751, 0.00015035578690003604, 0.0002806497795972973, 0.00016574913752265275, 8.616808918304741e-05, 8.787961269263178e-05, 6.38642959529534e-05, 7.11097673047334e-05, 0.00010362376633565873, 4.548069045995362e-05, 2.926959132310003e-05, 4.305841139284894e-05, 3.20013496093452e-05, 5.4494914365932345e-05, 3.1794803362572566e-05, 2.3723901904304512e-05, 1.7775833839550614e-05, 4.850129334954545e-05, 3.0854851502226666e-05, 9.402995601703878e-06, 1.5497347703785636e-05, 1.7401423974661157e-05, 8.446390893368516e-06, 6.53383222015691e-06, 4.392153186927317e-06, 4.211579380353214e-06, 5.287744897941593e-06, 4.515925866144244e-06, 5.071454324934166e-06, 6.019244665367296e-06, 7.034535883576609e-06, 5.491951014846563e-06, 4.241926035319921e-06, 6.143056452856399e-06, 5.973323368380079e-06, 6.837282398919342e-06, 9.891220543067902e-06, 5.764499292126857e-06, 2.0146330825809855e-06, 8.606429560131801e-07, 8.667370821058284e-07, 1.0662431577657117e-06, 1.7709215853756177e-06, 2.643902462295955e-06, 2.336666057090042e-06, 1.9671599602588685e-06, 1.3942558325652499e-06, 9.496390589447401e-07, 5.065584218755248e-07, 4.6156060307112057e-07, 3.882016983425274e-07, 3.5874157333637413e-07, 3.9991653011384187e-07, 4.4744965066456643e-07, 3.803031347615615e-07, 3.201033962341171e-07, 3.6153579685560544e-07, 3.076299890381051e-07, 3.5569141232372203e-07, 3.5970725775769097e-07, 3.1664140465181845e-07, 2.736431952143903e-07, 2.281688438188212e-07, 1.9804716089311114e-07, 1.78144347273701e-07, 1.5669232311665837e-07, 1.217502187955688e-07, 7.944009183802336e-08, 7.287541592404523e-08, 5.681362935661127e-08, 4.123136321254606e-08, 4.466818026571673e-08, 5.226761246035494e-08, 5.984858120200442e-08, 6.72580782179466e-08, 8.61450857314594e-08, 7.533942891768675e-08, 9.451123617054691e-08, 1.1539153632611487e-07, 1.1000483368661662e-07, 8.928314088052502e-08, 6.54383924825197e-08, 5.883438092268989e-08, 5.71629890089298e-08, 4.5422034133935085e-08, 4.048856183658245e-08, 2.967165357858903e-08, 2.0633171615713763e-08, 1.1608351613290324e-08, 8.11218647811529e-09, 5.943468828206733e-09, 3.323707309377255e-09, 1.7127291807028655e-09, 6.639299665600618e-10, 1.2253947856422087e-10, 7.40899269019435e-12, 3.327191386987005e-12, 3.2393462912061466e-12, 3.15735155034802e-12, 3.0948416572529336e-12, 3.049525692730426e-12, 2.9891787829694483e-12, 2.8697777661179646e-12, 2.688037509593344e-12, 2.5864666311492535e-12, 2.561374289750118e-12], "lowlevel.melbands128.stdev": [3.9339615796052385e-06, 8.887749572750181e-05, 0.00031336117535829544, 0.00041011266876012087, 0.0022009527310729027, 0.003387024160474539, 0.0030858751852065325, 0.004238483961671591, 0.005373275373131037, 0.003432836150750518, 0.0021185260266065598, 0.001809278386645019, 0.0017578750848770142, 0.001732638687826693, 0.0022965148091316223, 0.0011931947665289044, 0.0010067143011838198, 0.0009378708782605827, 0.0009252434829249978, 0.0004779693263117224, 0.00045474234502762556, 0.00048626112402416766, 0.0005779835046269, 0.0006790811894461513, 0.0013054112205281854, 0.0008717425516806543, 0.0004957279888913035, 0.00037325391895137727, 0.00026614227681420743, 0.0003317695518489927, 0.0006227425765246153, 0.00020157269318588078, 0.00014922532136552036, 0.00013174398918636143, 0.00016795156989246607, 0.000306394649669528, 9.322407277068123e-05, 9.198855696013197e-05, 6.846898031653836e-05, 0.0002215294516645372, 0.00016849256644491106, 3.2948897569440305e-05, 5.835489719174802e-05, 5.254524148767814e-05, 3.316285801702179e-05, 1.8182692656409927e-05, 1.435482317901915e-05, 1.713480378384702e-05, 1.75079421751434e-05, 1.5918949429760687e-05, 1.823260390665382e-05, 2.2120251742308028e-05, 2.854445847333409e-05, 2.6038525902549736e-05, 1.573208828631323e-05, 2.4610069885966368e-05, 1.940369293151889e-05, 1.8320117305847816e-05, 3.2373958674725145e-05, 2.0540934201562777e-05, 8.662093023303896e-06, 3.9300643948081415e-06, 5.83324663239182e-06, 6.785397999919951e-06, 1.2145484106440563e-05, 1.7729233150021173e-05, 1.447736121917842e-05, 1.1718795576598495e-05, 6.696824129903689e-06, 4.160763637628406e-06, 2.2107722088549053e-06, 2.3113414044928504e-06, 1.7268069996134727e-06, 1.4204500757841743e-06, 1.611878133189748e-06, 1.8712580640567467e-06, 1.6138520777531085e-06, 1.5414857443829533e-06, 1.9374526800675085e-06, 1.5306649174817721e-06, 1.5941395759000443e-06, 1.7581585325388005e-06, 1.4923075468686875e-06, 1.1534510804267484e-06, 9.104933269554749e-07, 9.19839521884569e-07, 8.201795935747214e-07, 7.357073741331988e-07, 5.220251750870375e-07, 3.199103844053752e-07, 3.3783007324927894e-07, 2.485442678334948e-07, 1.8807637047757453e-07, 1.8581417293717095e-07, 2.1624600776704028e-07, 2.56234841344849e-07, 2.8056192036274297e-07, 3.731204856194381e-07, 3.058967763536202e-07, 4.0231174125437974e-07, 4.864183438257896e-07, 4.6637910600111354e-07, 4.031076912269782e-07, 3.02064421475734e-07, 2.536046963541594e-07, 2.4733409986765764e-07, 1.7545478669944714e-07, 1.5493513672026893e-07, 1.189455858252586e-07, 9.240888942940728e-08, 5.094981148090483e-08, 4.228846606224579e-08, 3.051760799621661e-08, 1.844660779681817e-08, 1.2771133484079655e-08, 6.616600600750644e-09, 1.3709883228685271e-09, 8.457687328267127e-11, 6.006231102750892e-12, 5.8517318594908385e-12, 5.711575309930161e-12, 5.583692796323758e-12, 5.477068017872844e-12, 5.3882206856037396e-12, 5.307245962149487e-12, 5.244137589455189e-12, 5.1987654632601465e-12, 5.170773097890047e-12], "lowlevel.mfcc.mean": [-772.6500854492188, 201.67543029785156, 0.6347630620002747, 7.128521919250488, 2.2523396015167236, -4.963763236999512, -15.069683074951172, -10.626951217651367, -17.08414077758789, -20.93422508239746, -7.536448001861572, -13.563542366027832, -5.567257881164551], "lowlevel.spectral_contrast_coeffs.mean": [-0.5426546931266785, -0.6580132842063904, -0.7463049292564392, -0.7770743370056152, -0.7755717039108276, -0.7841747403144836], "lowlevel.spectral_contrast_coeffs.stdev": [0.10295897722244263, 0.07529066503047943, 0.06732062995433807, 0.05283882096409798, 0.06002185121178627, 0.049017809331417084], "lowlevel.spectral_contrast_valleys.mean": [-7.731846332550049, -7.300472736358643, -8.20948314666748, -8.78950023651123, -9.58113956451416, -12.535722732543945], "lowlevel.spectral_contrast_valleys.stdev": [1.0235555171966553, 0.8257612586021423, 0.7875816226005554, 0.9186375141143799, 1.1775567531585693, 1.3086718320846558], "rhythm.beats_loudness_band_ratio.mean": [0.4025753438472748, 0.42369478940963745, 0.18504121899604797, 0.06771708279848099, 0.01875070296227932, 0.007064508739858866], "rhythm.beats_loudness_band_ratio.stdev": [0.2211383879184723, 0.211903914809227, 0.14666616916656494, 0.09677017480134964, 0.02198275923728943, 0.029385700821876526], "tonal.hpcp.mean": [0.0564255528151989, 0.057681258767843246, 0.08563262224197388, 0.1543143093585968, 0.13083516061306, 0.052669256925582886, 0.03294885903596878, 0.03906433284282684, 0.1352664679288864, 0.24955393373966217, 0.1608251929283142, 0.03908834233880043, 0.02913256175816059, 0.028736377134919167, 0.034458521753549576, 0.044873982667922974, 0.06014049053192139, 0.08134785294532776, 0.14126673340797424, 0.10808055847883224, 0.03170730173587799, 0.04816758260130882, 0.06697699427604675, 0.19360576570034027, 0.36218124628067017, 0.22255946695804596, 0.026198184117674828, 0.016592705622315407, 0.02161862887442112, 0.10562910884618759, 0.19906575977802277, 0.12246523052453995, 0.060866616666316986, 0.12863951921463013, 0.1038096621632576, 0.04628663882613182], "tonal.hpcp.stdev": [0.1710214465856552, 0.16800668835639954, 0.21980175375938416, 0.2804976999759674, 0.2610968351364136, 0.17235206067562103, 0.13222114741802216, 0.14882135391235352, 0.22982625663280487, 0.3466409146785736, 0.24954307079315186, 0.1452380269765854, 0.13029028475284576, 0.1299888640642166, 0.13942836225032806, 0.14970770478248596, 0.1927308887243271, 0.20943211019039154, 0.2913000285625458, 0.23501278460025787, 0.12644214928150177, 0.15634922683238983, 0.1820029318332672, 0.2743929624557495, 0.41170281171798706, 0.2869022786617279, 0.11140532046556473, 0.09214245527982712, 0.10083522647619247, 0.2230469137430191, 0.3355580270290375, 0.2177165299654007, 0.14667461812496185, 0.2582589387893677, 0.21490809321403503, 0.15939593315124512], "rhythm.beats_position": [0.4992290139198303, 1.0100680589675903, 1.5325169563293457, 2.043355941772461, 2.5425848960876465, 3.041814088821411, 3.529433012008667, 4.017052173614502, 4.504671096801758, 5.003900051116943, 5.514739036560059, 6.025578022003174, 6.548027038574219, 7.058866024017334, 7.53487491607666, 8.010884284973145, 8.486893653869629, 8.951292037963867, 9.404081344604492, 9.845260620117188, 10.298049926757812, 10.750839233398438, 11.192017555236816, 11.633196830749512, 12.097596168518066, 12.527165412902832, 12.956734657287598, 13.374693870544434, 13.8042631149292, 14.245442390441895, 14.675010681152344, 15.116189956665039, 15.557369232177734, 15.99854850769043, 16.416507720947266, 16.84607696533203, 17.275646209716797, 17.693605422973633, 18.134784698486328, 18.552743911743164, 18.970703125, 19.388662338256836, 19.806621551513672, 20.224580764770508, 20.654150009155273, 21.08371925354004, 21.501678466796875, 21.942855834960938, 22.384035110473633, 22.8136043548584, 23.254783630371094, 23.68435287475586, 24.090702056884766, 24.497051239013672, 24.915010452270508, 25.332969665527344, 25.75092887878418, 26.157278060913086, 26.563627243041992, 26.981586456298828, 27.399545669555664, 27.82911491394043, 28.258684158325195, 28.68825340270996, 29.117822647094727, 29.535781860351562, 29.9537410736084, 30.371700286865234, 30.78965950012207, 31.219228744506836, 31.625577926635742, 32.04353713989258, 32.46149444580078, 32.87945556640625, 33.309024810791016, 33.73859405517578, 34.16816329956055, 34.57451248168945, 35.00408172607422, 35.433650970458984, 35.90966033935547, 36.39727783203125, 36.8848991394043, 37.360904693603516, 37.8253059387207, 38.289703369140625, 38.75410461425781, 39.218502044677734, 39.68290328979492], "rhythm.bpm_histogram": [0.0, 0.0, 0.0, 0.0, 0.0, 0.0, 0.0, 0.0, 0.0, 0.0, 0.0, 0.0, 0.0, 0.0, 0.0, 0.0, 0.0, 0.0, 0.0, 0.0, 0.0, 0.0, 0.0, 0.0, 0.0, 0.0, 0.0, 0.0, 0.0, 0.0, 0.0, 0.0, 0.0, 0.0, 0.0, 0.0, 0.0, 0.0, 0.0, 0.0, 0.0, 0.0, 0.0, 0.0, 0.0, 0.0, 0.0, 0.0, 0.0, 0.0, 0.0, 0.0, 0.0, 0.0, 0.0, 0.0, 0.0, 0.0, 0.0, 0.0, 0.0, 0.0, 0.0, 0.0, 0.0, 0.0, 0.0, 0.0, 0.0, 0.0, 0.0, 0.0, 0.0, 0.0, 0.0, 0.0, 0.0, 0.0, 0.0, 0.0, 0.0, 0.0, 0.0, 0.0, 0.0, 0.0, 0.0, 0.0, 0.0, 0.0, 0.0, 0.0, 0.0, 0.0, 0.0, 0.0, 0.0, 0.0, 0.0, 0.0, 0.0, 0.0, 0.0, 0.0, 0.0, 0.0, 0.0, 0.0, 0.0, 0.0, 0.0, 0.0, 0.0, 0.0, 0.0, 0.022727273404598236, 0.0, 0.05681818351149559, 0.0, 0.0, 0.034090910106897354, 0.0, 0.0, 0.05681818351149559, 0.0, 0.0, 0.05681818351149559, 0.0, 0.0, 0.07954545319080353, 0.0, 0.0, 0.0, 0.034090910106897354, 0.0, 0.0, 0.125, 0.0, 0.0, 0.0, 0.22727273404598236, 0.0, 0.0, 0.0, 0.23863635957241058, 0.0, 0.0, 0.0, 0.06818182021379471, 0.0, 0.0, 0.0, 0.0, 0.0, 0.0, 0.0, 0.0, 0.0, 0.0, 0.0, 0.0, 0.0, 0.0, 0.0, 0.0, 0.0, 0.0, 0.0, 0.0, 0.0, 0.0, 0.0, 0.0, 0.0, 0.0, 0.0, 0.0, 0.0, 0.0, 0.0, 0.0, 0.0, 0.0, 0.0, 0.0, 0.0, 0.0, 0.0, 0.0, 0.0, 0.0, 0.0, 0.0, 0.0, 0.0, 0.0, 0.0, 0.0, 0.0, 0.0, 0.0, 0.0, 0.0, 0.0, 0.0, 0.0, 0.0, 0.0, 0.0, 0.0, 0.0, 0.0, 0.0, 0.0, 0.0, 0.0, 0.0, 0.0, 0.0, 0.0, 0.0, 0.0, 0.0, 0.0, 0.0, 0.0, 0.0, 0.0, 0.0, 0.0, 0.0, 0.0, 0.0, 0.0, 0.0, 0.0, 0.0, 0.0, 0.0, 0.0, 0.0, 0.0, 0.0, 0.0, 0.0, 0.0, 0.0, 0.0, 0.0, 0.0], "tonal.chords_histogram": [32.060184478759766, 0.3472222089767456, 20.949073791503906, 9.722222328186035, 1.5046296119689941, 5.208333492279053, 0.0, 21.52777862548828, 2.5462963581085205, 4.166666507720947, 0.11574073880910873, 0.0, 0.0, 0.23148147761821747, 0.0, 0.3472222089767456, 0.0, 0.0, 0.0, 0.0, 0.3472222089767456, 0.0, 0.9259259104728699, 0.0], "tonal.thpcp": [1.0, 0.6144974827766418, 0.07233446091413498, 0.045813266187906265, 0.05969008430838585, 0.2916471064090729, 0.5496302247047424, 0.33813244104385376, 0.1680556833744049, 0.35517996549606323, 0.2866235077381134, 0.12779965996742249, 0.155793696641922, 0.15926074981689453, 0.23643583059310913, 0.4260692894458771, 0.36124223470687866, 0.14542236924171448, 0.090973399579525, 0.10785851627588272, 0.3734772801399231, 0.6890305280685425, 0.44404616951942444, 0.10792481154203415, 0.08043641597032547, 0.07934252917766571, 0.09514164924621582, 0.12389924377202988, 0.16605080664157867, 0.22460536658763885, 0.39004430174827576, 0.2984156608581543, 0.08754540234804153, 0.13299302756786346, 0.18492673337459564, 0.5345548987388611], "lowlevel.gfcc.cov": [[7790.29345703125, -2307.802001953125, -485.7745056152344, 1025.938232421875, -659.716064453125, -29.912912368774414, -506.0289611816406, 495.8548278808594, -389.72314453125, 136.35455322265625, -237.82257080078125, 261.4920959472656, -199.48464965820312], [-2307.802001953125, 2355.0751953125, 41.27558517456055, -837.4849243164062, 841.5519409179688, -92.5068588256836, 266.1957092285156, -350.475830078125, 466.9429931640625, -268.5201721191406, 311.0156555175781, -158.87110900878906, 105.20120239257812], [-485.7745056152344, 41.27558517456055, 523.49560546875, 167.7376251220703, 41.645023345947266, 131.47572326660156, 38.34111785888672, -36.91999816894531, 0.42394039034843445, 112.74747467041016, 8.862518310546875, 33.4630012512207, 30.553821563720703], [1025.938232421875, -837.4849243164062, 167.7376251220703, 944.0316772460938, 2.221609115600586, -19.05248260498047, -172.17408752441406, 221.13255310058594, -31.911184310913086, 92.32044982910156, -49.481937408447266, 97.8243179321289, 2.3844149112701416], [-659.716064453125, 841.5519409179688, 41.645023345947266, 2.221609115600586, 631.4698486328125, -76.08019256591797, -1.9931384325027466, -46.575687408447266, 251.9229278564453, -84.98700714111328, 152.71510314941406, -24.526569366455078, 51.495216369628906], [-29.912912368774414, -92.5068588256836, 131.47572326660156, -19.05248260498047, -76.08019256591797, 229.64556884765625, 101.70367431640625, 14.277831077575684, -40.53596878051758, 93.84249114990234, -13.135771751403809, -16.993270874023438, 4.246739864349365], [-506.0289611816406, 266.1957092285156, 38.34111785888672, -172.17408752441406, -1.9931384325027466, 101.70367431640625, 251.27328491210938, -17.31562614440918, -14.173070907592773, 13.350103378295898, 41.07383728027344, -29.598215103149414, 6.425971031188965], [495.8548278808594, -350.475830078125, -36.91999816894531, 221.13255310058594, -46.575687408447266, 14.277831077575684, -17.31562614440918, 215.09922790527344, -43.791812896728516, 39.64696502685547, -15.860482215881348, 27.789690017700195, -18.01923370361328], [-389.72314453125, 466.9429931640625, 0.42394039034843445, -31.911184310913086, 251.9229278564453, -40.53596878051758, -14.173070907592773, -43.791812896728516, 220.16275024414062, -42.0102653503418, 56.72347640991211, -18.85498809814453, 30.186508178710938], [136.35455322265625, -268.5201721191406, 112.74747467041016, 92.32044982910156, -84.98700714111328, 93.84249114990234, 13.350103378295898, 39.64696502685547, -42.0102653503418, 200.25726318359375, 4.833068370819092, 28.891836166381836, -16.59512710571289], [-237.82257080078125, 311.0156555175781, 8.862518310546875, -49.481937408447266, 152.71510314941406, -13.135771751403809, 41.07383728027344, -15.860482215881348, 56.72347640991211, 4.833068370819092, 141.7420654296875, -4.891030311584473, 7.353114604949951], [261.4920959472656, -158.87110900878906, 33.4630012512207, 97.8243179321289, -24.526569366455078, -16.993270874023438, -29.598215103149414, 27.789690017700195, -18.85498809814453, 28.891836166381836, -4.891030311584473, 99.45568084716797, 2.9241201877593994], [-199.48464965820312, 105.20120239257812, 30.553821563720703, 2.3844149112701416, 51.495216369628906, 4.246739864349365, 6.425971031188965, -18.01923370361328, 30.186508178710938, -16.59512710571289, 7.353114604949951, 2.9241201877593994, 87.14036560058594]], "lowlevel.gfcc.icov": [[0.0002457150840200484, -0.00016129849245771766, 0.00037960140616633, -0.0002778218185994774, 0.00018601524061523378, -0.0003912628744728863, 0.0005021800170652568, -0.0001984079135581851, 0.00032624436425976455, -3.157094761263579e-05, 7.561155507573858e-05, -0.0005099321715533733, 0.00035451899748295546], [-0.00016129849245771766, 0.007573315873742104, -0.00292509188875556, 0.004692879971116781, -0.00475804740563035, 0.0024162495974451303, -0.004892737604677677, 0.002661394653841853, -0.006892792880535126, 0.004510491155087948, -0.005215630400925875, 0.003098191460594535, -0.0014270078390836716], [0.00037960140616633, -0.00292509188875556, 0.004574462305754423, -0.002849549287930131, 0.0014095456572249532, -0.0028712269850075245, 0.0020745140500366688, 0.0004048244736623019, 0.0031854347325861454, -0.002697513671591878, 0.0021418100222945213, -0.0025645673740655184, 0.00040021390304900706], [-0.0002778218185994774, 0.004692879971116781, -0.002849549287930131, 0.005054596811532974, -0.0032934972550719976, 0.002048634458333254, -0.002213084604591131, -0.000259017018834129, -0.004270309116691351, 0.0024289728607982397, -0.0027194081339985132, 0.0015567828668281436, -0.0013655376387760043], [0.00018601524061523378, -0.00475804740563035, 0.0014095456572249532, -0.0032934972550719976, 0.006981092505156994, -0.0012877326225861907, 0.0032671852968633175, -0.0019312446238473058, 0.0009565926739014685, -0.0015785946743562818, 0.0003002074081450701, -0.0016697578830644488, 0.00046165671665221453], [-0.0003912628744728863, 0.0024162495974451303, -0.0028712269850075245, 0.002048634458333254, -0.0012877326225861907, 0.009336787275969982, -0.004811276216059923, 0.00013775017578154802, -0.002294219331815839, -0.0016118678031489253, -0.00020675925770774484, 0.0037227266002446413, -0.0017925190040841699], [0.0005021800170652568, -0.004892737604677677, 0.0020745140500366688, -0.002213084604591131, 0.0032671852968633175, -0.004811276216059923, 0.010026836767792702, -0.002715831622481346, 0.005353201180696487, -0.00202357629314065, 0.0012899508001282811, -0.0022975397296249866, 0.001120803994126618], [-0.0001984079135581851, 0.002661394653841853, 0.0004048244736623019, -0.000259017018834129, -0.0019312446238473058, 0.00013775017578154802, -0.002715831622481346, 0.008441605605185032, -0.001628271653316915, 0.0008445760468021035, -0.0018259929493069649, 0.0006240043439902365, 0.00013639105600304902], [0.00032624436425976455, -0.006892792880535126, 0.0031854347325861454, -0.004270309116691351, 0.0009565926739014685, -0.002294219331815839, 0.005353201180696487, -0.001628271653316915, 0.015236848965287209, -0.004375016782432795, 0.004949287977069616, -0.002457747468724847, 0.00043667404679581523], [-3.157094761263579e-05, 0.004510491155087948, -0.002697513671591878, 0.0024289728607982397, -0.0015785946743562818, -0.0016118678031489253, -0.00202357629314065, 0.0008445760468021035, -0.004375016782432795, 0.010777203366160393, -0.0053528049029409885, 5.920902913203463e-05, 0.0007147109718061984], [7.561155507573858e-05, -0.005215630400925875, 0.0021418100222945213, -0.0027194081339985132, 0.0003002074081450701, -0.00020675925770774484, 0.0012899508001282811, -0.0018259929493069649, 0.004949287977069616, -0.0053528049029409885, 0.014673504047095776, -0.0024655619636178017, 0.001263774000108242], [-0.0005099321715533733, 0.003098191460594535, -0.0025645673740655184, 0.0015567828668281436, -0.0016697578830644488, 0.0037227266002446413, -0.0022975397296249866, 0.0006240043439902365, -0.002457747468724847, 5.920902913203463e-05, -0.0024655619636178017, 0.014507440850138664, -0.002363396342843771], [0.00035451899748295546, -0.0014270078390836716, 0.00040021390304900706, -0.0013655376387760043, 0.00046165671665221453, -0.0017925190040841699, 0.001120803994126618, 0.00013639105600304902, 0.00043667404679581523, 0.0007147109718061984, 0.001263774000108242, -0.002363396342843771, 0.01362472865730524]], "lowlevel.mfcc.cov": [[7680.83154296875, -2245.1259765625, -453.71337890625, 692.4358520507812, -217.27883911132812, -373.11297607421875, -178.22930908203125, 85.40231323242188, -89.43904876708984, -243.95510864257812, 116.84899139404297, -114.0848617553711, 105.26803588867188], [-2245.1259765625, 2675.503173828125, -431.6446838378906, -552.5828247070312, 330.2359924316406, 171.373291015625, -45.61142349243164, 103.84489440917969, -54.004913330078125, 50.17073059082031, 59.795936584472656, 60.116119384765625, 39.68242645263672], [-453.71337890625, -431.6446838378906, 625.6289672851562, 50.067222595214844, -101.0354232788086, 157.65621948242188, 119.3936538696289, -76.3697738647461, 60.29801559448242, 31.08258819580078, -21.992250442504883, 30.528337478637695, -4.817416191101074], [692.4358520507812, -552.5828247070312, 50.067222595214844, 676.7843627929688, 306.7325134277344, -39.92938995361328, -51.6920051574707, 87.09454345703125, 14.46894359588623, 29.989009857177734, -23.879430770874023, -16.845714569091797, 157.00238037109375], [-217.27883911132812, 330.2359924316406, -101.0354232788086, 306.7325134277344, 571.0662841796875, 24.56789779663086, -105.27606964111328, 78.20816040039062, 5.373929977416992, 100.78216552734375, -32.52945327758789, 4.034238815307617, 147.32400512695312], [-373.11297607421875, 171.373291015625, 157.65621948242188, -39.92938995361328, 24.56789779663086, 235.01309204101562, 50.709007263183594, -38.024654388427734, 40.290504455566406, 39.04682159423828, 13.104207038879395, 23.079044342041016, 10.067112922668457], [-178.22930908203125, -45.61142349243164, 119.3936538696289, -51.6920051574707, -105.27606964111328, 50.709007263183594, 269.9669494628906, 12.479186058044434, 13.951600074768066, 74.15151977539062, 23.178546905517578, 38.03095626831055, -9.027586936950684], [85.40231323242188, 103.84489440917969, -76.3697738647461, 87.09454345703125, 78.20816040039062, -38.024654388427734, 12.479186058044434, 163.40286254882812, 17.649934768676758, 12.159133911132812, 10.94137191772461, 0.28055062890052795, 32.84578323364258], [-89.43904876708984, -54.004913330078125, 60.29801559448242, 14.46894359588623, 5.373929977416992, 40.290504455566406, 13.951600074768066, 17.649934768676758, 131.13845825195312, 28.41259765625, -8.152729988098145, 18.38749122619629, 3.4061431884765625], [-243.95510864257812, 50.17073059082031, 31.08258819580078, 29.989009857177734, 100.78216552734375, 39.04682159423828, 74.15151977539062, 12.159133911132812, 28.41259765625, 184.9829864501953, 15.91999340057373, 30.307924270629883, 27.63535499572754], [116.84899139404297, 59.795936584472656, -21.992250442504883, -23.879430770874023, -32.52945327758789, 13.104207038879395, 23.178546905517578, 10.94137191772461, -8.152729988098145, 15.91999340057373, 116.23989868164062, 26.126976013183594, -13.344380378723145], [-114.0848617553711, 60.116119384765625, 30.528337478637695, -16.845714569091797, 4.034238815307617, 23.079044342041016, 38.03095626831055, 0.28055062890052795, 18.38749122619629, 30.307924270629883, 26.126976013183594, 116.1203384399414, 19.384395599365234], [105.26803588867188, 39.68242645263672, -4.817416191101074, 157.00238037109375, 147.32400512695312, 10.067112922668457, -9.027586936950684, 32.84578323364258, 3.4061431884765625, 27.63535499572754, -13.344380378723145, 19.384395599365234, 168.34725952148438]], "lowlevel.mfcc.icov": [[0.00025180389638990164, 0.00027739847428165376, 0.00034527279785834253, -2.3451822926290333e-05, 4.4661126594292e-05, -0.00010248979378957301, 4.148522930336185e-05, -0.00012959282321389765, 9.425815369468182e-05, 0.00023999165568966419, -0.000380870362278074, 6.93557522026822e-05, -0.0002760153729468584], [0.00027739847428165376, 0.0012360047549009323, 0.0008433002512902021, 0.001237560878507793, -0.0009257320780307055, -0.0009605937520973384, -1.1128937330795452e-05, -0.0008886102004908025, 0.0005030013853684068, 0.0005645393976010382, -0.000654826348181814, -0.00014469500456470996, -0.0006925846100784838], [0.00034527279785834253, 0.0008433002512902021, 0.0032004890963435173, -0.00016391857934650034, 0.0002466739679221064, -0.0020353682339191437, -0.0006869857315905392, 0.0003913890977855772, -0.00024964447948150337, 0.00040451722452417016, 0.0001582432450959459, -0.0003803303116001189, -0.00038259749999269843], [-2.3451822926290333e-05, 0.001237560878507793, -0.00016391857934650034, 0.004245535004884005, -0.00248342240229249, -0.00018144644855055958, -6.112455594120547e-05, -0.0016062905779108405, 0.0002749983686953783, 0.0007416309090331197, -0.0006785994628444314, 0.0003863532328978181, -0.0019724920857697725], [4.4661126594292e-05, -0.0009257320780307055, 0.0002466739679221064, -0.00248342240229249, 0.004882439970970154, -0.0004321604792494327, 0.001852156245149672, -0.0002881786203943193, 0.0002684743085410446, -0.00260743941180408, 0.001313825137913227, -7.516804907936603e-05, -0.0010425255168229342], [-0.00010248979378957301, -0.0009605937520973384, -0.0020353682339191437, -0.00018144644855055958, -0.0004321604792494327, 0.007056581787765026, -0.0007562217651866376, 0.0020296690054237843, -0.0019071425776928663, -0.0002531716017983854, -0.000977421528659761, 0.00036846325383521616, -0.00011861114035127684], [4.148522930336185e-05, -1.1128937330795452e-05, -0.0006869857315905392, -6.112455594120547e-05, 0.001852156245149672, -0.0007562217651866376, 0.005805431865155697, -0.001616232329979539, 0.0008551350329071283, -0.002810777397826314, 3.1853247492108494e-05, -0.0009387136087752879, -0.000380233715986833], [-0.00012959282321389765, -0.0008886102004908025, 0.0003913890977855772, -0.0016062905779108405, -0.0002881786203943193, 0.0020296690054237843, -0.001616232329979539, 0.008802734315395355, -0.002297621686011553, 0.0003982081834692508, -0.0008288579992949963, 0.0005616737180389464, -2.2848224034532905e-05], [9.425815369468182e-05, 0.0005030013853684068, -0.00024964447948150337, 0.0002749983686953783, 0.0002684743085410446, -0.0019071425776928663, 0.0008551350329071283, -0.002297621686011553, 0.009315835312008858, -0.0012820123229175806, 0.0011598423589020967, -0.0014032290782779455, 0.00020760000916197896], [0.00023999165568966419, 0.0005645393976010382, 0.00040451722452417016, 0.0007416309090331197, -0.00260743941180408, -0.0002531716017983854, -0.002810777397826314, 0.0003982081834692508, -0.0012820123229175806, 0.008434317074716091, -0.0016336435219272971, -0.0005726583767682314, -0.0003168431285303086], [-0.000380870362278074, -0.000654826348181814, 0.0001582432450959459, -0.0006785994628444314, 0.001313825137913227, -0.000977421528659761, 3.1853247492108494e-05, -0.0008288579992949963, 0.0011598423589020967, -0.0016336435219272971, 0.010793373920023441, -0.0024689780548214912, 0.0014865865232422948], [6.93557522026822e-05, -0.00014469500456470996, -0.0003803303116001189, 0.0003863532328978181, -7.516804907936603e-05, 0.00036846325383521616, -0.0009387136087752879, 0.0005616737180389464, -0.0014032290782779455, -0.0005726583767682314, -0.0024689780548214912, 0.0103679234161973, -0.0017637686105445027], [-0.0002760153729468584, -0.00069258