{"song_id": "1183695684860387338", "download": "https://cdn.discordapp.com/attachments/1135911532732108921/1183695684860387338/chirp.mp4?ex=65894583&amp", "lyrics": "Je ne suis ni asiatique ni australien\nJe suis seulement un humain\n\nLes marchands d'armes fondent en larmes\nEt ils n'auront PLUS rien\n\nTout ce qui divise, c'est leur devise\nOn n'a pas besoin\n\nJe ne suis ni am\u00e9ricain ni africain\nJe suis seulement un terrien\n\nLa beaut\u00e9 est dans la diff\u00e9rence du corps\nPas dans le changement du d\u00e9cor\n\nSi on \u00e9tait tous pareils et d'accord\nOn s'ennuierait \u00e0 mort\n\nJe ne suis ni martien ni europ\u00e9en\nJe suis seulement un monosapien\n\nVous \u00eates tous rares et en voie de disparition\nLe peu qui reste, on doit le pr\u00e9server\nAimer les autres sans crainte\nRegarder vos empreintes\nC'est votre marque d\u00e9pos\u00e9e\nQui prouve que vous \u00eates unique et authentique\nEt magnifique.", "style": ["rap"], "essentia_features": {"lowlevel.average_loudness": 0.7639592885971069, "lowlevel.barkbands_crest.mean": 13.932387351989746, "lowlevel.barkbands_crest.stdev": 5.408491611480713, "lowlevel.barkbands_flatness_db.mean": 0.25582483410835266, "lowlevel.barkbands_flatness_db.stdev": 0.0751771330833435, "lowlevel.barkbands_kurtosis.mean": 19.545143127441406, "lowlevel.barkbands_kurtosis.stdev": 41.3558235168457, "lowlevel.barkbands_skewness.mean": 2.6249330043792725, "lowlevel.barkbands_skewness.stdev": 2.3750176429748535, "lowlevel.barkbands_spread.mean": 11.426399230957031, "lowlevel.barkbands_spread.stdev": 16.759584426879883, "lowlevel.dissonance.mean": 0.41743385791778564, "lowlevel.dissonance.stdev": 0.059176236391067505, "lowlevel.dynamic_complexity": 5.3584489822387695, "lowlevel.erbbands_crest.mean": 13.52450942993164, "lowlevel.erbbands_crest.stdev": 5.652360439300537, "lowlevel.erbbands_flatness_db.mean": 0.23402340710163116, "lowlevel.erbbands_flatness_db.stdev": 0.05729753524065018, "lowlevel.erbbands_kurtosis.mean": 4.388811111450195, "lowlevel.erbbands_kurtosis.stdev": 8.70901870727539, "lowlevel.erbbands_skewness.mean": 1.112990140914917, "lowlevel.erbbands_skewness.stdev": 1.585864543914795, "lowlevel.erbbands_spread.mean": 30.70962905883789, "lowlevel.erbbands_spread.stdev": 26.51755142211914, "lowlevel.hfc.mean": 7.792111396789551, "lowlevel.hfc.stdev": 11.173884391784668, "lowlevel.loudness_ebu128.integrated": -26.1664981842041, "lowlevel.loudness_ebu128.loudness_range": 4.914772033691406, "lowlevel.loudness_ebu128.momentary.mean": -28.07059097290039, "lowlevel.loudness_ebu128.momentary.stdev": 4.289330959320068, "lowlevel.loudness_ebu128.short_term.mean": -26.547138214111328, "lowlevel.loudness_ebu128.short_term.stdev": 1.6502383947372437, "lowlevel.melbands_crest.mean": 17.670448303222656, "lowlevel.melbands_crest.stdev": 6.077159881591797, "lowlevel.melbands_flatness_db.mean": 0.32902956008911133, "lowlevel.melbands_flatness_db.stdev": 0.09605249017477036, "lowlevel.melbands_kurtosis.mean": 30.916683197021484, "lowlevel.melbands_kurtosis.stdev": 39.65717315673828, "lowlevel.melbands_skewness.mean": 3.4403531551361084, "lowlevel.melbands_skewness.stdev": 2.4636404514312744, "lowlevel.melbands_spread.mean": 15.004002571105957, "lowlevel.melbands_spread.stdev": 33.79133605957031, "lowlevel.pitch_salience.mean": 0.5098031759262085, "lowlevel.pitch_salience.stdev": 0.14877571165561676, "lowlevel.silence_rate_20dB.mean": 1.0, "lowlevel.silence_rate_20dB.stdev": 0.0, "lowlevel.silence_rate_30dB.mean": 0.9861003756523132, "lowlevel.silence_rate_30dB.stdev": 0.11707431077957153, "lowlevel.silence_rate_60dB.mean": 0.2764478623867035, "lowlevel.silence_rate_60dB.stdev": 0.44723716378211975, "lowlevel.spectral_centroid.mean": 778.4035034179688, "lowlevel.spectral_centroid.stdev": 900.125244140625, "lowlevel.spectral_complexity.mean": 5.763706684112549, "lowlevel.spectral_complexity.stdev": 4.088564872741699, "lowlevel.spectral_decrease.mean": -4.41141079221552e-09, "lowlevel.spectral_decrease.stdev": 6.569530253131006e-09, "lowlevel.spectral_energy.mean": 0.017356446012854576, "lowlevel.spectral_energy.stdev": 0.0254671610891819, "lowlevel.spectral_energyband_high.mean": 0.0002297739702044055, "lowlevel.spectral_energyband_high.stdev": 0.0008395696640945971, "lowlevel.spectral_energyband_low.mean": 0.004239176865667105, "lowlevel.spectral_energyband_low.stdev": 0.013375919312238693, "lowlevel.spectral_energyband_middle_high.mean": 0.0011942624114453793, "lowlevel.spectral_energyband_middle_high.stdev": 0.0037807486951351166, "lowlevel.spectral_energyband_middle_low.mean": 0.012529079802334309, "lowlevel.spectral_energyband_middle_low.stdev": 0.020886849611997604, "lowlevel.spectral_entropy.mean": 6.628296852111816, "lowlevel.spectral_entropy.stdev": 0.8154323697090149, "lowlevel.spectral_flux.mean": 0.06254761666059494, "lowlevel.spectral_flux.stdev": 0.054623398929834366, "lowlevel.spectral_kurtosis.mean": 11.990781784057617, "lowlevel.spectral_kurtosis.stdev": 9.786039352416992, "lowlevel.spectral_rms.mean": 0.003325638361275196, "lowlevel.spectral_rms.stdev": 0.002423476427793503, "lowlevel.spectral_rolloff.mean": 1138.53271484375, "lowlevel.spectral_rolloff.stdev": 2209.061279296875, "lowlevel.spectral_skewness.mean": 2.4700658321380615, "lowlevel.spectral_skewness.stdev": 1.117780327796936, "lowlevel.spectral_spread.mean": 3883660.0, "lowlevel.spectral_spread.stdev": 2461722.0, "lowlevel.spectral_strongpeak.mean": 0.7969435453414917, "lowlevel.spectral_strongpeak.stdev": 0.9375317692756653, "lowlevel.zerocrossingrate.mean": 0.043407637625932693, "lowlevel.zerocrossingrate.stdev": 0.06246708333492279, "metadata.audio_properties.analysis.equal_loudness": 0.0, "metadata.audio_properties.analysis.length": 30.03628158569336, "metadata.audio_properties.analysis.sample_rate": 44100.0, "metadata.audio_properties.analysis.start_time": 0.0, "metadata.audio_properties.bit_rate": 109178.0, "metadata.audio_properties.length": 30.03733253479004, "metadata.audio_properties.lossless": 0.0, "metadata.audio_properties.number_channels": 1.0, "metadata.audio_properties.replay_gain": -3.1614551544189453, "metadata.audio_properties.sample_rate": 48000.0, "rhythm.beats_count": 47.0, "rhythm.beats_loudness.mean": 0.02600744366645813, "rhythm.beats_loudness.stdev": 0.03304113820195198, "rhythm.bpm": 95.50131225585938, "rhythm.bpm_histogram_first_peak_bpm": 96.0, "rhythm.bpm_histogram_first_peak_weight": 0.6111111044883728, "rhythm.bpm_histogram_second_peak_bpm": 88.0, "rhythm.bpm_histogram_second_peak_spread": 0.5714285969734192, "rhythm.bpm_histogram_second_peak_weight": 0.06521739065647125, "rhythm.danceability": 1.1365973949432373, "rhythm.onset_rate": 4.491281986236572, "tonal.chords_changes_rate": 0.0972222238779068, "tonal.chords_number_rate": 0.013888888992369175, "tonal.chords_strength.mean": 0.5421013832092285, "tonal.chords_strength.stdev": 0.102823905646801, "tonal.hpcp_crest.mean": 14.48377799987793, "tonal.hpcp_crest.stdev": 6.235393524169922, "tonal.hpcp_entropy.mean": 1.8796855211257935, "tonal.hpcp_entropy.stdev": 0.7192262411117554, "tonal.key_edma.strength": 0.5971551537513733, "tonal.key_krumhansl.strength": 0.598639726638794, "tonal.key_temperley.strength": 0.5949094891548157, "tonal.tuning_diatonic_strength": 0.5286170840263367, "tonal.tuning_equal_tempered_deviation": 0.39221784472465515, "tonal.tuning_frequency": 435.1974792480469, "tonal.tuning_nontempered_energy_ratio": 0.9600831270217896, "lowlevel.barkbands.mean": [2.6006642656284384e-05, 0.0020718129817396402, 0.001351236249320209, 0.0016718468395993114, 0.004245692398399115, 0.003913160413503647, 0.0015308470465242863, 0.0006321172695606947, 0.0004425852093845606, 0.00033907569013535976, 0.00019304355373606086, 0.0001598648668732494, 0.00011148968042107299, 0.0001380247122142464, 0.0001009608677122742, 7.613540947204456e-05, 4.436193921719678e-05, 3.8808866520412266e-05, 2.066130400635302e-05, 2.7913441954297014e-05, 4.2549989302642643e-05, 4.674481533584185e-05, 1.796171272872016e-05, 2.5324474336230196e-05, 7.393985288217664e-05, 1.4287751582742203e-05, 7.29502014351624e-10], "lowlevel.barkbands.stdev": [6.428272899938747e-05, 0.01065171416848898, 0.0029484054539352655, 0.0036003964487463236, 0.012594862841069698, 0.011205649003386497, 0.006169929169118404, 0.0027747401036322117, 0.0022368808276951313, 0.0027269632555544376, 0.0007441820343956351, 0.0004955825279466808, 0.0005127860349602997, 0.000718440453056246, 0.00046465941704809666, 0.0002990049251820892, 0.00010834219574462622, 9.987164958147332e-05, 5.687538578058593e-05, 7.936310430523008e-05, 0.0002918139798566699, 0.00026054857880808413, 8.316649473272264e-05, 0.00013085233513265848, 0.00035743924672715366, 6.306653813226148e-05, 1.1401902755281412e-09], "lowlevel.erbbands.mean": [0.03155580163002014, 0.5648036003112793, 1.6586648225784302, 3.7410519123077393, 9.358901023864746, 16.390520095825195, 21.431779861450195, 33.02791976928711, 24.923221588134766, 18.153911590576172, 12.761943817138672, 10.291348457336426, 10.995657920837402, 7.740606307983398, 8.926430702209473, 6.339672565460205, 5.258495330810547, 6.92629861831665, 6.630568981170654, 5.093707084655762, 3.0168046951293945, 2.664297342300415, 2.53378963470459, 0.8558413982391357, 1.5289607048034668, 1.2725310325622559, 1.096596598625183, 2.2682199478149414, 1.824597716331482, 0.7775532007217407, 0.4530957341194153, 0.2307623326778412, 0.6550801992416382, 0.9071296453475952, 0.48573875427246094, 0.12737001478672028, 0.011575835756957531, 0.0003002511220984161, 2.3959646568982862e-05, 2.1702069716411643e-05], "lowlevel.erbbands.stdev": [0.14329934120178223, 2.8531506061553955, 3.7888259887695312, 8.183794975280762, 21.6135196685791, 59.911067962646484, 64.5082778930664, 104.13558197021484, 100.55359649658203, 64.50423431396484, 56.13518524169922, 54.256370544433594, 72.56888580322266, 46.468505859375, 31.856176376342773, 20.036069869995117, 22.629758834838867, 33.80482864379883, 32.40700149536133, 18.444957733154297, 8.877057075500488, 5.843629360198975, 5.963626384735107, 3.073662757873535, 3.729562997817993, 3.355262041091919, 6.731794357299805, 15.310248374938965, 10.608611106872559, 3.2415356636047363, 2.149503707885742, 1.2368477582931519, 3.4082186222076416, 4.536775588989258, 2.2899296283721924, 0.5538562536239624, 0.0549997016787529, 0.0013449604157358408, 6.805723387515172e-05, 2.942246283055283e-05], "lowlevel.gfcc.mean": [-144.99722290039062, 128.07077026367188, -100.56683349609375, 34.6451301574707, -53.09265899658203, -2.4955577850341797, -53.64384841918945, -4.7278571128845215, -30.496471405029297, -0.24463260173797607, -15.181800842285156, -4.433106422424316, -0.7429386377334595], "lowlevel.melbands.mean": [0.0004472694708965719, 0.0008473089546896517, 0.0007935581961646676, 0.0009716380154713988, 0.0007395085995085537, 0.0007408279343508184, 0.00036575045669451356, 0.00018284597899764776, 9.834147203946486e-05, 6.136119918664917e-05, 5.534666343010031e-05, 3.320827454444952e-05, 2.835186205629725e-05, 2.025056710408535e-05, 1.2449442692741286e-05, 1.1586561413423624e-05, 1.3129748367646243e-05, 1.118748878070619e-05, 6.924891749804374e-06, 6.437969204853289e-06, 2.7810253868665313e-06, 2.398526476099505e-06, 3.4499680623412132e-06, 1.350967750113341e-06, 5.716550504075713e-07, 8.522680445821607e-07, 1.3527190958484425e-06, 6.952120656933403e-07, 4.969071483174048e-07, 1.0212932011199882e-06, 1.4851000287308125e-06, 1.2596195801961585e-06, 4.801345880878216e-07, 4.128540069814335e-07, 2.95180541343143e-07, 1.4411745041797985e-07, 1.1943549793613784e-07, 3.8716822814421903e-07, 5.584121254287311e-07, 8.825250574773236e-07], "lowlevel.melbands.stdev": [0.0023003658279776573, 0.0025659282691776752, 0.001416106941178441, 0.0028149730060249567, 0.002180413343012333, 0.0022168816067278385, 0.001449145725928247, 0.0006615613820031285, 0.0004279816639609635, 0.0003215148171875626, 0.00038903721724636853, 0.00023667416826356202, 0.0001075374020729214, 6.413555092876777e-05, 4.429470209288411e-05, 5.3606610890710726e-05, 7.045762322377414e-05, 5.962746945442632e-05, 2.7290756406728178e-05, 2.7901096473215148e-05, 7.577417363791028e-06, 5.818576937599573e-06, 7.399016794806812e-06, 4.894374797004275e-06, 2.379185161771602e-06, 2.21628670260543e-06, 3.83789483748842e-06, 1.8894201048169634e-06, 2.8219280920893652e-06, 7.588660537294345e-06, 9.926731763698626e-06, 7.586801984871272e-06, 2.3349862203758676e-06, 1.9064235630139592e-06, 1.477239266023389e-06, 7.412469358314411e-07, 7.458458526343748e-07, 2.0598895389412064e-06, 2.877786528188153e-06, 4.485372755880235e-06], "lowlevel.melbands128.mean": [2.3285660063265823e-05, 0.00012625516683328897, 0.0006286890711635351, 0.0010506083490327, 0.0009394335211254656, 0.000605868233833462, 0.0007173572084866464, 0.0008608275675214827, 0.0008691291441209614, 0.0011601840378716588, 0.0009324927814304829, 0.0005828327848576009, 0.0006539325695484877, 0.0009741779649630189, 0.0008409172296524048, 0.0005804459215141833, 0.00043606426334008574, 0.0003405808820389211, 0.000262628891505301, 0.0002005404094234109, 0.0001439191255485639, 0.00010997633216902614, 9.890415094560012e-05, 7.686199387535453e-05, 7.22150070942007e-05, 4.661128332372755e-05, 5.299668919178657e-05, 5.221496758167632e-05, 6.983892671996728e-05, 3.7163583328947425e-05, 2.0252675312804058e-05, 2.176228372263722e-05, 2.836765634128824e-05, 3.7942569178994745e-05, 1.9773944586631842e-05, 1.5572250049444847e-05, 1.9186263671144843e-05, 1.0509087587706745e-05, 9.674523425928783e-06, 1.2234457244630903e-05, 1.1756857929867692e-05, 1.1219537555007264e-05, 1.4505551007459871e-05, 1.2771942238032352e-05, 1.2373415302135982e-05, 1.117552619689377e-05, 1.0424004358355887e-05, 5.373459316615481e-06, 5.576809144258732e-06, 8.805335710349027e-06, 6.352173841150943e-06, 4.966435426467797e-06, 3.0924213660910027e-06, 1.7424121097064926e-06, 1.9059126543652383e-06, 2.3688985493208747e-06, 2.677734755707206e-06, 4.236757376929745e-06, 3.628864533311571e-06, 2.190806526414235e-06, 1.2261826896065031e-06, 7.218951054710487e-07, 6.458252528318553e-07, 4.92722790568223e-07, 4.952536301061627e-07, 6.007802539897966e-07, 1.369814981444506e-06, 1.3056915122433566e-06, 1.510183437858359e-06, 1.1506647297210293e-06, 6.965305487938167e-07, 4.716299315532524e-07, 3.6361379329719057e-07, 4.3992807263748546e-07, 6.969570449655293e-07, 1.0097194262925768e-06, 1.181890525003837e-06, 1.167528580481303e-06, 1.5013200709290686e-06, 1.8587641079648165e-06, 1.5447072883034707e-06, 9.591022944732686e-07, 6.554323022101016e-07, 3.7756271353828197e-07, 3.831735284620663e-07, 4.4778488472729805e-07, 4.025444582111959e-07, 3.973777324972616e-07, 3.060884807837283e-07, 2.151231370817186e-07, 1.6711477712760825e-07, 1.2371084778806107e-07, 9.892280417034272e-08, 1.2879290522960218e-07, 1.2149851613685314e-07, 1.4332810849282396e-07, 4.880610617874481e-07, 6.885149446134164e-07, 4.994308824279869e-07, 4.725545466044423e-07, 7.580404712825839e-07, 9.974812655855203e-07, 1.0424762422189815e-06, 7.349331099248957e-07, 5.520394097402459e-07, 3.710632654474466e-07, 2.272361001587342e-07, 2.775736902549397e-07, 2.572462278749299e-07, 1.4614850840644067e-07, 9.464596928410174e-08, 3.691910421821376e-08, 1.1181560566342341e-08, 3.272150550515107e-09, 2.157953538084456e-10, 1.523769652123086e-11, 4.566859043708682e-12, 3.47423478874731e-12, 3.366957103748125e-12, 3.2854209804089596e-12, 3.185796461704915e-12, 3.1458494663405556e-12, 3.110449831728035e-12, 3.033895834211875e-12, 2.7807270375213022e-12, 2.35174401654048e-12, 2.1236807885155473e-12, 2.081982806642624e-12], "lowlevel.melbands128.stdev": [6.079852028051391e-05, 0.0003533178532961756, 0.003693162929266691, 0.00540129141882062, 0.0025410496164113283, 0.0013834714191034436, 0.001922128489241004, 0.0017400787910446525, 0.0024375722277909517, 0.003927036188542843, 0.004248993005603552, 0.0032862424850463867, 0.002402976853772998, 0.003547140397131443, 0.003328517312183976, 0.002369124675169587, 0.0020979018881917, 0.0021199891343712807, 0.0011914557544514537, 0.0009344482677988708, 0.0007389071979559958, 0.000787353259511292, 0.0005063039716333151, 0.0005013142363168299, 0.000583972199819982, 0.0002655646239873022, 0.0004959945217706263, 0.0003795407828874886, 0.000838154461234808, 0.0003549071552697569, 0.00010625753202475607, 0.00012858997797593474, 0.0001461463252780959, 0.00017707938968669623, 8.086090383585542e-05, 7.948627899168059e-05, 7.695041131228209e-05, 5.026696089771576e-05, 5.1456903747748584e-05, 8.007958967937157e-05, 6.566131924046203e-05, 6.086734720156528e-05, 0.00011169632489327341, 8.849128062138334e-05, 9.12648974917829e-05, 9.433487866772339e-05, 5.9070996940135956e-05, 3.2054089388111606e-05, 3.0859893740853295e-05, 3.9219678001245484e-05, 4.6918819862185046e-05, 2.0025028788950294e-05, 1.0541352821746841e-05, 5.481037533172639e-06, 5.783228516520467e-06, 6.693781870126259e-06, 8.002136382856406e-06, 1.3030892660026439e-05, 8.50226297188783e-06, 7.389813163172221e-06, 6.055579433450475e-06, 3.720846279975376e-06, 3.1816323371458566e-06, 2.1561743324127747e-06, 2.3693951334280428e-06, 2.036540536209941e-06, 3.5726759506360395e-06, 4.1722978494362906e-06, 5.452360255731037e-06, 3.386550588402315e-06, 2.0592769942595623e-06, 1.7649060737312539e-06, 1.7228294382221065e-06, 2.8263671083550435e-06, 4.873571469943272e-06, 8.037853149289731e-06, 9.774887075764127e-06, 8.910456017474644e-06, 1.0769501386675984e-05, 1.2769438399118371e-05, 9.839695849223062e-06, 5.438127573142992e-06, 4.417162017489318e-06, 1.7627500028538634e-06, 1.6236269857472507e-06, 2.2573954083782155e-06, 2.125308355971356e-06, 1.9718133899004897e-06, 1.8111616100213723e-06, 1.0545206805545604e-06, 9.42654537539056e-07, 7.273484925462981e-07, 6.357273605317459e-07, 9.461070362704049e-07, 7.702996072112001e-07, 1.021672687784303e-06, 2.7858156954607693e-06, 4.141822046221932e-06, 2.868288902391214e-06, 2.6403779429529095e-06, 4.0637901292939205e-06, 5.183519533602521e-06, 5.8312689361628145e-06, 3.572642299332074e-06, 2.841267132680514e-06, 1.8096787925969693e-06, 1.010966116155032e-06, 1.2951533108207514e-06, 1.2042396519973408e-06, 6.474830911429308e-07, 5.918813030802994e-07, 2.479563647739269e-07, 5.761247834357164e-08, 2.173288038420651e-08, 3.673970461193221e-09, 2.681907751433954e-10, 3.014770030840275e-11, 5.5559125008985966e-12, 5.098739139230979e-12, 4.967676443812241e-12, 4.8532189551864224e-12, 4.7526110651119335e-12, 4.657201707614078e-12, 4.566995653182415e-12, 4.50021660561295e-12, 4.441486674972017e-12, 4.403486689869007e-12, 4.37966286501168e-12], "lowlevel.mfcc.mean": [-797.4827270507812, 158.23764038085938, 9.864436149597168, 35.831321716308594, 12.830975532531738, 3.7719926834106445, -7.980436325073242, -13.436184883117676, -2.6978471279144287, -19.03775405883789, -4.070493698120117, -9.443631172180176, 5.6481122970581055], "lowlevel.spectral_contrast_coeffs.mean": [-0.6162274479866028, -0.7050816416740417, -0.796657919883728, -0.7970253229141235, -0.7981984615325928, -0.7585017681121826], "lowlevel.spectral_contrast_coeffs.stdev": [0.11352355033159256, 0.10232876241207123, 0.06705446541309357, 0.056227874010801315, 0.048791851848363876, 0.06839156150817871], "lowlevel.spectral_contrast_valleys.mean": [-7.8958516120910645, -8.047429084777832, -8.840099334716797, -9.074368476867676, -9.333120346069336, -12.285933494567871], "lowlevel.spectral_contrast_valleys.stdev": [0.9927562475204468, 1.09727942943573, 1.1370114088058472, 0.8931639194488525, 1.0046675205230713, 1.2556267976760864], "rhythm.beats_loudness_band_ratio.mean": [0.39566993713378906, 0.39875897765159607, 0.15843570232391357, 0.09260158985853195, 0.02971506118774414, 0.020562300458550453], "rhythm.beats_loudness_band_ratio.stdev": [0.2839421331882477, 0.2605268359184265, 0.15934517979621887, 0.1376294046640396, 0.044948503375053406, 0.060782089829444885], "tonal.hpcp.mean": [0.1773013174533844, 0.2682478129863739, 0.16509033739566803, 0.05695168301463127, 0.056853730231523514, 0.04766790568828583, 0.05215653032064438, 0.0686364397406578, 0.06533482670783997, 0.062378596514463425, 0.068446084856987, 0.052308183163404465, 0.032248519361019135, 0.0389808788895607, 0.05200357362627983, 0.08281736820936203, 0.12118710577487946, 0.1344292014837265, 0.12514327466487885, 0.10467703640460968, 0.09834836423397064, 0.1344737708568573, 0.1681334227323532, 0.14885291457176208, 0.10044661909341812, 0.08192060887813568, 0.07081890106201172, 0.05284485965967178, 0.04885876923799515, 0.06099735572934151, 0.12889136373996735, 0.18030892312526703, 0.11650905758142471, 0.05020631477236748, 0.050127770751714706, 0.07119979709386826], "tonal.hpcp.stdev": [0.28788113594055176, 0.399051308631897, 0.2680911719799042, 0.15756241977214813, 0.18482980132102966, 0.14771291613578796, 0.159983292222023, 0.19618327915668488, 0.17661988735198975, 0.17752231657505035, 0.188172847032547, 0.15802001953125, 0.1164490208029747, 0.14097647368907928, 0.16280600428581238, 0.19982874393463135, 0.23837794363498688, 0.26486751437187195, 0.2731707990169525, 0.2450723946094513, 0.22140808403491974, 0.2674008011817932, 0.28697288036346436, 0.26889199018478394, 0.21376918256282806, 0.20992597937583923, 0.18200251460075378, 0.16211633384227753, 0.14948804676532745, 0.1628538817167282, 0.2517331838607788, 0.3174020051956177, 0.23661626875400543, 0.16383355855941772, 0.15262529253959656, 0.1718713492155075], "rhythm.beats_position": [0.6849886775016785, 1.381587266921997, 2.078185796737671, 2.763174533843994, 3.4481632709503174, 4.133152008056641, 4.7600908279418945, 5.375419616699219, 5.979138374328613, 6.5944671630859375, 7.221405982971191, 7.848344326019287, 8.4752836227417, 9.125441551208496, 9.77560043334961, 10.402539253234863, 11.029478073120117, 11.6680269241333, 12.318185806274414, 12.956734657287598, 13.583673477172852, 14.222222328186035, 14.849161148071289, 15.487709045410156, 16.137868881225586, 16.741586685180664, 17.345306396484375, 17.925804138183594, 18.506303787231445, 19.086801528930664, 19.736961364746094, 20.38711929321289, 21.04888916015625, 21.710657119750977, 22.349205017089844, 22.976144790649414, 23.60308265686035, 24.218412399291992, 24.833740234375, 25.4722900390625, 26.099227905273438, 26.714557647705078, 27.329885482788086, 27.956825256347656, 28.583763122558594, 29.210702896118164, 29.826030731201172], "rhythm.bpm_histogram": [0.0, 0.0, 0.0, 0.0, 0.0, 0.0, 0.0, 0.0, 0.0, 0.0, 0.0, 0.0, 0.0, 0.0, 0.0, 0.0, 0.0, 0.0, 0.0, 0.0, 0.0, 0.0, 0.0, 0.0, 0.0, 0.0, 0.0, 0.0, 0.0, 0.0, 0.0, 0.0, 0.0, 0.0, 0.0, 0.0, 0.0, 0.0, 0.0, 0.0, 0.0, 0.0, 0.0, 0.0, 0.0, 0.0, 0.0, 0.0, 0.0, 0.0, 0.0, 0.0, 0.0, 0.0, 0.0, 0.0, 0.0, 0.0, 0.0, 0.0, 0.0, 0.0, 0.0, 0.0, 0.0, 0.0, 0.0, 0.0, 0.0, 0.0, 0.0, 0.0, 0.0, 0.0, 0.0, 0.0, 0.0, 0.0, 0.0, 0.0, 0.0, 0.0, 0.0, 0.0, 0.0, 0.0, 0.043478261679410934, 0.0, 0.06521739065647125, 0.0, 0.0, 0.043478261679410934, 0.1304347813129425, 0.0, 0.1304347813129425, 0.0, 0.30434781312942505, 0.0, 0.15217390656471252, 0.06521739065647125, 0.0, 0.0, 0.0, 0.06521739065647125, 0.0, 0.0, 0.0, 0.0, 0.0, 0.0, 0.0, 0.0, 0.0, 0.0, 0.0, 0.0, 0.0, 0.0, 0.0, 0.0, 0.0, 0.0, 0.0, 0.0, 0.0, 0.0, 0.0, 0.0, 0.0, 0.0, 0.0, 0.0, 0.0, 0.0, 0.0, 0.0, 0.0, 0.0, 0.0, 0.0, 0.0, 0.0, 0.0, 0.0, 0.0, 0.0, 0.0, 0.0, 0.0, 0.0, 0.0, 0.0, 0.0, 0.0, 0.0, 0.0, 0.0, 0.0, 0.0, 0.0, 0.0, 0.0, 0.0, 0.0, 0.0, 0.0, 0.0, 0.0, 0.0, 0.0, 0.0, 0.0, 0.0, 0.0, 0.0, 0.0, 0.0, 0.0, 0.0, 0.0, 0.0, 0.0, 0.0, 0.0, 0.0, 0.0, 0.0, 0.0, 0.0, 0.0, 0.0, 0.0, 0.0, 0.0, 0.0, 0.0, 0.0, 0.0, 0.0, 0.0, 0.0, 0.0, 0.0, 0.0, 0.0, 0.0, 0.0, 0.0, 0.0, 0.0, 0.0, 0.0, 0.0, 0.0, 0.0, 0.0, 0.0, 0.0, 0.0, 0.0, 0.0, 0.0, 0.0, 0.0, 0.0, 0.0, 0.0, 0.0, 0.0, 0.0, 0.0, 0.0, 0.0, 0.0, 0.0, 0.0, 0.0, 0.0, 0.0, 0.0, 0.0, 0.0, 0.0, 0.0, 0.0, 0.0, 0.0, 0.0, 0.0, 0.0], "tonal.chords_histogram": [7.561728477478027, 4.475308418273926, 33.950618743896484, 15.123456954956055, 3.8580245971679688, 19.44444465637207, 0.15432098507881165, 0.0, 0.0, 9.104938507080078, 0.0, 0.0, 0.0, 0.0, 0.0, 0.0, 0.0, 0.0, 0.0, 0.0, 4.629629611968994, 0.3086419701576233, 1.3888888359069824, 0.0], "tonal.thpcp": [1.0, 0.6154396533966064, 0.21230995655059814, 0.2119448035955429, 0.17770101130008698, 0.19443413615226746, 0.2558695077896118, 0.24356144666671753, 0.23254093527793884, 0.2551598846912384, 0.19499947130680084, 0.12021913379430771, 0.14531667530536652, 0.19386392831802368, 0.30873456597328186, 0.4517729580402374, 0.5011380910873413, 0.46652114391326904, 0.3902251124382019, 0.36663249135017395, 0.5013042688369751, 0.6267839670181274, 0.5549082159996033, 0.3744545578956604, 0.3053915202617645, 0.26400551199913025, 0.1970001459121704, 0.18214042484760284, 0.2273918092250824, 0.4804936349391937, 0.6721729636192322, 0.4343336820602417, 0.18716393411159515, 0.18687112629413605, 0.265425443649292, 0.6609609127044678], "lowlevel.gfcc.cov": [[8051.482421875, -1446.6651611328125, -163.04470825195312, -194.09034729003906, -794.9450073242188, 23.209226608276367, -27.34490966796875, 330.6248474121094, -332.4626159667969, 296.12548828125, -310.1602478027344, 183.69638061523438, -212.71157836914062], [-1446.6651611328125, 3056.193115234375, -312.0099792480469, -767.2267456054688, 375.7269287109375, -347.5964660644531, 451.31439208984375, -242.1165008544922, 334.7460021972656, -306.96795654296875, 263.8879699707031, -264.9317932128906, 180.34413146972656], [-163.04470825195312, -312.0099792480469, 1388.221435546875, 485.2740478515625, 180.1508331298828, 182.38067626953125, -208.96444702148438, 37.29828643798828, -33.98499298095703, 42.512725830078125, -29.31125259399414, 11.394757270812988, -11.669791221618652], [-194.09034729003906, -767.2267456054688, 485.2740478515625, 1055.479736328125, 390.6412658691406, 184.0239715576172, -35.71965408325195, 91.44395446777344, 69.50801849365234, -46.78102493286133, -59.688419342041016, 31.03346824645996, 49.60305404663086], [-794.9450073242188, 375.7269287109375, 180.1508331298828, 390.6412658691406, 547.9000244140625, 107.42288970947266, 67.45769500732422, -17.0438232421875, 159.7238311767578, -79.98532104492188, 37.248138427734375, -67.46369934082031, 90.640380859375], [23.209226608276367, -347.5964660644531, 182.38067626953125, 184.0239715576172, 107.42288970947266, 451.2117614746094, 176.1660614013672, 109.45565795898438, -26.626941680908203, 44.655147552490234, -7.700799942016602, 38.68187713623047, -33.16017150878906], [-27.34490966796875, 451.31439208984375, -208.96444702148438, -35.71965408325195, 67.45769500732422, 176.1660614013672, 529.2484741210938, 91.18791198730469, 64.2559585571289, -83.04179382324219, 31.362064361572266, -15.63392162322998, 29.503692626953125], [330.6248474121094, -242.1165008544922, 37.29828643798828, 91.44395446777344, -17.0438232421875, 109.45565795898438, 91.18791198730469, 217.08238220214844, 13.035140991210938, 12.399538040161133, -28.305418014526367, 41.161319732666016, 1.2293565273284912], [-332.4626159667969, 334.7460021972656, -33.98499298095703, 69.50801849365234, 159.7238311767578, -26.626941680908203, 64.2559585571289, 13.035140991210938, 226.17868041992188, -0.6803911924362183, 42.16159439086914, -51.761199951171875, 47.75618362426758], [296.12548828125, -306.96795654296875, 42.512725830078125, -46.78102493286133, -79.98532104492188, 44.655147552490234, -83.04179382324219, 12.399538040161133, -0.6803911924362183, 214.5850830078125, 22.000526428222656, 57.543365478515625, -54.18085861206055], [-310.1602478027344, 263.8879699707031, -29.31125259399414, -59.688419342041016, 37.248138427734375, -7.700799942016602, 31.362064361572266, -28.305418014526367, 42.16159439086914, 22.000526428222656, 191.87417602539062, 33.81916046142578, 20.41807746887207], [183.69638061523438, -264.9317932128906, 11.394757270812988, 31.03346824645996, -67.46369934082031, 38.68187713623047, -15.63392162322998, 41.161319732666016, -51.761199951171875, 57.543365478515625, 33.81916046142578, 155.75230407714844, 9.362298965454102], [-212.71157836914062, 180.34413146972656, -11.669791221618652, 49.60305404663086, 90.640380859375, -33.16017150878906, 29.503692626953125, 1.2293565273284912, 47.75618362426758, -54.18085861206055, 20.41807746887207, 9.362298965454102, 121.37798309326172]], "lowlevel.gfcc.icov": [[0.00017205416224896908, -3.6981375160394236e-05, 2.591676457086578e-05, -8.155145769705996e-05, 0.0001983731344807893, 5.2871007937937975e-05, -3.564006692613475e-05, -0.00022906973026692867, 0.00016327812045346946, -0.0002529851335566491, 0.00023550816695205867, -2.8434087653295137e-05, 5.498312384588644e-05], [-3.6981375160394236e-05, 0.0021254955790936947, -0.0006848908960819244, 0.0022650694008916616, -0.0020439852960407734, 0.001558836898766458, -0.0018017650581896305, 0.0010537176858633757, -0.0014032293111085892, 0.0017398383934050798, -0.001463899272494018, 0.0007538736099377275, -0.0003180218336638063], [2.591676457086578e-05, -0.0006848908960819244, 0.0012173939030617476, -0.0010955706238746643, 0.0005941804847680032, -0.0009159573819488287, 0.0010915239108726382, -0.0004722709418274462, 0.0007023680955171585, -0.0006732759065926075, 0.0003374200314283371, 5.968653204035945e-05, 3.506759094307199e-05], [-8.155145769705996e-05, 0.0022650694008916616, -0.0010955706238746643, 0.004187279846519232, -0.0034669197630137205, 0.0014420191291719675, -0.001604830496944487, 0.0006649673450738192, -0.0017826113617047668, 0.0023821406066417694, -0.0008480001124553382, -0.00028841011226177216, -2.9021264708717354e-05], [0.0001983731344807893, -0.0020439852960407734, 0.0005941804847680032, -0.0034669197630137205, 0.006384583655744791, -0.0027093025855720043, 0.0018038599519059062, -4.9101843615062535e-05, -0.0005168094066902995, -0.0010964724933728576, 0.0007705993484705687, 0.0007286930340342224, -0.0015593009302392602], [5.2871007937937975e-05, 0.001558836898766458, -0.0009159573819488287, 0.0014420191291719675, -0.0027093025855720043, 0.005269681569188833, -0.003022729652002454, -0.0005505065782926977, 0.000567798619158566, -0.0002637627476360649, -0.0008330499404110014, 0.00013010966358706355, 0.0010913033038377762], [-3.564006692613475e-05, -0.0018017650581896305, 0.0010915239108726382, -0.001604830496944487, 0.0018038599519059062, -0.003022729652002454, 0.004772715736180544, -0.001649359124712646, 0.00013860150647815317, 0.00023524762946181, 0.0006214433233253658, -0.0005143064772710204, 4.473974695429206e-05], [-0.00022906973026692867, 0.0010537176858633757, -0.0004722709418274462, 0.0006649673450738192, -4.9101843615062535e-05, -0.0005505065782926977, -0.001649359124712646, 0.007261053193360567, -0.002399785676971078, 0.001286696526221931, 0.00030828616581857204, -0.0013140643713995814, -0.0005025197169743478], [0.00016327812045346946, -0.0014032293111085892, 0.0007023680955171585, -0.0017826113617047668, -0.0005168094066902995, 0.000567798619158566, 0.00013860150647815317, -0.002399785676971078, 0.00892498530447483, -0.003955683205276728, -0.00028898721211589873, 0.0026018645148724318, -0.0017305987421423197], [-0.0002529851335566491, 0.0017398383934050798, -0.0006732759065926075, 0.0023821406066417694, -0.0010964724933728576, -0.0002637627476360649, 0.00023524762946181, 0.001286696526221931, -0.003955683205276728, 0.009366827085614204, -0.0018900841241702437, -0.0024297174531966448, 0.002852786798030138], [0.00023550816695205867, -0.001463899272494018, 0.0003374200314283371, -0.0008480001124553382, 0.0007705993484705687, -0.0008330499404110014, 0.0006214433233253658, 0.00030828616581857204, -0.00028898721211589873, -0.0018900841241702437, 0.007986754179000854, -0.003245106665417552, 0.00018634885782375932], [-2.8434087653295137e-05, 0.0007538736099377275, 5.968653204035945e-05, -0.00028841011226177216, 0.0007286930340342224, 0.00013010966358706355, -0.0005143064772710204, -0.0013140643713995814, 0.0026018645148724318, -0.0024297174531966448, -0.003245106665417552, 0.011065725237131119, -0.003832561895251274], [5.498312384588644e-05, -0.0003180218336638063, 3.506759094307199e-05, -2.9021264708717354e-05, -0.0015593009302392602, 0.0010913033038377762, 4.473974695429206e-05, -0.0005025197169743478, -0.0017305987421423197, 0.002852786798030138, 0.00018634885782375932, -0.003832561895251274, 0.012498221360147]], "lowlevel.mfcc.cov": [[7992.69775390625, -1231.9105224609375, -283.6530456542969, -309.9328918457031, -826.2601318359375, -331.2970275878906, -47.577789306640625, 10.158547401428223, 81.6846923828125, -170.21739196777344, 265.6659851074219, -336.3867492675781, 108.56061553955078], [-1231.9105224609375, 3173.6123046875, -435.7151794433594, -398.7012023925781, -310.3676452636719, -119.90912628173828, -37.182682037353516, -19.939029693603516, -34.79168701171875, 27.44883155822754, 16.461517333984375, 136.25526428222656, -22.085662841796875], [-283.6530456542969, -435.7151794433594, 1086.492431640625, 224.24151611328125, 363.4605712890625, 99.6180419921875, 79.96897888183594, 16.736799240112305, -14.419963836669922, 35.7747917175293, -17.438623428344727, -1.8764930963516235, 16.82231903076172], [-309.9328918457031, -398.7012023925781, 224.24151611328125, 722.0122680664062, 409.71270751953125, 140.32183837890625, 10.29200267791748, 95.16133117675781, 114.06405639648438, 67.69198608398438, -88.57304382324219, -37.41619873046875, 89.0609359741211], [-826.2601318359375, -310.3676452636719, 363.4605712890625, 409.71270751953125, 723.0939331054688, 173.5230255126953, -20.34922981262207, 1.8410735130310059, 12.614025115966797, 122.30840301513672, -122.99844360351562, 13.393157958984375, 35.68336868286133], [-331.2970275878906, -119.90912628173828, 99.6180419921875, 140.32183837890625, 173.5230255126953, 335.790283203125, 148.3424530029297, 78.75431823730469, 91.84439849853516, 62.60721206665039, 43.07162857055664, 58.78179168701172, 10.207499504089355], [-47.577789306640625, -37.182682037353516, 79.96897888183594, 10.29200267791748, -20.34922981262207, 148.3424530029297, 312.2563781738281, 184.7303466796875, 77.29499053955078, 48.19105529785156, 32.664329528808594, 35.65834045410156, 0.3390827775001526], [10.158547401428223, -19.939029693603516, 16.736799240112305, 95.16133117675781, 1.8410735130310059, 78.75431823730469, 184.7303466796875, 303.0211181640625, 141.31301879882812, 73.10761260986328, -16.28191566467285, 6.496466636657715, 15.11324691772461], [81.6846923828125, -34.79168701171875, -14.419963836669922, 114.06405639648438, 12.614025115966797, 91.84439849853516, 77.29499053955078, 141.31301879882812, 255.09266662597656, 96.96752166748047, 20.936464309692383, 2.301564931869507, 17.174711227416992], [-170.21739196777344, 27.44883155822754, 35.7747917175293, 67.69198608398438, 122.30840301513672, 62.60721206665039, 48.19105529785156, 73.10761260986328, 96.96752166748047, 220.32754516601562, -17.481565475463867, -0.7158842086791992, -17.750871658325195], [265.6659851074219, 16.461517333984375, -17.438623428344727, -88.57304382324219, -122.99844360351562, 43.07162857055664, 32.664329528808594, -16.28191566467285, 20.936464309692383, -17.481565475463867, 233.84552001953125, 54.60224533081055, -0.4522552192211151], [-336.3867492675781, 136.25526428222656, -1.8764930963516235, -37.41619873046875, 13.393157958984375, 58.78179168701172, 35.65834045410156, 6.496466636657715, 2.301564931869507, -0.7158842086791992, 54.60224533081055, 173.87315368652344, 40.98334884643555], [108.56061553955078, -22.085662841796875, 16.82231903076172, 89.0609359741211, 35.68336868286133, 10.207499504089355, 0.3390827775001526, 15.11324691772461, 17.174711227416992, -17.750871658325195, -0.4522552192211151, 40.98334884643555, 168.53456115722656]], "lowlevel.mfcc.icov": [[0.000190055972780101, 8.244824130088091e-05, 7.523953627242008e-06, 5.432547186501324e-05, 0.0001654553198022768, 9.317647345596924e-05, 1.0875512998609338e-05, -2.3424856408382766e-05, -7.245859887916595e-05, -5.640637255055481e-07, -0.00022226522560231388, 0.00040392923983745277, -0.00027117127319797873], [8.244824130088091e-05, 0.00040607861592434347, 9.642307850299403e-05, 0.0001509360154159367, 0.00015184991934802383, 9.983816562453285e-05, 6.248856516322121e-05, -4.338071812526323e-05, -7.416992957587354e-07, -0.00016784622857812792, 1.7482358089182526e-05, -0.00016411540855187923, -0.00010135981574421749], [7.523953627242008e-06, 9.642307850299403e-05, 0.0012078353902325034, -5.224288906902075e-05, -0.0006711730966344476, 0.00022779360006097704, -0.0005617944989353418, 0.0001391200057696551, 0.00012140780745539814, 0.00012343729031272233, -0.00027943422901444137, 0.00011104351142421365, 4.676130174630089e-06], [5.432547186501324e-05, 0.0001509360154159367, -5.224288906902075e-05, 0.0026890826411545277, -0.0012571780243888497, -0.00039858228410594165, 0.00047901779180392623, -0.0006654766038991511, -0.0008780803764238954, 0.00043658254435285926, 0.00012198015610920265, 0.0009773018537089229, -0.0011838576756417751], [0.0001654553198022768, 0.00015184991934802383, -0.0006711730966344476, -0.0012571780243888497, 0.003500860882923007, -0.0013630848843604326, 0.0009411567589268088, 0.0002259349130326882, 0.0009142745984718204, -0.0015602567000314593, 0.0011517261154949665, -0.0004229336918797344, -0.00018772917974274606], [9.317647345596924e-05, 9.983816562453285e-05, 0.00022779360006097704, -0.00039858228410594165, -0.0013630848843604326, 0.005561214406043291, -0.002725717844441533, 0.0008955677039921284, -0.0014207626227289438, 0.00018138001905754209, -0.0011852276511490345, -0.0009347746963612735, 0.00040593143785372376], [1.0875512998609338e-05, 6.248856516322121e-05, -0.0005617944989353418, 0.00047901779180392623, 0.0009411567589268088, -0.002725717844441533, 0.006944921333342791, -0.004007438663393259, 0.00099075713660568, -0.00043967802776023746, -0.00017418144852854311, -0.00032784510403871536, 4.731832814286463e-05], [-2.3424856408382766e-05, -4.338071812526323e-05, 0.0001391200057696551, -0.0006654766038991511, 0.0002259349130326882, 0.0008955677039921284, -0.004007438663393259, 0.007125751115381718, -0.002664000727236271, -0.00045301669160835445, 0.0010455476585775614, -0.0001856258459156379, -0.00011411910236347467], [-7.245859887916595e-05, -7.416992957587354e-07, 0.00012140780745539814, -0.0008780803764238954, 0.0009142745984718204, -0.0014207626227289438, 0.00099075713660568, -0.002664000727236271, 0.006973608862608671, -0.00239450391381979, -0.000667644664645195, 0.00017596430552657694, -0.0003795894735958427], [-5.640637255055481e-07, -0.00016784622857812792, 0.00012343729031272233, 0.00043658254435285926, -0.0015602567000314593, 0.00018138001905754209, -0.00043967802776023746, -0.00045301669160835445, -0.00239450391381979, 0.006601741537451744, 2.3310603864956647e-05, 0.0002112454967573285, 0.0009842448635026813], [-0.00022226522560231388, 1.7482358089182526e-05, -0.00027943422901444137, 0.00012198015610920265, 0.0011517261154949665, -0.0011852276511490345, -0.00017418144852854311, 0.0010455476585775614, -0.000667644664645195, 2.3310603864956647e-05, 0.0060267578810453415, -0.002099373145028949, 0.000440597883425653], [0.00040392923983745277, -0.00016411540855187923, 0.00011104351142421365, 0.0009773018537089229, -0.0004229336918797344, -0.0009347746963612735, -0.00032784510403871536, -0.0001856258459156379, 0.00017596430552657694, 0.0002112454967573285, -0.002099373145028949, 0.008598885498940945, -0.00273810769431293], [-0.00027117127319797873, -0.00010135981574421749, 4.676130174630089e-06, -0.0011838576756417751, -0.00018772917974274606, 0.00040593143785372376, 4.731832814286463e-05, -0.00011411910236347467, -0.0003795894735958427, 0.0009842448635026813, 0.000440597883425653, -0.00273810769431293, 0.007554695475846529]], "metadata.audio_properties.analysis.downmix": "mix", "metadata.audio_properties.codec": "mp3", "metadata.audio_properties.md5_encoded": "58d6175f9b0d3095e42a342007e4b791", "metadata.tags.file_name": "1183695684860387338.mp3", "metadata.version.essentia": "2.1-beta6-dev", "metadata.version.essentia_git_sha