{"song_id": "1183717523850526730", "download": "https://cdn.discordapp.com/attachments/1135903449314238464/1183717523850526730/chirp.mp4?ex=658959da&amp", "lyrics": "I'm on a journey, searching for somewhere\nA place where dreams come true, where I belong\nThrough the highs and lows, I keep pushing forward\nI won't stop until I find that somewhere", "style": ["random"], "essentia_features": {"lowlevel.average_loudness": 0.9850810766220093, "lowlevel.barkbands_crest.mean": 14.128132820129395, "lowlevel.barkbands_crest.stdev": 5.349061965942383, "lowlevel.barkbands_flatness_db.mean": 0.19363617897033691, "lowlevel.barkbands_flatness_db.stdev": 0.06144847720861435, "lowlevel.barkbands_kurtosis.mean": 18.550537109375, "lowlevel.barkbands_kurtosis.stdev": 39.990440368652344, "lowlevel.barkbands_skewness.mean": 2.7942306995391846, "lowlevel.barkbands_skewness.stdev": 2.7363529205322266, "lowlevel.barkbands_spread.mean": 25.01832389831543, "lowlevel.barkbands_spread.stdev": 27.663436889648438, "lowlevel.dissonance.mean": 0.45510271191596985, "lowlevel.dissonance.stdev": 0.03863201290369034, "lowlevel.dynamic_complexity": 2.145981788635254, "lowlevel.erbbands_crest.mean": 10.176433563232422, "lowlevel.erbbands_crest.stdev": 4.673703193664551, "lowlevel.erbbands_flatness_db.mean": 0.15136657655239105, "lowlevel.erbbands_flatness_db.stdev": 0.05068974196910858, "lowlevel.erbbands_kurtosis.mean": 1.3435193300247192, "lowlevel.erbbands_kurtosis.stdev": 3.201692819595337, "lowlevel.erbbands_skewness.mean": 0.32408657670021057, "lowlevel.erbbands_skewness.stdev": 1.135151982307434, "lowlevel.erbbands_spread.mean": 53.78705596923828, "lowlevel.erbbands_spread.stdev": 34.549095153808594, "lowlevel.hfc.mean": 33.91725158691406, "lowlevel.hfc.stdev": 33.32505798339844, "lowlevel.loudness_ebu128.integrated": -12.738241195678711, "lowlevel.loudness_ebu128.loudness_range": 0.6348505020141602, "lowlevel.loudness_ebu128.momentary.mean": -12.87065315246582, "lowlevel.loudness_ebu128.momentary.stdev": 1.1294296979904175, "lowlevel.loudness_ebu128.short_term.mean": -12.766305923461914, "lowlevel.loudness_ebu128.short_term.stdev": 0.22664199769496918, "lowlevel.melbands_crest.mean": 19.847553253173828, "lowlevel.melbands_crest.stdev": 5.891517162322998, "lowlevel.melbands_flatness_db.mean": 0.2542000412940979, "lowlevel.melbands_flatness_db.stdev": 0.08788705617189407, "lowlevel.melbands_kurtosis.mean": 51.206886291503906, "lowlevel.melbands_kurtosis.stdev": 75.6315689086914, "lowlevel.melbands_skewness.mean": 4.77280855178833, "lowlevel.melbands_skewness.stdev": 3.6434381008148193, "lowlevel.melbands_spread.mean": 21.140087127685547, "lowlevel.melbands_spread.stdev": 31.748628616333008, "lowlevel.pitch_salience.mean": 0.4065595865249634, "lowlevel.pitch_salience.stdev": 0.16158778965473175, "lowlevel.silence_rate_20dB.mean": 1.0, "lowlevel.silence_rate_20dB.stdev": 0.0, "lowlevel.silence_rate_30dB.mean": 0.8728606104850769, "lowlevel.silence_rate_30dB.stdev": 0.33312901854515076, "lowlevel.silence_rate_60dB.mean": 0.00977995153516531, "lowlevel.silence_rate_60dB.stdev": 0.09840880334377289, "lowlevel.spectral_centroid.mean": 1237.12646484375, "lowlevel.spectral_centroid.stdev": 960.9634399414062, "lowlevel.spectral_complexity.mean": 13.178483963012695, "lowlevel.spectral_complexity.stdev": 8.29468822479248, "lowlevel.spectral_decrease.mean": -1.3165921686209003e-08, "lowlevel.spectral_decrease.stdev": 1.073651922922636e-08, "lowlevel.spectral_energy.mean": 0.05276760831475258, "lowlevel.spectral_energy.stdev": 0.04075205698609352, "lowlevel.spectral_energyband_high.mean": 0.002512525301426649, "lowlevel.spectral_energyband_high.stdev": 0.003970402758568525, "lowlevel.spectral_energyband_low.mean": 0.03456755727529526, "lowlevel.spectral_energyband_low.stdev": 0.039878860116004944, "lowlevel.spectral_energyband_middle_high.mean": 0.004105954430997372, "lowlevel.spectral_energyband_middle_high.stdev": 0.007258946541696787, "lowlevel.spectral_energyband_middle_low.mean": 0.01310048159211874, "lowlevel.spectral_energyband_middle_low.stdev": 0.015932070091366768, "lowlevel.spectral_entropy.mean": 7.646867752075195, "lowlevel.spectral_entropy.stdev": 0.6093626022338867, "lowlevel.spectral_flux.mean": 0.1300426721572876, "lowlevel.spectral_flux.stdev": 0.07895677536725998, "lowlevel.spectral_kurtosis.mean": 3.4516103267669678, "lowlevel.spectral_kurtosis.stdev": 3.443448305130005, "lowlevel.spectral_rms.mean": 0.006652398966252804, "lowlevel.spectral_rms.stdev": 0.0026881666854023933, "lowlevel.spectral_rolloff.mean": 1928.8790283203125, "lowlevel.spectral_rolloff.stdev": 3116.46728515625, "lowlevel.spectral_skewness.mean": 1.4052677154541016, "lowlevel.spectral_skewness.stdev": 0.6634293794631958, "lowlevel.spectral_spread.mean": 6394122.0, "lowlevel.spectral_spread.stdev": 3097693.0, "lowlevel.spectral_strongpeak.mean": 0.9563111662864685, "lowlevel.spectral_strongpeak.stdev": 1.0296415090560913, "lowlevel.zerocrossingrate.mean": 0.07128787040710449, "lowlevel.zerocrossingrate.stdev": 0.07784204185009003, "metadata.audio_properties.analysis.equal_loudness": 0.0, "metadata.audio_properties.analysis.length": 9.450657844543457, "metadata.audio_properties.analysis.sample_rate": 44100.0, "metadata.audio_properties.analysis.start_time": 0.0, "metadata.audio_properties.bit_rate": 122835.0, "metadata.audio_properties.length": 9.450666427612305, "metadata.audio_properties.lossless": 0.0, "metadata.audio_properties.number_channels": 1.0, "metadata.audio_properties.replay_gain": -12.267156600952148, "metadata.audio_properties.sample_rate": 48000.0, "rhythm.beats_count": 14.0, "rhythm.beats_loudness.mean": 0.09103729575872421, "rhythm.beats_loudness.stdev": 0.03639489412307739, "rhythm.bpm": 93.97740936279297, "rhythm.bpm_histogram_first_peak_bpm": 94.0, "rhythm.bpm_histogram_first_peak_weight": 0.4615384340286255, "rhythm.bpm_histogram_second_peak_bpm": 0.0, "rhythm.bpm_histogram_second_peak_spread": 0.0, "rhythm.bpm_histogram_second_peak_weight": 0.0, "rhythm.danceability": 1.6285065412521362, "rhythm.onset_rate": 5.38330078125, "tonal.chords_changes_rate": 0.06829268485307693, "tonal.chords_number_rate": 0.024390242993831635, "tonal.chords_strength.mean": 0.4802912771701813, "tonal.chords_strength.stdev": 0.06423293054103851, "tonal.hpcp_crest.mean": 14.268424034118652, "tonal.hpcp_crest.stdev": 6.152503490447998, "tonal.hpcp_entropy.mean": 1.8542612791061401, "tonal.hpcp_entropy.stdev": 0.6666873693466187, "tonal.key_edma.strength": 0.7124632596969604, "tonal.key_krumhansl.strength": 0.7233609557151794, "tonal.key_temperley.strength": 0.732309103012085, "tonal.tuning_diatonic_strength": 0.6748289465904236, "tonal.tuning_equal_tempered_deviation": 0.09929697215557098, "tonal.tuning_frequency": 443.57257080078125, "tonal.tuning_nontempered_energy_ratio": 0.7055575251579285, "lowlevel.barkbands.mean": [0.00021500492584891617, 0.01925821788609028, 0.013661575503647327, 0.0027734413743019104, 0.002604835433885455, 0.0010936526814475656, 0.0025658172089606524, 0.0018303609685972333, 0.0020233357790857553, 0.0007207578746601939, 0.0014326374512165785, 0.0005569801433011889, 0.00040858390275388956, 0.0002899435057770461, 0.0001882430660771206, 0.00010602904512779787, 0.0001441033964511007, 0.00013525868416763842, 0.00014660367742180824, 0.00019561276712920517, 0.0001998827065108344, 0.0004498469643294811, 0.000572576595004648, 0.0004837430315092206, 0.0005038243252784014, 0.0002067551831714809, 1.935166249467102e-09], "lowlevel.barkbands.stdev": [0.00046908651711419225, 0.031224146485328674, 0.01943691447377205, 0.006506835110485554, 0.007127068936824799, 0.0018060739384964108, 0.006508706137537956, 0.004233126994222403, 0.00519914785400033, 0.002232089638710022, 0.0053153191693127155, 0.0015517330029979348, 0.0009451580117456615, 0.0007897228351794183, 0.0003793398500420153, 0.00021474360255524516, 0.00020200666040182114, 0.00021073505922686309, 0.00026419846108183265, 0.00027283257804811, 0.00042125166510231793, 0.0009023761958815157, 0.0012056163977831602, 0.0009241839870810509, 0.0010689952177926898, 0.00044690194772556424, 3.6866432129301074e-09], "lowlevel.erbbands.mean": [0.4138636887073517, 4.897315979003906, 14.908958435058594, 12.892683982849121, 10.953768730163574, 6.61052942276001, 5.09640645980835, 12.883953094482422, 26.9549560546875, 51.23210525512695, 37.033145904541016, 47.7127799987793, 24.929210662841797, 39.37210464477539, 49.359432220458984, 20.67477035522461, 17.50771141052246, 17.232492446899414, 13.160567283630371, 7.001507759094238, 6.34262228012085, 8.573822021484375, 7.657960414886475, 6.581487655639648, 8.639111518859863, 9.007956504821777, 7.281585693359375, 9.845444679260254, 15.21828556060791, 18.529874801635742, 15.148859024047852, 10.927102088928223, 7.903665542602539, 5.327010631561279, 3.8433775901794434, 1.8826022148132324, 0.1060493215918541, 0.0025534203741699457, 0.00018528298824094236, 8.358354534721002e-05], "lowlevel.erbbands.stdev": [0.8860741257667542, 7.313283920288086, 18.913938522338867, 22.660985946655273, 33.635902404785156, 14.947589874267578, 12.048768043518066, 21.547197341918945, 67.6910629272461, 120.32971954345703, 80.2469711303711, 124.63673400878906, 82.3524398803711, 143.67837524414062, 157.21466064453125, 48.87166213989258, 38.60441207885742, 40.13864517211914, 28.510175704956055, 13.350770950317383, 11.970747947692871, 11.461958885192871, 11.284823417663574, 12.945706367492676, 13.689228057861328, 12.5034818649292, 13.101892471313477, 21.371822357177734, 29.97076416015625, 41.05606460571289, 30.260053634643555, 19.9327449798584, 16.000097274780273, 11.315954208374023, 8.46324348449707, 4.025827884674072, 0.22465290129184723, 0.005253997631371021, 0.0003187499241903424, 6.0214220866328105e-05], "lowlevel.gfcc.mean": [0.9577657580375671, 80.59638977050781, -91.8516845703125, 44.37487030029297, -63.58308029174805, 34.59725570678711, -32.07609558105469, 21.012798309326172, -25.62482261657715, 5.743529796600342, -15.420275688171387, -3.162113904953003, -14.39670181274414], "lowlevel.melbands.mean": [0.004650389775633812, 0.007234363351017237, 0.0022660144604742527, 0.0006036049453541636, 0.00020838063210248947, 0.0002715779119171202, 0.00044336181599646807, 0.0005378741188906133, 0.0003123781061731279, 0.0002876909857150167, 0.00011496280785650015, 0.00014877422654535621, 0.00017679824668448418, 8.358079503523186e-05, 3.2401952921645716e-05, 4.536779670161195e-05, 3.0099061405053362e-05, 2.2463862478616647e-05, 1.2516649803728797e-05, 7.639963769179303e-06, 7.05059801475727e-06, 9.354957910545636e-06, 7.578627901239088e-06, 5.861054887645878e-06, 5.144668193679536e-06, 5.7353777265234385e-06, 6.982888862694381e-06, 5.8252689996152185e-06, 4.294207428756636e-06, 4.796938810613938e-06, 5.9800827330036554e-06, 8.552845429221634e-06, 9.264797881769482e-06, 1.1025705134670716e-05, 9.203658009937499e-06, 7.177585757744964e-06, 6.427938387787435e-06, 5.772726126451744e-06, 4.144824288232485e-06, 4.608667040884029e-06], "lowlevel.melbands.stdev": [0.008455479517579079, 0.008271731436252594, 0.0037246651481837034, 0.0016795976553112268, 0.000528789940290153, 0.0004514421452768147, 0.0011334704468026757, 0.001238974160514772, 0.000766257697250694, 0.0007415437139570713, 0.00040758063551038504, 0.0005452435580082238, 0.0006000926368869841, 0.00022097154578659683, 8.188479114323854e-05, 0.0001049913844326511, 7.618935342179611e-05, 5.593969763140194e-05, 2.4835289877955802e-05, 1.4776515854464378e-05, 1.3218956155469641e-05, 1.3756744920101482e-05, 1.0828633094206452e-05, 1.0111260053236037e-05, 1.0851356819330249e-05, 1.0177303011005279e-05, 1.0481056051503401e-05, 8.136420547089074e-06, 7.469019237760222e-06, 9.852540642896201e-06, 1.3546128684538417e-05, 1.695124046818819e-05, 1.9529110431903973e-05, 2.593932003946975e-05, 1.9785242329817265e-05, 1.3097575902065728e-05, 1.2535849236883223e-05, 1.2192721442261245e-05, 8.370633622689638e-06, 1.0061530701932497e-05], "lowlevel.melbands128.mean": [0.000167468300787732, 0.0023850759025663137, 0.006901436951011419, 0.00832878053188324, 0.008125062100589275, 0.006348509807139635, 0.002580800326541066, 0.0013326440239325166, 0.001212276634760201, 0.0004764804325532168, 0.00031102276989258826, 0.00030668688123114407, 0.00013775995466858149, 0.00012413020886015147, 0.00033100793370977044, 0.0002845147391781211, 0.00035112776095047593, 0.000459186703665182, 0.0005696573061868548, 0.000676336174365133, 0.0004812236875295639, 0.00023699009034316987, 0.0002852017933037132, 0.00039355119224637747, 0.0003560504992492497, 0.0002426218125037849, 0.00012841649004258215, 0.00010170901077799499, 0.00010167347500100732, 0.00010085026588058099, 0.0001832663401728496, 0.0002203962067142129, 0.00015091054956428707, 0.00019611528841778636, 9.395815141033381e-05, 5.845307532581501e-05, 4.198194801574573e-05, 3.246924461564049e-05, 2.2678214008919895e-05, 3.592845314415172e-05, 6.523166666738689e-05, 3.748109156731516e-05, 2.561033943493385e-05, 2.7806621801573783e-05, 2.8260768885957077e-05, 1.9871609765687026e-05, 1.9550294382497668e-05, 1.2661349501286168e-05, 1.0518316230445635e-05, 6.679037142021116e-06, 6.694997864542529e-06, 9.823527761909645e-06, 6.148514785309089e-06, 6.005578597978456e-06, 8.21301819087239e-06, 1.250395507668145e-05, 6.941409992577974e-06, 7.314717549888883e-06, 7.847125743865035e-06, 7.985246156749781e-06, 5.235016487858957e-06, 4.783340955327731e-06, 5.532098839466926e-06, 5.0957364692294504e-06, 4.8882807277550455e-06, 5.566892923525302e-06, 6.425048013625201e-06, 6.2616481955046766e-06, 8.277093002106994e-06, 6.583931281056721e-06, 5.015380793338409e-06, 6.3162447077047545e-06, 4.602976332535036e-06, 3.457198545220308e-06, 4.6237537389970385e-06, 4.403046204970451e-06, 5.228574536886299e-06, 5.224740107223624e-06, 5.5000496104185e-06, 7.136567091947654e-06, 9.271581802750006e-06, 8.993213668873068e-06, 7.469329830200877e-06, 1.0159336852666456e-05, 9.457522537559271e-06, 1.0453495633555576e-05, 1.1282016203040257e-05, 1.278828494832851e-05, 8.293540304293856e-06, 7.503736924263649e-06, 8.151324436767027e-06, 6.3135012169368565e-06, 7.056596587062813e-06, 6.866648163850186e-06, 5.92856031289557e-06, 4.9912146096176e-06, 6.428796041291207e-06, 6.194760771904839e-06, 2.8239767289051088e-06, 4.017659193777945e-06, 4.777535650646314e-06, 4.874569640378468e-06, 4.172463832219364e-06, 4.488784270506585e-06, 4.072657247888856e-06, 4.920172159472713e-06, 3.7390243505797116e-06, 4.312168130127247e-06, 3.9846850086178165e-06, 2.8563010801008204e-06, 5.747263003286207e-07, 8.194091805080461e-08, 6.404617280963976e-09, 8.619324143310791e-10, 2.311358326956281e-10, 2.209825204768645e-11, 1.1734548228947705e-11, 1.0543937251084046e-11, 8.887578173411015e-12, 8.309567443853805e-12, 8.443475953134882e-12, 7.646121583104737e-12, 7.406466065451589e-12, 7.2604361758821234e-12, 7.115605413915427e-12, 6.969818385632598e-12, 6.876475083794631e-12, 6.8313987279522426e-12], "lowlevel.melbands128.stdev": [0.0004100163350813091, 0.006155634764581919, 0.014275504276156425, 0.012467879801988602, 0.00996879767626524, 0.009390460327267647, 0.005140991881489754, 0.003083848627284169, 0.004485253244638443, 0.0015443629818037152, 0.0007786189671605825, 0.0010431793052703142, 0.00042368241702206433, 0.00020464618864934891, 0.0006319220410659909, 0.0005962278810329735, 0.0009609748376533389, 0.0016853238921612501, 0.0020103564020246267, 0.0018701214576140046, 0.0014044829877093434, 0.0007631416665390134, 0.0009392868378199637, 0.001542433863505721, 0.0012170227710157633, 0.0007496952312067151, 0.0007185585564002395, 0.0005347406258806586, 0.0003895904228556901, 0.0003962224000133574, 0.0008567575132474303, 0.0013301694998517632, 0.0007091514999046922, 0.0007572465692646801, 0.0003654517058748752, 0.00020403575035743415, 0.00015485378389712423, 0.00010696842218749225, 7.650900079170242e-05, 0.00013397293514572084, 0.00017939247481990606, 0.0001313045941060409, 9.237119229510427e-05, 9.158140164799988e-05, 0.00011209294461878017, 6.028105417499319e-05, 4.616932710632682e-05, 2.9767896194243804e-05, 3.0884759325999767e-05, 1.6719237464712933e-05, 1.2117573533032555e-05, 3.195676617906429e-05, 1.525444895378314e-05, 1.0514409041206818e-05, 1.7556540115037933e-05, 2.0821462385356426e-05, 9.8579266705201e-06, 1.2994433745916467e-05, 1.3296456017997116e-05, 1.5401144992210902e-05, 1.112003064918099e-05, 1.1235031706746668e-05, 1.1941968296014238e-05, 1.248546686838381e-05, 1.258724932995392e-05, 1.142096607509302e-05, 1.1760117558878846e-05, 1.1844330401800107e-05, 1.3556442354456522e-05, 1.0160880265175365e-05, 8.271023034467362e-06, 9.65696744970046e-06, 7.768218893033918e-06, 7.610467946506105e-06, 1.0832250154635403e-05, 8.729576620680746e-06, 1.2385971785988659e-05, 1.4252704204409383e-05, 1.5041267033666372e-05, 1.6368758224416524e-05, 1.9445356883807108e-05, 1.8551536413724534e-05, 1.6195486750802957e-05, 2.3962773411767557e-05, 2.072862844215706e-05, 2.511654565751087e-05, 3.0439196052611805e-05, 3.2439169444842264e-05, 1.9813178369076923e-05, 1.4953633581171744e-05, 1.637062814552337e-05, 1.2590454389282968e-05, 1.4266062862589024e-05, 1.4060734429222066e-05, 1.4034303603693843e-05, 1.1269154128967784e-05, 1.4426540474232752e-05, 1.4458829355135094e-05, 5.739525477110874e-06, 9.1369702204247e-06, 1.171028725366341e-05, 1.0869026482396293e-05, 9.907006642606575e-06, 1.0745893632702064e-05, 1.0398912309028674e-05, 1.0794040463224519e-05, 8.156294825312216e-06, 1.0272108738718089e-05, 8.924132089305203e-06, 6.960305199754657e-06, 1.4673343002868933e-06, 5.211562097429123e-07, 4.363746342050945e-08, 7.194371320906612e-09, 1.947383365674682e-09, 1.768915153244066e-10, 5.642482661660786e-11, 4.1589717780787794e-11, 1.7138096497504307e-11, 1.306588170990608e-11, 1.7404031341095028e-11, 1.1039006514446115e-11, 1.0777959254248959e-11, 1.0580541651150632e-11, 1.0420113556730559e-11, 1.0287931097308078e-11, 1.0193478873488093e-11, 1.0135781103315367e-11], "lowlevel.mfcc.mean": [-645.4851684570312, 106.11384582519531, 28.276493072509766, 21.352663040161133, 4.791893482208252, 12.597939491271973, 9.710909843444824, 12.51357364654541, 3.609473466873169, 6.003536224365234, 3.613626480102539, 3.8185880184173584, 5.6711039543151855], "lowlevel.spectral_contrast_coeffs.mean": [-0.6684889793395996, -0.730615496635437, -0.7649372816085815, -0.8107776641845703, -0.80570387840271, -0.7704954743385315], "lowlevel.spectral_contrast_coeffs.stdev": [0.08007506281137466, 0.09566526859998703, 0.0715697705745697, 0.04693455994129181, 0.030995167791843414, 0.03949536383152008], "lowlevel.spectral_contrast_valleys.mean": [-6.8318657875061035, -6.931520462036133, -7.510197639465332, -7.904308795928955, -7.69779634475708, -9.86430835723877], "lowlevel.spectral_contrast_valleys.stdev": [1.0355507135391235, 1.04402494430542, 0.9572266936302185, 0.881280779838562, 0.9481582641601562, 1.3140877485275269], "rhythm.beats_loudness_band_ratio.mean": [0.6607826352119446, 0.102713443338871, 0.11469892412424088, 0.08154565840959549, 0.015964092686772346, 0.08595006167888641], "rhythm.beats_loudness_band_ratio.stdev": [0.2719178795814514, 0.12516872584819794, 0.13274037837982178, 0.0926167443394661, 0.014729708433151245, 0.08758413791656494], "tonal.hpcp.mean": [0.06989268958568573, 0.0761742815375328, 0.23800742626190186, 0.4303698241710663, 0.2707497179508209, 0.07589339464902878, 0.07990261912345886, 0.10781805217266083, 0.1108647957444191, 0.09677450358867645, 0.0726683959364891, 0.042725857347249985, 0.028826799243688583, 0.03140157833695412, 0.036938831210136414, 0.038988590240478516, 0.050482697784900665, 0.10480883717536926, 0.11478247493505478, 0.05567169561982155, 0.03198551759123802, 0.045604459941387177, 0.08471377193927765, 0.2064097672700882, 0.2642682194709778, 0.13963620364665985, 0.03974449262022972, 0.03707705810666084, 0.05854719504714012, 0.058051712810993195, 0.043975215405225754, 0.04882875829935074, 0.05968359485268593, 0.05834804102778435, 0.04396014288067818, 0.045411817729473114], "tonal.hpcp.stdev": [0.2068617343902588, 0.20100221037864685, 0.2722613215446472, 0.41426607966423035, 0.2974419593811035, 0.19419550895690918, 0.21780019998550415, 0.2492336481809616, 0.2455451339483261, 0.19517582654953003, 0.2044631391763687, 0.1345064342021942, 0.09782926738262177, 0.10439635813236237, 0.1335500329732895, 0.12935540080070496, 0.14192700386047363, 0.23036324977874756, 0.24375773966312408, 0.15517789125442505, 0.12759748101234436, 0.14499379694461823, 0.20096150040626526, 0.3040992021560669, 0.36083775758743286, 0.23830746114253998, 0.10146272927522659, 0.1326746642589569, 0.19775740802288055, 0.17280687391757965, 0.15285272896289825, 0.14615581929683685, 0.1727636456489563, 0.18043208122253418, 0.1452549397945404, 0.13996396958827972], "rhythm.beats_position": [0.6269387602806091, 1.277097463607788, 1.9156461954116821, 2.554194927215576, 3.1927437782287598, 3.8312923908233643, 4.458230972290039, 5.085169792175293, 5.735328674316406, 6.37387752532959, 7.012426376342773, 7.6625847816467285, 8.28952407836914, 8.928071975708008], "rhythm.bpm_histogram": [0.0, 0.0, 0.0, 0.0, 0.0, 0.0, 0.0, 0.0, 0.0, 0.0, 0.0, 0.0, 0.0, 0.0, 0.0, 0.0, 0.0, 0.0, 0.0, 0.0, 0.0, 0.0, 0.0, 0.0, 0.0, 0.0, 0.0, 0.0, 0.0, 0.0, 0.0, 0.0, 0.0, 0.0, 0.0, 0.0, 0.0, 0.0, 0.0, 0.0, 0.0, 0.0, 0.0, 0.0, 0.0, 0.0, 0.0, 0.0, 0.0, 0.0, 0.0, 0.0, 0.0, 0.0, 0.0, 0.0, 0.0, 0.0, 0.0, 0.0, 0.0, 0.0, 0.0, 0.0, 0.0, 0.0, 0.0, 0.0, 0.0, 0.0, 0.0, 0.0, 0.0, 0.0, 0.0, 0.0, 0.0, 0.0, 0.0, 0.0, 0.0, 0.0, 0.0, 0.0, 0.0, 0.0, 0.0, 0.0, 0.0, 0.0, 0.0, 0.0, 0.23076923191547394, 0.0, 0.5384615659713745, 0.0, 0.23076923191547394, 0.0, 0.0, 0.0, 0.0, 0.0, 0.0, 0.0, 0.0, 0.0, 0.0, 0.0, 0.0, 0.0, 0.0, 0.0, 0.0, 0.0, 0.0, 0.0, 0.0, 0.0, 0.0, 0.0, 0.0, 0.0, 0.0, 0.0, 0.0, 0.0, 0.0, 0.0, 0.0, 0.0, 0.0, 0.0, 0.0, 0.0, 0.0, 0.0, 0.0, 0.0, 0.0, 0.0, 0.0, 0.0, 0.0, 0.0, 0.0, 0.0, 0.0, 0.0, 0.0, 0.0, 0.0, 0.0, 0.0, 0.0, 0.0, 0.0, 0.0, 0.0, 0.0, 0.0, 0.0, 0.0, 0.0, 0.0, 0.0, 0.0, 0.0, 0.0, 0.0, 0.0, 0.0, 0.0, 0.0, 0.0, 0.0, 0.0, 0.0, 0.0, 0.0, 0.0, 0.0, 0.0, 0.0, 0.0, 0.0, 0.0, 0.0, 0.0, 0.0, 0.0, 0.0, 0.0, 0.0, 0.0, 0.0, 0.0, 0.0, 0.0, 0.0, 0.0, 0.0, 0.0, 0.0, 0.0, 0.0, 0.0, 0.0, 0.0, 0.0, 0.0, 0.0, 0.0, 0.0, 0.0, 0.0, 0.0, 0.0, 0.0, 0.0, 0.0, 0.0, 0.0, 0.0, 0.0, 0.0, 0.0, 0.0, 0.0, 0.0, 0.0, 0.0, 0.0, 0.0, 0.0, 0.0, 0.0, 0.0, 0.0, 0.0, 0.0, 0.0, 0.0, 0.0, 0.0, 0.0, 0.0, 0.0, 0.0, 0.0, 0.0], "tonal.chords_histogram": [41.95121765136719, 0.0, 17.073171615600586, 0.0, 0.0, 0.0, 0.0, 0.0, 0.0, 0.0, 0.0, 0.0, 0.0, 0.0, 0.0, 1.9512195587158203, 0.0, 26.341463088989258, 0.0, 12.682927131652832, 0.0, 0.0, 0.0, 0.0], "tonal.thpcp": [1.0, 0.6291094422340393, 0.1763446033000946, 0.18566036224365234, 0.2505241930484772, 0.25760355591773987, 0.22486358880996704, 0.16885104775428772, 0.0992770716547966, 0.06698145717382431, 0.07296417653560638, 0.0858304426074028, 0.09059322625398636, 0.11730073392391205, 0.24353203177452087, 0.2667066156864166, 0.12935779988765717, 0.07432100176811218, 0.1059657484292984, 0.19683948159217834, 0.47961023449897766, 0.6140491366386414, 0.3244563043117523, 0.09234962612390518, 0.086151622235775, 0.13603927195072174, 0.13488797843456268, 0.10218006372451782, 0.11345767229795456, 0.13867978751659393, 0.1355765163898468, 0.10214503854513168, 0.10551812499761581, 0.1624014675617218, 0.17699725925922394, 0.5530300140380859], "lowlevel.gfcc.cov": [[7424.3212890625, -595.3326416015625, -97.25729370117188, 386.61883544921875, -673.4344482421875, 263.9465637207031, -319.0145568847656, 18.5964412689209, -99.6729965209961, 51.54044723510742, -206.4228515625, -13.348620414733887, -191.3770751953125], [-595.3326416015625, 2344.384033203125, -634.287109375, -463.311767578125, 322.01812744140625, -527.10986328125, 287.382568359375, -126.89727020263672, 174.97760009765625, -32.6238899230957, 179.56361389160156, -212.42605590820312, 140.68218994140625], [-97.25729370117188, -634.287109375, 1003.7371215820312, 499.1670837402344, 198.5144805908203, 280.8694763183594, -54.0162467956543, 42.224082946777344, -88.26521301269531, 14.366157531738281, -28.25107765197754, 132.7074737548828, 34.16474151611328], [386.61883544921875, -463.311767578125, 499.1670837402344, 620.7804565429688, 175.45997619628906, 194.31927490234375, -57.39822769165039, -30.41122817993164, -51.87042999267578, -35.72786331176758, -51.24059295654297, 88.64305877685547, 0.26926857233047485], [-673.4344482421875, 322.01812744140625, 198.5144805908203, 175.45997619628906, 513.9656982421875, 93.5283432006836, 103.95335388183594, 10.117046356201172, 32.05986785888672, 3.7695629596710205, 29.789365768432617, -7.046823024749756, 63.55863571166992], [263.9465637207031, -527.10986328125, 280.8694763183594, 194.31927490234375, 93.5283432006836, 343.1210632324219, 62.757816314697266, 52.39680862426758, -54.94749069213867, 3.9276554584503174, -32.22608184814453, 81.15740203857422, -11.848106384277344], [-319.0145568847656, 287.382568359375, -54.0162467956543, -57.39822769165039, 103.95335388183594, 62.757816314697266, 281.0527038574219, 50.091346740722656, 25.148418426513672, -31.966943740844727, 53.71526336669922, 5.084435939788818, 36.27863311767578], [18.5964412689209, -126.89727020263672, 42.224082946777344, -30.41122817993164, 10.117046356201172, 52.39680862426758, 50.091346740722656, 128.65634155273438, 48.03312683105469, 33.48994445800781, 0.5308961272239685, 8.05925464630127, -0.3303006589412689], [-99.6729965209961, 174.97760009765625, -88.26521301269531, -51.87042999267578, 32.05986785888672, -54.94749069213867, 25.148418426513672, 48.03312683105469, 143.68045043945312, 70.30011749267578, 27.767417907714844, -33.73177719116211, 16.30714225769043], [51.54044723510742, -32.6238899230957, 14.366157531738281, -35.72786331176758, 3.7695629596710205, 3.9276554584503174, -31.966943740844727, 33.48994445800781, 70.30011749267578, 133.70062255859375, 52.13375473022461, 8.513736724853516, 2.2456257343292236], [-206.4228515625, 179.56361389160156, -28.25107765197754, -51.24059295654297, 29.789365768432617, -32.22608184814453, 53.71526336669922, 0.5308961272239685, 27.767417907714844, 52.13375473022461, 121.58052825927734, 38.532867431640625, 25.534570693969727], [-13.348620414733887, -212.42605590820312, 132.7074737548828, 88.64305877685547, -7.046823024749756, 81.15740203857422, 5.084435939788818, 8.05925464630127, -33.73177719116211, 8.513736724853516, 38.532867431640625, 128.13172912597656, 29.995031356811523], [-191.3770751953125, 140.68218994140625, 34.16474151611328, 0.26926857233047485, 63.55863571166992, -11.848106384277344, 36.27863311767578, -0.3303006589412689, 16.30714225769043, 2.2456257343292236, 25.534570693969727, 29.995031356811523, 85.67010498046875]], "lowlevel.gfcc.icov": [[0.0002882544358726591, -0.0004914251039735973, 0.0002357342600589618, -0.0006221539224497974, 0.0008022154797799885, -0.0009291966562159359, 0.0006004383321851492, -0.0007333093089982867, 0.0005002683028578758, -0.0004943013191223145, 0.00034029691596515477, 7.976852793945e-05, 0.00016647136362735182], [-0.0004914251039735973, 0.002811581827700138, -0.00030034754308871925, 0.0016578686190769076, -0.002650858135893941, 0.003909348044544458, -0.0028084060177206993, 0.0032249640207737684, -0.0016304714372381568, 0.0013085998361930251, -0.0017572685610502958, 0.0014472303446382284, -0.0015980766620486975], [0.0002357342600589618, -0.00030034754308871925, 0.002440826268866658, -0.001963571412488818, 0.00031286070588976145, -0.0011978832772001624, 0.000932854600250721, -0.001926527009345591, 0.002054357435554266, -0.0013248397735878825, 0.00010112647578353062, 8.831398736219853e-05, -0.0011650185333564878], [-0.0006221539224497974, 0.0016578686190769076, -0.001963571412488818, 0.005321304779499769, -0.003048673737794161, 0.001905580167658627, -0.001182069885544479, 0.004223130643367767, -0.003513642819598317, 0.002924461616203189, -1.3960797332401853e-05, -0.0018963291076943278, 0.0009565353393554688], [0.0008022154797799885, -0.002650858135893941, 0.00031286070588976145, -0.003048673737794161, 0.006173126399517059, -0.0050226314924657345, 0.002236810280010104, -0.003146230708807707, 0.0014541306300088763, -0.0014479042729362845, 0.0002068251633318141, 0.0017849726136773825, -0.0011293117422610521], [-0.0009291966562159359, 0.003909348044544458, -0.0011978832772001624, 0.001905580167658627, -0.0050226314924657345, 0.012588752433657646, -0.0071214730851352215, 0.003323074197396636, 0.0003856570983771235, -0.0017125156009569764, 0.0021591640543192625, -0.002458175178617239, 0.0006607385003007948], [0.0006004383321851492, -0.0028084060177206993, 0.000932854600250721, -0.001182069885544479, 0.002236810280010104, -0.0071214730851352215, 0.010150575079023838, -0.0057642641477286816, -0.00013793018297292292, 0.004251821432262659, -0.003949376288801432, 0.0008583511807955801, -0.0005888459854759276], [-0.0007333093089982867, 0.0032249640207737684, -0.001926527009345591, 0.004223130643367767, -0.003146230708807707, 0.003323074197396636, -0.0057642641477286816, 0.016587797552347183, -0.007431847043335438, 0.00034401187440380454, 0.0012728385627269745, -0.0012470714282244444, 0.0005826257402077317], [0.0005002683028578758, -0.0016304714372381568, 0.002054357435554266, -0.003513642819598317, 0.0014541306300088763, 0.0003856570983771235, -0.00013793018297292292, -0.007431847043335438, 0.01713627018034458, -0.009920427575707436, 0.002000587759539485, 0.003165110480040312, -0.0027152313850820065], [-0.0004943013191223145, 0.0013085998361930251, -0.0013248397735878825, 0.002924461616203189, -0.0014479042729362845, -0.0017125156009569764, 0.004251821432262659, 0.00034401187440380454, -0.009920427575707436, 0.01904487982392311, -0.010229617357254028, 0.0014238604344427586, 0.000243808826780878], [0.00034029691596515477, -0.0017572685610502958, 0.00010112647578353062, -1.3960797332401853e-05, 0.0002068251633318141, 0.0021591640543192625, -0.003949376288801432, 0.0012728385627269745, 0.002000587759539485, -0.010229617357254028, 0.020118707790970802, -0.009734852239489555, 0.0027272962033748627], [7.976852793945e-05, 0.0014472303446382284, 8.831398736219853e-05, -0.0018963291076943278, 0.0017849726136773825, -0.002458175178617239, 0.0008583511807955801, -0.0012470714282244444, 0.003165110480040312, 0.0014238604344427586, -0.009734852239489555, 0.01880757138133049, -0.008583354763686657], [0.00016647136362735182, -0.0015980766620486975, -0.0011650185333564878, 0.0009565353393554688, -0.0011293117422610521, 0.0006607385003007948, -0.0005888459854759276, 0.0005826257402077317, -0.0027152313850820065, 0.000243808826780878, 0.0027272962033748627, -0.008583354763686657, 0.0190140251070261]], "lowlevel.mfcc.cov": [[4662.10302734375, -776.1223754882812, 344.36444091796875, -106.4513931274414, -212.82281494140625, 27.746753692626953, -247.4427490234375, -58.46046829223633, -74.39649200439453, -7.883531093597412, 59.05472946166992, -30.8354434967041, -97.18846893310547], [-776.1223754882812, 2375.278564453125, -824.6573486328125, 62.098350524902344, -209.2667999267578, -198.1382293701172, 7.433222770690918, -146.31236267089844, 33.89628219604492, 95.90210723876953, 17.55738639831543, 71.92218017578125, 131.3778076171875], [344.36444091796875, -824.6573486328125, 831.204345703125, 170.57086181640625, 221.43560791015625, 161.86138916015625, 80.71683502197266, 77.98970031738281, 13.433743476867676, -88.13153839111328, -32.52137756347656, -2.2802066802978516, -24.883956909179688], [-106.4513931274414, 62.098350524902344, 170.57086181640625, 397.6717529296875, 220.0372772216797, 126.12447357177734, 48.29998016357422, 39.23491287231445, 16.93582534790039, -21.488622665405273, -33.68800354003906, -4.514697074890137, 12.590510368347168], [-212.82281494140625, -209.2667999267578, 221.43560791015625, 220.0372772216797, 433.49139404296875, 176.4028778076172, 70.17204284667969, 18.902759552001953, 43.41803741455078, 11.624838829040527, -2.278158664703369, -24.947263717651367, -24.38399314880371], [27.746753692626953, -198.1382293701172, 161.86138916015625, 126.12447357177734, 176.4028778076172, 261.9826965332031, 130.48936462402344, 92.76197814941406, 24.122522354125977, -8.712837219238281, 1.7923249006271362, -12.355127334594727, -22.680652618408203], [-247.4427490234375, 7.433222770690918, 80.71683502197266, 48.29998016357422, 70.17204284667969, 130.48936462402344, 220.49156188964844, 123.79278564453125, 32.369850158691406, -10.953898429870605, -5.004456520080566, 8.380314826965332, 13.352805137634277], [-58.46046829223633, -146.31236267089844, 77.98970031738281, 39.23491287231445, 18.902759552001953, 92.76197814941406, 123.79278564453125, 184.48504638671875, 51.16756057739258, -4.58563756942749, -7.738716125488281, -15.556439399719238, -3.7874746322631836], [-74.39649200439453, 33.89628219604492, 13.433743476867676, 16.93582534790039, 43.41803741455078, 24.122522354125977, 32.369850158691406, 51.16756057739258, 109.3956298828125, 63.15885543823242, 9.96623706817627, -9.821106910705566, -8.205201148986816], [-7.883531093597412, 95.90210723876953, -88.13153839111328, -21.488622665405273, 11.624838829040527, -8.712837219238281, -10.953898429870605, -4.58563756942749, 63.15885543823242, 129.7659912109375, 61.66253662109375, 2.4525394439697266, -1.7758718729019165], [59.05472946166992, 17.55738639831543, -32.52137756347656, -33.68800354003906, -2.278158664703369, 1.7923249006271362, -5.004456520080566, -7.738716125488281, 9.96623706817627, 61.66253662109375, 102.60426330566406, 41.7005500793457, 4.608224391937256], [-30.8354434967041, 71.92218017578125, -2.2802066802978516, -4.514697074890137, -24.947263717651367, -12.355127334594727, 8.380314826965332, -15.556439399719238, -9.821106910705566, 2.4525394439697266, 41.7005500793457, 85.2626724243164, 46.63188934326172], [-97.18846893310547, 131.3778076171875, -24.883956909179688, 12.590510368347168, -24.38399314880371, -22.680652618408203, 13.352805137634277, -3.7874746322631836, -8.205201148986816, -1.7758718729019165, 4.608224391937256, 46.63188934326172, 106.638671875]], "lowlevel.mfcc.icov": [[0.00027562008472159505, 2.5332521545351483e-05, -0.00016188237350434065, -9.534001605970843e-07, 0.00029083562549203634, -0.00031450545066036284, 0.00043484647176228464, -1.8423865185468458e-05, 0.00012125349167035893, -8.830230945022777e-05, -0.00020062380644958466, 0.0001361303002340719, 8.383112435694784e-05], [2.5332521545351483e-05, 0.0009676235495135188, 0.0009340921533294022, -0.00085542252054438, 0.0004587420844472945, 0.00037919339956715703, -0.0010704122250899673, 0.0013086594408378005, -0.0010134500917047262, 0.00026493301265873015, -0.00012194966984679922, -7.476360769942403e-05, -0.0005195958656258881], [-0.00016188237350434065, 0.0009340921533294022, 0.002698661759495735, -0.0010040253400802612, -0.00036483860458247364, 0.00018924634787254035, -0.0011014154879376292, 0.000902329571545124, -0.0017308093374595046, 0.0019248825265094638, -0.00025898203602992, -0.0006326016155071557, -0.00023656897246837616], [-9.534001605970843e-07, -0.00085542252054438, -0.0010040253400802612, 0.004741298034787178, -0.0021722353994846344, -0.0012707997811958194, 0.0018070614896714687, -0.001980893313884735, 0.0012319282395765185, -0.0005912317428737879, 0.0019637763034552336, -0.0010183636331930757, -0.00035928719444200397], [0.00029083562549203634, 0.0004587420844472945, -0.00036483860458247364, -0.0021722353994846344, 0.005161351058632135, -0.0022258490789681673, -0.0008088905015029013, 0.002849870128557086, -0.0019600074738264084, 4.646609886549413e-05, -0.0013431054539978504, 0.0018844549776986241, -0.0001355271233478561], [-0.00031450545066036284, 0.00037919339956715703, 0.00018924634787254035, -0.0012707997811958194, -0.0022258490789681673, 0.008664284832775593, -0.004126275423914194, -0.0011496634688228369, 0.0006666036206297576, 0.00020024323021061718, -0.0010526927653700113, 0.00019932522263843566, 0.0012630150886252522], [0.00043484647176228464, -0.0010704122250899673, -0.0011014154879376292, 0.0018070614896714687, -0.0008088905015029013, -0.004126275423914194, 0.011448095552623272, -0.006654401309788227, 0.0012477512937039137, -0.0002839338849298656, 0.001280797878280282, -0.0022712128702551126, -0.00045860029058530927], [-1.8423865185468458e-05, 0.0013086594408378005, 0.000902329571545124, -0.001980893313884735, 0.002849870128557086, -0.0011496634688228369, -0.006654401309788227, 0.013431455940008163, -0.00693518714979291, 0.0034619425423443317, -0.002698418451473117, 0.003820878453552723, -0.0014973891666159034], [0.00012125349167035893, -0.0010134500917047262, -0.0017308093374595046, 0.0012319282395765185, -0.0019600074738264084, 0.0006666036206297576, 0.0012477512937039137, -0.00693518714979291, 0.019643904641270638, -0.012408802285790443, 0.005869007669389248, -0.002402663929387927, 0.0022026575170457363], [-8.830230945022777e-05, 0.00026493301265873015, 0.0019248825265094638, -0.0005912317428737879, 4.646609886549413e-05, 0.00020024323021061718, -0.0002839338849298656, 0.0034619425423443317, -0.012408802285790443, 0.02094322256743908, -0.013113334774971008, 0.006168320309370756, -0.002412850270047784], [-0.00020062380644958466, -0.00012194966984679922, -0.00025898203602992, 0.0019637763034552336, -0.0013431054539978504, -0.0010526927653700113, 0.001280797878280282, -0.002698418451473117, 0.005869007669389248, -0.013113334774971008, 0.022838184610009193, -0.013317507691681385, 0.003957767970860004], [0.0001361303002340719, -7.476360769942403e-05, -0.0006326016155071557, -0.0010183636331930757, 0.0018844549776986241, 0.00019932522263843566, -0.0022712128702551126, 0.003820878453552723, -0.002402663929387927, 0.006168320309370756, -0.013317507691681385, 0.02427329681813717, -0.009038908407092094], [8.383112435694784e-05, -0.0005195958656258881, -0.00023656897246837616, -0.00035928719444200397, -0.0001355271233478561, 0.0012630150886252522, -0.00045860029058530927, -0.0014973891666159034, 0.0022026575170457363, -0.002412850270047784, 0.003957767970860004, -0.009038908407092094, 0.014233979396522045]], "metadata.audio_properties.analysis.downmix": "mix", "metadata.audio_properties.codec": "mp3", "metadata.audio_properties.md5_encoded": "dbd9d575c3a10b15d3dc6819fb14df3a", "metadata.tags.file_name": "1183717523850526730.mp3", "metadata.version.essentia": "2.1-beta6-dev", "metadata.version.essentia_git_sha": "v2.1_beta5-1110-g77a6a954", "metadata.version.extractor": "music 2.0", "tonal.chords_key": "Bb", "tonal.chords_scale": "major", "tonal.key_edma.key": "Bb", "tonal.key_edma.scale": "major", "tonal.key_krumhansl.key": "Bb", "tonal.key_krumhansl.scale": "major", "tonal.key_temperley.key": "Bb", "tonal.key_temperley.scale": "major", "metadata.tags.encoding": ["Lavf58.45.100"]}, "essentia_models": [{"model_name": "genre_dortmund", "activations": {"alternative": "0.00020603981", "blues": "4.069549e-05", "electronic": "0.00035197948", "folkcountry": "5.0620143e-05", "funksoulrnb": "0.0004334606", "jazz": "7.535734e-05", "pop": "0.000764126", "raphiphop": "0.99913925", "rock": "0.00025487712"}}, {"model_name": "genre_rosamerica", "activations": {"classic": "0.00043773744", "dance": "2.0402983e-06", "hip hop": "0.9991433", "jazz": "1.5862255e-05", "pop": "0.0014547947", "rhythm and blues": "0.0037617416", "rock": "0.0004443076", "speech": "0.00076403515"}}, {"model_name": "genre_tzanetakis", "activations": {"blues": "0.00061665423", "classic": "1.6825366e-05", "country": "9.481165e-06", "disco": "0.00038374987", "hip hop": "0.9594648", "jazz": "2.1730282e-06", "metal": "7.2405505e-06", "pop": "8.759181e-05", "reggae": "0.03007774", "rock": "0.00031824879"}}, {"model_name": "genre_electronic", "activations": {"ambient": "0.12000805", "dnb": "0.6437642", "house": "0.25108805", "techno": "0.28903624", "trance": "0.01606716"}}, {"model_name": "mood_acoustic", "activations": {"acoustic": "6.0396676e-05", "not acoustic": "0.9127926"}}, {"model_name": "mood_electronic