{"song_id": "1183671561144778822", "download": "https://cdn.discordapp.com/attachments/1135903449314238464/1183671561144778822/chirp.mp4?ex=65892f0b&amp", "lyrics": "(Chorus)\n\uaca8\uc6b8\ube44\uc758 \ub178\ub798\uac00 \ub4e4\ub824\uc640\n\ub0b4 \ub9c8\uc74c\uc744 \uc801\uc2dc\ub124\n\uc774\ubcc4\uc758 \uc544\ud514\ub3c4 \uc124\ub818\ub3c4\n\ubaa8\ub450 \ub2e4 \ud568\uaed8  \ub370\ub824\uac00", "style": ["POP</span><span>, Acoustic</span><span>, Classic</span><span>, Symphony</span><span>,"], "essentia_features": {"lowlevel.average_loudness": 0.9549466967582703, "lowlevel.barkbands_crest.mean": 16.296520233154297, "lowlevel.barkbands_crest.stdev": 5.680230617523193, "lowlevel.barkbands_flatness_db.mean": 0.2883998155593872, "lowlevel.barkbands_flatness_db.stdev": 0.08496851474046707, "lowlevel.barkbands_kurtosis.mean": 30.019044876098633, "lowlevel.barkbands_kurtosis.stdev": 38.39185333251953, "lowlevel.barkbands_skewness.mean": 3.2594118118286133, "lowlevel.barkbands_skewness.stdev": 2.911912202835083, "lowlevel.barkbands_spread.mean": 7.114699840545654, "lowlevel.barkbands_spread.stdev": 8.571647644042969, "lowlevel.dissonance.mean": 0.3980425000190735, "lowlevel.dissonance.stdev": 0.06382434070110321, "lowlevel.dynamic_complexity": 4.739356517791748, "lowlevel.erbbands_crest.mean": 15.333170890808105, "lowlevel.erbbands_crest.stdev": 5.803430557250977, "lowlevel.erbbands_flatness_db.mean": 0.266777366399765, "lowlevel.erbbands_flatness_db.stdev": 0.07721783220767975, "lowlevel.erbbands_kurtosis.mean": 7.7420654296875, "lowlevel.erbbands_kurtosis.stdev": 10.929980278015137, "lowlevel.erbbands_skewness.mean": 1.5338701009750366, "lowlevel.erbbands_skewness.stdev": 1.5451209545135498, "lowlevel.erbbands_spread.mean": 21.661903381347656, "lowlevel.erbbands_spread.stdev": 17.08133888244629, "lowlevel.hfc.mean": 14.518925666809082, "lowlevel.hfc.stdev": 13.689322471618652, "lowlevel.loudness_ebu128.integrated": -11.651912689208984, "lowlevel.loudness_ebu128.loudness_range": 3.101503372192383, "lowlevel.loudness_ebu128.momentary.mean": -14.539140701293945, "lowlevel.loudness_ebu128.momentary.stdev": 6.648586273193359, "lowlevel.loudness_ebu128.short_term.mean": -12.305743217468262, "lowlevel.loudness_ebu128.short_term.stdev": 1.535333275794983, "lowlevel.melbands_crest.mean": 18.305004119873047, "lowlevel.melbands_crest.stdev": 5.417083263397217, "lowlevel.melbands_flatness_db.mean": 0.3574587404727936, "lowlevel.melbands_flatness_db.stdev": 0.10284371674060822, "lowlevel.melbands_kurtosis.mean": 38.133304595947266, "lowlevel.melbands_kurtosis.stdev": 54.612060546875, "lowlevel.melbands_skewness.mean": 3.50498104095459, "lowlevel.melbands_skewness.stdev": 3.0916249752044678, "lowlevel.melbands_spread.mean": 9.784286499023438, "lowlevel.melbands_spread.stdev": 16.881948471069336, "lowlevel.pitch_salience.mean": 0.4353375732898712, "lowlevel.pitch_salience.stdev": 0.15258148312568665, "lowlevel.silence_rate_20dB.mean": 1.0, "lowlevel.silence_rate_20dB.stdev": 0.0, "lowlevel.silence_rate_30dB.mean": 1.0, "lowlevel.silence_rate_30dB.stdev": 0.0, "lowlevel.silence_rate_60dB.mean": 0.1461988240480423, "lowlevel.silence_rate_60dB.stdev": 0.35330939292907715, "lowlevel.spectral_centroid.mean": 539.2155151367188, "lowlevel.spectral_centroid.stdev": 471.8328857421875, "lowlevel.spectral_complexity.mean": 7.918128490447998, "lowlevel.spectral_complexity.stdev": 4.789034366607666, "lowlevel.spectral_decrease.mean": -7.3007373480038495e-09, "lowlevel.spectral_decrease.stdev": 5.501769262394873e-09, "lowlevel.spectral_energy.mean": 0.028871577233076096, "lowlevel.spectral_energy.stdev": 0.021573513746261597, "lowlevel.spectral_energyband_high.mean": 0.00023090417380444705, "lowlevel.spectral_energyband_high.stdev": 0.0006456219707615674, "lowlevel.spectral_energyband_low.mean": 0.0007339421426877379, "lowlevel.spectral_energyband_low.stdev": 0.001992547884583473, "lowlevel.spectral_energyband_middle_high.mean": 0.00455949641764164, "lowlevel.spectral_energyband_middle_high.stdev": 0.007502404507249594, "lowlevel.spectral_energyband_middle_low.mean": 0.024036850780248642, "lowlevel.spectral_energyband_middle_low.stdev": 0.01968316175043583, "lowlevel.spectral_entropy.mean": 6.219380855560303, "lowlevel.spectral_entropy.stdev": 0.8138427138328552, "lowlevel.spectral_flux.mean": 0.05916169285774231, "lowlevel.spectral_flux.stdev": 0.0446540005505085, "lowlevel.spectral_kurtosis.mean": 24.261159896850586, "lowlevel.spectral_kurtosis.stdev": 41.717464447021484, "lowlevel.spectral_rms.mean": 0.004724101163446903, "lowlevel.spectral_rms.stdev": 0.002418732037767768, "lowlevel.spectral_rolloff.mean": 766.1297607421875, "lowlevel.spectral_rolloff.stdev": 1158.58251953125, "lowlevel.spectral_skewness.mean": 3.5494906902313232, "lowlevel.spectral_skewness.stdev": 2.3280558586120605, "lowlevel.spectral_spread.mean": 4086239.75, "lowlevel.spectral_spread.stdev": 1821972.875, "lowlevel.spectral_strongpeak.mean": 1.385382890701294, "lowlevel.spectral_strongpeak.stdev": 1.2797436714172363, "lowlevel.zerocrossingrate.mean": 0.031882479786872864, "lowlevel.zerocrossingrate.stdev": 0.030253872275352478, "metadata.audio_properties.analysis.equal_loudness": 0.0, "metadata.audio_properties.analysis.length": 15.85065746307373, "metadata.audio_properties.analysis.sample_rate": 44100.0, "metadata.audio_properties.analysis.start_time": 0.0, "metadata.audio_properties.bit_rate": 111480.0, "metadata.audio_properties.length": 15.850666999816895, "metadata.audio_properties.lossless": 0.0, "metadata.audio_properties.number_channels": 1.0, "metadata.audio_properties.replay_gain": -14.742376327514648, "metadata.audio_properties.sample_rate": 48000.0, "rhythm.beats_count": 35.0, "rhythm.beats_loudness.mean": 0.03467299044132233, "rhythm.beats_loudness.stdev": 0.021436797454953194, "rhythm.bpm": 136.55792236328125, "rhythm.bpm_histogram_first_peak_bpm": 136.0, "rhythm.bpm_histogram_first_peak_weight": 0.5, "rhythm.bpm_histogram_second_peak_bpm": 144.0, "rhythm.bpm_histogram_second_peak_spread": 0.25, "rhythm.bpm_histogram_second_peak_weight": 0.0882352963089943, "rhythm.danceability": 0.993174135684967, "rhythm.onset_rate": 2.9614062309265137, "tonal.chords_changes_rate": 0.040816325694322586, "tonal.chords_number_rate": 0.017492711544036865, "tonal.chords_strength.mean": 0.5261106491088867, "tonal.chords_strength.stdev": 0.08222705870866776, "tonal.hpcp_crest.mean": 18.600399017333984, "tonal.hpcp_crest.stdev": 8.119786262512207, "tonal.hpcp_entropy.mean": 1.4497953653335571, "tonal.hpcp_entropy.stdev": 0.7411358952522278, "tonal.key_edma.strength": 0.7729130983352661, "tonal.key_krumhansl.strength": 0.779331624507904, "tonal.key_temperley.strength": 0.793833315372467, "tonal.tuning_diatonic_strength": 0.6029490828514099, "tonal.tuning_equal_tempered_deviation": 0.07486818730831146, "tonal.tuning_frequency": 438.98455810546875, "tonal.tuning_nontempered_energy_ratio": 0.6736944913864136, "lowlevel.barkbands.mean": [2.4284504434035625e-06, 2.45798200921854e-05, 0.0002579759748186916, 0.002803267678245902, 0.014461467042565346, 0.0026218832936137915, 0.0010671914787963033, 0.002202461240813136, 0.00039368763100355864, 0.0013392578111961484, 0.0011607344495132565, 0.00048215477727353573, 0.00042869249591603875, 0.0008493688073940575, 0.0001903335505630821, 0.00010353065590607002, 0.00012080636952305213, 4.309706491767429e-05, 7.70775368437171e-05, 1.623981552256737e-05, 1.1230399650230538e-05, 5.854476330569014e-05, 5.0050752179231495e-05, 2.436583599774167e-05, 6.996542651904747e-05, 1.1167478987772483e-05, 4.4187427050701444e-08], "lowlevel.barkbands.stdev": [4.369813268567668e-06, 0.00013449897232931107, 0.0011170519283041358, 0.005052831489592791, 0.016307584941387177, 0.0025617333594709635, 0.0033291883300989866, 0.005404467228800058, 0.0012583788484334946, 0.0031449326779693365, 0.0033791749738156796, 0.0015492745442315936, 0.0012552900006994605, 0.002517359796911478, 0.0008066887385211885, 0.00025750871282070875, 0.000249123084358871, 0.00013119439245201647, 0.0005841631791554391, 8.358088234672323e-05, 5.89461051276885e-05, 0.00017470159218646586, 0.0002001612156163901, 0.00015424845332745463, 0.0001622214331291616, 2.0335819499450736e-05, 2.030930943419662e-07], "lowlevel.erbbands.mean": [0.00039226209628395736, 0.01204900536686182, 0.2552013397216797, 4.4103217124938965, 38.87894821166992, 44.89992904663086, 26.130680084228516, 24.88167381286621, 14.046422004699707, 28.175443649291992, 42.382694244384766, 12.894493103027344, 30.238529205322266, 38.53120040893555, 54.34085464477539, 21.721336364746094, 22.32674789428711, 45.74937057495117, 15.178812026977539, 7.8487114906311035, 5.865675449371338, 6.651828289031982, 3.329775094985962, 2.3702168464660645, 3.770636558532715, 0.8507193326950073, 0.5004310011863708, 0.474577397108078, 1.411912202835083, 3.1754159927368164, 1.0255687236785889, 0.35711947083473206, 0.6091107130050659, 0.9530386328697205, 0.3659159243106842, 0.09199795126914978, 0.01106476504355669, 0.0006235163891687989, 3.3922486181836575e-05, 3.473775359452702e-05], "lowlevel.erbbands.stdev": [0.0009192797588184476, 0.04322264716029167, 0.735644519329071, 7.1624298095703125, 55.51421356201172, 71.04945373535156, 38.79265594482422, 24.0185604095459, 39.636322021484375, 66.05441284179688, 120.64838409423828, 35.77724075317383, 73.3163833618164, 100.91536712646484, 164.94882202148438, 65.71891021728516, 60.29365158081055, 134.2077178955078, 37.85783386230469, 25.455141067504883, 12.876529693603516, 14.014272689819336, 8.699845314025879, 16.397016525268555, 28.768041610717773, 4.299210548400879, 2.853760242462158, 2.0370447635650635, 4.274115562438965, 9.653359413146973, 5.124177932739258, 2.510735511779785, 3.427483558654785, 2.5526769161224365, 0.6513363718986511, 0.16801349818706512, 0.01825026609003544, 0.0010730724316090345, 3.649251448223367e-05, 2.5295705199823715e-05], "lowlevel.gfcc.mean": [-115.276611328125, 116.25546264648438, -98.39606475830078, -13.359099388122559, -78.81575012207031, -0.5032466650009155, -73.88886260986328, -18.917211532592773, -39.642574310302734, -13.72304630279541, -25.923259735107422, 1.991328239440918, -8.115148544311523], "lowlevel.melbands.mean": [4.243563580530463e-06, 9.801239502849057e-05, 0.001820734003558755, 0.003254036186262965, 0.0011334302835166454, 0.0005114931263960898, 0.00021647766698151827, 0.00035129813477396965, 0.0003048761864192784, 6.46013577352278e-05, 0.00015207096294034272, 0.000153837536345236, 0.00016193448391277343, 8.988451008917764e-05, 4.559695298667066e-05, 3.823071165243164e-05, 9.774032514542341e-05, 2.475172732374631e-05, 1.5070574590936303e-05, 8.075742698565591e-06, 6.309096988843521e-06, 6.823386684118304e-06, 5.456720828078687e-06, 1.4160960972731118e-06, 1.7945811805475387e-06, 3.4311697163502686e-06, 1.364062882203143e-06, 3.886199522185052e-07, 2.945638755136315e-07, 2.8848202759945707e-07, 2.547581630096829e-07, 5.755856591349584e-07, 1.5750089232824394e-06, 1.7733929098540102e-06, 6.293276442193019e-07, 2.7019871140510077e-07, 1.7140160935014137e-07, 3.2132197702594567e-07, 6.822955924690177e-07, 8.689088417668245e-07], "lowlevel.melbands.stdev": [2.0912655600113794e-05, 0.0003065324272029102, 0.0026058622170239687, 0.004057843703776598, 0.001659607863985002, 0.0004890264826826751, 0.0006511532701551914, 0.0008111432543955743, 0.0008848864235915244, 0.00019747094484046102, 0.00037290839827619493, 0.00044371967669576406, 0.0004689369525294751, 0.0002462156699039042, 0.00014365978131536394, 0.00010184240818489343, 0.00029812869615852833, 6.435045361286029e-05, 7.178056694101542e-05, 2.158483948733192e-05, 1.3428972124529537e-05, 1.458562837797217e-05, 1.293902732868446e-05, 4.540028385235928e-06, 1.323255492025055e-05, 2.705185761442408e-05, 8.60641466715606e-06, 1.8953124936160748e-06, 1.7308871065324638e-06, 1.6927635897445725e-06, 1.0228922064925428e-06, 1.979781245609047e-06, 4.493422693485627e-06, 5.565056198975071e-06, 3.2594991807854967e-06, 1.8041203020402463e-06, 1.3715274462811067e-06, 2.2029300907888683e-06, 2.7920116281165974e-06, 2.058766995105543e-06], "lowlevel.melbands128.mean": [9.766238235897617e-07, 1.095074708246102e-06, 2.5978768007917097e-06, 1.5577548765577376e-05, 5.785898247268051e-05, 0.00015165100921876729, 0.0003802617429755628, 0.0019515195162966847, 0.0046623824164271355, 0.0036382521502673626, 0.002362698083743453, 0.001535753021016717, 0.0007722453447058797, 0.0005882058176212013, 0.0007974343607202172, 0.0002676666481420398, 0.0001410018012393266, 0.00024045711325015873, 0.0002762545773293823, 0.0002711608831305057, 0.0004324176989030093, 0.0004375833086669445, 0.0003576157905627042, 6.419200508389622e-05, 7.835856376914307e-05, 2.813309220073279e-05, 0.00010167858272325248, 0.00021286203991621733, 0.00011370203719707206, 0.0002336175093660131, 0.00013256253441795707, 7.564523548353463e-05, 0.0001401323388563469, 0.00030154958949424326, 7.593348709633574e-05, 4.963499304722063e-05, 5.2900228183716536e-05, 2.1631114577758126e-05, 6.680950173176825e-05, 5.704642535420135e-05, 2.4170236429199576e-05, 1.743032225931529e-05, 0.00012155939475633204, 0.00014954035577829927, 1.5181360140559264e-05, 7.282642400241457e-06, 1.9963346858276054e-05, 2.0391873476910405e-05, 1.0301497241016477e-05, 6.761466011084849e-06, 8.005089512153063e-06, 1.003018314804649e-05, 4.930814156978158e-06, 5.935075932939071e-06, 6.455816219386179e-06, 5.374936790758511e-06, 9.674764442024752e-06, 6.189871328388108e-06, 4.580689619615441e-06, 2.4573173504904844e-06, 1.0158090617551352e-06, 7.168328579609806e-07, 1.1455157391537796e-06, 2.3668033009016654e-06, 2.465768147885683e-06, 3.66663289241842e-06, 4.4755006456398405e-06, 1.4893279285388417e-06, 8.498892043462547e-07, 6.746441840732587e-07, 2.7511828193382826e-07, 3.260291805418092e-07, 3.1431517300006817e-07, 2.437356272366742e-07, 3.365360612406221e-07, 3.430088213463023e-07, 2.3058545650656015e-07, 2.1450507858844503e-07, 2.559754364028777e-07, 2.700857351101149e-07, 4.875017225458578e-07, 6.632462827838026e-07, 8.988754416350275e-07, 1.4496532685370767e-06, 2.494115051376866e-06, 2.168509809052921e-06, 1.4608708625019062e-06, 9.960413080989383e-07, 5.864698096047505e-07, 3.9496998738286493e-07, 2.7505808475325466e-07, 2.5375823042850243e-07, 2.2840467295281996e-07, 1.452461617645895e-07, 1.4378747437149286e-07, 2.0873211781236023e-07, 3.37356937052391e-07, 5.298468295222847e-07, 5.953687605142477e-07, 8.005700351532141e-07, 9.516286922917061e-07, 9.0084080284214e-07, 7.620016049258993e-07, 5.747864975091943e-07, 3.390324820884416e-07, 2.768518356788263e-07, 2.1610885880818387e-07, 2.5602224695830955e-07, 1.5830345034828497e-07, 6.766450866280138e-08, 5.495922650311513e-08, 4.751386484258546e-08, 2.5571903705667864e-08, 1.1004913424983442e-08, 7.12554326653958e-09, 4.143055676308904e-09, 1.7253668493921737e-09, 3.131064574279918e-10, 3.464398689798087e-12, 3.356328453010815e-12, 3.2716732968618434e-12, 3.1988756261924767e-12, 3.135428982420363e-12, 3.0790363748228744e-12, 3.025954703819722e-12, 2.9542973969953756e-12, 2.9131597308051926e-12, 2.894881816900563e-12], "lowlevel.melbands128.stdev": [1.724457888485631e-06, 2.9342349989747163e-06, 1.169383085652953e-05, 8.940234693000093e-05, 0.00019239509128965437, 0.0007070015999488533, 0.0010489827254787087, 0.0034865629859268665, 0.0076806978322565556, 0.0057630049996078014, 0.005202183499932289, 0.0031909968238323927, 0.0016363241011276841, 0.0006367817986756563, 0.0008564567542634904, 0.0003952208498958498, 0.0004500305512920022, 0.0010437089949846268, 0.0010969142895191908, 0.0008045540889725089, 0.001378297689370811, 0.001356027671135962, 0.0013545461697503924, 0.00026092262123711407, 0.0004112299648113549, 8.67578128236346e-05, 0.00038870578282512724, 0.0006214267341420054, 0.0004447572282515466, 0.0008553468505851924, 0.00043870939407497644, 0.0003205245011486113, 0.0004895987221971154, 0.0011464966228231788, 0.00028535714955069125, 0.00019455840811133385, 0.000340192171279341, 8.70669973664917e-05, 0.00028836398269049823, 0.00019280100241303444, 8.881878602551296e-05, 7.501505024265498e-05, 0.00044622388668358326, 0.0005081004346720874, 5.079924449091777e-05, 1.723984496493358e-05, 0.00011899207311216742, 0.00013442343333736062, 4.9442813178757206e-05, 2.1375602955231443e-05, 3.073573316214606e-05, 3.287645085947588e-05, 1.2326244359428529e-05, 1.5873789379838854e-05, 1.9780487491516396e-05, 1.3877907804271672e-05, 2.786448567348998e-05, 1.6137124475790188e-05, 1.5159088434302248e-05, 7.754737453069538e-06, 3.3730839277268387e-06, 3.3258208986808313e-06, 9.267490895581432e-06, 2.1741218006354757e-05, 1.937395427376032e-05, 3.140509579679929e-05, 3.90096174669452e-05, 1.0055374332296196e-05, 4.88903697259957e-06, 3.5819384720525704e-06, 1.1120285989818512e-06, 1.8804383898896049e-06, 2.0363006569823483e-06, 1.3103224318911089e-06, 2.418995336483931e-06, 2.4549581212340854e-06, 1.1644923461062717e-06, 9.562648983774125e-07, 1.2276882443984505e-06, 9.632409501136863e-07, 2.3610953121533385e-06, 2.3822756247682264e-06, 2.5697986529849004e-06, 4.364881078799954e-06, 7.5241487138555385e-06, 6.931292318768101e-06, 5.181047527003102e-06, 3.941798695450416e-06, 3.489067012196756e-06, 3.209544274795917e-06, 1.9477954538160702e-06, 1.8252264908369398e-06, 1.9232115846534725e-06, 1.103336330743332e-06, 1.2432840321707772e-06, 2.0038053207827033e-06, 2.32635375141399e-06, 3.353691454321961e-06, 2.6504633297008695e-06, 2.780726617856999e-06, 2.397682010268909e-06, 2.170207835661131e-06, 1.7996133010456106e-06, 1.1019865269190632e-06, 6.220259365363745e-07, 5.426395546237472e-07, 3.829281070011348e-07, 5.746567808273539e-07, 3.22938007002449e-07, 1.6383789613882982e-07, 1.3658737429977919e-07, 9.860721661425487e-08, 4.500923012074054e-08, 3.267218673386196e-08, 1.5323159630042937e-08, 1.3325612613357407e-08, 6.553292131172839e-09, 1.8774919396946643e-09, 5.761318939284665e-12, 5.605483525267241e-12, 5.469096096138992e-12, 5.349740182097884e-12, 5.244496243533847e-12, 5.155029614983819e-12, 5.0813459342990974e-12, 5.019898559333047e-12, 4.9756540033973895e-12, 4.948742370752823e-12], "lowlevel.mfcc.mean": [-770.8538818359375, 159.41348266601562, 15.806974411010742, -11.931157112121582, -0.578380286693573, -6.412699222564697, -25.569578170776367, -17.66802978515625, -15.958377838134766, -38.66368865966797, -4.311585903167725, -31.833410263061523, -0.31353116035461426], "lowlevel.spectral_contrast_coeffs.mean": [-0.46710988879203796, -0.6524611115455627, -0.7451320290565491, -0.7818291187286377, -0.7936737537384033, -0.7537374496459961], "lowlevel.spectral_contrast_coeffs.stdev": [0.11411894857883453, 0.07392015308141708, 0.09237543493509293, 0.07164508104324341, 0.05748748406767845, 0.0669969692826271], "lowlevel.spectral_contrast_valleys.mean": [-8.568133354187012, -7.701023578643799, -8.391000747680664, -8.820050239562988, -9.676206588745117, -12.046529769897461], "lowlevel.spectral_contrast_valleys.stdev": [0.9034393429756165, 1.0402711629867554, 1.4347871541976929, 1.411752462387085, 1.4938236474990845, 1.577639102935791], "rhythm.beats_loudness_band_ratio.mean": [0.2734125554561615, 0.5784944295883179, 0.15490832924842834, 0.11232312023639679, 0.019132867455482483, 0.005476111546158791], "rhythm.beats_loudness_band_ratio.stdev": [0.28769567608833313, 0.25839129090309143, 0.18835794925689697, 0.16025668382644653, 0.02402276173233986, 0.004862089175730944], "tonal.hpcp.mean": [0.0865539163351059, 0.07063105702400208, 0.07731717079877853, 0.10807500034570694, 0.06166853383183479, 0.015526413917541504, 0.013734755106270313, 0.02234645187854767, 0.09676363319158554, 0.1704520583152771, 0.12603776156902313, 0.0501064695417881, 0.02103557623922825, 0.015269524417817593, 0.061379335820674896, 0.11789768934249878, 0.06826424598693848, 0.006966056302189827, 0.004870826844125986, 0.007276754826307297, 0.07325226068496704, 0.2057424783706665, 0.15834954380989075, 0.14767774939537048, 0.21837693452835083, 0.10191245377063751, 0.02582978829741478, 0.021369285881519318, 0.02934020385146141, 0.14896884560585022, 0.25632479786872864, 0.15777479112148285, 0.043840717524290085, 0.03114607371389866, 0.03222942724823952, 0.05602984130382538], "tonal.hpcp.stdev": [0.215434268116951, 0.19076864421367645, 0.21398138999938965, 0.27636751532554626, 0.17899581789970398, 0.08094711601734161, 0.06374964863061905, 0.1036556139588356, 0.2252909541130066, 0.3128538131713867, 0.26626139879226685, 0.18089686334133148, 0.09870271384716034, 0.098057322204113, 0.1650545299053192, 0.2863771319389343, 0.16954785585403442, 0.03272630274295807, 0.027286097407341003, 0.03416138142347336, 0.1256135255098343, 0.3608908951282501, 0.2640834152698517, 0.2301013320684433, 0.33249056339263916, 0.16514405608177185, 0.13515974581241608, 0.11808193475008011, 0.12699975073337555, 0.26629722118377686, 0.37226739525794983, 0.2647398114204407, 0.14255478978157043, 0.13776187598705292, 0.13165773451328278, 0.16645950078964233], "rhythm.beats_position": [0.41795918345451355, 0.8707482814788818, 1.3351473808288574, 1.7879364490509033, 2.252335548400879, 2.705124616622925, 3.1579136848449707, 3.599092960357666, 4.028662204742432, 4.481451034545898, 4.922630310058594, 5.363809585571289, 5.781768798828125, 6.222947597503662, 6.664126873016357, 7.105306148529053, 7.523265361785889, 7.952834129333496, 8.394013404846191, 8.823582649230957, 9.264761924743652, 9.694331169128418, 10.123900413513184, 10.565078735351562, 11.006258010864258, 11.435827255249023, 11.877006530761719, 12.318185806274414, 12.74775505065918, 13.188934326171875, 13.606893539428711, 14.036462783813477, 14.442811965942383, 14.883990287780762, 15.313559532165527], "rhythm.bpm_histogram": [0.0, 0.0, 0.0, 0.0, 0.0, 0.0, 0.0, 0.0, 0.0, 0.0, 0.0, 0.0, 0.0, 0.0, 0.0, 0.0, 0.0, 0.0, 0.0, 0.0, 0.0, 0.0, 0.0, 0.0, 0.0, 0.0, 0.0, 0.0, 0.0, 0.0, 0.0, 0.0, 0.0, 0.0, 0.0, 0.0, 0.0, 0.0, 0.0, 0.0, 0.0, 0.0, 0.0, 0.0, 0.0, 0.0, 0.0, 0.0, 0.0, 0.0, 0.0, 0.0, 0.0, 0.0, 0.0, 0.0, 0.0, 0.0, 0.0, 0.0, 0.0, 0.0, 0.0, 0.0, 0.0, 0.0, 0.0, 0.0, 0.0, 0.0, 0.0, 0.0, 0.0, 0.0, 0.0, 0.0, 0.0, 0.0, 0.0, 0.0, 0.0, 0.0, 0.0, 0.0, 0.0, 0.0, 0.0, 0.0, 0.0, 0.0, 0.0, 0.0, 0.0, 0.0, 0.0, 0.0, 0.0, 0.0, 0.0, 0.0, 0.0, 0.0, 0.0, 0.0, 0.0, 0.0, 0.0, 0.0, 0.0, 0.0, 0.0, 0.0, 0.0, 0.0, 0.0, 0.0, 0.0, 0.0, 0.0, 0.0, 0.0, 0.0, 0.0, 0.0, 0.0, 0.0, 0.0, 0.0, 0.0, 0.05882352963089943, 0.0, 0.0, 0.0, 0.14705882966518402, 0.0, 0.0, 0.4117647111415863, 0.0, 0.0, 0.0, 0.2647058963775635, 0.0, 0.0, 0.0, 0.0882352963089943, 0.0, 0.0, 0.0, 0.029411764815449715, 0.0, 0.0, 0.0, 0.0, 0.0, 0.0, 0.0, 0.0, 0.0, 0.0, 0.0, 0.0, 0.0, 0.0, 0.0, 0.0, 0.0, 0.0, 0.0, 0.0, 0.0, 0.0, 0.0, 0.0, 0.0, 0.0, 0.0, 0.0, 0.0, 0.0, 0.0, 0.0, 0.0, 0.0, 0.0, 0.0, 0.0, 0.0, 0.0, 0.0, 0.0, 0.0, 0.0, 0.0, 0.0, 0.0, 0.0, 0.0, 0.0, 0.0, 0.0, 0.0, 0.0, 0.0, 0.0, 0.0, 0.0, 0.0, 0.0, 0.0, 0.0, 0.0, 0.0, 0.0, 0.0, 0.0, 0.0, 0.0, 0.0, 0.0, 0.0, 0.0, 0.0, 0.0, 0.0, 0.0, 0.0, 0.0, 0.0, 0.0, 0.0, 0.0, 0.0, 0.0, 0.0, 0.0, 0.0, 0.0, 0.0, 0.0, 0.0, 0.0, 0.0, 0.0, 0.0, 0.0, 0.0, 0.0, 0.0, 0.0, 0.0], "tonal.chords_histogram": [11.370262145996094, 7.871720314025879, 33.23615264892578, 0.0, 10.495626449584961, 0.0, 0.0, 0.0, 0.0, 0.0, 0.0, 0.0, 0.0, 0.0, 0.0, 0.0, 0.0, 0.0, 0.0, 0.0, 0.0, 25.072885513305664, 0.0, 11.953352928161621], "tonal.thpcp": [1.0, 0.6155268549919128, 0.1710357964038849, 0.12151018530130386, 0.12573666870594025, 0.21858923137187958, 0.3376728296279907, 0.2755529582500458, 0.3016375005245209, 0.4216330349445343, 0.24058747291564941, 0.06057320162653923, 0.053583402186632156, 0.08718021959066391, 0.37750399112701416, 0.6649846434593201, 0.4917111396789551, 0.1954803764820099, 0.08206609636545181, 0.05957099795341492, 0.23945921659469604, 0.45995429158210754, 0.2663193345069885, 0.02717667631804943, 0.019002558663487434, 0.02838880568742752, 0.28577905893325806, 0.8026632070541382, 0.6177691221237183, 0.5761352181434631, 0.8519539833068848, 0.39759108424186707, 0.1007697582244873, 0.08336800336837769, 0.11446494609117508, 0.5811721682548523], "lowlevel.gfcc.cov": [[20561.318359375, -4853.31884765625, -1993.437744140625, 117.07661437988281, -1006.0211181640625, 1864.71630859375, -933.58837890625, 1186.0333251953125, -965.4823608398438, -209.35726928710938, -1670.9893798828125, 218.76153564453125, -952.0608520507812], [-4853.31884765625, 2415.658203125, 772.89697265625, -430.4759826660156, 409.83148193359375, -350.65972900390625, 523.250244140625, -361.41473388671875, 239.2028350830078, -59.64912414550781, 427.6784362792969, -163.8857421875, 210.9345245361328], [-1993.437744140625, 772.89697265625, 840.7279663085938, 74.53215026855469, 92.00813293457031, -170.9674072265625, 179.16390991210938, -67.48724365234375, 16.532413482666016, -54.741668701171875, 112.70567321777344, -81.19285583496094, 74.4622573852539], [117.07661437988281, -430.4759826660156, 74.53215026855469, 999.0589599609375, 220.06439208984375, -215.23631286621094, -253.942626953125, 71.13211059570312, 15.489727973937988, -71.90461730957031, -52.22990798950195, -111.92121124267578, 65.34481048583984], [-1006.0211181640625, 409.83148193359375, 92.00813293457031, 220.06439208984375, 384.987060546875, -75.68729400634766, -16.916732788085938, -89.52579498291016, 74.41507720947266, -22.134626388549805, 24.249364852905273, -81.55094146728516, 29.33979606628418], [1864.71630859375, -350.65972900390625, -170.9674072265625, -215.23631286621094, -75.68729400634766, 397.32183837890625, 40.471763610839844, 100.59561157226562, -128.47886657714844, 16.2681941986084, -167.65524291992188, 33.46045684814453, -169.32901000976562], [-933.58837890625, 523.250244140625, 179.16390991210938, -253.942626953125, -16.916732788085938, 40.471763610839844, 391.6780700683594, -8.574634552001953, -28.737577438354492, 5.509232521057129, 115.86061096191406, 5.842066764831543, -46.37907409667969], [1186.0333251953125, -361.41473388671875, -67.48724365234375, 71.13211059570312, -89.52579498291016, 100.59561157226562, -8.574634552001953, 211.4997100830078, -44.1142692565918, -11.571533203125, -123.48517608642578, 11.551918983459473, -57.11389923095703], [-965.4823608398438, 239.2028350830078, 16.532413482666016, 15.489727973937988, 74.41507720947266, -128.47886657714844, -28.737577438354492, -44.1142692565918, 198.69598388671875, 24.32452392578125, 45.23976135253906, -31.932825088500977, 67.2264175415039], [-209.35726928710938, -59.64912414550781, -54.741668701171875, -71.90461730957031, -22.134626388549805, 16.2681941986084, 5.509232521057129, -11.571533203125, 24.32452392578125, 146.3137969970703, 43.688140869140625, 6.13060998916626, -9.360150337219238], [-1670.9893798828125, 427.6784362792969, 112.70567321777344, -52.22990798950195, 24.249364852905273, -167.65524291992188, 115.86061096191406, -123.48517608642578, 45.23976135253906, 43.688140869140625, 266.1980895996094, -8.575409889221191, 86.73253631591797], [218.76153564453125, -163.8857421875, -81.19285583496094, -111.92121124267578, -81.55094146728516, 33.46045684814453, 5.842066764831543, 11.551918983459473, -31.932825088500977, 6.13060998916626, -8.575409889221191, 103.14453887939453, -12.143752098083496], [-952.0608520507812, 210.9345245361328, 74.4622573852539, 65.34481048583984, 29.33979606628418, -169.32901000976562, -46.37907409667969, -57.11389923095703, 67.2264175415039, -9.360150337219238, 86.73253631591797, -12.143752098083496, 160.35829162597656]], "lowlevel.gfcc.icov": [[0.0003192155563738197, -0.0002068715839413926, 0.00044527489808388054, -0.00018589792307466269, 0.0006512537365779281, -0.0006114529096521437, 0.0006846303003840148, -0.0005971570499241352, 0.000753393629565835, 0.00021790698519907892, 0.0007513756863772869, 0.00023372142459265888, 0.0005650078528560698], [-0.0002068715839413926, 0.0038555371575057507, -0.001733102253638208, 0.002512078732252121, -0.0035931046586483717, 0.0012914728140458465, -0.0034971258137375116, 0.0018251555738970637, -0.001993735320866108, 0.0019886118825525045, -0.0017544651636853814, 0.003461485728621483, -0.0026959488168358803], [0.00044527489808388054, -0.001733102253638208, 0.0028898068703711033, -0.0012448978377506137, 0.0021171446423977613, -0.0004731810768134892, 0.001089865225367248, -0.0010729358764365315, 0.002122261794283986, -0.00021160455071367323, 0.0019374312832951546, 8.263003110187128e-05, 0.0011911194305866957], [-0.00018589792307466269, 0.002512078732252121, -0.0012448978377506137, 0.0038957144133746624, -0.0036723969969898462, 0.0026415858883410692, -0.0009309587185271084, -0.0005610515363514423, -0.00018775924399960786, 0.001603989046998322, -0.0015035751275718212, 0.003571879118680954, -0.0011692102998495102], [0.0006512537365779281, -0.0035931046586483717, 0.0021171446423977613, -0.0036723969969898462, 0.008384406566619873, -0.0027998564764857292, 0.003170096082612872, 0.00017727304657455534, 0.0013100267387926579, -0.0010410305112600327, 0.003320943331345916, -0.0009601365891285241, 0.0031168877612799406], [-0.0006114529096521437, 0.0012914728140458465, -0.0004731810768134892, 0.0026415858883410692, -0.0027998564764857292, 0.009297222830355167, -0.002370805712416768, 0.0004950710572302341, 0.0014190224464982748, -0.0011321213096380234, 0.0014147156616672873, 0.0015902322484180331, 0.0023287662770599127], [0.0006846303003840148, -0.0034971258137375116, 0.001089865225367248, -0.0009309587185271084, 0.003170096082612872, -0.002370805712416768, 0.009292848408222198, -0.004687396809458733, 0.0031153473537415266, -0.0002012763434322551, -0.0011200745357200503, -0.0023460392840206623, 0.005583218764513731], [-0.0005971570499241352, 0.0018251555738970637, -0.0010729358764365315, -0.0005610515363514423, 0.00017727304657455534, 0.0004950710572302341, -0.004687396809458733, 0.010789765976369381, -0.00254650367423892, -0.00022695754887536168, 0.0022675860673189163, 0.0008870886522345245, -0.002346737775951624], [0.000753393629565835, -0.001993735320866108, 0.002122261794283986, -0.00018775924399960786, 0.0013100267387926579, 0.0014190224464982748, 0.0031153473537415266, -0.00254650367423892, 0.010518869385123253, -0.002069618320092559, 0.0034565364476293325, 0.0011851898161694407, 0.0011289558606222272], [0.00021790698519907892, 0.0019886118825525045, -0.00021160455071367323, 0.001603989046998322, -0.0010410305112600327, -0.0011321213096380234, -0.0002012763434322551, -0.00022695754887536168, -0.002069618320092559, 0.009912421926856041, -0.0034019702579826117, 0.002392187947407365, 0.0004459367482922971], [0.0007513756863772869, -0.0017544651636853814, 0.0019374312832951546, -0.0015035751275718212, 0.003320943331345916, 0.0014147156616672873, -0.0011200745357200503, 0.0022675860673189163, 0.0034565364476293325, -0.0034019702579826117, 0.012445085681974888, -0.0002688945096451789, -0.0005473711644299328], [0.00023372142459265888, 0.003461485728621483, 8.263003110187128e-05, 0.003571879118680954, -0.0009601365891285241, 0.0015902322484180331, -0.0023460392840206623, 0.0008870886522345245, 0.0011851898161694407, 0.002392187947407365, -0.0002688945096451789, 0.017358064651489258, -0.0020644813776016235], [0.0005650078528560698, -0.0026959488168358803, 0.0011911194305866957, -0.0011692102998495102, 0.0031168877612799406, 0.0023287662770599127, 0.005583218764513731, -0.002346737775951624, 0.0011289558606222272, 0.0004459367482922971, -0.0005473711644299328, -0.0020644813776016235, 0.015420304611325264]], "lowlevel.mfcc.cov": [[16974.84765625, -2260.392822265625, -2073.47900390625, -1346.9481201171875, -80.77810668945312, 101.37240600585938, -104.94103240966797, 633.1064453125, 657.8936157226562, -555.367431640625, 779.22412109375, -960.2811889648438, 414.0514831542969], [-2260.392822265625, 1929.552734375, 291.1300964355469, -304.25299072265625, -206.58544921875, 150.04388427734375, 242.02310180664062, 27.98894500732422, 12.023749351501465, 16.091514587402344, 114.5948715209961, 60.48447799682617, -50.34480667114258], [-2073.47900390625, 291.1300964355469, 832.4094848632812, 291.29412841796875, -49.08580017089844, -94.03456115722656, 126.51465606689453, -48.1107177734375, -42.799346923828125, 76.89874267578125, -164.81695556640625, 153.2883758544922, -10.732831001281738], [-1346.9481201171875, -304.25299072265625, 291.29412841796875, 867.1748657226562, 326.6961975097656, -106.45073699951172, -52.10116958618164, -90.01316833496094, -15.611078262329102, 65.57303619384766, -234.86647033691406, 122.43019104003906, -32.80632781982422], [-80.77810668945312, -206.58544921875, -49.08580017089844, 326.6961975097656, 454.7923278808594, 14.059563636779785, -149.15740966796875, -77.21961212158203, 40.27080535888672, 38.929107666015625, -121.15606689453125, 4.1812052726745605, -26.40727424621582], [101.37240600585938, 150.04388427734375, -94.03456115722656, -106.45073699951172, 14.059563636779785, 205.34494018554688, 69.03047180175781, 22.62491226196289, -20.33411979675293, 12.904278755187988, 87.4002456665039, -13.428023338317871, -38.52788162231445], [-104.94103240966797, 242.02310180664062, 126.51465606689453, -52.10116958618164, -149.15740966796875, 69.03047180175781, 297.5443420410156, 84.88685607910156, -46.474857330322266, 21.398269653320312, 65.94896697998047, 39.26887893676758, -16.50804901123047], [633.1064453125, 27.98894500732422, -48.1107177734375, -90.01316833496094, -77.21961212158203, 22.62491226196289, 84.88685607910156, 215.06565856933594, 38.08832931518555, -9.837925910949707, 51.51829147338867, -29.669570922851562, -1.208686113357544], [657.8936157226562, 12.023749351501465, -42.799346923828125, -15.611078262329102, 40.27080535888672, -20.33411979675293, -46.474857330322266, 38.08832931518555, 202.09884643554688, -14.865839004516602, 24.488964080810547, -55.25705337524414, 67.34024047851562], [-555.367431640625, 16.091514587402344, 76.89874267578125, 65.57303619384766, 38.929107666015625, 12.904278755187988, 21.398269653320312, -9.837925910949707, -14.865839004516602, 203.96279907226562, -25.61397933959961, 106.63990783691406, -61.477684020996094], [779.22412109375, 114.5948715209961, -164.81695556640625, -234.86647033691406, -121.15606689453125, 87.4002456665039, 65.94896697998047, 51.51829147338867, 24.488964080810547, -25.61397933959961, 212.7650146484375, -66.08965301513672, 16.494525909423828], [-960.2811889648438, 60.48447799682617, 153.2883758544922, 122.43019104003906, 4.1812052726745605, -13.428023338317871, 39.26887893676758, -29.669570922851562, -55.25705337524414, 106.63990783691406, -66.08965301513672, 203.42123413085938, -23.473651885986328], [414.0514831542969, -50.34480667114258, -10.732831001281738, -32.80632781982422, -26.40727424621582, -38.52788162231445, -16.50804901123047, -1.208686113357544, 67.34024047851562, -61.477684020996094, 16.494525909423828, -23.473651885986328, 123.21572875976562]], "lowlevel.mfcc.icov": [[0.00019173168402630836, 0.00024142961774487048, 0.00020368912373669446, 0.00022289135085884482, -0.0002064029686152935, 0.00015107763465493917, -0.0002926269662566483, -0.0002489962207619101, -0.00037024368066340685, 0.00014520141121465713, -0.0002957245160359889, 0.00029144936706870794, -0.00013729569036513567], [0.00024142961774487048, 0.0010357777355238795, -0.00010397368896519765, 0.0006152871064841747, -0.00026777625316753983, -0.00014734111027792096, -0.0007282503647729754, -7.233721407828853e-05, -0.0009855588432401419, 0.0005562815349549055, -0.0005533659132197499, -2.1487128833541647e-05, 0.00045110718929208815], [0.00020368912373669446, -0.00010397368896519765, 0.002392692258581519, -0.00037723223795183003, 0.0004824905772693455, 0.0006081162136979401, -0.0012386596063151956, 0.00018823436403181404, -0.0005249181413091719, -0.0002664281928446144, 0.0011890532914549112, 4.0468788938596845e-05, -0.00048704337677918375], [0.00022289135085884482, 0.0006152871064841747, -0.00037723223795183003, 0.002785471733659506, -0.0019894344732165337, 0.0010130490409210324, -0.0011396418558433652, -3.921798270312138e-05, -0.0007078469498082995, 0.0006882497109472752, 0.0003972673148382455, -0.0005651477258652449, 0.0005179089494049549], [-0.0002064029686152935, -0.00026777625316753983, 0.0004824905772693455, -0.0019894344732165337, 0.00516041275113821, -0.0025035373400896788, 0.0018937592394649982, 0.0008802004158496857, -0.0006903350003995001, -0.0010214922949671745, 0.002355629578232765, 0.0005836742930114269, 0.00034548898111097515], [0.00015107763465493917, -0.00014734111027792096, 0.0006081162136979401, 0.0010130490409210324, -0.0025035373400896788, 0.008374840952455997, -0.0022141432855278254, -4.045502646476962e-05, 0.0002616557467263192, 0.00038005519309081137, -0.003268745495006442, -0.0002471556654199958, 0.0019770395010709763], [-0.0002926269662566483, -0.0007282503647729754, -0.0012386596063151956, -0.0011396418558433652, 0.0018937592394649982, -0.0022141432855278254, 0.006807439960539341, -0.0018422084394842386, 0.001991495955735445, -0.000653326918836683, -0.0009429844794794917, -0.000800840265583247, -0.0005587477935478091], [-0.0002489962207619101, -7.233721407828853e-05, 0.00018823436403181404, -3.921798270312138e-05, 0.0008802004158496857, -4.045502646476962e-05, -0.0018422084394842386, 0.00661805272102356, -0.0016456098528578877, 0.00012814596993848681, 0.0005826567066833377, -0.00010390007082605734, 0.0016727279871702194], [-0.00037024368066340685, -0.0009855588432401419, -0.0005249181413091719, -0.0007078469498082995, -0.0006903350003995001, 0.0002616557467263192, 0.001991495955735445, -0.0016456098528578877, 0.009009255096316338, -0.0025432822294533253, -0.0004027550749015063, 0.0018470999784767628, -0.004995098803192377], [0.00014520141121465713, 0.0005562815349549055, -0.0002664281928446144, 0.0006882497109472752, -0.0010214922949671745, 0.00038005519309081137, -0.000653326918836683, 0.00012814596993848681, -0.0025432822294533253, 0.008987805806100368, -0.001329823979176581, -0.004776832647621632, 0.0048554022796452045], [-0.0002957245160359889, -0.0005533659132197499, 0.0011890532914549112, 0.0003972673148382455, 0.002355629578232765, -0.003268745495006442, -0.0009429844794794917, 0.0005826567066833377, -0.0004027550749015063, -0.001329823979176581, 0.01074706669896841, 0.0015721063828095794, -0.0012434400850906968], [0.00029144936706870794, -2.1487128833541647e-05, 4.0468788938596845e-05, -0.0005651477258652449, 0.0005836742930114269, -0.0002471556654199958, -0.000800840265583247, -0.00010390007082605734, 0.0018470999784767628, -0.004776832647621632, 0.0015721063828095794, 0.009899431839585304, -0.002912988420575857], [-0.00013729569036513567, 0.00045110718929208815, -0.00048704337677918375, 0.0005179089494049549, 0.00034548898111097515, 0.0019770395010709763, -0.0005587477935478091, 0.0016727279871702194, -0.004995098803192377, 0.0048554022796452045, -0.0012434400850906968, -0.002912988420575857, 0.014254801906645298]], "metadata.audio_properties.analysis.downmix": "mix", "metadata.audio_properties.codec": "mp3", "metadata.audio_properties.md5_encoded": "3df252f20b6fc3a063ab3a20b344c688", "metadata.tags.file_name": "1183671561144778822.mp3", "metadata.version.essentia": "2.1-beta6-dev", "metadata.version.essentia_git_sha": "v2.1_beta5-1110-g77a6a954", "metadata.version.extractor": "music 2.0", "tonal.chords_key": "C", "tonal.chords_scale": "major", "tonal.key_edma.key": "F", "tonal.key_edma.scale": "major", "tonal.key_krumhansl.key": "F", "tonal.key_krumhansl.scale": "major", "tonal.key_temperley.key": "F", "tonal.key_temperley.scale": "major", "metadata.tags.encoding": ["Lavf58.45.100"]}, "essentia_models": [{"model_name": "genre_dortmund", "activations": {"alternative": "0.103028916", "blues": "0.015944224", "electronic": "0.011712803", "folkcountry": "0.20065503", "funksoulrnb": "0.048963215", "jazz": "0.03982691", "pop": "0.24319677", "raphiphop": "0.080519155", "rock": "0.34645307"}}, {"model_name": "genre_rosamerica", "activations": {"classic": "0.007072307", "dance": "0.0026844402", "hip hop": "0.006836495", "jazz": "0.07047902", "pop": "0.11