{"song_id": "1183696697533136926", "download": "https://cdn.discordapp.com/attachments/1135911532732108921/1183696697533136926/chirp.mp4?ex=65894674&amp", "lyrics": "Ich mags zu fahren-fahren\nin meinem Wagen Wagen\nmit deinem Damen Damen\nnach Baden-Baden.", "style": ["eurodance"], "essentia_features": {"lowlevel.average_loudness": 0.9846251010894775, "lowlevel.barkbands_crest.mean": 17.170934677124023, "lowlevel.barkbands_crest.stdev": 5.659178256988525, "lowlevel.barkbands_flatness_db.mean": 0.18523918092250824, "lowlevel.barkbands_flatness_db.stdev": 0.06607869267463684, "lowlevel.barkbands_kurtosis.mean": 30.410831451416016, "lowlevel.barkbands_kurtosis.stdev": 52.17331314086914, "lowlevel.barkbands_skewness.mean": 4.189501762390137, "lowlevel.barkbands_skewness.stdev": 2.799494504928589, "lowlevel.barkbands_spread.mean": 13.793757438659668, "lowlevel.barkbands_spread.stdev": 10.278104782104492, "lowlevel.dissonance.mean": 0.45916301012039185, "lowlevel.dissonance.stdev": 0.02531818486750126, "lowlevel.dynamic_complexity": 1.6652201414108276, "lowlevel.erbbands_crest.mean": 9.2377290725708, "lowlevel.erbbands_crest.stdev": 4.468665599822998, "lowlevel.erbbands_flatness_db.mean": 0.11270199716091156, "lowlevel.erbbands_flatness_db.stdev": 0.04038498178124428, "lowlevel.erbbands_kurtosis.mean": 0.7790117263793945, "lowlevel.erbbands_kurtosis.stdev": 2.302236795425415, "lowlevel.erbbands_skewness.mean": 0.6714329123497009, "lowlevel.erbbands_skewness.stdev": 0.6656102538108826, "lowlevel.erbbands_spread.mean": 59.833778381347656, "lowlevel.erbbands_spread.stdev": 29.30559539794922, "lowlevel.hfc.mean": 20.873180389404297, "lowlevel.hfc.stdev": 13.749410629272461, "lowlevel.loudness_ebu128.integrated": -13.866811752319336, "lowlevel.loudness_ebu128.loudness_range": 0.48969459533691406, "lowlevel.loudness_ebu128.momentary.mean": -13.91930866241455, "lowlevel.loudness_ebu128.momentary.stdev": 0.666693925857544, "lowlevel.loudness_ebu128.short_term.mean": -13.889688491821289, "lowlevel.loudness_ebu128.short_term.stdev": 0.15782764554023743, "lowlevel.melbands_crest.mean": 22.019731521606445, "lowlevel.melbands_crest.stdev": 6.456294059753418, "lowlevel.melbands_flatness_db.mean": 0.2783054709434509, "lowlevel.melbands_flatness_db.stdev": 0.07485014200210571, "lowlevel.melbands_kurtosis.mean": 84.61907196044922, "lowlevel.melbands_kurtosis.stdev": 110.7828140258789, "lowlevel.melbands_skewness.mean": 6.290368556976318, "lowlevel.melbands_skewness.stdev": 3.853046178817749, "lowlevel.melbands_spread.mean": 9.14754581451416, "lowlevel.melbands_spread.stdev": 8.48754596710205, "lowlevel.pitch_salience.mean": 0.3610861301422119, "lowlevel.pitch_salience.stdev": 0.17113420367240906, "lowlevel.silence_rate_20dB.mean": 1.0, "lowlevel.silence_rate_20dB.stdev": 0.0, "lowlevel.silence_rate_30dB.mean": 0.7358803749084473, "lowlevel.silence_rate_30dB.stdev": 0.44086194038391113, "lowlevel.silence_rate_60dB.mean": 0.011627906933426857, "lowlevel.silence_rate_60dB.stdev": 0.1072038859128952, "lowlevel.spectral_centroid.mean": 865.6539916992188, "lowlevel.spectral_centroid.stdev": 412.32769775390625, "lowlevel.spectral_complexity.mean": 13.10299015045166, "lowlevel.spectral_complexity.stdev": 5.796897888183594, "lowlevel.spectral_decrease.mean": -1.7971370169789225e-08, "lowlevel.spectral_decrease.stdev": 1.1701624558213553e-08, "lowlevel.spectral_energy.mean": 0.06972137093544006, "lowlevel.spectral_energy.stdev": 0.044730398803949356, "lowlevel.spectral_energyband_high.mean": 0.0010486762039363384, "lowlevel.spectral_energyband_high.stdev": 0.0010036890162155032, "lowlevel.spectral_energyband_low.mean": 0.05388890951871872, "lowlevel.spectral_energyband_low.stdev": 0.04486451297998428, "lowlevel.spectral_energyband_middle_high.mean": 0.0037467950023710728, "lowlevel.spectral_energyband_middle_high.stdev": 0.00467107305303216, "lowlevel.spectral_energyband_middle_low.mean": 0.013165224343538284, "lowlevel.spectral_energyband_middle_low.stdev": 0.018670178949832916, "lowlevel.spectral_entropy.mean": 7.667277812957764, "lowlevel.spectral_entropy.stdev": 0.41462910175323486, "lowlevel.spectral_flux.mean": 0.13417120277881622, "lowlevel.spectral_flux.stdev": 0.08753975480794907, "lowlevel.spectral_kurtosis.mean": 2.7088263034820557, "lowlevel.spectral_kurtosis.stdev": 2.2905538082122803, "lowlevel.spectral_rms.mean": 0.0077309515327215195, "lowlevel.spectral_rms.stdev": 0.002872845623642206, "lowlevel.spectral_rolloff.mean": 452.1251525878906, "lowlevel.spectral_rolloff.stdev": 651.3387451171875, "lowlevel.spectral_skewness.mean": 1.4831883907318115, "lowlevel.spectral_skewness.stdev": 0.3877710700035095, "lowlevel.spectral_spread.mean": 6959925.5, "lowlevel.spectral_spread.stdev": 1679057.75, "lowlevel.spectral_strongpeak.mean": 0.759827196598053, "lowlevel.spectral_strongpeak.stdev": 0.4703819453716278, "lowlevel.zerocrossingrate.mean": 0.03868696093559265, "lowlevel.zerocrossingrate.stdev": 0.0265445988625288, "metadata.audio_properties.analysis.equal_loudness": 0.0, "metadata.audio_properties.analysis.length": 13.951995849609375, "metadata.audio_properties.analysis.sample_rate": 44100.0, "metadata.audio_properties.analysis.start_time": 0.0, "metadata.audio_properties.bit_rate": 126120.0, "metadata.audio_properties.length": 13.95199966430664, "metadata.audio_properties.lossless": 0.0, "metadata.audio_properties.number_channels": 1.0, "metadata.audio_properties.replay_gain": -10.864343643188477, "metadata.audio_properties.sample_rate": 48000.0, "rhythm.beats_count": 32.0, "rhythm.beats_loudness.mean": 0.13135987520217896, "rhythm.beats_loudness.stdev": 0.02447008714079857, "rhythm.bpm": 141.9775390625, "rhythm.bpm_histogram_first_peak_bpm": 144.0, "rhythm.bpm_histogram_first_peak_weight": 0.4999999403953552, "rhythm.bpm_histogram_second_peak_bpm": 136.0, "rhythm.bpm_histogram_second_peak_spread": 0.0, "rhythm.bpm_histogram_second_peak_weight": 0.22580644488334656, "rhythm.danceability": 2.804821014404297, "rhythm.onset_rate": 4.797089576721191, "tonal.chords_changes_rate": 0.0629139095544815, "tonal.chords_number_rate": 0.026490066200494766, "tonal.chords_strength.mean": 0.5611237287521362, "tonal.chords_strength.stdev": 0.08846872299909592, "tonal.hpcp_crest.mean": 13.28738021850586, "tonal.hpcp_crest.stdev": 5.956169128417969, "tonal.hpcp_entropy.mean": 2.004121780395508, "tonal.hpcp_entropy.stdev": 0.6686826944351196, "tonal.key_edma.strength": 0.7640204429626465, "tonal.key_krumhansl.strength": 0.7587019801139832, "tonal.key_temperley.strength": 0.7454854846000671, "tonal.tuning_diatonic_strength": 0.5307947397232056, "tonal.tuning_equal_tempered_deviation": 0.18354186415672302, "tonal.tuning_frequency": 434.193115234375, "tonal.tuning_nontempered_energy_ratio": 0.8993557095527649, "lowlevel.barkbands.mean": [0.0009039956494234502, 0.040089573711156845, 0.010866379365324974, 0.0033336367923766375, 0.0060881986282765865, 0.002162256510928273, 0.0005798387574031949, 0.0004571180325001478, 0.0003785672888625413, 0.0008969450718723238, 0.0005354237509891391, 0.001026323065161705, 0.0003449936048127711, 0.0003949195961467922, 0.0002779406786430627, 8.855118358042091e-05, 5.4530039051314816e-05, 6.224701792234555e-05, 9.124827920459211e-05, 0.00012813648208975792, 0.00013489430421032012, 0.00014529011968988925, 0.0001633787906030193, 0.00020525958098005503, 0.00021026212198194116, 8.976714161690325e-05, 1.1703624295478221e-05], "lowlevel.barkbands.stdev": [0.0013978349743410945, 0.039728738367557526, 0.022366084158420563, 0.010468382388353348, 0.011832620948553085, 0.0021007321774959564, 0.0010340575827285647, 0.0007389441598206758, 0.0006453306414186954, 0.001839054748415947, 0.0013000587932765484, 0.002057449659332633, 0.0006096668657846749, 0.000655712909065187, 0.0004724127647932619, 0.00019762849842663854, 8.130731293931603e-05, 9.347129525849596e-05, 0.00010946812108159065, 0.00014734556316398084, 0.00014672618999611586, 0.00017734683933667839, 0.0001823683560360223, 0.00019769067876040936, 0.00024520172155462205, 0.00011480561806820333, 1.8074513718602248e-05], "lowlevel.erbbands.mean": [1.1084574460983276, 8.993143081665039, 14.402885437011719, 12.40928840637207, 12.032066345214844, 23.29596710205078, 21.020687103271484, 18.9427433013916, 11.05373477935791, 8.676375389099121, 9.308374404907227, 7.872226715087891, 19.144861221313477, 30.17395782470703, 29.02243423461914, 39.414188385009766, 16.578563690185547, 19.865467071533203, 20.466211318969727, 8.597103118896484, 4.6860480308532715, 3.1492998600006104, 3.035005807876587, 5.133886337280273, 3.982347249984741, 5.937419891357422, 7.008962631225586, 4.212839603424072, 4.830790996551514, 6.07059907913208, 4.274871826171875, 3.673560857772827, 3.8106729984283447, 2.8723690509796143, 1.104274034500122, 0.4436646103858948, 0.14877383410930634, 0.04025733843445778, 0.0011282084742560983, 0.0001054772365023382], "lowlevel.erbbands.stdev": [1.3416913747787476, 9.166592597961426, 22.201553344726562, 32.13139724731445, 30.006309509277344, 46.46994400024414, 38.30884552001953, 19.40599822998047, 16.5210018157959, 13.410334587097168, 14.64542293548584, 11.686685562133789, 40.16978073120117, 58.213809967041016, 49.45438766479492, 94.07223510742188, 26.37994384765625, 29.941356658935547, 29.1707706451416, 20.487173080444336, 10.214177131652832, 4.6250319480896, 4.432724475860596, 6.446852207183838, 4.910599231719971, 6.675065040588379, 7.357715606689453, 5.164172172546387, 5.788121223449707, 7.5351786613464355, 4.792962074279785, 3.704742431640625, 3.7942960262298584, 3.2362444400787354, 1.4059454202651978, 0.5979507565498352, 0.18939898908138275, 0.05483222007751465, 0.0015924082836136222, 6.345880683511496e-05], "lowlevel.gfcc.mean": [20.024580001831055, 77.6551513671875, -70.79629516601562, 33.573753356933594, -53.282413482666016, 37.36720657348633, -30.21038246154785, 8.862150192260742, -24.964855194091797, 14.097588539123535, -6.279016494750977, 6.811636924743652, -4.261096954345703], "lowlevel.melbands.mean": [0.010706769302487373, 0.00893151480704546, 0.0020952350459992886, 0.0012701967498287559, 0.0008409282891079783, 0.00040444236947223544, 0.00016616255743429065, 9.827258327277377e-05, 6.912582466611639e-05, 5.1545615860959515e-05, 9.9387121736072e-05, 0.00012685437104664743, 8.824270480545238e-05, 0.00012253670138306916, 5.008059088140726e-05, 3.872815068461932e-05, 3.6242017813492566e-05, 3.649579957709648e-05, 1.5100097698450554e-05, 7.81023391027702e-06, 5.020332537242211e-06, 3.2971670407277998e-06, 2.521934902688372e-06, 3.0361359222297324e-06, 4.425741735758493e-06, 2.8916508654219797e-06, 2.8355900667520473e-06, 4.282841473468579e-06, 5.092305855214363e-06, 2.950647512989235e-06, 2.2407305095839547e-06, 2.665067995621939e-06, 2.983013018820202e-06, 3.517413233566913e-06, 2.5193533019773895e-06, 2.071520839308505e-06, 2.290180418640375e-06, 2.6265204269293463e-06, 2.9178036129451357e-06, 2.244285269625834e-06], "lowlevel.melbands.stdev": [0.011307351291179657, 0.009539114311337471, 0.004889346659183502, 0.0027391561307013035, 0.001473879092372954, 0.0004129124281462282, 0.00024603019119240344, 0.00014948649914003909, 0.00010684997687349096, 8.574863750254735e-05, 0.00020990087068639696, 0.0002553176018409431, 0.00018771055329125375, 0.00024166899675037712, 0.00010707189358072355, 6.975654105190188e-05, 5.772812437498942e-05, 5.4445503337774426e-05, 2.601014421088621e-05, 2.0998562831664458e-05, 1.1437757166277152e-05, 4.999345037504099e-06, 4.0069508031592704e-06, 4.461266598809743e-06, 5.871545454283478e-06, 3.677336053442559e-06, 3.4466061151761096e-06, 5.28340842720354e-06, 5.8015334616356995e-06, 3.36873176820518e-06, 3.1331080663221655e-06, 3.228672312616254e-06, 3.7231909573165467e-06, 4.399325916892849e-06, 2.906964255089406e-06, 2.4169953576347325e-06, 2.3396937649522442e-06, 2.689858092708164e-06, 3.159294919896638e-06, 2.679352064660634e-06], "lowlevel.melbands128.mean": [0.0008053744095377624, 0.007714209612458944, 0.015948474407196045, 0.014596025459468365, 0.008862849324941635, 0.004799960181117058, 0.002593032084405422, 0.001400468870997429, 0.001032071653753519, 0.0013677328824996948, 0.0013656738447025418, 0.0011473956983536482, 0.0007169411983340979, 0.0004174704954493791, 0.0004300755390431732, 0.00045318648335523903, 0.00015822984278202057, 0.0001522562961326912, 0.00010819085582625121, 8.33247831906192e-05, 0.00010353734251111746, 0.00011073720088461414, 5.516175224329345e-05, 4.047022957820445e-05, 4.3247102439636365e-05, 5.0839782488765195e-05, 8.63457316881977e-05, 9.110368409892544e-05, 0.00011390770669095218, 0.00017675328126642853, 9.902678721118718e-05, 9.253985626855865e-05, 8.909298776416108e-05, 7.122463284758851e-05, 0.0001317932765232399, 0.0001431363052688539, 0.00012039577268296853, 2.543094160500914e-05, 2.248675264127087e-05, 3.81446116080042e-05, 3.5520250094123185e-05, 5.4382722737500444e-05, 2.5920095140463673e-05, 3.460021616774611e-05, 4.484218516154215e-05, 3.815959644271061e-05, 2.9024999093962833e-05, 1.06688094092533e-05, 1.2310206329857465e-05, 1.1722971066774335e-05, 6.097234745539026e-06, 4.952795279677957e-06, 6.239522463147296e-06, 4.5977271838637535e-06, 3.458443643467035e-06, 3.4254005640832474e-06, 2.8897600259369938e-06, 2.4906539692892693e-06, 2.4983971798064886e-06, 2.29505371862615e-06, 2.853539854186238e-06, 3.6555647966451943e-06, 4.474671186471824e-06, 5.3021381063445006e-06, 3.1845445391809335e-06, 2.7316179966874188e-06, 2.703321115404833e-06, 2.6144580260734074e-06, 3.0184444312908454e-06, 2.896305431931978e-06, 3.7872212033107644e-06, 5.300076281855581e-06, 5.677952231053496e-06, 5.74732621316798e-06, 3.3019534839695552e-06, 3.274785512985545e-06, 2.7086696263722843e-06, 1.9718856947292807e-06, 2.3040884116198868e-06, 2.146007091141655e-06, 2.8862275485153077e-06, 2.805893018376082e-06, 2.422644683974795e-06, 2.910065404648776e-06, 3.444654339546105e-06, 3.881789780280087e-06, 3.494259999570204e-06, 2.95941185868287e-06, 2.4184944322769297e-06, 2.318674887646921e-06, 1.96179485101311e-06, 1.966611307580024e-06, 2.2660519789496902e-06, 2.2420892946684035e-06, 2.175040663132677e-06, 2.996720695591648e-06, 2.5073966298805317e-06, 2.4181351818697294e-06, 3.0705637072969694e-06, 3.305158543298603e-06, 2.4665221189934528e-06, 2.2565386643691454e-06, 1.6367370108127943e-06, 1.4378360901901033e-06, 1.0512812878005207e-06, 1.0010824098571902e-06, 1.2279290331207449e-06, 9.391353614773834e-07, 6.681800641672453e-07, 6.650404884567251e-07, 4.4593124925995653e-07, 4.1450380194874015e-07, 4.716274304428225e-07, 5.260986881694407e-07, 3.7614105963257316e-07, 4.373105753074924e-07, 3.939111934414541e-07, 1.3496047301941871e-07, 3.897773659389259e-09, 5.06519375054193e-11, 3.2220788537262735e-11, 1.844741026602037e-11, 9.15396404510549e-12, 8.974728078758876e-12, 8.804430275122233e-12, 8.62122699618606e-12, 8.507454289652383e-12, 8.454358740861423e-12], "lowlevel.melbands128.stdev": [0.001247407402843237, 0.011068664491176605, 0.01904422789812088, 0.016054507344961166, 0.01258698757737875, 0.010845544748008251, 0.007630364969372749, 0.004486899822950363, 0.0030365209095180035, 0.0033675930462777615, 0.0029297799337655306, 0.002440833253785968, 0.0016417743172496557, 0.0006468375213444233, 0.0004815221473108977, 0.0006530983373522758, 0.0003049471415579319, 0.00035678333370015025, 0.0002130680368281901, 0.00018578529125079513, 0.0001896603062050417, 0.00021435110829770565, 0.00012274480832275003, 7.530313450843096e-05, 8.968491601990536e-05, 0.00012648825941141695, 0.00020916770154144615, 0.0003260711382608861, 0.0003179513441864401, 0.00048766357940621674, 0.00024383632990065962, 0.00028968730475753546, 0.0002927208552137017, 0.00020422729721758515, 0.0003093175182584673, 0.00042389536974951625, 0.00038411162677221, 6.144883809611201e-05, 3.597968679969199e-05, 9.88436586339958e-05, 7.873184222262353e-05, 0.00014480673416983336, 5.7671051763463765e-05, 9.664260142017156e-05, 0.00011244276538491249, 7.559246296295896e-05, 7.299801654880866e-05, 1.7873620890895836e-05, 3.891480446327478e-05, 5.1966580940643325e-05, 1.369327674183296e-05, 1.5787201846251264e-05, 1.9790986698353663e-05, 9.240664439857937e-06, 5.924177457927726e-06, 5.951263119641226e-06, 4.972282113158144e-06, 4.30672662332654e-06, 4.676169282902265e-06, 4.406410425872309e-06, 5.157800387678435e-06, 5.942043117102003e-06, 7.077100690366933e-06, 8.996314136311412e-06, 4.85330201627221e-06, 4.16533612224157e-06, 4.387941771710757e-06, 4.383821305964375e-06, 4.046345566166565e-06, 3.649660129667609e-06, 6.091825071052881e-06, 7.595060651510721e-06, 9.108248377742711e-06, 7.884172191552352e-06, 4.044657998747425e-06, 4.411929694470018e-06, 3.7000900192651898e-06, 3.2439088499813806e-06, 4.298780822864501e-06, 2.750368366832845e-06, 3.8092248360044323e-06, 3.873480181937339e-06, 3.488866468615015e-06, 3.7182410324021475e-06, 5.1854553930752445e-06, 5.606696959148394e-06, 4.804736363439588e-06, 3.6494993764790706e-06, 3.0714029435330303e-06, 3.3069943583541317e-06, 2.4602588837296935e-06, 2.95051654575218e-06, 2.616041001601843e-06, 2.7278172183287097e-06, 2.4596806724730413e-06, 3.2926259336818475e-06, 3.091583266723319e-06, 2.9706613986490993e-06, 3.5410455438977806e-06, 4.077507583133411e-06, 3.270534762123134e-06, 2.909192289735074e-06, 2.3732993668090785e-06, 2.3234424588736147e-06, 1.6239458773270599e-06, 1.5468697256437736e-06, 1.9208719095331617e-06, 1.445525185772567e-06, 1.012271354738914e-06, 1.0741460982899298e-06, 7.333953249144542e-07, 6.019008651492186e-07, 6.757550750080554e-07, 7.132633754736162e-07, 5.659314865624765e-07, 6.478103955487313e-07, 5.873743589290825e-07, 2.960892686587613e-07, 2.35938859560747e-08, 7.6681816452151e-10, 4.0954906133094937e-10, 1.898205065353764e-10, 1.2841382471262541e-11, 1.2615768672785688e-11, 1.2422844003490141e-11, 1.2268829181760754e-11, 1.2159260577571107e-11, 1.2091703506522666e-11], "lowlevel.mfcc.mean": [-637.0592041015625, 113.19507598876953, 40.95791244506836, 12.503406524658203, 12.029705047607422, 21.8439998626709, 16.28473663330078, 1.367527961730957, 0.6068894267082214, 4.82453727722168, 2.361252784729004, 0.9102069139480591, 3.7205464839935303], "lowlevel.spectral_contrast_coeffs.mean": [-0.6781519651412964, -0.7409861087799072, -0.7619389891624451, -0.8035781979560852, -0.8201068639755249, -0.7871891260147095], "lowlevel.spectral_contrast_coeffs.stdev": [0.08465665578842163, 0.06049850955605507, 0.07390584796667099, 0.049475979059934616, 0.03027012012898922, 0.02801724150776863], "lowlevel.spectral_contrast_valleys.mean": [-6.391965389251709, -6.9990997314453125, -7.378384590148926, -7.760612487792969, -7.796360015869141, -9.677297592163086], "lowlevel.spectral_contrast_valleys.stdev": [0.6725381016731262, 0.6266535520553589, 0.634114682674408, 0.5825645923614502, 0.6615637540817261, 0.7956308722496033], "rhythm.beats_loudness_band_ratio.mean": [0.9169705510139465, 0.025445792824029922, 0.013684148900210857, 0.03513466194272041, 0.00700867036357522, 0.007572195492684841], "rhythm.beats_loudness_band_ratio.stdev": [0.055514317005872726, 0.02064083144068718, 0.018128523603081703, 0.04509982466697693, 0.007226120214909315, 0.005684700328856707], "tonal.hpcp.mean": [0.18431177735328674, 0.13846521079540253, 0.0979418158531189, 0.0730818584561348, 0.050483234226703644, 0.05649799108505249, 0.0854094922542572, 0.0869128629565239, 0.07143720239400864, 0.07227519154548645, 0.06783654540777206, 0.07504885643720627, 0.12094239890575409, 0.1262047290802002, 0.10128448903560638, 0.1295679807662964, 0.10148605704307556, 0.03448616340756416, 0.021095063537359238, 0.036743149161338806, 0.04825633764266968, 0.07975509017705917, 0.0858193039894104, 0.046509914100170135, 0.046217117458581924, 0.062098704278469086, 0.08677003532648087, 0.14579352736473083, 0.12707117199897766, 0.06292975693941116, 0.06886053085327148, 0.07312063127756119, 0.07077939808368683, 0.09057794511318207, 0.09653657674789429, 0.14246876537799835], "tonal.hpcp.stdev": [0.3237108588218689, 0.244550883769989, 0.22444458305835724, 0.21467995643615723, 0.1578036993741989, 0.18512430787086487, 0.21168266236782074, 0.2230304628610611, 0.20718583464622498, 0.21866454184055328, 0.1966639906167984, 0.20656156539916992, 0.25106775760650635, 0.2633178234100342, 0.23166073858737946, 0.2885037064552307, 0.24391555786132812, 0.12147334218025208, 0.09245569258928299, 0.14724847674369812, 0.18769779801368713, 0.1953628808259964, 0.2136346995830536, 0.1345175951719284, 0.1580912172794342, 0.19071771204471588, 0.2254963368177414, 0.29002559185028076, 0.24807481467723846, 0.17684754729270935, 0.20568904280662537, 0.20821969211101532, 0.18712249398231506, 0.21241705119609833, 0.21534594893455505, 0.28482839465141296], "rhythm.beats_position": [0.3715192675590515, 0.7662584781646729, 1.1493877172470093, 1.5557368993759155, 1.9736961126327515, 2.4032652378082275, 2.832834482192993, 3.250793695449829, 3.6919727325439453, 4.109931945800781, 4.551111221313477, 4.9690704345703125, 5.39863920211792, 5.8282084465026855, 6.257777690887451, 6.687346935272217, 7.105306148529053, 7.54648494720459, 7.964444160461426, 8.394013404846191, 8.823582649230957, 9.264761924743652, 9.682721138000488, 10.112290382385254, 10.54185962677002, 10.959818840026855, 11.400997161865234, 11.81895637512207, 12.260135650634766, 12.678094863891602, 13.119274139404297, 13.537233352661133], "rhythm.bpm_histogram": [0.0, 0.0, 0.0, 0.0, 0.0, 0.0, 0.0, 0.0, 0.0, 0.0, 0.0, 0.0, 0.0, 0.0, 0.0, 0.0, 0.0, 0.0, 0.0, 0.0, 0.0, 0.0, 0.0, 0.0, 0.0, 0.0, 0.0, 0.0, 0.0, 0.0, 0.0, 0.0, 0.0, 0.0, 0.0, 0.0, 0.0, 0.0, 0.0, 0.0, 0.0, 0.0, 0.0, 0.0, 0.0, 0.0, 0.0, 0.0, 0.0, 0.0, 0.0, 0.0, 0.0, 0.0, 0.0, 0.0, 0.0, 0.0, 0.0, 0.0, 0.0, 0.0, 0.0, 0.0, 0.0, 0.0, 0.0, 0.0, 0.0, 0.0, 0.0, 0.0, 0.0, 0.0, 0.0, 0.0, 0.0, 0.0, 0.0, 0.0, 0.0, 0.0, 0.0, 0.0, 0.0, 0.0, 0.0, 0.0, 0.0, 0.0, 0.0, 0.0, 0.0, 0.0, 0.0, 0.0, 0.0, 0.0, 0.0, 0.0, 0.0, 0.0, 0.0, 0.0, 0.0, 0.0, 0.0, 0.0, 0.0, 0.0, 0.0, 0.0, 0.0, 0.0, 0.0, 0.0, 0.0, 0.0, 0.0, 0.0, 0.0, 0.0, 0.0, 0.0, 0.0, 0.0, 0.0, 0.0, 0.0, 0.0, 0.0, 0.0, 0.0, 0.0, 0.0, 0.0, 0.22580644488334656, 0.0, 0.0, 0.0, 0.32258063554763794, 0.0, 0.0, 0.0, 0.35483869910240173, 0.0, 0.0, 0.0, 0.032258063554763794, 0.0, 0.0, 0.0, 0.032258063554763794, 0.0, 0.0, 0.0, 0.0, 0.032258063554763794, 0.0, 0.0, 0.0, 0.0, 0.0, 0.0, 0.0, 0.0, 0.0, 0.0, 0.0, 0.0, 0.0, 0.0, 0.0, 0.0, 0.0, 0.0, 0.0, 0.0, 0.0, 0.0, 0.0, 0.0, 0.0, 0.0, 0.0, 0.0, 0.0, 0.0, 0.0, 0.0, 0.0, 0.0, 0.0, 0.0, 0.0, 0.0, 0.0, 0.0, 0.0, 0.0, 0.0, 0.0, 0.0, 0.0, 0.0, 0.0, 0.0, 0.0, 0.0, 0.0, 0.0, 0.0, 0.0, 0.0, 0.0, 0.0, 0.0, 0.0, 0.0, 0.0, 0.0, 0.0, 0.0, 0.0, 0.0, 0.0, 0.0, 0.0, 0.0, 0.0, 0.0, 0.0, 0.0, 0.0, 0.0, 0.0, 0.0, 0.0, 0.0, 0.0, 0.0, 0.0, 0.0, 0.0, 0.0, 0.0, 0.0, 0.0, 0.0, 0.0], "tonal.chords_histogram": [15.56291389465332, 26.821191787719727, 17.54966926574707, 6.95364236831665, 3.311258316040039, 0.0, 0.0, 0.0, 12.582781791687012, 0.0, 0.0, 0.0, 0.0, 0.0, 0.0, 0.0, 0.0, 0.0, 0.0, 0.0, 12.582781791687012, 0.0, 0.0, 4.635761737823486], "tonal.thpcp": [1.0, 0.7512553334236145, 0.5313920378684998, 0.39651215076446533, 0.2739012837409973, 0.30653488636016846, 0.463396817445755, 0.4715535044670105, 0.3875889182090759, 0.39213550090789795, 0.36805322766304016, 0.40718427300453186, 0.6561837792396545, 0.6847350001335144, 0.5495280623435974, 0.7029826641082764, 0.5506216883659363, 0.18710775673389435, 0.11445315182209015, 0.19935323297977448, 0.261819064617157, 0.4327183663845062, 0.4656202793121338, 0.25234368443489075, 0.25075510144233704, 0.3369220495223999, 0.47077858448028564, 0.7910158038139343, 0.6894359588623047, 0.34143102169036865, 0.37360894680023193, 0.3967225253582001, 0.3840199410915375, 0.49143871665000916, 0.5237678289413452, 0.7729769945144653], "lowlevel.gfcc.cov": [[3787.237548828125, -806.572998046875, 247.2358856201172, 105.02587127685547, -5.971768856048584, 106.91837310791016, -76.53665161132812, -59.89751434326172, -321.8161315917969, -36.94685363769531, -386.2067565917969, -121.48333740234375, -220.7699737548828], [-806.572998046875, 639.0797729492188, -179.74252319335938, -86.76165771484375, 81.6495590209961, 3.258894205093384, 91.78756713867188, -69.13618469238281, 40.984046936035156, -39.914794921875, 129.2113800048828, -45.44908905029297, 104.23346710205078], [247.2358856201172, -179.74252319335938, 618.1367797851562, 236.48629760742188, 7.346664905548096, -22.999282836914062, -65.00164794921875, 64.63850402832031, 99.00363159179688, 15.614816665649414, -73.42671203613281, 55.983978271484375, -74.89999389648438], [105.02587127685547, -86.76165771484375, 236.48629760742188, 199.02589416503906, 43.099891662597656, 1.5385266542434692, -20.123920440673828, 36.7642936706543, 57.00360870361328, -1.7074636220932007, -24.818031311035156, 17.981443405151367, -18.65616798400879], [-5.971768856048584, 81.6495590209961, 7.346664905548096, 43.099891662597656, 196.94070434570312, 125.06636047363281, 110.19049072265625, 30.481992721557617, 27.619224548339844, 14.576601028442383, 53.9094352722168, -9.34032917022705, 49.98722839355469], [106.91837310791016, 3.258894205093384, -22.999282836914062, 1.5385266542434692, 125.06636047363281, 224.5203857421875, 165.45697021484375, 59.77979278564453, 19.322050094604492, 54.04344177246094, 81.47911071777344, 2.549365282058716, 47.00064468383789], [-76.53665161132812, 91.78756713867188, -65.00164794921875, -20.123920440673828, 110.19049072265625, 165.45697021484375, 208.70294189453125, 78.815185546875, 38.49072265625, 40.88032531738281, 88.62794494628906, -1.8237266540527344, 58.279884338378906], [-59.89751434326172, -69.13618469238281, 64.63850402832031, 36.7642936706543, 30.481992721557617, 59.77979278564453, 78.815185546875, 136.8959197998047, 84.16915130615234, 50.8370475769043, 30.532583236694336, 32.630374908447266, 21.054656982421875], [-321.8161315917969, 40.984046936035156, 99.00363159179688, 57.00360870361328, 27.619224548339844, 19.322050094604492, 38.49072265625, 84.16915130615234, 158.92930603027344, 60.63603591918945, 71.30746459960938, 52.00189971923828, 36.396644592285156], [-36.94685363769531, -39.914794921875, 15.614816665649414, -1.7074636220932007, 14.576601028442383, 54.04344177246094, 40.88032531738281, 50.8370475769043, 60.63603591918945, 96.92350006103516, 75.18224334716797, 41.879905700683594, 30.058555603027344], [-386.2067565917969, 129.2113800048828, -73.42671203613281, -24.818031311035156, 53.9094352722168, 81.47911071777344, 88.62794494628906, 30.532583236694336, 71.30746459960938, 75.18224334716797, 171.74615478515625, 54.768035888671875, 82.8124771118164], [-121.48333740234375, -45.44908905029297, 55.983978271484375, 17.981443405151367, -9.34032917022705, 2.549365282058716, -1.8237266540527344, 32.630374908447266, 52.00189971923828, 41.879905700683594, 54.768035888671875, 87.58936309814453, 37.456241607666016], [-220.7699737548828, 104.23346710205078, -74.89999389648438, -18.65616798400879, 49.98722839355469, 47.00064468383789, 58.279884338378906, 21.054656982421875, 36.396644592285156, 30.058555603027344, 82.8124771118164, 37.456241607666016, 102.7884750366211]], "lowlevel.gfcc.icov": [[0.0005769196432083845, 0.0004317845741752535, -0.00011641070159384981, -0.00019562923989724368, -0.00013507046969607472, -0.0003792247152887285, -0.0003265378763899207, 0.0005111049395054579, 0.0008759706397540867, -0.0010826797224581242, 0.0013006324879825115, 0.00016593176405876875, -0.00010143199324375018], [0.0004317845741752535, 0.005231488961726427, -0.0011471807956695557, 0.001971167977899313, -0.0006947171641513705, 0.002526681637391448, -0.0028258066158741713, 0.003879587398841977, -0.0027659765910357237, 0.0037731307093054056, -0.003816193901002407, 0.0059626903384923935, -0.004087997134774923], [-0.00011641070159384981, -0.0011471807956695557, 0.004404394421726465, -0.004010956734418869, -0.00015066188643686473, -0.0011808424023911357, 0.0007405199576169252, -0.00037965105730108917, -0.0011754805454984307, -0.0014711919939145446, 0.0029791751876473427, -0.004664897453039885, 0.003811947535723448], [-0.00019562923989724368, 0.001971167977899313, -0.004010956734418869, 0.011911873705685139, -0.0030223007779568434, 0.0006834664382040501, 0.0015459787100553513, -0.00028431389364413917, -0.0036451099440455437, 0.004804638680070639, -0.0026755998842418194, 0.0030176006257534027, -0.0018991170218214393], [-0.00013507046969607472, -0.0006947171641513705, -0.00015066188643686473, -0.0030223007779568434, 0.010649948380887508, -0.0043842969462275505, -0.0015324504347518086, 0.0008332092547789216, -0.0007138759829103947, 0.001361739938147366, -0.000309629860566929, 0.002576520200818777, -0.003555059665814042], [-0.0003792247152887285, 0.002526681637391448, -0.0011808424023911357, 0.0006834664382040501, -0.0043842969462275505, 0.01650729961693287, -0.010401626117527485, 0.0014932125341147184, 0.0017746834782883525, -0.002357969293370843, -0.004588513635098934, 0.0031964185182005167, -0.001344156451523304], [-0.0003265378763899207, -0.0028258066158741713, 0.0007405199576169252, 0.0015459787100553513, -0.0015324504347518086, -0.010401626117527485, 0.019893713295459747, -0.01029063668102026, 0.001048045582138002, 0.0028432670515030622, -0.003446891438215971, 0.0017424009274691343, 0.0002537391846999526], [0.0005111049395054579, 0.003879587398841977, -0.00037965105730108917, -0.00028431389364413917, 0.0008332092547789216, 0.0014932125341147184, -0.01029063668102026, 0.020770065486431122, -0.008877210319042206, -0.00315261073410511, 0.005052349530160427, -0.00014199041470419616, -0.0026258111465722322], [0.0008759706397540867, -0.0027659765910357237, -0.0011754805454984307, -0.0036451099440455437, -0.0007138759829103947, 0.0017746834782883525, 0.001048045582138002, -0.008877210319042206, 0.019267309457063675, -0.00785551406443119, -0.0005888361483812332, -0.0032952832989394665, 0.0010779419681057334], [-0.0010826797224581242, 0.0037731307093054056, -0.0014711919939145446, 0.004804638680070639, 0.001361739938147366, -0.002357969293370843, 0.0028432670515030622, -0.00315261073410511, -0.00785551406443119, 0.02932489663362503, -0.015119755640625954, 0.0025756042450666428, -0.001453034463338554], [0.0013006324879825115, -0.003816193901002407, 0.0029791751876473427, -0.0026755998842418194, -0.000309629860566929, -0.004588513635098934, -0.003446891438215971, 0.005052349530160427, -0.0005888361483812332, -0.015119755640625954, 0.026949984952807426, -0.012173928320407867, -0.0011295696021988988], [0.00016593176405876875, 0.0059626903384923935, -0.004664897453039885, 0.0030176006257534027, 0.002576520200818777, 0.0031964185182005167, 0.0017424009274691343, -0.00014199041470419616, -0.0032952832989394665, 0.0025756042450666428, -0.012173928320407867, 0.03146708384156227, -0.013460015878081322], [-0.00010143199324375018, -0.004087997134774923, 0.003811947535723448, -0.0018991170218214393, -0.003555059665814042, -0.001344156451523304, 0.0002537391846999526, -0.0026258111465722322, 0.0010779419681057334, -0.001453034463338554, -0.0011295696021988988, -0.013460015878081322, 0.024684924632310867]], "lowlevel.mfcc.cov": [[3608.19970703125, -653.5403442382812, 40.11319351196289, -18.94610595703125, -21.359251022338867, 114.88953399658203, 115.0024185180664, -85.90583801269531, 14.397250175476074, -4.897305011749268, -163.8892822265625, -157.88583374023438, -110.15081787109375], [-653.5403442382812, 540.5499877929688, -162.1415252685547, -68.44950103759766, -21.420289993286133, 33.703704833984375, 72.23043823242188, -17.549278259277344, -24.36239242553711, 6.500246047973633, -14.495315551757812, -1.127549409866333, -14.867026329040527], [40.11319351196289, -162.1415252685547, 482.58953857421875, 186.4803009033203, 88.3709487915039, -23.79526710510254, -133.6574249267578, 47.113433837890625, 44.55974578857422, -28.087631225585938, 63.857120513916016, 38.87963104248047, 18.593175888061523], [-18.94610595703125, -68.44950103759766, 186.4803009033203, 197.4248046875, 82.85025024414062, -33.840702056884766, -95.0838394165039, 22.30327796936035, 27.923444747924805, -25.503265380859375, 9.373902320861816, 6.001328468322754, -1.8141446113586426], [-21.359251022338867, -21.420289993286133, 88.3709487915039, 82.85025024414062, 138.14727783203125, 44.41970443725586, 3.6007602214813232, 29.739749908447266, 34.566871643066406, 9.1488618850708, 16.274139404296875, 21.482791900634766, 19.025714874267578], [114.88953399658203, 33.703704833984375, -23.79526710510254, -33.840702056884766, 44.41970443725586, 139.5334014892578, 126.01802825927734, 23.862451553344727, 19.856773376464844, 33.551979064941406, 6.200273513793945, 13.267512321472168, 18.041484832763672], [115.0024185180664, 72.23043823242188, -133.6574249267578, -95.0838394165039, 3.6007602214813232, 126.01802825927734, 247.8717803955078, 43.56412887573242, 32.692237854003906, 65.87650299072266, 3.4873270988464355, 12.739214897155762, 22.70105743408203], [-85.90583801269531, -17.549278259277344, 47.113433837890625, 22.30327796936035, 29.739749908447266, 23.862451553344727, 43.56412887573242, 96.33253479003906, 62.60520935058594, 30.56852912902832, 28.686391830444336, 29.402538299560547, 23.745403289794922], [14.397250175476074, -24.36239242553711, 44.55974578857422, 27.923444747924805, 34.566871643066406, 19.856773376464844, 32.692237854003906, 62.60520935058594, 100.32147216796875, 47.43948745727539, 30.299428939819336, 27.661697387695312, 23.278215408325195], [-4.897305011749268, 6.500246047973633, -28.087631225585938, -25.503265380859375, 9.1488618850708, 33.551979064941406, 65.87650299072266, 30.56852912902832, 47.43948745727539, 80.26233673095703, 32.19649124145508, 25.769145965576172, 21.9099063873291], [-163.8892822265625, -14.495315551757812, 63.857120513916016, 9.373902320861816, 16.274139404296875, 6.200273513793945, 3.4873270988464355, 28.686391830444336, 30.299428939819336, 32.19649124145508, 88.70106506347656, 57.2789306640625, 33.97677993774414], [-157.88583374023438, -1.127549409866333, 38.87963104248047, 6.001328468322754, 21.482791900634766, 13.267512321472168, 12.739214897155762, 29.402538299560547, 27.661697387695312, 25.769145965576172, 57.2789306640625, 84.64678955078125, 48.88127899169922], [-110.15081787109375, -14.867026329040527, 18.593175888061523, -1.8141446113586426, 19.025714874267578, 18.041484832763672, 22.70105743408203, 23.745403289794922, 23.278215408325195, 21.9099063873291, 33.97677993774414, 48.88127899169922, 79.85892486572266]], "lowlevel.mfcc.icov": [[0.0005298424512147903, 0.0007278110133484006, -0.00017320447659585625, 1.583276934979949e-05, 0.00023368117399513721, -0.0005067826132290065, -0.00042196374852210283, 0.000933766714297235, -0.0006529495003633201, -6.821694842074066e-05, 0.0008516412926837802, 0.00017848852439783514, 0.0005455742939375341], [0.0007278110133484006, 0.003126981435343623, 0.0004433156573213637, -1.4217056559573393e-05, 0.00025436640135012567, -0.0009673278545960784, -0.0008676806464791298, 0.001379102817736566, -0.000635799893643707, 0.00022045795049052685, 0.0010212064953520894, -0.000447486323537305, 0.0014412711607292295], [-0.00017320447659585625, 0.0004433156573213637, 0.004522006027400494, -0.0028629309963434935, 4.1002997022587806e-05, -0.0017379887867718935, 0.002086982363834977, -0.0015383486170321703, -0.000300412270007655, 0.0016788070788607001, -0.0032086861319839954, 0.00010774553811643273, -0.00010102347732754424], [1.583276934979949e-05, -1.4217056559573393e-05, -0.0028629309963434935, 0.012147236615419388, -0.0061119310557842255, 0.0026915099006146193, 0.0017095981165766716, -0.0008993602823466063, -0.002065161941573024, 0.0016329851932823658, 0.001550332410261035, 0.0002618626458570361, 0.000925265543628484], [0.00023368117399513721, 0.00025436640135012567, 4.1002997022587806e-05, -0.0061119310557842255, 0.013641209341585636, -0.006508642341941595, 0.0010350299999117851, 0.00010810274397954345, -0.0016249031759798527, -0.00038159103132784367, 0.0007139974040910602, -0.0010636696824803948, -0.0009589435067027807], [-0.0005067826132290065, -0.0009673278545960784, -0.0017379887867718935, 0.0026915099006146193, -0.006508642341941595, 0.017791202291846275, -0.008467468433082104, 0.0004584924317896366, 0.0013782749883830547, -0.00015749147860333323, 0.00018113238911610097, -0.00045286084059625864, -0.000769758247770369], [-0.00042196374852210283, -0.0008676806464791298, 0.002086982363834977, 0.0017095981165766716, 0.0010350299999117851, -0.008467468433082104, 0.012457901611924171, -0.004971041344106197, 0.0007441575289703906, -0.003972136415541172, 0.00019823905313387513, 0.0005123044247739017, -0.001112555037252605], [0.000933766714297235, 0.001379102817736566, -0.0015383486170321703, -0.0008993602823466063, 0.00010810274397954345, 0.0004584924317896366, -0.004971041344106197, 0.021745959296822548, -0.011564557440578938, 0.00178136199247092, 0.0005292027490213513, -0.0017391523579135537, 0.00042182416655123234], [-0.0006529495003633201, -0.000635799893643707, -0.000300412270007655, -0.002065161941573024, -0.0016249031759798527, 0.0013782749883830547, 0.0007441575289703906, -0.011564557440578938, 0.023364175111055374, -0.010544022545218468, -0.0005089325131848454, -0.00017990900960285217, -0.0012841048883274198], [-6.821694842074066e-05, 0.00022045795049052685, 0.0016788070788607001, 0.0016329851932823658, -0.00038159103132784367, -0.00015749147860333323, -0.003972136415541172, 0.00178136199247092, -0.010544022545218468, 0.025526702404022217, -0.007260152604430914, -3.382270733709447e-05, -0.0005012117326259613], [0.0008516412926837802, 0.0010212064953520894, -0.0032086861319839954, 0.001550332410261035, 0.0007139974040910602, 0.00018113238911610097, 0.00019823905313387513, 0.0005292027490213513, -0.0005089325131848454, -0.007260152604430914, 0.025684993714094162, -0.012963383458554745, 0.0008694659336470068], [0.00017848852439783514, -0.000447486323537305, 0.00010774553811643273, 0.0002618626458570361, -0.0010636696824803948, -0.00045286084059625864, 0.0005123044247739017, -0.0017391523579135537, -0.00017990900960285217, -3.382270733709447e-05, -0.012963383458554745, 0.027930930256843567, -0.01064831018447876], [0.0005455742939375341, 0.0014412711607292295, -0.00010102347732754424, 0.000925265543628484, -0.0009589435067027807, -0.000769758247770369, -0.001112555037252605, 0.00042182416655123234, -0.0012841048883274198, -0.0005012117326259613, 0.0008694659336470068, -0.01064831018447876, 0.02084033004939556]], "metadata.audio_properties.analysis.downmix": "mix", "metadata.audio_properties.codec": "mp3", "metadata.audio_properties.md5_encoded": "639a708976dfa596b667ec1536f9b588", "metadata.tags.file_name": "1183696697533136926.mp3", "metadata.version.essentia": "2.1-beta6-dev", "metadata.version.essentia_git_sha": "v2.1_beta5-1110-g77a6a954", "metadata.version.extractor": "music 2.0", "tonal.chords_key": "F#", "tonal.chords_scale": "minor", "tonal.key_edma.key": "D", "tonal.key_edma.scale": "major", "tonal.key_krumhansl.key": "D", "tonal.key_krumhansl.scale": "major", "tonal.key_temperley.key": "D", "tonal.key_temperley.scale": "major", "metadata.tags.encoding": ["Lavf58.45.100"]}, "essentia_models": [{"model_name": "genre_dortmund", "activations": {"alternative": "0.010009074", "blues": "0.0005800953", "electronic": "0.21637107", "folkcountry": "0.023496337", "funksoulrnb": "0.011054078", "jazz": "0.005820247", "pop": "0.4676829", "raphiphop": "0.039300513", "rock": "0.035690047"}}, {"model_name": "genre_rosamerica", "activations": {"classic": "0.0006674231", "dance": "0.9930427", "hip hop": "0.001875132", "jazz": "0.0010057983", "pop": "0.044553995", "rhythm and blues": "0.0013262539", "rock": "0.00031898188", "speech": "0.0007871586"}}, {"model_name": "genre_tzanetakis", "activations": {"blues": "0.0001338928", "classic": "0.00088073895", "country": "0.010606805", "disco": "0.11469409", "hip hop": "0.014240841", "jazz": "0.00077989197", "metal": "0.0012301616", "pop": "0.2544402", "reggae": "0.0738