{"song_id": "1183646733092278343", "download": "https://cdn.discordapp.com/attachments/1135903449314238464/1183646733092278343/chirp.mp4?ex=658917ec&amp", "lyrics": "Oh, there's a chubby seal with a zestful appeal,\nWiggling on the shore, she's got that jiggle galore.\nLoves her chili so hot, in a big bubbling pot,\nLil' seal, Lil' seal, round, silky, thousand-kissed seal!", "style": ["Soft Rock</span><span>, female vocal"], "essentia_features": {"lowlevel.average_loudness": 0.9687842726707458, "lowlevel.barkbands_crest.mean": 18.07587242126465, "lowlevel.barkbands_crest.stdev": 3.9539694786071777, "lowlevel.barkbands_flatness_db.mean": 0.3156401216983795, "lowlevel.barkbands_flatness_db.stdev": 0.06395739316940308, "lowlevel.barkbands_kurtosis.mean": 53.986610412597656, "lowlevel.barkbands_kurtosis.stdev": 65.39579772949219, "lowlevel.barkbands_skewness.mean": 5.225218296051025, "lowlevel.barkbands_skewness.stdev": 3.130483388900757, "lowlevel.barkbands_spread.mean": 8.760980606079102, "lowlevel.barkbands_spread.stdev": 12.342360496520996, "lowlevel.dissonance.mean": 0.4408264756202698, "lowlevel.dissonance.stdev": 0.04782058298587799, "lowlevel.dynamic_complexity": 2.473884105682373, "lowlevel.erbbands_crest.mean": 12.985694885253906, "lowlevel.erbbands_crest.stdev": 4.616827011108398, "lowlevel.erbbands_flatness_db.mean": 0.20351557433605194, "lowlevel.erbbands_flatness_db.stdev": 0.04347040504217148, "lowlevel.erbbands_kurtosis.mean": 3.3076679706573486, "lowlevel.erbbands_kurtosis.stdev": 6.824031352996826, "lowlevel.erbbands_skewness.mean": 0.9692081212997437, "lowlevel.erbbands_skewness.stdev": 1.5189456939697266, "lowlevel.erbbands_spread.mean": 58.37834167480469, "lowlevel.erbbands_spread.stdev": 46.35457229614258, "lowlevel.hfc.mean": 17.80602264404297, "lowlevel.hfc.stdev": 19.37644386291504, "lowlevel.loudness_ebu128.integrated": -19.20102882385254, "lowlevel.loudness_ebu128.loudness_range": 3.0699234008789062, "lowlevel.loudness_ebu128.momentary.mean": -19.502883911132812, "lowlevel.loudness_ebu128.momentary.stdev": 1.6372056007385254, "lowlevel.loudness_ebu128.short_term.mean": -19.45264434814453, "lowlevel.loudness_ebu128.short_term.stdev": 1.0759179592132568, "lowlevel.melbands_crest.mean": 25.598398208618164, "lowlevel.melbands_crest.stdev": 5.048726558685303, "lowlevel.melbands_flatness_db.mean": 0.39333459734916687, "lowlevel.melbands_flatness_db.stdev": 0.07955754548311234, "lowlevel.melbands_kurtosis.mean": 138.96141052246094, "lowlevel.melbands_kurtosis.stdev": 142.47113037109375, "lowlevel.melbands_skewness.mean": 7.988563537597656, "lowlevel.melbands_skewness.stdev": 4.6962690353393555, "lowlevel.melbands_spread.mean": 6.234776973724365, "lowlevel.melbands_spread.stdev": 12.255132675170898, "lowlevel.pitch_salience.mean": 0.29048582911491394, "lowlevel.pitch_salience.stdev": 0.12539876997470856, "lowlevel.silence_rate_20dB.mean": 0.9975903630256653, "lowlevel.silence_rate_20dB.stdev": 0.049028877168893814, "lowlevel.silence_rate_30dB.mean": 0.7927711009979248, "lowlevel.silence_rate_30dB.stdev": 0.40532079339027405, "lowlevel.silence_rate_60dB.mean": 0.014457831159234047, "lowlevel.silence_rate_60dB.stdev": 0.119367815554142, "lowlevel.spectral_centroid.mean": 556.6205444335938, "lowlevel.spectral_centroid.stdev": 480.6328125, "lowlevel.spectral_complexity.mean": 6.75421667098999, "lowlevel.spectral_complexity.stdev": 3.4504871368408203, "lowlevel.spectral_decrease.mean": -1.839193508601511e-08, "lowlevel.spectral_decrease.stdev": 1.3582135416356778e-08, "lowlevel.spectral_energy.mean": 0.07103044539690018, "lowlevel.spectral_energy.stdev": 0.0520608089864254, "lowlevel.spectral_energyband_high.mean": 0.0007975513581186533, "lowlevel.spectral_energyband_high.stdev": 0.002001966582611203, "lowlevel.spectral_energyband_low.mean": 0.06091878563165665, "lowlevel.spectral_energyband_low.stdev": 0.047274667769670486, "lowlevel.spectral_energyband_middle_high.mean": 0.002876129699870944, "lowlevel.spectral_energyband_middle_high.stdev": 0.007316553965210915, "lowlevel.spectral_energyband_middle_low.mean": 0.007976558059453964, "lowlevel.spectral_energyband_middle_low.stdev": 0.009537599980831146, "lowlevel.spectral_entropy.mean": 6.733265399932861, "lowlevel.spectral_entropy.stdev": 0.6476023197174072, "lowlevel.spectral_flux.mean": 0.07306832075119019, "lowlevel.spectral_flux.stdev": 0.05945628508925438, "lowlevel.spectral_kurtosis.mean": 4.08252477645874, "lowlevel.spectral_kurtosis.stdev": 3.8978374004364014, "lowlevel.spectral_rms.mean": 0.00778212258592248, "lowlevel.spectral_rms.stdev": 0.0029557752422988415, "lowlevel.spectral_rolloff.mean": 403.21649169921875, "lowlevel.spectral_rolloff.stdev": 1023.1073608398438, "lowlevel.spectral_skewness.mean": 1.5849928855895996, "lowlevel.spectral_skewness.stdev": 0.7383543848991394, "lowlevel.spectral_spread.mean": 5295260.5, "lowlevel.spectral_spread.stdev": 2488743.75, "lowlevel.spectral_strongpeak.mean": 1.0948024988174438, "lowlevel.spectral_strongpeak.stdev": 0.588782012462616, "lowlevel.zerocrossingrate.mean": 0.021631447598338127, "lowlevel.zerocrossingrate.stdev": 0.0225693192332983, "metadata.audio_properties.analysis.equal_loudness": 0.0, "metadata.audio_properties.analysis.length": 9.599977493286133, "metadata.audio_properties.analysis.sample_rate": 44100.0, "metadata.audio_properties.analysis.start_time": 0.0, "metadata.audio_properties.bit_rate": 112798.0, "metadata.audio_properties.length": 9.600000381469727, "metadata.audio_properties.lossless": 0.0, "metadata.audio_properties.number_channels": 1.0, "metadata.audio_properties.replay_gain": -4.819974899291992, "metadata.audio_properties.sample_rate": 48000.0, "rhythm.beats_count": 22.0, "rhythm.beats_loudness.mean": 0.1370379626750946, "rhythm.beats_loudness.stdev": 0.05889345332980156, "rhythm.bpm": 139.73318481445312, "rhythm.bpm_histogram_first_peak_bpm": 140.0, "rhythm.bpm_histogram_first_peak_weight": 0.5714285373687744, "rhythm.bpm_histogram_second_peak_bpm": 0.0, "rhythm.bpm_histogram_second_peak_spread": 0.0, "rhythm.bpm_histogram_second_peak_weight": 0.0, "rhythm.danceability": 1.1120043992996216, "rhythm.onset_rate": 4.889181613922119, "tonal.chords_changes_rate": 0.08653846383094788, "tonal.chords_number_rate": 0.03365384787321091, "tonal.chords_strength.mean": 0.5180745124816895, "tonal.chords_strength.stdev": 0.05712767690420151, "tonal.hpcp_crest.mean": 14.410134315490723, "tonal.hpcp_crest.stdev": 5.254990100860596, "tonal.hpcp_entropy.mean": 1.8011666536331177, "tonal.hpcp_entropy.stdev": 0.7049826979637146, "tonal.key_edma.strength": 0.6463695168495178, "tonal.key_krumhansl.strength": 0.6335309147834778, "tonal.key_temperley.strength": 0.5813256502151489, "tonal.tuning_diatonic_strength": 0.5122999548912048, "tonal.tuning_equal_tempered_deviation": 0.13812990486621857, "tonal.tuning_frequency": 441.0177917480469, "tonal.tuning_nontempered_energy_ratio": 0.7101941704750061, "lowlevel.barkbands.mean": [2.1349600501707755e-05, 0.019010426476597786, 0.04039536416530609, 0.003643233561888337, 0.002245205920189619, 0.0003003491729032248, 0.0005602434976026416, 0.0007504169479943812, 0.0003987987292930484, 0.0009444589959457517, 0.00036995101254433393, 0.0008591809310019016, 0.0003691368328873068, 6.892227247590199e-05, 3.7413661630125716e-05, 7.348658255068585e-05, 0.000127047547721304, 2.531508289393969e-05, 1.2017873814329505e-05, 5.220220555202104e-05, 0.00013457717432174832, 9.129555110121146e-05, 5.404256808105856e-05, 0.00042201674659736454, 4.897317921859212e-05, 1.507046545157209e-05, 3.5788090269051054e-09], "lowlevel.barkbands.stdev": [8.4611056081485e-05, 0.02001788839697838, 0.04007061943411827, 0.006538265850394964, 0.0026744650676846504, 0.0015311563620343804, 0.00141417037229985, 0.0027672385331243277, 0.0015240904176607728, 0.0037228581495583057, 0.0013196093495935202, 0.0037804499734193087, 0.0015001525171101093, 0.00021195466979406774, 9.088226943276823e-05, 0.0003242387028876692, 0.0005483977147378027, 8.752827125135809e-05, 3.7413014069898054e-05, 0.0001171142648672685, 0.0002196029672631994, 0.00017182492592837662, 0.00015033542877063155, 0.0014665405033156276, 0.00016542278171982616, 5.5143045756267384e-05, 3.122575975567088e-08], "lowlevel.erbbands.mean": [0.1208181232213974, 6.332624435424805, 44.72535705566406, 23.334102630615234, 11.9630765914917, 6.356044769287109, 5.150383949279785, 1.4885241985321045, 4.164805889129639, 12.354671478271484, 18.15392303466797, 9.331543922424316, 16.866985321044922, 30.020132064819336, 16.19623565673828, 35.63903045654297, 16.691984176635742, 7.992043495178223, 3.0301668643951416, 2.4984824657440186, 4.972308158874512, 6.426908016204834, 2.2378385066986084, 0.6424576640129089, 0.9064909815788269, 2.4055538177490234, 4.081099510192871, 6.1298394203186035, 4.126621246337891, 0.6668757200241089, 1.965630054473877, 10.017655372619629, 5.006834030151367, 0.7906466722488403, 0.29570460319519043, 0.11984342336654663, 0.017175588756799698, 0.000823444512207061, 6.026709888828918e-05, 8.22226211312227e-05], "lowlevel.erbbands.stdev": [0.13700485229492188, 5.641551494598389, 40.33847427368164, 23.194934844970703, 18.072006225585938, 7.782240390777588, 20.69208526611328, 4.01157283782959, 13.645330429077148, 24.62403106689453, 76.77286529541016, 36.231651306152344, 59.552860260009766, 102.68624114990234, 42.72169494628906, 158.9380645751953, 61.81681442260742, 26.78537940979004, 8.487842559814453, 6.893334865570068, 22.73834228515625, 22.14885711669922, 7.690983772277832, 1.6818500757217407, 2.623835325241089, 5.828042984008789, 6.405535697937012, 10.130616188049316, 7.5058674812316895, 1.360108494758606, 5.391273021697998, 33.7720947265625, 18.222742080688477, 2.6878721714019775, 1.0687220096588135, 0.44952577352523804, 0.06572674959897995, 0.0035927665885537863, 0.00010515916073927656, 5.962236537015997e-05], "lowlevel.gfcc.mean": [-70.18630981445312, 115.39875030517578, -72.73641204833984, 69.58460998535156, -49.20340347290039, 37.61049270629883, -20.95627212524414, -4.160768508911133, -20.680892944335938, -9.695940017700195, -15.660138130187988, -17.33700942993164, -2.0350823402404785], "lowlevel.melbands.mean": [0.003002787008881569, 0.01732630655169487, 0.00412957277148962, 0.0006118631572462618, 0.00018923376046586782, 3.5704972106032073e-05, 8.09420453151688e-05, 0.0001369867823086679, 0.00014186257612891495, 5.3479809139389545e-05, 9.492690151091665e-05, 0.00013458228204399347, 4.576612627715804e-05, 9.803184366319329e-05, 5.7067343732342124e-05, 3.7970890844007954e-05, 1.0869027391890995e-05, 5.195936864765827e-06, 2.4396449589403346e-06, 4.194493612885708e-06, 6.539666173921432e-06, 7.238692433020333e-06, 4.294825885153841e-06, 7.339720013987971e-07, 4.600141210175934e-07, 4.69853233653339e-07, 1.1245542737015057e-06, 1.6419227222286281e-06, 2.242887376269209e-06, 3.5108159863739274e-06, 3.4593456348375184e-06, 2.925238504758454e-06, 6.864268584649835e-07, 1.8944066937365278e-07, 4.21832879737849e-07, 3.3238507057831157e-06, 7.588793778268155e-06, 4.502224783209385e-06, 1.0085658459502156e-06, 5.024517122365069e-07], "lowlevel.melbands.stdev": [0.0033755770418792963, 0.01384660229086876, 0.0038918890058994293, 0.000724894052837044, 0.0005820501828566194, 0.0001298068673349917, 0.00024166033836081624, 0.0002701884077396244, 0.0006214663735590875, 0.0002143714955309406, 0.0003467568021733314, 0.00048049644101411104, 0.00014110389747656882, 0.00037364469608291984, 0.00035620061680674553, 0.0001683807058725506, 3.3477765100542456e-05, 1.6919730114750564e-05, 5.8187401918985415e-06, 1.78008085640613e-05, 3.4694669011514634e-05, 2.6950650863000192e-05, 1.62463456945261e-05, 1.7993614847000572e-06, 1.3963954188511707e-06, 1.5938536535031744e-06, 3.790261416725116e-06, 3.6408232517715078e-06, 3.5405241760599893e-06, 6.153904450911796e-06, 5.952712399448501e-06, 5.568805136135779e-06, 1.3675289665115997e-06, 4.684582677327853e-07, 1.2209958413222921e-06, 9.530464922136161e-06, 2.708960892050527e-05, 1.669225821387954e-05, 4.096511020179605e-06, 1.6726645526432549e-06], "lowlevel.melbands128.mean": [1.1276740224275272e-05, 4.2054416553582996e-05, 0.0020760998595505953, 0.012492035515606403, 0.02499222755432129, 0.016685357317328453, 0.004178517032414675, 0.002006537513807416, 0.0010641501285135746, 0.0005231295945122838, 0.0002994379319716245, 0.00021635505254380405, 0.00020548062457237393, 8.795253233984113e-05, 2.7147676519234665e-05, 7.811492650944274e-06, 1.716773294901941e-05, 8.722659549675882e-05, 0.00017089518951252103, 0.00014522462151944637, 0.00010520438809180632, 0.00015410874038934708, 0.00019301621068734676, 6.973669223953038e-05, 4.0003073081607e-05, 5.917446469538845e-05, 4.462039942154661e-05, 4.757315036840737e-05, 0.0001806260843295604, 0.0002204107731813565, 7.70121332607232e-05, 6.742636469425634e-05, 3.642337105702609e-05, 3.6636927688959986e-05, 6.14212331129238e-05, 0.00015534284466411918, 9.048580977832898e-05, 6.518916779896244e-05, 2.2594882466364652e-05, 2.1652065697708167e-05, 6.423437298508361e-05, 2.5855591957224533e-05, 5.8577315940056e-06, 4.2555166146485135e-06, 6.614359335799236e-06, 5.955706910754088e-06, 2.9744844596280018e-06, 1.5801749668753473e-06, 2.545634970374522e-06, 3.5056086744589265e-06, 4.98161625728244e-06, 4.213984084344702e-06, 4.302406068745768e-06, 8.683867235959042e-06, 9.414376108907163e-06, 6.079557806515368e-06, 6.497340109490324e-06, 6.45998215986765e-06, 3.0269775379565544e-06, 9.963770253307302e-07, 6.695722163385653e-07, 4.1972720055127866e-07, 4.099262014278793e-07, 4.910750135422859e-07, 5.087143222226587e-07, 4.684465864102094e-07, 4.1758883639886335e-07, 5.883737230760744e-07, 1.3266175074022613e-06, 1.875526322692167e-06, 1.2977536698599579e-06, 1.6997374814309296e-06, 2.318155338798533e-06, 2.255753997815191e-06, 2.1579564872808987e-06, 3.2601603834336856e-06, 4.342757620179327e-06, 4.11392966270796e-06, 3.013834430021234e-06, 3.0202511425159173e-06, 3.8219732232391834e-06, 2.8602203201444354e-06, 1.0599370625641313e-06, 4.532211903551797e-07, 3.099911793924548e-07, 2.412517972061323e-07, 1.1990888992841064e-07, 1.354313070578428e-07, 1.9016653141079587e-07, 6.216588985807903e-07, 2.0999550542910583e-06, 3.694386123243021e-06, 5.958529527561041e-06, 7.869456567277666e-06, 9.51070887822425e-06, 5.744820555264596e-06, 3.6471892599365674e-06, 2.0465283796511358e-06, 7.866846658544091e-07, 5.899280495214043e-07, 5.619929197564488e-07, 5.075369813312136e-07, 4.259054264821316e-07, 3.220877715648385e-07, 3.0376571658052853e-07, 3.066029989895469e-07, 3.1410081646754406e-07, 2.2262767629399605e-07, 2.1706813413402415e-07, 1.964186111536037e-07, 8.46934824494383e-08, 4.747969484242276e-08, 4.3842611319178104e-08, 3.273946802551109e-08, 9.718692517424188e-09, 2.5119577529153503e-09, 1.1573693392552542e-10, 1.525141991864931e-11, 5.523519575750813e-12, 5.367014558471661e-12, 5.226873187741399e-12, 5.1538521714245e-12, 5.047144559927608e-12, 4.9445326305574966e-12, 4.72230501230575e-12, 4.395795793338264e-12, 4.2152796010663796e-12, 4.172062435109369e-12], "lowlevel.melbands128.stdev": [4.234045263729058e-05, 7.496551552321762e-05, 0.0033142713364213705, 0.012647636234760284, 0.020975254476070404, 0.01683063432574272, 0.004655007738620043, 0.003588686930015683, 0.0018974152626469731, 0.0007592509500682354, 0.0004012611461803317, 0.0004705449682660401, 0.001023291377350688, 0.00044546404387801886, 4.105282641830854e-05, 1.3959347597847227e-05, 7.29028251953423e-05, 0.00038199269329197705, 0.00046142362407408655, 0.000373628456145525, 0.00030654986039735377, 0.000726403493899852, 0.0010307114571332932, 0.0003877333947457373, 0.0003314221976324916, 0.0002738181210588664, 0.0002681044861674309, 0.00029173295479267836, 0.0008085735607892275, 0.0010151959722861648, 0.0003866669430863112, 0.0003077663423027843, 0.00014627972268499434, 0.00018943518807645887, 0.00023110266192816198, 0.0007078684284351766, 0.0006888638599775732, 0.0005696205189451575, 0.000153335218783468, 0.00011732007988030091, 0.00034288977622054517, 9.947208309313282e-05, 2.5218232622137293e-05, 2.1305226255208254e-05, 3.1620416848454624e-05, 2.0635545297409408e-05, 1.1138808076793794e-05, 5.184649580769474e-06, 8.66103800944984e-06, 1.0379409104643855e-05, 3.0132028769003227e-05, 2.4069093342404813e-05, 1.734390934871044e-05, 6.69653745717369e-05, 7.641822594450787e-05, 1.4325960364658386e-05, 2.0783039872185327e-05, 3.075983840972185e-05, 1.4941721019567922e-05, 3.096646423728089e-06, 2.3068630525813205e-06, 9.995424079534132e-07, 1.2747002529067686e-06, 1.7100744571507676e-06, 2.039762648564647e-06, 1.906641273308196e-06, 1.2959034165760386e-06, 1.9158680970576825e-06, 4.88558998767985e-06, 8.002315553312656e-06, 3.503153720885166e-06, 2.960086931125261e-06, 4.136467850912595e-06, 4.3427926357253455e-06, 4.4865432755614165e-06, 6.585392384295119e-06, 8.020130735530984e-06, 8.609828000771813e-06, 5.907832473894814e-06, 6.47886554361321e-06, 8.100609193206765e-06, 5.989733836031519e-06, 2.233852910649148e-06, 1.0399176062492188e-06, 7.534741826020763e-07, 9.015702175929619e-07, 3.366822909356415e-07, 3.645561719167745e-07, 6.66635287416284e-07, 2.057740857708268e-06, 7.111887043720344e-06, 1.037174206430791e-05, 1.9495402739266865e-05, 3.0386549042304978e-05, 3.92658039345406e-05, 2.179777766286861e-05, 1.335366687271744e-05, 8.92236039362615e-06, 3.842962541966699e-06, 2.4675550776009914e-06, 2.0285226582927862e-06, 1.7472731315137935e-06, 1.7548672985867597e-06, 1.306515855503676e-06, 1.4196766642271541e-06, 1.2484241551646846e-06, 1.267817197003751e-06, 9.164342600342934e-07, 9.316268005932216e-07, 8.150406074491912e-07, 3.2967693641694495e-07, 2.154717293478825e-07, 2.2241660246891115e-07, 1.7934243601303024e-07, 5.499383703977401e-08, 2.0016013735357774e-08, 1.2854428632635972e-09, 1.738138383222676e-10, 9.412174165057685e-12, 9.179609329612592e-12, 8.955114427777744e-12, 8.762406598916694e-12, 8.587486624578311e-12, 8.433346902758654e-12, 8.318706834486989e-12, 8.220657661539565e-12, 8.149037868110387e-12, 8.104340983028369e-12], "lowlevel.mfcc.mean": [-722.1553955078125, 128.0853729248047, 46.93500900268555, 42.293418884277344, 16.637788772583008, 36.23487091064453, 18.884395599365234, 6.412837028503418, 16.68964195251465, -5.37044095993042, -11.596406936645508, 21.297067642211914, -10.561549186706543], "lowlevel.spectral_contrast_coeffs.mean": [-0.5739513039588928, -0.7401139140129089, -0.766340434551239, -0.8069972991943359, -0.7936908006668091, -0.7115774154663086], "lowlevel.spectral_contrast_coeffs.stdev": [0.05904538556933403, 0.0935731828212738, 0.09397441893815994, 0.06193555146455765, 0.05298318713903427, 0.04887776076793671], "lowlevel.spectral_contrast_valleys.mean": [-6.9192795753479, -8.062356948852539, -8.396626472473145, -8.822907447814941, -8.728777885437012, -11.14852237701416], "lowlevel.spectral_contrast_valleys.stdev": [0.8164319396018982, 0.7781910300254822, 0.8327280879020691, 0.7178764939308167, 0.7016481757164001, 1.0308573246002197], "rhythm.beats_loudness_band_ratio.mean": [0.9480915069580078, 0.03661205992102623, 0.005396560300141573, 0.011016332544386387, 0.002513858722522855, 0.005146614741533995], "rhythm.beats_loudness_band_ratio.stdev": [0.04224345460534096, 0.028262140229344368, 0.008202798664569855, 0.028885161504149437, 0.0031473066192120314, 0.009673705324530602], "tonal.hpcp.mean": [0.5188963413238525, 0.2463034987449646, 0.03965577110648155, 0.027482539415359497, 0.012295358814299107, 0.008711695671081543, 0.010482477024197578, 0.011653678491711617, 0.023133601993322372, 0.028823964297771454, 0.018278883770108223, 0.013452481478452682, 0.013419419527053833, 0.017859332263469696, 0.033099912106990814, 0.03699880465865135, 0.024885257706046104, 0.019084151834249496, 0.01061314344406128, 0.008905009366571903, 0.02698674611747265, 0.02972516231238842, 0.02603558637201786, 0.16830934584140778, 0.30413657426834106, 0.1789393573999405, 0.033640582114458084, 0.007751643657684326, 0.014809831976890564, 0.024444956332445145, 0.031209200620651245, 0.022792113944888115, 0.007162412628531456, 0.011350625194609165, 0.03136621415615082, 0.31751883029937744], "tonal.hpcp.stdev": [0.48309606313705444, 0.27006933093070984, 0.15686209499835968, 0.11819121241569519, 0.06552692502737045, 0.05083740875124931, 0.048246998339891434, 0.057300060987472534, 0.05635992810130119, 0.06220027059316635, 0.07843443751335144, 0.08369772881269455, 0.08659186959266663, 0.09219491481781006, 0.12979665398597717, 0.1503542959690094, 0.10074388980865479, 0.11373494565486908, 0.062260810285806656, 0.05067112669348717, 0.11937712877988815, 0.10770900547504425, 0.11560161411762238, 0.2653806209564209, 0.44625452160835266, 0.2788856327533722, 0.15634150803089142, 0.04036146402359009, 0.10982684791088104, 0.12757159769535065, 0.15754477679729462, 0.12301215529441833, 0.04511042684316635, 0.07615510374307632, 0.12465738505125046, 0.33020877838134766], "rhythm.beats_position": [0.3831292390823364, 0.8010883927345276, 1.2306575775146484, 1.6602267026901245, 2.0897958278656006, 2.5077550411224365, 2.937324285507202, 3.3668932914733887, 3.7848525047302246, 4.2028117179870605, 4.643990993499756, 5.073559761047363, 5.503129005432129, 5.944308280944824, 6.3854875564575195, 6.826666355133057, 7.244625568389893, 7.685804843902588, 8.115373611450195, 8.544942855834961, 8.986122131347656, 9.404081344604492], "rhythm.bpm_histogram": [0.0, 0.0, 0.0, 0.0, 0.0, 0.0, 0.0, 0.0, 0.0, 0.0, 0.0, 0.0, 0.0, 0.0, 0.0, 0.0, 0.0, 0.0, 0.0, 0.0, 0.0, 0.0, 0.0, 0.0, 0.0, 0.0, 0.0, 0.0, 0.0, 0.0, 0.0, 0.0, 0.0, 0.0, 0.0, 0.0, 0.0, 0.0, 0.0, 0.0, 0.0, 0.0, 0.0, 0.0, 0.0, 0.0, 0.0, 0.0, 0.0, 0.0, 0.0, 0.0, 0.0, 0.0, 0.0, 0.0, 0.0, 0.0, 0.0, 0.0, 0.0, 0.0, 0.0, 0.0, 0.0, 0.0, 0.0, 0.0, 0.0, 0.0, 0.0, 0.0, 0.0, 0.0, 0.0, 0.0, 0.0, 0.0, 0.0, 0.0, 0.0, 0.0, 0.0, 0.0, 0.0, 0.0, 0.0, 0.0, 0.0, 0.0, 0.0, 0.0, 0.0, 0.0, 0.0, 0.0, 0.0, 0.0, 0.0, 0.0, 0.0, 0.0, 0.0, 0.0, 0.0, 0.0, 0.0, 0.0, 0.0, 0.0, 0.0, 0.0, 0.0, 0.0, 0.0, 0.0, 0.0, 0.0, 0.0, 0.0, 0.0, 0.0, 0.0, 0.0, 0.0, 0.0, 0.0, 0.0, 0.0, 0.0, 0.0, 0.0, 0.0, 0.0, 0.0, 0.0, 0.2857142984867096, 0.0, 0.0, 0.0, 0.4285714328289032, 0.0, 0.0, 0.0, 0.2857142984867096, 0.0, 0.0, 0.0, 0.0, 0.0, 0.0, 0.0, 0.0, 0.0, 0.0, 0.0, 0.0, 0.0, 0.0, 0.0, 0.0, 0.0, 0.0, 0.0, 0.0, 0.0, 0.0, 0.0, 0.0, 0.0, 0.0, 0.0, 0.0, 0.0, 0.0, 0.0, 0.0, 0.0, 0.0, 0.0, 0.0, 0.0, 0.0, 0.0, 0.0, 0.0, 0.0, 0.0, 0.0, 0.0, 0.0, 0.0, 0.0, 0.0, 0.0, 0.0, 0.0, 0.0, 0.0, 0.0, 0.0, 0.0, 0.0, 0.0, 0.0, 0.0, 0.0, 0.0, 0.0, 0.0, 0.0, 0.0, 0.0, 0.0, 0.0, 0.0, 0.0, 0.0, 0.0, 0.0, 0.0, 0.0, 0.0, 0.0, 0.0, 0.0, 0.0, 0.0, 0.0, 0.0, 0.0, 0.0, 0.0, 0.0, 0.0, 0.0, 0.0, 0.0, 0.0, 0.0, 0.0, 0.0, 0.0, 0.0, 0.0, 0.0, 0.0, 0.0, 0.0, 0.0], "tonal.chords_histogram": [30.288461685180664, 6.730769157409668, 0.0, 0.0, 0.0, 0.0, 0.0, 5.769230842590332, 15.384614944458008, 19.230770111083984, 1.923076868057251, 0.0, 0.0, 0.0, 0.0, 0.0, 0.9615384340286255, 0.0, 0.0, 0.0, 0.0, 0.0, 0.0, 19.711538314819336], "tonal.thpcp": [1.0, 0.474668025970459, 0.07642330229282379, 0.05296344682574272, 0.023695211857557297, 0.016788894310593605, 0.020201485604047775, 0.02245858684182167, 0.044582318514585495, 0.05554859712719917, 0.03522646427154541, 0.025925179943442345, 0.0258614644408226, 0.03441791981458664, 0.06378906220197678, 0.0713028833270073, 0.04795805364847183, 0.03677834942936897, 0.020453302189707756, 0.01716144196689129, 0.052007973194122314, 0.057285357266664505, 0.050174929201602936, 0.3243602514266968, 0.5861220359802246, 0.34484606981277466, 0.06483102589845657, 0.014938713051378727, 0.028541022911667824, 0.04710951820015907, 0.06014534831047058, 0.04392421245574951, 0.013803166337311268, 0.021874552592635155, 0.06044793874025345, 0.6119118928909302], "lowlevel.gfcc.cov": [[4609.81787109375, -295.6601257324219, -152.1235809326172, 10.200242042541504, -231.53843688964844, 434.2305603027344, -85.57174682617188, 140.58029174804688, -17.817338943481445, -12.6752290725708, -83.8290786743164, -65.76280975341797, -17.976076126098633], [-295.6601257324219, 2221.152587890625, -710.2950439453125, -759.8876953125, 167.43606567382812, -369.9695739746094, 612.1682739257812, -127.56444549560547, 338.2383728027344, -229.5286865234375, 172.4163055419922, -169.33705139160156, 66.30494689941406], [-152.1235809326172, -710.2950439453125, 1231.4788818359375, 639.2842407226562, 170.80435180664062, 66.34394073486328, -250.7360382080078, -9.39714527130127, -180.35775756835938, 124.21382141113281, -34.05217361450195, 77.8366470336914, 12.966980934143066], [10.200242042541504, -759.8876953125, 639.2842407226562, 908.1520385742188, 292.1416015625, -72.47048950195312, -350.22406005859375, -13.103126525878906, -91.30641174316406, 94.53107452392578, -40.94003677368164, 67.74224090576172, 85.6578140258789], [-231.53843688964844, 167.43606567382812, 170.80435180664062, 292.1416015625, 468.4977722167969, -45.300880432128906, -77.85515594482422, -68.21991729736328, 53.08359909057617, 25.652957916259766, 18.3116397857666, -17.67671775817871, 94.72461700439453], [434.2305603027344, -369.9695739746094, 66.34394073486328, -72.47048950195312, -45.300880432128906, 382.7682189941406, 36.75747299194336, 18.318450927734375, -82.2103042602539, 43.67003631591797, -0.9886212944984436, -27.70125389099121, -29.885047912597656], [-85.57174682617188, 612.1682739257812, -250.7360382080078, -350.22406005859375, -77.85515594482422, 36.75747299194336, 429.3690490722656, -10.580015182495117, 28.611968994140625, -96.73786926269531, 75.83882904052734, -63.46970748901367, -33.62567138671875], [140.58029174804688, -127.56444549560547, -9.39714527130127, -13.103126525878906, -68.21991729736328, 18.318450927734375, -10.580015182495117, 134.8949432373047, 22.883750915527344, 13.787400245666504, -7.078685760498047, 22.444644927978516, -18.544456481933594], [-17.817338943481445, 338.2383728027344, -180.35775756835938, -91.30641174316406, 53.08359909057617, -82.2103042602539, 28.611968994140625, 22.883750915527344, 208.73753356933594, 13.28675651550293, 17.286808013916016, -39.10683822631836, 16.84304428100586], [-12.6752290725708, -229.5286865234375, 124.21382141113281, 94.53107452392578, 25.652957916259766, 43.67003631591797, -96.73786926269531, 13.787400245666504, 13.28675651550293, 159.8163299560547, 15.934103012084961, -15.049681663513184, -40.92546463012695], [-83.8290786743164, 172.4163055419922, -34.05217361450195, -40.94003677368164, 18.3116397857666, -0.9886212944984436, 75.83882904052734, -7.078685760498047, 17.286808013916016, 15.934103012084961, 102.181396484375, -14.190441131591797, -22.842655181884766], [-65.76280975341797, -169.33705139160156, 77.8366470336914, 67.74224090576172, -17.67671775817871, -27.70125389099121, -63.46970748901367, 22.444644927978516, -39.10683822631836, -15.049681663513184, -14.190441131591797, 112.1639175415039, 32.95307540893555], [-17.976076126098633, 66.30494689941406, 12.966980934143066, 85.6578140258789, 94.72461700439453, -29.885047912597656, -33.62567138671875, -18.544456481933594, 16.84304428100586, -40.92546463012695, -22.842655181884766, 32.95307540893555, 121.87236785888672]], "lowlevel.gfcc.icov": [[0.0003602482611313462, -0.0007468149997293949, 0.0002051911869784817, -0.0007738785352557898, 0.000616636942140758, -0.001193039701320231, 0.0006653887685388327, -0.0005129158962517977, 0.0002784564858302474, -7.265542808454484e-05, 0.0006911244126968086, -0.0002683212223928422, 0.00045444819261319935], [-0.0007468149997293949, 0.006679875776171684, -0.001190837356261909, 0.005617555230855942, -0.003940478898584843, 0.007298282813280821, -0.004872506484389305, 0.0028637831564992666, -0.003712503705173731, 0.002730866428464651, -0.005599113181233406, 0.004614309873431921, -0.004489172715693712], [0.0002051911869784817, -0.001190837356261909, 0.0017505779396742582, -0.00197770562954247, 0.0005637036520056427, -0.0016084820963442326, 0.000678011158015579, -0.0005066280718892813, 0.0013880663318559527, -0.0011517495149746537, 0.0013364519691094756, -0.0013763114111497998, 0.0012033660896122456], [-0.0007738785352557898, 0.005617555230855942, -0.00197770562954247, 0.007750329095870256, -0.0045593660324811935, 0.007060956675559282, -0.0027085221372544765, 0.001753382501192391, -0.0018755100900307298, 0.0017919503152370453, -0.005110348109155893, 0.00422613276168704, -0.004852172918617725], [0.000616636942140758, -0.003940478898584843, 0.0005637036520056427, -0.0045593660324811935, 0.00628486555069685, -0.004722917452454567, 0.0028848659712821245, -0.0002935794473160058, 0.0007413282874040306, -0.0016545496182516217, 0.002163093537092209, -0.0014677749713882804, 0.00023186577891465276], [-0.001193039701320231, 0.007298282813280821, -0.0016084820963442326, 0.007060956675559282, -0.004722917452454567, 0.012012248858809471, -0.00580102251842618, 0.0023113610222935677, -0.0017252065008506179, 0.0010640444234013557, -0.0058768694289028645, 0.006130231078714132, -0.005733978934586048], [0.0006653887685388327, -0.004872506484389305, 0.000678011158015579, -0.0027085221372544765, 0.0028848659712821245, -0.00580102251842618, 0.008564702235162258, -0.002489321166649461, 0.002809849800541997, 0.001085916068404913, 0.0007416272419504821, -0.0011958704562857747, 0.003338815178722143], [-0.0005129158962517977, 0.0028637831564992666, -0.0005066280718892813, 0.001753382501192391, -0.0002935794473160058, 0.0023113610222935677, -0.002489321166649461, 0.010921190492808819, -0.0043829320929944515, 0.0007646013982594013, -0.0016324733151122928, -0.001350713544525206, -0.00012048814096488059], [0.0002784564858302474, -0.003712503705173731, 0.0013880663318559527, -0.0018755100900307298, 0.0007413282874040306, -0.0017252065008506179, 0.002809849800541997, -0.0043829320929944515, 0.010555789805948734, -0.0039620171301066875, 0.002532650250941515, 0.00037719946703873575, -7.611550245201215e-05], [-7.265542808454484e-05, 0.002730866428464651, -0.0011517495149746537, 0.0017919503152370453, -0.0016545496182516217, 0.0010640444234013557, 0.001085916068404913, 0.0007646013982594013, -0.0039620171301066875, 0.012272113002836704, -0.005087871104478836, 0.003245711326599121, 0.002166867023333907], [0.0006911244126968086, -0.005599113181233406, 0.0013364519691094756, -0.005110348109155893, 0.002163093537092209, -0.0058768694289028645, 0.0007416272419504821, -0.0016324733151122928, 0.002532650250941515, -0.005087871104478836, 0.018080510199069977, -0.005609974265098572, 0.006278794724494219], [-0.0002683212223928422, 0.004614309873431921, -0.0013763114111497998, 0.00422613276168704, -0.0014677749713882804, 0.006130231078714132, -0.0011958704562857747, -0.001350713544525206, 0.00037719946703873575, 0.003245711326599121, -0.005609974265098572, 0.01718965172767639, -0.007926921360194683], [0.00045444819261319935, -0.004489172715693712, 0.0012033660896122456, -0.004852172918617725, 0.00023186577891465276, -0.005733978934586048, 0.003338815178722143, -0.00012048814096488059, -7.611550245201215e-05, 0.002166867023333907, 0.006278794724494219, -0.007926921360194683, 0.017371950671076775]], "lowlevel.mfcc.cov": [[4368.5859375, -314.5008544921875, -164.4739532470703, -442.6536560058594, -49.29860305786133, 71.37987518310547, 45.80665969848633, 79.27501678466797, 130.19558715820312, 4.299323081970215, 8.625978469848633, 213.76596069335938, -278.5484924316406], [-314.5008544921875, 2282.5048828125, -722.8975830078125, -266.4551696777344, -517.6260375976562, -81.46337890625, 4.921407222747803, 176.03526306152344, 85.57327270507812, -34.448646545410156, 182.1855010986328, 57.02588653564453, 159.46156311035156], [-164.4739532470703, -722.8975830078125, 908.4412231445312, 265.34222412109375, 253.69552612304688, 76.93212890625, 111.6458511352539, -74.37335968017578, -38.60964584350586, -1.9535715579986572, -109.53583526611328, 0.6319854259490967, -26.78506851196289], [-442.6536560058594, -266.4551696777344, 265.34222412109375, 826.8623046875, 425.1602783203125, -0.7353553771972656, -57.17769241333008, -98.18477630615234, -14.231544494628906, -27.390056610107422, -121.02578735351562, -27.167945861816406, 71.18614959716797], [-49.29860305786133, -517.6260375976562, 253.69552612304688, 425.1602783203125, 669.7582397460938, 120.29428100585938, -51.86061096191406, -169.4752197265625, 49.780086517333984, 29.059202194213867, -116.65771484375, 20.92434310913086, -39.24123764038086], [71.37987518310547, -81.46337890625, 76.93212890625, -0.7353553771972656, 120.29428100585938, 237.26426696777344, 103.83390045166016, -39.95298385620117, 9.172889709472656, 25.515777587890625, 3.3655457496643066, 15.979171752929688, -21.220212936401367], [45.80665969848633, 4.921407222747803, 111.6458511352539, -57.17769241333008, -51.86061096191406, 103.83390045166016, 264.7454833984375, 47.39447784423828, -29.24527359008789, 9.613454818725586, 15.058161735534668, 10.32797622680664, -8.451984405517578], [79.27501678466797, 176.03526306152344, -74.37335968017578, -98.18477630615234, -169.4752197265625, -39.95298385620117, 47.39447784423828, 193.61050415039062, 13.142621040344238, -27.871274948120117, 24.035573959350586, -44.682037353515625, 24.186092376708984], [130.19558715820312, 85.57327270507812, -38.60964584350586, -14.231544494628906, 49.780086517333984, 9.172889709472656, -29.24527359008789, 13.142621040344238, 144.39195251464844, 7.943056106567383, -26.58941650390625, 28.12172508239746, -17.72438621520996], [4.299323081970215, -34.448646545410156, -1.9535715579986572, -27.390056610107422, 29.059202194213867, 25.515777587890625, 9.613454818725586, -27.871274948120117, 7.943056106567383, 131.0035858154297, 70.33000183105469, -5.7155303955078125, -4.353880405426025], [8.625978469848633, 182.1855010986328, -109.53583526611328, -121.02578735351562, -116.65771484375, 3.3655457496643066, 15.058161735534668, 24.035573959350586, -26.58941650390625, 70.33000183105469, 164.7935791015625, 22.24193572998047, 15.685992240905762], [213.76596069335938, 57.02588653564453, 0.6319854259490967, -27.167945861816406, 20.92434310913086, 15.979171752929688, 10.32797622680664, -44.682037353515625, 28.12172508239746, -5.7155303955078125, 22.24193572998047, 183.36703491210938, 15.321019172668457], [-278.5484924316406, 159.46156311035156, -26.78506851196289, 71.18614959716797, -39.24123764038086, -21.220212936401367, -8.451984405517578, 24.186092376708984, -17.72438621520996, -4.353880405426025, 15.685992240905762, 15.321019172668457, 152.8780517578125]], "lowlevel.mfcc.icov": [[0.0003150979755446315, 7.072208973113447e-05, 9.362237324239686e-05, 6.461020529968664e-05, 9.35823300096672e-06, -9.295549534726888e-05, 5.4048119636718184e-05, -0.0003717359504662454, -4.389517198433168e-05, -0.00011637293209787458, 0.00013239277177490294, -0.0005271545960567892, 0.0005688091041520238], [7.072208973113447e-05, 0.0008046712027862668, 0.0004894878366030753, -0.00015768282173667103, 0.00044686548062600195, -7.246653694892302e-05, -0.00023092000628821552, 2.3819477519282373e-06, -0.0007892170688137412, 0.0004700559366028756, -0.000610249291639775, -0.0001405900839017704, -0.00046118986210785806], [9.362237324239686e-05, 0.0004894878366030753, 0.0018011891515925527, -0.00035890695289708674, -3.7561746921710437e-06, -2.424769445497077e-05, -0.0008588987402617931, 2.8521571948658675e-05, 9.731160389492288e-05, -0.0001885871315607801, 0.000598385464400053, -0.0003618835180532187, 6.716955249430612e-05], [6.461020529968664e-05, -0.00015768282173667103, -0.00035890695289708674, 0.002387764398008585, -0.0016607558354735374, 0.0006999972392804921, -7.424657269439194e-06, 0.00012438918929547071, 0.0004979108925908804, 0.00042545681935735047, 0.00043315489892847836, 0.00047796141006983817, -0.0012642410583794117], [9.35823300096672e-06, 0.00044686548062600195, -3.7561746921710437e-06, -0.0016607558354735374, 0.0039835101924836636, -0.0017436598427593708, 0.0007514844764955342, 0.0012699769577011466, -0.001209972775541246, -0.0011058020172640681, 0.001159575767815113, -0.00047962312237359583, 0.0007020138436928391], [-9.295549534726888e-05, -7.246653694892302e-05, -2.424769445497077e-05, 0.0006999972392804921, -0.0017436598427593708, 0.006657803431153297, -0.0031329162884503603, 0.001533223781734705, -0.0008209511288441718, 0.00043380187707953155, -0.0010996735654771328, 0.0007101536029949784, -0.0004043413500767201], [5.4048119636718184e-05, -0.00023092000628821552, -0.0008588987402617931, -7.424657269439194e-06, 0.0007514844764955342, -0.0031329162884503603, 0.006242930889129639, -0.0025287733878940344, 0.0019226499134674668, -0.0013308338820934296, 0.0010390133829787374, -0.0013078954070806503, 0.0009050280787050724], [-0.0003717359504662454, 2.3819477519282373e-06, 2.8521571948658675e-05, 0.00012438918929547071, 0.0012699769577011466, 0.001533223781734705, -0.0025287733878940344, 0.00953228771686554, -0.003160108346492052, 0.0031976457685232162, -0.0023231718223541975, 0.003691634628921747, -0.0022486906964331865], [-4.389517198433168e-05, -0.0007892170688137412, 9.731160389492288e-05, 0.0004979108925908804, -0.001209972775541246, -0.0008209511288441718, 0.0019226499134674668, -0.003160108346492052, 0.010290078818798065, -0.003329758532345295, 0.0040262071415781975, -0.0026073527988046408, 0.0016565130790695548], [-0.00011637293209787458, 0.0004700559366028756, -0.0001885871315607801, 0.00042545681935735047, -0.0011058020172640681, 0.00043380187707953155, -0.0013308338820934296, 0.0031976457685232162, -0.003329758532345295, 0.013369099237024784, -0.007993674837052822, 0.002994769485667348, -0.001221813028678298], [0.00013239277177490294, -0.000610249291639775, 0.000598385464400053, 0.00043315489892847836, 0.001159575767815113, -0.0010996735654771328, 0.0010390133829787374, -0.0023231718223541975, 0.0040262071415781975, -0.007993674837052822, 0.012957803905010223, -0.0030492350924760103, 0.0005660738097503781], [-0.0005271545960567892, -0.0001405900839017704, -0.0003618835180532187, 0.00047796141006983817, -0.00047962312237359583, 0.0007101536029949784, -0.0013078954070806503, 0.003691634628921747, -0.0026073527988046408, 0.002994769485667348, -0.0030492350924760103, 0.008222656324505806, -0.002508880104869604], [0.0005688091041520238, -0.00046118986210785806, 6.716955249430612e-05, -0.0012642410583794117, 0.0007020138436928391, -0.0004043413500767201, 0.0009050280787050724, -0.0022486906964331865, 0.0016565130790695548, -0.001221813028678298, 0.0005660738097503781, -0.002508880104869604, 0.00953951757401228]], "metadata.audio_properties.analysis.downmix": "mix", "metadata.audio_properties.codec": "mp3", "metadata.audio_properties.md5_encoded": "80deec4818aaf5ce24bd3ff0b2da777d", "metadata.tags.file_name": "1183646733092278343.mp3", "metadata.version.essentia": "2.1-beta6-dev", "metadata.version.essentia_git_sha": "v2.1_beta5-1110-g77a6a954", "metadata.version.extractor": "music 2.0", "tonal.chords_key": "D", "tonal.chords_scale": "minor", "tonal.key_edma.key": "D", "tonal.key_edma.scale": "minor", "tonal.key_krumhansl.key": "D", "tonal.key_krumhansl.scale": "minor", "tonal.key_temperley.key": "D", "tonal.key_temperley.scale": "minor", "metadata.tags.encoding": ["Lavf58.45.100"]}, "essentia_models": [{"model_name": "genre_dortmund", "activations": {"alternative": "0.10743711", "blues": "0.04298389", "electronic": "0.039645627", "folkcountry": "0.12337136", "funksoulrnb": "0.10408666", "jazz": "0.07755277", "pop": "0.035355605", "raphiphop": "0.39525768", "rock": "0.24371158"}}, {"model_name": "genre_rosamerica", "activations": {"classic": "0.0336291", "dance": "0.0019937388", "hip hop": "0.13170435", "jazz": "0.022478983", "pop": "0.025227195", "rhythm and blues": "0.09712955", "rock": "0.08245323", "speech": "0.21654268"}}, {"model_name": "genre_tzanetakis", "activations": {"blues": "0.46749243", "classic": "0.0062202164", "country": "0.053582042", "disco": "0.03679708", "hip hop": "0.19194995", "jazz": "0.007324334", "metal": "0.015921323", "pop": "0.009505385", "reggae": "0.17347093", "rock": "0.17150576"