{"song_id": "1183706336005980192", "download": "https://cdn.discordapp.com/attachments/1128313332273782784/1183706336005980192/chirp.mp4?ex=65894f6e&amp", "lyrics": "[Verse]\nNoah, he works in an office nine to five\nAlways typing away, keeping the dream alive\nIn a world of papers, he finds his daily grind\nBut his spirit soars as he leaves it all behind\n\n[Chorus]\nOh, Noah, won't you break free from this routine\nLet your soul dance, be the one to intervene\nOpen up your heart, embrace the melody\nNoah, find your rhythm and set your spirit free", "style": ["J</span><span>-Pop"], "essentia_features": {"lowlevel.average_loudness": 0.9061828851699829, "lowlevel.barkbands_crest.mean": 12.540923118591309, "lowlevel.barkbands_crest.stdev": 4.3826680183410645, "lowlevel.barkbands_flatness_db.mean": 0.21543174982070923, "lowlevel.barkbands_flatness_db.stdev": 0.06108219176530838, "lowlevel.barkbands_kurtosis.mean": 18.564393997192383, "lowlevel.barkbands_kurtosis.stdev": 29.560916900634766, "lowlevel.barkbands_skewness.mean": 2.967751979827881, "lowlevel.barkbands_skewness.stdev": 2.125323534011841, "lowlevel.barkbands_spread.mean": 12.324469566345215, "lowlevel.barkbands_spread.stdev": 12.583186149597168, "lowlevel.dissonance.mean": 0.45860999822616577, "lowlevel.dissonance.stdev": 0.028836864978075027, "lowlevel.dynamic_complexity": 4.49757719039917, "lowlevel.erbbands_crest.mean": 10.326974868774414, "lowlevel.erbbands_crest.stdev": 4.450011730194092, "lowlevel.erbbands_flatness_db.mean": 0.2058032602071762, "lowlevel.erbbands_flatness_db.stdev": 0.049988508224487305, "lowlevel.erbbands_kurtosis.mean": 2.4069526195526123, "lowlevel.erbbands_kurtosis.stdev": 7.626145362854004, "lowlevel.erbbands_skewness.mean": 0.9580202102661133, "lowlevel.erbbands_skewness.stdev": 1.1948511600494385, "lowlevel.erbbands_spread.mean": 38.86058044433594, "lowlevel.erbbands_spread.stdev": 22.498380661010742, "lowlevel.hfc.mean": 10.289947509765625, "lowlevel.hfc.stdev": 14.384401321411133, "lowlevel.loudness_ebu128.integrated": -22.900800704956055, "lowlevel.loudness_ebu128.loudness_range": 3.2782955169677734, "lowlevel.loudness_ebu128.momentary.mean": -23.809104919433594, "lowlevel.loudness_ebu128.momentary.stdev": 3.0032601356506348, "lowlevel.loudness_ebu128.short_term.mean": -23.06807518005371, "lowlevel.loudness_ebu128.short_term.stdev": 1.1140117645263672, "lowlevel.melbands_crest.mean": 16.549962997436523, "lowlevel.melbands_crest.stdev": 4.784462928771973, "lowlevel.melbands_flatness_db.mean": 0.26341673731803894, "lowlevel.melbands_flatness_db.stdev": 0.07352808117866516, "lowlevel.melbands_kurtosis.mean": 35.254764556884766, "lowlevel.melbands_kurtosis.stdev": 41.258113861083984, "lowlevel.melbands_skewness.mean": 3.9889450073242188, "lowlevel.melbands_skewness.stdev": 2.4687559604644775, "lowlevel.melbands_spread.mean": 12.952142715454102, "lowlevel.melbands_spread.stdev": 14.412208557128906, "lowlevel.pitch_salience.mean": 0.5257620811462402, "lowlevel.pitch_salience.stdev": 0.10731352865695953, "lowlevel.silence_rate_20dB.mean": 1.0, "lowlevel.silence_rate_20dB.stdev": 0.0, "lowlevel.silence_rate_30dB.mean": 0.9947856068611145, "lowlevel.silence_rate_30dB.stdev": 0.07202234119176865, "lowlevel.silence_rate_60dB.mean": 0.16570104658603668, "lowlevel.silence_rate_60dB.stdev": 0.3718095123767853, "lowlevel.spectral_centroid.mean": 797.794921875, "lowlevel.spectral_centroid.stdev": 500.1747741699219, "lowlevel.spectral_complexity.mean": 10.05156421661377, "lowlevel.spectral_complexity.stdev": 6.964253902435303, "lowlevel.spectral_decrease.mean": -4.662350505668655e-09, "lowlevel.spectral_decrease.stdev": 5.0803392603882e-09, "lowlevel.spectral_energy.mean": 0.018530117347836494, "lowlevel.spectral_energy.stdev": 0.0203604307025671, "lowlevel.spectral_energyband_high.mean": 0.00011767881369451061, "lowlevel.spectral_energyband_high.stdev": 0.00025143654784187675, "lowlevel.spectral_energyband_low.mean": 0.0015334212221205235, "lowlevel.spectral_energyband_low.stdev": 0.0018117354484274983, "lowlevel.spectral_energyband_middle_high.mean": 0.0036815886851400137, "lowlevel.spectral_energyband_middle_high.stdev": 0.009146244265139103, "lowlevel.spectral_energyband_middle_low.mean": 0.014470712281763554, "lowlevel.spectral_energyband_middle_low.stdev": 0.015149412676692009, "lowlevel.spectral_entropy.mean": 7.108501434326172, "lowlevel.spectral_entropy.stdev": 0.5591500401496887, "lowlevel.spectral_flux.mean": 0.06259837001562119, "lowlevel.spectral_flux.stdev": 0.04244990274310112, "lowlevel.spectral_kurtosis.mean": 5.70028829574585, "lowlevel.spectral_kurtosis.stdev": 4.175811290740967, "lowlevel.spectral_rms.mean": 0.003726942464709282, "lowlevel.spectral_rms.stdev": 0.002046472392976284, "lowlevel.spectral_rolloff.mean": 889.3727416992188, "lowlevel.spectral_rolloff.stdev": 1262.8511962890625, "lowlevel.spectral_skewness.mean": 1.7168121337890625, "lowlevel.spectral_skewness.stdev": 0.5975200533866882, "lowlevel.spectral_spread.mean": 3938850.5, "lowlevel.spectral_spread.stdev": 1290950.375, "lowlevel.spectral_strongpeak.mean": 0.7079648375511169, "lowlevel.spectral_strongpeak.stdev": 0.9353767037391663, "lowlevel.zerocrossingrate.mean": 0.040113747119903564, "lowlevel.zerocrossingrate.stdev": 0.02948172576725483, "metadata.audio_properties.analysis.equal_loudness": 0.0, "metadata.audio_properties.analysis.length": 40.04265213012695, "metadata.audio_properties.analysis.sample_rate": 44100.0, "metadata.audio_properties.analysis.start_time": 0.0, "metadata.audio_properties.bit_rate": 114721.0, "metadata.audio_properties.length": 40.042667388916016, "metadata.audio_properties.lossless": 0.0, "metadata.audio_properties.number_channels": 1.0, "metadata.audio_properties.replay_gain": -5.906885147094727, "metadata.audio_properties.sample_rate": 48000.0, "rhythm.beats_count": 108.0, "rhythm.beats_loudness.mean": 0.03584221005439758, "rhythm.beats_loudness.stdev": 0.02604246698319912, "rhythm.bpm": 163.21868896484375, "rhythm.bpm_histogram_first_peak_bpm": 161.0, "rhythm.bpm_histogram_first_peak_weight": 0.041666626930236816, "rhythm.bpm_histogram_second_peak_bpm": 167.0, "rhythm.bpm_histogram_second_peak_spread": 0.0, "rhythm.bpm_histogram_second_peak_weight": 0.3177570104598999, "rhythm.danceability": 1.3778027296066284, "rhythm.onset_rate": 4.4938859939575195, "tonal.chords_changes_rate": 0.03587963059544563, "tonal.chords_number_rate": 0.012731481343507767, "tonal.chords_strength.mean": 0.6085337996482849, "tonal.chords_strength.stdev": 0.07892968505620956, "tonal.hpcp_crest.mean": 11.957114219665527, "tonal.hpcp_crest.stdev": 5.740472793579102, "tonal.hpcp_entropy.mean": 2.289196491241455, "tonal.hpcp_entropy.stdev": 0.7283522486686707, "tonal.key_edma.strength": 0.6834335923194885, "tonal.key_krumhansl.strength": 0.6877471804618835, "tonal.key_temperley.strength": 0.689461350440979, "tonal.tuning_diatonic_strength": 0.6747763752937317, "tonal.tuning_equal_tempered_deviation": 0.10532219707965851, "tonal.tuning_frequency": 447.9497375488281, "tonal.tuning_nontempered_energy_ratio": 0.7931739091873169, "lowlevel.barkbands.mean": [7.984781404957175e-07, 2.489567305019591e-05, 0.0004124773258809, 0.0029567989986389875, 0.006725218612700701, 0.0010898247128352523, 0.0008224157500080764, 0.0006874826503917575, 0.001845733029767871, 0.0011000127997249365, 0.0007118977373465896, 0.0009245694964192808, 0.00038249942008405924, 0.00017381621000822634, 9.821230923989788e-05, 5.176112972549163e-05, 4.6365821617655456e-05, 0.00012746082211378962, 0.00018941200687550008, 5.083894939161837e-05, 2.1559386368608102e-05, 2.7363503249944188e-05, 2.1199597540544346e-05, 2.710489025048446e-05, 9.688588761491701e-06, 7.069056664477102e-07, 2.2470301175303575e-08], "lowlevel.barkbands.stdev": [1.527586164229433e-06, 7.90322374086827e-05, 0.000711051223333925, 0.0034693784546107054, 0.008130008354783058, 0.0016526795225217938, 0.0019815159030258656, 0.002198181115090847, 0.005308871623128653, 0.003996914252638817, 0.002647838555276394, 0.0029356537852436304, 0.0014332759892567992, 0.0004911504802294075, 0.0002808521967381239, 0.00015986233483999968, 7.836436270736158e-05, 0.00021732511231675744, 0.0003312092740088701, 7.656577508896589e-05, 4.5476870582206175e-05, 5.2548311941791326e-05, 4.589464151649736e-05, 9.402487194165587e-05, 3.100340472883545e-05, 2.1305700101947878e-06, 8.68386180741254e-08], "lowlevel.erbbands.mean": [0.00036462675780057907, 0.014345554634928703, 0.38576212525367737, 5.314566135406494, 20.448575973510742, 23.12030601501465, 8.271133422851562, 8.822270393371582, 12.109923362731934, 9.873908996582031, 21.912689208984375, 46.55012130737305, 33.72682571411133, 42.59785461425781, 26.801904678344727, 36.80466079711914, 20.008392333984375, 10.8780517578125, 6.56721830368042, 4.335855960845947, 2.4808707237243652, 3.127699613571167, 6.923285007476807, 7.268735408782959, 9.304647445678711, 2.3173770904541016, 0.901239812374115, 0.8760900497436523, 1.0058777332305908, 0.868465781211853, 0.5306636691093445, 0.4890792965888977, 0.48199501633644104, 0.1926669478416443, 0.023026995360851288, 0.0041653746739029884, 0.001244878163561225, 0.0001707011106191203, 1.3614854651677888e-05, 2.1572925106738694e-05], "lowlevel.erbbands.stdev": [0.0005561483558267355, 0.03290652483701706, 0.5805969834327698, 5.68611478805542, 27.609529495239258, 29.50901985168457, 13.046771049499512, 13.187620162963867, 27.83977699279785, 23.374502182006836, 63.865020751953125, 143.18333435058594, 97.87435913085938, 201.01800537109375, 83.49435424804688, 113.64374542236328, 67.6913833618164, 32.17982864379883, 17.640138626098633, 12.371912002563477, 7.126275539398193, 5.059433937072754, 12.287246704101562, 10.751344680786133, 17.338716506958008, 3.187706470489502, 1.8092352151870728, 1.7769713401794434, 2.039958953857422, 1.6138768196105957, 1.2919403314590454, 1.4900702238082886, 1.8800849914550781, 0.675346314907074, 0.051842980086803436, 0.010186693631112576, 0.004440878052264452, 0.000606263114605099, 1.6756872355472296e-05, 2.345279062865302e-05], "lowlevel.gfcc.mean": [-87.75848388671875, 114.5818099975586, -126.55653381347656, 31.928667068481445, -80.82779693603516, -1.5040576457977295, -48.559295654296875, -14.359107971191406, -46.07532501220703, -30.49262237548828, -13.912128448486328, -18.558198928833008, -15.87578010559082], "lowlevel.melbands.mean": [3.969849785789847e-06, 0.00017552067583892494, 0.0013759750872850418, 0.0016968916170299053, 0.00038824454532004893, 0.000207315621082671, 0.000185020559001714, 0.00010306682816008106, 0.00019751056970562786, 0.0002926565066445619, 0.00015602701751049608, 0.00016802280151750892, 8.939036342781037e-05, 0.0001092226812033914, 5.9153720940230414e-05, 3.846659092232585e-05, 1.7925278370967135e-05, 1.1173741768288892e-05, 7.033932433841983e-06, 4.42960845248308e-06, 2.4547164230170893e-06, 2.518718019928201e-06, 5.907816102990182e-06, 5.689842964784475e-06, 5.72558019484859e-06, 7.703763913013972e-06, 4.49844628747087e-06, 8.596749694333994e-07, 5.284670123728574e-07, 5.403202862908074e-07, 4.788019509760488e-07, 5.815354597871192e-07, 5.189370426705864e-07, 4.739402186260122e-07, 2.9921173450020433e-07, 2.800405241032422e-07, 3.041836293959932e-07, 3.8105858379822166e-07, 2.644696337483765e-07, 1.2104440827442886e-07], "lowlevel.melbands.stdev": [1.164435252576368e-05, 0.00024230546841863543, 0.0015585903311148286, 0.0020336369052529335, 0.0005204651970416307, 0.0003140754997730255, 0.0004087653069291264, 0.00025142464437521994, 0.0005598062998615205, 0.0008975258679129183, 0.00047899267519824207, 0.00080045813228935, 0.00028037800802849233, 0.00036701594945043325, 0.0001891258143587038, 0.0001568681327626109, 5.3956864576321095e-05, 3.112727790721692e-05, 2.0090230464120395e-05, 1.3837833648722153e-05, 7.496607850043802e-06, 4.474493835004978e-06, 1.0825298886629753e-05, 9.983514246414416e-06, 8.694436473888345e-06, 1.5534247722825967e-05, 7.303577604034217e-06, 1.4421269725062302e-06, 1.1385606057956466e-06, 1.1909852446478908e-06, 9.73198211795534e-07, 1.2491144616433303e-06, 9.547622994432459e-07, 9.163402410194976e-07, 6.945357426957344e-07, 8.992478228719847e-07, 9.359667956232443e-07, 1.5118397413971252e-06, 1.073789121619484e-06, 3.9283239061660424e-07], "lowlevel.melbands128.mean": [4.321358062497893e-07, 7.730450306553394e-07, 1.8881601135944948e-06, 1.6380254237446934e-05, 8.278374298242852e-05, 0.00024628828396089375, 0.0008870233432389796, 0.001699682790786028, 0.0021901412401348352, 0.002007235074415803, 0.001304693752899766, 0.0004011148994322866, 0.0002338974882150069, 0.0002019030216615647, 0.00016089608834590763, 0.00024875576491467655, 0.00023789315309841186, 0.000146120524732396, 0.00016890447295736521, 9.725095878820866e-05, 5.6672408391023055e-05, 0.00014543303404934704, 0.00022997852647677064, 0.00020347227109596133, 0.0003755479701794684, 0.0002974962699227035, 0.00018448432092554867, 0.00016662820416968316, 0.00010023752111010253, 0.00013414093700703233, 0.0002505700394976884, 0.00011250058014411479, 7.415442087221891e-05, 6.254751497181132e-05, 0.00010236223170068115, 0.00013225591101218015, 0.00011012847971869633, 4.772955799126066e-05, 3.0339100703713484e-05, 5.4355426982510835e-05, 3.986711089964956e-05, 1.9942910512327217e-05, 1.652187893341761e-05, 1.8838964024325833e-05, 1.3479876542987768e-05, 8.994347808766179e-06, 9.577791388437618e-06, 6.467173989221919e-06, 6.692762326565571e-06, 5.745467660744907e-06, 3.740582997124875e-06, 3.715629645739682e-06, 2.8147585453552892e-06, 1.7666933445070754e-06, 1.8163439108320745e-06, 2.37189465224219e-06, 3.2073298825707752e-06, 4.597291535901604e-06, 7.306229690584587e-06, 7.849122084735427e-06, 5.045101715950295e-06, 4.67018026029109e-06, 5.259873432805762e-06, 5.643728854920482e-06, 7.092072792147519e-06, 7.856260708649643e-06, 8.595521649112925e-06, 6.4140426729863975e-06, 3.6551571156451246e-06, 1.681382627793937e-06, 6.1877381085651e-07, 5.199226507102139e-07, 5.582015774052707e-07, 5.488710144163633e-07, 4.6603977921222395e-07, 5.283868063088448e-07, 6.187948429214885e-07, 4.837442020289018e-07, 4.4618414563046827e-07, 4.50108387894943e-07, 6.134395675871929e-07, 6.473546250163054e-07, 5.093830850455561e-07, 5.32633066541166e-07, 4.775193360728736e-07, 5.20931337177899e-07, 4.777838853442518e-07, 3.736362259587622e-07, 2.6191315782853053e-07, 2.7466253982311173e-07, 2.7171671490577864e-07, 2.806332588534133e-07, 2.937709666639421e-07, 2.658404127942049e-07, 3.1525200938631315e-07, 4.6109386175885447e-07, 3.9914604599289305e-07, 2.6361757932136243e-07, 2.869819866191392e-07, 2.5969319494834053e-07, 1.9105885940007283e-07, 8.86594122562201e-08, 4.789942309457729e-08, 2.8800231532954967e-08, 1.5912744899537756e-08, 1.0913359105302334e-08, 9.313614768302614e-09, 8.511960025714416e-09, 6.4394192200722955e-09, 4.033044564977217e-09, 3.849747187700814e-09, 4.129572239719437e-09, 4.805813524910718e-09, 3.0705318287971295e-09, 2.2457236070749786e-09, 1.952717543218796e-09, 9.333748218764981e-10, 6.244616629347277e-11, 3.0947787735269294e-12, 3.018628532899803e-12, 2.946801223174811e-12, 2.8969513420074033e-12, 2.8573252704860996e-12, 2.791953300496086e-12, 2.6426645160365636e-12, 2.40270108496643e-12, 2.2717593865101415e-12, 2.2437175815209764e-12], "lowlevel.melbands128.stdev": [7.720929033894208e-07, 1.446366923119058e-06, 5.41137387699564e-06, 5.425200652098283e-05, 0.00022353023814503103, 0.0004157023213338107, 0.0010596391512081027, 0.0021885454189032316, 0.003567884908989072, 0.0028116488829255104, 0.0018956613494083285, 0.0006778881652280688, 0.0005284572835080326, 0.0004406294319778681, 0.0002863183617591858, 0.0004729325301013887, 0.0006651528528891504, 0.0004079606442246586, 0.0005347878905013204, 0.00026820608763955534, 0.00022019025345798582, 0.0005949445185251534, 0.0007659459952265024, 0.000746736244764179, 0.0013903198996558785, 0.001128377509303391, 0.0006107564549893141, 0.0006888467469252646, 0.0005066639860160649, 0.0006257653003558517, 0.0015012295916676521, 0.00046231818851083517, 0.00027320728986524045, 0.0003007915511261672, 0.0004941856605000794, 0.0005352487787604332, 0.00041641766438260674, 0.00019930566486436874, 0.00011511024786159396, 0.00025289086624979973, 0.00023491657339036465, 7.981203816598281e-05, 6.373746145982295e-05, 6.542279152199626e-05, 4.3056650611106306e-05, 3.36619013978634e-05, 4.1403924115002155e-05, 2.0095681975362822e-05, 2.3935255740070716e-05, 2.1638885300490074e-05, 1.3718143236474134e-05, 1.4927364645700436e-05, 1.1611619811446872e-05, 4.530945261649322e-06, 3.963158178521553e-06, 5.206322384765372e-06, 6.426929758163169e-06, 9.228356248058844e-06, 1.6220745237660594e-05, 1.888649603642989e-05, 1.0688024303817656e-05, 9.245907676813658e-06, 9.175721970677841e-06, 9.537216101307422e-06, 1.4416756130231079e-05, 2.1605679648928344e-05, 2.0261019017198123e-05, 1.3474584193318151e-05, 6.524446234834613e-06, 3.004999371114536e-06, 1.3146210449122009e-06, 1.228738369718485e-06, 1.235996592185984e-06, 1.283581582356419e-06, 1.2593654901138507e-06, 1.2772994750775979e-06, 1.4514126860376564e-06, 1.0985421567966114e-06, 1.0244951909044175e-06, 9.887402256936184e-07, 1.3506910363503266e-06, 1.6006744090191205e-06, 1.1746557220249088e-06, 9.338922950519191e-07, 9.708220432003145e-07, 1.0852203331523924e-06, 1.019389856082853e-06, 7.535186909990443e-07, 7.072747507663735e-07, 7.856693287067174e-07, 8.612070132585359e-07, 1.0447316753925406e-06, 1.0335108981962549e-06, 8.188217748283932e-07, 1.0243726364933536e-06, 1.8416311604596558e-06, 1.7999293504544767e-06, 1.2852202644353383e-06, 1.2753810096910456e-06, 1.077793285730877e-06, 7.055087962726247e-07, 2.556188292146544e-07, 1.1799363619502401e-07, 7.098430643281972e-08, 4.473152159789606e-08, 3.076021926062822e-08, 2.987897573802911e-08, 2.6193349711434166e-08, 1.772424695900554e-08, 1.2393301496160802e-08, 1.4070365317309097e-08, 1.7327737467098814e-08, 2.620731720526237e-08, 1.0302558806074558e-08, 7.897499543219055e-09, 1.008195305018944e-08, 3.779543344961667e-09, 3.255442304617162e-10, 5.182947387244452e-12, 5.051906809550033e-12, 4.930645735451433e-12, 4.828732032280403e-12, 4.730189764184933e-12, 4.646759105969567e-12, 4.576581301429794e-12, 4.5259850554868475e-12, 4.4873904939124465e-12, 4.462911810942938e-12], "lowlevel.mfcc.mean": [-721.4417114257812, 131.4391326904297, 6.164350986480713, 18.986948013305664, -9.823874473571777, -6.950573921203613, -0.432622492313385, -0.35167986154556274, -27.5405330657959, -16.11583137512207, -11.64469051361084, -21.58124542236328, -17.63656234741211], "lowlevel.spectral_contrast_coeffs.mean": [-0.5524837374687195, -0.7768197655677795, -0.8013077974319458, -0.8131006360054016, -0.7815846800804138, -0.7763125896453857], "lowlevel.spectral_contrast_coeffs.stdev": [0.0853959321975708, 0.06901373714208603, 0.06471619755029678, 0.057450421154499054, 0.06635955721139908, 0.0283915176987648], "lowlevel.spectral_contrast_valleys.mean": [-7.733853340148926, -7.190809726715088, -7.61820125579834, -8.46811580657959, -8.384276390075684, -11.12219524383545], "lowlevel.spectral_contrast_valleys.stdev": [0.708532452583313, 1.0342053174972534, 0.9989691376686096, 0.7819254398345947, 0.6793908476829529, 0.816615104675293], "rhythm.beats_loudness_band_ratio.mean": [0.4172654449939728, 0.4318962097167969, 0.15402261912822723, 0.11329836398363113, 0.02252667397260666, 0.012689249590039253], "rhythm.beats_loudness_band_ratio.stdev": [0.2392948865890503, 0.21622982621192932, 0.16284331679344177, 0.17344632744789124, 0.028517236933112144, 0.009896350093185902], "tonal.hpcp.mean": [0.33146417140960693, 0.2786075174808502, 0.1094878688454628, 0.07836176455020905, 0.08124379813671112, 0.14886796474456787, 0.1453952044248581, 0.05186113715171814, 0.019924011081457138, 0.019346676766872406, 0.02125956304371357, 0.03449210897088051, 0.049908287823200226, 0.062080979347229004, 0.18580637872219086, 0.25879523158073425, 0.1331852227449417, 0.039215296506881714, 0.03556570038199425, 0.08028893917798996, 0.22348368167877197, 0.2607423961162567, 0.13953861594200134, 0.07309502363204956, 0.06700331717729568, 0.09958671033382416, 0.1423846334218979, 0.1580890715122223, 0.17866438627243042, 0.20352895557880402, 0.177068293094635, 0.10604599118232727, 0.055253226310014725, 0.041410692036151886, 0.05238991230726242, 0.1546090841293335], "tonal.hpcp.stdev": [0.38768649101257324, 0.3305315673351288, 0.2089000642299652, 0.1811525821685791, 0.1725877821445465, 0.2619745433330536, 0.26871010661125183, 0.11455053091049194, 0.0688246563076973, 0.05767332389950752, 0.06079508364200592, 0.08156991750001907, 0.10557591170072556, 0.12052570283412933, 0.2656364142894745, 0.3576321005821228, 0.2171519249677658, 0.11016680300235748, 0.10612264275550842, 0.16451944410800934, 0.32281213998794556, 0.3426721692085266, 0.23509708046913147, 0.16853627562522888, 0.15264973044395447, 0.2083539068698883, 0.25967729091644287, 0.2447008341550827, 0.27080345153808594, 0.3013574481010437, 0.3025171458721161, 0.21865728497505188, 0.15176010131835938, 0.13170209527015686, 0.13008448481559753, 0.23902910947799683], "rhythm.beats_position": [0.3366893231868744, 0.6965986490249634, 1.0681178569793701, 1.4280271530151367, 1.7879364490509033, 2.1594557762145996, 2.530975103378296, 2.902494192123413, 3.2624034881591797, 3.6223127841949463, 3.9938321113586426, 4.36535120010376, 4.7252607345581055, 5.085169792175293, 5.456689357757568, 5.8282084465026855, 6.199728012084961, 6.571247100830078, 6.942766189575195, 7.314285755157471, 7.685804843902588, 8.045714378356934, 8.405623435974121, 8.777142524719238, 9.148661613464355, 9.520181655883789, 9.891700744628906, 10.263219833374023, 10.63473892211914, 10.994647979736328, 11.354557991027832, 11.72607707977295, 12.097596168518066, 12.457505226135254, 12.817414283752441, 13.188934326171875, 13.572063446044922, 13.93197250366211, 14.303491592407227, 14.675010681152344, 15.046530723571777, 15.418049812316895, 15.777958869934082, 16.149478912353516, 16.520998001098633, 16.88090705871582, 17.240816116333008, 17.600725173950195, 17.972244262695312, 18.34376335144043, 18.715282440185547, 19.086801528930664, 19.458322525024414, 19.82984161376953, 20.20136070251465, 20.572879791259766, 20.932788848876953, 21.29269790649414, 21.664216995239258, 22.035736083984375, 22.395645141601562, 22.75555419921875, 23.1270751953125, 23.498594284057617, 23.870113372802734, 24.24163246154785, 24.61315155029297, 24.961450576782227, 25.332969665527344, 25.71609878540039, 26.087617874145508, 26.447526931762695, 26.819047927856445, 27.190567016601562, 27.55047607421875, 27.921995162963867, 28.281904220581055, 28.653423309326172, 29.01333236694336, 29.373241424560547, 29.744760513305664, 30.116281509399414, 30.48780059814453, 30.85931968688965, 31.230838775634766, 31.602357864379883, 31.973876953125, 32.34539794921875, 32.716915130615234, 33.07682418823242, 33.44834518432617, 33.80825424194336, 34.179771423339844, 34.551292419433594, 34.91120147705078, 35.27111053466797, 35.64263153076172, 36.0141487121582, 36.39727783203125, 36.75718688964844, 37.12870788574219, 37.488616943359375, 37.86013412475586, 38.22004318237305, 38.5915641784668, 38.96308135986328, 39.33460235595703, 39.70612335205078], "rhythm.bpm_histogram": [0.0, 0.0, 0.0, 0.0, 0.0, 0.0, 0.0, 0.0, 0.0, 0.0, 0.0, 0.0, 0.0, 0.0, 0.0, 0.0, 0.0, 0.0, 0.0, 0.0, 0.0, 0.0, 0.0, 0.0, 0.0, 0.0, 0.0, 0.0, 0.0, 0.0, 0.0, 0.0, 0.0, 0.0, 0.0, 0.0, 0.0, 0.0, 0.0, 0.0, 0.0, 0.0, 0.0, 0.0, 0.0, 0.0, 0.0, 0.0, 0.0, 0.0, 0.0, 0.0, 0.0, 0.0, 0.0, 0.0, 0.0, 0.0, 0.0, 0.0, 0.0, 0.0, 0.0, 0.0, 0.0, 0.0, 0.0, 0.0, 0.0, 0.0, 0.0, 0.0, 0.0, 0.0, 0.0, 0.0, 0.0, 0.0, 0.0, 0.0, 0.0, 0.0, 0.0, 0.0, 0.0, 0.0, 0.0, 0.0, 0.0, 0.0, 0.0, 0.0, 0.0, 0.0, 0.0, 0.0, 0.0, 0.0, 0.0, 0.0, 0.0, 0.0, 0.0, 0.0, 0.0, 0.0, 0.0, 0.0, 0.0, 0.0, 0.0, 0.0, 0.0, 0.0, 0.0, 0.0, 0.0, 0.0, 0.0, 0.0, 0.0, 0.0, 0.0, 0.0, 0.0, 0.0, 0.0, 0.0, 0.0, 0.0, 0.0, 0.0, 0.0, 0.0, 0.0, 0.0, 0.0, 0.0, 0.0, 0.0, 0.0, 0.0, 0.0, 0.0, 0.0, 0.0, 0.0, 0.0, 0.0, 0.0, 0.0, 0.0, 0.0, 0.0, 0.0, 0.0, 0.0, 0.028037382289767265, 0.0, 0.0, 0.0, 0.644859790802002, 0.0, 0.0, 0.0, 0.0, 0.0, 0.3177570104598999, 0.0, 0.0, 0.0, 0.0, 0.009345794096589088, 0.0, 0.0, 0.0, 0.0, 0.0, 0.0, 0.0, 0.0, 0.0, 0.0, 0.0, 0.0, 0.0, 0.0, 0.0, 0.0, 0.0, 0.0, 0.0, 0.0, 0.0, 0.0, 0.0, 0.0, 0.0, 0.0, 0.0, 0.0, 0.0, 0.0, 0.0, 0.0, 0.0, 0.0, 0.0, 0.0, 0.0, 0.0, 0.0, 0.0, 0.0, 0.0, 0.0, 0.0, 0.0, 0.0, 0.0, 0.0, 0.0, 0.0, 0.0, 0.0, 0.0, 0.0, 0.0, 0.0, 0.0, 0.0, 0.0, 0.0, 0.0, 0.0, 0.0, 0.0, 0.0, 0.0, 0.0, 0.0, 0.0, 0.0, 0.0, 0.0, 0.0, 0.0, 0.0, 0.0, 0.0], "tonal.chords_histogram": [28.009260177612305, 1.7361111640930176, 11.80555534362793, 0.0, 0.0, 0.0, 0.0, 0.0, 2.1990740299224854, 1.7361111640930176, 0.0, 0.0, 0.6944444179534912, 0.0, 0.0, 11.342592239379883, 0.0, 3.7037036418914795, 2.1990740299224854, 2.8935184478759766, 0.0, 32.060184478759766, 1.6203703880310059, 0.0], "tonal.thpcp": [1.0, 0.8405358195304871, 0.33031585812568665, 0.2364109605550766, 0.2451058179140091, 0.4491223394870758, 0.43864530324935913, 0.15646076202392578, 0.06010909378528595, 0.058367323130369186, 0.06413834542036057, 0.10405983775854111, 0.15056917071342468, 0.1872931867837906, 0.5605624914169312, 0.7807638049125671, 0.40180879831314087, 0.11830930411815643, 0.10729877650737762, 0.24222509562969208, 0.674231767654419, 0.7866382598876953, 0.420976459980011, 0.22052164375782013, 0.20214347541332245, 0.3004448711872101, 0.42956265807151794, 0.47694164514541626, 0.5390157103538513, 0.6140300035476685, 0.5342004299163818, 0.3199319839477539, 0.16669441759586334, 0.12493263185024261, 0.15805603563785553, 0.4664428234100342], "lowlevel.gfcc.cov": [[4888.2197265625, 116.48220825195312, -1327.5482177734375, -725.708251953125, -649.4195556640625, -193.5013427734375, 57.69318771362305, 240.78634643554688, 106.88089752197266, -136.86654663085938, 294.45465087890625, -331.85406494140625, -142.31675720214844], [116.48220825195312, 996.6524658203125, -164.5651397705078, -265.9082336425781, 104.03314971923828, -209.16824340820312, 157.2270965576172, -13.54549789428711, 72.19367218017578, -165.43592834472656, 165.0325469970703, -135.9167022705078, -2.7431938648223877], [-1327.5482177734375, -164.5651397705078, 801.1930541992188, 401.60882568359375, 247.28355407714844, 84.69035339355469, -80.29168701171875, -110.75967407226562, -35.73930358886719, 86.18778228759766, -146.87518310546875, 151.88970947265625, 62.142311096191406], [-725.708251953125, -265.9082336425781, 401.60882568359375, 558.4043579101562, 203.86676025390625, -3.455749750137329, -214.16416931152344, -65.19825744628906, 57.09777069091797, 40.18339538574219, -89.44154357910156, 77.46566772460938, 113.92131042480469], [-649.4195556640625, 104.03314971923828, 247.28355407714844, 203.86676025390625, 321.37445068359375, -3.4093782901763916, -84.64446258544922, -74.4583969116211, 18.633975982666016, 7.586329460144043, -72.16453552246094, 56.37513732910156, 44.37688446044922], [-193.5013427734375, -209.16824340820312, 84.69035339355469, -3.455749750137329, -3.4093782901763916, 294.1329650878906, 118.11687469482422, -36.392826080322266, -77.303955078125, 65.50080871582031, -58.508880615234375, 23.50442886352539, -23.170543670654297], [57.69318771362305, 157.2270965576172, -80.29168701171875, -214.16416931152344, -84.64446258544922, 118.11687469482422, 315.7655029296875, 35.1010856628418, -101.31434631347656, -57.257572174072266, 32.5885124206543, -21.74579620361328, -73.63432312011719], [240.78634643554688, -13.54549789428711, -110.75967407226562, -65.19825744628906, -74.4583969116211, -36.392826080322266, 35.1010856628418, 124.66217041015625, 35.9085693359375, -4.921535968780518, 7.911337852478027, -20.037567138671875, -31.225627899169922], [106.88089752197266, 72.19367218017578, -35.73930358886719, 57.09777069091797, 18.633975982666016, -77.303955078125, -101.31434631347656, 35.9085693359375, 150.35020446777344, 32.0738410949707, 3.129091262817383, -44.196781158447266, 22.198930740356445], [-136.86654663085938, -165.43592834472656, 86.18778228759766, 40.18339538574219, 7.586329460144043, 65.50080871582031, -57.257572174072266, -4.921535968780518, 32.0738410949707, 140.2613983154297, -42.94241714477539, 27.839229583740234, -13.656447410583496], [294.45465087890625, 165.0325469970703, -146.87518310546875, -89.44154357910156, -72.16453552246094, -58.508880615234375, 32.5885124206543, 7.911337852478027, 3.129091262817383, -42.94241714477539, 123.2762680053711, -43.29401779174805, -11.342787742614746], [-331.85406494140625, -135.9167022705078, 151.88970947265625, 77.46566772460938, 56.37513732910156, 23.50442886352539, -21.74579620361328, -20.037567138671875, -44.196781158447266, 27.839229583740234, -43.29401779174805, 132.00106811523438, 19.301300048828125], [-142.31675720214844, -2.7431938648223877, 62.142311096191406, 113.92131042480469, 44.37688446044922, -23.170543670654297, -73.63432312011719, -31.225627899169922, 22.198930740356445, -13.656447410583496, -11.342787742614746, 19.301300048828125, 79.73513793945312]], "lowlevel.gfcc.icov": [[0.00044211308704689145, 0.00010956808546325192, 0.00043251525494270027, 0.00016115914331749082, 0.0003541999903973192, -4.9849506467580795e-05, 0.00031015684362500906, -6.403846782632172e-05, -0.00019423087360337377, 0.0003256139752920717, -0.0002205808850703761, 0.00028327139443717897, 0.0002851674216799438], [0.00010956808546325192, 0.005749082658439875, -0.0013841079780831933, 0.003939860500395298, -0.004809788428246975, 0.0033984160982072353, -0.004637710750102997, 0.0019519053166732192, -0.004615161567926407, 0.0018419323023408651, -0.005272343289107084, 0.0033755935728549957, -0.003977761138230562], [0.00043251525494270027, -0.0013841079780831933, 0.003931670915335417, -0.002818558132275939, 0.001027731574140489, -0.00016511436842847615, 4.255806561559439e-05, 0.0010626980802044272, 0.0013804581249132752, -0.0016527037369087338, 0.002753100823611021, -0.00198793550953269, 0.0017281549517065287], [0.00016115914331749082, 0.003939860500395298, -0.002818558132275939, 0.0076257591135799885, -0.004135668743401766, 0.0009906383929774165, -0.000565898313652724, -8.990307105705142e-05, -0.0037230292800813913, 0.0024222396314144135, -0.004008350428193808, 0.002513902261853218, -0.0059709856286644936], [0.0003541999903973192, -0.004809788428246975, 0.001027731574140489, -0.004135668743401766, 0.009904670529067516, -0.002615391742438078, 0.004162641242146492, 0.0013343323953449726, 0.0016272711800411344, 0.0005345374811440706, 0.006436131428927183, -0.00390631053596735, 0.005168442614376545], [-4.9849506467580795e-05, 0.0033984160982072353, -0.00016511436842847615, 0.0009906383929774165, -0.002615391742438078, 0.009526802226901054, -0.0071592372842133045, 0.0034667474683374166, -7.903468940639868e-06, -0.004331981297582388, 2.6193842131760903e-05, 0.0032259924337267876, -0.0038054618053138256], [0.00031015684362500906, -0.004637710750102997, 4.255806561559439e-05, -0.000565898313652724, 0.004162641242146492, -0.0071592372842133045, 0.013068354688584805, -0.0048600430600345135, 0.005577013362199068, 0.0036683238577097654, 0.0020537921227514744, -0.0020267008803784847, 0.0067957607097923756], [-6.403846782632172e-05, 0.0019519053166732192, 0.0010626980802044272, -8.990307105705142e-05, 0.0013343323953449726, 0.0034667474683374166, -0.0048600430600345135, 0.015197460539638996, -0.00733397388830781, 0.0014665419002994895, 0.0019375706324353814, -0.0017111127963289618, 0.00396411819383502], [-0.00019423087360337377, -0.004615161567926407, 0.0013804581249132752, -0.0037230292800813913, 0.0016272711800411344, -7.903468940639868e-06, 0.005577013362199068, -0.00733397388830781, 0.019074901938438416, -0.007726514246314764, 0.003557374933734536, 0.003939485177397728, -0.0019733523949980736], [0.0003256139752920717, 0.0018419323023408651, -0.0016527037369087338, 0.0024222396314144135, 0.0005345374811440706, -0.004331981297582388, 0.0036683238577097654, 0.0014665419002994895, -0.007726514246314764, 0.016145484521985054, -0.0007755991537123919, -0.0026043313555419445, 0.006313951686024666], [-0.0002205808850703761, -0.005272343289107084, 0.002753100823611021, -0.004008350428193808, 0.006436131428927183, 2.6193842131760903e-05, 0.0020537921227514744, 0.0019375706324353814, 0.003557374933734536, -0.0007755991537123919, 0.01845705136656761, -0.002111167646944523, 0.004100586287677288], [0.00028327139443717897, 0.0033755935728549957, -0.00198793550953269, 0.002513902261853218, -0.00390631053596735, 0.0032259924337267876, -0.0020267008803784847, -0.0017111127963289618, 0.003939485177397728, -0.0026043313555419445, -0.002111167646944523, 0.015183188021183014, -0.006369405891746283], [0.0002851674216799438, -0.003977761138230562, 0.0017281549517065287, -0.0059709856286644936, 0.005168442614376545, -0.0038054618053138256, 0.0067957607097923756, 0.00396411819383502, -0.0019733523949980736, 0.006313951686024666, 0.004100586287677288, -0.006369405891746283, 0.02769964374601841]], "lowlevel.mfcc.cov": [[5732.216796875, 17.297056198120117, -920.2965087890625, -867.1397094726562, -681.4725952148438, -771.3074340820312, -103.39046478271484, -10.619266510009766, -293.2860107421875, 246.44686889648438, 322.43231201171875, -183.70384216308594, 5.947497844696045], [17.297056198120117, 1111.291015625, -257.8409118652344, -100.32699584960938, -164.05409240722656, -146.07664489746094, 65.95223999023438, 123.90365600585938, -133.91900634765625, 39.46942901611328, 123.39799499511719, -66.71014404296875, -30.979650497436523], [-920.2965087890625, -257.8409118652344, 495.8602294921875, 229.43630981445312, 153.58572387695312, 200.7906494140625, 22.487266540527344, -38.015968322753906, 104.66000366210938, -59.685028076171875, -92.77104949951172, 92.218017578125, 25.0413818359375], [-867.1397094726562, -100.32699584960938, 229.43630981445312, 510.9720764160156, 369.830078125, 68.68814086914062, -137.34237670898438, -40.048221588134766, 80.59867095947266, -65.52630615234375, -146.21144104003906, 47.73577117919922, 64.3909683227539], [-681.4725952148438, -164.05409240722656, 153.58572387695312, 369.830078125, 487.3243408203125, 129.2785186767578, -181.98593139648438, -108.37720489501953, 96.94940948486328, -31.70930290222168, -132.179443359375, 50.46460723876953, 46.82495880126953], [-771.3074340820312, -146.07664489746094, 200.7906494140625, 68.68814086914062, 129.2785186767578, 366.53497314453125, 108.9435043334961, -22.707796096801758, 91.10449981689453, -44.27395248413086, -50.95985412597656, 59.12877655029297, -33.96360778808594], [-103.39046478271484, 65.95223999023438, 22.487266540527344, -137.34237670898438, -181.98593139648438, 108.9435043334961, 255.18934631347656, 109.3114242553711, -28.78523826599121, -21.30714988708496, 49.065711975097656, -12.189330101013184, -49.856529235839844], [-10.619266510009766, 123.90365600585938, -38.015968322753906, -40.048221588134766, -108.37720489501953, -22.707796096801758, 109.3114242553711, 150.73037719726562, -5.417854309082031, -16.257230758666992, 20.366195678710938, -15.095486640930176, -5.388115882873535], [-293.2860107421875, -133.91900634765625, 104.66000366210938, 80.59867095947266, 96.94940948486328, 91.10449981689453, -28.78523826599121, -5.417854309082031, 140.36968994140625, 21.57155418395996, -34.20903778076172, 40.30799865722656, 11.63546085357666], [246.44686889648438, 39.46942901611328, -59.685028076171875, -65.52630615234375, -31.70930290222168, -44.27395248413086, -21.30714988708496, -16.257230758666992, 21.57155418395996, 124.47755432128906, 69.15534973144531, -10.9597806930542, -6.679815292358398], [322.43231201171875, 123.39799499511719, -92.77104949951172, -146.21144104003906, -132.179443359375, -50.95985412597656, 49.065711975097656, 20.366195678710938, -34.20903778076172, 69.15534973144531, 125.10621643066406, -5.624126434326172, -22.827899932861328], [-183.70384216308594, -66.71014404296875, 92.218017578125, 47.73577117919922, 50.46460723876953, 59.12877655029297, -12.189330101013184, -15.095486640930176, 40.30799865722656, -10.9597806930542, -5.624126434326172, 95.2378158569336, 38.44320297241211], [5.947497844696045, -30.979650497436523, 25.0413818359375, 64.3909683227539, 46.82495880126953, -33.96360778808594, -49.856529235839844, -5.388115882873535, 11.63546085357666, -6.679815292358398, -22.827899932861328, 38.44320297241211, 88.44512939453125]], "lowlevel.mfcc.icov": [[0.00039397121872752905, 0.00021200721675995737, 0.0003632114385254681, 0.0003926370700355619, 4.555049235932529e-05, 0.0005021400866098702, 3.271206151111983e-05, 0.00013313583622220904, 0.00018997171719092876, -0.00021212903084233403, -0.0001512015296611935, 3.2375759474234655e-05, -0.00023977141245268285], [0.00021200721675995737, 0.001420854008756578, 0.0005552492802962661, -0.000237902466324158, 9.734057675814256e-05, -3.428286072448827e-05, 0.0004956956836394966, -0.0011795368045568466, 0.0012344482820481062, -0.00031755646341480315, -0.001193550182506442, 0.00017319789913017303, 7.256408571265638e-05], [0.0003632114385254681, 0.0005552492802962661, 0.00460746930912137, -0.0018215974560007453, 0.0011980999261140823, -0.00020554820366669446, -0.0016383930342271924, 0.0018839120166376233, -0.0011953923385590315, 8.101559069473296e-05, 0.0008581880829297006, -0.0023401696234941483, 7.175780774559826e-05], [0.0003926370700355619, -0.000237902466324158, -0.0018215974560007453, 0.006986474618315697, -0.004368932917714119, 0.001742432708851993, 0.000570670876186341, -0.0018956202547997236, 0.00028744162409566343, 0.00030723639065399766, 0.0019280330743640661, 0.00035581664997152984, -0.0011636781273409724], [4.555049235932529e-05, 9.734057675814256e-05, 0.0011980999261140823, -0.004368932917714119, 0.008157378993928432, -0.003551505273208022, 0.003934822045266628, 0.0011873930925503373, -5.8987512602470815e-05, -0.001082508941181004, 0.0015589523827657104, -0.00020647882774937898, -0.0001014570370898582], [0.0005021400866098702, -3.428286072448827e-05, -0.00020554820366669446, 0.001742432708851993, -0.003551505273208022, 0.009428080171346664, -0.007531094364821911, 0.004396965727210045, -0.004070146940648556, 0.0013528047129511833, 0.001426040893420577, -0.0030557115096598864, 0.0026010361034423113], [3.271206151111983e-05, 0.0004956956836394966, -0.0016383930342271924, 0.000570670876186341, 0.003934822045266628, -0.007531094364821911, 0.01596103608608246, -0.009682878851890564, 0.00504562770947814, 0.0001769440423231572, -0.0030991104431450367, 0.0019679151009768248, 0.0013463315553963184], [0.00013313583622220904, -0.0011795368045568466, 0.0018839120166376233, -0.0018956202547997236, 0.0011873930925503373, 0.004396965727210045, -0.009682878851890564, 0.016196368262171745, -0.00664728507399559, 0.0033152431715279818, 0.00020891909662168473, 0.0005609595682471991, -0.002052170457318425], [0.00018997171719092876, 0.0012344482820481062, -0.0011953923385590315, 0.00028744162409566343, -5.8987512602470815e-05, -0.004070146940648556, 0.00504562770947814, -0.00664728507399559, 0.015949446707963943, -0.00782602559775114, 0.0038931958843022585, -0.0035583784338086843, 0.0013185382122173905], [-0.00021212903084233403, -0.00031755646341480315, 8.101559069473296e-05, 0.00030723639065399766, -0.001082508941181004, 0.0013528047129511833, 0.0001769440423231572, 0.0033152431715279818, -0.00782602559775114, 0.01776576042175293, -0.011987111531198025, 0.004771263804286718, -0.001745722722262144], [-0.0001512015296611935, -0.001193550182506442, 0.0008581880829297006, 0.0019280330743640661, 0.0015589523827657104, 0.001426040893420577, -0.0030991104431450367, 0.00020891909662168473, 0.0038931958843022585, -0.011987111531198025, 0.02396521531045437, -0.008362277410924435, 0.004336171317845583], [3.2375759474234655e-05, 0.00017319789913017303, -0.0023401696234941483, 0.00035581664997152984, -0.00020647882774937898, -0.0030557115096598864, 0.0019679151009768248, 0.0005609595682471991, -0.00355837843380