{"song_id": "1183704304809431151", "download": "https://cdn.discordapp.com/attachments/1128313332273782784/1183704304809431151/chirp.mp4?ex=65894d8a&amp", "lyrics": "Take your time to consider the opportunity and place a trade.\nIt's important to follow the rules\nAlways think of scenarios and check the situation\nTrade with an edge and put the odds on your side\nEarn big profits\nTrading is fun and feels good\nMake great trades and make a lot of money\nA happy day begins\nIf you follow the rules, you can make a lot of money.\nHappy day begins\nIf you have an edge, you can make a lot of money\nHappy day begins", "style": ["lyric"], "essentia_features": {"lowlevel.average_loudness": 0.9169633388519287, "lowlevel.barkbands_crest.mean": 12.549457550048828, "lowlevel.barkbands_crest.stdev": 4.427529811859131, "lowlevel.barkbands_flatness_db.mean": 0.1867000311613083, "lowlevel.barkbands_flatness_db.stdev": 0.0539216622710228, "lowlevel.barkbands_kurtosis.mean": 10.21496868133545, "lowlevel.barkbands_kurtosis.stdev": 18.305702209472656, "lowlevel.barkbands_skewness.mean": 2.0330355167388916, "lowlevel.barkbands_skewness.stdev": 1.828629732131958, "lowlevel.barkbands_spread.mean": 15.191969871520996, "lowlevel.barkbands_spread.stdev": 13.842308044433594, "lowlevel.dissonance.mean": 0.43491724133491516, "lowlevel.dissonance.stdev": 0.049844276160001755, "lowlevel.dynamic_complexity": 3.872415065765381, "lowlevel.erbbands_crest.mean": 11.858914375305176, "lowlevel.erbbands_crest.stdev": 5.331092834472656, "lowlevel.erbbands_flatness_db.mean": 0.18048368394374847, "lowlevel.erbbands_flatness_db.stdev": 0.06380773335695267, "lowlevel.erbbands_kurtosis.mean": 2.1450271606445312, "lowlevel.erbbands_kurtosis.stdev": 4.955271244049072, "lowlevel.erbbands_skewness.mean": 0.7639378309249878, "lowlevel.erbbands_skewness.stdev": 1.035208821296692, "lowlevel.erbbands_spread.mean": 35.294166564941406, "lowlevel.erbbands_spread.stdev": 23.610122680664062, "lowlevel.hfc.mean": 13.817241668701172, "lowlevel.hfc.stdev": 15.070557594299316, "lowlevel.loudness_ebu128.integrated": -16.672224044799805, "lowlevel.loudness_ebu128.loudness_range": 2.068251609802246, "lowlevel.loudness_ebu128.momentary.mean": -17.433298110961914, "lowlevel.loudness_ebu128.momentary.stdev": 3.071523904800415, "lowlevel.loudness_ebu128.short_term.mean": -16.70427894592285, "lowlevel.loudness_ebu128.short_term.stdev": 0.7892821431159973, "lowlevel.melbands_crest.mean": 16.871793746948242, "lowlevel.melbands_crest.stdev": 5.674244403839111, "lowlevel.melbands_flatness_db.mean": 0.2540702223777771, "lowlevel.melbands_flatness_db.stdev": 0.06239289417862892, "lowlevel.melbands_kurtosis.mean": 23.054040908813477, "lowlevel.melbands_kurtosis.stdev": 40.736595153808594, "lowlevel.melbands_skewness.mean": 2.8846888542175293, "lowlevel.melbands_skewness.stdev": 2.3708462715148926, "lowlevel.melbands_spread.mean": 15.253142356872559, "lowlevel.melbands_spread.stdev": 15.520254135131836, "lowlevel.pitch_salience.mean": 0.4702589809894562, "lowlevel.pitch_salience.stdev": 0.13438992202281952, "lowlevel.silence_rate_20dB.mean": 1.0, "lowlevel.silence_rate_20dB.stdev": 0.0, "lowlevel.silence_rate_30dB.mean": 0.9976869821548462, "lowlevel.silence_rate_30dB.stdev": 0.0480383038520813, "lowlevel.silence_rate_60dB.mean": 0.10100231319665909, "lowlevel.silence_rate_60dB.stdev": 0.3013313412666321, "lowlevel.spectral_centroid.mean": 908.8172607421875, "lowlevel.spectral_centroid.stdev": 585.64208984375, "lowlevel.spectral_complexity.mean": 10.060138702392578, "lowlevel.spectral_complexity.stdev": 6.171372890472412, "lowlevel.spectral_decrease.mean": -5.864347674133796e-09, "lowlevel.spectral_decrease.stdev": 5.6151003846593994e-09, "lowlevel.spectral_energy.mean": 0.02338668890297413, "lowlevel.spectral_energy.stdev": 0.022283971309661865, "lowlevel.spectral_energyband_high.mean": 0.00021172157721593976, "lowlevel.spectral_energyband_high.stdev": 0.0005407790886238217, "lowlevel.spectral_energyband_low.mean": 0.006583743263036013, "lowlevel.spectral_energyband_low.stdev": 0.010837242007255554, "lowlevel.spectral_energyband_middle_high.mean": 0.004366725217550993, "lowlevel.spectral_energyband_middle_high.stdev": 0.008997713215649128, "lowlevel.spectral_energyband_middle_low.mean": 0.01254034973680973, "lowlevel.spectral_energyband_middle_low.stdev": 0.015177752822637558, "lowlevel.spectral_entropy.mean": 7.186562538146973, "lowlevel.spectral_entropy.stdev": 0.5704673528671265, "lowlevel.spectral_flux.mean": 0.07854985445737839, "lowlevel.spectral_flux.stdev": 0.0535440631210804, "lowlevel.spectral_kurtosis.mean": 6.666018486022949, "lowlevel.spectral_kurtosis.stdev": 4.935201168060303, "lowlevel.spectral_rms.mean": 0.004262846428900957, "lowlevel.spectral_rms.stdev": 0.0021550890523940325, "lowlevel.spectral_rolloff.mean": 1035.203857421875, "lowlevel.spectral_rolloff.stdev": 1269.2149658203125, "lowlevel.spectral_skewness.mean": 2.0000433921813965, "lowlevel.spectral_skewness.stdev": 0.6981462240219116, "lowlevel.spectral_spread.mean": 4806420.5, "lowlevel.spectral_spread.stdev": 1912000.25, "lowlevel.spectral_strongpeak.mean": 1.1849596500396729, "lowlevel.spectral_strongpeak.stdev": 1.5012835264205933, "lowlevel.zerocrossingrate.mean": 0.04407632350921631, "lowlevel.zerocrossingrate.stdev": 0.031092103570699692, "metadata.audio_properties.analysis.equal_loudness": 0.0, "metadata.audio_properties.analysis.length": 30.07997703552246, "metadata.audio_properties.analysis.sample_rate": 44100.0, "metadata.audio_properties.analysis.start_time": 0.0, "metadata.audio_properties.bit_rate": 118897.0, "metadata.audio_properties.length": 30.079999923706055, "metadata.audio_properties.lossless": 0.0, "metadata.audio_properties.number_channels": 1.0, "metadata.audio_properties.replay_gain": -11.15709114074707, "metadata.audio_properties.sample_rate": 48000.0, "rhythm.beats_count": 45.0, "rhythm.beats_loudness.mean": 0.028891734778881073, "rhythm.beats_loudness.stdev": 0.01740863174200058, "rhythm.bpm": 92.24889373779297, "rhythm.bpm_histogram_first_peak_bpm": 92.0, "rhythm.bpm_histogram_first_peak_weight": 0.5263158082962036, "rhythm.bpm_histogram_second_peak_bpm": 85.0, "rhythm.bpm_histogram_second_peak_spread": 0.0, "rhythm.bpm_histogram_second_peak_weight": 0.13636364042758942, "rhythm.danceability": 1.5011416673660278, "rhythm.onset_rate": 4.718695640563965, "tonal.chords_changes_rate": 0.07395993918180466, "tonal.chords_number_rate": 0.016949152573943138, "tonal.chords_strength.mean": 0.5186648368835449, "tonal.chords_strength.stdev": 0.09051401913166046, "tonal.hpcp_crest.mean": 15.91878604888916, "tonal.hpcp_crest.stdev": 7.523374557495117, "tonal.hpcp_entropy.mean": 1.6619434356689453, "tonal.hpcp_entropy.stdev": 0.7102601528167725, "tonal.key_edma.strength": 0.7107467651367188, "tonal.key_krumhansl.strength": 0.7132512927055359, "tonal.key_temperley.strength": 0.7199919819831848, "tonal.tuning_diatonic_strength": 0.6624797582626343, "tonal.tuning_equal_tempered_deviation": 0.18075472116470337, "tonal.tuning_frequency": 438.98455810546875, "tonal.tuning_nontempered_energy_ratio": 0.8370484113693237, "lowlevel.barkbands.mean": [1.2412198884703685e-05, 0.0036804620176553726, 0.002712520072236657, 0.0004324497713241726, 0.003764199558645487, 0.0013750158250331879, 0.0016885044751688838, 0.003202669555321336, 0.001799612888135016, 0.0006334392819553614, 0.0011693043634295464, 0.0005318588810041547, 0.0004898827173747122, 0.0005702076014131308, 0.00031642388785257936, 0.0002986940380651504, 0.0002551492361817509, 0.00016430075629614294, 4.989506851416081e-05, 4.726437691715546e-05, 3.535392534104176e-05, 4.8978330596582964e-05, 3.5611265047919005e-05, 3.362614006618969e-05, 2.6796726160682738e-05, 1.0709562957345042e-05, 1.3426202940536314e-06], "lowlevel.barkbands.stdev": [4.752876338898204e-05, 0.006467640399932861, 0.0050816526636481285, 0.0012426453176885843, 0.008164326660335064, 0.00331103359349072, 0.0044497838243842125, 0.0072063421830534935, 0.004790719598531723, 0.002160056959837675, 0.005085657816380262, 0.001987033523619175, 0.0017258438747376204, 0.002072685630992055, 0.000993503024801612, 0.0008367631817236543, 0.0005378021160140634, 0.00034064563806168735, 9.182625944959e-05, 0.0001114429542212747, 0.00013392316759563982, 0.0001675649400567636, 0.00012280394730623811, 0.00010679957631509751, 6.920195301063359e-05, 2.272200617881026e-05, 5.077062269265298e-06], "lowlevel.erbbands.mean": [0.03067319467663765, 1.0714510679244995, 3.61409592628479, 1.8592671155929565, 6.11958646774292, 12.979741096496582, 17.4969482421875, 8.805904388427734, 10.944448471069336, 59.51971435546875, 58.15693664550781, 36.20991516113281, 34.52674865722656, 31.11150360107422, 37.27460861206055, 18.507034301757812, 21.367870330810547, 28.27292251586914, 20.35485076904297, 15.78408145904541, 18.042179107666016, 16.01987075805664, 10.58466625213623, 3.6118366718292236, 2.5569233894348145, 2.2037410736083984, 1.4820237159729004, 1.4250625371932983, 1.8299272060394287, 1.425097107887268, 0.9250919222831726, 0.687296450138092, 0.5783706307411194, 0.36243733763694763, 0.1538914293050766, 0.05459233373403549, 0.018081480637192726, 0.004163983277976513, 0.00014460714010056108, 3.0212957426556386e-05], "lowlevel.erbbands.stdev": [0.06783749163150787, 1.821612000465393, 6.1141743659973145, 4.198470592498779, 22.046510696411133, 26.45441436767578, 32.94679260253906, 21.337987899780273, 23.696048736572266, 131.01914978027344, 135.04872131347656, 100.3074951171875, 93.86508178710938, 137.4120635986328, 135.98020935058594, 61.23007583618164, 70.42700958251953, 82.80265045166016, 66.85249328613281, 42.2757568359375, 46.75865936279297, 33.240699768066406, 20.78778076171875, 7.149735450744629, 4.796932220458984, 5.3271589279174805, 5.314310073852539, 4.6236653327941895, 7.0950703620910645, 5.739786624908447, 2.638662815093994, 2.077700614929199, 1.8399980068206787, 1.008928894996643, 0.37810778617858887, 0.12094217538833618, 0.04182124882936478, 0.011519054882228374, 0.0004854493890888989, 2.7550968297873624e-05], "lowlevel.gfcc.mean": [-50.12049102783203, 100.7251205444336, -99.86502838134766, 21.209224700927734, -62.75004959106445, 14.043069839477539, -44.87628173828125, 17.268455505371094, -18.014019012451172, 1.126914143562317, -17.098894119262695, -4.927311420440674, -14.727243423461914], "lowlevel.melbands.mean": [0.0006438498967327178, 0.001720423111692071, 0.00044201279524713755, 0.0007242647116072476, 0.0006236153421923518, 0.00020419091742951423, 0.00021113849652465433, 0.000718462688382715, 0.0004210256156511605, 0.00023842127120587975, 0.00016729098570067436, 0.00011523099965415895, 0.0001470131246605888, 6.32217779639177e-05, 3.913287218892947e-05, 5.5605578381801024e-05, 5.321344724507071e-05, 3.654136889963411e-05, 2.5753883164725266e-05, 1.74451524799224e-05, 2.0930605387547985e-05, 1.6629084711894393e-05, 1.3042643331573345e-05, 6.127655979071278e-06, 2.5664719487394905e-06, 1.7839223573901108e-06, 1.9140613858326105e-06, 1.3150611266610213e-06, 8.825622330732585e-07, 8.89633156475611e-07, 8.053270903474186e-07, 1.0650720696503413e-06, 9.228085673385067e-07, 7.337712872867996e-07, 5.377671641326742e-07, 4.504468620325497e-07, 4.1390592286916217e-07, 4.1851137666526483e-07, 3.631673450854578e-07, 2.850454450253892e-07], "lowlevel.melbands.stdev": [0.00121816317550838, 0.0027658124454319477, 0.0010092639131471515, 0.0019966510590165854, 0.001002465607598424, 0.0004886460374109447, 0.0004971026792190969, 0.0014922175323590636, 0.001055478467606008, 0.000680400466080755, 0.0004732290399260819, 0.0005144219612702727, 0.0005749400588683784, 0.000255166320130229, 0.00013121373194735497, 0.0001904052187455818, 0.00016867145313881338, 0.00014508959429804236, 8.178254938684404e-05, 5.24494971614331e-05, 5.7294331782031804e-05, 3.645242395577952e-05, 2.655376010807231e-05, 1.3379421034187544e-05, 5.370628059608862e-06, 3.345858203829266e-06, 3.992620349890785e-06, 3.4530626180639956e-06, 3.1312233659264166e-06, 3.850632765534101e-06, 2.4169744392565917e-06, 4.253656697983388e-06, 3.380653197382344e-06, 3.1097299597604433e-06, 1.5483610695810057e-06, 1.2060202152497368e-06, 1.3900942121836124e-06, 1.3845173043591785e-06, 1.1336677516737836e-06, 7.763631515445013e-07], "lowlevel.melbands128.mean": [7.955218279676046e-06, 4.933359014103189e-05, 0.000637225282844156, 0.0022566053085029125, 0.002306263893842697, 0.0010556851048022509, 0.00029955804347991943, 0.00023554847575724125, 0.0006340769468806684, 0.0008563508163206279, 0.0006795579101890326, 0.0007476973696611822, 0.0006756226648576558, 0.000390019326005131, 0.00019723291916307062, 0.00010056851169792935, 8.605022594565526e-05, 0.0001445210218662396, 0.0004478204355109483, 0.0007305276812985539, 0.0008887510048225522, 0.0006880681030452251, 0.00030855811201035976, 0.00024087227939162403, 0.0001616604276932776, 0.0002894213830586523, 0.00027238429174758494, 0.0001461105130147189, 0.0001025046149152331, 4.025533780804835e-05, 0.00013804613263346255, 0.00022582414385396987, 0.00014239453594200313, 0.00010260377894155681, 8.912871999200433e-05, 3.786121305893175e-05, 4.352935138740577e-05, 4.4954107579542324e-05, 2.4971786842797883e-05, 5.2679581131087616e-05, 5.796823461423628e-05, 7.449305121554062e-05, 3.305196878500283e-05, 5.957473331363872e-05, 6.524431955767795e-05, 1.95233278645901e-05, 2.0469484297791496e-05, 3.2693576940800995e-05, 2.502593088138383e-05, 1.691741454123985e-05, 1.2799089745385572e-05, 2.0439236322999932e-05, 2.989949643961154e-05, 1.6256799426628277e-05, 1.2492005225794856e-05, 2.0134810256422497e-05, 1.723496097838506e-05, 1.1194779290235601e-05, 1.4662846297142096e-05, 1.0376163118053228e-05, 4.67407880933024e-06, 3.872434717777651e-06, 3.1267238682630705e-06, 2.076873443002114e-06, 1.8022400354311685e-06, 1.7942021486305748e-06, 1.6919109384616604e-06, 1.9237354536016937e-06, 1.997384515561862e-06, 1.9222547962272074e-06, 1.3526097291105543e-06, 9.935250773196458e-07, 9.078694915842789e-07, 8.638872373012418e-07, 8.407012614952691e-07, 1.006421257443435e-06, 8.511859164173075e-07, 6.920846544744563e-07, 8.005898735063965e-07, 8.865292215887166e-07, 1.0590496231088764e-06, 1.2156657476225519e-06, 9.68023641689797e-07, 9.154153985946323e-07, 7.953291856210853e-07, 9.103919751396461e-07, 6.167908850329695e-07, 6.021543299539189e-07, 5.408363676906447e-07, 4.866431595473841e-07, 4.917444016427908e-07, 4.4252774955566565e-07, 3.7971105371070735e-07, 3.9976674770514364e-07, 4.4156368517178635e-07, 4.468660392831225e-07, 4.0512261989533727e-07, 3.9353918168671953e-07, 3.6539319125949987e-07, 3.460318680481578e-07, 3.3844077051981003e-07, 2.661281541804783e-07, 2.416077506950387e-07, 2.0473156325806485e-07, 1.804647240533086e-07, 1.3567228052124847e-07, 1.121230255307637e-07, 1.0645753434346261e-07, 8.630932768483035e-08, 8.666623330100265e-08, 6.867889368322722e-08, 6.062054325184363e-08, 5.444337602966698e-08, 5.1092047925749284e-08, 4.5701334272507665e-08, 3.896088074384352e-08, 3.7710076838948225e-08, 1.8227503062462347e-08, 3.3127320886450207e-09, 7.52899825817721e-12, 2.9515361509024896e-12, 2.8612793558091543e-12, 2.8041720421395633e-12, 2.7517170399921076e-12, 2.6774177493138485e-12, 2.5814411372393486e-12, 2.5246944292123263e-12, 2.505752333056832e-12], "lowlevel.melbands128.stdev": [3.6915440432494506e-05, 0.00019773092935793102, 0.001535811461508274, 0.003783609252423048, 0.0037408838979899883, 0.00212434702552855, 0.000877888931427151, 0.0007361331954598427, 0.002525919582694769, 0.003029646584764123, 0.0013992658350616693, 0.0012494082329794765, 0.0014813143061473966, 0.0011985428864136338, 0.0006394811789505184, 0.0004242353606969118, 0.0003252261958550662, 0.00044762459583580494, 0.0013160682283341885, 0.0022054878063499928, 0.0022406247444450855, 0.002082217950373888, 0.0013370394008234143, 0.0011300400365144014, 0.0007873413851484656, 0.001021497999317944, 0.0010724577587097883, 0.0005517361569218338, 0.0004941694787703454, 0.00019301800057291985, 0.000809483986813575, 0.001323140342719853, 0.0007237441022880375, 0.0005893774796277285, 0.0004963777028024197, 0.0002047157904598862, 0.0002696983574423939, 0.00018576682487037033, 0.0001248623157152906, 0.000291667616693303, 0.00025117266341112554, 0.00038270503864623606, 0.00011949498730245978, 0.0002998636628035456, 0.0003964141651522368, 0.00010096935875480995, 0.0001053841770044528, 0.00015203849761746824, 9.310870518675074e-05, 7.971122249728069e-05, 5.7841676607495174e-05, 8.220324525609612e-05, 0.00010748951899586245, 6.958682206459343e-05, 3.731821198016405e-05, 5.582051380770281e-05, 5.997949483571574e-05, 3.203937012585811e-05, 4.0212653402704746e-05, 2.861463144654408e-05, 1.3886349734093528e-05, 1.3139095244696364e-05, 7.876570634834934e-06, 4.7873108997009695e-06, 3.959944478992838e-06, 3.975875188189093e-06, 3.6724156871059677e-06, 4.477733455132693e-06, 4.813127361558145e-06, 4.395832547743339e-06, 4.7755270315974485e-06, 2.93595030598226e-06, 3.126463525404688e-06, 4.023702786071226e-06, 2.7937121558352374e-06, 4.771535714098718e-06, 4.339638508099597e-06, 2.2666179120278684e-06, 2.546296400396386e-06, 2.6012146463472163e-06, 3.9246292544703465e-06, 7.296416697499808e-06, 3.853846010315465e-06, 3.3721687486831797e-06, 3.094905878242571e-06, 6.01623560214648e-06, 2.0145237158430973e-06, 1.8991491970155039e-06, 1.7568381736055017e-06, 1.2803976687791874e-06, 1.347745637758635e-06, 1.3390019830694655e-06, 1.0803360055433586e-06, 1.4149119351714035e-06, 1.7430888874514494e-06, 1.7786610442271922e-06, 1.2651438510147273e-06, 1.346796125289984e-06, 1.340483777312329e-06, 1.0279743491992122e-06, 9.921272976498585e-07, 7.839603313186672e-07, 6.974050279495714e-07, 5.367484163798508e-07, 4.904554202767031e-07, 3.625314946020808e-07, 2.759088886250538e-07, 2.4114777374961704e-07, 2.0964748159713054e-07, 2.2760387707876362e-07, 1.602975032710674e-07, 1.5594062574564305e-07, 1.482582092648954e-07, 1.553180055680059e-07, 1.223319543441903e-07, 1.1054314796865583e-07, 1.1742457672880846e-07, 1.0260696825525883e-07, 2.5951372606414225e-08, 1.0933386834777181e-10, 4.882374018966296e-12, 4.689881729497136e-12, 4.5924015458498335e-12, 4.509686027387438e-12, 4.443140300125492e-12, 4.389396832116255e-12, 4.3502857566268816e-12, 4.326327057019297e-12], "lowlevel.mfcc.mean": [-699.8212890625, 134.0768280029297, 16.973390579223633, 12.486042976379395, 9.73010540008545, -3.889852523803711, -5.311568260192871, 5.075245380401611, 1.626590371131897, 3.265214681625366, 4.2472686767578125, 2.0978455543518066, -1.4449634552001953], "lowlevel.spectral_contrast_coeffs.mean": [-0.6680640578269958, -0.7058410048484802, -0.7583315968513489, -0.7862987518310547, -0.7945803999900818, -0.8042104840278625], "lowlevel.spectral_contrast_coeffs.stdev": [0.07685888558626175, 0.1026490181684494, 0.09342115372419357, 0.08258672058582306, 0.06327104568481445, 0.03438602387905121], "lowlevel.spectral_contrast_valleys.mean": [-7.191469669342041, -7.155306339263916, -8.019181251525879, -8.30894660949707, -8.431241035461426, -10.643291473388672], "lowlevel.spectral_contrast_valleys.stdev": [0.8405990600585938, 0.7812561392784119, 0.8384143710136414, 0.8207876086235046, 0.7486794590950012, 0.6881452202796936], "rhythm.beats_loudness_band_ratio.mean": [0.36128485202789307, 0.2554760277271271, 0.23739567399024963, 0.10916805267333984, 0.050744298845529556, 0.02389427274465561], "rhythm.beats_loudness_band_ratio.stdev": [0.2775471806526184, 0.22068817913532257, 0.1936834305524826, 0.16624407470226288, 0.056875038892030716, 0.03570921719074249], "tonal.hpcp.mean": [0.04425167664885521, 0.032602958381175995, 0.052782900631427765, 0.10562341660261154, 0.11149153858423233, 0.09798859804868698, 0.15006805956363678, 0.14130838215351105, 0.09013709425926208, 0.08756676316261292, 0.09778275340795517, 0.14092296361923218, 0.22173872590065002, 0.1627635508775711, 0.04624554142355919, 0.035432733595371246, 0.04409949481487274, 0.07629968225955963, 0.10746163129806519, 0.07103075087070465, 0.029804270714521408, 0.053901344537734985, 0.09581659734249115, 0.15759286284446716, 0.1711675524711609, 0.10122236609458923, 0.08571769297122955, 0.1421983540058136, 0.16326311230659485, 0.11921361833810806, 0.07190387696027756, 0.0693076103925705, 0.1008916050195694, 0.13859084248542786, 0.12579645216464996, 0.07685364782810211], "tonal.hpcp.stdev": [0.14336885511875153, 0.11158626526594162, 0.13501358032226562, 0.23222044110298157, 0.2409365326166153, 0.2149774581193924, 0.28197985887527466, 0.26669207215309143, 0.20079796016216278, 0.2035897672176361, 0.21846520900726318, 0.2553648352622986, 0.32591429352760315, 0.27249079942703247, 0.13674461841583252, 0.11959624290466309, 0.14201976358890533, 0.19980114698410034, 0.24077461659908295, 0.17819707095623016, 0.09890378266572952, 0.1570912003517151, 0.23122568428516388, 0.28443095088005066, 0.3012869954109192, 0.20592688024044037, 0.20393291115760803, 0.27358075976371765, 0.2996836006641388, 0.2503789961338043, 0.18575593829154968, 0.17771178483963013, 0.22462241351604462, 0.25876912474632263, 0.26058605313301086, 0.19689296185970306], "rhythm.beats_position": [0.6849886775016785, 1.369977355003357, 2.043355941772461, 2.7167346477508545, 3.3785033226013184, 4.040272235870361, 4.702040672302246, 5.363809585571289, 6.025578022003174, 6.687346935272217, 7.314285755157471, 7.941224575042725, 8.59138298034668, 9.229931831359863, 9.880090713500977, 10.51863956451416, 11.168798446655273, 11.80734634399414, 12.445895195007324, 13.096054077148438, 13.74621295928955, 14.396371841430664, 15.034920692443848, 15.673469543457031, 16.323627471923828, 16.973787307739258, 17.623945236206055, 18.262493133544922, 18.901042938232422, 19.55120086669922, 20.18975067138672, 20.828298568725586, 21.478458404541016, 22.128616333007812, 22.75555419921875, 23.38249397277832, 24.055871963500977, 24.729251861572266, 25.41423988342285, 26.110837936401367, 26.819047927856445, 27.52725601196289, 28.223854064941406, 28.93206214904785, 29.64027214050293], "rhythm.bpm_histogram": [0.0, 0.0, 0.0, 0.0, 0.0, 0.0, 0.0, 0.0, 0.0, 0.0, 0.0, 0.0, 0.0, 0.0, 0.0, 0.0, 0.0, 0.0, 0.0, 0.0, 0.0, 0.0, 0.0, 0.0, 0.0, 0.0, 0.0, 0.0, 0.0, 0.0, 0.0, 0.0, 0.0, 0.0, 0.0, 0.0, 0.0, 0.0, 0.0, 0.0, 0.0, 0.0, 0.0, 0.0, 0.0, 0.0, 0.0, 0.0, 0.0, 0.0, 0.0, 0.0, 0.0, 0.0, 0.0, 0.0, 0.0, 0.0, 0.0, 0.0, 0.0, 0.0, 0.0, 0.0, 0.0, 0.0, 0.0, 0.0, 0.0, 0.0, 0.0, 0.0, 0.0, 0.0, 0.0, 0.0, 0.0, 0.0, 0.0, 0.0, 0.0, 0.0, 0.0, 0.0, 0.0, 0.09090909361839294, 0.04545454680919647, 0.0, 0.04545454680919647, 0.09090909361839294, 0.0, 0.13636364042758942, 0.27272728085517883, 0.0, 0.22727273404598236, 0.0, 0.09090909361839294, 0.0, 0.0, 0.0, 0.0, 0.0, 0.0, 0.0, 0.0, 0.0, 0.0, 0.0, 0.0, 0.0, 0.0, 0.0, 0.0, 0.0, 0.0, 0.0, 0.0, 0.0, 0.0, 0.0, 0.0, 0.0, 0.0, 0.0, 0.0, 0.0, 0.0, 0.0, 0.0, 0.0, 0.0, 0.0, 0.0, 0.0, 0.0, 0.0, 0.0, 0.0, 0.0, 0.0, 0.0, 0.0, 0.0, 0.0, 0.0, 0.0, 0.0, 0.0, 0.0, 0.0, 0.0, 0.0, 0.0, 0.0, 0.0, 0.0, 0.0, 0.0, 0.0, 0.0, 0.0, 0.0, 0.0, 0.0, 0.0, 0.0, 0.0, 0.0, 0.0, 0.0, 0.0, 0.0, 0.0, 0.0, 0.0, 0.0, 0.0, 0.0, 0.0, 0.0, 0.0, 0.0, 0.0, 0.0, 0.0, 0.0, 0.0, 0.0, 0.0, 0.0, 0.0, 0.0, 0.0, 0.0, 0.0, 0.0, 0.0, 0.0, 0.0, 0.0, 0.0, 0.0, 0.0, 0.0, 0.0, 0.0, 0.0, 0.0, 0.0, 0.0, 0.0, 0.0, 0.0, 0.0, 0.0, 0.0, 0.0, 0.0, 0.0, 0.0, 0.0, 0.0, 0.0, 0.0, 0.0, 0.0, 0.0, 0.0, 0.0, 0.0, 0.0, 0.0, 0.0, 0.0, 0.0, 0.0, 0.0, 0.0, 0.0, 0.0, 0.0, 0.0, 0.0, 0.0, 0.0, 0.0, 0.0, 0.0, 0.0, 0.0], "tonal.chords_histogram": [20.184900283813477, 14.791987419128418, 19.568567276000977, 17.103235244750977, 4.46841287612915, 0.15408320724964142, 0.0, 0.0, 0.0, 0.0, 0.0, 0.46224960684776306, 1.3867487907409668, 4.7765793800354, 0.0, 1.0785824060440063, 0.0, 9.24499225616455, 0.0, 3.8520801067352295, 0.7704160213470459, 0.0, 2.1571648120880127, 0.0], "tonal.thpcp": [1.0, 0.7340330481529236, 0.20855870842933655, 0.15979497134685516, 0.19888043403625488, 0.34409722685813904, 0.4846317768096924, 0.320335328578949, 0.13441166281700134, 0.24308493733406067, 0.4321148693561554, 0.7107142210006714, 0.7719334959983826, 0.4564938545227051, 0.38657069206237793, 0.6412878632545471, 0.7362859845161438, 0.5376310348510742, 0.3242729902267456, 0.31256431341171265, 0.45500218868255615, 0.6250186562538147, 0.5673183798789978, 0.34659552574157715, 0.19956675171852112, 0.1470332145690918, 0.2380409687757492, 0.47634175419807434, 0.5028058886528015, 0.44191017746925354, 0.6767787337303162, 0.6372742652893066, 0.4065013527870178, 0.39490965008735657, 0.44098183512687683, 0.6355360746383667], "lowlevel.gfcc.cov": [[4657.3408203125, 385.53057861328125, -747.3684692382812, -284.1112365722656, 303.461669921875, -44.19832992553711, 66.41864013671875, -72.196044921875, 41.39004898071289, -112.38775634765625, -70.34607696533203, 52.15483856201172, 52.11610412597656], [385.53057861328125, 1130.3939208984375, -333.2699279785156, -337.306884765625, 204.8268280029297, 39.24508285522461, 29.3105411529541, 16.665904998779297, 85.38024139404297, -116.34870147705078, 193.06065368652344, -98.94842529296875, 113.58494567871094], [-747.3684692382812, -333.2699279785156, 1270.2569580078125, 419.75872802734375, -66.84201049804688, 226.64877319335938, 156.53456115722656, 45.98700714111328, -45.96701431274414, 187.77597045898438, -75.65538787841797, 113.29016876220703, -106.781005859375], [-284.1112365722656, -337.306884765625, 419.75872802734375, 686.3837890625, 32.23933410644531, -15.943310737609863, -49.53729248046875, 99.38717651367188, 62.73594284057617, 44.36457443237305, -58.77605438232422, 38.09357452392578, 13.595726013183594], [303.461669921875, 204.8268280029297, -66.84201049804688, 32.23933410644531, 353.5051574707031, 68.37326049804688, -1.7331616878509521, 86.13512420654297, 92.16167449951172, -21.597890853881836, 17.504905700683594, 5.60492467880249, 17.26761245727539], [-44.19832992553711, 39.24508285522461, 226.64877319335938, -15.943310737609863, 68.37326049804688, 390.102294921875, 227.83045959472656, 30.675094604492188, -12.515095710754395, 64.9708023071289, 33.438629150390625, -8.167866706848145, -47.6456298828125], [66.41864013671875, 29.3105411529541, 156.53456115722656, -49.53729248046875, -1.7331616878509521, 227.83045959472656, 302.5088806152344, 55.421104431152344, -38.42548370361328, 37.92129898071289, 45.255958557128906, 26.831340789794922, -33.45976638793945], [-72.196044921875, 16.665904998779297, 45.98700714111328, 99.38717651367188, 86.13512420654297, 30.675094604492188, 55.421104431152344, 169.94956970214844, 87.53663635253906, 7.214934825897217, 18.97507095336914, 7.129581928253174, -2.4138741493225098], [41.39004898071289, 85.38024139404297, -45.96701431274414, 62.73594284057617, 92.16167449951172, -12.515095710754395, -38.42548370361328, 87.53663635253906, 173.08642578125, 38.343326568603516, 7.817728042602539, -34.38920211791992, 4.677489757537842], [-112.38775634765625, -116.34870147705078, 187.77597045898438, 44.36457443237305, -21.597890853881836, 64.9708023071289, 37.92129898071289, 7.214934825897217, 38.343326568603516, 131.38414001464844, -5.563924789428711, 2.769455909729004, -46.92201232910156], [-70.34607696533203, 193.06065368652344, -75.65538787841797, -58.77605438232422, 17.504905700683594, 33.438629150390625, 45.255958557128906, 18.97507095336914, 7.817728042602539, -5.563924789428711, 131.39732360839844, 14.503747940063477, 32.23773193359375], [52.15483856201172, -98.94842529296875, 113.29016876220703, 38.09357452392578, 5.60492467880249, -8.167866706848145, 26.831340789794922, 7.129581928253174, -34.38920211791992, 2.769455909729004, 14.503747940063477, 118.29054260253906, 19.08197021484375], [52.11610412597656, 113.58494567871094, -106.781005859375, 13.595726013183594, 17.26761245727539, -47.6456298828125, -33.45976638793945, -2.4138741493225098, 4.677489757537842, -46.92201232910156, 32.23773193359375, 19.08197021484375, 100.30167388916016]], "lowlevel.gfcc.icov": [[0.0003152036224491894, -0.0002358107449254021, 0.0003263363614678383, -0.00013557751663029194, -0.00017254296108148992, 5.163914829608984e-05, -0.0003687560965772718, 0.00037740266998298466, -0.00014556925452779979, -0.00015433027874678373, 0.0007460513152182102, -0.0007009663968347013, 0.00023752036213409156], [-0.0002358107449254021, 0.0028870597016066313, -0.001202160376124084, 0.0014863640535622835, -0.0012940262677147985, 0.00048352518933825195, -0.0003814298543147743, 0.0006761439726687968, -0.0014963634312152863, 0.0024915181566029787, -0.003915091045200825, 0.0037222588434815407, -0.0025011447723954916], [0.0003263363614678383, -0.001202160376124084, 0.002423592610284686, -0.0015428598271682858, 0.000603837484959513, -0.0008931176853366196, -0.00016255509399343282, -0.00020491229952313006, 0.0011662316974252462, -0.002612747484818101, 0.002589869312942028, -0.0032387853134423494, 0.0019008327508345246], [-0.00013557751663029194, 0.0014863640535622835, -0.0015428598271682858, 0.003161255270242691, -0.0006261714734137058, 0.0002818208886310458, 0.0006414771196432412, -0.001133569166995585, -0.0009272496681660414, 0.0012092440156266093, -0.0012472504749894142, 0.0020137520041316748, -0.0026287054643034935], [-0.00017254296108148992, -0.0012940262677147985, 0.000603837484959513, -0.0006261714734137058, 0.0050268881022930145, -0.00212930329144001, 0.0016685619484633207, -0.0018956802086904645, -0.0011918909149244428, 0.0004647380847018212, 0.0015451284125447273, -0.002776326611638069, 0.0012214458547532558], [5.163914829608984e-05, 0.00048352518933825195, -0.0008931176853366196, 0.0002818208886310458, -0.00212930329144001, 0.006199446506798267, -0.004485668148845434, 0.0015337415970861912, 3.0588887511839857e-06, -0.0007227155729196966, -0.0013450045371428132, 0.0028074400033801794, -0.00015146091755013913], [-0.0003687560965772718, -0.0003814298543147743, -0.00016255509399343282, 0.0006414771196432412, 0.0016685619484633207, -0.004485668148845434, 0.008764415048062801, -0.00471586175262928, 0.0031245953869074583, -0.0010911525459960103, -0.0011213705874979496, -0.0013439544709399343, 0.0007156641222536564], [0.00037740266998298466, 0.0006761439726687968, -0.00020491229952313006, -0.001133569166995585, -0.0018956802086904645, 0.0015337415970861912, -0.00471586175262928, 0.012842309661209583, -0.007506138179451227, 0.00389359169639647, -0.001460794941522181, -0.0008966083405539393, 0.0015761181712150574], [-0.00014556925452779979, -0.0014963634312152863, 0.0011662316974252462, -0.0009272496681660414, -0.0011918909149244428, 3.0588887511839857e-06, 0.0031245953869074583, -0.007506138179451227, 0.014532116241753101, -0.008126337081193924, 0.0013676402159035206, 0.0022251589689403772, -0.0011364002712070942], [-0.00015433027874678373, 0.0024915181566029787, -0.002612747484818101, 0.0012092440156266093, 0.0004647380847018212, -0.0007227155729196966, -0.0010911525459960103, 0.00389359169639647, -0.008126337081193924, 0.016765061765909195, -0.004479591269046068, 0.001517477910965681, 0.002992554334923625], [0.0007460513152182102, -0.003915091045200825, 0.002589869312942028, -0.0012472504749894142, 0.0015451284125447273, -0.0013450045371428132, -0.0011213705874979496, -0.001460794941522181, 0.0013676402159035206, -0.004479591269046068, 0.016001995652914047, -0.006912685465067625, -0.0003294055932201445], [-0.0007009663968347013, 0.0037222588434815407, -0.0032387853134423494, 0.0020137520041316748, -0.002776326611638069, 0.0028074400033801794, -0.0013439544709399343, -0.0008966083405539393, 0.0022251589689403772, 0.001517477910965681, -0.006912685465067625, 0.01756082847714424, -0.006743267178535461], [0.00023752036213409156, -0.0025011447723954916, 0.0019008327508345246, -0.0026287054643034935, 0.0012214458547532558, -0.00015146091755013913, 0.0007156641222536564, 0.0015761181712150574, -0.0011364002712070942, 0.002992554334923625, -0.0003294055932201445, -0.006743267178535461, 0.017894962802529335]], "lowlevel.mfcc.cov": [[4736.146484375, 389.828857421875, -1077.0245361328125, -178.50363159179688, 19.102270126342773, -0.9713547229766846, -88.80888366699219, 77.44538116455078, 14.352578163146973, -25.588884353637695, -117.47908020019531, -122.90629577636719, -63.53152084350586], [389.828857421875, 1182.5963134765625, -369.3389892578125, -376.033935546875, 78.44197082519531, -32.88020706176758, 104.13172912597656, 49.79692077636719, -60.49283981323242, 29.312007904052734, 21.249160766601562, -8.521561622619629, -7.204061031341553], [-1077.0245361328125, -369.3389892578125, 1155.52685546875, 270.6123046875, -86.7824478149414, 230.279296875, 136.28941345214844, 6.9811506271362305, 76.16133117675781, 8.298535346984863, 103.29721069335938, 85.03298950195312, 25.785799026489258], [-178.50363159179688, -376.033935546875, 270.6123046875, 545.427001953125, 167.07728576660156, -69.43102264404297, -103.9864730834961, 18.290372848510742, 68.93460845947266, -11.005309104919434, -44.77518081665039, 43.9051513671875, 59.17325973510742], [19.102270126342773, 78.44197082519531, -86.7824478149414, 167.07728576660156, 380.273681640625, -10.302380561828613, -76.03012084960938, 49.81328201293945, 63.78671646118164, 48.08635330200195, -2.591123104095459, 17.468904495239258, 36.597442626953125], [-0.9713547229766846, -32.88020706176758, 230.279296875, -69.43102264404297, -10.302380561828613, 265.0786437988281, 144.6562042236328, 28.000871658325195, 43.38328170776367, 40.6139030456543, 84.32310485839844, 14.42615795135498, -23.597410202026367], [-88.80888366699219, 104.13172912597656, 136.28941345214844, -103.9864730834961, -76.03012084960938, 144.6562042236328, 275.2994079589844, 111.69776153564453, 3.9320127964019775, 22.878677368164062, 66.28166961669922, 9.981372833251953, -3.642709970474243], [77.44538116455078, 49.79692077636719, 6.9811506271362305, 18.290372848510742, 49.81328201293945, 28.000871658325195, 111.69776153564453, 175.7740936279297, 50.750694274902344, 20.06124496459961, 26.91799545288086, 22.777507781982422, 33.75526809692383], [14.352578163146973, -60.49283981323242, 76.16133117675781, 68.93460845947266, 63.78671646118164, 43.38328170776367, 3.9320127964019775, 50.750694274902344, 132.1769561767578, 63.06204605102539, 26.8940486907959, 27.75900650024414, 24.0172176361084], [-25.588884353637695, 29.312007904052734, 8.298535346984863, -11.005309104919434, 48.08635330200195, 40.6139030456543, 22.878677368164062, 20.06124496459961, 63.06204605102539, 118.25743865966797, 68.84275817871094, 20.412729263305664, 15.64903450012207], [-117.47908020019531, 21.249160766601562, 103.29721069335938, -44.77518081665039, -2.591123104095459, 84.32310485839844, 66.28166961669922, 26.91799545288086, 26.8940486907959, 68.84275817871094, 138.35804748535156, 46.646488189697266, 5.046017169952393], [-122.90629577636719, -8.521561622619629, 85.03298950195312, 43.9051513671875, 17.468904495239258, 14.42615795135498, 9.981372833251953, 22.777507781982422, 27.75900650024414, 20.412729263305664, 46.646488189697266, 92.8152084350586, 42.74433898925781], [-63.53152084350586, -7.204061031341553, 25.785799026489258, 59.17325973510742, 36.597442626953125, -23.597410202026367, -3.642709970474243, 33.75526809692383, 24.0172176361084, 15.64903450012207, 5.046017169952393, 42.74433898925781, 95.12653350830078]], "lowlevel.mfcc.icov": [[0.00032929753069765866, -0.0001384450151817873, 0.00043243166874162853, -0.00030314302421174943, 0.0003416324907448143, -0.0006480735610239208, 0.0003716182545758784, -0.00033879722468554974, -0.00014227547217160463, 0.00011004904808942229, 6.7807239247486e-05, 0.0002159158029826358, 4.024632289656438e-05], [-0.0001384450151817873, 0.0014743736246600747, -0.00015372506459243596, 0.0013417677255347371, -0.0011425619013607502, 0.0011015187483280897, -0.0010412257397547364, 0.0002796455519273877, 0.00039804677362553775, -0.00025063598877750337, 0.00021736677445005625, -0.0006343511049635708, 1.417861676600296e-05], [0.00043243166874162853, -0.00015372506459243596, 0.002260765992105007, -0.001654323423281312, 0.001161840627901256, -0.0021267286501824856, -0.00011182206799276173, 0.00031599224894307554, -0.0007635839283466339, 0.000978174270130694, -0.0008007202413864434, -0.0001503836247138679, -0.0002556343097239733], [-0.00030314302421174943, 0.0013417677255347371, -0.001654323423281312, 0.004884111694991589, -0.00261052418500185, 0.002647609915584326, -0.0003586125676520169, 5.16351756232325e-05, -0.0005824267282150686, 0.00021389409084804356, 0.0013120946241542697, -0.0012989609967917204, -0.0004355708952061832], [0.0003416324907448143, -0.0011425619013607502, 0.001161840627901256, -0.00261052418500185, 0.005291094537824392, -0.0029012802988290787, 0.0029874350875616074, -0.00239068572409451, -6.556289008585736e-05, -0.001415114849805832, 0.00015819616965018213, 0.0006762772100046277, -0.0004049397830385715], [-0.0006480735610239208, 0.0011015187483280897, -0.0021267286501824856, 0.002647609915584326, -0.0029012802988290787, 0.010263354517519474, -0.0054999589920043945, 0.0032659561838954687, -0.002834286307916045, 0.0009219403727911413, -0.0024907789193093777, -0.00018413182988297194, 0.0016515619354322553], [0.0003716182545758784, -0.0010412257397547364, -0.00011182206799276173, -0.0003586125676520169, 0.0029874350875616074, -0.0054999589920043945, 0.010958187282085419, -0.007660072296857834, 0.0033450783230364323, -0.0017870367737486959, -2.7307220079819672e-05, 0.0010587512515485287, 2.1952113456791267e-05], [-0.00033879722468554974, 0.0002796455519273877, 0.00031599224894307554, 5.16351756232325e-05, -0.00239068572409451, 0.0032659561838954687, -0.007660072296857834, 0.012695194222033024, -0.0053213536739349365, 0.0032707962673157454, -0.0018270773580297828, -0.00018879662093240768, -0.0024039193522185087], [-0.00014227547217160463, 0.00039804677362553775, -0.0007635839283466339, -0.0005824267282150686, -6.556289008585736e-05, -0.002834286307916045, 0.0033450783230364323, -0.0053213536739349365, 0.015286507084965706, -0.008688005618751049, 0.003479178063571453, -0.0023099405225366354, 0.00026605805032886565], [0.00011004904808942229, -0.00025063598877750337, 0.000978174270130694, 0.00021389409084804356, -0.001415114849805832, 0.0009219403727911413, -0.0017870367737486959, 0.0032707962673157454, -0.008688005618751049, 0.018389536067843437, -0.009280350990593433, 0.003001720877364278, -0.002487840363755822], [6.7807239247486e-05, 0.00021736677445005625, -0.0008007202413864434, 0.0013120946241542697, 0.00015819616965018213, -0.0024907789193093777, -2.7307220079819672e-05, -0.0018270773580297828, 0.003479178063571453, -0.009280350990593433, 0.01652241311967373, -0.007445659022778273, 0.0025486513040959835], [0.0002159158029826358, -0.0006343511049635708, -0.0001503836247138679, -0.0012989609967917204, 0.0006762772100046277, -0.00018413182988297194, 0.0010587512515485287, -0.00018879662093240768, -0.0023099405225366354, 0.003001720877364278, -0.007445659022778273, 0.018653718754649162, -0.007150918245315552], [4.024632289656438e-05, 1.417861676600296e-05, -0.0002556343097239733, -0.0004355708952061832, -0.0004049397830385715, 0.0016515619354322553, 2.1952113456791267e-05, -0.0024039193522185087, 0.00026605805032886565, -0.002487840363755822, 0.0025486513040959835, -0.007150918245315552, 0.015719959512352943]], "metadata.audio_properties.analysis.downmix": "mix", "metadata.audio_properties.codec": "mp3", "metadata.audio_properties.md5_encoded": "75cc9781bd79b8ba6043830289cee30c", "metadata.tags.file_name": "1183704304809431151.mp3", "metadata.version.essentia": "2.1-beta6-dev", "metadata.version.essentia_git_sha": "v2.1_beta5-1110-g77a6a954", "metadata.version.extractor": "music 2.0", "tonal.chords_key": "F#", "tonal.chords_scale": "major", "tonal.key_edma.key": "F#", "tonal.key_edma.scale": "major", "tonal.key_krumhansl.key": "F#", "tonal.key_krumhansl.scale": "major", "tonal.key_temperley.key": "F#", "tonal.key_temperley.scale": "major", "metadata.tags.encoding": ["Lavf58.45.100"]}, "essentia_models": [{"model_name": "genre_dortmund", "activation