{"song_id": "1183656015103807549", "download": "https://cdn.discordapp.com/attachments/1135903449314238464/1183656015103807549/chirp.mp4?ex=65892091&amp", "lyrics": "(Bridge)\n\"Yes, I like walking,\" \u662f\u7684\uff0c\u6211\u559c\u6b22\u8d70\u8def\uff0c\nSimple and clear, it's my liking.\n\u7b80\u5355\u660e\u4e86\uff0c\u8868\u8fbe\u6211\u559c\u597d\u3002\n\"Yes, I really enjoy walking,\" \u6211\u771f\u7684\u5f88\u559c\u6b22\u8d70\u8def\uff0c\nWith every step, my English is striking.\n\u6bcf\u8d70\u4e00\u6b65\uff0c\u6211\u7684\u82f1\u8bed\u66f4\u51fa\u8272\u3002", "style": ["Chinese pop"], "essentia_features": {"lowlevel.average_loudness": 0.9736366271972656, "lowlevel.barkbands_crest.mean": 12.04860782623291, "lowlevel.barkbands_crest.stdev": 4.810844898223877, "lowlevel.barkbands_flatness_db.mean": 0.1443699598312378, "lowlevel.barkbands_flatness_db.stdev": 0.0664997547864914, "lowlevel.barkbands_kurtosis.mean": 13.698389053344727, "lowlevel.barkbands_kurtosis.stdev": 25.46441078186035, "lowlevel.barkbands_skewness.mean": 2.5097131729125977, "lowlevel.barkbands_skewness.stdev": 2.5405430793762207, "lowlevel.barkbands_spread.mean": 26.293577194213867, "lowlevel.barkbands_spread.stdev": 16.68598175048828, "lowlevel.dissonance.mean": 0.48866257071495056, "lowlevel.dissonance.stdev": 0.011494272388517857, "lowlevel.dynamic_complexity": 1.6729109287261963, "lowlevel.erbbands_crest.mean": 7.534861087799072, "lowlevel.erbbands_crest.stdev": 3.469334840774536, "lowlevel.erbbands_flatness_db.mean": 0.13206733763217926, "lowlevel.erbbands_flatness_db.stdev": 0.03431813791394234, "lowlevel.erbbands_kurtosis.mean": 0.49607065320014954, "lowlevel.erbbands_kurtosis.stdev": 2.5959067344665527, "lowlevel.erbbands_skewness.mean": -0.49739348888397217, "lowlevel.erbbands_skewness.stdev": 0.8578028082847595, "lowlevel.erbbands_spread.mean": 56.15669250488281, "lowlevel.erbbands_spread.stdev": 27.391788482666016, "lowlevel.hfc.mean": 25.02825164794922, "lowlevel.hfc.stdev": 17.53339385986328, "lowlevel.loudness_ebu128.integrated": -14.085439682006836, "lowlevel.loudness_ebu128.loudness_range": 1.7457475662231445, "lowlevel.loudness_ebu128.momentary.mean": -14.253140449523926, "lowlevel.loudness_ebu128.momentary.stdev": 1.2609044313430786, "lowlevel.loudness_ebu128.short_term.mean": -14.15548038482666, "lowlevel.loudness_ebu128.short_term.stdev": 0.5655323266983032, "lowlevel.melbands_crest.mean": 18.148509979248047, "lowlevel.melbands_crest.stdev": 5.77218770980835, "lowlevel.melbands_flatness_db.mean": 0.21770480275154114, "lowlevel.melbands_flatness_db.stdev": 0.09703179448843002, "lowlevel.melbands_kurtosis.mean": 52.52129364013672, "lowlevel.melbands_kurtosis.stdev": 75.14141082763672, "lowlevel.melbands_skewness.mean": 5.067774772644043, "lowlevel.melbands_skewness.stdev": 3.7544734477996826, "lowlevel.melbands_spread.mean": 28.36530113220215, "lowlevel.melbands_spread.stdev": 29.58213233947754, "lowlevel.pitch_salience.mean": 0.49340376257896423, "lowlevel.pitch_salience.stdev": 0.1463918536901474, "lowlevel.silence_rate_20dB.mean": 1.0, "lowlevel.silence_rate_20dB.stdev": 0.0, "lowlevel.silence_rate_30dB.mean": 0.978225827217102, "lowlevel.silence_rate_30dB.stdev": 0.1459459513425827, "lowlevel.silence_rate_60dB.mean": 0.025806451216340065, "lowlevel.silence_rate_60dB.stdev": 0.15855690836906433, "lowlevel.spectral_centroid.mean": 1860.4393310546875, "lowlevel.spectral_centroid.stdev": 848.849853515625, "lowlevel.spectral_complexity.mean": 22.930644989013672, "lowlevel.spectral_complexity.stdev": 13.648707389831543, "lowlevel.spectral_decrease.mean": -1.071516386730309e-08, "lowlevel.spectral_decrease.stdev": 7.941333812766516e-09, "lowlevel.spectral_energy.mean": 0.04271164536476135, "lowlevel.spectral_energy.stdev": 0.030340934172272682, "lowlevel.spectral_energyband_high.mean": 0.0014604056486859918, "lowlevel.spectral_energyband_high.stdev": 0.0016011027619242668, "lowlevel.spectral_energyband_low.mean": 0.030336499214172363, "lowlevel.spectral_energyband_low.stdev": 0.029464147984981537, "lowlevel.spectral_energyband_middle_high.mean": 0.004926418885588646, "lowlevel.spectral_energyband_middle_high.stdev": 0.00443254504352808, "lowlevel.spectral_energyband_middle_low.mean": 0.007517887745052576, "lowlevel.spectral_energyband_middle_low.stdev": 0.010276541113853455, "lowlevel.spectral_entropy.mean": 7.822296142578125, "lowlevel.spectral_entropy.stdev": 0.3063466548919678, "lowlevel.spectral_flux.mean": 0.10473867505788803, "lowlevel.spectral_flux.stdev": 0.06223698705434799, "lowlevel.spectral_kurtosis.mean": 3.1988253593444824, "lowlevel.spectral_kurtosis.stdev": 1.816929817199707, "lowlevel.spectral_rms.mean": 0.006034396588802338, "lowlevel.spectral_rms.stdev": 0.0022925883531570435, "lowlevel.spectral_rolloff.mean": 1655.0367431640625, "lowlevel.spectral_rolloff.stdev": 1853.5657958984375, "lowlevel.spectral_skewness.mean": 1.1031720638275146, "lowlevel.spectral_skewness.stdev": 0.2794153094291687, "lowlevel.spectral_spread.mean": 4562750.0, "lowlevel.spectral_spread.stdev": 1200563.875, "lowlevel.spectral_strongpeak.mean": 0.6129485368728638, "lowlevel.spectral_strongpeak.stdev": 0.6934732794761658, "lowlevel.zerocrossingrate.mean": 0.07008017599582672, "lowlevel.zerocrossingrate.stdev": 0.04570896923542023, "metadata.audio_properties.analysis.equal_loudness": 0.0, "metadata.audio_properties.analysis.length": 28.75628089904785, "metadata.audio_properties.analysis.sample_rate": 44100.0, "metadata.audio_properties.analysis.start_time": 0.0, "metadata.audio_properties.bit_rate": 121787.0, "metadata.audio_properties.length": 28.757333755493164, "metadata.audio_properties.lossless": 0.0, "metadata.audio_properties.number_channels": 1.0, "metadata.audio_properties.replay_gain": -11.728696823120117, "metadata.audio_properties.sample_rate": 48000.0, "rhythm.beats_count": 65.0, "rhythm.beats_loudness.mean": 0.05204948037862778, "rhythm.beats_loudness.stdev": 0.023611320182681084, "rhythm.bpm": 137.5160675048828, "rhythm.bpm_histogram_first_peak_bpm": 136.0, "rhythm.bpm_histogram_first_peak_weight": 0.4126983880996704, "rhythm.bpm_histogram_second_peak_bpm": 148.0, "rhythm.bpm_histogram_second_peak_spread": 0.0, "rhythm.bpm_histogram_second_peak_weight": 0.015625, "rhythm.danceability": 1.1931023597717285, "rhythm.onset_rate": 3.7539725303649902, "tonal.chords_changes_rate": 0.05797101557254791, "tonal.chords_number_rate": 0.011272141709923744, "tonal.chords_strength.mean": 0.5622013807296753, "tonal.chords_strength.stdev": 0.05782066658139229, "tonal.hpcp_crest.mean": 9.94052505493164, "tonal.hpcp_crest.stdev": 4.538127899169922, "tonal.hpcp_entropy.mean": 2.7607626914978027, "tonal.hpcp_entropy.stdev": 0.7281464338302612, "tonal.key_edma.strength": 0.6936108469963074, "tonal.key_krumhansl.strength": 0.6745732426643372, "tonal.key_temperley.strength": 0.6333287358283997, "tonal.tuning_diatonic_strength": 0.6010571122169495, "tonal.tuning_equal_tempered_deviation": 0.15000420808792114, "tonal.tuning_frequency": 437.7185363769531, "tonal.tuning_nontempered_energy_ratio": 0.7772594094276428, "lowlevel.barkbands.mean": [0.0003937301808036864, 0.015323367901146412, 0.013133032247424126, 0.0032414610031992197, 0.002323609311133623, 0.0005991829093545675, 0.0005024249549023807, 0.0004570042947307229, 0.00032313723932020366, 0.0002439807285554707, 0.000304459041217342, 0.0004320078296586871, 0.000423258839873597, 0.00037473547854460776, 0.000338440528139472, 0.0005257829325273633, 0.0007027369574643672, 0.00045651645632460713, 0.0009243337553925812, 0.000386802974389866, 0.0003881498705595732, 0.00043342640856280923, 0.00022345574689097703, 8.409203292103484e-05, 8.569266356062144e-05, 8.122267172439024e-05, 5.616005182673689e-06], "lowlevel.barkbands.stdev": [0.0005186768830753863, 0.019252372905611992, 0.01523920800536871, 0.0049700429663062096, 0.007093243766576052, 0.0016902484931051731, 0.001216050935909152, 0.0011246530339121819, 0.0005915961810387671, 0.00042681684135459363, 0.000585844973102212, 0.0008929698960855603, 0.0011357947951182723, 0.0007340285810641944, 0.0005894420319236815, 0.0010517556220293045, 0.000996859511360526, 0.0005865670973435044, 0.0011576758697628975, 0.0003793260839302093, 0.0004189423634670675, 0.0005558250122703612, 0.00032848023693077266, 0.0001400480541633442, 0.00016165300621651113, 0.00012639924534596503, 1.3832659533363767e-05], "lowlevel.erbbands.mean": [0.37932080030441284, 3.763062000274658, 15.154342651367188, 11.383932113647461, 8.679841041564941, 9.573091506958008, 3.85145902633667, 5.877939701080322, 7.806934356689453, 8.088481903076172, 9.683146476745605, 7.519805431365967, 7.151827812194824, 8.974778175354004, 14.829022407531738, 17.874311447143555, 18.485780715942383, 20.553247451782227, 18.777973175048828, 18.182003021240234, 34.3206672668457, 41.164913177490234, 26.904340744018555, 33.382225036621094, 45.66230010986328, 18.79174041748047, 15.140864372253418, 15.52929973602295, 16.232664108276367, 11.49344539642334, 5.286401271820068, 2.2427258491516113, 1.2705504894256592, 0.9146879315376282, 0.6360476613044739, 0.3322627544403076, 0.15962234139442444, 0.027355661615729332, 0.0006797276437282562, 6.899856816744432e-05], "lowlevel.erbbands.stdev": [0.5540741682052612, 4.51041841506958, 16.130992889404297, 16.742124557495117, 12.849495887756348, 32.94892120361328, 10.395697593688965, 17.135347366333008, 22.226110458374023, 16.671772003173828, 24.944976806640625, 13.5807466506958, 12.224645614624023, 15.69510269165039, 28.87508773803711, 37.19659423828125, 43.411170959472656, 42.62876510620117, 31.215242385864258, 28.261871337890625, 66.89634704589844, 55.84712219238281, 33.81303405761719, 39.77639389038086, 62.911964416503906, 17.666339874267578, 15.954940795898438, 17.32684326171875, 20.850107192993164, 16.874813079833984, 7.579413890838623, 3.485518455505371, 2.1761865615844727, 1.8043735027313232, 1.1716010570526123, 0.5613465905189514, 0.2505912780761719, 0.05135318636894226, 0.001391776604577899, 5.168556890566833e-05], "lowlevel.gfcc.mean": [18.343738555908203, 58.779266357421875, -105.61927032470703, 63.341495513916016, -34.83080291748047, 18.57697105407715, -23.715988159179688, 11.313234329223633, -25.051105499267578, 5.054907321929932, -25.691625595092773, 5.062790393829346, -23.19329071044922], "lowlevel.melbands.mean": [0.0037580900825560093, 0.006615710444748402, 0.002007440896704793, 0.0006466772174462676, 0.00018915462715085596, 0.00013038155157119036, 0.00011576092219911516, 9.036759001901373e-05, 7.72854036767967e-05, 4.485251702135429e-05, 3.510978422127664e-05, 3.490731251076795e-05, 4.51732448709663e-05, 5.035576759837568e-05, 4.0327384340344e-05, 4.365412314655259e-05, 3.713677870109677e-05, 3.0360681193997152e-05, 2.4568458684370853e-05, 2.7428912289906293e-05, 4.2519153794273734e-05, 4.4429954868974164e-05, 3.067600482609123e-05, 1.9748060367419384e-05, 2.6924484700430185e-05, 3.7176931073190644e-05, 2.312930519110523e-05, 1.0072154509543907e-05, 8.847635399433784e-06, 9.824721928453073e-06, 8.641206477477681e-06, 9.419262823939789e-06, 8.035422979446594e-06, 5.803753083455376e-06, 3.2088196348922793e-06, 1.927179710037308e-06, 1.1519897498146747e-06, 8.945294212026056e-07, 7.690351822020602e-07, 7.723338626419718e-07], "lowlevel.melbands.stdev": [0.005005757324397564, 0.006667153909802437, 0.002627735724672675, 0.0017242877511307597, 0.000572649878449738, 0.00038289284566417336, 0.00031611614394932985, 0.00019281111599411815, 0.0001933774328790605, 8.24303351691924e-05, 6.15570243098773e-05, 6.335452053463086e-05, 8.75956320669502e-05, 9.905001206789166e-05, 8.961155253928155e-05, 0.00012331025209277868, 7.737267151242122e-05, 5.47614399692975e-05, 4.363961852504872e-05, 5.1098657422699034e-05, 8.727467502467334e-05, 6.580306944670156e-05, 4.067007830599323e-05, 2.5435781935811974e-05, 3.498134174151346e-05, 5.068955579190515e-05, 2.9899423680035397e-05, 1.0474423106643371e-05, 9.803243301576003e-06, 1.1016161806765012e-05, 1.0099054634338245e-05, 1.1973236723861191e-05, 1.1821186490124092e-05, 9.068502549780533e-06, 4.776251444127411e-06, 2.94167011816171e-06, 1.898648065434827e-06, 1.59651892772672e-06, 1.3342900047064177e-06, 1.676757733548584e-06], "lowlevel.melbands128.mean": [0.00030151932151056826, 0.00275221629999578, 0.004796443972736597, 0.0064541553147137165, 0.008605719543993473, 0.005426730494946241, 0.002163051161915064, 0.0016450941329821944, 0.0006342633860185742, 0.0006910716183483601, 0.000575981626752764, 0.0002428911830065772, 9.302427497459576e-05, 9.088006481761113e-05, 0.00012488912034314126, 0.00016305754252243787, 0.00014589694910682738, 0.00010564806871116161, 7.916901813587174e-05, 9.104793571168557e-05, 9.799736290005967e-05, 8.169915963662788e-05, 8.413225441472605e-05, 5.9401434555184096e-05, 4.765405901707709e-05, 3.8884234527358785e-05, 3.548776658135466e-05, 3.519365418469533e-05, 3.443751120357774e-05, 3.3754691685317084e-05, 3.501247920212336e-05, 3.6642981285694987e-05, 4.4681182771455497e-05, 5.3998883231543005e-05, 4.830391117138788e-05, 5.0999424274777994e-05, 5.067866368335672e-05, 3.730206299223937e-05, 3.6580626328941435e-05, 3.8285728805931285e-05, 4.839455505134538e-05, 4.835145955439657e-05, 3.337983798701316e-05, 3.542849299265072e-05, 3.2108731829794124e-05, 2.801065238600131e-05, 3.055999331991188e-05, 2.537321597628761e-05, 2.160532858397346e-05, 2.194021362811327e-05, 2.4163935449905694e-05, 3.6735586036229506e-05, 4.635683217202313e-05, 4.0990227716974914e-05, 4.328098293626681e-05, 4.834633364225738e-05, 4.4496766349766403e-05, 3.078785812249407e-05, 2.9644721507793292e-05, 2.1003916117479093e-05, 1.9088607587036677e-05, 1.738195715006441e-05, 2.2888894818606786e-05, 2.994321403093636e-05, 3.2762436603661627e-05, 3.73920047422871e-05, 4.281950896256603e-05, 3.1092760764295235e-05, 1.73825173988007e-05, 1.3760415640717838e-05, 9.194925951305777e-06, 8.765804523136467e-06, 8.565408279537223e-06, 8.803197488305159e-06, 9.108384801947977e-06, 1.0580792149994522e-05, 9.814654731599148e-06, 8.723101018404122e-06, 8.456117939203978e-06, 8.263165909738746e-06, 9.866974323813338e-06, 9.651486834627576e-06, 9.184363989334088e-06, 8.082233762252145e-06, 6.924711669853423e-06, 6.4083269535331056e-06, 5.559015789913246e-06, 4.225814791425364e-06, 2.946882659671246e-06, 2.6438856366439722e-06, 2.2964022718952037e-06, 1.7289979723500437e-06, 1.295249035138113e-06, 1.116853354687919e-06, 1.089519969355024e-06, 9.592289416104904e-07, 8.117957008835219e-07, 8.754037708058604e-07, 7.610843795191613e-07, 6.950486977075343e-07, 8.009670864339569e-07, 7.764537599541654e-07, 7.726631565674325e-07, 7.227439482448972e-07, 7.968750992404239e-07, 6.869896083117055e-07, 6.1145027530074e-07, 5.52809581222391e-07, 5.352366656552476e-07, 5.942515599599574e-07, 5.78730350753176e-07, 5.35497463260981e-07, 5.41688962130138e-07, 5.017388957639923e-07, 3.92139270388725e-07, 2.7786808232121984e-07, 1.8700474413435586e-07, 5.4132243576532346e-08, 4.557730193255338e-09, 1.9196262635023942e-11, 1.3728456739470207e-11, 9.243301436756557e-12, 6.703526622686695e-12, 6.502767508492768e-12, 5.906739073552325e-12, 5.014755537907645e-12, 4.531844951388697e-12, 4.441259426196664e-12], "lowlevel.melbands128.stdev": [0.000469935912406072, 0.0043892995454370975, 0.007343227043747902, 0.0082872174680233, 0.009041916579008102, 0.006816860754042864, 0.0037432643584907055, 0.002224939875304699, 0.0010380437597632408, 0.002422116231173277, 0.002141273580491543, 0.0008692201809026301, 0.0002863270347006619, 0.00018861604621633887, 0.0003760472754947841, 0.0007336157723329961, 0.0005759492632932961, 0.00033206361695192754, 0.00024221088096965104, 0.00021213047148194164, 0.00025588058633729815, 0.0002714528236538172, 0.000256519066169858, 0.00013647213927470148, 0.00010311166988685727, 9.586445958120748e-05, 8.51671356940642e-05, 7.116502820281312e-05, 7.358349103014916e-05, 7.568889850517735e-05, 7.575671770609915e-05, 8.600996079621837e-05, 9.73706555669196e-05, 0.00014261472097132355, 0.00011354014714015648, 0.00011960220581386238, 0.00014472511247731745, 0.00010666541493264958, 8.407101267948747e-05, 0.0001261214492842555, 0.00018267653649672866, 0.00015895982505753636, 7.892319990787655e-05, 8.721622725715861e-05, 7.522565283579752e-05, 6.432344525819644e-05, 6.134275463409722e-05, 5.898818562855013e-05, 4.227512908983044e-05, 4.1913139284588397e-05, 5.2688850701088086e-05, 9.601916826795787e-05, 0.0001166193324024789, 9.40686441026628e-05, 9.880463767331094e-05, 7.948213169584051e-05, 6.52549133519642e-05, 4.5417364162858576e-05, 5.1785500545520335e-05, 3.2488689612364396e-05, 3.0166438591550104e-05, 2.5351457225042395e-05, 3.3925985917449e-05, 4.930949944537133e-05, 4.880317283095792e-05, 5.7210345403291285e-05, 8.539797272533178e-05, 5.341461655916646e-05, 2.2274260118138045e-05, 1.5634259398211725e-05, 1.1670435924315825e-05, 1.0688542715797666e-05, 1.0802229553519282e-05, 1.1647303836070932e-05, 1.0998145626217593e-05, 1.2997512385481969e-05, 1.2795016118616331e-05, 1.0924692105618306e-05, 1.1464753697509877e-05, 1.0763542377389967e-05, 1.3272870091896039e-05, 1.3833819139108527e-05, 1.5545574569841847e-05, 1.3003655112697743e-05, 1.1169455319759436e-05, 1.0827874575625174e-05, 1.0169675988436211e-05, 7.085504876158666e-06, 4.676603111875011e-06, 4.444684691407019e-06, 3.655257387435995e-06, 3.012039996974636e-06, 2.463989630996366e-06, 1.9315593817736953e-06, 1.8699320207815617e-06, 1.9058131783822319e-06, 1.5586183508276008e-06, 1.582079335094022e-06, 1.375051624563639e-06, 1.3477319953381084e-06, 1.6323317595379194e-06, 1.868554477368889e-06, 1.99035548575921e-06, 1.5354428342106985e-06, 1.5252711591529078e-06, 1.3069191027170746e-06, 1.2709681413980434e-06, 1.1084620155088487e-06, 9.907057574309874e-07, 1.0855757182071102e-06, 1.0307096545147942e-06, 9.170605039798829e-07, 9.00674592685391e-07, 9.109639336202235e-07, 8.178027997018944e-07, 5.858451572748891e-07, 4.089807816853863e-07, 2.302030850387382e-07, 3.691182115517222e-08, 3.8562605886305334e-10, 2.3961072015410423e-10, 9.239802672977859e-11, 3.855801788965607e-11, 3.6607984005287975e-11, 2.6755023543878487e-11, 1.1968027263664638e-11, 6.893087229481454e-12, 6.74443053488849e-12], "lowlevel.mfcc.mean": [-627.5206298828125, 87.01202392578125, -3.136589765548706, 51.867042541503906, 11.372637748718262, 22.921037673950195, 7.601794242858887, 15.299920082092285, 5.134013652801514, 1.5046210289001465, 4.992293834686279, -0.42134109139442444, 2.810868263244629], "lowlevel.spectral_contrast_coeffs.mean": [-0.6668473482131958, -0.8059130311012268, -0.8242440223693848, -0.810789167881012, -0.7944473624229431, -0.6936087608337402], "lowlevel.spectral_contrast_coeffs.stdev": [0.07227375358343124, 0.06587917357683182, 0.04500487819314003, 0.05052937567234039, 0.04258168488740921, 0.037603460252285004], "lowlevel.spectral_contrast_valleys.mean": [-6.723776817321777, -7.10275411605835, -7.384580612182617, -7.32994270324707, -6.874781131744385, -10.133922576904297], "lowlevel.spectral_contrast_valleys.stdev": [0.7604365348815918, 0.7264881134033203, 0.6887231469154358, 0.5912213325500488, 0.5739567279815674, 0.8289928436279297], "rhythm.beats_loudness_band_ratio.mean": [0.6062248945236206, 0.11276140809059143, 0.04326580837368965, 0.07651298493146896, 0.07511801272630692, 0.11053550988435745], "rhythm.beats_loudness_band_ratio.stdev": [0.2992778718471527, 0.13428135216236115, 0.04029454290866852, 0.0944230780005455, 0.06333886086940765, 0.08962898701429367], "tonal.hpcp.mean": [0.628176748752594, 0.3702589273452759, 0.10746772587299347, 0.08284782618284225, 0.06109975278377533, 0.0445263497531414, 0.0438070110976696, 0.04413330927491188, 0.058312758803367615, 0.08481298387050629, 0.07426030188798904, 0.051476459950208664, 0.055485766381025314, 0.05502253770828247, 0.05575127154588699, 0.08505530655384064, 0.09044501185417175, 0.06503352522850037, 0.059661876410245895, 0.0638502687215805, 0.10522867739200592, 0.18412213027477264, 0.15655966103076935, 0.11460503935813904, 0.16176116466522217, 0.1489931046962738, 0.09100963920354843, 0.06524266302585602, 0.0583912655711174, 0.06036306172609329, 0.06408465653657913, 0.0731256902217865, 0.09173675626516342, 0.1238323375582695, 0.1602528840303421, 0.4061920642852783], "tonal.hpcp.stdev": [0.4177604913711548, 0.3037136495113373, 0.22105255722999573, 0.20142146944999695, 0.16743479669094086, 0.1261088252067566, 0.12102439999580383, 0.11751468479633331, 0.1363438218832016, 0.1948399692773819, 0.15958692133426666, 0.11010916531085968, 0.13014580309391022, 0.11882942914962769, 0.12504103779792786, 0.19851386547088623, 0.21648290753364563, 0.13974083960056305, 0.12704810500144958, 0.1410629004240036, 0.13745981454849243, 0.19628272950649261, 0.1851208508014679, 0.20770953595638275, 0.2906796336174011, 0.26701828837394714, 0.1984686255455017, 0.15334300696849823, 0.14336857199668884, 0.139427050948143, 0.1493496298789978, 0.1506224423646927, 0.18305905163288116, 0.21797676384449005, 0.2506246268749237, 0.2903575301170349], "rhythm.beats_position": [0.3831292390823364, 0.7894784212112427, 1.2190475463867188, 1.6486167907714844, 2.0897958278656006, 2.530975103378296, 2.972154140472412, 3.4017233848571777, 3.8312923908233643, 4.2724714279174805, 4.713650703430176, 5.154829978942871, 5.584399223327637, 6.013967990875244, 6.4551472663879395, 6.896326541900635, 7.3258957862854, 7.755464553833008, 8.196643829345703, 8.637823104858398, 9.079002380371094, 9.50857162475586, 9.938140869140625, 10.379319190979004, 10.8204984664917, 11.261677742004395, 11.69124698638916, 12.120816230773926, 12.561995506286621, 13.003174781799316, 13.444353103637695, 13.873922348022461, 14.303491592407227, 14.744670867919922, 15.185850143432617, 15.627029418945312, 16.056598663330078, 16.486167907714844, 16.92734718322754, 17.368526458740234, 17.798095703125, 18.227664947509766, 18.668842315673828, 19.110021591186523, 19.55120086669922, 19.980770111083984, 20.41033935546875, 20.851518630981445, 21.29269790649414, 21.733877182006836, 22.1634464263916, 22.593015670776367, 23.034194946289062, 23.475374221801758, 23.904943466186523, 24.33451271057129, 24.775691986083984, 25.216869354248047, 25.658048629760742, 26.099227905273438, 26.528797149658203, 26.95836639404297, 27.399545669555664, 27.84072494506836, 28.281904220581055], "rhythm.bpm_histogram": [0.0, 0.0, 0.0, 0.0, 0.0, 0.0, 0.0, 0.0, 0.0, 0.0, 0.0, 0.0, 0.0, 0.0, 0.0, 0.0, 0.0, 0.0, 0.0, 0.0, 0.0, 0.0, 0.0, 0.0, 0.0, 0.0, 0.0, 0.0, 0.0, 0.0, 0.0, 0.0, 0.0, 0.0, 0.0, 0.0, 0.0, 0.0, 0.0, 0.0, 0.0, 0.0, 0.0, 0.0, 0.0, 0.0, 0.0, 0.0, 0.0, 0.0, 0.0, 0.0, 0.0, 0.0, 0.0, 0.0, 0.0, 0.0, 0.0, 0.0, 0.0, 0.0, 0.0, 0.0, 0.0, 0.0, 0.0, 0.0, 0.0, 0.0, 0.0, 0.0, 0.0, 0.0, 0.0, 0.0, 0.0, 0.0, 0.0, 0.0, 0.0, 0.0, 0.0, 0.0, 0.0, 0.0, 0.0, 0.0, 0.0, 0.0, 0.0, 0.0, 0.0, 0.0, 0.0, 0.0, 0.0, 0.0, 0.0, 0.0, 0.0, 0.0, 0.0, 0.0, 0.0, 0.0, 0.0, 0.0, 0.0, 0.0, 0.0, 0.0, 0.0, 0.0, 0.0, 0.0, 0.0, 0.0, 0.0, 0.0, 0.0, 0.0, 0.0, 0.0, 0.0, 0.0, 0.0, 0.0, 0.0, 0.0, 0.0, 0.0, 0.0, 0.0, 0.0, 0.0, 0.578125, 0.0, 0.0, 0.0, 0.40625, 0.0, 0.0, 0.0, 0.0, 0.0, 0.0, 0.0, 0.015625, 0.0, 0.0, 0.0, 0.0, 0.0, 0.0, 0.0, 0.0, 0.0, 0.0, 0.0, 0.0, 0.0, 0.0, 0.0, 0.0, 0.0, 0.0, 0.0, 0.0, 0.0, 0.0, 0.0, 0.0, 0.0, 0.0, 0.0, 0.0, 0.0, 0.0, 0.0, 0.0, 0.0, 0.0, 0.0, 0.0, 0.0, 0.0, 0.0, 0.0, 0.0, 0.0, 0.0, 0.0, 0.0, 0.0, 0.0, 0.0, 0.0, 0.0, 0.0, 0.0, 0.0, 0.0, 0.0, 0.0, 0.0, 0.0, 0.0, 0.0, 0.0, 0.0, 0.0, 0.0, 0.0, 0.0, 0.0, 0.0, 0.0, 0.0, 0.0, 0.0, 0.0, 0.0, 0.0, 0.0, 0.0, 0.0, 0.0, 0.0, 0.0, 0.0, 0.0, 0.0, 0.0, 0.0, 0.0, 0.0, 0.0, 0.0, 0.0, 0.0, 0.0, 0.0, 0.0, 0.0, 0.0, 0.0, 0.0, 0.0, 0.0], "tonal.chords_histogram": [36.07085418701172, 14.653783798217773, 7.085346221923828, 0.0, 0.0, 0.0, 0.0, 1.4492753744125366, 0.0, 32.689212799072266, 0.0, 0.805152952671051, 0.0, 0.0, 0.0, 0.0, 0.0, 5.958132266998291, 1.2882447242736816, 0.0, 0.0, 0.0, 0.0, 0.0], "tonal.thpcp": [1.0, 0.5894184112548828, 0.17107880115509033, 0.13188616931438446, 0.09726522862911224, 0.07088188081979752, 0.06973675638437271, 0.07025619596242905, 0.09282858669757843, 0.13501451909542084, 0.11821562051773071, 0.08194582164287567, 0.0883282721042633, 0.08759085088968277, 0.0887509286403656, 0.13540028035640717, 0.14398019015789032, 0.10352743417024612, 0.09497625380754471, 0.10164379328489304, 0.16751444339752197, 0.2931056022644043, 0.24922867119312286, 0.18244075775146484, 0.2575089931488037, 0.23718340694904327, 0.1448790282011032, 0.10386035591363907, 0.09295356273651123, 0.09609247744083405, 0.10201691836118698, 0.11640942096710205, 0.1460365355014801, 0.1971297711133957, 0.25510793924331665, 0.6466206312179565], "lowlevel.gfcc.cov": [[2845.97119140625, -306.2936706542969, -127.93802642822266, -262.96160888671875, -347.7421875, -18.48770523071289, -199.94984436035156, 54.69847869873047, -124.51197814941406, 23.94309425354004, 42.248046875, 48.25775146484375, -95.81616973876953], [-306.2936706542969, 967.4561157226562, 267.26690673828125, 161.9518280029297, 248.90280151367188, 20.03272819519043, 258.53131103515625, 33.20416259765625, 140.74368286132812, -26.84349822998047, 68.5236587524414, -54.48453140258789, 33.94984817504883], [-127.93802642822266, 267.26690673828125, 945.5455932617188, 353.21527099609375, 287.5730285644531, 180.42295837402344, 145.7103729248047, 17.996959686279297, 40.95804977416992, -15.582674026489258, -76.12570190429688, -13.215693473815918, 25.92623519897461], [-262.96160888671875, 161.9518280029297, 353.21527099609375, 445.16424560546875, 279.85888671875, 101.88362884521484, 73.8930435180664, 12.24473762512207, 87.05596923828125, -12.507709503173828, -9.845381736755371, -28.141223907470703, 43.172119140625], [-347.7421875, 248.90280151367188, 287.5730285644531, 279.85888671875, 448.7379455566406, 127.33769989013672, 152.22947692871094, 61.81578063964844, 106.66724395751953, 19.52025604248047, 1.4874478578567505, -29.56682014465332, 11.552990913391113], [-18.48770523071289, 20.03272819519043, 180.42295837402344, 101.88362884521484, 127.33769989013672, 276.7327575683594, 143.88104248046875, 26.881122589111328, -1.826433777809143, -15.656349182128906, -18.320484161376953, -36.36048126220703, -0.06930643320083618], [-199.94984436035156, 258.53131103515625, 145.7103729248047, 73.8930435180664, 152.22947692871094, 143.88104248046875, 281.5372009277344, 90.827392578125, 61.47655487060547, -11.679068565368652, 12.659768104553223, -20.459224700927734, -17.6234130859375], [54.69847869873047, 33.20416259765625, 17.996959686279297, 12.24473762512207, 61.81578063964844, 26.881122589111328, 90.827392578125, 148.9867706298828, 73.31867980957031, 21.233844757080078, 15.79345703125, 5.910835266113281, -11.154945373535156], [-124.51197814941406, 140.74368286132812, 40.95804977416992, 87.05596923828125, 106.66724395751953, -1.826433777809143, 61.47655487060547, 73.31867980957031, 140.6427764892578, 42.79384994506836, 14.396148681640625, -9.716238021850586, 6.237439155578613], [23.94309425354004, -26.84349822998047, -15.582674026489258, -12.507709503173828, 19.52025604248047, -15.656349182128906, -11.679068565368652, 21.233844757080078, 42.79384994506836, 75.1142578125, 34.6423225402832, 12.562511444091797, -15.800846099853516], [42.248046875, 68.5236587524414, -76.12570190429688, -9.845381736755371, 1.4874478578567505, -18.320484161376953, 12.659768104553223, 15.79345703125, 14.396148681640625, 34.6423225402832, 99.64816284179688, 34.29294204711914, -6.5951409339904785], [48.25775146484375, -54.48453140258789, -13.215693473815918, -28.141223907470703, -29.56682014465332, -36.36048126220703, -20.459224700927734, 5.910835266113281, -9.716238021850586, 12.562511444091797, 34.29294204711914, 89.40201568603516, 19.48110008239746], [-95.81616973876953, 33.94984817504883, 25.92623519897461, 43.172119140625, 11.552990913391113, -0.06930643320083618, -17.6234130859375, -11.154945373535156, 6.237439155578613, -15.800846099853516, -6.5951409339904785, 19.48110008239746, 68.151611328125]], "lowlevel.gfcc.icov": [[0.0004961013328284025, -0.00022456167789641768, -4.226713645039126e-05, -2.9631102734128945e-05, 0.0003790624614339322, -0.0004948212299495935, 0.000833420897834003, -0.000807332166004926, 0.0004094927862752229, -6.68150678393431e-05, -3.576195922505576e-06, -0.00039791467133909464, 0.0009232372976839542], [-0.00022456167789641768, 0.0032545814756304026, -0.0011832074960693717, 0.001383876078762114, -0.0010306418407708406, 0.0021990726236253977, -0.003128652460873127, 0.0026206469628959894, -0.003397827036678791, 0.0036120531149208546, -0.004699246026575565, 0.003586916718631983, -0.002898316364735365], [-4.226713645039126e-05, -0.0011832074960693717, 0.002387471031397581, -0.0019379261648282409, 3.887821367243305e-05, -0.0010143965482711792, 0.00022005665232427418, -0.0006922701722942293, 0.0020407403353601694, -0.0025384160690009594, 0.003837032476440072, -0.0023838470224291086, 0.001062779687345028], [-2.9631102734128945e-05, 0.001383876078762114, -0.0019379261648282409, 0.006181475706398487, -0.0026601837016642094, 0.00010429454414406791, 0.0002104669256368652, 0.0020905514247715473, -0.004577333107590675, 0.004832577425986528, -0.004201764240860939, 0.002609356539323926, -0.002675080904737115], [0.0003790624614339322, -0.0010306418407708406, 3.887821367243305e-05, -0.0026601837016642094, 0.005278334952890873, -0.0014101894339546561, 1.981665081984829e-05, -0.001396695850417018, 0.00020337484602350742, -0.002535654930397868, 0.0014380008215084672, -0.0008688016678206623, 0.0013780177105218172], [-0.0004948212299495935, 0.0021990726236253977, -0.0010143965482711792, 0.00010429454414406791, -0.0014101894339546561, 0.008037388324737549, -0.005805015563964844, 0.0016430290415883064, 0.0011297424789518118, 0.00015004620945546776, -0.0021886436734348536, 0.0046849497593939304, -0.004075894132256508], [0.000833420897834003, -0.003128652460873127, 0.00022005665232427418, 0.0002104669256368652, 1.981665081984829e-05, -0.005805015563964844, 0.01178901456296444, -0.005639597773551941, 1.0098425264004618e-05, 0.0022986088879406452, 0.0012109706876799464, -0.0037091304548084736, 0.006338872481137514], [-0.000807332166004926, 0.0026206469628959894, -0.0006922701722942293, 0.0020905514247715473, -0.001396695850417018, 0.0016430290415883064, -0.005639597773551941, 0.014149926602840424, -0.008853770792484283, 0.0033553678076714277, -0.0031794002279639244, 0.0006395785021595657, -0.0013075965689495206], [0.0004094927862752229, -0.003397827036678791, 0.0020407403353601694, -0.004577333107590675, 0.00020337484602350742, 0.0011297424789518118, 1.0098425264004618e-05, -0.008853770792484283, 0.021420562639832497, -0.014690063893795013, 0.006829171907156706, -0.0001631606719456613, -0.0017470967723056674], [-6.68150678393431e-05, 0.0036120531149208546, -0.0025384160690009594, 0.004832577425986528, -0.002535654930397868, 0.00015004620945546776, 0.0022986088879406452, 0.0033553678076714277, -0.014690063893795013, 0.03014710359275341, -0.01315686758607626, 0.0011855080956593156, 0.004306620918214321], [-3.576195922505576e-06, -0.004699246026575565, 0.003837032476440072, -0.004201764240860939, 0.0014380008215084672, -0.0021886436734348536, 0.0012109706876799464, -0.0031794002279639244, 0.006829171907156706, -0.01315686758607626, 0.02339327707886696, -0.010975012555718422, 0.004810258746147156], [-0.00039791467133909464, 0.003586916718631983, -0.0023838470224291086, 0.002609356539323926, -0.0008688016678206623, 0.0046849497593939304, -0.0037091304548084736, 0.0006395785021595657, -0.0001631606719456613, 0.0011855080956593156, -0.010975012555718422, 0.021118225529789925, -0.010603690519928932], [0.0009232372976839542, -0.002898316364735365, 0.001062779687345028, -0.002675080904737115, 0.0013780177105218172, -0.004075894132256508, 0.006338872481137514, -0.0013075965689495206, -0.0017470967723056674, 0.004306620918214321, 0.004810258746147156, -0.010603690519928932, 0.024547602981328964]], "lowlevel.mfcc.cov": [[3039.51806640625, -350.9837341308594, -162.3904571533203, -419.79901123046875, -235.59625244140625, -297.0696716308594, -111.71185302734375, -106.28369903564453, -223.86892700195312, -74.28886413574219, 22.660545349121094, -21.203737258911133, -26.188295364379883], [-350.9837341308594, 810.5777587890625, 109.17504119873047, 173.7002410888672, 32.44025421142578, 68.5853042602539, 105.87077331542969, 97.2354507446289, 93.21004486083984, 60.96320724487305, 73.56771850585938, 52.327789306640625, 36.564762115478516], [-162.3904571533203, 109.17504119873047, 632.5634155273438, 183.91705322265625, 136.19696044921875, 172.92837524414062, 93.51541137695312, 69.4188461303711, 89.59490966796875, 20.567766189575195, -35.806907653808594, -5.4776291847229, -16.531967163085938], [-419.79901123046875, 173.7002410888672, 183.91705322265625, 423.6290283203125, 230.62380981445312, 114.37996673583984, 25.915912628173828, 68.7516098022461, 87.99478912353516, 62.08637237548828, 6.585422039031982, 9.546348571777344, 58.46684646606445], [-235.59625244140625, 32.44025421142578, 136.19696044921875, 230.62380981445312, 319.9710998535156, 144.09481811523438, 47.50880432128906, 34.76529312133789, 79.43045806884766, 60.331024169921875, -1.0051809549331665, 9.628142356872559, 18.54648780822754], [-297.0696716308594, 68.5853042602539, 172.92837524414062, 114.37996673583984, 144.09481811523438, 264.6630859375, 133.28585815429688, 71.30259704589844, 75.44502258300781, 48.40226745605469, 11.222569465637207, 11.26973819732666, -31.893264770507812], [-111.71185302734375, 105.87077331542969, 93.51541137695312, 25.915912628173828, 47.50880432128906, 133.28585815429688, 201.2412109375, 115.5678482055664, 51.291236877441406, 41.12279510498047, 42.43816375732422, 17.627038955688477, -16.432785034179688], [-106.28369903564453, 97.2354507446289, 69.4188461303711, 68.7516098022461, 34.76529312133789, 71.30259704589844, 115.5678482055664, 159.1728057861328, 90.68891906738281, 49.40774917602539, 39.64043426513672, 21.437976837158203, 19.697675704956055], [-223.86892700195312, 93.21004486083984, 89.59490966796875, 87.99478912353516, 79.43045806884766, 75.44502258300781, 51.291236877441406, 90.68891906738281, 155.5166778564453, 73.465087890625, 14.854776382446289, 12.132012367248535, 4.25407075881958], [-74.28886413574219, 60.96320724487305, 20.567766189575195, 62.08637237548828, 60.331024169921875, 48.40226745605469, 41.12279510498047, 49.40774917602539, 73.465087890625, 122.2759780883789, 60.882484436035156, 6.090644836425781, -6.443929195404053], [22.660545349121094, 73.56771850585938, -35.806907653808594, 6.585422039031982, -1.0051809549331665, 11.222569465637207, 42.43816375732422, 39.64043426513672, 14.854776382446289, 60.882484436035156, 114.22921752929688, 37.07138442993164, 9.158024787902832], [-21.203737258911133, 52.327789306640625, -5.4776291847229, 9.546348571777344, 9.628142356872559, 11.26973819732666, 17.627038955688477, 21.437976837158203, 12.132012367248535, 6.090644836425781, 37.07138442993164, 73.06806182861328, 34.98627471923828], [-26.188295364379883, 36.564762115478516, -16.531967163085938, 58.46684646606445, 18.54648780822754, -31.893264770507812, -16.432785034179688, 19.697675704956055, 4.25407075881958, -6.443929195404053, 9.158024787902832, 34.98627471923828, 98.5738296508789]], "lowlevel.mfcc.icov": [[0.0004488776030484587, 7.878980250097811e-05, -0.00016300658171530813, 0.0004279185086488724, -0.00020507587760221213, 0.00042364929686300457, 0.00011798982450272888, -0.00035542354453355074, 0.000637221906799823, -0.00022596970666199923, -0.0001490249705966562, 1.1369583262421656e-05, 4.276525214663707e-05], [7.878980250097811e-05, 0.0016652516787871718, -0.00010045817907666788, -0.0008845381671562791, 0.0006964461063034832, 0.000328726542647928, -0.0010145753622055054, 0.0005676619475707412, -0.0008073845528997481, 0.00018339887901674956, -0.0007009457913227379, -0.0006209582788869739, -6.387480243574828e-05], [-0.00016300658171530813, -0.00010045817907666788, 0.00227135862223804, -0.0009063026518560946, 0.00015428160259034485, -0.0009484548354521394, -0.0005205929046496749, 0.00017733447020873427, -0.000864484638441354, 0.000529874989297241, 0.0009027886553667486, -6.945745553821325e-05, 0.00046704921987839043], [0.0004279185086488724, -0.0008845381671562791, -0.0009063026518560946, 0.006025518290698528, -0.0034084501676261425, -0.0006454575341194868, 0.0025660174433141947, -0.0025565579999238253, 0.001435834914445877, -0.0011260228930041194, -0.0001301878219237551, 0.0017815931933000684, -0.0026688193902373314], [-0.00020507587760221213, 0.0006964461063034832, 0.00015428160259034485, -0.0034084501676261425, 0.007015918381512165, -0.00228336569853127, -0.0012738595250993967, 0.0027385831344872713, -0.0018982179462909698, -0.001334281638264656, 0.0009311763569712639, -0.0007867696695029736, -0.0008962818537838757], [0.00042364929686300457, 0.000328726542647928, -0.0009484548354521394, -0.0006454575341194868, -0.00228336569853127, 0.009333713911473751, -0.005078810732811689, 0.0010366188362240791, -0.0008350537391379476, -0.0002658398007042706, 0.0006989778485149145, -0.0020942040719091892, 0.0033070885110646486], [0.00011798982450272888, -0.0010145753622055054, -0.0005205929046496749, 0.0025660174433141947, -0.0012738595250993967, -0.005078810732811689, 0.014535696245729923, -0.010338544845581055, 0.004268801771104336, -0.00043739451211877167, -0.0015045853797346354, 0.00010647218732628971, 0.0017731174593791366], [-0.00035542354453355074, 0.0005676619475707412, 0.00017733447020873427, -0.0025565579999238253, 0.0027385831344872713, 0.0010366188362240791, -0.010338544845581055, 0.01918763667345047, -0.009607597254216671, 0.001482523512095213, -0.0024801683612167835, 0.0008542184950783849, -0.004057663958519697], [0.000637221906799823, -0.0008073845528997481, -0.000864484638441354, 0.001435834914445877, -0.0018982179462909698, -0.0008350537391379476, 0.004268801771104336, -0.009607597254216671, 0.016718141734600067, -0.008328662253916264, 0.004820942413061857, -0.002502389485016465, 0.0013649365864694118], [-0.00022596970666199923, 0.00018339887901674956, 0.000529874989297241, -0.0011260228930041194, -0.001334281638264656, -0.0002658398007042706, -0.00043739451211877167, 0.001482523512095213, -0.008328662253916264, 0.018960783258080482, -0.010761984623968601, 0.004448117222636938, 0.0014445738634094596], [-0.0001490249705966562, -0.0007009457913227379, 0.0009027886553667486, -0.0001301878219237551, 0.0009311763569712639, 0.0006989778485149145, -0.0015045853797346354, -0.0024801683612167835, 0.004820942413061857, -0.010761984623968601, 0.018664438277482986, -0.008504428900778294, 0.0011176011757925153], [1.1369583262421656e-05, -0.0006209582788869739, -6.945745553821325e-05, 0.0017815931933000684, -0.0007867696695029736, -0.0020942040719091892, 0.00010647218732628971, 0.0008542184950783849, -0.002502389485016465, 0.004448117222636938, -0.008504428900778294, 0.02236364781856537, -0.008266021497547626], [4.276525214663707e-05, -6.387480243574828e-05, 0.00046704921987839043, -0.0026688193902373314, -0.0008962818537838757, 0.0033070885110646486, 0.0017731174593791366, -0.004057663958519697, 0.0013649365864694118, 0.0014445738634094596, 0.0011176011757925153, -0.008266021497547626, 0.0170515775680542]], "metadata.audio_properties.analysis.downmix": "mix", "metadata.audio_properties.codec": "mp3", "metadata.audio_properties.md5_encoded": "c947ff49f5d50e64c6fc4c8b95955961", "metadata.tags.file_name": "1183656015103807549.mp3", "metadata.version.essentia": "2.1-beta6-dev", "metadata.version.essentia_git_sha": "v2.1_beta5-1110-g77a6a954", "metadata.version.extractor": "music 2.0", "tonal.chords_key": "D", "tonal.chords_scale": "minor", "tonal.key_edma.key": "D", "tonal.key_edma.scale": "minor", "tonal.key_krumhansl.key": "D", "tonal.key_krumhansl.scale": "minor", "tonal.key_temperley.key": "D", "tonal.key_temperley.scale": "minor", "metadata.tags.encoding": ["Lavf58.45.100"]}, "essentia_models"