{"song_id": "1183682198914732102", "download": "https://cdn.discordapp.com/attachments/1135911532732108921/1183682198914732102/chirp.mp4?ex=658938f3&amp", "lyrics": "[Verse]\nIn the realm of QA, we rise\nWith eagle eyes, we scrutinize\nBugs and errors, we'll neutralize\nImproving systems, reaching the skies\n\n[Chorus]\nQuality Assurance, our guiding light\nWe ensure perfection, with all our might\nTesting and debugging, both day and night\nQA warriors, we strive for what's right", "style": ["melodic metal"], "essentia_features": {"lowlevel.average_loudness": 0.9837319850921631, "lowlevel.barkbands_crest.mean": 10.75174617767334, "lowlevel.barkbands_crest.stdev": 4.204466819763184, "lowlevel.barkbands_flatness_db.mean": 0.10961679369211197, "lowlevel.barkbands_flatness_db.stdev": 0.03699720650911331, "lowlevel.barkbands_kurtosis.mean": 2.755082845687866, "lowlevel.barkbands_kurtosis.stdev": 5.436507701873779, "lowlevel.barkbands_skewness.mean": 1.6842011213302612, "lowlevel.barkbands_skewness.stdev": 1.0661338567733765, "lowlevel.barkbands_spread.mean": 36.93235397338867, "lowlevel.barkbands_spread.stdev": 14.550511360168457, "lowlevel.dissonance.mean": 0.49097588658332825, "lowlevel.dissonance.stdev": 0.0071078091859817505, "lowlevel.dynamic_complexity": 1.1905570030212402, "lowlevel.erbbands_crest.mean": 5.986125946044922, "lowlevel.erbbands_crest.stdev": 2.497464656829834, "lowlevel.erbbands_flatness_db.mean": 0.11474298685789108, "lowlevel.erbbands_flatness_db.stdev": 0.020385855808854103, "lowlevel.erbbands_kurtosis.mean": 0.531548261642456, "lowlevel.erbbands_kurtosis.stdev": 1.371951937675476, "lowlevel.erbbands_skewness.mean": -0.6696903705596924, "lowlevel.erbbands_skewness.stdev": 0.5287211537361145, "lowlevel.erbbands_spread.mean": 49.42922592163086, "lowlevel.erbbands_spread.stdev": 18.616018295288086, "lowlevel.hfc.mean": 36.123470306396484, "lowlevel.hfc.stdev": 17.389644622802734, "lowlevel.loudness_ebu128.integrated": -12.304597854614258, "lowlevel.loudness_ebu128.loudness_range": 0.9520130157470703, "lowlevel.loudness_ebu128.momentary.mean": -12.35891056060791, "lowlevel.loudness_ebu128.momentary.stdev": 0.6887449622154236, "lowlevel.loudness_ebu128.short_term.mean": -12.339387893676758, "lowlevel.loudness_ebu128.short_term.stdev": 0.31651124358177185, "lowlevel.melbands_crest.mean": 18.330337524414062, "lowlevel.melbands_crest.stdev": 4.401089191436768, "lowlevel.melbands_flatness_db.mean": 0.17442278563976288, "lowlevel.melbands_flatness_db.stdev": 0.04680691659450531, "lowlevel.melbands_kurtosis.mean": 21.34894371032715, "lowlevel.melbands_kurtosis.stdev": 24.559358596801758, "lowlevel.melbands_skewness.mean": 3.948859214782715, "lowlevel.melbands_skewness.stdev": 1.985985279083252, "lowlevel.melbands_spread.mean": 27.881792068481445, "lowlevel.melbands_spread.stdev": 16.094608306884766, "lowlevel.pitch_salience.mean": 0.5354185104370117, "lowlevel.pitch_salience.stdev": 0.11598211526870728, "lowlevel.silence_rate_20dB.mean": 1.0, "lowlevel.silence_rate_20dB.stdev": 0.0, "lowlevel.silence_rate_30dB.mean": 0.9838709831237793, "lowlevel.silence_rate_30dB.stdev": 0.12597158551216125, "lowlevel.silence_rate_60dB.mean": 0.001240694778971374, "lowlevel.silence_rate_60dB.stdev": 0.0352017879486084, "lowlevel.spectral_centroid.mean": 2118.779541015625, "lowlevel.spectral_centroid.stdev": 531.4584350585938, "lowlevel.spectral_complexity.mean": 37.05893325805664, "lowlevel.spectral_complexity.stdev": 8.404821395874023, "lowlevel.spectral_decrease.mean": -1.2264505855341667e-08, "lowlevel.spectral_decrease.stdev": 8.2292723746491e-09, "lowlevel.spectral_energy.mean": 0.04956556856632233, "lowlevel.spectral_energy.stdev": 0.031617648899555206, "lowlevel.spectral_energyband_high.mean": 0.0025889924727380276, "lowlevel.spectral_energyband_high.stdev": 0.002095394767820835, "lowlevel.spectral_energyband_low.mean": 0.03181552141904831, "lowlevel.spectral_energyband_low.stdev": 0.030767204239964485, "lowlevel.spectral_energyband_middle_high.mean": 0.007272499147802591, "lowlevel.spectral_energyband_middle_high.stdev": 0.004866926930844784, "lowlevel.spectral_energyband_middle_low.mean": 0.009783955290913582, "lowlevel.spectral_energyband_middle_low.stdev": 0.0123200174421072, "lowlevel.spectral_entropy.mean": 8.077951431274414, "lowlevel.spectral_entropy.stdev": 0.13764415681362152, "lowlevel.spectral_flux.mean": 0.13641291856765747, "lowlevel.spectral_flux.stdev": 0.06635122001171112, "lowlevel.spectral_kurtosis.mean": 2.5202038288116455, "lowlevel.spectral_kurtosis.stdev": 1.0445635318756104, "lowlevel.spectral_rms.mean": 0.0066826981492340565, "lowlevel.spectral_rms.stdev": 0.0019230862380936742, "lowlevel.spectral_rolloff.mean": 1744.00341796875, "lowlevel.spectral_rolloff.stdev": 1341.673583984375, "lowlevel.spectral_skewness.mean": 1.0934126377105713, "lowlevel.spectral_skewness.stdev": 0.24295972287654877, "lowlevel.spectral_spread.mean": 4895413.0, "lowlevel.spectral_spread.stdev": 752401.375, "lowlevel.spectral_strongpeak.mean": 0.4466778635978699, "lowlevel.spectral_strongpeak.stdev": 0.3116476833820343, "lowlevel.zerocrossingrate.mean": 0.07328277826309204, "lowlevel.zerocrossingrate.stdev": 0.023371370509266853, "metadata.audio_properties.analysis.equal_loudness": 0.0, "metadata.audio_properties.analysis.length": 37.39732360839844, "metadata.audio_properties.analysis.sample_rate": 44100.0, "metadata.audio_properties.analysis.start_time": 0.0, "metadata.audio_properties.bit_rate": 117672.0, "metadata.audio_properties.length": 37.397335052490234, "metadata.audio_properties.lossless": 0.0, "metadata.audio_properties.number_channels": 1.0, "metadata.audio_properties.replay_gain": -12.688440322875977, "metadata.audio_properties.sample_rate": 48000.0, "rhythm.beats_count": 70.0, "rhythm.beats_loudness.mean": 0.04255039989948273, "rhythm.beats_loudness.stdev": 0.01413894072175026, "rhythm.bpm": 113.2879638671875, "rhythm.bpm_histogram_first_peak_bpm": 112.0, "rhythm.bpm_histogram_first_peak_weight": 0.3768116235733032, "rhythm.bpm_histogram_second_peak_bpm": 0.0, "rhythm.bpm_histogram_second_peak_spread": 0.0, "rhythm.bpm_histogram_second_peak_weight": 0.0, "rhythm.danceability": 1.5803600549697876, "rhythm.onset_rate": 3.9017655849456787, "tonal.chords_changes_rate": 0.10037174820899963, "tonal.chords_number_rate": 0.013630731031298637, "tonal.chords_strength.mean": 0.4941333532333374, "tonal.chords_strength.stdev": 0.09522891044616699, "tonal.hpcp_crest.mean": 8.515999794006348, "tonal.hpcp_crest.stdev": 4.526287078857422, "tonal.hpcp_entropy.mean": 3.071838855743408, "tonal.hpcp_entropy.stdev": 0.7208735942840576, "tonal.key_edma.strength": 0.761574923992157, "tonal.key_krumhansl.strength": 0.7642401456832886, "tonal.key_temperley.strength": 0.7638975381851196, "tonal.tuning_diatonic_strength": 0.7223405241966248, "tonal.tuning_equal_tempered_deviation": 0.29547634720802307, "tonal.tuning_frequency": 434.193115234375, "tonal.tuning_nontempered_energy_ratio": 0.9228012561798096, "lowlevel.barkbands.mean": [0.0015203289221972227, 0.018459733575582504, 0.010056211613118649, 0.0037855624686926603, 0.0030590337701141834, 0.0010645455913618207, 0.0009611659916117787, 0.00033907615579664707, 0.00039472768548876047, 0.0005511427880264819, 0.00047046589315868914, 0.0007181605906225741, 0.0007244430016726255, 0.0006652091396972537, 0.0006552594713866711, 0.0008445488638244569, 0.0008735997835174203, 0.0008374509634450078, 0.000705358455888927, 0.0006572723505087197, 0.0006803949945606291, 0.0006270432495512068, 0.00041933468310162425, 0.0002763841475825757, 0.00015378562966361642, 6.479823787230998e-05, 5.76764819015807e-07], "lowlevel.barkbands.stdev": [0.001560667180456221, 0.02531447447836399, 0.0098810950294137, 0.005070919636636972, 0.008070990443229675, 0.002060381695628166, 0.0021035673562437296, 0.0005463624256663024, 0.0006700491649098694, 0.0012676093028858304, 0.0008527512545697391, 0.0013924728846177459, 0.001062094117514789, 0.0009961598552763462, 0.0010247115278616548, 0.0010762653546407819, 0.0008638878935016692, 0.000790382910054177, 0.0004025452071800828, 0.00039450579788535833, 0.0005602864548563957, 0.0007171407924033701, 0.00053464958909899, 0.00027924426831305027, 0.0001121985333156772, 4.642470958060585e-05, 1.2033736993544153e-06], "lowlevel.erbbands.mean": [0.4400935769081116, 4.465755462646484, 11.951634407043457, 13.09173583984375, 11.682246208190918, 9.087340354919434, 5.865823268890381, 9.898229598999023, 15.399055480957031, 9.497251510620117, 7.627111911773682, 8.65023136138916, 15.932141304016113, 17.071475982666016, 23.066434860229492, 29.579126358032227, 32.87275695800781, 32.49295425415039, 40.533485412597656, 31.846546173095703, 51.19715881347656, 50.948272705078125, 44.70838165283203, 44.15385055541992, 29.713481903076172, 31.1658878326416, 30.43703269958496, 24.562828063964844, 23.51207160949707, 17.775625228881836, 10.61130428314209, 6.527676105499268, 4.187350273132324, 2.0838983058929443, 0.9058666229248047, 0.38650399446487427, 0.10089679062366486, 0.008825832046568394, 0.00021959446894470602, 7.078077760525048e-05], "lowlevel.erbbands.stdev": [0.8017197251319885, 5.555410385131836, 10.528646469116211, 14.023032188415527, 24.31999969482422, 24.976770401000977, 11.735655784606934, 20.680238723754883, 35.61731719970703, 15.160908699035645, 12.519230842590332, 11.592353820800781, 39.451171875, 33.59217071533203, 41.77029800415039, 52.407649993896484, 45.58253479003906, 44.35853958129883, 63.61955261230469, 43.881675720214844, 54.1582145690918, 49.94224548339844, 44.663368225097656, 26.433908462524414, 17.038251876831055, 18.496156692504883, 23.904504776000977, 21.591773986816406, 25.95990562438965, 24.35971450805664, 12.54763412475586, 7.031659126281738, 4.164167404174805, 1.6968942880630493, 0.6262528896331787, 0.2903136909008026, 0.07567934691905975, 0.008289650082588196, 0.00016538758063688874, 3.663037932710722e-05], "lowlevel.gfcc.mean": [62.727725982666016, 58.00204849243164, -112.2763671875, 66.32210540771484, -43.92864990234375, 32.479225158691406, -33.31145477294922, 17.107118606567383, -25.72170066833496, 6.9652934074401855, -19.81999397277832, 2.3056938648223877, -17.27058982849121], "lowlevel.melbands.mean": [0.004641929175704718, 0.006091427057981491, 0.0021850173361599445, 0.0007695031235925853, 0.00022058388276491314, 0.0002251963160233572, 0.00022645301942247897, 9.390445484314114e-05, 6.03126100031659e-05, 5.582868107012473e-05, 8.029332821024582e-05, 6.806369492551312e-05, 7.011281559243798e-05, 8.32445512060076e-05, 6.859439599793404e-05, 7.39249589969404e-05, 5.8397989050718024e-05, 6.757445225957781e-05, 4.420683762873523e-05, 4.681957943830639e-05, 6.262118404265493e-05, 5.267382221063599e-05, 4.536009146249853e-05, 3.772980562644079e-05, 3.632273728726432e-05, 2.3038024664856493e-05, 2.006116665143054e-05, 2.0641879018512554e-05, 1.971110214071814e-05, 1.673828774073627e-05, 1.3138187568983994e-05, 1.3729161764786113e-05, 1.1431863640609663e-05, 9.405168384546414e-06, 6.429472250601975e-06, 4.4921748667547945e-06, 3.864982772938674e-06, 3.133976179015008e-06, 2.222980128863128e-06, 1.5833613815630088e-06], "lowlevel.melbands.stdev": [0.007137489505112171, 0.005363337229937315, 0.0022235140204429626, 0.001980431145057082, 0.0004737549461424351, 0.0004614098579622805, 0.000502845156006515, 0.00014383470988832414, 9.861576836556196e-05, 8.587064075982198e-05, 0.00020138778199907392, 0.0001404325448675081, 0.0001247241161763668, 0.00016894414147827774, 9.92932400549762e-05, 0.00011353375884937122, 8.518145477864891e-05, 0.00010960842337226495, 6.475364352809265e-05, 7.365876081166789e-05, 6.306510476861149e-05, 5.3786854550708085e-05, 5.374425381887704e-05, 3.4461711038602516e-05, 2.2572989109903574e-05, 1.4594515050703194e-05, 1.2503336620284244e-05, 1.3059868251730222e-05, 1.60613617481431e-05, 1.4592862498830073e-05, 1.2361099834379274e-05, 1.5186054042715114e-05, 1.4791668945690617e-05, 1.3878447134629823e-05, 7.828563866496552e-06, 5.2883638090861496e-06, 4.109016117581632e-06, 3.348473455844214e-06, 1.9995311504317215e-06, 1.2992113624932244e-06], "lowlevel.melbands128.mean": [0.0007605651626363397, 0.0029510001186281443, 0.006363331340253353, 0.007727513089776039, 0.006859623361378908, 0.004459762945771217, 0.0028309710323810577, 0.001519198645837605, 0.001140405423939228, 0.0008995190146379173, 0.0004262110742274672, 0.00022415762941818684, 0.00019599033112172037, 0.00015671558503527194, 0.00020005354599561542, 0.00027802205295301974, 0.0002900332328863442, 0.00022339183487929404, 0.00014533173816744238, 9.75767252384685e-05, 7.123519026208669e-05, 6.57564596622251e-05, 6.058849976398051e-05, 5.279892866383307e-05, 5.0625476433197036e-05, 5.457790757645853e-05, 7.233933138195425e-05, 9.028465865412727e-05, 8.198420255212113e-05, 6.788908649468794e-05, 6.710216257488355e-05, 5.8282006648369133e-05, 7.035750604700297e-05, 7.524310058215633e-05, 8.529809565516189e-05, 8.677462028572336e-05, 7.990449375938624e-05, 6.332989141810685e-05, 6.187191320350394e-05, 7.955949695315212e-05, 8.107745088636875e-05, 6.1012033256702125e-05, 4.920216088066809e-05, 6.174092413857579e-05, 7.116588676581159e-05, 6.583237700397149e-05, 7.225626177387312e-05, 3.9377726352540776e-05, 3.490571543807164e-05, 4.125939085497521e-05, 4.3809930502902716e-05, 5.706520823878236e-05, 6.82800164213404e-05, 6.2873303249944e-05, 5.4541309509659186e-05, 5.108058758196421e-05, 5.427778887678869e-05, 4.527588316705078e-05, 4.515820546657778e-05, 3.7546120438491926e-05, 3.524849671521224e-05, 3.9032493077684194e-05, 4.223944415571168e-05, 3.528760498738848e-05, 2.7490081265568733e-05, 2.3190870706457645e-05, 2.027079426625278e-05, 1.7696153008728288e-05, 2.0538251192192547e-05, 2.2962614821153693e-05, 1.9829061784548685e-05, 1.9273620637250133e-05, 2.2158776118885726e-05, 1.970587982214056e-05, 1.706127295619808e-05, 1.8097911379300058e-05, 1.5765537682455033e-05, 1.4542575627274346e-05, 1.2153995157859754e-05, 1.2217401490488555e-05, 1.4704710338264704e-05, 1.3991311789141037e-05, 1.2661028449656442e-05, 1.155657992057968e-05, 9.785221664060373e-06, 1.0170772839046549e-05, 9.110945029533468e-06, 8.308318683702964e-06, 6.040259904693812e-06, 5.476406840898562e-06, 4.85488226331654e-06, 4.3422519411251415e-06, 3.6322617233963683e-06, 3.929678314307239e-06, 3.96298719351762e-06, 3.4886052162619308e-06, 2.9013360745011596e-06, 2.735218686211738e-06, 2.2162012101034634e-06, 1.9654346488096053e-06, 1.9458530005067587e-06, 1.4535626178258099e-06, 1.2821215022995602e-06, 1.1057410347348196e-06, 9.462661978432152e-07, 9.10713424673304e-07, 9.17969543934305e-07, 8.019715096452273e-07, 6.375037173711462e-07, 5.482135065904004e-07, 5.01425006405043e-07, 3.663469954062748e-07, 3.0141526963234355e-07, 2.3965003492776304e-07, 1.4840722428743902e-07, 7.932723633530259e-08, 2.285491440545684e-08, 2.3028257079005243e-09, 3.991809313652617e-11, 9.880130567851975e-12, 9.252093015332807e-12, 6.953726656988568e-12, 6.529765877311133e-12, 6.4066391081141205e-12, 6.273228898151517e-12, 6.126174654369487e-12, 6.0354347387880924e-12, 5.995701764932582e-12], "lowlevel.melbands128.stdev": [0.0012815670343115926, 0.006229425314813852, 0.010965969413518906, 0.009097492322325706, 0.006201428361237049, 0.004776643589138985, 0.0033493065275251865, 0.0023212481755763292, 0.002837219275534153, 0.002710820874199271, 0.0012626941315829754, 0.0005583632737398148, 0.0004168516315985471, 0.00032758558518253267, 0.0004941663355566561, 0.0006776485242880881, 0.0008117691031657159, 0.000614999036770314, 0.00032430925057269633, 0.00017577974358573556, 0.0001204615764436312, 0.0001467721158405766, 0.00012312174658291042, 9.537272853776813e-05, 7.036305032670498e-05, 0.000107198218756821, 0.00023509880702476948, 0.0003027408092748374, 0.00022630905732512474, 0.00017789423873182386, 0.00018182593339588493, 0.00011767571413656697, 0.0001467014371883124, 0.0001841854100348428, 0.00022100283240433782, 0.00020230883092153817, 0.00017098950047511607, 0.00011310218542348593, 0.00010981302330037579, 0.00013702258002012968, 0.00016389074153266847, 0.00011607066699070856, 8.624676411272958e-05, 0.00010858542373171076, 0.00013923077494837344, 0.00012756037176586688, 0.00014789565466344357, 6.085793938837014e-05, 7.375419954769313e-05, 7.119202200556174e-05, 8.722220081835985e-05, 9.618964395485818e-05, 8.6431551608257e-05, 6.903823668835685e-05, 7.118238863768056e-05, 6.54503601253964e-05, 6.700132507830858e-05, 6.01319843553938e-05, 6.85142949805595e-05, 4.5972177758812904e-05, 4.439441181602888e-05, 3.633426604210399e-05, 3.5395147278904915e-05, 2.680944453459233e-05, 2.1807125449413434e-05, 1.9421522665652446e-05, 1.6992533346638083e-05, 1.4042578186490573e-05, 1.622073796170298e-05, 1.823051024985034e-05, 1.5583782442263328e-05, 1.5581694242428057e-05, 2.0184352251817472e-05, 1.9851479009957984e-05, 1.7577414837433025e-05, 1.7689579181023873e-05, 1.5743838957860135e-05, 1.601034091436304e-05, 1.2831087587983347e-05, 1.4204218132363167e-05, 1.769074697222095e-05, 1.724399407976307e-05, 1.801111466193106e-05, 1.5769528545206413e-05, 1.4902546354278456e-05, 1.731429438223131e-05, 1.4638246284448542e-05, 1.195898494188441e-05, 7.867009117035195e-06, 6.576226951438002e-06, 6.064780791348312e-06, 5.94568928136141e-06, 4.644497494155075e-06, 4.485295903577935e-06, 4.29635383625282e-06, 4.3539912439882755e-06, 3.514804802762228e-06, 2.872087634386844e-06, 2.319906116099446e-06, 1.8661304466149886e-06, 1.7430297702958342e-06, 1.3670277212440851e-06, 1.2023457429677364e-06, 1.0538753940636525e-06, 8.170248406713654e-07, 7.355524189733842e-07, 7.584708896501979e-07, 6.755033723493398e-07, 6.071558118492248e-07, 5.506329898707918e-07, 5.092289825370244e-07, 3.3854669823085715e-07, 2.8937381557625486e-07, 2.570927222222963e-07, 1.772405084921047e-07, 1.1485030171343169e-07, 4.274423659467175e-08, 9.88887460806609e-09, 1.0428530261563651e-09, 1.138938596212391e-10, 9.655513888429113e-11, 1.3909376254950256e-11, 9.166198182419816e-12, 8.996452888210271e-12, 8.805967240121948e-12, 8.655952690728164e-12, 8.574627986812633e-12, 8.527433967286946e-12], "lowlevel.mfcc.mean": [-575.3929443359375, 77.53883361816406, 2.164557933807373, 39.201473236083984, 17.852693557739258, 20.660762786865234, 10.64380931854248, 12.609631538391113, 5.8090620040893555, 3.487443685531616, 3.7554361820220947, 5.408097267150879, 1.094804286956787], "lowlevel.spectral_contrast_coeffs.mean": [-0.6976990103721619, -0.8093001842498779, -0.8213525414466858, -0.8095451593399048, -0.8049333691596985, -0.7306653261184692], "lowlevel.spectral_contrast_coeffs.stdev": [0.06135446950793266, 0.059766389429569244, 0.040357157588005066, 0.03423212841153145, 0.021072788164019585, 0.030300654470920563], "lowlevel.spectral_contrast_valleys.mean": [-6.2516374588012695, -6.651607513427734, -6.876088619232178, -6.768836975097656, -6.405040264129639, -9.170669555664062], "lowlevel.spectral_contrast_valleys.stdev": [0.4930461645126343, 0.5092061161994934, 0.47267022728919983, 0.39442670345306396, 0.3130163252353668, 0.41209110617637634], "rhythm.beats_loudness_band_ratio.mean": [0.6550348997116089, 0.08706185966730118, 0.054079171270132065, 0.06739839911460876, 0.09728766977787018, 0.08364275097846985], "rhythm.beats_loudness_band_ratio.stdev": [0.15816156566143036, 0.08489742130041122, 0.06333593279123306, 0.06067507714033127, 0.0653892457485199, 0.04539598897099495], "tonal.hpcp.mean": [0.20234234631061554, 0.2410527765750885, 0.16881787776947021, 0.09597911685705185, 0.06356634944677353, 0.054699014872312546, 0.058202113956213, 0.06088203936815262, 0.06525766104459763, 0.06833641231060028, 0.06355593353509903, 0.05676468089222908, 0.06513763219118118, 0.08226379007101059, 0.10110806673765182, 0.20397908985614777, 0.33942902088165283, 0.28023606538772583, 0.13468621671199799, 0.08369006216526031, 0.07404182851314545, 0.08061976730823517, 0.09428932517766953, 0.08721143007278442, 0.06331931799650192, 0.05909131094813347, 0.07861944288015366, 0.12241443246603012, 0.14143456518650055, 0.13073670864105225, 0.16983263194561005, 0.1661732941865921, 0.10510377585887909, 0.08041103184223175, 0.07812879234552383, 0.11233217269182205], "tonal.hpcp.stdev": [0.2869371473789215, 0.324009507894516, 0.25845763087272644, 0.2023322582244873, 0.16097241640090942, 0.14899660646915436, 0.1511278748512268, 0.147020161151886, 0.16135403513908386, 0.1805424839258194, 0.17636655271053314, 0.15033981204032898, 0.14055868983268738, 0.1608569175004959, 0.19995076954364777, 0.27533239126205444, 0.38212621212005615, 0.3357734978199005, 0.23867563903331757, 0.1901797503232956, 0.16707304120063782, 0.19388028979301453, 0.22266240417957306, 0.2043830007314682, 0.14311975240707397, 0.133353590965271, 0.17706578969955444, 0.2375081181526184, 0.26809385418891907, 0.2301221638917923, 0.30514127016067505, 0.2953657805919647, 0.21024982631206512, 0.1722402125597, 0.16099439561367035, 0.20936319231987], "rhythm.beats_position": [0.5340589284896851, 1.0681178569793701, 1.6021767854690552, 2.1362357139587402, 2.670294761657715, 3.2043535709381104, 3.7268025875091553, 4.260861396789551, 4.783310413360596, 5.31736946105957, 5.851428508758545, 6.3854875564575195, 6.9079365730285645, 7.430385589599609, 7.964444160461426, 8.498503684997559, 9.020952224731445, 9.543400764465332, 10.077460289001465, 10.611518859863281, 11.133968353271484, 11.6680269241333, 12.190476417541504, 12.72453498840332, 13.258593559265137, 13.79265308380127, 14.315101623535156, 14.83755111694336, 15.371609687805176, 15.905668258666992, 16.439727783203125, 16.973787307739258, 17.507844924926758, 18.03029441833496, 18.552743911743164, 19.075191497802734, 19.597640991210938, 20.13170051574707, 20.665760040283203, 21.199817657470703, 21.733877182006836, 22.26793670654297, 22.79038429260254, 23.312833786010742, 23.846893310546875, 24.369342803955078, 24.903400421142578, 25.42584991455078, 25.959909439086914, 26.493967056274414, 27.028026580810547, 27.56208610534668, 28.08453369140625, 28.606983184814453, 29.141042709350586, 29.67510223388672, 30.19754981994629, 30.719999313354492, 31.254058837890625, 31.788116455078125, 32.31056594848633, 32.84462356567383, 33.36707305908203, 33.9011344909668, 34.4351921081543, 34.9692497253418, 35.49169921875, 36.0141487121582, 36.5482063293457, 37.08226776123047], "rhythm.bpm_histogram": [0.0, 0.0, 0.0, 0.0, 0.0, 0.0, 0.0, 0.0, 0.0, 0.0, 0.0, 0.0, 0.0, 0.0, 0.0, 0.0, 0.0, 0.0, 0.0, 0.0, 0.0, 0.0, 0.0, 0.0, 0.0, 0.0, 0.0, 0.0, 0.0, 0.0, 0.0, 0.0, 0.0, 0.0, 0.0, 0.0, 0.0, 0.0, 0.0, 0.0, 0.0, 0.0, 0.0, 0.0, 0.0, 0.0, 0.0, 0.0, 0.0, 0.0, 0.0, 0.0, 0.0, 0.0, 0.0, 0.0, 0.0, 0.0, 0.0, 0.0, 0.0, 0.0, 0.0, 0.0, 0.0, 0.0, 0.0, 0.0, 0.0, 0.0, 0.0, 0.0, 0.0, 0.0, 0.0, 0.0, 0.0, 0.0, 0.0, 0.0, 0.0, 0.0, 0.0, 0.0, 0.0, 0.0, 0.0, 0.0, 0.0, 0.0, 0.0, 0.0, 0.0, 0.0, 0.0, 0.0, 0.0, 0.0, 0.0, 0.0, 0.0, 0.0, 0.0, 0.0, 0.0, 0.0, 0.0, 0.0, 0.0, 0.0, 0.0, 0.0, 0.6231883764266968, 0.0, 0.0, 0.37681159377098083, 0.0, 0.0, 0.0, 0.0, 0.0, 0.0, 0.0, 0.0, 0.0, 0.0, 0.0, 0.0, 0.0, 0.0, 0.0, 0.0, 0.0, 0.0, 0.0, 0.0, 0.0, 0.0, 0.0, 0.0, 0.0, 0.0, 0.0, 0.0, 0.0, 0.0, 0.0, 0.0, 0.0, 0.0, 0.0, 0.0, 0.0, 0.0, 0.0, 0.0, 0.0, 0.0, 0.0, 0.0, 0.0, 0.0, 0.0, 0.0, 0.0, 0.0, 0.0, 0.0, 0.0, 0.0, 0.0, 0.0, 0.0, 0.0, 0.0, 0.0, 0.0, 0.0, 0.0, 0.0, 0.0, 0.0, 0.0, 0.0, 0.0, 0.0, 0.0, 0.0, 0.0, 0.0, 0.0, 0.0, 0.0, 0.0, 0.0, 0.0, 0.0, 0.0, 0.0, 0.0, 0.0, 0.0, 0.0, 0.0, 0.0, 0.0, 0.0, 0.0, 0.0, 0.0, 0.0, 0.0, 0.0, 0.0, 0.0, 0.0, 0.0, 0.0, 0.0, 0.0, 0.0, 0.0, 0.0, 0.0, 0.0, 0.0, 0.0, 0.0, 0.0, 0.0, 0.0, 0.0, 0.0, 0.0, 0.0, 0.0, 0.0, 0.0, 0.0, 0.0, 0.0, 0.0, 0.0, 0.0, 0.0, 0.0, 0.0, 0.0, 0.0, 0.0], "tonal.chords_histogram": [13.011152267456055, 7.187112808227539, 4.956629276275635, 3.4696407318115234, 0.0, 0.0, 0.12391573935747147, 0.0, 0.0, 0.0, 0.0, 1.2391573190689087, 0.0, 10.285006523132324, 0.0, 2.230483293533325, 0.0, 34.20074462890625, 0.0, 0.0, 2.106567621231079, 1.2391573190689087, 19.083023071289062, 0.8674101829528809], "tonal.thpcp": [1.0, 0.8256102204322815, 0.39680230617523193, 0.24656130373477936, 0.21813641488552094, 0.23751583695411682, 0.27778804302215576, 0.2569356858730316, 0.18654656410217285, 0.17409032583236694, 0.2316226363182068, 0.36064809560775757, 0.41668376326560974, 0.38516655564308167, 0.5003479719161987, 0.4895671308040619, 0.3096487522125244, 0.23690088093280792, 0.2301771193742752, 0.3309445083141327, 0.5961256623268127, 0.7101714015007019, 0.49735841155052185, 0.2827663719654083, 0.18727435171604156, 0.16115008294582367, 0.17147064208984375, 0.17936603724956512, 0.19225716590881348, 0.20132754743099213, 0.18724367022514343, 0.16723579168319702, 0.19190354645252228, 0.24235932528972626, 0.29787689447402954, 0.6009476780891418], "lowlevel.gfcc.cov": [[936.5154418945312, 35.055152893066406, -27.45484733581543, -60.698909759521484, -131.30520629882812, -49.8320426940918, -64.3939437866211, -65.83647918701172, 18.920969009399414, 23.154766082763672, 11.518807411193848, 22.090524673461914, -6.196112155914307], [35.055152893066406, 224.54286193847656, -39.10372543334961, -60.68313217163086, 9.525867462158203, -55.295833587646484, -8.744111061096191, -28.16184425354004, -3.7040297985076904, -13.2171049118042, 21.483152389526367, -9.76096248626709, 22.74867057800293], [-27.45484733581543, -39.10372543334961, 226.5894775390625, 100.63565826416016, 3.776171922683716, -15.122855186462402, -9.606022834777832, -31.475666046142578, -29.785696029663086, -4.002831935882568, -18.1676025390625, -2.9512624740600586, -11.656451225280762], [-60.698909759521484, -60.68313217163086, 100.63565826416016, 218.4833221435547, 34.389251708984375, 12.22234058380127, 26.62677764892578, 4.743175506591797, 27.053327560424805, -11.978759765625, -0.06729191541671753, -17.09012794494629, 18.71527671813965], [-131.30520629882812, 9.525867462158203, 3.776171922683716, 34.389251708984375, 174.3441162109375, 62.35498046875, 59.410133361816406, 35.44389343261719, 12.426862716674805, 7.447927474975586, -6.83502721786499, -11.17556381225586, 6.212879657745361], [-49.8320426940918, -55.295833587646484, -15.122855186462402, 12.22234058380127, 62.35498046875, 133.965576171875, 86.8670654296875, 31.714378356933594, -6.241360664367676, -7.54566764831543, -5.031162261962891, -13.523062705993652, -1.1713517904281616], [-64.3939437866211, -8.744111061096191, -9.606022834777832, 26.62677764892578, 59.410133361816406, 86.8670654296875, 135.10507202148438, 62.90088653564453, 9.858911514282227, -15.128121376037598, -0.8539586663246155, -1.4077681303024292, 13.577902793884277], [-65.83647918701172, -28.16184425354004, -31.475666046142578, 4.743175506591797, 35.44389343261719, 31.714378356933594, 62.90088653564453, 97.5281982421875, 44.25841522216797, 10.49844741821289, 0.39522823691368103, 6.578671932220459, 9.011513710021973], [18.920969009399414, -3.7040297985076904, -29.785696029663086, 27.053327560424805, 12.426862716674805, -6.241360664367676, 9.858911514282227, 44.25841522216797, 85.49795532226562, 41.15610885620117, 20.222185134887695, 1.9467391967773438, 6.070676803588867], [23.154766082763672, -13.2171049118042, -4.002831935882568, -11.978759765625, 7.447927474975586, -7.54566764831543, -15.128121376037598, 10.49844741821289, 41.15610885620117, 72.82904815673828, 33.26355743408203, 10.360692977905273, -9.035282135009766], [11.518807411193848, 21.483152389526367, -18.1676025390625, -0.06729191541671753, -6.83502721786499, -5.031162261962891, -0.8539586663246155, 0.39522823691368103, 20.222185134887695, 33.26355743408203, 54.38158416748047, 24.130151748657227, 8.379655838012695], [22.090524673461914, -9.76096248626709, -2.9512624740600586, -17.09012794494629, -11.17556381225586, -13.523062705993652, -1.4077681303024292, 6.578671932220459, 1.9467391967773438, 10.360692977905273, 24.130151748657227, 52.965606689453125, 21.492931365966797], [-6.196112155914307, 22.74867057800293, -11.656451225280762, 18.71527671813965, 6.212879657745361, -1.1713517904281616, 13.577902793884277, 9.011513710021973, 6.070676803588867, -9.035282135009766, 8.379655838012695, 21.492931365966797, 49.51127624511719]], "lowlevel.gfcc.icov": [[0.001359843066893518, -0.000582597334869206, 0.00019154186884406954, -9.334868809673935e-05, 0.0011237447615712881, -0.0006611851276829839, -0.00010477168689249083, 0.0013319794088602066, -0.0011502007255330682, -0.0006955214194022119, 0.0015239887870848179, -0.0015426920726895332, 0.0005737438914366066], [-0.000582597334869206, 0.013016925193369389, -0.002001798013225198, 0.008079646155238152, -0.004775462672114372, 0.010062899440526962, -0.005531476344913244, 0.004922149237245321, -0.0033140380401164293, 0.008557567372918129, -0.014646755531430244, 0.01523587666451931, -0.010287721641361713], [0.00019154186884406954, -0.002001798013225198, 0.008385544642806053, -0.006390944588929415, 0.000951954338233918, 0.00019343967142049223, -0.0007084985263645649, 0.0007739762077108026, 0.005450965370982885, -0.006396094802767038, 0.0075919730588793755, -0.006299147382378578, 0.004886239301413298], [-9.334868809673935e-05, 0.008079646155238152, -0.006390944588929415, 0.014086933806538582, -0.0038074806798249483, 0.005420564673841, -0.0036312458105385303, 0.0044005438685417175, -0.008807123638689518, 0.010744445025920868, -0.013347802683711052, 0.014280094765126705, -0.010651898570358753], [0.0011237447615712881, -0.004775462672114372, 0.000951954338233918, -0.0038074806798249483, 0.010109697468578815, -0.006053378339856863, 0.0002389269502600655, -0.0017348862020298839, 0.0012122226180508733, -0.006551830563694239, 0.00817006453871727, -0.005151870660483837, 0.0023459589574486017], [-0.0006611851276829839, 0.010062899440526962, 0.00019343967142049223, 0.005420564673841, -0.006053378339856863, 0.022931525483727455, -0.01387486420571804, 0.00442270515486598, 0.0017909540329128504, 0.0035327973309904337, -0.010853325016796589, 0.014318548142910004, -0.006361253093928099], [-0.00010477168689249083, -0.005531476344913244, -0.0007084985263645649, -0.0036312458105385303, 0.0002389269502600655, -0.01387486420571804, 0.022380389273166656, -0.012849108316004276, 0.002118511125445366, 0.002978789620101452, 0.0005531230708584189, -0.00522701907902956, 0.0020363549701869488], [0.0013319794088602066, 0.004922149237245321, 0.0007739762077108026, 0.0044005438685417175, -0.0017348862020298839, 0.00442270515486598, -0.012849108316004276, 0.026729641482234, -0.014489562250673771, 0.002125342143699527, 0.002868706127628684, -0.001323743024840951, -0.002341474173590541], [-0.0011502007255330682, -0.0033140380401164293, 0.005450965370982885, -0.008807123638689518, 0.0012122226180508733, 0.0017909540329128504, 0.002118511125445366, -0.014489562250673771, 0.03182216361165047, -0.018166612833738327, 0.002605259418487549, 0.0011938672978430986, -0.00023851478181313723], [-0.0006955214194022119, 0.008557567372918129, -0.006396094802767038, 0.010744445025920868, -0.006551830563694239, 0.0035327973309904337, 0.002978789620101452, 0.002125342143699527, -0.018166612833738327, 0.0398443378508091, -0.02781015820801258, 0.009834778495132923, 5.1939325203420594e-05], [0.0015239887870848179, -0.014646755531430244, 0.0075919730588793755, -0.013347802683711052, 0.00817006453871727, -0.010853325016796589, 0.0005531230708584189, 0.002868706127628684, 0.002605259418487549, -0.02781015820801258, 0.055359188467264175, -0.03311312943696976, 0.011408005841076374], [-0.0015426920726895332, 0.01523587666451931, -0.006299147382378578, 0.014280094765126705, -0.005151870660483837, 0.014318548142910004, -0.00522701907902956, -0.001323743024840951, 0.0011938672978430986, 0.009834778495132923, -0.03311312943696976, 0.053395044058561325, -0.02734089083969593], [0.0005737438914366066, -0.010287721641361713, 0.004886239301413298, -0.010651898570358753, 0.0023459589574486017, -0.006361253093928099, 0.0020363549701869488, -0.002341474173590541, -0.00023851478181313723, 5.1939325203420594e-05, 0.011408005841076374, -0.02734089083969593, 0.039572373032569885]], "lowlevel.mfcc.cov": [[1001.2256469726562, 13.160733222961426, 4.377624034881592, -64.81256103515625, -94.13301086425781, -22.436141967773438, -110.67747497558594, -53.407203674316406, -48.574867248535156, -26.273643493652344, 5.049416542053223, -6.675565242767334, 8.02702522277832], [13.160733222961426, 272.5408935546875, -82.34221649169922, -58.95210266113281, -9.716108322143555, -40.64958572387695, -4.930726528167725, -37.8542594909668, -21.82956314086914, -25.80594825744629, -10.472214698791504, -7.4313249588012695, -8.038901329040527], [4.377624034881592, -82.34221649169922, 223.63279724121094, 85.1591796875, -15.70246410369873, 12.583612442016602, -20.676620483398438, -21.463518142700195, -35.240665435791016, -18.5389347076416, -12.966712951660156, -22.191194534301758, -10.665916442871094], [-64.81256103515625, -58.95210266113281, 85.1591796875, 177.40054321289062, 47.344844818115234, 6.573137283325195, -13.134815216064453, 1.1972318887710571, 13.71103572845459, 5.619640827178955, -0.8020952343940735, -4.761928081512451, 4.20086145401001], [-94.13301086425781, -9.716108322143555, -15.70246410369873, 47.344844818115234, 98.1107406616211, 30.580318450927734, 7.984013080596924, -5.549966335296631, 12.866132736206055, 19.78086280822754, 7.6240997314453125, -3.0313127040863037, -3.7033731937408447], [-22.436141967773438, -40.64958572387695, 12.583612442016602, 6.573137283325195, 30.580318450927734, 95.61930847167969, 57.826229095458984, 17.667301177978516, 8.503746032714844, 13.498428344726562, 5.364530086517334, -4.773462772369385, -8.314197540283203], [-110.67747497558594, -4.930726528167725, -20.676620483398438, -13.134815216064453, 7.984013080596924, 57.826229095458984, 125.67108154296875, 66.14852905273438, 36.12712097167969, 8.79877758026123, -1.820168375968933, 4.010980606079102, -7.334133625030518], [-53.407203674316406, -37.8542594909668, -21.463518142700195, 1.1972318887710571, -5.549966335296631, 17.667301177978516, 66.14852905273438, 98.30999755859375, 57.51523208618164, 13.508184432983398, -4.144161224365234, 5.002401351928711, 3.5035457611083984], [-48.574867248535156, -21.82956314086914, -35.240665435791016, 13.71103572845459, 12.866132736206055, 8.503746032714844, 36.12712097167969, 57.51523208618164, 80.01750946044922, 37.83936309814453, 7.560676097869873, 5.021291732788086, 7.126115798950195], [-26.273643493652344, -25.80594825744629, -18.5389347076416, 5.619640827178955, 19.78086280822754, 13.498428344726562, 8.79877758026123, 13.508184432983398, 37.83936309814453, 62.86019515991211, 29.06363296508789, 8.816850662231445, 3.0570995807647705], [5.049416542053223, -10.472214698791504, -12.966712951660156, -0.8020952343940735, 7.6240997314453125, 5.364530086517334, -1.820168375968933, -4.144161224365234, 7.560676097869873, 29.06363296508789, 55.809139251708984, 29.205598831176758, 7.131166934967041], [-6.675565242767334, -7.4313249588012695, -22.191194534301758, -4.761928081512451, -3.0313127040863037, -4.773462772369385, 4.010980606079102, 5.002401351928711, 5.021291732788086, 8.816850662231445, 29.205598831176758, 55.3642578125, 25.84476661682129], [8.02702522277832, -8.038901329040527, -10.665916442871094, 4.20086145401001, -3.7033731937408447, -8.314197540283203, -7.334133625030518, 3.5035457611083984, 7.126115798950195, 3.0570995807647705, 7.131166934967041, 25.84476661682129, 48.731441497802734]], "lowlevel.mfcc.icov": [[0.0013131395680829883, -7.618622476002201e-05, 0.00023846571275498718, 0.00013956405746284872, 0.0014317476889118552, -0.001272238208912313, 0.0017665323102846742, -0.00021716742776334286, -2.954581577796489e-05, 0.00039766757981851697, -0.0004972661263309419, 0.00039949125493876636, -0.00017520986148156226], [-7.618622476002201e-05, 0.0054794903844594955, 0.0019171221647411585, 0.0006024413742125034, -0.0002535491075832397, 0.0029970514588057995, -0.0028439497109502554, 0.00381160294637084, -0.0005976820830255747, 0.0020457287319004536, -0.0003335425863042474, 0.0013981132069602609, 0.00034053123090416193], [0.00023846571275498718, 0.0019171221647411585, 0.00819316878914833, -0.004458392038941383, 0.004020521882921457, -0.001501545775681734, 2.389144901826512e-05, 0.0008403573883697391, 0.003747468115761876, -1.8473572708899155e-05, -0.00014365285460371524, 0.002713340800255537, 0.00048225122736766934], [0.00013956405746284872, 0.0006024413742125034, -0.004458392038941383, 0.009842799045145512, -0.005703755188733339, 0.0012687653070315719, 0.0011936688097193837, -6.159030454000458e-05, -0.003964634146541357, 0.0021168000530451536, -0.00029255260596983135, -0.00046127600944601, -0.0010464180959388614], [0.0014317476889118552, -0.0002535491075832397, 0.004020521882921457, -0.005703755188733339, 0.017784537747502327, -0.006839849520474672, 0.0020902089308947325, 0.003086760174483061, -0.000633124727755785, -0.0026841722428798676, -0.0001299673895118758, 0.001323502161540091, 0.00094930938212201], [-0.001272238208912313, 0.0029970514588057995, -0.001501545775681734, 0.0012687653070315719, -0.006839849520474672, 0.021230759099125862, -0.012832059524953365, 0.0030734301544725895, 0.002755360910668969, -0.002465880010277033, -0.001569919753819704, 0.003024842357262969, -0.0004065400280524045], [0.0017665323102846742, -0.0028439497109502554, 2.389144901826512e-05, 0.0011936688097193837, 0.0020902089308947325, -0.012832059524953365, 0.022209223359823227, -0.01213393360376358, -0.0011098242830485106, 0.0016813004622235894, 0.0009039676515385509, -0.003706760937348008, 0.003217035438865423], [-0.00021716742776334286, 0.00381160294637084, 0.0008403573883697391, -6.159030454000458e-05, 0.003086760174483061, 0.0030734301544725895, -0.01213393360376358, 0.029303137212991714, -0.017817970365285873, 0.00539436237886548, 0.002053049160167575, -0.0009020192665047944, 0.00012492210953496397], [-2.954581577796489e-05, -0.0005976820830255747, 0.003747468115761876, -0.003964634146541357, -0.000633124727755785, 0.002755360910668969, -0.0011098242830485106, -0.017817970365285873, 0.03650329262018204, -0.018805835396051407, 0.0030812022741883993, 0.0026118187233805656, -0.0033900472335517406], [0.00039766757981851697, 0.0020457287319004536, -1.8473572708899155e-05, 0.0021168000530451536, -0.0026841722428798676, -0.002465880010277033, 0.0016813004622235894, 0.00539436237886548, -0.018805835396051407, 0.03507304936647415, -0.016591990366578102, 0.004420020617544651, -4.043191802338697e-05], [-0.0004972661263309419, -0.0003335425863042474, -0.00014365285460371524, -0.00029255260596983135, -0.0001299673895118758, -0.001569919753819704, 0.0009039676515385509, 0.002053049160167575, 0.0030812022741883993, -0.016591990366578102, 0.036127422004938126, -0.019879939034581184, 0.005578288808465004], [0.00039949125493876636, 0.0013981132069602609, 0.002713340800255537, -0.00046127600944601, 0.001323502161540091, 0.003024842357262969, -0.003706760937348008, -0.0009020192665047944, 0.0026118187233805656, 0.004420020617544651, -0.019879939034581184, 0.037338875234127045, -0.016630668193101883], [-0.00017520986148156226, 0.00034053123090416193, 0.00048225122736766934, -0.0010464180959388614, 0.00094930938212201, -0.0004065400280524045, 0.003217035438865423, 0.00012492210953496397, -0.0033900472335517406, -4.043191802338697e-05, 0.005578288808465004, -0.016630668193101883, 0.02978144958615303]], "metadata.audio_properties.analysis.downmix": "mix", "metadata.audio_properties.codec": "mp3", "metadata.audio_properties.md5_encoded": "2f6444319f9a4af843ac8b53bce2b6af", "metadata.tags.file_name": "1183682198914732102.mp3", "metadata.version.essentia": "2.1-beta6-dev", "metadata.version.essentia_git_sha": "v2.1_beta5-1110-g77a6a954", "metadata.version.extractor": "music 2.0", "tonal.chords_key": "D", "tonal.chords_scale": "minor", "tonal.key_edma.key": "G", "tonal.key_edma.scale": "minor", "tonal.key_krumhansl.key": "D", "tonal.key_krumhansl.scale": "major", "tonal.key_temperley.key": "D", "tonal.key_temperley.scale": "major", "meta