{"song_id": "1183700657467822101", "download": "https://cdn.discordapp.com/attachments/1135903449314238464/1183700657467822101/chirp.mp4?ex=65894a24&amp", "lyrics": "(Verse 1)\nI am Ismail Haniyeh, living in luxury,\nIn my Qatar villa, that's the life for me.\nWhile Gaza's kids hungry, and their futures fade,\nI'm dining on caviar, in my golden parade.\n\n(Chorus)\nHaniyeh, Haniyeh, let me make it clear,\nI live without guilt, have no reason to fear.\nAs Gaza's young ones starve and cry,\nI'm in opulence, under the desert sky.\n\n(Verse 2)\nI count my riches, while they count their tears,\nIn their darkest hours, I feed on their fears.\nI say I'm a leader, a guiding star,\nBut in reality, I've strayed very far.\nStyle of Music\nhip hop, rap, middle eastern", "style": ["hip hop</span><span>, rap</span><span>, middle eastern"], "essentia_features": {"lowlevel.average_loudness": 0.9444766640663147, "lowlevel.barkbands_crest.mean": 16.7240047454834, "lowlevel.barkbands_crest.stdev": 7.161078453063965, "lowlevel.barkbands_flatness_db.mean": 0.20452193915843964, "lowlevel.barkbands_flatness_db.stdev": 0.10051477700471878, "lowlevel.barkbands_kurtosis.mean": 64.26016998291016, "lowlevel.barkbands_kurtosis.stdev": 152.17828369140625, "lowlevel.barkbands_skewness.mean": 4.790557861328125, "lowlevel.barkbands_skewness.stdev": 5.77476167678833, "lowlevel.barkbands_spread.mean": 26.446273803710938, "lowlevel.barkbands_spread.stdev": 26.150691986083984, "lowlevel.dissonance.mean": 0.46921542286872864, "lowlevel.dissonance.stdev": 0.027105864137411118, "lowlevel.dynamic_complexity": 2.688161849975586, "lowlevel.erbbands_crest.mean": 9.944729804992676, "lowlevel.erbbands_crest.stdev": 4.411086082458496, "lowlevel.erbbands_flatness_db.mean": 0.11932162940502167, "lowlevel.erbbands_flatness_db.stdev": 0.04526369646191597, "lowlevel.erbbands_kurtosis.mean": 2.211526393890381, "lowlevel.erbbands_kurtosis.stdev": 6.050063610076904, "lowlevel.erbbands_skewness.mean": 0.4322552978992462, "lowlevel.erbbands_skewness.stdev": 1.444603443145752, "lowlevel.erbbands_spread.mean": 68.25833129882812, "lowlevel.erbbands_spread.stdev": 38.82548141479492, "lowlevel.hfc.mean": 38.40319061279297, "lowlevel.hfc.stdev": 48.644683837890625, "lowlevel.loudness_ebu128.integrated": -14.570194244384766, "lowlevel.loudness_ebu128.loudness_range": 1.5147113800048828, "lowlevel.loudness_ebu128.momentary.mean": -15.059562683105469, "lowlevel.loudness_ebu128.momentary.stdev": 2.257338762283325, "lowlevel.loudness_ebu128.short_term.mean": -14.533738136291504, "lowlevel.loudness_ebu128.short_term.stdev": 0.5220182538032532, "lowlevel.melbands_crest.mean": 20.673913955688477, "lowlevel.melbands_crest.stdev": 7.802194595336914, "lowlevel.melbands_flatness_db.mean": 0.29301610589027405, "lowlevel.melbands_flatness_db.stdev": 0.13960672914981842, "lowlevel.melbands_kurtosis.mean": 145.5354766845703, "lowlevel.melbands_kurtosis.stdev": 229.50308227539062, "lowlevel.melbands_skewness.mean": 7.148204326629639, "lowlevel.melbands_skewness.stdev": 5.915065288543701, "lowlevel.melbands_spread.mean": 24.62602424621582, "lowlevel.melbands_spread.stdev": 45.33022689819336, "lowlevel.pitch_salience.mean": 0.38921916484832764, "lowlevel.pitch_salience.stdev": 0.22801104187965393, "lowlevel.silence_rate_20dB.mean": 1.0, "lowlevel.silence_rate_20dB.stdev": 0.0, "lowlevel.silence_rate_30dB.mean": 0.7328605055809021, "lowlevel.silence_rate_30dB.stdev": 0.4424632489681244, "lowlevel.silence_rate_60dB.mean": 0.08215130120515823, "lowlevel.silence_rate_60dB.stdev": 0.27459782361984253, "lowlevel.spectral_centroid.mean": 1376.6380615234375, "lowlevel.spectral_centroid.stdev": 1244.2012939453125, "lowlevel.spectral_complexity.mean": 10.15661907196045, "lowlevel.spectral_complexity.stdev": 10.468074798583984, "lowlevel.spectral_decrease.mean": -1.8011036218013032e-08, "lowlevel.spectral_decrease.stdev": 1.9479957202861442e-08, "lowlevel.spectral_energy.mean": 0.07146105170249939, "lowlevel.spectral_energy.stdev": 0.07355289906263351, "lowlevel.spectral_energyband_high.mean": 0.0030149854719638824, "lowlevel.spectral_energyband_high.stdev": 0.005415250547230244, "lowlevel.spectral_energyband_low.mean": 0.059889767318964005, "lowlevel.spectral_energyband_low.stdev": 0.07404275238513947, "lowlevel.spectral_energyband_middle_high.mean": 0.00201311893761158, "lowlevel.spectral_energyband_middle_high.stdev": 0.003484840039163828, "lowlevel.spectral_energyband_middle_low.mean": 0.00798953976482153, "lowlevel.spectral_energyband_middle_low.stdev": 0.01629595458507538, "lowlevel.spectral_entropy.mean": 7.650230407714844, "lowlevel.spectral_entropy.stdev": 0.5515298247337341, "lowlevel.spectral_flux.mean": 0.12623091042041779, "lowlevel.spectral_flux.stdev": 0.09948819875717163, "lowlevel.spectral_kurtosis.mean": 4.2771992683410645, "lowlevel.spectral_kurtosis.stdev": 3.386227607727051, "lowlevel.spectral_rms.mean": 0.007144956383854151, "lowlevel.spectral_rms.stdev": 0.004320623353123665, "lowlevel.spectral_rolloff.mean": 2915.4111328125, "lowlevel.spectral_rolloff.stdev": 4704.41650390625, "lowlevel.spectral_skewness.mean": 1.603680968284607, "lowlevel.spectral_skewness.stdev": 0.6879600286483765, "lowlevel.spectral_spread.mean": 7299268.5, "lowlevel.spectral_spread.stdev": 2328595.25, "lowlevel.spectral_strongpeak.mean": 0.9607396125793457, "lowlevel.spectral_strongpeak.stdev": 1.591273546218872, "lowlevel.zerocrossingrate.mean": 0.11441278457641602, "lowlevel.zerocrossingrate.stdev": 0.11807296425104141, "metadata.audio_properties.analysis.equal_loudness": 0.0, "metadata.audio_properties.analysis.length": 39.252288818359375, "metadata.audio_properties.analysis.sample_rate": 44100.0, "metadata.audio_properties.analysis.start_time": 0.0, "metadata.audio_properties.bit_rate": 120968.0, "metadata.audio_properties.length": 39.253334045410156, "metadata.audio_properties.lossless": 0.0, "metadata.audio_properties.number_channels": 1.0, "metadata.audio_properties.replay_gain": -10.33051872253418, "metadata.audio_properties.sample_rate": 48000.0, "rhythm.beats_count": 58.0, "rhythm.beats_loudness.mean": 0.08783911168575287, "rhythm.beats_loudness.stdev": 0.04801873117685318, "rhythm.bpm": 89.90362548828125, "rhythm.bpm_histogram_first_peak_bpm": 89.0, "rhythm.bpm_histogram_first_peak_weight": 0.5357142686843872, "rhythm.bpm_histogram_second_peak_bpm": 82.0, "rhythm.bpm_histogram_second_peak_spread": 0.0, "rhythm.bpm_histogram_second_peak_weight": 0.017543859779834747, "rhythm.danceability": 1.2844774723052979, "rhythm.onset_rate": 4.940794467926025, "tonal.chords_changes_rate": 0.14403778314590454, "tonal.chords_number_rate": 0.01652892492711544, "tonal.chords_strength.mean": 0.46872586011886597, "tonal.chords_strength.stdev": 0.09319475293159485, "tonal.hpcp_crest.mean": 11.468996047973633, "tonal.hpcp_crest.stdev": 5.788126468658447, "tonal.hpcp_entropy.mean": 2.4095613956451416, "tonal.hpcp_entropy.stdev": 0.8408925533294678, "tonal.key_edma.strength": 0.6707890629768372, "tonal.key_krumhansl.strength": 0.6650767922401428, "tonal.key_temperley.strength": 0.6512522101402283, "tonal.tuning_diatonic_strength": 0.574358344078064, "tonal.tuning_equal_tempered_deviation": 0.319610059261322, "tonal.tuning_frequency": 431.19390869140625, "tonal.tuning_nontempered_energy_ratio": 0.9212686419487, "lowlevel.barkbands.mean": [0.0010956668993458152, 0.051934462040662766, 0.005500784609466791, 0.0024016420356929302, 0.0021661368664354086, 0.001499623409472406, 0.0005828310386277735, 0.0004991753958165646, 0.0006482197204604745, 0.0004057085025124252, 0.0002360929356655106, 0.00030066774343140423, 0.00021422977442853153, 0.0001251652865903452, 9.610533743398264e-05, 0.00013410062820184976, 0.00021436695533338934, 0.00014730726252309978, 0.00013833878620062023, 0.00020383192168083042, 0.00022779888240620494, 0.0003215270407963544, 0.00039021705742925406, 0.000888344831764698, 0.0002599815488792956, 0.0007668004254810512, 6.200038478709757e-05], "lowlevel.barkbands.stdev": [0.0022240530233830214, 0.06780001521110535, 0.017844757065176964, 0.00968341063708067, 0.006198846269398928, 0.003119120839983225, 0.001456555095501244, 0.0015611568232998252, 0.0016135495388880372, 0.0013396890135481954, 0.0007604362326674163, 0.001010667416267097, 0.0006651682197116315, 0.0003634329477790743, 0.0002519603003747761, 0.00032074013142846525, 0.00042768483399413526, 0.00034025131026282907, 0.00036467559402808547, 0.0005051572807133198, 0.0006104274652898312, 0.0009121565381065011, 0.0010643030982464552, 0.0023114222567528486, 0.0005995661485940218, 0.0010663450229912996, 0.00011137549881823361], "lowlevel.erbbands.mean": [1.7474688291549683, 10.514028549194336, 8.685235023498535, 7.719357967376709, 6.767956256866455, 8.057064056396484, 9.231588363647461, 12.841238975524902, 7.618987560272217, 11.950668334960938, 10.576910972595215, 13.987810134887695, 16.625423431396484, 9.290209770202637, 11.149824142456055, 11.940999984741211, 10.088652610778809, 7.238029956817627, 5.51259708404541, 5.127663612365723, 8.758718490600586, 12.047683715820312, 8.757246017456055, 6.973280906677246, 8.134764671325684, 9.208828926086426, 9.947100639343262, 7.969263076782227, 10.946675300598145, 13.94640827178955, 10.072486877441406, 14.873063087463379, 15.718997955322266, 4.375229835510254, 1.0622223615646362, 1.151362657546997, 1.5119380950927734, 0.5478805303573608, 0.010417896322906017, 0.00033911256468854845], "lowlevel.erbbands.stdev": [2.6815905570983887, 13.25805377960205, 19.665855407714844, 28.182823181152344, 23.544410705566406, 24.47265625, 18.508874893188477, 29.834796905517578, 19.612442016601562, 30.325199127197266, 32.37008285522461, 36.38835144042969, 51.539371490478516, 26.258419036865234, 34.52092361450195, 38.96243667602539, 29.48102569580078, 20.683385848999023, 15.060924530029297, 11.268085479736328, 20.47734832763672, 22.901124954223633, 18.604171752929688, 19.17371368408203, 19.785179138183594, 23.162565231323242, 25.26982307434082, 23.45583724975586, 30.614057540893555, 39.000370025634766, 28.339948654174805, 43.64990997314453, 38.4643669128418, 9.858510971069336, 2.773420810699463, 2.327584743499756, 2.067171573638916, 0.7812049984931946, 0.01480313204228878, 0.0003647425037343055], "lowlevel.gfcc.mean": [-11.711387634277344, 33.19334030151367, -49.15837860107422, 29.222265243530273, -33.98734664916992, 7.532067775726318, -28.588167190551758, 12.668034553527832, -19.955217361450195, 7.541501998901367, -15.352895736694336, 12.445971488952637, -20.043502807617188], "lowlevel.melbands.mean": [0.015201826579868793, 0.007496042642742395, 0.001294212182983756, 0.0005124547169543803, 0.0003339867398608476, 0.0002812049351632595, 0.00011892434122273698, 0.00012800138210877776, 8.635425183456391e-05, 9.094092092709616e-05, 8.181121665984392e-05, 3.677848872030154e-05, 3.508918598527089e-05, 3.5985885915579274e-05, 2.6995461666956544e-05, 1.891669126052875e-05, 1.271546079806285e-05, 8.896447070583235e-06, 6.861875590402633e-06, 7.589711458422244e-06, 1.0811710126290563e-05, 1.244234499608865e-05, 1.1072650522692129e-05, 6.054867753846338e-06, 5.545858584810048e-06, 5.012998826714465e-06, 7.150450983317569e-06, 5.7056622608797625e-06, 6.4164742070715874e-06, 5.5885507208586205e-06, 4.062033895024797e-06, 5.578315267484868e-06, 7.312965408345917e-06, 8.246898687502835e-06, 5.730431439587846e-06, 5.405490810517222e-06, 1.1096558409917634e-05, 1.3581358871306293e-05, 6.704306088067824e-06, 2.338616923225345e-06], "lowlevel.melbands.stdev": [0.021048422902822495, 0.010503784753382206, 0.004591870121657848, 0.0015619610203430057, 0.0006615975289605558, 0.0006264156545512378, 0.0002942389983218163, 0.00033483761944808066, 0.0002602909808047116, 0.00023296361905522645, 0.00025656630168668926, 0.00010924287198577076, 0.0001122264948207885, 0.00012525002239271998, 8.954710210673511e-05, 5.849032095284201e-05, 3.806350287050009e-05, 2.5865083443932235e-05, 1.7308419046457857e-05, 1.812859954952728e-05, 2.6458777938387357e-05, 2.602915628813207e-05, 2.082527134916745e-05, 1.528502798464615e-05, 1.6173164112842642e-05, 1.320083720202092e-05, 1.7079479221138172e-05, 1.5009867638582364e-05, 1.614466600585729e-05, 1.5760879250592552e-05, 1.3207851225160994e-05, 1.63024160428904e-05, 2.1226944227237254e-05, 2.3070037059369497e-05, 1.6320866052410565e-05, 1.7965254301088862e-05, 3.29618233081419e-05, 3.4664732083911076e-05, 1.534065631858539e-05, 5.78369690629188e-06], "lowlevel.melbands128.mean": [0.0010409754468128085, 0.01309216395020485, 0.023595530539751053, 0.01511325128376484, 0.0056307013146579266, 0.0024889425840228796, 0.0015983650228008628, 0.0010778396390378475, 0.000592909287661314, 0.0004933433956466615, 0.00046484085032716393, 0.00032897121855057776, 0.00028978855698369443, 0.00035073282197117805, 0.00033420335967093706, 0.00023125500592868775, 0.00011584589083213359, 9.071048407349735e-05, 0.00012314837658777833, 0.00015692002489231527, 0.00011759317567339167, 8.498111128574237e-05, 8.062085544224828e-05, 8.731254638405517e-05, 9.256542398361489e-05, 8.221589087042958e-05, 0.00011195048864465207, 8.881431858753785e-05, 5.282961865304969e-05, 3.950591053580865e-05, 2.8930266125826165e-05, 3.3909404010046273e-05, 3.588081744965166e-05, 3.526539512677118e-05, 3.944247146137059e-05, 3.757967351702973e-05, 2.76728933386039e-05, 2.7997044526273385e-05, 2.538311673561111e-05, 2.2367208657669835e-05, 1.7320851839031093e-05, 1.4080340406508185e-05, 1.3964234312879853e-05, 1.1424544936744496e-05, 9.25103813642636e-06, 8.64957291923929e-06, 8.226404133893084e-06, 7.1878585004014894e-06, 5.7871020544553176e-06, 6.651617695752066e-06, 6.94952359481249e-06, 9.72658017417416e-06, 1.0159616977034602e-05, 1.1228925359318964e-05, 1.2668782801483758e-05, 1.1800649190263357e-05, 1.3242596651252825e-05, 1.3441186638374347e-05, 1.016636633721646e-05, 6.344583653117297e-06, 6.0245574786677025e-06, 5.417428383225342e-06, 5.9301914916432e-06, 5.951977982476819e-06, 4.3091959014418535e-06, 4.651597009797115e-06, 5.213778877077857e-06, 6.947376732568955e-06, 8.252500265371054e-06, 6.836990905867424e-06, 4.9252739700023085e-06, 5.5884943321871106e-06, 6.128062523202971e-06, 7.3201126724598e-06, 5.558305929298513e-06, 5.620220235869056e-06, 6.094297532399651e-06, 4.284830538381357e-06, 3.824579835054465e-06, 3.357718469487736e-06, 4.827438260690542e-06, 6.766055776097346e-06, 7.144130449887598e-06, 7.348770850512665e-06, 7.450737484759884e-06, 7.783704859321006e-06, 9.200364729622379e-06, 7.891522727732081e-06, 4.735310540127102e-06, 4.890241143584717e-06, 5.27176871401025e-06, 5.290791705192532e-06, 5.9275239436829e-06, 1.0015680345532019e-05, 1.4580507013306487e-05, 1.8146640286431648e-05, 1.360822261631256e-05, 6.638182185270125e-06, 7.311625722650206e-06, 6.813073923694901e-06, 3.6472320061875507e-06, 1.4416195881494787e-06, 6.316353164947941e-07, 1.0894311799347633e-06, 9.678722108219517e-07, 1.240480969499913e-06, 1.2904339428132516e-06, 1.0153514722333057e-06, 1.3367481415116345e-06, 1.954386789293494e-06, 5.393577339418698e-06, 4.262235506757861e-06, 4.869257281825412e-06, 5.147251613379922e-06, 5.807507477584295e-06, 1.0403133273939602e-05, 3.4192371458630078e-06, 6.439807975766598e-08, 1.922852502223016e-11, 1.639058333502419e-11, 1.5490116134220244e-11, 1.4944477946809975e-11, 1.446815497269105e-11, 1.3971401292833807e-11, 1.2870976853762706e-11, 1.1240062700035303e-11, 1.0341451653350653e-11, 1.0151428309068677e-11], "lowlevel.melbands128.stdev": [0.0021692083682864904, 0.02249416708946228, 0.03270222246646881, 0.019584784284234047, 0.011699758470058441, 0.008348059840500355, 0.00630041491240263, 0.004274170380085707, 0.002224575262516737, 0.0017059759702533484, 0.0015403180150315166, 0.0008029831806197762, 0.0006882420275360346, 0.0008513994398526847, 0.0008838826324790716, 0.0006932899705134332, 0.00040624738903716207, 0.0003010758082382381, 0.00036535097751766443, 0.00044530301238410175, 0.0004222135175950825, 0.0003543573257047683, 0.0003343492862768471, 0.0002852778707165271, 0.00032228813506662846, 0.0002453258784953505, 0.00036397785879671574, 0.000372211798094213, 0.00019834584963973612, 0.00014302961062639952, 9.660813520895317e-05, 0.00013033318100497127, 0.0001481611398048699, 0.00013513436715584248, 0.00015338118828367442, 0.00016650732140988111, 0.00010992844181600958, 0.00012051775411237031, 9.417808178113773e-05, 7.833197014406323e-05, 6.928804941708222e-05, 4.8268506361637264e-05, 5.438178777694702e-05, 3.5882949305232614e-05, 2.959667835966684e-05, 3.609898703871295e-05, 2.5071190975722857e-05, 2.3188973500509746e-05, 1.5654557500965893e-05, 1.7281512555200607e-05, 1.8898030248237774e-05, 3.137316889478825e-05, 2.9181081117712893e-05, 3.1292631319956854e-05, 4.185727084404789e-05, 2.6795636586030014e-05, 2.689861685212236e-05, 2.6379069822723977e-05, 2.3439790311385877e-05, 1.8596658264868893e-05, 1.6877798771020025e-05, 1.5716621419414878e-05, 1.8712118617258966e-05, 2.0230621885275468e-05, 1.353512197965756e-05, 1.4020599337527528e-05, 1.4297886082204059e-05, 1.716117731120903e-05, 2.06114309548866e-05, 1.9599909137468785e-05, 1.4113300494500436e-05, 1.611779589438811e-05, 1.5922832972137257e-05, 1.93971318367403e-05, 1.6551715816603974e-05, 1.6745692846598104e-05, 1.9328112102812156e-05, 1.4059894056117628e-05, 1.3806778952130117e-05, 1.54090430442011e-05, 1.6220079487538897e-05, 1.993086152651813e-05, 2.0164921807008795e-05, 2.2869448002893478e-05, 2.4931588995968923e-05, 2.2406391508411616e-05, 2.6877178243012168e-05, 2.2943433577893302e-05, 1.5506757335970178e-05, 1.4792215552006382e-05, 1.7961274352273904e-05, 2.083036451949738e-05, 2.1242211005301215e-05, 3.3305343094980344e-05, 4.6936820581322536e-05, 4.7894609451759607e-05, 3.656770786619745e-05, 1.9848683223244734e-05, 1.726499613141641e-05, 1.6747333575040102e-05, 9.152419806923717e-06, 5.005882485420443e-06, 2.388682560194866e-06, 3.383358261999092e-06, 2.9397945127129788e-06, 4.004882157460088e-06, 5.050283562013647e-06, 4.175990397925489e-06, 4.307310973672429e-06, 4.223684754833812e-06, 8.689164133102167e-06, 7.6094379437563475e-06, 7.98418386693811e-06, 7.019233180471929e-06, 7.947496669657994e-06, 1.666228854446672e-05, 5.447544026537798e-06, 2.2455533610354905e-07, 9.207552081891279e-11, 9.142674811668527e-11, 9.110757981378725e-11, 9.099582892746483e-11, 9.078428980791031e-11, 8.56969842311095e-11, 6.34320165837643e-11, 2.842171289985096e-11, 1.632566824782966e-11, 1.596472259945969e-11], "lowlevel.mfcc.mean": [-686.4619750976562, 92.22468566894531, 36.069541931152344, 33.499942779541016, 19.552812576293945, 5.539163589477539, 6.808462619781494, 8.579079627990723, 0.6830505728721619, 3.551342248916626, -0.9988793134689331, 8.642131805419922, 3.3155903816223145], "lowlevel.spectral_contrast_coeffs.mean": [-0.6740204095840454, -0.7670542597770691, -0.8186357617378235, -0.8210306167602539, -0.8092105388641357, -0.7301278114318848], "lowlevel.spectral_contrast_coeffs.stdev": [0.08104820549488068, 0.08046061545610428, 0.059489089995622635, 0.05206962674856186, 0.035369306802749634, 0.05307327210903168], "lowlevel.spectral_contrast_valleys.mean": [-7.049332618713379, -7.4354143142700195, -8.084216117858887, -8.30616283416748, -7.857102870941162, -10.67348575592041], "lowlevel.spectral_contrast_valleys.stdev": [1.1064743995666504, 0.9703436493873596, 1.04917311668396, 0.8409097790718079, 0.8320930004119873, 1.5731536149978638], "rhythm.beats_loudness_band_ratio.mean": [0.5687887668609619, 0.09219617396593094, 0.05334247276186943, 0.04174228385090828, 0.0537400022149086, 0.20786617696285248], "rhythm.beats_loudness_band_ratio.stdev": [0.3650877773761749, 0.09500837326049805, 0.06558188050985336, 0.04631921648979187, 0.05854014307260513, 0.21493962407112122], "tonal.hpcp.mean": [0.14489011466503143, 0.20471060276031494, 0.1979885995388031, 0.15725620090961456, 0.11681859940290451, 0.08934985101222992, 0.09621542692184448, 0.14020158350467682, 0.1436736285686493, 0.09865070879459381, 0.07923976331949234, 0.06206217035651207, 0.0572986863553524, 0.07031761854887009, 0.07088208198547363, 0.09599702060222626, 0.1778489500284195, 0.16491171717643738, 0.09552600234746933, 0.07909677922725677, 0.0733247920870781, 0.08470623940229416, 0.0951807051897049, 0.09501491487026215, 0.09066484123468399, 0.08609678596258163, 0.08634843677282333, 0.11798407137393951, 0.13891944289207458, 0.1022564247250557, 0.06799957156181335, 0.05106212943792343, 0.041693370789289474, 0.04492606967687607, 0.05484040454030037, 0.08475286513566971], "tonal.hpcp.stdev": [0.27728965878486633, 0.33125144243240356, 0.33317577838897705, 0.3023606240749359, 0.25912776589393616, 0.21739330887794495, 0.2156476080417633, 0.2545832097530365, 0.25097551941871643, 0.21518109738826752, 0.19573697447776794, 0.17153020203113556, 0.15653307735919952, 0.19045431911945343, 0.19150133430957794, 0.18849749863147736, 0.33442503213882446, 0.28803399205207825, 0.21358080208301544, 0.18555118143558502, 0.18164439499378204, 0.19374613463878632, 0.21020276844501495, 0.21131488680839539, 0.20761162042617798, 0.20336587727069855, 0.2061493694782257, 0.24083545804023743, 0.28700530529022217, 0.21796810626983643, 0.18038515746593475, 0.14601905643939972, 0.12448804080486298, 0.13915355503559113, 0.15434516966342926, 0.20684143900871277], "rhythm.beats_position": [0.6965986490249634, 1.404807209968567, 2.1362357139587402, 2.832834482192993, 3.5062131881713867, 4.1679816246032715, 4.8297505378723145, 5.503129005432129, 6.176507949829102, 6.838276386260986, 7.500045299530029, 8.173423767089844, 8.846802711486816, 9.49696159362793, 10.170339584350586, 10.843718528747559, 11.517097473144531, 12.178866386413574, 12.8406343460083, 13.514013290405273, 14.175782203674316, 14.83755111694336, 15.510929107666016, 16.172698974609375, 16.8344669342041, 17.507844924926758, 18.181224822998047, 18.842992782592773, 19.5047607421875, 20.16653060913086, 20.839908599853516, 21.501678466796875, 22.17505645751953, 22.836824417114258, 23.498594284057617, 24.171972274780273, 24.84535026550293, 25.49551010131836, 26.168888092041016, 26.842267990112305, 27.50403594970703, 28.165803909301758, 28.839183807373047, 29.512561798095703, 30.17432975769043, 30.83609962463379, 31.509477615356445, 32.17124557495117, 32.83301544189453, 33.50639343261719, 34.179771423339844, 34.8415412902832, 35.50331115722656, 36.17668914794922, 36.850067138671875, 37.511837005615234, 38.17360305786133, 38.84698486328125], "rhythm.bpm_histogram": [0.0, 0.0, 0.0, 0.0, 0.0, 0.0, 0.0, 0.0, 0.0, 0.0, 0.0, 0.0, 0.0, 0.0, 0.0, 0.0, 0.0, 0.0, 0.0, 0.0, 0.0, 0.0, 0.0, 0.0, 0.0, 0.0, 0.0, 0.0, 0.0, 0.0, 0.0, 0.0, 0.0, 0.0, 0.0, 0.0, 0.0, 0.0, 0.0, 0.0, 0.0, 0.0, 0.0, 0.0, 0.0, 0.0, 0.0, 0.0, 0.0, 0.0, 0.0, 0.0, 0.0, 0.0, 0.0, 0.0, 0.0, 0.0, 0.0, 0.0, 0.0, 0.0, 0.0, 0.0, 0.0, 0.0, 0.0, 0.0, 0.0, 0.0, 0.0, 0.0, 0.0, 0.0, 0.0, 0.0, 0.0, 0.0, 0.0, 0.0, 0.0, 0.0, 0.017543859779834747, 0.0, 0.0, 0.017543859779834747, 0.017543859779834747, 0.0, 0.0, 0.45614033937454224, 0.0, 0.45614033937454224, 0.035087719559669495, 0.0, 0.0, 0.0, 0.0, 0.0, 0.0, 0.0, 0.0, 0.0, 0.0, 0.0, 0.0, 0.0, 0.0, 0.0, 0.0, 0.0, 0.0, 0.0, 0.0, 0.0, 0.0, 0.0, 0.0, 0.0, 0.0, 0.0, 0.0, 0.0, 0.0, 0.0, 0.0, 0.0, 0.0, 0.0, 0.0, 0.0, 0.0, 0.0, 0.0, 0.0, 0.0, 0.0, 0.0, 0.0, 0.0, 0.0, 0.0, 0.0, 0.0, 0.0, 0.0, 0.0, 0.0, 0.0, 0.0, 0.0, 0.0, 0.0, 0.0, 0.0, 0.0, 0.0, 0.0, 0.0, 0.0, 0.0, 0.0, 0.0, 0.0, 0.0, 0.0, 0.0, 0.0, 0.0, 0.0, 0.0, 0.0, 0.0, 0.0, 0.0, 0.0, 0.0, 0.0, 0.0, 0.0, 0.0, 0.0, 0.0, 0.0, 0.0, 0.0, 0.0, 0.0, 0.0, 0.0, 0.0, 0.0, 0.0, 0.0, 0.0, 0.0, 0.0, 0.0, 0.0, 0.0, 0.0, 0.0, 0.0, 0.0, 0.0, 0.0, 0.0, 0.0, 0.0, 0.0, 0.0, 0.0, 0.0, 0.0, 0.0, 0.0, 0.0, 0.0, 0.0, 0.0, 0.0, 0.0, 0.0, 0.0, 0.0, 0.0, 0.0, 0.0, 0.0, 0.0, 0.0, 0.0, 0.0, 0.0, 0.0, 0.0, 0.0, 0.0, 0.0, 0.0, 0.0, 0.0, 0.0, 0.0, 0.0, 0.0, 0.0, 0.0, 0.0, 0.0, 0.0], "tonal.chords_histogram": [11.216056823730469, 4.722550392150879, 10.035419464111328, 0.0, 1.062573790550232, 0.0, 15.230224609375, 1.298701286315918, 0.0, 0.23612751066684723, 0.0, 0.0, 1.77095627784729, 0.23612751066684723, 0.0, 1.8890200853347778, 0.0, 13.341204643249512, 1.1806375980377197, 19.24439239501953, 2.0070838928222656, 0.9445100426673889, 4.014167785644531, 11.570247650146484], "tonal.thpcp": [1.0, 0.9671633839607239, 0.7681878805160522, 0.570652425289154, 0.43646907806396484, 0.470007061958313, 0.6848769783973694, 0.7018377780914307, 0.4819032549858093, 0.3870818614959717, 0.30317026376724243, 0.2799009084701538, 0.34349769353866577, 0.3462550640106201, 0.4689401388168335, 0.8687822818756104, 0.8055846691131592, 0.4666392505168915, 0.38638341426849365, 0.35818755626678467, 0.41378530859947205, 0.4649524986743927, 0.4641426205635071, 0.44289276003837585, 0.4205780625343323, 0.42180734872817993, 0.576345682144165, 0.6786138415336609, 0.4995169937610626, 0.332174152135849, 0.2494356781244278, 0.20366981625556946, 0.2194613665342331, 0.26789236068725586, 0.4140130579471588, 0.7077802419662476], "lowlevel.gfcc.cov": [[5266.6796875, -88.22611999511719, -288.0221862792969, 364.5052490234375, -613.52197265625, 532.0490112304688, -60.278018951416016, 208.9165802001953, 153.99722290039062, -8.997929573059082, 33.51802444458008, -40.063133239746094, 92.53861999511719], [-88.22611999511719, 2257.248046875, 282.89178466796875, -170.51927185058594, 646.3318481445312, -111.97290802001953, 558.6621704101562, 185.90237426757812, 147.95729064941406, 170.57455444335938, 98.99618530273438, 87.71729278564453, 13.042311668395996], [-288.0221862792969, 282.89178466796875, 1124.2396240234375, 610.5784912109375, 375.4222717285156, 281.2003479003906, 128.8905487060547, 141.72970581054688, 174.02432250976562, 82.23733520507812, 142.52273559570312, 98.6170883178711, 59.23398208618164], [364.5052490234375, -170.51927185058594, 610.5784912109375, 1185.7626953125, 297.4700622558594, 306.20782470703125, 53.731056213378906, 106.14803314208984, 263.17669677734375, 127.16522216796875, 175.29437255859375, 68.50747680664062, 117.34230041503906], [-613.52197265625, 646.3318481445312, 375.4222717285156, 297.4700622558594, 822.499755859375, 106.63617706298828, 354.6251525878906, 220.0635528564453, 160.10948181152344, 189.3960418701172, 109.9412612915039, 100.89777374267578, 44.1573600769043], [532.0490112304688, -111.97290802001953, 281.2003479003906, 306.20782470703125, 106.63617706298828, 625.42333984375, 320.88861083984375, 193.25865173339844, 117.2779541015625, 61.44755935668945, 127.42240142822266, 19.6270809173584, 56.53962326049805], [-60.278018951416016, 558.6621704101562, 128.8905487060547, 53.731056213378906, 354.6251525878906, 320.88861083984375, 634.2454223632812, 260.2900695800781, 89.49766540527344, 109.33736419677734, 98.49501037597656, 64.36790466308594, 25.821908950805664], [208.9165802001953, 185.90237426757812, 141.72970581054688, 106.14803314208984, 220.0635528564453, 193.25865173339844, 260.2900695800781, 296.5657043457031, 147.37196350097656, 101.03965759277344, 72.16437530517578, 34.69942855834961, 46.66649627685547], [153.99722290039062, 147.95729064941406, 174.02432250976562, 263.17669677734375, 160.10948181152344, 117.2779541015625, 89.49766540527344, 147.37196350097656, 279.7652893066406, 113.66474914550781, 98.89022064208984, 27.748271942138672, 36.7900505065918], [-8.997929573059082, 170.57455444335938, 82.23733520507812, 127.16522216796875, 189.3960418701172, 61.44755935668945, 109.33736419677734, 101.03965759277344, 113.66474914550781, 169.8316650390625, 72.2292251586914, 24.51765251159668, 20.889467239379883], [33.51802444458008, 98.99618530273438, 142.52273559570312, 175.29437255859375, 109.9412612915039, 127.42240142822266, 98.49501037597656, 72.16437530517578, 98.89022064208984, 72.2292251586914, 156.86924743652344, 58.886810302734375, 36.03030776977539], [-40.063133239746094, 87.71729278564453, 98.6170883178711, 68.50747680664062, 100.89777374267578, 19.6270809173584, 64.36790466308594, 34.69942855834961, 27.748271942138672, 24.51765251159668, 58.886810302734375, 123.82247161865234, 40.96554183959961], [92.53861999511719, 13.042311668395996, 59.23398208618164, 117.34230041503906, 44.1573600769043, 56.53962326049805, 25.821908950805664, 46.66649627685547, 36.7900505065918, 20.889467239379883, 36.03030776977539, 40.96554183959961, 98.84976196289062]], "lowlevel.gfcc.icov": [[0.0003564104263205081, -0.00029257682035677135, 0.00030867138411849737, -0.00031113694421947, 0.00047155676293186843, -0.0005814400501549244, 0.0005184324691072106, -0.0006338501698337495, 0.0001249374618055299, -7.042045763228089e-05, 0.00033477795659564435, -0.00036554454709403217, 0.00017290237883571535], [-0.00029257682035677135, 0.001161516411229968, -0.0006078724400140345, 0.0006601318018510938, -0.000736782094463706, 0.0012591624399647117, -0.0015076048439368606, 0.0010744783794507384, -0.0006490646628662944, -1.2080762644472998e-05, -0.0006272830651141703, 0.0007420342299155891, -0.0006379899568855762], [0.00030867138411849737, -0.0006078724400140345, 0.0018987663788720965, -0.0009600477642379701, -1.3659789146913681e-05, -0.001267888117581606, 0.001253547496162355, -0.0010212073102593422, 0.0002744162338785827, 0.00048016116488724947, 0.00022756414546165615, -0.0011572698131203651, 0.0008720901678316295], [-0.00031113694421947, 0.0006601318018510938, -0.0009600477642379701, 0.002108480781316757, -0.000902669271454215, 0.0002952759386971593, -0.000541918445378542, 0.0015218857442960143, -0.0013188669690862298, -0.00012746600259561092, -0.0008582057780586183, 0.0008244079072028399, -0.0015770802274346352], [0.00047155676293186843, -0.000736782094463706, -1.3659789146913681e-05, -0.000902669271454215, 0.0032889991998672485, -0.00022732216166332364, -0.00011881206592079252, -0.0015320702223107219, 0.0004894860903732479, -0.0017413661116734147, 0.0009168402175419033, -0.0013556336052715778, 0.0005640302551910281], [-0.0005814400501549244, 0.0012591624399647117, -0.001267888117581606, 0.0002952759386971593, -0.00022732216166332364, 0.004878519102931023, -0.0033710962161421776, 0.0006241939263418317, -0.0004257592954672873, 0.0004982721875421703, -0.0023388054687529802, 0.002318211831152439, -0.0013705582823604345], [0.0005184324691072106, -0.0015076048439368606, 0.001253547496162355, -0.000541918445378542, -0.00011881206592079252, -0.0033710962161421776, 0.005838978569954634, -0.0035761860199272633, 0.001571564469486475, -0.0001477457699365914, 0.0005300581688061357, -0.002053182804957032, 0.0018539892043918371], [-0.0006338501698337495, 0.0010744783794507384, -0.0010212073102593422, 0.0015218857442960143, -0.0015320702223107219, 0.0006241939263418317, -0.0035761860199272633, 0.009355910122394562, -0.003536532400175929, -0.0010340154403820634, 7.597015792271122e-05, 0.0013257827376946807, -0.0029407450929284096], [0.0001249374618055299, -0.0006490646628662944, 0.0002744162338785827, -0.0013188669690862298, 0.0004894860903732479, -0.0004257592954672873, 0.001571564469486475, -0.003536532400175929, 0.00757622392848134, -0.002242278540506959, -0.0017492097103968263, 0.000138314047944732, 0.0008881288231350482], [-7.042045763228089e-05, -1.2080762644472998e-05, 0.00048016116488724947, -0.00012746600259561092, -0.0017413661116734147, 0.0004982721875421703, -0.0001477457699365914, -0.0010340154403820634, -0.002242278540506959, 0.01078307069838047, -0.002866677474230528, 0.0010762512683868408, 0.00010540664516156539], [0.00033477795659564435, -0.0006272830651141703, 0.00022756414546165615, -0.0008582057780586183, 0.0009168402175419033, -0.0023388054687529802, 0.0005300581688061357, 7.597015792271122e-05, -0.0017492097103968263, -0.002866677474230528, 0.012571782805025578, -0.004880037158727646, 0.00010246100282529369], [-0.00036554454709403217, 0.0007420342299155891, -0.0011572698131203651, 0.0008244079072028399, -0.0013556336052715778, 0.002318211831152439, -0.002053182804957032, 0.0013257827376946807, 0.000138314047944732, 0.0010762512683868408, -0.004880037158727646, 0.012971136718988419, -0.004726491402834654], [0.00017290237883571535, -0.0006379899568855762, 0.0008720901678316295, -0.0015770802274346352, 0.0005640302551910281, -0.0013705582823604345, 0.0018539892043918371, -0.0029407450929284096, 0.0008881288231350482, 0.00010540664516156539, 0.00010246100282529369, -0.004726491402834654, 0.014392775483429432]], "lowlevel.mfcc.cov": [[6069.0869140625, -958.3242797851562, 279.427490234375, -407.1551208496094, -258.1993713378906, 24.345104217529297, -113.01702117919922, 85.48020935058594, 111.53157043457031, 55.77775192260742, 78.14485931396484, 3.91766095161438, -29.010000228881836], [-958.3242797851562, 2709.8125, -496.2645568847656, 155.123779296875, -95.00325012207031, -32.86020278930664, 309.0509948730469, 148.22035217285156, 147.93540954589844, 121.9027099609375, 119.55154418945312, 113.59371948242188, 111.35051727294922], [279.427490234375, -496.2645568847656, 1094.290771484375, 228.82321166992188, 305.8486022949219, 222.33140563964844, 42.182334899902344, 118.61874389648438, 53.550289154052734, 33.978614807128906, 28.573936462402344, 84.94991302490234, 80.63392639160156], [-407.1551208496094, 155.123779296875, 228.82321166992188, 851.5863647460938, 407.5282897949219, 195.76913452148438, 59.00642013549805, 61.52548599243164, 110.88824462890625, 72.89513397216797, 85.86494445800781, 114.08149719238281, 142.9363555908203], [-258.1993713378906, -95.00325012207031, 305.8486022949219, 407.5282897949219, 561.9414672851562, 161.71456909179688, 38.21177291870117, 42.402259826660156, 90.82209014892578, 90.4968490600586, 80.57404327392578, 77.88428497314453, 113.368408203125], [24.345104217529297, -32.86020278930664, 222.33140563964844, 195.76913452148438, 161.71456909179688, 372.743896484375, 227.25083923339844, 153.64468383789062, 109.00682830810547, 90.3720703125, 137.3831329345703, 78.76878356933594, 43.772701263427734], [-113.01702117919922, 309.0509948730469, 42.182334899902344, 59.00642013549805, 38.21177291870117, 227.25083923339844, 467.62353515625, 242.93382263183594, 175.7939453125, 109.84391784667969, 162.42543029785156, 63.5228385925293, 61.91073226928711], [85.48020935058594, 148.22035217285156, 118.61874389648438, 61.52548599243164, 42.402259826660156, 153.64468383789062, 242.93382263183594, 288.8373107910156, 151.25999450683594, 101.66262817382812, 106.61537170410156, 86.9185791015625, 74.9745864868164], [111.53157043457031, 147.93540954589844, 53.550289154052734, 110.88824462890625, 90.82209014892578, 109.00682830810547, 175.7939453125, 151.25999450683594, 246.759521484375, 132.1481170654297, 122.1628189086914, 56.54895782470703, 63.566993713378906], [55.77775192260742, 121.9027099609375, 33.978614807128906, 72.89513397216797, 90.4968490600586, 90.3720703125, 109.84391784667969, 101.66262817382812, 132.1481170654297, 216.91270446777344, 137.77963256835938, 71.8519058227539, 40.839111328125], [78.14485931396484, 119.55154418945312, 28.573936462402344, 85.86494445800781, 80.57404327392578, 137.3831329345703, 162.42543029785156, 106.61537170410156, 122.1628189086914, 137.77963256835938, 212.9753875732422, 74.77440643310547, 50.688804626464844], [3.91766095161438, 113.59371948242188, 84.94991302490234, 114.08149719238281, 77.88428497314453, 78.76878356933594, 63.5228385925293, 86.9185791015625, 56.54895782470703, 71.8519058227539, 74.77440643310547, 158.76100158691406, 80.2935791015625], [-29.010000228881836, 111.35051727294922, 80.63392639160156, 142.9363555908203, 113.368408203125, 43.772701263427734, 61.91073226928711, 74.9745864868164, 63.566993713378906, 40.839111328125, 50.688804626464844, 80.2935791015625, 142.83123779296875]], "lowlevel.mfcc.icov": [[0.0001973466423805803, 6.268185097724199e-05, -5.0314265536144376e-05, 8.337217877851799e-05, 0.00013670047337654978, -4.717153206001967e-05, 0.00016887218225747347, -6.348548777168617e-05, -0.00018512120004743338, 1.5403331417473964e-05, -0.00014025892596691847, 1.7339693840767723e-06, -7.094757893355563e-05], [6.268185097724199e-05, 0.0005149854114279151, 0.00020347657846286893, -0.00014592736260965466, 0.00016806149506010115, 0.00026286777574568987, -0.00036073566298000515, 1.3794513506582007e-05, -6.873631355119869e-05, -0.00013924807717557997, 2.8835604098276235e-05, -0.0002696588053368032, -0.00021065454347990453], [-5.0314265536144376e-05, 0.00020347657846286893, 0.0013575868215411901, 1.1252060403421638e-06, -0.0005525537999346852, -0.0005773777374997735, 0.00017220538575202227, -0.0005205581546761096, 9.727424912853166e-05, 9.207036782754585e-05, 0.00046691414900124073, -0.0002980743593070656, -0.0001900129864225164], [8.337217877851799e-05, -0.00014592736260965466, 1.1252060403421638e-06, 0.002141413278877735, -0.0010948173003271222, -0.000838852021843195, 0.00045543647138401866, 0.00030477254767902195, -0.0005621385644190013, 0.00035960107925347984, 8.118692494463176e-05, -0.00036921200808137655, -0.0009181546047329903], [0.00013670047337654978, 0.00016806149506010115, -0.0005525537999346852, -0.0010948173003271222, 0.003574767615646124, -0.0006605548551306129, 0.0002929138427134603, 0.0007785484776832163, -0.00038489612052217126, -0.0009395226952619851, -0.00010068237315863371, 0.0004224888398312032, -0.001628112280741334], [-4.717153206001967e-05, 0.00026286777574568987, -0.0005773777374997735, -0.000838852021843195, -0.0006605548551306129, 0.005853649694472551, -0.002144891768693924, -0.0008377672056667507, 0.0004979233490303159, 0.00037441725726239383, -0.0018203461077064276, -0.0010059074265882373, 0.0019335795659571886], [0.00016887218225747347, -0.00036073566298000515, 0.00017220538575202227, 0.00045543647138401866, 0.0002929138427134603, -0.002144891768693924, 0.005680346395820379, -0.0029535633511841297, -0.0012017980916425586, 0.0008163150632753968, -0.0018112098332494497, 0.0012571699917316437, -0.00048691127449274063], [-6.348548777168617e-05, 1.3794513506582007e-05, -0.0005205581546761096, 0.00030477254767902195, 0.0007785484776832163, -0.0008377672056667507, -0.0029535633511841297, 0.008515700697898865, -0.0022562905214726925, -0.0008855031919665635, 0.0011207605712115765, -0.0018725056434050202, -0.0016735316021367908], [-0.00018512120004743338, -6.873631355119869e-05, 9.727424912853166e-05, -0.0005621385644190013, -0.00038489612052217126, 0.0004979233490303159, -0.0012017980916425586, -0.0022562905214726925, 0.008634313009679317, -0.0029440573416650295, -0.0010912884026765823, 0.0013298277044668794, -0.0009793868521228433], [1.5403331417473964e-05, -0.00013924807717557997, 9.207036782754585e-05, 0.00035960107925347984, -0.0009395226952619851, 0.00037441725726239383, 0.0008163150632753968, -0.0008855031919665635, -0.0029440573416650295, 0.009745629504323006, -0.004505670629441738, -0.0018171578412875533, 0.0015860524727031589], [-0.00014025892596691847, 2.8835604098276235e-05, 0.00046691414900124073, 8.118692494463176e-05, -0.00010068237315863371, -0.0018203461077064276, -0.0018112098332494497, 0.0011207605712115765, -0.0010912884026765823, -0.004505670629441738, 0.010955486446619034, -0.0016018975293263793, -0.0007747180061414838], [1.7339693840767723e-06, -0.0002696588053368032, -0.0002980743593070656, -0.00036921200808137655, 0.0004224888398312032, -0.0010059074265882373, 0.0012571699917316437, -0.0018725056434050202, 0.0013298277044668794, -0.0018171578412875533, -0.0016018975293263793, 0.011172998696565628, -0.004625498782843351], [-7.094757893355563e-05, -0.00021065454347990453, -0.0001900129864225164, -0.0009181546047329903, -0.001628112280741334, 0.0019335795659571886, -0.00048691127449274063, -0.0016735316021367908, -0.0009793868521228433, 0.0015860524727031589, -0.0007747180061414838, -0.004625498782843351, 0.012823976576328278]], "metadata.audio_properties.analysis.downmix": "mix", "metadata.audio_properties.codec": "mp3", "metadata.audio_properties.md5_encoded": "3abed7e976743146374b2e61b3ed6585", "metadata.tags.file_name": "1183700657467822101.mp3", "metadata.version.essentia": "2.1-beta6-dev", "metadata.version.essentia_git_sha": "v2.1_beta5-1110-g77a6a