{"song_id": "1183683434699309056", "download": "https://cdn.discordapp.com/attachments/1135911532732108921/1183683434699309056/chirp.mp4?ex=65893a1a&amp", "lyrics": "[Verse]\nNo in\u00edcio, eu tinha nada, mas eu sonhava alto\nEsse \u00e9 o meu trap, o luxo que me mant\u00e9m no salto\nMulher ao meu lado, Rolex no pulso, eu n\u00e3o nego\nCom meu Porsche, eu mostro que a supera\u00e7\u00e3o \u00e9 o meu lema\n\n[Chorus]\nLuxo \u00e9 o que eu almejo, correndo atr\u00e1s, sem parar\nDeixando as preocupa\u00e7\u00f5es, n\u00e3o tenho tempo a desperdi\u00e7ar\nNenhuma inveja me afeta, sigo minha pr\u00f3pria estrada\nO sucesso \u00e9 meu destino, eu alcan\u00e7o com a minha jornada", "style": ["musica de superacao</span><span>, luxo</span><span>, n\u00e3o ligar pra nada"], "essentia_features": {"lowlevel.average_loudness": 0.17825447022914886, "lowlevel.barkbands_crest.mean": 13.567978858947754, "lowlevel.barkbands_crest.stdev": 5.357336521148682, "lowlevel.barkbands_flatness_db.mean": 0.2700044810771942, "lowlevel.barkbands_flatness_db.stdev": 0.09006953984498978, "lowlevel.barkbands_kurtosis.mean": 11.220834732055664, "lowlevel.barkbands_kurtosis.stdev": 23.75035285949707, "lowlevel.barkbands_skewness.mean": 2.203134775161743, "lowlevel.barkbands_skewness.stdev": 1.9733798503875732, "lowlevel.barkbands_spread.mean": 13.270403861999512, "lowlevel.barkbands_spread.stdev": 17.0108642578125, "lowlevel.dissonance.mean": 0.40877440571784973, "lowlevel.dissonance.stdev": 0.051396727561950684, "lowlevel.dynamic_complexity": 4.177997589111328, "lowlevel.erbbands_crest.mean": 12.553197860717773, "lowlevel.erbbands_crest.stdev": 4.773163795471191, "lowlevel.erbbands_flatness_db.mean": 0.25916963815689087, "lowlevel.erbbands_flatness_db.stdev": 0.09182384610176086, "lowlevel.erbbands_kurtosis.mean": 1.7218992710113525, "lowlevel.erbbands_kurtosis.stdev": 3.255967855453491, "lowlevel.erbbands_skewness.mean": 0.5884853601455688, "lowlevel.erbbands_skewness.stdev": 1.0544339418411255, "lowlevel.erbbands_spread.mean": 28.319089889526367, "lowlevel.erbbands_spread.stdev": 21.842195510864258, "lowlevel.hfc.mean": 20.317331314086914, "lowlevel.hfc.stdev": 26.475383758544922, "lowlevel.loudness_ebu128.integrated": -19.095863342285156, "lowlevel.loudness_ebu128.loudness_range": 10.5497465133667, "lowlevel.loudness_ebu128.momentary.mean": -21.52704429626465, "lowlevel.loudness_ebu128.momentary.stdev": 5.282186031341553, "lowlevel.loudness_ebu128.short_term.mean": -20.712732315063477, "lowlevel.loudness_ebu128.short_term.stdev": 3.7922236919403076, "lowlevel.melbands_crest.mean": 18.15091323852539, "lowlevel.melbands_crest.stdev": 7.001193046569824, "lowlevel.melbands_flatness_db.mean": 0.34865838289260864, "lowlevel.melbands_flatness_db.stdev": 0.1121554970741272, "lowlevel.melbands_kurtosis.mean": 20.9112606048584, "lowlevel.melbands_kurtosis.stdev": 40.3285026550293, "lowlevel.melbands_skewness.mean": 2.914524793624878, "lowlevel.melbands_skewness.stdev": 2.356243371963501, "lowlevel.melbands_spread.mean": 16.03571128845215, "lowlevel.melbands_spread.stdev": 24.611387252807617, "lowlevel.pitch_salience.mean": 0.4682348072528839, "lowlevel.pitch_salience.stdev": 0.1403203010559082, "lowlevel.silence_rate_20dB.mean": 0.9918887615203857, "lowlevel.silence_rate_20dB.stdev": 0.08969642966985703, "lowlevel.silence_rate_30dB.mean": 0.9084588885307312, "lowlevel.silence_rate_30dB.stdev": 0.28837692737579346, "lowlevel.silence_rate_60dB.mean": 0.102549247443676, "lowlevel.silence_rate_60dB.stdev": 0.30336496233940125, "lowlevel.spectral_centroid.mean": 731.2266845703125, "lowlevel.spectral_centroid.stdev": 670.93359375, "lowlevel.spectral_complexity.mean": 9.598493576049805, "lowlevel.spectral_complexity.stdev": 4.837978363037109, "lowlevel.spectral_decrease.mean": -1.0333197408840533e-08, "lowlevel.spectral_decrease.stdev": 1.7697306731179197e-08, "lowlevel.spectral_energy.mean": 0.0408426932990551, "lowlevel.spectral_energy.stdev": 0.06765678524971008, "lowlevel.spectral_energyband_high.mean": 0.0009998846799135208, "lowlevel.spectral_energyband_high.stdev": 0.0027883383445441723, "lowlevel.spectral_energyband_low.mean": 0.01976761408150196, "lowlevel.spectral_energyband_low.stdev": 0.06279174983501434, "lowlevel.spectral_energyband_middle_high.mean": 0.004211553372442722, "lowlevel.spectral_energyband_middle_high.stdev": 0.005611254833638668, "lowlevel.spectral_energyband_middle_low.mean": 0.016656603664159775, "lowlevel.spectral_energyband_middle_low.stdev": 0.017627475783228874, "lowlevel.spectral_entropy.mean": 6.514636039733887, "lowlevel.spectral_entropy.stdev": 0.8199731707572937, "lowlevel.spectral_flux.mean": 0.0657847672700882, "lowlevel.spectral_flux.stdev": 0.06963485479354858, "lowlevel.spectral_kurtosis.mean": 24.94406509399414, "lowlevel.spectral_kurtosis.stdev": 30.32371711730957, "lowlevel.spectral_rms.mean": 0.005131509155035019, "lowlevel.spectral_rms.stdev": 0.0036761590745300055, "lowlevel.spectral_rolloff.mean": 1292.3656005859375, "lowlevel.spectral_rolloff.stdev": 2206.28125, "lowlevel.spectral_skewness.mean": 3.1016135215759277, "lowlevel.spectral_skewness.stdev": 1.7530395984649658, "lowlevel.spectral_spread.mean": 4187142.5, "lowlevel.spectral_spread.stdev": 3312094.0, "lowlevel.spectral_strongpeak.mean": 1.2043802738189697, "lowlevel.spectral_strongpeak.stdev": 1.0858311653137207, "lowlevel.zerocrossingrate.mean": 0.04861736670136452, "lowlevel.zerocrossingrate.stdev": 0.05868910253047943, "metadata.audio_properties.analysis.equal_loudness": 0.0, "metadata.audio_properties.analysis.length": 40.04265213012695, "metadata.audio_properties.analysis.sample_rate": 44100.0, "metadata.audio_properties.analysis.start_time": 0.0, "metadata.audio_properties.bit_rate": 112019.0, "metadata.audio_properties.length": 40.042667388916016, "metadata.audio_properties.lossless": 0.0, "metadata.audio_properties.number_channels": 1.0, "metadata.audio_properties.replay_gain": -7.270679473876953, "metadata.audio_properties.sample_rate": 48000.0, "rhythm.beats_count": 100.0, "rhythm.beats_loudness.mean": 0.048107925802469254, "rhythm.beats_loudness.stdev": 0.07095086574554443, "rhythm.bpm": 149.85818481445312, "rhythm.bpm_histogram_first_peak_bpm": 152.0, "rhythm.bpm_histogram_first_peak_weight": 0.4929577112197876, "rhythm.bpm_histogram_second_peak_bpm": 185.0, "rhythm.bpm_histogram_second_peak_spread": 0.0, "rhythm.bpm_histogram_second_peak_weight": 0.07070706784725189, "rhythm.danceability": 1.1255443096160889, "rhythm.onset_rate": 4.01953125, "tonal.chords_changes_rate": 0.04976851865649223, "tonal.chords_number_rate": 0.010416666977107525, "tonal.chords_strength.mean": 0.4714120924472809, "tonal.chords_strength.stdev": 0.09117382764816284, "tonal.hpcp_crest.mean": 18.207639694213867, "tonal.hpcp_crest.stdev": 8.85993766784668, "tonal.hpcp_entropy.mean": 1.4441511631011963, "tonal.hpcp_entropy.stdev": 0.7373005151748657, "tonal.key_edma.strength": 0.7191764116287231, "tonal.key_krumhansl.strength": 0.7276265621185303, "tonal.key_temperley.strength": 0.718570351600647, "tonal.tuning_diatonic_strength": 0.515754759311676, "tonal.tuning_equal_tempered_deviation": 0.2529546320438385, "tonal.tuning_frequency": 434.193115234375, "tonal.tuning_nontempered_energy_ratio": 0.9879164099693298, "lowlevel.barkbands.mean": [0.001385364681482315, 0.016536181792616844, 0.001077535911463201, 0.0014131803764030337, 0.008572110906243324, 0.002171996748074889, 0.0021027603652328253, 0.0012487431522458792, 0.0010902488138526678, 0.000359728786861524, 0.0009175519808195531, 0.0012278910726308823, 0.0006928452057763934, 0.0004248836194165051, 0.00026985915610566735, 0.00017429940635338426, 8.695077121956274e-05, 3.7913436244707555e-05, 3.959593959734775e-05, 3.173800723743625e-05, 5.896199945709668e-05, 0.00026024578255601227, 0.0002443011908326298, 0.00011732656275853515, 0.00015063710452523082, 0.00014552052016369998, 4.348506081441883e-06], "lowlevel.barkbands.stdev": [0.004898614715784788, 0.055792778730392456, 0.005752115976065397, 0.0026332850102335215, 0.011876444332301617, 0.009189892560243607, 0.004959522746503353, 0.0025219935923814774, 0.0026040382217615843, 0.00110294867772609, 0.002124636899679899, 0.0025113909505307674, 0.0019827575888484716, 0.0013089675921946764, 0.0010100480867549777, 0.0005102457362227142, 0.0005358131020329893, 0.00035161356208845973, 0.0002934990916401148, 0.00023724479251541197, 0.0002602995082270354, 0.0008232492255046964, 0.0008158867713063955, 0.0004400599282234907, 0.0005223529879003763, 0.0004150071763433516, 1.918186535476707e-05], "lowlevel.erbbands.mean": [0.8091355562210083, 2.3452720642089844, 1.4648923873901367, 3.712129592895508, 13.784997940063477, 32.106327056884766, 28.2248592376709, 16.56317138671875, 22.03497314453125, 36.80414581298828, 27.81120491027832, 20.1351261138916, 17.41779327392578, 15.58147144317627, 49.94489288330078, 38.29407501220703, 30.220121383666992, 25.66358184814453, 18.181598663330078, 13.065223693847656, 10.224122047424316, 5.692356586456299, 2.4419867992401123, 2.077209711074829, 1.709843397140503, 1.507481336593628, 1.9503371715545654, 3.093263864517212, 8.124781608581543, 11.151021957397461, 5.811817169189453, 2.770348072052002, 1.8932185173034668, 1.3499149084091187, 1.2167437076568604, 0.7541447281837463, 0.250946968793869, 0.031907156109809875, 0.0007027076790109277, 7.167799049057066e-05], "lowlevel.erbbands.stdev": [2.6166303157806396, 9.148311614990234, 9.19069766998291, 7.0442376136779785, 20.36176109313965, 50.46239471435547, 66.26734924316406, 81.55274200439453, 57.20967483520508, 94.03223419189453, 52.03607940673828, 52.46006774902344, 44.47045135498047, 28.30916404724121, 88.744140625, 74.42888641357422, 83.7616195678711, 62.5865592956543, 61.35537338256836, 62.234703063964844, 26.842378616333008, 34.27794647216797, 19.97245216369629, 17.434537887573242, 11.713553428649902, 11.24354362487793, 9.635486602783203, 12.503633499145508, 25.135879516601562, 36.07110595703125, 19.66756248474121, 10.192185401916504, 7.130667686462402, 4.783801078796387, 4.364303112030029, 2.3315346240997314, 0.708999514579773, 0.09339472651481628, 0.0020264796912670135, 0.0001103908580262214], "lowlevel.gfcc.mean": [-99.28827667236328, 135.88238525390625, -110.68444061279297, -21.21031379699707, -55.644161224365234, -2.109142780303955, -48.241783142089844, -25.911725997924805, -30.941621780395508, -10.322746276855469, -27.22408676147461, 0.8754520416259766, -17.727590560913086], "lowlevel.melbands.mean": [0.005626074969768524, 0.0014481231337413192, 0.0008289414690807462, 0.0018351856851950288, 0.0010854480788111687, 0.0003705649869516492, 0.00035640248097479343, 0.00038508648867718875, 0.00021614140132442117, 0.00012669588613789529, 8.734126458875835e-05, 5.7157343690050766e-05, 0.00016253002104349434, 0.00014619978901464492, 7.511660078307614e-05, 6.675806798739359e-05, 4.350986273493618e-05, 3.2405670935986564e-05, 1.6682744899298996e-05, 1.2933792277181055e-05, 1.159108887804905e-05, 5.867959771421738e-06, 3.0388639515877003e-06, 1.701587279967498e-06, 1.6746175788284745e-06, 1.5020584669400705e-06, 9.655711892264662e-07, 9.947924581865664e-07, 1.0692958767322125e-06, 1.4555949974237592e-06, 1.851539650488121e-06, 4.13469524573884e-06, 6.1244504649948794e-06, 6.334003501251573e-06, 3.718471589309047e-06, 2.052502850347082e-06, 1.5025376569610671e-06, 1.3523036841434077e-06, 1.1522554359544301e-06, 1.0995496495525003e-06], "lowlevel.melbands.stdev": [0.01849113404750824, 0.006523738615214825, 0.0012761018006131053, 0.00284206448122859, 0.0021750072482973337, 0.0017450298182666302, 0.0008776335162110627, 0.0009021824807859957, 0.00044398606405593455, 0.0003204838722012937, 0.00023032598255667835, 0.0001144811394624412, 0.00032383520738221705, 0.00031147635309025645, 0.0002186170022469014, 0.00019953137962147593, 0.00011407706915633753, 0.00012382394925225526, 6.877978739794344e-05, 5.822170351166278e-05, 2.9083697882015258e-05, 3.671146623673849e-05, 2.2897003873367794e-05, 1.5354407878476195e-05, 1.454269568057498e-05, 1.0481528988748323e-05, 7.274528798006941e-06, 7.65215554565657e-06, 5.844935458299005e-06, 6.516528173960978e-06, 7.822277439117897e-06, 1.3416049114312045e-05, 1.9510633137542754e-05, 2.1449439373100176e-05, 1.2940825399709865e-05, 7.391451163130114e-06, 5.925932782702148e-06, 5.280018740450032e-06, 4.201482170174131e-06, 3.949042820750037e-06], "lowlevel.melbands128.mean": [0.0013447098899632692, 0.007643442135304213, 0.006914522033184767, 0.0028687268495559692, 0.0007783259497955441, 0.0005669543170370162, 0.0007559932419098914, 0.000647288397885859, 0.0011695038992911577, 0.002547819633036852, 0.0017352232243865728, 0.0013255731901153922, 0.0010266731260344386, 0.0005840487428940833, 0.0003805092419497669, 0.00022838826407678425, 0.0002695321454666555, 0.0004033700388390571, 0.0003855641698464751, 0.0005121622234582901, 0.00029826757963746786, 0.00030267724650911987, 0.0001619564718566835, 0.0002112470829160884, 0.00011473758786451072, 8.857467764755711e-05, 0.00016303954180330038, 4.6270273742266e-05, 8.728026296012104e-05, 4.429087493917905e-05, 1.801548569346778e-05, 0.00012440362479537725, 0.00022600821102969348, 9.588793909642845e-05, 0.0002640570455696434, 0.00010531298903515562, 5.388382851378992e-05, 0.00010331475641578436, 6.621894863201305e-05, 5.3776133427163586e-05, 6.39334975858219e-05, 9.424411109648645e-05, 3.61176353180781e-05, 1.562721263326239e-05, 5.0947433919645846e-05, 3.6108311178395525e-05, 1.549770968267694e-05, 8.487305422022473e-06, 2.22288381337421e-05, 2.4298267817357555e-05, 4.723015081253834e-06, 8.317432730109431e-06, 2.136509101546835e-05, 7.163256213971181e-06, 3.7564473132079e-06, 7.500987521780189e-06, 6.239741651370423e-06, 3.0449116366071394e-06, 2.329410790480324e-06, 1.9381318452360574e-06, 1.5676087059546262e-06, 1.5375620705526671e-06, 1.7028710317390505e-06, 1.5556749985989882e-06, 1.9384488041396253e-06, 1.713088977339794e-06, 1.0879352885240223e-06, 9.974105523724575e-07, 8.730171998649894e-07, 1.0332088322684285e-06, 9.829407190409256e-07, 9.484746215093764e-07, 1.1027194659618544e-06, 9.7240354079986e-07, 1.1814962590506184e-06, 1.5942555364745203e-06, 1.552767798784771e-06, 1.2388743471092312e-06, 1.8045201386485132e-06, 2.2163874291436514e-06, 4.1669709389680065e-06, 4.697248641605256e-06, 4.924093445879407e-06, 6.599005246243905e-06, 6.772734195692465e-06, 6.3501697695755865e-06, 6.545614724018378e-06, 5.736952061852207e-06, 3.306228109067888e-06, 2.520800762795261e-06, 2.257840833408409e-06, 1.8653213373909239e-06, 1.810539401958522e-06, 1.463322064410022e-06, 1.3339904398890212e-06, 1.4016516161063919e-06, 1.3591837841886445e-06, 1.3280813391247648e-06, 1.0519620445847977e-06, 1.138517973231501e-06, 1.1623818636508076e-06, 1.0535617320783786e-06, 1.0864528121601325e-06, 1.2623819429791183e-06, 1.5477195347557426e-06, 1.3369262887863442e-06, 1.709823550299916e-06, 1.0826364587046555e-06, 1.231720830219274e-06, 1.654263655836985e-06, 1.090122282221273e-06, 7.366786576312734e-07, 8.242176363637554e-07, 7.073484198372171e-07, 4.814997396351828e-07, 3.3760917972358584e-07, 1.6181185458208347e-07, 2.2927748588585928e-08, 1.7357284498586978e-09, 1.3333147953764612e-11, 8.530488815328141e-12, 6.601471105871504e-12, 6.009288119196432e-12, 5.8884594249242195e-12, 5.713693407294329e-12, 5.474102074409792e-12, 5.335853286991821e-12, 5.292439229920287e-12], "lowlevel.melbands128.stdev": [0.004765614401549101, 0.02465158700942993, 0.023971375077962875, 0.01328259613364935, 0.006456736940890551, 0.002272066893056035, 0.0015544496709480882, 0.0012730839662253857, 0.0018021278083324432, 0.004871147684752941, 0.003127435687929392, 0.0030162017792463303, 0.0027010792400687933, 0.0033694084268063307, 0.002376755466684699, 0.0017016847850754857, 0.0008082414860837162, 0.001369551056995988, 0.00111610337626189, 0.0017102282727137208, 0.0007113487226888537, 0.0007833053823560476, 0.0005129056517034769, 0.0007219581166282296, 0.0005394383333623409, 0.0003041258023586124, 0.0005873754853382707, 0.00016789724759291857, 0.0003535176219884306, 0.00014629471115767956, 6.09642083873041e-05, 0.0003244145482312888, 0.0005639324663206935, 0.00034303838037885725, 0.0006609806441701949, 0.0002642156323418021, 0.00021839910186827183, 0.0003826802421826869, 0.0003065676137339324, 0.0002673594863153994, 0.0002679832687135786, 0.00031296565430238843, 0.00016030868573579937, 7.750455552013591e-05, 0.000265334005234763, 0.00016290471830870956, 7.126009586500004e-05, 4.941391307511367e-05, 0.0001294825633522123, 0.00017003541870508343, 2.0730063624796458e-05, 4.820719550480135e-05, 5.3885876695858315e-05, 2.4575103452662006e-05, 1.8110724340658635e-05, 5.516974124475382e-05, 6.970590038690716e-05, 2.5365199689986184e-05, 2.4053104425547644e-05, 2.431944085401483e-05, 1.2663783309108112e-05, 1.2344804417807609e-05, 1.940405127243139e-05, 1.345381315331906e-05, 1.6201658581849188e-05, 1.3027564818912651e-05, 7.940146133478265e-06, 7.618399195052916e-06, 6.618608495045919e-06, 9.221101208822802e-06, 8.519320545019582e-06, 6.67777203489095e-06, 7.866989108151756e-06, 5.220863840804668e-06, 6.638678769377293e-06, 7.674072548979893e-06, 7.363213171629468e-06, 5.616590897261631e-06, 8.693580639373977e-06, 9.843302905210294e-06, 1.5078777323651593e-05, 1.5515393897658214e-05, 1.533442991785705e-05, 2.3401826183544472e-05, 2.4830422262311913e-05, 2.4049590138019994e-05, 2.4730739824008197e-05, 2.144590143871028e-05, 1.3738631423620973e-05, 1.0093468517879955e-05, 8.681458893988747e-06, 7.055925834720256e-06, 7.349819043156458e-06, 6.638956620008685e-06, 5.591343779087765e-06, 5.781584150099661e-06, 5.848690761922626e-06, 5.679982677975204e-06, 3.98830843550968e-06, 4.513383373705437e-06, 4.6589120756834745e-06, 4.030915079056285e-06, 4.07684547099052e-06, 5.501336090674158e-06, 6.74529201205587e-06, 4.263480150257237e-06, 6.1250107137311716e-06, 3.9533952076453716e-06, 4.0443042053084355e-06, 5.336603408068186e-06, 3.4671261346375104e-06, 2.1635798930219607e-06, 2.6197931219940074e-06, 2.2061749405111186e-06, 1.4670478094558348e-06, 1.1246443136769813e-06, 6.767887157366204e-07, 1.421460922301776e-07, 1.8196759654642847e-08, 1.7220554149321998e-10, 5.670609121155579e-11, 1.8255529032895623e-11, 1.4290799446592395e-11, 1.405837772583407e-11, 1.3829173049761945e-11, 1.3629696329897634e-11, 1.3498300567571508e-11, 1.3423687508784532e-11], "lowlevel.mfcc.mean": [-751.3298950195312, 177.35284423828125, 4.243037223815918, -17.534767150878906, -2.1248629093170166, 9.043910026550293, -19.810338973999023, -8.615290641784668, -16.753957748413086, -21.168092727661133, -11.663152694702148, -15.889616966247559, -1.5623589754104614], "lowlevel.spectral_contrast_coeffs.mean": [-0.5324932932853699, -0.671927273273468, -0.7071602940559387, -0.7473508715629578, -0.7847222685813904, -0.758607804775238], "lowlevel.spectral_contrast_coeffs.stdev": [0.09960823506116867, 0.0784083753824234, 0.06945003569126129, 0.059922583401203156, 0.050822120159864426, 0.06764662265777588], "lowlevel.spectral_contrast_valleys.mean": [-8.009760856628418, -7.552046298980713, -8.017964363098145, -8.642131805419922, -9.812803268432617, -12.223790168762207], "lowlevel.spectral_contrast_valleys.stdev": [1.2781823873519897, 0.9312611818313599, 0.95278400182724, 0.9851551651954651, 1.3444595336914062, 2.415191650390625], "rhythm.beats_loudness_band_ratio.mean": [0.29086557030677795, 0.3676123321056366, 0.1749124377965927, 0.1554209589958191, 0.02756836824119091, 0.05031013861298561], "rhythm.beats_loudness_band_ratio.stdev": [0.2577330768108368, 0.2538319230079651, 0.1576085239648819, 0.15179304778575897, 0.04229075834155083, 0.14309927821159363], "tonal.hpcp.mean": [0.2594468891620636, 0.2855263948440552, 0.08361245691776276, 0.028188446536660194, 0.021856701001524925, 0.025328971445560455, 0.1222110241651535, 0.16014830768108368, 0.06198424473404884, 0.025722434744238853, 0.022281063720583916, 0.017595279961824417, 0.22264789044857025, 0.313950777053833, 0.11812116205692291, 0.12488801032304764, 0.15364640951156616, 0.05427033081650734, 0.051314834505319595, 0.06124064698815346, 0.02993158809840679, 0.03869929909706116, 0.04723454266786575, 0.02231162041425705, 0.011446134187281132, 0.01001003384590149, 0.03300320729613304, 0.19986778497695923, 0.2102736085653305, 0.05603286251425743, 0.048487499356269836, 0.07038683444261551, 0.061828047037124634, 0.0939534604549408, 0.10622795671224594, 0.07743357867002487], "tonal.hpcp.stdev": [0.36606451869010925, 0.40058591961860657, 0.18652689456939697, 0.12578989565372467, 0.10940776765346527, 0.106081523001194, 0.22878976166248322, 0.28732454776763916, 0.12290871888399124, 0.0830584317445755, 0.08019907772541046, 0.08191020041704178, 0.28201591968536377, 0.38770467042922974, 0.16661716997623444, 0.23846596479415894, 0.28835710883140564, 0.13062164187431335, 0.16482406854629517, 0.20493164658546448, 0.10439521819353104, 0.14373689889907837, 0.1760636866092682, 0.10270529985427856, 0.06300070881843567, 0.061495162546634674, 0.10893219709396362, 0.32186469435691833, 0.3461628556251526, 0.12879855930805206, 0.1737406849861145, 0.23137615621089935, 0.2030627578496933, 0.2076328843832016, 0.22084908187389374, 0.175943523645401], "rhythm.beats_position": [0.39473921060562134, 0.8126984238624573, 1.2190475463867188, 1.6253968477249146, 2.0317459106445312, 2.426485300064087, 2.832834482192993, 3.2275736331939697, 3.6223127841949463, 4.028662204742432, 4.435011386871338, 4.8297505378723145, 5.224489688873291, 5.619228839874268, 6.013967990875244, 6.42031717300415, 6.826666355133057, 7.221405982971191, 7.627755165100098, 8.034104347229004, 8.42884349822998, 8.823582649230957, 9.218321800231934, 9.62467098236084, 10.019410133361816, 10.425759315490723, 10.8204984664917, 11.226847648620605, 11.621586799621582, 12.027935981750488, 12.434285163879395, 12.85224437713623, 13.281813621520996, 13.63011360168457, 13.978412628173828, 14.326711654663086, 14.663400650024414, 15.000090599060059, 15.325169563293457, 15.650249481201172, 15.97532844543457, 16.30040740966797, 16.625486373901367, 16.9505672454834, 17.264036178588867, 17.589115142822266, 18.01868438720703, 18.448253631591797, 18.901042938232422, 19.353832244873047, 19.806621551513672, 20.259410858154297, 20.71219825744629, 21.1069393157959, 21.513288497924805, 21.93124771118164, 22.360815048217773, 22.79038429260254, 23.208343505859375, 23.61469268798828, 24.021041870117188, 24.427391052246094, 24.82213020324707, 25.228479385375977, 25.634828567504883, 26.029569625854492, 26.42430877685547, 26.819047927856445, 27.213787078857422, 27.6085262298584, 28.014875411987305, 28.42122459411621, 28.827573776245117, 29.233922958374023, 29.628662109375, 30.023401260375977, 30.418140411376953, 30.81287956237793, 31.219228744506836, 31.625577926635742, 32.031925201416016, 32.43827438354492, 32.83301544189453, 33.227752685546875, 33.622493743896484, 34.017234802246094, 34.4351921081543, 34.829933166503906, 35.22467041015625, 35.631019592285156, 36.03736877441406, 36.43210983276367, 36.826847076416016, 37.221588134765625, 37.62793731689453, 38.03428649902344, 38.42902374267578, 38.82376480102539, 39.2301139831543, 39.6364631652832], "rhythm.bpm_histogram": [0.0, 0.0, 0.0, 0.0, 0.0, 0.0, 0.0, 0.0, 0.0, 0.0, 0.0, 0.0, 0.0, 0.0, 0.0, 0.0, 0.0, 0.0, 0.0, 0.0, 0.0, 0.0, 0.0, 0.0, 0.0, 0.0, 0.0, 0.0, 0.0, 0.0, 0.0, 0.0, 0.0, 0.0, 0.0, 0.0, 0.0, 0.0, 0.0, 0.0, 0.0, 0.0, 0.0, 0.0, 0.0, 0.0, 0.0, 0.0, 0.0, 0.0, 0.0, 0.0, 0.0, 0.0, 0.0, 0.0, 0.0, 0.0, 0.0, 0.0, 0.0, 0.0, 0.0, 0.0, 0.0, 0.0, 0.0, 0.0, 0.0, 0.0, 0.0, 0.0, 0.0, 0.0, 0.0, 0.0, 0.0, 0.0, 0.0, 0.0, 0.0, 0.0, 0.0, 0.0, 0.0, 0.0, 0.0, 0.0, 0.0, 0.0, 0.0, 0.0, 0.0, 0.0, 0.0, 0.0, 0.0, 0.0, 0.0, 0.0, 0.0, 0.0, 0.0, 0.0, 0.0, 0.0, 0.0, 0.0, 0.0, 0.0, 0.0, 0.0, 0.0, 0.0, 0.0, 0.0, 0.0, 0.0, 0.0, 0.0, 0.0, 0.0, 0.0, 0.0, 0.0, 0.0, 0.0, 0.0, 0.0, 0.0, 0.0, 0.0, 0.0, 0.05050504952669144, 0.0, 0.0, 0.0, 0.0, 0.0, 0.0, 0.05050504952669144, 0.0, 0.0, 0.0, 0.05050504952669144, 0.0, 0.0, 0.0, 0.35353535413742065, 0.0, 0.0, 0.0, 0.3636363744735718, 0.0, 0.0, 0.0, 0.0, 0.0, 0.0, 0.0, 0.0, 0.0, 0.0, 0.0, 0.0, 0.0, 0.0, 0.0, 0.0, 0.0, 0.0, 0.0, 0.03030303120613098, 0.0, 0.0, 0.0, 0.0, 0.0, 0.020202020183205605, 0.0, 0.0, 0.0, 0.0, 0.0, 0.0, 0.07070706784725189, 0.0, 0.0, 0.0, 0.0, 0.0, 0.010101010091602802, 0.0, 0.0, 0.0, 0.0, 0.0, 0.0, 0.0, 0.0, 0.0, 0.0, 0.0, 0.0, 0.0, 0.0, 0.0, 0.0, 0.0, 0.0, 0.0, 0.0, 0.0, 0.0, 0.0, 0.0, 0.0, 0.0, 0.0, 0.0, 0.0, 0.0, 0.0, 0.0, 0.0, 0.0, 0.0, 0.0, 0.0, 0.0, 0.0, 0.0, 0.0, 0.0, 0.0, 0.0, 0.0, 0.0, 0.0, 0.0, 0.0, 0.0, 0.0, 0.0, 0.0, 0.0, 0.0, 0.0, 0.0, 0.0], "tonal.chords_histogram": [68.40277862548828, 8.564814567565918, 5.902777671813965, 0.0, 0.0, 0.46296295523643494, 0.0, 1.2731481790542603, 0.0, 1.6203703880310059, 0.0, 1.8518518209457397, 0.0, 0.0, 0.0, 0.0, 0.0, 0.0, 0.0, 0.0, 3.125, 0.0, 2.314814805984497, 6.481481552124023], "tonal.thpcp": [1.0, 0.3762410283088684, 0.3977948725223541, 0.48939648270606995, 0.17286254465579987, 0.16344866156578064, 0.1950644850730896, 0.09533847123384476, 0.12326549738645554, 0.15045206248760223, 0.07106725871562958, 0.036458373069763184, 0.0318840853869915, 0.10512223839759827, 0.6366214156150818, 0.6697661876678467, 0.17847658693790436, 0.15444299578666687, 0.22419704496860504, 0.1969354748725891, 0.29926174879074097, 0.33835864067077637, 0.24664241075515747, 0.8263935446739197, 0.9094622731208801, 0.266323447227478, 0.08978619426488876, 0.06961823999881744, 0.08067816495895386, 0.38926810026168823, 0.5101064443588257, 0.1974330097436905, 0.08193142712116241, 0.07096992433071136, 0.05604470893740654, 0.7091808915138245], "lowlevel.gfcc.cov": [[17796.83203125, -9140.533203125, 3211.72802734375, 1767.795654296875, -3247.448974609375, 3746.582275390625, -1144.7056884765625, 977.4745483398438, -76.60273742675781, 1112.8607177734375, -1205.1851806640625, 1531.0772705078125, -674.4996337890625], [-9140.533203125, 7461.77685546875, -2297.543701171875, -1344.3260498046875, 2523.88525390625, -2454.710693359375, 1031.9813232421875, -540.0669555664062, 314.9941711425781, -705.8711547851562, 846.7920532226562, -1055.06982421875, 529.9457397460938], [3211.72802734375, -2297.543701171875, 1643.5784912109375, 731.23583984375, -608.3238525390625, 1114.30810546875, -190.34344482421875, 326.0464782714844, 50.43156433105469, 386.0101318359375, -157.7067413330078, 445.608154296875, -86.41694641113281], [1767.795654296875, -1344.3260498046875, 731.23583984375, 761.369140625, -236.4115447998047, 504.3387451171875, -74.1508560180664, 212.34371948242188, 37.35127639770508, 190.4659423828125, -35.46465301513672, 251.46913146972656, 20.470022201538086], [-3247.448974609375, 2523.88525390625, -608.3238525390625, -236.4115447998047, 1264.90576171875, -768.7085571289062, 462.936767578125, -37.13792419433594, 167.57504272460938, -164.88710021972656, 403.5390319824219, -319.1015930175781, 276.1527099609375], [3746.582275390625, -2454.710693359375, 1114.30810546875, 504.3387451171875, -768.7085571289062, 1358.1314697265625, -180.87318420410156, 294.836669921875, 58.96573257446289, 335.14373779296875, -278.5416259765625, 419.396484375, -158.7590789794922], [-1144.7056884765625, 1031.9813232421875, -190.34344482421875, -74.1508560180664, 462.936767578125, -180.87318420410156, 462.080810546875, 48.353450775146484, 96.2154541015625, -41.71981430053711, 166.12416076660156, -96.19869232177734, 104.56231689453125], [977.4745483398438, -540.0669555664062, 326.0464782714844, 212.34371948242188, -37.13792419433594, 294.836669921875, 48.353450775146484, 260.73870849609375, 82.25115203857422, 111.9304428100586, -13.646315574645996, 130.10311889648438, 11.180628776550293], [-76.60273742675781, 314.9941711425781, 50.43156433105469, 37.35127639770508, 167.57504272460938, 58.96573257446289, 96.2154541015625, 82.25115203857422, 230.1536407470703, 104.42274475097656, 50.562843322753906, -13.13033390045166, 68.87002563476562], [1112.8607177734375, -705.8711547851562, 386.0101318359375, 190.4659423828125, -164.88710021972656, 335.14373779296875, -41.71981430053711, 111.9304428100586, 104.42274475097656, 277.8764343261719, -40.31868362426758, 116.07894134521484, -28.194480895996094], [-1205.1851806640625, 846.7920532226562, -157.7067413330078, -35.46465301513672, 403.5390319824219, -278.5416259765625, 166.12416076660156, -13.646315574645996, 50.562843322753906, -40.31868362426758, 242.9599609375, -63.29828643798828, 103.5726089477539], [1531.0772705078125, -1055.06982421875, 445.608154296875, 251.46913146972656, -319.1015930175781, 419.396484375, -96.19869232177734, 130.10311889648438, -13.13033390045166, 116.07894134521484, -63.29828643798828, 285.1646423339844, -43.332374572753906], [-674.4996337890625, 529.9457397460938, -86.41694641113281, 20.470022201538086, 276.1527099609375, -158.7590789794922, 104.56231689453125, 11.180628776550293, 68.87002563476562, -28.194480895996094, 103.5726089477539, -43.332374572753906, 152.1859893798828]], "lowlevel.gfcc.icov": [[0.0002361959923291579, -0.0001116120329243131, 0.00012501618766691536, -0.00020043061522301286, 0.00020462031534407288, -0.0003071067330893129, 0.00019160301599185914, -0.00042628651135601103, 0.00025904722861014307, -0.0003969939425587654, 0.0004879535408690572, -0.0004650175978895277, 8.618050196673721e-05], [-0.0001116120329243131, 0.0022285915911197662, -0.0004520197689998895, 0.0015226948307827115, -0.0016085215611383319, 0.0013194635976105928, -0.0014969836920499802, 0.002022047759965062, -0.0030818884260952473, 0.0023686380591243505, -0.0015369817847386003, 0.0015599352773278952, -0.0002177251735702157], [0.00012501618766691536, -0.0004520197689998895, 0.0021802252158522606, -0.0011868461733683944, 0.0003035136323887855, -0.0014322885544970632, 0.0006484798504970968, -0.0008514514775015414, 0.0012179940240457654, -0.001574401743710041, 6.297631625784561e-05, -0.0009484357433393598, -5.7906258007278666e-05], [-0.00020043061522301286, 0.0015226948307827115, -0.0011868461733683944, 0.003798156511038542, -0.0010040916968137026, 0.0010126549750566483, -0.000885552610270679, 0.0007273767841979861, -0.0016879192553460598, 0.0014114974765107036, -0.0015677711926400661, 0.0007214763900265098, -0.0016443651402369142], [0.00020462031534407288, -0.0016085215611383319, 0.0003035136323887855, -0.0010040916968137026, 0.004796687979251146, -0.0006117849261499941, 5.974005762254819e-05, -0.0026016670744866133, 0.0015492381062358618, -0.001351555110886693, -0.0016939075430855155, 0.0007845718064345419, -0.0019518075278028846], [-0.0003071067330893129, 0.0013194635976105928, -0.0014322885544970632, 0.0010126549750566483, -0.0006117849261499941, 0.003997462801635265, -0.0016627262812107801, 0.0009701104718260467, -0.002900852123275399, 0.001343929092399776, 0.00036332994932308793, -0.0001837378804339096, 0.0007082218071445823], [0.00019160301599185914, -0.0014969836920499802, 0.0006484798504970968, -0.000885552610270679, 5.974005762254819e-05, -0.0016627262812107801, 0.004929862450808287, -0.0025399799924343824, 0.0019016973674297333, -0.0014351379359140992, 5.471441545523703e-05, -0.0007627559825778008, 0.0001249906053999439], [-0.00042628651135601103, 0.002022047759965062, -0.0008514514775015414, 0.0007273767841979861, -0.0026016670744866133, 0.0009701104718260467, -0.0025399799924343824, 0.009735715575516224, -0.004574865568429232, 0.0023386464454233646, -0.000724348530638963, -0.00048430138849653304, 0.00010957538324873894], [0.00025904722861014307, -0.0030818884260952473, 0.0012179940240457654, -0.0016879192553460598, 0.0015492381062358618, -0.002900852123275399, 0.0019016973674297333, -0.004574865568429232, 0.01270389836281538, -0.007220722734928131, 0.0022759626153856516, -0.0008905540453270078, -0.002898496575653553], [-0.0003969939425587654, 0.0023686380591243505, -0.001574401743710041, 0.0014114974765107036, -0.001351555110886693, 0.001343929092399776, -0.0014351379359140992, 0.0023386464454233646, -0.007220722734928131, 0.010410734452307224, -0.0029635995160788298, 0.002051359973847866, 0.0013745990581810474], [0.0004879535408690572, -0.0015369817847386003, 6.297631625784561e-05, -0.0015677711926400661, -0.0016939075430855155, 0.00036332994932308793, 5.471441545523703e-05, -0.000724348530638963, 0.0022759626153856516, -0.0029635995160788298, 0.012788289226591587, -0.005027040373533964, -0.0004838828754145652], [-0.0004650175978895277, 0.0015599352773278952, -0.0009484357433393598, 0.0007214763900265098, 0.0007845718064345419, -0.0001837378804339096, -0.0007627559825778008, -0.00048430138849653304, -0.0008905540453270078, 0.002051359973847866, -0.005027040373533964, 0.011480766348540783, -0.0017110912594944239], [8.618050196673721e-05, -0.0002177251735702157, -5.7906258007278666e-05, -0.0016443651402369142, -0.0019518075278028846, 0.0007082218071445823, 0.0001249906053999439, 0.00010957538324873894, -0.002898496575653553, 0.0013745990581810474, -0.0004838828754145652, -0.0017110912594944239, 0.013494366779923439]], "lowlevel.mfcc.cov": [[13254.0419921875, -6276.66015625, 2625.6318359375, -272.8707275390625, -828.3078002929688, 1530.6572265625, -649.7507934570312, 697.429443359375, 607.1744384765625, 51.668487548828125, 413.6092529296875, -29.313264846801758, 455.272705078125], [-6276.66015625, 5476.8681640625, -2164.735107421875, 127.90589141845703, 523.0812377929688, -902.2057495117188, 442.7787170410156, -300.7320556640625, -163.56698608398438, 71.20811462402344, -47.51359939575195, 1.9005380868911743, -251.82568359375], [2625.6318359375, -2164.735107421875, 1588.6171875, -2.1359775066375732, -68.35261535644531, 631.447265625, -88.03233337402344, 244.1788330078125, 194.23104858398438, 52.77863311767578, 139.38978576660156, 119.54947662353516, 178.94056701660156], [-272.8707275390625, 127.90589141845703, -2.1359775066375732, 563.5947265625, 182.7003936767578, -80.32635498046875, 145.79327392578125, 14.740972518920898, 55.479774475097656, 23.879283905029297, -41.89890670776367, 118.03380584716797, 57.897518157958984], [-828.3078002929688, 523.0812377929688, -68.35261535644531, 182.7003936767578, 462.3940124511719, -38.93329620361328, 133.79931640625, -7.191624164581299, 44.56325149536133, 119.45894622802734, 3.6846041679382324, 79.18286895751953, 40.08892822265625], [1530.6572265625, -902.2057495117188, 631.447265625, -80.32635498046875, -38.93329620361328, 529.3790893554688, -8.47054672241211, 154.81326293945312, 171.36163330078125, 80.09317016601562, 162.288818359375, 43.79014205932617, 113.509765625], [-649.7507934570312, 442.7787170410156, -88.03233337402344, 145.79327392578125, 133.79931640625, -8.47054672241211, 330.31500244140625, 95.04891967773438, 53.25615310668945, 66.14251708984375, 27.446401596069336, 80.97734832763672, 25.097183227539062], [697.429443359375, -300.7320556640625, 244.1788330078125, 14.740972518920898, -7.191624164581299, 154.81326293945312, 95.04891967773438, 284.277587890625, 112.5823974609375, 26.014801025390625, 67.10912322998047, 23.16367530822754, 81.94640350341797], [607.1744384765625, -163.56698608398438, 194.23104858398438, 55.479774475097656, 44.56325149536133, 171.36163330078125, 53.25615310668945, 112.5823974609375, 248.6173553466797, 120.85491180419922, 90.97683715820312, 43.362178802490234, 65.49288940429688], [51.668487548828125, 71.20811462402344, 52.77863311767578, 23.879283905029297, 119.45894622802734, 80.09317016601562, 66.14251708984375, 26.014801025390625, 120.85491180419922, 218.6793975830078, 90.19239807128906, 21.983057022094727, 23.19150733947754], [413.6092529296875, -47.51359939575195, 139.38978576660156, -41.89890670776367, 3.6846041679382324, 162.288818359375, 27.446401596069336, 67.10912322998047, 90.97683715820312, 90.19239807128906, 224.16525268554688, 62.563533782958984, 24.32324981689453], [-29.313264846801758, 1.9005380868911743, 119.54947662353516, 118.03380584716797, 79.18286895751953, 43.79014205932617, 80.97734832763672, 23.16367530822754, 43.362178802490234, 21.983057022094727, 62.563533782958984, 169.20030212402344, 59.87092208862305], [455.272705078125, -251.82568359375, 178.94056701660156, 57.897518157958984, 40.08892822265625, 113.509765625, 25.097183227539062, 81.94640350341797, 65.49288940429688, 23.19150733947754, 24.32324981689453, 59.87092208862305, 168.81344604492188]], "lowlevel.mfcc.icov": [[0.0002363273815717548, 0.00020935428619850427, 8.621310553280637e-05, -6.95198614266701e-05, 0.00013817919534631073, -0.0001946399424923584, 0.0002850897435564548, -0.00023763506032992154, -0.00025848628138192, 3.152040881104767e-05, -0.00020248079090379179, 9.04678599908948e-05, -0.00012851784413214773], [0.00020935428619850427, 0.0007423048955388367, 0.0006954420241527259, 0.00010800312156789005, -0.0003508499066811055, 0.00010933739395113662, -0.00021330441813915968, -5.144093302078545e-05, -0.0004480514908209443, 0.00023660482838749886, -0.0005893795168958604, -1.533750764792785e-05, 6.66781998006627e-05], [8.621310553280637e-05, 0.0006954420241527259, 0.0022038226015865803, -5.348147533368319e-05, -0.00034972059074789286, -0.0015221991343423724, 0.00043298405944369733, -0.0007074587047100067, -4.778245784109458e-05, -4.516047556535341e-05, 0.0002245944633614272, -0.0012380540138110518, 0.00030430997139774263], [-6.95198614266701e-05, 0.00010800312156789005, -5.348147533368319e-05, 0.002755936002358794, -0.0007614421774633229, 0.0008949954644776881, -0.0009202873334288597, 0.00034951261477544904, -0.0009016719413921237, 0.0004028264374937862, 0.0006853383383713663, -0.00134133524261415, -0.00032227960764430463], [0.00013817919534631073, -0.0003508499066811055, -0.00034972059074789286, -0.0007614421774633229, 0.0037208700086921453, -0.0002944244188256562, 1.3487328033079393e-05, -6.425694300560281e-05, 0.0004677162505686283, -0.0021447879262268543, 0.0008805231191217899, -0.000792209932114929, -0.0006533483974635601], [-0.0001946399424923584, 0.00010933739395113662, -0.0015221991343423724, 0.0008949954644776881, -0.0002944244188256562, 0.005812385585159063, -0.001049283891916275, 0.0005305423983372748, -0.0015976870199665427, 0.000504105060826987, -0.0024843502324074507, 0.001267781713977456, -0.0014863599790260196], [0.0002850897435564548, -0.00021330441813915968, 0.00043298405944369733, -0.0009202873334288597, 1.3487328033079393e-05, -0.001049283891916275, 0.005849442444741726, -0.002892170799896121, 0.0004136483767069876, -0.0014910758472979069, 0.0008761011995375156, -0.0022411667741835117, 0.0007192373159341514], [-0.00023763506032992154, -5.144093302078545e-05, -0.0007074587047100067, 0.00034951261477544904, -6.425694300560281e-05, 0.0005305423983372748, -0.002892170799896121, 0.006630134768784046, -0.0019057068275287747, 0.0017537910025566816, -0.0013714944943785667, 0.002048059133812785, -0.0019661178812384605], [-0.00025848628138192, -0.0004480514908209443, -4.778245784109458e-05, -0.0009016719413921237, 0.0004677162505686283, -0.0015976870199665427, 0.0004136483767069876, -0.0019057068275287747, 0.008374852128326893, -0.003911212552338839, 0.0003354004875291139, -0.0007877082680352032, -0.00026532626361586154], [3.152040881104767e-05, 0.00023660482838749886, -4.516047556535341e-05, 0.0004028264374937862, -0.0021447879262268543, 0.000504105060826987, -0.0014910758472979069, 0.0017537910025566816, -0.003911212552338839, 0.008970857597887516, -0.003186045680195093, 0.002231840044260025, -0.00032912619644775987], [-0.00020248079090379179, -0.0005893795168958604, 0.0002245944633614272, 0.0006853383383713663, 0.0008805231191217899, -0.0024843502324074507, 0.0008761011995375156, -0.0013714944943785667, 0.0003354004875291139, -0.003186045680195093, 0.008930496871471405, -0.004247952718287706, 0.001718037179671228], [9.04678599908948e-05, -1.533750764792785e-05, -0.0012380540138110518, -0.00134133524261415, -0.000792209932114929, 0.001267781713977456, -0.0022411667741835117, 0.002048059133812785, -0.0007877082680352032, 0.002231840044260025, -0.004247952718287706, 0.011176560