{"song_id": "1183712286410551306", "download": "https://cdn.discordapp.com/attachments/1135911532732108921/1183712286410551306/chirp.mp4?ex=658954f9&amp", "lyrics": "\u0410 \u0432 \u0430\u043a\u0432\u0430\u0440\u0438\u0443\u043c\u0435 \u0441\u0438\u0436\u0443,\n\u041d\u0430 \u0440\u044b\u0431\u043e\u043a \u044f \u0442\u0443\u0442 \u0433\u043b\u044f\u0436\u0443,\n\u041f\u043e\u0434\u043f\u043b\u044b\u0432\u0430\u0435\u0442 \u043a\u043e \u043c\u043d\u0435 \u043e\u0434\u043d\u0430 \u0440\u044b\u0431\u043a\u0430,\n\u041f\u0440\u0438\u0433\u043b\u044f\u0434\u0435\u043b\u0441\u044f, \u0410! \u0414\u0430\u043d\u044f \u0414\u044b\u0431\u043a\u0430.", "style": ["country rock"], "essentia_features": {"lowlevel.average_loudness": 0.9741453528404236, "lowlevel.barkbands_crest.mean": 12.562335014343262, "lowlevel.barkbands_crest.stdev": 4.121782302856445, "lowlevel.barkbands_flatness_db.mean": 0.18436989188194275, "lowlevel.barkbands_flatness_db.stdev": 0.06169634684920311, "lowlevel.barkbands_kurtosis.mean": 10.898999214172363, "lowlevel.barkbands_kurtosis.stdev": 18.509788513183594, "lowlevel.barkbands_skewness.mean": 2.58957576751709, "lowlevel.barkbands_skewness.stdev": 1.719984769821167, "lowlevel.barkbands_spread.mean": 19.874481201171875, "lowlevel.barkbands_spread.stdev": 12.391456604003906, "lowlevel.dissonance.mean": 0.4664587676525116, "lowlevel.dissonance.stdev": 0.025126706808805466, "lowlevel.dynamic_complexity": 2.225019931793213, "lowlevel.erbbands_crest.mean": 8.68228530883789, "lowlevel.erbbands_crest.stdev": 3.44711971282959, "lowlevel.erbbands_flatness_db.mean": 0.15412333607673645, "lowlevel.erbbands_flatness_db.stdev": 0.03540191054344177, "lowlevel.erbbands_kurtosis.mean": -0.34050482511520386, "lowlevel.erbbands_kurtosis.stdev": 1.2634522914886475, "lowlevel.erbbands_skewness.mean": 0.11688830703496933, "lowlevel.erbbands_skewness.stdev": 0.6819320917129517, "lowlevel.erbbands_spread.mean": 56.16691207885742, "lowlevel.erbbands_spread.stdev": 23.44099998474121, "lowlevel.hfc.mean": 19.436664581298828, "lowlevel.hfc.stdev": 16.782743453979492, "lowlevel.loudness_ebu128.integrated": -15.084861755371094, "lowlevel.loudness_ebu128.loudness_range": 1.1695337295532227, "lowlevel.loudness_ebu128.momentary.mean": -15.258476257324219, "lowlevel.loudness_ebu128.momentary.stdev": 1.272743582725525, "lowlevel.loudness_ebu128.short_term.mean": -15.207128524780273, "lowlevel.loudness_ebu128.short_term.stdev": 0.38654136657714844, "lowlevel.melbands_crest.mean": 16.450416564941406, "lowlevel.melbands_crest.stdev": 4.465325355529785, "lowlevel.melbands_flatness_db.mean": 0.2490767538547516, "lowlevel.melbands_flatness_db.stdev": 0.07918975502252579, "lowlevel.melbands_kurtosis.mean": 36.43190383911133, "lowlevel.melbands_kurtosis.stdev": 48.83143997192383, "lowlevel.melbands_skewness.mean": 4.445127964019775, "lowlevel.melbands_skewness.stdev": 2.469825506210327, "lowlevel.melbands_spread.mean": 16.134241104125977, "lowlevel.melbands_spread.stdev": 11.659574508666992, "lowlevel.pitch_salience.mean": 0.505004346370697, "lowlevel.pitch_salience.stdev": 0.1145256981253624, "lowlevel.silence_rate_20dB.mean": 1.0, "lowlevel.silence_rate_20dB.stdev": 0.0, "lowlevel.silence_rate_30dB.mean": 0.9554317593574524, "lowlevel.silence_rate_30dB.stdev": 0.20635323226451874, "lowlevel.silence_rate_60dB.mean": 0.018105849623680115, "lowlevel.silence_rate_60dB.stdev": 0.13333411514759064, "lowlevel.spectral_centroid.mean": 1233.2601318359375, "lowlevel.spectral_centroid.stdev": 591.4813232421875, "lowlevel.spectral_complexity.mean": 17.5, "lowlevel.spectral_complexity.stdev": 9.336445808410645, "lowlevel.spectral_decrease.mean": -1.0290177598903938e-08, "lowlevel.spectral_decrease.stdev": 9.238859455251713e-09, "lowlevel.spectral_energy.mean": 0.040600504726171494, "lowlevel.spectral_energy.stdev": 0.0355847030878067, "lowlevel.spectral_energyband_high.mean": 0.0012287264689803123, "lowlevel.spectral_energyband_high.stdev": 0.0018113140249624848, "lowlevel.spectral_energyband_low.mean": 0.023709595203399658, "lowlevel.spectral_energyband_low.stdev": 0.032401151955127716, "lowlevel.spectral_energyband_middle_high.mean": 0.0036206641234457493, "lowlevel.spectral_energyband_middle_high.stdev": 0.003789861686527729, "lowlevel.spectral_energyband_middle_low.mean": 0.013823549263179302, "lowlevel.spectral_energyband_middle_low.stdev": 0.013897007331252098, "lowlevel.spectral_entropy.mean": 7.416768550872803, "lowlevel.spectral_entropy.stdev": 0.3965938091278076, "lowlevel.spectral_flux.mean": 0.08787527680397034, "lowlevel.spectral_flux.stdev": 0.06850911676883698, "lowlevel.spectral_kurtosis.mean": 3.7212841510772705, "lowlevel.spectral_kurtosis.stdev": 2.398634672164917, "lowlevel.spectral_rms.mean": 0.005821390077471733, "lowlevel.spectral_rms.stdev": 0.0023919930681586266, "lowlevel.spectral_rolloff.mean": 1020.8157348632812, "lowlevel.spectral_rolloff.stdev": 1115.5010986328125, "lowlevel.spectral_skewness.mean": 1.3787182569503784, "lowlevel.spectral_skewness.stdev": 0.37172016501426697, "lowlevel.spectral_spread.mean": 4729881.5, "lowlevel.spectral_spread.stdev": 1362080.375, "lowlevel.spectral_strongpeak.mean": 0.6594899892807007, "lowlevel.spectral_strongpeak.stdev": 0.39418572187423706, "lowlevel.zerocrossingrate.mean": 0.04862138628959656, "lowlevel.zerocrossingrate.stdev": 0.026157084852457047, "metadata.audio_properties.analysis.equal_loudness": 0.0, "metadata.audio_properties.analysis.length": 16.63895606994629, "metadata.audio_properties.analysis.sample_rate": 44100.0, "metadata.audio_properties.analysis.start_time": 0.0, "metadata.audio_properties.bit_rate": 114993.0, "metadata.audio_properties.length": 16.639999389648438, "metadata.audio_properties.lossless": 0.0, "metadata.audio_properties.number_channels": 1.0, "metadata.audio_properties.replay_gain": -11.026956558227539, "metadata.audio_properties.sample_rate": 48000.0, "rhythm.beats_count": 34.0, "rhythm.beats_loudness.mean": 0.0683891624212265, "rhythm.beats_loudness.stdev": 0.025888046249747276, "rhythm.bpm": 126.82559204101562, "rhythm.bpm_histogram_first_peak_bpm": 126.0, "rhythm.bpm_histogram_first_peak_weight": 0.42424243688583374, "rhythm.bpm_histogram_second_peak_bpm": 0.0, "rhythm.bpm_histogram_second_peak_spread": 0.0, "rhythm.bpm_histogram_second_peak_weight": 0.0, "rhythm.danceability": 1.5107938051223755, "rhythm.onset_rate": 3.9014861583709717, "tonal.chords_changes_rate": 0.03055555559694767, "tonal.chords_number_rate": 0.013888888992369175, "tonal.chords_strength.mean": 0.5673133134841919, "tonal.chords_strength.stdev": 0.09042585641145706, "tonal.hpcp_crest.mean": 14.195534706115723, "tonal.hpcp_crest.stdev": 6.755675792694092, "tonal.hpcp_entropy.mean": 1.9343262910842896, "tonal.hpcp_entropy.stdev": 0.6972135305404663, "tonal.key_edma.strength": 0.762421727180481, "tonal.key_krumhansl.strength": 0.7674974799156189, "tonal.key_temperley.strength": 0.7710717916488647, "tonal.tuning_diatonic_strength": 0.6680067777633667, "tonal.tuning_equal_tempered_deviation": 0.14058847725391388, "tonal.tuning_frequency": 442.2933654785156, "tonal.tuning_nontempered_energy_ratio": 0.7565234303474426, "lowlevel.barkbands.mean": [8.078207611106336e-05, 0.013639216311275959, 0.008317505940794945, 0.004171817097812891, 0.005336966831237078, 0.0014671776443719864, 0.0007051792345009744, 0.0005678030429407954, 0.0012272102758288383, 0.0005518618272617459, 0.00028111011488363147, 0.00042235045111738145, 0.0007782308384776115, 0.0004374312120489776, 0.0003736189391929656, 0.0002157167618861422, 0.0002619574370328337, 0.00032770104007795453, 0.00016755644173827022, 7.655935769435018e-05, 0.0008548708283342421, 6.191353895701468e-05, 9.844165469985455e-05, 6.0283484344836324e-05, 7.829561945982277e-05, 3.88033950002864e-05, 1.2620328959656035e-07], "lowlevel.barkbands.stdev": [0.00014307419769465923, 0.026127871125936508, 0.01111779734492302, 0.006504578050225973, 0.007837087847292423, 0.0021853295620530844, 0.0019680154509842396, 0.0010809550294652581, 0.0023361884523183107, 0.001407122821547091, 0.0004814115527551621, 0.0006579370819963515, 0.0016604397678747773, 0.0008625019690953195, 0.0008378603961318731, 0.0003379259433131665, 0.0005887447623535991, 0.0005154134705662727, 0.0002675346622709185, 0.00012228208652231842, 0.0012259349459782243, 0.00011623449245234951, 0.0002002760738832876, 0.0001500582875451073, 0.00014826527331024408, 7.142261893022805e-05, 6.956339575481252e-07], "lowlevel.erbbands.mean": [0.23235437273979187, 3.6318860054016113, 9.79176139831543, 11.498372077941895, 17.94660758972168, 19.41132354736328, 9.203481674194336, 13.883110046386719, 11.541184425354004, 8.915291786193848, 15.397066116333008, 24.113784790039062, 30.976045608520508, 10.497552871704102, 13.269272804260254, 18.493572235107422, 35.088645935058594, 25.611093521118164, 20.695859909057617, 16.33953857421875, 12.46337604522705, 16.510889053344727, 18.46808624267578, 11.335381507873535, 6.68093729019165, 4.084693908691406, 29.21949577331543, 24.538694381713867, 3.0954015254974365, 2.6694226264953613, 2.612941026687622, 1.5549688339233398, 0.9500189423561096, 0.8578068614006042, 0.5289960503578186, 0.25503313541412354, 0.05378797650337219, 0.0039252894930541515, 0.00010563193791313097, 5.192114622332156e-05], "lowlevel.erbbands.stdev": [0.49281615018844604, 6.714680194854736, 12.59410572052002, 12.48086166381836, 33.24675369262695, 20.833585739135742, 11.054740905761719, 23.308000564575195, 32.485591888427734, 12.738112449645996, 28.086589813232422, 45.20354080200195, 74.2127685546875, 16.744043350219727, 22.75187110900879, 29.303743362426758, 71.48524475097656, 45.21636199951172, 43.454280853271484, 31.460460662841797, 19.807950973510742, 34.94953536987305, 28.902894973754883, 20.905136108398438, 9.076289176940918, 5.901456832885742, 42.099029541015625, 37.196109771728516, 5.261834621429443, 5.266089916229248, 5.451047420501709, 3.7108685970306396, 2.3835461139678955, 1.7200552225112915, 0.9799531102180481, 0.458342969417572, 0.10799587517976761, 0.010055611841380596, 0.00019948404224123806, 4.343344335211441e-05], "lowlevel.gfcc.mean": [-3.7338037490844727, 98.03125, -108.71451568603516, 46.27934646606445, -51.787593841552734, 17.185142517089844, -36.466243743896484, -1.3356397151947021, -36.17731857299805, 4.963793754577637, -28.100811004638672, -5.164431571960449, -8.639871597290039], "lowlevel.melbands.mean": [0.0030567520298063755, 0.0050305756740272045, 0.002282766392454505, 0.001353367231786251, 0.00043007321073673666, 0.00029873003950342536, 0.00016993950703181326, 9.916995622916147e-05, 0.0001277910778298974, 0.00016888725804165006, 0.00015163113130256534, 3.877229755744338e-05, 4.2358660721220076e-05, 4.555179111775942e-05, 6.580485933227465e-05, 7.411136903101578e-05, 4.364848064142279e-05, 3.3814209018601105e-05, 2.6222061933367513e-05, 1.684175913396757e-05, 1.3440342627291102e-05, 1.5888177586020902e-05, 2.0017492715851404e-05, 1.2844013326684944e-05, 8.906466973712668e-06, 5.753940513386624e-06, 3.303550329292193e-06, 1.909211732709082e-06, 1.0614430721034296e-05, 3.164337249472737e-05, 7.867368367442396e-06, 1.3065017583357985e-06, 1.1338531749061076e-06, 1.6846174730744679e-06, 1.5599484868289437e-06, 1.328570533587481e-06, 7.98083021891216e-07, 6.709166200380423e-07, 6.334343538583198e-07, 7.606236636092945e-07], "lowlevel.melbands.stdev": [0.006089802365750074, 0.006746654864400625, 0.0026239093858748674, 0.001964965835213661, 0.00043902959441766143, 0.00047807020018808544, 0.00045696686720475554, 0.00013771688099950552, 0.00023085388238541782, 0.0003285880375187844, 0.00036591157549992204, 7.055047899484634e-05, 7.329794607358053e-05, 7.988612196641043e-05, 0.00012925438932143152, 0.000158744485815987, 8.207650535041466e-05, 7.642470154678449e-05, 6.095200660638511e-05, 2.6844838430406526e-05, 2.26061420107726e-05, 3.949753227061592e-05, 3.613796434365213e-05, 1.9985303879366256e-05, 1.8202714272774756e-05, 8.325579074153211e-06, 5.3778949222760275e-06, 3.230217771488242e-06, 1.6622951079625636e-05, 4.599019666784443e-05, 1.3507987205230165e-05, 2.4242679046437843e-06, 2.3242753286467632e-06, 3.4290037547179963e-06, 3.2228674626821885e-06, 3.102970595136867e-06, 2.0375084659463027e-06, 1.772284235812549e-06, 1.4437385971177719e-06, 1.520378646091558e-06], "lowlevel.melbands128.mean": [4.6204633690649644e-05, 0.0010260946583002806, 0.004527213983237743, 0.006551532540470362, 0.005615009926259518, 0.0037967339158058167, 0.002120833145454526, 0.0023051463067531586, 0.0017712876433506608, 0.0013334815157577395, 0.0011532099451869726, 0.0005469435127452016, 0.00019982107914984226, 0.00032008730340749025, 0.0003403830050956458, 0.0002899515093304217, 0.000174749584402889, 0.00018508035282138735, 0.00010009484685724601, 9.311857138527557e-05, 8.760388300288469e-05, 0.0001484608801547438, 0.00012330578465480357, 0.00012338400119915605, 0.0001312834065174684, 0.000181444818736054, 0.0002758075133897364, 0.00015119848831091076, 5.220631283009425e-05, 3.8304329791571945e-05, 3.097184162470512e-05, 4.328559953137301e-05, 4.6407978516072035e-05, 3.603173536248505e-05, 5.056607915321365e-05, 4.7927173000061885e-05, 3.7110781704541296e-05, 6.057419523131102e-05, 8.681017061462626e-05, 9.013035014504567e-05, 6.438540731323883e-05, 6.580535409739241e-05, 4.106964843231253e-05, 3.5029595892410725e-05, 3.649016434792429e-05, 3.449129872024059e-05, 3.0007025998202153e-05, 2.6406738470541313e-05, 2.4733339159865864e-05, 2.2793330572312698e-05, 1.1876574717462063e-05, 1.559849624754861e-05, 1.7158303307951428e-05, 9.340689757664222e-06, 1.2644356502278242e-05, 1.7534564904053695e-05, 1.8204107618657872e-05, 1.7175372704514302e-05, 2.441989090584684e-05, 1.8242670194013044e-05, 1.0710287824622355e-05, 9.669563041825313e-06, 1.1150217687827535e-05, 8.291282028949354e-06, 6.247741112019867e-06, 6.417502390831942e-06, 4.8585370677756146e-06, 3.749436700672959e-06, 3.209509486623574e-06, 2.3355858047580114e-06, 1.4275808553065872e-06, 1.7476641005487181e-06, 2.992139570778818e-06, 7.001457561273128e-06, 2.388525172136724e-05, 4.4716460251947865e-05, 3.0007589884917252e-05, 1.3323644452611916e-05, 5.043518285674509e-06, 1.6284642470054678e-06, 1.2788997310053674e-06, 1.2377806797303492e-06, 1.1092946579083218e-06, 1.1260777910138131e-06, 1.067127982423699e-06, 1.5194220850389684e-06, 1.8442462987877661e-06, 2.167286311305361e-06, 1.339773234576569e-06, 1.3558086493503652e-06, 1.4807826573814964e-06, 1.3830798479830264e-06, 1.0121242439709022e-06, 6.891194175295823e-07, 7.11012035026215e-07, 7.913404260762036e-07, 6.418536599994695e-07, 5.624463028652826e-07, 5.625973926726147e-07, 7.372614163614344e-07, 6.906445264576178e-07, 8.827225883578649e-07, 6.449797069763008e-07, 7.089184919095715e-07, 5.138984988661832e-07, 5.653672587868641e-07, 6.043585472070845e-07, 5.258945634523116e-07, 4.5694605432800017e-07, 4.0079035557027964e-07, 2.3754894584726571e-07, 1.665337521217225e-07, 1.708100114683475e-07, 1.2630096080101794e-07, 7.014298830654297e-08, 2.731246517839736e-08, 5.570039540714333e-09, 7.614593677818249e-11, 5.6506973579451e-12, 5.448332757174157e-12, 5.297152473604516e-12, 5.192514387214464e-12, 5.0732603881775695e-12, 4.979259626142207e-12, 4.872554616730529e-12, 4.7388104724988e-12, 4.6590383460942686e-12, 4.6276255397104116e-12], "lowlevel.melbands128.stdev": [0.00010479345655767247, 0.0024826014414429665, 0.009831823408603668, 0.012369906529784203, 0.007906024344265461, 0.005138751585036516, 0.0024505918845534325, 0.0038374413270503283, 0.004086920525878668, 0.002588368719443679, 0.0011476679937914014, 0.0006209061248227954, 0.00037163254455663264, 0.0005308802356012166, 0.0006246582488529384, 0.0007306764018721879, 0.0005930448533035815, 0.0007160021341405809, 0.00026390815037302673, 0.00018437842663843185, 0.0001745300687616691, 0.00033539871219545603, 0.0003264248662162572, 0.00031757596298120916, 0.0003587118990253657, 0.0005320106283761561, 0.0007537717465311289, 0.000494232983328402, 0.00014663000183645636, 0.00011059449025196955, 6.875237886561081e-05, 6.384227890521288e-05, 0.00011316150630591437, 0.00012074601545464247, 9.998741006711498e-05, 0.00013231650518719107, 7.00334639986977e-05, 0.00014065834693610668, 0.0002290089032612741, 0.0002348355483263731, 0.0001955516345333308, 0.00016473408322781324, 0.0001139745581895113, 0.00010438337631057948, 9.887503256322816e-05, 0.0001102458918467164, 9.709132427815348e-05, 8.091174095170572e-05, 7.106361590558663e-05, 4.991816604160704e-05, 2.012524419114925e-05, 3.569233012967743e-05, 3.502810432109982e-05, 1.807045737223234e-05, 3.6935445677954704e-05, 5.334649540600367e-05, 5.059680188423954e-05, 3.752544944291003e-05, 5.5411161156371236e-05, 3.7083977076690644e-05, 2.1178817405598238e-05, 2.131368273694534e-05, 2.7406091248849407e-05, 2.1585685317404568e-05, 1.3482523172569927e-05, 1.0268481673847418e-05, 8.14236409496516e-06, 7.231888048409019e-06, 5.866254014108563e-06, 4.433770300238393e-06, 2.6908505788014736e-06, 3.406257519600331e-06, 7.1528997978020925e-06, 1.643839459575247e-05, 3.723907138919458e-05, 6.867670163046569e-05, 5.0404982175678015e-05, 2.627536014188081e-05, 1.1510078365972731e-05, 3.014417870872421e-06, 2.464119461365044e-06, 2.6569884994387394e-06, 2.4955868411780102e-06, 2.5324493435618933e-06, 2.3242000679601915e-06, 3.5913117244490422e-06, 3.951950475311605e-06, 4.496569999901112e-06, 3.0745179628866026e-06, 3.3273809094680473e-06, 3.9083874980860855e-06, 3.2882244340726174e-06, 2.738240709732054e-06, 2.044685288637993e-06, 1.8956789062940516e-06, 2.147873374269693e-06, 1.808235651878931e-06, 1.8715272744884714e-06, 1.3979978348288569e-06, 1.6140216985149891e-06, 1.4853189895802643e-06, 1.832250973166083e-06, 1.4815408349022618e-06, 1.5977597058736137e-06, 1.0180090157518862e-06, 1.1391708767405362e-06, 1.1846944971694029e-06, 9.82887854661385e-07, 8.838824214763008e-07, 7.557380286016269e-07, 5.346932994143572e-07, 3.709952238750702e-07, 3.8378101407943177e-07, 3.492715450192918e-07, 2.0971779690626136e-07, 1.2268813520677213e-07, 2.7279774883481878e-08, 7.560315706811593e-10, 9.157355429501024e-12, 8.815143927309865e-12, 8.583194051337006e-12, 8.381823880798667e-12, 8.206478899208669e-12, 8.058142694777892e-12, 7.937059863516449e-12, 7.836107630831979e-12, 7.764584981917455e-12, 7.72071902938043e-12], "lowlevel.mfcc.mean": [-650.4161376953125, 126.81571197509766, 4.596094608306885, 33.176536560058594, 6.68686056137085, 18.96914291381836, 5.876712322235107, -4.08791446685791, 5.078198432922363, -8.921998023986816, -4.835929870605469, 4.666792392730713, -16.392860412597656], "lowlevel.spectral_contrast_coeffs.mean": [-0.6277150511741638, -0.7494584321975708, -0.7709445953369141, -0.7948522567749023, -0.7747219800949097, -0.7010472416877747], "lowlevel.spectral_contrast_coeffs.stdev": [0.07651973515748978, 0.07614526152610779, 0.06111768260598183, 0.04602424055337906, 0.03526169806718826, 0.0414423830807209], "lowlevel.spectral_contrast_valleys.mean": [-6.657379627227783, -7.08665132522583, -7.523144245147705, -7.553572654724121, -7.76045036315918, -10.627281188964844], "lowlevel.spectral_contrast_valleys.stdev": [0.7709183692932129, 0.6769825220108032, 0.6532807946205139, 0.5958476662635803, 0.7648180723190308, 0.9884970784187317], "rhythm.beats_loudness_band_ratio.mean": [0.6569823622703552, 0.20436327159404755, 0.06928736716508865, 0.047295648604631424, 0.04506896808743477, 0.06408187747001648], "rhythm.beats_loudness_band_ratio.stdev": [0.20649513602256775, 0.17617900669574738, 0.06875457614660263, 0.04825030267238617, 0.04561476409435272, 0.04941565915942192], "tonal.hpcp.mean": [0.18438807129859924, 0.05256838724017143, 0.019061807543039322, 0.018753476440906525, 0.03342552110552788, 0.30831873416900635, 0.42062851786613464, 0.15273714065551758, 0.031119847670197487, 0.023530013859272003, 0.024682434275746346, 0.04789990931749344, 0.05054337531328201, 0.03519320860505104, 0.03579748794436455, 0.03300335258245468, 0.039218172430992126, 0.06450299173593521, 0.07134302705526352, 0.06956492364406586, 0.2312532365322113, 0.31460443139076233, 0.16158226132392883, 0.06432545930147171, 0.04445955902338028, 0.06020711362361908, 0.14932487905025482, 0.16290761530399323, 0.08353408426046371, 0.06615068763494492, 0.05408123880624771, 0.029929179698228836, 0.02812318503856659, 0.034999117255210876, 0.053151845932006836, 0.17652292549610138], "tonal.hpcp.stdev": [0.3494766056537628, 0.1394999921321869, 0.08228910714387894, 0.0818907618522644, 0.09045540541410446, 0.3308486342430115, 0.429146409034729, 0.19630780816078186, 0.11161323636770248, 0.10308774560689926, 0.09595079720020294, 0.1363040655851364, 0.1350930631160736, 0.11224314570426941, 0.11887465417385101, 0.11697569489479065, 0.13879652321338654, 0.16221894323825836, 0.17230580747127533, 0.1569044142961502, 0.3153032958507538, 0.40991684794425964, 0.2413802295923233, 0.17222554981708527, 0.13032321631908417, 0.15743544697761536, 0.25697267055511475, 0.2872394919395447, 0.17764927446842194, 0.1820141077041626, 0.16487619280815125, 0.10316167771816254, 0.09603595733642578, 0.12465476989746094, 0.1407744288444519, 0.3320983946323395], "rhythm.beats_position": [0.5108389854431152, 0.9984580278396606, 1.486077070236206, 1.9736961126327515, 2.4380950927734375, 2.9141042232513428, 3.390113353729248, 3.8661224842071533, 4.342131614685059, 4.818140506744385, 5.294149398803711, 5.770158767700195, 6.2461676597595215, 6.722176551818848, 7.198185920715332, 7.674194812774658, 8.138593673706055, 8.614603042602539, 9.079002380371094, 9.555010795593262, 10.031020164489746, 10.50702953338623, 10.983037948608398, 11.447437286376953, 11.911836624145508, 12.387845993041992, 12.86385440826416, 13.328253746032715, 13.79265308380127, 14.257051467895508, 14.721450805664062, 15.185850143432617, 15.650249481201172, 16.126258850097656], "rhythm.bpm_histogram": [0.0, 0.0, 0.0, 0.0, 0.0, 0.0, 0.0, 0.0, 0.0, 0.0, 0.0, 0.0, 0.0, 0.0, 0.0, 0.0, 0.0, 0.0, 0.0, 0.0, 0.0, 0.0, 0.0, 0.0, 0.0, 0.0, 0.0, 0.0, 0.0, 0.0, 0.0, 0.0, 0.0, 0.0, 0.0, 0.0, 0.0, 0.0, 0.0, 0.0, 0.0, 0.0, 0.0, 0.0, 0.0, 0.0, 0.0, 0.0, 0.0, 0.0, 0.0, 0.0, 0.0, 0.0, 0.0, 0.0, 0.0, 0.0, 0.0, 0.0, 0.0, 0.0, 0.0, 0.0, 0.0, 0.0, 0.0, 0.0, 0.0, 0.0, 0.0, 0.0, 0.0, 0.0, 0.0, 0.0, 0.0, 0.0, 0.0, 0.0, 0.0, 0.0, 0.0, 0.0, 0.0, 0.0, 0.0, 0.0, 0.0, 0.0, 0.0, 0.0, 0.0, 0.0, 0.0, 0.0, 0.0, 0.0, 0.0, 0.0, 0.0, 0.0, 0.0, 0.0, 0.0, 0.0, 0.0, 0.0, 0.0, 0.0, 0.0, 0.0, 0.0, 0.0, 0.0, 0.0, 0.0, 0.0, 0.0, 0.0, 0.0, 0.0, 0.0, 0.09090909361839294, 0.0, 0.0, 0.5757575631141663, 0.0, 0.0, 0.3333333432674408, 0.0, 0.0, 0.0, 0.0, 0.0, 0.0, 0.0, 0.0, 0.0, 0.0, 0.0, 0.0, 0.0, 0.0, 0.0, 0.0, 0.0, 0.0, 0.0, 0.0, 0.0, 0.0, 0.0, 0.0, 0.0, 0.0, 0.0, 0.0, 0.0, 0.0, 0.0, 0.0, 0.0, 0.0, 0.0, 0.0, 0.0, 0.0, 0.0, 0.0, 0.0, 0.0, 0.0, 0.0, 0.0, 0.0, 0.0, 0.0, 0.0, 0.0, 0.0, 0.0, 0.0, 0.0, 0.0, 0.0, 0.0, 0.0, 0.0, 0.0, 0.0, 0.0, 0.0, 0.0, 0.0, 0.0, 0.0, 0.0, 0.0, 0.0, 0.0, 0.0, 0.0, 0.0, 0.0, 0.0, 0.0, 0.0, 0.0, 0.0, 0.0, 0.0, 0.0, 0.0, 0.0, 0.0, 0.0, 0.0, 0.0, 0.0, 0.0, 0.0, 0.0, 0.0, 0.0, 0.0, 0.0, 0.0, 0.0, 0.0, 0.0, 0.0, 0.0, 0.0, 0.0, 0.0, 0.0, 0.0, 0.0, 0.0, 0.0, 0.0, 0.0, 0.0, 0.0, 0.0, 0.0, 0.0, 0.0, 0.0], "tonal.chords_histogram": [2.222222328186035, 1.6666666269302368, 39.72222137451172, 0.5555555820465088, 0.0, 0.0, 0.0, 0.0, 0.2777777910232544, 0.0, 0.0, 0.0, 0.0, 0.0, 0.0, 0.0, 0.0, 28.88888931274414, 0.0, 0.0, 0.0, 0.0, 26.66666603088379, 0.0], "tonal.thpcp": [1.0, 0.36311647295951843, 0.07398416101932526, 0.05594012886285782, 0.058679886162281036, 0.11387699097394943, 0.12016154825687408, 0.08366815000772476, 0.08510475605726242, 0.07846199721097946, 0.09323707222938538, 0.15334907174110413, 0.16961053013801575, 0.16538327932357788, 0.5497801899909973, 0.747938871383667, 0.3841448128223419, 0.15292701125144958, 0.10569792240858078, 0.14313606917858124, 0.3550041615962982, 0.3872956931591034, 0.19859348237514496, 0.1572662889957428, 0.12857244908809662, 0.07115346938371658, 0.0668599084019661, 0.08320671319961548, 0.12636291980743408, 0.4196646511554718, 0.4383632242679596, 0.12497580051422119, 0.04531744122505188, 0.04458441585302353, 0.07946565747261047, 0.732995331287384], "lowlevel.gfcc.cov": [[3842.036376953125, -816.8644409179688, 95.2276611328125, 0.5336907505989075, -233.20199584960938, 15.987615585327148, -112.9710693359375, 395.4375, -34.19321060180664, 132.65235900878906, -189.52230834960938, 64.71482849121094, -335.1356506347656], [-816.8644409179688, 1167.2421875, -93.32001495361328, 16.867385864257812, 404.40716552734375, 8.420424461364746, 287.8305358886719, -25.208158493041992, 245.2215118408203, -88.30272674560547, 147.52037048339844, -149.888671875, 106.49002075195312], [95.2276611328125, -93.32001495361328, 762.2803344726562, 359.4554443359375, 268.8472900390625, 326.1072692871094, 168.70230102539062, 77.63752746582031, 82.22010803222656, 123.23066711425781, 0.7200830578804016, 41.73466873168945, 44.20771026611328], [0.5336907505989075, 16.867385864257812, 359.4554443359375, 417.3838806152344, 288.74859619140625, 167.41806030273438, 61.5985107421875, 38.32048416137695, 137.983642578125, 77.40621185302734, 46.44279098510742, -2.0781378746032715, 55.63087844848633], [-233.20199584960938, 404.40716552734375, 268.8472900390625, 288.74859619140625, 586.8391723632812, 216.12139892578125, 233.26979064941406, 109.71671295166016, 230.84120178222656, 56.40281295776367, 93.76878356933594, -57.6727294921875, 24.27157974243164], [15.987615585327148, 8.420424461364746, 326.1072692871094, 167.41806030273438, 216.12139892578125, 306.4837646484375, 219.22511291503906, 86.1832046508789, 55.47377395629883, 48.41828536987305, 12.08012866973877, -17.22092056274414, 23.498353958129883], [-112.9710693359375, 287.8305358886719, 168.70230102539062, 61.5985107421875, 233.26979064941406, 219.22511291503906, 352.93768310546875, 120.6043701171875, 74.87761688232422, -9.073959350585938, 23.75936508178711, -56.3315315246582, 10.45052433013916], [395.4375, -25.208158493041992, 77.63752746582031, 38.32048416137695, 109.71671295166016, 86.1832046508789, 120.6043701171875, 201.3757781982422, 101.67210388183594, 53.446224212646484, 14.522232055664062, 1.2709345817565918, -61.31682586669922], [-34.19321060180664, 245.2215118408203, 82.22010803222656, 137.983642578125, 230.84120178222656, 55.47377395629883, 74.87761688232422, 101.67210388183594, 241.974853515625, 74.21392059326172, 73.0788803100586, -33.98854446411133, 4.701651573181152], [132.65235900878906, -88.30272674560547, 123.23066711425781, 77.40621185302734, 56.40281295776367, 48.41828536987305, -9.073959350585938, 53.446224212646484, 74.21392059326172, 122.23882293701172, 14.057174682617188, 29.422422409057617, -5.734274387359619], [-189.52230834960938, 147.52037048339844, 0.7200830578804016, 46.44279098510742, 93.76878356933594, 12.08012866973877, 23.75936508178711, 14.522232055664062, 73.0788803100586, 14.057174682617188, 94.75575256347656, 4.953207015991211, 23.709590911865234], [64.71482849121094, -149.888671875, 41.73466873168945, -2.0781378746032715, -57.6727294921875, -17.22092056274414, -56.3315315246582, 1.2709345817565918, -33.98854446411133, 29.422422409057617, 4.953207015991211, 91.80879211425781, 15.144126892089844], [-335.1356506347656, 106.49002075195312, 44.20771026611328, 55.63087844848633, 24.27157974243164, 23.498353958129883, 10.45052433013916, -61.31682586669922, 4.701651573181152, -5.734274387359619, 23.709590911865234, 15.144126892089844, 116.43645477294922]], "lowlevel.gfcc.icov": [[0.0005387686542235315, -0.00031221029348671436, 0.00010705320892157033, -0.000516035477630794, 0.0003771013580262661, -0.000415986665757373, 0.0007101775263436139, -0.0014251514803618193, 0.00046872059465385973, -0.00019152356253471226, 0.0009565761429257691, -0.0003258185461163521, 0.0010525024263188243], [-0.00031221029348671436, 0.004755774047225714, -0.0008605539333075285, 0.0025736866518855095, -0.002249179407954216, 0.004201552364975214, -0.004669371526688337, 0.003950378857553005, -0.004190642852336168, 0.002276778221130371, -0.0034371186047792435, 0.0033690694253891706, -0.00348769873380661], [0.00010705320892157033, -0.0008605539333075285, 0.00415189890190959, -0.0028408204670995474, 0.0005167275085113943, -0.003601746866479516, 0.00016707585018593818, 0.00021984103659633547, 0.0006629127892665565, -0.0018570451065897942, 0.0023651125375181437, -0.0032037324272096157, 0.0014128967886790633], [-0.000516035477630794, 0.0025736866518855095, -0.0028408204670995474, 0.008154778741300106, -0.003448997624218464, 0.0014077756786718965, -0.0001252657239092514, 0.002338578226044774, -0.003493105061352253, 0.0015744080301374197, -0.002653200179338455, 0.0031386790797114372, -0.004628485534340143], [0.0003771013580262661, -0.002249179407954216, 0.0005167275085113943, -0.003448997624218464, 0.006049907300621271, -0.0029251978266984224, 0.0003849297354463488, -0.0013409699313342571, -0.0007593201589770615, -0.0004649509210139513, 0.0003394602972548455, -0.0014405061956495047, 0.003308612620458007], [-0.000415986665757373, 0.004201552364975214, -0.003601746866479516, 0.0014077756786718965, -0.0029251978266984224, 0.015122800134122372, -0.008964122273027897, 0.0022040833719074726, -0.0004950296133756638, -0.000827742856927216, -0.003739130450412631, 0.005362347234040499, -0.004778869450092316], [0.0007101775263436139, -0.004669371526688337, 0.00016707585018593818, -0.0001252657239092514, 0.0003849297354463488, -0.008964122273027897, 0.014231529086828232, -0.009676553308963776, 0.004975329618901014, 0.0009651909349486232, 0.003222836647182703, 0.0004507631529122591, 0.000798465742263943], [-0.0014251514803618193, 0.003950378857553005, 0.00021984103659633547, 0.002338578226044774, -0.0013409699313342571, 0.0022040833719074726, -0.009676553308963776, 0.01944543793797493, -0.009904502891004086, 0.0005622372264042497, -0.002788493875414133, -0.003498620819300413, 0.0034782150760293007], [0.00046872059465385973, -0.004190642852336168, 0.0006629127892665565, -0.003493105061352253, -0.0007593201589770615, -0.0004950296133756638, 0.004975329618901014, -0.009904502891004086, 0.017402321100234985, -0.00807514414191246, -0.002187928883358836, 0.004217321053147316, -8.56578662933316e-06], [-0.00019152356253471226, 0.002276778221130371, -0.0018570451065897942, 0.0015744080301374197, -0.0004649509210139513, -0.000827742856927216, 0.0009651909349486232, 0.0005622372264042497, -0.00807514414191246, 0.017043227329850197, -0.00044156188960187137, -0.003476133104413748, -0.000499823538120836], [0.0009565761429257691, -0.0034371186047792435, 0.0023651125375181437, -0.002653200179338455, 0.0003394602972548455, -0.003739130450412631, 0.003222836647182703, -0.002788493875414133, -0.002187928883358836, -0.00044156188960187137, 0.020499911159276962, -0.008018506690859795, 0.0021277794148772955], [-0.0003258185461163521, 0.0033690694253891706, -0.0032037324272096157, 0.0031386790797114372, -0.0014405061956495047, 0.005362347234040499, 0.0004507631529122591, -0.003498620819300413, 0.004217321053147316, -0.003476133104413748, -0.008018506690859795, 0.02311570756137371, -0.008682286366820335], [0.0010525024263188243, -0.00348769873380661, 0.0014128967886790633, -0.004628485534340143, 0.003308612620458007, -0.004778869450092316, 0.000798465742263943, 0.0034782150760293007, -8.56578662933316e-06, -0.000499823538120836, 0.0021277794148772955, -0.008682286366820335, 0.019188938662409782]], "lowlevel.mfcc.cov": [[3900.915283203125, -773.4772338867188, -14.326333999633789, -80.85875701904297, -190.84364318847656, -350.9428405761719, -170.13465881347656, 82.58991241455078, -65.73304748535156, 160.09547424316406, 204.87002563476562, -58.190948486328125, -136.59422302246094], [-773.4772338867188, 1042.1715087890625, -256.00006103515625, 70.55484008789062, 83.10358428955078, 79.37580871582031, 111.01069641113281, 102.55744171142578, 110.86511993408203, 68.77452850341797, 65.24640655517578, 105.16568756103516, 47.9100456237793], [-14.326333999633789, -256.00006103515625, 569.9351196289062, 86.45735931396484, 115.8402328491211, 205.95883178710938, 117.99982452392578, 33.07920455932617, 122.45487213134766, 2.6749889850616455, -14.188558578491211, 44.539466857910156, 65.89171600341797], [-80.85875701904297, 70.55484008789062, 86.45735931396484, 272.571533203125, 240.8273468017578, 118.2428970336914, 21.752511978149414, 43.01662826538086, 68.15728759765625, 83.01248931884766, 49.06669998168945, 40.517147064208984, 56.49439239501953], [-190.84364318847656, 83.10358428955078, 115.8402328491211, 240.8273468017578, 408.0819396972656, 198.2613525390625, 55.5508918762207, 58.07372283935547, 107.63584899902344, 130.6167449951172, 78.78325653076172, 72.02027130126953, 86.93438720703125], [-350.9428405761719, 79.37580871582031, 205.95883178710938, 118.2428970336914, 198.2613525390625, 278.62872314453125, 163.23843383789062, 60.87042999267578, 130.82508850097656, 49.975311279296875, 25.06036949157715, 68.60095977783203, 35.94670867919922], [-170.13465881347656, 111.01069641113281, 117.99982452392578, 21.752511978149414, 55.5508918762207, 163.23843383789062, 291.587646484375, 141.57801818847656, 118.783203125, 55.199039459228516, 45.54483413696289, 68.1202621459961, -23.242258071899414], [82.58991241455078, 102.55744171142578, 33.07920455932617, 43.01662826538086, 58.07372283935547, 60.87042999267578, 141.57801818847656, 170.16845703125, 91.05221557617188, 90.26058197021484, 76.49720001220703, 57.705474853515625, 5.272938251495361], [-65.73304748535156, 110.86511993408203, 122.45487213134766, 68.15728759765625, 107.63584899902344, 130.82508850097656, 118.783203125, 91.05221557617188, 185.1134490966797, 83.6712417602539, 72.8604965209961, 73.9619140625, 18.44444465637207], [160.09547424316406, 68.77452850341797, 2.6749889850616455, 83.01248931884766, 130.6167449951172, 49.975311279296875, 55.199039459228516, 90.26058197021484, 83.6712417602539, 176.28506469726562, 125.51496887207031, 57.72997283935547, 11.414613723754883], [204.87002563476562, 65.24640655517578, -14.188558578491211, 49.06669998168945, 78.78325653076172, 25.06036949157715, 45.54483413696289, 76.49720001220703, 72.8604965209961, 125.51496887207031, 153.94723510742188, 68.68389129638672, 3.6611781120300293], [-58.190948486328125, 105.16568756103516, 44.539466857910156, 40.517147064208984, 72.02027130126953, 68.60095977783203, 68.1202621459961, 57.705474853515625, 73.9619140625, 57.72997283935547, 68.68389129638672, 119.8760757446289, 33.04521179199219], [-136.59422302246094, 47.9100456237793, 65.89171600341797, 56.49439239501953, 86.93438720703125, 35.94670867919922, -23.242258071899414, 5.272938251495361, 18.44444465637207, 11.414613723754883, 3.6611781120300293, 33.04521179199219, 139.13880920410156]], "lowlevel.mfcc.icov": [[0.0004290325741749257, 0.00029525687568821013, -0.00011290342081338167, -8.239753515226766e-05, 0.0001067800258169882, 0.0004909343551844358, 0.0002404329425189644, -0.0004348756338004023, -3.851518704323098e-05, -0.00016050570411607623, -0.0005710265832021832, 9.780847904039547e-05, 0.00027960550505667925], [0.00029525687568821013, 0.0018020300194621086, 0.0013249185867607594, -0.00048680781037546694, 0.0004194762441329658, -0.0002385191764915362, -0.00019251946650911123, -0.00046168608241714537, -0.0010712941875681281, 6.0388960264390334e-05, 4.406500738696195e-05, -0.0007608881569467485, -0.0006589448312297463], [-0.00011290342081338167, 0.0013249185867607594, 0.003927502315491438, -0.0006871071527712047, 0.0007754384423606098, -0.0022757810074836016, -0.000588847731705755, 0.00030877991230227053, -0.0020345342345535755, 0.0004822237533517182, 0.0009791716001927853, -0.0004516324552241713, -0.0018429794581606984], [-8.239753515226766e-05, -0.00048680781037546694, -0.0006871071527712047, 0.00806990172713995, -0.004376784432679415, -0.0005247053923085332, 0.0013543444219976664, -0.0012315561762079597, 0.0002630173694342375, -0.00030852810596115887, 8.790579886408523e-05, 0.0005673797568306327, 0.00013198614760767668], [0.0001067800258169882, 0.0004194762441329658, 0.0007754384423606098, -0.004376784432679415, 0.008349896408617496, -0.004503934178501368, 0.0011159286368638277, 0.0003955546417273581, 0.00021191265841480345, -0.003614634508267045, 7.584006380056962e-05, -0.0002173317043343559, -0.0021936956327408552], [0.0004909343551844358, -0.0002385191764915362, -0.0022757810074836016, -0.0005247053923085332, -0.004503934178501368, 0.013291926123201847, -0.0053607202135026455, 0.0028628238942474127, -0.0031561919022351503, 0.0007708882912993431, 0.0009893621318042278, -0.0009706952841952443, 0.0007906400715000927], [0.0002404329425189644, -0.00019251946650911123, -0.000588847731705755, 0.0013543444219976664, 0.0011159286368638277, -0.0053607202135026455, 0.010656923986971378, -0.007631783839315176, -2.3872207748354413e-05, 0.0004945808323100209, 0.0002633736585266888, -0.0011438151123002172, 0.003015704220160842], [-0.0004348756338004023, -0.00046168608241714537, 0.00030877991230227053, -0.0012315561762079597, 0.0003955546417273581, 0.0028628238942474127, -0.007631783839315176, 0.015476248227059841, -0.002341363113373518, -0.0037483947817236185, -0.000522110378369689, -0.00038238795241340995, -0.0020397936459630728], [-3.851518704323098e-05, -0.0010712941875681281, -0.0020345342345535755, 0.0002630173694342375, 0.00021191265841480345, -0.0031561919022351503, -2.3872207748354413e-05, -0.002341363113373518, 0.012749596498906612, -0.0018227240070700645, -0.0020167375914752483, -0.001663271919824183, 0.0008630320080555975], [-0.00016050570411607623, 6.0388960264390334e-05, 0.0004822237533517182, -0.00030852810596115887, -0.003614634508267045, 0.0007708882912993431, 0.0004945808323100209, -0.0037483947817236185, -0.0018227240070700645, 0.01829678751528263, -0.010942933149635792, 0.0014412386808544397, 0.0006887360359542072], [-0.0005710265832021832, 4.406500738696195e-05, 0.0009791716001927853, 8.790579886408523e-05, 7.584006380056962e-05, 0.0009893621318042278, 0.0002633736585266888, -0.000522110378369689, -0.0020167375914752483, -0.010942933149635792, 0.019987981766462326, -0.006389693822711706, 0.000842307461425662], [9.780847904039547e-05, -0.0007608881569467485, -0.0004516324552241713, 0.0005673797568306327, -0.0002173317043343559, -0.0009706952841952443, -0.0011438151123002172, -0.00038238795241340995, -0.001663271919824183, 0.0014412386808544397, -0.006389693822711706, 0.015322868712246418, -0.00281725125387311], [0.00027960550505667925, -0.0006589448312297463, -0.0018429794581606984, 0.00013198614760767668, -0.0021936956327408552, 0.0007906400715000927, 0.003015704220160842, -0.0020397936459630728, 0.0008630320080555975, 0.0006887360359542072, 0.000842307461425662, -0.00281725125387311, 0.010731085203588009]], "metadata.audio_properties.analysis.downmix": "mix", "metadata.audio_properties.codec": "mp3", "metadata.audio_properties.md5_encoded": "ab0a1b8bdb5e3f3ff902bce3e890b854", "metadata.tags.file_name": "1183712286410551306.mp3", "metadata.version.essentia": "2.1-beta6-dev", "metadata.version.essentia_git_sha": "v2.1_beta5-1110-g77a6a954", "metadata.version.extractor": "music 2.0", "tonal.chords_key": "B", "tonal.chords_scale": "major", "tonal.key_edma.key": "E", "tonal.key_edma.scale": "major", "tonal.key_krumhansl.key": "E", "tonal.key_krumhansl.scale": "major", "tonal.key_temperley.key": "E", "tonal.key_temperley.scale": "major", "metadata.tags.encoding": ["Lavf58.45.100"]}, "essentia_models": [{"model_name": "genre_dortmund", "activations": {"alternative": "0.21618882", "blues": "0.07484957", "electronic": "0.0048584924", "folkcountry": "0.21855018", "funksoulrnb": "0.0551875", "jazz": "0.011655416", "pop": "0.0630877", "raphiphop": "0.01416588", "rock": "0.48460016"}}, {"model_name": "genre_rosamerica", "activations": {"classic": "0.011706806", "dance": "0.0012367312", "hip hop": "0.07379463", "jazz": "0.004528509", "pop": "0.31805664", "rhythm and blues": "0.067613915", "rock": "0.5