{"song_id": "1183688410301476964", "download": "https://cdn.discordapp.com/attachments/1135911532732108921/1183688410301476964/chirp.mp4?ex=65893ebc&amp", "lyrics": "[verse]\nFier d'\u00eatre Mubembe, je le proclame haut et fort,\nMon c\u0153ur bat au rythme de ce nom si pr\u00e9cieux,\nUne identit\u00e9 qui me lie \u00e0 mes anc\u00eatres, \u00e0 mon sort,\n[chorus]\nMubembe, un h\u00e9ritage qui rend ma vie si pr\u00e9cieuse.\n\nDans les veines de ma lign\u00e9e, coule la force des a\u00een\u00e9s,\nLeurs histoires, leurs combats, leur courage sans fin,\nJe me sens port\u00e9 par leur \u00e9nergie, par leur dignit\u00e9,\nFier d'\u00eatre Mubembe, je suis le fruit de leur destin.", "style": ["hymne national rondeau rapide"], "essentia_features": {"lowlevel.average_loudness": 0.9100702404975891, "lowlevel.barkbands_crest.mean": 12.419268608093262, "lowlevel.barkbands_crest.stdev": 3.7477056980133057, "lowlevel.barkbands_flatness_db.mean": 0.4440547823905945, "lowlevel.barkbands_flatness_db.stdev": 0.03566952422261238, "lowlevel.barkbands_kurtosis.mean": 1.889381766319275, "lowlevel.barkbands_kurtosis.stdev": 2.168701410293579, "lowlevel.barkbands_skewness.mean": 0.5641957521438599, "lowlevel.barkbands_skewness.stdev": 0.7392489910125732, "lowlevel.barkbands_spread.mean": 3.1017262935638428, "lowlevel.barkbands_spread.stdev": 1.7781485319137573, "lowlevel.dissonance.mean": 0.3265342712402344, "lowlevel.dissonance.stdev": 0.07080920040607452, "lowlevel.dynamic_complexity": 2.4892613887786865, "lowlevel.erbbands_crest.mean": 16.720035552978516, "lowlevel.erbbands_crest.stdev": 5.090773105621338, "lowlevel.erbbands_flatness_db.mean": 0.48111051321029663, "lowlevel.erbbands_flatness_db.stdev": 0.03036428987979889, "lowlevel.erbbands_kurtosis.mean": 1.3755556344985962, "lowlevel.erbbands_kurtosis.stdev": 2.397106170654297, "lowlevel.erbbands_skewness.mean": 0.274319589138031, "lowlevel.erbbands_skewness.stdev": 0.7602620124816895, "lowlevel.erbbands_spread.mean": 6.001308917999268, "lowlevel.erbbands_spread.stdev": 2.4381372928619385, "lowlevel.hfc.mean": 13.186060905456543, "lowlevel.hfc.stdev": 13.611761093139648, "lowlevel.loudness_ebu128.integrated": -25.40696144104004, "lowlevel.loudness_ebu128.loudness_range": 4.612722396850586, "lowlevel.loudness_ebu128.momentary.mean": -25.969881057739258, "lowlevel.loudness_ebu128.momentary.stdev": 2.1987617015838623, "lowlevel.loudness_ebu128.short_term.mean": -25.671974182128906, "lowlevel.loudness_ebu128.short_term.stdev": 1.6005024909973145, "lowlevel.melbands_crest.mean": 14.527466773986816, "lowlevel.melbands_crest.stdev": 4.669073581695557, "lowlevel.melbands_flatness_db.mean": 0.5513877272605896, "lowlevel.melbands_flatness_db.stdev": 0.041806213557720184, "lowlevel.melbands_kurtosis.mean": 1.3637876510620117, "lowlevel.melbands_kurtosis.stdev": 2.1142852306365967, "lowlevel.melbands_skewness.mean": 0.4866725504398346, "lowlevel.melbands_skewness.stdev": 0.659842848777771, "lowlevel.melbands_spread.mean": 6.046592712402344, "lowlevel.melbands_spread.stdev": 4.2485880851745605, "lowlevel.pitch_salience.mean": 0.5353953242301941, "lowlevel.pitch_salience.stdev": 0.09727229177951813, "lowlevel.silence_rate_20dB.mean": 1.0, "lowlevel.silence_rate_20dB.stdev": 0.0, "lowlevel.silence_rate_30dB.mean": 0.9907299876213074, "lowlevel.silence_rate_30dB.stdev": 0.09583310782909393, "lowlevel.silence_rate_60dB.mean": 0.017960602417588234, "lowlevel.silence_rate_60dB.stdev": 0.13280749320983887, "lowlevel.spectral_centroid.mean": 553.1970825195312, "lowlevel.spectral_centroid.stdev": 134.20501708984375, "lowlevel.spectral_complexity.mean": 9.217265129089355, "lowlevel.spectral_complexity.stdev": 2.155275583267212, "lowlevel.spectral_decrease.mean": -5.816677361991651e-09, "lowlevel.spectral_decrease.stdev": 4.768483830019932e-09, "lowlevel.spectral_energy.mean": 0.023149501532316208, "lowlevel.spectral_energy.stdev": 0.01915873773396015, "lowlevel.spectral_energyband_high.mean": 3.125735048570277e-08, "lowlevel.spectral_energyband_high.stdev": 3.8330668417074776e-07, "lowlevel.spectral_energyband_low.mean": 0.00021573198318947107, "lowlevel.spectral_energyband_low.stdev": 0.0005321379285305738, "lowlevel.spectral_energyband_middle_high.mean": 0.0048003653064370155, "lowlevel.spectral_energyband_middle_high.stdev": 0.010454562492668629, "lowlevel.spectral_energyband_middle_low.mean": 0.018345214426517487, "lowlevel.spectral_energyband_middle_low.stdev": 0.014471197500824928, "lowlevel.spectral_entropy.mean": 5.282182216644287, "lowlevel.spectral_entropy.stdev": 0.27849093079566956, "lowlevel.spectral_flux.mean": 0.03353822976350784, "lowlevel.spectral_flux.stdev": 0.031305328011512756, "lowlevel.spectral_kurtosis.mean": 215.9897918701172, "lowlevel.spectral_kurtosis.stdev": 71.46089935302734, "lowlevel.spectral_rms.mean": 0.004434168338775635, "lowlevel.spectral_rms.stdev": 0.0017096828669309616, "lowlevel.spectral_rolloff.mean": 742.9943237304688, "lowlevel.spectral_rolloff.stdev": 561.5747680664062, "lowlevel.spectral_skewness.mean": 10.704704284667969, "lowlevel.spectral_skewness.stdev": 2.7262978553771973, "lowlevel.spectral_spread.mean": 622130.375, "lowlevel.spectral_spread.stdev": 610903.4375, "lowlevel.spectral_strongpeak.mean": 2.144822120666504, "lowlevel.spectral_strongpeak.stdev": 1.5385748147964478, "lowlevel.zerocrossingrate.mean": 0.027740655466914177, "lowlevel.zerocrossingrate.stdev": 0.018152251839637756, "metadata.audio_properties.analysis.equal_loudness": 0.0, "metadata.audio_properties.analysis.length": 40.04265213012695, "metadata.audio_properties.analysis.sample_rate": 44100.0, "metadata.audio_properties.analysis.start_time": 0.0, "metadata.audio_properties.bit_rate": 79526.0, "metadata.audio_properties.length": 40.042667388916016, "metadata.audio_properties.lossless": 0.0, "metadata.audio_properties.number_channels": 1.0, "metadata.audio_properties.replay_gain": -2.5427417755126953, "metadata.audio_properties.sample_rate": 48000.0, "rhythm.beats_count": 111.0, "rhythm.beats_loudness.mean": 0.038305096328258514, "rhythm.beats_loudness.stdev": 0.025452906265854836, "rhythm.bpm": 172.2655792236328, "rhythm.bpm_histogram_first_peak_bpm": 172.0, "rhythm.bpm_histogram_first_peak_weight": 0.0, "rhythm.bpm_histogram_second_peak_bpm": 178.0, "rhythm.bpm_histogram_second_peak_spread": 0.0, "rhythm.bpm_histogram_second_peak_weight": 0.26363635063171387, "rhythm.danceability": 1.1234720945358276, "rhythm.onset_rate": 2.84612774848938, "tonal.chords_changes_rate": 0.023148147389292717, "tonal.chords_number_rate": 0.009259259328246117, "tonal.chords_strength.mean": 0.5049421787261963, "tonal.chords_strength.stdev": 0.08578404039144516, "tonal.hpcp_crest.mean": 19.867570877075195, "tonal.hpcp_crest.stdev": 7.78839635848999, "tonal.hpcp_entropy.mean": 1.203328251838684, "tonal.hpcp_entropy.stdev": 0.5569255948066711, "tonal.key_edma.strength": 0.6378065347671509, "tonal.key_krumhansl.strength": 0.6267697811126709, "tonal.key_temperley.strength": 0.608329176902771, "tonal.tuning_diatonic_strength": 0.47551947832107544, "tonal.tuning_equal_tempered_deviation": 0.0029765423387289047, "tonal.tuning_frequency": 440.0, "tonal.tuning_nontempered_energy_ratio": 0.5845571756362915, "lowlevel.barkbands.mean": [1.0124540494871326e-06, 9.181253517454024e-06, 0.00010743463644757867, 0.00020794438023585826, 0.0032452659215778112, 0.0024723708629608154, 0.003662138944491744, 0.007972768507897854, 0.000528336560819298, 0.0018911212682724, 0.0022447400260716677, 0.0006209101993590593, 7.980335794854909e-05, 6.597941683139652e-05, 2.3079479433363304e-05, 9.228845556208398e-06, 6.8072208705416415e-06, 9.386868669025716e-07, 4.046975732308056e-07, 3.187181718544707e-08, 7.395530410292395e-09, 4.110707330085006e-09, 2.1868988842044246e-09, 2.0383483789743195e-09, 1.9767809611437315e-09, 2.2209567518416407e-09, 1.0213219159282971e-09], "lowlevel.barkbands.stdev": [1.3372753073781496e-06, 2.71957615041174e-05, 0.0003502878244034946, 0.0004259777197148651, 0.003909071907401085, 0.0034363872837275267, 0.004787780810147524, 0.008638856932520866, 0.001136359409429133, 0.0037720920518040657, 0.008604261092841625, 0.0023037102073431015, 0.00012385513400658965, 0.00025292165810242295, 3.6872523196507245e-05, 1.6119516658363864e-05, 2.440724529151339e-05, 2.06906111088756e-06, 1.4584759355784627e-06, 1.755825422833368e-07, 7.868420226486705e-08, 7.037981930579917e-08, 4.758644323032968e-08, 4.602285486043911e-08, 4.3702215180019266e-08, 5.19312592928145e-08, 2.9868305606584045e-09], "lowlevel.erbbands.mean": [0.0001424969668732956, 0.004196199122816324, 0.08558053523302078, 0.4963233470916748, 2.5312914848327637, 14.292718887329102, 21.550647735595703, 16.926748275756836, 33.33868408203125, 106.72422790527344, 170.30233764648438, 24.3238582611084, 25.62057113647461, 85.22433471679688, 81.79656982421875, 31.06378173828125, 5.744121551513672, 4.1564836502075195, 1.4290053844451904, 0.8257021903991699, 0.3928733766078949, 0.34570810198783875, 0.08811122924089432, 0.03986847400665283, 0.00941953994333744, 0.0015849799383431673, 0.0004440996563062072, 0.00028284077416174114, 0.00017875600315164775, 0.00010313539678463712, 7.331963570322841e-05, 5.808088826597668e-05, 4.988212458556518e-05, 3.80906967620831e-05, 2.8438822482712567e-05, 2.0037849026266485e-05, 1.1349677151883952e-05, 2.7840444545290666e-06, 1.1414002074161544e-05, 2.6304925995646045e-05], "lowlevel.erbbands.stdev": [0.0002182663738494739, 0.010965987108647823, 0.2612105906009674, 1.0108826160430908, 4.119734764099121, 19.057260513305664, 33.01460266113281, 26.365781784057617, 31.47522735595703, 153.30824279785156, 193.5647735595703, 28.977046966552734, 41.732418060302734, 170.33343505859375, 291.7389831542969, 118.66488647460938, 10.279358863830566, 13.374627113342285, 3.010512113571167, 1.2453938722610474, 0.6231356859207153, 1.5962456464767456, 0.20304986834526062, 0.13039693236351013, 0.03400522470474243, 0.006278674583882093, 0.0034387235064059496, 0.0029917298816144466, 0.0024947980418801308, 0.0019673455972224474, 0.0012840463314205408, 0.0009324837592430413, 0.000796459149569273, 0.0005066305748187006, 0.0003108290839008987, 0.00018477778939995915, 9.405003220308572e-05, 2.143474375770893e-05, 9.617030627850909e-06, 2.201725510531105e-05], "lowlevel.gfcc.mean": [-233.88345336914062, 254.4586944580078, -128.3289794921875, -118.19864654541016, -40.62205505371094, -37.38929748535156, -41.61606979370117, -14.764583587646484, -14.781970024108887, -24.098411560058594, -3.1590805053710938, -8.294295310974121, -6.266295909881592], "lowlevel.melbands.mean": [1.747802571117063e-06, 3.50629779859446e-05, 0.0001218362885992974, 0.0005691376863978803, 0.0007537713972851634, 0.00040205626282840967, 0.000579759303946048, 0.0012371885823085904, 0.001214130432344973, 8.121809514705092e-05, 0.0001299002324230969, 0.0003460303705651313, 0.0003165247035212815, 9.868146298686042e-05, 3.3749536669347435e-05, 7.912081855465658e-06, 7.418213499477133e-06, 2.030644282058347e-06, 1.4443138525166432e-06, 9.565379741616198e-07, 3.4508900625951355e-07, 4.128197872432793e-07, 1.6090612575681007e-07, 3.753040189735657e-08, 3.285287419885208e-08, 5.876293229789553e-09, 3.407109261388541e-09, 5.634481770044886e-10, 2.3952909100621866e-10, 2.4034740864209425e-10, 1.1404540506410044e-10, 1.0604802452851558e-10, 5.7720082186074606e-11, 4.4656615211247086e-11, 3.300939729888874e-11, 3.08404031479359e-11, 2.4474370446947447e-11, 2.4585163765911133e-11, 2.0515308202240234e-11, 1.924403345010539e-11], "lowlevel.melbands.stdev": [4.224757958581904e-06, 9.880493598757312e-05, 0.00018706808623392135, 0.0007749726064503193, 0.001013874658383429, 0.0005900984397158027, 0.0005818625213578343, 0.0016676753293722868, 0.0014327140524983406, 0.00012705147673841566, 0.00021722780365962535, 0.0006935758865438402, 0.0012512432876974344, 0.0003129502001684159, 0.00013779029541183263, 1.1152244042023085e-05, 2.8863607440143824e-05, 5.391910235630348e-06, 2.1886885406274814e-06, 1.698417463558144e-06, 6.647843520113383e-07, 2.017251063080039e-06, 4.731087130949163e-07, 1.006320715646325e-07, 1.190684599805536e-07, 2.4032869916368327e-08, 1.4696383665580015e-08, 3.052573305240003e-09, 2.2401529520266195e-09, 2.1245909476164115e-09, 1.712246344709456e-09, 1.4090478783757021e-09, 1.3375426322070894e-09, 9.805602996237894e-10, 7.032242566040736e-10, 7.023193138167017e-10, 5.217596910078726e-10, 5.756449761307181e-10, 4.59714710743242e-10, 4.421735477766475e-10], "lowlevel.melbands128.mean": [3.5861100400325086e-07, 5.198670578465681e-07, 1.594541572558228e-06, 5.386171778809512e-06, 2.4375169232371263e-05, 6.267688877414912e-05, 9.262754610972479e-05, 0.00010698654659790918, 0.00019301418797113, 0.0004923908272758126, 0.0009343794663436711, 0.0008335362654179335, 0.0008784104138612747, 0.0004350253730081022, 0.0002582184097263962, 0.0005221447790972888, 0.00040733389323577285, 0.0004963230458088219, 0.000825132941827178, 0.0014683621702715755, 0.0010535381734371185, 0.0016152393072843552, 0.001747875357978046, 0.00011361317592673004, 4.097928467672318e-05, 5.089757905807346e-05, 0.00011871124297613278, 0.00010604166891425848, 7.710486534051597e-05, 0.0005581600125879049, 0.00024601013865321875, 0.0003307694860268384, 0.000460999202914536, 0.00022183959663379937, 5.501769919646904e-05, 9.961733303498477e-05, 0.0001014964873320423, 9.841031896939967e-06, 1.4541396922140848e-05, 7.952728992677294e-06, 3.041255467906012e-06, 1.3234182915766723e-05, 7.330818334594369e-06, 6.894289072079118e-06, 4.212162991734658e-07, 1.4828053735982394e-06, 3.2417415241070557e-06, 1.3825844007442356e-06, 5.424449227575678e-07, 1.2694622455455828e-06, 1.242789949174039e-06, 4.291545394607965e-07, 3.4767222700793354e-07, 1.939336300438299e-07, 5.490456373991037e-07, 5.111000405122468e-07, 2.0707200576453033e-07, 2.898564162023831e-07, 8.632154901988542e-08, 2.7793966239642032e-08, 2.7876620123379325e-08, 5.7851686108278955e-08, 4.499262118429215e-08, 2.7142732506035827e-08, 3.8185512529764765e-09, 3.6493827959560576e-09, 1.0349094914374746e-08, 4.625480443110064e-09, 2.060845494256114e-09, 2.916895058824309e-10, 7.760211917506865e-10, 5.150475046455938e-10, 3.812973270456155e-10, 1.5499902750182315e-10, 1.4473545972837343e-10, 2.6957303056462933e-10, 2.93907009840666e-10, 1.1540739197624106e-10, 9.864097039180564e-11, 8.9215253240571e-11, 1.4405020232199917e-10, 9.181552046433339e-11, 6.229221999332069e-11, 5.5680144522840536e-11, 5.6106112811260545e-11, 4.625737293206811e-11, 4.3634804103298563e-11, 3.421225455713106e-11, 3.0628829333911867e-11, 3.10401877812172e-11, 3.997478736916804e-11, 2.410101805627729e-11, 2.925926514962818e-11, 2.1603932184866004e-11, 2.4719108704385206e-11, 2.668736585886844e-11, 2.14921292568393e-11, 2.7146609613004635e-11, 2.147477334846215e-11, 1.6192238522227953e-11, 1.726167993265637e-11, 1.9545453797120693e-11, 2.289791099785443e-11, 1.9011134680391173e-11, 1.2632314465299554e-11, 1.5372286776837996e-11, 1.2578309921407183e-11, 1.6882394787698374e-11, 1.3262871703667578e-11, 1.3848026891860599e-11, 1.3725220612825773e-11, 1.2206673172254767e-11, 1.333173502149343e-11, 1.3830472357645451e-11, 1.1256100218570708e-11, 1.4753465810146693e-11, 7.345503545697074e-12, 4.469564475473309e-12, 4.371069912273429e-12, 4.265948271714448e-12, 4.155845806375069e-12, 4.09175471283163e-12, 4.056473039415476e-12, 3.966334205518507e-12, 3.659216592927228e-12, 3.1734450137155257e-12, 2.904200100892207e-12, 2.8545915631283947e-12], "lowlevel.melbands128.stdev": [6.211187724147749e-07, 8.853108965922729e-07, 3.0318185508804163e-06, 1.830592555052135e-05, 8.964739390648901e-05, 0.00020128456526435912, 0.0002443393168505281, 0.00020672402752097696, 0.0003878916322719306, 0.0009179585031233728, 0.001382633694447577, 0.0011587184853851795, 0.0015852354699745774, 0.000914399279281497, 0.0006116718868725002, 0.0009483066387474537, 0.0005619265721179545, 0.0006864331080578268, 0.0012668340932577848, 0.0026130732148885727, 0.0022795789409428835, 0.0019285185262560844, 0.002281349617987871, 0.0003781086124945432, 0.00017736207519192249, 9.471951489103958e-05, 0.0002231736871181056, 0.0002845358685590327, 0.00015542541223112494, 0.0012561635812744498, 0.0004516886256169528, 0.0015589498216286302, 0.0021675636526197195, 0.0012194232549518347, 0.0001530132576590404, 0.000419075891841203, 0.0005385075346566737, 3.75149174942635e-05, 3.2938965887296945e-05, 1.4838431525276974e-05, 6.126065272837877e-06, 3.319973257021047e-05, 2.9826509489794262e-05, 5.2017920097569004e-05, 1.3124887345838943e-06, 3.2485697829542914e-06, 7.370454568444984e-06, 3.4057443372148555e-06, 1.2235562962814583e-06, 3.5372652291698614e-06, 3.0427847832470434e-06, 1.1482761692604981e-06, 1.2078240843038657e-06, 4.915349904877075e-07, 1.7076764606827055e-06, 4.0398545024800114e-06, 1.5469072423002217e-06, 1.0462701993674273e-06, 2.2826961298960669e-07, 8.827892372664792e-08, 8.24953403366635e-08, 2.313859823743769e-07, 2.546260589042504e-07, 1.0237062042506295e-07, 3.49936151167185e-08, 2.261197806774362e-08, 5.4640700852814916e-08, 2.18757900682931e-08, 1.336754174019461e-08, 2.6564883626178926e-09, 3.868384279570591e-09, 3.862209219107626e-09, 3.426450012611326e-09, 1.960368312126093e-09, 1.8522879896565314e-09, 2.687500888498562e-09, 2.15098583389306e-09, 1.486206824274916e-09, 1.9820254326674558e-09, 1.7157721909910606e-09, 1.2890265521647848e-09, 1.4739764964133428e-09, 1.3567538204029006e-09, 1.3227403616866695e-09, 1.3867934578470908e-09, 9.94150761712831e-10, 9.493301700302936e-10, 7.029760107357674e-10, 6.107290229095952e-10, 6.652827178044163e-10, 1.0390449611819008e-09, 4.49487919107483e-10, 6.821061493411662e-10, 4.0606823459299335e-10, 5.503518751837078e-10, 6.410336150786122e-10, 4.5904294254661693e-10, 7.01999181007551e-10, 4.903938921607676e-10, 3.0284050267503915e-10, 3.6093328326103347e-10, 4.5309117568947954e-10, 5.941564462652593e-10, 4.6230017036741344e-10, 2.284883116043801e-10, 3.4193811671023866e-10, 2.451674974146556e-10, 4.2023665103307906e-10, 2.8349372849234555e-10, 3.1688118795614173e-10, 3.121404801298411e-10, 2.640685725641134e-10, 3.117547608955107e-10, 3.437066187217397e-10, 2.4410010124320536e-10, 3.8366687604707295e-10, 9.791299715455892e-11, 5.9039361940960156e-12, 5.711736639213427e-12, 5.561262388098509e-12, 5.429154088104626e-12, 5.317288710032786e-12, 5.2132746904132166e-12, 5.131091732057946e-12, 5.049336816720373e-12, 4.983909118738694e-12, 4.937490954287638e-12, 4.910556770237884e-12], "lowlevel.mfcc.mean": [-878.689453125, 309.14727783203125, -22.277780532836914, -65.16999053955078, -12.836669921875, -29.33969497680664, -28.291961669921875, -8.06558895111084, -16.146421432495117, -20.005664825439453, -8.188455581665039, -4.37803840637207, -3.4330458641052246], "lowlevel.spectral_contrast_coeffs.mean": [-0.5229843258857727, -0.5994591116905212, -0.6315939426422119, -0.7247681021690369, -0.7192060947418213, -0.9267235994338989], "lowlevel.spectral_contrast_coeffs.stdev": [0.09186030179262161, 0.07311400771141052, 0.0665820762515068, 0.03856934234499931, 0.043585214763879776, 0.038836125284433365], "lowlevel.spectral_contrast_valleys.mean": [-8.74551010131836, -6.94620943069458, -8.112624168395996, -9.868618965148926, -12.4998779296875, -14.415432929992676], "lowlevel.spectral_contrast_valleys.stdev": [0.7757710218429565, 0.7555593252182007, 0.7182039618492126, 0.652916431427002, 0.6674626469612122, 0.9447575807571411], "rhythm.beats_loudness_band_ratio.mean": [0.026174109429121017, 0.24206964671611786, 0.5684806704521179, 0.19563068449497223, 0.002257026033475995, 1.334244734607637e-05], "rhythm.beats_loudness_band_ratio.stdev": [0.030689364299178123, 0.157516747713089, 0.16951671242713928, 0.18967057764530182, 0.002018817700445652, 2.6919995434582233e-05], "tonal.hpcp.mean": [0.29684871435165405, 0.1534920632839203, 0.07485584914684296, 0.13495971262454987, 0.06565093249082565, 0.14199453592300415, 0.27805769443511963, 0.14584241807460785, 0.12610317766666412, 0.2318580001592636, 0.11452894657850266, 0.013147271238267422, 0.02529781311750412, 0.015731768682599068, 0.31280040740966797, 0.5666007399559021, 0.25731778144836426, 0.007614925503730774, 0.013974918983876705, 0.008539943024516106, 0.036158520728349686, 0.062314268201589584, 0.0278830174356699, 0.0022740706335753202, 0.0034913411363959312, 0.002279136562719941, 0.03848591446876526, 0.06703916937112808, 0.030760645866394043, 0.08336424827575684, 0.13523180782794952, 0.05375847965478897, 0.0007491494761779904, 0.0007811372051946819, 0.002259601838886738, 0.1488642692565918], "tonal.hpcp.stdev": [0.3715851604938507, 0.19608508050441742, 0.16842685639858246, 0.2935844659805298, 0.1438734233379364, 0.21223576366901398, 0.4074552059173584, 0.21780681610107422, 0.2036954164505005, 0.3756411075592041, 0.19441193342208862, 0.04388568550348282, 0.07430128753185272, 0.04078333079814911, 0.2386491894721985, 0.41855600476264954, 0.19660824537277222, 0.04266774281859398, 0.09343603253364563, 0.05486766993999481, 0.09970303624868393, 0.16771124303340912, 0.07686110585927963, 0.006277826149016619, 0.010044426657259464, 0.007976673543453217, 0.08477604389190674, 0.13939036428928375, 0.06264329701662064, 0.14187142252922058, 0.2209886610507965, 0.08789524435997009, 0.0037073756102472544, 0.004166061989963055, 0.014778857119381428, 0.19171865284442902], "rhythm.beats_position": [0.39473921060562134, 0.8010883927345276, 1.2074376344680786, 1.590566873550415, 1.9620860815048218, 2.321995496749878, 2.693514585494995, 3.0650339126586914, 3.4365532398223877, 3.8312923908233643, 4.21442174911499, 4.6207709312438965, 5.027120113372803, 5.41024923324585, 5.816598415374756, 6.222947597503662, 6.640906810760498, 7.070476055145264, 7.47682523727417, 7.859954357147217, 8.266304016113281, 8.661043167114258, 9.055782318115234, 9.450521469116211, 9.822040557861328, 10.181949615478516, 10.54185962677002, 10.901768684387207, 11.261677742004395, 11.633196830749512, 12.004715919494629, 12.353015899658203, 12.701314926147461, 13.049613952636719, 13.397913932800293, 13.78104305267334, 14.140952110290527, 14.489251136779785, 14.83755111694336, 15.185850143432617, 15.522539138793945, 15.85922908782959, 16.1959171295166, 16.532608032226562, 16.88090705871582, 17.252426147460938, 17.612335205078125, 17.995464324951172, 18.36698341369629, 18.726892471313477, 19.075191497802734, 19.411882400512695, 19.760181427001953, 20.10848045349121, 20.45677947998047, 20.805078506469727, 21.153377532958984, 21.501678466796875, 21.849977493286133, 22.19827651977539, 22.54657554626465, 22.894874572753906, 23.254783630371094, 23.60308265686035, 23.939773559570312, 24.28807258605957, 24.6247615814209, 24.961450576782227, 25.309749603271484, 25.658048629760742, 25.994739532470703, 26.33142852783203, 26.66811752319336, 27.004806518554688, 27.341495513916016, 27.678184509277344, 28.026485443115234, 28.374784469604492, 28.72308349609375, 29.059772491455078, 29.396461486816406, 29.733150482177734, 30.069841384887695, 30.418140411376953, 30.75482940673828, 31.09151840209961, 31.439817428588867, 31.788116455078125, 32.136417388916016, 32.48471450805664, 32.83301544189453, 33.18131637573242, 33.52961349487305, 33.87791442871094, 34.214603424072266, 34.551292419433594, 34.88798141479492, 35.22467041015625, 35.56135940551758, 35.898048400878906, 36.2463493347168, 36.59464645385742, 36.93133544921875, 37.244808197021484, 37.56988525390625, 37.89496612548828, 38.23165512084961, 38.56834411621094, 38.91664505004883, 39.26494216918945, 39.613243103027344], "rhythm.bpm_histogram": [0.0, 0.0, 0.0, 0.0, 0.0, 0.0, 0.0, 0.0, 0.0, 0.0, 0.0, 0.0, 0.0, 0.0, 0.0, 0.0, 0.0, 0.0, 0.0, 0.0, 0.0, 0.0, 0.0, 0.0, 0.0, 0.0, 0.0, 0.0, 0.0, 0.0, 0.0, 0.0, 0.0, 0.0, 0.0, 0.0, 0.0, 0.0, 0.0, 0.0, 0.0, 0.0, 0.0, 0.0, 0.0, 0.0, 0.0, 0.0, 0.0, 0.0, 0.0, 0.0, 0.0, 0.0, 0.0, 0.0, 0.0, 0.0, 0.0, 0.0, 0.0, 0.0, 0.0, 0.0, 0.0, 0.0, 0.0, 0.0, 0.0, 0.0, 0.0, 0.0, 0.0, 0.0, 0.0, 0.0, 0.0, 0.0, 0.0, 0.0, 0.0, 0.0, 0.0, 0.0, 0.0, 0.0, 0.0, 0.0, 0.0, 0.0, 0.0, 0.0, 0.0, 0.0, 0.0, 0.0, 0.0, 0.0, 0.0, 0.0, 0.0, 0.0, 0.0, 0.0, 0.0, 0.0, 0.0, 0.0, 0.0, 0.0, 0.0, 0.0, 0.0, 0.0, 0.0, 0.0, 0.0, 0.0, 0.0, 0.0, 0.0, 0.0, 0.0, 0.0, 0.0, 0.0, 0.0, 0.0, 0.0, 0.0, 0.0, 0.0, 0.0, 0.0, 0.0, 0.0, 0.0, 0.0, 0.0, 0.0, 0.00909090880304575, 0.0, 0.0, 0.0, 0.00909090880304575, 0.0, 0.0, 0.0, 0.072727270424366, 0.0, 0.0, 0.0, 0.036363635212183, 0.0, 0.0, 0.0, 0.0, 0.05454545468091965, 0.0, 0.0, 0.0, 0.08181817829608917, 0.0, 0.0, 0.0, 0.0, 0.0, 0.08181817829608917, 0.0, 0.0, 0.0, 0.0, 0.3636363744735718, 0.0, 0.0, 0.0, 0.0, 0.0, 0.26363635063171387, 0.0, 0.0, 0.0, 0.0, 0.0, 0.0, 0.0181818176060915, 0.0, 0.0, 0.0, 0.0, 0.0, 0.00909090880304575, 0.0, 0.0, 0.0, 0.0, 0.0, 0.0, 0.0, 0.0, 0.0, 0.0, 0.0, 0.0, 0.0, 0.0, 0.0, 0.0, 0.0, 0.0, 0.0, 0.0, 0.0, 0.0, 0.0, 0.0, 0.0, 0.0, 0.0, 0.0, 0.0, 0.0, 0.0, 0.0, 0.0, 0.0, 0.0, 0.0, 0.0, 0.0, 0.0, 0.0, 0.0, 0.0, 0.0, 0.0, 0.0, 0.0, 0.0, 0.0, 0.0, 0.0, 0.0, 0.0, 0.0, 0.0, 0.0, 0.0, 0.0, 0.0], "tonal.chords_histogram": [34.72222137451172, 4.745370388031006, 27.314815521240234, 0.0, 0.0, 0.0, 0.0, 0.0, 0.0, 0.0, 0.0, 0.0, 0.0, 0.0, 0.0, 0.0, 0.0, 18.40277862548828, 0.0, 4.0509257316589355, 0.46296295523643494, 2.430555582046509, 2.8935184478759766, 4.976851940155029], "tonal.thpcp": [1.0, 0.45414304733276367, 0.013439667411148548, 0.024664491415023804, 0.015072241425514221, 0.06381657719612122, 0.10997915267944336, 0.0492110513150692, 0.004013532772660255, 0.006161907222121954, 0.004022473469376564, 0.06792422384023666, 0.11831818521022797, 0.054289810359478, 0.14713048934936523, 0.238672137260437, 0.09487894177436829, 0.001322182361036539, 0.0013786378549411893, 0.003987996838986874, 0.26273220777511597, 0.5239115953445435, 0.27089986205101013, 0.13211393356323242, 0.23819191753864288, 0.11586806923151016, 0.25060775876045227, 0.4907471537590027, 0.25739893317222595, 0.22256091237068176, 0.4092087745666504, 0.2021334171295166, 0.023203765973448753, 0.044648393988609314, 0.027765175327658653, 0.5520649552345276], "lowlevel.gfcc.cov": [[2613.1220703125, 227.8315887451172, -269.910400390625, 69.97625732421875, 115.9652328491211, -88.31256866455078, 54.67044448852539, -30.832509994506836, -50.4107666015625, 13.064231872558594, -3.489098072052002, -71.28804016113281, -13.762804985046387], [227.8315887451172, 463.3916320800781, 285.5948486328125, -49.4600830078125, 94.58981323242188, 14.24833869934082, -124.64706420898438, -87.66839599609375, -7.688106536865234, -50.272300720214844, -29.832151412963867, -51.46696472167969, -41.042381286621094], [-269.910400390625, 285.5948486328125, 542.9135131835938, 40.22568893432617, -29.591896057128906, 97.52715301513672, -152.5956268310547, -147.07582092285156, 16.210729598999023, -29.68904685974121, -78.2143783569336, -55.15724563598633, -45.431556701660156], [69.97625732421875, -49.4600830078125, 40.22568893432617, 236.42784118652344, 60.0482063293457, -1.6263303756713867, 31.59602165222168, 7.605075359344482, -17.848459243774414, 8.954787254333496, -25.292884826660156, -32.3377571105957, -34.892574310302734], [115.9652328491211, 94.58981323242188, -29.591896057128906, 60.0482063293457, 153.83914184570312, -2.7177486419677734, 6.732378959655762, 37.936439514160156, -8.604806900024414, -5.6789045333862305, 19.197744369506836, -17.908681869506836, -27.45000457763672], [-88.31256866455078, 14.24833869934082, 97.52715301513672, -1.6263303756713867, -2.7177486419677734, 109.70081329345703, 20.629098892211914, -17.970489501953125, 23.087480545043945, 8.030693054199219, -18.21122932434082, 4.294136047363281, 0.687126100063324], [54.67044448852539, -124.64706420898438, -152.5956268310547, 31.59602165222168, 6.732378959655762, 20.629098892211914, 156.11326599121094, 98.90447998046875, -1.5900529623031616, 13.521435737609863, 17.541988372802734, 18.885942459106445, 13.241612434387207], [-30.832509994506836, -87.66839599609375, -147.07582092285156, 7.605075359344482, 37.936439514160156, -17.970489501953125, 98.90447998046875, 131.4781951904297, 30.249513626098633, 10.236618995666504, 37.49213409423828, 25.2137451171875, -1.8416118621826172], [-50.4107666015625, -7.688106536865234, 16.210729598999023, -17.848459243774414, -8.604806900024414, 23.087480545043945, -1.5900529623031616, 30.249513626098633, 78.7737808227539, 42.94331359863281, 0.0607304573059082, 2.9279732704162598, 7.107532978057861], [13.064231872558594, -50.272300720214844, -29.68904685974121, 8.954787254333496, -5.6789045333862305, 8.030693054199219, 13.521435737609863, 10.236618995666504, 42.94331359863281, 68.28705596923828, 24.133255004882812, -5.556175708770752, 6.307956695556641], [-3.489098072052002, -29.832151412963867, -78.2143783569336, -25.292884826660156, 19.197744369506836, -18.21122932434082, 17.541988372802734, 37.49213409423828, 0.0607304573059082, 24.133255004882812, 74.93315124511719, 37.53250503540039, -6.808639049530029], [-71.28804016113281, -51.46696472167969, -55.15724563598633, -32.3377571105957, -17.908681869506836, 4.294136047363281, 18.885942459106445, 25.2137451171875, 2.9279732704162598, -5.556175708770752, 37.53250503540039, 65.99868774414062, 28.600374221801758], [-13.762804985046387, -41.042381286621094, -45.431556701660156, -34.892574310302734, -27.45000457763672, 0.687126100063324, 13.241612434387207, -1.8416118621826172, 7.107532978057861, 6.307956695556641, -6.808639049530029, 28.600374221801758, 67.34274291992188]], "lowlevel.gfcc.icov": [[0.0006242052186280489, -0.0010028735268861055, 0.001118827611207962, -0.0007355123525485396, 0.0004330099909566343, 0.00011096581147285178, -0.000961377692874521, 0.001682213624008, -0.001235649804584682, 0.0008582175360061228, -0.0008823162061162293, 0.0008887058938853443, -0.00011613962124101818], [-0.0010028735268861055, 0.011272766627371311, -0.00758318230509758, 0.0059336526319384575, -0.011437791399657726, 0.00836813636124134, -0.008947345428168774, 0.012808599509298801, -0.012920360080897808, 0.013526573777198792, -0.0074876295402646065, 0.004524620715528727, -0.0005961704882793128], [0.001118827611207962, -0.00758318230509758, 0.011095056310296059, -0.007278496399521828, 0.009972523897886276, -0.010938865132629871, 0.008385992608964443, -0.00306488573551178, 0.00016215759387705475, 0.0026198786217719316, -0.0034362487494945526, 0.005952809005975723, -0.0013733776286244392], [-0.0007355123525485396, 0.0059336526319384575, -0.007278496399521828, 0.013835725374519825, -0.012311642058193684, 0.00978234875947237, -0.006199019029736519, 0.0012145288055762649, 0.00860110018402338, -0.01671696826815605, 0.02057584933936596, -0.016692543402314186, 0.011686015874147415], [0.0004330099909566343, -0.011437791399657726, 0.009972523897886276, -0.012311642058193684, 0.02674066461622715, -0.019054485484957695, 0.019721437245607376, -0.023775150999426842, 0.013238717801868916, -0.0012036110274493694, -0.010152755305171013, 0.014532551169395447, -0.008450227789580822], [0.00011096581147285178, 0.00836813636124134, -0.010938865132629871, 0.00978234875947237, -0.019054485484957695, 0.03509572893381119, -0.03169320523738861, 0.03356626629829407, -0.024853724986314774, 0.007153423968702555, 0.005406884476542473, -0.014903330244123936, 0.010665453970432281], [-0.000961377692874521, -0.008947345428168774, 0.008385992608964443, -0.006199019029736519, 0.019721437245607376, -0.03169320523738861, 0.05621040239930153, -0.064997598528862, 0.058044590055942535, -0.04504239559173584, 0.028513852506875992, -0.009271977469325066, -0.0027583439368754625], [0.001682213624008, 0.012808599509298801, -0.00306488573551178, 0.0012145288055762649, -0.023775150999426842, 0.03356626629829407, -0.064997598528862, 0.10014606267213821, -0.09443961828947067, 0.08213134855031967, -0.05855822563171387, 0.027260927483439445, -0.003026739927008748], [-0.001235649804584682, -0.012920360080897808, 0.00016215759387705475, 0.00860110018402338, 0.013238717801868916, -0.024853724986314774, 0.058044590055942535, -0.09443961828947067, 0.1265275925397873, -0.12397266924381256, 0.09514187276363373, -0.06224758177995682, 0.022407086566090584], [0.0008582175360061228, 0.013526573777198792, 0.0026198786217719316, -0.01671696826815605, -0.0012036110274493694, 0.007153423968702555, -0.04504239559173584, 0.08213134855031967, -0.12397266924381256, 0.16021442413330078, -0.13157205283641815, 0.09972918033599854, -0.04551595821976662], [-0.0008823162061162293, -0.0074876295402646065, -0.0034362487494945526, 0.02057584933936596, -0.010152755305171013, 0.005406884476542473, 0.028513852506875992, -0.05855822563171387, 0.09514187276363373, -0.13157205283641815, 0.14155365526676178, -0.10795162618160248, 0.05463883653283119], [0.0008887058938853443, 0.004524620715528727, 0.005952809005975723, -0.016692543402314186, 0.014532551169395447, -0.014903330244123936, -0.009271977469325066, 0.027260927483439445, -0.06224758177995682, 0.09972918033599854, -0.10795162618160248, 0.10914117842912674, -0.053087711334228516], [-0.00011613962124101818, -0.0005961704882793128, -0.0013733776286244392, 0.011686015874147415, -0.008450227789580822, 0.010665453970432281, -0.0027583439368754625, -0.003026739927008748, 0.022407086566090584, -0.04551595821976662, 0.05463883653283119, -0.053087711334228516, 0.04646611213684082]], "lowlevel.mfcc.cov": [[1351.73779296875, 509.13494873046875, -538.4376220703125, 142.84439086914062, 134.4355010986328, -119.0688247680664, 111.23873138427734, 49.24636459350586, -54.709896087646484, 51.690792083740234, 22.45760154724121, -34.0352668762207, 37.695518493652344], [509.13494873046875, 506.80169677734375, 74.88057708740234, -8.723368644714355, 122.01664733886719, 64.81802368164062, -38.87303924560547, -43.69896697998047, -42.53630065917969, -38.837120056152344, -20.81739616394043, -6.881333827972412, -25.340444564819336], [-538.4376220703125, 74.88057708740234, 585.8195190429688, -24.324377059936523, 23.621334075927734, 182.52366638183594, -111.33048248291016, -98.64099884033203, 11.581510543823242, -72.87310791015625, -47.889991760253906, 18.5263671875, -61.739742279052734], [142.84439086914062, -8.723368644714355, -24.324377059936523, 195.51113891601562, 86.40048217773438, -17.25469398498535, 47.467254638671875, 18.909814834594727, -9.068230628967285, 19.024917602539062, 9.749858856201172, -2.9038445949554443, 11.232259750366211], [134.4355010986328, 122.01664733886719, 23.621334075927734, 86.40048217773438, 151.85154724121094, 47.36781692504883, -15.222237586975098, -7.615164756774902, -24.157739639282227, -6.253725528717041, 9.83324909210205, 6.654766082763672, 0.37545105814933777], [-119.0688247680664, 64.81802368164062, 182.52366638183594, -17.25469398498535, 47.36781692504883, 128.84107971191406, -21.73675537109375, -56.58075714111328, 13.312610626220703, -3.804363489151001, -19.015708923339844, 4.801151275634766, -17.688276290893555], [111.23873138427734, -38.87303924560547, -111.33048248291016, 47.467254638671875, -15.222237586975098, -21.73675537109375, 108.03434753417969, 71.61466217041016, 3.9943900108337402, 29.14105987548828, 21.123613357543945, -8.523590087890625, 19.031625747680664], [49.24636459350586, -43.69896697998047, -98.64099884033203, 18.909814834594727, -7.615164756774902, -56.58075714111328, 71.61466217041016, 127.58073425292969, 27.66046714782715, -2.284907341003418, 31.308170318603516, 7.262368679046631, 7.388737678527832], [-54.709896087646484, -42.53630065917969, 11.581510543823242, -9.068230628967285, -24.157739639282227, 13.312610626220703, 3.9943900108337402, 27.66046714782715, 84.24796295166016, 44.36772918701172, -1.2853593826293945, 1.744754433631897, -0.6763399243354797], [51.690792083740234, -38.837120056152344, -72.87310791015625, 19.024917602539062, -6.253725528717041, -3.804363489151001, 29.14105987548828, -2.284907341003418, 44.36772918701172, 101.5451889038086, 36.99441909790039, -10.415241241455078, 17.634479522705078], [22.45760154724121, -20.81739616394043, -47.889991760253906, 9.749858856201172, 9.83324909210205, -19.015708923339844, 21.123613357543945, 31.308170318603516, -1.2853593826293945, 36.99441909790039, 77.28392028808594, 34.87174987792969, 3.213042736053467], [-34.0352668762207, -6.881333827972412, 18.5263671875, -2.9038445949554443, 6.654766082763672, 4.801151275634766, -8.523590087890625, 7.262368679046631, 1.744754433631897, -10.415241241455078, 34.87174987792969, 68.10968017578125, 24.98420524597168], [37.695518493652344, -25.340444564819336, -61.739742279052734, 11.232259750366211, 0.37545105814933777, -17.688276290893555, 19.031625747680664, 7.388737678527832, -0.6763399243354797, 17.634479522705078, 3.213042736053467, 24.98420524597168, 65.17585754394531]], "lowlevel.mfcc.icov": [[0.019226862117648125, -0.02869785949587822, 0.03666697070002556, -0.04791824519634247, 0.058421164751052856, -0.0669858306646347, 0.07018265128135681, -0.06806435436010361, 0.05937869846820831, -0.046217311173677444, 0.030511369928717613, -0.017273645848035812, 0.007659132592380047], [-0.02869785949587822, 0.0478409044444561, -0.06254421174526215, 0.08892028033733368, -0.11576155573129654, 0.13322648406028748, -0.14364437758922577, 0.1409958153963089, -0.12218684703111649, 0.09563479572534561, -0.062065329402685165, 0.034889522939920425, -0.014046804048120975], [0.03666697070002556, -0.06254421174526215, 0.10240169614553452, -0.15110613405704498, 0.20651553571224213, -0.25410497188568115, 0.2766982614994049, -0.2736591100692749, 0.23991094529628754, -0.18659807741641998, 0.1256662756204605, -0.07141993939876556, 0.03175441548228264], [-0.04791824519634247, 0.08892028033733368, -0.15110613405704498, 0.2488967627286911, -0.3457263708114624, 0.42132702469825745, -0.4703284204006195, 0.4693969488143921, -0.41236624121665955, 0.322825163602829, -0.21465808153152466, 0.12025297433137894, -0.050426680594682693], [0.058421164751052856, -0.11576155573129654, 0.20651553571224213, -0.3457263708114624, 0.5026500225067139, -0.6133095622062683, 0.687825620174408, -0.6950711607933044, 0.615435004234314, -0.485245019197464, 0.3241540789604187, -0.1832713931798935, 0.0769708901643753], [-0.0669858306646347, 0.13322648406028748, -0.25410497188568115, 0.42132702469825745, -0.6133095622062683, 0.7749243974685669, -0.8604660630226135, 0.8744908571243286, -0.7734894752502441, 0.6096956133842468, -0.4102615714073181, 0.23045919835567474, -0.09792240709066391], [0.07018265128135681, -0.14364437758922577, 0.2766982614994049, -0.4703284204006195, 0.687825620174408, -0.8604660630226135, 0.990398108959198, -1.0061856508255005, 0.8926697373390198, -0.7170069217681885, 0.48679977655410767, -0.2754662334918976, 0.11896561086177826], [-0.06806435436010361, 0.1409958153963089, -0.2736591100692749, 0.4693969488143921, -0.6950711607933044, 0.8744908571243286, -1.0061856508255005, 1.0548954010009766, -0.9452438950538635, 0.7751869559288025, -0.5433483719825745, 0.31649282574653625, -0.14447149634361267], [0.05937869846820831, -0.12218684703111649, 0.23991094529628754, -0.41236624121665955, 0.615435004234314, -0.7734894752502441, 0.8926697373390198, -0.9452438950538635, 0.874155580997467, -0.7227622866630554, 0.5146724581718445, -0.30905264616012573, 0.14723609387874603], [-0.046217311173677444, 0.09563479572534561, -0.18659807741641998, 0.322825163602829, -0.485245019197464, 0.6096956133842468, -0.7170069217681885, 0.7751869559288025, -0.7227622866630554, 0.6291884779930115, -0.45966294407844543, 0.2857974171638489, -0.14336450397968292], [0.030511369928717613, -0.062065329402685165, 0.1256662756204605, -0.21465808153152466, 0.3241540789604187, -0.4102615714073181, 0.48679977655410767, -0.5433483719825745, 0.5146724581718445, -0.45966294407844543, 0.36626294255256653, -0.23394350707530975, 0.12183071672916412], [-0.017273645848035812, 0.034889522939920425, -0.07141993939876556, 0.12025297433137894, -0.1832713931798935, 0.23045919835567474, -0.2754662334918976, 0.31649282574653625, -0.30905264616012573, 0.2857974171638489, -0.23394350707530975, 0.172