{"song_id": "1183702455125549056", "download": "https://cdn.discordapp.com/attachments/1128313332273782784/1183702455125549056/chirp.mp4?ex=65894bd1&amp", "lyrics": "\u5728\u57ce\u9547\u7684\u8fb9\u7f18\uff0c\u706f\u706b\u901a\u660e\uff0c\nCostco\u7684\u8d27\u67b6\u4e0a\uff0c\u5947\u5f02\u7684\u5f71\u3002\n\u987e\u5ba2\u4eec\u5306\u5fd9\uff0c\u8d2d\u7269\u8f66\u6ee1\u8f7d\uff0c\n\u5374\u4e0d\u77e5\u9053\uff0c\u6709\u4e9b\u4e8b\u60c5\u4e0d\u5bf9\u52b2\u3002\n\u54e6\uff0c\u8fd9\u662f\u95f9\u9b3c\u7684Costco\uff0c\n\u8d27\u67b6\u4e0a\u98d8\u7740\u5e7d\u7075\u7684\u56de\u58f0\u3002\n\u5728\u90a3\u51b7\u51bb\u98df\u54c1\u65c1\uff0c\n\u4f60\u80fd\u542c\u89c1\u5e7d\u7075\u7684\u7b11\u58f0\u3002", "style": ["Shanson"], "essentia_features": {"lowlevel.average_loudness": 0.7708443999290466, "lowlevel.barkbands_crest.mean": 12.971367835998535, "lowlevel.barkbands_crest.stdev": 4.104745864868164, "lowlevel.barkbands_flatness_db.mean": 0.2940877079963684, "lowlevel.barkbands_flatness_db.stdev": 0.11033056676387787, "lowlevel.barkbands_kurtosis.mean": 42.026363372802734, "lowlevel.barkbands_kurtosis.stdev": 39.72737121582031, "lowlevel.barkbands_skewness.mean": 3.910431146621704, "lowlevel.barkbands_skewness.stdev": 2.9036829471588135, "lowlevel.barkbands_spread.mean": 8.086363792419434, "lowlevel.barkbands_spread.stdev": 11.133484840393066, "lowlevel.dissonance.mean": 0.4605849087238312, "lowlevel.dissonance.stdev": 0.04022245109081268, "lowlevel.dynamic_complexity": 12.829516410827637, "lowlevel.erbbands_crest.mean": 15.006885528564453, "lowlevel.erbbands_crest.stdev": 6.9030656814575195, "lowlevel.erbbands_flatness_db.mean": 0.2067192941904068, "lowlevel.erbbands_flatness_db.stdev": 0.06357830762863159, "lowlevel.erbbands_kurtosis.mean": 4.960355281829834, "lowlevel.erbbands_kurtosis.stdev": 8.775919914245605, "lowlevel.erbbands_skewness.mean": 1.4777276515960693, "lowlevel.erbbands_skewness.stdev": 1.6033430099487305, "lowlevel.erbbands_spread.mean": 39.1025505065918, "lowlevel.erbbands_spread.stdev": 26.259056091308594, "lowlevel.hfc.mean": 8.089734077453613, "lowlevel.hfc.stdev": 14.793070793151855, "lowlevel.loudness_ebu128.integrated": -16.245698928833008, "lowlevel.loudness_ebu128.loudness_range": 7.542534828186035, "lowlevel.loudness_ebu128.momentary.mean": -35.98125457763672, "lowlevel.loudness_ebu128.momentary.stdev": 66.63805389404297, "lowlevel.loudness_ebu128.short_term.mean": -17.713193893432617, "lowlevel.loudness_ebu128.short_term.stdev": 2.845538377761841, "lowlevel.melbands_crest.mean": 18.45516014099121, "lowlevel.melbands_crest.stdev": 6.479584693908691, "lowlevel.melbands_flatness_db.mean": 0.3678247332572937, "lowlevel.melbands_flatness_db.stdev": 0.1521175354719162, "lowlevel.melbands_kurtosis.mean": 90.50953674316406, "lowlevel.melbands_kurtosis.stdev": 78.21865844726562, "lowlevel.melbands_skewness.mean": 5.5586066246032715, "lowlevel.melbands_skewness.stdev": 3.61796498298645, "lowlevel.melbands_spread.mean": 16.61800765991211, "lowlevel.melbands_spread.stdev": 36.9688835144043, "lowlevel.pitch_salience.mean": 0.42833831906318665, "lowlevel.pitch_salience.stdev": 0.1664627492427826, "lowlevel.silence_rate_20dB.mean": 1.0, "lowlevel.silence_rate_20dB.stdev": 0.0, "lowlevel.silence_rate_30dB.mean": 0.9205607771873474, "lowlevel.silence_rate_30dB.stdev": 0.2704223394393921, "lowlevel.silence_rate_60dB.mean": 0.30173563957214355, "lowlevel.silence_rate_60dB.stdev": 0.4590088129043579, "lowlevel.spectral_centroid.mean": 1271.303466796875, "lowlevel.spectral_centroid.stdev": 2743.969970703125, "lowlevel.spectral_complexity.mean": 3.680907964706421, "lowlevel.spectral_complexity.stdev": 4.659682273864746, "lowlevel.spectral_decrease.mean": -8.921934302463796e-09, "lowlevel.spectral_decrease.stdev": 1.2469773658096983e-08, "lowlevel.spectral_energy.mean": 0.03440720587968826, "lowlevel.spectral_energy.stdev": 0.04798303171992302, "lowlevel.spectral_energyband_high.mean": 0.00017414652393199503, "lowlevel.spectral_energyband_high.stdev": 0.0006944359629414976, "lowlevel.spectral_energyband_low.mean": 0.02715703658759594, "lowlevel.spectral_energyband_low.stdev": 0.04082845151424408, "lowlevel.spectral_energyband_middle_high.mean": 0.0008068656316027045, "lowlevel.spectral_energyband_middle_high.stdev": 0.0037238458171486855, "lowlevel.spectral_energyband_middle_low.mean": 0.011277483776211739, "lowlevel.spectral_energyband_middle_low.stdev": 0.020218754187226295, "lowlevel.spectral_entropy.mean": 6.837988376617432, "lowlevel.spectral_entropy.stdev": 1.1618326902389526, "lowlevel.spectral_flux.mean": 0.06665962189435959, "lowlevel.spectral_flux.stdev": 0.07675039768218994, "lowlevel.spectral_kurtosis.mean": 9.885778427124023, "lowlevel.spectral_kurtosis.stdev": 17.598079681396484, "lowlevel.spectral_rms.mean": 0.004477172624319792, "lowlevel.spectral_rms.stdev": 0.003677351400256157, "lowlevel.spectral_rolloff.mean": 1779.1063232421875, "lowlevel.spectral_rolloff.stdev": 4856.58544921875, "lowlevel.spectral_skewness.mean": 1.9957034587860107, "lowlevel.spectral_skewness.stdev": 1.439074993133545, "lowlevel.spectral_spread.mean": 6303743.5, "lowlevel.spectral_spread.stdev": 9489962.0, "lowlevel.spectral_strongpeak.mean": 0.679500937461853, "lowlevel.spectral_strongpeak.stdev": 1.225985050201416, "lowlevel.zerocrossingrate.mean": 0.05777658149600029, "lowlevel.zerocrossingrate.stdev": 0.13215018808841705, "metadata.audio_properties.analysis.equal_loudness": 0.0, "metadata.audio_properties.analysis.length": 34.75199508666992, "metadata.audio_properties.analysis.sample_rate": 44100.0, "metadata.audio_properties.analysis.start_time": 0.0, "metadata.audio_properties.bit_rate": 99959.0, "metadata.audio_properties.length": 34.75199890136719, "metadata.audio_properties.lossless": 0.0, "metadata.audio_properties.number_channels": 1.0, "metadata.audio_properties.replay_gain": -10.377988815307617, "metadata.audio_properties.sample_rate": 48000.0, "rhythm.beats_count": 65.0, "rhythm.beats_loudness.mean": 0.09228625893592834, "rhythm.beats_loudness.stdev": 0.0626644566655159, "rhythm.bpm": 112.49742126464844, "rhythm.bpm_histogram_first_peak_bpm": 112.0, "rhythm.bpm_histogram_first_peak_weight": 0.4406779408454895, "rhythm.bpm_histogram_second_peak_bpm": 117.0, "rhythm.bpm_histogram_second_peak_spread": 0.19999998807907104, "rhythm.bpm_histogram_second_peak_weight": 0.0625, "rhythm.danceability": 1.1697007417678833, "rhythm.onset_rate": 1.75429105758667, "tonal.chords_changes_rate": 0.04533333331346512, "tonal.chords_number_rate": 0.009333333000540733, "tonal.chords_strength.mean": 0.5837618708610535, "tonal.chords_strength.stdev": 0.11288351565599442, "tonal.hpcp_crest.mean": 11.12459659576416, "tonal.hpcp_crest.stdev": 6.482807159423828, "tonal.hpcp_entropy.mean": 2.1803619861602783, "tonal.hpcp_entropy.stdev": 0.959240734577179, "tonal.key_edma.strength": 0.604340672492981, "tonal.key_krumhansl.strength": 0.5875402092933655, "tonal.key_temperley.strength": 0.5784268379211426, "tonal.tuning_diatonic_strength": 0.5532240271568298, "tonal.tuning_equal_tempered_deviation": 0.19853165745735168, "tonal.tuning_frequency": 438.7310485839844, "tonal.tuning_nontempered_energy_ratio": 0.8229309916496277, "lowlevel.barkbands.mean": [0.0003219112113583833, 0.0093449791893363, 0.01248659286648035, 0.006207214202731848, 0.0013138686772435904, 0.00010343315079808235, 0.000864064902998507, 0.0021502687595784664, 0.0006295687053352594, 2.8284790460020304e-05, 2.9111224648659118e-05, 9.377905371366069e-05, 3.451707380008884e-05, 7.45888173696585e-05, 0.00032619223929941654, 0.00012865412281826138, 3.668641147669405e-05, 2.85890437226044e-05, 1.9644676285679452e-05, 1.8666487449081615e-05, 2.738003786362242e-05, 8.126287866616622e-05, 4.0789684135233983e-05, 8.375124707526993e-06, 7.511394414905226e-06, 1.2546647667477373e-06, 2.0344085527312927e-08], "lowlevel.barkbands.stdev": [0.0009154048166237772, 0.014636317268013954, 0.019054776057600975, 0.015479614958167076, 0.0031645619310438633, 0.0002888602903112769, 0.0036827048752456903, 0.007671868894249201, 0.004822901915758848, 0.0001007833780022338, 6.32985174888745e-05, 0.0004025410453323275, 0.00010744135215645656, 0.0002367259148741141, 0.002873966470360756, 0.0008380055078305304, 0.00012055467232130468, 7.979306974448264e-05, 4.640866245608777e-05, 6.819287227699533e-05, 0.00010821658361237496, 0.0003488069341983646, 0.00019067083485424519, 3.801506318268366e-05, 2.8590344300027937e-05, 6.867640422569821e-06, 2.560324787737045e-07], "lowlevel.erbbands.mean": [0.20936067402362823, 2.3519680500030518, 11.553916931152344, 23.38399314880371, 8.647662162780762, 3.6234514713287354, 1.3004000186920166, 0.7895140051841736, 2.9294638633728027, 33.677276611328125, 45.682586669921875, 18.661649703979492, 1.9326173067092896, 1.0052539110183716, 1.9585663080215454, 3.5739243030548096, 1.7283079624176025, 3.1770541667938232, 4.185847282409668, 25.565542221069336, 5.353262901306152, 2.4449713230133057, 1.8187090158462524, 1.043823003768921, 0.9551107883453369, 0.8965467810630798, 1.0888137817382812, 1.210141897201538, 2.9512760639190674, 2.562619209289551, 0.861970067024231, 0.20480161905288696, 0.15109261870384216, 0.11283395439386368, 0.03602830693125725, 0.008343605324625969, 0.0018757906509563327, 0.00024385830329265445, 2.133888119715266e-05, 3.830583955277689e-05], "lowlevel.erbbands.stdev": [0.5901807546615601, 3.1701996326446533, 15.92597770690918, 50.55997848510742, 19.571941375732422, 8.482755661010742, 3.153357744216919, 2.041889190673828, 9.520035743713379, 113.23330688476562, 169.59129333496094, 131.3242950439453, 9.71695327758789, 2.3610363006591797, 5.7205352783203125, 15.089761734008789, 4.856176376342773, 10.653749465942383, 15.231191635131836, 231.97897338867188, 22.84147071838379, 7.418914794921875, 5.276575565338135, 2.504581928253174, 2.3265483379364014, 3.123443126678467, 4.790231704711914, 4.57902717590332, 13.103166580200195, 11.383587837219238, 3.8183746337890625, 0.9717467427253723, 0.6567800045013428, 0.4472399652004242, 0.13682985305786133, 0.039488255977630615, 0.011241823434829712, 0.0018576870206743479, 4.412352427607402e-05, 5.2974231948610395e-05], "lowlevel.gfcc.mean": [-253.83226013183594, 130.5203857421875, -86.85260009765625, 65.32107543945312, -27.249359130859375, 22.683244705200195, -18.559391021728516, -2.5093605518341064, -5.791930198669434, -16.6790828704834, -12.735820770263672, -19.6761474609375, -7.576809406280518], "lowlevel.melbands.mean": [0.00217585195787251, 0.005280070938169956, 0.0033990410156548023, 0.00038416654570028186, 5.400369263952598e-05, 1.71886058524251e-05, 7.297981210285798e-05, 0.00042076793033629656, 0.0003227347624488175, 9.213791054207832e-05, 5.399202109401813e-06, 3.7750053252239013e-06, 4.730950877274154e-06, 1.2773444723279681e-05, 4.290621745894896e-06, 4.372394869278651e-06, 5.727869393012952e-06, 5.359615443012444e-06, 2.3270671590580605e-05, 2.3974187570274808e-05, 4.37329754277016e-06, 2.4467344701406546e-06, 1.7969658756555873e-06, 1.3043278386248858e-06, 7.855976491555339e-07, 7.893301585681911e-07, 6.663128147010866e-07, 5.273215606393933e-07, 6.614193921450351e-07, 6.2323618976734e-07, 7.006378268670233e-07, 1.654365291869908e-06, 1.6477944200232741e-06, 1.3360072443902027e-06, 5.51723701391893e-07, 1.8909314292159252e-07, 9.389961519445933e-08, 1.0538477823729409e-07, 1.011519685789608e-07, 9.437597725536762e-08], "lowlevel.melbands.stdev": [0.004361139610409737, 0.00691622169688344, 0.007080331910401583, 0.0008995417738333344, 0.00013375008711591363, 4.674826777772978e-05, 0.0002819849469233304, 0.0012742332182824612, 0.001186680281534791, 0.0007186798029579222, 2.9943035769974813e-05, 9.646806574892253e-06, 1.1251714568061288e-05, 5.8198482292937115e-05, 1.3711481187783647e-05, 1.3521438631869387e-05, 1.9482784409774467e-05, 1.9146367776556872e-05, 0.00020031565509270877, 0.00021564569033216685, 1.581622927915305e-05, 8.000482921488583e-06, 5.52210303794709e-06, 3.654985903267516e-06, 2.0063750980625628e-06, 1.9472702206257964e-06, 2.117586291205953e-06, 1.96985138245509e-06, 3.283491878391942e-06, 2.5069036837521708e-06, 2.681692421901971e-06, 7.488226856366964e-06, 6.9753523348481394e-06, 6.3921779656084254e-06, 2.48238234235032e-06, 9.20685693017731e-07, 4.6361293470909004e-07, 4.6718807311663113e-07, 4.4458676029535127e-07, 3.694479175919696e-07], "lowlevel.melbands128.mean": [0.0002871348988264799, 0.0015392603818327188, 0.0024682555813342333, 0.004301480948925018, 0.005161563400179148, 0.006647414527833462, 0.005614155437797308, 0.001985172973945737, 0.0006345957517623901, 0.0004200682742521167, 0.0001386942167300731, 6.227839912753552e-05, 4.033048026030883e-05, 2.7566789867705666e-05, 1.6487414541188627e-05, 1.1325116247462574e-05, 1.2357798368611839e-05, 1.5422790966113098e-05, 0.00019042589701712132, 0.00047867081593722105, 0.00039793350151740015, 0.0006859614513814449, 0.00019429423264227808, 0.00015735928900539875, 0.0001762282772688195, 2.7424957806942984e-05, 5.257273642200744e-06, 4.493024789553601e-06, 4.357211309979903e-06, 3.575919436116237e-06, 3.335476776555879e-06, 4.516256467468338e-06, 4.204709966870723e-06, 4.430606622918276e-06, 1.1914389688172378e-05, 2.045997098321095e-05, 5.080526079837e-06, 3.358659796504071e-06, 3.447484459684347e-06, 3.1224628855852643e-06, 2.943313802461489e-06, 8.902232366381213e-06, 6.10852748650359e-06, 3.505254881019937e-06, 6.602631856367225e-06, 6.764084446331253e-06, 2.338470721952035e-06, 3.377217126399046e-06, 3.5050823498750106e-05, 7.52479609218426e-05, 3.527032959027565e-06, 2.3275802050193306e-06, 5.658341251546517e-06, 4.8208953558059875e-06, 1.9814958704955643e-06, 2.7432454317022348e-06, 2.372539483985747e-06, 1.5550999705737922e-06, 1.5688755183873582e-06, 2.270147660965449e-06, 1.1595086562010692e-06, 8.475598178847576e-07, 7.398090247079381e-07, 7.273039273059112e-07, 8.80840730133059e-07, 9.94797915154777e-07, 5.790236627944978e-07, 4.905329547000292e-07, 7.261073733388912e-07, 8.89233376710763e-07, 4.5228810563457955e-07, 3.7436575439642183e-07, 5.415436703515297e-07, 7.749969199721818e-07, 7.369309855675965e-07, 6.344832286231394e-07, 5.830023042108223e-07, 5.158340741218126e-07, 6.614051812903199e-07, 9.002534397950512e-07, 1.3786955150862923e-06, 2.2176766378834145e-06, 1.8596691688799183e-06, 1.4110883057583123e-06, 1.6095369801405468e-06, 1.712600919745455e-06, 1.1257933465458336e-06, 8.622637892585772e-07, 5.139262952980062e-07, 3.6240780332263967e-07, 2.22250250203615e-07, 1.5128017594179255e-07, 1.0160012209325942e-07, 8.437299214847371e-08, 9.2637087334424e-08, 1.0115266491084185e-07, 1.1173576552891973e-07, 1.0716382092823551e-07, 9.380310217466103e-08, 1.0215666179647087e-07, 1.1116655684872967e-07, 9.858737115564509e-08, 6.73020537078628e-08, 5.28028678559167e-08, 3.340054277600757e-08, 2.9706757942449258e-08, 2.2876127658832957e-08, 1.7621497150344112e-08, 1.3352523531295901e-08, 8.162494680163945e-09, 6.402077534772843e-09, 5.972182304248008e-09, 5.898264543446885e-09, 5.054847651564387e-09, 4.325016789152869e-09, 2.7782787181962476e-09, 8.629209569122054e-10, 1.2213742170419373e-11, 8.126872438896093e-12, 5.874074230499682e-12, 5.353734382901321e-12, 4.899455841034239e-12, 4.625202564695341e-12, 4.542337426333143e-12, 4.4394488085686135e-12, 4.314427287654965e-12, 4.240245307651769e-12, 4.212052581720194e-12], "lowlevel.melbands128.stdev": [0.0008712628623470664, 0.005368448328226805, 0.00587117113173008, 0.0057526337914168835, 0.007425380405038595, 0.011106196790933609, 0.012633209116756916, 0.0052176788449287415, 0.0016542518278583884, 0.0012034970568493009, 0.00039745154208503664, 0.00020612413936760277, 0.00011162151349708438, 8.953808719525114e-05, 4.960001751896925e-05, 3.923011900042184e-05, 4.748659557662904e-05, 6.802754069212824e-05, 0.0008211135282181203, 0.0020672574173659086, 0.0014815207105129957, 0.0029258960857987404, 0.0009022692684084177, 0.00125784776173532, 0.001520837191492319, 0.00034175318432971835, 3.202921288902871e-05, 2.0173847588011995e-05, 1.6638119632261805e-05, 1.1963491488131694e-05, 9.057233000930864e-06, 1.0448917237226851e-05, 1.1689598068187479e-05, 1.4150826245895587e-05, 6.089494490879588e-05, 0.00010836571163963526, 2.4408693207078613e-05, 1.4931005352991633e-05, 1.5522549801971763e-05, 1.2309467820159625e-05, 1.1406533303670585e-05, 4.2195744754280895e-05, 2.9372591598075815e-05, 1.5334780982811935e-05, 3.0204184440663084e-05, 2.7429814508650452e-05, 7.302877747861203e-06, 3.213479430996813e-05, 0.0003211064904462546, 0.0007363652111962438, 2.0303163182688877e-05, 7.3592418630141765e-06, 2.1050702343927696e-05, 2.3317881641560234e-05, 6.3829534155956935e-06, 1.051858089340385e-05, 1.0363512956246268e-05, 5.692354989150772e-06, 5.890497504879022e-06, 9.132970262726303e-06, 3.3639873890933814e-06, 2.5532301606290275e-06, 2.47423349719611e-06, 2.1144664970051963e-06, 2.6560173864709213e-06, 2.8552542516990798e-06, 1.600187829353672e-06, 1.6417346841990366e-06, 2.910090415753075e-06, 4.123833150515566e-06, 1.8611596033224487e-06, 1.775112309587712e-06, 3.991503945144359e-06, 3.989956894656643e-06, 3.234102678106865e-06, 3.226340595574584e-06, 2.4674536689417437e-06, 1.7294602230322198e-06, 3.0028625133127207e-06, 4.0431223169434816e-06, 6.277375177887734e-06, 1.1516639460751321e-05, 8.791774234850891e-06, 5.718457487091655e-06, 7.762675522826612e-06, 8.820951734378468e-06, 6.385978849721141e-06, 4.231858383718645e-06, 2.3700367819401436e-06, 1.8603568605612963e-06, 1.1601590585996746e-06, 8.090584628916986e-07, 5.935985427640844e-07, 4.855282327298482e-07, 4.4469379645306617e-07, 4.5670483928006433e-07, 5.292435503179149e-07, 4.87884278754791e-07, 5.310764663590817e-07, 4.221078029331693e-07, 4.775590696226573e-07, 3.852001668747107e-07, 2.837974761860096e-07, 2.1862450694243307e-07, 1.493791188522664e-07, 1.192039178476989e-07, 9.78932490625084e-08, 8.848110866210845e-08, 7.896944254071059e-08, 6.114600381579294e-08, 4.6352496951840294e-08, 4.2247695120067874e-08, 4.441427847723389e-08, 3.62704106748879e-08, 3.582806229474045e-08, 2.7677463876329966e-08, 1.0432355423972695e-08, 1.4459698716162706e-10, 1.0362646157835442e-10, 3.194223011093733e-11, 2.1236151726000685e-11, 1.2069859001151428e-11, 1.027748285781227e-11, 1.0096617986121714e-11, 9.950586361828773e-12, 9.829552102824657e-12, 9.742893991582235e-12, 9.689890383135502e-12], "lowlevel.mfcc.mean": [-850.098876953125, 136.85874938964844, 16.869583129882812, 48.142982482910156, 24.283628463745117, 28.485403060913086, 7.090321063995361, 16.4199161529541, 10.026246070861816, 3.324418783187866, 5.7982707023620605, -2.62017822265625, 2.8139615058898926], "lowlevel.spectral_contrast_coeffs.mean": [-0.6562268733978271, -0.8185743689537048, -0.8509355187416077, -0.8448799848556519, -0.8455628156661987, -0.7727541923522949], "lowlevel.spectral_contrast_coeffs.stdev": [0.11845226585865021, 0.1275584101676941, 0.05765577778220177, 0.06621216237545013, 0.04629380255937576, 0.06831388920545578], "lowlevel.spectral_contrast_valleys.mean": [-8.970560073852539, -9.768798828125, -10.262589454650879, -10.387955665588379, -10.53321647644043, -13.45605182647705], "lowlevel.spectral_contrast_valleys.stdev": [5.217477798461914, 4.957573413848877, 4.816619873046875, 4.78084659576416, 4.744621276855469, 4.049872875213623], "rhythm.beats_loudness_band_ratio.mean": [0.8414062857627869, 0.02696920931339264, 0.04648570343852043, 0.006153663154691458, 0.012014065869152546, 0.014518496580421925], "rhythm.beats_loudness_band_ratio.stdev": [0.26706212759017944, 0.058927614241838455, 0.10523346066474915, 0.012404857203364372, 0.036566972732543945, 0.05478643998503685], "tonal.hpcp.mean": [0.06330367177724838, 0.05334028974175453, 0.07075527310371399, 0.07836148887872696, 0.036886971443891525, 0.01981271244585514, 0.04603802040219307, 0.04140673577785492, 0.01688932254910469, 0.025687728077173233, 0.04628969728946686, 0.1885949969291687, 0.39927271008491516, 0.31847941875457764, 0.11206347495317459, 0.04863360524177551, 0.033274319022893906, 0.026325996965169907, 0.019910939037799835, 0.026136210188269615, 0.029554318636655807, 0.03353113308548927, 0.05664242058992386, 0.24990667402744293, 0.33449050784111023, 0.14793753623962402, 0.03505859896540642, 0.016958603635430336, 0.01852608658373356, 0.024935411289334297, 0.030995206907391548, 0.039531413465738297, 0.08681028336286545, 0.13309359550476074, 0.1006343811750412, 0.06472301483154297], "tonal.hpcp.stdev": [0.1846768856048584, 0.1634698510169983, 0.18446627259254456, 0.21232248842716217, 0.11398157477378845, 0.07286160439252853, 0.17097121477127075, 0.1598856896162033, 0.07376278191804886, 0.11029945313930511, 0.15332268178462982, 0.28517377376556396, 0.4295196831226349, 0.3725080192089081, 0.2477797418832779, 0.15367501974105835, 0.13685902953147888, 0.11085972934961319, 0.0855734646320343, 0.10855988413095474, 0.11615277081727982, 0.13302497565746307, 0.14783048629760742, 0.33246150612831116, 0.40752413868904114, 0.2508847415447235, 0.11892055720090866, 0.07600528746843338, 0.07404831796884537, 0.09879450500011444, 0.11311977356672287, 0.12880967557430267, 0.18888866901397705, 0.273624062538147, 0.21643586456775665, 0.16828136146068573], "rhythm.beats_position": [0.5340589284896851, 1.0681178569793701, 1.6021767854690552, 2.1362357139587402, 2.6819047927856445, 3.2275736331939697, 3.7500226497650146, 4.2724714279174805, 4.794920444488525, 5.34058952331543, 5.874648571014404, 6.42031717300415, 6.954376220703125, 7.4884352684021, 8.034104347229004, 8.56816291809082, 9.113832473754883, 9.659501075744629, 10.193559646606445, 10.727619171142578, 11.261677742004395, 11.795736312866211, 12.329795837402344, 12.86385440826416, 13.409523963928223, 13.93197250366211, 14.454421043395996, 14.9768705368042, 15.510929107666016, 16.04498863220215, 16.59065818786621, 17.14793586730957, 17.693605422973633, 18.227664947509766, 18.761722564697266, 19.2957820892334, 19.8182315826416, 20.340679168701172, 20.874738693237305, 21.408798217773438, 21.942855834960938, 22.47691535949707, 23.010974884033203, 23.545034408569336, 24.079092025756836, 24.61315155029297, 25.1472110748291, 25.658048629760742, 26.168888092041016, 26.70294761657715, 27.23700714111328, 27.77106475830078, 28.293514251708984, 28.815963745117188, 29.326801300048828, 29.84925079345703, 30.371700286865234, 30.894149780273438, 31.404987335205078, 31.904216766357422, 32.43827438354492, 32.97233581542969, 33.50639343261719, 34.02884292602539, 34.551292419433594], "rhythm.bpm_histogram": [0.0, 0.0, 0.0, 0.0, 0.0, 0.0, 0.0, 0.0, 0.0, 0.0, 0.0, 0.0, 0.0, 0.0, 0.0, 0.0, 0.0, 0.0, 0.0, 0.0, 0.0, 0.0, 0.0, 0.0, 0.0, 0.0, 0.0, 0.0, 0.0, 0.0, 0.0, 0.0, 0.0, 0.0, 0.0, 0.0, 0.0, 0.0, 0.0, 0.0, 0.0, 0.0, 0.0, 0.0, 0.0, 0.0, 0.0, 0.0, 0.0, 0.0, 0.0, 0.0, 0.0, 0.0, 0.0, 0.0, 0.0, 0.0, 0.0, 0.0, 0.0, 0.0, 0.0, 0.0, 0.0, 0.0, 0.0, 0.0, 0.0, 0.0, 0.0, 0.0, 0.0, 0.0, 0.0, 0.0, 0.0, 0.0, 0.0, 0.0, 0.0, 0.0, 0.0, 0.0, 0.0, 0.0, 0.0, 0.0, 0.0, 0.0, 0.0, 0.0, 0.0, 0.0, 0.0, 0.0, 0.0, 0.0, 0.0, 0.0, 0.0, 0.0, 0.0, 0.0, 0.0, 0.0, 0.0, 0.0, 0.015625, 0.0, 0.15625, 0.0, 0.515625, 0.0, 0.0, 0.234375, 0.0, 0.0625, 0.0, 0.0, 0.015625, 0.0, 0.0, 0.0, 0.0, 0.0, 0.0, 0.0, 0.0, 0.0, 0.0, 0.0, 0.0, 0.0, 0.0, 0.0, 0.0, 0.0, 0.0, 0.0, 0.0, 0.0, 0.0, 0.0, 0.0, 0.0, 0.0, 0.0, 0.0, 0.0, 0.0, 0.0, 0.0, 0.0, 0.0, 0.0, 0.0, 0.0, 0.0, 0.0, 0.0, 0.0, 0.0, 0.0, 0.0, 0.0, 0.0, 0.0, 0.0, 0.0, 0.0, 0.0, 0.0, 0.0, 0.0, 0.0, 0.0, 0.0, 0.0, 0.0, 0.0, 0.0, 0.0, 0.0, 0.0, 0.0, 0.0, 0.0, 0.0, 0.0, 0.0, 0.0, 0.0, 0.0, 0.0, 0.0, 0.0, 0.0, 0.0, 0.0, 0.0, 0.0, 0.0, 0.0, 0.0, 0.0, 0.0, 0.0, 0.0, 0.0, 0.0, 0.0, 0.0, 0.0, 0.0, 0.0, 0.0, 0.0, 0.0, 0.0, 0.0, 0.0, 0.0, 0.0, 0.0, 0.0, 0.0, 0.0, 0.0, 0.0, 0.0, 0.0, 0.0, 0.0, 0.0, 0.0, 0.0, 0.0, 0.0, 0.0, 0.0, 0.0, 0.0, 0.0, 0.0, 0.0, 0.0, 0.0, 0.0, 0.0], "tonal.chords_histogram": [51.06666564941406, 0.0, 0.0, 0.0, 0.0, 0.0, 0.0, 0.4000000059604645, 0.800000011920929, 2.799999952316284, 0.0, 0.0, 0.0, 0.13333334028720856, 0.0, 2.933333396911621, 3.200000047683716, 11.066666603088379, 0.0, 0.0, 0.0, 0.13333334028720856, 1.2000000476837158, 26.266666412353516], "tonal.thpcp": [1.0, 0.7976488471031189, 0.2806690037250519, 0.12180548161268234, 0.08333732187747955, 0.06593487411737442, 0.04986801743507385, 0.06545954197645187, 0.0740203857421875, 0.08398053050041199, 0.14186398684978485, 0.6259047389030457, 0.8377494812011719, 0.3705175220966339, 0.08780615031719208, 0.04247373715043068, 0.04639958217740059, 0.062452081590890884, 0.07762916386127472, 0.09900855273008347, 0.2174210250377655, 0.3333400785923004, 0.2520442306995392, 0.16210228204727173, 0.15854746103286743, 0.1335936337709427, 0.17721039056777954, 0.19626057147979736, 0.09238540381193161, 0.049622006714344025, 0.11530470103025436, 0.10370539873838425, 0.04230021685361862, 0.06433629989624023, 0.11593504250049591, 0.47234633564949036], "lowlevel.gfcc.cov": [[95934.859375, 9952.326171875, -6599.70068359375, 4583.3935546875, -3251.360107421875, 1951.92236328125, -2017.5130615234375, 0.31874433159828186, -602.0291748046875, -659.0017700195312, -1481.1468505859375, -1704.72900390625, -1109.1728515625], [9952.326171875, 2702.058349609375, -273.4139404296875, 490.60052490234375, 139.4931182861328, -12.513394355773926, 133.7273406982422, -108.26665496826172, 19.62725830078125, -344.5063781738281, 44.81789779663086, -397.88592529296875, 49.136688232421875], [-6599.70068359375, -273.4139404296875, 1529.521728515625, -438.2344970703125, 478.1773986816406, -226.1354522705078, 367.0393371582031, -60.00056457519531, -28.007062911987305, 8.664602279663086, 149.09263610839844, 111.58505249023438, 143.7834930419922], [4583.3935546875, 490.60052490234375, -438.2344970703125, 693.6284790039062, -65.40835571289062, 223.18028259277344, -82.00203704833984, -62.2619514465332, -59.04447937011719, -188.20016479492188, -22.949920654296875, -68.98390197753906, 38.16419219970703], [-3251.360107421875, 139.4931182861328, 478.1773986816406, -65.40835571289062, 426.9521179199219, -73.52452850341797, 232.7158203125, -48.08189392089844, 55.12532424926758, -80.39205932617188, 100.11292266845703, 8.313342094421387, 97.01921844482422], [1951.92236328125, -12.513394355773926, -226.1354522705078, 223.18028259277344, -73.52452850341797, 189.78160095214844, -48.07051086425781, -16.16270637512207, -51.5303840637207, -49.215335845947266, -42.78282165527344, 12.071385383605957, -3.0548818111419678], [-2017.5130615234375, 133.7273406982422, 367.0393371582031, -82.00203704833984, 232.7158203125, -48.07051086425781, 236.2456817626953, 9.37903118133545, 32.11191177368164, -54.441368103027344, 69.49242401123047, -8.29283332824707, 71.9206771850586], [0.31874433159828186, -108.26665496826172, -60.00056457519531, -62.2619514465332, -48.08189392089844, -16.16270637512207, 9.37903118133545, 153.2439422607422, 87.66002655029297, 115.80476379394531, -19.942873001098633, -26.04676055908203, -38.42375564575195], [-602.0291748046875, 19.62725830078125, -28.007062911987305, -59.04447937011719, 55.12532424926758, -51.5303840637207, 32.11191177368164, 87.66002655029297, 165.73277282714844, 99.69881439208984, 21.19603157043457, -23.83984375, -22.214122772216797], [-659.0017700195312, -344.5063781738281, 8.664602279663086, -188.20016479492188, -80.39205932617188, -49.215335845947266, -54.441368103027344, 115.80476379394531, 99.69881439208984, 236.34182739257812, -4.638525485992432, 32.03915023803711, -81.49974060058594], [-1481.1468505859375, 44.81789779663086, 149.09263610839844, -22.949920654296875, 100.11292266845703, -42.78282165527344, 69.49242401123047, -19.942873001098633, 21.19603157043457, -4.638525485992432, 126.2344970703125, 16.172657012939453, 46.3743782043457], [-1704.72900390625, -397.88592529296875, 111.58505249023438, -68.98390197753906, 8.313342094421387, 12.071385383605957, -8.29283332824707, -26.04676055908203, -23.83984375, 32.03915023803711, 16.172657012939453, 139.3668212890625, 8.726675033569336], [-1109.1728515625, 49.136688232421875, 143.7834930419922, 38.16419219970703, 97.01921844482422, -3.0548818111419678, 71.9206771850586, -38.42375564575195, -22.214122772216797, -81.49974060058594, 46.3743782043457, 8.726675033569336, 103.2933120727539]], "lowlevel.gfcc.icov": [[0.0001551689492771402, -0.0006761440890841186, -7.064285455271602e-05, -0.00040964747313410044, 0.0006360861589200795, -0.0008139738347381353, 0.0002373227325733751, 5.518702437257161e-06, 0.0003560650220606476, -0.0006997791351750493, 0.0008616367704235017, -4.625736619345844e-05, 0.0005943456781096756], [-0.0006761440890841186, 0.0038831790443509817, 0.00032246988848783076, 0.0013561093946918845, -0.0025177705101668835, 0.003959635738283396, -0.0017153860535472631, 0.0008827016572467983, -0.002103816019371152, 0.003829888766631484, -0.004177689552307129, 0.002457060618326068, -0.0018155561992898583], [-7.064285455271602e-05, 0.00032246988848783076, 0.002104546409100294, 0.00020506528380792588, -0.0015324787236750126, 0.001967195188626647, -0.002518041292205453, 0.0009110986138693988, 0.002246206160634756, -0.00220301141962409, 0.0002443256671540439, -0.0006204941309988499, -0.0016399112064391375], [-0.00040964747313410044, 0.0013561093946918845, 0.00020506528380792588, 0.0050970399752259254, -0.002075313124805689, -0.0020680404268205166, 0.0020528112072497606, -0.0012687937123700976, -0.0021402272395789623, 0.0048239692114293575, -0.0036833162885159254, 0.0005019218660891056, -0.0022686601150780916], [0.0006360861589200795, -0.0025177705101668835, -0.0015324787236750126, -0.002075313124805689, 0.010445186868309975, -0.0032492708414793015, -0.003831720445305109, 0.0036305924877524376, -0.0035178810358047485, -0.00096976786153391, 0.002808400895446539, 5.5358086683554575e-05, 0.002252417616546154], [-0.0008139738347381353, 0.003959635738283396, 0.001967195188626647, -0.0020680404268205166, -0.0032492708414793015, 0.01678916998207569, -0.0050714509561657906, 0.00044769103988073766, 0.0019361597951501608, 0.0011335836024954915, -0.0013190869940444827, -0.0023016189225018024, -0.003254781709983945], [0.0002373227325733751, -0.0017153860535472631, -0.002518041292205453, 0.0020528112072497606, -0.003831720445305109, -0.0050714509561657906, 0.01713457517325878, -0.008375823497772217, -0.001222609425894916, 0.006119708064943552, -0.002284139860421419, -0.0001987904543057084, 0.00012180764315417036], [5.518702437257161e-06, 0.0008827016572467983, 0.0009110986138693988, -0.0012687937123700976, 0.0036305924877524376, 0.00044769103988073766, -0.008375823497772217, 0.018863117322325706, -0.004431901033967733, -0.008947951719164848, 0.003757320111617446, 0.004979174584150314, -0.0018289157887920737], [0.0003560650220606476, -0.002103816019371152, 0.002246206160634756, -0.0021402272395789623, -0.0035178810358047485, 0.0019361597951501608, -0.001222609425894916, -0.004431901033967733, 0.01718861237168312, -0.009913570247590542, 0.002094254130497575, -0.0003926253120880574, 1.9995290131191723e-05], [-0.0006997791351750493, 0.003829888766631484, -0.00220301141962409, 0.0048239692114293575, -0.00096976786153391, 0.0011335836024954915, 0.006119708064943552, -0.008947951719164848, -0.009913570247590542, 0.02381771244108677, -0.009311381727457047, -0.0013047412503510714, 0.006254064850509167], [0.0008616367704235017, -0.004177689552307129, 0.0002443256671540439, -0.0036833162885159254, 0.002808400895446539, -0.0013190869940444827, -0.002284139860421419, 0.003757320111617446, 0.002094254130497575, -0.009311381727457047, 0.018182775005698204, -0.0023612231016159058, -0.002288541290909052], [-4.625736619345844e-05, 0.002457060618326068, -0.0006204941309988499, 0.0005019218660891056, 5.5358086683554575e-05, -0.0023016189225018024, -0.0001987904543057084, 0.004979174584150314, -0.0003926253120880574, -0.0013047412503510714, -0.0023612231016159058, 0.01602395623922348, -0.0005243089399300516], [0.0005943456781096756, -0.0018155561992898583, -0.0016399112064391375, -0.0022686601150780916, 0.002252417616546154, -0.003254781709983945, 0.00012180764315417036, -0.0018289157887920737, 1.9995290131191723e-05, 0.006254064850509167, -0.002288541290909052, -0.0005243089399300516, 0.023081505671143532]], "lowlevel.mfcc.cov": [[27935.6875, 3969.799560546875, 838.7145385742188, 1131.9814453125, 57.45632553100586, 961.4135131835938, -370.88397216796875, 83.62104797363281, 230.7257843017578, 16.39275550842285, 677.2511596679688, -2.181164503097534, 158.3510284423828], [3969.799560546875, 3108.992919921875, 524.8722534179688, 739.7520141601562, 350.38104248046875, 278.9140930175781, 318.74188232421875, 214.60797119140625, 123.55748748779297, 169.9591827392578, 7.325379848480225, -34.52550506591797, -6.311979293823242], [838.7145385742188, 524.8722534179688, 475.5045166015625, 223.0402069091797, 86.49201965332031, 91.97773742675781, 145.24658203125, 69.22737121582031, 17.926048278808594, 35.49066162109375, -58.35411834716797, -38.65235137939453, -49.16801834106445], [1131.9814453125, 739.7520141601562, 223.0402069091797, 392.5858459472656, 201.71971130371094, 150.40191650390625, 131.873779296875, 113.7221908569336, 59.53799819946289, 53.85354995727539, -20.391277313232422, -20.02650260925293, -5.784143924713135], [57.45632553100586, 350.38104248046875, 86.49201965332031, 201.71971130371094, 207.5680389404297, 114.72003173828125, 82.81217193603516, 80.31777954101562, 40.52606201171875, 24.88483238220215, -12.020540237426758, -6.541406154632568, 4.5986809730529785], [961.4135131835938, 278.9140930175781, 91.97773742675781, 150.40191650390625, 114.72003173828125, 215.68994140625, 75.99263000488281, 97.73361206054688, 18.653610229492188, -51.51459503173828, -20.4090633392334, -38.549713134765625, -22.544414520263672], [-370.88397216796875, 318.74188232421875, 145.24658203125, 131.873779296875, 82.81217193603516, 75.99263000488281, 201.6519012451172, 100.8372802734375, 19.796968460083008, 22.235958099365234, -76.6524887084961, -31.65792465209961, -47.398468017578125], [83.62104797363281, 214.60797119140625, 69.22737121582031, 113.7221908569336, 80.31777954101562, 97.73361206054688, 100.8372802734375, 133.79196166992188, 45.11270523071289, -14.616426467895508, -38.23093032836914, -29.459205627441406, -24.650598526000977], [230.7257843017578, 123.55748748779297, 17.926048278808594, 59.53799819946289, 40.52606201171875, 18.653610229492188, 19.796968460083008, 45.11270523071289, 99.70462036132812, 63.891883850097656, 31.376136779785156, 8.214298248291016, 15.964985847473145], [16.39275550842285, 169.9591827392578, 35.49066162109375, 53.85354995727539, 24.88483238220215, -51.51459503173828, 22.235958099365234, -14.616426467895508, 63.891883850097656, 149.58859252929688, 44.0209846496582, 38.334556579589844, 24.52700424194336], [677.2511596679688, 7.325379848480225, -58.35411834716797, -20.391277313232422, -12.020540237426758, -20.4090633392334, -76.6524887084961, -38.23093032836914, 31.376136779785156, 44.0209846496582, 137.8353729248047, 66.15605163574219, 60.1160774230957], [-2.181164503097534, -34.52550506591797, -38.65235137939453, -20.02650260925293, -6.541406154632568, -38.549713134765625, -31.65792465209961, -29.459205627441406, 8.214298248291016, 38.334556579589844, 66.15605163574219, 81.86382293701172, 48.26960754394531], [158.3510284423828, -6.311979293823242, -49.16801834106445, -5.784143924713135, 4.5986809730529785, -22.544414520263672, -47.398468017578125, -24.650598526000977, 15.964985847473145, 24.52700424194336, 60.1160774230957, 48.26960754394531, 72.3908920288086]], "lowlevel.mfcc.icov": [[9.621014032745734e-05, -9.431958460481837e-05, -9.311000758316368e-05, -0.000279240746749565, 0.0005461264518089592, -0.0005534630035981536, 0.00040283333510160446, 7.962276868056506e-05, -3.258830474806018e-05, -2.2553476810571738e-05, -0.0004042870132252574, 0.00013473685248754919, 4.0306782466359437e-05], [-9.431958460481837e-05, 0.0007343761390075088, -4.413779970491305e-05, -0.0007732376107014716, -0.00033407536102458835, 0.00046966818626970053, -0.0008677145815454423, -0.0001104922775994055, 0.00034454878186807036, -0.0003351530758664012, -0.00020215394033584744, 0.00038573675556108356, -0.0003114498686045408], [-9.311000758316368e-05, -4.413779970491305e-05, 0.003570565488189459, -0.0015107848448678851, 0.00042295566527172923, 7.091384759405628e-05, -0.0018047334160655737, 0.000942415848840028, 9.741347457747906e-05, -0.0003371864149812609, 0.0006363348220475018, -0.0001184522989206016, 0.0012820169795304537], [-0.000279240746749565, -0.0007732376107014716, -0.0015107848448678851, 0.010043755173683167, -0.006417091935873032, -1.7873302567750216e-05, -0.00041685171891003847, -0.0022178171202540398, 0.0004593478806782514, -0.0020019535440951586, 0.0019696278031915426, 5.628632789012045e-05, -0.0014024775009602308], [0.0005461264518089592, -0.00033407536102458835, 0.00042295566527172923, -0.006417091935873032, 0.01481650210916996, -0.006610131822526455, 0.0014667962677776814, -0.000559804670047015, -0.00018621505296323448, -0.001741018146276474, -0.0007440613117069006, -0.00031504948856309056, -0.0022203228436410427], [-0.0005534630035981536, 0.00046966818626970053, 7.091384759405628e-05, -1.7873302567750216e-05, -0.006610131822526455, 0.01460348255932331, -0.0036215391010046005, -0.0034008731599897146, -0.0006706193089485168, 0.005978104192763567, -0.0018540945602580905, 0.0021231654100120068, 0.0009833163348957896], [0.00040283333510160446, -0.0008677145815454423, -0.0018047334160655737, -0.00041685171891003847, 0.0014667962677776814, -0.0036215391010046005, 0.01584838517010212, -0.00823948159813881, 0.00328073394484818, -0.0056072925217449665, 0.004207620397210121, -0.0031448404770344496, 0.003913277294486761], [7.962276868056506e-05, -0.0001104922775994055, 0.000942415848840028, -0.0022178171202540398, -0.000559804670047015, -0.0034008731599897146, -0.00823948159813881, 0.023792557418346405, -0.013088527135550976, 0.008377622812986374, 0.0011921045370399952, -0.0009682097006589174, 0.001666218158788979], [-3.258830474806018e-05, 0.00034454878186807036, 9.741347457747906e-05, 0.0004593478806782514, -0.00018621505296323448, -0.0006706193089485168, 0.00328073394484818, -0.013088527135550976, 0.024341316893696785, -0.012501763179898262, -0.004334046505391598, 0.005516739562153816, -0.0035134507343173027], [-2.2553476810571738e-05, -0.0003351530758664012, -0.0003371864149812609, -0.0020019535440951586, -0.001741018146276474, 0.005978104192763567, -0.0056072925217449665, 0.008377622812986374, -0.012501763179898262, 0.018607622012495995, -0.0024098525755107403, -0.00384158780798316, 0.0018001873977482319], [-0.0004042870132252574, -0.00020215394033584744, 0.0006363348220475018, 0.0019696278031915426, -0.0007440613117069006, -0.0018540945602580905, 0.004207620397210121, 0.0011921045370399952, -0.004334046505391598, -0.0024098525755107403, 0.021113047376275063, -0.011214807629585266, -0.004195742774754763], [0.00013473685248754919, 0.00038573675556108356, -0.0001184522989206016, 5.628632789012045e-05, -0.00031504948856309056, 0.0021231654100120068, -0.0031448404770344496, -0.0009682097006589174, 0.005516739562153816, -0.00384158780798316, -0.011214807629585266, 0.0292038694024086, -0.012119394727051258], [4.0306782466359437e-05, -0.0003114498686045408, 0.0012820169795304537, -0.0014024775009602308, -0.0022203228436410427, 0.0009833163348957896, 0.003913277294486761, 0.001666218158788979, -0.0035134507343173027, 0.0018001873977482319, -0.004195742774754763, -0.012119394727051258, 0.029764492064714432]], "metadata.audio_properties.analysis.downmix": "mix", "metadata.audio_properties.codec": "mp3", "metadata.audio_properties.md5_encoded": "0b7e835b655f3a28c0826f5dc75bf9b6", "metadata.tags.file_name": "1183702455125549056.mp3", "metadata.version.essentia": "2.1-beta6-dev", "metadata.version.essentia_git_sha": "v2.1_beta5-1110-g77a6a954", "metadata.version.extractor": "music 2.0", "tonal.chords_key": "C#", "tonal.chords_scale": "major", "tonal.key_edma.key": "F#", "tonal.