{"song_id": "1183718016421212160", "download": "https://cdn.discordapp.com/attachments/1135903449314238464/1183718016421212160/chirp.mp4?ex=65895a4f&amp", "lyrics": "[Verse]\nIn eighteen forty-six, the raccoons arose\nWith fierce determination, their strength disclosed\nBeneath moonlit sky, they prepared to fight\nThe Great Raccoon War began, an epic sight\n\n[Chorus]\nMarching on, hearts filled with grit\nUnited we stand, against foes we'll never quit\nThrough battles we'll forge, with courage and pride\nIn the Great Raccoon War, side by side we'll stride", "style": ["sabaton</span><span>-like"], "essentia_features": {"lowlevel.average_loudness": 0.9859047532081604, "lowlevel.barkbands_crest.mean": 9.940077781677246, "lowlevel.barkbands_crest.stdev": 3.7844369411468506, "lowlevel.barkbands_flatness_db.mean": 0.10552003979682922, "lowlevel.barkbands_flatness_db.stdev": 0.026679856702685356, "lowlevel.barkbands_kurtosis.mean": 0.9508137106895447, "lowlevel.barkbands_kurtosis.stdev": 2.8195314407348633, "lowlevel.barkbands_skewness.mean": 1.1942989826202393, "lowlevel.barkbands_skewness.stdev": 0.8273693323135376, "lowlevel.barkbands_spread.mean": 39.22869873046875, "lowlevel.barkbands_spread.stdev": 14.470622062683105, "lowlevel.dissonance.mean": 0.4811713695526123, "lowlevel.dissonance.stdev": 0.016392985358834267, "lowlevel.dynamic_complexity": 1.008135199546814, "lowlevel.erbbands_crest.mean": 8.903120994567871, "lowlevel.erbbands_crest.stdev": 5.389187812805176, "lowlevel.erbbands_flatness_db.mean": 0.12396940588951111, "lowlevel.erbbands_flatness_db.stdev": 0.03275708854198456, "lowlevel.erbbands_kurtosis.mean": 0.9555285573005676, "lowlevel.erbbands_kurtosis.stdev": 2.570312738418579, "lowlevel.erbbands_skewness.mean": -0.3582185208797455, "lowlevel.erbbands_skewness.stdev": 0.723274290561676, "lowlevel.erbbands_spread.mean": 45.885311126708984, "lowlevel.erbbands_spread.stdev": 22.046825408935547, "lowlevel.hfc.mean": 44.98262405395508, "lowlevel.hfc.stdev": 18.449522018432617, "lowlevel.loudness_ebu128.integrated": -12.566200256347656, "lowlevel.loudness_ebu128.loudness_range": 0.5730819702148438, "lowlevel.loudness_ebu128.momentary.mean": -12.595192909240723, "lowlevel.loudness_ebu128.momentary.stdev": 0.5034081339836121, "lowlevel.loudness_ebu128.short_term.mean": -12.583938598632812, "lowlevel.loudness_ebu128.short_term.stdev": 0.1895451694726944, "lowlevel.melbands_crest.mean": 15.70931625366211, "lowlevel.melbands_crest.stdev": 4.72935152053833, "lowlevel.melbands_flatness_db.mean": 0.1623345911502838, "lowlevel.melbands_flatness_db.stdev": 0.034569066017866135, "lowlevel.melbands_kurtosis.mean": 12.112032890319824, "lowlevel.melbands_kurtosis.stdev": 12.975205421447754, "lowlevel.melbands_skewness.mean": 2.9758033752441406, "lowlevel.melbands_skewness.stdev": 1.526727557182312, "lowlevel.melbands_spread.mean": 33.52597427368164, "lowlevel.melbands_spread.stdev": 16.145475387573242, "lowlevel.pitch_salience.mean": 0.5302844047546387, "lowlevel.pitch_salience.stdev": 0.10393286496400833, "lowlevel.silence_rate_20dB.mean": 1.0, "lowlevel.silence_rate_20dB.stdev": 0.0, "lowlevel.silence_rate_30dB.mean": 0.9987812042236328, "lowlevel.silence_rate_30dB.stdev": 0.03488962724804878, "lowlevel.silence_rate_60dB.mean": 0.0006093845004215837, "lowlevel.silence_rate_60dB.stdev": 0.024677913635969162, "lowlevel.spectral_centroid.mean": 1949.001220703125, "lowlevel.spectral_centroid.stdev": 460.27691650390625, "lowlevel.spectral_complexity.mean": 34.14807891845703, "lowlevel.spectral_complexity.stdev": 6.943274974822998, "lowlevel.spectral_decrease.mean": -1.150496409252355e-08, "lowlevel.spectral_decrease.stdev": 4.8082675618843496e-09, "lowlevel.spectral_energy.mean": 0.047502465546131134, "lowlevel.spectral_energy.stdev": 0.01855614222586155, "lowlevel.spectral_energyband_high.mean": 0.0029505863785743713, "lowlevel.spectral_energyband_high.stdev": 0.002164631150662899, "lowlevel.spectral_energyband_low.mean": 0.021792998537421227, "lowlevel.spectral_energyband_low.stdev": 0.01635037362575531, "lowlevel.spectral_energyband_middle_high.mean": 0.01037187036126852, "lowlevel.spectral_energyband_middle_high.stdev": 0.007562459912151098, "lowlevel.spectral_energyband_middle_low.mean": 0.012996538542211056, "lowlevel.spectral_energyband_middle_low.stdev": 0.012648573145270348, "lowlevel.spectral_entropy.mean": 8.047924995422363, "lowlevel.spectral_entropy.stdev": 0.2038513422012329, "lowlevel.spectral_flux.mean": 0.12473328411579132, "lowlevel.spectral_flux.stdev": 0.043229617178440094, "lowlevel.spectral_kurtosis.mean": 2.2704503536224365, "lowlevel.spectral_kurtosis.stdev": 1.1438939571380615, "lowlevel.spectral_rms.mean": 0.006687014363706112, "lowlevel.spectral_rms.stdev": 0.0012758206576108932, "lowlevel.spectral_rolloff.mean": 2056.5146484375, "lowlevel.spectral_rolloff.stdev": 1567.693359375, "lowlevel.spectral_skewness.mean": 1.1177737712860107, "lowlevel.spectral_skewness.stdev": 0.21925939619541168, "lowlevel.spectral_spread.mean": 5326520.5, "lowlevel.spectral_spread.stdev": 1170054.0, "lowlevel.spectral_strongpeak.mean": 1.0617268085479736, "lowlevel.spectral_strongpeak.stdev": 1.7208024263381958, "lowlevel.zerocrossingrate.mean": 0.08198244869709015, "lowlevel.zerocrossingrate.stdev": 0.03063242696225643, "metadata.audio_properties.analysis.equal_loudness": 0.0, "metadata.audio_properties.analysis.length": 38.079978942871094, "metadata.audio_properties.analysis.sample_rate": 44100.0, "metadata.audio_properties.analysis.start_time": 0.0, "metadata.audio_properties.bit_rate": 116736.0, "metadata.audio_properties.length": 38.08000183105469, "metadata.audio_properties.lossless": 0.0, "metadata.audio_properties.number_channels": 1.0, "metadata.audio_properties.replay_gain": -12.148286819458008, "metadata.audio_properties.sample_rate": 48000.0, "rhythm.beats_count": 72.0, "rhythm.beats_loudness.mean": 0.0480947382748127, "rhythm.beats_loudness.stdev": 0.015261185355484486, "rhythm.bpm": 115.33285522460938, "rhythm.bpm_histogram_first_peak_bpm": 115.0, "rhythm.bpm_histogram_first_peak_weight": 0.3802816867828369, "rhythm.bpm_histogram_second_peak_bpm": 0.0, "rhythm.bpm_histogram_second_peak_spread": 0.0, "rhythm.bpm_histogram_second_peak_weight": 0.0, "rhythm.danceability": 1.8108644485473633, "rhythm.onset_rate": 3.6490280628204346, "tonal.chords_changes_rate": 0.10840438306331635, "tonal.chords_number_rate": 0.01705237478017807, "tonal.chords_strength.mean": 0.552369236946106, "tonal.chords_strength.stdev": 0.09105487167835236, "tonal.hpcp_crest.mean": 11.579769134521484, "tonal.hpcp_crest.stdev": 5.170291900634766, "tonal.hpcp_entropy.mean": 2.3257923126220703, "tonal.hpcp_entropy.stdev": 0.7658854126930237, "tonal.key_edma.strength": 0.6314235329627991, "tonal.key_krumhansl.strength": 0.6328335404396057, "tonal.key_temperley.strength": 0.635393500328064, "tonal.tuning_diatonic_strength": 0.6999533772468567, "tonal.tuning_equal_tempered_deviation": 0.2585730254650116, "tonal.tuning_frequency": 434.193115234375, "tonal.tuning_nontempered_energy_ratio": 0.9063112139701843, "lowlevel.barkbands.mean": [0.000993753201328218, 0.014117768965661526, 0.00614376924932003, 0.0023662354797124863, 0.006348118651658297, 0.0013200469547882676, 0.00035067013232037425, 0.0008714614086784422, 0.0016093621961772442, 0.0005029173917137086, 0.0008649855153635144, 0.0012072015088051558, 0.001547746593132615, 0.0010056557366624475, 0.0011626166524365544, 0.00140411127358675, 0.0013546851696446538, 0.0005450566532090306, 0.0005707339150831103, 0.0005763595108874142, 0.0006606728420592844, 0.000663298589643091, 0.0004722667799796909, 0.0004433364374563098, 0.00028371388907544315, 0.0001150943135144189, 8.227395937865367e-07], "lowlevel.barkbands.stdev": [0.00084307900397107, 0.01412881352007389, 0.005509365815669298, 0.003556235460564494, 0.009395923465490341, 0.0021228455007076263, 0.0007825276115909219, 0.0023835317697376013, 0.003555061062797904, 0.0010859158355742693, 0.0020558314863592386, 0.0029646221082657576, 0.0035668020136654377, 0.0020176521502435207, 0.002462969860062003, 0.002528323559090495, 0.0019702326972037554, 0.00039322886732406914, 0.0003398587286937982, 0.00039834275958128273, 0.00044349493691697717, 0.0005011097528040409, 0.00048377603525295854, 0.0006549872341565788, 0.0003731102042365819, 0.00015845148300286382, 2.138913941962528e-06], "lowlevel.erbbands.mean": [0.41160744428634644, 3.116939067840576, 7.722806930541992, 6.938347339630127, 21.440887451171875, 15.052159309387207, 13.385316848754883, 9.085488319396973, 5.1691999435424805, 7.821396827697754, 25.770055770874023, 38.8460693359375, 19.913381576538086, 23.811904907226562, 46.89531326293945, 46.041603088378906, 70.93878936767578, 55.60608673095703, 53.664161682128906, 64.04463958740234, 90.47697448730469, 71.95860290527344, 33.091251373291016, 29.770042419433594, 27.109743118286133, 27.46999168395996, 28.053308486938477, 24.47276496887207, 25.08975601196289, 18.401229858398438, 12.596003532409668, 9.64048957824707, 7.164392948150635, 3.8768222332000732, 1.6266796588897705, 0.6976931095123291, 0.17324411869049072, 0.014841504395008087, 0.00034979049814864993, 7.760089647490531e-05], "lowlevel.erbbands.stdev": [0.5156838297843933, 3.009984016418457, 6.257671356201172, 7.168786525726318, 37.403541564941406, 20.240652084350586, 25.191808700561523, 15.62717342376709, 9.444323539733887, 21.827913284301758, 62.738468170166016, 95.03838348388672, 40.231781005859375, 52.04505157470703, 102.9798812866211, 88.55225372314453, 170.68609619140625, 107.3785400390625, 92.45503997802734, 131.88973999023438, 156.81204223632812, 91.10920715332031, 22.991315841674805, 17.862661361694336, 16.08934783935547, 19.42523193359375, 19.294933319091797, 16.994009017944336, 19.435569763183594, 15.270462989807129, 13.640872955322266, 13.646917343139648, 10.858485221862793, 5.3809309005737305, 2.124431848526001, 0.98447585105896, 0.24428047239780426, 0.01980796828866005, 0.00040922447806224227, 3.0989875085651875e-05], "lowlevel.gfcc.mean": [72.8172836303711, 58.626014709472656, -111.0262222290039, 60.18233871459961, -46.9543342590332, 33.90693664550781, -37.18473434448242, 14.195862770080566, -26.44401741027832, 4.577170372009277, -24.167245864868164, 3.4614381790161133, -11.230289459228516], "lowlevel.melbands.mean": [0.0037756520323455334, 0.003941558301448822, 0.001666074967943132, 0.0014649627264589071, 0.0004567478899843991, 0.00020861685334239155, 7.824318890925497e-05, 9.561927436152473e-05, 0.0002305157540831715, 0.00023783349024597555, 9.149806282948703e-05, 8.877050277078524e-05, 0.0001424399670213461, 0.0001574964844621718, 0.00011837236525025219, 0.00015302358951885253, 9.502960165264085e-05, 8.220314339268953e-05, 8.850538142723963e-05, 8.016374340513721e-05, 0.000115778180770576, 8.248051744885743e-05, 4.1300350858364254e-05, 2.3009737560641952e-05, 2.4219707484007813e-05, 2.0678739019786008e-05, 1.8617411114973947e-05, 1.7851816664915532e-05, 1.7551130440551788e-05, 1.6414327546954155e-05, 1.3218166714068502e-05, 1.4525702681567054e-05, 1.2176228665339295e-05, 9.556445547787007e-06, 7.375286713795504e-06, 6.207665592228295e-06, 5.838063316332409e-06, 5.281175617710687e-06, 4.082545274286531e-06, 2.9779391752526863e-06], "lowlevel.melbands.stdev": [0.004191425163298845, 0.002973508555442095, 0.0019512857543304563, 0.0022876744624227285, 0.0008313744910992682, 0.0003446583286859095, 0.00014754183939658105, 0.0002696795854717493, 0.0005249221576377749, 0.0005854068440385163, 0.00020097191736567765, 0.0002094515657518059, 0.0003112547565251589, 0.00040845671901479363, 0.00028067739913240075, 0.00033035181695595384, 0.00019364334002602845, 0.00015404095756821334, 0.00020507765293587, 0.00016028591198846698, 0.0002107967302436009, 0.0001239064004039392, 3.768286478589289e-05, 1.6479289115522988e-05, 1.5651838111807592e-05, 1.3366793609748129e-05, 1.2423489351931494e-05, 1.3799990483676083e-05, 1.36511289383634e-05, 1.1755972991522867e-05, 9.743677765072789e-06, 1.1623817044892348e-05, 1.0170122550334781e-05, 8.60552790982183e-06, 8.033595804590732e-06, 8.165543476934545e-06, 8.794052519078832e-06, 8.246841389336623e-06, 6.018593012413476e-06, 4.128202363062883e-06], "lowlevel.melbands128.mean": [0.0005502894637174904, 0.003184740664437413, 0.004992595408111811, 0.005200102459639311, 0.004616495221853256, 0.002525544259697199, 0.0011822698870673776, 0.0012998651945963502, 0.0025756536051630974, 0.0018000445561483502, 0.0005235521821305156, 0.0004773038381244987, 0.0005173197714611888, 0.00032312190160155296, 0.00020533295173663646, 0.00016001980111468583, 8.388764399569482e-05, 6.023834794177674e-05, 6.975822179811075e-05, 8.337866165675223e-05, 8.829634316498414e-05, 0.00018618405738379806, 0.00026741312467493117, 0.00023088548914529383, 0.0003171476419083774, 0.000198554786038585, 0.00016404785856138915, 6.435207615140826e-05, 4.463563527679071e-05, 8.920464460970834e-05, 9.173451690003276e-05, 0.00011121883289888501, 0.00015463223098777235, 0.00013817950093653053, 0.0002147058112313971, 0.00015719173825345933, 8.177556446753442e-05, 6.27738845651038e-05, 0.00019416274153627455, 0.00018344444106332958, 0.00011478495434857905, 0.00016392751422245055, 8.750428241910413e-05, 6.0883605328854173e-05, 9.476985724177212e-05, 6.835189560661092e-05, 9.866417531156912e-05, 8.441815589321777e-05, 8.74612815096043e-05, 9.268817666452378e-05, 6.828260666225106e-05, 7.514798198826611e-05, 0.00012119037273805588, 0.00013341085286810994, 0.00010959583596559241, 7.894764712546021e-05, 5.836822674609721e-05, 4.944761531078257e-05, 3.5756758734351024e-05, 2.274661892442964e-05, 2.1795245629618876e-05, 2.304802183061838e-05, 2.391573434579186e-05, 2.5846697099041194e-05, 2.2633768821833655e-05, 2.0730123651446775e-05, 1.9574654288589954e-05, 1.7738810129230842e-05, 1.80923416337464e-05, 2.0461820895434357e-05, 1.7718293747748248e-05, 1.621563933440484e-05, 1.822250305849593e-05, 1.8020673451246694e-05, 1.6391082681366242e-05, 1.7662139725871384e-05, 1.5959127267706208e-05, 1.3856211808160879e-05, 1.2696971680270508e-05, 1.2329386663623154e-05, 1.4626441043219529e-05, 1.579565832798835e-05, 1.4072965313971508e-05, 1.1810131582024042e-05, 1.0476409443072043e-05, 1.0182217010878958e-05, 9.106032848649193e-06, 8.62365141074406e-06, 7.0449959821417e-06, 6.838765784777934e-06, 6.387017492670566e-06, 6.209023013070691e-06, 5.551350113819353e-06, 5.903177225263789e-06, 5.960031103313668e-06, 5.578368472924922e-06, 5.112079634272959e-06, 4.943371550325537e-06, 3.975984327553306e-06, 3.7966922263876768e-06, 3.585131025829469e-06, 2.7793109893536894e-06, 2.3575419163535116e-06, 2.098882305290317e-06, 1.6553113937334274e-06, 1.506033072473656e-06, 1.699451900094573e-06, 1.5084553979249904e-06, 1.1277096518824692e-06, 1.0110939001606312e-06, 8.373242508241674e-07, 6.211901109054452e-07, 5.302098315951298e-07, 3.989208892107854e-07, 2.330544077722152e-07, 1.4335869025217107e-07, 3.596701958485937e-08, 2.700860646243086e-09, 3.9102308196925506e-11, 7.2167545377144204e-12, 7.006765827266559e-12, 6.852911901139569e-12, 6.693749287495221e-12, 6.546402742807489e-12, 6.318478726341503e-12, 6.004008921978166e-12, 5.826729290031585e-12, 5.774079131493082e-12], "lowlevel.melbands128.stdev": [0.0007105208351276815, 0.004299362190067768, 0.006613952573388815, 0.004977073986083269, 0.003838639473542571, 0.002457306021824479, 0.0014443474356085062, 0.0022292667999863625, 0.004815919790416956, 0.0029746026266366243, 0.0008387906127609313, 0.0012355437502264977, 0.0011287822853773832, 0.0007060731295496225, 0.00045238694292493165, 0.000384913437301293, 0.0002089779736706987, 0.0001712004013825208, 0.0002281902270624414, 0.00032088905572891235, 0.00038319610757753253, 0.0006207330734468997, 0.0008410823647864163, 0.0006230843137018383, 0.0010435093427076936, 0.0007152070757001638, 0.0005241752369329333, 0.00018273675232194364, 0.00011284258653176948, 0.0002706595987547189, 0.00031458408921025693, 0.00034441801835782826, 0.0004438916512299329, 0.0005491598858498037, 0.0007762492750771344, 0.0004976560594514012, 0.00019325017638038844, 0.00019770739891100675, 0.0006873250240460038, 0.0006115050637163222, 0.00039807986468076706, 0.0005033976631239057, 0.0002750669082161039, 0.00014417222701013088, 0.00029550440376624465, 0.00016557920025661588, 0.000298715807730332, 0.0003174043376930058, 0.0002972587535623461, 0.0002859650703612715, 0.00020908813166897744, 0.00023651032825000584, 0.00031140822102315724, 0.0003116288862656802, 0.00024269967980217189, 0.0001548558648210019, 7.723573071416467e-05, 6.879127613501623e-05, 3.9958369598025456e-05, 2.137194314855151e-05, 2.2308457118924707e-05, 1.9720042473636568e-05, 2.1370256945374422e-05, 2.1412630303530023e-05, 1.969841650861781e-05, 1.8478051060810685e-05, 1.5712224922026508e-05, 1.5244558198901359e-05, 1.5557012375211343e-05, 1.7520073015475646e-05, 1.923121999425348e-05, 1.451144999009557e-05, 1.812898881325964e-05, 1.7406167899025604e-05, 1.3302253137226216e-05, 1.453780168958474e-05, 1.5386762242997065e-05, 1.3014952855883166e-05, 1.1152615115861408e-05, 1.0640391337801702e-05, 1.3639334611070808e-05, 1.5315024938900024e-05, 1.4093958270677831e-05, 1.1125069249828812e-05, 1.013443852571072e-05, 9.880372090265155e-06, 9.206463801092468e-06, 1.0492824003449641e-05, 8.319886546814814e-06, 8.454061571683269e-06, 8.375563083973248e-06, 9.430676072952338e-06, 9.23200150282355e-06, 9.64352238952415e-06, 9.655163921706844e-06, 9.080950803763699e-06, 8.64883440954145e-06, 8.554718988307286e-06, 6.229167865967611e-06, 5.692038484994555e-06, 5.620403044304112e-06, 3.984770046372432e-06, 3.38454742632166e-06, 3.1492847938352497e-06, 2.505721340639866e-06, 2.0953962120984215e-06, 2.5216411358996993e-06, 2.2163756057125283e-06, 2.026098627538886e-06, 1.4625065887230448e-06, 1.3149222013453254e-06, 9.743346254253993e-07, 8.671870546095306e-07, 6.683317792521848e-07, 3.486305502065079e-07, 2.4027187350839085e-07, 8.141443430531581e-08, 1.3642083906972857e-08, 9.114252130792977e-10, 1.857802800486752e-11, 1.857150370987437e-11, 1.8403337881389703e-11, 1.8318364186642455e-11, 1.7400834245728802e-11, 1.374935928999399e-11, 8.78058736830667e-12, 7.672086924093158e-12, 7.615606929800567e-12], "lowlevel.mfcc.mean": [-567.5253295898438, 79.27291107177734, 5.070862293243408, 32.84758758544922, 17.954612731933594, 21.082393646240234, 6.627063274383545, 10.657745361328125, 7.97429084777832, 1.2838990688323975, -0.5768043994903564, 1.4749771356582642, -1.8833858966827393], "lowlevel.spectral_contrast_coeffs.mean": [-0.7162984609603882, -0.7738258838653564, -0.7797110676765442, -0.777788519859314, -0.8024850487709045, -0.7351086139678955], "lowlevel.spectral_contrast_coeffs.stdev": [0.06764654815196991, 0.07441215217113495, 0.0702863484621048, 0.0592961348593235, 0.02376457303762436, 0.03155388683080673], "lowlevel.spectral_contrast_valleys.mean": [-6.035892009735107, -6.7665557861328125, -7.01146125793457, -6.830807685852051, -6.483118534088135, -9.028630256652832], "lowlevel.spectral_contrast_valleys.stdev": [0.3806132972240448, 0.42086514830589294, 0.3766324818134308, 0.3158648908138275, 0.26512664556503296, 0.5120564699172974], "rhythm.beats_loudness_band_ratio.mean": [0.5668163299560547, 0.16534394025802612, 0.05912138521671295, 0.1023983508348465, 0.10177192091941833, 0.08939488232135773], "rhythm.beats_loudness_band_ratio.stdev": [0.1655607670545578, 0.15003745257854462, 0.08320603519678116, 0.12609565258026123, 0.1021009236574173, 0.06845349818468094], "tonal.hpcp.mean": [0.2261960506439209, 0.2144325226545334, 0.11532715708017349, 0.07900625467300415, 0.06086556613445282, 0.05819541960954666, 0.10772882401943207, 0.12595614790916443, 0.07778859883546829, 0.049219220876693726, 0.04892834275960922, 0.051084473729133606, 0.0780160054564476, 0.09601926058530807, 0.08466555923223495, 0.1186567097902298, 0.15611311793327332, 0.11607643216848373, 0.06005805358290672, 0.041950296610593796, 0.05127139762043953, 0.10531523078680038, 0.15506446361541748, 0.12454286962747574, 0.07327831536531448, 0.05567613244056702, 0.0703287348151207, 0.1297008991241455, 0.16095691919326782, 0.1666668951511383, 0.26841530203819275, 0.28196442127227783, 0.2134757786989212, 0.18274208903312683, 0.11848361790180206, 0.12975631654262543], "tonal.hpcp.stdev": [0.34382519125938416, 0.3202606439590454, 0.21546050906181335, 0.19090254604816437, 0.1688126176595688, 0.14572513103485107, 0.20995700359344482, 0.24429897964000702, 0.1600862741470337, 0.13362792134284973, 0.13932159543037415, 0.13663211464881897, 0.1644328385591507, 0.18288803100585938, 0.14271280169487, 0.198282390832901, 0.25442445278167725, 0.20282237231731415, 0.1224561557173729, 0.10247046500444412, 0.1120593324303627, 0.1978480964899063, 0.2776021957397461, 0.24151982367038727, 0.1642228215932846, 0.13421791791915894, 0.15510959923267365, 0.2306647002696991, 0.27593913674354553, 0.264579713344574, 0.3701525926589966, 0.370137095451355, 0.30526548624038696, 0.28575193881988525, 0.2157832831144333, 0.23654286563396454], "rhythm.beats_position": [0.5108389854431152, 1.0448979139328003, 1.5789568424224854, 2.1014058589935303, 2.623854875564575, 3.14630389213562, 3.6803627014160156, 4.2028117179870605, 4.7252607345581055, 5.24770975112915, 5.758548736572266, 6.269387722015381, 6.791836738586426, 7.314285755157471, 7.848344326019287, 8.370793342590332, 8.893242835998535, 9.404081344604492, 9.914920806884766, 10.437369346618652, 10.959818840026855, 11.482267379760742, 12.004715919494629, 12.527165412902832, 13.049613952636719, 13.572063446044922, 14.082901954650879, 14.605351448059082, 15.116189956665039, 15.627029418945312, 16.137868881225586, 16.660316467285156, 17.18276596069336, 17.693605422973633, 18.216054916381836, 18.738502502441406, 19.26095199584961, 19.783401489257812, 20.294239044189453, 20.816688537597656, 21.33913803100586, 21.861587524414062, 22.384035110473633, 22.894874572753906, 23.40571403503418, 23.939773559570312, 24.473831176757812, 24.984670639038086, 25.49551010131836, 26.017959594726562, 26.540407180786133, 27.062856674194336, 27.58530616760254, 28.09614372253418, 28.618593215942383, 29.129432678222656, 29.65188217163086, 30.17432975769043, 30.696779251098633, 31.207618713378906, 31.74167823791504, 32.25251770019531, 32.76335525512695, 33.285804748535156, 33.80825424194336, 34.33070373535156, 34.8531494140625, 35.363990783691406, 35.88644027709961, 36.40888977050781, 36.93133544921875, 37.45378494262695], "rhythm.bpm_histogram": [0.0, 0.0, 0.0, 0.0, 0.0, 0.0, 0.0, 0.0, 0.0, 0.0, 0.0, 0.0, 0.0, 0.0, 0.0, 0.0, 0.0, 0.0, 0.0, 0.0, 0.0, 0.0, 0.0, 0.0, 0.0, 0.0, 0.0, 0.0, 0.0, 0.0, 0.0, 0.0, 0.0, 0.0, 0.0, 0.0, 0.0, 0.0, 0.0, 0.0, 0.0, 0.0, 0.0, 0.0, 0.0, 0.0, 0.0, 0.0, 0.0, 0.0, 0.0, 0.0, 0.0, 0.0, 0.0, 0.0, 0.0, 0.0, 0.0, 0.0, 0.0, 0.0, 0.0, 0.0, 0.0, 0.0, 0.0, 0.0, 0.0, 0.0, 0.0, 0.0, 0.0, 0.0, 0.0, 0.0, 0.0, 0.0, 0.0, 0.0, 0.0, 0.0, 0.0, 0.0, 0.0, 0.0, 0.0, 0.0, 0.0, 0.0, 0.0, 0.0, 0.0, 0.0, 0.0, 0.0, 0.0, 0.0, 0.0, 0.0, 0.0, 0.0, 0.0, 0.0, 0.0, 0.0, 0.0, 0.0, 0.0, 0.0, 0.0, 0.0, 0.09859155118465424, 0.0, 0.0, 0.6197183132171631, 0.0, 0.28169015049934387, 0.0, 0.0, 0.0, 0.0, 0.0, 0.0, 0.0, 0.0, 0.0, 0.0, 0.0, 0.0, 0.0, 0.0, 0.0, 0.0, 0.0, 0.0, 0.0, 0.0, 0.0, 0.0, 0.0, 0.0, 0.0, 0.0, 0.0, 0.0, 0.0, 0.0, 0.0, 0.0, 0.0, 0.0, 0.0, 0.0, 0.0, 0.0, 0.0, 0.0, 0.0, 0.0, 0.0, 0.0, 0.0, 0.0, 0.0, 0.0, 0.0, 0.0, 0.0, 0.0, 0.0, 0.0, 0.0, 0.0, 0.0, 0.0, 0.0, 0.0, 0.0, 0.0, 0.0, 0.0, 0.0, 0.0, 0.0, 0.0, 0.0, 0.0, 0.0, 0.0, 0.0, 0.0, 0.0, 0.0, 0.0, 0.0, 0.0, 0.0, 0.0, 0.0, 0.0, 0.0, 0.0, 0.0, 0.0, 0.0, 0.0, 0.0, 0.0, 0.0, 0.0, 0.0, 0.0, 0.0, 0.0, 0.0, 0.0, 0.0, 0.0, 0.0, 0.0, 0.0, 0.0, 0.0, 0.0, 0.0, 0.0, 0.0, 0.0, 0.0, 0.0, 0.0, 0.0, 0.0, 0.0, 0.0, 0.0, 0.0, 0.0, 0.0, 0.0, 0.0, 0.0, 0.0, 0.0, 0.0, 0.0, 0.0, 0.0, 0.0], "tonal.chords_histogram": [19.97563934326172, 4.263093948364258, 14.007308006286621, 6.6991472244262695, 11.449451446533203, 4.384896278381348, 3.532277822494507, 0.0, 1.4616321325302124, 0.0, 6.6991472244262695, 0.0, 0.0, 0.0, 0.2436053603887558, 3.166869640350342, 0.0, 8.891595840454102, 0.0, 2.801461696624756, 0.0, 0.0, 4.14129114151001, 8.28258228302002], "tonal.thpcp": [1.0, 0.757101833820343, 0.6481033563613892, 0.420207679271698, 0.46018683910369873, 0.8022148609161377, 0.7604949474334717, 0.40901315212249756, 0.2801993787288666, 0.21586257219314575, 0.2063927799463272, 0.3820652961730957, 0.44670936465263367, 0.2758809030056, 0.17455826699733734, 0.17352665960788727, 0.18117347359657288, 0.2766874134540558, 0.34053680300712585, 0.30027034878730774, 0.42082157731056213, 0.5536624789237976, 0.4116705060005188, 0.21299868822097778, 0.14877869188785553, 0.18183641135692596, 0.3735053837299347, 0.5499433875083923, 0.4416971206665039, 0.2598849833011627, 0.19745799899101257, 0.24942414462566376, 0.4599902927875519, 0.5708412528038025, 0.5910919308662415, 0.9519473910331726], "lowlevel.gfcc.cov": [[517.6275024414062, -119.36285400390625, 68.08434295654297, -21.42281150817871, -64.14146423339844, 16.130931854248047, -36.617557525634766, -40.08394241333008, -49.89487075805664, -12.393305778503418, -23.492759704589844, -15.866875648498535, -49.42669677734375], [-119.36285400390625, 366.4610595703125, -201.07176208496094, -72.07669830322266, 29.68396759033203, -24.42645835876465, 111.31365966796875, 10.89794921875, 56.8259391784668, 6.71268892288208, 49.72170639038086, -0.6212389469146729, 41.1356201171875], [68.08434295654297, -201.07176208496094, 320.73095703125, 96.80921173095703, -64.7973403930664, -48.12346267700195, -111.80782318115234, -17.11623764038086, -76.41355895996094, -23.320343017578125, -40.72117614746094, 12.646913528442383, -25.552907943725586], [-21.42281150817871, -72.07669830322266, 96.80921173095703, 191.60882568359375, 34.88166046142578, -45.44988250732422, -76.61746215820312, -8.371779441833496, 22.402681350708008, -7.25844669342041, -24.310468673706055, -2.1425065994262695, 26.64599609375], [-64.14146423339844, 29.68396759033203, -64.7973403930664, 34.88166046142578, 158.7049102783203, 24.401315689086914, 5.2231855392456055, 3.3427367210388184, 56.29032516479492, 27.59674835205078, -6.100656032562256, 2.6616039276123047, 26.640872955322266], [16.130931854248047, -24.42645835876465, -48.12346267700195, -45.44988250732422, 24.401315689086914, 126.33977508544922, 80.84549713134766, 4.236526012420654, -20.940101623535156, 1.8783515691757202, 27.457229614257812, -7.095585823059082, -12.988344192504883], [-36.617557525634766, 111.31365966796875, -111.80782318115234, -76.61746215820312, 5.2231855392456055, 80.84549713134766, 193.78257751464844, 51.112361907958984, 7.5267791748046875, 0.9718502163887024, 37.724185943603516, -6.669642448425293, -17.01471710205078], [-40.08394241333008, 10.89794921875, -17.11623764038086, -8.371779441833496, 3.3427367210388184, 4.236526012420654, 51.112361907958984, 91.22601318359375, 54.99057388305664, 6.85219144821167, -6.573419094085693, -9.25809383392334, 7.547418117523193], [-49.89487075805664, 56.8259391784668, -76.41355895996094, 22.402681350708008, 56.29032516479492, -20.940101623535156, 7.5267791748046875, 54.99057388305664, 125.91802215576172, 45.458251953125, -10.399965286254883, -17.62198257446289, 24.445627212524414], [-12.393305778503418, 6.71268892288208, -23.320343017578125, -7.25844669342041, 27.59674835205078, 1.8783515691757202, 0.9718502163887024, 6.85219144821167, 45.458251953125, 68.80496215820312, 26.857154846191406, 2.801419973373413, -2.1146152019500732], [-23.492759704589844, 49.72170639038086, -40.72117614746094, -24.310468673706055, -6.100656032562256, 27.457229614257812, 37.724185943603516, -6.573419094085693, -10.399965286254883, 26.857154846191406, 85.99272918701172, 42.58265686035156, 13.253398895263672], [-15.866875648498535, -0.6212389469146729, 12.646913528442383, -2.1425065994262695, 2.6616039276123047, -7.095585823059082, -6.669642448425293, -9.25809383392334, -17.62198257446289, 2.801419973373413, 42.58265686035156, 72.70899200439453, 35.05128860473633], [-49.42669677734375, 41.1356201171875, -25.552907943725586, 26.64599609375, 26.640872955322266, -12.988344192504883, -17.01471710205078, 7.547418117523193, 24.445627212524414, -2.1146152019500732, 13.253398895263672, 35.05128860473633, 70.05020904541016]], "lowlevel.gfcc.icov": [[0.002354040974751115, 0.0005713104619644582, -4.670702764997259e-05, 0.0003261396777816117, 0.000888403388671577, -0.0005068434402346611, 5.902121847611852e-05, 0.001296373549848795, -0.0007364849443547428, 0.00023355735174845904, 0.0005402556853368878, -0.00034195018815808, 0.0009601654601283371], [0.0005713104619644582, 0.00948323030024767, 0.000748261867556721, 0.003872120985761285, -0.002062732819467783, 0.009151588194072247, -0.007380077615380287, 0.006406432017683983, -0.004202235955744982, 0.005423375405371189, -0.008573530241847038, 0.008688084781169891, -0.007462180685251951], [-4.670702764997259e-05, 0.000748261867556721, 0.008882573805749416, -0.004613447934389114, 0.00222073239274323, -6.343038876366336e-06, 0.0031251467298716307, -0.00550185889005661, 0.007887807674705982, -0.004849261604249477, 0.005119855981320143, -0.004797504283487797, 0.0035616864915937185], [0.0003261396777816117, 0.003872120985761285, -0.004613447934389114, 0.011432384140789509, -0.003995326813310385, 0.005483062006533146, -0.0025441227480769157, 0.00558230048045516, -0.006774908863008022, 0.007195744663476944, -0.007721056696027517, 0.008321879431605339, -0.006880353670567274], [0.000888403388671577, -0.002062732819467783, 0.00222073239274323, -0.003995326813310385, 0.011809169314801693, -0.0068488940596580505, 0.001571919652633369, 0.0012470856308937073, -0.0021998672746121883, -0.005568413995206356, 0.008552870713174343, -0.007002527825534344, 0.0011396753834560513], [-0.0005068434402346611, 0.009151588194072247, -6.343038876366336e-06, 0.005483062006533146, -0.0068488940596580505, 0.023357097059488297, -0.011908252723515034, 0.00539640337228775, 0.0008655677083879709, 0.0051581342704594135, -0.013526755385100842, 0.01466295775026083, -0.00928216241300106], [5.902121847611852e-05, -0.007380077615380287, 0.0031251467298716307, -0.0025441227480769157, 0.001571919652633369, -0.011908252723515034, 0.018472041934728622, -0.013194423168897629, 0.005521009210497141, -0.001991155557334423, 0.00320080085657537, -0.007518754806369543, 0.010755551978945732], [0.001296373549848795, 0.006406432017683983, -0.00550185889005661, 0.00558230048045516, 0.0012470856308937073, 0.00539640337228775, -0.013194423168897629, 0.029653843492269516, -0.020283224061131477, 0.009908201172947884, -0.005266672931611538, 0.005865826737135649, -0.007412530016154051], [-0.0007364849443547428, -0.004202235955744982, 0.007887807674705982, -0.006774908863008022, -0.0021998672746121883, 0.0008655677083879709, 0.005521009210497141, -0.020283224061131477, 0.03508749231696129, -0.02259397879242897, 0.011016742326319218, 0.0009622533689253032, -0.003566550323739648], [0.00023355735174845904, 0.005423375405371189, -0.004849261604249477, 0.007195744663476944, -0.005568413995206356, 0.0051581342704594135, -0.001991155557334423, 0.009908201172947884, -0.02259397879242897, 0.03783188760280609, -0.02255885675549507, 0.007514728233218193, 0.003531563561409712], [0.0005402556853368878, -0.008573530241847038, 0.005119855981320143, -0.007721056696027517, 0.008552870713174343, -0.013526755385100842, 0.00320080085657537, -0.005266672931611538, 0.011016742326319218, -0.02255885675549507, 0.04061224311590195, -0.026676513254642487, 0.006943431682884693], [-0.00034195018815808, 0.008688084781169891, -0.004797504283487797, 0.008321879431605339, -0.007002527825534344, 0.01466295775026083, -0.007518754806369543, 0.005865826737135649, 0.0009622533689253032, 0.007514728233218193, -0.026676513254642487, 0.04388580843806267, -0.024356219917535782], [0.0009601654601283371, -0.007462180685251951, 0.0035616864915937185, -0.006880353670567274, 0.0011396753834560513, -0.00928216241300106, 0.010755551978945732, -0.007412530016154051, -0.003566550323739648, 0.003531563561409712, 0.006943431682884693, -0.024356219917535782, 0.03673276677727699]], "lowlevel.mfcc.cov": [[511.75, -73.81410217285156, 24.430599212646484, -48.77963638305664, -34.02256774902344, 16.14994239807129, -5.019384384155273, -15.280829429626465, -36.535465240478516, -0.07564727216959, 4.8566741943359375, -13.296452522277832, -25.436452865600586], [-73.81410217285156, 324.5684509277344, -177.48321533203125, -42.102046966552734, -80.57422637939453, -5.708780288696289, 25.600088119506836, 15.642889976501465, 22.76558494567871, 3.3696048259735107, 37.53805160522461, 30.0865535736084, 13.965347290039062], [24.430599212646484, -177.48321533203125, 310.5072937011719, 51.310394287109375, 7.907680988311768, -47.92781448364258, -11.488574981689453, -22.025020599365234, -62.15931701660156, -45.26268768310547, -47.2198486328125, -33.36015319824219, -20.170316696166992], [-48.77963638305664, -42.102046966552734, 51.310394287109375, 175.11801147460938, 74.56059265136719, -23.180526733398438, -69.50736999511719, -20.222511291503906, 23.32182502746582, -1.1047214269638062, -29.991744995117188, -24.662952423095703, 17.004531860351562], [-34.02256774902344, -80.57422637939453, 7.907680988311768, 74.56059265136719, 163.08541870117188, 15.30372428894043, -71.03813171386719, -38.43962860107422, 23.326513290405273, 11.647457122802734, -38.37491226196289, -24.697525024414062, 12.16458797454834], [16.14994239807129, -5.708780288696289, -47.92781448364258, -23.180526733398438, 15.30372428894043, 93.3420181274414, 43.230865478515625, -1.1041700839996338, -8.483100891113281, 4.274409770965576, 13.6398286819458, 6.044211387634277, -4.5663743019104], [-5.019384384155273, 25.600088119506836, -11.488574981689453, -69.50736999511719, -71.03813171386719, 43.230865478515625, 137.08453369140625, 53.5159912109375, -22.60150146484375, -17.037132263183594, 24.262224197387695, 26.510969161987305, -10.175827980041504], [-15.280829429626465, 15.642889976501465, -22.025020599365234, -20.222511291503906, -38.43962860107422, -1.1041700839996338, 53.5159912109375, 78.77870178222656, 29.46439552307129, 3.1745858192443848, 4.9046101570129395, 10.062049865722656, 1.9289237260818481], [-36.535465240478516, 22.76558494567871, -62.15931701660156, 23.32182502746582, 23.326513290405273, -8.483100891113281, -22.60150146484375, 29.46439552307129, 94.5620346069336, 55.149139404296875, 9.87524127960205, -3.5754404067993164, 9.003204345703125], [-0.07564727216959, 3.3696048259735107, -45.26268768310547, -1.1047214269638062, 11.647457122802734, 4.274409770965576, -17.037132263183594, 3.1745858192443848, 55.149139404296875, 86.96891021728516, 40.730560302734375, -0.988292932510376, -11.162981986999512], [4.8566741943359375, 37.53805160522461, -47.2198486328125, -29.991744995117188, -38.37491226196289, 13.6398286819458, 24.262224197387695, 4.9046101570129395, 9.87524127960205, 40.730560302734375, 80.51425170898438, 32.23394775390625, -9.294332504272461], [-13.296452522277832, 30.0865535736084, -33.36015319824219, -24.662952423095703, -24.697525024414062, 6.044211387634277, 26.510969161987305, 10.062049865722656, -3.5754404067993164, -0.988292932510376, 32.23394775390625, 63.22732162475586, 26.473125457763672], [-25.436452865600586, 13.965347290039062, -20.170316696166992, 17.004531860351562, 12.16458797454834, -4.5663743019104, -10.175827980041504, 1.9289237260818481, 9.003204345703125, -11.162981986999512, -9.294332504272461, 26.473125457763672, 64.36658477783203]], "lowlevel.mfcc.icov": [[0.002296155085787177, 0.0008220369927585125, 0.000310448493110016, 0.0005323716322891414, 0.0010983779793605208, -0.00065802619792521, 0.0010532471351325512, -6.21378276264295e-05, 0.0008782647200860083, -0.0003408683405723423, 0.00011924303544219583, 0.00039233610732480884, 0.00027368476730771363], [0.0008220369927585125, 0.006252714432775974, 0.003955679014325142, -0.0004813990381080657, 0.003303416771814227, 0.0018611977575346828, -0.0008091278141364455, 0.0024126614443957806, -0.001140672480687499, 0.0019919087644666433, -0.0005282547208480537, 0.0004478592600207776, -0.00011298075696686283], [0.000310448493110016, 0.003955679014325142, 0.0075990245677530766, -0.0020882689859718084, 0.0016054295701906085, 0.004401985090225935, -0.002235154388472438, 0.0017246970674023032, 0.0032625074964016676, 0.0001979546796064824, 0.0015678990166634321, 0.0011631338857114315, 0.0011272454867139459], [0.0005323716322891414, -0.0004813990381080657, -0.0020882689859718084, 0.009232984855771065, -0.002735911402851343, -0.00024543754989281297, 0.0031371803488582373, -0.0007766658673062921, -0.0024878820404410362, 0.002211853163316846, -0.0017606649780645967, 0.002334090182557702, -0.0022425013594329357], [0.0010983779793605208, 0.003303416771814227, 0.0016054295701906085, -0.002735911402851343, 0.014034092426300049, -0.004815169144421816, 0.0037276106886565685, 0.004445499274879694, -0.0028736863750964403, -0.0013394072884693742, 0.005818973295390606, -0.0009597399039193988, -0.00018998273299075663], [-0.00065802619792521, 0.0018611977575346828, 0.004401985090225935, -0.00024543754989281297, -0.004815169144421816, 0.019143693149089813, -0.01048574410378933, 0.004908756352961063, 0.0017587736947461963, -0.0005469832685776055, -0.0019171026069670916, 0.0023115596268326044, -0.00032467200071550906], [0.0010532471351325512, -0.0008091278141364455, -0.002235154388472438, 0.0031371803488582373, 0.0037276106886565685, -0.01048574410378933, 0.021755201742053032, -0.013962415978312492, 0.004924638196825981, 0.0016307956539094448, -0.001717535313218832, -0.003567788517102599, 0.0022853114642202854], [-6.21378276264295e-05, 0.0024126614443957806, 0.0017246970674023032, -0.0007766658673062921, 0.004445499274879694, 0.004908756352961063, -0.013962415978312492, 0.029747331514954567, -0.015593163669109344, 0.00453409506008029, 0.00326564465649426, -0.0007990709855221212, 0.00037452258402481675], [0.0008782647200860083, -0.001140672480687499, 0.0032625074964016676, -0.0024878820404410362, -0.0028736863750964403, 0.0017587736947461963, 0.004924638196825981, -0.015593163669109344, 0.03191472962498665, -0.018934154883027077, 0.0038043311797082424, 0.0017325675580650568, -0.003723121015354991], [-0.0003408683405723423, 0.0019919087644666433, 0.0001979546796064824, 0.002211853163316846, -0.0013394072884693742, -0.0005469832685776055, 0.0016307956539094448, 0.00453409506008029, -0.018934154883027077, 0.0322578139603138, -0.01684412732720375, 0.004801468458026648, 0.0030828751623630524], [0.00011924303544219583, -0.0005282547208480537, 0.0015678990166634321, -0.0017606649780645967, 0.005818973295390606, -0.0019171026069670916, -0.001717535313218832, 0.00326564465649426, 0.0038043311797082424, -0.01684412732720375, 0.03172716870903969, -0.016209034249186516, 0.007307570427656174], [0.00039233610732480884, 0.0004478592600207776, 0.0011631338857114315, 0.002334090182557702, -0.0009597399039193988, 0.0023115596268326044, -0.003567788517102599, -0.0007990709855221212, 0.0017325675580650568, 0.004801468458026648, -0.016209034249186516, 0.03330409526824951, -0.0158366858959198], [0.00027368476730771363, -0.00011298075696686283, 0.0011272454867139459, -0.0022425013594329357, -0.00018998273299075663, -0.00032467200071550906, 0.0022853114642202854, 0.00037452258402481675, -0.003723121015354991, 0.0030828751623630524, 0.007307570427656174, -0.0158366858959198, 0.025601321831345558]], "metadata.audio_properties.analysis.downmix": "mix", "metadata.audio_properties.codec": "mp3", "metadata.audio_properties.md5_encoded": "d85eb5683803461c2f678cb58d7f7bc5", "metadata.tags.file_name": "1183718016421212160.mp3", "metadata.version.essentia": "2.1-beta6-dev", "metadata.version.essentia_git_sha": "v2.1_beta5-1110-g77a6a954", "metadata.version.extractor": "music 2.0", "tonal.chords_key": "G", "tonal.chords_scale": "major", "tonal.key_edma.key": "G", "tonal.key_edma.scale": "major", "tonal.