{"song_id": "1183705324826415174", "download": "https://cdn.discordapp.com/attachments/1128313332273782784/1183705324826415174/chirp.mp4?ex=65894e7d&amp", "lyrics": "In the night's soft glow, our hearts in sync,\nWhispers of love, in every blink.\nUnder the moon, our shadows dance,\nIn this rhythm, we find romance.\n\nYour voice, a melody, so sweet and true,\nIn every word, I feel something new.\nIn the warmth of your embrace, I find my peace,\nIn this love song, our hearts never cease.", "style": ["random"], "essentia_features": {"lowlevel.average_loudness": 0.9749366044998169, "lowlevel.barkbands_crest.mean": 15.390323638916016, "lowlevel.barkbands_crest.stdev": 4.452027797698975, "lowlevel.barkbands_flatness_db.mean": 0.17870713770389557, "lowlevel.barkbands_flatness_db.stdev": 0.054197050631046295, "lowlevel.barkbands_kurtosis.mean": 23.09610366821289, "lowlevel.barkbands_kurtosis.stdev": 27.498632431030273, "lowlevel.barkbands_skewness.mean": 3.8687901496887207, "lowlevel.barkbands_skewness.stdev": 2.175264835357666, "lowlevel.barkbands_spread.mean": 17.936357498168945, "lowlevel.barkbands_spread.stdev": 12.515169143676758, "lowlevel.dissonance.mean": 0.44791632890701294, "lowlevel.dissonance.stdev": 0.029732955619692802, "lowlevel.dynamic_complexity": 2.3383960723876953, "lowlevel.erbbands_crest.mean": 9.7963228225708, "lowlevel.erbbands_crest.stdev": 3.719226360321045, "lowlevel.erbbands_flatness_db.mean": 0.10178877413272858, "lowlevel.erbbands_flatness_db.stdev": 0.02922649495303631, "lowlevel.erbbands_kurtosis.mean": 0.856788694858551, "lowlevel.erbbands_kurtosis.stdev": 2.344433546066284, "lowlevel.erbbands_skewness.mean": 0.9390628337860107, "lowlevel.erbbands_skewness.stdev": 0.7071307301521301, "lowlevel.erbbands_spread.mean": 64.86438751220703, "lowlevel.erbbands_spread.stdev": 28.49525260925293, "lowlevel.hfc.mean": 32.037261962890625, "lowlevel.hfc.stdev": 23.48200035095215, "lowlevel.loudness_ebu128.integrated": -21.70805549621582, "lowlevel.loudness_ebu128.loudness_range": 1.3709754943847656, "lowlevel.loudness_ebu128.momentary.mean": -21.8609619140625, "lowlevel.loudness_ebu128.momentary.stdev": 1.1640089750289917, "lowlevel.loudness_ebu128.short_term.mean": -21.771089553833008, "lowlevel.loudness_ebu128.short_term.stdev": 0.45188257098197937, "lowlevel.melbands_crest.mean": 25.168663024902344, "lowlevel.melbands_crest.stdev": 7.52060604095459, "lowlevel.melbands_flatness_db.mean": 0.26773616671562195, "lowlevel.melbands_flatness_db.stdev": 0.06190980225801468, "lowlevel.melbands_kurtosis.mean": 62.27294158935547, "lowlevel.melbands_kurtosis.stdev": 81.2779541015625, "lowlevel.melbands_skewness.mean": 5.312738418579102, "lowlevel.melbands_skewness.stdev": 3.1858277320861816, "lowlevel.melbands_spread.mean": 11.597260475158691, "lowlevel.melbands_spread.stdev": 10.208645820617676, "lowlevel.pitch_salience.mean": 0.3418102264404297, "lowlevel.pitch_salience.stdev": 0.13276728987693787, "lowlevel.silence_rate_20dB.mean": 0.9535353779792786, "lowlevel.silence_rate_20dB.stdev": 0.21048946678638458, "lowlevel.silence_rate_30dB.mean": 0.6067339777946472, "lowlevel.silence_rate_30dB.stdev": 0.48847857117652893, "lowlevel.silence_rate_60dB.mean": 0.0006734006456099451, "lowlevel.silence_rate_60dB.stdev": 0.02594122663140297, "lowlevel.spectral_centroid.mean": 1015.9115600585938, "lowlevel.spectral_centroid.stdev": 425.0638122558594, "lowlevel.spectral_complexity.mean": 14.22895622253418, "lowlevel.spectral_complexity.stdev": 8.011360168457031, "lowlevel.spectral_decrease.mean": -2.9161501657881672e-08, "lowlevel.spectral_decrease.stdev": 3.3669277144099397e-08, "lowlevel.spectral_energy.mean": 0.11296816170215607, "lowlevel.spectral_energy.stdev": 0.12833663821220398, "lowlevel.spectral_energyband_high.mean": 0.0018472339725121856, "lowlevel.spectral_energyband_high.stdev": 0.0018229280831292272, "lowlevel.spectral_energyband_low.mean": 0.08565341681241989, "lowlevel.spectral_energyband_low.stdev": 0.12503401935100555, "lowlevel.spectral_energyband_middle_high.mean": 0.004055383149534464, "lowlevel.spectral_energyband_middle_high.stdev": 0.006152460817247629, "lowlevel.spectral_energyband_middle_low.mean": 0.013952027074992657, "lowlevel.spectral_energyband_middle_low.stdev": 0.011265432462096214, "lowlevel.spectral_entropy.mean": 7.862313747406006, "lowlevel.spectral_entropy.stdev": 0.26286983489990234, "lowlevel.spectral_flux.mean": 0.1631230264902115, "lowlevel.spectral_flux.stdev": 0.14302921295166016, "lowlevel.spectral_kurtosis.mean": 2.047480583190918, "lowlevel.spectral_kurtosis.stdev": 1.6230641603469849, "lowlevel.spectral_rms.mean": 0.009563909843564034, "lowlevel.spectral_rms.stdev": 0.00432949885725975, "lowlevel.spectral_rolloff.mean": 484.1554260253906, "lowlevel.spectral_rolloff.stdev": 907.9356079101562, "lowlevel.spectral_skewness.mean": 1.3888522386550903, "lowlevel.spectral_skewness.stdev": 0.38035306334495544, "lowlevel.spectral_spread.mean": 8572927.0, "lowlevel.spectral_spread.stdev": 1894258.875, "lowlevel.spectral_strongpeak.mean": 0.4138110876083374, "lowlevel.spectral_strongpeak.stdev": 0.6369338631629944, "lowlevel.zerocrossingrate.mean": 0.05109526216983795, "lowlevel.zerocrossingrate.stdev": 0.02797851338982582, "metadata.audio_properties.analysis.equal_loudness": 0.0, "metadata.audio_properties.analysis.length": 34.453311920166016, "metadata.audio_properties.analysis.sample_rate": 44100.0, "metadata.audio_properties.analysis.start_time": 0.0, "metadata.audio_properties.bit_rate": 118976.0, "metadata.audio_properties.length": 34.45333480834961, "metadata.audio_properties.lossless": 0.0, "metadata.audio_properties.number_channels": 1.0, "metadata.audio_properties.replay_gain": -2.7135238647460938, "metadata.audio_properties.sample_rate": 48000.0, "rhythm.beats_count": 56.0, "rhythm.beats_loudness.mean": 0.16472722589969635, "rhythm.beats_loudness.stdev": 0.09326962381601334, "rhythm.bpm": 97.5144271850586, "rhythm.bpm_histogram_first_peak_bpm": 98.0, "rhythm.bpm_histogram_first_peak_weight": 0.07999998331069946, "rhythm.bpm_histogram_second_peak_bpm": 105.0, "rhythm.bpm_histogram_second_peak_spread": 0.19999998807907104, "rhythm.bpm_histogram_second_peak_weight": 0.072727270424366, "rhythm.danceability": 2.196404457092285, "rhythm.onset_rate": 3.8584249019622803, "tonal.chords_changes_rate": 0.0013458949979394674, "tonal.chords_number_rate": 0.0013458949979394674, "tonal.chords_strength.mean": 0.576675295829773, "tonal.chords_strength.stdev": 0.05227261036634445, "tonal.hpcp_crest.mean": 13.237396240234375, "tonal.hpcp_crest.stdev": 4.706921100616455, "tonal.hpcp_entropy.mean": 1.8561680316925049, "tonal.hpcp_entropy.stdev": 0.5287008881568909, "tonal.key_edma.strength": 0.6612312197685242, "tonal.key_krumhansl.strength": 0.6463317275047302, "tonal.key_temperley.strength": 0.6231498122215271, "tonal.tuning_diatonic_strength": 0.5040009617805481, "tonal.tuning_equal_tempered_deviation": 0.18497993052005768, "tonal.tuning_frequency": 434.193115234375, "tonal.tuning_nontempered_energy_ratio": 0.8846877813339233, "lowlevel.barkbands.mean": [0.028710778802633286, 0.05963980406522751, 0.004839403089135885, 0.0012889290228486061, 0.0033483454026281834, 0.0026622768491506577, 0.004512203857302666, 0.001173353404738009, 0.0008146939217112958, 0.0009177996544167399, 0.00038291423697955906, 0.0009396477835252881, 0.000459119415609166, 0.00029730977257713675, 0.0003042820026166737, 0.00018876140529755503, 0.0002081501152133569, 0.00019917084136977792, 0.00015646277461200953, 0.00014357503096107394, 0.00016411773685831577, 0.00030667390092276037, 0.0002738394832704216, 0.0003168908879160881, 0.0003861986333504319, 0.0003000045835506171, 3.3501921279821545e-05], "lowlevel.barkbands.stdev": [0.030405215919017792, 0.10662977397441864, 0.019749818369746208, 0.00310157286003232, 0.005957957822829485, 0.0020257674623280764, 0.00356488861143589, 0.0019367053173482418, 0.0023238377179950476, 0.0017634315881878138, 0.0012794791255146265, 0.0032404677476733923, 0.0014438378857448697, 0.0010860743932425976, 0.0010565160773694515, 0.0005832103197462857, 0.0004793069965671748, 0.0004822758201044053, 0.00031483048223890364, 0.00024168292293325067, 0.0002524672308936715, 0.0004931521834805608, 0.0003503793850541115, 0.00033420053659938276, 0.00035627218312583864, 0.00021719088545069098, 3.2349180401070043e-05], "lowlevel.erbbands.mean": [2.537438154220581, 10.263548851013184, 9.106857299804688, 4.359132766723633, 9.74254322052002, 7.228959083557129, 23.60505485534668, 20.687217712402344, 69.78661346435547, 28.53807830810547, 29.816272735595703, 21.506759643554688, 16.731792449951172, 30.55834197998047, 26.52518653869629, 35.492103576660156, 22.46962547302246, 17.8433780670166, 17.86600112915039, 11.967255592346191, 9.580970764160156, 12.053584098815918, 11.912651062011719, 8.69751262664795, 7.368503570556641, 6.682123184204102, 5.461268424987793, 8.2343111038208, 11.555137634277344, 9.16277027130127, 7.498751640319824, 6.545246601104736, 5.370804309844971, 4.41914176940918, 2.6525461673736572, 1.4869985580444336, 0.45146360993385315, 0.12434935569763184, 0.0031829813960939646, 0.0002050009206868708], "lowlevel.erbbands.stdev": [3.1420044898986816, 24.92035675048828, 32.10953140258789, 13.158648490905762, 22.1536922454834, 14.670487403869629, 19.38591957092285, 17.84492301940918, 52.94922637939453, 28.17750358581543, 49.348934173583984, 54.850460052490234, 42.298377990722656, 55.84709167480469, 89.90345001220703, 117.25414276123047, 62.80282211303711, 61.42850112915039, 56.9423828125, 33.770198822021484, 25.749670028686523, 26.870174407958984, 28.651273727416992, 19.018905639648438, 13.586094856262207, 10.936958312988281, 8.818448066711426, 13.001503944396973, 18.888734817504883, 13.368072509765625, 9.369375228881836, 7.600139141082764, 5.702053546905518, 4.617369651794434, 2.2202529907226562, 1.2392785549163818, 0.3274419903755188, 0.10038348287343979, 0.002692563459277153, 0.00016682683781255037], "lowlevel.gfcc.mean": [47.06816101074219, 54.875892639160156, -50.73323440551758, 24.999805450439453, -66.2298583984375, 17.354936599731445, -34.31393814086914, 25.832378387451172, -15.62698745727539, 21.184680938720703, -5.4243645668029785, 23.016809463500977, -7.918224334716797], "lowlevel.melbands.mean": [0.021509777754545212, 0.0075072948820889, 0.000921215454582125, 0.0006320966058410704, 0.0006846240721642971, 0.0004463234217837453, 0.0010559576330706477, 0.00026587516185827553, 0.00023583509027957916, 0.0001215896409121342, 8.317062020068988e-05, 0.000129638152429834, 6.726699939463288e-05, 0.0001114619299187325, 6.14019445492886e-05, 4.672623981605284e-05, 3.083372939727269e-05, 2.8329874112387188e-05, 1.851558408816345e-05, 1.5788202290423214e-05, 9.924410733219702e-06, 1.2867733858001884e-05, 1.1878321856784169e-05, 8.710338079254143e-06, 6.9345501287898514e-06, 5.584270184044726e-06, 5.3115509217604995e-06, 4.147590971115278e-06, 3.2841974189068424e-06, 3.466338966973126e-06, 5.2568384489859454e-06, 7.0227911237452645e-06, 5.240538484940771e-06, 5.034923105995404e-06, 4.2389265217934735e-06, 4.126427029405022e-06, 3.967371867474867e-06, 3.794001258938806e-06, 3.634473159763729e-06, 3.832166839856654e-06], "lowlevel.melbands.stdev": [0.028287507593631744, 0.02193141169846058, 0.002241542562842369, 0.0013789472868666053, 0.0005901035619899631, 0.00037852945388294756, 0.0008051759214140475, 0.00029754123534075916, 0.0004202543059363961, 0.0003154083387926221, 0.00021760139497928321, 0.00024082110030576587, 0.00022184486442711204, 0.00041541358223184943, 0.00018610901315696537, 0.00014848620048724115, 0.00012040090950904414, 8.870265446603298e-05, 6.542482151417062e-05, 5.1882194384234026e-05, 2.6586809326545335e-05, 3.25093642459251e-05, 2.849500197044108e-05, 2.0775645680259913e-05, 1.58557049871888e-05, 1.1041704055969603e-05, 9.999643225455657e-06, 6.94132586431806e-06, 5.9381668506830465e-06, 5.3738094720756635e-06, 8.838172107061837e-06, 1.1830064067908097e-05, 8.770345630182419e-06, 7.2953571361722425e-06, 5.494567176356213e-06, 5.158711246622261e-06, 4.644237378670368e-06, 4.147269464738201e-06, 4.328476279624738e-06, 3.9539081626571715e-06], "lowlevel.melbands128.mean": [0.020531583577394485, 0.023780696094036102, 0.022899894043803215, 0.015547486953437328, 0.006518312729895115, 0.001853718888014555, 0.0007486144313588738, 0.0006454936810769141, 0.001198402838781476, 0.000674501876346767, 0.0002112107176799327, 0.0004996184725314379, 0.00108529650606215, 0.0005176382837817073, 0.0005255162250250578, 0.00026469369186088443, 0.0005677647422999144, 0.001905216951854527, 0.0006928809452801943, 0.00011959473340539262, 0.000144277248182334, 0.0002560561115387827, 0.0002918727695941925, 0.00015391122724395245, 0.00015236230683512986, 0.0001000371266854927, 6.555734580615535e-05, 7.233476935653016e-05, 7.503087545046583e-05, 0.00022450725373346359, 0.0001052612642524764, 3.8917220081202686e-05, 4.3401574657764286e-05, 0.00010570068116066977, 0.00012611423153430223, 0.00010991094313794747, 0.00010143386316485703, 5.132360820425674e-05, 4.638083919417113e-05, 4.694017843576148e-05, 5.3722997108707204e-05, 3.196398392901756e-05, 3.108711462118663e-05, 3.299480158602819e-05, 1.9510038328007795e-05, 2.9653176170540974e-05, 3.7958641769364476e-05, 1.479188085795613e-05, 1.2778017662640195e-05, 1.5330650057876483e-05, 1.957531458174344e-05, 1.1975786037510261e-05, 8.803564924164675e-06, 9.024329301610123e-06, 1.2050299119437113e-05, 1.5685356629546732e-05, 1.0321097761334386e-05, 1.1248595910728909e-05, 1.3074883099761792e-05, 1.2755995157931466e-05, 7.680961971345823e-06, 6.4927394305414055e-06, 6.808159923821222e-06, 7.78967296355404e-06, 5.839469849888701e-06, 6.058774033590453e-06, 4.92636218041298e-06, 4.391127276903717e-06, 6.419664259738056e-06, 5.130669705977198e-06, 4.0334734876523726e-06, 3.6813148653891403e-06, 3.348458449181635e-06, 3.345103095853119e-06, 2.986480922118062e-06, 3.2417326565337135e-06, 3.705547896970529e-06, 4.178584731562296e-06, 5.696931111742742e-06, 5.765080004493939e-06, 7.275367806869326e-06, 8.34664206195157e-06, 5.048287221143255e-06, 4.900746716884896e-06, 5.19368677487364e-06, 5.255100404610857e-06, 5.041098575020442e-06, 4.38651204603957e-06, 4.018246272607939e-06, 4.360756975074764e-06, 4.175315552856773e-06, 4.021891982119996e-06, 4.09162475989433e-06, 3.7994427657395136e-06, 3.9925507735461e-06, 4.270833414921071e-06, 3.4870272429543547e-06, 3.522845872794278e-06, 3.7154359233682044e-06, 3.824130089924438e-06, 3.3009762319125002e-06, 4.322478616813896e-06, 3.737584620466805e-06, 3.22711571243417e-06, 2.792866553136264e-06, 2.5929864477802766e-06, 2.9133389034541324e-06, 3.055970410059672e-06, 2.8759470751538174e-06, 2.3362811134575168e-06, 1.627440383344947e-06, 1.3378927405938157e-06, 1.203881879519031e-06, 1.477040427744214e-06, 1.2596376564033562e-06, 1.4967883998906473e-06, 1.1648899089777842e-06, 3.2000957617128734e-07, 2.560651468641595e-09, 1.3817808008909083e-10, 1.206769545403219e-10, 9.922369176296186e-11, 1.0175479903118401e-10, 7.683614855480414e-11, 8.050809324755548e-11, 7.347755043296544e-11, 6.334313629174915e-11, 7.981603572515539e-11], "lowlevel.melbands128.stdev": [0.020626001060009003, 0.026762645691633224, 0.04275377467274666, 0.04241105169057846, 0.02261330373585224, 0.007660839706659317, 0.002586010843515396, 0.0014644464245066047, 0.0029604583978652954, 0.0016800456214696169, 0.0007400017348118126, 0.0005865084822289646, 0.000927342043723911, 0.0004536422493401915, 0.0005644474877044559, 0.0004051766882184893, 0.0005746286478824914, 0.0014656971907243133, 0.0006363546708598733, 0.000296402839012444, 0.00037827741471119225, 0.0005003748810850084, 0.0005622434546239674, 0.0007200291147455573, 0.0005298209143802524, 0.00029301829636096954, 0.00026330965920351446, 0.0002932635834440589, 0.0003046480705961585, 0.00043136239401064813, 0.0002332227595616132, 0.00020356560708023608, 0.0001567512226756662, 0.00048087333561852574, 0.0006707622087560594, 0.0005870413733646274, 0.00035819088225252926, 0.000228790013352409, 0.00023708514345344156, 0.00016225271974690259, 0.00022842238831799477, 0.00017476505308877677, 0.00015158856695052236, 0.00018227579130325466, 6.879537249915302e-05, 0.000115795417514164, 0.00018273858586326241, 8.081552368821576e-05, 5.198220969759859e-05, 5.198340295464732e-05, 8.830362639855593e-05, 4.800503666047007e-05, 3.227993147447705e-05, 2.3982000129763037e-05, 3.821372229140252e-05, 4.8433423216920346e-05, 2.970945388369728e-05, 3.0703082302352414e-05, 4.4856999011244625e-05, 3.698167347465642e-05, 2.173078064515721e-05, 1.4883870790072251e-05, 1.8489074136596173e-05, 2.0249615772627294e-05, 1.2815341506211553e-05, 1.3140659575583413e-05, 1.083201277651824e-05, 8.302394235215615e-06, 1.4863167962175794e-05, 9.53628659772221e-06, 7.818204721843358e-06, 6.782624495826894e-06, 7.537304554716684e-06, 7.1553549787495285e-06, 4.943925432598917e-06, 5.913564564252738e-06, 6.18267495156033e-06, 7.965092663653195e-06, 1.0848231795534957e-05, 1.0720366844907403e-05, 1.3462914466799702e-05, 1.5060527402965818e-05, 8.954661097959615e-06, 9.935757589119021e-06, 8.872469152265694e-06, 8.32776368042687e-06, 7.946568075567484e-06, 6.347731869027484e-06, 5.890069587621838e-06, 5.9057156249764375e-06, 5.911014341108967e-06, 5.640099516313057e-06, 5.716775831388077e-06, 4.795679160451982e-06, 5.371927727537695e-06, 5.306974344421178e-06, 4.366575467429357e-06, 4.279439508536598e-06, 4.994852588424692e-06, 5.311959739628946e-06, 4.21798949901131e-06, 4.679990979639115e-06, 3.89316937798867e-06, 3.516028755257139e-06, 2.66562233264267e-06, 2.574510745034786e-06, 2.888715698645683e-06, 2.814513663906837e-06, 3.1051681617100257e-06, 2.25502253670129e-06, 1.7113253534262185e-06, 1.235649847330933e-06, 1.0138218158317613e-06, 1.2565055840241257e-06, 1.0933024441328598e-06, 1.369114556837303e-06, 1.1015546306225588e-06, 4.2819323198273196e-07, 3.832458261854299e-08, 2.1251058690552327e-09, 1.9434067688450796e-09, 1.232324797761919e-09, 1.3206495896866954e-09, 8.876435142468608e-10, 1.003739424909611e-09, 9.002284473424993e-10, 6.979670175155661e-10, 1.0433727215541921e-09], "lowlevel.mfcc.mean": [-620.46240234375, 102.5342788696289, 56.44971466064453, 19.777475357055664, 4.768025875091553, -1.4177188873291016, 0.1588229387998581, 7.278404712677002, 2.75412654876709, 1.912802815437317, 9.543135643005371, 9.407628059387207, 12.30255126953125], "lowlevel.spectral_contrast_coeffs.mean": [-0.7280236482620239, -0.691244900226593, -0.760287344455719, -0.8235077261924744, -0.8157784938812256, -0.7863444685935974], "lowlevel.spectral_contrast_coeffs.stdev": [0.057626523077487946, 0.05244240537285805, 0.05604929476976395, 0.05463343858718872, 0.03379249572753906, 0.030175648629665375], "lowlevel.spectral_contrast_valleys.mean": [-6.273643493652344, -6.479173183441162, -7.535430908203125, -7.9533281326293945, -7.577273845672607, -9.209129333496094], "lowlevel.spectral_contrast_valleys.stdev": [0.6956474781036377, 0.5411908626556396, 0.7395344972610474, 0.7616024017333984, 0.5635353922843933, 0.4774132966995239], "rhythm.beats_loudness_band_ratio.mean": [0.8212903738021851, 0.0684838816523552, 0.06812101602554321, 0.021495232358574867, 0.012593060731887817, 0.03389427810907364], "rhythm.beats_loudness_band_ratio.stdev": [0.138629749417305, 0.06540631502866745, 0.07102074474096298, 0.02855551615357399, 0.021262479946017265, 0.028916671872138977], "tonal.hpcp.mean": [0.16024084389209747, 0.1929853856563568, 0.07913567125797272, 0.03547185659408569, 0.029289864003658295, 0.023112084716558456, 0.02385316602885723, 0.03029724955558777, 0.03417075425386429, 0.041134994477033615, 0.04243633896112442, 0.03708482161164284, 0.0332377664744854, 0.025452928617596626, 0.02959522232413292, 0.1207834780216217, 0.15286169946193695, 0.07142715156078339, 0.03335321694612503, 0.02506716363132, 0.0264078788459301, 0.032477471977472305, 0.03343834728002548, 0.28978830575942993, 0.5667323470115662, 0.31570345163345337, 0.033452048897743225, 0.01996021904051304, 0.023534759879112244, 0.040905408561229706, 0.08743172138929367, 0.12866908311843872, 0.10724347084760666, 0.06052318587899208, 0.049539629369974136, 0.05511045455932617], "tonal.hpcp.stdev": [0.21267099678516388, 0.23864014446735382, 0.16552647948265076, 0.15126349031925201, 0.13747821748256683, 0.11105304956436157, 0.10850710421800613, 0.13577598333358765, 0.14662712812423706, 0.14474819600582123, 0.15377187728881836, 0.14012406766414642, 0.14329609274864197, 0.11419011652469635, 0.1189367026090622, 0.19077366590499878, 0.23618018627166748, 0.17505109310150146, 0.13148538768291473, 0.1188533678650856, 0.11910422891378403, 0.13203440606594086, 0.12620460987091064, 0.2409464418888092, 0.4569638669490814, 0.2494211345911026, 0.11984304338693619, 0.09973949193954468, 0.1022847592830658, 0.15024615824222565, 0.2020835280418396, 0.27319782972335815, 0.25933629274368286, 0.1933671534061432, 0.17592324316501617, 0.189600870013237], "rhythm.beats_position": [0.5572788715362549, 1.1377778053283691, 1.7066665887832642, 2.2755556106567383, 2.8444442749023438, 3.4133331775665283, 4.017052173614502, 4.632380962371826, 5.24770975112915, 5.851428508758545, 6.478367328643799, 7.093696117401123, 7.709024906158447, 8.324353218078613, 8.939682006835938, 9.555010795593262, 10.170339584350586, 10.78566837310791, 11.400997161865234, 12.016325950622559, 12.631654739379883, 13.246983528137207, 13.862312316894531, 14.477641105651855, 15.09296989440918, 15.708298683166504, 16.323627471923828, 16.93895721435547, 17.554285049438477, 18.169614791870117, 18.784942626953125, 19.400272369384766, 20.015600204467773, 20.642539978027344, 21.246257781982422, 21.861587524414062, 22.47691535949707, 23.09224510192871, 23.70757293701172, 24.32290267944336, 24.938230514526367, 25.553560256958008, 26.168888092041016, 26.784217834472656, 27.399545669555664, 28.014875411987305, 28.630203247070312, 29.245532989501953, 29.86086082458496, 30.48780059814453, 31.09151840209961, 31.70684814453125, 32.32217788696289, 32.937503814697266, 33.552833557128906, 34.179771423339844], "rhythm.bpm_histogram": [0.0, 0.0, 0.0, 0.0, 0.0, 0.0, 0.0, 0.0, 0.0, 0.0, 0.0, 0.0, 0.0, 0.0, 0.0, 0.0, 0.0, 0.0, 0.0, 0.0, 0.0, 0.0, 0.0, 0.0, 0.0, 0.0, 0.0, 0.0, 0.0, 0.0, 0.0, 0.0, 0.0, 0.0, 0.0, 0.0, 0.0, 0.0, 0.0, 0.0, 0.0, 0.0, 0.0, 0.0, 0.0, 0.0, 0.0, 0.0, 0.0, 0.0, 0.0, 0.0, 0.0, 0.0, 0.0, 0.0, 0.0, 0.0, 0.0, 0.0, 0.0, 0.0, 0.0, 0.0, 0.0, 0.0, 0.0, 0.0, 0.0, 0.0, 0.0, 0.0, 0.0, 0.0, 0.0, 0.0, 0.0, 0.0, 0.0, 0.0, 0.0, 0.0, 0.0, 0.0, 0.0, 0.0, 0.0, 0.0, 0.0, 0.0, 0.0, 0.0, 0.0, 0.0, 0.0, 0.0, 0.072727270424366, 0.0, 0.7636363506317139, 0.072727270424366, 0.0, 0.0, 0.0, 0.0181818176060915, 0.0, 0.072727270424366, 0.0, 0.0, 0.0, 0.0, 0.0, 0.0, 0.0, 0.0, 0.0, 0.0, 0.0, 0.0, 0.0, 0.0, 0.0, 0.0, 0.0, 0.0, 0.0, 0.0, 0.0, 0.0, 0.0, 0.0, 0.0, 0.0, 0.0, 0.0, 0.0, 0.0, 0.0, 0.0, 0.0, 0.0, 0.0, 0.0, 0.0, 0.0, 0.0, 0.0, 0.0, 0.0, 0.0, 0.0, 0.0, 0.0, 0.0, 0.0, 0.0, 0.0, 0.0, 0.0, 0.0, 0.0, 0.0, 0.0, 0.0, 0.0, 0.0, 0.0, 0.0, 0.0, 0.0, 0.0, 0.0, 0.0, 0.0, 0.0, 0.0, 0.0, 0.0, 0.0, 0.0, 0.0, 0.0, 0.0, 0.0, 0.0, 0.0, 0.0, 0.0, 0.0, 0.0, 0.0, 0.0, 0.0, 0.0, 0.0, 0.0, 0.0, 0.0, 0.0, 0.0, 0.0, 0.0, 0.0, 0.0, 0.0, 0.0, 0.0, 0.0, 0.0, 0.0, 0.0, 0.0, 0.0, 0.0, 0.0, 0.0, 0.0, 0.0, 0.0, 0.0, 0.0, 0.0, 0.0, 0.0, 0.0, 0.0, 0.0, 0.0, 0.0, 0.0, 0.0, 0.0, 0.0, 0.0, 0.0, 0.0, 0.0, 0.0, 0.0, 0.0, 0.0, 0.0, 0.0, 0.0, 0.0, 0.0, 0.0, 0.0, 0.0, 0.0, 0.0], "tonal.chords_histogram": [0.0, 99.3270492553711, 0.6729475259780884, 0.0, 0.0, 0.0, 0.0, 0.0, 0.0, 0.0, 0.0, 0.0, 0.0, 0.0, 0.0, 0.0, 0.0, 0.0, 0.0, 0.0, 0.0, 0.0, 0.0, 0.0], "tonal.thpcp": [1.0, 0.5570591688156128, 0.05902618542313576, 0.03521983325481415, 0.04152711480855942, 0.07217764854431152, 0.1542733907699585, 0.22703677415847778, 0.1892312467098236, 0.10679324716329575, 0.0874127447605133, 0.09724247455596924, 0.2827451825141907, 0.34052297472953796, 0.13963499665260315, 0.06259013712406158, 0.0516820065677166, 0.040781304240226746, 0.04208894446492195, 0.053459540009498596, 0.060294341295957565, 0.07258275151252747, 0.07487897574901581, 0.0654362216591835, 0.05864808335900307, 0.04491172730922699, 0.05222081020474434, 0.21312260627746582, 0.26972466707229614, 0.12603330612182617, 0.05885179713368416, 0.04423104599118233, 0.04659673944115639, 0.05730654299259186, 0.05900200828909874, 0.5113318562507629], "lowlevel.gfcc.cov": [[2127.786865234375, 273.2254943847656, -472.10064697265625, 226.70242309570312, 406.33709716796875, 250.88259887695312, 35.69906234741211, -85.61418914794922, -17.108013153076172, -88.27468872070312, -120.05831146240234, -191.51998901367188, -111.4261703491211], [273.2254943847656, 325.5601501464844, -114.84898376464844, -69.64161682128906, 171.58995056152344, 82.42227935791016, 34.22210693359375, -33.268985748291016, -27.749679565429688, -40.65828323364258, -17.929302215576172, -57.83964920043945, -42.667938232421875], [-472.10064697265625, -114.84898376464844, 668.3071899414062, 262.83721923828125, -168.4888916015625, -41.66373825073242, 84.76536560058594, 59.874977111816406, -0.2524297535419464, 11.512630462646484, 11.173550605773926, 38.506622314453125, 30.17380714416504], [226.70242309570312, -69.64161682128906, 262.83721923828125, 386.4135437011719, 42.92779541015625, -13.390787124633789, 18.166582107543945, 23.836475372314453, 32.863677978515625, -2.0041964054107666, -47.434879302978516, -42.47057342529297, 0.41741034388542175], [406.33709716796875, 171.58995056152344, -168.4888916015625, 42.92779541015625, 302.41143798828125, 85.96064758300781, -8.28037166595459, -15.588766098022461, 24.989564895629883, -1.7022571563720703, -23.239370346069336, -63.17799758911133, -27.481943130493164], [250.88259887695312, 82.42227935791016, -41.66373825073242, -13.390787124633789, 85.96064758300781, 153.18069458007812, 58.17133712768555, -36.74422073364258, -19.693859100341797, -3.6200802326202393, 9.3297700881958, -26.681209564208984, -29.24297523498535], [35.69906234741211, 34.22210693359375, 84.76536560058594, 18.166582107543945, -8.28037166595459, 58.17133712768555, 115.3605728149414, 26.087799072265625, -19.609046936035156, -8.920660972595215, 19.11370849609375, 8.396245956420898, -12.397383689880371], [-85.61418914794922, -33.268985748291016, 59.874977111816406, 23.836475372314453, -15.588766098022461, -36.74422073364258, 26.087799072265625, 85.3669204711914, 26.83202362060547, -0.18343636393547058, 8.480361938476562, 22.091995239257812, 18.822771072387695], [-17.108013153076172, -27.749679565429688, -0.2524297535419464, 32.863677978515625, 24.989564895629883, -19.693859100341797, -19.609046936035156, 26.83202362060547, 83.76188659667969, 38.36289978027344, -3.7574548721313477, -0.6974586248397827, 19.600942611694336], [-88.27468872070312, -40.65828323364258, 11.512630462646484, -2.0041964054107666, -1.7022571563720703, -3.6200802326202393, -8.920660972595215, -0.18343636393547058, 38.36289978027344, 70.30973815917969, 32.51490020751953, 7.084529399871826, 11.3460111618042], [-120.05831146240234, -17.929302215576172, 11.173550605773926, -47.434879302978516, -23.239370346069336, 9.3297700881958, 19.11370849609375, 8.480361938476562, -3.7574548721313477, 32.51490020751953, 74.25967407226562, 42.465213775634766, 4.9462890625], [-191.51998901367188, -57.83964920043945, 38.506622314453125, -42.47057342529297, -63.17799758911133, -26.681209564208984, 8.396245956420898, 22.091995239257812, -0.6974586248397827, 7.084529399871826, 42.465213775634766, 70.42884826660156, 30.233287811279297], [-111.4261703491211, -42.667938232421875, 30.17380714416504, 0.41741034388542175, -27.481943130493164, -29.24297523498535, -12.397383689880371, 18.822771072387695, 19.600942611694336, 11.3460111618042, 4.9462890625, 30.233287811279297, 54.6185302734375]], "lowlevel.gfcc.icov": [[0.001310693216510117, -0.00035792874405160546, 0.00148583494592458, -0.001782962353900075, 0.00012577370216604322, -0.0015505568590015173, -0.00026945804711431265, -0.00020108840544708073, 5.743366637034342e-05, 0.0007650416810065508, 0.0002780903596431017, 0.0006447837804444134, 0.0002667057269718498], [-0.00035792874405160546, 0.007641265634447336, -0.0016849740641191602, 0.0037163863889873028, -0.004739483818411827, 0.0022260332480072975, -0.003483646083623171, 0.003334315260872245, -0.0015897335251793265, 0.005956449080258608, -0.003621731186285615, 0.006359283346682787, -0.000850039126817137], [0.00148583494592458, -0.0016849740641191602, 0.005216280464082956, -0.005084073171019554, 0.0027429533656686544, -0.0021723704412579536, -0.0013292012736201286, -0.001561623765155673, 0.0013383084442466497, -0.0014023701660335064, 0.001120074768550694, -0.001419341890141368, -0.00017915935313794762], [-0.001782962353900075, 0.0037163863889873028, -0.005084073171019554, 0.008888255804777145, -0.003850141540169716, 0.00391083350405097, -0.0014588444028049707, 0.00202714535407722, -0.0023596682585775852, 0.0022135127801448107, -0.0006641286890953779, 0.004439906682819128, -0.000877000333275646], [0.00012577370216604322, -0.004739483818411827, 0.0027429533656686544, -0.003850141540169716, 0.009252048097550869, -0.004951351787894964, 0.0036567060742527246, -0.003929100930690765, -0.0006928510847501457, -0.0025026111397892237, 0.0003560377808753401, -0.00015496305422857404, 7.860959885874763e-05], [-0.0015505568590015173, 0.0022260332480072975, -0.0021723704412579536, 0.00391083350405097, -0.004951351787894964, 0.017349455505609512, -0.010244127362966537, 0.00964893214404583, -0.0022214686032384634, 0.00266796606592834, -0.00533312326297164, 0.004871034063398838, -0.0010772034293040633], [-0.00026945804711431265, -0.003483646083623171, -0.0013292012736201286, -0.0014588444028049707, 0.0036567060742527246, -0.010244127362966537, 0.020224550738930702, -0.01136243250221014, 0.004720619414001703, -0.0031110390555113554, 0.0006805672310292721, -0.004946830216795206, 0.003964623436331749], [-0.00020108840544708073, 0.003334315260872245, -0.001561623765155673, 0.00202714535407722, -0.003929100930690765, 0.00964893214404583, -0.01136243250221014, 0.024575961753726006, -0.010987485758960247, 0.010443749837577343, -0.006638939958065748, 0.002539941342547536, -0.0038487783167511225], [5.743366637034342e-05, -0.0015897335251793265, 0.0013383084442466497, -0.0023596682585775852, -0.0006928510847501457, -0.0022214686032384634, 0.004720619414001703, -0.010987485758960247, 0.026520350947976112, -0.019577302038669586, 0.011433177627623081, -0.005763006862252951, -0.0018219028133898973], [0.0007650416810065508, 0.005956449080258608, -0.0014023701660335064, 0.0022135127801448107, -0.0025026111397892237, 0.00266796606592834, -0.0031110390555113554, 0.010443749837577343, -0.019577302038669586, 0.041068922728300095, -0.0272486861795187, 0.020211288705468178, -0.007389966398477554], [0.0002780903596431017, -0.003621731186285615, 0.001120074768550694, -0.0006641286890953779, 0.0003560377808753401, -0.00533312326297164, 0.0006805672310292721, -0.006638939958065748, 0.011433177627623081, -0.0272486861795187, 0.04348791763186455, -0.03140251711010933, 0.011892011389136314], [0.0006447837804444134, 0.006359283346682787, -0.001419341890141368, 0.004439906682819128, -0.00015496305422857404, 0.004871034063398838, -0.004946830216795206, 0.002539941342547536, -0.005763006862252951, 0.020211288705468178, -0.03140251711010933, 0.05170327425003052, -0.020340822637081146], [0.0002667057269718498, -0.000850039126817137, -0.00017915935313794762, -0.000877000333275646, 7.860959885874763e-05, -0.0010772034293040633, 0.003964623436331749, -0.0038487783167511225, -0.0018219028133898973, -0.007389966398477554, 0.011892011389136314, -0.020340822637081146, 0.032354991883039474]], "lowlevel.mfcc.cov": [[2514.485107421875, 112.48870086669922, -663.5000610351562, -1.4995696544647217, 260.55950927734375, 313.7911071777344, 110.05848693847656, 62.397621154785156, 49.76927185058594, 65.08745574951172, 27.432024002075195, -65.71857452392578, -148.15933227539062], [112.48870086669922, 391.7708435058594, -234.51113891601562, -159.65969848632812, 49.46615982055664, 46.68465042114258, 72.14580535888672, 24.066082000732422, -12.537832260131836, -9.96142292022705, 5.30694055557251, 16.661212921142578, -36.53554916381836], [-663.5000610351562, -234.51113891601562, 725.2154541015625, 229.77891540527344, -129.33560180664062, -44.738807678222656, 12.70393180847168, 24.64671516418457, 17.550193786621094, -13.446839332580566, -26.482013702392578, 4.516809940338135, 65.69837951660156], [-1.4995696544647217, -159.65969848632812, 229.77891540527344, 326.167236328125, 74.15013122558594, -10.74653434753418, -20.86510467529297, 6.626511573791504, 55.34117126464844, 39.79147720336914, -15.104822158813477, -31.29676628112793, 22.33553695678711], [260.55950927734375, 49.46615982055664, -129.33560180664062, 74.15013122558594, 193.2838897705078, 67.9206771850586, -9.599109649658203, -11.904702186584473, 29.421350479125977, 43.87986373901367, 4.2584638595581055, -22.711118698120117, -12.389786720275879], [313.7911071777344, 46.68465042114258, -44.738807678222656, -10.74653434753418, 67.9206771850586, 167.5792694091797, 61.14476776123047, -0.516539990901947, 1.2554515600204468, 21.05513572692871, 16.755340576171875, -1.9051417112350464, -24.48663330078125], [110.05848693847656, 72.14580535888672, 12.70393180847168, -20.86510467529297, -9.599109649658203, 61.14476776123047, 131.55859375, 50.165008544921875, -15.136996269226074, -14.176531791687012, 7.199974060058594, 22.10120391845703, -0.3483954668045044], [62.397621154785156, 24.066082000732422, 24.64671516418457, 6.626511573791504, -11.904702186584473, -0.516539990901947, 50.165008544921875, 84.84151458740234, 15.802652359008789, -12.58352279663086, -6.70742654800415, 8.32234001159668, 6.218535900115967], [49.76927185058594, -12.537832260131836, 17.550193786621094, 55.34117126464844, 29.421350479125977, 1.2554515600204468, -15.136996269226074, 15.802652359008789, 70.35894775390625, 31.62500762939453, -8.620318412780762, -16.861886978149414, 2.4067821502685547], [65.08745574951172, -9.96142292022705, -13.446839332580566, 39.79147720336914, 43.87986373901367, 21.05513572692871, -14.176531791687012, -12.58352279663086, 31.62500762939453, 71.0163803100586, 18.122669219970703, -14.237890243530273, -8.926482200622559], [27.432024002075195, 5.30694055557251, -26.482013702392578, -15.104822158813477, 4.2584638595581055, 16.755340576171875, 7.199974060058594, -6.70742654800415, -8.620318412780762, 18.122669219970703, 62.14626693725586, 19.324542999267578, -8.015345573425293], [-65.71857452392578, 16.661212921142578, 4.516809940338135, -31.29676628112793, -22.711118698120117, -1.9051417112350464, 22.10120391845703, 8.32234001159668, -16.861886978149414, -14.237890243530273, 19.324542999267578, 58.06826400756836, 21.45912742614746], [-148.15933227539062, -36.53554916381836, 65.69837951660156, 22.33553695678711, -12.389786720275879, -24.48663330078125, -0.3483954668045044, 6.218535900115967, 2.4067821502685547, -8.926482200622559, -8.015345573425293, 21.45912742614746, 69.8525390625]], "lowlevel.mfcc.icov": [[0.000935600430238992, 0.00046518718590959907, 0.0011059287935495377, -0.0006310409517027438, 0.00015111239918041974, -0.001494116149842739, -0.0002446570142637938, -0.0009562555933371186, -0.00024350474996026605, 0.00016216638323385268, 0.00011725983495125547, 0.00033053121296688914, 0.000917346216738224], [0.00046518718590959907, 0.004774884786456823, 0.0009178111213259399, 0.0019887506496161222, -0.0021341447718441486, 0.000288617389742285, -0.0029122510459274054, -0.0004242877766955644, -0.0012172535061836243, 0.00027614482678472996, 0.0009373522480018437, -0.0009077541180886328, 0.002194527769461274], [0.0011059287935495377, 0.0009178111213259399, 0.004230851773172617, -0.0032476175110787153, 0.0031628734432160854, -0.002633935073390603, -0.0005273304996080697, -0.0012193092843517661, -0.0001264778693439439, 0.0001583751436555758, 0.0006427871994674206, 0.0003655292384792119, -0.00038538785884156823], [-0.0006310409517027438, 0.0019887506496161222, -0.0032476175110787153, 0.008178199641406536, -0.005463256500661373, 0.003223092295229435, -0.0016519319033250213, 0.0006867314223200083, -0.0024743254762142897, -0.0008707944070920348, 9.336859511677176e-05, 0.000937985023483634, -7.080052455421537e-05], [0.00015111239918041974, -0.0021341447718441486, 0.0031628734432160854, -0.005463256500661373, 0.012217325158417225, -0.005232987925410271, 0.0028298443648964167, -0.00034616130869835615, 0.0002803808602038771, -0.0025134989991784096, 0.0003823130391538143, 0.0013810857199132442, -0.0023573669604957104], [-0.001494116149842739, 0.000288617389742285, -0.002633935073390603, 0.003223092295229435, -0.005232987925410271, 0.01319365669041872, -0.0065061417408287525, 0.004561250563710928, -0.0009742641123011708, -0.0012377648381516337, -0.0010972440941259265, -0.00042310499702580273, 0.0015663793310523033], [-0.0002446570142637938, -0.0029122510459274054, -0.0005273304996080697, -0.0016519319033250213, 0.0028298443648964167, -0.0065061417408287525, 0.016856983304023743, -0.009027966298162937, 0.005269731394946575, -0.0003873321693390608, -0.00019343871099408716, -0.0025049918331205845, -0.0013926797546446323], [-0.0009562555933371186, -0.0004242877766955644, -0.0012193092843517661, 0.0006867314223200083, -0.00034616130869835615, 0.004561250563710928, -0.009027966298162937, 0.02057703398168087, -0.008335827849805355, 0.004296936094760895, 8.152113878168166e-05, -0.0012257536873221397, -0.0004400569887366146], [-0.00024350474996026605, -0.0012172535061836243, -0.0001264778693439439, -0.0024743254762142897, 0.0002803808602038771, -0.0009742641123011708, 0.005269731394946575, -0.008335827849805355, 0.0250290185213089, -0.010923957452178001, 0.004014046862721443, 0.0020850165747106075, -0.0022047345992177725], [0.00016216638323385268, 0.00027614482678472996, 0.0001583751436555758, -0.0008707944070920348, -0.0025134989991784096, -0.0012377648381516337, -0.0003873321693390608, 0.004296936094760895, -0.010923957452178001, 0.02519160695374012, -0.009229850955307484, 0.00395762175321579, 0.0006744306883774698], [0.00011725983495125547, 0.0009373522480018437, 0.0006427871994674206, 9.336859511677176e-05, 0.0003823130391538143, -0.0010972440941259265, -0.00019343871099408716, 8.152113878168166e-05, 0.004014046862721443, -0.009229850955307484, 0.023661216720938683, -0.010566642507910728, 0.004422912374138832], [0.00033053121296688914, -0.0009077541180886328, 0.0003655292384792119, 0.000937985023483634, 0.0013810857199132442, -0.00042310499702580273, -0.0025049918331205845, -0.0012257536873221397, 0.0020850165747106075, 0.00395762175321579, -0.010566642507910728, 0.02871042490005493, -0.009822763502597809], [0.000917346216738224, 0.002194527769461274, -0.00038538785884156823, -7.080052455421537e-05, -0.0023573669604957104, 0.0015663793310523033, -0.0013926797546446323, -0.0004400569887366146, -0.0022047345992177725, 0.0006744306883774698, 0.004422912374138832, -0.009822763502597809, 0.021644990891218185]], "metadata.audio_properties.analysis.downmix": "mix", "metadata.audio_properties.codec": "mp3", "metadata.audio_properties.md5_encoded": "3a5df1f14efbe475428b2dab174814e9", "metadata.tags.file_name": "1183705324826415174.mp3", "metadata.version.essentia": "2.1-beta6-dev", "metadata.version.essentia_git_sha": "v2.1_beta5-1110-g77a6a954", "metadata.version.extractor": "music 2.0", "tonal.chords_key": "D", "tonal.chords_scale": "minor", "tonal.key_edma.key": "Bb", "tonal.key_edma.scale": "major", "tonal.key_krumhansl.key": "Bb", "tonal.key_krumhansl.scale": "major", "tonal.key_temperley.key": "Bb", "tonal.key_temperley.scale": "major", "metadata.tags.encoding": ["Lavf58.45.100"]}, "essentia_models": [{"model_name": "genre_dortmund", "activations": {"alternative": "0.068088025", "blues": "0.009220398", "electronic": "0.14020239", "folkcountry": "0.008605164", "funksoulrnb":