{"song_id": "1183699386161705030", "download": "https://cdn.discordapp.com/attachments/1128313332273782784/1183699386161705030/chirp.mp4?ex=658948f5&amp", "lyrics": "(Verse)\nIn a garden full of dreams,\nWhere laughter flows in gentle streams,\nEvery smile is a glowing light,\nGuiding us through the darkest night.\n\n(Chorus)\nLet's dance in the moon's embrace,\nChase the stars, let's find our place,\nIn this world of wonder and grace,\nWhere love's melody finds its space.", "style": ["kids"], "essentia_features": {"lowlevel.average_loudness": 0.8609439134597778, "lowlevel.barkbands_crest.mean": 16.323394775390625, "lowlevel.barkbands_crest.stdev": 5.978420734405518, "lowlevel.barkbands_flatness_db.mean": 0.3266216516494751, "lowlevel.barkbands_flatness_db.stdev": 0.11514955759048462, "lowlevel.barkbands_kurtosis.mean": 27.104084014892578, "lowlevel.barkbands_kurtosis.stdev": 92.40103149414062, "lowlevel.barkbands_skewness.mean": 2.2425105571746826, "lowlevel.barkbands_skewness.stdev": 3.8893229961395264, "lowlevel.barkbands_spread.mean": 10.95458698272705, "lowlevel.barkbands_spread.stdev": 17.581743240356445, "lowlevel.dissonance.mean": 0.36279526352882385, "lowlevel.dissonance.stdev": 0.07731591910123825, "lowlevel.dynamic_complexity": 7.149949550628662, "lowlevel.erbbands_crest.mean": 16.606409072875977, "lowlevel.erbbands_crest.stdev": 6.571971416473389, "lowlevel.erbbands_flatness_db.mean": 0.33783459663391113, "lowlevel.erbbands_flatness_db.stdev": 0.10758157074451447, "lowlevel.erbbands_kurtosis.mean": 6.998484134674072, "lowlevel.erbbands_kurtosis.stdev": 13.753645896911621, "lowlevel.erbbands_skewness.mean": 1.0154616832733154, "lowlevel.erbbands_skewness.stdev": 1.8901522159576416, "lowlevel.erbbands_spread.mean": 19.434001922607422, "lowlevel.erbbands_spread.stdev": 24.99042510986328, "lowlevel.hfc.mean": 16.00996971130371, "lowlevel.hfc.stdev": 19.619667053222656, "lowlevel.loudness_ebu128.integrated": -12.823615074157715, "lowlevel.loudness_ebu128.loudness_range": 4.217537879943848, "lowlevel.loudness_ebu128.momentary.mean": -16.119592666625977, "lowlevel.loudness_ebu128.momentary.stdev": 6.9683518409729, "lowlevel.loudness_ebu128.short_term.mean": -13.734908103942871, "lowlevel.loudness_ebu128.short_term.stdev": 2.6583399772644043, "lowlevel.melbands_crest.mean": 18.452957153320312, "lowlevel.melbands_crest.stdev": 6.1179609298706055, "lowlevel.melbands_flatness_db.mean": 0.37168803811073303, "lowlevel.melbands_flatness_db.stdev": 0.1225135326385498, "lowlevel.melbands_kurtosis.mean": 24.368865966796875, "lowlevel.melbands_kurtosis.stdev": 55.311134338378906, "lowlevel.melbands_skewness.mean": 2.335193395614624, "lowlevel.melbands_skewness.stdev": 2.9581077098846436, "lowlevel.melbands_spread.mean": 15.199746131896973, "lowlevel.melbands_spread.stdev": 27.093303680419922, "lowlevel.pitch_salience.mean": 0.4588887393474579, "lowlevel.pitch_salience.stdev": 0.18748758733272552, "lowlevel.silence_rate_20dB.mean": 1.0, "lowlevel.silence_rate_20dB.stdev": 0.0, "lowlevel.silence_rate_30dB.mean": 0.9986631274223328, "lowlevel.silence_rate_30dB.stdev": 0.03653917834162712, "lowlevel.silence_rate_60dB.mean": 0.29344919323921204, "lowlevel.silence_rate_60dB.stdev": 0.45534029603004456, "lowlevel.spectral_centroid.mean": 917.7014770507812, "lowlevel.spectral_centroid.stdev": 712.9515380859375, "lowlevel.spectral_complexity.mean": 5.330214023590088, "lowlevel.spectral_complexity.stdev": 4.006585121154785, "lowlevel.spectral_decrease.mean": -5.262029922903366e-09, "lowlevel.spectral_decrease.stdev": 5.470049746492123e-09, "lowlevel.spectral_energy.mean": 0.021312236785888672, "lowlevel.spectral_energy.stdev": 0.02215484343469143, "lowlevel.spectral_energyband_high.mean": 9.66572406468913e-05, "lowlevel.spectral_energyband_high.stdev": 0.00021872564684599638, "lowlevel.spectral_energyband_low.mean": 0.002141129458323121, "lowlevel.spectral_energyband_low.stdev": 0.009996990673244, "lowlevel.spectral_energyband_middle_high.mean": 0.010083911009132862, "lowlevel.spectral_energyband_middle_high.stdev": 0.017164304852485657, "lowlevel.spectral_energyband_middle_low.mean": 0.00915302149951458, "lowlevel.spectral_energyband_middle_low.stdev": 0.010230794548988342, "lowlevel.spectral_entropy.mean": 6.019881725311279, "lowlevel.spectral_entropy.stdev": 1.1029235124588013, "lowlevel.spectral_flux.mean": 0.056263383477926254, "lowlevel.spectral_flux.stdev": 0.0540497861802578, "lowlevel.spectral_kurtosis.mean": 34.323036193847656, "lowlevel.spectral_kurtosis.stdev": 56.952327728271484, "lowlevel.spectral_rms.mean": 0.003760571125894785, "lowlevel.spectral_rms.stdev": 0.0025788613129407167, "lowlevel.spectral_rolloff.mean": 1407.0093994140625, "lowlevel.spectral_rolloff.stdev": 2060.7685546875, "lowlevel.spectral_skewness.mean": 3.6097755432128906, "lowlevel.spectral_skewness.stdev": 2.736264228820801, "lowlevel.spectral_spread.mean": 3372166.75, "lowlevel.spectral_spread.stdev": 3313572.0, "lowlevel.spectral_strongpeak.mean": 2.1101222038269043, "lowlevel.spectral_strongpeak.stdev": 2.4731972217559814, "lowlevel.zerocrossingrate.mean": 0.049546513706445694, "lowlevel.zerocrossingrate.stdev": 0.05587328225374222, "metadata.audio_properties.analysis.equal_loudness": 0.0, "metadata.audio_properties.analysis.length": 34.709320068359375, "metadata.audio_properties.analysis.sample_rate": 44100.0, "metadata.audio_properties.analysis.start_time": 0.0, "metadata.audio_properties.bit_rate": 117050.0, "metadata.audio_properties.length": 34.70933151245117, "metadata.audio_properties.lossless": 0.0, "metadata.audio_properties.number_channels": 1.0, "metadata.audio_properties.replay_gain": -14.527566909790039, "metadata.audio_properties.sample_rate": 48000.0, "rhythm.beats_count": 71.0, "rhythm.beats_loudness.mean": 0.03668558597564697, "rhythm.beats_loudness.stdev": 0.028779534623026848, "rhythm.bpm": 117.53852081298828, "rhythm.bpm_histogram_first_peak_bpm": 117.0, "rhythm.bpm_histogram_first_peak_weight": 0.4791666865348816, "rhythm.bpm_histogram_second_peak_bpm": 144.0, "rhythm.bpm_histogram_second_peak_spread": 0.6428571939468384, "rhythm.bpm_histogram_second_peak_weight": 0.0714285746216774, "rhythm.danceability": 1.122002363204956, "rhythm.onset_rate": 3.8012475967407227, "tonal.chords_changes_rate": 0.048064086586236954, "tonal.chords_number_rate": 0.014686248265206814, "tonal.chords_strength.mean": 0.5912916660308838, "tonal.chords_strength.stdev": 0.08707615733146667, "tonal.hpcp_crest.mean": 21.586135864257812, "tonal.hpcp_crest.stdev": 8.663113594055176, "tonal.hpcp_entropy.mean": 1.1272144317626953, "tonal.hpcp_entropy.stdev": 0.67958664894104, "tonal.key_edma.strength": 0.894116222858429, "tonal.key_krumhansl.strength": 0.894483208656311, "tonal.key_temperley.strength": 0.8877009749412537, "tonal.tuning_diatonic_strength": 0.7574284672737122, "tonal.tuning_equal_tempered_deviation": 0.03358489274978638, "tonal.tuning_frequency": 440.0, "tonal.tuning_nontempered_energy_ratio": 0.6725060939788818, "lowlevel.barkbands.mean": [2.145313010259997e-05, 0.0013122960226610303, 0.0007600145181640983, 7.081955845933408e-05, 0.00017876733909361064, 0.0059260474517941475, 0.0017424181569367647, 0.0003696170460898429, 0.0007054588058963418, 0.0017889320151880383, 0.00399139616638422, 0.002150163985788822, 0.0009625290986150503, 0.0006875665858387947, 0.0002468955935910344, 0.00010501493670744821, 5.7436245697317645e-05, 5.103832154418342e-05, 7.181322143878788e-05, 3.340105467941612e-05, 2.2328533304971643e-05, 6.283250968408538e-06, 1.0738281162048224e-05, 2.2204540073289536e-05, 1.3419797141978052e-05, 4.105645075469511e-06, 1.1038071079383371e-07], "lowlevel.barkbands.stdev": [0.00010707136971177533, 0.006821238901466131, 0.004768629092723131, 0.00044819130562245846, 0.000501354516018182, 0.009487877599895, 0.0037300498224794865, 0.0013407220831140876, 0.0015341849066317081, 0.007386964280158281, 0.010392798110842705, 0.00773252546787262, 0.0032705499324947596, 0.0021624488290399313, 0.0009482961613684893, 0.0004937858320772648, 0.00018636934692040086, 0.00014534863294102252, 0.0002040167892118916, 0.0001241514110006392, 5.9916343161603436e-05, 2.8992475563427433e-05, 4.178210292593576e-05, 8.537369285477325e-05, 5.261820842861198e-05, 2.130169013980776e-05, 9.67420419328846e-07], "lowlevel.erbbands.mean": [0.03174077346920967, 0.31588760018348694, 0.898369312286377, 0.5153821706771851, 0.22513309121131897, 1.0678069591522217, 21.936126708984375, 51.77793884277344, 23.976781845092773, 25.023700714111328, 7.192560195922852, 16.501680374145508, 30.524703979492188, 94.31029510498047, 161.35386657714844, 70.35408782958984, 48.29403305053711, 34.8825569152832, 19.1464900970459, 14.19564151763916, 4.875111103057861, 3.2655155658721924, 2.685609817504883, 3.4607861042022705, 2.9225969314575195, 1.768410563468933, 1.4900636672973633, 0.4106728434562683, 0.2309378981590271, 0.21630598604679108, 0.33095040917396545, 0.38821324706077576, 0.4047578275203705, 0.2094436138868332, 0.06384450197219849, 0.018858790397644043, 0.008094764314591885, 0.0011014366755262017, 3.3752727176761255e-05, 2.580538421170786e-05], "lowlevel.erbbands.stdev": [0.17194050550460815, 1.6859034299850464, 5.258183002471924, 3.491685152053833, 0.9682249426841736, 2.1260251998901367, 40.328243255615234, 83.53329467773438, 55.22182846069336, 62.35964584350586, 19.71559715270996, 37.30995559692383, 102.32377624511719, 279.85626220703125, 375.3688049316406, 219.62939453125, 150.77548217773438, 118.48658752441406, 65.21517944335938, 47.28342819213867, 25.991695404052734, 9.53011417388916, 6.756128787994385, 9.169195175170898, 8.890068054199219, 7.7757182121276855, 3.6265995502471924, 1.3489125967025757, 1.0869715213775635, 0.8444514274597168, 1.312055230140686, 1.3806401491165161, 1.6520706415176392, 0.8435388803482056, 0.26652607321739197, 0.09473499655723572, 0.0423552505671978, 0.0064671956934034824, 0.00013634491187985986, 2.5798088245210238e-05], "lowlevel.gfcc.mean": [-192.0506591796875, 114.95149230957031, -147.92970275878906, -40.19307327270508, -77.20024108886719, -10.361233711242676, -44.73310089111328, -6.363471984863281, -30.996004104614258, 3.0544731616973877, 10.250280380249023, -3.3554513454437256, 13.285139083862305], "lowlevel.melbands.mean": [0.0003244506660848856, 0.0004403279162943363, 8.32637379062362e-05, 2.8638123694690876e-05, 0.0006395074888132513, 0.001160386367700994, 0.0003448941570241004, 0.00022928151884116232, 5.966754542896524e-05, 9.976800356525928e-05, 0.0001587446895428002, 0.00036287534749135375, 0.0006333483033813536, 0.0002497058594599366, 0.00015145266661420465, 8.152907685143873e-05, 6.13216616329737e-05, 3.603743243729696e-05, 1.831042936828453e-05, 1.2265807527001016e-05, 5.0294283937546425e-06, 3.1802549074200215e-06, 2.768212198134279e-06, 2.6763179903355194e-06, 2.6976240405929275e-06, 3.210577915524482e-06, 9.961609066522215e-07, 1.1246198710068711e-06, 1.0833945225385833e-06, 4.816773184757039e-07, 1.5476798864710872e-07, 1.329075303146965e-07, 1.12419030529054e-07, 1.2154414719134365e-07, 1.7990454637129005e-07, 2.1572229513822094e-07, 2.526300022509531e-07, 2.9723287298111245e-07, 2.36261513464342e-07, 1.5938216790800652e-07], "lowlevel.melbands.stdev": [0.001687193289399147, 0.0023543115239590406, 0.000535515253432095, 8.200836600735784e-05, 0.0011798469349741936, 0.0018154034623876214, 0.000758910202421248, 0.0005959005793556571, 0.00016117979248519987, 0.00022623415861744434, 0.0005671223625540733, 0.0011924207210540771, 0.0015693517634645104, 0.0009380761766806245, 0.0006115032592788339, 0.00026994780637323856, 0.00020961429981980473, 0.00013861359911970794, 7.772587559884414e-05, 4.509199789026752e-05, 3.769117029150948e-05, 9.886180123430677e-06, 9.414807209395804e-06, 7.263035968207987e-06, 8.18194166640751e-06, 1.1034887393179815e-05, 3.5380235203774646e-06, 4.8695637815399095e-06, 2.6067882572533563e-06, 1.4631527847086545e-06, 6.510799153147673e-07, 7.219449571493897e-07, 4.6842276901770674e-07, 4.888591433882539e-07, 7.602682217111578e-07, 8.268426086033287e-07, 9.47676426221733e-07, 1.2384881529214908e-06, 9.790567219170043e-07, 6.678712907159934e-07], "lowlevel.melbands128.mean": [1.9353677998878993e-05, 0.00021661586652044207, 0.0004456671595107764, 0.0005452915211208165, 0.000523835071362555, 0.00032745584030635655, 0.00010289748752256855, 2.7283756935503334e-05, 1.611314837646205e-05, 2.249413046229165e-05, 4.015697413706221e-05, 5.189124203752726e-05, 0.0003758684324566275, 0.0019999255891889334, 0.0014476790092885494, 0.0005681473412550986, 0.0004453657893463969, 0.00025339878629893064, 0.0002536572574172169, 0.00040601284126751125, 0.00010958716302411631, 4.536085180006921e-05, 1.9424378479016013e-05, 0.00011557505058590323, 0.00014042628754395992, 6.778652459615842e-05, 8.394514588871971e-05, 0.00011399126378819346, 0.0002608589711599052, 0.0003837274853140116, 0.00021701058722101152, 0.0006515451241284609, 0.0009950533276423812, 0.0002371760201640427, 0.0004386957152746618, 0.00016828793741296977, 0.0001063318777596578, 0.00019665142463054508, 0.00015994386922102422, 7.593282498419285e-05, 3.775517689064145e-05, 0.0001333217805949971, 4.7510297008557245e-05, 3.1047668016981333e-05, 7.407363591482863e-05, 2.538553781050723e-05, 1.1840854313049931e-05, 1.5086495295690838e-05, 2.091274654958397e-05, 2.9397728212643415e-05, 5.609087111224653e-06, 3.5023501823161496e-06, 5.406786840467248e-06, 6.0738952925021295e-06, 2.861415396182565e-06, 2.603511575216544e-06, 3.4892345865955576e-06, 4.206320681987563e-06, 1.860318207036471e-06, 1.334298417532409e-06, 3.0512326247844612e-06, 3.6833105241385056e-06, 1.911005711008329e-06, 2.5648832888691686e-06, 3.371887714820332e-06, 4.767013251694152e-06, 1.828655172175786e-06, 8.443608976449468e-07, 5.655664949699712e-07, 1.6182075341930613e-06, 1.298125653192983e-06, 6.589401095880021e-07, 1.178573256765958e-06, 1.3097906048642471e-06, 8.5509878999801e-07, 5.021582296649285e-07, 3.341417027513671e-07, 1.7444362754304166e-07, 1.2290418283100735e-07, 1.346485163367106e-07, 1.5855604829084768e-07, 1.1952153045058367e-07, 1.0916514980863212e-07, 1.1790398701805316e-07, 1.0647435999544541e-07, 1.0929218774435867e-07, 1.2168246144028672e-07, 1.5482082460493984e-07, 1.8146199920465733e-07, 1.9391993077988445e-07, 2.2943697786104167e-07, 2.1491305801646376e-07, 2.077130716315878e-07, 2.2356506690357492e-07, 3.1673206990490144e-07, 2.888467065531586e-07, 2.9037929039077426e-07, 3.1592824711879075e-07, 2.456299341702106e-07, 1.828806119874571e-07, 1.984448800840255e-07, 1.5798089236795931e-07, 1.1516881670559087e-07, 9.698240432953753e-08, 5.879687137166911e-08, 4.393706731775637e-08, 5.486277387944938e-08, 3.7180146961190985e-08, 2.5854733465280333e-08, 2.478335936473286e-08, 2.235291418628549e-08, 2.6807580155718824e-08, 3.228950262723629e-08, 2.404509480413708e-08, 1.873213051339917e-08, 1.2335390486839515e-08, 4.29740953933333e-09, 6.885920722510264e-10, 1.64111120526389e-11, 2.8003595536202353e-12, 2.7264486241601604e-12, 2.6563339201868263e-12, 2.6015660979650246e-12, 2.555508105475668e-12, 2.4997944252785897e-12, 2.440939377706952e-12, 2.403586661300916e-12, 2.3880834375961113e-12], "lowlevel.melbands128.stdev": [0.00010444784857099876, 0.0012193957809358835, 0.002585181500762701, 0.0032041301019489765, 0.0031023661140352488, 0.002159625757485628, 0.0007604805869050324, 0.00015089624503161758, 9.437414701096714e-05, 8.528602484147996e-05, 0.00012350015458650887, 0.00017491033941041678, 0.000809859368018806, 0.003948393277823925, 0.002640997990965843, 0.001593068242073059, 0.0014248468214645982, 0.0008701934712007642, 0.0007282901788130403, 0.0011355794267728925, 0.0004256206739228219, 0.0003174299490638077, 9.292916365666315e-05, 0.0003344950673636049, 0.00042281346395611763, 0.00023084547137841582, 0.0003445737820584327, 0.0006835103267803788, 0.0011526905000209808, 0.0021086616907268763, 0.001355671207420528, 0.0019314201781526208, 0.0029415723402053118, 0.0010037487372756004, 0.002078623278066516, 0.0008816567715257406, 0.0006778716342523694, 0.0011287392117083073, 0.0007546962006017566, 0.00038466521073132753, 0.0002628906804602593, 0.0006544010830111802, 0.00025279109831899405, 0.00017834643949754536, 0.0003247844579163939, 0.00015002534200903028, 9.002743172459304e-05, 0.00014458700024988502, 8.139533019857481e-05, 0.00012607951066456735, 4.1813433199422434e-05, 3.937012661481276e-05, 4.722075391327962e-05, 5.382656308938749e-05, 2.1352776457206346e-05, 9.711747225082945e-06, 1.480419814470224e-05, 2.0788040274055675e-05, 8.635806807433255e-06, 5.133641934662592e-06, 1.0082647349918261e-05, 1.5071443158376496e-05, 1.0434128853376023e-05, 1.0422142622701358e-05, 1.4467607797996607e-05, 2.2990592697169632e-05, 7.1905578806763515e-06, 2.472762844263343e-06, 2.9403724965959555e-06, 1.2471237823774572e-05, 6.824647243774962e-06, 2.2253468614508165e-06, 3.869574811687926e-06, 3.815037416643463e-06, 2.759916696959408e-06, 1.9142814835504396e-06, 1.1294769137748517e-06, 8.307800385409791e-07, 6.266917011998885e-07, 7.094888587744208e-07, 1.1001582151948242e-06, 6.339758442663879e-07, 4.5903775003353076e-07, 5.499649091689207e-07, 5.040363930675085e-07, 4.166811038430751e-07, 5.621167247227277e-07, 6.859173140583152e-07, 8.423404551649583e-07, 9.035669563672855e-07, 9.813060160013265e-07, 9.014001989271492e-07, 7.169608693402552e-07, 8.583106136939023e-07, 1.3616968317364808e-06, 1.247611749022326e-06, 1.2551410009109532e-06, 1.5229019254547893e-06, 1.0936284979834454e-06, 7.389954248537833e-07, 9.100551778828958e-07, 7.01574776940106e-07, 5.014427983951464e-07, 4.561703121908067e-07, 2.750156795627845e-07, 2.3509387858666742e-07, 2.746380403095827e-07, 2.2302171487353917e-07, 1.668424118861367e-07, 1.2342698596512491e-07, 1.2362778534225072e-07, 1.4002758064179943e-07, 2.0073727569069888e-07, 1.3064281745300832e-07, 1.0048440657328683e-07, 7.919640410136708e-08, 3.549754623577428e-08, 8.994501143888556e-09, 1.682740613517808e-10, 5.285412298799974e-12, 5.144896227798901e-12, 5.014069021092027e-12, 4.913883102503069e-12, 4.8291271155520565e-12, 4.756363271990471e-12, 4.699572328514812e-12, 4.65810202909811e-12, 4.632582512043015e-12], "lowlevel.mfcc.mean": [-837.8591918945312, 151.45179748535156, -21.093408584594727, -28.581132888793945, -17.14214324951172, -26.759292602539062, 1.3362094163894653, -28.094783782958984, -18.72083282470703, -9.15452766418457, -17.418333053588867, 5.2089619636535645, -2.012784957885742], "lowlevel.spectral_contrast_coeffs.mean": [-0.6053546667098999, -0.6240915060043335, -0.6513420343399048, -0.720928966999054, -0.7773981094360352, -0.7965531945228577], "lowlevel.spectral_contrast_coeffs.stdev": [0.15942683815956116, 0.11170835047960281, 0.12471761554479599, 0.09712536633014679, 0.0741191953420639, 0.05688611790537834], "lowlevel.spectral_contrast_valleys.mean": [-9.791537284851074, -8.377938270568848, -9.143847465515137, -9.79435920715332, -10.154053688049316, -12.954730987548828], "lowlevel.spectral_contrast_valleys.stdev": [1.8270031213760376, 1.1504298448562622, 1.2371904850006104, 1.3528268337249756, 1.7469532489776611, 1.7674989700317383], "rhythm.beats_loudness_band_ratio.mean": [0.15820777416229248, 0.30932706594467163, 0.23030073940753937, 0.27481284737586975, 0.04395310580730438, 0.01086790207773447], "rhythm.beats_loudness_band_ratio.stdev": [0.29294508695602417, 0.3323668837547302, 0.25351014733314514, 0.30342161655426025, 0.07069520652294159, 0.019625414162874222], "tonal.hpcp.mean": [0.06600172817707062, 0.04821397364139557, 0.02703636884689331, 0.02324145846068859, 0.03690871223807335, 0.17566178739070892, 0.3133030831813812, 0.1947348415851593, 0.0491752102971077, 0.02700124680995941, 0.021160144358873367, 0.04645753279328346, 0.07320883125066757, 0.04737565293908119, 0.01894979551434517, 0.014381478540599346, 0.014201943762600422, 0.04655894637107849, 0.08210993558168411, 0.08733496069908142, 0.21294090151786804, 0.33168333768844604, 0.20027388632297516, 0.05557330325245857, 0.02863059937953949, 0.03286924958229065, 0.08025500923395157, 0.11333043873310089, 0.0749761089682579, 0.032041024416685104, 0.0256408229470253, 0.03634733706712723, 0.0887254849076271, 0.12494826316833496, 0.085211843252182, 0.0609554685652256], "tonal.hpcp.stdev": [0.2139587104320526, 0.16737231612205505, 0.11970321834087372, 0.09721016883850098, 0.13013942539691925, 0.2542945444583893, 0.3896976113319397, 0.27238184213638306, 0.15547221899032593, 0.1258830577135086, 0.10988371819257736, 0.15622754395008087, 0.2152930498123169, 0.15364843606948853, 0.09504901617765427, 0.0834619402885437, 0.07725369930267334, 0.15143704414367676, 0.2323005050420761, 0.21567364037036896, 0.3063931167125702, 0.4023261070251465, 0.29445528984069824, 0.1807020753622055, 0.12423154711723328, 0.1361171305179596, 0.20687787234783173, 0.25510841608047485, 0.20078785717487335, 0.12650249898433685, 0.1230207160115242, 0.13981404900550842, 0.20779193937778473, 0.2639189660549164, 0.2052621692419052, 0.18465322256088257], "rhythm.beats_position": [0.3831292390823364, 0.7894784212112427, 1.2074376344680786, 1.6137868165969849, 2.0201361179351807, 2.426485300064087, 2.8444442749023438, 3.2740135192871094, 3.7151927947998047, 4.121541976928711, 4.539501190185547, 4.957460403442383, 5.375419616699219, 5.804988384246826, 6.327437400817871, 6.849886417388916, 7.360725402832031, 7.8715643882751465, 8.405623435974121, 8.916461944580078, 9.415691375732422, 9.926530838012695, 10.402539253234863, 10.843718528747559, 11.273287773132324, 11.70285701751709, 12.144036293029785, 12.59682559967041, 13.049613952636719, 13.548843383789062, 14.04807186126709, 14.535691261291504, 15.034920692443848, 15.557369232177734, 16.079818725585938, 16.60226821899414, 17.10149574279785, 17.600725173950195, 18.09995460510254, 18.599184036254883, 19.110021591186523, 19.620861053466797, 20.13170051574707, 20.642539978027344, 21.153377532958984, 21.664216995239258, 22.17505645751953, 22.685895919799805, 23.196733474731445, 23.70757293701172, 24.230022430419922, 24.752471923828125, 25.251699447631836, 25.75092887878418, 26.261768341064453, 26.784217834472656, 27.295055389404297, 27.8175048828125, 28.316734313964844, 28.815963745117188, 29.326801300048828, 29.8376407623291, 30.348480224609375, 30.85931968688965, 31.37015724182129, 31.880996704101562, 32.403446197509766, 32.92589569091797, 33.43673324584961, 33.947574615478516, 34.458412170410156], "rhythm.bpm_histogram": [0.0, 0.0, 0.0, 0.0, 0.0, 0.0, 0.0, 0.0, 0.0, 0.0, 0.0, 0.0, 0.0, 0.0, 0.0, 0.0, 0.0, 0.0, 0.0, 0.0, 0.0, 0.0, 0.0, 0.0, 0.0, 0.0, 0.0, 0.0, 0.0, 0.0, 0.0, 0.0, 0.0, 0.0, 0.0, 0.0, 0.0, 0.0, 0.0, 0.0, 0.0, 0.0, 0.0, 0.0, 0.0, 0.0, 0.0, 0.0, 0.0, 0.0, 0.0, 0.0, 0.0, 0.0, 0.0, 0.0, 0.0, 0.0, 0.0, 0.0, 0.0, 0.0, 0.0, 0.0, 0.0, 0.0, 0.0, 0.0, 0.0, 0.0, 0.0, 0.0, 0.0, 0.0, 0.0, 0.0, 0.0, 0.0, 0.0, 0.0, 0.0, 0.0, 0.0, 0.0, 0.0, 0.0, 0.0, 0.0, 0.0, 0.0, 0.0, 0.0, 0.0, 0.0, 0.0, 0.0, 0.0, 0.0, 0.0, 0.0, 0.0, 0.0, 0.0, 0.0, 0.0, 0.0, 0.0, 0.0, 0.0, 0.0, 0.0, 0.0, 0.014285714365541935, 0.0, 0.0, 0.15714286267757416, 0.0, 0.3571428656578064, 0.0, 0.0, 0.17142857611179352, 0.0, 0.0, 0.014285714365541935, 0.0, 0.0, 0.014285714365541935, 0.0, 0.0, 0.0, 0.0, 0.0, 0.0, 0.02857142873108387, 0.0, 0.0, 0.04285714402794838, 0.0, 0.0, 0.0, 0.05714285746216774, 0.0, 0.0, 0.0, 0.0714285746216774, 0.0, 0.0, 0.0, 0.0714285746216774, 0.0, 0.0, 0.0, 0.0, 0.0, 0.0, 0.0, 0.0, 0.0, 0.0, 0.0, 0.0, 0.0, 0.0, 0.0, 0.0, 0.0, 0.0, 0.0, 0.0, 0.0, 0.0, 0.0, 0.0, 0.0, 0.0, 0.0, 0.0, 0.0, 0.0, 0.0, 0.0, 0.0, 0.0, 0.0, 0.0, 0.0, 0.0, 0.0, 0.0, 0.0, 0.0, 0.0, 0.0, 0.0, 0.0, 0.0, 0.0, 0.0, 0.0, 0.0, 0.0, 0.0, 0.0, 0.0, 0.0, 0.0, 0.0, 0.0, 0.0, 0.0, 0.0, 0.0, 0.0, 0.0, 0.0, 0.0, 0.0, 0.0, 0.0, 0.0, 0.0, 0.0, 0.0, 0.0, 0.0, 0.0, 0.0, 0.0, 0.0, 0.0, 0.0, 0.0, 0.0, 0.0, 0.0, 0.0, 0.0, 0.0, 0.0, 0.0, 0.0, 0.0, 0.0, 0.0, 0.0, 0.0, 0.0, 0.0, 0.0, 0.0], "tonal.chords_histogram": [61.281707763671875, 1.7356475591659546, 3.07076096534729, 1.8691588640213013, 2.269692897796631, 0.0, 0.0, 0.13351134955883026, 0.0, 0.0, 0.0, 0.0, 0.0, 0.0, 0.0, 5.740987777709961, 0.0, 8.01068115234375, 0.0, 2.136181592941284, 0.0, 5.473965167999268, 3.871829032897949, 4.405874729156494], "tonal.thpcp": [1.0, 0.6038104891777039, 0.1675492823123932, 0.08631907403469086, 0.09909828752279282, 0.2419627457857132, 0.34168264269828796, 0.22604726254940033, 0.09660124778747559, 0.0773051306605339, 0.10958445072174072, 0.2675005793571472, 0.3767094910144806, 0.25690722465515137, 0.1837760955095291, 0.19899018108844757, 0.14536145329475403, 0.08151259273290634, 0.07007122784852982, 0.11127695441246033, 0.5296069383621216, 0.9445849061012268, 0.587110698223114, 0.14825952053070068, 0.08140670508146286, 0.06379622220993042, 0.14006592333316803, 0.22071905434131622, 0.14283397793769836, 0.05713219195604324, 0.04335906356573105, 0.04281777888536453, 0.1403716802597046, 0.2475551962852478, 0.26330825686454773, 0.6420006155967712], "lowlevel.gfcc.cov": [[22183.958984375, -3073.212158203125, -503.5442810058594, 2821.4736328125, 1207.3016357421875, 1662.443359375, 767.3618774414062, 1784.4700927734375, -706.0865478515625, 841.1686401367188, 1066.12060546875, 185.0626220703125, 156.49618530273438], [-3073.212158203125, 2912.108642578125, -492.13287353515625, -1037.2169189453125, 520.2608032226562, -890.1310424804688, 242.3159942626953, -488.550537109375, 49.98516845703125, -377.89593505859375, 94.908935546875, -226.1885223388672, 226.47955322265625], [-503.5442810058594, -492.13287353515625, 2817.232666015625, 941.57275390625, -197.92344665527344, 876.924560546875, -274.6279296875, 191.8309326171875, 403.2058410644531, -51.734317779541016, -362.91522216796875, 311.51275634765625, -396.44110107421875], [2821.4736328125, -1037.2169189453125, 941.57275390625, 1986.51953125, 372.990966796875, 725.124755859375, 4.482390880584717, 592.27392578125, 98.45661926269531, 79.61573028564453, -85.6751480102539, 191.4679718017578, -164.7488250732422], [1207.3016357421875, 520.2608032226562, -197.92344665527344, 372.990966796875, 931.7694091796875, 191.005126953125, 307.7998352050781, 236.8997039794922, -10.343144416809082, 36.50620651245117, 83.22872924804688, -63.55073165893555, 23.04789924621582], [1662.443359375, -890.1310424804688, 876.924560546875, 725.124755859375, 191.005126953125, 1250.1373291015625, 363.0133056640625, 273.9130554199219, 166.31752014160156, 324.4143981933594, -170.37060546875, -33.0938720703125, -300.5772705078125], [767.3618774414062, 242.3159942626953, -274.6279296875, 4.482390880584717, 307.7998352050781, 363.0133056640625, 636.6273193359375, 90.78419494628906, -14.2448091506958, 167.29359436035156, 43.92402267456055, -185.284423828125, -77.88703155517578], [1784.4700927734375, -488.550537109375, 191.8309326171875, 592.27392578125, 236.8997039794922, 273.9130554199219, 90.78419494628906, 527.3248901367188, 28.710180282592773, 52.01051330566406, 58.69087600708008, 35.611385345458984, -64.63286590576172], [-706.0865478515625, 49.98516845703125, 403.2058410644531, 98.45661926269531, -10.343144416809082, 166.31752014160156, -14.2448091506958, 28.710180282592773, 336.29852294921875, 77.04952239990234, -153.3720245361328, 12.971587181091309, -136.8748321533203], [841.1686401367188, -377.89593505859375, -51.734317779541016, 79.61573028564453, 36.50620651245117, 324.4143981933594, 167.29359436035156, 52.01051330566406, 77.04952239990234, 326.0057373046875, 22.725927352905273, -54.0163688659668, -69.79716491699219], [1066.12060546875, 94.908935546875, -362.91522216796875, -85.6751480102539, 83.22872924804688, -170.37060546875, 43.92402267456055, 58.69087600708008, -153.3720245361328, 22.725927352905273, 407.6728210449219, 6.202740669250488, 167.19126892089844], [185.0626220703125, -226.1885223388672, 311.51275634765625, 191.4679718017578, -63.55073165893555, -33.0938720703125, -185.284423828125, 35.611385345458984, 12.971587181091309, -54.0163688659668, 6.202740669250488, 206.79493713378906, 14.069488525390625], [156.49618530273438, 226.47955322265625, -396.44110107421875, -164.7488250732422, 23.04789924621582, -300.5772705078125, -77.88703155517578, -64.63286590576172, -136.8748321533203, -69.79716491699219, 167.19126892089844, 14.069488525390625, 293.7425842285156]], "lowlevel.gfcc.icov": [[9.863941522780806e-05, 7.847295933061105e-07, 3.493149051791988e-05, -6.49869762128219e-05, -1.4204037142917514e-05, -8.245940261986107e-05, 4.807730874745175e-06, -0.00019759392307605594, 0.00021302461391314864, -0.00018469849601387978, -0.0001412019191775471, -0.0001146472932305187, -2.6690991944633424e-05], [7.847295933061105e-07, 0.0018973512342199683, -0.0007211713236756623, 0.0003815994132310152, -0.001492392155341804, 0.001536441850475967, -0.0014396986225619912, 0.001492794486694038, -0.0014643713366240263, 0.0016374465776607394, -0.000512327766045928, 0.00162813114002347, -0.0006662259693257511], [3.493149051791988e-05, -0.0007211713236756623, 0.0012424738379195333, -0.00027502584271132946, 0.0007220531697385013, -0.00144656200427562, 0.0008845538250170648, -0.0004818869347218424, -0.00010362896136939526, 0.0002403735852567479, 2.1911939256824553e-05, -0.0015516547719016671, 0.0007223543361760676], [-6.49869762128219e-05, 0.0003815994132310152, -0.00027502584271132946, 0.0011896310606971383, -0.0005754887824878097, -4.637313759303652e-05, -5.806373883388005e-05, -0.000434021552791819, -0.0002454993373248726, 0.000446468242444098, 0.0002214212727267295, -0.00023420288925990462, -0.00019986856204923242], [-1.4204037142917514e-05, -0.001492392155341804, 0.0007220531697385013, -0.0005754887824878097, 0.002750691492110491, -0.0012788937892764807, 0.00038490217411890626, -0.0014856708003208041, 0.0007663616561330855, -0.0008094767108559608, 0.0002849728043656796, -0.0012094300473108888, 0.00012112249532947317], [-8.245940261986107e-05, 0.001536441850475967, -0.00144656200427562, -4.637313759303652e-05, -0.0012788937892764807, 0.004000567365437746, -0.0022521342616528273, 0.0010938110062852502, -0.0006291119498200715, -0.0006515408749692142, 0.0003595351299736649, 0.0018774338532239199, -2.4021192075451836e-05], [4.807730874745175e-06, -0.0014396986225619912, 0.0008845538250170648, -5.806373883388005e-05, 0.00038490217411890626, -0.0022521342616528273, 0.004493024665862322, -0.0011916208313778043, 0.0013054049341008067, -0.0013796883868053555, -0.00017315389413852245, 0.0006114139687269926, 0.001212839619256556], [-0.00019759392307605594, 0.001492794486694038, -0.0004818869347218424, -0.000434021552791819, -0.0014856708003208041, 0.0010938110062852502, -0.0011916208313778043, 0.004873280413448811, -0.0019168374128639698, 0.001983853755518794, -0.0010930141434073448, 0.0014075739309191704, 0.00018556609575171024], [0.00021302461391314864, -0.0014643713366240263, -0.00010362896136939526, -0.0002454993373248726, 0.0007663616561330855, -0.0006291119498200715, 0.0013054049341008067, -0.0019168374128639698, 0.006469808518886566, -0.003574102884158492, 0.0014513854403048754, -0.0012497077696025372, 0.0013577304780483246], [-0.00018469849601387978, 0.0016374465776607394, 0.0002403735852567479, 0.000446468242444098, -0.0008094767108559608, -0.0006515408749692142, -0.0013796883868053555, 0.001983853755518794, -0.003574102884158492, 0.007680664304643869, -0.0015729073202237487, 0.0015371659537777305, -0.00014053360791876912], [-0.0001412019191775471, -0.000512327766045928, 2.1911939256824553e-05, 0.0002214212727267295, 0.0002849728043656796, 0.0003595351299736649, -0.00017315389413852245, -0.0010930141434073448, 0.0014513854403048754, -0.0015729073202237487, 0.0045664687640964985, -0.0010262735886499286, -0.001564284204505384], [-0.0001146472932305187, 0.00162813114002347, -0.0015516547719016671, -0.00023420288925990462, -0.0012094300473108888, 0.0018774338532239199, 0.0006114139687269926, 0.0014075739309191704, -0.0012497077696025372, 0.0015371659537777305, -0.0010262735886499286, 0.01008956041187048, -0.0010480949422344565], [-2.6690991944633424e-05, -0.0006662259693257511, 0.0007223543361760676, -0.00019986856204923242, 0.00012112249532947317, -2.4021192075451836e-05, 0.001212839619256556, 0.00018556609575171024, 0.0013577304780483246, -0.00014053360791876912, -0.001564284204505384, -0.0010480949422344565, 0.006663193926215172]], "lowlevel.mfcc.cov": [[17048.626953125, -765.7430419921875, -2110.413330078125, 1863.491943359375, 1254.4501953125, 181.242919921875, 2252.699462890625, 271.70220947265625, 418.53857421875, 763.1822509765625, -56.7493896484375, 780.6798706054688, 455.4797668457031], [-765.7430419921875, 2422.2939453125, -795.4192504882812, -225.43649291992188, -181.126708984375, -400.40057373046875, 68.84879302978516, -299.6922302246094, -177.15118408203125, -229.5400848388672, -146.29844665527344, 9.99266529083252, -167.9588623046875], [-2110.413330078125, -795.4192504882812, 2856.416748046875, -66.23760223388672, 255.12184143066406, 760.5755004882812, -615.7293701171875, 615.25537109375, 238.69863891601562, 61.30938720703125, 295.3959655761719, -49.09324645996094, 90.16062927246094], [1863.491943359375, -225.43649291992188, -66.23760223388672, 1104.87939453125, 618.2650756835938, 23.35057830810547, 296.1228332519531, 333.08697509765625, 204.4407958984375, 66.09642791748047, -30.980907440185547, 187.97332763671875, 102.60880279541016], [1254.4501953125, -181.126708984375, 255.12184143066406, 618.2650756835938, 884.00830078125, 137.3170623779297, 188.37838745117188, 341.12359619140625, 213.51023864746094, 81.14585876464844, -33.92927551269531, 172.10958862304688, 92.35547637939453], [181.242919921875, -400.40057373046875, 760.5755004882812, 23.35057830810547, 137.3170623779297, 1022.7276000976562, 173.89739990234375, 233.15805053710938, 269.4284362792969, 318.1853332519531, 287.72808837890625, -66.1083755493164, 157.92945861816406], [2252.699462890625, 68.84879302978516, -615.7293701171875, 296.1228332519531, 188.37838745117188, 173.89739990234375, 996.1261596679688, 45.191043853759766, 98.1895980834961, 270.01837158203125, 14.912118911743164, 167.9362335205078, 96.54866027832031], [271.70220947265625, -299.6922302246094, 615.25537109375, 333.08697509765625, 341.12359619140625, 233.15805053710938, 45.191043853759766, 476.0048828125, 176.19923400878906, 80.64586639404297, 95.04900360107422, 62.34402084350586, 117.20610046386719], [418.53857421875, -177.15118408203125, 238.69863891601562, 204.4407958984375, 213.51023864746094, 269.4284362792969, 98.1895980834961, 176.19923400878906, 333.3561706542969, 182.98631286621094, 106.80074310302734, 41.12054443359375, 74.37157440185547], [763.1822509765625, -229.5400848388672, 61.30938720703125, 66.09642791748047, 81.14585876464844, 318.1853332519531, 270.01837158203125, 80.64586639404297, 182.98631286621094, 381.31964111328125, 172.21337890625, 19.410770416259766, 143.573486328125], [-56.7493896484375, -146.29844665527344, 295.3959655761719, -30.980907440185547, -33.92927551269531, 287.72808837890625, 14.912118911743164, 95.04900360107422, 106.80074310302734, 172.21337890625, 262.7490234375, 18.969593048095703, 88.11705780029297], [780.6798706054688, 9.99266529083252, -49.09324645996094, 187.97332763671875, 172.10958862304688, -66.1083755493164, 167.9362335205078, 62.34402084350586, 41.12054443359375, 19.410770416259766, 18.969593048095703, 235.84127807617188, 57.12987518310547], [455.4797668457031, -167.9588623046875, 90.16062927246094, 102.60880279541016, 92.35547637939453, 157.92945861816406, 96.54866027832031, 117.20610046386719, 74.37157440185547, 143.573486328125, 88.11705780029297, 57.12987518310547, 269.25494384765625]], "lowlevel.mfcc.icov": [[0.00010905912495218217, 3.999209002358839e-05, 6.187492544995621e-05, -9.056591807166114e-05, -3.703269612742588e-05, -3.090862446697429e-05, -0.00011529424955369905, 1.9715758753591217e-05, 3.0581479222746566e-05, -0.00010842039773706347, 7.174676284193993e-05, -0.00018020012066699564, -1.8035576431429945e-05], [3.999209002358839e-05, 0.0005179839790798724, 0.00011941506090806797, 8.81887535797432e-05, -8.239617454819381e-05, 5.211429743212648e-05, -0.00015001987048890442, 0.00011909018212463707, -6.211119762156159e-05, 0.0003115762665402144, -0.00013353525719139725, -7.613172783749178e-05, 9.238735219696537e-05], [6.187492544995621e-05, 0.00011941506090806797, 0.0009391871863044798, 0.00023788379621692002, -5.990595309413038e-05, -0.0006134143332019448, 0.0006006848416291177, -0.0011025010608136654, 0.000145837664604187, -7.883510261308402e-05, 3.2252430628432194e-06, -0.0005678031593561172, 0.00033071820507757366], [-9.056591807166114e-05, 8.81887535797432e-05, 0.00023788379621692002, 0.0019410874228924513, -0.0008137947297655046, 0.00014938440290279686, -9.13028561626561e-05, -0.0008881296380423009, -0.0005046416772529483, 0.00042999794823117554, 2.825749334078864e-06, -0.0002019286184804514, -4.828115561394952e-05], [-3.703269612742588e-05, -8.239617454819381e-05, -5.990595309413038e-05, -0.0008137947297655046, 0.0025824052281677723, -0.00039487468893639743, 0.0002725956146605313, -0.0010163681581616402, -0.00043962374911643565, -0.0005359838251024485, 0.0015945781487971544, -0.0012080061715096235, 0.00017363960796501487], [-3.090862446697429e-05, 5.211429743212648e-05, -0.0006134143332019448, 0.00014938440290279686, -0.00039487468893639743, 0.0024550803937017918, -0.0008746664389036596, 0.00046966076479293406, -0.0008648312068544328, 4.28853600169532e-05, -0.0017504367278888822, 0.0017482470721006393, -0.0005441797547973692], [-0.00011529424955369905, -0.00015001987048890442, 0.0006006848416291177, -9.13028561626561e-05, 0.0002725956146605313, -0.0008746664389036596, 0.002423897385597229, -0.000838055566418916, 0.0006075251731090248, -0.001777010504156351, 0.0012043730821460485, -0.0015564273344352841, 0.000566118280403316], [1.9715758753591217e-05, 0.00011909018212463707, -0.0011025010608136654, -0.0008881296380423009, -0.0010163681581616402, 0.00046966076479293406, -0.000838055566418916, 0.005444629583507776, -0.0010260669514536858, 0.0011914391070604324, -0.0013373609399423003, 0.0009580525802448392, -0.0013653249479830265], [3.0581479222746566e-05, -6.211119762156159e-05, 0.000145837664604187, -0.0005046416772529483, -0.00043962374911643565, -0.0008648312068544328, 0.0006075251731090248, -0.0010260669514536858, 0.005729530472308397, -0.0024738444481045008, 4.7173005441436544e-05, -0.0007466404931619763, 0.0008193834219127893], [-0.00010842039773706347, 0.0003115762665402144, -7.883510261308402e-05, 0.00042999794823117554, -0.0005359838251024485, 4.28853600169532e-05, -0.001777010504156351, 0.0011914391070604324, -0.0024738444481045008, 0.007502435706555843, -0.0035178952384740114, 0.001935722422786057, -0.0020590685307979584], [7.174676284193993e-05, -0.00013353525719139725, 3.2252430628432194e-06, 2.825749334078864e-06, 0.0015945781487971544, -0.0017504367278888822, 0.0012043730821460485, -0.0013373609399423003, 4.7173005441436544e-05, -0.0035178952384740114, 0.008766990154981613, -0.002819339046254754, 1.51179729073192e-05], [-0.00018020012066699564, -7.613172783749178e-05, -0.0005678031593561172, -0.0002019286184804514, -0.0012080061715096235, 0.0017482470721006393, -0.0015564273344352841, 0.0009580525802448392, -0.0007466404931619763, 0.001935722422786057, -0.002819339046254754, 0.007664201315492392, -0.0014750381233170629], [-1.8035576431429945e-05, 9.238735219696537e-05, 0.00033071820507757366, -4.828115561394952e-05, 0.00017363960796501487, -0.0005441797547973692, 0.000566118280403316, -0.0013653249479830265, 0.0008193834219127893, -0.0020590685307979584, 1.51179729073192e-05, -0.0014750381233170629, 0.005540346726775169]], "metadata.audio_properties.analysis.downmix": "mix", "metadata.audio_properties.codec": "mp3", "metadata.audio_properties.md5_encoded": "d83bb692bcc6c7b72d1040ed6023193c", "metadata.tags.file_name": "1183699386161705030.mp3", "metadata.version.essentia": "2.1-beta6-dev", "metadata.version.essentia_git_sha": "v2.1_beta5-1110-g77a6a954", "