{"song_id": "1183708469103169586", "download": "https://cdn.discordapp.com/attachments/1128313332273782784/1183708469103169586/chirp.mp4?ex=6589516b&amp", "lyrics": "[Verse]\nIn the moonlight, our love would fly\nTwo hearts entwined, beneath the sky\nWith every moment, our souls would dance\nUnited forever, in a timeless romance\n\n[Chorus]\n\u4e00\u6bb5\u6b4c\u980c\u5152\u5973\u60c5\u9577\u7684\u6d6a\u6f2b\u60c5\u6b4c\n\u6c38\u4e0d\u505c\u6b62\u70ba\u4f60\u6211\u4ea4\u7e54\n\u611b\u7684\u6a02\u7ae0\uff0c\u7834\u66c9\u5230\u5929\u660e\n\u4f60\u6211\u76f8\u5b88\uff0c\u76f4\u5230\u6c38\u9060\u76f8\u4fe1", "style": ["rock</span><span>-n</span><span>-roll"], "essentia_features": {"lowlevel.average_loudness": 0.8254358172416687, "lowlevel.barkbands_crest.mean": 14.742920875549316, "lowlevel.barkbands_crest.stdev": 5.0395684242248535, "lowlevel.barkbands_flatness_db.mean": 0.2353433221578598, "lowlevel.barkbands_flatness_db.stdev": 0.06927600502967834, "lowlevel.barkbands_kurtosis.mean": 31.65936851501465, "lowlevel.barkbands_kurtosis.stdev": 74.7479248046875, "lowlevel.barkbands_skewness.mean": 3.61814284324646, "lowlevel.barkbands_skewness.stdev": 2.896336793899536, "lowlevel.barkbands_spread.mean": 12.199975967407227, "lowlevel.barkbands_spread.stdev": 18.114809036254883, "lowlevel.dissonance.mean": 0.4111339747905731, "lowlevel.dissonance.stdev": 0.05435114726424217, "lowlevel.dynamic_complexity": 3.839834451675415, "lowlevel.erbbands_crest.mean": 13.672592163085938, "lowlevel.erbbands_crest.stdev": 5.735103130340576, "lowlevel.erbbands_flatness_db.mean": 0.20445966720581055, "lowlevel.erbbands_flatness_db.stdev": 0.055016882717609406, "lowlevel.erbbands_kurtosis.mean": 6.858251094818115, "lowlevel.erbbands_kurtosis.stdev": 11.346389770507812, "lowlevel.erbbands_skewness.mean": 1.6396721601486206, "lowlevel.erbbands_skewness.stdev": 1.5469437837600708, "lowlevel.erbbands_spread.mean": 31.482675552368164, "lowlevel.erbbands_spread.stdev": 26.288930892944336, "lowlevel.hfc.mean": 15.178654670715332, "lowlevel.hfc.stdev": 15.91456413269043, "lowlevel.loudness_ebu128.integrated": -17.07741355895996, "lowlevel.loudness_ebu128.loudness_range": 4.405854225158691, "lowlevel.loudness_ebu128.momentary.mean": -18.86778450012207, "lowlevel.loudness_ebu128.momentary.stdev": 6.038389205932617, "lowlevel.loudness_ebu128.short_term.mean": -17.55401611328125, "lowlevel.loudness_ebu128.short_term.stdev": 1.4320851564407349, "lowlevel.melbands_crest.mean": 17.2672119140625, "lowlevel.melbands_crest.stdev": 5.454709053039551, "lowlevel.melbands_flatness_db.mean": 0.3056323230266571, "lowlevel.melbands_flatness_db.stdev": 0.084187813103199, "lowlevel.melbands_kurtosis.mean": 39.29774856567383, "lowlevel.melbands_kurtosis.stdev": 50.99225997924805, "lowlevel.melbands_skewness.mean": 3.86059308052063, "lowlevel.melbands_skewness.stdev": 2.273773431777954, "lowlevel.melbands_spread.mean": 11.496021270751953, "lowlevel.melbands_spread.stdev": 19.959877014160156, "lowlevel.pitch_salience.mean": 0.47875720262527466, "lowlevel.pitch_salience.stdev": 0.12592673301696777, "lowlevel.silence_rate_20dB.mean": 1.0, "lowlevel.silence_rate_20dB.stdev": 0.0, "lowlevel.silence_rate_30dB.mean": 0.9833846092224121, "lowlevel.silence_rate_30dB.stdev": 0.1278252750635147, "lowlevel.silence_rate_60dB.mean": 0.08553846180438995, "lowlevel.silence_rate_60dB.stdev": 0.27968108654022217, "lowlevel.spectral_centroid.mean": 659.93359375, "lowlevel.spectral_centroid.stdev": 655.05908203125, "lowlevel.spectral_complexity.mean": 8.286153793334961, "lowlevel.spectral_complexity.stdev": 4.1181159019470215, "lowlevel.spectral_decrease.mean": -7.756305819839326e-09, "lowlevel.spectral_decrease.stdev": 7.738144347513298e-09, "lowlevel.spectral_energy.mean": 0.030650848522782326, "lowlevel.spectral_energy.stdev": 0.029882505536079407, "lowlevel.spectral_energyband_high.mean": 0.0005799197824671865, "lowlevel.spectral_energyband_high.stdev": 0.0018170267576351762, "lowlevel.spectral_energyband_low.mean": 0.0057515534572303295, "lowlevel.spectral_energyband_low.stdev": 0.0214393213391304, "lowlevel.spectral_energyband_middle_high.mean": 0.002909252652898431, "lowlevel.spectral_energyband_middle_high.stdev": 0.006820053793489933, "lowlevel.spectral_energyband_middle_low.mean": 0.0232436154037714, "lowlevel.spectral_energyband_middle_low.stdev": 0.018076078966259956, "lowlevel.spectral_entropy.mean": 6.6988420486450195, "lowlevel.spectral_entropy.stdev": 0.7885687947273254, "lowlevel.spectral_flux.mean": 0.05477142333984375, "lowlevel.spectral_flux.stdev": 0.04556003957986832, "lowlevel.spectral_kurtosis.mean": 8.930074691772461, "lowlevel.spectral_kurtosis.stdev": 10.58176040649414, "lowlevel.spectral_rms.mean": 0.004973954521119595, "lowlevel.spectral_rms.stdev": 0.002272223588079214, "lowlevel.spectral_rolloff.mean": 996.6631469726562, "lowlevel.spectral_rolloff.stdev": 1897.9459228515625, "lowlevel.spectral_skewness.mean": 2.3872060775756836, "lowlevel.spectral_skewness.stdev": 1.1191751956939697, "lowlevel.spectral_spread.mean": 5417350.5, "lowlevel.spectral_spread.stdev": 2271228.5, "lowlevel.spectral_strongpeak.mean": 1.2856354713439941, "lowlevel.spectral_strongpeak.stdev": 1.1586909294128418, "lowlevel.zerocrossingrate.mean": 0.04508383572101593, "lowlevel.zerocrossingrate.stdev": 0.05062992870807648, "metadata.audio_properties.analysis.equal_loudness": 0.0, "metadata.audio_properties.analysis.length": 37.695987701416016, "metadata.audio_properties.analysis.sample_rate": 44100.0, "metadata.audio_properties.analysis.start_time": 0.0, "metadata.audio_properties.bit_rate": 117288.0, "metadata.audio_properties.length": 37.69599914550781, "metadata.audio_properties.lossless": 0.0, "metadata.audio_properties.number_channels": 1.0, "metadata.audio_properties.replay_gain": -9.657709121704102, "metadata.audio_properties.sample_rate": 48000.0, "rhythm.beats_count": 81.0, "rhythm.beats_loudness.mean": 0.03581397235393524, "rhythm.beats_loudness.stdev": 0.032684266567230225, "rhythm.bpm": 131.7847137451172, "rhythm.bpm_histogram_first_peak_bpm": 133.0, "rhythm.bpm_histogram_first_peak_weight": 0.5714285373687744, "rhythm.bpm_histogram_second_peak_bpm": 152.0, "rhythm.bpm_histogram_second_peak_spread": 0.14285719394683838, "rhythm.bpm_histogram_second_peak_weight": 0.15000000596046448, "rhythm.danceability": 1.1458624601364136, "rhythm.onset_rate": 3.023134469985962, "tonal.chords_changes_rate": 0.06519065052270889, "tonal.chords_number_rate": 0.014760147780179977, "tonal.chords_strength.mean": 0.48078009486198425, "tonal.chords_strength.stdev": 0.08581598103046417, "tonal.hpcp_crest.mean": 19.03777503967285, "tonal.hpcp_crest.stdev": 8.890287399291992, "tonal.hpcp_entropy.mean": 1.4457882642745972, "tonal.hpcp_entropy.stdev": 0.8205299973487854, "tonal.key_edma.strength": 0.713773250579834, "tonal.key_krumhansl.strength": 0.7206829786300659, "tonal.key_temperley.strength": 0.7325429916381836, "tonal.tuning_diatonic_strength": 0.5239331722259521, "tonal.tuning_equal_tempered_deviation": 0.019862359389662743, "tonal.tuning_frequency": 439.4919738769531, "tonal.tuning_nontempered_energy_ratio": 0.6358245015144348, "lowlevel.barkbands.mean": [0.00013568371650762856, 0.002160043455660343, 0.001824071747250855, 0.002794950269162655, 0.011178893968462944, 0.005346805788576603, 0.0019429969834163785, 0.0007205719011835754, 0.0008135751122608781, 0.0015397743554785848, 0.0006615482270717621, 0.00036026249290443957, 8.46526090754196e-05, 0.00011075229122070596, 0.00013774121180176735, 5.090440754429437e-05, 5.459769818116911e-05, 4.3766925955424085e-05, 8.80081279319711e-05, 5.2289440645836294e-05, 4.732837260235101e-05, 0.00012056987179676071, 0.00014766951790079474, 0.00011181313311681151, 9.455100371269509e-05, 2.6541840270510875e-05, 4.995840754418168e-07], "lowlevel.barkbands.stdev": [0.0012773729395121336, 0.019325045868754387, 0.0026363434735685587, 0.003901121439412236, 0.012051834724843502, 0.009728298522531986, 0.0056918831542134285, 0.0020198801066726446, 0.0022695751395076513, 0.00537265045568347, 0.0026470639277249575, 0.0021425813902169466, 0.00024179833417292684, 0.00035116804065182805, 0.0005324297235347331, 0.00016673801292199641, 0.00013587110152002424, 9.070937085198238e-05, 0.00018019031267613173, 0.00015843432629480958, 0.00032584849395789206, 0.0005948855541646481, 0.000661355908960104, 0.0003030543157365173, 0.0001944123359862715, 6.126504740677774e-05, 1.5459230553460657e-06], "lowlevel.erbbands.mean": [0.09513737261295319, 0.36847490072250366, 1.4304512739181519, 7.260580539703369, 15.53123950958252, 46.04917907714844, 50.18267822265625, 40.77119827270508, 33.74195098876953, 19.72607421875, 14.410861015319824, 19.0137939453125, 33.55693817138672, 48.31775665283203, 26.346851348876953, 14.008023262023926, 4.784812927246094, 5.119635581970215, 8.288691520690918, 4.151298522949219, 3.250732660293579, 2.672805070877075, 2.105961322784424, 5.272674083709717, 2.776109457015991, 2.4883077144622803, 2.263294219970703, 1.980210781097412, 3.9425740242004395, 4.94567346572876, 4.0396270751953125, 2.513137102127075, 1.8654587268829346, 1.309980034828186, 0.510422945022583, 0.14967957139015198, 0.04413984715938568, 0.005036218091845512, 0.0001237685210071504, 4.047532274853438e-05], "lowlevel.erbbands.stdev": [0.8615875244140625, 3.502189874649048, 3.5474820137023926, 8.026618957519531, 17.041397094726562, 59.11723709106445, 62.43636703491211, 87.58096313476562, 100.45468139648438, 54.288909912109375, 33.48007583618164, 50.25898361206055, 112.11729431152344, 181.59796142578125, 90.26956176757812, 80.31749725341797, 12.541330337524414, 14.92041301727295, 32.5262565612793, 11.837542533874512, 9.54470157623291, 6.168498992919922, 4.260725498199463, 10.817254066467285, 5.273161888122559, 7.587550163269043, 15.421941757202148, 10.347139358520508, 19.379920959472656, 25.77769660949707, 17.02479362487793, 8.22077465057373, 4.409573078155518, 2.6471304893493652, 1.1109914779663086, 0.35821080207824707, 0.10685460269451141, 0.013195592910051346, 0.00026772695127874613, 3.6825978895649314e-05], "lowlevel.gfcc.mean": [-64.77883911132812, 94.15432739257812, -79.0887222290039, 8.064796447753906, -78.08731842041016, 0.12507882714271545, -64.72614288330078, -0.32838159799575806, -49.102142333984375, -16.336650848388672, -19.80980110168457, -9.692926406860352, -11.063096046447754], "lowlevel.melbands.mean": [0.0006942971376702189, 0.0007249320042319596, 0.00138619274366647, 0.0021940707229077816, 0.0019597974605858326, 0.0009211255819536746, 0.000493878498673439, 0.00019605860870797187, 0.00011684782657539472, 0.00011901762627530843, 0.00016738938575144857, 0.00020082425908185542, 9.644155215937644e-05, 4.956122938892804e-05, 1.6361735106329434e-05, 7.84513758844696e-06, 9.817197678785305e-06, 1.3285635759530123e-05, 8.110427188512404e-06, 3.697684178405325e-06, 4.034973244415596e-06, 2.932255711129983e-06, 2.0123113699810347e-06, 2.1797138742840616e-06, 4.726744919025805e-06, 2.483417119947262e-06, 1.536050262984645e-06, 1.6848374571054592e-06, 1.4818051567999646e-06, 1.1780648492276669e-06, 1.140635845331417e-06, 2.1383600596891483e-06, 2.5728929813340073e-06, 2.7952773962169886e-06, 2.4399480480497004e-06, 1.882386754914478e-06, 1.4124074141363963e-06, 1.3268411294120597e-06, 1.2010259524686262e-06, 1.0775056580314413e-06], "lowlevel.melbands.stdev": [0.006169239059090614, 0.00261205923743546, 0.0013967365957796574, 0.0024294776376336813, 0.0022198811639100313, 0.0019468374084681273, 0.0014489818131551147, 0.0005570791545324028, 0.0002669623354449868, 0.0003178715705871582, 0.0005704013747163117, 0.0007963338284753263, 0.0003625537210609764, 0.00028420487069524825, 8.453654299955815e-05, 2.2727695977664553e-05, 3.149993790430017e-05, 5.13109152961988e-05, 2.542795664339792e-05, 1.2072147001163103e-05, 1.2667058399529196e-05, 7.062988970574224e-06, 5.765099558630027e-06, 4.611110853147693e-06, 1.0171979738515802e-05, 4.94355754199205e-06, 3.705904418893624e-06, 5.721811248804443e-06, 9.091741958400235e-06, 9.52579102886375e-06, 5.562558726524003e-06, 1.0670037227100693e-05, 1.3261385902296752e-05, 1.5188987163128331e-05, 1.0898149412241764e-05, 6.932736596354516e-06, 4.404693299875362e-06, 3.210522663721349e-06, 2.666390400918317e-06, 2.2281492420006543e-06], "lowlevel.melbands128.mean": [0.00013214876526035368, 0.0008611672674305737, 0.0008865112904459238, 0.00047418393660336733, 0.0004055723547935486, 0.0011061984114348888, 0.0015690226573497057, 0.0012599999317899346, 0.0013527518603950739, 0.00221265503205359, 0.0027872822247445583, 0.00258936220780015, 0.0016217072261497378, 0.0014084981521591544, 0.0009786797454580665, 0.0006652825395576656, 0.00048663243069313467, 0.0006035807891748846, 0.00030029111076146364, 0.000191369021194987, 0.00016250649059657007, 0.00010915071470662951, 0.00010998243669746444, 0.00010922969522653148, 0.0001502371160313487, 7.277477561729029e-05, 0.0001764245389495045, 0.000193742016563192, 0.00010320827277610078, 0.0003126852971035987, 0.00017504165589343756, 0.0001049181300913915, 0.0001265001919819042, 5.74037003389094e-05, 5.634515400743112e-05, 5.1168808568036184e-05, 3.506941720843315e-05, 7.41489793654182e-06, 1.3180237147025764e-05, 9.457191481487826e-06, 5.751805929321563e-06, 6.303578629740514e-06, 9.931189197232015e-06, 1.149111267295666e-05, 1.0622567970131058e-05, 1.3251236850919668e-05, 1.897082620416768e-05, 6.1333857956924476e-06, 4.844985141971847e-06, 6.030051736161113e-06, 2.561034989412292e-06, 2.571896629888215e-06, 3.9400938476319425e-06, 5.000138116884045e-06, 3.982104317401536e-06, 2.4090218175842892e-06, 2.0768475224031135e-06, 3.012409933944582e-06, 1.5365303625003435e-06, 9.961187288354267e-07, 1.97493000086979e-06, 2.8144786483608186e-06, 4.883237124886364e-06, 5.629915449389955e-06, 4.231217189953895e-06, 2.0679926819866523e-06, 1.7568843304616166e-06, 1.3935691640654113e-06, 1.490764475420292e-06, 1.7206701841132599e-06, 1.5645975963707315e-06, 1.7895050632432685e-06, 1.7485098169345292e-06, 1.3586845852842089e-06, 1.2604194807863678e-06, 1.3548327615353628e-06, 1.0678199942049105e-06, 8.093782071227906e-07, 9.763203934198827e-07, 1.580069692863617e-06, 2.1403407117759343e-06, 2.347747113162768e-06, 2.3906975457066437e-06, 2.4221535568358377e-06, 2.849635620805202e-06, 3.0997769044915913e-06, 2.54079645856109e-06, 2.7066398615716025e-06, 2.538326043577399e-06, 2.200801645813044e-06, 1.9876292753906455e-06, 1.978588670681347e-06, 1.3713754469790729e-06, 1.375754436594434e-06, 1.398413473907567e-06, 1.4316234455691301e-06, 1.2576018662002753e-06, 1.3072879028186435e-06, 1.1087547591159819e-06, 1.2089675465176697e-06, 1.2663790585065726e-06, 9.593192089596414e-07, 1.023296817947994e-06, 8.345581363755628e-07, 5.193957122173742e-07, 3.3435870250286825e-07, 3.534228767421155e-07, 3.190562551935727e-07, 2.468297566338151e-07, 1.8593092931951105e-07, 1.6224193188918434e-07, 1.458829501643777e-07, 1.5922886120733892e-07, 1.139801995009293e-07, 8.904445536472849e-08, 4.8980798084130583e-08, 1.9274610352226773e-08, 2.6151445453592714e-09, 7.406996543890543e-11, 5.119848121848403e-12, 4.751175581435563e-12, 4.124916554160141e-12, 4.0409875966263e-12, 3.964602517808613e-12, 3.8603794640101885e-12, 3.719649588340701e-12, 3.63926510454915e-12, 3.611841511638736e-12], "lowlevel.melbands128.stdev": [0.0012587059754878283, 0.0080787418410182, 0.008173767477273941, 0.005672796163707972, 0.002599776955321431, 0.0013865490909665823, 0.0018571375403553247, 0.00199007336050272, 0.0019017962040379643, 0.003306902479380369, 0.004254558123648167, 0.00403848011046648, 0.0027164339553564787, 0.0032143222633749247, 0.002506388584151864, 0.0025297608226537704, 0.002262972993776202, 0.001966044306755066, 0.0009647720726206899, 0.0008295740699395537, 0.0006806235178373754, 0.000324264052323997, 0.0003750997711904347, 0.00038234697422012687, 0.0005674344720318913, 0.0003072989347856492, 0.0007221561972983181, 0.000958438788075, 0.0005709544057026505, 0.0015243813395500183, 0.0008006751304492354, 0.0005373862222768366, 0.0005958048859611154, 0.0003726985596586019, 0.00048383985995315015, 0.00036621015169657767, 0.0003135905135422945, 4.940625876770355e-05, 4.466071186470799e-05, 3.214557727915235e-05, 2.8107357138651423e-05, 2.701717494346667e-05, 3.775638833758421e-05, 4.888848707196303e-05, 5.489120303536765e-05, 6.991431291680783e-05, 0.00010507574188522995, 2.5635879865149036e-05, 2.1529684090637602e-05, 2.8619024305953644e-05, 9.910172593663447e-06, 1.0835578905243892e-05, 1.9995506590930745e-05, 1.930128928506747e-05, 1.25771330203861e-05, 8.379294740734622e-06, 8.320785127580166e-06, 1.1859063306474127e-05, 4.9036734708352014e-06, 2.2031704247638118e-06, 6.2115659602568485e-06, 7.83373889134964e-06, 1.114220776798902e-05, 1.700354550848715e-05, 1.3166633834771346e-05, 4.351481493358733e-06, 4.329609964770498e-06, 4.650374648917932e-06, 3.995576662418898e-06, 4.6025093070056755e-06, 6.138664502941538e-06, 7.909847226983402e-06, 8.252266525232699e-06, 9.857534678303637e-06, 1.143668941949727e-05, 1.3288554328028113e-05, 7.595846909680404e-06, 4.940039161738241e-06, 4.719189746538177e-06, 8.668684131407645e-06, 1.1899953278771136e-05, 1.2406166206346825e-05, 1.3737938388658222e-05, 1.2754200724884868e-05, 1.6287225662381388e-05, 1.94639233086491e-05, 1.3647741980093997e-05, 1.532673377369065e-05, 1.2279233487788588e-05, 9.163961294689216e-06, 7.562205155409174e-06, 7.84004350862233e-06, 5.377091838454362e-06, 5.181796950637363e-06, 3.6917774650646606e-06, 3.6422411540115718e-06, 3.4081886042258702e-06, 3.571408569769119e-06, 2.7256132852926385e-06, 2.7022151698474772e-06, 2.5781696422200184e-06, 2.18393233808456e-06, 2.667596845640219e-06, 1.952951379280421e-06, 1.292028969146486e-06, 7.682133968955895e-07, 1.0072152463180828e-06, 8.634333426016383e-07, 6.260910367927863e-07, 5.462085823637608e-07, 5.760529120379942e-07, 4.1611809820096823e-07, 3.7968570154589543e-07, 3.3669056165308575e-07, 2.656455819760595e-07, 1.5441476364230766e-07, 5.764750454773093e-08, 1.3662149633830722e-08, 8.721664501720738e-10, 2.647929965571283e-11, 2.18988178285473e-11, 7.563588644288188e-12, 7.401843894749849e-12, 7.266647353287858e-12, 7.158270504126207e-12, 7.068404021814967e-12, 7.004985133618469e-12, 6.965575685691228e-12], "lowlevel.mfcc.mean": [-724.9356689453125, 134.24267578125, 36.95085144042969, 4.237396240234375, 6.138651371002197, -20.26162338256836, -2.782701015472412, -11.335899353027344, -20.975326538085938, -10.763373374938965, -22.76388168334961, -20.718839645385742, -12.133856773376465], "lowlevel.spectral_contrast_coeffs.mean": [-0.5337066054344177, -0.6861621141433716, -0.7330693602561951, -0.8081040382385254, -0.8031755089759827, -0.8139698505401611], "lowlevel.spectral_contrast_coeffs.stdev": [0.1070348471403122, 0.09941830486059189, 0.09803790599107742, 0.05445830523967743, 0.047800417989492416, 0.03985385596752167], "lowlevel.spectral_contrast_valleys.mean": [-7.557812690734863, -7.540223598480225, -8.308821678161621, -8.760834693908691, -8.743894577026367, -10.740922927856445], "lowlevel.spectral_contrast_valleys.stdev": [1.2381237745285034, 0.9721164107322693, 0.9515259861946106, 0.9453070163726807, 1.0596662759780884, 1.1874408721923828], "rhythm.beats_loudness_band_ratio.mean": [0.29423797130584717, 0.5584153532981873, 0.11783883720636368, 0.053305450826883316, 0.013288352638483047, 0.04545155540108681], "rhythm.beats_loudness_band_ratio.stdev": [0.20888426899909973, 0.2498081773519516, 0.14051435887813568, 0.09522825479507446, 0.01749586872756481, 0.10180794447660446], "tonal.hpcp.mean": [0.23094387352466583, 0.14687234163284302, 0.041804973036050797, 0.029808029532432556, 0.026327241212129593, 0.079935222864151, 0.17076829075813293, 0.12453174591064453, 0.16277165710926056, 0.24969737231731415, 0.12679235637187958, 0.026425955817103386, 0.01700614206492901, 0.015166214667260647, 0.13026700913906097, 0.27506929636001587, 0.16586428880691528, 0.02049972489476204, 0.013469705358147621, 0.019106730818748474, 0.09417236596345901, 0.17377005517482758, 0.11319395154714584, 0.05798686295747757, 0.04913553595542908, 0.023523928597569466, 0.039670124650001526, 0.060273755341768265, 0.047168564051389694, 0.10539378970861435, 0.1774863451719284, 0.097671277821064, 0.019200095906853676, 0.014683471992611885, 0.017194652929902077, 0.12282157689332962], "tonal.hpcp.stdev": [0.35980159044265747, 0.2611175775527954, 0.15324942767620087, 0.13383109867572784, 0.12933394312858582, 0.18050998449325562, 0.33612558245658875, 0.2509152889251709, 0.2519048750400543, 0.3630407750606537, 0.21442784368991852, 0.1138942539691925, 0.08619469404220581, 0.07701724022626877, 0.1964493989944458, 0.3622719943523407, 0.2393592745065689, 0.10706441849470139, 0.08621876686811447, 0.08861270546913147, 0.20768672227859497, 0.3175751566886902, 0.2316429764032364, 0.1988362967967987, 0.17589673399925232, 0.09832237660884857, 0.14168140292167664, 0.1936902105808258, 0.15080593526363373, 0.19746705889701843, 0.31201526522636414, 0.185809925198555, 0.09564942121505737, 0.07950769364833832, 0.07560297846794128, 0.23268137872219086], "rhythm.beats_position": [0.4411791265010834, 0.9055781960487366, 1.369977355003357, 1.834376335144043, 2.287165403366089, 2.739954710006714, 3.1927437782287598, 3.6455328464508057, 4.098321914672852, 4.493061065673828, 4.887800216674805, 5.27092981338501, 5.665668964385986, 6.060408115386963, 6.4551472663879395, 6.849886417388916, 7.256235599517822, 7.697414875030518, 8.138593673706055, 8.57977294921875, 9.125441551208496, 9.671111106872559, 10.216779708862305, 10.77405834197998, 11.319727897644043, 11.865396499633789, 12.399456024169922, 12.945124626159668, 13.479183197021484, 14.013242721557617, 14.535691261291504, 15.046530723571777, 15.557369232177734, 16.056598663330078, 16.56743812561035, 17.078275680541992, 17.577505111694336, 18.07673454284668, 18.587574005126953, 19.086801528930664, 19.48154067993164, 19.87628173828125, 20.271020889282227, 20.665760040283203, 21.04888916015625, 21.432018280029297, 21.815147399902344, 22.20988655090332, 22.593015670776367, 22.999364852905273, 23.39410400390625, 23.870113372802734, 24.34612274169922, 24.833740234375, 25.321359634399414, 25.7973690032959, 26.250158309936523, 26.714557647705078, 27.167346954345703, 27.631746292114258, 28.09614372253418, 28.560543060302734, 29.02494239807129, 29.489341735839844, 29.9537410736084, 30.406530380249023, 30.870929718017578, 31.323719024658203, 31.788116455078125, 32.24090576171875, 32.716915130615234, 33.16970443725586, 33.622493743896484, 34.06367111206055, 34.528072357177734, 34.992469787597656, 35.433650970458984, 35.87482833862305, 36.32761764526367, 36.7804069519043, 37.23319625854492], "rhythm.bpm_histogram": [0.0, 0.0, 0.0, 0.0, 0.0, 0.0, 0.0, 0.0, 0.0, 0.0, 0.0, 0.0, 0.0, 0.0, 0.0, 0.0, 0.0, 0.0, 0.0, 0.0, 0.0, 0.0, 0.0, 0.0, 0.0, 0.0, 0.0, 0.0, 0.0, 0.0, 0.0, 0.0, 0.0, 0.0, 0.0, 0.0, 0.0, 0.0, 0.0, 0.0, 0.0, 0.0, 0.0, 0.0, 0.0, 0.0, 0.0, 0.0, 0.0, 0.0, 0.0, 0.0, 0.0, 0.0, 0.0, 0.0, 0.0, 0.0, 0.0, 0.0, 0.0, 0.0, 0.0, 0.0, 0.0, 0.0, 0.0, 0.0, 0.0, 0.0, 0.0, 0.0, 0.0, 0.0, 0.0, 0.0, 0.0, 0.0, 0.0, 0.0, 0.0, 0.0, 0.0, 0.0, 0.0, 0.0, 0.0, 0.0, 0.0, 0.0, 0.0, 0.0, 0.0, 0.0, 0.0, 0.0, 0.0, 0.0, 0.0, 0.0, 0.0, 0.0, 0.0, 0.0, 0.0, 0.0, 0.0, 0.0, 0.012500000186264515, 0.0, 0.07500000298023224, 0.0, 0.03750000149011612, 0.0, 0.0, 0.012500000186264515, 0.0, 0.0625, 0.0, 0.0, 0.05000000074505806, 0.0, 0.0, 0.02500000037252903, 0.0, 0.0, 0.05000000074505806, 0.0, 0.0, 0.17499999701976776, 0.0, 0.0, 0.0, 0.1875, 0.0, 0.0, 0.07500000298023224, 0.0, 0.0, 0.0, 0.0, 0.0, 0.0, 0.0, 0.0, 0.0, 0.0, 0.0, 0.02500000037252903, 0.0, 0.0, 0.0, 0.15000000596046448, 0.0, 0.0, 0.0, 0.0, 0.0625, 0.0, 0.0, 0.0, 0.0, 0.0, 0.0, 0.0, 0.0, 0.0, 0.0, 0.0, 0.0, 0.0, 0.0, 0.0, 0.0, 0.0, 0.0, 0.0, 0.0, 0.0, 0.0, 0.0, 0.0, 0.0, 0.0, 0.0, 0.0, 0.0, 0.0, 0.0, 0.0, 0.0, 0.0, 0.0, 0.0, 0.0, 0.0, 0.0, 0.0, 0.0, 0.0, 0.0, 0.0, 0.0, 0.0, 0.0, 0.0, 0.0, 0.0, 0.0, 0.0, 0.0, 0.0, 0.0, 0.0, 0.0, 0.0, 0.0, 0.0, 0.0, 0.0, 0.0, 0.0, 0.0, 0.0, 0.0, 0.0, 0.0, 0.0, 0.0, 0.0, 0.0, 0.0, 0.0, 0.0, 0.0, 0.0, 0.0, 0.0, 0.0, 0.0, 0.0, 0.0, 0.0, 0.0, 0.0, 0.0, 0.0, 0.0, 0.0, 0.0], "tonal.chords_histogram": [17.712177276611328, 6.5190653800964355, 14.760148048400879, 3.936039447784424, 7.872078895568848, 0.0, 11.070110321044922, 0.0, 1.353013515472412, 0.0, 0.0, 0.0, 0.0, 0.0, 0.0, 0.0, 0.0, 3.321033239364624, 0.0, 4.428044319152832, 0.0, 1.5990159511566162, 7.872078895568848, 19.55719566345215], "tonal.thpcp": [1.0, 0.6029909253120422, 0.07452567666769028, 0.04896840825676918, 0.06946151703596115, 0.34235870838165283, 0.6317319273948669, 0.4115106761455536, 0.21080820262432098, 0.17862966656684875, 0.08552000671625137, 0.14421865344047546, 0.21912208199501038, 0.17147883772850037, 0.3831535875797272, 0.6452422738075256, 0.3550788164138794, 0.06980094313621521, 0.05338099226355553, 0.06251025944948196, 0.4465113878250122, 0.8395843505859375, 0.533946692943573, 0.15197978913784027, 0.10836552828550339, 0.09571130573749542, 0.2906002998352051, 0.6208191514015198, 0.45272862911224365, 0.5917478203773499, 0.9077616930007935, 0.4609469473361969, 0.09607017785310745, 0.06182493641972542, 0.055135976523160934, 0.47357887029647827], "lowlevel.gfcc.cov": [[9531.40234375, -473.542724609375, -335.5458068847656, -26.38006019592285, -666.2871704101562, 33.252925872802734, -452.7236328125, 223.02210998535156, -500.3607482910156, -220.19615173339844, -66.5147705078125, -183.48443603515625, -34.784423828125], [-473.542724609375, 1806.8924560546875, 138.57302856445312, -435.55938720703125, 250.22230529785156, -142.5865020751953, 125.49555206298828, -148.81544494628906, 19.135631561279297, -162.90087890625, 145.4830322265625, -209.18084716796875, 87.04930114746094], [-335.5458068847656, 138.57302856445312, 564.7750244140625, 139.56402587890625, 8.453011512756348, 15.804347038269043, -6.7812066078186035, -43.553245544433594, 73.76805114746094, -29.099506378173828, -31.320192337036133, 45.81683349609375, -19.078763961791992], [-26.38006019592285, -435.55938720703125, 139.56402587890625, 706.1963500976562, 80.84904479980469, 23.716270446777344, -14.406511306762695, -26.454572677612305, 85.4236831665039, 40.16436767578125, -108.54878997802734, 53.05104446411133, -31.565725326538086], [-666.2871704101562, 250.22230529785156, 8.453011512756348, 80.84904479980469, 333.9532470703125, 38.02341079711914, 69.14728546142578, 37.70866012573242, 37.549400329589844, 18.489530563354492, 28.2828369140625, 5.046319484710693, 25.43706512451172], [33.252925872802734, -142.5865020751953, 15.804347038269043, 23.716270446777344, 38.02341079711914, 281.864501953125, 148.29847717285156, -30.59743309020996, 12.06692123413086, 90.5973129272461, 6.180974960327148, 2.122180461883545, 1.9872633218765259], [-452.7236328125, 125.49555206298828, -6.7812066078186035, -14.406511306762695, 69.14728546142578, 148.29847717285156, 262.61944580078125, -27.061050415039062, 19.219249725341797, 81.11634826660156, 18.008892059326172, -3.7067928314208984, -2.4695229530334473], [223.02210998535156, -148.81544494628906, -43.553245544433594, -26.454572677612305, 37.70866012573242, -30.59743309020996, -27.061050415039062, 225.27915954589844, -5.578829288482666, -4.217537879943848, 10.389474868774414, 32.315208435058594, 10.98105239868164], [-500.3607482910156, 19.135631561279297, 73.76805114746094, 85.4236831665039, 37.549400329589844, 12.06692123413086, 19.219249725341797, -5.578829288482666, 177.1900634765625, 40.63135528564453, -14.813157081604004, 50.97100067138672, -18.278064727783203], [-220.19615173339844, -162.90087890625, -29.099506378173828, 40.16436767578125, 18.489530563354492, 90.5973129272461, 81.11634826660156, -4.217537879943848, 40.63135528564453, 169.40103149414062, 8.630610466003418, 5.131290435791016, -6.3429179191589355], [-66.5147705078125, 145.4830322265625, -31.320192337036133, -108.54878997802734, 28.2828369140625, 6.180974960327148, 18.008892059326172, 10.389474868774414, -14.813157081604004, 8.630610466003418, 111.26860046386719, 29.214683532714844, 8.22418212890625], [-183.48443603515625, -209.18084716796875, 45.81683349609375, 53.05104446411133, 5.046319484710693, 2.122180461883545, -3.7067928314208984, 32.315208435058594, 50.97100067138672, 5.131290435791016, 29.214683532714844, 177.35507202148438, -21.615610122680664], [-34.784423828125, 87.04930114746094, -19.078763961791992, -31.565725326538086, 25.43706512451172, 1.9872633218765259, -2.4695229530334473, 10.98105239868164, -18.278064727783203, -6.3429179191589355, 8.22418212890625, -21.615610122680664, 80.00933074951172]], "lowlevel.gfcc.icov": [[0.00022294536756817251, -0.0003978158929385245, 0.00023652749950997531, -0.0003261070523876697, 0.0006870257784612477, -0.0007196501828730106, 0.0007063867524266243, -0.0005800696671940386, 0.0007461629575118423, -0.00019153965695295483, 0.00037534607690759003, -0.0003158215549774468, 0.0003897270653396845], [-0.0003978158929385245, 0.003408847376704216, -0.0014384724199771881, 0.0018492520321160555, -0.0031070667318999767, 0.003483336651697755, -0.00350756268016994, 0.0028195108752697706, -0.003356681438162923, 0.0031077242456376553, -0.004025699570775032, 0.00417294492945075, -0.0020683896727859974], [0.00023652749950997531, -0.0014384724199771881, 0.0026855352334678173, -0.0010979276848956943, 0.0014583594165742397, -0.0018768126610666513, 0.0016335684340447187, -0.0009317363146692514, 0.0008100446430034935, -0.0005039354437030852, 0.0018665057141333818, -0.0020312012638896704, 0.0010408498346805573], [-0.0003261070523876697, 0.0018492520321160555, -0.0010979276848956943, 0.0031373437959700823, -0.002662544371560216, 0.002008348936215043, -0.001650819554924965, 0.0020282866898924112, -0.0021652556024491787, 0.0009224797831848264, 0.00013561465311795473, 0.0013133867178112268, -0.0007911390857771039], [0.0006870257784612477, -0.0031070667318999767, 0.0014583594165742397, -0.002662544371560216, 0.007237529382109642, -0.003815853502601385, 0.0026624754536896944, -0.003856892930343747, 0.0027884049341082573, -0.0019729018677026033, 0.0017978046089410782, -0.002866398775950074, 0.0009031693916767836], [-0.0007196501828730106, 0.003483336651697755, -0.0018768126610666513, 0.002008348936215043, -0.003815853502601385, 0.009688074700534344, -0.006684823427349329, 0.003756261197850108, -0.0034701961558312178, 0.0009471834055148065, -0.003670758567750454, 0.0036420710384845734, -0.00286363554187119], [0.0007063867524266243, -0.00350756268016994, 0.0016335684340447187, -0.001650819554924965, 0.0026624754536896944, -0.006684823427349329, 0.010214046575129032, -0.0027706387918442488, 0.0039297002367675304, -0.004365801811218262, 0.003817466087639332, -0.003879609052091837, 0.002987730549648404], [-0.0005800696671940386, 0.0028195108752697706, -0.0009317363146692514, 0.0020282866898924112, -0.003856892930343747, 0.003756261197850108, -0.0027706387918442488, 0.0076958779245615005, -0.0028862510807812214, 0.0019248860189691186, -0.002657572738826275, 0.0018735413905233145, -0.002478024922311306], [0.0007461629575118423, -0.003356681438162923, 0.0008100446430034935, -0.0021652556024491787, 0.0027884049341082573, -0.0034701961558312178, 0.0039297002367675304, -0.0028862510807812214, 0.01147322729229927, -0.004732356406748295, 0.005256331991404295, -0.0058188652619719505, 0.0031659856904298067], [-0.00019153965695295483, 0.0031077242456376553, -0.0005039354437030852, 0.0009224797831848264, -0.0019729018677026033, 0.0009471834055148065, -0.004365801811218262, 0.0019248860189691186, -0.004732356406748295, 0.01138440053910017, -0.00506331492215395, 0.004615101497620344, -0.0014271818799898028], [0.00037534607690759003, -0.004025699570775032, 0.0018665057141333818, 0.00013561465311795473, 0.0017978046089410782, -0.003670758567750454, 0.003817466087639332, -0.002657572738826275, 0.005256331991404295, -0.00506331492215395, 0.017674520611763, -0.008386727422475815, 0.0017607043264433742], [-0.0003158215549774468, 0.00417294492945075, -0.0020312012638896704, 0.0013133867178112268, -0.002866398775950074, 0.0036420710384845734, -0.003879609052091837, 0.0018735413905233145, -0.0058188652619719505, 0.004615101497620344, -0.008386727422475815, 0.012798317708075047, -0.0008433840703219175], [0.0003897270653396845, -0.0020683896727859974, 0.0010408498346805573, -0.0007911390857771039, 0.0009031693916767836, -0.00286363554187119, 0.002987730549648404, -0.002478024922311306, 0.0031659856904298067, -0.0014271818799898028, 0.0017607043264433742, -0.0008433840703219175, 0.015272030606865883]], "lowlevel.mfcc.cov": [[8624.8896484375, -884.9113159179688, 43.006797790527344, -211.92739868164062, -117.96329498291016, -498.001220703125, 94.2103042602539, -144.50326538085938, -277.4283447265625, 85.24044799804688, -345.95941162109375, -365.8852844238281, -108.99629211425781], [-884.9113159179688, 2002.939208984375, -99.79400634765625, -254.81211853027344, 24.97480583190918, -136.65792846679688, 149.06707763671875, -71.59925079345703, -81.53032684326172, 8.198508262634277, -44.912086486816406, 5.898477077484131, -68.67341613769531], [43.006797790527344, -99.79400634765625, 544.2472534179688, 78.30181884765625, -14.601973533630371, 100.334716796875, -113.81236267089844, 40.64521789550781, -1.3344223499298096, -38.316795349121094, 4.9708943367004395, -8.087745666503906, 26.45022201538086], [-211.92739868164062, -254.81211853027344, 78.30181884765625, 472.4232177734375, 120.58677673339844, 84.3533706665039, -88.83734130859375, 53.82331466674805, 58.70203399658203, -40.51679992675781, 37.618309020996094, 8.674947738647461, 43.02726364135742], [-117.96329498291016, 24.97480583190918, -14.601973533630371, 120.58677673339844, 291.02154541015625, -67.8709716796875, -14.513431549072266, 62.311927795410156, 8.379268646240234, 5.882214069366455, -32.189422607421875, -5.4060869216918945, 33.523658752441406], [-498.001220703125, -136.65792846679688, 100.334716796875, 84.3533706665039, -67.8709716796875, 491.5633544921875, 36.68724060058594, 5.863112926483154, 70.82102966308594, 62.83603286743164, 96.238037109375, 35.163211822509766, 21.24427604675293], [94.2103042602539, 149.06707763671875, -113.81236267089844, -88.83734130859375, -14.513431549072266, 36.68724060058594, 294.3683166503906, -17.16482925415039, 18.364543914794922, 85.7386474609375, -15.170516967773438, -6.612834930419922, -30.417747497558594], [-144.50326538085938, -71.59925079345703, 40.64521789550781, 53.82331466674805, 62.311927795410156, 5.863112926483154, -17.16482925415039, 192.60765075683594, 16.814367294311523, -29.9113712310791, 5.685684680938721, 38.817256927490234, 75.6745376586914], [-277.4283447265625, -81.53032684326172, -1.3344223499298096, 58.70203399658203, 8.379268646240234, 70.82102966308594, 18.364543914794922, 16.814367294311523, 158.08274841308594, 50.493324279785156, 34.835289001464844, 13.264585494995117, 7.879403591156006], [85.24044799804688, 8.198508262634277, -38.316795349121094, -40.51679992675781, 5.882214069366455, 62.83603286743164, 85.7386474609375, -29.9113712310791, 50.493324279785156, 192.31448364257812, 24.579790115356445, -32.568138122558594, -10.93213176727295], [-345.95941162109375, -44.912086486816406, 4.9708943367004395, 37.618309020996094, -32.189422607421875, 96.238037109375, -15.170516967773438, 5.685684680938721, 34.835289001464844, 24.579790115356445, 122.23603820800781, 59.45191192626953, 20.97317123413086], [-365.8852844238281, 5.898477077484131, -8.087745666503906, 8.674947738647461, -5.4060869216918945, 35.163211822509766, -6.612834930419922, 38.817256927490234, 13.264585494995117, -32.568138122558594, 59.45191192626953, 148.10385131835938, 34.074737548828125], [-108.99629211425781, -68.67341613769531, 26.45022201538086, 43.02726364135742, 33.523658752441406, 21.24427604675293, -30.417747497558594, 75.6745376586914, 7.879403591156006, -10.93213176727295, 20.97317123413086, 34.074737548828125, 132.048583984375]], "lowlevel.mfcc.icov": [[0.000167848527780734, 0.00010367670620325953, -4.83370095025748e-05, -9.701455383037683e-06, 0.00011605844338191673, 0.00014691926480736583, -8.659402374178171e-05, 3.674110121210106e-05, 0.00026107157464139163, -0.00017215781554114074, 0.00029096874641254544, 0.00018943870963994414, -1.3724926247959957e-05], [0.00010367670620325953, 0.0006408480112440884, -5.210018571233377e-05, 0.0002660095051396638, -0.00015359737153630704, 0.0001742241729516536, -0.0003158205945510417, 0.00018156174337491393, 0.00033155042910948396, -3.996859504695749e-06, 0.00010730719077400863, -2.3929853796289535e-06, 0.00014024066331330687], [-4.83370095025748e-05, -5.210018571233377e-05, 0.0022064850199967623, -0.00015571265248581767, 0.00019952688307967037, -0.0006240629591047764, 0.0008805937832221389, -0.00046673507313244045, 4.421848279889673e-05, 0.00014724359789397568, 0.00032725752680562437, 0.00023596426763106138, -4.147582149016671e-05], [-9.701455383037683e-06, 0.0002660095051396638, -0.00015571265248581767, 0.003149658441543579, -0.0015304030384868383, -0.0005243024206720293, 0.0004158188821747899, 1.2160287042206619e-05, -0.0009623481892049313, 0.0011569107882678509, -0.0010899961926043034, 0.0006689564906992018, -0.00014937389642000198], [0.00011605844338191673, -0.00015359737153630704, 0.00019952688307967037, -0.0015304030384868383, 0.004873286932706833, 0.0007802598411217332, 0.00014844191900920123, -0.00120470579713583, 0.0002656605211086571, -0.001369957928545773, 0.0018927294295281172, -0.00025506337988190353, -0.0005275888834148645], [0.00014691926480736583, 0.0001742241729516536, -0.0006240629591047764, -0.0005243024206720293, 0.0007802598411217332, 0.003012500936165452, -0.0007301026489585638, 6.325356662273407e-05, -0.00023003066598903388, -0.0007432159618474543, -0.0013777283020317554, 7.961704977788031e-05, -0.0002289780677529052], [-8.659402374178171e-05, -0.0003158205945510417, 0.0008805937832221389, 0.0004158188821747899, 0.00014844191900920123, -0.0007301026489585638, 0.004819006659090519, -0.0005362799856811762, -0.00033869725302793086, -0.0018627132521942258, 0.0014251439133659005, -0.0007761323940940201, 0.0007894966984167695], [3.674110121210106e-05, 0.00018156174337491393, -0.00046673507313244045, 1.2160287042206619e-05, -0.00120470579713583, 6.325356662273407e-05, -0.0005362799856811762, 0.007583377882838249, -0.0007445449591614306, 0.0010504110250622034, 0.0005612613167613745, -0.0011051589390262961, -0.0036320509389042854], [0.00026107157464139163, 0.00033155042910948396, 4.421848279889673e-05, -0.0009623481892049313, 0.0002656605211086571, -0.00023003066598903388, -0.00033869725302793086, -0.0007445449591614306, 0.008381861262023449, -0.0023808202240616083, -0.00046376787940971553, -0.0002575989637989551, 0.00045374632463790476], [-0.00017215781554114074, -3.996859504695749e-06, 0.00014724359789397568, 0.0011569107882678509, -0.001369957928545773, -0.0007432159618474543, -0.0018627132521942258, 0.0010504110250622034, -0.0023808202240616083, 0.008276368491351604, -0.003110875841230154, 0.002676344010978937, -0.0004836037114728242], [0.00029096874641254544, 0.00010730719077400863, 0.00032725752680562437, -0.0010899961926043034, 0.0018927294295281172, -0.0013777283020317554, 0.0014251439133659005, 0.0005612613167613745, -0.00046376787940971553, -0.003110875841230154, 0.014516946859657764, -0.005160671658813953, -0.0008705196087248623], [0.00018943870963994414, -2.3929853796289535e-06, 0.00023596426763106138, 0.0006689564906992018, -0.00025506337988190353, 7.961704977788031e-05, -0.0007761323940940201, -0.0011051589390262961, -0.0002575989637989551, 0.002676344010978937, -0.005160671658813953, 0.010386133566498756, -0.0012271142331883311], [-1.3724926247959957e-05, 0.00014024066331330687, -4.147582149016671e-05, -0.00014937389642000198, -0.0005275888834148645, -0.0002289780677529052, 0.0007894966984167695, -0.0036320509389042854, 0.00045374632463790476, -0.0004836037114728242, -0.00087051