{"song_id": "1183698393340583996", "download": "https://cdn.discordapp.com/attachments/1135903449314238464/1183698393340583996/chirp.mp4?ex=65894809&amp", "lyrics": "\u6211\u662f\u6253\u5de5\u4eba\uff0c\u594b\u6597\u4e0d\u606f\n\u6bcf\u5929\u8f9b\u82e6\uff0c\u6000\u63e3\u68a6\u60f3\u4e0d\u6b62\n\u9a84\u50b2\u81ea\u8c6a\uff0c\u4e3a\u751f\u6d3b\u52aa\u529b\u594b\u6597\n\u52c7\u6562\u575a\u6301\uff0c\u65e0\u60e7\u8fce\u63a5\u6311\u6218\n\u6253\u5de5\u4eba\u7684\u5fc3\uff0c\u71c3\u70e7\u7740\u6fc0\u60c5\n\u5fae\u7b11\u9762\u5bf9\u56f0\u96be\uff0c\u6c38\u4e0d\u653e\u5f03\u8ffd\u9010\n\u8df3\u52a8\u7684\u8282\u594f\uff0c\u91ca\u653e\u5185\u5fc3\u559c\u60a6\n\u6253\u5de5\u4eba\u4e4b\u6b4c\uff0c\u5171\u540c\u594f\u54cd\u4eba\u751f\u4e50\u66f2", "style": ["random"], "essentia_features": {"lowlevel.average_loudness": 0.35971593856811523, "lowlevel.barkbands_crest.mean": 13.169732093811035, "lowlevel.barkbands_crest.stdev": 4.969498634338379, "lowlevel.barkbands_flatness_db.mean": 0.24991288781166077, "lowlevel.barkbands_flatness_db.stdev": 0.07917691767215729, "lowlevel.barkbands_kurtosis.mean": 11.072190284729004, "lowlevel.barkbands_kurtosis.stdev": 13.444546699523926, "lowlevel.barkbands_skewness.mean": 2.0924456119537354, "lowlevel.barkbands_skewness.stdev": 1.4730294942855835, "lowlevel.barkbands_spread.mean": 15.256007194519043, "lowlevel.barkbands_spread.stdev": 27.520278930664062, "lowlevel.dissonance.mean": 0.3953135311603546, "lowlevel.dissonance.stdev": 0.06861604005098343, "lowlevel.dynamic_complexity": 9.565073013305664, "lowlevel.erbbands_crest.mean": 13.408502578735352, "lowlevel.erbbands_crest.stdev": 6.422436237335205, "lowlevel.erbbands_flatness_db.mean": 0.2720399796962738, "lowlevel.erbbands_flatness_db.stdev": 0.07053791731595993, "lowlevel.erbbands_kurtosis.mean": 4.80668306350708, "lowlevel.erbbands_kurtosis.stdev": 5.310012340545654, "lowlevel.erbbands_skewness.mean": 1.246508240699768, "lowlevel.erbbands_skewness.stdev": 1.2368360757827759, "lowlevel.erbbands_spread.mean": 17.24242401123047, "lowlevel.erbbands_spread.stdev": 16.914112091064453, "lowlevel.hfc.mean": 8.263551712036133, "lowlevel.hfc.stdev": 13.307600975036621, "lowlevel.loudness_ebu128.integrated": -33.36747741699219, "lowlevel.loudness_ebu128.loudness_range": 12.819177627563477, "lowlevel.loudness_ebu128.momentary.mean": -40.189002990722656, "lowlevel.loudness_ebu128.momentary.stdev": 12.140685081481934, "lowlevel.loudness_ebu128.short_term.mean": -38.11414337158203, "lowlevel.loudness_ebu128.short_term.stdev": 8.825809478759766, "lowlevel.melbands_crest.mean": 16.8713436126709, "lowlevel.melbands_crest.stdev": 6.662361145019531, "lowlevel.melbands_flatness_db.mean": 0.27765142917633057, "lowlevel.melbands_flatness_db.stdev": 0.09943671524524689, "lowlevel.melbands_kurtosis.mean": 11.866320610046387, "lowlevel.melbands_kurtosis.stdev": 12.906305313110352, "lowlevel.melbands_skewness.mean": 2.057647943496704, "lowlevel.melbands_skewness.stdev": 1.2901098728179932, "lowlevel.melbands_spread.mean": 24.44578742980957, "lowlevel.melbands_spread.stdev": 49.591392517089844, "lowlevel.pitch_salience.mean": 0.5388264060020447, "lowlevel.pitch_salience.stdev": 0.1428213268518448, "lowlevel.silence_rate_20dB.mean": 1.0, "lowlevel.silence_rate_20dB.stdev": 0.0, "lowlevel.silence_rate_30dB.mean": 0.9895712733268738, "lowlevel.silence_rate_30dB.stdev": 0.10158725082874298, "lowlevel.silence_rate_60dB.mean": 0.3980301320552826, "lowlevel.silence_rate_60dB.stdev": 0.4894863963127136, "lowlevel.spectral_centroid.mean": 1056.25146484375, "lowlevel.spectral_centroid.stdev": 1170.380126953125, "lowlevel.spectral_complexity.mean": 7.243337154388428, "lowlevel.spectral_complexity.stdev": 5.340117931365967, "lowlevel.spectral_decrease.mean": -3.901090561697629e-09, "lowlevel.spectral_decrease.stdev": 5.761599641829207e-09, "lowlevel.spectral_energy.mean": 0.015473158098757267, "lowlevel.spectral_energy.stdev": 0.02268136292695999, "lowlevel.spectral_energyband_high.mean": 0.000182026851689443, "lowlevel.spectral_energyband_high.stdev": 0.0011058440431952477, "lowlevel.spectral_energyband_low.mean": 0.0002540433779358864, "lowlevel.spectral_energyband_low.stdev": 0.002001221524551511, "lowlevel.spectral_energyband_middle_high.mean": 0.001115017686970532, "lowlevel.spectral_energyband_middle_high.stdev": 0.002275442238897085, "lowlevel.spectral_energyband_middle_low.mean": 0.014150637201964855, "lowlevel.spectral_energyband_middle_low.stdev": 0.021360132843255997, "lowlevel.spectral_entropy.mean": 6.6125102043151855, "lowlevel.spectral_entropy.stdev": 0.9414967894554138, "lowlevel.spectral_flux.mean": 0.03724892809987068, "lowlevel.spectral_flux.stdev": 0.04571465775370598, "lowlevel.spectral_kurtosis.mean": 13.007987976074219, "lowlevel.spectral_kurtosis.stdev": 9.590851783752441, "lowlevel.spectral_rms.mean": 0.003004074329510331, "lowlevel.spectral_rms.stdev": 0.002463998505845666, "lowlevel.spectral_rolloff.mean": 1676.592529296875, "lowlevel.spectral_rolloff.stdev": 2631.81396484375, "lowlevel.spectral_skewness.mean": 2.6799001693725586, "lowlevel.spectral_skewness.stdev": 1.1646555662155151, "lowlevel.spectral_spread.mean": 3632637.75, "lowlevel.spectral_spread.stdev": 1871190.875, "lowlevel.spectral_strongpeak.mean": 0.9811540246009827, "lowlevel.spectral_strongpeak.stdev": 0.9198096394538879, "lowlevel.zerocrossingrate.mean": 0.057026781141757965, "lowlevel.zerocrossingrate.stdev": 0.07342151552438736, "metadata.audio_properties.analysis.equal_loudness": 0.0, "metadata.audio_properties.analysis.length": 40.04265213012695, "metadata.audio_properties.analysis.sample_rate": 44100.0, "metadata.audio_properties.analysis.start_time": 0.0, "metadata.audio_properties.bit_rate": 99856.0, "metadata.audio_properties.length": 40.042667388916016, "metadata.audio_properties.lossless": 0.0, "metadata.audio_properties.number_channels": 1.0, "metadata.audio_properties.replay_gain": 4.531572341918945, "metadata.audio_properties.sample_rate": 48000.0, "rhythm.beats_count": 85.0, "rhythm.beats_loudness.mean": 0.02353583462536335, "rhythm.beats_loudness.stdev": 0.029003743082284927, "rhythm.bpm": 125.36275482177734, "rhythm.bpm_histogram_first_peak_bpm": 126.0, "rhythm.bpm_histogram_first_peak_weight": 0.4333333373069763, "rhythm.bpm_histogram_second_peak_bpm": 144.0, "rhythm.bpm_histogram_second_peak_spread": 0.5, "rhythm.bpm_histogram_second_peak_weight": 0.095238097012043, "rhythm.danceability": 1.0998629331588745, "rhythm.onset_rate": 2.296875, "tonal.chords_changes_rate": 0.0555555559694767, "tonal.chords_number_rate": 0.009259259328246117, "tonal.chords_strength.mean": 0.4728882610797882, "tonal.chords_strength.stdev": 0.08432914316654205, "tonal.hpcp_crest.mean": 16.382591247558594, "tonal.hpcp_crest.stdev": 7.3285813331604, "tonal.hpcp_entropy.mean": 1.6850885152816772, "tonal.hpcp_entropy.stdev": 0.91288822889328, "tonal.key_edma.strength": 0.803760290145874, "tonal.key_krumhansl.strength": 0.8019025921821594, "tonal.key_temperley.strength": 0.7947496771812439, "tonal.tuning_diatonic_strength": 0.6015693545341492, "tonal.tuning_equal_tempered_deviation": 0.06430939584970474, "tonal.tuning_frequency": 440.76312255859375, "tonal.tuning_nontempered_energy_ratio": 0.6191430687904358, "lowlevel.barkbands.mean": [1.4160933687890065e-06, 3.040475166926626e-05, 0.00014534335059579462, 0.00027639279142022133, 0.004453944507986307, 0.003182011656463146, 0.0029587429016828537, 0.0022063564974814653, 0.0007265666499733925, 0.0005255861324258149, 0.00023652777599636465, 0.00011891376198036596, 6.485787889687344e-05, 0.00011838361388072371, 9.480902372160926e-05, 3.861416189465672e-05, 3.799097612500191e-05, 3.23851709254086e-05, 2.7520696676219814e-05, 2.4978360670502298e-05, 2.3146430976339616e-05, 3.751213080249727e-05, 5.2070969104534015e-05, 4.4814056309405714e-05, 1.3814056728733703e-05, 4.6214530868837755e-08, 3.849083718421298e-09], "lowlevel.barkbands.stdev": [3.930654202122241e-06, 0.00031735823722556233, 0.0014335495652630925, 0.0009391619823873043, 0.008291532285511494, 0.0068430220708251, 0.009018849581480026, 0.005641506053507328, 0.002443980658426881, 0.0013206988805904984, 0.0009237279882654548, 0.00026930024614557624, 0.0002444470883347094, 0.0002994482056237757, 0.00023818186309654266, 0.00022515762248076499, 0.0001727654889691621, 0.00016464140207972378, 0.00012630096171051264, 0.0001140161621151492, 0.00013068749103695154, 0.00027381055406294763, 0.000403109093895182, 0.00028973972075618804, 0.0001279470307053998, 9.9610758752533e-07, 5.40683515737328e-08], "lowlevel.erbbands.mean": [0.0004533827886916697, 0.01074196957051754, 0.12948556244373322, 0.6068131923675537, 5.455196380615234, 17.302623748779297, 23.784971237182617, 23.412885665893555, 39.98784255981445, 51.301124572753906, 42.89141082763672, 19.438426971435547, 21.308507919311523, 9.676556587219238, 8.820050239562988, 5.644270420074463, 3.306541681289673, 6.29197359085083, 5.944385528564453, 2.8313801288604736, 1.9170811176300049, 2.0448086261749268, 1.871414303779602, 1.2578266859054565, 1.6080373525619507, 1.165819764137268, 0.9489627480506897, 0.8841271996498108, 1.2797945737838745, 1.4872016906738281, 1.4747308492660522, 1.2134603261947632, 0.5814111828804016, 0.21247775852680206, 0.0685959979891777, 0.003693376434966922, 0.00012720873928628862, 1.3957106602902059e-05, 9.99350413621869e-06, 1.8143935449188575e-05], "lowlevel.erbbands.stdev": [0.003092900151386857, 0.1128271222114563, 1.2718148231506348, 2.244677782058716, 13.203373908996582, 36.60307312011719, 65.77296447753906, 45.37343978881836, 84.68773651123047, 169.4297332763672, 93.05723571777344, 61.3428955078125, 58.58763122558594, 27.527908325195312, 31.609294891357422, 12.37718677520752, 10.564061164855957, 14.758541107177734, 13.647394180297852, 9.733659744262695, 9.907830238342285, 9.701886177062988, 8.913505554199219, 5.345342636108398, 7.359078407287598, 5.399048328399658, 5.133419513702393, 5.182429313659668, 9.187992095947266, 10.337821006774902, 11.891068458557129, 8.253952980041504, 4.2252960205078125, 1.913501262664795, 0.5933372378349304, 0.03438543900847435, 0.0010042082285508513, 8.990772039396688e-05, 2.0751438569277525e-05, 2.6160980269196443e-05], "lowlevel.gfcc.mean": [-184.2106170654297, 112.88549041748047, -142.00990295410156, -7.583330154418945, -98.84878540039062, -2.696352958679199, -51.01533126831055, -2.181131362915039, -16.79488754272461, -9.472649574279785, -1.1276822090148926, -22.34723472595215, 0.4316136837005615], "lowlevel.melbands.mean": [5.96506970396149e-06, 5.0253522204002365e-05, 0.00022257104865275323, 0.0008156715193763375, 0.0008485763682983816, 0.0005661260220222175, 0.0006331392796710134, 0.0005346042453311384, 0.0003139423206448555, 0.00010811721585923806, 0.00010299276618752629, 3.642042793217115e-05, 3.270195156801492e-05, 1.5527881259913556e-05, 1.0047182513517328e-05, 6.359075541695347e-06, 1.2645033166336361e-05, 9.219108505931217e-06, 5.593979494733503e-06, 3.342314812471159e-06, 1.96428277376981e-06, 2.0231082089594565e-06, 2.2879489733895753e-06, 1.365950083709322e-06, 9.450500897401071e-07, 1.0714541076595197e-06, 1.1533545603015227e-06, 6.757134656254493e-07, 5.754985181738448e-07, 5.579910862252291e-07, 4.906565322926326e-07, 7.011271918599959e-07, 8.083879947662354e-07, 8.175284733624721e-07, 7.78004562107526e-07, 9.412179906576057e-07, 6.902793074914371e-07, 4.6034003275963187e-07, 2.3117425484997511e-07, 1.6226159971211018e-07], "lowlevel.melbands.stdev": [5.422052709036507e-05, 0.00048181138117797673, 0.0006105799693614244, 0.0016110355500131845, 0.002030567731708288, 0.001098566222935915, 0.0015139570459723473, 0.0016989873256534338, 0.0007130212616175413, 0.00036256073508411646, 0.0002874374040402472, 0.00010903614747803658, 0.00012442091247066855, 3.177538383170031e-05, 3.1072722777025774e-05, 2.273557402077131e-05, 3.064648626605049e-05, 2.237513217551168e-05, 1.5258339772117324e-05, 1.9290113414172083e-05, 1.0004289833887015e-05, 9.806502021092456e-06, 1.3147329809726216e-05, 5.626335678243777e-06, 4.160433491051663e-06, 5.576396688411478e-06, 5.251983111520531e-06, 3.1937372568791034e-06, 3.1573113119520713e-06, 3.36037783199572e-06, 3.09216102323262e-06, 5.2518958000291605e-06, 5.912238066230202e-06, 5.585035978583619e-06, 6.061532985768281e-06, 8.328797775902785e-06, 4.521383743849583e-06, 3.2191494483413408e-06, 2.106140527757816e-06, 1.5012095673228032e-06], "lowlevel.melbands128.mean": [8.358175591638428e-07, 2.1551893496507546e-06, 5.900156793359201e-06, 1.7154201486846432e-05, 4.9011428927769884e-05, 7.747706695226952e-05, 7.927208207547665e-05, 0.00017330780974589288, 0.0005509610055014491, 0.0008176578558050096, 0.0010152447503060102, 0.0010625114664435387, 0.0009470397490076721, 0.00042550606303848326, 0.0002978069824166596, 0.0008961333078332245, 0.0007260020356625319, 0.0005055553046986461, 0.0006112823029980063, 0.0006678425124846399, 0.0004123534308746457, 0.0003533553972374648, 0.00040605675894767046, 0.0001180209728772752, 0.00012170086847618222, 7.672783976886421e-05, 0.00012815510854125023, 0.0001446728565497324, 3.5849472624249756e-05, 4.2817493522306904e-05, 2.989372114825528e-05, 3.507160363369621e-05, 4.244249066687189e-05, 2.573178062448278e-05, 9.828692782321014e-06, 1.598777453182265e-05, 1.9257047824794427e-05, 6.352322543534683e-06, 8.572248589189257e-06, 6.1575060499308165e-06, 4.802917828783393e-06, 8.24563448986737e-06, 1.2884750503872056e-05, 1.844679718487896e-05, 4.32750266554649e-06, 7.236908913910156e-06, 1.5953299225657247e-05, 4.102711045561591e-06, 2.3545578642369946e-06, 3.362184543220792e-06, 4.037883172713919e-06, 2.8788138024538057e-06, 1.6244657672359608e-06, 1.575548139953753e-06, 2.492078920113272e-06, 1.7294422605118598e-06, 1.8723994799074717e-06, 2.9953691864648135e-06, 2.3212908217828954e-06, 1.2047559039274347e-06, 1.4451320566877257e-06, 1.376304567202169e-06, 1.0008841400122037e-06, 8.521317340637324e-07, 6.846635756119213e-07, 1.0345846703785355e-06, 1.38609550504043e-06, 1.232784256899322e-06, 1.2332184269325808e-06, 8.446325523436826e-07, 6.50551157832524e-07, 6.199123845362919e-07, 5.108940399622952e-07, 6.28696227522596e-07, 5.367727453631232e-07, 6.510017556138337e-07, 5.121103754390788e-07, 3.990409993548383e-07, 5.653273547068238e-07, 4.287375077183242e-07, 7.409453246509656e-07, 8.696508757566335e-07, 5.317038471730484e-07, 9.337175015389221e-07, 8.439590146736009e-07, 8.848285233398201e-07, 7.993987765075872e-07, 6.820828275522217e-07, 7.192116413534677e-07, 7.925671070552198e-07, 1.2188459095341386e-06, 9.028873364513856e-07, 7.079749479999009e-07, 7.265231261044391e-07, 6.253343372009112e-07, 5.757850658483221e-07, 4.228223815516685e-07, 3.2298291330334905e-07, 2.060270674064668e-07, 2.1986076603752736e-07, 1.5473560210921278e-07, 1.645858986876192e-07, 1.4740852805061877e-07, 1.1152162926464371e-07, 8.428743569766084e-08, 4.47655850166484e-08, 1.2531145898719842e-08, 2.2932735710412544e-09, 6.409733854795263e-11, 3.987515179160184e-11, 3.7609707015384686e-11, 3.4598591353018904e-11, 2.7023321080843488e-11, 2.6016111140392262e-11, 2.367706378181289e-11, 2.2407849881167508e-11, 2.0862627597706407e-11, 2.1659403437457314e-11, 2.1726573665170612e-11, 2.1140865100188755e-11, 1.9815470445050387e-11, 1.5023246535683654e-11, 1.3558736598751064e-11, 1.3129311873805172e-11, 1.1535578915700118e-11, 9.011215384990834e-12, 7.679456896780845e-12, 7.431058372808774e-12], "lowlevel.melbands128.stdev": [2.838953150785528e-06, 1.1946503036597278e-05, 4.956637349096127e-05, 0.0001996353967115283, 0.000561924185603857, 0.0007297778502106667, 0.00046075473073869944, 0.0006049220683053136, 0.001625466626137495, 0.0020983528811484575, 0.0024677037727087736, 0.0026876339688897133, 0.0030918787233531475, 0.001745694549754262, 0.0007628210005350411, 0.0019250331679359078, 0.00150695547927171, 0.0014628870412707329, 0.003158656880259514, 0.0024653978180140257, 0.001787074957974255, 0.0009385026060044765, 0.001124336151406169, 0.0005452136392705142, 0.0006469752988778055, 0.0003715278289746493, 0.0005001695826649666, 0.0004493925371207297, 0.00011963428551098332, 0.0001322962634731084, 0.00015102555335033685, 0.00018440320855006576, 0.0001919921051012352, 0.00012788714957423508, 3.172216020175256e-05, 3.395069870748557e-05, 5.042811608291231e-05, 3.709573866217397e-05, 3.571666820789687e-05, 2.5251507395296358e-05, 3.0309296562336385e-05, 3.2740659662522376e-05, 3.852322697639465e-05, 5.295977462083101e-05, 3.78762670152355e-05, 2.093611692544073e-05, 4.30054496973753e-05, 2.0888359358650632e-05, 1.2003843039565254e-05, 1.547380816191435e-05, 3.180245766998269e-05, 2.4472519726259634e-05, 9.63170259637991e-06, 9.877111551759299e-06, 1.0930270036624279e-05, 1.1926264960493427e-05, 1.0480366654519457e-05, 1.771351890056394e-05, 1.8654971427167766e-05, 6.601630047953222e-06, 6.124429546616739e-06, 5.951073035248555e-06, 4.820396043214714e-06, 3.987665877502877e-06, 3.791334165725857e-06, 7.245532742672367e-06, 6.616518021473894e-06, 6.43151633994421e-06, 6.5707067733455915e-06, 4.984618499292992e-06, 3.6785872907785233e-06, 2.8942181415914092e-06, 2.6464988422958413e-06, 4.2000556277344e-06, 3.2317120712832548e-06, 4.023055225843564e-06, 3.5777648008661345e-06, 2.4477008082612883e-06, 3.880459189531393e-06, 2.972399670397863e-06, 5.928856808168348e-06, 6.8522926994774025e-06, 3.5454388580546947e-06, 7.692644430790097e-06, 6.208438662724802e-06, 6.314751772151794e-06, 5.421059540822171e-06, 5.52278015675256e-06, 5.535679974855157e-06, 6.570165623998037e-06, 1.342681935057044e-05, 7.788782568241004e-06, 5.253935796645237e-06, 5.273634997138288e-06, 4.2854362618527375e-06, 3.8085647702246206e-06, 3.0309029170894064e-06, 3.4657498417800525e-06, 1.5658602023904677e-06, 2.3471577605960192e-06, 1.4547557611876982e-06, 1.4784541235712823e-06, 1.345952796327765e-06, 1.2832055062972358e-06, 5.686589474862558e-07, 4.520340723956906e-07, 1.2954700423506438e-07, 4.043769408212938e-08, 9.261905686841487e-10, 5.294187310767029e-10, 5.502514555111304e-10, 5.17157039414684e-10, 3.832444916973543e-10, 3.820674332466467e-10, 3.353126387661831e-10, 3.1616681495094667e-10, 2.9061339446023737e-10, 3.223713518352156e-10, 3.313764540546771e-10, 3.2680499972848054e-10, 3.048385432968814e-10, 2.0565457670151943e-10, 1.947392525014635e-10, 1.9518014982011778e-10, 1.925554021786624e-10, 1.89271376349609e-10, 1.9027986131181507e-10, 1.9024290476288286e-10], "lowlevel.mfcc.mean": [-819.0185546875, 140.85157775878906, -0.2244499921798706, -14.852931022644043, -21.969308853149414, -23.1247615814209, -19.074913024902344, -16.11662483215332, -12.56414794921875, 0.3198974132537842, -2.4455654621124268, -6.556492805480957, -8.98344898223877], "lowlevel.spectral_contrast_coeffs.mean": [-0.6083571910858154, -0.6792927980422974, -0.713101327419281, -0.78260338306427, -0.8154617547988892, -0.8190642595291138], "lowlevel.spectral_contrast_coeffs.stdev": [0.18066547811031342, 0.11839117109775543, 0.09951386600732803, 0.07204054296016693, 0.051024287939071655, 0.04152274131774902], "lowlevel.spectral_contrast_valleys.mean": [-9.482707023620605, -7.837408542633057, -9.06251335144043, -9.624321937561035, -9.690295219421387, -11.854729652404785], "lowlevel.spectral_contrast_valleys.stdev": [1.3916287422180176, 1.8385194540023804, 1.4351376295089722, 1.2497774362564087, 1.119012475013733, 1.0437458753585815], "rhythm.beats_loudness_band_ratio.mean": [0.10417630523443222, 0.32942599058151245, 0.5008671283721924, 0.07170892506837845, 0.0307795237749815, 0.05328478664159775], "rhythm.beats_loudness_band_ratio.stdev": [0.18639248609542847, 0.2756131589412689, 0.27491065859794617, 0.07502476125955582, 0.02947506681084633, 0.12591108679771423], "tonal.hpcp.mean": [0.18063293397426605, 0.1187770739197731, 0.041246287524700165, 0.03634024038910866, 0.04235263541340828, 0.09275510907173157, 0.13644050061702728, 0.10111933201551437, 0.10819635540246964, 0.13632866740226746, 0.08174767345190048, 0.0350232869386673, 0.029644500464200974, 0.03194909542798996, 0.23237262666225433, 0.47324541211128235, 0.2831399440765381, 0.04254677891731262, 0.030981604009866714, 0.027027299627661705, 0.057766955345869064, 0.08608261495828629, 0.08562340587377548, 0.1258726865053177, 0.10393161326646805, 0.044577304273843765, 0.09272836148738861, 0.12526683509349823, 0.08541474491357803, 0.19939394295215607, 0.3318033218383789, 0.19049032032489777, 0.051210757344961166, 0.043299127370119095, 0.04916609078645706, 0.11430522054433823], "tonal.hpcp.stdev": [0.2834452688694, 0.20642660558223724, 0.1369243711233139, 0.12989026308059692, 0.14486630260944366, 0.20252296328544617, 0.28021305799484253, 0.21677428483963013, 0.22815053164958954, 0.280457466840744, 0.1857846975326538, 0.11771435290575027, 0.09272153675556183, 0.1042494997382164, 0.20809000730514526, 0.4042385220527649, 0.25794661045074463, 0.1373109072446823, 0.10998216271400452, 0.09198099374771118, 0.13085129857063293, 0.1905035823583603, 0.16232505440711975, 0.3040827214717865, 0.24329619109630585, 0.14158864319324493, 0.19618378579616547, 0.24836699664592743, 0.16638201475143433, 0.23633570969104767, 0.34514203667640686, 0.2129587084054947, 0.15384121239185333, 0.14487242698669434, 0.1531897932291031, 0.19914662837982178], "rhythm.beats_position": [0.4527890980243683, 0.8823582530021667, 1.300317406654358, 1.7066665887832642, 2.1246259212493896, 2.5425848960876465, 2.9605441093444824, 3.390113353729248, 3.8196823596954346, 4.249251842498779, 4.736870765686035, 5.224489688873291, 5.712108612060547, 6.188117980957031, 6.664126873016357, 7.151745796203613, 7.627755165100098, 8.103763580322266, 8.59138298034668, 9.079002380371094, 9.555010795593262, 10.031020164489746, 10.50702953338623, 10.994647979736328, 11.470657348632812, 11.958276748657227, 12.445895195007324, 12.933514595031738, 13.409523963928223, 13.88553237915039, 14.361541748046875, 14.83755111694336, 15.325169563293457, 15.812788963317871, 16.30040740966797, 16.776416778564453, 17.252426147460938, 17.74004554748535, 18.204444885253906, 18.680452346801758, 19.156461715698242, 19.632471084594727, 20.10848045349121, 20.584489822387695, 21.06049919128418, 21.53650665283203, 22.012516021728516, 22.488525390625, 22.964534759521484, 23.4521541595459, 23.951383590698242, 24.462221145629883, 24.984670639038086, 25.44906997680664, 25.913469314575195, 26.37786865234375, 26.842267990112305, 27.295055389404297, 27.747844696044922, 28.212244033813477, 28.69986343383789, 29.175872802734375, 29.65188217163086, 30.069841384887695, 30.4761905670166, 30.882539749145508, 31.300498962402344, 31.70684814453125, 32.12480545043945, 32.54276657104492, 33.0303840637207, 33.52961349487305, 34.017234802246094, 34.504852294921875, 35.00408172607422, 35.50331115722656, 35.990928649902344, 36.46693801879883, 36.94294738769531, 37.4189567565918, 37.89496612548828, 38.370975494384766, 38.84698486328125, 39.322994232177734, 39.79899978637695], "rhythm.bpm_histogram": [0.0, 0.0, 0.0, 0.0, 0.0, 0.0, 0.0, 0.0, 0.0, 0.0, 0.0, 0.0, 0.0, 0.0, 0.0, 0.0, 0.0, 0.0, 0.0, 0.0, 0.0, 0.0, 0.0, 0.0, 0.0, 0.0, 0.0, 0.0, 0.0, 0.0, 0.0, 0.0, 0.0, 0.0, 0.0, 0.0, 0.0, 0.0, 0.0, 0.0, 0.0, 0.0, 0.0, 0.0, 0.0, 0.0, 0.0, 0.0, 0.0, 0.0, 0.0, 0.0, 0.0, 0.0, 0.0, 0.0, 0.0, 0.0, 0.0, 0.0, 0.0, 0.0, 0.0, 0.0, 0.0, 0.0, 0.0, 0.0, 0.0, 0.0, 0.0, 0.0, 0.0, 0.0, 0.0, 0.0, 0.0, 0.0, 0.0, 0.0, 0.0, 0.0, 0.0, 0.0, 0.0, 0.0, 0.0, 0.0, 0.0, 0.0, 0.0, 0.0, 0.0, 0.0, 0.0, 0.0, 0.0, 0.0, 0.0, 0.0, 0.0, 0.0, 0.0, 0.0, 0.0, 0.0, 0.0, 0.0, 0.0, 0.0, 0.0, 0.0, 0.0, 0.0, 0.0, 0.011904762126505375, 0.0, 0.011904762126505375, 0.0, 0.0, 0.0476190485060215, 0.0, 0.0, 0.2380952388048172, 0.0, 0.0, 0.4047619104385376, 0.0, 0.0, 0.0714285746216774, 0.0, 0.0, 0.0, 0.02380952425301075, 0.0, 0.0, 0.0, 0.0, 0.0, 0.0, 0.0476190485060215, 0.0, 0.0, 0.0, 0.095238097012043, 0.0, 0.0, 0.0, 0.0476190485060215, 0.0, 0.0, 0.0, 0.0, 0.0, 0.0, 0.0, 0.0, 0.0, 0.0, 0.0, 0.0, 0.0, 0.0, 0.0, 0.0, 0.0, 0.0, 0.0, 0.0, 0.0, 0.0, 0.0, 0.0, 0.0, 0.0, 0.0, 0.0, 0.0, 0.0, 0.0, 0.0, 0.0, 0.0, 0.0, 0.0, 0.0, 0.0, 0.0, 0.0, 0.0, 0.0, 0.0, 0.0, 0.0, 0.0, 0.0, 0.0, 0.0, 0.0, 0.0, 0.0, 0.0, 0.0, 0.0, 0.0, 0.0, 0.0, 0.0, 0.0, 0.0, 0.0, 0.0, 0.0, 0.0, 0.0, 0.0, 0.0, 0.0, 0.0, 0.0, 0.0, 0.0, 0.0, 0.0, 0.0, 0.0, 0.0, 0.0, 0.0, 0.0, 0.0, 0.0, 0.0, 0.0, 0.0, 0.0, 0.0, 0.0, 0.0, 0.0, 0.0, 0.0, 0.0, 0.0, 0.0, 0.0, 0.0, 0.0, 0.0, 0.0], "tonal.chords_histogram": [47.453704833984375, 3.125, 14.699073791503906, 0.0, 0.0, 0.0, 0.9259259104728699, 0.0, 0.0, 0.0, 0.0, 0.23148147761821747, 0.0, 0.0, 0.0, 2.314814805984497, 0.0, 8.564814567565918, 0.0, 5.3240742683410645, 0.11574073880910873, 0.0, 1.6203703880310059, 15.625], "tonal.thpcp": [1.0, 0.5982941389083862, 0.08990426361560822, 0.0654662549495697, 0.057110536843538284, 0.12206553667783737, 0.18189845979213715, 0.18092812597751617, 0.2659776210784912, 0.21961462497711182, 0.09419489651918411, 0.19594138860702515, 0.264697402715683, 0.18048721551895142, 0.42133307456970215, 0.7011231780052185, 0.4025191068649292, 0.10821183770895004, 0.09149402379989624, 0.10389132052659988, 0.2415347695350647, 0.38168978691101074, 0.2509841024875641, 0.08715623617172241, 0.07678941637277603, 0.0894940197467804, 0.1959979087114334, 0.28830814361572266, 0.21367208659648895, 0.2286263108253479, 0.28807181119918823, 0.1727384328842163, 0.07400660961866379, 0.06264086067676544, 0.06751062721014023, 0.49101927876472473], "lowlevel.gfcc.cov": [[18332.609375, 5384.001953125, -960.7052001953125, -1370.1986083984375, -1640.4127197265625, -2327.31982421875, -1375.0283203125, -1419.8697509765625, -450.8171081542969, -1172.9644775390625, 175.20494079589844, -533.6724853515625, 207.93661499023438], [5384.001953125, 3308.28759765625, -553.6229858398438, -1354.00390625, -295.2584228515625, -1046.8076171875, -314.3960266113281, -551.5321655273438, -40.36846923828125, -425.51580810546875, 122.24433135986328, -345.0182189941406, 59.54602813720703], [-960.7052001953125, -553.6229858398438, 762.1666870117188, 522.1691284179688, -70.62284851074219, 152.62820434570312, -150.3804473876953, -131.11489868164062, -145.8573760986328, -122.42161560058594, -69.12384033203125, 111.04483032226562, 36.44029235839844], [-1370.1986083984375, -1354.00390625, 522.1691284179688, 1040.456787109375, 78.89192199707031, 376.4847412109375, -25.607358932495117, 63.07859420776367, -55.13917541503906, 47.08458709716797, -83.02127838134766, 203.91053771972656, 31.294696807861328], [-1640.4127197265625, -295.2584228515625, -70.62284851074219, 78.89192199707031, 425.8861999511719, 253.05447387695312, 202.10247802734375, 234.6711883544922, 136.939208984375, 178.09808349609375, -29.385942459106445, 15.19758129119873, -43.310638427734375], [-2327.31982421875, -1046.8076171875, 152.62820434570312, 376.4847412109375, 253.05447387695312, 558.251220703125, 245.02528381347656, 322.64459228515625, 55.91045379638672, 205.6778106689453, -72.6479263305664, 81.97997283935547, -71.12105560302734], [-1375.0283203125, -314.3960266113281, -150.3804473876953, -25.607358932495117, 202.10247802734375, 245.02528381347656, 335.42816162109375, 253.01316833496094, 89.01488494873047, 170.79110717773438, 1.6013737916946411, -13.1095552444458, -72.9819107055664], [-1419.8697509765625, -551.5321655273438, -131.11489868164062, 63.07859420776367, 234.6711883544922, 322.64459228515625, 253.01316833496094, 381.6033630371094, 123.22766876220703, 210.68438720703125, -49.34492874145508, 3.2380032539367676, -84.78524780273438], [-450.8171081542969, -40.36846923828125, -145.8573760986328, -55.13917541503906, 136.939208984375, 55.91045379638672, 89.01488494873047, 123.22766876220703, 152.0923309326172, 107.91764831542969, 9.75013256072998, -5.610419273376465, -14.184380531311035], [-1172.9644775390625, -425.51580810546875, -122.42161560058594, 47.08458709716797, 178.09808349609375, 205.6778106689453, 170.79110717773438, 210.68438720703125, 107.91764831542969, 241.84104919433594, 8.969764709472656, 37.288970947265625, -25.510656356811523], [175.20494079589844, 122.24433135986328, -69.12384033203125, -83.02127838134766, -29.385942459106445, -72.6479263305664, 1.6013737916946411, -49.34492874145508, 9.75013256072998, 8.969764709472656, 104.84416961669922, 36.40654373168945, 23.65855598449707], [-533.6724853515625, -345.0182189941406, 111.04483032226562, 203.91053771972656, 15.19758129119873, 81.97997283935547, -13.1095552444458, 3.2380032539367676, -5.610419273376465, 37.288970947265625, 36.40654373168945, 141.61944580078125, 52.30986022949219], [207.93661499023438, 59.54602813720703, 36.44029235839844, 31.294696807861328, -43.310638427734375, -71.12105560302734, -72.9819107055664, -84.78524780273438, -14.184380531311035, -25.510656356811523, 23.65855598449707, 52.30986022949219, 88.8797836303711]], "lowlevel.gfcc.icov": [[0.00036247886600904167, -0.0007334334659390152, 0.0007072524749673903, -0.0009134756401181221, 0.0009598079486750066, -1.9301622160128318e-05, 0.0008813166059553623, -0.0005934436921961606, 0.00036505601019598544, 2.5795518013183028e-05, -0.0002461487310938537, 0.0003327873128000647, 0.000220168600208126], [-0.0007334334659390152, 0.003199129831045866, -0.0014033258194103837, 0.003208083100616932, -0.00290910666808486, 0.001646621385589242, -0.0019758499693125486, 0.0019732050132006407, -0.001054252847097814, 0.0014347786782309413, 0.00042546249460428953, 0.00047103670658543706, -0.0009686353150755167], [0.0007072524749673903, -0.0014033258194103837, 0.004540790803730488, -0.002539706649258733, 0.0016708621988072991, -0.0016131974989548326, 0.0024051617365330458, 0.000363502447726205, 0.001665242132730782, 0.0012782211415469646, 0.0006106329965405166, -0.00044711140799336135, 0.0008963507716543972], [-0.0009134756401181221, 0.003208083100616932, -0.002539706649258733, 0.005765257868915796, -0.003170773619785905, 0.00025105965323746204, -0.0020453769247978926, 0.0026225317269563675, -0.0013513711746782064, 0.0009738531662151217, 0.0023224439937621355, -0.0027222351636737585, -0.0004750762600451708], [0.0009598079486750066, -0.00290910666808486, 0.0016708621988072991, -0.003170773619785905, 0.007797976490110159, -0.001891863881610334, 0.0012667907867580652, -0.0019673851784318686, -0.0018790323520079255, -0.0014454826014116406, 0.00039959524292498827, 0.00016230481560342014, 0.0006677296478301287], [-1.9301622160128318e-05, 0.001646621385589242, -0.0016131974989548326, 0.00025105965323746204, -0.001891863881610334, 0.009682967327535152, -0.002679672557860613, -0.002852268051356077, 0.001488467794843018, -0.00081295968266204, 0.0022398519795387983, -0.001726855873130262, 0.00184443814214319], [0.0008813166059553623, -0.0019758499693125486, 0.0024051617365330458, -0.0020453769247978926, 0.0012667907867580652, -0.002679672557860613, 0.010478770360350609, -0.004228215664625168, 0.0020224303007125854, -0.000997217372059822, -0.0043183076195418835, 0.002951365662738681, 0.00148900062777102], [-0.0005934436921961606, 0.0019732050132006407, 0.000363502447726205, 0.0026225317269563675, -0.0019673851784318686, -0.002852268051356077, -0.004228215664625168, 0.013627665117383003, -0.004210560116916895, -0.0021789802704006433, 0.005599312949925661, -0.0029188115149736404, 0.004210866522043943], [0.00036505601019598544, -0.001054252847097814, 0.001665242132730782, -0.0013513711746782064, -0.0018790323520079255, 0.001488467794843018, 0.0020224303007125854, -0.004210560116916895, 0.014261933974921703, -0.0033098796848207712, -0.002125086262822151, 0.0016027477104216814, -0.0014867257559671998], [2.5795518013183028e-05, 0.0014347786782309413, 0.0012782211415469646, 0.0009738531662151217, -0.0014454826014116406, -0.00081295968266204, -0.000997217372059822, -0.0021789802704006433, -0.0033098796848207712, 0.013009767979383469, -0.002266419818624854, -0.0004361279134172946, -0.0020750362891703844], [-0.0002461487310938537, 0.00042546249460428953, 0.0006106329965405166, 0.0023224439937621355, 0.00039959524292498827, 0.0022398519795387983, -0.0043183076195418835, 0.005599312949925661, -0.002125086262822151, -0.002266419818624854, 0.01962173730134964, -0.011407961137592793, 0.0035066583659499884], [0.0003327873128000647, 0.00047103670658543706, -0.00044711140799336135, -0.0027222351636737585, 0.00016230481560342014, -0.001726855873130262, 0.002951365662738681, -0.0029188115149736404, 0.0016027477104216814, -0.0004361279134172946, -0.011407961137592793, 0.02248011901974678, -0.011679288931190968], [0.000220168600208126, -0.0009686353150755167, 0.0008963507716543972, -0.0004750762600451708, 0.0006677296478301287, 0.00184443814214319, 0.00148900062777102, 0.004210866522043943, -0.0014867257559671998, -0.0020750362891703844, 0.0035066583659499884, -0.011679288931190968, 0.023333143442869186]], "lowlevel.mfcc.cov": [[18524.11328125, 4713.59326171875, -313.5254821777344, -168.8396759033203, -1098.3841552734375, -1538.517578125, -1524.1005859375, -1097.033935546875, -1536.8214111328125, -1009.0914916992188, -1048.0531005859375, -800.6166381835938, -654.1478271484375], [4713.59326171875, 3612.29248046875, -724.640869140625, -561.851806640625, -501.3177795410156, -761.66259765625, -499.984375, -482.78643798828125, -402.5721740722656, -222.3850555419922, -186.90032958984375, -198.51889038085938, -233.71324157714844], [-313.5254821777344, -724.640869140625, 822.9830322265625, 248.8746337890625, 112.63034057617188, 155.3538055419922, -34.27907943725586, 31.12531089782715, -168.44175720214844, -208.7252197265625, -216.82737731933594, -111.4145278930664, -63.0739631652832], [-168.8396759033203, -561.851806640625, 248.8746337890625, 362.91162109375, 147.732666015625, 151.75279235839844, 14.000368118286133, 48.78987503051758, 3.9745140075683594, -42.080745697021484, -82.10132598876953, -3.534331798553467, 34.54365158081055], [-1098.3841552734375, -501.3177795410156, 112.63034057617188, 147.732666015625, 308.0151672363281, 186.45945739746094, 69.27070617675781, 103.19058990478516, 127.35330963134766, 23.92908477783203, 27.150041580200195, 54.58805847167969, 66.74083709716797], [-1538.517578125, -761.66259765625, 155.3538055419922, 151.75279235839844, 186.45945739746094, 301.7347412109375, 178.49703979492188, 138.956787109375, 146.16946411132812, 72.25834655761719, 71.73444366455078, 80.57073211669922, 81.21491241455078], [-1524.1005859375, -499.984375, -34.27907943725586, 14.000368118286133, 69.27070617675781, 178.49703979492188, 291.6216125488281, 166.96771240234375, 187.78363037109375, 158.94398498535156, 156.68101501464844, 96.45970153808594, 75.10066986083984], [-1097.033935546875, -482.78643798828125, 31.12531089782715, 48.78987503051758, 103.19058990478516, 138.956787109375, 166.96771240234375, 202.0771026611328, 155.15711975097656, 104.19712829589844, 104.25054931640625, 68.60964965820312, 69.03041076660156], [-1536.8214111328125, -402.5721740722656, -168.44175720214844, 3.9745140075683594, 127.35330963134766, 146.16946411132812, 187.78363037109375, 155.15711975097656, 349.8670654296875, 228.46868896484375, 193.52809143066406, 154.88699340820312, 96.82415771484375], [-1009.0914916992188, -222.3850555419922, -208.7252197265625, -42.080745697021484, 23.92908477783203, 72.25834655761719, 158.94398498535156, 104.19712829589844, 228.46868896484375, 270.44219970703125, 200.8825225830078, 103.66597747802734, 65.15415954589844], [-1048.0531005859375, -186.90032958984375, -216.82737731933594, -82.10132598876953, 27.150041580200195, 71.73444366455078, 156.68101501464844, 104.25054931640625, 193.52809143066406, 200.8825225830078, 236.2736358642578, 122.89747619628906, 77.59599304199219], [-800.6166381835938, -198.51889038085938, -111.4145278930664, -3.534331798553467, 54.58805847167969, 80.57073211669922, 96.45970153808594, 68.60964965820312, 154.88699340820312, 103.66597747802734, 122.89747619628906, 147.5785369873047, 87.99115753173828], [-654.1478271484375, -233.71324157714844, -63.0739631652832, 34.54365158081055, 66.74083709716797, 81.21491241455078, 75.10066986083984, 69.03041076660156, 96.82415771484375, 65.15415954589844, 77.59599304199219, 87.99115753173828, 131.3347930908203]], "lowlevel.mfcc.icov": [[0.00015962289762683213, -7.162497058743611e-05, 0.00013707326434087008, -0.00029651549994014204, 0.00021277349151205271, 0.00023987724853213876, 0.0003302026307210326, -0.00013326008047442883, 0.00026651189546100795, -3.573957201297162e-06, 0.00014406818081624806, 2.009066338359844e-05, 0.00014288043894339353], [-7.162497058743611e-05, 0.0008469700696878135, 0.0005171396187506616, 0.0006267704884521663, -0.0001718244020594284, 0.0008990869391709566, -9.397906251251698e-05, 0.0005956770619377494, -1.0325848961656447e-05, 0.0002457311493344605, 0.0003584131773095578, -9.014025272335857e-05, 0.0002402860118309036], [0.00013707326434087008, 0.0005171396187506616, 0.0032177071552723646, -0.00045948836486786604, 0.00012550692190416157, -0.0009632549481466413, 0.0004795482091140002, -0.0012074820697307587, 0.001303706900216639, 0.0007562359678559005, 0.002057590987533331, 2.041131847363431e-05, 0.0015958319418132305], [-0.00029651549994014204, 0.0006267704884521663, -0.00045948836486786604, 0.006012055091559887, -0.001518908771686256, -0.0018604531651362777, 0.00010437090531922877, 4.069713759236038e-05, 0.00015490601072087884, -0.0016622459515929222, 0.0035550177562981844, -0.0006869477801956236, -0.001251949812285602], [0.00021277349151205271, -0.0001718244020594284, 0.00012550692190416157, -0.001518908771686256, 0.007138629909604788, -0.0031590890139341354, 0.00264027900993824, -0.0014962708810344338, -0.002589117968454957, 0.0021092784591019154, -0.0006273644394241273, 0.0012727248249575496, -0.0008033334743231535], [0.00023987724853213876, 0.0008990869391709566, -0.0009632549481466413, -0.0018604531651362777, -0.0031590890139341354, 0.012827848084270954, -0.004454451147466898, 0.0011734592262655497, -0.00018715858459472656, 0.000785806099884212, -0.0004730238579213619, -0.0012801495613530278, -0.0006899971049278975], [0.0003302026307210326, -9.397906251251698e-05, 0.0004795482091140002, 0.00010437090531922877, 0.00264027900993824, -0.004454451147466898, 0.011315313167870045, -0.005024060606956482, 0.000155493471538648, -0.0013289988273754716, -0.0016972305020317435, 0.00020797534671146423, 0.000671491667162627], [-0.00013326008047442883, 0.0005956770619377494, -0.0012074820697307587, 4.069713759236038e-05, -0.0014962708810344338, 0.0011734592262655497, -0.005024060606956482, 0.01327504776418209, -0.0033566628117114305, 0.0011737470049411058, -0.002732360502704978, 0.0026945231948047876, -0.0025627240538597107], [0.00026651189546100795, -1.0325848961656447e-05, 0.001303706900216639, 0.00015490601072087884, -0.002589117968454957, -0.00018715858459472656, 0.000155493471538648, -0.0033566628117114305, 0.012649759650230408, -0.007042037323117256, 0.00265522301197052, -0.006945790722966194, 0.002253684215247631], [-3.573957201297162e-06, 0.0002457311493344605, 0.0007562359678559005, -0.0016622459515929222, 0.0021092784591019154, 0.000785806099884212, -0.0013289988273754716, 0.0011737470049411058, -0.007042037323117256, 0.01544184796512127, -0.009460406377911568, 0.004385507199913263, -1.2606752534338739e-05], [0.00014406818081624806, 0.0003584131773095578, 0.002057590987533331, 0.0035550177562981844, -0.0006273644394241273, -0.0004730238579213619, -0.0016972305020317435, -0.002732360502704978, 0.00265522301197052, -0.009460406377911568, 0.020611325278878212, -0.007564920466393232, 5.281451012706384e-05], [2.009066338359844e-05, -9.014025272335857e-05, 2.041131847363431e-05, -0.0006869477801956236, 0.0012727248249575496, -0.0012801495613530278, 0.00020797534671146423, 0.0026945231948047876, -0.006945790722966194, 0.004385507199913263, -0.007564920466393232, 0.020717637613415718, -0.007725913543254137], [0.00014288043894339353, 0.0002402860118309036, 0.0015958319418132305, -0.001251949812285602, -0.0008033334743231535, -0.0006899971049278975, 0.000671491667162627, -0.0025627240538597107, 0.002253684215247631, -1.26