{"song_id": "1183680245694464020", "download": "https://cdn.discordapp.com/attachments/1135911532732108921/1183680245694464020/chirp.mp4?ex=65893722&amp", "lyrics": "\u0421\u0442\u0440\u0430\u0431\u0430\u0441\u043a\u043e\u043f \u043c\u0435\u0440\u0446\u0430\u0435\u0442\n\u0412 \u043e\u043f\u0443\u0441\u0442\u0435\u0432\u0448\u0435\u043c \u0437\u0430\u043b\u0435. \n\u041c\u044b \u0441 \u0442\u043e\u0431\u043e\u0439 \u043e\u0434\u043d\u0438, \n\u041b\u044e\u0434\u0438 \u0432 \u0441\u0442\u0440\u0430\u0445\u0435 \u0443\u0431\u0435\u0436\u0430\u043b\u0438. \n\u0417\u0430\u043a\u0440\u0443\u0436\u0438\u043b\u0430\u0441\u044c \u0432 \u0442\u0430\u043d\u0446\u0435\n\u0423 \u0442\u0435\u0431\u044f \u043d\u0435\u0442 \u0448\u0430\u043d\u0441\u043e\u0432, \n\u0415\u0441\u043b\u0438 \u0442\u044b \u0440\u0435\u0448\u0438\u043b\u0430\n\u0421 \u0434\u044c\u044f\u0432\u043e\u043b\u043e\u043c \u0442\u044f\u0433\u0430\u0442\u044c\u0441\u044f... \n[Chorus]\n\u0422\u0435\u0447\u0435\u0442 \u0441\u043b\u044e\u043d\u0430 \u0438\u0437 \u043f\u0440\u0438\u043e\u0442\u043a\u0440\u044b\u0442\u043e\u0439 \u043f\u0430\u0441\u0442\u0438, \n\u041d\u043e  \u043d\u0435 \u0441\u0442\u0430\u043d\u0443 \u0440\u0432\u0430\u0442\u044c \u0442\u0435\u0431\u044f \u043d\u0430 \u0447\u0430\u0441\u0442\u0438.\n \u044f \u043f\u0440\u043e\u0441\u0442\u043e \u0437\u0430\u0447\u0430\u0440\u043e\u0432\u0430\u043d \u043c\u0443\u0437\u044b\u043a\u043e\u0439 \u0438 \u0442\u0435\u043b\u043e\u043c... \n\u043c\u043e\u044f \u0441\u043b\u0435\u043f\u0430\u044f \u0434\u0438\u0441\u043a\u043e... \u043a\u0430! \u0440\u0430! \u043b\u0435\u0432\u0430!\n\u041c\u043e\u044f... \u0441\u043b\u0435\u043f\u0430\u044f \u0434\u0438\u0441\u043a\u043e \u043a\u043e\u0440\u043e\u043b\u0435\u0432\u0430!", "style": ["hardcore"], "essentia_features": {"lowlevel.average_loudness": 0.972999632358551, "lowlevel.barkbands_crest.mean": 15.164237976074219, "lowlevel.barkbands_crest.stdev": 4.733274459838867, "lowlevel.barkbands_flatness_db.mean": 0.15554961562156677, "lowlevel.barkbands_flatness_db.stdev": 0.04272956773638725, "lowlevel.barkbands_kurtosis.mean": 8.143498420715332, "lowlevel.barkbands_kurtosis.stdev": 12.538166999816895, "lowlevel.barkbands_skewness.mean": 2.3965065479278564, "lowlevel.barkbands_skewness.stdev": 1.624479055404663, "lowlevel.barkbands_spread.mean": 27.553186416625977, "lowlevel.barkbands_spread.stdev": 18.114282608032227, "lowlevel.dissonance.mean": 0.4790063500404358, "lowlevel.dissonance.stdev": 0.017646731808781624, "lowlevel.dynamic_complexity": 2.746816873550415, "lowlevel.erbbands_crest.mean": 8.08352279663086, "lowlevel.erbbands_crest.stdev": 4.234504699707031, "lowlevel.erbbands_flatness_db.mean": 0.12694230675697327, "lowlevel.erbbands_flatness_db.stdev": 0.04179519787430763, "lowlevel.erbbands_kurtosis.mean": 0.2736007869243622, "lowlevel.erbbands_kurtosis.stdev": 2.2128539085388184, "lowlevel.erbbands_skewness.mean": -0.2980380654335022, "lowlevel.erbbands_skewness.stdev": 0.789490818977356, "lowlevel.erbbands_spread.mean": 51.741844177246094, "lowlevel.erbbands_spread.stdev": 21.29460334777832, "lowlevel.hfc.mean": 29.136377334594727, "lowlevel.hfc.stdev": 22.596466064453125, "lowlevel.loudness_ebu128.integrated": -13.688222885131836, "lowlevel.loudness_ebu128.loudness_range": 2.250472068786621, "lowlevel.loudness_ebu128.momentary.mean": -14.404644012451172, "lowlevel.loudness_ebu128.momentary.stdev": 3.0575122833251953, "lowlevel.loudness_ebu128.short_term.mean": -13.904836654663086, "lowlevel.loudness_ebu128.short_term.stdev": 1.6504098176956177, "lowlevel.melbands_crest.mean": 20.48081398010254, "lowlevel.melbands_crest.stdev": 6.095566749572754, "lowlevel.melbands_flatness_db.mean": 0.22966288030147552, "lowlevel.melbands_flatness_db.stdev": 0.051450807601213455, "lowlevel.melbands_kurtosis.mean": 37.323787689208984, "lowlevel.melbands_kurtosis.stdev": 44.302425384521484, "lowlevel.melbands_skewness.mean": 4.828363418579102, "lowlevel.melbands_skewness.stdev": 2.740217447280884, "lowlevel.melbands_spread.mean": 19.981008529663086, "lowlevel.melbands_spread.stdev": 20.707427978515625, "lowlevel.pitch_salience.mean": 0.41600489616394043, "lowlevel.pitch_salience.stdev": 0.1279304474592209, "lowlevel.silence_rate_20dB.mean": 1.0, "lowlevel.silence_rate_20dB.stdev": 0.0, "lowlevel.silence_rate_30dB.mean": 0.9852827191352844, "lowlevel.silence_rate_30dB.stdev": 0.12041933089494705, "lowlevel.silence_rate_60dB.mean": 0.059643685817718506, "lowlevel.silence_rate_60dB.stdev": 0.23682522773742676, "lowlevel.spectral_centroid.mean": 1855.7169189453125, "lowlevel.spectral_centroid.stdev": 760.4816284179688, "lowlevel.spectral_complexity.mean": 19.95042610168457, "lowlevel.spectral_complexity.stdev": 9.988323211669922, "lowlevel.spectral_decrease.mean": -1.2206175625806281e-08, "lowlevel.spectral_decrease.stdev": 6.683499531590087e-09, "lowlevel.spectral_energy.mean": 0.04871172830462456, "lowlevel.spectral_energy.stdev": 0.02609015256166458, "lowlevel.spectral_energyband_high.mean": 0.0016366553027182817, "lowlevel.spectral_energyband_high.stdev": 0.002249373123049736, "lowlevel.spectral_energyband_low.mean": 0.03251131996512413, "lowlevel.spectral_energyband_low.stdev": 0.021757397800683975, "lowlevel.spectral_energyband_middle_high.mean": 0.005909780040383339, "lowlevel.spectral_energyband_middle_high.stdev": 0.007101710885763168, "lowlevel.spectral_energyband_middle_low.mean": 0.008991125039756298, "lowlevel.spectral_energyband_middle_low.stdev": 0.011275384575128555, "lowlevel.spectral_entropy.mean": 7.910549640655518, "lowlevel.spectral_entropy.stdev": 0.3548964262008667, "lowlevel.spectral_flux.mean": 0.1077994778752327, "lowlevel.spectral_flux.stdev": 0.05458774417638779, "lowlevel.spectral_kurtosis.mean": 2.9561386108398438, "lowlevel.spectral_kurtosis.stdev": 1.9293419122695923, "lowlevel.spectral_rms.mean": 0.0065200417302548885, "lowlevel.spectral_rms.stdev": 0.0022389013320207596, "lowlevel.spectral_rolloff.mean": 1245.089111328125, "lowlevel.spectral_rolloff.stdev": 1875.6187744140625, "lowlevel.spectral_skewness.mean": 1.2075318098068237, "lowlevel.spectral_skewness.stdev": 0.3430960178375244, "lowlevel.spectral_spread.mean": 5338953.0, "lowlevel.spectral_spread.stdev": 2101971.25, "lowlevel.spectral_strongpeak.mean": 0.528359591960907, "lowlevel.spectral_strongpeak.stdev": 0.5797808170318604, "lowlevel.zerocrossingrate.mean": 0.06030292436480522, "lowlevel.zerocrossingrate.stdev": 0.049177102744579315, "metadata.audio_properties.analysis.equal_loudness": 0.0, "metadata.audio_properties.analysis.length": 29.950952529907227, "metadata.audio_properties.analysis.sample_rate": 44100.0, "metadata.audio_properties.analysis.start_time": 0.0, "metadata.audio_properties.bit_rate": 119622.0, "metadata.audio_properties.length": 29.95199966430664, "metadata.audio_properties.lossless": 0.0, "metadata.audio_properties.number_channels": 1.0, "metadata.audio_properties.replay_gain": -12.020698547363281, "metadata.audio_properties.sample_rate": 48000.0, "rhythm.beats_count": 52.0, "rhythm.beats_loudness.mean": 0.06046009063720703, "rhythm.beats_loudness.stdev": 0.026947511360049248, "rhythm.bpm": 106.7155990600586, "rhythm.bpm_histogram_first_peak_bpm": 108.0, "rhythm.bpm_histogram_first_peak_weight": 0.5609756112098694, "rhythm.bpm_histogram_second_peak_bpm": 103.0, "rhythm.bpm_histogram_second_peak_spread": 0.40000003576278687, "rhythm.bpm_histogram_second_peak_weight": 0.11764705926179886, "rhythm.danceability": 1.1091067790985107, "rhythm.onset_rate": 4.171484470367432, "tonal.chords_changes_rate": 0.08513931930065155, "tonal.chords_number_rate": 0.015479875728487968, "tonal.chords_strength.mean": 0.5051757097244263, "tonal.chords_strength.stdev": 0.0771770104765892, "tonal.hpcp_crest.mean": 13.455918312072754, "tonal.hpcp_crest.stdev": 6.704516410827637, "tonal.hpcp_entropy.mean": 2.0911734104156494, "tonal.hpcp_entropy.stdev": 0.8142075538635254, "tonal.key_edma.strength": 0.8190829157829285, "tonal.key_krumhansl.strength": 0.8220254182815552, "tonal.key_temperley.strength": 0.8058160543441772, "tonal.tuning_diatonic_strength": 0.5590057969093323, "tonal.tuning_equal_tempered_deviation": 0.2523675560951233, "tonal.tuning_frequency": 434.193115234375, "tonal.tuning_nontempered_energy_ratio": 0.9430849552154541, "lowlevel.barkbands.mean": [0.001982362475246191, 0.027259616181254387, 0.003009119536727667, 0.001002836157567799, 0.0029707285575568676, 0.0017571736825630069, 0.000447747326688841, 0.001322221476584673, 0.0013499717460945249, 0.0006251089507713914, 0.000582160719204694, 0.000733526423573494, 0.0005002503748983145, 0.00046182016376405954, 0.0004898969200439751, 0.0006728523294441402, 0.0006369697512127459, 0.0004225910233799368, 0.0005317967152222991, 0.00046872618258930743, 0.0002596677513793111, 0.000373901886632666, 0.0002554769453126937, 0.00018965237541124225, 0.00024681701324880123, 0.00015739290392957628, 1.3549533832701854e-06], "lowlevel.barkbands.stdev": [0.0018708225106820464, 0.020539484918117523, 0.0028079813346266747, 0.00138154998421669, 0.007041716016829014, 0.004847443196922541, 0.002018430968746543, 0.0037540944758802652, 0.004491554107517004, 0.0022038237657397985, 0.001920310314744711, 0.0020962529815733433, 0.0014414044562727213, 0.001123344642110169, 0.00115499971434474, 0.0013676221715286374, 0.0008503952412866056, 0.0005778476479463279, 0.0007328390493057668, 0.0006166141829453409, 0.00031906162621453404, 0.0006914741243235767, 0.0004380682366900146, 0.00035761273466050625, 0.0005184587789699435, 0.0003517215955071151, 4.8483639147889335e-06], "lowlevel.erbbands.mean": [0.9758999347686768, 5.224372863769531, 4.866204738616943, 3.544487953186035, 7.647878646850586, 8.430083274841309, 15.72608757019043, 11.57459545135498, 4.494873523712158, 16.46380043029785, 33.36861801147461, 32.537960052490234, 16.453144073486328, 25.64315414428711, 22.391164779663086, 31.087186813354492, 24.807397842407227, 24.812381744384766, 23.09280776977539, 29.246315002441406, 39.241512298583984, 36.91028594970703, 25.093914031982422, 19.698007583618164, 33.531593322753906, 21.618131637573242, 10.061675071716309, 11.707768440246582, 13.883782386779785, 9.960371971130371, 6.811812400817871, 4.378487586975098, 3.0679237842559814, 2.5283796787261963, 1.860964298248291, 0.9808794260025024, 0.23215241730213165, 0.01728004962205887, 0.0004267183248884976, 7.815362187102437e-05], "lowlevel.erbbands.stdev": [0.8669208884239197, 4.092101573944092, 3.8029491901397705, 3.9796319007873535, 22.65191078186035, 19.325162887573242, 35.97319030761719, 42.64440155029297, 15.256752014160156, 54.027557373046875, 92.65113830566406, 107.95835876464844, 48.97872543334961, 91.20854187011719, 65.69927978515625, 84.66873931884766, 64.8164291381836, 61.60216522216797, 49.2110710144043, 62.15629577636719, 76.62239837646484, 47.4830322265625, 33.896968841552734, 23.153608322143555, 48.785064697265625, 27.060380935668945, 12.201410293579102, 14.58988094329834, 24.37476921081543, 20.78183364868164, 11.323112487792969, 7.827142715454102, 6.010651588439941, 5.222291469573975, 4.163601398468018, 2.2358038425445557, 0.5204676389694214, 0.03958640620112419, 0.000931637070607394, 5.609397339867428e-05], "lowlevel.gfcc.mean": [16.156694412231445, 65.19618225097656, -103.70952606201172, 57.504024505615234, -39.410892486572266, 31.476964950561523, -27.13275146484375, 23.48406982421875, -21.377567291259766, 9.449234962463379, -17.8701171875, 4.950387001037598, -11.733721733093262], "lowlevel.melbands.mean": [0.00815707165747881, 0.003947930410504341, 0.0007260558777488768, 0.0006149007240310311, 0.0005030023748986423, 0.0002683872589841485, 7.24747369531542e-05, 0.0002064243599306792, 0.0002892148040700704, 0.0001836347655626014, 7.695010572206229e-05, 0.00010295755782863125, 7.466014358215034e-05, 7.60320617700927e-05, 7.432187703670934e-05, 4.840905239689164e-05, 4.569767042994499e-05, 3.5353117709746584e-05, 3.705847848323174e-05, 4.310876101953909e-05, 4.571308454615064e-05, 3.969400859205052e-05, 2.9240456569823436e-05, 1.7240232409676537e-05, 1.5054831237648614e-05, 2.1159650714253075e-05, 2.5363389795529656e-05, 1.1688231097650714e-05, 5.784627319371793e-06, 6.030663826095406e-06, 7.168918727984419e-06, 8.339970918314066e-06, 6.4646419559721835e-06, 5.185564532439457e-06, 4.047334641654743e-06, 3.1917668366077123e-06, 2.507725184841547e-06, 2.1767384623672115e-06, 1.941323034770903e-06, 2.203139274570276e-06], "lowlevel.melbands.stdev": [0.006509931292384863, 0.0027737847995013, 0.0010121144587174058, 0.001691714976914227, 0.0010559546062722802, 0.0008919234969653189, 0.00027825598954223096, 0.000618369085714221, 0.0008055173675529659, 0.0006231811130419374, 0.00025340402498841286, 0.00037843550671823323, 0.00022483522479888052, 0.00021294152247719467, 0.00023925278219394386, 0.00014772239956073463, 0.00012103399058105424, 8.001282549230382e-05, 9.23848565435037e-05, 9.196953033097088e-05, 9.215407771989703e-05, 5.450742173707113e-05, 4.2877309169853106e-05, 2.2591941160499118e-05, 1.8968870790558867e-05, 3.091322651016526e-05, 3.7784291635034606e-05, 1.5502682799706236e-05, 7.656679372303188e-06, 7.797992111591157e-06, 9.447051525057759e-06, 1.447270824428415e-05, 1.3944697457191069e-05, 1.082803191820858e-05, 6.972399205551483e-06, 5.271397185424576e-06, 4.9560467232367955e-06, 4.434643415152095e-06, 3.881489192281151e-06, 4.736193204735173e-06], "lowlevel.melbands128.mean": [0.0017299356404691935, 0.008044696412980556, 0.01119210198521614, 0.007919667288661003, 0.003265859093517065, 0.0013354017864912748, 0.0006656281184405088, 0.0004949503927491605, 0.0008661156171001494, 0.0007254294469021261, 0.0003576661110855639, 0.0004409022512845695, 0.0006060639279894531, 0.0005143361049704254, 0.0002903855056501925, 0.0001282013690797612, 4.9430793296778575e-05, 5.042438715463504e-05, 0.000103404963738285, 0.0001940723304869607, 0.00024518053396604955, 0.0002922638668678701, 0.00027485654572956264, 0.0003197650657966733, 0.00026472617173567414, 9.472551755607128e-05, 7.678604015382007e-05, 7.075010216794908e-05, 7.974448089953512e-05, 0.00010522531374590471, 0.00011775752500398085, 8.952150528784841e-05, 6.584868970094249e-05, 7.210311741800979e-05, 6.114428106229752e-05, 7.877533789724112e-05, 9.674617467680946e-05, 8.45785834826529e-05, 5.196262281970121e-05, 5.020684329792857e-05, 4.880315100308508e-05, 4.2743566154967993e-05, 5.2225132094463333e-05, 4.283679663785733e-05, 3.5109653254039586e-05, 3.1696585210738704e-05, 3.9728642150294036e-05, 3.514236959745176e-05, 3.73466573364567e-05, 3.979394750786014e-05, 4.089569847565144e-05, 4.9995185690931976e-05, 4.952282688464038e-05, 4.276509935152717e-05, 4.035235178889707e-05, 4.337232167017646e-05, 3.5580203984864056e-05, 2.9111868570907973e-05, 3.104354254901409e-05, 2.0863890313194133e-05, 1.5611025446560234e-05, 1.4517348063236568e-05, 1.612834785191808e-05, 1.4872456631565001e-05, 1.3678451978194062e-05, 1.798160155885853e-05, 2.822340866259765e-05, 3.0560891900677234e-05, 2.5215796995325945e-05, 1.8305008779861964e-05, 1.2199727279949002e-05, 7.935873327369336e-06, 5.741805125580868e-06, 5.518307261809241e-06, 5.551412414206425e-06, 6.348182523652213e-06, 5.98791848460678e-06, 5.96373092776048e-06, 7.363807526417077e-06, 8.208609870052896e-06, 8.809216524241492e-06, 8.484067620884161e-06, 7.163186637626495e-06, 6.265316642384278e-06, 5.953304025752004e-06, 5.2799487093579955e-06, 5.079375569039257e-06, 4.596903181663947e-06, 4.019052994408412e-06, 3.602133119784412e-06, 3.5393479720369214e-06, 3.183773742421181e-06, 2.426082801321172e-06, 2.591925294836983e-06, 2.366455873925588e-06, 2.446027792757377e-06, 1.9842327674268745e-06, 2.08329151973885e-06, 1.8458318891134695e-06, 1.9261935904069105e-06, 2.132434929080773e-06, 2.3215397959575057e-06, 2.1895632471569115e-06, 2.187082600357826e-06, 2.167892262150417e-06, 1.956950200110441e-06, 2.140200422218186e-06, 1.8989002228408935e-06, 1.7599136299395468e-06, 1.6007755903046927e-06, 1.2388118193484843e-06, 8.503547519467247e-07, 7.001165158726508e-07, 4.448764627795754e-07, 2.4422871547358227e-07, 1.4544805537752836e-07, 4.865237457352123e-08, 1.1345319350652971e-08, 1.260929916035991e-09, 5.2169043390781766e-11, 5.0780310512088533e-11, 1.5561140917497163e-11, 6.071457139128489e-12, 5.934115612088453e-12, 5.8102906166923596e-12, 5.6775365658845445e-12, 5.595376158934462e-12, 5.5577066386536256e-12], "lowlevel.melbands128.stdev": [0.001681396970525384, 0.0077709779143333435, 0.010241282172501087, 0.006220848299562931, 0.002790272468701005, 0.0013479592744261026, 0.0009018415003083646, 0.0007984921685419977, 0.0028273221105337143, 0.0024325824342668056, 0.0009672417654655874, 0.0011084065772593021, 0.0015832089120522141, 0.0015117754228413105, 0.0013583661057054996, 0.0007212324417196214, 0.00016979897918645293, 0.00031894483254291117, 0.0005894139176234603, 0.0008549382328055799, 0.0008409088477492332, 0.0010919932974502444, 0.0010327211348339915, 0.0013324633473530412, 0.0010564199183136225, 0.00045631604734808207, 0.0004014793084934354, 0.00029393337899819016, 0.00040397283737547696, 0.0005275940638966858, 0.0005558268749155104, 0.0004080433282069862, 0.00024580053286626935, 0.00031539227347820997, 0.0002872679033316672, 0.0002723147044889629, 0.0003571539418771863, 0.00040754524525254965, 0.00018055438704323024, 0.00018382896087132394, 0.00022771435033064336, 0.00013307503832038492, 0.00020547371241264045, 0.00012527673970907927, 0.00011071065091527998, 0.00011264484055573121, 0.00013667943130712956, 0.00012774678179994226, 0.00015344048733823001, 0.00011503688438097015, 0.0001272396621061489, 0.0001533372123958543, 0.00014662164903711528, 0.00012350393808446825, 8.020002860575914e-05, 7.726784679107368e-05, 6.513580592582002e-05, 5.6211563787655905e-05, 5.8257610362488776e-05, 4.047114271088503e-05, 2.4283259335788898e-05, 2.512717037461698e-05, 2.79027135547949e-05, 2.1202515199547634e-05, 2.0905592464259826e-05, 3.202663720003329e-05, 5.357184636523016e-05, 6.226856203284115e-05, 4.786195859196596e-05, 3.1711155315861106e-05, 1.994858030229807e-05, 1.188720216305228e-05, 7.509536771976855e-06, 1.0460108569532167e-05, 7.621149052283727e-06, 8.856183740135748e-06, 9.051856068253983e-06, 7.959252798173111e-06, 1.0299153473170009e-05, 1.4661448403785471e-05, 1.561850331199821e-05, 1.6516960386070423e-05, 1.605733450560365e-05, 1.3979461982671637e-05, 1.5301908206311055e-05, 1.200921724375803e-05, 1.1137651199533138e-05, 8.889779564924538e-06, 7.556213859061245e-06, 5.95907295064535e-06, 6.456170012825169e-06, 5.490968305821298e-06, 4.573349087877432e-06, 5.990527370158816e-06, 5.096022960060509e-06, 5.621891887130914e-06, 4.457231625565328e-06, 4.427818566909991e-06, 3.819443918473553e-06, 4.407010692375479e-06, 4.7204780457832385e-06, 5.445644092105795e-06, 5.080976279714378e-06, 5.2952213991375174e-06, 5.541235168493586e-06, 4.995871222490678e-06, 5.132780188432662e-06, 4.436030394572299e-06, 4.313320459914394e-06, 4.0269010241900105e-06, 3.135523002129048e-06, 1.984505388463731e-06, 1.6628390540063265e-06, 1.1613547030719928e-06, 6.117331281529914e-07, 4.5109203483661986e-07, 1.3503883167231834e-07, 8.86650752818241e-08, 2.502804008486237e-08, 1.496617829666036e-09, 1.537467153589489e-09, 3.2004213168512763e-10, 9.329201473839976e-12, 9.142514002802304e-12, 9.014354367120614e-12, 8.90620736881953e-12, 8.826307740239514e-12, 8.776946183730594e-12], "lowlevel.mfcc.mean": [-628.7412719726562, 91.16793060302734, 4.909419059753418, 36.890838623046875, 17.801982879638672, 18.04515266418457, 12.078773498535156, 16.337631225585938, 9.392264366149902, 7.680031776428223, 6.401914119720459, 3.598145008087158, 5.481574058532715], "lowlevel.spectral_contrast_coeffs.mean": [-0.7214862704277039, -0.7661945223808289, -0.7969186902046204, -0.8002548813819885, -0.7885821461677551, -0.740363359451294], "lowlevel.spectral_contrast_coeffs.stdev": [0.07111452519893646, 0.09111274778842926, 0.066505067050457, 0.058038655668497086, 0.0516403391957283, 0.04574575275182724], "lowlevel.spectral_contrast_valleys.mean": [-6.583138465881348, -7.208335876464844, -7.4602861404418945, -7.436611175537109, -7.175893783569336, -9.883617401123047], "lowlevel.spectral_contrast_valleys.stdev": [1.1620302200317383, 1.0106056928634644, 1.0368725061416626, 0.9863764643669128, 1.1004472970962524, 1.2519763708114624], "rhythm.beats_loudness_band_ratio.mean": [0.6657633185386658, 0.09594841301441193, 0.09929443895816803, 0.06523401290178299, 0.046517014503479004, 0.07122726738452911], "rhythm.beats_loudness_band_ratio.stdev": [0.23750989139080048, 0.15230539441108704, 0.14674332737922668, 0.09421747177839279, 0.05565543845295906, 0.14237307012081146], "tonal.hpcp.mean": [0.20953454077243805, 0.1844230443239212, 0.0672997534275055, 0.04403157904744148, 0.03233557194471359, 0.030697843059897423, 0.04257211461663246, 0.04943765699863434, 0.062132176011800766, 0.16445057094097137, 0.16335394978523254, 0.05593976005911827, 0.0410563126206398, 0.04200850427150726, 0.043294403702020645, 0.050518255680799484, 0.0563795231282711, 0.059197261929512024, 0.06257425993680954, 0.05992904677987099, 0.06514544785022736, 0.2212231457233429, 0.3502427935600281, 0.2083241194486618, 0.10171050578355789, 0.08869101852178574, 0.04719956964254379, 0.03685268387198448, 0.037492964416742325, 0.03596009314060211, 0.03890399634838104, 0.05308971926569939, 0.06875556707382202, 0.07128413021564484, 0.05570066720247269, 0.08962593972682953], "tonal.hpcp.stdev": [0.3660795986652374, 0.33085376024246216, 0.18135873973369598, 0.15963007509708405, 0.12010292708873749, 0.11190558224916458, 0.12369302660226822, 0.1330583244562149, 0.15661048889160156, 0.32719534635543823, 0.331331342458725, 0.14149554073810577, 0.12293852865695953, 0.1335921585559845, 0.12308081239461899, 0.13919667899608612, 0.16033989191055298, 0.1523335725069046, 0.15815725922584534, 0.1496240347623825, 0.1484706550836563, 0.2968646287918091, 0.43590953946113586, 0.2815552353858948, 0.24357223510742188, 0.23303893208503723, 0.16449402272701263, 0.14015401899814606, 0.1381867229938507, 0.13564206659793854, 0.12168813496828079, 0.15690821409225464, 0.18192631006240845, 0.1891258955001831, 0.16624176502227783, 0.19889621436595917], "rhythm.beats_position": [0.54566890001297, 1.1029478311538696, 1.6486167907714844, 2.18267560005188, 2.7167346477508545, 3.2972335815429688, 3.8545124530792236, 4.423401355743408, 5.003900051116943, 5.596008777618408, 6.176507949829102, 6.768616676330566, 7.360725402832031, 7.941224575042725, 8.533332824707031, 9.102222442626953, 9.671111106872559, 10.239999771118164, 10.79727840423584, 11.354557991027832, 11.923446655273438, 12.480725288391113, 13.02639389038086, 13.572063446044922, 14.140952110290527, 14.698230743408203, 15.278729438781738, 15.85922908782959, 16.416507720947266, 16.973787307739258, 17.531064987182617, 18.08834457397461, 18.6456241607666, 19.21451187133789, 19.783401489257812, 20.340679168701172, 20.909568786621094, 21.478458404541016, 22.035736083984375, 22.593015670776367, 23.15029525756836, 23.71918296813965, 24.27646255493164, 24.84535026550293, 25.402629852294922, 25.959909439086914, 26.528797149658203, 27.097686767578125, 27.666576385498047, 28.235464096069336, 28.7811336517334, 29.350021362304688], "rhythm.bpm_histogram": [0.0, 0.0, 0.0, 0.0, 0.0, 0.0, 0.0, 0.0, 0.0, 0.0, 0.0, 0.0, 0.0, 0.0, 0.0, 0.0, 0.0, 0.0, 0.0, 0.0, 0.0, 0.0, 0.0, 0.0, 0.0, 0.0, 0.0, 0.0, 0.0, 0.0, 0.0, 0.0, 0.0, 0.0, 0.0, 0.0, 0.0, 0.0, 0.0, 0.0, 0.0, 0.0, 0.0, 0.0, 0.0, 0.0, 0.0, 0.0, 0.0, 0.0, 0.0, 0.0, 0.0, 0.0, 0.0, 0.0, 0.0, 0.0, 0.0, 0.0, 0.0, 0.0, 0.0, 0.0, 0.0, 0.0, 0.0, 0.0, 0.0, 0.0, 0.0, 0.0, 0.0, 0.0, 0.0, 0.0, 0.0, 0.0, 0.0, 0.0, 0.0, 0.0, 0.0, 0.0, 0.0, 0.0, 0.0, 0.0, 0.0, 0.0, 0.0, 0.0, 0.0, 0.0, 0.0, 0.0, 0.0, 0.0, 0.0, 0.0, 0.0, 0.0784313753247261, 0.0, 0.11764705926179886, 0.0, 0.3333333432674408, 0.0, 0.0, 0.3529411852359772, 0.0, 0.0784313753247261, 0.0, 0.03921568766236305, 0.0, 0.0, 0.0, 0.0, 0.0, 0.0, 0.0, 0.0, 0.0, 0.0, 0.0, 0.0, 0.0, 0.0, 0.0, 0.0, 0.0, 0.0, 0.0, 0.0, 0.0, 0.0, 0.0, 0.0, 0.0, 0.0, 0.0, 0.0, 0.0, 0.0, 0.0, 0.0, 0.0, 0.0, 0.0, 0.0, 0.0, 0.0, 0.0, 0.0, 0.0, 0.0, 0.0, 0.0, 0.0, 0.0, 0.0, 0.0, 0.0, 0.0, 0.0, 0.0, 0.0, 0.0, 0.0, 0.0, 0.0, 0.0, 0.0, 0.0, 0.0, 0.0, 0.0, 0.0, 0.0, 0.0, 0.0, 0.0, 0.0, 0.0, 0.0, 0.0, 0.0, 0.0, 0.0, 0.0, 0.0, 0.0, 0.0, 0.0, 0.0, 0.0, 0.0, 0.0, 0.0, 0.0, 0.0, 0.0, 0.0, 0.0, 0.0, 0.0, 0.0, 0.0, 0.0, 0.0, 0.0, 0.0, 0.0, 0.0, 0.0, 0.0, 0.0, 0.0, 0.0, 0.0, 0.0, 0.0, 0.0, 0.0, 0.0, 0.0, 0.0, 0.0, 0.0, 0.0, 0.0, 0.0, 0.0, 0.0, 0.0, 0.0, 0.0, 0.0, 0.0, 0.0, 0.0, 0.0, 0.0, 0.0, 0.0, 0.0, 0.0, 0.0, 0.0, 0.0, 0.0], "tonal.chords_histogram": [19.659442901611328, 21.052631378173828, 6.965944290161133, 0.0, 0.0, 0.46439629793167114, 0.0, 24.61300277709961, 7.27554178237915, 0.46439629793167114, 0.0, 0.0, 0.0, 0.0, 0.0, 3.715170383453369, 0.6191950440406799, 0.0, 1.2383900880813599, 0.0, 0.0, 4.334365367889404, 8.049535751342773, 1.5479875802993774], "tonal.thpcp": [1.0, 0.5947991609573364, 0.2903999984264374, 0.25322723388671875, 0.13476243615150452, 0.10522039234638214, 0.10704849660396576, 0.10267189890146255, 0.111077219247818, 0.15157976746559143, 0.19630829989910126, 0.2035277634859085, 0.15903444588184357, 0.25589659810066223, 0.5982550978660583, 0.5265576839447021, 0.19215171039104462, 0.12571729719638824, 0.09232330322265625, 0.08764731884002686, 0.1215502917766571, 0.1411525309085846, 0.1773974448442459, 0.4695330560207367, 0.4664020240306854, 0.15971709787845612, 0.11722243577241898, 0.1199410930275917, 0.12361254543066025, 0.14423781633377075, 0.1609726846218109, 0.16901779174804688, 0.17865966260433197, 0.17110715806484222, 0.18600082397460938, 0.6316279768943787], "lowlevel.gfcc.cov": [[9471.927734375, -649.2073974609375, 79.72708892822266, 334.301025390625, -169.20254516601562, 287.8322448730469, 221.86279296875, 411.3458251953125, 217.2474822998047, 295.4215393066406, -164.6965789794922, 462.25518798828125, 57.186126708984375], [-649.2073974609375, 1126.5831298828125, -505.7146301269531, -65.6972885131836, 59.5882682800293, -229.81387329101562, 139.29844665527344, -66.15216064453125, 92.82868194580078, -107.27034759521484, 140.19898986816406, -127.1839599609375, 68.23744201660156], [79.72708892822266, -505.7146301269531, 645.6614990234375, 149.9985809326172, -27.83046531677246, 158.2648468017578, -119.66970825195312, -56.72985076904297, -63.816322326660156, 35.59666442871094, -102.00189208984375, 105.2157974243164, -22.35309410095215], [334.301025390625, -65.6972885131836, 149.9985809326172, 386.83160400390625, 66.09065246582031, 141.4449462890625, 48.17847442626953, -79.47293853759766, 76.02811431884766, -32.65978240966797, -26.169679641723633, 40.920738220214844, 70.712890625], [-169.20254516601562, 59.5882682800293, -27.83046531677246, 66.09065246582031, 209.54331970214844, 87.86993408203125, 86.95932006835938, 22.30722999572754, 51.3152961730957, -2.0369913578033447, -1.2097877264022827, 6.244725227355957, 23.704164505004883], [287.8322448730469, -229.81387329101562, 158.2648468017578, 141.4449462890625, 87.86993408203125, 384.0115661621094, 234.58848571777344, 37.003971099853516, 17.723482131958008, -21.63547706604004, -48.11445236206055, 37.505367279052734, -17.277118682861328], [221.86279296875, 139.29844665527344, -119.66970825195312, 48.17847442626953, 86.95932006835938, 234.58848571777344, 437.8359069824219, 115.964111328125, 85.37843322753906, -41.420536041259766, 12.310983657836914, -2.179718017578125, -17.187952041625977], [411.3458251953125, -66.15216064453125, -56.72985076904297, -79.47293853759766, 22.30722999572754, 37.003971099853516, 115.964111328125, 185.66346740722656, 65.75180053710938, 45.317970275878906, -2.280620813369751, 4.431305408477783, -30.501840591430664], [217.2474822998047, 92.82868194580078, -63.816322326660156, 76.02811431884766, 51.3152961730957, 17.723482131958008, 85.37843322753906, 65.75180053710938, 172.8998565673828, 43.374874114990234, 19.020540237426758, -3.0567071437835693, 18.68262481689453], [295.4215393066406, -107.27034759521484, 35.59666442871094, -32.65978240966797, -2.0369913578033447, -21.63547706604004, -41.420536041259766, 45.317970275878906, 43.374874114990234, 107.79785919189453, 16.106067657470703, 28.380456924438477, -17.655542373657227], [-164.6965789794922, 140.19898986816406, -102.00189208984375, -26.169679641723633, -1.2097877264022827, -48.11445236206055, 12.310983657836914, -2.280620813369751, 19.020540237426758, 16.106067657470703, 93.79689025878906, 6.636198043823242, 17.046613693237305], [462.25518798828125, -127.1839599609375, 105.2157974243164, 40.920738220214844, 6.244725227355957, 37.505367279052734, -2.179718017578125, 4.431305408477783, -3.0567071437835693, 28.380456924438477, 6.636198043823242, 133.62741088867188, 44.03063201904297], [57.186126708984375, 68.23744201660156, -22.35309410095215, 70.712890625, 23.704164505004883, -17.277118682861328, -17.187952041625977, -30.501840591430664, 18.68262481689453, -17.655542373657227, 17.046613693237305, 44.03063201904297, 106.36064910888672]], "lowlevel.gfcc.icov": [[0.0002253484126413241, -0.00018739681399893016, 0.00036432003253139555, -0.0005022361292503774, 0.0004804039199370891, -0.0002206318313255906, 0.00014013056352268904, -0.0006154262227937579, 0.0002688775712158531, -0.0007527986308559775, 0.0008988711051642895, -0.0009730944293551147, 0.0001993711048271507], [-0.00018739681399893016, 0.002849298994988203, 0.00015109506784938276, 0.0011659236624836922, -0.001186681678518653, 0.0021234548185020685, -0.0017919206293299794, 0.0025797535199671984, -0.0019571599550545216, 0.002772071398794651, -0.0027665316592901945, 0.0020688532385975122, -0.0010201339609920979], [0.00036432003253139555, 0.00015109506784938276, 0.00413091666996479, -0.0018191401613876224, 0.0011678985320031643, -0.0015619922196492553, 0.0014056360814720392, -0.0003658997011370957, 0.0008684172062203288, -0.0019238345557823777, 0.0034906186629086733, -0.0037716550286859274, 0.0019230241887271404], [-0.0005022361292503774, 0.0011659236624836922, -0.0018191401613876224, 0.007100061979144812, -0.0016157053178176284, -0.000582215201575309, -0.0007669104379601777, 0.00510087376460433, -0.005231501534581184, 0.0040010423399508, -0.0019546165131032467, 0.002287451643496752, -0.003026901977136731], [0.0004804039199370891, -0.001186681678518653, 0.0011678985320031643, -0.0016157053178176284, 0.007233859971165657, -0.0024244014639407396, 0.0006388809415511787, -0.0020307181403040886, 0.00012007265468128026, -0.002648298628628254, 0.002861232962459326, -0.0021441311109811068, -0.0006941022002138197], [-0.0002206318313255906, 0.0021234548185020685, -0.0015619922196492553, -0.000582215201575309, -0.0024244014639407396, 0.008324463851749897, -0.00532157626003027, 0.0019885606598109007, 0.0003093209525104612, 0.0014214046532288194, -0.0008709878893569112, 0.0015302033862099051, 0.00010567770368652418], [0.00014013056352268904, -0.0017919206293299794, 0.0014056360814720392, -0.0007669104379601777, 0.0006388809415511787, -0.00532157626003027, 0.007662970572710037, -0.0043869162909686565, -0.0010479472111910582, 0.0024397382512688637, -7.786459173075855e-05, -0.0027159901801496744, 0.0025789316277951], [-0.0006154262227937579, 0.0025797535199671984, -0.0003658997011370957, 0.00510087376460433, -0.0020307181403040886, 0.0019885606598109007, -0.0043869162909686565, 0.014113880693912506, -0.005716897081583738, 0.0004604649147950113, -0.0010107798734679818, 0.002250078832730651, -0.0003669943835120648], [0.0002688775712158531, -0.0019571599550545216, 0.0008684172062203288, -0.005231501534581184, 0.00012007265468128026, 0.0003093209525104612, -0.0010479472111910582, -0.005716897081583738, 0.013939570635557175, -0.008876929990947247, 0.0019697786774486303, 0.0008385060937143862, -0.001598531729541719], [-0.0007527986308559775, 0.002772071398794651, -0.0019238345557823777, 0.0040010423399508, -0.002648298628628254, 0.0014214046532288194, 0.0024397382512688637, 0.0004604649147950113, -0.008876929990947247, 0.022587990388274193, -0.008795460686087608, -0.0005529647460207343, 0.003856708761304617], [0.0008988711051642895, -0.0027665316592901945, 0.0034906186629086733, -0.0019546165131032467, 0.002861232962459326, -0.0008709878893569112, -7.786459173075855e-05, -0.0010107798734679818, 0.0019697786774486303, -0.008795460686087608, 0.020807966589927673, -0.006849180907011032, -6.243241659831256e-05], [-0.0009730944293551147, 0.0020688532385975122, -0.0037716550286859274, 0.002287451643496752, -0.0021441311109811068, 0.0015302033862099051, -0.0027159901801496744, 0.002250078832730651, 0.0008385060937143862, -0.0005529647460207343, -0.006849180907011032, 0.018010279163718224, -0.00878192950040102], [0.0001993711048271507, -0.0010201339609920979, 0.0019230241887271404, -0.003026901977136731, -0.0006941022002138197, 0.00010567770368652418, 0.0025789316277951, -0.0003669943835120648, -0.001598531729541719, 0.003856708761304617, -6.243241659831256e-05, -0.00878192950040102, 0.01741568185389042]], "lowlevel.mfcc.cov": [[7917.29931640625, -465.000732421875, -26.387733459472656, 262.4101867675781, -234.9340362548828, 136.2276611328125, -51.368961334228516, 342.4719543457031, 308.75030517578125, 159.86427307128906, 100.89710235595703, 123.1801986694336, 10.413871765136719], [-465.000732421875, 881.4031982421875, -402.0071105957031, -0.23967361450195312, -105.08253479003906, -201.00302124023438, -12.471131324768066, -51.5584716796875, -64.2837905883789, 9.82380199432373, 15.060690879821777, 7.927543640136719, 47.70566177368164], [-26.387733459472656, -402.0071105957031, 562.0936279296875, 38.68545150756836, 76.11048126220703, 158.30775451660156, -27.46929168701172, -10.804516792297363, -3.2046737670898438, -77.25564575195312, -52.51484298706055, 8.860815048217773, -50.8673210144043], [262.4101867675781, -0.23967361450195312, 38.68545150756836, 233.222412109375, 54.07147979736328, 71.90650177001953, -63.231849670410156, 8.27234172821045, 26.39303207397461, -2.4486804008483887, -36.069393157958984, -1.5808258056640625, 3.7227485179901123], [-234.9340362548828, -105.08253479003906, 76.11048126220703, 54.07147979736328, 223.0306854248047, 29.449281692504883, -73.53534698486328, -69.89671325683594, -16.8746280670166, -13.26457405090332, -40.5798225402832, -36.561912536621094, -6.006735801696777], [136.2276611328125, -201.00302124023438, 158.30775451660156, 71.90650177001953, 29.449281692504883, 363.1387023925781, 116.87467193603516, 143.8919219970703, 100.9505844116211, 4.946193695068359, -9.170336723327637, 63.2695426940918, -59.50246047973633], [-51.368961334228516, -12.471131324768066, -27.46929168701172, -63.231849670410156, -73.53534698486328, 116.87467193603516, 214.4133758544922, 143.1389617919922, 60.985015869140625, 16.786556243896484, 29.787460327148438, 42.39479446411133, -18.697036743164062], [342.4719543457031, -51.5584716796875, -10.804516792297363, 8.27234172821045, -69.89671325683594, 143.8919219970703, 143.1389617919922, 228.6387176513672, 125.57445526123047, 49.2001838684082, 30.18937110900879, 62.30852127075195, -7.641739368438721], [308.75030517578125, -64.2837905883789, -3.2046737670898438, 26.39303207397461, -16.8746280670166, 100.9505844116211, 60.985015869140625, 125.57445526123047, 161.04684448242188, 70.59427642822266, 29.855318069458008, 45.86997985839844, -3.406081199645996], [159.86427307128906, 9.82380199432373, -77.25564575195312, -2.4486804008483887, -13.26457405090332, 4.946193695068359, 16.786556243896484, 49.2001838684082, 70.59427642822266, 121.72225189208984, 62.15681457519531, 32.36555099487305, 2.943193197250366], [100.89710235595703, 15.060690879821777, -52.51484298706055, -36.069393157958984, -40.5798225402832, -9.170336723327637, 29.787460327148438, 30.18937110900879, 29.855318069458008, 62.15681457519531, 113.82315826416016, 49.22810363769531, 11.708928108215332], [123.1801986694336, 7.927543640136719, 8.860815048217773, -1.5808258056640625, -36.561912536621094, 63.2695426940918, 42.39479446411133, 62.30852127075195, 45.86997985839844, 32.36555099487305, 49.22810363769531, 105.5135269165039, 16.606178283691406], [10.413871765136719, 47.70566177368164, -50.8673210144043, 3.7227485179901123, -6.006735801696777, -59.50246047973633, -18.697036743164062, -7.641739368438721, -3.406081199645996, 2.943193197250366, 11.708928108215332, 16.606178283691406, 93.39237976074219]], "lowlevel.mfcc.icov": [[0.00016684934962540865, 0.0001504074316471815, 9.267601126339287e-05, -0.00018770428141579032, 0.00023494177730754018, 6.94227492203936e-05, 0.00028613346512429416, -0.00025878255837596953, -0.00013626852887682617, 4.1146249714074656e-05, -6.35217729723081e-05, -7.426249067066237e-05, 7.287772314157337e-05], [0.0001504074316471815, 0.002146126003935933, 0.0014441367238759995, -0.0008148534107021987, 0.0007412434206344187, 0.0007707911427132785, -8.825949771562591e-05, 0.0001992834295378998, 0.0003149897966068238, 0.0004085555556230247, 0.0005117363762110472, -0.0013239370891824365, 0.0004132815811317414], [9.267601126339287e-05, 0.0014441367238759995, 0.0034998052287846804, -0.00017161226423922926, 6.34311290923506e-05, -0.0006580683402717113, 0.0009494323167018592, 0.00023876184422988445, -0.00013158087676856667, 0.0020299169700592756, 0.0004315104160923511, -0.0015612066490575671, 0.0011141911381855607], [-0.00018770428141579032, -0.0008148534107021987, -0.00017161226423922926, 0.0066412207670509815, -0.000812662357930094, -0.00233355350792408, 0.0032954616472125053, -0.0011091643245890737, -0.00041343222255818546, -0.00025251726037822664, 0.0013346781488507986, 0.0006635913741774857, -0.0011835199547931552], [0.00023494177730754018, 0.0007412434206344187, 6.34311290923506e-05, -0.000812662357930094, 0.00687163881957531, -0.0015332391485571861, 0.0014842323726043105, 0.001995508559048176, -0.0005773402517661452, -0.0011335569433867931, 0.0011315472656860948, 0.0013723619049414992, -0.0007835844880901277], [6.94227492203936e-05, 0.0007707911427132785, -0.0006580683402717113, -0.00233355350792408, -0.0015332391485571861, 0.007181623484939337, -0.002925263484939933, -0.0015433840453624725, -0.0013798648724332452, 0.0011492532212287188, 0.0009340523392893374, -0.0036146824713796377, 0.003537253476679325], [0.00028613346512429416, -8.825949771562591e-05, 0.0009494323167018592, 0.0032954616472125053, 0.0014842323726043105, -0.002925263484939933, 0.012023896910250187, -0.006507495418190956, 0.0007927158731035888, 0.001566401100717485, -0.001266369130462408, 0.000603658496402204, 0.0005363230593502522], [-0.00025878255837596953, 0.0001992834295378998, 0.00023876184422988445, -0.0011091643245890737, 0.001995508559048176, -0.0015433840453624725, -0.006507495418190956, 0.014313426800072193, -0.006275102496147156, -0.0007361301686614752, 0.0012245750986039639, -0.0014321398921310902, -0.0009898107964545488], [-0.00013626852887682617, 0.0003149897966068238, -0.00013158087676856667, -0.00041343222255818546, -0.0005773402517661452, -0.0013798648724332452, 0.0007927158731035888, -0.006275102496147156, 0.01489105261862278, -0.0064806765876710415, 0.0010385221103206277, -0.0007005614461377263, -0.000730237690731883], [4.1146249714074656e-05, 0.0004085555556230247, 0.0020299169700592756, -0.00025251726037822664, -0.0011335569433867931, 0.0011492532212287188, 0.001566401100717485, -0.0007361301686614752, -0.0064806765876710415, 0.016905779018998146, -0.007115290965884924, -0.0009087095386348665, 0.0020995899103581905], [-6.35217729723081e-05, 0.0005117363762110472, 0.0004315104160923511, 0.0013346781488507986, 0.0011315472656860948, 0.0009340523392893374, -0.001266369130462408, 0.0012245750986039639, 0.0010385221103206277, -0.007115290965884924, 0.016174709424376488, -0.006141731049865484, -0.000231636906391941], [-7.426249067066237e-05, -0.0013239370891824365, -0.0015612066490575671, 0.0006635913741774857, 0.0013723619049414992, -0.0036146824713796377, 0.000