{"song_id": "1183658946960031765", "download": "https://cdn.discordapp.com/attachments/1135903449314238464/1183658946960031765/chirp.mp4?ex=6589234c&amp", "lyrics": "(\u7b2c\u4e00\u6bb5)\n\u5728\u6536\u5bb9\u6240\u7684\u89d2\u843d\uff0c\u5b64\u7368\u7684\u773c\u7738\n\u6bdb\u8338\u8338\u7684\u5922\uff0c\u7b49\u5f85\u4e00\u500b\u5bb6\u7684\u547c\u559a\n\u8f15\u8f15\u54fc\u8457\u6b4c\uff0c\u5e0c\u671b\u6709\u4e00\u5929\n\u8e0f\u4e0a\u65b0\u7684\u65c5\u7a0b\uff0c\u627e\u5230\u611b\u7684\u65b9\u5411\n\n(\u7b2c\u4e8c\u6bb5)\n\u7246\u5916\u7684\u967d\u5149\uff0c\u662f\u81ea\u7531\u7684\u7d04\u5b9a\n\u6536\u5bb9\u6240\u7684\u65e5\u5b50\uff0c\u4e0d\u518d\u7121\u5948\n\u5e0c\u671b\u7684\u7a2e\u5b50\uff0c\u5728\u5fc3\u4e2d\u6084\u7136\u767c\u82bd\n\u771f\u6b63\u7684\u5bb6\u5712\uff0c\u7b49\u5f85\u8457\u6211\u5011\u7684\u6b78\u5bb6", "style": ["random"], "essentia_features": {"lowlevel.average_loudness": 0.40571489930152893, "lowlevel.barkbands_crest.mean": 17.790904998779297, "lowlevel.barkbands_crest.stdev": 5.285038948059082, "lowlevel.barkbands_flatness_db.mean": 0.40948477387428284, "lowlevel.barkbands_flatness_db.stdev": 0.13636262714862823, "lowlevel.barkbands_kurtosis.mean": 161.86904907226562, "lowlevel.barkbands_kurtosis.stdev": 300.744140625, "lowlevel.barkbands_skewness.mean": 5.666832447052002, "lowlevel.barkbands_skewness.stdev": 6.448345184326172, "lowlevel.barkbands_spread.mean": 4.155173301696777, "lowlevel.barkbands_spread.stdev": 11.08690071105957, "lowlevel.dissonance.mean": 0.35692134499549866, "lowlevel.dissonance.stdev": 0.08492221683263779, "lowlevel.dynamic_complexity": 5.0062127113342285, "lowlevel.erbbands_crest.mean": 18.00021743774414, "lowlevel.erbbands_crest.stdev": 5.4904913902282715, "lowlevel.erbbands_flatness_db.mean": 0.318875253200531, "lowlevel.erbbands_flatness_db.stdev": 0.0891360491514206, "lowlevel.erbbands_kurtosis.mean": 61.05181884765625, "lowlevel.erbbands_kurtosis.stdev": 104.51783752441406, "lowlevel.erbbands_skewness.mean": 4.053555011749268, "lowlevel.erbbands_skewness.stdev": 4.132840633392334, "lowlevel.erbbands_spread.mean": 14.590887069702148, "lowlevel.erbbands_spread.stdev": 19.3645076751709, "lowlevel.hfc.mean": 10.047992706298828, "lowlevel.hfc.stdev": 11.472732543945312, "lowlevel.loudness_ebu128.integrated": -15.298490524291992, "lowlevel.loudness_ebu128.loudness_range": 8.72165584564209, "lowlevel.loudness_ebu128.momentary.mean": -18.646326065063477, "lowlevel.loudness_ebu128.momentary.stdev": 7.306048393249512, "lowlevel.loudness_ebu128.short_term.mean": -16.846357345581055, "lowlevel.loudness_ebu128.short_term.stdev": 4.089016437530518, "lowlevel.melbands_crest.mean": 19.28861427307129, "lowlevel.melbands_crest.stdev": 4.890567779541016, "lowlevel.melbands_flatness_db.mean": 0.5118839144706726, "lowlevel.melbands_flatness_db.stdev": 0.1650240123271942, "lowlevel.melbands_kurtosis.mean": 61.283935546875, "lowlevel.melbands_kurtosis.stdev": 116.32103729248047, "lowlevel.melbands_skewness.mean": 3.177700996398926, "lowlevel.melbands_skewness.stdev": 2.547591209411621, "lowlevel.melbands_spread.mean": 4.143336296081543, "lowlevel.melbands_spread.stdev": 11.24969482421875, "lowlevel.pitch_salience.mean": 0.3445749580860138, "lowlevel.pitch_salience.stdev": 0.2050611972808838, "lowlevel.silence_rate_20dB.mean": 1.0, "lowlevel.silence_rate_20dB.stdev": 0.0, "lowlevel.silence_rate_30dB.mean": 0.9208942651748657, "lowlevel.silence_rate_30dB.stdev": 0.2699030041694641, "lowlevel.silence_rate_60dB.mean": 0.12897677719593048, "lowlevel.silence_rate_60dB.stdev": 0.33517521619796753, "lowlevel.spectral_centroid.mean": 345.6493835449219, "lowlevel.spectral_centroid.stdev": 415.8026123046875, "lowlevel.spectral_complexity.mean": 5.477214336395264, "lowlevel.spectral_complexity.stdev": 5.032660484313965, "lowlevel.spectral_decrease.mean": -1.0878678402548303e-08, "lowlevel.spectral_decrease.stdev": 9.84032944018054e-09, "lowlevel.spectral_energy.mean": 0.04196992143988609, "lowlevel.spectral_energy.stdev": 0.03762435168027878, "lowlevel.spectral_energyband_high.mean": 0.00010719204874476418, "lowlevel.spectral_energyband_high.stdev": 0.0007783634355291724, "lowlevel.spectral_energyband_low.mean": 0.021934352815151215, "lowlevel.spectral_energyband_low.stdev": 0.03993530943989754, "lowlevel.spectral_energyband_middle_high.mean": 0.0008605283801443875, "lowlevel.spectral_energyband_middle_high.stdev": 0.0025986686814576387, "lowlevel.spectral_energyband_middle_low.mean": 0.02133074589073658, "lowlevel.spectral_energyband_middle_low.stdev": 0.017643772065639496, "lowlevel.spectral_entropy.mean": 5.123281955718994, "lowlevel.spectral_entropy.stdev": 1.309139370918274, "lowlevel.spectral_flux.mean": 0.03498786315321922, "lowlevel.spectral_flux.stdev": 0.03823567554354668, "lowlevel.spectral_kurtosis.mean": 44.08949661254883, "lowlevel.spectral_kurtosis.stdev": 40.88092803955078, "lowlevel.spectral_rms.mean": 0.00567156495526433, "lowlevel.spectral_rms.stdev": 0.002963039558380842, "lowlevel.spectral_rolloff.mean": 435.7530212402344, "lowlevel.spectral_rolloff.stdev": 1086.3197021484375, "lowlevel.spectral_skewness.mean": 4.903794288635254, "lowlevel.spectral_skewness.stdev": 2.7441656589508057, "lowlevel.spectral_spread.mean": 2903163.0, "lowlevel.spectral_spread.stdev": 1983228.625, "lowlevel.spectral_strongpeak.mean": 1.0743566751480103, "lowlevel.spectral_strongpeak.stdev": 0.7284474968910217, "lowlevel.zerocrossingrate.mean": 0.018234344199299812, "lowlevel.zerocrossingrate.stdev": 0.03308849036693573, "metadata.audio_properties.analysis.equal_loudness": 0.0, "metadata.audio_properties.analysis.length": 26.964284896850586, "metadata.audio_properties.analysis.sample_rate": 44100.0, "metadata.audio_properties.analysis.start_time": 0.0, "metadata.audio_properties.bit_rate": 117504.0, "metadata.audio_properties.length": 26.965333938598633, "metadata.audio_properties.lossless": 0.0, "metadata.audio_properties.number_channels": 1.0, "metadata.audio_properties.replay_gain": -10.060571670532227, "metadata.audio_properties.sample_rate": 48000.0, "rhythm.beats_count": 43.0, "rhythm.beats_loudness.mean": 0.05078161507844925, "rhythm.beats_loudness.stdev": 0.039424438029527664, "rhythm.bpm": 90.55479431152344, "rhythm.bpm_histogram_first_peak_bpm": 89.0, "rhythm.bpm_histogram_first_peak_weight": 0.3888888359069824, "rhythm.bpm_histogram_second_peak_bpm": 96.0, "rhythm.bpm_histogram_second_peak_spread": 0.6363636255264282, "rhythm.bpm_histogram_second_peak_weight": 0.095238097012043, "rhythm.danceability": 0.7258818745613098, "rhythm.onset_rate": 3.3726704120635986, "tonal.chords_changes_rate": 0.04295532777905464, "tonal.chords_number_rate": 0.015463917516171932, "tonal.chords_strength.mean": 0.44542181491851807, "tonal.chords_strength.stdev": 0.08695113658905029, "tonal.hpcp_crest.mean": 15.679492950439453, "tonal.hpcp_crest.stdev": 6.461758136749268, "tonal.hpcp_entropy.mean": 1.7467750310897827, "tonal.hpcp_entropy.stdev": 0.8182361125946045, "tonal.key_edma.strength": 0.6387618184089661, "tonal.key_krumhansl.strength": 0.6439688801765442, "tonal.key_temperley.strength": 0.6533715724945068, "tonal.tuning_diatonic_strength": 0.537183940410614, "tonal.tuning_equal_tempered_deviation": 0.049430180341005325, "tonal.tuning_frequency": 440.2542419433594, "tonal.tuning_nontempered_energy_ratio": 0.6331132650375366, "lowlevel.barkbands.mean": [2.2514184365718393e-06, 0.0003032883396372199, 0.019368665292859077, 0.004969704430550337, 0.01108135562390089, 0.004277293104678392, 0.00018824194557964802, 0.0003396865795366466, 0.00046890549128875136, 7.030169217614457e-05, 0.00010106200352311134, 0.00015792378690093756, 6.551491242134944e-05, 3.693312100949697e-05, 6.378746184054762e-05, 4.642348721972667e-05, 0.0002108939952449873, 6.208732520462945e-05, 3.872303932439536e-05, 1.8315024135517888e-05, 2.9368155082920566e-05, 3.5453977034194395e-05, 8.958626494859345e-06, 8.729579349164851e-06, 1.057387089531403e-05, 5.462449280457804e-06, 1.2447304698071093e-07], "lowlevel.barkbands.stdev": [3.817760898527922e-06, 0.0005323207005858421, 0.03598081320524216, 0.0055009787902235985, 0.012088083662092686, 0.008593954145908356, 0.0006643063388764858, 0.0012262226082384586, 0.001369055244140327, 0.00029743724735453725, 0.00028198439395055175, 0.0007277446566149592, 0.00016920875350479037, 0.00010628487507347018, 0.00023230708029586822, 0.00020873956964351237, 0.0018226924585178494, 0.00032983702840283513, 0.00018602861382532865, 9.945338388206437e-05, 0.00017736376321408898, 0.000411188171710819, 7.56778972572647e-05, 0.0001156752769020386, 0.00015080621233209968, 9.796630911296234e-05, 2.329572907910915e-06], "lowlevel.erbbands.mean": [0.006014454178512096, 0.41981592774391174, 14.566481590270996, 24.1175594329834, 27.72425651550293, 44.14494323730469, 30.52649688720703, 36.59099578857422, 6.665770530700684, 4.12209415435791, 9.922941207885742, 11.356098175048828, 2.902541399002075, 3.040956735610962, 5.2840447425842285, 4.723007678985596, 3.4640345573425293, 2.0765607357025146, 1.753718614578247, 3.835747718811035, 3.4488108158111572, 12.22237491607666, 5.526115894317627, 2.061980724334717, 1.6322276592254639, 0.8249418139457703, 1.0537322759628296, 1.179152250289917, 1.466005563735962, 0.5943325757980347, 0.23188279569149017, 0.17348477244377136, 0.15127810835838318, 0.11696016788482666, 0.07736127078533173, 0.03617909923195839, 0.0067303902469575405, 0.0006081904866732657, 3.6296260077506304e-05, 4.696733958553523e-05], "lowlevel.erbbands.stdev": [0.010267757810652256, 0.7552065253257751, 26.9268741607666, 36.37796401977539, 40.5279655456543, 63.328819274902344, 40.81411361694336, 75.63741302490234, 17.45235824584961, 12.728965759277344, 28.940645217895508, 35.79784393310547, 9.09451675415039, 7.55764102935791, 17.58913803100586, 17.24592399597168, 8.331655502319336, 5.962920188903809, 4.936068534851074, 15.159161567687988, 18.061288833618164, 114.26924896240234, 26.126689910888672, 9.712270736694336, 7.701213836669922, 4.39049768447876, 6.68118143081665, 7.6802754402160645, 19.253414154052734, 5.338929653167725, 1.9135857820510864, 1.8522275686264038, 2.1008498668670654, 1.6003414392471313, 1.1835501194000244, 0.652479887008667, 0.12315676361322403, 0.010416214354336262, 0.0002885076100938022, 4.298079511499964e-05], "lowlevel.gfcc.mean": [-197.47433471679688, 148.0442657470703, -46.293941497802734, 27.654312133789062, -34.93858337402344, -5.3986945152282715, -45.164154052734375, -15.856721878051758, -32.42686462402344, -21.552976608276367, -21.877683639526367, -12.763611793518066, -13.700818061828613], "lowlevel.melbands.mean": [4.2590942030074075e-05, 0.005247264169156551, 0.004419900942593813, 0.0023808926343917847, 0.0014000454684719443, 0.0007978338398970664, 8.626098860986531e-05, 4.987631837138906e-05, 9.107532969210297e-05, 6.226045661605895e-05, 1.2811130545742344e-05, 1.2156982847955078e-05, 1.7119267795351334e-05, 1.8880229617934674e-05, 9.451358891965356e-06, 5.782582775282208e-06, 3.5306727568240603e-06, 2.2048006940167397e-06, 5.554383278649766e-06, 3.633356755017303e-06, 3.569409955161973e-06, 1.3017985111218877e-05, 9.52661139308475e-06, 2.101151721944916e-06, 1.594392074366624e-06, 1.4247033277570154e-06, 8.47682201765565e-07, 4.6733879344174056e-07, 5.073314923720318e-07, 9.113159649132285e-07, 5.960259841231164e-07, 9.972313819162082e-07, 4.4638915142058977e-07, 2.6277336928615114e-07, 1.271628207177855e-07, 1.1068355831866938e-07, 1.0604880174014397e-07, 1.1933362031868455e-07, 8.504026993705338e-08, 1.0072145073536376e-07], "lowlevel.melbands.stdev": [7.384119817288592e-05, 0.009686378762125969, 0.005294557195156813, 0.0026040119118988514, 0.0015852267388254404, 0.0016384179471060634, 0.00025438188458792865, 0.00016746562323532999, 0.00024346390273422003, 0.00019484137010294944, 4.784873817698099e-05, 3.3498032280476764e-05, 4.7597946831956506e-05, 0.00010095658217323944, 2.573484198364895e-05, 1.566311766509898e-05, 1.0531418411119375e-05, 6.170089363877196e-06, 2.152062916138675e-05, 1.6302255971822888e-05, 2.0370081983855926e-05, 0.00014649293734692037, 4.866197195951827e-05, 1.1359016752976459e-05, 7.886555977165699e-06, 7.4398249125806615e-06, 4.381558483146364e-06, 2.770046194200404e-06, 3.4614313335623592e-06, 5.305828835844295e-06, 4.183954843028914e-06, 1.4463306797551923e-05, 3.847553671221249e-06, 2.424472995699034e-06, 1.0903136171691585e-06, 9.310143127549964e-07, 1.3052354006504174e-06, 1.8310398672838346e-06, 1.1077114550062106e-06, 1.3693871778741595e-06], "lowlevel.melbands128.mean": [1.2307347105888766e-06, 2.1634325548802735e-06, 7.140159596019657e-06, 0.00021319252846296877, 0.004945072345435619, 0.010812371037900448, 0.004937563557177782, 0.00261416332796216, 0.003205107757821679, 0.001471010153181851, 0.0030306722037494183, 0.0019044078653678298, 0.0005780703504569829, 0.0013580344384536147, 0.0010040560737252235, 0.00046181509969756007, 9.858693374553695e-05, 3.2739622838562354e-05, 2.9215561880846508e-05, 4.201185220154002e-05, 5.712650454370305e-05, 8.913657075027004e-05, 7.640272815478966e-05, 0.00011862056271638721, 0.0001060382419382222, 1.819117460399866e-05, 1.930695361807011e-05, 5.681461061612936e-06, 1.7405105609213933e-05, 1.1293279385427013e-05, 8.046201401157305e-06, 1.760550912877079e-05, 2.1361107428674586e-05, 5.657175734086195e-06, 3.715104321599938e-05, 1.4496782569040079e-05, 4.385772172099678e-06, 1.3078065421723295e-05, 9.644329111324623e-06, 7.409519184875535e-06, 3.6225073927198537e-06, 5.446042905532522e-06, 3.6087392345507396e-06, 2.769817456282908e-06, 2.3401150883728405e-06, 2.053334355878178e-06, 1.5583991626044735e-06, 6.38962046650704e-06, 6.572129677806515e-06, 6.018461135681719e-06, 2.4253238279925426e-06, 2.0474599295994267e-06, 4.382638508104719e-06, 3.2776029001979623e-06, 4.084259217052022e-06, 1.9585000700317323e-05, 1.2654068996198475e-05, 1.4590168575523421e-05, 6.299176220636582e-06, 4.3663640099111944e-06, 1.1928957519558026e-06, 1.1835802524728933e-06, 1.5018874819361372e-06, 1.7256930959774763e-06, 1.7899407112054178e-06, 1.50496555306745e-06, 1.1826838317574584e-06, 9.32828470467939e-07, 9.384782515553525e-07, 4.149210326431785e-07, 4.939212772114843e-07, 4.396742383505625e-07, 4.508930544488976e-07, 4.342392116996052e-07, 6.772817187084001e-07, 1.1338576086927787e-06, 9.60707893682411e-07, 4.10885803603378e-07, 5.86435703553434e-07, 6.690597729175352e-07, 1.1815249081337242e-06, 1.1342146990500623e-06, 5.289276714393054e-07, 3.362253551131289e-07, 4.3574550545599777e-07, 3.365061900240107e-07, 1.863854777184315e-07, 1.409195391488538e-07, 1.2312339947584405e-07, 1.1697375157382339e-07, 1.2164902329914185e-07, 9.949089729843763e-08, 1.0782370907236327e-07, 8.383327809724506e-08, 1.0339294931327458e-07, 1.9006907336915901e-07, 9.13693583015629e-08, 8.896839176486537e-08, 6.615979941670957e-08, 8.304553489324462e-08, 1.3629397699332912e-07, 6.5949208760685e-08, 1.2251024372744723e-07, 1.0799249139381573e-07, 8.08240514516001e-08, 6.900394566855539e-08, 8.358990299939251e-08, 9.324883620820401e-08, 7.472708318800869e-08, 3.135169279744332e-08, 3.150988092670559e-08, 2.721238523406555e-08, 2.0944723289062495e-08, 1.038468511183055e-08, 6.152680143145517e-09, 4.039217404994133e-09, 4.795296160153839e-09, 1.2457749276606478e-09, 6.206418018406268e-11, 7.565181120439135e-12, 7.33544561898336e-12, 7.169761312431078e-12, 7.028991971802512e-12, 6.904377677224849e-12, 6.764944941034523e-12, 6.5993131098673885e-12, 6.4999806752286116e-12, 6.458968776490437e-12], "lowlevel.melbands128.stdev": [2.069215497613186e-06, 3.826504780590767e-06, 2.3470436644856818e-05, 0.00037672725738957524, 0.009198022074997425, 0.02006872184574604, 0.008659723214805126, 0.0036728503182530403, 0.00554316584020853, 0.0021417250391095877, 0.004984154365956783, 0.0028343177400529385, 0.001276888302527368, 0.0031590741127729416, 0.002211598213762045, 0.0016718783881515265, 0.00033222429919987917, 0.00016852727276273072, 0.00015341499238274992, 0.00018187709792982787, 0.0002886602596845478, 0.0003674139443319291, 0.00028829081566073, 0.000369864865206182, 0.00041081386734731495, 6.184416270116344e-05, 0.000100103767181281, 2.4939214199548587e-05, 0.00010513675806578249, 3.364003714523278e-05, 3.382338400115259e-05, 5.441614848678e-05, 7.014189759502187e-05, 2.494197542546317e-05, 0.00022888662351761013, 7.504140376113355e-05, 1.2720730410364922e-05, 4.885085945716128e-05, 3.4407097700750455e-05, 2.3184793462860398e-05, 1.380669345962815e-05, 2.6656754926079884e-05, 1.193519801745424e-05, 1.0703402949729934e-05, 8.387339221371803e-06, 7.103068583091954e-06, 5.841024631081382e-06, 3.2082916732179e-05, 3.109271347057074e-05, 3.004958671226632e-05, 1.6561700249440037e-05, 1.0715267308114562e-05, 2.986514664371498e-05, 2.498168032616377e-05, 6.121324258856475e-05, 0.0002785178949125111, 0.0001065521064447239, 0.00010104133252752945, 3.7288471503416076e-05, 2.9967366572236642e-05, 5.666888682753779e-06, 6.655024208157556e-06, 8.659402737976052e-06, 8.350803000212181e-06, 1.3386596947384533e-05, 8.74096713232575e-06, 6.351971023832448e-06, 4.878232630289858e-06, 6.546253189299023e-06, 2.1687542357540224e-06, 3.1262084121408407e-06, 3.3986821108555887e-06, 3.006133965754998e-06, 3.006079623446567e-06, 5.6227081586257555e-06, 6.812949322920758e-06, 5.630807208945043e-06, 2.5258425466745393e-06, 4.542809165286599e-06, 5.7586325965530705e-06, 1.8698769054026343e-05, 1.8036644178209826e-05, 5.481946573127061e-06, 2.218510417151265e-06, 4.0457903196511324e-06, 3.4974170830537332e-06, 1.6505268831679132e-06, 1.264981847270974e-06, 1.1925020544367726e-06, 9.728951226861682e-07, 1.080812012332899e-06, 8.57939085108228e-07, 1.1702738902386045e-06, 9.338147037851741e-07, 1.2779200915247202e-06, 3.955591182602802e-06, 1.1544242397576454e-06, 1.20160757433041e-06, 8.295847919725929e-07, 1.1229029723835993e-06, 2.1260118501231773e-06, 7.234946792777919e-07, 1.7544151660331408e-06, 1.6409396721428493e-06, 1.4446910654442036e-06, 1.1321291140120593e-06, 1.3404015817286563e-06, 1.7596295265320805e-06, 1.6002513802959584e-06, 5.736318371418747e-07, 5.37579410320177e-07, 6.013211191202572e-07, 4.4464340476224606e-07, 1.91462376619711e-07, 9.601576067552742e-08, 6.711077560339618e-08, 9.448751114859988e-08, 2.5788567725726352e-08, 8.037437937424841e-10, 1.0436092094667782e-11, 1.0012308690465765e-11, 9.787992465148943e-12, 9.587148783185562e-12, 9.421548610721864e-12, 9.284095194017628e-12, 9.16978385584466e-12, 9.090297091451927e-12, 9.040812369576212e-12], "lowlevel.mfcc.mean": [-870.2633056640625, 185.93109130859375, 42.085838317871094, 39.16573715209961, 24.311914443969727, 8.688990592956543, -2.0683865547180176, -1.4435029029846191, -8.332881927490234, -17.822738647460938, -8.124885559082031, -11.427550315856934, -12.689316749572754], "lowlevel.spectral_contrast_coeffs.mean": [-0.44916149973869324, -0.7167391180992126, -0.8006148338317871, -0.8359931707382202, -0.829637885093689, -0.8118601441383362], "lowlevel.spectral_contrast_coeffs.stdev": [0.09789355099201202, 0.10531865805387497, 0.08264190703630447, 0.06322631984949112, 0.06634854525327682, 0.0751248151063919], "lowlevel.spectral_contrast_valleys.mean": [-8.415136337280273, -8.685782432556152, -9.621270179748535, -9.934491157531738, -10.248207092285156, -12.754729270935059], "lowlevel.spectral_contrast_valleys.stdev": [1.3960871696472168, 1.7354648113250732, 1.7035062313079834, 1.629199743270874, 1.5122966766357422, 0.8739694952964783], "rhythm.beats_loudness_band_ratio.mean": [0.5860074758529663, 0.3769426643848419, 0.03884067013859749, 0.014432660304009914, 0.03419489786028862, 0.0038951635360717773], "rhythm.beats_loudness_band_ratio.stdev": [0.317181259393692, 0.28608474135398865, 0.06782851368188858, 0.026023589074611664, 0.10038742423057556, 0.00826879870146513], "tonal.hpcp.mean": [0.01143073569983244, 0.005945011507719755, 0.0047072479501366615, 0.007277059368789196, 0.016624080017209053, 0.30937573313713074, 0.6484348773956299, 0.3576354384422302, 0.008492221124470234, 0.00405788142234087, 0.003125238697975874, 0.03091105818748474, 0.05701674520969391, 0.02812737226486206, 0.005988407880067825, 0.01142700295895338, 0.006707353051751852, 0.013415693305432796, 0.040021784603595734, 0.02915223129093647, 0.048575259745121, 0.12694042921066284, 0.08567079156637192, 0.010591736994683743, 0.0070846835151314735, 0.008428645320236683, 0.19942665100097656, 0.2960197329521179, 0.10815161466598511, 0.007058560848236084, 0.00390012189745903, 0.004985410254448652, 0.00856426078826189, 0.008786464110016823, 0.005058459006249905, 0.008845144882798195], "tonal.hpcp.stdev": [0.07017204165458679, 0.04878584295511246, 0.046572573482990265, 0.04979829862713814, 0.09523369371891022, 0.250448614358902, 0.46465301513671875, 0.27656057476997375, 0.06995809823274612, 0.0585273802280426, 0.03708295524120331, 0.10595633834600449, 0.17521657049655914, 0.0923742949962616, 0.029650714248418808, 0.0685078427195549, 0.041734322905540466, 0.0595020167529583, 0.1647592931985855, 0.12390605360269547, 0.11847617477178574, 0.28764134645462036, 0.20271672308444977, 0.07373397052288055, 0.05387716740369797, 0.04395349696278572, 0.2998424768447876, 0.4207354485988617, 0.19173206388950348, 0.05469951033592224, 0.04187479242682457, 0.052438899874687195, 0.06353341042995453, 0.05667087808251381, 0.025983648374676704, 0.05231215059757233], "rhythm.beats_position": [0.4411791265010834, 0.8823582530021667, 1.3235373497009277, 1.7763265371322632, 2.2291154861450195, 2.693514585494995, 3.2624034881591797, 3.8312923908233643, 4.388571262359619, 5.038730144500732, 5.6888885498046875, 6.339047431945801, 6.977596282958984, 7.639364719390869, 8.277914047241211, 8.962902069091797, 9.63628101348877, 10.309659957885742, 10.971427917480469, 11.633196830749512, 12.260135650634766, 12.88707447052002, 13.537233352661133, 14.210612297058105, 14.883990287780762, 15.557369232177734, 16.23074722290039, 16.85768699645996, 17.496234893798828, 18.08834457397461, 18.680452346801758, 19.28417205810547, 19.87628173828125, 20.45677947998047, 21.04888916015625, 21.652606964111328, 22.25632667541504, 22.883264541625977, 23.498594284057617, 24.171972274780273, 24.84535026550293, 25.51873016357422, 26.192108154296875], "rhythm.bpm_histogram": [0.0, 0.0, 0.0, 0.0, 0.0, 0.0, 0.0, 0.0, 0.0, 0.0, 0.0, 0.0, 0.0, 0.0, 0.0, 0.0, 0.0, 0.0, 0.0, 0.0, 0.0, 0.0, 0.0, 0.0, 0.0, 0.0, 0.0, 0.0, 0.0, 0.0, 0.0, 0.0, 0.0, 0.0, 0.0, 0.0, 0.0, 0.0, 0.0, 0.0, 0.0, 0.0, 0.0, 0.0, 0.0, 0.0, 0.0, 0.0, 0.0, 0.0, 0.0, 0.0, 0.0, 0.0, 0.0, 0.0, 0.0, 0.0, 0.0, 0.0, 0.0, 0.0, 0.0, 0.0, 0.0, 0.0, 0.0, 0.0, 0.0, 0.0, 0.0, 0.0, 0.0, 0.0, 0.0, 0.0, 0.0, 0.0, 0.0, 0.0, 0.0, 0.0, 0.0, 0.0, 0.0, 0.0, 0.0, 0.0, 0.02380952425301075, 0.2380952388048172, 0.0, 0.0714285746216774, 0.095238097012043, 0.0, 0.0714285746216774, 0.0, 0.095238097012043, 0.0, 0.02380952425301075, 0.0714285746216774, 0.0, 0.095238097012043, 0.0, 0.02380952425301075, 0.0, 0.0476190485060215, 0.0, 0.0, 0.02380952425301075, 0.0, 0.0, 0.0, 0.0, 0.0, 0.0, 0.0, 0.0, 0.0, 0.0, 0.0, 0.0, 0.0, 0.0, 0.0, 0.0, 0.0, 0.0, 0.0, 0.0, 0.02380952425301075, 0.0, 0.0, 0.0, 0.0476190485060215, 0.0, 0.0, 0.0476190485060215, 0.0, 0.0, 0.0, 0.0, 0.0, 0.0, 0.0, 0.0, 0.0, 0.0, 0.0, 0.0, 0.0, 0.0, 0.0, 0.0, 0.0, 0.0, 0.0, 0.0, 0.0, 0.0, 0.0, 0.0, 0.0, 0.0, 0.0, 0.0, 0.0, 0.0, 0.0, 0.0, 0.0, 0.0, 0.0, 0.0, 0.0, 0.0, 0.0, 0.0, 0.0, 0.0, 0.0, 0.0, 0.0, 0.0, 0.0, 0.0, 0.0, 0.0, 0.0, 0.0, 0.0, 0.0, 0.0, 0.0, 0.0, 0.0, 0.0, 0.0, 0.0, 0.0, 0.0, 0.0, 0.0, 0.0, 0.0, 0.0, 0.0, 0.0, 0.0, 0.0, 0.0, 0.0, 0.0, 0.0, 0.0, 0.0, 0.0, 0.0, 0.0, 0.0, 0.0, 0.0, 0.0, 0.0, 0.0, 0.0, 0.0, 0.0, 0.0, 0.0, 0.0, 0.0, 0.0, 0.0, 0.0, 0.0, 0.0, 0.0, 0.0, 0.0, 0.0, 0.0, 0.0, 0.0, 0.0, 0.0, 0.0, 0.0, 0.0, 0.0, 0.0], "tonal.chords_histogram": [49.484535217285156, 2.92096209526062, 10.824742317199707, 0.0, 0.0, 0.0, 0.0, 0.0, 0.0, 0.0, 0.0, 0.0, 0.0, 0.0, 0.0, 0.0, 2.92096209526062, 19.759450912475586, 0.0, 2.0618555545806885, 5.84192419052124, 1.8900343179702759, 3.951889991760254, 0.34364262223243713], "tonal.thpcp": [1.0, 0.5515363812446594, 0.013096489943563938, 0.00625796290114522, 0.004819664638489485, 0.047670260071754456, 0.08792979270219803, 0.04337732866406441, 0.009235172532498837, 0.017622437328100204, 0.010343912057578564, 0.02068934589624405, 0.0617205910384655, 0.04495783895254135, 0.07491154968738556, 0.19576434791088104, 0.1321193426847458, 0.016334310173988342, 0.010925821028649807, 0.012998444959521294, 0.3075507879257202, 0.4565142095088959, 0.166788712143898, 0.01088553573936224, 0.006014670245349407, 0.007688374724239111, 0.013207588344812393, 0.01355026476085186, 0.007801028434187174, 0.013640760444104671, 0.017628192901611328, 0.009168247692286968, 0.007259399630129337, 0.01122249849140644, 0.02563723921775818, 0.47711148858070374], "lowlevel.gfcc.cov": [[19437.0078125, 3489.23486328125, -6625.734375, -2288.45458984375, -2063.993408203125, -2042.71337890625, -1262.6246337890625, -909.372314453125, -702.3915405273438, -793.7691040039062, 207.91250610351562, 473.2533874511719, 1103.642822265625], [3489.23486328125, 2567.303466796875, -701.9319458007812, -1203.81103515625, -93.66397857666016, -510.9834899902344, -193.8481903076172, -445.7238464355469, -25.446151733398438, -409.84039306640625, 285.9940185546875, -4.610077381134033, 395.77093505859375], [-6625.734375, -701.9319458007812, 4502.01220703125, 1187.3739013671875, 1137.114013671875, 943.5008544921875, 615.9270629882812, 338.8035583496094, 300.8059387207031, 288.8096923828125, -123.25192260742188, -340.4919738769531, -474.48138427734375], [-2288.45458984375, -1203.81103515625, 1187.3739013671875, 1193.5810546875, 403.5020446777344, 397.7674560546875, 319.43804931640625, 247.23814392089844, 115.52897644042969, 185.46566772460938, -146.7622833251953, -131.34169006347656, -250.54638671875], [-2063.993408203125, -93.66397857666016, 1137.114013671875, 403.5020446777344, 663.0577392578125, 384.9253845214844, 255.1040802001953, 138.11473083496094, 122.23472595214844, 46.15079879760742, -18.846757888793945, -118.23479461669922, -141.76905822753906], [-2042.71337890625, -510.9834899902344, 943.5008544921875, 397.7674560546875, 384.9253845214844, 459.12591552734375, 236.5796356201172, 165.9420166015625, 77.3816909790039, 119.62014770507812, -49.52695083618164, -81.70532989501953, -163.4661407470703], [-1262.6246337890625, -193.8481903076172, 615.9270629882812, 319.43804931640625, 255.1040802001953, 236.5796356201172, 272.1056213378906, 73.41279602050781, 76.1602554321289, 39.941612243652344, -4.9995527267456055, -89.78612518310547, -98.69924926757812], [-909.372314453125, -445.7238464355469, 338.8035583496094, 247.23814392089844, 138.11473083496094, 165.9420166015625, 73.41279602050781, 223.3900909423828, 46.94460678100586, 93.58177947998047, -81.6053466796875, -42.02616882324219, -118.57329559326172], [-702.3915405273438, -25.446151733398438, 300.8059387207031, 115.52897644042969, 122.23472595214844, 77.3816909790039, 76.1602554321289, 46.94460678100586, 121.59249877929688, 0.8494434952735901, -12.7185697555542, -61.63214111328125, -45.644691467285156], [-793.7691040039062, -409.84039306640625, 288.8096923828125, 185.46566772460938, 46.15079879760742, 119.62014770507812, 39.941612243652344, 93.58177947998047, 0.8494434952735901, 131.8524169921875, -41.24813461303711, -9.652562141418457, -88.50674438476562], [207.91250610351562, 285.9940185546875, -123.25192260742188, -146.7622833251953, -18.846757888793945, -49.52695083618164, -4.9995527267456055, -81.6053466796875, -12.7185697555542, -41.24813461303711, 95.3165512084961, 17.74058723449707, 56.072296142578125], [473.2533874511719, -4.610077381134033, -340.4919738769531, -131.34169006347656, -118.23479461669922, -81.70532989501953, -89.78612518310547, -42.02616882324219, -61.63214111328125, -9.652562141418457, 17.74058723449707, 113.25891876220703, 53.37074661254883], [1103.642822265625, 395.77093505859375, -474.48138427734375, -250.54638671875, -141.76905822753906, -163.4661407470703, -98.69924926757812, -118.57329559326172, -45.644691467285156, -88.50674438476562, 56.072296142578125, 53.37074661254883, 154.79917907714844]], "lowlevel.gfcc.icov": [[0.0002812964958138764, -0.0007646801532246172, 0.0003307652077637613, -0.0006525667267851532, 0.0005492767668329179, -0.0003189561830367893, 0.000360321719199419, -0.00014736269076820463, 0.0008106775349006057, -3.072947220061906e-05, 0.0010030276607722044, -0.00016240138211287558, 0.00010440572805237025], [-0.0007646801532246172, 0.005074657965451479, -0.0013985058758407831, 0.004132370930165052, -0.0033619452733546495, 0.0033419488463550806, -0.0016843167832121253, 0.0010344628244638443, -0.0019369896035641432, 0.0028603789396584034, -0.004842651076614857, 0.003454387653619051, -0.003324716817587614], [0.0003307652077637613, -0.0013985058758407831, 0.001034614979289472, -0.0012437356635928154, 0.00044212647480890155, -0.0011493195779621601, 0.0005571276997216046, 0.0002476777008268982, 0.0006110024987719953, -0.001068079611286521, 0.0015969204250723124, -0.00015915492258500308, 0.0011576447868719697], [-0.0006525667267851532, 0.004132370930165052, -0.0012437356635928154, 0.005268782377243042, -0.0031211739405989647, 0.0030836574733257294, -0.0031001956667751074, 0.0008714618743397295, -0.0018336758948862553, 0.0008776276372373104, -0.0018569239182397723, 0.0025797374546527863, -0.002364198211580515], [0.0005492767668329179, -0.0033619452733546495, 0.00044212647480890155, -0.0031211739405989647, 0.006490723229944706, -0.0046073743142187595, 0.0010676002129912376, -0.0017854477046057582, 0.000832105812150985, 0.0010096612386405468, 0.0016470219707116485, -0.0018625323427841067, 0.0022431081160902977], [-0.0003189561830367893, 0.0033419488463550806, -0.0011493195779621601, 0.0030836574733257294, -0.0046073743142187595, 0.010294190607964993, -0.004709398839622736, -0.0005713885184377432, -0.0003061835595872253, -0.0011518195969983935, -0.0019180072704330087, 0.0012796175433322787, -0.0020867532584816217], [0.000360321719199419, -0.0016843167832121253, 0.0005571276997216046, -0.0031001956667751074, 0.0010676002129912376, -0.004709398839622736, 0.01099317241460085, 3.447213020990603e-05, 0.00024993225815705955, 0.0017690049717202783, -0.002640782156959176, 0.0023845182731747627, 0.0026870942674577236], [-0.00014736269076820463, 0.0010344628244638443, 0.0002476777008268982, 0.0008714618743397295, -0.0017854477046057582, -0.0005713885184377432, 3.447213020990603e-05, 0.010905697010457516, -0.002311560558155179, -0.0029445625841617584, 0.004374808631837368, 0.0008537631947547197, 0.0024683126248419285], [0.0008106775349006057, -0.0019369896035641432, 0.0006110024987719953, -0.0018336758948862553, 0.000832105812150985, -0.0003061835595872253, 0.00024993225815705955, -0.002311560558155179, 0.015547594055533409, 0.0033316444605588913, 0.0020806430839002132, 0.004067420493811369, 0.001238247030414641], [-3.072947220061906e-05, 0.0028603789396584034, -0.001068079611286521, 0.0008776276372373104, 0.0010096612386405468, -0.0011518195969983935, 0.0017690049717202783, -0.0029445625841617584, 0.0033316444605588913, 0.020849131047725677, -0.004294088110327721, 0.0010969734285026789, 0.003713611513376236], [0.0010030276607722044, -0.004842651076614857, 0.0015969204250723124, -0.0018569239182397723, 0.0016470219707116485, -0.0019180072704330087, -0.002640782156959176, 0.004374808631837368, 0.0020806430839002132, -0.004294088110327721, 0.024828629568219185, -0.004524090327322483, -0.0010058846091851592], [-0.00016240138211287558, 0.003454387653619051, -0.00015915492258500308, 0.0025797374546527863, -0.0018625323427841067, 0.0012796175433322787, 0.0023845182731747627, 0.0008537631947547197, 0.004067420493811369, 0.0010969734285026789, -0.004524090327322483, 0.018806496635079384, -0.005185246467590332], [0.00010440572805237025, -0.003324716817587614, 0.0011576447868719697, -0.002364198211580515, 0.0022431081160902977, -0.0020867532584816217, 0.0026870942674577236, 0.0024683126248419285, 0.001238247030414641, 0.003713611513376236, -0.0010058846091851592, -0.005185246467590332, 0.022032810375094414]], "lowlevel.mfcc.cov": [[22396.279296875, 2923.845458984375, -5679.083984375, -1520.9532470703125, -2506.845458984375, -1966.90234375, -1782.0555419921875, -1063.63525390625, -1302.2930908203125, -1859.63623046875, -997.0935668945312, -1098.911865234375, -920.9951782226562], [2923.845458984375, 3162.9375, -423.7344970703125, -704.276611328125, -139.19833374023438, -334.78369140625, -273.0556335449219, -198.85299682617188, -353.1833190917969, -464.9251708984375, -274.9873962402344, -212.93812561035156, -204.2288055419922], [-5679.083984375, -423.7344970703125, 2526.17529296875, 694.83349609375, 820.887939453125, 632.2569580078125, 553.16064453125, 284.3760986328125, 392.3603820800781, 560.4496459960938, 286.29754638671875, 264.6521911621094, 219.30836486816406], [-1520.9532470703125, -704.276611328125, 694.83349609375, 649.3351440429688, 296.01666259765625, 261.3592224121094, 220.548828125, 138.46371459960938, 186.9701690673828, 251.80181884765625, 132.4300994873047, 88.87068176269531, 73.01554107666016], [-2506.845458984375, -139.19833374023438, 820.887939453125, 296.01666259765625, 570.3949584960938, 313.2073059082031, 283.53253173828125, 193.99925231933594, 223.75244140625, 265.4062805175781, 153.8992156982422, 117.7484130859375, 110.11053466796875], [-1966.90234375, -334.78369140625, 632.2569580078125, 261.3592224121094, 313.2073059082031, 383.62646484375, 283.73150634765625, 163.29336547851562, 171.15342712402344, 216.08810424804688, 100.08460998535156, 128.7008514404297, 108.40216827392578], [-1782.0555419921875, -273.0556335449219, 553.16064453125, 220.548828125, 283.53253173828125, 283.73150634765625, 341.7320556640625, 159.02647399902344, 165.2830047607422, 210.2850341796875, 139.39068603515625, 95.80562591552734, 106.63452911376953], [-1063.63525390625, -198.85299682617188, 284.3760986328125, 138.46371459960938, 193.99925231933594, 163.29336547851562, 159.02647399902344, 171.57846069335938, 136.22657775878906, 141.75146484375, 82.00170135498047, 84.74200439453125, 58.88273239135742], [-1302.2930908203125, -353.1833190917969, 392.3603820800781, 186.9701690673828, 223.75244140625, 171.15342712402344, 165.2830047607422, 136.22657775878906, 213.23193359375, 204.0987548828125, 119.85391235351562, 83.5000991821289, 80.20185089111328], [-1859.63623046875, -464.9251708984375, 560.4496459960938, 251.80181884765625, 265.4062805175781, 216.08810424804688, 210.2850341796875, 141.75146484375, 204.0987548828125, 309.98028564453125, 151.03607177734375, 111.90565490722656, 94.73735046386719], [-997.0935668945312, -274.9873962402344, 286.29754638671875, 132.4300994873047, 153.8992156982422, 100.08460998535156, 139.39068603515625, 82.00170135498047, 119.85391235351562, 151.03607177734375, 158.81979370117188, 71.83826446533203, 61.261348724365234], [-1098.911865234375, -212.93812561035156, 264.6521911621094, 88.87068176269531, 117.7484130859375, 128.7008514404297, 95.80562591552734, 84.74200439453125, 83.5000991821289, 111.90565490722656, 71.83826446533203, 130.473388671875, 67.43370819091797], [-920.9951782226562, -204.2288055419922, 219.30836486816406, 73.01554107666016, 110.11053466796875, 108.40216827392578, 106.63452911376953, 58.88273239135742, 80.20185089111328, 94.73735046386719, 61.261348724365234, 67.43370819091797, 103.35430908203125]], "lowlevel.mfcc.icov": [[0.00021943950559943914, -0.00014189380453899503, 0.00028432963881641626, -0.0003178408951498568, 0.000440594827523455, -7.083050149958581e-05, 0.00021398720855358988, -4.3793534132419154e-05, -0.0002600640000309795, 0.00034172277082689106, -0.00018891623767558485, 0.0006223716191016138, 0.00029982131673023105], [-0.00014189380453899503, 0.000716910813935101, -0.00038024529931135476, 0.0008293184801004827, -0.0008661187021061778, 0.00037819991121068597, -0.0004142284451518208, -0.00014914663915988058, 0.000589589704759419, 0.00036426138831302524, 0.0005178996361792088, -0.00022000478929840028, 0.0004567361029330641], [0.00028432963881641626, -0.00038024529931135476, 0.0014516535447910428, -0.0009450710495002568, -0.00012869920465163887, -0.0005425261333584785, -8.221626922022551e-05, 0.0010251891799271107, -0.0004263549344614148, -0.0004312448436394334, -0.00011361503857187927, 5.012998008169234e-05, 0.0003373523068148643], [-0.0003178408951498568, 0.0008293184801004827, -0.0009450710495002568, 0.0037204136606305838, -0.0011796422768384218, -0.0006269062869250774, -0.00022039322357159108, -0.0003409868513699621, 0.00047680444549769163, -0.0008395935292355716, 1.97881836356828e-05, 9.167928510578349e-05, 0.0008474664646200836], [0.000440594827523455, -0.0008661187021061778, -0.00012869920465163887, -0.0011796422768384218, 0.006312939804047346, -0.0018894037930294871, 0.0008612236706539989, -0.0021693941671401262, -0.0018249453278258443, 0.0001532611349830404, -0.0018653642619028687, 0.002555299550294876, -0.0003612801665440202], [-7.083050149958581e-05, 0.00037819991121068597, -0.0005425261333584785, -0.0006269062869250774, -0.0018894037930294871, 0.011433545500040054, -0.0068823425099253654, -0.00017579490668140352, -0.0009207117836922407, -0.00030161949689500034, 0.005843411199748516, -0.00512481015175581, -0.00019684608560055494], [0.00021398720855358988, -0.0004142284451518208, -8.221626922022551e-05, -0.00022039322357159108, 0.0008612236706539989, -0.0068823425099253654, 0.012711859308183193, -0.004708827007561922, 0.0020595495589077473, -0.0006024427711963654, -0.006450286600738764, 0.00587806198745966, -0.003770998679101467], [-4.3793534132419154e-05, -0.00014914663915988058, 0.0010251891799271107, -0.0003409868513699621, -0.0021693941671401262, -0.00017579490668140352, -0.004708827007561922, 0.017877567559480667, -0.007539214100688696, 0.00024299004871863872, 0.0023033726029098034, -0.006818992085754871, 0.0032606790773570538], [-0.0002600640000309795, 0.000589589704759419, -0.0004263549344614148, 0.00047680444549769163, -0.0018249453278258443, -0.0009207117836922407, 0.0020595495589077473, -0.007539214100688696, 0.019127652049064636, -0.006653652526438236, -0.003659226465970278, 0.0027254170272499323, -0.003857542760670185], [0.00034172277082689106, 0.00036426138831302524, -0.0004312448436394334, -0.0008395935292355716, 0.0001532611349830404, -0.00030161949689500034, -0.0006024427711963654, 0.00024299004871863872, -0.006653652526438236, 0.013588313944637775, -0.0032550122123211622, -0.0007898944313637912, 0.0010617544176056981], [-0.00018891623767558485, 0.0005178996361792088, -0.00011361503857187927, 1.97881836356828e-05, -0.0018653642619028687, 0.005843411199748516, -0.006450286600738764, 0.0023033726029098034, -0.003659226465970278, -0.0032550122123211622, 0.01720433123409748, -0.005800364539027214, 0.0001783252228051424], [0.0006223716191016138, -0.00022000478929840028, 5.012998008169234e-05, 9.167928510578349e-05, 0.002555299550294876, -0.00512481015175581, 0.00587806198745966, -0.006818992085754871, 0.0027254170272499323, -0.0007898944313637912, -0.005800364539027214, 0.020392760634422302, -0.005844929255545139], [0.00029982131673023105, 0.0004567361029330641, 0.0003373523068148643, 0.0008474664646200836, -0.0003612801665440202, -0.00019684608560055494, -0.003770998679101467, 0.0032606790773570538, -0.003857542760670185, 0.0010617544176056981, 0.0001783252228051424, -0.005844929255545139, 0.02028754912316799]], "metadata.audio_properties.analysis.downmix": "mix", "metadata.audio_properties.codec": "mp3", "metadata.audio_properties.md5_encoded": "f94a096f347f63c6f7b95eb8bd0ae409", "metadata.tags.file_name": "1183658946960031765.mp3", "metadata.version.essentia": "2.1-beta6-dev", "metadata.version.essentia_git_sha": "v2.1_beta5-1110-g77a6a954", "metadata.version.extractor": "music 2.0", "tonal.chords_key": "B", "tonal.chords_scale": "major", "tonal.key_edma.key": "E", "tonal.key_edma.scale": "minor", "tonal.key_krumha