{"song_id": "1183712550119030794", "download": "https://cdn.discordapp.com/attachments/1135903449314238464/1183712550119030794/chirp.mp4?ex=65895538&amp", "lyrics": "[Verse]\nIn shadows they scurry, their eyes glowing red\nRaccoons of darkness, with bloodlust, they're fed\nSharp claws like daggers, their teeth stained with gore\nPrey trembles in fear as they unleash their uproar\n\n[Chorus]\nRaccoons of rage, they've come to devour\nLeaving trails of chaos, their power will tower\nRampaging through the night, a murderous spree\nBeware their wrath, for death it will decree", "style": ["rap"], "essentia_features": {"lowlevel.average_loudness": 0.9768973588943481, "lowlevel.barkbands_crest.mean": 9.265676498413086, "lowlevel.barkbands_crest.stdev": 4.636340618133545, "lowlevel.barkbands_flatness_db.mean": 0.07228385657072067, "lowlevel.barkbands_flatness_db.stdev": 0.035498522222042084, "lowlevel.barkbands_kurtosis.mean": 1.3523164987564087, "lowlevel.barkbands_kurtosis.stdev": 7.468764305114746, "lowlevel.barkbands_skewness.mean": 1.1631827354431152, "lowlevel.barkbands_skewness.stdev": 1.0967819690704346, "lowlevel.barkbands_spread.mean": 47.94949722290039, "lowlevel.barkbands_spread.stdev": 17.79383659362793, "lowlevel.dissonance.mean": 0.4840587377548218, "lowlevel.dissonance.stdev": 0.010231774300336838, "lowlevel.dynamic_complexity": 1.5304538011550903, "lowlevel.erbbands_crest.mean": 6.779050350189209, "lowlevel.erbbands_crest.stdev": 2.933103322982788, "lowlevel.erbbands_flatness_db.mean": 0.09880220890045166, "lowlevel.erbbands_flatness_db.stdev": 0.028211168944835663, "lowlevel.erbbands_kurtosis.mean": 0.014784971252083778, "lowlevel.erbbands_kurtosis.stdev": 1.5073931217193604, "lowlevel.erbbands_skewness.mean": -0.4231545925140381, "lowlevel.erbbands_skewness.stdev": 0.5620201230049133, "lowlevel.erbbands_spread.mean": 55.87620544433594, "lowlevel.erbbands_spread.stdev": 20.780431747436523, "lowlevel.hfc.mean": 37.87622833251953, "lowlevel.hfc.stdev": 14.818263053894043, "lowlevel.loudness_ebu128.integrated": -12.199888229370117, "lowlevel.loudness_ebu128.loudness_range": 1.1921052932739258, "lowlevel.loudness_ebu128.momentary.mean": -12.274224281311035, "lowlevel.loudness_ebu128.momentary.stdev": 0.8214687705039978, "lowlevel.loudness_ebu128.short_term.mean": -12.18127155303955, "lowlevel.loudness_ebu128.short_term.stdev": 0.3435581922531128, "lowlevel.melbands_crest.mean": 14.877196311950684, "lowlevel.melbands_crest.stdev": 4.97728967666626, "lowlevel.melbands_flatness_db.mean": 0.14494970440864563, "lowlevel.melbands_flatness_db.stdev": 0.04742466285824776, "lowlevel.melbands_kurtosis.mean": 15.109618186950684, "lowlevel.melbands_kurtosis.stdev": 28.38706398010254, "lowlevel.melbands_skewness.mean": 3.1227641105651855, "lowlevel.melbands_skewness.stdev": 1.8578921556472778, "lowlevel.melbands_spread.mean": 37.601226806640625, "lowlevel.melbands_spread.stdev": 19.378643035888672, "lowlevel.pitch_salience.mean": 0.582434892654419, "lowlevel.pitch_salience.stdev": 0.11184156686067581, "lowlevel.silence_rate_20dB.mean": 1.0, "lowlevel.silence_rate_20dB.stdev": 0.0, "lowlevel.silence_rate_30dB.mean": 1.0, "lowlevel.silence_rate_30dB.stdev": 0.0, "lowlevel.silence_rate_60dB.mean": 0.0013253811048343778, "lowlevel.silence_rate_60dB.stdev": 0.03638126328587532, "lowlevel.spectral_centroid.mean": 2069.347900390625, "lowlevel.spectral_centroid.stdev": 539.4854736328125, "lowlevel.spectral_complexity.mean": 28.060304641723633, "lowlevel.spectral_complexity.stdev": 8.344690322875977, "lowlevel.spectral_decrease.mean": -6.741595282022672e-09, "lowlevel.spectral_decrease.stdev": 4.6677079978962865e-09, "lowlevel.spectral_energy.mean": 0.02887982875108719, "lowlevel.spectral_energy.stdev": 0.01809847727417946, "lowlevel.spectral_energyband_high.mean": 0.0023329502437263727, "lowlevel.spectral_energyband_high.stdev": 0.001297404058277607, "lowlevel.spectral_energyband_low.mean": 0.009946332313120365, "lowlevel.spectral_energyband_low.stdev": 0.013845093548297882, "lowlevel.spectral_energyband_middle_high.mean": 0.005869213957339525, "lowlevel.spectral_energyband_middle_high.stdev": 0.004413018934428692, "lowlevel.spectral_energyband_middle_low.mean": 0.011356080882251263, "lowlevel.spectral_energyband_middle_low.stdev": 0.013348681852221489, "lowlevel.spectral_entropy.mean": 8.052392959594727, "lowlevel.spectral_entropy.stdev": 0.21669059991836548, "lowlevel.spectral_flux.mean": 0.10200406610965729, "lowlevel.spectral_flux.stdev": 0.04982760176062584, "lowlevel.spectral_kurtosis.mean": 3.2738912105560303, "lowlevel.spectral_kurtosis.stdev": 1.5182163715362549, "lowlevel.spectral_rms.mean": 0.005092363804578781, "lowlevel.spectral_rms.stdev": 0.0014977630926296115, "lowlevel.spectral_rolloff.mean": 3261.08984375, "lowlevel.spectral_rolloff.stdev": 2253.317138671875, "lowlevel.spectral_skewness.mean": 1.4069437980651855, "lowlevel.spectral_skewness.stdev": 0.26394033432006836, "lowlevel.spectral_spread.mean": 6173762.5, "lowlevel.spectral_spread.stdev": 1282715.625, "lowlevel.spectral_strongpeak.mean": 0.6835115551948547, "lowlevel.spectral_strongpeak.stdev": 0.7403842806816101, "lowlevel.zerocrossingrate.mean": 0.12310932576656342, "lowlevel.zerocrossingrate.stdev": 0.04271885007619858, "metadata.audio_properties.analysis.equal_loudness": 0.0, "metadata.audio_properties.analysis.length": 35.00798034667969, "metadata.audio_properties.analysis.sample_rate": 44100.0, "metadata.audio_properties.analysis.start_time": 0.0, "metadata.audio_properties.bit_rate": 121995.0, "metadata.audio_properties.length": 35.007999420166016, "metadata.audio_properties.lossless": 0.0, "metadata.audio_properties.number_channels": 1.0, "metadata.audio_properties.replay_gain": -14.17469596862793, "metadata.audio_properties.sample_rate": 48000.0, "rhythm.beats_count": 97.0, "rhythm.beats_loudness.mean": 0.0353572703897953, "rhythm.beats_loudness.stdev": 0.010898740962147713, "rhythm.bpm": 165.97756958007812, "rhythm.bpm_histogram_first_peak_bpm": 167.0, "rhythm.bpm_histogram_first_peak_weight": 0.0, "rhythm.bpm_histogram_second_peak_bpm": 172.0, "rhythm.bpm_histogram_second_peak_spread": 0.0, "rhythm.bpm_histogram_second_peak_weight": 0.34375, "rhythm.danceability": 1.469365119934082, "rhythm.onset_rate": 3.1689565181732178, "tonal.chords_changes_rate": 0.07152318209409714, "tonal.chords_number_rate": 0.014569536782801151, "tonal.chords_strength.mean": 0.5355842709541321, "tonal.chords_strength.stdev": 0.09449847787618637, "tonal.hpcp_crest.mean": 12.907733917236328, "tonal.hpcp_crest.stdev": 6.565190315246582, "tonal.hpcp_entropy.mean": 2.302112579345703, "tonal.hpcp_entropy.stdev": 0.8165470957756042, "tonal.key_edma.strength": 0.5781466364860535, "tonal.key_krumhansl.strength": 0.5741780400276184, "tonal.key_temperley.strength": 0.5570734739303589, "tonal.tuning_diatonic_strength": 0.4427625834941864, "tonal.tuning_equal_tempered_deviation": 0.07300233095884323, "tonal.tuning_frequency": 442.5489196777344, "tonal.tuning_nontempered_energy_ratio": 0.7672045230865479, "lowlevel.barkbands.mean": [0.0005649294471368194, 0.004753571934998035, 0.0040737055242061615, 0.0018865293823182583, 0.00531432218849659, 0.002367615234106779, 0.0004197568050585687, 0.0004525017866399139, 0.0007962621166370809, 0.00045125483302399516, 0.0004870211414527148, 0.0002986122271977365, 0.00029401559731923044, 0.00031376469996757805, 0.00043199144420214, 0.0005162397865206003, 0.0009770013857632875, 0.0008088228642009199, 0.0010891128331422806, 0.0004262042057234794, 0.0003290916502010077, 0.00031678640516474843, 0.00030013141804374754, 0.00028751412173733115, 0.0003928692312911153, 0.0004571233002934605, 7.309723878279328e-05], "lowlevel.barkbands.stdev": [0.00041436959872953594, 0.010621797293424606, 0.0046223062090575695, 0.002207782818004489, 0.011508707888424397, 0.00390833243727684, 0.000485392811242491, 0.0010205932194367051, 0.0014825186226516962, 0.0008221932221204042, 0.0009998567402362823, 0.0006466024788096547, 0.000643302861135453, 0.0005814793985337019, 0.000751970917917788, 0.0007251683855429292, 0.0012128656962886453, 0.0008518530521541834, 0.0009335673530586064, 0.00027267346740700305, 0.00022891182743478566, 0.0002500979753676802, 0.00024470631615258753, 0.00019691303896252066, 0.0002622316824272275, 0.0003427907940931618, 7.361579628195614e-05], "lowlevel.erbbands.mean": [0.08072296530008316, 1.276580572128296, 4.4026641845703125, 6.071564197540283, 15.082476615905762, 16.85899543762207, 12.868525505065918, 20.530534744262695, 7.754520416259766, 6.434708595275879, 13.233798027038574, 20.090002059936523, 11.760332107543945, 19.309585571289062, 18.616945266723633, 12.174853324890137, 13.02688980102539, 14.54731273651123, 22.373348236083984, 23.07111930847168, 34.253143310546875, 56.96409606933594, 43.62175750732422, 51.00716018676758, 48.263404846191406, 20.226959228515625, 14.647817611694336, 12.10903549194336, 11.342399597167969, 10.640377044677734, 7.959892749786377, 5.987256050109863, 4.870108604431152, 4.134607315063477, 2.9801933765411377, 1.8263176679611206, 0.8705719709396362, 0.21468818187713623, 0.007199851330369711, 0.00018686967086978257], "lowlevel.erbbands.stdev": [0.1862243264913559, 2.7677526473999023, 5.735924243927002, 5.245683193206787, 29.70136833190918, 37.642459869384766, 16.337562561035156, 39.59560012817383, 13.542058944702148, 7.401235103607178, 31.589548110961914, 38.11824035644531, 17.21338653564453, 41.392147064208984, 42.08040237426758, 23.38603401184082, 25.230079650878906, 26.426982879638672, 36.599002838134766, 41.519683837890625, 43.68410110473633, 69.32954406738281, 42.84247970581055, 48.65090560913086, 40.371421813964844, 11.744404792785645, 9.95824909210205, 8.681900978088379, 8.952628135681152, 8.960412979125977, 6.47267484664917, 4.279314041137695, 3.4341773986816406, 2.9195406436920166, 2.054039478302002, 1.3415457010269165, 0.7028656601905823, 0.1887967884540558, 0.006818598136305809, 0.00012590577534865588], "lowlevel.gfcc.mean": [63.353031158447266, 28.46461296081543, -88.8134765625, 38.77294158935547, -45.954254150390625, 4.898458957672119, -44.35108947753906, 17.773113250732422, -35.10127639770508, 1.0213360786437988, -26.328269958496094, 6.629837989807129, -19.054431915283203], "lowlevel.melbands.mean": [0.0010594101622700691, 0.002117826836183667, 0.0012891676742583513, 0.0013149670558050275, 0.0004678320838138461, 0.00045136729022488, 0.00010721607395680621, 6.739775562891737e-05, 0.00012140331818955019, 0.0001203235296998173, 5.433200203697197e-05, 7.56236186134629e-05, 6.367899914039299e-05, 3.788787580560893e-05, 2.7527028578333557e-05, 3.0036841053515673e-05, 2.6463225367479026e-05, 3.616051617427729e-05, 3.107286465819925e-05, 3.169077172060497e-05, 4.176179936621338e-05, 6.079050217522308e-05, 4.957147757522762e-05, 3.3428030292270705e-05, 4.185899524600245e-05, 4.2029176256619394e-05, 2.2873986381455325e-05, 1.1171440746693406e-05, 9.124190910370089e-06, 8.228093975048978e-06, 6.636028047068976e-06, 6.491593012469821e-06, 5.951281309535261e-06, 5.958976998954313e-06, 4.730497039417969e-06, 3.880491021845955e-06, 3.5786260923487134e-06, 3.4516169762355275e-06, 3.220642838641652e-06, 3.5715684134629555e-06], "lowlevel.melbands.stdev": [0.002342992229387164, 0.0030756944324821234, 0.0011963192373514175, 0.0029520902317017317, 0.0005948581383563578, 0.0008233173284679651, 0.00019322583102621138, 7.846780499676242e-05, 0.0002866798313334584, 0.00023235881235450506, 8.550044731236994e-05, 0.0001653056824579835, 0.00013065891107544303, 8.577172411605716e-05, 5.3882322390563786e-05, 6.808716716477647e-05, 5.11762555106543e-05, 6.304390262812376e-05, 5.4113341320771724e-05, 5.186957787373103e-05, 5.66289309062995e-05, 8.209836960304528e-05, 5.6710359785938635e-05, 3.452379678492434e-05, 4.2546922486508265e-05, 3.929197191610001e-05, 1.74358683580067e-05, 6.903274424985284e-06, 6.787973688915372e-06, 5.948514626652468e-06, 5.185133431950817e-06, 5.274255727272248e-06, 5.093756499263691e-06, 5.296897597872885e-06, 4.083645762875676e-06, 3.087999630224658e-06, 2.5973313313443214e-06, 2.51265396400413e-06, 2.455857156746788e-06, 2.6438312943355413e-06], "lowlevel.melbands128.mean": [0.00017525993462186307, 0.00041784404311329126, 0.001379000605084002, 0.0023702492471784353, 0.0023553187493234873, 0.0019578547216951847, 0.0011811041040346026, 0.0009429656784050167, 0.0015714350156486034, 0.0018506705528125167, 0.0007729894714429975, 0.0003491740790195763, 0.00033407530281692743, 0.0006575199076905847, 0.0005940299015492201, 0.0002637011057231575, 0.00015479413559660316, 6.213775486685336e-05, 6.831200880696997e-05, 7.735918188700452e-05, 5.610892185359262e-05, 6.747903535142541e-05, 0.00015279187937267125, 0.00013709555787499994, 0.00015475777036044747, 0.00010939171625068411, 4.901292049908079e-05, 5.5992768466239795e-05, 4.4228581828065217e-05, 6.958337326068431e-05, 0.00010018653119914234, 6.111925176810473e-05, 5.9542813687585294e-05, 7.367027865257114e-05, 3.6855461075901985e-05, 2.9568029276560992e-05, 3.261899473727681e-05, 2.615985067677684e-05, 2.5516761525068432e-05, 2.7868878532899544e-05, 3.5317742003826424e-05, 2.7209265681449324e-05, 2.0574041627696715e-05, 2.8004529667668976e-05, 3.724485213751905e-05, 3.6414330679690465e-05, 3.8103858969407156e-05, 3.0052877264097333e-05, 2.7865733500220813e-05, 3.223404928576201e-05, 3.016497430508025e-05, 3.398589979042299e-05, 3.764038410736248e-05, 4.375524076749571e-05, 5.399688598117791e-05, 7.144469418562949e-05, 5.744245936512016e-05, 5.1982806326122954e-05, 5.316221358953044e-05, 3.1054420105647296e-05, 2.8797247068723664e-05, 3.610759085859172e-05, 4.2038307583425194e-05, 4.2821193346753716e-05, 4.352857649791986e-05, 4.442122008185834e-05, 4.219450056552887e-05, 2.7789108571596444e-05, 1.8705424736253917e-05, 1.5226249161059968e-05, 9.966740435629617e-06, 9.896117262542248e-06, 9.890289220493287e-06, 8.647314643894788e-06, 8.715023795957677e-06, 9.029960892803501e-06, 7.691103746765293e-06, 6.6340589910396375e-06, 6.411220965674147e-06, 6.607356681342935e-06, 6.919725365150953e-06, 6.2381691350310575e-06, 6.151056823000545e-06, 5.881556262465892e-06, 5.673354735336034e-06, 6.331049462460214e-06, 5.964340289210668e-06, 5.486939244292444e-06, 4.735282800538698e-06, 4.057034402649151e-06, 4.189033916190965e-06, 3.700721663335571e-06, 3.6674020975624444e-06, 3.392220605746843e-06, 3.7233862713037524e-06, 3.679024757730076e-06, 3.284291551608476e-06, 3.266898147558095e-06, 3.1943484373186948e-06, 3.109844783466542e-06, 3.5837740597344236e-06, 3.6320761864772066e-06, 3.618990604081773e-06, 3.8038178900023922e-06, 3.7087193049956113e-06, 2.9004527277720626e-06, 2.7474450234876713e-06, 2.8145973374194e-06, 3.2499908684258116e-06, 3.537780003171065e-06, 3.379574991413392e-06, 2.732009534156532e-06, 2.86012777905853e-06, 2.726776983763557e-06, 2.182424168495345e-06, 1.92869151760533e-06, 1.851895717663865e-06, 1.3185632496970356e-06, 1.3253711017569003e-07, 2.3472850399497425e-11, 9.457858975159272e-12, 8.594350058011013e-12, 8.256529140937552e-12, 7.83407626964161e-12, 6.663819669683324e-12, 4.8942048330724575e-12, 3.953907080217478e-12, 3.791183512957819e-12], "lowlevel.melbands128.stdev": [0.00023152930953074247, 0.0010933795711025596, 0.0033651208505034447, 0.005378918722271919, 0.0037838444113731384, 0.0021113103721290827, 0.0011782905785366893, 0.0012698567006736994, 0.003211778122931719, 0.004817695822566748, 0.0018063874449580908, 0.0006075878627598286, 0.0005422448739409447, 0.0011736955493688583, 0.0012479190481826663, 0.0009973024716600776, 0.00034473728737793863, 0.00010000305337598547, 9.794793731998652e-05, 0.00012065281043760478, 8.629948570160195e-05, 0.00018236227333545685, 0.0004882862558588386, 0.0003748334420379251, 0.0003658787172753364, 0.0003086215874645859, 0.00011565984459593892, 0.0001161198306363076, 0.00010080238280352205, 0.00017474332707934082, 0.00028810722869820893, 0.00016014389984775335, 0.00014475220814347267, 0.000258599960943684, 0.00012298542424105108, 7.666090823477134e-05, 8.06525640655309e-05, 6.96864808560349e-05, 6.555155414389446e-05, 6.800504343118519e-05, 0.00010846758232219145, 7.677588291699067e-05, 4.7499328502453864e-05, 8.140823047142476e-05, 8.172263915184885e-05, 8.82328167790547e-05, 8.872339822119102e-05, 6.017345731379464e-05, 7.627348531968892e-05, 9.53981580096297e-05, 5.74977311771363e-05, 6.52155140414834e-05, 6.125971412984654e-05, 7.737570558674634e-05, 0.00010200700489804149, 0.0001241690624738112, 8.22313450044021e-05, 7.450112025253475e-05, 7.910914428066462e-05, 3.892663153237663e-05, 3.395761450519785e-05, 4.982815880794078e-05, 5.937444439041428e-05, 5.295151277096011e-05, 5.639320079353638e-05, 5.5087868531700224e-05, 4.9590220442041755e-05, 2.795644468278624e-05, 1.7884387489175424e-05, 1.2585227523231879e-05, 7.76567048887955e-06, 7.95295818534214e-06, 9.186665920424275e-06, 8.015931598492898e-06, 7.64733340474777e-06, 7.500303581764456e-06, 6.493381533800857e-06, 5.975671228952706e-06, 6.119370937085478e-06, 5.827046152262483e-06, 6.8296108111098874e-06, 5.955737378826598e-06, 6.02706450081314e-06, 5.83783821639372e-06, 5.495230197993806e-06, 6.328106337605277e-06, 5.853052698512329e-06, 5.675307875208091e-06, 4.5489059630199336e-06, 3.896409907611087e-06, 3.7754793993372004e-06, 3.4341912851232337e-06, 3.1781430607225047e-06, 2.888690460167709e-06, 3.0352223348018015e-06, 2.9229411211417755e-06, 2.851975295925513e-06, 2.762634494501981e-06, 2.837255124177318e-06, 2.8114920951338718e-06, 3.012491561094066e-06, 3.1863769436313305e-06, 3.131629910058109e-06, 3.231938308090321e-06, 3.0260268886195263e-06, 2.588614961496205e-06, 2.6257644094584975e-06, 2.5831482162175234e-06, 2.8452609512896743e-06, 3.1477652555622626e-06, 3.1488343665841967e-06, 2.5472575089224847e-06, 2.7644641704682726e-06, 2.7758367195929168e-06, 2.3448462798114633e-06, 1.9911740309908055e-06, 1.8883193888541427e-06, 1.5664356851630146e-06, 2.7526016310730483e-07, 7.529187689980787e-11, 7.127085727143267e-11, 6.788671014223979e-11, 6.6777833263032e-11, 6.261054175116243e-11, 4.5381913504893845e-11, 1.7966924822920838e-11, 5.8947382565455175e-12, 5.397932968664865e-12], "lowlevel.mfcc.mean": [-592.5858154296875, 74.1176986694336, 10.119315147399902, 35.84086227416992, 16.180238723754883, -3.8588123321533203, 2.893543004989624, 7.149328708648682, -0.9080393314361572, -2.672703266143799, -3.3281941413879395, -6.800299644470215, -2.6725587844848633], "lowlevel.spectral_contrast_coeffs.mean": [-0.6726720333099365, -0.7619203329086304, -0.8016853928565979, -0.8053995966911316, -0.7836198210716248, -0.7746833562850952], "lowlevel.spectral_contrast_coeffs.stdev": [0.08044103533029556, 0.06239527463912964, 0.047573260962963104, 0.04083721712231636, 0.04026682302355766, 0.024257374927401543], "lowlevel.spectral_contrast_valleys.mean": [-6.588135242462158, -6.79301643371582, -7.252974510192871, -7.231410503387451, -6.6143646240234375, -9.040592193603516], "lowlevel.spectral_contrast_valleys.stdev": [0.5181660652160645, 0.4627918303012848, 0.5165925621986389, 0.4229116141796112, 0.35132402181625366, 0.43427640199661255], "rhythm.beats_loudness_band_ratio.mean": [0.4123777449131012, 0.3629000186920166, 0.05510355159640312, 0.05702019855380058, 0.11207995563745499, 0.1531507521867752], "rhythm.beats_loudness_band_ratio.stdev": [0.15129342675209045, 0.18855653703212738, 0.047695375978946686, 0.07532314211130142, 0.08458462357521057, 0.06167885288596153], "tonal.hpcp.mean": [0.06303715705871582, 0.06145412102341652, 0.13697996735572815, 0.2117142677307129, 0.12720291316509247, 0.05310947448015213, 0.07014689594507217, 0.07802598178386688, 0.2055400162935257, 0.23460723459720612, 0.08972086757421494, 0.03658885508775711, 0.035617705434560776, 0.03948141634464264, 0.062291469424963, 0.11172542721033096, 0.12759734690189362, 0.10549340397119522, 0.09680390357971191, 0.10014252364635468, 0.15270404517650604, 0.22583310306072235, 0.19452700018882751, 0.15264448523521423, 0.14900274574756622, 0.09162440896034241, 0.049009766429662704, 0.04654939845204353, 0.0545402429997921, 0.14243152737617493, 0.2241317629814148, 0.16486729681491852, 0.13623297214508057, 0.17009851336479187, 0.1448671817779541, 0.09356221556663513], "tonal.hpcp.stdev": [0.1350538581609726, 0.15680672228336334, 0.2332826852798462, 0.3667919337749481, 0.23826788365840912, 0.1092444360256195, 0.1468636840581894, 0.15096257627010345, 0.32892218232154846, 0.36228808760643005, 0.158572718501091, 0.10309138149023056, 0.1003415584564209, 0.098118357360363, 0.11841525137424469, 0.1852947622537613, 0.22070233523845673, 0.19320698082447052, 0.19407381117343903, 0.18954230844974518, 0.23828819394111633, 0.3389435410499573, 0.2753102779388428, 0.2309264987707138, 0.24171145260334015, 0.16566351056098938, 0.11363591998815536, 0.10703661292791367, 0.127853125333786, 0.22341154515743256, 0.31713542342185974, 0.23238526284694672, 0.22663597762584686, 0.28358981013298035, 0.25854772329330444, 0.1861540675163269], "rhythm.beats_position": [0.3599092960357666, 0.743038535118103, 1.1261677742004395, 1.5092970132827759, 1.8808163404464722, 2.252335548400879, 2.600634813308716, 2.9605441093444824, 3.320453405380249, 3.6803627014160156, 4.040272235870361, 4.400181293487549, 4.736870765686035, 5.096779823303223, 5.456689357757568, 5.804988384246826, 6.164897918701172, 6.524806976318359, 6.884716510772705, 7.244625568389893, 7.592925071716309, 7.952834129333496, 8.312743186950684, 8.684263229370117, 9.032562255859375, 9.392471313476562, 9.75238037109375, 10.112290382385254, 10.472199440002441, 10.8204984664917, 11.168798446655273, 11.517097473144531, 11.865396499633789, 12.213695526123047, 12.58521556854248, 12.945124626159668, 13.305033683776855, 13.653332710266113, 14.001632690429688, 14.361541748046875, 14.721450805664062, 15.09296989440918, 15.441269874572754, 15.812788963317871, 16.172698974609375, 16.520998001098633, 16.88090705871582, 17.229206085205078, 17.577505111694336, 17.925804138183594, 18.28571319580078, 18.6456241607666, 19.00553321838379, 19.365442276000977, 19.713741302490234, 20.073650360107422, 20.43355941772461, 20.781858444213867, 21.130157470703125, 21.478458404541016, 21.838367462158203, 22.19827651977539, 22.569795608520508, 22.918094635009766, 23.266393661499023, 23.60308265686035, 23.962993621826172, 24.33451271057129, 24.694421768188477, 25.054330825805664, 25.41423988342285, 25.77414894104004, 26.122447967529297, 26.470746994018555, 26.819047927856445, 27.167346954345703, 27.51564598083496, 27.86394500732422, 28.223854064941406, 28.583763122558594, 28.94367218017578, 29.3035831451416, 29.66349220275879, 30.000181198120117, 30.348480224609375, 30.708389282226562, 31.06829833984375, 31.428207397460938, 31.788116455078125, 32.136417388916016, 32.4963264465332, 32.85623550415039, 33.20453643798828, 33.552833557128906, 33.9011344909668, 34.261043548583984, 34.62095260620117], "rhythm.bpm_histogram": [0.0, 0.0, 0.0, 0.0, 0.0, 0.0, 0.0, 0.0, 0.0, 0.0, 0.0, 0.0, 0.0, 0.0, 0.0, 0.0, 0.0, 0.0, 0.0, 0.0, 0.0, 0.0, 0.0, 0.0, 0.0, 0.0, 0.0, 0.0, 0.0, 0.0, 0.0, 0.0, 0.0, 0.0, 0.0, 0.0, 0.0, 0.0, 0.0, 0.0, 0.0, 0.0, 0.0, 0.0, 0.0, 0.0, 0.0, 0.0, 0.0, 0.0, 0.0, 0.0, 0.0, 0.0, 0.0, 0.0, 0.0, 0.0, 0.0, 0.0, 0.0, 0.0, 0.0, 0.0, 0.0, 0.0, 0.0, 0.0, 0.0, 0.0, 0.0, 0.0, 0.0, 0.0, 0.0, 0.0, 0.0, 0.0, 0.0, 0.0, 0.0, 0.0, 0.0, 0.0, 0.0, 0.0, 0.0, 0.0, 0.0, 0.0, 0.0, 0.0, 0.0, 0.0, 0.0, 0.0, 0.0, 0.0, 0.0, 0.0, 0.0, 0.0, 0.0, 0.0, 0.0, 0.0, 0.0, 0.0, 0.0, 0.0, 0.0, 0.0, 0.0, 0.0, 0.0, 0.0, 0.0, 0.0, 0.0, 0.0, 0.0, 0.0, 0.0, 0.0, 0.0, 0.0, 0.0, 0.0, 0.0, 0.0, 0.0, 0.0, 0.0, 0.0, 0.0, 0.0, 0.0, 0.0, 0.0, 0.0, 0.0, 0.0, 0.0, 0.0, 0.0, 0.0, 0.0, 0.0, 0.0, 0.0, 0.0, 0.0, 0.0, 0.0, 0.0, 0.0, 0.0, 0.03125, 0.0, 0.0, 0.0, 0.0833333358168602, 0.0, 0.0, 0.0, 0.0, 0.0, 0.5104166865348816, 0.0, 0.0, 0.0, 0.0, 0.34375, 0.0, 0.0, 0.0, 0.0, 0.0, 0.03125, 0.0, 0.0, 0.0, 0.0, 0.0, 0.0, 0.0, 0.0, 0.0, 0.0, 0.0, 0.0, 0.0, 0.0, 0.0, 0.0, 0.0, 0.0, 0.0, 0.0, 0.0, 0.0, 0.0, 0.0, 0.0, 0.0, 0.0, 0.0, 0.0, 0.0, 0.0, 0.0, 0.0, 0.0, 0.0, 0.0, 0.0, 0.0, 0.0, 0.0, 0.0, 0.0, 0.0, 0.0, 0.0, 0.0, 0.0, 0.0, 0.0, 0.0, 0.0, 0.0, 0.0, 0.0, 0.0, 0.0, 0.0, 0.0, 0.0, 0.0, 0.0, 0.0, 0.0, 0.0, 0.0, 0.0, 0.0, 0.0, 0.0, 0.0, 0.0], "tonal.chords_histogram": [0.0, 2.384105920791626, 0.0, 0.0, 0.0, 0.0, 2.1192052364349365, 14.43708610534668, 0.0, 0.0, 0.0, 0.0, 0.26490065455436707, 0.0, 16.821191787719727, 2.1192052364349365, 10.066225051879883, 11.258277893066406, 8.34437084197998, 14.172185897827148, 0.3973509967327118, 0.0, 1.721854329109192, 15.89404010772705], "tonal.thpcp": [1.0, 0.3824301064014435, 0.1559579074382782, 0.1518184393644333, 0.16828729212284088, 0.2655138373374939, 0.47622328996658325, 0.5438764095306396, 0.44965964555740356, 0.4126211404800415, 0.4268518090248108, 0.6508923172950745, 0.9626007676124573, 0.8291602730751038, 0.6506384611129761, 0.6351157426834106, 0.3905438482761383, 0.20890134572982788, 0.1984141618013382, 0.232474684715271, 0.6071062684059143, 0.9553489089012146, 0.7027374505996704, 0.5806853175163269, 0.7250352501869202, 0.6174881458282471, 0.39880362153053284, 0.268692284822464, 0.2619447112083435, 0.5838693380355835, 0.9024200439453125, 0.542195200920105, 0.22637611627578735, 0.298997163772583, 0.3325813114643097, 0.8761026263237], "lowlevel.gfcc.cov": [[931.126220703125, -29.15291404724121, -106.39058685302734, -31.45978546142578, -65.90895080566406, 28.11075782775879, -1.3371025323867798, -39.05817413330078, -36.86051940917969, -40.91242980957031, -6.939789772033691, -2.439131498336792, -21.44648551940918], [-29.15291404724121, 353.185302734375, -133.3771209716797, 11.187967300415039, 0.23056091368198395, 6.814474582672119, -10.859868049621582, -14.64210319519043, -16.64083480834961, -6.51507043838501, 46.85029220581055, -4.3333210945129395, 9.588562965393066], [-106.39058685302734, -133.3771209716797, 440.07550048828125, 78.13307189941406, 73.85759735107422, 4.1152777671813965, 62.18254089355469, 15.652129173278809, 50.022918701171875, 83.22483825683594, -10.103099822998047, 33.906044006347656, 28.374860763549805], [-31.45978546142578, 11.187967300415039, 78.13307189941406, 230.29356384277344, 15.0484619140625, 13.788898468017578, -30.21216583251953, -4.106276988983154, 41.42362594604492, 8.37556266784668, -6.333094596862793, 6.1246418952941895, 22.5537166595459], [-65.90895080566406, 0.23056091368198395, 73.85759735107422, 15.0484619140625, 227.74478149414062, 62.48394012451172, 71.11260986328125, 84.31895446777344, 48.610267639160156, 40.67578125, 9.327327728271484, 26.399816513061523, 11.41253662109375], [28.11075782775879, 6.814474582672119, 4.1152777671813965, 13.788898468017578, 62.48394012451172, 152.85464477539062, 96.14268493652344, 26.349994659423828, 8.250787734985352, 12.519519805908203, 12.869430541992188, 2.9019525051116943, -7.697057247161865], [-1.3371025323867798, -10.859868049621582, 62.18254089355469, -30.21216583251953, 71.11260986328125, 96.14268493652344, 173.44351196289062, 95.29376983642578, 22.706703186035156, 28.21427345275879, 26.256071090698242, 17.80243682861328, -11.66362190246582], [-39.05817413330078, -14.64210319519043, 15.652129173278809, -4.106276988983154, 84.31895446777344, 26.349994659423828, 95.29376983642578, 158.91592407226562, 76.43489074707031, 34.09418869018555, 14.730379104614258, 17.556896209716797, 2.694410800933838], [-36.86051940917969, -16.64083480834961, 50.022918701171875, 41.42362594604492, 48.610267639160156, 8.250787734985352, 22.706703186035156, 76.43489074707031, 106.47642517089844, 59.69457244873047, -1.679365634918213, 2.1847341060638428, 11.657320976257324], [-40.91242980957031, -6.51507043838501, 83.22483825683594, 8.37556266784668, 40.67578125, 12.519519805908203, 28.21427345275879, 34.09418869018555, 59.69457244873047, 94.6413803100586, 30.99921226501465, 14.939271926879883, 9.823131561279297], [-6.939789772033691, 46.85029220581055, -10.103099822998047, -6.333094596862793, 9.327327728271484, 12.869430541992188, 26.256071090698242, 14.730379104614258, -1.679365634918213, 30.99921226501465, 75.86383819580078, 41.889625549316406, 4.8276801109313965], [-2.439131498336792, -4.3333210945129395, 33.906044006347656, 6.1246418952941895, 26.399816513061523, 2.9019525051116943, 17.80243682861328, 17.556896209716797, 2.1847341060638428, 14.939271926879883, 41.889625549316406, 69.36781311035156, 33.435340881347656], [-21.44648551940918, 9.588562965393066, 28.374860763549805, 22.5537166595459, 11.41253662109375, -7.697057247161865, -11.66362190246582, 2.694410800933838, 11.657320976257324, 9.823131561279297, 4.8276801109313965, 33.435340881347656, 57.945255279541016]], "lowlevel.gfcc.icov": [[0.0011733161518350244, 0.00015075663395691663, 0.00033448057365603745, 2.3526083168690093e-05, 0.00029619032284244895, -0.0002738686162047088, -0.0002269853575853631, 0.0003933025582227856, -0.00016966233670245856, 9.323562699137256e-05, 0.0004262270813342184, -0.0007739991997368634, 0.0005071036866866052], [0.00015075663395691663, 0.0041203550063073635, 0.001303133089095354, -0.0006495184497907758, -0.0008867142605595291, 0.0007377103320322931, -0.00105431885458529, 0.001228665467351675, -0.00022221061226446182, 0.0007620088872499764, -0.004687141161412001, 0.004101826809346676, -0.00306884478777647], [0.00033448057365603745, 0.001303133089095354, 0.004899132996797562, -0.00203328812494874, -0.0009484231704846025, 0.0026335089933127165, -0.0043871705420315266, 0.0030387002043426037, 0.0006297935033217072, -0.004801553208380938, 0.003747162874788046, -0.002617433900013566, -0.0003018384741153568], [2.3526083168690093e-05, -0.0006495184497907758, -0.00203328812494874, 0.006295529194176197, 0.00023033384059090167, -0.002571546472609043, 0.0031653570476919413, 0.00011076469672843814, -0.004336761776357889, 0.003853345988318324, -0.0019763510208576918, 0.0005818107165396214, -0.0010453058639541268], [0.00029619032284244895, -0.0008867142605595291, -0.0009484231704846025, 0.00023033384059090167, 0.007008642889559269, -0.003238168777897954, 0.001654184889048338, -0.004052771721035242, 0.0010018028551712632, -0.001953445840626955, 0.0031377736013382673, -0.003681214526295662, 0.0013343458995223045], [-0.0002738686162047088, 0.0007377103320322931, 0.0026335089933127165, -0.002571546472609043, -0.003238168777897954, 0.014200484380126, -0.011521024629473686, 0.006847908720374107, -0.001971595687791705, -0.0004297789419069886, -0.0005376250483095646, 0.0018992709228768945, -0.0012071203673258424], [-0.0002269853575853631, -0.00105431885458529, -0.0043871705420315266, 0.0031653570476919413, 0.001654184889048338, -0.011521024629473686, 0.021007651463150978, -0.01375485211610794, 0.00595505116507411, -0.000430300016887486, -0.00196062121540308, -0.000901704013813287, 0.0035772945266216993], [0.0003933025582227856, 0.001228665467351675, 0.0030387002043426037, 0.00011076469672843814, -0.004052771721035242, 0.006847908720374107, -0.01375485211610794, 0.022366847842931747, -0.01608119159936905, 0.005662844516336918, -0.0025069876573979855, -0.001243419712409377, -0.00048820077790878713], [-0.00016966233670245856, -0.00022221061226446182, 0.0006297935033217072, -0.004336761776357889, 0.0010018028551712632, -0.001971595687791705, 0.00595505116507411, -0.01608119159936905, 0.03200467675924301, -0.019739720970392227, 0.009901273064315319, 0.00011245127825532109, -0.0011412996100261807], [9.323562699137256e-05, 0.0007620088872499764, -0.004801553208380938, 0.003853345988318324, -0.001953445840626955, -0.0004297789419069886, -0.000430300016887486, 0.005662844516336918, -0.019739720970392227, 0.03134479001164436, -0.019460558891296387, 0.009183338843286037, -0.004282532725483179], [0.0004262270813342184, -0.004687141161412001, 0.003747162874788046, -0.0019763510208576918, 0.0031377736013382673, -0.0005376250483095646, -0.00196062121540308, -0.0025069876573979855, 0.009901273064315319, -0.019460558891296387, 0.040840666741132736, -0.029384778812527657, 0.013760183937847614], [-0.0007739991997368634, 0.004101826809346676, -0.002617433900013566, 0.0005818107165396214, -0.003681214526295662, 0.0018992709228768945, -0.000901704013813287, -0.001243419712409377, 0.00011245127825532109, 0.009183338843286037, -0.029384778812527657, 0.04520222544670105, -0.024269985035061836], [0.0005071036866866052, -0.00306884478777647, -0.0003018384741153568, -0.0010453058639541268, 0.0013343458995223045, -0.0012071203673258424, 0.0035772945266216993, -0.00048820077790878713, -0.0011412996100261807, -0.004282532725483179, 0.013760183937847614, -0.024269985035061836, 0.03264079988002777]], "lowlevel.mfcc.cov": [[1101.145751953125, -58.53843688964844, -125.20297241210938, -91.71171569824219, -85.27291107177734, 6.2431135177612305, -27.804378509521484, 13.389622688293457, -86.52684783935547, -35.2320442199707, -17.995576858520508, -53.09706497192383, -48.517215728759766], [-58.53843688964844, 292.0955810546875, -95.85272216796875, -40.05976104736328, 3.2229082584381104, -14.59064769744873, 45.34538269042969, -2.162513256072998, -24.158353805541992, 4.165682315826416, 17.059694290161133, 7.31632661819458, -0.9949292540550232], [-125.20297241210938, -95.85272216796875, 313.0192565917969, 92.6784439086914, -14.919535636901855, 52.321929931640625, -16.76404571533203, -44.01300811767578, 28.273149490356445, -6.185480117797852, -9.32464599609375, 23.1065731048584, 21.659530639648438], [-91.71171569824219, -40.05976104736328, 92.6784439086914, 176.88262939453125, 70.95523834228516, -4.366121768951416, -41.58717727661133, -8.552574157714844, 29.41474151611328, 8.548277854919434, -6.234206199645996, 9.047313690185547, 25.806888580322266], [-85.27291107177734, 3.2229082584381104, -14.919535636901855, 70.95523834228516, 144.2957000732422, 28.369234085083008, -14.041861534118652, 6.437833309173584, 44.02545166015625, 17.909671783447266, 2.142256736755371, 5.772453308105469, 22.832212448120117], [6.2431135177612305, -14.59064769744873, 52.321929931640625, -4.366121768951416, 28.369234085083008, 132.13925170898438, 46.956207275390625, -1.245279312133789, 6.956121444702148, 3.5400147438049316, 2.360232353210449, 5.850264072418213, 3.756455421447754], [-27.804378509521484, 45.34538269042969, -16.76404571533203, -41.58717727661133, -14.041861534118652, 46.956207275390625, 143.95346069335938, 71.22171783447266, 11.493023872375488, 7.384029865264893, 28.476839065551758, 24.4677677154541, 9.770094871520996], [13.389622688293457, -2.162513256072998, -44.01300811767578, -8.552574157714844, 6.437833309173584, -1.245279312133789, 71.22171783447266, 114.96276092529297, 41.29450607299805, 20.017662048339844, 20.070968627929688, 15.08841609954834, 8.60122013092041], [-86.52684783935547, -24.158353805541992, 28.273149490356445, 29.41474151611328, 44.02545166015625, 6.956121444702148, 11.493023872375488, 41.29450607299805, 124.91365814208984, 60.88576126098633, 22.922409057617188, 19.696269989013672, 23.951881408691406], [-35.2320442199707, 4.165682315826416, -6.185480117797852, 8.548277854919434, 17.909671783447266, 3.5400147438049316, 7.384029865264893, 20.017662048339844, 60.88576126098633, 90.45072174072266, 45.84085464477539, 12.688985824584961, 9.05517292022705], [-17.995576858520508, 17.059694290161133, -9.32464599609375, -6.234206199645996, 2.142256736755371, 2.360232353210449, 28.476839065551758, 20.070968627929688, 22.922409057617188, 45.84085464477539, 66.57634735107422, 32.573089599609375, 13.001262664794922], [-53.09706497192383, 7.31632661819458, 23.1065731048584, 9.047313690185547, 5.772453308105469, 5.850264072418213, 24.4677677154541, 15.08841609954834, 19.696269989013672, 12.688985824584961, 32.573089599609375, 70.55764770507812, 40.39034652709961], [-48.517215728759766, -0.9949292540550232, 21.659530639648438, 25.806888580322266, 22.832212448120117, 3.756455421447754, 9.770094871520996, 8.60122013092041, 23.951881408691406, 9.05517292022705, 13.001262664794922, 40.39034652709961, 68.61527252197266]], "lowlevel.mfcc.icov": [[0.0011487036244943738, 0.00029354190337471664, 0.0005296390154398978, 9.655954636400566e-05, 0.0007387428195215762, -0.0007311863591894507, 0.0008104292210191488, -0.0007010101107880473, 0.0005585827748291194, 0.0001856014714576304, -0.0003921040042769164, 0.0005651389947161078, -9.818001126404852e-05], [0.00029354190337471664, 0.004494339227676392, 0.001379754045046866, 9.26459688344039e-05, -0.0005109399789944291, 0.0009501317399553955, -0.0024986809585243464, 0.002064631087705493, 0.0007873206632211804, -0.0006358337122946978, -7.346198981394991e-05, -0.00045393832260742784, 0.00010752732487162575], [0.0005296390154398978, 0.001379754045046866, 0.006539131980389357, -0.004052473232150078, 0.00406240439042449, -0.0030998922884464264, -0.0004934057360514998, 0.0030679344199597836, -0.002671885071322322, 0.0015791634796187282, 0.00017482764087617397, -0.0015100599266588688, -6.185114762047306e-05], [9.655954636400566e-05, 9.26459688344039e-05, -0.004052473232150078, 0.010711612179875374, -0.0059183812700212, 0.0024025815073400736, 0.002174935769289732, -0.0021925584878772497, 0.001693979138508439, -0.0012395877856761217, 0.0006667121197097003, 0.00041885371319949627, -0.0016775112599134445], [0.0007387428195215762, -0.0005109399789944291, 0.00406240439042449, -0.0059183812700212, 0.013436169363558292, -0.005478490609675646, 0.0025494738947600126, 2.1221292627160437e-05, -0.004279638174921274, 0.0019147801212966442, -0.0009230254800058901, 0.0011035207426175475, -0.002311652060598135], [-0.0007311863591894507, 0.0009501317399553955, -0.0030998922884464264, 0.0024025815073400736, -0.005478490609675646, 0.012587977573275566, -0.006800622679293156, 0.0033347781281918287, 0.0011444066185504198, -0.002246934687718749, 0.002109033754095435, -0.00032008904963731766, 0.0009416677057743073], [0.0008104292210191488, -0.0024986809585243464, -0.0004934057360514998, 0.002174935769289732, 0.0025494738947600126, -0.006800622679293156, 0.017204612493515015, -0.010900507681071758, 0.000911278068087995, 0.002996967174112797, -0.0048829964362084866, -0.00033777844510041177, -0.001274371170438826], [-0.0007010101107880473, 0.002064631087705493, 0.0030679344199597836, -0.0021925584878772497, 2.1221292627160437e-05, 0.0033347781281918287, -0.010900507681071758, 0.018666353076696396, -0.005968980025500059, 0.00048496207455173135, 0.0005380803486332297, -0.0012273453176021576, 0.0010531819425523281], [0.0005585827748291194, 0.0007873206632211804, -0.002671885071322322, 0.001693979138508439, -0.004279638174921274, 0.0011444066185504198, 0.000911278068087995, -0.005968980025500059, 0.017653074115514755, -0.011833904311060905, 0.0044336202554404736, -0.0015142278280109167, -0.001956665888428688], [0.0001856014714576304, -0.0006358337122946978, 0.0015791634796187282, -0.0012395877856761217, 0.0019147801212966442, -0.002246934687718749, 0.002996967174112797, 0.00048496207455173135, -0.011833904311060905, 0.02739560417830944, -0.018726974725723267, 0.005960111040621996, -0.00035642393049784005], [-0.0003921040042769164, -7.346198981394991e-05, 0.00017482764087617397, 0.0006667121197097003, -0.0009230254800058901, 0.002109033754095435, -0.0048829964362084866, 0.0005380803486332297, 0.0044336202554404736, -0.018726974725723267, 0.03486449643969536, -0.014777901582419872, 0.0032518506050109863], [0.0005651389947161078, -0.00045393832260742784, -0.0015100599266588688, 0.00041885371319949627, 0.0011035207426175475, -0.00032008904963731766, -0.00033777844510041177, -0.0012273453176021576, -0.0015142278280109167, 0.005960111040621996, -0.014777901582419872, 0.029857711866497993, -0.014469148591160774], [-9.818001126404852e-05, 0.00010752732487162575, -6.185114762047306e-05, -0.0016775112599134445, -0.002311652060598135, 0.0009416677057743073, -0.001274371170438826, 0.0010531819425523281, -0.001956665888428688, -0.00035642393049784005, 0.0032518506050109863, -0.014469148591160774, 0.024554861709475517]], "metadata.audio_properties.analysis.downmix": "