{"song_id": "1183689268384763935", "download": "https://cdn.discordapp.com/attachments/1135911532732108921/1183689268384763935/chirp.mp4?ex=65893f89&amp", "lyrics": "\u0422\u0430\u043a \u0420\u0443\u0441\u043b\u0430\u043d \u0436\u0435 - \u0414\u0435\u0434 \u041c\u043e\u0440\u043e\u0437!\n\u041f\u0443\u0448\u043a\u0443 \u043d\u0430\u043c \u0441\u0435\u0433\u043e\u0434\u043d\u044f \u0432\u0432\u0435\u0437! \n\n\u041c\u043e\u0436\u0435\u0442 \u0441\u0442\u043e\u0438\u0442 \u043f\u043e\u043f\u0440\u043e\u0441\u0438\u0442\u044c?\n\u0427\u0442\u043e\u0431 \u0437\u0430\u0440\u043f\u043b\u0430\u0442\u0443 \u0432\u043e\u0437\u0440\u0430\u0441\u0442\u0438\u0442\u044c!\n\n\u0427\u0442\u043e\u0431\u044b \u043a\u044d\u0444\u044b \u0432\u0441\u0435\u043c \u0438\u043a\u0441 \u0434\u0432\u0430!\n\u0417\u0430\u0441\u043b\u0443\u0436\u0438\u043b\u0430 \u0440\u0435\u0431\u044f\u0442\u043d\u044f!\n\n\u041d\u0443, \u043a\u043e\u043b\u043b\u0435\u0433\u0438, \u0436\u043c\u0435\u043c \u043b\u0430\u0439\u043a\u043e\u0441 \n\u041a\u0442\u043e \u043c\u0435\u0447\u0442\u0430\u0435\u0442 \u0437\u0430 \u043f\u0440\u0438\u0440\u043e\u0441\u0442", "style": ["random"], "essentia_features": {"lowlevel.average_loudness": 0.45360833406448364, "lowlevel.barkbands_crest.mean": 16.23288917541504, "lowlevel.barkbands_crest.stdev": 5.1829633712768555, "lowlevel.barkbands_flatness_db.mean": 0.25624755024909973, "lowlevel.barkbands_flatness_db.stdev": 0.11008166521787643, "lowlevel.barkbands_kurtosis.mean": 83.48538970947266, "lowlevel.barkbands_kurtosis.stdev": 125.55545806884766, "lowlevel.barkbands_skewness.mean": 3.4680333137512207, "lowlevel.barkbands_skewness.stdev": 6.114693641662598, "lowlevel.barkbands_spread.mean": 20.41265869140625, "lowlevel.barkbands_spread.stdev": 26.646451950073242, "lowlevel.dissonance.mean": 0.46162134408950806, "lowlevel.dissonance.stdev": 0.03683733940124512, "lowlevel.dynamic_complexity": 8.939433097839355, "lowlevel.erbbands_crest.mean": 11.946168899536133, "lowlevel.erbbands_crest.stdev": 5.642478942871094, "lowlevel.erbbands_flatness_db.mean": 0.1452057659626007, "lowlevel.erbbands_flatness_db.stdev": 0.05539228022098541, "lowlevel.erbbands_kurtosis.mean": 6.590554237365723, "lowlevel.erbbands_kurtosis.stdev": 15.496420860290527, "lowlevel.erbbands_skewness.mean": 1.2171732187271118, "lowlevel.erbbands_skewness.stdev": 2.1830456256866455, "lowlevel.erbbands_spread.mean": 56.41974639892578, "lowlevel.erbbands_spread.stdev": 40.9340934753418, "lowlevel.hfc.mean": 22.433448791503906, "lowlevel.hfc.stdev": 31.866870880126953, "lowlevel.loudness_ebu128.integrated": -20.552433013916016, "lowlevel.loudness_ebu128.loudness_range": 18.01987075805664, "lowlevel.loudness_ebu128.momentary.mean": -27.191696166992188, "lowlevel.loudness_ebu128.momentary.stdev": 9.435635566711426, "lowlevel.loudness_ebu128.short_term.mean": -26.320222854614258, "lowlevel.loudness_ebu128.short_term.stdev": 7.779998302459717, "lowlevel.melbands_crest.mean": 20.066089630126953, "lowlevel.melbands_crest.stdev": 7.832508563995361, "lowlevel.melbands_flatness_db.mean": 0.3090932369232178, "lowlevel.melbands_flatness_db.stdev": 0.18860992789268494, "lowlevel.melbands_kurtosis.mean": 106.49636840820312, "lowlevel.melbands_kurtosis.stdev": 173.3177032470703, "lowlevel.melbands_skewness.mean": 5.4111199378967285, "lowlevel.melbands_skewness.stdev": 5.010284423828125, "lowlevel.melbands_spread.mean": 32.5816764831543, "lowlevel.melbands_spread.stdev": 50.735801696777344, "lowlevel.pitch_salience.mean": 0.3543219566345215, "lowlevel.pitch_salience.stdev": 0.15091964602470398, "lowlevel.silence_rate_20dB.mean": 1.0, "lowlevel.silence_rate_20dB.stdev": 0.0, "lowlevel.silence_rate_30dB.mean": 0.9061413407325745, "lowlevel.silence_rate_30dB.stdev": 0.2916320860385895, "lowlevel.silence_rate_60dB.mean": 0.4472769498825073, "lowlevel.silence_rate_60dB.stdev": 0.497205913066864, "lowlevel.spectral_centroid.mean": 1355.79248046875, "lowlevel.spectral_centroid.stdev": 1369.3372802734375, "lowlevel.spectral_complexity.mean": 6.138470649719238, "lowlevel.spectral_complexity.stdev": 10.138162612915039, "lowlevel.spectral_decrease.mean": -7.650776012724236e-09, "lowlevel.spectral_decrease.stdev": 1.2724241216233168e-08, "lowlevel.spectral_energy.mean": 0.030910588800907135, "lowlevel.spectral_energy.stdev": 0.049125660210847855, "lowlevel.spectral_energyband_high.mean": 0.0015298542566597462, "lowlevel.spectral_energyband_high.stdev": 0.0026186048053205013, "lowlevel.spectral_energyband_low.mean": 0.02336055412888527, "lowlevel.spectral_energyband_low.stdev": 0.04214777052402496, "lowlevel.spectral_energyband_middle_high.mean": 0.0009790954645723104, "lowlevel.spectral_energyband_middle_high.stdev": 0.0028508510440587997, "lowlevel.spectral_energyband_middle_low.mean": 0.0054823532700538635, "lowlevel.spectral_energyband_middle_low.stdev": 0.017877092584967613, "lowlevel.spectral_entropy.mean": 7.335261821746826, "lowlevel.spectral_entropy.stdev": 1.0367958545684814, "lowlevel.spectral_flux.mean": 0.06513433158397675, "lowlevel.spectral_flux.stdev": 0.0892334133386612, "lowlevel.spectral_kurtosis.mean": 6.437383651733398, "lowlevel.spectral_kurtosis.stdev": 8.240535736083984, "lowlevel.spectral_rms.mean": 0.003909254912286997, "lowlevel.spectral_rms.stdev": 0.003856731578707695, "lowlevel.spectral_rolloff.mean": 5118.84228515625, "lowlevel.spectral_rolloff.stdev": 6993.07470703125, "lowlevel.spectral_skewness.mean": 1.9831798076629639, "lowlevel.spectral_skewness.stdev": 1.0358247756958008, "lowlevel.spectral_spread.mean": 7988361.0, "lowlevel.spectral_spread.stdev": 3966382.75, "lowlevel.spectral_strongpeak.mean": 4.724114418029785, "lowlevel.spectral_strongpeak.stdev": 8.902865409851074, "lowlevel.zerocrossingrate.mean": 0.20002104341983795, "lowlevel.zerocrossingrate.stdev": 0.26392635703086853, "metadata.audio_properties.analysis.equal_loudness": 0.0, "metadata.audio_properties.analysis.length": 40.04265213012695, "metadata.audio_properties.analysis.sample_rate": 44100.0, "metadata.audio_properties.analysis.start_time": 0.0, "metadata.audio_properties.bit_rate": 124388.0, "metadata.audio_properties.length": 40.042667388916016, "metadata.audio_properties.lossless": 0.0, "metadata.audio_properties.number_channels": 1.0, "metadata.audio_properties.replay_gain": -6.190176010131836, "metadata.audio_properties.sample_rate": 48000.0, "rhythm.beats_count": 79.0, "rhythm.beats_loudness.mean": 0.06996171921491623, "rhythm.beats_loudness.stdev": 0.08050854504108429, "rhythm.bpm": 130.18727111816406, "rhythm.bpm_histogram_first_peak_bpm": 129.0, "rhythm.bpm_histogram_first_peak_weight": 0.2982456088066101, "rhythm.bpm_histogram_second_peak_bpm": 99.0, "rhythm.bpm_histogram_second_peak_spread": 0.625, "rhythm.bpm_histogram_second_peak_weight": 0.07692307978868484, "rhythm.danceability": 1.1638333797454834, "rhythm.onset_rate": 3.9196672439575195, "tonal.chords_changes_rate": 0.0659722238779068, "tonal.chords_number_rate": 0.016203703358769417, "tonal.chords_strength.mean": 0.4776607155799866, "tonal.chords_strength.stdev": 0.10236845910549164, "tonal.hpcp_crest.mean": 10.940130233764648, "tonal.hpcp_crest.stdev": 5.001510143280029, "tonal.hpcp_entropy.mean": 2.3842718601226807, "tonal.hpcp_entropy.stdev": 0.8153616786003113, "tonal.key_edma.strength": 0.3953484296798706, "tonal.key_krumhansl.strength": 0.3989008069038391, "tonal.key_temperley.strength": 0.3814419209957123, "tonal.tuning_diatonic_strength": 0.40335652232170105, "tonal.tuning_equal_tempered_deviation": 0.2560814321041107, "tonal.tuning_frequency": 434.193115234375, "tonal.tuning_nontempered_energy_ratio": 0.8893309235572815, "lowlevel.barkbands.mean": [0.0010977997444570065, 0.016182871535420418, 0.005679399706423283, 0.0008663393673487008, 0.0015104921767488122, 0.0007242737920023501, 0.0005305587546899915, 0.0009795909281820059, 0.0007819331949576735, 0.00021677206677850336, 8.127045293804258e-05, 8.383159001823515e-05, 6.000348730594851e-05, 4.716803596238606e-05, 5.371582665247843e-05, 6.906014459673315e-05, 0.00010460417252033949, 0.0001311141240876168, 0.00013071074499748647, 0.00011448311124695465, 0.0001310103398282081, 0.0001301289303228259, 0.00015048425120767206, 0.00016677829262334853, 0.00018995314894709736, 0.00025208754232153296, 0.0004441592318471521], "lowlevel.barkbands.stdev": [0.0023293192498385906, 0.03411359339952469, 0.010949493385851383, 0.0056656282395124435, 0.008953397162258625, 0.00225168582983315, 0.0020088027231395245, 0.004721927922219038, 0.002979160286486149, 0.001010243664495647, 0.00029102814733050764, 0.00044950441224500537, 0.0002897637605201453, 0.00018485551117919385, 0.00021461765572894365, 0.00021363414998631924, 0.00039094992098398507, 0.0004480585048440844, 0.0004979079240001738, 0.00036716434988193214, 0.0004193150089122355, 0.00038256862899288535, 0.0004517817578744143, 0.0005136353429406881, 0.00047218939289450645, 0.00041657048859633505, 0.0009066233178600669], "lowlevel.erbbands.mean": [0.6725252866744995, 2.8257789611816406, 7.055632591247559, 3.6404762268066406, 4.732437610626221, 4.846811294555664, 4.204619407653809, 5.835183143615723, 8.268692970275879, 12.389933586120605, 22.30319595336914, 16.24457359313965, 11.375496864318848, 4.850918769836426, 3.320855140686035, 3.1354098320007324, 2.7130191326141357, 2.4505486488342285, 2.7368385791778564, 3.2159571647644043, 4.061356067657471, 6.117121696472168, 7.094072341918945, 6.983726978302002, 5.924654960632324, 5.303835391998291, 5.374888896942139, 5.184534549713135, 4.758759021759033, 4.582965850830078, 4.189635276794434, 3.4328830242156982, 2.933551073074341, 2.2615249156951904, 1.3454704284667969, 0.8007104992866516, 0.45012935996055603, 0.7017355561256409, 0.035066910088062286, 0.000551454140804708], "lowlevel.erbbands.stdev": [1.4191653728485107, 6.539409160614014, 12.859764099121094, 15.00492000579834, 28.127248764038086, 30.019283294677734, 13.95323371887207, 21.50587272644043, 36.03759002685547, 42.24958801269531, 118.47549438476562, 57.96189880371094, 60.01769256591797, 19.16150665283203, 12.525982856750488, 14.9194974899292, 12.630864143371582, 9.097491264343262, 11.561869621276855, 10.392850875854492, 13.414949417114258, 21.851091384887695, 25.00722885131836, 24.001449584960938, 21.67108917236328, 16.527175903320312, 17.965486526489258, 16.54970932006836, 14.057011604309082, 13.376396179199219, 12.71212387084961, 10.129056930541992, 9.378205299377441, 6.180374622344971, 2.9038023948669434, 1.5559427738189697, 0.7876468300819397, 1.34457528591156, 0.07000908255577087, 0.000984536367468536], "lowlevel.gfcc.mean": [-160.79823303222656, 34.10516357421875, -42.80668640136719, 20.44554328918457, -29.339841842651367, 9.868754386901855, -27.01686668395996, 20.947811126708984, -17.338214874267578, 7.2542829513549805, -15.785344123840332, 4.586132049560547, -16.790109634399414], "lowlevel.melbands.mean": [0.00500437943264842, 0.003427129006013274, 0.0007019031909294426, 0.0003686560085043311, 0.00014715043653268367, 0.00014126303722150624, 0.00011749588156817481, 0.00015053123934194446, 0.00018371682381257415, 9.796398808248341e-05, 5.5305397836491466e-05, 1.9704348233062774e-05, 1.0823457159858663e-05, 1.0605646821204573e-05, 6.479929652414285e-06, 5.385527856560657e-06, 4.41486508861999e-06, 4.339558927313192e-06, 4.027732757094782e-06, 4.6876143642293755e-06, 4.662269475375069e-06, 6.079825197957689e-06, 6.917586688359734e-06, 5.955649612587877e-06, 5.638770289806416e-06, 4.844967861572513e-06, 3.6443232147576055e-06, 3.4932779726659646e-06, 3.3179030651808716e-06, 3.268323780503124e-06, 2.9211482797109056e-06, 2.7718556339095812e-06, 2.317294956810656e-06, 2.682896365513443e-06, 2.453833531035343e-06, 2.1314292553142877e-06, 2.06492904908373e-06, 2.05715195988887e-06, 1.995730599446688e-06, 1.8703399291553069e-06], "lowlevel.melbands.stdev": [0.010531354695558548, 0.006473793648183346, 0.002865823218598962, 0.0022149034775793552, 0.0005933056236244738, 0.0005026032449677587, 0.00048525381134822965, 0.0005460495012812316, 0.0009272724855691195, 0.00036724834353663027, 0.0002974241797346622, 7.707146869506687e-05, 3.749695315491408e-05, 5.970858546788804e-05, 3.244441541028209e-05, 2.20805322896922e-05, 1.6759462596382946e-05, 1.8789507521432824e-05, 1.5372061170637608e-05, 1.4619447028962895e-05, 1.6728337868698873e-05, 2.336466423003003e-05, 2.6416122636874206e-05, 2.0128924006712623e-05, 2.0380342903081328e-05, 1.9947794498875737e-05, 1.1714188985934015e-05, 1.1439426089054905e-05, 1.1695470675476827e-05, 1.0828799531736877e-05, 9.599722034181468e-06, 8.596269253757782e-06, 6.673425104963826e-06, 8.168184649548493e-06, 7.693609404668678e-06, 6.342848791973665e-06, 6.436355306504993e-06, 7.17032980901422e-06, 5.8849805100180674e-06, 5.096307631902164e-06], "lowlevel.melbands128.mean": [0.001064774114638567, 0.006166153587400913, 0.0059847538359463215, 0.004129691515117884, 0.004178537055850029, 0.002172274049371481, 0.000640248239506036, 0.00043296857620589435, 0.0004860981134697795, 0.0004496549954637885, 0.00024109908554237336, 0.000127025181427598, 0.00014688214287161827, 0.00013919967750553042, 9.900596342049539e-05, 0.0001669085759203881, 0.00018969690427184105, 8.163903112290427e-05, 6.464599573519081e-05, 0.00014792021829634905, 0.00018384614668320864, 0.00018134788842871785, 0.00020970948389731348, 0.0001580447715241462, 9.291288733948022e-05, 7.656445086468011e-05, 9.571515693096444e-05, 4.552256359602325e-05, 3.537611701176502e-05, 1.831498411775101e-05, 1.8078400898957625e-05, 1.2929586773680057e-05, 9.346629667561501e-06, 8.975786840892397e-06, 1.3561929335992318e-05, 1.1223016372241545e-05, 5.853531092725461e-06, 5.701373993360903e-06, 7.948507118271664e-06, 5.300093107507564e-06, 4.8802103265188634e-06, 5.263502316665836e-06, 4.309314590500435e-06, 3.946652213926427e-06, 4.354023076302838e-06, 4.612239536072593e-06, 4.134695700486191e-06, 3.844244020001497e-06, 3.94026710637263e-06, 4.528249064605916e-06, 4.802489456778858e-06, 4.859974524151767e-06, 4.553399776341394e-06, 4.325328518461902e-06, 5.531949227588484e-06, 6.2547192101192195e-06, 6.507265425170772e-06, 6.960799510125071e-06, 7.480763542844215e-06, 6.100288374000229e-06, 5.898963536310475e-06, 5.837594471813645e-06, 5.331598003976978e-06, 5.8240193538949825e-06, 5.7315564845339395e-06, 5.025482550991001e-06, 4.197841917630285e-06, 3.6807516607950674e-06, 3.54270468960749e-06, 3.550237579474924e-06, 3.249952669648337e-06, 3.7080524180055363e-06, 3.653672820291831e-06, 2.9857280878786696e-06, 3.2608027140668128e-06, 3.5754096643358935e-06, 3.033041821254301e-06, 2.9972959509905195e-06, 2.9957420792925404e-06, 2.7110058908874635e-06, 2.8639258289331337e-06, 2.889685219997773e-06, 2.3977524961082963e-06, 2.0769512047991157e-06, 2.4387713892792817e-06, 2.5552758415869903e-06, 2.891625854317681e-06, 2.717311872402206e-06, 2.203238182119094e-06, 2.625350589369191e-06, 2.1095347619848326e-06, 1.9214376152376644e-06, 2.2061185518396087e-06, 2.164741999877151e-06, 1.85850046818814e-06, 2.08525102607382e-06, 2.144274048987427e-06, 1.97374492927338e-06, 1.8793876961353817e-06, 2.1243940864223987e-06, 2.045500878011808e-06, 1.8804793171511847e-06, 1.5718079566795495e-06, 1.5790704992468818e-06, 1.2399318620737176e-06, 1.1265453849773621e-06, 2.5492761324130697e-06, 2.0621450858016033e-06, 1.0541155006649205e-06, 9.256027055926097e-07, 1.1294819159957115e-06, 9.573004717822187e-07, 1.0887965800066013e-06, 1.7369047782267444e-06, 2.3053742097545182e-06, 1.5491502836084692e-06, 9.734611921885516e-06, 1.1159268069604877e-05, 2.6049173129649716e-07, 7.349835184911058e-10, 3.2779598480026095e-10, 6.248026401811657e-11, 4.4829829952408584e-12, 4.294899071805025e-12, 4.079520141836435e-12, 3.80022489171461e-12, 3.6434171651889e-12, 3.5974415720646524e-12], "lowlevel.melbands128.stdev": [0.002285807626321912, 0.013138195499777794, 0.014202436432242393, 0.010360010899603367, 0.0076945810578763485, 0.00470505328848958, 0.0030908051412552595, 0.0028584394603967667, 0.002997595351189375, 0.0026997129898518324, 0.0016362774185836315, 0.000761440780479461, 0.0004715250979643315, 0.0003703937691170722, 0.00040077726589515805, 0.0008519665570929646, 0.0010317083215340972, 0.0003256357740610838, 0.0002615351986605674, 0.0005380510701797903, 0.0006934201228432357, 0.0012518905568867922, 0.001341353403404355, 0.0006956316065043211, 0.00045077933464199305, 0.0003965940559282899, 0.0007363180629909039, 0.0003014731628354639, 0.00013571049203164876, 8.174875256372616e-05, 9.062354365596548e-05, 5.514719305210747e-05, 3.382498471182771e-05, 3.695082705235109e-05, 0.00010268361802445725, 7.685969467274845e-05, 2.5482830096734688e-05, 3.219529753550887e-05, 6.70339068165049e-05, 2.121930810972117e-05, 2.2070658815209754e-05, 2.492646854079794e-05, 1.7639862562646158e-05, 1.6976215192698874e-05, 2.0398325432324782e-05, 2.196145214838907e-05, 2.1206908058957197e-05, 1.838018579292111e-05, 1.4087698218645528e-05, 1.5598770914948545e-05, 1.7168156773550436e-05, 1.6862100892467424e-05, 1.670942765485961e-05, 1.6963220332399942e-05, 3.1943487556418404e-05, 2.8123495212639682e-05, 2.7116362616652623e-05, 2.851566932804417e-05, 3.5816938179777935e-05, 2.4073773602140136e-05, 2.2093470761319622e-05, 1.9999230062239803e-05, 2.0779218175448477e-05, 2.4109333025990054e-05, 2.7992407922283746e-05, 2.3430859073414467e-05, 2.097300239256583e-05, 1.4087509953242261e-05, 1.213308405567659e-05, 1.1549887858564034e-05, 1.057172630680725e-05, 1.483876803831663e-05, 1.5396222806884907e-05, 1.1444818483141717e-05, 1.2353036254353356e-05, 1.3013237548875622e-05, 1.0643019777489826e-05, 1.1151163562317379e-05, 1.0573131476121489e-05, 1.0838822163350414e-05, 1.0071538781630807e-05, 9.001655598694924e-06, 7.4176473390252795e-06, 6.305184342636494e-06, 7.615654794790316e-06, 8.102427273115609e-06, 9.900729310174938e-06, 9.00814302440267e-06, 7.3838423304550815e-06, 9.269789188692812e-06, 7.0474675339937676e-06, 6.2909434745961335e-06, 6.596420007554116e-06, 7.0396331466326956e-06, 6.832918188592885e-06, 8.513600732840132e-06, 7.955284672789276e-06, 6.562603630300146e-06, 5.6647759265615605e-06, 6.8044037107029e-06, 6.0771271819248796e-06, 5.404963303590193e-06, 4.182252723694546e-06, 3.9790456867194735e-06, 3.4109336866094964e-06, 3.329451146782958e-06, 4.464518951863283e-06, 3.8056416542531224e-06, 3.0510557280649664e-06, 2.7577086711971788e-06, 3.0750950372748775e-06, 2.3202837837743573e-06, 2.6246491415804485e-06, 3.7539323329838226e-06, 4.466781774681294e-06, 2.9596394597319886e-06, 1.96700420929119e-05, 2.3265971321961842e-05, 7.275197049239068e-07, 1.6981735129206754e-08, 7.457369832764016e-09, 1.2344476552073047e-09, 9.695927220831901e-12, 9.471243234138171e-12, 9.306091487693013e-12, 9.170285190929217e-12, 9.076676910080295e-12, 9.020261100556315e-12], "lowlevel.mfcc.mean": [-836.8008422851562, 97.70275115966797, 36.825077056884766, 27.525766372680664, 22.7105655670166, 1.88894784450531, 9.11269474029541, 11.008340835571289, 7.497637748718262, 7.19503116607666, 6.7005815505981445, 4.697005748748779, 3.391638994216919], "lowlevel.spectral_contrast_coeffs.mean": [-0.7262722253799438, -0.8234962224960327, -0.8419516682624817, -0.8640533685684204, -0.835150957107544, -0.817355215549469], "lowlevel.spectral_contrast_coeffs.stdev": [0.08660797774791718, 0.08093477785587311, 0.06194725260138512, 0.03959023579955101, 0.04888144135475159, 0.046787191182374954], "lowlevel.spectral_contrast_valleys.mean": [-8.393811225891113, -8.52328109741211, -9.3511962890625, -9.515060424804688, -9.362409591674805, -11.395831108093262], "lowlevel.spectral_contrast_valleys.stdev": [1.8836266994476318, 1.8862942457199097, 1.6876025199890137, 1.649376392364502, 1.8361008167266846, 1.905822992324829], "rhythm.beats_loudness_band_ratio.mean": [0.6303770542144775, 0.07068579643964767, 0.050789590924978256, 0.005712330341339111, 0.03051896020770073, 0.23422914743423462], "rhythm.beats_loudness_band_ratio.stdev": [0.43446269631385803, 0.15317220985889435, 0.12054736912250519, 0.008770838379859924, 0.083553746342659, 0.3618010878562927], "tonal.hpcp.mean": [0.16471658647060394, 0.12263789027929306, 0.1185179352760315, 0.10951866209506989, 0.11474086344242096, 0.11252470314502716, 0.10598999261856079, 0.16140547394752502, 0.14758819341659546, 0.07321012020111084, 0.05724503472447395, 0.054016225039958954, 0.06334835290908813, 0.06078386306762695, 0.06066420301795006, 0.06606145948171616, 0.09096360206604004, 0.12183976173400879, 0.11824563890695572, 0.10067062824964523, 0.0898297131061554, 0.09533587098121643, 0.09588772058486938, 0.09702452272176743, 0.11566540598869324, 0.11936208605766296, 0.12240304052829742, 0.14835575222969055, 0.22818566858768463, 0.22226418554782867, 0.14347951114177704, 0.15964320302009583, 0.18577782809734344, 0.2785998582839966, 0.3553357720375061, 0.275331050157547], "tonal.hpcp.stdev": [0.2642911672592163, 0.23248109221458435, 0.23434095084667206, 0.22251896560192108, 0.24480870366096497, 0.23911543190479279, 0.21944738924503326, 0.30403420329093933, 0.27521032094955444, 0.1531250923871994, 0.12326546758413315, 0.12425161153078079, 0.13765054941177368, 0.13062351942062378, 0.1327175498008728, 0.1504417359828949, 0.18214784562587738, 0.234468013048172, 0.21864357590675354, 0.20965035259723663, 0.17333953082561493, 0.19100981950759888, 0.190720334649086, 0.18989309668540955, 0.22881537675857544, 0.22457487881183624, 0.22685660421848297, 0.2539716362953186, 0.34307461977005005, 0.33639419078826904, 0.24857640266418457, 0.2658645808696747, 0.29132941365242004, 0.31843867897987366, 0.36793774366378784, 0.32316818833351135], "rhythm.beats_position": [0.5688889026641846, 1.160997748374939, 1.7531065940856934, 2.345215320587158, 2.937324285507202, 3.5062131881713867, 4.075101852416992, 4.6556010246276855, 5.236099720001221, 5.816598415374756, 6.44353723526001, 7.070476055145264, 7.709024906158447, 8.347573280334473, 8.997732162475586, 9.60145092010498, 10.216779708862305, 10.8204984664917, 11.424217224121094, 12.027935981750488, 12.631654739379883, 13.223763465881348, 13.688162803649902, 14.152562141418457, 14.616961479187012, 15.06974983215332, 15.522539138793945, 15.97532844543457, 16.439727783203125, 16.89251708984375, 17.345306396484375, 17.80970573425293, 18.27410316467285, 18.738502502441406, 19.19129180908203, 19.655691146850586, 20.10848045349121, 20.572879791259766, 21.02566909790039, 21.478458404541016, 21.942855834960938, 22.407255172729492, 22.871654510498047, 23.3360538482666, 23.800453186035156, 24.26485252380371, 24.729251861572266, 25.19365119934082, 25.646438598632812, 26.099227905273438, 26.563627243041992, 27.028026580810547, 27.4924259185791, 27.956825256347656, 28.42122459411621, 28.874013900756836, 29.326801300048828, 29.791200637817383, 30.255599975585938, 30.719999313354492, 31.184398651123047, 31.6487979888916, 32.113197326660156, 32.56598663330078, 33.018775939941406, 33.48317337036133, 33.947574615478516, 34.41197204589844, 34.87636947631836, 35.34077072143555, 35.79356002807617, 36.2463493347168, 36.71074676513672, 37.175148010253906, 37.63954544067383, 38.103946685791016, 38.56834411621094, 39.03274154663086, 39.49714279174805], "rhythm.bpm_histogram": [0.0, 0.0, 0.0, 0.0, 0.0, 0.0, 0.0, 0.0, 0.0, 0.0, 0.0, 0.0, 0.0, 0.0, 0.0, 0.0, 0.0, 0.0, 0.0, 0.0, 0.0, 0.0, 0.0, 0.0, 0.0, 0.0, 0.0, 0.0, 0.0, 0.0, 0.0, 0.0, 0.0, 0.0, 0.0, 0.0, 0.0, 0.0, 0.0, 0.0, 0.0, 0.0, 0.0, 0.0, 0.0, 0.0, 0.0, 0.0, 0.0, 0.0, 0.0, 0.0, 0.0, 0.0, 0.0, 0.0, 0.0, 0.0, 0.0, 0.0, 0.0, 0.0, 0.0, 0.0, 0.0, 0.0, 0.0, 0.0, 0.0, 0.0, 0.0, 0.0, 0.0, 0.0, 0.0, 0.0, 0.0, 0.0, 0.0, 0.0, 0.0, 0.0, 0.0, 0.0, 0.0, 0.0, 0.0, 0.0, 0.0, 0.0, 0.0, 0.0, 0.012820512987673283, 0.0, 0.025641025975346565, 0.0, 0.025641025975346565, 0.0, 0.012820512987673283, 0.06410256773233414, 0.0, 0.06410256773233414, 0.0, 0.03846153989434242, 0.0, 0.025641025975346565, 0.0, 0.0, 0.0, 0.0, 0.0, 0.0, 0.0, 0.0, 0.0, 0.0, 0.0, 0.0, 0.0, 0.0, 0.0, 0.0, 0.0, 0.0, 0.0, 0.0, 0.0, 0.0, 0.0, 0.5128205418586731, 0.0, 0.0, 0.0, 0.21794871985912323, 0.0, 0.0, 0.0, 0.0, 0.0, 0.0, 0.0, 0.0, 0.0, 0.0, 0.0, 0.0, 0.0, 0.0, 0.0, 0.0, 0.0, 0.0, 0.0, 0.0, 0.0, 0.0, 0.0, 0.0, 0.0, 0.0, 0.0, 0.0, 0.0, 0.0, 0.0, 0.0, 0.0, 0.0, 0.0, 0.0, 0.0, 0.0, 0.0, 0.0, 0.0, 0.0, 0.0, 0.0, 0.0, 0.0, 0.0, 0.0, 0.0, 0.0, 0.0, 0.0, 0.0, 0.0, 0.0, 0.0, 0.0, 0.0, 0.0, 0.0, 0.0, 0.0, 0.0, 0.0, 0.0, 0.0, 0.0, 0.0, 0.0, 0.0, 0.0, 0.0, 0.0, 0.0, 0.0, 0.0, 0.0, 0.0, 0.0, 0.0, 0.0, 0.0, 0.0, 0.0, 0.0, 0.0, 0.0, 0.0, 0.0, 0.0, 0.0, 0.0, 0.0, 0.0, 0.0, 0.0, 0.0, 0.0, 0.0, 0.0, 0.0, 0.0, 0.0, 0.0, 0.0, 0.0, 0.0, 0.0, 0.0, 0.0, 0.0, 0.0, 0.0, 0.0, 0.0, 0.0], "tonal.chords_histogram": [1.1574074029922485, 11.458333015441895, 0.0, 1.0416666269302368, 1.8518518209457397, 1.9675925970077515, 15.393518447875977, 34.25925827026367, 3.3564815521240234, 0.0, 0.0, 0.0, 0.0, 8.564814567565918, 5.439815044403076, 0.0, 0.46296295523643494, 7.060184955596924, 1.3888888359069824, 0.11574073880910873, 0.0, 0.6944444179534912, 3.2407407760620117, 2.5462963581085205], "tonal.thpcp": [1.0, 0.7748475670814514, 0.46355193853378296, 0.34513241052627563, 0.33353787660598755, 0.3082117438316345, 0.32290828227996826, 0.3166714608669281, 0.2982812225818634, 0.45423367619514465, 0.41534852981567383, 0.20603081583976746, 0.16110123693943024, 0.1520145982503891, 0.17827744781970978, 0.17106035351753235, 0.17072360217571259, 0.18591277301311493, 0.2559933662414551, 0.3428862690925598, 0.33277156949043274, 0.28331127762794495, 0.2528023421764374, 0.2682979702949524, 0.26985102891921997, 0.2730502486228943, 0.325510174036026, 0.3359135091304779, 0.3444714844226837, 0.41750863194465637, 0.6421691179275513, 0.6255046725273132, 0.40378573536872864, 0.4492742121219635, 0.5228233337402344, 0.7840467691421509], "lowlevel.gfcc.cov": [[30779.029296875, -1760.1591796875, -3123.3994140625, -76.96503448486328, -3416.239501953125, -530.3221435546875, -645.4786376953125, 1235.414794921875, 639.9237670898438, 775.552734375, -87.8567123413086, 482.68475341796875, 169.09323120117188], [-1760.1591796875, 7372.3603515625, 1093.6163330078125, 1977.909423828125, -10.910470962524414, 1124.7806396484375, 695.1817626953125, 258.8464050292969, 476.52008056640625, -65.06304931640625, -109.25411987304688, -402.67584228515625, 68.3471908569336], [-3123.3994140625, 1093.6163330078125, 1349.6339111328125, 610.8533325195312, 415.0199890136719, 321.7845153808594, 142.79713439941406, -106.90306854248047, 30.999357223510742, -2.580491781234741, -21.80794334411621, -127.4005126953125, -28.048927307128906], [-76.96503448486328, 1977.909423828125, 610.8533325195312, 1606.1951904296875, -74.16707611083984, 625.4586181640625, 224.6355438232422, 72.9387435913086, 26.311119079589844, 29.56220245361328, -117.25194549560547, -168.39999389648438, -76.28414916992188], [-3416.239501953125, -10.910470962524414, 415.0199890136719, -74.16707611083984, 709.9027709960938, 151.98223876953125, 170.96107482910156, -124.2671127319336, -48.83201599121094, -84.48431396484375, 59.98128890991211, -42.326942443847656, 5.077685832977295], [-530.3221435546875, 1124.7806396484375, 321.7845153808594, 625.4586181640625, 151.98223876953125, 721.601318359375, 359.57196044921875, 195.22206115722656, 130.5380096435547, 104.55252838134766, 27.109365463256836, -98.97724914550781, -7.553832054138184], [-645.4786376953125, 695.1817626953125, 142.79713439941406, 224.6355438232422, 170.96107482910156, 359.57196044921875, 300.2375793457031, 123.34552001953125, 118.64048767089844, 37.75809860229492, 39.61149597167969, -51.22705078125, 10.932317733764648], [1235.414794921875, 258.8464050292969, -106.90306854248047, 72.9387435913086, -124.2671127319336, 195.22206115722656, 123.34552001953125, 251.31639099121094, 162.6715087890625, 120.09052276611328, 32.67580032348633, 8.34762191772461, 18.997474670410156], [639.9237670898438, 476.52008056640625, 30.999357223510742, 26.311119079589844, -48.83201599121094, 130.5380096435547, 118.64048767089844, 162.6715087890625, 223.31178283691406, 100.43946838378906, 52.52275466918945, 0.6306759715080261, 42.864410400390625], [775.552734375, -65.06304931640625, -2.580491781234741, 29.56220245361328, -84.48431396484375, 104.55252838134766, 37.75809860229492, 120.09052276611328, 100.43946838378906, 160.16343688964844, 59.30684280395508, 26.572242736816406, 10.679794311523438], [-87.8567123413086, -109.25411987304688, -21.80794334411621, -117.25194549560547, 59.98128890991211, 27.109365463256836, 39.61149597167969, 32.67580032348633, 52.52275466918945, 59.30684280395508, 116.82599639892578, 31.382953643798828, 23.657894134521484], [482.68475341796875, -402.67584228515625, -127.4005126953125, -168.39999389648438, -42.326942443847656, -98.97724914550781, -51.22705078125, 8.34762191772461, 0.6306759715080261, 26.572242736816406, 31.382953643798828, 85.57508087158203, 26.66574478149414], [169.09323120117188, 68.3471908569336, -28.048927307128906, -76.28414916992188, 5.077685832977295, -7.553832054138184, 10.932317733764648, 18.997474670410156, 42.864410400390625, 10.679794311523438, 23.657894134521484, 26.66574478149414, 70.74507904052734]], "lowlevel.gfcc.icov": [[9.605207742424682e-05, 3.2836531318025663e-05, 9.321945981355384e-05, -7.048935367492959e-05, 0.0003194260352756828, -3.763795348277199e-06, 8.4214516391512e-05, -0.000216771470149979, -0.00013188720913603902, -3.2122941775014624e-05, 6.07233087066561e-05, -0.00012081978638889268, -0.0001684920280240476], [3.2836531318025663e-05, 0.0003937514265999198, -6.502655014628544e-05, -0.0003263188118580729, 0.0003882738819811493, -9.218091872753575e-05, -0.0002899140235967934, 0.0001384977949783206, -0.0008828006102703512, 0.0008085876470431685, -0.0001651604106882587, 0.0008693085983395576, -0.0007262537837959826], [9.321945981355384e-05, -6.502655014628544e-05, 0.0015892747323960066, -0.00048662032349966466, -0.0007535045151598752, -0.00024431897327303886, 0.0008450941531918943, 0.0010311860824003816, -0.0011562054278329015, -0.0011729596881195903, 0.0006734631606377661, 0.0004355756682343781, 5.412028986029327e-05], [-7.048935367492959e-05, -0.0003263188118580729, -0.00048662032349966466, 0.0017840316286310554, 0.0003776220546569675, -0.001319082803092897, 0.00015086543862707913, 0.0005111430073156953, 0.0009173959260806441, -0.00043327538878656924, 0.000885842542629689, -0.00021497039415407926, 0.0011803496163338423], [0.0003194260352756828, 0.0003882738819811493, -0.0007535045151598752, 0.0003776220546569675, 0.004711336921900511, -0.0006075740675441921, -0.0024865190498530865, 0.000966916442848742, 5.570948269451037e-05, 0.0019140896620228887, -0.001650057965889573, 4.324124165577814e-05, -0.0010958018247038126], [-3.763795348277199e-06, -9.218091872753575e-05, -0.00024431897327303886, -0.001319082803092897, -0.0006075740675441921, 0.006596494000405073, -0.005417406093329191, -0.0027565632481127977, 0.0030212458223104477, -0.003202307503670454, -0.00019250513287261128, 0.0024289104621857405, -0.0012941282475367188], [8.4214516391512e-05, -0.0002899140235967934, 0.0008450941531918943, 0.00015086543862707913, -0.0024865190498530865, -0.005417406093329191, 0.013947222381830215, -0.002489579375833273, -0.004092409275472164, 0.0032959566451609135, -0.0014648172073066235, -6.831758128100773e-06, 0.001164270332083106], [-0.000216771470149979, 0.0001384977949783206, 0.0010311860824003816, 0.0005111430073156953, 0.000966916442848742, -0.0027565632481127977, -0.002489579375833273, 0.014756709337234497, -0.006733914837241173, -0.003707785392180085, 0.002481865929439664, -0.001485941931605339, 0.0017725680954754353], [-0.00013188720913603902, -0.0008828006102703512, -0.0011562054278329015, 0.0009173959260806441, 5.570948269451037e-05, 0.0030212458223104477, -0.004092409275472164, -0.006733914837241173, 0.015604512766003609, -0.004978701937943697, -0.0017814813181757927, 0.0018404677975922823, -0.004342937376350164], [-3.2122941775014624e-05, 0.0008085876470431685, -0.0011729596881195903, -0.00043327538878656924, 0.0019140896620228887, -0.003202307503670454, 0.0032959566451609135, -0.003707785392180085, -0.004978701937943697, 0.01781804859638214, -0.006726525723934174, -0.0026734224520623684, 0.001954232342541218], [6.07233087066561e-05, -0.0001651604106882587, 0.0006734631606377661, 0.000885842542629689, -0.001650057965889573, -0.00019250513287261128, -0.0014648172073066235, 0.002481865929439664, -0.0017814813181757927, -0.006726525723934174, 0.015577150508761406, -0.003909900784492493, -0.0007461594650521874], [-0.00012081978638889268, 0.0008693085983395576, 0.0004355756682343781, -0.00021497039415407926, 4.324124165577814e-05, 0.0024289104621857405, -6.831758128100773e-06, -0.001485941931605339, 0.0018404677975922823, -0.0026734224520623684, -0.003909900784492493, 0.02459362894296646, -0.008627892471849918], [-0.0001684920280240476, -0.0007262537837959826, 5.412028986029327e-05, 0.0011803496163338423, -0.0010958018247038126, -0.0012941282475367188, 0.001164270332083106, 0.0017725680954754353, -0.004342937376350164, 0.001954232342541218, -0.0007461594650521874, -0.008627892471849918, 0.02165638469159603]], "lowlevel.mfcc.cov": [[32251.81640625, -2320.622314453125, -743.0846557617188, -779.4734497070312, -2259.45849609375, -1732.485595703125, -1503.8787841796875, -232.49847412109375, 283.15191650390625, 253.5316162109375, 283.02337646484375, 232.7083282470703, 178.6911163330078], [-2320.622314453125, 4080.61767578125, 1111.0643310546875, 624.2579956054688, 226.59251403808594, 601.380615234375, 230.90602111816406, 357.64013671875, 423.04547119140625, 207.9016876220703, 132.85218811035156, 85.32942199707031, 2.676997184753418], [-743.0846557617188, 1111.0643310546875, 1339.2576904296875, 679.6416015625, 213.5074462890625, 487.9723815917969, 151.3500213623047, 124.5305404663086, 188.79061889648438, 176.8389129638672, 78.63404846191406, 21.806957244873047, 2.9639968872070312], [-779.4734497070312, 624.2579956054688, 679.6416015625, 746.1858520507812, 178.88687133789062, 346.7872009277344, 105.22821807861328, 77.45045471191406, 55.20159149169922, 24.006481170654297, 3.551158905029297, -51.14463424682617, -72.10638427734375], [-2259.45849609375, 226.59251403808594, 213.5074462890625, 178.88687133789062, 344.19598388671875, 246.81459045410156, 186.0136260986328, 52.582481384277344, 11.575065612792969, 30.598495483398438, -11.194244384765625, -7.834400653839111, 3.4934122562408447], [-1732.485595703125, 601.380615234375, 487.9723815917969, 346.7872009277344, 246.81459045410156, 537.979248046875, 317.99560546875, 185.2355499267578, 136.06521606445312, 126.85061645507812, 75.51573944091797, 27.70260238647461, 6.41226863861084], [-1503.8787841796875, 230.90602111816406, 151.3500213623047, 105.22821807861328, 186.0136260986328, 317.99560546875, 311.0011291503906, 147.9326934814453, 71.43081665039062, 88.63572692871094, 61.361671447753906, 32.1320915222168, 20.29157066345215], [-232.49847412109375, 357.64013671875, 124.5305404663086, 77.45045471191406, 52.582481384277344, 185.2355499267578, 147.9326934814453, 185.77439880371094, 129.88917541503906, 91.87169647216797, 71.44165802001953, 43.49787139892578, 13.938145637512207], [283.15191650390625, 423.04547119140625, 188.79061889648438, 55.20159149169922, 11.575065612792969, 136.06521606445312, 71.43081665039062, 129.88917541503906, 205.45677185058594, 129.08544921875, 76.2369384765625, 63.83884811401367, 37.91093826293945], [253.5316162109375, 207.9016876220703, 176.8389129638672, 24.006481170654297, 30.598495483398438, 126.85061645507812, 88.63572692871094, 91.87169647216797, 129.08544921875, 173.25596618652344, 97.81390380859375, 72.77497100830078, 60.2093620300293], [283.02337646484375, 132.85218811035156, 78.63404846191406, 3.551158905029297, -11.194244384765625, 75.51573944091797, 61.361671447753906, 71.44165802001953, 76.2369384765625, 97.81390380859375, 122.78990936279297, 67.93658447265625, 49.047428131103516], [232.7083282470703, 85.32942199707031, 21.806957244873047, -51.14463424682617, -7.834400653839111, 27.70260238647461, 32.1320915222168, 43.49787139892578, 63.83884811401367, 72.77497100830078, 67.93658447265625, 94.79499816894531, 59.43027114868164], [178.6911163330078, 2.676997184753418, 2.9639968872070312, -72.10638427734375, 3.4934122562408447, 6.41226863861084, 20.29157066345215, 13.938145637512207, 37.91093826293945, 60.2093620300293, 49.047428131103516, 59.43027114868164, 92.60774993896484]], "lowlevel.mfcc.icov": [[7.436663145199418e-05, 4.449059269973077e-05, -1.4979000297898892e-05, -8.815804176265374e-05, 0.0003998162574134767, 7.721150177530944e-05, 0.00018809908942785114, -0.000132807603222318, -6.46663538645953e-05, -0.0002135266113327816, 1.433212855772581e-05, -1.8695301378102158e-06, -9.56902586040087e-05], [4.449059269973077e-05, 0.0004225639277137816, -0.00023072415206115693, -5.770835923613049e-05, 0.00011858621292049065, -8.550236816518009e-05, 0.00035365650546737015, -0.0004932436859235168, -0.0006155389710329473, 0.0003340125549584627, -4.6766410378040746e-05, -0.00014388043200597167, 1.4509580068988726e-05], [-1.4979000297898892e-05, -0.00023072415206115693, 0.0021210270933806896, -0.001321929506957531, -0.00014319510955829173, -0.001269652508199215, 0.0008755151648074389, 0.0010660146363079548, -0.0002862288383767009, -0.001538913231343031, 0.00016765494365245104, 8.948270988184959e-05, -0.00034907556255348027], [-8.815804176265374e-05, -5.770835923613049e-05, -0.001321929506957531, 0.0036458519753068686, -0.0010602412512525916, -0.0018177530728280544, 0.0012473729439079762, -0.0005405823467299342, 0.0005478362436406314, 0.001263018581084907, -0.0008898715605027974, 0.0009535214630886912, 0.0018406842136755586], [0.0003998162574134767, 0.00011858621292049065, -0.00014319510955829173, -0.0010602412512525916, 0.007839398458600044, -0.0007298398995772004, -0.0019031066913157701, 0.00042334417230449617, 0.0005328070838004351, -0.0018574633868411183, 0.002946162363514304, -0.00011539199476828799, -0.0019845333881676197], [7.721150177530944e-05, -8.550236816518009e-05, -0.001269652508199215, -0.0018177530728280544, -0.0007298398995772004, 0.00986989215016365, -0.007155782543122768, -0.0006837102118879557, -0.0016762979794293642, -0.00034905524807982147, -0.0004912148579023778, 0.0005422276444733143, 0.00031909847166389227], [0.00018809908942785114, 0.00035365650546737015, 0.0008755151648074389, 0.0012473729439079762, -0.0019031066913157701, -0.007155782543122768, 0.014582488685846329, -0.006540114991366863, 0.0035601742565631866, -0.002044940134510398, -0.0009626441751606762, -3.459619256318547e-05, -0.0006694358889944851], [-0.000132807603222318, -0.0004932436859235168, 0.0010660146363079548, -0.0005405823467299342, 0.00042334417230449617, -0.0006837102118879557, -0.006540114991366863, 0.017631124705076218, -0.007970809005200863, 0.0010763448663055897, -0.0032510270830243826, -0.0006010543438605964, 0.003297048155218363], [-6.46663538645953e-05, -0.0006155389710329473, -0.0002862288383767009, 0.0005478362436406314, 0.0005328070838004351, -0.0016762979794293642, 0.0035601742565631866, -0.007970809005200863, 0.015803474932909012, -0.00749352527782321, 0.0025695955846458673, -0.002515658037737012, -0.00025021357578225434], [-0.0002135266113327816, 0.0003340125549584627, -0.001538913231343031, 0.001263018581084907, -0.0018574633868411183, -0.00034905524807982147, -0.002044940134510398, 0.0010763448663055897, -0.00749352527782321, 0.01952792890369892, -0.0074547054246068, -0.0012932389508932829, -0.0030350780580192804], [1.433212855772581e-05, -4.6766410378040746e-05, 0.00016765494365245104, -0.0008898715605027974, 0.002946162363514304, -0.0004912148579023778, -0.0009626441751606762, -0.0032510270830243826, 0.0025695955846458673, -0.0074547054246068, 0.020450865849852562, -0.007521786727011204, -0.002310896525159478], [-1.8695301378102158e-06, -0.00014388043200597167, 8.948270988184959e-05, 0.0009535214630886912, -0.00011539199476828799, 0.0005422276444733143, -3.45961925