{"song_id": "1183710089023066152", "download": "https://cdn.discordapp.com/attachments/1135911532732108921/1183710089023066152/chirp.mp4?ex=658952ed&amp", "lyrics": "[Verse]\n\u0e43\u0e19\u0e15\u0e32\u0e23\u0e32\u0e07\u0e18\u0e32\u0e15\u0e38 \u0e40\u0e1b\u0e47\u0e19\u0e2a\u0e34\u0e48\u0e07\u0e21\u0e2b\u0e31\u0e28\u0e08\u0e23\u0e23\u0e22\u0e4c\n\u0e41\u0e21\u0e07\u0e01\u0e32\u0e19\u0e35\u0e40\u0e19\u0e35\u0e22\u0e27 \u0e02\u0e27\u0e32\u0e19\u0e2d\u0e31\u0e19\u0e21\u0e2b\u0e32\u0e2a\u0e07\u0e04\u0e23\u0e32\u0e21\n\u0e17\u0e2d\u0e07\u0e04\u0e33\u0e41\u0e25\u0e30\u0e40\u0e07\u0e34\u0e19 \u0e41\u0e08\u0e01\u0e41\u0e08\u0e07\u0e42\u0e2d\u0e48! \u0e19\u0e48\u0e32\u0e1e\u0e34\u0e40\u0e28\u0e29\n\u0e2d\u0e33\u0e19\u0e32\u0e08\u0e41\u0e2b\u0e48\u0e07\u0e18\u0e32\u0e15\u0e38 \u0e15\u0e23\u0e30\u0e01\u0e32\u0e23\u0e15\u0e32\u0e02\u0e2d\u0e07\u0e42\u0e25\u0e01\n\n[Chorus]\n\u0e15\u0e32\u0e23\u0e32\u0e07\u0e18\u0e32\u0e15\u0e38 \u0e17\u0e35\u0e48\u0e17\u0e23\u0e07\u0e1e\u0e25\u0e31\u0e07\n\u0e41\u0e2a\u0e07\u0e2a\u0e30\u0e17\u0e49\u0e2d\u0e19 \u0e18\u0e32\u0e15\u0e38\u0e2d\u0e31\u0e19\u0e25\u0e49\u0e33\u0e04\u0e48\u0e32\n\u0e14\u0e31\u0e07\u0e43\u0e08\u0e40\u0e23\u0e32\u0e2a\u0e27\u0e23\u0e23\u0e04\u0e4c\u0e2a\u0e27\u0e32\u0e17 \u0e2b\u0e27\u0e32\u0e19\u0e2d\u0e31\u0e19\u0e21\u0e2b\u0e31\u0e28", "style": ["random"], "essentia_features": {"lowlevel.average_loudness": 0.9091594815254211, "lowlevel.barkbands_crest.mean": 14.786836624145508, "lowlevel.barkbands_crest.stdev": 5.09108829498291, "lowlevel.barkbands_flatness_db.mean": 0.33935314416885376, "lowlevel.barkbands_flatness_db.stdev": 0.08653572201728821, "lowlevel.barkbands_kurtosis.mean": 29.867294311523438, "lowlevel.barkbands_kurtosis.stdev": 72.65589904785156, "lowlevel.barkbands_skewness.mean": 2.5646543502807617, "lowlevel.barkbands_skewness.stdev": 2.7491323947906494, "lowlevel.barkbands_spread.mean": 4.658888816833496, "lowlevel.barkbands_spread.stdev": 7.621256351470947, "lowlevel.dissonance.mean": 0.31381550431251526, "lowlevel.dissonance.stdev": 0.07634417712688446, "lowlevel.dynamic_complexity": 4.177072048187256, "lowlevel.erbbands_crest.mean": 16.697174072265625, "lowlevel.erbbands_crest.stdev": 5.733597755432129, "lowlevel.erbbands_flatness_db.mean": 0.3101862967014313, "lowlevel.erbbands_flatness_db.stdev": 0.0744706392288208, "lowlevel.erbbands_kurtosis.mean": 11.690303802490234, "lowlevel.erbbands_kurtosis.stdev": 19.393251419067383, "lowlevel.erbbands_skewness.mean": 1.7403870820999146, "lowlevel.erbbands_skewness.stdev": 1.7873128652572632, "lowlevel.erbbands_spread.mean": 13.250983238220215, "lowlevel.erbbands_spread.stdev": 17.615114212036133, "lowlevel.hfc.mean": 8.816305160522461, "lowlevel.hfc.stdev": 8.282134056091309, "lowlevel.loudness_ebu128.integrated": -17.601669311523438, "lowlevel.loudness_ebu128.loudness_range": 4.165872573852539, "lowlevel.loudness_ebu128.momentary.mean": -19.18303108215332, "lowlevel.loudness_ebu128.momentary.stdev": 5.0864996910095215, "lowlevel.loudness_ebu128.short_term.mean": -17.825145721435547, "lowlevel.loudness_ebu128.short_term.stdev": 1.6412969827651978, "lowlevel.melbands_crest.mean": 18.977121353149414, "lowlevel.melbands_crest.stdev": 5.8760247230529785, "lowlevel.melbands_flatness_db.mean": 0.43080592155456543, "lowlevel.melbands_flatness_db.stdev": 0.10122517496347427, "lowlevel.melbands_kurtosis.mean": 60.81968688964844, "lowlevel.melbands_kurtosis.stdev": 377.4029541015625, "lowlevel.melbands_skewness.mean": 2.729896068572998, "lowlevel.melbands_skewness.stdev": 5.157024383544922, "lowlevel.melbands_spread.mean": 5.598854064941406, "lowlevel.melbands_spread.stdev": 6.852962970733643, "lowlevel.pitch_salience.mean": 0.4491557776927948, "lowlevel.pitch_salience.stdev": 0.15075238049030304, "lowlevel.silence_rate_20dB.mean": 1.0, "lowlevel.silence_rate_20dB.stdev": 0.0, "lowlevel.silence_rate_30dB.mean": 0.9988412261009216, "lowlevel.silence_rate_30dB.stdev": 0.03402040898799896, "lowlevel.silence_rate_60dB.mean": 0.11877172440290451, "lowlevel.silence_rate_60dB.stdev": 0.3235189914703369, "lowlevel.spectral_centroid.mean": 423.19305419921875, "lowlevel.spectral_centroid.stdev": 337.5131530761719, "lowlevel.spectral_complexity.mean": 6.012746334075928, "lowlevel.spectral_complexity.stdev": 2.2344777584075928, "lowlevel.spectral_decrease.mean": -6.083440862170164e-09, "lowlevel.spectral_decrease.stdev": 5.1363318043229356e-09, "lowlevel.spectral_energy.mean": 0.023759929463267326, "lowlevel.spectral_energy.stdev": 0.019974371418356895, "lowlevel.spectral_energyband_high.mean": 4.497077316045761e-05, "lowlevel.spectral_energyband_high.stdev": 0.00017733655113261193, "lowlevel.spectral_energyband_low.mean": 0.004506654106080532, "lowlevel.spectral_energyband_low.stdev": 0.007236394565552473, "lowlevel.spectral_energyband_middle_high.mean": 0.002204892225563526, "lowlevel.spectral_energyband_middle_high.stdev": 0.005315294489264488, "lowlevel.spectral_energyband_middle_low.mean": 0.018661068752408028, "lowlevel.spectral_energyband_middle_low.stdev": 0.018743189051747322, "lowlevel.spectral_entropy.mean": 5.616093635559082, "lowlevel.spectral_entropy.stdev": 0.8167706727981567, "lowlevel.spectral_flux.mean": 0.04595359414815903, "lowlevel.spectral_flux.stdev": 0.04281092807650566, "lowlevel.spectral_kurtosis.mean": 45.25096893310547, "lowlevel.spectral_kurtosis.stdev": 37.1522216796875, "lowlevel.spectral_rms.mean": 0.0043570208363235, "lowlevel.spectral_rms.stdev": 0.0020486153662204742, "lowlevel.spectral_rolloff.mean": 568.0242309570312, "lowlevel.spectral_rolloff.stdev": 851.3844604492188, "lowlevel.spectral_skewness.mean": 5.012791156768799, "lowlevel.spectral_skewness.stdev": 2.2161433696746826, "lowlevel.spectral_spread.mean": 2684196.25, "lowlevel.spectral_spread.stdev": 2167781.25, "lowlevel.spectral_strongpeak.mean": 1.2406749725341797, "lowlevel.spectral_strongpeak.stdev": 1.0469067096710205, "lowlevel.zerocrossingrate.mean": 0.021882694214582443, "lowlevel.zerocrossingrate.stdev": 0.021738916635513306, "metadata.audio_properties.analysis.equal_loudness": 0.0, "metadata.audio_properties.analysis.length": 40.04265213012695, "metadata.audio_properties.analysis.sample_rate": 44100.0, "metadata.audio_properties.analysis.start_time": 0.0, "metadata.audio_properties.bit_rate": 114228.0, "metadata.audio_properties.length": 40.042667388916016, "metadata.audio_properties.lossless": 0.0, "metadata.audio_properties.number_channels": 1.0, "metadata.audio_properties.replay_gain": -10.387990951538086, "metadata.audio_properties.sample_rate": 48000.0, "rhythm.beats_count": 70.0, "rhythm.beats_loudness.mean": 0.027191154658794403, "rhythm.beats_loudness.stdev": 0.019780220463871956, "rhythm.bpm": 82.63682556152344, "rhythm.bpm_histogram_first_peak_bpm": 85.0, "rhythm.bpm_histogram_first_peak_weight": 0.5263158082962036, "rhythm.bpm_histogram_second_peak_bpm": 80.0, "rhythm.bpm_histogram_second_peak_spread": 0.16666662693023682, "rhythm.bpm_histogram_second_peak_weight": 0.07246376574039459, "rhythm.danceability": 1.1235870122909546, "rhythm.onset_rate": 2.7462637424468994, "tonal.chords_changes_rate": 0.05787036940455437, "tonal.chords_number_rate": 0.013888888992369175, "tonal.chords_strength.mean": 0.5078845620155334, "tonal.chords_strength.stdev": 0.1039867103099823, "tonal.hpcp_crest.mean": 20.389759063720703, "tonal.hpcp_crest.stdev": 7.982701778411865, "tonal.hpcp_entropy.mean": 1.2093520164489746, "tonal.hpcp_entropy.stdev": 0.626638650894165, "tonal.key_edma.strength": 0.8038814067840576, "tonal.key_krumhansl.strength": 0.7955754399299622, "tonal.key_temperley.strength": 0.7845088243484497, "tonal.tuning_diatonic_strength": 0.5576426982879639, "tonal.tuning_equal_tempered_deviation": 0.07817729562520981, "tonal.tuning_frequency": 441.0177917480469, "tonal.tuning_nontempered_energy_ratio": 0.6677168011665344, "lowlevel.barkbands.mean": [2.447648739689612e-06, 0.0003616126487031579, 0.002746948041021824, 0.0018107476644217968, 0.008402341045439243, 0.004849632736295462, 0.0011246531503275037, 0.001078906818293035, 0.0009437910630367696, 0.0013844576897099614, 0.0005063920398242772, 0.00023106910521164536, 7.263326551765203e-05, 0.00012389977928251028, 3.685925548779778e-05, 1.3259571460366715e-05, 6.400195616151905e-06, 4.669237114285352e-06, 1.2376281119941268e-05, 4.869555596087594e-06, 1.5159602071435074e-06, 2.548133807067643e-06, 1.4701688996865414e-05, 1.4874220141791739e-05, 5.465052709041629e-06, 2.8486883820733055e-06, 7.295787440853019e-08], "lowlevel.barkbands.stdev": [1.0423715139040723e-05, 0.0011799669591709971, 0.004632954951375723, 0.0030393966007977724, 0.01586798019707203, 0.008844342082738876, 0.00199598609469831, 0.002604302018880844, 0.0032374602742493153, 0.004693195223808289, 0.0016497524920850992, 0.0011071000481024384, 0.000304730812786147, 0.0006017378182150424, 0.0001720945438137278, 4.913252269034274e-05, 2.0475506971706636e-05, 1.3016561752010603e-05, 2.768695412669331e-05, 1.7698130250209942e-05, 1.4401107364392374e-05, 2.8012116672471166e-05, 5.226533903623931e-05, 6.957801087992266e-05, 3.203659798600711e-05, 1.7702819604892284e-05, 3.2088391321849485e-07], "lowlevel.erbbands.mean": [0.002065073698759079, 0.14814206957817078, 2.252007484436035, 6.299180030822754, 7.590799808502197, 28.17898178100586, 63.24323272705078, 32.73133850097656, 21.183094024658203, 18.62720489501953, 17.157609939575195, 20.82895278930664, 42.02775192260742, 31.208955764770508, 16.25870132446289, 8.081060409545898, 3.4194579124450684, 6.125575542449951, 3.6244843006134033, 1.2573459148406982, 0.6386319994926453, 0.3789072632789612, 0.22350053489208221, 0.7050333619117737, 0.3520197570323944, 0.22944529354572296, 0.11177146434783936, 0.054539844393730164, 0.07160419970750809, 0.1986047774553299, 0.4553362727165222, 0.4065907895565033, 0.1959315687417984, 0.07724185287952423, 0.03014967404305935, 0.013229644857347012, 0.005402660463005304, 0.0006247012061066926, 2.4722381567698903e-05, 2.705333463381976e-05], "lowlevel.erbbands.stdev": [0.005137004889547825, 0.4146968126296997, 4.037197113037109, 10.948150634765625, 23.063405990600586, 56.56794357299805, 112.25138854980469, 71.92343139648438, 36.952171325683594, 45.33600997924805, 35.9597282409668, 74.53766632080078, 142.7659149169922, 82.16394805908203, 61.5297966003418, 40.887020111083984, 10.287467956542969, 26.113195419311523, 15.269315719604492, 4.685185432434082, 1.8103415966033936, 1.2334227561950684, 0.6011812686920166, 1.655076503753662, 0.7643052339553833, 0.8258355259895325, 0.5849320292472839, 0.7227005958557129, 0.8067104816436768, 1.5769233703613281, 1.4970217943191528, 1.7060339450836182, 0.9494585990905762, 0.4504377245903015, 0.18241074681282043, 0.07473310083150864, 0.03580719605088234, 0.003336960216984153, 7.028635445749387e-05, 2.2200862076715566e-05], "lowlevel.gfcc.mean": [-160.2982177734375, 161.564697265625, -77.28645324707031, -21.003517150878906, -68.95464324951172, -8.005809783935547, -58.77983474731445, -5.709586143493652, -24.426868438720703, -20.287471771240234, -9.31033992767334, -13.136675834655762, -9.423227310180664], "lowlevel.melbands.mean": [5.0644168368307874e-05, 0.0008992123766802251, 0.0010298022534698248, 0.001167957321740687, 0.002196394605562091, 0.0007651728810742497, 0.0002729465486481786, 0.0002179298608098179, 0.0001341054157819599, 0.00013660966942552477, 0.00021643050422426313, 0.00013557796773966402, 5.770849384134635e-05, 3.180006387992762e-05, 1.0423720596008934e-05, 8.173993592208717e-06, 1.220687772729434e-05, 6.791502983105602e-06, 2.6831971808860544e-06, 1.1024079640264972e-06, 6.187269150359498e-07, 4.5168226847636106e-07, 1.5594916646932688e-07, 2.316222094123077e-07, 6.437501269829227e-07, 3.61613359700641e-07, 1.4519520163958077e-07, 1.5721268198376492e-07, 8.990626554350456e-08, 2.9548525404266002e-08, 3.2137744909732646e-08, 3.26624274293863e-08, 6.129004503918623e-08, 1.2482979627748136e-07, 2.369321521200618e-07, 3.1947152479006036e-07, 2.3448245656254585e-07, 1.6350006148968532e-07, 7.691787118346838e-08, 5.881074471858483e-08], "lowlevel.melbands.stdev": [0.00016329351637978107, 0.0015519208973273635, 0.001608652644790709, 0.002464201068505645, 0.003887224942445755, 0.0015232955338433385, 0.00048603423056192696, 0.0005683275521732867, 0.00030197619344107807, 0.0005289192777127028, 0.000746796140447259, 0.00038304892950691283, 0.0001959124783752486, 0.0001559204829391092, 5.006939682061784e-05, 3.537863085512072e-05, 5.60894186492078e-05, 3.4996734029846266e-05, 1.455043184250826e-05, 4.530168553174008e-06, 1.4647444004367571e-06, 1.6822706356833805e-06, 3.8095939203230955e-07, 6.61176841276756e-07, 1.5751784303574823e-06, 8.23176833364414e-07, 4.3892018197766447e-07, 6.297309482761193e-07, 4.3885503941965e-07, 2.981902582632756e-07, 4.957142323291919e-07, 3.995807560386311e-07, 6.464809985118336e-07, 9.454950031795306e-07, 8.258718935394427e-07, 1.0113574262504699e-06, 1.183684503303084e-06, 8.100172976810427e-07, 4.5393022674034e-07, 3.5172001844330225e-07], "lowlevel.melbands128.mean": [1.297320295634563e-06, 1.4731657529409858e-06, 9.100191164179705e-06, 0.00025459739845246077, 0.0008176460396498442, 0.0015193591825664043, 0.0014839760260656476, 0.0006212919251993299, 0.0007025828817859292, 0.0009066137718036771, 0.0014351427089422941, 0.002871435834094882, 0.0024800749961286783, 0.001346109202131629, 0.0007545678527094424, 0.0003839089476969093, 0.00047181660193018615, 0.0002348321577301249, 5.929343024035916e-05, 0.00021024729358032346, 0.0003388255718164146, 0.00012756389332935214, 0.00011487638403195888, 0.0001270908396691084, 9.587460954207927e-05, 0.00018053874373435974, 0.0001346566277788952, 0.0002433905319776386, 0.0002817554632201791, 0.00012149149551987648, 0.00011802373046521097, 8.257267472799867e-05, 3.582454155548476e-05, 6.340439722407609e-05, 3.5703658795682713e-05, 2.4890730855986476e-05, 1.840030017774552e-05, 1.1496472325234208e-05, 3.3336696105834562e-06, 5.34207401869935e-06, 1.098915163311176e-05, 9.510588824923616e-06, 1.127986797655467e-05, 1.525212519482011e-05, 1.1070313121308573e-05, 3.733623316293233e-06, 3.65806340596464e-06, 3.992770416516578e-06, 1.490669319537119e-06, 7.951319389576383e-07, 1.3501964986062376e-06, 1.1110429340988048e-06, 5.737202855016221e-07, 4.810188443116203e-07, 4.5241944235385745e-07, 6.391125566551636e-07, 2.4105102625071595e-07, 1.1762418239413819e-07, 1.4817652527199243e-07, 1.6918581025038293e-07, 1.832486589137261e-07, 2.5886134835673147e-07, 6.428721235351986e-07, 7.74784894019831e-07, 6.399993139893922e-07, 3.6006656500831014e-07, 2.0354863750071672e-07, 1.2320433029344713e-07, 1.46991069982505e-07, 1.4526753489008115e-07, 1.622371144094359e-07, 1.554550408400246e-07, 1.5597576918935374e-07, 6.619241332828096e-08, 3.372664636458467e-08, 3.2098235180910706e-08, 2.5880050102955465e-08, 2.2745691552472636e-08, 4.3010338401927584e-08, 2.801160370324851e-08, 2.729623282959892e-08, 3.3963658552238485e-08, 4.601276515359132e-08, 4.579259638148869e-08, 9.125606936777331e-08, 1.1374160635568842e-07, 1.2916734704049304e-07, 1.6834795246722933e-07, 2.2628347551290062e-07, 2.9073592600070697e-07, 3.63057608865347e-07, 3.4642306445675786e-07, 2.1628581237109756e-07, 2.036538688798828e-07, 2.786784136787901e-07, 2.256894759966599e-07, 1.2764353130023665e-07, 8.860786948616806e-08, 7.149324687816261e-08, 7.27630720120942e-08, 7.533346035870636e-08, 4.891301230713907e-08, 5.2630184654844925e-08, 4.036460055090174e-08, 2.915732721930908e-08, 2.51630662972957e-08, 3.015981775433829e-08, 2.7930461499181547e-08, 2.1495507596114294e-08, 1.7186714273975667e-08, 1.892017920113176e-08, 2.1790201643057117e-08, 2.0311325954480708e-08, 1.2925486458925661e-08, 9.555235713776256e-09, 6.4237424268753784e-09, 2.9428146586241155e-09, 4.055909219591314e-10, 4.438585263222272e-11, 3.946568766233227e-12, 3.718218875153889e-12, 3.5584092096530018e-12, 3.4926356511782997e-12, 3.4277810624649963e-12, 3.3394341979187114e-12, 3.224342234181554e-12, 3.156731386705358e-12, 3.133887463771523e-12], "lowlevel.melbands128.stdev": [5.718736247217748e-06, 6.096741799410665e-06, 2.915433833550196e-05, 0.0008345071692019701, 0.002073594368994236, 0.0026522742118686438, 0.0028348902706056833, 0.0011044193524867296, 0.002789528574794531, 0.003348813159391284, 0.0034589788410812616, 0.006620932836085558, 0.004986858926713467, 0.0030393400229513645, 0.002486555138602853, 0.0010483614169061184, 0.0009625002276152372, 0.0005258274613879621, 0.0001989478914765641, 0.0006304162088781595, 0.0009656348847784102, 0.0004559032677207142, 0.00036476654349826276, 0.0005245641223154962, 0.0004357600410003215, 0.001053066924214363, 0.0006789177423343062, 0.0010966133559122682, 0.001250821864232421, 0.0005383343668654561, 0.0004466800019145012, 0.00034321422572247684, 0.00019039124890696257, 0.0003957430017180741, 0.00020258157746866345, 0.00023521657567471266, 0.00013924464292358607, 6.529975507874042e-05, 1.733222779876087e-05, 2.4594057322246954e-05, 5.692718696082011e-05, 8.018034714041278e-05, 7.218536484288052e-05, 9.59455210249871e-05, 9.477027197135612e-05, 2.1210611521382816e-05, 2.060278166027274e-05, 3.173016375512816e-05, 8.257920853793621e-06, 3.84011082132929e-06, 7.813462616468314e-06, 5.9393364608695265e-06, 1.167229584098095e-06, 1.1152841352668474e-06, 1.7249216170966974e-06, 3.2875682336452883e-06, 6.643800816164003e-07, 3.3170124424941605e-07, 4.973248906026129e-07, 7.297356887647766e-07, 8.677612299834436e-07, 9.319243758909579e-07, 2.0163270164630376e-06, 2.358420260861749e-06, 1.9178478396497667e-06, 9.94523475128517e-07, 6.637487217631133e-07, 3.8128197843434464e-07, 6.1438328202712e-07, 6.180981699799304e-07, 7.660698884137673e-07, 7.220336897262314e-07, 8.497969474774436e-07, 3.109883266461111e-07, 2.1968898522573e-07, 3.6038542816640984e-07, 2.9519418376366957e-07, 3.372941250745498e-07, 7.681637725909241e-07, 3.8485677578137256e-07, 3.770270211589377e-07, 4.2344163375673816e-07, 5.652784693666035e-07, 4.483945019728708e-07, 1.0468450000189478e-06, 1.2132502433814807e-06, 9.313901045970852e-07, 8.678833296471566e-07, 8.162528501998167e-07, 9.010099688566697e-07, 1.2801367574866163e-06, 9.98340624391858e-07, 1.0688780776035856e-06, 1.0976674502671813e-06, 1.6889252947294153e-06, 1.1839024409709964e-06, 5.856349503119418e-07, 5.067410029369057e-07, 4.0018133518060495e-07, 5.248986099104513e-07, 4.6278339027594484e-07, 2.869562649721047e-07, 3.985212515544845e-07, 2.4705741452635266e-07, 2.1137260830528248e-07, 1.6419353698893246e-07, 1.9414001428685879e-07, 1.6137207126121211e-07, 1.0905448988296484e-07, 1.0994573784728345e-07, 1.9586003929816798e-07, 1.6558674076350144e-07, 1.297815686029935e-07, 8.663872108627402e-08, 4.6845165968534275e-08, 3.448397833949457e-08, 1.4626605704393114e-08, 3.0376399173803748e-09, 7.433188509153865e-10, 1.0710505399247339e-11, 6.868014837402292e-12, 5.637696472854392e-12, 5.52699596159667e-12, 5.430977716158747e-12, 5.353953825421032e-12, 5.289282466874878e-12, 5.243108898433935e-12, 5.214680683790496e-12], "lowlevel.mfcc.mean": [-827.0204467773438, 208.17770385742188, 32.0714225769043, -9.480751991271973, 7.0221452713012695, -20.84676170349121, -16.9344539642334, -6.228133678436279, -23.62114143371582, -0.5198655724525452, -21.52300453186035, -12.133577346801758, -8.259227752685547], "lowlevel.spectral_contrast_coeffs.mean": [-0.507265567779541, -0.6455260515213013, -0.7116455435752869, -0.7976689338684082, -0.80137038230896, -0.8217626214027405], "lowlevel.spectral_contrast_coeffs.stdev": [0.10880507528781891, 0.07955021411180496, 0.09507997334003448, 0.05847945436835289, 0.04496638849377632, 0.052923157811164856], "lowlevel.spectral_contrast_valleys.mean": [-8.288476943969727, -7.7390570640563965, -8.893735885620117, -9.522492408752441, -10.405028343200684, -12.709000587463379], "lowlevel.spectral_contrast_valleys.stdev": [1.0881397724151611, 1.0039124488830566, 1.0725778341293335, 0.9211370348930359, 1.176794171333313, 1.2589668035507202], "rhythm.beats_loudness_band_ratio.mean": [0.33671408891677856, 0.48322421312332153, 0.1734110713005066, 0.06914634257555008, 0.006864098832011223, 0.0014678786974400282], "rhythm.beats_loudness_band_ratio.stdev": [0.3025858998298645, 0.29035985469818115, 0.16500252485275269, 0.13499607145786285, 0.017454205080866814, 0.001908506965264678], "tonal.hpcp.mean": [0.0118342824280262, 0.014377511106431484, 0.035021454095840454, 0.05452423170208931, 0.04372280463576317, 0.06073026731610298, 0.08680874109268188, 0.056254126131534576, 0.07649262994527817, 0.1164400726556778, 0.09515804052352905, 0.16743166744709015, 0.24280840158462524, 0.13372959196567535, 0.030790671706199646, 0.03794126585125923, 0.05857681483030319, 0.1421092301607132, 0.18660253286361694, 0.09645576775074005, 0.03333691135048866, 0.022974733263254166, 0.018397890031337738, 0.054409708827733994, 0.07791776210069656, 0.048684414476156235, 0.03844349458813667, 0.03902052342891693, 0.027561906725168228, 0.03520692139863968, 0.04562409222126007, 0.03902268409729004, 0.17300204932689667, 0.28136125206947327, 0.133910670876503, 0.015337221324443817], "tonal.hpcp.stdev": [0.0675150603055954, 0.07545845955610275, 0.1233670637011528, 0.1765579730272293, 0.1513175517320633, 0.18927273154258728, 0.2644503116607666, 0.1810966581106186, 0.190181702375412, 0.24365288019180298, 0.22461460530757904, 0.28118687868118286, 0.39753255248069763, 0.2475295215845108, 0.13354206085205078, 0.1489705890417099, 0.2018401026725769, 0.2630252242088318, 0.33663269877433777, 0.20687903463840485, 0.15653523802757263, 0.12612608075141907, 0.10356935858726501, 0.16911964118480682, 0.21362780034542084, 0.16352315247058868, 0.14383944869041443, 0.13618268072605133, 0.10504145920276642, 0.1472557932138443, 0.17416372895240784, 0.14872519671916962, 0.2481970489025116, 0.3905717730522156, 0.21403193473815918, 0.08511389046907425], "rhythm.beats_position": [0.3482993245124817, 0.7082086205482483, 1.0797278881072998, 1.4628571271896362, 1.8459863662719727, 2.2291154861450195, 2.623854875564575, 3.0650339126586914, 3.494603157043457, 3.9357821941375732, 4.3769612312316895, 4.841360569000244, 5.305759429931641, 5.770158767700195, 6.222947597503662, 6.687346935272217, 7.140135765075684, 7.592925071716309, 8.045714378356934, 8.510112762451172, 8.916461944580078, 9.3228120803833, 9.717551231384277, 10.123900413513184, 10.54185962677002, 10.959818840026855, 11.377777099609375, 11.888616561889648, 12.387845993041992, 12.88707447052002, 13.409523963928223, 13.955192565917969, 14.500861167907715, 15.116189956665039, 15.696688652038574, 16.28879737854004, 16.88090705871582, 17.47301483154297, 18.07673454284668, 18.692062377929688, 19.2957820892334, 19.899499893188477, 20.503219604492188, 21.08371925354004, 21.675827026367188, 22.372425079345703, 23.08063507080078, 23.788843154907227, 24.497051239013672, 25.19365119934082, 25.913469314575195, 26.6448974609375, 27.376325607299805, 28.10775375366211, 28.850793838500977, 29.60544204711914, 30.383310317993164, 31.137958526611328, 31.846166610717773, 32.55437469482422, 33.274192810058594, 33.98240280151367, 34.69061279296875, 35.410430908203125, 36.15346908569336, 36.90811538696289, 37.66276550292969, 38.417415618896484, 39.16045379638672, 39.89188003540039], "rhythm.bpm_histogram": [0.0, 0.0, 0.0, 0.0, 0.0, 0.0, 0.0, 0.0, 0.0, 0.0, 0.0, 0.0, 0.0, 0.0, 0.0, 0.0, 0.0, 0.0, 0.0, 0.0, 0.0, 0.0, 0.0, 0.0, 0.0, 0.0, 0.0, 0.0, 0.0, 0.0, 0.0, 0.0, 0.0, 0.0, 0.0, 0.0, 0.0, 0.0, 0.0, 0.0, 0.0, 0.0, 0.0, 0.0, 0.0, 0.0, 0.0, 0.0, 0.0, 0.0, 0.0, 0.0, 0.0, 0.0, 0.0, 0.0, 0.0, 0.0, 0.0, 0.0, 0.0, 0.0, 0.0, 0.0, 0.0, 0.0, 0.0, 0.0, 0.0, 0.0, 0.0, 0.0, 0.0, 0.0, 0.0, 0.0, 0.0, 0.014492753893136978, 0.0, 0.0, 0.07246376574039459, 0.043478261679410934, 0.05797101557254791, 0.043478261679410934, 0.0, 0.10144927352666855, 0.028985507786273956, 0.0, 0.0, 0.0, 0.0, 0.0, 0.0, 0.0, 0.0, 0.0, 0.0, 0.0, 0.028985507786273956, 0.05797101557254791, 0.0, 0.05797101557254791, 0.0, 0.028985507786273956, 0.0, 0.0, 0.0, 0.0, 0.0, 0.0, 0.028985507786273956, 0.0, 0.0, 0.0, 0.0, 0.014492753893136978, 0.0, 0.014492753893136978, 0.0, 0.0, 0.028985507786273956, 0.0, 0.0, 0.0, 0.0, 0.0, 0.0, 0.0, 0.0, 0.07246376574039459, 0.0, 0.0, 0.0, 0.05797101557254791, 0.0, 0.0, 0.043478261679410934, 0.0, 0.0, 0.0, 0.014492753893136978, 0.0, 0.0, 0.0, 0.043478261679410934, 0.0, 0.0, 0.0, 0.043478261679410934, 0.0, 0.0, 0.0, 0.028985507786273956, 0.0, 0.0, 0.0, 0.0, 0.043478261679410934, 0.0, 0.0, 0.0, 0.014492753893136978, 0.0, 0.0, 0.0, 0.0, 0.0, 0.014492753893136978, 0.0, 0.0, 0.0, 0.0, 0.0, 0.0, 0.0, 0.0, 0.0, 0.0, 0.0, 0.0, 0.0, 0.0, 0.0, 0.0, 0.0, 0.0, 0.0, 0.0, 0.0, 0.0, 0.0, 0.0, 0.0, 0.0, 0.0, 0.0, 0.0, 0.0, 0.0, 0.0, 0.0, 0.0, 0.0, 0.0, 0.0, 0.0, 0.0, 0.0, 0.0, 0.0, 0.0, 0.0, 0.0, 0.0, 0.0, 0.0, 0.0, 0.0, 0.0, 0.0, 0.0, 0.0, 0.0, 0.0, 0.0, 0.0, 0.0, 0.0, 0.0, 0.0, 0.0, 0.0, 0.0, 0.0, 0.0, 0.0, 0.0, 0.0, 0.0, 0.0, 0.0, 0.0, 0.0, 0.0, 0.0, 0.0, 0.0, 0.0, 0.0, 0.0], "tonal.chords_histogram": [8.101851463317871, 13.773148536682129, 38.425926208496094, 6.481481552124023, 2.1990740299224854, 0.0, 0.0, 0.3472222089767456, 0.0, 0.0, 1.6203703880310059, 0.0, 0.0, 1.3888888359069824, 0.0, 0.0, 0.0, 3.472222328186035, 0.0, 1.3888888359069824, 3.2407407760620117, 3.935185194015503, 0.0, 15.625], "tonal.thpcp": [1.0, 0.4759385585784912, 0.054510779678821564, 0.04206081107258797, 0.05109982565045357, 0.12447149306535721, 0.19378727674484253, 0.15539738535881042, 0.21584445238113403, 0.308531254529953, 0.19993558526039124, 0.2718662619590759, 0.4138454496860504, 0.33820590376853943, 0.5950772166252136, 0.8629773855209351, 0.47529497742652893, 0.10943465679883957, 0.1348489373922348, 0.20819076895713806, 0.5050774812698364, 0.663213312625885, 0.3428182303905487, 0.11848437041044235, 0.08165564388036728, 0.06538885831832886, 0.19338025152683258, 0.27693137526512146, 0.17303170263767242, 0.13663393259048462, 0.13868477940559387, 0.09795913845300674, 0.12513066828250885, 0.16215485334396362, 0.1386924535036087, 0.6148751974105835], "lowlevel.gfcc.cov": [[10453.9453125, -2223.760498046875, -805.4567260742188, -381.6929016113281, -1557.517333984375, 533.6631469726562, -363.97625732421875, 136.75555419921875, -1207.0927734375, -323.8529968261719, 168.83694458007812, -131.28233337402344, -551.4673461914062], [-2223.760498046875, 2743.541748046875, 432.6590576171875, -120.30258178710938, 998.3699340820312, -505.0213317871094, 174.75230407714844, -134.08407592773438, 706.31005859375, -65.56656646728516, -189.7435760498047, -216.5651092529297, 235.00814819335938], [-805.4567260742188, 432.6590576171875, 846.7952880859375, 277.06982421875, 190.99696350097656, -17.132556915283203, 38.283058166503906, -17.023496627807617, 193.5946044921875, 47.58436965942383, -106.31631469726562, 50.91012191772461, 29.701818466186523], [-381.6929016113281, -120.30258178710938, 277.06982421875, 517.3720092773438, 193.1320343017578, 77.26175689697266, 51.485225677490234, 111.50704956054688, 138.62071228027344, 119.69293212890625, -65.44349670410156, -39.24583053588867, -12.917084693908691], [-1557.517333984375, 998.3699340820312, 190.99696350097656, 193.1320343017578, 794.204833984375, -63.251853942871094, 169.9222412109375, 77.81029510498047, 404.2615661621094, 83.57551574707031, -166.65428161621094, -122.93282318115234, 72.0242691040039], [533.6631469726562, -505.0213317871094, -17.132556915283203, 77.26175689697266, -63.251853942871094, 379.4190673828125, 147.39517211914062, 108.3406982421875, -130.8201904296875, 53.39527893066406, 19.90183448791504, -8.87104606628418, -110.88458251953125], [-363.97625732421875, 174.75230407714844, 38.283058166503906, 51.485225677490234, 169.9222412109375, 147.39517211914062, 319.33624267578125, 103.82991027832031, 42.88096618652344, 44.82270431518555, 14.722244262695312, -39.922061920166016, -48.461326599121094], [136.75555419921875, -134.08407592773438, -17.023496627807617, 111.50704956054688, 77.81029510498047, 108.3406982421875, 103.82991027832031, 238.1260528564453, 48.707340240478516, 46.38235092163086, -23.54613494873047, -14.598001480102539, -52.32204818725586], [-1207.0927734375, 706.31005859375, 193.5946044921875, 138.62071228027344, 404.2615661621094, -130.8201904296875, 42.88096618652344, 48.707340240478516, 417.3328552246094, 83.66678619384766, -92.7099838256836, -37.78018569946289, 84.79105377197266], [-323.8529968261719, -65.56656646728516, 47.58436965942383, 119.69293212890625, 83.57551574707031, 53.39527893066406, 44.82270431518555, 46.38235092163086, 83.66678619384766, 145.56678771972656, -0.12819549441337585, -7.794196605682373, -16.996259689331055], [168.83694458007812, -189.7435760498047, -106.31631469726562, -65.44349670410156, -166.65428161621094, 19.90183448791504, 14.722244262695312, -23.54613494873047, -92.7099838256836, -0.12819549441337585, 145.25946044921875, 24.347402572631836, -11.66331958770752], [-131.28233337402344, -216.5651092529297, 50.91012191772461, -39.24583053588867, -122.93282318115234, -8.87104606628418, -39.922061920166016, -14.598001480102539, -37.78018569946289, -7.794196605682373, 24.347402572631836, 152.9196319580078, 38.99941635131836], [-551.4673461914062, 235.00814819335938, 29.701818466186523, -12.917084693908691, 72.0242691040039, -110.88458251953125, -48.461326599121094, -52.32204818725586, 84.79105377197266, -16.996259689331055, -11.66331958770752, 38.99941635131836, 141.57936096191406]], "lowlevel.gfcc.icov": [[0.00024109425430651754, -0.0002526740136090666, 0.00015752615581732243, -0.00016031530685722828, 0.0004799595335498452, -0.0003373610961716622, 0.00044684711610898376, -0.0003614937886595726, 0.00045985454926267266, 0.00013573680189438164, 0.00023796161985956132, 0.000148547682329081, 0.000541377579793334], [-0.0002526740136090666, 0.003094176994636655, -0.0015303760301321745, 0.002225310541689396, -0.00229504588060081, 0.0024102746974676847, -0.002193563152104616, 0.0012888702331110835, -0.002822642680257559, 0.0017737803282216191, -0.0007753373356536031, 0.003072053659707308, -0.0018221085192635655], [0.00015752615581732243, -0.0015303760301321745, 0.0026778033934533596, -0.002200637012720108, 0.0013402769109234214, -0.0012557529844343662, 0.0005752330180257559, 0.00042875148938037455, 0.0005266284570097923, -0.0002898277307394892, 0.0014469701563939452, -0.002822869922965765, 0.001627927296794951], [-0.00016031530685722828, 0.002225310541689396, -0.002200637012720108, 0.0050172097980976105, -0.0018799413228407502, 0.0012771334731951356, -0.0008811095030978322, -0.0005014025955460966, -0.0017387806437909603, -0.0007647968595847487, -0.00042094086529687047, 0.00341614568606019, -0.001955266110599041], [0.0004799595335498452, -0.00229504588060081, 0.0013402769109234214, -0.0018799413228407502, 0.0061074416153132915, -0.00194821588229388, 2.8162894523120485e-05, -0.0009796785889193416, -0.00019289873307570815, -0.001169849536381662, 0.003579606767743826, 0.00014645354531239718, 0.0004707667394541204], [-0.0003373610961716622, 0.0024102746974676847, -0.0012557529844343662, 0.0012771334731951356, -0.00194821588229388, 0.007178477011620998, -0.0037736028898507357, 0.00010390578245278448, -0.00010877109889406711, -0.0005416142521426082, 1.9747029000427574e-05, 0.0016974275931715965, -4.075288597960025e-05], [0.00044684711610898376, -0.002193563152104616, 0.0005752330180257559, -0.0008811095030978322, 2.8162894523120485e-05, -0.0037736028898507357, 0.007611318491399288, -0.002747228601947427, 0.0024294399190694094, -0.0007410037214867771, -0.0020544473081827164, -0.0013496901374310255, 0.0024593803100287914], [-0.0003614937886595726, 0.0012888702331110835, 0.00042875148938037455, -0.0005014025955460966, -0.0009796785889193416, 0.00010390578245278448, -0.002747228601947427, 0.00759297888725996, -0.0031588678248226643, 0.0008980033453553915, 0.0007341371383517981, -0.000636366952676326, 0.0009977195877581835], [0.00045985454926267266, -0.002822642680257559, 0.0005266284570097923, -0.0017387806437909603, -0.00019289873307570815, -0.00010877109889406711, 0.0024294399190694094, -0.0031588678248226643, 0.010115849785506725, -0.004508639220148325, 0.001189107308164239, -0.001952613703906536, -7.924197416286916e-05], [0.00013573680189438164, 0.0017737803282216191, -0.0002898277307394892, -0.0007647968595847487, -0.001169849536381662, -0.0005416142521426082, -0.0007410037214867771, 0.0008980033453553915, -0.004508639220148325, 0.012327573262155056, -0.002344542881473899, 0.0009410015773028135, 0.0015523346373811364], [0.00023796161985956132, -0.0007753373356536031, 0.0014469701563939452, -0.00042094086529687047, 0.003579606767743826, 1.9747029000427574e-05, -0.0020544473081827164, 0.0007341371383517981, 0.001189107308164239, -0.002344542881473899, 0.011757668107748032, -0.0007196464575827122, -0.0001923288800753653], [0.000148547682329081, 0.003072053659707308, -0.002822869922965765, 0.00341614568606019, 0.00014645354531239718, 0.0016974275931715965, -0.0013496901374310255, -0.000636366952676326, -0.001952613703906536, 0.0009410015773028135, -0.0007196464575827122, 0.013751612976193428, -0.005623994395136833], [0.000541377579793334, -0.0018221085192635655, 0.001627927296794951, -0.001955266110599041, 0.0004707667394541204, -4.075288597960025e-05, 0.0024593803100287914, 0.0009977195877581835, -7.924197416286916e-05, 0.0015523346373811364, -0.0001923288800753653, -0.005623994395136833, 0.014382801949977875]], "lowlevel.mfcc.cov": [[9409.462890625, -2024.5743408203125, -79.00865173339844, -1055.8763427734375, -621.8406982421875, -633.349365234375, 669.6181640625, 63.87389373779297, -1345.8443603515625, 730.63916015625, -706.6954345703125, -455.704833984375, -393.1328125], [-2024.5743408203125, 2927.568603515625, -230.30618286132812, 356.8150329589844, 353.5077819824219, 122.18323516845703, -473.4281921386719, -80.30589294433594, 657.0780639648438, -392.6625671386719, 273.239990234375, 158.78909301757812, 144.3096160888672], [-79.00865173339844, -230.30618286132812, 670.8580322265625, 130.7530975341797, -26.908716201782227, 97.28660583496094, -11.970317840576172, 55.50074768066406, -20.989116668701172, -3.20001220703125, 0.41245174407958984, 53.03155517578125, 29.013071060180664], [-1055.8763427734375, 356.8150329589844, 130.7530975341797, 540.669677734375, 251.42373657226562, 142.48023986816406, -119.57117462158203, 4.249834060668945, 392.22613525390625, -107.03624725341797, 242.14657592773438, 142.05091857910156, 102.64472198486328], [-621.8406982421875, 353.5077819824219, -26.908716201782227, 251.42373657226562, 389.0352783203125, 100.0123519897461, -104.18040466308594, -9.564666748046875, 338.0993347167969, -43.38313293457031, 174.98960876464844, 72.0536880493164, 45.58578872680664], [-633.349365234375, 122.18323516845703, 97.28660583496094, 142.48023986816406, 100.0123519897461, 283.0591125488281, 41.43781280517578, 22.194562911987305, 184.9675750732422, -7.977498531341553, 140.82566833496094, 72.38568878173828, 30.208980560302734], [669.6181640625, -473.4281921386719, -11.970317840576172, -119.57117462158203, -104.18040466308594, 41.43781280517578, 421.17236328125, 106.34418487548828, -146.6833038330078, 216.72764587402344, -16.33439064025879, -6.669995307922363, -10.373395919799805], [63.87389373779297, -80.30589294433594, 55.50074768066406, 4.249834060668945, -9.564666748046875, 22.194562911987305, 106.34418487548828, 197.1546630859375, 33.38740539550781, 75.16117858886719, 12.046507835388184, 28.505887985229492, 45.1424446105957], [-1345.8443603515625, 657.0780639648438, -20.989116668701172, 392.22613525390625, 338.0993347167969, 184.9675750732422, -146.6833038330078, 33.38740539550781, 621.7437744140625, -116.5701904296875, 293.9291076660156, 152.9120635986328, 141.10166931152344], [730.63916015625, -392.6625671386719, -3.20001220703125, -107.03624725341797, -43.38313293457031, -7.977498531341553, 216.72764587402344, 75.16117858886719, -116.5701904296875, 280.9195251464844, -2.312021017074585, -10.022192001342773, -2.605175256729126], [-706.6954345703125, 273.239990234375, 0.41245174407958984, 242.14657592773438, 174.98960876464844, 140.82566833496094, -16.33439064025879, 12.046507835388184, 293.9291076660156, -2.312021017074585, 286.6877746582031, 125.55876159667969, 96.87635803222656], [-455.704833984375, 158.78909301757812, 53.03155517578125, 142.05091857910156, 72.0536880493164, 72.38568878173828, -6.669995307922363, 28.505887985229492, 152.9120635986328, -10.022192001342773, 125.55876159667969, 157.137939453125, 77.43524169921875], [-393.1328125, 144.3096160888672, 29.013071060180664, 102.64472198486328, 45.58578872680664, 30.208980560302734, -10.373395919799805, 45.1424446105957, 141.10166931152344, -2.605175256729126, 96.87635803222656, 77.43524169921875, 153.28509521484375]], "lowlevel.mfcc.icov": [[0.00020418774511199445, 5.861890258529456e-06, -4.867130337515846e-05, 6.297814979916438e-05, -6.917947757756338e-05, 0.0002859770611394197, -0.00010644204303389415, 1.4588226804335136e-05, 0.00015089711814653128, -0.00035442199441604316, 6.320190732367337e-05, 0.00012502309982664883, 0.000189890488400124], [5.861890258529456e-06, 0.0005625241319648921, 0.00018686617841012776, 0.00015897752018645406, -3.629863931564614e-05, -4.5640601456398144e-05, 0.0003209303831681609, -4.27709128416609e-05, -0.0003730331372935325, 0.00042751681758090854, -8.948970207711682e-05, -0.00018808676395565271, -0.00010005012882174924], [-4.867130337515846e-05, 0.00018686617841012776, 0.002058521145954728, -0.000927838496863842, 0.0001961956877494231, -0.0011402596719563007, 0.000664947961922735, -0.0006556296139024198, 0.0006988341920077801, -1.255033475899836e-05, 0.000690316956024617, -0.0006245612748898566, -0.0004288873169571161], [6.297814979916438e-05, 0.00015897752018645406, -0.000927838496863842, 0.00461971340700984, -0.000948768516536802, 0.0004152361652813852, -6.797687092330307e-05, 0.00020126889285165817, -0.001396931940689683, 0.001048196805641055, -0.0017433676403015852, -0.0008495196816511452, 6.508555088657886e-05], [-6.917947757756338e-05, -3.629863931564614e-05, 0.0001961956877494231, -0.000948768516536802, 0.005636253859847784, -7.535023178206757e-05, 0.0007672033971175551, 0.0004293864476494491, -0.0027904005255550146, -0.0012039360590279102, -0.0004993441398255527, 0.0003861818113364279, 0.0013877262827008963], [0.0002859770611394197, -4.5640601456398144e-05, -0.0011402596719563007, 0.0004152361652813852, -7.535023178206757e-05, 0.006316806189715862, -0.00172990036662668, 0.0002764861274044961, -0.0012808511964976788, 0.00022957604960538447, -0.0020011928863823414, -0.00014883370022289455, 0.0018160929903388023], [-0.00010644204303389415, 0.0003209303831681609, 0.000664947961922735, -6.797687092330307e-05, 0.0007672033971175551, -0.00172990036662668, 0.005206587724387646, -0.0016787420026957989, 0.0006768471794202924, -0.0025275126099586487, -0.00030843241256661713, -0.00042127695633098483, 4.577199797495268e-05], [1.4588226804335136e-05, -4.27709128416609e-05, -0.0006556296139024198, 0.00020126889285165817, 0.0004293864476494491, 0.0002764861274044961, -0.0016787420026957989, 0.007253257557749748, -0.0016859023598954082, -0.0013196240179240704, 0.0015885664615780115, -0.0005232060793787241, -0.0015750681050121784], [0.00015089711814653128, -0.0003730331372935325, 0.0006988341920077801, -0.001396931940689683, -0.0027904005255550146, -0.0012808511964976788, 0.0006768471794202924, -0.0016859023598954082, 0.007026872131973505, 0.0009016256080940366, -0.002188490703701973, -6.37016273685731e-05, -0.0018717978382483125], [-0.00035442199441604316, 0.00042751681758090854, -1.255033475899836e-05, 0.001048196805641055, -0.0012039360590279102, 0.00022957604960538447, -0.0025275126099586487, -0.0013196240179240704, 0.0009016256080940366, 0.00794894713908434, -0.00221628462895751, -5.6540502555435523e-05, -0.0007462358917109668], [6.320190732367337e-05, -8.948970207711682e-05, 0.000690316956024617, -0.0017433676403015852, -0.0004993441398255527, -0.002001192886