{"song_id": "1183698832811376701", "download": "https://cdn.discordapp.com/attachments/1135903449314238464/1183698832811376701/chirp.mp4?ex=65894871&amp", "lyrics": "(Verse 1)\nI am Ismail Haniyeh, living in luxury,\nIn my Qatar villa, that's the life for me.\nWhile Gaza's kids hungry, and their futures fade,\nI'm dining on caviar, in my golden parade.\n\n(Chorus)\nHaniyeh, Haniyeh, let me make it clear,\nI live without guilt, have no reason to fear.\nAs Gaza's young ones starve and cry,\nI'm in opulence, under the desert sky.\n\n(Verse 2)\nI count my riches, while they count their tears,\nIn their darkest hours, I feed on their fears.\nI say I'm a leader, a guiding star,\nBut in reality, I've strayed very far.", "style": ["hip hop</span><span>, rap</span><span>, middle eastern"], "essentia_features": {"lowlevel.average_loudness": 0.907084047794342, "lowlevel.barkbands_crest.mean": 16.218177795410156, "lowlevel.barkbands_crest.stdev": 6.517186164855957, "lowlevel.barkbands_flatness_db.mean": 0.21026988327503204, "lowlevel.barkbands_flatness_db.stdev": 0.10207172483205795, "lowlevel.barkbands_kurtosis.mean": 38.68280792236328, "lowlevel.barkbands_kurtosis.stdev": 82.14623260498047, "lowlevel.barkbands_skewness.mean": 3.6808269023895264, "lowlevel.barkbands_skewness.stdev": 4.139678478240967, "lowlevel.barkbands_spread.mean": 24.972381591796875, "lowlevel.barkbands_spread.stdev": 25.899581909179688, "lowlevel.dissonance.mean": 0.46981391310691833, "lowlevel.dissonance.stdev": 0.024207571521401405, "lowlevel.dynamic_complexity": 2.8483896255493164, "lowlevel.erbbands_crest.mean": 9.284296989440918, "lowlevel.erbbands_crest.stdev": 4.001958847045898, "lowlevel.erbbands_flatness_db.mean": 0.14044244587421417, "lowlevel.erbbands_flatness_db.stdev": 0.05114934965968132, "lowlevel.erbbands_kurtosis.mean": 0.3342818319797516, "lowlevel.erbbands_kurtosis.stdev": 2.922541856765747, "lowlevel.erbbands_skewness.mean": -0.06533205509185791, "lowlevel.erbbands_skewness.stdev": 0.9760019779205322, "lowlevel.erbbands_spread.mean": 60.96025466918945, "lowlevel.erbbands_spread.stdev": 30.743547439575195, "lowlevel.hfc.mean": 34.37644958496094, "lowlevel.hfc.stdev": 43.709747314453125, "lowlevel.loudness_ebu128.integrated": -15.054107666015625, "lowlevel.loudness_ebu128.loudness_range": 5.74699592590332, "lowlevel.loudness_ebu128.momentary.mean": -15.861204147338867, "lowlevel.loudness_ebu128.momentary.stdev": 2.8902862071990967, "lowlevel.loudness_ebu128.short_term.mean": -15.320056915283203, "lowlevel.loudness_ebu128.short_term.stdev": 2.0242908000946045, "lowlevel.melbands_crest.mean": 21.40920639038086, "lowlevel.melbands_crest.stdev": 8.530072212219238, "lowlevel.melbands_flatness_db.mean": 0.2819747030735016, "lowlevel.melbands_flatness_db.stdev": 0.13177943229675293, "lowlevel.melbands_kurtosis.mean": 115.19026947021484, "lowlevel.melbands_kurtosis.stdev": 208.66543579101562, "lowlevel.melbands_skewness.mean": 6.730915546417236, "lowlevel.melbands_skewness.stdev": 5.973941802978516, "lowlevel.melbands_spread.mean": 24.038612365722656, "lowlevel.melbands_spread.stdev": 36.96992874145508, "lowlevel.pitch_salience.mean": 0.37870970368385315, "lowlevel.pitch_salience.stdev": 0.21168169379234314, "lowlevel.silence_rate_20dB.mean": 0.9159907102584839, "lowlevel.silence_rate_20dB.stdev": 0.2774044871330261, "lowlevel.silence_rate_30dB.mean": 0.7763615250587463, "lowlevel.silence_rate_30dB.stdev": 0.41668424010276794, "lowlevel.silence_rate_60dB.mean": 0.05330243334174156, "lowlevel.silence_rate_60dB.stdev": 0.22463560104370117, "lowlevel.spectral_centroid.mean": 1667.9332275390625, "lowlevel.spectral_centroid.stdev": 1082.448486328125, "lowlevel.spectral_complexity.mean": 12.459444046020508, "lowlevel.spectral_complexity.stdev": 10.088037490844727, "lowlevel.spectral_decrease.mean": -2.2195600024588202e-08, "lowlevel.spectral_decrease.stdev": 3.109665058786959e-08, "lowlevel.spectral_energy.mean": 0.08688937872648239, "lowlevel.spectral_energy.stdev": 0.11744251102209091, "lowlevel.spectral_energyband_high.mean": 0.002474095206707716, "lowlevel.spectral_energyband_high.stdev": 0.004273024387657642, "lowlevel.spectral_energyband_low.mean": 0.07576093822717667, "lowlevel.spectral_energyband_low.stdev": 0.11714146286249161, "lowlevel.spectral_energyband_middle_high.mean": 0.002507764147594571, "lowlevel.spectral_energyband_middle_high.stdev": 0.0037758336402475834, "lowlevel.spectral_energyband_middle_low.mean": 0.006215245462954044, "lowlevel.spectral_energyband_middle_low.stdev": 0.009950758889317513, "lowlevel.spectral_entropy.mean": 7.694809436798096, "lowlevel.spectral_entropy.stdev": 0.5671220421791077, "lowlevel.spectral_flux.mean": 0.11727295070886612, "lowlevel.spectral_flux.stdev": 0.10400152951478958, "lowlevel.spectral_kurtosis.mean": 3.502904176712036, "lowlevel.spectral_kurtosis.stdev": 2.6759560108184814, "lowlevel.spectral_rms.mean": 0.007484327536076307, "lowlevel.spectral_rms.stdev": 0.005362363997846842, "lowlevel.spectral_rolloff.mean": 2373.55712890625, "lowlevel.spectral_rolloff.stdev": 3796.92041015625, "lowlevel.spectral_skewness.mean": 1.3472003936767578, "lowlevel.spectral_skewness.stdev": 0.4590144157409668, "lowlevel.spectral_spread.mean": 6322533.5, "lowlevel.spectral_spread.stdev": 3294697.0, "lowlevel.spectral_strongpeak.mean": 0.7274784445762634, "lowlevel.spectral_strongpeak.stdev": 0.7709534168243408, "lowlevel.zerocrossingrate.mean": 0.08014772087335587, "lowlevel.zerocrossingrate.stdev": 0.09275507181882858, "metadata.audio_properties.analysis.equal_loudness": 0.0, "metadata.audio_properties.analysis.length": 40.04265213012695, "metadata.audio_properties.analysis.sample_rate": 44100.0, "metadata.audio_properties.analysis.start_time": 0.0, "metadata.audio_properties.bit_rate": 127454.0, "metadata.audio_properties.length": 40.042667388916016, "metadata.audio_properties.lossless": 0.0, "metadata.audio_properties.number_channels": 1.0, "metadata.audio_properties.replay_gain": -9.930906295776367, "metadata.audio_properties.sample_rate": 48000.0, "rhythm.beats_count": 86.0, "rhythm.beats_loudness.mean": 0.13298335671424866, "rhythm.beats_loudness.stdev": 0.13919378817081451, "rhythm.bpm": 129.94656372070312, "rhythm.bpm_histogram_first_peak_bpm": 129.0, "rhythm.bpm_histogram_first_peak_weight": 0.25, "rhythm.bpm_histogram_second_peak_bpm": 117.0, "rhythm.bpm_histogram_second_peak_spread": 0.25, "rhythm.bpm_histogram_second_peak_weight": 0.03529411926865578, "rhythm.danceability": 1.3246493339538574, "rhythm.onset_rate": 5.317765235900879, "tonal.chords_changes_rate": 0.0416666679084301, "tonal.chords_number_rate": 0.0069444444961845875, "tonal.chords_strength.mean": 0.6648184657096863, "tonal.chords_strength.stdev": 0.13810229301452637, "tonal.hpcp_crest.mean": 12.057121276855469, "tonal.hpcp_crest.stdev": 5.371333122253418, "tonal.hpcp_entropy.mean": 2.199551582336426, "tonal.hpcp_entropy.stdev": 0.7330802083015442, "tonal.key_edma.strength": 0.4985412359237671, "tonal.key_krumhansl.strength": 0.5170953869819641, "tonal.key_temperley.strength": 0.531856894493103, "tonal.tuning_diatonic_strength": 0.5737295150756836, "tonal.tuning_equal_tempered_deviation": 0.25791454315185547, "tonal.tuning_frequency": 434.193115234375, "tonal.tuning_nontempered_energy_ratio": 0.9466956853866577, "lowlevel.barkbands.mean": [0.010645461268723011, 0.06047278270125389, 0.004626751411706209, 0.001554548623971641, 0.0009416948305442929, 0.0015965142520144582, 0.0012272478779777884, 0.00043997273314744234, 0.000357562123099342, 0.00028215887141413987, 0.00016957383195403963, 0.00021039863349869847, 0.00019706324383150786, 0.00018631007696967572, 0.00013911088171880692, 0.00018871031352318823, 0.0004654039512388408, 0.00022344708850141615, 0.00034267953014932573, 0.0002816392225213349, 0.0001971322053577751, 0.00026147966855205595, 0.00036740151699632406, 0.00041604909347370267, 0.0004874108999501914, 0.0005912146298214793, 1.961993802979123e-05], "lowlevel.barkbands.stdev": [0.028512287884950638, 0.09816645085811615, 0.021500401198863983, 0.0057383570820093155, 0.002693112473934889, 0.002980913734063506, 0.0023701670579612255, 0.0014832776505500078, 0.000850518059451133, 0.0006456606206484139, 0.0004484817909542471, 0.000638194615021348, 0.00045837732614018023, 0.00047721838927827775, 0.00038142167613841593, 0.0004885215894319117, 0.0007876827148720622, 0.0005929830367676914, 0.0007265588501468301, 0.0006512737018056214, 0.0006306784343905747, 0.0007339829462580383, 0.000737810623832047, 0.0008366609108634293, 0.0009087597136385739, 0.0011361311189830303, 5.148036507307552e-05], "lowlevel.erbbands.mean": [2.6426446437835693, 9.947199821472168, 7.42053747177124, 5.740374565124512, 4.064687252044678, 2.3937058448791504, 10.76850414276123, 10.94677448272705, 15.197641372680664, 15.865254402160645, 8.83784294128418, 7.953621864318848, 9.260716438293457, 7.461494445800781, 7.380239963531494, 8.10498332977295, 9.055143356323242, 8.84350872039795, 9.225220680236816, 7.420650005340576, 13.618157386779785, 27.826005935668945, 12.12767505645752, 18.530925750732422, 14.651651382446289, 13.393815994262695, 7.745473861694336, 9.161949157714844, 10.419156074523926, 8.733414649963379, 9.746431350708008, 8.825820922851562, 6.724297523498535, 5.259568691253662, 3.659543037414551, 2.5474162101745605, 1.0977040529251099, 0.15795689821243286, 0.0031350981444120407, 0.00020432533347047865], "lowlevel.erbbands.stdev": [5.168393135070801, 15.926349639892578, 24.248401641845703, 20.869626998901367, 13.505674362182617, 6.8718976974487305, 20.653343200683594, 23.03691864013672, 24.143020629882812, 46.447452545166016, 25.893190383911133, 19.806703567504883, 20.22091293334961, 18.067054748535156, 22.372459411621094, 21.227272033691406, 20.131614685058594, 21.32578468322754, 23.26618003845215, 18.858919143676758, 31.31692886352539, 46.84521484375, 29.536945343017578, 40.01832962036133, 31.305570602416992, 30.994586944580078, 23.40227508544922, 28.261241912841797, 29.565650939941406, 18.7160701751709, 19.791492462158203, 17.81177520751953, 13.907258987426758, 10.141082763671875, 6.9506378173828125, 4.859065532684326, 2.2070982456207275, 0.3268035650253296, 0.006395083852112293, 0.00023451095330528915], "lowlevel.gfcc.mean": [-18.618101119995117, 59.242366790771484, -81.55503845214844, 45.549129486083984, -40.993499755859375, 11.728583335876465, -34.26203155517578, 25.479883193969727, -18.17658233642578, 11.530866622924805, -7.2785868644714355, 11.53748607635498, -12.978750228881836], "lowlevel.melbands.mean": [0.020458929240703583, 0.006662661675363779, 0.0009288558503612876, 0.0002128004125552252, 0.0003065246273763478, 0.0002697141608223319, 0.00023049104493111372, 0.00015511059609707445, 6.857296102680266e-05, 4.8678975872462615e-05, 4.6345281589310616e-05, 3.077359724557027e-05, 2.3648408387089148e-05, 2.2965647076489404e-05, 2.0931020117131993e-05, 1.9596755009843037e-05, 1.6064133887994103e-05, 1.599461211299058e-05, 9.897032214212231e-06, 1.0813634617079515e-05, 1.6489142581121996e-05, 3.288924926891923e-05, 1.2674577192228753e-05, 1.0679060324036982e-05, 1.5781211914145388e-05, 1.2089383744751103e-05, 9.870168469205964e-06, 8.666482244734652e-06, 4.7839139369898476e-06, 4.665350388677325e-06, 5.476875685417326e-06, 6.5845729295688216e-06, 3.954980911657913e-06, 5.733669240726158e-06, 5.706825959350681e-06, 5.657195288222283e-06, 5.430737473943736e-06, 4.896198788628681e-06, 4.334734512667637e-06, 4.4749522203346714e-06], "lowlevel.melbands.stdev": [0.03530817851424217, 0.012519346550107002, 0.003286774503067136, 0.0006980322650633752, 0.0005719002219848335, 0.0005101800197735429, 0.00038897531339898705, 0.0004693349765148014, 0.0001955146435648203, 0.00012218191113788635, 0.00010274600936099887, 7.568717410322279e-05, 6.635689351242036e-05, 7.72843777667731e-05, 4.795831046067178e-05, 4.7182798880385235e-05, 4.1113777115242556e-05, 4.215698209009133e-05, 2.762670919764787e-05, 2.830756966432091e-05, 4.028095645480789e-05, 5.525973028852604e-05, 2.856494756997563e-05, 2.8472324629547074e-05, 3.4340348065597937e-05, 2.699663491512183e-05, 2.2619229639531113e-05, 2.1264044335111976e-05, 1.4472974726231769e-05, 1.6307045370922424e-05, 1.6715415767976083e-05, 1.9276767488918267e-05, 1.114995848183753e-05, 1.1863470717798918e-05, 1.1882095350301825e-05, 1.2142774721723981e-05, 1.1141359209432267e-05, 1.0658480277925264e-05, 8.739415534364525e-06, 8.871140380506404e-06], "lowlevel.melbands128.mean": [0.009648281149566174, 0.024053895846009254, 0.02519911155104637, 0.013645133003592491, 0.004800158552825451, 0.002084840554744005, 0.0012093521654605865, 0.0006409328780137002, 0.0003964920178987086, 0.00019525752577465028, 8.155424438882619e-05, 0.00012722608516924083, 0.0003930694656446576, 0.000525705108884722, 0.00024300222867168486, 0.00010949094576062635, 0.00025442871265113354, 0.00024097687855828553, 0.00022657135559711605, 0.00019594348850660026, 0.00010738050332292914, 6.746566941728815e-05, 6.697451317450032e-05, 6.622142973355949e-05, 4.950289803673513e-05, 4.16005750594195e-05, 4.5031360059510916e-05, 4.881264248979278e-05, 4.899146006209776e-05, 2.9585129595943727e-05, 2.757535366981756e-05, 2.5305693270638585e-05, 2.099473203998059e-05, 2.4036575268837623e-05, 2.697771560633555e-05, 2.0878327632090077e-05, 1.8662312868400477e-05, 2.541484900575597e-05, 1.685838469711598e-05, 2.0766006855410524e-05, 2.1408903194242157e-05, 1.6449212125735357e-05, 1.5183566574705765e-05, 1.423658977728337e-05, 2.1709765860578045e-05, 1.5390049156849273e-05, 1.1485636605357286e-05, 1.0488787665963173e-05, 8.746304047235753e-06, 8.720588084543124e-06, 1.1250724128331058e-05, 1.2745897947752383e-05, 1.3278642654768191e-05, 1.780987804522738e-05, 2.4549155568820424e-05, 4.6264263801276684e-05, 2.9090802854625508e-05, 1.099693326978013e-05, 9.42045880947262e-06, 8.539631380699575e-06, 9.694392247183714e-06, 1.3019619473197963e-05, 1.4464904779742938e-05, 1.7657779608271085e-05, 1.646296732360497e-05, 1.2689553841482848e-05, 8.584888746554498e-06, 8.740888006286696e-06, 1.1117756912426557e-05, 1.019899264065316e-05, 8.836134838929866e-06, 8.430234629486222e-06, 5.26410485690576e-06, 4.31360058428254e-06, 3.7054603581054835e-06, 4.351542884251103e-06, 5.425329163699644e-06, 5.031609816796845e-06, 5.197877271712059e-06, 5.869776487088529e-06, 7.647915481356904e-06, 6.935055807844037e-06, 4.340359737398103e-06, 3.8354028220055625e-06, 3.257876642237534e-06, 3.789944912568899e-06, 6.7021251197729725e-06, 9.50337835092796e-06, 4.227487806929275e-06, 4.120123321627034e-06, 6.878387921460671e-06, 5.511363724508556e-06, 4.882052962784655e-06, 5.4093247854325455e-06, 5.69759185964358e-06, 6.0165989452798385e-06, 4.200465355097549e-06, 3.906369329342851e-06, 4.867838924837997e-06, 4.027287104690913e-06, 4.558309683488915e-06, 4.608436029229779e-06, 4.293458459869726e-06, 4.431751222000457e-06, 3.596899659896735e-06, 4.04319325753022e-06, 4.553271082841093e-06, 4.450589131010929e-06, 5.485811470862245e-06, 3.583053057809593e-06, 3.7959857763780747e-06, 3.794569693127414e-06, 4.312397777539445e-06, 2.8465369723562617e-06, 2.1709868178731995e-06, 2.0665431748057017e-06, 8.283070656034397e-07, 9.175829873697694e-09, 4.013486071263728e-11, 2.6634276381609645e-11, 2.371736661233026e-11, 1.4969024283995047e-11, 1.2096044652021298e-11, 1.1792379572828082e-11, 1.1231067291450625e-11, 1.0478983999973046e-11, 1.005349709731762e-11, 9.941153802928149e-12], "lowlevel.melbands128.stdev": [0.02577611617743969, 0.05262478068470955, 0.042725127190351486, 0.02300947904586792, 0.014403240755200386, 0.009383152239024639, 0.004612082615494728, 0.00241746730171144, 0.0013719825074076653, 0.0006656487821601331, 0.0003117668384220451, 0.000333324889652431, 0.0008572629885748029, 0.0011040467070415616, 0.0007264619925990701, 0.00033039625850506127, 0.0004531955055426806, 0.00046190753346309066, 0.0007487552938982844, 0.0007043531513772905, 0.0004355318087618798, 0.00030931513174436986, 0.00021902732260059565, 0.00019688419706653804, 0.00016892711573746055, 0.00015244937094394118, 0.00013161874085199088, 0.00013374398986343294, 0.00013000321632716805, 9.302466787630692e-05, 8.979396079666913e-05, 7.610129978274927e-05, 6.621819920837879e-05, 0.00010076921171275899, 0.00013009371468797326, 8.631739183329046e-05, 5.5230320867849514e-05, 6.756790389772505e-05, 4.813413033843972e-05, 5.981167123536579e-05, 5.915316432947293e-05, 5.156441329745576e-05, 5.9843277995241806e-05, 4.16862458223477e-05, 7.303119491552934e-05, 4.4020634959451854e-05, 3.891304731951095e-05, 3.3768639696063474e-05, 2.7505466277943924e-05, 2.626272544148378e-05, 3.39964208251331e-05, 3.652036684798077e-05, 4.077910853084177e-05, 5.220973980613053e-05, 5.735548984375782e-05, 8.276720473077148e-05, 5.4900156101211905e-05, 2.8521737476694398e-05, 3.0404091376112774e-05, 2.587120616226457e-05, 2.755731293291319e-05, 4.098568024346605e-05, 3.620307325036265e-05, 4.320356310927309e-05, 3.659779031295329e-05, 3.313853812869638e-05, 2.298128674738109e-05, 2.3713473638053983e-05, 2.7547619538381696e-05, 2.502423922123853e-05, 2.5499628463876434e-05, 2.1934300093562342e-05, 1.8331629689782858e-05, 1.5195597370620817e-05, 1.348150362900924e-05, 1.689788405201398e-05, 2.1302887034835294e-05, 1.80499682755908e-05, 1.6328314814018086e-05, 1.9613380572991446e-05, 2.4105736883939244e-05, 2.091638270940166e-05, 1.3335032235772815e-05, 1.1949667168664746e-05, 1.0089087481901515e-05, 9.856717042566743e-06, 1.4533382454828825e-05, 2.1373352865339257e-05, 1.0174270755669568e-05, 1.0144181032956112e-05, 1.589814928593114e-05, 1.2995269571547396e-05, 1.1276399163762107e-05, 1.195078220916912e-05, 1.2821204109059181e-05, 1.4574043234460987e-05, 9.916051567415707e-06, 9.71591998677468e-06, 1.0542516065470409e-05, 8.488513230986428e-06, 9.958874215953983e-06, 9.80759705271339e-06, 9.897599738906138e-06, 9.590199624653906e-06, 7.88326815381879e-06, 8.40404027258046e-06, 9.586380656401161e-06, 9.215741556545254e-06, 1.1341824574628845e-05, 7.641984666406643e-06, 8.481697477691341e-06, 8.035186510824133e-06, 1.0438546269142535e-05, 5.954832431598334e-06, 4.479666586121311e-06, 4.6660738917125855e-06, 2.0761856376338983e-06, 3.8119548406712056e-08, 4.183834112492235e-10, 3.4434005646843957e-10, 3.115546709508976e-10, 9.03873573210312e-11, 4.3077222344756194e-11, 4.136459924586333e-11, 3.3611526756294197e-11, 2.4600302697685983e-11, 2.2600510005132968e-11, 2.2449368752841536e-11], "lowlevel.mfcc.mean": [-676.8613891601562, 98.78363800048828, 19.706787109375, 39.38924789428711, 18.94725227355957, 0.4176575839519501, 6.972419261932373, 11.196044921875, 0.7314388155937195, 2.1883184909820557, 8.723570823669434, 9.774651527404785, 5.839334011077881], "lowlevel.spectral_contrast_coeffs.mean": [-0.705509603023529, -0.7481423020362854, -0.8121706247329712, -0.8098431825637817, -0.7680701017379761, -0.7634375095367432], "lowlevel.spectral_contrast_coeffs.stdev": [0.08505304902791977, 0.07437263429164886, 0.051483817398548126, 0.04995456337928772, 0.040746282786130905, 0.049519337713718414], "lowlevel.spectral_contrast_valleys.mean": [-7.051990985870361, -7.332818984985352, -7.995917797088623, -8.214432716369629, -7.816919803619385, -10.30810832977295], "lowlevel.spectral_contrast_valleys.stdev": [1.2103029489517212, 0.9190241098403931, 0.943996012210846, 0.8684938549995422, 0.8886208534240723, 1.5309195518493652], "rhythm.beats_loudness_band_ratio.mean": [0.6137391328811646, 0.04446513578295708, 0.052066657692193985, 0.04009883478283882, 0.08810653537511826, 0.17141573131084442], "rhythm.beats_loudness_band_ratio.stdev": [0.38575321435928345, 0.09110863506793976, 0.08017598092556, 0.08427861332893372, 0.12797555327415466, 0.22176147997379303], "tonal.hpcp.mean": [0.05308040603995323, 0.042504120618104935, 0.03700711205601692, 0.04605202376842499, 0.05371988192200661, 0.05223696306347847, 0.05070139840245247, 0.04946080967783928, 0.08879204094409943, 0.3981456458568573, 0.44410693645477295, 0.15142928063869476, 0.07803215831518173, 0.059479791671037674, 0.051031891256570816, 0.11040708422660828, 0.18035781383514404, 0.14815133810043335, 0.10664772987365723, 0.11859482526779175, 0.10352803021669388, 0.07281755656003952, 0.0588054396212101, 0.06023034080862999, 0.05751270428299904, 0.04645541310310364, 0.04644588753581047, 0.04474079608917236, 0.03969060629606247, 0.04686088487505913, 0.05644810199737549, 0.05640111118555069, 0.05525986850261688, 0.08061383664608002, 0.10257621854543686, 0.07916279137134552], "tonal.hpcp.stdev": [0.1571470946073532, 0.1438775509595871, 0.12494789808988571, 0.1477472186088562, 0.1676822155714035, 0.16108094155788422, 0.1542770266532898, 0.1562950760126114, 0.188785120844841, 0.4162944257259369, 0.44581276178359985, 0.24021309614181519, 0.2132522016763687, 0.17549167573451996, 0.15091338753700256, 0.22609837353229523, 0.3400127589702606, 0.256504088640213, 0.21209748089313507, 0.23347404599189758, 0.21464595198631287, 0.18792052567005157, 0.1618185043334961, 0.17763593792915344, 0.1687338650226593, 0.1446644365787506, 0.1541655957698822, 0.14716240763664246, 0.1269541233778, 0.14786241948604584, 0.14356286823749542, 0.12732923030853271, 0.14625197649002075, 0.17186331748962402, 0.21265190839767456, 0.1767122745513916], "rhythm.beats_position": [0.42956915497779846, 0.8823582530021667, 1.3467572927474976, 1.8111563920974731, 2.287165403366089, 2.798004388809204, 3.2972335815429688, 3.808072566986084, 4.318911552429199, 4.806530475616455, 5.27092981338501, 5.735328674316406, 6.199728012084961, 6.664126873016357, 7.116916179656982, 7.569705009460449, 8.034104347229004, 8.498503684997559, 8.962902069091797, 9.427301406860352, 9.891700744628906, 10.356099128723145, 10.80888843536377, 11.261677742004395, 11.72607707977295, 12.190476417541504, 12.654874801635742, 13.119274139404297, 13.583673477172852, 14.04807186126709, 14.500861167907715, 14.95365047454834, 15.418049812316895, 15.88244915008545, 16.346847534179688, 16.811246871948242, 17.275646209716797, 17.74004554748535, 18.192834854125977, 18.6456241607666, 19.110021591186523, 19.574420928955078, 20.038820266723633, 20.503219604492188, 20.967618942260742, 21.432018280029297, 21.884807586669922, 22.337596893310547, 22.80199432373047, 23.266393661499023, 23.730792999267578, 24.195192337036133, 24.659591674804688, 25.123991012573242, 25.576780319213867, 26.029569625854492, 26.493967056274414, 26.95836639404297, 27.422765731811523, 27.887165069580078, 28.351564407348633, 28.815963745117188, 29.268753051757812, 29.721542358398438, 30.18593978881836, 30.650339126586914, 31.11473846435547, 31.579137802124023, 32.04353713989258, 32.5079345703125, 32.97233581542969, 33.42512512207031, 33.87791442871094, 34.34231185913086, 34.80671310424805, 35.27111053466797, 35.73550796508789, 36.19990921020508, 36.664306640625, 37.117095947265625, 37.58149719238281, 38.03428649902344, 38.49868392944336, 38.96308135986328, 39.42748260498047, 39.89188003540039], "rhythm.bpm_histogram": [0.0, 0.0, 0.0, 0.0, 0.0, 0.0, 0.0, 0.0, 0.0, 0.0, 0.0, 0.0, 0.0, 0.0, 0.0, 0.0, 0.0, 0.0, 0.0, 0.0, 0.0, 0.0, 0.0, 0.0, 0.0, 0.0, 0.0, 0.0, 0.0, 0.0, 0.0, 0.0, 0.0, 0.0, 0.0, 0.0, 0.0, 0.0, 0.0, 0.0, 0.0, 0.0, 0.0, 0.0, 0.0, 0.0, 0.0, 0.0, 0.0, 0.0, 0.0, 0.0, 0.0, 0.0, 0.0, 0.0, 0.0, 0.0, 0.0, 0.0, 0.0, 0.0, 0.0, 0.0, 0.0, 0.0, 0.0, 0.0, 0.0, 0.0, 0.0, 0.0, 0.0, 0.0, 0.0, 0.0, 0.0, 0.0, 0.0, 0.0, 0.0, 0.0, 0.0, 0.0, 0.0, 0.0, 0.0, 0.0, 0.0, 0.0, 0.0, 0.0, 0.0, 0.0, 0.0, 0.0, 0.0, 0.0, 0.0, 0.0, 0.0, 0.0, 0.0, 0.0, 0.0, 0.0, 0.0, 0.0, 0.0, 0.0, 0.0, 0.0, 0.0, 0.0, 0.0, 0.0, 0.0, 0.03529411926865578, 0.0, 0.0, 0.0117647061124444, 0.0, 0.0, 0.0117647061124444, 0.0, 0.0, 0.0117647061124444, 0.0, 0.0, 0.7058823704719543, 0.0, 0.0, 0.0, 0.2235294133424759, 0.0, 0.0, 0.0, 0.0, 0.0, 0.0, 0.0, 0.0, 0.0, 0.0, 0.0, 0.0, 0.0, 0.0, 0.0, 0.0, 0.0, 0.0, 0.0, 0.0, 0.0, 0.0, 0.0, 0.0, 0.0, 0.0, 0.0, 0.0, 0.0, 0.0, 0.0, 0.0, 0.0, 0.0, 0.0, 0.0, 0.0, 0.0, 0.0, 0.0, 0.0, 0.0, 0.0, 0.0, 0.0, 0.0, 0.0, 0.0, 0.0, 0.0, 0.0, 0.0, 0.0, 0.0, 0.0, 0.0, 0.0, 0.0, 0.0, 0.0, 0.0, 0.0, 0.0, 0.0, 0.0, 0.0, 0.0, 0.0, 0.0, 0.0, 0.0, 0.0, 0.0, 0.0, 0.0, 0.0, 0.0, 0.0, 0.0, 0.0, 0.0, 0.0, 0.0, 0.0, 0.0, 0.0, 0.0, 0.0, 0.0, 0.0, 0.0, 0.0, 0.0, 0.0, 0.0, 0.0, 0.0, 0.0, 0.0, 0.0, 0.0, 0.0, 0.0, 0.0, 0.0, 0.0, 0.0, 0.0, 0.0, 0.0, 0.0, 0.0, 0.0, 0.0, 0.0, 0.0], "tonal.chords_histogram": [3.2407407760620117, 4.166666507720947, 0.0, 0.0, 0.0, 0.0, 0.0, 0.0, 0.0, 0.0, 0.23148147761821747, 0.23148147761821747, 0.0, 0.0, 0.11574073880910873, 0.0, 5.208333492279053, 2.314814805984497, 2.0833332538604736, 0.0, 0.0, 0.0, 0.0, 82.40740966796875], "tonal.thpcp": [1.0, 0.3409748077392578, 0.17570579051971436, 0.1339312344789505, 0.11490901559591293, 0.24860472977161407, 0.40611347556114197, 0.33359384536743164, 0.24013975262641907, 0.2670411467552185, 0.233115091919899, 0.16396401822566986, 0.13241279125213623, 0.13562124967575073, 0.12950192391872406, 0.10460411757230759, 0.10458266735076904, 0.10074329376220703, 0.08937173336744308, 0.10551711916923523, 0.1271047592163086, 0.12699894607067108, 0.12442919611930847, 0.18151897192001343, 0.23097188770771027, 0.17825163900852203, 0.11952167749404907, 0.09570694714784622, 0.08332928270101547, 0.10369580239057541, 0.12096159160137177, 0.1176224872469902, 0.11416484415531158, 0.11137139797210693, 0.19993391633033752, 0.896508514881134], "lowlevel.gfcc.cov": [[6870.37744140625, -1687.5526123046875, 1191.8751220703125, -88.66417694091797, -238.32167053222656, 594.0146484375, -341.7502746582031, 226.10032653808594, 56.740074157714844, 351.5990295410156, -316.8677062988281, 247.39784240722656, -257.6842041015625], [-1687.5526123046875, 4289.68359375, -544.9619750976562, 489.05413818359375, 981.9419555664062, -413.09759521484375, 843.077880859375, 15.143400192260742, 358.4959411621094, -271.69415283203125, 504.7437744140625, -194.92481994628906, 440.0652160644531], [1191.8751220703125, -544.9619750976562, 1339.60400390625, 270.3346862792969, 248.57762145996094, 306.4572448730469, -6.539321422576904, 162.10586547851562, 114.1495132446289, 86.14497375488281, -10.498549461364746, 206.68128967285156, -72.42987823486328], [-88.66417694091797, 489.05413818359375, 270.3346862792969, 825.1954345703125, 373.1199951171875, -143.11685180664062, 47.73158645629883, 39.626102447509766, 147.03173828125, 28.885984420776367, 163.3263397216797, 26.739742279052734, 163.9500732421875], [-238.32167053222656, 981.9419555664062, 248.57762145996094, 373.1199951171875, 645.6900634765625, 39.96776580810547, 348.8028869628906, 113.01111602783203, 210.7169189453125, -14.091344833374023, 173.14222717285156, 19.817073822021484, 122.7171630859375], [594.0146484375, -413.09759521484375, 306.4572448730469, -143.11685180664062, 39.96776580810547, 509.9694519042969, 196.67494201660156, 106.0904769897461, 32.293907165527344, 21.757179260253906, -67.64856719970703, 67.19165802001953, -106.15296173095703], [-341.7502746582031, 843.077880859375, -6.539321422576904, 47.73158645629883, 348.8028869628906, 196.67494201660156, 603.2053833007812, 125.34156799316406, 146.41575622558594, -74.96399688720703, 133.2401885986328, -7.928430080413818, 69.21968078613281], [226.10032653808594, 15.143400192260742, 162.10586547851562, 39.626102447509766, 113.01111602783203, 106.0904769897461, 125.34156799316406, 221.52943420410156, 86.48141479492188, 35.747554779052734, 20.21233558654785, 41.0045166015625, -1.2950290441513062], [56.740074157714844, 358.4959411621094, 114.1495132446289, 147.03173828125, 210.7169189453125, 32.293907165527344, 146.41575622558594, 86.48141479492188, 258.18115234375, 61.9067497253418, 91.57935333251953, 0.8751639127731323, 56.41006851196289], [351.5990295410156, -271.69415283203125, 86.14497375488281, 28.885984420776367, -14.091344833374023, 21.757179260253906, -74.96399688720703, 35.747554779052734, 61.9067497253418, 149.96792602539062, 10.715261459350586, 18.847211837768555, -20.013256072998047], [-316.8677062988281, 504.7437744140625, -10.498549461364746, 163.3263397216797, 173.14222717285156, -67.64856719970703, 133.2401885986328, 20.21233558654785, 91.57935333251953, 10.715261459350586, 191.87208557128906, 18.994123458862305, 102.54055786132812], [247.39784240722656, -194.92481994628906, 206.68128967285156, 26.739742279052734, 19.817073822021484, 67.19165802001953, -7.928430080413818, 41.0045166015625, 0.8751639127731323, 18.847211837768555, 18.994123458862305, 148.26486206054688, 13.351313591003418], [-257.6842041015625, 440.0652160644531, -72.42987823486328, 163.9500732421875, 122.7171630859375, -106.15296173095703, 69.21968078613281, -1.2950290441513062, 56.41006851196289, -20.013256072998047, 102.54055786132812, 13.351313591003418, 161.6001739501953]], "lowlevel.gfcc.icov": [[0.0002282630739500746, -7.495906902477145e-05, -0.00014277447189670056, -3.677254790090956e-05, 0.00014726082736160606, -0.0001821637706598267, 6.861868314445019e-05, -7.062826625769958e-05, 5.45881539437687e-06, -0.00050642917631194, 0.00042436670628376305, -0.00017416151240468025, -3.95311217289418e-05], [-7.495906902477145e-05, 0.0008455851930193603, 0.00016771347145549953, 0.0002369062858633697, -0.00085480697453022, 0.0005760014173574746, -0.0004485255922190845, 0.00016250078624580055, -0.0003749306488316506, 0.0011901926482096314, -0.0009379101684316993, 0.0007657159003429115, -0.0005563159356825054], [-0.00014277447189670056, 0.00016771347145549953, 0.001587049919180572, -0.00042835474596358836, -0.000809763150755316, -0.0004897472099401057, 0.0005127082695253193, -0.00023951174807734787, -0.00043303941492922604, 0.0006256194319576025, -0.00023810254060663283, -0.001391558675095439, 0.0010279063135385513], [-3.677254790090956e-05, 0.0002369062858633697, -0.00042835474596358836, 0.002330286428332329, -0.001287419581785798, 0.0005346190300770104, 0.00044666259782388806, 2.5938512408174574e-05, -0.00013402561307884753, 0.00013932188448961824, -0.0008131868671625853, 0.0007277305703610182, -0.001602309406735003], [0.00014726082736160606, -0.00085480697453022, -0.000809763150755316, -0.001287419581785798, 0.0048614623956382275, -0.0003492053656373173, -0.0012573259882628918, -0.0003875666589010507, -0.0007763231988064945, -0.000851448392495513, 0.000355243100784719, -0.0004012269782833755, 9.342262637801468e-05], [-0.0001821637706598267, 0.0005760014173574746, -0.0004897472099401057, 0.0005346190300770104, -0.0003492053656373173, 0.004624644760042429, -0.0025542438961565495, 1.0500007192604244e-05, -0.00032240813015960157, 1.5155412256717682e-05, 0.0009166303789243102, -0.0007822758634574711, 0.0013737096451222897], [6.861868314445019e-05, -0.0004485255922190845, 0.0005127082695253193, 0.00044666259782388806, -0.0012573259882628918, -0.0025542438961565495, 0.005038907285779715, -0.0014660003362223506, -0.0006899156142026186, 0.002119962591677904, -0.0019678075332194567, 0.0004944404354318976, -7.452619320247322e-05], [-7.062826625769958e-05, 0.00016250078624580055, -0.00023951174807734787, 2.5938512408174574e-05, -0.0003875666589010507, 1.0500007192604244e-05, -0.0014660003362223506, 0.006566114258021116, -0.0012054684339091182, -0.0011289732065051794, 0.0007492541917599738, -0.0011493787169456482, 0.00019348251225892454], [5.45881539437687e-06, -0.0003749306488316506, -0.00043303941492922604, -0.00013402561307884753, -0.0007763231988064945, -0.00032240813015960157, -0.0006899156142026186, -0.0012054684339091182, 0.0075292824767529964, -0.0038948075380176306, -0.0005759696359746158, 0.0013062810758128762, -0.0012178706238046288], [-0.00050642917631194, 0.0011901926482096314, 0.0006256194319576025, 0.00013932188448961824, -0.000851448392495513, 1.5155412256717682e-05, 0.002119962591677904, -0.0011289732065051794, -0.0038948075380176306, 0.012883180752396584, -0.004371827468276024, 0.0008564404561184347, 0.0014882240211591125], [0.00042436670628376305, -0.0009379101684316993, -0.00023810254060663283, -0.0008131868671625853, 0.000355243100784719, 0.0009166303789243102, -0.0019678075332194567, 0.0007492541917599738, -0.0005759696359746158, -0.004371827468276024, 0.01282409392297268, -0.0030428951140493155, -0.003095953958109021], [-0.00017416151240468025, 0.0007657159003429115, -0.001391558675095439, 0.0007277305703610182, -0.0004012269782833755, -0.0007822758634574711, 0.0004944404354318976, -0.0011493787169456482, 0.0013062810758128762, 0.0008564404561184347, -0.0030428951140493155, 0.011191347613930702, -0.003498812671750784], [-3.95311217289418e-05, -0.0005563159356825054, 0.0010279063135385513, -0.001602309406735003, 9.342262637801468e-05, 0.0013737096451222897, -7.452619320247322e-05, 0.00019348251225892454, -0.0012178706238046288, 0.0014882240211591125, -0.003095953958109021, -0.003498812671750784, 0.013454227708280087]], "lowlevel.mfcc.cov": [[6198.8193359375, -1262.950439453125, 758.1439819335938, -437.0247802734375, 172.42276000976562, 122.38964080810547, -234.86386108398438, -65.37736511230469, 92.02731323242188, 180.72174072265625, 34.34471130371094, -20.730466842651367, 93.90113067626953], [-1262.950439453125, 3266.006103515625, -648.546142578125, 704.0841064453125, 64.0430908203125, 107.86669158935547, 425.8283386230469, 309.86846923828125, 211.9202880859375, 42.719635009765625, 198.2794189453125, 125.80189514160156, -15.479750633239746], [758.1439819335938, -648.546142578125, 966.3137817382812, -29.80341339111328, 265.0711364746094, 131.36119079589844, -22.81084442138672, 119.41259002685547, 5.972866058349609, 32.1048583984375, 36.06532669067383, 6.524986743927002, 78.0309066772461], [-437.0247802734375, 704.0841064453125, -29.80341339111328, 1046.80712890625, 353.7196960449219, 23.047977447509766, 75.72117614746094, 20.56955337524414, 48.50724792480469, 30.839200973510742, -2.982030153274536, 60.29316711425781, 129.06321716308594], [172.42276000976562, 64.0430908203125, 265.0711364746094, 353.7196960449219, 429.5096435546875, 86.9170913696289, -3.2215137481689453, 40.77676773071289, 50.33848571777344, 57.176029205322266, 32.366031646728516, 33.093223571777344, 92.3923110961914], [122.38964080810547, 107.86669158935547, 131.36119079589844, 23.047977447509766, 86.9170913696289, 319.72509765625, 142.50111389160156, 158.4069366455078, 88.39354705810547, 47.051727294921875, 112.24745178222656, 35.48482131958008, -15.85419750213623], [-234.86386108398438, 425.8283386230469, -22.81084442138672, 75.72117614746094, -3.2215137481689453, 142.50111389160156, 331.7059326171875, 229.98617553710938, 97.26983642578125, 33.90303421020508, 93.8420639038086, 55.790611267089844, -9.096948623657227], [-65.37736511230469, 309.86846923828125, 119.41259002685547, 20.56955337524414, 40.77676773071289, 158.4069366455078, 229.98617553710938, 341.9686279296875, 142.10279846191406, 37.1165657043457, 118.40913391113281, 61.52757263183594, 9.758230209350586], [92.02731323242188, 211.9202880859375, 5.972866058349609, 48.50724792480469, 50.33848571777344, 88.39354705810547, 97.26983642578125, 142.10279846191406, 188.36654663085938, 85.37922668457031, 89.40460968017578, 52.948814392089844, 10.8612060546875], [180.72174072265625, 42.719635009765625, 32.1048583984375, 30.839200973510742, 57.176029205322266, 47.051727294921875, 33.90303421020508, 37.1165657043457, 85.37922668457031, 150.4764862060547, 91.39466857910156, 35.867637634277344, 19.43201446533203], [34.34471130371094, 198.2794189453125, 36.06532669067383, -2.982030153274536, 32.366031646728516, 112.24745178222656, 93.8420639038086, 118.40913391113281, 89.40460968017578, 91.39466857910156, 196.0977020263672, 70.19477081298828, -0.36119598150253296], [-20.730466842651367, 125.80189514160156, 6.524986743927002, 60.29316711425781, 33.093223571777344, 35.48482131958008, 55.790611267089844, 61.52757263183594, 52.948814392089844, 35.867637634277344, 70.19477081298828, 106.44426727294922, 39.089759826660156], [93.90113067626953, -15.479750633239746, 78.0309066772461, 129.06321716308594, 92.3923110961914, -15.85419750213623, -9.096948623657227, 9.758230209350586, 10.8612060546875, 19.43201446533203, -0.36119598150253296, 39.089759826660156, 114.5712661743164]], "lowlevel.mfcc.icov": [[0.0002045169530902058, 2.4144084818544798e-05, -0.00011913866910617799, 9.154801955446601e-05, -4.169437488599215e-06, -9.383921133121476e-05, 9.368095925310627e-05, 0.00010191128239966929, -0.00017734283755999058, -0.00018781417747959495, 5.3903902880847454e-05, 7.060214556986466e-05, -0.00017246018978767097], [2.4144084818544798e-05, 0.0005589602515101433, 0.00036200889735482633, -0.00033150400849990547, -8.456556679448113e-05, 0.00015235230966936797, -0.00033586303470656276, -0.00025219994131475687, -0.00017671144451014698, 0.00026497687213122845, -0.0004500375362113118, 1.7506263247923926e-05, 0.00023112448980100453], [-0.00011913866910617799, 0.00036200889735482633, 0.0019412069814279675, 0.00017170286446344107, -0.0011587662156671286, -0.0002887919545173645, 0.0002949278859887272, -0.0012846083845943213, 0.0008493667119182646, 1.3888779903936666e-05, -0.00020075144129805267, 0.00027268767007626593, -0.0005181881715543568], [9.154801955446601e-05, -0.00033150400849990547, 0.00017170286446344107, 0.0019064015941694379, -0.0014744565123692155, -5.86785836276249e-06, -0.0004511337901931256, 0.000533775077201426, -8.570036152377725e-05, -3.8294947444228455e-06, 0.0005572036607190967, -0.00017237162683159113, -0.0012080279411748052], [-4.169437488599215e-06, -8.456556679448113e-05, -0.0011587662156671286, -0.0014744565123692155, 0.0049632214941084385, -0.0010756701231002808, 0.0008901239489205182, 0.00015844855806790292, -0.0005544557352550328, -0.0008069191826507449, 4.8712212446844205e-05, 0.000360537669621408, -0.0015853856457397342], [-9.383921133121476e-05, 0.00015235230966936797, -0.0002887919545173645, -5.86785836276249e-06, -0.0010756701231002808, 0.005312586668878794, -0.001462298328988254, -0.0006324442219920456, -0.0006133319693617523, 0.0006296695792116225, -0.0019851848483085632, 0.0003020157746504992, 0.0016831842949613929], [9.368095925310627e-05, -0.00033586303470656276, 0.0002949278859887272, -0.0004511337901931256, 0.0008901239489205182, -0.001462298328988254, 0.007095652166754007, -0.004255041945725679, 0.0009322625701315701, -0.0011597599368542433, 0.0006572876591235399, -0.0011582596926018596, 0.0006963894702494144], [0.00010191128239966929, -0.00025219994131475687, -0.0012846083845943213, 0.000533775077201426, 0.00015844855806790292, -0.0006324442219920456, -0.004255041945725679, 0.008954877965152264, -0.004572760313749313, 0.0028574487660080194, -0.0019474420696496964, 0.0004034738230984658, -0.001354777137748897], [-0.00017734283755999058, -0.00017671144451014698, 0.0008493667119182646, -8.570036152377725e-05, -0.0005544557352550328, -0.0006133319693617523, 0.0009322625701315701, -0.004572760313749313, 0.011542515829205513, -0.0051928614266216755, 0.0007332547684200108, -0.0021338725928217173, 0.0009821576531976461], [-0.00018781417747959495, 0.00026497687213122845, 1.3888779903936666e-05, -3.8294947444228455e-06, -0.0008069191826507449, 0.0006296695792116225, -0.0011597599368542433, 0.0028574487660080194, -0.0051928614266216755, 0.012739595025777817, -0.005643682088702917, 0.0012169507099315524, -0.0015144608914852142], [5.3903902880847454e-05, -0.0004500375362113118, -0.00020075144129805267, 0.0005572036607190967, 4.8712212446844205e-05, -0.0019851848483085632, 0.0006572876591235399, -0.0019474420696496964, 0.0007332547684200108, -0.005643682088702917, 0.01178398821502924, -0.005319122690707445, 0.002047761343419552], [7.060214556986466e-05, 1.7506263247923926e-05, 0.00027268767007626593, -0.00017237162683159113, 0.000360537669621408, 0.0003020157746504992, -0.0011582596926018596, 0.0004034738230984658, -0.0021338725928217173, 0.0012169507099315524, -0.005319122690707445, 0.015949929133057594, -0.005885052029043436], [-0.00017246018978767097, 0.00023112448980100453, -0.0005181881715543568, -0.0012080279411748052, -0.0015853856457397342, 0.0016831842949613929, 0.00069638947