{"song_id": "1183707223441018920", "download": "https://cdn.discordapp.com/attachments/1135903449314238464/1183707223441018920/chirp.mp4?ex=65895042&amp", "lyrics": "\u043b\u044e\u0431\u0438\u0448\u044c \u043d\u043e\u0447\u043d\u044b\u0435 \u043f\u0440\u043e\u0433\u0443\u043b\u043a\u0438\n\u0443\u043b\u043e\u0447\u043a\u0438 \u0438 \u043f\u0435\u0440\u0435\u0443\u043b\u043a\u0438\n\u0441\u043b\u0430\u0434\u043a\u043e \u043a\u0443\u0440\u0438\u0448\u044c \u0441\u0432\u043e\u0439 \u043f\u043e\u0434\u0438\u043a\n\u043d\u0430 \u0441\u043a\u0430\u043c\u0435\u0439\u043a\u0435 \u0441\u0438 \u0434\u044f\n\u043d\u043e \u0442\u0430\u043a \u043d\u0435\u0431\u0435\u0437\u043e\u043f\u0430\u0441\u043d\u043e\n\u0431\u043e\u0436\u0435 \u043c\u043e\u0439, \u0442\u0430\u043a \u043e\u043f\u0430\u0441\u043d\u043e\n\u0434\u0435\u0432\u0447\u043e\u043d\u043e\u0447\u043a\u0435 \u043f\u0440\u0435\u043a\u0440\u0430\u0441\u043d\u043e\u0439\n\u043d\u043e\u0447\u044c\u044e \u043e\u0434\u043d\u043e\u0439 \u0433\u0443\u043b\u044f\u0442\u044c", "style": ["disco post punk"], "essentia_features": {"lowlevel.average_loudness": 0.9725828170776367, "lowlevel.barkbands_crest.mean": 12.043025016784668, "lowlevel.barkbands_crest.stdev": 4.779536247253418, "lowlevel.barkbands_flatness_db.mean": 0.20665045082569122, "lowlevel.barkbands_flatness_db.stdev": 0.04861009493470192, "lowlevel.barkbands_kurtosis.mean": 5.140257358551025, "lowlevel.barkbands_kurtosis.stdev": 9.15135383605957, "lowlevel.barkbands_skewness.mean": 1.2329427003860474, "lowlevel.barkbands_skewness.stdev": 1.5538921356201172, "lowlevel.barkbands_spread.mean": 15.264997482299805, "lowlevel.barkbands_spread.stdev": 12.441040992736816, "lowlevel.dissonance.mean": 0.4467630684375763, "lowlevel.dissonance.stdev": 0.037717510014772415, "lowlevel.dynamic_complexity": 3.2223126888275146, "lowlevel.erbbands_crest.mean": 13.341103553771973, "lowlevel.erbbands_crest.stdev": 6.504911422729492, "lowlevel.erbbands_flatness_db.mean": 0.22546334564685822, "lowlevel.erbbands_flatness_db.stdev": 0.060960158705711365, "lowlevel.erbbands_kurtosis.mean": 2.8530173301696777, "lowlevel.erbbands_kurtosis.stdev": 6.2763752937316895, "lowlevel.erbbands_skewness.mean": 0.35409432649612427, "lowlevel.erbbands_skewness.stdev": 1.1969752311706543, "lowlevel.erbbands_spread.mean": 27.239171981811523, "lowlevel.erbbands_spread.stdev": 20.80848503112793, "lowlevel.hfc.mean": 15.388367652893066, "lowlevel.hfc.stdev": 16.543107986450195, "lowlevel.loudness_ebu128.integrated": -18.741313934326172, "lowlevel.loudness_ebu128.loudness_range": 1.6402244567871094, "lowlevel.loudness_ebu128.momentary.mean": -19.175107955932617, "lowlevel.loudness_ebu128.momentary.stdev": 1.9857689142227173, "lowlevel.loudness_ebu128.short_term.mean": -18.815080642700195, "lowlevel.loudness_ebu128.short_term.stdev": 0.5576527118682861, "lowlevel.melbands_crest.mean": 15.01002025604248, "lowlevel.melbands_crest.stdev": 6.0963592529296875, "lowlevel.melbands_flatness_db.mean": 0.2395082712173462, "lowlevel.melbands_flatness_db.stdev": 0.061570849269628525, "lowlevel.melbands_kurtosis.mean": 11.247036933898926, "lowlevel.melbands_kurtosis.stdev": 19.12229347229004, "lowlevel.melbands_skewness.mean": 1.9746100902557373, "lowlevel.melbands_skewness.stdev": 1.9294180870056152, "lowlevel.melbands_spread.mean": 19.974197387695312, "lowlevel.melbands_spread.stdev": 16.648900985717773, "lowlevel.pitch_salience.mean": 0.5269421935081482, "lowlevel.pitch_salience.stdev": 0.14496611058712006, "lowlevel.silence_rate_20dB.mean": 1.0, "lowlevel.silence_rate_20dB.stdev": 0.0, "lowlevel.silence_rate_30dB.mean": 0.9961389899253845, "lowlevel.silence_rate_30dB.stdev": 0.06201716884970665, "lowlevel.silence_rate_60dB.mean": 0.07258687168359756, "lowlevel.silence_rate_60dB.stdev": 0.2594580054283142, "lowlevel.spectral_centroid.mean": 1019.12451171875, "lowlevel.spectral_centroid.stdev": 539.5485229492188, "lowlevel.spectral_complexity.mean": 12.127412796020508, "lowlevel.spectral_complexity.stdev": 5.531234264373779, "lowlevel.spectral_decrease.mean": -5.914476908230881e-09, "lowlevel.spectral_decrease.stdev": 6.996537127434976e-09, "lowlevel.spectral_energy.mean": 0.02371838316321373, "lowlevel.spectral_energy.stdev": 0.027421599254012108, "lowlevel.spectral_energyband_high.mean": 0.0002917106612585485, "lowlevel.spectral_energyband_high.stdev": 0.0005627652863040566, "lowlevel.spectral_energyband_low.mean": 0.00707264756783843, "lowlevel.spectral_energyband_low.stdev": 0.019679663702845573, "lowlevel.spectral_energyband_middle_high.mean": 0.006522767245769501, "lowlevel.spectral_energyband_middle_high.stdev": 0.009893612004816532, "lowlevel.spectral_energyband_middle_low.mean": 0.010876862332224846, "lowlevel.spectral_energyband_middle_low.stdev": 0.014737254939973354, "lowlevel.spectral_entropy.mean": 7.136631488800049, "lowlevel.spectral_entropy.stdev": 0.4993763566017151, "lowlevel.spectral_flux.mean": 0.08870622515678406, "lowlevel.spectral_flux.stdev": 0.07527966052293777, "lowlevel.spectral_kurtosis.mean": 7.873291015625, "lowlevel.spectral_kurtosis.stdev": 7.296032905578613, "lowlevel.spectral_rms.mean": 0.004219632595777512, "lowlevel.spectral_rms.stdev": 0.002309666480869055, "lowlevel.spectral_rolloff.mean": 1290.077392578125, "lowlevel.spectral_rolloff.stdev": 1425.771240234375, "lowlevel.spectral_skewness.mean": 2.008951425552368, "lowlevel.spectral_skewness.stdev": 0.8109710216522217, "lowlevel.spectral_spread.mean": 3863979.75, "lowlevel.spectral_spread.stdev": 1728489.5, "lowlevel.spectral_strongpeak.mean": 1.6157978773117065, "lowlevel.spectral_strongpeak.stdev": 1.9193743467330933, "lowlevel.zerocrossingrate.mean": 0.04843410477042198, "lowlevel.zerocrossingrate.stdev": 0.03433031588792801, "metadata.audio_properties.analysis.equal_loudness": 0.0, "metadata.audio_properties.analysis.length": 30.03628158569336, "metadata.audio_properties.analysis.sample_rate": 44100.0, "metadata.audio_properties.analysis.start_time": 0.0, "metadata.audio_properties.bit_rate": 103355.0, "metadata.audio_properties.length": 30.03733253479004, "metadata.audio_properties.lossless": 0.0, "metadata.audio_properties.number_channels": 1.0, "metadata.audio_properties.replay_gain": -9.067968368530273, "metadata.audio_properties.sample_rate": 48000.0, "rhythm.beats_count": 63.0, "rhythm.beats_loudness.mean": 0.04424462839961052, "rhythm.beats_loudness.stdev": 0.020722253248095512, "rhythm.bpm": 126.9852294921875, "rhythm.bpm_histogram_first_peak_bpm": 126.0, "rhythm.bpm_histogram_first_peak_weight": 0.39344263076782227, "rhythm.bpm_histogram_second_peak_bpm": 133.0, "rhythm.bpm_histogram_second_peak_spread": 0.0, "rhythm.bpm_histogram_second_peak_weight": 0.016129031777381897, "rhythm.danceability": 1.7082288265228271, "rhythm.onset_rate": 5.622419834136963, "tonal.chords_changes_rate": 0.046296294778585434, "tonal.chords_number_rate": 0.010802469216287136, "tonal.chords_strength.mean": 0.5773322582244873, "tonal.chords_strength.stdev": 0.09001445025205612, "tonal.hpcp_crest.mean": 14.757661819458008, "tonal.hpcp_crest.stdev": 7.569671154022217, "tonal.hpcp_entropy.mean": 1.8660937547683716, "tonal.hpcp_entropy.stdev": 0.7740200757980347, "tonal.key_edma.strength": 0.6757542490959167, "tonal.key_krumhansl.strength": 0.683442234992981, "tonal.key_temperley.strength": 0.6959176063537598, "tonal.tuning_diatonic_strength": 0.5712040662765503, "tonal.tuning_equal_tempered_deviation": 0.1944495588541031, "tonal.tuning_frequency": 434.193115234375, "tonal.tuning_nontempered_energy_ratio": 0.916562020778656, "lowlevel.barkbands.mean": [0.00023176246031653136, 0.0028902897611260414, 0.0030138276051729918, 0.0014332686550915241, 0.0022223496343940496, 0.003478230210021138, 0.0020061335526406765, 0.0005346582038328052, 0.0009993382263928652, 0.0008517297683283687, 0.0011771612334996462, 0.001393394428305328, 0.0013358461437746882, 0.0006026336341165006, 0.00031464273342862725, 0.00039931631181389093, 0.0002550262142904103, 0.0001282819575862959, 9.927432256517932e-05, 0.00013003600179217756, 6.987367669353262e-05, 3.143748108414002e-05, 4.118789001950063e-05, 5.323361619957723e-05, 2.5382832973264158e-05, 6.460909673933202e-08, 7.80992770454958e-10], "lowlevel.barkbands.stdev": [0.0005302620702423155, 0.006913198158144951, 0.011969931423664093, 0.004074950236827135, 0.0040734861977398396, 0.008079323917627335, 0.00684185978025198, 0.002543080598115921, 0.0036456026136875153, 0.0028503688517957926, 0.005312210880219936, 0.0034072566777467728, 0.00460403598845005, 0.001694651204161346, 0.0009974334388971329, 0.0019905376248061657, 0.0010170320747420192, 0.0003613752778619528, 0.00021177732560317963, 0.0002913271018769592, 0.00016438534657936543, 9.457259147893637e-05, 0.00012698462523985654, 0.0001598534727236256, 5.995672108838335e-05, 3.717707954820071e-07, 1.325192955370369e-09], "lowlevel.erbbands.mean": [0.09883537143468857, 0.6125456094741821, 2.933485984802246, 4.851459980010986, 3.4458060264587402, 9.203054428100586, 23.33586883544922, 26.312641143798828, 28.871545791625977, 21.902624130249023, 14.634960174560547, 23.092103958129883, 22.228944778442383, 44.05171203613281, 44.431724548339844, 51.642417907714844, 61.524410247802734, 37.32196807861328, 20.29054832458496, 19.036218643188477, 21.16255760192871, 13.550461769104004, 7.955408573150635, 5.655151844024658, 5.3172383308410645, 6.231029510498047, 4.243468761444092, 1.853432059288025, 1.1325721740722656, 1.1765011548995972, 1.2183597087860107, 1.2290235757827759, 0.7708625197410583, 0.3524297773838043, 0.14433503150939941, 0.008452657610177994, 0.00024941604351624846, 2.1041289073764347e-05, 1.501165570516605e-05, 2.8156111511634663e-05], "lowlevel.erbbands.stdev": [0.22531305253505707, 1.7824352979660034, 11.37900447845459, 16.17556381225586, 6.679916858673096, 14.407087326049805, 70.56261444091797, 63.59319305419922, 98.00698852539062, 94.52767181396484, 55.10893249511719, 88.4014663696289, 76.57421112060547, 182.55709838867188, 114.57270812988281, 102.40325927734375, 205.1228790283203, 99.32953643798828, 62.4284782409668, 65.97504425048828, 102.16068267822266, 50.070213317871094, 21.82887077331543, 14.004638671875, 11.437524795532227, 13.97887134552002, 9.820857048034668, 4.2147393226623535, 3.1708526611328125, 4.0007171630859375, 3.8152971267700195, 3.4688503742218018, 2.507662773132324, 0.8948752880096436, 0.3303351104259491, 0.020166417583823204, 0.0005526258610188961, 4.2018440581159666e-05, 1.5515754057560116e-05, 3.113936327281408e-05], "lowlevel.gfcc.mean": [-63.0963020324707, 127.78311920166016, -137.60653686523438, 26.861175537109375, -72.86260223388672, 18.52580451965332, -44.564640045166016, -1.9990240335464478, -25.03249168395996, -7.91577672958374, 4.873451232910156, -10.496512413024902, 8.664532661437988], "lowlevel.melbands.mean": [0.0008176148403435946, 0.0012801267439499497, 0.000773829931858927, 0.0004099799843970686, 0.0007425883668474853, 0.0006141412886790931, 0.0004306755436118692, 0.00020188838243484497, 0.00013579323422163725, 0.00013692393258679658, 0.00010919222404481843, 0.000174123837496154, 0.00015780878311488777, 0.00015588515088893473, 0.00014837153139524162, 0.00010814121196744964, 6.403390580089763e-05, 3.483728869468905e-05, 2.1932464733254164e-05, 2.8864622436231002e-05, 2.3036142010823824e-05, 1.4340974303195253e-05, 1.0255297638650518e-05, 5.720375611417694e-06, 4.388640263641719e-06, 3.718936795849004e-06, 4.02034493163228e-06, 4.1338507799082436e-06, 3.0191420137271052e-06, 1.715097369014984e-06, 8.635103085907758e-07, 6.285657718763105e-07, 6.085581958359398e-07, 6.653796731370676e-07, 7.33809940811625e-07, 6.309326749942556e-07, 8.041818659876299e-07, 5.987587314848497e-07, 3.5044607216150325e-07, 2.815482673668157e-07], "lowlevel.melbands.stdev": [0.0018225802341476083, 0.004593695979565382, 0.002406313084065914, 0.0005785785615444183, 0.001984828617423773, 0.0013959449715912342, 0.001452811062335968, 0.0009281861130148172, 0.0005315187154337764, 0.0005371622974053025, 0.00039902940625324845, 0.0007011115085333586, 0.0005201082676649094, 0.00043649793951772153, 0.0004843176284339279, 0.0003204451350029558, 0.00018634978914633393, 0.0001254415838047862, 7.980424561537802e-05, 0.00014944904251024127, 0.00012716688797809184, 6.412341463146731e-05, 2.9141314371372573e-05, 1.6756559489294887e-05, 1.1944029211008456e-05, 8.389093636651523e-06, 1.0238878530799411e-05, 9.374851288157515e-06, 7.72076873545302e-06, 4.065218035975704e-06, 2.2009787699062144e-06, 1.8294798564966186e-06, 1.9002161479875213e-06, 2.3613122266397113e-06, 2.4961912004073383e-06, 1.7075789173759404e-06, 2.366381977481069e-06, 2.0383988612593384e-06, 1.0436602906338521e-06, 6.923220894350379e-07], "lowlevel.melbands128.mean": [0.00021793649648316205, 0.0008627120405435562, 0.0009411139762960374, 0.0009763102862052619, 0.0013900958001613617, 0.0014846562407910824, 0.0010828583035618067, 0.0005813883035443723, 0.00024196307640522718, 0.000354188698111102, 0.0005503739812411368, 0.0005680512986145914, 0.0008296913001686335, 0.0009547437075525522, 0.0005859727971255779, 0.0004452669818419963, 0.00046490790555253625, 0.0004721834266092628, 0.0003202898078598082, 0.0002750009880401194, 0.00010889256373047829, 7.23331977496855e-05, 0.00012981388135813177, 0.00021171940898057073, 0.00018349505262449384, 8.205776975955814e-05, 9.216628677677363e-05, 0.00010495463357074186, 0.00013579406368080527, 0.00012654665624722838, 0.0001949613360920921, 0.00026176607934758067, 0.000127416176837869, 6.783597928006202e-05, 0.0002585426263976842, 0.00012861588038504124, 0.00010433969146106392, 0.00011815011384896934, 0.00023685843916609883, 0.00011936655937461182, 5.223190237302333e-05, 0.00013475187006406486, 5.083196811028756e-05, 4.537678978522308e-05, 4.085719046997838e-05, 4.042179716634564e-05, 1.626459925319068e-05, 1.846327359089628e-05, 2.647883775352966e-05, 2.5861718313535675e-05, 2.6292054826626554e-05, 3.814779847743921e-05, 2.0891351596219465e-05, 2.2661852199235e-05, 1.5044829524413217e-05, 1.2916394553030841e-05, 1.2803415302187204e-05, 1.4485710380540695e-05, 7.4952063187083695e-06, 5.593187324848259e-06, 5.595671609626152e-06, 6.303077498159837e-06, 4.614943463820964e-06, 4.156074282946065e-06, 3.3422463729948504e-06, 3.3554415495018475e-06, 4.636339781427523e-06, 3.0646510822407436e-06, 3.982124326284975e-06, 5.04897207065369e-06, 4.141966655879514e-06, 3.6171240935800597e-06, 4.0397621887677815e-06, 2.7664802928484278e-06, 2.0441700598894386e-06, 2.193305817854707e-06, 1.3517492334358394e-06, 7.539828743574617e-07, 1.0200053566222778e-06, 6.524688842546311e-07, 6.712185722790309e-07, 6.35775506907521e-07, 4.605400079071842e-07, 6.904837732690794e-07, 6.071297775633866e-07, 6.702570658490004e-07, 6.246426096367941e-07, 7.605913765473815e-07, 8.245826847996796e-07, 6.525167464133119e-07, 5.890691454624175e-07, 5.526310360437492e-07, 8.089471634775691e-07, 9.090545063372701e-07, 7.235666430460697e-07, 6.965861985008814e-07, 5.804854481539223e-07, 4.7216244070114044e-07, 3.142655486954027e-07, 3.255880471897399e-07, 2.797299885060056e-07, 3.017248388914595e-07, 2.3176413321834843e-07, 2.4093463935059845e-07, 1.877410227280052e-07, 1.2149965300523036e-07, 3.115144409093773e-08, 4.2026533364492025e-09, 2.7474206243383037e-10, 5.033863950676398e-11, 2.478095506575073e-11, 2.1367286412443676e-11, 1.2245864045024035e-11, 7.386561848288231e-12, 6.3487466152312155e-12, 5.731271360276402e-12, 4.863149813405521e-12, 3.747385214636356e-12, 3.491814476452859e-12, 3.3969528578925434e-12, 3.27333906507965e-12, 3.168797255842515e-12, 3.094598362285428e-12, 3.035751554650301e-12, 2.936922406659992e-12, 2.801524637274788e-12, 2.7233070399451664e-12, 2.7006363725184945e-12], "lowlevel.melbands128.stdev": [0.0005056937225162983, 0.0020709943491965532, 0.0023653919342905283, 0.0032164189033210278, 0.005450431257486343, 0.005907322280108929, 0.003758110338822007, 0.0014725150540471077, 0.0005614275578409433, 0.0005763869849033654, 0.0009531681425869465, 0.001622313167899847, 0.0032961852848529816, 0.002598482184112072, 0.0016635211650282145, 0.0019144475227221847, 0.0016370118828490376, 0.002271773759275675, 0.0014251475222408772, 0.0015205970266833901, 0.0007396492292173207, 0.0002632374526001513, 0.0008303115027956665, 0.0009134826250374317, 0.0008974112570285797, 0.0005913405329920352, 0.0005205211346037686, 0.000543179688975215, 0.0006490304367616773, 0.0005135080427862704, 0.0012534561101347208, 0.001404177863150835, 0.0005409231525845826, 0.0002796094340737909, 0.001055148895829916, 0.0003628813137765974, 0.00027765511185862124, 0.0004926516558043659, 0.0011040912941098213, 0.0006017977138981223, 0.00025741488207131624, 0.0005243458435870707, 0.0002199752489104867, 0.00022832125250715762, 0.0001950496807694435, 0.00019645529391709715, 7.115123298717663e-05, 0.00010749188368208706, 0.00014344915689434856, 0.00012771939509548247, 0.00023683355539105833, 0.00028029721579514444, 0.0001383359485771507, 0.0002659157617017627, 9.600229532225057e-05, 8.035006612772122e-05, 6.242019298952073e-05, 5.1517672545742244e-05, 3.0370443710125983e-05, 3.0302477171062492e-05, 1.9921122657251544e-05, 2.5890993128996342e-05, 2.0669302102760412e-05, 1.5812021956662647e-05, 1.1946823178732302e-05, 8.716906449990347e-06, 1.46620277519105e-05, 9.304031664214563e-06, 1.3918588592787273e-05, 1.5948759028105997e-05, 1.136947776103625e-05, 1.07121059045312e-05, 1.2403059372445568e-05, 9.761522960616276e-06, 6.469557774835266e-06, 5.667333425662946e-06, 3.7466631965799024e-06, 2.1073053630971117e-06, 2.793329258565791e-06, 1.9244182567490498e-06, 2.075643351417966e-06, 2.260437668155646e-06, 1.2577501138366642e-06, 2.151207127099042e-06, 2.5051767806871794e-06, 2.4643986762384884e-06, 2.3896982384030707e-06, 2.624305125209503e-06, 3.318068365842919e-06, 2.0916882021992933e-06, 1.6734867358536576e-06, 1.5552137710983516e-06, 2.3842003429308534e-06, 2.8076783564756624e-06, 2.39970631810138e-06, 2.3705251805949956e-06, 2.171469759559841e-06, 1.8515381725592306e-06, 8.961681601249438e-07, 1.0370836207584944e-06, 7.344716550505836e-07, 8.341609145645634e-07, 5.528931410481164e-07, 5.447005833048024e-07, 5.305966510604776e-07, 3.2794230264698854e-07, 8.008765206568569e-08, 1.7593595913467652e-08, 2.6007433984176487e-09, 5.020017179724334e-10, 2.9391961087199547e-10, 2.7144411718360573e-10, 1.2178739960955198e-10, 4.9215791164680667e-11, 3.8124933765537605e-11, 3.2103986136178264e-11, 2.12048330283654e-11, 6.839281311427081e-12, 5.809434096976096e-12, 5.6503812045916035e-12, 5.344029472414968e-12, 5.10569364564617e-12, 4.992045839202763e-12, 4.906909514129643e-12, 4.834132660141988e-12, 4.777134850891818e-12, 4.734899972103079e-12, 4.709424256815753e-12], "lowlevel.mfcc.mean": [-695.1777954101562, 143.3910675048828, -1.003963589668274, 6.520699501037598, 0.2364550679922104, 1.6976388692855835, 1.8847919702529907, -4.11752986907959, -10.9198637008667, -5.528269290924072, -9.714339256286621, 1.2615364789962769, 1.6143068075180054], "lowlevel.spectral_contrast_coeffs.mean": [-0.6777486801147461, -0.7339736819267273, -0.7449269890785217, -0.7756984829902649, -0.8024804592132568, -0.791068971157074], "lowlevel.spectral_contrast_coeffs.stdev": [0.0871184691786766, 0.09488382190465927, 0.08598512411117554, 0.08394571393728256, 0.05873379483819008, 0.035978637635707855], "lowlevel.spectral_contrast_valleys.mean": [-7.159236907958984, -7.0004425048828125, -7.530876159667969, -8.059637069702148, -8.27140998840332, -10.938769340515137], "lowlevel.spectral_contrast_valleys.stdev": [0.8247659802436829, 0.59874427318573, 0.5854552984237671, 0.6390407681465149, 0.8229819536209106, 1.0317468643188477], "rhythm.beats_loudness_band_ratio.mean": [0.6991044282913208, 0.09710180014371872, 0.0720130205154419, 0.10343683511018753, 0.029910270124673843, 0.014428840950131416], "rhythm.beats_loudness_band_ratio.stdev": [0.19039824604988098, 0.08065658807754517, 0.07641901075839996, 0.11859023571014404, 0.05597991496324539, 0.014984714798629284], "tonal.hpcp.mean": [0.18770165741443634, 0.17287075519561768, 0.07772082835435867, 0.07014114409685135, 0.07747818529605865, 0.07781903445720673, 0.24089518189430237, 0.27107301354408264, 0.09170354157686234, 0.03925422579050064, 0.03325705975294113, 0.04490768536925316, 0.14238275587558746, 0.13709646463394165, 0.05505817383527756, 0.1372978240251541, 0.1662258505821228, 0.10118064284324646, 0.11094975471496582, 0.10380365699529648, 0.10072415322065353, 0.2654522657394409, 0.2963223159313202, 0.13426244258880615, 0.05953851714730263, 0.04557572677731514, 0.0689026489853859, 0.15295706689357758, 0.14131659269332886, 0.06376104801893234, 0.07296810299158096, 0.07163001596927643, 0.06989805400371552, 0.10085475444793701, 0.09804246574640274, 0.10114801675081253], "tonal.hpcp.stdev": [0.2944662868976593, 0.2850235104560852, 0.18591392040252686, 0.1996167153120041, 0.20844659209251404, 0.18485280871391296, 0.2996813952922821, 0.34183189272880554, 0.169878751039505, 0.1354937106370926, 0.11922939866781235, 0.1053873673081398, 0.2743113040924072, 0.2787456214427948, 0.11609082669019699, 0.2544645071029663, 0.29262280464172363, 0.19649522006511688, 0.2383606880903244, 0.22047479450702667, 0.19447177648544312, 0.33020567893981934, 0.3665396571159363, 0.22944465279579163, 0.16946904361248016, 0.1397354006767273, 0.16682405769824982, 0.27206629514694214, 0.2551630437374115, 0.153609037399292, 0.18964040279388428, 0.1856173872947693, 0.16056977212429047, 0.1828431487083435, 0.19710774719715118, 0.20294250547885895], "rhythm.beats_position": [0.41795918345451355, 0.8707482814788818, 1.3467572927474976, 1.8227664232254028, 2.2987754344940186, 2.7863945960998535, 3.250793695449829, 3.738412618637085, 4.21442174911499, 4.690430641174316, 5.154829978942871, 5.642448902130127, 6.106847763061523, 6.582857131958008, 7.058866024017334, 7.53487491607666, 8.010884284973145, 8.4752836227417, 8.939682006835938, 9.415691375732422, 9.891700744628906, 10.367709159851074, 10.843718528747559, 11.308117866516113, 11.784127235412598, 12.260135650634766, 12.72453498840332, 13.200544357299805, 13.676552772521973, 14.140952110290527, 14.616961479187012, 15.09296989440918, 15.568979263305664, 16.04498863220215, 16.509387969970703, 16.985397338867188, 17.46140480041504, 17.937414169311523, 18.413423538208008, 18.877822875976562, 19.353832244873047, 19.82984161376953, 20.294239044189453, 20.770248413085938, 21.246257781982422, 21.710657119750977, 22.17505645751953, 22.651065826416016, 23.1270751953125, 23.591472625732422, 24.055871963500977, 24.52027130126953, 24.996280670166016, 25.4722900390625, 25.936689376831055, 26.40108871459961, 26.87709617614746, 27.353105545043945, 27.8175048828125, 28.293514251708984, 28.75791358947754, 29.233922958374023, 29.698322296142578], "rhythm.bpm_histogram": [0.0, 0.0, 0.0, 0.0, 0.0, 0.0, 0.0, 0.0, 0.0, 0.0, 0.0, 0.0, 0.0, 0.0, 0.0, 0.0, 0.0, 0.0, 0.0, 0.0, 0.0, 0.0, 0.0, 0.0, 0.0, 0.0, 0.0, 0.0, 0.0, 0.0, 0.0, 0.0, 0.0, 0.0, 0.0, 0.0, 0.0, 0.0, 0.0, 0.0, 0.0, 0.0, 0.0, 0.0, 0.0, 0.0, 0.0, 0.0, 0.0, 0.0, 0.0, 0.0, 0.0, 0.0, 0.0, 0.0, 0.0, 0.0, 0.0, 0.0, 0.0, 0.0, 0.0, 0.0, 0.0, 0.0, 0.0, 0.0, 0.0, 0.0, 0.0, 0.0, 0.0, 0.0, 0.0, 0.0, 0.0, 0.0, 0.0, 0.0, 0.0, 0.0, 0.0, 0.0, 0.0, 0.0, 0.0, 0.0, 0.0, 0.0, 0.0, 0.0, 0.0, 0.0, 0.0, 0.0, 0.0, 0.0, 0.0, 0.0, 0.0, 0.0, 0.0, 0.0, 0.0, 0.0, 0.0, 0.0, 0.0, 0.0, 0.0, 0.0, 0.0, 0.0, 0.0, 0.0, 0.0, 0.0, 0.0, 0.0, 0.0, 0.0, 0.0, 0.04838709533214569, 0.0, 0.0, 0.5967742204666138, 0.0, 0.0, 0.33870968222618103, 0.0, 0.0, 0.0, 0.016129031777381897, 0.0, 0.0, 0.0, 0.0, 0.0, 0.0, 0.0, 0.0, 0.0, 0.0, 0.0, 0.0, 0.0, 0.0, 0.0, 0.0, 0.0, 0.0, 0.0, 0.0, 0.0, 0.0, 0.0, 0.0, 0.0, 0.0, 0.0, 0.0, 0.0, 0.0, 0.0, 0.0, 0.0, 0.0, 0.0, 0.0, 0.0, 0.0, 0.0, 0.0, 0.0, 0.0, 0.0, 0.0, 0.0, 0.0, 0.0, 0.0, 0.0, 0.0, 0.0, 0.0, 0.0, 0.0, 0.0, 0.0, 0.0, 0.0, 0.0, 0.0, 0.0, 0.0, 0.0, 0.0, 0.0, 0.0, 0.0, 0.0, 0.0, 0.0, 0.0, 0.0, 0.0, 0.0, 0.0, 0.0, 0.0, 0.0, 0.0, 0.0, 0.0, 0.0, 0.0, 0.0, 0.0, 0.0, 0.0, 0.0, 0.0, 0.0, 0.0, 0.0, 0.0, 0.0, 0.0, 0.0, 0.0, 0.0, 0.0, 0.0, 0.0, 0.0, 0.0, 0.0, 0.0, 0.0, 0.0, 0.0, 0.0, 0.0, 0.0, 0.0, 0.0, 0.0, 0.0, 0.0], "tonal.chords_histogram": [23.765432357788086, 11.574073791503906, 5.4012346267700195, 0.0, 0.0, 0.0, 0.0, 0.0, 0.0, 0.0, 0.0, 0.0, 0.0, 0.46296295523643494, 0.0, 0.0, 0.0, 7.870370388031006, 0.0, 8.796296119689941, 10.648148536682129, 0.0, 30.709877014160156, 0.7716049551963806], "tonal.thpcp": [1.0, 0.453095942735672, 0.2009248435497284, 0.15380457043647766, 0.2325260192155838, 0.5161847472190857, 0.4769016206264496, 0.21517464518547058, 0.24624572694301605, 0.24173007905483246, 0.23588521778583527, 0.34035491943359375, 0.330864280462265, 0.34134459495544434, 0.63343745470047, 0.583387553691864, 0.2622847557067871, 0.23670557141304016, 0.2614659070968628, 0.26261618733406067, 0.8129498362541199, 0.9147911071777344, 0.3094722628593445, 0.13247138261795044, 0.11223272234201431, 0.15155012905597687, 0.48049959540367126, 0.46265992522239685, 0.18580502271652222, 0.4633394777774811, 0.560962975025177, 0.3414546847343445, 0.374422550201416, 0.35030657052993774, 0.3399141728878021, 0.8958227038383484], "lowlevel.gfcc.cov": [[3967.0078125, -917.3445434570312, -250.7870635986328, 568.9653930664062, -98.52745056152344, 122.16285705566406, -113.01625061035156, 179.21119689941406, -14.609366416931152, 77.8397216796875, -7.648209571838379, -90.5766372680664, -5.670960426330566], [-917.3445434570312, 1425.3604736328125, 144.2957305908203, -309.2679748535156, 336.0812072753906, -124.48430633544922, 259.0693664550781, -250.12063598632812, 89.17449188232422, -120.29489135742188, 60.446556091308594, -93.1476821899414, -10.533864974975586], [-250.7870635986328, 144.2957305908203, 892.6779174804688, 260.9246520996094, -123.1394271850586, 169.36155700683594, 21.503326416015625, 122.810302734375, 19.16469383239746, 27.062381744384766, -122.08808898925781, 71.2645263671875, -16.233373641967773], [568.9653930664062, -309.2679748535156, 260.9246520996094, 539.776611328125, -19.047773361206055, 24.581140518188477, 2.0659468173980713, 192.60595703125, 45.42189025878906, 8.301036834716797, -76.8797836303711, 30.725894927978516, 7.290503025054932], [-98.52745056152344, 336.0812072753906, -123.1394271850586, -19.047773361206055, 370.6534118652344, 66.93408966064453, 91.75020599365234, -86.0243911743164, 41.41484832763672, 9.719265937805176, 60.847747802734375, -8.783720970153809, 1.3200925588607788], [122.16285705566406, -124.48430633544922, 169.36155700683594, 24.581140518188477, 66.93408966064453, 380.9400939941406, 117.34563446044922, 6.255879878997803, -42.40922927856445, 84.69153594970703, 14.250289916992188, 62.87788772583008, -39.85174560546875], [-113.01625061035156, 259.0693664550781, 21.503326416015625, 2.0659468173980713, 91.75020599365234, 117.34563446044922, 289.8789978027344, 25.05286979675293, 0.13286638259887695, -29.362110137939453, 46.5182991027832, 2.008288860321045, -27.37842559814453], [179.21119689941406, -250.12063598632812, 122.810302734375, 192.60595703125, -86.0243911743164, 6.255879878997803, 25.05286979675293, 272.2115478515625, 70.48381042480469, 23.377796173095703, -36.815242767333984, 28.968746185302734, 43.49177551269531], [-14.609366416931152, 89.17449188232422, 19.16469383239746, 45.42189025878906, 41.41484832763672, -42.40922927856445, 0.13286638259887695, 70.48381042480469, 168.3490753173828, 42.611881256103516, 20.122880935668945, -11.24612808227539, 44.51057815551758], [77.8397216796875, -120.29489135742188, 27.062381744384766, 8.301036834716797, 9.719265937805176, 84.69153594970703, -29.362110137939453, 23.377796173095703, 42.611881256103516, 156.13177490234375, 39.64093017578125, 24.392457962036133, 9.95251178741455], [-7.648209571838379, 60.446556091308594, -122.08808898925781, -76.8797836303711, 60.847747802734375, 14.250289916992188, 46.5182991027832, -36.815242767333984, 20.122880935668945, 39.64093017578125, 148.44105529785156, 25.4957218170166, 12.668877601623535], [-90.5766372680664, -93.1476821899414, 71.2645263671875, 30.725894927978516, -8.783720970153809, 62.87788772583008, 2.008288860321045, 28.968746185302734, -11.24612808227539, 24.392457962036133, 25.4957218170166, 124.51214599609375, 33.77547836303711], [-5.670960426330566, -10.533864974975586, -16.233373641967773, 7.290503025054932, 1.3200925588607788, -39.85174560546875, -27.37842559814453, 43.49177551269531, 44.51057815551758, 9.95251178741455, 12.668877601623535, 33.77547836303711, 130.6092529296875]], "lowlevel.gfcc.icov": [[0.00040742423152551055, -8.30005737952888e-05, 0.00037687766598537564, -0.0006898089777678251, 0.00031065757502801716, -0.0005369064165279269, 0.0003691489982884377, -7.6148564403411e-05, 0.00015903763414826244, 8.504969628120307e-06, -0.00031906712683849037, 0.0006123790517449379, -0.0001501398510299623], [-8.30005737952888e-05, 0.0046853129751980305, -0.003395743202418089, 0.0030485636088997126, -0.003783036954700947, 0.004146989434957504, -0.004763259552419186, 0.003421640954911709, -0.002430759835988283, 0.0011039733653888106, 0.00024404509167652577, 0.0012473083334043622, -0.0006541972979903221], [0.00037687766598537564, -0.003395743202418089, 0.004487169906497002, -0.003317062044516206, 0.003621757263317704, -0.00413803244009614, 0.0034246272407472134, -0.0021447751205414534, 0.0010157772339880466, -0.0007628411985933781, 0.0009275715565308928, -0.0013344468316063285, 0.0005852851318195462], [-0.0006898089777678251, 0.0030485636088997126, -0.003317062044516206, 0.005938895978033543, -0.003651089034974575, 0.003701836569234729, -0.003248656867071986, 0.00014607186312787235, -0.0016163249965757132, 0.0006963094929233193, 0.001361696980893612, -0.00057263916824013, 0.00042270010453648865], [0.00031065757502801716, -0.003783036954700947, 0.003621757263317704, -0.003651089034974575, 0.007317810319364071, -0.004658381454646587, 0.0029384864028543234, -0.0005877877119928598, 9.153043356491253e-05, -0.0005388232530094683, -0.00074450095416978, -0.0005235490389168262, -0.00010384200868429616], [-0.0005369064165279269, 0.004146989434957504, -0.00413803244009614, 0.003701836569234729, -0.004658381454646587, 0.00938388705253601, -0.006649531424045563, 0.0028862571343779564, -0.00025485819787718356, -0.002633894793689251, 0.0015391111373901367, -0.0014670798555016518, 0.0006631878786720335], [0.0003691489982884377, -0.004763259552419186, 0.0034246272407472134, -0.003248656867071986, 0.0029384864028543234, -0.006649531424045563, 0.010664757341146469, -0.005212666932493448, 0.0023223189637064934, 0.0019638522062450647, -0.003109503770247102, 0.00021973154798615724, 0.001455277786590159], [-7.6148564403411e-05, 0.003421640954911709, -0.0021447751205414534, 0.00014607186312787235, -0.0005877877119928598, 0.0028862571343779564, -0.005212666932493448, 0.009696582332253456, -0.004486093297600746, 2.2210217139218003e-05, 0.0017242018366232514, -0.00018735234334599227, -0.0020286976359784603], [0.00015903763414826244, -0.002430759835988283, 0.0010157772339880466, -0.0016163249965757132, 9.153043356491253e-05, -0.00025485819787718356, 0.0023223189637064934, -0.004486093297600746, 0.011059552431106567, -0.003586397273465991, -0.0015446189790964127, 0.0017833056626841426, -0.0018777742516249418], [8.504969628120307e-06, 0.0011039733653888106, -0.0007628411985933781, 0.0006963094929233193, -0.0005388232530094683, -0.002633894793689251, 0.0019638522062450647, 2.2210217139218003e-05, -0.003586397273465991, 0.010919496417045593, -0.0033874285873025656, 0.000544747628737241, 0.00013962741650175303], [-0.00031906712683849037, 0.00024404509167652577, 0.0009275715565308928, 0.001361696980893612, -0.00074450095416978, 0.0015391111373901367, -0.003109503770247102, 0.0017242018366232514, -0.0015446189790964127, -0.0033874285873025656, 0.011435553431510925, -0.003910025581717491, -1.7293476048507728e-05], [0.0006123790517449379, 0.0012473083334043622, -0.0013344468316063285, -0.00057263916824013, -0.0005235490389168262, -0.0014670798555016518, 0.00021973154798615724, -0.00018735234334599227, 0.0017833056626841426, 0.000544747628737241, -0.003910025581717491, 0.012990901246666908, -0.003970026504248381], [-0.0001501398510299623, -0.0006541972979903221, 0.0005852851318195462, 0.00042270010453648865, -0.00010384200868429616, 0.0006631878786720335, 0.001455277786590159, -0.0020286976359784603, -0.0018777742516249418, 0.00013962741650175303, -1.7293476048507728e-05, -0.003970026504248381, 0.010487907566130161]], "lowlevel.mfcc.cov": [[4201.2900390625, -1306.7645263671875, -187.13189697265625, 315.8990783691406, 155.56951904296875, -63.82367706298828, 27.681297302246094, -41.22465896606445, 1.6118292808532715, 194.43983459472656, -127.85298919677734, 78.51627349853516, -56.89775466918945], [-1306.7645263671875, 1674.6339111328125, -169.83697509765625, -130.83544921875, -45.715763092041016, 183.43899536132812, 62.95698165893555, -12.445205688476562, -45.430877685546875, -96.64006042480469, 113.26508331298828, -49.69640350341797, 28.890790939331055], [-187.13189697265625, -169.83697509765625, 867.0142822265625, 134.13052368164062, -27.276124954223633, 44.193870544433594, -6.840188503265381, 127.12249755859375, 116.48025512695312, 11.94307804107666, 56.6767578125, -37.923519134521484, -27.738525390625], [315.8990783691406, -130.83544921875, 134.13052368164062, 395.8857727050781, 79.1014633178711, -83.77884674072266, -34.730613708496094, 75.15838623046875, 98.56623840332031, 37.55793380737305, -31.329238891601562, 13.114704132080078, 12.223063468933105], [155.56951904296875, -45.715763092041016, -27.276124954223633, 79.1014633178711, 229.91831970214844, 42.75559997558594, -27.701601028442383, -25.05858039855957, 41.68790054321289, 22.290889739990234, -11.79273796081543, 29.20513916015625, 12.856328964233398], [-63.82367706298828, 183.43899536132812, 44.193870544433594, -83.77884674072266, 42.75559997558594, 348.2685546875, 130.31166076660156, 23.948850631713867, -8.73833179473877, -58.4575309753418, 125.97900390625, 1.6995205879211426, 35.912681579589844], [27.681297302246094, 62.95698165893555, -6.840188503265381, -34.730613708496094, -27.701601028442383, 130.31166076660156, 208.0227508544922, 84.62113189697266, -12.692421913146973, 4.0490007400512695, 56.98857879638672, 12.371524810791016, 31.353700637817383], [-41.22465896606445, -12.445205688476562, 127.12249755859375, 75.15838623046875, -25.05858039855957, 23.948850631713867, 84.62113189697266, 195.19395446777344, 69.49201965332031, -5.331396579742432, 35.31812286376953, -1.0529837608337402, 31.397239685058594], [1.6118292808532715, -45.430877685546875, 116.48025512695312, 98.56623840332031, 41.68790054321289, -8.73833179473877, -12.692421913146973, 69.49201965332031, 170.7498016357422, 50.57185363769531, 0.25256648659706116, 8.04065227508545, 7.930468559265137], [194.43983459472656, -96.64006042480469, 11.94307804107666, 37.55793380737305, 22.290889739990234, -58.4575309753418, 4.0490007400512695, -5.331396579742432, 50.57185363769531, 179.4096221923828, -0.19138175249099731, 0.20221753418445587, -22.728548049926758], [-127.85298919677734, 113.26508331298828, 56.6767578125, -31.329238891601562, -11.79273796081543, 125.97900390625, 56.98857879638672, 35.31812286376953, 0.25256648659706116, -0.19138175249099731, 170.42100524902344, 36.32273864746094, 11.474318504333496], [78.51627349853516, -49.69640350341797, -37.923519134521484, 13.114704132080078, 29.20513916015625, 1.6995205879211426, 12.371524810791016, -1.0529837608337402, 8.04065227508545, 0.20221753418445587, 36.32273864746094, 125.02980041503906, 45.95923614501953], [-56.89775466918945, 28.890790939331055, -27.738525390625, 12.223063468933105, 12.856328964233398, 35.912681579589844, 31.353700637817383, 31.397239685058594, 7.930468559265137, -22.728548049926758, 11.474318504333496, 45.95923614501953, 128.5393829345703]], "lowlevel.mfcc.icov": [[0.00039002823177725077, 0.0002896154182963073, 0.0001651713828323409, -0.0003614230372477323, 1.7489766833023168e-05, -0.0003533029230311513, -6.029442010913044e-05, 1.2987619811610784e-05, 0.00023919870727695525, -0.00035069286241196096, 0.0002893201890401542, -0.0002317810576641932, 0.0002663365157786757], [0.0002896154182963073, 0.0009270597365684807, 0.00031442297040484846, -0.00021948559151496738, 0.00010532412125030532, -0.0003811339847743511, -9.199541091220453e-05, 0.00017142921569757164, -7.14272073309985e-06, 7.993774488568306e-05, -0.00034404906909912825, 0.0004012247081845999, -1.3100194337312132e-05], [0.0001651713828323409, 0.00031442297040484846, 0.0016195265343412757, -0.0005243311170488596, 0.00044186130980961025, -0.0006343236309476197, 0.0005814403994008899, -0.0007392673869617283, -0.0005280555342324078, -9.426251926925033e-05, -0.0003733071789611131, 0.00037159520434215665, 0.000489942030981183], [-0.0003614230372477323, -0.00021948559151496738, -0.0005243311170488596, 0.004002563189715147, -0.0014164968160912395, 0.0013786879135295749, 0.0002433136833133176, -0.0012133215786889195, -0.0011547175236046314, 0.0003128850075881928, -0.00015694485045969486, 0.00015073499525897205, -0.0005242286715656519], [1.7489766833023168e-05, 0.00010532412125030532, 0.00044186130980961025, -0.0014164968160912395, 0.0061980863101780415, -0.0026149353943765163, 0.0015440010465681553, 0.0006840350106358528, -0.0008784421370364726, -0.0010667339665815234, 0.0015926361083984375, -0.0016902381321415305, 0.0001088326025637798], [-0.0003533029230311513, -0.0003811339847743511, -0.0006343236309476197, 0.0013786879135295749, -0.0026149353943765163, 0.007643194869160652, -0.004453826695680618, 0.0022708086762577295, -0.0016793508548289537, 0.0031793208327144384, -0.004841848276555538, 0.0027906098403036594, -0.0015806688461452723], [-6.029442010913044e-05, -9.199541091220453e-05, 0.0005814403994008899, 0.0002433136833133176, 0.0015440010465681553, -0.004453826695680618, 0.010054211132228374, -0.005387293640524149, 0.0027127964422106743, -0.0028828978538513184, 0.001387367257848382, -0.0017095812363550067, -0.0001400062465108931], [1.2987619811610784e-05, 0.00017142921569757164, -0.0007392673869617283, -0.0012133215786889195, 0.0006840350106358528, 0.0022708086762577295, -0.005387293640524149, 0.010541675612330437, -0.004213051870465279, 0.0024169639218598604, -0.002396833850070834, 0.0020451785530894995, -0.0018706300761550665], [0.00023919870727695525, -7.14272073309985e-06, -0.0005280555342324078, -0.0011547175236046314, -0.0008784421370364726, -0.0016793508548289537, 0.0027127964422106743, -0.004213051870465279, 0.009987353347241879, -0.0033997418358922005, 0.0015673821326345205, -0.0014264893252402544, 0.00018055619148071855], [-0.00035069286241196096, 7.993774488568306e-05, -9.426251926925033e-05, 0.0003128850075881928, -0.0010667339665815234, 0.0031793208327144384, -0.0028828978538513184, 0.0024169639218598604, -0.0033997418358922005, 0.008257845416665077, -0.0025179730728268623, 0.0014626184711232781, 0.00047969131264835596], [0.0002893201890401542, -0.00034404906909912825, -0.0003733071789611131, -0.00015694485045969486, 0.0015926361083984375, -0.004841848276555538, 0.001387367257848382, -0.002396833850070834, 0.0015673821326345205, -0.0025179730728268623, 0.011036837473511696, -0.00483722286298871, 0.0017826673574745655], [-0.0002317810576641932, 0.0004012247081845999, 0.00037159520434215665, 0.00015073499525897205, -0.0016902381321415305, 0.0027906098403036594, -0.0017095812363550067, 0.0020451785530894995, -0.0014264893252402544, 0.0014626184711232781, -0.00483722286298871, 0.012035015970468521, -0.004344770684838295], [0.0002663365157786757, -1.3100194337312132e-05, 0.000489942030981183, -0.0005242286715656519, 0.0001088326025637798, -0.0015806688461452723, -0.0001400062465108931, -0.0018706300761550665, 0.00018055619148071855, 0.00047969131264835596, 0.0017826673574745655, -0.004344770684838295, 0.010445964522659779]], "metadata.audio_properties.analysis.downmix": "mix", "metadata.audio_properties.cod