{"song_id": "1183703509959446688", "download": "https://cdn.discordapp.com/attachments/1128313332273782784/1183703509959446688/chirp.mp4?ex=65894ccc&amp", "lyrics": "\u0412 \u0442\u0438\u0445\u043e\u043c \u0443\u0433\u043e\u043b\u043a\u0435 \u0444\u0430\u043d\u0442\u0430\u0437\u0438\u0439 \u043c\u043e\u0438\u0445,\n\u0420\u043e\u0434\u0438\u043b\u0430\u0441\u044c \u0438\u0441\u0442\u043e\u0440\u0438\u044f \u043e \u041c\u0438\u0448\u0435 \u0438\u0432\u0435\u043d\u0442\u0430\u0445.\n\u041d\u043e \u041c\u0438\u0448\u0430, \u0443\u0432\u044b, \u043d\u0435 \u0432 \u043d\u0430\u0441\u0442\u0440\u043e\u0435\u043d\u0438\u0438,\n\u0418\u0432\u0435\u043d\u0442 \u043f\u0440\u043e \u0413\u0443\u043b\u044f \u0435\u043c\u0443 \u043d\u0435 \u043f\u043e \u0434\u0443\u0448\u0435.\n\n\u041e\u043d \u0441\u0438\u0434\u0438\u0442 \u0437\u0430 \u0441\u0442\u043e\u043b\u043e\u043c, \u0433\u043e\u043b\u043e\u0432\u0443 \u0441\u043a\u043b\u043e\u043d\u0438\u0432,\n\u041c\u044b\u0441\u043b\u0438 \u0432 \u0433\u043e\u043b\u043e\u0432\u0435 \u043a\u0440\u0443\u0436\u0430\u0442\u0441\u044f, \u043d\u043e \u043d\u0435 \u043b\u0435\u0442\u044f\u0442.\n\u041e\u043d \u043d\u0435 \u0445\u043e\u0447\u0435\u0442 \u0441\u043e\u0437\u0434\u0430\u0432\u0430\u0442\u044c \u0432\u0435\u0441\u0435\u043b\u044c\u0435 \u0438 \u0441\u043c\u0435\u0445,\n\u0412 \u0435\u0433\u043e \u0441\u0435\u0440\u0434\u0446\u0435 \u0442\u043e\u0441\u043a\u0430 \u0438 \u043d\u0435\u0436\u0435\u043b\u0430\u043d\u0438\u0435.", "style": ["Shanson"], "essentia_features": {"lowlevel.average_loudness": 0.9681420922279358, "lowlevel.barkbands_crest.mean": 12.68547534942627, "lowlevel.barkbands_crest.stdev": 5.3231377601623535, "lowlevel.barkbands_flatness_db.mean": 0.24002519249916077, "lowlevel.barkbands_flatness_db.stdev": 0.11215896159410477, "lowlevel.barkbands_kurtosis.mean": 19.02467155456543, "lowlevel.barkbands_kurtosis.stdev": 63.482269287109375, "lowlevel.barkbands_skewness.mean": 2.2714786529541016, "lowlevel.barkbands_skewness.stdev": 2.6786885261535645, "lowlevel.barkbands_spread.mean": 14.713238716125488, "lowlevel.barkbands_spread.stdev": 18.377418518066406, "lowlevel.dissonance.mean": 0.4213646948337555, "lowlevel.dissonance.stdev": 0.04809292033314705, "lowlevel.dynamic_complexity": 4.660762310028076, "lowlevel.erbbands_crest.mean": 11.445720672607422, "lowlevel.erbbands_crest.stdev": 5.233830451965332, "lowlevel.erbbands_flatness_db.mean": 0.21299394965171814, "lowlevel.erbbands_flatness_db.stdev": 0.0532698892056942, "lowlevel.erbbands_kurtosis.mean": 3.4137470722198486, "lowlevel.erbbands_kurtosis.stdev": 5.1468048095703125, "lowlevel.erbbands_skewness.mean": 1.1841835975646973, "lowlevel.erbbands_skewness.stdev": 0.9724907875061035, "lowlevel.erbbands_spread.mean": 28.880922317504883, "lowlevel.erbbands_spread.stdev": 24.830638885498047, "lowlevel.hfc.mean": 16.70191764831543, "lowlevel.hfc.stdev": 15.170915603637695, "lowlevel.loudness_ebu128.integrated": -15.591511726379395, "lowlevel.loudness_ebu128.loudness_range": 9.694222450256348, "lowlevel.loudness_ebu128.momentary.mean": -17.970638275146484, "lowlevel.loudness_ebu128.momentary.stdev": 5.6687421798706055, "lowlevel.loudness_ebu128.short_term.mean": -17.106191635131836, "lowlevel.loudness_ebu128.short_term.stdev": 3.907634973526001, "lowlevel.melbands_crest.mean": 17.359760284423828, "lowlevel.melbands_crest.stdev": 8.297872543334961, "lowlevel.melbands_flatness_db.mean": 0.32353779673576355, "lowlevel.melbands_flatness_db.stdev": 0.11946070939302444, "lowlevel.melbands_kurtosis.mean": 20.440786361694336, "lowlevel.melbands_kurtosis.stdev": 56.600547790527344, "lowlevel.melbands_skewness.mean": 2.5713112354278564, "lowlevel.melbands_skewness.stdev": 2.456155300140381, "lowlevel.melbands_spread.mean": 15.082916259765625, "lowlevel.melbands_spread.stdev": 22.376447677612305, "lowlevel.pitch_salience.mean": 0.506170928478241, "lowlevel.pitch_salience.stdev": 0.1639368236064911, "lowlevel.silence_rate_20dB.mean": 1.0, "lowlevel.silence_rate_20dB.stdev": 0.0, "lowlevel.silence_rate_30dB.mean": 0.9932639598846436, "lowlevel.silence_rate_30dB.stdev": 0.08179879188537598, "lowlevel.silence_rate_60dB.mean": 0.0587875060737133, "lowlevel.silence_rate_60dB.stdev": 0.23522676527500153, "lowlevel.spectral_centroid.mean": 859.159423828125, "lowlevel.spectral_centroid.stdev": 679.79443359375, "lowlevel.spectral_complexity.mean": 11.322718620300293, "lowlevel.spectral_complexity.stdev": 6.289645195007324, "lowlevel.spectral_decrease.mean": -8.139472207346898e-09, "lowlevel.spectral_decrease.stdev": 7.155415815418564e-09, "lowlevel.spectral_energy.mean": 0.03223516419529915, "lowlevel.spectral_energy.stdev": 0.027403654530644417, "lowlevel.spectral_energyband_high.mean": 0.0006722297403030097, "lowlevel.spectral_energyband_high.stdev": 0.0013047553366050124, "lowlevel.spectral_energyband_low.mean": 0.007683180272579193, "lowlevel.spectral_energyband_low.stdev": 0.012432649731636047, "lowlevel.spectral_energyband_middle_high.mean": 0.0029079336673021317, "lowlevel.spectral_energyband_middle_high.stdev": 0.004405394196510315, "lowlevel.spectral_energyband_middle_low.mean": 0.01874029077589512, "lowlevel.spectral_energyband_middle_low.stdev": 0.016623610630631447, "lowlevel.spectral_entropy.mean": 6.934585094451904, "lowlevel.spectral_entropy.stdev": 0.6058089733123779, "lowlevel.spectral_flux.mean": 0.07846101373434067, "lowlevel.spectral_flux.stdev": 0.05045493692159653, "lowlevel.spectral_kurtosis.mean": 13.213689804077148, "lowlevel.spectral_kurtosis.stdev": 18.8156795501709, "lowlevel.spectral_rms.mean": 0.005173207260668278, "lowlevel.spectral_rms.stdev": 0.002164911013096571, "lowlevel.spectral_rolloff.mean": 1125.4739990234375, "lowlevel.spectral_rolloff.stdev": 2098.2734375, "lowlevel.spectral_skewness.mean": 2.362659454345703, "lowlevel.spectral_skewness.stdev": 1.3682944774627686, "lowlevel.spectral_spread.mean": 4430416.0, "lowlevel.spectral_spread.stdev": 2982548.75, "lowlevel.spectral_strongpeak.mean": 1.1580109596252441, "lowlevel.spectral_strongpeak.stdev": 1.3042185306549072, "lowlevel.zerocrossingrate.mean": 0.045005299150943756, "lowlevel.zerocrossingrate.stdev": 0.05074233561754227, "metadata.audio_properties.analysis.equal_loudness": 0.0, "metadata.audio_properties.analysis.length": 37.886940002441406, "metadata.audio_properties.analysis.sample_rate": 44100.0, "metadata.audio_properties.analysis.start_time": 0.0, "metadata.audio_properties.bit_rate": 116841.0, "metadata.audio_properties.length": 37.88800048828125, "metadata.audio_properties.lossless": 0.0, "metadata.audio_properties.number_channels": 1.0, "metadata.audio_properties.replay_gain": -11.526546478271484, "metadata.audio_properties.sample_rate": 48000.0, "rhythm.beats_count": 82.0, "rhythm.beats_loudness.mean": 0.041390832513570786, "rhythm.beats_loudness.stdev": 0.023788126185536385, "rhythm.bpm": 129.72610473632812, "rhythm.bpm_histogram_first_peak_bpm": 129.0, "rhythm.bpm_histogram_first_peak_weight": 0.3239436745643616, "rhythm.bpm_histogram_second_peak_bpm": 140.0, "rhythm.bpm_histogram_second_peak_spread": 0.4444444179534912, "rhythm.bpm_histogram_second_peak_weight": 0.06172839552164078, "rhythm.danceability": 1.0199501514434814, "rhythm.onset_rate": 4.563852310180664, "tonal.chords_changes_rate": 0.05263157933950424, "tonal.chords_number_rate": 0.012239902280271053, "tonal.chords_strength.mean": 0.567017138004303, "tonal.chords_strength.stdev": 0.12683096528053284, "tonal.hpcp_crest.mean": 17.321338653564453, "tonal.hpcp_crest.stdev": 8.876020431518555, "tonal.hpcp_entropy.mean": 1.6217222213745117, "tonal.hpcp_entropy.stdev": 0.8137580156326294, "tonal.key_edma.strength": 0.7562466859817505, "tonal.key_krumhansl.strength": 0.7485238909721375, "tonal.key_temperley.strength": 0.7399494647979736, "tonal.tuning_diatonic_strength": 0.6892289519309998, "tonal.tuning_equal_tempered_deviation": 0.18737971782684326, "tonal.tuning_frequency": 434.193115234375, "tonal.tuning_nontempered_energy_ratio": 0.8704650402069092, "lowlevel.barkbands.mean": [0.005500581581145525, 0.004584948997944593, 0.00027571505052037537, 0.0007205238798633218, 0.004530065692961216, 0.0048437779769301414, 0.0019792465027421713, 0.0025881649926304817, 0.0031448528170585632, 0.0017220748122781515, 0.0006868885247968137, 0.00020167866023257375, 0.0001258720294572413, 0.00011656697461148724, 0.00011522134445840493, 7.421841291943565e-05, 8.095151133602485e-05, 6.675891199847683e-05, 0.00015795302169863135, 0.00010482815559953451, 0.00022140346118249, 8.977585821412504e-05, 3.3051757782232016e-05, 6.168135587358847e-05, 0.0001674595259828493, 3.9820635720388964e-05, 1.1212345043531968e-06], "lowlevel.barkbands.stdev": [0.021654020994901657, 0.006282477639615536, 0.0005095524247735739, 0.0016763239400461316, 0.006818309426307678, 0.00790244247764349, 0.0029151588678359985, 0.004317577928304672, 0.006888450589030981, 0.004044780973345041, 0.0013727379264310002, 0.000657040742225945, 0.00042902547284029424, 0.0003767393936868757, 0.00038692206726409495, 0.00021175901929382235, 0.00020590554049704224, 0.0001911152940010652, 0.00030433430220000446, 0.0002557146653998643, 0.0003839290584437549, 0.00034629710717126727, 0.00017377774929627776, 0.0002137606788892299, 0.0005485341534949839, 0.00013830390525981784, 6.4469345488760155e-06], "lowlevel.erbbands.mean": [0.2682393491268158, 0.5400053858757019, 0.4092707633972168, 1.2769813537597656, 4.371997833251953, 17.236379623413086, 36.4387092590332, 42.23589324951172, 29.970399856567383, 45.696372985839844, 48.83955001831055, 84.80001068115234, 59.259239196777344, 35.223670959472656, 26.429529190063477, 8.569551467895508, 6.112180233001709, 5.672271251678467, 6.566573619842529, 5.463216781616211, 3.5571701526641846, 4.2864556312561035, 3.921804428100586, 7.502011775970459, 6.2985100746154785, 5.016989231109619, 8.684672355651855, 7.252919673919678, 3.762500762939453, 1.7554848194122314, 0.7957426309585571, 0.565962016582489, 1.6467620134353638, 2.3235924243927, 0.8571451306343079, 0.19881688058376312, 0.07397282123565674, 0.009743732400238514, 0.00023496459471061826, 4.5840421080356464e-05], "lowlevel.erbbands.stdev": [0.3725297451019287, 0.8298549056053162, 0.6523417830467224, 2.717203140258789, 5.792755126953125, 28.97998046875, 50.998905181884766, 82.95283508300781, 44.245201110839844, 69.62125396728516, 91.67232513427734, 193.3218536376953, 137.21981811523438, 97.58332061767578, 48.03068542480469, 25.34720230102539, 19.342880249023438, 16.211837768554688, 21.203670501708984, 16.299760818481445, 9.949142456054688, 11.063132286071777, 10.055291175842285, 15.78132152557373, 13.422320365905762, 11.621147155761719, 17.049352645874023, 11.82713508605957, 13.928253173828125, 8.892610549926758, 3.990211009979248, 2.2418925762176514, 5.527884483337402, 7.7076616287231445, 2.9108080863952637, 0.7270213961601257, 0.2652270197868347, 0.0356777049601078, 0.0008565208408981562, 4.04011043428909e-05], "lowlevel.gfcc.mean": [-70.08621215820312, 130.2027130126953, -86.0626449584961, 6.774550437927246, -62.71524429321289, -8.421280860900879, -20.475555419921875, 19.561986923217773, -29.70639991760254, 18.313817977905273, -13.177589416503906, 1.4696110486984253, 14.25947380065918], "lowlevel.melbands.mean": [0.002020268002524972, 0.0003441051230765879, 0.00031615811167284846, 0.000686445040628314, 0.001305692014284432, 0.0009112127590924501, 0.00042844994459301233, 0.0005252661067061126, 0.0004252461367286742, 0.0005048493039794266, 0.0002778337220661342, 0.00014036147331353277, 9.488858631812036e-05, 3.225349428248592e-05, 1.677926593401935e-05, 1.0484502126928419e-05, 1.0877922250074334e-05, 1.087222062778892e-05, 7.369250397459837e-06, 6.864614988444373e-06, 3.7080699257785454e-06, 4.344433364167344e-06, 4.593630819726968e-06, 2.846716142812511e-06, 6.5820499912661035e-06, 5.378269634093158e-06, 3.4368360957159894e-06, 3.157093715344672e-06, 4.900991370959673e-06, 6.046723683539312e-06, 3.5791895243164618e-06, 2.3072436761140125e-06, 1.3025694443058455e-06, 8.491768994645099e-07, 4.816305363419815e-07, 3.080841963765124e-07, 3.2902070756790636e-07, 8.799355555311195e-07, 1.8768762402032735e-06, 2.021904947469011e-06], "lowlevel.melbands.stdev": [0.003071944694966078, 0.0004939140053465962, 0.0005757012404501438, 0.0009327423758804798, 0.001740785432048142, 0.0016670789336785674, 0.0006416470278054476, 0.0008253149571828544, 0.0008111758506856859, 0.0011466118739917874, 0.0006834031664766371, 0.00041852184222079813, 0.00018323971016798168, 8.170249202521518e-05, 6.933298573130742e-05, 3.453448152868077e-05, 3.4896675060736015e-05, 3.508466397761367e-05, 2.3471922759199515e-05, 1.944221367011778e-05, 1.1797747902164701e-05, 1.2789912034349982e-05, 1.3359311196836643e-05, 6.7222958932688925e-06, 1.4510485925711691e-05, 1.1074475878558587e-05, 9.563668754708488e-06, 7.483280569431372e-06, 1.0841710718523245e-05, 1.1079977412009612e-05, 6.2024860199016985e-06, 8.851723578118253e-06, 6.501968982774997e-06, 4.7047974476299714e-06, 2.637291117935092e-06, 1.3192224059821456e-06, 1.444863642063865e-06, 3.245601874368731e-06, 6.071013558539562e-06, 7.0599962782580405e-06], "lowlevel.melbands128.mean": [0.002583943074569106, 0.0028025491628795862, 0.0017327549867331982, 0.000636969693005085, 0.00022855402494315058, 0.00011974129301961511, 0.0002004665875574574, 0.0004306042392272502, 0.0004190828767605126, 0.00040968976099975407, 0.0009722717804834247, 0.001603247714228928, 0.0011452478356659412, 0.0013186833821237087, 0.0012641624780371785, 0.0004296705883461982, 0.00037188405985943973, 0.0005710665718652308, 0.00027523288736119866, 0.0005519659025594592, 0.00068439613096416, 0.00030953026725910604, 0.00036002518027089536, 0.0005156201077625155, 0.0007527400739490986, 0.00038616766687482595, 0.00022996304323896766, 0.0003994625876657665, 0.00014743806968908757, 0.0001855597656685859, 0.00011431363964220509, 9.244747343473136e-05, 0.00011221067688893527, 9.446869808016345e-05, 3.0205945222405717e-05, 2.0589443010976538e-05, 1.858883842942305e-05, 1.435923513781745e-05, 2.024077002715785e-05, 1.110966331907548e-05, 8.883544978743885e-06, 7.2986613304237835e-06, 9.698200301500037e-06, 1.4727495909028221e-05, 1.0398003723821603e-05, 1.0067201401398052e-05, 1.2418529877322726e-05, 4.970550889993319e-06, 6.487106020358624e-06, 8.861839887686074e-06, 7.734363862255123e-06, 4.137082669330994e-06, 2.5941292278730543e-06, 4.089859430678189e-06, 4.777224603458308e-06, 4.05801347369561e-06, 3.7727170365542406e-06, 6.2101958064886276e-06, 4.427531621331582e-06, 2.643835159688024e-06, 2.547941903685569e-06, 2.4101182134472765e-06, 6.100332939240616e-06, 9.086813406611327e-06, 5.308239906298695e-06, 5.836020136484876e-06, 5.091913408250548e-06, 3.076474740737467e-06, 3.298220235592453e-06, 3.5454283988656243e-06, 2.541470621508779e-06, 3.3910980619111797e-06, 3.837970780296018e-06, 5.272845100989798e-06, 5.851013156643603e-06, 7.072930657159304e-06, 5.838489869347541e-06, 3.92288166040089e-06, 3.7052520838187775e-06, 2.5789120172703406e-06, 2.6100531158590456e-06, 2.2010926841176115e-06, 1.515347776148701e-06, 1.3314551097209915e-06, 9.626073733670637e-07, 9.227516102328082e-07, 8.305287337861955e-07, 6.245316512831778e-07, 5.016878503738553e-07, 3.276326765444537e-07, 3.426914645388024e-07, 2.9382525212895416e-07, 2.732043924424943e-07, 2.3697602102856763e-07, 4.087090985649411e-07, 6.171661084408697e-07, 8.97464303761808e-07, 1.3713264479520149e-06, 1.8412217741570203e-06, 2.1137170733709354e-06, 2.3279901597561548e-06, 1.9453907498245826e-06, 1.8339703728997847e-06, 1.3837886854162207e-06, 8.804498179415532e-07, 5.592664251707902e-07, 4.5385604607872665e-07, 4.751995845708734e-07, 2.7908063771064917e-07, 1.9109862137156597e-07, 2.4168875256691535e-07, 2.2057217563542508e-07, 2.8609460400730313e-07, 2.365973870155358e-07, 1.6847003792008763e-07, 9.563049019334358e-08, 3.808982640407521e-08, 1.2283993378048308e-08, 8.615366753339515e-10, 1.4914566803803098e-10, 1.0177060583149711e-10, 1.623500466008121e-11, 4.301124994360306e-12, 4.117642424944501e-12, 4.0230657347151144e-12, 3.914189718873251e-12, 3.847423681729856e-12, 3.821136549536641e-12], "lowlevel.melbands128.stdev": [0.008770073764026165, 0.0040322900749742985, 0.0025755108799785376, 0.001022534677758813, 0.0004049191193189472, 0.0002331870055058971, 0.0004975983174517751, 0.0009900592267513275, 0.0006459660362452269, 0.0005951548810116947, 0.001857827533967793, 0.0029636286199092865, 0.0022073350846767426, 0.002260614885017276, 0.0029805197846144438, 0.0011137143010273576, 0.0007873550639487803, 0.0009265990229323506, 0.00047453446313738823, 0.00099833938293159, 0.0013155036140233278, 0.0008269189274869859, 0.0011390154249966145, 0.001493979711085558, 0.0021345713175833225, 0.001227185013704002, 0.0006905536283738911, 0.001225277897901833, 0.0004928886773996055, 0.000700011383742094, 0.0005235846037976444, 0.0002769762650132179, 0.00026374231674708426, 0.00023255954147316515, 0.000116218529001344, 9.206099639413878e-05, 9.185344242723659e-05, 0.00011732711573131382, 9.598554606782272e-05, 4.668939800467342e-05, 4.8284742661053315e-05, 2.8662820113822818e-05, 3.705834024003707e-05, 7.181875844253227e-05, 4.919594357488677e-05, 4.5197357394499704e-05, 6.380121340043843e-05, 2.078580655506812e-05, 3.182476575602777e-05, 3.823803490377031e-05, 2.4880517230485566e-05, 1.664500632614363e-05, 1.1552892829058692e-05, 1.5237523257383145e-05, 1.7397365809301846e-05, 1.8998976884176955e-05, 1.0839469723578077e-05, 1.856248127296567e-05, 2.231662983831484e-05, 8.06179923529271e-06, 7.231537892948836e-06, 6.6443808464100584e-06, 1.579415584274102e-05, 2.4599639800726436e-05, 1.201181294163689e-05, 1.5403014913317747e-05, 1.4252121218305547e-05, 9.881127880362328e-06, 1.155739118985366e-05, 9.569319445290603e-06, 7.354363788181217e-06, 8.679105121700559e-06, 1.0056569408334326e-05, 1.5191138118098024e-05, 1.2614274965017103e-05, 1.598023845872376e-05, 1.1747327334887814e-05, 7.166817340475973e-06, 7.461079349013744e-06, 6.2222761698649265e-06, 1.1344707672833465e-05, 1.0894828847085591e-05, 7.491399173886748e-06, 8.130049536703154e-06, 4.897355211141985e-06, 5.148664058651775e-06, 5.279973265714943e-06, 3.860031029034872e-06, 2.9814259505656082e-06, 1.5704750921941013e-06, 1.605309762453544e-06, 1.279840375900676e-06, 1.344829001936887e-06, 1.3082329815006233e-06, 1.8960545276058838e-06, 2.796093212964479e-06, 3.656628678072593e-06, 4.933716354571516e-06, 6.537652097904356e-06, 7.098668447724776e-06, 8.3775394159602e-06, 7.440876288455911e-06, 7.04542208040948e-06, 5.616272119368659e-06, 3.16283558277064e-06, 2.153149807782029e-06, 1.6933145161601715e-06, 1.9592373519117245e-06, 1.2182363207102753e-06, 7.876049039623467e-07, 1.084027985598368e-06, 9.276838568439416e-07, 1.1046161034755642e-06, 9.137895062849566e-07, 6.123281082182075e-07, 3.9291501252591843e-07, 1.7253510975479003e-07, 1.3308105906162382e-07, 1.0039531872507723e-08, 4.06789713025546e-09, 3.2605391719897625e-09, 3.806347459445192e-10, 7.520682861195116e-12, 6.776792668694576e-12, 6.679228350958688e-12, 6.600913392273977e-12, 6.543692237376275e-12, 6.508602684585085e-12], "lowlevel.mfcc.mean": [-731.3616943359375, 177.34954833984375, 18.54925537109375, 25.486127853393555, -13.53574275970459, -18.913101196289062, 19.106590270996094, -20.91314697265625, 26.196882247924805, -13.564932823181152, 7.587594509124756, -2.0461316108703613, 0.39686208963394165], "lowlevel.spectral_contrast_coeffs.mean": [-0.6808403134346008, -0.7182411551475525, -0.7340196967124939, -0.8243662118911743, -0.8058266639709473, -0.6763925552368164], "lowlevel.spectral_contrast_coeffs.stdev": [0.10651201754808426, 0.09730031341314316, 0.09126896411180496, 0.057957183569669724, 0.048042986541986465, 0.09064783900976181], "lowlevel.spectral_contrast_valleys.mean": [-6.965182781219482, -6.688951015472412, -7.839926719665527, -8.684128761291504, -8.63083267211914, -12.482089042663574], "lowlevel.spectral_contrast_valleys.stdev": [0.7318249344825745, 0.8867940902709961, 0.8858766555786133, 0.8463849425315857, 1.3785083293914795, 1.9505860805511475], "rhythm.beats_loudness_band_ratio.mean": [0.3392817974090576, 0.29259803891181946, 0.2719475030899048, 0.07666473835706711, 0.02291046269237995, 0.033500541001558304], "rhythm.beats_loudness_band_ratio.stdev": [0.33281293511390686, 0.2212241291999817, 0.20988433063030243, 0.0773928314447403, 0.03728590905666351, 0.10337916016578674], "tonal.hpcp.mean": [0.1533927619457245, 0.1763279289007187, 0.059600792825222015, 0.01573694497346878, 0.014103680849075317, 0.024098116904497147, 0.05307638272643089, 0.056702908128499985, 0.06108081713318825, 0.2320536971092224, 0.2656894326210022, 0.09215415269136429, 0.031249579042196274, 0.02417270466685295, 0.028857670724391937, 0.08267172425985336, 0.10952921211719513, 0.060701433569192886, 0.04862671718001366, 0.060725901275873184, 0.07016731798648834, 0.1695452779531479, 0.20971813797950745, 0.21876373887062073, 0.31409910321235657, 0.2342836558818817, 0.07822875678539276, 0.047620583325624466, 0.05886315926909447, 0.07770079374313354, 0.15462008118629456, 0.17012085020542145, 0.08961381018161774, 0.09545883536338806, 0.09618507325649261, 0.057863183319568634], "tonal.hpcp.stdev": [0.23722414672374725, 0.271435022354126, 0.12745077908039093, 0.06622902303934097, 0.060102999210357666, 0.09773131459951401, 0.13551494479179382, 0.14308184385299683, 0.1341056376695633, 0.3208364248275757, 0.3506895899772644, 0.19460994005203247, 0.11896834522485733, 0.10937882959842682, 0.10264410823583603, 0.20663931965827942, 0.2523309588432312, 0.16784866154193878, 0.13827946782112122, 0.16413433849811554, 0.16667228937149048, 0.28796425461769104, 0.3249324560165405, 0.27132439613342285, 0.4093859791755676, 0.3139587938785553, 0.1913665235042572, 0.1301548033952713, 0.16004183888435364, 0.1815241277217865, 0.2684955298900604, 0.28092435002326965, 0.18580393493175507, 0.219235360622406, 0.22785714268684387, 0.14521926641464233], "rhythm.beats_position": [0.4643990993499756, 0.9287981986999512, 1.3931972980499268, 1.8692063093185425, 2.356825351715088, 2.832834482192993, 3.3088433742523193, 3.7848525047302246, 4.260861396789551, 4.702040672302246, 5.154829978942871, 5.619228839874268, 6.072018146514893, 6.501587390899658, 6.931156158447266, 7.372335433959961, 7.801904678344727, 8.231473922729492, 8.661043167114258, 9.102222442626953, 9.543400764465332, 10.007800102233887, 10.472199440002441, 10.936598777770996, 11.400997161865234, 11.865396499633789, 12.329795837402344, 12.794195175170898, 13.258593559265137, 13.722992897033691, 14.187392234802246, 14.640181541442871, 15.09296989440918, 15.557369232177734, 16.02176856994629, 16.486167907714844, 16.9505672454834, 17.414966583251953, 17.879364013671875, 18.34376335144043, 18.796552658081055, 19.24934196472168, 19.713741302490234, 20.17814064025879, 20.642539978027344, 21.1069393157959, 21.55972671508789, 22.012516021728516, 22.47691535949707, 22.941314697265625, 23.39410400390625, 23.846893310546875, 24.32290267944336, 24.787302017211914, 25.240089416503906, 25.70448875427246, 26.168888092041016, 26.63328742980957, 27.097686767578125, 27.56208610534668, 28.026485443115234, 28.49088478088379, 28.95528221130371, 29.408071517944336, 29.86086082458496, 30.325260162353516, 30.78965950012207, 31.254058837890625, 31.71845817565918, 32.182857513427734, 32.63564682006836, 33.088436126708984, 33.552833557128906, 34.017234802246094, 34.481632232666016, 34.94602966308594, 35.410430908203125, 35.86322021484375, 36.316009521484375, 36.7804069519043, 37.244808197021484, 37.709205627441406], "rhythm.bpm_histogram": [0.0, 0.0, 0.0, 0.0, 0.0, 0.0, 0.0, 0.0, 0.0, 0.0, 0.0, 0.0, 0.0, 0.0, 0.0, 0.0, 0.0, 0.0, 0.0, 0.0, 0.0, 0.0, 0.0, 0.0, 0.0, 0.0, 0.0, 0.0, 0.0, 0.0, 0.0, 0.0, 0.0, 0.0, 0.0, 0.0, 0.0, 0.0, 0.0, 0.0, 0.0, 0.0, 0.0, 0.0, 0.0, 0.0, 0.0, 0.0, 0.0, 0.0, 0.0, 0.0, 0.0, 0.0, 0.0, 0.0, 0.0, 0.0, 0.0, 0.0, 0.0, 0.0, 0.0, 0.0, 0.0, 0.0, 0.0, 0.0, 0.0, 0.0, 0.0, 0.0, 0.0, 0.0, 0.0, 0.0, 0.0, 0.0, 0.0, 0.0, 0.0, 0.0, 0.0, 0.0, 0.0, 0.0, 0.0, 0.0, 0.0, 0.0, 0.0, 0.0, 0.0, 0.0, 0.0, 0.0, 0.0, 0.0, 0.0, 0.0, 0.0, 0.0, 0.0, 0.0, 0.0, 0.0, 0.0, 0.0, 0.0, 0.0, 0.0, 0.0, 0.0, 0.0, 0.0, 0.0, 0.0, 0.0, 0.0, 0.0, 0.0, 0.0, 0.0, 0.012345679104328156, 0.0, 0.0, 0.07407407462596893, 0.0, 0.0, 0.5925925970077515, 0.0, 0.0, 0.0, 0.20987653732299805, 0.0, 0.0, 0.04938271641731262, 0.0, 0.0, 0.0, 0.06172839552164078, 0.0, 0.0, 0.0, 0.0, 0.0, 0.0, 0.0, 0.0, 0.0, 0.0, 0.0, 0.0, 0.0, 0.0, 0.0, 0.0, 0.0, 0.0, 0.0, 0.0, 0.0, 0.0, 0.0, 0.0, 0.0, 0.0, 0.0, 0.0, 0.0, 0.0, 0.0, 0.0, 0.0, 0.0, 0.0, 0.0, 0.0, 0.0, 0.0, 0.0, 0.0, 0.0, 0.0, 0.0, 0.0, 0.0, 0.0, 0.0, 0.0, 0.0, 0.0, 0.0, 0.0, 0.0, 0.0, 0.0, 0.0, 0.0, 0.0, 0.0, 0.0, 0.0, 0.0, 0.0, 0.0, 0.0, 0.0, 0.0, 0.0, 0.0, 0.0, 0.0, 0.0, 0.0, 0.0, 0.0, 0.0, 0.0, 0.0, 0.0, 0.0, 0.0, 0.0, 0.0, 0.0, 0.0, 0.0, 0.0, 0.0, 0.0, 0.0, 0.0, 0.0, 0.0, 0.0, 0.0, 0.0, 0.0, 0.0, 0.0, 0.0, 0.0, 0.0, 0.0, 0.0, 0.0, 0.0, 0.0, 0.0], "tonal.chords_histogram": [17.380661010742188, 23.011016845703125, 9.547123908996582, 0.0, 8.20073413848877, 0.0, 5.140758991241455, 0.0, 0.0, 0.48959606885910034, 0.36719706654548645, 0.0, 0.0, 0.0, 0.0, 1.5911872386932373, 4.406364917755127, 14.687882423400879, 6.976744174957275, 7.2215423583984375, 0.0, 0.0, 0.36719706654548645, 0.6119951009750366], "tonal.thpcp": [1.0, 0.7458908557891846, 0.2490575611591339, 0.15161006152629852, 0.18740314245224, 0.2473766803741455, 0.4922652840614319, 0.5416151881217957, 0.2853042483329773, 0.3039131164550781, 0.3062252402305603, 0.18421950936317444, 0.4883578419685364, 0.5613767504692078, 0.1897515505552292, 0.05010184645652771, 0.0449020080268383, 0.07672137767076492, 0.1689797341823578, 0.1805255264043808, 0.19446352124214172, 0.7387913465499878, 0.8458777070045471, 0.29339197278022766, 0.09948955476284027, 0.07695885002613068, 0.09187441319227219, 0.2632026672363281, 0.3487090766429901, 0.19325567781925201, 0.15481328964233398, 0.19333356618881226, 0.2233922928571701, 0.5397827625274658, 0.6676814556121826, 0.6964799761772156], "lowlevel.gfcc.cov": [[13712.7822265625, -5064.748046875, -667.7041015625, 581.64892578125, -2748.886962890625, 262.2544250488281, -893.7103271484375, 1267.123046875, -1435.1533203125, 1074.897216796875, -859.7863159179688, 463.6125183105469, 478.33642578125], [-5064.748046875, 4165.1748046875, 7.905467510223389, -813.6177978515625, 1328.65087890625, -445.86468505859375, 633.7665405273438, -596.8662109375, 562.7100219726562, -486.98492431640625, 431.54144287109375, -353.736328125, 116.46424865722656], [-667.7041015625, 7.905467510223389, 768.0252075195312, -64.69373321533203, -10.822639465332031, 162.72315979003906, -48.660030364990234, 1.7046111822128296, 66.86017608642578, -70.65697479248047, 31.343347549438477, 45.13978576660156, -103.90058135986328], [581.64892578125, -813.6177978515625, -64.69373321533203, 697.1749877929688, -216.26651000976562, 9.172296524047852, -52.4244270324707, 117.5675277709961, -25.257984161376953, -46.79139709472656, -35.29571533203125, 99.91515350341797, -61.4063606262207], [-2748.886962890625, 1328.65087890625, -10.822639465332031, -216.26651000976562, 909.2987060546875, -84.49691772460938, 242.91458129882812, -266.5578308105469, 355.01123046875, -208.64053344726562, 186.28298950195312, -127.17229461669922, -73.52685546875], [262.2544250488281, -445.86468505859375, 162.72315979003906, 9.172296524047852, -84.49691772460938, 386.7144470214844, -52.88218688964844, -66.49054718017578, 40.33843994140625, 53.893924713134766, -67.9097900390625, -9.2160062789917, -102.61336517333984], [-893.7103271484375, 633.7665405273438, -48.660030364990234, -52.4244270324707, 242.91458129882812, -52.88218688964844, 261.94195556640625, -95.61836242675781, 108.61499786376953, -56.697628021240234, 84.25667572021484, -58.204627990722656, 8.490678787231445], [1267.123046875, -596.8662109375, 1.7046111822128296, 117.5675277709961, -266.5578308105469, -66.49054718017578, -95.61836242675781, 301.2440185546875, -163.96441650390625, 85.88677978515625, -59.6547737121582, 79.46448516845703, 79.80313110351562], [-1435.1533203125, 562.7100219726562, 66.86017608642578, -25.257984161376953, 355.01123046875, 40.33843994140625, 108.61499786376953, -163.96441650390625, 318.9479675292969, -131.4428253173828, 109.78722381591797, -39.277618408203125, -78.53069305419922], [1074.897216796875, -486.98492431640625, -70.65697479248047, -46.79139709472656, -208.64053344726562, 53.893924713134766, -56.697628021240234, 85.88677978515625, -131.4428253173828, 232.39564514160156, -74.51358795166016, 20.1490421295166, 57.40618896484375], [-859.7863159179688, 431.54144287109375, 31.343347549438477, -35.29571533203125, 186.28298950195312, -67.9097900390625, 84.25667572021484, -59.6547737121582, 109.78722381591797, -74.51358795166016, 179.61630249023438, -1.8381065130233765, -5.116952896118164], [463.6125183105469, -353.736328125, 45.13978576660156, 99.91515350341797, -127.17229461669922, -9.2160062789917, -58.204627990722656, 79.46448516845703, -39.277618408203125, 20.1490421295166, -1.8381065130233765, 141.5108184814453, 6.032634258270264], [478.33642578125, 116.46424865722656, -103.90058135986328, -61.4063606262207, -73.52685546875, -102.61336517333984, 8.490678787231445, 79.80313110351562, -78.53069305419922, 57.40618896484375, -5.116952896118164, 6.032634258270264, 165.81361389160156]], "lowlevel.gfcc.icov": [[0.00038918404607102275, -7.775238191243261e-05, 0.00035682052839547396, -1.0791862223413773e-05, 0.000573400582652539, -0.00039625883800908923, 0.0002160583680961281, -0.0007481865468434989, 0.00029963889392092824, -0.0005283700302243233, 0.00048064239672385156, -0.00040664972038939595, -0.0001359790185233578], [-7.775238191243261e-05, 0.0019187794532626867, -0.0005436383653432131, 0.0012245886027812958, -0.0006429185741581023, 0.0014346276875585318, -0.0017524199793115258, 0.0019165636040270329, -0.0006029361393302679, 0.002295876620337367, -0.0007092557498253882, 0.0016775558469817042, -0.0024038339033722878], [0.00035682052839547396, -0.0005436383653432131, 0.0022536301985383034, 0.00025451742112636566, 0.0008671528194099665, -0.0015176197048276663, 0.000715946196578443, -0.0018480125581845641, 0.00023071412579156458, -0.0001251138892257586, 7.985222327988595e-05, -0.0013890514383092523, 0.0013625817373394966], [-1.0791862223413773e-05, 0.0012245886027812958, 0.00025451742112636566, 0.002960003912448883, 0.00033387832809239626, 0.0007926484104245901, -0.0014855260960757732, 0.000145568439620547, -0.000882681692019105, 0.0024798873346298933, -0.00019575419719330966, -7.374246251856675e-06, -0.00021111105161253363], [0.000573400582652539, -0.0006429185741581023, 0.0008671528194099665, 0.00033387832809239626, 0.003948755096644163, -0.0002487506717443466, -0.00013735199172515422, -0.0012696151388809085, -0.0015323300613090396, -0.0006651117000728846, 0.00035011055297218263, -0.00018640453345142305, 0.0012017171829938889], [-0.00039625883800908923, 0.0014346276875585318, -0.0015176197048276663, 0.0007926484104245901, -0.0002487506717443466, 0.005927856080234051, -0.0011829284485429525, 0.0031531951390206814, -0.0021527926437556744, 0.00016951489669736475, 0.0005984508898109198, 0.002081306418403983, 0.00044366487418301404], [0.0002160583680961281, -0.0017524199793115258, 0.000715946196578443, -0.0014855260960757732, -0.00013735199172515422, -0.0011829284485429525, 0.007510039955377579, -0.0012140660546720028, 0.0002516932145226747, -0.0025703825522214174, -0.0006004861788824201, -0.00030861885170452297, 0.0009146438678726554], [-0.0007481865468434989, 0.0019165636040270329, -0.0018480125581845641, 0.000145568439620547, -0.0012696151388809085, 0.0031531951390206814, -0.0012140660546720028, 0.00967548880726099, 0.00031790463253855705, 0.001995652448385954, -0.0010179035598412156, 0.0008262047776952386, -0.0040998090989887714], [0.00029963889392092824, -0.0006029361393302679, 0.00023071412579156458, -0.000882681692019105, -0.0015323300613090396, -0.0021527926437556744, 0.0002516932145226747, 0.00031790463253855705, 0.008188682608306408, 0.0003748629242181778, -0.0014045373536646366, -0.0013709141639992595, 0.0009541348554193974], [-0.0005283700302243233, 0.002295876620337367, -0.0001251138892257586, 0.0024798873346298933, -0.0006651117000728846, 0.00016951489669736475, -0.0025703825522214174, 0.001995652448385954, 0.0003748629242181778, 0.010807247832417488, -0.0007534005562774837, 0.001716921222396195, -0.003916981630027294], [0.00048064239672385156, -0.0007092557498253882, 7.985222327988595e-05, -0.00019575419719330966, 0.00035011055297218263, 0.0005984508898109198, -0.0006004861788824201, -0.0010179035598412156, -0.0014045373536646366, -0.0007534005562774837, 0.00984852947294712, -0.002716982737183571, 0.0001338123547611758], [-0.00040664972038939595, 0.0016775558469817042, -0.0013890514383092523, -7.374246251856675e-06, -0.00018640453345142305, 0.002081306418403983, -0.00030861885170452297, 0.0008262047776952386, -0.0013709141639992595, 0.001716921222396195, -0.002716982737183571, 0.011834708973765373, -0.0018128977390006185], [-0.0001359790185233578, -0.0024038339033722878, 0.0013625817373394966, -0.00021111105161253363, 0.0012017171829938889, 0.00044366487418301404, 0.0009146438678726554, -0.0040998090989887714, 0.0009541348554193974, -0.003916981630027294, 0.0001338123547611758, -0.0018128977390006185, 0.013499006628990173]], "lowlevel.mfcc.cov": [[12335.6376953125, -3796.700927734375, -427.6155700683594, 300.0915832519531, -1513.0245361328125, -1283.0435791015625, 457.8548278808594, -1319.4134521484375, 992.338134765625, -943.9003295898438, 47.08465576171875, -426.4973449707031, -328.28765869140625], [-3796.700927734375, 3744.96044921875, -445.2987060546875, -251.68307495117188, 330.92877197265625, 129.0914306640625, 143.45138549804688, 68.43731689453125, -48.18889236450195, 140.4155731201172, -49.59384536743164, 133.39027404785156, -5.662902355194092], [-427.6155700683594, -445.2987060546875, 934.984130859375, -186.95570373535156, 63.49026870727539, 139.81179809570312, -167.05828857421875, 246.21755981445312, -183.19717407226562, 93.45291137695312, -29.519895553588867, 7.83953857421875, 18.730268478393555], [300.0915832519531, -251.68307495117188, -186.95570373535156, 574.3566284179688, -79.24665832519531, -207.28793334960938, 85.94970703125, 4.225060939788818, 98.76497650146484, -165.5071258544922, 67.6224594116211, -26.851428985595703, -1.8796550035476685], [-1513.0245361328125, 330.92877197265625, 63.49026870727539, -79.24665832519531, 439.09600830078125, 199.60797119140625, -124.5637435913086, 255.97543334960938, -170.26052856445312, 199.81195068359375, -24.238536834716797, 60.87165832519531, 50.842010498046875], [-1283.0435791015625, 129.0914306640625, 139.81179809570312, -207.28793334960938, 199.60797119140625, 624.47314453125, -201.25753784179688, 270.0140686035156, -220.7045440673828, 290.49932861328125, -23.320556640625, 33.84425735473633, 119.64949798583984], [457.8548278808594, 143.45138549804688, -167.05828857421875, 85.94970703125, -124.5637435913086, -201.25753784179688, 292.7633972167969, -210.49624633789062, 161.4114227294922, -124.62477111816406, 32.54228210449219, 5.392152309417725, -75.7242660522461], [-1319.4134521484375, 68.43731689453125, 246.21755981445312, 4.225060939788818, 255.97543334960938, 270.0140686035156, -210.49624633789062, 483.4071044921875, -249.2962646484375, 191.21832275390625, -24.631250381469727, 57.701663970947266, 108.08364868164062], [992.338134765625, -48.18889236450195, -183.19717407226562, 98.76497650146484, -170.26052856445312, -220.7045440673828, 161.4114227294922, -249.2962646484375, 316.564697265625, -169.19683837890625, 34.111846923828125, -60.295772552490234, -43.3019905090332], [-943.9003295898438, 140.4155731201172, 93.45291137695312, -165.5071258544922, 199.81195068359375, 290.49932861328125, -124.62477111816406, 191.21832275390625, -169.19683837890625, 320.05517578125, -47.023197174072266, 60.250640869140625, 54.37428665161133], [47.08465576171875, -49.59384536743164, -29.519895553588867, 67.6224594116211, -24.238536834716797, -23.320556640625, 32.54228210449219, -24.631250381469727, 34.111846923828125, -47.023197174072266, 104.89625549316406, -10.941938400268555, 10.757964134216309], [-426.4973449707031, 133.39027404785156, 7.83953857421875, -26.851428985595703, 60.87165832519531, 33.84425735473633, 5.392152309417725, 57.701663970947266, -60.295772552490234, 60.250640869140625, -10.941938400268555, 139.81431579589844, -7.362293243408203], [-328.28765869140625, -5.662902355194092, 18.730268478393555, -1.8796550035476685, 50.842010498046875, 119.64949798583984, -75.7242660522461, 108.08364868164062, -43.3019905090332, 54.37428665161133, 10.757964134216309, -7.362293243408203, 130.9247589111328]], "lowlevel.mfcc.icov": [[0.0003031782107427716, 0.0002694514114409685, 0.00016665991279296577, 0.00022531338618136942, 0.0005331389838829637, 0.000251555087743327, 0.00010560027294559404, 6.904130714247003e-05, -0.0003438566636759788, 5.6667802709853277e-05, 0.00019834109116345644, 0.00022828152577858418, 0.00017768538964446634], [0.0002694514114409685, 0.0005910146282985806, 0.0003670318110380322, 0.0004458529001567513, 0.0002182311291107908, 0.00019122418598271906, -0.00024650126579217613, -0.0001243728183908388, -0.0003098224988207221, 0.0001630692568141967, 0.0002785634424071759, 6.935489363968372e-05, 0.00016651061014272273], [0.00016665991279296577, 0.0003670318110380322, 0.0017111655324697495, 0.0008832336170598865, 0.0005618210416287184, 0.00028980826027691364, 0.00013920219498686492, -0.0011199787259101868, 0.00010298871347913519, 0.0002678076853044331, -4.822569462703541e-05, 0.00033447175519540906, 0.0006693336763419211], [0.00022531338618136942, 0.0004458529001567513, 0.0008832336170598865, 0.003093333449214697, 0.000553349731490016, 0.0008631249656900764, -0.0005287444218993187, -0.001734905643388629, -0.0005823826650157571, 0.000985426944680512, -0.0009036239935085177, 0.0003526842629071325, 0.0001172535412479192], [0.0005331389838829637, 0.0002182311291107908, 0.0005618210416287184, 0.000553349731490016, 0.005102065857499838, 0.000725266057997942, 0.0005535123636946082, -0.0015241258079186082, -0.00036095065297558904, -0.0014943901915103197, -0.0001288090570596978, 0.00022047385573387146, 0.0007323416066356003], [0.000251555087743327, 0.00019122418598271906, 0.00028980826027691364, 0.0008631249656900764, 0.000725266057997942, 0.0037901008035987616, 0.0005904295830987394, -0.0005680368049070239, 0.0002970381174236536, -0.002158291405066848, -0.0006727037252858281, 0.0006532012484967709, -0.0012383367866277695], [0.00010560027294559404, -0.00024650126579217613, 0.00013920219498686492, -0.0005287444218993187, 0.0005535123636946082, 0.0005904295830987394, 0.006804828066378832, 0.001525949570350349, -0.0016680944245308638, -7.197216473286971e-05, -0.0010927264811471105, -0.0015161571791395545, 0.001630853395909071], [6.904130714247003e-05, -0.0001243728183908388, -0.0011199787259101868, -0.001734905643388629, -0.0015241258079186082, -0.0005680368049070239, 0.001525949570350349, 0.006517116911709309, 0.0020110132172703743, -0.0004238041292410344, 0.000592682627029717, -0.0009156138985417783, -0.0023425822146236897], [-0.0003438566636759788, -0.0003098224988207221, 0.00010298871347913519, -0.0005823826650157571, -0.00036095065297558904, 0.0002970381174236536, -0.0016680944245308638, 0.0020110132172703743, 0.007347899489104748, 0.0007395470747724175, -0.00040217259083874524, 0.0011919377138838172, -0.0014317815657705069], [5.6667802709853277e-05, 0.0001630692568141967, 0.0002678076853044331, 0.000985426944680512, -0.0014943901915103197, -0.002158291405066848, -7.197216473286971e-05, -0.0004238041292410344, 0.0007395470747724175, 0.007684872020035982, 0.0016731035429984331, -0.0013286466710269451, -0.00017323832435067743], [0.00019834109116345644, 0.0002785634424071759, 