{"song_id": "1183680756187410462", "download": "https://cdn.discordapp.com/attachments/1135903449314238464/1183680756187410462/chirp.mp4?ex=6589379c&amp", "lyrics": "istedi\u011fin neyse s\u00f6yle bana\noynayal\u0131m i\u015fte hafta sonunda\nhafta sonunda R\u0131fk\u0131 oyunda\nnefes al\u0131yorsak her \u015fey yolunda\n\nher hafta videolar kendi g\u00fcn\u00fcnde\ncumartesi bekleriz saat onbirde\n\narad\u0131\u011f\u0131n oyunsa ders aras\u0131nda \nseni bekliyoruz R\u0131fk\u0131 oyunda\narad\u0131\u011f\u0131n oyunsa hafta sonunda \nseni bekliyoruz R\u0131fk\u0131 oyunda\nR\u0131fk\u0131 oyunda \nhafta sonunda \nR\u0131fk\u0131 oyunda \nher \u015fey yolunda", "style": ["rap </span><span>- g</span><span>-funk"], "essentia_features": {"lowlevel.average_loudness": 0.9732463955879211, "lowlevel.barkbands_crest.mean": 10.815046310424805, "lowlevel.barkbands_crest.stdev": 6.192291736602783, "lowlevel.barkbands_flatness_db.mean": 0.16899140179157257, "lowlevel.barkbands_flatness_db.stdev": 0.09399432688951492, "lowlevel.barkbands_kurtosis.mean": 18.704111099243164, "lowlevel.barkbands_kurtosis.stdev": 69.54405975341797, "lowlevel.barkbands_skewness.mean": 1.686936855316162, "lowlevel.barkbands_skewness.stdev": 3.5507688522338867, "lowlevel.barkbands_spread.mean": 28.017396926879883, "lowlevel.barkbands_spread.stdev": 23.925384521484375, "lowlevel.dissonance.mean": 0.4824489951133728, "lowlevel.dissonance.stdev": 0.022027110680937767, "lowlevel.dynamic_complexity": 6.504209995269775, "lowlevel.erbbands_crest.mean": 8.669984817504883, "lowlevel.erbbands_crest.stdev": 4.218858242034912, "lowlevel.erbbands_flatness_db.mean": 0.1754949390888214, "lowlevel.erbbands_flatness_db.stdev": 0.054893746972084045, "lowlevel.erbbands_kurtosis.mean": 2.55401349067688, "lowlevel.erbbands_kurtosis.stdev": 6.731791019439697, "lowlevel.erbbands_skewness.mean": 0.03940018266439438, "lowlevel.erbbands_skewness.stdev": 1.4260190725326538, "lowlevel.erbbands_spread.mean": 38.38713073730469, "lowlevel.erbbands_spread.stdev": 24.717079162597656, "lowlevel.hfc.mean": 14.233304977416992, "lowlevel.hfc.stdev": 28.268400192260742, "lowlevel.loudness_ebu128.integrated": -18.56153678894043, "lowlevel.loudness_ebu128.loudness_range": 1.1881351470947266, "lowlevel.loudness_ebu128.momentary.mean": -20.067752838134766, "lowlevel.loudness_ebu128.momentary.stdev": 4.0315351486206055, "lowlevel.loudness_ebu128.short_term.mean": -18.7269287109375, "lowlevel.loudness_ebu128.short_term.stdev": 0.38879141211509705, "lowlevel.melbands_crest.mean": 13.241631507873535, "lowlevel.melbands_crest.stdev": 6.343570232391357, "lowlevel.melbands_flatness_db.mean": 0.18832319974899292, "lowlevel.melbands_flatness_db.stdev": 0.13106496632099152, "lowlevel.melbands_kurtosis.mean": 39.95014190673828, "lowlevel.melbands_kurtosis.stdev": 107.27523040771484, "lowlevel.melbands_skewness.mean": 3.061228036880493, "lowlevel.melbands_skewness.stdev": 3.790583372116089, "lowlevel.melbands_spread.mean": 38.541603088378906, "lowlevel.melbands_spread.stdev": 35.58185958862305, "lowlevel.pitch_salience.mean": 0.5845882892608643, "lowlevel.pitch_salience.stdev": 0.18048341572284698, "lowlevel.silence_rate_20dB.mean": 0.9940083622932434, "lowlevel.silence_rate_20dB.stdev": 0.07717342674732208, "lowlevel.silence_rate_30dB.mean": 0.9400838613510132, "lowlevel.silence_rate_30dB.stdev": 0.23733346164226532, "lowlevel.silence_rate_60dB.mean": 0.4373876452445984, "lowlevel.silence_rate_60dB.stdev": 0.4960651397705078, "lowlevel.spectral_centroid.mean": 2022.44384765625, "lowlevel.spectral_centroid.stdev": 1199.7281494140625, "lowlevel.spectral_complexity.mean": 9.20970630645752, "lowlevel.spectral_complexity.stdev": 13.026084899902344, "lowlevel.spectral_decrease.mean": -5.418649973165657e-09, "lowlevel.spectral_decrease.stdev": 1.6490982801542486e-08, "lowlevel.spectral_energy.mean": 0.021742243319749832, "lowlevel.spectral_energy.stdev": 0.06311671435832977, "lowlevel.spectral_energyband_high.mean": 0.0009928354993462563, "lowlevel.spectral_energyband_high.stdev": 0.0023162520956248045, "lowlevel.spectral_energyband_low.mean": 0.016376186162233353, "lowlevel.spectral_energyband_low.stdev": 0.060778263956308365, "lowlevel.spectral_energyband_middle_high.mean": 0.0026746729854494333, "lowlevel.spectral_energyband_middle_high.stdev": 0.007152394857257605, "lowlevel.spectral_energyband_middle_low.mean": 0.0022390210069715977, "lowlevel.spectral_energyband_middle_low.stdev": 0.005565397907048464, "lowlevel.spectral_entropy.mean": 7.84221887588501, "lowlevel.spectral_entropy.stdev": 0.6204289793968201, "lowlevel.spectral_flux.mean": 0.06771279871463776, "lowlevel.spectral_flux.stdev": 0.09537699818611145, "lowlevel.spectral_kurtosis.mean": 3.1167571544647217, "lowlevel.spectral_kurtosis.stdev": 3.3804595470428467, "lowlevel.spectral_rms.mean": 0.002869440009817481, "lowlevel.spectral_rms.stdev": 0.0036025349982082844, "lowlevel.spectral_rolloff.mean": 3139.92236328125, "lowlevel.spectral_rolloff.stdev": 3128.260009765625, "lowlevel.spectral_skewness.mean": 1.2663909196853638, "lowlevel.spectral_skewness.stdev": 0.5821554660797119, "lowlevel.spectral_spread.mean": 5291154.5, "lowlevel.spectral_spread.stdev": 2070664.625, "lowlevel.spectral_strongpeak.mean": 0.4433370530605316, "lowlevel.spectral_strongpeak.stdev": 0.7786486744880676, "lowlevel.zerocrossingrate.mean": 0.10727237910032272, "lowlevel.zerocrossingrate.stdev": 0.08239045739173889, "metadata.audio_properties.analysis.equal_loudness": 0.0, "metadata.audio_properties.analysis.length": 38.71997833251953, "metadata.audio_properties.analysis.sample_rate": 44100.0, "metadata.audio_properties.analysis.start_time": 0.0, "metadata.audio_properties.bit_rate": 119802.0, "metadata.audio_properties.length": 38.720001220703125, "metadata.audio_properties.lossless": 0.0, "metadata.audio_properties.number_channels": 1.0, "metadata.audio_properties.replay_gain": -10.178396224975586, "metadata.audio_properties.sample_rate": 48000.0, "rhythm.beats_count": 64.0, "rhythm.beats_loudness.mean": 0.1459176391363144, "rhythm.beats_loudness.stdev": 0.11261691153049469, "rhythm.bpm": 100.84400177001953, "rhythm.bpm_histogram_first_peak_bpm": 101.0, "rhythm.bpm_histogram_first_peak_weight": 0.4126984477043152, "rhythm.bpm_histogram_second_peak_bpm": 0.0, "rhythm.bpm_histogram_second_peak_spread": 0.0, "rhythm.bpm_histogram_second_peak_weight": 0.0, "rhythm.danceability": 2.4664018154144287, "rhythm.onset_rate": 4.800930023193359, "tonal.chords_changes_rate": 0.13892215490341187, "tonal.chords_number_rate": 0.015568862669169903, "tonal.chords_strength.mean": 0.47953104972839355, "tonal.chords_strength.stdev": 0.0963369831442833, "tonal.hpcp_crest.mean": 10.388129234313965, "tonal.hpcp_crest.stdev": 5.4925971031188965, "tonal.hpcp_entropy.mean": 2.700568914413452, "tonal.hpcp_entropy.stdev": 0.8372199535369873, "tonal.key_edma.strength": 0.7130717039108276, "tonal.key_krumhansl.strength": 0.7035618424415588, "tonal.key_temperley.strength": 0.6927932500839233, "tonal.tuning_diatonic_strength": 0.6443963646888733, "tonal.tuning_equal_tempered_deviation": 0.2707284390926361, "tonal.tuning_frequency": 449.24530029296875, "tonal.tuning_nontempered_energy_ratio": 0.8997560739517212, "lowlevel.barkbands.mean": [4.228402394801378e-05, 0.013151068240404129, 0.0026699260342866182, 0.0007865694351494312, 0.000644499494228512, 0.00024634887813590467, 0.00019485678058117628, 0.00014632943202741444, 0.00016943055379670113, 0.00021256727632135153, 0.00020810791465919465, 0.0002813278406392783, 0.00024070596555247903, 0.0002627106732688844, 0.0003102787595707923, 0.00032780083711259067, 0.00027787816361524165, 0.00024100228620227426, 0.00023538839013781399, 0.0001957016793312505, 0.00016305659664794803, 0.00016074467566795647, 0.0002495968947187066, 0.00017265556380152702, 0.00011659695155685768, 3.4780969144776464e-05, 3.0340149947960526e-08], "lowlevel.barkbands.stdev": [0.00017484670388512313, 0.05196680873632431, 0.014791099354624748, 0.0034632424358278513, 0.0019522191723808646, 0.0007677244720980525, 0.0006714717019349337, 0.0005597934941761196, 0.0005097556277178228, 0.0005787321133539081, 0.0005920698749832809, 0.0009110107203014195, 0.0006527978694066405, 0.0007243865402415395, 0.0010832167463377118, 0.001148128299973905, 0.0009227429982274771, 0.0007508295238949358, 0.000746714067645371, 0.0005724947550334036, 0.00045852636685594916, 0.00040822848677635193, 0.0008117275428958237, 0.0007034415611997247, 0.00031223491532728076, 7.449741679010913e-05, 2.5228314370906446e-07], "lowlevel.erbbands.mean": [0.2523134648799896, 3.3337795734405518, 4.318804740905762, 2.882294178009033, 2.3359920978546143, 2.0886483192443848, 1.3582688570022583, 2.3806846141815186, 2.8230278491973877, 2.824988842010498, 3.263369083404541, 3.9102001190185547, 5.415451526641846, 7.737003326416016, 9.978080749511719, 11.217039108276367, 10.8485689163208, 11.959572792053223, 16.66024398803711, 16.038312911987305, 19.08107566833496, 16.271127700805664, 13.40496826171875, 12.578325271606445, 11.218825340270996, 8.869587898254395, 7.644567012786865, 5.807995796203613, 5.8301191329956055, 5.921742916107178, 7.334960460662842, 4.39740514755249, 2.6600141525268555, 1.533255934715271, 0.6902751326560974, 0.26469603180885315, 0.042100705206394196, 0.002293998608365655, 7.245268352562562e-05, 3.1366434996016324e-05], "lowlevel.erbbands.stdev": [1.0420372486114502, 13.183021545410156, 20.06441307067871, 13.705272674560547, 8.26939582824707, 6.574233055114746, 3.772252082824707, 8.144280433654785, 9.473633766174316, 8.657952308654785, 11.93026351928711, 12.674626350402832, 14.411240577697754, 20.57991600036621, 30.460712432861328, 35.42788314819336, 29.384443283081055, 30.78546714782715, 53.98888397216797, 54.36760330200195, 65.99964141845703, 52.70615768432617, 41.227664947509766, 40.045249938964844, 35.68215560913086, 25.37697982788086, 21.79880142211914, 16.02489471435547, 14.386519432067871, 14.823786735534668, 27.68951416015625, 21.252460479736328, 9.078722953796387, 4.302007675170898, 1.7699240446090698, 0.6105334162712097, 0.09285973757505417, 0.005773485172539949, 0.00014608667697757483, 7.313483365578577e-05], "lowlevel.gfcc.mean": [-122.16487884521484, 53.144508361816406, -130.844970703125, 51.061946868896484, -56.477943420410156, 32.560638427734375, -39.46941375732422, 8.227964401245117, -24.948322296142578, -4.557317733764648, -15.13004207611084, -2.4218039512634277, -9.713071823120117], "lowlevel.melbands.mean": [0.003150447504594922, 0.003038846654817462, 0.000474762317026034, 0.00016237104136962444, 5.313311703503132e-05, 5.178761057322845e-05, 4.308512870920822e-05, 3.130127879558131e-05, 2.5722019927343354e-05, 2.517857137718238e-05, 2.7230318664805964e-05, 3.105788346147165e-05, 3.052754982491024e-05, 3.345313962199725e-05, 2.4252582079498097e-05, 2.4623381250421517e-05, 2.1660684069502167e-05, 2.744999437709339e-05, 2.258586755488068e-05, 2.0820065401494503e-05, 2.2388319848687388e-05, 1.7296653822995722e-05, 1.311198684561532e-05, 1.1101934433099814e-05, 1.010450523608597e-05, 8.585331670474261e-06, 7.426212050631875e-06, 5.516509190783836e-06, 5.049448645877419e-06, 3.83471433451632e-06, 3.2022630875871982e-06, 3.365062411830877e-06, 3.007545728905825e-06, 3.4539439184300136e-06, 4.264336894266307e-06, 3.735081691047526e-06, 2.3643426629860187e-06, 1.9836070350720547e-06, 1.3439894246403128e-06, 1.3190142453822773e-06], "lowlevel.melbands.stdev": [0.012569086626172066, 0.012094546109437943, 0.002205783734098077, 0.0005146929761394858, 0.0001388233940815553, 0.00017004854453261942, 0.00014178603305481374, 9.73869682638906e-05, 9.140218026004732e-05, 8.111942588584498e-05, 7.314546382986009e-05, 8.455872011836618e-05, 8.955532393883914e-05, 0.00011112087668152526, 7.274037488969043e-05, 6.503025360871106e-05, 5.7789049606071785e-05, 8.778028859524056e-05, 7.886633829912171e-05, 7.321407611016184e-05, 7.83759678597562e-05, 5.7641595049062744e-05, 4.192529377178289e-05, 3.586265302146785e-05, 3.3023789001163095e-05, 2.8167576601845212e-05, 2.3246764612849802e-05, 1.6032216080930084e-05, 1.484369295212673e-05, 1.1163461749674752e-05, 8.87123042048188e-06, 8.32794830785133e-06, 8.402813364227768e-06, 8.741832061787136e-06, 1.4905570424161851e-05, 1.762301690177992e-05, 1.1640806405921467e-05, 6.951017439860152e-06, 4.133439688303042e-06, 3.682296664919704e-06], "lowlevel.melbands128.mean": [3.7422269087983295e-05, 0.0011235733982175589, 0.005147865042090416, 0.005778043530881405, 0.002978324657306075, 0.0011199170257896185, 0.0005954092484898865, 0.0003213287563994527, 0.00021580810425803065, 0.00018916187400463969, 0.00010545224358793348, 5.592449815594591e-05, 4.058629565406591e-05, 4.282890586182475e-05, 5.759747000411153e-05, 5.486087320605293e-05, 4.472613727557473e-05, 4.357250145403668e-05, 3.839815690298565e-05, 2.7971924282610416e-05, 3.070710226893425e-05, 3.151047712890431e-05, 2.471901461831294e-05, 1.996918763325084e-05, 2.480911643942818e-05, 2.7410891561885364e-05, 2.5549388737999834e-05, 2.542364200053271e-05, 2.967116415675264e-05, 3.4675980714382604e-05, 3.0358121875906363e-05, 2.6800586056197062e-05, 2.9002674637013115e-05, 3.4655327908694744e-05, 3.512897455948405e-05, 3.430121796554886e-05, 2.858990046661347e-05, 2.3953312847879715e-05, 2.0545881852740422e-05, 2.4071961888694204e-05, 2.699845572351478e-05, 2.408766704320442e-05, 1.696764047665056e-05, 2.2874970454722643e-05, 2.924740874732379e-05, 2.854937338270247e-05, 2.534936174924951e-05, 2.1541267415159382e-05, 2.278511419717688e-05, 2.1077043129480444e-05, 1.811016772990115e-05, 2.3178385163191706e-05, 2.611107993288897e-05, 2.0249235603841953e-05, 1.766092100297101e-05, 1.89164602488745e-05, 1.54872741404688e-05, 1.2498087926360313e-05, 1.3146594938007183e-05, 1.210976824950194e-05, 1.0943515007966198e-05, 1.0262339856126346e-05, 1.072197574103484e-05, 1.0059970009024255e-05, 9.121880793827586e-06, 8.903018169803545e-06, 7.96902440924896e-06, 7.66257471696008e-06, 8.021901521715336e-06, 6.115929409133969e-06, 4.747440016217297e-06, 5.9660355873347726e-06, 5.186508133192547e-06, 5.182833774597384e-06, 4.420332970767049e-06, 4.049441940878751e-06, 3.4258730465808185e-06, 3.2641985399095574e-06, 3.097660737694241e-06, 3.153656052745646e-06, 3.6716733120556455e-06, 3.293956979177892e-06, 3.0590788355766563e-06, 3.0079629596002633e-06, 2.877198994610808e-06, 3.1904592106002383e-06, 3.4226777643198147e-06, 4.459417596081039e-06, 3.665495569293853e-06, 4.976494437869405e-06, 4.62827892988571e-06, 3.2653554171702126e-06, 2.4419093733740738e-06, 2.485807044649846e-06, 2.1236467091512168e-06, 2.1064633983769454e-06, 1.9930962480430026e-06, 1.84446116691106e-06, 1.1884142168128164e-06, 1.222262653755024e-06, 1.2454578381948522e-06, 1.5487730706809089e-06, 1.096594360205927e-06, 8.105772622002405e-07, 5.73714203255804e-07, 8.250122505160107e-07, 7.010008857832872e-07, 5.734463570661319e-07, 4.80191204133007e-07, 3.041012917037733e-07, 2.2870119664730737e-07, 1.73110535683918e-07, 9.775013865009896e-08, 6.227460858099221e-08, 4.73158401348428e-08, 8.140067286888097e-09, 1.1560122858966793e-09, 2.5262715530605107e-11, 1.577828492860256e-11, 1.1232241699243861e-11, 9.183993843198124e-12, 4.3077364592081224e-12, 3.3324805588652584e-12, 3.1977636684443755e-12, 2.9975379817193115e-12, 2.75766627415297e-12, 2.6373692726261444e-12, 2.6092984110187567e-12], "lowlevel.melbands128.stdev": [0.00016001277253963053, 0.005056656897068024, 0.021238991990685463, 0.02338835597038269, 0.013493344187736511, 0.006194486748427153, 0.002926176181063056, 0.0014029312878847122, 0.0007902804063633084, 0.0006989935645833611, 0.0003562747733667493, 0.0001755970879457891, 0.00013926529209129512, 0.000162584736244753, 0.00023743377823848277, 0.00023053506447467953, 0.0001865402009570971, 0.00017839045904111117, 0.00015898043056949973, 0.00010177656076848507, 0.0001318938739132136, 0.00015198775508906692, 0.00011169926438014954, 8.15232124296017e-05, 0.00011045207793358713, 0.0001044599775923416, 9.196128667099401e-05, 8.472269109915942e-05, 9.011905058287084e-05, 0.00012094371777493507, 9.205651440424845e-05, 7.546421693405136e-05, 9.33669216465205e-05, 0.00012391043128445745, 0.00013507118273992091, 0.00013123781536705792, 0.00010196665971307084, 8.05106246843934e-05, 6.828295590821654e-05, 7.511422882089391e-05, 7.678465044591576e-05, 6.69286455377005e-05, 4.738050847663544e-05, 7.946484402054921e-05, 9.521298488834873e-05, 0.00010330366785638034, 0.00010231178748654202, 8.120015263557434e-05, 8.816763147478923e-05, 7.966202247189358e-05, 7.244527660077438e-05, 9.451385267311707e-05, 0.00010144121915800497, 7.622871635248885e-05, 6.523344200104475e-05, 7.012863352429122e-05, 5.950874401605688e-05, 4.425837323651649e-05, 4.36460722994525e-05, 4.105558036826551e-05, 3.996275700046681e-05, 3.531386755639687e-05, 4.086226908839308e-05, 3.6539833672577515e-05, 3.0594452255172655e-05, 3.009787542396225e-05, 3.207305053365417e-05, 2.5919818654074334e-05, 2.77616927633062e-05, 1.8830507542588748e-05, 1.5071361303853337e-05, 1.9019087631022558e-05, 1.802638689696323e-05, 1.6954569218796678e-05, 1.3298993508215062e-05, 1.2977476217201911e-05, 1.0380721505498514e-05, 1.1078241186623927e-05, 9.054636393557303e-06, 8.781938959145918e-06, 1.0118992577190511e-05, 8.156093826983124e-06, 8.522857569914777e-06, 1.0154078154300805e-05, 8.517448804923333e-06, 8.626239832665306e-06, 9.363569006382022e-06, 1.3412545740720816e-05, 1.1386260666768067e-05, 2.7027914256905206e-05, 2.1760597519460134e-05, 1.4624843061028514e-05, 1.7936334188561887e-05, 1.3922288417234086e-05, 8.062803317443468e-06, 7.973719220899511e-06, 7.436698524543317e-06, 6.6829315983341075e-06, 4.057055321027292e-06, 4.071010607731296e-06, 3.609325176512357e-06, 4.483644715946866e-06, 3.2150285278476076e-06, 2.104614395648241e-06, 2.0588072402460966e-06, 2.097146307278308e-06, 1.8099124190484872e-06, 1.2961562561031315e-06, 1.291775333811529e-06, 7.515137099289859e-07, 5.514513645721308e-07, 4.732603997581464e-07, 2.634731117723277e-07, 1.8892389164193446e-07, 1.5487073312669963e-07, 3.757517674785049e-08, 8.731291245567263e-09, 4.3535144933493086e-10, 3.222621614007437e-10, 2.0694874980353717e-10, 1.5838433342629799e-10, 3.0471833389889014e-11, 1.770485667795807e-11, 1.519982056885638e-11, 1.188802094959085e-11, 9.441623698147605e-12, 9.038896367496996e-12, 8.984251710641988e-12], "lowlevel.mfcc.mean": [-754.2420654296875, 73.24763488769531, -6.032720565795898, 19.07396697998047, 10.972769737243652, 16.783891677856445, 4.189043045043945, 11.83217716217041, -1.4022510051727295, 0.14702807366847992, -1.3981631994247437, -2.2839560508728027, -1.5952225923538208], "lowlevel.spectral_contrast_coeffs.mean": [-0.7321126461029053, -0.8276589512825012, -0.8346167206764221, -0.8253865838050842, -0.823782742023468, -0.7670983076095581], "lowlevel.spectral_contrast_coeffs.stdev": [0.07897894084453583, 0.07074104994535446, 0.050275176763534546, 0.04958515241742134, 0.03958258777856827, 0.06259400397539139], "lowlevel.spectral_contrast_valleys.mean": [-8.380183219909668, -8.369175910949707, -8.316119194030762, -8.363286972045898, -8.24599552154541, -10.85212230682373], "lowlevel.spectral_contrast_valleys.stdev": [1.620905876159668, 1.2823984622955322, 1.3374156951904297, 1.3029061555862427, 1.2677561044692993, 1.6504461765289307], "rhythm.beats_loudness_band_ratio.mean": [0.545494794845581, 0.05332546308636665, 0.03378459811210632, 0.11780814081430435, 0.16972389817237854, 0.09890107810497284], "rhythm.beats_loudness_band_ratio.stdev": [0.4328102171421051, 0.06117156893014908, 0.038581132888793945, 0.11702926456928253, 0.17172357439994812, 0.10147691518068314], "tonal.hpcp.mean": [0.1537410467863083, 0.1407598853111267, 0.11924748867750168, 0.12615638971328735, 0.1376338005065918, 0.132424995303154, 0.12957988679409027, 0.148930162191391, 0.16837340593338013, 0.20605768263339996, 0.2797240614891052, 0.320178359746933, 0.24948282539844513, 0.17647579312324524, 0.18832023441791534, 0.20648235082626343, 0.21455147862434387, 0.19021563231945038, 0.14260126650333405, 0.1380273401737213, 0.17315146327018738, 0.1828709989786148, 0.17021219432353973, 0.18019405007362366, 0.20785443484783173, 0.21750399470329285, 0.19768352806568146, 0.17526274919509888, 0.1509588062763214, 0.1458013504743576, 0.15897785127162933, 0.1736220419406891, 0.175752192735672, 0.1700078397989273, 0.16407807171344757, 0.1509518325328827], "tonal.hpcp.stdev": [0.23943480849266052, 0.21662886440753937, 0.19178152084350586, 0.2037464678287506, 0.2186574935913086, 0.20464584231376648, 0.20664066076278687, 0.23814983665943146, 0.25697967410087585, 0.27956995368003845, 0.31401723623275757, 0.34795644879341125, 0.2888857126235962, 0.23702755570411682, 0.26981493830680847, 0.2797861695289612, 0.29724934697151184, 0.2663596570491791, 0.20494019985198975, 0.20343782007694244, 0.2672601640224457, 0.24892310798168182, 0.23639678955078125, 0.24356774985790253, 0.27465081214904785, 0.28770527243614197, 0.27055180072784424, 0.24186080694198608, 0.22030015289783478, 0.21417443454265594, 0.232760488986969, 0.23434017598628998, 0.22307120263576508, 0.23075538873672485, 0.23877711594104767, 0.22916655242443085], "rhythm.beats_position": [0.5688889026641846, 1.160997748374939, 1.7531065940856934, 2.345215320587158, 2.9489340782165527, 3.529433012008667, 4.133152008056641, 4.713650703430176, 5.31736946105957, 5.921088218688965, 6.51319694519043, 7.105306148529053, 7.709024906158447, 8.30113410949707, 8.893242835998535, 9.4853515625, 10.077460289001465, 10.68117904663086, 11.273287773132324, 11.865396499633789, 12.469115257263184, 13.061223983764648, 13.653332710266113, 14.257051467895508, 14.849161148071289, 15.441269874572754, 16.04498863220215, 16.625486373901367, 17.21759605407715, 17.82131576538086, 18.413423538208008, 19.00553321838379, 19.597640991210938, 20.20136070251465, 20.793468475341797, 21.385578155517578, 21.989295959472656, 22.593015670776367, 23.173513412475586, 23.777233123779297, 24.35773277282715, 24.961450576782227, 25.553560256958008, 26.145668029785156, 26.749387741088867, 27.341495513916016, 27.933605194091797, 28.537322998046875, 29.129432678222656, 29.721542358398438, 30.313650131225586, 30.905759811401367, 31.509477615356445, 32.101585388183594, 32.693695068359375, 33.29741287231445, 33.889522552490234, 34.481632232666016, 35.085350036621094, 35.677459716796875, 36.269569396972656, 36.86167907714844, 37.45378494262695, 38.0575065612793], "rhythm.bpm_histogram": [0.0, 0.0, 0.0, 0.0, 0.0, 0.0, 0.0, 0.0, 0.0, 0.0, 0.0, 0.0, 0.0, 0.0, 0.0, 0.0, 0.0, 0.0, 0.0, 0.0, 0.0, 0.0, 0.0, 0.0, 0.0, 0.0, 0.0, 0.0, 0.0, 0.0, 0.0, 0.0, 0.0, 0.0, 0.0, 0.0, 0.0, 0.0, 0.0, 0.0, 0.0, 0.0, 0.0, 0.0, 0.0, 0.0, 0.0, 0.0, 0.0, 0.0, 0.0, 0.0, 0.0, 0.0, 0.0, 0.0, 0.0, 0.0, 0.0, 0.0, 0.0, 0.0, 0.0, 0.0, 0.0, 0.0, 0.0, 0.0, 0.0, 0.0, 0.0, 0.0, 0.0, 0.0, 0.0, 0.0, 0.0, 0.0, 0.0, 0.0, 0.0, 0.0, 0.0, 0.0, 0.0, 0.0, 0.0, 0.0, 0.0, 0.0, 0.0, 0.0, 0.0, 0.0, 0.0, 0.0, 0.0, 0.0, 0.0, 0.3333333432674408, 0.0, 0.5873016119003296, 0.0, 0.0793650820851326, 0.0, 0.0, 0.0, 0.0, 0.0, 0.0, 0.0, 0.0, 0.0, 0.0, 0.0, 0.0, 0.0, 0.0, 0.0, 0.0, 0.0, 0.0, 0.0, 0.0, 0.0, 0.0, 0.0, 0.0, 0.0, 0.0, 0.0, 0.0, 0.0, 0.0, 0.0, 0.0, 0.0, 0.0, 0.0, 0.0, 0.0, 0.0, 0.0, 0.0, 0.0, 0.0, 0.0, 0.0, 0.0, 0.0, 0.0, 0.0, 0.0, 0.0, 0.0, 0.0, 0.0, 0.0, 0.0, 0.0, 0.0, 0.0, 0.0, 0.0, 0.0, 0.0, 0.0, 0.0, 0.0, 0.0, 0.0, 0.0, 0.0, 0.0, 0.0, 0.0, 0.0, 0.0, 0.0, 0.0, 0.0, 0.0, 0.0, 0.0, 0.0, 0.0, 0.0, 0.0, 0.0, 0.0, 0.0, 0.0, 0.0, 0.0, 0.0, 0.0, 0.0, 0.0, 0.0, 0.0, 0.0, 0.0, 0.0, 0.0, 0.0, 0.0, 0.0, 0.0, 0.0, 0.0, 0.0, 0.0, 0.0, 0.0, 0.0, 0.0, 0.0, 0.0, 0.0, 0.0, 0.0, 0.0, 0.0, 0.0, 0.0, 0.0, 0.0, 0.0, 0.0, 0.0, 0.0, 0.0, 0.0, 0.0, 0.0, 0.0, 0.0, 0.0, 0.0, 0.0, 0.0, 0.0, 0.0, 0.0, 0.0, 0.0, 0.0, 0.0, 0.0, 0.0], "tonal.chords_histogram": [0.359281450510025, 1.9161676168441772, 5.389221668243408, 0.0, 0.0, 0.0, 0.0, 0.0, 1.197604775428772, 10.89820384979248, 25.868263244628906, 3.3532934188842773, 14.491018295288086, 0.0, 0.11976047605276108, 1.7964072227478027, 4.431137561798096, 2.155688524246216, 1.4371258020401, 24.5508975982666, 0.0, 1.077844262123108, 0.23952095210552216, 0.71856290102005], "tonal.thpcp": [1.0, 0.7791995406150818, 0.5511796474456787, 0.5881729125976562, 0.6448978781700134, 0.6700998544692993, 0.5940927267074585, 0.44538071751594543, 0.431095153093338, 0.5407968759536743, 0.5711535215377808, 0.5316168069839478, 0.5627927184104919, 0.6491832733154297, 0.6793213486671448, 0.6174169182777405, 0.5473909974098206, 0.4714834690093994, 0.45537540316581726, 0.4965290427207947, 0.5422666072845459, 0.548919677734375, 0.5309785604476929, 0.512458324432373, 0.471461683511734, 0.48017314076423645, 0.43962961435317993, 0.37244081497192383, 0.39401909708976746, 0.4298660159111023, 0.41359758377075195, 0.4047115743160248, 0.4651474952697754, 0.5258737802505493, 0.6435715556144714, 0.8736507296562195], "lowlevel.gfcc.cov": [[16261.6259765625, -850.302978515625, 878.1246948242188, 8.82029914855957, 50.36432647705078, 181.2466278076172, -224.35240173339844, 573.6964111328125, -529.6484375, 687.6864624023438, -446.696044921875, 376.6011962890625, -309.8774719238281], [-850.302978515625, 3950.693115234375, 300.8443603515625, 797.613525390625, 983.701904296875, -391.42974853515625, 542.61328125, -471.76531982421875, 406.22235107421875, -498.996826171875, 299.6579284667969, -295.8862609863281, 255.336669921875], [878.1246948242188, 300.8443603515625, 2744.125244140625, 972.3438110351562, 741.4794921875, 300.02886962890625, 94.36019134521484, 325.2827453613281, -39.758689880371094, 195.65794372558594, -84.54095458984375, 85.80867767333984, -48.718360900878906], [8.82029914855957, 797.613525390625, 972.3438110351562, 1149.3804931640625, 774.5238037109375, 88.65995788574219, 221.49314880371094, -58.686458587646484, 175.29293823242188, -102.05657196044922, 74.62452697753906, -19.957321166992188, 139.43399047851562], [50.36432647705078, 983.701904296875, 741.4794921875, 774.5238037109375, 972.7785034179688, 107.54688262939453, 348.302734375, -32.32578659057617, 135.53497314453125, -44.76878356933594, 41.62528610229492, -10.255674362182617, 129.1729278564453], [181.2466278076172, -391.42974853515625, 300.02886962890625, 88.65995788574219, 107.54688262939453, 469.646240234375, 122.34617614746094, 185.5225830078125, -49.58112716674805, 66.7782211303711, -3.228071451187134, 9.7848539352417, 10.96288013458252], [-224.35240173339844, 542.61328125, 94.36019134521484, 221.49314880371094, 348.302734375, 122.34617614746094, 440.5354919433594, -15.886954307556152, 87.4742431640625, -67.61197662353516, 44.768917083740234, -29.20943260192871, 55.76233673095703], [573.6964111328125, -471.76531982421875, 325.2827453613281, -58.686458587646484, -32.32578659057617, 185.5225830078125, -15.886954307556152, 321.1387634277344, -29.189409255981445, 156.37889099121094, -44.94438934326172, 60.61998748779297, -45.13751983642578], [-529.6484375, 406.22235107421875, -39.758689880371094, 175.29293823242188, 135.53497314453125, -49.58112716674805, 87.4742431640625, -29.189409255981445, 232.11488342285156, -42.54814910888672, 89.77135467529297, -38.46108627319336, 68.72950744628906], [687.6864624023438, -498.996826171875, 195.65794372558594, -102.05657196044922, -44.76878356933594, 66.7782211303711, -67.61197662353516, 156.37889099121094, -42.54814910888672, 260.95330810546875, -37.97932052612305, 94.22941589355469, -60.41223907470703], [-446.696044921875, 299.6579284667969, -84.54095458984375, 74.62452697753906, 41.62528610229492, -3.228071451187134, 44.768917083740234, -44.94438934326172, 89.77135467529297, -37.97932052612305, 151.9005126953125, -23.25303077697754, 48.249839782714844], [376.6011962890625, -295.8862609863281, 85.80867767333984, -19.957321166992188, -10.255674362182617, 9.7848539352417, -29.20943260192871, 60.61998748779297, -38.46108627319336, 94.22941589355469, -23.25303077697754, 123.20650482177734, -9.715312004089355], [-309.8774719238281, 255.336669921875, -48.718360900878906, 139.43399047851562, 129.1729278564453, 10.96288013458252, 55.76233673095703, -45.13751983642578, 68.72950744628906, -60.41223907470703, 48.249839782714844, -9.715312004089355, 111.74542236328125]], "lowlevel.gfcc.icov": [[8.72627497301437e-05, -8.415274351136759e-05, 6.253307219594717e-05, -0.00012258384958840907, 4.948012428940274e-05, -3.9931288483785465e-05, 4.0888677176553756e-05, -0.00012646026152651757, 0.00018424380687065423, -0.0002224678755737841, 0.00021580011525657028, -0.00017298082821071148, 0.00014791989815421402], [-8.415274351136759e-05, 0.0009166277013719082, -0.0003229503345210105, 0.0004787498328369111, -0.0007253317162394524, 0.0008970322087407112, -0.0005208992515690625, 0.00034264547866769135, -0.00034680578391999006, 0.0008747418178245425, -0.0011839363723993301, 0.0012886810582131147, -0.0006077729631215334], [6.253307219594717e-05, -0.0003229503345210105, 0.0009705545962788165, -0.0009753369376994669, -5.870399036211893e-05, -0.0003363776777405292, 0.0003830705245491117, -0.0008783843368291855, 0.0005852794274687767, -0.0005951764178462327, 0.0005518121761269867, -0.0004231423663441092, 0.0011495909420773387], [-0.00012258384958840907, 0.0004787498328369111, -0.0009753369376994669, 0.0032036027405411005, -0.0018588178791105747, 3.3827418519649655e-05, 0.00025277084205299616, 0.0010467945830896497, -0.0015393459470942616, 0.001636228058487177, -0.0009754422353580594, 0.00010317855776520446, -0.0011528843315318227], [4.948012428940274e-05, -0.0007253317162394524, -5.870399036211893e-05, -0.0018588178791105747, 0.003812088631093502, -0.00047168630408123136, -0.0013678207760676742, 0.00014321690832730383, 0.0003908446815330535, -0.001684513408690691, 0.0015495045809075236, -0.0006012656958773732, -0.0014039400266483426], [-3.9931288483785465e-05, 0.0008970322087407112, -0.0003363776777405292, 3.3827418519649655e-05, -0.00047168630408123136, 0.00460653193295002, -0.0017332639545202255, -0.0020384336821734905, 0.0017281679902225733, 0.00017738853057380766, -0.0018517813878133893, 0.0025872362311929464, -0.002156956121325493], [4.0888677176553756e-05, -0.0005208992515690625, 0.0003830705245491117, 0.00025277084205299616, -0.0013678207760676742, -0.0017332639545202255, 0.004283498506993055, -6.308835872914642e-05, -0.0009657519403845072, 0.0007389233214780688, 0.0004010366683360189, -0.0012073349207639694, 0.0014587659388780594], [-0.00012646026152651757, 0.00034264547866769135, -0.0008783843368291855, 0.0010467945830896497, 0.00014321690832730383, -0.0020384336821734905, -6.308835872914642e-05, 0.006901176180690527, -0.0021471520885825157, -0.0015476364642381668, 0.0006617761682718992, -0.0005936519592069089, 0.00017733493587002158], [0.00018424380687065423, -0.00034680578391999006, 0.0005852794274687767, -0.0015393459470942616, 0.0003908446815330535, 0.0017281679902225733, -0.0009657519403845072, -0.0021471520885825157, 0.008556307293474674, -0.0018263555830344558, -0.00251196650788188, 0.0020653042010962963, -0.0025131988804787397], [-0.0002224678755737841, 0.0008747418178245425, -0.0005951764178462327, 0.001636228058487177, -0.001684513408690691, 0.00017738853057380766, 0.0007389233214780688, -0.0015476364642381668, -0.0018263555830344558, 0.009302251040935516, -0.00168740120716393, -0.0035560941323637962, 0.002590867690742016], [0.00021580011525657028, -0.0011839363723993301, 0.0005518121761269867, -0.0009754422353580594, 0.0015495045809075236, -0.0018517813878133893, 0.0004010366683360189, 0.0006617761682718992, -0.00251196650788188, -0.00168740120716393, 0.011134271509945393, -0.0014774256851524115, -0.0010841763578355312], [-0.00017298082821071148, 0.0012886810582131147, -0.0004231423663441092, 0.00010317855776520446, -0.0006012656958773732, 0.0025872362311929464, -0.0012073349207639694, -0.0005936519592069089, 0.0020653042010962963, -0.0035560941323637962, -0.0014774256851524115, 0.014554384164512157, -0.004223110619932413], [0.00014791989815421402, -0.0006077729631215334, 0.0011495909420773387, -0.0011528843315318227, -0.0014039400266483426, -0.002156956121325493, 0.0014587659388780594, 0.00017733493587002158, -0.0025131988804787397, 0.002590867690742016, -0.0010841763578355312, -0.004223110619932413, 0.016913197934627533]], "lowlevel.mfcc.cov": [[15615.1904296875, -448.89105224609375, -235.18319702148438, -78.15052795410156, -206.4249267578125, -131.94949340820312, 24.05621910095215, -180.40969848632812, 4.670931816101074, 73.45916748046875, -76.1878662109375, 33.625675201416016, 55.659603118896484], [-448.89105224609375, 2774.290771484375, 66.80403137207031, 871.1107788085938, 314.142822265625, 257.0246276855469, 154.9252166748047, 148.7637939453125, 52.87555694580078, 29.89603614807129, 28.465656280517578, -48.10536193847656, -50.73275375366211], [-235.18319702148438, 66.80403137207031, 1704.340087890625, 581.7037963867188, 622.0326538085938, 158.27328491210938, 257.1979675292969, 130.70578002929688, 151.99005126953125, 86.89828491210938, 109.03815460205078, 96.82547760009766, 29.917484283447266], [-78.15052795410156, 871.1107788085938, 581.7037963867188, 1298.3052978515625, 661.1145629882812, 406.22467041015625, 192.56027221679688, 168.02197265625, 174.94357299804688, 44.35338592529297, -21.09235954284668, 20.282438278198242, 110.8792495727539], [-206.4249267578125, 314.142822265625, 622.0326538085938, 661.1145629882812, 696.907958984375, 277.44439697265625, 198.6477508544922, 125.40769958496094, 157.12095642089844, 74.51403045654297, 0.2288566380739212, 51.1282844543457, 79.710205078125], [-131.94949340820312, 257.0246276855469, 158.27328491210938, 406.22467041015625, 277.44439697265625, 420.364990234375, 247.3550262451172, 150.108154296875, 122.96625518798828, 58.847694396972656, -0.6607185006141663, 8.907186508178711, 41.89911651611328], [24.05621910095215, 154.9252166748047, 257.1979675292969, 192.56027221679688, 198.6477508544922, 247.3550262451172, 375.1197204589844, 173.43771362304688, 130.26992797851562, 70.41480255126953, 60.07822036743164, 25.961273193359375, 5.12534236907959], [-180.40969848632812, 148.7637939453125, 130.70578002929688, 168.02197265625, 125.40769958496094, 150.108154296875, 173.43771362304688, 217.0557403564453, 109.576904296875, 57.28416442871094, 26.23749351501465, 14.164962768554688, 1.6272317171096802], [4.670931816101074, 52.87555694580078, 151.99005126953125, 174.94357299804688, 157.12095642089844, 122.96625518798828, 130.26992797851562, 109.576904296875, 192.52774047851562, 77.5103759765625, 42.1497802734375, 24.512718200683594, 32.7241096496582], [73.45916748046875, 29.89603614807129, 86.89828491210938, 44.35338592529297, 74.51403045654297, 58.847694396972656, 70.41480255126953, 57.28416442871094, 77.5103759765625, 130.31112670898438, 49.21161651611328, 24.232114791870117, 17.26598358154297], [-76.1878662109375, 28.465656280517578, 109.03815460205078, -21.09235954284668, 0.2288566380739212, -0.6607185006141663, 60.07822036743164, 26.23749351501465, 42.1497802734375, 49.21161651611328, 131.94480895996094, 53.35824203491211, 9.547369003295898], [33.625675201416016, -48.10536193847656, 96.82547760009766, 20.282438278198242, 51.1282844543457, 8.907186508178711, 25.961273193359375, 14.164962768554688, 24.512718200683594, 24.232114791870117, 53.35824203491211, 107.98272705078125, 49.440765380859375], [55.659603118896484, -50.73275375366211, 29.917484283447266, 110.8792495727539, 79.710205078125, 41.89911651611328, 5.12534236907959, 1.6272317171096802, 32.7241096496582, 17.26598358154297, 9.547369003295898, 49.440765380859375, 109.41241455078125]], "lowlevel.mfcc.icov": [[6.823076546425e-05, 1.1215023732802365e-05, 7.82691586209694e-06, -4.334954792284407e-05, 5.6416072766296566e-05, 5.816825432702899e-05, -9.913735266309232e-05, 0.0001161349136964418, -2.9805387384840287e-05, -0.00010253558866679668, 0.00012060719745932147, -6.61575686535798e-05, -3.712500301844557e-06], [1.1215023732802365e-05, 0.0005426202551461756, 0.00016990088624879718, -0.000533995043952018, -7.232918505906127e-06, 9.322848200099543e-05, -0.0001070075377356261, -0.00010606661817291752, 0.0002973371301777661, -0.0001244634622707963, -0.0003942479379475117, 8.147371408995241e-05, 0.0006450506625697017], [7.82691586209694e-06, 0.00016990088624879718, 0.0010886748787015676, -0.00034093682188540697, -0.0009203756344504654, 0.0005723794456571341, -0.0004739093128591776, 3.7447651266120374e-05, 0.00016395900456700474, -1.277147930522915e-06, -0.0007304845494218171, -0.00037422263994812965, 0.000779602094553411], [-4.334954792284407e-05, -0.000533995043952018, -0.00034093682188540697, 0.002413188572973013, -0.001306242193095386, -0.00123841711319983, 0.0009061407181434333, -0.0004976304480805993, -0.00045872750342823565, 0.0009039175347425044, 4.3893342080991715e-05, 0.0007860857294872403, -0.001551516936160624], [5.6416072766296566e-05, -7.232918505906127e-06, -0.0009203756344504654, -0.001306242193095386, 0.004251015372574329, -0.0005654109409078956, -0.0005487786838784814, 0.0005655320128425956, -0.0009249856229871511, -0.000971920439042151, 0.001852291519753635, -0.0010898546315729618, -0.0005589309148490429], [5.816825432702899e-05, 9.322848200099543e-05, 0.0005723794456571341, -0.00123841711319983, -0.0005654109409078956, 0.005983621813356876, -0.003214940195903182, -0.0005501151899807155, -9.651845903135836e-05, -0.0007713847444392741, 0.0012025957694277167, 0.00027806166326627135, -0.0006885498878546059], [-9.913735266309232e-05, -0.0001070075377356261, -0.0004739093128591776, 0.0009061407181434333, -0.0005487786838784814, -0.003214940195903182, 0.00677664577960968, -0.0027884270530194044, -0.0008452750626020133, 0.0005792595911771059, -0.0021525821648538113, 0.00025913811987265944, 0.0007992258761078119], [0.0001161349136964418, -0.00010606661817291752, 3.7447651266120374e-05, -0.0004976304480805993, 0.0005655320128425956, -0.0005501151899807155, -0.0027884270530194044, 0.009105543605983257, -0.0028557567857205868, -0.0012047700583934784, 0.0011535421945154667, -0.0011797089828178287, 0.0016563296085223556], [-2.9805387384840287e-05, 0.0002973371301777661, 0.00016395900456700474, -0.00045872750342823565, -0.0009249856229871511, -9.651845903135836e-05, -0.0008452750626020133, -0.0028557567857205868, 0.010168462060391903, -0.0031061472836881876, -0.0017382192891091108, 0.0010408221278339624, -0.001503767678514123], [-0.00010253558866679668, -0.0001244634622707963, -1.277147930522915e-06, 0.0009039175347425044, -0.000971920439042151, -0.0007713847444392741, 0.0005792595911771059, -0.0012047700583934784, -0.0031061472836881876, 0.01173108909279108, -0.003429646836593747, 0.0004659101541619748, -0.000760468072257936], [0.00012060719745932147, -0.0003942479379475117, -0.0007304845494218171, 4.3893342080991715e-05, 0.001852291519753635, 0.0012025957694277167, -0.0021525821648538113, 0.0011535421945154667, -0.0017382192891091108, -0.003429646836593747, 0.01327071338891983, -0.005918894428759813, 0.0007624980062246323], [-6.61575686535798e-05, 8.147371408995241e-05, -0.00037422263994812965, 0.0007860857294872403, -0.0010898546315729618, 0.00027806166326627135, 0.00025913811987265944, -0.0011797089828178287, 0.0010408221278339624, 0.0004659101541619748, -0.005918894428759813, 0.015865042805671692, -0.00696730799973011], [-3.712500301844557e-06, 0.0006450506625697017, 0.000779602094553411, -0.001551516936160624, -0.0005589309148490429, -0.0006885498878546059, 0.0007992258761078119, 0.0016563296085223556, -0.001503767678514123, -0.000760468072257936, 0.0007624980062246323, -0.00696730799973011, 0.015060252510011196]], "metadata.audio_properties.analysis.downmix": "mix", "metadata.audio_properties.codec": "mp3", "metadata.audio_properties.md5_encoded": "e9574ef472bac097edaf2bf04cb3f6b0", "metadata.tags.file_name": "1183680756187410462.mp3", "metadata.version.essentia": "2.1-beta6-dev", "metadata.version.essentia_git_sha": "v2.1_beta5-1110-g77a6a954", "metadata.ver