{"song_id": "1183709817873903626", "download": "https://cdn.discordapp.com/attachments/1135911532732108921/1183709817873903626/chirp.mp4?ex=658952ac&amp", "lyrics": "[Verse]\nIn the realm of elements, a tale to tell\nAtoms unite, energy entwined, we dwell\nFire burns bright, with passion fierce and free\nWater flows gentle, reflecting what could be\n\n[Chorus]\nEarth and air dance in harmony\nElements bound, creating life's symphony\nFrom the soil to the sky, we'll forever strive\nIn this cosmic journey, we'll continue to thrive", "style": ["pop"], "essentia_features": {"lowlevel.average_loudness": 0.9647566080093384, "lowlevel.barkbands_crest.mean": 18.289764404296875, "lowlevel.barkbands_crest.stdev": 4.905872344970703, "lowlevel.barkbands_flatness_db.mean": 0.3529769778251648, "lowlevel.barkbands_flatness_db.stdev": 0.09829429537057877, "lowlevel.barkbands_kurtosis.mean": 73.44274139404297, "lowlevel.barkbands_kurtosis.stdev": 115.04645538330078, "lowlevel.barkbands_skewness.mean": 4.8771891593933105, "lowlevel.barkbands_skewness.stdev": 3.8503270149230957, "lowlevel.barkbands_spread.mean": 5.136752128601074, "lowlevel.barkbands_spread.stdev": 8.227824211120605, "lowlevel.dissonance.mean": 0.42022010684013367, "lowlevel.dissonance.stdev": 0.049006298184394836, "lowlevel.dynamic_complexity": 3.3262531757354736, "lowlevel.erbbands_crest.mean": 15.151812553405762, "lowlevel.erbbands_crest.stdev": 5.734762668609619, "lowlevel.erbbands_flatness_db.mean": 0.21150238811969757, "lowlevel.erbbands_flatness_db.stdev": 0.0569247230887413, "lowlevel.erbbands_kurtosis.mean": 10.46872615814209, "lowlevel.erbbands_kurtosis.stdev": 21.1973934173584, "lowlevel.erbbands_skewness.mean": 1.863638162612915, "lowlevel.erbbands_skewness.stdev": 2.022834300994873, "lowlevel.erbbands_spread.mean": 31.589221954345703, "lowlevel.erbbands_spread.stdev": 29.467540740966797, "lowlevel.hfc.mean": 11.869397163391113, "lowlevel.hfc.stdev": 10.98791217803955, "lowlevel.loudness_ebu128.integrated": -15.566340446472168, "lowlevel.loudness_ebu128.loudness_range": 0.9060583114624023, "lowlevel.loudness_ebu128.momentary.mean": -16.190580368041992, "lowlevel.loudness_ebu128.momentary.stdev": 2.6455681324005127, "lowlevel.loudness_ebu128.short_term.mean": -15.571120262145996, "lowlevel.loudness_ebu128.short_term.stdev": 0.3197076618671417, "lowlevel.melbands_crest.mean": 25.45759391784668, "lowlevel.melbands_crest.stdev": 7.363821506500244, "lowlevel.melbands_flatness_db.mean": 0.46396684646606445, "lowlevel.melbands_flatness_db.stdev": 0.11447419971227646, "lowlevel.melbands_kurtosis.mean": 109.17748260498047, "lowlevel.melbands_kurtosis.stdev": 191.6125946044922, "lowlevel.melbands_skewness.mean": 5.583901405334473, "lowlevel.melbands_skewness.stdev": 4.5897088050842285, "lowlevel.melbands_spread.mean": 4.496965408325195, "lowlevel.melbands_spread.stdev": 7.675363063812256, "lowlevel.pitch_salience.mean": 0.32009685039520264, "lowlevel.pitch_salience.stdev": 0.15049421787261963, "lowlevel.silence_rate_20dB.mean": 0.9458041787147522, "lowlevel.silence_rate_20dB.stdev": 0.22640399634838104, "lowlevel.silence_rate_30dB.mean": 0.6421911716461182, "lowlevel.silence_rate_30dB.stdev": 0.47935447096824646, "lowlevel.silence_rate_60dB.mean": 0.008158507756888866, "lowlevel.silence_rate_60dB.stdev": 0.08995632827281952, "lowlevel.spectral_centroid.mean": 465.2879638671875, "lowlevel.spectral_centroid.stdev": 446.7452087402344, "lowlevel.spectral_complexity.mean": 5.670163154602051, "lowlevel.spectral_complexity.stdev": 3.54550838470459, "lowlevel.spectral_decrease.mean": -2.661279197013755e-08, "lowlevel.spectral_decrease.stdev": 2.9346704621957542e-08, "lowlevel.spectral_energy.mean": 0.10151928663253784, "lowlevel.spectral_energy.stdev": 0.11148638278245926, "lowlevel.spectral_energyband_high.mean": 0.00012217523180879653, "lowlevel.spectral_energyband_high.stdev": 0.0003551421395968646, "lowlevel.spectral_energyband_low.mean": 0.08853889256715775, "lowlevel.spectral_energyband_low.stdev": 0.10896079987287521, "lowlevel.spectral_energyband_middle_high.mean": 0.00204709661193192, "lowlevel.spectral_energyband_middle_high.stdev": 0.005454786587506533, "lowlevel.spectral_energyband_middle_low.mean": 0.013079800643026829, "lowlevel.spectral_energyband_middle_low.stdev": 0.01939808391034603, "lowlevel.spectral_entropy.mean": 6.402331829071045, "lowlevel.spectral_entropy.stdev": 0.7898390293121338, "lowlevel.spectral_flux.mean": 0.09127559512853622, "lowlevel.spectral_flux.stdev": 0.11551275849342346, "lowlevel.spectral_kurtosis.mean": 11.507616996765137, "lowlevel.spectral_kurtosis.stdev": 11.903584480285645, "lowlevel.spectral_rms.mean": 0.008744850754737854, "lowlevel.spectral_rms.stdev": 0.0047508589923381805, "lowlevel.spectral_rolloff.mean": 280.4065856933594, "lowlevel.spectral_rolloff.stdev": 701.1113891601562, "lowlevel.spectral_skewness.mean": 2.64631724357605, "lowlevel.spectral_skewness.stdev": 1.1633532047271729, "lowlevel.spectral_spread.mean": 4575303.5, "lowlevel.spectral_spread.stdev": 2437714.5, "lowlevel.spectral_strongpeak.mean": 0.8039739727973938, "lowlevel.spectral_strongpeak.stdev": 0.6796518564224243, "lowlevel.zerocrossingrate.mean": 0.015129036270081997, "lowlevel.zerocrossingrate.stdev": 0.023399503901600838, "metadata.audio_properties.analysis.equal_loudness": 0.0, "metadata.audio_properties.analysis.length": 39.8079833984375, "metadata.audio_properties.analysis.sample_rate": 44100.0, "metadata.audio_properties.analysis.start_time": 0.0, "metadata.audio_properties.bit_rate": 111653.0, "metadata.audio_properties.length": 39.80799865722656, "metadata.audio_properties.lossless": 0.0, "metadata.audio_properties.number_channels": 1.0, "metadata.audio_properties.replay_gain": -8.833131790161133, "metadata.audio_properties.sample_rate": 48000.0, "rhythm.beats_count": 56.0, "rhythm.beats_loudness.mean": 0.16759301722049713, "rhythm.beats_loudness.stdev": 0.13351628184318542, "rhythm.bpm": 85.98834991455078, "rhythm.bpm_histogram_first_peak_bpm": 86.0, "rhythm.bpm_histogram_first_peak_weight": 0.19999998807907104, "rhythm.bpm_histogram_second_peak_bpm": 0.0, "rhythm.bpm_histogram_second_peak_spread": 0.0, "rhythm.bpm_histogram_second_peak_weight": 0.0, "rhythm.danceability": 1.664318323135376, "rhythm.onset_rate": 3.8169641494750977, "tonal.chords_changes_rate": 0.05704307183623314, "tonal.chords_number_rate": 0.010477298870682716, "tonal.chords_strength.mean": 0.488012433052063, "tonal.chords_strength.stdev": 0.08591461926698685, "tonal.hpcp_crest.mean": 13.355598449707031, "tonal.hpcp_crest.stdev": 4.580885410308838, "tonal.hpcp_entropy.mean": 1.8893934488296509, "tonal.hpcp_entropy.stdev": 0.600164532661438, "tonal.key_edma.strength": 0.6090918183326721, "tonal.key_krumhansl.strength": 0.6015104651451111, "tonal.key_temperley.strength": 0.5846737027168274, "tonal.tuning_diatonic_strength": 0.5391027331352234, "tonal.tuning_equal_tempered_deviation": 0.21629013121128082, "tonal.tuning_frequency": 434.193115234375, "tonal.tuning_nontempered_energy_ratio": 0.8898541927337646, "lowlevel.barkbands.mean": [0.004702367819845676, 0.06999309360980988, 0.011618153192102909, 0.003460121573880315, 0.006428580731153488, 0.001889598905108869, 0.0006380332633852959, 0.000269237527390942, 0.0003204747335985303, 0.000844063179101795, 0.0007411933620460331, 9.192580182570964e-05, 8.939709368860349e-05, 4.23457968281582e-05, 0.0001418210449628532, 4.815378997591324e-05, 2.4844544896041043e-05, 2.5982977604144253e-05, 2.1821419068146497e-05, 2.5897883460856974e-05, 1.7984481019084342e-05, 8.200187949114479e-06, 1.0368914445280097e-05, 2.7921798391616903e-05, 3.199570346623659e-05, 5.88734656048473e-06, 1.7653869477385342e-08], "lowlevel.barkbands.stdev": [0.005624416284263134, 0.09338405728340149, 0.02453485317528248, 0.008385161869227886, 0.012677714228630066, 0.004470710642635822, 0.0021454747766256332, 0.0008499423274770379, 0.0009550753748044372, 0.0027591853868216276, 0.003438269719481468, 0.0006103134946897626, 0.00035729038063436747, 0.00017747969832271338, 0.0004523814714048058, 0.00017392799782101065, 7.383593765553087e-05, 6.265802949201316e-05, 5.83458058827091e-05, 0.00014321241178549826, 3.7681369576603174e-05, 3.644937896751799e-05, 5.2288436563685536e-05, 0.00011950726911891252, 0.00014265760546550155, 2.1177262169658206e-05, 1.6977335803858296e-07], "lowlevel.erbbands.mean": [3.3424482345581055, 10.40090274810791, 12.258299827575684, 15.286343574523926, 22.713008880615234, 14.34713077545166, 18.60828399658203, 11.826216697692871, 8.472329139709473, 7.055522441864014, 6.930607795715332, 8.220526695251465, 11.077754020690918, 50.1990852355957, 13.609868049621582, 3.1391801834106445, 3.8812665939331055, 2.872474193572998, 7.107651233673096, 4.038259983062744, 2.1857106685638428, 1.2952321767807007, 1.2820497751235962, 1.8017871379852295, 0.5550444722175598, 1.194905161857605, 1.164288878440857, 0.48422953486442566, 0.33939090371131897, 0.24295686185359955, 0.2989889979362488, 0.44874367117881775, 0.5323169827461243, 0.41911181807518005, 0.19295088946819305, 0.048426855355501175, 0.006141839548945427, 0.00038429125561378896, 5.639826486003585e-05, 0.00011122090654680505], "lowlevel.erbbands.stdev": [4.228399753570557, 15.93652629852295, 23.06773567199707, 36.36787796020508, 53.358741760253906, 25.319543838500977, 39.579010009765625, 31.94948959350586, 28.871370315551758, 18.276086807250977, 22.425373077392578, 22.000593185424805, 30.979976654052734, 166.93704223632812, 56.43077850341797, 11.474194526672363, 15.686535835266113, 8.458155632019043, 27.403053283691406, 11.394550323486328, 6.798611640930176, 3.5597574710845947, 3.064345359802246, 4.29732608795166, 1.3977807760238647, 6.440886497497559, 3.5307657718658447, 1.054183006286621, 1.6155281066894531, 1.1738712787628174, 1.4981608390808105, 1.8494919538497925, 2.4198031425476074, 1.951897382736206, 0.8115555047988892, 0.18118871748447418, 0.023050975054502487, 0.001655148109421134, 6.076021963963285e-05, 0.00012012988736387342], "lowlevel.gfcc.mean": [-99.00955963134766, 136.0464324951172, -52.79432678222656, 44.555606842041016, -31.15921974182129, 25.184125900268555, -25.672271728515625, 20.623855590820312, -23.763988494873047, 2.221282958984375, -4.519766330718994, -10.93115234375, 19.383745193481445], "lowlevel.melbands.mean": [0.02345186658203602, 0.008269078098237514, 0.0028190496377646923, 0.0013980637304484844, 0.0005993448430672288, 0.000275722035439685, 0.00013662275159731507, 6.948773807380348e-05, 5.2995095757069066e-05, 5.309111293172464e-05, 5.3230342018650845e-05, 0.0002026953879976645, 6.480275624198839e-05, 1.3229826436145231e-05, 5.23864491697168e-06, 9.640250027587172e-06, 4.358506430435227e-06, 1.028698625304969e-05, 9.251019037037622e-06, 4.069778697157744e-06, 2.123216518157278e-06, 1.4139151289782603e-06, 1.0493998843230656e-06, 1.2998045804124558e-06, 1.5812157698746887e-06, 4.1130678596346115e-07, 3.787300499880075e-07, 9.369032341055572e-07, 8.724717304176011e-07, 4.245331695074128e-07, 2.3286312966774858e-07, 2.1421652718345285e-07, 1.1566099544779718e-07, 1.489810728116936e-07, 1.6364356270059943e-07, 1.8863632078591763e-07, 3.19162722917099e-07, 3.8860841300447646e-07, 3.369857211055205e-07, 3.679382132304454e-07], "lowlevel.melbands.stdev": [0.030450735241174698, 0.013137164525687695, 0.00556021835654974, 0.0029914299957454205, 0.0011577027617022395, 0.0007076078909449279, 0.00046113505959510803, 0.0001718138955766335, 0.00018206813547294587, 0.00015601488121319562, 0.00017131620552390814, 0.0006617869366891682, 0.00027957340353168547, 8.275907748611644e-05, 2.4499251594534144e-05, 3.892038148478605e-05, 1.5525280105066486e-05, 4.605340291163884e-05, 2.740630770858843e-05, 1.600639552634675e-05, 7.095475211826852e-06, 4.277362677385099e-06, 3.0710746159456903e-06, 2.861559551092796e-06, 3.9798383113520686e-06, 1.1728984645742457e-06, 1.1556371646292973e-06, 5.710433015337912e-06, 3.235039457649691e-06, 9.953894277714426e-07, 5.606723334494745e-07, 1.0743932534751366e-06, 5.428097438198165e-07, 7.97485995462921e-07, 8.796899351182219e-07, 8.720990649635496e-07, 1.3115220554027474e-06, 1.7332718016405124e-06, 1.743841266943491e-06, 1.6831804714456666e-06], "lowlevel.melbands128.mean": [0.0046361819840967655, 0.031131459400057793, 0.02959361858665943, 0.012694644741714, 0.005999016109853983, 0.005870901979506016, 0.003257421078160405, 0.0014054712373763323, 0.0028682686388492584, 0.0014580682618543506, 0.0005337183247320354, 0.0005434450577013195, 0.0007529564318247139, 0.0005019753007218242, 0.00028044197824783623, 0.00014954509970266372, 7.691256905673072e-05, 0.00016775891708675772, 0.0001775869750417769, 5.187128408579156e-05, 3.144421862089075e-05, 5.466744187287986e-05, 7.472257857443765e-05, 2.378570025030058e-05, 4.1873601730912924e-05, 8.568522025598213e-05, 3.0101746233412996e-05, 3.656928674899973e-05, 5.888889791094698e-05, 0.00019744259770959616, 0.0002985773317050189, 0.00014544899750035256, 2.132342524419073e-05, 3.2399340852862224e-05, 1.8189110051025636e-05, 6.872658104839502e-06, 5.632475676975446e-06, 2.6772943328978727e-06, 6.717766609654063e-06, 9.989019417844247e-06, 1.2308489203860518e-05, 6.220571776793804e-06, 2.9698098842345644e-06, 4.590554453898221e-06, 3.654020019894233e-06, 1.1596403055591509e-05, 1.845145015977323e-05, 1.1534088116604835e-05, 3.987485342804575e-06, 2.861163011402823e-06, 5.674506610375829e-06, 3.574058155209059e-06, 1.5554873016299098e-06, 2.0377458440634655e-06, 1.940011770784622e-06, 1.305466753365181e-06, 9.745124316395959e-07, 1.1025374533346621e-06, 1.0785221320475102e-06, 9.427592431165976e-07, 1.2530658750620205e-06, 1.5972876781233936e-06, 1.740463176247431e-06, 1.9668827917485032e-06, 6.29799671969522e-07, 2.741062985478493e-07, 3.0322840416374675e-07, 2.642650827056059e-07, 3.3502530527584895e-07, 6.126978178144782e-07, 7.797095804562559e-07, 1.2935887525600265e-06, 1.1699871720338706e-06, 7.16883732820861e-07, 6.404143846339139e-07, 4.983187409379752e-07, 2.889848644826998e-07, 2.441545916553878e-07, 2.3715591623840737e-07, 1.9968126707681222e-07, 2.4595294689788716e-07, 2.2205108507478144e-07, 1.3427143130684271e-07, 1.0499045544065666e-07, 9.334664241578139e-08, 1.2622056999589404e-07, 1.721501234897005e-07, 1.866469290234818e-07, 1.464014047769524e-07, 1.5861087376833893e-07, 1.9781022331244458e-07, 1.7951892061773833e-07, 2.0103041720176407e-07, 3.043743390662712e-07, 4.2878608041974076e-07, 3.715473724241747e-07, 3.9973917864699615e-07, 3.723183397141838e-07, 3.2298217433890386e-07, 3.160209303132433e-07, 3.6940861036782735e-07, 3.8694417980877915e-07, 3.5795730468635156e-07, 3.141661011341057e-07, 2.0202847395012213e-07, 1.489579943836361e-07, 1.1927265575195634e-07, 1.1380050324305557e-07, 8.368324699858931e-08, 5.165548344621129e-08, 2.6433049526985997e-08, 1.9650642002488894e-08, 1.6746007247547823e-08, 8.983492172376373e-09, 5.631554778062764e-09, 2.666498577497123e-09, 6.605567759443431e-10, 4.7542948744538904e-11, 1.6570586916508923e-11, 1.609580177475145e-11, 1.5735492769897164e-11, 1.5458610086449553e-11, 1.508911919023692e-11, 1.4837056930283588e-11, 1.4570367481980817e-11, 1.4277343196589243e-11, 1.4098157537223432e-11, 1.401421600294439e-11], "lowlevel.melbands128.stdev": [0.00554150715470314, 0.03878704458475113, 0.04149548336863518, 0.022269517183303833, 0.012206558138132095, 0.013524125330150127, 0.008733933791518211, 0.0034395179245620966, 0.007279710378497839, 0.0033271117135882378, 0.0012548852246254683, 0.0012219053460285068, 0.0017689355881884694, 0.0015453785890713334, 0.0010054101003333926, 0.00047636483213864267, 0.00027279736241325736, 0.0007877813768573105, 0.0005609295913018286, 0.00015316702774725854, 0.00014145961904432625, 0.00020072763436473906, 0.0002964166924357414, 0.00013058791228104383, 0.00013058762124273926, 0.0003107105731032789, 0.00013168719306122512, 0.00018953288963530213, 0.0003415664832573384, 0.0007594895432703197, 0.0011915276991203427, 0.0008020366076380014, 0.00018908643687609583, 0.00026526371948421, 0.00017231691163033247, 2.243288872705307e-05, 2.652485818543937e-05, 2.244320603494998e-05, 5.152988887857646e-05, 5.633686305372976e-05, 6.692973693134263e-05, 2.6229947252431884e-05, 1.3030363334110007e-05, 3.0067600164329633e-05, 2.1843265130883083e-05, 9.099167073145509e-05, 6.66304404148832e-05, 4.6970770199550316e-05, 1.6913809304242022e-05, 1.8375734725850634e-05, 2.7029331249650568e-05, 1.7402117009623908e-05, 7.373173502855934e-06, 8.711132977623492e-06, 7.7356862675515e-06, 5.3275639402272645e-06, 2.905374003603356e-06, 3.396273314137943e-06, 4.758134309668094e-06, 3.1592239793098997e-06, 3.4660774872463662e-06, 4.420397544890875e-06, 5.296205927152187e-06, 6.1267051023605745e-06, 2.32520210374787e-06, 1.0259324199068942e-06, 1.289900410483824e-06, 8.725035627321631e-07, 9.754020311447675e-07, 2.84776206171955e-06, 5.009212600270985e-06, 9.705329830467235e-06, 6.9575125962728634e-06, 1.6677823850841378e-06, 1.8789627347359783e-06, 1.4884466281728237e-06, 6.377821364367264e-07, 5.832054625898309e-07, 7.153680030569376e-07, 6.135329044809623e-07, 1.1931493872907595e-06, 1.4248270190364565e-06, 8.306944891955936e-07, 4.86652197650983e-07, 4.078730455603363e-07, 6.468619062616199e-07, 1.065749302142649e-06, 1.1352832416378078e-06, 8.279344569928071e-07, 8.951130894274684e-07, 1.0515119583942578e-06, 8.655305236970889e-07, 9.305067578679882e-07, 1.4059933164389804e-06, 1.8301942645848612e-06, 1.5983355297066737e-06, 1.878962848422816e-06, 2.049941940640565e-06, 1.838265575315745e-06, 1.8174179103880306e-06, 1.998570496652974e-06, 1.7024490261974279e-06, 1.4741083305125358e-06, 1.6789541632533656e-06, 9.399080340699584e-07, 7.053230888232065e-07, 4.4272351829022227e-07, 4.2799354105227394e-07, 3.383757700703427e-07, 2.320662417787389e-07, 1.3056514092113503e-07, 9.657548361019508e-08, 7.120259937209994e-08, 3.965702788377712e-08, 3.336751319693576e-08, 1.7026129839337045e-08, 7.59759988255837e-09, 3.5334321579760797e-10, 2.954612943195656e-11, 2.876561835951641e-11, 2.8099200050091255e-11, 2.7526272927680395e-11, 2.694519433965592e-11, 2.649579167179894e-11, 2.611669387697635e-11, 2.5802249226103413e-11, 2.5580348603226888e-11, 2.5443289836113436e-11], "lowlevel.mfcc.mean": [-767.8385620117188, 169.03501892089844, 44.80657196044922, 38.339820861816406, 33.19158172607422, 6.590959072113037, 31.998289108276367, -1.5135270357131958, 22.541257858276367, 3.3959038257598877, -4.543571472167969, 3.7766571044921875, -9.9483003616333], "lowlevel.spectral_contrast_coeffs.mean": [-0.6670600771903992, -0.7477049231529236, -0.7491196393966675, -0.8127095103263855, -0.8138726353645325, -0.7793321013450623], "lowlevel.spectral_contrast_coeffs.stdev": [0.08987011760473251, 0.09651842713356018, 0.09659572690725327, 0.06459168344736099, 0.04576965421438217, 0.056447822600603104], "lowlevel.spectral_contrast_valleys.mean": [-6.546639442443848, -7.956896781921387, -8.71764087677002, -9.091117858886719, -9.167799949645996, -11.846351623535156], "lowlevel.spectral_contrast_valleys.stdev": [0.88897705078125, 0.8783433437347412, 0.8726806044578552, 0.7983870506286621, 0.8717737197875977, 1.0756152868270874], "rhythm.beats_loudness_band_ratio.mean": [0.8823016881942749, 0.13219144940376282, 0.027458058670163155, 0.03595578297972679, 0.0052486141212284565, 0.0034415891859680414], "rhythm.beats_loudness_band_ratio.stdev": [0.1640687733888626, 0.1833592653274536, 0.06590502709150314, 0.09179198741912842, 0.010368983261287212, 0.015558724291622639], "tonal.hpcp.mean": [0.08961819857358932, 0.0841594785451889, 0.057218655943870544, 0.05186019465327263, 0.048002343624830246, 0.026479655876755714, 0.018895460292696953, 0.017922302708029747, 0.03680996969342232, 0.1080886647105217, 0.09056054055690765, 0.020935269072651863, 0.014113257639110088, 0.010896663181483746, 0.013498174026608467, 0.02541237324476242, 0.032596733421087265, 0.024414479732513428, 0.025501687079668045, 0.020763155072927475, 0.008174064569175243, 0.00605749012902379, 0.005779093597084284, 0.013988968916237354, 0.02283433824777603, 0.026927104219794273, 0.030252529308199883, 0.024280346930027008, 0.033051375299692154, 0.17247632145881653, 0.5550215840339661, 0.5372306704521179, 0.17681844532489777, 0.07783646136522293, 0.06805416196584702, 0.07707127183675766], "tonal.hpcp.stdev": [0.23756907880306244, 0.227380633354187, 0.17923621833324432, 0.15991900861263275, 0.15660279989242554, 0.09939881414175034, 0.10308706760406494, 0.09829078614711761, 0.11323232203722, 0.283078670501709, 0.234049454331398, 0.09767112880945206, 0.08439721167087555, 0.07389024645090103, 0.0769045427441597, 0.1028122827410698, 0.10378509759902954, 0.10055094957351685, 0.12737837433815002, 0.1263890266418457, 0.052787747234106064, 0.058051131665706635, 0.052211273461580276, 0.09580843150615692, 0.11859967559576035, 0.11661277711391449, 0.13230372965335846, 0.11344779282808304, 0.12439072877168655, 0.26832449436187744, 0.40811431407928467, 0.3926592171192169, 0.28746497631073, 0.22121863067150116, 0.20982691645622253, 0.22994866967201233], "rhythm.beats_position": [0.6965986490249634, 1.404807209968567, 2.11301589012146, 2.8212244510650635, 3.5062131881713867, 4.2028117179870605, 4.899410247802734, 5.584399223327637, 6.2809977531433105, 6.977596282958984, 7.685804843902588, 8.382403373718262, 9.079002380371094, 9.77560043334961, 10.472199440002441, 11.168798446655273, 11.865396499633789, 12.57360553741455, 13.270203590393066, 13.955192565917969, 14.6517915725708, 15.359999656677246, 16.068208694458008, 16.764806747436523, 17.44979476928711, 18.146394729614258, 18.854602813720703, 19.53959083557129, 20.224580764770508, 20.932788848876953, 21.6409969329834, 22.337596893310547, 23.034194946289062, 23.730792999267578, 24.427391052246094, 25.112380981445312, 25.820589065551758, 26.517187118530273, 27.22539710998535, 27.921995162963867, 28.606983184814453, 29.3151912689209, 30.023401260375977, 30.708389282226562, 31.404987335205078, 32.101585388183594, 32.80979537963867, 33.50639343261719, 34.191383361816406, 34.89958953857422, 35.59619140625, 36.292789459228516, 36.98938751220703, 37.68598556518555, 38.394195556640625, 39.07918167114258], "rhythm.bpm_histogram": [0.0, 0.0, 0.0, 0.0, 0.0, 0.0, 0.0, 0.0, 0.0, 0.0, 0.0, 0.0, 0.0, 0.0, 0.0, 0.0, 0.0, 0.0, 0.0, 0.0, 0.0, 0.0, 0.0, 0.0, 0.0, 0.0, 0.0, 0.0, 0.0, 0.0, 0.0, 0.0, 0.0, 0.0, 0.0, 0.0, 0.0, 0.0, 0.0, 0.0, 0.0, 0.0, 0.0, 0.0, 0.0, 0.0, 0.0, 0.0, 0.0, 0.0, 0.0, 0.0, 0.0, 0.0, 0.0, 0.0, 0.0, 0.0, 0.0, 0.0, 0.0, 0.0, 0.0, 0.0, 0.0, 0.0, 0.0, 0.0, 0.0, 0.0, 0.0, 0.0, 0.0, 0.0, 0.0, 0.0, 0.0, 0.0, 0.0, 0.0, 0.0, 0.0, 0.0, 0.0, 0.0, 0.30909091234207153, 0.4909090995788574, 0.0, 0.20000000298023224, 0.0, 0.0, 0.0, 0.0, 0.0, 0.0, 0.0, 0.0, 0.0, 0.0, 0.0, 0.0, 0.0, 0.0, 0.0, 0.0, 0.0, 0.0, 0.0, 0.0, 0.0, 0.0, 0.0, 0.0, 0.0, 0.0, 0.0, 0.0, 0.0, 0.0, 0.0, 0.0, 0.0, 0.0, 0.0, 0.0, 0.0, 0.0, 0.0, 0.0, 0.0, 0.0, 0.0, 0.0, 0.0, 0.0, 0.0, 0.0, 0.0, 0.0, 0.0, 0.0, 0.0, 0.0, 0.0, 0.0, 0.0, 0.0, 0.0, 0.0, 0.0, 0.0, 0.0, 0.0, 0.0, 0.0, 0.0, 0.0, 0.0, 0.0, 0.0, 0.0, 0.0, 0.0, 0.0, 0.0, 0.0, 0.0, 0.0, 0.0, 0.0, 0.0, 0.0, 0.0, 0.0, 0.0, 0.0, 0.0, 0.0, 0.0, 0.0, 0.0, 0.0, 0.0, 0.0, 0.0, 0.0, 0.0, 0.0, 0.0, 0.0, 0.0, 0.0, 0.0, 0.0, 0.0, 0.0, 0.0, 0.0, 0.0, 0.0, 0.0, 0.0, 0.0, 0.0, 0.0, 0.0, 0.0, 0.0, 0.0, 0.0, 0.0, 0.0, 0.0, 0.0, 0.0, 0.0, 0.0, 0.0, 0.0, 0.0, 0.0, 0.0, 0.0, 0.0, 0.0, 0.0, 0.0, 0.0, 0.0, 0.0, 0.0, 0.0, 0.0, 0.0, 0.0, 0.0, 0.0, 0.0, 0.0, 0.0, 0.0, 0.0, 0.0, 0.0, 0.0, 0.0, 0.0, 0.0, 0.0, 0.0], "tonal.chords_histogram": [6.053550720214844, 12.805587768554688, 44.586727142333984, 1.3969732522964478, 0.5820721983909607, 0.0, 0.0, 18.626310348510742, 0.0, 4.6565775871276855, 0.0, 4.77299165725708, 0.0, 0.0, 0.0, 0.0, 0.0, 0.0, 1.2805588245391846, 0.23282887041568756, 4.540163040161133, 0.0, 0.4656577408313751, 0.0], "tonal.thpcp": [1.0, 0.9679455757141113, 0.31857940554618835, 0.14024041593074799, 0.12261534482240677, 0.1388617604970932, 0.16146795451641083, 0.15163280069828033, 0.10309267044067383, 0.09343815594911575, 0.08648734539747238, 0.04770923778414726, 0.034044548869132996, 0.03229118138551712, 0.06632169336080551, 0.19474677741527557, 0.16316579282283783, 0.037719737738370895, 0.025428304448723793, 0.019632864743471146, 0.024320088326931, 0.04578628018498421, 0.05873056873679161, 0.043988343328237534, 0.04594719782471657, 0.03740963712334633, 0.014727471396327019, 0.010913971811532974, 0.010412376374006271, 0.02520436979830265, 0.04114135354757309, 0.04851541668176651, 0.05450694262981415, 0.043746672570705414, 0.059549711644649506, 0.31075605750083923], "lowlevel.gfcc.cov": [[6187.5205078125, -253.98948669433594, -1142.2987060546875, -612.17431640625, -632.3721313476562, 98.64835357666016, -443.8936462402344, 262.2603454589844, -510.2189636230469, 289.76702880859375, -302.231201171875, 74.24966430664062, 169.31910705566406], [-253.98948669433594, 1191.9727783203125, -94.74520874023438, -347.718017578125, 266.03997802734375, -267.58221435546875, 200.24411010742188, -107.62525177001953, 5.006777763366699, -147.68312072753906, 101.28955078125, -196.57366943359375, 95.70006561279297], [-1142.2987060546875, -94.74520874023438, 1245.3671875, 456.15185546875, 125.148681640625, 64.28123474121094, 25.344669342041016, -164.50869750976562, 237.37193298339844, -133.09957885742188, 25.068586349487305, 4.026978015899658, -202.49522399902344], [-612.17431640625, -347.718017578125, 456.15185546875, 723.6123046875, 142.84033203125, -0.7267103791236877, 44.868141174316406, -28.73605728149414, 159.80484008789062, -138.9106903076172, 29.98642349243164, -21.897642135620117, -87.60674285888672], [-632.3721313476562, 266.03997802734375, 125.148681640625, 142.84033203125, 487.85260009765625, -4.622094631195068, 210.47044372558594, 12.922913551330566, 63.85662078857422, -113.64381408691406, 55.77812957763672, -97.29878234863281, -3.9587132930755615], [98.64835357666016, -267.58221435546875, 64.28123474121094, -0.7267103791236877, -4.622094631195068, 364.1885986328125, 116.27803039550781, -38.132137298583984, 19.456846237182617, 13.494295120239258, -48.3547248840332, -22.820384979248047, -57.41275405883789], [-443.8936462402344, 200.24411010742188, 25.344669342041016, 44.868141174316406, 210.47044372558594, 116.27803039550781, 366.9098815917969, 7.6484599113464355, 73.45050811767578, -72.50675964355469, 36.68519592285156, -102.93077087402344, -24.963607788085938], [262.2603454589844, -107.62525177001953, -164.50869750976562, -28.73605728149414, 12.922913551330566, -38.132137298583984, 7.6484599113464355, 240.62791442871094, 26.225210189819336, 36.94743347167969, 16.480308532714844, 42.00429916381836, 65.57426452636719], [-510.2189636230469, 5.006777763366699, 237.37193298339844, 159.80484008789062, 63.85662078857422, 19.456846237182617, 73.45050811767578, 26.225210189819336, 265.8320617675781, -7.801801681518555, 64.89209747314453, 13.523247718811035, -21.9096622467041], [289.76702880859375, -147.68312072753906, -133.09957885742188, -138.9106903076172, -113.64381408691406, 13.494295120239258, -72.50675964355469, 36.94743347167969, -7.801801681518555, 185.01023864746094, 22.09199333190918, 68.79618835449219, 28.91573715209961], [-302.231201171875, 101.28955078125, 25.068586349487305, 29.98642349243164, 55.77812957763672, -48.3547248840332, 36.68519592285156, 16.480308532714844, 64.89209747314453, 22.09199333190918, 146.8239288330078, 25.078886032104492, 33.125308990478516], [74.24966430664062, -196.57366943359375, 4.026978015899658, -21.897642135620117, -97.29878234863281, -22.820384979248047, -102.93077087402344, 42.00429916381836, 13.523247718811035, 68.79618835449219, 25.078886032104492, 175.9982147216797, 12.678138732910156], [169.31910705566406, 95.70006561279297, -202.49522399902344, -87.60674285888672, -3.9587132930755615, -57.41275405883789, -24.963607788085938, 65.57426452636719, -21.9096622467041, 28.91573715209961, 33.125308990478516, 12.678138732910156, 177.05877685546875]], "lowlevel.gfcc.icov": [[0.0003623623342718929, -0.0008446575957350433, 0.00020724511705338955, -0.0007148552103899419, 0.00039649856626056135, -0.0009158428874798119, 0.0005750327836722136, -0.0008884468697942793, 0.000675292918458581, -0.0008757543982937932, 0.0007912665023468435, -0.00037940757465548813, 0.00022105312382336706], [-0.0008446575957350433, 0.008115371689200401, -0.0008745443192310631, 0.006802786607295275, -0.002233743667602539, 0.007302495650947094, -0.0035624222364276648, 0.00566026009619236, -0.003773935604840517, 0.00676649110391736, -0.0047094388864934444, 0.005064051598310471, -0.002547038486227393], [0.00020724511705338955, -0.0008745443192310631, 0.0016855812864378095, -0.0011776875471696258, 5.604955003946088e-05, -0.001022443175315857, 0.0009098926675505936, 4.7898713091854006e-05, -0.0005559335113503039, -0.00020546077576000243, 0.0005181512678973377, -0.0008768292609602213, 0.001330402446910739], [-0.0007148552103899419, 0.006802786607295275, -0.0011776875471696258, 0.00786480400711298, -0.0021173928398638964, 0.006068113725632429, -0.0025867894291877747, 0.004482697695493698, -0.003945665899664164, 0.006985903717577457, -0.00427502766251564, 0.0042417580261826515, -0.001686398871243], [0.00039649856626056135, -0.002233743667602539, 5.604955003946088e-05, -0.0021173928398638964, 0.00404262263327837, -0.0017568052280694246, -0.0003864041354972869, -0.0021983159240335226, 0.001407862058840692, -0.0009466750198043883, 0.0005201007006689906, -0.00046138654579408467, 0.0003895575937349349], [-0.0009158428874798119, 0.007302495650947094, -0.001022443175315857, 0.006068113725632429, -0.0017568052280694246, 0.010407260619103909, -0.005146538373082876, 0.005793232936412096, -0.0036840648390352726, 0.0049774618819355965, -0.0026728271041065454, 0.004157495219260454, -0.0018402636051177979], [0.0005750327836722136, -0.0035624222364276648, 0.0009098926675505936, -0.0025867894291877747, -0.0003864041354972869, -0.005146538373082876, 0.007093021180480719, -0.0032887926790863276, 0.0007180619286373258, -0.0017644045874476433, 0.0005882944096811116, -0.0001017557515297085, 0.0019511254504323006], [-0.0008884468697942793, 0.00566026009619236, 4.7898713091854006e-05, 0.004482697695493698, -0.0021983159240335226, 0.005793232936412096, -0.0032887926790863276, 0.009862985461950302, -0.004080201033502817, 0.004243884235620499, -0.0026473200414329767, 0.001763716572895646, -0.00305308704264462], [0.000675292918458581, -0.003773935604840517, -0.0005559335113503039, -0.003945665899664164, 0.001407862058840692, -0.0036840648390352726, 0.0007180619286373258, -0.004080201033502817, 0.008044610731303692, -0.004195611923933029, 0.0006948101799935102, -0.0024315419141203165, 0.0009799750987440348], [-0.0008757543982937932, 0.00676649110391736, -0.00020546077576000243, 0.006985903717577457, -0.0009466750198043883, 0.0049774618819355965, -0.0017644045874476433, 0.004243884235620499, -0.004195611923933029, 0.014721405692398548, -0.006286461837589741, 0.002467918675392866, -0.0017498703673481941], [0.0007912665023468435, -0.0047094388864934444, 0.0005181512678973377, -0.00427502766251564, 0.0005201007006689906, -0.0026728271041065454, 0.0005882944096811116, -0.0026473200414329767, 0.0006948101799935102, -0.006286461837589741, 0.013097451999783516, -0.004644893109798431, -0.0005306837847456336], [-0.00037940757465548813, 0.005064051598310471, -0.0008768292609602213, 0.0042417580261826515, -0.00046138654579408467, 0.004157495219260454, -0.0001017557515297085, 0.001763716572895646, -0.0024315419141203165, 0.002467918675392866, -0.004644893109798431, 0.011826321482658386, -0.0012898107524961233], [0.00022105312382336706, -0.002547038486227393, 0.001330402446910739, -0.001686398871243, 0.0003895575937349349, -0.0018402636051177979, 0.0019511254504323006, -0.00305308704264462, 0.0009799750987440348, -0.0017498703673481941, -0.0005306837847456336, -0.0012898107524961233, 0.008916718885302544]], "lowlevel.mfcc.cov": [[5977.76904296875, -283.15692138671875, -896.897216796875, -697.18017578125, -397.3720703125, -481.7232360839844, 18.09994125366211, -499.8121032714844, 127.19746398925781, -145.41180419921875, -304.0928649902344, -95.11241149902344, -214.1031951904297], [-283.15692138671875, 1526.5853271484375, -414.76495361328125, -125.68181610107422, -58.547279357910156, -210.17111206054688, 191.2968292236328, -165.78065490722656, 44.29627227783203, -50.52461624145508, -36.24384689331055, 3.497703790664673, -160.64309692382812], [-896.897216796875, -414.76495361328125, 1121.55810546875, 190.83287048339844, 108.26742553710938, 303.8230895996094, -277.99102783203125, 199.1221923828125, -142.8576202392578, 45.13332748413086, 117.55231475830078, 6.217350959777832, 75.29072570800781], [-697.18017578125, -125.68181610107422, 190.83287048339844, 592.331298828125, 209.72811889648438, -6.416672229766846, -9.261591911315918, 143.81565856933594, 0.14744876325130463, -27.020742416381836, 25.18964385986328, 91.0866928100586, 59.1018180847168], [-397.3720703125, -58.547279357910156, 108.26742553710938, 209.72811889648438, 289.0900573730469, 7.964424133300781, 4.949425220489502, 77.38511657714844, 28.331546783447266, -15.150400161743164, 14.075557708740234, 51.469974517822266, 18.8309268951416], [-481.7232360839844, -210.17111206054688, 303.8230895996094, -6.416672229766846, 7.964424133300781, 462.15826416015625, 0.27714672684669495, 161.6961212158203, -68.77655029296875, 137.50196838378906, 81.8428955078125, -111.713623046875, 94.49553680419922], [18.09994125366211, 191.2968292236328, -277.99102783203125, -9.261591911315918, 4.949425220489502, 0.27714672684669495, 349.96624755859375, -8.86112117767334, 101.87958526611328, 20.357158660888672, -11.084969520568848, -3.914242744445801, -77.0990219116211], [-499.8121032714844, -165.78065490722656, 199.1221923828125, 143.81565856933594, 77.38511657714844, 161.6961212158203, -8.86112117767334, 300.41375732421875, 17.536741256713867, 63.94580078125, 79.23561096191406, 16.56194496154785, 76.16924285888672], [127.19746398925781, 44.29627227783203, -142.8576202392578, 0.14744876325130463, 28.331546783447266, -68.77655029296875, 101.87958526611328, 17.536741256713867, 213.70619201660156, 13.507552146911621, 16.82823371887207, 33.801483154296875, -65.08585357666016], [-145.41180419921875, -50.52461624145508, 45.13332748413086, -27.020742416381836, -15.150400161743164, 137.50196838378906, 20.357158660888672, 63.94580078125, 13.507552146911621, 163.574951171875, 42.66355514526367, -37.72737503051758, 34.34923553466797], [-304.0928649902344, -36.24384689331055, 117.55231475830078, 25.18964385986328, 14.075557708740234, 81.8428955078125, -11.084969520568848, 79.23561096191406, 16.82823371887207, 42.66355514526367, 176.97584533691406, 29.885395050048828, 28.471660614013672], [-95.11241149902344, 3.497703790664673, 6.217350959777832, 91.0866928100586, 51.469974517822266, -111.713623046875, -3.914242744445801, 16.56194496154785, 33.801483154296875, -37.72737503051758, 29.885395050048828, 165.00149536132812, -8.481783866882324], [-214.1031951904297, -160.64309692382812, 75.29072570800781, 59.1018180847168, 18.8309268951416, 94.49553680419922, -77.0990219116211, 76.16924285888672, -65.08585357666016, 34.34923553466797, 28.471660614013672, -8.481783866882324, 190.6254119873047]], "lowlevel.mfcc.icov": [[0.00027125293854624033, 0.0001573430054122582, 0.0001393240672769025, 0.00018781344988383353, 0.00015377404633909464, 0.0001251416397280991, 8.817416528472677e-05, 0.00015013273514341563, -0.00012586555385496467, 6.674412725260481e-05, 0.000207330405828543, 7.856395677663386e-05, 0.00013997354835737497], [0.0001573430054122582, 0.0009141747141256928, 0.0002526263415347785, 0.00015562733460683376, 5.365403922041878e-05, 0.0003329906612634659, -0.0002484539581928402, 0.0001949604629771784, 0.0002451603941153735, -9.087360012927093e-06, -0.0001320630544796586, 0.0001596725342096761, 0.0005624967161566019], [0.0001393240672769025, 0.0002526263415347785, 0.0019087274558842182, -0.00025793869281187654, -0.00022265728330239654, -0.0011384328827261925, 0.0014161765575408936, -0.00031300680711865425, 0.0006007655756548047, 0.00022025035286787897, -0.0003950012323912233, -0.0004311367520131171, 0.0011848893482238054], [0.00018781344988383353, 0.00015562733460683376, -0.00025793869281187654, 0.0028429164085537195, -0.0013488485710695386, 0.0005974131636321545, -0.0004164094862062484, -0.0007927465485408902, 0.00020200270228087902, 0.0003468546783551574, 0.0003671396989375353, -0.0006154837319627404, -0.0005277577438391745], [0.00015377404633909464, 5.365403922041878e-05, -0.00022265728330239654, -0.0013488485710695386, 0.005031821317970753, -0.00021091802045702934, -0.00011180873116245493, -0.00023337021411862224, -0.0009329224121756852, 0.0005763005465269089, 0.00048815837362781167, -0.0006240384536795318, -0.00014346900570672005], [0.0001251416397280991, 0.0003329906612634659, -0.0011384328827261925, 0.0005974131636321545, -0.00021091802045702934, 0.00578243238851428, -0.001576675451360643, -0.0014381755609065294, 0.0012545211939141154, -0.0023517629597336054, -0.0010810018284246325, 0.003212145296856761, -0.0010665474692359567], [8.817416528472677e-05, -0.0002484539581928402, 0.0014161765575408936, -0.0004164094862062484, -0.00011180873116245493, -0.001576675451360643, 0.004879350773990154, -0.00010504668898647651, -0.0012604212388396263, -0.00013896494056098163, 0.0002394308103248477, -0.00039766670670360327, 0.0018087206408381462], [0.00015013273514341563, 0.0001949604629771784, -0.00031300680711865425, -0.0007927465485408902, -0.00023337021411862224, -0.0014381755609065294, -0.00010504668898647651, 0.005846869666129351, -0.0013671875931322575, -0.0005402115639299154, -0.0007401671027764678, -0.0007311622612178326, -0.0012318879598751664], [-0.00012586555385496467, 0.0002451603941153735, 0.0006007655756548047, 0.00020200270228087902, -0.0009329224121756852, 0.0012545211939141154, -0.0012604212388396263, -0.0013671875931322575, 0.007266784552484751, -0.0014763998333364725, -0.0011726742377504706, -0.00046627363190054893, 0.002173671731725335], [6.674412725260481e-05, -9.087360012927093e-06, 0.00022025035286787897, 0.0003468546783551574, 0.0005763005465269089, -0.0023517629597336054, -0.00013896494056098163, -0.0005402115639299154, -0.0014763998333364725, 0.009078187867999077, -0.0008208879735320807, 0.0006009861244820058, -0.0008492679917253554], [0.000207330405828543, -0.0001320630544796586, -0.0003950012323912233, 0.0003671396989375353, 0.00048815837362781167, -0.0010810018284246325, 0.0002394308103248477, -0.0007401671027764678, -0.0011726742377504706, -0.0008208879735320807, 0.007761348970234394, -0.0022469251416623592, -0.0004676839744206518], [7.856395677663386e-05, 0.0001596725342096761, -0.0004311367520131171, -0.0006154837319627404, -0.0006240384536795318, 0.003212145296856761, -0.00039766670670360327, -0.0007311622612178326, -0.00046627363190054893, 0.0006009861244820058, -0.0022469251416623592, 0.009515102952718735, -0.00032395689049735665], [0.00013997354835737497, 0.0005624967161566019, 0.0011848893482238054, -0.0005277577438391745, -0.00014346900570672005, -0.0010665474692359567, 0.0018087206408381462, -0.0012318879598751664, 0.002173671731725335, -0.0008492679917253554, -0.0004676839744206518, -0.00032395689049735665, 0.008290045894682407]], "metadata.audio_properties.analysis.downmix": "mix", "metadata.audio_properties.codec": "mp3", "metadata.audio_properties.md5_encoded": "443572a6d86be0067d63d2a2eda7b779", "metadata.tags.file_name": "1183709817873903626.mp3", "metadata.version.essentia": "2.1-beta6-dev", "metadata.version.essentia_git_sha": "v2.1_beta5-1110-g77a6a954", "metadata.version.extractor": "music 2.0", "tonal.chords_key": "G", "tonal.chords_scale": "minor", "tonal.key_edma.key": "C", "tonal.key_edma.scale": "minor", "tonal.key_krumhansl.key": "C", "tonal.key_krumhansl.scale": "minor", "tonal.key_temperley.key": "C", "tonal.key_temperley.