{"song_id": "1183684670735515679", "download": "https://cdn.discordapp.com/attachments/1135911532732108921/1183684670735515679/chirp.mp4?ex=65893b41&amp", "lyrics": "\u0421\u0442\u0440\u0430\u0431\u0430\u0441\u043a\u043e\u043f \u043c\u0435\u0440\u0446\u0430\u0435\u0442\n\u0412 \u043e\u043f\u0443\u0441\u0442\u0435\u0432\u0448\u0435\u043c \u0437\u0430\u043b\u0435. \n\u041c\u044b \u0441 \u0442\u043e\u0431\u043e\u0439 \u043e\u0434\u043d\u0438, \n\u0432\u0441\u0435 \u0432 \u0441\u0442\u0440\u0430\u0445\u0435 \u0443\u0431\u0435\u0436\u0430\u043b\u0438. \n\u0417\u0430\u043a\u0440\u0443\u0436\u0438\u043b\u0430\u0441\u044c \u0432 \u0442\u0430\u043d\u0446\u0435\n\u0423 \u0442\u0435\u0431\u044f \u043d\u0435\u0442 \u0448\u0430\u043d\u0441\u043e\u0432, \n\u0415\u0441\u043b\u0438 \u0442\u044b \u0440\u0435\u0448\u0438\u043b\u0430\n\u0421 \u0434\u044c\u044f\u0432\u043e\u043b\u043e\u043c \u0442\u044f\u0433\u0430\u0442\u044c\u0441\u044f... \n[Chorus]\n\u0422\u0435\u0447\u0435\u0442 \u0441\u043b\u044e\u043d\u0430 \u0438\u0437 \u043f\u0440\u0438\u043e\u0442\u043a\u0440\u044b\u0442\u043e\u0439 \u043f\u0430\u0441\u0442\u0438, \n\u041d\u043e \u044f \u043d\u0435 \u0441\u0442\u0430\u043d\u0443 \u0440\u0432\u0430\u0442\u044c \u0442\u0435 \u0431\u044f \u043d\u0430 \u0447\u0430\u0430\u0441\u0442\u0438.\n\u043f\u0440\u043e\u0441\u0442\u043e \u0437\u0430\u0447\u0430\u0440\u043e\u0432\u0430\u043d \u043c\u0443\u0437\u044b\u043a\u043e\u0439 \u0438 \u0442\u0435\u043b\u043e\u043c... \n\u043c\u043e\u044f \u0441\u043b\u0435\u043f\u0430\u044f \u0434\u0438\u0441\u043a\u043e... \u043a\u0430! \u0440\u0430! \u043b\u0435\u0432\u0430!\n\u041c\u043e\u044f... \u0441\u043b\u0435\u043f\u0430\u044f \u0434\u0438\u0441\u043a\u043e \u043a\u043e\u0440\u043e\u043b\u0435\u0432\u0430!", "style": ["punk"], "essentia_features": {"lowlevel.average_loudness": 0.9849939942359924, "lowlevel.barkbands_crest.mean": 10.746613502502441, "lowlevel.barkbands_crest.stdev": 4.377100944519043, "lowlevel.barkbands_flatness_db.mean": 0.13670581579208374, "lowlevel.barkbands_flatness_db.stdev": 0.04310919716954231, "lowlevel.barkbands_kurtosis.mean": 5.076672554016113, "lowlevel.barkbands_kurtosis.stdev": 10.03181266784668, "lowlevel.barkbands_skewness.mean": 1.9446029663085938, "lowlevel.barkbands_skewness.stdev": 1.453890085220337, "lowlevel.barkbands_spread.mean": 27.590900421142578, "lowlevel.barkbands_spread.stdev": 11.213517189025879, "lowlevel.dissonance.mean": 0.48650017380714417, "lowlevel.dissonance.stdev": 0.01107917632907629, "lowlevel.dynamic_complexity": 1.4124598503112793, "lowlevel.erbbands_crest.mean": 7.116238594055176, "lowlevel.erbbands_crest.stdev": 3.236825704574585, "lowlevel.erbbands_flatness_db.mean": 0.1399420201778412, "lowlevel.erbbands_flatness_db.stdev": 0.02974274754524231, "lowlevel.erbbands_kurtosis.mean": 0.2769244909286499, "lowlevel.erbbands_kurtosis.stdev": 1.0833879709243774, "lowlevel.erbbands_skewness.mean": -0.4161510169506073, "lowlevel.erbbands_skewness.stdev": 0.5779831409454346, "lowlevel.erbbands_spread.mean": 44.07193374633789, "lowlevel.erbbands_spread.stdev": 18.00045394897461, "lowlevel.hfc.mean": 26.606246948242188, "lowlevel.hfc.stdev": 10.11275577545166, "lowlevel.loudness_ebu128.integrated": -10.150774002075195, "lowlevel.loudness_ebu128.loudness_range": 0.5884532928466797, "lowlevel.loudness_ebu128.momentary.mean": -10.201274871826172, "lowlevel.loudness_ebu128.momentary.stdev": 0.6754880547523499, "lowlevel.loudness_ebu128.short_term.mean": -10.151083946228027, "lowlevel.loudness_ebu128.short_term.stdev": 0.21032622456550598, "lowlevel.melbands_crest.mean": 19.869956970214844, "lowlevel.melbands_crest.stdev": 6.747537612915039, "lowlevel.melbands_flatness_db.mean": 0.19587640464305878, "lowlevel.melbands_flatness_db.stdev": 0.05280587822198868, "lowlevel.melbands_kurtosis.mean": 24.83304214477539, "lowlevel.melbands_kurtosis.stdev": 37.45762252807617, "lowlevel.melbands_skewness.mean": 3.9333770275115967, "lowlevel.melbands_skewness.stdev": 2.5992143154144287, "lowlevel.melbands_spread.mean": 23.688085556030273, "lowlevel.melbands_spread.stdev": 12.933164596557617, "lowlevel.pitch_salience.mean": 0.4905601739883423, "lowlevel.pitch_salience.stdev": 0.13201208412647247, "lowlevel.silence_rate_20dB.mean": 1.0, "lowlevel.silence_rate_20dB.stdev": 0.0, "lowlevel.silence_rate_30dB.mean": 0.9548088312149048, "lowlevel.silence_rate_30dB.stdev": 0.20772241055965424, "lowlevel.silence_rate_60dB.mean": 0.0011587485205382109, "lowlevel.silence_rate_60dB.stdev": 0.03402106463909149, "lowlevel.spectral_centroid.mean": 1884.632568359375, "lowlevel.spectral_centroid.stdev": 420.5249938964844, "lowlevel.spectral_complexity.mean": 32.416568756103516, "lowlevel.spectral_complexity.stdev": 7.842141151428223, "lowlevel.spectral_decrease.mean": -1.2521828018918768e-08, "lowlevel.spectral_decrease.stdev": 7.359763465331071e-09, "lowlevel.spectral_energy.mean": 0.04967346414923668, "lowlevel.spectral_energy.stdev": 0.027788424864411354, "lowlevel.spectral_energyband_high.mean": 0.001214310061186552, "lowlevel.spectral_energyband_high.stdev": 0.0007521524676121771, "lowlevel.spectral_energyband_low.mean": 0.029809705913066864, "lowlevel.spectral_energyband_low.stdev": 0.028646783903241158, "lowlevel.spectral_energyband_middle_high.mean": 0.007650436833500862, "lowlevel.spectral_energyband_middle_high.stdev": 0.005144698079675436, "lowlevel.spectral_energyband_middle_low.mean": 0.012306883931159973, "lowlevel.spectral_energyband_middle_low.stdev": 0.016741281375288963, "lowlevel.spectral_entropy.mean": 7.925628662109375, "lowlevel.spectral_entropy.stdev": 0.1475055068731308, "lowlevel.spectral_flux.mean": 0.120053730905056, "lowlevel.spectral_flux.stdev": 0.05848873406648636, "lowlevel.spectral_kurtosis.mean": 2.812438726425171, "lowlevel.spectral_kurtosis.stdev": 1.0529347658157349, "lowlevel.spectral_rms.mean": 0.006732873618602753, "lowlevel.spectral_rms.stdev": 0.0017692941473796964, "lowlevel.spectral_rolloff.mean": 1181.758056640625, "lowlevel.spectral_rolloff.stdev": 888.6284790039062, "lowlevel.spectral_skewness.mean": 1.1045870780944824, "lowlevel.spectral_skewness.stdev": 0.20176556706428528, "lowlevel.spectral_spread.mean": 4231255.5, "lowlevel.spectral_spread.stdev": 953087.8125, "lowlevel.spectral_strongpeak.mean": 0.5516478419303894, "lowlevel.spectral_strongpeak.stdev": 0.6168627142906189, "lowlevel.zerocrossingrate.mean": 0.05359664559364319, "lowlevel.zerocrossingrate.stdev": 0.020232992246747017, "metadata.audio_properties.analysis.equal_loudness": 0.0, "metadata.audio_properties.analysis.length": 40.04265213012695, "metadata.audio_properties.analysis.sample_rate": 44100.0, "metadata.audio_properties.analysis.start_time": 0.0, "metadata.audio_properties.bit_rate": 119789.0, "metadata.audio_properties.length": 40.042667388916016, "metadata.audio_properties.lossless": 0.0, "metadata.audio_properties.number_channels": 1.0, "metadata.audio_properties.replay_gain": -15.531805038452148, "metadata.audio_properties.sample_rate": 48000.0, "rhythm.beats_count": 99.0, "rhythm.beats_loudness.mean": 0.07213340699672699, "rhythm.beats_loudness.stdev": 0.025934845209121704, "rhythm.bpm": 149.9843292236328, "rhythm.bpm_histogram_first_peak_bpm": 152.0, "rhythm.bpm_histogram_first_peak_weight": 0.4639175534248352, "rhythm.bpm_histogram_second_peak_bpm": 144.0, "rhythm.bpm_histogram_second_peak_spread": 0.0, "rhythm.bpm_histogram_second_peak_weight": 0.010204081423580647, "rhythm.danceability": 2.554262638092041, "rhythm.onset_rate": 2.27190899848938, "tonal.chords_changes_rate": 0.08564814925193787, "tonal.chords_number_rate": 0.009259259328246117, "tonal.chords_strength.mean": 0.4527471363544464, "tonal.chords_strength.stdev": 0.07532713562250137, "tonal.hpcp_crest.mean": 10.733858108520508, "tonal.hpcp_crest.stdev": 4.74887752532959, "tonal.hpcp_entropy.mean": 2.5418553352355957, "tonal.hpcp_entropy.stdev": 0.7735952138900757, "tonal.key_edma.strength": 0.5208224058151245, "tonal.key_krumhansl.strength": 0.5249914526939392, "tonal.key_temperley.strength": 0.5336018204689026, "tonal.tuning_diatonic_strength": 0.4917791485786438, "tonal.tuning_equal_tempered_deviation": 0.3072257936000824, "tonal.tuning_frequency": 434.193115234375, "tonal.tuning_nontempered_energy_ratio": 0.9407301545143127, "lowlevel.barkbands.mean": [0.005007315427064896, 0.01639934629201889, 0.007203536573797464, 0.005565617699176073, 0.0033392885234206915, 0.000645153340883553, 0.0007394236163236201, 0.0007105529657565057, 0.0011013286421075463, 0.000934021663852036, 0.0009441710426472127, 0.0007115830667316914, 0.0008647888898849487, 0.0007744016475044191, 0.0007290964713320136, 0.0007425248040817678, 0.0005824696854688227, 0.0006080428138375282, 0.0006769253523088992, 0.00038921021041460335, 0.0004401963669806719, 0.0002047678135568276, 0.00012529693776741624, 0.00012101363245164976, 8.553462248528376e-05, 2.7818450689665042e-05, 1.0245598502933717e-07], "lowlevel.barkbands.stdev": [0.007068946957588196, 0.02469249814748764, 0.004944294225424528, 0.00844070315361023, 0.009100379422307014, 0.0014071057084947824, 0.002008386654779315, 0.0017567281611263752, 0.0022440291941165924, 0.0016970071010291576, 0.002034490928053856, 0.0013339901342988014, 0.001437981496565044, 0.0011298339813947678, 0.001034439424984157, 0.0009847700130194426, 0.00044778213487006724, 0.00048123914166353643, 0.000347594206687063, 0.00019587232964113355, 0.00022478480241261423, 0.00014769866538699716, 0.00014337545144371688, 0.00016463831707369536, 0.00015109502419363707, 6.668172864010558e-05, 4.4238350938030635e-07], "lowlevel.erbbands.mean": [0.8086462020874023, 2.4229719638824463, 8.306883811950684, 12.581164360046387, 20.021100997924805, 6.285302639007568, 5.232990264892578, 5.004933834075928, 7.407620906829834, 13.14063835144043, 19.033893585205078, 25.624008178710938, 24.45269012451172, 39.480613708496094, 34.96650695800781, 30.28738784790039, 41.58245086669922, 37.15053939819336, 41.82920837402344, 36.96565628051758, 41.71522521972656, 33.630882263183594, 30.672882080078125, 41.85717010498047, 24.724035263061523, 18.418495178222656, 20.17679214477539, 13.794286727905273, 8.100529670715332, 5.070294380187988, 3.272258996963501, 2.539910078048706, 2.0069353580474854, 1.1427539587020874, 0.5005213618278503, 0.18892572820186615, 0.03780842944979668, 0.00251747015863657, 8.630902448203415e-05, 6.198914343258366e-05], "lowlevel.erbbands.stdev": [1.3386355638504028, 3.9453680515289307, 5.992679119110107, 13.454364776611328, 48.056739807128906, 15.605536460876465, 10.082279205322266, 13.508818626403809, 17.88991928100586, 32.91572570800781, 47.759666442871094, 52.60070037841797, 46.72953414916992, 75.13628387451172, 58.39144515991211, 53.50688934326172, 68.56035614013672, 51.40592956542969, 53.239105224609375, 49.247920989990234, 49.82496643066406, 25.287769317626953, 24.525035858154297, 23.781003952026367, 11.50004768371582, 9.158419609069824, 9.775853157043457, 7.895432949066162, 5.625828266143799, 5.097611427307129, 3.559992551803589, 3.3651041984558105, 2.8697702884674072, 1.847894549369812, 1.0002771615982056, 0.4241980314254761, 0.09826245158910751, 0.007907545194029808, 0.00016132870223373175, 3.059194568777457e-05], "lowlevel.gfcc.mean": [38.76591491699219, 82.46292114257812, -130.27235412597656, 63.43349838256836, -44.50247573852539, 32.68504333496094, -27.017047882080078, 16.658058166503906, -26.176469802856445, -0.507858157157898, -18.26740264892578, -8.157872200012207, -9.708440780639648], "lowlevel.melbands.mean": [0.005758238025009632, 0.003728998126462102, 0.002550930716097355, 0.0009105282370001078, 0.00017730233957991004, 0.00011222524335607886, 0.00012837884423788637, 0.00014042339171282947, 0.00016200932441279292, 0.0001617263478692621, 0.00011931409244425595, 0.00015741634706500918, 0.00012514222180470824, 8.335716120200232e-05, 7.585241110064089e-05, 9.020807920023799e-05, 6.749044405296445e-05, 6.940485036466271e-05, 5.307194805936888e-05, 4.857144085690379e-05, 4.8141115257749334e-05, 3.4406148188281804e-05, 2.9734881536569446e-05, 2.8141457732999697e-05, 3.558360185706988e-05, 2.1672873117495328e-05, 1.3295320059114601e-05, 1.1738806279026903e-05, 1.2789770153176505e-05, 1.1350501154083759e-05, 6.715792551403865e-06, 4.793360858457163e-06, 3.364790472915047e-06, 2.6126344891963527e-06, 1.9089134184469003e-06, 1.6031619907153072e-06, 1.5540080084974761e-06, 1.4729963595527806e-06, 1.173129476228496e-06, 8.954577310760214e-07], "lowlevel.melbands.stdev": [0.008961254730820656, 0.003301378805190325, 0.0034276314545422792, 0.002288487274199724, 0.0003455372352618724, 0.00027951435185968876, 0.0003222848754376173, 0.0003204506647307426, 0.0004076049954164773, 0.0003426280163694173, 0.00023795233573764563, 0.000300353771308437, 0.0002471226325724274, 0.00014242214092519134, 0.00012522985343821347, 0.00015798077220097184, 0.00010332773672416806, 9.412082727067173e-05, 7.821209146641195e-05, 7.141436071833596e-05, 5.7365530665265396e-05, 2.6717374566942453e-05, 2.6707086362875998e-05, 2.2741580323781818e-05, 2.123925332853105e-05, 1.1416874258429743e-05, 7.3484475251461845e-06, 6.371971721819136e-06, 6.480352567450609e-06, 6.649776423728326e-06, 4.2985857362509705e-06, 3.367254521435825e-06, 2.939174919447396e-06, 3.097382659689174e-06, 2.1054984244983643e-06, 2.020872898356174e-06, 2.1364589883887675e-06, 2.140552851415123e-06, 1.7393247162544867e-06, 1.5717345149823814e-06], "lowlevel.melbands128.mean": [0.003834219416603446, 0.008220176212489605, 0.0052488395012915134, 0.003555255476385355, 0.004538572859019041, 0.002999064279720187, 0.0023107596207410097, 0.003019945928826928, 0.0021681562066078186, 0.000671550864353776, 0.00019779497233685106, 0.0001711699878796935, 0.00018176443700212985, 0.00017132831271737814, 0.00012397152022458613, 7.243527215905488e-05, 6.867073534522206e-05, 0.00014094500511419028, 0.000202957060537301, 0.0001446634269086644, 0.00010520770592847839, 0.0001365128846373409, 0.00019355582480784506, 0.00014794780872762203, 0.0001712196972221136, 0.00017054082127287984, 0.00013319181744009256, 0.0001044906020979397, 0.00010871669655898586, 0.00015881104627624154, 0.00017910856695380062, 0.00014774120063520968, 0.00012982875341549516, 0.00010493803711142391, 8.054877980612218e-05, 7.833434938220307e-05, 8.788514969637617e-05, 5.768052506027743e-05, 7.436054875142872e-05, 0.0001224866573465988, 8.847849676385522e-05, 5.581171717494726e-05, 6.42733066342771e-05, 7.116024062270299e-05, 8.393727330258116e-05, 6.212196603883058e-05, 6.649609713349491e-05, 4.951530718244612e-05, 5.375831824494526e-05, 4.459302363102324e-05, 4.507811172516085e-05, 5.494534343597479e-05, 5.470086034620181e-05, 4.315423939260654e-05, 3.664518953883089e-05, 3.315602953080088e-05, 3.355295484652743e-05, 3.2381278288085014e-05, 2.8615197152248584e-05, 2.3480813979404047e-05, 2.500050322851166e-05, 3.282027319073677e-05, 4.034151788800955e-05, 3.6447618185775355e-05, 2.8914049835293554e-05, 2.2523789084516466e-05, 1.656243512115907e-05, 1.3237763596407603e-05, 1.2834401786676608e-05, 1.3088821106066462e-05, 1.0861147529794835e-05, 1.1230257769057062e-05, 1.318423164775595e-05, 1.2923523172503337e-05, 1.2599977708305232e-05, 1.262351270270301e-05, 1.045455428538844e-05, 8.25282131700078e-06, 6.278569799178513e-06, 5.006559149478562e-06, 5.179080744710518e-06, 4.715422619483434e-06, 3.8332318581524305e-06, 3.3302983410976594e-06, 2.810760634019971e-06, 2.8204256068420364e-06, 2.499944002920529e-06, 2.280249418618041e-06, 1.8196971041106735e-06, 1.7201265336552751e-06, 1.66033100867935e-06, 1.611858124306309e-06, 1.431862415302021e-06, 1.5212551716103917e-06, 1.6705743064449052e-06, 1.5475745840376476e-06, 1.4364062508320785e-06, 1.3699745977646671e-06, 1.1763848988266545e-06, 1.0698757932914305e-06, 1.0353986681366223e-06, 8.279650387521542e-07, 8.036828376134508e-07, 6.68751511057053e-07, 5.032572403251834e-07, 4.7550594217682374e-07, 4.656215253362461e-07, 4.218369156205881e-07, 3.075682570852223e-07, 2.5304348127974663e-07, 2.0725720162317884e-07, 1.2746421873544023e-07, 1.1137267819094632e-07, 7.556028691624306e-08, 3.7704538158322976e-08, 1.7905874116763698e-08, 4.389588248443488e-09, 5.005325043327957e-10, 6.312639647121365e-12, 6.066107685609445e-12, 5.886015633227437e-12, 5.7576378560686425e-12, 5.633455507636498e-12, 5.55103445848415e-12, 5.4174009028740144e-12, 5.219019227203914e-12, 5.102534714196416e-12, 5.063034193286686e-12], "lowlevel.melbands128.stdev": [0.006243150681257248, 0.013983579352498055, 0.009708057157695293, 0.006137208081781864, 0.0038100783713161945, 0.0021148775704205036, 0.0024684243835508823, 0.005280455108731985, 0.006086193490773439, 0.0020039016380906105, 0.0005370583385229111, 0.00043258373625576496, 0.00039837133954279125, 0.0004033544973935932, 0.00044586267904378474, 0.00023297865118365735, 0.00013669267354998738, 0.00047046219697222114, 0.0006864729803055525, 0.00046558381291106343, 0.00031835323898121715, 0.0004112187016289681, 0.0006618232582695782, 0.0004290508513804525, 0.00046839306014589965, 0.0005240316968411207, 0.0004383510968182236, 0.0002532997459638864, 0.0002958760014735162, 0.00032112313783727586, 0.0004797719302587211, 0.00046416083932854235, 0.00034327432513237, 0.0002034822100540623, 0.0002015472564380616, 0.00016915267042350024, 0.0002234863641206175, 0.00013888096145819873, 0.00015699020877946168, 0.0002609984076116234, 0.00019967881962656975, 9.70696855802089e-05, 0.00014186755288392305, 0.00013589393347501755, 0.00016441689513158053, 0.00011372387234587222, 0.00013166986173018813, 9.41616963245906e-05, 0.0001166898655355908, 7.378470036201179e-05, 9.510361996944994e-05, 0.00011067364539485425, 8.26805189717561e-05, 5.225520726526156e-05, 4.065448229084723e-05, 3.234151881770231e-05, 3.2530308089917526e-05, 3.4340249840170145e-05, 3.502997424220666e-05, 2.464547287672758e-05, 2.939059595519211e-05, 3.0002296625752933e-05, 3.287245272076689e-05, 2.8623682737816125e-05, 2.142083758371882e-05, 1.6296586181852035e-05, 1.214964322571177e-05, 9.734352715895511e-06, 9.73007354332367e-06, 9.97822735371301e-06, 7.978333087521605e-06, 7.868927241361234e-06, 8.64552021084819e-06, 8.47152932692552e-06, 9.061963282874785e-06, 9.350664186058566e-06, 8.018621883820742e-06, 6.0794145610998385e-06, 4.983949565939838e-06, 4.1181219785357825e-06, 4.118106971873203e-06, 4.029642241221154e-06, 3.643003992692684e-06, 3.4029321795969736e-06, 2.822897613441455e-06, 3.530334424795001e-06, 3.618515393100097e-06, 2.8820445550081786e-06, 2.1916957848588936e-06, 2.0366096578072757e-06, 2.069318497888162e-06, 2.357087623749976e-06, 2.420360260657617e-06, 2.3047957711241907e-06, 2.3080731352820294e-06, 2.5046201699296944e-06, 2.2376118522515753e-06, 2.3342404347204138e-06, 1.750621663632046e-06, 1.6797823718661675e-06, 1.8690524257181096e-06, 1.5386054883492761e-06, 1.730207486616564e-06, 1.4878321508149384e-06, 1.1150955288030673e-06, 1.0416811164759565e-06, 1.0163338401980582e-06, 9.754253369465005e-07, 7.714866683272703e-07, 6.658383995272743e-07, 5.401666385296267e-07, 3.3598786330912844e-07, 3.337015641591279e-07, 2.672130108294368e-07, 1.414792052401026e-07, 9.810055701109377e-08, 1.7934810969677528e-08, 3.0220947966341782e-09, 9.933445559162646e-12, 9.047575189047308e-12, 8.491101918806088e-12, 8.152558489404882e-12, 8.065647108534968e-12, 8.14980374852503e-12, 7.91235306440985e-12, 7.22996619170746e-12, 7.022302010717407e-12, 6.976114130807787e-12], "lowlevel.mfcc.mean": [-592.2999877929688, 95.8326416015625, -10.614937782287598, 36.230777740478516, 13.15059757232666, 18.47386932373047, 16.449344635009766, 12.952301979064941, 9.457624435424805, 5.29121208190918, 1.5142731666564941, 1.2353901863098145, -3.5789101123809814], "lowlevel.spectral_contrast_coeffs.mean": [-0.6849324703216553, -0.7904601693153381, -0.7983936667442322, -0.8001746535301208, -0.8043516874313354, -0.7308249473571777], "lowlevel.spectral_contrast_coeffs.stdev": [0.08272601664066315, 0.07084646075963974, 0.052773650735616684, 0.0406983457505703, 0.021220406517386436, 0.02831234410405159], "lowlevel.spectral_contrast_valleys.mean": [-6.427467346191406, -6.814692497253418, -6.82077169418335, -6.821855545043945, -6.5700554847717285, -9.672676086425781], "lowlevel.spectral_contrast_valleys.stdev": [0.47821611166000366, 0.528448760509491, 0.4754320979118347, 0.3686046004295349, 0.2783532738685608, 0.5273120403289795], "rhythm.beats_loudness_band_ratio.mean": [0.8133357763290405, 0.14809277653694153, 0.025579797104001045, 0.047490403056144714, 0.04460064694285393, 0.031415220350027084], "rhythm.beats_loudness_band_ratio.stdev": [0.12705808877944946, 0.1601199507713318, 0.029098935425281525, 0.06016061455011368, 0.03444758057594299, 0.02216387167572975], "tonal.hpcp.mean": [0.24236717820167542, 0.3361178934574127, 0.15927474200725555, 0.05333378165960312, 0.04755740240216255, 0.046812742948532104, 0.045679789036512375, 0.04229569435119629, 0.0416855551302433, 0.04624222218990326, 0.04757987707853317, 0.049994729459285736, 0.05179983749985695, 0.05063614994287491, 0.05464969202876091, 0.08587531000375748, 0.15352042019367218, 0.167264923453331, 0.12447744607925415, 0.10386905074119568, 0.11460908502340317, 0.15969467163085938, 0.2109065055847168, 0.22114183008670807, 0.16938896477222443, 0.09822969138622284, 0.06390243768692017, 0.059638381004333496, 0.07358071953058243, 0.1119089424610138, 0.24619852006435394, 0.30090439319610596, 0.1593160778284073, 0.06505253911018372, 0.05497031658887863, 0.06245132163167], "tonal.hpcp.stdev": [0.3031849265098572, 0.4018492102622986, 0.22185128927230835, 0.13290619850158691, 0.1271020919084549, 0.12741631269454956, 0.12007658183574677, 0.10788962990045547, 0.10650432854890823, 0.10903917253017426, 0.10739152133464813, 0.11642275750637054, 0.11922834068536758, 0.1218915656208992, 0.12848515808582306, 0.17281830310821533, 0.25034210085868835, 0.2617189586162567, 0.24302953481674194, 0.2295830249786377, 0.2413533329963684, 0.2713511884212494, 0.29514747858047485, 0.307409405708313, 0.27716299891471863, 0.20616041123867035, 0.16102394461631775, 0.16685980558395386, 0.18422798812389374, 0.23322124779224396, 0.30850034952163696, 0.3769948184490204, 0.23741860687732697, 0.14515744149684906, 0.1250879168510437, 0.1352795958518982], "rhythm.beats_position": [0.40634921193122864, 0.8126984238624573, 1.2190475463867188, 1.6253968477249146, 2.0201361179351807, 2.426485300064087, 2.832834482192993, 3.2275736331939697, 3.633922815322876, 4.028662204742432, 4.435011386871338, 4.8297505378723145, 5.224489688873291, 5.630838871002197, 6.0371880531311035, 6.43192720413208, 6.826666355133057, 7.221405982971191, 7.627755165100098, 8.022494316101074, 8.42884349822998, 8.823582649230957, 9.229931831359863, 9.62467098236084, 10.019410133361816, 10.425759315490723, 10.8204984664917, 11.215237617492676, 11.621586799621582, 12.027935981750488, 12.422675132751465, 12.829024314880371, 13.235373497009277, 13.63011360168457, 14.024852752685547, 14.419591903686523, 14.82594108581543, 15.232290267944336, 15.627029418945312, 16.02176856994629, 16.428117752075195, 16.8344669342041, 17.229206085205078, 17.623945236206055, 18.03029441833496, 18.436643600463867, 18.831382751464844, 19.22612190246582, 19.620861053466797, 20.027210235595703, 20.43355941772461, 20.828298568725586, 21.223037719726562, 21.62938690185547, 22.035736083984375, 22.43047523498535, 22.825214385986328, 23.219953536987305, 23.62630271911621, 24.021041870117188, 24.415781021118164, 24.82213020324707, 25.228479385375977, 25.634828567504883, 26.029569625854492, 26.42430877685547, 26.819047927856445, 27.213787078857422, 27.620136260986328, 28.026485443115234, 28.43283462524414, 28.839183807373047, 29.233922958374023, 29.628662109375, 30.023401260375977, 30.418140411376953, 30.81287956237793, 31.219228744506836, 31.625577926635742, 32.02031707763672, 32.41505432128906, 32.82140350341797, 33.227752685546875, 33.622493743896484, 34.02884292602539, 34.4351921081543, 34.829933166503906, 35.22467041015625, 35.61941146850586, 36.025760650634766, 36.43210983276367, 36.826847076416016, 37.221588134765625, 37.61632537841797, 38.03428649902344, 38.42902374267578, 38.82376480102539, 39.2301139831543, 39.6364631652832], "rhythm.bpm_histogram": [0.0, 0.0, 0.0, 0.0, 0.0, 0.0, 0.0, 0.0, 0.0, 0.0, 0.0, 0.0, 0.0, 0.0, 0.0, 0.0, 0.0, 0.0, 0.0, 0.0, 0.0, 0.0, 0.0, 0.0, 0.0, 0.0, 0.0, 0.0, 0.0, 0.0, 0.0, 0.0, 0.0, 0.0, 0.0, 0.0, 0.0, 0.0, 0.0, 0.0, 0.0, 0.0, 0.0, 0.0, 0.0, 0.0, 0.0, 0.0, 0.0, 0.0, 0.0, 0.0, 0.0, 0.0, 0.0, 0.0, 0.0, 0.0, 0.0, 0.0, 0.0, 0.0, 0.0, 0.0, 0.0, 0.0, 0.0, 0.0, 0.0, 0.0, 0.0, 0.0, 0.0, 0.0, 0.0, 0.0, 0.0, 0.0, 0.0, 0.0, 0.0, 0.0, 0.0, 0.0, 0.0, 0.0, 0.0, 0.0, 0.0, 0.0, 0.0, 0.0, 0.0, 0.0, 0.0, 0.0, 0.0, 0.0, 0.0, 0.0, 0.0, 0.0, 0.0, 0.0, 0.0, 0.0, 0.0, 0.0, 0.0, 0.0, 0.0, 0.0, 0.0, 0.0, 0.0, 0.0, 0.0, 0.0, 0.0, 0.0, 0.0, 0.0, 0.0, 0.0, 0.0, 0.0, 0.0, 0.0, 0.0, 0.0, 0.0, 0.0, 0.0, 0.0, 0.0, 0.0, 0.0, 0.0, 0.0, 0.0, 0.0, 0.0, 0.0, 0.0, 0.010204081423580647, 0.0, 0.0, 0.0, 0.4591836631298065, 0.0, 0.0, 0.0, 0.5306122303009033, 0.0, 0.0, 0.0, 0.0, 0.0, 0.0, 0.0, 0.0, 0.0, 0.0, 0.0, 0.0, 0.0, 0.0, 0.0, 0.0, 0.0, 0.0, 0.0, 0.0, 0.0, 0.0, 0.0, 0.0, 0.0, 0.0, 0.0, 0.0, 0.0, 0.0, 0.0, 0.0, 0.0, 0.0, 0.0, 0.0, 0.0, 0.0, 0.0, 0.0, 0.0, 0.0, 0.0, 0.0, 0.0, 0.0, 0.0, 0.0, 0.0, 0.0, 0.0, 0.0, 0.0, 0.0, 0.0, 0.0, 0.0, 0.0, 0.0, 0.0, 0.0, 0.0, 0.0, 0.0, 0.0, 0.0, 0.0, 0.0, 0.0, 0.0, 0.0, 0.0, 0.0, 0.0, 0.0, 0.0, 0.0, 0.0, 0.0, 0.0, 0.0, 0.0, 0.0, 0.0, 0.0, 0.0, 0.0, 0.0, 0.0, 0.0, 0.0, 0.0, 0.0, 0.0, 0.0, 0.0, 0.0], "tonal.chords_histogram": [13.19444465637207, 2.0833332538604736, 20.83333396911621, 32.63888931274414, 8.796296119689941, 1.9675925970077515, 0.0, 0.9259259104728699, 0.0, 13.773148536682129, 0.0, 0.0, 0.0, 0.0, 0.0, 0.0, 0.0, 0.0, 0.0, 0.0, 0.9259259104728699, 0.8101851940155029, 4.0509257316589355, 0.0], "tonal.thpcp": [1.0, 0.47386571764945984, 0.15867581963539124, 0.14149023592472076, 0.13927477598190308, 0.13590407371520996, 0.12583589553833008, 0.12402063608169556, 0.1375773847103119, 0.14155711233615875, 0.14874164760112762, 0.15411211550235748, 0.15064996480941772, 0.1625908464193344, 0.2554916441440582, 0.4567457437515259, 0.49763765931129456, 0.37033864855766296, 0.3090256452560425, 0.34097883105278015, 0.4751150608062744, 0.627477765083313, 0.6579293608665466, 0.5039569735527039, 0.2922477424144745, 0.19011911749839783, 0.17743292450904846, 0.21891342103481293, 0.33294549584388733, 0.7324767112731934, 0.8952347040176392, 0.47398868203163147, 0.19354084134101868, 0.16354474425315857, 0.18580183386802673, 0.7210778594017029], "lowlevel.gfcc.cov": [[1038.6409912109375, -109.19886779785156, 71.86068725585938, -173.27642822265625, -173.69395446777344, -52.73725509643555, -202.83265686035156, -18.44767189025879, -123.73005676269531, -22.9392147064209, -149.52899169921875, -61.29401779174805, -143.1404266357422], [-109.19886779785156, 392.39007568359375, -245.22332763671875, -1.8365004062652588, -19.26799964904785, -54.554107666015625, 83.94888305664062, -22.079008102416992, 110.33277130126953, -37.336021423339844, 80.0369644165039, -46.09837341308594, 69.92302703857422], [71.86068725585938, -245.22332763671875, 394.8084716796875, 97.41822814941406, 38.79375457763672, -24.479990005493164, -97.15126037597656, -8.851284980773926, -62.268333435058594, 61.37596893310547, -18.90275764465332, 81.44721221923828, -16.854400634765625], [-173.27642822265625, -1.8365004062652588, 97.41822814941406, 200.357421875, 85.82809448242188, -20.105369567871094, -7.323201656341553, -11.20810317993164, 49.55670928955078, 19.6391658782959, 53.24030685424805, 38.56165313720703, 64.40418243408203], [-173.69395446777344, -19.26799964904785, 38.79375457763672, 85.82809448242188, 189.10414123535156, 90.31180572509766, 102.77608489990234, 43.69816207885742, 61.16304016113281, 44.90472412109375, 63.39888000488281, 50.59743118286133, 73.90074157714844], [-52.73725509643555, -54.554107666015625, -24.479990005493164, -20.105369567871094, 90.31180572509766, 178.7938232421875, 157.17263793945312, 41.92097091674805, -14.100272178649902, 4.5583271980285645, 29.440431594848633, 21.099605560302734, 19.165559768676758], [-202.83265686035156, 83.94888305664062, -97.15126037597656, -7.323201656341553, 102.77608489990234, 157.17263793945312, 254.49009704589844, 65.14354705810547, 50.94768142700195, 4.044790744781494, 76.27678680419922, 23.85252571105957, 55.87656784057617], [-18.44767189025879, -22.079008102416992, -8.851284980773926, -11.20810317993164, 43.69816207885742, 41.92097091674805, 65.14354705810547, 113.30561065673828, 83.87101745605469, 48.65591812133789, 33.65879440307617, 15.575616836547852, 21.472047805786133], [-123.73005676269531, 110.33277130126953, -62.268333435058594, 49.55670928955078, 61.16304016113281, -14.100272178649902, 50.94768142700195, 83.87101745605469, 182.47442626953125, 67.31968688964844, 83.46648406982422, 11.740102767944336, 63.72367858886719], [-22.9392147064209, -37.336021423339844, 61.37596893310547, 19.6391658782959, 44.90472412109375, 4.5583271980285645, 4.044790744781494, 48.65591812133789, 67.31968688964844, 97.19905853271484, 52.421783447265625, 37.28050994873047, 16.894073486328125], [-149.52899169921875, 80.0369644165039, -18.90275764465332, 53.24030685424805, 63.39888000488281, 29.440431594848633, 76.27678680419922, 33.65879440307617, 83.46648406982422, 52.421783447265625, 120.29226684570312, 52.99985885620117, 66.20822143554688], [-61.29401779174805, -46.09837341308594, 81.44721221923828, 38.56165313720703, 50.59743118286133, 21.099605560302734, 23.85252571105957, 15.575616836547852, 11.740102767944336, 37.28050994873047, 52.99985885620117, 83.92889404296875, 44.03727340698242], [-143.1404266357422, 69.92302703857422, -16.854400634765625, 64.40418243408203, 73.90074157714844, 19.165559768676758, 55.87656784057617, 21.472047805786133, 63.72367858886719, 16.894073486328125, 66.20822143554688, 44.03727340698242, 102.68714141845703]], "lowlevel.gfcc.icov": [[0.001883476390503347, -0.002158344490453601, -0.0006851849611848593, 0.0005251266993582249, 0.0006890589720569551, -0.0030748650897294283, 0.0031884454656392336, -0.001970496494323015, 0.0006727417348884046, -0.0006421307916752994, 0.002010573633015156, -0.0013775379629805684, 0.0013909897534176707], [-0.002158344490453601, 0.016163639724254608, 0.002822393784299493, 0.003179939230903983, -0.00031667243456467986, 0.01359526440501213, -0.011401772499084473, 0.01066588331013918, -0.006275856401771307, 0.005855260416865349, -0.012061658315360546, 0.011219281703233719, -0.007985008880496025], [-0.0006851849611848593, 0.002822393784299493, 0.0076281302608549595, -0.003981440793722868, -0.0006521055474877357, 0.0031933109275996685, -0.0012970505049452186, 3.4644592687982367e-06, 0.0029156513046473265, -0.004285342991352081, 0.001984829781576991, -0.004945979919284582, 0.0011875600321218371], [0.0005251266993582249, 0.003179939230903983, -0.003981440793722868, 0.012697458267211914, -0.004188726656138897, 0.0033345737028867006, 1.0276789907948114e-05, 0.005166740156710148, -0.005001877434551716, 0.006400941871106625, -0.007043206132948399, 0.00557230319827795, -0.004541979171335697], [0.0006890589720569551, -0.00031667243456467986, -0.0006521055474877357, -0.004188726656138897, 0.01446050126105547, -0.007475453428924084, -0.0006679541547782719, 0.0008907713345251977, -0.0026669339276850224, -0.00446313014253974, 0.0044805146753787994, -0.0018618878675624728, -0.0048392219468951225], [-0.0030748650897294283, 0.01359526440501213, 0.0031933109275996685, 0.0033345737028867006, -0.007475453428924084, 0.03219514340162277, -0.02088109403848648, 0.004543043207377195, 0.004070968367159367, 0.0026199552230536938, -0.011380836367607117, 0.010381332598626614, -0.00539911026135087], [0.0031884454656392336, -0.011401772499084473, -0.0012970505049452186, 1.0276789907948114e-05, -0.0006679541547782719, -0.02088109403848648, 0.02391044609248638, -0.010768912732601166, 0.002179122529923916, 0.0018745213747024536, 0.0026111381594091654, -0.007482489105314016, 0.005472698248922825], [-0.001970496494323015, 0.01066588331013918, 3.4644592687982367e-06, 0.005166740156710148, 0.0008907713345251977, 0.004543043207377195, -0.010768912732601166, 0.02875543385744095, -0.017026957124471664, 0.00014637438289355487, -0.0021057690028101206, 0.004262064583599567, -0.00481929536908865], [0.0006727417348884046, -0.006275856401771307, 0.0029156513046473265, -0.005001877434551716, -0.0026669339276850224, 0.004070968367159367, 0.002179122529923916, -0.017026957124471664, 0.026360373944044113, -0.011785943061113358, -0.0020148626063019037, 0.0036858210805803537, -0.0023397861514240503], [-0.0006421307916752994, 0.005855260416865349, -0.004285342991352081, 0.006400941871106625, -0.00446313014253974, 0.0026199552230536938, 0.0018745213747024536, 0.00014637438289355487, -0.011785943061113358, 0.03113744407892227, -0.015794171020388603, 0.001154900761321187, 0.003951563965529203], [0.002010573633015156, -0.012061658315360546, 0.001984829781576991, -0.007043206132948399, 0.0044805146753787994, -0.011380836367607117, 0.0026111381594091654, -0.0021057690028101206, -0.0020148626063019037, -0.015794171020388603, 0.038442377001047134, -0.022203661501407623, 0.002262963680550456], [-0.0013775379629805684, 0.011219281703233719, -0.004945979919284582, 0.00557230319827795, -0.0018618878675624728, 0.010381332598626614, -0.007482489105314016, 0.004262064583599567, 0.0036858210805803537, 0.001154900761321187, -0.022203661501407623, 0.04111088812351227, -0.017075447365641594], [0.0013909897534176707, -0.007985008880496025, 0.0011875600321218371, -0.004541979171335697, -0.0048392219468951225, -0.00539911026135087, 0.005472698248922825, -0.00481929536908865, -0.0023397861514240503, 0.003951563965529203, 0.002262963680550456, -0.017075447365641594, 0.029343845322728157]], "lowlevel.mfcc.cov": [[980.4021606445312, 33.38249969482422, 10.620079040527344, -164.4781494140625, -70.99530029296875, -118.14856719970703, -111.03262329101562, -74.18025207519531, -58.39036178588867, -36.534847259521484, -5.20745849609375, -50.653236389160156, -116.70171356201172], [33.38249969482422, 241.97250366210938, -133.12005615234375, -29.16172981262207, -76.17263793945312, -20.685115814208984, -16.460342407226562, 8.911442756652832, 12.527226448059082, 16.461912155151367, 26.12000274658203, 20.950538635253906, -9.159069061279297], [10.620079040527344, -133.12005615234375, 260.0167541503906, 78.16859436035156, 51.846248626708984, -19.08391571044922, -38.963951110839844, -55.34779739379883, -54.8443603515625, -42.537471771240234, -37.56879806518555, -17.895353317260742, 20.62725830078125], [-164.4781494140625, -29.16172981262207, 78.16859436035156, 204.4993133544922, 94.30433654785156, 4.968505382537842, -55.459381103515625, -31.198623657226562, -5.837932586669922, -3.3523776531219482, -26.750839233398438, 6.150595664978027, 65.0468521118164], [-70.99530029296875, -76.17263793945312, 51.846248626708984, 94.30433654785156, 142.4949493408203, 13.62270736694336, -26.428964614868164, -23.369230270385742, 13.32457160949707, 15.090795516967773, -8.494190216064453, 4.519896507263184, 36.667354583740234], [-118.14856719970703, -20.685115814208984, -19.08391571044922, 4.968505382537842, 13.62270736694336, 132.1420135498047, 112.65498352050781, 52.27476119995117, 10.33591079711914, 3.1496009826660156, 5.001015663146973, -0.7592377066612244, -1.223563313484192], [-111.03262329101562, -16.460342407226562, -38.963951110839844, -55.459381103515625, -26.428964614868164, 112.65498352050781, 187.44419860839844, 93.0811538696289, 29.00392723083496, 3.8460843563079834, 17.99349021911621, 12.255279541015625, -7.119088649749756], [-74.18025207519531, 8.911442756652832, -55.34779739379883, -31.198623657226562, -23.369230270385742, 52.27476119995117, 93.0811538696289, 107.31798553466797, 47.728981018066406, 22.378498077392578, 20.78072166442871, 16.372404098510742, 8.768721580505371], [-58.39036178588867, 12.527226448059082, -54.8443603515625, -5.837932586669922, 13.32457160949707, 10.33591079711914, 29.00392723083496, 47.728981018066406, 83.70567321777344, 52.72273254394531, 26.193706512451172, 18.414840698242188, 16.690147399902344], [-36.534847259521484, 16.461912155151367, -42.537471771240234, -3.3523776531219482, 15.090795516967773, 3.1496009826660156, 3.8460843563079834, 22.378498077392578, 52.72273254394531, 79.31381225585938, 48.386993408203125, 23.16015625, 12.958280563354492], [-5.20745849609375, 26.12000274658203, -37.56879806518555, -26.750839233398438, -8.494190216064453, 5.001015663146973, 17.99349021911621, 20.78072166442871, 26.193706512451172, 48.386993408203125, 77.64305877685547, 42.75679016113281, 11.19741439819336], [-50.653236389160156, 20.950538635253906, -17.895353317260742, 6.150595664978027, 4.519896507263184, -0.7592377066612244, 12.255279541015625, 16.372404098510742, 18.414840698242188, 23.16015625, 42.75679016113281, 70.95112609863281, 48.82296371459961], [-116.70171356201172, -9.159069061279297, 20.62725830078125, 65.0468521118164, 36.667354583740234, -1.223563313484192, -7.119088649749756, 8.768721580505371, 16.690147399902344, 12.958280563354492, 11.19741439819336, 48.82296371459961, 102.1102066040039]], "lowlevel.mfcc.icov": [[0.0015667588450014591, -0.00024369559832848608, -0.00035112080513499677, 0.001408218638971448, -0.0004311869270168245, 0.0005468999152071774, 0.0009227574337273836, -9.261020022677258e-05, 0.000277047511190176, 0.0005649911472573876, -0.0004761110758408904, 0.0002099395205732435, 0.0010111709125339985], [-0.00024369559832848608, 0.007664485834538937, 0.0038536316715180874, -0.002365610096603632, 0.004393092356622219, -4.135529889026657e-05, 0.0009770951000973582, 0.001004548859782517, -1.5516066923737526e-05, -0.0001240304409293458, -0.0004410772235132754, -0.002028197981417179, 0.0005776796606369317], [-0.00035112080513499677, 0.0038536316715180874, 0.007602220866829157, -0.00270293653011322, 0.0006984547944739461, 0.0016559934010729194, -0.0013638477539643645, 0.001720351749099791, 0.002953697694465518, 0.0006028844509273767, -0.0002582968445494771, 0.0005497205420397222, -0.0011371226282790303], [0.001408218638971448, -0.002365610096603632, -0.00270293653011322, 0.012082517147064209, -0.005338228307664394, -0.003288719803094864, 0.004766831640154123, -0.000833952275570482, 0.000311385840177536, 9.902218880597502e-05, 0.002346829744055867, 0.0010898569598793983, -0.004314030520617962], [-0.0004311869270168245, 0.004393092356622219, 0.0006984547944739461, -0.005338228307664394, 0.014650910161435604, -0.003403622191399336, 0.0013700423296540976, 0.004162339493632317, -0.004071050323545933, -0.0022194101475179195, 0.0009910217486321926, -0.0013002622872591019, -0.0009429375058971345], [0.0005468999152071774, -4.135529889026657e-05, 0.0016559934010729194, -0.003288719803094864, -0.003403622191399336, 0.020200837403535843, -0.013251322321593761, -0.0011052804766222835, 0.0053207771852612495, -0.0022814844269305468, -0.0009621258359402418, 0.003392590209841728, 0.0009203546214848757], [0.0009227574337273836, 0.0009770951000973582, -0.0013638477539643645, 0.004766831640154123, 0.0013700423296540976, -0.013251322321593761, 0.020307177677750587, -0.00872394721955061, -0.0029323790222406387, 0.004716979339718819, -0.0010013855062425137, -0.003289582906290889, 0.001458781654946506], [-9.261020022677258e-05, 0.001004548859782517, 0.001720351749099791, -0.000833952275570482, 0.004162339493632317, -0.0011052804766222835, -0.00872394721955061, 0.02332223765552044, -0.009993487037718296, 0.0010615376522764564, -0.0006213703891262412, 0.00037827680353075266, -0.0025649552699178457], [0.000277047511190176, -1.5516066923737526e-05, 0.002953697694465518, 0.000311385840177536, -0.004071050323545933, 0.0053207771852612495, -0.0029323790222406387, -0.009993487037718296, 0.031038176268339157, -0.018402284011244774, 0.005488185212016106, -0.0002656765573192388, -0.0