{"song_id": "1183713204933771274", "download": "https://cdn.discordapp.com/attachments/1135911532732108921/1183713204933771274/chirp.mp4?ex=658955d4&amp", "lyrics": "Stable Diffusion is the future of creation\nWith text and image you can make videos\nNo limits, no rules, just your vision\nYou are the master of your own illusion\n\nStable Diffusion is not just a game\nIt is a power that you have to use\nBut be careful what you show\nBecause not everything is as it seems\n\nStable Diffusion, Stable Diffusion\nChange the world with your solution\nStable Diffusion, Stable Diffusion\nBe ready for the revolution", "style": ["atmospheric neo</span><span>-classical song about being tired female voice"], "essentia_features": {"lowlevel.average_loudness": 0.9645637273788452, "lowlevel.barkbands_crest.mean": 11.769465446472168, "lowlevel.barkbands_crest.stdev": 4.85184907913208, "lowlevel.barkbands_flatness_db.mean": 0.18831917643547058, "lowlevel.barkbands_flatness_db.stdev": 0.07225222140550613, "lowlevel.barkbands_kurtosis.mean": 13.660536766052246, "lowlevel.barkbands_kurtosis.stdev": 19.0225830078125, "lowlevel.barkbands_skewness.mean": 2.2658610343933105, "lowlevel.barkbands_skewness.stdev": 1.7734500169754028, "lowlevel.barkbands_spread.mean": 20.23541831970215, "lowlevel.barkbands_spread.stdev": 25.8211612701416, "lowlevel.dissonance.mean": 0.42044392228126526, "lowlevel.dissonance.stdev": 0.0531623400747776, "lowlevel.dynamic_complexity": 4.192500114440918, "lowlevel.erbbands_crest.mean": 11.220345497131348, "lowlevel.erbbands_crest.stdev": 4.985877513885498, "lowlevel.erbbands_flatness_db.mean": 0.1726369559764862, "lowlevel.erbbands_flatness_db.stdev": 0.05607641860842705, "lowlevel.erbbands_kurtosis.mean": 3.638356924057007, "lowlevel.erbbands_kurtosis.stdev": 5.386340618133545, "lowlevel.erbbands_skewness.mean": 1.1519887447357178, "lowlevel.erbbands_skewness.stdev": 1.2346241474151611, "lowlevel.erbbands_spread.mean": 35.47662353515625, "lowlevel.erbbands_spread.stdev": 28.511180877685547, "lowlevel.hfc.mean": 9.811203956604004, "lowlevel.hfc.stdev": 10.111518859863281, "lowlevel.loudness_ebu128.integrated": -19.137556076049805, "lowlevel.loudness_ebu128.loudness_range": 2.1905155181884766, "lowlevel.loudness_ebu128.momentary.mean": -20.002975463867188, "lowlevel.loudness_ebu128.momentary.stdev": 3.056286573410034, "lowlevel.loudness_ebu128.short_term.mean": -19.213367462158203, "lowlevel.loudness_ebu128.short_term.stdev": 0.7187139391899109, "lowlevel.melbands_crest.mean": 16.104454040527344, "lowlevel.melbands_crest.stdev": 6.127409934997559, "lowlevel.melbands_flatness_db.mean": 0.273330956697464, "lowlevel.melbands_flatness_db.stdev": 0.09364193677902222, "lowlevel.melbands_kurtosis.mean": 21.898195266723633, "lowlevel.melbands_kurtosis.stdev": 35.6044807434082, "lowlevel.melbands_skewness.mean": 2.9031360149383545, "lowlevel.melbands_skewness.stdev": 1.9524420499801636, "lowlevel.melbands_spread.mean": 19.552289962768555, "lowlevel.melbands_spread.stdev": 31.60190773010254, "lowlevel.pitch_salience.mean": 0.5771971940994263, "lowlevel.pitch_salience.stdev": 0.1330660879611969, "lowlevel.silence_rate_20dB.mean": 1.0, "lowlevel.silence_rate_20dB.stdev": 0.0, "lowlevel.silence_rate_30dB.mean": 0.9933775067329407, "lowlevel.silence_rate_30dB.stdev": 0.08110899478197098, "lowlevel.silence_rate_60dB.mean": 0.18637654185295105, "lowlevel.silence_rate_60dB.stdev": 0.38940826058387756, "lowlevel.spectral_centroid.mean": 888.2333374023438, "lowlevel.spectral_centroid.stdev": 923.0166625976562, "lowlevel.spectral_complexity.mean": 8.339640617370605, "lowlevel.spectral_complexity.stdev": 3.479780673980713, "lowlevel.spectral_decrease.mean": -4.970518219238329e-09, "lowlevel.spectral_decrease.stdev": 5.950709702773338e-09, "lowlevel.spectral_energy.mean": 0.019649803638458252, "lowlevel.spectral_energy.stdev": 0.022999348118901253, "lowlevel.spectral_energyband_high.mean": 0.0004058508784510195, "lowlevel.spectral_energyband_high.stdev": 0.000899751263204962, "lowlevel.spectral_energyband_low.mean": 0.003926320932805538, "lowlevel.spectral_energyband_low.stdev": 0.004591682925820351, "lowlevel.spectral_energyband_middle_high.mean": 0.0009843736188486218, "lowlevel.spectral_energyband_middle_high.stdev": 0.0017655229894444346, "lowlevel.spectral_energyband_middle_low.mean": 0.015441959723830223, "lowlevel.spectral_energyband_middle_low.stdev": 0.021566227078437805, "lowlevel.spectral_entropy.mean": 7.085180759429932, "lowlevel.spectral_entropy.stdev": 0.7626476287841797, "lowlevel.spectral_flux.mean": 0.0694408267736435, "lowlevel.spectral_flux.stdev": 0.046881917864084244, "lowlevel.spectral_kurtosis.mean": 7.983368873596191, "lowlevel.spectral_kurtosis.stdev": 6.3658766746521, "lowlevel.spectral_rms.mean": 0.003745820140466094, "lowlevel.spectral_rms.stdev": 0.0022670177277177572, "lowlevel.spectral_rolloff.mean": 2022.044921875, "lowlevel.spectral_rolloff.stdev": 3442.8212890625, "lowlevel.spectral_skewness.mean": 2.1718058586120605, "lowlevel.spectral_skewness.stdev": 0.9196016788482666, "lowlevel.spectral_spread.mean": 5286060.0, "lowlevel.spectral_spread.stdev": 2873536.0, "lowlevel.spectral_strongpeak.mean": 0.8103035092353821, "lowlevel.spectral_strongpeak.stdev": 0.9320966005325317, "lowlevel.zerocrossingrate.mean": 0.07232475280761719, "lowlevel.zerocrossingrate.stdev": 0.0813465565443039, "metadata.audio_properties.analysis.equal_loudness": 0.0, "metadata.audio_properties.analysis.length": 24.511995315551758, "metadata.audio_properties.analysis.sample_rate": 44100.0, "metadata.audio_properties.analysis.start_time": 0.0, "metadata.audio_properties.bit_rate": 119413.0, "metadata.audio_properties.length": 24.511999130249023, "metadata.audio_properties.lossless": 0.0, "metadata.audio_properties.number_channels": 1.0, "metadata.audio_properties.replay_gain": -9.659019470214844, "metadata.audio_properties.sample_rate": 48000.0, "rhythm.beats_count": 52.0, "rhythm.beats_loudness.mean": 0.03105110116302967, "rhythm.beats_loudness.stdev": 0.02640613541007042, "rhythm.bpm": 119.88691711425781, "rhythm.bpm_histogram_first_peak_bpm": 120.0, "rhythm.bpm_histogram_first_peak_weight": 0.4705882668495178, "rhythm.bpm_histogram_second_peak_bpm": 140.0, "rhythm.bpm_histogram_second_peak_spread": 0.40000003576278687, "rhythm.bpm_histogram_second_peak_weight": 0.1764705926179886, "rhythm.danceability": 1.492370843887329, "rhythm.onset_rate": 4.117091655731201, "tonal.chords_changes_rate": 0.051039695739746094, "tonal.chords_number_rate": 0.013232514262199402, "tonal.chords_strength.mean": 0.5569624304771423, "tonal.chords_strength.stdev": 0.09464136511087418, "tonal.hpcp_crest.mean": 13.690866470336914, "tonal.hpcp_crest.stdev": 5.783354759216309, "tonal.hpcp_entropy.mean": 1.917132019996643, "tonal.hpcp_entropy.stdev": 0.6807808876037598, "tonal.key_edma.strength": 0.7223243713378906, "tonal.key_krumhansl.strength": 0.7278189659118652, "tonal.key_temperley.strength": 0.727420449256897, "tonal.tuning_diatonic_strength": 0.5752915143966675, "tonal.tuning_equal_tempered_deviation": 0.14674654603004456, "tonal.tuning_frequency": 436.4561767578125, "tonal.tuning_nontempered_energy_ratio": 0.7904630899429321, "lowlevel.barkbands.mean": [4.708149572252296e-05, 0.0009722269605845213, 0.0018163332715630531, 0.002294189063832164, 0.006298315245658159, 0.003617732785642147, 0.0016180993989109993, 0.0012141831684857607, 0.00036442349664866924, 0.00014748350076843053, 0.0001623996504349634, 0.00024908166960813105, 0.00010201933037023991, 0.0001131539829657413, 8.532633364666253e-05, 7.321897282963619e-05, 3.955019201384857e-05, 1.3265561392472591e-05, 9.41498001338914e-06, 1.3754688552580774e-05, 5.498424798133783e-05, 0.00011097767855972052, 5.752293509431183e-05, 4.992782851331867e-05, 1.8031678337138146e-05, 0.00010617202497087419, 9.412759141014249e-07], "lowlevel.barkbands.stdev": [0.00012623282964341342, 0.0018914876272901893, 0.002424683654680848, 0.00720130605623126, 0.010527219623327255, 0.009528291411697865, 0.00455899816006422, 0.006297588814049959, 0.0018316336208954453, 0.00042830020538531244, 0.000373357703210786, 0.0007350706146098673, 0.00038859000778757036, 0.00042238851892761886, 0.0003070704988203943, 0.00021043741435278207, 8.596552652306855e-05, 6.49986177450046e-05, 2.6707701181294397e-05, 3.1572304578730837e-05, 0.0001834876020438969, 0.00041573451017029583, 0.00016920377674978226, 0.00015269024879671633, 5.4459440434584394e-05, 0.00031062340713106096, 4.778953098139027e-06], "lowlevel.erbbands.mean": [0.03738158941268921, 0.20757275819778442, 1.6411688327789307, 5.393843650817871, 11.452277183532715, 24.035457611083984, 31.172971725463867, 28.365936279296875, 27.51296043395996, 21.546762466430664, 20.49584197998047, 9.71491813659668, 5.764353275299072, 4.557165145874023, 8.586148262023926, 8.929396629333496, 4.879129409790039, 6.184643268585205, 4.242945194244385, 5.110454559326172, 3.5118026733398438, 2.166396379470825, 0.8298846483230591, 0.5714538097381592, 0.5192670822143555, 0.6323801875114441, 1.4705860614776611, 2.8323960304260254, 4.492712020874023, 1.9312853813171387, 1.654439091682434, 1.554184913635254, 0.550990641117096, 0.08895041793584824, 0.2012103945016861, 0.45416077971458435, 0.18925605714321136, 0.020904114469885826, 0.00040422691381536424, 3.7406534829642624e-05], "lowlevel.erbbands.stdev": [0.09686637669801712, 0.2896294593811035, 2.0790677070617676, 11.69965934753418, 27.542232513427734, 46.7736701965332, 87.8790512084961, 70.56979370117188, 71.48798370361328, 66.1664047241211, 112.8603744506836, 52.94086456298828, 17.119895935058594, 11.637950897216797, 17.271116256713867, 29.339092254638672, 16.150909423828125, 20.916791915893555, 14.348808288574219, 18.368459701538086, 8.76476001739502, 4.646203994750977, 3.5429697036743164, 2.3271536827087402, 1.2926405668258667, 1.3817607164382935, 3.7252163887023926, 11.048315048217773, 18.434524536132812, 5.502538204193115, 4.977120876312256, 4.914682388305664, 1.6414990425109863, 0.258499413728714, 0.6557589173316956, 1.428174376487732, 0.5376303791999817, 0.06423979252576828, 0.001187613932415843, 4.5355256588663906e-05], "lowlevel.gfcc.mean": [-66.90426635742188, 95.48931884765625, -73.83538818359375, 8.350427627563477, -67.98383331298828, 13.621103286743164, -37.81710433959961, -11.4945707321167, -25.634849548339844, 7.3615403175354, -26.791467666625977, 11.359302520751953, -20.81066131591797], "lowlevel.melbands.mean": [0.00028335885144770145, 0.0006738673546351492, 0.0010948062408715487, 0.0012631298741325736, 0.0011306493543088436, 0.0006515870336443186, 0.0003932284889742732, 0.00025828994694165885, 0.00014097322127781808, 5.707146556233056e-05, 2.7695688913809136e-05, 1.8293852917850018e-05, 2.4991421014419757e-05, 2.950041016447358e-05, 1.6652258636895567e-05, 1.0042519534181338e-05, 1.1472348887764383e-05, 6.763827968825353e-06, 6.5857029767357744e-06, 6.05737750447588e-06, 3.7514171253860695e-06, 2.585067022664589e-06, 9.047756179825228e-07, 6.429461336665554e-07, 4.3941184912910103e-07, 3.2854228493306437e-07, 4.402138813475176e-07, 3.856186765460734e-07, 7.239112278512039e-07, 1.3510070857591927e-06, 1.7096684814532637e-06, 2.6876114134211093e-06, 1.937160959641915e-06, 7.414477636302763e-07, 7.289700647561403e-07, 1.3716895637116977e-06, 8.432988352069515e-07, 5.039039479015628e-07, 1.1997649096429086e-07, 3.7794286811276834e-08], "lowlevel.melbands.stdev": [0.0006568909739144146, 0.000775040069129318, 0.0025300185661762953, 0.0021448107436299324, 0.0027091559022665024, 0.0015654594171792269, 0.0010354253463447094, 0.0009633079753257334, 0.0007593620684929192, 0.0003230192232877016, 8.01592250354588e-05, 5.0537866627564654e-05, 5.527639223146252e-05, 7.805661152815446e-05, 7.079799979692325e-05, 3.191261930624023e-05, 4.1006725950865075e-05, 2.5831412131083198e-05, 2.42604328377638e-05, 2.0127243260503747e-05, 9.144679097516928e-06, 5.724467882828321e-06, 3.220624876121292e-06, 3.5510281577444403e-06, 1.8103373804478906e-06, 8.289911761494295e-07, 1.23850315958407e-06, 8.292250299746229e-07, 1.7033099766194937e-06, 4.338777216617018e-06, 7.313002242881339e-06, 1.2089961273886729e-05, 6.724328159180004e-06, 1.954480012500426e-06, 2.0989405129512306e-06, 4.653362339013256e-06, 2.7895832772628637e-06, 1.5604607597197173e-06, 3.9239827742676425e-07, 1.3655973418735812e-07], "lowlevel.melbands128.mean": [4.470291969482787e-05, 0.0003343831340316683, 0.00033112725941464305, 0.0002872213372029364, 0.0006610546261072159, 0.0009417255641892552, 0.0010658319806680083, 0.001178335165604949, 0.0010698566911742091, 0.001255699316971004, 0.0014109568437561393, 0.0013028796529397368, 0.0011228682706132531, 0.0008340496569871902, 0.0006426484324038029, 0.0005457859369926155, 0.0005309070693328977, 0.0003662983071990311, 0.00024333424516953528, 0.00017054154886864126, 0.000351964496076107, 0.00028061133343726397, 7.765785267110914e-05, 4.449745756573975e-05, 6.88236323185265e-05, 6.304586713667959e-05, 2.680323268577922e-05, 2.1652018403983675e-05, 3.426211333135143e-05, 1.4031451428309083e-05, 1.5061551494000014e-05, 2.0205145119689405e-05, 2.1070865841466002e-05, 3.1753250368637964e-05, 3.7109130062162876e-05, 2.7082833184977062e-05, 2.0201614461257122e-05, 2.1322295651771128e-05, 1.0068709343613591e-05, 7.044899120955961e-06, 9.416409739060327e-06, 1.5461386283277534e-05, 1.2089383744751103e-05, 9.836674507823773e-06, 7.858144272177014e-06, 5.821933427796466e-06, 6.12574876868166e-06, 5.389066245697904e-06, 7.149193606892368e-06, 8.971829629444983e-06, 4.971374437445775e-06, 4.696568794315681e-06, 3.987952823081287e-06, 3.1317022148869e-06, 3.5455489069136092e-06, 2.9350214845180744e-06, 1.4152615221973974e-06, 1.0735108162407414e-06, 7.010212357272394e-07, 5.6455911590092e-07, 8.068345778156072e-07, 5.25969539921789e-07, 4.6101391149022675e-07, 4.427899114034517e-07, 3.4225038803015195e-07, 3.070043987918325e-07, 2.9233981990728353e-07, 4.6478987769660307e-07, 4.994311098016624e-07, 3.920052336070512e-07, 3.316743573122949e-07, 3.9406447172041226e-07, 5.150972697265388e-07, 8.057093054958386e-07, 9.150469963969954e-07, 1.2401509366100072e-06, 1.6749560245443718e-06, 1.468370896873239e-06, 1.643408836571325e-06, 1.8521435549700982e-06, 2.6878710741584655e-06, 3.2192597245739307e-06, 2.568535364844138e-06, 1.9818980945274234e-06, 1.2211284001750755e-06, 7.368927299467032e-07, 6.303445161393029e-07, 5.663795263899374e-07, 4.824091774935368e-07, 1.0201605391557678e-06, 1.575517103447055e-06, 1.6194039744732436e-06, 7.892704729783873e-07, 7.018187488938565e-07, 1.0015336329161073e-06, 7.780145665492455e-07, 3.7377768080659735e-07, 1.244079612661153e-07, 1.2336049337591248e-07, 1.2506140478762973e-07, 4.7205734432509416e-08, 2.2546515765498043e-08, 1.7153157116922557e-08, 5.402937475196268e-08, 1.7881222902360605e-07, 3.838414102119714e-07, 3.823406871106272e-07, 3.667271641916159e-07, 7.188837685134786e-07, 1.3870023849449353e-06, 1.3019470088693197e-06, 6.435124646486656e-07, 4.937763833368081e-07, 4.010032625956228e-07, 3.474455922969355e-07, 2.8770838866876147e-07, 5.007052195082906e-08, 9.270542111750046e-10, 4.111001469797593e-12, 2.91093820055377e-12, 2.7957978813997197e-12, 2.7207945098306485e-12, 2.663555140336449e-12, 2.603203460085912e-12, 2.517081161557133e-12, 2.3929781767240144e-12, 2.3231453653155265e-12, 2.302527309441804e-12], "lowlevel.melbands128.stdev": [0.000124353522551246, 0.0009100683964788914, 0.0008682793122716248, 0.00040935204015113413, 0.0010038651525974274, 0.0013352605747058988, 0.0022796764969825745, 0.00442162062972784, 0.003153379773721099, 0.002753409557044506, 0.0033213605638593435, 0.0035749333910644054, 0.0038683833554387093, 0.0032027929555624723, 0.002134030917659402, 0.0017173845553770661, 0.001687904936261475, 0.0013009144458919764, 0.001077504944987595, 0.0005103658186271787, 0.0019674282521009445, 0.0018959350418299437, 0.0005473701166920364, 0.00023204376338981092, 0.0005301286582835019, 0.0004318344290368259, 9.322884579887614e-05, 5.517955287359655e-05, 0.0001334645348833874, 4.910770439892076e-05, 3.536690564942546e-05, 8.127929322654381e-05, 6.948576628929004e-05, 5.35360595677048e-05, 9.226360270986333e-05, 0.0001047514087986201, 9.314891940448433e-05, 0.00010351595847168937, 6.727594882249832e-05, 2.3582337234984152e-05, 3.388075856491923e-05, 6.0833979659946635e-05, 5.027724546380341e-05, 4.872383578913286e-05, 3.887274579028599e-05, 2.3552025595563464e-05, 2.572729135863483e-05, 2.239885725430213e-05, 3.672386083053425e-05, 3.578927135095e-05, 1.7416346963727847e-05, 1.6673962818458676e-05, 9.80807362793712e-06, 8.922664164856542e-06, 9.52112259255955e-06, 7.648358405276667e-06, 3.566637360563618e-06, 4.268380052963039e-06, 3.5792431845038664e-06, 2.6576637992548058e-06, 5.4635047490592115e-06, 3.0098694878688548e-06, 2.241933088953374e-06, 1.8701097133089206e-06, 1.0619461363603477e-06, 9.1473390284591e-07, 6.893507702443458e-07, 1.6201504422497237e-06, 1.5838577382965013e-06, 1.0293576906406088e-06, 8.239295539169689e-07, 8.761589924688451e-07, 1.2004437621726538e-06, 2.175790314140613e-06, 2.571818640717538e-06, 3.947809091187082e-06, 6.276854037423618e-06, 6.2862168306310195e-06, 7.710499630775303e-06, 9.709416190162301e-06, 1.3480794223141856e-05, 1.676175816101022e-05, 9.758614396560006e-06, 7.3816754593281075e-06, 4.7901985453790985e-06, 2.0374868654471356e-06, 1.7417542039765976e-06, 1.6134983980009565e-06, 1.436791535525117e-06, 3.6575813737727003e-06, 5.541246537177358e-06, 5.915811016166117e-06, 2.5441609068366233e-06, 2.7189191769139143e-06, 3.850851953757228e-06, 2.487112624294241e-06, 1.2166796068413532e-06, 4.588858075749158e-07, 4.287965680305206e-07, 4.7381030299220583e-07, 2.2902742102814955e-07, 9.938068501469388e-08, 8.218153624284241e-08, 2.001376202542815e-07, 7.521234692831058e-07, 1.2925297596666496e-06, 1.5131396366996341e-06, 1.6060870393630466e-06, 2.4734185899433214e-06, 5.028480700275395e-06, 3.5755024327954743e-06, 2.0251022760930937e-06, 1.640374193812022e-06, 1.2497768011598964e-06, 1.0451416301293648e-06, 1.0697687002902967e-06, 2.2124034160242445e-07, 1.16194414090387e-08, 3.4964309225671286e-11, 4.991198426784749e-12, 4.8443848758850105e-12, 4.7380268111685275e-12, 4.648010275276615e-12, 4.569309340618499e-12, 4.506897025718937e-12, 4.4508177525492965e-12, 4.411818566724124e-12, 4.388093187424058e-12], "lowlevel.mfcc.mean": [-733.092041015625, 148.98153686523438, 30.103839874267578, 13.010459899902344, -15.31413745880127, 26.251707077026367, -18.162273406982422, 2.8730406761169434, -11.518317222595215, -0.8281304836273193, -16.605762481689453, 9.78378677368164, -5.988758563995361], "lowlevel.spectral_contrast_coeffs.mean": [-0.649124801158905, -0.7355664372444153, -0.8012943267822266, -0.8261913061141968, -0.8319249749183655, -0.695968508720398], "lowlevel.spectral_contrast_coeffs.stdev": [0.11531137675046921, 0.08634292334318161, 0.047064159065485, 0.044680703431367874, 0.04595636576414108, 0.07274388521909714], "lowlevel.spectral_contrast_valleys.mean": [-7.249085426330566, -7.177666187286377, -7.740973472595215, -8.44955825805664, -8.969636917114258, -11.882926940917969], "lowlevel.spectral_contrast_valleys.stdev": [0.6712328195571899, 0.6046198606491089, 0.5047858357429504, 0.6920318007469177, 0.7270798683166504, 0.9594319462776184], "rhythm.beats_loudness_band_ratio.mean": [0.38161709904670715, 0.3547777831554413, 0.19752022624015808, 0.05029326304793358, 0.023174036294221878, 0.05110382288694382], "rhythm.beats_loudness_band_ratio.stdev": [0.2727673649787903, 0.25248226523399353, 0.207392156124115, 0.0594608411192894, 0.04618845134973526, 0.12090647220611572], "tonal.hpcp.mean": [0.0904173031449318, 0.06948328763246536, 0.07827778905630112, 0.13952992856502533, 0.16269531846046448, 0.0951819121837616, 0.05478743091225624, 0.05708340182900429, 0.11272651702165604, 0.16910311579704285, 0.13680514693260193, 0.1218009740114212, 0.1278315782546997, 0.08447014540433884, 0.05048229917883873, 0.04111452028155327, 0.048433829098939896, 0.08286917954683304, 0.19818899035453796, 0.18598704040050507, 0.06575696915388107, 0.04232984781265259, 0.04173103719949722, 0.0527687594294548, 0.060579366981983185, 0.06524977087974548, 0.07604190707206726, 0.07154631614685059, 0.05479429289698601, 0.06463096290826797, 0.0755237564444542, 0.07294917851686478, 0.12225520610809326, 0.30553141236305237, 0.3465731739997864, 0.18227221071720123], "tonal.hpcp.stdev": [0.216494619846344, 0.1986888349056244, 0.19062748551368713, 0.2622033953666687, 0.2933952212333679, 0.2217964082956314, 0.1507701873779297, 0.17132118344306946, 0.20397189259529114, 0.26528769731521606, 0.22514668107032776, 0.24060387909412384, 0.24603386223316193, 0.1983700543642044, 0.1436302661895752, 0.11460238695144653, 0.1506052315235138, 0.18662407994270325, 0.2765018045902252, 0.2680055499076843, 0.1635991483926773, 0.15418922901153564, 0.15156646072864532, 0.15965251624584198, 0.15966254472732544, 0.1721726357936859, 0.1928887516260147, 0.1794869303703308, 0.1451295167207718, 0.16936750710010529, 0.194858580827713, 0.17289678752422333, 0.22040756046772003, 0.35352298617362976, 0.3977387845516205, 0.28666725754737854], "rhythm.beats_position": [0.41795918345451355, 0.8591383099555969, 1.3119274377822876, 1.7647165060043335, 2.2291154861450195, 2.693514585494995, 3.1579136848449707, 3.6107029914855957, 4.0634918212890625, 4.5162811279296875, 4.945850372314453, 5.38702917098999, 5.839818477630615, 6.269387722015381, 6.6989569664001465, 7.128525733947754, 7.54648494720459, 7.9760541915893555, 8.405623435974121, 8.835192680358887, 9.241541862487793, 9.6478910446167, 10.054240226745605, 10.565078735351562, 11.075918197631836, 11.598366737365723, 12.097596168518066, 12.608434677124023, 13.107664108276367, 13.63011360168457, 14.140952110290527, 14.640181541442871, 15.127799987792969, 15.627029418945312, 16.126258850097656, 16.625486373901367, 17.12471580505371, 17.612335205078125, 18.08834457397461, 18.575963973999023, 19.040363311767578, 19.55120086669922, 20.050430297851562, 20.549659729003906, 20.967618942260742, 21.408798217773438, 21.815147399902344, 22.22149658203125, 22.627845764160156, 23.057415008544922, 23.475374221801758, 23.904943466186523], "rhythm.bpm_histogram": [0.0, 0.0, 0.0, 0.0, 0.0, 0.0, 0.0, 0.0, 0.0, 0.0, 0.0, 0.0, 0.0, 0.0, 0.0, 0.0, 0.0, 0.0, 0.0, 0.0, 0.0, 0.0, 0.0, 0.0, 0.0, 0.0, 0.0, 0.0, 0.0, 0.0, 0.0, 0.0, 0.0, 0.0, 0.0, 0.0, 0.0, 0.0, 0.0, 0.0, 0.0, 0.0, 0.0, 0.0, 0.0, 0.0, 0.0, 0.0, 0.0, 0.0, 0.0, 0.0, 0.0, 0.0, 0.0, 0.0, 0.0, 0.0, 0.0, 0.0, 0.0, 0.0, 0.0, 0.0, 0.0, 0.0, 0.0, 0.0, 0.0, 0.0, 0.0, 0.0, 0.0, 0.0, 0.0, 0.0, 0.0, 0.0, 0.0, 0.0, 0.0, 0.0, 0.0, 0.0, 0.0, 0.0, 0.0, 0.0, 0.0, 0.0, 0.0, 0.0, 0.0, 0.0, 0.0, 0.0, 0.0, 0.0, 0.0, 0.0, 0.0, 0.0, 0.0, 0.0, 0.0, 0.0, 0.0, 0.0, 0.0, 0.0, 0.0, 0.0, 0.0, 0.0, 0.0, 0.03921568766236305, 0.0, 0.09803921729326248, 0.0, 0.0, 0.1764705926179886, 0.0, 0.0, 0.05882352963089943, 0.0, 0.0, 0.019607843831181526, 0.0, 0.0, 0.0784313753247261, 0.0, 0.0, 0.0, 0.11764705926179886, 0.0, 0.0, 0.05882352963089943, 0.0, 0.0, 0.0, 0.1764705926179886, 0.0, 0.0, 0.0, 0.05882352963089943, 0.0, 0.0, 0.0, 0.11764705926179886, 0.0, 0.0, 0.0, 0.0, 0.0, 0.0, 0.0, 0.0, 0.0, 0.0, 0.0, 0.0, 0.0, 0.0, 0.0, 0.0, 0.0, 0.0, 0.0, 0.0, 0.0, 0.0, 0.0, 0.0, 0.0, 0.0, 0.0, 0.0, 0.0, 0.0, 0.0, 0.0, 0.0, 0.0, 0.0, 0.0, 0.0, 0.0, 0.0, 0.0, 0.0, 0.0, 0.0, 0.0, 0.0, 0.0, 0.0, 0.0, 0.0, 0.0, 0.0, 0.0, 0.0, 0.0, 0.0, 0.0, 0.0, 0.0, 0.0, 0.0, 0.0, 0.0, 0.0, 0.0, 0.0, 0.0, 0.0, 0.0, 0.0, 0.0, 0.0, 0.0, 0.0, 0.0, 0.0, 0.0, 0.0, 0.0, 0.0, 0.0, 0.0, 0.0, 0.0, 0.0, 0.0, 0.0, 0.0, 0.0, 0.0, 0.0, 0.0, 0.0, 0.0, 0.0, 0.0, 0.0, 0.0, 0.0, 0.0, 0.0, 0.0], "tonal.chords_histogram": [61.625709533691406, 8.317580223083496, 0.0, 0.0, 0.0, 0.0, 1.5122873783111572, 0.0, 0.0, 0.0, 0.0, 0.0, 0.0, 0.0, 0.0, 4.725897789001465, 0.0, 0.18903592228889465, 0.0, 2.835538864135742, 15.500945091247559, 0.0, 0.5671077370643616, 4.725897789001465], "tonal.thpcp": [1.0, 0.5259270668029785, 0.2608895003795624, 0.20048663020133972, 0.22586223483085632, 0.4025987684726715, 0.4694400131702423, 0.27463728189468384, 0.15808330476284027, 0.16470807790756226, 0.32526037096977234, 0.4879290461540222, 0.3947366774082184, 0.35144373774528503, 0.3688444197177887, 0.2437296062707901, 0.14566129446029663, 0.11863157153129578, 0.1397506594657898, 0.23911020159721375, 0.5718532204627991, 0.5366458296775818, 0.18973472714424133, 0.12213826924562454, 0.12041046470403671, 0.15225863456726074, 0.17479531466960907, 0.18827126920223236, 0.21941082179546356, 0.20643927156925201, 0.1581030935049057, 0.18648576736450195, 0.21791575849056244, 0.21048708260059357, 0.3527543842792511, 0.8815783858299255], "lowlevel.gfcc.cov": [[1949.828369140625, -204.32215881347656, -221.65367126464844, 50.50095748901367, 102.50692749023438, -296.8768005371094, -281.8629455566406, -203.18746948242188, 58.18206787109375, 51.283042907714844, -147.6705780029297, 8.808998107910156, 46.079124450683594], [-204.32215881347656, 2436.33984375, -137.98118591308594, -97.32061767578125, 347.88525390625, -353.2724914550781, -236.29371643066406, -359.1282043457031, 64.95954895019531, -218.40655517578125, 112.74298858642578, -198.2440185546875, 179.38937377929688], [-221.65367126464844, -137.98118591308594, 620.2769165039062, 77.04679870605469, -45.9969367980957, 166.43614196777344, 67.37903594970703, 38.11824417114258, 13.927892684936523, 40.07891845703125, 79.00550842285156, 29.509565353393555, 11.814695358276367], [50.50095748901367, -97.32061767578125, 77.04679870605469, 391.20458984375, 85.48942565917969, -17.873924255371094, -3.048004150390625, -42.4778938293457, 51.19378662109375, -43.20293045043945, -18.660696029663086, 61.554771423339844, 13.946127891540527], [102.50692749023438, 347.88525390625, -45.9969367980957, 85.48942565917969, 300.6552429199219, -100.39519500732422, -73.59536743164062, -35.441123962402344, 33.07894515991211, -32.0368766784668, -17.85454750061035, 2.004417657852173, 44.11565017700195], [-296.8768005371094, -353.2724914550781, 166.43614196777344, -17.873924255371094, -100.39519500732422, 314.3592834472656, 216.85113525390625, 135.32347106933594, -12.839838981628418, 60.49951171875, 52.23587417602539, 17.075115203857422, -44.78833770751953], [-281.8629455566406, -236.29371643066406, 67.37903594970703, -3.048004150390625, -73.59536743164062, 216.85113525390625, 318.0244445800781, 175.3307647705078, 9.79806137084961, 47.43840026855469, 52.21380615234375, 63.60475158691406, -67.85543060302734], [-203.18746948242188, -359.1282043457031, 38.11824417114258, -42.4778938293457, -35.441123962402344, 135.32347106933594, 175.3307647705078, 283.4696350097656, 26.765527725219727, 68.09561157226562, 44.759212493896484, 42.22980499267578, -46.99470138549805], [58.18206787109375, 64.95954895019531, 13.927892684936523, 51.19378662109375, 33.07894515991211, -12.839838981628418, 9.79806137084961, 26.765527725219727, 157.99176025390625, 60.16572189331055, 16.294153213500977, 30.29119110107422, 6.203664302825928], [51.283042907714844, -218.40655517578125, 40.07891845703125, -43.20293045043945, -32.0368766784668, 60.49951171875, 47.43840026855469, 68.09561157226562, 60.16572189331055, 137.42120361328125, 31.419803619384766, 30.0894718170166, -24.354867935180664], [-147.6705780029297, 112.74298858642578, 79.00550842285156, -18.660696029663086, -17.85454750061035, 52.23587417602539, 52.21380615234375, 44.759212493896484, 16.294153213500977, 31.419803619384766, 114.96038055419922, 29.52994155883789, 12.774765014648438], [8.808998107910156, -198.2440185546875, 29.509565353393555, 61.554771423339844, 2.004417657852173, 17.075115203857422, 63.60475158691406, 42.22980499267578, 30.29119110107422, 30.0894718170166, 29.52994155883789, 138.32571411132812, 5.112419128417969], [46.079124450683594, 179.38937377929688, 11.814695358276367, 13.946127891540527, 44.11565017700195, -44.78833770751953, -67.85543060302734, -46.99470138549805, 6.203664302825928, -24.354867935180664, 12.774765014648438, 5.112419128417969, 91.24967956542969]], "lowlevel.gfcc.icov": [[0.0007785942289046943, 0.0002944933658000082, 0.0001030890125548467, 8.276035077869892e-05, -0.00027861641137860715, 0.0006899834843352437, -8.549938502255827e-05, 0.0006261351518332958, -0.000275379978120327, -0.0005439983797259629, 0.00027325114933773875, 0.00021734765323344618, -0.000442769902292639], [0.0002944933658000082, 0.0019906205125153065, 4.823573544854298e-05, 0.0011217083083465695, -0.0017790240235626698, 0.001987854251638055, -0.0020141166169196367, 0.0024582864716649055, -0.002117297612130642, 0.002396787516772747, -0.0036170948296785355, 0.0030512441881000996, -0.001516604097560048], [0.0001030890125548467, 4.823573544854298e-05, 0.002184620825573802, -0.000544021197129041, 9.329138993052766e-05, -0.0013546670088544488, 0.0006384457810781896, 0.00020783896616194397, -4.1999930544989184e-05, -0.00026217641425319016, -0.0011164944153279066, -3.37903002218809e-05, -0.00038373214192688465], [8.276035077869892e-05, 0.0011217083083465695, -0.000544021197129041, 0.004312042612582445, -0.0018373290076851845, 0.0005624241894111037, -0.0010483184596523643, 0.0019855694845318794, -0.0028492016717791557, 0.003535577328875661, -0.0012465168256312609, -0.0002426596183795482, -0.00010273160296492279], [-0.00027861641137860715, -0.0017790240235626698, 9.329138993052766e-05, -0.0018373290076851845, 0.005819160491228104, -0.0007116709602996707, 0.001807604217901826, -0.002706702332943678, 0.0012877269182354212, -0.0018144802888855338, 0.003425468457862735, -0.0023457289207726717, -0.0002255893632536754], [0.0006899834843352437, 0.001987854251638055, -0.0013546670088544488, 0.0005624241894111037, -0.0007116709602996707, 0.010622255504131317, -0.007128880359232426, 0.0019817950669676065, -0.0003188697446603328, -0.0006479345611296594, -0.0033166927751153708, 0.005240662954747677, -0.0028702288400381804], [-8.549938502255827e-05, -0.0020141166169196367, 0.0006384457810781896, -0.0010483184596523643, 0.001807604217901826, -0.007128880359232426, 0.011472191661596298, -0.0048491391353309155, 0.0011927455198019743, -0.0003653892781585455, 0.0024065757170319557, -0.006393578834831715, 0.005583635531365871], [0.0006261351518332958, 0.0024582864716649055, 0.00020783896616194397, 0.0019855694845318794, -0.002706702332943678, 0.0019817950669676065, -0.0048491391353309155, 0.009124703705310822, -0.003045580582693219, 0.0014241412281990051, -0.004764935001730919, 0.0032063964754343033, -0.001030033570714295], [-0.000275379978120327, -0.002117297612130642, -4.1999930544989184e-05, -0.0028492016717791557, 0.0012877269182354212, -0.0003188697446603328, 0.0011927455198019743, -0.003045580582693219, 0.01154356449842453, -0.007811902090907097, 0.0035179511178284883, -0.0029206618200987577, 8.306268864544109e-05], [-0.0005439983797259629, 0.002396787516772747, -0.00026217641425319016, 0.003535577328875661, -0.0018144802888855338, -0.0006479345611296594, -0.0003653892781585455, 0.0014241412281990051, -0.007811902090907097, 0.01679069548845291, -0.006679736077785492, 0.0012036684202030301, 0.001957652857527137], [0.00027325114933773875, -0.0036170948296785355, -0.0011164944153279066, -0.0012465168256312609, 0.003425468457862735, -0.0033166927751153708, 0.0024065757170319557, -0.004764935001730919, 0.0035179511178284883, -0.006679736077785492, 0.019216271117329597, -0.007084880024194717, -0.0009557494195178151], [0.00021734765323344618, 0.0030512441881000996, -3.37903002218809e-05, -0.0002426596183795482, -0.0023457289207726717, 0.005240662954747677, -0.006393578834831715, 0.0032063964754343033, -0.0029206618200987577, 0.0012036684202030301, -0.007084880024194717, 0.015119288116693497, -0.004798904526978731], [-0.000442769902292639, -0.001516604097560048, -0.00038373214192688465, -0.00010273160296492279, -0.0002255893632536754, -0.0028702288400381804, 0.005583635531365871, -0.001030033570714295, 8.306268864544109e-05, 0.001957652857527137, -0.0009557494195178151, -0.004798904526978731, 0.017470868304371834]], "lowlevel.mfcc.cov": [[1999.8233642578125, -143.0640869140625, -467.6932373046875, 223.42771911621094, 77.0169448852539, 4.7687907218933105, -373.3160705566406, -220.3473663330078, -27.69992446899414, -77.3350830078125, -137.9313201904297, -66.70044708251953, -22.921730041503906], [-143.0640869140625, 2135.53515625, -304.6109924316406, 195.395751953125, 213.66244506835938, 1.8723787069320679, -189.550537109375, -184.09349060058594, -190.8038330078125, -26.676212310791016, -182.30416870117188, -81.90070343017578, -91.58877563476562], [-467.6932373046875, -304.6109924316406, 747.1859130859375, -163.27349853515625, -3.6147754192352295, 54.485931396484375, 177.17227172851562, 26.145938873291016, 36.09268569946289, 29.95027732849121, 72.1861572265625, 30.97551918029785, 35.5066032409668], [223.42771911621094, 195.395751953125, -163.27349853515625, 481.89483642578125, 128.20309448242188, 90.20616149902344, -184.92694091796875, 55.103939056396484, -67.00846862792969, -35.8940315246582, -95.98727416992188, -23.15487289428711, -17.850067138671875], [77.0169448852539, 213.66244506835938, -3.6147754192352295, 128.20309448242188, 343.9908447265625, -40.991641998291016, -48.00141525268555, -113.89692687988281, 30.027618408203125, -52.591529846191406, -47.10982894897461, -75.38735961914062, 32.20541000366211], [4.7687907218933105, 1.8723787069320679, 54.485931396484375, 90.20616149902344, -40.991641998291016, 248.321044921875, -49.435874938964844, 47.768272399902344, -38.179466247558594, 38.4794921875, -35.167545318603516, 26.44967269897461, -35.77144241333008], [-373.3160705566406, -189.550537109375, 177.17227172851562, -184.92694091796875, -48.00141525268555, -49.435874938964844, 347.61669921875, 111.8001708984375, 64.02925109863281, 32.81135559082031, 118.90385437011719, 19.26325225830078, 28.885408401489258], [-220.3473663330078, -184.09349060058594, 26.145938873291016, 55.103939056396484, -113.89692687988281, 47.768272399902344, 111.8001708984375, 267.4461669921875, 26.421533584594727, 54.100860595703125, 56.094234466552734, 74.05712127685547, 21.123044967651367], [-27.69992446899414, -190.8038330078125, 36.09268569946289, -67.00846862792969, 30.027618408203125, -38.179466247558594, 64.02925109863281, 26.421533584594727, 143.82098388671875, 28.925222396850586, 54.938377380371094, 18.48167610168457, 33.23847198486328], [-77.3350830078125, -26.676212310791016, 29.95027732849121, -35.8940315246582, -52.591529846191406, 38.4794921875, 32.81135559082031, 54.100860595703125, 28.925222396850586, 139.83853149414062, 48.023555755615234, 66.81835174560547, 2.3010261058807373], [-137.9313201904297, -182.30416870117188, 72.1861572265625, -95.98727416992188, -47.10982894897461, -35.167545318603516, 118.90385437011719, 56.094234466552734, 54.938377380371094, 48.023555755615234, 179.35845947265625, 46.375091552734375, 34.58509826660156], [-66.70044708251953, -81.90070343017578, 30.97551918029785, -23.15487289428711, -75.38735961914062, 26.44967269897461, 19.26325225830078, 74.05712127685547, 18.48167610168457, 66.81835174560547, 46.375091552734375, 133.5491485595703, 17.460851669311523], [-22.921730041503906, -91.58877563476562, 35.5066032409668, -17.850067138671875, 32.20541000366211, -35.77144241333008, 28.885408401489258, 21.123044967651367, 33.23847198486328, 2.3010261058807373, 34.58509826660156, 17.460851669311523, 98.6552963256836]], "lowlevel.mfcc.icov": [[0.0007943577948026359, 0.00021068200294394046, 0.0004168389132246375, -0.0002654464333318174, 0.00012500706361606717, -8.394696487812325e-05, 0.00038805382791906595, 0.0007160099339671433, -0.00016592038446106017, 1.3994587789056823e-05, 0.0001229857880389318, 9.656387192080729e-06, -0.0001453157456126064], [0.00021068200294394046, 0.0007225969457067549, 0.00032551580807194114, -3.787754394579679e-05, -0.0004972200258634984, 8.830778824631125e-05, 1.6984629837679677e-05, 0.00034365273313596845, 0.0008516571251675487, -0.00042477253009565175, 0.00032355933217331767, -8.656008139951155e-05, 0.0003364246222190559], [0.0004168389132246375, 0.00032551580807194114, 0.0020087421871721745, 0.00035954892518930137, -0.00045204165508039296, -0.0008685687207616866, -0.0005996337858960032, 0.0005945416633039713, 0.0003278976073488593, 2.4059450879576616e-05, 2.0675943233072758e-05, -0.00032944572740234435, -0.0004379274614620954], [-0.0002654464333318174, -3.787754394579679e-05, 0.00035954892518930137, 0.004930039867758751, -0.002838022541254759, -0.0008783626253716648, 0.00236135208979249, -0.0037734925281256437, 0.001773069379851222, 0.0005821641534566879, 3.4478762245271355e-05, 0.00029736029682680964, 0.0007146260468289256], [0.00012500706361606717, -0.0004972200258634984, -0.00045204165508039296, -0.002838022541254759, 0.006188594736158848, 0.0003307289443910122, -0.0011340654455125332, 0.0033372403122484684, -0.0030597515869885683, 0.00030238355975598097, 0.0006061331368982792, 0.0015024157473817468, -0.0025207374710589647], [-8.394696487812325e-05, 8.830778824631125e-05, -0.0008685687207616866, -0.0008783626253716648, 0.0003307289443910122, 0.005678284447640181, 0.0006350338226184249, -0.0008626026101410389, 0.0008802518132142723, -0.0017027991125360131, 0.0008967565954662859, -0.00028613305767066777, 0.0016452568816021085], [0.00038805382791906595, 1.6984629837679677e-05, -0.0005996337858960032, 0.00236135208979249, -0.0011340654455125332, 0.0006350338226184249, 0.0064995852299034595, -0.0034730348270386457, -8.000202797120437e-05, 0.00016332686936948448, -0.0021282497327774763, 0.0015541129978373647, 0.0006842172588221729], [0.0007160099339671433, 0.00034365273313596845, 0.0005945416633039713, -0.0037734925281256437, 0.0033372403122484684, -0.0008626026101410389, -0.0034730348270386457, 0.009275450371205807, -0.0016822215402498841, -0.000643699080683291, 0.00036438379902392626, -0.0021281472872942686, -0.0019519188208505511], [-0.00016592038446106017, 0.0008516571251675487, 0.0003278976073488593, 0.001773069379851222, -0.0030597515869885683, 0.0008802518132142723, -8.000202797120437e-05, -0.0016822215402498841, 0.01101868785917759, -0.0019753167871385813, -0.0011465959250926971, -0.00035347891389392316, -0.0005452624172903597], [1.3994587789056823e-05, -0.00042477253009565175, 2.4059450879576616e-05, 0.0005821641534566879, 0.00030238355975598097, -0.0017027991125360131, 0.00016332686936948448, -0.000643699080683291, -0.0019753167871385813, 0.010918211191892624, -0.0017153306398540735, -0.004015396349132061, 0.0008023236296139657], [0.0001229857880389318, 0.00032355933217331767, 2.0675943233072758e-05, 3.4478762245271355e-05, 0.0006061331368982792, 0.0008967565954662859, -0.0021282497327774763, 0.00036438379902392626, -0.0011465959250926971, -0.0017153306398540735, 0.009110509417951107, -0.0014179657446220517, -0.0015163919888436794], [9.656387192080729e-06, -8.656008139951155e-05, -0.00032944572740234435, 0.00029736029682680964, 0.0015024157473817468, -0.00028613305767066777, 0.0015541129978373647, -0.0021281472872942686, -0.00035347891389392316, -0.004015396349132061, -0.0014179657446220517, 0.012234215624630451, -0.001954800682142377], [-0.0001453157456126064, 0.0003364246222190559, -0.0004379274614620954, 0.0007146260468289256, -0.0025207374710589647, 0.0016452568816021085, 0.0006842172588221729, -0.0019519188208505511, -0.0005452624172903597, 0.0008023236296139657, -0.0015163919888436794, -0.001954800682142377, 0.013381370343267918]], "metadata.audio_properties.analysis.downmix": "mix", "metadata.audio_properties.codec": "mp3", "metadata.audio_properties.md5_encoded": "cdefbc2f5878478557d615266e402403", "metadata.tags.file_name": "1183713204933771274.mp3", "metadata.version.essentia": "2.1-beta6-dev", "metadata.version.essentia_git_sha": "v2.1_beta5-1110-g77a6a954", "metadata.version.extractor": "music 2.0", "tonal.chords_key": "Ab", "tonal.chords_scale": "major", "tonal.key_edma.key": "Ab", "tonal.key_edma.scale": "major", "tonal.ke