{"song_id": "1183665442062090304", "download": "https://cdn.discordapp.com/attachments/1135903449314238464/1183665442062090304/chirp.mp4?ex=65892958&amp", "lyrics": "(Intro)\n(Verse 1)\n\uc0c8\ubcbd\ubd80\ud130 \ub0b4\ub9b0 \uaca8\uc6b8\ube44\n\ud558\ub298\uc740 \ud68c\uc0c9\uc73c\ub85c \ubb3c\ub4e4\uc5b4\n\uac70\ub9ac\uc5d4 \uc0ac\ub78c\ub4e4\ub3c4  \ub4dc\ubb3c\uc5b4\n\uc138\uc0c1\uc740 \uace0\uc694\ud558\uae30\ub9cc \ud574", "style": ["pop</span><span>, emotional</span><span>,"], "essentia_features": {"lowlevel.average_loudness": 0.8131171464920044, "lowlevel.barkbands_crest.mean": 16.485458374023438, "lowlevel.barkbands_crest.stdev": 4.910644054412842, "lowlevel.barkbands_flatness_db.mean": 0.38502374291419983, "lowlevel.barkbands_flatness_db.stdev": 0.10482465475797653, "lowlevel.barkbands_kurtosis.mean": 20.225479125976562, "lowlevel.barkbands_kurtosis.stdev": 30.07224464416504, "lowlevel.barkbands_skewness.mean": 2.8388445377349854, "lowlevel.barkbands_skewness.stdev": 2.2481698989868164, "lowlevel.barkbands_spread.mean": 6.218094348907471, "lowlevel.barkbands_spread.stdev": 17.459964752197266, "lowlevel.dissonance.mean": 0.38076820969581604, "lowlevel.dissonance.stdev": 0.061316028237342834, "lowlevel.dynamic_complexity": 3.2311432361602783, "lowlevel.erbbands_crest.mean": 10.239931106567383, "lowlevel.erbbands_crest.stdev": 3.557706356048584, "lowlevel.erbbands_flatness_db.mean": 0.29006993770599365, "lowlevel.erbbands_flatness_db.stdev": 0.11676076799631119, "lowlevel.erbbands_kurtosis.mean": 2.105153799057007, "lowlevel.erbbands_kurtosis.stdev": 2.995803117752075, "lowlevel.erbbands_skewness.mean": 1.0187628269195557, "lowlevel.erbbands_skewness.stdev": 0.7562337517738342, "lowlevel.erbbands_spread.mean": 22.92169189453125, "lowlevel.erbbands_spread.stdev": 23.88921546936035, "lowlevel.hfc.mean": 12.53546142578125, "lowlevel.hfc.stdev": 13.445964813232422, "lowlevel.loudness_ebu128.integrated": -12.38269329071045, "lowlevel.loudness_ebu128.loudness_range": 10.38673210144043, "lowlevel.loudness_ebu128.momentary.mean": -15.055082321166992, "lowlevel.loudness_ebu128.momentary.stdev": 8.099650382995605, "lowlevel.loudness_ebu128.short_term.mean": -14.151921272277832, "lowlevel.loudness_ebu128.short_term.stdev": 4.313676834106445, "lowlevel.melbands_crest.mean": 17.67767333984375, "lowlevel.melbands_crest.stdev": 4.682905673980713, "lowlevel.melbands_flatness_db.mean": 0.5024940371513367, "lowlevel.melbands_flatness_db.stdev": 0.1325039565563202, "lowlevel.melbands_kurtosis.mean": 33.316402435302734, "lowlevel.melbands_kurtosis.stdev": 55.526329040527344, "lowlevel.melbands_skewness.mean": 3.3398218154907227, "lowlevel.melbands_skewness.stdev": 2.561737537384033, "lowlevel.melbands_spread.mean": 6.50517463684082, "lowlevel.melbands_spread.stdev": 21.683815002441406, "lowlevel.pitch_salience.mean": 0.4357321560382843, "lowlevel.pitch_salience.stdev": 0.17365065217018127, "lowlevel.silence_rate_20dB.mean": 0.993220329284668, "lowlevel.silence_rate_20dB.stdev": 0.08205905556678772, "lowlevel.silence_rate_30dB.mean": 0.6237288117408752, "lowlevel.silence_rate_30dB.stdev": 0.4844495952129364, "lowlevel.silence_rate_60dB.mean": 0.023728813976049423, "lowlevel.silence_rate_60dB.stdev": 0.1522018015384674, "lowlevel.spectral_centroid.mean": 429.7435302734375, "lowlevel.spectral_centroid.stdev": 637.410400390625, "lowlevel.spectral_complexity.mean": 8.894067764282227, "lowlevel.spectral_complexity.stdev": 5.028707504272461, "lowlevel.spectral_decrease.mean": -2.0999808114652296e-08, "lowlevel.spectral_decrease.stdev": 2.056870229694141e-08, "lowlevel.spectral_energy.mean": 0.08039509505033493, "lowlevel.spectral_energy.stdev": 0.07848834246397018, "lowlevel.spectral_energyband_high.mean": 0.0002424551494186744, "lowlevel.spectral_energyband_high.stdev": 0.0009159682085737586, "lowlevel.spectral_energyband_low.mean": 0.06508313119411469, "lowlevel.spectral_energyband_low.stdev": 0.07264742255210876, "lowlevel.spectral_energyband_middle_high.mean": 0.0007508880808018148, "lowlevel.spectral_energyband_middle_high.stdev": 0.002317711478099227, "lowlevel.spectral_energyband_middle_low.mean": 0.016591127961874008, "lowlevel.spectral_energyband_middle_low.stdev": 0.015850534662604332, "lowlevel.spectral_entropy.mean": 5.845415115356445, "lowlevel.spectral_entropy.stdev": 0.9563450813293457, "lowlevel.spectral_flux.mean": 0.066501185297966, "lowlevel.spectral_flux.stdev": 0.08742380142211914, "lowlevel.spectral_kurtosis.mean": 99.25460052490234, "lowlevel.spectral_kurtosis.stdev": 108.42237091064453, "lowlevel.spectral_rms.mean": 0.007654136046767235, "lowlevel.spectral_rms.stdev": 0.004455161280930042, "lowlevel.spectral_rolloff.mean": 558.6950073242188, "lowlevel.spectral_rolloff.stdev": 1892.404296875, "lowlevel.spectral_skewness.mean": 6.373301982879639, "lowlevel.spectral_skewness.stdev": 4.271007537841797, "lowlevel.spectral_spread.mean": 2681031.5, "lowlevel.spectral_spread.stdev": 2860830.5, "lowlevel.spectral_strongpeak.mean": 0.7622184157371521, "lowlevel.spectral_strongpeak.stdev": 0.3793168067932129, "lowlevel.zerocrossingrate.mean": 0.022590456530451775, "lowlevel.zerocrossingrate.stdev": 0.06216873228549957, "metadata.audio_properties.analysis.equal_loudness": 0.0, "metadata.audio_properties.analysis.length": 27.370656967163086, "metadata.audio_properties.analysis.sample_rate": 44100.0, "metadata.audio_properties.analysis.start_time": 0.0, "metadata.audio_properties.bit_rate": 106410.0, "metadata.audio_properties.length": 27.37066650390625, "metadata.audio_properties.lossless": 0.0, "metadata.audio_properties.number_channels": 1.0, "metadata.audio_properties.replay_gain": -11.69082260131836, "metadata.audio_properties.sample_rate": 48000.0, "rhythm.beats_count": 62.0, "rhythm.beats_loudness.mean": 0.10321243107318878, "rhythm.beats_loudness.stdev": 0.10553556680679321, "rhythm.bpm": 138.33726501464844, "rhythm.bpm_histogram_first_peak_bpm": 140.0, "rhythm.bpm_histogram_first_peak_weight": 0.46666669845581055, "rhythm.bpm_histogram_second_peak_bpm": 133.0, "rhythm.bpm_histogram_second_peak_spread": 0.0, "rhythm.bpm_histogram_second_peak_weight": 0.016393441706895828, "rhythm.danceability": 0.9373210072517395, "rhythm.onset_rate": 3.249605894088745, "tonal.chords_changes_rate": 0.05245346948504448, "tonal.chords_number_rate": 0.015228426083922386, "tonal.chords_strength.mean": 0.44608360528945923, "tonal.chords_strength.stdev": 0.09103567898273468, "tonal.hpcp_crest.mean": 16.097976684570312, "tonal.hpcp_crest.stdev": 6.4426188468933105, "tonal.hpcp_entropy.mean": 1.490187644958496, "tonal.hpcp_entropy.stdev": 0.5697065591812134, "tonal.key_edma.strength": 0.7044092416763306, "tonal.key_krumhansl.strength": 0.6862643361091614, "tonal.key_temperley.strength": 0.6590251922607422, "tonal.tuning_diatonic_strength": 0.6045759916305542, "tonal.tuning_equal_tempered_deviation": 0.03636132925748825, "tonal.tuning_frequency": 438.98455810546875, "tonal.tuning_nontempered_energy_ratio": 0.6066890954971313, "lowlevel.barkbands.mean": [0.00018139534222427756, 0.053367212414741516, 0.00937756896018982, 0.003606803948059678, 0.00868874043226242, 0.0011360780335962772, 0.001691770157776773, 0.0007173678022809327, 0.0005007243016734719, 0.0003134137368761003, 0.000132284258143045, 7.789086521370336e-05, 8.477838127873838e-05, 7.001138146733865e-05, 6.039328218321316e-05, 4.7458222979912534e-05, 3.5019653296330944e-05, 3.3767737477319315e-05, 1.713694291538559e-05, 2.9366779926931486e-05, 4.194201756035909e-05, 3.133970676572062e-05, 4.767681093653664e-05, 5.475660873344168e-05, 3.700645174831152e-05, 1.2974547644262202e-05, 3.546446976088191e-07], "lowlevel.barkbands.stdev": [0.0004562329559121281, 0.06177288666367531, 0.018422937020659447, 0.008298184722661972, 0.008365804329514503, 0.0017308107344433665, 0.0022950712591409683, 0.0010286906035616994, 0.0014450505841523409, 0.0004578021471388638, 0.0004158718802500516, 0.000610792834777385, 0.0004269205965101719, 0.0002780014183372259, 0.00027811701875180006, 0.0002164069883292541, 0.0001331322273472324, 0.00017284719797316939, 0.00010896914318436757, 0.0001472248404752463, 0.00018591669504530728, 0.00013260483683552593, 0.0001822671911213547, 0.0002466397709213197, 0.00012694943870883435, 5.00837413710542e-05, 2.5563551844243193e-06], "lowlevel.erbbands.mean": [0.8127566576004028, 13.973857879638672, 18.265567779541016, 10.928400993347168, 17.22317886352539, 33.66219711303711, 17.58134651184082, 11.689712524414062, 25.354576110839844, 21.442161560058594, 9.57819938659668, 14.086347579956055, 12.168129920959473, 4.133368015289307, 5.755735397338867, 3.729959011077881, 4.174289703369141, 3.9021782875061035, 3.3063597679138184, 2.6595451831817627, 2.5272529125213623, 1.9912570714950562, 2.146815538406372, 0.9956226348876953, 1.0127609968185425, 1.3848481178283691, 1.8392629623413086, 1.4279841184616089, 1.096175193786621, 1.1357930898666382, 1.4153586626052856, 1.2525818347930908, 0.8405556082725525, 0.48262226581573486, 0.2226743996143341, 0.08129489421844482, 0.018973587080836296, 0.0021804363932460546, 8.775761671131477e-05, 9.015110845211893e-05], "lowlevel.erbbands.stdev": [1.2377636432647705, 15.89852523803711, 26.852008819580078, 23.953001022338867, 28.883197784423828, 31.264209747314453, 20.662841796875, 13.63878059387207, 35.704166412353516, 22.887800216674805, 19.871320724487305, 38.71104431152344, 15.561128616333008, 16.030054092407227, 14.445615768432617, 28.393802642822266, 20.34429359436035, 15.696067810058594, 15.214665412902832, 11.496543884277344, 10.734833717346191, 7.664974689483643, 9.686211585998535, 6.207089424133301, 5.8943023681640625, 7.0682291984558105, 8.762198448181152, 6.32940149307251, 4.529124736785889, 4.240171432495117, 5.62221097946167, 6.176968097686768, 3.4563839435577393, 1.691545844078064, 0.7750499248504639, 0.3076508045196533, 0.07136703282594681, 0.010659461840987206, 0.00025969144189730287, 8.804491517366841e-05], "lowlevel.gfcc.mean": [-153.56179809570312, 205.46786499023438, -53.59626770019531, -4.1077728271484375, -30.450847625732422, -3.2746963500976562, -29.92479133605957, 5.77222204208374, -8.624844551086426, -13.541377067565918, -9.453779220581055, -2.6416501998901367, 2.6195898056030273], "lowlevel.melbands.mean": [0.011657931841909885, 0.013123842887580395, 0.0019814742263406515, 0.0019164846744388342, 0.0008601280860602856, 0.00023846112890169024, 0.00038749657687731087, 0.00022306825849227607, 7.599432137794793e-05, 8.236547000706196e-05, 5.7176457630703226e-05, 1.452260221412871e-05, 1.6936550309765153e-05, 1.2409220289555378e-05, 8.83249504113337e-06, 7.804213964845985e-06, 7.4510717240627855e-06, 5.154512109584175e-06, 3.9469186958740465e-06, 3.659738240457955e-06, 2.601650976430392e-06, 1.9050798982789274e-06, 2.3315512862609467e-06, 1.475915723858634e-06, 7.199722062978253e-07, 6.405675208043249e-07, 8.683915098117723e-07, 9.160575586975028e-07, 1.1225102980461088e-06, 1.0340849030399113e-06, 7.685426339776313e-07, 6.310935418696317e-07, 5.64283482162864e-07, 6.626798381148546e-07, 8.106985660560895e-07, 8.085415288405784e-07, 7.676474638174113e-07, 6.079800414227066e-07, 4.904849788545107e-07, 3.830242292224284e-07], "lowlevel.melbands.stdev": [0.014528781175613403, 0.015578332357108593, 0.003878222079947591, 0.002154338639229536, 0.000783494848292321, 0.0003115427098236978, 0.0005358530906960368, 0.00024721480440348387, 0.00019545148825272918, 0.00020986479648854584, 7.431764242937788e-05, 6.228591519175097e-05, 4.868992982665077e-05, 5.7756187743507326e-05, 6.066557398298755e-05, 4.12357367167715e-05, 2.9905984774813987e-05, 2.416602183075156e-05, 1.7970081898965873e-05, 1.6371963283745572e-05, 1.0969385584758129e-05, 7.156166702770861e-06, 1.012272150546778e-05, 8.078249265963677e-06, 4.703936610894743e-06, 4.064271706738509e-06, 4.5389447222987656e-06, 4.9336608753947075e-06, 5.4747874855820555e-06, 4.646753495762823e-06, 3.538355713317287e-06, 2.7715229862224078e-06, 2.314100584044354e-06, 2.4015810140554095e-06, 3.1206168387143407e-06, 3.686202944663819e-06, 4.094898486073362e-06, 2.5961514893424464e-06, 1.953292439793586e-06, 1.3127934153089882e-06], "lowlevel.melbands128.mean": [0.00013614135968964547, 0.002964798593893647, 0.017417531460523605, 0.026518339291214943, 0.013726688921451569, 0.0035746304783970118, 0.0021443699952214956, 0.0015728477155789733, 0.0015345137799158692, 0.0022632121108472347, 0.001927315373905003, 0.0014903133269399405, 0.00049623689847067, 0.00016166360001079738, 0.0002958293189294636, 0.0002318417391506955, 0.00027023444999940693, 0.0005804569809697568, 0.00031609757570549846, 0.00019964649982284755, 0.00023843625967856497, 5.4092750360723585e-05, 4.674673255067319e-05, 9.178593609249219e-05, 0.00012757886725012213, 5.575374962063506e-05, 4.048401751788333e-05, 0.0001005458107101731, 1.9002569388248958e-05, 1.3813355508318637e-05, 1.5427354810526595e-05, 1.0213073437626008e-05, 1.2269343642401509e-05, 3.2114097848534584e-05, 8.980233360489365e-06, 9.953278095053975e-06, 1.001671171252383e-05, 5.0434950935596135e-06, 1.2757355762005318e-05, 9.663307537266519e-06, 6.926757578185061e-06, 3.7122226785868406e-06, 9.270668670069426e-06, 8.519915354554541e-06, 3.896717316820286e-06, 5.056785539636621e-06, 6.057586233509937e-06, 4.015991180494893e-06, 2.776167775664362e-06, 3.76969273929717e-06, 3.348946393089136e-06, 4.240619546180824e-06, 3.4277536542504095e-06, 1.4405313777388074e-06, 1.8112093584932154e-06, 1.8279766891282634e-06, 1.955647121576476e-06, 2.675984433153644e-06, 2.2208664631762076e-06, 2.3614081783307483e-06, 1.373740701637871e-06, 9.743692999109044e-07, 7.233397241179773e-07, 7.310869136745168e-07, 5.654560482071247e-07, 6.00196528921515e-07, 6.842435027465399e-07, 7.758490596643242e-07, 9.904416629069601e-07, 8.737484904486337e-07, 9.051311167240783e-07, 9.478056313128036e-07, 9.028648264575168e-07, 1.1729320021913736e-06, 1.4309597418105113e-06, 9.450757829654322e-07, 9.949950481313863e-07, 8.121908763314423e-07, 7.045117627058062e-07, 7.579466227980447e-07, 6.87875171934138e-07, 5.606261197499407e-07, 5.425175118034531e-07, 5.636130708808196e-07, 5.965283662590082e-07, 5.630979558191029e-07, 7.1104471999206e-07, 7.944046274133143e-07, 7.998895625860314e-07, 8.45227020818129e-07, 8.486860565426468e-07, 8.275394520751433e-07, 6.695726142424974e-07, 8.121004384520347e-07, 8.340962267538998e-07, 6.127269216449349e-07, 5.710922437174304e-07, 5.574270858232921e-07, 5.144494252817822e-07, 4.334701202424185e-07, 4.1800947769843333e-07, 3.716825460742257e-07, 3.61520250180547e-07, 2.7117846457258565e-07, 2.3070850829753908e-07, 2.353415879952081e-07, 1.9628032532637008e-07, 1.757592116291562e-07, 1.3242112117950455e-07, 1.0579869780258377e-07, 8.874003754044679e-08, 6.872910773836338e-08, 5.6958725735967164e-08, 4.111235796244728e-08, 2.8995513545737595e-08, 2.1924080328972195e-08, 1.3114251906642949e-08, 1.751682021655654e-09, 9.073058276909407e-11, 1.996867601827823e-11, 1.852141356950554e-11, 1.777011524040084e-11, 1.7814378444613865e-11, 1.7239059138529633e-11, 1.4656871202833877e-11, 1.1042290345986139e-11, 9.318522516121863e-12, 9.060129382842952e-12], "lowlevel.melbands128.stdev": [0.00040542377973906696, 0.00709395669400692, 0.024292506277561188, 0.030094662681221962, 0.01899990625679493, 0.007400788366794586, 0.005587246268987656, 0.0034658347722142935, 0.0033470417838543653, 0.003399332519620657, 0.0018915818072855473, 0.0014178327983245254, 0.0009220364154316485, 0.0003536019066814333, 0.00037362147122621536, 0.0004808272351510823, 0.0005036319489590824, 0.0009851868962869048, 0.00043803820153698325, 0.00027960282750427723, 0.0003408581542316824, 0.0001354419073322788, 0.0002532436919864267, 0.0003956804284825921, 0.0004473215085454285, 7.329898653551936e-05, 5.323832738213241e-05, 0.00013932229194324464, 4.609071766026318e-05, 5.4229272791417316e-05, 9.43627383094281e-05, 6.618672341573983e-05, 3.608310726121999e-05, 7.095246837707236e-05, 3.725949500221759e-05, 7.573964830953628e-05, 0.00011919261305592954, 6.130394467618316e-05, 7.308318163268268e-05, 4.926710244035348e-05, 4.985388295608573e-05, 2.3916747522889636e-05, 4.19880889239721e-05, 3.4082990168826655e-05, 2.0814135496038944e-05, 2.977587064378895e-05, 3.4142518416047096e-05, 2.0949257304891944e-05, 1.3551712982007302e-05, 2.0783383661182597e-05, 1.832361340348143e-05, 2.3760418116580695e-05, 1.798289486032445e-05, 6.616450264118612e-06, 7.123428076738492e-06, 7.76439264882356e-06, 9.166111340164207e-06, 1.2662090739468113e-05, 1.2947944014740642e-05, 1.0101951374963392e-05, 8.934078323363792e-06, 8.60143882164266e-06, 4.7007274588395376e-06, 5.405963747762144e-06, 3.4398838124616304e-06, 4.070469458383741e-06, 4.695266852650093e-06, 4.6304826355481055e-06, 5.546860847971402e-06, 4.135101789870532e-06, 5.874745966139017e-06, 5.18200567967142e-06, 4.569355041894596e-06, 5.880635853827698e-06, 8.169483407982625e-06, 4.3158925109310076e-06, 4.462265678739641e-06, 4.115163847018266e-06, 3.108136525042937e-06, 4.244491719873622e-06, 3.274253913332359e-06, 2.3170766780822305e-06, 2.249314547952963e-06, 2.4294686227221973e-06, 2.793288331304211e-06, 2.309818228241056e-06, 2.6137036002182867e-06, 2.919123744504759e-06, 3.219868858650443e-06, 3.805627557085245e-06, 3.7351942410168704e-06, 4.2026626942970324e-06, 3.3074379643949214e-06, 4.788829301105579e-06, 5.107300694362493e-06, 2.8803799523302587e-06, 2.4988050881802337e-06, 2.2315477963275043e-06, 2.3398806661134586e-06, 1.6665994735376444e-06, 1.5099778920557583e-06, 1.3195201518101385e-06, 1.3351501593206194e-06, 9.847726687439717e-07, 8.72419491315668e-07, 9.896432402456412e-07, 7.120823397599452e-07, 7.130224162210652e-07, 5.670883638231317e-07, 4.6560575128751225e-07, 3.754842339276365e-07, 2.6393925622869574e-07, 2.2851635606002674e-07, 1.8173990667946782e-07, 1.5546386578080273e-07, 1.3041717750184034e-07, 9.509219722758644e-08, 1.7389815809565334e-08, 1.6051275864015224e-09, 1.9681814511507412e-10, 1.9968346420817795e-10, 2.2347576567049998e-10, 2.4697066614010055e-10, 2.422116673894692e-10, 1.6917894862800154e-10, 6.110643241408198e-11, 1.8100519347252764e-11, 1.679374521390553e-11], "lowlevel.mfcc.mean": [-809.7865600585938, 236.69430541992188, 48.93755340576172, 13.058159828186035, 22.380638122558594, -0.8614135980606079, -5.999241352081299, 11.150754928588867, 8.538899421691895, -3.795330762863159, -4.906007766723633, 1.6369717121124268, -0.6183048486709595], "lowlevel.spectral_contrast_coeffs.mean": [-0.6326165795326233, -0.6850064396858215, -0.7114686369895935, -0.7863397598266602, -0.7820711731910706, -0.852181613445282], "lowlevel.spectral_contrast_coeffs.stdev": [0.06986548006534576, 0.07134449481964111, 0.07646142691373825, 0.05047642067074776, 0.0576246939599514, 0.05856727436184883], "lowlevel.spectral_contrast_valleys.mean": [-6.597799777984619, -7.411905765533447, -8.791916847229004, -9.757390022277832, -10.718915939331055, -12.869941711425781], "lowlevel.spectral_contrast_valleys.stdev": [1.702177882194519, 1.5186715126037598, 1.390429973602295, 1.530994176864624, 1.9970335960388184, 2.4185311794281006], "rhythm.beats_loudness_band_ratio.mean": [0.6687213778495789, 0.25012025237083435, 0.0873454362154007, 0.012062483467161655, 0.004642410669475794, 0.0036920513957738876], "rhythm.beats_loudness_band_ratio.stdev": [0.2948869466781616, 0.23277917504310608, 0.08799460530281067, 0.01249295100569725, 0.008585555478930473, 0.00785046722739935], "tonal.hpcp.mean": [0.14522124826908112, 0.10705652832984924, 0.07376272976398468, 0.1261197328567505, 0.0771804004907608, 0.011038469150662422, 0.0071820761077106, 0.00801995862275362, 0.15294422209262848, 0.2968708276748657, 0.15770918130874634, 0.01607603393495083, 0.015549824573099613, 0.013352161273360252, 0.07520836591720581, 0.344621479511261, 0.30237555503845215, 0.032814234495162964, 0.0073282369412481785, 0.004953464027494192, 0.011383257806301117, 0.01614985242486, 0.015275916084647179, 0.21979781985282898, 0.4308515787124634, 0.22545403242111206, 0.013280902057886124, 0.008402041159570217, 0.003984539303928614, 0.018941154703497887, 0.04228586703538895, 0.02595723420381546, 0.002524435054510832, 0.0036150990054011345, 0.006703084334731102, 0.06151144579052925], "tonal.hpcp.stdev": [0.26756903529167175, 0.2113792598247528, 0.16959604620933533, 0.28585126996040344, 0.18972913920879364, 0.07623066008090973, 0.0718914344906807, 0.06534278392791748, 0.21282990276813507, 0.3744344413280487, 0.20466849207878113, 0.094269759953022, 0.10224419087171555, 0.08475565165281296, 0.16882888972759247, 0.4349633455276489, 0.3892102539539337, 0.11865567415952682, 0.06986372917890549, 0.05575031414628029, 0.07909758388996124, 0.09550295770168304, 0.09094040095806122, 0.2584151327610016, 0.4403434991836548, 0.25314658880233765, 0.08717723935842514, 0.07794714719057083, 0.03452714532613754, 0.05360858142375946, 0.08434123545885086, 0.06041044369339943, 0.02260255441069603, 0.036323219537734985, 0.05154629796743393, 0.12100015580654144], "rhythm.beats_position": [0.4992290139198303, 0.952018141746521, 1.3931972980499268, 1.834376335144043, 2.2755556106567383, 2.7167346477508545, 3.14630389213562, 3.5758728981018066, 4.005442142486572, 4.446621417999268, 4.876190185546875, 5.305759429931641, 5.746938705444336, 6.176507949829102, 6.606077194213867, 7.035645961761475, 7.46521520614624, 7.9063944816589355, 8.347573280334473, 8.788752555847168, 9.218321800231934, 9.6478910446167, 10.077460289001465, 10.51863956451416, 10.948208808898926, 11.377777099609375, 11.80734634399414, 12.236915588378906, 12.654874801635742, 13.084444046020508, 13.514013290405273, 13.955192565917969, 14.396371841430664, 14.83755111694336, 15.278729438781738, 15.708298683166504, 16.137868881225586, 16.57904815673828, 16.997007369995117, 17.43818473815918, 17.879364013671875, 18.30893325805664, 18.738502502441406, 19.1796817779541, 19.609251022338867, 20.038820266723633, 20.479999542236328, 20.909568786621094, 21.33913803100586, 21.768707275390625, 22.19827651977539, 22.639455795288086, 23.057415008544922, 23.498594284057617, 23.939773559570312, 24.369342803955078, 24.798912048339844, 25.228479385375977, 25.658048629760742, 26.099227905273438, 26.540407180786133, 26.981586456298828], "rhythm.bpm_histogram": [0.0, 0.0, 0.0, 0.0, 0.0, 0.0, 0.0, 0.0, 0.0, 0.0, 0.0, 0.0, 0.0, 0.0, 0.0, 0.0, 0.0, 0.0, 0.0, 0.0, 0.0, 0.0, 0.0, 0.0, 0.0, 0.0, 0.0, 0.0, 0.0, 0.0, 0.0, 0.0, 0.0, 0.0, 0.0, 0.0, 0.0, 0.0, 0.0, 0.0, 0.0, 0.0, 0.0, 0.0, 0.0, 0.0, 0.0, 0.0, 0.0, 0.0, 0.0, 0.0, 0.0, 0.0, 0.0, 0.0, 0.0, 0.0, 0.0, 0.0, 0.0, 0.0, 0.0, 0.0, 0.0, 0.0, 0.0, 0.0, 0.0, 0.0, 0.0, 0.0, 0.0, 0.0, 0.0, 0.0, 0.0, 0.0, 0.0, 0.0, 0.0, 0.0, 0.0, 0.0, 0.0, 0.0, 0.0, 0.0, 0.0, 0.0, 0.0, 0.0, 0.0, 0.0, 0.0, 0.0, 0.0, 0.0, 0.0, 0.0, 0.0, 0.0, 0.0, 0.0, 0.0, 0.0, 0.0, 0.0, 0.0, 0.0, 0.0, 0.0, 0.0, 0.0, 0.0, 0.0, 0.0, 0.0, 0.0, 0.0, 0.0, 0.0, 0.0, 0.0, 0.0, 0.0, 0.0, 0.0, 0.0, 0.0, 0.0, 0.0, 0.0, 0.016393441706895828, 0.0, 0.0, 0.4098360538482666, 0.0, 0.0, 0.0, 0.5245901346206665, 0.0, 0.0, 0.0, 0.04918032884597778, 0.0, 0.0, 0.0, 0.0, 0.0, 0.0, 0.0, 0.0, 0.0, 0.0, 0.0, 0.0, 0.0, 0.0, 0.0, 0.0, 0.0, 0.0, 0.0, 0.0, 0.0, 0.0, 0.0, 0.0, 0.0, 0.0, 0.0, 0.0, 0.0, 0.0, 0.0, 0.0, 0.0, 0.0, 0.0, 0.0, 0.0, 0.0, 0.0, 0.0, 0.0, 0.0, 0.0, 0.0, 0.0, 0.0, 0.0, 0.0, 0.0, 0.0, 0.0, 0.0, 0.0, 0.0, 0.0, 0.0, 0.0, 0.0, 0.0, 0.0, 0.0, 0.0, 0.0, 0.0, 0.0, 0.0, 0.0, 0.0, 0.0, 0.0, 0.0, 0.0, 0.0, 0.0, 0.0, 0.0, 0.0, 0.0, 0.0, 0.0, 0.0, 0.0, 0.0, 0.0, 0.0, 0.0, 0.0, 0.0, 0.0, 0.0, 0.0, 0.0, 0.0, 0.0, 0.0, 0.0, 0.0, 0.0, 0.0, 0.0, 0.0, 0.0, 0.0, 0.0, 0.0], "tonal.chords_histogram": [66.4974594116211, 0.0, 2.368866443634033, 0.0, 6.768189430236816, 0.0, 0.0, 0.0, 0.0, 0.0, 0.0, 0.0, 0.0, 0.0, 0.0, 3.045685291290283, 0.0, 1.8612520694732666, 0.0, 10.321489334106445, 0.0, 1.5228426456451416, 3.045685291290283, 4.568527698516846], "tonal.thpcp": [1.0, 0.5232753753662109, 0.030824773013591766, 0.019501009956002235, 0.009248055517673492, 0.043962132185697556, 0.09814485907554626, 0.06024634838104248, 0.005859175696969032, 0.00839059054851532, 0.015557757578790188, 0.14276713132858276, 0.33705630898475647, 0.24847657978534698, 0.1712021827697754, 0.2927219867706299, 0.1791345477104187, 0.025620119646191597, 0.016669489443302155, 0.018614202737808228, 0.3549812138080597, 0.6890326738357544, 0.3660406172275543, 0.037312231957912445, 0.0360909067094326, 0.03099016472697258, 0.17455747723579407, 0.7998612523078918, 0.7018091082572937, 0.07616133987903595, 0.01700872741639614, 0.011496915481984615, 0.026420369744300842, 0.03748356178402901, 0.03545517101883888, 0.5101473927497864], "lowlevel.gfcc.cov": [[26230.501953125, -3850.760009765625, 1291.7701416015625, 4386.25, -2064.51416015625, 2744.185302734375, -700.9718627929688, 861.8043823242188, 32.77307891845703, 1377.362548828125, -116.8127670288086, -172.24014282226562, -332.2093505859375], [-3850.760009765625, 7032.0439453125, -578.3895263671875, -3013.49169921875, 1631.995849609375, -2132.117919921875, 288.7400207519531, -600.7188110351562, 240.2714385986328, -1207.346923828125, 156.27854919433594, -134.75518798828125, 351.8924560546875], [1291.7701416015625, -578.3895263671875, 913.7577514648438, 486.99481201171875, -211.09829711914062, 613.6556396484375, 18.23564338684082, 18.752241134643555, 22.44240951538086, 173.0602264404297, 40.544410705566406, -30.850147247314453, -55.44572067260742], [4386.25, -3013.49169921875, 486.99481201171875, 1802.0521240234375, -781.56298828125, 1119.6177978515625, -155.30349731445312, 348.25018310546875, -16.495697021484375, 594.4178466796875, -51.50419235229492, 34.724212646484375, -117.87870025634766], [-2064.51416015625, 1631.995849609375, -211.09829711914062, -781.56298828125, 692.6105346679688, -548.9471435546875, 117.34100341796875, -111.89398956298828, 107.51530456542969, -290.95452880859375, 51.95089340209961, -13.877683639526367, 86.6968002319336], [2744.185302734375, -2132.117919921875, 613.6556396484375, 1119.6177978515625, -548.9471435546875, 1095.62451171875, -51.667076110839844, 184.4260711669922, -58.82917785644531, 440.373291015625, 9.567140579223633, -25.39984130859375, -136.08746337890625], [-700.9718627929688, 288.7400207519531, 18.23564338684082, -155.30349731445312, 117.34100341796875, -51.667076110839844, 166.56256103515625, -4.788578510284424, 15.323247909545898, -53.55209732055664, 46.53989028930664, 9.043923377990723, 32.55397033691406], [861.8043823242188, -600.7188110351562, 18.752241134643555, 348.25018310546875, -111.89398956298828, 184.4260711669922, -4.788578510284424, 180.33334350585938, 62.71464157104492, 99.94544219970703, 6.084514617919922, 43.81450271606445, -7.360764026641846], [32.77307891845703, 240.2714385986328, 22.44240951538086, -16.495697021484375, 107.51530456542969, -58.82917785644531, 15.323247909545898, 62.71464157104492, 172.3766326904297, -7.3637237548828125, 22.907588958740234, 9.245049476623535, 46.313846588134766], [1377.362548828125, -1207.346923828125, 173.0602264404297, 594.4178466796875, -290.95452880859375, 440.373291015625, -53.55209732055664, 99.94544219970703, -7.3637237548828125, 333.5852966308594, -0.2072097808122635, -24.371219635009766, -60.64777374267578], [-116.8127670288086, 156.27854919433594, 40.544410705566406, -51.50419235229492, 51.95089340209961, 9.567140579223633, 46.53989028930664, 6.084514617919922, 22.907588958740234, -0.2072097808122635, 89.05148315429688, 14.392253875732422, 12.204858779907227], [-172.24014282226562, -134.75518798828125, -30.850147247314453, 34.724212646484375, -13.877683639526367, -25.39984130859375, 9.043923377990723, 43.81450271606445, 9.245049476623535, -24.371219635009766, 14.392253875732422, 108.33171844482422, 22.006786346435547], [-332.2093505859375, 351.8924560546875, -55.44572067260742, -117.87870025634766, 86.6968002319336, -136.08746337890625, 32.55397033691406, -7.360764026641846, 46.313846588134766, -60.64777374267578, 12.204858779907227, 22.006786346435547, 101.66023254394531]], "lowlevel.gfcc.icov": [[0.0004389279638417065, -0.0017156561370939016, 0.0006448882631957531, -0.0017069196328520775, 0.0008842552779242396, -0.001315277419053018, 0.0007480939966626465, -0.0015411956701427698, 0.0009958990849554539, -0.0020613851957023144, 0.001421473454684019, -0.0013447403907775879, 0.0013165302807465196], [-0.0017156561370939016, 0.008062993176281452, -0.0031075638253241777, 0.007228386588394642, -0.003919669892638922, 0.006204045843333006, -0.0026168054901063442, 0.006704623345285654, -0.0047467430122196674, 0.010251746512949467, -0.007381525356322527, 0.007536220829933882, -0.006325084250420332], [0.0006448882631957531, -0.0031075638253241777, 0.0036190999671816826, -0.0030381542164832354, 0.001598781323991716, -0.004357555881142616, 0.0004689010966103524, -8.525921293767169e-05, -2.7676989702740684e-05, -0.0028711571358144283, 0.002335592405870557, -0.003152267774567008, 0.0026638167910277843], [-0.0017069196328520775, 0.007228386588394642, -0.0030381542164832354, 0.010282063856720924, -0.0028421583119779825, 0.003984199371188879, -0.0016558888601139188, 0.0030032924842089415, -0.0037514998111873865, 0.006639083381742239, -0.004671576898545027, 0.005420104134827852, -0.006770975887775421], [0.0008842552779242396, -0.003919669892638922, 0.001598781323991716, -0.0028421583119779825, 0.005707602482289076, -0.0025511772837489843, 0.0003025116748176515, -0.0030154758132994175, 0.00020583839796017855, -0.0038962990511208773, 0.002579837804660201, -0.002681019948795438, 0.0032883710227906704], [-0.001315277419053018, 0.006204045843333006, -0.004357555881142616, 0.003984199371188879, -0.0025511772837489843, 0.009914685040712357, -0.002845330163836479, 0.0036166526842862368, -0.0019090718124061823, 0.006092544179409742, -0.006856941618025303, 0.006952187512069941, -0.0030863613355904818], [0.0007480939966626465, -0.0026168054901063442, 0.0004689010966103524, -0.0016558888601139188, 0.0003025116748176515, -0.002845330163836479, 0.010079406201839447, -0.004920174367725849, 0.0032548406161367893, -0.0028870366513729095, -0.0009119922178797424, -0.0015719805378466845, -0.0005678774905391037], [-0.0015411956701427698, 0.006704623345285654, -8.525921293767169e-05, 0.0030032924842089415, -0.0030154758132994175, 0.0036166526842862368, -0.004920174367725849, 0.021881114691495895, -0.011213843710720539, 0.009933101944625378, -0.0065296306274831295, 0.0015432258369401097, -0.0027508740313351154], [0.0009958990849554539, -0.0047467430122196674, -2.7676989702740684e-05, -0.0037514998111873865, 0.00020583839796017855, -0.0019090718124061823, 0.0032548406161367893, -0.011213843710720539, 0.014334148727357388, -0.007955116219818592, 0.003406864358112216, -0.002674126299098134, -0.00037157221231609583], [-0.0020613851957023144, 0.010251746512949467, -0.0028711571358144283, 0.006639083381742239, -0.0038962990511208773, 0.006092544179409742, -0.0028870366513729095, 0.009933101944625378, -0.007955116219818592, 0.022856418043375015, -0.01206840667873621, 0.012522121891379356, -0.006969793234020472], [0.001421473454684019, -0.007381525356322527, 0.002335592405870557, -0.004671576898545027, 0.002579837804660201, -0.006856941618025303, -0.0009119922178797424, -0.0065296306274831295, 0.003406864358112216, -0.01206840667873621, 0.02248651161789894, -0.010387429967522621, 0.0052902656607329845], [-0.0013447403907775879, 0.007536220829933882, -0.003152267774567008, 0.005420104134827852, -0.002681019948795438, 0.006952187512069941, -0.0015719805378466845, 0.0015432258369401097, -0.002674126299098134, 0.012522121891379356, -0.010387429967522621, 0.020728884264826775, -0.008258644491434097], [0.0013165302807465196, -0.006325084250420332, 0.0026638167910277843, -0.006770975887775421, 0.0032883710227906704, -0.0030863613355904818, -0.0005678774905391037, -0.0027508740313351154, -0.00037157221231609583, -0.006969793234020472, 0.0052902656607329845, -0.008258644491434097, 0.01984526216983795]], "lowlevel.mfcc.cov": [[17087.6328125, -5550.1650390625, 1709.0306396484375, 1482.4217529296875, 229.4480743408203, 1115.36083984375, 652.4922485351562, -197.75152587890625, 250.44712829589844, 1051.813720703125, 514.4271240234375, 504.31695556640625, 395.7371520996094], [-5550.1650390625, 6820.42578125, -1082.51513671875, -837.3587646484375, 270.5224914550781, -862.3043212890625, -536.0654296875, 282.32232666015625, -48.103416442871094, -623.4432983398438, -240.3192596435547, -252.77944946289062, -266.2581481933594], [1709.0306396484375, -1082.51513671875, 1004.0134887695312, 180.56898498535156, -70.88662719726562, 408.52801513671875, 207.9986572265625, -34.31666946411133, 8.50473403930664, 160.0544891357422, 54.0382080078125, 67.50602722167969, 94.18294525146484], [1482.4217529296875, -837.3587646484375, 180.56898498535156, 387.2980041503906, 69.3388671875, 119.38410186767578, 70.45828247070312, 4.409384727478027, 93.53418731689453, 131.18272399902344, 42.769256591796875, 70.48844146728516, 112.78819274902344], [229.4480743408203, 270.5224914550781, -70.88662719726562, 69.3388671875, 213.57766723632812, 17.80304718017578, -37.7797737121582, 38.083824157714844, 44.65433883666992, 39.59016799926758, 34.43385696411133, 11.471790313720703, 19.553421020507812], [1115.36083984375, -862.3043212890625, 408.52801513671875, 119.38410186767578, 17.80304718017578, 380.6210632324219, 216.86993408203125, -65.6048583984375, 13.037896156311035, 163.93450927734375, 87.12139129638672, 57.8612174987793, 35.30638885498047], [652.4922485351562, -536.0654296875, 207.9986572265625, 70.45828247070312, -37.7797737121582, 216.86993408203125, 266.9696960449219, -16.007083892822266, -13.67492389678955, 87.30195617675781, 48.33635711669922, 47.373451232910156, 36.027915954589844], [-197.75152587890625, 282.32232666015625, -34.31666946411133, 4.409384727478027, 38.083824157714844, -65.6048583984375, -16.007083892822266, 177.73680114746094, 35.21125411987305, -51.593833923339844, -12.641140937805176, -0.4732559323310852, 38.43191909790039], [250.44712829589844, -48.103416442871094, 8.50473403930664, 93.53418731689453, 44.65433883666992, 13.037896156311035, -13.67492389678955, 35.21125411987305, 115.42375946044922, 48.95579528808594, 2.1544370651245117, 14.769837379455566, 28.100875854492188], [1051.813720703125, -623.4432983398438, 160.0544891357422, 131.18272399902344, 39.59016799926758, 163.93450927734375, 87.30195617675781, -51.593833923339844, 48.95579528808594, 215.77664184570312, 109.42755126953125, 37.45394515991211, 24.38454246520996], [514.4271240234375, -240.3192596435547, 54.0382080078125, 42.769256591796875, 34.43385696411133, 87.12139129638672, 48.33635711669922, -12.641140937805176, 2.1544370651245117, 109.42755126953125, 129.78709411621094, 37.541255950927734, -10.582568168640137], [504.31695556640625, -252.77944946289062, 67.50602722167969, 70.48844146728516, 11.471790313720703, 57.8612174987793, 47.373451232910156, -0.4732559323310852, 14.769837379455566, 37.45394515991211, 37.541255950927734, 80.53564453125, 44.134132385253906], [395.7371520996094, -266.2581481933594, 94.18294525146484, 112.78819274902344, 19.553421020507812, 35.30638885498047, 36.027915954589844, 38.43191909790039, 28.100875854492188, 24.38454246520996, -10.582568168640137, 44.134132385253906, 133.3162078857422]], "lowlevel.mfcc.icov": [[0.00012203041114844382, 2.72993856924586e-05, -0.00010477039904799312, -0.0002738319744821638, -9.343137207906693e-05, 7.582463877042755e-05, -1.2096932550775819e-05, -4.676883327192627e-05, 0.00017681340978015214, -0.00036487041506916285, 0.0001081827940652147, -0.00039569128421135247, 0.00017739248869474977], [2.72993856924586e-05, 0.0003870237269438803, -0.0001634798536542803, 0.0006474037654697895, -0.0009060860611498356, 0.0007585073472000659, -0.0003274956834502518, 5.4009513405617326e-05, -0.0005399406654760242, 0.0006492980755865574, -0.0002679641474969685, 0.000223052004002966, 0.00016459058679174632], [-0.00010477039904799312, -0.0001634798536542803, 0.0024083463940769434, -0.0005051988991908729, 0.001825007377192378, -0.003475339151918888, 0.001345692784525454, -0.0010231293272227049, 0.0009118832531385124, -0.00047466036630794406, 0.0008140835561789572, 0.0001084132818505168, -0.0007821712060831487], [-0.0002738319744821638, 0.0006474037654697895, -0.0005051988991908729, 0.0069990260526537895, -0.0024362318217754364, 0.0018590878462418914, -0.0012116085272282362, 0.0010820403695106506, -0.004080549348145723, 0.0006558012100867927, -0.0006099803140386939, 0.00010290459613315761, -0.0029204227030277252], [-9.343137207906693e-05, -0.0009060860611498356, 0.001825007377192378, -0.0024362318217754364, 0.009103113785386086, -0.004862569738179445, 0.0036094323731958866, -0.0021570699755102396, 0.0007918734918348491, -0.001749203191138804, -0.0005596030969172716, -0.00010901417408604175, -0.0010167687432840466], [7.582463877042755e-05, 0.0007585073472000659, -0.003475339151918888, 0.0018590878462418914, -0.004862569738179445, 0.012667526490986347, -0.006983979605138302, 0.0032595344819128513, -0.0024579388555139303, -0.00047738075954839587, -0.0018005309393629432, -0.00011324582737870514, 0.000978310708887875], [-1.2096932550775819e-05, -0.0003274956834502518, 0.001345692784525454, -0.0012116085272282362, 0.0036094323731958866, -0.006983979605138302, 0.009442207403481007, -0.0027900070417672396, 0.0033941944129765034, -0.0021165634971112013, 0.0015518433647230268, -0.002203487092629075, -0.00044667982729151845], [-4.676883327192627e-05, 5.4009513405617326e-05, -0.0010231293272227049, 0.0010820403695106506, -0.0021570699755102396, 0.0032595344819128513, -0.0027900070417672396, 0.009780931286513805, -0.005202542059123516, 0.005498714745044708, -0.004942711908370256, 0.0028160447254776955, -0.003792152740061283], [0.00017681340978015214, -0.0005399406654760242, 0.0009118832531385124, -0.004080549348145723, 0.0007918734918348491, -0.0024579388555139303, 0.0033941944129765034, -0.005202542059123516, 0.016689084470272064, -0.008489330299198627, 0.007178192958235741, -0.004074702970683575, 0.0022758031263947487], [-0.00036487041506916285, 0.0006492980755865574, -0.00047466036630794406, 0.0006558012100867927, -0.001749203191138804, -0.00047738075954839587, -0.0021165634971112013, 0.005498714745044708, -0.008489330299198627, 0.019054625183343887, -0.013478006236255169, 0.006928162183612585, -0.003529071342200041], [0.0001081827940652147, -0.0002679641474969685, 0.0008140835561789572, -0.0006099803140386939, -0.0005596030969172716, -0.0018005309393629432, 0.0015518433647230268, -0.004942711908370256, 0.007178192958235741, -0.013478006236255169, 0.021613717079162598, -0.009988895617425442, 0.006623712368309498], [-0.00039569128421135247, 0.000223052004002966, 0.0001084132818505168, 0.00010290459613315761, -0.00010901417408604175, -0.00011324582737870514, -0.002203487092629075, 0.0028160447254776955, -0.004074702970683575, 0.006928162183612585, -0.009988895617425442, 0.02316015027463436, -0.0075823161751031876], [0.00017739248869474977, 0.00016459058679174632, -0.0007821712060831487, -0.0029204227030277252, -0.0010167687432840466, 0.000978310708887875, -0.00044667982729151845, -0.003792152740061283, 0.0022758031263947487, -0.003529071342200041, 0.006623712368309498, -0.0075823161751031876, 0.014632054604589939]], "metadata.audio_properties.analysis.downmix": "mix", "metadata.audio_properties.codec": "mp3", "metadata.audio_properties.md5_encoded": "fdc62cf528d371239ba225e7ed1a0004", "metadata.tags.file_name": "1183665442062090304.mp3", "metadata.version.essentia": "2.1-beta6-dev", "metadata.version.essentia_git_sha": "v2.1_beta5-1110-g77a6a954", "metadata.version.extractor": "music 2.0", "tonal.chords_key": "F", "tonal.chords_scale": "major", "tonal.key_edma.key": "Bb", "tonal.key_edma.scale": "major", "tonal.key_krumhansl.key": "Bb", "tonal.key_krumhansl.scale": "major", "tonal.key_temperley.key": "F", "tonal.key_temperley.scale": "major", "metadata.tags.encoding": ["Lavf58.45.100"]}, "essentia_models": [{"