{"song_id": "1183708829834285178", "download": "https://cdn.discordapp.com/attachments/1135903449314238464/1183708829834285178/chirp.mp4?ex=658951c1&amp", "lyrics": "\u0430 \u044f \u0442\u0435\u0431\u044f \u0442\u0430\u043f\u043e\u0440\u0438\u043a\u043e\u043c\n\u0431\u0430\u043c \u0431\u0430\u043c \u0431\u0430\u043c\n\u0430 \u044f \u0442\u0435\u0431\u044f \u0442\u0430\u043f\u043e\u0440\u0438\u043a\u043e\u043c\n\u043f\u043e \u043a\u0443\u0441\u043a\u0430\u043c\n\u0430 \u044f \u0442\u0435\u0431\u044f \u0442\u0430\u043f\u043e\u0440\u0438\u043a\u043e\u043c\n\u0442\u044b\u0449 \u0442\u044b\u0449 \u0442\u044b\u0449\n\u043e\u0442 \u0442\u0435\u0431\u044f \u043e\u0441\u0442\u0430\u043d\u0435\u0442\u0441\u044f\n\u0442\u043e\u043b\u044c\u043a\u043e \u043f\u0440\u044b\u0449", "style": ["Hip hop</span><span>, rap"], "essentia_features": {"lowlevel.average_loudness": 0.9358962774276733, "lowlevel.barkbands_crest.mean": 12.968746185302734, "lowlevel.barkbands_crest.stdev": 4.9668169021606445, "lowlevel.barkbands_flatness_db.mean": 0.21033009886741638, "lowlevel.barkbands_flatness_db.stdev": 0.04643264785408974, "lowlevel.barkbands_kurtosis.mean": 5.1081438064575195, "lowlevel.barkbands_kurtosis.stdev": 7.129208087921143, "lowlevel.barkbands_skewness.mean": 0.2139836996793747, "lowlevel.barkbands_skewness.stdev": 1.5275903940200806, "lowlevel.barkbands_spread.mean": 14.442237854003906, "lowlevel.barkbands_spread.stdev": 11.318870544433594, "lowlevel.dissonance.mean": 0.47385480999946594, "lowlevel.dissonance.stdev": 0.03134659677743912, "lowlevel.dynamic_complexity": 5.981800556182861, "lowlevel.erbbands_crest.mean": 14.720120429992676, "lowlevel.erbbands_crest.stdev": 6.502265453338623, "lowlevel.erbbands_flatness_db.mean": 0.2638772428035736, "lowlevel.erbbands_flatness_db.stdev": 0.07347308099269867, "lowlevel.erbbands_kurtosis.mean": 7.337456226348877, "lowlevel.erbbands_kurtosis.stdev": 8.130731582641602, "lowlevel.erbbands_skewness.mean": 0.5940055847167969, "lowlevel.erbbands_skewness.stdev": 1.1987608671188354, "lowlevel.erbbands_spread.mean": 14.785402297973633, "lowlevel.erbbands_spread.stdev": 13.458699226379395, "lowlevel.hfc.mean": 26.06000328063965, "lowlevel.hfc.stdev": 21.26288604736328, "lowlevel.loudness_ebu128.integrated": -16.69414520263672, "lowlevel.loudness_ebu128.loudness_range": 2.896761894226074, "lowlevel.loudness_ebu128.momentary.mean": -21.375391006469727, "lowlevel.loudness_ebu128.momentary.stdev": 14.881974220275879, "lowlevel.loudness_ebu128.short_term.mean": -17.22559356689453, "lowlevel.loudness_ebu128.short_term.stdev": 2.158324956893921, "lowlevel.melbands_crest.mean": 14.853619575500488, "lowlevel.melbands_crest.stdev": 6.905210494995117, "lowlevel.melbands_flatness_db.mean": 0.1887664496898651, "lowlevel.melbands_flatness_db.stdev": 0.050773363560438156, "lowlevel.melbands_kurtosis.mean": 5.113198280334473, "lowlevel.melbands_kurtosis.stdev": 8.096592903137207, "lowlevel.melbands_skewness.mean": 0.41203072667121887, "lowlevel.melbands_skewness.stdev": 1.6258515119552612, "lowlevel.melbands_spread.mean": 26.84125518798828, "lowlevel.melbands_spread.stdev": 19.561847686767578, "lowlevel.pitch_salience.mean": 0.5057198405265808, "lowlevel.pitch_salience.stdev": 0.1557065099477768, "lowlevel.silence_rate_20dB.mean": 1.0, "lowlevel.silence_rate_20dB.stdev": 0.0, "lowlevel.silence_rate_30dB.mean": 1.0, "lowlevel.silence_rate_30dB.stdev": 0.0, "lowlevel.silence_rate_60dB.mean": 0.09117647260427475, "lowlevel.silence_rate_60dB.stdev": 0.2878599762916565, "lowlevel.spectral_centroid.mean": 1823.5003662109375, "lowlevel.spectral_centroid.stdev": 1010.3279418945312, "lowlevel.spectral_complexity.mean": 15.02254867553711, "lowlevel.spectral_complexity.stdev": 8.405793190002441, "lowlevel.spectral_decrease.mean": -5.0952397856462994e-09, "lowlevel.spectral_decrease.stdev": 4.737332304216579e-09, "lowlevel.spectral_energy.mean": 0.021594339981675148, "lowlevel.spectral_energy.stdev": 0.019319098442792892, "lowlevel.spectral_energyband_high.mean": 0.0006988958339206874, "lowlevel.spectral_energyband_high.stdev": 0.0010600758250802755, "lowlevel.spectral_energyband_low.mean": 0.0034371817018836737, "lowlevel.spectral_energyband_low.stdev": 0.01162231620401144, "lowlevel.spectral_energyband_middle_high.mean": 0.01392357051372528, "lowlevel.spectral_energyband_middle_high.stdev": 0.011614030227065086, "lowlevel.spectral_energyband_middle_low.mean": 0.004170617088675499, "lowlevel.spectral_energyband_middle_low.stdev": 0.007068208418786526, "lowlevel.spectral_entropy.mean": 7.53794527053833, "lowlevel.spectral_entropy.stdev": 0.4935142397880554, "lowlevel.spectral_flux.mean": 0.08250042051076889, "lowlevel.spectral_flux.stdev": 0.060495730489492416, "lowlevel.spectral_kurtosis.mean": 5.050168991088867, "lowlevel.spectral_kurtosis.stdev": 3.6768996715545654, "lowlevel.spectral_rms.mean": 0.004109522793442011, "lowlevel.spectral_rms.stdev": 0.0020443755201995373, "lowlevel.spectral_rolloff.mean": 1770.912353515625, "lowlevel.spectral_rolloff.stdev": 1801.484130859375, "lowlevel.spectral_skewness.mean": 1.6614432334899902, "lowlevel.spectral_skewness.stdev": 0.47582072019577026, "lowlevel.spectral_spread.mean": 4415338.0, "lowlevel.spectral_spread.stdev": 3729291.5, "lowlevel.spectral_strongpeak.mean": 2.8891243934631348, "lowlevel.spectral_strongpeak.stdev": 2.0879361629486084, "lowlevel.zerocrossingrate.mean": 0.07313735038042068, "lowlevel.zerocrossingrate.stdev": 0.05023513361811638, "metadata.audio_properties.analysis.equal_loudness": 0.0, "metadata.audio_properties.analysis.length": 23.658662796020508, "metadata.audio_properties.analysis.sample_rate": 44100.0, "metadata.audio_properties.analysis.start_time": 0.0, "metadata.audio_properties.bit_rate": 101593.0, "metadata.audio_properties.length": 23.658666610717773, "metadata.audio_properties.lossless": 0.0, "metadata.audio_properties.number_channels": 1.0, "metadata.audio_properties.replay_gain": -10.054786682128906, "metadata.audio_properties.sample_rate": 48000.0, "rhythm.beats_count": 49.0, "rhythm.beats_loudness.mean": 0.033786021173000336, "rhythm.beats_loudness.stdev": 0.02108384296298027, "rhythm.bpm": 128.0416717529297, "rhythm.bpm_histogram_first_peak_bpm": 129.0, "rhythm.bpm_histogram_first_peak_weight": 0.45652174949645996, "rhythm.bpm_histogram_second_peak_bpm": 117.0, "rhythm.bpm_histogram_second_peak_spread": 0.0, "rhythm.bpm_histogram_second_peak_weight": 0.0416666679084301, "rhythm.danceability": 1.0687118768692017, "rhythm.onset_rate": 3.4638993740081787, "tonal.chords_changes_rate": 0.027397260069847107, "tonal.chords_number_rate": 0.00978473573923111, "tonal.chords_strength.mean": 0.568942666053772, "tonal.chords_strength.stdev": 0.08285997807979584, "tonal.hpcp_crest.mean": 14.412888526916504, "tonal.hpcp_crest.stdev": 6.137618064880371, "tonal.hpcp_entropy.mean": 1.7566320896148682, "tonal.hpcp_entropy.stdev": 0.6852016448974609, "tonal.key_edma.strength": 0.6943417191505432, "tonal.key_krumhansl.strength": 0.6756625175476074, "tonal.key_temperley.strength": 0.6467128396034241, "tonal.tuning_diatonic_strength": 0.6226401329040527, "tonal.tuning_equal_tempered_deviation": 0.09815128892660141, "tonal.tuning_frequency": 438.7310485839844, "tonal.tuning_nontempered_energy_ratio": 0.6505485773086548, "lowlevel.barkbands.mean": [0.00010288117482559755, 0.0011781684588640928, 0.0015853631775826216, 0.00082247523823753, 0.0004757581918966025, 0.0005717420135624707, 0.0008557277033105493, 0.0006644807290285826, 0.0006968359230086207, 0.0007204603170976043, 0.0009862383594736457, 0.001441110740415752, 0.006491590291261673, 0.0021447204053401947, 0.0007571254391223192, 0.000936067895963788, 0.00021667177497874945, 0.00010185579594690353, 7.141519745346159e-05, 0.00033784855622798204, 0.00015451338549610227, 7.242016727104783e-05, 6.737435614923015e-05, 6.752142508048564e-05, 7.362339238170534e-05, 3.686829472826503e-07, 6.509018324329929e-10], "lowlevel.barkbands.stdev": [0.000270300341071561, 0.003470087656751275, 0.007014339789748192, 0.003788797417655587, 0.0012517152354121208, 0.0014866988640278578, 0.0033906162716448307, 0.0017172974767163396, 0.0020459704101085663, 0.002408467000350356, 0.003497061552479863, 0.002194018568843603, 0.0065707070752978325, 0.002239937661215663, 0.0011092856293544173, 0.002993319183588028, 0.0005039914976805449, 0.0001791132817743346, 0.0001445310772396624, 0.0005728633259423077, 0.0002496491651982069, 0.0001714618701953441, 0.00016723819135222584, 0.00013659022806677967, 0.00015931305824778974, 1.6507073041793774e-06, 1.1394556409527468e-09], "lowlevel.erbbands.mean": [0.04169090464711189, 0.25064268708229065, 1.461005687713623, 2.8127949237823486, 1.6639446020126343, 1.6829965114593506, 2.770468235015869, 5.711297512054443, 11.633618354797363, 12.125896453857422, 16.416059494018555, 17.719568252563477, 13.734785079956055, 35.30595779418945, 47.588111877441406, 87.8996353149414, 306.7621765136719, 83.76476287841797, 92.84715270996094, 40.21055603027344, 44.87379455566406, 14.134703636169434, 6.172579765319824, 4.533516883850098, 4.245448112487793, 16.265466690063477, 12.295036315917969, 3.487687110900879, 2.721564531326294, 2.2028074264526367, 1.8866921663284302, 1.6107076406478882, 1.0050703287124634, 0.8954361081123352, 0.4753754138946533, 0.029991846531629562, 0.0007910386193543673, 5.6869324907893315e-05, 1.9879587853210978e-05, 2.8347785701043904e-05], "lowlevel.erbbands.stdev": [0.10834482312202454, 0.9248624444007874, 6.404078483581543, 12.498136520385742, 6.554336071014404, 3.938436269760132, 5.501087665557861, 16.34717559814453, 49.635353088378906, 38.88581085205078, 41.99882888793945, 50.95344543457031, 45.98572540283203, 119.7845230102539, 103.66484069824219, 88.92288970947266, 308.1016845703125, 84.23666381835938, 93.13777923583984, 85.26280975341797, 144.7517547607422, 32.85225296020508, 10.47018051147461, 9.188828468322754, 6.940988540649414, 27.914976119995117, 21.34414291381836, 6.937189102172852, 6.412994861602783, 5.1395697593688965, 4.843749046325684, 3.5031018257141113, 1.9861407279968262, 2.033447742462158, 0.9986507892608643, 0.06530140340328217, 0.0016694244695827365, 0.00011028336302842945, 2.0646879420382902e-05, 2.422031138848979e-05], "lowlevel.gfcc.mean": [-104.36749267578125, 60.86948776245117, -179.4612579345703, 15.773124694824219, -62.18171691894531, 36.97108840942383, -48.57088851928711, -13.063026428222656, -28.902141571044922, 11.952208518981934, 4.254435062408447, -15.696840286254883, 4.762099742889404], "lowlevel.melbands.mean": [0.00033773353789001703, 0.0006207067053765059, 0.00043731657206080854, 0.00011544431617949158, 9.269302972825244e-05, 0.00012854105443693697, 0.00017094571376219392, 0.00013550565927289426, 0.00014428790018428117, 9.594139555701986e-05, 6.851512443972751e-05, 0.00014130040653981268, 0.00015162651834543794, 0.00015529415395576507, 0.0006292868056334555, 0.00043328615720383823, 0.0001491505972808227, 0.00018912836094386876, 4.451302083907649e-05, 6.873875099699944e-05, 4.308704228606075e-05, 1.4844240467937198e-05, 6.791595296817832e-06, 4.530184014583938e-06, 3.592142093111761e-06, 2.393412842138787e-06, 4.369085218058899e-06, 1.298564802709734e-05, 9.90489570540376e-06, 3.0465953386737965e-06, 1.7003957282213378e-06, 1.599620986780792e-06, 1.3167137922209804e-06, 1.2100823596483679e-06, 1.1616450592555339e-06, 9.262199114346004e-07, 9.765882396095549e-07, 6.803939527344482e-07, 6.794288083256106e-07, 7.860263053771632e-07], "lowlevel.melbands.stdev": [0.0008944033179432154, 0.002589152893051505, 0.0018768825102597475, 0.0003352529020048678, 0.00017483619740232825, 0.0003464745241217315, 0.0007233955548144877, 0.0003901612653862685, 0.00037320295814424753, 0.0002819865185301751, 0.0002542325237300247, 0.0004743254976347089, 0.00042604294139891863, 0.0002513049403205514, 0.0006309350719675422, 0.00050893216393888, 0.00016147489077411592, 0.00019784389587584883, 6.840277637820691e-05, 0.00021706178085878491, 0.00014172765077091753, 3.734052734216675e-05, 1.3332743037608452e-05, 8.208987310354132e-06, 7.92107584857149e-06, 4.836586867895676e-06, 7.217216534627369e-06, 2.3709380911896005e-05, 1.9300676285638474e-05, 4.942878149449825e-06, 4.438897121872287e-06, 3.987105174019234e-06, 3.208609768989845e-06, 2.944091875178856e-06, 3.2108748655446107e-06, 2.167334514524555e-06, 2.0866855265921913e-06, 1.3322020322448225e-06, 1.4930944871593965e-06, 1.8366458789387252e-06], "lowlevel.melbands128.mean": [9.62798876571469e-05, 0.000369750167010352, 0.0003805756859946996, 0.00038802361814305186, 0.0006445981562137604, 0.0008094009826891124, 0.0006447680643759668, 0.00031519716139882803, 0.00012624880764633417, 0.00012925219198223203, 8.592584345024079e-05, 6.739820673828945e-05, 7.542160165030509e-05, 0.00014685644418932498, 0.00014419012586586177, 8.174558024620637e-05, 0.00018202932551503181, 0.000216723870835267, 0.00011084936704719439, 0.00013775653496850282, 0.00014193705283105373, 0.0001513938041171059, 0.0001119742591981776, 0.00018348055891692638, 0.00015978545707184821, 3.312579792691395e-05, 2.004324778681621e-05, 5.701800910173915e-05, 0.00012786457955371588, 0.00012764941493514925, 0.00014328121324069798, 0.00017701799515634775, 0.00013858434977009892, 0.00010928276606136933, 0.0002590540680103004, 0.00011927697050850838, 8.334364247275516e-05, 0.0002959147677756846, 0.0015633002622053027, 0.0006184779340401292, 0.0001526317500974983, 9.180339111480862e-05, 7.233475480461493e-05, 0.00016619467351119965, 0.0004164070705883205, 0.00012153476563980803, 6.629560812143609e-05, 3.4982975193997845e-05, 3.6918107070960104e-05, 5.300548582454212e-05, 6.813556683482602e-05, 9.436414256924763e-05, 5.9444129874464124e-05, 1.8382292182650417e-05, 1.2166143278591335e-05, 1.9577133571146987e-05, 1.1283738786005415e-05, 6.665868113486795e-06, 5.824590516567696e-06, 5.361522198654711e-06, 4.170270130998688e-06, 4.1111770769930445e-06, 4.51331288786605e-06, 3.3569235711183865e-06, 2.293989837198751e-06, 2.2019289644958917e-06, 2.648677764227614e-06, 2.3144275473896414e-06, 4.0001532397582196e-06, 8.109683221846353e-06, 1.3173896149965003e-05, 1.6021751434891485e-05, 1.362018065265147e-05, 9.087783837458119e-06, 5.08912398800021e-06, 3.663730467451387e-06, 1.862059548329853e-06, 1.1723379884642782e-06, 2.064533418888459e-06, 1.570648350934789e-06, 1.9399940356379375e-06, 1.5021350918686949e-06, 1.07222251699568e-06, 1.6715854371796013e-06, 1.0297464996256167e-06, 1.1334384453220991e-06, 1.2349415783319273e-06, 1.4053832728677662e-06, 1.249415163329104e-06, 9.299611178903433e-07, 8.220139307013596e-07, 8.599162697464635e-07, 1.2061805136909243e-06, 1.1553208878467558e-06, 6.787230404370348e-07, 7.080333830344898e-07, 6.620704766646668e-07, 6.931519465069869e-07, 5.844752877237624e-07, 7.353192472692172e-07, 8.366361612388573e-07, 8.416214427597879e-07, 5.822826665280445e-07, 8.737019925320055e-07, 5.839766572535154e-07, 4.917106934954063e-07, 1.120594603776226e-07, 1.7754238967881975e-08, 9.34385416262451e-11, 6.665686232143475e-12, 4.002923860435548e-12, 3.8267683293014e-12, 3.652410839050102e-12, 3.506369456937608e-12, 3.3710198261288626e-12, 3.2608640180425974e-12, 3.159644854783261e-12, 3.0666710490456772e-12, 2.9851815463999287e-12, 2.9001811802792377e-12, 2.8248228409188947e-12, 2.7681995150991012e-12, 2.715601181424443e-12, 2.662071734924054e-12, 2.576043111462978e-12, 2.4665892158631797e-12, 2.402193895190141e-12, 2.3823996161270733e-12], "lowlevel.melbands128.stdev": [0.00025668719899840653, 0.001001249998807907, 0.0011516755912452936, 0.0016480409540235996, 0.0029353105928748846, 0.0036094849929213524, 0.0029399695340543985, 0.0014513995265588164, 0.0005737783503718674, 0.00033860732219181955, 0.00021195854060351849, 0.00016332634550053626, 0.00016504699306096882, 0.0004000411427114159, 0.0005161153967492282, 0.00030956484260968864, 0.0008113628136925399, 0.0011676091235131025, 0.00046211163862608373, 0.0006643088418059051, 0.00040475104469805956, 0.00046185930841602385, 0.0005001278477720916, 0.000627003435511142, 0.0005384256364777684, 0.00011334468581480905, 8.628393698018044e-05, 0.00026439729845151305, 0.0006065206252969801, 0.0005057372618466616, 0.0008212003158405423, 0.0007630318868905306, 0.0006222713273018599, 0.0003201595100108534, 0.0005712146521545947, 0.00022879209427628666, 0.00016263852012343705, 0.0006059661391191185, 0.001632777159102261, 0.000901313207577914, 0.0004850724362768233, 0.0003344050783198327, 0.00017179545830003917, 0.00021044115419499576, 0.0005491714109666646, 0.00020827713888138533, 0.00012613722356036305, 8.851548773236573e-05, 7.737895793979988e-05, 0.00017026856949087232, 0.0003147390380036086, 0.0004816710716113448, 0.00021083449246361852, 4.341239036875777e-05, 3.120841574855149e-05, 6.393815419869497e-05, 4.1270803194493055e-05, 1.3976730770082213e-05, 1.293420973524917e-05, 1.1608439308474772e-05, 8.637741302663926e-06, 9.407001925865188e-06, 1.2322039765422232e-05, 8.624542715551797e-06, 7.1429258241551e-06, 5.146890543983318e-06, 4.981998699804535e-06, 4.534108938969439e-06, 8.173889909812715e-06, 1.4369150449056178e-05, 3.114069841103628e-05, 3.4045060601783916e-05, 3.410015415283851e-05, 2.0919807866448537e-05, 9.10718063096283e-06, 6.508204933197703e-06, 3.993288828496588e-06, 2.817957010847749e-06, 6.206368652783567e-06, 4.61493118564249e-06, 5.425994459073991e-06, 3.862722223857418e-06, 2.739367346293875e-06, 4.552842256089207e-06, 2.5856450065475656e-06, 2.9701536732318345e-06, 3.0568767215299886e-06, 4.41317206423264e-06, 3.7880604395468254e-06, 2.516297627153108e-06, 2.0346351448097266e-06, 2.181311629101401e-06, 2.967259206343442e-06, 2.7447647426015465e-06, 1.3608741937787272e-06, 1.3741291695623659e-06, 1.4823035598965362e-06, 1.63858544510731e-06, 1.295872607443016e-06, 1.7534538301333669e-06, 2.273554400744615e-06, 2.040481376752723e-06, 1.393125785398297e-06, 2.0366346689115744e-06, 1.2351922578091035e-06, 1.1076180044256034e-06, 2.763268298622279e-07, 6.600798485578707e-08, 1.2030502150039979e-09, 4.370064379810579e-11, 6.960294753749485e-12, 6.654503337255591e-12, 6.381002930905266e-12, 6.134878195729332e-12, 5.9114887464295496e-12, 5.705695031027469e-12, 5.514365006287214e-12, 5.3446249162480974e-12, 5.188236559122705e-12, 5.050383722338125e-12, 4.9238898548742416e-12, 4.812491551098308e-12, 4.7146171515410895e-12, 4.630799216309711e-12, 4.5599348949543206e-12, 4.50589088610287e-12, 4.46531700504238e-12, 4.440366477287405e-12], "lowlevel.mfcc.mean": [-715.814453125, 84.86341857910156, -45.6080322265625, -18.390987396240234, 2.056804895401001, 23.501649856567383, 7.3636040687561035, -23.256919860839844, -13.907143592834473, -0.22275547683238983, -4.671051502227783, 9.125923156738281, 2.9492366313934326], "lowlevel.spectral_contrast_coeffs.mean": [-0.7139376401901245, -0.7614741325378418, -0.7549987435340881, -0.7238566875457764, -0.8112425804138184, -0.7970878481864929], "lowlevel.spectral_contrast_coeffs.stdev": [0.10027967393398285, 0.10499832779169083, 0.08256534487009048, 0.08007446676492691, 0.048087798058986664, 0.041169505566358566], "lowlevel.spectral_contrast_valleys.mean": [-8.926803588867188, -8.163607597351074, -8.076936721801758, -7.664139270782471, -8.189834594726562, -10.769585609436035], "lowlevel.spectral_contrast_valleys.stdev": [2.5221784114837646, 2.4413466453552246, 2.4410886764526367, 2.5131795406341553, 2.3213346004486084, 2.087803840637207], "rhythm.beats_loudness_band_ratio.mean": [0.4989013373851776, 0.026580970734357834, 0.0484236441552639, 0.25074759125709534, 0.1519792675971985, 0.03192823380231857], "rhythm.beats_loudness_band_ratio.stdev": [0.3367593288421631, 0.026708269491791725, 0.0731196179986, 0.20715638995170593, 0.20993046462535858, 0.05418028309941292], "tonal.hpcp.mean": [0.14191171526908875, 0.08221493661403656, 0.07387380301952362, 0.07889518141746521, 0.061902713030576706, 0.10070040076971054, 0.12114124000072479, 0.08031316101551056, 0.0627647414803505, 0.05580698698759079, 0.05684536695480347, 0.15355035662651062, 0.1755344271659851, 0.08609291166067123, 0.06899075955152512, 0.06492739170789719, 0.0463537760078907, 0.06414478272199631, 0.09037701785564423, 0.08548722416162491, 0.38265785574913025, 0.6522417068481445, 0.35605061054229736, 0.14982816576957703, 0.14757974445819855, 0.08560698479413986, 0.0942908525466919, 0.07803307473659515, 0.04769681766629219, 0.05191262066364288, 0.056368183344602585, 0.07070249319076538, 0.23450465500354767, 0.3099886476993561, 0.16550080478191376, 0.13389775156974792], "tonal.hpcp.stdev": [0.20323917269706726, 0.1340046525001526, 0.17641401290893555, 0.1807888150215149, 0.13987576961517334, 0.19133247435092926, 0.21068088710308075, 0.16648082435131073, 0.15851068496704102, 0.12657271325588226, 0.11286471039056778, 0.20282088220119476, 0.23176094889640808, 0.14137104153633118, 0.13784870505332947, 0.1385953426361084, 0.11241766065359116, 0.1357724517583847, 0.19572095572948456, 0.1732214242219925, 0.25871554017066956, 0.3778097331523895, 0.24102959036827087, 0.27023398876190186, 0.2549630105495453, 0.17022500932216644, 0.1872880607843399, 0.1676938831806183, 0.12098359316587448, 0.12004435807466507, 0.12694025039672852, 0.13871006667613983, 0.2676580548286438, 0.34244075417518616, 0.21735048294067383, 0.2047737091779709], "rhythm.beats_position": [0.5108389854431152, 1.0216779708862305, 1.5325169563293457, 2.008526086807251, 2.4845352172851562, 2.9489340782165527, 3.4133331775665283, 3.877732276916504, 4.342131614685059, 4.818140506744385, 5.294149398803711, 5.758548736572266, 6.234557628631592, 6.710566997528076, 7.174965858459473, 7.639364719390869, 8.103763580322266, 8.56816291809082, 9.044172286987305, 9.520181655883789, 9.984580039978027, 10.448979377746582, 10.924988746643066, 11.400997161865234, 11.865396499633789, 12.329795837402344, 12.794195175170898, 13.258593559265137, 13.722992897033691, 14.199002265930176, 14.663400650024414, 15.139410018920898, 15.603809356689453, 16.068208694458008, 16.532608032226562, 17.008617401123047, 17.4846248626709, 17.960634231567383, 18.436643600463867, 18.901042938232422, 19.365442276000977, 19.82984161376953, 20.294239044189453, 20.758638381958008, 21.211427688598633, 21.664216995239258, 22.140226364135742, 22.616235733032227, 23.09224510192871], "rhythm.bpm_histogram": [0.0, 0.0, 0.0, 0.0, 0.0, 0.0, 0.0, 0.0, 0.0, 0.0, 0.0, 0.0, 0.0, 0.0, 0.0, 0.0, 0.0, 0.0, 0.0, 0.0, 0.0, 0.0, 0.0, 0.0, 0.0, 0.0, 0.0, 0.0, 0.0, 0.0, 0.0, 0.0, 0.0, 0.0, 0.0, 0.0, 0.0, 0.0, 0.0, 0.0, 0.0, 0.0, 0.0, 0.0, 0.0, 0.0, 0.0, 0.0, 0.0, 0.0, 0.0, 0.0, 0.0, 0.0, 0.0, 0.0, 0.0, 0.0, 0.0, 0.0, 0.0, 0.0, 0.0, 0.0, 0.0, 0.0, 0.0, 0.0, 0.0, 0.0, 0.0, 0.0, 0.0, 0.0, 0.0, 0.0, 0.0, 0.0, 0.0, 0.0, 0.0, 0.0, 0.0, 0.0, 0.0, 0.0, 0.0, 0.0, 0.0, 0.0, 0.0, 0.0, 0.0, 0.0, 0.0, 0.0, 0.0, 0.0, 0.0, 0.0, 0.0, 0.0, 0.0, 0.0, 0.0, 0.0, 0.0, 0.0, 0.0, 0.0, 0.0, 0.0, 0.0, 0.0, 0.0, 0.0, 0.0, 0.0416666679084301, 0.0, 0.0, 0.0, 0.0, 0.0, 0.0, 0.0, 0.0, 0.3958333432674408, 0.0, 0.0, 0.5208333134651184, 0.0, 0.0, 0.0, 0.0416666679084301, 0.0, 0.0, 0.0, 0.0, 0.0, 0.0, 0.0, 0.0, 0.0, 0.0, 0.0, 0.0, 0.0, 0.0, 0.0, 0.0, 0.0, 0.0, 0.0, 0.0, 0.0, 0.0, 0.0, 0.0, 0.0, 0.0, 0.0, 0.0, 0.0, 0.0, 0.0, 0.0, 0.0, 0.0, 0.0, 0.0, 0.0, 0.0, 0.0, 0.0, 0.0, 0.0, 0.0, 0.0, 0.0, 0.0, 0.0, 0.0, 0.0, 0.0, 0.0, 0.0, 0.0, 0.0, 0.0, 0.0, 0.0, 0.0, 0.0, 0.0, 0.0, 0.0, 0.0, 0.0, 0.0, 0.0, 0.0, 0.0, 0.0, 0.0, 0.0, 0.0, 0.0, 0.0, 0.0, 0.0, 0.0, 0.0, 0.0, 0.0, 0.0, 0.0, 0.0, 0.0, 0.0, 0.0, 0.0, 0.0, 0.0, 0.0, 0.0, 0.0, 0.0, 0.0, 0.0, 0.0, 0.0, 0.0, 0.0, 0.0, 0.0, 0.0, 0.0, 0.0, 0.0, 0.0, 0.0, 0.0, 0.0, 0.0, 0.0, 0.0, 0.0, 0.0, 0.0, 0.0], "tonal.chords_histogram": [56.751468658447266, 9.001956939697266, 28.180038452148438, 0.0, 0.0, 0.0, 0.0, 0.0, 0.0, 0.0, 0.0, 0.0, 0.0, 0.0, 0.0, 0.0, 0.0, 1.5655577182769775, 0.0, 4.500978469848633, 0.0, 0.0, 0.0, 0.0], "tonal.thpcp": [1.0, 0.5458875298500061, 0.22971263527870178, 0.22626541554927826, 0.13125039637088776, 0.14456428587436676, 0.11963827908039093, 0.07312751561403275, 0.07959108054637909, 0.08642222732305527, 0.10839921981096268, 0.35953643918037415, 0.4752665162086487, 0.2537415325641632, 0.20528854429721832, 0.217575341463089, 0.12604980170726776, 0.1132613942027092, 0.12096003443002701, 0.09490762650966644, 0.15439122915267944, 0.18573059141635895, 0.12313404679298401, 0.09622927010059357, 0.08556181937456131, 0.0871538370847702, 0.2354194074869156, 0.2691248059272766, 0.13199540972709656, 0.10577483475208282, 0.09954498708248138, 0.07106839865446091, 0.09834510833024979, 0.13856369256973267, 0.13106678426265717, 0.586681067943573], "lowlevel.gfcc.cov": [[41035.1796875, 4002.381103515625, -4361.63525390625, -776.8555297851562, -1396.38037109375, 356.9549255371094, -830.8319091796875, -1363.771484375, -981.02734375, 8.393674850463867, 432.1669006347656, -961.85302734375, -96.65005493164062], [4002.381103515625, 2066.0712890625, 54.717647552490234, 166.54542541503906, 434.528564453125, 68.44847869873047, 445.47271728515625, -23.270328521728516, -32.10009765625, -224.61627197265625, 116.78913879394531, -299.1407470703125, 17.884838104248047], [-4361.63525390625, 54.717647552490234, 1663.1514892578125, 522.8599243164062, 241.78060913085938, 335.9478759765625, 352.8867492675781, 435.88128662109375, -4.365077972412109, -44.990867614746094, -183.83258056640625, 77.92240142822266, -171.56207275390625], [-776.8555297851562, 166.54542541503906, 522.8599243164062, 539.0908813476562, 312.1937255859375, 190.005615234375, 69.88848876953125, 97.53886413574219, 85.63068389892578, -6.43970251083374, -50.403656005859375, 42.647525787353516, -24.686702728271484], [-1396.38037109375, 434.528564453125, 241.78060913085938, 312.1937255859375, 621.6904296875, 146.29660034179688, 207.21128845214844, -14.416497230529785, 132.46531677246094, -29.907520294189453, 75.06979370117188, 13.772547721862793, 60.68230056762695], [356.9549255371094, 68.44847869873047, 335.9478759765625, 190.005615234375, 146.29660034179688, 413.26019287109375, 176.27931213378906, 62.38494110107422, -80.84629821777344, 2.6961355209350586, -26.374221801757812, 14.937411308288574, -55.91049575805664], [-830.8319091796875, 445.47271728515625, 352.8867492675781, 69.88848876953125, 207.21128845214844, 176.27931213378906, 492.6314392089844, 275.1933898925781, 7.148343563079834, -78.62115478515625, 24.327356338500977, -73.66455841064453, 5.55583381652832], [-1363.771484375, -23.270328521728516, 435.88128662109375, 97.53886413574219, -14.416497230529785, 62.38494110107422, 275.1933898925781, 451.6948547363281, 79.27450561523438, 34.68238067626953, -36.26274490356445, 10.29249382019043, -14.360895156860352], [-981.02734375, -32.10009765625, -4.365077972412109, 85.63068389892578, 132.46531677246094, -80.84629821777344, 7.148343563079834, 79.27450561523438, 228.68280029296875, 83.31825256347656, 55.07185363769531, 48.86648178100586, 46.70783233642578], [8.393674850463867, -224.61627197265625, -44.990867614746094, -6.43970251083374, -29.907520294189453, 2.6961355209350586, -78.62115478515625, 34.68238067626953, 83.31825256347656, 171.64987182617188, 68.09037780761719, 81.03460693359375, 27.10769271850586], [432.1669006347656, 116.78913879394531, -183.83258056640625, -50.403656005859375, 75.06979370117188, -26.374221801757812, 24.327356338500977, -36.26274490356445, 55.07185363769531, 68.09037780761719, 147.2742156982422, 36.893245697021484, 65.7947006225586], [-961.85302734375, -299.1407470703125, 77.92240142822266, 42.647525787353516, 13.772547721862793, 14.937411308288574, -73.66455841064453, 10.29249382019043, 48.86648178100586, 81.03460693359375, 36.893245697021484, 139.8214874267578, 38.06146240234375], [-96.65005493164062, 17.884838104248047, -171.56207275390625, -24.686702728271484, 60.68230056762695, -55.91049575805664, 5.55583381652832, -14.360895156860352, 46.70783233642578, 27.10769271850586, 65.7947006225586, 38.06146240234375, 109.44339752197266]], "lowlevel.gfcc.icov": [[0.00020034730550833046, -0.0006307272706180811, 0.0007024364313110709, -0.0004628049209713936, 0.0006747920997440815, -0.0006651388248428702, 0.00044224722660146654, -0.00019884423818439245, 0.000523392460308969, -0.0006464385660365224, -8.769060514168814e-05, 0.0001198206446133554, 0.0004620425752364099], [-0.0006307272706180811, 0.0033835633657872677, -0.0026322563644498587, 0.0008857045322656631, -0.0022439048625528812, 0.002119758166372776, -0.0015274620382115245, 0.0008851686725392938, -0.0015814467333257198, 0.0030535354744642973, -0.002450210740789771, 0.003266279585659504, -0.0022599920630455017], [0.0007024364313110709, -0.0026322563644498587, 0.004865685943514109, -0.0028263404965400696, 0.0017470180755481124, -0.001397892483510077, -0.0002946602471638471, -0.001493012416176498, 0.0031450409442186356, -0.0033138045109808445, 0.0025844962801784277, -0.0040803817100822926, 0.0055204699747264385], [-0.0004628049209713936, 0.0008857045322656631, -0.0028263404965400696, 0.006450204644352198, -0.0035280254669487476, -0.0008846389828249812, 0.0023977116215974092, -0.0011143336305394769, -0.0031172442249953747, 0.0028732484206557274, 0.0012364783324301243, -0.00015217227337416261, -0.002364460611715913], [0.0006747920997440815, -0.0022439048625528812, 0.0017470180755481124, -0.0035280254669487476, 0.007363351061940193, -0.0031648469157516956, -0.0007468343246728182, 0.0022721642162650824, -0.001443802728317678, -0.0009508858202025294, -0.0016908443067222834, 0.0007270823116414249, -0.0008427037391811609], [-0.0006651388248428702, 0.002119758166372776, -0.001397892483510077, -0.0008846389828249812, -0.0031648469157516956, 0.008900327607989311, -0.006327721290290356, 0.0023319702595472336, 0.002670064102858305, -0.0026939711533486843, 0.0031221548561006784, -0.004057517275214195, 0.002666069893166423], [0.00044224722660146654, -0.0015274620382115245, -0.0002946602471638471, 0.0023977116215974092, -0.0007468343246728182, -0.006327721290290356, 0.012959497980773449, -0.007272048387676477, -5.037281169961716e-08, 0.005437682848423719, -0.007150016259402037, 0.0069166021421551704, -0.003165318164974451], [-0.00019884423818439245, 0.0008851686725392938, -0.001493012416176498, -0.0011143336305394769, 0.0022721642162650824, 0.0023319702595472336, -0.007272048387676477, 0.008532113395631313, -0.0027134031988680363, -0.003461696906015277, 0.0036394076887518167, -0.0008694085408933461, -0.001361958566121757], [0.000523392460308969, -0.0015814467333257198, 0.0031450409442186356, -0.0031172442249953747, -0.001443802728317678, 0.002670064102858305, -5.037281169961716e-08, -0.0027134031988680363, 0.012470660731196404, -0.007112048100680113, 0.0006827301112934947, -0.0018810962792485952, 0.0034392874222248793], [-0.0006464385660365224, 0.0030535354744642973, -0.0033138045109808445, 0.0028732484206557274, -0.0009508858202025294, -0.0026939711533486843, 0.005437682848423719, -0.003461696906015277, -0.007112048100680113, 0.01982944831252098, -0.010935796424746513, 0.0012328646844252944, -0.0029263999313116074], [-8.769060514168814e-05, -0.002450210740789771, 0.0025844962801784277, 0.0012364783324301243, -0.0016908443067222834, 0.0031221548561006784, -0.007150016259402037, 0.0036394076887518167, 0.0006827301112934947, -0.010935796424746513, 0.02382804825901985, -0.012145936489105225, 0.0003427854971960187], [0.0001198206446133554, 0.003266279585659504, -0.0040803817100822926, -0.00015217227337416261, 0.0007270823116414249, -0.004057517275214195, 0.0069166021421551704, -0.0008694085408933461, -0.0018810962792485952, 0.0012328646844252944, -0.012145936489105225, 0.027665937319397926, -0.011621983721852303], [0.0004620425752364099, -0.0022599920630455017, 0.0055204699747264385, -0.002364460611715913, -0.0008427037391811609, 0.002666069893166423, -0.003165318164974451, -0.001361958566121757, 0.0034392874222248793, -0.0029263999313116074, 0.0003427854971960187, -0.011621983721852303, 0.02293894998729229]], "lowlevel.mfcc.cov": [[29364.765625, 3375.085205078125, -1958.4111328125, -1309.886962890625, -684.18798828125, 282.1522521972656, 53.8953742980957, -1339.0750732421875, -960.0086669921875, -302.8353271484375, -560.79833984375, 207.87820434570312, -211.7305450439453], [3375.085205078125, 1814.998291015625, -153.57925415039062, 173.8005828857422, 40.866661071777344, 100.9189224243164, 448.11822509765625, 112.56632995605469, -2.250871181488037, 174.26931762695312, -26.47869110107422, 9.153367042541504, -60.71536636352539], [-1958.4111328125, -153.57925415039062, 1176.912109375, 296.57666015625, 44.469505310058594, 69.69497680664062, 238.84335327148438, 388.3089599609375, 165.61825561523438, 100.11251831054688, 209.65634155273438, -93.53569030761719, -59.32008743286133], [-1309.886962890625, 173.8005828857422, 296.57666015625, 475.6539306640625, 283.921630859375, 80.65321350097656, 73.61198425292969, 191.6826629638672, 166.81932067871094, 81.0123519897461, 66.77975463867188, 13.43765926361084, 29.042842864990234], [-684.18798828125, 40.866661071777344, 44.469505310058594, 283.921630859375, 393.8580627441406, 239.54580688476562, -8.967339515686035, 43.64973831176758, 75.84388732910156, -8.925568580627441, 39.9633674621582, 36.1330680847168, 51.352630615234375], [282.1522521972656, 100.9189224243164, 69.69497680664062, 80.65321350097656, 239.54580688476562, 429.7029724121094, 107.48717498779297, 36.13096618652344, -19.12993621826172, -47.84078598022461, 62.9425163269043, -50.82741928100586, -17.56943130493164], [53.8953742980957, 448.11822509765625, 238.84335327148438, 73.61198425292969, -8.967339515686035, 107.48717498779297, 486.0368957519531, 279.5284118652344, 88.20733642578125, 144.88104248046875, 59.67817687988281, -8.232932090759277, -61.70498275756836], [-1339.0750732421875, 112.56632995605469, 388.3089599609375, 191.6826629638672, 43.64973831176758, 36.13096618652344, 279.5284118652344, 353.8890380859375, 173.7346954345703, 137.30189514160156, 98.18077087402344, -29.882944107055664, -34.66421890258789], [-960.0086669921875, -2.250871181488037, 165.61825561523438, 166.81932067871094, 75.84388732910156, -19.12993621826172, 88.20733642578125, 173.7346954345703, 188.5157012939453, 116.42924499511719, 55.796321868896484, 46.679534912109375, 23.072418212890625], [-302.8353271484375, 174.26931762695312, 100.11251831054688, 81.0123519897461, -8.925568580627441, -47.84078598022461, 144.88104248046875, 137.30189514160156, 116.42924499511719, 164.34893798828125, 48.146366119384766, 36.58475875854492, -1.5582935810089111], [-560.79833984375, -26.47869110107422, 209.65634155273438, 66.77975463867188, 39.9633674621582, 62.9425163269043, 59.67817687988281, 98.18077087402344, 55.796321868896484, 48.146366119384766, 123.88502502441406, 24.902408599853516, 19.423646926879883], [207.87820434570312, 9.153367042541504, -93.53569030761719, 13.43765926361084, 36.1330680847168, -50.82741928100586, -8.232932090759277, -29.882944107055664, 46.679534912109375, 36.58475875854492, 24.902408599853516, 186.43817138671875, 100.49622344970703], [-211.7305450439453, -60.71536636352539, -59.32008743286133, 29.042842864990234, 51.352630615234375, -17.56943130493164, -61.70498275756836, -34.66421890258789, 23.072418212890625, -1.5582935810089111, 19.423646926879883, 100.49622344970703, 127.20441436767578]], "lowlevel.mfcc.icov": [[8.080001862253994e-05, -0.00018233794253319502, -6.259653309825808e-05, 0.00012715916091110557, 0.0001604421850061044, -0.00021288689458742738, 7.574488699901849e-05, 0.00023904046975076199, -1.3407083315541968e-05, 1.3166201824788004e-05, 0.0002251861587865278, -0.0003129949327558279, 0.0002124305465258658], [-0.00018233794253319502, 0.0014666211791336536, 0.0004984788247384131, -0.0013939258642494678, 2.4408651370322332e-05, 0.00029658066341653466, -0.0013104071840643883, 4.983356120646931e-05, 0.0011897713411599398, -0.0012143678031861782, -0.00031543150544166565, 0.0006914229015819728, -0.00037249017623253167], [-6.259653309825808e-05, 0.0004984788247384131, 0.002128111431375146, -0.0014858273789286613, 0.0006916518905200064, 0.00037211261224001646, -0.0005854984046891332, -0.0011290590045973659, 0.0002687749802134931, 0.0008383060339838266, -0.0029008600395172834, 0.0009930619271472096, 0.00026578502729535103], [0.00012715916091110557, -0.0013939258642494678, -0.0014858273789286613, 0.008331186138093472, -0.00612306734547019, 0.0020518156234174967, 0.0012091699754819274, -0.0013186277355998755, -0.0026777840685099363, 0.00031037593726068735, 0.0006621443317271769, 0.0008992318762466311, -0.000388245825888589], [0.0001604421850061044, 2.4408651370322332e-05, 0.0006916518905200064, -0.00612306734547019, 0.011478384956717491, -0.0066454652696847916, 0.0015906639164313674, 0.0005603398894891143, -0.0010849670507013798, 0.0005174742545932531, 0.0023043048568069935, -0.0033247030805796385, -0.0001502520899521187], [-0.00021288689458742738, 0.00029658066341653466, 0.00037211261224001646, 0.0020518156234174967, -0.0066454652696847916, 0.008101738058030605, -0.0035714965779334307, 0.0013735295506194234, -0.0006198997143656015, 0.0031936392188072205, -0.005741781555116177, 0.004386281594634056, -0.0005011254106648266], [7.574488699901849e-05, -0.0013104071840643883, -0.0005854984046891332, 0.0012091699754819274, 0.0015906639164313674, -0.0035714965779334307, 0.008797304704785347, -0.007772936951369047, 0.003906233236193657, -0.0038342890329658985, 0.003915478475391865, -0.004425306338816881, 0.002108098240569234], [0.00023904046975076199, 4.983356120646931e-05, -0.0011290590045973659, -0.0013186277355998755, 0.0005603398894891143, 0.0013735295506194234, -0.007772936951369047, 0.017529703676700592, -0.01024649664759636, 0.0018198906909674406, -0.004360707011073828, 0.0048444694839417934, -0.00011447924771346152], [-1.3407083315541968e-05, 0.0011897713411599398, 0.0002687749802134931, -0.0026777840685099363, -0.0010849670507013798, -0.0006198997143656015, 0.003906233236193657, -0.01024649664759636, 0.022435279563069344, -0.01097374502569437, 0.0032581945415586233, -0.005062363110482693, 3.546019070199691e-05], [1.3166201824788004e-05, -0.0012143678031861782, 0.0008383060339838266, 0.00031037593726068735, 0.0005174742545932531, 0.0031936392188072205, -0.0038342890329658985, 0.0018198906909674406, -0.01097374502569437, 0.018993116915225983, -0.005911875981837511, 0.00034720636904239655, 0.0014820487704128027], [0.0002251861587865278, -0.00031543150544166565, -0.0029008600395172834, 0.0006621443317271769, 0.0023043048568069935, -0.005741781555116177, 0.003915478475391865, -0.004360707011073828, 0.0032581945415586233, -0.005911875981837511, 0.01952982321381569, -0.005818073637783527, -0.0013410174287855625], [-0.0003129949327558279, 0.0006914229015819728, 0.0009930619271472096, 0.0008992318762466311, -0.0033247030805796385, 0.004386281594634056, -0.004425306338816881, 0.0048444694839417934, -0.005062363110482693, 0.00034720636904239655, -0.005818073637783527, 0.015489443205296993, -0.009238009341061115], [0.0002124305465258658, -0.00037249017623253167, 0.00026578502729535103, -0.000388245825888589, -0.0001502520899521187, -0.0005011254106648266, 0.002108098240569234, -0.00011447924771346152, 3.546019070199691e-05, 0.0014820487704128027, -0.0013410174287855625, -0.009238009341061115, 0.01674746349453926]], "metadata.audio_properties.analysis.downmix": "mix", "metadata.audio_properties.codec": "mp3", "metadata.audio_properties.md5_encoded": "811ee5d4c0f4a0663d1a7e0a92e0db3d", "metadata.tags.file_name": "1183708829834285178.mp3", "metadata.version.essentia": "2.1-beta6-dev", "metadata.version.essentia_git_sha": "v2.1_beta5-1110-g77a6a954", "metadata.version.extractor": "music 2.0", "tonal.chords_key": "A", "tonal.chords_scale": "major", "tonal.key_edma.key": "A", "tonal.key_edma.scale": "major", "tonal.key_krumhansl.key": "A", "tonal.key_krumhansl.scale": "major", "tonal.key_temperley.key": "A", "tonal.key_temperley.scale": "major", "metadata.tags.encoding": ["Lavf58.45.100"]}, "essentia_models": [{"model_name": "genre_dortmund", "activation