{"song_id": "1183698936276467853", "download": "https://cdn.discordapp.com/attachments/1135911532732108921/1183698936276467853/chirp.mp4?ex=6589488a&amp", "lyrics": "[verse]\nTuba Team, oh what a sight\nProblems and delays, they become the plight\nBackend software, their expertise\nBut migration hiccups bring them to their knees\n\n[chorus]\nTuba Team, hear the sounds of frustration\nDispatcher migrations causing aggravation\nBut they stay determined, they won't back down\nFacing challenges and turning them around", "style": ["random"], "essentia_features": {"lowlevel.average_loudness": 0.3482741713523865, "lowlevel.barkbands_crest.mean": 12.027831077575684, "lowlevel.barkbands_crest.stdev": 3.8879401683807373, "lowlevel.barkbands_flatness_db.mean": 0.24118070304393768, "lowlevel.barkbands_flatness_db.stdev": 0.055540356785058975, "lowlevel.barkbands_kurtosis.mean": 10.708380699157715, "lowlevel.barkbands_kurtosis.stdev": 15.756918907165527, "lowlevel.barkbands_skewness.mean": 1.8787447214126587, "lowlevel.barkbands_skewness.stdev": 1.3291622400283813, "lowlevel.barkbands_spread.mean": 11.375067710876465, "lowlevel.barkbands_spread.stdev": 11.687768936157227, "lowlevel.dissonance.mean": 0.40136954188346863, "lowlevel.dissonance.stdev": 0.06447073072195053, "lowlevel.dynamic_complexity": 4.717616081237793, "lowlevel.erbbands_crest.mean": 13.21935749053955, "lowlevel.erbbands_crest.stdev": 4.785833835601807, "lowlevel.erbbands_flatness_db.mean": 0.2797640860080719, "lowlevel.erbbands_flatness_db.stdev": 0.054039470851421356, "lowlevel.erbbands_kurtosis.mean": 6.0736565589904785, "lowlevel.erbbands_kurtosis.stdev": 12.69487476348877, "lowlevel.erbbands_skewness.mean": 1.3015657663345337, "lowlevel.erbbands_skewness.stdev": 1.6207325458526611, "lowlevel.erbbands_spread.mean": 24.100576400756836, "lowlevel.erbbands_spread.stdev": 19.477869033813477, "lowlevel.hfc.mean": 9.817951202392578, "lowlevel.hfc.stdev": 21.06808853149414, "lowlevel.loudness_ebu128.integrated": -34.09770965576172, "lowlevel.loudness_ebu128.loudness_range": 9.165693283081055, "lowlevel.loudness_ebu128.momentary.mean": -36.29777145385742, "lowlevel.loudness_ebu128.momentary.stdev": 4.250214576721191, "lowlevel.loudness_ebu128.short_term.mean": -35.344261169433594, "lowlevel.loudness_ebu128.short_term.stdev": 3.050030469894409, "lowlevel.melbands_crest.mean": 15.080204010009766, "lowlevel.melbands_crest.stdev": 4.5446319580078125, "lowlevel.melbands_flatness_db.mean": 0.29937976598739624, "lowlevel.melbands_flatness_db.stdev": 0.07629416137933731, "lowlevel.melbands_kurtosis.mean": 15.0989990234375, "lowlevel.melbands_kurtosis.stdev": 19.399169921875, "lowlevel.melbands_skewness.mean": 2.242929697036743, "lowlevel.melbands_skewness.stdev": 1.494530439376831, "lowlevel.melbands_spread.mean": 14.43407917022705, "lowlevel.melbands_spread.stdev": 17.475265502929688, "lowlevel.pitch_salience.mean": 0.5825054049491882, "lowlevel.pitch_salience.stdev": 0.12200038135051727, "lowlevel.silence_rate_20dB.mean": 1.0, "lowlevel.silence_rate_20dB.stdev": 0.0, "lowlevel.silence_rate_30dB.mean": 0.993220329284668, "lowlevel.silence_rate_30dB.stdev": 0.082058846950531, "lowlevel.silence_rate_60dB.mean": 0.3118644058704376, "lowlevel.silence_rate_60dB.stdev": 0.46325454115867615, "lowlevel.spectral_centroid.mean": 927.7972412109375, "lowlevel.spectral_centroid.stdev": 626.1845703125, "lowlevel.spectral_complexity.mean": 8.66779613494873, "lowlevel.spectral_complexity.stdev": 7.550610542297363, "lowlevel.spectral_decrease.mean": -2.592692061043067e-09, "lowlevel.spectral_decrease.stdev": 4.090896066344385e-09, "lowlevel.spectral_energy.mean": 0.01067593414336443, "lowlevel.spectral_energy.stdev": 0.017249511554837227, "lowlevel.spectral_energyband_high.mean": 0.00010385426867287606, "lowlevel.spectral_energyband_high.stdev": 0.0006299597444012761, "lowlevel.spectral_energyband_low.mean": 0.00036628745147027075, "lowlevel.spectral_energyband_low.stdev": 0.0007177451625466347, "lowlevel.spectral_energyband_middle_high.mean": 0.0031213320326060057, "lowlevel.spectral_energyband_middle_high.stdev": 0.00867100153118372, "lowlevel.spectral_energyband_middle_low.mean": 0.007265103980898857, "lowlevel.spectral_energyband_middle_low.stdev": 0.009702779352664948, "lowlevel.spectral_entropy.mean": 6.604714393615723, "lowlevel.spectral_entropy.stdev": 0.7096765041351318, "lowlevel.spectral_flux.mean": 0.04307151958346367, "lowlevel.spectral_flux.stdev": 0.03956505283713341, "lowlevel.spectral_kurtosis.mean": 14.636021614074707, "lowlevel.spectral_kurtosis.stdev": 12.756026268005371, "lowlevel.spectral_rms.mean": 0.002667793072760105, "lowlevel.spectral_rms.stdev": 0.0018161556217819452, "lowlevel.spectral_rolloff.mean": 1198.815673828125, "lowlevel.spectral_rolloff.stdev": 1268.7451171875, "lowlevel.spectral_skewness.mean": 2.474384307861328, "lowlevel.spectral_skewness.stdev": 1.394729733467102, "lowlevel.spectral_spread.mean": 2927452.25, "lowlevel.spectral_spread.stdev": 1636240.875, "lowlevel.spectral_strongpeak.mean": 0.9014338254928589, "lowlevel.spectral_strongpeak.stdev": 0.9126813411712646, "lowlevel.zerocrossingrate.mean": 0.040788862854242325, "lowlevel.zerocrossingrate.stdev": 0.028168005868792534, "metadata.audio_properties.analysis.equal_loudness": 0.0, "metadata.audio_properties.analysis.length": 27.370656967163086, "metadata.audio_properties.analysis.sample_rate": 44100.0, "metadata.audio_properties.analysis.start_time": 0.0, "metadata.audio_properties.bit_rate": 115713.0, "metadata.audio_properties.length": 27.37066650390625, "metadata.audio_properties.lossless": 0.0, "metadata.audio_properties.number_channels": 1.0, "metadata.audio_properties.replay_gain": 3.6367549896240234, "metadata.audio_properties.sample_rate": 48000.0, "rhythm.beats_count": 50.0, "rhythm.beats_loudness.mean": 0.016241151839494705, "rhythm.beats_loudness.stdev": 0.02428985759615898, "rhythm.bpm": 98.74455261230469, "rhythm.bpm_histogram_first_peak_bpm": 98.0, "rhythm.bpm_histogram_first_peak_weight": 0.17391300201416016, "rhythm.bpm_histogram_second_peak_bpm": 129.0, "rhythm.bpm_histogram_second_peak_spread": 0.3333333134651184, "rhythm.bpm_histogram_second_peak_weight": 0.16326530277729034, "rhythm.danceability": 1.1085789203643799, "rhythm.onset_rate": 4.381491184234619, "tonal.chords_changes_rate": 0.030456852167844772, "tonal.chords_number_rate": 0.010152284055948257, "tonal.chords_strength.mean": 0.5740527510643005, "tonal.chords_strength.stdev": 0.0916137844324112, "tonal.hpcp_crest.mean": 17.412927627563477, "tonal.hpcp_crest.stdev": 7.402918815612793, "tonal.hpcp_entropy.mean": 1.4514551162719727, "tonal.hpcp_entropy.stdev": 0.6661829352378845, "tonal.key_edma.strength": 0.7922973036766052, "tonal.key_krumhansl.strength": 0.7963188886642456, "tonal.key_temperley.strength": 0.8055548071861267, "tonal.tuning_diatonic_strength": 0.6384508013725281, "tonal.tuning_equal_tempered_deviation": 0.04972560331225395, "tonal.tuning_frequency": 441.0177917480469, "tonal.tuning_nontempered_energy_ratio": 0.6469044089317322, "lowlevel.barkbands.mean": [3.868036856147228e-06, 1.4277670743467752e-05, 0.00019779072317760438, 0.00021378805104177445, 0.00100364547688514, 0.0017449154984205961, 0.0017092579510062933, 0.001664510928094387, 0.0008507269085384905, 0.00015126245853025466, 0.00028047410887666047, 0.00020432824385352433, 0.0004230794438626617, 0.000565799477044493, 0.0003848181804642081, 0.00025779465795494616, 0.0003772870113607496, 0.00026540004182606936, 0.00024691017461009324, 1.9822340618702583e-05, 2.8666054276982322e-05, 3.532017581164837e-05, 2.1734578695031814e-05, 7.943513082864229e-06, 2.2585568331123795e-06, 2.5718375695760187e-07, 1.1646397624076599e-08], "lowlevel.barkbands.stdev": [8.094669283309486e-06, 2.8197864594403654e-05, 0.0003331199986860156, 0.000593503937125206, 0.0015661147190257907, 0.003080379916355014, 0.003085600445047021, 0.00290691782720387, 0.004382614977657795, 0.0006438051932491362, 0.0018188203684985638, 0.000917790865059942, 0.002568230964243412, 0.0025520373601466417, 0.0014718238962814212, 0.0007181039545685053, 0.001451677642762661, 0.0011963810538873076, 0.0007301500882022083, 9.497995051788166e-05, 0.00017682219913695008, 0.00026948226150125265, 0.000143374694744125, 3.2676889532012865e-05, 1.2434358723112382e-05, 1.2312696071603568e-06, 3.4377482194258846e-08], "lowlevel.erbbands.mean": [0.00027020767447538674, 0.0066130864433944225, 0.15052764117717743, 0.635887086391449, 0.8250793218612671, 4.367269515991211, 5.998983860015869, 14.931946754455566, 27.63380241394043, 33.080570220947266, 28.857421875, 22.519535064697266, 10.009673118591309, 5.114466190338135, 12.096104621887207, 9.387452125549316, 19.077545166015625, 30.025096893310547, 21.80824089050293, 16.928285598754883, 17.504915237426758, 20.344526290893555, 13.408048629760742, 18.38821029663086, 6.376526832580566, 1.067931056022644, 0.8464662432670593, 1.4390268325805664, 1.3676784038543701, 0.7282457947731018, 0.5958989262580872, 0.268108069896698, 0.09730947017669678, 0.03966763988137245, 0.008782812394201756, 0.002196528948843479, 0.00026904031983576715, 3.171987918904051e-05, 7.4907206908392254e-06, 1.2970907846465707e-05], "lowlevel.erbbands.stdev": [0.00035834003938362, 0.011219363659620285, 0.23656649887561798, 1.5493388175964355, 1.3268282413482666, 7.644392490386963, 12.165593147277832, 27.174497604370117, 46.41168212890625, 59.43587112426758, 56.60063552856445, 114.24280548095703, 49.75735855102539, 22.691259384155273, 73.60452270507812, 39.16823196411133, 118.71552276611328, 129.031494140625, 85.65870666503906, 49.6744270324707, 54.83268737792969, 76.81364440917969, 56.91788864135742, 62.6430778503418, 19.198036193847656, 4.249417781829834, 4.32963228225708, 9.966362953186035, 10.580175399780273, 5.128237247467041, 3.887664556503296, 1.2444751262664795, 0.3858461380004883, 0.2168518602848053, 0.044897668063640594, 0.010122149251401424, 0.0017194000538438559, 9.924838377628475e-05, 1.1312631613691337e-05, 2.1389527319115587e-05], "lowlevel.gfcc.mean": [-157.8114471435547, 129.44537353515625, -131.99020385742188, 3.725175380706787, -76.80072021484375, -21.911956787109375, -57.86719512939453, 3.7278246879577637, -10.083386421203613, -4.870152473449707, -0.20727328956127167, -13.212303161621094, -14.531094551086426], "lowlevel.melbands.mean": [3.0281128147180425e-06, 6.181325443321839e-05, 0.0001026827230816707, 0.00017377882613800466, 0.00022074600565247238, 0.0003661267692223191, 0.00041324138874188066, 0.00036602019099518657, 0.0002087302564177662, 0.0001389401440974325, 4.5827735448256135e-05, 1.728965980873909e-05, 4.1366471123183146e-05, 2.270936056447681e-05, 3.0429802791331895e-05, 4.8409630835521966e-05, 5.7115663366857916e-05, 3.617943366407417e-05, 2.6754993086797185e-05, 1.7314830984105356e-05, 2.193579166487325e-05, 2.3338128812611103e-05, 1.3108615348755848e-05, 1.2520033124019392e-05, 1.5910300135146827e-05, 6.897469120303867e-06, 1.4757594044567668e-06, 4.6932373720665055e-07, 4.40578816096604e-07, 6.72734870477143e-07, 9.285017767979298e-07, 8.952477514867496e-07, 4.809881488654355e-07, 3.748418180293811e-07, 3.7028675592409854e-07, 2.626693742513453e-07, 1.2455511466669122e-07, 7.300581472691192e-08, 4.303815615003259e-08, 2.960889666780986e-08], "lowlevel.melbands.stdev": [4.8044603317976e-06, 0.00010066550748888403, 0.00021774359629489481, 0.00028725937590934336, 0.0003907097561750561, 0.0006719760713167489, 0.0006982301129028201, 0.000648894056212157, 0.00042398925870656967, 0.0007774190744385123, 0.0002430224558338523, 7.405983342323452e-05, 0.0002790071303024888, 9.956303256331012e-05, 0.0001379735767841339, 0.000316242832923308, 0.00026610351051203907, 0.00014989984629210085, 0.00011369375715730712, 4.026955139124766e-05, 7.82971692387946e-05, 8.922890265239403e-05, 6.448387284763157e-05, 5.4128588089952245e-05, 5.435408093035221e-05, 2.2635980712948367e-05, 5.5645227803324815e-06, 2.3780808078299742e-06, 2.208298383266083e-06, 3.924159955204232e-06, 6.92669027557713e-06, 7.091611223586369e-06, 3.5790092169918353e-06, 2.6439806788403075e-06, 2.633253188832896e-06, 1.3632164836963057e-06, 5.463145384965173e-07, 2.9997363526490517e-07, 1.869379389063397e-07, 1.8480113794794306e-07], "lowlevel.melbands128.mean": [1.8923868765341467e-06, 1.6945567722359556e-06, 2.0503432551777223e-06, 8.137559234455694e-06, 4.3166131945326924e-05, 0.00011605118925217539, 0.00014922991977073252, 8.0630044976715e-05, 5.159537249710411e-05, 0.0001479179918533191, 0.00027390109607949853, 0.0002952339418698102, 0.00020168331684544683, 0.0001427453535143286, 0.00016813988622743636, 0.0006828841869719326, 0.0006091436371207237, 0.00028778950218111277, 0.00025832466781139374, 0.00042742901132442057, 0.00039895702502690256, 0.00024161222972907126, 0.00023713313566986471, 8.397569763474166e-05, 0.0001433801226085052, 0.00018544313206803054, 6.85087579768151e-05, 3.4503656934248284e-05, 1.5975727365002967e-05, 1.4560769159288611e-05, 1.4904128875059541e-05, 2.7134436095366254e-05, 5.5628483096370474e-05, 4.443179568625055e-05, 1.7261147149838507e-05, 1.933979001478292e-05, 2.2565724066225812e-05, 3.379209010745399e-05, 2.884408058889676e-05, 4.607997107086703e-05, 5.434242484625429e-05, 4.795650966116227e-05, 6.091069371905178e-05, 6.731979374308139e-05, 3.4584776585688815e-05, 3.594589725253172e-05, 2.732873872446362e-05, 2.760295865300577e-05, 2.756889989541378e-05, 2.0953746570739895e-05, 1.3824604138790164e-05, 1.560789860377554e-05, 2.027234950219281e-05, 2.397933894826565e-05, 2.7076792321167886e-05, 2.6687272111303173e-05, 1.6043744835769758e-05, 1.583233279234264e-05, 1.1271047696936876e-05, 9.890554792946205e-06, 9.656265319790691e-06, 1.7053642295650207e-05, 1.9277442333986983e-05, 1.529071778350044e-05, 1.0935055797745008e-05, 7.53559925215086e-06, 4.041132797283353e-06, 1.850411649684247e-06, 1.0370525842517964e-06, 6.032059900462627e-07, 4.3899635215893795e-07, 4.0372310650127474e-07, 4.2710803427326027e-07, 4.1674920225887035e-07, 4.7068050434972974e-07, 7.186783932411345e-07, 7.26715938981215e-07, 7.0038800004113e-07, 1.0123920901605743e-06, 1.0395914387117955e-06, 1.1535898920556065e-06, 7.359985829680227e-07, 5.280202231006115e-07, 5.098481778986752e-07, 3.7638295680153533e-07, 3.4539965554358787e-07, 3.8875685959283146e-07, 4.0025039993452083e-07, 4.1840351627797645e-07, 2.916348478265718e-07, 3.1115385468183376e-07, 2.6510346629038395e-07, 1.571238641417949e-07, 1.2341217825451167e-07, 1.0445474174503033e-07, 8.359084091580371e-08, 6.805530716746944e-08, 5.530840141432236e-08, 4.0034553450141175e-08, 3.713570606578287e-08, 4.211860371583498e-08, 2.5387974389445844e-08, 2.075938709822367e-08, 1.237790669961214e-08, 6.145141728808312e-09, 5.39091660201052e-09, 6.769808269524447e-09, 5.913149525582639e-09, 3.2524762882957248e-09, 1.7266180707409262e-09, 1.5026371258386462e-09, 1.080739497894001e-09, 5.492555299468904e-10, 2.1918353243499666e-10, 2.3126089931935212e-10, 1.6610776643055658e-10, 2.951604516354678e-10, 1.3802579912347568e-10, 2.9055209627149026e-11, 7.173232927787376e-12, 6.933820705101734e-12, 6.825675441524126e-12, 6.85914216050354e-12, 6.67386371860923e-12, 5.541567638794875e-12, 3.702098523572506e-12, 2.6672746043093776e-12, 2.5156883954463582e-12], "lowlevel.melbands128.stdev": [3.7020890886196867e-06, 2.8366596325213322e-06, 3.699509534271783e-06, 1.8739039660431445e-05, 8.069111936492845e-05, 0.0002109656052198261, 0.0003899634466506541, 0.00022658219677396119, 0.00010587120050331578, 0.00034117556060664356, 0.0005452487384900451, 0.0005817112396471202, 0.0005456455401144922, 0.00043967398232780397, 0.0003869841166306287, 0.001448483788408339, 0.0012163793435320258, 0.0008219540468417108, 0.0008464559214189649, 0.0009121338371187449, 0.000917350291274488, 0.0005795839824713767, 0.0006275859195739031, 0.00029429743881337345, 0.0009028425556607544, 0.0013676786329597235, 0.000501099624671042, 0.00018469980568625033, 0.00010949540592264384, 5.8232817536918446e-05, 7.405514043057337e-05, 0.000195727072423324, 0.0005070068873465061, 0.000284625799395144, 8.038731175474823e-05, 0.000143588098580949, 0.00011376645852578804, 0.0001878344628494233, 0.000175848908838816, 0.0004370619426481426, 0.0004368559457361698, 0.0002106928441207856, 0.00034356163814663887, 0.0004185773723293096, 0.00018104746413882822, 0.00019090971909463406, 0.00013003722415305674, 0.00021388688765000552, 8.309836994158104e-05, 5.908008461119607e-05, 3.7828624044777825e-05, 4.768165308632888e-05, 6.960038444958627e-05, 0.00011019492376362905, 0.00012891122605651617, 0.00011128995538456365, 7.561474194517359e-05, 9.330030297860503e-05, 6.156069866847247e-05, 4.6637229388579726e-05, 3.792042480199598e-05, 9.243301610695198e-05, 7.96534659457393e-05, 5.270939800539054e-05, 3.6225446820026264e-05, 2.9350312615861185e-05, 1.3898892575525679e-05, 7.552284387202235e-06, 6.2861490732757375e-06, 3.0067794796195813e-06, 2.734466761467047e-06, 2.369934918533545e-06, 2.3853363018133678e-06, 2.206963699791231e-06, 2.6176890060014557e-06, 4.229467776895035e-06, 4.680053280026186e-06, 4.574618742481107e-06, 8.216318747145124e-06, 8.537836038158275e-06, 9.28797908272827e-06, 5.950180366198765e-06, 4.186735168332234e-06, 4.053830252814805e-06, 2.38888992498687e-06, 2.750595740508288e-06, 2.8977542569919024e-06, 2.89163040179119e-06, 3.3892235933308257e-06, 1.8416038756186026e-06, 1.6548307257835404e-06, 1.4150444940241869e-06, 8.06530010777351e-07, 5.452112645798479e-07, 4.6537243747479806e-07, 3.6265552694203507e-07, 2.962717644550139e-07, 2.3727351106117567e-07, 1.696888887181558e-07, 1.8478033325664e-07, 3.092624183409498e-07, 1.5734883618279127e-07, 1.328876351180952e-07, 6.377742778340689e-08, 3.21347357612467e-08, 2.664294740384321e-08, 3.903362610913064e-08, 3.430686845717901e-08, 1.381303338376938e-08, 6.6015024557941615e-09, 6.587553613712771e-09, 9.784844046123453e-09, 7.426626869033726e-09, 1.6478491904337034e-09, 1.213576239500469e-09, 6.914402383983997e-10, 9.183562243997301e-10, 5.914506107096429e-10, 1.1962024426548368e-10, 4.7159068317093045e-11, 4.708768791550355e-11, 4.778423490225947e-11, 4.687504204237136e-11, 4.761809349607127e-11, 4.696036962070771e-11, 4.839555492464065e-11, 4.7559199634061855e-11, 4.749167031858903e-11], "lowlevel.mfcc.mean": [-798.9861450195312, 162.00375366210938, -7.155086517333984, 10.68098258972168, -2.647627592086792, -28.400360107421875, -28.475095748901367, -10.55654525756836, -20.241487503051758, 0.25851723551750183, 5.338125705718994, 0.44726744294166565, -0.8943948745727539], "lowlevel.spectral_contrast_coeffs.mean": [-0.6514793634414673, -0.655020534992218, -0.7801429033279419, -0.7863130569458008, -0.7513107061386108, -0.8041352033615112], "lowlevel.spectral_contrast_coeffs.stdev": [0.10496095567941666, 0.06824124604463577, 0.06162581592798233, 0.07074179500341415, 0.09972570836544037, 0.05563148483633995], "lowlevel.spectral_contrast_valleys.mean": [-8.651827812194824, -7.459951877593994, -8.888290405273438, -8.955700874328613, -9.474593162536621, -12.187870025634766], "lowlevel.spectral_contrast_valleys.stdev": [0.7324904203414917, 0.95266193151474, 1.0856784582138062, 1.340010166168213, 1.1071133613586426, 0.917577862739563], "rhythm.beats_loudness_band_ratio.mean": [0.07113595306873322, 0.4812351167201996, 0.4034886658191681, 0.07077594846487045, 0.11009957641363144, 0.013715437613427639], "rhythm.beats_loudness_band_ratio.stdev": [0.06982286274433136, 0.2683536410331726, 0.2019561231136322, 0.11178600043058395, 0.12312772870063782, 0.016270063817501068], "tonal.hpcp.mean": [0.22160537540912628, 0.1424928456544876, 0.06990142911672592, 0.06480332463979721, 0.0544113889336586, 0.11328720301389694, 0.1859332025051117, 0.13245753943920135, 0.19623667001724243, 0.30118125677108765, 0.15992584824562073, 0.04517442360520363, 0.05626939237117767, 0.06121945008635521, 0.13218943774700165, 0.20218133926391602, 0.12174475193023682, 0.041736770421266556, 0.03783884271979332, 0.031864672899246216, 0.05678724870085716, 0.07846496999263763, 0.04882944002747536, 0.045599281787872314, 0.0632866770029068, 0.04789666086435318, 0.033483874052762985, 0.03383444994688034, 0.047499194741249084, 0.30835074186325073, 0.40153566002845764, 0.1395726203918457, 0.03218245878815651, 0.03617233783006668, 0.05542522668838501, 0.1487957388162613], "tonal.hpcp.stdev": [0.3539048135280609, 0.24821226298809052, 0.19229590892791748, 0.18668657541275024, 0.1388731300830841, 0.19221055507659912, 0.31574746966362, 0.21890157461166382, 0.2676927149295807, 0.3741418123245239, 0.21857604384422302, 0.1385483592748642, 0.16596277058124542, 0.17880655825138092, 0.23000265657901764, 0.3391432762145996, 0.21055087447166443, 0.1252707540988922, 0.10962419211864471, 0.08947767317295074, 0.12922395765781403, 0.1678604781627655, 0.10688948631286621, 0.13433101773262024, 0.18011732399463654, 0.13852939009666443, 0.10407751798629761, 0.09651247411966324, 0.1277817189693451, 0.3385995030403137, 0.4219791889190674, 0.19211113452911377, 0.08809325098991394, 0.10484295338392258, 0.14075104892253876, 0.2443055510520935], "rhythm.beats_position": [0.5921088457107544, 1.1842176914215088, 1.7879364490509033, 2.4032652378082275, 3.0185940265655518, 3.633922815322876, 4.249251842498779, 4.8645806312561035, 5.479909420013428, 6.072018146514893, 6.675736904144287, 7.291065692901611, 7.883174419403076, 8.486893653869629, 9.102222442626953, 9.717551231384277, 10.332880020141602, 10.948208808898926, 11.55192756652832, 12.155646324157715, 12.770975112915039, 13.363083839416504, 13.966802597045898, 14.570521354675293, 15.034920692443848, 15.499319076538086, 15.97532844543457, 16.462947845458984, 16.9505672454834, 17.44979476928711, 17.949024200439453, 18.425033569335938, 18.91265296936035, 19.411882400512695, 19.899499893188477, 20.41033935546875, 20.921178817749023, 21.420408248901367, 21.91963768005371, 22.372425079345703, 22.836824417114258, 23.289613723754883, 23.754013061523438, 24.24163246154785, 24.729251861572266, 25.216869354248047, 25.6812686920166, 26.145668029785156, 26.61006736755371, 27.074466705322266], "rhythm.bpm_histogram": [0.0, 0.0, 0.0, 0.0, 0.0, 0.0, 0.0, 0.0, 0.0, 0.0, 0.0, 0.0, 0.0, 0.0, 0.0, 0.0, 0.0, 0.0, 0.0, 0.0, 0.0, 0.0, 0.0, 0.0, 0.0, 0.0, 0.0, 0.0, 0.0, 0.0, 0.0, 0.0, 0.0, 0.0, 0.0, 0.0, 0.0, 0.0, 0.0, 0.0, 0.0, 0.0, 0.0, 0.0, 0.0, 0.0, 0.0, 0.0, 0.0, 0.0, 0.0, 0.0, 0.0, 0.0, 0.0, 0.0, 0.0, 0.0, 0.0, 0.0, 0.0, 0.0, 0.0, 0.0, 0.0, 0.0, 0.0, 0.0, 0.0, 0.0, 0.0, 0.0, 0.0, 0.0, 0.0, 0.0, 0.0, 0.0, 0.0, 0.0, 0.0, 0.0, 0.0, 0.0, 0.0, 0.0, 0.0, 0.0, 0.0, 0.0, 0.0, 0.0, 0.0, 0.0, 0.0, 0.0, 0.0, 0.0, 0.2448979616165161, 0.1428571492433548, 0.0, 0.08163265138864517, 0.0, 0.0, 0.0, 0.0, 0.0, 0.0, 0.0, 0.0, 0.0, 0.0, 0.0, 0.0, 0.0, 0.0, 0.0, 0.040816325694322586, 0.0, 0.0, 0.10204081982374191, 0.0, 0.0, 0.1428571492433548, 0.0, 0.0, 0.040816325694322586, 0.0, 0.0, 0.16326530277729034, 0.0, 0.0, 0.0, 0.040816325694322586, 0.0, 0.0, 0.0, 0.0, 0.0, 0.0, 0.0, 0.0, 0.0, 0.0, 0.0, 0.0, 0.0, 0.0, 0.0, 0.0, 0.0, 0.0, 0.0, 0.0, 0.0, 0.0, 0.0, 0.0, 0.0, 0.0, 0.0, 0.0, 0.0, 0.0, 0.0, 0.0, 0.0, 0.0, 0.0, 0.0, 0.0, 0.0, 0.0, 0.0, 0.0, 0.0, 0.0, 0.0, 0.0, 0.0, 0.0, 0.0, 0.0, 0.0, 0.0, 0.0, 0.0, 0.0, 0.0, 0.0, 0.0, 0.0, 0.0, 0.0, 0.0, 0.0, 0.0, 0.0, 0.0, 0.0, 0.0, 0.0, 0.0, 0.0, 0.0, 0.0, 0.0, 0.0, 0.0, 0.0, 0.0, 0.0, 0.0, 0.0, 0.0, 0.0, 0.0, 0.0, 0.0, 0.0, 0.0, 0.0, 0.0, 0.0, 0.0, 0.0, 0.0, 0.0, 0.0, 0.0, 0.0, 0.0, 0.0, 0.0, 0.0, 0.0, 0.0, 0.0, 0.0, 0.0, 0.0, 0.0, 0.0, 0.0, 0.0, 0.0, 0.0, 0.0, 0.0, 0.0], "tonal.chords_histogram": [23.011844635009766, 0.0, 29.949237823486328, 0.0, 0.3384094834327698, 0.0, 0.0, 0.0, 0.0, 0.0, 0.0, 0.0, 0.0, 0.0, 0.0, 0.0, 0.0, 18.274110794067383, 0.0, 0.0, 0.0, 5.414551734924316, 7.952622890472412, 15.059221267700195], "tonal.thpcp": [1.0, 0.34759706258773804, 0.08014844357967377, 0.0900849923491478, 0.13803313672542572, 0.3705666959285736, 0.5518946051597595, 0.3548697233200073, 0.17408522963523865, 0.16138871014118195, 0.1355082392692566, 0.28213486075401306, 0.46305525302886963, 0.32987740635871887, 0.48871541023254395, 0.7500734925270081, 0.39828553795814514, 0.11250413954257965, 0.1401354819536209, 0.15246330201625824, 0.32920971512794495, 0.5035202503204346, 0.30319786071777344, 0.10394287109375, 0.09423532336950302, 0.07935702055692673, 0.14142516255378723, 0.19541220366954803, 0.1216067299246788, 0.1135622188448906, 0.15761159360408783, 0.11928370594978333, 0.08338954299688339, 0.08426262438297272, 0.11829383671283722, 0.7679286599159241], "lowlevel.gfcc.cov": [[6951.4267578125, 33.579612731933594, -2752.828857421875, 1046.281005859375, 437.8669738769531, -649.5916137695312, -599.5489501953125, -165.84202575683594, 191.7643585205078, -702.698974609375, 129.1990203857422, -422.63763427734375, -40.14542770385742], [33.579612731933594, 1617.9769287109375, -126.8772964477539, -527.6201782226562, 768.1151123046875, -241.91944885253906, -85.36492156982422, 0.8364471197128296, -31.579721450805664, -389.94525146484375, 77.44319915771484, -144.46629333496094, -63.45975112915039], [-2752.828857421875, -126.8772964477539, 1704.386474609375, -245.39010620117188, -374.2743835449219, 340.8652038574219, 245.46932983398438, 2.078094005584717, -244.76547241210938, 252.13674926757812, -141.10520935058594, 294.7519226074219, 64.51920318603516], [1046.281005859375, -527.6201782226562, -245.39010620117188, 957.6567993164062, -74.98960876464844, -113.26968383789062, -264.5224914550781, -118.65908813476562, 56.08925247192383, -110.97403717041016, -114.52621459960938, -50.02301788330078, 137.86325073242188], [437.8669738769531, 768.1151123046875, -374.2743835449219, -74.98960876464844, 734.863037109375, -185.89768981933594, -250.84353637695312, -37.61918640136719, 25.182758331298828, -238.1190643310547, -13.977296829223633, -131.8140869140625, -51.46181106567383], [-649.5916137695312, -241.91944885253906, 340.8652038574219, -113.26968383789062, -185.89768981933594, 314.3420104980469, 163.36151123046875, 13.034472465515137, -71.57498168945312, 157.2838134765625, -8.425461769104004, 65.51531982421875, -34.861183166503906], [-599.5489501953125, -85.36492156982422, 245.46932983398438, -264.5224914550781, -250.84353637695312, 163.36151123046875, 481.742431640625, 168.26295471191406, -100.13481903076172, 113.51615142822266, 85.53853607177734, 91.62458801269531, -93.08563232421875], [-165.84202575683594, 0.8364471197128296, 2.078094005584717, -118.65908813476562, -37.61918640136719, 13.034472465515137, 168.26295471191406, 196.3271026611328, 28.948436737060547, 51.004825592041016, 26.566299438476562, -20.483386993408203, -62.9283561706543], [191.7643585205078, -31.579721450805664, -244.76547241210938, 56.08925247192383, 25.182758331298828, -71.57498168945312, -100.13481903076172, 28.948436737060547, 297.0619812011719, 56.61647033691406, -22.591495513916016, -110.032470703125, 3.0663821697235107], [-702.698974609375, -389.94525146484375, 252.13674926757812, -110.97403717041016, -238.1190643310547, 157.2838134765625, 113.51615142822266, 51.004825592041016, 56.61647033691406, 328.072021484375, 20.804306030273438, 34.53432846069336, -32.57652282714844], [129.1990203857422, 77.44319915771484, -141.10520935058594, -114.52621459960938, -13.977296829223633, -8.425461769104004, 85.53853607177734, 26.566299438476562, -22.591495513916016, 20.804306030273438, 160.6370391845703, 21.71478843688965, -35.62651824951172], [-422.63763427734375, -144.46629333496094, 294.7519226074219, -50.02301788330078, -131.8140869140625, 65.51531982421875, 91.62458801269531, -20.483386993408203, -110.032470703125, 34.53432846069336, 21.71478843688965, 213.8501434326172, 53.97676467895508], [-40.14542770385742, -63.45975112915039, 64.51920318603516, 137.86325073242188, -51.46181106567383, -34.861183166503906, -93.08563232421875, -62.9283561706543, 3.0663821697235107, -32.57652282714844, -35.62651824951172, 53.97676467895508, 152.74270629882812]], "lowlevel.gfcc.icov": [[0.0007000970072112978, -0.0004329266375862062, 0.0012519065057858825, -0.0005804171087220311, 0.0008509221370331943, -5.152223093318753e-05, 0.0005578958080150187, -5.3806732466910034e-05, 0.0005128812044858932, 0.00031908979872241616, 0.00042757627670653164, -0.0005426547140814364, 0.0009412193321622908], [-0.0004329266375862062, 0.00488062109798193, -0.002729020779952407, 0.002652509603649378, -0.0041743996553123, 0.001358670531772077, -0.0018356292275711894, 0.001175431301817298, -0.0015575331635773182, 0.004464533179998398, -0.003943087998777628, 0.004240427166223526, -0.0024929142091423273], [0.0012519065057858825, -0.002729020779952407, 0.004385828040540218, -0.0016759107820689678, 0.003167324000969529, -0.0010688897455111146, 0.0015008425107225776, -0.000630647933576256, 0.002206095028668642, -0.0021533495746552944, 0.004037267528474331, -0.0036802308168262243, 0.0020719405729323626], [-0.0005804171087220311, 0.002652509603649378, -0.0016759107820689678, 0.003259051823988557, -0.0018347167642787099, 0.0007968624122440815, -0.0005622543394565582, 0.0007179125095717609, -0.0008100623963400722, 0.002370290458202362, -0.0012110437965020537, 0.002591989003121853, -0.002443980658426881], [0.0008509221370331943, -0.0041743996553123, 0.003167324000969529, -0.0018347167642787099, 0.006701333913952112, -0.000873915443662554, 0.00359340594150126, -0.0015019329730421305, 0.001842903671786189, -0.001704613445326686, 0.0035075510386377573, -0.003372078761458397, 0.004046102985739708], [-5.152223093318753e-05, 0.001358670531772077, -0.0010688897455111146, 0.0007968624122440815, -0.000873915443662554, 0.006361374165862799, -0.0020325123332440853, 0.0019913080614060163, 0.0005668450612574816, -0.0009108966332860291, 0.00011462464317446575, 0.0013877113815397024, 0.00035307538928464055], [0.0005578958080150187, -0.0018356292275711894, 0.0015008425107225776, -0.0005622543394565582, 0.00359340594150126, -0.0020325123332440853, 0.0071942368522286415, -0.004633629694581032, 0.0017680395394563675, -0.00016589493316132575, -7.455182640114799e-05, -0.0029487775173038244, 0.0034334463998675346], [-5.3806732466910034e-05, 0.001175431301817298, -0.000630647933576256, 0.0007179125095717609, -0.0015019329730421305, 0.0019913080614060163, -0.004633629694581032, 0.009622766636312008, -0.0016620298847556114, 0.00019419260206632316, -0.00015344425628427416, 0.0021047296468168497, 0.0004769111692439765], [0.0005128812044858932, -0.0015575331635773182, 0.002206095028668642, -0.0008100623963400722, 0.001842903671786189, 0.0005668450612574816, 0.0017680395394563675, -0.0016620298847556114, 0.006570389494299889, -0.0033478927798569202, 0.002524838550016284, 0.000437080831034109, 1.8533120965003036e-05], [0.00031908979872241616, 0.004464533179998398, -0.0021533495746552944, 0.002370290458202362, -0.001704613445326686, -0.0009108966332860291, -0.00016589493316132575, 0.00019419260206632316, -0.0033478927798569202, 0.011253219097852707, -0.005164495203644037, 0.0034878908190876245, -6.426768959499896e-05], [0.00042757627670653164, -0.003943087998777628, 0.004037267528474331, -0.0012110437965020537, 0.0035075510386377573, 0.00011462464317446575, -7.455182640114799e-05, -0.00015344425628427416, 0.002524838550016284, -0.005164495203644037, 0.013226226903498173, -0.005443559493869543, 0.0028175937477499247], [-0.0005426547140814364, 0.004240427166223526, -0.0036802308168262243, 0.002591989003121853, -0.003372078761458397, 0.0013877113815397024, -0.0029487775173038244, 0.0021047296468168497, 0.000437080831034109, 0.0034878908190876245, -0.005443559493869543, 0.012833498418331146, -0.005984858609735966], [0.0009412193321622908, -0.0024929142091423273, 0.0020719405729323626, -0.002443980658426881, 0.004046102985739708, 0.00035307538928464055, 0.0034334463998675346, 0.0004769111692439765, 1.8533120965003036e-05, -6.426768959499896e-05, 0.0028175937477499247, -0.005984858609735966, 0.013580086641013622]], "lowlevel.mfcc.cov": [[9377.8779296875, -1065.0181884765625, -2742.330810546875, 891.146728515625, 617.5753784179688, -450.5089111328125, -791.6304931640625, 191.6565704345703, -435.8724365234375, -21.462078094482422, -70.03656768798828, -445.9154968261719, -411.6269226074219], [-1065.0181884765625, 2388.7958984375, -477.5931396484375, -378.7986755371094, 466.08660888671875, -251.14398193359375, 226.22576904296875, 201.05392456054688, -127.38667297363281, -157.78082275390625, 77.79401397705078, -50.05593490600586, -39.48875427246094], [-2742.330810546875, -477.5931396484375, 1669.7979736328125, -121.5765380859375, -521.3397216796875, 293.3643798828125, 266.1297302246094, -99.41116333007812, 187.83746337890625, -73.98967742919922, -138.297607421875, 182.63796997070312, 146.55435180664062], [891.146728515625, -378.7986755371094, -121.5765380859375, 599.6171264648438, 242.861083984375, -40.027122497558594, -201.27467346191406, 16.572111129760742, -1.4170377254486084, -1.5786160230636597, -202.0681915283203, -175.4129638671875, -6.821964263916016], [617.5753784179688, 466.08660888671875, -521.3397216796875, 242.861083984375, 759.3699340820312, -34.603050231933594, -281.3834533691406, -35.17213821411133, -63.030296325683594, -3.760615348815918, -141.68408203125, -245.36805725097656, -66.65520477294922], [-450.5089111328125, -251.14398193359375, 293.3643798828125, -40.027122497558594, -34.603050231933594, 250.637939453125, 29.613967895507812, -71.7165298461914, 30.260190963745117, -13.82790756225586, -36.480323791503906, 28.745634078979492, 4.768689155578613], [-791.6304931640625, 226.22576904296875, 266.1297302246094, -201.27467346191406, -281.3834533691406, 29.613967895507812, 467.08380126953125, 110.2811279296875, -26.375629425048828, -83.08985900878906, 82.49236297607422, 132.0459747314453, 27.277576446533203], [191.6565704345703, 201.05392456054688, -99.41116333007812, 16.572111129760742, -35.17213821411133, -71.7165298461914, 110.2811279296875, 227.18695068359375, -16.858200073242188, -76.54151916503906, 7.129992961883545, -1.1404826641082764, -25.97288703918457], [-435.8724365234375, -127.38667297363281, 187.83746337890625, -1.4170377254486084, -63.030296325683594, 30.260190963745117, -26.375629425048828, -16.858200073242188, 180.70848083496094, 85.2614517211914, -6.744526386260986, 30.180788040161133, 40.15436935424805], [-21.462078094482422, -157.78082275390625, -73.98967742919922, -1.5786160230636597, -3.760615348815918, -13.82790756225586, -83.08985900878906, -76.54151916503906, 85.2614517211914, 225.09083557128906, 97.64778137207031, 25.215559005737305, 41.772064208984375], [-70.03656768798828, 77.79401397705078, -138.297607421875, -202.0681915283203, -141.68408203125, -36.480323791503906, 82.49236297607422, 7.129992961883545, -6.744526386260986, 97.64778137207031, 286.9716491699219, 155.2879638671875, -7.629175662994385], [-445.9154968261719, -50.05593490600586, 182.63796997070312, -175.4129638671875, -245.36805725097656, 28.745634078979492, 132.0459747314453, -1.1404826641082764, 30.180788040161133, 25.215559005737305, 155.2879638671875, 222.96286010742188, 49.14540481567383], [-411.6269226074219, -39.48875427246094, 146.55435180664062, -6.821964263916016, -66.65520477294922, 4.768689155578613, 27.277576446533203, -25.97288703918457, 40.15436935424805, 41.772064208984375, -7.629175662994385, 49.14540481567383, 130.07110595703125]], "lowlevel.mfcc.icov": [[0.000426165439421311, 0.0002845299313776195, 0.000721390824764967, -0.0002247867960250005, 0.00021469694911502302, 0.00014286463556345552, 0.00025693231145851314, -0.00021147819643374532, 0.0004359518061392009, 8.729706314625219e-05, 0.00041669575148262084, -0.00027498314739204943, 0.000584833265747875], [0.0002845299313776195, 0.0012497942661866546, 0.0003757435770239681, 0.0008572767255827785, -0.0011579841375350952, 0.0012319794623181224, -0.00047805579379200935, -0.0005872832844033837, 0.0001825078361434862, 0.0005936576635576785, 0.0001251473877346143, -0.00012778985546901822, 5.4500094847753644e-05], [0.000721390824764967, 0.0003757435770239681, 0.0026943027041852474, -0.0005320343188941479, 0.0011881653917953372, -0.0008231260580942035, 1.7422717064619064e-05, 0.00040066635119728744, -0.0004107596178073436, 0.0007401988259516656, 0.001793944975361228, -0.001069149817340076, 0.0004470505518838763], [-0.0002247867960250005, 0.0008572767255827785, -0.0005320343188941479, 0.0038039397913962603, -0.0015566236106678843, 0.0012510130181908607, -3.2561620173510164e-05, -0.0012188287219032645, 0.00018672477744985372, -0.0005940473056398332, 0.001509461784735322, 0.00045081402640789747, -0.0006809121696278453], [0.00021469694911502302, -0.0011579841375350952, 0.0011881653917953372, -0.0015566236106678843, 0.004391118884086609, -0.001960571389645338, 0.00155725353397429, 0.0007706641335971653, 0.0003685960837174207, -0.00023394347226712853, 0.0004782602482009679, 0.0016920705093070865, 0.00040700045065023005], [0.00014286463556345552, 0.0012319794623181224, -0.0008231260580942035, 0.0012510130181908607, -0.001960571389645338, 0.007093616761267185, -0.0010411100229248405, 0.0010843208292499185, -0.0001963950926437974, 0.0005887662409804761, 0.0008481949917040765, -0.0011570454807952046, 0.0013477422762662172], [0.00025693231145851314, -0.00047805579379200935, 1.7422717064619064e-05, -3.2561620173510164e-05, 0.00155725353397429, -0.0010411100229248405, 0.004590475000441074, -0.0018744377885013819, 0.0014004665426909924, 0.0004268362536095083, -0.0003263417456764728, -0.00046533896238543093, -0.0002669002569746226], [-0.00021147819643374532, -0.0005872832844033837, 0.00040066635119728744, -0.0012188287219032645, 0.0007706641335971653, 0.0010843208292499185, -0.0018744377885013819, 0.007626378443092108, -0.002458754926919937, 0.0029387371614575386, -0.0011227650102227926, 0.0007123524555936456, 0.00038847807445563376], [0.0004359518061392009, 0.0001825078361434862, -0.0004107596178073436, 0.00018672477744985372, 0.0003685960837174207, -0.0001963950926437974, 0.0014004665426909924, -0.002458754926919937, 0.01004804577678442, -0.005321590229868889, 0.002980725606903434, -0.0020413491874933243, 0.0008722636848688126], [8.729706314625219e-05, 0.0005936576635576785, 0.0007401988259516656, -0.0005940473056398332, -0.00023394347226712853, 0.0005887662409804761, 0.0004268362536095083, 0.0029387371614575386, -0.005321590229868889, 0.011364725418388844, -0.006319044623523951, 0.0033106168266385794, -0.0036812610924243927], [0.00041669575148262084, 0.0001251473877346143, 0.001793944975361228, 0.001509461784735322, 0.0004782602482009679, 0.0008481949917040765, -0.0003263417456764728, -0.0011227650102227926, 0.002980725606903434, -0.006319044623523951, 0.012867912650108337, -0.008466766215860844, 0.004535756539553404], [-0.00027498314739204943, -0.00012778985546901822, -0.001069149817340076, 0.00045081402640789747, 0.0016920705093070865, -0.0011570454807952046, -0.00046533896238543093, 0.0007123524555936456, -0.0020413491874933243, 0.0033106168266385794, -0.008466766215860844, 0.01429815124720335, -0.004863338079303503], [0.000584833265747875, 5.4500094847753644e-05, 0.0004470505518838763, -0.0006809121696278453, 0.00040700045065023005, 0.0013477422762662172, -0.0002669002569746226, 0.00038847807445563376, 0.0008722636848688126, -0.0036812610924243927, 0.004535756539553404, -0.004863338079303503, 0.012325245887041092]], "metadata.audio_properties.analysis.downmix": "mix", "metadata.audio_properties.codec": "mp3", "metadata.audio_properties.md5_encoded": "cfa909719b87a573fc726357d2b6fa50", "metadata.tags.file_name": "1183698936276467853.mp3", "metadata.version.essentia": "2.1-beta6-dev", "metadata.version.essentia_git_sha": "v2.1_beta5-1110-g77a6a954", "metadata.version.extractor": "music 2.0", "tonal.chords_key": "G", "tonal.chords_scale": "major", "tonal.key_edma.key": "C", "tonal.key_edma.scale": "major", "tonal.key_krumhansl.key": "C", "tonal.key_krumhansl.scale": "major", "tonal.key_temperley.key": "C", "tonal.key_temperley.scale": "major", "metadata.tags.encoding": ["Lavf58.45.100"]}