{"song_id": "1183669436524273794", "download": "https://cdn.discordapp.com/attachments/1135903449314238464/1183669436524273794/chirp.mp4?ex=65892d11&amp", "lyrics": "(Chorus)\n\uaca8\uc6b8\ube44\uc758 \ub178\ub798\uac00 \ub4e4\ub824\uc640\n\ub0b4 \ub9c8\uc74c\uc744 \uc801\uc2dc\ub124\n\uc774\ubcc4\uc758 \uc544\ud514\ub3c4 \uc124\ub818\ub3c4\n\ubaa8\ub450 \ub2e4 \ud568\uaed8 \ub370\ub824\uac00\n(Instrumental)", "style": ["POP</span><span>, Acoustic</span><span>, Classic</span><span>, Symphony</span><span>,"], "essentia_features": {"lowlevel.average_loudness": 0.8809342980384827, "lowlevel.barkbands_crest.mean": 14.085171699523926, "lowlevel.barkbands_crest.stdev": 5.335866928100586, "lowlevel.barkbands_flatness_db.mean": 0.31226563453674316, "lowlevel.barkbands_flatness_db.stdev": 0.1061192974448204, "lowlevel.barkbands_kurtosis.mean": 20.213787078857422, "lowlevel.barkbands_kurtosis.stdev": 53.736785888671875, "lowlevel.barkbands_skewness.mean": 2.6606593132019043, "lowlevel.barkbands_skewness.stdev": 2.281421661376953, "lowlevel.barkbands_spread.mean": 6.938777923583984, "lowlevel.barkbands_spread.stdev": 12.962895393371582, "lowlevel.dissonance.mean": 0.3891121745109558, "lowlevel.dissonance.stdev": 0.06321275979280472, "lowlevel.dynamic_complexity": 2.8128488063812256, "lowlevel.erbbands_crest.mean": 11.101178169250488, "lowlevel.erbbands_crest.stdev": 3.690993070602417, "lowlevel.erbbands_flatness_db.mean": 0.2490261048078537, "lowlevel.erbbands_flatness_db.stdev": 0.09691130369901657, "lowlevel.erbbands_kurtosis.mean": 4.03806734085083, "lowlevel.erbbands_kurtosis.stdev": 4.9618072509765625, "lowlevel.erbbands_skewness.mean": 1.143156886100769, "lowlevel.erbbands_skewness.stdev": 1.0424365997314453, "lowlevel.erbbands_spread.mean": 23.185054779052734, "lowlevel.erbbands_spread.stdev": 22.173234939575195, "lowlevel.hfc.mean": 13.3330078125, "lowlevel.hfc.stdev": 12.637815475463867, "lowlevel.loudness_ebu128.integrated": -11.578422546386719, "lowlevel.loudness_ebu128.loudness_range": 7.188019752502441, "lowlevel.loudness_ebu128.momentary.mean": -12.72880744934082, "lowlevel.loudness_ebu128.momentary.stdev": 5.027735710144043, "lowlevel.loudness_ebu128.short_term.mean": -12.152146339416504, "lowlevel.loudness_ebu128.short_term.stdev": 2.742372751235962, "lowlevel.melbands_crest.mean": 16.855960845947266, "lowlevel.melbands_crest.stdev": 5.282769203186035, "lowlevel.melbands_flatness_db.mean": 0.41769739985466003, "lowlevel.melbands_flatness_db.stdev": 0.1279187947511673, "lowlevel.melbands_kurtosis.mean": 28.936145782470703, "lowlevel.melbands_kurtosis.stdev": 51.6197509765625, "lowlevel.melbands_skewness.mean": 3.041672706604004, "lowlevel.melbands_skewness.stdev": 2.349280834197998, "lowlevel.melbands_spread.mean": 6.992615699768066, "lowlevel.melbands_spread.stdev": 14.789372444152832, "lowlevel.pitch_salience.mean": 0.471442312002182, "lowlevel.pitch_salience.stdev": 0.14625543355941772, "lowlevel.silence_rate_20dB.mean": 1.0, "lowlevel.silence_rate_20dB.stdev": 0.0, "lowlevel.silence_rate_30dB.mean": 0.855453372001648, "lowlevel.silence_rate_30dB.stdev": 0.3516503572463989, "lowlevel.silence_rate_60dB.mean": 0.01629434898495674, "lowlevel.silence_rate_60dB.stdev": 0.12661072611808777, "lowlevel.spectral_centroid.mean": 460.9884948730469, "lowlevel.spectral_centroid.stdev": 505.1192932128906, "lowlevel.spectral_complexity.mean": 9.21839714050293, "lowlevel.spectral_complexity.stdev": 5.974841117858887, "lowlevel.spectral_decrease.mean": -1.4633053879720137e-08, "lowlevel.spectral_decrease.stdev": 1.3296648226912566e-08, "lowlevel.spectral_energy.mean": 0.056437816470861435, "lowlevel.spectral_energy.stdev": 0.05069877579808235, "lowlevel.spectral_energyband_high.mean": 0.00029033407918177545, "lowlevel.spectral_energyband_high.stdev": 0.0009800517000257969, "lowlevel.spectral_energyband_low.mean": 0.03488011285662651, "lowlevel.spectral_energyband_low.stdev": 0.048907581716775894, "lowlevel.spectral_energyband_middle_high.mean": 0.0013461150228977203, "lowlevel.spectral_energyband_middle_high.stdev": 0.002898072125390172, "lowlevel.spectral_energyband_middle_low.mean": 0.021473918110132217, "lowlevel.spectral_energyband_middle_low.stdev": 0.018159916624426842, "lowlevel.spectral_entropy.mean": 6.134403705596924, "lowlevel.spectral_entropy.stdev": 0.8896922469139099, "lowlevel.spectral_flux.mean": 0.07672202587127686, "lowlevel.spectral_flux.stdev": 0.0875953957438469, "lowlevel.spectral_kurtosis.mean": 51.25531768798828, "lowlevel.spectral_kurtosis.stdev": 77.31687927246094, "lowlevel.spectral_rms.mean": 0.00671811169013381, "lowlevel.spectral_rms.stdev": 0.003150907112285495, "lowlevel.spectral_rolloff.mean": 531.4746704101562, "lowlevel.spectral_rolloff.stdev": 1194.9217529296875, "lowlevel.spectral_skewness.mean": 4.616802215576172, "lowlevel.spectral_skewness.stdev": 3.3136727809906006, "lowlevel.spectral_spread.mean": 3482160.0, "lowlevel.spectral_spread.stdev": 2482943.5, "lowlevel.spectral_strongpeak.mean": 0.7911851406097412, "lowlevel.spectral_strongpeak.stdev": 0.5504667162895203, "lowlevel.zerocrossingrate.mean": 0.023517318069934845, "lowlevel.zerocrossingrate.stdev": 0.03782574459910393, "metadata.audio_properties.analysis.equal_loudness": 0.0, "metadata.audio_properties.analysis.length": 88.31895446777344, "metadata.audio_properties.analysis.sample_rate": 44100.0, "metadata.audio_properties.analysis.start_time": 0.0, "metadata.audio_properties.bit_rate": 124810.0, "metadata.audio_properties.length": 88.31999969482422, "metadata.audio_properties.lossless": 0.0, "metadata.audio_properties.number_channels": 1.0, "metadata.audio_properties.replay_gain": -13.720054626464844, "metadata.audio_properties.sample_rate": 48000.0, "rhythm.beats_count": 203.0, "rhythm.beats_loudness.mean": 0.08073635399341583, "rhythm.beats_loudness.stdev": 0.06907933950424194, "rhythm.bpm": 138.3981170654297, "rhythm.bpm_histogram_first_peak_bpm": 140.0, "rhythm.bpm_histogram_first_peak_weight": 0.3888888955116272, "rhythm.bpm_histogram_second_peak_bpm": 133.0, "rhythm.bpm_histogram_second_peak_spread": 0.0, "rhythm.bpm_histogram_second_peak_weight": 0.019801979884505272, "rhythm.danceability": 1.1792701482772827, "rhythm.onset_rate": 3.712913990020752, "tonal.chords_changes_rate": 0.03520756587386131, "tonal.chords_number_rate": 0.003678402630612254, "tonal.chords_strength.mean": 0.4604761600494385, "tonal.chords_strength.stdev": 0.09064748883247375, "tonal.hpcp_crest.mean": 15.326922416687012, "tonal.hpcp_crest.stdev": 6.088034629821777, "tonal.hpcp_entropy.mean": 1.6339045763015747, "tonal.hpcp_entropy.stdev": 0.595730185508728, "tonal.key_edma.strength": 0.8319688439369202, "tonal.key_krumhansl.strength": 0.8329406380653381, "tonal.key_temperley.strength": 0.8332059979438782, "tonal.tuning_diatonic_strength": 0.6154102683067322, "tonal.tuning_equal_tempered_deviation": 0.011682930402457714, "tonal.tuning_frequency": 439.2381896972656, "tonal.tuning_nontempered_energy_ratio": 0.6008711457252502, "lowlevel.barkbands.mean": [0.0002102846628986299, 0.025568204000592232, 0.007601532153785229, 0.003864204976707697, 0.009987309575080872, 0.0016998348291963339, 0.0031119815539568663, 0.0014866171404719353, 0.0012120908359065652, 0.0005626737838611007, 0.00018405592709314078, 0.0001397967425873503, 0.00010499924974283203, 8.628454088466242e-05, 8.005216659512371e-05, 6.246831617318094e-05, 6.565245712408796e-05, 4.8655147111276165e-05, 4.6125511289574206e-05, 4.795489439857192e-05, 4.0861010347725824e-05, 5.0868453399743885e-05, 5.561541911447421e-05, 5.7574296079110354e-05, 4.762902244692668e-05, 1.3527694136428181e-05, 9.94010520116717e-07], "lowlevel.barkbands.stdev": [0.0004983175313100219, 0.04049224406480789, 0.016266506165266037, 0.008563661016523838, 0.010409760288894176, 0.0022019848693162203, 0.004318068269640207, 0.002488999627530575, 0.0024837397504597902, 0.0011253990232944489, 0.0008265583892352879, 0.0006083559710532427, 0.00039362639654427767, 0.000324831809848547, 0.0002956863318104297, 0.00025293431826867163, 0.00020460074301809072, 0.00021189484687056392, 0.0002443416160531342, 0.00023379636695608497, 0.00017200755246449262, 0.00020352685532998294, 0.00018730468582361937, 0.00024356624635402113, 0.00018154288409277797, 3.911454405169934e-05, 4.270852059562458e-06], "lowlevel.erbbands.mean": [0.5293393135070801, 6.33951473236084, 11.009650230407715, 9.961193084716797, 25.751253128051758, 35.26229476928711, 20.721084594726562, 14.410494804382324, 32.403709411621094, 43.32725143432617, 34.602481842041016, 35.811187744140625, 10.306281089782715, 19.245534896850586, 8.162671089172363, 5.804080963134766, 5.175045490264893, 4.7814130783081055, 4.235347270965576, 3.8011057376861572, 3.6641316413879395, 3.4186336994171143, 2.90191650390625, 2.2176642417907715, 2.480377435684204, 2.266071319580078, 1.8830808401107788, 1.4905955791473389, 1.7726218700408936, 1.931761384010315, 1.4702448844909668, 1.071793556213379, 1.052357792854309, 0.686941921710968, 0.25098493695259094, 0.08231128007173538, 0.020376402884721756, 0.0031111619900912046, 0.0001776250428520143, 6.636416219407693e-05], "lowlevel.erbbands.stdev": [0.9714810252189636, 10.120609283447266, 19.345661163330078, 23.3416748046875, 33.01788330078125, 42.34772872924805, 23.595046997070312, 21.750259399414062, 38.42911148071289, 58.19584655761719, 66.44789123535156, 71.49047088623047, 15.931188583374023, 46.92130661010742, 31.918529510498047, 24.72403907775879, 18.775136947631836, 16.173608779907227, 16.134443283081055, 14.068366050720215, 13.007311820983887, 11.321294784545898, 11.458683013916016, 10.99186897277832, 13.305031776428223, 11.295624732971191, 8.408584594726562, 6.009530544281006, 7.344618797302246, 7.32454776763916, 4.834561347961426, 4.174164295196533, 4.819542407989502, 2.9714508056640625, 0.7821213603019714, 0.2343059927225113, 0.06037487834692001, 0.01064775325357914, 0.0007223474094644189, 5.9154997870791703e-05], "lowlevel.gfcc.mean": [-96.1511001586914, 163.86248779296875, -54.53839111328125, 9.348855972290039, -54.106597900390625, 3.2408745288848877, -42.6236457824707, 6.3282904624938965, -12.149042129516602, -8.813990592956543, -14.835795402526855, -4.183703422546387, -5.4280877113342285], "lowlevel.melbands.mean": [0.0061268676072359085, 0.0066796778701245785, 0.0022294833324849606, 0.0023291222751140594, 0.0008824608521535993, 0.00029880990041419864, 0.0005770188290625811, 0.00043933451524935663, 0.00028672796906903386, 0.0001908560807351023, 4.459522824618034e-05, 8.140955469571054e-05, 2.4937729904195294e-05, 1.8548545995145105e-05, 1.1071704648202285e-05, 1.1220754458918236e-05, 8.752817848289851e-06, 6.69059181745979e-06, 5.588195108430227e-06, 4.806545348401414e-06, 4.233282197674271e-06, 3.6111096051172353e-06, 3.169056071783416e-06, 2.150116642951616e-06, 1.7295382122028968e-06, 1.7746928051565192e-06, 1.778653768269578e-06, 1.4323632058221847e-06, 1.2165660336904693e-06, 9.250260859516857e-07, 8.545280252292287e-07, 9.78757952907472e-07, 1.0355157655794756e-06, 1.1115848792542238e-06, 9.013398880597379e-07, 6.568424169017817e-07, 6.551952651534521e-07, 7.387043297057971e-07, 7.005397719694884e-07, 5.414098041001125e-07], "lowlevel.melbands.stdev": [0.01007709838449955, 0.010222871787846088, 0.003962733782827854, 0.0025966435205191374, 0.0009788547176867723, 0.0004397733719088137, 0.0007261079736053944, 0.0005792482406832278, 0.0005535536911338568, 0.0003807560133282095, 7.644699508091435e-05, 0.00020040315575897694, 0.00010871325503103435, 7.188153540482745e-05, 5.044596764491871e-05, 4.3121424823766574e-05, 3.1711468182038516e-05, 2.657146251294762e-05, 2.1874968297197483e-05, 1.8791601178236306e-05, 1.4775158888369333e-05, 1.2172600690973923e-05, 1.1685021490848158e-05, 9.568886525812559e-06, 9.055324881046545e-06, 1.005387275654357e-05, 9.567746019456536e-06, 7.124801413738169e-06, 5.5807722674217075e-06, 3.917328740499215e-06, 3.5282832868688274e-06, 4.1133721424557734e-06, 4.370791430119425e-06, 4.151735538471257e-06, 2.9075981728965417e-06, 2.474603888913407e-06, 2.6458817501406884e-06, 3.422455847612582e-06, 3.3308263027720386e-06, 2.254598257422913e-06], "lowlevel.melbands128.mean": [0.00018440422718413174, 0.002931001363322139, 0.009208323433995247, 0.011189457960426807, 0.007181053515523672, 0.0031371996738016605, 0.0017005103873088956, 0.002166922204196453, 0.0026539673563092947, 0.0026875189505517483, 0.0019820493180304766, 0.0011458873050287366, 0.0007223888533189893, 0.00030193576822057366, 0.00039252248825505376, 0.0002165670011891052, 0.00019384453480597585, 0.0007290305220521986, 0.0010317489504814148, 0.0003545635554473847, 0.00025030551478266716, 0.00026959218666888773, 0.0002973247319459915, 0.00026065914425998926, 0.0003638099879026413, 7.659123366465792e-05, 2.5891724362736568e-05, 4.650695700547658e-05, 2.911257070081774e-05, 0.00014509752509184182, 7.111888407962397e-05, 2.128364212694578e-05, 2.1439285774249583e-05, 3.228272180422209e-05, 1.698234882496763e-05, 1.723151763144415e-05, 1.5445377357536927e-05, 9.24781670619268e-06, 9.40451991482405e-06, 1.276173770747846e-05, 1.3335925359569956e-05, 5.376583885663422e-06, 9.172933459922206e-06, 1.0982727872033138e-05, 5.9917902035522275e-06, 5.9358039834478404e-06, 7.611247838212876e-06, 5.1684728532563895e-06, 5.202459760766942e-06, 4.901081410935149e-06, 4.887424893240677e-06, 4.664812422561226e-06, 3.7676156807719963e-06, 4.47016509497189e-06, 4.369214821053902e-06, 3.1596264307154343e-06, 3.275409653724637e-06, 3.613367198340711e-06, 2.9650325359398266e-06, 2.736938768066466e-06, 1.9797344066319056e-06, 1.962016995094018e-06, 1.5639195680705598e-06, 1.847156909207115e-06, 1.6596950445091352e-06, 1.6619549114693655e-06, 2.0048878468514886e-06, 1.7184059970531962e-06, 1.8081285588777973e-06, 1.759692622727016e-06, 1.3422371694105095e-06, 1.3780316976408358e-06, 1.1938053603444132e-06, 1.201599843625445e-06, 1.2528623756224988e-06, 9.24754772313463e-07, 8.072547643678263e-07, 7.622562634423957e-07, 9.050776839103492e-07, 8.578654728808033e-07, 9.839906169872847e-07, 1.0183244967265637e-06, 1.0148664841835853e-06, 1.0346893759560771e-06, 1.0577119837762439e-06, 1.0863163879548665e-06, 1.1515479627632885e-06, 1.10158350707934e-06, 9.201400530400861e-07, 7.377314545919944e-07, 6.817814437454217e-07, 6.494805688816996e-07, 5.798422648695123e-07, 6.295047683124722e-07, 7.431652306877368e-07, 6.737691364833154e-07, 7.531850201303314e-07, 8.065222800723859e-07, 6.651371791122074e-07, 6.859286827420874e-07, 6.639479579462204e-07, 4.960374440088344e-07, 4.37818755472108e-07, 3.1379119036500924e-07, 2.6816849185706815e-07, 2.2789301112879912e-07, 1.9241724658058956e-07, 1.7793867357340787e-07, 1.3243734997558931e-07, 1.0523933724471135e-07, 9.315124316344736e-08, 7.375344068805134e-08, 6.047415723742233e-08, 4.5776594959079375e-08, 3.666592363060772e-08, 2.8642750393714778e-08, 2.043361035930502e-08, 1.2998740750447269e-08, 5.447092110699714e-09, 2.816651578640972e-09, 2.0318049465117838e-09, 4.3335299237945435e-10, 1.5390072896637186e-11, 1.316627362690781e-11, 1.134495709181893e-11, 8.881196125742896e-12, 7.050065826269547e-12, 6.761312430075828e-12], "lowlevel.melbands128.stdev": [0.0004816734290216118, 0.006680726073682308, 0.01665494032204151, 0.01854088343679905, 0.012294508516788483, 0.007342457305639982, 0.005195016972720623, 0.004295405000448227, 0.003968517296016216, 0.003975668456405401, 0.00272923125885427, 0.0017310252878814936, 0.0009689952130429447, 0.00041591605986468494, 0.0007530562579631805, 0.00042231017141602933, 0.0003592301218304783, 0.0009753622580319643, 0.001795798772946, 0.0005231515970081091, 0.0005553905502893031, 0.0005998648121021688, 0.000742772244848311, 0.0006158275064080954, 0.0008215084089897573, 0.00020234574913047254, 8.630123920738697e-05, 0.00012124908244004473, 6.648310227319598e-05, 0.00036575569538399577, 0.00022329775674734265, 0.0001191750488942489, 0.00013841065810993314, 0.00015725308912806213, 9.767062147147954e-05, 0.0001012931825243868, 8.676211291458458e-05, 7.603204721817747e-05, 5.222463732934557e-05, 5.598755888058804e-05, 5.8522076869849116e-05, 2.9122164050932042e-05, 3.799529804382473e-05, 4.4115877244621515e-05, 3.494412521831691e-05, 2.6501940737944096e-05, 3.355469380039722e-05, 2.63717465713853e-05, 2.3941076506162062e-05, 2.1693176677217707e-05, 2.3391337890643626e-05, 2.106314423144795e-05, 1.7495660358690657e-05, 1.6321557268383913e-05, 1.4885726159263868e-05, 1.443609653506428e-05, 1.3044470506429207e-05, 1.375798001390649e-05, 1.3960012438474223e-05, 1.174009776150342e-05, 9.874030183709692e-06, 1.0688521797419526e-05, 8.173550668288954e-06, 1.1714800166373607e-05, 1.1269996321061626e-05, 1.1332154826959595e-05, 1.288541443500435e-05, 9.696805136627518e-06, 1.0250238119624555e-05, 1.1596283002290875e-05, 7.330153039220022e-06, 6.8142944655846804e-06, 5.961983788438374e-06, 5.851318292116048e-06, 6.340951586025767e-06, 4.144063041167101e-06, 3.492473751975922e-06, 3.369764499439043e-06, 4.016381808469305e-06, 3.7344873362599174e-06, 4.215396984363906e-06, 4.853669452131726e-06, 5.245665761322016e-06, 4.340374744060682e-06, 4.617373633664101e-06, 4.673260718845995e-06, 4.601172349794069e-06, 3.847648713417584e-06, 3.0765263545617927e-06, 2.68983035311976e-06, 2.595725391074666e-06, 2.5843912681011716e-06, 2.5100719085457968e-06, 2.6231323317915667e-06, 3.1100244086701423e-06, 3.1605181902705226e-06, 3.792355983023299e-06, 4.124157840124099e-06, 3.115910203632666e-06, 3.75930198970309e-06, 3.0310327474580845e-06, 2.025735966526554e-06, 1.7590095922059845e-06, 9.928864983521635e-07, 8.76409785632859e-07, 6.962697511880833e-07, 5.875529041077243e-07, 5.438818675429502e-07, 4.0777464960228826e-07, 3.2351442769140704e-07, 2.977565713990771e-07, 2.3023622475193406e-07, 1.898035719705149e-07, 1.578242887489978e-07, 1.3209280780301924e-07, 1.0465584665553251e-07, 8.138296436754899e-08, 5.408241321447349e-08, 3.513750002070992e-08, 2.6841217248829707e-08, 1.9909919046767754e-08, 4.678968323901245e-09, 1.0694049812354223e-10, 7.995667322679978e-11, 5.935921199018424e-11, 3.174823251517189e-11, 1.3020065928182056e-11, 1.2271085189641262e-11], "lowlevel.mfcc.mean": [-758.5494384765625, 198.32200622558594, 54.557899475097656, 15.701107025146484, 15.791691780090332, -3.1939733028411865, -12.354180335998535, 4.86855411529541, 3.445868492126465, -2.1202571392059326, -1.3218899965286255, -2.7248871326446533, 0.6692557334899902], "lowlevel.spectral_contrast_coeffs.mean": [-0.6274869441986084, -0.6772525906562805, -0.7386639714241028, -0.8037397265434265, -0.7913602590560913, -0.820558488368988], "lowlevel.spectral_contrast_coeffs.stdev": [0.08480628579854965, 0.07108376920223236, 0.07976638525724411, 0.049058619886636734, 0.05682618170976639, 0.050732191652059555], "lowlevel.spectral_contrast_valleys.mean": [-6.52757453918457, -7.058513641357422, -8.526876449584961, -9.155414581298828, -9.88879680633545, -11.80487060546875], "lowlevel.spectral_contrast_valleys.stdev": [1.2605220079421997, 1.114642858505249, 1.105399250984192, 1.2305729389190674, 1.8222049474716187, 1.9489543437957764], "rhythm.beats_loudness_band_ratio.mean": [0.6147720813751221, 0.2392166256904602, 0.11836940050125122, 0.029310569167137146, 0.023512210696935654, 0.01899147219955921], "rhythm.beats_loudness_band_ratio.stdev": [0.29881373047828674, 0.21292485296726227, 0.12297158688306808, 0.04351766034960747, 0.05913527309894562, 0.03890151157975197], "tonal.hpcp.mean": [0.23376590013504028, 0.14995768666267395, 0.15226906538009644, 0.2836243510246277, 0.17139531672000885, 0.01983989216387272, 0.01879296824336052, 0.019399220123887062, 0.12789033353328705, 0.22172774374485016, 0.11279603093862534, 0.0178835391998291, 0.013499004766345024, 0.013228957541286945, 0.08966924250125885, 0.2322305589914322, 0.16521334648132324, 0.022050438448786736, 0.013059219345450401, 0.010677711106836796, 0.023841405287384987, 0.04958883300423622, 0.04670006036758423, 0.17552444338798523, 0.29401975870132446, 0.14444386959075928, 0.01668286696076393, 0.013597721233963966, 0.018824320286512375, 0.13004259765148163, 0.20551122725009918, 0.09573625028133392, 0.013258805498480797, 0.012514856643974781, 0.02571188472211361, 0.1308315396308899], "tonal.hpcp.stdev": [0.35132187604904175, 0.2424609363079071, 0.22149324417114258, 0.3748779892921448, 0.24235285818576813, 0.10001956671476364, 0.114340640604496, 0.10553865134716034, 0.2067868411540985, 0.3251848518848419, 0.17792610824108124, 0.10442334413528442, 0.09039294719696045, 0.08280889689922333, 0.14655746519565582, 0.3243917226791382, 0.266855925321579, 0.10651519149541855, 0.0866861492395401, 0.0752258151769638, 0.08389122039079666, 0.13484825193881989, 0.12760058045387268, 0.25398191809654236, 0.390877902507782, 0.21589484810829163, 0.09675534069538116, 0.08527955412864685, 0.09709213674068451, 0.24120916426181793, 0.3564054071903229, 0.18394735455513, 0.0739344134926796, 0.07810817658901215, 0.12096026539802551, 0.23445646464824677], "rhythm.beats_position": [0.4760090708732605, 0.9287981986999512, 1.369977355003357, 1.8111563920974731, 2.252335548400879, 2.693514585494995, 3.1230838298797607, 3.5526530742645264, 3.982222080230713, 4.423401355743408, 4.852970600128174, 5.282539367675781, 5.723718643188477, 6.153287887573242, 6.582857131958008, 7.012426376342773, 7.441995143890381, 7.883174419403076, 8.324353218078613, 8.765532493591309, 9.195101737976074, 9.62467098236084, 10.054240226745605, 10.4954195022583, 10.924988746643066, 11.354557991027832, 11.784127235412598, 12.213695526123047, 12.631654739379883, 13.061223983764648, 13.490793228149414, 13.93197250366211, 14.373151779174805, 14.8143310546875, 15.255510330200195, 15.685078620910645, 16.114648818969727, 16.544218063354492, 16.973787307739258, 17.414966583251953, 17.856143951416016, 18.28571319580078, 18.715282440185547, 19.156461715698242, 19.586030960083008, 20.015600204467773, 20.45677947998047, 20.886348724365234, 21.31591796875, 21.745487213134766, 22.17505645751953, 22.616235733032227, 23.034194946289062, 23.475374221801758, 23.916553497314453, 24.34612274169922, 24.775691986083984, 25.20526123046875, 25.634828567504883, 26.076007843017578, 26.517187118530273, 26.95836639404297, 27.387935638427734, 27.8175048828125, 28.258684158325195, 28.68825340270996, 29.117822647094727, 29.547391891479492, 29.976961135864258, 30.418140411376953, 30.84770965576172, 31.277278900146484, 31.71845817565918, 32.14802551269531, 32.57759475708008, 33.018775939941406, 33.44834518432617, 33.87791442871094, 34.319091796875, 34.748661041259766, 35.17823028564453, 35.6077995300293, 36.03736877441406, 36.47854995727539, 36.90811538696289, 37.337684631347656, 37.778865814208984, 38.20843505859375, 38.638004302978516, 39.07918167114258, 39.520362854003906, 39.93832015991211, 40.37950134277344, 40.8206787109375, 41.250247955322266, 41.67981719970703, 42.12099838256836, 42.550567626953125, 42.98013687133789, 43.42131423950195, 43.85088348388672, 44.280452728271484, 44.71002197265625, 45.139591217041016, 45.58076858520508, 46.010337829589844, 46.43990707397461, 46.88108825683594, 47.3106575012207, 47.74022674560547, 48.18140411376953, 48.6109733581543, 49.052154541015625, 49.48172378540039, 49.911293029785156, 50.34086227416992, 50.77043151855469, 51.21160888671875, 51.641178131103516, 52.07074737548828, 52.50031661987305, 52.94149398803711, 53.38267517089844, 53.8122444152832, 54.24181365966797, 54.68299102783203, 55.12417221069336, 55.553741455078125, 55.98331069946289, 56.412879943847656, 56.84244918823242, 57.283626556396484, 57.71319580078125, 58.142765045166016, 58.583946228027344, 59.01351547241211, 59.443084716796875, 59.872650146484375, 60.30221939086914, 60.74340057373047, 61.172969818115234, 61.6025390625, 62.04371643066406, 62.47328567504883, 62.914466857910156, 63.34403610229492, 63.785213470458984, 64.22639465332031, 64.67918395996094, 65.13197326660156, 65.58476257324219, 66.02593994140625, 66.46711730957031, 66.89669036865234, 67.3378677368164, 67.7674331665039, 68.19700622558594, 68.63818359375, 69.06775665283203, 69.49732208251953, 69.9384994506836, 70.36807250976562, 70.79763793945312, 71.23882293701172, 71.68000030517578, 72.10956573486328, 72.53913879394531, 72.96870422363281, 73.39827728271484, 73.8394546508789, 74.28063201904297, 74.710205078125, 75.1397705078125, 75.58094787597656, 75.99890899658203, 76.4400863647461, 76.88127136230469, 77.31083679199219, 77.74040985107422, 78.18158721923828, 78.61115264892578, 79.04072570800781, 79.47029113769531, 79.89986419677734, 80.32942962646484, 80.75900268554688, 81.20018005371094, 81.641357421875, 82.07093048095703, 82.50049591064453, 82.9416732788086, 83.38285827636719, 83.82403564453125, 84.25360107421875, 84.68317413330078, 85.11273956298828, 85.54231262207031, 85.97187805175781, 86.40145111083984, 86.8426284790039, 87.28380584716797, 87.71337890625, 88.1429443359375], "rhythm.bpm_histogram": [0.0, 0.0, 0.0, 0.0, 0.0, 0.0, 0.0, 0.0, 0.0, 0.0, 0.0, 0.0, 0.0, 0.0, 0.0, 0.0, 0.0, 0.0, 0.0, 0.0, 0.0, 0.0, 0.0, 0.0, 0.0, 0.0, 0.0, 0.0, 0.0, 0.0, 0.0, 0.0, 0.0, 0.0, 0.0, 0.0, 0.0, 0.0, 0.0, 0.0, 0.0, 0.0, 0.0, 0.0, 0.0, 0.0, 0.0, 0.0, 0.0, 0.0, 0.0, 0.0, 0.0, 0.0, 0.0, 0.0, 0.0, 0.0, 0.0, 0.0, 0.0, 0.0, 0.0, 0.0, 0.0, 0.0, 0.0, 0.0, 0.0, 0.0, 0.0, 0.0, 0.0, 0.0, 0.0, 0.0, 0.0, 0.0, 0.0, 0.0, 0.0, 0.0, 0.0, 0.0, 0.0, 0.0, 0.0, 0.0, 0.0, 0.0, 0.0, 0.0, 0.0, 0.0, 0.0, 0.0, 0.0, 0.0, 0.0, 0.0, 0.0, 0.0, 0.0, 0.0, 0.0, 0.0, 0.0, 0.0, 0.0, 0.0, 0.0, 0.0, 0.0, 0.0, 0.0, 0.0, 0.0, 0.0, 0.0, 0.0, 0.0, 0.0, 0.0, 0.0, 0.0, 0.0, 0.0, 0.0, 0.0, 0.0, 0.0, 0.0, 0.0, 0.019801979884505272, 0.0, 0.0, 0.36138615012168884, 0.0, 0.0, 0.0, 0.5990098714828491, 0.0, 0.0, 0.0, 0.019801979884505272, 0.0, 0.0, 0.0, 0.0, 0.0, 0.0, 0.0, 0.0, 0.0, 0.0, 0.0, 0.0, 0.0, 0.0, 0.0, 0.0, 0.0, 0.0, 0.0, 0.0, 0.0, 0.0, 0.0, 0.0, 0.0, 0.0, 0.0, 0.0, 0.0, 0.0, 0.0, 0.0, 0.0, 0.0, 0.0, 0.0, 0.0, 0.0, 0.0, 0.0, 0.0, 0.0, 0.0, 0.0, 0.0, 0.0, 0.0, 0.0, 0.0, 0.0, 0.0, 0.0, 0.0, 0.0, 0.0, 0.0, 0.0, 0.0, 0.0, 0.0, 0.0, 0.0, 0.0, 0.0, 0.0, 0.0, 0.0, 0.0, 0.0, 0.0, 0.0, 0.0, 0.0, 0.0, 0.0, 0.0, 0.0, 0.0, 0.0, 0.0, 0.0, 0.0, 0.0, 0.0, 0.0, 0.0, 0.0, 0.0, 0.0, 0.0, 0.0, 0.0, 0.0, 0.0, 0.0, 0.0, 0.0, 0.0, 0.0, 0.0, 0.0, 0.0, 0.0, 0.0, 0.0], "tonal.chords_histogram": [9.143457412719727, 12.874408721923828, 50.44666290283203, 1.1560693979263306, 2.4697844982147217, 0.0, 0.0525486059486866, 0.0, 0.8933263421058655, 0.0, 0.0, 0.0, 0.0, 0.0, 0.0, 0.0, 0.0, 0.0, 0.0, 0.2627430260181427, 0.0, 4.203888416290283, 0.0, 18.49711036682129], "tonal.thpcp": [1.0, 0.4912726581096649, 0.05674063041806221, 0.04624764621257782, 0.06402399390935898, 0.4422920346260071, 0.6989707946777344, 0.3256116211414337, 0.04509494826197624, 0.04256467893719673, 0.08744951337575912, 0.444975346326828, 0.7950686812400818, 0.5100258588790894, 0.5178871750831604, 0.9646438360214233, 0.5829380750656128, 0.06747809052467346, 0.0639173686504364, 0.06597930938005447, 0.4349718987941742, 0.7541252970695496, 0.38363417983055115, 0.06082427501678467, 0.04591189697384834, 0.044993430376052856, 0.3049769401550293, 0.7898467779159546, 0.5619124174118042, 0.0749964490532875, 0.04441612958908081, 0.03631630539894104, 0.08108776807785034, 0.16865816712379456, 0.1588330715894699, 0.5969818234443665], "lowlevel.gfcc.cov": [[14930.953125, -4464.625, -67.82339477539062, 2464.212158203125, -1675.157470703125, 1811.6351318359375, -510.40557861328125, 595.1835327148438, -293.3961486816406, 894.000732421875, -401.1529235839844, 64.34638214111328, -567.7511596679688], [-4464.625, 4761.5302734375, 58.2963981628418, -1881.0086669921875, 1228.50634765625, -1035.098876953125, 648.8217163085938, -174.04798889160156, 451.88751220703125, -673.1126708984375, 261.86749267578125, -156.08517456054688, 411.1962585449219], [-67.82339477539062, 58.2963981628418, 862.864013671875, 176.38470458984375, 68.65052032470703, 322.4841003417969, 99.10861206054688, 3.4008617401123047, 115.92185974121094, 103.9043197631836, 69.71072387695312, 20.681461334228516, 4.336240291595459], [2464.212158203125, -1881.0086669921875, 176.38470458984375, 1255.2059326171875, -313.0437927246094, 459.9943542480469, -211.72964477539062, 145.033203125, -22.073041915893555, 337.8376159667969, -51.36744689941406, 60.12283706665039, -83.37767028808594], [-1675.157470703125, 1228.50634765625, 68.65052032470703, -313.0437927246094, 749.7265625, -196.74879455566406, 236.67430114746094, 4.768734931945801, 216.4557342529297, -116.78128051757812, 141.7022247314453, 10.3668851852417, 171.32936096191406], [1811.6351318359375, -1035.098876953125, 322.4841003417969, 459.9943542480469, -196.74879455566406, 712.0162353515625, 16.314252853393555, 85.37420654296875, -46.30309295654297, 265.98321533203125, 20.3126163482666, 53.436344146728516, -119.50261688232422], [-510.40557861328125, 648.8217163085938, 99.10861206054688, -211.72964477539062, 236.67430114746094, 16.314252853393555, 425.376220703125, 92.87947845458984, 112.41797637939453, -43.65510940551758, 90.47235870361328, 1.216854453086853, 90.5277099609375], [595.1835327148438, -174.04798889160156, 3.4008617401123047, 145.033203125, 4.768734931945801, 85.37420654296875, 92.87947845458984, 217.9232940673828, 96.45374298095703, 26.14713478088379, -17.249143600463867, 27.31978416442871, 26.056114196777344], [-293.3961486816406, 451.88751220703125, 115.92185974121094, -22.073041915893555, 216.4557342529297, -46.30309295654297, 112.41797637939453, 96.45374298095703, 267.533935546875, -1.7170195579528809, 24.841827392578125, -13.877140998840332, 88.3342056274414], [894.000732421875, -673.1126708984375, 103.9043197631836, 337.8376159667969, -116.78128051757812, 265.98321533203125, -43.65510940551758, 26.14713478088379, -1.7170195579528809, 244.05990600585938, 26.656829833984375, 11.997851371765137, -48.00400924682617], [-401.1529235839844, 261.86749267578125, 69.71072387695312, -51.36744689941406, 141.7022247314453, 20.3126163482666, 90.47235870361328, -17.249143600463867, 24.841827392578125, 26.656829833984375, 146.03506469726562, 28.600444793701172, 35.601070404052734], [64.34638214111328, -156.08517456054688, 20.681461334228516, 60.12283706665039, 10.3668851852417, 53.436344146728516, 1.216854453086853, 27.31978416442871, -13.877140998840332, 11.997851371765137, 28.600444793701172, 105.3689193725586, 17.459564208984375], [-567.7511596679688, 411.1962585449219, 4.336240291595459, -83.37767028808594, 171.32936096191406, -119.50261688232422, 90.5277099609375, 26.056114196777344, 88.3342056274414, -48.00400924682617, 35.601070404052734, 17.459564208984375, 139.60496520996094]], "lowlevel.gfcc.icov": [[0.00030001430422998965, -0.0007394093554466963, 0.00042012243648059666, -0.0008586507174186409, 0.0006150668486952782, -0.0007469755946658552, 0.00024977108114399016, -0.0007377018337137997, 0.0005155968829058111, -0.0008328310796059668, 0.0009225864778272808, -0.000564082816708833, 0.0006762450793758035], [-0.0007394093554466963, 0.004068726673722267, -0.00157684157602489, 0.00391367357224226, -0.002470989478752017, 0.0024921714793890715, -0.0012785770231857896, 0.0027099400758743286, -0.003086285898461938, 0.004450018052011728, -0.004297811072319746, 0.0035946050193160772, -0.0029862483497709036], [0.00042012243648059666, -0.00157684157602489, 0.002470494480803609, -0.0018428749172016978, 0.0012193014845252037, -0.0022775724064558744, 0.0002482171985320747, -0.00012715767661575228, -0.00010634268255671486, -0.001127381226979196, 0.001347087905742228, -0.0013945960672572255, 0.0011029685847461224], [-0.0008586507174186409, 0.00391367357224226, -0.0018428749172016978, 0.005614538211375475, -0.0024631302803754807, 0.002417956944555044, -0.0003632563748396933, 0.0016278172843158245, -0.002635224023833871, 0.0024594974238425493, -0.0038014445453882217, 0.003060245420783758, -0.0034847580827772617], [0.0006150668486952782, -0.002470989478752017, 0.0012193014845252037, -0.0024631302803754807, 0.0045073688961565495, -0.0018938611028715968, 0.0003283061960246414, -0.001051838044077158, -2.3493401386076584e-05, -0.0016442547785118222, 0.000823355105239898, -0.0022258355747908354, 0.0006190578569658101], [-0.0007469755946658552, 0.0024921714793890715, -0.0022775724064558744, 0.002417956944555044, -0.0018938611028715968, 0.005926771555095911, -0.0017390410648658872, 0.0009616382303647697, -0.0007832887931726873, -0.00023391799186356366, -0.0024423522409051657, 0.000680937897413969, 0.00043514990829862654], [0.00024977108114399016, -0.0012785770231857896, 0.0002482171985320747, -0.0003632563748396933, 0.0003283061960246414, -0.0017390410648658872, 0.004871536511927843, -0.0032993669155985117, 0.0012146029621362686, -0.0008619081345386803, -0.0006683447863906622, 0.000335263175657019, -0.0008140434511005878], [-0.0007377018337137997, 0.0027099400758743286, -0.00012715767661575228, 0.0016278172843158245, -0.001051838044077158, 0.0009616382303647697, -0.0032993669155985117, 0.011031567119061947, -0.005892711691558361, 0.004308738745748997, -0.0012093884870409966, -0.00020823370141442865, -0.0022667101584374905], [0.0005155968829058111, -0.003086285898461938, -0.00010634268255671486, -0.002635224023833871, -2.3493401386076584e-05, -0.0007832887931726873, 0.0012146029621362686, -0.005892711691558361, 0.010450988076627254, -0.005396923050284386, 0.004111492540687323, -0.0005470914184115827, -0.0001613622735021636], [-0.0008328310796059668, 0.004450018052011728, -0.001127381226979196, 0.0024594974238425493, -0.0016442547785118222, -0.00023391799186356366, -0.0008619081345386803, 0.004308738745748997, -0.005396923050284386, 0.015304816886782646, -0.008331755176186562, 0.005445901304483414, -0.0032967394217848778], [0.0009225864778272808, -0.004297811072319746, 0.001347087905742228, -0.0038014445453882217, 0.000823355105239898, -0.0024423522409051657, -0.0006683447863906622, -0.0012093884870409966, 0.004111492540687323, -0.008331755176186562, 0.01640835590660572, -0.0069870068691670895, 0.0028797092381864786], [-0.000564082816708833, 0.0035946050193160772, -0.0013945960672572255, 0.003060245420783758, -0.0022258355747908354, 0.000680937897413969, 0.000335263175657019, -0.00020823370141442865, -0.0005470914184115827, 0.005445901304483414, -0.0069870068691670895, 0.015784436836838722, -0.00584818609058857], [0.0006762450793758035, -0.0029862483497709036, 0.0011029685847461224, -0.0034847580827772617, 0.0006190578569658101, 0.00043514990829862654, -0.0008140434511005878, -0.0022667101584374905, -0.0001613622735021636, -0.0032967394217848778, 0.0028797092381864786, -0.00584818609058857, 0.01612275280058384]], "lowlevel.mfcc.cov": [[12324.158203125, -5044.4658203125, 467.129150390625, 441.47039794921875, -158.0265655517578, 579.1444091796875, 304.0523986816406, -78.12614440917969, 32.11101150512695, 507.5108642578125, 326.2685241699219, 91.93341064453125, 241.54258728027344], [-5044.4658203125, 4883.80615234375, -408.5751647949219, -526.7191162109375, 46.184532165527344, -393.6081848144531, -99.8770523071289, 302.4522399902344, 234.3710174560547, -99.60946655273438, -99.83966064453125, 46.74325942993164, -91.50621795654297], [467.129150390625, -408.5751647949219, 765.3770751953125, 36.013572692871094, 35.921695709228516, 242.77781677246094, 99.54132080078125, 16.288297653198242, 11.463968276977539, 80.22139739990234, 60.46965026855469, 54.47891616821289, 65.89735412597656], [441.47039794921875, -526.7191162109375, 36.013572692871094, 516.412353515625, 129.7584686279297, 11.402521133422852, -22.703115463256836, -22.91869354248047, 97.57381439208984, 61.7055778503418, -16.67750358581543, 69.60350799560547, 54.869346618652344], [-158.0265655517578, 46.184532165527344, 35.921695709228516, 129.7584686279297, 381.3307800292969, 118.92816925048828, -22.792024612426758, 24.686262130737305, 50.09305953979492, 24.474687576293945, 35.578609466552734, 49.83272933959961, 50.67562484741211], [579.1444091796875, -393.6081848144531, 242.77781677246094, 11.402521133422852, 118.92816925048828, 371.74609375, 176.14962768554688, -3.7044918537139893, -10.955269813537598, 85.95533752441406, 95.99649810791016, 56.08206558227539, 48.412227630615234], [304.0523986816406, -99.8770523071289, 99.54132080078125, -22.703115463256836, -22.792024612426758, 176.14962768554688, 294.5356750488281, 69.6811752319336, 0.13338781893253326, 55.73503112792969, 55.140350341796875, 61.0135498046875, 41.3443603515625], [-78.12614440917969, 302.4522399902344, 16.288297653198242, -22.91869354248047, 24.686262130737305, -3.7044918537139893, 69.6811752319336, 228.59579467773438, 115.72291564941406, 31.03278160095215, 5.963678359985352, 51.106903076171875, 44.048126220703125], [32.11101150512695, 234.3710174560547, 11.463968276977539, 97.57381439208984, 50.09305953979492, -10.955269813537598, 0.13338781893253326, 115.72291564941406, 250.33599853515625, 111.89582061767578, -18.46756362915039, 75.69340515136719, 44.757320404052734], [507.5108642578125, -99.60946655273438, 80.22139739990234, 61.7055778503418, 24.474687576293945, 85.95533752441406, 55.73503112792969, 31.03278160095215, 111.89582061767578, 221.3624267578125, 75.8397445678711, 44.21927261352539, 30.16472053527832], [326.2685241699219, -99.83966064453125, 60.46965026855469, -16.67750358581543, 35.578609466552734, 95.99649810791016, 55.140350341796875, 5.963678359985352, -18.46756362915039, 75.8397445678711, 138.6860809326172, 25.28307342529297, 10.132024765014648], [91.93341064453125, 46.74325942993164, 54.47891616821289, 69.60350799560547, 49.83272933959961, 56.08206558227539, 61.0135498046875, 51.106903076171875, 75.69340515136719, 44.21927261352539, 25.28307342529297, 122.45108032226562, 48.27180099487305], [241.54258728027344, -91.50621795654297, 65.89735412597656, 54.869346618652344, 50.67562484741211, 48.412227630615234, 41.3443603515625, 44.048126220703125, 44.757320404052734, 30.16472053527832, 10.132024765014648, 48.27180099487305, 124.84017944335938]], "lowlevel.mfcc.icov": [[0.00016999989748001099, 0.00018257906776852906, 4.774724948219955e-05, 6.482823664555326e-05, 0.00010557710629655048, -3.819315679720603e-05, 2.6072024411405437e-05, -8.810642611933872e-05, -8.60587606439367e-05, -0.00020468801085371524, -0.00017083119018934667, -3.7249556044116616e-05, -0.00014579993148799986], [0.00018257906776852906, 0.0005221112514846027, 9.415711247129366e-05, 0.0005128529737703502, -0.00016621066606603563, 0.0003626774705480784, -7.374764390988275e-05, -0.0002457429945934564, -0.00043532371637411416, -0.00010828699305420741, -0.00014752856804989278, -0.00033620474277995527, 0.00011650020314846188], [4.774724948219955e-05, 9.415711247129366e-05, 0.0017594051314517856, -3.3338703360641375e-05, 0.0004046322137583047, -0.0013067354448139668, 0.00044525862904265523, -0.00031779587152414024, 0.00016495498130097985, -0.0002843810652848333, 9.259735088562593e-05, -0.000308840477373451, -0.0005087794852443039], [6.482823664555326e-05, 0.0005128529737703502, -3.3338703360641375e-05, 0.0032232338562607765, -0.0011754502775147557, 0.0010223973076790571, -0.00023617807892151177, 0.0008780454518273473, -0.0011191032826900482, -0.0004654389922507107, 0.0006622127839364111, -0.001470486749894917, -0.00027098204009234905], [0.00010557710629655048, -0.00016621066606603563, 0.0004046322137583047, -0.0011754502775147557, 0.004242586437612772, -0.0025478345341980457, 0.001894113258458674, -0.0006990560796111822, -0.00011903508857358247, 0.000586466456297785, -0.0009445197065360844, -0.00026568787870928645, -0.001057468936778605], [-3.819315679720603e-05, 0.0003626774705480784, -0.0013067354448139668, 0.0010223973076790571, -0.0025478345341980457, 0.007081029936671257, -0.003638200694695115, 0.0015525107737630606, -0.00026300965691916645, -0.0006155683659017086, -0.0014373003505170345, -0.0005002816906198859, 7.862481288611889e-05], [2.6072024411405437e-05, -7.374764390988275e-05, 0.00044525862904265523, -0.00023617807892151177, 0.001894113258458674, -0.003638200694695115, 0.006747695151716