{"song_id": "1183702837415391262", "download": "https://cdn.discordapp.com/attachments/1128313332273782784/1183702837415391262/chirp.mp4?ex=65894c2c&amp", "lyrics": "Sunce sja na nebu plavom,\nCvjetaju cvjeti\u0107i raznobojnom.\nPtice pjevaju u jutarnjoj \u0161umi,\nDjeca se smiju, radosti puni.\n\nTrava zelena pod nogama ska\u010de,\nSre\u0107a raste, kao cvijet cvjeta\u010de.\nIgrajmo se, veselo i s ljubavlju,\nDje\u010dji svijet pun radosti i zabave.\n\n[verse]\nMi pjevamo, mi smo sretni\nZajedno pjesmu pjevajmo mi\nSvaki ton nam srce grije\nSvi u glas, neka veselje traje\n\n[chorus]\nPjevajmo, pjevajmo svi zajedno\nRadost neka zauvijek traje u svakom trenu\nPjesmom sre\u0107u svijetu donosimo\nMi mali, veliki pjeva\u010di, osmijehom zra\u010dimo", "style": ["synthpop"], "essentia_features": {"lowlevel.average_loudness": 0.8203384280204773, "lowlevel.barkbands_crest.mean": 16.961902618408203, "lowlevel.barkbands_crest.stdev": 5.537942886352539, "lowlevel.barkbands_flatness_db.mean": 0.34162187576293945, "lowlevel.barkbands_flatness_db.stdev": 0.08996627479791641, "lowlevel.barkbands_kurtosis.mean": 36.91299057006836, "lowlevel.barkbands_kurtosis.stdev": 56.58723449707031, "lowlevel.barkbands_skewness.mean": 3.818077325820923, "lowlevel.barkbands_skewness.stdev": 3.0340845584869385, "lowlevel.barkbands_spread.mean": 9.443864822387695, "lowlevel.barkbands_spread.stdev": 15.556295394897461, "lowlevel.dissonance.mean": 0.32219380140304565, "lowlevel.dissonance.stdev": 0.09328055381774902, "lowlevel.dynamic_complexity": 4.977744102478027, "lowlevel.erbbands_crest.mean": 19.06574821472168, "lowlevel.erbbands_crest.stdev": 6.322129726409912, "lowlevel.erbbands_flatness_db.mean": 0.30500829219818115, "lowlevel.erbbands_flatness_db.stdev": 0.08434578776359558, "lowlevel.erbbands_kurtosis.mean": 21.70106315612793, "lowlevel.erbbands_kurtosis.stdev": 27.425073623657227, "lowlevel.erbbands_skewness.mean": 3.0419745445251465, "lowlevel.erbbands_skewness.stdev": 2.1566834449768066, "lowlevel.erbbands_spread.mean": 20.21817970275879, "lowlevel.erbbands_spread.stdev": 25.83332061767578, "lowlevel.hfc.mean": 10.604133605957031, "lowlevel.hfc.stdev": 11.558491706848145, "lowlevel.loudness_ebu128.integrated": -18.87224769592285, "lowlevel.loudness_ebu128.loudness_range": 10.4228515625, "lowlevel.loudness_ebu128.momentary.mean": -21.043094635009766, "lowlevel.loudness_ebu128.momentary.stdev": 4.657115459442139, "lowlevel.loudness_ebu128.short_term.mean": -20.152570724487305, "lowlevel.loudness_ebu128.short_term.stdev": 3.3350539207458496, "lowlevel.melbands_crest.mean": 21.061424255371094, "lowlevel.melbands_crest.stdev": 6.452396392822266, "lowlevel.melbands_flatness_db.mean": 0.4012396037578583, "lowlevel.melbands_flatness_db.stdev": 0.10214564204216003, "lowlevel.melbands_kurtosis.mean": 50.20231628417969, "lowlevel.melbands_kurtosis.stdev": 104.90713500976562, "lowlevel.melbands_skewness.mean": 3.515625476837158, "lowlevel.melbands_skewness.stdev": 3.5791101455688477, "lowlevel.melbands_spread.mean": 10.401208877563477, "lowlevel.melbands_spread.stdev": 23.88744354248047, "lowlevel.pitch_salience.mean": 0.4197017550468445, "lowlevel.pitch_salience.stdev": 0.15107345581054688, "lowlevel.silence_rate_20dB.mean": 1.0, "lowlevel.silence_rate_20dB.stdev": 0.0, "lowlevel.silence_rate_30dB.mean": 0.9988412261009216, "lowlevel.silence_rate_30dB.stdev": 0.03402049094438553, "lowlevel.silence_rate_60dB.mean": 0.20278099179267883, "lowlevel.silence_rate_60dB.stdev": 0.4020709693431854, "lowlevel.spectral_centroid.mean": 736.9464111328125, "lowlevel.spectral_centroid.stdev": 963.81982421875, "lowlevel.spectral_complexity.mean": 4.648319721221924, "lowlevel.spectral_complexity.stdev": 2.576018810272217, "lowlevel.spectral_decrease.mean": -4.712826129349423e-09, "lowlevel.spectral_decrease.stdev": 5.0259680861586276e-09, "lowlevel.spectral_energy.mean": 0.01874910295009613, "lowlevel.spectral_energy.stdev": 0.0198232252150774, "lowlevel.spectral_energyband_high.mean": 0.000278704974334687, "lowlevel.spectral_energyband_high.stdev": 0.0006891140365041792, "lowlevel.spectral_energyband_low.mean": 0.0016633899649605155, "lowlevel.spectral_energyband_low.stdev": 0.00369595130905509, "lowlevel.spectral_energyband_middle_high.mean": 0.0008308562682941556, "lowlevel.spectral_energyband_middle_high.stdev": 0.0014873804757371545, "lowlevel.spectral_energyband_middle_low.mean": 0.01633266918361187, "lowlevel.spectral_energyband_middle_low.stdev": 0.01908654347062111, "lowlevel.spectral_entropy.mean": 5.928472518920898, "lowlevel.spectral_entropy.stdev": 1.004233956336975, "lowlevel.spectral_flux.mean": 0.048101551830768585, "lowlevel.spectral_flux.stdev": 0.04203461855649948, "lowlevel.spectral_kurtosis.mean": 9.865227699279785, "lowlevel.spectral_kurtosis.stdev": 8.52328109741211, "lowlevel.spectral_rms.mean": 0.0036752105224877596, "lowlevel.spectral_rms.stdev": 0.002187382895499468, "lowlevel.spectral_rolloff.mean": 1277.3594970703125, "lowlevel.spectral_rolloff.stdev": 2695.522216796875, "lowlevel.spectral_skewness.mean": 2.6316463947296143, "lowlevel.spectral_skewness.stdev": 1.2005443572998047, "lowlevel.spectral_spread.mean": 6096305.0, "lowlevel.spectral_spread.stdev": 3556768.25, "lowlevel.spectral_strongpeak.mean": 1.4275318384170532, "lowlevel.spectral_strongpeak.stdev": 1.2488600015640259, "lowlevel.zerocrossingrate.mean": 0.051285091787576675, "lowlevel.zerocrossingrate.stdev": 0.07092993706464767, "metadata.audio_properties.analysis.equal_loudness": 0.0, "metadata.audio_properties.analysis.length": 40.04265213012695, "metadata.audio_properties.analysis.sample_rate": 44100.0, "metadata.audio_properties.analysis.start_time": 0.0, "metadata.audio_properties.bit_rate": 118017.0, "metadata.audio_properties.length": 40.042667388916016, "metadata.audio_properties.lossless": 0.0, "metadata.audio_properties.number_channels": 1.0, "metadata.audio_properties.replay_gain": -9.72555923461914, "metadata.audio_properties.sample_rate": 48000.0, "rhythm.beats_count": 64.0, "rhythm.beats_loudness.mean": 0.02685956284403801, "rhythm.beats_loudness.stdev": 0.018635479733347893, "rhythm.bpm": 96.7123794555664, "rhythm.bpm_histogram_first_peak_bpm": 96.0, "rhythm.bpm_histogram_first_peak_weight": 0.517241358757019, "rhythm.bpm_histogram_second_peak_bpm": 91.0, "rhythm.bpm_histogram_second_peak_spread": 0.0, "rhythm.bpm_histogram_second_peak_weight": 0.0634920671582222, "rhythm.danceability": 1.0793508291244507, "rhythm.onset_rate": 3.62007474899292, "tonal.chords_changes_rate": 0.07754629850387573, "tonal.chords_number_rate": 0.011574073694646358, "tonal.chords_strength.mean": 0.504047691822052, "tonal.chords_strength.stdev": 0.11033762991428375, "tonal.hpcp_crest.mean": 16.484668731689453, "tonal.hpcp_crest.stdev": 7.031023979187012, "tonal.hpcp_entropy.mean": 1.5305800437927246, "tonal.hpcp_entropy.stdev": 0.6615129113197327, "tonal.key_edma.strength": 0.5869359970092773, "tonal.key_krumhansl.strength": 0.5743467807769775, "tonal.key_temperley.strength": 0.5520361661911011, "tonal.tuning_diatonic_strength": 0.4540512263774872, "tonal.tuning_equal_tempered_deviation": 0.13326165080070496, "tonal.tuning_frequency": 444.85552978515625, "tonal.tuning_nontempered_energy_ratio": 0.7082276344299316, "lowlevel.barkbands.mean": [1.8797074972098926e-06, 0.00022612014436163008, 0.0011150594800710678, 0.0005567949265241623, 0.0017476635985076427, 0.002435811795294285, 0.007651462219655514, 0.0024231793358922005, 0.0014367133844643831, 0.00024741466040723026, 0.0002311762800673023, 0.0001705347531242296, 0.0001446034002583474, 4.0239134250441566e-05, 1.4786359315621667e-05, 8.362184416910168e-06, 5.313722340360982e-06, 5.456902272271691e-06, 6.3864463299978524e-06, 1.1409576472942717e-05, 4.094034375157207e-05, 3.114939318038523e-05, 4.9110185500467196e-05, 2.0200493963784538e-05, 9.15947966859676e-05, 3.572797140805051e-05, 2.8339877999883356e-08], "lowlevel.barkbands.stdev": [5.466792572406121e-06, 0.0006207838887348771, 0.002987630432471633, 0.0012708617141470313, 0.003924312070012093, 0.006498950067907572, 0.012609083205461502, 0.009150012396275997, 0.006504889111965895, 0.001026754966005683, 0.0006510899402201176, 0.0006169386906549335, 0.0005869738524779677, 0.00015342741971835494, 6.292309262789786e-05, 3.372270293766633e-05, 1.6469457477796823e-05, 1.5423214790644124e-05, 2.440887692500837e-05, 3.418712367420085e-05, 8.086256275419146e-05, 0.00010362119064666331, 0.00016480554768349975, 7.392980478471145e-05, 0.00026132960920222104, 9.706337004899979e-05, 3.1826917279431655e-07], "lowlevel.erbbands.mean": [0.001425100490450859, 0.0886627659201622, 1.0782750844955444, 1.7558140754699707, 3.7272117137908936, 7.152039527893066, 5.841667175292969, 27.448713302612305, 94.57435607910156, 98.08209991455078, 37.97660446166992, 37.16550064086914, 9.507762908935547, 9.093070030212402, 9.37155532836914, 7.57722806930542, 6.732967853546143, 2.763680934906006, 1.1006816625595093, 0.6354737877845764, 0.4545619785785675, 0.3112303912639618, 0.25480106472969055, 0.4591309428215027, 0.19922049343585968, 0.5116732120513916, 2.1559085845947266, 0.8701452612876892, 0.9063005447387695, 1.601743459701538, 1.261063814163208, 0.4258229434490204, 0.4594786763191223, 1.0238713026046753, 0.6438674926757812, 0.2629084885120392, 0.0437423512339592, 0.0024002580903470516, 6.76639101584442e-05, 2.590490475995466e-05], "lowlevel.erbbands.stdev": [0.003509462345391512, 0.23479852080345154, 2.9464352130889893, 3.4315829277038574, 7.3092041015625, 19.420242309570312, 12.45641040802002, 70.7756118774414, 160.61825561523438, 210.41021728515625, 125.5857162475586, 166.37176513671875, 42.114410400390625, 28.82227897644043, 25.61556053161621, 25.978580474853516, 26.077054977416992, 9.18977165222168, 3.5027260780334473, 2.428743362426758, 1.5557419061660767, 0.8820188045501709, 0.7107481956481934, 1.5147664546966553, 0.8374886512756348, 1.3314212560653687, 4.24629020690918, 2.3561184406280518, 3.120469093322754, 5.284934997558594, 4.417388916015625, 1.3769946098327637, 1.69834566116333, 2.9768998622894287, 1.862412452697754, 0.7133622169494629, 0.11858495324850082, 0.006903702858835459, 0.00015574133431073278, 2.515335290809162e-05], "lowlevel.gfcc.mean": [-165.10630798339844, 69.69503784179688, -59.24853515625, -8.559898376464844, -122.62189483642578, -13.055378913879395, -47.66229248046875, 5.6628241539001465, -34.50868606567383, 16.27143669128418, -15.286216735839844, 3.886309862136841, -12.934272766113281], "lowlevel.melbands.mean": [3.3349522709613666e-05, 0.00040212611202150583, 0.0003436787810642272, 0.0004299767897464335, 0.00022165091650094837, 0.0005963549483567476, 0.0015274698380380869, 0.0009853090159595013, 0.00028602906968444586, 0.00021252794249448925, 3.897708666045219e-05, 3.539825411280617e-05, 3.2309962989529595e-05, 2.1332667529350147e-05, 2.004246744036209e-05, 1.0171371286560316e-05, 4.7196649575198535e-06, 1.8312788370167254e-06, 1.1075878774136072e-06, 5.906429123569978e-07, 5.078568392491434e-07, 3.268790464971971e-07, 2.323366601331145e-07, 2.52027490432738e-07, 4.0648649246577406e-07, 1.6931811330778146e-07, 1.0210803935706281e-07, 3.41495479005971e-07, 1.4634933904744685e-06, 9.823701248024008e-07, 3.412134788050025e-07, 4.0754983388069377e-07, 7.811963200765604e-07, 9.491406558481685e-07, 7.372127015514707e-07, 5.601557404588675e-07, 1.633039232729061e-07, 2.484794947577029e-07, 5.058033138993778e-07, 1.013939936456154e-06], "lowlevel.melbands.stdev": [9.046547347679734e-05, 0.0010303205344825983, 0.0005420582601800561, 0.0010066952090710402, 0.0004418364551384002, 0.001543091842904687, 0.0024975661654025316, 0.0023016855120658875, 0.0010244079167023301, 0.0009581014164723456, 0.00019973110465798527, 0.00012141015758970752, 9.554131247568876e-05, 7.199818355729803e-05, 8.614919352112338e-05, 3.428980926400982e-05, 1.8313879991183057e-05, 6.1466193983505946e-06, 4.731414264824707e-06, 2.5237218324036803e-06, 1.7636822349231807e-06, 1.0818947657753597e-06, 6.95329390509869e-07, 7.149286602725624e-07, 1.384932033943187e-06, 7.455809623024834e-07, 4.842840439778229e-07, 1.0116500561707653e-06, 3.159271727781743e-06, 2.095822310366202e-06, 1.2560058166855015e-06, 1.487965391788748e-06, 2.7569308258534875e-06, 3.1366498660645448e-06, 2.6512216209084727e-06, 1.97645090338483e-06, 6.815906772317248e-07, 1.1565684872039128e-06, 1.6153840078914072e-06, 2.999520120283705e-06], "lowlevel.melbands128.mean": [9.233416449205833e-07, 1.7776126242097234e-06, 1.2295136002649087e-05, 0.00015485876065213233, 0.0005092865903861821, 0.0005242489860393107, 0.0003622107324190438, 0.0002536044630687684, 0.00033165563945658505, 0.000578017788939178, 0.00042290252167731524, 0.00015081989113241434, 9.271172893932089e-05, 0.00036263230140320957, 0.0006193207809701562, 0.0006445696926675737, 0.0010224119760096073, 0.0020581672433763742, 0.001737659564241767, 0.0009822878055274487, 0.0008113108924590051, 0.00028978753834962845, 0.0001714105746941641, 0.00030631740810349584, 0.00032301232567988336, 0.00014301184273790568, 4.402956983540207e-05, 3.58706820406951e-05, 1.8797556549543515e-05, 4.3802174332086e-05, 3.5359273169888183e-05, 3.1205177947413176e-05, 3.79689154215157e-05, 3.0116103516775183e-05, 1.8930755686596967e-05, 2.2835867639514618e-05, 1.6979394786176272e-05, 1.924991920532193e-05, 2.5396173441549763e-05, 1.2151631381129846e-05, 7.3247238105977885e-06, 5.4475435717904475e-06, 4.822347364097368e-06, 4.638414793589618e-06, 2.4769101401034277e-06, 1.0174023827858036e-06, 1.4966510661906796e-06, 1.1919584039787878e-06, 8.997345730676898e-07, 8.593846700932772e-07, 4.1457849420112325e-07, 4.442296130946488e-07, 7.643905064469436e-07, 3.635330756424082e-07, 3.5471401815811987e-07, 3.4921916380881157e-07, 2.7995204732178536e-07, 2.6729802016234316e-07, 2.0355294338969543e-07, 1.8693621939291916e-07, 1.9885335689195927e-07, 3.221143458631559e-07, 4.918781542073702e-07, 4.452981841041037e-07, 2.6113065132449265e-07, 1.5424394916863093e-07, 1.2254258763277903e-07, 8.607949553152139e-08, 1.0370001035653331e-07, 1.0771341152349123e-07, 1.5210224546535756e-07, 4.780191602549166e-07, 1.0995127013302408e-06, 1.981444938792265e-06, 1.4355980511027155e-06, 1.1474493248897488e-06, 7.627123750353348e-07, 3.4632910228538094e-07, 2.893166310968809e-07, 3.064873510538746e-07, 3.2417599982181855e-07, 4.2998615867873013e-07, 6.492256829915277e-07, 7.746159553789767e-07, 9.817283626034623e-07, 8.703295861778315e-07, 1.0531958878345904e-06, 8.884222211236192e-07, 5.706734782506828e-07, 7.372152595053194e-07, 8.925052839003911e-07, 4.4437783230932837e-07, 1.239153135657034e-07, 8.572949639074068e-08, 2.8383107064655633e-07, 1.690575288648688e-07, 2.3478783361952082e-07, 3.1857737781137985e-07, 4.853927748627029e-07, 4.882020903096418e-07, 1.0497680023036082e-06, 1.2618803566510906e-06, 7.55292433041177e-07, 7.398563184324303e-07, 5.968208824924659e-07, 8.723200153326616e-07, 6.59784291201504e-07, 5.555622237807256e-07, 4.7611686682103027e-07, 3.233112693123985e-07, 2.4031075440689165e-07, 1.8957433667310397e-07, 9.436799075501767e-08, 6.53363514402372e-08, 5.3555790913151213e-08, 8.100860426907275e-09, 1.0236556047260592e-09, 5.589138960676587e-12, 3.2787945535711627e-12, 3.0925934556280676e-12, 2.9357675145058604e-12, 2.8680035776829094e-12, 2.814115693944297e-12, 2.7576393859390924e-12, 2.6678373052368975e-12, 2.549187857331381e-12, 2.479557358048279e-12, 2.458681695738374e-12], "lowlevel.melbands128.stdev": [2.802889412123477e-06, 5.566139861912234e-06, 4.887473551207222e-05, 0.0004292871744837612, 0.0015073746908456087, 0.0013436813605949283, 0.0008187030907720327, 0.0005704490467905998, 0.0007961515220813453, 0.001554116141051054, 0.0013701628195121884, 0.0005227113724686205, 0.0003053202526643872, 0.0011323747457936406, 0.0020806780084967613, 0.0024272860027849674, 0.0030607518274337053, 0.0038850391283631325, 0.00372568191960454, 0.0030728583224117756, 0.003504405962303281, 0.0014121721033006907, 0.0010743746533989906, 0.0019258544780313969, 0.0017551876371726394, 0.0007715142564848065, 0.0003621524083428085, 0.000300494342809543, 6.291815225267783e-05, 0.00019409116066526622, 0.00016173938638530672, 0.00010403447231510654, 0.0001672957296250388, 0.00011778574844356626, 7.718245615251362e-05, 0.00011974739754805341, 8.442083344561979e-05, 0.00013057336036581546, 0.0001432933349860832, 5.93335171288345e-05, 2.945138476206921e-05, 2.4582601326983422e-05, 3.165582165820524e-05, 2.1672332877642475e-05, 1.1266927685937844e-05, 6.069815754017327e-06, 9.647880688135047e-06, 7.520250164816389e-06, 3.945842763641849e-06, 5.351065283321077e-06, 2.8555389235407347e-06, 1.6216907852140139e-06, 3.504821961541893e-06, 1.8024213659373345e-06, 1.9184064967703307e-06, 1.430421662007575e-06, 1.1878057648573304e-06, 9.176694675261388e-07, 8.785370937403059e-07, 8.266835038739373e-07, 7.159684400903643e-07, 9.921049013428274e-07, 1.6580720512138214e-06, 1.87869170531485e-06, 1.066738832378178e-06, 7.863181963330135e-07, 7.996383715180855e-07, 4.660475667606079e-07, 5.795742481495836e-07, 4.783909162142663e-07, 6.37868083686044e-07, 1.7242458625332802e-06, 3.3500407425890444e-06, 4.915279987471877e-06, 3.2337627544620773e-06, 2.6269037789461436e-06, 2.271117182317539e-06, 1.3357040415939991e-06, 1.29006627958006e-06, 1.5300925042538438e-06, 1.3221477956903982e-06, 1.6969175931080827e-06, 2.490332690285868e-06, 3.0438509384111967e-06, 3.667111514005228e-06, 3.3830517622845946e-06, 3.4916081403935095e-06, 3.547238065948477e-06, 2.172794438592973e-06, 3.0519868232659064e-06, 3.4630638765520416e-06, 1.463826038161642e-06, 4.222116842811374e-07, 4.3206910049775615e-07, 1.6749208953115158e-06, 1.2759827541231061e-06, 1.2870851833213237e-06, 1.512403400738549e-06, 2.1038702016085153e-06, 1.854723791439028e-06, 3.2392154025728814e-06, 3.825632120424416e-06, 2.3194631921796827e-06, 2.867767761927098e-06, 1.9707797491719248e-06, 2.54715246228443e-06, 1.7986932334679295e-06, 1.6660653727740282e-06, 1.3757424994764733e-06, 9.744059070726507e-07, 8.488271419082594e-07, 5.275705916574225e-07, 2.712379796321329e-07, 2.484880496922415e-07, 1.9651079696814122e-07, 3.735487652534175e-08, 1.0919805504272517e-08, 4.4129484788602014e-11, 8.487050472127944e-12, 5.961771441104213e-12, 5.12386790982311e-12, 5.0005663672358924e-12, 4.896799112030781e-12, 4.8073585043328926e-12, 4.731783107697618e-12, 4.6716853475958775e-12, 4.628397057976352e-12, 4.602033164269326e-12], "lowlevel.mfcc.mean": [-841.7454833984375, 121.73922729492188, 67.99652099609375, 1.9447853565216064, -38.57170486450195, -26.146371841430664, -20.590417861938477, -19.87851905822754, -9.71312141418457, -18.842071533203125, -2.39208722114563, 2.943329334259033, 10.060297966003418], "lowlevel.spectral_contrast_coeffs.mean": [-0.6083791851997375, -0.563405454158783, -0.7204337120056152, -0.7982104420661926, -0.7400995492935181, -0.7423012852668762], "lowlevel.spectral_contrast_coeffs.stdev": [0.1290440559387207, 0.09745578467845917, 0.11377958208322525, 0.07984820753335953, 0.0723230317234993, 0.05673885717988014], "lowlevel.spectral_contrast_valleys.mean": [-9.376638412475586, -8.255904197692871, -9.732033729553223, -10.896137237548828, -10.717942237854004, -12.303898811340332], "lowlevel.spectral_contrast_valleys.stdev": [2.145491600036621, 1.9547605514526367, 1.978007197380066, 2.065912961959839, 1.9212418794631958, 1.822090744972229], "rhythm.beats_loudness_band_ratio.mean": [0.10381142795085907, 0.24532467126846313, 0.5592584609985352, 0.10124092549085617, 0.001685017836280167, 0.04109443724155426], "rhythm.beats_loudness_band_ratio.stdev": [0.15723752975463867, 0.25870174169540405, 0.3110499680042267, 0.2270321547985077, 0.003021543612703681, 0.09575174003839493], "tonal.hpcp.mean": [0.4852515459060669, 0.22523505985736847, 0.08938250690698624, 0.09279633313417435, 0.06850028783082962, 0.07580312341451645, 0.06818079203367233, 0.0457335039973259, 0.0954316258430481, 0.10528715699911118, 0.049617499113082886, 0.018376849591732025, 0.013823048211634159, 0.01645900309085846, 0.03564563766121864, 0.05005946010351181, 0.031910572201013565, 0.01607082597911358, 0.021702907979488373, 0.031980857253074646, 0.07862111926078796, 0.10887952893972397, 0.06730523705482483, 0.058659594506025314, 0.0627894476056099, 0.031938958913087845, 0.02572859637439251, 0.02838095650076866, 0.03471934422850609, 0.09607388079166412, 0.12021961808204651, 0.07038253545761108, 0.04350927099585533, 0.04025023803114891, 0.05372590571641922, 0.33369752764701843], "tonal.hpcp.stdev": [0.4277551472187042, 0.26174792647361755, 0.23747771978378296, 0.25230491161346436, 0.20830734074115753, 0.22934134304523468, 0.21819207072257996, 0.1573067605495453, 0.2375306934118271, 0.2550971508026123, 0.17043475806713104, 0.09787198156118393, 0.08198659867048264, 0.0884857028722763, 0.1320219337940216, 0.18029667437076569, 0.12743476033210754, 0.08096277713775635, 0.11462797224521637, 0.14313644170761108, 0.19424083828926086, 0.25177907943725586, 0.1674937903881073, 0.1844596266746521, 0.1980617195367813, 0.126183420419693, 0.11538833379745483, 0.1373584270477295, 0.13279183208942413, 0.23047369718551636, 0.2726854383945465, 0.2016124576330185, 0.16419818997383118, 0.16442929208278656, 0.1718844324350357, 0.33297809958457947], "rhythm.beats_position": [0.6153287887573242, 1.2306575775146484, 1.8575963973999023, 2.496145009994507, 3.1579136848449707, 3.8196823596954346, 4.481451034545898, 5.143219947814941, 5.770158767700195, 6.397097587585449, 7.012426376342773, 7.639364719390869, 8.266304016113281, 8.893242835998535, 9.520181655883789, 10.147119522094727, 10.77405834197998, 11.400997161865234, 12.027935981750488, 12.666484832763672, 13.281813621520996, 13.89714241027832, 14.512471199035645, 15.139410018920898, 15.766348838806152, 16.381677627563477, 16.997007369995117, 17.612335205078125, 18.227664947509766, 18.831382751464844, 19.435102462768555, 20.062040328979492, 20.688980102539062, 21.31591796875, 21.954465866088867, 22.558185577392578, 23.15029525756836, 23.777233123779297, 24.404170989990234, 25.019500732421875, 25.634828567504883, 26.261768341064453, 26.88870620727539, 27.4924259185791, 28.09614372253418, 28.72308349609375, 29.350021362304688, 29.976961135864258, 30.580678939819336, 31.207618713378906, 31.811336517333984, 32.43827438354492, 33.065216064453125, 33.6805419921875, 34.29587173461914, 34.92280960083008, 35.54975128173828, 36.165077209472656, 36.7804069519043, 37.384124755859375, 37.999454498291016, 38.614784240722656, 39.2301139831543, 39.84543991088867], "rhythm.bpm_histogram": [0.0, 0.0, 0.0, 0.0, 0.0, 0.0, 0.0, 0.0, 0.0, 0.0, 0.0, 0.0, 0.0, 0.0, 0.0, 0.0, 0.0, 0.0, 0.0, 0.0, 0.0, 0.0, 0.0, 0.0, 0.0, 0.0, 0.0, 0.0, 0.0, 0.0, 0.0, 0.0, 0.0, 0.0, 0.0, 0.0, 0.0, 0.0, 0.0, 0.0, 0.0, 0.0, 0.0, 0.0, 0.0, 0.0, 0.0, 0.0, 0.0, 0.0, 0.0, 0.0, 0.0, 0.0, 0.0, 0.0, 0.0, 0.0, 0.0, 0.0, 0.0, 0.0, 0.0, 0.0, 0.0, 0.0, 0.0, 0.0, 0.0, 0.0, 0.0, 0.0, 0.0, 0.0, 0.0, 0.0, 0.0, 0.0, 0.0, 0.0, 0.0, 0.0, 0.0, 0.0, 0.0, 0.0, 0.0, 0.0, 0.0, 0.0, 0.0, 0.0634920671582222, 0.0, 0.0, 0.0476190485060215, 0.0, 0.4444444477558136, 0.0, 0.30158731341362, 0.1269841343164444, 0.0, 0.01587301678955555, 0.0, 0.0, 0.0, 0.0, 0.0, 0.0, 0.0, 0.0, 0.0, 0.0, 0.0, 0.0, 0.0, 0.0, 0.0, 0.0, 0.0, 0.0, 0.0, 0.0, 0.0, 0.0, 0.0, 0.0, 0.0, 0.0, 0.0, 0.0, 0.0, 0.0, 0.0, 0.0, 0.0, 0.0, 0.0, 0.0, 0.0, 0.0, 0.0, 0.0, 0.0, 0.0, 0.0, 0.0, 0.0, 0.0, 0.0, 0.0, 0.0, 0.0, 0.0, 0.0, 0.0, 0.0, 0.0, 0.0, 0.0, 0.0, 0.0, 0.0, 0.0, 0.0, 0.0, 0.0, 0.0, 0.0, 0.0, 0.0, 0.0, 0.0, 0.0, 0.0, 0.0, 0.0, 0.0, 0.0, 0.0, 0.0, 0.0, 0.0, 0.0, 0.0, 0.0, 0.0, 0.0, 0.0, 0.0, 0.0, 0.0, 0.0, 0.0, 0.0, 0.0, 0.0, 0.0, 0.0, 0.0, 0.0, 0.0, 0.0, 0.0, 0.0, 0.0, 0.0, 0.0, 0.0, 0.0, 0.0, 0.0, 0.0, 0.0, 0.0, 0.0, 0.0, 0.0, 0.0, 0.0, 0.0, 0.0, 0.0, 0.0, 0.0, 0.0, 0.0, 0.0, 0.0, 0.0, 0.0, 0.0, 0.0, 0.0, 0.0, 0.0, 0.0, 0.0, 0.0, 0.0, 0.0, 0.0, 0.0, 0.0, 0.0, 0.0, 0.0, 0.0, 0.0, 0.0, 0.0], "tonal.chords_histogram": [4.861111164093018, 14.351851463317871, 39.699073791503906, 0.46296295523643494, 1.6203703880310059, 0.0, 0.0, 8.796296119689941, 6.481481552124023, 8.68055534362793, 3.0092592239379883, 0.23148147761821747, 0.6944444179534912, 0.0, 0.0, 0.0, 0.5787037014961243, 0.0, 0.0, 0.0, 0.0, 0.0, 5.671296119689941, 4.861111164093018], "tonal.thpcp": [1.0, 0.4641614556312561, 0.1841982901096344, 0.19123345613479614, 0.14116449654102325, 0.15621407330036163, 0.1405060738325119, 0.094247005879879, 0.1966642439365387, 0.2169743925333023, 0.1022510901093483, 0.03787076845765114, 0.028486356139183044, 0.03391849622130394, 0.07345806062221527, 0.10316187888383865, 0.06576088815927505, 0.03311854600906372, 0.04472506791353226, 0.06590572744607925, 0.16202136874198914, 0.22437749803066254, 0.13870175182819366, 0.12088491767644882, 0.12939566373825073, 0.0658193826675415, 0.0530211515724659, 0.05848710238933563, 0.07154916971921921, 0.19798779487609863, 0.247747004032135, 0.14504340291023254, 0.08966333419084549, 0.08294715732336044, 0.11071763932704926, 0.6876794695854187], "lowlevel.gfcc.cov": [[20463.291015625, 1952.8349609375, -658.195556640625, 358.46148681640625, 961.5472412109375, 501.5232849121094, -1531.221435546875, -110.41130065917969, -335.5992736816406, 114.45060729980469, -954.859375, -454.74725341796875, -1409.32421875], [1952.8349609375, 3385.0458984375, 857.1273193359375, 211.8501434326172, 1073.5130615234375, -155.50531005859375, -242.6789093017578, 41.08966064453125, 88.44227600097656, -275.2496643066406, -422.86761474609375, -363.8973693847656, -188.11468505859375], [-658.195556640625, 857.1273193359375, 1815.67724609375, 1243.418212890625, 446.90924072265625, -324.1744689941406, -55.77233123779297, 211.47134399414062, 88.00743865966797, -19.196714401245117, -218.3203125, -102.02283477783203, -65.33851623535156], [358.46148681640625, 211.8501434326172, 1243.418212890625, 1872.7203369140625, 705.22900390625, -415.1791076660156, -400.5384521484375, 236.2839813232422, 337.4011535644531, 131.96316528320312, -260.67529296875, -207.1112823486328, -185.45687866210938], [961.5472412109375, 1073.5130615234375, 446.90924072265625, 705.22900390625, 1457.147216796875, 164.3815460205078, -561.7864379882812, -15.747235298156738, 151.86314392089844, 19.572914123535156, -314.2105712890625, -280.5299377441406, -294.6256408691406], [501.5232849121094, -155.50531005859375, -324.1744689941406, -415.1791076660156, 164.3815460205078, 639.4541015625, 231.3362274169922, -58.65891647338867, -163.18661499023438, -14.240278244018555, 131.8013153076172, 63.332420349121094, -7.8324995040893555], [-1531.221435546875, -242.6789093017578, -55.77233123779297, -400.5384521484375, -561.7864379882812, 231.3362274169922, 890.2218017578125, 205.17308044433594, -180.29965209960938, -51.774574279785156, 262.77447509765625, 161.86427307128906, 212.63101196289062], [-110.41130065917969, 41.08966064453125, 211.47134399414062, 236.2839813232422, -15.747235298156738, -58.65891647338867, 205.17308044433594, 306.4032897949219, 42.55305862426758, -2.085745096206665, -21.2934513092041, -0.2626536786556244, -0.9913454651832581], [-335.5992736816406, 88.44227600097656, 88.00743865966797, 337.4011535644531, 151.86314392089844, -163.18661499023438, -180.29965209960938, 42.55305862426758, 319.8773498535156, 69.05044555664062, -17.112728118896484, -40.97261047363281, -37.662357330322266], [114.45060729980469, -275.2496643066406, -19.196714401245117, 131.96316528320312, 19.572914123535156, -14.240278244018555, -51.774574279785156, -2.085745096206665, 69.05044555664062, 266.2933654785156, 33.275291442871094, -66.35436248779297, -34.198448181152344], [-954.859375, -422.86761474609375, -218.3203125, -260.67529296875, -314.2105712890625, 131.8013153076172, 262.77447509765625, -21.2934513092041, -17.112728118896484, 33.275291442871094, 380.05810546875, 165.0086669921875, 61.03695297241211], [-454.74725341796875, -363.8973693847656, -102.02283477783203, -207.1112823486328, -280.5299377441406, 63.332420349121094, 161.86427307128906, -0.2626536786556244, -40.97261047363281, -66.35436248779297, 165.0086669921875, 270.06402587890625, 95.5613021850586], [-1409.32421875, -188.11468505859375, -65.33851623535156, -185.45687866210938, -294.6256408691406, -7.8324995040893555, 212.63101196289062, -0.9913454651832581, -37.662357330322266, -34.198448181152344, 61.03695297241211, 95.5613021850586, 379.4626770019531]], "lowlevel.gfcc.icov": [[0.0001916948676807806, -0.0003484221815597266, 0.0003290075692348182, -0.0004202459822408855, 0.0006187180406413972, -0.0006656649638898671, 0.0005867020809091628, -0.00031718428363092244, 0.0005158171989023685, -0.0003950956161133945, 0.00045093471999280155, -0.0003937951987609267, 0.0005697800661437213], [-0.0003484221815597266, 0.001398485735990107, -0.0010802674805745482, 0.0014168813358992338, -0.0018309054430574179, 0.0017079270910471678, -0.001427098293788731, 0.0006784244906157255, -0.001381198177114129, 0.0014574996894225478, -0.0007175338105298579, 0.0014472587499767542, -0.0009339365642517805], [0.0003290075692348182, -0.0010802674805745482, 0.002129752654582262, -0.0020075603388249874, 0.001198388054035604, -0.0009496797574684024, 0.0006480645970441401, -0.00038884844980202615, 0.001714660320430994, -0.0009293713956139982, 0.0009554416756145656, -0.0014326496748253703, 0.0009121850598603487], [-0.0004202459822408855, 0.0014168813358992338, -0.0020075603388249874, 0.00315834186039865, -0.0023041549138724804, 0.0022098824847489595, -0.0011726835509762168, -5.7655790442368016e-05, -0.0022331541404128075, 0.0009466120391152799, -0.001013426692225039, 0.001563536818139255, -0.001113981124944985], [0.0006187180406413972, -0.0018309054430574179, 0.001198388054035604, -0.0023041549138724804, 0.004605946131050587, -0.00423886114731431, 0.003318072995170951, -0.001467864029109478, 0.0015045175096020103, -0.0014304560609161854, 0.0017744323704391718, -0.0008853849722072482, 0.0020540335681289434], [-0.0006656649638898671, 0.0017079270910471678, -0.0009496797574684024, 0.0022098824847489595, -0.00423886114731431, 0.006188788451254368, -0.0037678657099604607, 0.001963749062269926, -0.0009248178685083985, 0.0013299568090587854, -0.002037700032815337, 0.0009322187397629023, -0.001634978805668652], [0.0005867020809091628, -0.001427098293788731, 0.0006480645970441401, -0.0011726835509762168, 0.003318072995170951, -0.0037678657099604607, 0.005720153450965881, -0.003899970790371299, 0.002544477116316557, -0.0011691692052409053, -0.0002718206087592989, -0.0006563302013091743, 0.0006491919630207121], [-0.00031718428363092244, 0.0006784244906157255, -0.00038884844980202615, -5.7655790442368016e-05, -0.001467864029109478, 0.001963749062269926, -0.003899970790371299, 0.00659518176689744, -0.0018541060853749514, 0.0007354205590672791, 0.0007146121351979673, 3.701832611113787e-05, -7.543510582763702e-05], [0.0005158171989023685, -0.001381198177114129, 0.001714660320430994, -0.0022331541404128075, 0.0015045175096020103, -0.0009248178685083985, 0.002544477116316557, -0.0018541060853749514, 0.006798951420933008, -0.00212773191742599, -5.236231299932115e-05, -0.0016379158478230238, 0.001057230168953538], [-0.0003950956161133945, 0.0014574996894225478, -0.0009293713956139982, 0.0009466120391152799, -0.0014304560609161854, 0.0013299568090587854, -0.0011691692052409053, 0.0007354205590672791, -0.00212773191742599, 0.006374624092131853, -0.0020238037686794996, 0.003425947157666087, -0.0010422751074656844], [0.00045093471999280155, -0.0007175338105298579, 0.0009554416756145656, -0.001013426692225039, 0.0017744323704391718, -0.002037700032815337, -0.0002718206087592989, 0.0007146121351979673, -5.236231299932115e-05, -0.0020238037686794996, 0.006523268762975931, -0.00336948549374938, 0.0020898040384054184], [-0.0003937951987609267, 0.0014472587499767542, -0.0014326496748253703, 0.001563536818139255, -0.0008853849722072482, 0.0009322187397629023, -0.0006563302013091743, 3.701832611113787e-05, -0.0016379158478230238, 0.003425947157666087, -0.00336948549374938, 0.008231627754867077, -0.0019127660198137164], [0.0005697800661437213, -0.0009339365642517805, 0.0009121850598603487, -0.001113981124944985, 0.0020540335681289434, -0.001634978805668652, 0.0006491919630207121, -7.543510582763702e-05, 0.001057230168953538, -0.0010422751074656844, 0.0020898040384054184, -0.0019127660198137164, 0.00525474501773715]], "lowlevel.mfcc.cov": [[14500.40234375, 2095.08056640625, -1146.2119140625, -376.1835021972656, 1269.2491455078125, 951.2807006835938, -143.57296752929688, -119.843505859375, -460.984375, -1.060080647468567, 1128.8431396484375, -296.2130432128906, -790.4462890625], [2095.08056640625, 3856.721923828125, -168.3253936767578, -33.062950134277344, 798.78173828125, 233.70510864257812, 25.025432586669922, 175.07485961914062, 132.15655517578125, -152.79759216308594, 222.8786163330078, -234.72900390625, -225.1464080810547], [-1146.2119140625, -168.3253936767578, 1565.4390869140625, 962.64013671875, -58.10954284667969, -125.91151428222656, 110.42916870117188, 113.02832794189453, 140.8649444580078, -62.78817367553711, -35.838924407958984, 59.277835845947266, 101.4916763305664], [-376.1835021972656, -33.062950134277344, 962.64013671875, 1835.08837890625, 864.0844116210938, 28.13596534729004, -260.0381774902344, -102.33462524414062, 221.6174774169922, 162.990966796875, 255.9388427734375, -87.11028289794922, -69.58650970458984], [1269.2491455078125, 798.78173828125, -58.10954284667969, 864.0844116210938, 1611.44091796875, 450.4209899902344, -293.3328552246094, -227.06991577148438, 9.550398826599121, 136.57566833496094, 178.77264404296875, -148.99014282226562, -198.98818969726562], [951.2807006835938, 233.70510864257812, -125.91151428222656, 28.13596534729004, 450.4209899902344, 441.7337341308594, 73.13002014160156, -60.493202209472656, -15.749245643615723, 67.0718002319336, 70.36930847167969, -19.79761505126953, -67.7935562133789], [-143.57296752929688, 25.025432586669922, 110.42916870117188, -260.0381774902344, -293.3328552246094, 73.13002014160156, 658.1370849609375, 263.3439025878906, 15.015544891357422, -1.4027761220932007, -17.810396194458008, 79.24374389648438, 74.31145477294922], [-119.843505859375, 175.07485961914062, 113.02832794189453, -102.33462524414062, -227.06991577148438, -60.493202209472656, 263.3439025878906, 437.54254150390625, 98.86287689208984, -57.00019073486328, 12.031290054321289, 16.51948356628418, 87.69025421142578], [-460.984375, 132.15655517578125, 140.8649444580078, 221.6174774169922, 9.550398826599121, -15.749245643615723, 15.015544891357422, 98.86287689208984, 380.7796325683594, 97.20064544677734, -79.32444763183594, -102.4256820678711, -11.70520305633545], [-1.060080647468567, -152.79759216308594, -62.78817367553711, 162.990966796875, 136.57566833496094, 67.0718002319336, -1.4027761220932007, -57.00019073486328, 97.20064544677734, 329.3254699707031, 60.54771423339844, 0.23565766215324402, -61.06123352050781], [1128.8431396484375, 222.8786163330078, -35.838924407958984, 255.9388427734375, 178.77264404296875, 70.36930847167969, -17.810396194458008, 12.031290054321289, -79.32444763183594, 60.54771423339844, 533.0056762695312, 116.67555236816406, -91.10619354248047], [-296.2130432128906, -234.72900390625, 59.277835845947266, -87.11028289794922, -148.99014282226562, -19.79761505126953, 79.24374389648438, 16.51948356628418, -102.4256820678711, 0.23565766215324402, 116.67555236816406, 330.077392578125, 105.28174591064453], [-790.4462890625, -225.1464080810547, 101.4916763305664, -69.58650970458984, -198.98818969726562, -67.7935562133789, 74.31145477294922, 87.69025421142578, -11.70520305633545, -61.06123352050781, -91.10619354248047, 105.28174591064453, 260.1642761230469]], "lowlevel.mfcc.icov": [[0.00012233141751494259, -1.7789983758120798e-05, 6.701673100906191e-07, 6.609286356251687e-05, -9.174250408250373e-06, -0.00019237374363001436, 4.6236054913606495e-05, -6.003669113852084e-05, 0.00010657117672963068, 4.096121119800955e-05, -0.00023941248946357518, 0.00014614537940360606, 0.00019500716007314622], [-1.7789983758120798e-05, 0.00039392945473082364, -0.00011477170482976362, 0.0002849130250979215, -0.00037463061744347215, 0.0001689070340944454, -6.044289330020547e-05, -0.00011573191295610741, -0.0003062630712520331, 0.00027925524045713246, -0.0002684393839444965, 0.0001880262279883027, 0.00010325294715585187], [6.701673100906191e-07, -0.00011477170482976362, 0.0015460874419659376, -0.001373352948576212, 0.0006767163868062198, -0.0002614636905491352, -0.00033115828409790993, -0.0001585301070008427, 0.0001585344143677503, 0.0005131044890731573, 0.0007353833061642945, -0.0006060735904611647, 0.00016006726946216077], [6.609286356251687e-05, 0.0002849130250979215, -0.001373352948576212, 0.0023726511280983686, -0.0014502189587801695, 0.0008736774907447398, 0.000241881309193559, 0.0002807838609442115, -0.0009014547686092556, -0.0003710039018187672, -0.0014585753669962287, 0.0008238940499722958, -0.0003993507707491517], [-9.174250408250373e-06, -0.00037463061744347215, 0.0006767163868062198, -0.0014502189587801695, 0.0021658516488969326, -0.0018058307468891144, 0.0004915405879728496, -5.151391087565571e-05, 0.0007207736489363015, -0.00013351422967389226, 0.0006623948574997485, -0.00014761371130589396, 0.00035179199767298996], [-0.00019237374363001436, 0.0001689070340944454, -0.0002614636905491352, 0.0008736774907447398, -0.0018058307468891144, 0.004622027277946472, -0.0012402837164700031, 0.0007855047006160021, -0.0006228505517356098, -0.00030039181001484394, -0.00028038007440045476, -2.878607301681768e-05, -0.0003749765164684504], [4.6236054913606495e-05, -6.044289330020547e-05, -0.00033115828409790993, 0.000241881309193559, 0.0004915405879728496, -0.0012402837164700031, 0.0026496208738535643, -0.001498446217738092, 0.000368339940905571, -0.0005155311082489789, 9.697931818664074e-05, -0.0002473837521392852, 0.00011270769027760252], [-6.003669113852084e-05, -0.00011573191295610741, -0.0001585301070008427, 0.0002807838609442115, -5.151391087565571e-05, 0.0007855047006160021, -0.001498446217738092, 0.004054460674524307, -0.0013524229871109128, 0.0006407785695046186, -0.000777041947003454, 0.0004052607691846788, -0.0012654741294682026], [0.00010657117672963068, -0.0003062630712520331, 0.0001585344143677503, -0.0009014547686092556, 0.0007207736489363015, -0.0006228505517356098, 0.000368339940905571, -0.0013524229871109128, 0.004423130769282579, -0.0014841908123344183, 0.0009379788534715772, 0.0008101686835289001, 0.00034668558510020375], [4.096121119800955e-05, 0.00027925524045713246, 0.0005131044890731573, -0.0003710039018187672, -0.00013351422967389226, -0.00030039181001484394, -0.0005155311082489789, 0.0006407785695046186, -0.0014841908123344183, 0.0043407161720097065, -0.00038842984940856695, -0.0005393539322540164, 0.0008518393733538687], [-0.00023941248946357518, -0.0002684393839444965, 0.0007353833061642945, -0.0014585753669962287, 0.0006623948574997485, -0.00028038007440045476, 9.697931818664074e-05, -0.000777041947003454, 0.0009379788534715772, -0.00038842984940856695, 0.003934475593268871, -0.002111749956384301, 0.0012144818902015686], [0.00014614537940360606, 0.0001880262279883027, -0.0006060735904611647, 0.0008238940499722958, -0.00014761371130589396, -2.878607301681768e-05, -0.0002473837521392852, 0.0004052607691846788, 0.0008101686835289001, -0.0005393539322540164, -0.002111749956384301, 0.005252532195299864, -0.0020780013874173164], [0.00019500716007314622, 0.00010325294715585187, 0.00016006726946216077, -0.0003993507707491517, 0.00035179199767298996, -0.0003749765164684504, 0.00011270769027760252, -0.0012654741294682026, 0.00034668558510020375, 0.0008518393733538687, 0.0012144818902015686, -0.0020780013874173164, 0.006403743755072355]], "metadata.audio_properties.analysis.downmix": "mix", "metadata.audio_properties.codec": "mp3", "metadata.audio_properties.md5_encoded": "1339cb55f2ff4af1ef8a04db3062db1e", "metadata.tags.file_name": "1183702837415391262.