{"song_id": "1183720149031862272", "download": "https://cdn.discordapp.com/attachments/1135911532732108921/1183720149031862272/chirp.mp4?ex=65895c4b&amp", "lyrics": "(Chorus) \n\u0e21\u0e31\u0e19\u0e1c\u0e34\u0e14\u0e40\u0e2d\u0e07\u0e17\u0e35\u0e48\u0e09\u0e31\u0e19\u0e23\u0e31\u0e01\u0e40\u0e18\u0e2d\u0e21\u0e32\u0e01\u0e44\u0e1b \u0e44\u0e21\u0e48\u0e40\u0e04\u0e22\u0e41\u0e01\u0e49\u0e15\u0e31\u0e27\u0e2d\u0e30\u0e44\u0e23\u0e40\u0e25\u0e22\u0e2a\u0e31\u0e01\u0e17\u0e35 \u0e16\u0e36\u0e07\u0e15\u0e49\u0e2d\u0e07\u0e40\u0e08\u0e47\u0e1a\u0e41\u0e1a\u0e1a\u0e19\u0e35\u0e49 \u0e16\u0e39\u0e01\u0e43\u0e04\u0e23\u0e21\u0e2d\u0e07\u0e44\u0e21\u0e48\u0e21\u0e35\u0e44\u0e21\u0e48\u0e27\u0e48\u0e32\u0e40\u0e23\u0e37\u0e48\u0e2d\u0e07\u0e2d\u0e30\u0e44\u0e23 \u0e40\u0e23\u0e37\u0e48\u0e2d\u0e07\u0e23\u0e32\u0e27\u0e17\u0e35\u0e48\u0e08\u0e1a\u0e41\u0e25\u0e49\u0e27 \u0e01\u0e47\u0e43\u0e2b\u0e49\u0e21\u0e31\u0e19\u0e41\u0e25\u0e49\u0e27\u0e44\u0e1b \u0e40\u0e18\u0e2d\u0e08\u0e30\u0e21\u0e35\u0e43\u0e04\u0e23\u0e01\u0e47\u0e0a\u0e48\u0e32\u0e07\u0e40\u0e18\u0e2d \u0e2d\u0e22\u0e48\u0e32\u0e1e\u0e39\u0e14\u0e2d\u0e30\u0e44\u0e23 \u0e17\u0e35\u0e48\u0e44\u0e21\u0e48\u0e43\u0e0a\u0e48\u0e04\u0e27\u0e32\u0e21\u0e08\u0e23\u0e34\u0e07\u0e2d\u0e35\u0e01\u0e40\u0e25\u0e22", "style": ["pop"], "essentia_features": {"lowlevel.average_loudness": 0.9811373353004456, "lowlevel.barkbands_crest.mean": 14.23961067199707, "lowlevel.barkbands_crest.stdev": 4.644251346588135, "lowlevel.barkbands_flatness_db.mean": 0.3153943419456482, "lowlevel.barkbands_flatness_db.stdev": 0.06391900777816772, "lowlevel.barkbands_kurtosis.mean": 17.895587921142578, "lowlevel.barkbands_kurtosis.stdev": 29.825178146362305, "lowlevel.barkbands_skewness.mean": 1.924023151397705, "lowlevel.barkbands_skewness.stdev": 2.144040107727051, "lowlevel.barkbands_spread.mean": 6.960470676422119, "lowlevel.barkbands_spread.stdev": 12.983428001403809, "lowlevel.dissonance.mean": 0.3443433344364166, "lowlevel.dissonance.stdev": 0.07978744804859161, "lowlevel.dynamic_complexity": 3.223686933517456, "lowlevel.erbbands_crest.mean": 17.7141170501709, "lowlevel.erbbands_crest.stdev": 5.136409759521484, "lowlevel.erbbands_flatness_db.mean": 0.30442309379577637, "lowlevel.erbbands_flatness_db.stdev": 0.06123615428805351, "lowlevel.erbbands_kurtosis.mean": 14.6131591796875, "lowlevel.erbbands_kurtosis.stdev": 20.162363052368164, "lowlevel.erbbands_skewness.mean": 1.8016417026519775, "lowlevel.erbbands_skewness.stdev": 1.911285161972046, "lowlevel.erbbands_spread.mean": 13.871347427368164, "lowlevel.erbbands_spread.stdev": 20.64536476135254, "lowlevel.hfc.mean": 10.034788131713867, "lowlevel.hfc.stdev": 10.320725440979004, "lowlevel.loudness_ebu128.integrated": -18.620361328125, "lowlevel.loudness_ebu128.loudness_range": 1.4661750793457031, "lowlevel.loudness_ebu128.momentary.mean": -19.100223541259766, "lowlevel.loudness_ebu128.momentary.stdev": 2.138174295425415, "lowlevel.loudness_ebu128.short_term.mean": -18.619386672973633, "lowlevel.loudness_ebu128.short_term.stdev": 0.4910888373851776, "lowlevel.melbands_crest.mean": 15.629192352294922, "lowlevel.melbands_crest.stdev": 5.34063196182251, "lowlevel.melbands_flatness_db.mean": 0.38748419284820557, "lowlevel.melbands_flatness_db.stdev": 0.0795745924115181, "lowlevel.melbands_kurtosis.mean": 16.829853057861328, "lowlevel.melbands_kurtosis.stdev": 32.545265197753906, "lowlevel.melbands_skewness.mean": 1.5501927137374878, "lowlevel.melbands_skewness.stdev": 1.8330841064453125, "lowlevel.melbands_spread.mean": 8.386466979980469, "lowlevel.melbands_spread.stdev": 14.294522285461426, "lowlevel.pitch_salience.mean": 0.4788052439689636, "lowlevel.pitch_salience.stdev": 0.1070786863565445, "lowlevel.silence_rate_20dB.mean": 1.0, "lowlevel.silence_rate_20dB.stdev": 0.0, "lowlevel.silence_rate_30dB.mean": 0.9975489974021912, "lowlevel.silence_rate_30dB.stdev": 0.04944661259651184, "lowlevel.silence_rate_60dB.mean": 0.08088235557079315, "lowlevel.silence_rate_60dB.stdev": 0.2726546823978424, "lowlevel.spectral_centroid.mean": 535.5530395507812, "lowlevel.spectral_centroid.stdev": 336.13189697265625, "lowlevel.spectral_complexity.mean": 6.438725471496582, "lowlevel.spectral_complexity.stdev": 2.4686522483825684, "lowlevel.spectral_decrease.mean": -5.2218549484450705e-09, "lowlevel.spectral_decrease.stdev": 5.0633555126466945e-09, "lowlevel.spectral_energy.mean": 0.020618651062250137, "lowlevel.spectral_energy.stdev": 0.019925594329833984, "lowlevel.spectral_energyband_high.mean": 0.0001200041442643851, "lowlevel.spectral_energyband_high.stdev": 0.0005398284993134439, "lowlevel.spectral_energyband_low.mean": 0.00199150200933218, "lowlevel.spectral_energyband_low.stdev": 0.002205568365752697, "lowlevel.spectral_energyband_middle_high.mean": 0.0008629332296550274, "lowlevel.spectral_energyband_middle_high.stdev": 0.0025997997727245092, "lowlevel.spectral_energyband_middle_low.mean": 0.01877232827246189, "lowlevel.spectral_energyband_middle_low.stdev": 0.01891440711915493, "lowlevel.spectral_entropy.mean": 5.932754993438721, "lowlevel.spectral_entropy.stdev": 0.7239367365837097, "lowlevel.spectral_flux.mean": 0.054299287497997284, "lowlevel.spectral_flux.stdev": 0.04083316773176193, "lowlevel.spectral_kurtosis.mean": 25.577991485595703, "lowlevel.spectral_kurtosis.stdev": 29.67536735534668, "lowlevel.spectral_rms.mean": 0.004028654191643, "lowlevel.spectral_rms.stdev": 0.001971215009689331, "lowlevel.spectral_rolloff.mean": 864.28564453125, "lowlevel.spectral_rolloff.stdev": 1507.801025390625, "lowlevel.spectral_skewness.mean": 3.8722989559173584, "lowlevel.spectral_skewness.stdev": 2.0148541927337646, "lowlevel.spectral_spread.mean": 3822806.25, "lowlevel.spectral_spread.stdev": 2633374.5, "lowlevel.spectral_strongpeak.mean": 1.492280125617981, "lowlevel.spectral_strongpeak.stdev": 1.1224650144577026, "lowlevel.zerocrossingrate.mean": 0.033918194472789764, "lowlevel.zerocrossingrate.stdev": 0.03369804099202156, "metadata.audio_properties.analysis.equal_loudness": 0.0, "metadata.audio_properties.analysis.length": 18.922653198242188, "metadata.audio_properties.analysis.sample_rate": 44100.0, "metadata.audio_properties.analysis.start_time": 0.0, "metadata.audio_properties.bit_rate": 113549.0, "metadata.audio_properties.length": 18.922666549682617, "metadata.audio_properties.lossless": 0.0, "metadata.audio_properties.number_channels": 1.0, "metadata.audio_properties.replay_gain": -9.958597183227539, "metadata.audio_properties.sample_rate": 48000.0, "rhythm.beats_count": 35.0, "rhythm.beats_loudness.mean": 0.03608622029423714, "rhythm.beats_loudness.stdev": 0.02770351991057396, "rhythm.bpm": 116.70771026611328, "rhythm.bpm_histogram_first_peak_bpm": 117.0, "rhythm.bpm_histogram_first_peak_weight": 0.5416666269302368, "rhythm.bpm_histogram_second_peak_bpm": 112.0, "rhythm.bpm_histogram_second_peak_spread": 0.0, "rhythm.bpm_histogram_second_peak_weight": 0.14705882966518402, "rhythm.danceability": 1.5815303325653076, "rhythm.onset_rate": 4.224785327911377, "tonal.chords_changes_rate": 0.029339853674173355, "tonal.chords_number_rate": 0.00977995153516531, "tonal.chords_strength.mean": 0.4734225571155548, "tonal.chords_strength.stdev": 0.10636267066001892, "tonal.hpcp_crest.mean": 22.73785400390625, "tonal.hpcp_crest.stdev": 8.96923828125, "tonal.hpcp_entropy.mean": 0.9755352735519409, "tonal.hpcp_entropy.stdev": 0.6402766108512878, "tonal.key_edma.strength": 0.5389193296432495, "tonal.key_krumhansl.strength": 0.5358704924583435, "tonal.key_temperley.strength": 0.546770453453064, "tonal.tuning_diatonic_strength": 0.3723013401031494, "tonal.tuning_equal_tempered_deviation": 0.029094723984599113, "tonal.tuning_frequency": 440.0, "tonal.tuning_nontempered_energy_ratio": 0.6086678504943848, "lowlevel.barkbands.mean": [1.2682434089583694e-06, 1.3773486898571718e-05, 0.000873223296366632, 0.0014761859783902764, 0.0022861810866743326, 0.004694774281233549, 0.0037496834993362427, 0.005321411415934563, 0.001188112422823906, 0.0004620263061951846, 0.0001734443794703111, 3.48832254530862e-05, 2.775421853584703e-05, 2.77581530099269e-05, 6.821439455961809e-05, 3.986685987911187e-05, 1.7434917026548646e-05, 1.845338920247741e-05, 2.202556424890645e-05, 7.113051651685964e-06, 1.3600145393866114e-05, 3.47875538864173e-06, 1.5177486602624413e-05, 4.714468013844453e-05, 3.230735819670372e-05, 3.3830917800514726e-06, 8.227244996383831e-10], "lowlevel.barkbands.stdev": [3.7648826491931686e-06, 2.567687442933675e-05, 0.001071739592589438, 0.0020217730198055506, 0.004126633517444134, 0.009832343086600304, 0.010751254856586456, 0.008273528888821602, 0.0035944615956395864, 0.001930944505147636, 0.000966694438830018, 0.00012370775220915675, 0.00011834121687570587, 0.0001254145463462919, 0.0002761158684734255, 0.00017135553935077041, 7.667631143704057e-05, 5.021192555432208e-05, 5.513159339898266e-05, 6.459083670051768e-05, 5.927040911046788e-05, 2.3950058675836772e-05, 8.170455839717761e-05, 0.00026593083748593926, 0.00017233700782526284, 1.6954440070549026e-05, 1.8033073923007237e-09], "lowlevel.erbbands.mean": [0.0003359616966918111, 0.012758851982653141, 0.5758938789367676, 4.1569390296936035, 2.853745460510254, 8.517568588256836, 23.085424423217773, 45.4005241394043, 63.06332778930664, 54.3362922668457, 108.01679229736328, 34.974857330322266, 13.046972274780273, 13.318668365478516, 6.992248058319092, 1.4301499128341675, 1.3554726839065552, 0.95347660779953, 2.913874626159668, 3.8331806659698486, 1.692093849182129, 1.0314407348632812, 0.8922121524810791, 1.2138972282409668, 0.849040687084198, 0.3138672411441803, 0.7119675278663635, 0.30981048941612244, 0.12455936521291733, 0.1868729293346405, 0.5181112885475159, 0.7286779880523682, 0.9563499093055725, 0.5635841488838196, 0.10798513144254684, 0.030973808839917183, 0.0033796532079577446, 8.931765478337184e-05, 1.5162102499743924e-05, 2.4130726160365157e-05], "lowlevel.erbbands.stdev": [0.0003692074096761644, 0.013185427524149418, 0.644477128982544, 4.812970161437988, 4.718526840209961, 17.01197052001953, 29.65191078186035, 103.71565246582031, 178.65939331054688, 81.16751098632812, 158.8804473876953, 89.32353973388672, 52.560150146484375, 60.97157669067383, 36.218414306640625, 4.16453218460083, 5.634211540222168, 2.8649463653564453, 13.850815773010254, 16.495460510253906, 6.431800365447998, 4.241580963134766, 2.472350835800171, 2.714887857437134, 2.656264066696167, 2.2824695110321045, 3.9193637371063232, 1.6184213161468506, 0.9021855592727661, 1.1093558073043823, 2.8317301273345947, 4.679682731628418, 4.948433876037598, 3.0836048126220703, 0.4807991683483124, 0.14855258166790009, 0.018936090171337128, 0.0004211378691252321, 2.495632907084655e-05, 2.262535781483166e-05], "lowlevel.gfcc.mean": [-137.3682861328125, 136.31736755371094, -70.76717376708984, -9.27889633178711, -96.24561309814453, -16.711681365966797, -61.72888946533203, 19.952465057373047, -28.617788314819336, -7.984975337982178, -15.83215618133545, -29.53407859802246, -4.817333698272705], "lowlevel.melbands.mean": [2.445076688672998e-06, 0.00026705340133048594, 0.0006158937467262149, 0.0003768889291677624, 0.0007655948284082115, 0.000986861065030098, 0.0009074356639757752, 0.0007926300750114024, 0.0007574153132736683, 0.00018002194701693952, 6.132548878667876e-05, 5.8418754633748904e-05, 2.5329407435492612e-05, 6.336324986477848e-06, 2.5844697120191995e-06, 2.509506657588645e-06, 1.6213796243391698e-06, 4.607882146956399e-06, 4.976377113052877e-06, 3.921131792594679e-06, 1.6015287656045984e-06, 1.0644031362971873e-06, 9.050980906977202e-07, 8.042795798246516e-07, 9.95893174149387e-07, 8.923843779484741e-07, 2.3115005376439512e-07, 1.956931043878285e-07, 4.4656934505837853e-07, 4.0075343576972955e-07, 1.054854266158145e-07, 6.469694113775404e-08, 7.043128391615028e-08, 1.1285563061846915e-07, 2.671772563189734e-07, 3.590743347103853e-07, 4.847724994760938e-07, 7.158170092225191e-07, 5.464282821776578e-07, 4.571147371734696e-07], "lowlevel.melbands.stdev": [4.113635895919288e-06, 0.00029597405227832496, 0.0007170320022851229, 0.0007626700098626316, 0.0009733916958793998, 0.0021912576630711555, 0.0025812110397964716, 0.0012111692922189832, 0.0010784848127514124, 0.0005578749696724117, 0.0002763884549494833, 0.0002742006035987288, 0.00013934916933067143, 2.5471508706687018e-05, 1.142893779615406e-05, 1.0803650184243452e-05, 5.326642167347018e-06, 2.3178252376965247e-05, 2.0220535589032806e-05, 1.720966974971816e-05, 7.340367119468283e-06, 5.341282758308807e-06, 3.3258938856306486e-06, 2.4045568807196105e-06, 2.258443146274658e-06, 2.752343334577745e-06, 8.498607257934054e-07, 1.92355400940869e-06, 3.1355007195088547e-06, 1.6503314554938697e-06, 7.038885314614163e-07, 5.447092235044693e-07, 4.417983916482626e-07, 6.99537338277878e-07, 1.5124261381060933e-06, 1.9568360585253686e-06, 3.4035133467114065e-06, 3.90084369428223e-06, 2.855984803318279e-06, 2.6056188744405517e-06], "lowlevel.melbands128.mean": [6.179017191243474e-07, 8.984458190752775e-07, 1.4278973594628042e-06, 8.556474313081708e-06, 7.38209710107185e-05, 0.0005749037372879684, 0.0010166242718696594, 0.0005266339285299182, 0.00015865074237808585, 0.00037523641367442906, 0.00044647479080595076, 0.0006896808044984937, 0.0006813315558247268, 0.0010721780126914382, 0.0011751772835850716, 0.0008094179793260992, 0.0008804400567896664, 0.001268031308427453, 0.000435797031968832, 0.000252680794801563, 0.0012117631267756224, 0.00177729781717062, 0.00038197982939891517, 0.0002189100778196007, 0.0002923306601587683, 0.00010606805153656751, 7.112368621164933e-05, 3.482595275272615e-05, 7.595360511913896e-05, 9.677988418843597e-05, 3.442405431997031e-05, 1.98480502149323e-05, 3.610331623349339e-05, 1.995960519707296e-05, 8.002996764844283e-06, 2.9328859909583116e-06, 2.0489351300057024e-06, 1.6569673562116805e-06, 3.897431724908529e-06, 3.602513743317104e-06, 1.8858096382246003e-06, 1.3804066156808403e-06, 1.0345160035285517e-06, 1.3600090369436657e-06, 4.601125965564279e-06, 5.6296294133062474e-06, 4.662411356548546e-06, 2.6375723791716155e-06, 6.885948096169159e-06, 6.877613941469463e-06, 2.654655645528692e-06, 1.904156761156628e-06, 2.420425516902469e-06, 8.962488777797262e-07, 1.0706808097893372e-06, 1.3784978136754944e-06, 6.031447696841497e-07, 1.1741258276742883e-06, 9.670068266132148e-07, 5.607676030194853e-07, 6.695934757772193e-07, 1.0449812180013396e-06, 1.169117126664787e-06, 8.032635605559335e-07, 1.0655980986484792e-06, 1.0561650469753658e-06, 7.809378530510003e-07, 1.9358536462732445e-07, 1.7920123696058e-07, 1.3533406217902666e-07, 1.000967557729382e-07, 2.4963063083305315e-07, 4.523717223037238e-07, 4.436635947513423e-07, 5.0577875754243e-07, 5.2418613449845e-07, 3.1524825772066833e-07, 1.3415198907296144e-07, 7.647327748827593e-08, 7.014492098278424e-08, 6.805849039892564e-08, 5.459806473595563e-08, 7.20430932688032e-08, 6.604361146855808e-08, 7.628494813616271e-08, 9.145625767814636e-08, 1.0842620667972369e-07, 1.8682936797631555e-07, 2.2847346770049626e-07, 3.766082272704807e-07, 3.9005081475806946e-07, 3.4815124649867357e-07, 3.0210722457013617e-07, 5.65443258437881e-07, 4.794072197000787e-07, 6.325088293124281e-07, 8.932362334235222e-07, 6.957629921089392e-07, 4.0790195043882704e-07, 5.618342129309895e-07, 5.972519829811063e-07, 4.86799194732157e-07, 2.4012686594687693e-07, 9.85719168511423e-08, 5.036062944441255e-08, 1.0949894146961014e-07, 9.8115265245724e-08, 6.68001192138945e-08, 4.90491025573192e-08, 3.127466285945957e-08, 2.6670589292621116e-08, 1.7746147662478506e-08, 2.535626819621939e-09, 3.349932831131497e-10, 1.6531334634528605e-10, 3.7369191074887453e-11, 7.0670036662889846e-12, 3.5572269956041236e-12, 3.4141365949647007e-12, 3.323339216668164e-12, 3.2397058126465428e-12, 3.1639961917823145e-12, 3.1130729504641463e-12, 3.0523045028985063e-12, 2.962808817730256e-12, 2.8451165035026094e-12, 2.776624416500617e-12, 2.7553044481404276e-12], "lowlevel.melbands128.stdev": [1.973306780200801e-06, 2.477589532645652e-06, 3.2261207252304303e-06, 1.762911597325001e-05, 9.684350516181439e-05, 0.0007227205205708742, 0.0011761876521632075, 0.0009477001149207354, 0.00032840706990100443, 0.0010825102217495441, 0.001080549438484013, 0.0013560580555349588, 0.001052815350703895, 0.002159127965569496, 0.0028973736334592104, 0.003552667796611786, 0.002929879119619727, 0.004315597005188465, 0.001271870918571949, 0.0005436696228571236, 0.002153360517695546, 0.002891886979341507, 0.0008897847146727145, 0.0006026191986165941, 0.0009810529882088304, 0.0006093359552323818, 0.0006819872069172561, 0.0001791228714864701, 0.00042063731234520674, 0.0005035073845647275, 0.00024418436805717647, 0.00012531988613773137, 0.00024705613031983376, 0.00014655524864792824, 3.7736070225946605e-05, 1.0678496437321883e-05, 1.1212371646251995e-05, 1.1333460861351341e-05, 2.208083424193319e-05, 1.9113274902338162e-05, 1.3060289347777143e-05, 8.580363100918476e-06, 4.445661943464074e-06, 5.992303613311378e-06, 2.5780424039112404e-05, 3.483000909909606e-05, 3.496626959531568e-05, 1.4291445040726103e-05, 3.8037811464164406e-05, 4.625317160389386e-05, 1.4383470443135593e-05, 1.0856834705919027e-05, 1.5911387890810147e-05, 3.86119972972665e-06, 6.7295659391675144e-06, 9.144152500084601e-06, 2.7540600058273412e-06, 6.416619726223871e-06, 4.245578566042241e-06, 1.8668250731934677e-06, 3.7362722196121467e-06, 3.3873843676701654e-06, 3.609614623201196e-06, 2.1303590074239764e-06, 3.2903158171393443e-06, 3.5818682135868585e-06, 3.4566587601148058e-06, 6.110072376941389e-07, 9.405060268363741e-07, 8.18592354789871e-07, 6.286567781899066e-07, 3.2345471936423564e-06, 5.454442543850746e-06, 2.697582203836646e-06, 2.003956524276873e-06, 2.1560358618444297e-06, 1.5061640397107112e-06, 9.281066581934283e-07, 5.641647362608637e-07, 6.16671457009943e-07, 7.139271360756538e-07, 4.3904924496018793e-07, 5.876585760233866e-07, 4.236088955167361e-07, 4.6576926138186536e-07, 6.352017862809589e-07, 7.393584269266285e-07, 1.2540763236756902e-06, 1.370279278489761e-06, 2.227249751740601e-06, 2.227999857495888e-06, 1.8731163891061442e-06, 2.0322331693023443e-06, 4.706021172751207e-06, 3.7022550714027602e-06, 4.117123353353236e-06, 4.798848749487661e-06, 3.1455408588954015e-06, 1.9816006897599436e-06, 3.7124807477084687e-06, 3.863106940116268e-06, 2.6985637759935344e-06, 1.2557063655549427e-06, 3.535535881837859e-07, 2.049795284619904e-07, 5.343343332242512e-07, 5.24278846114612e-07, 3.474629011179786e-07, 2.2619927619871305e-07, 1.60995995202029e-07, 2.102138552118049e-07, 1.2009164152004814e-07, 1.5134531849980704e-08, 2.077150007551154e-09, 2.4104722662343647e-09, 6.491380211137709e-10, 5.643931849652617e-11, 5.837211356635175e-12, 5.624597575887291e-12, 5.476991256359032e-12, 5.342949173370304e-12, 5.22413882986239e-12, 5.1243453924598725e-12, 5.036746627412603e-12, 4.9619635657249805e-12, 4.905240276464884e-12, 4.862680570705269e-12, 4.836412954151159e-12], "lowlevel.mfcc.mean": [-805.1821899414062, 179.3056640625, 51.2851448059082, -2.0821895599365234, -2.4688916206359863, -51.752872467041016, -9.905926704406738, -23.958723068237305, -3.3446781635284424, 2.8481032848358154, -15.088478088378906, 0.7970818281173706, -11.65588092803955], "lowlevel.spectral_contrast_coeffs.mean": [-0.5549960136413574, -0.6403757929801941, -0.7492772936820984, -0.8165909051895142, -0.8035890460014343, -0.7990265488624573], "lowlevel.spectral_contrast_coeffs.stdev": [0.07771497219800949, 0.07584317773580551, 0.07665238529443741, 0.06452349573373795, 0.057917386293411255, 0.055257514119148254], "lowlevel.spectral_contrast_valleys.mean": [-8.152052879333496, -6.971951484680176, -8.966765403747559, -9.669695854187012, -9.830931663513184, -12.167040824890137], "lowlevel.spectral_contrast_valleys.stdev": [0.7303497791290283, 0.7951568961143494, 0.6900829076766968, 0.8270682096481323, 0.9512587189674377, 0.995686948299408], "rhythm.beats_loudness_band_ratio.mean": [0.15707850456237793, 0.3494313359260559, 0.4706336557865143, 0.03155684098601341, 0.009763790294528008, 0.008312126621603966], "rhythm.beats_loudness_band_ratio.stdev": [0.1448327898979187, 0.2678377628326416, 0.24627044796943665, 0.08480748534202576, 0.01382332295179367, 0.0331994853913784], "tonal.hpcp.mean": [0.16861137747764587, 0.0660678818821907, 0.0062875207513570786, 0.006605497095733881, 0.008538543246686459, 0.04373544827103615, 0.07745573669672012, 0.050213802605867386, 0.025881154462695122, 0.030632559210062027, 0.03383895009756088, 0.2664591372013092, 0.5008717179298401, 0.26860177516937256, 0.11953461170196533, 0.22050337493419647, 0.12004077434539795, 0.005168993026018143, 0.01180113572627306, 0.03708832710981369, 0.14229632914066315, 0.21819660067558289, 0.14733588695526123, 0.07540620118379593, 0.04700899496674538, 0.022426055744290352, 0.0342651829123497, 0.04577774927020073, 0.026792479678988457, 0.018896225839853287, 0.021274788305163383, 0.015749411657452583, 0.019996942952275276, 0.040792182087898254, 0.04953616484999657, 0.12904725968837738], "tonal.hpcp.stdev": [0.2865220010280609, 0.13518451154232025, 0.04690255597233772, 0.06124746799468994, 0.05937740579247475, 0.11160315573215485, 0.1616685539484024, 0.11460263282060623, 0.11655595153570175, 0.13323456048965454, 0.1413777470588684, 0.2485738843679428, 0.4309172034263611, 0.2561361491680145, 0.20306004583835602, 0.3769640326499939, 0.21428951621055603, 0.03569244220852852, 0.0814688503742218, 0.152109295129776, 0.25885558128356934, 0.3371657431125641, 0.26800528168678284, 0.22295024991035461, 0.1709669679403305, 0.11280803382396698, 0.141992449760437, 0.1801581084728241, 0.11219929158687592, 0.1119849905371666, 0.12301260977983475, 0.08741504698991776, 0.08870502561330795, 0.15942203998565674, 0.16588743031024933, 0.23580770194530487], "rhythm.beats_position": [0.5688889026641846, 1.1377778053283691, 1.729886531829834, 2.3103854656219482, 2.879274368286133, 3.4481632709503174, 3.982222080230713, 4.5162811279296875, 5.038730144500732, 5.561179161071777, 6.083628177642822, 6.606077194213867, 7.140135765075684, 7.6625847816467285, 8.185033798217773, 8.707483291625977, 9.218321800231934, 9.75238037109375, 10.274829864501953, 10.78566837310791, 11.308117866516113, 11.81895637512207, 12.329795837402344, 12.8406343460083, 13.339863777160645, 13.862312316894531, 14.373151779174805, 14.907210350036621, 15.418049812316895, 15.928888320922852, 16.428117752075195, 16.93895721435547, 17.43818473815918, 17.949024200439453, 18.459863662719727], "rhythm.bpm_histogram": [0.0, 0.0, 0.0, 0.0, 0.0, 0.0, 0.0, 0.0, 0.0, 0.0, 0.0, 0.0, 0.0, 0.0, 0.0, 0.0, 0.0, 0.0, 0.0, 0.0, 0.0, 0.0, 0.0, 0.0, 0.0, 0.0, 0.0, 0.0, 0.0, 0.0, 0.0, 0.0, 0.0, 0.0, 0.0, 0.0, 0.0, 0.0, 0.0, 0.0, 0.0, 0.0, 0.0, 0.0, 0.0, 0.0, 0.0, 0.0, 0.0, 0.0, 0.0, 0.0, 0.0, 0.0, 0.0, 0.0, 0.0, 0.0, 0.0, 0.0, 0.0, 0.0, 0.0, 0.0, 0.0, 0.0, 0.0, 0.0, 0.0, 0.0, 0.0, 0.0, 0.0, 0.0, 0.0, 0.0, 0.0, 0.0, 0.0, 0.0, 0.0, 0.0, 0.0, 0.0, 0.0, 0.0, 0.0, 0.0, 0.0, 0.0, 0.0, 0.0, 0.0, 0.0, 0.0, 0.0, 0.0, 0.0, 0.0, 0.0, 0.0, 0.029411764815449715, 0.0, 0.029411764815449715, 0.0, 0.0882352963089943, 0.0, 0.0, 0.0, 0.0, 0.0, 0.0, 0.14705882966518402, 0.0, 0.0, 0.29411765933036804, 0.0, 0.3235294222831726, 0.0, 0.0, 0.0882352963089943, 0.0, 0.0, 0.0, 0.0, 0.0, 0.0, 0.0, 0.0, 0.0, 0.0, 0.0, 0.0, 0.0, 0.0, 0.0, 0.0, 0.0, 0.0, 0.0, 0.0, 0.0, 0.0, 0.0, 0.0, 0.0, 0.0, 0.0, 0.0, 0.0, 0.0, 0.0, 0.0, 0.0, 0.0, 0.0, 0.0, 0.0, 0.0, 0.0, 0.0, 0.0, 0.0, 0.0, 0.0, 0.0, 0.0, 0.0, 0.0, 0.0, 0.0, 0.0, 0.0, 0.0, 0.0, 0.0, 0.0, 0.0, 0.0, 0.0, 0.0, 0.0, 0.0, 0.0, 0.0, 0.0, 0.0, 0.0, 0.0, 0.0, 0.0, 0.0, 0.0, 0.0, 0.0, 0.0, 0.0, 0.0, 0.0, 0.0, 0.0, 0.0, 0.0, 0.0, 0.0, 0.0, 0.0, 0.0, 0.0, 0.0, 0.0, 0.0, 0.0, 0.0, 0.0, 0.0, 0.0, 0.0, 0.0, 0.0, 0.0, 0.0, 0.0, 0.0, 0.0, 0.0, 0.0, 0.0, 0.0, 0.0, 0.0, 0.0, 0.0, 0.0, 0.0, 0.0, 0.0, 0.0, 0.0, 0.0, 0.0, 0.0, 0.0, 0.0, 0.0, 0.0, 0.0, 0.0, 0.0, 0.0], "tonal.chords_histogram": [6.84596586227417, 0.0, 0.0, 0.0, 0.0, 0.0, 0.0, 0.0, 0.0, 0.0, 0.0, 0.0, 0.0, 0.0, 6.84596586227417, 0.0, 0.0, 0.0, 0.0, 0.0, 0.0, 13.447432518005371, 0.0, 72.86063385009766], "tonal.thpcp": [1.0, 0.5362685918807983, 0.23865315318107605, 0.44023922085762024, 0.23966370522975922, 0.010319993831217289, 0.02356119453907013, 0.07404755800962448, 0.2840973436832428, 0.43563368916511536, 0.294158935546875, 0.15054993331432343, 0.09385436028242111, 0.04477405175566673, 0.06841109693050385, 0.09139615297317505, 0.05349170044064522, 0.03772667795419693, 0.04247552156448364, 0.031444001942873, 0.03992427885532379, 0.08144237101078033, 0.09889990091323853, 0.2576453387737274, 0.33663585782051086, 0.13190579414367676, 0.012553155422210693, 0.013188001699745655, 0.017047366127371788, 0.08731865882873535, 0.15464186668395996, 0.10025282204151154, 0.05167222023010254, 0.06115849316120148, 0.067560113966465, 0.5319907665252686], "lowlevel.gfcc.cov": [[4480.81103515625, -1094.0557861328125, -1015.1015625, 139.6737518310547, -129.4631805419922, -69.60505676269531, -373.48443603515625, 436.38580322265625, -291.4322509765625, 84.85078430175781, 183.438720703125, -95.88680267333984, 240.85177612304688], [-1094.0557861328125, 1816.0223388671875, 170.1295623779297, -675.149169921875, 442.1559753417969, -92.48721313476562, 278.5456848144531, -349.0860290527344, 102.923095703125, -97.57302856445312, 66.76329803466797, -169.07684326171875, 68.36251068115234], [-1015.1015625, 170.1295623779297, 846.1806640625, 95.2611083984375, -150.8171844482422, 42.55195617675781, 67.9314193725586, -110.22997283935547, 60.989952087402344, -22.116300582885742, -54.49612808227539, 67.1028823852539, -206.37423706054688], [139.6737518310547, -675.149169921875, 95.2611083984375, 669.6178588867188, -158.1188201904297, -168.1856231689453, -75.8895263671875, 211.12173461914062, -62.09565353393555, -78.44242095947266, -37.54148864746094, 88.9345474243164, -101.76596069335938], [-129.4631805419922, 442.1559753417969, -150.8171844482422, -158.1188201904297, 292.5010681152344, -3.5260753631591797, 13.61258602142334, -30.820497512817383, 29.27937889099121, -37.085235595703125, -24.964519500732422, -67.86643981933594, 56.20712661743164], [-69.60505676269531, -92.48721313476562, 42.55195617675781, -168.1856231689453, -3.5260753631591797, 486.2754211425781, -1.0664875507354736, -184.74493408203125, 57.560325622558594, 45.57389450073242, -158.2946014404297, -68.42681121826172, 3.565410614013672], [-373.48443603515625, 278.5456848144531, 67.9314193725586, -75.8895263671875, 13.61258602142334, -1.0664875507354736, 216.93601989746094, -64.85843658447266, -45.7578239440918, 24.049942016601562, 25.241626739501953, -37.744998931884766, -26.660280227661133], [436.38580322265625, -349.0860290527344, -110.22997283935547, 211.12173461914062, -30.820497512817383, -184.74493408203125, -64.85843658447266, 347.470947265625, -56.54098892211914, -48.64530944824219, 59.89585494995117, 38.15471649169922, -26.20380401611328], [-291.4322509765625, 102.923095703125, 60.989952087402344, -62.09565353393555, 29.27937889099121, 57.560325622558594, -45.7578239440918, -56.54098892211914, 226.38763427734375, -15.991313934326172, -96.42893981933594, 29.516244888305664, -29.092918395996094], [84.85078430175781, -97.57302856445312, -22.116300582885742, -78.44242095947266, -37.085235595703125, 45.57389450073242, 24.049942016601562, -48.64530944824219, -15.991313934326172, 194.57118225097656, 34.29674530029297, -16.270641326904297, 1.5622726678848267], [183.438720703125, 66.76329803466797, -54.49612808227539, -37.54148864746094, -24.964519500732422, -158.2946014404297, 25.241626739501953, 59.89585494995117, -96.42893981933594, 34.29674530029297, 215.8184356689453, 28.4846248626709, 3.860044240951538], [-95.88680267333984, -169.07684326171875, 67.1028823852539, 88.9345474243164, -67.86643981933594, -68.42681121826172, -37.744998931884766, 38.15471649169922, 29.516244888305664, -16.270641326904297, 28.4846248626709, 145.21719360351562, -37.19472122192383], [240.85177612304688, 68.36251068115234, -206.37423706054688, -101.76596069335938, 56.20712661743164, 3.565410614013672, -26.660280227661133, -26.20380401611328, -29.092918395996094, 1.5622726678848267, 3.860044240951538, -37.19472122192383, 167.81056213378906]], "lowlevel.gfcc.icov": [[0.0004838492604903877, -0.00012095917190890759, 0.0005378475179895759, 4.34821731687407e-06, 0.0005853561451658607, -0.00016026385128498077, 0.0008709740941412747, -0.000399147771531716, 0.0004890926065854728, -0.00018214370356872678, -8.106769382720813e-05, 0.00037154220626689494, 7.300471042981371e-05], [-0.00012095917190890759, 0.00668769795447588, -0.0028968348633497953, 0.003969109617173672, -0.006911342032253742, 0.0039115468971431255, -0.004984864499419928, 0.00423510791733861, -0.0031344385351985693, 0.004805090371519327, -0.0032453977037221193, 0.004334674682468176, -0.0011579151032492518], [0.0005378475179895759, -0.0028968348633497953, 0.0038606030866503716, -0.0014564174925908446, 0.0043268753215670586, -0.0014408566057682037, 0.0027425135485827923, -0.0011720334878191352, 0.001953295897692442, -0.001651632133871317, 0.0019175380002707243, -0.0017267685616388917, 0.0030339451041072607], [4.34821731687407e-06, 0.003969109617173672, -0.0014564174925908446, 0.005539425183087587, -0.0027261674404144287, 0.0035440565552562475, -0.0019978987984359264, 0.0016682425048202276, -3.710014425450936e-05, 0.0034133773297071457, 0.0005900092655792832, 0.0018975777784362435, 0.0010947255650535226], [0.0005853561451658607, -0.006911342032253742, 0.0043268753215670586, -0.0027261674404144287, 0.012839424423873425, -0.0030860614497214556, 0.005830762442201376, -0.004420628305524588, 0.0032807928510010242, -0.0036848641466349363, 0.0043482729233801365, -0.0022788485512137413, 0.0016424739733338356], [-0.00016026385128498077, 0.0039115468971431255, -0.0014408566057682037, 0.0035440565552562475, -0.0030860614497214556, 0.006383384112268686, -0.0021976849529892206, 0.0038626370951533318, -0.0008639047737233341, 0.0023843087255954742, 0.0014829649589955807, 0.003249261761084199, 0.0006799458060413599], [0.0008709740941412747, -0.004984864499419928, 0.0027425135485827923, -0.0019978987984359264, 0.005830762442201376, -0.0021976849529892206, 0.011195661500096321, -0.0023972312919795513, 0.0048876674845814705, -0.0038874822203069925, 0.0024697938933968544, -0.0011874436168000102, 0.003003422636538744], [-0.000399147771531716, 0.00423510791733861, -0.0011720334878191352, 0.0016682425048202276, -0.004420628305524588, 0.0038626370951533318, -0.0023972312919795513, 0.00792997982352972, -0.0014654602855443954, 0.003852498484775424, -0.0022117765620350838, 0.00266057881526649, 0.0010245671728625894], [0.0004890926065854728, -0.0031344385351985693, 0.001953295897692442, -3.710014425450936e-05, 0.0032807928510010242, -0.0008639047737233341, 0.0048876674845814705, -0.0014654602855443954, 0.00953609962016344, -0.002299488987773657, 0.005713919177651405, -0.00395013066008687, 0.0030894437804818153], [-0.00018214370356872678, 0.004805090371519327, -0.001651632133871317, 0.0034133773297071457, -0.0036848641466349363, 0.0023843087255954742, -0.0038874822203069925, 0.003852498484775424, -0.002299488987773657, 0.009745786897838116, -0.003517958801239729, 0.003758520120754838, -6.514264532597736e-05], [-8.106769382720813e-05, -0.0032453977037221193, 0.0019175380002707243, 0.0005900092655792832, 0.0043482729233801365, 0.0014829649589955807, 0.0024697938933968544, -0.0022117765620350838, 0.005713919177651405, -0.003517958801239729, 0.011852611787617207, -0.004366617649793625, 0.0024964050389826298], [0.00037154220626689494, 0.004334674682468176, -0.0017267685616388917, 0.0018975777784362435, -0.0022788485512137413, 0.003249261761084199, -0.0011874436168000102, 0.00266057881526649, -0.00395013066008687, 0.003758520120754838, -0.004366617649793625, 0.01335025206208229, -1.1225124580960255e-05], [7.300471042981371e-05, -0.0011579151032492518, 0.0030339451041072607, 0.0010947255650535226, 0.0016424739733338356, 0.0006799458060413599, 0.003003422636538744, 0.0010245671728625894, 0.0030894437804818153, -6.514264532597736e-05, 0.0024964050389826298, -1.1225124580960255e-05, 0.01126993540674448]], "lowlevel.mfcc.cov": [[4999.50732421875, -1286.396728515625, -869.1815795898438, -105.09471893310547, 300.8755798339844, -737.3172607421875, 281.5776062011719, -242.60618591308594, 23.639820098876953, 155.0244598388672, -216.71731567382812, 86.71754455566406, -130.63807678222656], [-1286.396728515625, 2321.7802734375, -287.6023864746094, -385.6468505859375, -34.260677337646484, 248.7654266357422, 115.5625991821289, -171.5452880859375, -40.58046340942383, 90.99335479736328, -65.98206329345703, -69.4649658203125, 53.61391830444336], [-869.1815795898438, -287.6023864746094, 885.972412109375, 72.27189636230469, -156.6642608642578, 219.79754638671875, -166.21282958984375, 121.45114135742188, -60.608211517333984, -136.35110473632812, 115.84838104248047, 32.92301559448242, 67.30665588378906], [-105.09471893310547, -385.6468505859375, 72.27189636230469, 671.8741455078125, -19.03043556213379, -369.9915771484375, 12.9068021774292, 125.72592163085938, -63.26742172241211, -200.10107421875, 124.51873016357422, 84.54830169677734, -64.28673553466797], [300.8755798339844, -34.260677337646484, -156.6642608642578, -19.03043556213379, 275.0632629394531, -94.37635803222656, -42.341678619384766, 32.40608596801758, 49.485740661621094, 24.636011123657227, -49.663368225097656, -18.433982849121094, -41.10752487182617], [-737.3172607421875, 248.7654266357422, 219.79754638671875, -369.9915771484375, -94.37635803222656, 729.0891723632812, -170.5005340576172, -27.73471450805664, 49.827171325683594, 160.79879760742188, -98.55305480957031, -150.0856475830078, 127.95150756835938], [281.5776062011719, 115.5625991821289, -166.21282958984375, 12.9068021774292, -42.341678619384766, -170.5005340576172, 410.6592102050781, -123.25112915039062, -68.48546600341797, 44.5953369140625, -38.51776123046875, 17.101375579833984, -44.1844596862793], [-242.60618591308594, -171.5452880859375, 121.45114135742188, 125.72592163085938, 32.40608596801758, -27.73471450805664, -123.25112915039062, 246.82931518554688, 18.482452392578125, -99.01136779785156, 59.739837646484375, 12.142190933227539, -19.52121925354004], [23.639820098876953, -40.58046340942383, -60.608211517333984, -63.26742172241211, 49.485740661621094, 49.827171325683594, -68.48546600341797, 18.482452392578125, 187.720947265625, 49.163482666015625, -53.22481155395508, -40.71906280517578, 21.114704132080078], [155.0244598388672, 90.99335479736328, -136.35110473632812, -200.10107421875, 24.636011123657227, 160.79879760742188, 44.5953369140625, -99.01136779785156, 49.163482666015625, 251.23992919921875, -98.99958801269531, -81.91870880126953, 43.93258285522461], [-216.71731567382812, -65.98206329345703, 115.84838104248047, 124.51873016357422, -49.663368225097656, -98.55305480957031, -38.51776123046875, 59.739837646484375, -53.22481155395508, -98.99958801269531, 238.5913848876953, 71.07626342773438, -12.073638916015625], [86.71754455566406, -69.4649658203125, 32.92301559448242, 84.54830169677734, -18.433982849121094, -150.0856475830078, 17.101375579833984, 12.142190933227539, -40.71906280517578, -81.91870880126953, 71.07626342773438, 187.4734649658203, -10.233308792114258], [-130.63807678222656, 53.61391830444336, 67.30665588378906, -64.28673553466797, -41.10752487182617, 127.95150756835938, -44.1844596862793, -19.52121925354004, 21.114704132080078, 43.93258285522461, -12.073638916015625, -10.233308792114258, 150.08201599121094]], "lowlevel.mfcc.icov": [[0.00045643982593901455, 0.00033990642987191677, 0.0003354715299792588, 0.00039776021731086075, -9.407726611243561e-05, 0.0005042552365921438, 7.094076863722876e-05, 0.0003103710478171706, 0.00024316403141710907, -3.0501740184263326e-05, 0.0003085195494350046, -3.864727113978006e-05, -0.00010169840970775113], [0.00033990642987191677, 0.0007909774431027472, 0.0004984291736036539, 0.0005473801866173744, -5.447922376333736e-05, 0.00016914303705561906, -7.734082464594394e-05, 0.00039407078293152153, 0.00037115623126737773, 0.0003193236771039665, 0.00012925415649078786, 7.126486889319494e-05, -0.00023682285973336548], [0.0003354715299792588, 0.0004984291736036539, 0.002124701626598835, 0.0002432420151308179, 0.0004984204424545169, -0.0004471057327464223, 0.0002413267648080364, -0.00015943699690978974, 0.0006564150680787861, 0.0009362624259665608, -0.00015349319437518716, -0.00019455840811133385, -0.0005587356281466782], [0.00039776021731086075, 0.0005473801866173744, 0.0002432420151308179, 0.003113748971372843, 0.0004591687466017902, 0.0017185830511152744, 0.0001542620884720236, -0.00046500578173436224, 0.0006433550734072924, 0.000938677228987217, 8.1682599557098e-05, 0.0005112914950586855, -0.00030296415206976235], [-9.407726611243561e-05, -5.447922376333736e-05, 0.0004984204424545169, 0.0004591687466017902, 0.005217559169977903, 0.0011484476272016764, 0.0011611577356234193, -0.001021448289975524, -0.0003972593112848699, -0.0007156968931667507, 0.0009615874150767922, 0.00040915299905464053, 0.000940352794714272], [0.0005042552365921438, 0.00016914303705561906, -0.0004471057327464223, 0.0017185830511152744, 0.0011484476272016764, 0.004210633225739002, 0.0014007092686370015, -1.4289573300629854e-05, 0.0006148656248115003, -0.001289784791879356, 0.0011103086872026324, 0.0015809466131031513, -0.0010613525519147515], [7.094076863722876e-05, -7.734082464594394e-05, 0.0002413267648080364, 0.0001542620884720236, 0.0011611577356234193, 0.0014007092686370015, 0.0040211803279817104, 0.0011776993051171303, 0.0012404457665979862, -0.0009909054497256875, 0.0008725711377337575, 0.00016313200467266142, 0.0007049968698993325], [0.0003103710478171706, 0.00039407078293152153, -0.00015943699690978974, -0.00046500578173436224, -0.001021448289975524, -1.4289573300629854e-05, 0.0011776993051171303, 0.0065177022479474545, -0.0006473868852481246, 0.001643279567360878, -0.0005031784530729055, 0.0003955914289690554, 0.0005251369439065456], [0.00024316403141710907, 0.00037115623126737773, 0.0006564150680787861, 0.0006433550734072924, -0.0003972593112848699, 0.0006148656248115003, 0.0012404457665979862, -0.0006473868852481246, 0.00705928448587656, -0.000765256816521287, 0.0012071612291038036, 0.0006927675567567348, -0.0009165529045276344], [-3.0501740184263326e-05, 0.0003193236771039665, 0.0009362624259665608, 0.000938677228987217, -0.0007156968931667507, -0.001289784791879356, -0.0009909054497256875, 0.001643279567360878, -0.000765256816521287, 0.007916082628071308, 0.00046975602163001895, 0.0014637301210314035, -0.0014048106968402863], [0.0003085195494350046, 0.00012925415649078786, -0.00015349319437518716, 8.1682599557098e-05, 0.0009615874150767922, 0.0011103086872026324, 0.0008725711377337575, -0.0005031784530729055, 0.0012071612291038036, 0.00046975602163001895, 0.00624589528888464, -0.0010711750946938992, -4.34855064668227e-05], [-3.864727113978006e-05, 7.126486889319494e-05, -0.00019455840811133385, 0.0005112914950586855, 0.00040915299905464053, 0.0015809466131031513, 0.00016313200467266142, 0.0003955914289690554, 0.0006927675567567348, 0.0014637301210314035, -0.0010711750946938992, 0.007589817047119141, -0.0009837104007601738], [-0.00010169840970775113, -0.00023682285973336548, -0.0005587356281466782, -0.00030296415206976235, 0.000940352794714272, -0.0010613525519147515, 0.0007049968698993325, 0.0005251369439065456, -0.0009165529045276344, -0.0014048106968402863, -4.34855064668227e-05, -0.0009837104007601738, 0.008687769062817097]], "metadata.audio_properties.analysis.downmix": "mix", "metadata.audio_properties.codec": "mp3", "metadata.audio_properties.md5_encoded": "3f808a071e54e14dfd9a0bfc1df8cfd5", "metadata.tags.file_name": "1183720149031862272.mp3", "metadata.version.essentia": "2.1-beta6-dev", "metadata.version.essentia_git_sha": "v2.1_beta5-1110-g77a6a954", "metadata.version.extractor": "music 2.0", "tonal.chords_key": 