{"song_id": "1183652193946050650", "download": "https://cdn.discordapp.com/attachments/1135903449314238464/1183652193946050650/chirp.mp4?ex=65891d02&amp", "lyrics": "(Verse 1)\n\"I'm on the subway now,\" \u6211\u73b0\u5728\u5750\u5730\u94c1\uff0c\nLearning English on the go, \u4e00\u8fb9\u8d70\u4e00\u8fb9\u5b66\u3002\n\"I'm watching a movie,\" \u6b63\u770b\u7740\u7535\u5f71\uff0c\n\"I'm eating dinner,\" \u6b63\u5403\u665a\u996d\uff0c\nEvery word, a new window. \u6bcf\u4e2a\u8bcd\u90fd\u662f\u65b0\u5929\u5730\u3002", "style": ["Country</span><span>, Easy Listening</span><span>, boy </span><span>, chinese"], "essentia_features": {"lowlevel.average_loudness": 0.9441379308700562, "lowlevel.barkbands_crest.mean": 12.764755249023438, "lowlevel.barkbands_crest.stdev": 3.965078353881836, "lowlevel.barkbands_flatness_db.mean": 0.21103429794311523, "lowlevel.barkbands_flatness_db.stdev": 0.08080494403839111, "lowlevel.barkbands_kurtosis.mean": 22.132057189941406, "lowlevel.barkbands_kurtosis.stdev": 34.70165252685547, "lowlevel.barkbands_skewness.mean": 3.112647771835327, "lowlevel.barkbands_skewness.stdev": 2.0826292037963867, "lowlevel.barkbands_spread.mean": 16.876264572143555, "lowlevel.barkbands_spread.stdev": 16.554943084716797, "lowlevel.dissonance.mean": 0.43894028663635254, "lowlevel.dissonance.stdev": 0.049609072506427765, "lowlevel.dynamic_complexity": 2.2018883228302, "lowlevel.erbbands_crest.mean": 12.0740385055542, "lowlevel.erbbands_crest.stdev": 5.407418727874756, "lowlevel.erbbands_flatness_db.mean": 0.18706180155277252, "lowlevel.erbbands_flatness_db.stdev": 0.05055198818445206, "lowlevel.erbbands_kurtosis.mean": 3.5595147609710693, "lowlevel.erbbands_kurtosis.stdev": 8.42365550994873, "lowlevel.erbbands_skewness.mean": 0.99774569272995, "lowlevel.erbbands_skewness.stdev": 1.5395795106887817, "lowlevel.erbbands_spread.mean": 45.90528106689453, "lowlevel.erbbands_spread.stdev": 27.755783081054688, "lowlevel.hfc.mean": 18.36139488220215, "lowlevel.hfc.stdev": 15.329814910888672, "lowlevel.loudness_ebu128.integrated": -16.947803497314453, "lowlevel.loudness_ebu128.loudness_range": 2.080310821533203, "lowlevel.loudness_ebu128.momentary.mean": -17.463584899902344, "lowlevel.loudness_ebu128.momentary.stdev": 2.736097574234009, "lowlevel.loudness_ebu128.short_term.mean": -17.00919532775879, "lowlevel.loudness_ebu128.short_term.stdev": 0.7018383741378784, "lowlevel.melbands_crest.mean": 17.657480239868164, "lowlevel.melbands_crest.stdev": 5.173059940338135, "lowlevel.melbands_flatness_db.mean": 0.28553104400634766, "lowlevel.melbands_flatness_db.stdev": 0.09785600006580353, "lowlevel.melbands_kurtosis.mean": 38.99909591674805, "lowlevel.melbands_kurtosis.stdev": 48.210018157958984, "lowlevel.melbands_skewness.mean": 4.2044172286987305, "lowlevel.melbands_skewness.stdev": 2.308319568634033, "lowlevel.melbands_spread.mean": 14.147760391235352, "lowlevel.melbands_spread.stdev": 14.58292293548584, "lowlevel.pitch_salience.mean": 0.447112113237381, "lowlevel.pitch_salience.stdev": 0.12006206065416336, "lowlevel.silence_rate_20dB.mean": 1.0, "lowlevel.silence_rate_20dB.stdev": 0.0, "lowlevel.silence_rate_30dB.mean": 1.0, "lowlevel.silence_rate_30dB.stdev": 0.0, "lowlevel.silence_rate_60dB.mean": 0.03555046021938324, "lowlevel.silence_rate_60dB.stdev": 0.18516835570335388, "lowlevel.spectral_centroid.mean": 1014.7536010742188, "lowlevel.spectral_centroid.stdev": 747.2698974609375, "lowlevel.spectral_complexity.mean": 13.247706413269043, "lowlevel.spectral_complexity.stdev": 10.28105354309082, "lowlevel.spectral_decrease.mean": -7.728830020425903e-09, "lowlevel.spectral_decrease.stdev": 4.250319651788459e-09, "lowlevel.spectral_energy.mean": 0.0308358296751976, "lowlevel.spectral_energy.stdev": 0.016734691336750984, "lowlevel.spectral_energyband_high.mean": 0.0010331225348636508, "lowlevel.spectral_energyband_high.stdev": 0.00167475629132241, "lowlevel.spectral_energyband_low.mean": 0.010517733171582222, "lowlevel.spectral_energyband_low.stdev": 0.01057645957916975, "lowlevel.spectral_energyband_middle_high.mean": 0.0031147380359470844, "lowlevel.spectral_energyband_middle_high.stdev": 0.004587123636156321, "lowlevel.spectral_energyband_middle_low.mean": 0.021911833435297012, "lowlevel.spectral_energyband_middle_low.stdev": 0.01425276417285204, "lowlevel.spectral_entropy.mean": 7.021484851837158, "lowlevel.spectral_entropy.stdev": 0.776332437992096, "lowlevel.spectral_flux.mean": 0.0677037462592125, "lowlevel.spectral_flux.stdev": 0.03916379064321518, "lowlevel.spectral_kurtosis.mean": 5.6979660987854, "lowlevel.spectral_kurtosis.stdev": 6.331688404083252, "lowlevel.spectral_rms.mean": 0.0052389465272426605, "lowlevel.spectral_rms.stdev": 0.0016239461256191134, "lowlevel.spectral_rolloff.mean": 1072.0911865234375, "lowlevel.spectral_rolloff.stdev": 1423.4281005859375, "lowlevel.spectral_skewness.mean": 1.6114068031311035, "lowlevel.spectral_skewness.stdev": 0.9015759825706482, "lowlevel.spectral_spread.mean": 4615946.5, "lowlevel.spectral_spread.stdev": 1711809.625, "lowlevel.spectral_strongpeak.mean": 1.0206942558288574, "lowlevel.spectral_strongpeak.stdev": 0.8174147605895996, "lowlevel.zerocrossingrate.mean": 0.04431992396712303, "lowlevel.zerocrossingrate.stdev": 0.030840616673231125, "metadata.audio_properties.analysis.equal_loudness": 0.0, "metadata.audio_properties.analysis.length": 20.202653884887695, "metadata.audio_properties.analysis.sample_rate": 44100.0, "metadata.audio_properties.analysis.start_time": 0.0, "metadata.audio_properties.bit_rate": 126368.0, "metadata.audio_properties.length": 20.202667236328125, "metadata.audio_properties.lossless": 0.0, "metadata.audio_properties.number_channels": 1.0, "metadata.audio_properties.replay_gain": -9.589559555053711, "metadata.audio_properties.sample_rate": 48000.0, "rhythm.beats_count": 46.0, "rhythm.beats_loudness.mean": 0.04218091815710068, "rhythm.beats_loudness.stdev": 0.016438903287053108, "rhythm.bpm": 137.28561401367188, "rhythm.bpm_histogram_first_peak_bpm": 136.0, "rhythm.bpm_histogram_first_peak_weight": 0.3500000238418579, "rhythm.bpm_histogram_second_peak_bpm": 144.0, "rhythm.bpm_histogram_second_peak_spread": 0.25, "rhythm.bpm_histogram_second_peak_weight": 0.06666667014360428, "rhythm.danceability": 1.180934190750122, "rhythm.onset_rate": 4.548920154571533, "tonal.chords_changes_rate": 0.08924484997987747, "tonal.chords_number_rate": 0.022883296012878418, "tonal.chords_strength.mean": 0.4583904445171356, "tonal.chords_strength.stdev": 0.08927731961011887, "tonal.hpcp_crest.mean": 16.1744441986084, "tonal.hpcp_crest.stdev": 7.4467267990112305, "tonal.hpcp_entropy.mean": 1.6736174821853638, "tonal.hpcp_entropy.stdev": 0.7645598649978638, "tonal.key_edma.strength": 0.5992176532745361, "tonal.key_krumhansl.strength": 0.6105531454086304, "tonal.key_temperley.strength": 0.6285737156867981, "tonal.tuning_diatonic_strength": 0.6116012930870056, "tonal.tuning_equal_tempered_deviation": 0.10245967656373978, "tonal.tuning_frequency": 435.7005310058594, "tonal.tuning_nontempered_energy_ratio": 0.7983396053314209, "lowlevel.barkbands.mean": [4.3887334868486505e-06, 6.252557068364695e-05, 0.005169398616999388, 0.008291184902191162, 0.006035766564309597, 0.003794271033257246, 0.00089186494005844, 0.0013130046427249908, 0.0006322377012111247, 0.0013188571901991963, 0.00028770085191354156, 0.0002888233575504273, 0.00012210091517772526, 0.0002398656215518713, 0.00022264417202677578, 0.0001912955049192533, 0.00022473963326774538, 0.0001923133822856471, 0.00037031169631518424, 0.0003194964083377272, 0.00042742659570649266, 0.0002216857683379203, 4.8222660552710295e-05, 5.373399471864104e-05, 8.26571776997298e-05, 2.6448820790392347e-05, 2.8852487048425246e-06], "lowlevel.barkbands.stdev": [9.313835107604973e-06, 0.00012889709614682943, 0.005877801217138767, 0.007720351684838533, 0.007378045469522476, 0.005497965961694717, 0.001856984687037766, 0.003768364666029811, 0.0019655143842101097, 0.004221870098263025, 0.0010579748777672648, 0.001073338440619409, 0.0008296667947433889, 0.0009794882498681545, 0.0007531511946581304, 0.00045387467253021896, 0.0004583608824759722, 0.0004188611055724323, 0.0005985263851471245, 0.0004920361679978669, 0.0007702927105128765, 0.0005910629988647997, 0.00011770578566938639, 0.0001658127293922007, 0.00017594225937500596, 4.5993030653335154e-05, 8.075027835729998e-06], "lowlevel.erbbands.mean": [0.0017093480564653873, 0.0761580765247345, 3.461859703063965, 21.90024757385254, 16.918027877807617, 20.129920959472656, 37.87880325317383, 25.8348445892334, 19.508092880249023, 19.27678108215332, 23.327980041503906, 17.75615882873535, 45.561885833740234, 16.72612190246582, 14.072452545166016, 12.5687255859375, 6.4823150634765625, 12.544072151184082, 10.504490852355957, 11.095877647399902, 12.315669059753418, 11.157155990600586, 10.510242462158203, 16.573516845703125, 16.940887451171875, 14.806351661682129, 17.629552841186523, 15.979372024536133, 9.489069938659668, 2.5922935009002686, 1.224669098854065, 0.9333921670913696, 1.0631515979766846, 1.0643821954727173, 0.49160459637641907, 0.15785472095012665, 0.038228943943977356, 0.008147158659994602, 0.0003618552291300148, 4.4216038077138364e-05], "lowlevel.erbbands.stdev": [0.0014857000205665827, 0.0804481953382492, 3.7754006385803223, 20.611160278320312, 18.822071075439453, 31.43202781677246, 58.32393264770508, 44.09303665161133, 40.54151916503906, 45.601898193359375, 87.73220825195312, 53.05889892578125, 160.45822143554688, 48.919464111328125, 50.222896575927734, 37.897430419921875, 39.36091232299805, 52.49758529663086, 35.85033416748047, 26.86905288696289, 25.057973861694336, 19.568958282470703, 21.27055549621582, 31.424407958984375, 26.61971092224121, 22.64206314086914, 30.593372344970703, 30.384685516357422, 24.882776260375977, 6.223111629486084, 3.13645076751709, 2.856236219406128, 3.258028030395508, 2.647120952606201, 0.8687490820884705, 0.26858076453208923, 0.07195951789617538, 0.01791110821068287, 0.0009469139622524381, 2.9983424610691145e-05], "lowlevel.gfcc.mean": [-33.688804626464844, 88.66880798339844, -93.76119995117188, 36.22188186645508, -64.6244888305664, -18.39542579650879, -45.71651840209961, -4.027849197387695, -48.56270217895508, -1.9694422483444214, -35.07218933105469, -9.602776527404785, -9.924699783325195], "lowlevel.melbands.mean": [1.0770707376650535e-05, 0.0015267886919900775, 0.003511098213493824, 0.0011217520805075765, 0.0013299257261678576, 0.000615510914940387, 0.00026908452855423093, 0.00023036134371068329, 0.00017564844165463, 0.00010702385770855471, 0.00022415844432543963, 6.364778528222814e-05, 4.271771103958599e-05, 3.912689135177061e-05, 2.0627283447538503e-05, 9.881950063572731e-06, 2.62692501564743e-05, 1.5907740817056037e-05, 1.5124649507924914e-05, 1.4579375601897482e-05, 1.5144129974942189e-05, 1.2044604773109313e-05, 1.0905129784077872e-05, 8.32034584163921e-06, 1.3969820429338142e-05, 1.3493024198396597e-05, 1.0335880688217003e-05, 9.414361556991935e-06, 1.0917448889813386e-05, 1.0925449714704882e-05, 8.81427877175156e-06, 6.418852080969373e-06, 2.2075851120462175e-06, 1.1166711146870512e-06, 7.11224004135147e-07, 5.580513970926404e-07, 5.792969091089617e-07, 7.252237423926999e-07, 8.174050663001253e-07, 9.380260621583147e-07], "lowlevel.melbands.stdev": [1.952659476955887e-05, 0.0015829253243282437, 0.002736915135756135, 0.0013330667279660702, 0.0018931864760816097, 0.000991592649370432, 0.0005569547647610307, 0.0005534527590498328, 0.0006537670269608498, 0.000322418607538566, 0.0007972599123604596, 0.00020823965314775705, 0.00015961722237989306, 0.0001352499530185014, 8.984106534626335e-05, 5.000168312108144e-05, 0.00011853942851303145, 5.319430056260899e-05, 5.367552876123227e-05, 3.6807501601288095e-05, 3.200658829882741e-05, 2.408651744190138e-05, 2.3615384634467773e-05, 1.7694872440188192e-05, 2.7797101211035624e-05, 2.2041300326236524e-05, 1.7191327060572803e-05, 1.4580512470274698e-05, 1.9323762899148278e-05, 2.102956386806909e-05, 1.7922815459314734e-05, 1.7635997210163623e-05, 6.140799087006599e-06, 2.6370946670795092e-06, 1.8724174424278317e-06, 1.6415317531937035e-06, 1.873880592029309e-06, 2.372509015913238e-06, 2.402463223916129e-06, 2.177316900997539e-06], "lowlevel.melbands128.mean": [2.075480097118998e-06, 2.7947673970629694e-06, 6.783842763979919e-06, 3.948180528823286e-05, 0.0005638937000185251, 0.0033260476775467396, 0.00504716020077467, 0.0034876582212746143, 0.001476803096011281, 0.0005879714735783637, 0.0010926646646112204, 0.0017287135124206543, 0.0014821455115452409, 0.0007817930891178548, 0.0005038193194195628, 0.0006329083116725087, 0.00047915804316289723, 0.00014043143892195076, 8.549766789656132e-05, 0.00022972613805904984, 0.00030863896245136857, 0.00020557055540848523, 0.00018352795450482517, 9.912469249684364e-05, 0.00011957764945691451, 6.719692464685068e-05, 0.00016917257744353265, 0.0003923330223187804, 9.122013580054045e-05, 8.319837797898799e-05, 4.9713657062966377e-05, 2.8131205908721313e-05, 4.5200471504358575e-05, 5.5157728638732806e-05, 3.1808700441615656e-05, 4.367711881059222e-05, 3.712077523232438e-05, 9.529200724500697e-06, 2.3162272555055097e-05, 1.1108595572295599e-05, 6.173258498165524e-06, 7.434808139805682e-06, 3.16156838380266e-05, 3.7416102713905275e-05, 8.028051524888724e-06, 1.5233899830491282e-05, 1.9471182895358652e-05, 1.4363418813445605e-05, 1.3898737961426377e-05, 1.5669038475607522e-05, 1.525953302916605e-05, 1.2499284821387846e-05, 1.2625589079107158e-05, 1.731235533952713e-05, 1.917076951940544e-05, 8.947226888267323e-06, 8.621349479653873e-06, 1.1332664143992588e-05, 1.3491321624314878e-05, 7.457263109245105e-06, 7.115460903150961e-06, 7.043338882795069e-06, 1.687637086433824e-05, 1.4939841094019357e-05, 1.1914840797544457e-05, 1.3955964277556632e-05, 1.5733559848740697e-05, 8.164474820659962e-06, 9.043644240591675e-06, 1.343966960121179e-05, 7.438445663865423e-06, 7.802411346347071e-06, 1.3038354154559784e-05, 1.0265664059261326e-05, 1.0222454875474796e-05, 1.2720853192149661e-05, 1.0176477189816069e-05, 9.149663128482644e-06, 8.888329830369912e-06, 7.837547855160665e-06, 8.40438951854594e-06, 5.288187367114006e-06, 3.201871550118085e-06, 1.862342173808429e-06, 1.3761938362222281e-06, 1.1501485914777732e-06, 1.0996260471074493e-06, 8.883582722774008e-07, 6.750808552169474e-07, 5.729849590352387e-07, 6.22325899257703e-07, 5.440476797957672e-07, 4.691833623837738e-07, 5.442215069706435e-07, 6.483329002548999e-07, 7.672666129110439e-07, 6.958300104997761e-07, 7.530447874160018e-07, 7.446514587172715e-07, 8.67567507611966e-07, 1.0465182640473358e-06, 8.761424510339566e-07, 9.668084430813906e-07, 7.070746050885646e-07, 5.373915996642609e-07, 3.8362910004252626e-07, 3.384009232831886e-07, 3.603938978358201e-07, 2.78900813555083e-07, 1.92071880178446e-07, 1.4906160572536464e-07, 1.1534800137269485e-07, 1.130329607690328e-07, 1.0585772969307072e-07, 9.531409261853696e-08, 6.754102344075363e-08, 5.8770737609847856e-08, 5.519725476688109e-08, 1.4118566760146223e-08, 1.2485010802976149e-09, 1.369218960434182e-09, 3.4647784641350654e-10, 4.002449847245737e-12, 3.763836031039913e-12, 3.6859560542668035e-12, 3.564933287805716e-12, 3.4612970042230407e-12, 3.4024133337140494e-12], "lowlevel.melbands128.stdev": [4.223596079100389e-06, 5.424651590146823e-06, 1.1617069503699895e-05, 8.777607581578195e-05, 0.0008877497748471797, 0.0037330950144678354, 0.005553307943046093, 0.003549247980117798, 0.0021864224690943956, 0.0016303746961057186, 0.0020939595997333527, 0.0029398822225630283, 0.0027439098339527845, 0.0017246713396161795, 0.0013253724901005626, 0.001417757710441947, 0.0012472416274249554, 0.0003910913073923439, 0.0002969135530292988, 0.0006558550521731377, 0.0008426977437920868, 0.0009510606760159135, 0.0009710990125313401, 0.0004526429111137986, 0.0005275859730318189, 0.00034252923796884716, 0.0006212834850884974, 0.0015362078556790948, 0.00030797914951108396, 0.000370434601791203, 0.00022382942552212626, 0.00014789748820476234, 0.0002244545758003369, 0.00024753244360908866, 0.00025831852690316737, 0.00017071669572032988, 0.00013420579489320517, 3.756461592274718e-05, 0.0002318037732038647, 7.709243072895333e-05, 1.9059494661632925e-05, 2.779110764095094e-05, 0.00015438349510077387, 0.00018771481700241566, 2.2116855689091608e-05, 9.00583909242414e-05, 0.00010657704115146771, 9.695522749098018e-05, 4.081529550603591e-05, 4.642159547074698e-05, 6.39476056676358e-05, 3.5159126127837226e-05, 4.0430037188343704e-05, 4.4505472033051774e-05, 6.0481877881102264e-05, 2.227461118309293e-05, 2.030282666964922e-05, 2.8272597774048336e-05, 4.367501242086291e-05, 1.7423593817511573e-05, 2.0529478206299245e-05, 2.0418481653905474e-05, 4.702981095761061e-05, 3.053942782571539e-05, 2.7565631171455607e-05, 2.7044023227063008e-05, 3.231850132578984e-05, 1.7604388631298207e-05, 1.8146127331419848e-05, 2.8788774216081947e-05, 1.3396515896602068e-05, 1.3504411072062794e-05, 2.6451385565451346e-05, 2.1001449567847885e-05, 2.245088035124354e-05, 3.011114677065052e-05, 2.1662392100552097e-05, 1.9538441847544163e-05, 1.865597369032912e-05, 2.1322754037100822e-05, 2.3673841496929526e-05, 1.698168671282474e-05, 9.40118570724735e-06, 5.6369149206147995e-06, 3.987936906924006e-06, 2.83632243736065e-06, 2.732366056079627e-06, 2.3474478894058848e-06, 2.090983116431744e-06, 1.6687085917510558e-06, 1.933915427798638e-06, 1.720077193567704e-06, 1.5292574744307785e-06, 1.9329695533087943e-06, 2.2659501155430917e-06, 2.542087713663932e-06, 2.6871975933318026e-06, 2.3175578007794684e-06, 2.1791402105009183e-06, 2.9377106329775415e-06, 3.2171506063605193e-06, 1.8491197124603787e-06, 1.9891149349859916e-06, 1.3704348020837642e-06, 9.87398038887477e-07, 6.94598384143319e-07, 6.13782958680531e-07, 6.203572979757155e-07, 5.04100285070308e-07, 4.1606014633543964e-07, 3.341723697758425e-07, 2.340136120437819e-07, 2.2836201196696493e-07, 2.3615123723175202e-07, 2.08848192073674e-07, 1.3503493789812637e-07, 1.5087950089309743e-07, 1.676103664749462e-07, 4.659137786688916e-08, 1.4499343059526382e-08, 2.240358476512938e-08, 5.496242572178289e-09, 1.7071134436608126e-11, 1.7227450369028396e-11, 1.7771457916371247e-11, 1.818121694863173e-11, 1.754044305635194e-11, 1.6557555673757385e-11], "lowlevel.mfcc.mean": [-689.220947265625, 122.70014190673828, 11.989803314208984, 46.45591735839844, -6.873927593231201, -9.755904197692871, -1.2267277240753174, -22.297733306884766, 0.9880824089050293, -21.67262840270996, -14.232497215270996, -15.863659858703613, -12.680435180664062], "lowlevel.spectral_contrast_coeffs.mean": [-0.5078859329223633, -0.6988291144371033, -0.7606862187385559, -0.8072139024734497, -0.7891954779624939, -0.7260392308235168], "lowlevel.spectral_contrast_coeffs.stdev": [0.07203880697488785, 0.09702848643064499, 0.08823280036449432, 0.05856633931398392, 0.058027248829603195, 0.057176895439624786], "lowlevel.spectral_contrast_valleys.mean": [-7.607661724090576, -7.3898024559021, -8.146157264709473, -8.361053466796875, -7.8349738121032715, -10.78392505645752], "lowlevel.spectral_contrast_valleys.stdev": [0.8323259353637695, 0.8770706057548523, 0.9201405644416809, 0.9305514693260193, 1.111747145652771, 1.154310941696167], "rhythm.beats_loudness_band_ratio.mean": [0.3828966021537781, 0.31105151772499084, 0.1647123098373413, 0.09324801713228226, 0.05473937839269638, 0.06503229588270187], "rhythm.beats_loudness_band_ratio.stdev": [0.1937345713376999, 0.18827329576015472, 0.15234047174453735, 0.1289663463830948, 0.054393112659454346, 0.05368863046169281], "tonal.hpcp.mean": [0.02687453106045723, 0.03162619471549988, 0.019951606169342995, 0.01511226873844862, 0.020143304020166397, 0.02653021179139614, 0.02716204710304737, 0.020111463963985443, 0.14010995626449585, 0.3348884880542755, 0.23664285242557526, 0.04539841040968895, 0.02894897572696209, 0.044605888426303864, 0.13513123989105225, 0.32779279351234436, 0.25068771839141846, 0.040938600897789, 0.016220109537243843, 0.017742324620485306, 0.02626665309071541, 0.04544936493039131, 0.054444290697574615, 0.1154879704117775, 0.23397965729236603, 0.15664030611515045, 0.02300780452787876, 0.012494220398366451, 0.012186223641037941, 0.06385704129934311, 0.21845541894435883, 0.19216366112232208, 0.037630725651979446, 0.015339151956140995, 0.014199165627360344, 0.015863798558712006], "tonal.hpcp.stdev": [0.07330966740846634, 0.11338471621274948, 0.08476521074771881, 0.07213111221790314, 0.10103577375411987, 0.12599395215511322, 0.1074710488319397, 0.06724825501441956, 0.22453735768795013, 0.40452754497528076, 0.29051023721694946, 0.1439744234085083, 0.11882481724023819, 0.1573573797941208, 0.24661381542682648, 0.43050697445869446, 0.3507349193096161, 0.13479982316493988, 0.08373221009969711, 0.09246192872524261, 0.11258993297815323, 0.1402895152568817, 0.18071244657039642, 0.2103365957736969, 0.39419102668762207, 0.2773568034172058, 0.09183800220489502, 0.059381935745477676, 0.05136161297559738, 0.14306499063968658, 0.350688099861145, 0.31381744146347046, 0.11683918535709381, 0.0694655328989029, 0.07215891778469086, 0.042606059461832047], "rhythm.beats_position": [0.3831292390823364, 0.7778684496879578, 1.1842176914215088, 1.6021767854690552, 2.0317459106445312, 2.461315155029297, 2.902494192123413, 3.3436734676361084, 3.7848525047302246, 4.2028117179870605, 4.643990993499756, 5.085169792175293, 5.526349067687988, 5.967528343200684, 6.408707141876221, 6.838276386260986, 7.267845630645752, 7.709024906158447, 8.150203704833984, 8.57977294921875, 9.009342193603516, 9.450521469116211, 9.891700744628906, 10.332880020141602, 10.76244831085205, 11.192017555236816, 11.633196830749512, 12.062766075134277, 12.503945350646973, 12.945124626159668, 13.374693870544434, 13.815873146057129, 14.257051467895508, 14.686620712280273, 15.127799987792969, 15.557369232177734, 15.97532844543457, 16.416507720947266, 16.85768699645996, 17.298866271972656, 17.74004554748535, 18.169614791870117, 18.610794067382812, 19.040363311767578, 19.48154067993164, 19.922719955444336], "rhythm.bpm_histogram": [0.0, 0.0, 0.0, 0.0, 0.0, 0.0, 0.0, 0.0, 0.0, 0.0, 0.0, 0.0, 0.0, 0.0, 0.0, 0.0, 0.0, 0.0, 0.0, 0.0, 0.0, 0.0, 0.0, 0.0, 0.0, 0.0, 0.0, 0.0, 0.0, 0.0, 0.0, 0.0, 0.0, 0.0, 0.0, 0.0, 0.0, 0.0, 0.0, 0.0, 0.0, 0.0, 0.0, 0.0, 0.0, 0.0, 0.0, 0.0, 0.0, 0.0, 0.0, 0.0, 0.0, 0.0, 0.0, 0.0, 0.0, 0.0, 0.0, 0.0, 0.0, 0.0, 0.0, 0.0, 0.0, 0.0, 0.0, 0.0, 0.0, 0.0, 0.0, 0.0, 0.0, 0.0, 0.0, 0.0, 0.0, 0.0, 0.0, 0.0, 0.0, 0.0, 0.0, 0.0, 0.0, 0.0, 0.0, 0.0, 0.0, 0.0, 0.0, 0.0, 0.0, 0.0, 0.0, 0.0, 0.0, 0.0, 0.0, 0.0, 0.0, 0.0, 0.0, 0.0, 0.0, 0.0, 0.0, 0.0, 0.0, 0.0, 0.0, 0.0, 0.0, 0.0, 0.0, 0.0, 0.0, 0.0, 0.0, 0.0, 0.0, 0.0, 0.0, 0.0, 0.0, 0.0, 0.0, 0.0, 0.0, 0.0, 0.0, 0.0, 0.0, 0.0, 0.0, 0.0, 0.5777778029441833, 0.0, 0.0, 0.0, 0.31111112236976624, 0.0, 0.0, 0.0, 0.06666667014360428, 0.0, 0.0, 0.0, 0.02222222276031971, 0.0, 0.0, 0.0, 0.02222222276031971, 0.0, 0.0, 0.0, 0.0, 0.0, 0.0, 0.0, 0.0, 0.0, 0.0, 0.0, 0.0, 0.0, 0.0, 0.0, 0.0, 0.0, 0.0, 0.0, 0.0, 0.0, 0.0, 0.0, 0.0, 0.0, 0.0, 0.0, 0.0, 0.0, 0.0, 0.0, 0.0, 0.0, 0.0, 0.0, 0.0, 0.0, 0.0, 0.0, 0.0, 0.0, 0.0, 0.0, 0.0, 0.0, 0.0, 0.0, 0.0, 0.0, 0.0, 0.0, 0.0, 0.0, 0.0, 0.0, 0.0, 0.0, 0.0, 0.0, 0.0, 0.0, 0.0, 0.0, 0.0, 0.0, 0.0, 0.0, 0.0, 0.0, 0.0, 0.0, 0.0, 0.0, 0.0, 0.0, 0.0, 0.0, 0.0, 0.0, 0.0, 0.0, 0.0, 0.0, 0.0, 0.0, 0.0, 0.0, 0.0, 0.0, 0.0, 0.0, 0.0, 0.0, 0.0, 0.0, 0.0, 0.0], "tonal.chords_histogram": [1.8306635618209839, 1.6018307209014893, 21.96796417236328, 0.0, 5.034325122833252, 0.6864988803863525, 7.0938215255737305, 0.0, 0.0, 0.0, 0.0, 0.0, 0.0, 0.0, 0.0, 0.0, 0.0, 16.704805374145508, 0.0, 22.654462814331055, 0.0, 8.23798656463623, 1.8306635618209839, 12.356979370117188], "tonal.thpcp": [1.0, 0.7066317796707153, 0.13556276261806488, 0.08644362539052963, 0.13319624960422516, 0.4035111665725708, 0.9788117408752441, 0.7485707402229309, 0.12224546819925308, 0.04843435809016228, 0.05297979712486267, 0.07843402773141861, 0.13571491837501526, 0.1625743806362152, 0.34485501050949097, 0.6986793279647827, 0.46773868799209595, 0.06870288401842117, 0.037308599799871445, 0.03638890013098717, 0.19068150222301483, 0.6523228883743286, 0.5738138556480408, 0.11236792802810669, 0.04580375924706459, 0.042399682104587555, 0.047370389103889465, 0.08024919033050537, 0.09443798661231995, 0.059576865285634995, 0.04512627050280571, 0.060149285942316055, 0.07922103255987167, 0.0811077356338501, 0.06005421280860901, 0.41837793588638306], "lowlevel.gfcc.cov": [[7583.7255859375, -1847.996826171875, -1312.2366943359375, 150.9180145263672, -522.6767578125, 332.2444763183594, 258.3946838378906, 590.3450317382812, -149.6092529296875, 305.0552978515625, -333.8717956542969, -11.620172500610352, -39.70066452026367], [-1847.996826171875, 1606.50927734375, 269.8191833496094, -324.8453674316406, 465.663818359375, -144.27243041992188, 124.90470123291016, -152.95059204101562, 129.5736083984375, -58.75896453857422, 107.05401611328125, -134.14263916015625, 103.5058364868164], [-1312.2366943359375, 269.8191833496094, 786.297119140625, 152.1597900390625, 8.234222412109375, -8.191394805908203, -114.28174591064453, -112.9825668334961, 30.687368392944336, -76.59214782714844, 79.16419982910156, -15.027501106262207, -30.290889739990234], [150.9180145263672, -324.8453674316406, 152.1597900390625, 560.763427734375, 12.255261421203613, 11.810251235961914, 8.620414733886719, 49.0906867980957, 35.70176315307617, -54.288543701171875, -35.0738410949707, -4.437229156494141, -36.79130554199219], [-522.6767578125, 465.663818359375, 8.234222412109375, 12.255261421203613, 385.053955078125, 32.75349044799805, 38.6963005065918, -5.819680690765381, 67.79154968261719, -36.13977813720703, 9.700417518615723, -47.628021240234375, 21.8598690032959], [332.2444763183594, -144.27243041992188, -8.191394805908203, 11.810251235961914, 32.75349044799805, 298.8388977050781, 52.33396911621094, -13.420466423034668, 32.68424606323242, 1.273293375968933, -24.65509605407715, -17.29898452758789, -32.42036819458008], [258.3946838378906, 124.90470123291016, -114.28174591064453, 8.620414733886719, 38.6963005065918, 52.33396911621094, 229.20587158203125, 48.38019943237305, -21.253877639770508, -4.841988563537598, -14.942734718322754, -23.035947799682617, 7.110860347747803], [590.3450317382812, -152.95059204101562, -112.9825668334961, 49.0906867980957, -5.819680690765381, -13.420466423034668, 48.38019943237305, 194.9621124267578, -1.2436652183532715, 15.492178916931152, -25.577465057373047, -1.7054588794708252, 6.717984676361084], [-149.6092529296875, 129.5736083984375, 30.687368392944336, 35.70176315307617, 67.79154968261719, 32.68424606323242, -21.253877639770508, -1.2436652183532715, 151.66383361816406, -16.37901496887207, -5.677631378173828, -18.5432071685791, -22.846208572387695], [305.0552978515625, -58.75896453857422, -76.59214782714844, -54.288543701171875, -36.13977813720703, 1.273293375968933, -4.841988563537598, 15.492178916931152, -16.37901496887207, 115.39899444580078, 17.491456985473633, -4.829195022583008, 15.450858116149902], [-333.8717956542969, 107.05401611328125, 79.16419982910156, -35.0738410949707, 9.700417518615723, -24.65509605407715, -14.942734718322754, -25.577465057373047, -5.677631378173828, 17.491456985473633, 110.42546844482422, 35.91529846191406, -12.727201461791992], [-11.620172500610352, -134.14263916015625, -15.027501106262207, -4.437229156494141, -47.628021240234375, -17.29898452758789, -23.035947799682617, -1.7054588794708252, -18.5432071685791, -4.829195022583008, 35.91529846191406, 100.31021881103516, -7.143245697021484], [-39.70066452026367, 103.5058364868164, -30.290889739990234, -36.79130554199219, 21.8598690032959, -32.42036819458008, 7.110860347747803, 6.717984676361084, -22.846208572387695, 15.450858116149902, -12.727201461791992, -7.143245697021484, 93.87510681152344]], "lowlevel.gfcc.icov": [[0.00036459785769693553, -4.415927833179012e-06, 0.00041096637141890824, -0.00016868760576471686, 0.0003858704003505409, -0.0004082659725099802, 2.3460606826120056e-05, -0.0007257492979988456, 0.00023083457199390978, -0.0006478048162534833, 0.0006136777810752392, 8.813650310912635e-06, 0.0002915350196417421], [-4.415927833179012e-06, 0.0050521306693553925, -0.00191500096116215, 0.0032510776072740555, -0.004206294193863869, 0.0036325010005384684, -0.004559485241770744, 0.0028418090660125017, -0.004222703631967306, 0.0015996587462723255, -0.0037039099261164665, 0.0045818425714969635, -0.003984542563557625], [0.00041096637141890824, -0.00191500096116215, 0.00318322260864079, -0.002035066718235612, 0.002325397916138172, -0.002046827459707856, 0.0026625508908182383, -0.0011871944880113006, 0.001852810033597052, 0.00016903392679523677, -6.10110473644454e-05, -0.0003017615235876292, 0.0015415793750435114], [-0.00016868760576471686, 0.0032510776072740555, -0.002035066718235612, 0.00435734074562788, -0.0029858059715479612, 0.0026193561498075724, -0.0031945749651640654, 0.001404527691192925, -0.00308800651691854, 0.0016644354909658432, -0.0015205516247078776, 0.0024580478202551603, -0.0019081095233559608], [0.0003858704003505409, -0.004206294193863869, 0.002325397916138172, -0.0029858059715479612, 0.007322113495320082, -0.0038036592304706573, 0.0034790383651852608, -0.003055047011002898, 0.0023143526632338762, -0.0004602840926963836, 0.001963753718882799, -0.0019460412440821528, 0.0020747599191963673], [-0.0004082659725099802, 0.0036325010005384684, -0.002046827459707856, 0.0026193561498075724, -0.0038036592304706573, 0.007025060709565878, -0.00445548165589571, 0.00345502863638103, -0.003963961731642485, 0.0009290347807109356, -0.0018362307455390692, 0.002919393591582775, -0.0015540026361122727], [2.3460606826120056e-05, -0.004559485241770744, 0.0026625508908182383, -0.0031945749651640654, 0.0034790383651852608, -0.00445548165589571, 0.009757505729794502, -0.003723382716998458, 0.005125810392200947, -0.00020273089467082173, 0.0021673934534192085, -0.002385250525549054, 0.0032159429974853992], [-0.0007257492979988456, 0.0028418090660125017, -0.0011871944880113006, 0.001404527691192925, -0.003055047011002898, 0.00345502863638103, -0.003723382716998458, 0.009276307187974453, -0.003185490844771266, 0.0012235380709171295, -0.002359200967475772, 0.002157895127311349, -0.002882356056943536], [0.00023083457199390978, -0.004222703631967306, 0.001852810033597052, -0.00308800651691854, 0.0023143526632338762, -0.003963961731642485, 0.005125810392200947, -0.003185490844771266, 0.011772443540394306, -0.0013041843194514513, 0.0036868529859930277, -0.002760013798251748, 0.005442456342279911], [-0.0006478048162534833, 0.0015996587462723255, 0.00016903392679523677, 0.0016644354909658432, -0.0004602840926963836, 0.0009290347807109356, -0.00020273089467082173, 0.0012235380709171295, -0.0013041843194514513, 0.01333239208906889, -0.0067416890524327755, 0.00460515171289444, -0.004050400108098984], [0.0006136777810752392, -0.0037039099261164665, -6.10110473644454e-05, -0.0015205516247078776, 0.001963753718882799, -0.0018362307455390692, 0.0021673934534192085, -0.002359200967475772, 0.0036868529859930277, -0.0067416890524327755, 0.018359974026679993, -0.009645795449614525, 0.006403095088899136], [8.813650310912635e-06, 0.0045818425714969635, -0.0003017615235876292, 0.0024580478202551603, -0.0019460412440821528, 0.002919393591582775, -0.002385250525549054, 0.002157895127311349, -0.002760013798251748, 0.00460515171289444, -0.009645795449614525, 0.01810559444129467, -0.0040542325004935265], [0.0002915350196417421, -0.003984542563557625, 0.0015415793750435114, -0.0019081095233559608, 0.0020747599191963673, -0.0015540026361122727, 0.0032159429974853992, -0.002882356056943536, 0.005442456342279911, -0.004050400108098984, 0.006403095088899136, -0.0040542325004935265, 0.01641230098903179]], "lowlevel.mfcc.cov": [[8561.84765625, -2112.341064453125, -929.1429443359375, -191.53294372558594, -629.3180541992188, -172.27134704589844, 212.18138122558594, 115.23936462402344, 515.066650390625, 310.3037414550781, 257.0295104980469, 10.937955856323242, -28.438854217529297], [-2112.341064453125, 1891.3681640625, -135.52584838867188, -89.03040313720703, 185.5772247314453, 11.627176284790039, 62.493160247802734, -131.8159637451172, 16.476238250732422, -8.200831413269043, -18.625181198120117, 18.216678619384766, 1.0235166549682617], [-929.1429443359375, -135.52584838867188, 744.5784301757812, 67.29285430908203, 60.704219818115234, 51.55198669433594, -83.21968841552734, 3.0525455474853516, -125.54667663574219, -54.51853942871094, -18.4334716796875, 32.98164367675781, -9.248244285583496], [-191.53294372558594, -89.03040313720703, 67.29285430908203, 439.2946472167969, 47.209869384765625, -65.7079086303711, 25.4825496673584, 31.5384464263916, 33.42224884033203, -47.077178955078125, 35.449581146240234, -6.9286627769470215, -52.61972427368164], [-629.3180541992188, 185.5772247314453, 60.704219818115234, 47.209869384765625, 311.6441650390625, 56.671932220458984, -52.720394134521484, 27.091577529907227, -6.943665981292725, 14.944682121276855, -3.9789414405822754, 13.287306785583496, 6.326653480529785], [-172.27134704589844, 11.627176284790039, 51.55198669433594, -65.7079086303711, 56.671932220458984, 273.2193908691406, 4.906163692474365, 51.63011169433594, -11.798762321472168, 46.98338317871094, -5.3021721839904785, -3.1550941467285156, 22.110008239746094], [212.18138122558594, 62.493160247802734, -83.21968841552734, 25.4825496673584, -52.720394134521484, 4.906163692474365, 218.48272705078125, 12.076133728027344, 49.28559494018555, 9.7269287109375, 30.491920471191406, 6.125649929046631, -17.05921173095703], [115.23936462402344, -131.8159637451172, 3.0525455474853516, 31.5384464263916, 27.091577529907227, 51.63011169433594, 12.076133728027344, 211.65090942382812, 12.71242904663086, 30.967525482177734, 28.273948669433594, 14.258949279785156, 8.091310501098633], [515.066650390625, 16.476238250732422, -125.54667663574219, 33.42224884033203, -6.943665981292725, -11.798762321472168, 49.28559494018555, 12.71242904663086, 191.82191467285156, 57.62956237792969, 19.19793701171875, -18.282825469970703, -17.49062156677246], [310.3037414550781, -8.200831413269043, -54.51853942871094, -47.077178955078125, 14.944682121276855, 46.98338317871094, 9.7269287109375, 30.967525482177734, 57.62956237792969, 124.63468933105469, 30.19384765625, 8.78779125213623, 6.600302696228027], [257.0295104980469, -18.625181198120117, -18.4334716796875, 35.449581146240234, -3.9789414405822754, -5.3021721839904785, 30.491920471191406, 28.273948669433594, 19.19793701171875, 30.19384765625, 106.9296875, 33.531131744384766, -7.829459190368652], [10.937955856323242, 18.216678619384766, 32.98164367675781, -6.9286627769470215, 13.287306785583496, -3.1550941467285156, 6.125649929046631, 14.258949279785156, -18.282825469970703, 8.78779125213623, 33.531131744384766, 103.5851821899414, 22.788856506347656], [-28.438854217529297, 1.0235166549682617, -9.248244285583496, -52.61972427368164, 6.326653480529785, 22.110008239746094, -17.05921173095703, 8.091310501098633, -17.49062156677246, 6.600302696228027, -7.829459190368652, 22.788856506347656, 88.78569030761719]], "lowlevel.mfcc.icov": [[0.00034294952638447285, 0.0003932600375264883, 0.0003071230894420296, 0.00022747695038560778, 0.0003257680218666792, 0.00010877964086830616, -4.2212508560623974e-05, 0.00011169537901878357, -0.0006432615336962044, -0.00028146145632490516, -0.0005187824717722833, -0.00018278203788213432, 9.890092042041942e-05], [0.0003932600375264883, 0.001091460813768208, 0.0004762385506182909, 0.0004339718143455684, -0.00014666156494058669, 0.00010962859960272908, -0.0003482018073555082, 0.0005681986804120243, -0.0007742569432593882, -0.00016522806254215539, -0.0005492951604537666, -0.00037888859515078366, 0.00019321947183925658], [0.0003071230894420296, 0.0004762385506182909, 0.0019759878050535917, -0.0001091335216187872, 0.00010468030086485669, -0.0003578135510906577, 0.000386938190786168, 0.00020283827325329185, 0.00029000939684920013, 7.731661753496155e-05, -0.00021837494568899274, -0.0008492126362398267, 0.0006216340698301792], [0.00022747695038560778, 0.0004339718143455684, -0.0001091335216187872, 0.0032199700362980366, -0.0005669306265190244, 0.0006871229852549732, -0.0003654328756965697, -0.0004029533010907471, -0.0012935318518429995, 0.001443415880203247, -0.0014686438953503966, 0.0001665902091190219, 0.0012662378139793873], [0.0003257680218666792, -0.00014666156494058669, 0.00010468030086485669, -0.0005669306265190244, 0.004433348774909973, -0.0006923188338987529, 0.0011582946171984076, -0.000423003570176661, -0.0006368937320075929, -0.0008746811654418707, -0.00011518672545207664, -0.0006814469234086573, 2.8513220513559645e-06], [0.00010877964086830616, 0.00010962859960272908, -0.0003578135510906577, 0.0006871229852549732, -0.0006923188338987529, 0.004690875299274921, -0.0006959104212000966, -0.0009215616737492383, 0.0003808451583608985, -0.001817411044612527, 0.0002452191256452352, 0.0008353280136361718, -0.0007476586615666747], [-4.2212508560623974e-05, -0.0003482018073555082, 0.000386938190786168, -0.0003654328756965697, 0.0011582946171984076, -0.0006959104212000966, 0.005652167368680239, -0.0003262084792368114, -0.0010333972750231624, 0.0005995273822918534, -0.0010115858167409897, -0.0006329556927084923, 0.0008458255906589329], [0.00011169537901878357, 0.0005681986804120243, 0.00020283827325329185, -0.0004029533010907471, -0.000423003570176661, -0.0009215616737492383, -0.0003262084792368114, 0.005707329139113426, -0.0002274687576573342, -0.000874290126375854, -0.0010822949698194861, -0.00045565940672531724, -0.0004699291312135756], [-0.0006432615336962044, -0.0007742569432593882, 0.00029000939684920013, -0.0012935318518429995, -0.0006368937320075929, 0.0003808451583608985, -0.0010333972750231624, -0.0002274687576573342, 0.008743081241846085, -0.003191454103216529, 0.001121572102420032, 0.0015519320731982589, 0.000499372836202383], [-0.00028146145632490516, -0.00016522806254215539, 7.731661753496155e-05, 0.001443415880203247, -0.0008746811654418707, -0.001817411044612527, 0.0005995273822918534, -0.000874290126375854, -0.003191454103216529, 0.012421686202287674, -0.0026938237715512514, -0.00042990356450900435, -0.0001943029637914151], [-0.0005187824717722833, -0.0005492951604537666, -0.00021837494568899274, -0.0014686438953503966, -0.00011518672545207664, 0.0002452191256452352, -0.0010115858167409897, -0.0010822949698194861, 0.001121572102420032, -0.0026938237715512514, 0.01340913400053978, -0.0038672357331961393, 0.001394705381244421], [-0.00018278203788213432, -0.00037888859515078366, -0.0008492126362398267, 0.0001665902091190219, -0.0006814469234086573, 0.0008353280136361718, -0.0006329556927084923, -0.00045565940672531724, 0.0015519320731982589, -0.00042990356450900435, -0.0038672357331961393, 0.012569472193717957, -0.0035130358301103115], [9.890092042041942e-05, 0.00019321947183925658, 0.0006216340698301792, 0.0012662378139793873, 2.8513220513559645e-06, -0.0007476586615666747, 0.0008458255906589329, -0.0004699291312135756, 0.000499372836202383, -0.0001943029637914151, 0.001394705381244421, -0.0035130358301103115, 0.013636564835906029]], "metadata.audio_properties.analysis.downmix": "mix", "metadata.audio_properties.codec": "mp3", "metadata.audio_properties.md5_encoded": "4d5a9a4dd06cd9b2befc7d76362e258d", "metadata.tags.file_name": "1183652193946050650.mp3", "metadata.version.essentia": "2.1-beta6-dev", "metadata.version.essentia_git_sha": "v2.1_beta5-1110-g77a6a954", "metadata.version.extractor": "music 2.0", "tonal.chords_key": "C", "tonal.chords_scale": "minor", "tonal.key_edma.key": "F", "tonal.key_edma.scale": "major", "tonal.key_krumhansl.key": "F", "tonal.key_krumhansl.scale": "major", "tonal.key_temperley.key": "F", "tonal.key_temperley.scale": "major", "metadata.tags.encoding": ["Lavf58.45.100"]}, "essentia_models": [{"model_name": "genre_dortmund", "activations": {"alternative": "0.3518586", "b