{"song_id": "1183719183633088512", "download": "https://cdn.discordapp.com/attachments/1135903449314238464/1183719183633088512/chirp.mp4?ex=65895b65&amp", "lyrics": "[Verse]\nIn eighteen forty-six, the raccoons arose\nWith fierce determination, their strength disclosed\nBeneath moonlit sky, they prepared to fight\nThe Great Raccoon War began, an epic sight\n\n[Chorus]\nMarching on, hearts filled with grit\nUnited we stand, against foes we'll never quit\nThrough battles we'll forge, with courage and pride\nIn the Great Raccoon War, side by side we'll stride", "style": ["Memphis cult"], "essentia_features": {"lowlevel.average_loudness": 0.8610552549362183, "lowlevel.barkbands_crest.mean": 10.21263599395752, "lowlevel.barkbands_crest.stdev": 3.6513640880584717, "lowlevel.barkbands_flatness_db.mean": 0.1935470849275589, "lowlevel.barkbands_flatness_db.stdev": 0.051378343254327774, "lowlevel.barkbands_kurtosis.mean": 0.9498521685600281, "lowlevel.barkbands_kurtosis.stdev": 3.9159464836120605, "lowlevel.barkbands_skewness.mean": 0.6554982662200928, "lowlevel.barkbands_skewness.stdev": 1.055567741394043, "lowlevel.barkbands_spread.mean": 20.388572692871094, "lowlevel.barkbands_spread.stdev": 11.762523651123047, "lowlevel.dissonance.mean": 0.45568418502807617, "lowlevel.dissonance.stdev": 0.03182920068502426, "lowlevel.dynamic_complexity": 3.7279858589172363, "lowlevel.erbbands_crest.mean": 12.693320274353027, "lowlevel.erbbands_crest.stdev": 5.36067008972168, "lowlevel.erbbands_flatness_db.mean": 0.23584416508674622, "lowlevel.erbbands_flatness_db.stdev": 0.056829020380973816, "lowlevel.erbbands_kurtosis.mean": 1.067350149154663, "lowlevel.erbbands_kurtosis.stdev": 2.359692096710205, "lowlevel.erbbands_skewness.mean": -0.24989047646522522, "lowlevel.erbbands_skewness.stdev": 0.729239821434021, "lowlevel.erbbands_spread.mean": 24.716238021850586, "lowlevel.erbbands_spread.stdev": 14.490289688110352, "lowlevel.hfc.mean": 18.065404891967773, "lowlevel.hfc.stdev": 20.264909744262695, "lowlevel.loudness_ebu128.integrated": -17.301191329956055, "lowlevel.loudness_ebu128.loudness_range": 8.62021255493164, "lowlevel.loudness_ebu128.momentary.mean": -18.417482376098633, "lowlevel.loudness_ebu128.momentary.stdev": 3.308737277984619, "lowlevel.loudness_ebu128.short_term.mean": -17.874361038208008, "lowlevel.loudness_ebu128.short_term.stdev": 2.6637938022613525, "lowlevel.melbands_crest.mean": 13.947613716125488, "lowlevel.melbands_crest.stdev": 4.640658855438232, "lowlevel.melbands_flatness_db.mean": 0.2500661015510559, "lowlevel.melbands_flatness_db.stdev": 0.07173515856266022, "lowlevel.melbands_kurtosis.mean": 4.26115608215332, "lowlevel.melbands_kurtosis.stdev": 9.927603721618652, "lowlevel.melbands_skewness.mean": 1.4992917776107788, "lowlevel.melbands_skewness.stdev": 1.3656476736068726, "lowlevel.melbands_spread.mean": 28.842342376708984, "lowlevel.melbands_spread.stdev": 16.70909881591797, "lowlevel.pitch_salience.mean": 0.4866250455379486, "lowlevel.pitch_salience.stdev": 0.09657157212495804, "lowlevel.silence_rate_20dB.mean": 1.0, "lowlevel.silence_rate_20dB.stdev": 0.0, "lowlevel.silence_rate_30dB.mean": 0.9825378060340881, "lowlevel.silence_rate_30dB.stdev": 0.13098572194576263, "lowlevel.silence_rate_60dB.mean": 0.04423748701810837, "lowlevel.silence_rate_60dB.stdev": 0.20562349259853363, "lowlevel.spectral_centroid.mean": 1313.2554931640625, "lowlevel.spectral_centroid.stdev": 561.971923828125, "lowlevel.spectral_complexity.mean": 13.959836959838867, "lowlevel.spectral_complexity.stdev": 6.528977870941162, "lowlevel.spectral_decrease.mean": -4.895794436521328e-09, "lowlevel.spectral_decrease.stdev": 6.2934604194708754e-09, "lowlevel.spectral_energy.mean": 0.02011646330356598, "lowlevel.spectral_energy.stdev": 0.024901745840907097, "lowlevel.spectral_energyband_high.mean": 0.0003059739829041064, "lowlevel.spectral_energyband_high.stdev": 0.0008332095458172262, "lowlevel.spectral_energyband_low.mean": 0.004311887081712484, "lowlevel.spectral_energyband_low.stdev": 0.018350478261709213, "lowlevel.spectral_energyband_middle_high.mean": 0.008017345331609249, "lowlevel.spectral_energyband_middle_high.stdev": 0.011962361633777618, "lowlevel.spectral_energyband_middle_low.mean": 0.008009646087884903, "lowlevel.spectral_energyband_middle_low.stdev": 0.008729163557291031, "lowlevel.spectral_entropy.mean": 7.093817234039307, "lowlevel.spectral_entropy.stdev": 0.4908512234687805, "lowlevel.spectral_flux.mean": 0.06489184498786926, "lowlevel.spectral_flux.stdev": 0.05918404832482338, "lowlevel.spectral_kurtosis.mean": 9.403186798095703, "lowlevel.spectral_kurtosis.stdev": 6.364277362823486, "lowlevel.spectral_rms.mean": 0.003938005305826664, "lowlevel.spectral_rms.stdev": 0.0020292596891522408, "lowlevel.spectral_rolloff.mean": 1710.706787109375, "lowlevel.spectral_rolloff.stdev": 1531.3304443359375, "lowlevel.spectral_skewness.mean": 1.769357442855835, "lowlevel.spectral_skewness.stdev": 0.6105000376701355, "lowlevel.spectral_spread.mean": 2896376.25, "lowlevel.spectral_spread.stdev": 1674843.875, "lowlevel.spectral_strongpeak.mean": 1.6936718225479126, "lowlevel.spectral_strongpeak.stdev": 2.1579666137695312, "lowlevel.zerocrossingrate.mean": 0.05642831698060036, "lowlevel.zerocrossingrate.stdev": 0.03703926131129265, "metadata.audio_properties.analysis.equal_loudness": 0.0, "metadata.audio_properties.analysis.length": 39.849613189697266, "metadata.audio_properties.analysis.sample_rate": 44100.0, "metadata.audio_properties.analysis.start_time": 0.0, "metadata.audio_properties.bit_rate": 113507.0, "metadata.audio_properties.length": 39.85066604614258, "metadata.audio_properties.lossless": 0.0, "metadata.audio_properties.number_channels": 1.0, "metadata.audio_properties.replay_gain": -10.668895721435547, "metadata.audio_properties.sample_rate": 48000.0, "rhythm.beats_count": 68.0, "rhythm.beats_loudness.mean": 0.03310832381248474, "rhythm.beats_loudness.stdev": 0.024513782933354378, "rhythm.bpm": 103.50174713134766, "rhythm.bpm_histogram_first_peak_bpm": 103.0, "rhythm.bpm_histogram_first_peak_weight": 0.6290322542190552, "rhythm.bpm_histogram_second_peak_bpm": 96.0, "rhythm.bpm_histogram_second_peak_spread": 0.3333333730697632, "rhythm.bpm_histogram_second_peak_weight": 0.02985074557363987, "rhythm.danceability": 1.163215160369873, "rhythm.onset_rate": 3.8125181198120117, "tonal.chords_changes_rate": 0.043023254722356796, "tonal.chords_number_rate": 0.0081395348533988, "tonal.chords_strength.mean": 0.5116179585456848, "tonal.chords_strength.stdev": 0.10020153224468231, "tonal.hpcp_crest.mean": 16.55388069152832, "tonal.hpcp_crest.stdev": 7.666772365570068, "tonal.hpcp_entropy.mean": 1.6304408311843872, "tonal.hpcp_entropy.stdev": 0.6764101386070251, "tonal.key_edma.strength": 0.7278724908828735, "tonal.key_krumhansl.strength": 0.7148419618606567, "tonal.key_temperley.strength": 0.6922010779380798, "tonal.tuning_diatonic_strength": 0.6334031820297241, "tonal.tuning_equal_tempered_deviation": 0.1324203908443451, "tonal.tuning_frequency": 436.4561767578125, "tonal.tuning_nontempered_energy_ratio": 0.770147979259491, "lowlevel.barkbands.mean": [3.492319228826091e-05, 0.0028205206617712975, 0.0010728342458605766, 0.0015450778882950544, 0.0020780127961188555, 0.001724732806906104, 0.000748220132663846, 0.000852329540066421, 0.0007749999640509486, 0.0005856712814420462, 0.0012877170229330659, 0.0013957062037661672, 0.001062859664671123, 0.0012076696148142219, 0.0011088891187682748, 0.00047688509221188724, 0.0002857986546587199, 0.0002818031352944672, 0.00034309079637750983, 0.00018057090346701443, 6.932942778803408e-05, 3.351274790475145e-05, 5.245854481472634e-05, 3.9970829675439745e-05, 2.859225423890166e-05, 2.4257891709567048e-05, 2.8674589813704188e-08], "lowlevel.barkbands.stdev": [0.0001813894632505253, 0.013272309675812721, 0.005153917707502842, 0.0020514787174761295, 0.003391762962564826, 0.004502664320170879, 0.0024303500540554523, 0.002742977114394307, 0.001791136572137475, 0.0024407929740846157, 0.004252973478287458, 0.003639343660324812, 0.002776880282908678, 0.004687924403697252, 0.003594587789848447, 0.0013903018552809954, 0.000789963232818991, 0.0006221523508429527, 0.0007028398104012012, 0.00031178895733319223, 0.00019000176689587533, 0.0001260771823581308, 0.00019859395979437977, 0.00021660099446307868, 0.00013044911611359566, 0.00011120305134681985, 3.5207625614930294e-07], "lowlevel.erbbands.mean": [0.04892561957240105, 0.7220064401626587, 1.576089859008789, 2.6069765090942383, 6.293083667755127, 6.754072666168213, 14.639334678649902, 12.278084754943848, 10.008484840393066, 16.098587036132812, 15.356599807739258, 20.637954711914062, 19.87477684020996, 25.938629150390625, 58.65393829345703, 59.8369026184082, 51.6634521484375, 73.19477844238281, 66.86921691894531, 31.254169464111328, 23.918004989624023, 14.499634742736816, 15.745728492736816, 17.032915115356445, 16.899635314941406, 7.857831001281738, 3.8088672161102295, 2.009892463684082, 1.2377550601959229, 1.2002313137054443, 1.5342941284179688, 0.9109708666801453, 0.6752179265022278, 0.3326779901981354, 0.20210851728916168, 0.13122665882110596, 0.04168102517724037, 0.0029090247116982937, 6.907703209435567e-05, 2.7408419555285946e-05], "lowlevel.erbbands.stdev": [0.2743310332298279, 3.3515284061431885, 6.857165336608887, 5.084200859069824, 7.66001033782959, 12.488205909729004, 46.4818115234375, 32.20795822143555, 32.68866729736328, 48.37799072265625, 50.636512756347656, 45.00810241699219, 83.83978271484375, 82.36551666259766, 209.35052490234375, 140.3543243408203, 114.94080352783203, 247.8273468017578, 200.1240997314453, 82.18057250976562, 61.52484130859375, 33.7580451965332, 38.165489196777344, 37.900184631347656, 31.26285171508789, 14.630603790283203, 7.943856716156006, 6.584400177001953, 4.7585344314575195, 4.177814960479736, 6.059962272644043, 4.466219902038574, 3.737964153289795, 1.5740548372268677, 0.9502944946289062, 0.5951991677284241, 0.20302678644657135, 0.015488355420529842, 0.00029132477357052267, 3.2076495699584484e-05], "lowlevel.gfcc.mean": [-63.927513122558594, 130.72190856933594, -150.00244140625, 14.456110000610352, -27.286806106567383, 4.832664489746094, -29.96273422241211, 2.8196780681610107, -41.26027297973633, 3.7852113246917725, -15.683893203735352, -14.470952033996582, -14.42490005493164], "lowlevel.melbands.mean": [0.0006159529439173639, 0.0008856910280883312, 0.0006319072563201189, 0.0004312506353016943, 0.0004724876198451966, 0.00028042253688909113, 0.00015742398682050407, 0.00018419191474094987, 0.00011299412290100008, 0.0001350181264569983, 9.370400221087039e-05, 9.193885489366949e-05, 0.00016698430408723652, 0.00016719581617508084, 0.00012181959755253047, 0.00012286371202208102, 0.00013911894347984344, 0.00010370709787821397, 6.402271537808701e-05, 3.804604784818366e-05, 2.50478715315694e-05, 1.6385016351705417e-05, 1.2933039215567987e-05, 1.2782632438756991e-05, 1.3724515156354755e-05, 1.3057242540526204e-05, 9.586607120581903e-06, 4.158577212365344e-06, 2.389466544627794e-06, 1.972636937352945e-06, 8.591525215706497e-07, 6.959618872315332e-07, 6.317961265267513e-07, 6.844115318926924e-07, 8.927984822548751e-07, 7.952745590955601e-07, 4.986943622498075e-07, 5.444611588245607e-07, 3.2193912602451746e-07, 2.633487952152791e-07], "lowlevel.melbands.stdev": [0.003113187151029706, 0.0038165831938385963, 0.0009281277889385819, 0.0005615456029772758, 0.0013233133358880877, 0.0007184001733548939, 0.0005001693498343229, 0.0005604469915851951, 0.0003840951540041715, 0.00030633818823844194, 0.0004200155381113291, 0.00032192160142585635, 0.000597890408243984, 0.00045770592987537384, 0.0002825967385433614, 0.0003489905793685466, 0.000554304919205606, 0.00032257853308692575, 0.00022563597303815186, 0.00011470293247839436, 7.169440505094826e-05, 4.3988024117425084e-05, 3.005590224347543e-05, 2.7282150767860003e-05, 3.369512705830857e-05, 2.802794006129261e-05, 1.5400531992781907e-05, 9.159119144896977e-06, 4.772056399815483e-06, 6.084690539864823e-06, 2.9871341666876106e-06, 2.8146305339760147e-06, 2.38332131630159e-06, 2.4636860871396493e-06, 3.4676422728807665e-06, 3.652627356132143e-06, 2.737958766374504e-06, 3.252011765653151e-06, 1.5741692322990275e-06, 1.2792099823855096e-06], "lowlevel.melbands128.mean": [2.9123064450686797e-05, 0.0002727171522565186, 0.0007908637635409832, 0.0013981147203594446, 0.0010248135076835752, 0.0004333999822847545, 0.00036222912603989244, 0.0009940179297700524, 0.0006260420195758343, 0.00029067500145174563, 0.00037104764487594366, 0.00043348039616830647, 0.0005965093150734901, 0.00039269798435270786, 0.0003023785538971424, 0.0002048996975645423, 0.00013819735613651574, 0.00014797366748098284, 0.0001930758880916983, 0.00016393496480304748, 0.00021752112661488354, 0.00012612198770511895, 0.0001240812853211537, 5.4923471907386556e-05, 0.00012235407484695315, 0.00020352835417725146, 7.084107346599922e-05, 0.00012510159285739064, 5.1493916544131935e-05, 6.0924456192879006e-05, 0.0001434925216017291, 8.769831038080156e-05, 0.00011169780191266909, 0.00032806865056045353, 0.00011193318641744554, 0.00015026447363197803, 0.00018569946405477822, 0.00014165471657179296, 5.75414378545247e-05, 0.00010568040306679904, 0.00017848459538072348, 7.036710303509608e-05, 0.00014889240264892578, 0.00020036745991092175, 3.498301884974353e-05, 0.0001215801530634053, 0.00013046497770119458, 7.523551175836474e-05, 2.830137782439124e-05, 2.248396776849404e-05, 5.224596316111274e-05, 3.942750845453702e-05, 1.8613376596476883e-05, 2.4796685465844348e-05, 2.4991682948893867e-05, 1.4706425645272247e-05, 9.386423698742874e-06, 1.002891076495871e-05, 1.3572966963693034e-05, 2.1259169443510473e-05, 8.009663361008279e-06, 9.286855856771581e-06, 2.1094911062391475e-05, 1.3163425137463491e-05, 6.5078434090537485e-06, 1.4937184459995478e-05, 1.5932018868625164e-05, 9.686343219073024e-06, 1.0181970537814777e-05, 6.293329988693586e-06, 3.034756900888169e-06, 4.335511675890302e-06, 2.4296809897350613e-06, 1.8945236206491245e-06, 2.249729504910647e-06, 2.4765663511061575e-06, 1.6698052149877185e-06, 1.109399931920052e-06, 6.842958555353107e-07, 6.498287916656409e-07, 7.423436727549415e-07, 6.965360057620273e-07, 6.280764637267566e-07, 6.537021590702352e-07, 6.274774477788014e-07, 5.893618322261318e-07, 7.119435849745059e-07, 7.884640922384278e-07, 9.629626447349438e-07, 8.513633815709909e-07, 1.0943475672320346e-06, 7.670976742701896e-07, 3.5495628480930463e-07, 3.9196658008222585e-07, 6.698004426652915e-07, 6.611010689994146e-07, 4.89670128445141e-07, 4.108783002720884e-07, 3.112748743205884e-07, 2.892201678150741e-07, 2.852087561677763e-07, 3.0689778895975905e-07, 1.6770127331255935e-07, 1.5960328880737507e-07, 1.9257116434800992e-07, 3.420751397698041e-07, 2.0831279812227876e-07, 2.082510377476865e-07, 2.6662607410798955e-07, 2.3110997915409826e-07, 1.739215917950787e-07, 1.6852791873134265e-07, 1.3462171466471773e-07, 9.464989858543049e-08, 7.190192263806239e-08, 1.1593202842163919e-08, 1.6669693403414954e-09, 4.524958966550807e-12, 2.776223478537232e-12, 2.695201483868259e-12, 2.6216377159438142e-12, 2.5664761114929657e-12, 2.5171555378261656e-12, 2.4681708499924015e-12, 2.3920843604530173e-12, 2.2915048764754475e-12, 2.233644909657717e-12, 2.2156727407657284e-12], "lowlevel.melbands128.stdev": [0.00017075447249226272, 0.0017225845949724317, 0.004558458924293518, 0.006158823613077402, 0.004399343393743038, 0.0021799870301038027, 0.0010332191595807672, 0.0012282745447009802, 0.0008673110278323293, 0.0006011868827044964, 0.0008313325815834105, 0.0012656819308176637, 0.002225664211437106, 0.0014133892254903913, 0.0009845222812145948, 0.0008427918655797839, 0.0007607436855323613, 0.0006423796294257045, 0.0007603557896800339, 0.0006368979229591787, 0.0008676075958646834, 0.000591952761169523, 0.0005662171170115471, 0.0002697680320125073, 0.00033946568146348, 0.0005297292373143137, 0.00038137449882924557, 0.0007579483208246529, 0.0003653088351711631, 0.00031804636819288135, 0.0006036072154529393, 0.00036905313027091324, 0.0006641825311817229, 0.001354387030005455, 0.0007161228568293154, 0.0005813265452161431, 0.0005461713299155235, 0.0005049271276220679, 0.00023511530889663845, 0.0003579483018256724, 0.0006302042165771127, 0.0003491619136184454, 0.0007335470872931182, 0.0009399857954122126, 0.00016461338964290917, 0.0005996078834868968, 0.0005059345276094973, 0.00048435755888931453, 0.00012082063039997593, 0.00012902003072667867, 0.0001863243232946843, 0.00014230106899049133, 0.00010100677900481969, 0.00010989214206347242, 9.415378735866398e-05, 5.584559767157771e-05, 2.992027839354705e-05, 3.0154009436955675e-05, 4.189757601125166e-05, 7.656283560208976e-05, 2.3448305000783876e-05, 2.720211705309339e-05, 6.945735367480665e-05, 4.5488526666304097e-05, 1.917896224767901e-05, 3.935341737815179e-05, 4.373424962977879e-05, 2.193026193708647e-05, 1.986177812796086e-05, 1.8245184037368745e-05, 9.204552952724043e-06, 1.114875340135768e-05, 5.109036010253476e-06, 4.876650109508773e-06, 5.542420694837347e-06, 8.236424037022516e-06, 7.060497864586068e-06, 4.37528251495678e-06, 2.3633190266991733e-06, 2.469009814376477e-06, 3.20567801281868e-06, 3.214039224985754e-06, 2.715067012104555e-06, 2.561443807280739e-06, 2.531613972678315e-06, 2.319519808224868e-06, 2.889011284423759e-06, 3.1586621389578795e-06, 3.957593435188755e-06, 3.887110324285459e-06, 5.1790457291645e-06, 4.025829184683971e-06, 2.1055800516478484e-06, 2.2232188712223433e-06, 4.1205616980732884e-06, 4.060738319822121e-06, 3.2200296118389815e-06, 2.360622602282092e-06, 1.603417672413343e-06, 1.4651092214990058e-06, 1.531838279333897e-06, 1.637337049942289e-06, 8.87541432348371e-07, 8.136208862197236e-07, 9.626008932173136e-07, 1.9393221464270027e-06, 1.0652720447978936e-06, 9.68256358646613e-07, 1.2747055961881415e-06, 1.1774180848078686e-06, 8.741294550418388e-07, 8.802504680716083e-07, 6.995408625698474e-07, 5.691954356734641e-07, 4.335297489888035e-07, 8.185192967857802e-08, 1.6055427209948903e-08, 2.1141692563286796e-11, 5.702468011681283e-12, 5.545053565619851e-12, 5.4072974396690565e-12, 5.286715943492171e-12, 5.178736346006518e-12, 5.086453827574111e-12, 5.0113251222339006e-12, 4.950047750168496e-12, 4.9049002706635925e-12, 4.877638657557748e-12], "lowlevel.mfcc.mean": [-709.41748046875, 172.07321166992188, -52.36202621459961, 26.866350173950195, 7.850708484649658, 7.445428848266602, 18.195415496826172, -4.382293701171875, -10.052436828613281, 8.795940399169922, -8.163886070251465, -2.842862129211426, -1.8772170543670654], "lowlevel.spectral_contrast_coeffs.mean": [-0.6534114480018616, -0.7170574069023132, -0.7018274068832397, -0.7406278848648071, -0.7698956727981567, -0.7360149621963501], "lowlevel.spectral_contrast_coeffs.stdev": [0.07490421831607819, 0.08091191947460175, 0.07164466381072998, 0.06371775269508362, 0.0556773878633976, 0.0540585070848465], "lowlevel.spectral_contrast_valleys.mean": [-7.449657440185547, -7.530304908752441, -7.774415016174316, -7.816468238830566, -8.077932357788086, -12.588006973266602], "lowlevel.spectral_contrast_valleys.stdev": [0.768703281879425, 0.648902952671051, 0.6118602752685547, 0.6627019643783569, 0.8559216856956482, 1.4337971210479736], "rhythm.beats_loudness_band_ratio.mean": [0.3778594136238098, 0.13168290257453918, 0.13423383235931396, 0.2133369743824005, 0.1371331810951233, 0.03671358898282051], "rhythm.beats_loudness_band_ratio.stdev": [0.28069549798965454, 0.16719383001327515, 0.14687924087047577, 0.1911725401878357, 0.1613633632659912, 0.07678722590208054], "tonal.hpcp.mean": [0.10003901273012161, 0.0928071141242981, 0.07456323504447937, 0.18374048173427582, 0.16943535208702087, 0.04649404063820839, 0.024008579552173615, 0.02408730983734131, 0.043790146708488464, 0.16565003991127014, 0.16763222217559814, 0.046833597123622894, 0.02875838801264763, 0.02762056142091751, 0.0514860637485981, 0.1505984663963318, 0.14111238718032837, 0.057900894433259964, 0.10887658596038818, 0.09342626482248306, 0.025100184604525566, 0.03531455248594284, 0.0408632718026638, 0.24665996432304382, 0.6486425399780273, 0.474852055311203, 0.07375863939523697, 0.03194344416260719, 0.021923771128058434, 0.037265051156282425, 0.12112611532211304, 0.12510915100574493, 0.049857351928949356, 0.027926307171583176, 0.020249424502253532, 0.042994242161512375], "tonal.hpcp.stdev": [0.21303114295005798, 0.20187214016914368, 0.1686667650938034, 0.2955438196659088, 0.28280434012413025, 0.1181606873869896, 0.09575925767421722, 0.10614621639251709, 0.12986043095588684, 0.26382794976234436, 0.268942654132843, 0.11959932744503021, 0.11976607143878937, 0.1139196902513504, 0.15218518674373627, 0.28636759519577026, 0.2809920310974121, 0.1253478229045868, 0.2416161149740219, 0.23805876076221466, 0.07954094558954239, 0.10757550597190857, 0.12108246237039566, 0.21826304495334625, 0.3692566454410553, 0.31809401512145996, 0.14990180730819702, 0.11159687489271164, 0.07325746864080429, 0.10832682996988297, 0.22500725090503693, 0.22491581737995148, 0.12719480693340302, 0.09713330864906311, 0.07554817944765091, 0.12302501499652863], "rhythm.beats_position": [0.5572788715362549, 1.1145577430725098, 1.6834466457366943, 2.252335548400879, 2.8212244510650635, 3.4017233848571777, 3.9706122875213623, 4.539501190185547, 5.108389854431152, 5.6888885498046875, 6.257777690887451, 6.826666355133057, 7.40716552734375, 7.987664222717285, 8.57977294921875, 9.171881675720215, 9.76399040222168, 10.356099128723145, 10.983037948608398, 11.609976768493652, 12.213695526123047, 12.817414283752441, 13.421133995056152, 14.001632690429688, 14.570521354675293, 15.139410018920898, 15.708298683166504, 16.27718734741211, 16.85768699645996, 17.43818473815918, 18.01868438720703, 18.599184036254883, 19.1796817779541, 19.760181427001953, 20.340679168701172, 20.921178817749023, 21.490068435668945, 22.070566177368164, 22.651065826416016, 23.243173599243164, 23.835283279418945, 24.450611114501953, 25.054330825805664, 25.658048629760742, 26.261768341064453, 26.8538761138916, 27.457595825195312, 28.049705505371094, 28.653423309326172, 29.210702896118164, 29.791200637817383, 30.360090255737305, 30.928979873657227, 31.509477615356445, 32.078365325927734, 32.647254943847656, 33.227752685546875, 33.7966423034668, 34.36553192138672, 34.94602966308594, 35.52653121948242, 36.09541702270508, 36.664306640625, 37.244808197021484, 37.81369400024414, 38.38258361816406, 38.96308135986328, 39.543582916259766], "rhythm.bpm_histogram": [0.0, 0.0, 0.0, 0.0, 0.0, 0.0, 0.0, 0.0, 0.0, 0.0, 0.0, 0.0, 0.0, 0.0, 0.0, 0.0, 0.0, 0.0, 0.0, 0.0, 0.0, 0.0, 0.0, 0.0, 0.0, 0.0, 0.0, 0.0, 0.0, 0.0, 0.0, 0.0, 0.0, 0.0, 0.0, 0.0, 0.0, 0.0, 0.0, 0.0, 0.0, 0.0, 0.0, 0.0, 0.0, 0.0, 0.0, 0.0, 0.0, 0.0, 0.0, 0.0, 0.0, 0.0, 0.0, 0.0, 0.0, 0.0, 0.0, 0.0, 0.0, 0.0, 0.0, 0.0, 0.0, 0.0, 0.0, 0.0, 0.0, 0.0, 0.0, 0.0, 0.0, 0.0, 0.0, 0.0, 0.0, 0.0, 0.0, 0.0, 0.0, 0.0, 0.0, 0.0, 0.0, 0.0, 0.0, 0.0, 0.0, 0.0, 0.0, 0.0, 0.0, 0.0, 0.0, 0.0, 0.02985074557363987, 0.0, 0.014925372786819935, 0.11940298229455948, 0.0, 0.11940298229455948, 0.0, 0.34328359365463257, 0.0, 0.34328359365463257, 0.0, 0.0, 0.02985074557363987, 0.0, 0.0, 0.0, 0.0, 0.0, 0.0, 0.0, 0.0, 0.0, 0.0, 0.0, 0.0, 0.0, 0.0, 0.0, 0.0, 0.0, 0.0, 0.0, 0.0, 0.0, 0.0, 0.0, 0.0, 0.0, 0.0, 0.0, 0.0, 0.0, 0.0, 0.0, 0.0, 0.0, 0.0, 0.0, 0.0, 0.0, 0.0, 0.0, 0.0, 0.0, 0.0, 0.0, 0.0, 0.0, 0.0, 0.0, 0.0, 0.0, 0.0, 0.0, 0.0, 0.0, 0.0, 0.0, 0.0, 0.0, 0.0, 0.0, 0.0, 0.0, 0.0, 0.0, 0.0, 0.0, 0.0, 0.0, 0.0, 0.0, 0.0, 0.0, 0.0, 0.0, 0.0, 0.0, 0.0, 0.0, 0.0, 0.0, 0.0, 0.0, 0.0, 0.0, 0.0, 0.0, 0.0, 0.0, 0.0, 0.0, 0.0, 0.0, 0.0, 0.0, 0.0, 0.0, 0.0, 0.0, 0.0, 0.0, 0.0, 0.0, 0.0, 0.0, 0.0, 0.0, 0.0, 0.0, 0.0, 0.0, 0.0, 0.0, 0.0, 0.0, 0.0, 0.0, 0.0, 0.0, 0.0, 0.0, 0.0, 0.0, 0.0, 0.0, 0.0, 0.0, 0.0, 0.0, 0.0, 0.0, 0.0, 0.0, 0.0, 0.0, 0.0, 0.0, 0.0, 0.0, 0.0, 0.0, 0.0, 0.0], "tonal.chords_histogram": [45.8139533996582, 6.395349025726318, 17.674419403076172, 0.0, 0.930232584476471, 0.0, 0.0, 0.0, 0.0, 0.0, 0.0, 0.0, 0.0, 0.0, 0.0, 5.581395149230957, 0.0, 9.651163101196289, 0.0, 11.744186401367188, 0.0, 0.0, 0.0, 2.2093024253845215], "tonal.thpcp": [1.0, 0.7320705056190491, 0.11371230334043503, 0.04924660548567772, 0.033799465745687485, 0.057450827211141586, 0.18673785030841827, 0.19287842512130737, 0.07686413824558258, 0.043053463101387024, 0.031218156218528748, 0.06628341227769852, 0.15422827005386353, 0.1430789828300476, 0.11495273560285568, 0.2832692563533783, 0.26121529936790466, 0.07167898863554001, 0.03701357543468475, 0.03713495284318924, 0.0675104483962059, 0.2553795576095581, 0.2584354281425476, 0.07220247387886047, 0.044336266815662384, 0.04258209839463234, 0.07937509566545486, 0.2321748286485672, 0.21755030751228333, 0.08926472067832947, 0.167852982878685, 0.1440335214138031, 0.03869648277759552, 0.054443780332803726, 0.06299813836812973, 0.3802710175514221], "lowlevel.gfcc.cov": [[5345.794921875, -2027.1904296875, 245.21881103515625, 417.10845947265625, -593.6331176757812, -67.6041030883789, -684.3511352539062, 76.55792236328125, -266.8626708984375, 220.54029846191406, -24.588918685913086, 739.4432373046875, -189.88623046875], [-2027.1904296875, 2201.539794921875, -314.49603271484375, -283.505126953125, 716.9277954101562, -234.1695556640625, 527.0208129882812, 26.13092803955078, 171.46876525878906, -66.96852111816406, 121.20945739746094, -460.8388977050781, 186.12277221679688], [245.21881103515625, -314.49603271484375, 596.776123046875, 140.62815856933594, -134.62454223632812, 159.7484130859375, -86.69184875488281, 31.654502868652344, 35.45463562011719, 59.6492919921875, 5.847229480743408, 105.74201965332031, -32.6141242980957], [417.10845947265625, -283.505126953125, 140.62815856933594, 392.8931579589844, -167.52854919433594, 105.58745574951172, -30.606239318847656, -39.36244583129883, 78.048828125, -15.13352108001709, 8.693938255310059, 67.16483306884766, -7.212559223175049], [-593.6331176757812, 716.9277954101562, -134.62454223632812, -167.52854919433594, 598.171142578125, -63.82468795776367, 218.3527374267578, 123.420166015625, 17.075321197509766, 23.96198844909668, -3.5836751461029053, -100.04328918457031, 74.62968444824219], [-67.6041030883789, -234.1695556640625, 159.7484130859375, 105.58745574951172, -63.82468795776367, 391.7258605957031, 117.45059204101562, 22.499338150024414, 87.17221069335938, -36.885948181152344, 32.01341247558594, -50.06563186645508, -39.90575408935547], [-684.3511352539062, 527.0208129882812, -86.69184875488281, -30.606239318847656, 218.3527374267578, 117.45059204101562, 346.0210876464844, 71.8158187866211, 100.01719665527344, -10.041471481323242, 60.25266647338867, -155.17259216308594, 26.02117919921875], [76.55792236328125, 26.13092803955078, 31.654502868652344, -39.36244583129883, 123.420166015625, 22.499338150024414, 71.8158187866211, 243.36415100097656, 60.60333251953125, 49.00590515136719, 22.594846725463867, -5.981655597686768, 7.205474376678467], [-266.8626708984375, 171.46876525878906, 35.45463562011719, 78.048828125, 17.075321197509766, 87.17221069335938, 100.01719665527344, 60.60333251953125, 190.6893768310547, 14.0960693359375, 35.87177658081055, -80.80513000488281, 2.7536091804504395], [220.54029846191406, -66.96852111816406, 59.6492919921875, -15.13352108001709, 23.96198844909668, -36.885948181152344, -10.041471481323242, 49.00590515136719, 14.0960693359375, 156.78343200683594, 26.599157333374023, 57.13023376464844, -4.588771820068359], [-24.588918685913086, 121.20945739746094, 5.847229480743408, 8.693938255310059, -3.5836751461029053, 32.01341247558594, 60.25266647338867, 22.594846725463867, 35.87177658081055, 26.599157333374023, 142.09547424316406, -0.9509268999099731, 11.398826599121094], [739.4432373046875, -460.8388977050781, 105.74201965332031, 67.16483306884766, -100.04328918457031, -50.06563186645508, -155.17259216308594, -5.981655597686768, -80.80513000488281, 57.13023376464844, -0.9509268999099731, 278.43902587890625, -19.454761505126953], [-189.88623046875, 186.12277221679688, -32.6141242980957, -7.212559223175049, 74.62968444824219, -39.90575408935547, 26.02117919921875, 7.205474376678467, 2.7536091804504395, -4.588771820068359, 11.398826599121094, -19.454761505126953, 98.13175201416016]], "lowlevel.gfcc.icov": [[0.00044230252387933433, -5.723206777474843e-05, 0.0002781384682748467, -0.0005067622405476868, 0.00010688546899473295, -0.00026102722040377557, 0.0006405807798728347, -0.0005377766792662442, 0.0005477079539559782, -0.00046225980622693896, -7.97544198576361e-05, -0.0006238333298824728, 0.0005503997090272605], [-5.723206777474843e-05, 0.003345712088048458, -0.0011570414062589407, 0.0009469069191254675, -0.002302831504493952, 0.003695068648084998, -0.0031332948710769415, 0.002247727243229747, -0.002261864487081766, 0.0018739559454843402, -0.0024054471869021654, 0.002860856940969825, -0.0018539652228355408], [0.0002781384682748467, -0.0011570414062589407, 0.0029812513384968042, -0.0010301955044269562, 0.0008726398809812963, -0.002624228596687317, 0.0022832651156932116, -0.0013866362860426307, 0.0008755155140534043, -0.0018547577783465385, 0.0008871708996593952, -0.0017558482941240072, 0.0008509399485774338], [-0.0005067622405476868, 0.0009469069191254675, -0.0010301955044269562, 0.004763927310705185, 5.7987603213405237e-05, 0.0007934891618788242, -0.0018443292938172817, 0.001990596065297723, -0.00350379035808146, 0.0017540304688736796, -0.0001419502659700811, -0.0001824897335609421, -0.001986682415008545], [0.00010688546899473295, -0.002302831504493952, 0.0008726398809812963, 5.7987603213405237e-05, 0.004722614772617817, -0.0019666857551783323, 0.0001241836725967005, -0.002588920993730426, 0.0019675344228744507, -0.0016740928404033184, 0.0026861471123993397, -0.0021770948078483343, -0.00024248898262158036], [-0.00026102722040377557, 0.003695068648084998, -0.002624228596687317, 0.0007934891618788242, -0.0019666857551783323, 0.00849370751529932, -0.005695430561900139, 0.002501298673450947, -0.0032481674570590258, 0.0036287845578044653, -0.0028587300330400467, 0.003564879996702075, -0.0007513377931900322], [0.0006405807798728347, -0.0031332948710769415, 0.0022832651156932116, -0.0018443292938172817, 0.0001241836725967005, -0.005695430561900139, 0.010502323508262634, -0.0031014487612992525, 0.001726391026750207, -0.002611461328342557, -2.056405173789244e-05, -0.0012971180258318782, 0.0024126518983393908], [-0.0005377766792662442, 0.002247727243229747, -0.0013866362860426307, 0.001990596065297723, -0.002588920993730426, 0.002501298673450947, -0.0031014487612992525, 0.007623490411788225, -0.0040651424787938595, 0.0008105009328573942, -0.0015788384480401874, 0.0016793633112683892, -0.0017013418255373836], [0.0005477079539559782, -0.002261864487081766, 0.0008755155140534043, -0.00350379035808146, 0.0019675344228744507, -0.0032481674570590258, 0.001726391026750207, -0.0040651424787938595, 0.011301622726023197, -0.0032834408339112997, 0.0005055414512753487, 0.00040427129715681076, 0.0019575345795601606], [-0.00046225980622693896, 0.0018739559454843402, -0.0018547577783465385, 0.0017540304688736796, -0.0016740928404033184, 0.0036287845578044653, -0.002611461328342557, 0.0008105009328573942, -0.0032834408339112997, 0.010052300058305264, -0.0025895601138472557, 0.00015301692474167794, -0.0006611455464735627], [-7.97544198576361e-05, -0.0024054471869021654, 0.0008871708996593952, -0.0001419502659700811, 0.0026861471123993397, -0.0028587300330400467, -2.056405173789244e-05, -0.0015788384480401874, 0.0005055414512753487, -0.0025895601138472557, 0.01038245391100645, -0.002975401934236288, -0.00032271380769088864], [-0.0006238333298824728, 0.002860856940969825, -0.0017558482941240072, -0.0001824897335609421, -0.0021770948078483343, 0.003564879996702075, -0.0012971180258318782, 0.0016793633112683892, 0.00040427129715681076, 0.00015301692474167794, -0.002975401934236288, 0.009828876703977585, -0.0016141474479809403], [0.0005503997090272605, -0.0018539652228355408, 0.0008509399485774338, -0.001986682415008545, -0.00024248898262158036, -0.0007513377931900322, 0.0024126518983393908, -0.0017013418255373836, 0.0019575345795601606, -0.0006611455464735627, -0.00032271380769088864, -0.0016141474479809403, 0.01390423346310854]], "lowlevel.mfcc.cov": [[4898.28662109375, -2205.485107421875, 469.5386962890625, 158.41981506347656, -80.65364837646484, -84.83427429199219, -523.0592651367188, 0.3176056146621704, -454.63031005859375, -377.6966247558594, -77.13011169433594, -25.11971092224121, 195.95657348632812], [-2205.485107421875, 2487.38671875, -910.99365234375, 234.28146362304688, 142.94847106933594, -109.57062530517578, 392.78411865234375, -27.797788619995117, 209.22006225585938, 319.0613098144531, 17.538951873779297, -0.06849340349435806, -42.07758712768555], [469.5386962890625, -910.99365234375, 979.4418334960938, -155.46934509277344, -39.17296600341797, 135.74484252929688, -121.96875762939453, 28.26289939880371, -13.416609764099121, -86.99324035644531, 60.19902038574219, 85.84351348876953, -13.362349510192871], [158.41981506347656, 234.28146362304688, -155.46934509277344, 328.54595947265625, 21.829574584960938, -25.003414154052734, -36.85976791381836, -4.722519397735596, 2.1652612686157227, -15.86401653289795, -37.77994155883789, 18.727426528930664, 79.00218963623047], [-80.65364837646484, 142.94847106933594, -39.17296600341797, 21.829574584960938, 233.25399780273438, -36.130313873291016, 55.92355728149414, 36.303733825683594, 53.90162658691406, 55.39755630493164, -16.641773223876953, 5.488995552062988, 1.1968895196914673], [-84.83427429199219, -109.57062530517578, 135.74484252929688, -25.003414154052734, -36.130313873291016, 275.1954040527344, 25.13418960571289, 42.880916595458984, 23.557024002075195, 3.268446683883667, 62.940547943115234, -20.741966247558594, -22.069849014282227], [-523.0592651367188, 392.78411865234375, -121.96875762939453, -36.85976791381836, 55.92355728149414, 25.13418960571289, 278.5137634277344, 57.491859436035156, 98.13917541503906, 109.44648742675781, 67.47268676757812, 14.117326736450195, -30.54131317138672], [0.3176056146621704, -27.797788619995117, 28.26289939880371, -4.722519397735596, 36.303733825683594, 42.880916595458984, 57.491859436035156, 189.16004943847656, 46.57844924926758, 45.28071594238281, 33.33164978027344, 33.37104797363281, 16.28506851196289], [-454.63031005859375, 209.22006225585938, -13.416609764099121, 2.1652612686157227, 53.90162658691406, 23.557024002075195, 98.13917541503906, 46.57844924926758, 216.97520446777344, 96.16598510742188, 64.39338684082031, 28.3499813079834, -24.18019676208496], [-377.6966247558594, 319.0613098144531, -86.99324035644531, -15.86401653289795, 55.39755630493164, 3.268446683883667, 109.44648742675781, 45.28071594238281, 96.16598510742188, 208.53390502929688, 63.371055603027344, 56.304969787597656, -32.96076202392578], [-77.13011169433594, 17.538951873779297, 60.19902038574219, -37.77994155883789, -16.641773223876953, 62.940547943115234, 67.47268676757812, 33.33164978027344, 64.39338684082031, 63.371055603027344, 172.45465087890625, 41.484642028808594, -11.649462699890137], [-25.11971092224121, -0.06849340349435806, 85.84351348876953, 18.727426528930664, 5.488995552062988, -20.741966247558594, 14.117326736450195, 33.37104797363281, 28.3499813079834, 56.304969787597656, 41.484642028808594, 156.501953125, 47.79623031616211], [195.95657348632812, -42.07758712768555, -13.362349510192871, 79.00218963623047, 1.1968895196914673, -22.069849014282227, -30.54131317138672, 16.28506851196289, -24.18019676208496, -32.96076202392578, -11.649462699890137, 47.79623031616211, 137.20106506347656]], "lowlevel.mfcc.icov": [[0.0005096642998978496, 0.0004987635766156018, 0.00011509969044709578, -0.0005243813502602279, -0.00020438047067727894, 0.0002664625644683838, 0.0001421954220859334, -0.00011751068814191967, 0.0007088453276082873, -0.00012051649537170306, -0.0004131074238102883, 0.00021777491201646626, -0.0001865270605776459], [0.0004987635766156018, 0.0014199655270203948, 0.0006934783305041492, -0.0010455488227307796, -0.0002323334920220077, 0.00028355291578918695, -0.000725648773368448, 0.00038867437979206443, 0.0004301535664126277, -0.0008790759602561593, -0.00017508644668851048, 0.00012678476923611015, 3.8270394725259393e-05], [0.00011509969044709578, 0.0006934783305041492, 0.0020069237798452377, 0.0003459844447206706, -0.0003790424088947475, -0.0007349022198468447, 0.0003275868948549032, 0.0001286371552851051, -0.00023113131464924663, 0.0006401052232831717, -0.0002960587153211236, -0.0015638172626495361, 0.000619957281742245], [-0.0005243813502602279, -0.0010455488227307796, 0.0003459844447206706, 0.004941808059811592, -0.00015519678709097207, -0.0007402235642075539, 0.001111972494982183, 3.588784966268577e-05, -0.0012577726738527417, 0.0008583050221204758, 0.0008602915913797915, -0.0007870792178437114, -0.0019262558780610561], [-0.00020438047067727894, -0.0002323334920220077, -0.0003790424088947475, -0.00015519678709097207, 0.0053519136272370815, 0.0007160197710618377, -0.0007752585224807262, -0.0007041323697194457, -0.0011471424950286746, -0.0012012321967631578, 0.0014018976362422109, 0.0007000686600804329, -0.00036300785723142326], [0.0002664625644683838, 0.00028355291578918695, -0.0007349022198468447, -0.0007402235642075539, 0.0007160197710618377, 0.004919151775538921, -0.00036897024256177247, -0.00106258864980191, 0.0003130145778413862, -0.0002973630034830421, -0.0016475411830469966, 0.001884656259790063, 7.73597348597832e-05], [0.0001421954220859334, -0.000725648773368448, 0.0003275868948549032, 0.001111972494982183, -0.0007752585224807262, -0.00036897024256177247, 0.006461003795266151, -0.0013143944088369608, -0.0007244491716846824, -0.0005177693674340844, -0.0014956585364416242, 6.736895738868043e-05, 0.0001051138315233402], [-0.00011751068814191967, 0.00038867437979206443, 0.0001286371552851051, 3.588784966268577e-05, -0.0007041323697194457, -0.00106258864980191, -0.0013143944088369608, 0.0067274309694767, -0.000820225803181529, -0.0009604270453564823, 0.00017104882863350213, -0.0007478462066501379, -0.0010772221721708775], [0.0007088453276082873, 0.0004301535664126277, -0.00023113131464924663, -0.0012577726738527417, -0.0011471424950286746, 0.0003130145778413862, -0.0007244491716846824, -0.000820225803181529, 0.007802164647728205, -0.00168454903177917, -0.0020331598352640867, 0.0002874974743463099, 0.0005152699304744601], [-0.00012051649537170306, -0.0008790759602561593, 0.0006401052232831717, 0.0008583050221204758, -0.0012012321967631578, -0.0002973630034830421, -0.0005177693674340844, -0.0009604270453564823, -0.00168454903177917, 0.00974710937589407, -0.0014619090361520648, -0.0038568275049328804, 0.0026962251868098974], [-0.0004131074238102883, -0.00017508644668851048, -0.0002960587153211236, 0.0008602915913797915, 0.0014018976362422109, -0.0016475411830469966, -0.0014956585364416242, 0.00017104882863350213, -0.0020331598352640867, -0.0014619090361520648, 0.008903510868549347, -0.0016418702434748411, 5.539565961498738e-08], [0.00021777491201646626, 0.00012678476923611015, -0.0015638172626495361, -0.0007870792178437114, 0.0007000686600804329, 0.001884656259790063, 6.736895738868043e-05, -0.0007478462066501379, 0.0002874974743463099, -0.0038568275049328804, -0.0016418702434748411, 0.010860334150493145, -0.004369096364825964], [-0.0001865270605776459, 3.8270394725259393e-05, 0.000619957281742245, -0.0019262558780610561, -0.00036300785723142326, 7.73597348597832e-05, 0.0001051138315233402, -0.0010772221721708775, 0.0005152699304744601, 0.0026962251868098974, 5.539565961498738e-08, -0.004369096364825964, 0.011163723655045033]], "metadata.audio_properties.analysis.downmix": "mix", "metadata.audio_properties.codec": "mp3", "metadata.audio_properties.md5_encoded": "85c551bcc1c348f4d205c1930b51ac9c", "metadata.tags.file_name": "1183719183633088512.mp3", "metadata.version.essentia": "2.1-beta6-dev", "metadata.version.essentia_git_sha": "v2.1_beta5-1110-g77a6a954"