{"song_id": "1183690029927759952", "download": "https://cdn.discordapp.com/attachments/1135911532732108921/1183690029927759952/chirp.mp4?ex=6589403f&amp", "lyrics": "[\u30b5\u30d3]\n\u71c3\u3048\u308b\u708e\u3001\u5fc3\u306e\u53eb\u3073\n\u904b\u547d\u306b\u7acb\u3061\u5411\u304b\u3046\u3001\u5b64\u72ec\u306a\u6226\u58eb\n\u95c7\u3092\u5207\u308a\u88c2\u304f\u3001\u7121\u6575\u306e\u5263\n\u30bd\u30eb\u30fb\u30d0\u30c3\u30c9\u30ac\u30a4\u3001\u6c38\u9060\u306e\u4f1d\u8aac\n\n[1\u756a]\n\u8352\u308c\u72c2\u3046\u4e16\u754c\u3067\u3001\u3072\u3068\u308a\u4f47\u3080\n\u904e\u53bb\u306e\u5f71\u3092\u80cc\u306b\u3001\u6226\u3044\u306e\u9053\u3092\u884c\u304f\n\u91cd\u3044\u904b\u547d\u3092\u8ca0\u3044\u3001\u305f\u3060\u524d\u3092\u898b\u3064\u3081\n\u7d42\u308f\u308a\u306a\u304d\u6226\u3044\u306b\u3001\u81ea\u5206\u3092\u8ced\u3051\u308b\n\n[\u30b5\u30d3]\n\u71c3\u3048\u308b\u708e\u3001\u5fc3\u306e\u53eb\u3073\n\u904b\u547d\u306b\u7acb\u3061\u5411\u304b\u3046\u3001\u5b64\u72ec\u306a\u6226\u58eb\n\u95c7\u3092\u5207\u308a\u88c2\u304f\u3001\u7121\u6575\u306e\u5263\n\u30bd\u30eb\u30fb\u30d0\u30c3\u30c9\u30ac\u30a4\u3001\u6c38\u9060\u306e\u4f1d\u8aac\n\n[2\u756a]\n\u9650\u308a\u306a\u304f\u5e83\u304c\u308b\u3001\u679c\u3066\u3057\u306a\u3044\u95d8\u3044\n\u529b\u3068\u52c7\u6c17\u3092\u80f8\u306b\u3001\u7acb\u3061\u5411\u304b\u3046\u65e5\u3005\n\u904e\u9177\u306a\u904b\u547d\u306b\u3082\u3001\u5c48\u3059\u308b\u3053\u3068\u306a\u304f\n\u5f7c\u306e\u9b42\u306f\u3001\u71c3\u3048\u7d9a\u3051\u308b\n\n[\u30b5\u30d3]\n\u71c3\u3048\u308b\u708e\u3001\u5fc3\u306e\u53eb\u3073\n\u904b\u547d\u306b\u7acb\u3061\u5411\u304b\u3046\u3001\u5b64\u72ec\u306a\u6226\u58eb\n\u95c7\u3092\u5207\u308a\u88c2\u304f\u3001\u7121\u6575\u306e\u5263\n\u30bd\u30eb\u30fb\u30d0\u30c3\u30c9\u30ac\u30a4\u3001\u6c38\u9060\u306e\u4f1d\u8aac\n\n[\u30d6\u30ea\u30c3\u30b8]\n\u6642\u3092\u8d85\u3048\u3001\u5909\u308f\u3089\u306c\u5f37\u3055\u3067\n\u95c7\u306b\u7acb\u3061\u5411\u304b\u3046\u3001\u3072\u3068\u308a\u306e\u5f71\n\u305d\u306e\u540d\u306f\u8a9e\u308a\u7d99\u304c\u308c\u308b\n\u52c7\u6c17\u3068\u5e0c\u671b\u306e\u8c61\u5fb4\u3068\u3057\u3066\n\n[\u30b5\u30d3]\n\u71c3\u3048\u308b\u708e\u3001\u5fc3\u306e\u53eb\u3073\n\u904b\u547d\u306b\u7acb\u3061\u5411\u304b\u3046\u3001\u5b64\u72ec\u306a\u6226\u58eb\n\u95c7\u3092\u5207\u308a\u88c2\u304f\u3001\u7121\u6575\u306e\u5263\n\u30bd\u30eb\u30fb\u30d0\u30c3\u30c9\u30ac\u30a4\u3001\u6c38\u9060\u306e\u4f1d\u8aac", "style": ["Heavy Metal"], "essentia_features": {"lowlevel.average_loudness": 0.9848526120185852, "lowlevel.barkbands_crest.mean": 11.696451187133789, "lowlevel.barkbands_crest.stdev": 4.2859649658203125, "lowlevel.barkbands_flatness_db.mean": 0.14093104004859924, "lowlevel.barkbands_flatness_db.stdev": 0.036802563816308975, "lowlevel.barkbands_kurtosis.mean": 5.2410383224487305, "lowlevel.barkbands_kurtosis.stdev": 11.54590129852295, "lowlevel.barkbands_skewness.mean": 1.8764619827270508, "lowlevel.barkbands_skewness.stdev": 1.421069622039795, "lowlevel.barkbands_spread.mean": 26.55651092529297, "lowlevel.barkbands_spread.stdev": 11.73073673248291, "lowlevel.dissonance.mean": 0.47669002413749695, "lowlevel.dissonance.stdev": 0.019750991836190224, "lowlevel.dynamic_complexity": 1.4229073524475098, "lowlevel.erbbands_crest.mean": 9.879409790039062, "lowlevel.erbbands_crest.stdev": 5.369199275970459, "lowlevel.erbbands_flatness_db.mean": 0.13769447803497314, "lowlevel.erbbands_flatness_db.stdev": 0.036729831248521805, "lowlevel.erbbands_kurtosis.mean": 0.33861663937568665, "lowlevel.erbbands_kurtosis.stdev": 1.65899658203125, "lowlevel.erbbands_skewness.mean": -0.05964108183979988, "lowlevel.erbbands_skewness.stdev": 0.7413806915283203, "lowlevel.erbbands_spread.mean": 44.633872985839844, "lowlevel.erbbands_spread.stdev": 21.185646057128906, "lowlevel.hfc.mean": 30.54688835144043, "lowlevel.hfc.stdev": 14.137392044067383, "lowlevel.loudness_ebu128.integrated": -10.892436027526855, "lowlevel.loudness_ebu128.loudness_range": 0.8346271514892578, "lowlevel.loudness_ebu128.momentary.mean": -11.039704322814941, "lowlevel.loudness_ebu128.momentary.stdev": 1.7512502670288086, "lowlevel.loudness_ebu128.short_term.mean": -10.902377128601074, "lowlevel.loudness_ebu128.short_term.stdev": 0.34442850947380066, "lowlevel.melbands_crest.mean": 17.823902130126953, "lowlevel.melbands_crest.stdev": 5.507836818695068, "lowlevel.melbands_flatness_db.mean": 0.20497822761535645, "lowlevel.melbands_flatness_db.stdev": 0.04861915856599808, "lowlevel.melbands_kurtosis.mean": 22.441312789916992, "lowlevel.melbands_kurtosis.stdev": 35.04890060424805, "lowlevel.melbands_skewness.mean": 3.553286552429199, "lowlevel.melbands_skewness.stdev": 2.331702947616577, "lowlevel.melbands_spread.mean": 23.67678451538086, "lowlevel.melbands_spread.stdev": 16.79410743713379, "lowlevel.pitch_salience.mean": 0.47932910919189453, "lowlevel.pitch_salience.stdev": 0.10506146401166916, "lowlevel.silence_rate_20dB.mean": 1.0, "lowlevel.silence_rate_20dB.stdev": 0.0, "lowlevel.silence_rate_30dB.mean": 0.9994206428527832, "lowlevel.silence_rate_30dB.stdev": 0.024063415825366974, "lowlevel.silence_rate_60dB.mean": 0.011587485671043396, "lowlevel.silence_rate_60dB.stdev": 0.10701620578765869, "lowlevel.spectral_centroid.mean": 1634.7327880859375, "lowlevel.spectral_centroid.stdev": 679.9342041015625, "lowlevel.spectral_complexity.mean": 25.56025505065918, "lowlevel.spectral_complexity.stdev": 9.153875350952148, "lowlevel.spectral_decrease.mean": -1.314718112155333e-08, "lowlevel.spectral_decrease.stdev": 4.417265220268973e-09, "lowlevel.spectral_energy.mean": 0.052391279488801956, "lowlevel.spectral_energy.stdev": 0.01701335608959198, "lowlevel.spectral_energyband_high.mean": 0.0012222371296957135, "lowlevel.spectral_energyband_high.stdev": 0.0009491508826613426, "lowlevel.spectral_energyband_low.mean": 0.031772930175065994, "lowlevel.spectral_energyband_low.stdev": 0.016919491812586784, "lowlevel.spectral_energyband_middle_high.mean": 0.00872266385704279, "lowlevel.spectral_energyband_middle_high.stdev": 0.007193217985332012, "lowlevel.spectral_energyband_middle_low.mean": 0.011966328136622906, "lowlevel.spectral_energyband_middle_low.stdev": 0.009460937231779099, "lowlevel.spectral_entropy.mean": 7.863428592681885, "lowlevel.spectral_entropy.stdev": 0.2690560519695282, "lowlevel.spectral_flux.mean": 0.13126525282859802, "lowlevel.spectral_flux.stdev": 0.04032359644770622, "lowlevel.spectral_kurtosis.mean": 2.835407257080078, "lowlevel.spectral_kurtosis.stdev": 1.3510711193084717, "lowlevel.spectral_rms.mean": 0.0070182825438678265, "lowlevel.spectral_rms.stdev": 0.0013627310981974006, "lowlevel.spectral_rolloff.mean": 1229.4022216796875, "lowlevel.spectral_rolloff.stdev": 1638.2784423828125, "lowlevel.spectral_skewness.mean": 1.2601559162139893, "lowlevel.spectral_skewness.stdev": 0.2527165114879608, "lowlevel.spectral_spread.mean": 4992223.0, "lowlevel.spectral_spread.stdev": 1933442.25, "lowlevel.spectral_strongpeak.mean": 0.7569162845611572, "lowlevel.spectral_strongpeak.stdev": 1.2181477546691895, "lowlevel.zerocrossingrate.mean": 0.0587385930120945, "lowlevel.zerocrossingrate.stdev": 0.05391828715801239, "metadata.audio_properties.analysis.equal_loudness": 0.0, "metadata.audio_properties.analysis.length": 40.04265213012695, "metadata.audio_properties.analysis.sample_rate": 44100.0, "metadata.audio_properties.analysis.start_time": 0.0, "metadata.audio_properties.bit_rate": 118151.0, "metadata.audio_properties.length": 40.042667388916016, "metadata.audio_properties.lossless": 0.0, "metadata.audio_properties.number_channels": 1.0, "metadata.audio_properties.replay_gain": -14.246040344238281, "metadata.audio_properties.sample_rate": 48000.0, "rhythm.beats_count": 59.0, "rhythm.beats_loudness.mean": 0.05553509667515755, "rhythm.beats_loudness.stdev": 0.013502887450158596, "rhythm.bpm": 89.48665618896484, "rhythm.bpm_histogram_first_peak_bpm": 89.0, "rhythm.bpm_histogram_first_peak_weight": 0.32758617401123047, "rhythm.bpm_histogram_second_peak_bpm": 0.0, "rhythm.bpm_histogram_second_peak_spread": 0.0, "rhythm.bpm_histogram_second_peak_weight": 0.0, "rhythm.danceability": 1.3168405294418335, "rhythm.onset_rate": 2.9959239959716797, "tonal.chords_changes_rate": 0.11574073880910873, "tonal.chords_number_rate": 0.012731481343507767, "tonal.chords_strength.mean": 0.5008078813552856, "tonal.chords_strength.stdev": 0.10719442367553711, "tonal.hpcp_crest.mean": 11.113633155822754, "tonal.hpcp_crest.stdev": 5.06486701965332, "tonal.hpcp_entropy.mean": 2.3059608936309814, "tonal.hpcp_entropy.stdev": 0.8240858316421509, "tonal.key_edma.strength": 0.37410876154899597, "tonal.key_krumhansl.strength": 0.36233413219451904, "tonal.key_temperley.strength": 0.3768189549446106, "tonal.tuning_diatonic_strength": 0.6003013253211975, "tonal.tuning_equal_tempered_deviation": 0.2560185194015503, "tonal.tuning_frequency": 434.193115234375, "tonal.tuning_nontempered_energy_ratio": 0.9122894406318665, "lowlevel.barkbands.mean": [0.00227905111387372, 0.019567390903830528, 0.00873544905334711, 0.00225823768414557, 0.0024116053245961666, 0.00205794139765203, 0.0018270732834935188, 0.0019383237231522799, 0.0012746029533445835, 0.0007373646949417889, 0.0011129832128062844, 0.001297311158850789, 0.0009421361610293388, 0.0007587512372992933, 0.0005483936984091997, 0.0011105420999228954, 0.0009915366536006331, 0.0006113806157372892, 0.0004885290400125086, 0.00042299923370592296, 0.00024619573378004134, 0.00023668617359362543, 0.0002071639901259914, 0.0001638091925997287, 0.00012076073471689597, 4.465999154490419e-05, 3.6728425811816123e-07], "lowlevel.barkbands.stdev": [0.0013643157435581088, 0.014158802106976509, 0.009250754490494728, 0.003200073493644595, 0.005629554856568575, 0.0045809075236320496, 0.0033120959997177124, 0.0042936112731695175, 0.0031315437518060207, 0.002408165717497468, 0.0027469389606267214, 0.003062055679038167, 0.0025624597910791636, 0.0019810895901173353, 0.001022647600620985, 0.0023693323601037264, 0.001989183947443962, 0.0008157521369867027, 0.0005396701162680984, 0.0003924877673853189, 0.00018840949633158743, 0.00023572139616589993, 0.00020251426030881703, 0.00021167279919609427, 0.00021799877868033946, 0.00011167975753778592, 1.2293511417738046e-06], "lowlevel.erbbands.mean": [0.8406104445457458, 3.346234083175659, 8.609776496887207, 10.959074974060059, 5.785892009735107, 9.475728988647461, 8.823382377624512, 19.3011417388916, 22.69335174560547, 41.7885856628418, 34.10818862915039, 30.39044761657715, 20.83968734741211, 33.714046478271484, 55.2204704284668, 50.32097244262695, 41.240760803222656, 41.1490364074707, 31.431278228759766, 35.5190315246582, 67.13304138183594, 55.92033004760742, 35.40864181518555, 30.466312408447266, 21.293298721313477, 19.761629104614258, 12.677693367004395, 8.600327491760254, 8.733226776123047, 7.432320594787598, 5.540452003479004, 3.803677558898926, 2.5493221282958984, 1.615441918373108, 0.7054961323738098, 0.29221075773239136, 0.06055091693997383, 0.004434338305145502, 0.00013284749002195895, 6.786365702282637e-05], "lowlevel.erbbands.stdev": [0.5835451483726501, 2.7420098781585693, 8.228184700012207, 12.815105438232422, 10.570079803466797, 23.998369216918945, 17.899538040161133, 48.808837890625, 43.322994232177734, 76.90324401855469, 73.84406280517578, 75.53903198242188, 54.264129638671875, 100.66411590576172, 130.31910705566406, 122.51485443115234, 99.00271606445312, 82.68069458007812, 58.43458938598633, 64.43222045898438, 130.00796508789062, 109.9515151977539, 49.30031204223633, 36.128868103027344, 19.96662712097168, 18.655244827270508, 9.593140602111816, 6.852939128875732, 8.291504859924316, 8.243620872497559, 5.1985249519348145, 4.581715106964111, 3.568230390548706, 2.8405258655548096, 1.3913246393203735, 0.7111237049102783, 0.1543453186750412, 0.010858791880309582, 0.00023575886734761298, 2.3423430320690386e-05], "lowlevel.gfcc.mean": [37.61018371582031, 79.83108520507812, -114.34092712402344, 57.752933502197266, -48.18992233276367, 33.495094299316406, -31.672407150268555, 23.375614166259766, -16.65984535217285, 8.29829216003418, -11.096704483032227, 0.5019510984420776, -11.695836067199707], "lowlevel.melbands.mean": [0.006249498575925827, 0.004328825976699591, 0.001662580412812531, 0.000579868268687278, 0.00031620479421690106, 0.00042425267747603357, 0.000363572733476758, 0.00047011880087666214, 0.00026056126807816327, 0.00018678947526495904, 9.934601257555187e-05, 0.00012899753346573561, 0.0001620675320737064, 0.00016309070633724332, 0.00010673174983821809, 8.59628853504546e-05, 7.737310806987807e-05, 5.192339449422434e-05, 4.054128658026457e-05, 6.381941784638911e-05, 8.049430471146479e-05, 6.084209599066526e-05, 4.20120450144168e-05, 2.434444468235597e-05, 2.5403473046026193e-05, 1.5216731299005914e-05, 1.5314368283725344e-05, 1.2525463716883678e-05, 8.57043414725922e-06, 5.845787654834567e-06, 4.6365903472178616e-06, 5.10138943354832e-06, 4.3206391637795605e-06, 4.094224550499348e-06, 3.2783721053419868e-06, 2.6562447601463646e-06, 2.2277451989793917e-06, 1.847198973337072e-06, 1.5345146948675392e-06, 1.3020886626691208e-06], "lowlevel.melbands.stdev": [0.0044450885616242886, 0.0032217814587056637, 0.001779348705895245, 0.0014640779700130224, 0.0005880565149709582, 0.001007620245218277, 0.0006694720941595733, 0.0009026936604641378, 0.0005807318957522511, 0.0004868587711825967, 0.0002749095729086548, 0.00041905714897438884, 0.0003792613570112735, 0.0003768197202589363, 0.0003380021662451327, 0.00023166192113421857, 0.0001835490547819063, 0.00012070334196323529, 8.166518819052726e-05, 0.00015902832092251629, 0.00016561176744289696, 0.0001368367811664939, 7.491863652830943e-05, 2.7751306333811954e-05, 3.392898361198604e-05, 1.776986027834937e-05, 1.6268289982690476e-05, 1.2653797966777347e-05, 7.004396138654556e-06, 4.90655065732426e-06, 3.925292276107939e-06, 5.056037934991764e-06, 4.547786829789402e-06, 4.73516593046952e-06, 3.0813237117399694e-06, 2.839975422830321e-06, 2.954988985948148e-06, 2.608242539281491e-06, 2.497041123206145e-06, 2.478519036230864e-06], "lowlevel.melbands128.mean": [0.001588730956427753, 0.007666366640478373, 0.007703994866460562, 0.0046103158965706825, 0.004132731817662716, 0.0043551987037062645, 0.002528116572648287, 0.0006942585459910333, 0.00042438326636329293, 0.00081291125388816, 0.0005173422978259623, 0.0002597241254989058, 0.00025979793281294405, 0.0003682048409245908, 0.00044874000013805926, 0.000478343601571396, 0.0003370999766048044, 0.0003199136699549854, 0.0004259090346749872, 0.0004908962291665375, 0.0005350407445803285, 0.0002903637941926718, 0.00023521383991464972, 0.0002056754456134513, 0.00019522549700923264, 0.00020217563724145293, 0.00010860247857635841, 9.051348024513572e-05, 7.126363925635815e-05, 0.0001336000714218244, 0.00015458544658031315, 0.00011934161011595279, 0.00012071392848156393, 0.0002485661825630814, 0.00018385666771791875, 0.00013976864283904433, 0.00012262082600500435, 0.00011141543654957786, 9.586107626091689e-05, 7.344014738919213e-05, 0.00011108628677902743, 5.5652963055763394e-05, 6.893941463204101e-05, 0.00010448086686665192, 5.731200872105546e-05, 3.9382492104778066e-05, 4.78282236144878e-05, 3.9140621083788574e-05, 3.8637019315501675e-05, 3.9441500121029094e-05, 6.709853914799169e-05, 8.865007112035528e-05, 8.724810322746634e-05, 7.248744805110618e-05, 7.263632141984999e-05, 6.272557948250324e-05, 4.973904287908226e-05, 4.3712087062885985e-05, 4.4184202124597505e-05, 2.8684722565230913e-05, 1.932676423166413e-05, 2.193416003137827e-05, 3.258474316680804e-05, 2.5600724256946705e-05, 1.6073645383585244e-05, 1.436888942407677e-05, 1.5057616110425442e-05, 1.464594515709905e-05, 1.571582288306672e-05, 1.5927776985336095e-05, 1.253576556337066e-05, 1.0769426808110438e-05, 1.054730273608584e-05, 7.970213118824176e-06, 6.626776666962542e-06, 6.42163104203064e-06, 5.234674972598441e-06, 4.614546924130991e-06, 4.593866378854727e-06, 4.374905529402895e-06, 5.527635494217975e-06, 5.2588288781407755e-06, 4.601474302035058e-06, 4.1852913454931695e-06, 4.0686363718123175e-06, 4.307066319597652e-06, 4.0382919905823655e-06, 3.807295342994621e-06, 3.1472875434701564e-06, 3.0445096399489557e-06, 2.854846115951659e-06, 2.6064340090670157e-06, 2.22800076699059e-06, 2.230952077297843e-06, 2.224024683528114e-06, 2.001042730626068e-06, 1.7729574892655364e-06, 1.6285549691019696e-06, 1.505002728663385e-06, 1.486781570747553e-06, 1.5316778672058717e-06, 1.2290219046917628e-06, 1.136508331001096e-06, 8.777757329880842e-07, 7.164866246966994e-07, 6.589597774109279e-07, 7.002050210758171e-07, 6.930761742296454e-07, 4.732007710117614e-07, 3.9038201293806196e-07, 3.153873251449113e-07, 2.245452890292654e-07, 1.8286860381522274e-07, 1.0876569689344251e-07, 5.99998983830119e-08, 3.6776391709736345e-08, 1.4362877998053136e-08, 1.2078337219278978e-09, 7.41682670141186e-12, 1.4050682492494637e-11, 1.0125142044237201e-11, 6.455765609592046e-12, 6.30314290345213e-12, 6.183476040227953e-12, 6.025593652508876e-12, 5.834101431123617e-12, 5.720118389368478e-12, 5.678714009443864e-12], "lowlevel.melbands128.stdev": [0.0011043476406484842, 0.005133577156811953, 0.006731750443577766, 0.004203103948384523, 0.004102553706616163, 0.004826645366847515, 0.003182489424943924, 0.0009672820451669395, 0.000906146306078881, 0.002452088985592127, 0.0014142972650006413, 0.0007050020503811538, 0.0006759977550245821, 0.000991470762528479, 0.001368140452541411, 0.0015208794502541423, 0.0009170097182504833, 0.0008419794612564147, 0.0010280132992193103, 0.0011149718193337321, 0.0014592730440199375, 0.0009080576710402966, 0.0007647775928489864, 0.0006783040007576346, 0.0006587920943275094, 0.0007206889567896724, 0.0004498851776588708, 0.00038445298559963703, 0.00031284752185456455, 0.0006489832303486764, 0.0005783685483038425, 0.0004498291527852416, 0.00039511360228061676, 0.0008057588129304349, 0.0005560640129260719, 0.0004547727876342833, 0.00048825726844370365, 0.0004936210461892188, 0.00045488550676964223, 0.0002373414026806131, 0.0004266744072083384, 0.00014759361511096358, 0.0001924204407259822, 0.0003643823438324034, 0.0002912564668804407, 9.561493789078668e-05, 0.00012445553147699684, 0.00011976371752098203, 0.00010353435209253803, 0.00011117576650576666, 0.00028902370831929147, 0.0002516945532988757, 0.0002471559855621308, 0.0001943713432410732, 0.00022804192849434912, 0.00020937906811013818, 0.0001497472549090162, 0.00010818296141223982, 0.00011028388689737767, 6.19002603343688e-05, 2.8937192837474868e-05, 2.9266027922858484e-05, 6.104497879277915e-05, 4.729066858999431e-05, 2.7589810997596942e-05, 2.4902908990043215e-05, 2.1107880456838757e-05, 1.9232840713812038e-05, 2.4488237613695674e-05, 2.1394160285126418e-05, 1.886038080556318e-05, 1.2558127309603151e-05, 1.1305564839858562e-05, 7.637064300070051e-06, 6.869696335343178e-06, 5.766596586909145e-06, 5.879604032088537e-06, 4.262263246346265e-06, 4.4560870264831465e-06, 4.4083558350394014e-06, 6.845956704637501e-06, 5.738999334425898e-06, 5.355779649107717e-06, 4.463298864720855e-06, 5.839449841005262e-06, 6.186928658280522e-06, 4.695990355685353e-06, 4.220787104713963e-06, 3.2205473416979657e-06, 3.145173423035885e-06, 3.2508489766769344e-06, 3.2429454677185277e-06, 2.780391696433071e-06, 3.648382289611618e-06, 3.1777765343576903e-06, 3.027077809747425e-06, 2.664867224666523e-06, 2.8210688469698653e-06, 2.8213150926603703e-06, 2.473379481671145e-06, 2.787986431940226e-06, 2.75786328529648e-06, 2.4604512418591185e-06, 1.7346167169307591e-06, 1.4560690715370583e-06, 1.4294945458459551e-06, 1.8391723415334127e-06, 1.8720826346907415e-06, 1.2398128319546231e-06, 1.0096051710206666e-06, 9.282612154493108e-07, 5.948680836809217e-07, 5.463953698381374e-07, 3.3841976687654096e-07, 1.6049884266067238e-07, 1.2167642182703275e-07, 4.646020812515417e-08, 5.300570204980204e-09, 2.1667561841964833e-11, 2.953192135279892e-10, 1.4362612488216797e-10, 1.1682314837724306e-11, 1.1461645001153986e-11, 1.1075132130833332e-11, 9.74478917697974e-12, 8.318597546908002e-12, 8.011239241434431e-12, 7.96480589815296e-12], "lowlevel.mfcc.mean": [-597.1441040039062, 96.6176528930664, 4.389459609985352, 31.25450897216797, 16.250131607055664, 14.073945999145508, 8.503331184387207, 13.641538619995117, 6.700647354125977, 8.174962997436523, 6.025277137756348, 8.489710807800293, 7.155955791473389], "lowlevel.spectral_contrast_coeffs.mean": [-0.7255117893218994, -0.7342954874038696, -0.7806044816970825, -0.788313627243042, -0.7963955402374268, -0.7612923979759216], "lowlevel.spectral_contrast_coeffs.stdev": [0.06816235184669495, 0.09561406075954437, 0.07476131618022919, 0.059348296374082565, 0.0392315648496151, 0.03148482367396355], "lowlevel.spectral_contrast_valleys.mean": [-6.340641021728516, -6.779399871826172, -7.127731800079346, -7.146483421325684, -6.909725666046143, -9.523457527160645], "lowlevel.spectral_contrast_valleys.stdev": [1.4146950244903564, 1.33106529712677, 1.2832452058792114, 1.2674214839935303, 1.2404067516326904, 1.1348047256469727], "rhythm.beats_loudness_band_ratio.mean": [0.47256338596343994, 0.22961311042308807, 0.11801508069038391, 0.09703653305768967, 0.08898915350437164, 0.04550448805093765], "rhythm.beats_loudness_band_ratio.stdev": [0.1759261190891266, 0.1787889450788498, 0.10936012119054794, 0.10197160392999649, 0.08197058737277985, 0.030675647780299187], "tonal.hpcp.mean": [0.2068476676940918, 0.18662646412849426, 0.1282476931810379, 0.10348362475633621, 0.09402651339769363, 0.07417243719100952, 0.06997581571340561, 0.07347183674573898, 0.10613621771335602, 0.17652776837348938, 0.1935170739889145, 0.1328071504831314, 0.08754533529281616, 0.08371029794216156, 0.0863984003663063, 0.08896560221910477, 0.09023378789424896, 0.0757964700460434, 0.06553786247968674, 0.06889855116605759, 0.06789180636405945, 0.0558820441365242, 0.048277925699949265, 0.05653970688581467, 0.09139189124107361, 0.13281957805156708, 0.152466282248497, 0.1742231249809265, 0.18290846049785614, 0.163138285279274, 0.17696580290794373, 0.20657463371753693, 0.21110284328460693, 0.19473272562026978, 0.1774737536907196, 0.18857447803020477], "tonal.hpcp.stdev": [0.31935080885887146, 0.30809611082077026, 0.2514975070953369, 0.21416208148002625, 0.2037346214056015, 0.17587406933307648, 0.1674358993768692, 0.1717642843723297, 0.19883587956428528, 0.269364595413208, 0.2875894010066986, 0.22048646211624146, 0.16999654471874237, 0.1661001592874527, 0.18008892238140106, 0.17465630173683167, 0.17630012333393097, 0.16453935205936432, 0.14030031859874725, 0.15206864476203918, 0.1592697948217392, 0.13303200900554657, 0.12162023782730103, 0.1307637095451355, 0.18699073791503906, 0.24548056721687317, 0.26939114928245544, 0.2967842221260071, 0.3031812012195587, 0.28091827034950256, 0.27682971954345703, 0.2998403012752533, 0.3085812032222748, 0.30921146273612976, 0.29529762268066406, 0.30108368396759033], "rhythm.beats_position": [0.7082086205482483, 1.404807209968567, 2.0897958278656006, 2.763174533843994, 3.4365532398223877, 4.109931945800781, 4.783310413360596, 5.456689357757568, 6.118457794189453, 6.780226707458496, 7.4536051750183105, 8.115373611450195, 8.788752555847168, 9.450521469116211, 10.123900413513184, 10.79727840423584, 11.470657348632812, 12.144036293029785, 12.817414283752441, 13.490793228149414, 14.152562141418457, 14.83755111694336, 15.499319076538086, 16.161088943481445, 16.8344669342041, 17.507844924926758, 18.181224822998047, 18.831382751464844, 19.5047607421875, 20.17814064025879, 20.851518630981445, 21.53650665283203, 22.19827651977539, 22.871654510498047, 23.533424377441406, 24.195192337036133, 24.86857032775879, 25.541950225830078, 26.215328216552734, 26.88870620727539, 27.55047607421875, 28.212244033813477, 28.885623931884766, 29.559001922607422, 30.232379913330078, 30.905759811401367, 31.579137802124023, 32.25251770019531, 32.914283752441406, 33.576053619384766, 34.24943161010742, 34.92280960083008, 35.58457946777344, 36.2463493347168, 36.91972732543945, 37.59310531616211, 38.266483306884766, 38.928253173828125, 39.60163116455078], "rhythm.bpm_histogram": [0.0, 0.0, 0.0, 0.0, 0.0, 0.0, 0.0, 0.0, 0.0, 0.0, 0.0, 0.0, 0.0, 0.0, 0.0, 0.0, 0.0, 0.0, 0.0, 0.0, 0.0, 0.0, 0.0, 0.0, 0.0, 0.0, 0.0, 0.0, 0.0, 0.0, 0.0, 0.0, 0.0, 0.0, 0.0, 0.0, 0.0, 0.0, 0.0, 0.0, 0.0, 0.0, 0.0, 0.0, 0.0, 0.0, 0.0, 0.0, 0.0, 0.0, 0.0, 0.0, 0.0, 0.0, 0.0, 0.0, 0.0, 0.0, 0.0, 0.0, 0.0, 0.0, 0.0, 0.0, 0.0, 0.0, 0.0, 0.0, 0.0, 0.0, 0.0, 0.0, 0.0, 0.0, 0.0, 0.0, 0.0, 0.0, 0.0, 0.0, 0.0, 0.0, 0.0, 0.0, 0.0, 0.0, 0.017241379246115685, 0.0, 0.0517241396009922, 0.6206896305084229, 0.0, 0.2931034564971924, 0.017241379246115685, 0.0, 0.0, 0.0, 0.0, 0.0, 0.0, 0.0, 0.0, 0.0, 0.0, 0.0, 0.0, 0.0, 0.0, 0.0, 0.0, 0.0, 0.0, 0.0, 0.0, 0.0, 0.0, 0.0, 0.0, 0.0, 0.0, 0.0, 0.0, 0.0, 0.0, 0.0, 0.0, 0.0, 0.0, 0.0, 0.0, 0.0, 0.0, 0.0, 0.0, 0.0, 0.0, 0.0, 0.0, 0.0, 0.0, 0.0, 0.0, 0.0, 0.0, 0.0, 0.0, 0.0, 0.0, 0.0, 0.0, 0.0, 0.0, 0.0, 0.0, 0.0, 0.0, 0.0, 0.0, 0.0, 0.0, 0.0, 0.0, 0.0, 0.0, 0.0, 0.0, 0.0, 0.0, 0.0, 0.0, 0.0, 0.0, 0.0, 0.0, 0.0, 0.0, 0.0, 0.0, 0.0, 0.0, 0.0, 0.0, 0.0, 0.0, 0.0, 0.0, 0.0, 0.0, 0.0, 0.0, 0.0, 0.0, 0.0, 0.0, 0.0, 0.0, 0.0, 0.0, 0.0, 0.0, 0.0, 0.0, 0.0, 0.0, 0.0, 0.0, 0.0, 0.0, 0.0, 0.0, 0.0, 0.0, 0.0, 0.0, 0.0, 0.0, 0.0, 0.0, 0.0, 0.0, 0.0, 0.0, 0.0, 0.0, 0.0, 0.0, 0.0, 0.0, 0.0, 0.0, 0.0, 0.0, 0.0, 0.0, 0.0, 0.0, 0.0, 0.0, 0.0, 0.0, 0.0, 0.0, 0.0, 0.0, 0.0, 0.0, 0.0, 0.0, 0.0, 0.0, 0.0], "tonal.chords_histogram": [20.023147583007812, 0.11574073880910873, 1.1574074029922485, 0.0, 2.0833332538604736, 14.583333015441895, 2.0833332538604736, 4.629629611968994, 0.0, 0.3472222089767456, 0.0, 10.185185432434082, 8.912036895751953, 0.6944444179534912, 0.0, 0.0, 0.0, 0.0, 0.0, 0.3472222089767456, 0.0, 1.2731481790542603, 27.77777862548828, 5.787036895751953], "tonal.thpcp": [1.0, 0.922454297542572, 0.8406980633735657, 0.8932825326919556, 0.9798431396484375, 0.8840547204017639, 0.607512891292572, 0.490204781293869, 0.4454061985015869, 0.3513568937778473, 0.3314773738384247, 0.34803810715675354, 0.502770185470581, 0.836216926574707, 0.9166957139968872, 0.629111111164093, 0.41470468044281006, 0.39653798937797546, 0.40927159786224365, 0.4214325249195099, 0.42743995785713196, 0.3590499758720398, 0.31045466661453247, 0.326374351978302, 0.3216053545475006, 0.264714777469635, 0.2286938726902008, 0.26783016324043274, 0.43292590975761414, 0.6291700005531311, 0.7222369909286499, 0.8252997398376465, 0.8664424419403076, 0.7727905511856079, 0.8382918834686279, 0.9785497188568115], "lowlevel.gfcc.cov": [[12170.0849609375, 1221.8360595703125, -482.6692810058594, 387.302978515625, -251.41041564941406, 225.0671844482422, -269.55853271484375, 179.91787719726562, -92.01658630371094, 101.91597747802734, -65.84384155273438, 21.801469802856445, -91.6269760131836], [1221.8360595703125, 532.4788208007812, -162.5585479736328, 38.51299285888672, -7.742892742156982, 4.763704776763916, 36.95634460449219, -18.922258377075195, 26.888933181762695, -34.95758056640625, 56.214412689208984, -61.36536407470703, 21.102298736572266], [-482.6692810058594, -162.5585479736328, 479.6424255371094, 5.10075569152832, 11.288138389587402, -36.286495208740234, -89.84576416015625, -58.57654571533203, -45.13728713989258, 36.06144332885742, -54.7087287902832, 77.95994567871094, -1.8397583961486816], [387.302978515625, 38.51299285888672, 5.10075569152832, 219.7414093017578, 47.853694915771484, 9.260041236877441, -6.446272850036621, 6.705866813659668, 19.44560432434082, -45.97279357910156, -7.737053871154785, -21.350122451782227, 22.885143280029297], [-251.41041564941406, -7.742892742156982, 11.288138389587402, 47.853694915771484, 140.85484313964844, 30.920751571655273, 33.5984001159668, 37.97698211669922, 49.341983795166016, 4.293519496917725, 3.169339895248413, -15.77232551574707, 1.5740000009536743], [225.0671844482422, 4.763704776763916, -36.286495208740234, 9.260041236877441, 30.920751571655273, 200.720947265625, 122.46200561523438, -6.816107273101807, -38.63945388793945, -36.607566833496094, 9.06600284576416, -52.317413330078125, -31.448322296142578], [-269.55853271484375, 36.95634460449219, -89.84576416015625, -6.446272850036621, 33.5984001159668, 122.46200561523438, 208.98431396484375, 37.696468353271484, 1.5237479209899902, -50.80546188354492, 21.406511306762695, -56.670372009277344, -22.72948455810547], [179.91787719726562, -18.922258377075195, -58.57654571533203, 6.705866813659668, 37.97698211669922, -6.816107273101807, 37.696468353271484, 153.95249938964844, 98.85061645507812, 22.961400985717773, -7.59419059753418, -6.923314094543457, 0.4502190053462982], [-92.01658630371094, 26.888933181762695, -45.13728713989258, 19.44560432434082, 49.341983795166016, -38.63945388793945, 1.5237479209899902, 98.85061645507812, 156.0734405517578, 51.2408561706543, -2.487107753753662, -31.866424560546875, 0.24629199504852295], [101.91597747802734, -34.95758056640625, 36.06144332885742, -45.97279357910156, 4.293519496917725, -36.607566833496094, -50.80546188354492, 22.961400985717773, 51.2408561706543, 119.00282287597656, 33.61235427856445, 35.96095275878906, -12.10580825805664], [-65.84384155273438, 56.214412689208984, -54.7087287902832, -7.737053871154785, 3.169339895248413, 9.06600284576416, 21.406511306762695, -7.59419059753418, -2.487107753753662, 33.61235427856445, 111.66951751708984, 40.001670837402344, 15.919845581054688], [21.801469802856445, -61.36536407470703, 77.95994567871094, -21.350122451782227, -15.77232551574707, -52.317413330078125, -56.670372009277344, -6.923314094543457, -31.866424560546875, 35.96095275878906, 40.001670837402344, 120.55866241455078, 44.01203918457031], [-91.6269760131836, 21.102298736572266, -1.8397583961486816, 22.885143280029297, 1.5740000009536743, -31.448322296142578, -22.72948455810547, 0.4502190053462982, 0.24629199504852295, -12.10580825805664, 15.919845581054688, 44.01203918457031, 85.20691680908203]], "lowlevel.gfcc.icov": [[0.000464471842860803, -0.0015798051608726382, 0.0006610359996557236, -0.0013718509580940008, 0.0009493096149526536, -0.001682750415056944, 0.0011913973139598966, -0.0016933208098635077, 0.0014901631511747837, -0.0018397510284557939, 0.002164958044886589, -0.001951935002580285, 0.001299651456065476], [-0.0015798051608726382, 0.007933163084089756, -0.0019338947022333741, 0.0045455885119736195, -0.0028761292342096567, 0.006094745360314846, -0.003927437122911215, 0.006374977063387632, -0.005685312207788229, 0.007022790610790253, -0.009351413697004318, 0.008648362010717392, -0.0054107047617435455], [0.0006610359996557236, -0.0019338947022333741, 0.0043317656964063644, -0.00252634659409523, 0.0005172784440219402, -0.002636558609083295, 0.001581275137141347, -0.0004950095899403095, 0.001886278041638434, -0.003888318780809641, 0.006180805619806051, -0.006154105998575687, 0.002869719173759222], [-0.0013718509580940008, 0.0045455885119736195, -0.00252634659409523, 0.010230295360088348, -0.004545122385025024, 0.004231156315654516, -0.0014780820347368717, 0.004729758482426405, -0.005855992436408997, 0.009319216012954712, -0.007952912710607052, 0.006937789265066385, -0.004933606367558241], [0.0009493096149526536, -0.0028761292342096567, 0.0005172784440219402, -0.004545122385025024, 0.011604851111769676, -0.005158006679266691, 0.0015243925154209137, -0.003746619913727045, -0.00037984337541274726, -0.003657397348433733, 0.0037148480769246817, -0.004015151411294937, 0.0021347387228161097], [-0.001682750415056944, 0.006094745360314846, -0.002636558609083295, 0.004231156315654516, -0.005158006679266691, 0.016015376895666122, -0.009194509126245975, 0.005463870242238045, -0.0005112457438372076, 0.004706474952399731, -0.008868821896612644, 0.011143818497657776, -0.0044165547005832195], [0.0011913973139598966, -0.003927437122911215, 0.001581275137141347, -0.0014780820347368717, 0.0015243925154209137, -0.009194509126245975, 0.014136958867311478, -0.007770749740302563, 0.0032806042581796646, 0.000908520130906254, 0.0008435760391876101, -0.0023206439800560474, 0.004236128646880388], [-0.0016933208098635077, 0.006374977063387632, -0.0004950095899403095, 0.004729758482426405, -0.003746619913727045, 0.005463870242238045, -0.007770749740302563, 0.020852571353316307, -0.01585128903388977, 0.0073014902882277966, -0.0037072785198688507, 0.00011436876957304776, -0.003061240538954735], [0.0014901631511747837, -0.005685312207788229, 0.001886278041638434, -0.005855992436408997, -0.00037984337541274726, -0.0005112457438372076, 0.0032806042581796646, -0.01585128903388977, 0.025718294084072113, -0.015727344900369644, 0.006369957234710455, 0.004462775774300098, -0.0004029034753330052], [-0.0018397510284557939, 0.007022790610790253, -0.003888318780809641, 0.009319216012954712, -0.003657397348433733, 0.004706474952399731, 0.000908520130906254, 0.0073014902882277966, -0.015727344900369644, 0.02787836454808712, -0.015750126913189888, 0.0027939060237258673, 0.001209703623317182], [0.002164958044886589, -0.009351413697004318, 0.006180805619806051, -0.007952912710607052, 0.0037148480769246817, -0.008868821896612644, 0.0008435760391876101, -0.0037072785198688507, 0.006369957234710455, -0.015750126913189888, 0.028442952781915665, -0.019004609435796738, 0.006062340922653675], [-0.001951935002580285, 0.008648362010717392, -0.006154105998575687, 0.006937789265066385, -0.004015151411294937, 0.011143818497657776, -0.0023206439800560474, 0.00011436876957304776, 0.004462775774300098, 0.0027939060237258673, -0.019004609435796738, 0.03410579636693001, -0.016351496800780296], [0.001299651456065476, -0.0054107047617435455, 0.002869719173759222, -0.004933606367558241, 0.0021347387228161097, -0.0044165547005832195, 0.004236128646880388, -0.003061240538954735, -0.0004029034753330052, 0.001209703623317182, 0.006062340922653675, -0.016351496800780296, 0.0228238757699728]], "lowlevel.mfcc.cov": [[5315.966796875, 593.3751220703125, -59.53229522705078, 143.21331787109375, 60.51789474487305, 28.45501136779785, 15.264561653137207, 55.193477630615234, -7.644039630889893, 34.32146072387695, 37.70188903808594, 52.080535888671875, 57.478424072265625], [593.3751220703125, 371.333984375, -25.10637092590332, 2.8290748596191406, -16.4564208984375, -1.6850334405899048, -1.8812743425369263, -18.87889289855957, -14.23459243774414, 1.1410216093063354, 16.99762535095215, 16.259035110473633, 14.385740280151367], [-59.53229522705078, -25.10637092590332, 302.41229248046875, 28.602083206176758, 26.979915618896484, 34.35717010498047, -28.85470962524414, -45.65616226196289, -42.029335021972656, -47.166236877441406, -42.259315490722656, -44.01820755004883, -38.32611083984375], [143.21331787109375, 2.8290748596191406, 28.602083206176758, 183.49493408203125, 71.7049789428711, -32.37070083618164, -47.586307525634766, -1.5160553455352783, 28.582481384277344, -22.05910301208496, -28.79522132873535, 23.24638557434082, 34.41547393798828], [60.51789474487305, -16.4564208984375, 26.979915618896484, 71.7049789428711, 145.9466552734375, -5.949905872344971, -47.649356842041016, -14.175688743591309, 34.35914993286133, 2.2346465587615967, -6.132599830627441, 27.972074508666992, 24.248355865478516], [28.45501136779785, -1.6850334405899048, 34.35717010498047, -32.37070083618164, -5.949905872344971, 153.54425048828125, 94.04780578613281, 23.46007537841797, -30.711334228515625, 11.52098274230957, 17.14910888671875, -33.91179656982422, -51.400489807128906], [15.264561653137207, -1.8812743425369263, -28.85470962524414, -47.586307525634766, -47.649356842041016, 94.04780578613281, 171.04393005371094, 86.00704956054688, -20.591873168945312, 15.84968376159668, 15.713678359985352, -24.643632888793945, -19.0432071685791], [55.193477630615234, -18.87889289855957, -45.65616226196289, -1.5160553455352783, -14.175688743591309, 23.46007537841797, 86.00704956054688, 128.98390197753906, 53.624778747558594, 33.35545349121094, 15.577629089355469, -3.0822219848632812, -3.7186951637268066], [-7.644039630889893, -14.23459243774414, -42.029335021972656, 28.582481384277344, 34.35914993286133, -30.711334228515625, -20.591873168945312, 53.624778747558594, 126.07794189453125, 67.52185821533203, 22.40247917175293, 16.593839645385742, 9.120637893676758], [34.32146072387695, 1.1410216093063354, -47.166236877441406, -22.05910301208496, 2.2346465587615967, 11.52098274230957, 15.84968376159668, 33.35545349121094, 67.52185821533203, 108.6082992553711, 61.36837387084961, 9.056310653686523, -10.341168403625488], [37.70188903808594, 16.99762535095215, -42.259315490722656, -28.79522132873535, -6.132599830627441, 17.14910888671875, 15.713678359985352, 15.577629089355469, 22.40247917175293, 61.36837387084961, 94.53781127929688, 40.80070114135742, -1.9688904285430908], [52.080535888671875, 16.259035110473633, -44.01820755004883, 23.24638557434082, 27.972074508666992, -33.91179656982422, -24.643632888793945, -3.0822219848632812, 16.593839645385742, 9.056310653686523, 40.80070114135742, 101.8681640625, 64.63603210449219], [57.478424072265625, 14.385740280151367, -38.32611083984375, 34.41547393798828, 24.248355865478516, -51.400489807128906, -19.0432071685791, -3.7186951637268066, 9.120637893676758, -10.341168403625488, -1.9688904285430908, 64.63603210449219, 109.65290832519531]], "lowlevel.mfcc.icov": [[0.000244744005613029, -0.00039624996134079993, 2.3609964046045206e-05, -0.00018477295816410333, -0.00010312320955563337, -9.43783888942562e-05, 0.0001788775116438046, -0.00034994803718291223, 0.00032659043790772557, -0.00023652285744901747, 3.098801971646026e-05, 2.2885662474436685e-05, -7.470446143997833e-05], [-0.00039624996134079993, 0.003451072610914707, 0.00017867452697828412, -5.2760038670385256e-05, 0.0006373237119987607, 2.7312176825944334e-05, -0.00041790440445765853, 0.001208825153298676, -0.0004066845867782831, 0.0004404894425533712, -0.0006665405235253274, -4.617651575244963e-05, -0.00023513476480729878], [2.3609964046045206e-05, 0.00017867452697828412, 0.00432279147207737, -0.0006061958847567439, -0.0006369290640577674, -0.0013407019432634115, 0.001071022474206984, 0.0004922505468130112, 0.000627465604338795, 0.00094881362747401, 0.0004075386677868664, 0.0011409923899918795, 0.0007524742395617068], [-0.00018477295816410333, -5.2760038670385256e-05, -0.0006061958847567439, 0.008112155832350254, -0.0027334040496498346, -9.244225793736405e-07, 0.00126763922162354, -0.0012298774672672153, -0.001585578080266714, 0.001643505529500544, 0.0018140579340979457, -0.0009904936887323856, -0.0009683961397968233], [-0.00010312320955563337, 0.0006373237119987607, -0.0006369290640577674, -0.0027334040496498346, 0.010623388923704624, -0.003326021134853363, 0.0024385659489780664, 0.0010821882169693708, -0.0030739179346710443, -0.00010586306598270312, 0.0013154190964996815, -0.0023741554468870163, -0.0011736101005226374], [-9.43783888942562e-05, 2.7312176825944334e-05, -0.0013407019432634115, -9.244225793736405e-07, -0.003326021134853363, 0.01445275079458952, -0.009340710006654263, 0.0027487666811794043, 0.0016945606330409646, -0.0008091538911685348, -0.0023434257600456476, 0.0006146073574200273, 0.004937312565743923], [0.0001788775116438046, -0.00041790440445765853, 0.001071022474206984, 0.00126763922162354, 0.0024385659489780664, -0.009340710006654263, 0.020031673833727837, -0.013710452243685722, 0.007547382265329361, -0.002695787698030472, 0.0005730780540034175, 0.0022081630304455757, -0.004139672499150038], [-0.00034994803718291223, 0.001208825153298676, 0.0004922505468130112, -0.0012298774672672153, 0.0010821882169693708, 0.0027487666811794043, -0.013710452243685722, 0.02128496952354908, -0.012115605175495148, 0.003541185287758708, -0.0010699713602662086, -0.0004954534233547747, 0.0015874181408435106], [0.00032659043790772557, -0.0004066845867782831, 0.000627465604338795, -0.001585578080266714, -0.0030739179346710443, 0.0016945606330409646, 0.007547382265329361, -0.012115605175495148, 0.02311517857015133, -0.014278186485171318, 0.00422194879502058, -0.0010365053312852979, 0.