{"song_id": "1183689928668880927", "download": "https://cdn.discordapp.com/attachments/1135911532732108921/1183689928668880927/chirp.mp4?ex=65894026&amp", "lyrics": "[Chorus]\nJe m'appelle Thierry, roi du rire d\u00e9faillant,\nMon humour, c'est du sol au plafond, c'est effrayant.\nFlops \u00e0 gogo, je suis un comique perdant,\nThierry le triste, sans g\u00e9nie, c'est d\u00e9primant!\"\n\n[Verse]\nMes blagues, c'est du vent, comme un ballon d\u00e9gonfl\u00e9,\nJe r\u00eave d'intelligence, mais je suis largu\u00e9.\nImagination, o\u00f9 es-tu pass\u00e9e ?\nThierry le nul, un talent bien \u00e9clips\u00e9.", "style": ["rap"], "essentia_features": {"lowlevel.average_loudness": 0.9778310656547546, "lowlevel.barkbands_crest.mean": 16.00196647644043, "lowlevel.barkbands_crest.stdev": 4.737785816192627, "lowlevel.barkbands_flatness_db.mean": 0.38970136642456055, "lowlevel.barkbands_flatness_db.stdev": 0.1197192594408989, "lowlevel.barkbands_kurtosis.mean": 104.97282409667969, "lowlevel.barkbands_kurtosis.stdev": 125.47979736328125, "lowlevel.barkbands_skewness.mean": 6.696782112121582, "lowlevel.barkbands_skewness.stdev": 4.297562122344971, "lowlevel.barkbands_spread.mean": 6.244223117828369, "lowlevel.barkbands_spread.stdev": 11.806138038635254, "lowlevel.dissonance.mean": 0.43593910336494446, "lowlevel.dissonance.stdev": 0.06230245530605316, "lowlevel.dynamic_complexity": 2.042043447494507, "lowlevel.erbbands_crest.mean": 12.915949821472168, "lowlevel.erbbands_crest.stdev": 6.5583600997924805, "lowlevel.erbbands_flatness_db.mean": 0.19772273302078247, "lowlevel.erbbands_flatness_db.stdev": 0.07563463598489761, "lowlevel.erbbands_kurtosis.mean": 11.059922218322754, "lowlevel.erbbands_kurtosis.stdev": 46.21088409423828, "lowlevel.erbbands_skewness.mean": 0.988444447517395, "lowlevel.erbbands_skewness.stdev": 2.5226032733917236, "lowlevel.erbbands_spread.mean": 58.3082160949707, "lowlevel.erbbands_spread.stdev": 42.230552673339844, "lowlevel.hfc.mean": 40.85432052612305, "lowlevel.hfc.stdev": 42.25679397583008, "lowlevel.loudness_ebu128.integrated": -15.868751525878906, "lowlevel.loudness_ebu128.loudness_range": 2.258146286010742, "lowlevel.loudness_ebu128.momentary.mean": -16.452707290649414, "lowlevel.loudness_ebu128.momentary.stdev": 2.5001792907714844, "lowlevel.loudness_ebu128.short_term.mean": -15.808725357055664, "lowlevel.loudness_ebu128.short_term.stdev": 0.70832759141922, "lowlevel.melbands_crest.mean": 32.92778015136719, "lowlevel.melbands_crest.stdev": 8.615696907043457, "lowlevel.melbands_flatness_db.mean": 0.47725623846054077, "lowlevel.melbands_flatness_db.stdev": 0.14577153325080872, "lowlevel.melbands_kurtosis.mean": 515.9368896484375, "lowlevel.melbands_kurtosis.stdev": 853.4627075195312, "lowlevel.melbands_skewness.mean": 14.2590913772583, "lowlevel.melbands_skewness.stdev": 11.049517631530762, "lowlevel.melbands_spread.mean": 6.383925914764404, "lowlevel.melbands_spread.stdev": 19.828052520751953, "lowlevel.pitch_salience.mean": 0.18695707619190216, "lowlevel.pitch_salience.stdev": 0.18464666604995728, "lowlevel.silence_rate_20dB.mean": 0.22942884266376495, "lowlevel.silence_rate_20dB.stdev": 0.42046722769737244, "lowlevel.silence_rate_30dB.mean": 0.1655372679233551, "lowlevel.silence_rate_30dB.stdev": 0.3716653883457184, "lowlevel.silence_rate_60dB.mean": 0.028073571622371674, "lowlevel.silence_rate_60dB.stdev": 0.16518256068229675, "lowlevel.spectral_centroid.mean": 1148.7412109375, "lowlevel.spectral_centroid.stdev": 1089.8927001953125, "lowlevel.spectral_complexity.mean": 9.283639907836914, "lowlevel.spectral_complexity.stdev": 8.527946472167969, "lowlevel.spectral_decrease.mean": -1.1009331046807347e-07, "lowlevel.spectral_decrease.stdev": 5.4829460083283266e-08, "lowlevel.spectral_energy.mean": 0.41922277212142944, "lowlevel.spectral_energy.stdev": 0.2075529247522354, "lowlevel.spectral_energyband_high.mean": 0.002531922422349453, "lowlevel.spectral_energyband_high.stdev": 0.005421782843768597, "lowlevel.spectral_energyband_low.mean": 0.3867916762828827, "lowlevel.spectral_energyband_low.stdev": 0.19723105430603027, "lowlevel.spectral_energyband_middle_high.mean": 0.0017288075760006905, "lowlevel.spectral_energyband_middle_high.stdev": 0.0033349269069731236, "lowlevel.spectral_energyband_middle_low.mean": 0.010735960677266121, "lowlevel.spectral_energyband_middle_low.stdev": 0.01707199215888977, "lowlevel.spectral_entropy.mean": 7.1253485679626465, "lowlevel.spectral_entropy.stdev": 0.9578011631965637, "lowlevel.spectral_flux.mean": 0.17338503897190094, "lowlevel.spectral_flux.stdev": 0.11734236031770706, "lowlevel.spectral_kurtosis.mean": 6.835816383361816, "lowlevel.spectral_kurtosis.stdev": 12.766414642333984, "lowlevel.spectral_rms.mean": 0.018818678334355354, "lowlevel.spectral_rms.stdev": 0.0074064359068870544, "lowlevel.spectral_rolloff.mean": 495.07244873046875, "lowlevel.spectral_rolloff.stdev": 1668.9014892578125, "lowlevel.spectral_skewness.mean": 1.6618280410766602, "lowlevel.spectral_skewness.stdev": 1.299163818359375, "lowlevel.spectral_spread.mean": 5340087.0, "lowlevel.spectral_spread.stdev": 2503518.0, "lowlevel.spectral_strongpeak.mean": 1.039687991142273, "lowlevel.spectral_strongpeak.stdev": 0.613706111907959, "lowlevel.zerocrossingrate.mean": 0.021667303517460823, "lowlevel.zerocrossingrate.stdev": 0.04209626093506813, "metadata.audio_properties.analysis.equal_loudness": 0.0, "metadata.audio_properties.analysis.length": 23.957324981689453, "metadata.audio_properties.analysis.sample_rate": 44100.0, "metadata.audio_properties.analysis.start_time": 0.0, "metadata.audio_properties.bit_rate": 126400.0, "metadata.audio_properties.length": 23.957332611083984, "metadata.audio_properties.lossless": 0.0, "metadata.audio_properties.number_channels": 1.0, "metadata.audio_properties.replay_gain": -5.566928863525391, "metadata.audio_properties.sample_rate": 48000.0, "rhythm.beats_count": 61.0, "rhythm.beats_loudness.mean": 0.39112791419029236, "rhythm.beats_loudness.stdev": 0.1555456817150116, "rhythm.bpm": 153.8156280517578, "rhythm.bpm_histogram_first_peak_bpm": 152.0, "rhythm.bpm_histogram_first_peak_weight": 0.06896549463272095, "rhythm.bpm_histogram_second_peak_bpm": 157.0, "rhythm.bpm_histogram_second_peak_spread": 0.21428567171096802, "rhythm.bpm_histogram_second_peak_weight": 0.36666667461395264, "rhythm.danceability": 1.0273884534835815, "rhythm.onset_rate": 5.714380264282227, "tonal.chords_changes_rate": 0.07350096851587296, "tonal.chords_number_rate": 0.013539651408791542, "tonal.chords_strength.mean": 0.51337730884552, "tonal.chords_strength.stdev": 0.0862777978181839, "tonal.hpcp_crest.mean": 12.578492164611816, "tonal.hpcp_crest.stdev": 5.669673919677734, "tonal.hpcp_entropy.mean": 2.1891419887542725, "tonal.hpcp_entropy.stdev": 0.7746861577033997, "tonal.key_edma.strength": 0.5222023129463196, "tonal.key_krumhansl.strength": 0.5146823525428772, "tonal.key_temperley.strength": 0.49889740347862244, "tonal.tuning_diatonic_strength": 0.5439257621765137, "tonal.tuning_equal_tempered_deviation": 0.23281697928905487, "tonal.tuning_frequency": 434.193115234375, "tonal.tuning_nontempered_energy_ratio": 0.9244403839111328, "lowlevel.barkbands.mean": [0.15481087565422058, 0.24189640581607819, 0.00754723371937871, 0.002008254174143076, 0.002914873883128166, 0.0015644633676856756, 0.0028855218552052975, 0.0009521064930595458, 0.0003652539162430912, 0.0002157406124752015, 0.00013086812396068126, 0.0002582207089290023, 0.00019565860566217452, 0.000188613950740546, 0.00013044745719525963, 0.00010310959623893723, 0.00014017730427440256, 0.00017571818898431957, 0.0001389341923641041, 0.00012493196118157357, 0.0001842368219513446, 0.0002559528511483222, 0.0013967723352834582, 0.0004720679426100105, 0.00012393033830448985, 4.281104338588193e-05, 1.4955406868466525e-07], "lowlevel.barkbands.stdev": [0.12263742089271545, 0.13998836278915405, 0.026774710044264793, 0.006512760650366545, 0.006348918192088604, 0.003400694578886032, 0.006055549718439579, 0.0027396639343351126, 0.0012465707259252667, 0.0007641667034476995, 0.00036530036595650017, 0.0010653003118932247, 0.0006324205314740539, 0.000791465281508863, 0.0003690950106829405, 0.0003009944630321115, 0.00027550442609936, 0.0004475827154237777, 0.00027944601606577635, 0.00025206670397892594, 0.0004890505806542933, 0.0007039416814222932, 0.003454906400293112, 0.0010626409202814102, 0.0002850480086635798, 0.00011392783926567063, 7.550482905571698e-07], "lowlevel.erbbands.mean": [16.105165481567383, 19.472537994384766, 11.568613052368164, 7.773329257965088, 4.137951850891113, 10.310748100280762, 18.74476432800293, 12.255929946899414, 37.68830871582031, 35.87309265136719, 17.339332580566406, 9.734419822692871, 6.019686222076416, 6.595552444458008, 6.31880521774292, 11.068316459655762, 9.518281936645508, 9.647200584411621, 7.1794867515563965, 6.871581077575684, 5.733949184417725, 8.605905532836914, 10.118943214416504, 6.372513771057129, 7.645602226257324, 5.941332817077637, 6.531147003173828, 7.221493721008301, 9.309343338012695, 22.151025772094727, 40.10311508178711, 17.535184860229492, 4.860960960388184, 1.793564796447754, 0.6986015439033508, 0.2550993859767914, 0.07248307764530182, 0.005086247343569994, 0.0003083264746237546, 0.0004659613477997482], "lowlevel.erbbands.stdev": [9.159042358398438, 23.33741569519043, 32.83065414428711, 24.061382293701172, 16.466684341430664, 23.61843490600586, 34.93993377685547, 27.549135208129883, 88.7302474975586, 77.63911437988281, 54.42378234863281, 32.47818374633789, 17.296550750732422, 25.712818145751953, 18.915468215942383, 46.026939392089844, 29.578672409057617, 37.59324264526367, 20.630891799926758, 20.676258087158203, 14.41472053527832, 16.87904167175293, 24.927047729492188, 14.823868751525879, 14.060133934020996, 12.193631172180176, 17.5201473236084, 18.207408905029297, 26.030494689941406, 52.108543395996094, 101.74654388427734, 41.95297622680664, 10.725893020629883, 3.9762091636657715, 1.781370759010315, 0.6773136258125305, 0.19173327088356018, 0.01526524219661951, 0.0003226666885893792, 0.0002246000076411292], "lowlevel.gfcc.mean": [-49.55181884765625, 91.66419982910156, -53.045413970947266, 62.163848876953125, -41.12971115112305, 14.576253890991211, -29.48330307006836, 19.134906768798828, 3.3524980545043945, 10.306526184082031, 12.560673713684082, -1.1967511177062988, -5.103006362915039], "lowlevel.melbands.mean": [0.11000454425811768, 0.010468660853803158, 0.0012172572314739227, 0.0004378451267257333, 0.000683260674122721, 0.0003078990848734975, 0.000570489966776222, 0.0003505659115035087, 0.00011828015703940764, 5.5550059187226e-05, 2.9113141863490455e-05, 2.766470061033033e-05, 1.899583003250882e-05, 2.6102932679350488e-05, 2.9428127163555473e-05, 1.7080064935726114e-05, 1.851123306551017e-05, 1.1966624697379302e-05, 9.658267117629293e-06, 8.10645451565506e-06, 6.283944003371289e-06, 8.300027730001602e-06, 1.0903851034527179e-05, 7.085415745677892e-06, 4.787757916346891e-06, 5.690944817615673e-06, 5.183511348150205e-06, 3.5694010875886306e-06, 3.2915997962845722e-06, 5.4709385040041525e-06, 3.6397118492459413e-06, 4.773110958922189e-06, 5.6649482758075465e-06, 1.7116693925345317e-05, 2.4226434106822126e-05, 2.0447621864150278e-05, 7.3321980380569585e-06, 3.692763584695058e-06, 1.8493133211450186e-06, 1.3659699789059232e-06], "lowlevel.melbands.stdev": [0.05974363908171654, 0.01848546974360943, 0.003800324397161603, 0.001303981407545507, 0.0012007495388388634, 0.0006803947617299855, 0.0012903552269563079, 0.0007677155081182718, 0.0004013597499579191, 0.00019508892728481442, 8.696762233739719e-05, 0.00011054094647988677, 5.378899004426785e-05, 0.00010838003072421998, 0.00011940547847189009, 5.010668610339053e-05, 8.018093649297953e-05, 3.7621299270540476e-05, 2.7741652957047336e-05, 2.5090068447752856e-05, 1.6127252820297144e-05, 1.7074393326765858e-05, 2.626923014759086e-05, 1.8942451788461767e-05, 1.163099477707874e-05, 1.1919644748559222e-05, 1.0091063813888468e-05, 7.792907126713544e-06, 8.700581929588225e-06, 1.5969646483426914e-05, 9.344683348899707e-06, 1.3615786883747205e-05, 1.645942757022567e-05, 4.11490946135018e-05, 6.209628918441013e-05, 5.427585347206332e-05, 1.7301421394222416e-05, 8.383050953852944e-06, 4.410696874401765e-06, 3.103074277532869e-06], "lowlevel.melbands128.mean": [0.13598711788654327, 0.1777479648590088, 0.07778368890285492, 0.02089579775929451, 0.0069158440455794334, 0.0031814253889024258, 0.0016178269870579243, 0.0007976036285981536, 0.0003089694364462048, 0.0002501913986634463, 0.000566203729249537, 0.0010198274394497275, 0.0007458130712620914, 0.0002537476539146155, 0.00014424879918806255, 0.0003689470759127289, 0.0006950153619982302, 0.0005806630360893905, 0.00044998162775300443, 0.0004752021632157266, 0.00023617016267962754, 0.00017962497076950967, 0.00010042529902420938, 6.061287422198802e-05, 7.051395368762314e-05, 5.194771074457094e-05, 2.1495279725058936e-05, 2.5454506612732075e-05, 3.7767367757624015e-05, 3.067185389227234e-05, 2.5089115297305398e-05, 1.8492994058760814e-05, 1.737179081828799e-05, 1.9989638531114906e-05, 2.3016460545477457e-05, 2.653981209732592e-05, 3.3124488254543394e-05, 3.4726952435448766e-05, 2.3616785256308503e-05, 1.8567423467175104e-05, 1.608400998520665e-05, 1.3270517229102552e-05, 1.8507287677493878e-05, 2.3978953322512098e-05, 1.3531357581086922e-05, 9.295258678321261e-06, 1.0058477528218646e-05, 9.233513083017897e-06, 9.783786481420975e-06, 1.0096893674926832e-05, 7.495214958908036e-06, 6.70575082040159e-06, 6.48473906039726e-06, 5.607435014098883e-06, 6.703985036438098e-06, 9.39701476454502e-06, 8.440704732493032e-06, 1.0300273061147891e-05, 1.3175318599678576e-05, 9.609635526430793e-06, 6.493557975773001e-06, 5.5253626669582445e-06, 4.582334895530948e-06, 4.515286946116248e-06, 5.0061730689776596e-06, 6.185175607242854e-06, 5.658053851220757e-06, 5.634364697471028e-06, 5.2022373893123586e-06, 4.530734713625861e-06, 3.438710336922668e-06, 3.3462160899944138e-06, 2.6891073048318503e-06, 3.1469239729631227e-06, 3.8531666177732404e-06, 6.455850780184846e-06, 6.109884907345986e-06, 3.328027105453657e-06, 3.4143938592023915e-06, 3.5661521451402223e-06, 4.201690444460837e-06, 5.672869065165287e-06, 5.5316108955594245e-06, 5.921207502979087e-06, 5.3291500989871565e-06, 7.370697403530357e-06, 2.1141670003999025e-05, 3.728081355802715e-05, 1.6462316125398502e-05, 1.9873281416948885e-05, 3.573260619305074e-05, 1.3469288205669727e-05, 1.205554508487694e-05, 6.388936981238658e-06, 5.3456719797395635e-06, 4.547606749838451e-06, 3.445673200985766e-06, 2.304044983247877e-06, 1.8228183762403205e-06, 1.630486053727509e-06, 1.5193030549198738e-06, 1.3706115851164213e-06, 1.1099333505626419e-06, 8.922114602682996e-07, 7.114201707736356e-07, 6.726642709509179e-07, 6.094298328207515e-07, 4.52561124575368e-07, 4.5597374764838605e-07, 3.488985385047272e-07, 3.250590623338212e-07, 2.291807703613813e-07, 2.868906392450299e-07, 1.5172355460890685e-07, 9.890752039609652e-08, 2.957480660370493e-08, 5.515740308936756e-09, 4.5041440022153267e-10, 2.6306271050380303e-10, 1.2563536322396374e-10, 9.608126794180549e-11, 8.808004325899788e-11, 8.54114348691759e-11, 8.39882052794394e-11, 8.265020612352458e-11, 8.13907621854959e-11, 8.056448563831253e-11, 8.011076524372385e-11], "lowlevel.melbands128.stdev": [0.10487259179353714, 0.1046098843216896, 0.060450479388237, 0.03550728037953377, 0.020993415266275406, 0.011488203890621662, 0.005294265225529671, 0.002706883940845728, 0.0015265726251527667, 0.0013379728188738227, 0.0014111083000898361, 0.0018877489492297173, 0.001534662558697164, 0.0008658476290293038, 0.0005617007263936102, 0.001050127437338233, 0.001818489283323288, 0.001899681519716978, 0.0013876216253265738, 0.0012029752833768725, 0.0007192975026555359, 0.0006645538378506899, 0.00048283496289514005, 0.00025704895961098373, 0.00027334410697221756, 0.00023933999182190746, 8.392583549721166e-05, 8.396829798584804e-05, 0.00015489113866351545, 0.00016287916514556855, 0.00013380125164985657, 5.1805865950882435e-05, 5.9702877479139715e-05, 6.92011381033808e-05, 9.247720299754292e-05, 0.00013757387932855636, 0.00017067506269086152, 0.00016244383004959673, 9.897148265736178e-05, 6.691587623208761e-05, 5.882142068003304e-05, 4.489139610086568e-05, 9.252617746824399e-05, 0.00012690547737292945, 5.1525446906453e-05, 3.620921779656783e-05, 3.2944080885499716e-05, 2.7994465199299157e-05, 3.211754665244371e-05, 4.0398801502306014e-05, 2.883196430047974e-05, 2.1382991690188646e-05, 2.0136318198638037e-05, 1.5649111446691677e-05, 1.6487716493429616e-05, 2.3302447516471148e-05, 1.8300279407412745e-05, 2.4834618670865893e-05, 3.952790575567633e-05, 2.8400936571415514e-05, 2.0321271222201176e-05, 1.6626951037324034e-05, 1.270255415874999e-05, 1.1937345334445126e-05, 1.2681362932198681e-05, 1.692927980911918e-05, 1.1343970982125029e-05, 1.1588333109102678e-05, 1.1590649592108093e-05, 1.1004707630490884e-05, 8.455287570541259e-06, 8.21003231976647e-06, 6.441676760005066e-06, 1.0058152838610113e-05, 1.3777464118902571e-05, 2.1611860574921593e-05, 1.7610384020372294e-05, 9.496829079580493e-06, 9.688287718745414e-06, 1.0293855666532181e-05, 1.2626466741494369e-05, 1.8699156498769298e-05, 1.8888786144088954e-05, 1.898357913887594e-05, 1.534426337457262e-05, 1.8665483366930857e-05, 5.305229569785297e-05, 0.00010521881631575525, 4.6882272727089e-05, 5.317591785569675e-05, 0.00010856721928576007, 3.307066435809247e-05, 3.11812327709049e-05, 1.6233334463322535e-05, 1.413052359566791e-05, 1.1288982022961136e-05, 8.118013283819892e-06, 6.109456535341451e-06, 4.985141003999161e-06, 3.944901436625514e-06, 3.4150966712331865e-06, 3.440426326051238e-06, 2.909583599830512e-06, 2.5001311314554187e-06, 2.326788262507762e-06, 1.837098466239695e-06, 1.5971104403433856e-06, 1.413276550010778e-06, 1.3436696235658019e-06, 1.0167086657020263e-06, 9.6539486094116e-07, 7.032360826997319e-07, 8.682251859681855e-07, 4.251076006767107e-07, 3.901213290191663e-07, 1.3064369852600066e-07, 2.8818249120377004e-08, 5.066405517339945e-09, 2.904708695794511e-09, 7.830043835532763e-10, 1.8608992125024315e-10, 1.0270678751922446e-10, 9.977461218335648e-11, 9.806683243240855e-11, 9.663238959012332e-11, 9.547901358430977e-11, 9.464500710931745e-11, 9.413067547647813e-11], "lowlevel.mfcc.mean": [-712.1885986328125, 119.08032989501953, 51.662757873535156, 51.27363586425781, 30.317039489746094, 7.526678562164307, 3.5259668827056885, 10.672035217285156, -5.657028675079346, 22.221385955810547, 7.163750648498535, 17.93326187133789, 12.128724098205566], "lowlevel.spectral_contrast_coeffs.mean": [-0.7104840278625488, -0.7037794589996338, -0.8249160051345825, -0.8145231604576111, -0.7980849742889404, -0.7793158888816833], "lowlevel.spectral_contrast_coeffs.stdev": [0.08040153980255127, 0.10359447449445724, 0.06472738087177277, 0.05676867067813873, 0.049264341592788696, 0.053904417902231216], "lowlevel.spectral_contrast_valleys.mean": [-6.600907802581787, -7.53079080581665, -8.708685874938965, -8.68505573272705, -8.262453079223633, -10.632104873657227], "lowlevel.spectral_contrast_valleys.stdev": [1.2500660419464111, 1.0387208461761475, 1.2916945219039917, 1.117984414100647, 1.1078572273254395, 1.5929802656173706], "rhythm.beats_loudness_band_ratio.mean": [0.9001661539077759, 0.027965998277068138, 0.03731553629040718, 0.014963646419346333, 0.008624734356999397, 0.01878713257610798], "rhythm.beats_loudness_band_ratio.stdev": [0.23599503934383392, 0.0762418732047081, 0.12753114104270935, 0.06616148352622986, 0.03551328182220459, 0.0698208287358284], "tonal.hpcp.mean": [0.035651519894599915, 0.027213135734200478, 0.021967269480228424, 0.01839909888803959, 0.02313491888344288, 0.029198693111538887, 0.11144840717315674, 0.1228533685207367, 0.07864947617053986, 0.4530322551727295, 0.5103728175163269, 0.13853669166564941, 0.050392650067806244, 0.035052672028541565, 0.021912943571805954, 0.017104903236031532, 0.017897244542837143, 0.019396046176552773, 0.021800145506858826, 0.01826660893857479, 0.015746239572763443, 0.02203775756061077, 0.02951604127883911, 0.048157915472984314, 0.05913138762116432, 0.038913581520318985, 0.02621263824403286, 0.02987813390791416, 0.036333948373794556, 0.03540937602519989, 0.03796979412436485, 0.04489555582404137, 0.041344400495290756, 0.03689887374639511, 0.03658080846071243, 0.04081790894269943], "tonal.hpcp.stdev": [0.15730386972427368, 0.12495177984237671, 0.1162629947066307, 0.1071167066693306, 0.12139976024627686, 0.13125649094581604, 0.27925026416778564, 0.3028509318828583, 0.17492999136447906, 0.43178513646125793, 0.4601838290691376, 0.2393137365579605, 0.1778564304113388, 0.14928677678108215, 0.10919533669948578, 0.10658182948827744, 0.10130657255649567, 0.10711079835891724, 0.12097291648387909, 0.1104685515165329, 0.09317006915807724, 0.11754089593887329, 0.13751232624053955, 0.18148787319660187, 0.2129276990890503, 0.15471991896629333, 0.13073177635669708, 0.13738086819648743, 0.15651802718639374, 0.15076926350593567, 0.13831642270088196, 0.15581999719142914, 0.16235442459583282, 0.15578818321228027, 0.15561075508594513, 0.16651651263237], "rhythm.beats_position": [0.40634921193122864, 0.8243083953857422, 1.2538775205612183, 1.6718367338180542, 2.078185796737671, 2.4845352172851562, 2.879274368286133, 3.250793695449829, 3.6455328464508057, 4.040272235870361, 4.423401355743408, 4.806530475616455, 5.201269626617432, 5.596008777618408, 5.979138374328613, 6.36226749420166, 6.745396614074707, 7.140135765075684, 7.523265361785889, 7.918004512786865, 8.30113410949707, 8.684263229370117, 9.079002380371094, 9.450521469116211, 9.845260620117188, 10.239999771118164, 10.623128890991211, 11.006258010864258, 11.400997161865234, 11.795736312866211, 12.178866386413574, 12.561995506286621, 12.956734657287598, 13.351473808288574, 13.734602928161621, 14.117732048034668, 14.512471199035645, 14.907210350036621, 15.278729438781738, 15.673469543457031, 16.04498863220215, 16.439727783203125, 16.822856903076172, 17.20598602294922, 17.600725173950195, 17.995464324951172, 18.37859344482422, 18.761722564697266, 19.156461715698242, 19.55120086669922, 19.934329986572266, 20.317459106445312, 20.71219825744629, 21.1069393157959, 21.478458404541016, 21.873197555541992, 22.26793670654297, 22.662675857543945, 23.034194946289062, 23.41732406616211, 23.800453186035156], "rhythm.bpm_histogram": [0.0, 0.0, 0.0, 0.0, 0.0, 0.0, 0.0, 0.0, 0.0, 0.0, 0.0, 0.0, 0.0, 0.0, 0.0, 0.0, 0.0, 0.0, 0.0, 0.0, 0.0, 0.0, 0.0, 0.0, 0.0, 0.0, 0.0, 0.0, 0.0, 0.0, 0.0, 0.0, 0.0, 0.0, 0.0, 0.0, 0.0, 0.0, 0.0, 0.0, 0.0, 0.0, 0.0, 0.0, 0.0, 0.0, 0.0, 0.0, 0.0, 0.0, 0.0, 0.0, 0.0, 0.0, 0.0, 0.0, 0.0, 0.0, 0.0, 0.0, 0.0, 0.0, 0.0, 0.0, 0.0, 0.0, 0.0, 0.0, 0.0, 0.0, 0.0, 0.0, 0.0, 0.0, 0.0, 0.0, 0.0, 0.0, 0.0, 0.0, 0.0, 0.0, 0.0, 0.0, 0.0, 0.0, 0.0, 0.0, 0.0, 0.0, 0.0, 0.0, 0.0, 0.0, 0.0, 0.0, 0.0, 0.0, 0.0, 0.0, 0.0, 0.0, 0.0, 0.0, 0.0, 0.0, 0.0, 0.0, 0.0, 0.0, 0.0, 0.0, 0.0, 0.0, 0.0, 0.0, 0.0, 0.0, 0.0, 0.0, 0.0, 0.0, 0.0, 0.0, 0.0, 0.0, 0.0, 0.0, 0.0, 0.0, 0.0, 0.0, 0.0, 0.0, 0.0, 0.0, 0.0, 0.0, 0.0, 0.0, 0.01666666753590107, 0.0, 0.0, 0.0, 0.03333333507180214, 0.0, 0.0, 0.0, 0.03333333507180214, 0.0, 0.0, 0.0, 0.44999998807907104, 0.0, 0.0, 0.0, 0.0, 0.36666667461395264, 0.0, 0.0, 0.0, 0.10000000149011612, 0.0, 0.0, 0.0, 0.0, 0.0, 0.0, 0.0, 0.0, 0.0, 0.0, 0.0, 0.0, 0.0, 0.0, 0.0, 0.0, 0.0, 0.0, 0.0, 0.0, 0.0, 0.0, 0.0, 0.0, 0.0, 0.0, 0.0, 0.0, 0.0, 0.0, 0.0, 0.0, 0.0, 0.0, 0.0, 0.0, 0.0, 0.0, 0.0, 0.0, 0.0, 0.0, 0.0, 0.0, 0.0, 0.0, 0.0, 0.0, 0.0, 0.0, 0.0, 0.0, 0.0, 0.0, 0.0, 0.0, 0.0, 0.0, 0.0, 0.0, 0.0, 0.0, 0.0, 0.0, 0.0, 0.0, 0.0, 0.0, 0.0, 0.0, 0.0, 0.0, 0.0, 0.0, 0.0, 0.0, 0.0, 0.0, 0.0, 0.0, 0.0, 0.0, 0.0, 0.0, 0.0, 0.0, 0.0, 0.0], "tonal.chords_histogram": [0.0, 2.707930326461792, 0.967117965221405, 0.0, 0.0, 0.0, 0.0, 0.0, 0.0, 0.0, 0.0, 0.0, 0.0, 2.5145068168640137, 45.841392517089844, 8.510638236999512, 10.058027267456055, 0.0, 0.0, 0.0, 0.0, 21.083171844482422, 0.0, 8.317214965820312], "tonal.thpcp": [1.0, 0.27144214510917664, 0.09873694181442261, 0.0686805248260498, 0.042935170233249664, 0.03351452574133873, 0.03506700322031975, 0.03800368309020996, 0.042714159935712814, 0.035790715366601944, 0.03085242584347725, 0.043179724365472794, 0.05783231556415558, 0.09435831010341644, 0.11585920304059982, 0.07624540477991104, 0.05135978385806084, 0.058541782200336456, 0.07119099795818329, 0.06937943398952484, 0.07439619302749634, 0.0879661962389946, 0.08100823312997818, 0.07229787856340408, 0.07167468219995499, 0.0799766480922699, 0.06985387951135635, 0.05332011356949806, 0.04304161295294762, 0.03605031222105026, 0.04532944783568382, 0.057210516184568405, 0.21836665272712708, 0.2407130002975464, 0.15410201251506805, 0.887649655342102], "lowlevel.gfcc.cov": [[8258.9443359375, -1359.169189453125, -323.123046875, 1170.828125, 47.85347366333008, 1164.1583251953125, -239.16456604003906, 76.35320281982422, -581.9658813476562, -123.13928985595703, -86.8833999633789, 593.5101318359375, 113.82482147216797], [-1359.169189453125, 3548.394287109375, 39.104957580566406, -1098.711181640625, 1029.0374755859375, -809.2091674804688, 539.3836669921875, 147.8480682373047, -92.44853973388672, -275.1421203613281, 484.7690734863281, -334.2772521972656, 323.035400390625], [-323.123046875, 39.104957580566406, 1642.139404296875, 833.6268310546875, 434.8140869140625, 380.7145690917969, 367.9449768066406, -10.07251262664795, 281.20855712890625, -36.37721633911133, 43.03847122192383, 112.2840805053711, 140.44769287109375], [1170.828125, -1098.711181640625, 833.6268310546875, 1499.9144287109375, 334.1231994628906, 537.1101684570312, 27.56978988647461, -89.33373260498047, 210.224853515625, -4.804010391235352, -69.31948852539062, 203.00314331054688, 103.7145767211914], [47.85347366333008, 1029.0374755859375, 434.8140869140625, 334.1231994628906, 1443.5897216796875, 6.520331859588623, 277.814453125, 97.0357894897461, 16.449993133544922, -67.114501953125, 235.71136474609375, 6.331449031829834, 299.2369689941406], [1164.1583251953125, -809.2091674804688, 380.7145690917969, 537.1101684570312, 6.520331859588623, 844.90771484375, 273.9808654785156, -131.40625, 24.477733612060547, 5.600912094116211, -100.20994567871094, 173.40631103515625, -26.20319938659668], [-239.16456604003906, 539.3836669921875, 367.9449768066406, 27.56978988647461, 277.814453125, 273.9808654785156, 733.9301147460938, 69.4660873413086, 36.5050163269043, -58.23168182373047, 101.87773895263672, -23.354549407958984, 88.64974975585938], [76.35320281982422, 147.8480682373047, -10.07251262664795, -89.33373260498047, 97.0357894897461, -131.40625, 69.4660873413086, 289.82696533203125, 2.6078572273254395, 18.236555099487305, 64.31134796142578, -12.087506294250488, 38.65293884277344], [-581.9658813476562, -92.44853973388672, 281.20855712890625, 210.224853515625, 16.449993133544922, 24.477733612060547, 36.5050163269043, 2.6078572273254395, 380.078857421875, 92.11074829101562, 56.904022216796875, 15.389342308044434, 18.259790420532227], [-123.13928985595703, -275.1421203613281, -36.37721633911133, -4.804010391235352, -67.114501953125, 5.600912094116211, -58.23168182373047, 18.236555099487305, 92.11074829101562, 187.9877471923828, 12.408601760864258, 9.0230073928833, -32.232791900634766], [-86.8833999633789, 484.7690734863281, 43.03847122192383, -69.31948852539062, 235.71136474609375, -100.20994567871094, 101.87773895263672, 64.31134796142578, 56.904022216796875, 12.408601760864258, 220.6066131591797, -2.6442418098449707, 87.8995590209961], [593.5101318359375, -334.2772521972656, 112.2840805053711, 203.00314331054688, 6.331449031829834, 173.40631103515625, -23.354549407958984, -12.087506294250488, 15.389342308044434, 9.0230073928833, -2.6442418098449707, 182.84950256347656, 31.512619018554688], [113.82482147216797, 323.035400390625, 140.44769287109375, 103.7145767211914, 299.2369689941406, -26.20319938659668, 88.64974975585938, 38.65293884277344, 18.259790420532227, -32.232791900634766, 87.8995590209961, 31.512619018554688, 185.71017456054688]], "lowlevel.gfcc.icov": [[0.0003917171561624855, -0.0004591631004586816, 0.00034199043875560164, -0.0006223180098459125, 0.0002934403601102531, -0.0008522452553734183, 0.0005041207186877728, -0.0006736174109391868, 0.0006890965159982443, -0.00031512268469668925, 4.110004283575108e-06, -0.0008499416289851069, -2.6167554096900858e-05], [-0.0004591631004586816, 0.0023751629050821066, -0.0008480448741465807, 0.002054091775789857, -0.0011608427157625556, 0.001975143328309059, -0.0013296318938955665, 0.0015956290299072862, -0.0009379413677379489, 0.0023296389263123274, -0.001786811277270317, 0.0022771041840314865, -0.0009482146706432104], [0.00034199043875560164, -0.0008480448741465807, 0.0015031654620543122, -0.0013212149497121572, 0.0003317450173199177, -0.0009662866941653192, 0.0001629005855647847, -0.0007720658322796226, 4.134336631977931e-05, -0.0004677004471886903, 0.0005996981053613126, -0.0012342148693278432, 0.00011898068623850122], [-0.0006223180098459125, 0.002054091775789857, -0.0013212149497121572, 0.0033643189817667007, -0.001319119706749916, 0.0013102567754685879, -0.0007588446605950594, 0.0016052450519055128, -0.0017285140929743648, 0.0021346535068005323, -0.0007459837943315506, 0.0018929977668449283, -0.0011604302562773228], [0.0002934403601102531, -0.0011608427157625556, 0.0003317450173199177, -0.001319119706749916, 0.0018282408127561212, -0.0011215533595532179, 0.0006274471525102854, -0.0009664749959483743, 0.0009432098595425487, -0.0011037973454222083, -6.601156201213598e-05, -0.0006472977111116052, -0.001020518597215414], [-0.0008522452553734183, 0.001975143328309059, -0.0009662866941653192, 0.0013102567754685879, -0.0011215533595532179, 0.00533682107925415, -0.0030913599766790867, 0.002964790677651763, -0.0011617742711678147, 0.0010560414521023631, 5.9127440181327984e-05, 0.00021403341088443995, 0.0007377021829597652], [0.0005041207186877728, -0.0013296318938955665, 0.0001629005855647847, -0.0007588446605950594, 0.0006274471525102854, -0.0030913599766790867, 0.00357846450060606, -0.0020144011359661818, 0.0007546191336587071, -0.0004041493812110275, -0.0002926516463048756, -6.50715155643411e-05, -0.00042645446956157684], [-0.0006736174109391868, 0.0015956290299072862, -0.0007720658322796226, 0.0016052450519055128, -0.0009664749959483743, 0.002964790677651763, -0.0020144011359661818, 0.005755237303674221, -0.0009630734566599131, 0.0005766548565588892, -0.0010765984188765287, 0.0012540557654574513, -0.00044437358155846596], [0.0006890965159982443, -0.0009379413677379489, 4.134336631977931e-05, -0.0017285140929743648, 0.0009432098595425487, -0.0011617742711678147, 0.0007546191336587071, -0.0009630734566599131, 0.005206034518778324, -0.002673225710168481, -0.0010441801277920604, -0.0012834903318434954, 3.5880333598470315e-05], [-0.00031512268469668925, 0.0023296389263123274, -0.0004677004471886903, 0.0021346535068005323, -0.0011037973454222083, 0.0010560414521023631, -0.0004041493812110275, 0.0005766548565588892, -0.002673225710168481, 0.009291140362620354, -0.002656655851751566, 0.0019317639525979757, 0.00010795600974233821], [4.110004283575108e-06, -0.001786811277270317, 0.0005996981053613126, -0.0007459837943315506, -6.601156201213598e-05, 5.9127440181327984e-05, -0.0002926516463048756, -0.0010765984188765287, -0.0010441801277920604, -0.002656655851751566, 0.009374295361340046, -0.0024853034410625696, -0.000826581846922636], [-0.0008499416289851069, 0.0022771041840314865, -0.0012342148693278432, 0.0018929977668449283, -0.0006472977111116052, 0.00021403341088443995, -6.50715155643411e-05, 0.0012540557654574513, -0.0012834903318434954, 0.0019317639525979757, -0.0024853034410625696, 0.011438857764005661, -0.0030237389728426933], [-2.6167554096900858e-05, -0.0009482146706432104, 0.00011898068623850122, -0.0011604302562773228, -0.001020518597215414, 0.0007377021829597652, -0.00042645446956157684, -0.00044437358155846596, 3.5880333598470315e-05, 0.00010795600974233821, -0.000826581846922636, -0.0030237389728426933, 0.010572299361228943]], "lowlevel.mfcc.cov": [[9481.9658203125, -2281.713134765625, -37.7667350769043, -191.76754760742188, 237.8435821533203, 574.6993408203125, 325.3643493652344, 482.9606628417969, -173.51498413085938, -189.71189880371094, -437.9934997558594, -144.79833984375, -208.57376098632812], [-2281.713134765625, 4791.62548828125, -1101.323974609375, -62.19614791870117, 153.59341430664062, -925.447998046875, 788.107421875, -108.38188171386719, -76.4277572631836, 119.63164520263672, -167.6043243408203, 124.44425964355469, 31.45478630065918], [-37.7667350769043, -1101.323974609375, 1618.7950439453125, 355.7977600097656, -15.192753791809082, 641.4122314453125, -122.3890151977539, 312.95220947265625, 198.47117614746094, 21.17639923095703, 111.91849517822266, 17.13676643371582, 43.88859558105469], [-191.76754760742188, -62.19614791870117, 355.7977600097656, 924.0182495117188, 585.380859375, 189.21580505371094, 112.75822448730469, 158.91978454589844, 148.41610717773438, 105.62541198730469, -1.4752745628356934, -30.347454071044922, 45.2005615234375], [237.8435821533203, 153.59341430664062, -15.192753791809082, 585.380859375, 951.51171875, 125.89694213867188, 99.60197448730469, 57.16488265991211, 56.00827407836914, 82.5509033203125, -82.0692367553711, -27.933916091918945, 48.88142013549805], [574.6993408203125, -925.447998046875, 641.4122314453125, 189.21580505371094, 125.89694213867188, 1013.6251220703125, 103.26606750488281, 301.3827209472656, 199.37225341796875, -41.379878997802734, 192.06497192382812, -40.07784652709961, -49.01896286010742], [325.3643493652344, 788.107421875, -122.3890151977539, 112.75822448730469, 99.60197448730469, 103.26606750488281, 665.0641479492188, 230.74986267089844, 110.6231460571289, 54.241241455078125, -14.719780921936035, 19.035194396972656, -56.390869140625], [482.9606628417969, -108.38188171386719, 312.95220947265625, 158.91978454589844, 57.16488265991211, 301.3827209472656, 230.74986267089844, 373.42120361328125, 142.25729370117188, 19.881528854370117, 53.37392807006836, -8.073640823364258, -9.774806022644043], [-173.51498413085938, -76.4277572631836, 198.47117614746094, 148.41610717773438, 56.00827407836914, 199.37225341796875, 110.6231460571289, 142.25729370117188, 242.00677490234375, 48.499603271484375, 85.66864013671875, 19.060203552246094, 13.216034889221191], [-189.71189880371094, 119.63164520263672, 21.17639923095703, 105.62541198730469, 82.5509033203125, -41.379878997802734, 54.241241455078125, 19.881528854370117, 48.499603271484375, 174.0941162109375, 41.87345504760742, 25.87643051147461, 20.07543182373047], [-437.9934997558594, -167.6043243408203, 111.91849517822266, -1.4752745628356934, -82.0692367553711, 192.06497192382812, -14.719780921936035, 53.37392807006836, 85.66864013671875, 41.87345504760742, 263.4850158691406, 63.9047966003418, 15.355940818786621], [-144.79833984375, 124.44425964355469, 17.13676643371582, -30.347454071044922, -27.933916091918945, -40.07784652709961, 19.035194396972656, -8.073640823364258, 19.060203552246094, 25.87643051147461, 63.9047966003418, 166.92945861816406, 78.72217559814453], [-208.57376098632812, 31.45478630065918, 43.88859558105469, 45.2005615234375, 48.88142013549805, -49.01896286010742, -56.390869140625, -9.774806022644043, 13.216034889221191, 20.07543182373047, 15.355940818786621, 78.72217559814453, 138.908447265625]], "lowlevel.mfcc.icov": [[0.0001953256141860038, 0.00014582295261789113, 0.00010280138667440042, 9.640750795369968e-05, -8.021718531381339e-05, -6.357924576150253e-05, -0.00012896719272248447, -0.00034422785392962396, 0.0002326090179849416, -1.087187683879165e-05, 0.0004325515474192798, -0.0002462012053001672, 0.00019677740056067705], [0.00014582295261789113, 0.0004927206318825483, 0.0001380757021252066, 9.995077562052757e-05, -0.0001396935258526355, 0.0002977937983814627, -0.0006484690820798278, -0.00012827040336560458, 0.00017915248463395983, 2.8109239792684093e-05, 0.000219812267459929, -0.00022871109831612557, -2.5897115847328678e-06], [0.00010280138667440042, 0.0001380757021252066, 0.00125800387468189, -0.00047518638893961906, 0.00043320373515598476, -0.0006609322736039758, 0.0005106687312945724, -0.0008825711556710303, -4.5973851229064167e-05, -0.00034283168497495353, 0.0007720465073361993, -0.000639884383417666, -2.901812877098564e-05], [9.640750795369968e-05, 9.995077562052757e-05, -0.00047518638893961906, 0.002369730267673731, -0.0014076675288379192, 0.0003054678672924638, -0.00031598948407918215, -0.00031833944376558065, -0.0004825139185413718, -0.00037144345697015524, -9.65754225035198e-05, 0.0006368407048285007, -0.0002970194909721613], [-8.021718531381339e-05, -0.0001396935258526355, 0.00043320373515598476, -0.0014076675288379192, 0.002179766306653619, -0.0007003956707194448, 0.000210534330108203, 0.0002595230471342802, 9.668421989772469e-05, -0.0006364304572343826, 0.0008417429053224623, 1.27421108118142e-05, -0.0006956111174076796], [-6.357924576150253e-05, 0.0002977937983814627, -0.0006609322736039758, 0.0003054678672924638, -0.0007003956707194448, 0.002524646231904626, -0.0006384903681464493, -0.0004815605643671006, -0.0006259166984818876, 0.001259912271052599, -0.0018359676469117403, 0.0007544690743088722, 0.0004436747985891998], [-0.00012896719272248447, -0.0006484690820798278, 0.0005106687312945724, -0.00031598948407918215, 0.000210534330108203, -0.0006384903681464493, 0.0035617644898593426, -0.0018086470663547516, -0.0007492774748243392, -0.0007167150033637881, 0.0008181454031728208, -0.0012792606139555573, 0.0017233275575563312], [-0.00034422785392962396, -0.00012827040336560458, -0.0008825711556710303, -0.00031833944376558065, 0.0002595230471342802, -0.0004815605643671006, -0.0018086470663547516, 0.006146558094769716, -0.0015594360884279013, 0.00024788020527921617, -0.0009838445112109184, 0.0013486278476193547, -0.0012113394914194942], [0.0002326090179849416, 0.00017915248463395983, -4.5973851229064167e-05, -0.0004825139185413718, 9.668421989772469e-05, -0.0006259166984818876, -0.0007492774748243392, -0.0015594360884279013, 0.0069501688703894615, -0.001021312433294952, -0.0007252540672197938, -0.0002772148873191327, -0.0004649490292649716], [-1.087187683879165e-05, 2.8109239792684093e-05, -0.00034283168497495353, -0.00037144345697015524, -0.0006364304572343826, 0.001259912271052599, -0.0007167150033637881, 0.00024788020527921617, -0.001021312433294952, 0.007543439976871014, -0.0019178539514541626, -9.415469321538694e-06, -0.00017413159366697073], [0.0004325515474192798, 0.000219812267459929, 0.0007720465073361993, -9.65754225035198e-05, 0.0008417429053224623, -0.0018359676469117403, 0.0008181454031728208, -0.0009838445112109184, -0.0007252540672197938, -0.0019178539514541626, 0.007453094702214003, -0.0033237936440855265, 0.0011119259288534522], [-0.0002462012053001672, -0.00022871109831612557, -0.000639884383417666, 0.0006368407048285007, 1.27421108118142e-05, 0.0007544690743088722, -0.0012792606139555573, 0.0013486278476193547, -0.0002772148873191327, -9.415469321538694e-06, -0.0033237936440855265, 0.010742580518126488, -0.0061784666031599045], [0.00019677740056067705, -2.5897115847328678e-06, -2.901812877098564e-05, -0.0002970194909721613, -0.0006956111174076796, 0.0004436747985891998, 0.0017233275575563312, -0.0012113394914194942, -0.0004649490292649716, -0.00017413159366697073, 0.0011119259288534522, -0.0061784666031599045, 0.012064504437148571]], "metadata.audio_properties.analysis.downmix": "mix", "metadata.audio_properties.codec": "mp3", "metadata.audio_properties.md5_encoded": "21506a93c27a8c14ed1bf079f459ffeb", "metadata.tags.file_name": "1183689928668880927.mp3", "metadata.version.essentia": "2.1-beta6-dev", "metadata.version.essentia_git_sha": "v2.1_beta5-1110-g77a6a954", "metadata.version.extractor": "music 2.0", "tonal.chords_key": "F", "tonal.chords_scale": "minor", "tonal.key_edma.key": "E", "tonal.key_edma.scale": "minor", "tonal.key_kr