{"song_id": "1183711705629458504", "download": "https://cdn.discordapp.com/attachments/1128313332273782784/1183711705629458504/chirp.mp4?ex=6589546e&amp", "lyrics": "\u0421 \u0414\u043d\u0451\u043c \u0420\u043e\u0436\u0434\u0435\u043d\u0438\u044f \u0442\u0435\u0431\u044f \u041d\u0430\u0434\u044f!\n\u041f\u0443\u0441\u0442\u044c \u0440\u0430\u0434\u043e\u0441\u0442\u044c \u0432\u0441\u0435\u0433\u0434\u0430 \u043f\u043e\u0431\u0435\u0436\u0434\u0430\u0435\u0442 \u0433\u0440\u0443\u0441\u0442\u044c,\n\u041f\u043b\u044b\u0432\u0438 \u043f\u043e \u0436\u0438\u0437\u043d\u0438 \u043d\u0430\u0437\u0430\u0434 \u043d\u0435 \u0433\u043b\u044f\u0434\u044f,\n\u0418 \u043f\u0430\u0440\u0443\u0441 \u0442\u0432\u043e\u0439 \u0440\u0430\u0437\u0432\u0438\u0432\u0430\u0435\u0442\u0441\u044f \u043f\u0443\u0441\u0442\u044c! (\u041f\u0443\u0443\u0443\u0441\u0442\u044c)\n\u041f\u0443\u0441\u0442\u044c \u0431\u0443\u0434\u0443\u0442 \u0441\u0447\u0430\u0441\u0442\u044c\u044f \u0448\u0438\u0440\u043e\u043a\u0438\u0435 \u0440\u0435\u043a\u0438,\n\u0418 \u0432\u043e\u043b\u043d\u044b \u043b\u044e\u0431\u0432\u0438 \u0443 \u043c\u043e\u0440\u0441\u043a\u0438\u0445 \u0431\u0435\u0440\u0435\u0433\u043e\u0432,\n\u0412\u043f\u0435\u0440\u0451\u0434 \u043f\u043e\u043d\u0435\u0441\u0451\u0442 \u0432\u043e\u0434\u043e\u043f\u0430\u0434 \u0442\u0435\u0431\u044f \u043d\u0435\u043a\u0438\u0439\n\u0421\u043a\u0432\u043e\u0437\u044c \u0434\u0436\u0443\u043d\u0433\u043b\u0438 \u0441\u0430\u043c\u044b\u0445 \u043f\u0440\u0435\u043a\u0440\u0430\u0441\u043d\u044b\u0445 \u0446\u0432\u0435\u0442\u043e\u0432!\n\u0421 \u0414\u043d\u0451\u043c \u0420\u043e\u0436\u0434\u0435\u043d\u0438\u044f, \u0442\u0435\u0431\u044f\u044f\u044f\u044f, \u041d\u0430\u0434\u044f\u044f\u044f!\n\u0421 \u0414\u043d\u0451\u043c \u0440\u043e\u0436\u0434\u0435\u043d\u0438\u044f, \u0442\u0435\u0431\u044f, \u0423\u0420\u0410\u0410\u0410!!!", "style": ["swing"], "essentia_features": {"lowlevel.average_loudness": 0.9802864789962769, "lowlevel.barkbands_crest.mean": 16.954341888427734, "lowlevel.barkbands_crest.stdev": 5.202752590179443, "lowlevel.barkbands_flatness_db.mean": 0.23891057074069977, "lowlevel.barkbands_flatness_db.stdev": 0.10748854279518127, "lowlevel.barkbands_kurtosis.mean": 44.988677978515625, "lowlevel.barkbands_kurtosis.stdev": 79.43445587158203, "lowlevel.barkbands_skewness.mean": 4.475056171417236, "lowlevel.barkbands_skewness.stdev": 3.7908215522766113, "lowlevel.barkbands_spread.mean": 12.577810287475586, "lowlevel.barkbands_spread.stdev": 12.10684871673584, "lowlevel.dissonance.mean": 0.4682132303714752, "lowlevel.dissonance.stdev": 0.0332372710108757, "lowlevel.dynamic_complexity": 3.7196085453033447, "lowlevel.erbbands_crest.mean": 8.97503662109375, "lowlevel.erbbands_crest.stdev": 4.268591403961182, "lowlevel.erbbands_flatness_db.mean": 0.1581612527370453, "lowlevel.erbbands_flatness_db.stdev": 0.044300634413957596, "lowlevel.erbbands_kurtosis.mean": 1.0640735626220703, "lowlevel.erbbands_kurtosis.stdev": 2.8142964839935303, "lowlevel.erbbands_skewness.mean": 0.0003225735272280872, "lowlevel.erbbands_skewness.stdev": 0.9652685523033142, "lowlevel.erbbands_spread.mean": 42.36784362792969, "lowlevel.erbbands_spread.stdev": 31.57355499267578, "lowlevel.hfc.mean": 20.065147399902344, "lowlevel.hfc.stdev": 15.086748123168945, "lowlevel.loudness_ebu128.integrated": -11.923766136169434, "lowlevel.loudness_ebu128.loudness_range": 0.9853439331054688, "lowlevel.loudness_ebu128.momentary.mean": -13.232924461364746, "lowlevel.loudness_ebu128.momentary.stdev": 7.226168155670166, "lowlevel.loudness_ebu128.short_term.mean": -12.060697555541992, "lowlevel.loudness_ebu128.short_term.stdev": 1.1287509202957153, "lowlevel.melbands_crest.mean": 27.865657806396484, "lowlevel.melbands_crest.stdev": 8.625818252563477, "lowlevel.melbands_flatness_db.mean": 0.3216908574104309, "lowlevel.melbands_flatness_db.stdev": 0.12151362001895905, "lowlevel.melbands_kurtosis.mean": 156.25503540039062, "lowlevel.melbands_kurtosis.stdev": 357.7491455078125, "lowlevel.melbands_skewness.mean": 7.555706977844238, "lowlevel.melbands_skewness.stdev": 7.445880889892578, "lowlevel.melbands_spread.mean": 12.121347427368164, "lowlevel.melbands_spread.stdev": 18.991994857788086, "lowlevel.pitch_salience.mean": 0.2993309199810028, "lowlevel.pitch_salience.stdev": 0.19664590060710907, "lowlevel.silence_rate_20dB.mean": 1.0, "lowlevel.silence_rate_20dB.stdev": 0.0, "lowlevel.silence_rate_30dB.mean": 0.4617760479450226, "lowlevel.silence_rate_30dB.stdev": 0.4985358715057373, "lowlevel.silence_rate_60dB.mean": 0.0617760606110096, "lowlevel.silence_rate_60dB.stdev": 0.2407454401254654, "lowlevel.spectral_centroid.mean": 1320.4320068359375, "lowlevel.spectral_centroid.stdev": 729.0363159179688, "lowlevel.spectral_complexity.mean": 18.962934494018555, "lowlevel.spectral_complexity.stdev": 12.592164039611816, "lowlevel.spectral_decrease.mean": -2.631474593783878e-08, "lowlevel.spectral_decrease.stdev": 1.6934084356989842e-08, "lowlevel.spectral_energy.mean": 0.1011379063129425, "lowlevel.spectral_energy.stdev": 0.06445907801389694, "lowlevel.spectral_energyband_high.mean": 0.000353449082467705, "lowlevel.spectral_energyband_high.stdev": 0.000564879272133112, "lowlevel.spectral_energyband_low.mean": 0.08705650269985199, "lowlevel.spectral_energyband_low.stdev": 0.06400866061449051, "lowlevel.spectral_energyband_middle_high.mean": 0.006309359800070524, "lowlevel.spectral_energyband_middle_high.stdev": 0.006735055707395077, "lowlevel.spectral_energyband_middle_low.mean": 0.008729235269129276, "lowlevel.spectral_energyband_middle_low.stdev": 0.014917970634996891, "lowlevel.spectral_entropy.mean": 7.5496826171875, "lowlevel.spectral_entropy.stdev": 0.5362718105316162, "lowlevel.spectral_flux.mean": 0.1247585341334343, "lowlevel.spectral_flux.stdev": 0.1249498724937439, "lowlevel.spectral_kurtosis.mean": 5.907361030578613, "lowlevel.spectral_kurtosis.stdev": 8.316302299499512, "lowlevel.spectral_rms.mean": 0.009215839207172394, "lowlevel.spectral_rms.stdev": 0.0037066801451146603, "lowlevel.spectral_rolloff.mean": 576.62548828125, "lowlevel.spectral_rolloff.stdev": 1234.7489013671875, "lowlevel.spectral_skewness.mean": 1.6640851497650146, "lowlevel.spectral_skewness.stdev": 0.6891589760780334, "lowlevel.spectral_spread.mean": 4148948.0, "lowlevel.spectral_spread.stdev": 1848426.125, "lowlevel.spectral_strongpeak.mean": 0.5007398724555969, "lowlevel.spectral_strongpeak.stdev": 0.37969449162483215, "lowlevel.zerocrossingrate.mean": 0.02693992853164673, "lowlevel.zerocrossingrate.stdev": 0.034252069890499115, "metadata.audio_properties.analysis.equal_loudness": 0.0, "metadata.audio_properties.analysis.length": 30.03628158569336, "metadata.audio_properties.analysis.sample_rate": 44100.0, "metadata.audio_properties.analysis.start_time": 0.0, "metadata.audio_properties.bit_rate": 125025.0, "metadata.audio_properties.length": 30.03733253479004, "metadata.audio_properties.lossless": 0.0, "metadata.audio_properties.number_channels": 1.0, "metadata.audio_properties.replay_gain": -12.538421630859375, "metadata.audio_properties.sample_rate": 48000.0, "rhythm.beats_count": 67.0, "rhythm.beats_loudness.mean": 0.18552462756633759, "rhythm.beats_loudness.stdev": 0.10028322041034698, "rhythm.bpm": 136.0662078857422, "rhythm.bpm_histogram_first_peak_bpm": 136.0, "rhythm.bpm_histogram_first_peak_weight": 0.13636362552642822, "rhythm.bpm_histogram_second_peak_bpm": 0.0, "rhythm.bpm_histogram_second_peak_spread": 0.0, "rhythm.bpm_histogram_second_peak_weight": 0.0, "rhythm.danceability": 1.411440372467041, "rhythm.onset_rate": 4.092057228088379, "tonal.chords_changes_rate": 0.046296294778585434, "tonal.chords_number_rate": 0.003086419776082039, "tonal.chords_strength.mean": 0.611406683921814, "tonal.chords_strength.stdev": 0.03528064116835594, "tonal.hpcp_crest.mean": 12.99301815032959, "tonal.hpcp_crest.stdev": 5.683880805969238, "tonal.hpcp_entropy.mean": 2.144501209259033, "tonal.hpcp_entropy.stdev": 0.7969563007354736, "tonal.key_edma.strength": 0.6187267303466797, "tonal.key_krumhansl.strength": 0.6060402989387512, "tonal.key_temperley.strength": 0.5782894492149353, "tonal.tuning_diatonic_strength": 0.702242374420166, "tonal.tuning_equal_tempered_deviation": 0.1735907346010208, "tonal.tuning_frequency": 434.193115234375, "tonal.tuning_nontempered_energy_ratio": 0.8621256351470947, "lowlevel.barkbands.mean": [0.012277132831513882, 0.06726951152086258, 0.006271395366638899, 0.003961516078561544, 0.001590241095982492, 0.001537894713692367, 0.00038072775350883603, 0.0006412652437575161, 0.00048537502880208194, 0.0007397161098197103, 0.0011716036824509501, 0.0004888983676210046, 0.0005271640256978571, 0.0009119428577832878, 0.0008852163446135819, 0.00046938247396610677, 0.0004779178707394749, 0.0002919426478911191, 0.00023450399748981, 0.0002391380985500291, 7.065675163175911e-05, 6.140417826827615e-05, 6.628984556300566e-05, 4.836135485675186e-05, 2.7824880817206576e-05, 1.062482078850735e-05, 3.4972541129718593e-07], "lowlevel.barkbands.stdev": [0.009640145115554333, 0.05275599658489227, 0.022478025406599045, 0.01036177109926939, 0.0040171206928789616, 0.0022169905714690685, 0.0008439557859674096, 0.0009709653677418828, 0.0008139135898090899, 0.0017413280438631773, 0.0016966558760032058, 0.0007360678864642978, 0.0009316887590102851, 0.0016755234682932496, 0.0011918141972273588, 0.0006743223639205098, 0.0006121104233898222, 0.0003823453444056213, 0.00031686757574789226, 0.00036479136906564236, 0.00017443079559598118, 0.00010888558608712628, 0.0001098034845199436, 7.159842789405957e-05, 4.398728924570605e-05, 2.177708302042447e-05, 1.3735317452301388e-06], "lowlevel.erbbands.mean": [3.4752461910247803, 8.68488883972168, 8.926117897033691, 10.300498008728027, 10.635519027709961, 3.8609585762023926, 4.326253414154053, 18.055038452148438, 6.445254325866699, 12.664412498474121, 8.73173713684082, 12.525712013244629, 14.809637069702148, 29.3430233001709, 50.92512130737305, 21.205841064453125, 24.59811019897461, 34.666324615478516, 59.8937873840332, 33.26591873168945, 26.038726806640625, 27.448942184448242, 18.701969146728516, 12.846564292907715, 12.924188613891602, 10.605759620666504, 3.865622043609619, 2.387369155883789, 2.1739022731781006, 2.159169912338257, 1.8524595499038696, 1.127929449081421, 0.7350519299507141, 0.37742650508880615, 0.1650855988264084, 0.06110178306698799, 0.01711369678378105, 0.0020080155227333307, 9.600368503015488e-05, 0.00011332433496136218], "lowlevel.erbbands.stdev": [2.307535171508789, 12.415760040283203, 24.60638427734375, 33.135154724121094, 22.899511337280273, 11.451803207397461, 7.229780673980713, 26.903440475463867, 13.159666061401367, 19.800695419311523, 12.3065824508667, 22.35978126525879, 25.993566513061523, 63.3057746887207, 72.11746978759766, 30.21904945373535, 40.88664627075195, 49.65119552612305, 91.41738891601562, 42.20051193237305, 37.256591796875, 34.64396667480469, 23.435392379760742, 17.812026977539062, 17.395824432373047, 16.054460525512695, 8.856508255004883, 5.979463577270508, 3.922640323638916, 3.530956983566284, 3.2718238830566406, 1.6668965816497803, 1.1390994787216187, 0.5912341475486755, 0.268761545419693, 0.11605387926101685, 0.03742508962750435, 0.0049298228695988655, 0.00014010116865392774, 7.017891039140522e-05], "lowlevel.gfcc.mean": [-30.118993759155273, 104.9490737915039, -111.09268951416016, 41.036197662353516, -29.916330337524414, 30.38922882080078, -22.834115982055664, 18.14912223815918, -9.255308151245117, 6.9155731201171875, 0.25167199969291687, 2.999931812286377, -2.1589763164520264], "lowlevel.melbands.mean": [0.02374088205397129, 0.006583226844668388, 0.001867811311967671, 0.00047125646960921586, 0.0001576277136337012, 0.0003570428816601634, 8.865356358001009e-05, 0.00014687664224766195, 6.644424138357863e-05, 7.923817611299455e-05, 7.580481906188652e-05, 0.00011710745457094163, 0.00015152212290558964, 8.473888010485098e-05, 4.309812356950715e-05, 6.094844138715416e-05, 6.501484313048422e-05, 0.00010447279055370018, 5.909171522944234e-05, 3.42437851941213e-05, 2.9301609174581245e-05, 2.8669641324086115e-05, 2.3060032617649995e-05, 1.243805672856979e-05, 1.0253045729768928e-05, 7.800288585713133e-06, 1.1693586202454753e-05, 5.701790541934315e-06, 2.5233227916032774e-06, 1.6913603531065746e-06, 1.2589053994815913e-06, 1.2026249578411807e-06, 1.2044355344187352e-06, 1.2167960221631802e-06, 1.156577809524606e-06, 7.895063163232408e-07, 6.700834660477994e-07, 5.53255119939422e-07, 4.026727253858553e-07, 2.860816721295123e-07], "lowlevel.melbands.stdev": [0.01608709804713726, 0.012753605842590332, 0.005234631709754467, 0.0011009271256625652, 0.00028629391454160213, 0.0005241369362920523, 0.00018649286357685924, 0.00023159978445619345, 0.00010070081043522805, 0.00014547350292559713, 0.00014324617222882807, 0.00027291083824820817, 0.00020834541646763682, 0.00011422860552556813, 6.74532784614712e-05, 0.00011494866339489818, 9.895022958517075e-05, 0.00018281713710166514, 8.6616026237607e-05, 4.6343742724275216e-05, 4.606354923453182e-05, 3.835439565591514e-05, 2.9746786822215654e-05, 1.6720883650123142e-05, 1.505255659139948e-05, 1.1418054782552645e-05, 1.6794581824797206e-05, 9.392537322128192e-06, 6.298866537690628e-06, 4.660393642552663e-06, 3.117139385722112e-06, 2.2310148324322654e-06, 2.1940986698609777e-06, 1.9746548787225038e-06, 2.1757448394055245e-06, 1.2740100601149607e-06, 1.007193077384727e-06, 8.518319418726605e-07, 6.964848466850526e-07, 4.538050575320085e-07], "lowlevel.melbands128.mean": [0.011646833270788193, 0.035069361329078674, 0.023663798347115517, 0.012065736576914787, 0.0055067031644284725, 0.0028259449172765017, 0.0020042341202497482, 0.002045528031885624, 0.0010069527197629213, 0.00030480040004476905, 0.00016995375335682184, 0.00011947404709644616, 7.660618575755507e-05, 0.00025180165539495647, 0.00063695153221488, 0.00022807686764281243, 7.947755511850119e-05, 8.526580495527014e-05, 6.080380262574181e-05, 0.00015981486649252474, 0.00020933586347382516, 4.768132930621505e-05, 6.10321294516325e-05, 5.704141585738398e-05, 8.562450966564938e-05, 9.650776337366551e-05, 3.736013240995817e-05, 6.483835750259459e-05, 0.0001022504802676849, 0.00015654305752832443, 0.00010479361662873998, 8.70220537763089e-05, 0.00010649086470948532, 0.0003071427927352488, 6.552557169925421e-05, 3.5499135265126824e-05, 5.6190110626630485e-05, 4.669384361477569e-05, 2.832302197930403e-05, 5.946752935415134e-05, 8.437498036073521e-05, 3.366062082932331e-05, 4.870925477007404e-05, 8.710252586752176e-05, 0.0001092758757295087, 0.00012268537830095738, 7.540699152741581e-05, 6.59830984659493e-05, 5.539530684472993e-05, 2.6776322556543164e-05, 3.6856061342405155e-05, 3.31037663272582e-05, 2.7979096557828598e-05, 2.99397979688365e-05, 2.451581895002164e-05, 3.056981586269103e-05, 2.9190958230174147e-05, 2.7851139748236164e-05, 1.9772889572777785e-05, 1.6928297554841265e-05, 1.0638618732627947e-05, 9.80107142822817e-06, 1.2975334357179236e-05, 9.440009307581931e-06, 7.689854101045057e-06, 6.8927706706745084e-06, 7.682860996283125e-06, 1.166562105936464e-05, 1.3939496966486331e-05, 1.0947821465379093e-05, 4.735942184197484e-06, 3.7903530483163195e-06, 2.980733825097559e-06, 2.3366585537587525e-06, 1.8677708339964738e-06, 1.9108726974081947e-06, 1.4752027936992818e-06, 1.3106655387673527e-06, 1.2727094826914254e-06, 1.1626237892414792e-06, 1.1648946838249685e-06, 1.226840254275885e-06, 1.2646154345929972e-06, 1.171636426988698e-06, 1.2120134442739072e-06, 1.1453030310804024e-06, 1.2095866850359016e-06, 1.3658583384312806e-06, 1.1873548828589264e-06, 1.005003809950722e-06, 8.833966944621352e-07, 7.420865699714341e-07, 6.097317850617401e-07, 6.382726951414952e-07, 7.557254093626398e-07, 6.293759042819147e-07, 4.922791845274332e-07, 4.5761487399431644e-07, 4.150225549892639e-07, 3.7410151776384737e-07, 3.3831844348242157e-07, 2.533743668209354e-07, 2.5314719209745817e-07, 2.1237346459201945e-07, 1.8675721946692647e-07, 1.604701509450024e-07, 1.2762617984662938e-07, 1.2548822780900082e-07, 1.0218042234555469e-07, 8.412264662638336e-08, 7.86384930506756e-08, 6.571754340711777e-08, 5.436179861817436e-08, 3.598388076397896e-08, 2.814977229093074e-08, 1.8503284238136075e-08, 1.2384781200580619e-08, 2.9813449486937316e-09, 1.9852434973710587e-10, 1.3599721175594492e-11, 1.7743854996421504e-11, 8.11384379822977e-12, 7.382743721917606e-12, 7.2247472761299836e-12, 6.8908620129426446e-12, 6.401117049609217e-12, 6.137041395903875e-12, 6.072737798734629e-12], "lowlevel.melbands128.stdev": [0.00918478611856699, 0.02477933093905449, 0.02150927297770977, 0.022090978920459747, 0.014365539886057377, 0.010672229342162609, 0.007497064769268036, 0.0045209829695522785, 0.0021699091885238886, 0.0010189746972173452, 0.0005857798969373107, 0.0003719772503245622, 0.00021743967954535037, 0.0003624792443588376, 0.0009813116630539298, 0.0003741045657079667, 0.0002491302147973329, 0.0002460401155985892, 0.0001789574307622388, 0.000272791541647166, 0.00034981491626240313, 7.49140526750125e-05, 0.00013527068949770182, 0.00011722899216692895, 0.00018417341925669461, 0.00020429553114809096, 8.681253530085087e-05, 0.00015360067482106388, 0.00025364902103319764, 0.0005207469803281128, 0.00029929736047051847, 0.00024680932983756065, 0.00016218257951550186, 0.0005147202755324543, 0.00010712950461311266, 8.757258910918608e-05, 0.00010927497351076454, 8.122939470922574e-05, 5.6289969506906345e-05, 0.00011424193507991731, 0.0001894871675176546, 6.395905074896291e-05, 9.00998929864727e-05, 0.00016189653251785785, 0.0003074074920732528, 0.0002411177265457809, 0.0001248010667040944, 0.00013485750241670758, 9.845333988778293e-05, 4.343515320215374e-05, 6.166067760204896e-05, 5.504051659954712e-05, 5.173282261239365e-05, 5.676083674188703e-05, 4.224135773256421e-05, 4.961126251146197e-05, 4.1676696127979085e-05, 4.501996954786591e-05, 3.0423658245126717e-05, 2.6136583983316086e-05, 1.68588558153715e-05, 1.585840800544247e-05, 2.186519486713223e-05, 1.6042593415477313e-05, 1.2906942174595315e-05, 1.2472695743781514e-05, 1.264497586817015e-05, 1.854014044511132e-05, 2.312470314791426e-05, 1.8529894077801146e-05, 8.8589295046404e-06, 8.400344086112455e-06, 9.118409252550919e-06, 6.600659162359079e-06, 5.279873676045099e-06, 5.990078989270842e-06, 4.472510227060411e-06, 4.154274847678607e-06, 3.4074114410032053e-06, 2.7411676910560345e-06, 2.261225745314732e-06, 2.420874807285145e-06, 2.542552465456538e-06, 2.2777276171837e-06, 2.4116075110214297e-06, 1.9886517748091137e-06, 1.9962474198109703e-06, 2.7670594135997817e-06, 2.5396830096724443e-06, 2.1119790289958473e-06, 1.550469391986553e-06, 1.3158726233086782e-06, 1.1104345958301565e-06, 1.156061216533999e-06, 1.1375677786418237e-06, 9.79701667347399e-07, 8.619719551461458e-07, 9.197442523145583e-07, 7.894505529293383e-07, 7.226916522995452e-07, 5.375343903324392e-07, 4.368163217804977e-07, 4.703795468685712e-07, 4.4010775468450447e-07, 3.420906864448625e-07, 2.768346121229115e-07, 2.811622721310414e-07, 2.679853139397892e-07, 1.9214284918689373e-07, 2.1750609846549196e-07, 1.5493509408770478e-07, 1.6655341994464834e-07, 1.414941692701177e-07, 1.0056569266225779e-07, 7.216758035610837e-08, 4.929401598019467e-08, 4.487105442763095e-08, 2.0681927281884782e-08, 3.2115536896526464e-09, 1.6627799137580723e-10, 3.394799441558405e-10, 3.20023764432964e-11, 2.6467539965269182e-11, 2.5282633625556272e-11, 2.0421707727646954e-11, 1.4004145065804607e-11, 1.2370272341188926e-11, 1.2238877446224539e-11], "lowlevel.mfcc.mean": [-671.506591796875, 131.3167724609375, -4.1635894775390625, 26.437807083129883, 23.185731887817383, 17.667417526245117, 12.974827766418457, 16.218223571777344, 4.526210308074951, 13.577022552490234, 4.787343502044678, 5.2202959060668945, 10.251955032348633], "lowlevel.spectral_contrast_coeffs.mean": [-0.7192921042442322, -0.7647328972816467, -0.7876955270767212, -0.8061389327049255, -0.7956767082214355, -0.7740928530693054], "lowlevel.spectral_contrast_coeffs.stdev": [0.08546735346317291, 0.07467028498649597, 0.07218486070632935, 0.05706889554858208, 0.05433432757854462, 0.049655962735414505], "lowlevel.spectral_contrast_valleys.mean": [-6.925083637237549, -7.194356441497803, -7.468271255493164, -7.515328407287598, -7.8255767822265625, -10.820314407348633], "lowlevel.spectral_contrast_valleys.stdev": [1.5909367799758911, 1.287426471710205, 1.364959955215454, 1.432286024093628, 1.416363000869751, 1.6273196935653687], "rhythm.beats_loudness_band_ratio.mean": [0.9000775814056396, 0.03544386476278305, 0.02560177445411682, 0.020401496440172195, 0.022728940472006798, 0.005478427279740572], "rhythm.beats_loudness_band_ratio.stdev": [0.18095344305038452, 0.10490571707487106, 0.07149375975131989, 0.03061196580529213, 0.03168754652142525, 0.006415788549929857], "tonal.hpcp.mean": [0.02994091436266899, 0.028475267812609673, 0.024871084839105606, 0.025623751804232597, 0.02129589021205902, 0.015017620287835598, 0.011572674848139286, 0.01692609116435051, 0.03621353209018707, 0.07580330967903137, 0.07657582312822342, 0.03446567803621292, 0.01939898170530796, 0.029711516574025154, 0.04090256243944168, 0.03764186054468155, 0.03693092241883278, 0.04366490989923477, 0.03585074096918106, 0.028447771444916725, 0.036121025681495667, 0.04378141090273857, 0.10795781761407852, 0.4310324490070343, 0.6530858874320984, 0.38053035736083984, 0.12011122703552246, 0.07443885505199432, 0.04081540182232857, 0.02585248276591301, 0.02672390080988407, 0.028556518256664276, 0.02780146710574627, 0.027303006500005722, 0.03207659348845482, 0.030973024666309357], "tonal.hpcp.stdev": [0.0778350904583931, 0.08451057225465775, 0.10211486369371414, 0.10077626258134842, 0.0876992791891098, 0.06225752457976341, 0.046152304857969284, 0.07305926829576492, 0.13159486651420593, 0.18226562440395355, 0.17540347576141357, 0.1124611422419548, 0.09675968438386917, 0.13502255082130432, 0.16203244030475616, 0.14719340205192566, 0.13968545198440552, 0.15932981669902802, 0.13056106865406036, 0.11462340503931046, 0.14678192138671875, 0.16051578521728516, 0.22379659116268158, 0.38440239429473877, 0.40323445200920105, 0.3506913185119629, 0.24851752817630768, 0.2289017289876938, 0.15210473537445068, 0.1259266883134842, 0.1159408837556839, 0.10885943472385406, 0.1156921312212944, 0.1097320020198822, 0.12408307194709778, 0.10626661032438278], "rhythm.beats_position": [0.42956915497779846, 0.8591383099555969, 1.2887074947357178, 1.7182766199111938, 2.14784574508667, 2.5774149894714355, 3.0185940265655518, 3.459773063659668, 3.9009523391723633, 4.342131614685059, 4.783310413360596, 5.224489688873291, 5.665668964385986, 6.106847763061523, 6.548027038574219, 6.989206314086914, 7.430385589599609, 7.8715643882751465, 8.312743186950684, 8.753922462463379, 9.195101737976074, 9.6478910446167, 10.100680351257324, 10.54185962677002, 10.983037948608398, 11.424217224121094, 11.865396499633789, 12.306575775146484, 12.74775505065918, 13.188934326171875, 13.63011360168457, 14.07129192352295, 14.512471199035645, 14.95365047454834, 15.394829750061035, 15.83600902557373, 16.27718734741211, 16.718366622924805, 17.1595458984375, 17.600725173950195, 18.04190444946289, 18.483083724975586, 18.92426300048828, 19.365442276000977, 19.806621551513672, 20.247800827026367, 20.688980102539062, 21.130157470703125, 21.57133674621582, 22.012516021728516, 22.45369529724121, 22.894874572753906, 23.3360538482666, 23.777233123779297, 24.218412399291992, 24.659591674804688, 25.100770950317383, 25.541950225830078, 25.983129501342773, 26.42430877685547, 26.86548614501953, 27.318275451660156, 27.77106475830078, 28.212244033813477, 28.653423309326172, 29.094602584838867, 29.535781860351562], "rhythm.bpm_histogram": [0.0, 0.0, 0.0, 0.0, 0.0, 0.0, 0.0, 0.0, 0.0, 0.0, 0.0, 0.0, 0.0, 0.0, 0.0, 0.0, 0.0, 0.0, 0.0, 0.0, 0.0, 0.0, 0.0, 0.0, 0.0, 0.0, 0.0, 0.0, 0.0, 0.0, 0.0, 0.0, 0.0, 0.0, 0.0, 0.0, 0.0, 0.0, 0.0, 0.0, 0.0, 0.0, 0.0, 0.0, 0.0, 0.0, 0.0, 0.0, 0.0, 0.0, 0.0, 0.0, 0.0, 0.0, 0.0, 0.0, 0.0, 0.0, 0.0, 0.0, 0.0, 0.0, 0.0, 0.0, 0.0, 0.0, 0.0, 0.0, 0.0, 0.0, 0.0, 0.0, 0.0, 0.0, 0.0, 0.0, 0.0, 0.0, 0.0, 0.0, 0.0, 0.0, 0.0, 0.0, 0.0, 0.0, 0.0, 0.0, 0.0, 0.0, 0.0, 0.0, 0.0, 0.0, 0.0, 0.0, 0.0, 0.0, 0.0, 0.0, 0.0, 0.0, 0.0, 0.0, 0.0, 0.0, 0.0, 0.0, 0.0, 0.0, 0.0, 0.0, 0.0, 0.0, 0.0, 0.0, 0.0, 0.0, 0.0, 0.0, 0.0, 0.0, 0.0, 0.0, 0.0, 0.0, 0.0, 0.0, 0.0, 0.0, 0.0, 0.0, 0.0, 0.06060606241226196, 0.0, 0.0, 0.8636363744735718, 0.0, 0.0, 0.0, 0.07575757801532745, 0.0, 0.0, 0.0, 0.0, 0.0, 0.0, 0.0, 0.0, 0.0, 0.0, 0.0, 0.0, 0.0, 0.0, 0.0, 0.0, 0.0, 0.0, 0.0, 0.0, 0.0, 0.0, 0.0, 0.0, 0.0, 0.0, 0.0, 0.0, 0.0, 0.0, 0.0, 0.0, 0.0, 0.0, 0.0, 0.0, 0.0, 0.0, 0.0, 0.0, 0.0, 0.0, 0.0, 0.0, 0.0, 0.0, 0.0, 0.0, 0.0, 0.0, 0.0, 0.0, 0.0, 0.0, 0.0, 0.0, 0.0, 0.0, 0.0, 0.0, 0.0, 0.0, 0.0, 0.0, 0.0, 0.0, 0.0, 0.0, 0.0, 0.0, 0.0, 0.0, 0.0, 0.0, 0.0, 0.0, 0.0, 0.0, 0.0, 0.0, 0.0, 0.0, 0.0, 0.0, 0.0, 0.0, 0.0, 0.0, 0.0, 0.0, 0.0, 0.0, 0.0, 0.0, 0.0, 0.0, 0.0, 0.0, 0.0, 0.0, 0.0, 0.0, 0.0, 0.0, 0.0, 0.0, 0.0, 0.0, 0.0], "tonal.chords_histogram": [0.0, 0.0, 45.37036895751953, 0.0, 0.0, 0.0, 0.0, 0.0, 0.0, 54.62963104248047, 0.0, 0.0, 0.0, 0.0, 0.0, 0.0, 0.0, 0.0, 0.0, 0.0, 0.0, 0.0, 0.0, 0.0], "tonal.thpcp": [1.0, 0.5826650857925415, 0.18391336500644684, 0.11398018896579742, 0.06249622255563736, 0.03958512097597122, 0.04091942682862282, 0.04372551664710045, 0.04256938770413399, 0.04180615022778511, 0.04911543056368828, 0.04742565378546715, 0.04584529250860214, 0.043601106852293015, 0.03808240965008736, 0.039234887808561325, 0.03260809928178787, 0.022994862869381905, 0.017719989642500877, 0.02591709792613983, 0.05544987693428993, 0.11606943607330322, 0.11725229769945145, 0.052773576229810715, 0.029703568667173386, 0.045494042336940765, 0.06262968480587006, 0.05763692408800125, 0.0565483383834362, 0.06685937196016312, 0.05489437282085419, 0.0435590036213398, 0.055308230221271515, 0.06703775376081467, 0.16530416905879974, 0.6599935293197632], "lowlevel.gfcc.cov": [[18648.064453125, -53.50696563720703, -1032.1285400390625, 1441.1197509765625, 692.3056030273438, 1288.27978515625, 72.11405181884766, 1096.33935546875, 241.5086669921875, 71.4518051147461, 94.64058685302734, 155.1552276611328, 118.97310638427734], [-53.50696563720703, 1901.9599609375, -46.71176528930664, -56.97842025756836, 438.43109130859375, -476.8092041015625, 362.21630859375, -340.89007568359375, 133.01858520507812, -199.19937133789062, 161.04995727539062, -185.76068115234375, 176.03579711914062], [-1032.1285400390625, -46.71176528930664, 1207.859619140625, 125.53657531738281, -47.97929000854492, 49.67193603515625, -13.288315773010254, -146.55618286132812, -12.02390193939209, -15.83093547821045, -100.8809585571289, 21.19672393798828, -72.77183532714844], [1441.1197509765625, -56.97842025756836, 125.53657531738281, 456.4309387207031, 165.80465698242188, 170.86126708984375, 132.58941650390625, 35.551918029785156, 110.71611785888672, 3.529092311859131, 66.18341064453125, 40.78154373168945, 76.04322814941406], [692.3056030273438, 438.43109130859375, -47.97929000854492, 165.80465698242188, 579.864013671875, 58.13862609863281, 321.44573974609375, 114.81422424316406, 210.65135192871094, 38.65325927734375, 174.3271484375, 8.98586654663086, 127.2664566040039], [1288.27978515625, -476.8092041015625, 49.67193603515625, 170.86126708984375, 58.13862609863281, 398.5487976074219, 52.57454299926758, 214.34449768066406, 67.48377227783203, 80.25955200195312, 38.16788864135742, 74.44882202148438, -2.318380117416382], [72.11405181884766, 362.21630859375, -13.288315773010254, 132.58941650390625, 321.44573974609375, 52.57454299926758, 364.2101135253906, 12.679255485534668, 193.46836853027344, 21.612199783325195, 160.21580505371094, 14.766337394714355, 120.21941375732422], [1096.33935546875, -340.89007568359375, -146.55618286132812, 35.551918029785156, 114.81422424316406, 214.34449768066406, 12.679255485534668, 300.6635437011719, 80.38575744628906, 102.90475463867188, 44.527061462402344, 52.34699249267578, 0.7776513695716858], [241.5086669921875, 133.01858520507812, -12.02390193939209, 110.71611785888672, 210.65135192871094, 67.48377227783203, 193.46836853027344, 80.38575744628906, 225.00784301757812, 81.4294204711914, 145.33021545410156, 46.86524200439453, 98.409423828125], [71.4518051147461, -199.19937133789062, -15.83093547821045, 3.529092311859131, 38.65325927734375, 80.25955200195312, 21.612199783325195, 102.90475463867188, 81.4294204711914, 128.00750732421875, 58.42426681518555, 58.716064453125, 19.5540828704834], [94.64058685302734, 161.04995727539062, -100.8809585571289, 66.18341064453125, 174.3271484375, 38.16788864135742, 160.21580505371094, 44.527061462402344, 145.33021545410156, 58.42426681518555, 169.0366668701172, 43.536380767822266, 100.00647735595703], [155.1552276611328, -185.76068115234375, 21.19672393798828, 40.78154373168945, 8.98586654663086, 74.44882202148438, 14.766337394714355, 52.34699249267578, 46.86524200439453, 58.716064453125, 43.536380767822266, 109.34613800048828, 32.19594955444336], [118.97310638427734, 176.03579711914062, -72.77183532714844, 76.04322814941406, 127.2664566040039, -2.318380117416382, 120.21941375732422, 0.7776513695716858, 98.409423828125, 19.5540828704834, 100.00647735595703, 32.19594955444336, 114.78131866455078]], "lowlevel.gfcc.icov": [[0.00023370387498289347, -0.0007187461014837027, 0.00029702793108299375, -0.0009103824268095195, 0.00019008596427738667, -0.0007850801339372993, 0.00045654806308448315, -0.0008850329322740436, 0.000265908136498183, -0.00035469490103423595, 0.0007506691035814583, -0.0007093203603290021, 0.0003300904354546219], [-0.0007187461014837027, 0.0043807253241539, -0.0010895334417000413, 0.003464466193690896, -0.001756661687977612, 0.003804675070568919, -0.001743206288665533, 0.0037118655163794756, -0.001745521673001349, 0.0035766547080129385, -0.00365742901340127, 0.004348590970039368, -0.002280221786350012], [0.00029702793108299375, -0.0010895334417000413, 0.0016121002845466137, -0.0014239914016798139, -6.206855323398486e-05, -0.0016697023529559374, 0.0007138269720599055, 0.00029654911486431956, -0.000582818582188338, -0.0010893585858866572, 0.0024062669835984707, -0.001774237141944468, 0.0017004329711198807], [-0.0009103824268095195, 0.003464466193690896, -0.0014239914016798139, 0.007456425577402115, -0.001898118993267417, 0.0012432622024789453, -0.0012210396816954017, 0.0049051884561777115, -0.002915991237387061, 0.0036251191049814224, -0.0023143833968788385, 0.0031483545899391174, -0.003821219317615032], [0.00019008596427738667, -0.001756661687977612, -6.206855323398486e-05, -0.001898118993267417, 0.0054497080855071545, 0.00017988923355005682, -0.0027215296868234873, -0.004440562333911657, 0.0009869564091786742, -0.000861804059240967, -0.00011024773266399279, -0.0005599703290499747, 0.0001107205607695505], [-0.0007850801339372993, 0.003804675070568919, -0.0016697023529559374, 0.0012432622024789453, 0.00017988923355005682, 0.010087268427014351, -0.004152916371822357, -0.0015256272163242102, 0.0003817944962065667, 0.0025436326395720243, -0.004628926981240511, 0.0021185276564210653, 0.00013886728265788406], [0.00045654806308448315, -0.001743206288665533, 0.0007138269720599055, -0.0012210396816954017, -0.0027215296868234873, -0.004152916371822357, 0.010291661135852337, 0.0013783724280074239, -0.004073452204465866, 0.0009152114507742226, -0.0003838874981738627, -0.0007311927620321512, -0.0005170462536625564], [-0.0008850329322740436, 0.0037118655163794756, 0.00029654911486431956, 0.0049051884561777115, -0.004440562333911657, -0.0015256272163242102, 0.0013783724280074239, 0.014355459250509739, -0.004769953433424234, -0.001146620837971568, -0.001288475003093481, 0.0031844214536249638, 2.905329347413499e-05], [0.000265908136498183, -0.001745521673001349, -0.000582818582188338, -0.002915991237387061, 0.0009869564091786742, 0.0003817944962065667, -0.004073452204465866, -0.004769953433424234, 0.017633862793445587, -0.007215813733637333, -0.0047581871040165424, -0.0007435602601617575, -0.002359159989282489], [-0.00035469490103423595, 0.0035766547080129385, -0.0010893585858866572, 0.0036251191049814224, -0.000861804059240967, 0.0025436326395720243, 0.0009152114507742226, -0.001146620837971568, -0.007215813733637333, 0.020947469398379326, -0.006502392701804638, -0.0015280843945220113, 0.0005580689758062363], [0.0007506691035814583, -0.00365742901340127, 0.0024062669835984707, -0.0023143833968788385, -0.00011024773266399279, -0.004628926981240511, -0.0003838874981738627, -0.001288475003093481, -0.0047581871040165424, -0.006502392701804638, 0.024821782484650612, -0.005468068644404411, -0.006576052866876125], [-0.0007093203603290021, 0.004348590970039368, -0.001774237141944468, 0.0031483545899391174, -0.0005599703290499747, 0.0021185276564210653, -0.0007311927620321512, 0.0031844214536249638, -0.0007435602601617575, -0.0015280843945220113, -0.005468068644404411, 0.01941785030066967, -0.007521426305174828], [0.0003300904354546219, -0.002280221786350012, 0.0017004329711198807, -0.003821219317615032, 0.0001107205607695505, 0.00013886728265788406, -0.0005170462536625564, 2.905329347413499e-05, -0.002359159989282489, 0.0005580689758062363, -0.006576052866876125, -0.007521426305174828, 0.02566511742770672]], "lowlevel.mfcc.cov": [[16401.67578125, 192.39031982421875, -1175.3099365234375, -112.66893005371094, 614.3223266601562, 262.2442626953125, 335.6689453125, 620.328857421875, 277.0049743652344, 477.39263916015625, 87.23140716552734, 36.5570068359375, 295.06207275390625], [192.39031982421875, 2076.593017578125, -296.5226745605469, 406.3197937011719, -5.656197547912598, 70.00369262695312, 104.82298278808594, -37.400814056396484, -7.753246784210205, -26.281343460083008, -12.053053855895996, -54.068138122558594, -61.813194274902344], [-1175.3099365234375, -296.5226745605469, 1089.8057861328125, 17.697290420532227, -14.0789794921875, 127.5377197265625, -106.23219299316406, -49.9504508972168, -50.28927230834961, -124.95279693603516, -29.298776626586914, -17.815963745117188, -141.34768676757812], [-112.66893005371094, 406.3197937011719, 17.697290420532227, 376.2137756347656, 54.179054260253906, 129.49794006347656, 38.05009460449219, 3.8185510635375977, 52.60121154785156, -25.835405349731445, 11.738645553588867, 46.02641296386719, 15.269365310668945], [614.3223266601562, -5.656197547912598, -14.0789794921875, 54.179054260253906, 237.17532348632812, 56.42912673950195, 79.83963012695312, 101.1486587524414, 66.66802215576172, 102.48822784423828, 45.974491119384766, 28.964160919189453, 91.95124816894531], [262.2442626953125, 70.00369262695312, 127.5377197265625, 129.49794006347656, 56.42912673950195, 233.84071350097656, 92.51785278320312, 81.51092529296875, 68.11746215820312, 18.773258209228516, 56.988895416259766, 66.55985260009766, 23.221220016479492], [335.6689453125, 104.82298278808594, -106.23219299316406, 38.05009460449219, 79.83963012695312, 92.51785278320312, 164.27682495117188, 99.54440307617188, 64.8338851928711, 78.23965454101562, 53.021244049072266, 32.09528350830078, 56.7750129699707], [620.328857421875, -37.400814056396484, -49.9504508972168, 3.8185510635375977, 101.1486587524414, 81.51092529296875, 99.54440307617188, 156.4739532470703, 81.36180877685547, 89.15447998046875, 57.44685745239258, 51.89237594604492, 73.0433120727539], [277.0049743652344, -7.753246784210205, -50.28927230834961, 52.60121154785156, 66.66802215576172, 68.11746215820312, 64.8338851928711, 81.36180877685547, 108.1419906616211, 73.65310668945312, 56.74687957763672, 55.168704986572266, 60.34171676635742], [477.39263916015625, -26.281343460083008, -124.95279693603516, -25.835405349731445, 102.48822784423828, 18.773258209228516, 78.23965454101562, 89.15447998046875, 73.65310668945312, 164.46487426757812, 80.40885162353516, 39.2181282043457, 73.9969711303711], [87.23140716552734, -12.053053855895996, -29.298776626586914, 11.738645553588867, 45.974491119384766, 56.988895416259766, 53.021244049072266, 57.44685745239258, 56.74687957763672, 80.40885162353516, 105.56053161621094, 62.97028350830078, 48.97334289550781], [36.5570068359375, -54.068138122558594, -17.815963745117188, 46.02641296386719, 28.964160919189453, 66.55985260009766, 32.09528350830078, 51.89237594604492, 55.168704986572266, 39.2181282043457, 62.97028350830078, 102.65349578857422, 64.5963363647461], [295.06207275390625, -61.813194274902344, -141.34768676757812, 15.269365310668945, 91.95124816894531, 23.221220016479492, 56.7750129699707, 73.0433120727539, 60.34171676635742, 73.9969711303711, 48.97334289550781, 64.5963363647461, 136.78453063964844]], "lowlevel.mfcc.icov": [[8.862875984050333e-05, -1.0834861313924193e-05, 0.00013158998626749963, 8.235473069362342e-05, -0.00016871182015165687, -0.00023206624609883875, 0.00023476143542211503, -0.0003258447686675936, 2.9749864552286454e-05, -0.00012239388888701797, 0.00018719960644375533, 8.823117968859151e-05, 0.0001044741875375621], [-1.0834861313924193e-05, 0.0007670973427593708, 0.00021984070190228522, -0.0010171204339712858, 0.00015740611706860363, 0.00013498557382263243, -0.0005641194293275476, 4.086574790562736e-06, 0.000503412215039134, -7.885650848038495e-05, -0.00041288213105872273, 0.0006615922320634127, 0.0004699493001680821], [0.00013158998626749963, 0.00021984070190228522, 0.001769776688888669, 0.0002834172046277672, -0.0012765447609126568, -0.0017175618559122086, 0.001536055002361536, -0.000549459713511169, 0.00024738561478443444, 0.0006751702167093754, -0.00017906169523485005, -3.450220174272545e-05, 0.0020242524333298206], [8.235473069362342e-05, -0.0010171204339712858, 0.0002834172046277672, 0.0056874253787100315, -0.0021768170408904552, -0.0026410268619656563, 0.0006625053938478231, 0.002403095830231905, -0.003171442076563835, 0.0018191845156252384, 0.0015342809492722154, -0.002297240775078535, 0.0003246086125727743], [-0.00016871182015165687, 0.00015740611706860363, -0.0012765447609126568, -0.0021768170408904552, 0.009361470118165016, 0.00038557039806619287, -0.0007767340866848826, -0.002370695350691676, 0.0008234080160036683, -0.003950562793761492, 0.00030212258570827544, 0.003821259131655097, -0.005550108850002289], [-0.00023206624609883875, 0.00013498557382263243, -0.0017175618559122086, -0.0026410268619656563, 0.00038557039806619287, 0.011298691853880882, -0.005493960343301296, -0.0018232186557725072, -0.0014110938645899296, 0.0030733575113117695, -0.0027548917569220066, -0.003624222707003355, 0.0018159816972911358], [0.00023476143542211503, -0.0005641194293275476, 0.001536055002361536, 0.0006625053938478231, -0.0007767340866848826, -0.005493960343301296, 0.014794478192925453, -0.0056646233424544334, -0.0002986650506500155, -0.0022227405570447445, -0.0008880918612703681, 0.0038344438653439283, -0.0010676156962290406], [-0.0003258447686675936, 4.086574790562736e-06, -0.000549459713511169, 0.002403095830231905, -0.002370695350691676, -0.0018232186557725072, -0.0056646233424544334, 0.018657496199011803, -0.006009989883750677, -0.001396128791384399, 0.001318399328738451, -0.0029610302299261093, -0.0015072200912982225], [2.9749864552286454e-05, 0.000503412215039134, 0.00024738561478443444, -0.003171442076563835, 0.0008234080160036683, -0.0014110938645899296, -0.0002986650506500155, -0.006009989883750677, 0.022567851468920708, -0.005348789971321821, -0.0014760149642825127, -0.002733347937464714, -0.0014505005674436688], [-0.00012239388888701797, -7.885650848038495e-05, 0.0006751702167093754, 0.0018191845156252384, -0.003950562793761492, 0.0030733575113117695, -0.0022227405570447445, -0.001396128791384399, -0.005348789971321821, 0.018060361966490746, -0.009989997372031212, 0.0021258315537124872, -0.00031270243925973773], [0.00018719960644375533, -0.00041288213105872273, -0.00017906169523485005, 0.0015342809492722154, 0.00030212258570827544, -0.0027548917569220066, -0.0008880918612703681, 0.001318399328738451, -0.0014760149642825127, -0.00998999737203121