{"song_id": "1183694599248674840", "download": "https://cdn.discordapp.com/attachments/1135911532732108921/1183694599248674840/chirp.mp4?ex=65894480&amp", "lyrics": "Flipping through history's pages, traditions call,\nFragrance of ink, where mountains and rivers enthrall.\nDragon Chenchen soaring on paper high,\nIs it AI's wisdom, or artisan's sky?", "style": ["rap"], "essentia_features": {"lowlevel.average_loudness": 0.9075132608413696, "lowlevel.barkbands_crest.mean": 15.351795196533203, "lowlevel.barkbands_crest.stdev": 6.647454738616943, "lowlevel.barkbands_flatness_db.mean": 0.22609734535217285, "lowlevel.barkbands_flatness_db.stdev": 0.09241805225610733, "lowlevel.barkbands_kurtosis.mean": 42.3686637878418, "lowlevel.barkbands_kurtosis.stdev": 93.70280456542969, "lowlevel.barkbands_skewness.mean": 3.4929635524749756, "lowlevel.barkbands_skewness.stdev": 4.325587749481201, "lowlevel.barkbands_spread.mean": 22.112682342529297, "lowlevel.barkbands_spread.stdev": 25.07486915588379, "lowlevel.dissonance.mean": 0.44891348481178284, "lowlevel.dissonance.stdev": 0.05732874199748039, "lowlevel.dynamic_complexity": 3.491140365600586, "lowlevel.erbbands_crest.mean": 10.163057327270508, "lowlevel.erbbands_crest.stdev": 4.773326396942139, "lowlevel.erbbands_flatness_db.mean": 0.16316229104995728, "lowlevel.erbbands_flatness_db.stdev": 0.06271693110466003, "lowlevel.erbbands_kurtosis.mean": 3.7559380531311035, "lowlevel.erbbands_kurtosis.stdev": 6.646358489990234, "lowlevel.erbbands_skewness.mean": 0.21292397379875183, "lowlevel.erbbands_skewness.stdev": 1.654137372970581, "lowlevel.erbbands_spread.mean": 47.30733108520508, "lowlevel.erbbands_spread.stdev": 36.202449798583984, "lowlevel.hfc.mean": 16.46694564819336, "lowlevel.hfc.stdev": 18.81447410583496, "lowlevel.loudness_ebu128.integrated": -15.130501747131348, "lowlevel.loudness_ebu128.loudness_range": 1.7189216613769531, "lowlevel.loudness_ebu128.momentary.mean": -16.03561019897461, "lowlevel.loudness_ebu128.momentary.stdev": 2.927096128463745, "lowlevel.loudness_ebu128.short_term.mean": -14.820361137390137, "lowlevel.loudness_ebu128.short_term.stdev": 0.6091470718383789, "lowlevel.melbands_crest.mean": 21.63551139831543, "lowlevel.melbands_crest.stdev": 8.537559509277344, "lowlevel.melbands_flatness_db.mean": 0.2796657681465149, "lowlevel.melbands_flatness_db.stdev": 0.12605299055576324, "lowlevel.melbands_kurtosis.mean": 87.73497009277344, "lowlevel.melbands_kurtosis.stdev": 160.83433532714844, "lowlevel.melbands_skewness.mean": 5.333673477172852, "lowlevel.melbands_skewness.stdev": 5.268747806549072, "lowlevel.melbands_spread.mean": 27.376827239990234, "lowlevel.melbands_spread.stdev": 43.79106521606445, "lowlevel.pitch_salience.mean": 0.4434812664985657, "lowlevel.pitch_salience.stdev": 0.21411915123462677, "lowlevel.silence_rate_20dB.mean": 1.0, "lowlevel.silence_rate_20dB.stdev": 0.0, "lowlevel.silence_rate_30dB.mean": 0.9012345671653748, "lowlevel.silence_rate_30dB.stdev": 0.2983463406562805, "lowlevel.silence_rate_60dB.mean": 0.14567901194095612, "lowlevel.silence_rate_60dB.stdev": 0.3527842164039612, "lowlevel.spectral_centroid.mean": 1548.655517578125, "lowlevel.spectral_centroid.stdev": 1390.988525390625, "lowlevel.spectral_complexity.mean": 9.04444408416748, "lowlevel.spectral_complexity.stdev": 10.124804496765137, "lowlevel.spectral_decrease.mean": -9.75321867713319e-09, "lowlevel.spectral_decrease.stdev": 1.427730200731503e-08, "lowlevel.spectral_energy.mean": 0.03830447047948837, "lowlevel.spectral_energy.stdev": 0.05435007065534592, "lowlevel.spectral_energyband_high.mean": 0.0009889145148918033, "lowlevel.spectral_energyband_high.stdev": 0.0018399744294583797, "lowlevel.spectral_energyband_low.mean": 0.02911709062755108, "lowlevel.spectral_energyband_low.stdev": 0.05162256211042404, "lowlevel.spectral_energyband_middle_high.mean": 0.0031206286512315273, "lowlevel.spectral_energyband_middle_high.stdev": 0.006013965699821711, "lowlevel.spectral_energyband_middle_low.mean": 0.006370891351252794, "lowlevel.spectral_energyband_middle_low.stdev": 0.014024562202394009, "lowlevel.spectral_entropy.mean": 7.54928731918335, "lowlevel.spectral_entropy.stdev": 0.6820245981216431, "lowlevel.spectral_flux.mean": 0.09394234418869019, "lowlevel.spectral_flux.stdev": 0.09606882929801941, "lowlevel.spectral_kurtosis.mean": 4.431545257568359, "lowlevel.spectral_kurtosis.stdev": 3.9025323390960693, "lowlevel.spectral_rms.mean": 0.004995472263544798, "lowlevel.spectral_rms.stdev": 0.003523564897477627, "lowlevel.spectral_rolloff.mean": 2132.424560546875, "lowlevel.spectral_rolloff.stdev": 3237.08349609375, "lowlevel.spectral_skewness.mean": 1.6490422487258911, "lowlevel.spectral_skewness.stdev": 0.8566648960113525, "lowlevel.spectral_spread.mean": 6438209.5, "lowlevel.spectral_spread.stdev": 2570733.0, "lowlevel.spectral_strongpeak.mean": 0.7780503034591675, "lowlevel.spectral_strongpeak.stdev": 0.9380748867988586, "lowlevel.zerocrossingrate.mean": 0.07943551987409592, "lowlevel.zerocrossingrate.stdev": 0.08773254603147507, "metadata.audio_properties.analysis.equal_loudness": 0.0, "metadata.audio_properties.analysis.length": 9.365328788757324, "metadata.audio_properties.analysis.sample_rate": 44100.0, "metadata.audio_properties.analysis.start_time": 0.0, "metadata.audio_properties.bit_rate": 125265.0, "metadata.audio_properties.length": 9.365333557128906, "metadata.audio_properties.lossless": 0.0, "metadata.audio_properties.number_channels": 1.0, "metadata.audio_properties.replay_gain": -12.249998092651367, "metadata.audio_properties.sample_rate": 48000.0, "rhythm.beats_count": 13.0, "rhythm.beats_loudness.mean": 0.046576522290706635, "rhythm.beats_loudness.stdev": 0.040414538234472275, "rhythm.bpm": 86.86275482177734, "rhythm.bpm_histogram_first_peak_bpm": 86.0, "rhythm.bpm_histogram_first_peak_weight": 0.5, "rhythm.bpm_histogram_second_peak_bpm": 0.0, "rhythm.bpm_histogram_second_peak_spread": 0.0, "rhythm.bpm_histogram_second_peak_weight": 0.0, "rhythm.danceability": 1.3519831895828247, "rhythm.onset_rate": 5.330000877380371, "tonal.chords_changes_rate": 0.15763546526432037, "tonal.chords_number_rate": 0.054187193512916565, "tonal.chords_strength.mean": 0.4751950800418854, "tonal.chords_strength.stdev": 0.06063143163919449, "tonal.hpcp_crest.mean": 11.754683494567871, "tonal.hpcp_crest.stdev": 5.5473527908325195, "tonal.hpcp_entropy.mean": 2.3203396797180176, "tonal.hpcp_entropy.stdev": 0.7555260062217712, "tonal.key_edma.strength": 0.6482400894165039, "tonal.key_krumhansl.strength": 0.6378560662269592, "tonal.key_temperley.strength": 0.6133309602737427, "tonal.tuning_diatonic_strength": 0.4611057937145233, "tonal.tuning_equal_tempered_deviation": 0.25566908717155457, "tonal.tuning_frequency": 455.5166015625, "tonal.tuning_nontempered_energy_ratio": 0.8381223678588867, "lowlevel.barkbands.mean": [0.0008524828590452671, 0.022319044917821884, 0.004723571706563234, 0.0021614518482238054, 0.0010490997228771448, 0.0010260326089337468, 0.0008810735889710486, 0.0005095062078908086, 0.0006175009766593575, 0.0005800914368592203, 0.0007756084087304771, 0.00027788293664343655, 0.0003481022431515157, 0.00024233860312961042, 0.0002076950913760811, 0.00022121854999568313, 0.00017010576266329736, 0.00011243316839681938, 0.00017199826834257692, 0.00013708467304240912, 0.00013030263653490692, 0.00016596417117398232, 0.0001945050898939371, 0.00017588597256690264, 0.00016278959810733795, 9.073571709450334e-05, 6.35395691617191e-09], "lowlevel.barkbands.stdev": [0.0016299706185236573, 0.036301374435424805, 0.024667691439390182, 0.009429669938981533, 0.0027950971852988005, 0.0022019739262759686, 0.002954070456326008, 0.0018625060329213738, 0.0018593023996800184, 0.0018766677239909768, 0.002637629397213459, 0.0009321818361058831, 0.0011784059461206198, 0.0006747618317604065, 0.0005043361452408135, 0.0006460770382545888, 0.00037726768641732633, 0.0003735497302841395, 0.0004075604083482176, 0.00042312886216677725, 0.0003582520585041493, 0.0004027704999316484, 0.00041907577542588115, 0.00041442064684815705, 0.0003011933295056224, 0.00015844930021557957, 7.064479490281883e-08], "lowlevel.erbbands.mean": [0.9187871217727661, 3.937971591949463, 5.399940490722656, 6.8844146728515625, 5.6140289306640625, 2.6231470108032227, 4.360896110534668, 9.345248222351074, 15.677998542785645, 7.523565292358398, 13.655291557312012, 15.168628692626953, 13.201390266418457, 28.431779861450195, 23.630931854248047, 12.019144058227539, 15.905908584594727, 14.010390281677246, 10.677071571350098, 11.507123947143555, 12.237557411193848, 9.63418960571289, 6.446569919586182, 6.8327836990356445, 9.228097915649414, 6.126138210296631, 5.416680335998535, 5.1429314613342285, 5.9377312660217285, 5.65878963470459, 5.385292053222656, 4.160446643829346, 2.796506643295288, 1.8116422891616821, 1.1154708862304688, 0.6510687470436096, 0.1155751571059227, 0.004944983869791031, 0.00014795642346143723, 5.4288189858198166e-05], "lowlevel.erbbands.stdev": [1.4754042625427246, 7.042924880981445, 24.88844108581543, 32.42856216430664, 16.758848190307617, 7.38344144821167, 15.145319938659668, 17.837703704833984, 50.882747650146484, 17.421541213989258, 52.75859451293945, 49.47701644897461, 39.23458480834961, 92.60194396972656, 72.13674926757812, 41.52234649658203, 54.310569763183594, 37.905948638916016, 26.19805908203125, 26.99081802368164, 38.405941009521484, 21.433147430419922, 19.502214431762695, 19.48318099975586, 21.967252731323242, 18.295042037963867, 16.077028274536133, 13.277682304382324, 14.516162872314453, 12.060056686401367, 11.44135856628418, 10.289026260375977, 6.426370620727539, 3.5485451221466064, 2.0427043437957764, 1.1812057495117188, 0.20815260708332062, 0.009429589845240116, 0.0002241473412141204, 6.027324707247317e-05], "lowlevel.gfcc.mean": [-65.62531280517578, 55.51156997680664, -77.2920150756836, 34.08955764770508, -60.34580612182617, 26.070676803588867, -46.86699295043945, 16.933961868286133, -27.550498962402344, 5.368106842041016, -18.014646530151367, 3.4750289916992188, -12.612418174743652], "lowlevel.melbands.mean": [0.007032114081084728, 0.0034239294473081827, 0.0011648077052086592, 0.00027624936774373055, 0.0001354207779513672, 0.00022006069775670767, 0.00021917569392826408, 7.609889871673658e-05, 0.00011939167598029599, 9.037792187882587e-05, 6.432794907595962e-05, 0.00011253453703830019, 9.671358566265553e-05, 3.419174754526466e-05, 3.208748603356071e-05, 3.363325595273636e-05, 2.5007358999573626e-05, 1.6926773241721094e-05, 1.5579160390188918e-05, 1.4998062397353351e-05, 1.4186130101734307e-05, 1.0204453246842604e-05, 7.770808224449866e-06, 4.373414412839338e-06, 5.4681067922501825e-06, 7.129259302018909e-06, 5.646865247399546e-06, 3.805470669249189e-06, 3.2949521937553072e-06, 3.3051280752260936e-06, 2.851568979167496e-06, 3.2508346521353815e-06, 3.3803037240431877e-06, 3.1396609756484395e-06, 3.0776975563640008e-06, 2.9490440738300094e-06, 2.495134367563878e-06, 2.1711962290282827e-06, 1.4017188050274854e-06, 1.5935844430714496e-06], "lowlevel.melbands.stdev": [0.011304069310426712, 0.010320751927793026, 0.005016593728214502, 0.0007328804931603372, 0.00045016943477094173, 0.00042209631646983325, 0.0007010588306002319, 0.00019277339742984623, 0.0004582508991006762, 0.0003033806278835982, 0.00020184772438369691, 0.00036822815309278667, 0.00032122249831445515, 0.00010739767458289862, 0.00011990602797595784, 0.00010996910714311525, 7.079169881762937e-05, 4.5968812628416345e-05, 3.7876485293963924e-05, 3.645139076979831e-05, 4.890316995442845e-05, 2.2713405996910296e-05, 2.166847298212815e-05, 1.61954576469725e-05, 1.611139487067703e-05, 1.6321288057952188e-05, 1.5852408978389576e-05, 1.2253801287442911e-05, 1.0157340511796065e-05, 9.675361980043817e-06, 7.3219162004534155e-06, 7.860334335418884e-06, 8.681138751853723e-06, 6.876983661641134e-06, 6.698697688989341e-06, 7.125809588615084e-06, 6.4201826717180666e-06, 5.253318249742733e-06, 3.004259951921995e-06, 3.1552999644191004e-06], "lowlevel.melbands128.mean": [0.0008124151499941945, 0.00784715823829174, 0.009945511817932129, 0.0051198191940784454, 0.0028576490003615618, 0.002207275480031967, 0.0014528193278238177, 0.0009759087115526199, 0.0005362154333852232, 0.00023536590742878616, 0.00010518376802792773, 9.521226456854492e-05, 0.0001481252838857472, 0.00018048273341264576, 0.00017855475016403943, 0.00025482152705080807, 0.00032939048833213747, 0.00021765010023955256, 8.000456728041172e-05, 7.287549669854343e-05, 7.39352690288797e-05, 8.063614222919568e-05, 0.00015780219109728932, 0.00011052799527533352, 0.00010341288725612685, 8.575729589210823e-05, 4.484214150579646e-05, 6.21870785835199e-05, 7.280999852810055e-05, 0.00010190821922151372, 0.0001255348906852305, 0.00013955315807834268, 0.0001103487957152538, 5.59525542485062e-05, 3.45451153407339e-05, 3.133927384624258e-05, 2.7099687940790318e-05, 2.882497210521251e-05, 3.6056873796042055e-05, 4.092303424840793e-05, 2.9592634746222757e-05, 3.064759948756546e-05, 2.5791252483031712e-05, 2.355839933443349e-05, 1.6900647096917965e-05, 1.6390407836297527e-05, 1.5536930732196197e-05, 1.5056058146001305e-05, 1.5937210264382884e-05, 1.6119123756652698e-05, 1.3996010238770396e-05, 1.4990556337579619e-05, 1.5270810763468035e-05, 1.4080929759074934e-05, 1.1178784006915521e-05, 1.0100347026309464e-05, 9.202908586303238e-06, 8.28154315968277e-06, 7.974972504598554e-06, 5.0194107643619645e-06, 3.864653990603983e-06, 3.923505573766306e-06, 4.825791620532982e-06, 5.752395736635663e-06, 6.952592229936272e-06, 7.2052612267725635e-06, 7.1732110882294364e-06, 7.1953522819967475e-06, 5.3554290389001835e-06, 3.4970607885043137e-06, 3.5907301025872584e-06, 4.129886292503215e-06, 3.6725039080920396e-06, 2.750253997874097e-06, 3.420304210521863e-06, 3.578299129003426e-06, 3.1514910006080754e-06, 2.858036395991803e-06, 2.8330036911938805e-06, 2.6845034426514758e-06, 3.163758947266615e-06, 3.546708057911019e-06, 3.552252110239351e-06, 3.435147164054797e-06, 3.208424459444359e-06, 2.802097924359259e-06, 3.0383505418285495e-06, 3.909727638529148e-06, 2.580351065262221e-06, 3.0052553938730853e-06, 3.535733640092076e-06, 2.8570987069542753e-06, 2.081154207189684e-06, 2.4702062546566594e-06, 2.8175468287372496e-06, 2.432039991617785e-06, 2.1797809495183174e-06, 1.5854009234317346e-06, 1.1886269248861936e-06, 1.4743795873073395e-06, 1.4830800409981748e-06, 1.9192266336176544e-06, 1.269418930860411e-06, 1.0187727639277e-06, 8.928645343075914e-07, 1.684539370216953e-06, 1.4469472944256268e-06, 1.2430405149643775e-06, 1.3414963859759155e-06, 9.524155757389963e-07, 6.190053909449489e-07, 4.915349904877075e-07, 2.8595795242836175e-07, 1.6828208515562437e-07, 7.771873100637094e-08, 7.635469145839124e-09, 2.1121823734482348e-10, 8.18981774758365e-12, 7.622622151537417e-12, 7.381828655284028e-12, 7.187456792928648e-12, 7.032253685618217e-12, 6.8616280192446144e-12, 6.733980560669206e-12, 6.600200420925351e-12, 6.465830475199663e-12, 6.379993755523117e-12, 6.339419007100888e-12], "lowlevel.melbands128.stdev": [0.0015374544309452176, 0.012636169791221619, 0.016552751883864403, 0.011013134382665157, 0.013096354901790619, 0.011680909432470798, 0.007363136392086744, 0.0038023865781724453, 0.001476585865020752, 0.0006124655483290553, 0.0003401963331270963, 0.0003677437489386648, 0.0006162253557704389, 0.0006040447042323649, 0.0003858616983052343, 0.000606063287705183, 0.001047745463438332, 0.0009821368148550391, 0.00028340451535768807, 0.00022369185171555728, 0.0002846583374775946, 0.0003753076889552176, 0.000815082632470876, 0.0004077860794495791, 0.00047417942550964653, 0.00041366746881976724, 0.0001497962512075901, 0.00027690944261848927, 0.0003409416531212628, 0.0004588369920384139, 0.0005938515532761812, 0.0006093206466175616, 0.00047109651495702565, 0.00019786755729001015, 0.00012526252248790115, 0.00014303797797765583, 0.00012026914919260889, 0.0001465428213123232, 0.00015875861572567374, 0.0001817378361010924, 0.00012505901395343244, 0.00011324420484015718, 9.471504017710686e-05, 9.301322279497981e-05, 5.732429781346582e-05, 5.846719068358652e-05, 4.966446795151569e-05, 4.870993871008977e-05, 4.7548339352943e-05, 5.008086372981779e-05, 4.23476958530955e-05, 4.504730168264359e-05, 7.493547309422866e-05, 4.701365833170712e-05, 2.97519909508992e-05, 2.61476197920274e-05, 2.473988752171863e-05, 2.4055316316662356e-05, 2.643421248649247e-05, 1.7066087821149267e-05, 1.859391704783775e-05, 1.5418552720802836e-05, 1.872340726549737e-05, 1.625640652491711e-05, 2.1628147806040943e-05, 1.6881747797015123e-05, 1.826282823458314e-05, 2.138498894055374e-05, 1.7979125914280303e-05, 1.0679054867068771e-05, 1.2477097698138095e-05, 1.4481435755442362e-05, 1.4220972843759228e-05, 8.004465598787647e-06, 1.1325564628350548e-05, 1.2342074114712887e-05, 9.129672434937675e-06, 8.017170330276713e-06, 7.887739229772706e-06, 7.077250302245375e-06, 7.769670446577948e-06, 9.03277668840019e-06, 1.0470434062881395e-05, 9.679855793365277e-06, 8.018510015972424e-06, 6.190823569340864e-06, 7.810992428858299e-06, 9.938136827258859e-06, 6.17518526269123e-06, 6.738005595252616e-06, 8.924405847210437e-06, 7.896792340034153e-06, 5.362200681702234e-06, 7.573019502160605e-06, 7.424307568726363e-06, 6.369200036715483e-06, 5.383817551773973e-06, 4.015716058347607e-06, 2.89361832983559e-06, 3.230320999136893e-06, 3.032210770470556e-06, 4.05413538828725e-06, 2.958591721835546e-06, 1.946587190104765e-06, 1.8656249949344783e-06, 3.4898193916887976e-06, 3.096362888754811e-06, 2.432131395835313e-06, 2.7330645480105886e-06, 1.9221440652472666e-06, 1.1646449138424941e-06, 1.111875121750927e-06, 5.828637767990585e-07, 3.9921729921843507e-07, 2.0286830704208114e-07, 2.5744217424517046e-08, 2.433262702439265e-09, 1.4815764934339448e-11, 1.415057307441181e-11, 1.3766354375888135e-11, 1.3429391279573544e-11, 1.313438767469588e-11, 1.285967339559324e-11, 1.2636908880425679e-11, 1.2449638542300079e-11, 1.2299445316388269e-11, 1.2191034640118836e-11, 1.2123663184482325e-11], "lowlevel.mfcc.mean": [-721.9328002929688, 94.7540283203125, 35.4639778137207, 15.217960357666016, 14.618826866149902, 5.58359956741333, 0.9842115640640259, 6.278379917144775, -2.1249983310699463, 4.204660892486572, -3.9292144775390625, -4.94775915145874, 3.487525701522827], "lowlevel.spectral_contrast_coeffs.mean": [-0.6848379373550415, -0.7502375841140747, -0.797905445098877, -0.8018752932548523, -0.789326548576355, -0.7931433320045471], "lowlevel.spectral_contrast_coeffs.stdev": [0.0936630442738533, 0.10358555614948273, 0.08272860944271088, 0.07112415134906769, 0.06257618963718414, 0.045152246952056885], "lowlevel.spectral_contrast_valleys.mean": [-7.694863796234131, -7.747432231903076, -8.339056968688965, -8.643852233886719, -8.62913703918457, -10.316364288330078], "lowlevel.spectral_contrast_valleys.stdev": [1.3903911113739014, 1.0399861335754395, 1.1513172388076782, 1.3929471969604492, 1.3455983400344849, 1.1315373182296753], "rhythm.beats_loudness_band_ratio.mean": [0.44133123755455017, 0.1262190341949463, 0.0945567712187767, 0.19264814257621765, 0.07633399963378906, 0.11428925395011902], "rhythm.beats_loudness_band_ratio.stdev": [0.35546213388442993, 0.15613217651844025, 0.1415524035692215, 0.26475220918655396, 0.08494967967271805, 0.11134666949510574], "tonal.hpcp.mean": [0.08453096449375153, 0.07911190390586853, 0.05300737917423248, 0.06662925332784653, 0.08442085981369019, 0.07121097296476364, 0.04538774862885475, 0.03804580122232437, 0.03725022077560425, 0.03856373950839043, 0.04628637805581093, 0.04811002314090729, 0.03980065509676933, 0.04712965339422226, 0.0742204487323761, 0.08776934444904327, 0.09571636468172073, 0.0861864686012268, 0.07412990182638168, 0.09169149398803711, 0.10439551621675491, 0.09446126967668533, 0.0866282731294632, 0.06839913129806519, 0.0644492506980896, 0.07568006962537766, 0.07215594500303268, 0.08439625054597855, 0.08841522783041, 0.07866233587265015, 0.07688771188259125, 0.09323128312826157, 0.22828654944896698, 0.510863721370697, 0.41077470779418945, 0.10660121589899063], "tonal.hpcp.stdev": [0.21993708610534668, 0.2040591984987259, 0.15962904691696167, 0.15512704849243164, 0.18234236538410187, 0.16271711885929108, 0.11627711355686188, 0.10471899062395096, 0.10383836179971695, 0.10205086320638657, 0.14005781710147858, 0.14913485944271088, 0.10569614171981812, 0.13558870553970337, 0.18940836191177368, 0.21912625432014465, 0.22313222289085388, 0.20935989916324615, 0.1806432604789734, 0.2064000368118286, 0.21887467801570892, 0.21587973833084106, 0.2157922387123108, 0.1894494742155075, 0.17836521565914154, 0.2014150172472, 0.18448008596897125, 0.20875975489616394, 0.21586637198925018, 0.186441108584404, 0.19602295756340027, 0.21425305306911469, 0.2823295295238495, 0.440998375415802, 0.38271117210388184, 0.20571129024028778], "rhythm.beats_position": [0.7198185920715332, 1.4164172410964966, 2.1014058589935303, 2.7863945960998535, 3.4713830947875977, 4.156371593475342, 4.852970600128174, 5.537959098815918, 6.222947597503662, 6.919546127319336, 7.616145133972168, 8.312743186950684, 9.009342193603516], "rhythm.bpm_histogram": [0.0, 0.0, 0.0, 0.0, 0.0, 0.0, 0.0, 0.0, 0.0, 0.0, 0.0, 0.0, 0.0, 0.0, 0.0, 0.0, 0.0, 0.0, 0.0, 0.0, 0.0, 0.0, 0.0, 0.0, 0.0, 0.0, 0.0, 0.0, 0.0, 0.0, 0.0, 0.0, 0.0, 0.0, 0.0, 0.0, 0.0, 0.0, 0.0, 0.0, 0.0, 0.0, 0.0, 0.0, 0.0, 0.0, 0.0, 0.0, 0.0, 0.0, 0.0, 0.0, 0.0, 0.0, 0.0, 0.0, 0.0, 0.0, 0.0, 0.0, 0.0, 0.0, 0.0, 0.0, 0.0, 0.0, 0.0, 0.0, 0.0, 0.0, 0.0, 0.0, 0.0, 0.0, 0.0, 0.0, 0.0, 0.0, 0.0, 0.0, 0.0, 0.0, 0.0, 0.0, 0.0, 0.0, 0.5, 0.0, 0.5, 0.0, 0.0, 0.0, 0.0, 0.0, 0.0, 0.0, 0.0, 0.0, 0.0, 0.0, 0.0, 0.0, 0.0, 0.0, 0.0, 0.0, 0.0, 0.0, 0.0, 0.0, 0.0, 0.0, 0.0, 0.0, 0.0, 0.0, 0.0, 0.0, 0.0, 0.0, 0.0, 0.0, 0.0, 0.0, 0.0, 0.0, 0.0, 0.0, 0.0, 0.0, 0.0, 0.0, 0.0, 0.0, 0.0, 0.0, 0.0, 0.0, 0.0, 0.0, 0.0, 0.0, 0.0, 0.0, 0.0, 0.0, 0.0, 0.0, 0.0, 0.0, 0.0, 0.0, 0.0, 0.0, 0.0, 0.0, 0.0, 0.0, 0.0, 0.0, 0.0, 0.0, 0.0, 0.0, 0.0, 0.0, 0.0, 0.0, 0.0, 0.0, 0.0, 0.0, 0.0, 0.0, 0.0, 0.0, 0.0, 0.0, 0.0, 0.0, 0.0, 0.0, 0.0, 0.0, 0.0, 0.0, 0.0, 0.0, 0.0, 0.0, 0.0, 0.0, 0.0, 0.0, 0.0, 0.0, 0.0, 0.0, 0.0, 0.0, 0.0, 0.0, 0.0, 0.0, 0.0, 0.0, 0.0, 0.0, 0.0, 0.0, 0.0, 0.0, 0.0, 0.0, 0.0, 0.0, 0.0, 0.0, 0.0, 0.0, 0.0, 0.0, 0.0, 0.0, 0.0, 0.0, 0.0, 0.0, 0.0, 0.0, 0.0, 0.0, 0.0, 0.0, 0.0, 0.0, 0.0, 0.0, 0.0, 0.0, 0.0, 0.0, 0.0, 0.0, 0.0, 0.0, 0.0, 0.0, 0.0, 0.0], "tonal.chords_histogram": [8.866994857788086, 31.034482955932617, 13.300492286682129, 0.0, 0.0, 0.0, 0.0, 12.807881355285645, 5.418719291687012, 5.911330223083496, 1.9704433679580688, 8.374383926391602, 6.896551609039307, 0.0, 0.0, 0.0, 0.0, 0.0, 3.9408867359161377, 0.0, 0.0, 0.0, 0.0, 1.477832555770874], "tonal.thpcp": [1.0, 0.8040788173675537, 0.20866858959197998, 0.16546675562858582, 0.15485911071300507, 0.10376030951738358, 0.13042470812797546, 0.1652512401342392, 0.13939328491687775, 0.08884511888027191, 0.07447348535060883, 0.07291615754365921, 0.07548733055591583, 0.09060415625572205, 0.09417388588190079, 0.07790855318307877, 0.09225484728813171, 0.1452842354774475, 0.17180578410625458, 0.18736183643341064, 0.16870735585689545, 0.14510700106620789, 0.17948327958583832, 0.204351007938385, 0.1849050223827362, 0.16957217454910278, 0.13388919830322266, 0.12615741789340973, 0.14814139902591705, 0.14124304056167603, 0.1652030646800995, 0.17307008802890778, 0.15397909283638, 0.15050533413887024, 0.18249736726284027, 0.44686388969421387], "lowlevel.gfcc.cov": [[8801.056640625, 377.6523742675781, -1198.103271484375, 519.5289916992188, 211.7234649658203, 116.26849365234375, 113.22725677490234, 235.21267700195312, 185.14047241210938, 371.0669860839844, 296.34442138671875, 237.7478790283203, 167.10647583007812], [377.6523742675781, 3041.850341796875, -46.23408889770508, -536.4630737304688, 705.9210815429688, -146.52561950683594, 240.8272705078125, 216.02529907226562, 285.631591796875, -111.39515686035156, 401.3870544433594, -57.10329818725586, 93.95518493652344], [-1198.103271484375, -46.23408889770508, 2197.84814453125, 945.0784301757812, 370.297119140625, 456.91497802734375, 427.9759826660156, 35.800994873046875, 211.3179473876953, 231.59368896484375, 99.59587860107422, 156.12484741210938, 89.03983306884766], [519.5289916992188, -536.4630737304688, 945.0784301757812, 1457.8134765625, 548.2467041015625, 193.73634338378906, 172.24546813964844, 92.41407012939453, 213.18597412109375, 284.814697265625, 69.0279541015625, 247.25767517089844, 192.63641357421875], [211.7234649658203, 705.9210815429688, 370.297119140625, 548.2467041015625, 993.3284912109375, 245.82272338867188, 189.33053588867188, 222.47889709472656, 292.4874267578125, 229.4994659423828, 224.0304718017578, 98.42733001708984, 153.81344604492188], [116.26849365234375, -146.52561950683594, 456.91497802734375, 193.73634338378906, 245.82272338867188, 553.0167236328125, 358.30206298828125, 55.133766174316406, 71.31089782714844, 171.9721221923828, 129.64027404785156, 42.99070358276367, 58.6400260925293], [113.22725677490234, 240.8272705078125, 427.9759826660156, 172.24546813964844, 189.33053588867188, 358.30206298828125, 637.1299438476562, 205.38063049316406, 56.75968933105469, 71.1347427368164, 165.4032745361328, 95.72980499267578, 101.79901885986328], [235.21267700195312, 216.02529907226562, 35.800994873046875, 92.41407012939453, 222.47889709472656, 55.133766174316406, 205.38063049316406, 294.1125793457031, 128.22657775878906, 22.647050857543945, 105.94212341308594, 64.27579498291016, 79.001220703125], [185.14047241210938, 285.631591796875, 211.3179473876953, 213.18597412109375, 292.4874267578125, 71.31089782714844, 56.75968933105469, 128.22657775878906, 277.66058349609375, 130.23138427734375, 110.26044464111328, 36.83047866821289, 87.38357543945312], [371.0669860839844, -111.39515686035156, 231.59368896484375, 284.814697265625, 229.4994659423828, 171.9721221923828, 71.1347427368164, 22.647050857543945, 130.23138427734375, 268.0476989746094, 118.1748046875, 62.91999816894531, 63.224159240722656], [296.34442138671875, 401.3870544433594, 99.59587860107422, 69.0279541015625, 224.0304718017578, 129.64027404785156, 165.4032745361328, 105.94212341308594, 110.26044464111328, 118.1748046875, 284.69793701171875, 72.24211883544922, 69.03214263916016], [237.7478790283203, -57.10329818725586, 156.12484741210938, 247.25767517089844, 98.42733001708984, 42.99070358276367, 95.72980499267578, 64.27579498291016, 36.83047866821289, 62.91999816894531, 72.24211883544922, 170.81869506835938, 93.30979919433594], [167.10647583007812, 93.95518493652344, 89.03983306884766, 192.63641357421875, 153.81344604492188, 58.6400260925293, 101.79901885986328, 79.001220703125, 87.38357543945312, 63.224159240722656, 69.03214263916016, 93.30979919433594, 151.1509552001953]], "lowlevel.gfcc.icov": [[0.0001996884384425357, -0.00023618436534889042, 0.00028756761457771063, -0.000353217008523643, 0.00037345936289057136, -0.0003599234623834491, 0.00013885338557884097, -0.00029128394089639187, 6.460608710767701e-05, -0.00045771460281684995, 0.00017645738262217492, -0.0002641918254084885, 0.00026173877995461226], [-0.00023618436534889042, 0.0015007846523076296, -0.000595283112488687, 0.0013485924573615193, -0.0018052394734695554, 0.001843294478021562, -0.00114610162563622, 0.001520648947916925, -0.0010524169774726033, 0.0018229733686894178, -0.001654403400607407, 0.0007684070151299238, -0.0008136858814395964], [0.00028756761457771063, -0.000595283112488687, 0.0013179128291085362, -0.0012013680534437299, 0.0008972740615718067, -0.0011751319980248809, -8.485450234729797e-05, -0.00010478180047357455, -0.000459635048173368, -0.000647980545181781, 0.0006452988018281758, -0.0007824476924724877, 0.0011866629356518388], [-0.000353217008523643, 0.0013485924573615193, -0.0012013680534437299, 0.002975365612655878, -0.0023033940233290195, 0.0020572212524712086, -0.0009789232863113284, 0.0015005284221842885, -0.0007715397514402866, 0.0007692728540860116, -0.0004735233960673213, -0.0006372838979586959, -0.0013772508827969432], [0.00037345936289057136, -0.0018052394734695554, 0.0008972740615718067, -0.0023033940233290195, 0.004259542562067509, -0.0028539567720144987, 0.00175110821146518, -0.0027533683460205793, 0.00037915314896963537, -0.002399209886789322, 0.001135120284743607, -0.00029451321461237967, 0.0005963938892818987], [-0.0003599234623834491, 0.001843294478021562, -0.0011751319980248809, 0.0020572212524712086, -0.0028539567720144987, 0.006411416921764612, -0.0036126242484897375, 0.002849284093827009, -0.0007757483399473131, 0.00022403358889278024, -0.0018943576142191887, 0.0017132338834926486, -0.0011544377775862813], [0.00013885338557884097, -0.00114610162563622, -8.485450234729797e-05, -0.0009789232863113284, 0.00175110821146518, -0.0036126242484897375, 0.005056570749729872, -0.0038156756199896336, 0.0022340603172779083, -0.0006336903315968812, 0.00019267236348241568, -0.0005070532788522542, -0.0007366351783275604], [-0.00029128394089639187, 0.001520648947916925, -0.00010478180047357455, 0.0015005284221842885, -0.0027533683460205793, 0.002849284093827009, -0.0038156756199896336, 0.008811195380985737, -0.0041965339332818985, 0.003493978874757886, -0.0018622053321450949, -0.000784198462497443, -0.0005136228865012527], [6.460608710767701e-05, -0.0010524169774726033, -0.000459635048173368, -0.0007715397514402866, 0.00037915314896963537, -0.0007757483399473131, 0.0022340603172779083, -0.0041965339332818985, 0.009109362959861755, -0.003777453675866127, 0.00021858060790691525, 0.0022160892840474844, -0.0027134506963193417], [-0.00045771460281684995, 0.0018229733686894178, -0.000647980545181781, 0.0007692728540860116, -0.002399209886789322, 0.00022403358889278024, -0.0006336903315968812, 0.003493978874757886, -0.003777453675866127, 0.010334058664739132, -0.0038864980451762676, 0.00013557546481024474, -0.0007181083201430738], [0.00017645738262217492, -0.001654403400607407, 0.0006452988018281758, -0.0004735233960673213, 0.001135120284743607, -0.0018943576142191887, 0.00019267236348241568, -0.0018622053321450949, 0.00021858060790691525, -0.0038864980451762676, 0.008109110407531261, -0.002922571264207363, 0.0010799780720844865], [-0.0002641918254084885, 0.0007684070151299238, -0.0007824476924724877, -0.0006372838979586959, -0.00029451321461237967, 0.0017132338834926486, -0.0005070532788522542, -0.000784198462497443, 0.0022160892840474844, 0.00013557546481024474, -0.002922571264207363, 0.012581625021994114, -0.006296138279139996], [0.00026173877995461226, -0.0008136858814395964, 0.0011866629356518388, -0.0013772508827969432, 0.0005963938892818987, -0.0011544377775862813, -0.0007366351783275604, -0.0005136228865012527, -0.0027134506963193417, -0.0007181083201430738, 0.0010799780720844865, -0.006296138279139996, 0.01375670824199915]], "lowlevel.mfcc.cov": [[8231.359375, -306.9261474609375, -1523.095947265625, 325.5181884765625, 4.45391321182251, -2.505850315093994, 21.643651962280273, 26.80474090576172, 25.443584442138672, 45.18231201171875, 146.89698791503906, 179.08375549316406, 135.06973266601562], [-306.9261474609375, 3244.560546875, -537.6243896484375, -341.4390869140625, 280.2569885253906, -321.8489990234375, 176.15789794921875, 205.8634796142578, -65.70243835449219, 117.04149627685547, 146.36099243164062, 124.48682403564453, 115.91651153564453], [-1523.095947265625, -537.6243896484375, 1868.5845947265625, 522.0528564453125, 56.6244010925293, 534.3164672851562, 223.25233459472656, 139.5207061767578, 167.418701171875, 66.82780456542969, 109.66667175292969, 106.35175323486328, 32.070804595947266], [325.5181884765625, -341.4390869140625, 522.0528564453125, 1243.1202392578125, 544.5193481445312, 306.4623107910156, 92.19425201416016, 151.07984924316406, 273.3918151855469, 25.369709014892578, 135.68199157714844, 141.02493286132812, 154.56005859375], [4.45391321182251, 280.2569885253906, 56.6244010925293, 544.5193481445312, 833.2609252929688, 259.6777038574219, 35.20320129394531, 32.071434020996094, 130.0388641357422, 164.10006713867188, 133.58604431152344, 132.6048126220703, 158.08387756347656], [-2.505850315093994, -321.8489990234375, 534.3164672851562, 306.4623107910156, 259.6777038574219, 648.7221069335938, 287.20440673828125, 33.91086196899414, 153.9193115234375, 108.12706756591797, 168.03759765625, 156.26663208007812, 49.186302185058594], [21.643651962280273, 176.15789794921875, 223.25233459472656, 92.19425201416016, 35.20320129394531, 287.20440673828125, 510.7752685546875, 236.73580932617188, 128.76097106933594, 87.29180908203125, 194.70220947265625, 145.3784942626953, 35.70178985595703], [26.80474090576172, 205.8634796142578, 139.5207061767578, 151.07984924316406, 32.071434020996094, 33.91086196899414, 236.73580932617188, 318.9248352050781, 155.77285766601562, 26.433176040649414, 102.447265625, 88.26039123535156, 39.006248474121094], [25.443584442138672, -65.70243835449219, 167.418701171875, 273.3918151855469, 130.0388641357422, 153.9193115234375, 128.76097106933594, 155.77285766601562, 302.3586120605469, 55.75251007080078, 75.45585632324219, 97.92162322998047, 37.009281158447266], [45.18231201171875, 117.04149627685547, 66.82780456542969, 25.369709014892578, 164.10006713867188, 108.12706756591797, 87.29180908203125, 26.433176040649414, 55.75251007080078, 240.61569213867188, 108.1459732055664, 49.95961380004883, 64.94877624511719], [146.89698791503906, 146.36099243164062, 109.66667175292969, 135.68199157714844, 133.58604431152344, 168.03759765625, 194.70220947265625, 102.447265625, 75.45585632324219, 108.1459732055664, 221.4685516357422, 123.5035400390625, 42.84062576293945], [179.08375549316406, 124.48682403564453, 106.35175323486328, 141.02493286132812, 132.6048126220703, 156.26663208007812, 145.3784942626953, 88.26039123535156, 97.92162322998047, 49.95961380004883, 123.5035400390625, 169.79733276367188, 66.04932403564453], [135.06973266601562, 115.91651153564453, 32.070804595947266, 154.56005859375, 158.08387756347656, 49.186302185058594, 35.70178985595703, 39.006248474121094, 37.009281158447266, 64.94877624511719, 42.84062576293945, 66.04932403564453, 151.518310546875]], "lowlevel.mfcc.icov": [[0.0001851739943958819, 2.8699256290565245e-05, 0.0002596390258986503, -0.00018011496285907924, 0.00020911995670758188, -0.00018452503718435764, 0.00012484157923609018, -0.00013375691196415573, 0.00015626657113898546, -0.00015073847316671163, -7.544753771071555e-06, -0.00027617483283393085, -6.254772597458214e-05], [2.8699256290565245e-05, 0.00046810208004899323, 3.504992855596356e-05, 0.00023322596098296344, -0.0003523455816321075, 0.0004447408427949995, -0.00023409980349242687, -0.0001755186967784539, 0.00015107623767107725, 3.422492591198534e-05, -0.00017430097796022892, -0.00033993658144026995, -0.0001595443900441751], [0.0002596390258986503, 3.504992855596356e-05, 0.0012300028465688229, -0.0006487483042292297, 0.0007469066767953336, -0.001174731063656509, 0.0005072844214737415, -0.0007946584955789149, 0.0005270353867672384, -0.0005981553695164621, 0.0002878058876376599, -0.000414057431044057, 5.7064389693550766e-05], [-0.00018011496285907924, 0.00023322596098296344, -0.0006487483042292297, 0.002098964061588049, -0.0013981949305161834, 0.00039678995381109416, -2.9854647891625063e-06, -5.0532460591057315e-05, -0.001217312877997756, 0.0015310008311644197, -0.0010381396859884262, 0.0008831840241327882, -0.0011283624917268753], [0.00020911995670758188, -0.0003523455816321075, 0.0007469066767953336, -0.0013981949305161834, 0.0030917981639504433, -0.0015292286407202482, 0.0012064366601407528, -0.00033791575697250664, 0.00045203359331935644, -0.001567052211612463, 0.00014527364692185074, -0.0007563984836451709, -0.0007253558724187315], [-0.00018452503718435764, 0.0004447408427949995, -0.001174731063656509, 0.00039678995381109416, -0.0015292286407202482, 0.004968027584254742, -0.002954509574919939, 0.0029542280826717615, -0.001316493726335466, 0.00036254312726669014, -0.0005972107173874974, -0.00119410187471658, 0.0004420806362759322], [0.00012484157923609018, -0.00023409980349242687, 0.0005072844214737415, -2.9854647891625063e-06, 0.0012064366601407528, -0.002954509574919939, 0.005934578832238913, -0.003958169836550951, 0.0008939148974604905, -0.0005835294723510742, -0.0017276961589232087, -0.0006421912694349885, 8.471497858408839e-05], [-0.00013375691196415573, -0.0001755186967784539, -0.0007946584955789149, -5.0532460591057315e-05, -0.00033791575697250664, 0.0029542280826717615, -0.003958169836550951, 0.008247372694313526, -0.0033651881385594606, 0.001240660436451435, -0.0011470186291262507, 0.00017140664567705244, -0.0007839622558094561], [0.00015626657113898546, 0.00015107623767107725, 0.0005270353867672384, -0.001217312877997756, 0.00045203359331935644, -0.001316493726335466, 0.0008939148974604905, -0.0033651881385594606, 0.006625382229685783, -0.0019184352131560445, 0.0017731896368786693, -0.002856376115232706, 0.0014345867093652487], [-0.00015073847316671163, 3.422492591198534e-05, -0.0005981553695164621, 0.0015310008311644197, -0.001567052211612463, 0.00036254312726669014, -0.0005835294723510742, 0.001240660436451435, -0.0019184352131560445, 0.0076194521971046925, -0.004117722623050213, 0.002978467382490635, -0.002923186868429184], [-7.544753771071555e-06, -0.00017430097796022892, 0.0002878058876376599, -0.0010381396859884262, 0.00014527364692185074, -0.0005972107173874974, -0.0017276961589232087, -0.0011470186291262507, 0.0017731896368786693, -0.004117722623050213, 0.011857053264975548, -0.006084131076931953, 0.0025144543033093214], [-0.00027617483283393085, -0.00033993658144026995, -0.000414057431044057, 0.0008831840241327882, -0.0007563984836451709, -0.00119410187471658, -0.0006421912694349885, 0.00017140664567705244, -0.002856376115232706, 0.002978467382490635, -0.006084131076931953, 0.01502637192606926, -0.0044320616871118546], [-6.254772597458214e-05, -0.0001595443900441751, 5.7064389693550766e-05, -0.0011283624917268753, -0.0007253558724187315, 0.0004420806362759322, 8.471497858408839e-05, -0.0007839622558094561, 0.0014345867093652487, -0.002923186868429184, 0.0025144543033093214, -0.0044320616871118546, 0.010835441760718822]], "metadata.audio_properties.analysis.downmix": "mix", "metadata.audio_properties.codec": "mp3", "metadata.audio_properties.md5_encoded": "0019839900149ff2684b794a9b433588", "metadata.tags.file_name": "1183694599248674840.mp3", "metadata.version.essentia": "2.1-beta6-dev", "metadata.version.essentia_git_sha": "v2.1_beta5-1110-g77a6a954", "metadata.version.extractor": "music 2.0", "tonal.chords_key": "E", "tonal.chords_scale": "major", "tonal.key_edma.key": "C#", "tonal.key_edma.scale": "minor", "tonal.key_krumhansl.key": "C#", "tonal.key_krumhansl.scale": "minor", "tonal.key_temperley.key": "C#", "tonal.key_temperley.scale": "minor", "metadata.tags.encoding": ["Lavf58.45.100"]}, "essentia_models": [{"model_name": "genre_dortmund", "activations": {"alternative": "3.381717e-05", "blues": "6.646358e-06", "electronic": "4.4356344e-05", "folkcountry": "6.910441e-06", "funksoulrnb": "0.00019950008", "jazz": "9.64715e-06", "pop": "0.00011780422", "raphiphop": "0.9998782", "rock": "0.00021656773"}}, {"model_name": "genre_rosamerica", "activations": {"classic": "1.4009248e-05", "dance": "3.18175e-07", "hip hop": "0.9953863", "jazz": "6.3712884e-07", "pop": "0.00020946252", "rhythm and blues": "0.0047978214", "rock": "4.5577235e-05", "speech": "0.0006210534"}}, {"model_name": "genre_tzanetakis", "activations": {"blues": "8.875869e-06", "classic": "4.521071e-06", "country": "8.670628e-06", "disco": "5.0051716e-05", "hip hop": "0.9532625", "jazz": "1.9757351e-07", "metal": "1.9939268e-06", "pop": "7.9170095e-05", "reggae": "0.027755633", "rock": "0.00011534007"}}, {"model_name": "genre_electronic", "activations": {"ambient": "0.09096532", "dnb": "0.3217247", "house": "0.58864826", "techno": "0.634049", "trance": "0.0058266185"}}, {"model_name": "mood_acoustic", "activations": {"acoustic": "8.218064e-07", "not acoustic": "0.98634595"}}, {"model_name": "