{"song_id": "1183706199414284289", "download": "https://cdn.discordapp.com/attachments/1128313332273782784/1183706199414284289/chirp.mp4?ex=65894f4e&amp", "lyrics": "\u041e\u043e\u043e\u043e, \u0441\u0435\u0440\u0434\u0446\u0435 \u0442\u0440\u0435\u0432\u043e\u0433\u043e\u0439 \u043e\u043a\u0443\u0442\u0430\u043b \u043f\u0435\u0440\u0435\u0441\u0442\u0440\u043e\u0439 2024 \u0433\u043e\u0434\u0430\n\u041e\u043e\u043e\u043e, \u0437\u0430\u0436\u0433\u043b\u0438 \u0432 \u0434\u0443\u0448\u0435 \u0442\u043e\u0441\u043a\u0443 \u0438 \u0441\u0432\u0435\u0442 \u0437\u0432\u0435\u0437\u0434\u044b\n\u041e\u043e\u043e\u043e, \u0441\u0442\u0430\u043b\u043a\u0440\u0430\u0444\u0442 \u0433\u043e\u0440\u044c\u043a\u043e\u0439 \u0441\u043b\u0430\u0434\u043e\u0441\u0442\u044c\u044e \u043e\u0432\u0435\u044f\u043b\n\n[Verse]\nSchanson, the genre with soul and flair\nFrench melodies floating in the air\nLyrics that intoxicate, emotions they share\nA rhythmic journey, beyond compare\n\n[Chorus]\nSchanson, Schanson, let your voice ignite\nExpress your stories through the darkest nights\nPassion and elegance, so pure and bright\nSchanson, Schanson, take us to new heights", "style": ["K</span><span>-Pop"], "essentia_features": {"lowlevel.average_loudness": 0.9416318535804749, "lowlevel.barkbands_crest.mean": 14.52297306060791, "lowlevel.barkbands_crest.stdev": 5.285166263580322, "lowlevel.barkbands_flatness_db.mean": 0.2619950771331787, "lowlevel.barkbands_flatness_db.stdev": 0.09428473562002182, "lowlevel.barkbands_kurtosis.mean": 17.174930572509766, "lowlevel.barkbands_kurtosis.stdev": 31.700485229492188, "lowlevel.barkbands_skewness.mean": 2.6926181316375732, "lowlevel.barkbands_skewness.stdev": 2.266106605529785, "lowlevel.barkbands_spread.mean": 15.005880355834961, "lowlevel.barkbands_spread.stdev": 19.144611358642578, "lowlevel.dissonance.mean": 0.4044354557991028, "lowlevel.dissonance.stdev": 0.07358729094266891, "lowlevel.dynamic_complexity": 2.641878843307495, "lowlevel.erbbands_crest.mean": 12.117594718933105, "lowlevel.erbbands_crest.stdev": 5.422479152679443, "lowlevel.erbbands_flatness_db.mean": 0.21851709485054016, "lowlevel.erbbands_flatness_db.stdev": 0.09268608689308167, "lowlevel.erbbands_kurtosis.mean": 3.12845516204834, "lowlevel.erbbands_kurtosis.stdev": 6.5508131980896, "lowlevel.erbbands_skewness.mean": 0.47392216324806213, "lowlevel.erbbands_skewness.stdev": 1.2775455713272095, "lowlevel.erbbands_spread.mean": 35.718666076660156, "lowlevel.erbbands_spread.stdev": 31.826082229614258, "lowlevel.hfc.mean": 24.07792091369629, "lowlevel.hfc.stdev": 29.87678337097168, "lowlevel.loudness_ebu128.integrated": -13.784887313842773, "lowlevel.loudness_ebu128.loudness_range": 6.026668548583984, "lowlevel.loudness_ebu128.momentary.mean": -14.97316837310791, "lowlevel.loudness_ebu128.momentary.stdev": 3.663435935974121, "lowlevel.loudness_ebu128.short_term.mean": -14.490410804748535, "lowlevel.loudness_ebu128.short_term.stdev": 2.6053593158721924, "lowlevel.melbands_crest.mean": 18.283674240112305, "lowlevel.melbands_crest.stdev": 5.7445831298828125, "lowlevel.melbands_flatness_db.mean": 0.34449830651283264, "lowlevel.melbands_flatness_db.stdev": 0.11707978695631027, "lowlevel.melbands_kurtosis.mean": 36.15642166137695, "lowlevel.melbands_kurtosis.stdev": 58.24876403808594, "lowlevel.melbands_skewness.mean": 3.8664615154266357, "lowlevel.melbands_skewness.stdev": 3.102440118789673, "lowlevel.melbands_spread.mean": 13.409527778625488, "lowlevel.melbands_spread.stdev": 22.855432510375977, "lowlevel.pitch_salience.mean": 0.4364795982837677, "lowlevel.pitch_salience.stdev": 0.1478436440229416, "lowlevel.silence_rate_20dB.mean": 0.9985724687576294, "lowlevel.silence_rate_20dB.stdev": 0.037755973637104034, "lowlevel.silence_rate_30dB.mean": 0.9436116814613342, "lowlevel.silence_rate_30dB.stdev": 0.2306710034608841, "lowlevel.silence_rate_60dB.mean": 0.06638115644454956, "lowlevel.silence_rate_60dB.stdev": 0.24895213544368744, "lowlevel.spectral_centroid.mean": 1003.3331298828125, "lowlevel.spectral_centroid.stdev": 962.7449340820312, "lowlevel.spectral_complexity.mean": 11.796573638916016, "lowlevel.spectral_complexity.stdev": 7.335883617401123, "lowlevel.spectral_decrease.mean": -1.408019034698782e-08, "lowlevel.spectral_decrease.stdev": 1.2704583163269945e-08, "lowlevel.spectral_energy.mean": 0.05532579496502876, "lowlevel.spectral_energy.stdev": 0.04859662428498268, "lowlevel.spectral_energyband_high.mean": 0.0016165458364412189, "lowlevel.spectral_energyband_high.stdev": 0.003596958238631487, "lowlevel.spectral_energyband_low.mean": 0.039884112775325775, "lowlevel.spectral_energyband_low.stdev": 0.045787058770656586, "lowlevel.spectral_energyband_middle_high.mean": 0.0031214181799441576, "lowlevel.spectral_energyband_middle_high.stdev": 0.005370703525841236, "lowlevel.spectral_energyband_middle_low.mean": 0.011522927321493626, "lowlevel.spectral_energyband_middle_low.stdev": 0.01457370538264513, "lowlevel.spectral_entropy.mean": 6.873134613037109, "lowlevel.spectral_entropy.stdev": 0.9334566593170166, "lowlevel.spectral_flux.mean": 0.08551199734210968, "lowlevel.spectral_flux.stdev": 0.0675114244222641, "lowlevel.spectral_kurtosis.mean": 20.727407455444336, "lowlevel.spectral_kurtosis.stdev": 34.075618743896484, "lowlevel.spectral_rms.mean": 0.0066449022851884365, "lowlevel.spectral_rms.stdev": 0.0031339440029114485, "lowlevel.spectral_rolloff.mean": 1091.1258544921875, "lowlevel.spectral_rolloff.stdev": 1949.6103515625, "lowlevel.spectral_skewness.mean": 2.83622407913208, "lowlevel.spectral_skewness.stdev": 2.382197618484497, "lowlevel.spectral_spread.mean": 4566538.0, "lowlevel.spectral_spread.stdev": 2961044.5, "lowlevel.spectral_strongpeak.mean": 0.7967917323112488, "lowlevel.spectral_strongpeak.stdev": 0.7945456504821777, "lowlevel.zerocrossingrate.mean": 0.04460715875029564, "lowlevel.zerocrossingrate.stdev": 0.0537458099424839, "metadata.audio_properties.analysis.equal_loudness": 0.0, "metadata.audio_properties.analysis.length": 32.490657806396484, "metadata.audio_properties.analysis.sample_rate": 44100.0, "metadata.audio_properties.analysis.start_time": 0.0, "metadata.audio_properties.bit_rate": 124894.0, "metadata.audio_properties.length": 32.490665435791016, "metadata.audio_properties.lossless": 0.0, "metadata.audio_properties.number_channels": 1.0, "metadata.audio_properties.replay_gain": -11.651836395263672, "metadata.audio_properties.sample_rate": 48000.0, "rhythm.beats_count": 51.0, "rhythm.beats_loudness.mean": 0.07507821172475815, "rhythm.beats_loudness.stdev": 0.0740303099155426, "rhythm.bpm": 89.68144226074219, "rhythm.bpm_histogram_first_peak_bpm": 89.0, "rhythm.bpm_histogram_first_peak_weight": 0.3125, "rhythm.bpm_histogram_second_peak_bpm": 105.0, "rhythm.bpm_histogram_second_peak_spread": 0.5333333015441895, "rhythm.bpm_histogram_second_peak_weight": 0.14000000059604645, "rhythm.danceability": 1.0200505256652832, "rhythm.onset_rate": 4.737304210662842, "tonal.chords_changes_rate": 0.03994293883442879, "tonal.chords_number_rate": 0.0071326675824820995, "tonal.chords_strength.mean": 0.5277559757232666, "tonal.chords_strength.stdev": 0.07830105721950531, "tonal.hpcp_crest.mean": 17.94200897216797, "tonal.hpcp_crest.stdev": 8.638606071472168, "tonal.hpcp_entropy.mean": 1.437041997909546, "tonal.hpcp_entropy.stdev": 0.7843044400215149, "tonal.key_edma.strength": 0.6405988931655884, "tonal.key_krumhansl.strength": 0.6492394804954529, "tonal.key_temperley.strength": 0.6511775255203247, "tonal.tuning_diatonic_strength": 0.5454817414283752, "tonal.tuning_equal_tempered_deviation": 0.0458579957485199, "tonal.tuning_frequency": 439.74591064453125, "tonal.tuning_nontempered_energy_ratio": 0.6494081020355225, "lowlevel.barkbands.mean": [0.0005968700861558318, 0.02839125320315361, 0.010132362134754658, 0.0014159453567117453, 0.001792644732631743, 0.0012860733550041914, 0.0032514031045138836, 0.002090380061417818, 0.0015899920836091042, 0.0008604946197010577, 0.0006391507922671735, 0.0005585902836173773, 0.00019449304090812802, 0.0001306393533013761, 0.00019417170551605523, 0.00011744081712095067, 8.380198414670303e-05, 6.090087117627263e-05, 0.00022102060029283166, 0.00020054433844052255, 0.0002481788396835327, 0.00034761495771817863, 0.0003263616526965052, 0.0003196180041413754, 0.00021165622456464916, 6.320980901364237e-05, 1.0646693908711313e-06], "lowlevel.barkbands.stdev": [0.0019631257746368647, 0.03997733071446419, 0.014134403318166733, 0.0047303130850195885, 0.004034505691379309, 0.0032987059094011784, 0.008003720082342625, 0.004521406255662441, 0.004533662926405668, 0.003193448530510068, 0.0015745480777695775, 0.0019138366915285587, 0.0007152269245125353, 0.0005762340151704848, 0.0006489881197921932, 0.0003335315559525043, 0.00028725696029141545, 0.00032155559165403247, 0.0006659377831965685, 0.0005971878999844193, 0.0006360543193295598, 0.0008103230502456427, 0.0008232298423536122, 0.0008586670737713575, 0.0006191607681103051, 0.00018223996448796242, 5.541582140722312e-06], "lowlevel.erbbands.mean": [1.0015413761138916, 5.82050895690918, 10.85190200805664, 8.355167388916016, 5.650747299194336, 6.493987083435059, 4.3878607749938965, 14.691032409667969, 42.23986053466797, 41.93751525878906, 44.87001419067383, 42.53805923461914, 18.92841339111328, 36.34477996826172, 25.231367111206055, 21.152952194213867, 9.539814949035645, 6.944972991943359, 9.702672958374023, 8.269498825073242, 6.596835136413574, 4.456289768218994, 3.1232521533966064, 6.951436519622803, 12.850120544433594, 9.347328186035156, 9.282554626464844, 10.508039474487305, 12.737719535827637, 11.473061561584473, 8.511696815490723, 5.906516075134277, 5.857397556304932, 3.15272855758667, 1.0428564548492432, 0.3493352234363556, 0.10602681338787079, 0.013052166439592838, 0.0002992014051415026, 7.665836164960638e-05], "lowlevel.erbbands.stdev": [1.6768189668655396, 7.5361175537109375, 14.836366653442383, 15.288534164428711, 15.175421714782715, 13.96433162689209, 12.75586223602295, 34.30446243286133, 112.4106216430664, 95.3232192993164, 100.54136657714844, 117.67733001708984, 47.68942642211914, 119.269287109375, 53.417659759521484, 70.73941802978516, 31.542097091674805, 26.488037109375, 34.71504211425781, 25.78060531616211, 17.38407325744629, 15.268389701843262, 16.013835906982422, 25.154491424560547, 36.51930618286133, 27.29073715209961, 25.446718215942383, 26.250688552856445, 29.989721298217773, 28.025354385375977, 21.442625045776367, 15.483622550964355, 16.5100154876709, 9.276590347290039, 3.0271615982055664, 1.054283618927002, 0.3016785681247711, 0.03975021466612816, 0.000801163783762604, 6.831851351307705e-05], "lowlevel.gfcc.mean": [-59.11220169067383, 117.03827667236328, -75.90694427490234, 12.80490779876709, -71.93101501464844, 23.762130737304688, -21.65797233581543, 10.401269912719727, -17.402151107788086, 2.029627799987793, -11.365547180175781, -5.144650459289551, -8.309595108032227], "lowlevel.melbands.mean": [0.008530641905963421, 0.005963013507425785, 0.0014194317627698183, 0.000440420291852206, 0.00017604777531232685, 0.0003265257109887898, 0.0006575986626558006, 0.0004844537761528045, 0.0003359043912496418, 0.0002546193136367947, 8.816532499622554e-05, 0.0001503151434008032, 7.847294909879565e-05, 7.652342173969373e-05, 2.7786458304035477e-05, 1.9707067622221075e-05, 1.1839993931062054e-05, 1.5216534848150332e-05, 1.3896941709390376e-05, 8.751019777264446e-06, 7.638629540451802e-06, 5.032917670177994e-06, 2.888603376050014e-06, 2.8206852675793925e-06, 5.561343641602434e-06, 9.677648449724074e-06, 8.089550647127908e-06, 5.817488727188902e-06, 5.292430159897776e-06, 6.343357654259307e-06, 6.0078714341216255e-06, 7.3870505730155855e-06, 6.604388545383699e-06, 6.536166893056361e-06, 5.214023531152634e-06, 3.8560983739444055e-06, 3.4808297186827986e-06, 4.310858912504045e-06, 3.6218393688614015e-06, 2.2952704057388473e-06], "lowlevel.melbands.stdev": [0.012675522826611996, 0.006796971894800663, 0.0025881719775497913, 0.0010139092337340117, 0.00042375497287139297, 0.0007751000812277198, 0.001649314071983099, 0.0009792802156880498, 0.0008178371354006231, 0.0007000538171269, 0.0002548754564486444, 0.0005150958313606679, 0.00016989742289297283, 0.00025521195493638515, 9.241498628398404e-05, 7.960923539940268e-05, 5.2512001275317743e-05, 5.816031989525072e-05, 4.612115299096331e-05, 2.7341457098373212e-05, 2.0552002752083354e-05, 1.6781375961727463e-05, 1.540550874779001e-05, 1.5022129446151666e-05, 2.1102154278196394e-05, 2.9584984076791443e-05, 2.3859769498812966e-05, 1.826551670092158e-05, 1.553532638354227e-05, 1.6679645341355354e-05, 1.557336508994922e-05, 1.8004131561610848e-05, 1.5963518308126368e-05, 1.6758871424826793e-05, 1.3422872143564746e-05, 1.0111621122632641e-05, 9.625842722016387e-06, 1.2272598723939154e-05, 1.116634848585818e-05, 6.7402638705971185e-06], "lowlevel.melbands128.mean": [0.0005592010566033423, 0.0075152176432311535, 0.013541766442358494, 0.007649424951523542, 0.00563844945281744, 0.004684059880673885, 0.0016799946315586567, 0.0006540279136970639, 0.0005327283870428801, 0.00048137165140360594, 0.0003765638102777302, 0.00017268578812945634, 0.00010850173566723242, 0.00016617534856777638, 0.00033608925878070295, 0.00033735157921910286, 0.0006091509712859988, 0.0007828631205484271, 0.0006723730475641787, 0.0003319527313578874, 0.00050038454355672, 0.0006210784777067602, 0.00018656777683645487, 0.00023683473409619182, 0.0003344006836414337, 0.0002705263323150575, 5.4564978199778125e-05, 5.493023127201013e-05, 0.00010927826951956376, 0.00018526683561503887, 0.00016878941096365452, 8.467222505714744e-05, 4.95959902764298e-05, 9.953134576790035e-05, 8.241995237767696e-05, 7.864337385399267e-05, 5.1121034630341455e-05, 2.1345906134229153e-05, 1.606472687853966e-05, 2.0834138922509737e-05, 2.4280841898871586e-05, 1.1818724487966392e-05, 8.900148714019451e-06, 1.3887919521948788e-05, 1.3969191059004515e-05, 1.4793438822380267e-05, 1.8261924196849577e-05, 1.3937414223619271e-05, 1.319775401498191e-05, 9.530363058729563e-06, 8.042601621127687e-06, 7.877852112869732e-06, 7.732992344244849e-06, 7.753048521408346e-06, 6.934304110473022e-06, 4.8326469368475955e-06, 3.3972639812418493e-06, 3.046274969165097e-06, 2.8707947876682738e-06, 2.2314120542432647e-06, 2.4951555133156944e-06, 3.3213532333320472e-06, 4.382427960081259e-06, 5.993522790959105e-06, 7.91651018516859e-06, 9.6642215794418e-06, 1.1695355169649702e-05, 8.79198887560051e-06, 7.68760310165817e-06, 6.209364983078558e-06, 5.600763415714027e-06, 5.802623491035774e-06, 5.187408078199951e-06, 4.80871813124395e-06, 5.969478479528334e-06, 6.688111170660704e-06, 6.66352116240887e-06, 5.216131285123993e-06, 6.183271125337342e-06, 5.8576547417033e-06, 8.320488632307388e-06, 7.601861852890579e-06, 6.534484782605432e-06, 7.125513093342306e-06, 5.867458639841061e-06, 5.919026989431586e-06, 7.120295322238235e-06, 7.125564479792956e-06, 4.803862339031184e-06, 4.1261005208070856e-06, 4.2662386476877145e-06, 3.7595750654872973e-06, 3.2774321425677044e-06, 3.325513034724281e-06, 3.4547308587207226e-06, 4.5314186536415946e-06, 4.557354714052053e-06, 3.990999175584875e-06, 3.6387084492162103e-06, 3.5495488646120066e-06, 2.97360884360387e-06, 1.996489345401642e-06, 1.6326920331266592e-06, 1.305457772105001e-06, 1.0381763786426745e-06, 9.875130899672513e-07, 9.602936188457534e-07, 7.270911055456963e-07, 5.393477522375179e-07, 4.2285103063477436e-07, 4.0807125856190396e-07, 3.4649158919819456e-07, 3.563254438176955e-07, 3.0939145290176384e-07, 2.117146635782774e-07, 1.5471339054329292e-07, 4.120182950373419e-08, 5.364126920426315e-09, 2.3854931918698696e-10, 2.0520881868768548e-11, 1.2258406095755348e-11, 1.0062064029203732e-11, 8.428663149373516e-12, 8.23816188877391e-12, 7.835816197288015e-12, 7.262241155658877e-12, 6.940430435226075e-12, 6.863149371733046e-12], "lowlevel.melbands128.stdev": [0.0019049167167395353, 0.014778397977352142, 0.01894759200513363, 0.010958476923406124, 0.008273976854979992, 0.006401960272341967, 0.0032911545131355524, 0.002180591458454728, 0.001578676514327526, 0.0011872185859829187, 0.0008382464875467122, 0.0004726305487565696, 0.0004559612716548145, 0.0006877438863739371, 0.00086740602273494, 0.0011929688043892384, 0.0021230054553598166, 0.002400093711912632, 0.0020028362050652504, 0.0013437246670946479, 0.0010591426398605108, 0.0014780608471482992, 0.000949708977714181, 0.0011929830070585012, 0.0011840942315757275, 0.0007629728061147034, 0.0002552241494413465, 0.00021938468853477389, 0.0005318659241311252, 0.0009109845268540084, 0.0006140619516372681, 0.0003150331322103739, 0.00016986692207865417, 0.0002587285125628114, 0.0003521384496707469, 0.0003738419618457556, 0.00023218392743729055, 0.00010579091031104326, 8.36030303617008e-05, 9.816115198191255e-05, 0.00012501562014222145, 6.599786865990609e-05, 3.756767182494514e-05, 0.00010656630911398679, 7.904681842774153e-05, 7.002250640653074e-05, 8.505592995788902e-05, 5.980089554213919e-05, 5.794077515020035e-05, 3.892593304044567e-05, 3.2019015634432435e-05, 2.8112148356740363e-05, 2.3730437533231452e-05, 2.390237023064401e-05, 2.181209492846392e-05, 1.9631226678029634e-05, 1.716150109132286e-05, 1.7229618606506847e-05, 1.8517876014811918e-05, 1.2714303011307493e-05, 1.5512112440774217e-05, 1.849371437856462e-05, 1.91959370567929e-05, 2.4443808797514066e-05, 3.155285958200693e-05, 3.554929935489781e-05, 3.903589822584763e-05, 3.0035498639335856e-05, 2.6920924938167445e-05, 1.9240265828557312e-05, 1.9392142348806374e-05, 2.0925279386574402e-05, 1.7884027329273522e-05, 1.4843823009869084e-05, 1.8278144125360996e-05, 1.9471663108561188e-05, 1.82655785465613e-05, 1.4720977560500614e-05, 1.8224152881884947e-05, 1.5577497833874077e-05, 2.1995767383486964e-05, 2.0176270481897518e-05, 1.6409308955189772e-05, 1.872356551757548e-05, 1.5835115846130066e-05, 1.6666677765897475e-05, 1.99046335183084e-05, 1.9618863007053733e-05, 1.3194211533118505e-05, 1.1559022823348641e-05, 1.1605137842707336e-05, 1.0755047696875408e-05, 9.309906090493314e-06, 1.0251460480503738e-05, 1.0756337360362522e-05, 1.3677010429091752e-05, 1.3575085176853463e-05, 1.268476353288861e-05, 1.2026360309391748e-05, 1.2793287169188261e-05, 9.195111488224939e-06, 5.917727321502753e-06, 5.102143859403441e-06, 4.237646862748079e-06, 3.5778987239609705e-06, 3.2055520478024846e-06, 2.960225401693606e-06, 2.3366394543700153e-06, 1.982819185286644e-06, 1.4553204437106615e-06, 1.3406518064584816e-06, 1.1284095080554835e-06, 1.0615812016112613e-06, 9.866265600066981e-07, 6.636503258050652e-07, 5.555598932005523e-07, 1.8950146341012442e-07, 4.1663710703687684e-08, 3.84617537818599e-09, 3.629298528373681e-10, 1.2728686160645708e-10, 7.631294901555563e-11, 3.1270073336253645e-11, 2.9817908558937845e-11, 2.365436665985321e-11, 1.546146544129101e-11, 1.3317138190804823e-11, 1.316548866453493e-11], "lowlevel.mfcc.mean": [-716.9911499023438, 152.71185302734375, 44.13108825683594, 3.041501045227051, -10.754646301269531, 7.519871234893799, 6.638988971710205, 4.846348762512207, 5.59874963760376, 5.184866428375244, -0.7918746471405029, 1.9284359216690063, 7.664000988006592], "lowlevel.spectral_contrast_coeffs.mean": [-0.6733970642089844, -0.6937975883483887, -0.7326239347457886, -0.802978515625, -0.7938419580459595, -0.7772276997566223], "lowlevel.spectral_contrast_coeffs.stdev": [0.06674665212631226, 0.08298693597316742, 0.0670563280582428, 0.05414651334285736, 0.0686754584312439, 0.058857034891843796], "lowlevel.spectral_contrast_valleys.mean": [-7.013499736785889, -6.971193313598633, -7.816092014312744, -8.768651008605957, -9.056602478027344, -10.929882049560547], "lowlevel.spectral_contrast_valleys.stdev": [1.4427406787872314, 0.9696795344352722, 1.0098989009857178, 1.2032424211502075, 1.5885505676269531, 1.8240056037902832], "rhythm.beats_loudness_band_ratio.mean": [0.433626651763916, 0.13377535343170166, 0.28507450222969055, 0.08213744312524796, 0.028315480798482895, 0.06127731874585152], "rhythm.beats_loudness_band_ratio.stdev": [0.3195120096206665, 0.2046976536512375, 0.22455601394176483, 0.0905541479587555, 0.04358246549963951, 0.11832790821790695], "tonal.hpcp.mean": [0.06307616829872131, 0.09702128171920776, 0.3045618534088135, 0.40526825189590454, 0.19864392280578613, 0.06145225837826729, 0.07243798673152924, 0.07201766222715378, 0.1629459410905838, 0.20920851826667786, 0.08478197455406189, 0.07223314046859741, 0.12919838726520538, 0.07248898595571518, 0.021306142210960388, 0.02408558316528797, 0.01822778768837452, 0.018722092732787132, 0.0183725506067276, 0.018241427838802338, 0.014895866625010967, 0.014110205695033073, 0.01500676479190588, 0.08454190194606781, 0.15664826333522797, 0.08779950439929962, 0.013756361790001392, 0.01121954619884491, 0.013030869886279106, 0.026258889585733414, 0.03380142152309418, 0.031134622171521187, 0.06763865798711777, 0.13312232494354248, 0.11574772000312805, 0.06515209376811981], "tonal.hpcp.stdev": [0.18197858333587646, 0.19127655029296875, 0.36512288451194763, 0.43691709637641907, 0.2577270269393921, 0.18863445520401, 0.2157188355922699, 0.2196379154920578, 0.29423829913139343, 0.36470791697502136, 0.18349377810955048, 0.15517352521419525, 0.2834300696849823, 0.16282202303409576, 0.08485191315412521, 0.0846097469329834, 0.07712208479642868, 0.08112160116434097, 0.0737445205450058, 0.09801271557807922, 0.06784374266862869, 0.06483155488967896, 0.07604057341814041, 0.1501954346895218, 0.2801598906517029, 0.1715579628944397, 0.0657178983092308, 0.0641980692744255, 0.075653575360775, 0.10193590819835663, 0.11351677775382996, 0.10918176919221878, 0.17427915334701538, 0.30039307475090027, 0.25760751962661743, 0.1737322062253952], "rhythm.beats_position": [0.5572788715362549, 1.1261677742004395, 1.7182766199111938, 2.2987754344940186, 2.8908843994140625, 3.4829931259155273, 4.0634918212890625, 4.632380962371826, 5.189659595489502, 5.758548736572266, 6.339047431945801, 6.9079365730285645, 7.47682523727417, 8.045714378356934, 8.614603042602539, 9.171881675720215, 9.717551231384277, 10.251609802246094, 10.890158653259277, 11.54031753540039, 12.213695526123047, 12.88707447052002, 13.548843383789062, 14.210612297058105, 14.872380256652832, 15.534149169921875, 16.1959171295166, 16.85768699645996, 17.519454956054688, 18.204444885253906, 18.889432907104492, 19.56281089782715, 20.236190795898438, 20.909568786621094, 21.57133674621582, 22.24471664428711, 22.918094635009766, 23.591472625732422, 24.26485252380371, 24.938230514526367, 25.611610412597656, 26.284988403320312, 26.95836639404297, 27.631746292114258, 28.305124282836914, 28.97850227355957, 29.65188217163086, 30.325260162353516, 30.998638153076172, 31.67201805114746, 32.33378601074219], "rhythm.bpm_histogram": [0.0, 0.0, 0.0, 0.0, 0.0, 0.0, 0.0, 0.0, 0.0, 0.0, 0.0, 0.0, 0.0, 0.0, 0.0, 0.0, 0.0, 0.0, 0.0, 0.0, 0.0, 0.0, 0.0, 0.0, 0.0, 0.0, 0.0, 0.0, 0.0, 0.0, 0.0, 0.0, 0.0, 0.0, 0.0, 0.0, 0.0, 0.0, 0.0, 0.0, 0.0, 0.0, 0.0, 0.0, 0.0, 0.0, 0.0, 0.0, 0.0, 0.0, 0.0, 0.0, 0.0, 0.0, 0.0, 0.0, 0.0, 0.0, 0.0, 0.0, 0.0, 0.0, 0.0, 0.0, 0.0, 0.0, 0.0, 0.0, 0.0, 0.0, 0.0, 0.0, 0.0, 0.0, 0.0, 0.0, 0.0, 0.0, 0.0, 0.0, 0.0, 0.0, 0.0, 0.0, 0.0, 0.0, 0.0, 0.0, 0.03999999910593033, 0.4000000059604645, 0.0, 0.18000000715255737, 0.019999999552965164, 0.0, 0.019999999552965164, 0.0, 0.0, 0.0, 0.0, 0.0, 0.0, 0.05999999865889549, 0.0, 0.05999999865889549, 0.0, 0.14000000059604645, 0.0, 0.0, 0.03999999910593033, 0.0, 0.019999999552965164, 0.0, 0.019999999552965164, 0.0, 0.0, 0.0, 0.0, 0.0, 0.0, 0.0, 0.0, 0.0, 0.0, 0.0, 0.0, 0.0, 0.0, 0.0, 0.0, 0.0, 0.0, 0.0, 0.0, 0.0, 0.0, 0.0, 0.0, 0.0, 0.0, 0.0, 0.0, 0.0, 0.0, 0.0, 0.0, 0.0, 0.0, 0.0, 0.0, 0.0, 0.0, 0.0, 0.0, 0.0, 0.0, 0.0, 0.0, 0.0, 0.0, 0.0, 0.0, 0.0, 0.0, 0.0, 0.0, 0.0, 0.0, 0.0, 0.0, 0.0, 0.0, 0.0, 0.0, 0.0, 0.0, 0.0, 0.0, 0.0, 0.0, 0.0, 0.0, 0.0, 0.0, 0.0, 0.0, 0.0, 0.0, 0.0, 0.0, 0.0, 0.0, 0.0, 0.0, 0.0, 0.0, 0.0, 0.0, 0.0, 0.0, 0.0, 0.0, 0.0, 0.0, 0.0, 0.0, 0.0, 0.0, 0.0, 0.0, 0.0, 0.0, 0.0, 0.0, 0.0, 0.0, 0.0, 0.0, 0.0, 0.0, 0.0, 0.0, 0.0, 0.0, 0.0, 0.0, 0.0, 0.0, 0.0, 0.0, 0.0, 0.0, 0.0, 0.0, 0.0, 0.0, 0.0, 0.0, 0.0, 0.0, 0.0, 0.0, 0.0, 0.0, 0.0, 0.0, 0.0, 0.0, 0.0, 0.0, 0.0], "tonal.chords_histogram": [71.04136657714844, 7.132667541503906, 3.708987236022949, 0.0, 0.0, 0.0, 0.0, 0.14265334606170654, 0.0, 13.694722175598145, 0.14265334606170654, 0.0, 0.0, 0.0, 0.0, 0.0, 0.0, 0.0, 0.0, 4.136947154998779, 0.0, 0.0, 0.0, 0.0], "tonal.thpcp": [1.0, 0.4901541769504547, 0.15163353085517883, 0.17874084413051605, 0.17770369350910187, 0.4020693600177765, 0.5162222981452942, 0.20919965207576752, 0.17823538184165955, 0.31879720091819763, 0.1788666844367981, 0.052572935819625854, 0.05943121016025543, 0.0449770912528038, 0.046196792274713516, 0.04533429443836212, 0.045010749250650406, 0.03675557300448418, 0.03481695428490639, 0.0370292142033577, 0.2086072713136673, 0.386529803276062, 0.21664540469646454, 0.033943843096494675, 0.027684247121214867, 0.032153692096471786, 0.06479384750127792, 0.08340505510568619, 0.07682472467422485, 0.16689848899841309, 0.328479528427124, 0.2856076657772064, 0.16076289117336273, 0.15564054250717163, 0.23940014839172363, 0.7515068054199219], "lowlevel.gfcc.cov": [[12311.4853515625, -3981.27099609375, 649.9151611328125, 4199.58154296875, 156.3968963623047, 1170.7596435546875, 505.15478515625, 1060.3997802734375, -13.309187889099121, 609.0986328125, -164.77899169921875, 253.8302001953125, -581.6624755859375], [-3981.27099609375, 4101.77734375, -390.6612854003906, -1872.9390869140625, 930.1434936523438, -305.62481689453125, 81.2383804321289, -354.3623962402344, 458.9281311035156, -440.90594482421875, 343.89935302734375, -201.83029174804688, 340.4345397949219], [649.9151611328125, -390.6612854003906, 1451.6241455078125, 946.7447509765625, 245.26234436035156, 591.992431640625, 402.275146484375, 163.5508575439453, 40.84439468383789, 117.44222259521484, -15.46036434173584, 57.82207489013672, -27.819324493408203], [4199.58154296875, -1872.9390869140625, 946.7447509765625, 2582.574951171875, 395.90411376953125, 760.9985961914062, 517.4029541015625, 520.9636840820312, 85.93975067138672, 258.349853515625, -53.96503829956055, 132.62078857421875, -203.02528381347656], [156.3968963623047, 930.1434936523438, 245.26234436035156, 395.90411376953125, 1069.97998046875, 330.6629638671875, 285.09210205078125, 195.85411071777344, 276.615478515625, -28.679550170898438, 116.44114685058594, -36.53614807128906, 43.96633529663086], [1170.7596435546875, -305.62481689453125, 591.992431640625, 760.9985961914062, 330.6629638671875, 625.6375732421875, 348.2690734863281, 198.08193969726562, 88.96867370605469, 78.47067260742188, 24.59695053100586, 23.617355346679688, -63.28996658325195], [505.15478515625, 81.2383804321289, 402.275146484375, 517.4029541015625, 285.09210205078125, 348.2690734863281, 513.671630859375, 185.12374877929688, 71.48554992675781, -13.683428764343262, 84.36129760742188, 10.49588394165039, -31.86910629272461], [1060.3997802734375, -354.3623962402344, 163.5508575439453, 520.9636840820312, 195.85411071777344, 198.08193969726562, 185.12374877929688, 277.2760314941406, 54.23959732055664, 46.59355926513672, 6.3059611320495605, 2.4756557941436768, -64.12787628173828], [-13.309187889099121, 458.9281311035156, 40.84439468383789, 85.93975067138672, 276.615478515625, 88.96867370605469, 71.48554992675781, 54.23959732055664, 294.1504821777344, 3.084160566329956, 33.51681900024414, -51.30442428588867, 43.55221176147461], [609.0986328125, -440.90594482421875, 117.44222259521484, 258.349853515625, -28.679550170898438, 78.47067260742188, -13.683428764343262, 46.59355926513672, 3.084160566329956, 164.6381072998047, -25.087379455566406, 3.2047460079193115, -52.37211608886719], [-164.77899169921875, 343.89935302734375, -15.46036434173584, -53.96503829956055, 116.44114685058594, 24.59695053100586, 84.36129760742188, 6.3059611320495605, 33.51681900024414, -25.087379455566406, 168.00485229492188, 23.15595054626465, 13.60246467590332], [253.8302001953125, -201.83029174804688, 57.82207489013672, 132.62078857421875, -36.53614807128906, 23.617355346679688, 10.49588394165039, 2.4756557941436768, -51.30442428588867, 3.2047460079193115, 23.15595054626465, 135.15882873535156, 21.600069046020508], [-581.6624755859375, 340.4345397949219, -27.819324493408203, -203.02528381347656, 43.96633529663086, -63.28996658325195, -31.86910629272461, -64.12787628173828, 43.55221176147461, -52.37211608886719, 13.60246467590332, 21.600069046020508, 154.30670166015625]], "lowlevel.gfcc.icov": [[0.00030754978070035577, -0.00025391351664438844, 0.00030703918309882283, -0.0005696181324310601, 0.00033977022394537926, -0.0003621916112024337, 0.00031441173632629216, -0.0006796409143134952, 0.00023226573830470443, -0.0005419579101726413, 0.0002494486980140209, -0.000382806989364326, 0.0003446172340773046], [-0.00025391351664438844, 0.002209506230428815, -0.0006452995585277677, 0.001642681541852653, -0.0018830765038728714, 0.0009101167670451105, -0.0010227641323581338, 0.002246986608952284, -0.0019544714596122503, 0.0027289430145174265, -0.0020505094435065985, 0.0014674665872007608, -0.0007012026035226882], [0.00030703918309882283, -0.0006452995585277677, 0.0016867497470229864, -0.001000313786789775, 0.0006718817166984081, -0.0013740428257733583, -7.411516708089039e-05, -0.0005085942102596164, 0.0007842362392693758, -0.0014836301561444998, 0.0009708086145110428, -0.0006559974863193929, -0.0001313070533797145], [-0.0005696181324310601, 0.001642681541852653, -0.001000313786789775, 0.002785195829346776, -0.0016319333808496594, 0.0006675705080851912, -0.0012919710716232657, 0.001185492961667478, -0.0016599110094830394, 0.0016043290961533785, -0.0009262280655093491, 0.0002716540184337646, -0.0002658209705259651], [0.00033977022394537926, -0.0018830765038728714, 0.0006718817166984081, -0.0016319333808496594, 0.0033080927096307278, -0.001462920568883419, 0.0009564374922774732, -0.0027688087429851294, 0.0006839504931122065, -0.0018929829820990562, 0.0009644886595197022, -0.0008893944905139506, 0.00011741562047973275], [-0.0003621916112024337, 0.0009101167670451105, -0.0013740428257733583, 0.0006675705080851912, -0.001462920568883419, 0.004824410192668438, -0.001990382093936205, 0.0012128043454140425, -0.001158942119218409, 0.0006542250048369169, -0.0006279665976762772, 0.0004726619808934629, 0.00028429858502931893], [0.00031441173632629216, -0.0010227641323581338, -7.411516708089039e-05, -0.0012919710716232657, 0.0009564374922774732, -0.001990382093936205, 0.005057679954916239, -0.0028102623764425516, 0.0010040747001767159, 0.0005031220498494804, -0.000978104304522276, -9.693273750599474e-05, 0.0005033139022998512], [-0.0006796409143134952, 0.002246986608952284, -0.0005085942102596164, 0.001185492961667478, -0.0027688087429851294, 0.0012128043454140425, -0.0028102623764425516, 0.010205589234828949, -0.002313099568709731, 0.0027156563010066748, -0.0016028075478971004, 0.002036986406892538, 0.00032679183641448617], [0.00023226573830470443, -0.0019544714596122503, 0.0007842362392693758, -0.0016599110094830394, 0.0006839504931122065, -0.001158942119218409, 0.0010040747001767159, -0.002313099568709731, 0.007053119596093893, -0.0031207550782710314, 0.0011496619554236531, 0.0010977155761793256, -0.0015841244021430612], [-0.0005419579101726413, 0.0027289430145174265, -0.0014836301561444998, 0.0016043290961533785, -0.0018929829820990562, 0.0006542250048369169, 0.0005031220498494804, 0.0027156563010066748, -0.0031207550782710314, 0.012415309436619282, -0.002785890595987439, 0.002302973298355937, 0.0008378239581361413], [0.0002494486980140209, -0.0020505094435065985, 0.0009708086145110428, -0.0009262280655093491, 0.0009644886595197022, -0.0006279665976762772, -0.000978104304522276, -0.0016028075478971004, 0.0011496619554236531, -0.002785890595987439, 0.009949726983904839, -0.003992167767137289, 0.0014317637542262673], [-0.000382806989364326, 0.0014674665872007608, -0.0006559974863193929, 0.0002716540184337646, -0.0008893944905139506, 0.0004726619808934629, -9.693273750599474e-05, 0.002036986406892538, 0.0010977155761793256, 0.002302973298355937, -0.003992167767137289, 0.011651512235403061, -0.00397485913708806], [0.0003446172340773046, -0.0007012026035226882, -0.0001313070533797145, -0.0002658209705259651, 0.00011741562047973275, 0.00028429858502931893, 0.0005033139022998512, 0.00032679183641448617, -0.0015841244021430612, 0.0008378239581361413, 0.0014317637542262673, -0.00397485913708806, 0.010437805205583572]], "lowlevel.mfcc.cov": [[11961.529296875, -5783.173828125, 924.7118530273438, 2582.843994140625, 687.0877075195312, 794.4261474609375, 721.4434204101562, 796.5758056640625, 406.3252258300781, 671.953125, 590.4583129882812, 150.53550720214844, 320.1404113769531], [-5783.173828125, 5487.7998046875, -1287.712646484375, -1509.1624755859375, 180.3878631591797, -390.0932922363281, -333.45721435546875, -190.7550048828125, -124.13322448730469, -244.92385864257812, -175.2775421142578, -44.13517761230469, -19.158838272094727], [924.7118530273438, -1287.712646484375, 1471.013671875, 556.3168334960938, 9.449074745178223, 486.2328186035156, 333.7532043457031, 230.6766357421875, 161.85426330566406, 126.20765686035156, 92.63419342041016, 97.58490753173828, 41.56987762451172], [2582.843994140625, -1509.1624755859375, 556.3168334960938, 1234.980224609375, 416.54608154296875, 421.4831237792969, 376.2489318847656, 404.1465148925781, 232.51303100585938, 242.1664581298828, 204.77647399902344, 69.41361236572266, 138.70460510253906], [687.0877075195312, 180.3878631591797, 9.449074745178223, 416.54608154296875, 735.5521240234375, 314.1296691894531, 191.5086669921875, 238.40933227539062, 206.6217803955078, 188.80067443847656, 166.50006103515625, 30.775672912597656, 85.02955627441406], [794.4261474609375, -390.0932922363281, 486.2328186035156, 421.4831237792969, 314.1296691894531, 545.6699829101562, 294.5055236816406, 273.37689208984375, 174.91632080078125, 160.52328491210938, 165.16543579101562, 58.68661880493164, 97.18486785888672], [721.4434204101562, -333.45721435546875, 333.7532043457031, 376.2489318847656, 191.5086669921875, 294.5055236816406, 511.1731262207031, 311.2563171386719, 107.18900299072266, 136.49822998046875, 161.0807647705078, 26.90639877319336, 97.42809295654297], [796.5758056640625, -190.7550048828125, 230.6766357421875, 404.1465148925781, 238.40933227539062, 273.37689208984375, 311.2563171386719, 455.1837463378906, 135.99896240234375, 142.89276123046875, 147.08973693847656, 27.17994499206543, 104.19243621826172], [406.3252258300781, -124.13322448730469, 161.85426330566406, 232.51303100585938, 206.6217803955078, 174.91632080078125, 107.18900299072266, 135.99896240234375, 271.7391357421875, 128.84912109375, 70.04191589355469, 32.26395797729492, 20.029109954833984], [671.953125, -244.92385864257812, 126.20765686035156, 242.1664581298828, 188.80067443847656, 160.52328491210938, 136.49822998046875, 142.89276123046875, 128.84912109375, 242.6750946044922, 136.2325439453125, 18.806100845336914, 47.23777389526367], [590.4583129882812, -175.2775421142578, 92.63419342041016, 204.77647399902344, 166.50006103515625, 165.16543579101562, 161.0807647705078, 147.08973693847656, 70.04191589355469, 136.2325439453125, 220.18739318847656, 47.28537368774414, 55.54051208496094], [150.53550720214844, -44.13517761230469, 97.58490753173828, 69.41361236572266, 30.775672912597656, 58.68661880493164, 26.90639877319336, 27.17994499206543, 32.26395797729492, 18.806100845336914, 47.28537368774414, 110.53325653076172, 36.391361236572266], [320.1404113769531, -19.158838272094727, 41.56987762451172, 138.70460510253906, 85.02955627441406, 97.18486785888672, 97.42809295654297, 104.19243621826172, 20.029109954833984, 47.23777389526367, 55.54051208496094, 36.391361236572266, 148.12161254882812]], "lowlevel.mfcc.icov": [[0.00026948086451739073, 0.0002634818374644965, 0.00017150006897281855, -0.00018321297829970717, -9.667317499406636e-05, 4.934845946991118e-06, 5.189044532016851e-05, -0.00014149727940093726, 2.8633643523789942e-05, -0.0001591923792148009, -0.00012770341709256172, -0.0001179186292574741, -0.00018351338803768158], [0.0002634818374644965, 0.000671572342980653, 0.00033476122189313173, 0.000477810826851055, -0.0004998695221729577, 3.6373276088852435e-05, 1.1710534636222292e-05, -0.0004308017378207296, -8.589592471253127e-05, 2.730597771005705e-05, 5.637569847749546e-05, -0.0003348283935338259, -0.0004015404265373945], [0.00017150006897281855, 0.00033476122189313173, 0.0015159361064434052, -0.00025531876599416137, 0.0004942352534271777, -0.0012486276682466269, -0.00036916809040121734, -6.881863373564556e-05, -0.00013114776811562479, -0.00024296568881254643, 0.0005740504711866379, -0.000952319533098489, 0.0004269738565199077], [-0.00018321297829970717, 0.000477810826851055, -0.00025531876599416137, 0.00268045486882329, -0.0010290874633938074, 0.0001279120333492756, -0.00024067884078249335, -0.0009213953162543476, -0.00040360307320952415, 4.239753252477385e-05, 0.00029585964512079954, -0.0003123270289506763, -0.0006604828522540629], [-9.667317499406636e-05, -0.0004998695221729577, 0.0004942352534271777, -0.0010290874633938074, 0.003035479923710227, -0.0013038837350904942, 0.0001306345220655203, 0.00022684442228637636, -0.000810012686997652, -0.00053217209642753, -0.0005005654529668391, 0.00037282006815075874, 0.0002120685821864754], [4.934845946991118e-06, 3.6373276088852435e-05, -0.0012486276682466269, 0.0001279120333492756, -0.0013038837350904942, 0.00492821354418993, -0.0006202055374160409, -0.0005885502323508263, -0.0007392843835987151, 0.00018386170268058777, -0.0010772586101666093, 4.8188936489168555e-05, -0.0010049245320260525], [5.189044532016851e-05, 1.1710534636222292e-05, -0.00036916809040121734, -0.00024067884078249335, 0.0001306345220655203, -0.0006202055374160409, 0.004135172814130783, -0.0017275119898840785, 0.00016435726138297468, 3.317206574138254e-05, -0.0013389374362304807, 0.0008716140291653574, -0.0006993760471232235], [-0.00014149727940093726, -0.0004308017378207296, -6.881863373564556e-05, -0.0009213953162543476, 0.00022684442228637636, -0.0005885502323508263, -0.0017275119898840785, 0.005132607184350491, -0.0006570772384293377, -9.377220703754574e-05, -0.0006554856081493199, 0.0008633246179670095, -0.00093351915711537], [2.8633643523789942e-05, -8.589592471253127e-05, -0.00013114776811562479, -0.00040360307320952415, -0.000810012686997652, -0.0007392843835987151, 0.00016435726138297468, -0.0006570772384293377, 0.006300507578998804, -0.0025030404794961214, 0.0012445570901036263, -0.001393326441757381, 0.0014678403967991471], [-0.0001591923792148009, 2.730597771005705e-05, -0.00024296568881254643, 4.239753252477385e-05, -0.00053217209642753, 0.00018386170268058777, 3.317206574138254e-05, -9.377220703754574e-05, -0.0025030404794961214, 0.008483204059302807, -0.003803874598816037, 0.0016387025825679302, -0.0007381290197372437], [-0.00012770341709256172, 5.637569847749546e-05, 0.0005740504711866379, 0.00029585964512079954, -0.0005005654529668391, -0.0010772586101666093, -0.0013389374362304807, -0.0006554856081493199, 0.0012445570901036263, -0.003803874598816037, 0.009560678154230118, -0.0032483553513884544, 0.0004390446119941771], [-0.0001179186292574741, -0.0003348283935338259, -0.000952319533098489, -0.0003123270289506763, 0.00037282006815075874, 4.8188936489168555e-05, 0.0008716140291653574, 0.0008633246179670095, -0.001393326441757381, 0.0016387025825679302, -0.0032483553513884544, 0.011967161670327187, -0.002711275592446327], [-0.00018351338803768158, -0.0004015404265373945, 0.0004269738565199077, -0.0006604828522540629, 0.0002120685821864754, -0.0010049245320260525, -0.0006993760471232235, -0.00093351915711537, 0.0014678403967991471, -0.0007381290197372437, 0.0004390446119941771, -0.002711275592446327, 0.009787268005311489]], "metadata.audio_properties.analysis.downmix": "mix", "metadata.audio_properties.codec": "mp3", "metadata.audio_propertie