{"song_id": "1183676779915915264", "download": "https://cdn.discordapp.com/attachments/1135903449314238464/1183676779915915264/chirp.mp4?ex=658933e7&amp", "lyrics": "\u660e\u6708\u51e0\u65f6\u6709\uff0c\u628a\u9152\u95ee\u9752\u5929\u3002\u4e0d\u77e5\u5929\u4e0a\u5bab\u9619\uff0c\u4eca\u5915\u662f\u4f55\u5e74\u3002\u6211\u6b32\u4e58\u98ce\u5f52\u53bb\uff0c\u53c8\u6050\u743c\u697c\u7389\u5b87\uff0c\u9ad8\u5904\u4e0d\u80dc\u5bd2\u3002\u8d77\u821e\u5f04\u6e05\u5f71\uff0c\u4f55\u4f3c\u5728\u4eba\u95f4\u3002", "style": ["\u4e2d\u56fd\u98ce"], "essentia_features": {"lowlevel.average_loudness": 0.7477292418479919, "lowlevel.barkbands_crest.mean": 14.112162590026855, "lowlevel.barkbands_crest.stdev": 5.126699924468994, "lowlevel.barkbands_flatness_db.mean": 0.40321826934814453, "lowlevel.barkbands_flatness_db.stdev": 0.05516335740685463, "lowlevel.barkbands_kurtosis.mean": 3.7816884517669678, "lowlevel.barkbands_kurtosis.stdev": 7.6096367835998535, "lowlevel.barkbands_skewness.mean": -0.4223843216896057, "lowlevel.barkbands_skewness.stdev": 1.4759951829910278, "lowlevel.barkbands_spread.mean": 3.62412166595459, "lowlevel.barkbands_spread.stdev": 2.617861747741699, "lowlevel.dissonance.mean": 0.3170500099658966, "lowlevel.dissonance.stdev": 0.0920581966638565, "lowlevel.dynamic_complexity": 5.099672317504883, "lowlevel.erbbands_crest.mean": 20.105783462524414, "lowlevel.erbbands_crest.stdev": 6.658337593078613, "lowlevel.erbbands_flatness_db.mean": 0.456976056098938, "lowlevel.erbbands_flatness_db.stdev": 0.05842703580856323, "lowlevel.erbbands_kurtosis.mean": 6.893272876739502, "lowlevel.erbbands_kurtosis.stdev": 8.42970085144043, "lowlevel.erbbands_skewness.mean": -0.45631706714630127, "lowlevel.erbbands_skewness.stdev": 1.2076412439346313, "lowlevel.erbbands_spread.mean": 4.981873035430908, "lowlevel.erbbands_spread.stdev": 3.833817720413208, "lowlevel.hfc.mean": 14.181488037109375, "lowlevel.hfc.stdev": 16.716833114624023, "lowlevel.loudness_ebu128.integrated": -32.767120361328125, "lowlevel.loudness_ebu128.loudness_range": 5.241510391235352, "lowlevel.loudness_ebu128.momentary.mean": -36.26963806152344, "lowlevel.loudness_ebu128.momentary.stdev": 7.937410354614258, "lowlevel.loudness_ebu128.short_term.mean": -34.44615936279297, "lowlevel.loudness_ebu128.short_term.stdev": 4.584229469299316, "lowlevel.melbands_crest.mean": 15.92050838470459, "lowlevel.melbands_crest.stdev": 5.520482540130615, "lowlevel.melbands_flatness_db.mean": 0.47778403759002686, "lowlevel.melbands_flatness_db.stdev": 0.05392877757549286, "lowlevel.melbands_kurtosis.mean": 3.049208164215088, "lowlevel.melbands_kurtosis.stdev": 6.840150356292725, "lowlevel.melbands_skewness.mean": -0.2072678506374359, "lowlevel.melbands_skewness.stdev": 1.417554259300232, "lowlevel.melbands_spread.mean": 6.744230270385742, "lowlevel.melbands_spread.stdev": 4.52269172668457, "lowlevel.pitch_salience.mean": 0.4468419551849365, "lowlevel.pitch_salience.stdev": 0.12303189933300018, "lowlevel.silence_rate_20dB.mean": 1.0, "lowlevel.silence_rate_20dB.stdev": 0.0, "lowlevel.silence_rate_30dB.mean": 0.9881796836853027, "lowlevel.silence_rate_30dB.stdev": 0.10807742178440094, "lowlevel.silence_rate_60dB.mean": 0.1595744639635086, "lowlevel.silence_rate_60dB.stdev": 0.3662141263484955, "lowlevel.spectral_centroid.mean": 729.5640258789062, "lowlevel.spectral_centroid.stdev": 168.1973876953125, "lowlevel.spectral_complexity.mean": 7.184988021850586, "lowlevel.spectral_complexity.stdev": 3.595311403274536, "lowlevel.spectral_decrease.mean": -4.702484623919645e-09, "lowlevel.spectral_decrease.stdev": 5.150899262673647e-09, "lowlevel.spectral_energy.mean": 0.01903456635773182, "lowlevel.spectral_energy.stdev": 0.020896462723612785, "lowlevel.spectral_energyband_high.mean": 3.481997055132524e-07, "lowlevel.spectral_energyband_high.stdev": 7.545422704424709e-07, "lowlevel.spectral_energyband_low.mean": 1.8975742932525463e-05, "lowlevel.spectral_energyband_low.stdev": 7.392010593321174e-05, "lowlevel.spectral_energyband_middle_high.mean": 0.010730770416557789, "lowlevel.spectral_energyband_middle_high.stdev": 0.014871658757328987, "lowlevel.spectral_energyband_middle_low.mean": 0.009168542921543121, "lowlevel.spectral_energyband_middle_low.stdev": 0.01205737330019474, "lowlevel.spectral_entropy.mean": 5.33206033706665, "lowlevel.spectral_entropy.stdev": 0.43995749950408936, "lowlevel.spectral_flux.mean": 0.025851421058177948, "lowlevel.spectral_flux.stdev": 0.027355380356311798, "lowlevel.spectral_kurtosis.mean": 89.0335922241211, "lowlevel.spectral_kurtosis.stdev": 42.280479431152344, "lowlevel.spectral_rms.mean": 0.003762123640626669, "lowlevel.spectral_rms.stdev": 0.0021016027312725782, "lowlevel.spectral_rolloff.mean": 923.0023193359375, "lowlevel.spectral_rolloff.stdev": 433.4275817871094, "lowlevel.spectral_skewness.mean": 6.780501842498779, "lowlevel.spectral_skewness.stdev": 2.0803396701812744, "lowlevel.spectral_spread.mean": 1207630.5, "lowlevel.spectral_spread.stdev": 802326.4375, "lowlevel.spectral_strongpeak.mean": 2.551104784011841, "lowlevel.spectral_strongpeak.stdev": 2.0422792434692383, "lowlevel.zerocrossingrate.mean": 0.03635444492101669, "lowlevel.zerocrossingrate.stdev": 0.017615383490920067, "metadata.audio_properties.analysis.equal_loudness": 0.0, "metadata.audio_properties.analysis.length": 39.252288818359375, "metadata.audio_properties.analysis.sample_rate": 44100.0, "metadata.audio_properties.analysis.start_time": 0.0, "metadata.audio_properties.bit_rate": 82443.0, "metadata.audio_properties.length": 39.253334045410156, "metadata.audio_properties.lossless": 0.0, "metadata.audio_properties.number_channels": 1.0, "metadata.audio_properties.replay_gain": 4.831575393676758, "metadata.audio_properties.sample_rate": 48000.0, "rhythm.beats_count": 99.0, "rhythm.beats_loudness.mean": 0.03143414482474327, "rhythm.beats_loudness.stdev": 0.028735166415572166, "rhythm.bpm": 153.7735137939453, "rhythm.bpm_histogram_first_peak_bpm": 152.0, "rhythm.bpm_histogram_first_peak_weight": 0.018181800842285156, "rhythm.bpm_histogram_second_peak_bpm": 157.0, "rhythm.bpm_histogram_second_peak_spread": 0.027027010917663574, "rhythm.bpm_histogram_second_peak_weight": 0.36734694242477417, "rhythm.danceability": 0.9909647703170776, "rhythm.onset_rate": 2.4703972339630127, "tonal.chords_changes_rate": 0.02125147543847561, "tonal.chords_number_rate": 0.007083825301378965, "tonal.chords_strength.mean": 0.5394494533538818, "tonal.chords_strength.stdev": 0.09703145176172256, "tonal.hpcp_crest.mean": 18.924720764160156, "tonal.hpcp_crest.stdev": 7.33750057220459, "tonal.hpcp_entropy.mean": 1.2621338367462158, "tonal.hpcp_entropy.stdev": 0.5366275906562805, "tonal.key_edma.strength": 0.6876315474510193, "tonal.key_krumhansl.strength": 0.69524085521698, "tonal.key_temperley.strength": 0.6614563465118408, "tonal.tuning_diatonic_strength": 0.48121896386146545, "tonal.tuning_equal_tempered_deviation": 0.0027487806510180235, "tonal.tuning_frequency": 441.2725830078125, "tonal.tuning_nontempered_energy_ratio": 0.5861798524856567, "lowlevel.barkbands.mean": [7.99101542270364e-07, 4.780908511747839e-06, 8.618379979452584e-06, 2.4213362848968245e-05, 0.001380659407004714, 0.001825048471800983, 0.0013542947126552463, 0.0023053146433085203, 0.0004895716556347907, 0.0036759916692972183, 0.0067482260055840015, 0.0010803446639329195, 2.140884316759184e-05, 7.149709563236684e-05, 2.660370410012547e-05, 6.498256880149711e-06, 3.7814115785295144e-06, 1.068852157004585e-06, 4.9458731155027635e-06, 5.923951675868011e-07, 2.1191716825796902e-07, 3.102787715647537e-08, 3.081486710243553e-08, 8.437098131253151e-09, 2.2801705412689444e-08, 7.552712233405146e-09, 2.0037924652882566e-09], "lowlevel.barkbands.stdev": [1.396272750753269e-06, 1.2524713383754715e-05, 5.099187546875328e-05, 6.402072176570073e-05, 0.003391409059986472, 0.0027847641613334417, 0.0027909844648092985, 0.004811768885701895, 0.0015350815374404192, 0.007310436572879553, 0.01116496417671442, 0.005411886144429445, 8.507026359438896e-05, 0.00012070592492818832, 5.285630686557852e-05, 2.7235755624133162e-05, 1.0291441867593676e-05, 4.530185833573341e-06, 6.471494543802692e-06, 9.743451983013074e-07, 2.9316473160179157e-07, 9.083636598461453e-08, 2.6868198688134726e-07, 5.3705921487789965e-08, 1.7724211431868753e-07, 5.229424360209123e-08, 1.598338905672847e-09], "lowlevel.erbbands.mean": [9.263376705348492e-05, 0.0014076060615479946, 0.009691786020994186, 0.07048875838518143, 1.8420045375823975, 6.053646087646484, 7.922911643981934, 13.769075393676758, 23.094175338745117, 16.763608932495117, 61.451019287109375, 18.286758422851562, 88.75361633300781, 298.21514892578125, 81.04961395263672, 56.42778015136719, 4.865550518035889, 4.039102554321289, 1.7880573272705078, 0.8383585810661316, 0.35918062925338745, 0.15501798689365387, 0.07957319915294647, 0.057261742651462555, 0.3446374535560608, 0.04078628495335579, 0.006933965720236301, 0.007615383248776197, 0.0016107503324747086, 0.001181888859719038, 0.00047412316780537367, 0.00027758340002037585, 0.00018729291332419962, 0.00027408430469222367, 0.00016962570953182876, 6.599226617254317e-05, 1.499439895269461e-05, 3.3077894840971567e-06, 9.943856639438309e-06, 2.2068474208936095e-05], "lowlevel.erbbands.stdev": [0.00019028950191568583, 0.00417306600138545, 0.04598694294691086, 0.17131172120571136, 5.2176971435546875, 14.81536865234375, 14.234162330627441, 22.673015594482422, 37.71824645996094, 39.26559829711914, 131.4258575439453, 40.086483001708984, 134.92095947265625, 468.03717041015625, 169.24876403808594, 277.7623291015625, 20.048933029174805, 6.751073837280273, 3.0660979747772217, 1.7891664505004883, 1.0712229013442993, 0.3782294988632202, 0.30296966433525085, 0.12119648605585098, 0.4579341411590576, 0.044536735862493515, 0.009668109007179737, 0.010324478149414062, 0.0038467352278530598, 0.009358027949929237, 0.0036341396626085043, 0.0019946517422795296, 0.0010679200058802962, 0.0018532664980739355, 0.0014368214178830385, 0.00042829671292565763, 5.59246982447803e-05, 5.032346962252632e-06, 1.0776769158837851e-05, 2.4283708626171574e-05], "lowlevel.gfcc.mean": [-240.84654235839844, 190.9009552001953, -160.7617950439453, -84.68038940429688, -68.8316879272461, -42.2906379699707, -2.7399353981018066, -17.1824893951416, -34.690574645996094, -3.444415807723999, -2.2166080474853516, -12.111838340759277, 12.555994033813477], "lowlevel.melbands.mean": [1.065330707206158e-06, 3.7180539038672578e-06, 4.4541007810039446e-05, 0.00032258647843264043, 0.00024776087957434356, 0.00034101842902600765, 0.0003521308535709977, 0.00020503216364886612, 0.000467977108201012, 9.314950875705108e-05, 0.00041248780325986445, 0.0011269618989899755, 0.00047957029892131686, 0.00013130545266903937, 6.287077849265188e-05, 2.3808004243619507e-06, 8.362374501302838e-06, 2.8061701868864475e-06, 1.8194393760495586e-06, 6.76658601150848e-07, 3.592386690343119e-07, 1.9894297054179333e-07, 7.397900958494574e-08, 5.232231714558111e-08, 3.2818203266060664e-08, 2.0798955802092678e-07, 1.6240396405464708e-07, 4.807193310085722e-09, 1.6563458382634622e-09, 8.628838088498014e-09, 2.503099505446471e-09, 8.820685848398568e-10, 4.1274622608611367e-10, 8.264467998841951e-10, 1.6548896974999394e-10, 3.4127747849943546e-10, 8.994234523829192e-11, 9.069487522106456e-11, 1.8706010351809965e-10, 2.3403637361418816e-10], "lowlevel.melbands.stdev": [2.4081125502561918e-06, 1.705350587144494e-05, 0.0001172951451735571, 0.0008641044260002673, 0.00045217282604426146, 0.0005382720264606178, 0.0006080516614019871, 0.00044232356594875455, 0.0010013803839683533, 0.00023557663371320814, 0.000673487491440028, 0.001817544805817306, 0.0008062588749453425, 0.0006003143498674035, 0.00032884941902011633, 1.0805965757754166e-05, 1.4400990949070547e-05, 4.6465597733913455e-06, 3.44913541994174e-06, 2.5631607059040107e-06, 9.586366331859608e-07, 5.437514687400835e-07, 2.4394995534748887e-07, 2.3279852712221327e-07, 9.98703981736071e-08, 2.8488386760727735e-07, 1.9153367247781716e-07, 9.725579452890543e-09, 4.2739829453353195e-09, 1.2907995561306507e-08, 4.008832377166982e-09, 2.376087326894094e-09, 1.5836140176972435e-09, 7.697066095602167e-09, 1.2408017946441419e-09, 2.977179169860733e-09, 6.20230478087791e-10, 5.301794003820248e-10, 1.2460475984354957e-09, 1.751684686190913e-09], "lowlevel.melbands128.mean": [3.423758698772872e-07, 5.655506924995279e-07, 1.1259024859100464e-06, 2.4486587335559307e-06, 4.171804448560579e-06, 4.141029876336688e-06, 4.882956091023516e-06, 1.6079611668828875e-05, 0.00012318983499426395, 0.0004887894610874355, 0.00036073551746085286, 0.00012833354412578046, 0.0003256509662605822, 0.00023939630773384124, 0.0001778089936124161, 0.0005510151968337595, 0.00047706731129437685, 0.0002635580603964627, 0.00030283399973995984, 0.00010942758672172204, 0.00011586806795094162, 0.0005358820199035108, 0.0007373937405645847, 0.00010302942973794416, 3.93940499634482e-05, 4.92163781018462e-05, 0.00025011241086758673, 0.0007226099842227995, 0.00015061958401929587, 0.0005338783375918865, 0.002030955860391259, 0.0014227934880182147, 4.428989632287994e-05, 0.0001196130397147499, 2.3215838155010715e-05, 0.00018586713122203946, 0.00024201790802180767, 9.2913796834182e-06, 1.4571180599887157e-06, 2.1165838006709237e-06, 3.129861624984187e-06, 1.7438657096136012e-06, 8.402575986110605e-06, 1.5214262930385303e-05, 5.173754971110611e-07, 1.4677796116302488e-06, 3.4113800211343914e-06, 1.8105380377164693e-06, 1.1607717169681564e-06, 8.383174758819223e-07, 6.363092097672052e-07, 6.309554123618e-07, 3.0563830932806013e-07, 1.8605688012485189e-07, 5.787274517388141e-07, 7.521100542362547e-08, 5.584700701888323e-08, 8.821627517363595e-08, 4.689773192012581e-08, 1.2065652299497742e-07, 3.8919157674399685e-08, 2.6358852878161088e-08, 3.412636218058651e-08, 3.958184535690634e-08, 1.4792648883599213e-08, 2.4123178121726596e-08, 6.307104740699288e-07, 2.0545884638067946e-07, 7.415242464503535e-08, 7.060268369940559e-09, 2.0569970171635532e-09, 1.926703463439594e-09, 1.6858124896046434e-09, 1.4218082267092313e-09, 1.370821456347926e-09, 1.0769126035370391e-08, 1.1432185864634903e-08, 3.4970082385399337e-09, 1.8617688501976204e-09, 7.360130283018407e-10, 1.1017491363674026e-09, 8.085679903402365e-10, 6.095435267639004e-10, 3.9813574659319784e-10, 2.287197098382876e-10, 7.942215773937278e-10, 1.3162092526997071e-09, 1.3968937118136182e-10, 1.2489877188048837e-10, 1.0473602540805871e-10, 3.6557445959317647e-10, 4.930444386097577e-10, 7.04141953078441e-11, 7.27260751620662e-11, 1.1294211399448528e-10, 8.295186759710305e-11, 6.94958812719193e-11, 1.1415212525234253e-10, 2.0525445232344453e-10, 2.107890251235034e-10, 2.201582111061029e-10, 2.8550917186009883e-10, 1.8994861239463035e-10, 1.238980862350303e-10, 2.4920243646420204e-10, 1.537311111743378e-10, 1.3105583285266675e-10, 1.16758380741544e-10, 8.969495285393592e-11, 7.514272537534339e-11, 6.695796694877743e-11, 3.11064334013178e-11, 1.0725828211710642e-11, 1.0225291967314032e-11, 1.3768488085763586e-11, 1.2758124418033034e-11, 1.0030384509085444e-11, 9.558631663963979e-12, 9.529899439031375e-12, 9.346988461000905e-12, 8.99155489647585e-12, 8.968812671705795e-12, 9.041436002665826e-12, 8.792339252494674e-12, 7.309311142456032e-12, 4.795522486056303e-12, 3.4324864998935833e-12, 3.2285736584203306e-12], "lowlevel.melbands128.stdev": [7.497478691220749e-07, 1.2494957672970486e-06, 2.6449031338415807e-06, 7.511896910727955e-06, 2.00182603293797e-05, 2.6244280888931826e-05, 1.948842873389367e-05, 4.343956243246794e-05, 0.0003480729938019067, 0.0014893667539581656, 0.0008715729927644134, 0.0002713355061132461, 0.0006036802660673857, 0.0005095709930174053, 0.0005321703501977026, 0.0009286705753766, 0.0008196991984732449, 0.0005871998146176338, 0.0009545909124426544, 0.00036128118517808616, 0.0005457321531139314, 0.001227675355039537, 0.0016146450070664287, 0.0004223026626277715, 0.00022861779143568128, 0.00030902240541763604, 0.00043913876288570464, 0.0012629427947103977, 0.00029441891820169985, 0.0021631387062370777, 0.0032720393501222134, 0.0023823962546885014, 0.0001817566662793979, 0.0010580092202872038, 0.00015254934260156006, 0.0009689562139101326, 0.0013012135168537498, 4.784144039149396e-05, 5.567902007896919e-06, 9.673551176092587e-06, 1.8294935216545127e-05, 1.0415730685053859e-05, 1.626954326638952e-05, 2.5354913304909132e-05, 1.3498412272383575e-06, 4.54492828794173e-06, 9.33257797441911e-06, 4.473493390833028e-06, 2.8521299100248143e-06, 3.465362169663422e-06, 3.878934876411222e-06, 3.3914775485754944e-06, 1.2800750255337334e-06, 6.566691581610939e-07, 1.8471966996003175e-06, 3.9229402659657353e-07, 2.2044858383196697e-07, 2.9890691166656325e-07, 2.2795791210228344e-07, 6.104305043663771e-07, 2.1960630647299695e-07, 1.5907158967820578e-07, 1.1816779732498617e-07, 1.3401329113094107e-07, 5.012487847011471e-08, 3.997043762637986e-08, 9.092757977668953e-07, 2.760451707217726e-07, 1.2800697390957794e-07, 1.931498694318634e-08, 6.593621648676162e-09, 5.615268694469933e-09, 7.347640718080584e-09, 4.854246338226176e-09, 4.274046450092328e-09, 1.9244925653083556e-08, 1.6575882000324782e-08, 5.823147741779167e-09, 4.076521786799958e-09, 2.890705896874124e-09, 2.7999602636441523e-09, 2.519102260123418e-09, 2.045307034848065e-09, 1.7688569498020001e-09, 1.2292568074556698e-09, 8.210331969848994e-09, 1.2326409226659507e-08, 9.44311517869778e-10, 1.1856100545770687e-09, 8.2101969667292e-10, 3.3890028561245344e-09, 4.317055157798677e-09, 4.903032979619582e-10, 5.675384051606613e-10, 9.126222555444485e-10, 4.706499634465899e-10, 3.956253935566423e-10, 7.57782336879842e-10, 1.5304552070105615e-09, 1.565070073539232e-09, 1.5815134757346527e-09, 2.5723896346363517e-09, 1.3633630890907966e-09, 8.420274477671796e-10, 3.20403503728528e-09, 1.4279559756857907e-09, 1.302697838490019e-09, 9.457530314449514e-10, 6.408666930468598e-10, 5.820219306507113e-10, 6.134254770806535e-10, 3.5136940579327813e-10, 9.227180651494304e-12, 8.630030717826642e-12, 1.2216369582596087e-10, 7.929843587328733e-11, 7.931690894358301e-12, 7.6148679375998e-12, 7.416281998240404e-12, 7.2256510670609675e-12, 7.054110767734656e-12, 6.939357075075314e-12, 6.823235119274296e-12, 6.676410726352833e-12, 6.4981119443641155e-12, 6.326991014438121e-12, 6.275049490439555e-12, 6.240569259269302e-12], "lowlevel.mfcc.mean": [-891.818359375, 245.8028564453125, -38.026756286621094, -39.099327087402344, -53.49589920043945, -31.769519805908203, 2.8293726444244385, -19.44832992553711, -10.740914344787598, 0.36332184076309204, -16.49077796936035, -27.31303596496582, -1.8997706174850464], "lowlevel.spectral_contrast_coeffs.mean": [-0.6191580295562744, -0.6420871019363403, -0.5555521845817566, -0.7395734786987305, -0.7567059397697449, -0.8022992014884949], "lowlevel.spectral_contrast_coeffs.stdev": [0.1417427659034729, 0.06885120272636414, 0.07309325039386749, 0.041179150342941284, 0.03921627998352051, 0.04882802814245224], "lowlevel.spectral_contrast_valleys.mean": [-9.652583122253418, -7.8048996925354, -8.5848970413208, -10.23122787475586, -11.347064018249512, -14.260213851928711], "lowlevel.spectral_contrast_valleys.stdev": [1.3386589288711548, 1.5040305852890015, 1.3383865356445312, 1.0577130317687988, 0.6875069737434387, 0.8071033358573914], "rhythm.beats_loudness_band_ratio.mean": [0.007617047987878323, 0.21053510904312134, 0.345141738653183, 0.5614032745361328, 0.003924370277673006, 0.0006448760977946222], "rhythm.beats_loudness_band_ratio.stdev": [0.011111518368124962, 0.22368954122066498, 0.2520827054977417, 0.29431259632110596, 0.01084496546536684, 0.0019153892062604427], "tonal.hpcp.mean": [0.19336676597595215, 0.09212266653776169, 0.29614171385765076, 0.5927800536155701, 0.2975383400917053, 0.0020048702135682106, 0.002924907486885786, 0.001443002256564796, 0.022641820833086967, 0.047563619911670685, 0.02539081498980522, 0.0016528705600649118, 0.0022672603372484446, 0.001534031587652862, 0.1716458797454834, 0.3306214213371277, 0.16036398708820343, 0.025288479402661324, 0.04568136855959892, 0.021123046055436134, 0.001561611657962203, 0.0030850896146148443, 0.004325645510107279, 0.031056581065058708, 0.04207529127597809, 0.014679834246635437, 0.007410157471895218, 0.011010832153260708, 0.01059879083186388, 0.26977282762527466, 0.4822692275047302, 0.2210698425769806, 0.0033072330988943577, 0.0011505106231197715, 0.0006219783099368215, 0.10217262804508209], "tonal.hpcp.stdev": [0.3221810460090637, 0.1545499712228775, 0.20908163487911224, 0.4131174087524414, 0.21147803962230682, 0.010254248045384884, 0.021533895283937454, 0.019993986934423447, 0.08424055576324463, 0.1796833723783493, 0.09766198694705963, 0.006657259538769722, 0.01252029463648796, 0.02342025376856327, 0.18466073274612427, 0.35124266147613525, 0.17351943254470825, 0.07749748229980469, 0.14426207542419434, 0.06792595237493515, 0.008585567586123943, 0.016767410561442375, 0.03041760064661503, 0.11947908997535706, 0.14210903644561768, 0.058129239827394485, 0.039298273622989655, 0.055481985211372375, 0.05087655037641525, 0.2434571236371994, 0.40054944157600403, 0.2153821587562561, 0.021087920293211937, 0.0093454048037529, 0.0048650773242115974, 0.17247937619686127], "rhythm.beats_position": [0.39473921060562134, 0.8126984238624573, 1.2306575775146484, 1.6486167907714844, 2.0665760040283203, 2.496145009994507, 2.9141042232513428, 3.2972335815429688, 3.6919727325439453, 4.086711883544922, 4.481451034545898, 4.876190185546875, 5.25931978225708, 5.642448902130127, 6.0371880531311035, 6.42031717300415, 6.8034467697143555, 7.198185920715332, 7.592925071716309, 7.964444160461426, 8.359183311462402, 8.753922462463379, 9.148661613464355, 9.531790733337402, 9.914920806884766, 10.309659957885742, 10.704399108886719, 11.099138259887695, 11.482267379760742, 11.877006530761719, 12.260135650634766, 12.643264770507812, 13.02639389038086, 13.421133995056152, 13.815873146057129, 14.210612297058105, 14.605351448059082, 15.000090599060059, 15.394829750061035, 15.777958869934082, 16.172698974609375, 16.555828094482422, 16.93895721435547, 17.333696365356445, 17.716825485229492, 18.11156463623047, 18.506303787231445, 18.889432907104492, 19.27256202697754, 19.667301177978516, 20.062040328979492, 20.45677947998047, 20.839908599853516, 21.223037719726562, 21.61777687072754, 22.012516021728516, 22.407255172729492, 22.79038429260254, 23.185123443603516, 23.568254470825195, 23.962993621826172, 24.34612274169922, 24.729251861572266, 25.123991012573242, 25.51873016357422, 25.913469314575195, 26.308208465576172, 26.69133758544922, 27.086076736450195, 27.4924259185791, 27.887165069580078, 28.270294189453125, 28.6650333404541, 29.04816246032715, 29.442901611328125, 29.826030731201172, 30.20915985107422, 30.603899002075195, 30.998638153076172, 31.39337730407715, 31.788116455078125, 32.17124557495117, 32.56598663330078, 32.94911575317383, 33.332244873046875, 33.71537399291992, 34.110111236572266, 34.504852294921875, 34.89958953857422, 35.282718658447266, 35.677459716796875, 36.06058883666992, 36.45532989501953, 36.850067138671875, 37.244808197021484, 37.62793731689453, 38.022674560546875, 38.40580368041992, 38.80054473876953], "rhythm.bpm_histogram": [0.0, 0.0, 0.0, 0.0, 0.0, 0.0, 0.0, 0.0, 0.0, 0.0, 0.0, 0.0, 0.0, 0.0, 0.0, 0.0, 0.0, 0.0, 0.0, 0.0, 0.0, 0.0, 0.0, 0.0, 0.0, 0.0, 0.0, 0.0, 0.0, 0.0, 0.0, 0.0, 0.0, 0.0, 0.0, 0.0, 0.0, 0.0, 0.0, 0.0, 0.0, 0.0, 0.0, 0.0, 0.0, 0.0, 0.0, 0.0, 0.0, 0.0, 0.0, 0.0, 0.0, 0.0, 0.0, 0.0, 0.0, 0.0, 0.0, 0.0, 0.0, 0.0, 0.0, 0.0, 0.0, 0.0, 0.0, 0.0, 0.0, 0.0, 0.0, 0.0, 0.0, 0.0, 0.0, 0.0, 0.0, 0.0, 0.0, 0.0, 0.0, 0.0, 0.0, 0.0, 0.0, 0.0, 0.0, 0.0, 0.0, 0.0, 0.0, 0.0, 0.0, 0.0, 0.0, 0.0, 0.0, 0.0, 0.0, 0.0, 0.0, 0.0, 0.0, 0.0, 0.0, 0.0, 0.0, 0.0, 0.0, 0.0, 0.0, 0.0, 0.0, 0.0, 0.0, 0.0, 0.0, 0.0, 0.0, 0.0, 0.0, 0.0, 0.0, 0.0, 0.0, 0.0, 0.0, 0.0, 0.0, 0.0, 0.0, 0.0, 0.0, 0.0, 0.0, 0.0, 0.0, 0.0, 0.0, 0.0, 0.010204081423580647, 0.0, 0.0, 0.0, 0.051020409911870956, 0.0, 0.0, 0.0, 0.010204081423580647, 0.0, 0.0, 0.0, 0.5510203838348389, 0.0, 0.0, 0.0, 0.0, 0.36734694242477417, 0.0, 0.0, 0.0, 0.010204081423580647, 0.0, 0.0, 0.0, 0.0, 0.0, 0.0, 0.0, 0.0, 0.0, 0.0, 0.0, 0.0, 0.0, 0.0, 0.0, 0.0, 0.0, 0.0, 0.0, 0.0, 0.0, 0.0, 0.0, 0.0, 0.0, 0.0, 0.0, 0.0, 0.0, 0.0, 0.0, 0.0, 0.0, 0.0, 0.0, 0.0, 0.0, 0.0, 0.0, 0.0, 0.0, 0.0, 0.0, 0.0, 0.0, 0.0, 0.0, 0.0, 0.0, 0.0, 0.0, 0.0, 0.0, 0.0, 0.0, 0.0, 0.0, 0.0, 0.0, 0.0, 0.0, 0.0, 0.0, 0.0, 0.0, 0.0, 0.0, 0.0, 0.0, 0.0, 0.0, 0.0, 0.0, 0.0, 0.0, 0.0, 0.0, 0.0, 0.0, 0.0, 0.0, 0.0, 0.0, 0.0, 0.0, 0.0, 0.0, 0.0], "tonal.chords_histogram": [61.03895950317383, 0.0, 3.54191255569458, 0.0, 0.0, 5.430932521820068, 0.0, 0.0, 0.0, 1.298701286315918, 0.0, 0.0, 0.0, 0.0, 0.0, 0.0, 0.0, 0.0, 0.0, 0.0, 0.0, 0.0, 9.681227684020996, 19.008264541625977], "tonal.thpcp": [1.0, 0.5019371509552002, 0.0033821486867964268, 0.0049342205747962, 0.0024342963006347418, 0.03819599002599716, 0.0802382230758667, 0.04283345118165016, 0.0027883369475603104, 0.003824791871011257, 0.0025878597516566515, 0.28956082463264465, 0.5577471852302551, 0.270528644323349, 0.04266081377863884, 0.0770629346370697, 0.0356338694691658, 0.0026343862991780043, 0.005204442422837019, 0.007297218311578035, 0.052391406148672104, 0.07097960263490677, 0.02476438693702221, 0.012500686571002007, 0.018574902787804604, 0.017879802733659744, 0.45509767532348633, 0.8135719299316406, 0.3729373812675476, 0.005579190794378519, 0.0019408727530390024, 0.0010492564179003239, 0.17236179113388062, 0.32620322704315186, 0.1554078310728073, 0.49958109855651855], "lowlevel.gfcc.cov": [[8918.015625, 3322.5625, -484.09051513671875, -408.6532897949219, 701.4293823242188, -397.2640686035156, 222.3169403076172, -284.0272521972656, -181.8107147216797, -1180.20703125, -485.21343994140625, -246.45506286621094, 62.21738815307617], [3322.5625, 1784.150634765625, -79.44672393798828, -138.53819274902344, 399.3473815917969, -355.9339294433594, 69.55559539794922, -208.93414306640625, -71.57139587402344, -464.140625, -246.4451904296875, -156.96533203125, 18.28219223022461], [-484.09051513671875, -79.44672393798828, 455.5609436035156, 176.44692993164062, -99.37049102783203, 86.18464660644531, -185.5264892578125, -17.06839942932129, -46.74846649169922, -81.14860534667969, -65.42035675048828, 12.635965347290039, -45.890323638916016], [-408.6532897949219, -138.53819274902344, 176.44692993164062, 239.60015869140625, -21.911405563354492, 37.673465728759766, -103.18991088867188, -4.948787212371826, 0.08730871230363846, 20.77151870727539, -28.00943374633789, 9.84592056274414, -54.069026947021484], [701.4293823242188, 399.3473815917969, -99.37049102783203, -21.911405563354492, 311.6758117675781, -6.166919231414795, 83.72339630126953, 6.150249004364014, 24.62708854675293, -100.54032135009766, -43.24575424194336, 25.84480094909668, 6.1913604736328125], [-397.2640686035156, -355.9339294433594, 86.18464660644531, 37.673465728759766, -6.166919231414795, 271.1483154296875, 31.13240623474121, 86.28633117675781, -10.029991149902344, -2.798598289489746, 30.860750198364258, 65.66748046875, -4.344006061553955], [222.3169403076172, 69.55559539794922, -185.5264892578125, -103.18991088867188, 83.72339630126953, 31.13240623474121, 327.9425048828125, 120.04007720947266, 16.511234283447266, -0.5280259847640991, 3.851651906967163, -29.0494384765625, 64.86022186279297], [-284.0272521972656, -208.93414306640625, -17.06839942932129, -4.948787212371826, 6.150249004364014, 86.28633117675781, 120.04007720947266, 186.89370727539062, 67.5685043334961, 31.917922973632812, 13.503278732299805, 15.552691459655762, 10.162541389465332], [-181.8107147216797, -71.57139587402344, -46.74846649169922, 0.08730871230363846, 24.62708854675293, -10.029991149902344, 16.511234283447266, 67.5685043334961, 117.91535949707031, 87.55224609375, 16.90391731262207, 17.03055763244629, -6.806246757507324], [-1180.20703125, -464.140625, -81.14860534667969, 20.77151870727539, -100.54032135009766, -2.798598289489746, -0.5280259847640991, 31.917922973632812, 87.55224609375, 321.1582336425781, 147.48623657226562, 30.734712600708008, 0.8336055874824524], [-485.21343994140625, -246.4451904296875, -65.42035675048828, -28.00943374633789, -43.24575424194336, 30.860750198364258, 3.851651906967163, 13.503278732299805, 16.90391731262207, 147.48623657226562, 151.2912139892578, 64.25804138183594, 6.288812637329102], [-246.45506286621094, -156.96533203125, 12.635965347290039, 9.84592056274414, 25.84480094909668, 65.66748046875, -29.0494384765625, 15.552691459655762, 17.03055763244629, 30.734712600708008, 64.25804138183594, 111.45592498779297, 12.67291259765625], [62.21738815307617, 18.28219223022461, -45.890323638916016, -54.069026947021484, 6.1913604736328125, -4.344006061553955, 64.86022186279297, 10.162541389465332, -6.806246757507324, 0.8336055874824524, 6.288812637329102, 12.67291259765625, 80.34212493896484]], "lowlevel.gfcc.icov": [[0.001071618520654738, -0.0024492591619491577, 0.0023477585054934025, -0.0007723309681750834, 0.001842681784182787, -0.002004006179049611, 0.0009426399483345449, -0.0006860602297820151, -0.0007016257732175291, 0.0021702663507312536, -0.0006109725218266249, -0.0002802478848025203, -0.000365783809684217], [-0.0024492591619491577, 0.009567544795572758, -0.006995498202741146, 0.002379662124440074, -0.00794894527643919, 0.008209184743463993, -0.003771904157474637, 0.005698388908058405, -0.0023713004775345325, 0.0010793852852657437, -0.0022156103514134884, 0.005229400470852852, -0.00015750770398881286], [0.0023477585054934025, -0.006995498202741146, 0.010768369771540165, -0.004413815680891275, 0.006885566748678684, -0.006994538474828005, 0.004968625493347645, -0.004342890810221434, 0.0010626597795635462, 0.0033493118826299906, 0.001526839449070394, -0.002916128607466817, -0.0010208493331447244], [-0.0007723309681750834, 0.002379662124440074, -0.004413815680891275, 0.008622518740594387, -0.0030091917142271996, 0.0020597651600837708, -0.00036192615516483784, 0.0001552649337099865, 0.002474986482411623, -0.004595172591507435, 0.004418277181684971, -0.001372028375044465, 0.004082041326910257], [0.001842681784182787, -0.00794894527643919, 0.006885566748678684, -0.0030091917142271996, 0.012227295897901058, -0.0068389615043997765, 0.0010280553251504898, -0.0030019134283065796, -0.0006257783388718963, 0.0007911246502771974, 0.0030696310568600893, -0.007812011521309614, 0.0014581033028662205], [-0.002004006179049611, 0.008209184743463993, -0.006994538474828005, 0.0020597651600837708, -0.0068389615043997765, 0.013316567055881023, -0.00416161771863699, 0.0018486211774870753, 0.0007988949655555189, 0.0008783391094766557, -0.0016783574828878045, 0.0005654945271089673, 0.0015485049225389957], [0.0009426399483345449, -0.003771904157474637, 0.004968625493347645, -0.00036192615516483784, 0.0010280553251504898, -0.00416161771863699, 0.009819487109780312, -0.007960068061947823, 0.003956790082156658, -0.0011277166195213795, 0.0005467556184157729, 0.002029497642070055, -0.004517890512943268], [-0.0006860602297820151, 0.005698388908058405, -0.004342890810221434, 0.0001552649337099865, -0.0030019134283065796, 0.0018486211774870753, -0.007960068061947823, 0.018185552209615707, -0.013395696878433228, 0.007506679743528366, -0.005399763118475676, 0.005103121977299452, -0.00027936065453104675], [-0.0007016257732175291, -0.0023713004775345325, 0.0010626597795635462, 0.002474986482411623, -0.0006257783388718963, 0.0007988949655555189, 0.003956790082156658, -0.013395696878433228, 0.026247551664710045, -0.017120935022830963, 0.013473841361701488, -0.010271437466144562, 0.004913818556815386], [0.0021702663507312536, 0.0010793852852657437, 0.0033493118826299906, -0.004595172591507435, 0.0007911246502771974, 0.0008783391094766557, -0.0011277166195213795, 0.007506679743528366, -0.017120935022830963, 0.025576215237379074, -0.018905680626630783, 0.011355568654835224, -0.005185406655073166], [-0.0006109725218266249, -0.0022156103514134884, 0.001526839449070394, 0.004418277181684971, 0.0030696310568600893, -0.0016783574828878045, 0.0005467556184157729, -0.005399763118475676, 0.013473841361701488, -0.018905680626630783, 0.02844167686998844, -0.01786261983215809, 0.006666095461696386], [-0.0002802478848025203, 0.005229400470852852, -0.002916128607466817, -0.001372028375044465, -0.007812011521309614, 0.0005654945271089673, 0.002029497642070055, 0.005103121977299452, -0.010271437466144562, 0.011355568654835224, -0.01786261983215809, 0.027235189452767372, -0.009099041111767292], [-0.000365783809684217, -0.00015750770398881286, -0.0010208493331447244, 0.004082041326910257, 0.0014581033028662205, 0.0015485049225389957, -0.004517890512943268, -0.00027936065453104675, 0.004913818556815386, -0.005185406655073166, 0.006666095461696386, -0.009099041111767292, 0.019967468455433846]], "lowlevel.mfcc.cov": [[8156.13671875, 4378.1787109375, -1146.7208251953125, 197.22406005859375, 137.8865509033203, -250.08680725097656, -111.63359069824219, 390.5124206542969, 364.6978759765625, -708.2691650390625, -621.322509765625, 107.11672973632812, 267.4570617675781], [4378.1787109375, 2794.978759765625, -575.9273071289062, 113.35140991210938, 111.85816192626953, -179.0489044189453, -59.314476013183594, 183.76211547851562, 200.87095642089844, -364.65460205078125, -397.7741394042969, 29.173686981201172, 118.15939331054688], [-1146.7208251953125, -575.9273071289062, 559.970703125, 47.5270881652832, 9.64521312713623, 49.39988708496094, -49.368778228759766, -72.2280502319336, -102.58416748046875, 52.348941802978516, 49.626625061035156, -137.03228759765625, -113.07170104980469], [197.22406005859375, 113.35140991210938, 47.5270881652832, 201.67909240722656, 94.55724334716797, 0.10343138128519058, -56.89578628540039, -6.894801616668701, 16.832778930664062, -60.74436950683594, -10.691285133361816, 13.508864402770996, -57.562984466552734], [137.8865509033203, 111.85816192626953, 9.64521312713623, 94.55724334716797, 200.41873168945312, 66.012939453125, -45.77109146118164, 31.743480682373047, -21.284160614013672, -114.27318572998047, -23.67572593688965, 56.868980407714844, -5.214963436126709], [-250.08680725097656, -179.0489044189453, 49.39988708496094, 0.10343138128519058, 66.012939453125, 132.45831298828125, 37.21854782104492, -6.839597225189209, -40.19792175292969, -40.43222427368164, 14.759305000305176, 31.760950088500977, 10.855508804321289], [-111.63359069824219, -59.314476013183594, -49.368778228759766, -56.89578628540039, -45.77109146118164, 37.21854782104492, 143.09515380859375, 72.03166961669922, 39.634559631347656, 46.28498458862305, -12.53395938873291, 13.847356796264648, 59.76866912841797], [390.5124206542969, 183.76211547851562, -72.2280502319336, -6.894801616668701, 31.743480682373047, -6.839597225189209, 72.03166961669922, 208.2947540283203, 125.08258056640625, -41.57044219970703, -56.26845169067383, 35.81081008911133, 75.95648193359375], [364.6978759765625, 200.87095642089844, -102.58416748046875, 16.832778930664062, -21.284160614013672, -40.19792175292969, 39.634559631347656, 125.08258056640625, 197.1177520751953, 55.27680587768555, -45.94209289550781, 22.760408401489258, 37.197723388671875], [-708.2691650390625, -364.65460205078125, 52.348941802978516, -60.74436950683594, -114.27318572998047, -40.43222427368164, 46.28498458862305, -41.57044219970703, 55.27680587768555, 250.85391235351562, 100.39141845703125, -63.961185455322266, -32.81239318847656], [-621.322509765625, -397.7741394042969, 49.626625061035156, -10.691285133361816, -23.67572593688965, 14.759305000305176, -12.53395938873291, -56.26845169067383, -45.94209289550781, 100.39141845703125, 174.86761474609375, 41.309722900390625, -46.617008209228516], [107.11672973632812, 29.173686981201172, -137.03228759765625, 13.508864402770996, 56.868980407714844, 31.760950088500977, 13.847356796264648, 35.81081008911133, 22.760408401489258, -63.961185455322266, 41.309722900390625, 196.42605590820312, 88.2513656616211], [267.4570617675781, 118.15939331054688, -113.07170104980469, -57.562984466552734, -5.214963436126709, 10.855508804321289, 59.76866912841797, 75.95648193359375, 37.197723388671875, -32.81239318847656, -46.617008209228516, 88.2513656616211, 183.26910400390625]], "lowlevel.mfcc.icov": [[0.0013982097152620554, -0.0018576813163235784, 0.001116713392548263, -0.0008208506042137742, 0.001683130394667387, -0.0013157462235540152, 0.001360984519124031, -0.0007865179213695228, -0.000851525692269206, 0.002099208999425173, -0.0015642556827515364, 0.0017184255411848426, -0.0010803919285535812], [-0.0018576813163235784, 0.003361059119924903, -0.000904127664398402, 0.0011918542440980673, -0.0030160776805132627, 0.0032991012558341026, -0.0025678405072540045, 0.0021550592500716448, -0.00037211377639323473, -0.0008693022537045181, 0.0021967734210193157, -0.001274261623620987, 0.0011158917332068086], [0.001116713392548263, -0.000904127664398402, 0.004503283184021711, -0.002361331833526492, 0.002400981029495597, -0.0033038791734725237, 0.0037633783649653196, -0.0031965759117156267, 0.002172058215364814, -0.0002962634607683867, 0.0003267497813794762, 0.002738941926509142, -0.0003782320418395102], [-0.0008208506042137742, 0.0011918542440980673, -0.002361331833526492, 0.01055836770683527, -0.007390995509922504, 0.005856303032487631, -0.005141455214470625, 0.0073326267302036285, -0.007997811771929264, 0.005923634860664606, -0.0037065751384943724, 0.001024183933623135, 0.0016172898467630148], [0.001683130394667387, -0.0030160776805132627, 0.002400981029495597, -0.007390995509922504, 0.0189146026968956, -0.014433127827942371, 0.014449778944253922, -0.014307546429336071, 0.011244300752878189, -0.007506613619625568, 0.007685381919145584, -0.0064025092869997025, 0.002670390997081995], [-0.0013157462235540152, 0.0032991012558341026, -0.0033038791734725237, 0.005856303032487631, -0.014433127827942371, 0.024737000465393066, -0.019017348065972328, 0.015908975154161453, -0.01236188318580389, 0.014409564435482025, -0.009710084646940231, 0.005525366868823767, -0.002714927541092038], [0.001360984519124031, -0.0025678405072540045, 0.0037633783649653196, -0.005141455214470625, 0.014449778944253922, -0.019017348065972328, 0.029172101989388466, -0.021728159859776497, 0.01736093871295452, -0.018965352326631546, 0.014491559937596321, -0.008931662887334824, 0.002473396947607398], [-0.0007865179213695228, 0.0021550592500716448, -0.0031965759117156267, 0.0073326267302036285, -0.014307546429336071, 0.015908975154161453, -0.021728159859776497, 0.030661314725875854, -0.02710852213203907, 0.02365279383957386, -0.017303436994552612, 0.012841232120990753, -0.007729734759777784], [-0.000851525692269206, -0.00037211377639323473, 0.002172058215364814, -0.007997811771929264, 0.011244300752878189, -0.01236188318580389, 0.01736093871295452, -0.02710852213203907, 0.035920150578022, -0.03091115690767765, 0.024020075798034668, -0.01828855089843273, 0.009027781896293163], [0.002099208999425173, -0.0008693022537045181, -0.0002962634607683867, 0.005923634860664606, -0.007506613619625568, 0.014409564435482025, -0.018965352326631546, 0.02365279383957386, -0.03091115690767765, 0.038949813693761826, -0.028428759425878525, 0.022018294781446457, -0.010096709243953228], [-0.0015642556827515364, 0.0021967734210193157, 0.0003267497813794762, -0.0037065751384943724, 0.007685381919145584, -0.009710084646940231, 0.014491559937596321, -0.017303436994552612, 0.024020075798034668, -0.028428759425878525, 0.03328433260321617, -0.022065183147788048, 0.012269558385014534], [0.0017184255411848426, -0.001274261623620987, 0.002738941926509142, 0.001024183933623135, -0.0064025092869997025, 0.005525366868823767, -0.008931662887334824, 0.012841232120990753, -0.01828855089843273, 0.022018294781446457, -0.022065183147788048, 0.025023221969604492, -0.012601572088897228], [-0.0010803919285535812, 0.0011158917332068086, -0.0003782320418395102, 0.0016172898467630148, 0.002670390997081995, -0.002714927541092038, 0.002473396947607398, -0.00