{"song_id": "1183692279395909714", "download": "https://cdn.discordapp.com/attachments/1135903449314238464/1183692279395909714/chirp.mp4?ex=65894257&amp", "lyrics": "\u5c71\u4e0d\u5728\u9ad8\u6709\u4ed9\u5219\u540d\u3002\u6c34\u4e0d\u5728\u6df1\u6709\u9f99\u5219\u7075\u3002\u65af\u662f\u964b\u5ba4\u60df\u543e\u5fb7\u99a8\u3002\u82d4\u75d5\u4e0a\u9636\u7eff\u8349\u8272\u5165\u5e18\u9752", "style": ["random"], "essentia_features": {"lowlevel.average_loudness": 0.972976565361023, "lowlevel.barkbands_crest.mean": 19.96701431274414, "lowlevel.barkbands_crest.stdev": 5.607822418212891, "lowlevel.barkbands_flatness_db.mean": 0.261022686958313, "lowlevel.barkbands_flatness_db.stdev": 0.10628490149974823, "lowlevel.barkbands_kurtosis.mean": 85.38037109375, "lowlevel.barkbands_kurtosis.stdev": 187.4237823486328, "lowlevel.barkbands_skewness.mean": 5.266002655029297, "lowlevel.barkbands_skewness.stdev": 5.426217555999756, "lowlevel.barkbands_spread.mean": 20.780210494995117, "lowlevel.barkbands_spread.stdev": 20.2432861328125, "lowlevel.dissonance.mean": 0.46566474437713623, "lowlevel.dissonance.stdev": 0.03179687261581421, "lowlevel.dynamic_complexity": 2.007615327835083, "lowlevel.erbbands_crest.mean": 10.6529541015625, "lowlevel.erbbands_crest.stdev": 4.860072135925293, "lowlevel.erbbands_flatness_db.mean": 0.14501875638961792, "lowlevel.erbbands_flatness_db.stdev": 0.0617518424987793, "lowlevel.erbbands_kurtosis.mean": 2.936432123184204, "lowlevel.erbbands_kurtosis.stdev": 7.2734479904174805, "lowlevel.erbbands_skewness.mean": 0.026611050590872765, "lowlevel.erbbands_skewness.stdev": 1.682618260383606, "lowlevel.erbbands_spread.mean": 63.67783737182617, "lowlevel.erbbands_spread.stdev": 41.40614700317383, "lowlevel.hfc.mean": 50.991336822509766, "lowlevel.hfc.stdev": 46.012245178222656, "lowlevel.loudness_ebu128.integrated": -13.101593017578125, "lowlevel.loudness_ebu128.loudness_range": 1.1444530487060547, "lowlevel.loudness_ebu128.momentary.mean": -13.31404972076416, "lowlevel.loudness_ebu128.momentary.stdev": 1.4717655181884766, "lowlevel.loudness_ebu128.short_term.mean": -13.33441162109375, "lowlevel.loudness_ebu128.short_term.stdev": 0.3476094603538513, "lowlevel.melbands_crest.mean": 28.17399024963379, "lowlevel.melbands_crest.stdev": 8.079190254211426, "lowlevel.melbands_flatness_db.mean": 0.3524450361728668, "lowlevel.melbands_flatness_db.stdev": 0.13558851182460785, "lowlevel.melbands_kurtosis.mean": 186.19708251953125, "lowlevel.melbands_kurtosis.stdev": 279.4860534667969, "lowlevel.melbands_skewness.mean": 8.704143524169922, "lowlevel.melbands_skewness.stdev": 6.508852481842041, "lowlevel.melbands_spread.mean": 16.451162338256836, "lowlevel.melbands_spread.stdev": 33.44567108154297, "lowlevel.pitch_salience.mean": 0.28645220398902893, "lowlevel.pitch_salience.stdev": 0.18425123393535614, "lowlevel.silence_rate_20dB.mean": 0.9869281053543091, "lowlevel.silence_rate_20dB.stdev": 0.11358267813920975, "lowlevel.silence_rate_30dB.mean": 0.529411792755127, "lowlevel.silence_rate_30dB.stdev": 0.4991341233253479, "lowlevel.silence_rate_60dB.mean": 0.006535947788506746, "lowlevel.silence_rate_60dB.stdev": 0.08058031648397446, "lowlevel.spectral_centroid.mean": 1818.4765625, "lowlevel.spectral_centroid.stdev": 1414.87646484375, "lowlevel.spectral_complexity.mean": 11.454248428344727, "lowlevel.spectral_complexity.stdev": 10.010102272033691, "lowlevel.spectral_decrease.mean": -2.8486470071698022e-08, "lowlevel.spectral_decrease.stdev": 2.111101515822611e-08, "lowlevel.spectral_energy.mean": 0.11213945597410202, "lowlevel.spectral_energy.stdev": 0.07975594699382782, "lowlevel.spectral_energyband_high.mean": 0.0040281531400978565, "lowlevel.spectral_energyband_high.stdev": 0.004705378785729408, "lowlevel.spectral_energyband_low.mean": 0.09857671707868576, "lowlevel.spectral_energyband_low.stdev": 0.07905856519937515, "lowlevel.spectral_energyband_middle_high.mean": 0.003350130980834365, "lowlevel.spectral_energyband_middle_high.stdev": 0.00530518963932991, "lowlevel.spectral_energyband_middle_low.mean": 0.008148826658725739, "lowlevel.spectral_energyband_middle_low.stdev": 0.014574801549315453, "lowlevel.spectral_entropy.mean": 7.714230060577393, "lowlevel.spectral_entropy.stdev": 0.6751654744148254, "lowlevel.spectral_flux.mean": 0.13627220690250397, "lowlevel.spectral_flux.stdev": 0.11702665686607361, "lowlevel.spectral_kurtosis.mean": 2.703479051589966, "lowlevel.spectral_kurtosis.stdev": 3.0695061683654785, "lowlevel.spectral_rms.mean": 0.009781497530639172, "lowlevel.spectral_rms.stdev": 0.0037049551028758287, "lowlevel.spectral_rolloff.mean": 1537.7906494140625, "lowlevel.spectral_rolloff.stdev": 3485.91748046875, "lowlevel.spectral_skewness.mean": 1.196458101272583, "lowlevel.spectral_skewness.stdev": 0.60093754529953, "lowlevel.spectral_spread.mean": 7552882.0, "lowlevel.spectral_spread.stdev": 3284230.5, "lowlevel.spectral_strongpeak.mean": 1.009761095046997, "lowlevel.spectral_strongpeak.stdev": 1.2267082929611206, "lowlevel.zerocrossingrate.mean": 0.0710257738828659, "lowlevel.zerocrossingrate.stdev": 0.0965738520026207, "metadata.audio_properties.analysis.equal_loudness": 0.0, "metadata.audio_properties.analysis.length": 7.081610202789307, "metadata.audio_properties.analysis.sample_rate": 44100.0, "metadata.audio_properties.analysis.start_time": 0.0, "metadata.audio_properties.bit_rate": 136135.0, "metadata.audio_properties.length": 7.082666873931885, "metadata.audio_properties.lossless": 0.0, "metadata.audio_properties.number_channels": 1.0, "metadata.audio_properties.replay_gain": -10.382253646850586, "metadata.audio_properties.sample_rate": 48000.0, "rhythm.beats_count": 12.0, "rhythm.beats_loudness.mean": 0.1730271726846695, "rhythm.beats_loudness.stdev": 0.1245303750038147, "rhythm.bpm": 106.09150695800781, "rhythm.bpm_histogram_first_peak_bpm": 105.0, "rhythm.bpm_histogram_first_peak_weight": 0.5454545021057129, "rhythm.bpm_histogram_second_peak_bpm": 0.0, "rhythm.bpm_histogram_second_peak_spread": 0.0, "rhythm.bpm_histogram_second_peak_weight": 0.0, "rhythm.danceability": 1.1999624967575073, "rhythm.onset_rate": 5.6388092041015625, "tonal.chords_changes_rate": 0.09090909361839294, "tonal.chords_number_rate": 0.03246753290295601, "tonal.chords_strength.mean": 0.5997951030731201, "tonal.chords_strength.stdev": 0.05555833503603935, "tonal.hpcp_crest.mean": 13.208197593688965, "tonal.hpcp_crest.stdev": 5.343395233154297, "tonal.hpcp_entropy.mean": 2.041945695877075, "tonal.hpcp_entropy.stdev": 0.7318617105484009, "tonal.key_edma.strength": 0.5988454818725586, "tonal.key_krumhansl.strength": 0.5928136110305786, "tonal.key_temperley.strength": 0.5794489979743958, "tonal.tuning_diatonic_strength": 0.5736275911331177, "tonal.tuning_equal_tempered_deviation": 0.28788334131240845, "tonal.tuning_frequency": 434.193115234375, "tonal.tuning_nontempered_energy_ratio": 0.9331583380699158, "lowlevel.barkbands.mean": [0.004249516408890486, 0.08595319092273712, 0.006495399866253138, 0.003012028755620122, 0.0017463985132053494, 0.0005929176695644855, 0.0011039552045986056, 0.0010065821697935462, 0.0005252987612038851, 0.000330012000631541, 0.00033663969952613115, 0.00034876304562203586, 0.000481202092487365, 0.0007571129244752228, 0.00039371702587231994, 0.00019013734709005803, 0.0001617594389244914, 0.00012650780263356864, 0.0001766264031175524, 0.00027981423772871494, 0.0005700185429304838, 0.00047941633965820074, 0.000640273850876838, 0.00046136166201904416, 0.0005341158830560744, 0.0011057081865146756, 8.114394586300477e-05], "lowlevel.barkbands.stdev": [0.0030002619605511427, 0.06946005672216415, 0.028118250891566277, 0.00858624093234539, 0.00426863506436348, 0.0018133765552192926, 0.0023843212984502316, 0.0030187119264155626, 0.0019706340972334146, 0.0011943954741582274, 0.001417985069565475, 0.001686043688096106, 0.0015846246387809515, 0.0018609778489917517, 0.0014017208013683558, 0.00047883347724564373, 0.00029920009546913207, 0.0002806808624882251, 0.0004397571610752493, 0.00041706766933202744, 0.0009768472518771887, 0.0007746605551801622, 0.0009469687356613576, 0.000793117971625179, 0.0007849441026337445, 0.0014802046352997422, 0.00014256291615311056], "lowlevel.erbbands.mean": [3.849630117416382, 13.774833679199219, 8.955719947814941, 10.135340690612793, 5.7236552238464355, 6.791878700256348, 6.20346736907959, 4.680150032043457, 8.310822486877441, 30.71228790283203, 13.580639839172363, 12.161075592041016, 13.807330131530762, 8.398910522460938, 16.791475296020508, 12.944633483886719, 21.8839111328125, 39.219688415527344, 28.288867950439453, 13.56213092803955, 10.4476318359375, 9.146212577819824, 7.305771827697754, 6.234963893890381, 11.19171142578125, 13.465950012207031, 19.687538146972656, 22.177255630493164, 18.457504272460938, 18.999282836914062, 16.289134979248047, 10.864601135253906, 7.048632621765137, 4.633101940155029, 4.602816104888916, 3.5517470836639404, 2.298551321029663, 0.4547902047634125, 0.010769282467663288, 0.00040380225982517004], "lowlevel.erbbands.stdev": [2.4898478984832764, 14.859467506408691, 29.26189613342285, 33.87226486206055, 16.201311111450195, 15.817544937133789, 15.806974411010742, 14.210306167602539, 19.54291534423828, 65.73529815673828, 36.29841232299805, 46.61839294433594, 47.76274871826172, 31.024982452392578, 73.73670959472656, 44.044342041015625, 67.59378051757812, 99.72992706298828, 77.01216888427734, 46.54063415527344, 23.26743507385254, 16.202407836914062, 15.08205795288086, 14.143509864807129, 23.0771484375, 20.25275993347168, 34.05281066894531, 37.43111038208008, 29.483348846435547, 30.23681640625, 23.8022403717041, 18.927766799926758, 11.604636192321777, 7.184825420379639, 6.9803667068481445, 5.344379901885986, 3.014599084854126, 0.6169326901435852, 0.01531913224607706, 0.0003780570987146348], "lowlevel.gfcc.mean": [-6.248276233673096, 30.902442932128906, -49.77571105957031, 50.14835739135742, -37.10068130493164, 26.684608459472656, -18.318782806396484, 11.26340103149414, -13.261500358581543, 24.772232055664062, -18.895397186279297, 8.39553451538086, -14.454137802124023], "lowlevel.melbands.mean": [0.028220871463418007, 0.008496830239892006, 0.0015737126814201474, 0.0004025862435810268, 0.00024995653075166047, 0.00010592603939585388, 0.00015425666060764343, 0.00033157042344100773, 9.117592708207667e-05, 7.880473276600242e-05, 6.807733734603971e-05, 3.1735224183648825e-05, 5.176231206860393e-05, 4.369344605947845e-05, 3.749157258425839e-05, 4.9952632252825424e-05, 7.744469621684402e-05, 4.788473233929835e-05, 2.3838598281145096e-05, 1.4272322005126625e-05, 1.147147031588247e-05, 9.366897756990511e-06, 8.732337846595328e-06, 5.013132067688275e-06, 4.573079422698356e-06, 8.189619620679878e-06, 8.35689661471406e-06, 8.790569154371042e-06, 1.0681755156838335e-05, 1.5366638763225637e-05, 1.1910060493391939e-05, 1.0431041118863504e-05, 9.111594408750534e-06, 1.206021897814935e-05, 9.995063010137528e-06, 7.5755488069262356e-06, 6.3943207351258025e-06, 5.137746484251693e-06, 4.0311947486770805e-06, 3.7702961890317965e-06], "lowlevel.melbands.stdev": [0.02060833014547825, 0.013933030888438225, 0.005172968376427889, 0.0010146672138944268, 0.0005776649923063815, 0.0003238320641685277, 0.0003504722844809294, 0.0007474833400920033, 0.00025924519286490977, 0.00032058244687505066, 0.00023937593505252153, 0.00011567797628231347, 0.00021202561038080603, 0.00021750507585238665, 0.00014318957983050495, 0.00014017618377692997, 0.0002137332339771092, 0.0001299333671340719, 9.027522173710167e-05, 4.240807902533561e-05, 2.507631143089384e-05, 1.696765684755519e-05, 1.8656386600923724e-05, 1.166948914033128e-05, 1.0944336281681899e-05, 2.518070141377393e-05, 1.275331487704534e-05, 1.4016812201589346e-05, 1.9189912563888356e-05, 3.118082895525731e-05, 1.9455601432127878e-05, 1.713398341962602e-05, 1.6215224604820833e-05, 1.937149318109732e-05, 1.475992121413583e-05, 1.3061504432698712e-05, 1.195134700537892e-05, 9.077549293579068e-06, 6.288352778938133e-06, 6.275169198488584e-06], "lowlevel.melbands128.mean": [0.004085018765181303, 0.034097276628017426, 0.03893314674496651, 0.01679132878780365, 0.005047701299190521, 0.0030643041245639324, 0.0022430233657360077, 0.001195527263917029, 0.00043177648331038654, 0.0003324831195641309, 0.0004079960926901549, 0.0003420761786401272, 0.00020411399600561708, 0.00014418463979382068, 0.00010040810593636706, 8.830313890939578e-05, 8.863893162924796e-05, 0.00011390346480766311, 0.0002923108986578882, 0.00042691169073805213, 0.0003337758535053581, 0.0001261098514078185, 4.9460388254374266e-05, 6.0753860452678055e-05, 7.325871411012486e-05, 9.584141662344337e-05, 7.364833436440676e-05, 7.757780986139551e-05, 5.1886647270293906e-05, 2.191866224166006e-05, 2.6489309675525874e-05, 4.4225031160749495e-05, 4.5919612603029236e-05, 6.719500379404053e-05, 5.942773714195937e-05, 3.354092768859118e-05, 2.167650563933421e-05, 3.316676520626061e-05, 5.24833558301907e-05, 4.8396323109045625e-05, 4.733531750389375e-05, 5.122541915625334e-05, 9.392097126692533e-05, 8.54495883686468e-05, 4.6167442633304745e-05, 4.762687240145169e-05, 4.248596087563783e-05, 2.0783654690603726e-05, 1.924790740304161e-05, 1.556838833494112e-05, 1.2202389370941091e-05, 1.4548327271768358e-05, 1.2507231076597236e-05, 1.0036018466053065e-05, 9.597013558959588e-06, 9.476514605921693e-06, 8.648543371236883e-06, 9.935260095517151e-06, 9.147765922534745e-06, 5.67844699617126e-06, 4.834053925151238e-06, 4.068883299623849e-06, 4.857543444813928e-06, 3.980740984843578e-06, 5.0125818233937025e-06, 1.0858666428248398e-05, 7.594166163471527e-06, 7.732444828434382e-06, 8.326134775415994e-06, 9.975153261621017e-06, 8.024067938094959e-06, 9.043238605954684e-06, 8.947410606197082e-06, 1.1094609362771735e-05, 1.1757540050894022e-05, 1.7149035556940362e-05, 1.6879323084140196e-05, 1.1734759937098715e-05, 1.2569886166602373e-05, 9.727756150823552e-06, 1.0650517651811242e-05, 1.0815516361617483e-05, 9.970242899726145e-06, 9.374108230986167e-06, 7.36171614335035e-06, 9.960918760043569e-06, 1.4426304005610291e-05, 1.536170566396322e-05, 7.857071068428922e-06, 7.749395990686025e-06, 9.500603482592851e-06, 6.493291493825382e-06, 6.627984475926496e-06, 6.268472134252079e-06, 6.574940925929695e-06, 5.738252184528392e-06, 4.6188788473955356e-06, 4.643914508051239e-06, 4.04647653340362e-06, 3.876151822623797e-06, 3.2873263080546167e-06, 3.845060746243689e-06, 4.1722378227859735e-06, 4.868201358476654e-06, 6.0474158090073615e-06, 5.269554094411433e-06, 5.2542268349498045e-06, 4.149797405261779e-06, 5.751448952651117e-06, 8.02992690296378e-06, 8.163221536960918e-06, 6.086734174459707e-06, 8.643154615128879e-06, 7.967736564751249e-06, 6.024999038345413e-06, 5.797854555567028e-06, 2.6364386940258555e-06, 9.254851534024056e-07, 1.0770005332005894e-07, 3.4575756147070535e-10, 2.9080335361975074e-10, 9.757210317484777e-11, 2.468061172100633e-11, 2.388253830809539e-11, 2.2715071143486476e-11, 2.118091986524906e-11, 2.0307245468531576e-11, 2.0065235931121528e-11], "lowlevel.melbands128.stdev": [0.0028707662131637335, 0.020443955436348915, 0.03364897891879082, 0.022990377619862556, 0.016081618145108223, 0.013226956129074097, 0.007686806842684746, 0.003238638862967491, 0.0014050989411771297, 0.0009187578689306974, 0.0009820301784202456, 0.000765459262765944, 0.0005859696539118886, 0.0006114745046943426, 0.00035905346157960594, 0.00034416079870425165, 0.00032661453587934375, 0.0003732169861905277, 0.0007261168793775141, 0.0009852369548752904, 0.0011143209412693977, 0.00046576824388466775, 0.00021746526181232184, 0.0003023174940608442, 0.0003211948787793517, 0.0006115488358773291, 0.0002689585671760142, 0.000393049034755677, 0.00020791847782675177, 6.522567855427042e-05, 0.00016049119585659355, 0.000296875077765435, 0.00021024190937168896, 0.0003802850842475891, 0.0004416937008500099, 0.00018833152716979384, 9.929110819939524e-05, 0.00012527313083410263, 0.0003226089174859226, 0.00018213779549114406, 0.00018349935999140143, 0.00014576954708900303, 0.0003456493723206222, 0.00026946840807795525, 0.00011152326624142006, 0.0002153489040210843, 0.0001645073643885553, 9.334937203675508e-05, 0.00010328922508051619, 6.50275542284362e-05, 4.4126398279331625e-05, 5.182959284866229e-05, 3.2708361686673015e-05, 2.4351100364583544e-05, 2.162321652576793e-05, 2.0022653188789263e-05, 2.1719357391702943e-05, 2.505149313947186e-05, 2.2848040316603146e-05, 1.537996286060661e-05, 1.3214433238317724e-05, 1.043513748300029e-05, 1.589993007655721e-05, 9.715457053971477e-06, 1.3586767636297736e-05, 5.0638813263503835e-05, 1.779638114385307e-05, 1.6070564015535638e-05, 1.378740489599295e-05, 2.090590169245843e-05, 1.5105470993148629e-05, 1.806101863621734e-05, 1.6125954061863013e-05, 2.6766661903820932e-05, 2.1704114260501228e-05, 3.374036532477476e-05, 4.694295421359129e-05, 1.916159271786455e-05, 2.035077523032669e-05, 1.9464039723970927e-05, 1.958567554538604e-05, 1.839776086853817e-05, 2.113203299813904e-05, 1.8821712728822604e-05, 1.2318448170844931e-05, 1.9590861484175548e-05, 2.531440622988157e-05, 2.739589035627432e-05, 1.2920741028210614e-05, 1.3713631233258639e-05, 1.7853084500529803e-05, 1.1387758604541887e-05, 1.3973877685202751e-05, 1.1816033293143846e-05, 1.5851233911234885e-05, 1.1467231161077507e-05, 8.051219992921688e-06, 7.7276836236706e-06, 6.999445304245455e-06, 6.733737791364547e-06, 5.996790150675224e-06, 7.70728183852043e-06, 7.385173375951126e-06, 8.837375389703084e-06, 1.0129648217116483e-05, 9.48282286117319e-06, 9.759219210536685e-06, 6.78012929711258e-06, 9.787686394702177e-06, 1.4642075257143006e-05, 1.4020364687894471e-05, 8.712190719961654e-06, 1.2720429367618635e-05, 1.0962777196255047e-05, 8.758086551097222e-06, 8.572281330998521e-06, 4.477416496229125e-06, 2.0868619685643353e-06, 4.3689874473784585e-07, 3.121263691951981e-09, 2.934176013269507e-09, 8.788308969442937e-10, 3.866567135912824e-11, 3.715376617474675e-11, 3.139611487457117e-11, 2.492701357825755e-11, 2.3605433580042856e-11, 2.3451497688231626e-11], "lowlevel.mfcc.mean": [-677.4140625, 77.45875549316406, 44.196842193603516, 41.317745208740234, 12.990851402282715, 32.17702102661133, 8.688010215759277, 4.839728355407715, 12.527939796447754, 12.672324180603027, 9.111581802368164, 10.994452476501465, 3.2842674255371094], "lowlevel.spectral_contrast_coeffs.mean": [-0.6927481889724731, -0.7546330094337463, -0.7995352149009705, -0.788622260093689, -0.7774839997291565, -0.7181685566902161], "lowlevel.spectral_contrast_coeffs.stdev": [0.09454212337732315, 0.10217519104480743, 0.07619258761405945, 0.07204098254442215, 0.05967557802796364, 0.07320006936788559], "lowlevel.spectral_contrast_valleys.mean": [-6.997194766998291, -7.722592353820801, -8.414397239685059, -8.370512962341309, -8.058659553527832, -9.998597145080566], "lowlevel.spectral_contrast_valleys.stdev": [1.4224498271942139, 1.0975269079208374, 1.232089638710022, 1.1796303987503052, 1.0604466199874878, 1.398206353187561], "rhythm.beats_loudness_band_ratio.mean": [0.8251737952232361, 0.02728554792702198, 0.06880491226911545, 0.015946952626109123, 0.030352801084518433, 0.03394689783453941], "rhythm.beats_loudness_band_ratio.stdev": [0.2624013423919678, 0.06068708747625351, 0.11239749193191528, 0.019760869443416595, 0.061595238745212555, 0.0380040667951107], "tonal.hpcp.mean": [0.21796169877052307, 0.07747771590948105, 0.07269427180290222, 0.06835125386714935, 0.05640954524278641, 0.045511044561862946, 0.056091148406267166, 0.05121919512748718, 0.03767573833465576, 0.04503249377012253, 0.03968800976872444, 0.021005485206842422, 0.016629181802272797, 0.02859625220298767, 0.02647121250629425, 0.019061436876654625, 0.020647980272769928, 0.01554445642977953, 0.02351800724864006, 0.03899041563272476, 0.04234970733523369, 0.041626978665590286, 0.03270050138235092, 0.036757051944732666, 0.03955799713730812, 0.03485111892223358, 0.04950040951371193, 0.0922282412648201, 0.09493839740753174, 0.06683492660522461, 0.07066849619150162, 0.06567137688398361, 0.07620235532522202, 0.1622195988893509, 0.41699135303497314, 0.479716956615448], "tonal.hpcp.stdev": [0.31084421277046204, 0.218735471367836, 0.20471197366714478, 0.2091248482465744, 0.188637837767601, 0.16131286323070526, 0.18004752695560455, 0.16796599328517914, 0.14225009083747864, 0.1614723950624466, 0.12984289228916168, 0.07797732204198837, 0.05553745850920677, 0.12179892510175705, 0.11709385365247726, 0.06506230682134628, 0.07429324090480804, 0.05593506991863251, 0.10181525349617004, 0.11388730257749557, 0.14574725925922394, 0.15051160752773285, 0.12215297669172287, 0.1449669748544693, 0.14974285662174225, 0.12106262147426605, 0.17965732514858246, 0.24798248708248138, 0.2564459443092346, 0.1965276598930359, 0.19890612363815308, 0.1975175440311432, 0.19960948824882507, 0.29260367155075073, 0.4085789918899536, 0.4411226511001587], "rhythm.beats_position": [0.5921088457107544, 1.1842176914215088, 1.7531065940856934, 2.321995496749878, 2.879274368286133, 3.4481632709503174, 4.017052173614502, 4.574330806732178, 5.131609916687012, 5.6888885498046875, 6.2461676597595215, 6.815056800842285], "rhythm.bpm_histogram": [0.0, 0.0, 0.0, 0.0, 0.0, 0.0, 0.0, 0.0, 0.0, 0.0, 0.0, 0.0, 0.0, 0.0, 0.0, 0.0, 0.0, 0.0, 0.0, 0.0, 0.0, 0.0, 0.0, 0.0, 0.0, 0.0, 0.0, 0.0, 0.0, 0.0, 0.0, 0.0, 0.0, 0.0, 0.0, 0.0, 0.0, 0.0, 0.0, 0.0, 0.0, 0.0, 0.0, 0.0, 0.0, 0.0, 0.0, 0.0, 0.0, 0.0, 0.0, 0.0, 0.0, 0.0, 0.0, 0.0, 0.0, 0.0, 0.0, 0.0, 0.0, 0.0, 0.0, 0.0, 0.0, 0.0, 0.0, 0.0, 0.0, 0.0, 0.0, 0.0, 0.0, 0.0, 0.0, 0.0, 0.0, 0.0, 0.0, 0.0, 0.0, 0.0, 0.0, 0.0, 0.0, 0.0, 0.0, 0.0, 0.0, 0.0, 0.0, 0.0, 0.0, 0.0, 0.0, 0.0, 0.0, 0.0, 0.0, 0.0, 0.0, 0.09090909361839294, 0.0, 0.0, 0.0, 0.4545454680919647, 0.0, 0.0, 0.4545454680919647, 0.0, 0.0, 0.0, 0.0, 0.0, 0.0, 0.0, 0.0, 0.0, 0.0, 0.0, 0.0, 0.0, 0.0, 0.0, 0.0, 0.0, 0.0, 0.0, 0.0, 0.0, 0.0, 0.0, 0.0, 0.0, 0.0, 0.0, 0.0, 0.0, 0.0, 0.0, 0.0, 0.0, 0.0, 0.0, 0.0, 0.0, 0.0, 0.0, 0.0, 0.0, 0.0, 0.0, 0.0, 0.0, 0.0, 0.0, 0.0, 0.0, 0.0, 0.0, 0.0, 0.0, 0.0, 0.0, 0.0, 0.0, 0.0, 0.0, 0.0, 0.0, 0.0, 0.0, 0.0, 0.0, 0.0, 0.0, 0.0, 0.0, 0.0, 0.0, 0.0, 0.0, 0.0, 0.0, 0.0, 0.0, 0.0, 0.0, 0.0, 0.0, 0.0, 0.0, 0.0, 0.0, 0.0, 0.0, 0.0, 0.0, 0.0, 0.0, 0.0, 0.0, 0.0, 0.0, 0.0, 0.0, 0.0, 0.0, 0.0, 0.0, 0.0, 0.0, 0.0, 0.0, 0.0, 0.0, 0.0, 0.0, 0.0, 0.0, 0.0, 0.0, 0.0, 0.0, 0.0, 0.0, 0.0, 0.0, 0.0, 0.0, 0.0, 0.0, 0.0, 0.0, 0.0, 0.0, 0.0, 0.0, 0.0, 0.0, 0.0, 0.0, 0.0, 0.0, 0.0, 0.0, 0.0, 0.0, 0.0, 0.0], "tonal.chords_histogram": [1.298701286315918, 7.792207717895508, 9.090909004211426, 0.0, 0.0, 0.0, 0.0, 24.02597427368164, 57.79220962524414, 0.0, 0.0, 0.0, 0.0, 0.0, 0.0, 0.0, 0.0, 0.0, 0.0, 0.0, 0.0, 0.0, 0.0, 0.0], "tonal.thpcp": [1.0, 0.45435479283332825, 0.16150714457035065, 0.1515357494354248, 0.1424824595451355, 0.11758922785520554, 0.09487061947584152, 0.11692550778388977, 0.1067696139216423, 0.07853743433952332, 0.0938730463385582, 0.08273214101791382, 0.04378724843263626, 0.0346645712852478, 0.059610676020383835, 0.05518089979887009, 0.03973475843667984, 0.043042007833719254, 0.03240339085459709, 0.049024756997823715, 0.08127795904874802, 0.08828061074018478, 0.08677404373884201, 0.06816624104976654, 0.076622374355793, 0.08246111869812012, 0.07264933735132217, 0.103186696767807, 0.19225554168224335, 0.197905033826828, 0.13932158052921295, 0.14731289446353912, 0.13689608871936798, 0.1588485687971115, 0.33815690875053406, 0.8692445755004883], "lowlevel.gfcc.cov": [[7380.64404296875, -538.1152954101562, -601.5371704101562, -525.1557006835938, -209.68040466308594, 462.6501159667969, 18.561023712158203, 586.6636962890625, -13.503890037536621, 339.61895751953125, -201.17294311523438, 150.5838623046875, -313.7513427734375], [-538.1152954101562, 4464.04931640625, -161.0159912109375, -54.02609634399414, 851.5907592773438, -164.6108856201172, 610.9454345703125, -27.104137420654297, 533.782470703125, 242.9981231689453, 277.0212097167969, -159.61758422851562, 397.1460266113281], [-601.5371704101562, -161.0159912109375, 2724.33740234375, 1033.6131591796875, 374.7197570800781, 543.8023681640625, 149.04774475097656, 276.0646667480469, 66.05702209472656, -304.8881530761719, 184.7568817138672, 225.0874786376953, -111.83029174804688], [-525.1557006835938, -54.02609634399414, 1033.6131591796875, 1330.6788330078125, 593.9242553710938, 227.30332946777344, 239.136962890625, 214.02224731445312, 199.13430786132812, -45.48603820800781, 114.2304916381836, 60.50520706176758, 40.25484848022461], [-209.68040466308594, 851.5907592773438, 374.7197570800781, 593.9242553710938, 803.8545532226562, 308.2521667480469, 304.9649658203125, 161.7571258544922, 243.94090270996094, 56.876365661621094, 121.25541687011719, -10.16970443725586, 62.66138458251953], [462.6501159667969, -164.6108856201172, 543.8023681640625, 227.30332946777344, 308.2521667480469, 527.7807006835938, 265.5821838378906, 206.845947265625, 39.77458190917969, -27.49924087524414, 77.01532745361328, 77.68184661865234, -83.83880615234375], [18.561023712158203, 610.9454345703125, 149.04774475097656, 239.136962890625, 304.9649658203125, 265.5821838378906, 584.980712890625, 187.210693359375, 120.18345642089844, 64.11483001708984, 134.01710510253906, 13.62508773803711, 1.0257833003997803], [586.6636962890625, -27.104137420654297, 276.0646667480469, 214.02224731445312, 161.7571258544922, 206.845947265625, 187.210693359375, 363.15380859375, 128.9788818359375, -28.525842666625977, 14.976984977722168, 61.4704475402832, -9.149809837341309], [-13.503890037536621, 533.782470703125, 66.05702209472656, 199.13430786132812, 243.94090270996094, 39.77458190917969, 120.18345642089844, 128.9788818359375, 277.2290954589844, 76.54681396484375, 36.34208297729492, -16.543176651000977, 72.65039825439453], [339.61895751953125, 242.9981231689453, -304.8881530761719, -45.48603820800781, 56.876365661621094, -27.49924087524414, 64.11483001708984, -28.525842666625977, 76.54681396484375, 259.5039978027344, 35.12019729614258, -58.31524658203125, -9.804919242858887], [-201.17294311523438, 277.0212097167969, 184.7568817138672, 114.2304916381836, 121.25541687011719, 77.01532745361328, 134.01710510253906, 14.976984977722168, 36.34208297729492, 35.12019729614258, 165.4918212890625, 14.322890281677246, -13.450674057006836], [150.5838623046875, -159.61758422851562, 225.0874786376953, 60.50520706176758, -10.16970443725586, 77.68184661865234, 13.62508773803711, 61.4704475402832, -16.543176651000977, -58.31524658203125, 14.322890281677246, 118.81871032714844, -4.842883586883545], [-313.7513427734375, 397.1460266113281, -111.83029174804688, 40.25484848022461, 62.66138458251953, -83.83880615234375, 1.0257833003997803, -9.149809837341309, 72.65039825439453, -9.804919242858887, -13.450674057006836, -4.842883586883545, 180.60983276367188]], "lowlevel.gfcc.icov": [[0.00029396431636996567, -0.0002165752521250397, 0.00018675063620321453, -0.000170917744981125, 0.0003515586140565574, -0.0005539942067116499, 0.0004120444064028561, -0.000658024859149009, 0.0003082175098825246, -0.0005524122389033437, 0.0004974136245436966, -0.0005086796591058373, 0.0005952505161985755], [-0.0002165752521250397, 0.0010351137025281787, -0.0005611379747278988, 0.001120764180086553, -0.001525763189420104, 0.0016881332267075777, -0.0012576275039464235, 0.0007688994519412518, -0.000880675797816366, 0.00024332149769179523, -0.0009095457498915493, 0.0007118479115888476, -0.0015717141795903444], [0.00018675063620321453, -0.0005611379747278988, 0.0012060162844136357, -0.0012056798441335559, 0.0011459557572379708, -0.0016929613193497062, 0.0010442697675898671, -0.0004194890207145363, 0.00010556896449998021, 0.0005688869277946651, -0.0001586391153978184, -0.0009924472542479634, 0.0013131416635587811], [-0.000170917744981125, 0.001120764180086553, -0.0012056798441335559, 0.002906056120991707, -0.002822399605065584, 0.0026174166705459356, -0.0015528453513979912, 0.000297142454655841, -0.0007510758587159216, -6.692358147120103e-05, -0.0006610963610000908, 0.0004719166026916355, -0.0016756330151110888], [0.0003515586140565574, -0.001525763189420104, 0.0011459557572379708, -0.002822399605065584, 0.005697381682693958, -0.004581407643854618, 0.0017428025603294373, -0.0005752287688665092, -0.0004876019957009703, -0.00024417636450380087, 0.0005063003045506775, 0.00015954955597408116, 0.001386841293424368], [-0.0005539942067116499, 0.0016881332267075777, -0.0016929613193497062, 0.0026174166705459356, -0.004581407643854618, 0.007884613238275051, -0.0033896653912961483, 0.00021741792443208396, -0.0002104856976075098, 0.00046104498323984444, -0.001124598435126245, -0.00013498317275661975, -0.0010039740009233356], [0.0004120444064028561, -0.0012576275039464235, 0.0010442697675898671, -0.0015528453513979912, 0.0017428025603294373, -0.0033896653912961483, 0.004771106410771608, -0.0022527179680764675, 0.00112998578697443, -0.0008675105636939406, -0.000736628717277199, -0.0005306401872076094, 0.0015838341787457466], [-0.000658024859149009, 0.0007688994519412518, -0.0004194890207145363, 0.000297142454655841, -0.0005752287688665092, 0.00021741792443208396, -0.0022527179680764675, 0.006876857951283455, -0.0037652726750820875, 0.0021192277781665325, 4.7983099648263305e-05, -0.0005062891868874431, -0.0008785135578364134], [0.0003082175098825246, -0.000880675797816366, 0.00010556896449998021, -0.0007510758587159216, -0.0004876019957009703, -0.0002104856976075098, 0.00112998578697443, -0.0037652726750820875, 0.008475241251289845, -0.002787454519420862, 0.0007682979921810329, 0.00020492928160820156, -0.0009187581017613411], [-0.0005524122389033437, 0.00024332149769179523, 0.0005688869277946651, -6.692358147120103e-05, -0.00024417636450380087, 0.00046104498323984444, -0.0008675105636939406, 0.0021192277781665325, -0.002787454519420862, 0.007175251841545105, -0.0022288565523922443, 0.002094167284667492, 0.0006844448507763445], [0.0004974136245436966, -0.0009095457498915493, -0.0001586391153978184, -0.0006610963610000908, 0.0005063003045506775, -0.001124598435126245, -0.000736628717277199, 4.7983099648263305e-05, 0.0007682979921810329, -0.0022288565523922443, 0.010270836763083935, -0.0025003915652632713, 0.0024899651762098074], [-0.0005086796591058373, 0.0007118479115888476, -0.0009924472542479634, 0.0004719166026916355, 0.00015954955597408116, -0.00013498317275661975, -0.0005306401872076094, -0.0005062891868874431, 0.00020492928160820156, 0.002094167284667492, -0.0025003915652632713, 0.013312661089003086, -0.003107289085164666], [0.0005952505161985755, -0.0015717141795903444, 0.0013131416635587811, -0.0016756330151110888, 0.001386841293424368, -0.0010039740009233356, 0.0015838341787457466, -0.0008785135578364134, -0.0009187581017613411, 0.0006844448507763445, 0.0024899651762098074, -0.003107289085164666, 0.010721610859036446]], "lowlevel.mfcc.cov": [[7859.673828125, -323.0069580078125, -1080.8533935546875, -826.3936767578125, -345.1876220703125, -237.8907012939453, -5.187521934509277, 65.19679260253906, 199.1445770263672, 225.459228515625, 268.14422607421875, 82.28509521484375, 37.81855392456055], [-323.0069580078125, 3892.690673828125, -571.9017944335938, 150.34010314941406, 78.10297393798828, 238.0525665283203, 126.08516693115234, -131.844970703125, 384.80902099609375, 150.49192810058594, 32.64322280883789, 260.9750671386719, 383.74383544921875], [-1080.8533935546875, -571.9017944335938, 2284.05859375, 534.2431640625, 585.5604248046875, 157.8995819091797, 279.7866516113281, 574.9766235351562, -120.83264923095703, 9.35766315460205, -0.002581286709755659, -78.04568481445312, 222.05873107910156], [-826.3936767578125, 150.34010314941406, 534.2431640625, 1107.3682861328125, 461.49871826171875, 270.09716796875, 178.84698486328125, 206.71278381347656, 173.5522918701172, 154.6781768798828, 91.64281463623047, 97.97111511230469, 116.08760070800781], [-345.1876220703125, 78.10297393798828, 585.5604248046875, 461.49871826171875, 767.3069458007812, 209.66839599609375, 119.62387084960938, 285.8312072753906, 119.98269653320312, 104.03386688232422, 29.833181381225586, 47.474430084228516, 99.60881042480469], [-237.8907012939453, 238.0525665283203, 157.8995819091797, 270.09716796875, 209.66839599609375, 423.8983459472656, 243.20553588867188, 122.81440734863281, 44.90182876586914, 130.451416015625, 109.20024108886719, 78.43289947509766, 78.94792938232422], [-5.187521934509277, 126.08516693115234, 279.7866516113281, 178.84698486328125, 119.62387084960938, 243.20553588867188, 449.458251953125, 288.63519287109375, 45.57128143310547, 116.06970977783203, 127.31155395507812, 52.139015197753906, 133.89791870117188], [65.19679260253906, -131.844970703125, 574.9766235351562, 206.71278381347656, 285.8312072753906, 122.81440734863281, 288.63519287109375, 543.497314453125, 120.30634307861328, 78.20703125, 78.34850311279297, 14.022293090820312, 139.62738037109375], [199.1445770263672, 384.80902099609375, -120.83264923095703, 173.5522918701172, 119.98269653320312, 44.90182876586914, 45.57128143310547, 120.30634307861328, 327.9555969238281, 107.91083526611328, 10.663850784301758, 78.07205200195312, 75.35247039794922], [225.459228515625, 150.49192810058594, 9.35766315460205, 154.6781768798828, 104.03386688232422, 130.451416015625, 116.06970977783203, 78.20703125, 107.91083526611328, 234.06329345703125, 130.28890991210938, 46.244911193847656, 65.04923248291016], [268.14422607421875, 32.64322280883789, -0.002581286709755659, 91.64281463623047, 29.833181381225586, 109.20024108886719, 127.31155395507812, 78.34850311279297, 10.663850784301758, 130.28890991210938, 234.92530822753906, 38.288150787353516, 31.14119529724121], [82.28509521484375, 260.9750671386719, -78.04568481445312, 97.97111511230469, 47.474430084228516, 78.43289947509766, 52.139015197753906, 14.022293090820312, 78.07205200195312, 46.244911193847656, 38.288150787353516, 154.40342712402344, 64.10308837890625], [37.81855392456055, 383.74383544921875, 222.05873107910156, 116.08760070800781, 99.60881042480469, 78.94792938232422, 133.89791870117188, 139.62738037109375, 75.35247039794922, 65.04923248291016, 31.14119529724121, 64.10308837890625, 214.62258911132812]], "lowlevel.mfcc.icov": [[0.00017229067452717572, 4.7318171709775925e-05, 7.851270493119955e-05, 0.00014642378664575517, -1.8100516172125936e-05, 0.000103073260106612, 2.4853134164004587e-05, -6.70814115437679e-05, -9.190645505441353e-05, -0.00013067558757029474, -0.00018723322136793286, -7.794953853590414e-05, -0.00015445202006958425], [4.7318171709775925e-05, 0.00043491797987371683, 0.00011692485713865608, 8.622178575024009e-05, -7.968657882884145e-05, -0.0001432988210581243, -5.2114988648099825e-05, 0.00037415060796774924, -0.00043809786438941956, 0.0001634004875086248, -0.00010054725134978071, -9.206015965901315e-05, -0.0009284103289246559], [7.851270493119955e-05, 0.00011692485713865608, 0.0009941963944584131, -0.00026044604601338506, -0.00035515002673491836, 6.853877857793123e-05, 0.00011492581688798964, -0.0007983507239259779, 0.0008316829334944487, -2.8542264772113413e-05, 0.0002444407728035003, 0.0004719689895864576, -0.000983144622296095], [0.00014642378664575517, 8.622178575024009e-05, -0.00026044604601338506, 0.0016164202243089676, -0.0005448274896480143, -0.0003372138016857207, -9.654526365920901e-05, 0.0003763286804314703, -0.0008346636313945055, -0.00016627300647087395, -0.00044827742385677993, -0.00043883686885237694, -5.294261427479796e-05], [-1.8100516172125936e-05, -7.968657882884145e-05, -0.00035515002673491836, -0.0005448274896480143, 0.00242610857822001, -0.000865950423758477, 0.0008822468225844204, -0.0010292876977473497, -0.00011754257138818502, -0.0005020895623601973, 0.000485237076645717, -0.00024114146071951836, 0.00031464206404052675], [0.000103073260106612, -0.0001432988210581243, 6.853877857793123e-05, -0.0003372138016857207, -0.000865950423758477, 0.004721483215689659, -0.0022759863641113043, 0.0005572185036726296, 0.0006124501232989132, -0.0011562785366550088, -0.00028564780950546265, -0.001112085534259677, 0.0005811104201711714], [2.4853134164004587e-05, -5.2114988648099825e-05, 0.00011492581688798964, -9.654526365920901e-05, 0.0008822468225844204, -0.0022759863641113043, 0.0055849310010671616, -0.002695800270885229, 0.000869500741828233, -0.0005485728615894914, -0.0007096295594237745, -0.0001310199877480045, -0.0012775412760674953], [-6.70814115437679e-05, 0.00037415060796774924, -0.0007983507239259779, 0.0003763286804314703, -0.0010292876977473497, 0.0005572185036726296, -0.002695800270885229, 0.005280156619846821, -0.0024644513614475727, 0.0012209884589537978, -0.0011056835064664483, 0.0008410273003391922, -0.0011108192848041654], [-9.190645505441353e-05, -0.00043809786438941956, 0.0008316829334944487, -0.0008346636313945055, -0.00011754257138818502, 0.0006124501232989132, 0.000869500741828233, -0.0024644513614475727, 0.006300724111497402, -0.0027844721917062998, 0.0020662820897996426, -0.0014940238324925303, 5.879906893824227e-05], [-0.00013067558757029474, 0.0001634004875086248, -2.8542264772113413e-05, -0.00016627300647087395, -0.0005020895623601973, -0.0011562785366550088, -0.0005485728615894914, 0.0012209884589537978, -0.0027844721917062998, 0.008879750035703182, -0.004102696198970079, 0.0010356372222304344, -0.0013711637584492564], [-0.00018723322136793286, -0.00010054725134978071, 0.0002444407728035003, -0.00044827742385677993, 0.000485237076645717, -0.00028564780950546265, -0.0007096295594237745, -0.0011056835064664483, 0.0020662820897996426, -0.004102696198970079, 0.007718563079833984, -0.0011221588356420398, 0.0009774828795343637], [-7.794953853590414e-05, -9.206015965901315e-05, 0.0004719689895864576, -0.00043883686885237694, -0.00024114146071951836, -0.001112085534259677, -0.0001310199877480045, 0.0008410273003391922, -0.0014940238324925303, 0.0010356372222304344, -0.0011221588356420398, 0.009558403864502907, -0.002498447196558118], [-0.00015445202006958425, -0.0009284103289246559, -0.000983144622296095, -5.294261427479796e-05, 0.00031464206404052675, 0.0005811104201711714, -0.0012775412760674953, -0.0011108192848041654, 5.879906893824227e-05, -0.0013711637584492564, 0.0009774828795343637, -0.002498447196558118, 0.00955164059996605]], "metadata.audio_properties.analysis.downmix": "mix", "metadata.audio_properties.codec": "mp3", "metadata.audio_properties.md5_encoded": "41d05f1dbec9d6064effc9dbdc7cd86d", "metadata.tags.file_name": "1183692279395909714.mp3", "metadata.version.essentia": "2.1-beta6-dev", "metadata.version.essentia_git_sha": "v2.1_beta5-1110-g77a6a954", "metadata.version.extractor": "music 2.0", "tonal.chords_key": "F", "tonal.chords_scale": "minor", "tonal.key_edma.key": "C#", "tonal.key_edma.scale": "minor", "tonal.key_krumhansl.key": "C#", "tonal.key_krumhansl.scale": "minor", "tonal.key_temperley.key": "C#", "tonal.key_temperley.scale": "minor", "metadata.tags.encoding": ["Lavf58.45.100"]}, "essentia_models": [{"model_name": "genre_dortmund", "activations": {"alternative": "0.00086305523", "blues": "4.352439e-05", "electronic": "0.00033193672", "folkcountry": "5.2615927e-05", "funksoulrnb": "0.00061901263", "jazz": "6.460226e-05", "pop": "0.0003083715", "raphiphop": "0.99954396", "rock": "0.0017346649"}}, {"model_name": "genre_rosamerica", "activations": {"classic": "0.00016407053", "dance": "6.0753537e-06", "hip hop": "0.9945688", "jazz": "7.5311295e-06", "pop": "0.00058371865", "rhythm and blues": "0.00202743", "rock": "0.000349147", "speech": "0.006952379"}}, {"model_name": "genre_tzanetakis", "activations": {"blues": "0.00022740953", "classic": "7.893849e-05", "country": "8.3841805e-05", "disco": "0.00018024698", "hip hop": "0.9815775", "jazz": "1.8617449e-06", "metal": "8.881977e-05", "pop": "0.00024901272", "reggae": "0.022041487", "rock": "0.00051887933"}}, {"model_name": "genre_electronic", "activations": {"ambient": "0.07314056", "dnb": "0.22843578", "house": "0.47673243", "techno": "0.6227231", "trance": "0.007976364"}}, {"model_name": "mood_acoustic", "activations": {"acoustic": "3.1321065e-07", "not acoustic": "0.96431863"}