{"song_id": "1183711369284030475", "download": "https://cdn.discordapp.com/attachments/1135911532732108921/1183711369284030475/chirp.mp4?ex=6589541e&amp", "lyrics": "\u0417\u0435\u043c\u043b\u044f \u0432 \u0438\u043b\u043b\u044e\u043c\u0438\u043d\u0430\u0442\u043e\u0440\u0435\n\u0417\u0435\u043c\u043b\u044f \u0432 \u0438\u043b\u043b\u044e\u043c\u0438\u043d\u0430\u0442\u043e\u0440\u0435\n\u0417\u0435\u043c\u043b\u044f \u0432 \u0438\u043b\u043b\u044e\u043c\u0438\u043d\u0430\u0442\u043e\u0440\u0435 \u0432\u0438\u0434\u043d\u0430\n\u041a\u0430\u043a \u0441\u044b\u043d \u0433\u0440\u0443\u0441\u0442\u0438\u0442 \u043e \u043c\u0430\u0442\u0435\u0440\u0438, \u043a\u0430\u043a \u0441\u044b\u043d \u0433\u0440\u0443\u0441\u0442\u0438\u0442 \u043e \u043c\u0430\u0442\u0435\u0440\u0438\n\u0413\u0440\u0443\u0441\u0442\u0438\u043c \u043c\u044b \u043e \u0417\u0435\u043c\u043b\u0435 \u043e\u043d\u0430 \u043e\u0434\u043d\u0430\n\n\u0410 \u0437\u0432\u0435\u0437\u0434\u044b \u0442\u0435\u043c \u043d\u0435 \u043c\u0435\u043d\u0435\u0435, \u0430 \u0437\u0432\u0435\u0437\u0434\u044b \u0442\u0435\u043c \u043d\u0435 \u043c\u0435\u043d\u0435\u0435\n\u0427\u0443\u0442\u044c \u0431\u043b\u0438\u0436\u0435, \u043d\u043e \u0432\u0441\u0435 \u0442\u0430\u043a \u0436\u0435 \u0445\u043e\u043b\u043e\u0434\u043d\u044b\n\u0418 \u043a\u0430\u043a \u0432 \u0447\u0430\u0441\u044b \u0437\u0430\u0442\u043c\u0435\u043d\u0438\u044f, \u0438 \u043a\u0430\u043a \u0432 \u0447\u0430\u0441\u044b \u0437\u0430\u0442\u043c\u0435\u043d\u0438\u044f\n\u0416\u0434\u0435\u043c \u0441\u0432\u0435\u0442\u0430 \u0438 \u0437\u0435\u043c\u043d\u044b\u0435 \u0432\u0438\u0434\u0438\u043c \u0441\u043d\u044b\n\n\u0418 \u0441\u043d\u0438\u0442\u0441\u044f \u043d\u0430\u043c \u043d\u0435 \u0440\u043e\u043a\u043e\u0442 \u043a\u043e\u0441\u043c\u043e\u0434\u0440\u043e\u043c\u0430\n\u041d\u0438 \u044d\u0442\u0430 \u043b\u0435\u0434\u044f\u043d\u0430\u044f \u0441\u0438\u043d\u0435\u0432\u0430, \u0430 \u0441\u043d\u0438\u0442\u0441\u044f \u043d\u0430\u043c \u0442\u0440\u0430\u0432\u0430,\n\u0422\u0440\u0430\u0432\u0430 \u0443 \u0434\u043e\u043c\u0430\n\u0417\u0435\u043b\u0435\u043d\u0430\u044f, \u0437\u0435\u043b\u0435\u043d\u0430\u044f \u0442\u0440\u0430\u0432\u0430", "style": ["death</span><span>-core"], "essentia_features": {"lowlevel.average_loudness": 0.9839904308319092, "lowlevel.barkbands_crest.mean": 10.224803924560547, "lowlevel.barkbands_crest.stdev": 3.9122226238250732, "lowlevel.barkbands_flatness_db.mean": 0.12435931712388992, "lowlevel.barkbands_flatness_db.stdev": 0.03212837502360344, "lowlevel.barkbands_kurtosis.mean": 0.9146061539649963, "lowlevel.barkbands_kurtosis.stdev": 3.027776002883911, "lowlevel.barkbands_skewness.mean": 1.3500962257385254, "lowlevel.barkbands_skewness.stdev": 0.7637386322021484, "lowlevel.barkbands_spread.mean": 42.7086181640625, "lowlevel.barkbands_spread.stdev": 14.120840072631836, "lowlevel.dissonance.mean": 0.49038806557655334, "lowlevel.dissonance.stdev": 0.009309093467891216, "lowlevel.dynamic_complexity": 1.236352562904358, "lowlevel.erbbands_crest.mean": 6.177354335784912, "lowlevel.erbbands_crest.stdev": 2.065894842147827, "lowlevel.erbbands_flatness_db.mean": 0.14645138382911682, "lowlevel.erbbands_flatness_db.stdev": 0.015514036640524864, "lowlevel.erbbands_kurtosis.mean": 1.4329955577850342, "lowlevel.erbbands_kurtosis.stdev": 2.08677077293396, "lowlevel.erbbands_skewness.mean": -1.1363662481307983, "lowlevel.erbbands_skewness.stdev": 0.6503688097000122, "lowlevel.erbbands_spread.mean": 42.26897430419922, "lowlevel.erbbands_spread.stdev": 12.693910598754883, "lowlevel.hfc.mean": 34.98343276977539, "lowlevel.hfc.stdev": 11.942891120910645, "lowlevel.loudness_ebu128.integrated": -11.995689392089844, "lowlevel.loudness_ebu128.loudness_range": 1.035569190979004, "lowlevel.loudness_ebu128.momentary.mean": -12.030064582824707, "lowlevel.loudness_ebu128.momentary.stdev": 0.547828733921051, "lowlevel.loudness_ebu128.short_term.mean": -12.0152587890625, "lowlevel.loudness_ebu128.short_term.stdev": 0.3857201039791107, "lowlevel.melbands_crest.mean": 17.245424270629883, "lowlevel.melbands_crest.stdev": 5.119426727294922, "lowlevel.melbands_flatness_db.mean": 0.17641551792621613, "lowlevel.melbands_flatness_db.stdev": 0.04183325543999672, "lowlevel.melbands_kurtosis.mean": 13.733428955078125, "lowlevel.melbands_kurtosis.stdev": 13.52349853515625, "lowlevel.melbands_skewness.mean": 3.417168378829956, "lowlevel.melbands_skewness.stdev": 1.3636882305145264, "lowlevel.melbands_spread.mean": 33.62736129760742, "lowlevel.melbands_spread.stdev": 16.430503845214844, "lowlevel.pitch_salience.mean": 0.5471758842468262, "lowlevel.pitch_salience.stdev": 0.10943740606307983, "lowlevel.silence_rate_20dB.mean": 1.0, "lowlevel.silence_rate_20dB.stdev": 0.0, "lowlevel.silence_rate_30dB.mean": 0.9988412261009216, "lowlevel.silence_rate_30dB.stdev": 0.034020863473415375, "lowlevel.silence_rate_60dB.mean": 0.0023174970410764217, "lowlevel.silence_rate_60dB.stdev": 0.04808574542403221, "lowlevel.spectral_centroid.mean": 2613.12744140625, "lowlevel.spectral_centroid.stdev": 512.8995361328125, "lowlevel.spectral_complexity.mean": 41.43047332763672, "lowlevel.spectral_complexity.stdev": 6.210902690887451, "lowlevel.spectral_decrease.mean": -1.0555570639780854e-08, "lowlevel.spectral_decrease.stdev": 5.6968318951078345e-09, "lowlevel.spectral_energy.mean": 0.04301225394010544, "lowlevel.spectral_energy.stdev": 0.021738233044743538, "lowlevel.spectral_energyband_high.mean": 0.0027295462787151337, "lowlevel.spectral_energyband_high.stdev": 0.0013885830994695425, "lowlevel.spectral_energyband_low.mean": 0.025842010974884033, "lowlevel.spectral_energyband_low.stdev": 0.021427614614367485, "lowlevel.spectral_energyband_middle_high.mean": 0.006256704218685627, "lowlevel.spectral_energyband_middle_high.stdev": 0.0022386640775948763, "lowlevel.spectral_energyband_middle_low.mean": 0.008771603927016258, "lowlevel.spectral_energyband_middle_low.stdev": 0.008363847620785236, "lowlevel.spectral_entropy.mean": 7.938819408416748, "lowlevel.spectral_entropy.stdev": 0.13082654774188995, "lowlevel.spectral_flux.mean": 0.1232353076338768, "lowlevel.spectral_flux.stdev": 0.048325687646865845, "lowlevel.spectral_kurtosis.mean": 2.451380968093872, "lowlevel.spectral_kurtosis.stdev": 0.9391502737998962, "lowlevel.spectral_rms.mean": 0.00630322378128767, "lowlevel.spectral_rms.stdev": 0.001494178082793951, "lowlevel.spectral_rolloff.mean": 2334.382568359375, "lowlevel.spectral_rolloff.stdev": 1347.84375, "lowlevel.spectral_skewness.mean": 0.7012278437614441, "lowlevel.spectral_skewness.stdev": 0.19402089715003967, "lowlevel.spectral_spread.mean": 3706496.5, "lowlevel.spectral_spread.stdev": 1093551.375, "lowlevel.spectral_strongpeak.mean": 0.46109071373939514, "lowlevel.spectral_strongpeak.stdev": 0.5453599691390991, "lowlevel.zerocrossingrate.mean": 0.07605475187301636, "lowlevel.zerocrossingrate.stdev": 0.025225749239325523, "metadata.audio_properties.analysis.equal_loudness": 0.0, "metadata.audio_properties.analysis.length": 40.04265213012695, "metadata.audio_properties.analysis.sample_rate": 44100.0, "metadata.audio_properties.analysis.start_time": 0.0, "metadata.audio_properties.bit_rate": 122510.0, "metadata.audio_properties.length": 40.042667388916016, "metadata.audio_properties.lossless": 0.0, "metadata.audio_properties.number_channels": 1.0, "metadata.audio_properties.replay_gain": -13.569860458374023, "metadata.audio_properties.sample_rate": 48000.0, "rhythm.beats_count": 103.0, "rhythm.beats_loudness.mean": 0.051133688539266586, "rhythm.beats_loudness.stdev": 0.015475539490580559, "rhythm.bpm": 154.4044952392578, "rhythm.bpm_histogram_first_peak_bpm": 157.0, "rhythm.bpm_histogram_first_peak_weight": 0.20338982343673706, "rhythm.bpm_histogram_second_peak_bpm": 152.0, "rhythm.bpm_histogram_second_peak_spread": 0.0, "rhythm.bpm_histogram_second_peak_weight": 0.4215686321258545, "rhythm.danceability": 1.6292724609375, "rhythm.onset_rate": 2.896059989929199, "tonal.chords_changes_rate": 0.0659722238779068, "tonal.chords_number_rate": 0.004629629664123058, "tonal.chords_strength.mean": 0.545968770980835, "tonal.chords_strength.stdev": 0.06821363419294357, "tonal.hpcp_crest.mean": 8.76959228515625, "tonal.hpcp_crest.stdev": 4.144360065460205, "tonal.hpcp_entropy.mean": 2.990662097930908, "tonal.hpcp_entropy.stdev": 0.7172868847846985, "tonal.key_edma.strength": 0.6859652400016785, "tonal.key_krumhansl.strength": 0.6785505414009094, "tonal.key_temperley.strength": 0.6632643938064575, "tonal.tuning_diatonic_strength": 0.6674184203147888, "tonal.tuning_equal_tempered_deviation": 0.2640889883041382, "tonal.tuning_frequency": 434.193115234375, "tonal.tuning_nontempered_energy_ratio": 0.8961310386657715, "lowlevel.barkbands.mean": [0.0029605901800096035, 0.01604919508099556, 0.006300162523984909, 0.001967604737728834, 0.0020379775669425726, 0.001818851218558848, 0.0013890297850593925, 0.0011448966106399894, 0.0003568799584172666, 0.00015638142940588295, 0.00017796929751057178, 0.00034253858029842377, 0.0002461840631440282, 0.00033110231743194163, 0.0005030564498156309, 0.0009746262803673744, 0.0010267517063766718, 0.0005906352307647467, 0.0012337000807747245, 0.0012720882659778, 0.0012357530649751425, 0.0005095100495964289, 0.00014416886551771313, 0.0001545556733617559, 7.252222712850198e-05, 1.550942033645697e-05, 8.916745031228857e-08], "lowlevel.barkbands.stdev": [0.0035510817542672157, 0.01837868243455887, 0.00506556686013937, 0.0023636561818420887, 0.003718421095982194, 0.0036648574750870466, 0.003791769966483116, 0.0032690695952624083, 0.001042384305037558, 0.0002643220650497824, 0.0001903032825794071, 0.00039473106153309345, 0.00027010811027139425, 0.0004653942596632987, 0.00046811706852167845, 0.000648925022687763, 0.0005210640374571085, 0.00032232399098575115, 0.0005481734988279641, 0.0005632528336718678, 0.0005863934638909996, 0.00037586173857562244, 0.00015548399824183434, 0.0002818377979565412, 0.0001449963019695133, 3.124799331999384e-05, 2.4437974843749544e-07], "lowlevel.erbbands.mean": [0.5319250822067261, 3.3526880741119385, 7.5396199226379395, 7.394532203674316, 5.695087909698486, 6.633662700653076, 10.678206443786621, 15.875443458557129, 18.51758575439453, 23.873493194580078, 21.384212493896484, 8.659163475036621, 6.055425643920898, 5.075182914733887, 9.147468566894531, 14.61517333984375, 11.773651123046875, 14.510190963745117, 22.694618225097656, 34.05500793457031, 62.1230354309082, 56.2371940612793, 30.982553482055664, 56.33454513549805, 62.35447311401367, 59.86014175415039, 53.16413879394531, 42.16482925415039, 22.140708923339844, 6.653899192810059, 3.9271910190582275, 3.3753366470336914, 2.4302051067352295, 1.0804486274719238, 0.34348955750465393, 0.1166558489203453, 0.020124206319451332, 0.0015682568773627281, 6.503501936094835e-05, 5.601013617706485e-05], "lowlevel.erbbands.stdev": [0.7551539540290833, 3.6056904792785645, 5.950962543487549, 7.41292667388916, 8.015904426574707, 14.021985054016113, 21.197675704956055, 36.84563064575195, 45.7903938293457, 65.79013061523438, 64.18437194824219, 24.436281204223633, 12.4661226272583, 6.195603847503662, 9.943477630615234, 16.471702575683594, 12.300658226013184, 18.25928497314453, 26.237974166870117, 23.884859085083008, 37.82310104370117, 27.183767318725586, 14.803791999816895, 25.038354873657227, 28.807538986206055, 26.825302124023438, 24.162927627563477, 22.29864501953125, 15.780854225158691, 5.671436309814453, 4.610232830047607, 5.520324230194092, 4.8967108726501465, 2.19940447807312, 0.6722176671028137, 0.2372116893529892, 0.04069702327251434, 0.0038516572676599026, 8.075314690358937e-05, 2.4495215257047676e-05], "lowlevel.gfcc.mean": [41.560577392578125, 74.98765563964844, -129.5919952392578, 86.70377349853516, -44.6901969909668, 17.492446899414062, -28.746599197387695, 12.922791481018066, -20.392513275146484, 9.925232887268066, -13.847366333007812, -2.033707618713379, -4.518194675445557], "lowlevel.melbands.mean": [0.004779851995408535, 0.004001605324447155, 0.0011980104027315974, 0.00045956336543895304, 0.00034592003794386983, 0.0003545657964423299, 0.00028447588556446135, 0.00026682968018576503, 0.00015119265299290419, 4.940877988701686e-05, 2.914983815571759e-05, 1.941196751431562e-05, 2.6581381462165155e-05, 3.7528858229052275e-05, 3.288642255938612e-05, 2.410312299616635e-05, 2.7298850909573957e-05, 3.587102037272416e-05, 3.7991605495335534e-05, 5.425648851087317e-05, 7.781649037497118e-05, 6.454983667936176e-05, 3.274576010880992e-05, 2.663747909537051e-05, 4.7832465497776866e-05, 4.5588236389448866e-05, 4.691609137807973e-05, 3.71957357856445e-05, 3.3965454349527135e-05, 3.013987407030072e-05, 2.176860834879335e-05, 1.4209039363777265e-05, 5.9326316659280565e-06, 2.819573410306475e-06, 2.2185558918863535e-06, 1.982604771910701e-06, 2.2040967451175675e-06, 1.8967145933856955e-06, 1.277836872759508e-06, 7.747115660095005e-07], "lowlevel.melbands.stdev": [0.005783673841506243, 0.003205013694241643, 0.001067692181095481, 0.0009175593731924891, 0.0006288379663601518, 0.0007755022379569709, 0.0007135366322472692, 0.0007062446093186736, 0.00045515940291807055, 0.000152238440932706, 6.175661110319197e-05, 2.526032767491415e-05, 2.8630089218495414e-05, 4.4788499508285895e-05, 3.5533947084331885e-05, 2.728334948187694e-05, 3.7822432204848155e-05, 4.6507513616234064e-05, 3.3409240131732076e-05, 3.668265344458632e-05, 4.9173169827554375e-05, 3.473192191449925e-05, 1.784454616426956e-05, 1.4598865163861774e-05, 2.2709977201884612e-05, 2.3664457330596633e-05, 2.3334883735515177e-05, 1.8686516341404058e-05, 1.651892307563685e-05, 1.644296025915537e-05, 1.2658143532462418e-05, 1.0612121513986494e-05, 5.300104476191336e-06, 2.5608774194552097e-06, 2.4433388716715854e-06, 3.0620287816418568e-06, 3.940431724913651e-06, 3.947875029552961e-06, 2.594752913864795e-06, 1.6657666037644958e-06], "lowlevel.melbands128.mean": [0.002091420814394951, 0.004359006881713867, 0.006091049872338772, 0.005304256454110146, 0.004322315100580454, 0.0027597779408097267, 0.001612114137969911, 0.0007424973300658166, 0.0004899417981505394, 0.0005926726153120399, 0.0003059413575101644, 0.0002788534329738468, 0.00038559429231099784, 0.00037674573832191527, 0.0003894484543707222, 0.00031680738902650774, 0.000295032630674541, 0.00027971225790679455, 0.00027118995785713196, 0.0002735700109042227, 0.0002628498477861285, 0.00024572754045948386, 0.00013622030382975936, 6.328398740151897e-05, 4.7183810238493606e-05, 4.8481535486644134e-05, 3.8249614590313286e-05, 2.7421050617704168e-05, 2.1186517187743448e-05, 1.866143247752916e-05, 1.885066376416944e-05, 2.0116045561735518e-05, 2.6330011678510346e-05, 3.339885734021664e-05, 2.9102584448992275e-05, 4.274511229596101e-05, 4.399547469802201e-05, 3.4763153962558135e-05, 2.3586182578583248e-05, 2.485737240931485e-05, 2.434879934298806e-05, 2.3340100597124547e-05, 2.2895163056091405e-05, 3.2314354029949754e-05, 3.589712650864385e-05, 3.6164674384053797e-05, 3.654180545709096e-05, 3.225500404369086e-05, 4.096984048373997e-05, 4.932908632326871e-05, 4.882561552221887e-05, 6.760304677300155e-05, 7.912751607364044e-05, 7.849715620977804e-05, 8.332252036780119e-05, 6.709123408654705e-05, 4.694869494414888e-05, 3.761677726288326e-05, 2.8023187041981146e-05, 2.0974457584088668e-05, 2.2036154405213892e-05, 3.268602813477628e-05, 4.565246854326688e-05, 5.496837547980249e-05, 4.801635805051774e-05, 4.6378168917726725e-05, 4.159475793130696e-05, 4.413823990034871e-05, 5.272210910334252e-05, 4.608504241332412e-05, 3.554629802238196e-05, 3.34299256792292e-05, 3.33506177412346e-05, 3.7315330700948834e-05, 2.9678380087716505e-05, 2.9385266316239722e-05, 3.194278906448744e-05, 2.757723632385023e-05, 1.9973074813606218e-05, 1.6020920156734064e-05, 1.659160443523433e-05, 1.3316923286765814e-05, 8.83419306774158e-06, 5.222897470957832e-06, 3.466487214609515e-06, 2.8853460207756143e-06, 2.6096297460753703e-06, 2.5584181457816157e-06, 1.9979902390332427e-06, 2.169268555007875e-06, 2.2895624169905204e-06, 1.8568842961030896e-06, 1.6078026874311035e-06, 2.2322967652144143e-06, 2.5978588382713497e-06, 2.29133979701146e-06, 1.7435057770853746e-06, 1.2623203247130732e-06, 1.4015458873473108e-06, 1.282176754102693e-06, 8.464944585284684e-07, 7.814215905455058e-07, 5.147411457073758e-07, 4.368403665466758e-07, 2.6310587486477743e-07, 3.7889168424953823e-07, 3.602617368869687e-07, 2.523278794797079e-07, 1.9336683010351408e-07, 1.256964026197238e-07, 9.888187690876293e-08, 6.793163009888303e-08, 5.356845278470246e-08, 4.467709757705052e-08, 2.6333649927323677e-08, 1.1221877649347789e-08, 3.787108848740672e-09, 1.2665511694986975e-10, 5.766347035279784e-12, 5.596136835178678e-12, 5.455854518165992e-12, 5.342401000751895e-12, 5.215831672816806e-12, 5.122039944960299e-12, 5.025402403241452e-12, 4.922824734659992e-12, 4.858346364100541e-12, 4.8277896437520784e-12], "lowlevel.melbands128.stdev": [0.0027641253545880318, 0.0069205621257424355, 0.007992403581738472, 0.0057745748199522495, 0.003732074284926057, 0.002331517869606614, 0.0018352388869971037, 0.000883019994944334, 0.0007666202145628631, 0.0015206264797598124, 0.0007568756118416786, 0.0006264344556257129, 0.0009332848130725324, 0.0009887099731713533, 0.0011601860169321299, 0.000951722206082195, 0.0009794958168640733, 0.0009150398545898497, 0.0011413038009777665, 0.0009544553468003869, 0.000843294954393059, 0.0009459577850066125, 0.0005201384774409235, 0.00025845825439319015, 0.00018027516489382833, 0.0002454379864502698, 0.00010684179869713262, 6.207865953911096e-05, 4.623454879038036e-05, 3.193153679603711e-05, 2.812289858411532e-05, 2.9596096283057705e-05, 3.124375507468358e-05, 4.6019547880860046e-05, 4.6084383939160034e-05, 6.377659883582965e-05, 6.16026227362454e-05, 4.234254447510466e-05, 2.968960689031519e-05, 3.601535354391672e-05, 3.532927803462371e-05, 3.1730683986097574e-05, 3.322918200865388e-05, 6.723873229930177e-05, 6.158668838907033e-05, 5.611211963696405e-05, 5.6857152230804786e-05, 3.854243186651729e-05, 4.121655729250051e-05, 4.429660475580022e-05, 4.396208169055171e-05, 6.23842206550762e-05, 6.347204180201516e-05, 6.777259113732725e-05, 6.403955921996385e-05, 4.9816182581707835e-05, 3.35808472300414e-05, 2.6692223400459625e-05, 2.2046071535442024e-05, 1.5579273167531937e-05, 1.7351241694996133e-05, 2.441612014081329e-05, 3.043055949092377e-05, 3.4274638892384246e-05, 3.212687443010509e-05, 3.259415098000318e-05, 3.062164250877686e-05, 3.164596637361683e-05, 3.535448922775686e-05, 3.050985833397135e-05, 2.7022513677366078e-05, 2.1784966520499438e-05, 2.1006804672651924e-05, 2.415546987322159e-05, 1.9799981600954197e-05, 1.950746627699118e-05, 2.3640122890355997e-05, 1.9599281586124562e-05, 1.4529057807521895e-05, 1.306597641814733e-05, 1.4172204828355461e-05, 1.1938172065129038e-05, 8.793255801720079e-06, 5.518822490557795e-06, 3.874575213558273e-06, 3.152000772388419e-06, 2.5980773443734506e-06, 2.7511018743098248e-06, 2.2368958525476046e-06, 3.248006350986543e-06, 4.107565473532304e-06, 3.083023102590232e-06, 2.5752924557309598e-06, 4.287677711545257e-06, 5.357177542464342e-06, 4.780802555615082e-06, 4.134530627197819e-06, 2.9361640372371767e-06, 2.9115158213244285e-06, 2.6654709017748246e-06, 1.817978045437485e-06, 1.885794631562021e-06, 1.2656477110795095e-06, 9.825596407608828e-07, 5.42458337804419e-07, 8.180664394785708e-07, 7.772450771881267e-07, 5.715887141377607e-07, 4.5102086687620613e-07, 2.801342873226531e-07, 2.2081555073327763e-07, 1.472378556854892e-07, 1.4158281658183114e-07, 1.3721924574383593e-07, 8.937136897202436e-08, 4.959292354556055e-08, 1.064357668667526e-08, 8.998811695803965e-10, 7.844710124549348e-12, 7.63153342603351e-12, 7.440827468063738e-12, 7.272265688945678e-12, 7.123947699111399e-12, 6.998229253041277e-12, 6.893177435102205e-12, 6.809657872308694e-12, 6.748659790722922e-12, 6.711087848637609e-12], "lowlevel.mfcc.mean": [-586.0737915039062, 80.1024169921875, -10.045903205871582, 63.193084716796875, 12.378544807434082, 18.150346755981445, 9.014297485351562, 2.795295476913452, 10.072029113769531, 3.501164674758911, -0.5435221791267395, 8.768752098083496, 4.724277973175049], "lowlevel.spectral_contrast_coeffs.mean": [-0.7346649169921875, -0.7908759713172913, -0.8281704187393188, -0.7961565852165222, -0.7985004782676697, -0.6660056710243225], "lowlevel.spectral_contrast_coeffs.stdev": [0.05694027617573738, 0.08555550128221512, 0.033120956271886826, 0.030862649902701378, 0.01963888108730316, 0.034661564975976944], "lowlevel.spectral_contrast_valleys.mean": [-6.182351112365723, -6.782800197601318, -7.190532684326172, -6.9009857177734375, -6.191806316375732, -9.821525573730469], "lowlevel.spectral_contrast_valleys.stdev": [0.6822065114974976, 0.7534111142158508, 0.651016116142273, 0.6318193078041077, 0.6269083023071289, 0.7144916653633118], "rhythm.beats_loudness_band_ratio.mean": [0.6739596724510193, 0.09842417389154434, 0.04996144771575928, 0.0239429771900177, 0.07958249002695084, 0.09451590478420258], "rhythm.beats_loudness_band_ratio.stdev": [0.19512102007865906, 0.13608230650424957, 0.08639870584011078, 0.024202749133110046, 0.03558289259672165, 0.05399605631828308], "tonal.hpcp.mean": [0.1717420220375061, 0.10972436517477036, 0.0641821026802063, 0.04228697717189789, 0.03952930495142937, 0.05386069789528847, 0.07004664838314056, 0.08320372551679611, 0.10484219342470169, 0.13799113035202026, 0.17601469159126282, 0.24748775362968445, 0.34779584407806396, 0.36553260684013367, 0.27151837944984436, 0.20307309925556183, 0.16866502165794373, 0.12185842543840408, 0.08068917691707611, 0.05887877568602562, 0.05195234715938568, 0.04272240027785301, 0.05045263469219208, 0.08626899123191833, 0.11599864810705185, 0.09306460618972778, 0.05900934711098671, 0.05026919022202492, 0.04560746252536774, 0.044843461364507675, 0.05276702344417572, 0.0720747634768486, 0.12015913426876068, 0.25114917755126953, 0.34321996569633484, 0.2699020504951477], "tonal.hpcp.stdev": [0.2579362988471985, 0.2060403972864151, 0.16539667546749115, 0.12620051205158234, 0.11736849695444107, 0.14915990829467773, 0.16962966322898865, 0.18655896186828613, 0.21856380999088287, 0.24023951590061188, 0.2592102885246277, 0.3080872893333435, 0.3495776057243347, 0.35870715975761414, 0.30171048641204834, 0.28388306498527527, 0.2669542133808136, 0.21899589896202087, 0.1655133068561554, 0.13119548559188843, 0.1296684890985489, 0.10891067236661911, 0.13766393065452576, 0.18043778836727142, 0.23108144104480743, 0.19069743156433105, 0.15107640624046326, 0.13435429334640503, 0.1239350438117981, 0.1181584969162941, 0.12229429185390472, 0.1522495448589325, 0.20284046232700348, 0.29547569155693054, 0.3485645055770874, 0.2906041741371155], "rhythm.beats_position": [0.3599092960357666, 0.7314285635948181, 1.1029478311538696, 1.486077070236206, 1.8575963973999023, 2.2291154861450195, 2.600634813308716, 2.9953742027282715, 3.3785033226013184, 3.7616326808929443, 4.156371593475342, 4.551111221313477, 4.934240341186523, 5.31736946105957, 5.700498580932617, 6.083628177642822, 6.478367328643799, 6.873106479644775, 7.267845630645752, 7.639364719390869, 8.022494316101074, 8.405623435974121, 8.800362586975098, 9.183491706848145, 9.566620826721191, 9.961359977722168, 10.356099128723145, 10.739229202270508, 11.122358322143555, 11.505487442016602, 11.888616561889648, 12.283355712890625, 12.678094863891602, 13.072834014892578, 13.467573165893555, 13.862312316894531, 14.245442390441895, 14.628571510314941, 15.000090599060059, 15.383219718933105, 15.766348838806152, 16.161088943481445, 16.544218063354492, 16.92734718322754, 17.322086334228516, 17.716825485229492, 18.11156463623047, 18.483083724975586, 18.854602813720703, 19.24934196472168, 19.644081115722656, 20.038820266723633, 20.43355941772461, 20.805078506469727, 21.188207626342773, 21.57133674621582, 21.966075897216797, 22.360815048217773, 22.732336044311523, 23.1270751953125, 23.521814346313477, 23.916553497314453, 24.31129264831543, 24.706031799316406, 25.077550888061523, 25.46068000793457, 25.843809127807617, 26.238548278808594, 26.63328742980957, 27.016416549682617, 27.399545669555664, 27.79428482055664, 28.177413940429688, 28.560543060302734, 28.95528221130371, 29.350021362304688, 29.744760513305664, 30.127891540527344, 30.51102066040039, 30.894149780273438, 31.277278900146484, 31.66040802001953, 32.04353713989258, 32.43827438354492, 32.83301544189453, 33.21614456176758, 33.599273681640625, 33.98240280151367, 34.36553192138672, 34.76027297973633, 35.15501022338867, 35.53813934326172, 35.93288040161133, 36.316009521484375, 36.69913864135742, 37.08226776123047, 37.465396881103516, 37.84852600097656, 38.243263244628906, 38.638004302978516, 39.02113342285156, 39.40426254272461, 39.79899978637695], "rhythm.bpm_histogram": [0.0, 0.0, 0.0, 0.0, 0.0, 0.0, 0.0, 0.0, 0.0, 0.0, 0.0, 0.0, 0.0, 0.0, 0.0, 0.0, 0.0, 0.0, 0.0, 0.0, 0.0, 0.0, 0.0, 0.0, 0.0, 0.0, 0.0, 0.0, 0.0, 0.0, 0.0, 0.0, 0.0, 0.0, 0.0, 0.0, 0.0, 0.0, 0.0, 0.0, 0.0, 0.0, 0.0, 0.0, 0.0, 0.0, 0.0, 0.0, 0.0, 0.0, 0.0, 0.0, 0.0, 0.0, 0.0, 0.0, 0.0, 0.0, 0.0, 0.0, 0.0, 0.0, 0.0, 0.0, 0.0, 0.0, 0.0, 0.0, 0.0, 0.0, 0.0, 0.0, 0.0, 0.0, 0.0, 0.0, 0.0, 0.0, 0.0, 0.0, 0.0, 0.0, 0.0, 0.0, 0.0, 0.0, 0.0, 0.0, 0.0, 0.0, 0.0, 0.0, 0.0, 0.0, 0.0, 0.0, 0.0, 0.0, 0.0, 0.0, 0.0, 0.0, 0.0, 0.0, 0.0, 0.0, 0.0, 0.0, 0.0, 0.0, 0.0, 0.0, 0.0, 0.0, 0.0, 0.0, 0.0, 0.0, 0.0, 0.0, 0.0, 0.0, 0.0, 0.0, 0.0, 0.0, 0.0, 0.0, 0.0, 0.0, 0.0, 0.0, 0.0, 0.0, 0.0, 0.0, 0.0, 0.0, 0.0, 0.0, 0.0, 0.0, 0.0, 0.0, 0.0, 0.0, 0.0, 0.0, 0.0, 0.0, 0.0, 0.0, 0.4215686321258545, 0.0, 0.0, 0.0, 0.0, 0.46078431606292725, 0.0, 0.0, 0.0, 0.11764705926179886, 0.0, 0.0, 0.0, 0.0, 0.0, 0.0, 0.0, 0.0, 0.0, 0.0, 0.0, 0.0, 0.0, 0.0, 0.0, 0.0, 0.0, 0.0, 0.0, 0.0, 0.0, 0.0, 0.0, 0.0, 0.0, 0.0, 0.0, 0.0, 0.0, 0.0, 0.0, 0.0, 0.0, 0.0, 0.0, 0.0, 0.0, 0.0, 0.0, 0.0, 0.0, 0.0, 0.0, 0.0, 0.0, 0.0, 0.0, 0.0, 0.0, 0.0, 0.0, 0.0, 0.0, 0.0, 0.0, 0.0, 0.0, 0.0, 0.0, 0.0, 0.0, 0.0, 0.0, 0.0, 0.0, 0.0, 0.0, 0.0, 0.0, 0.0, 0.0, 0.0, 0.0, 0.0, 0.0, 0.0, 0.0, 0.0, 0.0, 0.0, 0.0, 0.0, 0.0, 0.0, 0.0, 0.0, 0.0, 0.0], "tonal.chords_histogram": [63.77314758300781, 0.0, 0.0, 0.0, 0.0, 0.0, 0.0, 32.98611068725586, 1.5046296119689941, 1.3888888359069824, 0.0, 0.0, 0.0, 0.0, 0.0, 0.0, 0.0, 0.0, 0.0, 0.3472222089767456, 0.0, 0.0, 0.0, 0.0], "tonal.thpcp": [1.0, 0.742802083492279, 0.5555539727210999, 0.4614226520061493, 0.33337223529815674, 0.22074413299560547, 0.16107666492462158, 0.14212781190872192, 0.11687712371349335, 0.13802498579025269, 0.23600901663303375, 0.3173414468765259, 0.25460001826286316, 0.1614338755607605, 0.1375231295824051, 0.12476988881826401, 0.12267978489398956, 0.14435654878616333, 0.19717738032341003, 0.3287234306335449, 0.6870773434638977, 0.9389585256576538, 0.7383802533149719, 0.46984049677848816, 0.3001766800880432, 0.17558516561985016, 0.11568592488765717, 0.10814166814088821, 0.1473485380411148, 0.19162900745868683, 0.22762326896190643, 0.28682035207748413, 0.3775070309638977, 0.4815293848514557, 0.6770606637001038, 0.9514769315719604], "lowlevel.gfcc.cov": [[2233.66357421875, 84.8111801147461, -42.432926177978516, -52.83932876586914, -179.1028594970703, -29.213146209716797, -94.572021484375, 64.09800720214844, 38.75515365600586, 96.67692565917969, 17.70616340637207, 8.347929000854492, -30.03536605834961], [84.8111801147461, 398.857666015625, -103.09113311767578, -42.2227897644043, -47.95835494995117, -158.45510864257812, 22.412864685058594, -66.10697174072266, 57.95039749145508, 2.2348098754882812, 51.801185607910156, -16.91977310180664, 44.96485900878906], [-42.432926177978516, -103.09113311767578, 129.25917053222656, 29.45705795288086, 28.732431411743164, 32.63219451904297, -25.873197555541992, 12.475834846496582, -26.015073776245117, 2.587024450302124, -8.117281913757324, 26.344219207763672, 0.9174537658691406], [-52.83932876586914, -42.2227897644043, 29.45705795288086, 208.35977172851562, 131.4242706298828, 69.25432586669922, 40.08086013793945, -39.388404846191406, -45.063636779785156, -78.51905059814453, -13.74425983428955, -2.3079347610473633, 26.286582946777344], [-179.1028594970703, -47.95835494995117, 28.732431411743164, 131.4242706298828, 178.06703186035156, 84.94156646728516, 70.84414672851562, -17.06412124633789, -36.02778625488281, -53.833465576171875, -27.533863067626953, -3.552912950515747, 7.1253838539123535], [-29.213146209716797, -158.45510864257812, 32.63219451904297, 69.25432586669922, 84.94156646728516, 147.8976287841797, 47.233482360839844, 30.776737213134766, -25.071266174316406, -32.454864501953125, -30.36163330078125, -16.878528594970703, -15.408245086669922], [-94.572021484375, 22.412864685058594, -25.873197555541992, 40.08086013793945, 70.84414672851562, 47.233482360839844, 107.44430541992188, 20.886592864990234, 24.309431076049805, -17.781469345092773, -8.25991439819336, -18.13925552368164, -5.338120937347412], [64.09800720214844, -66.10697174072266, 12.475834846496582, -39.388404846191406, -17.06412124633789, 30.776737213134766, 20.886592864990234, 82.40178680419922, 41.52613830566406, 41.29481506347656, 0.6087824702262878, -4.526238918304443, -15.076085090637207], [38.75515365600586, 57.95039749145508, -26.015073776245117, -45.063636779785156, -36.02778625488281, -25.071266174316406, 24.309431076049805, 41.52613830566406, 88.23409271240234, 53.89055252075195, 30.884265899658203, -6.806795597076416, -3.077160596847534], [96.67692565917969, 2.2348098754882812, 2.587024450302124, -78.51905059814453, -53.833465576171875, -32.454864501953125, -17.781469345092773, 41.29481506347656, 53.89055252075195, 89.98780822753906, 35.55120849609375, 17.657188415527344, -5.569304466247559], [17.70616340637207, 51.801185607910156, -8.117281913757324, -13.74425983428955, -27.533863067626953, -30.36163330078125, -8.25991439819336, 0.6087824702262878, 30.884265899658203, 35.55120849609375, 61.05217361450195, 28.386110305786133, 25.786230087280273], [8.347929000854492, -16.91977310180664, 26.344219207763672, -2.3079347610473633, -3.552912950515747, -16.878528594970703, -18.13925552368164, -4.526238918304443, -6.806795597076416, 17.657188415527344, 28.386110305786133, 58.549827575683594, 28.805681228637695], [-30.03536605834961, 44.96485900878906, 0.9174537658691406, 26.286582946777344, 7.1253838539123535, -15.408245086669922, -5.338120937347412, -15.076085090637207, -3.077160596847534, -5.569304466247559, 25.786230087280273, 28.805681228637695, 60.59819793701172]], "lowlevel.gfcc.icov": [[0.0007617303635925055, -0.0017682069446891546, 0.000565512920729816, -0.0016920361667871475, 0.0015335659263655543, -0.0020072010811418295, 0.0013115195324644446, -0.0015680018113926053, 0.0009820102714002132, -0.0018713133176788688, 0.0017607909394428134, -0.002089589135721326, 0.0015716612106189132], [-0.0017682069446891546, 0.016030991449952126, -0.0005961123970337212, 0.0075116343796253204, -0.005802122410386801, 0.016386309638619423, -0.009227081201970577, 0.01106480322778225, -0.006928587332367897, 0.008363048546016216, -0.01101485826075077, 0.015482031740248203, -0.011487896554172039], [0.000565512920729816, -0.0005961123970337212, 0.012724766507744789, -0.0030794094782322645, -0.0013133895117789507, -0.0021861870773136616, 0.005917681846767664, -0.004730169661343098, 0.0016934806481003761, -0.0026740410830825567, 0.003503568936139345, -0.007339601404964924, 0.0026470946613699198], [-0.0016920361667871475, 0.0075116343796253204, -0.0030794094782322645, 0.018286317586898804, -0.011744424700737, 0.006007927004247904, -0.0028738074470311403, 0.007431738078594208, -0.005895689595490694, 0.014317511580884457, -0.011249564588069916, 0.009966626763343811, -0.0087279686704278], [0.0015335659263655543, -0.005802122410386801, -0.0013133895117789507, -0.011744424700737, 0.021640196442604065, -0.010147599503397942, -0.0068648811429739, 0.0008887298754416406, 0.006063348613679409, -0.010177590884268284, 0.010817582719027996, -0.008657537400722504, 0.003556170966476202], [-0.0020072010811418295, 0.016386309638619423, -0.0021861870773136616, 0.006007927004247904, -0.010147599503397942, 0.03152342885732651, -0.011652665212750435, 0.0013386154314503074, -0.0009171143756248057, 0.01099538803100586, -0.013502242974936962, 0.019027648493647575, -0.009547002613544464], [0.0013115195324644446, -0.009227081201970577, 0.005917681846767664, -0.0028738074470311403, -0.0068648811429739, -0.011652665212750435, 0.028174223378300667, -0.012340654619038105, -0.006814184598624706, 0.0036896327510476112, 0.005043786019086838, -0.010218680836260319, 0.008613991551101208], [-0.0015680018113926053, 0.01106480322778225, -0.004730169661343098, 0.007431738078594208, 0.0008887298754416406, 0.0013386154314503074, -0.012340654619038105, 0.03803995996713638, -0.015187560580670834, -0.004685466177761555, 0.0013709401246160269, 0.00913139060139656, -0.009652826003730297], [0.0009820102714002132, -0.006928587332367897, 0.0016934806481003761, -0.005895689595490694, 0.006063348613679409, -0.0009171143756248057, -0.006814184598624706, -0.015187560580670834, 0.03803509473800659, -0.018146289512515068, -0.006466812454164028, 0.005003118421882391, 0.0034720092080533504], [-0.0018713133176788688, 0.008363048546016216, -0.0026740410830825567, 0.014317511580884457, -0.010177590884268284, 0.01099538803100586, 0.0036896327510476112, -0.004685466177761555, -0.018146289512515068, 0.04492025077342987, -0.020364033058285713, 0.0015060172881931067, 0.001005101832561195], [0.0017607909394428134, -0.01101485826075077, 0.003503568936139345, -0.011249564588069916, 0.010817582719027996, -0.013502242974936962, 0.005043786019086838, 0.0013709401246160269, -0.006466812454164028, -0.020364033058285713, 0.04924025014042854, -0.024813296273350716, -0.0014049288583919406], [-0.002089589135721326, 0.015482031740248203, -0.007339601404964924, 0.009966626763343811, -0.008657537400722504, 0.019027648493647575, -0.010218680836260319, 0.00913139060139656, 0.005003118421882391, 0.0015060172881931067, -0.024813296273350716, 0.051549993455410004, -0.02306148037314415], [0.0015716612106189132, -0.011487896554172039, 0.0026470946613699198, -0.0087279686704278, 0.003556170966476202, -0.009547002613544464, 0.008613991551101208, -0.009652826003730297, 0.0034720092080533504, 0.001005101832561195, -0.0014049288583919406, -0.02306148037314415, 0.03689189255237579]], "lowlevel.mfcc.cov": [[1452.5048828125, 133.48370361328125, 43.45027160644531, -66.26592254638672, -72.97297668457031, -88.45110321044922, -86.78448486328125, -62.26905822753906, -13.303974151611328, 31.109214782714844, 33.11762237548828, 37.88348388671875, 29.128406524658203], [133.48370361328125, 359.93115234375, -69.90544891357422, 24.517793655395508, -110.86616516113281, -75.9770736694336, -87.01712799072266, -75.01022338867188, -26.59071922302246, 6.1486382484436035, 10.523124694824219, 10.273590087890625, 17.18277359008789], [43.45027160644531, -69.90544891357422, 109.99280548095703, -23.32727813720703, 20.5751953125, -22.599529266357422, -15.143787384033203, -11.396986961364746, -13.47528076171875, -11.050531387329102, -10.783164978027344, -0.30819037556648254, 9.940404891967773], [-66.26592254638672, 24.517793655395508, -23.32727813720703, 156.02467346191406, 49.359737396240234, 61.53091049194336, 36.20421600341797, 28.98752784729004, -2.283219575881958, -31.86758804321289, -34.15503692626953, -23.317380905151367, -5.116827011108398], [-72.97297668457031, -110.86616516113281, 20.5751953125, 49.359737396240234, 110.69344329833984, 70.04105377197266, 60.60079574584961, 37.56345748901367, 10.202880859375, -19.729122161865234, -23.17856216430664, -20.271827697753906, -12.583771705627441], [-88.45110321044922, -75.9770736694336, -22.599529266357422, 61.53091049194336, 70.04105377197266, 119.47586822509766, 81.18504333496094, 62.44517517089844, 16.422048568725586, -9.363945960998535, -12.37005615234375, -26.237695693969727, -23.895702362060547], [-86.78448486328125, -87.01712799072266, -15.143787384033203, 36.20421600341797, 60.60079574584961, 81.18504333496094, 102.63633728027344, 66.42996978759766, 28.19987678527832, -4.438607215881348, -8.85325813293457, -19.432167053222656, -23.171005249023438], [-62.26905822753906, -75.01022338867188, -11.396986961364746, 28.98752784729004, 37.56345748901367, 62.44517517089844, 66.42996978759766, 85.65426635742188, 34.08033752441406, 8.663325309753418, -0.06254887580871582, -12.068694114685059, -16.820594787597656], [-13.303974151611328, -26.59071922302246, -13.47528076171875, -2.283219575881958, 10.202880859375, 16.422048568725586, 28.19987678527832, 34.08033752441406, 58.417789459228516, 32.12928009033203, 18.94862174987793, 7.868799686431885, -2.1235594749450684], [31.109214782714844, 6.1486382484436035, -11.050531387329102, -31.86758804321289, -19.729122161865234, -9.363945960998535, -4.438607215881348, 8.663325309753418, 32.12928009033203, 64.99308013916016, 42.54296112060547, 21.295124053955078, 1.6993799209594727], [33.11762237548828, 10.523124694824219, -10.783164978027344, -34.15503692626953, -23.17856216430664, -12.37005615234375, -8.85325813293457, -0.06254887580871582, 18.94862174987793, 42.54296112060547, 58.3018798828125, 27.906766891479492, 10.266985893249512], [37.88348388671875, 10.273590087890625, -0.30819037556648254, -23.317380905151367, -20.271827697753906, -26.237695693969727, -19.432167053222656, -12.068694114685059, 7.868799686431885, 21.295124053955078, 27.906766891479492, 54.106258392333984, 31.331552505493164], [29.128406524658203, 17.18277359008789, 9.940404891967773, -5.116827011108398, -12.583771705627441, -23.895702362060547, -23.171005249023438, -16.820594787597656, -2.1235594749450684, 1.6993799209594727, 10.266985893249512, 31.331552505493164, 55.46907043457031]], "lowlevel.mfcc.icov": [[0.0007638329989276826, -0.0003435610269661993, -0.0004931963048875332, 0.000185688171768561, -4.7647567953390535e-06, -4.670659109251574e-05, 0.00020925811259076, -4.78720357932616e-06, -1.4189280591381248e-05, -0.0001713617966743186, -9.322245023213327e-05, -0.0002463827549945563, 3.6717650800710544e-05], [-0.0003435610269661993, 0.0065009696409106255, 0.0033278900664299726, -0.0035000473726540804, 0.004789621103554964, 0.001089834957383573, 0.001126284128986299, 0.003501738188788295, 4.42484779341612e-05, -0.0007799753802828491, -0.0003270247543696314, 0.0018579704919829965, -0.0006275713094510138], [-0.0004931963048875332, 0.0033278900664299726, 0.014290742576122284, 0.0008845924166962504, -0.004109734669327736, 0.0047975569032132626, 0.0024495564866811037, -0.0006725291023030877, 0.002696288749575615, -0.0004877544997725636, 0.0014347407268360257, 0.0023614633828401566, -0.002778820926323533], [0.000185688171768561, -0.0035000473726540804, 0.0008845924166962504, 0.011923490092158318, -0.004838354419916868, -0.004410797264426947, 0.0016287260223180056, -0.0033422838896512985, -0.000260054919635877, 0.0024144325871020555, 0.0037855389527976513, -4.8150206566788256e-05, -0.0021602599881589413], [-4.7647567953390535e-06, 0.004789621103554964, -0.004109734669327736, -0.004838354419916868, 0.023662026971578598, -0.0077384887263178825, -0.005293832626193762, 0.0058316560462117195, -0.003363755065947771, 0.001261631608940661, 0.0025490487460047007, 0.00046649412252008915, -0.0005024332785978913], [-4.670659109251574e-05, 0.001089834957383573, 0.0047975569032132626, -0.004410797264426947, -0.0077384887263178825, 0.027001067996025085, -0.01035922672599554, -0.006494300439953804, 0.005373342894017696, -0.001425798749551177, -0.003684758674353361, 0.004399027209728956, 0.00044655846431851387], [0.00020925811259076, 0.001126284128986299, 0.0024495564866811037, 0.0016287260223180056, -0.005293832626193762, -0.01035922672599554, 0.031924597918987274, -0.011445478536188602, -0.006125865504145622, 0.00498303584754467, -0.0003222969826310873, -0.000673529168125242, 0.003506804583594203], [-4.78720357932616e-06, 0.003501738188788295, -0.0006725291023030877, -0.0033