{"song_id": "1183696152512700506", "download": "https://cdn.discordapp.com/attachments/1135911532732108921/1183696152512700506/chirp.mp4?ex=658945f2&amp", "lyrics": "[verse]\nAnurag, the poet with a melancholic soul\nLost in thoughts, his emotions take control\nLonging for love, his heart feels heavy\nSeeking solace in verses, he finds sanctuary\n\n[chorus]\nOh Anurag, let your words paint the night\nExpress your pain, make the darkness ignite\nYour muse awaits, her touch to heal\nIn your verses, let your desires reveal", "style": ["random"], "essentia_features": {"lowlevel.average_loudness": 0.9265916347503662, "lowlevel.barkbands_crest.mean": 15.706588745117188, "lowlevel.barkbands_crest.stdev": 6.232530117034912, "lowlevel.barkbands_flatness_db.mean": 0.2360006868839264, "lowlevel.barkbands_flatness_db.stdev": 0.08691058307886124, "lowlevel.barkbands_kurtosis.mean": 30.86869239807129, "lowlevel.barkbands_kurtosis.stdev": 47.8713264465332, "lowlevel.barkbands_skewness.mean": 3.7872583866119385, "lowlevel.barkbands_skewness.stdev": 2.954510450363159, "lowlevel.barkbands_spread.mean": 14.12829875946045, "lowlevel.barkbands_spread.stdev": 16.10862922668457, "lowlevel.dissonance.mean": 0.43128708004951477, "lowlevel.dissonance.stdev": 0.049050603061914444, "lowlevel.dynamic_complexity": 1.7919490337371826, "lowlevel.erbbands_crest.mean": 12.993975639343262, "lowlevel.erbbands_crest.stdev": 6.087202072143555, "lowlevel.erbbands_flatness_db.mean": 0.17871300876140594, "lowlevel.erbbands_flatness_db.stdev": 0.049684006720781326, "lowlevel.erbbands_kurtosis.mean": 3.891922950744629, "lowlevel.erbbands_kurtosis.stdev": 8.6014986038208, "lowlevel.erbbands_skewness.mean": 1.0244016647338867, "lowlevel.erbbands_skewness.stdev": 1.5569825172424316, "lowlevel.erbbands_spread.mean": 47.061500549316406, "lowlevel.erbbands_spread.stdev": 30.612442016601562, "lowlevel.hfc.mean": 26.015247344970703, "lowlevel.hfc.stdev": 28.50321388244629, "lowlevel.loudness_ebu128.integrated": -12.553592681884766, "lowlevel.loudness_ebu128.loudness_range": 2.480748176574707, "lowlevel.loudness_ebu128.momentary.mean": -13.044486045837402, "lowlevel.loudness_ebu128.momentary.stdev": 2.151376724243164, "lowlevel.loudness_ebu128.short_term.mean": -12.618959426879883, "lowlevel.loudness_ebu128.short_term.stdev": 0.8740705251693726, "lowlevel.melbands_crest.mean": 21.26175308227539, "lowlevel.melbands_crest.stdev": 6.996284008026123, "lowlevel.melbands_flatness_db.mean": 0.2966623902320862, "lowlevel.melbands_flatness_db.stdev": 0.11885444819927216, "lowlevel.melbands_kurtosis.mean": 65.6776351928711, "lowlevel.melbands_kurtosis.stdev": 86.83821868896484, "lowlevel.melbands_skewness.mean": 5.165103435516357, "lowlevel.melbands_skewness.stdev": 3.585355281829834, "lowlevel.melbands_spread.mean": 17.128320693969727, "lowlevel.melbands_spread.stdev": 30.63831901550293, "lowlevel.pitch_salience.mean": 0.4015408456325531, "lowlevel.pitch_salience.stdev": 0.20717409253120422, "lowlevel.silence_rate_20dB.mean": 1.0, "lowlevel.silence_rate_20dB.stdev": 0.0, "lowlevel.silence_rate_30dB.mean": 0.5915411114692688, "lowlevel.silence_rate_30dB.stdev": 0.49154749512672424, "lowlevel.silence_rate_60dB.mean": 0.01390498224645853, "lowlevel.silence_rate_60dB.stdev": 0.11709518730640411, "lowlevel.spectral_centroid.mean": 1163.3419189453125, "lowlevel.spectral_centroid.stdev": 989.0230102539062, "lowlevel.spectral_complexity.mean": 12.280417442321777, "lowlevel.spectral_complexity.stdev": 10.570168495178223, "lowlevel.spectral_decrease.mean": -2.0707306092049294e-08, "lowlevel.spectral_decrease.stdev": 1.771607216483062e-08, "lowlevel.spectral_energy.mean": 0.0805138573050499, "lowlevel.spectral_energy.stdev": 0.06704886257648468, "lowlevel.spectral_energyband_high.mean": 0.0019966531544923782, "lowlevel.spectral_energyband_high.stdev": 0.003989606164395809, "lowlevel.spectral_energyband_low.mean": 0.06515361368656158, "lowlevel.spectral_energyband_low.stdev": 0.0688239261507988, "lowlevel.spectral_energyband_middle_high.mean": 0.0016531951259821653, "lowlevel.spectral_energyband_middle_high.stdev": 0.002667958615347743, "lowlevel.spectral_energyband_middle_low.mean": 0.012725520879030228, "lowlevel.spectral_energyband_middle_low.stdev": 0.010971280746161938, "lowlevel.spectral_entropy.mean": 7.368896961212158, "lowlevel.spectral_entropy.stdev": 0.6266623139381409, "lowlevel.spectral_flux.mean": 0.10593106597661972, "lowlevel.spectral_flux.stdev": 0.08323918282985687, "lowlevel.spectral_kurtosis.mean": 3.1783626079559326, "lowlevel.spectral_kurtosis.stdev": 2.927675485610962, "lowlevel.spectral_rms.mean": 0.007905080914497375, "lowlevel.spectral_rms.stdev": 0.0040074787102639675, "lowlevel.spectral_rolloff.mean": 1124.016357421875, "lowlevel.spectral_rolloff.stdev": 1958.5526123046875, "lowlevel.spectral_skewness.mean": 1.3310178518295288, "lowlevel.spectral_skewness.stdev": 0.6677866578102112, "lowlevel.spectral_spread.mean": 5370321.5, "lowlevel.spectral_spread.stdev": 1243004.25, "lowlevel.spectral_strongpeak.mean": 1.1543622016906738, "lowlevel.spectral_strongpeak.stdev": 0.7252182960510254, "lowlevel.zerocrossingrate.mean": 0.04740684852004051, "lowlevel.zerocrossingrate.stdev": 0.05252697318792343, "metadata.audio_properties.analysis.equal_loudness": 0.0, "metadata.audio_properties.analysis.length": 40.04265213012695, "metadata.audio_properties.analysis.sample_rate": 44100.0, "metadata.audio_properties.analysis.start_time": 0.0, "metadata.audio_properties.bit_rate": 119497.0, "metadata.audio_properties.length": 40.042667388916016, "metadata.audio_properties.lossless": 0.0, "metadata.audio_properties.number_channels": 1.0, "metadata.audio_properties.replay_gain": -11.554088592529297, "metadata.audio_properties.sample_rate": 48000.0, "rhythm.beats_count": 111.0, "rhythm.beats_loudness.mean": 0.11884548515081406, "rhythm.beats_loudness.stdev": 0.0681908056139946, "rhythm.bpm": 166.16036987304688, "rhythm.bpm_histogram_first_peak_bpm": 167.0, "rhythm.bpm_histogram_first_peak_weight": 0.0, "rhythm.bpm_histogram_second_peak_bpm": 172.0, "rhythm.bpm_histogram_second_peak_spread": 0.0, "rhythm.bpm_histogram_second_peak_weight": 0.30909091234207153, "rhythm.danceability": 1.087125301361084, "rhythm.onset_rate": 4.294157981872559, "tonal.chords_changes_rate": 0.0555555559694767, "tonal.chords_number_rate": 0.005787036847323179, "tonal.chords_strength.mean": 0.5198861360549927, "tonal.chords_strength.stdev": 0.06647933274507523, "tonal.hpcp_crest.mean": 18.21611976623535, "tonal.hpcp_crest.stdev": 7.854710578918457, "tonal.hpcp_entropy.mean": 1.3294023275375366, "tonal.hpcp_entropy.stdev": 0.7208797931671143, "tonal.key_edma.strength": 0.7285487055778503, "tonal.key_krumhansl.strength": 0.7387876510620117, "tonal.key_temperley.strength": 0.746208667755127, "tonal.tuning_diatonic_strength": 0.5368179082870483, "tonal.tuning_equal_tempered_deviation": 0.05085232853889465, "tonal.tuning_frequency": 438.98455810546875, "tonal.tuning_nontempered_energy_ratio": 0.6557389497756958, "lowlevel.barkbands.mean": [0.0005993754602968693, 0.05121742561459541, 0.01234388630837202, 0.001576860435307026, 0.0021182489581406116, 0.0019647865556180477, 0.00204212567768991, 0.004717214964330196, 0.00027889065677300096, 7.183101843111217e-05, 0.00020839026547037065, 0.00011405026452848688, 9.555789438309148e-05, 0.00011580206046346575, 9.065277845365927e-05, 0.00016082520596683025, 0.0002005663700401783, 0.0001583895500516519, 0.00031063982169143856, 0.0003428827039897442, 0.000610560062341392, 0.0005086302990093827, 0.0003591811691876501, 0.00016400801541749388, 0.00010946320253424346, 3.3323503885185346e-05, 2.527663696128002e-07], "lowlevel.barkbands.stdev": [0.0012936971615999937, 0.0625201091170311, 0.02058333531022072, 0.004975195974111557, 0.003725895658135414, 0.0031625234987586737, 0.0029417916666716337, 0.005747618619352579, 0.0011410125298425555, 0.00018984376220032573, 0.00040718616219237447, 0.0003599940682761371, 0.0002759729395620525, 0.00025732486392371356, 0.0001853579597081989, 0.0002923456486314535, 0.00047953883768059313, 0.00043482001638039947, 0.0007142169633880258, 0.0008427249849773943, 0.0014310458209365606, 0.0011243738699704409, 0.0007706169271841645, 0.00032655891845934093, 0.00022150161385070533, 9.10226081032306e-05, 1.6679686041243258e-06], "lowlevel.erbbands.mean": [1.273726463317871, 12.013157844543457, 18.617996215820312, 7.721222877502441, 3.730414390563965, 9.069588661193848, 7.835451126098633, 19.499588012695312, 23.938053131103516, 110.81201934814453, 38.966148376464844, 6.149826526641846, 2.5372748374938965, 2.9007210731506348, 10.01858901977539, 4.958154201507568, 4.389355659484863, 5.572939872741699, 5.465256214141846, 5.282665729522705, 10.608940124511719, 11.128493309020996, 8.694742202758789, 13.967581748962402, 14.539084434509277, 16.285892486572266, 23.748151779174805, 22.86271858215332, 19.468725204467773, 14.81856632232666, 8.857441902160645, 4.026673316955566, 2.581282377243042, 1.4989128112792969, 0.6305928230285645, 0.22632449865341187, 0.04478348791599274, 0.0031998318154364824, 0.00012008693011011928, 9.667944686952978e-05], "lowlevel.erbbands.stdev": [1.9252402782440186, 14.400568962097168, 27.210412979125977, 16.128339767456055, 10.5146484375, 16.361852645874023, 14.981215476989746, 32.007423400878906, 40.65412139892578, 121.74642944335938, 47.341064453125, 19.421518325805664, 6.6609368324279785, 7.275323390960693, 19.411373138427734, 14.923537254333496, 12.394466400146484, 12.893620491027832, 11.406234741210938, 10.09714126586914, 18.67750358581543, 26.58267593383789, 24.010557174682617, 33.07345962524414, 32.6633186340332, 40.95148468017578, 54.468265533447266, 54.74632263183594, 44.12815475463867, 32.147274017333984, 18.781166076660156, 8.220038414001465, 5.153619766235352, 2.9694840908050537, 1.3653419017791748, 0.5852326154708862, 0.13162173330783844, 0.012358621694147587, 0.0002719747135415673, 7.439025648636743e-05], "lowlevel.gfcc.mean": [-15.314163208007812, 80.75151062011719, -85.29618835449219, 58.000526428222656, -73.79534912109375, 6.441958904266357, -39.84769821166992, 14.487646102905273, -7.44187068939209, 18.759912490844727, -10.939861297607422, -4.041818618774414, -12.885798454284668], "lowlevel.melbands.mean": [0.013172798790037632, 0.011594085954129696, 0.001263772719539702, 0.00039471237687394023, 0.00035175823722966015, 0.0004376511787995696, 0.00036563893081620336, 0.0012786899460479617, 0.000228440054343082, 2.8834068871219642e-05, 1.1588735105760861e-05, 1.0002078852267005e-05, 2.904830762417987e-05, 1.9490113118081354e-05, 9.649123057897668e-06, 9.735810635902453e-06, 1.0561859198787715e-05, 9.256095836462919e-06, 6.526988272526069e-06, 8.130028618325014e-06, 1.3579348888015375e-05, 1.2097840226488188e-05, 8.670717761560809e-06, 7.392464340227889e-06, 1.17864101412124e-05, 1.1529223229445051e-05, 9.618741387384944e-06, 1.0979744729411323e-05, 1.3900549674872309e-05, 1.5566523870802484e-05, 1.2555124158097897e-05, 1.1538520084286574e-05, 8.798941053100862e-06, 8.231271749536972e-06, 5.58947385798092e-06, 3.247870381528628e-06, 2.123077365467907e-06, 1.8152097709389636e-06, 1.5596501725667622e-06, 1.168478888757818e-06], "lowlevel.melbands.stdev": [0.01758010871708393, 0.013288396410644054, 0.0025762254372239113, 0.0006833401857875288, 0.0006705817650072277, 0.0007167209987528622, 0.0005762178334407508, 0.001435140729881823, 0.0003317334922030568, 0.00010645502334227785, 3.200130959157832e-05, 2.7743100872612558e-05, 5.72241515328642e-05, 4.489780621952377e-05, 3.2679428841220215e-05, 2.7523605240276083e-05, 2.447431324981153e-05, 2.005267197091598e-05, 1.3440506336337421e-05, 1.5883675587247126e-05, 2.3987247914192267e-05, 2.8662858312600292e-05, 2.5146056941593997e-05, 2.074623989756219e-05, 2.8414460757630877e-05, 2.6802854335983284e-05, 2.350811155338306e-05, 2.8419151931302622e-05, 3.247240965720266e-05, 3.6478875699685887e-05, 3.10794566757977e-05, 2.6760122636915185e-05, 2.0060491806361824e-05, 1.835044713516254e-05, 1.2174324183433782e-05, 6.937644229765283e-06, 4.38439838035265e-06, 3.709817974595353e-06, 3.1265797133528395e-06, 2.3699008124822285e-06], "lowlevel.melbands128.mean": [0.0005458323284983635, 0.008065694011747837, 0.02020318992435932, 0.019926143810153008, 0.012427577748894691, 0.0046852510422468185, 0.001445222063921392, 0.0006392901996150613, 0.0003007256309501827, 0.000218747925828211, 0.0005898010567761958, 0.0006318151135928929, 0.00019614961638581008, 0.00014610977086704224, 0.0003261852543801069, 0.0007681093993596733, 0.0004997210926376283, 0.00013373253750614822, 0.00031759371631778777, 0.0016211841721087694, 0.001780133810825646, 0.00021497491979971528, 9.097829752136022e-05, 9.304677223553881e-05, 2.277506428072229e-05, 1.061396596924169e-05, 1.5098365111043677e-05, 1.238696222571889e-05, 7.801903848303482e-06, 9.459294233238325e-06, 1.0498413757886738e-05, 1.1579166312003508e-05, 2.4479821149725467e-05, 5.7791814469965175e-05, 1.587532096891664e-05, 1.3527956980396993e-05, 1.086838892661035e-05, 9.189055163005833e-06, 8.923445420805365e-06, 9.592728929419536e-06, 1.0401648069091607e-05, 9.190165656036697e-06, 9.831719580688514e-06, 1.2244988283782732e-05, 1.0606427167658694e-05, 8.802431693766266e-06, 7.50886238165549e-06, 6.289230441325344e-06, 6.030570602888474e-06, 6.902864697622135e-06, 7.706231372139882e-06, 9.738128937897272e-06, 1.3845320609107148e-05, 1.52758711919887e-05, 1.3397167094808538e-05, 1.2239957868587226e-05, 1.0462363206897862e-05, 9.595518349669874e-06, 7.867913154768758e-06, 7.094048669387121e-06, 6.800789833505405e-06, 7.731910955044441e-06, 1.007772698358167e-05, 1.3330214642337523e-05, 1.4404979992832523e-05, 1.1270531103946269e-05, 1.0197586561844219e-05, 9.513490113022272e-06, 9.358334864373319e-06, 9.961526302504353e-06, 1.0162035323446617e-05, 1.2130083632655442e-05, 1.2604299627128057e-05, 1.3599292287835851e-05, 1.6283336663036607e-05, 1.6706484530004673e-05, 1.5372997950180434e-05, 1.2262423297215719e-05, 1.3217549167165998e-05, 1.0833206943061668e-05, 1.2718471225525718e-05, 1.1320073099341244e-05, 9.94626861938741e-06, 8.651244570501149e-06, 7.518635356973391e-06, 8.63794866745593e-06, 8.397744750254788e-06, 7.695789463468827e-06, 5.342280473996652e-06, 4.261119556758786e-06, 3.7929487461951794e-06, 2.930279151769355e-06, 2.4208038666984066e-06, 2.091629539791029e-06, 1.994060994547908e-06, 1.7346347931379569e-06, 1.7820185576056247e-06, 1.9446299575065495e-06, 1.497072730671789e-06, 1.4473342844212311e-06, 1.3558517366618617e-06, 1.0855702612388995e-06, 1.0175428997172276e-06, 8.521848258169484e-07, 6.667223715339787e-07, 5.726667495764559e-07, 5.255751034383138e-07, 5.132158094056649e-07, 3.709777445237705e-07, 3.0087795721556176e-07, 2.3905690227365994e-07, 1.598179579787029e-07, 1.2922605208132154e-07, 8.445741883633673e-08, 4.723250768279286e-08, 2.262963150201358e-08, 9.449566462649273e-09, 1.549557260283052e-09, 1.1903257546297397e-10, 1.1207239997146345e-11, 1.0179900325479885e-11, 9.904431441665196e-12, 9.654925296753714e-12, 9.487485450043742e-12, 9.310430031106431e-12, 9.122589836318973e-12, 9.004566189907415e-12, 8.949556373760714e-12], "lowlevel.melbands128.stdev": [0.0012419694103300571, 0.0140083534643054, 0.030595310032367706, 0.024035757407546043, 0.017971454188227654, 0.007597339805215597, 0.003598385024815798, 0.0021020553540438414, 0.0009859177516773343, 0.0004719459393527359, 0.0011148013873025775, 0.0013778217835351825, 0.0005151914665475488, 0.0002923667198047042, 0.0005847654538229108, 0.0014522301498800516, 0.0011170480865985155, 0.00044028647243976593, 0.0006398974219337106, 0.0018490697257220745, 0.0022693879436701536, 0.0002957001852337271, 0.0003758479142561555, 0.0004507265111897141, 9.560724720358849e-05, 3.4537715691840276e-05, 4.794896085513756e-05, 3.9705239032628015e-05, 2.386027881584596e-05, 2.876634789572563e-05, 3.2828324037836865e-05, 3.6789064324693754e-05, 5.331408465281129e-05, 0.00011911152250831947, 4.304965477786027e-05, 5.166976188775152e-05, 4.6074113924987614e-05, 3.446652044658549e-05, 3.1748972105560824e-05, 2.9879129215260036e-05, 3.1808976928004995e-05, 2.8952505090273917e-05, 2.4472339646308683e-05, 3.291886969236657e-05, 2.504537405911833e-05, 2.1541567548410967e-05, 1.830157998483628e-05, 1.5304120097425766e-05, 1.3715482054976746e-05, 1.5193159924820065e-05, 1.7136006135842763e-05, 2.074861004075501e-05, 2.7761871024267748e-05, 2.9338743843254633e-05, 3.149001349811442e-05, 3.303146513644606e-05, 3.209159694961272e-05, 3.289182131993584e-05, 2.4724491595407017e-05, 2.381018566666171e-05, 2.066019987978507e-05, 2.3065613277140073e-05, 2.487670280970633e-05, 3.5551198379835114e-05, 3.9981925510801375e-05, 2.8608155844267458e-05, 2.5447556254221126e-05, 2.4092949388432316e-05, 2.5053534045582637e-05, 3.124990689684637e-05, 2.8867811124655418e-05, 3.44639593095053e-05, 3.2052314054453745e-05, 3.509310045046732e-05, 4.0858983993530273e-05, 4.130485103814863e-05, 4.0357721445616335e-05, 3.238079807488248e-05, 3.6363031540531665e-05, 2.652646799106151e-05, 3.1748044420965016e-05, 2.8108590413467027e-05, 2.4931774532888085e-05, 2.1744279365520924e-05, 1.739666004141327e-05, 2.117061558237765e-05, 2.0478664737311192e-05, 1.830825385695789e-05, 1.2070477168890648e-05, 9.814267286856193e-06, 8.521081326762214e-06, 6.779012892366154e-06, 5.6318162933166604e-06, 4.642191925086081e-06, 4.295191047276603e-06, 3.8030823361623334e-06, 3.833408754871925e-06, 4.367099336377578e-06, 3.0942535431677243e-06, 3.1767876862431876e-06, 2.8338617994450033e-06, 2.3617030819877982e-06, 2.374285031692125e-06, 1.9226201857236447e-06, 1.609295168236713e-06, 1.4832539818598889e-06, 1.3664769085153239e-06, 1.3208119753471692e-06, 1.178410684588016e-06, 8.7600955112066e-07, 7.350521400439902e-07, 5.725788128074782e-07, 4.2822688328669756e-07, 2.925319790847425e-07, 2.4938620413195167e-07, 1.257807156207491e-07, 6.24695104534112e-08, 1.2185790154717324e-08, 1.7845167565866404e-09, 3.5517092739079104e-11, 1.659201769033114e-11, 1.599265858631682e-11, 1.5665115038476785e-11, 1.539490410151778e-11, 1.5158159449857322e-11, 1.496122323252358e-11, 1.48306870256798e-11, 1.4751280058566962e-11], "lowlevel.mfcc.mean": [-663.1283569335938, 98.56731414794922, 38.72852325439453, 46.078826904296875, 2.4608170986175537, 3.7371726036071777, -12.474930763244629, -8.753155708312988, 4.916301727294922, 3.7459218502044678, 7.825306415557861, 14.883877754211426, 15.646734237670898], "lowlevel.spectral_contrast_coeffs.mean": [-0.6488011479377747, -0.6264163255691528, -0.805626630783081, -0.8173816204071045, -0.8189977407455444, -0.7455039620399475], "lowlevel.spectral_contrast_coeffs.stdev": [0.08012167364358902, 0.08111510425806046, 0.05695906654000282, 0.0370466448366642, 0.029664533212780952, 0.047575075179338455], "lowlevel.spectral_contrast_valleys.mean": [-7.017944812774658, -7.172894477844238, -8.291071891784668, -8.122511863708496, -7.584925651550293, -9.938379287719727], "lowlevel.spectral_contrast_valleys.stdev": [0.9577961564064026, 0.7328070998191833, 0.8398956060409546, 0.7448146343231201, 0.8764492869377136, 0.8732963800430298], "rhythm.beats_loudness_band_ratio.mean": [0.6654954552650452, 0.0493524968624115, 0.10364951193332672, 0.00819267239421606, 0.036039743572473526, 0.15009203553199768], "rhythm.beats_loudness_band_ratio.stdev": [0.35752931237220764, 0.09538852423429489, 0.158155158162117, 0.010736136697232723, 0.06028730049729347, 0.22262753546237946], "tonal.hpcp.mean": [0.04042978212237358, 0.03388989716768265, 0.027734749019145966, 0.029442956671118736, 0.05205065384507179, 0.08307906240224838, 0.13168220221996307, 0.1625644862651825, 0.32890060544013977, 0.46954917907714844, 0.24175623059272766, 0.03023092821240425, 0.022832833230495453, 0.023959772661328316, 0.025967977941036224, 0.027067435905337334, 0.0260094553232193, 0.02974492497742176, 0.03700129687786102, 0.037814680486917496, 0.041337523609399796, 0.08762738108634949, 0.0857253223657608, 0.03546007350087166, 0.02226855605840683, 0.018053289502859116, 0.02991838939487934, 0.05585585534572601, 0.08718971163034439, 0.16644898056983948, 0.21551616489887238, 0.12397436797618866, 0.05776519328355789, 0.0745563805103302, 0.07113131880760193, 0.05589861422777176], "tonal.hpcp.stdev": [0.14644445478916168, 0.14693064987659454, 0.1231238842010498, 0.12295085191726685, 0.16661220788955688, 0.20909300446510315, 0.2638016939163208, 0.2932547628879547, 0.319350004196167, 0.43296435475349426, 0.2699492871761322, 0.10948659479618073, 0.09366404265165329, 0.09787750244140625, 0.1035342589020729, 0.10863802582025528, 0.10914675146341324, 0.11142370104789734, 0.13581687211990356, 0.14367063343524933, 0.13060283660888672, 0.2253999412059784, 0.23087023198604584, 0.1259291172027588, 0.09537849575281143, 0.07502718269824982, 0.10698062926530838, 0.1595241278409958, 0.20728115737438202, 0.2606446444988251, 0.3566383123397827, 0.22193275392055511, 0.16936184465885162, 0.20614393055438995, 0.2047772854566574, 0.17273405194282532], "rhythm.beats_position": [0.3715192675590515, 0.7314285635948181, 1.09133780002594, 1.4512470960617065, 1.8111563920974731, 2.1710658073425293, 2.530975103378296, 2.879274368286133, 3.2391836643218994, 3.599092960357666, 3.9590022563934326, 4.318911552429199, 4.667210578918457, 5.027120113372803, 5.38702917098999, 5.735328674316406, 6.106847763061523, 6.4551472663879395, 6.815056800842285, 7.174965858459473, 7.523265361785889, 7.883174419403076, 8.243083953857422, 8.59138298034668, 8.951292037963867, 9.311202049255371, 9.671111106872559, 10.019410133361816, 10.379319190979004, 10.739229202270508, 11.099138259887695, 11.447437286376953, 11.81895637512207, 12.167256355285645, 12.527165412902832, 12.88707447052002, 13.235373497009277, 13.595283508300781, 13.955192565917969, 14.303491592407227, 14.663400650024414, 15.023310661315918, 15.383219718933105, 15.743128776550293, 16.091428756713867, 16.451337814331055, 16.811246871948242, 17.1595458984375, 17.531064987182617, 17.879364013671875, 18.239274978637695, 18.599184036254883, 18.94748306274414, 19.307392120361328, 19.667301177978516, 20.027210235595703, 20.38711929321289, 20.747028350830078, 21.1069393157959, 21.455238342285156, 21.803537368774414, 22.1634464263916, 22.51174545288086, 22.871654510498047, 23.243173599243164, 23.591472625732422, 23.951383590698242, 24.31129264831543, 24.671201705932617, 25.031110763549805, 25.379409790039062, 25.73931884765625, 26.099227905273438, 26.447526931762695, 26.807437896728516, 27.167346954345703, 27.52725601196289, 27.887165069580078, 28.235464096069336, 28.595373153686523, 28.95528221130371, 29.3035831451416, 29.66349220275879, 30.023401260375977, 30.394920349121094, 30.74321937561035, 31.09151840209961, 31.439817428588867, 31.811336517333984, 32.17124557495117, 32.53115463256836, 32.87945556640625, 33.227752685546875, 33.599273681640625, 33.947574615478516, 34.3074836730957, 34.66739273071289, 35.015689849853516, 35.3755989074707, 35.73550796508789, 36.10702896118164, 36.45532989501953, 36.803627014160156, 37.163536071777344, 37.52344512939453, 37.87174606323242, 38.23165512084961, 38.5915641784668, 38.951473236083984, 39.31138229370117, 39.65968322753906], "rhythm.bpm_histogram": [0.0, 0.0, 0.0, 0.0, 0.0, 0.0, 0.0, 0.0, 0.0, 0.0, 0.0, 0.0, 0.0, 0.0, 0.0, 0.0, 0.0, 0.0, 0.0, 0.0, 0.0, 0.0, 0.0, 0.0, 0.0, 0.0, 0.0, 0.0, 0.0, 0.0, 0.0, 0.0, 0.0, 0.0, 0.0, 0.0, 0.0, 0.0, 0.0, 0.0, 0.0, 0.0, 0.0, 0.0, 0.0, 0.0, 0.0, 0.0, 0.0, 0.0, 0.0, 0.0, 0.0, 0.0, 0.0, 0.0, 0.0, 0.0, 0.0, 0.0, 0.0, 0.0, 0.0, 0.0, 0.0, 0.0, 0.0, 0.0, 0.0, 0.0, 0.0, 0.0, 0.0, 0.0, 0.0, 0.0, 0.0, 0.0, 0.0, 0.0, 0.0, 0.0, 0.0, 0.0, 0.0, 0.0, 0.0, 0.0, 0.0, 0.0, 0.0, 0.0, 0.0, 0.0, 0.0, 0.0, 0.0, 0.0, 0.0, 0.0, 0.0, 0.0, 0.0, 0.0, 0.0, 0.0, 0.0, 0.0, 0.0, 0.0, 0.0, 0.0, 0.0, 0.0, 0.0, 0.0, 0.0, 0.0, 0.0, 0.0, 0.0, 0.0, 0.0, 0.0, 0.0, 0.0, 0.0, 0.0, 0.0, 0.0, 0.0, 0.0, 0.0, 0.0, 0.0, 0.0, 0.0, 0.0, 0.0, 0.0, 0.0, 0.0, 0.0, 0.0, 0.0, 0.0, 0.0, 0.0, 0.0, 0.0, 0.0, 0.0, 0.0, 0.0, 0.0, 0.0, 0.0, 0.0, 0.0, 0.0, 0.0, 0.072727270424366, 0.0, 0.0, 0.0, 0.0, 0.0, 0.6181818246841431, 0.0, 0.0, 0.0, 0.0, 0.30909091234207153, 0.0, 0.0, 0.0, 0.0, 0.0, 0.0, 0.0, 0.0, 0.0, 0.0, 0.0, 0.0, 0.0, 0.0, 0.0, 0.0, 0.0, 0.0, 0.0, 0.0, 0.0, 0.0, 0.0, 0.0, 0.0, 0.0, 0.0, 0.0, 0.0, 0.0, 0.0, 0.0, 0.0, 0.0, 0.0, 0.0, 0.0, 0.0, 0.0, 0.0, 0.0, 0.0, 0.0, 0.0, 0.0, 0.0, 0.0, 0.0, 0.0, 0.0, 0.0, 0.0, 0.0, 0.0, 0.0, 0.0, 0.0, 0.0, 0.0, 0.0, 0.0, 0.0, 0.0, 0.0, 0.0, 0.0, 0.0, 0.0, 0.0, 0.0, 0.0, 0.0, 0.0, 0.0, 0.0, 0.0, 0.0], "tonal.chords_histogram": [53.935184478759766, 0.0, 0.0, 1.5046296119689941, 0.0, 0.0, 0.0, 0.0, 0.0, 0.0, 0.0, 0.0, 0.0, 0.0, 0.0, 0.6944444179534912, 12.152777671813965, 28.240739822387695, 0.0, 0.0, 0.0, 0.0, 0.0, 3.472222328186035], "tonal.thpcp": [1.0, 0.5148687958717346, 0.0643828809261322, 0.04862713813781738, 0.05102718621492386, 0.055304065346717834, 0.05764558166265488, 0.05539239943027496, 0.06334783881902695, 0.07880175113677979, 0.08053401112556458, 0.08803661912679672, 0.18662023544311523, 0.18256942927837372, 0.07551940530538559, 0.047425396740436554, 0.03844813257455826, 0.06371726840734482, 0.11895634979009628, 0.18568813800811768, 0.3544867932796478, 0.458985298871994, 0.26402851939201355, 0.1230226680636406, 0.15878289937973022, 0.1514885425567627, 0.11904741078615189, 0.0861034020781517, 0.07217539101839066, 0.059066761285066605, 0.06270473450422287, 0.11085239797830582, 0.1769336760044098, 0.2804439067840576, 0.3462139666080475, 0.7004603743553162], "lowlevel.gfcc.cov": [[3350.75390625, -761.9879150390625, -118.81671142578125, 649.8743286132812, 197.388427734375, 507.7935791015625, 299.6983337402344, 132.144775390625, -126.57462310791016, -10.018747329711914, -27.726430892944336, 78.03719329833984, -196.765380859375], [-761.9879150390625, 1855.0289306640625, 611.4122314453125, -397.1899719238281, 436.9481506347656, 40.855796813964844, 244.71136474609375, -26.883872985839844, 255.76646423339844, 15.372897148132324, 143.58932495117188, -80.1008071899414, 302.56060791015625], [-118.81671142578125, 611.4122314453125, 1175.587158203125, 295.2567138671875, 548.5681762695312, 325.9722900390625, 404.6712646484375, 233.11282348632812, 227.34600830078125, 119.04564666748047, 112.39115905761719, 59.15711975097656, 88.22945404052734], [649.8743286132812, -397.1899719238281, 295.2567138671875, 794.068359375, 238.4588623046875, 220.07962036132812, 198.13504028320312, 118.1544418334961, 83.24716186523438, 20.756900787353516, 69.49822998046875, 26.457778930664062, -28.26503562927246], [197.388427734375, 436.9481506347656, 548.5681762695312, 238.4588623046875, 554.720947265625, 306.8102111816406, 316.5578918457031, 163.3608856201172, 176.97406005859375, 77.62622833251953, 77.27993774414062, 10.827678680419922, 55.15901184082031], [507.7935791015625, 40.855796813964844, 325.9722900390625, 220.07962036132812, 306.8102111816406, 402.5065612792969, 362.1971435546875, 172.1406707763672, 93.46831512451172, 51.010589599609375, 65.39376831054688, 24.560731887817383, -17.02268409729004], [299.6983337402344, 244.71136474609375, 404.6712646484375, 198.13504028320312, 316.5578918457031, 362.1971435546875, 550.5218505859375, 255.73672485351562, 165.59471130371094, 64.31713104248047, 135.3679656982422, 46.21635437011719, 17.386333465576172], [132.144775390625, -26.883872985839844, 233.11282348632812, 118.1544418334961, 163.3608856201172, 172.1406707763672, 255.73672485351562, 237.36395263671875, 127.02986145019531, 71.49089050292969, 54.110069274902344, 23.173105239868164, -31.826587677001953], [-126.57462310791016, 255.76646423339844, 227.34600830078125, 83.24716186523438, 176.97406005859375, 93.46831512451172, 165.59471130371094, 127.02986145019531, 251.35150146484375, 123.0400390625, 90.2938232421875, -22.424673080444336, 54.23164749145508], [-10.018747329711914, 15.372897148132324, 119.04564666748047, 20.756900787353516, 77.62622833251953, 51.010589599609375, 64.31713104248047, 71.49089050292969, 123.0400390625, 147.30670166015625, 51.039817810058594, 10.346684455871582, 9.256566047668457], [-27.726430892944336, 143.58932495117188, 112.39115905761719, 69.49822998046875, 77.27993774414062, 65.39376831054688, 135.3679656982422, 54.110069274902344, 90.2938232421875, 51.039817810058594, 136.1022491455078, 40.61836624145508, 53.33808898925781], [78.03719329833984, -80.1008071899414, 59.15711975097656, 26.457778930664062, 10.827678680419922, 24.560731887817383, 46.21635437011719, 23.173105239868164, -22.424673080444336, 10.346684455871582, 40.61836624145508, 100.8874740600586, 25.547687530517578], [-196.765380859375, 302.56060791015625, 88.22945404052734, -28.26503562927246, 55.15901184082031, -17.02268409729004, 17.386333465576172, -31.826587677001953, 54.23164749145508, 9.256566047668457, 53.33808898925781, 25.547687530517578, 150.60684204101562]], "lowlevel.gfcc.icov": [[0.0005747565301135182, -0.000378878932679072, 0.00047926322440616786, -0.0006754543865099549, 0.00020413317542988807, -0.0010447803651914, 0.0002233950945083052, -0.0001708720374153927, 0.0004838615423068404, -0.0005651902174577117, 0.0006094507989473641, -0.0009247151901945472, 0.0006513024563901126], [-0.000378878932679072, 0.0038366937078535557, -0.001723196473903954, 0.0031360548455268145, -0.002760297153145075, 0.002820857334882021, -0.0024191595148295164, 0.0029317201115190983, -0.0017547569004818797, 0.0029593307990580797, -0.0027966017369180918, 0.004960463847965002, -0.0037771016359329224], [0.00047926322440616786, -0.001723196473903954, 0.002731437562033534, -0.0017917128279805183, -0.00018319890659768134, -0.0014674779959022999, 0.0007027063984423876, -0.0016560195945203304, 0.0008141602738760412, -0.001850549248047173, 0.0019367396598681808, -0.0031720225233584642, 0.0012944415211677551], [-0.0006754543865099549, 0.0031360548455268145, -0.0017917128279805183, 0.004470709711313248, -0.0025192282628268003, 0.0020941165275871754, -0.0014755917945876718, 0.002263340400531888, -0.0022056580055505037, 0.0034618666395545006, -0.0033206138759851456, 0.00390422809869051, -0.0023907830473035574], [0.00020413317542988807, -0.002760297153145075, -0.00018319890659768134, -0.0025192282628268003, 0.0071155414916574955, -0.004584480542689562, 0.0018437652615830302, -0.0020147638861089945, -0.0002349357382627204, -0.0017945010913535953, 0.0026579450350254774, -0.00291152810677886, 0.0014311447739601135], [-0.0010447803651914, 0.002820857334882021, -0.0014674779959022999, 0.0020941165275871754, -0.004584480542689562, 0.011838414706289768, -0.006798275280743837, 0.002464895835146308, 0.0002963435836136341, 0.0006552392151206732, -0.0014187394408509135, 0.0045618293806910515, -0.0018747909925878048], [0.0002233950945083052, -0.0024191595148295164, 0.0007027063984423876, -0.0014755917945876718, 0.0018437652615830302, -0.006798275280743837, 0.0099752526730299, -0.0067944396287202835, 0.00032468553399667144, 0.0009517567814327776, -0.0025353028904646635, -0.0031007505021989346, 0.001680644927546382], [-0.0001708720374153927, 0.0029317201115190983, -0.0016560195945203304, 0.002263340400531888, -0.0020147638861089945, 0.002464895835146308, -0.0067944396287202835, 0.015458615496754646, -0.006906535010784864, 0.0017621370498090982, 0.0007670363993383944, -0.0006598428590223193, 0.002568554598838091], [0.0004838615423068404, -0.0017547569004818797, 0.0008141602738760412, -0.0022056580055505037, -0.0002349357382627204, 0.0002963435836136341, 0.00032468553399667144, -0.006906535010784864, 0.016699986532330513, -0.010020031593739986, -0.003089180449023843, 0.006602659355849028, -0.0035345670767128468], [-0.0005651902174577117, 0.0029593307990580797, -0.001850549248047173, 0.0034618666395545006, -0.0017945010913535953, 0.0006552392151206732, 0.0009517567814327776, 0.0017621370498090982, -0.010020031593739986, 0.01665809005498886, -0.003991446457803249, -0.00019108090782538056, 7.431205449393019e-05], [0.0006094507989473641, -0.0027966017369180918, 0.0019367396598681808, -0.0033206138759851456, 0.0026579450350254774, -0.0014187394408509135, -0.0025353028904646635, 0.0007670363993383944, -0.003089180449023843, -0.003991446457803249, 0.018107224255800247, -0.009619069285690784, 0.0005542621365748346], [-0.0009247151901945472, 0.004960463847965002, -0.0031720225233584642, 0.00390422809869051, -0.00291152810677886, 0.0045618293806910515, -0.0031007505021989346, -0.0006598428590223193, 0.006602659355849028, -0.00019108090782538056, -0.009619069285690784, 0.024021349847316742, -0.009815912693738937], [0.0006513024563901126, -0.0037771016359329224, 0.0012944415211677551, -0.0023907830473035574, 0.0014311447739601135, -0.0018747909925878048, 0.001680644927546382, 0.002568554598838091, -0.0035345670767128468, 7.431205449393019e-05, 0.0005542621365748346, -0.009815912693738937, 0.01622140221297741]], "lowlevel.mfcc.cov": [[3827.055908203125, -1359.8763427734375, -331.48529052734375, 158.94036865234375, -78.00439453125, 311.0395202636719, 276.99761962890625, 328.2759704589844, -86.21224975585938, 72.4452133178711, 55.94051742553711, -27.072174072265625, -147.1912078857422], [-1359.8763427734375, 2221.87744140625, 311.23797607421875, -240.11322021484375, 204.0226593017578, 51.45301055908203, 94.59573364257812, -80.27141571044922, 275.7835388183594, 48.1254768371582, -37.512596130371094, 61.615230560302734, 124.86260986328125], [-331.48529052734375, 311.23797607421875, 632.6515502929688, 266.29302978515625, 220.4520721435547, 196.05477905273438, 206.8226318359375, 180.29364013671875, 169.1017608642578, 141.33187866210938, 72.01834869384766, 94.50575256347656, 133.44210815429688], [158.94036865234375, -240.11322021484375, 266.29302978515625, 474.9750671386719, 204.2413787841797, 158.88597106933594, 124.45454406738281, 151.91671752929688, 71.42163848876953, 103.85037231445312, 61.61253356933594, 68.98727416992188, 85.86601257324219], [-78.00439453125, 204.0226593017578, 220.4520721435547, 204.2413787841797, 331.83880615234375, 176.05943298339844, 106.48538970947266, 87.41838836669922, 117.193115234375, 121.7791748046875, 57.076717376708984, 30.582183837890625, 56.62872314453125], [311.0395202636719, 51.45301055908203, 196.05477905273438, 158.88597106933594, 176.05943298339844, 306.1375427246094, 237.91111755371094, 187.5396728515625, 133.82345581054688, 136.1992950439453, 95.68927764892578, 79.97407531738281, 67.79617309570312], [276.99761962890625, 94.59573364257812, 206.8226318359375, 124.45454406738281, 106.48538970947266, 237.91111755371094, 380.042236328125, 308.97943115234375, 151.97283935546875, 141.07630920410156, 98.22576141357422, 97.15687561035156, 96.74014282226562], [328.2759704589844, -80.27141571044922, 180.29364013671875, 151.91671752929688, 87.41838836669922, 187.5396728515625, 308.97943115234375, 349.5530090332031, 139.0982208251953, 136.63687133789062, 104.4468002319336, 89.49923706054688, 93.93293762207031], [-86.21224975585938, 275.7835388183594, 169.1017608642578, 71.42163848876953, 117.193115234375, 133.82345581054688, 151.97283935546875, 139.0982208251953, 228.5720977783203, 141.68133544921875, 93.61237335205078, 86.66548919677734, 69.07547760009766], [72.4452133178711, 48.1254768371582, 141.33187866210938, 103.85037231445312, 121.7791748046875, 136.1992950439453, 141.07630920410156, 136.63687133789062, 141.68133544921875, 201.11038208007812, 139.12962341308594, 88.80278778076172, 84.18072509765625], [55.94051742553711, -37.512596130371094, 72.01834869384766, 61.61253356933594, 57.076717376708984, 95.68927764892578, 98.22576141357422, 104.4468002319336, 93.61237335205078, 139.12962341308594, 172.70065307617188, 100.18540954589844, 72.42568969726562], [-27.072174072265625, 61.615230560302734, 94.50575256347656, 68.98727416992188, 30.582183837890625, 79.97407531738281, 97.15687561035156, 89.49923706054688, 86.66548919677734, 88.80278778076172, 100.18540954589844, 137.68505859375, 100.27945709228516], [-147.1912078857422, 124.86260986328125, 133.44210815429688, 85.86601257324219, 56.62872314453125, 67.79617309570312, 96.74014282226562, 93.93293762207031, 69.07547760009766, 84.18072509765625, 72.42568969726562, 100.27945709228516, 159.59194946289062]], "lowlevel.mfcc.icov": [[0.0004806051729246974, 0.00017704542551655322, 0.0003322884440422058, -6.322449917206541e-05, 0.00021855287195648998, -0.0007203975110314786, -1.0929538802884053e-05, -0.0003850470529869199, 0.0002815944899339229, -0.00040033311233855784, 0.0003428779018577188, -9.980600589187816e-05, 0.0005190499359741807], [0.00017704542551655322, 0.0010749095818027854, -0.0002723587385844439, 0.0009685722179710865, -0.0007999140070751309, 0.0002059953985735774, -0.000982580240815878, 0.0011468123411759734, -0.0014034082414582372, 0.00048799210344441235, 0.0007330413209274411, -0.0001732586679281667, -0.0007279255660250783], [0.0003322884440422058, -0.0002723587385844439, 0.0032005300745368004, -0.0013212711783125997, -0.00016035808948799968, -0.0007876804447732866, -0.0003099396708421409, -0.00047296477714553475, -0.0002804026589728892, -0.0005379426875151694, 0.0006784486467950046, 0.00010854616266442463, -0.0005588713684119284], [-6.322449917206541e-05, 0.0009685722179710865, -0.0013212711783125997, 0.004777552094310522, -0.00259719742462039, -0.000111228262539953, 0.0005885085556656122, -0.0007155127241276205, -3.108910459559411e-05, 0.00022418610751628876, 0.0012485646875575185, -0.0016162588726729155, -0.0009044397156685591], [0.00021855287195648998, -0.0007999140070751309, -0.00016035808948799968, -0.00259719742462039, 0.007497298996895552, -0.0035343554336577654, 0.0014792047441005707, -9.100723400479183e-05, -0.0001756108395056799, -0.0027747463900595903, -5.8892706874758005e-05, 0.0032406782265752554, -0.00011301451741019264], [-0.0007203975110314786, 0.0002059953985735774, -0.0007876804447732866, -0.000111228262539953, -0.0035343554336577654, 0.010572455823421478, -0.005709555000066757, 0.002402721205726266, -0.0012554327258840203, 0.0002991283545270562, -0.0011924103600904346, -0.001459013787098229, 0.0005459842504933476], [-1.0929538802884053e-05, -0.000982580240815878, -0.0003099396708421409, 0.0005885085556656122, 0.0014792047441005707, -0.005709555000066757, 0.014529667794704437, -0.010648543946444988, 0.0012066971976310015, -0.0013793300604447722, 0.0016193034825846553, -0.001281839795410633, 0.0003377060638740659], [-0.0003850470529869199, 0.0011468123411759734, -0.00047296477714553475, -0.0007155127241276205, -9.100723400479183e-05, 0.002402721205726266, -0.010648543946444988, 0.013958175666630268, -0.0035212708171457052, 0.0008499897085130215, -0.001668855780735612, 0.0019417793955653906, -0.002608040114864707], [0.0002815944899339229, -0.0014034082414582372, -0.0002804026589728892, -3.108910459559411e-05, -0.0001756108395056799, -0.0012554327258840203, 0.0012066971976310015, -0.0035212708171457052, 0.012480226345360279, -0.006289205513894558, 0.0011231150710955262, -0.004079372156411409, 0.0035148451570421457], [-0.00040033311233855784, 0.00048799210344441235, -0.0005379426875151694, 0.00022418610751628876, -0.0027747463900595903, 0.0002991283545270562, -0.0013793300604447722, 0.0008499897085130215, -0.006289205513894558, 0.019363896921277046, -0.010951913893222809, 0.0028330779168754816, -0.0035303449258208275], [0.0003428779018577188, 0.0007330413209274411, 0.0006784486467950046, 0.0012485646875575185, -5.8892706874758005e-05, -0.0011924103600904346, 0.0016193034825846553, -0.001668855780735612, 0.0011231150710955262, -0.010951913893222809, 0.01872073858976364, -0.0090896375477314, 0.0015381906414404511], [-9.980600589187816e-05, -0.0001732586679281667, 0.00010854616266442463, -0.0016162588726729155, 0.0032406782265752554, -0.001459013787098229, -0.001281839795410633, 0.0019417793955653906, -0.004079372156411409, 0.0028330779168754816, -0.0090896375477314, 0.02218523621559143, -0.009617388248443604], [0.0005190499359741807, -0.0007279255660250783, -0.0005588713684119284, -0.0009044397156685591, -0.0001130145174101