{"song_id": "1183691360545558539", "download": "https://cdn.discordapp.com/attachments/1135903449314238464/1183691360545558539/chirp.mp4?ex=6589417c&amp", "lyrics": "[verse]\n\u4e94\u5e74\u524d \u5bf0\u5b87\u516c\u53f8 \u540c\u4e8b\u6210\u597d\u53cb\n\u5171\u4e8b\u65f6 \u4e00\u8d77\u52aa\u529b \u68a6\u60f3\u4f34\u5de6\u53f3\n\u56f0\u96be\u65f6 \u4e92\u76f8\u652f\u6301 \u60c5\u4e49\u4e0d\u4f1a\u4f11\n\u53cb\u8c0a\u957f \u63e1\u624b\u4e0d\u5fd8 \u6c38\u4e0d\u79bb\u5f00\u5de6\u53f3\n\n[chorus]\n\u4e94\u5e74\u60c5\u8c0a\u5982\u6b4c \u51dd\u805a\u4e86\u5171\u540c\u7684\u68a6\n\u611f\u8c22\u6709\u4f60\u966a\u4f34 \u5feb\u4e50\u60b2\u4f24\u90fd\u77ac\u95f4\u5316\u53bb\n\u4e94\u5e74\u540c\u821f\u5171\u6d4e \u4e0d\u754f\u98ce\u96e8\u4e0d\u5206\u79bb\n\u53cb\u8c0a\u6d53 \u4e94\u5e74\u7ec8 \u73cd\u85cf\u81f3\u4eca\u6c38\u4e0d\u79bb", "style": ["random"], "essentia_features": {"lowlevel.average_loudness": 0.26987484097480774, "lowlevel.barkbands_crest.mean": 15.223912239074707, "lowlevel.barkbands_crest.stdev": 4.8168721199035645, "lowlevel.barkbands_flatness_db.mean": 0.248842254281044, "lowlevel.barkbands_flatness_db.stdev": 0.06492947041988373, "lowlevel.barkbands_kurtosis.mean": 22.03196907043457, "lowlevel.barkbands_kurtosis.stdev": 25.910701751708984, "lowlevel.barkbands_skewness.mean": 3.5226659774780273, "lowlevel.barkbands_skewness.stdev": 2.0861759185791016, "lowlevel.barkbands_spread.mean": 9.836023330688477, "lowlevel.barkbands_spread.stdev": 12.35534381866455, "lowlevel.dissonance.mean": 0.43121376633644104, "lowlevel.dissonance.stdev": 0.052745554596185684, "lowlevel.dynamic_complexity": 6.780264377593994, "lowlevel.erbbands_crest.mean": 12.413366317749023, "lowlevel.erbbands_crest.stdev": 5.413706302642822, "lowlevel.erbbands_flatness_db.mean": 0.2051582932472229, "lowlevel.erbbands_flatness_db.stdev": 0.05424073711037636, "lowlevel.erbbands_kurtosis.mean": 2.059208393096924, "lowlevel.erbbands_kurtosis.stdev": 5.178730010986328, "lowlevel.erbbands_skewness.mean": 0.8108536601066589, "lowlevel.erbbands_skewness.stdev": 1.1745054721832275, "lowlevel.erbbands_spread.mean": 38.632442474365234, "lowlevel.erbbands_spread.stdev": 21.10114288330078, "lowlevel.hfc.mean": 9.056441307067871, "lowlevel.hfc.stdev": 14.792282104492188, "lowlevel.loudness_ebu128.integrated": -20.820993423461914, "lowlevel.loudness_ebu128.loudness_range": 12.567159652709961, "lowlevel.loudness_ebu128.momentary.mean": -26.468273162841797, "lowlevel.loudness_ebu128.momentary.stdev": 7.744075298309326, "lowlevel.loudness_ebu128.short_term.mean": -24.928607940673828, "lowlevel.loudness_ebu128.short_term.stdev": 4.858849048614502, "lowlevel.melbands_crest.mean": 19.640153884887695, "lowlevel.melbands_crest.stdev": 5.458597183227539, "lowlevel.melbands_flatness_db.mean": 0.32024091482162476, "lowlevel.melbands_flatness_db.stdev": 0.07984455674886703, "lowlevel.melbands_kurtosis.mean": 43.96742248535156, "lowlevel.melbands_kurtosis.stdev": 44.577816009521484, "lowlevel.melbands_skewness.mean": 4.775696754455566, "lowlevel.melbands_skewness.stdev": 2.6152734756469727, "lowlevel.melbands_spread.mean": 11.355873107910156, "lowlevel.melbands_spread.stdev": 23.228565216064453, "lowlevel.pitch_salience.mean": 0.40450790524482727, "lowlevel.pitch_salience.stdev": 0.15157796442508698, "lowlevel.silence_rate_20dB.mean": 0.988991916179657, "lowlevel.silence_rate_20dB.stdev": 0.10434050858020782, "lowlevel.silence_rate_30dB.mean": 0.9322131872177124, "lowlevel.silence_rate_30dB.stdev": 0.2513794004917145, "lowlevel.silence_rate_60dB.mean": 0.2960602641105652, "lowlevel.silence_rate_60dB.stdev": 0.4565156400203705, "lowlevel.spectral_centroid.mean": 728.0763549804688, "lowlevel.spectral_centroid.stdev": 715.12841796875, "lowlevel.spectral_complexity.mean": 8.06025505065918, "lowlevel.spectral_complexity.stdev": 8.2439546585083, "lowlevel.spectral_decrease.mean": -8.814574847804124e-09, "lowlevel.spectral_decrease.stdev": 1.7439008459518845e-08, "lowlevel.spectral_energy.mean": 0.03408966213464737, "lowlevel.spectral_energy.stdev": 0.06691836565732956, "lowlevel.spectral_energyband_high.mean": 0.00028647284489125013, "lowlevel.spectral_energyband_high.stdev": 0.0009723663097247481, "lowlevel.spectral_energyband_low.mean": 0.022866910323500633, "lowlevel.spectral_energyband_low.stdev": 0.05677635222673416, "lowlevel.spectral_energyband_middle_high.mean": 0.001423447160050273, "lowlevel.spectral_energyband_middle_high.stdev": 0.002833025762811303, "lowlevel.spectral_energyband_middle_low.mean": 0.010831484571099281, "lowlevel.spectral_energyband_middle_low.stdev": 0.015948394313454628, "lowlevel.spectral_entropy.mean": 6.858702182769775, "lowlevel.spectral_entropy.stdev": 0.6695799827575684, "lowlevel.spectral_flux.mean": 0.06031348556280136, "lowlevel.spectral_flux.stdev": 0.08516787737607956, "lowlevel.spectral_kurtosis.mean": 6.395714282989502, "lowlevel.spectral_kurtosis.stdev": 4.802600383758545, "lowlevel.spectral_rms.mean": 0.004265299998223782, "lowlevel.spectral_rms.stdev": 0.0038814241997897625, "lowlevel.spectral_rolloff.mean": 686.5288696289062, "lowlevel.spectral_rolloff.stdev": 1353.62744140625, "lowlevel.spectral_skewness.mean": 1.8088865280151367, "lowlevel.spectral_skewness.stdev": 0.7053378820419312, "lowlevel.spectral_spread.mean": 3863513.25, "lowlevel.spectral_spread.stdev": 1111510.625, "lowlevel.spectral_strongpeak.mean": 0.5851907134056091, "lowlevel.spectral_strongpeak.stdev": 0.470549076795578, "lowlevel.zerocrossingrate.mean": 0.031040938571095467, "lowlevel.zerocrossingrate.stdev": 0.043410204350948334, "metadata.audio_properties.analysis.equal_loudness": 0.0, "metadata.audio_properties.analysis.length": 40.04265213012695, "metadata.audio_properties.analysis.sample_rate": 44100.0, "metadata.audio_properties.analysis.start_time": 0.0, "metadata.audio_properties.bit_rate": 113222.0, "metadata.audio_properties.length": 40.042667388916016, "metadata.audio_properties.lossless": 0.0, "metadata.audio_properties.number_channels": 1.0, "metadata.audio_properties.replay_gain": -5.583446502685547, "metadata.audio_properties.sample_rate": 48000.0, "rhythm.beats_count": 87.0, "rhythm.beats_loudness.mean": 0.08247862011194229, "rhythm.beats_loudness.stdev": 0.12491738796234131, "rhythm.bpm": 133.58843994140625, "rhythm.bpm_histogram_first_peak_bpm": 133.0, "rhythm.bpm_histogram_first_peak_weight": 0.47826087474823, "rhythm.bpm_histogram_second_peak_bpm": 123.0, "rhythm.bpm_histogram_second_peak_spread": 0.5, "rhythm.bpm_histogram_second_peak_weight": 0.04651162773370743, "rhythm.danceability": 0.9295093417167664, "rhythm.onset_rate": 3.8947012424468994, "tonal.chords_changes_rate": 0.0659722238779068, "tonal.chords_number_rate": 0.0069444444961845875, "tonal.chords_strength.mean": 0.5012291669845581, "tonal.chords_strength.stdev": 0.07616477459669113, "tonal.hpcp_crest.mean": 17.15361213684082, "tonal.hpcp_crest.stdev": 8.505014419555664, "tonal.hpcp_entropy.mean": 1.6096514463424683, "tonal.hpcp_entropy.stdev": 0.8210328817367554, "tonal.key_edma.strength": 0.56633061170578, "tonal.key_krumhansl.strength": 0.5568398237228394, "tonal.key_temperley.strength": 0.5378928184509277, "tonal.tuning_diatonic_strength": 0.5766762495040894, "tonal.tuning_equal_tempered_deviation": 0.2089458405971527, "tonal.tuning_frequency": 434.193115234375, "tonal.tuning_nontempered_energy_ratio": 0.9562246203422546, "lowlevel.barkbands.mean": [0.0006683627725578845, 0.013611720874905586, 0.007323351688683033, 0.0030891376081854105, 0.004531065002083778, 0.0010831429390236735, 0.0011937491362914443, 0.0005376775516197085, 0.0002814471663441509, 0.0002463514974806458, 0.00018508076027501374, 0.00015169763355515897, 0.00011613755486905575, 0.00010236459638690576, 0.0001084347240976058, 0.00012181944475742057, 0.0002051397750619799, 7.987159915501252e-05, 0.00011910096509382129, 8.656355930725113e-05, 8.236911526182666e-05, 8.997456461656839e-05, 5.314119698596187e-05, 8.627177521702833e-06, 8.108114343485795e-06, 5.250555659586098e-06, 1.6057105867162136e-08], "lowlevel.barkbands.stdev": [0.0037168627604842186, 0.03755105659365654, 0.022311294451355934, 0.00782705843448639, 0.00834596436470747, 0.0022518832702189684, 0.003578732255846262, 0.002011428354308009, 0.0015393171925097704, 0.0007957062916830182, 0.0009341493132524192, 0.0007771816453896463, 0.000494732812512666, 0.00031962929642759264, 0.0003769983886741102, 0.00039140210719779134, 0.0005988855264149606, 0.00023171593784354627, 0.00034021015744656324, 0.0002886562724597752, 0.00026463126414455473, 0.0003568433166947216, 0.0002456874935887754, 3.335902511025779e-05, 2.7117457648273557e-05, 3.171859498252161e-05, 1.4815289262060105e-07], "lowlevel.erbbands.mean": [0.2995188534259796, 3.311213731765747, 9.675700187683105, 8.271061897277832, 18.041364669799805, 11.538660049438477, 4.840381622314453, 9.785866737365723, 19.332427978515625, 12.704939842224121, 12.613558769226074, 6.91274356842041, 8.032196998596191, 6.7374491691589355, 6.424216270446777, 6.741644382476807, 6.124785900115967, 5.40142297744751, 5.81064510345459, 5.035343647003174, 8.563283920288086, 12.121023178100586, 5.2852253913879395, 4.6645660400390625, 6.095911979675293, 3.982828378677368, 3.3005154132843018, 3.410339117050171, 3.2546753883361816, 2.6115598678588867, 1.1957823038101196, 0.2889341115951538, 0.12398192286491394, 0.08290473371744156, 0.06205795332789421, 0.03147158771753311, 0.00834672711789608, 0.0006676006014458835, 3.0070365028223023e-05, 3.864704922307283e-05], "lowlevel.erbbands.stdev": [1.276434302330017, 8.339542388916016, 24.865243911743164, 24.81342887878418, 31.62253189086914, 27.093303680419922, 13.486200332641602, 20.975317001342773, 52.80685043334961, 56.65915298461914, 50.82867431640625, 30.408159255981445, 21.279117584228516, 32.77509307861328, 28.79835319519043, 33.08990478515625, 25.72419548034668, 15.857300758361816, 21.155160903930664, 16.923519134521484, 26.08490753173828, 34.30465316772461, 14.374131202697754, 15.00451374053955, 16.11199378967285, 13.502666473388672, 11.051397323608398, 11.135038375854492, 12.20396900177002, 12.333099365234375, 5.56514310836792, 1.156103491783142, 0.4911682903766632, 0.28786417841911316, 0.2152121514081955, 0.12941637635231018, 0.07370199263095856, 0.006942360661923885, 0.0001307730854023248, 7.395117427222431e-05], "lowlevel.gfcc.mean": [-127.81049346923828, 117.86273193359375, -109.27486419677734, 39.347023010253906, -56.92529296875, -0.075830839574337, -39.677764892578125, -9.364720344543457, -30.184635162353516, -12.997363090515137, -31.937944412231445, -5.645686626434326, -12.419066429138184], "lowlevel.melbands.mean": [0.00319618359208107, 0.004770041909068823, 0.0017945246072486043, 0.0011506505543366075, 0.00019539755885489285, 0.0002325267851119861, 0.0002844584232661873, 0.00012375894584693015, 9.76018636720255e-05, 3.878368079313077e-05, 3.9456310332752764e-05, 2.6593514121486805e-05, 2.5476621885900386e-05, 1.3855407814844511e-05, 1.8435359379509464e-05, 1.1047485713788774e-05, 9.87924613582436e-06, 9.41508278629044e-06, 6.581756679224782e-06, 7.147088581405114e-06, 1.0203605597780552e-05, 1.3390231288212817e-05, 7.503327651647851e-06, 3.0410699309868505e-06, 3.7090369460202055e-06, 4.949525191477733e-06, 3.7010763662692625e-06, 2.3730531211185735e-06, 1.9926226286770543e-06, 2.035425950452918e-06, 1.9767246612900635e-06, 2.008633373407065e-06, 1.4620154615840875e-06, 1.4615934560424648e-06, 7.904705512373766e-07, 3.049765382456826e-07, 1.210593154610251e-07, 8.722228983515379e-08, 6.410130737322106e-08, 7.303453486429135e-08], "lowlevel.melbands.stdev": [0.010535662062466145, 0.011315164156258106, 0.00423407880589366, 0.0021769474260509014, 0.0004923965898342431, 0.0004892125143669546, 0.000773122301325202, 0.000556287239305675, 0.0004321733140386641, 0.00017817689513321966, 0.0001069029385689646, 0.00013402548211161047, 0.00013181996473576874, 4.7202764108078554e-05, 0.00012949197844136506, 3.8617781683569774e-05, 3.1377327104564756e-05, 3.5395460145082325e-05, 2.127593324985355e-05, 2.4430222765658982e-05, 3.141445995424874e-05, 3.979639586759731e-05, 2.162517193937674e-05, 8.693555173522327e-06, 1.2891630831290968e-05, 1.4209629625838716e-05, 1.0952531738439575e-05, 9.054559996002354e-06, 6.964640760998009e-06, 7.035598628135631e-06, 6.489013685495593e-06, 7.502525477320887e-06, 6.493687124020653e-06, 7.158052085287636e-06, 3.8682946978951804e-06, 1.34630931825086e-06, 4.716156354334089e-07, 3.642415435933799e-07, 2.3123455150653172e-07, 2.642767640281818e-07], "lowlevel.melbands128.mean": [0.0006156935123726726, 0.0022008016239851713, 0.003614885965362191, 0.0063007003627717495, 0.006033626850694418, 0.0028930879198014736, 0.0014421959640458226, 0.0016766184708103538, 0.002037801081314683, 0.0013177826767787337, 0.0004754324327223003, 0.00021396903321146965, 0.00014065788127481937, 0.0001305615878663957, 0.00015144624921958894, 0.00035196650424040854, 0.0003829533525276929, 0.0002719498297665268, 0.00015601028280798346, 0.0001596641232026741, 7.453394937328994e-05, 0.00010124262189492583, 0.0001287731429329142, 5.6769476941553876e-05, 4.26428196078632e-05, 2.4565581043134443e-05, 4.062371590407565e-05, 5.0980921514565125e-05, 2.6862870072363876e-05, 2.8287844543228857e-05, 2.094657793350052e-05, 3.298697993159294e-05, 3.523472332744859e-05, 1.2292829524085391e-05, 8.476252332911827e-06, 1.541455276310444e-05, 2.0234734620316885e-05, 2.4046501494012773e-05, 1.0474875125510152e-05, 1.5725028788438067e-05, 9.305375897383783e-06, 8.173406968126073e-06, 1.062199953594245e-05, 1.1066892511735205e-05, 7.161457233451074e-06, 1.1142075891257264e-05, 9.930112355505116e-06, 3.8192092688404955e-06, 6.960444807191379e-06, 7.668942998861894e-06, 3.6298163195169764e-06, 1.0939880667137913e-05, 1.255780898645753e-05, 6.554538231284823e-06, 1.2556281944853254e-05, 1.5384775906568393e-05, 1.4633108548878226e-05, 7.208288934634766e-06, 6.825647687946912e-06, 3.531118409227929e-06, 2.7408082132751588e-06, 2.3514612621511333e-06, 3.2362227102566976e-06, 3.830842615570873e-06, 4.9588184083404485e-06, 5.535426680580713e-06, 4.739917585538933e-06, 3.818791810772382e-06, 3.867563464154955e-06, 2.8425770324247424e-06, 2.2240542421059217e-06, 2.2649226139037637e-06, 2.0281729575799545e-06, 1.8985374481417239e-06, 1.996588935071486e-06, 2.098714958265191e-06, 2.0486115772655467e-06, 1.8833181911759311e-06, 1.868848926278588e-06, 2.101582595059881e-06, 2.443794755890849e-06, 1.8100678289556527e-06, 1.4222111985873198e-06, 1.3843648503097938e-06, 1.5358389191533206e-06, 1.5539114883722505e-06, 1.4345158660944435e-06, 1.2836761698054033e-06, 7.193277156147815e-07, 5.096736117593537e-07, 3.7576526779048436e-07, 2.5995328201133816e-07, 1.4415959981306514e-07, 1.1983969727680233e-07, 1.0452408361061316e-07, 8.636396131578294e-08, 8.432875375774529e-08, 9.07864148302906e-08, 5.925191359779092e-08, 4.9002000679365665e-08, 7.050017813980958e-08, 7.900913345793015e-08, 7.510617905381878e-08, 7.345637698108476e-08, 6.61388313005773e-08, 7.05424554325873e-08, 7.4862640531137e-08, 5.5943203847164114e-08, 5.85877941716717e-08, 4.9108713540135795e-08, 3.594932351802527e-08, 3.5024882549805625e-08, 2.5112234069979422e-08, 1.7003179308971994e-08, 1.2585893216510158e-08, 5.817818227171756e-09, 1.052621656505437e-09, 6.099348109911418e-11, 1.0488665491692473e-11, 5.375715931427161e-12, 4.9252386023768135e-12, 4.513811199813311e-12, 4.363852595251627e-12, 4.277677604497265e-12, 4.099486375364059e-12, 3.824236500388212e-12, 3.6721203335032815e-12, 3.635201514806674e-12], "lowlevel.melbands128.stdev": [0.0034425680059939623, 0.011491839773952961, 0.013985169120132923, 0.01486824918538332, 0.014186156913638115, 0.009844803251326084, 0.005317904986441135, 0.0037542516365647316, 0.0037170015275478363, 0.0032119934912770987, 0.0015227511757984757, 0.0007330283406190574, 0.0006164687220007181, 0.0004428450483828783, 0.0004844465001951903, 0.0009206237155012786, 0.0010182810947299004, 0.0011892409529536963, 0.0006676024058833718, 0.0009999084286391735, 0.0004086628323420882, 0.00044303631875663996, 0.0006601533968932927, 0.0005297307507134974, 0.0002267348754685372, 0.00018681005167309195, 0.00017220264999195933, 0.00014878163347020745, 0.00011615792755037546, 0.00017729058163240552, 0.00019163123215548694, 0.00016925082309171557, 0.00024168388335965574, 4.4285789044806734e-05, 4.045393143314868e-05, 6.496046262327582e-05, 0.00011464310227893293, 0.0002573290839791298, 6.741262768628076e-05, 8.085215085884556e-05, 3.4258868254255503e-05, 3.468609429546632e-05, 4.0983584767673165e-05, 4.2163297621300444e-05, 2.6452697056811303e-05, 5.614783731289208e-05, 4.699937562691048e-05, 1.3638854397868272e-05, 2.7391313778935e-05, 3.455149999354035e-05, 1.2666512702708133e-05, 4.4487307604867965e-05, 4.912749136565253e-05, 1.8058277419186197e-05, 5.595008406089619e-05, 4.832436388824135e-05, 4.922397420159541e-05, 2.4526749257347547e-05, 2.5465185899520293e-05, 1.1259000530117191e-05, 7.916261893115006e-06, 1.0474115697434172e-05, 1.1090358384535648e-05, 1.5521884051850066e-05, 1.8354379790253006e-05, 1.967822026927024e-05, 1.3636344192491379e-05, 1.1041918696719222e-05, 1.3969191968499217e-05, 1.032226919051027e-05, 9.803053217183333e-06, 9.942860742739867e-06, 8.05239051260287e-06, 7.170260687416885e-06, 7.541181275882991e-06, 7.935886060295161e-06, 8.023814189073164e-06, 7.312225079658674e-06, 6.066537935112137e-06, 7.626802926097298e-06, 9.857665645540692e-06, 6.933458735147724e-06, 6.008188847772544e-06, 6.352445780066773e-06, 8.1641355791362e-06, 8.028855518205091e-06, 7.448337328241905e-06, 7.268074114108458e-06, 3.6234882827557158e-06, 2.5229462607967434e-06, 1.7473848856752738e-06, 1.2363985888441675e-06, 6.567703394466662e-07, 4.866568588113296e-07, 4.16296046523712e-07, 3.7775518535454466e-07, 3.986308456660481e-07, 4.059975253767334e-07, 2.2557209433671233e-07, 1.8699385861964402e-07, 2.7488786713547597e-07, 2.908144551838632e-07, 3.037675639916415e-07, 3.0186154731381976e-07, 2.6434000233166444e-07, 2.7572252747631865e-07, 3.1944981060405553e-07, 2.1334433597530733e-07, 2.5925956492756086e-07, 2.128912939269867e-07, 2.304825841292768e-07, 3.7362380567174114e-07, 2.9317874350454076e-07, 1.6361123300612235e-07, 1.5100653172339662e-07, 7.038723737196051e-08, 1.3289686684458957e-08, 8.348154389992146e-10, 1.214002925964408e-10, 2.1489164614418854e-11, 1.602962033941946e-11, 1.146663666795611e-11, 1.1138663776055768e-11, 1.0946090388264107e-11, 1.0793677583664785e-11, 1.066234166929858e-11, 1.0568763746110488e-11, 1.0511909051547086e-11], "lowlevel.mfcc.mean": [-775.28271484375, 142.76856994628906, 1.3984383344650269, 38.83502197265625, -2.8871757984161377, 11.842918395996094, -12.206453323364258, 2.3914482593536377, -1.5305322408676147, -15.253178596496582, -5.442736625671387, -14.646750450134277, -10.592429161071777], "lowlevel.spectral_contrast_coeffs.mean": [-0.5738585591316223, -0.7308481931686401, -0.7623187303543091, -0.8111560344696045, -0.8089220523834229, -0.7097049355506897], "lowlevel.spectral_contrast_coeffs.stdev": [0.10517001152038574, 0.0995398610830307, 0.06352149695158005, 0.05073278769850731, 0.03781139478087425, 0.0652926042675972], "lowlevel.spectral_contrast_valleys.mean": [-8.146270751953125, -8.190361022949219, -8.780271530151367, -8.900638580322266, -8.870728492736816, -12.286383628845215], "lowlevel.spectral_contrast_valleys.stdev": [1.624553918838501, 1.327010154724121, 1.1915488243103027, 1.129064917564392, 1.3419348001480103, 1.3142963647842407], "rhythm.beats_loudness_band_ratio.mean": [0.6547314524650574, 0.2992340922355652, 0.11568965017795563, 0.03513308987021446, 0.023678941652178764, 0.041767530143260956], "rhythm.beats_loudness_band_ratio.stdev": [0.30125609040260315, 0.2902134954929352, 0.1615915596485138, 0.052875980734825134, 0.04332367330789566, 0.15736234188079834], "tonal.hpcp.mean": [0.14912937581539154, 0.14446498453617096, 0.04284701123833656, 0.016261884942650795, 0.018171196803450584, 0.021243704482913017, 0.03481297194957733, 0.03880653902888298, 0.0375499464571476, 0.07427565008401871, 0.07253547757863998, 0.030656838789582253, 0.01942397654056549, 0.01907467469573021, 0.0249768253415823, 0.04048140347003937, 0.049298565834760666, 0.04865066334605217, 0.03806460276246071, 0.030882105231285095, 0.057997092604637146, 0.12899871170520782, 0.159848153591156, 0.10875510424375534, 0.08797997236251831, 0.07225503772497177, 0.035178292542696, 0.030579373240470886, 0.0429094061255455, 0.11707115173339844, 0.4022804796695709, 0.4032458961009979, 0.12349452078342438, 0.04962728172540665, 0.03453649580478668, 0.05570347234606743], "tonal.hpcp.stdev": [0.2996387481689453, 0.29791492223739624, 0.13521933555603027, 0.08708232641220093, 0.09776360541582108, 0.10647419095039368, 0.12989924848079681, 0.14496275782585144, 0.1290913224220276, 0.19510675966739655, 0.19218294322490692, 0.11981106549501419, 0.10198575258255005, 0.09476900845766068, 0.10910803824663162, 0.1389773190021515, 0.16052395105361938, 0.16625942289829254, 0.1434038132429123, 0.11961542814970016, 0.17115920782089233, 0.274667352437973, 0.3155289590358734, 0.24955007433891296, 0.2371700406074524, 0.21785570681095123, 0.13153454661369324, 0.1257278323173523, 0.14760302007198334, 0.2395208775997162, 0.4147288203239441, 0.4246352016925812, 0.21747855842113495, 0.1705707609653473, 0.12610836327075958, 0.15299679338932037], "rhythm.beats_position": [0.4411791265010834, 0.8823582530021667, 1.3235373497009277, 1.7763265371322632, 2.2291154861450195, 2.6819047927856445, 3.1346938610076904, 3.5758728981018066, 4.017052173614502, 4.458230972290039, 4.876190185546875, 5.294149398803711, 5.712108612060547, 6.118457794189453, 6.524806976318359, 6.942766189575195, 7.430385589599609, 7.918004512786865, 8.405623435974121, 8.881632804870605, 9.357641220092773, 9.822040557861328, 10.286439895629883, 10.739229202270508, 11.203627586364746, 11.656416893005371, 12.109206199645996, 12.561995506286621, 13.003174781799316, 13.444353103637695, 13.88553237915039, 14.338321685791016, 14.79111099243164, 15.232290267944336, 15.685078620910645, 16.137868881225586, 16.683536529541016, 17.21759605407715, 17.74004554748535, 18.227664947509766, 18.726892471313477, 19.22612190246582, 19.690521240234375, 20.143310546875, 20.596099853515625, 21.04888916015625, 21.501678466796875, 21.954465866088867, 22.395645141601562, 22.836824417114258, 23.289613723754883, 23.742403030395508, 24.195192337036133, 24.647981643676758, 25.100770950317383, 25.541950225830078, 25.983129501342773, 26.4359188079834, 26.88870620727539, 27.329885482788086, 27.77106475830078, 28.212244033813477, 28.653423309326172, 29.106212615966797, 29.547391891479492, 30.000181198120117, 30.441360473632812, 30.894149780273438, 31.346939086914062, 31.788116455078125, 32.22929763793945, 32.693695068359375, 33.1348762512207, 33.58766555786133, 34.04045104980469, 34.49324035644531, 34.94602966308594, 35.387210845947266, 35.84000015258789, 36.292789459228516, 36.73396682739258, 37.175148010253906, 37.63954544067383, 38.080726623535156, 38.52190399169922, 38.974693298339844, 39.42748260498047], "rhythm.bpm_histogram": [0.0, 0.0, 0.0, 0.0, 0.0, 0.0, 0.0, 0.0, 0.0, 0.0, 0.0, 0.0, 0.0, 0.0, 0.0, 0.0, 0.0, 0.0, 0.0, 0.0, 0.0, 0.0, 0.0, 0.0, 0.0, 0.0, 0.0, 0.0, 0.0, 0.0, 0.0, 0.0, 0.0, 0.0, 0.0, 0.0, 0.0, 0.0, 0.0, 0.0, 0.0, 0.0, 0.0, 0.0, 0.0, 0.0, 0.0, 0.0, 0.0, 0.0, 0.0, 0.0, 0.0, 0.0, 0.0, 0.0, 0.0, 0.0, 0.0, 0.0, 0.0, 0.0, 0.0, 0.0, 0.0, 0.0, 0.0, 0.0, 0.0, 0.0, 0.0, 0.0, 0.0, 0.0, 0.0, 0.0, 0.0, 0.0, 0.0, 0.0, 0.0, 0.0, 0.0, 0.0, 0.0, 0.0, 0.0, 0.0, 0.0, 0.0, 0.0, 0.0, 0.0, 0.0, 0.0, 0.0, 0.0, 0.0, 0.0, 0.0, 0.0, 0.0, 0.0, 0.0, 0.0, 0.0, 0.0, 0.0, 0.0, 0.0, 0.011627906933426857, 0.0, 0.011627906933426857, 0.0, 0.0, 0.011627906933426857, 0.0, 0.0, 0.0, 0.0, 0.023255813866853714, 0.0, 0.0, 0.04651162773370743, 0.0, 0.0, 0.023255813866853714, 0.0, 0.0, 0.06976744532585144, 0.0, 0.0, 0.0, 0.41860464215278625, 0.0, 0.0, 0.3139534890651703, 0.0, 0.0, 0.0, 0.0, 0.0, 0.0, 0.0, 0.04651162773370743, 0.0, 0.0, 0.0, 0.023255813866853714, 0.0, 0.0, 0.0, 0.0, 0.0, 0.0, 0.0, 0.0, 0.0, 0.0, 0.0, 0.0, 0.0, 0.0, 0.0, 0.0, 0.0, 0.0, 0.0, 0.0, 0.0, 0.0, 0.0, 0.0, 0.0, 0.0, 0.0, 0.0, 0.0, 0.0, 0.0, 0.0, 0.0, 0.0, 0.0, 0.0, 0.0, 0.0, 0.0, 0.0, 0.0, 0.0, 0.0, 0.0, 0.0, 0.0, 0.0, 0.0, 0.0, 0.0, 0.0, 0.0, 0.0, 0.0, 0.0, 0.0, 0.0, 0.0, 0.0, 0.0, 0.0, 0.0, 0.0, 0.0, 0.0, 0.0, 0.0, 0.0, 0.0, 0.0, 0.0, 0.0, 0.0, 0.0, 0.0, 0.0, 0.0, 0.0, 0.0, 0.0, 0.0, 0.0, 0.0, 0.0, 0.0, 0.0, 0.0, 0.0, 0.0, 0.0, 0.0, 0.0, 0.0, 0.0, 0.0, 0.0, 0.0, 0.0, 0.0, 0.0, 0.0], "tonal.chords_histogram": [40.50925827026367, 12.731481552124023, 19.328702926635742, 0.0, 0.5787037014961243, 0.0, 0.3472222089767456, 0.0, 0.0, 0.0, 0.0, 0.0, 0.0, 0.0, 0.0, 1.7361111640930176, 0.0, 17.476852416992188, 0.0, 0.9259259104728699, 0.0, 0.9259259104728699, 0.5787037014961243, 4.861111164093018], "tonal.thpcp": [1.0, 0.3062511682510376, 0.12306952476501465, 0.08564624190330505, 0.13813772797584534, 0.3698224127292633, 0.3582553267478943, 0.10625529289245605, 0.040327467024326324, 0.04506232216954231, 0.05268176272511482, 0.08633186668157578, 0.09623542428016663, 0.09311922639608383, 0.1841944307088852, 0.17987902462482452, 0.07602517306804657, 0.04816906154155731, 0.04730283468961716, 0.06193944066762924, 0.10038887709379196, 0.12225434929132462, 0.12064763158559799, 0.09439551085233688, 0.07658380270004272, 0.14382562041282654, 0.31990087032318115, 0.3964036703109741, 0.26969921588897705, 0.21817946434020996, 0.17918357253074646, 0.08723782002925873, 0.07583306729793549, 0.10641002655029297, 0.2903220057487488, 0.9976058602333069], "lowlevel.gfcc.cov": [[14776.7138671875, 35.64211654663086, 658.2941284179688, 1685.4197998046875, 382.5948486328125, 251.68601989746094, 558.7374267578125, 1000.845458984375, 741.5619506835938, 1108.7156982421875, 575.603759765625, 577.375, -327.80462646484375], [35.64211654663086, 1855.5885009765625, 7.832152843475342, -338.7062072753906, 302.7655334472656, -134.76510620117188, 367.7902526855469, -68.77876281738281, 223.54209899902344, -115.7286376953125, 200.5168914794922, -80.33977508544922, 149.47012329101562], [658.2941284179688, 7.832152843475342, 566.1504516601562, 85.59226989746094, 67.60834503173828, 79.59796905517578, 17.05721664428711, 97.90082550048828, 4.7521443367004395, 94.33877563476562, 26.521724700927734, 118.32867431640625, -39.56315994262695], [1685.4197998046875, -338.7062072753906, 85.59226989746094, 804.538818359375, 391.7010803222656, 187.2591094970703, 83.85990905761719, 191.8958740234375, 175.7052001953125, 142.5454559326172, 89.43653869628906, -44.743534088134766, 44.53715515136719], [382.5948486328125, 302.7655334472656, 67.60834503173828, 391.7010803222656, 666.3687133789062, 212.97959899902344, 199.88624572753906, 166.55181884765625, 171.21498107910156, 70.74266052246094, 95.89990234375, -112.23789978027344, 66.95732116699219], [251.68601989746094, -134.76510620117188, 79.59796905517578, 187.2591094970703, 212.97959899902344, 273.18548583984375, 145.15380859375, 163.31263732910156, 39.72765350341797, 90.5715560913086, 47.27324676513672, -33.282196044921875, -39.68980026245117], [558.7374267578125, 367.7902526855469, 17.05721664428711, 83.85990905761719, 199.88624572753906, 145.15380859375, 438.7881164550781, 220.36558532714844, 89.57810974121094, 62.33615493774414, 143.51229858398438, -10.303637504577637, -21.238447189331055], [1000.845458984375, -68.77876281738281, 97.90082550048828, 191.8958740234375, 166.55181884765625, 163.31263732910156, 220.36558532714844, 334.64459228515625, 128.12779235839844, 188.5047607421875, 106.03974914550781, 40.4995002746582, -48.56783676147461], [741.5619506835938, 223.54209899902344, 4.7521443367004395, 175.7052001953125, 171.21498107910156, 39.72765350341797, 89.57810974121094, 128.12779235839844, 251.07826232910156, 150.37286376953125, 104.54344940185547, 4.634173393249512, 33.79253005981445], [1108.7156982421875, -115.7286376953125, 94.33877563476562, 142.5454559326172, 70.74266052246094, 90.5715560913086, 62.33615493774414, 188.5047607421875, 150.37286376953125, 295.204833984375, 119.19580078125, 84.1728286743164, -69.16921997070312], [575.603759765625, 200.5168914794922, 26.521724700927734, 89.43653869628906, 95.89990234375, 47.27324676513672, 143.51229858398438, 106.03974914550781, 104.54344940185547, 119.19580078125, 186.65664672851562, 32.741455078125, 0.8946055769920349], [577.375, -80.33977508544922, 118.32867431640625, -44.743534088134766, -112.23789978027344, -33.282196044921875, -10.303637504577637, 40.4995002746582, 4.634173393249512, 84.1728286743164, 32.741455078125, 188.52488708496094, -16.743127822875977], [-327.80462646484375, 149.47012329101562, -39.56315994262695, 44.53715515136719, 66.95732116699219, -39.68980026245117, -21.238447189331055, -48.56783676147461, 33.79253005981445, -69.16921997070312, 0.8946055769920349, -16.743127822875977, 144.1494598388672]], "lowlevel.gfcc.icov": [[0.00021268182899802923, -0.00043553797877393663, 0.00012973553384654224, -0.0008340591448359191, 0.0003313856723252684, 7.581125100841746e-05, 0.00019819664885289967, -0.0004171115579083562, 0.0003164810477755964, -0.00045061399578116834, 0.0003027306229341775, -0.0006092338589951396, 0.0006211204454302788], [-0.00043553797877393663, 0.003359350375831127, -0.0012240266660228372, 0.003624442731961608, -0.0020882687531411648, 0.001546839950606227, -0.002626263303682208, 0.0026235964614897966, -0.0035995703656226397, 0.002297231461852789, -0.00241776998154819, 0.0020360080525279045, -0.0018390003824606538], [0.00012973553384654224, -0.0012240266660228372, 0.0027951449155807495, -0.0013273722724989057, 0.00020105557632632554, -0.0010778773576021194, 0.0013367654755711555, -0.0012408433249220252, 0.0016976792830973864, -0.0006895858678035438, 0.0009260908118449152, -0.002516024513170123, 0.0011033461196348071], [-0.0008340591448359191, 0.003624442731961608, -0.0013273722724989057, 0.006824946496635675, -0.00317688868381083, 0.0003964587231166661, -0.0018164128996431828, 0.0023253278341144323, -0.003959875088185072, 0.002650653477758169, -0.002820756519213319, 0.003230448579415679, -0.003434312529861927], [0.0003313856723252684, -0.0020882687531411648, 0.00020105557632632554, -0.00317688868381083, 0.004763633478432894, -0.0023680238518863916, 0.0008589570061303675, -0.001519333221949637, 0.0009991301922127604, -0.0014212223468348384, 0.0013548018177971244, 0.00036532589001581073, -0.00017655362898949534], [7.581125100841746e-05, 0.001546839950606227, -0.0010778773576021194, 0.0003964587231166661, -0.0023680238518863916, 0.008772164583206177, -0.0025516676250845194, -0.0008211806998588145, 0.0003209893184248358, -0.0009708575089462101, -0.00041106907883659005, 0.0019324447494000196, 0.0006986605585552752], [0.00019819664885289967, -0.002626263303682208, 0.0013367654755711555, -0.0018164128996431828, 0.0008589570061303675, -0.0025516676250845194, 0.007649586070328951, -0.0054117366671562195, 0.0023069707676768303, 0.0016662675188854337, -0.0017928731394931674, -0.0016322799492627382, 0.0023844214156270027], [-0.0004171115579083562, 0.0026235964614897966, -0.0012408433249220252, 0.0023253278341144323, -0.001519333221949637, -0.0008211806998588145, -0.0054117366671562195, 0.010767940431833267, -0.003760580439120531, -0.0017281018663197756, -0.0003773387288674712, 0.000885334680788219, -0.001260150340385735], [0.0003164810477755964, -0.0035995703656226397, 0.0016976792830973864, -0.003959875088185072, 0.0009991301922127604, 0.0003209893184248358, 0.0023069707676768303, -0.003760580439120531, 0.013455035164952278, -0.007548074703663588, 0.0016702214488759637, -0.00035047929850406945, -0.0019885124638676643], [-0.00045061399578116834, 0.002297231461852789, -0.0006895858678035438, 0.002650653477758169, -0.0014212223468348384, -0.0009708575089462101, 0.0016662675188854337, -0.0017281018663197756, -0.007548074703663588, 0.01402814220637083, -0.006004529073834419, -0.001816813601180911, 0.003968159202486277], [0.0003027306229341775, -0.00241776998154819, 0.0009260908118449152, -0.002820756519213319, 0.0013548018177971244, -0.00041106907883659005, -0.0017928731394931674, -0.0003773387288674712, 0.0016702214488759637, -0.006004529073834419, 0.01250398438423872, -0.002058570273220539, -0.0004021362110506743], [-0.0006092338589951396, 0.0020360080525279045, -0.002516024513170123, 0.003230448579415679, 0.00036532589001581073, 0.0019324447494000196, -0.0016322799492627382, 0.000885334680788219, -0.00035047929850406945, -0.001816813601180911, -0.002058570273220539, 0.01146636437624693, -0.004210072569549084], [0.0006211204454302788, -0.0018390003824606538, 0.0011033461196348071, -0.003434312529861927, -0.00017655362898949534, 0.0006986605585552752, 0.0023844214156270027, -0.001260150340385735, -0.0019885124638676643, 0.003968159202486277, -0.0004021362110506743, -0.004210072569549084, 0.013705353252589703]], "lowlevel.mfcc.cov": [[13789.18359375, -381.4334411621094, 407.5184326171875, 1715.8546142578125, 288.90380859375, 427.8556823730469, 267.63018798828125, 481.1313171386719, 326.1109313964844, 716.94140625, 893.453857421875, 780.426025390625, 1257.3795166015625], [-381.4334411621094, 2043.4381103515625, -111.30274200439453, -122.50020599365234, -160.2521209716797, -28.663835525512695, 72.95198059082031, 104.41386413574219, 76.57027435302734, -130.66470336914062, 175.12081909179688, 55.270912170410156, 102.61575317382812], [407.5184326171875, -111.30274200439453, 458.0068054199219, 27.10888671875, -13.762420654296875, 1.815081238746643, -5.883408546447754, 27.409015655517578, -31.349056243896484, -23.685028076171875, 10.28024673461914, 18.033912658691406, 91.23789978027344], [1715.8546142578125, -122.50020599365234, 27.10888671875, 562.4378051757812, 290.424072265625, 167.61370849609375, 144.53018188476562, 109.797119140625, 149.82350158691406, 202.74388122558594, 107.9314193725586, 108.59075164794922, 195.79635620117188], [288.90380859375, -160.2521209716797, -13.762420654296875, 290.424072265625, 585.0611572265625, 198.1348114013672, 144.3687744140625, 16.39998435974121, 157.8859100341797, 221.8267059326172, 12.623217582702637, 62.34120559692383, 29.317930221557617], [427.8556823730469, -28.663835525512695, 1.815081238746643, 167.61370849609375, 198.1348114013672, 202.93003845214844, 121.80181884765625, 52.88876724243164, 76.2069320678711, 108.53326416015625, 76.38732147216797, 54.01153564453125, 47.84107208251953], [267.63018798828125, 72.95198059082031, -5.883408546447754, 144.53018188476562, 144.3687744140625, 121.80181884765625, 436.23876953125, 195.19126892089844, 109.44572448730469, 208.3863067626953, 155.92755126953125, 112.5757064819336, 27.175840377807617], [481.1313171386719, 104.41386413574219, 27.409015655517578, 109.797119140625, 16.39998435974121, 52.88876724243164, 195.19126892089844, 211.31251525878906, 88.33267974853516, 97.22306823730469, 108.79300689697266, 67.22335052490234, 80.52645111083984], [326.1109313964844, 76.57027435302734, -31.349056243896484, 149.82350158691406, 157.8859100341797, 76.2069320678711, 109.44572448730469, 88.33267974853516, 206.65432739257812, 140.7270050048828, 80.92464447021484, 55.631134033203125, 85.48015594482422], [716.94140625, -130.66470336914062, -23.685028076171875, 202.74388122558594, 221.8267059326172, 108.53326416015625, 208.3863067626953, 97.22306823730469, 140.7270050048828, 336.67315673828125, 167.29371643066406, 132.1140899658203, 80.57840728759766], [893.453857421875, 175.12081909179688, 10.28024673461914, 107.9314193725586, 12.623217582702637, 76.38732147216797, 155.92755126953125, 108.79300689697266, 80.92464447021484, 167.29371643066406, 281.7530517578125, 154.52590942382812, 157.601806640625], [780.426025390625, 55.270912170410156, 18.033912658691406, 108.59075164794922, 62.34120559692383, 54.01153564453125, 112.5757064819336, 67.22335052490234, 55.631134033203125, 132.1140899658203, 154.52590942382812, 203.9878692626953, 139.28451538085938], [1257.3795166015625, 102.61575317382812, 91.23789978027344, 195.79635620117188, 29.317930221557617, 47.84107208251953, 27.175840377807617, 80.52645111083984, 85.48015594482422, 80.57840728759766, 157.601806640625, 139.28451538085938, 324.8141784667969]], "lowlevel.mfcc.icov": [[0.0001835379225667566, 3.7278779927873984e-05, -4.087962952326052e-05, -0.0005016365321353078, 0.00014607790217269212, -3.335071596666239e-05, 0.00021492222731467336, -0.0001413304707966745, 0.000201093265786767, -8.132330549415201e-05, -0.00023797583708073944, -0.0002191768289776519, -0.0002229092497145757], [3.7278779927873984e-05, 0.0006685301195830107, 0.0001909706916194409, 7.571854803245515e-05, -8.939843974076211e-05, 0.00017691976972855628, -0.00011381268268451095, -0.00017090073379222304, -0.00043012172682210803, 0.000896322657354176, -0.0007922757649794221, -6.354830111376941e-05, -0.00011838936916319653], [-4.087962952326052e-05, 0.0001909706916194409, 0.002550057601183653, 0.00030936396797187626, -0.0002978284319397062, 8.708789209777024e-06, -0.0001457223406760022, -0.0005685539799742401, 0.0007832261035218835, 0.00036344092222861946, 0.00013978271454107016, 0.0002718878095038235, -0.0011068062158301473], [-0.0005016365321353078, 7.571854803245515e-05, 0.00030936396797187626, 0.005060731433331966, -0.0013582437532022595, -0.0011746266391128302, -0.0005461170221678913, -0.00054896529763937, -0.0006415933021344244, -0.0005558322882279754, 0.0013152399333193898, 0.0009295431082136929, -0.0014721672050654888], [0.00014607790217269212, -8.939843974076211e-05, -0.0002978284319397062, -0.0013582437532022595, 0.004515283275395632, -0.0028241630643606186, -0.0003408679040148854, 0.0017871538875624537, -0.001538728130981326, -0.002097301185131073, 0.002253483282402158, -0.000854848709423095, 0.00015742925461381674], [-3.335071596666239e-05, 0.00017691976972855628, 8.708789209777024e-06, -0.0011746266391128302, -0.0028241630643606186, 0.009503881447017193, -0.0011694643180817366, -4.647122113965452e-05, -0.0001619039394427091, 0.0014905579155310988, -0.0027599658351391554, 0.0005166712217032909, 0.0005337296752259135], [0.00021492222731467336, -0.00011381268268451095, -0.0001457223406760022, -0.0005461170221678913, -0.0003408679040148854, -0.0011694643180817366, 0.006172243971377611, -0.0047110640443861485, 0.0007158977095969021, -0.001659110188484192, -0.0010949040297418833, -0.0014520654221996665, 0.0018057619454339147], [-0.0001413304707966745, -0.00017090073379222304, -0.0005685539799742401, -0.00054896529763937, 0.0017871538875624537, -4.647122113965452e-05, -0.0047110640443861485, 0.010998820886015892, -0.0029417788609862328, 0.00035664442111738026, -0.00014358494081534445, 0.0006900534499436617, -0.0009359127725474536], [0.000201093265786767, -0.00043012172682210803, 0.0007832261035218835, -0.0006415933021344244, -0.001538728130981326, -0.0001619039394427091, 0.0007158977095969021, -0.0029417788609862328, 0.009778548963367939, -0.002763154683634639, 1.132875149778556e-05, 0.0012312139151617885, -0.0020650376100093126], [-8.132330549415201e-05, 0.000896322657354176, 0.00036344092222861946, -0.0005558322882279754, -0.002097301185131073, 0.0014905579155310988, -0.001659110188484192, 0.00035664442111738026, -0.002763154683634639, 0.0092325983569026, -0.004245365969836712, -0.0016504049999639392, 0.0014891433529555798], [-0.00023797583708073944, -0.0007922757649794221, 0.00013978271454107016, 0.0013152399333193898, 0.002253483282402158, -0.0027599658351391554, -0.0010949040297418833, -0.00014358494081534445, 1.132875149778556e-05, -0.004245365969836712, 0.011025800369679928, -0.0028578913770616055, -0.002404349623247981], [-0.0002191768289776519, -6.354830111376941e-05, 0.0002718878095038235, 0.0009295431082136929, -0.000854848709423095, 0.0005166712217032909, -0.0014520654221996665, 0.0006900534499436617, 0.0012312139151617885, -0.0016504049999639392, -0.0028578913770616055, 0.010895426385104656, -0.003016718430444598], [-0.000222