{"song_id": "1183654933959024780", "download": "https://cdn.discordapp.com/attachments/1135903449314238464/1183654933959024780/chirp.mp4?ex=65891f8f&amp", "lyrics": "Y\u00fcr\u00fcd\u00fck ya\u011fmur alt\u0131nda, damlalar d\u00fc\u015ferken\nG\u00f6zlerin parl\u0131yordu, \u0131\u015f\u0131\u011f\u0131n\u0131 ta\u015f\u0131rken\nG\u00fczelim, beni sard\u0131n, kalbimde bir melodi\nSonsuz yaz ya\u011fmurunda, a\u015fk\u0131m\u0131z bir ser\u00fcveni\n\nPerde araland\u0131, g\u00f6nl\u00fcm\u00fczde bahar\nBirlikte yazd\u0131k \u015fark\u0131y\u0131, sevgimizle sarar\nSonsuz bir masal gibi, hep yan\u0131mda ol\nG\u00fczelim, seninle ge\u00e7sin her an, her soluk", "style": ["Rock"], "essentia_features": {"lowlevel.average_loudness": 0.9373921155929565, "lowlevel.barkbands_crest.mean": 15.923322677612305, "lowlevel.barkbands_crest.stdev": 4.759829521179199, "lowlevel.barkbands_flatness_db.mean": 0.3849245309829712, "lowlevel.barkbands_flatness_db.stdev": 0.046984050422906876, "lowlevel.barkbands_kurtosis.mean": 20.148794174194336, "lowlevel.barkbands_kurtosis.stdev": 20.022014617919922, "lowlevel.barkbands_skewness.mean": 3.6641509532928467, "lowlevel.barkbands_skewness.stdev": 1.7060049772262573, "lowlevel.barkbands_spread.mean": 8.599455833435059, "lowlevel.barkbands_spread.stdev": 7.35732889175415, "lowlevel.dissonance.mean": 0.46846863627433777, "lowlevel.dissonance.stdev": 0.02176985889673233, "lowlevel.dynamic_complexity": 1.380583643913269, "lowlevel.erbbands_crest.mean": 12.736916542053223, "lowlevel.erbbands_crest.stdev": 3.591996908187866, "lowlevel.erbbands_flatness_db.mean": 0.34857648611068726, "lowlevel.erbbands_flatness_db.stdev": 0.03301876783370972, "lowlevel.erbbands_kurtosis.mean": 0.5430810451507568, "lowlevel.erbbands_kurtosis.stdev": 3.191514492034912, "lowlevel.erbbands_skewness.mean": 0.7390819191932678, "lowlevel.erbbands_skewness.stdev": 1.251966953277588, "lowlevel.erbbands_spread.mean": 40.348262786865234, "lowlevel.erbbands_spread.stdev": 12.983368873596191, "lowlevel.hfc.mean": 13.072235107421875, "lowlevel.hfc.stdev": 9.603259086608887, "lowlevel.loudness_ebu128.integrated": -22.9875545501709, "lowlevel.loudness_ebu128.loudness_range": 2.7370223999023438, "lowlevel.loudness_ebu128.momentary.mean": -23.18964958190918, "lowlevel.loudness_ebu128.momentary.stdev": 1.3115984201431274, "lowlevel.loudness_ebu128.short_term.mean": -23.044588088989258, "lowlevel.loudness_ebu128.short_term.stdev": 0.8263607025146484, "lowlevel.melbands_crest.mean": 18.36661720275879, "lowlevel.melbands_crest.stdev": 4.1800055503845215, "lowlevel.melbands_flatness_db.mean": 0.47038984298706055, "lowlevel.melbands_flatness_db.stdev": 0.06192909553647041, "lowlevel.melbands_kurtosis.mean": 45.915916442871094, "lowlevel.melbands_kurtosis.stdev": 33.771766662597656, "lowlevel.melbands_skewness.mean": 5.362016677856445, "lowlevel.melbands_skewness.stdev": 1.8293282985687256, "lowlevel.melbands_spread.mean": 8.494133949279785, "lowlevel.melbands_spread.stdev": 10.467310905456543, "lowlevel.pitch_salience.mean": 0.4984668493270874, "lowlevel.pitch_salience.stdev": 0.10974489897489548, "lowlevel.silence_rate_20dB.mean": 1.0, "lowlevel.silence_rate_20dB.stdev": 0.0, "lowlevel.silence_rate_30dB.mean": 1.0, "lowlevel.silence_rate_30dB.stdev": 0.0, "lowlevel.silence_rate_60dB.mean": 0.0046349940821528435, "lowlevel.silence_rate_60dB.stdev": 0.06792264431715012, "lowlevel.spectral_centroid.mean": 569.1596069335938, "lowlevel.spectral_centroid.stdev": 328.58599853515625, "lowlevel.spectral_complexity.mean": 8.54634952545166, "lowlevel.spectral_complexity.stdev": 4.1760077476501465, "lowlevel.spectral_decrease.mean": -8.702683018668722e-09, "lowlevel.spectral_decrease.stdev": 3.2098117497270096e-09, "lowlevel.spectral_energy.mean": 0.03403162211179733, "lowlevel.spectral_energy.stdev": 0.012700453400611877, "lowlevel.spectral_energyband_high.mean": 3.060679227928631e-05, "lowlevel.spectral_energyband_high.stdev": 5.973684892524034e-05, "lowlevel.spectral_energyband_low.mean": 0.00699590053409338, "lowlevel.spectral_energyband_low.stdev": 0.006724746897816658, "lowlevel.spectral_energyband_middle_high.mean": 0.002949811052531004, "lowlevel.spectral_energyband_middle_high.stdev": 0.004318502265959978, "lowlevel.spectral_energyband_middle_low.mean": 0.027162911370396614, "lowlevel.spectral_energyband_middle_low.stdev": 0.011665497906506062, "lowlevel.spectral_entropy.mean": 6.160403728485107, "lowlevel.spectral_entropy.stdev": 0.40838518738746643, "lowlevel.spectral_flux.mean": 0.04035848006606102, "lowlevel.spectral_flux.stdev": 0.02034599334001541, "lowlevel.spectral_kurtosis.mean": 13.845868110656738, "lowlevel.spectral_kurtosis.stdev": 10.062409400939941, "lowlevel.spectral_rms.mean": 0.0056578293442726135, "lowlevel.spectral_rms.stdev": 0.0010911102872341871, "lowlevel.spectral_rolloff.mean": 556.5441284179688, "lowlevel.spectral_rolloff.stdev": 859.4237670898438, "lowlevel.spectral_skewness.mean": 1.899120569229126, "lowlevel.spectral_skewness.stdev": 0.9693068861961365, "lowlevel.spectral_spread.mean": 2094610.0, "lowlevel.spectral_spread.stdev": 564385.0625, "lowlevel.spectral_strongpeak.mean": 0.9816038608551025, "lowlevel.spectral_strongpeak.stdev": 0.8947582840919495, "lowlevel.zerocrossingrate.mean": 0.026431970298290253, "lowlevel.zerocrossingrate.stdev": 0.0313054658472538, "metadata.audio_properties.analysis.equal_loudness": 0.0, "metadata.audio_properties.analysis.length": 40.04265213012695, "metadata.audio_properties.analysis.sample_rate": 44100.0, "metadata.audio_properties.analysis.start_time": 0.0, "metadata.audio_properties.bit_rate": 96838.0, "metadata.audio_properties.length": 40.042667388916016, "metadata.audio_properties.lossless": 0.0, "metadata.audio_properties.number_channels": 1.0, "metadata.audio_properties.replay_gain": -3.3485107421875, "metadata.audio_properties.sample_rate": 48000.0, "rhythm.beats_count": 75.0, "rhythm.beats_loudness.mean": 0.04153691604733467, "rhythm.beats_loudness.stdev": 0.013033770024776459, "rhythm.bpm": 113.60861206054688, "rhythm.bpm_histogram_first_peak_bpm": 115.0, "rhythm.bpm_histogram_first_peak_weight": 0.4029850959777832, "rhythm.bpm_histogram_second_peak_bpm": 110.0, "rhythm.bpm_histogram_second_peak_spread": 0.0, "rhythm.bpm_histogram_second_peak_weight": 0.09459459781646729, "rhythm.danceability": 0.9413630962371826, "rhythm.onset_rate": 1.8474864959716797, "tonal.chords_changes_rate": 0.018518518656492233, "tonal.chords_number_rate": 0.004629629664123058, "tonal.chords_strength.mean": 0.5319462418556213, "tonal.chords_strength.stdev": 0.06197577714920044, "tonal.hpcp_crest.mean": 17.57017707824707, "tonal.hpcp_crest.stdev": 7.581970691680908, "tonal.hpcp_entropy.mean": 1.566412329673767, "tonal.hpcp_entropy.stdev": 0.6295269131660461, "tonal.key_edma.strength": 0.615275502204895, "tonal.key_krumhansl.strength": 0.6038765907287598, "tonal.key_temperley.strength": 0.5495496392250061, "tonal.tuning_diatonic_strength": 0.49052169919013977, "tonal.tuning_equal_tempered_deviation": 0.055145617574453354, "tonal.tuning_frequency": 441.0177917480469, "tonal.tuning_nontempered_energy_ratio": 0.6465297937393188, "lowlevel.barkbands.mean": [1.4365836022989242e-06, 9.048857464222237e-06, 0.0038817638996988535, 0.004276360385119915, 0.019153514876961708, 0.0035937365610152483, 2.201390998379793e-05, 8.997828263090923e-05, 2.1703393940697424e-05, 1.154579240392195e-05, 1.485508164478233e-05, 2.812931597873103e-05, 9.144927025772631e-05, 0.0011068092426285148, 7.363357144640759e-05, 0.0010506645776331425, 0.00035933981416746974, 9.84192593023181e-05, 8.979161066235974e-05, 4.904250454274006e-05, 6.6313350544078276e-06, 1.420704620613833e-06, 2.743681193351222e-07, 8.657609384954412e-08, 1.4818672511296427e-08, 1.4483498844697351e-09, 1.447549302646678e-09], "lowlevel.barkbands.stdev": [1.6466938177472912e-06, 1.451875959901372e-05, 0.0037786413449794054, 0.003201827174052596, 0.010601215064525604, 0.0054885526187717915, 4.3209838622715324e-05, 0.00011384150275262073, 3.6879166145808995e-05, 3.171131174894981e-05, 3.0913957743905485e-05, 5.890800821362063e-05, 0.0003032789973076433, 0.002481205854564905, 0.0001382490008836612, 0.001968933502212167, 0.0005731936544179916, 0.00015547331713605672, 0.00014141507563181221, 8.271291153505445e-05, 1.4847219063085504e-05, 6.0575252973649185e-06, 1.5490905980186653e-06, 5.167166818864644e-07, 1.2011510364118294e-07, 4.230268579874519e-09, 2.2496744467304097e-09], "lowlevel.erbbands.mean": [0.0009439910645596683, 0.038236040621995926, 2.35056734085083, 13.87798023223877, 31.279361724853516, 65.68190002441406, 71.08642578125, 16.986547470092773, 1.0594218969345093, 0.8724830746650696, 1.6244009733200073, 0.5916368365287781, 0.40639540553092957, 0.45185601711273193, 0.6737191677093506, 1.3180158138275146, 4.533990383148193, 20.8845157623291, 46.69573211669922, 8.829217910766602, 73.61499786376953, 22.72774314880371, 7.4240827560424805, 4.871049404144287, 3.3325982093811035, 2.0475335121154785, 0.6822612881660461, 0.15899451076984406, 0.061076004058122635, 0.01907617785036564, 0.007480686064809561, 0.0027322573587298393, 0.0011488816235214472, 0.0003339385148137808, 4.339376391726546e-05, 2.391148154856637e-05, 1.3380753443925641e-05, 3.04184436572541e-06, 1.6425939975306392e-05, 3.812519571511075e-05], "lowlevel.erbbands.stdev": [0.0008092490024864674, 0.035546060651540756, 2.253458023071289, 11.629364967346191, 21.17053985595703, 38.356056213378906, 57.854740142822266, 29.353979110717773, 1.5129568576812744, 1.2959610223770142, 1.88279128074646, 0.951388418674469, 1.1857749223709106, 0.9449236392974854, 1.0728610754013062, 2.730093479156494, 15.316052436828613, 62.03429412841797, 99.31404113769531, 11.819672584533691, 131.320556640625, 30.644872665405273, 11.302929878234863, 7.201243877410889, 4.9890618324279785, 3.755012273788452, 1.2945504188537598, 0.40622541308403015, 0.2375148981809616, 0.10026025772094727, 0.04257066920399666, 0.015523787587881088, 0.007279685698449612, 0.002495054854080081, 0.00010505274258321151, 2.6010247893282212e-05, 8.32266505312873e-06, 2.766839543255628e-06, 6.433185262721963e-06, 1.4512917914544232e-05], "lowlevel.gfcc.mean": [-152.41737365722656, 199.7965087890625, -151.57359313964844, 44.32561111450195, 22.09973907470703, -72.12907409667969, -48.30466842651367, -44.2740478515625, -35.3914794921875, -19.790788650512695, -23.383174896240234, -24.79598045349121, 2.068962812423706], "lowlevel.melbands.mean": [2.0846630377491238e-06, 0.0010470055276528, 0.0025540138594806194, 0.003991195000708103, 0.002557317493483424, 0.00042236672015860677, 5.764449269918259e-06, 1.3459099136525765e-05, 1.1221452041354496e-05, 3.2617274428048404e-06, 1.9037327092519263e-06, 1.7051488612196408e-06, 2.0296015463827644e-06, 2.754343540800619e-06, 6.545029464177787e-06, 9.57670999923721e-06, 4.7509485739283264e-05, 0.0001031372303259559, 4.95408949063858e-06, 1.8896811525337398e-05, 0.00010312475205864757, 2.1346209905459546e-05, 9.586613487044815e-06, 3.801291768468218e-06, 4.090684797120048e-06, 3.136274017379037e-06, 1.8132324157704716e-06, 1.2801472166756866e-06, 5.471973736348446e-07, 1.5807432873771177e-07, 6.279208975001893e-08, 3.805070036833058e-08, 1.7971931498550475e-08, 7.0617889313950855e-09, 4.6915360485400015e-09, 2.3186805808705913e-09, 1.370464297600904e-09, 8.5339968425302e-10, 4.849757262448406e-10, 1.5924986329629576e-10], "lowlevel.melbands.stdev": [3.3165872537210817e-06, 0.0010126575361937284, 0.001536439755000174, 0.0024689044803380966, 0.0018870087806135416, 0.0007439854089170694, 1.0448086868564133e-05, 1.893778971862048e-05, 1.3113113709550817e-05, 5.499653070728527e-06, 5.916643203818239e-06, 3.5203038351028226e-06, 3.454519173828885e-06, 5.231218892731704e-06, 2.203580515924841e-05, 3.099679815932177e-05, 0.00014286059013102204, 0.00022313835506793112, 8.682490260980558e-06, 3.23218664561864e-05, 0.00018452746735420078, 3.412575097172521e-05, 1.4829201973043382e-05, 6.543717972817831e-06, 6.302704150584759e-06, 5.5411655921489e-06, 2.9643388188560493e-06, 2.5526139779685764e-06, 1.06123547993775e-06, 4.015113290734007e-07, 1.8312225336103438e-07, 1.5195946900803392e-07, 9.418246804671071e-08, 3.9817209085413197e-08, 2.7316120920772846e-08, 1.3817291311113422e-08, 8.032349008146866e-09, 5.509266376435562e-09, 3.702381068393379e-09, 1.3685260702445134e-09], "lowlevel.melbands128.mean": [5.064085826234077e-07, 9.037841550707526e-07, 2.700163122426602e-06, 4.410897872730857e-06, 0.00024107095669023693, 0.0025988940615206957, 0.0032190263736993074, 0.0015795235522091389, 0.002523440169170499, 0.006052596494555473, 0.0031215683557093143, 0.0030204153154045343, 0.0028560326900333166, 0.0012863361043855548, 0.0003065296041313559, 1.3136294001014903e-05, 7.56958479541936e-06, 5.607794719253434e-06, 1.835252191995096e-06, 3.995824954472482e-06, 2.4956623747129925e-05, 2.7583786504692398e-05, 3.4282825254194904e-06, 3.7372315091488417e-06, 4.528778845269699e-06, 2.6246887045999756e-06, 1.52802192587842e-06, 2.503874156900565e-06, 1.4590868886443786e-06, 1.0706982038755086e-06, 2.082534820146975e-06, 2.420485998300137e-06, 1.648047714297718e-06, 1.7187667253892869e-06, 3.7988359053997556e-06, 2.4300259156007087e-06, 1.6495077943545766e-06, 6.046313501428813e-06, 1.0938342711597215e-05, 9.425927601114381e-06, 9.744054295879323e-06, 8.06592834123876e-06, 1.3844932254869491e-05, 4.364054984762333e-05, 0.00022907741367816925, 8.678427548147738e-05, 8.914954378269613e-06, 3.1128167847782606e-06, 3.3616988730500452e-06, 7.841857950552367e-06, 6.380192189681111e-06, 2.5786086553125642e-05, 0.00018028060731012374, 8.510117186233401e-05, 3.655938053270802e-05, 1.543287726235576e-05, 1.4794105481996667e-05, 1.0049375305243302e-05, 7.112752427929081e-06, 8.332924153364729e-06, 2.379293391641113e-06, 2.053624257314368e-06, 4.210579390928615e-06, 3.9278015719901305e-06, 4.945967248204397e-06, 4.021004315291066e-06, 1.191649175780185e-06, 2.101949803545722e-06, 2.109974047925789e-06, 1.2406368341544294e-06, 1.2523912573669804e-06, 1.4458636314884643e-06, 8.930558692554769e-07, 2.9020978331573133e-07, 2.3826437711704784e-07, 1.751692622065093e-07, 1.201099166792119e-07, 7.640034027645015e-08, 5.942638026112945e-08, 4.328570923917141e-08, 4.93636598264402e-08, 3.256560177078427e-08, 1.8705165416577074e-08, 2.1377564607405475e-08, 1.1590017834350874e-08, 7.2647248217094784e-09, 5.346051601406998e-09, 6.775702221517577e-09, 4.1793941640833054e-09, 4.16104661837835e-09, 2.4692483613364402e-09, 1.8832140291635824e-09, 1.7265727736415215e-09, 1.3899776885040183e-09, 1.1399198251993425e-09, 1.0161153030097125e-09, 7.869404017313286e-10, 7.061255469231753e-10, 2.9076269170147384e-10, 6.587178580375053e-10, 2.488352579543829e-10, 5.487179460805791e-11, 2.288420841711769e-11, 1.553174429347326e-11, 1.3340118072691087e-11, 1.2186266752645114e-11, 1.1681015529840799e-11, 1.0854269739957179e-11, 1.0494008439998481e-11, 9.928126029623563e-12, 9.583198817830763e-12, 8.795914517578662e-12, 8.04593718040092e-12, 7.819352804139257e-12, 7.49946719308392e-12, 7.261745024744748e-12, 7.15941628898209e-12, 7.057402839211191e-12, 6.802593644633648e-12, 6.5981981163532044e-12, 6.412829468838144e-12, 6.088226710970757e-12, 5.964291560633939e-12, 5.833067969612804e-12, 5.5619012000185375e-12, 5.117290705763944e-12, 4.873873873934009e-12, 4.819579631221149e-12], "lowlevel.melbands128.stdev": [6.932664291525725e-07, 1.6062574559327913e-06, 5.158801741345087e-06, 7.225869467220036e-06, 0.00023869096185080707, 0.0025292537175118923, 0.0030855354852974415, 0.0011488571763038635, 0.00225043878890574, 0.004266529344022274, 0.0020524838473647833, 0.0028895854484289885, 0.0024761096574366093, 0.0022817193530499935, 0.000803059374447912, 3.2094481866806746e-05, 1.785649874364026e-05, 1.0940395441139117e-05, 4.56547877547564e-06, 1.281628374272259e-05, 3.6867946619167924e-05, 3.38439604092855e-05, 7.419922894769115e-06, 1.0136157470697071e-05, 9.476515515416395e-06, 5.556536962103564e-06, 3.4189060897915624e-06, 1.1969272236456163e-05, 2.921041186709772e-06, 1.7048921563400654e-06, 6.601368568226462e-06, 5.598613824986387e-06, 3.543887714840821e-06, 3.6783051200472983e-06, 8.189432264771312e-06, 5.677906301571056e-06, 3.427762067076401e-06, 2.186940037063323e-05, 5.5572516430402175e-05, 3.8586644222959876e-05, 4.173281558905728e-05, 3.2919164368649945e-05, 5.849890294484794e-05, 0.0003360217669978738, 0.0005275512812659144, 0.0001901550276670605, 2.1727264538640156e-05, 1.1570729839149863e-05, 5.7199167713406496e-06, 1.4766494132345542e-05, 1.3525522263080347e-05, 6.779199611628428e-05, 0.0003739373933058232, 0.00015115912538021803, 7.685843593208119e-05, 2.841590321622789e-05, 3.2222800655290484e-05, 2.1201840354478918e-05, 1.1262340194662102e-05, 1.8434826415614225e-05, 5.620812771667261e-06, 3.8864104681124445e-06, 8.254492058767937e-06, 6.9001480369479395e-06, 1.0024937182606664e-05, 8.322108442371245e-06, 2.3615036752744345e-06, 3.2760901831352385e-06, 3.897045644407626e-06, 2.8323102014837787e-06, 3.339939667057479e-06, 3.1198287615552545e-06, 1.8097167640007683e-06, 6.166536650198395e-07, 6.35327126019547e-07, 4.941651354783971e-07, 3.5284065802443365e-07, 2.5086757204917376e-07, 1.8085869157857815e-07, 1.5894566729457438e-07, 2.106948073787862e-07, 1.453472151524693e-07, 9.322539540335129e-08, 1.2759592493694072e-07, 7.2756570546062e-08, 4.7333095665180736e-08, 2.9231813414298813e-08, 3.9356290670866656e-08, 2.7124194446059846e-08, 2.595612258460278e-08, 1.584102449214697e-08, 1.1883831696479774e-08, 1.0692650320720531e-08, 8.678792795535628e-09, 6.8953429632756524e-09, 6.7321783703278015e-09, 5.693601146106175e-09, 4.9402411050891715e-09, 2.1262176463920923e-09, 5.934475577618059e-09, 2.2095423268808645e-09, 5.124876634177156e-10, 1.2814978245234698e-10, 7.091818798876659e-11, 6.605693075867336e-11, 5.4836673396563285e-11, 5.270556560632578e-11, 4.4231725920829135e-11, 4.291745778206568e-11, 3.909256252043747e-11, 3.545675905658463e-11, 2.3123499642840883e-11, 1.6484940149052996e-11, 1.8644282298585502e-11, 1.5629416164064658e-11, 1.4435378239974206e-11, 1.673256151690783e-11, 1.9327423342319072e-11, 1.4397719995395963e-11, 1.3966769581152949e-11, 1.2958445948230146e-11, 7.1290855163663736e-12, 6.797016508658382e-12, 6.6798268305579e-12, 6.592116609527299e-12, 6.504117123357078e-12, 6.446011259486628e-12, 6.411288167029738e-12], "lowlevel.mfcc.mean": [-795.8988037109375, 219.62225341796875, -78.82569885253906, 90.76190185546875, 39.69490051269531, -7.078399181365967, -5.719053745269775, -35.97816848754883, -14.610551834106445, -21.41080665588379, -27.82062339782715, -20.510122299194336, -24.57723617553711], "lowlevel.spectral_contrast_coeffs.mean": [-0.5090112686157227, -0.7647289633750916, -0.8357270956039429, -0.7184551358222961, -0.7597968578338623, -0.7349627017974854], "lowlevel.spectral_contrast_coeffs.stdev": [0.0776512548327446, 0.0596267431974411, 0.03930765390396118, 0.05815181881189346, 0.032325681298971176, 0.07570336014032364], "lowlevel.spectral_contrast_valleys.mean": [-6.909040451049805, -8.287604331970215, -8.878522872924805, -8.182090759277344, -8.364662170410156, -14.026009559631348], "lowlevel.spectral_contrast_valleys.stdev": [0.8564576506614685, 0.6080498695373535, 0.592420756816864, 0.647645115852356, 0.6816681623458862, 0.931688129901886], "rhythm.beats_loudness_band_ratio.mean": [0.3661852180957794, 0.6047611236572266, 0.004383400082588196, 0.01041819155216217, 0.1135832816362381, 0.006052829325199127], "rhythm.beats_loudness_band_ratio.stdev": [0.20885944366455078, 0.19782954454421997, 0.004573503974825144, 0.03485848382115364, 0.11746921390295029, 0.005647218786180019], "tonal.hpcp.mean": [0.5870709419250488, 0.39256852865219116, 0.0023726581130176783, 0.0011219499865546823, 0.0009836414828896523, 0.000866693677380681, 0.0017634315881878138, 0.0017086425796151161, 0.0029075464699417353, 0.008872278034687042, 0.00994129292666912, 0.3882249891757965, 0.7833402156829834, 0.40482738614082336, 0.009595347568392754, 0.008195648901164532, 0.008079731836915016, 0.06484116613864899, 0.12170498818159103, 0.06227602809667587, 0.015926476567983627, 0.04328601807355881, 0.030655836686491966, 0.0039763120003044605, 0.005906350445002317, 0.004975229501724243, 0.10635243356227875, 0.14849163591861725, 0.044766828417778015, 0.0020805220119655132, 0.007790226489305496, 0.008438529446721077, 0.033511918038129807, 0.09161600470542908, 0.07413635402917862, 0.21043898165225983], "tonal.hpcp.stdev": [0.40834102034568787, 0.2884494960308075, 0.019741753116250038, 0.011606698855757713, 0.013368473388254642, 0.0030071476940065622, 0.004799130372703075, 0.009430013597011566, 0.032824672758579254, 0.07573150098323822, 0.06763594597578049, 0.1596851348876953, 0.290785014629364, 0.17268705368041992, 0.02461342141032219, 0.024055607616901398, 0.04166446626186371, 0.14387814700603485, 0.2688405215740204, 0.13542072474956512, 0.05571727082133293, 0.13848717510700226, 0.09811392426490784, 0.03279377892613411, 0.040574487298727036, 0.020787637680768967, 0.13830846548080444, 0.19196578860282898, 0.07230348885059357, 0.00434480607509613, 0.04339556768536568, 0.051200561225414276, 0.07858138531446457, 0.16197367012500763, 0.15104635059833527, 0.18223243951797485], "rhythm.beats_position": [0.5224489569664001, 1.0681178569793701, 1.6137868165969849, 2.14784574508667, 2.693514585494995, 3.2391836643218994, 3.7848525047302246, 4.330521583557129, 4.876190185546875, 5.41024923324585, 5.9326982498168945, 6.466757297515869, 6.989206314086914, 7.523265361785889, 8.057324409484863, 8.57977294921875, 9.113832473754883, 9.63628101348877, 10.170339584350586, 10.704399108886719, 11.226847648620605, 11.749297142028809, 12.271745681762695, 12.794195175170898, 13.316643714904785, 13.839092254638672, 14.361541748046875, 14.883990287780762, 15.418049812316895, 15.952108383178711, 16.486167907714844, 17.020225524902344, 17.542675018310547, 18.06512451171875, 18.587574005126953, 19.110021591186523, 19.632471084594727, 20.15492057800293, 20.677370071411133, 21.199817657470703, 21.733877182006836, 22.26793670654297, 22.79038429260254, 23.312833786010742, 23.835283279418945, 24.35773277282715, 24.86857032775879, 25.391019821166992, 25.925079345703125, 26.447526931762695, 26.9699764251709, 27.4924259185791, 28.026485443115234, 28.560543060302734, 29.082992553710938, 29.60544204711914, 30.127891540527344, 30.650339126586914, 31.172788619995117, 31.70684814453125, 32.22929763793945, 32.76335525512695, 33.29741287231445, 33.819862365722656, 34.33070373535156, 34.8531494140625, 35.387210845947266, 35.90966033935547, 36.43210983276367, 36.96616744995117, 37.50022506713867, 38.03428649902344, 38.556732177734375, 39.07918167114258, 39.613243103027344], "rhythm.bpm_histogram": [0.0, 0.0, 0.0, 0.0, 0.0, 0.0, 0.0, 0.0, 0.0, 0.0, 0.0, 0.0, 0.0, 0.0, 0.0, 0.0, 0.0, 0.0, 0.0, 0.0, 0.0, 0.0, 0.0, 0.0, 0.0, 0.0, 0.0, 0.0, 0.0, 0.0, 0.0, 0.0, 0.0, 0.0, 0.0, 0.0, 0.0, 0.0, 0.0, 0.0, 0.0, 0.0, 0.0, 0.0, 0.0, 0.0, 0.0, 0.0, 0.0, 0.0, 0.0, 0.0, 0.0, 0.0, 0.0, 0.0, 0.0, 0.0, 0.0, 0.0, 0.0, 0.0, 0.0, 0.0, 0.0, 0.0, 0.0, 0.0, 0.0, 0.0, 0.0, 0.0, 0.0, 0.0, 0.0, 0.0, 0.0, 0.0, 0.0, 0.0, 0.0, 0.0, 0.0, 0.0, 0.0, 0.0, 0.0, 0.0, 0.0, 0.0, 0.0, 0.0, 0.0, 0.0, 0.0, 0.0, 0.0, 0.0, 0.0, 0.0, 0.0, 0.0, 0.0, 0.0, 0.0, 0.0, 0.0, 0.0, 0.0, 0.0, 0.09459459781646729, 0.0, 0.3378378450870514, 0.0, 0.0, 0.5405405163764954, 0.0, 0.027027027681469917, 0.0, 0.0, 0.0, 0.0, 0.0, 0.0, 0.0, 0.0, 0.0, 0.0, 0.0, 0.0, 0.0, 0.0, 0.0, 0.0, 0.0, 0.0, 0.0, 0.0, 0.0, 0.0, 0.0, 0.0, 0.0, 0.0, 0.0, 0.0, 0.0, 0.0, 0.0, 0.0, 0.0, 0.0, 0.0, 0.0, 0.0, 0.0, 0.0, 0.0, 0.0, 0.0, 0.0, 0.0, 0.0, 0.0, 0.0, 0.0, 0.0, 0.0, 0.0, 0.0, 0.0, 0.0, 0.0, 0.0, 0.0, 0.0, 0.0, 0.0, 0.0, 0.0, 0.0, 0.0, 0.0, 0.0, 0.0, 0.0, 0.0, 0.0, 0.0, 0.0, 0.0, 0.0, 0.0, 0.0, 0.0, 0.0, 0.0, 0.0, 0.0, 0.0, 0.0, 0.0, 0.0, 0.0, 0.0, 0.0, 0.0, 0.0, 0.0, 0.0, 0.0, 0.0, 0.0, 0.0, 0.0, 0.0, 0.0, 0.0, 0.0, 0.0, 0.0, 0.0, 0.0, 0.0, 0.0, 0.0, 0.0, 0.0, 0.0, 0.0, 0.0, 0.0, 0.0, 0.0, 0.0, 0.0, 0.0, 0.0, 0.0, 0.0, 0.0, 0.0, 0.0, 0.0, 0.0, 0.0, 0.0, 0.0, 0.0, 0.0], "tonal.chords_histogram": [67.47685241699219, 5.439815044403076, 23.495370864868164, 0.0, 0.0, 0.0, 0.0, 0.0, 0.0, 3.5879628658294678, 0.0, 0.0, 0.0, 0.0, 0.0, 0.0, 0.0, 0.0, 0.0, 0.0, 0.0, 0.0, 0.0, 0.0], "tonal.thpcp": [1.0, 0.516796350479126, 0.01224927231669426, 0.010462438687682152, 0.010314460843801498, 0.08277522772550583, 0.1553667038679123, 0.07950061559677124, 0.020331494510173798, 0.05525825917720795, 0.03913476690649986, 0.005076098255813122, 0.00753995543345809, 0.006351300980895758, 0.1357678771018982, 0.189562126994133, 0.05714863911271095, 0.002655962249264121, 0.009944882243871689, 0.010772496461868286, 0.0427807979285717, 0.11695557087659836, 0.0946413204073906, 0.2686431407928467, 0.7494456768035889, 0.5011469125747681, 0.0030288987327367067, 0.0014322639908641577, 0.0012557015288621187, 0.0011064077261835337, 0.0022511694114655256, 0.002181226620450616, 0.0037117288447916508, 0.01132621243596077, 0.012690900824964046, 0.495602011680603], "lowlevel.gfcc.cov": [[2771.021728515625, 136.97213745117188, -691.0162963867188, 293.5691223144531, -27.961376190185547, -50.479915618896484, -30.50699806213379, -295.0833435058594, 64.71803283691406, -10.98658561706543, -7.064355850219727, -23.151803970336914, 39.345664978027344], [136.97213745117188, 680.1786499023438, 219.7444610595703, -214.7227325439453, 301.8921813964844, -159.7463836669922, 119.260498046875, 154.5801239013672, -33.38084411621094, 73.2143783569336, -46.69539260864258, -102.15642547607422, -50.63297653198242], [-691.0162963867188, 219.7444610595703, 619.253173828125, -40.46586608886719, -9.053035736083984, 3.056826591491699, 28.996429443359375, 213.5323944091797, 15.160907745361328, -31.53960418701172, 8.14525032043457, -57.8728141784668, -36.51060104370117], [293.5691223144531, -214.7227325439453, -40.46586608886719, 273.29217529296875, -135.49171447753906, 61.85946273803711, -1.7617565393447876, -59.81637954711914, 61.98616027832031, -53.2282600402832, -12.019883155822754, 4.394781112670898, 4.76482629776001], [-27.961376190185547, 301.8921813964844, -9.053035736083984, -135.49171447753906, 332.90887451171875, -63.3065185546875, 37.88484573364258, 35.17231369018555, -81.0722427368164, 49.61008071899414, -50.73619079589844, -50.05242156982422, -17.106487274169922], [-50.479915618896484, -159.7463836669922, 3.056826591491699, 61.85946273803711, -63.3065185546875, 210.39796447753906, 22.796846389770508, -7.30627965927124, 15.947184562683105, -39.1171875, 26.163103103637695, 0.04370909929275513, -15.580803871154785], [-30.50699806213379, 119.260498046875, 28.996429443359375, -1.7617565393447876, 37.88484573364258, 22.796846389770508, 140.37025451660156, 64.76387023925781, 11.920388221740723, 25.052427291870117, -38.73933792114258, -37.837646484375, -48.21198654174805], [-295.0833435058594, 154.5801239013672, 213.5323944091797, -59.81637954711914, 35.17231369018555, -7.30627965927124, 64.76387023925781, 167.91757202148438, 43.610477447509766, 24.68531608581543, -24.918027877807617, -60.20746994018555, -46.515892028808594], [64.71803283691406, -33.38084411621094, 15.160907745361328, 61.98616027832031, -81.0722427368164, 15.947184562683105, 11.920388221740723, 43.610477447509766, 101.3135757446289, 16.995311737060547, -14.194449424743652, -26.402786254882812, -21.01667594909668], [-10.98658561706543, 73.2143783569336, -31.53960418701172, -53.2282600402832, 49.61008071899414, -39.1171875, 25.052427291870117, 24.68531608581543, 16.995311737060547, 75.07344818115234, -6.947710037231445, -21.345508575439453, -18.832326889038086], [-7.064355850219727, -46.69539260864258, 8.14525032043457, -12.019883155822754, -50.73619079589844, 26.163103103637695, -38.73933792114258, -24.918027877807617, -14.194449424743652, -6.947710037231445, 61.39566421508789, 30.536231994628906, 10.160125732421875], [-23.151803970336914, -102.15642547607422, -57.8728141784668, 4.394781112670898, -50.05242156982422, 0.04370909929275513, -37.837646484375, -60.20746994018555, -26.402786254882812, -21.345508575439453, 30.536231994628906, 74.41221618652344, 37.97536087036133], [39.345664978027344, -50.63297653198242, -36.51060104370117, 4.76482629776001, -17.106487274169922, -15.580803871154785, -48.21198654174805, -46.515892028808594, -21.01667594909668, -18.832326889038086, 10.160125732421875, 37.97536087036133, 52.45169448852539]], "lowlevel.gfcc.icov": [[0.0017917515942826867, -0.004777125082910061, 0.003406041068956256, -0.0038171387277543545, 0.0032010709401220083, -0.0020759061444550753, 0.003988795913755894, -0.00039222094346769154, 0.0022597808856517076, -0.0008805030374787748, 0.0013647767482325435, 0.0004805835196748376, 0.0004850079130847007], [-0.004777125082910061, 0.02305065281689167, -0.012590990401804447, 0.01600974053144455, -0.01829715073108673, 0.014242688193917274, -0.024382371455430984, 0.007279283832758665, -0.018180936574935913, 0.011030741967260838, -0.017832493409514427, 0.008915230631828308, -0.008401265367865562], [0.003406041068956256, -0.012590990401804447, 0.011956178583204746, -0.01053917407989502, 0.010051360353827477, -0.0064061288721859455, 0.01345905289053917, -0.010600589215755463, 0.011714150197803974, -0.0025399504229426384, 0.004992104601114988, -0.0012326152063906193, 0.002623039996251464], [-0.0038171387277543545, 0.01600974053144455, -0.01053917407989502, 0.01975051686167717, -0.011495676822960377, 0.00898813921958208, -0.018718967214226723, 0.011846436187624931, -0.018857216462492943, 0.012154883705079556, -0.008825493976473808, 0.006680766120553017, -0.004910757765173912], [0.0032010709401220083, -0.01829715073108673, 0.010051360353827477, -0.011495676822960377, 0.02292330004274845, -0.012569151818752289, 0.022235870361328125, -0.00874795950949192, 0.025034911930561066, -0.014730961993336678, 0.022841569036245346, -0.004909810610115528, 0.008272290229797363], [-0.0020759061444550753, 0.014242688193917274, -0.0064061288721859455, 0.00898813921958208, -0.012569151818752289, 0.01690775156021118, -0.019409576430916786, 0.006405947729945183, -0.015467499382793903, 0.014014067128300667, -0.019995763897895813, 0.009856355376541615, -0.005634929984807968], [0.003988795913755894, -0.024382371455430984, 0.01345905289053917, -0.018718967214226723, 0.022235870361328125, -0.019409576430916786, 0.04380524903535843, -0.016505306586623192, 0.02990647777915001, -0.02019176073372364, 0.033475443720817566, -0.017038045451045036, 0.022238077595829964], [-0.00039222094346769154, 0.007279283832758665, -0.010600589215755463, 0.011846436187624931, -0.00874795950949192, 0.006405947729945183, -0.016505306586623192, 0.0316474623978138, -0.022711461409926414, 0.008031665347516537, -0.007552452851086855, 0.010318965651094913, -0.001413756632246077], [0.0022597808856517076, -0.018180936574935913, 0.011714150197803974, -0.018857216462492943, 0.025034911930561066, -0.015467499382793903, 0.02990647777915001, -0.022711461409926414, 0.049707163125276566, -0.025235110893845558, 0.028764206916093826, -0.008312457241117954, 0.012842459604144096], [-0.0008805030374787748, 0.011030741967260838, -0.0025399504229426384, 0.012154883705079556, -0.014730961993336678, 0.014014067128300667, -0.02019176073372364, 0.008031665347516537, -0.025235110893845558, 0.03692982718348503, -0.023577461019158363, 0.01225505955517292, -0.004799485206604004], [0.0013647767482325435, -0.017832493409514427, 0.004992104601114988, -0.008825493976473808, 0.022841569036245346, -0.019995763897895813, 0.033475443720817566, -0.007552452851086855, 0.028764206916093826, -0.023577461019158363, 0.05880483239889145, -0.02495359256863594, 0.021356232464313507], [0.0004805835196748376, 0.008915230631828308, -0.0012326152063906193, 0.006680766120553017, -0.004909810610115528, 0.009856355376541615, -0.017038045451045036, 0.010318965651094913, -0.008312457241117954, 0.01225505955517292, -0.02495359256863594, 0.04413820058107376, -0.024455713108181953], [0.0004850079130847007, -0.008401265367865562, 0.002623039996251464, -0.004910757765173912, 0.008272290229797363, -0.005634929984807968, 0.022238077595829964, -0.001413756632246077, 0.012842459604144096, -0.004799485206604004, 0.021356232464313507, -0.024455713108181953, 0.05006605386734009]], "lowlevel.mfcc.cov": [[2346.662841796875, -146.36611938476562, -648.6504516601562, 315.9246520996094, -230.88742065429688, 292.9064636230469, -117.15668487548828, -143.3536834716797, -11.674392700195312, -115.19142150878906, 20.258642196655273, -59.401180267333984, -52.40620040893555], [-146.36611938476562, 952.9047241210938, -137.74658203125, 1.1684658527374268, 178.52511596679688, -223.9315185546875, 164.34695434570312, -82.68431091308594, 77.0115966796875, 81.03408813476562, 56.963932037353516, 24.853452682495117, -39.88323974609375], [-648.6504516601562, -137.74658203125, 669.9872436523438, -63.71453857421875, 23.679698944091797, -74.13453674316406, -48.67576217651367, 173.49710083007812, -1.1241437196731567, 87.69222259521484, -20.13045310974121, 73.08052825927734, 56.73729705810547], [315.9246520996094, 1.1684658527374268, -63.71453857421875, 215.44276428222656, -34.385040283203125, 3.9826316833496094, -37.54431915283203, -36.138187408447266, 50.69465255737305, -7.570127010345459, 14.807832717895508, -18.863506317138672, -7.951341152191162], [-230.88742065429688, 178.52511596679688, 23.679698944091797, -34.385040283203125, 186.30880737304688, -42.39299392700195, 53.69287109375, -2.1521477699279785, -17.91322135925293, 18.510828018188477, -33.098812103271484, 2.8261826038360596, -12.293171882629395], [292.9064636230469, -223.9315185546875, -74.13453674316406, 3.9826316833496094, -42.39299392700195, 178.39657592773438, 8.360146522521973, 13.514533042907715, -27.221817016601562, -46.833858489990234, -15.653736114501953, -12.597294807434082, 7.623234272003174], [-117.15668487548828, 164.34695434570312, -48.67576217651367, -37.54431915283203, 53.69287109375, 8.360146522521973, 127.66281127929688, 11.97757339477539, 4.761220932006836, 3.1786887645721436, 4.227393627166748, 6.848901748657227, -8.7681303024292], [-143.3536834716797, -82.68431091308594, 173.49710083007812, -36.138187408447266, -2.1521477699279785, 13.514533042907715, 11.97757339477539, 112.41641998291016, 14.057909965515137, 27.322830200195312, 3.683225393295288, 19.95261573791504, 20.967363357543945], [-11.674392700195312, 77.0115966796875, -1.1241437196731567, 50.69465255737305, -17.91322135925293, -27.221817016601562, 4.761220932006836, 14.057909965515137, 112.21294403076172, 56.47819900512695, 48.749778747558594, 7.982912063598633, -10.827132225036621], [-115.19142150878906, 81.03408813476562, 87.69222259521484, -7.570127010345459, 18.510828018188477, -46.833858489990234, 3.1786887645721436, 27.322830200195312, 56.47819900512695, 116.61245727539062, 56.25570297241211, 20.80104637145996, -9.719913482666016], [20.258642196655273, 56.963932037353516, -20.13045310974121, 14.807832717895508, -33.098812103271484, -15.653736114501953, 4.227393627166748, 3.683225393295288, 48.749778747558594, 56.25570297241211, 103.44501495361328, 31.228349685668945, -20.745752334594727], [-59.401180267333984, 24.853452682495117, 73.08052825927734, -18.863506317138672, 2.8261826038360596, -12.597294807434082, 6.848901748657227, 19.95261573791504, 7.982912063598633, 20.80104637145996, 31.228349685668945, 62.72555160522461, 7.666814804077148], [-52.40620040893555, -39.88323974609375, 56.73729705810547, -7.951341152191162, -12.293171882629395, 7.623234272003174, -8.7681303024292, 20.967363357543945, -10.827132225036621, -9.719913482666016, -20.745752334594727, 7.666814804077148, 59.67497634887695]], "lowlevel.mfcc.icov": [[0.0016205834690481424, -0.0013125360710546374, 0.001768650603480637, -0.0020505546126514673, 0.0018456295365467668, -0.0032111601904034615, 0.0029898195061832666, -0.0020710055250674486, 0.0018625310622155666, -0.001486390014179051, 0.001917744055390358, -0.001907361438497901, 0.0015561089385300875], [-0.0013125360710546374, 0.004257677122950554, -0.0010254747467115521, 0.0013571887975558639, -0.003004968399181962, 0.006125076673924923, -0.006207682192325592, 0.0037360615096986294, -0.0025543319061398506, 0.000869759067427367, -0.0023783864453434944, 0.0009997100569307804, -0.0020545911975204945], [0.001768650603480637, -0.0010254747467115521, 0.00624749856069684, -0.0027616636361926794, 0.0020158274564892054, -0.0013581987004727125, 0.004711066838353872, -0.007959657348692417, 0.0035834885202348232, -0.004640671890228987, 0.005245332606136799, -0.006041067652404308, 0.0011315466836094856], [-0.0020505546126514673, 0.0013571887975558639, -0.0027616636361926794, 0.009126570075750351, -0.0024242792278528214, 0.003017342882230878, -0.001765701686963439, 0.004949046298861504, -0.0065596988424658775, 0.004095110110938549, -0.003494543256238103, 0.0043050264939665794, -0.0022262365091592073], [0.0018456295365467668, -0.003004968399181962, 0.0020158274564892054, -0.0024242792278528214, 0.011277155950665474, -0.0035552482586354017, 0.0016219818498939276, -0.00299061625264585, 0.004521133378148079, -0.0052856383845210075, 0.008032678626477718, -0.003983649890869856, 0.004702944774180651], [-0.0032111601904034615, 0.006125076673924923, -0.0013581987004727125, 0.003017342882230878, -0.0035552482586354017, 0.018014034256339073, -0.010639728046953678, 0.0021854015067219734, -0.0026997565291821957, 0.0037180986255407333, -0.0038919534999877214, 0.0028030413668602705, -0.003995148465037346], [0.0029898195061832666, -0.006207682192325592, 0.004711066838353872, -0.001765701686963439, 0.0016219818498939276, -0.010639728046953678, 0.02109074592590332, -0.00967397727072239, 0.0031951286364346743, -0.001508725923486054, 0.003930781036615372, -0.0045455871149897575, 0.004238107241690159], [-0.0020710055250674486, 0.0037360615096986294, -0.007959657348692417, 0.004949046298861504, -0.00299061625264585, 0.0021854015067219734, -0.00967397727072239, 0.02425483614206314, -0.007465119007974863, 0.002506884513422847, -0.005322604905813932, 0.004654891788959503, -0.005327890627086163], [0.0018625310622155666, -0.0025543319061398506, 0.0035834885202348232, -0.0065596988424658775, 0.004521133378148079, -0.0026997565291821957, 0.0031951286364346743, -0.007465119007974863, 0.019171560183167458, -0.008660438470542431, 0.0007750738877803087, -0.0023706981446594, 0.0026578293181955814], [-0.001486390014179051, 0.000869759067427367, -0.004640671890228987, 0.004095110110938549, -0.0052856383845210075, 0.0037180986255407333, -0.001508725923486054, 0.002506884513422847, -0.008660438470542431, 0.02097611129283905, -0.01216803677380085, 0.005630596540868282, -0.001540756900794804], [0.001917744055390358, -0.0023783864453434944, 0.005245332606136799, -0.003494543256238103, 0.008032678626477718, -0.0038919534999877214, 0.003930781036615372, -0.005322604905813932, 0.0007750738877803087, -0.01216803677380085, 0.026482103392481804, -0.014567381702363491, 0.008478105068206787], [-0.001907361438497901, 0.0009997100569307804, -0.006041067652404308, 0.0043050264939665794, -0.003983649890869856, 0.0028030413668602705, -0.0045455871149897575, 0.004654891788959503, -0.0023706981446594, 0.005630596540868282, -0.014567381702363491, 0.028298504650592804, -0.006384719628840685], [0.0015561089385300875, -0.0020545911975204945, 0.0011315466836094856, -0.0022262365091592073, 0.004702944774180651, -0.003995148465037346, 0.004238107241690159, -0.005327890627086163, 0.0026578293181955814, -0.001540756900794804, 0.008478105068206787, -0.006384719628840685, 0.023351186886429787]], "metadata.audio_properties.analysis.downmix": "mix", "metadata.audio_properties.codec": "mp3", "metadata.audio_properties.md5_encoded": "c50e07ed05a89c3ed40532e69f108be2", "metadata.tags.file_name": "1183654933959024780.mp3", "metadata.version.essentia": "2.1-beta6-dev", "metadata.version.essentia_git_sha": "v2.1_beta5-1110-g77a6a954", "met