{"song_id": "1183712320971620403", "download": "https://cdn.discordapp.com/attachments/1135911532732108921/1183712320971620403/chirp.mp4?ex=65895501&amp", "lyrics": "Stable Diffusion is the future of creation\nWith text and image you can make videos\nNo limits, no rules, just your vision\nYou are the master of your own illusion\n\nStable Diffusion is not just a game\nIt is a power that you have to use\nBut be careful what you show\nBecause not everything is as it seems\n\nStable Diffusion, Stable Diffusion\nChange the world with your solution\nStable Diffusion, Stable Diffusion\nBe ready for the revolution", "style": ["Atmospheric metal female voice</span><span>: Rap metal </span><span>: Neo</span><span>-Klassik"], "essentia_features": {"lowlevel.average_loudness": 0.9753442406654358, "lowlevel.barkbands_crest.mean": 9.621703147888184, "lowlevel.barkbands_crest.stdev": 3.885993003845215, "lowlevel.barkbands_flatness_db.mean": 0.10018762201070786, "lowlevel.barkbands_flatness_db.stdev": 0.028076276183128357, "lowlevel.barkbands_kurtosis.mean": 3.1746666431427, "lowlevel.barkbands_kurtosis.stdev": 5.069836139678955, "lowlevel.barkbands_skewness.mean": 1.6877753734588623, "lowlevel.barkbands_skewness.stdev": 1.0958207845687866, "lowlevel.barkbands_spread.mean": 37.3538818359375, "lowlevel.barkbands_spread.stdev": 15.820980072021484, "lowlevel.dissonance.mean": 0.47737836837768555, "lowlevel.dissonance.stdev": 0.016140125691890717, "lowlevel.dynamic_complexity": 1.8347351551055908, "lowlevel.erbbands_crest.mean": 8.381390571594238, "lowlevel.erbbands_crest.stdev": 4.7860493659973145, "lowlevel.erbbands_flatness_db.mean": 0.10504981875419617, "lowlevel.erbbands_flatness_db.stdev": 0.03666837513446808, "lowlevel.erbbands_kurtosis.mean": -0.20718494057655334, "lowlevel.erbbands_kurtosis.stdev": 1.6758780479431152, "lowlevel.erbbands_skewness.mean": -0.2076788693666458, "lowlevel.erbbands_skewness.stdev": 0.810060977935791, "lowlevel.erbbands_spread.mean": 66.5666275024414, "lowlevel.erbbands_spread.stdev": 28.460735321044922, "lowlevel.hfc.mean": 29.520706176757812, "lowlevel.hfc.stdev": 14.911758422851562, "lowlevel.loudness_ebu128.integrated": -11.4376802444458, "lowlevel.loudness_ebu128.loudness_range": 1.7446699142456055, "lowlevel.loudness_ebu128.momentary.mean": -11.559131622314453, "lowlevel.loudness_ebu128.momentary.stdev": 1.0180253982543945, "lowlevel.loudness_ebu128.short_term.mean": -11.45333194732666, "lowlevel.loudness_ebu128.short_term.stdev": 0.5187142491340637, "lowlevel.melbands_crest.mean": 15.017685890197754, "lowlevel.melbands_crest.stdev": 4.398447513580322, "lowlevel.melbands_flatness_db.mean": 0.179789200425148, "lowlevel.melbands_flatness_db.stdev": 0.04032840579748154, "lowlevel.melbands_kurtosis.mean": 24.84470558166504, "lowlevel.melbands_kurtosis.stdev": 25.34225082397461, "lowlevel.melbands_skewness.mean": 3.972743511199951, "lowlevel.melbands_skewness.stdev": 2.137676239013672, "lowlevel.melbands_spread.mean": 27.216398239135742, "lowlevel.melbands_spread.stdev": 17.60331916809082, "lowlevel.pitch_salience.mean": 0.5584043860435486, "lowlevel.pitch_salience.stdev": 0.10835893452167511, "lowlevel.silence_rate_20dB.mean": 1.0, "lowlevel.silence_rate_20dB.stdev": 0.0, "lowlevel.silence_rate_30dB.mean": 1.0, "lowlevel.silence_rate_30dB.stdev": 0.0, "lowlevel.silence_rate_60dB.mean": 0.0022727272007614374, "lowlevel.silence_rate_60dB.stdev": 0.04761892929673195, "lowlevel.spectral_centroid.mean": 1805.9791259765625, "lowlevel.spectral_centroid.stdev": 643.2631225585938, "lowlevel.spectral_complexity.mean": 18.468181610107422, "lowlevel.spectral_complexity.stdev": 9.549253463745117, "lowlevel.spectral_decrease.mean": -6.936034857574214e-09, "lowlevel.spectral_decrease.stdev": 2.8875490887259048e-09, "lowlevel.spectral_energy.mean": 0.02885577827692032, "lowlevel.spectral_energy.stdev": 0.01147821918129921, "lowlevel.spectral_energyband_high.mean": 0.0021276664920151234, "lowlevel.spectral_energyband_high.stdev": 0.0013371964450925589, "lowlevel.spectral_energyband_low.mean": 0.01197721529752016, "lowlevel.spectral_energyband_low.stdev": 0.008915320038795471, "lowlevel.spectral_energyband_middle_high.mean": 0.004739237017929554, "lowlevel.spectral_energyband_middle_high.stdev": 0.005680476780980825, "lowlevel.spectral_energyband_middle_low.mean": 0.01136260200291872, "lowlevel.spectral_energyband_middle_low.stdev": 0.008386313915252686, "lowlevel.spectral_entropy.mean": 7.950546741485596, "lowlevel.spectral_entropy.stdev": 0.27766087651252747, "lowlevel.spectral_flux.mean": 0.09777712821960449, "lowlevel.spectral_flux.stdev": 0.0387059822678566, "lowlevel.spectral_kurtosis.mean": 2.445284366607666, "lowlevel.spectral_kurtosis.stdev": 1.406141757965088, "lowlevel.spectral_rms.mean": 0.005196340382099152, "lowlevel.spectral_rms.stdev": 0.0010724279563874006, "lowlevel.spectral_rolloff.mean": 1923.5509033203125, "lowlevel.spectral_rolloff.stdev": 1762.3023681640625, "lowlevel.spectral_skewness.mean": 1.142849326133728, "lowlevel.spectral_skewness.stdev": 0.2719912528991699, "lowlevel.spectral_spread.mean": 6279000.5, "lowlevel.spectral_spread.stdev": 1500214.125, "lowlevel.spectral_strongpeak.mean": 0.9218297004699707, "lowlevel.spectral_strongpeak.stdev": 1.3911967277526855, "lowlevel.zerocrossingrate.mean": 0.09150353819131851, "lowlevel.zerocrossingrate.stdev": 0.027638183906674385, "metadata.audio_properties.analysis.equal_loudness": 0.0, "metadata.audio_properties.analysis.length": 30.613309860229492, "metadata.audio_properties.analysis.sample_rate": 44100.0, "metadata.audio_properties.analysis.start_time": 0.0, "metadata.audio_properties.bit_rate": 119029.0, "metadata.audio_properties.length": 30.613332748413086, "metadata.audio_properties.lossless": 0.0, "metadata.audio_properties.number_channels": 1.0, "metadata.audio_properties.replay_gain": -15.331415176391602, "metadata.audio_properties.sample_rate": 48000.0, "rhythm.beats_count": 62.0, "rhythm.beats_loudness.mean": 0.03193424269556999, "rhythm.beats_loudness.stdev": 0.01082557998597622, "rhythm.bpm": 122.57695007324219, "rhythm.bpm_histogram_first_peak_bpm": 123.0, "rhythm.bpm_histogram_first_peak_weight": 0.2666666507720947, "rhythm.bpm_histogram_second_peak_bpm": 117.0, "rhythm.bpm_histogram_second_peak_spread": 0.0, "rhythm.bpm_histogram_second_peak_weight": 0.016393441706895828, "rhythm.danceability": 1.2765518426895142, "rhythm.onset_rate": 3.8854451179504395, "tonal.chords_changes_rate": 0.03328290581703186, "tonal.chords_number_rate": 0.0045385779812932014, "tonal.chords_strength.mean": 0.5942200422286987, "tonal.chords_strength.stdev": 0.03996492922306061, "tonal.hpcp_crest.mean": 12.511068344116211, "tonal.hpcp_crest.stdev": 6.423193454742432, "tonal.hpcp_entropy.mean": 2.262767791748047, "tonal.hpcp_entropy.stdev": 0.805831789970398, "tonal.key_edma.strength": 0.8065871596336365, "tonal.key_krumhansl.strength": 0.8087798357009888, "tonal.key_temperley.strength": 0.8059744238853455, "tonal.tuning_diatonic_strength": 0.7116254568099976, "tonal.tuning_equal_tempered_deviation": 0.22896090149879456, "tonal.tuning_frequency": 434.193115234375, "tonal.tuning_nontempered_energy_ratio": 0.9532392024993896, "lowlevel.barkbands.mean": [0.0007097587222233415, 0.006531279068440199, 0.003449214156717062, 0.0024946623016148806, 0.002864096313714981, 0.0028984220698475838, 0.0011364425299689174, 0.0012443256564438343, 0.000632734561804682, 0.00030008683097548783, 0.0005126100149936974, 0.0004151536268182099, 0.00025514059234410524, 0.00030876375967636704, 0.0005470456671901047, 0.0005040523828938603, 0.0005762213841080666, 0.0006751008331775665, 0.0003961964976042509, 0.0006511863903142512, 0.00044500239891931415, 0.000342806801199913, 0.0003274332848377526, 0.00022747616458218545, 0.00019307475304231048, 0.0002032786578638479, 1.4235971320886165e-05], "lowlevel.barkbands.stdev": [0.0007204780704341829, 0.007771563716232777, 0.0024015577509999275, 0.0017029142472893, 0.003001177916303277, 0.006222786381840706, 0.0037068193778395653, 0.003953228704631329, 0.002095836913213134, 0.0013375949347391725, 0.0020128637552261353, 0.0012351743644103408, 0.0007686634780839086, 0.00090161053230986, 0.0013200825778767467, 0.0012173173017799854, 0.0013707294128835201, 0.0012761643156409264, 0.00044459820492193103, 0.0006978383753448725, 0.00041776287253014743, 0.0003357911482453346, 0.00033529888605698943, 0.0001931903971126303, 0.00015251344302669168, 0.00013882327766623348, 1.2438372323231306e-05], "lowlevel.erbbands.mean": [0.19771820306777954, 1.3857150077819824, 3.65461802482605, 7.482015609741211, 9.350763320922852, 6.6534342765808105, 13.56634521484375, 29.739381790161133, 21.89008903503418, 15.277503967285156, 28.63690757751465, 14.903765678405762, 12.743073463439941, 13.888056755065918, 21.503562927246094, 15.219600677490234, 10.89150333404541, 15.964798927307129, 29.24987030029297, 21.333715438842773, 32.47608184814453, 33.62191390991211, 38.93072509765625, 24.111568450927734, 22.099651336669922, 30.70880699157715, 24.139724731445312, 13.933454513549805, 12.940247535705566, 11.426613807678223, 8.310532569885254, 5.356726169586182, 3.533977746963501, 2.1510937213897705, 1.3407231569290161, 0.7724034190177917, 0.3735428750514984, 0.08682489395141602, 0.0017290946561843157, 8.570241334382445e-05], "lowlevel.erbbands.stdev": [0.304259717464447, 1.563007116317749, 2.5841619968414307, 4.943122863769531, 8.26815414428711, 10.95228099822998, 19.144502639770508, 69.54647827148438, 60.76533889770508, 45.621761322021484, 96.36509704589844, 46.21822738647461, 47.291725158691406, 53.112945556640625, 74.65668487548828, 44.349647521972656, 28.135684967041016, 44.16574478149414, 81.51646423339844, 44.893943786621094, 79.9613037109375, 76.29313659667969, 80.22998046875, 29.506513595581055, 24.22836685180664, 33.15300369262695, 24.744678497314453, 12.223511695861816, 12.462364196777344, 12.686193466186523, 8.433479309082031, 4.680449485778809, 3.071708917617798, 1.990383267402649, 0.9988148212432861, 0.5955325961112976, 0.25425463914871216, 0.06168040260672569, 0.001201238832436502, 3.464118344709277e-05], "lowlevel.gfcc.mean": [46.72930908203125, 40.41609191894531, -80.33356475830078, 52.7766227722168, -47.7682991027832, 15.62382698059082, -37.44378662109375, 9.400012016296387, -32.32365798950195, 8.704625129699707, -23.07323455810547, 7.542965888977051, -17.844934463500977], "lowlevel.melbands.mean": [0.0017626126063987613, 0.0019581846427172422, 0.0013241113629192114, 0.0005467361188493669, 0.0004559569642879069, 0.0006306822178885341, 0.0003150948032271117, 0.00018536561401560903, 0.00020495985518209636, 9.315009083366022e-05, 6.191761349327862e-05, 5.193834294914268e-05, 7.165064744185656e-05, 5.629069346468896e-05, 2.1780613678856753e-05, 2.9795777663821355e-05, 2.7178475647815503e-05, 4.647592140827328e-05, 3.3691630960674956e-05, 2.487599522282835e-05, 4.288388663553633e-05, 3.624454257078469e-05, 2.8259208193048835e-05, 3.651531005743891e-05, 1.7265818314626813e-05, 1.488320322096115e-05, 1.8294093024451286e-05, 2.0906161807943135e-05, 1.726424670778215e-05, 1.0016712622018531e-05, 7.2045722845359705e-06, 7.546128017565934e-06, 6.212686457729433e-06, 6.5970275500149e-06, 4.8080141823447775e-06, 4.031520347780315e-06, 3.0860526294418378e-06, 2.6864142910199007e-06, 2.1294767975632567e-06, 1.6614325204500346e-06], "lowlevel.melbands.stdev": [0.002382880076766014, 0.001377980108372867, 0.00077157246414572, 0.0006971886614337564, 0.0005991501966491342, 0.0014180693542584777, 0.0008674609125591815, 0.0005288367392495275, 0.0006935663986951113, 0.0003230397996958345, 0.00024268658307846636, 0.0002075800293823704, 0.000274897349299863, 0.00016631148173473775, 7.339767762459815e-05, 9.528543887427077e-05, 8.184398029698059e-05, 0.00013954912719782442, 7.753714453428984e-05, 6.46151602268219e-05, 0.00012537727889139205, 8.908542076824233e-05, 5.253082781564444e-05, 8.087524474831298e-05, 2.3235612388816662e-05, 1.9162764147040434e-05, 2.4094460968626663e-05, 2.4032380679273047e-05, 2.0290573957026936e-05, 9.564733773004264e-06, 6.698443030472845e-06, 7.509978331654565e-06, 6.6093102759623434e-06, 7.82105234975461e-06, 5.239297934167553e-06, 3.84292206945247e-06, 2.807031705742702e-06, 2.4141045287251472e-06, 2.08517417377152e-06, 1.6287216340060695e-06], "lowlevel.melbands128.mean": [0.00045132540981285274, 0.001651876256801188, 0.0020662888418883085, 0.002440540585666895, 0.001867754035629332, 0.0017881046514958143, 0.0016332120867446065, 0.001075024134479463, 0.00107940926682204, 0.000426353799412027, 0.0002691483241505921, 0.0005158133571967483, 0.00046178846969269216, 0.00040294320206157863, 0.0007441228372044861, 0.0007516046753153205, 0.0004207165038678795, 0.0002454659843351692, 0.00015947125211823732, 0.0001446762034902349, 0.0001756913698045537, 0.00035267925704829395, 0.00021728704450652003, 5.97797661612276e-05, 7.25151039659977e-05, 0.00012473762035369873, 9.545229113427922e-05, 4.8245139623759314e-05, 4.1222330764867365e-05, 3.735535210580565e-05, 6.204409874044359e-05, 6.792848580516875e-05, 7.675478991586715e-05, 6.991370173636824e-05, 6.618216139031574e-05, 5.749770571128465e-05, 3.043844480998814e-05, 2.006520844588522e-05, 1.5344092389568686e-05, 2.0110359400860034e-05, 3.493412441457622e-05, 4.180481118964963e-05, 2.5771134460228495e-05, 1.8970131350215524e-05, 2.895626676036045e-05, 6.591595592908561e-05, 4.933510717819445e-05, 3.1273189961211756e-05, 2.8690365070360713e-05, 2.6412262741359882e-05, 2.3344728106167167e-05, 2.3556160158477724e-05, 3.217379344278015e-05, 6.956760626053438e-05, 3.231866139685735e-05, 3.3664811780909076e-05, 3.830258719972335e-05, 2.0258357835700735e-05, 2.2273550712270662e-05, 4.446390812518075e-05, 4.76968489238061e-05, 2.256153129565064e-05, 1.8272306988365017e-05, 1.7057745935744606e-05, 1.2556771253002807e-05, 1.6463942301925272e-05, 1.361636896035634e-05, 1.60665949806571e-05, 1.989946213143412e-05, 2.0900222807540558e-05, 2.192642023146618e-05, 2.0048832084285095e-05, 1.9938077457481995e-05, 1.882911783468444e-05, 1.1241852007515263e-05, 1.0049520824395586e-05, 1.0159637895412743e-05, 7.151304998842534e-06, 6.96057350069168e-06, 6.493925866379868e-06, 8.018883818294853e-06, 7.97599113866454e-06, 6.6952679844689555e-06, 5.97897178522544e-06, 5.662310741172405e-06, 6.759551979484968e-06, 7.199764240795048e-06, 5.768985374743352e-06, 4.156595878157532e-06, 4.535262632998638e-06, 4.865998107561609e-06, 3.801848833973054e-06, 2.8730601115967147e-06, 2.865439228116884e-06, 3.3004921533574816e-06, 3.514835043461062e-06, 2.4014841528696707e-06, 1.6068956938397605e-06, 2.4277019292640034e-06, 2.3592281195305986e-06, 1.6031589211706887e-06, 1.7421649545212858e-06, 1.2892577387901838e-06, 1.641284029574308e-06, 1.298884853895288e-06, 1.6484057141497033e-06, 1.6258433106486336e-06, 1.4896439779477078e-06, 1.2817612287108204e-06, 1.2396320698826457e-06, 1.0980201068377937e-06, 1.1267192121522385e-06, 1.2522114047897048e-06, 1.255492293239513e-06, 1.195144932353287e-06, 1.2414212733347085e-06, 5.85652855988883e-07, 1.3313360192057644e-08, 9.76632663629573e-12, 8.882411299537818e-12, 6.85635662828199e-12, 5.925730826167319e-12, 4.963303205929304e-12, 4.79747708573286e-12, 4.52888161001086e-12, 4.179265874343363e-12, 3.988870431875791e-12, 3.940008042047083e-12], "lowlevel.melbands128.stdev": [0.0006072999094612896, 0.0026598642580211163, 0.0035267812199890614, 0.002503750380128622, 0.0016138990176841617, 0.0012585100485011935, 0.001231907051987946, 0.0008267701487056911, 0.001015939051285386, 0.001039019669406116, 0.0006321860710158944, 0.0006468360661529005, 0.0006627732655033469, 0.0013138633221387863, 0.0021100002340972424, 0.0019391581881791353, 0.001362982322461903, 0.0011540574487298727, 0.0007310648215934634, 0.0006774209323339164, 0.0006482712342403829, 0.0013424126664176583, 0.000899787584785372, 0.000300508487271145, 0.00033615410211496055, 0.0005691563710570335, 0.0004772218526341021, 0.0002877028309740126, 0.00026220775907859206, 0.00017773611762095243, 0.00035984028363600373, 0.0003231473092455417, 0.0004387774388305843, 0.0003564756189007312, 0.00024515128461644053, 0.0002180488663725555, 0.00015668245032429695, 0.00010254610242554918, 5.189040894038044e-05, 7.169889431679621e-05, 0.00015736710338387638, 0.00017772750288713723, 0.00012771436013281345, 6.648746784776449e-05, 0.00012294910266064107, 0.00024278440105263144, 0.00019121648801956326, 0.00010323170135961846, 0.00010250500781694427, 9.219009371008724e-05, 9.908347419695929e-05, 7.033941801637411e-05, 0.00010962515079881996, 0.0002979166165459901, 0.00014325622760225087, 0.00010609233868308365, 0.0001508440327597782, 5.046095611760393e-05, 5.6705008319113404e-05, 0.00013607254368253052, 0.00014301322516985238, 5.4621657909592614e-05, 3.46186279784888e-05, 2.7843141651828773e-05, 1.8978533262270503e-05, 3.401217327336781e-05, 1.855467417044565e-05, 2.9632596124429256e-05, 3.595054295146838e-05, 3.1229821615852416e-05, 3.462655877228826e-05, 2.925709486589767e-05, 2.9884537070756778e-05, 2.8145221222075634e-05, 1.3626096915686503e-05, 1.15356606329442e-05, 1.1980266208411194e-05, 8.142475962813478e-06, 7.683660442125984e-06, 6.8780709625571035e-06, 9.219748790201265e-06, 9.208884875988588e-06, 7.73877945903223e-06, 7.004387043707538e-06, 7.678950169065502e-06, 8.373172931896988e-06, 1.0050550372397993e-05, 7.264107807714026e-06, 5.112208782520611e-06, 5.244126441539265e-06, 5.166551545698894e-06, 4.060117589688161e-06, 3.10122800328827e-06, 3.1060180845088325e-06, 3.2041925805970095e-06, 3.5417256185610313e-06, 2.5250767521356465e-06, 2.1437115265143802e-06, 2.6256586806994164e-06, 2.5795743567869067e-06, 2.102889766320004e-06, 1.8551738776295679e-06, 1.3502838100976078e-06, 1.8052110135613475e-06, 1.2262859172551543e-06, 1.4282452411862323e-06, 1.4994669754742063e-06, 1.4104639376455452e-06, 1.2965895166416885e-06, 1.2501243418228114e-06, 1.2117892538299202e-06, 9.680221637609066e-07, 9.861306580205564e-07, 9.056398084794637e-07, 8.797962323114916e-07, 1.114695464821125e-06, 4.933026502840221e-07, 3.5775496343148916e-08, 1.275262950795053e-10, 1.1821188472538324e-10, 5.696471072624831e-11, 3.291170461161563e-11, 1.6270970681908636e-11, 1.513927525009784e-11, 1.150205798661208e-11, 6.713999148311167e-12, 5.501793031575941e-12, 5.437760918630685e-12], "lowlevel.mfcc.mean": [-609.2415771484375, 75.87659454345703, 23.8193416595459, 41.856082916259766, 13.366348266601562, 14.166264533996582, 6.1887125968933105, 3.875488758087158, -1.2123618125915527, 0.21006719768047333, -4.514185905456543, 0.26084986329078674, -0.0738513395190239], "lowlevel.spectral_contrast_coeffs.mean": [-0.7116714715957642, -0.7345564961433411, -0.7939151525497437, -0.8045843243598938, -0.7930430769920349, -0.7386861443519592], "lowlevel.spectral_contrast_coeffs.stdev": [0.05493588000535965, 0.10716639459133148, 0.06951488554477692, 0.06294158846139908, 0.04621347784996033, 0.03706113249063492], "lowlevel.spectral_contrast_valleys.mean": [-6.3002471923828125, -7.117709159851074, -7.5426506996154785, -7.516923427581787, -6.933427810668945, -9.4154634475708], "lowlevel.spectral_contrast_valleys.stdev": [0.52579265832901, 0.588608980178833, 0.5582708716392517, 0.508018434047699, 0.524961531162262, 0.5280250906944275], "rhythm.beats_loudness_band_ratio.mean": [0.5157633423805237, 0.2030370533466339, 0.08759211748838425, 0.051203321665525436, 0.09452912211418152, 0.09363163262605667], "rhythm.beats_loudness_band_ratio.stdev": [0.2233727127313614, 0.19351960718631744, 0.09531371295452118, 0.07809275388717651, 0.10360024124383926, 0.04764283075928688], "tonal.hpcp.mean": [0.08604566007852554, 0.06502655148506165, 0.051799919456243515, 0.0635659322142601, 0.06476259976625443, 0.04916277527809143, 0.04889201000332832, 0.054684076458215714, 0.053909461945295334, 0.05281578376889229, 0.04991438612341881, 0.08083945512771606, 0.3915961682796478, 0.5173642039299011, 0.2307044118642807, 0.08548881858587265, 0.05540308356285095, 0.03389107063412666, 0.032664112746715546, 0.03764691948890686, 0.052271511405706406, 0.06058837100863457, 0.06597671657800674, 0.0800679549574852, 0.11197628080844879, 0.14890271425247192, 0.20626363158226013, 0.45013555884361267, 0.5022280812263489, 0.2416580766439438, 0.11058498919010162, 0.08093895763158798, 0.07071508467197418, 0.07076830416917801, 0.07256438583135605, 0.08472717553377151], "tonal.hpcp.stdev": [0.20860090851783752, 0.17164772748947144, 0.15842078626155853, 0.1640155017375946, 0.1729385405778885, 0.14639313519001007, 0.14727964997291565, 0.16869637370109558, 0.1668415069580078, 0.15691041946411133, 0.15031936764717102, 0.16931533813476562, 0.2858651280403137, 0.34186169505119324, 0.22993852198123932, 0.23050273954868317, 0.1650707721710205, 0.1086437776684761, 0.09514547884464264, 0.08978619426488876, 0.13681377470493317, 0.1647869497537613, 0.16968627274036407, 0.18254044651985168, 0.20998699963092804, 0.24061007797718048, 0.25821614265441895, 0.3300008773803711, 0.3582710921764374, 0.2484777420759201, 0.2043117731809616, 0.19570542871952057, 0.18534280359745026, 0.172602117061615, 0.17403210699558258, 0.19832836091518402], "rhythm.beats_position": [0.4876190423965454, 0.9868480563163757, 1.486077070236206, 1.9736961126327515, 2.461315155029297, 2.9489340782165527, 3.4365532398223877, 3.9357821941375732, 4.423401355743408, 4.899410247802734, 5.38702917098999, 5.886258602142334, 6.3854875564575195, 6.873106479644775, 7.360725402832031, 7.848344326019287, 8.335963249206543, 8.823582649230957, 9.311202049255371, 9.798820495605469, 10.286439895629883, 10.77405834197998, 11.261677742004395, 11.749297142028809, 12.248525619506836, 12.74775505065918, 13.235373497009277, 13.722992897033691, 14.210612297058105, 14.698230743408203, 15.185850143432617, 15.673469543457031, 16.161088943481445, 16.648706436157227, 17.13632583618164, 17.623945236206055, 18.11156463623047, 18.599184036254883, 19.110021591186523, 19.597640991210938, 20.08526039123535, 20.572879791259766, 21.04888916015625, 21.53650665283203, 22.035736083984375, 22.52335548400879, 23.010974884033203, 23.498594284057617, 23.9862117767334, 24.473831176757812, 24.961450576782227, 25.44906997680664, 25.948299407958984, 26.42430877685547, 26.91192626953125, 27.399545669555664, 27.898775100708008, 28.386394500732422, 28.885623931884766, 29.373241424560547, 29.87247085571289, 30.371700286865234], "rhythm.bpm_histogram": [0.0, 0.0, 0.0, 0.0, 0.0, 0.0, 0.0, 0.0, 0.0, 0.0, 0.0, 0.0, 0.0, 0.0, 0.0, 0.0, 0.0, 0.0, 0.0, 0.0, 0.0, 0.0, 0.0, 0.0, 0.0, 0.0, 0.0, 0.0, 0.0, 0.0, 0.0, 0.0, 0.0, 0.0, 0.0, 0.0, 0.0, 0.0, 0.0, 0.0, 0.0, 0.0, 0.0, 0.0, 0.0, 0.0, 0.0, 0.0, 0.0, 0.0, 0.0, 0.0, 0.0, 0.0, 0.0, 0.0, 0.0, 0.0, 0.0, 0.0, 0.0, 0.0, 0.0, 0.0, 0.0, 0.0, 0.0, 0.0, 0.0, 0.0, 0.0, 0.0, 0.0, 0.0, 0.0, 0.0, 0.0, 0.0, 0.0, 0.0, 0.0, 0.0, 0.0, 0.0, 0.0, 0.0, 0.0, 0.0, 0.0, 0.0, 0.0, 0.0, 0.0, 0.0, 0.0, 0.0, 0.0, 0.0, 0.0, 0.0, 0.0, 0.0, 0.0, 0.0, 0.0, 0.0, 0.0, 0.0, 0.0, 0.0, 0.0, 0.0, 0.0, 0.0, 0.0, 0.0, 0.0, 0.016393441706895828, 0.0, 0.0, 0.21311475336551666, 0.0, 0.0, 0.7213114500045776, 0.0, 0.0, 0.04918032884597778, 0.0, 0.0, 0.0, 0.0, 0.0, 0.0, 0.0, 0.0, 0.0, 0.0, 0.0, 0.0, 0.0, 0.0, 0.0, 0.0, 0.0, 0.0, 0.0, 0.0, 0.0, 0.0, 0.0, 0.0, 0.0, 0.0, 0.0, 0.0, 0.0, 0.0, 0.0, 0.0, 0.0, 0.0, 0.0, 0.0, 0.0, 0.0, 0.0, 0.0, 0.0, 0.0, 0.0, 0.0, 0.0, 0.0, 0.0, 0.0, 0.0, 0.0, 0.0, 0.0, 0.0, 0.0, 0.0, 0.0, 0.0, 0.0, 0.0, 0.0, 0.0, 0.0, 0.0, 0.0, 0.0, 0.0, 0.0, 0.0, 0.0, 0.0, 0.0, 0.0, 0.0, 0.0, 0.0, 0.0, 0.0, 0.0, 0.0, 0.0, 0.0, 0.0, 0.0, 0.0, 0.0, 0.0, 0.0, 0.0, 0.0, 0.0, 0.0, 0.0, 0.0, 0.0, 0.0, 0.0, 0.0, 0.0, 0.0, 0.0, 0.0, 0.0, 0.0, 0.0, 0.0, 0.0, 0.0, 0.0, 0.0, 0.0, 0.0, 0.0, 0.0, 0.0, 0.0, 0.0, 0.0, 0.0, 0.0, 0.0, 0.0, 0.0, 0.0], "tonal.chords_histogram": [50.983360290527344, 0.0, 0.0, 0.0, 0.0, 0.0, 0.0, 0.0, 0.0, 0.0, 0.0, 0.0, 0.0, 0.0, 0.0, 1.0590015649795532, 0.0, 47.9576416015625, 0.0, 0.0, 0.0, 0.0, 0.0, 0.0], "tonal.thpcp": [1.0, 0.4459226429462433, 0.1652391403913498, 0.10708720237016678, 0.0655071809887886, 0.06313562393188477, 0.07276676595211029, 0.1010342612862587, 0.11710970848798752, 0.1275247037410736, 0.15476129949092865, 0.21643608808517456, 0.28781023621559143, 0.3986816704273224, 0.8700554966926575, 0.9707437753677368, 0.46709468960762024, 0.21374689042568207, 0.15644483268260956, 0.1366833746433258, 0.13678623735904694, 0.1402578353881836, 0.1637669801712036, 0.1663154512643814, 0.12568815052509308, 0.10012273490428925, 0.12286496162414551, 0.12517796456813812, 0.09502546489238739, 0.09450211375951767, 0.10569744557142258, 0.10420021414756775, 0.10208627581596375, 0.09647823870182037, 0.15625250339508057, 0.7569062113761902], "lowlevel.gfcc.cov": [[1968.8511962890625, 168.60064697265625, -398.682861328125, -66.1371078491211, -46.547672271728516, -107.12234497070312, -6.380667686462402, 95.71275329589844, 37.22441864013672, 27.352989196777344, 24.26369285583496, -24.34637451171875, -21.913801193237305], [168.60064697265625, 243.36248779296875, -89.20501708984375, -94.99524688720703, 1.2092853784561157, -43.68178939819336, 2.5205793380737305, 7.95397424697876, 4.779216766357422, 14.974400520324707, 30.58631706237793, 6.618259429931641, 22.731632232666016], [-398.682861328125, -89.20501708984375, 610.3130493164062, 142.20645141601562, -75.1963882446289, 86.73591613769531, -29.162324905395508, -126.9360580444336, -66.66544342041016, -9.497481346130371, 18.133153915405273, 60.276695251464844, 30.453651428222656], [-66.1371078491211, -94.99524688720703, 142.20645141601562, 248.75497436523438, 25.979347229003906, -13.271208763122559, -20.453096389770508, -27.78839874267578, 2.898679256439209, -0.08024394512176514, 13.489130020141602, 32.84449768066406, 21.764171600341797], [-46.547672271728516, 1.2092853784561157, -75.1963882446289, 25.979347229003906, 165.36935424804688, 39.47883224487305, 30.798065185546875, 50.93280792236328, 16.69952964782715, -5.675280570983887, -31.88835334777832, -7.787641525268555, 7.4099273681640625], [-107.12234497070312, -43.68178939819336, 86.73591613769531, -13.271208763122559, 39.47883224487305, 220.4748077392578, 98.18304443359375, -36.3681526184082, -42.83518600463867, -32.70323944091797, -19.290985107421875, -15.877643585205078, 0.8643983006477356], [-6.380667686462402, 2.5205793380737305, -29.162324905395508, -20.453096389770508, 30.798065185546875, 98.18304443359375, 136.59393310546875, 38.328372955322266, -11.00568675994873, -13.842828750610352, -15.477752685546875, -12.963504791259766, -9.912731170654297], [95.71275329589844, 7.95397424697876, -126.9360580444336, -27.78839874267578, 50.93280792236328, -36.3681526184082, 38.328372955322266, 169.4132843017578, 93.51518249511719, 15.765833854675293, -25.82243537902832, -28.610576629638672, -30.104755401611328], [37.22441864013672, 4.779216766357422, -66.66544342041016, 2.898679256439209, 16.69952964782715, -42.83518600463867, -11.00568675994873, 93.51518249511719, 127.54840087890625, 49.94243240356445, -8.030390739440918, -18.60726547241211, -28.393186569213867], [27.352989196777344, 14.974400520324707, -9.497481346130371, -0.08024394512176514, -5.675280570983887, -32.70323944091797, -13.842828750610352, 15.765833854675293, 49.94243240356445, 78.65304565429688, 37.432552337646484, 3.6461362838745117, -6.2386040687561035], [24.26369285583496, 30.58631706237793, 18.133153915405273, 13.489130020141602, -31.88835334777832, -19.290985107421875, -15.477752685546875, -25.82243537902832, -8.030390739440918, 37.432552337646484, 92.84773254394531, 48.99293518066406, 14.16713809967041], [-24.34637451171875, 6.618259429931641, 60.276695251464844, 32.84449768066406, -7.787641525268555, -15.877643585205078, -12.963504791259766, -28.610576629638672, -18.60726547241211, 3.6461362838745117, 48.99293518066406, 86.25237274169922, 48.470664978027344], [-21.913801193237305, 22.731632232666016, 30.453651428222656, 21.764171600341797, 7.4099273681640625, 0.8643983006477356, -9.912731170654297, -30.104755401611328, -28.393186569213867, -6.2386040687561035, 14.16713809967041, 48.470664978027344, 87.91728973388672]], "lowlevel.gfcc.icov": [[0.0006803711294196546, -0.0006100194877944887, 0.0006121277110651135, -0.000559416483156383, 0.0007836627191863954, -0.0004978616489097476, 0.0005261612823233008, -0.0007617551600560546, 0.0008125100284814835, -0.0006950036040507257, 0.0005945147713646293, -0.0005278753233142197, 0.0003994034486822784], [-0.0006100194877944887, 0.007116002030670643, -0.0010343228932470083, 0.003873468842357397, -0.002775200642645359, 0.0038195401430130005, -0.003247916931286454, 0.003010659711435437, -0.0034961120691150427, 0.003305207472294569, -0.005521129816770554, 0.00392739474773407, -0.0039016096852719784], [0.0006121277110651135, -0.0010343228932470083, 0.0036216306034475565, -0.0025575084146112204, 0.002934550866484642, -0.003206135705113411, 0.0024379570968449116, -0.001088188961148262, 0.00259499647654593, -0.003083297982811928, 0.00356038985773921, -0.0039020751137286425, 0.001681923633441329], [-0.000559416483156383, 0.003873468842357397, -0.0025575084146112204, 0.007888777181506157, -0.004293289501219988, 0.004254662897437811, -0.0031227762810885906, 0.003937249071896076, -0.00498039647936821, 0.004493606276810169, -0.005077746231108904, 0.002820031251758337, -0.0029178978875279427], [0.0007836627191863954, -0.002775200642645359, 0.002934550866484642, -0.004293289501219988, 0.011332294903695583, -0.005829072557389736, 0.0037049176171422005, -0.0060592168010771275, 0.00502944877371192, -0.005614361725747585, 0.007626930717378855, -0.005210389848798513, 0.0012737803626805544], [-0.0004978616489097476, 0.0038195401430130005, -0.003206135705113411, 0.004254662897437811, -0.005829072557389736, 0.013576812110841274, -0.01085265539586544, 0.007772280368953943, -0.00609557842835784, 0.007261573802679777, -0.006740245036780834, 0.007394034881144762, -0.0037024496123194695], [0.0005261612823233008, -0.003247916931286454, 0.0024379570968449116, -0.0031227762810885906, 0.0037049176171422005, -0.01085265539586544, 0.017707370221614838, -0.009984912350773811, 0.008871830999851227, -0.0062273540534079075, 0.005828686524182558, -0.00577969616279006, 0.00394192012026906], [-0.0007617551600560546, 0.003010659711435437, -0.001088188961148262, 0.003937249071896076, -0.0060592168010771275, 0.007772280368953943, -0.009984912350773811, 0.01925288327038288, -0.01552280317991972, 0.008583120070397854, -0.004945850931107998, 0.004742455668747425, -0.0018866914324462414], [0.0008125100284814835, -0.0034961120691150427, 0.00259499647654593, -0.00498039647936821, 0.00502944877371192, -0.00609557842835784, 0.008871830999851227, -0.01552280317991972, 0.026995690539479256, -0.018604610115289688, 0.011579995974898338, -0.00747534167021513, 0.006414960604161024], [-0.0006950036040507257, 0.003305207472294569, -0.003083297982811928, 0.004493606276810169, -0.005614361725747585, 0.007261573802679777, -0.0062273540534079075, 0.008583120070397854, -0.018604610115289688, 0.032085154205560684, -0.019939662888646126, 0.011739039793610573, -0.005424027796834707], [0.0005945147713646293, -0.005521129816770554, 0.00356038985773921, -0.005077746231108904, 0.007626930717378855, -0.006740245036780834, 0.005828686524182558, -0.004945850931107998, 0.011579995974898338, -0.019939662888646126, 0.03214196488261223, -0.021131126210093498, 0.008782022632658482], [-0.0005278753233142197, 0.00392739474773407, -0.0039020751137286425, 0.002820031251758337, -0.005210389848798513, 0.007394034881144762, -0.00577969616279006, 0.004742455668747425, -0.00747534167021513, 0.011739039793610573, -0.021131126210093498, 0.03301430121064186, -0.015532359480857849], [0.0003994034486822784, -0.0039016096852719784, 0.001681923633441329, -0.0029178978875279427, 0.0012737803626805544, -0.0037024496123194695, 0.00394192012026906, -0.0018866914324462414, 0.006414960604161024, -0.005424027796834707, 0.008782022632658482, -0.015532359480857849, 0.021184870973229408]], "lowlevel.mfcc.cov": [[1495.3397216796875, 42.79236602783203, -417.6581726074219, 34.91244125366211, -65.55810546875, -149.30816650390625, -57.73271179199219, -12.529739379882812, 22.829429626464844, 48.19024658203125, 9.289031028747559, 51.50400924682617, 38.78386306762695], [42.79236602783203, 288.0126037597656, -103.66213989257812, -77.1150894165039, -23.380508422851562, -50.59332275390625, 0.006092548836022615, -22.777984619140625, 0.7716717720031738, 2.9376025199890137, -6.852062225341797, 5.082854747772217, -8.49718952178955], [-417.6581726074219, -103.66213989257812, 570.3517456054688, 24.778087615966797, 2.8611037731170654, 128.59764099121094, 26.09660530090332, -34.70366287231445, -69.36022186279297, -68.41280364990234, -33.34855651855469, -47.2066764831543, -4.292489528656006], [34.91244125366211, -77.1150894165039, 24.778087615966797, 227.90179443359375, 49.2620849609375, -40.29418182373047, -49.706111907958984, -12.424056053161621, -5.624951362609863, -15.504195213317871, -15.986430168151855, 21.774208068847656, 42.227699279785156], [-65.55810546875, -23.380508422851562, 2.8611037731170654, 49.2620849609375, 122.83646392822266, 5.743276119232178, -18.510629653930664, 6.079798698425293, 26.150800704956055, -2.6388204097747803, 2.0130093097686768, 4.37298059463501, 4.7112627029418945], [-149.30816650390625, -50.59332275390625, 128.59764099121094, -40.29418182373047, 5.743276119232178, 198.52980041503906, 91.3257827758789, 12.540597915649414, -22.321640014648438, -6.468334674835205, -23.3243408203125, -57.62696075439453, -29.11701774597168], [-57.73271179199219, 0.006092548836022615, 26.09660530090332, -49.706111907958984, -18.510629653930664, 91.3257827758789, 145.97970581054688, 45.572608947753906, -2.149123430252075, -4.212696075439453, -9.947575569152832, -41.19697570800781, -36.15296173095703], [-12.529739379882812, -22.777984619140625, -34.70366287231445, -12.424056053161621, 6.079798698425293, 12.540597915649414, 45.572608947753906, 107.09651947021484, 55.63125991821289, 13.426874160766602, 20.575944900512695, 10.425091743469238, -9.186213493347168], [22.829429626464844, 0.7716717720031738, -69.36022186279297, -5.624951362609863, 26.150800704956055, -22.321640014648438, -2.149123430252075, 55.63125991821289, 126.37855529785156, 44.900123596191406, 27.463911056518555, 19.687763214111328, -7.868350028991699], [48.19024658203125, 2.9376025199890137, -68.41280364990234, -15.504195213317871, -2.6388204097747803, -6.468334674835205, -4.212696075439453, 13.426874160766602, 44.900123596191406, 91.76614379882812, 44.342857360839844, 10.994140625, -0.7921072244644165], [9.289031028747559, -6.852062225341797, -33.34855651855469, -15.986430168151855, 2.0130093097686768, -23.3243408203125, -9.947575569152832, 20.575944900512695, 27.463911056518555, 44.342857360839844, 101.3902587890625, 47.764190673828125, 5.378584384918213], [51.50400924682617, 5.082854747772217, -47.2066764831543, 21.774208068847656, 4.37298059463501, -57.62696075439453, -41.19697570800781, 10.425091743469238, 19.687763214111328, 10.994140625, 47.764190673828125, 100.87681579589844, 44.46033477783203], [38.78386306762695, -8.49718952178955, -4.292489528656006, 42.227699279785156, 4.7112627029418945, -29.11701774597168, -36.15296173095703, -9.186213493347168, -7.868350028991699, -0.7921072244644165, 5.378584384918213, 44.46033477783203, 93.30001831054688]], "lowlevel.mfcc.icov": [[0.0009082909091375768, 0.00015419366536661983, 0.0006589020485989749, -0.0001871121203294024, 0.0005545728490687907, 0.0002053701609838754, -8.283867828140501e-06, 0.00024918350391089916, -2.9269890546856914e-06, -0.00011115551751572639, 0.00018410291522741318, -5.5303047702182084e-05, -0.00017656029376666993], [0.00015419366536661983, 0.004569350276142359, 0.0006766541628167033, 0.0016927157994359732, 1.4939147149561904e-05, 0.0014811649452894926, -0.0009958420414477587, 0.0016419726889580488, -0.00025427486980333924, 0.0001057334739016369, 0.0009572201524861157, -0.0005141083966009319, 2.3590668206452392e-05], [0.0006589020485989749, 0.0006766541628167033, 0.002975787501782179, -0.00037131484714336693, 0.0006716006901115179, -0.0015082396566867828, 0.00044321856694296, 0.0008423521067015827, 0.0001254530652659014, 0.0017719329334795475, -0.0006268572178669274, 0.0005401849048212171, -0.00035288487561047077], [-0.0001871121203294024, 0.0016927157994359732, -0.00037131484714336693, 0.00641285814344883, -0.0024052835069596767, 0.0015501328743994236, 0.00042714530718512833, 6.473716348409653e-05, 0.0005029617459513247, -0.00012374436482787132, 0.001711901044473052, -0.000529297161847353, -0.0017155929235741496], [0.0005545728490687907, 1.4939147149561904e-05, 0.0006716006901115179, -0.0024052835069596767, 0.010391583666205406, -0.0018603886710479856, 0.0017719409661367536, 0.0003308365121483803, -0.002961112419143319, 0.001878890790976584, -0.0010190814500674605, 0.0005523557192645967, 6.599137122975662e-05], [0.0002053701609838754, 0.0014811649452894926, -0.0015082396566867828, 0.0015501328743994236, -0.0018603886710479856, 0.010043393820524216, -0.005240581464022398, 0.00032552870106883347, 0.0012630779528990388, -0.002123666927218437, 0.0012640280183404684, 0.001999929780140519, -0.000429214647738263], [-8.283867828140501e-06, -0.0009958420414477587, 0.00044321856694296, 0.00042714530718512833, 0.0017719409661367536, -0.005240581464022398, 0.01337097492069006, -0.006011040881276131, 0.0013732649385929108, 0.0009323571575805545, -0.0005306955426931381, 0.0023376899771392345, 0.001644499134272337], [0.00024918350391089916, 0.0016419726889580488, 0.0008423521067015827, 6.473716348409653e-05, 0.0003308365121483803, 0.00032552870106883347, -0.006011040881276131, 0.01638086326420307, -0.007108061108738184, 0.0023361090570688248, -0.001725914073176682, -0.0017601482104510069, -0.00021744515106547624], [-2.9269890546856914e-06, -0.00025427486980333924, 0.0001254530652659014, 0.0005029617459513247, -0.002961112419143319, 0.0012630779528990388, 0.0013732649385929108, -0.007108061108738184, 0.014230519533157349, -0.0061986371874809265, 0.0015219115884974599, -0.0015670456923544407, 0.0019386697094887495], [-0.00011115551751572639, 0.0001057334739016369, 0.0017719329334795475, -0.00012374436482787132, 0.001878890790976584, -0.002123666927218437, 0.0009323571575805545, 0.0023361090570688248, -0.0061986371874809265, 0.018474968150258064, -0.008334653452038765, 0.003585283877328038, -0.0015668977284803987], [0.00018410291522741318, 0.0009572201524861157, -0.0006268572178669274, 0.001711901044473052, -0.0010190814500674605, 0.0012640280183404684, -0.0005306955426931381, -0.001725914073176682, 0.0015219115884974599, -0.008334653452038765, 0.01798882521688938, -0.009156269021332264, 0.002661172766238451], [-5.5303047702182084e-05, -0.0005141083966009319, 0.0005401849048212171, -0.000529297161847353, 0.0005523557192645967, 0.001999929780140519, 0.0023376899771392345, -0.0017601482104510069, -0.0015670456923544407, 0.003585283877328038, -0.009156269021332264, 0.02020367793738842, -0.007632190827280283], [-0.00017656029376666993, 2.3590668206452392e-05, -0.00035288487561047077, -0.0017155929235741496, 6.599137122975662e-05, -0.000429214647738263, 0.001644499134272337, -0.00021744515106547624, 0.0019386697094887495, -0.0015668977284803987, 0.002661172766238451, -0.007632190827280283, 0.015666192397475243]], "metadata.audio_properties.analysis.downmix": "mix", "metadata.audio_properties.codec": "mp3", "metadata.audio_properties.md5_encoded": "c918d8a7b0235a37345f0aab220c3fa5", "metadata.tags.file_name": "1183712320971620403.mp3", "metadata.version.essentia": "2.1-beta6-dev", "metadata.version.essentia_git_sha": "v2.1_beta5-1110-g77a6a954", "metadata.version.extractor": "music 2.0", "tonal.chords_key": "F#", "tonal.chords_scale": "major", "tonal.key_edma.key": "F#", "tonal.key_edma.scale": "major", "tonal.key_krumhansl.key": "F#", "tonal.key_krumhansl.scale": "major", "tonal.key_temperley.key": "F#", "tonal.key_temperley.scal