{"song_id": "1183688303485124629", "download": "https://cdn.discordapp.com/attachments/1135903449314238464/1183688303485124629/chirp.mp4?ex=65893ea3&amp", "lyrics": "[Verse]\nImagine a world where love is the guide\nNo boundaries, no hate, just peace inside\nShining bright, like stars in the night\nTogether we'll soar, taking flight\n\n[Chorus]\nOh, Imagine, oh, what a joy it would be\nWhere hearts unite, setting our spirits free\nImagine a world where we can all belong\nIn harmony, singing a unified song", "style": ["English rock"], "essentia_features": {"lowlevel.average_loudness": 0.9802716374397278, "lowlevel.barkbands_crest.mean": 11.103941917419434, "lowlevel.barkbands_crest.stdev": 3.908597230911255, "lowlevel.barkbands_flatness_db.mean": 0.11372304707765579, "lowlevel.barkbands_flatness_db.stdev": 0.034808795899152756, "lowlevel.barkbands_kurtosis.mean": 2.3390052318573, "lowlevel.barkbands_kurtosis.stdev": 5.9132280349731445, "lowlevel.barkbands_skewness.mean": 1.3990269899368286, "lowlevel.barkbands_skewness.stdev": 1.1567409038543701, "lowlevel.barkbands_spread.mean": 31.197019577026367, "lowlevel.barkbands_spread.stdev": 13.201679229736328, "lowlevel.dissonance.mean": 0.4839664101600647, "lowlevel.dissonance.stdev": 0.01453406736254692, "lowlevel.dynamic_complexity": 1.1457690000534058, "lowlevel.erbbands_crest.mean": 8.757006645202637, "lowlevel.erbbands_crest.stdev": 4.201938629150391, "lowlevel.erbbands_flatness_db.mean": 0.14360050857067108, "lowlevel.erbbands_flatness_db.stdev": 0.03181062266230583, "lowlevel.erbbands_kurtosis.mean": 0.46056386828422546, "lowlevel.erbbands_kurtosis.stdev": 1.3856594562530518, "lowlevel.erbbands_skewness.mean": -0.28379908204078674, "lowlevel.erbbands_skewness.stdev": 0.6511910557746887, "lowlevel.erbbands_spread.mean": 43.04841995239258, "lowlevel.erbbands_spread.stdev": 18.087968826293945, "lowlevel.hfc.mean": 32.11040496826172, "lowlevel.hfc.stdev": 13.401190757751465, "lowlevel.loudness_ebu128.integrated": -12.155214309692383, "lowlevel.loudness_ebu128.loudness_range": 1.585759162902832, "lowlevel.loudness_ebu128.momentary.mean": -12.274006843566895, "lowlevel.loudness_ebu128.momentary.stdev": 1.0839433670043945, "lowlevel.loudness_ebu128.short_term.mean": -12.217700958251953, "lowlevel.loudness_ebu128.short_term.stdev": 0.6405989527702332, "lowlevel.melbands_crest.mean": 17.492477416992188, "lowlevel.melbands_crest.stdev": 5.148320198059082, "lowlevel.melbands_flatness_db.mean": 0.17407913506031036, "lowlevel.melbands_flatness_db.stdev": 0.05221262946724892, "lowlevel.melbands_kurtosis.mean": 15.109646797180176, "lowlevel.melbands_kurtosis.stdev": 23.24694061279297, "lowlevel.melbands_skewness.mean": 3.1334993839263916, "lowlevel.melbands_skewness.stdev": 1.9174145460128784, "lowlevel.melbands_spread.mean": 30.09739875793457, "lowlevel.melbands_spread.stdev": 19.713586807250977, "lowlevel.pitch_salience.mean": 0.484088271856308, "lowlevel.pitch_salience.stdev": 0.12834560871124268, "lowlevel.silence_rate_20dB.mean": 1.0, "lowlevel.silence_rate_20dB.stdev": 0.0, "lowlevel.silence_rate_30dB.mean": 0.9877408146858215, "lowlevel.silence_rate_30dB.stdev": 0.11004067957401276, "lowlevel.silence_rate_60dB.mean": 0.0035026269033551216, "lowlevel.silence_rate_60dB.stdev": 0.059078674763441086, "lowlevel.spectral_centroid.mean": 1893.6636962890625, "lowlevel.spectral_centroid.stdev": 585.3465576171875, "lowlevel.spectral_complexity.mean": 29.74518394470215, "lowlevel.spectral_complexity.stdev": 8.442389488220215, "lowlevel.spectral_decrease.mean": -1.0805851324846572e-08, "lowlevel.spectral_decrease.stdev": 6.967455057349525e-09, "lowlevel.spectral_energy.mean": 0.04369630292057991, "lowlevel.spectral_energy.stdev": 0.026607299223542213, "lowlevel.spectral_energyband_high.mean": 0.0018613338470458984, "lowlevel.spectral_energyband_high.stdev": 0.0016475425800308585, "lowlevel.spectral_energyband_low.mean": 0.02519797720015049, "lowlevel.spectral_energyband_low.stdev": 0.025270424783229828, "lowlevel.spectral_energyband_middle_high.mean": 0.00811823271214962, "lowlevel.spectral_energyband_middle_high.stdev": 0.004681030288338661, "lowlevel.spectral_energyband_middle_low.mean": 0.010405554436147213, "lowlevel.spectral_energyband_middle_low.stdev": 0.01400151289999485, "lowlevel.spectral_entropy.mean": 7.946514129638672, "lowlevel.spectral_entropy.stdev": 0.17314033210277557, "lowlevel.spectral_flux.mean": 0.11877858638763428, "lowlevel.spectral_flux.stdev": 0.05768135190010071, "lowlevel.spectral_kurtosis.mean": 2.3303792476654053, "lowlevel.spectral_kurtosis.stdev": 1.026636004447937, "lowlevel.spectral_rms.mean": 0.006253550294786692, "lowlevel.spectral_rms.stdev": 0.0018771644681692123, "lowlevel.spectral_rolloff.mean": 1894.656982421875, "lowlevel.spectral_rolloff.stdev": 1628.2099609375, "lowlevel.spectral_skewness.mean": 1.0497360229492188, "lowlevel.spectral_skewness.stdev": 0.2109367698431015, "lowlevel.spectral_spread.mean": 4534599.0, "lowlevel.spectral_spread.stdev": 798349.0, "lowlevel.spectral_strongpeak.mean": 0.7910148501396179, "lowlevel.spectral_strongpeak.stdev": 0.9111331105232239, "lowlevel.zerocrossingrate.mean": 0.07204799354076385, "lowlevel.zerocrossingrate.stdev": 0.03959719091653824, "metadata.audio_properties.analysis.equal_loudness": 0.0, "metadata.audio_properties.analysis.length": 26.47464942932129, "metadata.audio_properties.analysis.sample_rate": 44100.0, "metadata.audio_properties.analysis.start_time": 0.0, "metadata.audio_properties.bit_rate": 126016.0, "metadata.audio_properties.length": 26.474666595458984, "metadata.audio_properties.lossless": 0.0, "metadata.audio_properties.number_channels": 1.0, "metadata.audio_properties.replay_gain": -13.114423751831055, "metadata.audio_properties.sample_rate": 48000.0, "rhythm.beats_count": 46.0, "rhythm.beats_loudness.mean": 0.04748068004846573, "rhythm.beats_loudness.stdev": 0.022596748545765877, "rhythm.bpm": 106.2050552368164, "rhythm.bpm_histogram_first_peak_bpm": 105.0, "rhythm.bpm_histogram_first_peak_weight": 0.42222219705581665, "rhythm.bpm_histogram_second_peak_bpm": 0.0, "rhythm.bpm_histogram_second_peak_spread": 0.0, "rhythm.bpm_histogram_second_peak_weight": 0.0, "rhythm.danceability": 1.1980868577957153, "rhythm.onset_rate": 3.2082772254943848, "tonal.chords_changes_rate": 0.06643356382846832, "tonal.chords_number_rate": 0.012237762100994587, "tonal.chords_strength.mean": 0.5838811993598938, "tonal.chords_strength.stdev": 0.09340136498212814, "tonal.hpcp_crest.mean": 13.24497127532959, "tonal.hpcp_crest.stdev": 6.712280750274658, "tonal.hpcp_entropy.mean": 2.1056156158447266, "tonal.hpcp_entropy.stdev": 0.8470691442489624, "tonal.key_edma.strength": 0.7528116106987, "tonal.key_krumhansl.strength": 0.7722927331924438, "tonal.key_temperley.strength": 0.7950448393821716, "tonal.tuning_diatonic_strength": 0.7612463235855103, "tonal.tuning_equal_tempered_deviation": 0.15830422937870026, "tonal.tuning_frequency": 438.7310485839844, "tonal.tuning_nontempered_energy_ratio": 0.8186126351356506, "lowlevel.barkbands.mean": [0.0006255941698327661, 0.011657138355076313, 0.011167049407958984, 0.0029815651942044497, 0.003927183803170919, 0.0006316940416581929, 0.00037457532016560435, 0.001027914579026401, 0.0012281436938792467, 0.0004429181572049856, 0.0014333472354337573, 0.0006708470173180103, 0.001082591712474823, 0.000678473908919841, 0.0008300283807329834, 0.0010010454570874572, 0.0006494246190413833, 0.0006688404828310013, 0.000404555321438238, 0.0006198164192028344, 0.0003711701720021665, 0.00045644177589565516, 0.0003337593225296587, 0.0003456062695477158, 6.367555761244148e-05, 2.0367764591355808e-05, 2.548272277635988e-06], "lowlevel.barkbands.stdev": [0.0006850681966170669, 0.01655961200594902, 0.012328523211181164, 0.0035422826185822487, 0.010973657481372356, 0.001485983026213944, 0.0010970900766551495, 0.0020819425117224455, 0.002265066374093294, 0.000598583952523768, 0.0023587094619870186, 0.001310880878008902, 0.0020498577505350113, 0.001260946155525744, 0.0013285564491525292, 0.0012849224731326103, 0.0009714813786558807, 0.0006000311113893986, 0.0002622650354169309, 0.00039140196167863905, 0.0002663252525962889, 0.00048233670531772077, 0.0004584028501994908, 0.0006525142234750092, 7.327961066039279e-05, 2.0623083401005715e-05, 2.7406645131122787e-06], "lowlevel.erbbands.mean": [0.21213538944721222, 3.051250457763672, 11.898286819458008, 13.142974853515625, 13.87065601348877, 10.218436241149902, 6.411741733551025, 5.02416467666626, 3.8654563426971436, 17.035770416259766, 18.17738914489746, 32.49501037597656, 19.277360916137695, 18.712961196899414, 63.85331344604492, 29.61133575439453, 52.09813690185547, 35.35552978515625, 44.733577728271484, 50.304107666015625, 45.15135192871094, 36.5352897644043, 37.33275604248047, 25.557849884033203, 23.03008270263672, 29.307260513305664, 17.034757614135742, 14.725700378417969, 17.23521614074707, 12.86181926727295, 8.840954780578613, 9.087556838989258, 4.094108581542969, 1.1461058855056763, 0.23471948504447937, 0.09055965393781662, 0.03496110066771507, 0.010034742765128613, 0.0002679049503058195, 6.0376562032615766e-05], "lowlevel.erbbands.stdev": [0.3709208369255066, 4.417786598205566, 14.597501754760742, 12.448382377624512, 37.3310661315918, 28.519750595092773, 14.580450057983398, 13.125496864318848, 12.351766586303711, 37.17496871948242, 36.17001724243164, 63.69408416748047, 26.43250846862793, 26.016807556152344, 102.87116241455078, 50.91495132446289, 99.93312072753906, 57.600181579589844, 71.67371368408203, 62.88368225097656, 51.870941162109375, 42.95191955566406, 35.23158645629883, 16.898826599121094, 14.482765197753906, 19.224103927612305, 11.437447547912598, 12.017680168151855, 18.19259262084961, 15.155447006225586, 12.569168090820312, 17.370603561401367, 7.2311296463012695, 1.483860969543457, 0.24187029898166656, 0.09653879702091217, 0.042525120079517365, 0.009679971262812614, 0.00024329604639206082, 3.017267954419367e-05], "lowlevel.gfcc.mean": [44.49418640136719, 58.447181701660156, -128.69375610351562, 52.3583984375, -50.68566131591797, 29.93402099609375, -27.171979904174805, 9.86577033996582, -19.914133071899414, -4.062891006469727, -20.83912467956543, -6.251001834869385, -18.604631423950195], "lowlevel.melbands.mean": [0.002539529697969556, 0.005534503608942032, 0.0022679134272038937, 0.0009145390358753502, 0.0002517122484277934, 0.00011128088226541877, 6.060420491849072e-05, 0.00020728062372654676, 0.00014885851123835891, 0.00020060731912963092, 8.904136484488845e-05, 6.0737685998901725e-05, 0.00021239333727862686, 9.757247607922181e-05, 9.42881524679251e-05, 0.00010155907511943951, 6.231608131201938e-05, 7.079209899529815e-05, 6.0587939515244216e-05, 8.062762935878709e-05, 4.585692295222543e-05, 3.696989006130025e-05, 3.817069955402985e-05, 2.963319275295362e-05, 1.9788212739513256e-05, 1.3815510101267137e-05, 2.2187861759448424e-05, 1.8275177353643812e-05, 1.1105181329185143e-05, 8.529782462574076e-06, 8.408796929870732e-06, 1.0318538443243597e-05, 8.131353752105497e-06, 6.814929292886518e-06, 4.976316631655209e-06, 4.9570235205465e-06, 5.931871783104725e-06, 3.3488752251287224e-06, 1.5807289628355647e-06, 7.02158729382063e-07], "lowlevel.melbands.stdev": [0.00363460136577487, 0.006559883244335651, 0.0022738808766007423, 0.0027098238933831453, 0.0005649417289532721, 0.00028049421962350607, 0.00019186823919881135, 0.00043975681182928383, 0.00027714401949197054, 0.00039588872459717095, 0.00013070425484329462, 9.143303032033145e-05, 0.0003531624679453671, 0.00016141317610163242, 0.0002089559711748734, 0.0001872123102657497, 0.00011938442185055465, 0.00011811720469268039, 9.100425813812762e-05, 0.00011192644160473719, 5.92483593209181e-05, 5.247223089099862e-05, 4.213828651700169e-05, 2.849761767720338e-05, 1.3889130059396848e-05, 9.586071428202558e-06, 1.5046674889163114e-05, 1.2842151591030415e-05, 8.427749889960978e-06, 6.3279721871367656e-06, 7.444201401085593e-06, 1.0977579222526401e-05, 9.84324469754938e-06, 8.628618161310442e-06, 6.936605132068507e-06, 8.90936644282192e-06, 1.1976423593296204e-05, 6.215841494849883e-06, 2.4469406980642816e-06, 8.248656513387687e-07], "lowlevel.melbands128.mean": [0.0003282073885202408, 0.0013713142834603786, 0.0028544501401484013, 0.005866684019565582, 0.006365343928337097, 0.005353424698114395, 0.0028300767298787832, 0.0011700724717229605, 0.0015728749567642808, 0.001048378529958427, 0.0004323762550484389, 0.00031752034556120634, 0.00020811033027712256, 0.00015886897745076567, 0.00012685454566963017, 7.7877237345092e-05, 5.391854210756719e-05, 4.575033381115645e-05, 7.366904901573434e-05, 0.00021539417502935976, 0.0002910130424425006, 0.00014794131857343018, 0.0001127872965298593, 0.00014200457371771336, 0.0002755189489107579, 0.00020440951630007476, 9.332613262813538e-05, 0.00010559938527876511, 4.8264777433359995e-05, 3.785734952543862e-05, 5.190391675569117e-05, 0.00012499024160206318, 0.0002615947159938514, 0.00027862898423336446, 9.076275455299765e-05, 5.956295717624016e-05, 6.136273441370577e-05, 7.172560435719788e-05, 0.00013676667003892362, 0.0001431429700460285, 8.613337558927014e-05, 5.494776269188151e-05, 5.456346116261557e-05, 7.494868623325601e-05, 6.239536014618352e-05, 6.709116860292852e-05, 8.654699922772124e-05, 5.659147063852288e-05, 4.6994839067338035e-05, 7.2031507443171e-05, 0.00010084396490128711, 7.638000533916056e-05, 3.6350571463117376e-05, 4.031454227515496e-05, 4.436351082404144e-05, 3.268736327299848e-05, 3.5362911148695275e-05, 3.911297972081229e-05, 4.066820110892877e-05, 3.319023744552396e-05, 3.0251196221797727e-05, 2.589197174529545e-05, 2.3492866603191942e-05, 1.808616434573196e-05, 1.3226853297965135e-05, 1.2982611224288121e-05, 1.3803286492475308e-05, 1.755075754772406e-05, 2.5524575903546065e-05, 2.8020614990964532e-05, 1.82216663233703e-05, 1.3375465641729534e-05, 1.2943204637849703e-05, 1.0933125849987846e-05, 8.577244443586096e-06, 8.982928193290718e-06, 8.066413101914804e-06, 8.216474270739127e-06, 8.312263162224554e-06, 8.183119462046307e-06, 1.1731331142073032e-05, 1.0713227311498486e-05, 8.553502084396314e-06, 8.389954928134102e-06, 7.035094768070849e-06, 7.3598548624431714e-06, 6.675611984974239e-06, 5.762055025115842e-06, 4.6794448280707e-06, 4.67116524305311e-06, 4.5651718210137915e-06, 4.900938165519619e-06, 5.8071927924174815e-06, 6.288332770054694e-06, 6.066473815735662e-06, 4.606269158102805e-06, 2.6174416234425735e-06, 1.5783319895490422e-06, 1.8676807940209983e-06, 1.4616312000725884e-06, 8.916655360735604e-07, 6.086602866162139e-07, 4.030791842524195e-07, 2.4819152599775407e-07, 1.8846553473395034e-07, 2.0546217172068282e-07, 2.2419290246489254e-07, 2.000120815637274e-07, 1.348420255453675e-07, 1.238782942891703e-07, 1.0649651471794641e-07, 1.0469081246355927e-07, 1.0598697031127813e-07, 1.2511192437614227e-07, 9.311237647580128e-08, 1.2943173999246937e-07, 9.576486093010317e-08, 1.7222982151565702e-08, 3.471488721484839e-11, 1.0842816228207042e-11, 7.785640188107124e-12, 7.513752640908589e-12, 7.275192167449651e-12, 6.954841650502752e-12, 6.2880152473798745e-12, 5.391353596201354e-12, 4.902325507344374e-12, 4.8149865171376316e-12], "lowlevel.melbands128.stdev": [0.0005669130478054285, 0.0031351346988230944, 0.0047176796942949295, 0.009216382168233395, 0.009231321513652802, 0.005505269393324852, 0.002928532427176833, 0.0017890300368890166, 0.004641370847821236, 0.0037210858426988125, 0.0012508303625509143, 0.0008366230758838356, 0.0005669062957167625, 0.00041105569107457995, 0.0004001848283223808, 0.0002256431762361899, 0.0002028592862188816, 0.00023148575564846396, 0.00023305481590796262, 0.0005699199973605573, 0.0006708856672048569, 0.00046672322787344456, 0.00036324418033473194, 0.00030607343069277704, 0.0006906804628670216, 0.0005601754528470337, 0.00019726803293451667, 0.00019890176190529019, 6.705544365104288e-05, 5.533574221772142e-05, 0.00011854854528792202, 0.00031249437597580254, 0.0005499956314451993, 0.0005618440918624401, 0.00019324413733556867, 0.00019685860024765134, 0.000157317248522304, 0.00029396070749498904, 0.00040045878267847, 0.0003308864834252745, 0.00021761680545751005, 0.00011045624705730006, 0.00015249577700160444, 0.00017554628720972687, 0.00013801586464978755, 0.0001524021936347708, 0.000208684490644373, 0.00011922765406779945, 0.000100992365332786, 0.00014987112081144005, 0.00017773186846170574, 0.00014934355567675084, 5.128976044943556e-05, 6.9441317464225e-05, 0.0001399241591570899, 3.892500535584986e-05, 5.0767128414008766e-05, 5.6873464927775785e-05, 5.4987420298857614e-05, 4.226090095471591e-05, 4.242954673827626e-05, 2.5217643269570544e-05, 2.1586554794339463e-05, 1.5682689991081133e-05, 1.1279004866082687e-05, 1.1481703040772118e-05, 1.1880900274263695e-05, 1.6551748558413237e-05, 2.0575163944158703e-05, 2.368308196309954e-05, 1.847613566496875e-05, 1.162488479167223e-05, 1.2449703717720695e-05, 1.0285941243637353e-05, 7.166279374359874e-06, 7.557907338195946e-06, 7.64921605878044e-06, 9.608779691916425e-06, 8.292555321531836e-06, 8.56128190207528e-06, 1.409103333571693e-05, 1.2423987755028065e-05, 1.2256967238499783e-05, 1.1847145287902094e-05, 8.886526302376296e-06, 9.415371096110903e-06, 1.027410507958848e-05, 8.3497861851356e-06, 7.077329428284429e-06, 7.468956482625799e-06, 9.374435649078805e-06, 9.905063052428886e-06, 1.2359293577901553e-05, 1.4228106920199934e-05, 1.2569426871777978e-05, 9.389851584273856e-06, 5.240571226750035e-06, 2.9838054160791216e-06, 3.40926840181055e-06, 2.2229182832234073e-06, 1.2503527386797941e-06, 7.455707873305073e-07, 5.696590505976928e-07, 3.4187701203336474e-07, 2.572558344127174e-07, 2.925683588728134e-07, 2.865123178708018e-07, 2.5410878379261703e-07, 1.813532435335219e-07, 1.629464634333999e-07, 1.6944821368269913e-07, 1.641862894530277e-07, 1.7547898778502713e-07, 1.7864174139958777e-07, 1.0802742167470569e-07, 1.3093415418552468e-07, 9.70809495015601e-08, 3.161792250239159e-08, 5.316208029348957e-10, 8.387474048632271e-11, 3.917038915446369e-11, 3.6622673643682546e-11, 3.431001663334321e-11, 2.978510493800712e-11, 2.132277340805011e-11, 1.0505976297259245e-11, 7.309978143632545e-12, 7.2371661614945015e-12], "lowlevel.mfcc.mean": [-589.0537719726562, 78.13687133789062, -7.799757480621338, 25.865205764770508, 7.905652046203613, 18.96219253540039, 7.074553489685059, 14.87016487121582, 5.030806064605713, 8.556537628173828, -1.2554988861083984, 2.6297225952148438, -2.830871343612671], "lowlevel.spectral_contrast_coeffs.mean": [-0.6549999713897705, -0.7688365578651428, -0.7820886969566345, -0.7853771448135376, -0.8010561466217041, -0.707094132900238], "lowlevel.spectral_contrast_coeffs.stdev": [0.08288134634494781, 0.07666173577308655, 0.0617862343788147, 0.04468914121389389, 0.024610375985503197, 0.03168921917676926], "lowlevel.spectral_contrast_valleys.mean": [-6.8476128578186035, -6.885687828063965, -6.941539287567139, -6.8922600746154785, -6.627993583679199, -9.647001266479492], "lowlevel.spectral_contrast_valleys.stdev": [0.9981620907783508, 0.562179446220398, 0.4930112063884735, 0.4260968863964081, 0.3522191345691681, 0.5052327513694763], "rhythm.beats_loudness_band_ratio.mean": [0.6320242285728455, 0.09042459726333618, 0.07192065566778183, 0.09789109975099564, 0.11171060055494308, 0.052347078919410706], "rhythm.beats_loudness_band_ratio.stdev": [0.2616729438304901, 0.12198923528194427, 0.10581391304731369, 0.1120225191116333, 0.11911939829587936, 0.04216141626238823], "tonal.hpcp.mean": [0.09225546568632126, 0.07692734897136688, 0.06336572021245956, 0.05085471644997597, 0.05028948187828064, 0.0934940055012703, 0.17371365427970886, 0.19176267087459564, 0.23037368059158325, 0.3190554678440094, 0.22723527252674103, 0.08263935893774033, 0.051697634160518646, 0.04811213165521622, 0.056039851158857346, 0.07943729311227798, 0.07086598873138428, 0.04554936662316322, 0.042341914027929306, 0.038086049258708954, 0.04163137078285217, 0.07975103706121445, 0.12486018985509872, 0.17267686128616333, 0.21170446276664734, 0.15415076911449432, 0.08466905355453491, 0.08797149360179901, 0.11453333497047424, 0.20009452104568481, 0.24413235485553741, 0.1643802672624588, 0.09652221947908401, 0.07877037674188614, 0.07360924780368805, 0.08612708002328873], "tonal.hpcp.stdev": [0.2164096087217331, 0.17904554307460785, 0.16181237995624542, 0.13540731370449066, 0.13687101006507874, 0.20985065400600433, 0.28166189789772034, 0.29813718795776367, 0.2768736779689789, 0.3701460361480713, 0.2839265465736389, 0.17247368395328522, 0.12414489686489105, 0.1281527876853943, 0.1358981430530548, 0.16469576954841614, 0.14128084480762482, 0.10057888925075531, 0.10893073678016663, 0.09684024006128311, 0.08186766505241394, 0.14105479419231415, 0.20691992342472076, 0.25938478112220764, 0.32718217372894287, 0.2578698396682739, 0.17259971797466278, 0.19699996709823608, 0.22708569467067719, 0.3069249093532562, 0.3490452468395233, 0.2634713649749756, 0.21059438586235046, 0.1887028068304062, 0.18162639439105988, 0.20216944813728333], "rhythm.beats_position": [0.5340589284896851, 1.1029478311538696, 1.6718367338180542, 2.2291154861450195, 2.798004388809204, 3.3668932914733887, 3.9241721630096436, 4.493061065673828, 5.061950206756592, 5.619228839874268, 6.188117980957031, 6.757006645202637, 7.3258957862854, 7.883174419403076, 8.44045352935791, 8.997732162475586, 9.566620826721191, 10.147119522094727, 10.704399108886719, 11.261677742004395, 11.81895637512207, 12.387845993041992, 12.956734657287598, 13.525623321533203, 14.094511985778809, 14.6517915725708, 15.220680236816406, 15.777958869934082, 16.346847534179688, 16.92734718322754, 17.4846248626709, 18.04190444946289, 18.610794067382812, 19.1796817779541, 19.736961364746094, 20.294239044189453, 20.863128662109375, 21.432018280029297, 22.000905990600586, 22.569795608520508, 23.1270751953125, 23.69596290588379, 24.26485252380371, 24.82213020324707, 25.391019821166992, 25.959909439086914], "rhythm.bpm_histogram": [0.0, 0.0, 0.0, 0.0, 0.0, 0.0, 0.0, 0.0, 0.0, 0.0, 0.0, 0.0, 0.0, 0.0, 0.0, 0.0, 0.0, 0.0, 0.0, 0.0, 0.0, 0.0, 0.0, 0.0, 0.0, 0.0, 0.0, 0.0, 0.0, 0.0, 0.0, 0.0, 0.0, 0.0, 0.0, 0.0, 0.0, 0.0, 0.0, 0.0, 0.0, 0.0, 0.0, 0.0, 0.0, 0.0, 0.0, 0.0, 0.0, 0.0, 0.0, 0.0, 0.0, 0.0, 0.0, 0.0, 0.0, 0.0, 0.0, 0.0, 0.0, 0.0, 0.0, 0.0, 0.0, 0.0, 0.0, 0.0, 0.0, 0.0, 0.0, 0.0, 0.0, 0.0, 0.0, 0.0, 0.0, 0.0, 0.0, 0.0, 0.0, 0.0, 0.0, 0.0, 0.0, 0.0, 0.0, 0.0, 0.0, 0.0, 0.0, 0.0, 0.0, 0.0, 0.0, 0.0, 0.0, 0.0, 0.0, 0.0, 0.0, 0.0, 0.0, 0.04444444552063942, 0.0, 0.5777778029441833, 0.0, 0.0, 0.3777777850627899, 0.0, 0.0, 0.0, 0.0, 0.0, 0.0, 0.0, 0.0, 0.0, 0.0, 0.0, 0.0, 0.0, 0.0, 0.0, 0.0, 0.0, 0.0, 0.0, 0.0, 0.0, 0.0, 0.0, 0.0, 0.0, 0.0, 0.0, 0.0, 0.0, 0.0, 0.0, 0.0, 0.0, 0.0, 0.0, 0.0, 0.0, 0.0, 0.0, 0.0, 0.0, 0.0, 0.0, 0.0, 0.0, 0.0, 0.0, 0.0, 0.0, 0.0, 0.0, 0.0, 0.0, 0.0, 0.0, 0.0, 0.0, 0.0, 0.0, 0.0, 0.0, 0.0, 0.0, 0.0, 0.0, 0.0, 0.0, 0.0, 0.0, 0.0, 0.0, 0.0, 0.0, 0.0, 0.0, 0.0, 0.0, 0.0, 0.0, 0.0, 0.0, 0.0, 0.0, 0.0, 0.0, 0.0, 0.0, 0.0, 0.0, 0.0, 0.0, 0.0, 0.0, 0.0, 0.0, 0.0, 0.0, 0.0, 0.0, 0.0, 0.0, 0.0, 0.0, 0.0, 0.0, 0.0, 0.0, 0.0, 0.0, 0.0, 0.0, 0.0, 0.0, 0.0, 0.0, 0.0, 0.0, 0.0, 0.0, 0.0, 0.0, 0.0, 0.0, 0.0, 0.0, 0.0, 0.0, 0.0, 0.0, 0.0, 0.0, 0.0, 0.0, 0.0, 0.0, 0.0, 0.0, 0.0, 0.0, 0.0, 0.0], "tonal.chords_histogram": [29.370630264282227, 16.60839080810547, 5.069930076599121, 2.2727272510528564, 0.0, 0.0, 0.0, 0.0, 0.8741258978843689, 0.0, 0.0, 0.0, 0.0, 0.0, 0.0, 17.48251724243164, 0.0, 6.818181991577148, 0.0, 0.0, 0.0, 0.0, 21.503496170043945, 0.0], "tonal.thpcp": [1.0, 0.7122124433517456, 0.25901252031326294, 0.16203337907791138, 0.15079550445079803, 0.1756429672241211, 0.2489764392375946, 0.22211182117462158, 0.142763152718544, 0.13271020352840424, 0.11937125027179718, 0.13048318028450012, 0.2499597817659378, 0.39134320616722107, 0.5412126779556274, 0.6635349988937378, 0.4831472337245941, 0.265374094247818, 0.27572476863861084, 0.35897624492645264, 0.6271464824676514, 0.7651721239089966, 0.5152090787887573, 0.3025248944759369, 0.24688614904880524, 0.23070988059043884, 0.2699439227581024, 0.2891518175601959, 0.24110963940620422, 0.19860409200191498, 0.15939146280288696, 0.1576198786497116, 0.2930336892604828, 0.544462263584137, 0.6010323762893677, 0.7220489978790283], "lowlevel.gfcc.cov": [[1490.43603515625, 562.0117797851562, 304.35028076171875, 279.5040283203125, 235.08262634277344, 123.24266052246094, 4.6584086418151855, -6.479881763458252, -58.198421478271484, -96.20973205566406, -90.11347198486328, -85.84351348876953, -12.09182071685791], [562.0117797851562, 954.2088012695312, 327.1542053222656, 293.7971496582031, 396.8390808105469, 156.36326599121094, 169.32969665527344, 62.818504333496094, -2.286193609237671, -48.76225662231445, -37.868350982666016, -87.10665893554688, 47.94635009765625], [304.35028076171875, 327.1542053222656, 464.64898681640625, 332.1784362792969, 202.48521423339844, 107.89668273925781, 25.441564559936523, 37.982906341552734, 0.11964190751314163, -39.3263053894043, -16.983261108398438, -25.024038314819336, 4.242519855499268], [279.5040283203125, 293.7971496582031, 332.1784362792969, 401.50921630859375, 275.9963684082031, 118.28741455078125, 50.83427429199219, 71.30985260009766, 70.31320190429688, -33.1502799987793, -18.124073028564453, -25.72221565246582, 33.60636520385742], [235.08262634277344, 396.8390808105469, 202.48521423339844, 275.9963684082031, 417.2884826660156, 236.34178161621094, 210.1466064453125, 118.42449188232422, 69.4003677368164, -6.552562713623047, -14.322306632995605, -40.4129638671875, 37.353843688964844], [123.24266052246094, 156.36326599121094, 107.89668273925781, 118.28741455078125, 236.34178161621094, 302.85906982421875, 231.5130615234375, 89.91267395019531, 6.126553535461426, -9.33548355102539, 20.76535987854004, -37.06669616699219, -0.5996851325035095], [4.6584086418151855, 169.32969665527344, 25.441564559936523, 50.83427429199219, 210.1466064453125, 231.5130615234375, 311.4540710449219, 137.66912841796875, 57.406944274902344, 30.22643280029297, 37.930084228515625, -21.03866195678711, -1.1374841928482056], [-6.479881763458252, 62.818504333496094, 37.982906341552734, 71.30985260009766, 118.42449188232422, 89.91267395019531, 137.66912841796875, 180.2928466796875, 122.79060363769531, 35.484153747558594, -4.023746013641357, -12.450688362121582, 18.287782669067383], [-58.198421478271484, -2.286193609237671, 0.11964190751314163, 70.31320190429688, 69.4003677368164, 6.126553535461426, 57.406944274902344, 122.79060363769531, 189.0077667236328, 69.7437973022461, 20.3505859375, 3.8449156284332275, 30.279773712158203], [-96.20973205566406, -48.76225662231445, -39.3263053894043, -33.1502799987793, -6.552562713623047, -9.33548355102539, 30.22643280029297, 35.484153747558594, 69.7437973022461, 97.49022674560547, 58.4161491394043, 21.31649398803711, -0.8292767405509949], [-90.11347198486328, -37.868350982666016, -16.983261108398438, -18.124073028564453, -14.322306632995605, 20.76535987854004, 37.930084228515625, -4.023746013641357, 20.3505859375, 58.4161491394043, 123.82412719726562, 57.49766540527344, -0.7519261240959167], [-85.84351348876953, -87.10665893554688, -25.024038314819336, -25.72221565246582, -40.4129638671875, -37.06669616699219, -21.03866195678711, -12.450688362121582, 3.8449156284332275, 21.31649398803711, 57.49766540527344, 92.89401245117188, 39.41156005859375], [-12.09182071685791, 47.94635009765625, 4.242519855499268, 33.60636520385742, 37.353843688964844, -0.5996851325035095, -1.1374841928482056, 18.287782669067383, 30.279773712158203, -0.8292767405509949, -0.7519261240959167, 39.41156005859375, 84.79894256591797]], "lowlevel.gfcc.icov": [[0.001035055029205978, -0.0007751491502858698, 0.0002128368359990418, -0.0005297064199112356, 0.00044101415551267564, -0.0009840917773544788, 0.0007542629027739167, 3.0110162697383203e-05, -0.00010499609197722748, -3.311954787932336e-05, 0.0008959820261225104, -0.0008678174926899374, 0.0010359912412241101], [-0.0007751491502858698, 0.0036861326079815626, -0.002161752199754119, 0.0016845663776621222, -0.0037424254696816206, 0.004082965664565563, -0.002244013361632824, 7.675113738514483e-05, 0.0015480602160096169, 0.0012601526686921716, -0.003476728219538927, 0.005786031484603882, -0.004383837338536978], [0.0002128368359990418, -0.002161752199754119, 0.007676779758185148, -0.007228533737361431, 0.0032279135193675756, -0.003085455857217312, 0.001834575436078012, -0.0016527859261259437, 0.0022899776231497526, -0.0024676991160959005, 0.002435323316603899, -0.004008146468549967, 0.003713218029588461], [-0.0005297064199112356, 0.0016845663776621222, -0.007228533737361431, 0.013659073039889336, -0.007819699123501778, 0.001916605280712247, 0.002105905208736658, 0.0006190996500663459, -0.004945763386785984, 0.006275357212871313, -0.004490479361265898, 0.0034757358953356743, -0.0025545121170580387], [0.00044101415551267564, -0.0037424254696816206, 0.0032279135193675756, -0.007819699123501778, 0.013661662116646767, -0.007031385786831379, -0.001859557582065463, 0.0008699141908437014, -0.0010992430616170168, -0.00420124689117074, 0.006449130363762379, -0.0052640135399997234, 0.0016913226572796702], [-0.0009840917773544788, 0.004082965664565563, -0.003085455857217312, 0.001916605280712247, -0.007031385786831379, 0.016232969239354134, -0.00858757458627224, -0.0013420907780528069, 0.004881433676928282, 0.0036665508523583412, -0.00801167543977499, 0.010514515452086926, -0.006332731805741787], [0.0007542629027739167, -0.002244013361632824, 0.001834575436078012, 0.002105905208736658, -0.001859557582065463, -0.00858757458627224, 0.014441393315792084, -0.006410510744899511, -0.00016718079859856516, -0.0003923684998881072, -0.0013431361876428127, -0.0030215394217520952, 0.004232844803482294], [3.0110162697383203e-05, 7.675113738514483e-05, -0.0016527859261259437, 0.0006190996500663459, 0.0008699141908437014, -0.0013420907780528069, -0.006410510744899511, 0.017854245379567146, -0.010768353007733822, -0.00022554922907147557, 0.006017386447638273, -0.002924359403550625, 0.0007245253655128181], [-0.00010499609197722748, 0.0015480602160096169, 0.0022899776231497526, -0.004945763386785984, -0.0010992430616170168, 0.004881433676928282, -0.00016718079859856516, -0.010768353007733822, 0.018774790689349174, -0.008647575043141842, -0.0032418195623904467, 0.006336366757750511, -0.005968276411294937], [-3.311954787932336e-05, 0.0012601526686921716, -0.0024676991160959005, 0.006275357212871313, -0.00420124689117074, 0.0036665508523583412, -0.0003923684998881072, -0.00022554922907147557, -0.008647575043141842, 0.024888649582862854, -0.012101228348910809, 0.003738934174180031, 0.00032543856650590897], [0.0008959820261225104, -0.003476728219538927, 0.002435323316603899, -0.004490479361265898, 0.006449130363762379, -0.00801167543977499, -0.0013431361876428127, 0.006017386447638273, -0.0032418195623904467, -0.012101228348910809, 0.02576046995818615, -0.020283395424485207, 0.010232757776975632], [-0.0008678174926899374, 0.005786031484603882, -0.004008146468549967, 0.0034757358953356743, -0.0052640135399997234, 0.010514515452086926, -0.0030215394217520952, -0.002924359403550625, 0.006336366757750511, 0.003738934174180031, -0.020283395424485207, 0.036408811807632446, -0.020916275680065155], [0.0010359912412241101, -0.004383837338536978, 0.003713218029588461, -0.0025545121170580387, 0.0016913226572796702, -0.006332731805741787, 0.004232844803482294, 0.0007245253655128181, -0.005968276411294937, 0.00032543856650590897, 0.010232757776975632, -0.020916275680065155, 0.0263025164604187]], "lowlevel.mfcc.cov": [[1237.599853515625, 372.5093994140625, 158.43409729003906, 190.5271453857422, 189.20294189453125, 113.46878814697266, 81.06759643554688, 48.6469612121582, 50.70904541015625, -26.915264129638672, -42.831268310546875, -58.66203689575195, -48.95208740234375], [372.5093994140625, 723.6629028320312, 80.52693176269531, 209.275146484375, 179.7392578125, 152.96652221679688, 198.19869995117188, 83.23712158203125, 124.31887817382812, 32.76811599731445, 8.019142150878906, -2.8319718837738037, -1.4795793294906616], [158.43409729003906, 80.52693176269531, 343.6424560546875, 175.18019104003906, 146.2813720703125, 48.391719818115234, 23.697431564331055, 24.69675636291504, -7.149275302886963, -16.88343048095703, -24.605642318725586, 4.200305938720703, -9.20082950592041], [190.5271453857422, 209.275146484375, 175.18019104003906, 322.84033203125, 229.0743408203125, 69.3106689453125, 20.23267364501953, 61.59889221191406, 98.56021881103516, 30.244108200073242, -9.478731155395508, 9.10761547088623, 15.349678039550781], [189.20294189453125, 179.7392578125, 146.2813720703125, 229.0743408203125, 287.274169921875, 121.8793716430664, 74.93962097167969, 86.93144226074219, 112.7459945678711, 49.03135681152344, -6.836672306060791, -0.4506443738937378, -1.6864356994628906], [113.46878814697266, 152.96652221679688, 48.391719818115234, 69.3106689453125, 121.8793716430664, 205.76315307617188, 193.25460815429688, 96.46882629394531, 61.30420684814453, 50.229400634765625, 21.99444007873535, 4.194238185882568, 2.6434245109558105], [81.06759643554688, 198.19869995117188, 23.697431564331055, 20.23267364501953, 74.93962097167969, 193.25460815429688, 300.1563415527344, 149.27452087402344, 77.03346252441406, 59.28044891357422, 47.953731536865234, 32.00586700439453, 17.021625518798828], [48.6469612121582, 83.23712158203125, 24.69675636291504, 61.59889221191406, 86.93144226074219, 96.46882629394531, 149.27452087402344, 167.0467071533203, 125.65853881835938, 71.2901611328125, 27.356674194335938, 31.271387100219727, 25.613418579101562], [50.70904541015625, 124.31887817382812, -7.149275302886963, 98.56021881103516, 112.7459945678711, 61.30420684814453, 77.03346252441406, 125.65853881835938, 209.81568908691406, 117.50978088378906, 30.491941452026367, 15.395484924316406, 21.886016845703125], [-26.915264129638672, 32.76811599731445, -16.88343048095703, 30.244108200073242, 49.03135681152344, 50.229400634765625, 59.28044891357422, 71.2901611328125, 117.50978088378906, 135.74301147460938, 67.14411163330078, 38.136600494384766, 17.667444229125977], [-42.831268310546875, 8.019142150878906, -24.605642318725586, -9.478731155395508, -6.836672306060791, 21.99444007873535, 47.953731536865234, 27.356674194335938, 30.491941452026367, 67.14411163330078, 95.33064270019531, 62.02518844604492, 19.03453826904297], [-58.66203689575195, -2.8319718837738037, 4.200305938720703, 9.10761547088623, -0.4506443738937378, 4.194238185882568, 32.00586700439453, 31.271387100219727, 15.395484924316406, 38.136600494384766, 62.02518844604492, 112.9168472290039, 53.07661056518555], [-48.95208740234375, -1.4795793294906616, -9.20082950592041, 15.349678039550781, -1.6864356994628906, 2.6434245109558105, 17.021625518798828, 25.613418579101562, 21.886016845703125, 17.667444229125977, 19.03453826904297, 53.07661056518555, 83.38091278076172]], "lowlevel.mfcc.icov": [[0.0010690782219171524, -0.00047969489241950214, -0.00021718736388720572, -1.1053488378820475e-05, -0.0002137248229701072, -0.00035372725687921047, 0.0003861795412376523, -0.0003711589961312711, 2.6122357667190954e-05, 0.00046328461030498147, -0.00017452769679948688, 0.00031955575104802847, 0.00037067761877551675], [-0.00047969489241950214, 0.0027785615529865026, 0.00034550135023891926, -0.0017362686339765787, 0.00018118681327905506, 0.0005156637053005397, -0.0030813179910182953, 0.0028591249138116837, -0.0022027227096259594, 0.0011362736113369465, 0.00012775456707458943, -0.000318969483487308, 0.00037479153252206743], [-0.00021718736388720572, 0.00034550135023891926, 0.004953433759510517, -0.002551750047132373, -0.0013087078696116805, 0.0008093389333225787, -0.00093773880507797, -0.0007141244714148343, 0.002740283263847232, -0.0009819589322432876, 0.001593868713825941, -0.0010698833502829075, 0.0010596219217404723], [-1.1053488378820475e-05, -0.0017362686339765787, -0.002551750047132373, 0.010259050875902176, -0.005740330554544926, -0.0006867371848784387, 0.0036270925775170326, -0.0013127976562827826, -0.0015914406394585967, 0.0015978205483406782, -0.001414588070474565, 8.855465421220288e-05, -0.0022932561114430428], [-0.0002137248229701072, 0.00018118681327905506, -0.0013087078696116805, -0.005740330554544926, 0.012086660601198673, -0.005765645299106836, 0.0018516362179070711, -0.00043383779120631516, -0.003098612418398261, 0.00015671926666982472, 0.0016725760651752353, -0.0013280598213896155, 0.002216276014223695], [-0.00035372725687921047, 0.0005156637053005397, 0.0008093389333225787, -0.0006867371848784387, -0.005765645299106836, 0.018618090078234673, -0.012188971973955631, 0.0019185057608410716, 0.0035115976352244616, -0.004876105114817619, 0.0014533379580825567, 0.0028088002000004053, -0.0007989717414602637], [0.0003861795412376523, -0.0030813179910182953, -0.00093773880507797, 0.0036270925775170326, 0.0018516362179070711, -0.012188971973955631, 0.018018508329987526, -0.011832937598228455, 0.0025187318678945303, 0.002127555664628744, -0.004421901889145374, 1.9296012396807782e-05, -0.0003334723296575248], [-0.0003711589961312711, 0.0028591249138116837, -0.0007141244714148343, -0.0013127976562827826, -0.00043383779120631516, 0.0019185057608410716, -0.011832937598228455, 0.023724254220724106, -0.012403376400470734, 0.0019119724165648222, 0.003074799897149205, -0.00371950538828969, -0.0004297447740100324], [2.6122357667190954e-05, -0.0022027227096259594, 0.002740283263847232, -0.0015914406394585967, -0.003098612418398261, 0.0035115976352244616, 0.0025187318678945303, -0.012403376400470734, 0.02188047207891941, -0.015036174096167088, 0.003668767400085926, 0.0035708502400666475, -0.0019742553122341633], [0.00046328461030498147, 0.0011362736113369465, -0.0009819589322432876, 0.0015978205483406782, 0.00015671926666982472, -0.004876105114817619, 0.002127555664628744, 0.0019119724165648222, -0.015036174096167088, 0.02664707973599434, -0.014511733315885067, -7.533899770351127e-05, 0.0006870331126265228], [-0.00017452769679948688, 0.00012775456707458943, 0.001593868713825941, -0.001414588070474565, 0.0016725760651752353, 0.0014533379580825567, -0.004421901889145374, 0.003074799897149205, 0.003668767400085926, -0.014511733315885067, 0.028323188424110413, -0.012730115093290806, 0.0040315911173820496], [0.00031955575104802847, -0.000318969483487308, -0.0010698833502829075, 8.855465421220288e-05, -0.0013280598213896155, 0.0028088002000004053, 1.9296012396807782e-05, -0.00371950538828969, 0.0035708502400666475, -7.533899770351127e-05, -0.012730115093290806, 0.021485738456249237, -0.010621792636811733], [0.00037067761877551675, 0.00037479153252206743, 0.0010596219217404723, -0.0022932561114430428, 0.002216276014223695, -0.0007989717414602637, -0.0003334723296575248, -0.0004297447740100324, -0.0019742553122341633, 0.0006870331126265228, 0.0040315911173820496, -0.010621792636811733, 0.01924041099846363]], "metadata.audio_properties.analysis.downmix": "mix", "metadata.audio_properties.codec": "mp3", "metadata.audio_properties.md5_encoded": "d58544d6e46a973b119283100d1919b1", "metadata.tags.file_name": "1183688303485124629.mp3", "metadata.version.essentia": "2.1-beta6-dev", "metadata.version.essentia_git_sha": "v2.1_beta5-1110-g77a6a954", "metadata.version.extractor": "music 2.0", "tonal.chords_key": "C", "tonal.chords_scale": "major", "tonal.key_edma.key": "C", "tonal.key_edma.scale": "major", "tonal.key_krumhansl.key": "C", "tonal.key_krumhansl.scale": "major", "tonal.key_temperley.key": "C", "tonal.key_temperley.scale": "major", "metadata.tags.encoding": ["Lavf58.45.100"]}, "essentia_models": [{"model_name": "genre_dortmund", "activations": {"alternative": "0.013734306", "blues": "9.194881e-05", "electronic": "0.00064232404", "folkcountry": "0.00010386178", "funksoulrnb": "0.0011094492", "jazz": "0.0002622177", "pop": "0.00047762718", "raphiphop": "0.0012090254", "rock": "0.9675411"}}, {"model_name": "genre_rosamerica", "activations": {"classic": "0.00043089266", "dance": "