{"song_id": "1183707287483854918", "download": "https://cdn.discordapp.com/attachments/1128313332273782784/1183707287483854918/chirp.mp4?ex=65895051&amp", "lyrics": "[Verse]\nVous pensez que cette impact est trop petit et que \u00e7a ne vaut pas le coup de s'en occuper? Quand il fait chaud comme aujourd'hui, on met la clim (bip bip bip voooo crak) Et voil\u00e0, l'impact n'a pas support\u00e9 le changement brutal de temp\u00e9rature! \n\n[Chorus]\nBien s\u00fbr, si demain \u00e7a vous arrive, chez Carglass on remplacera votre pare-brise, mais vous risquez de payer une franchise. Alors que si vous appelez Carglass d\u00e8s que vous avez un impact, on vient chez vous.", "style": ["Folk</span><span>, acoustic guitar and Female vocalist</span><span>, folk</span><span>, like Judy Collins</span><span>, slow tempo"], "essentia_features": {"lowlevel.average_loudness": 0.972125232219696, "lowlevel.barkbands_crest.mean": 11.744576454162598, "lowlevel.barkbands_crest.stdev": 3.7620468139648438, "lowlevel.barkbands_flatness_db.mean": 0.1476754993200302, "lowlevel.barkbands_flatness_db.stdev": 0.05227036774158478, "lowlevel.barkbands_kurtosis.mean": 8.649731636047363, "lowlevel.barkbands_kurtosis.stdev": 13.928260803222656, "lowlevel.barkbands_skewness.mean": 2.236403465270996, "lowlevel.barkbands_skewness.stdev": 1.6615604162216187, "lowlevel.barkbands_spread.mean": 23.891132354736328, "lowlevel.barkbands_spread.stdev": 18.034507751464844, "lowlevel.dissonance.mean": 0.47546717524528503, "lowlevel.dissonance.stdev": 0.022257838398218155, "lowlevel.dynamic_complexity": 2.2230987548828125, "lowlevel.erbbands_crest.mean": 8.318632125854492, "lowlevel.erbbands_crest.stdev": 4.183794975280762, "lowlevel.erbbands_flatness_db.mean": 0.13331985473632812, "lowlevel.erbbands_flatness_db.stdev": 0.04320770874619484, "lowlevel.erbbands_kurtosis.mean": 0.402082622051239, "lowlevel.erbbands_kurtosis.stdev": 2.3768391609191895, "lowlevel.erbbands_skewness.mean": -0.20146891474723816, "lowlevel.erbbands_skewness.stdev": 0.8636345267295837, "lowlevel.erbbands_spread.mean": 49.517478942871094, "lowlevel.erbbands_spread.stdev": 23.592758178710938, "lowlevel.hfc.mean": 21.60596466064453, "lowlevel.hfc.stdev": 18.254047393798828, "lowlevel.loudness_ebu128.integrated": -17.259063720703125, "lowlevel.loudness_ebu128.loudness_range": 1.0984001159667969, "lowlevel.loudness_ebu128.momentary.mean": -17.583396911621094, "lowlevel.loudness_ebu128.momentary.stdev": 3.1409223079681396, "lowlevel.loudness_ebu128.short_term.mean": -17.33426856994629, "lowlevel.loudness_ebu128.short_term.stdev": 0.3782903552055359, "lowlevel.melbands_crest.mean": 16.950185775756836, "lowlevel.melbands_crest.stdev": 5.416960716247559, "lowlevel.melbands_flatness_db.mean": 0.23022478818893433, "lowlevel.melbands_flatness_db.stdev": 0.0671597570180893, "lowlevel.melbands_kurtosis.mean": 31.048131942749023, "lowlevel.melbands_kurtosis.stdev": 37.27797317504883, "lowlevel.melbands_skewness.mean": 4.177826404571533, "lowlevel.melbands_skewness.stdev": 2.4360458850860596, "lowlevel.melbands_spread.mean": 20.651582717895508, "lowlevel.melbands_spread.stdev": 19.52469825744629, "lowlevel.pitch_salience.mean": 0.49853208661079407, "lowlevel.pitch_salience.stdev": 0.11355040967464447, "lowlevel.silence_rate_20dB.mean": 1.0, "lowlevel.silence_rate_20dB.stdev": 0.0, "lowlevel.silence_rate_30dB.mean": 0.9859783053398132, "lowlevel.silence_rate_30dB.stdev": 0.11757945269346237, "lowlevel.silence_rate_60dB.mean": 0.016571063548326492, "lowlevel.silence_rate_60dB.stdev": 0.12765783071517944, "lowlevel.spectral_centroid.mean": 1370.68359375, "lowlevel.spectral_centroid.stdev": 640.2896118164062, "lowlevel.spectral_complexity.mean": 17.49585723876953, "lowlevel.spectral_complexity.stdev": 8.178390502929688, "lowlevel.spectral_decrease.mean": -9.721187410605125e-09, "lowlevel.spectral_decrease.stdev": 7.387079836718158e-09, "lowlevel.spectral_energy.mean": 0.03864975646138191, "lowlevel.spectral_energy.stdev": 0.02840081788599491, "lowlevel.spectral_energyband_high.mean": 0.0007857423042878509, "lowlevel.spectral_energyband_high.stdev": 0.0013223494170233607, "lowlevel.spectral_energyband_low.mean": 0.024167189374566078, "lowlevel.spectral_energyband_low.stdev": 0.026351511478424072, "lowlevel.spectral_energyband_middle_high.mean": 0.005499373655766249, "lowlevel.spectral_energyband_middle_high.stdev": 0.007298449520021677, "lowlevel.spectral_energyband_middle_low.mean": 0.010454684495925903, "lowlevel.spectral_energyband_middle_low.stdev": 0.009425868280231953, "lowlevel.spectral_entropy.mean": 7.668025493621826, "lowlevel.spectral_entropy.stdev": 0.39622268080711365, "lowlevel.spectral_flux.mean": 0.10478615015745163, "lowlevel.spectral_flux.stdev": 0.06537365913391113, "lowlevel.spectral_kurtosis.mean": 4.25792932510376, "lowlevel.spectral_kurtosis.stdev": 2.793938398361206, "lowlevel.spectral_rms.mean": 0.005784689914435148, "lowlevel.spectral_rms.stdev": 0.002060211729258299, "lowlevel.spectral_rolloff.mean": 1285.885009765625, "lowlevel.spectral_rolloff.stdev": 1835.8377685546875, "lowlevel.spectral_skewness.mean": 1.472104787826538, "lowlevel.spectral_skewness.stdev": 0.4161531627178192, "lowlevel.spectral_spread.mean": 4840577.0, "lowlevel.spectral_spread.stdev": 1847812.375, "lowlevel.spectral_strongpeak.mean": 0.7503537535667419, "lowlevel.spectral_strongpeak.stdev": 1.0653185844421387, "lowlevel.zerocrossingrate.mean": 0.05688803270459175, "lowlevel.zerocrossingrate.stdev": 0.04381668195128441, "metadata.audio_properties.analysis.equal_loudness": 0.0, "metadata.audio_properties.analysis.length": 36.394649505615234, "metadata.audio_properties.analysis.sample_rate": 44100.0, "metadata.audio_properties.analysis.start_time": 0.0, "metadata.audio_properties.bit_rate": 121982.0, "metadata.audio_properties.length": 36.3946647644043, "metadata.audio_properties.lossless": 0.0, "metadata.audio_properties.number_channels": 1.0, "metadata.audio_properties.replay_gain": -8.888566970825195, "metadata.audio_properties.sample_rate": 48000.0, "rhythm.beats_count": 74.0, "rhythm.beats_loudness.mean": 0.04342985898256302, "rhythm.beats_loudness.stdev": 0.018165981397032738, "rhythm.bpm": 124.03546142578125, "rhythm.bpm_histogram_first_peak_bpm": 123.0, "rhythm.bpm_histogram_first_peak_weight": 0.3561643958091736, "rhythm.bpm_histogram_second_peak_bpm": 0.0, "rhythm.bpm_histogram_second_peak_spread": 0.0, "rhythm.bpm_histogram_second_peak_weight": 0.0, "rhythm.danceability": 1.6929519176483154, "rhythm.onset_rate": 4.779052734375, "tonal.chords_changes_rate": 0.10573248565196991, "tonal.chords_number_rate": 0.019108280539512634, "tonal.chords_strength.mean": 0.5129535794258118, "tonal.chords_strength.stdev": 0.09105109423398972, "tonal.hpcp_crest.mean": 12.840173721313477, "tonal.hpcp_crest.stdev": 6.4381256103515625, "tonal.hpcp_entropy.mean": 2.163440465927124, "tonal.hpcp_entropy.stdev": 0.8191444277763367, "tonal.key_edma.strength": 0.7097526788711548, "tonal.key_krumhansl.strength": 0.7229099869728088, "tonal.key_temperley.strength": 0.7376959919929504, "tonal.tuning_diatonic_strength": 0.613295316696167, "tonal.tuning_equal_tempered_deviation": 0.11561688035726547, "tonal.tuning_frequency": 443.3164367675781, "tonal.tuning_nontempered_energy_ratio": 0.8160028457641602, "lowlevel.barkbands.mean": [0.0003821095742750913, 0.013284857384860516, 0.008349006995558739, 0.0036652309354394674, 0.003339214948937297, 0.0006910995580255985, 0.0004124715633224696, 0.0008651037351228297, 0.00129449344240129, 0.0005541908321902156, 0.0004909679992124438, 0.0004537298809736967, 0.0007264924352057278, 0.0005103779840283096, 0.0004107924469280988, 0.0006704357219859958, 0.0007504813838750124, 0.00046276202192530036, 0.0004466647806111723, 0.00017964132712222636, 0.00011904373241122812, 0.00011062803241657093, 0.00013983708049636334, 0.00015105746570043266, 0.00013061666686553508, 5.108746699988842e-05, 7.385427579720272e-06], "lowlevel.barkbands.stdev": [0.0007535212207585573, 0.016212547197937965, 0.012392244301736355, 0.004975845105946064, 0.004222033079713583, 0.002195133361965418, 0.0015984647907316685, 0.0031630501616746187, 0.003078932873904705, 0.002071575727313757, 0.0015359912067651749, 0.001370514975860715, 0.0022715579252690077, 0.0016546956030651927, 0.0010175243951380253, 0.0014731863047927618, 0.0013954004971310496, 0.0008534854277968407, 0.0011502808192744851, 0.0002516701351851225, 0.00012822207645513117, 0.00015310027811210603, 0.00035092615871690214, 0.00046821037540212274, 0.0003967228694818914, 0.00012054474791511893, 1.1766477655328345e-05], "lowlevel.erbbands.mean": [0.25768962502479553, 3.4268136024475098, 10.28294563293457, 11.101174354553223, 11.96706485748291, 10.295169830322266, 7.602238655090332, 5.004935264587402, 4.877607345581055, 13.492818832397461, 19.35802459716797, 28.620269775390625, 22.394994735717773, 17.00432014465332, 18.324621200561523, 19.34096336364746, 33.22577667236328, 27.494388580322266, 23.26698875427246, 25.341676712036133, 41.595516204833984, 43.25016784667969, 26.409276962280273, 23.683656692504883, 18.891902923583984, 8.509949684143066, 5.491199970245361, 4.3693084716796875, 4.040982246398926, 3.8878366947174072, 3.9393603801727295, 3.2260429859161377, 2.520986795425415, 1.8384908437728882, 0.7013747692108154, 0.27129366993904114, 0.08270441740751266, 0.019583234563469887, 0.0007172079640440643, 6.101805774960667e-05], "lowlevel.erbbands.stdev": [0.35378497838974, 4.245753765106201, 14.122038841247559, 12.864657402038574, 17.766294479370117, 12.111017227172852, 16.810869216918945, 19.779590606689453, 26.99893569946289, 50.56514358520508, 57.896915435791016, 68.89315795898438, 59.33755111694336, 48.49341583251953, 63.038082122802734, 55.85243225097656, 102.78916931152344, 79.41273498535156, 77.30811309814453, 53.337127685546875, 81.86278533935547, 77.00908660888672, 48.0923957824707, 49.70452880859375, 53.161495208740234, 12.00844955444336, 6.082729816436768, 4.744002342224121, 5.411193370819092, 8.063876152038574, 10.238643646240234, 9.655984878540039, 8.012678146362305, 6.053893566131592, 1.9775174856185913, 0.6841429471969604, 0.19961406290531158, 0.029159357771277428, 0.0010862192139029503, 4.131263995077461e-05], "lowlevel.gfcc.mean": [7.4339447021484375, 78.83088684082031, -100.34672546386719, 48.61250305175781, -30.947765350341797, 22.69799041748047, -32.56918716430664, 16.497987747192383, -24.32914161682129, -3.9709980487823486, -24.786300659179688, -1.6457467079162598, -14.836904525756836], "lowlevel.melbands.mean": [0.0030609723180532455, 0.00505386246368289, 0.0019414001144468784, 0.0008247417863458395, 0.00028818121063522995, 0.00011567594629013911, 7.498297782149166e-05, 0.00016417258302681148, 0.00016667904856149107, 0.00018405816808808595, 0.00010971661686198786, 6.795741501264274e-05, 6.369641050696373e-05, 4.283161251805723e-05, 7.018061296548694e-05, 7.271275535458699e-05, 4.7617875679861754e-05, 3.823367660515942e-05, 3.169347473885864e-05, 3.9593483961652964e-05, 4.999238080927171e-05, 4.813764462596737e-05, 2.958112963824533e-05, 1.934905958478339e-05, 1.916655310196802e-05, 1.6697647879482247e-05, 8.812687156023458e-06, 4.836466359847691e-06, 3.539752924552886e-06, 2.9255556910356972e-06, 2.4328267045348184e-06, 2.356110826440272e-06, 1.9966626041423297e-06, 2.262595899082953e-06, 2.29755210057192e-06, 2.085993855871493e-06, 1.966066520253662e-06, 1.8868423694584635e-06, 1.557763539494772e-06, 1.5355376490333583e-06], "lowlevel.melbands.stdev": [0.0037774816155433655, 0.00623297318816185, 0.0021547272335737944, 0.0010321326553821564, 0.0005420679226517677, 0.0004530318547040224, 0.00037100017652846873, 0.0006368597387336195, 0.0005220237653702497, 0.0004276955150999129, 0.00031058822060003877, 0.00021048718190286309, 0.00020883955585304648, 0.0001280886644963175, 0.00025394753902219236, 0.00024288934946525842, 0.00015543292101938277, 0.00015077096759341657, 7.401192851830274e-05, 9.81931370915845e-05, 0.00010364769696025178, 9.109100210480392e-05, 5.734587102779187e-05, 3.6699511838378385e-05, 4.283851740183309e-05, 5.190335650695488e-05, 1.8233653463539667e-05, 6.386396762536606e-06, 4.239106146997074e-06, 3.3918838653335115e-06, 2.9505963539122604e-06, 3.1709394079371123e-06, 3.374038669790025e-06, 5.306162620399846e-06, 6.084429969632765e-06, 5.841447546117706e-06, 6.302692327153636e-06, 6.438138370867819e-06, 4.832311788049992e-06, 5.24911001775763e-06], "lowlevel.melbands128.mean": [0.00033113875542767346, 0.001514157629571855, 0.004077424295246601, 0.006244922522455454, 0.006065811030566692, 0.0035285362973809242, 0.0023083642590790987, 0.0016189930029213428, 0.00113988749217242, 0.0009472962701693177, 0.000495272921398282, 0.00032594535150565207, 0.0002714827423915267, 0.0001791057293303311, 0.00010943817324005067, 8.34386664791964e-05, 7.956712215673178e-05, 6.091735849622637e-05, 8.30361241241917e-05, 0.00015286698180716485, 0.00022975681349635124, 0.00014081680274102837, 0.0001532949390821159, 0.00020289240637794137, 0.00017169647617265582, 0.0002140547294402495, 0.00011889017332578078, 0.00010050857235910371, 0.00010465875675436109, 5.2347142627695575e-05, 6.650516297668219e-05, 7.293533417396247e-05, 6.10639835940674e-05, 6.305901479208842e-05, 4.490642822929658e-05, 3.122349880868569e-05, 4.255969179212116e-05, 9.37800359679386e-05, 5.972568760626018e-05, 8.200015872716904e-05, 7.72357961977832e-05, 5.868818698218092e-05, 4.668843394028954e-05, 4.160942626185715e-05, 4.5041382691124454e-05, 3.946214201278053e-05, 2.652224611665588e-05, 3.583746001822874e-05, 2.9952825570944697e-05, 3.0482362490147352e-05, 4.0106340748025104e-05, 4.954021642333828e-05, 5.198870712774806e-05, 4.903445369563997e-05, 4.8884161515161395e-05, 5.55306687601842e-05, 4.149022788624279e-05, 2.7415828299126588e-05, 2.998907439177856e-05, 2.2743903173250146e-05, 1.65292094607139e-05, 1.8032313164439984e-05, 2.191390740335919e-05, 1.8569870007922873e-05, 1.619702743482776e-05, 1.9411098037380725e-05, 1.5585001165163703e-05, 9.736349966260605e-06, 7.787913091306109e-06, 6.637052592850523e-06, 4.481905762077076e-06, 4.1157027226290666e-06, 4.1897956180037e-06, 3.4438405691616936e-06, 2.6819543563760817e-06, 3.4576671623653965e-06, 2.7781038625107612e-06, 2.044667780864984e-06, 2.649798261700198e-06, 2.442299319227459e-06, 2.4962282623164356e-06, 2.294897285537445e-06, 2.0670970570790814e-06, 1.9431997770880116e-06, 1.934456122398842e-06, 2.13966131923371e-06, 2.4271023448818596e-06, 2.3994434741325676e-06, 2.2949943740968592e-06, 2.1885089154238813e-06, 2.3198156213766197e-06, 2.0287227471271763e-06, 1.759474571372266e-06, 1.9088595308858203e-06, 2.1674970867024967e-06, 2.0864963516942225e-06, 1.9032456748391269e-06, 1.395937943016179e-06, 1.4869192455080338e-06, 1.585284735483583e-06, 1.9342378436704166e-06, 1.4451079550781287e-06, 1.2480076065912726e-06, 1.0556371989878244e-06, 7.097322054505639e-07, 5.023236440138135e-07, 5.574123065343883e-07, 5.482252163346857e-07, 4.539537599157484e-07, 4.217946241169557e-07, 3.598836144647066e-07, 2.7598437668530096e-07, 2.6273860953551775e-07, 2.0205598616485076e-07, 1.6062257657267764e-07, 1.6729110541291448e-07, 1.9782112303801114e-07, 1.1792774046170962e-07, 1.6934663449319487e-08, 1.3171186363791776e-11, 8.45881004130078e-12, 6.170333775173953e-12, 5.803747673421844e-12, 5.689660114577277e-12, 5.54638626693027e-12, 5.368345091377735e-12, 5.263413836720243e-12, 5.225259461227871e-12], "lowlevel.melbands128.stdev": [0.0006809674086980522, 0.00263608037494123, 0.005590193904936314, 0.008005187846720219, 0.008288593962788582, 0.005275993142277002, 0.00287646078504622, 0.002413360169157386, 0.0021659936755895615, 0.001325691002421081, 0.0007466039387509227, 0.0007476854370906949, 0.0007516576442867517, 0.0005564561579376459, 0.0004365211061667651, 0.0007293606176972389, 0.000727315666154027, 0.0003034425899386406, 0.00032800089684315026, 0.0006732456968165934, 0.0011282161576673388, 0.0006000667926855385, 0.0006307982839643955, 0.0009375083027407527, 0.0005785996909253299, 0.000552677025552839, 0.0003500601160340011, 0.00041171841439791024, 0.0005400194204412401, 0.0002586452756077051, 0.0002765827812254429, 0.00023945602879393846, 0.00028547330293804407, 0.0003353058418724686, 0.0002048578899120912, 0.00011182060552528128, 0.00018037004338111728, 0.00045787409180775285, 0.0002813388127833605, 0.0003688258584588766, 0.0003347440215293318, 0.0002603765169624239, 0.00022150877339299768, 0.00019379939476493746, 0.0002129955100826919, 0.0002403190592303872, 0.0001180508843390271, 0.00012082595640094951, 7.922852819319814e-05, 0.00010541555093368515, 0.00013252595090307295, 0.000150252046296373, 0.00012738749501295388, 0.00014468695735558867, 0.00013939017662778497, 0.00012974845594726503, 9.784967551240698e-05, 6.360977567965165e-05, 8.108163456199691e-05, 6.183933146530762e-05, 4.4136679207440466e-05, 4.685687235905789e-05, 4.953177267452702e-05, 6.346592999761924e-05, 4.189629544271156e-05, 7.618640665896237e-05, 6.11797149758786e-05, 2.272036908834707e-05, 1.9594666810007766e-05, 1.4632730199082289e-05, 7.426915090036346e-06, 5.4650263336952776e-06, 5.856965344719356e-06, 4.659395472117467e-06, 3.8755238165322226e-06, 4.7871667447907384e-06, 3.287490017100936e-06, 2.5675205961306347e-06, 3.830277364613721e-06, 3.5737884900299832e-06, 3.702270305439015e-06, 3.804982270594337e-06, 3.512541979944217e-06, 3.5480857150105294e-06, 4.043788067065179e-06, 5.44525164514198e-06, 6.432313057302963e-06, 6.76614990879898e-06, 6.6775669438357e-06, 6.302149358816678e-06, 6.9480561251111794e-06, 6.053594006516505e-06, 5.382906692830147e-06, 6.6724337557388935e-06, 7.5482525971892755e-06, 7.353643923124764e-06, 7.255300715769408e-06, 4.412093403516337e-06, 4.860650733462535e-06, 5.302832960296655e-06, 7.48187903809594e-06, 5.017614512325963e-06, 4.281337169231847e-06, 3.491777079034364e-06, 2.226323886134196e-06, 1.2425150544004282e-06, 1.5126719290492474e-06, 1.5240422044371371e-06, 1.315022018388845e-06, 1.0850468470380292e-06, 9.554267990097287e-07, 7.037888281047344e-07, 8.19532033347059e-07, 5.193265906200395e-07, 3.1769306474416226e-07, 3.281824945133849e-07, 2.9321032002371794e-07, 2.444627398290322e-07, 5.6740965703738766e-08, 1.6108891998101171e-10, 5.903797589690285e-11, 1.0565643845938943e-11, 8.378777706374851e-12, 8.224431552461553e-12, 8.102372071883135e-12, 8.002124136929911e-12, 7.929040236887008e-12, 7.884674683988901e-12], "lowlevel.mfcc.mean": [-640.3750610351562, 109.47918701171875, 1.203050136566162, 35.916053771972656, 25.227767944335938, 13.483890533447266, 9.512714385986328, 16.576669692993164, 8.272796630859375, 4.304653644561768, 0.4051726758480072, -2.9266011714935303, -4.268939018249512], "lowlevel.spectral_contrast_coeffs.mean": [-0.6861307621002197, -0.7768105268478394, -0.7801143527030945, -0.7903227210044861, -0.7862205505371094, -0.7624017000198364], "lowlevel.spectral_contrast_coeffs.stdev": [0.06870967894792557, 0.08589264750480652, 0.06987949460744858, 0.05775110796093941, 0.05933047831058502, 0.047688622027635574], "lowlevel.spectral_contrast_valleys.mean": [-6.478860378265381, -7.260927200317383, -7.546082019805908, -7.452034950256348, -7.370902061462402, -10.15896224975586], "lowlevel.spectral_contrast_valleys.stdev": [1.0144232511520386, 0.8881980776786804, 0.8861038088798523, 0.8748623132705688, 0.8643357157707214, 1.0654394626617432], "rhythm.beats_loudness_band_ratio.mean": [0.7098915576934814, 0.1008342057466507, 0.059577807784080505, 0.05665096640586853, 0.06986912339925766, 0.03865185007452965], "rhythm.beats_loudness_band_ratio.stdev": [0.1962679624557495, 0.08008594065904617, 0.0968417078256607, 0.07198992371559143, 0.09039817005395889, 0.03694263845682144], "tonal.hpcp.mean": [0.048651210963726044, 0.050572820007801056, 0.10291529446840286, 0.11771661043167114, 0.06541708111763, 0.04674994945526123, 0.04656720533967018, 0.039382271468639374, 0.04655746743083, 0.06684625893831253, 0.09829875826835632, 0.15182939171791077, 0.15466360747814178, 0.09143759310245514, 0.06464158743619919, 0.07649301737546921, 0.15367214381694794, 0.3121010959148407, 0.2720620036125183, 0.10220828652381897, 0.05349993333220482, 0.05061277002096176, 0.06740511953830719, 0.08640988171100616, 0.08608875423669815, 0.08101098984479904, 0.1111777052283287, 0.12227766960859299, 0.0775553435087204, 0.05595408007502556, 0.07095485180616379, 0.09958287328481674, 0.2176077663898468, 0.27518099546432495, 0.16315414011478424, 0.07452283054590225], "tonal.hpcp.stdev": [0.15090705454349518, 0.1522761434316635, 0.2249051034450531, 0.2395107001066208, 0.16046494245529175, 0.1358180046081543, 0.14415158331394196, 0.1225280910730362, 0.12696905434131622, 0.17009393870830536, 0.21928344666957855, 0.27784082293510437, 0.2745015323162079, 0.1875850111246109, 0.16257579624652863, 0.18900862336158752, 0.25055038928985596, 0.40041348338127136, 0.35664960741996765, 0.18630094826221466, 0.1426992565393448, 0.1366863250732422, 0.163719043135643, 0.1752115935087204, 0.16596657037734985, 0.17329086363315582, 0.22706012427806854, 0.25805333256721497, 0.18522588908672333, 0.1480126976966858, 0.18920543789863586, 0.2178277224302292, 0.3101615309715271, 0.37823614478111267, 0.26181814074516296, 0.19116175174713135], "rhythm.beats_position": [0.5340589284896851, 1.0216779708862305, 1.4976871013641357, 1.9736961126327515, 2.461315155029297, 2.9489340782165527, 3.4365532398223877, 3.912562370300293, 4.388571262359619, 4.876190185546875, 5.363809585571289, 5.851428508758545, 6.339047431945801, 6.826666355133057, 7.302675724029541, 7.778684616088867, 8.266304016113281, 8.753922462463379, 9.241541862487793, 9.729161262512207, 10.216779708862305, 10.692789077758789, 11.168798446655273, 11.656416893005371, 12.144036293029785, 12.631654739379883, 13.119274139404297, 13.606893539428711, 14.094511985778809, 14.570521354675293, 15.046530723571777, 15.534149169921875, 16.02176856994629, 16.509387969970703, 16.997007369995117, 17.4846248626709, 17.960634231567383, 18.436643600463867, 18.92426300048828, 19.400272369384766, 19.887889862060547, 20.36389923095703, 20.851518630981445, 21.33913803100586, 21.826757431030273, 22.314376831054688, 22.80199432373047, 23.289613723754883, 23.765623092651367, 24.24163246154785, 24.729251861572266, 25.216869354248047, 25.70448875427246, 26.192108154296875, 26.67972755432129, 27.155736923217773, 27.643356323242188, 28.11936378479004, 28.606983184814453, 29.094602584838867, 29.58222198486328, 30.069841384887695, 30.545848846435547, 31.02185821533203, 31.509477615356445, 32.008705139160156, 32.48471450805664, 32.97233581542969, 33.44834518432617, 33.924354553222656, 34.41197204589844, 34.88798141479492, 35.363990783691406, 35.85160827636719], "rhythm.bpm_histogram": [0.0, 0.0, 0.0, 0.0, 0.0, 0.0, 0.0, 0.0, 0.0, 0.0, 0.0, 0.0, 0.0, 0.0, 0.0, 0.0, 0.0, 0.0, 0.0, 0.0, 0.0, 0.0, 0.0, 0.0, 0.0, 0.0, 0.0, 0.0, 0.0, 0.0, 0.0, 0.0, 0.0, 0.0, 0.0, 0.0, 0.0, 0.0, 0.0, 0.0, 0.0, 0.0, 0.0, 0.0, 0.0, 0.0, 0.0, 0.0, 0.0, 0.0, 0.0, 0.0, 0.0, 0.0, 0.0, 0.0, 0.0, 0.0, 0.0, 0.0, 0.0, 0.0, 0.0, 0.0, 0.0, 0.0, 0.0, 0.0, 0.0, 0.0, 0.0, 0.0, 0.0, 0.0, 0.0, 0.0, 0.0, 0.0, 0.0, 0.0, 0.0, 0.0, 0.0, 0.0, 0.0, 0.0, 0.0, 0.0, 0.0, 0.0, 0.0, 0.0, 0.0, 0.0, 0.0, 0.0, 0.0, 0.0, 0.0, 0.0, 0.0, 0.0, 0.0, 0.0, 0.0, 0.0, 0.0, 0.0, 0.0, 0.0, 0.0, 0.0, 0.0, 0.0, 0.0, 0.0, 0.0, 0.0, 0.0, 0.0, 0.013698630034923553, 0.0, 0.0, 0.6438356041908264, 0.0, 0.0, 0.34246575832366943, 0.0, 0.0, 0.0, 0.0, 0.0, 0.0, 0.0, 0.0, 0.0, 0.0, 0.0, 0.0, 0.0, 0.0, 0.0, 0.0, 0.0, 0.0, 0.0, 0.0, 0.0, 0.0, 0.0, 0.0, 0.0, 0.0, 0.0, 0.0, 0.0, 0.0, 0.0, 0.0, 0.0, 0.0, 0.0, 0.0, 0.0, 0.0, 0.0, 0.0, 0.0, 0.0, 0.0, 0.0, 0.0, 0.0, 0.0, 0.0, 0.0, 0.0, 0.0, 0.0, 0.0, 0.0, 0.0, 0.0, 0.0, 0.0, 0.0, 0.0, 0.0, 0.0, 0.0, 0.0, 0.0, 0.0, 0.0, 0.0, 0.0, 0.0, 0.0, 0.0, 0.0, 0.0, 0.0, 0.0, 0.0, 0.0, 0.0, 0.0, 0.0, 0.0, 0.0, 0.0, 0.0, 0.0, 0.0, 0.0, 0.0, 0.0, 0.0, 0.0, 0.0, 0.0, 0.0, 0.0, 0.0, 0.0, 0.0, 0.0, 0.0, 0.0, 0.0, 0.0, 0.0, 0.0, 0.0, 0.0, 0.0, 0.0, 0.0, 0.0, 0.0, 0.0, 0.0, 0.0, 0.0, 0.0, 0.0, 0.0, 0.0, 0.0, 0.0], "tonal.chords_histogram": [14.012739181518555, 1.7834395170211792, 1.9108279943466187, 1.0191082954406738, 4.84076452255249, 9.554140090942383, 0.0, 0.0, 9.93630599975586, 0.0, 7.133758068084717, 0.25477707386016846, 2.675159215927124, 0.0, 0.0, 3.949044704437256, 0.0, 3.949044704437256, 0.12738853693008423, 7.515923500061035, 0.12738853693008423, 2.929936408996582, 26.624204635620117, 1.6560509204864502], "tonal.thpcp": [1.0, 0.8717111349105835, 0.3274845480918884, 0.17141860723495483, 0.16216787695884705, 0.21597206592559814, 0.27686503529548645, 0.27583611011505127, 0.2595665156841278, 0.35622337460517883, 0.39178866147994995, 0.24849429726600647, 0.17928190529346466, 0.22734573483467102, 0.3190724849700928, 0.6972348690032959, 0.8817046880722046, 0.5227605700492859, 0.23877786099910736, 0.15588286519050598, 0.1620398610830307, 0.32974985241889954, 0.37717461585998535, 0.2096022218465805, 0.14979104697704315, 0.1492055207490921, 0.126184344291687, 0.14917431771755219, 0.21418142318725586, 0.3149580657482147, 0.48647502064704895, 0.495556116104126, 0.2929742634296417, 0.2071174681186676, 0.245090514421463, 0.492379367351532], "lowlevel.gfcc.cov": [[8689.982421875, 183.89303588867188, -121.46992492675781, 96.53099822998047, -131.17501831054688, 175.44236755371094, -288.29388427734375, 35.61958694458008, -148.0116729736328, -116.8171157836914, -67.84912872314453, 13.873457908630371, -208.82180786132812], [183.89303588867188, 1159.4239501953125, -182.02857971191406, -2.8138773441314697, 159.0009307861328, -118.72047424316406, 238.00848388671875, -83.60435485839844, 105.65966033935547, -105.3008804321289, 32.95074462890625, -103.05186462402344, 60.923458099365234], [-121.46992492675781, -182.02857971191406, 705.0167236328125, 177.435791015625, 51.8087272644043, 63.9248161315918, -24.945892333984375, -52.78754425048828, -49.94489288330078, -11.369328498840332, -71.06065368652344, 12.40506649017334, -23.841766357421875], [96.53099822998047, -2.8138773441314697, 177.435791015625, 400.09686279296875, 83.7626953125, 6.971165657043457, -19.164806365966797, -73.0216064453125, 31.845556259155273, -7.7054362297058105, -47.34003448486328, -26.810409545898438, 63.67014694213867], [-131.17501831054688, 159.0009307861328, 51.8087272644043, 83.7626953125, 276.0068664550781, 10.944816589355469, 79.01115417480469, -36.637386322021484, 39.78699493408203, -2.0738024711608887, -34.19231414794922, -17.0089111328125, 18.78018569946289], [175.44236755371094, -118.72047424316406, 63.9248161315918, 6.971165657043457, 10.944816589355469, 210.6046142578125, 49.21739959716797, 2.007924795150757, -15.868704795837402, 4.584268569946289, -21.810588836669922, -1.1616873741149902, -12.032215118408203], [-288.29388427734375, 238.00848388671875, -24.945892333984375, -19.164806365966797, 79.01115417480469, 49.21739959716797, 298.9519348144531, -40.85774612426758, 32.28791809082031, -9.209131240844727, -50.38448715209961, -18.441627502441406, -2.309295892715454], [35.61958694458008, -83.60435485839844, -52.78754425048828, -73.0216064453125, -36.637386322021484, 2.007924795150757, -40.85774612426758, 161.94497680664062, 11.989983558654785, -8.66612434387207, 35.41136169433594, 9.489150047302246, -22.485212326049805], [-148.0116729736328, 105.65966033935547, -49.94489288330078, 31.845556259155273, 39.78699493408203, -15.868704795837402, 32.28791809082031, 11.989983558654785, 119.47823333740234, 33.79566955566406, -6.420519828796387, -24.665945053100586, 13.801215171813965], [-116.8171157836914, -105.3008804321289, -11.369328498840332, -7.7054362297058105, -2.0738024711608887, 4.584268569946289, -9.209131240844727, -8.66612434387207, 33.79566955566406, 100.58401489257812, 7.794423580169678, 9.774555206298828, -11.320316314697266], [-67.84912872314453, 32.95074462890625, -71.06065368652344, -47.34003448486328, -34.19231414794922, -21.810588836669922, -50.38448715209961, 35.41136169433594, -6.420519828796387, 7.794423580169678, 114.73619842529297, 19.755661010742188, -6.832248687744141], [13.873457908630371, -103.05186462402344, 12.40506649017334, -26.810409545898438, -17.0089111328125, -1.1616873741149902, -18.441627502441406, 9.489150047302246, -24.665945053100586, 9.774555206298828, 19.755661010742188, 75.21112823486328, 11.350132942199707], [-208.82180786132812, 60.923458099365234, -23.841766357421875, 63.67014694213867, 18.78018569946289, -12.032215118408203, -2.309295892715454, -22.485212326049805, 13.801215171813965, -11.320316314697266, -6.832248687744141, 11.350132942199707, 89.00221252441406]], "lowlevel.gfcc.icov": [[0.00017981595010496676, -0.0002886173315346241, 0.0001646180171519518, -0.00026052433531731367, 0.00011159389396198094, -0.0003448986972216517, 0.00045115870307199657, -9.262638923246413e-05, 0.00023016714840196073, -8.8587239588378e-06, 0.0005457167280837893, -0.0006013784441165626, 0.0008498246897943318], [-0.0002886173315346241, 0.002680723089724779, -0.00022359215654432774, 0.0009776807855814695, -0.0008514781948179007, 0.0016873464919626713, -0.0022529922425746918, 0.0014392934972420335, -0.0020224135369062424, 0.0026411116123199463, -0.003073988715186715, 0.0034012433607131243, -0.00257872068323195], [0.0001646180171519518, -0.00022359215654432774, 0.002111302223056555, -0.001200856757350266, -0.0001496565091656521, -0.0006976441363804042, 0.0007037345203571022, 0.00016283293371088803, 0.0008209856459870934, 0.00020775548182427883, 0.001469816081225872, -0.0014755342854186893, 0.00216070469468832], [-0.00026052433531731367, 0.0009776807855814695, -0.001200856757350266, 0.0044562723487615585, -0.0009501064196228981, 0.0006034387624822557, -0.000285752845229581, 0.0015396135859191418, -0.0017903915140777826, 0.0009145559743046761, -0.0010190366301685572, 0.0028968462720513344, -0.0041801840998232365], [0.00011159389396198094, -0.0008514781948179007, -0.0001496565091656521, -0.0009501064196228981, 0.004694005008786917, -0.0005546291940845549, -0.00024481219588778913, -3.5377022868487984e-05, -0.0005773826269432902, -0.0004800164606422186, 0.0012445157626643777, -0.0010576741769909859, 0.0006624250672757626], [-0.0003448986972216517, 0.0016873464919626713, -0.0006976441363804042, 0.0006034387624822557, -0.0005546291940845549, 0.006570156663656235, -0.0027384900022298098, 2.1259545974317007e-05, 1.9373746908968315e-05, 0.0003975197905674577, -0.001610197825357318, 0.002696635201573372, -0.0020631803199648857], [0.00045115870307199657, -0.0022529922425746918, 0.0007037345203571022, -0.000285752845229581, -0.00024481219588778913, -0.0027384900022298098, 0.006674406584352255, 0.0001978755899472162, 0.00012021757720503956, -0.0006727572181262076, 0.004363857209682465, -0.0034318550024181604, 0.003566720522940159], [-9.262638923246413e-05, 0.0014392934972420335, 0.00016283293371088803, 0.0015396135859191418, -3.5377022868487984e-05, 2.1259545974317007e-05, 0.0001978755899472162, 0.008985262364149094, -0.00401335908100009, 0.0039807879365980625, -0.0029022274538874626, 0.00021065646433271468, 0.0009041529847308993], [0.00023016714840196073, -0.0020224135369062424, 0.0008209856459870934, -0.0017903915140777826, -0.0005773826269432902, 1.9373746908968315e-05, 0.00012021757720503956, -0.00401335908100009, 0.01464358065277338, -0.007646697573363781, 0.0025476461742073298, 0.002061951905488968, -0.0007719143177382648], [-8.8587239588378e-06, 0.0026411116123199463, 0.00020775548182427883, 0.0009145559743046761, -0.0004800164606422186, 0.0003975197905674577, -0.0006727572181262076, 0.0039807879365980625, -0.007646697573363781, 0.016149936243891716, -0.003105621784925461, -0.0009253657190129161, 0.0018354784697294235], [0.0005457167280837893, -0.003073988715186715, 0.001469816081225872, -0.0010190366301685572, 0.0012445157626643777, -0.001610197825357318, 0.004363857209682465, -0.0029022274538874626, 0.0025476461742073298, -0.003105621784925461, 0.015059645287692547, -0.006639217026531696, 0.004619711544364691], [-0.0006013784441165626, 0.0034012433607131243, -0.0014755342854186893, 0.0028968462720513344, -0.0010576741769909859, 0.002696635201573372, -0.0034318550024181604, 0.00021065646433271468, 0.002061951905488968, -0.0009253657190129161, -0.006639217026531696, 0.022242281585931778, -0.009438457898795605], [0.0008498246897943318, -0.00257872068323195, 0.00216070469468832, -0.0041801840998232365, 0.0006624250672757626, -0.0020631803199648857, 0.003566720522940159, 0.0009041529847308993, -0.0007719143177382648, 0.0018354784697294235, 0.004619711544364691, -0.009438457898795605, 0.02037767693400383]], "lowlevel.mfcc.cov": [[6441.74658203125, 131.8755645751953, -5.980245590209961, -33.461360931396484, 146.961181640625, -14.060112953186035, -33.921905517578125, 113.9307632446289, -131.7550048828125, -17.15389060974121, 6.257797718048096, -20.01513671875, -67.86559295654297], [131.8755645751953, 1022.7978515625, -210.31234741210938, 87.1350326538086, -76.29244232177734, 36.789127349853516, 62.41303634643555, 70.96863555908203, 58.48162841796875, 3.454507350921631, 48.054107666015625, 9.310624122619629, -25.79422378540039], [-5.980245590209961, -210.31234741210938, 574.0418090820312, 78.07481384277344, 82.66726684570312, 59.183349609375, 9.142436981201172, -10.242400169372559, -12.28767204284668, -15.676918029785156, -56.65703582763672, -11.118640899658203, -7.829135894775391], [-33.461360931396484, 87.1350326538086, 78.07481384277344, 378.9255065917969, 72.0886001586914, 100.04402160644531, -27.81890296936035, -27.192588806152344, 75.67094421386719, -9.242696762084961, -40.59959030151367, -16.698036193847656, 7.6487812995910645], [146.961181640625, -76.29244232177734, 82.66726684570312, 72.0886001586914, 272.5770568847656, -24.221885681152344, -27.721477508544922, -12.646829605102539, -20.88955307006836, 13.891145706176758, -34.08992004394531, -11.298872947692871, 34.728912353515625], [-14.060112953186035, 36.789127349853516, 59.183349609375, 100.04402160644531, -24.221885681152344, 312.6894836425781, 55.237449645996094, -12.385831832885742, 106.66854858398438, -3.0183024406433105, -2.024932384490967, 11.442035675048828, -64.88272857666016], [-33.921905517578125, 62.41303634643555, 9.142436981201172, -27.81890296936035, -27.721477508544922, 55.237449645996094, 133.9795379638672, 59.66851806640625, 6.847609519958496, -16.722841262817383, 10.699711799621582, 4.317267417907715, -19.02525520324707], [113.9307632446289, 70.96863555908203, -10.242400169372559, -27.192588806152344, -12.646829605102539, -12.385831832885742, 59.66851806640625, 120.87065887451172, 24.058137893676758, -0.49216386675834656, 6.366389751434326, -0.3244306445121765, -5.843912601470947], [-131.7550048828125, 58.48162841796875, -12.28767204284668, 75.67094421386719, -20.88955307006836, 106.66854858398438, 6.847609519958496, 24.058137893676758, 154.2255401611328, 26.166276931762695, 1.3892942667007446, 1.018907904624939, -28.894817352294922], [-17.15389060974121, 3.454507350921631, -15.676918029785156, -9.242696762084961, 13.891145706176758, -3.0183024406433105, -16.722841262817383, -0.49216386675834656, 26.166276931762695, 78.18970489501953, 30.435348510742188, 3.057645559310913, -3.0720114707946777], [6.257797718048096, 48.054107666015625, -56.65703582763672, -40.59959030151367, -34.08992004394531, -2.024932384490967, 10.699711799621582, 6.366389751434326, 1.3892942667007446, 30.435348510742188, 92.0819091796875, 36.014522552490234, -5.197180271148682], [-20.01513671875, 9.310624122619629, -11.118640899658203, -16.698036193847656, -11.298872947692871, 11.442035675048828, 4.317267417907715, -0.3244306445121765, 1.018907904624939, 3.057645559310913, 36.014522552490234, 66.06513214111328, 14.618385314941406], [-67.86559295654297, -25.79422378540039, -7.829135894775391, 7.6487812995910645, 34.728912353515625, -64.88272857666016, -19.02525520324707, -5.843912601470947, -28.894817352294922, -3.0720114707946777, -5.197180271148682, 14.618385314941406, 82.3173599243164]], "lowlevel.mfcc.icov": [[0.0001747032511048019, -2.385615516686812e-05, 1.8881150026572868e-05, -6.368732556438772e-06, -0.00011974673543591052, -0.00011525294394232333, 0.00025739832199178636, -0.00034895126009359956, 0.0003082257753703743, 3.7240664823912084e-05, -4.923613596474752e-05, 6.3541110648657195e-06, 0.00023868423886597157], [-2.385615516686812e-05, 0.0012196233728900552, 0.00043741194531321526, -0.0005382420495152473, 0.00021123705664649606, 9.352395863970742e-05, -0.0004094640607945621, -0.0004923274973407388, -8.04681476438418e-05, 4.6881268644938245e-05, -0.00043332381756044924, -1.921392322401516e-05, 0.0002586839545983821], [1.8881150026572868e-05, 0.00043741194531321526, 0.0021773662883788347, -0.000467642123112455, -0.00039085582830011845, -0.00039597461000084877, -0.0002872733457479626, -0.00030387876904569566, 0.000676630821544677, -0.00026155318482778966, 0.001115557854063809, -0.0005186538328416646, 0.0005582775338552892], [-6.368732556438772e-06, -0.0005382420495152473, -0.000467642123112455, 0.003937749657779932, -0.0009203702793456614, -0.0010291716316714883, 0.0009362469427287579, 0.0007823859341442585, -0.001822996186092496, 0.0010879543842747808, 0.0003719055966939777, 0.0010608005104586482, -0.0014994492521509528], [-0.00011974673543591052, 0.00021123705664649606, -0.00039085582830011845, -0.0009203702793456614, 0.004731905180960894, 3.295397982583381e-05, 8.39731001178734e-05, -0.0001417970343027264, 0.0009012827067635953, -0.0020176887046545744, 0.0015595409786328673, 1.8267361156176776e-05, -0.0016089307609945536], [-0.00011525294394232333, 9.352395863970742e-05, -0.00039597461000084877, -0.0010291716316714883, 3.295397982583381e-05, 0.0065071056596934795, -0.0035009924322366714, 0.003102777758613229, -0.0038959612138569355, 0.0005922203417867422, 0.0005946023156866431, -0.0023462402168661356, 0.0036271398421376944], [0.00025739832199178636, -0.0004094640607945621, -0.0002872733457479626, 0.0009362469427287579, 8.39731001178734e-05, -0.0035009924322366714, 0.012803338468074799, -0.006854314357042313, 0.002473777160048485, 0.0025283419527113438, -0.0018034144304692745, 0.0008249453967437148, 0.00034951750421896577], [-0.00034895126009359956, -0.0004923274973407388, -0.00030387876904569566, 0.0007823859341442585, -0.0001417970343027264, 0.003102777758613229, -0.006854314357042313, 0.013611355796456337, -0.004574879538267851, 0.00013971931184642017, 0.0003160834894515574, 7.86617511039367e-06, -0.00023807967954780906], [0.0003082257753703743, -8.04681476438418e-05, 0.000676630821544677, -0.001822996186092496, 0.0009012827067635953, -0.0038959612138569355, 0.002473777160048485, -0.004574879538267851, 0.01219144742935896, -0.004425143823027611, 0.0015967945801094174, -0.0008089482435025275, 0.0016172922914847732], [3.7240664823912084e-05, 4.6881268644938245e-05, -0.00026155318482778966, 0.0010879543842747808, -0.0020176887046545744, 0.0005922203417867422, 0.0025283419527113438, 0.00013971931184642017, -0.004425143823027611, 0.018250243738293648, -0.007977635599672794, 0.0032216713298112154, -0.00011628608626779169], [-4.923613596474752e-05, -0.00043332381756044924, 0.001115557854063809, 0.0003719055966939777, 0.0015595409786328673, 0.0005946023156866431, -0.0018034144304692745, 0.0003160834894515574, 0.0015967945801094174, -0.007977635599672794, 0.019486915320158005, -0.01024813111871481, 0.002624541986733675], [6.3541110648657195e-06, -1.921392322401516e-05, -0.0005186538328416646, 0.0010608005104586482, 1.8267361156176776e-05, -0.0023462402168661356, 0.0008249453967437148, 7.86617511039367e-06, -0.0008089482435025275, 0.0032216713298112154, -0.01024813111871481, 0.022596461698412895, -0.006638034712523222], [0.00023868423886597157, 0.0002586839545983821, 0.0005582775338552892, -0.0014994492521509528, -0.0016089307609945536, 0.0036271398421376944, 0.00034951750421896577, -0.00023807967954780906, 0.0016172922914847732, -0.00011628608626779169, 0.002624541986733675, -0.00663803471