{"song_id": "1183712469336723486", "download": "https://cdn.discordapp.com/attachments/1135903449314238464/1183712469336723486/chirp.mp4?ex=65895525&amp", "lyrics": "Andre in the spotlight, munching on a Big Mac,\nCharm so smooth, got the girls all coming back.\nMcFlurry smiles, fries in his hand,\nSexy swagger, he's the burger king, the man.\n\nGolden arches gleaming, love in every bite,\nWhispers so sweet, under the neon light.\nAndre's sizzling, McDonald's magic in the air,\nFlippin' burgers and hearts, beyond compare.", "style": ["rock"], "essentia_features": {"lowlevel.average_loudness": 0.9856709241867065, "lowlevel.barkbands_crest.mean": 10.579195022583008, "lowlevel.barkbands_crest.stdev": 4.582792282104492, "lowlevel.barkbands_flatness_db.mean": 0.12836818397045135, "lowlevel.barkbands_flatness_db.stdev": 0.054193634539842606, "lowlevel.barkbands_kurtosis.mean": 8.634758949279785, "lowlevel.barkbands_kurtosis.stdev": 16.003252029418945, "lowlevel.barkbands_skewness.mean": 2.278679132461548, "lowlevel.barkbands_skewness.stdev": 1.9418315887451172, "lowlevel.barkbands_spread.mean": 32.66122817993164, "lowlevel.barkbands_spread.stdev": 19.330936431884766, "lowlevel.dissonance.mean": 0.4760653078556061, "lowlevel.dissonance.stdev": 0.01801822893321514, "lowlevel.dynamic_complexity": 2.0469765663146973, "lowlevel.erbbands_crest.mean": 7.7318572998046875, "lowlevel.erbbands_crest.stdev": 3.4301600456237793, "lowlevel.erbbands_flatness_db.mean": 0.11331894248723984, "lowlevel.erbbands_flatness_db.stdev": 0.029004603624343872, "lowlevel.erbbands_kurtosis.mean": -0.18958330154418945, "lowlevel.erbbands_kurtosis.stdev": 1.8396008014678955, "lowlevel.erbbands_skewness.mean": -0.11960268765687943, "lowlevel.erbbands_skewness.stdev": 0.8155327439308167, "lowlevel.erbbands_spread.mean": 76.99615478515625, "lowlevel.erbbands_spread.stdev": 38.803646087646484, "lowlevel.hfc.mean": 27.832687377929688, "lowlevel.hfc.stdev": 21.065410614013672, "lowlevel.loudness_ebu128.integrated": -14.101913452148438, "lowlevel.loudness_ebu128.loudness_range": 0.6634368896484375, "lowlevel.loudness_ebu128.momentary.mean": -14.209691047668457, "lowlevel.loudness_ebu128.momentary.stdev": 1.0032687187194824, "lowlevel.loudness_ebu128.short_term.mean": -14.107861518859863, "lowlevel.loudness_ebu128.short_term.stdev": 0.23058059811592102, "lowlevel.melbands_crest.mean": 15.662590980529785, "lowlevel.melbands_crest.stdev": 5.419065475463867, "lowlevel.melbands_flatness_db.mean": 0.19996753334999084, "lowlevel.melbands_flatness_db.stdev": 0.07817181199789047, "lowlevel.melbands_kurtosis.mean": 55.706993103027344, "lowlevel.melbands_kurtosis.stdev": 85.72879028320312, "lowlevel.melbands_skewness.mean": 5.303894996643066, "lowlevel.melbands_skewness.stdev": 3.8027384281158447, "lowlevel.melbands_spread.mean": 27.6890811920166, "lowlevel.melbands_spread.stdev": 26.898290634155273, "lowlevel.pitch_salience.mean": 0.5451739430427551, "lowlevel.pitch_salience.stdev": 0.11716163158416748, "lowlevel.silence_rate_20dB.mean": 1.0, "lowlevel.silence_rate_20dB.stdev": 0.0, "lowlevel.silence_rate_30dB.mean": 0.9545798897743225, "lowlevel.silence_rate_30dB.stdev": 0.2082250565290451, "lowlevel.silence_rate_60dB.mean": 0.007570022717118263, "lowlevel.silence_rate_60dB.stdev": 0.08667553961277008, "lowlevel.spectral_centroid.mean": 1577.639892578125, "lowlevel.spectral_centroid.stdev": 765.1443481445312, "lowlevel.spectral_complexity.mean": 16.40953826904297, "lowlevel.spectral_complexity.stdev": 12.585262298583984, "lowlevel.spectral_decrease.mean": -9.040590498443635e-09, "lowlevel.spectral_decrease.stdev": 8.395169004415948e-09, "lowlevel.spectral_energy.mean": 0.03664581850171089, "lowlevel.spectral_energy.stdev": 0.03210886940360069, "lowlevel.spectral_energyband_high.mean": 0.0020109228789806366, "lowlevel.spectral_energyband_high.stdev": 0.00210299133323133, "lowlevel.spectral_energyband_low.mean": 0.021111033856868744, "lowlevel.spectral_energyband_low.stdev": 0.029441580176353455, "lowlevel.spectral_energyband_middle_high.mean": 0.004363205749541521, "lowlevel.spectral_energyband_middle_high.stdev": 0.006332831457257271, "lowlevel.spectral_energyband_middle_low.mean": 0.011510527692735195, "lowlevel.spectral_energyband_middle_low.stdev": 0.012022897601127625, "lowlevel.spectral_entropy.mean": 7.900398254394531, "lowlevel.spectral_entropy.stdev": 0.2802385687828064, "lowlevel.spectral_flux.mean": 0.10357142984867096, "lowlevel.spectral_flux.stdev": 0.0679715946316719, "lowlevel.spectral_kurtosis.mean": 1.392034649848938, "lowlevel.spectral_kurtosis.stdev": 1.2714977264404297, "lowlevel.spectral_rms.mean": 0.005543793551623821, "lowlevel.spectral_rms.stdev": 0.0022401793394237757, "lowlevel.spectral_rolloff.mean": 1892.197021484375, "lowlevel.spectral_rolloff.stdev": 2212.308349609375, "lowlevel.spectral_skewness.mean": 1.017482876777649, "lowlevel.spectral_skewness.stdev": 0.27576935291290283, "lowlevel.spectral_spread.mean": 6903581.5, "lowlevel.spectral_spread.stdev": 2139444.75, "lowlevel.spectral_strongpeak.mean": 0.6437622308731079, "lowlevel.spectral_strongpeak.stdev": 0.8537439107894897, "lowlevel.zerocrossingrate.mean": 0.08647309243679047, "lowlevel.zerocrossingrate.stdev": 0.04382064566016197, "metadata.audio_properties.analysis.equal_loudness": 0.0, "metadata.audio_properties.analysis.length": 30.63360595703125, "metadata.audio_properties.analysis.sample_rate": 44100.0, "metadata.audio_properties.analysis.start_time": 0.0, "metadata.audio_properties.bit_rate": 122485.0, "metadata.audio_properties.length": 30.634666442871094, "metadata.audio_properties.lossless": 0.0, "metadata.audio_properties.number_channels": 1.0, "metadata.audio_properties.replay_gain": -12.238361358642578, "metadata.audio_properties.sample_rate": 48000.0, "rhythm.beats_count": 63.0, "rhythm.beats_loudness.mean": 0.04809006676077843, "rhythm.beats_loudness.stdev": 0.03531762585043907, "rhythm.bpm": 126.63215637207031, "rhythm.bpm_histogram_first_peak_bpm": 126.0, "rhythm.bpm_histogram_first_peak_weight": 0.4642857313156128, "rhythm.bpm_histogram_second_peak_bpm": 115.0, "rhythm.bpm_histogram_second_peak_spread": 0.25, "rhythm.bpm_histogram_second_peak_weight": 0.04838709533214569, "rhythm.danceability": 2.350938558578491, "rhythm.onset_rate": 4.600275039672852, "tonal.chords_changes_rate": 0.05748865380883217, "tonal.chords_number_rate": 0.009077155962586403, "tonal.chords_strength.mean": 0.5282530188560486, "tonal.chords_strength.stdev": 0.11940174549818039, "tonal.hpcp_crest.mean": 11.244519233703613, "tonal.hpcp_crest.stdev": 5.485139846801758, "tonal.hpcp_entropy.mean": 2.3835158348083496, "tonal.hpcp_entropy.stdev": 0.7687361240386963, "tonal.key_edma.strength": 0.6900671124458313, "tonal.key_krumhansl.strength": 0.687224805355072, "tonal.key_temperley.strength": 0.6877244114875793, "tonal.tuning_diatonic_strength": 0.5398346185684204, "tonal.tuning_equal_tempered_deviation": 0.10318897664546967, "tonal.tuning_frequency": 437.9714660644531, "tonal.tuning_nontempered_energy_ratio": 0.770919919013977, "lowlevel.barkbands.mean": [0.00038838674663566053, 0.011635866016149521, 0.006809841841459274, 0.004833162762224674, 0.004028819967061281, 0.0007224712753668427, 0.0005398978828452528, 0.0005170236108824611, 0.0007080818177200854, 0.0005390354199334979, 0.0007085391553118825, 0.00037062549381516874, 0.00020786271488759667, 0.000297592458082363, 0.00033446529414504766, 0.00036201506736688316, 0.0005046622827649117, 0.000536540406756103, 0.0004173796914983541, 0.0004041734500788152, 0.000294504250632599, 0.0002824336406774819, 0.00036245366209186614, 0.000418948067817837, 0.00036651219124905765, 4.8868125304579735e-05, 5.653514563164208e-06], "lowlevel.barkbands.stdev": [0.0006618158658966422, 0.020233523100614548, 0.015009529888629913, 0.007826912216842175, 0.004987860564142466, 0.0014867520658299327, 0.0011019660159945488, 0.001328658894635737, 0.0018127931980416179, 0.0016413014382123947, 0.002295302227139473, 0.001087191398255527, 0.0005583000602200627, 0.0009003538289107382, 0.0009692016174085438, 0.0007501624641008675, 0.0009002352016977966, 0.0009343629935756326, 0.0006371673080138862, 0.0006286316784098744, 0.0005290692788548768, 0.0003650778962764889, 0.0003743196139112115, 0.0006581854540854692, 0.0005653589032590389, 6.139232573332265e-05, 7.219879989861511e-06], "lowlevel.erbbands.mean": [0.4240543246269226, 2.3521010875701904, 6.6854143142700195, 12.873017311096191, 13.77381420135498, 14.495851516723633, 12.041122436523438, 5.138322830200195, 5.875601291656494, 10.4998140335083, 11.934603691101074, 17.365158081054688, 16.324552536010742, 22.409337997436523, 24.284975051879883, 14.475357055664062, 10.860251426696777, 12.05733585357666, 16.018245697021484, 18.905292510986328, 22.45976448059082, 29.839326858520508, 27.42510414123535, 27.858579635620117, 17.690458297729492, 17.34099769592285, 17.492551803588867, 8.413985252380371, 9.880941390991211, 12.507181167602539, 9.032997131347656, 5.765178680419922, 9.155801773071289, 6.385377883911133, 1.0794097185134888, 0.12809932231903076, 0.11176435649394989, 0.03180159628391266, 0.000684138503856957, 6.61752637824975e-05], "lowlevel.erbbands.stdev": [0.7613265514373779, 4.110970497131348, 13.92029857635498, 23.783306121826172, 18.591093063354492, 20.65017318725586, 20.85923957824707, 10.262718200683594, 11.5718994140625, 24.976877212524414, 27.597408294677734, 47.07830810546875, 43.65806198120117, 66.83284759521484, 83.79573822021484, 39.57809066772461, 27.603412628173828, 30.956911087036133, 43.277435302734375, 46.20433044433594, 39.92543411254883, 51.51570129394531, 50.700679779052734, 42.55809020996094, 26.328214645385742, 27.81340980529785, 28.552452087402344, 15.856497764587402, 13.797677993774414, 12.990406036376953, 9.426655769348145, 6.457496643066406, 16.262754440307617, 10.193278312683105, 1.5408318042755127, 0.1929442435503006, 0.14284224808216095, 0.038997452706098557, 0.0007743306923657656, 4.828669625567272e-05], "lowlevel.gfcc.mean": [26.099021911621094, 51.356658935546875, -80.29037475585938, 62.602569580078125, -56.682010650634766, 26.16318702697754, -39.214481353759766, 13.752899169921875, -26.75385093688965, -5.611058235168457, -19.173721313476562, -2.719308614730835, -11.764633178710938], "lowlevel.melbands.mean": [0.0034870286472141743, 0.0032762261107563972, 0.0023250530939549208, 0.0009384832228533924, 0.0004969612928107381, 0.00011502083361847326, 9.650469291955233e-05, 0.00011847788118757308, 0.00010087498230859637, 0.00010718202975112945, 7.830667891539633e-05, 8.629148214822635e-05, 8.926528971642256e-05, 4.5192351535661146e-05, 3.178109182044864e-05, 1.9839771994156763e-05, 2.3477750801248476e-05, 2.581082662800327e-05, 2.742996730376035e-05, 2.3661415980313905e-05, 2.703038444451522e-05, 3.1140756618697196e-05, 2.8686348741757683e-05, 2.1867654140805826e-05, 2.3324100766330957e-05, 1.3997782843944151e-05, 1.196264747704845e-05, 1.1378515409887768e-05, 1.310936568188481e-05, 6.584573839063523e-06, 4.106428605155088e-06, 5.231779141467996e-06, 6.209184903127607e-06, 7.583084425277775e-06, 5.480501840793295e-06, 3.820063739112811e-06, 3.3187777717103017e-06, 6.1919718064018525e-06, 7.915718015283346e-06, 4.39382210970507e-06], "lowlevel.melbands.stdev": [0.00614107446745038, 0.0057474407367408276, 0.0037580891512334347, 0.0011468700831755996, 0.0007821351755410433, 0.00023079151287674904, 0.00019263196736574173, 0.000284822192043066, 0.0002475133806001395, 0.00028790670330636203, 0.00023075561330188066, 0.0002656964061316103, 0.00031444698106497526, 0.00012166782835265622, 0.00011466179421404377, 5.075052831671201e-05, 6.460748409153894e-05, 7.81320413807407e-05, 8.131528011290357e-05, 6.179352931212634e-05, 5.191114905755967e-05, 5.456307917484082e-05, 5.7717137678992e-05, 3.8462032534880564e-05, 3.682722308440134e-05, 2.2236949007492512e-05, 1.9680701370816678e-05, 1.9846374925691634e-05, 2.097233482345473e-05, 1.3249142284621485e-05, 8.082828571787104e-06, 7.578495115012629e-06, 7.770417141728103e-06, 8.020189852686599e-06, 5.884067832084838e-06, 4.212896328681381e-06, 4.033963705296628e-06, 1.1870931302837562e-05, 1.3491581739799585e-05, 7.042224297038047e-06], "lowlevel.melbands128.mean": [0.00033041840652003884, 0.0033770676236599684, 0.005146893206983805, 0.0031710267066955566, 0.003105483716353774, 0.0033785980194807053, 0.002599847037345171, 0.0024637982714921236, 0.001239029224961996, 0.0007005847874097526, 0.0008794463356025517, 0.0007001485791988671, 0.0004265459137968719, 0.0001897178590297699, 0.0001197977690026164, 6.077515718061477e-05, 7.124782860046253e-05, 9.893591777654365e-05, 0.00014162203297019005, 0.00010891402780544013, 0.00012181363126728684, 0.00010231996566290036, 8.759951742831618e-05, 0.00011278608872089535, 0.00013218661479186267, 9.516385762253776e-05, 6.495247362181544e-05, 8.209143561543897e-05, 9.455925464862958e-05, 5.0798276788555086e-05, 0.00011676287977024913, 8.966991299530491e-05, 0.00010161269892705604, 7.35013818484731e-05, 4.898248516838066e-05, 3.985166404163465e-05, 3.061255847569555e-05, 4.2446874431334436e-05, 2.0086932636331767e-05, 2.5219191229552962e-05, 1.888448969111778e-05, 1.2643809895962477e-05, 2.350025715713855e-05, 2.5046880182344466e-05, 3.771345654968172e-05, 1.774746306182351e-05, 2.24696341319941e-05, 3.4201573726022616e-05, 2.7631815100903623e-05, 2.0593339286278933e-05, 2.6768952011479996e-05, 2.029737333941739e-05, 2.4501043299096636e-05, 3.322909469716251e-05, 2.6196839826297946e-05, 3.4500790206948295e-05, 3.134444705210626e-05, 2.5100995117099956e-05, 3.482360261841677e-05, 2.2583917598240077e-05, 1.548000545881223e-05, 2.6290326786693186e-05, 2.5196137357852422e-05, 2.2974772946326993e-05, 2.0490084352786653e-05, 1.2806253835151438e-05, 1.0199541065958329e-05, 1.2202493962831795e-05, 1.3073969967081212e-05, 1.1127677680633496e-05, 9.209905329043977e-06, 1.1930951586691663e-05, 1.65122801263351e-05, 1.4235257367545273e-05, 8.332613106176723e-06, 6.566103820659919e-06, 6.548411874973681e-06, 3.785214630624978e-06, 4.015426384285092e-06, 3.610672365539358e-06, 5.161512945051072e-06, 5.985949428577442e-06, 5.464642526931129e-06, 6.909829608048312e-06, 5.789959232060937e-06, 7.180114153015893e-06, 8.971562238002662e-06, 6.834350188000826e-06, 5.019360742153367e-06, 4.702563728642417e-06, 4.563468337437371e-06, 3.3759565667423885e-06, 2.9570123842859175e-06, 2.4951498289738083e-06, 3.524800376908388e-06, 7.0873688855499495e-06, 6.190756266732933e-06, 5.5166710808407515e-06, 9.137814231507946e-06, 8.86460838955827e-06, 6.135206149338046e-06, 3.498159685477731e-06, 2.249269982712576e-06, 2.1492487576324493e-06, 7.667619570383977e-07, 3.5338612747182196e-07, 4.31459852734406e-07, 2.7781356948253233e-07, 1.203856072606868e-07, 5.4943377847394004e-08, 7.292496917443714e-08, 1.8581906147119298e-07, 4.865813707510824e-07, 5.391629542828014e-07, 4.6002219278307166e-07, 4.0963021774587105e-07, 2.3246710156854533e-07, 1.7610000568879514e-08, 6.9717890315013076e-12, 6.486932952604052e-12, 6.2632525034411746e-12, 6.090206464137715e-12, 5.924334373769158e-12, 5.758124012322785e-12, 5.461194430705918e-12, 5.066330601571911e-12, 4.851988602561086e-12, 4.7981714088041194e-12], "lowlevel.melbands128.stdev": [0.0006353078642860055, 0.006230305880308151, 0.009551184251904488, 0.0062202331610023975, 0.006718762684613466, 0.007571713998913765, 0.0054792314767837524, 0.003475554520264268, 0.0018830354092642665, 0.001145919319242239, 0.001401177840307355, 0.0013065999373793602, 0.0008655294077470899, 0.00046617898624390364, 0.00029020552756264806, 0.00017841254884842783, 0.00017861307424027473, 0.00024987966753542423, 0.00034489232348278165, 0.0003631167346611619, 0.0003833237860817462, 0.00031176969059742987, 0.0002833496837411076, 0.0004417157033458352, 0.0004544796247500926, 0.0003113148268312216, 0.0002397319913143292, 0.0002672830014489591, 0.0004867588868364692, 0.00019862937915604562, 0.0005002719699405134, 0.0003388845652807504, 0.0005306376260705292, 0.0003085611970163882, 0.00020408487762324512, 0.00015420523413922638, 0.00012684889952652156, 0.00021710088185500354, 7.242259744089097e-05, 9.506998321739957e-05, 5.202029205975123e-05, 4.142150282859802e-05, 9.94499641819857e-05, 7.042775541776791e-05, 0.00019308525952510536, 5.8070701925316826e-05, 9.954162669600919e-05, 0.00014406503760255873, 0.00011404403630876914, 6.583656067959964e-05, 0.00011489043390611187, 4.9480579036753625e-05, 6.541144830407575e-05, 8.287230593850836e-05, 5.7857338106259704e-05, 7.575168274343014e-05, 6.887617200845852e-05, 6.958217272767797e-05, 8.101696585072204e-05, 5.481048719957471e-05, 3.885490878019482e-05, 5.371836596168578e-05, 4.930422437610105e-05, 4.986297426512465e-05, 4.27212544309441e-05, 2.4287093765451573e-05, 1.8711087250267155e-05, 2.335338831471745e-05, 2.4239756385213695e-05, 1.947609598573763e-05, 1.967990283446852e-05, 2.699881952139549e-05, 2.7994346964987926e-05, 2.4570388632128015e-05, 1.7372178263030946e-05, 1.228604196512606e-05, 1.7160811694338918e-05, 8.338314728462137e-06, 8.750759661779739e-06, 7.255675427586539e-06, 7.80137997935526e-06, 9.335854883829597e-06, 8.697423254488967e-06, 9.786857845028862e-06, 6.749106432835106e-06, 8.247631740232464e-06, 1.1004193765984382e-05, 7.83063569542719e-06, 6.251345439522993e-06, 5.68589530303143e-06, 5.95604615227785e-06, 4.158845058555016e-06, 3.924474185623694e-06, 3.363897349117906e-06, 5.8163650464848615e-06, 1.3732093975704629e-05, 1.4505778381135315e-05, 1.2733335097436793e-05, 1.6576401321799494e-05, 1.5583602362312376e-05, 1.1507043382152915e-05, 5.8201580941386055e-06, 3.412985961404047e-06, 3.848645974358078e-06, 1.3233815252533532e-06, 6.158054475235986e-07, 8.585649311498855e-07, 5.436295964500459e-07, 3.278143765328423e-07, 1.6297008187393658e-07, 2.0502150732681912e-07, 3.31180160628719e-07, 6.973922381803277e-07, 6.766359206267225e-07, 6.567594823536638e-07, 5.972822805233591e-07, 2.9042294613645936e-07, 3.6083054766322675e-08, 2.5209737075648775e-11, 2.4115077990050082e-11, 2.3119953868055987e-11, 2.2100812499536993e-11, 2.127745722668717e-11, 1.953855653658021e-11, 1.4824044769490285e-11, 9.364761570374025e-12, 8.15699157524774e-12, 8.091433773005363e-12], "lowlevel.mfcc.mean": [-621.7073364257812, 72.0949935913086, 38.101985931396484, 34.71337890625, 20.21933364868164, 8.509511947631836, 9.203845977783203, 9.746088981628418, 4.0757598876953125, 0.5608161687850952, -2.6029796600341797, -4.920225143432617, -0.4230121672153473], "lowlevel.spectral_contrast_coeffs.mean": [-0.6904093623161316, -0.7733572721481323, -0.7900245785713196, -0.8135287761688232, -0.7980400919914246, -0.7701168656349182], "lowlevel.spectral_contrast_coeffs.stdev": [0.06767846643924713, 0.06891176104545593, 0.07619162648916245, 0.05223963409662247, 0.04198683053255081, 0.03422443941235542], "lowlevel.spectral_contrast_valleys.mean": [-6.3431525230407715, -7.20721435546875, -7.740589141845703, -7.779760360717773, -7.187854766845703, -9.225387573242188], "lowlevel.spectral_contrast_valleys.stdev": [0.6849556565284729, 0.7010924816131592, 0.6978845000267029, 0.6878021359443665, 0.6445097923278809, 0.4851253926753998], "rhythm.beats_loudness_band_ratio.mean": [0.45553916692733765, 0.11009125411510468, 0.06479333341121674, 0.08464792370796204, 0.15526098012924194, 0.1449131816625595], "rhythm.beats_loudness_band_ratio.stdev": [0.31490278244018555, 0.08896657824516296, 0.08627206087112427, 0.12413198500871658, 0.13130582869052887, 0.10047741234302521], "tonal.hpcp.mean": [0.1045389324426651, 0.1341795176267624, 0.27222248911857605, 0.4597938060760498, 0.36528393626213074, 0.146946519613266, 0.07743918150663376, 0.06772571802139282, 0.08224063366651535, 0.08029285818338394, 0.07636640220880508, 0.09477747231721878, 0.11166554689407349, 0.08632240444421768, 0.058664631098508835, 0.05185942351818085, 0.061432890594005585, 0.12513448297977448, 0.18629007041454315, 0.15523715317249298, 0.08106178045272827, 0.04786030948162079, 0.04840013384819031, 0.13143426179885864, 0.2412167489528656, 0.16191457211971283, 0.04095073044300079, 0.0278383269906044, 0.031024327501654625, 0.05029025673866272, 0.05658648535609245, 0.05189032107591629, 0.08915767818689346, 0.1798185110092163, 0.18704405426979065, 0.11827047169208527], "tonal.hpcp.stdev": [0.2303912192583084, 0.2611880600452423, 0.3154680132865906, 0.4064998924732208, 0.3579215407371521, 0.250469446182251, 0.1945626586675644, 0.17440496385097504, 0.20114563405513763, 0.19138368964195251, 0.18301671743392944, 0.2050144225358963, 0.22071175277233124, 0.1683674156665802, 0.13937827944755554, 0.12946131825447083, 0.15466907620429993, 0.23035334050655365, 0.29237982630729675, 0.2573261260986328, 0.17781299352645874, 0.12247902899980545, 0.12864507734775543, 0.1854134500026703, 0.2743590772151947, 0.18855707347393036, 0.11279748380184174, 0.08518879115581512, 0.07844198495149612, 0.1163848415017128, 0.13600941002368927, 0.12772461771965027, 0.17446786165237427, 0.30080828070640564, 0.3072212040424347, 0.2320256382226944], "rhythm.beats_position": [0.5108389854431152, 1.0216779708862305, 1.5441269874572754, 2.0665760040283203, 2.589024782180786, 3.088253974914551, 3.5758728981018066, 4.0634918212890625, 4.527891159057617, 4.9690704345703125, 5.456689357757568, 5.944308280944824, 6.42031717300415, 6.896326541900635, 7.372335433959961, 7.848344326019287, 8.312743186950684, 8.777142524719238, 9.253151893615723, 9.729161262512207, 10.193559646606445, 10.68117904663086, 11.157188415527344, 11.633196830749512, 12.097596168518066, 12.561995506286621, 13.038003921508789, 13.514013290405273, 13.978412628173828, 14.454421043395996, 14.93043041229248, 15.394829750061035, 15.87083911895752, 16.346847534179688, 16.811246871948242, 17.298866271972656, 17.76326560974121, 18.227664947509766, 18.703672409057617, 19.1796817779541, 19.644081115722656, 20.13170051574707, 20.607709884643555, 21.08371925354004, 21.54811668395996, 22.012516021728516, 22.488525390625, 22.964534759521484, 23.42893409729004, 23.893333435058594, 24.369342803955078, 24.84535026550293, 25.321359634399414, 25.7973690032959, 26.273378372192383, 26.749387741088867, 27.213787078857422, 27.678184509277344, 28.154193878173828, 28.630203247070312, 29.106212615966797, 29.58222198486328, 30.069841384887695], "rhythm.bpm_histogram": [0.0, 0.0, 0.0, 0.0, 0.0, 0.0, 0.0, 0.0, 0.0, 0.0, 0.0, 0.0, 0.0, 0.0, 0.0, 0.0, 0.0, 0.0, 0.0, 0.0, 0.0, 0.0, 0.0, 0.0, 0.0, 0.0, 0.0, 0.0, 0.0, 0.0, 0.0, 0.0, 0.0, 0.0, 0.0, 0.0, 0.0, 0.0, 0.0, 0.0, 0.0, 0.0, 0.0, 0.0, 0.0, 0.0, 0.0, 0.0, 0.0, 0.0, 0.0, 0.0, 0.0, 0.0, 0.0, 0.0, 0.0, 0.0, 0.0, 0.0, 0.0, 0.0, 0.0, 0.0, 0.0, 0.0, 0.0, 0.0, 0.0, 0.0, 0.0, 0.0, 0.0, 0.0, 0.0, 0.0, 0.0, 0.0, 0.0, 0.0, 0.0, 0.0, 0.0, 0.0, 0.0, 0.0, 0.0, 0.0, 0.0, 0.0, 0.0, 0.0, 0.0, 0.0, 0.0, 0.0, 0.0, 0.0, 0.0, 0.0, 0.0, 0.0, 0.0, 0.0, 0.0, 0.0, 0.0, 0.0, 0.0, 0.0, 0.0, 0.0, 0.0, 0.0, 0.0, 0.04838709533214569, 0.0, 0.016129031777381897, 0.0, 0.0, 0.016129031777381897, 0.0, 0.0, 0.12903225421905518, 0.0, 0.0, 0.4838709533214569, 0.0, 0.0, 0.29032257199287415, 0.0, 0.0, 0.0, 0.0, 0.0, 0.0, 0.016129031777381897, 0.0, 0.0, 0.0, 0.0, 0.0, 0.0, 0.0, 0.0, 0.0, 0.0, 0.0, 0.0, 0.0, 0.0, 0.0, 0.0, 0.0, 0.0, 0.0, 0.0, 0.0, 0.0, 0.0, 0.0, 0.0, 0.0, 0.0, 0.0, 0.0, 0.0, 0.0, 0.0, 0.0, 0.0, 0.0, 0.0, 0.0, 0.0, 0.0, 0.0, 0.0, 0.0, 0.0, 0.0, 0.0, 0.0, 0.0, 0.0, 0.0, 0.0, 0.0, 0.0, 0.0, 0.0, 0.0, 0.0, 0.0, 0.0, 0.0, 0.0, 0.0, 0.0, 0.0, 0.0, 0.0, 0.0, 0.0, 0.0, 0.0, 0.0, 0.0, 0.0, 0.0, 0.0, 0.0, 0.0, 0.0, 0.0, 0.0, 0.0, 0.0, 0.0, 0.0, 0.0, 0.0, 0.0, 0.0, 0.0, 0.0, 0.0, 0.0, 0.0, 0.0, 0.0, 0.0, 0.0, 0.0, 0.0, 0.0, 0.0, 0.0, 0.0, 0.0, 0.0, 0.0, 0.0, 0.0, 0.0, 0.0, 0.0, 0.0, 0.0, 0.0], "tonal.chords_histogram": [0.6051437258720398, 0.0, 57.63993835449219, 11.195158958435059, 0.6051437258720398, 2.269289016723633, 7.110438823699951, 14.523448944091797, 0.0, 5.597579479217529, 0.0, 0.0, 0.0, 0.45385777950286865, 0.0, 0.0, 0.0, 0.0, 0.0, 0.0, 0.0, 0.0, 0.0, 0.0], "tonal.thpcp": [1.0, 0.7944516539573669, 0.3195922076702118, 0.16842153668403625, 0.14729584753513336, 0.17886416614055634, 0.17462797462940216, 0.16608837246894836, 0.20613038539886475, 0.24286004900932312, 0.18774156272411346, 0.12758900225162506, 0.11278843134641647, 0.13360965251922607, 0.27215346693992615, 0.4051600396633148, 0.3376234173774719, 0.1763002872467041, 0.10409080982208252, 0.10526486486196518, 0.2858547866344452, 0.5246194005012512, 0.35214605927467346, 0.08906324952840805, 0.060545239597558975, 0.06747443228960037, 0.10937567055225372, 0.12306926399469376, 0.11285563558340073, 0.1939079612493515, 0.39108511805534363, 0.406799852848053, 0.25722500681877136, 0.22736045718193054, 0.29182541370391846, 0.5920534133911133], "lowlevel.gfcc.cov": [[2259.9326171875, 178.0067138671875, -573.1961059570312, -286.9527893066406, 33.41777038574219, -99.70724487304688, 93.99247741699219, 104.57608795166016, -59.65089797973633, -30.1050968170166, 3.4684600830078125, 22.38700294494629, 21.41686248779297], [178.0067138671875, 477.580810546875, -81.75865173339844, -119.85493469238281, -24.562023162841797, -48.12937545776367, 57.31764221191406, -0.6105652451515198, 0.7546021938323975, -14.090947151184082, 29.05494499206543, -34.39250183105469, 12.267078399658203], [-573.1961059570312, -81.75865173339844, 1511.5284423828125, 370.8625793457031, 52.73604965209961, 235.60708618164062, 38.726253509521484, 33.16324996948242, 56.39531707763672, 144.37628173828125, 48.631553649902344, 2.086688995361328, -74.56200408935547], [-286.9527893066406, -119.85493469238281, 370.8625793457031, 338.88604736328125, 89.78124237060547, 16.129024505615234, -18.569711685180664, 7.536046028137207, 39.75252914428711, 4.915126323699951, 18.222116470336914, 24.62782859802246, 5.448709964752197], [33.41777038574219, -24.562023162841797, 52.73604965209961, 89.78124237060547, 187.3586883544922, 89.45757293701172, 45.532386779785156, 39.69192123413086, -7.248661518096924, -12.782432556152344, -0.6494699716567993, 7.740690231323242, 16.128202438354492], [-99.70724487304688, -48.12937545776367, 235.60708618164062, 16.129024505615234, 89.45757293701172, 251.50421142578125, 95.39358520507812, -5.813023090362549, -22.764347076416016, 31.794239044189453, 1.5757087469100952, -22.99575424194336, -1.1795772314071655], [93.99247741699219, 57.31764221191406, 38.726253509521484, -18.569711685180664, 45.532386779785156, 95.39358520507812, 146.514404296875, 60.27638626098633, -13.48749828338623, 5.7953619956970215, 7.694257736206055, -24.75436019897461, -7.29409122467041], [104.57608795166016, -0.6105652451515198, 33.16324996948242, 7.536046028137207, 39.69192123413086, -5.813023090362549, 60.27638626098633, 154.55271911621094, 44.16166687011719, -6.261593818664551, -9.803261756896973, -7.591292858123779, -6.430374622344971], [-59.65089797973633, 0.7546021938323975, 56.39531707763672, 39.75252914428711, -7.248661518096924, -22.764347076416016, -13.48749828338623, 44.16166687011719, 93.7122573852539, 28.556093215942383, -1.6484147310256958, -3.6131181716918945, -7.040308475494385], [-30.1050968170166, -14.090947151184082, 144.37628173828125, 4.915126323699951, -12.782432556152344, 31.794239044189453, 5.7953619956970215, -6.261593818664551, 28.556093215942383, 90.65483856201172, 34.012359619140625, 2.0408263206481934, -17.331336975097656], [3.4684600830078125, 29.05494499206543, 48.631553649902344, 18.222116470336914, -0.6494699716567993, 1.5757087469100952, 7.694257736206055, -9.803261756896973, -1.6484147310256958, 34.012359619140625, 73.72575378417969, 25.37145233154297, 4.249007701873779], [22.38700294494629, -34.39250183105469, 2.086688995361328, 24.62782859802246, 7.740690231323242, -22.99575424194336, -24.75436019897461, -7.591292858123779, -3.6131181716918945, 2.0408263206481934, 25.37145233154297, 78.28657531738281, 39.55620574951172], [21.41686248779297, 12.267078399658203, -74.56200408935547, 5.448709964752197, 16.128202438354492, -1.1795772314071655, -7.29409122467041, -6.430374622344971, -7.040308475494385, -17.331336975097656, 4.249007701873779, 39.55620574951172, 76.18406677246094]], "lowlevel.gfcc.icov": [[0.0005883242120034993, -9.835638775257394e-05, 0.00011704001371981576, 0.000376568001229316, -0.0003545917570590973, 0.0003673180181067437, -0.0003145086229778826, -0.000361165264621377, 0.0004379538295324892, -0.00036307438858784735, 0.00011978599650319666, -0.00039031621417962015, 0.00011207544594071805], [-9.835638775257394e-05, 0.003872690722346306, -0.001137414132244885, 0.00281246704980731, -0.0016563674435019493, 0.003210605587810278, -0.003205387620255351, 0.0026941047981381416, -0.0026262595783919096, 0.0026521349791437387, -0.0031874454580247402, 0.0035291051026433706, -0.0028833637479692698], [0.00011704001371981576, -0.001137414132244885, 0.001975682331249118, -0.002792774001136422, 0.0017621651059016585, -0.0028102302458137274, 0.0016373214311897755, -0.00207181996665895, 0.001676027080975473, -0.0026546574663370848, 0.001200748374685645, -0.0017707705264911056, 0.0022523433435708284], [0.000376568001229316, 0.00281246704980731, -0.002792774001136422, 0.008878625929355621, -0.0054167830385267735, 0.005017334129661322, -0.00297356303781271, 0.00406536553055048, -0.005098261870443821, 0.004869683180004358, -0.0037332954816520214, 0.002208838937804103, -0.002946148393675685], [-0.0003545917570590973, -0.0016563674435019493, 0.0017621651059016585, -0.0054167830385267735, 0.010892841033637524, -0.006522112991660833, 0.002415140625089407, -0.0047768643125891685, 0.003139782464131713, -0.0007755421102046967, 0.0014487667940557003, -0.002618857193738222, 0.0012921615270897746], [0.0003673180181067437, 0.003210605587810278, -0.0028102302458137274, 0.005017334129661322, -0.006522112991660833, 0.013048331253230572, -0.0087524289265275, 0.006268964149057865, -0.002036428079009056, 0.000165646561072208, -0.0007488597766496241, 0.0048261829651892185, -0.005070134997367859], [-0.0003145086229778826, -0.003205387620255351, 0.0016373214311897755, -0.00297356303781271, 0.002415140625089407, -0.0087524289265275, 0.01727965660393238, -0.009456245228648186, 0.006049107760190964, -0.002498500980436802, -0.0010608159936964512, 0.0008747645770199597, 0.0022247040178626776], [-0.000361165264621377, 0.0026941047981381416, -0.00207181996665895, 0.00406536553055048, -0.0047768643125891685, 0.006268964149057865, -0.009456245228648186, 0.015049577690660954, -0.009692841209471226, 0.005201465450227261, -0.0008494700887240469, 0.0013071747962385416, -0.0015212742146104574], [0.0004379538295324892, -0.0026262595783919096, 0.001676027080975473, -0.005098261870443821, 0.003139782464131713, -0.002036428079009056, 0.006049107760190964, -0.009692841209471226, 0.02070927992463112, -0.01073067169636488, 0.00481563713401556, -0.0003668167337309569, 0.0007640420226380229], [-0.00036307438858784735, 0.0026521349791437387, -0.0026546574663370848, 0.004869683180004358, -0.0007755421102046967, 0.000165646561072208, -0.002498500980436802, 0.005201465450227261, -0.01073067169636488, 0.02341991476714611, -0.011181515641510487, 0.0015279438812285662, 0.0012616857420653105], [0.00011978599650319666, -0.0031874454580247402, 0.001200748374685645, -0.0037332954816520214, 0.0014487667940557003, -0.0007488597766496241, -0.0010608159936964512, -0.0008494700887240469, 0.00481563713401556, -0.011181515641510487, 0.023394431918859482, -0.009684938006103039, 0.0030553217511624098], [-0.00039031621417962015, 0.0035291051026433706, -0.0017707705264911056, 0.002208838937804103, -0.002618857193738222, 0.0048261829651892185, 0.0008747645770199597, 0.0013071747962385416, -0.0003668167337309569, 0.0015279438812285662, -0.009684938006103039, 0.02615002915263176, -0.014250081963837147], [0.00011207544594071805, -0.0028833637479692698, 0.0022523433435708284, -0.002946148393675685, 0.0012921615270897746, -0.005070134997367859, 0.0022247040178626776, -0.0015212742146104574, 0.0007640420226380229, 0.0012616857420653105, 0.0030553217511624098, -0.014250081963837147, 0.023292651399970055]], "lowlevel.mfcc.cov": [[2477.0087890625, 222.25634765625, -961.8382568359375, -200.1735076904297, -232.80532836914062, -226.69325256347656, -6.299215793609619, 27.251428604125977, -20.856367111206055, -34.77301025390625, -49.56117248535156, -40.568721771240234, -29.119993209838867], [222.25634765625, 484.64630126953125, -42.45650100708008, -101.86676025390625, -93.62413024902344, -46.23403549194336, 39.95867156982422, -13.495455741882324, -10.72191047668457, 32.54265594482422, 10.078722953796387, -8.521891593933105, 3.4838008880615234], [-961.8382568359375, -42.45650100708008, 1223.0994873046875, 204.38607788085938, 200.25672912597656, 187.3443603515625, 85.12954711914062, -21.49953842163086, 38.70191955566406, 63.25772476196289, 84.90592193603516, 103.9800796508789, 54.48952865600586], [-200.1735076904297, -101.86676025390625, 204.38607788085938, 288.8446350097656, 112.2437973022461, -25.568328857421875, -21.840293884277344, 27.90912628173828, 13.311483383178711, -19.1566219329834, 19.726987838745117, 39.39704513549805, -1.0171011686325073], [-232.80532836914062, -93.62413024902344, 200.25672912597656, 112.2437973022461, 205.16110229492188, 70.51143646240234, 28.894956588745117, 32.124088287353516, 32.72169494628906, 7.09298849105835, 3.817362070083618, 17.65814208984375, 17.02764320373535], [-226.69325256347656, -46.23403549194336, 187.3443603515625, -25.568328857421875, 70.51143646240234, 221.17686462402344, 87.5055160522461, -13.021374702453613, -4.502176761627197, 24.01238250732422, -8.625496864318848, -16.415565490722656, 22.389263153076172], [-6.299215793609619, 39.95867156982422, 85.12954711914062, -21.840293884277344, 28.894956588745117, 87.5055160522461, 194.68435668945312, 58.2252197265625, 13.175890922546387, 43.40182113647461, 9.635239601135254, -9.630517959594727, 16.664020538330078], [27.251428604125977, -13.495455741882324, -21.49953842163086, 27.90912628173828, 32.124088287353516, -13.021374702453613, 58.2252197265625, 104.18091583251953, 52.9621467590332, 8.645340919494629, -1.53726065158844, 5.119243621826172, -4.890716552734375], [-20.856367111206055, -10.72191047668457, 38.70191955566406, 13.311483383178711, 32.72169494628906, -4.502176761627197, 13.175890922546387, 52.9621467590332, 97.64750671386719, 36.177005767822266, 7.7542405128479, 9.231490135192871, 0.4279029071331024], [-34.77301025390625, 32.54265594482422, 63.25772476196289, -19.1566219329834, 7.09298849105835, 24.01238250732422, 43.40182113647461, 8.645340919494629, 36.177005767822266, 90.57848358154297, 37.60755920410156, 7.87387752532959, 8.19643783569336], [-49.56117248535156, 10.078722953796387, 84.90592193603516, 19.726987838745117, 3.817362070083618, -8.625496864318848, 9.635239601135254, -1.53726065158844, 7.7542405128479, 37.60755920410156, 82.37361145019531, 40.56229019165039, 5.044137477874756], [-40.568721771240234, -8.521891593933105, 103.9800796508789, 39.39704513549805, 17.65814208984375, -16.415565490722656, -9.630517959594727, 5.119243621826172, 9.231490135192871, 7.87387752532959, 40.56229019165039, 78.17286682128906, 21.320512771606445], [-29.119993209838867, 3.4838008880615234, 54.48952865600586, -1.0171011686325073, 17.02764320373535, 22.389263153076172, 16.664020538330078, -4.890716552734375, 0.4279029071331024, 8.19643783569336, 5.044137477874756, 21.320512771606445, 61.656227111816406]], "lowlevel.mfcc.icov": [[0.0006445730687119067, -0.0001710170035948977, 0.0004891098942607641, 2.1681422367691994e-05, 0.00014215866394806653, 0.00031400646548718214, -0.0004410426481626928, 0.00026896625058725476, -0.00020964832219760865, 0.00011289957910776138, 0.00017862743698060513, -0.00046348467003554106, 1.5483318520637113e-06], [-0.0001710170035948977, 0.002615045290440321, -0.00034756993409246206, 0.0006752934423275292, 0.0006408734479919076, 0.0010283672017976642, -0.0008274842402897775, 0.0004418506287038326, 0.00024150653916876763, -0.0007519215578213334, 0.00014900794485583901, 0.00028719636611640453, -0.0002151667431462556], [0.0004891098942607641, -0.00034756993409246206, 0.0018169092945754528, -0.0008756633033044636, -0.00042380334343761206, -0.0008289208635687828, -0.0008336676983162761, 0.0014916489599272609, -0.0009459495777264237, 3.161737186019309e-05, -0.0003234439645893872, -0.0017709477106109262, 3.337848465889692e-05], [2.1681422367691994e-05, 0.0006752934423275292, -0.0008756633033044636, 0.005914755165576935, -0.0027641914784908295, 0.0019407428335398436, 0.000502370239701122, -0.0014401099178940058, 0.0010676082456484437, 0.0010544623946771026, -0.000645565683953464, -0.0006541699403896928, 0.0007836067816242576], [0.00014215866394806653, 0.0006408734479919076, -0.00042380334343761206, -0.0027641914784908295, 0.008713514544069767, -0.002562758745625615, 0.000319362006848678, -0.0017676206771284342, -0.0015362371923401952, 5.285386214382015e-05, 0.0005631393869407475, 1.1830155926872976e-05, -0.0013889819383621216], [0.00031400646548718214, 0.0010283672017976642, -0.0008289208635687828, 0.0019407428335398436, -0.002562758745625615, 0.008963970467448235, -0.004101439844816923, 0.0034392361994832754, 0.00013807561481371522, -0.0005565161700360477, 0.0015568621456623077, 0.0016141572268679738, -0.0009237474878318608], [-0.0004410426481626928, -0.0008274842402897775, -0.0008336676983162761, 0.000502370239701122, 0.000319362006848678, -0.004101439844816923, 0.011356956325471401, -0.009629216976463795, 0.004861026536673307, -0.004163063131272793, -0.0011007131543010473, 0.00263580190949142, -0.0021503360476344824], [0.00026896625058725476, 0.0004418506287038326, 0.0014916489599272609, -0.0014401099178940058, -0.0017676206771284342, 0.0034392361994832754, -0.009629216976463795, 0.02269388921558857, -0.012055885046720505, 0.004550060722976923, 0.0013276914833113551, -0.0031228498555719852, 0.002852014498785138], [-0.00020964832219760865, 0.00024150653916876763, -0.0009459495777264237, 0.0010676082456484437, -0.0015362371923401952, 0.00013807561481371522, 0.004861026536673307, -0.012055885046720505, 0.020161308348178864, -0.009369518607854843, 0.0023477987851947546, -0.00020693607802968472, -0.0001699134154478088], [0.00011289957910776138, -0.0007519215578213334, 3.161737186019309e-05, 0.0010544623946771026, 5.285386214382015e-05, -0.0005565161700360477, -0.004163063131272793, 0.004550060722976923, -0.009369518607854843, 0.02080714702606201, -0.00949378777295351, 0.002700100652873516, -0.0010991833405569196], [0.00017862743698060513, 0.00014900794485583901, -0.0003234439645893872, -0.000645565683953464, 0.0005631393869407475, 0.0015568621456623077, -0.0011007131543010473, 0.0013276914833113551, 0.0023477987851947546, -0.00949378777295351, 0.02230839990079403, -0.010937216691672802, 0.0032358611933887005], [-0.00046348467003554106, 0.00028719636611640453, -0.0017709477106109262, -0.0006541699403896928, 1.1830155926872976e-05, 0.0016141572268679738, 0.00263580190949142, -0.0031228498555719852, -0.00020693607802968472, 0.002700100652873516, -0.010937216691672802, 0.023714076727628708, -0.00789331179112196], [1.5483318520637113e-06, -0.0002151667431462556, 3.337848465889692e-05, 0.0007836067816242576, -0.0013889819383621216, -0.0009237474878318608, -0.0021503360476344824, 0.002852014498785138, -0.0001699134154478088, -0.0010991833405569196, 0.0032358611933887005, -0.00789331179112196, 0.020353777334094048]], "metadata.audio_properties.analysis.downmix": "mix", "metadata.audio_properties.codec": "mp3", "metadata.audio_properties.md5_encoded": "75958e95a178f3381a0a3fae2a580cd6", "metadata.tags.file_name": "1183712469336723486.mp3", "metadata.version.essentia": "2.1-beta6-dev", "metadata.version.essentia_git_sha": "v2.1_beta5-1110-g77a6a954", "metadata.version.extractor": "music 2.0", "tonal.chords_key": "Bb", "tonal.chords_scale": "minor", "tonal.key_edma.key": "Eb", "tonal.key_edma.scale": "minor", "tonal.key_krumhansl.key": "Eb", "tonal.key_krumhansl.scale": "minor", "tonal.key_temperley.key": "Eb", "tonal.