{"song_id": "1183701980468760576", "download": "https://cdn.discordapp.com/attachments/1128313332273782784/1183701980468760576/chirp.mp4?ex=65894b60&amp", "lyrics": "edge trading profit", "style": ["pops"], "essentia_features": {"lowlevel.average_loudness": 0.9839282035827637, "lowlevel.barkbands_crest.mean": 19.353410720825195, "lowlevel.barkbands_crest.stdev": 5.546396732330322, "lowlevel.barkbands_flatness_db.mean": 0.2696223855018616, "lowlevel.barkbands_flatness_db.stdev": 0.0824042484164238, "lowlevel.barkbands_kurtosis.mean": 30.947729110717773, "lowlevel.barkbands_kurtosis.stdev": 25.71988868713379, "lowlevel.barkbands_skewness.mean": 4.370602130889893, "lowlevel.barkbands_skewness.stdev": 1.9233982563018799, "lowlevel.barkbands_spread.mean": 9.0294771194458, "lowlevel.barkbands_spread.stdev": 13.380928993225098, "lowlevel.dissonance.mean": 0.47341006994247437, "lowlevel.dissonance.stdev": 0.018849380314350128, "lowlevel.dynamic_complexity": 2.034743547439575, "lowlevel.erbbands_crest.mean": 7.670424461364746, "lowlevel.erbbands_crest.stdev": 2.745429039001465, "lowlevel.erbbands_flatness_db.mean": 0.1561024785041809, "lowlevel.erbbands_flatness_db.stdev": 0.043221112340688705, "lowlevel.erbbands_kurtosis.mean": 0.6781356930732727, "lowlevel.erbbands_kurtosis.stdev": 2.2438855171203613, "lowlevel.erbbands_skewness.mean": 0.5086883902549744, "lowlevel.erbbands_skewness.stdev": 0.9697697162628174, "lowlevel.erbbands_spread.mean": 48.754119873046875, "lowlevel.erbbands_spread.stdev": 25.397571563720703, "lowlevel.hfc.mean": 10.967948913574219, "lowlevel.hfc.stdev": 10.027748107910156, "lowlevel.loudness_ebu128.integrated": -17.01340103149414, "lowlevel.loudness_ebu128.loudness_range": 0.5084247589111328, "lowlevel.loudness_ebu128.momentary.mean": -17.22060775756836, "lowlevel.loudness_ebu128.momentary.stdev": 1.3788009881973267, "lowlevel.loudness_ebu128.short_term.mean": -16.923723220825195, "lowlevel.loudness_ebu128.short_term.stdev": 0.17040205001831055, "lowlevel.melbands_crest.mean": 19.862625122070312, "lowlevel.melbands_crest.stdev": 3.5650970935821533, "lowlevel.melbands_flatness_db.mean": 0.3569793403148651, "lowlevel.melbands_flatness_db.stdev": 0.10235320776700974, "lowlevel.melbands_kurtosis.mean": 67.59447479248047, "lowlevel.melbands_kurtosis.stdev": 53.34297180175781, "lowlevel.melbands_skewness.mean": 5.978031158447266, "lowlevel.melbands_skewness.stdev": 2.584400177001953, "lowlevel.melbands_spread.mean": 7.922659397125244, "lowlevel.melbands_spread.stdev": 17.757904052734375, "lowlevel.pitch_salience.mean": 0.366739422082901, "lowlevel.pitch_salience.stdev": 0.14097197353839874, "lowlevel.silence_rate_20dB.mean": 1.0, "lowlevel.silence_rate_20dB.stdev": 0.0, "lowlevel.silence_rate_30dB.mean": 0.8623188138008118, "lowlevel.silence_rate_30dB.stdev": 0.3445645868778229, "lowlevel.silence_rate_60dB.mean": 0.043478261679410934, "lowlevel.silence_rate_60dB.stdev": 0.2039310485124588, "lowlevel.spectral_centroid.mean": 763.2037963867188, "lowlevel.spectral_centroid.stdev": 682.41162109375, "lowlevel.spectral_complexity.mean": 10.692028999328613, "lowlevel.spectral_complexity.stdev": 4.828516006469727, "lowlevel.spectral_decrease.mean": -1.8904650289641722e-08, "lowlevel.spectral_decrease.stdev": 1.77290466751856e-08, "lowlevel.spectral_energy.mean": 0.0723453015089035, "lowlevel.spectral_energy.stdev": 0.06769479066133499, "lowlevel.spectral_energyband_high.mean": 0.00028118991758674383, "lowlevel.spectral_energyband_high.stdev": 0.0005935255321674049, "lowlevel.spectral_energyband_low.mean": 0.06242235004901886, "lowlevel.spectral_energyband_low.stdev": 0.056970804929733276, "lowlevel.spectral_energyband_middle_high.mean": 0.001034445594996214, "lowlevel.spectral_energyband_middle_high.stdev": 0.0008639839361421764, "lowlevel.spectral_energyband_middle_low.mean": 0.01254594698548317, "lowlevel.spectral_energyband_middle_low.stdev": 0.02677287720143795, "lowlevel.spectral_entropy.mean": 7.15920877456665, "lowlevel.spectral_entropy.stdev": 0.6329039335250854, "lowlevel.spectral_flux.mean": 0.08934233337640762, "lowlevel.spectral_flux.stdev": 0.10814439505338669, "lowlevel.spectral_kurtosis.mean": 7.724966526031494, "lowlevel.spectral_kurtosis.stdev": 7.55764627456665, "lowlevel.spectral_rms.mean": 0.007748670410364866, "lowlevel.spectral_rms.stdev": 0.0032463648822158575, "lowlevel.spectral_rolloff.mean": 472.48223876953125, "lowlevel.spectral_rolloff.stdev": 1178.7569580078125, "lowlevel.spectral_skewness.mean": 2.002506971359253, "lowlevel.spectral_skewness.stdev": 0.914908230304718, "lowlevel.spectral_spread.mean": 4133328.25, "lowlevel.spectral_spread.stdev": 1440685.25, "lowlevel.spectral_strongpeak.mean": 0.6424119472503662, "lowlevel.spectral_strongpeak.stdev": 0.2552383542060852, "lowlevel.zerocrossingrate.mean": 0.022399017587304115, "lowlevel.zerocrossingrate.stdev": 0.031248407438397408, "metadata.audio_properties.analysis.equal_loudness": 0.0, "metadata.audio_properties.analysis.length": 6.378662109375, "metadata.audio_properties.analysis.sample_rate": 44100.0, "metadata.audio_properties.analysis.start_time": 0.0, "metadata.audio_properties.bit_rate": 113858.0, "metadata.audio_properties.length": 6.378666877746582, "metadata.audio_properties.lossless": 0.0, "metadata.audio_properties.number_channels": 1.0, "metadata.audio_properties.replay_gain": -7.9008636474609375, "metadata.audio_properties.sample_rate": 48000.0, "rhythm.beats_count": 14.0, "rhythm.beats_loudness.mean": 0.07840270549058914, "rhythm.beats_loudness.stdev": 0.031209604814648628, "rhythm.bpm": 135.36514282226562, "rhythm.bpm_histogram_first_peak_bpm": 136.0, "rhythm.bpm_histogram_first_peak_weight": 0.1818181872367859, "rhythm.bpm_histogram_second_peak_bpm": 144.0, "rhythm.bpm_histogram_second_peak_spread": 0.5, "rhythm.bpm_histogram_second_peak_weight": 0.07692307978868484, "rhythm.danceability": 1.7044402360916138, "rhythm.onset_rate": 3.7517013549804688, "tonal.chords_changes_rate": 0.04316546767950058, "tonal.chords_number_rate": 0.028776979073882103, "tonal.chords_strength.mean": 0.3809314966201782, "tonal.chords_strength.stdev": 0.0855870395898819, "tonal.hpcp_crest.mean": 10.93823528289795, "tonal.hpcp_crest.stdev": 3.549710988998413, "tonal.hpcp_entropy.mean": 2.2601420879364014, "tonal.hpcp_entropy.stdev": 0.5810036659240723, "tonal.key_edma.strength": 0.6200559139251709, "tonal.key_krumhansl.strength": 0.6075016856193542, "tonal.key_temperley.strength": 0.5799853801727295, "tonal.tuning_diatonic_strength": 0.4846016466617584, "tonal.tuning_equal_tempered_deviation": 0.13648365437984467, "tonal.tuning_frequency": 435.9522705078125, "tonal.tuning_nontempered_energy_ratio": 0.7777823209762573, "lowlevel.barkbands.mean": [0.00040977454045787454, 0.04996602609753609, 0.008133882656693459, 0.006150687113404274, 0.004309515934437513, 0.00116817990783602, 0.00041021601646207273, 0.0002456609217915684, 0.00022518701734952629, 0.00011517215170897543, 5.994348248350434e-05, 6.584697257494554e-05, 8.003166294656694e-05, 0.0002741160860750824, 6.970866525080055e-05, 6.886135815875605e-05, 0.0001722742017591372, 4.3232292227912694e-05, 7.042022480163723e-05, 5.759050327469595e-05, 0.00010099539940711111, 5.4333384468918666e-05, 4.1604795114835724e-05, 2.9755934519926086e-05, 1.7866876078187488e-05, 4.461345270101447e-06, 2.8474463675820516e-08], "lowlevel.barkbands.stdev": [0.0007269993657246232, 0.03093433752655983, 0.026691274717450142, 0.02058771625161171, 0.006376607809215784, 0.0010597753571346402, 0.0008414012845605612, 0.00041918709757737815, 0.00036748938146047294, 0.0001746013294905424, 0.00012004373274976388, 0.00012851065548602492, 0.00014254484267439693, 0.0003599270130507648, 0.00010101773659698665, 9.798470273381099e-05, 0.00025989950518123806, 8.535943197784945e-05, 0.00013109332940075547, 0.00014189061766956002, 0.0002557876578066498, 0.00012211732973810285, 8.612035162514076e-05, 5.421230525826104e-05, 3.3607884688535705e-05, 1.0816902431542985e-05, 1.3723095548812125e-07], "lowlevel.erbbands.mean": [1.013129472732544, 12.533976554870605, 12.724810600280762, 18.08929443359375, 15.856321334838867, 15.295553207397461, 7.8033623695373535, 10.626791954040527, 6.434172630310059, 8.074359893798828, 3.939239025115967, 5.694459438323975, 3.8475937843322754, 2.908900499343872, 2.7683935165405273, 2.708721876144409, 3.767136335372925, 11.023837089538574, 8.605313301086426, 2.571073532104492, 5.5437445640563965, 9.78546142578125, 2.929553985595703, 2.719857692718506, 3.6844449043273926, 2.6685144901275635, 4.192138671875, 3.2766494750976562, 2.0932252407073975, 1.5874794721603394, 1.071096420288086, 0.6665767431259155, 0.4796627461910248, 0.252691388130188, 0.09725634008646011, 0.030693385750055313, 0.005799686536192894, 0.00046224455581977963, 4.39690011262428e-05, 7.983823161339387e-05], "lowlevel.erbbands.stdev": [0.7933707237243652, 7.614607334136963, 25.236330032348633, 58.25045394897461, 37.88455581665039, 20.62236976623535, 7.757626533508301, 11.772013664245605, 9.732623100280762, 17.4357967376709, 7.278716564178467, 9.280511856079102, 5.61120080947876, 4.242772579193115, 6.107298851013184, 5.046201705932617, 6.375080108642578, 13.823518753051758, 10.256731033325195, 2.400958776473999, 7.304134845733643, 15.112849235534668, 5.304488658905029, 5.002077579498291, 7.264410018920898, 6.400728702545166, 13.529698371887207, 6.5726776123046875, 4.670443534851074, 3.556514263153076, 2.1427016258239746, 1.2045621871948242, 0.9327649474143982, 0.4703032374382019, 0.19760897755622864, 0.07005400210618973, 0.0157391969114542, 0.0011470767203718424, 3.9590267988387495e-05, 7.349525549216196e-05], "lowlevel.gfcc.mean": [-49.61301040649414, 133.91856384277344, -82.67668151855469, 59.19441604614258, -38.03538131713867, 22.55194664001465, -31.9124698638916, 5.2934250831604, -10.534337043762207, 2.618769884109497, -7.019766807556152, -7.873912811279297, 2.1071488857269287], "lowlevel.melbands.mean": [0.012452280148863792, 0.010394277982413769, 0.0029255766421556473, 0.0011985801393166184, 0.0002911403717007488, 0.00022132361482363194, 0.00010078257764689624, 8.266917575383559e-05, 3.128041498712264e-05, 3.355175067554228e-05, 1.8642165741766803e-05, 1.2052942111040466e-05, 8.656306818011217e-06, 7.895017006376293e-06, 6.9365923991426826e-06, 8.548557161702774e-06, 2.3972483177203685e-05, 1.7503918570582755e-05, 4.024266672786325e-06, 3.3426588288421044e-06, 7.222286967589753e-06, 1.1903384802280925e-05, 3.8804787436674815e-06, 1.8468980442776228e-06, 2.1416947220131988e-06, 2.887464461309719e-06, 2.1564369490079116e-06, 1.6457199762953678e-06, 2.479493105056463e-06, 2.7928263079957105e-06, 1.5674859241698869e-06, 1.2242129514561384e-06, 9.333789421361871e-07, 8.743644457354094e-07, 6.66832136175799e-07, 4.5240449253469706e-07, 3.908290011622739e-07, 3.6596554764400935e-07, 2.541907520026143e-07, 1.9897832714832475e-07], "lowlevel.melbands.stdev": [0.008084962144494057, 0.01110617071390152, 0.00920350942760706, 0.001886351383291185, 0.0003312697808723897, 0.00023809095728211105, 0.00015038935816846788, 0.0001673161459621042, 5.739214611821808e-05, 5.4322805226547644e-05, 2.760241477517411e-05, 1.8063303286908194e-05, 1.705003705865238e-05, 1.5446767065441236e-05, 1.1851327144540846e-05, 1.5256046935974155e-05, 3.1496525480179116e-05, 2.1768186343251728e-05, 5.2353207138367e-06, 3.833048140222672e-06, 9.628730367694516e-06, 1.8128534065908752e-05, 8.771383363637142e-06, 3.881557404383784e-06, 4.127016836719122e-06, 5.734279511671048e-06, 4.561674813885475e-06, 4.235462711221771e-06, 9.704918738862034e-06, 6.485488484031521e-06, 3.131636049147346e-06, 2.8100334930059034e-06, 2.2869278382131597e-06, 1.9199144389858702e-06, 1.3689895013158093e-06, 8.781692031334387e-07, 7.023936632322147e-07, 7.320243753383693e-07, 5.070119186711963e-07, 3.7147862030906253e-07], "lowlevel.melbands128.mean": [0.00037325083394534886, 0.004387794528156519, 0.021436361595988274, 0.02082187496125698, 0.008401060476899147, 0.0041100867092609406, 0.004007796756923199, 0.0025701874401420355, 0.0012161715421825647, 0.001654109568335116, 0.0007546223932877183, 0.00021683528029825538, 0.0003072157851420343, 0.0001395089057041332, 0.00025202217511832714, 0.0002863779664039612, 7.356178684858605e-05, 9.561184560880065e-05, 7.734051905572414e-05, 0.00011376117618056014, 7.071685831760988e-05, 2.8833517717430368e-05, 1.934616557264235e-05, 3.9927246689330786e-05, 5.012114706914872e-05, 2.433250301692169e-05, 1.6185978893190622e-05, 2.050262082775589e-05, 1.849207365012262e-05, 1.3123750250088051e-05, 1.0502410077606328e-05, 7.404538337141275e-06, 8.431604328507092e-06, 9.584783583704848e-06, 9.154451618087478e-06, 6.800390110583976e-06, 6.909138846822316e-06, 6.21601930106408e-06, 7.750774784653913e-06, 7.972411367518362e-06, 8.560590686101932e-06, 9.20697766559897e-06, 1.643364885239862e-05, 4.107076529180631e-05, 2.958159166155383e-05, 9.524225788482e-06, 8.459449418296572e-06, 3.382367140147835e-06, 2.504978056094842e-06, 2.904898565248004e-06, 2.6652887754607946e-06, 4.282048394088633e-06, 6.973061772441724e-06, 5.671984581567813e-06, 1.42712315209792e-05, 1.420549688191386e-05, 9.951329957402777e-06, 3.2596030905551743e-06, 2.7673665954353055e-06, 2.2011840883351397e-06, 1.730203393890406e-06, 1.5432437976414803e-06, 2.025572939601261e-06, 2.353604941163212e-06, 2.192658257627045e-06, 3.2598525194771355e-06, 3.0929800232115667e-06, 2.4231369479821296e-06, 2.072138613584684e-06, 1.5968688558132271e-06, 1.3709603763345513e-06, 1.7577060589246685e-06, 2.169208528357558e-06, 2.8618771921173902e-06, 2.522754584788345e-06, 3.0047783639020054e-06, 3.1147660592978355e-06, 1.5928144421195611e-06, 1.501916926827107e-06, 1.212598704114498e-06, 1.3154171938367654e-06, 1.2801182265320676e-06, 9.65861204349494e-07, 8.91542356384889e-07, 8.717029800209275e-07, 9.159259093394212e-07, 8.132568041219201e-07, 9.220326546710567e-07, 6.517473707390309e-07, 5.149440198692901e-07, 4.728520934804692e-07, 4.5271784188116726e-07, 3.9507770566160616e-07, 3.570091848814627e-07, 4.104313973130047e-07, 4.1707852460604045e-07, 3.486102571059746e-07, 3.1927183385960234e-07, 2.242739043367692e-07, 2.527449680655991e-07, 2.2795164511535404e-07, 1.894918284506275e-07, 1.6539351577193884e-07, 1.3125608688824286e-07, 1.0034806763314918e-07, 8.369939763497314e-08, 8.02649893216767e-08, 7.97839518895671e-08, 4.5691564309890964e-08, 3.468769804726435e-08, 2.337506543881318e-08, 2.0010087808941535e-08, 1.8762822406870328e-08, 1.2072526089923485e-08, 7.468030638335676e-09, 3.8811820424200505e-09, 1.0254027626999118e-09, 6.021483311968723e-11, 1.4357799671405047e-11, 1.3978079978216318e-11, 1.3651057714780812e-11, 1.3405152855805458e-11, 1.310151032801743e-11, 1.2874611966806615e-11, 1.2621688416647459e-11, 1.2332657464697583e-11, 1.215563327078284e-11, 1.2080170197492635e-11], "lowlevel.melbands128.stdev": [0.0007002581260167062, 0.00542792584747076, 0.013707533478736877, 0.012710812501609325, 0.01176953874528408, 0.013528159819543362, 0.013203603215515614, 0.008710527792572975, 0.003194076009094715, 0.0019241559784859419, 0.0011099717812612653, 0.00042478126124478877, 0.00030250934651121497, 0.0001483445958001539, 0.00030895142117515206, 0.0003396960091777146, 0.00014475501666311175, 0.00019267795141786337, 0.00019528737175278366, 0.0003024130710400641, 0.00012414861703291535, 7.589165034005418e-05, 4.490202627494e-05, 9.603514627087861e-05, 8.480301039526239e-05, 5.708664684789255e-05, 2.531155405449681e-05, 3.9615701098227873e-05, 3.151658893330023e-05, 3.0406576115638018e-05, 1.7841177395894192e-05, 1.1094208275608253e-05, 1.6219961253227666e-05, 3.813898001681082e-05, 2.2645470380666666e-05, 1.208931007568026e-05, 2.187337122450117e-05, 1.2345467439445201e-05, 1.2663726920436602e-05, 1.7855656551546417e-05, 2.052849595202133e-05, 1.4646054296463262e-05, 3.055872366530821e-05, 6.322855188045651e-05, 4.674975934904069e-05, 1.4373765225172974e-05, 1.7002728782244958e-05, 5.0809044296329375e-06, 2.523720695535303e-06, 3.1378197036247e-06, 2.8451163416320924e-06, 8.305297342303675e-06, 1.4136116988083813e-05, 8.346562935912516e-06, 2.5893308702507056e-05, 2.4445213057333604e-05, 3.056680361623876e-05, 7.1216786636796314e-06, 6.886824394314317e-06, 6.143629889265867e-06, 4.274949787941296e-06, 3.5701893921213923e-06, 4.153934696660144e-06, 5.166288701730082e-06, 4.406268089951482e-06, 7.249573627632344e-06, 7.077177997416584e-06, 5.750973741669441e-06, 4.868506948696449e-06, 3.926117187802447e-06, 4.2961587496392895e-06, 4.936282039125217e-06, 7.957293746585492e-06, 1.492637693445431e-05, 8.161768164427485e-06, 8.356787475349847e-06, 6.649556326010497e-06, 3.276377128713648e-06, 3.437267878325656e-06, 2.695223429327598e-06, 3.4118254461645847e-06, 3.140774424537085e-06, 2.6659229206416057e-06, 2.323637545487145e-06, 2.2511503630084917e-06, 2.3620737010787707e-06, 1.751705895003397e-06, 2.1614878278342076e-06, 1.3897924873162992e-06, 1.0782558774735662e-06, 1.0888229553529527e-06, 9.153876590062282e-07, 7.925044087642164e-07, 6.478622935901512e-07, 8.677106393406575e-07, 8.949401717472938e-07, 7.747186714368581e-07, 6.700994958919182e-07, 5.313820565788774e-07, 5.264586206976674e-07, 4.229465275784605e-07, 3.792902703025902e-07, 3.586576156067167e-07, 2.7832146543005365e-07, 2.35528460734713e-07, 1.8532855960984307e-07, 1.9271197970738285e-07, 1.9833443332117895e-07, 1.0053834387235838e-07, 9.390872435233177e-08, 8.259841877134022e-08, 7.010669378360035e-08, 5.64470497010916e-08, 3.066919873617735e-08, 2.532792109377624e-08, 1.3698541856399515e-08, 4.554840060677634e-09, 3.031806750097843e-10, 1.97340234431298e-11, 1.9231213843617923e-11, 1.8771626614233483e-11, 1.8369635673698426e-11, 1.800251787920093e-11, 1.7689702133671936e-11, 1.74427885329953e-11, 1.7236972266188033e-11, 1.7090332621316762e-11, 1.699881901906508e-11], "lowlevel.mfcc.mean": [-698.1512451171875, 151.21466064453125, 27.8896427154541, 43.48159408569336, 24.45560073852539, 21.74041748046875, 4.830602169036865, 4.045742988586426, 7.8563737869262695, 6.804144382476807, 4.064884662628174, 4.859921932220459, -2.6670124530792236], "lowlevel.spectral_contrast_coeffs.mean": [-0.7098587155342102, -0.7778787016868591, -0.8277683258056641, -0.8254680633544922, -0.814501941204071, -0.7711962461471558], "lowlevel.spectral_contrast_coeffs.stdev": [0.059366848319768906, 0.06119067966938019, 0.03444387763738632, 0.037566427141427994, 0.039589136838912964, 0.03916320204734802], "lowlevel.spectral_contrast_valleys.mean": [-6.136065483093262, -7.040328502655029, -7.919705390930176, -8.009305953979492, -8.26401138305664, -10.922417640686035], "lowlevel.spectral_contrast_valleys.stdev": [0.9096039533615112, 0.800225555896759, 0.6710048317909241, 0.7109504342079163, 0.8400333523750305, 1.0968341827392578], "rhythm.beats_loudness_band_ratio.mean": [0.914046585559845, 0.05992818996310234, 0.007811416406184435, 0.005631136242300272, 0.008569344878196716, 0.014290772378444672], "rhythm.beats_loudness_band_ratio.stdev": [0.041461218148469925, 0.03602490574121475, 0.004574129357933998, 0.0032913838513195515, 0.007207038812339306, 0.01485793199390173], "tonal.hpcp.mean": [0.06004376709461212, 0.06133422628045082, 0.01732405088841915, 0.019245371222496033, 0.03975545987486839, 0.04946058988571167, 0.03296316787600517, 0.01917068101465702, 0.01873868890106678, 0.025453243404626846, 0.025047823786735535, 0.027888720855116844, 0.04253632202744484, 0.10342468321323395, 0.43839696049690247, 0.7437497973442078, 0.4269142150878906, 0.062479645013809204, 0.03248634189367294, 0.027358772233128548, 0.03534306213259697, 0.033198628574609756, 0.017509516328573227, 0.009583876468241215, 0.02308628335595131, 0.029469747096300125, 0.045772407203912735, 0.05574198439717293, 0.02927965670824051, 0.024352818727493286, 0.024216992780566216, 0.015572266653180122, 0.020941928029060364, 0.014392110519111156, 0.0048308842815458775, 0.013310202397406101], "tonal.hpcp.stdev": [0.07489148527383804, 0.09971032291650772, 0.045809466391801834, 0.07320339232683182, 0.13503529131412506, 0.16530117392539978, 0.13244402408599854, 0.08803650736808777, 0.0945039838552475, 0.1312055140733719, 0.134775310754776, 0.13661006093025208, 0.16260254383087158, 0.24080045521259308, 0.3333672285079956, 0.3848859965801239, 0.3301449418067932, 0.16904418170452118, 0.12652303278446198, 0.12081733345985413, 0.12787841260433197, 0.1375880390405655, 0.06648246943950653, 0.028648821637034416, 0.0895979255437851, 0.13116894662380219, 0.1403743475675583, 0.1529274433851242, 0.06162799149751663, 0.12225053459405899, 0.12425711005926132, 0.05797396972775459, 0.07588696479797363, 0.048336707055568695, 0.012605095282196999, 0.019274670630693436], "rhythm.beats_position": [0.3831292390823364, 0.7894784212112427, 1.2074376344680786, 1.6486167907714844, 2.0897958278656006, 2.530975103378296, 2.972154140472412, 3.4133331775665283, 3.8661224842071533, 4.318911552429199, 4.7600908279418945, 5.201269626617432, 5.642448902130127, 6.083628177642822], "rhythm.bpm_histogram": [0.0, 0.0, 0.0, 0.0, 0.0, 0.0, 0.0, 0.0, 0.0, 0.0, 0.0, 0.0, 0.0, 0.0, 0.0, 0.0, 0.0, 0.0, 0.0, 0.0, 0.0, 0.0, 0.0, 0.0, 0.0, 0.0, 0.0, 0.0, 0.0, 0.0, 0.0, 0.0, 0.0, 0.0, 0.0, 0.0, 0.0, 0.0, 0.0, 0.0, 0.0, 0.0, 0.0, 0.0, 0.0, 0.0, 0.0, 0.0, 0.0, 0.0, 0.0, 0.0, 0.0, 0.0, 0.0, 0.0, 0.0, 0.0, 0.0, 0.0, 0.0, 0.0, 0.0, 0.0, 0.0, 0.0, 0.0, 0.0, 0.0, 0.0, 0.0, 0.0, 0.0, 0.0, 0.0, 0.0, 0.0, 0.0, 0.0, 0.0, 0.0, 0.0, 0.0, 0.0, 0.0, 0.0, 0.0, 0.0, 0.0, 0.0, 0.0, 0.0, 0.0, 0.0, 0.0, 0.0, 0.0, 0.0, 0.0, 0.0, 0.0, 0.0, 0.0, 0.0, 0.0, 0.0, 0.0, 0.0, 0.0, 0.0, 0.0, 0.0, 0.0, 0.0, 0.0, 0.0, 0.0, 0.0, 0.0, 0.0, 0.0, 0.0, 0.0, 0.0, 0.0, 0.0, 0.0, 0.0, 0.0, 0.0, 0.0, 0.0, 0.0, 0.1538461595773697, 0.0, 0.0, 0.692307710647583, 0.0, 0.0, 0.0, 0.0, 0.0, 0.0, 0.0, 0.07692307978868484, 0.0, 0.0, 0.0, 0.07692307978868484, 0.0, 0.0, 0.0, 0.0, 0.0, 0.0, 0.0, 0.0, 0.0, 0.0, 0.0, 0.0, 0.0, 0.0, 0.0, 0.0, 0.0, 0.0, 0.0, 0.0, 0.0, 0.0, 0.0, 0.0, 0.0, 0.0, 0.0, 0.0, 0.0, 0.0, 0.0, 0.0, 0.0, 0.0, 0.0, 0.0, 0.0, 0.0, 0.0, 0.0, 0.0, 0.0, 0.0, 0.0, 0.0, 0.0, 0.0, 0.0, 0.0, 0.0, 0.0, 0.0, 0.0, 0.0, 0.0, 0.0, 0.0, 0.0, 0.0, 0.0, 0.0, 0.0, 0.0, 0.0, 0.0, 0.0, 0.0, 0.0, 0.0, 0.0, 0.0, 0.0, 0.0, 0.0, 0.0, 0.0, 0.0, 0.0, 0.0, 0.0, 0.0, 0.0, 0.0, 0.0, 0.0, 0.0, 0.0, 0.0, 0.0, 0.0, 0.0, 0.0, 0.0, 0.0, 0.0, 0.0, 0.0, 0.0, 0.0, 0.0, 0.0], "tonal.chords_histogram": [0.0, 0.0, 9.352518081665039, 0.0, 0.0, 2.8776979446411133, 0.0, 64.74819946289062, 0.0, 0.0, 0.0, 0.0, 23.021583557128906, 0.0, 0.0, 0.0, 0.0, 0.0, 0.0, 0.0, 0.0, 0.0, 0.0, 0.0], "tonal.thpcp": [1.0, 0.5740024447441101, 0.08400626480579376, 0.0436791256070137, 0.03678491339087486, 0.047520097345113754, 0.04463682323694229, 0.023542212322354317, 0.01288588810712099, 0.031040389090776443, 0.0396232008934021, 0.06154274940490723, 0.07494722306728363, 0.039367616176605225, 0.032743293792009354, 0.032560672610998154, 0.02093750797212124, 0.028157221153378487, 0.019350742921233177, 0.006495308596640825, 0.017896074801683426, 0.08073113858699799, 0.08246620744466782, 0.023292846977710724, 0.025876136496663094, 0.053452733904123306, 0.06650165468454361, 0.0443202368915081, 0.025775711983442307, 0.025194883346557617, 0.03422285616397858, 0.033677756786346436, 0.03749744966626167, 0.05719171091914177, 0.1390584409236908, 0.5894414782524109], "lowlevel.gfcc.cov": [[5107.568359375, -509.1580810546875, -93.29339599609375, 521.6573486328125, -120.91592407226562, 183.64309692382812, -209.98487854003906, 250.4409942626953, 5.213387966156006, 171.17176818847656, -67.58292388916016, 72.81602478027344, -118.8985366821289], [-509.1580810546875, 2254.46875, 368.4149169921875, -461.33819580078125, 367.76953125, -332.7809143066406, 400.2735290527344, -312.4060363769531, 369.0403747558594, -210.78868103027344, 281.1797180175781, -213.81712341308594, 285.28472900390625], [-93.29339599609375, 368.4149169921875, 483.94061279296875, -4.987191200256348, 51.7819938659668, -41.67544174194336, 162.39454650878906, -42.173973083496094, 64.8229751586914, 12.56330394744873, 83.68425750732422, 17.961713790893555, 61.57284927368164], [521.6573486328125, -461.33819580078125, -4.987191200256348, 298.80645751953125, -114.2714614868164, 17.78363037109375, -19.000024795532227, 60.37546157836914, -52.42384338378906, 29.853025436401367, -27.616626739501953, 45.810359954833984, -44.46028518676758], [-120.91592407226562, 367.76953125, 51.7819938659668, -114.2714614868164, 253.02406311035156, 26.326860427856445, 35.327247619628906, -14.719061851501465, 96.29033660888672, -18.7586727142334, 33.04571533203125, -34.45880889892578, 40.89339828491211], [183.64309692382812, -332.7809143066406, -41.67544174194336, 17.78363037109375, 26.326860427856445, 187.627197265625, -67.26525115966797, 74.3098373413086, -37.81159210205078, 65.71794891357422, -37.302894592285156, 18.01595115661621, -34.917449951171875], [-209.98487854003906, 400.2735290527344, 162.39454650878906, -19.000024795532227, 35.327247619628906, -67.26525115966797, 257.5259704589844, -82.9458236694336, 58.9603385925293, -55.98362350463867, 62.175079345703125, -16.94783592224121, 43.157047271728516], [250.4409942626953, -312.4060363769531, -42.173973083496094, 60.37546157836914, -14.719061851501465, 74.3098373413086, -82.9458236694336, 119.895751953125, -22.497573852539062, 53.55133056640625, -30.100116729736328, 31.454360961914062, -29.104660034179688], [5.213387966156006, 369.0403747558594, 64.8229751586914, -52.42384338378906, 96.29033660888672, -37.81159210205078, 58.9603385925293, -22.497573852539062, 124.96247100830078, 4.242190837860107, 68.0915756225586, -23.92326545715332, 61.705169677734375], [171.17176818847656, -210.78868103027344, 12.56330394744873, 29.853025436401367, -18.7586727142334, 65.71794891357422, -55.98362350463867, 53.55133056640625, 4.242190837860107, 106.85779571533203, 6.817931652069092, 40.46226119995117, -6.161099433898926], [-67.58292388916016, 281.1797180175781, 83.68425750732422, -27.616626739501953, 33.04571533203125, -37.302894592285156, 62.175079345703125, -30.100116729736328, 68.0915756225586, 6.817931652069092, 100.36940002441406, -9.828327178955078, 52.983306884765625], [72.81602478027344, -213.81712341308594, 17.961713790893555, 45.810359954833984, -34.45880889892578, 18.01595115661621, -16.94783592224121, 31.454360961914062, -23.92326545715332, 40.46226119995117, -9.828327178955078, 83.55038452148438, -9.077848434448242], [-118.8985366821289, 285.28472900390625, 61.57284927368164, -44.46028518676758, 40.89339828491211, -34.917449951171875, 43.157047271728516, -29.104660034179688, 61.705169677734375, -6.161099433898926, 52.983306884765625, -9.077848434448242, 86.67694854736328]], "lowlevel.gfcc.icov": [[0.0005655737477354705, -0.0020524689462035894, 0.00045991846127435565, -0.0023782344069331884, 0.0008490876061841846, -0.001636375905945897, 0.0009118159650824964, -0.001251651206985116, 0.0007390870596282184, -0.001352253369987011, 0.0014248474035412073, -0.0018907005432993174, 0.0023592738434672356], [-0.0020524689462035894, 0.014343896880745888, -0.0033455691300332546, 0.013471444137394428, -0.005273942369967699, 0.010208256542682648, -0.005234937649220228, 0.007755170110613108, -0.00937965139746666, 0.00936088152229786, -0.009255914017558098, 0.013588051311671734, -0.014504808001220226], [0.00045991846127435565, -0.0033455691300332546, 0.0038514360785484314, -0.003343962598592043, 0.00041522979154251516, -0.0018066021148115396, -0.0006774408393539488, -0.0018358242232352495, 0.003262402256950736, -0.003760684048756957, 0.0010363610927015543, -0.0037070508114993572, 0.002376760123297572], [-0.0023782344069331884, 0.013471444137394428, -0.003343962598592043, 0.018205717206001282, -0.0031627770513296127, 0.009968207217752934, -0.005825934931635857, 0.0051819682121276855, -0.00821905117481947, 0.009176306426525116, -0.008914675563573837, 0.011485028080642223, -0.012583554722368717], [0.0008490876061841846, -0.005273942369967699, 0.00041522979154251516, -0.0031627770513296127, 0.010296473279595375, -0.007768034003674984, 0.0028009291272610426, -0.0029512683395296335, -0.004909726791083813, 0.001020408933982253, 0.004546305164694786, -0.00565768126398325, 0.006429355591535568], [-0.001636375905945897, 0.010208256542682648, -0.0018066021148115396, 0.009968207217752934, -0.007768034003674984, 0.018317783251404762, -0.005221042316406965, 0.0016842837212607265, -7.74393993197009e-05, -0.0009333997732028365, -0.005399775225669146, 0.012262549251317978, -0.010664144530892372], [0.0009118159650824964, -0.005234937649220228, -0.0006774408393539488, -0.005825934931635857, 0.0028009291272610426, -0.005221042316406965, 0.009561421349644661, 0.0004910225979983807, -0.0002070415939670056, 0.0011445902055129409, 0.0015767028089612722, -0.006534208543598652, 0.0065337540581822395], [-0.001251651206985116, 0.007755170110613108, -0.0018358242232352495, 0.0051819682121276855, -0.0029512683395296335, 0.0016842837212607265, 0.0004910225979983807, 0.020514994859695435, -0.007783884648233652, 0.002918119775131345, -0.003299959236755967, 0.0045698476023972034, -0.006320265121757984], [0.0007390870596282184, -0.00937965139746666, 0.003262402256950736, -0.00821905117481947, -0.004909726791083813, -7.74393993197009e-05, -0.0002070415939670056, -0.007783884648233652, 0.03291740640997887, -0.014687521383166313, -0.000957799085881561, -0.003442072542384267, 0.0008738848846405745], [-0.001352253369987011, 0.00936088152229786, -0.003760684048756957, 0.009176306426525116, 0.001020408933982253, -0.0009333997732028365, 0.0011445902055129409, 0.002918119775131345, -0.014687521383166313, 0.028286190703511238, -0.0102021973580122, 0.0008081840933300555, -0.006946410518139601], [0.0014248474035412073, -0.009255914017558098, 0.0010363610927015543, -0.008914675563573837, 0.004546305164694786, -0.005399775225669146, 0.0015767028089612722, -0.003299959236755967, -0.000957799085881561, -0.0102021973580122, 0.02669740468263626, -0.007447393611073494, 0.00375409540720284], [-0.0018907005432993174, 0.013588051311671734, -0.0037070508114993572, 0.011485028080642223, -0.00565768126398325, 0.012262549251317978, -0.006534208543598652, 0.0045698476023972034, -0.003442072542384267, 0.0008081840933300555, -0.007447393611073494, 0.03086407482624054, -0.016102366149425507], [0.0023592738434672356, -0.014504808001220226, 0.002376760123297572, -0.012583554722368717, 0.006429355591535568, -0.010664144530892372, 0.0065337540581822395, -0.006320265121757984, 0.0008738848846405745, -0.006946410518139601, 0.00375409540720284, -0.016102366149425507, 0.03656903654336929]], "lowlevel.mfcc.cov": [[4828.0927734375, -1053.55712890625, 31.841054916381836, 229.2471923828125, 133.28533935546875, -1.7701988220214844, -26.3511962890625, 63.392372131347656, 10.330098152160645, 89.55905151367188, 46.2313346862793, 53.84729766845703, 9.4506196975708], [-1053.55712890625, 2456.671630859375, 58.26910400390625, 17.826452255249023, 0.2050940990447998, 81.61848449707031, 0.630514919757843, -0.19865411520004272, 54.696468353271484, 57.41643524169922, 0.08610639721155167, 8.499022483825684, 44.18811798095703], [31.841054916381836, 58.26910400390625, 355.6421203613281, 123.81130981445312, -75.44801330566406, 23.34154510498047, 45.95568084716797, 3.2342751026153564, -8.844452857971191, 5.66691780090332, 14.061691284179688, 15.674761772155762, 44.770225524902344], [229.2471923828125, 17.826452255249023, 123.81130981445312, 251.2613983154297, -90.17697143554688, -3.956871509552002, 6.055468559265137, 30.013803482055664, -8.44454574584961, -8.3551025390625, -6.055736541748047, -1.3868855237960815, 28.7718448638916], [133.28533935546875, 0.2050940990447998, -75.44801330566406, -90.17697143554688, 241.75485229492188, 5.069032192230225, -25.179141998291016, -6.940559387207031, 29.402143478393555, 35.863529205322266, 28.417654037475586, 8.784811973571777, -16.600566864013672], [-1.7701988220214844, 81.61848449707031, 23.34154510498047, -3.956871509552002, 5.069032192230225, 100.4100341796875, 39.52786636352539, 15.49549674987793, 20.8109073638916, 8.78602409362793, 8.605460166931152, 10.656886100769043, 8.87364387512207], [-26.3511962890625, 0.630514919757843, 45.95568084716797, 6.055468559265137, -25.179141998291016, 39.52786636352539, 81.64002227783203, 29.10563850402832, 6.31319522857666, 4.319583892822266, 1.0052027702331543, 6.3788933753967285, 18.294034957885742], [63.392372131347656, -0.19865411520004272, 3.2342751026153564, 30.013803482055664, -6.940559387207031, 15.49549674987793, 29.10563850402832, 64.41828918457031, 14.6996488571167, -2.821355104446411, -8.539094924926758, 4.920941352844238, 9.25716781616211], [10.330098152160645, 54.696468353271484, -8.844452857971191, -8.44454574584961, 29.402143478393555, 20.8109073638916, 6.31319522857666, 14.6996488571167, 56.39202880859375, 16.13180160522461, 1.8259339332580566, 13.784036636352539, 5.584522724151611], [89.55905151367188, 57.41643524169922, 5.66691780090332, -8.3551025390625, 35.863529205322266, 8.78602409362793, 4.319583892822266, -2.821355104446411, 16.13180160522461, 56.886802673339844, 17.749399185180664, 0.22657884657382965, 5.731140613555908], [46.2313346862793, 0.08610639721155167, 14.061691284179688, -6.055736541748047, 28.417654037475586, 8.605460166931152, 1.0052027702331543, -8.539094924926758, 1.8259339332580566, 17.749399185180664, 49.834999084472656, 21.319013595581055, 11.85411548614502], [53.84729766845703, 8.499022483825684, 15.674761772155762, -1.3868855237960815, 8.784811973571777, 10.656886100769043, 6.3788933753967285, 4.920941352844238, 13.784036636352539, 0.22657884657382965, 21.319013595581055, 45.293270111083984, 21.79176139831543], [9.4506196975708, 44.18811798095703, 44.770225524902344, 28.7718448638916, -16.600566864013672, 8.87364387512207, 18.294034957885742, 9.25716781616211, 5.584522724151611, 5.731140613555908, 11.85411548614502, 21.79176139831543, 47.6315803527832]], "lowlevel.mfcc.icov": [[0.00027846277225762606, 0.00013378061703406274, 3.4321110433666036e-05, -0.00035954464692622423, -0.0001799096935428679, -0.00012694075121544302, 0.00019859021995216608, -0.00023327476810663939, 0.0002608768700156361, -0.0006789708859287202, 0.00020333110296633095, -0.0005870804307051003, 0.00020467350259423256], [0.00013378061703406274, 0.0005090362974442542, -2.7077210688730702e-05, -0.00014055584324523807, -2.1118272343301214e-05, -0.00046874379040673375, 0.0004433095455169678, -4.0726550651015714e-05, -0.00013332770322449505, -0.00072384939994663, 0.0003529137757141143, -0.00012269291619304568, -0.0003997791209258139], [3.4321110433666036e-05, -2.7077210688730702e-05, 0.004108383320271969, -0.0019199838861823082, 0.0003436210681684315, -0.00027929447242058814, -0.002156504662707448, 0.0018203065264970064, 0.0005222567124292254, -0.00048143797903321683, -0.0004255085368640721, -0.0005600113072432578, -0.001678432454355061], [-0.00035954464692622423, -0.00014055584324523807, -0.0019199838861823082, 0.006668485701084137, 0.0019692403730005026, 0.00023370259441435337, 0.0026206776965409517, -0.0035367757081985474, -0.00018865501624532044, 0.0008434182382188737, -0.0009368052706122398, 0.0027412613853812218, -0.0027984657790511847], [-0.0001799096935428679, -2.1118272343301214e-05, 0.0003436210681684315, 0.0019692403730005026, 0.006295942235738039, -0.00016200676327571273, 0.002035918179899454, -0.0011742019560188055, -0.002247677883133292, -0.002125372411683202, -0.003118481021374464, 0.00032520043896511197, 0.0013600713573396206], [-0.00012694075121544302, -0.00046874379040673375, -0.00027929447242058814, 0.00023370259441435337, -0.00016200676327571273, 0.013940809294581413, -0.006808011792600155, 0.00020926156139466912, -0.00413940753787756, 0.000943383201956749, -0.002312654862180352, -0.0004149601445533335, 0.0016391099197790027], [0.00019859021995216608, 0.0004433095455169678, -0.002156504662707448, 0.0026206776965409517, 0.002035918179899454, -0.006808011792600155, 0.021511714905500412, -0.009048502892255783, 0.0018523610197007656, -0.002543648239225149, 0.00019339342543389648, 0.0015216501196846366, -0.005187779199331999], [-0.00023327476810663939, -4.0726550651015714e-05, 0.0018203065264970064, -0.0035367757081985474, -0.0011742019560188055, 0.00020926156139466912, -0.009048502892255783, 0.023323876783251762, -0.0050643873400986195, 0.002470953157171607, 0.004292240832000971, -0.0015068956417962909, -0.0010787486098706722], [0.0002608768700156361, -0.00013332770322449505, 0.0005222567124292254, -0.00018865501624532044, -0.002247677883133292, -0.00413940753787756, 0.0018523610197007656, -0.0050643873400986195, 0.026315391063690186, -0.008374817669391632, 0.00695040775462985, -0.01045968383550644, 0.0009335915674455464], [-0.0006789708859287202, -0.00072384939994663, -0.00048143797903321683, 0.0008434182382188737, -0.002125372411683202, 0.000943383201956749, -0.002543648239225149, 0.002470953157171607, -0.008374817669391632, 0.027130572125315666, -0.010596745647490025, 0.010882471688091755, -0.004294574726372957], [0.00020333110296633095, 0.0003529137757141143, -0.0004255085368640721, -0.0009368052706122398, -0.003118481021374464, -0.002312654862180352, 0.00019339342543389648, 0.004292240832000971, 0.00695040775462985, -0.010596745647490025, 0.03384759649634361, -0.016965918242931366, -0.0011679354356601834], [-0.0005870804307051003, -0.00012269291619304568, -0.0005600113072432578, 0.0027412613853812218, 0.00032520043896511197, -0.0004149601445533335, 0.0015216501196846366, -0.0015068956417962909, -0.01045968383550644, 0.010882471688091755, -0.016965918242931366, 0.041884686797857285, -0.016023362055420876], [0.00020467350259423256, -0.0003997791209258139, -0.001678432454355061, -0.0027984657790511847, 0.0013600713573396206, 0.0016391099197790027, -0.005187779199331999, -0.0010787486098706722, 0.0009335915674455464, -0.004294574726372957, -0.0011679354356601834, -0.016023362055420876, 0.034992288798093796]], "metadata.audio_properties.analysis.downmix": "mix", "metadata.audio_properties.codec": "mp3", "metadata.audio_properties.md5_encoded": "3d1af030611ea74486811a4597530753", "metadata.tags.file_name": "1183701980468760576.mp3", "metadata.version.essentia": "2.1-beta6-dev", "metadata.version.essentia_git_sha": "v2.1_beta5-1110-g77a6a954", "metadata.version.extractor": "music 2.0", "tonal.chords_key": "G", "tonal.chords_scale": "major", "tonal.key_edma.key": "G", "tonal.key_edma.scale": "minor", "tonal.key_krumhansl.key": "G", "tonal.key_krumhansl.scale": "minor", "tonal.key_temperley.key": "G", "tonal.key_temperley.scale": "minor", "metadata.tags.encoding": ["Lavf58.45.100"]}, "essentia_models": [{"model_name": "genre_dortmund", "activations": {"alternative": "0.08007251", "blues": "0.009792221", "electronic": "0.5840138", "folkcountry": "0.00489028", "funksoulrnb": "0.01809478", "jazz": "0.04934153", "pop": "0.054620698", "raphiphop": "0.049294993", "rock": "0.06571442"}}, {"model_name": "genre_rosamerica", "activations": {"classic": "0.057025466", "dance": "0.071396604", "hip hop": "0.13191532", "jazz": "0.15548101", "pop": "0.20311166", "rhythm and blues": "0.08088376", "rock": "0.35278898", "speech": "0.032463957"}}, {"model_name": "genre_tzanetakis", "activations": {"blues": "0.0034775801", "classic": "0.013709877", "country": "0.014981388", "disco": "0.035948597", "hip hop": "0.12012926", "jazz": "0.0552015", "metal": "0.039761163", "pop": "0.19926539", "reggae": "0.024187861", "rock": "0.14271417"}}, {"model_name": "genre_electronic", "activations": {"ambient": "0.115158886", "dnb": "0.291775", "house": "0.3340968", "techno": "0.5946617", "trance": "0.0046348497"}}, {"model_name": "mood_acoustic", "activations": {"acoustic": "0.057064865", "not acoustic": "0.80674964"}}, {"model_name": "mood_electronic", "activations": {"electronic": "0.7274196", "not electronic": "0.22447221"}}, {"model_name": "mood_aggressive", "activations": {"aggressive": "0.3922308", "not aggressive": "0.953184"}}, {"model_name": "moo