{"song_id": "1183702469163876432", "download": "https://cdn.discordapp.com/attachments/1135911532732108921/1183702469163876432/chirp.mp4?ex=65894bd4&amp", "lyrics": "[Verse 1]\nIn the Gallagher's world, the chaos starts\nShameless, the series that steals our hearts\nFrom Frank to Fiona, their wild lives unwind\nThey're dysfunctional, but love's what we find\n\n[Chorus]\nShameless, oh Shameless, the madness goes on\nThrough laughter and tears, we'll keep holding on\nCrazy and wild, their stories entertain\nShameless, oh Shameless, let's dive in again", "style": ["random"], "essentia_features": {"lowlevel.average_loudness": 0.9656987190246582, "lowlevel.barkbands_crest.mean": 12.98090648651123, "lowlevel.barkbands_crest.stdev": 6.198933124542236, "lowlevel.barkbands_flatness_db.mean": 0.13716986775398254, "lowlevel.barkbands_flatness_db.stdev": 0.0654197558760643, "lowlevel.barkbands_kurtosis.mean": 9.405317306518555, "lowlevel.barkbands_kurtosis.stdev": 16.617902755737305, "lowlevel.barkbands_skewness.mean": 2.2799017429351807, "lowlevel.barkbands_skewness.stdev": 1.953033208847046, "lowlevel.barkbands_spread.mean": 30.70917510986328, "lowlevel.barkbands_spread.stdev": 20.732589721679688, "lowlevel.dissonance.mean": 0.46490031480789185, "lowlevel.dissonance.stdev": 0.01926727034151554, "lowlevel.dynamic_complexity": 2.024366617202759, "lowlevel.erbbands_crest.mean": 7.946969032287598, "lowlevel.erbbands_crest.stdev": 3.1861495971679688, "lowlevel.erbbands_flatness_db.mean": 0.11696100234985352, "lowlevel.erbbands_flatness_db.stdev": 0.021507756784558296, "lowlevel.erbbands_kurtosis.mean": -0.29756486415863037, "lowlevel.erbbands_kurtosis.stdev": 1.1606361865997314, "lowlevel.erbbands_skewness.mean": 0.383920818567276, "lowlevel.erbbands_skewness.stdev": 0.5971300005912781, "lowlevel.erbbands_spread.mean": 62.154823303222656, "lowlevel.erbbands_spread.stdev": 22.582181930541992, "lowlevel.hfc.mean": 25.511619567871094, "lowlevel.hfc.stdev": 18.06121063232422, "lowlevel.loudness_ebu128.integrated": -24.25554656982422, "lowlevel.loudness_ebu128.loudness_range": 1.5300102233886719, "lowlevel.loudness_ebu128.momentary.mean": -24.393030166625977, "lowlevel.loudness_ebu128.momentary.stdev": 1.1042264699935913, "lowlevel.loudness_ebu128.short_term.mean": -24.375988006591797, "lowlevel.loudness_ebu128.short_term.stdev": 0.5625906586647034, "lowlevel.melbands_crest.mean": 17.55091667175293, "lowlevel.melbands_crest.stdev": 7.261599540710449, "lowlevel.melbands_flatness_db.mean": 0.19184325635433197, "lowlevel.melbands_flatness_db.stdev": 0.08634676039218903, "lowlevel.melbands_kurtosis.mean": 35.049407958984375, "lowlevel.melbands_kurtosis.stdev": 52.26611328125, "lowlevel.melbands_skewness.mean": 4.124445915222168, "lowlevel.melbands_skewness.stdev": 2.8388617038726807, "lowlevel.melbands_spread.mean": 26.2752685546875, "lowlevel.melbands_spread.stdev": 23.70860481262207, "lowlevel.pitch_salience.mean": 0.45052769780158997, "lowlevel.pitch_salience.stdev": 0.1556335985660553, "lowlevel.silence_rate_20dB.mean": 1.0, "lowlevel.silence_rate_20dB.stdev": 0.0, "lowlevel.silence_rate_30dB.mean": 0.8460462093353271, "lowlevel.silence_rate_30dB.stdev": 0.36090385913848877, "lowlevel.silence_rate_60dB.mean": 0.002799160312861204, "lowlevel.silence_rate_60dB.stdev": 0.05283321440219879, "lowlevel.spectral_centroid.mean": 1476.55126953125, "lowlevel.spectral_centroid.stdev": 644.3700561523438, "lowlevel.spectral_complexity.mean": 15.855843544006348, "lowlevel.spectral_complexity.stdev": 9.851818084716797, "lowlevel.spectral_decrease.mean": -1.1174674519054406e-08, "lowlevel.spectral_decrease.stdev": 1.2881334221503948e-08, "lowlevel.spectral_energy.mean": 0.044489823281764984, "lowlevel.spectral_energy.stdev": 0.04898637533187866, "lowlevel.spectral_energyband_high.mean": 0.00184948043897748, "lowlevel.spectral_energyband_high.stdev": 0.0017860288498923182, "lowlevel.spectral_energyband_low.mean": 0.03225608915090561, "lowlevel.spectral_energyband_low.stdev": 0.047515589743852615, "lowlevel.spectral_energyband_middle_high.mean": 0.003221264574676752, "lowlevel.spectral_energyband_middle_high.stdev": 0.0027915185783058405, "lowlevel.spectral_energyband_middle_low.mean": 0.008738693781197071, "lowlevel.spectral_energyband_middle_low.stdev": 0.012626901268959045, "lowlevel.spectral_entropy.mean": 8.061509132385254, "lowlevel.spectral_entropy.stdev": 0.2686428129673004, "lowlevel.spectral_flux.mean": 0.10544326156377792, "lowlevel.spectral_flux.stdev": 0.08119534701108932, "lowlevel.spectral_kurtosis.mean": 1.5726169347763062, "lowlevel.spectral_kurtosis.stdev": 0.990333080291748, "lowlevel.spectral_rms.mean": 0.005771958734840155, "lowlevel.spectral_rms.stdev": 0.0031763555016368628, "lowlevel.spectral_rolloff.mean": 2356.2421875, "lowlevel.spectral_rolloff.stdev": 3013.08056640625, "lowlevel.spectral_skewness.mean": 1.1677335500717163, "lowlevel.spectral_skewness.stdev": 0.25331851840019226, "lowlevel.spectral_spread.mean": 7170211.5, "lowlevel.spectral_spread.stdev": 1761617.125, "lowlevel.spectral_strongpeak.mean": 0.7874041795730591, "lowlevel.spectral_strongpeak.stdev": 0.45619529485702515, "lowlevel.zerocrossingrate.mean": 0.09190621972084045, "lowlevel.zerocrossingrate.stdev": 0.0658082589507103, "metadata.audio_properties.analysis.equal_loudness": 0.0, "metadata.audio_properties.analysis.length": 33.15199661254883, "metadata.audio_properties.analysis.sample_rate": 44100.0, "metadata.audio_properties.analysis.start_time": 0.0, "metadata.audio_properties.bit_rate": 117183.0, "metadata.audio_properties.length": 33.152000427246094, "metadata.audio_properties.lossless": 0.0, "metadata.audio_properties.number_channels": 1.0, "metadata.audio_properties.replay_gain": -1.9230823516845703, "metadata.audio_properties.sample_rate": 48000.0, "rhythm.beats_count": 66.0, "rhythm.beats_loudness.mean": 0.11776240915060043, "rhythm.beats_loudness.stdev": 0.038171231746673584, "rhythm.bpm": 120.00534057617188, "rhythm.bpm_histogram_first_peak_bpm": 120.0, "rhythm.bpm_histogram_first_peak_weight": 0.09999996423721313, "rhythm.bpm_histogram_second_peak_bpm": 133.0, "rhythm.bpm_histogram_second_peak_spread": 0.25, "rhythm.bpm_histogram_second_peak_weight": 0.04615384712815285, "rhythm.danceability": 2.4738097190856934, "rhythm.onset_rate": 4.733234882354736, "tonal.chords_changes_rate": 0.05454545468091965, "tonal.chords_number_rate": 0.00699300691485405, "tonal.chords_strength.mean": 0.4263473451137543, "tonal.chords_strength.stdev": 0.05263621732592583, "tonal.hpcp_crest.mean": 17.657955169677734, "tonal.hpcp_crest.stdev": 8.383662223815918, "tonal.hpcp_entropy.mean": 1.6147441864013672, "tonal.hpcp_entropy.stdev": 0.8006705045700073, "tonal.key_edma.strength": 0.5961413383483887, "tonal.key_krumhansl.strength": 0.5844751596450806, "tonal.key_temperley.strength": 0.5666938424110413, "tonal.tuning_diatonic_strength": 0.4907287061214447, "tonal.tuning_equal_tempered_deviation": 0.32077306509017944, "tonal.tuning_frequency": 448.20855712890625, "tonal.tuning_nontempered_energy_ratio": 0.9950337409973145, "lowlevel.barkbands.mean": [0.0003463345055934042, 0.022740446031093597, 0.007655060384422541, 0.002497550332918763, 0.0014163092710077763, 0.0002799317880999297, 0.0036990430671721697, 0.0003799095284193754, 0.00035903905518352985, 0.0003611867141444236, 0.0007964108954183757, 0.00024679911439307034, 0.0003457686398178339, 0.00029091749456711113, 0.00019776304543484002, 0.00021482784359250218, 0.00020849988504778594, 0.0002969609049614519, 0.00022078934125602245, 0.00019861775217577815, 0.00026983555289916694, 0.00022196171630639583, 0.0004230144259054214, 0.00029551456100307405, 0.00036257205647416413, 0.00016239511023741215, 2.3847944703447865e-06], "lowlevel.barkbands.stdev": [0.0007388588855974376, 0.0405481718480587, 0.017811059951782227, 0.009530188515782356, 0.0031756900716573, 0.0007449050899595022, 0.001998285995796323, 0.0008739741169847548, 0.0008364569512195885, 0.0007059390773065388, 0.0010504558449611068, 0.00039545868639834225, 0.0006500670569948852, 0.00041905930265784264, 0.0003001592122018337, 0.00037379394052550197, 0.0003562948841135949, 0.0005413604667410254, 0.0003215961914975196, 0.0002877154911402613, 0.00035536286304704845, 0.0002414156188024208, 0.0004127496213186532, 0.00034741812851279974, 0.0004900058847852051, 0.00027145163039676845, 8.07314609119203e-06], "lowlevel.erbbands.mean": [0.6694535613059998, 5.026158332824707, 9.021622657775879, 9.284197807312012, 6.34089469909668, 4.119296550750732, 3.498267889022827, 2.584289789199829, 27.532777786254883, 49.7839241027832, 9.814912796020508, 7.808565139770508, 10.237672805786133, 26.283885955810547, 19.786788940429688, 9.811741828918457, 15.92337417602539, 16.732196807861328, 11.786046028137207, 9.811450004577637, 12.741032600402832, 12.812222480773926, 15.796579360961914, 14.582481384277344, 8.954782485961914, 9.269219398498535, 11.592362403869629, 9.145962715148926, 7.763590335845947, 10.041132926940918, 12.017009735107422, 7.531924724578857, 4.558588981628418, 4.056337356567383, 2.560436964035034, 1.0739861726760864, 0.20939184725284576, 0.01756393350660801, 0.0004617889644578099, 7.529974391218275e-05], "lowlevel.erbbands.stdev": [1.2721753120422363, 9.205949783325195, 19.204753875732422, 27.038320541381836, 20.596385955810547, 8.700800895690918, 8.18681812286377, 5.67258882522583, 15.2278413772583, 27.79913330078125, 18.85394859313965, 17.30557632446289, 21.07387351989746, 38.13302230834961, 26.487356185913086, 13.57152271270752, 29.98469352722168, 22.6320743560791, 16.226688385009766, 15.03328800201416, 20.94742774963379, 21.243240356445312, 29.56273651123047, 22.836748123168945, 12.864851951599121, 13.228910446166992, 17.111812591552734, 11.108694076538086, 8.748101234436035, 10.007970809936523, 12.11954116821289, 8.844582557678223, 5.324272632598877, 5.187564373016357, 3.8095972537994385, 1.706717610359192, 0.39112767577171326, 0.03788280114531517, 0.0008927195449359715, 6.330594624159858e-05], "lowlevel.gfcc.mean": [27.889923095703125, 48.34710693359375, -97.30010986328125, 37.261688232421875, -67.8129653930664, 34.137428283691406, -37.24893569946289, 25.676639556884766, -18.245725631713867, 16.682289123535156, -11.319395065307617, 5.846865653991699, -21.30011558532715], "lowlevel.melbands.mean": [0.00625209603458643, 0.005269365850836039, 0.0015342211117967963, 0.00034568062983453274, 0.00013835982827004045, 4.805210483027622e-05, 0.0005827208515256643, 0.00046155034215189517, 6.960716564208269e-05, 4.724149766843766e-05, 4.8859594244277105e-05, 9.94178481050767e-05, 7.892002031439915e-05, 3.1772913644090295e-05, 2.509652404114604e-05, 4.0449398511555046e-05, 2.9689967050217092e-05, 1.9201337636332028e-05, 1.4290833860286511e-05, 1.3157589819456916e-05, 1.4867404388496652e-05, 1.317475653195288e-05, 1.2783394595317077e-05, 1.4248444131226279e-05, 1.1880212696269155e-05, 6.9722159423690755e-06, 5.922683612880064e-06, 6.129574103397317e-06, 7.0010419221944176e-06, 7.127551270968979e-06, 4.739637006423436e-06, 4.160074695391813e-06, 4.594732217810815e-06, 6.175899670779472e-06, 7.113930678315228e-06, 6.228020538401324e-06, 4.042888122057775e-06, 3.265316081524361e-06, 2.9197158255556133e-06, 3.631812205640017e-06], "lowlevel.melbands.stdev": [0.011312780901789665, 0.009228462353348732, 0.004352975636720657, 0.0008815503097139299, 0.0003108082164544612, 0.00012589174730237573, 0.0003164538647979498, 0.0002715466544032097, 0.00017243546608369797, 0.00010530073632253334, 0.00010992211173288524, 0.00014514484792016447, 9.816233796300367e-05, 4.4856296881334856e-05, 4.6425142500083894e-05, 7.997237116796896e-05, 4.544446710497141e-05, 2.808386489050463e-05, 2.2231131879379973e-05, 2.401333949819673e-05, 2.421461249468848e-05, 2.2706613890477456e-05, 2.4962662791949697e-05, 2.614218828966841e-05, 1.9490997146931477e-05, 1.0653906429070048e-05, 8.6006903075031e-06, 9.142903763859067e-06, 1.1681328032864258e-05, 9.465530638408381e-06, 5.978709396003978e-06, 4.982388418284245e-06, 4.910693860438187e-06, 6.414997642423259e-06, 7.189018560893601e-06, 7.3421633715042844e-06, 5.0026005737890955e-06, 3.936153916583862e-06, 3.557745685611735e-06, 4.8472943490196485e-06], "lowlevel.melbands128.mean": [0.0003311943437438458, 0.004708657041192055, 0.009611239656805992, 0.007717972621321678, 0.005092359147965908, 0.003557376330718398, 0.001961778150871396, 0.0010865601943805814, 0.0005962233990430832, 0.00027808654704131186, 0.00020612124353647232, 0.00019314099336043, 0.00011559239646885544, 7.83449795562774e-05, 5.360246359487064e-05, 2.61935329035623e-05, 3.4112737921532243e-05, 0.0006010004435665905, 0.0015618002507835627, 0.00037771055940538645, 9.915837290463969e-05, 6.522023613797501e-05, 6.699885125271976e-05, 7.60012844693847e-05, 4.207151141599752e-05, 4.3518721213331446e-05, 3.4934553696075454e-05, 5.569924906012602e-05, 5.79740408284124e-05, 3.588419713196345e-05, 0.00016924778174143285, 0.0001272546360269189, 4.839308530790731e-05, 7.313556125154719e-05, 3.4725901059573516e-05, 1.980292290681973e-05, 2.044737084361259e-05, 3.0895520467311144e-05, 1.873494329629466e-05, 4.0028004150372e-05, 5.355834946385585e-05, 2.5285457013524137e-05, 3.4928998502437025e-05, 2.764128839771729e-05, 2.0798634068341926e-05, 2.0336969100753777e-05, 1.3710611710848752e-05, 1.588274972164072e-05, 1.3532896446122322e-05, 1.1062598787248135e-05, 1.2212978617753834e-05, 1.6452673662570305e-05, 1.6280755517072976e-05, 1.416166196577251e-05, 1.1856755918415729e-05, 1.45902085932903e-05, 1.3335515177459456e-05, 9.194026461045723e-06, 1.383063954563113e-05, 1.6749418136896566e-05, 1.429556323273573e-05, 1.2374129255476873e-05, 1.3468786164594349e-05, 1.2442834304238204e-05, 8.144106686813757e-06, 7.101396022335393e-06, 5.879230229766108e-06, 5.32822332388605e-06, 6.2864633036952e-06, 6.465713340730872e-06, 5.435947514342843e-06, 6.236772151169134e-06, 7.019824806775432e-06, 6.945227596588666e-06, 7.275269581441535e-06, 8.445618732366711e-06, 6.5138474383275025e-06, 4.540826921584085e-06, 4.987205102224834e-06, 4.2606311581039336e-06, 4.060154878970934e-06, 4.205665391054936e-06, 4.251630343787838e-06, 4.806287506653462e-06, 4.641184204956517e-06, 5.177181265025865e-06, 6.9509392233158e-06, 7.519956852775067e-06, 7.177603947639e-06, 6.614934136450756e-06, 7.525530236307532e-06, 5.950337708782172e-06, 4.417500349518377e-06, 3.82483403882361e-06, 4.047858055855613e-06, 3.62579385182471e-06, 3.1658235002396395e-06, 2.5895099042827496e-06, 2.7507855975272832e-06, 3.1124704946705606e-06, 3.5084101455140626e-06, 3.6462340631260304e-06, 3.918848051398527e-06, 3.376719178049825e-06, 3.027854063475388e-06, 2.2623416953138076e-06, 2.3295121991395717e-06, 2.5492340682831127e-06, 1.9213628092984436e-06, 1.379004402224382e-06, 1.0533624390518526e-06, 8.649965366203105e-07, 5.573946282311226e-07, 3.512806188155082e-07, 2.4356057792829233e-07, 1.438371555195772e-07, 8.419933550385394e-08, 1.925767456611993e-08, 7.899795262389375e-10, 8.408824851702246e-12, 8.029334142012345e-12, 7.869211358924044e-12, 7.719895903091079e-12, 7.54327069557581e-12, 7.154160944211618e-12, 6.533955234505617e-12, 6.193537870069488e-12, 6.117454199455752e-12], "lowlevel.melbands128.stdev": [0.0007241257117129862, 0.00966589618474245, 0.018512099981307983, 0.015565820038318634, 0.011381787247955799, 0.008399221114814281, 0.006116007454693317, 0.004223458003252745, 0.001978193176910281, 0.0007482097134925425, 0.0004820487811230123, 0.0005293649155646563, 0.0003155953891109675, 0.00026276701828464866, 0.00016752081864979118, 7.585089042549953e-05, 6.678793579339981e-05, 0.00034046254586428404, 0.0008329577976837754, 0.00025999880745075643, 0.000277618266409263, 0.00020238928846083581, 0.00023781564959790558, 0.00027455584495328367, 0.0001181839470518753, 0.00013547344133257866, 9.324964048573747e-05, 0.00016055366722866893, 0.00017884701082948595, 7.552136958111078e-05, 0.00028799002757295966, 0.0002097983960993588, 8.198442083084956e-05, 0.00015582697233185172, 8.068347960943356e-05, 3.0510051146848127e-05, 4.3571584683377296e-05, 8.301441994262859e-05, 3.630705759860575e-05, 0.00012037259148200974, 0.0001193553616758436, 4.024609734187834e-05, 7.349991210503504e-05, 5.093233994557522e-05, 3.912951433449052e-05, 3.867395207635127e-05, 2.565608338045422e-05, 2.719505937420763e-05, 2.7757781936088577e-05, 2.1916033801971935e-05, 2.784593016258441e-05, 3.7523066566791385e-05, 3.189246490364894e-05, 2.6116114895557985e-05, 2.4463495719828643e-05, 2.7598785891314037e-05, 2.5754750822670758e-05, 1.8259564967593178e-05, 3.469266084721312e-05, 3.574305446818471e-05, 2.8685968572972342e-05, 2.5056910089915618e-05, 2.6633491870597936e-05, 2.3958340534591116e-05, 1.2597195564012509e-05, 1.2970700481673703e-05, 1.0634055797709152e-05, 9.079296432901174e-06, 9.858332305157091e-06, 1.078088280337397e-05, 8.776218237471767e-06, 1.1045818610000424e-05, 1.3566087545768823e-05, 1.4639308574260212e-05, 1.1442873983469326e-05, 1.209595848195022e-05, 9.48156593949534e-06, 6.204787041497184e-06, 7.206067948573036e-06, 5.616261205432238e-06, 5.510441951628309e-06, 5.793033778900281e-06, 5.228810550761409e-06, 5.577334832196357e-06, 5.506248271558434e-06, 5.988920747768134e-06, 9.028137355926447e-06, 8.198727300623432e-06, 8.11251356935827e-06, 7.782919055898674e-06, 9.231542207999155e-06, 8.041697583394125e-06, 6.020573437126586e-06, 5.137210791872349e-06, 5.679894456989132e-06, 4.804617219633656e-06, 4.188904767943313e-06, 3.350368388055358e-06, 3.8034031604183838e-06, 4.133491984248394e-06, 4.849026026931824e-06, 5.401156158768572e-06, 5.917744601902086e-06, 5.4449037634185515e-06, 5.207966296438826e-06, 3.6422486573428614e-06, 4.185069428785937e-06, 4.221401468385011e-06, 3.2992363685480086e-06, 2.511755155865103e-06, 1.9616256849985803e-06, 1.9436183720245026e-06, 1.2868891872130916e-06, 8.341599482264428e-07, 6.180964078339457e-07, 4.045055845836032e-07, 2.7730001761483436e-07, 9.727610716936397e-08, 9.23916765316335e-09, 1.2006651749219e-11, 1.1699287372213263e-11, 1.14275932466823e-11, 1.1159816126760091e-11, 1.0968468321104208e-11, 1.0800193205040554e-11, 1.065941432343287e-11, 1.0563829325183072e-11, 1.0504208614037225e-11], "lowlevel.mfcc.mean": [-619.978759765625, 78.39873504638672, 22.660358428955078, 11.698923110961914, 5.381591796875, 8.969880104064941, 3.4008970260620117, 10.206307411193848, 1.531261920928955, 7.013950824737549, 9.644858360290527, 12.764519691467285, 10.34697437286377], "lowlevel.spectral_contrast_coeffs.mean": [-0.691807210445404, -0.6638932228088379, -0.7786290049552917, -0.8208788633346558, -0.8217536807060242, -0.785048246383667], "lowlevel.spectral_contrast_coeffs.stdev": [0.08658607304096222, 0.05748843029141426, 0.04935167729854584, 0.03515614569187164, 0.024514928460121155, 0.027600325644016266], "lowlevel.spectral_contrast_valleys.mean": [-7.102046966552734, -7.18327522277832, -7.326092720031738, -7.445193767547607, -7.215224266052246, -9.10804271697998], "lowlevel.spectral_contrast_valleys.stdev": [0.6678351759910583, 0.6001274585723877, 0.5202124714851379, 0.49316635727882385, 0.5000200867652893, 0.48554009199142456], "rhythm.beats_loudness_band_ratio.mean": [0.8847773671150208, 0.013504601083695889, 0.04416774958372116, 0.024851428344845772, 0.012644566595554352, 0.022845780476927757], "rhythm.beats_loudness_band_ratio.stdev": [0.13846658170223236, 0.02902369573712349, 0.034732598811388016, 0.03376290574669838, 0.03183412179350853, 0.045732662081718445], "tonal.hpcp.mean": [0.08577372878789902, 0.3521384298801422, 0.6418563723564148, 0.35442420840263367, 0.05406312271952629, 0.050260238349437714, 0.0566042959690094, 0.10555727034807205, 0.15302670001983643, 0.11489930003881454, 0.07100187242031097, 0.06262084096670151, 0.04599162936210632, 0.03132469952106476, 0.029026685282588005, 0.032347697764635086, 0.04458928108215332, 0.056996118277311325, 0.045106228440999985, 0.029766498133540154, 0.027841519564390182, 0.032137107104063034, 0.053045254200696945, 0.07378450036048889, 0.0691615641117096, 0.07208850234746933, 0.07102841138839722, 0.046008285135030746, 0.04335055500268936, 0.05700792372226715, 0.056185487657785416, 0.06884261965751648, 0.08757305890321732, 0.10131613910198212, 0.1164306178689003, 0.11013583838939667], "tonal.hpcp.stdev": [0.22022567689418793, 0.2447088211774826, 0.3935309946537018, 0.26639869809150696, 0.15918655693531036, 0.16257993876934052, 0.17340220510959625, 0.21384181082248688, 0.2863878607749939, 0.23392285406589508, 0.17534109950065613, 0.1596907675266266, 0.13828858733177185, 0.11307424306869507, 0.11128371953964233, 0.12893246114253998, 0.132770836353302, 0.14562180638313293, 0.11811533570289612, 0.10618411749601364, 0.08724638819694519, 0.11536085605621338, 0.12191534787416458, 0.15926313400268555, 0.14058594405651093, 0.18697598576545715, 0.17762109637260437, 0.12154585123062134, 0.09370490163564682, 0.13821475207805634, 0.13839536905288696, 0.17410758137702942, 0.2102195918560028, 0.22897548973560333, 0.25386154651641846, 0.25192850828170776], "rhythm.beats_position": [0.4643990993499756, 0.9171881675720215, 1.369977355003357, 1.8227664232254028, 2.287165403366089, 2.763174533843994, 3.250793695449829, 3.7500226497650146, 4.249251842498779, 4.748480796813965, 5.24770975112915, 5.746938705444336, 6.257777690887451, 6.757006645202637, 7.256235599517822, 7.755464553833008, 8.254693984985352, 8.753922462463379, 9.253151893615723, 9.75238037109375, 10.251609802246094, 10.750839233398438, 11.261677742004395, 11.760907173156738, 12.260135650634766, 12.75936508178711, 13.258593559265137, 13.75782299041748, 14.257051467895508, 14.756280899047852, 15.255510330200195, 15.754738807678223, 16.25396728515625, 16.753196716308594, 17.252426147460938, 17.75165557861328, 18.250883102416992, 18.750112533569336, 19.24934196472168, 19.760181427001953, 20.259410858154297, 20.758638381958008, 21.25786781311035, 21.757097244262695, 22.25632667541504, 22.75555419921875, 23.266393661499023, 23.765623092651367, 24.26485252380371, 24.764081954956055, 25.263309478759766, 25.76253890991211, 26.261768341064453, 26.760997772216797, 27.26022720336914, 27.75945472717285, 28.258684158325195, 28.75791358947754, 29.257143020629883, 29.756370544433594, 30.255599975585938, 30.75482940673828, 31.254058837890625, 31.75328826904297, 32.25251770019531, 32.76335525512695], "rhythm.bpm_histogram": [0.0, 0.0, 0.0, 0.0, 0.0, 0.0, 0.0, 0.0, 0.0, 0.0, 0.0, 0.0, 0.0, 0.0, 0.0, 0.0, 0.0, 0.0, 0.0, 0.0, 0.0, 0.0, 0.0, 0.0, 0.0, 0.0, 0.0, 0.0, 0.0, 0.0, 0.0, 0.0, 0.0, 0.0, 0.0, 0.0, 0.0, 0.0, 0.0, 0.0, 0.0, 0.0, 0.0, 0.0, 0.0, 0.0, 0.0, 0.0, 0.0, 0.0, 0.0, 0.0, 0.0, 0.0, 0.0, 0.0, 0.0, 0.0, 0.0, 0.0, 0.0, 0.0, 0.0, 0.0, 0.0, 0.0, 0.0, 0.0, 0.0, 0.0, 0.0, 0.0, 0.0, 0.0, 0.0, 0.0, 0.0, 0.0, 0.0, 0.0, 0.0, 0.0, 0.0, 0.0, 0.0, 0.0, 0.0, 0.0, 0.0, 0.0, 0.0, 0.0, 0.0, 0.0, 0.0, 0.0, 0.0, 0.0, 0.0, 0.0, 0.0, 0.0, 0.0, 0.0, 0.0, 0.0, 0.0, 0.0, 0.0, 0.0, 0.0, 0.0, 0.0, 0.0, 0.0, 0.0, 0.0, 0.07692307978868484, 0.0, 0.0, 0.8307692408561707, 0.0, 0.0, 0.015384615398943424, 0.0, 0.0, 0.015384615398943424, 0.0, 0.0, 0.015384615398943424, 0.0, 0.0, 0.0, 0.04615384712815285, 0.0, 0.0, 0.0, 0.0, 0.0, 0.0, 0.0, 0.0, 0.0, 0.0, 0.0, 0.0, 0.0, 0.0, 0.0, 0.0, 0.0, 0.0, 0.0, 0.0, 0.0, 0.0, 0.0, 0.0, 0.0, 0.0, 0.0, 0.0, 0.0, 0.0, 0.0, 0.0, 0.0, 0.0, 0.0, 0.0, 0.0, 0.0, 0.0, 0.0, 0.0, 0.0, 0.0, 0.0, 0.0, 0.0, 0.0, 0.0, 0.0, 0.0, 0.0, 0.0, 0.0, 0.0, 0.0, 0.0, 0.0, 0.0, 0.0, 0.0, 0.0, 0.0, 0.0, 0.0, 0.0, 0.0, 0.0, 0.0, 0.0, 0.0, 0.0, 0.0, 0.0, 0.0, 0.0, 0.0, 0.0, 0.0, 0.0, 0.0, 0.0, 0.0, 0.0, 0.0, 0.0, 0.0, 0.0, 0.0, 0.0, 0.0, 0.0, 0.0, 0.0, 0.0, 0.0, 0.0, 0.0, 0.0, 0.0, 0.0, 0.0, 0.0, 0.0, 0.0, 0.0, 0.0, 0.0, 0.0, 0.0, 0.0, 0.0, 0.0, 0.0, 0.0, 0.0, 0.0], "tonal.chords_histogram": [0.0, 0.0, 0.0, 13.426573753356934, 15.104894638061523, 30.069929122924805, 0.0, 0.0, 0.0, 0.0, 38.60139846801758, 0.0, 2.7972028255462646, 0.0, 0.0, 0.0, 0.0, 0.0, 0.0, 0.0, 0.0, 0.0, 0.0, 0.0], "tonal.thpcp": [1.0, 0.5521861910820007, 0.08422931283712387, 0.07830449193716049, 0.08818841725587845, 0.16445621848106384, 0.23841267824172974, 0.17901092767715454, 0.11061956733465195, 0.09756207466125488, 0.07165408134460449, 0.048803284764289856, 0.04522302374243736, 0.05039709806442261, 0.06946925073862076, 0.08879886567592621, 0.07027464359998703, 0.046375636011362076, 0.043376557528972626, 0.05006900057196617, 0.08264349400997162, 0.11495484411716461, 0.10775239765644073, 0.11231251060962677, 0.11066091060638428, 0.07168003171682358, 0.06753934174776077, 0.08881726115942001, 0.08753591775894165, 0.1072554886341095, 0.13643716275691986, 0.15784861147403717, 0.18139667809009552, 0.17158953845500946, 0.1336338371038437, 0.5486249923706055], "lowlevel.gfcc.cov": [[1419.5252685546875, 47.673702239990234, -1.8127188682556152, 189.6815643310547, 124.96146392822266, -69.86212921142578, -92.82942962646484, -134.03770446777344, -173.2333984375, -188.8410186767578, -210.5828094482422, -125.08706665039062, -68.68521118164062], [47.673702239990234, 912.104248046875, 26.809009552001953, 159.42105102539062, 175.1313018798828, 104.25418853759766, 168.18148803710938, -22.668834686279297, 64.7759780883789, -86.20882415771484, 27.74786949157715, -52.83586120605469, 44.69607925415039], [-1.8127188682556152, 26.809009552001953, 494.2286376953125, 123.20783996582031, 138.23756408691406, 160.02931213378906, 98.46063995361328, 77.65031433105469, 72.43973541259766, 48.07364273071289, 45.59733581542969, 19.217126846313477, 1.7514320611953735], [189.6815643310547, 159.42105102539062, 123.20783996582031, 251.98704528808594, 146.1592559814453, 60.32947540283203, 58.36494827270508, 31.624828338623047, 44.68853759765625, -12.65697193145752, 11.504359245300293, -19.090560913085938, 29.39807891845703], [124.96146392822266, 175.1313018798828, 138.23756408691406, 146.1592559814453, 234.74472045898438, 119.3382797241211, 108.66610717773438, 74.0712661743164, 89.48090362548828, 18.874013900756836, 49.19397735595703, 6.99631404876709, 15.453822135925293], [-69.86212921142578, 104.25418853759766, 160.02931213378906, 60.32947540283203, 119.3382797241211, 212.36778259277344, 169.3515167236328, 108.94622802734375, 104.09974670410156, 68.7623062133789, 104.24592590332031, 24.219545364379883, 14.291570663452148], [-92.82942962646484, 168.18148803710938, 98.46063995361328, 58.36494827270508, 108.66610717773438, 169.3515167236328, 241.49295043945312, 129.21038818359375, 113.20780944824219, 66.09700012207031, 106.39321899414062, 25.661943435668945, 22.337520599365234], [-134.03770446777344, -22.668834686279297, 77.65031433105469, 31.624828338623047, 74.0712661743164, 108.94622802734375, 129.21038818359375, 179.12660217285156, 154.8240509033203, 94.61636352539062, 94.26179504394531, 51.041481018066406, 38.28937911987305], [-173.2333984375, 64.7759780883789, 72.43973541259766, 44.68853759765625, 89.48090362548828, 104.09974670410156, 113.20780944824219, 154.8240509033203, 205.43234252929688, 110.7446060180664, 105.51493835449219, 56.38984680175781, 55.40550994873047], [-188.8410186767578, -86.20882415771484, 48.07364273071289, -12.65697193145752, 18.874013900756836, 68.7623062133789, 66.09700012207031, 94.61636352539062, 110.7446060180664, 133.10076904296875, 103.0369873046875, 52.34540939331055, 27.830480575561523], [-210.5828094482422, 27.74786949157715, 45.59733581542969, 11.504359245300293, 49.19397735595703, 104.24592590332031, 106.39321899414062, 94.26179504394531, 105.51493835449219, 103.0369873046875, 149.5098114013672, 70.35784912109375, 43.743492126464844], [-125.08706665039062, -52.83586120605469, 19.217126846313477, -19.090560913085938, 6.99631404876709, 24.219545364379883, 25.661943435668945, 51.041481018066406, 56.38984680175781, 52.34540939331055, 70.35784912109375, 81.92680358886719, 48.08977127075195], [-68.68521118164062, 44.69607925415039, 1.7514320611953735, 29.39807891845703, 15.453822135925293, 14.291570663452148, 22.337520599365234, 38.28937911987305, 55.40550994873047, 27.830480575561523, 43.743492126464844, 48.08977127075195, 81.06807708740234]], "lowlevel.gfcc.icov": [[0.0012004938907921314, 0.00019937554316129535, 0.00029226086917333305, -0.0007587351137772202, -0.000905480410438031, -0.00034674385096877813, -5.741784843849018e-05, 7.806898065609857e-05, 0.0006327012088149786, 0.00019789802900049835, 0.0016052653081715107, -0.0001353066909359768, 0.00010243964061373845], [0.00019937554316129535, 0.002905285218730569, 1.999741289182566e-05, 0.0001770761446096003, -0.0010945206740871072, 0.000493228726554662, -0.002612705109640956, 0.004192640073597431, -0.003816814161837101, 0.0045972298830747604, -0.0025321384891867638, 0.0036415301728993654, -0.002399643650278449], [0.00029226086917333305, 1.999741289182566e-05, 0.003401887835934758, -0.001645329175516963, -0.0005259810131974518, -0.0032594494987279177, 0.000593032396864146, -3.163632209179923e-05, 0.0006381919956766069, -0.001592020271345973, 0.0030822772532701492, -0.0027499005664139986, 0.0013646174920722842], [-0.0007587351137772202, 0.0001770761446096003, -0.001645329175516963, 0.00875413604080677, -0.004067850299179554, 0.0019299037521705031, -0.0002352141309529543, -6.521721661556512e-05, -0.0006226800032891333, 0.0019650114700198174, -0.0035282792523503304, 0.0068581304512917995, -0.00576209370046854], [-0.000905480410438031, -0.0010945206740871072, -0.0005259810131974518, -0.004067850299179554, 0.010880228132009506, -0.002951497444882989, 0.00021134917915333062, -0.0006071318639442325, -0.002873956924304366, 0.001216774107888341, -0.000123734658700414, -0.003522548358887434, 0.003700380679219961], [-0.00034674385096877813, 0.000493228726554662, -0.0032594494987279177, 0.0019299037521705031, -0.002951497444882989, 0.01720699481666088, -0.006784492172300816, -0.0005661027389578521, -0.001044808654114604, 0.001998323481529951, -0.008917667903006077, 0.005835167597979307, -0.0001506761327618733], [-5.741784843849018e-05, -0.002612705109640956, 0.000593032396864146, -0.0002352141309529543, 0.00021134917915333062, -0.006784492172300816, 0.014514772221446037, -0.009270753711462021, 0.004433589521795511, -0.0015398503746837378, -0.002166826045140624, 9.961845353245735e-05, 0.001607979298569262], [7.806898065609857e-05, 0.004192640073597431, -3.163632209179923e-05, -6.521721661556512e-05, -0.0006071318639442325, -0.0005661027389578521, -0.009270753711462021, 0.02707033045589924, -0.017346570268273354, 0.0035667438060045242, -0.00021437507530208677, -0.00031811065855436027, -0.0013013806892558932], [0.0006327012088149786, -0.003816814161837101, 0.0006381919956766069, -0.0006226800032891333, -0.002873956924304366, -0.001044808654114604, 0.004433589521795511, -0.017346570268273354, 0.025689775124192238, -0.014035115018486977, 0.004617733880877495, -0.0026905867271125317, -0.003079090267419815], [0.00019789802900049835, 0.0045972298830747604, -0.001592020271345973, 0.0019650114700198174, 0.001216774107888341, 0.001998323481529951, -0.0015398503746837378, 0.0035667438060045242, -0.014035115018486977, 0.031769122928380966, -0.018367569893598557, 0.007093796040862799, -0.0005008676089346409], [0.0016052653081715107, -0.0025321384891867638, 0.0030822772532701492, -0.0035282792523503304, -0.000123734658700414, -0.008917667903006077, -0.002166826045140624, -0.00021437507530208677, 0.004617733880877495, -0.018367569893598557, 0.03479264676570892, -0.02009144239127636, 0.002557131228968501], [-0.0001353066909359768, 0.0036415301728993654, -0.0027499005664139986, 0.0068581304512917995, -0.003522548358887434, 0.005835167597979307, 9.961845353245735e-05, -0.00031811065855436027, -0.0026905867271125317, 0.007093796040862799, -0.02009144239127636, 0.040967270731925964, -0.01884150318801403], [0.00010243964061373845, -0.002399643650278449, 0.0013646174920722842, -0.00576209370046854, 0.003700380679219961, -0.0001506761327618733, 0.001607979298569262, -0.0013013806892558932, -0.003079090267419815, -0.0005008676089346409, 0.002557131228968501, -0.01884150318801403, 0.02737129107117653]], "lowlevel.mfcc.cov": [[1573.0032958984375, 25.140113830566406, -159.7067108154297, 197.4153289794922, 45.731197357177734, -2.1750986576080322, -55.80135726928711, -50.028175354003906, -37.709869384765625, -96.17900085449219, -134.31503295898438, -178.91392517089844, -178.2848358154297], [25.140113830566406, 636.8766479492188, 26.5611572265625, 79.45282745361328, 36.694862365722656, 116.64324951171875, 65.62918090820312, 102.56436920166016, 41.272186279296875, 14.533748626708984, 56.034061431884766, -18.192825317382812, -30.949237823486328], [-159.7067108154297, 26.5611572265625, 338.2484436035156, 40.858097076416016, 84.84781646728516, 87.0908203125, 80.19951629638672, 53.8472900390625, 44.91709899902344, 43.60486602783203, 19.391202926635742, 49.99824523925781, 38.7272834777832], [197.4153289794922, 79.45282745361328, 40.858097076416016, 209.0814666748047, 103.03947448730469, 51.090660095214844, 21.82631492614746, 27.626384735107422, 41.57250213623047, 2.4829647541046143, -21.31053924560547, -15.131392478942871, -0.36375877261161804], [45.731197357177734, 36.694862365722656, 84.84781646728516, 103.03947448730469, 195.269775390625, 73.02694702148438, 32.172576904296875, 53.578365325927734, 52.74969482421875, 33.142127990722656, 16.99517250061035, 35.652252197265625, 38.954444885253906], [-2.1750986576080322, 116.64324951171875, 87.0908203125, 51.090660095214844, 73.02694702148438, 134.2821502685547, 103.33451843261719, 63.66683578491211, 36.095279693603516, 31.78213882446289, 42.81348419189453, 43.19979476928711, 35.75174331665039], [-55.80135726928711, 65.62918090820312, 80.19951629638672, 21.82631492614746, 32.172576904296875, 103.33451843261719, 175.6492156982422, 91.59295654296875, 40.72821807861328, 42.13465881347656, 58.95988082885742, 63.77268981933594, 51.04124450683594], [-50.028175354003906, 102.56436920166016, 53.8472900390625, 27.626384735107422, 53.578365325927734, 63.66683578491211, 91.59295654296875, 138.24526977539062, 85.12127685546875, 62.7075309753418, 71.92509460449219, 63.726356506347656, 58.312435150146484], [-37.709869384765625, 41.272186279296875, 44.91709899902344, 41.57250213623047, 52.74969482421875, 36.095279693603516, 40.72821807861328, 85.12127685546875, 120.55701446533203, 78.22220611572266, 54.728519439697266, 54.53792953491211, 53.39170455932617], [-96.17900085449219, 14.533748626708984, 43.60486602783203, 2.4829647541046143, 33.142127990722656, 31.78213882446289, 42.13465881347656, 62.7075309753418, 78.22220611572266, 112.13324737548828, 86.54749298095703, 63.44154739379883, 52.343544006347656], [-134.31503295898438, 56.034061431884766, 19.391202926635742, -21.31053924560547, 16.99517250061035, 42.81348419189453, 58.95988082885742, 71.92509460449219, 54.728519439697266, 86.54749298095703, 134.814697265625, 85.78285217285156, 59.56204605102539], [-178.91392517089844, -18.192825317382812, 49.99824523925781, -15.131392478942871, 35.652252197265625, 43.19979476928711, 63.77268981933594, 63.726356506347656, 54.53792953491211, 63.44154739379883, 85.78285217285156, 121.44135284423828, 91.21495819091797], [-178.2848358154297, -30.949237823486328, 38.7272834777832, -0.36375877261161804, 38.954444885253906, 35.75174331665039, 51.04124450683594, 58.312435150146484, 53.39170455932617, 52.343544006347656, 59.56204605102539, 91.21495819091797, 115.57966613769531]], "lowlevel.mfcc.icov": [[0.0010258117690682411, 0.00032699014991521835, 0.0005738069885410368, -0.0008432426257058978, -0.00011066923616454005, -0.0006529144011437893, 6.25748944003135e-05, -0.0005165730253793299, -0.000176753630512394, 0.00015642395010218024, 0.00012850938946940005, 0.0005104073788970709, 0.0014890074962750077], [0.00032699014991521835, 0.002724482212215662, 0.00027212389977648854, -0.0008682573097757995, 0.0007370957755483687, -0.0030758650973439217, 0.0013721062568947673, -0.0026287937071174383, -8.334108861163259e-05, 0.0011910954490303993, -0.0018103529000654817, 0.0015973332338035107, 0.0017347905086353421], [0.0005738069885410368, 0.00027212389977648854, 0.004302122164517641, -0.0002460347895976156, -0.0009279285441152751, -0.0021160589531064034, -0.0005782406078651547, -0.00039683954673819244, 2.8654789275606163e-05, -0.0016219494864344597, 0.0022002942860126495, -0.0012119439197704196, 0.0014824466779828072], [-0.0008432426257058978, -0.0008682573097757995, -0.0002460347895976156, 0.008665516972541809, -0.00369140668772161, -0.0003165591333527118, -0.0010879099136218429, 0.0017767681274563074, -0.0034048138186335564, 0.0009031742811203003, 0.0012429922353476286, 0.001973577309399843, -0.0015317181823775172], [-0.00011066923616454005, 0.0007370957755483687, -0.0009279285441152751, -0.00369140668772161, 0.0098069803789258, -0.0050835818983614445, 0.003805448766797781, -0.0028640131931751966, 0.0004954345058649778, -0.0010469182161614299, 0.0012645663227885962, -0.0017844403628259897, -0.0006405599997378886], [-0.0006529144011437893, -0.0030758650973439217, -0.0021160589531064034, -0.0003165591333527118, -0.0050835818983614445, 0.022062961012125015, -0.010690066032111645, 0.0036745555698871613, 8.23468217276968e-05, 0.0006273440085351467, -0.001775694196112454, -0.0007075796602293849, -0.0022157339844852686], [6.25748944003135e-05, 0.0013721062568947673, -0.0005782406078651547, -0.0010879099136218429, 0.003805448766797781, -0.010690066032111645, 0.01569276861846447, -0.00877533107995987, 0.003765837522223592, -0.0007748749339953065, 0.0005400229711085558, -0.0026958135422319174, 0.0006361885461956263], [-0.0005165730253793299, -0.0026287937071174383, -0.00039683954673819244, 0.0017767681274563074, -0.0028640131931751966, 0.0036745555698871613, -0.00877533107995987, 0.023525981232523918, -0.011826843023300171, 0.003068166086450219, -0.004640003200620413, 0.0007683790172450244, -0.00366901489906013], [-0.000176753630512394, -8.334108861163259e-05, 2.8654789275606163e-05, -0.0034048138186335564, 0.0004954345058649778, 8.23468217276968e-05, 0.003765837522223592, -0.011826843023300171, 0.02528540790081024, -0.014482525177299976, 0.005705293267965317, -0.0031206170096993446, -0.0018029202474281192], [0.00015642395010218024, 0.0011910954490303993, -0.0016219494864344597, 0.0009031742811203003, -0.0010469182161614299, 0.0006273440085351467, -0.0007748749339953065, 0.003068166086450219, -0.014482525177299976, 0.029073473066091537, -0.015725672245025635, 0.0030135000124573708, -0.0006912925164215267], [0.00012850938946940005, -0.0018103529000654817, 0.0022002942860126495, 0.0012429922353476286, 0.0012645663227885962, -0.001775694196112454, 0.0005400229711085558, -0.004640003200620413, 0.005705293267965317, -0.015725672245025635, 0.025600600987672806, -0.012812950648367405, 0.002611045492812991], [0.0005104073788970709, 0.0015973332338035107, -0.0012119439197704196, 0.001973577309399843, -0.0017844403628259897, -0.0007075796602293849, -0.0026958135422319174, 0.0007683790172450244, -0.0031206170096993446, 0.0030135000124573708, -0.012812950648367405, 0.032359469681978226, -0.01560772955417633], [0.0014890074962750077, 0.0017347905086353421, 0.0014824466779828072, -0.0015317181823775172, -0.0006405599997378886, -0.0022157339844852686, 0.0006361885461956263, -0.00366901489906013, -0.0018029202474281192, -0.0006912925164215267, 0.002611045492812991, -0.01560772955417633, 0.025501206517219543]], "metadata.audio_properties.analysis.downmix": "mix", "metadata.audio_properties.codec": "mp3", "metadata.audio_properties.md5_encoded": "df811d4ace30e435b7568ba0a390fb9f", "metadata.tags.file_name": "1183702469163876432.mp3", "metadata.version.essentia": "2.1-beta6-dev", "metadata.version.essentia_git_sha": "v2.1_beta5-1110-g77a6a954", "metadata.version.extractor": "music 2.0", "tonal.chords_key": "D", "tonal.chords_scale": "major", "tonal.key_edma.key": "Eb", "tonal.key_edma.scale": "major", "tonal.key_krumhansl.key": "Eb", "tonal.key_krumhansl.scale": "major", "tonal.key_temperley.key": "Eb", "tonal.key_temperley.scale": "maj