{"song_id": "1183719213064519792", "download": "https://cdn.discordapp.com/attachments/1135903449314238464/1183719213064519792/chirp.mp4?ex=65895b6c&amp", "lyrics": "I'm driving my lowride while your baby is sleeping in the back and I'm smoking and not smoking and you're sleeping in your house forgetting about everything", "style": ["random"], "essentia_features": {"lowlevel.average_loudness": 0.9793940186500549, "lowlevel.barkbands_crest.mean": 13.526139259338379, "lowlevel.barkbands_crest.stdev": 4.6211066246032715, "lowlevel.barkbands_flatness_db.mean": 0.2227276712656021, "lowlevel.barkbands_flatness_db.stdev": 0.0628453865647316, "lowlevel.barkbands_kurtosis.mean": 15.988868713378906, "lowlevel.barkbands_kurtosis.stdev": 18.53700828552246, "lowlevel.barkbands_skewness.mean": 3.0116443634033203, "lowlevel.barkbands_skewness.stdev": 1.5921324491500854, "lowlevel.barkbands_spread.mean": 12.324564933776855, "lowlevel.barkbands_spread.stdev": 10.493285179138184, "lowlevel.dissonance.mean": 0.454189270734787, "lowlevel.dissonance.stdev": 0.024261046200990677, "lowlevel.dynamic_complexity": 2.209456205368042, "lowlevel.erbbands_crest.mean": 10.765459060668945, "lowlevel.erbbands_crest.stdev": 4.4489850997924805, "lowlevel.erbbands_flatness_db.mean": 0.1665453016757965, "lowlevel.erbbands_flatness_db.stdev": 0.042143672704696655, "lowlevel.erbbands_kurtosis.mean": 0.4391050636768341, "lowlevel.erbbands_kurtosis.stdev": 2.230966091156006, "lowlevel.erbbands_skewness.mean": 0.5869355797767639, "lowlevel.erbbands_skewness.stdev": 0.9137578010559082, "lowlevel.erbbands_spread.mean": 45.421630859375, "lowlevel.erbbands_spread.stdev": 21.252641677856445, "lowlevel.hfc.mean": 15.505220413208008, "lowlevel.hfc.stdev": 12.912196159362793, "lowlevel.loudness_ebu128.integrated": -14.363785743713379, "lowlevel.loudness_ebu128.loudness_range": 2.145414352416992, "lowlevel.loudness_ebu128.momentary.mean": -14.524490356445312, "lowlevel.loudness_ebu128.momentary.stdev": 1.1932979822158813, "lowlevel.loudness_ebu128.short_term.mean": -14.411553382873535, "lowlevel.loudness_ebu128.short_term.stdev": 0.820593535900116, "lowlevel.melbands_crest.mean": 17.92852020263672, "lowlevel.melbands_crest.stdev": 5.300211429595947, "lowlevel.melbands_flatness_db.mean": 0.29558977484703064, "lowlevel.melbands_flatness_db.stdev": 0.07923287898302078, "lowlevel.melbands_kurtosis.mean": 37.73286056518555, "lowlevel.melbands_kurtosis.stdev": 37.066680908203125, "lowlevel.melbands_skewness.mean": 4.347592353820801, "lowlevel.melbands_skewness.stdev": 1.9365532398223877, "lowlevel.melbands_spread.mean": 10.371583938598633, "lowlevel.melbands_spread.stdev": 11.803593635559082, "lowlevel.pitch_salience.mean": 0.4459143579006195, "lowlevel.pitch_salience.stdev": 0.13688571751117706, "lowlevel.silence_rate_20dB.mean": 1.0, "lowlevel.silence_rate_20dB.stdev": 0.0, "lowlevel.silence_rate_30dB.mean": 0.9497568607330322, "lowlevel.silence_rate_30dB.stdev": 0.21844537556171417, "lowlevel.silence_rate_60dB.mean": 0.003241491038352251, "lowlevel.silence_rate_60dB.stdev": 0.05684159696102142, "lowlevel.spectral_centroid.mean": 823.14794921875, "lowlevel.spectral_centroid.stdev": 511.614990234375, "lowlevel.spectral_complexity.mean": 13.332252502441406, "lowlevel.spectral_complexity.stdev": 6.796519756317139, "lowlevel.spectral_decrease.mean": -1.2642421332031972e-08, "lowlevel.spectral_decrease.stdev": 8.260405692794848e-09, "lowlevel.spectral_energy.mean": 0.04912177473306656, "lowlevel.spectral_energy.stdev": 0.031751181930303574, "lowlevel.spectral_energyband_high.mean": 0.00028752736398018897, "lowlevel.spectral_energyband_high.stdev": 0.00046954184654168785, "lowlevel.spectral_energyband_low.mean": 0.030876001343131065, "lowlevel.spectral_energyband_low.stdev": 0.026486437767744064, "lowlevel.spectral_energyband_middle_high.mean": 0.0035711079835891724, "lowlevel.spectral_energyband_middle_high.stdev": 0.005835292395204306, "lowlevel.spectral_energyband_middle_low.mean": 0.015131359919905663, "lowlevel.spectral_energyband_middle_low.stdev": 0.015761755406856537, "lowlevel.spectral_entropy.mean": 7.171679496765137, "lowlevel.spectral_entropy.stdev": 0.4794619679450989, "lowlevel.spectral_flux.mean": 0.07986151427030563, "lowlevel.spectral_flux.stdev": 0.05618087947368622, "lowlevel.spectral_kurtosis.mean": 6.517416000366211, "lowlevel.spectral_kurtosis.stdev": 6.639242649078369, "lowlevel.spectral_rms.mean": 0.006534052547067404, "lowlevel.spectral_rms.stdev": 0.0022868860978633165, "lowlevel.spectral_rolloff.mean": 543.3917846679688, "lowlevel.spectral_rolloff.stdev": 730.3800659179688, "lowlevel.spectral_skewness.mean": 1.769731879234314, "lowlevel.spectral_skewness.stdev": 0.6920479536056519, "lowlevel.spectral_spread.mean": 4087354.5, "lowlevel.spectral_spread.stdev": 1561307.75, "lowlevel.spectral_strongpeak.mean": 0.7673571109771729, "lowlevel.spectral_strongpeak.stdev": 0.7063395380973816, "lowlevel.zerocrossingrate.mean": 0.029661700129508972, "lowlevel.zerocrossingrate.stdev": 0.02291257493197918, "metadata.audio_properties.analysis.equal_loudness": 0.0, "metadata.audio_properties.analysis.length": 14.29331111907959, "metadata.audio_properties.analysis.sample_rate": 44100.0, "metadata.audio_properties.analysis.start_time": 0.0, "metadata.audio_properties.bit_rate": 115430.0, "metadata.audio_properties.length": 14.293333053588867, "metadata.audio_properties.lossless": 0.0, "metadata.audio_properties.number_channels": 1.0, "metadata.audio_properties.replay_gain": -11.300716400146484, "metadata.audio_properties.sample_rate": 48000.0, "rhythm.beats_count": 26.0, "rhythm.beats_loudness.mean": 0.05347265303134918, "rhythm.beats_loudness.stdev": 0.016773683950304985, "rhythm.bpm": 115.47600555419922, "rhythm.bpm_histogram_first_peak_bpm": 115.0, "rhythm.bpm_histogram_first_peak_weight": 0.4285714626312256, "rhythm.bpm_histogram_second_peak_bpm": 105.0, "rhythm.bpm_histogram_second_peak_spread": 0.25, "rhythm.bpm_histogram_second_peak_weight": 0.11999999731779099, "rhythm.danceability": 1.4278714656829834, "rhythm.onset_rate": 4.6803717613220215, "tonal.chords_changes_rate": 0.04207119718194008, "tonal.chords_number_rate": 0.025889968499541283, "tonal.chords_strength.mean": 0.5497632026672363, "tonal.chords_strength.stdev": 0.10426267236471176, "tonal.hpcp_crest.mean": 16.834863662719727, "tonal.hpcp_crest.stdev": 8.105716705322266, "tonal.hpcp_entropy.mean": 1.6328835487365723, "tonal.hpcp_entropy.stdev": 0.7797874212265015, "tonal.key_edma.strength": 0.7572954297065735, "tonal.key_krumhansl.strength": 0.7525755167007446, "tonal.key_temperley.strength": 0.7427802681922913, "tonal.tuning_diatonic_strength": 0.5524194836616516, "tonal.tuning_equal_tempered_deviation": 0.04218016192317009, "tonal.tuning_frequency": 437.4657897949219, "tonal.tuning_nontempered_energy_ratio": 0.6654537916183472, "lowlevel.barkbands.mean": [9.653452434577048e-05, 0.023617062717676163, 0.0065264892764389515, 0.002190944040194154, 0.007367040030658245, 0.0034658540971577168, 0.0006765397847630084, 0.0009733258630149066, 0.0002685222134459764, 0.00065454444848001, 6.758476229151711e-05, 0.0004313822428230196, 0.00021238265617284924, 0.0002973720838781446, 0.0005282552447170019, 0.0004234780208207667, 0.0002460261166561395, 0.000509043107740581, 0.00017640636360738426, 0.0001462050131522119, 5.425254494184628e-05, 6.355628283927217e-05, 4.5211141696199775e-05, 4.548455399344675e-05, 3.018244751729071e-05, 8.12810321804136e-06, 9.659543387385838e-09], "lowlevel.barkbands.stdev": [0.00018741378153208643, 0.020742543041706085, 0.010508786886930466, 0.003915229346603155, 0.010045173577964306, 0.0031136430334299803, 0.0027676483150571585, 0.0021174296271055937, 0.000736075104214251, 0.002134353155270219, 0.00011572145012905821, 0.0017080387333407998, 0.000501499860547483, 0.0010163176339119673, 0.0017836039187386632, 0.0012085367925465107, 0.0005528188194148242, 0.0010569534497335553, 0.0003062311443500221, 0.00021000124979764223, 8.866862481227145e-05, 9.845858585322276e-05, 7.256536628119648e-05, 0.0001372947881463915, 0.00011991194332949817, 2.4607094019302167e-05, 3.8008810321343844e-08], "lowlevel.erbbands.mean": [0.37965720891952515, 6.181323051452637, 10.934884071350098, 5.375657558441162, 17.428565979003906, 17.58272361755371, 50.250244140625, 16.264860153198242, 7.115480422973633, 17.916711807250977, 20.052988052368164, 6.306507110595703, 19.44183921813965, 10.903043746948242, 6.265804290771484, 18.2725772857666, 9.380708694458008, 13.897777557373047, 26.41023063659668, 30.65411949157715, 17.026485443115234, 15.022120475769043, 28.251434326171875, 14.454590797424316, 8.721138954162598, 6.2445220947265625, 2.503145456314087, 2.1515963077545166, 2.549637794494629, 1.564048409461975, 1.2409144639968872, 0.8798835277557373, 0.8187537789344788, 0.4343063235282898, 0.15313462913036346, 0.05392187088727951, 0.012288512662053108, 0.0007260023849084973, 4.071744842804037e-05, 5.623054676107131e-05], "lowlevel.erbbands.stdev": [0.4894910752773285, 5.3665642738342285, 14.586051940917969, 6.770918369293213, 37.68608856201172, 23.72733497619629, 43.44558334350586, 19.53134536743164, 16.355327606201172, 58.48821258544922, 36.93643569946289, 11.218822479248047, 71.21977233886719, 26.41912269592285, 14.179583549499512, 77.46945190429688, 22.16625213623047, 34.060604095458984, 107.9390869140625, 76.62786102294922, 33.97628402709961, 30.397262573242188, 61.341243743896484, 27.978673934936523, 12.206274032592773, 8.73005485534668, 3.762517213821411, 3.5810961723327637, 3.9883065223693848, 2.297694683074951, 2.0579943656921387, 2.1399550437927246, 2.777682065963745, 1.8490689992904663, 0.5201178789138794, 0.16200092434883118, 0.04027663543820381, 0.00255944998934865, 5.669629172189161e-05, 3.4931788832182065e-05], "lowlevel.gfcc.mean": [-23.55466651916504, 128.32989501953125, -99.26322937011719, 53.53173065185547, -44.760597229003906, 14.201071739196777, -41.00791549682617, 7.298719882965088, -17.968029022216797, -2.1861281394958496, -6.064004421234131, -2.7699968814849854, -2.4454798698425293], "lowlevel.melbands.mean": [0.0051755523309111595, 0.006599729880690575, 0.0013766610063612461, 0.0012626148527488112, 0.001535910414531827, 0.0004021076310891658, 0.00012226852413732558, 0.0002083478175336495, 0.00013626590953208506, 3.764553912333213e-05, 0.00010161083628190681, 5.105786840431392e-05, 1.2647849871427752e-05, 5.312275970936753e-05, 2.4331169697688892e-05, 2.2632948457612656e-05, 2.59096959780436e-05, 4.442028875928372e-05, 3.276427378295921e-05, 4.013331272290088e-05, 1.572801556903869e-05, 1.3591169590654317e-05, 2.2554921088158153e-05, 2.5291063138865866e-05, 1.0163204933633097e-05, 5.6953927014546935e-06, 7.2175016612163745e-06, 3.280565351815312e-06, 1.5327929077102453e-06, 1.2764138546117465e-06, 1.1994319493169314e-06, 1.5109386595213437e-06, 1.11358099275094e-06, 7.935063877084758e-07, 7.2705449838395e-07, 5.962480713606055e-07, 5.396024107540143e-07, 6.555825393661507e-07, 4.2955980461556464e-07, 3.432249684465205e-07], "lowlevel.melbands.stdev": [0.005118248518556356, 0.006608219351619482, 0.0021342181134968996, 0.002298159757629037, 0.001309373416006565, 0.0004280660068616271, 0.0003368181351106614, 0.0005753993755206466, 0.00024682871298864484, 9.589990804670379e-05, 0.0003649703867267817, 0.00013122092059347779, 2.0181205400149338e-05, 0.00022313786030281335, 8.436299685854465e-05, 5.320146374288015e-05, 7.551843009423465e-05, 0.00018342421390116215, 7.417076994897798e-05, 0.00012008995690848678, 3.283917612861842e-05, 2.8766980904038064e-05, 5.324270387063734e-05, 5.966692333458923e-05, 2.1218771507847123e-05, 9.155838597507682e-06, 1.084386803995585e-05, 4.8623342081555165e-06, 2.4232995201600716e-06, 2.161756356144906e-06, 2.079282921840786e-06, 2.456813945173053e-06, 1.7636007214605343e-06, 1.186541567221866e-06, 1.1860528275065008e-06, 1.1818875691460562e-06, 1.4876228533466929e-06, 2.198114543716656e-06, 1.7898804571814253e-06, 1.4334171964947018e-06], "lowlevel.melbands128.mean": [7.252199429785833e-05, 0.0016354507533833385, 0.0074572209268808365, 0.011658200062811375, 0.007756812032312155, 0.0022798909340053797, 0.0007164910202845931, 0.0013472494902089238, 0.002068762667477131, 0.001215501455590129, 0.0006361755076795816, 0.0015473088715225458, 0.002401344245299697, 0.0006880796863697469, 0.0002625064516905695, 0.00033468540641479194, 9.88184692687355e-05, 4.9161648348672315e-05, 0.00017079089593607932, 0.00023112243798095733, 0.0001949110592249781, 0.00027014344232156873, 0.00011804105452029034, 2.3085533030098304e-05, 2.2466005248134024e-05, 4.1054747271118686e-05, 7.587912841700017e-05, 0.0001107702701119706, 0.0001319979055551812, 7.081678631948307e-05, 1.9377175703994e-05, 1.0229137842543423e-05, 1.1055721188313328e-05, 1.1279297723376658e-05, 3.6408000596566126e-05, 8.949163748184219e-05, 4.5748114644084126e-05, 1.4573827684216667e-05, 1.2847370271629188e-05, 2.182836578867864e-05, 2.2548723791260272e-05, 3.0538674764102325e-05, 1.3004911124880891e-05, 3.3011117920977995e-05, 4.0698578231967986e-05, 6.0030124586774036e-05, 3.49120055034291e-05, 1.3467842109093908e-05, 3.939418093068525e-05, 5.9317750128684565e-05, 4.3122887291247025e-05, 1.541547680972144e-05, 1.9756789697567e-05, 1.446798887627665e-05, 1.1893129340023734e-05, 1.3647880223288666e-05, 1.3249546100269072e-05, 1.9647099179564975e-05, 2.6320634788135067e-05, 2.7150985260959715e-05, 3.399624620215036e-05, 1.5290046576410532e-05, 1.1506940609251615e-05, 9.749251148605254e-06, 5.607546881947201e-06, 5.553599748964189e-06, 5.658169811795233e-06, 5.4271563385555055e-06, 1.0796399692480918e-05, 5.001812496630009e-06, 3.0925259579817066e-06, 2.1465766621986404e-06, 1.5948859299896867e-06, 1.5153106005527661e-06, 1.3749773870586068e-06, 1.187734824270592e-06, 1.3492877997123287e-06, 1.2189159406261751e-06, 1.140398580901092e-06, 1.1676913800329203e-06, 1.3972107808513101e-06, 1.967657908608089e-06, 1.2321910389800905e-06, 1.1461333997431211e-06, 7.76244007738569e-07, 8.21616822577198e-07, 7.786977107571147e-07, 7.729275353085541e-07, 7.10108281509747e-07, 7.22791810403578e-07, 6.868793320791156e-07, 5.846338240189652e-07, 3.964222798913397e-07, 4.650397897876246e-07, 6.367875471369189e-07, 8.283456054414273e-07, 6.340652589642559e-07, 4.718611137377593e-07, 3.8827730008961225e-07, 4.793378138856497e-07, 3.56676650881127e-07, 3.7464715774149226e-07, 2.3144284000409243e-07, 2.0181968807264639e-07, 1.251413124236933e-07, 1.7362781079555134e-07, 1.2772410684647184e-07, 1.0612247081098758e-07, 9.347573382001428e-08, 7.192074491513267e-08, 5.323387597400142e-08, 5.086412713239952e-08, 3.6751806931079045e-08, 2.6197799485316864e-08, 1.4084115207424475e-08, 2.4065418546825867e-09, 3.9967851250821695e-10, 9.152037634685417e-12, 8.308637632070681e-12, 8.08347572905932e-12, 7.897143876334223e-12, 7.747622855769354e-12, 7.57208618723526e-12, 7.443023627984324e-12, 7.308869655331396e-12, 7.15386257177375e-12, 7.059543054299677e-12, 7.0165279836276184e-12], "lowlevel.melbands128.stdev": [0.00016214814968407154, 0.003139244858175516, 0.009152724407613277, 0.010321619920432568, 0.009754044003784657, 0.0035189741756767035, 0.0010266323806717992, 0.002690359950065613, 0.004798678681254387, 0.0028118453919887543, 0.0010409140959382057, 0.0015174966538324952, 0.0021631575655192137, 0.0006055615376681089, 0.0004376837459858507, 0.0005943549331277609, 0.0001477378827985376, 0.00033035074011422694, 0.0008583328453823924, 0.0009759310050867498, 0.0006884362082928419, 0.0006151768611744046, 0.00021073447715025395, 4.1417348256800324e-05, 4.4838699977844954e-05, 0.00013164780102670193, 0.0003643405216280371, 0.0005615950794890523, 0.000528703152667731, 0.00021142410696484149, 6.5611231548246e-05, 1.612018240848556e-05, 2.06763234018581e-05, 3.0936109396861866e-05, 0.0001331290404777974, 0.0004613145429175347, 0.00023863815295044333, 9.308137668995187e-05, 5.149286880623549e-05, 8.32754303701222e-05, 6.811619823565707e-05, 9.431198850506917e-05, 3.7960831832606345e-05, 0.00016255982336588204, 0.0001863052457338199, 0.0003667050914373249, 0.00018185334920417517, 3.8317677535815164e-05, 0.0001151755204773508, 0.000202323411940597, 0.00019589817384257913, 3.910330997314304e-05, 5.695381696568802e-05, 4.159557283855975e-05, 2.9028205972281285e-05, 3.372637729626149e-05, 4.557738793664612e-05, 5.716393206967041e-05, 8.762137440498918e-05, 8.851486200001091e-05, 0.00011357706534909084, 4.547925709630363e-05, 3.5632128856377676e-05, 2.2640273527940735e-05, 1.423808225808898e-05, 1.065026481228415e-05, 1.1097981769125909e-05, 9.831223906076048e-06, 2.033017335634213e-05, 8.059945685090497e-06, 5.829765996168135e-06, 3.826539341389434e-06, 3.175155598000856e-06, 2.612318212413811e-06, 2.5948957045329735e-06, 2.1034045403212076e-06, 2.728679191932315e-06, 2.3605659862369066e-06, 2.2934304979571607e-06, 2.2045978766982444e-06, 2.6838563371711643e-06, 3.4626498290890595e-06, 2.147334726032568e-06, 2.2028566490917e-06, 1.2563748441607459e-06, 1.377601961394248e-06, 1.3107137419865467e-06, 1.2206793371660751e-06, 1.2962631217305898e-06, 1.3078225720164482e-06, 1.4577881302102469e-06, 1.2314993682593922e-06, 1.1350041404512012e-06, 1.256619384548685e-06, 2.0974785002181306e-06, 2.7611379209702136e-06, 2.335789758944884e-06, 1.9378871911612805e-06, 1.3613936289402773e-06, 2.539836714277044e-06, 2.044677557933028e-06, 1.3334258710528957e-06, 9.015380442178866e-07, 7.515870379393164e-07, 3.902903245034395e-07, 6.872710400784854e-07, 3.987487957601843e-07, 3.406752000501001e-07, 2.951962869701674e-07, 2.15727581576175e-07, 1.6925403656387061e-07, 1.775457150188231e-07, 1.4111240886904852e-07, 1.0685913309771422e-07, 6.377746331054368e-08, 1.1240810948720537e-08, 1.780996239375554e-09, 1.2642728010325843e-11, 1.1868385614566268e-11, 1.1553598355806827e-11, 1.1280828701720758e-11, 1.1042653770554356e-11, 1.0818884850494204e-11, 1.0631390733040202e-11, 1.0477653467066972e-11, 1.0353795945605704e-11, 1.026428855105399e-11, 1.0208518926024812e-11], "lowlevel.mfcc.mean": [-667.4932250976562, 146.53582763671875, 15.149730682373047, 41.24945068359375, 22.714143753051758, 9.83448314666748, 0.7232864499092102, 6.323207855224609, -4.35162353515625, 3.209429979324341, 0.512357771396637, -2.163950204849243, 1.283191442489624], "lowlevel.spectral_contrast_coeffs.mean": [-0.6759258508682251, -0.736499011516571, -0.7794486284255981, -0.7878931164741516, -0.7835636734962463, -0.7708463072776794], "lowlevel.spectral_contrast_coeffs.stdev": [0.06364220380783081, 0.06867467612028122, 0.06538313627243042, 0.0632898360490799, 0.06822441518306732, 0.03545442596077919], "lowlevel.spectral_contrast_valleys.mean": [-6.130893230438232, -7.142928123474121, -7.797257423400879, -7.904449462890625, -7.963801383972168, -10.805023193359375], "lowlevel.spectral_contrast_valleys.stdev": [0.6512766480445862, 0.6709385514259338, 0.6189274787902832, 0.6384499073028564, 0.7856029868125916, 0.9438028931617737], "rhythm.beats_loudness_band_ratio.mean": [0.640034019947052, 0.26468732953071594, 0.04785950854420662, 0.021952947601675987, 0.0444430448114872, 0.025578657165169716], "rhythm.beats_loudness_band_ratio.stdev": [0.1866336315870285, 0.12716929614543915, 0.08604805171489716, 0.0282912440598011, 0.0646001324057579, 0.01605590619146824], "tonal.hpcp.mean": [0.05250496789813042, 0.034366171807050705, 0.015295836143195629, 0.011786733753979206, 0.014545942656695843, 0.05603942647576332, 0.13813108205795288, 0.13769544661045074, 0.0573384054005146, 0.018039889633655548, 0.012991358526051044, 0.04309713467955589, 0.08194536715745926, 0.07332348823547363, 0.24077719449996948, 0.40817004442214966, 0.212000772356987, 0.025432821363210678, 0.021108141168951988, 0.03032665140926838, 0.07525292783975601, 0.14937062561511993, 0.11606502532958984, 0.06215666979551315, 0.07705791294574738, 0.07771020382642746, 0.15299013257026672, 0.1845756322145462, 0.10051307082176208, 0.16194449365139008, 0.1909739226102829, 0.06735420972108841, 0.02319556660950184, 0.025989292189478874, 0.018687328323721886, 0.03399619460105896], "tonal.hpcp.stdev": [0.15075673162937164, 0.11695878952741623, 0.09490003436803818, 0.07391684502363205, 0.060448210686445236, 0.14288760721683502, 0.2754491865634918, 0.29073455929756165, 0.1555619239807129, 0.09317854046821594, 0.07057072967290878, 0.1275237500667572, 0.20354747772216797, 0.16732966899871826, 0.2649879455566406, 0.4108075797557831, 0.26537173986434937, 0.1161789670586586, 0.11199329048395157, 0.13703344762325287, 0.1961822807788849, 0.3180144429206848, 0.2682062089443207, 0.16071394085884094, 0.23176594078540802, 0.18258289992809296, 0.2812660038471222, 0.2975858449935913, 0.17792342603206635, 0.292397141456604, 0.3421754837036133, 0.13685722649097443, 0.09680014848709106, 0.1022859588265419, 0.08438723534345627, 0.10952193289995193], "rhythm.beats_position": [0.54566890001297, 1.1029478311538696, 1.6718367338180542, 2.240725517272949, 2.809614419937134, 3.3436734676361084, 3.8661224842071533, 4.388571262359619, 4.911020278930664, 5.433469295501709, 5.944308280944824, 6.466757297515869, 6.989206314086914, 7.500045299530029, 8.010884284973145, 8.533332824707031, 9.055782318115234, 9.58984088897705, 10.100680351257324, 10.623128890991211, 11.145578384399414, 11.656416893005371, 12.167256355285645, 12.689704895019531, 13.212154388427734, 13.722992897033691], "rhythm.bpm_histogram": [0.0, 0.0, 0.0, 0.0, 0.0, 0.0, 0.0, 0.0, 0.0, 0.0, 0.0, 0.0, 0.0, 0.0, 0.0, 0.0, 0.0, 0.0, 0.0, 0.0, 0.0, 0.0, 0.0, 0.0, 0.0, 0.0, 0.0, 0.0, 0.0, 0.0, 0.0, 0.0, 0.0, 0.0, 0.0, 0.0, 0.0, 0.0, 0.0, 0.0, 0.0, 0.0, 0.0, 0.0, 0.0, 0.0, 0.0, 0.0, 0.0, 0.0, 0.0, 0.0, 0.0, 0.0, 0.0, 0.0, 0.0, 0.0, 0.0, 0.0, 0.0, 0.0, 0.0, 0.0, 0.0, 0.0, 0.0, 0.0, 0.0, 0.0, 0.0, 0.0, 0.0, 0.0, 0.0, 0.0, 0.0, 0.0, 0.0, 0.0, 0.0, 0.0, 0.0, 0.0, 0.0, 0.0, 0.0, 0.0, 0.0, 0.0, 0.0, 0.0, 0.0, 0.0, 0.0, 0.0, 0.0, 0.0, 0.0, 0.0, 0.0, 0.0, 0.0, 0.0, 0.0, 0.11999999731779099, 0.0, 0.0, 0.03999999910593033, 0.0, 0.0, 0.0, 0.07999999821186066, 0.0, 0.0, 0.47999998927116394, 0.0, 0.2800000011920929, 0.0, 0.0, 0.0, 0.0, 0.0, 0.0, 0.0, 0.0, 0.0, 0.0, 0.0, 0.0, 0.0, 0.0, 0.0, 0.0, 0.0, 0.0, 0.0, 0.0, 0.0, 0.0, 0.0, 0.0, 0.0, 0.0, 0.0, 0.0, 0.0, 0.0, 0.0, 0.0, 0.0, 0.0, 0.0, 0.0, 0.0, 0.0, 0.0, 0.0, 0.0, 0.0, 0.0, 0.0, 0.0, 0.0, 0.0, 0.0, 0.0, 0.0, 0.0, 0.0, 0.0, 0.0, 0.0, 0.0, 0.0, 0.0, 0.0, 0.0, 0.0, 0.0, 0.0, 0.0, 0.0, 0.0, 0.0, 0.0, 0.0, 0.0, 0.0, 0.0, 0.0, 0.0, 0.0, 0.0, 0.0, 0.0, 0.0, 0.0, 0.0, 0.0, 0.0, 0.0, 0.0, 0.0, 0.0, 0.0, 0.0, 0.0, 0.0, 0.0, 0.0, 0.0, 0.0, 0.0, 0.0, 0.0, 0.0, 0.0, 0.0, 0.0, 0.0, 0.0, 0.0, 0.0, 0.0, 0.0, 0.0, 0.0, 0.0, 0.0, 0.0, 0.0, 0.0, 0.0, 0.0, 0.0, 0.0, 0.0, 0.0, 0.0, 0.0, 0.0, 0.0, 0.0, 0.0, 0.0, 0.0, 0.0, 0.0, 0.0], "tonal.chords_histogram": [28.15534019470215, 34.95145797729492, 7.7669901847839355, 0.0, 1.618122935295105, 9.06148910522461, 0.9708737730979919, 0.0, 0.0, 0.0, 0.0, 0.0, 7.443365573883057, 0.0, 0.0, 0.0, 0.0, 0.0, 0.0, 0.0, 0.0, 0.0, 7.119740962982178, 2.912621259689331], "tonal.thpcp": [1.0, 0.519393265247345, 0.062309376895427704, 0.05171408876776695, 0.07429905980825424, 0.1843666136264801, 0.3659519553184509, 0.2843545973300934, 0.15228131413459778, 0.1887887567281723, 0.1903868317604065, 0.3748196065425873, 0.45220279693603516, 0.24625293910503387, 0.39675742387771606, 0.4678783416748047, 0.1650150716304779, 0.05682819336652756, 0.06367270648479462, 0.04578319564461708, 0.08328929543495178, 0.12863503396511078, 0.08419572561979294, 0.03747417777776718, 0.028877018019557, 0.03563696891069412, 0.13729430735111237, 0.3384155333042145, 0.33734825253486633, 0.1404767632484436, 0.044196996837854385, 0.031828299164772034, 0.1055862233042717, 0.2007628083229065, 0.1796395629644394, 0.5898943543434143], "lowlevel.gfcc.cov": [[4356.78076171875, -843.6942138671875, -412.8292541503906, 289.6228332519531, -182.779541015625, 11.179457664489746, -208.10850524902344, 300.7608337402344, -138.54608154296875, 100.03031921386719, -97.78229522705078, 50.442466735839844, -121.42493438720703], [-843.6942138671875, 1150.4027099609375, -3.922485828399658, -201.06982421875, 301.4837646484375, -92.72183227539062, 230.94964599609375, -109.01970672607422, 195.72412109375, -157.69752502441406, 191.3820343017578, -140.17349243164062, 126.67266082763672], [-412.8292541503906, -3.922485828399658, 659.9571533203125, 106.25330352783203, -60.1157112121582, 115.0403060913086, 80.11529541015625, -161.71707153320312, -43.93655776977539, 82.39618682861328, -35.713748931884766, 46.575538635253906, -11.320502281188965], [289.6228332519531, -201.06982421875, 106.25330352783203, 284.6847839355469, -17.19474220275879, -11.963488578796387, -1.1371010541915894, 24.773487091064453, 10.009269714355469, 24.235336303710938, -22.86760711669922, 8.40109920501709, -9.025060653686523], [-182.779541015625, 301.4837646484375, -60.1157112121582, -17.19474220275879, 282.0870666503906, -16.36576271057129, 79.97985076904297, 59.174171447753906, 98.23536682128906, -67.73420715332031, 61.122901916503906, -41.93236541748047, 31.161701202392578], [11.179457664489746, -92.72183227539062, 115.0403060913086, -11.963488578796387, -16.36576271057129, 178.34927368164062, 82.14232635498047, -24.399747848510742, -27.883012771606445, 43.15730285644531, -5.277132987976074, 9.08806037902832, -16.07955551147461], [-208.10850524902344, 230.94964599609375, 80.11529541015625, -1.1371010541915894, 79.97985076904297, 82.14232635498047, 197.10104370117188, -15.731407165527344, 42.6498908996582, -28.615612030029297, 37.88508605957031, -36.69322967529297, 4.4043779373168945], [300.7608337402344, -109.01970672607422, -161.71707153320312, 24.773487091064453, 59.174171447753906, -24.399747848510742, -15.731407165527344, 160.46006774902344, 37.3492546081543, -25.1534481048584, 5.4755635261535645, -12.576751708984375, -25.538249969482422], [-138.54608154296875, 195.72412109375, -43.93655776977539, 10.009269714355469, 98.23536682128906, -27.883012771606445, 42.6498908996582, 37.3492546081543, 125.27910614013672, -14.85212516784668, 32.0899543762207, -45.60306930541992, 26.916215896606445], [100.03031921386719, -157.69752502441406, 82.39618682861328, 24.235336303710938, -67.73420715332031, 43.15730285644531, -28.615612030029297, -25.1534481048584, -14.85212516784668, 126.67689514160156, -5.412609100341797, 28.163034439086914, -25.759044647216797], [-97.78229522705078, 191.3820343017578, -35.713748931884766, -22.86760711669922, 61.122901916503906, -5.277132987976074, 37.88508605957031, 5.4755635261535645, 32.0899543762207, -5.412609100341797, 131.3401641845703, 1.3502157926559448, 34.669708251953125], [50.442466735839844, -140.17349243164062, 46.575538635253906, 8.40109920501709, -41.93236541748047, 9.08806037902832, -36.69322967529297, -12.576751708984375, -45.60306930541992, 28.163034439086914, 1.3502157926559448, 92.32430267333984, 17.603763580322266], [-121.42493438720703, 126.67266082763672, -11.320502281188965, -9.025060653686523, 31.161701202392578, -16.07955551147461, 4.4043779373168945, -25.538249969482422, 26.916215896606445, -25.759044647216797, 34.669708251953125, 17.603763580322266, 88.83335876464844]], "lowlevel.gfcc.icov": [[0.0003812045615632087, -0.0005860754754394293, 0.00034603429958224297, -0.0007640191470272839, 0.0002945487212855369, -0.0006456919363699853, 0.0005462869885377586, -0.0011293842690065503, 0.0009314526105299592, -0.0005940484115853906, 0.0005359351052902639, -0.00033858208917081356, 0.00015474046813324094], [-0.0005860754754394293, 0.01067072432488203, -0.0021350844763219357, 0.006947193760424852, -0.003913177642971277, 0.008676834404468536, -0.007922438904643059, 0.009838714264333248, -0.007182106375694275, 0.005008193198591471, -0.008327672258019447, 0.008373660035431385, -0.004199720919132233], [0.00034603429958224297, -0.0021350844763219357, 0.0034881094470620155, -0.0028635282069444656, 0.00043710353202186525, -0.0027844207361340523, 0.000851108692586422, 0.000791482045315206, 0.0012299604713916779, -0.0017199483700096607, 0.0023412068840116262, -0.0033077499829232693, 0.00206947885453701], [-0.0007640191470272839, 0.006947193760424852, -0.0028635282069444656, 0.009291838854551315, -0.0021815926302224398, 0.007083347532898188, -0.005855031311511993, 0.004822748247534037, -0.005298527888953686, 0.002624320797622204, -0.004793839063495398, 0.00552686071023345, -0.0035053538158535957], [0.0002945487212855369, -0.003913177642971277, 0.00043710353202186525, -0.0021815926302224398, 0.007796304300427437, -0.0033140904270112514, 0.0018520457670092583, -0.005444894079118967, -0.0008109217742457986, 0.0005804289830848575, 0.001512161805294454, -0.0031033146660774946, 0.0012636478058993816], [-0.0006456919363699853, 0.008676834404468536, -0.0027844207361340523, 0.007083347532898188, -0.0033140904270112514, 0.017498616129159927, -0.012300687842071056, 0.006160459481179714, -0.0018881111172959208, -0.0006502796895802021, -0.005394202657043934, 0.007334984373301268, -0.00514451926574111], [0.0005462869885377586, -0.007922438904643059, 0.000851108692586422, -0.005855031311511993, 0.0018520457670092583, -0.012300687842071056, 0.016502970829606056, -0.00554407574236393, 0.0018945300253108144, 0.0006069789524190128, 0.0034471831750124693, -0.004708413500338793, 0.005458794068545103], [-0.0011293842690065503, 0.009838714264333248, 0.000791482045315206, 0.004822748247534037, -0.005444894079118967, 0.006160459481179714, -0.00554407574236393, 0.022772226482629776, -0.01244830060750246, 0.00812798272818327, -0.008290030993521214, 0.0033494774252176285, 0.00356447696685791], [0.0009314526105299592, -0.007182106375694275, 0.0012299604713916779, -0.005298527888953686, -0.0008109217742457986, -0.0018881111172959208, 0.0018945300253108144, -0.01244830060750246, 0.02409668080508709, -0.010151820257306099, 0.006053697317838669, 0.003352789208292961, -0.005868901964277029], [-0.0005940484115853906, 0.005008193198591471, -0.0017199483700096607, 0.002624320797622204, 0.0005804289830848575, -0.0006502796895802021, 0.0006069789524190128, 0.00812798272818327, -0.010151820257306099, 0.017217395827174187, -0.006660869345068932, -0.0008739684708416462, 0.00492051662877202], [0.0005359351052902639, -0.008327672258019447, 0.0023412068840116262, -0.004793839063495398, 0.001512161805294454, -0.005394202657043934, 0.0034471831750124693, -0.008290030993521214, 0.006053697317838669, -0.006660869345068932, 0.016840646043419838, -0.007347055710852146, -0.000524520524777472], [-0.00033858208917081356, 0.008373660035431385, -0.0033077499829232693, 0.00552686071023345, -0.0031033146660774946, 0.007334984373301268, -0.004708413500338793, 0.0033494774252176285, 0.003352789208292961, -0.0008739684708416462, -0.007347055710852146, 0.02569485642015934, -0.012144410982728004], [0.00015474046813324094, -0.004199720919132233, 0.00206947885453701, -0.0035053538158535957, 0.0012636478058993816, -0.00514451926574111, 0.005458794068545103, 0.00356447696685791, -0.005868901964277029, 0.00492051662877202, -0.000524520524777472, -0.012144410982728004, 0.022560762241482735]], "lowlevel.mfcc.cov": [[4490.72705078125, -1042.3048095703125, -347.9346008300781, 103.92668151855469, 27.42470932006836, -258.2879943847656, -34.25611114501953, 26.507061004638672, -61.19389724731445, 121.14973449707031, 45.18014144897461, -118.46306610107422, -63.32658386230469], [-1042.3048095703125, 1233.43896484375, -151.23699951171875, -51.550079345703125, 62.53428649902344, 48.011600494384766, 64.28102111816406, 77.8052978515625, 1.0053839683532715, 53.55458068847656, 13.443699836730957, 16.69257926940918, 29.947458267211914], [-347.9346008300781, -151.23699951171875, 626.2852783203125, 50.39154815673828, -120.22047424316406, 221.46939086914062, 36.86513900756836, -106.5299301147461, 21.28062629699707, -108.5173110961914, -12.318403244018555, 77.00223541259766, 1.8987234830856323], [103.92668151855469, -51.550079345703125, 50.39154815673828, 251.549560546875, 56.869895935058594, -9.815901756286621, -24.470014572143555, 28.46490478515625, 32.938507080078125, 2.027930974960327, -5.563990592956543, 25.906646728515625, 45.7512321472168], [27.42470932006836, 62.53428649902344, -120.22047424316406, 56.869895935058594, 178.29576110839844, -61.31005859375, -8.503987312316895, 52.63594436645508, 8.850027084350586, 45.003746032714844, -5.672567844390869, -4.203246116638184, 30.833438873291016], [-258.2879943847656, 48.011600494384766, 221.46939086914062, -9.815901756286621, -61.31005859375, 228.91297912597656, 68.22976684570312, -42.656341552734375, 43.237979888916016, -30.09840202331543, 12.016036033630371, 49.65259552001953, -10.698023796081543], [-34.25611114501953, 64.28102111816406, 36.86513900756836, -24.470014572143555, -8.503987312316895, 68.22976684570312, 131.59056091308594, 50.356536865234375, -1.9578514099121094, 7.166258335113525, 37.32328414916992, 14.853412628173828, -10.900153160095215], [26.507061004638672, 77.8052978515625, -106.5299301147461, 28.46490478515625, 52.63594436645508, -42.656341552734375, 50.356536865234375, 143.41709899902344, 29.453062057495117, 35.63774490356445, 9.755186080932617, -8.056694984436035, 7.528275966644287], [-61.19389724731445, 1.0053839683532715, 21.28062629699707, 32.938507080078125, 8.850027084350586, 43.237979888916016, -1.9578514099121094, 29.453062057495117, 104.29598999023438, 22.0616397857666, -8.543636322021484, 15.707686424255371, 3.715686798095703], [121.14973449707031, 53.55458068847656, -108.5173110961914, 2.027930974960327, 45.003746032714844, -30.09840202331543, 7.166258335113525, 35.63774490356445, 22.0616397857666, 115.19954681396484, 44.577919006347656, -18.742237091064453, -9.878493309020996], [45.18014144897461, 13.443699836730957, -12.318403244018555, -5.563990592956543, -5.672567844390869, 12.016036033630371, 37.32328414916992, 9.755186080932617, -8.543636322021484, 44.577919006347656, 83.02201843261719, 17.47678565979004, -7.744565486907959], [-118.46306610107422, 16.69257926940918, 77.00223541259766, 25.906646728515625, -4.203246116638184, 49.65259552001953, 14.853412628173828, -8.056694984436035, 15.707686424255371, -18.742237091064453, 17.47678565979004, 79.76268005371094, 44.40571594238281], [-63.32658386230469, 29.947458267211914, 1.8987234830856323, 45.7512321472168, 30.833438873291016, -10.698023796081543, -10.900153160095215, 7.528275966644287, 3.715686798095703, -9.878493309020996, -7.744565486907959, 44.40571594238281, 92.5402603149414]], "lowlevel.mfcc.icov": [[0.00033481657737866044, 0.0003068813239224255, 0.0002094546362059191, -0.0002248509699711576, 0.0001304878096561879, 0.00012635615712497383, -0.0002678952587302774, 0.00010508924606256187, 0.00019183600670658052, -0.00037505425279960036, 8.93039905349724e-05, 0.0001039359049173072, 7.756213017273694e-05], [0.0003068813239224255, 0.00123672466725111, 0.0005002511315979064, 2.5503008146188222e-05, -3.678285065689124e-05, -0.0006449858192354441, -0.00024829478934407234, -0.0004227168101351708, 0.0006864307797513902, -0.0007997055072337389, 0.0004728623025584966, -0.00017268962983507663, -0.0002607473579701036], [0.0002094546362059191, 0.0005002511315979064, 0.003530543064698577, -0.0011975533561781049, 0.0009557355660945177, -0.0022399944718927145, -0.0007011652342043817, 0.0013148505240678787, 0.00019995127513539046, 0.0011819640640169382, 0.0004936865298077464, -0.0012491203378885984, 0.00049297307850793], [-0.0002248509699711576, 2.5503008146188222e-05, -0.0011975533561781049, 0.005557392258197069, -0.0017295085126534104, 1.6336844055331312e-05, 0.0019365183543413877, -0.0017371766734868288, -0.0011265180073678493, 0.0005762783694081008, -0.0010930635035037994, 5.638525544782169e-05, -0.0019493065774440765], [0.0001304878096561879, -3.678285065689124e-05, 0.0009557355660945177, -0.0017295085126534104, 0.008535079658031464, 0.0007716616382822394, -0.0005703142378479242, -0.0011355062015354633, 0.0008699627360329032, -0.003496913705021143, 0.0028591451700776815, -0.0009904603939503431, -0.001486414112150669], [0.00012635615712497383, -0.0006449858192354441, -0.0022399944718927145, 1.6336844055331312e-05, 0.0007716616382822394, 0.011802569963037968, -0.00677168695256114, 0.0050209336914122105, -0.00551227480173111, 0.00011245307541685179, 0.0007646534941159189, -0.003288579871878028, 0.0021096686832606792], [-0.0002678952587302774, -0.00024829478934407234, -0.0007011652342043817, 0.0019365183543413877, -0.0005703142378479242, -0.00677168695256114, 0.016849912703037262, -0.009318871423602104, 0.004360855557024479, 0.0014249981613829732, -0.005650907289236784, 0.0002510033082216978, 0.00048768328269943595], [0.00010508924606256187, -0.0004227168101351708, 0.0013148505240678787, -0.0017371766734868288, -0.0011355062015354633, 0.0050209336914122105, -0.009318871423602104, 0.01494022086262703, -0.0060613020323216915, -2.2916268790140748e-05, 0.0009038472780957818, 0.0008011337486095726, -0.0003815573581960052], [0.00019183600670658052, 0.0006864307797513902, 0.00019995127513539046, -0.0011265180073678493, 0.0008699627360329032, -0.00551227480173111, 0.004360855557024479, -0.0060613020323216915, 0.01648148149251938, -0.0064410739578306675, 0.005672729108482599, -0.004707233048975468, 0.0019258094253018498], [-0.00037505425279960036, -0.0007997055072337389, 0.0011819640640169382, 0.0005762783694081008, -0.003496913705021143, 0.00011245307541685179, 0.0014249981613829732, -2.2916268790140748e-05, -0.0064410739578306675, 0.019086821004748344, -0.012807668186724186, 0.006902836728841066, -0.0010472681606188416], [8.93039905349724e-05, 0.0004728623025584966, 0.0004936865298077464, -0.0010930635035037994, 0.0028591451700776815, 0.0007646534941159189, -0.005650907289236784, 0.0009038472780957818, 0.005672729108482599, -0.012807668186724186, 0.024776220321655273, -0.011520377360284328, 0.0048415884375572205], [0.0001039359049173072, -0.00017268962983507663, -0.0012491203378885984, 5.638525544782169e-05, -0.0009904603939503431, -0.003288579871878028, 0.0002510033082216978, 0.0008011337486095726, -0.004707233048975468, 0.006902836728841066, -0.011520377360284328, 0.02867855876684189, -0.013760752975940704], [7.756213017273694e-05, -0.0002607473579701036, 0.00049297307850793, -0.0019493065774440765, -0.001486414112150669, 0.0021096686832606792, 0.00048768328269943595, -0.0003815573581960052, 0.0019258094253018498, -0.0010472681606188416, 0.0048415884375572205, -0.013760752975940704, 0.019544005393981934]], "metadata.audio_properties.analysis.downmix": "mix", "metadata.audio_properties.codec": "mp3", "metadata.audio_properties.md5_encoded": "ea7a4c3e2ac818acf1189c50a9c220b4", "metadata.tags.file_name": "1183719213064519792.mp3", "metadata.version.essentia": "2.1-beta6-dev", "metadata.version.essentia_git_sha": "v2.1_beta5-1110-g77a6a954", "metadata.version.extractor": "music 2.0", "tonal.chords_key": "B", "tonal.chords_scale": "minor", "tonal.key_edma.key": "G", "tonal.key_edma.scale": "major", "tonal.key_krumhansl.key": "G", "tonal.key_krumhansl.scale": "major", "tonal.key_temperley.key": "G", "tonal.key_temperley.scale": "major", "metadata.tags.encoding": ["Lavf58.45.100"]}, "essentia_models": [{"model_name": "genre_dortmund", "activations": {"alternative": "0.14497155", "blues": "0.030074375", "electronic": "0.0054202634", "folkcountry": "0.29290006", "funksoulrnb": "0.019269465", "jazz": "0.20804246", "pop": "0.04602675", "raphiphop": "0.00072394044", "rock": "0.015787048"}}, {"model_name": "genre_rosamerica", "activations": {"classic": "0.034362886", "dance": "0.009007081", "hip hop": "0.06669819", "jazz": "0.37127241", "pop": "0.43071437", "rhythm and blues": "0.014890134", "rock": "0.09278192", "speech": "0.062989414"}}, {"model_name": "genre_tzanetakis", "activations": {"blues": "0.5972002", "classic": "0.00047281315", "country": "0.23237805", "disco": "0.0011561584", "hip hop": "0.006933234", "jazz": "0.1859442", "metal": "8.451218e-05", "pop": "0.0023146064", "reggae": "0.029597225", "rock": "0.23715946"}}, {"model_na