{"song_id": "1183708701446643733", "download": "https://cdn.discordapp.com/attachments/1128313332273782784/1183708701446643733/chirp.mp4?ex=658951a2&amp", "lyrics": "[verse]\nIn Mother Russia, a YouTube Poop dance\nWhere gopniks gather, it's their wild chance\nMemes and glitches, oh, it's quite absurd\nRussian YouTube Poop, that's what we've heard\n\n[chorus]\nOh, it's crazy, that Russian YouTube Poop\nSpins you 'round in a crazy loop\nFrom Cheburashka to Putin's might\nRussian YouTube Poop is outta sight", "style": ["rock"], "essentia_features": {"lowlevel.average_loudness": 0.9123989939689636, "lowlevel.barkbands_crest.mean": 14.2181978225708, "lowlevel.barkbands_crest.stdev": 4.878297328948975, "lowlevel.barkbands_flatness_db.mean": 0.15391045808792114, "lowlevel.barkbands_flatness_db.stdev": 0.05162471532821655, "lowlevel.barkbands_kurtosis.mean": 8.106468200683594, "lowlevel.barkbands_kurtosis.stdev": 14.951560020446777, "lowlevel.barkbands_skewness.mean": 2.1269965171813965, "lowlevel.barkbands_skewness.stdev": 1.8614528179168701, "lowlevel.barkbands_spread.mean": 25.13467788696289, "lowlevel.barkbands_spread.stdev": 17.059486389160156, "lowlevel.dissonance.mean": 0.4705328941345215, "lowlevel.dissonance.stdev": 0.02677316963672638, "lowlevel.dynamic_complexity": 2.7250750064849854, "lowlevel.erbbands_crest.mean": 8.840046882629395, "lowlevel.erbbands_crest.stdev": 4.327383995056152, "lowlevel.erbbands_flatness_db.mean": 0.14448629319667816, "lowlevel.erbbands_flatness_db.stdev": 0.03810204938054085, "lowlevel.erbbands_kurtosis.mean": 0.16956418752670288, "lowlevel.erbbands_kurtosis.stdev": 2.122737169265747, "lowlevel.erbbands_skewness.mean": -0.023302752524614334, "lowlevel.erbbands_skewness.stdev": 0.7593019008636475, "lowlevel.erbbands_spread.mean": 53.440311431884766, "lowlevel.erbbands_spread.stdev": 25.255022048950195, "lowlevel.hfc.mean": 25.44913673400879, "lowlevel.hfc.stdev": 19.574838638305664, "lowlevel.loudness_ebu128.integrated": -12.87437629699707, "lowlevel.loudness_ebu128.loudness_range": 2.4901866912841797, "lowlevel.loudness_ebu128.momentary.mean": -13.291350364685059, "lowlevel.loudness_ebu128.momentary.stdev": 2.132063865661621, "lowlevel.loudness_ebu128.short_term.mean": -12.995473861694336, "lowlevel.loudness_ebu128.short_term.stdev": 0.8518279194831848, "lowlevel.melbands_crest.mean": 19.806299209594727, "lowlevel.melbands_crest.stdev": 6.309711933135986, "lowlevel.melbands_flatness_db.mean": 0.2060069590806961, "lowlevel.melbands_flatness_db.stdev": 0.07371770590543747, "lowlevel.melbands_kurtosis.mean": 32.351295471191406, "lowlevel.melbands_kurtosis.stdev": 50.799007415771484, "lowlevel.melbands_skewness.mean": 4.060908317565918, "lowlevel.melbands_skewness.stdev": 3.0076375007629395, "lowlevel.melbands_spread.mean": 24.899019241333008, "lowlevel.melbands_spread.stdev": 24.701904296875, "lowlevel.pitch_salience.mean": 0.4520800709724426, "lowlevel.pitch_salience.stdev": 0.14031465351581573, "lowlevel.silence_rate_20dB.mean": 1.0, "lowlevel.silence_rate_20dB.stdev": 0.0, "lowlevel.silence_rate_30dB.mean": 0.8844550251960754, "lowlevel.silence_rate_30dB.stdev": 0.3196789622306824, "lowlevel.silence_rate_60dB.mean": 0.01667659357190132, "lowlevel.silence_rate_60dB.stdev": 0.12805795669555664, "lowlevel.spectral_centroid.mean": 1570.8670654296875, "lowlevel.spectral_centroid.stdev": 727.2020874023438, "lowlevel.spectral_complexity.mean": 17.681358337402344, "lowlevel.spectral_complexity.stdev": 10.417389869689941, "lowlevel.spectral_decrease.mean": -1.2250732872587378e-08, "lowlevel.spectral_decrease.stdev": 1.1869516036711047e-08, "lowlevel.spectral_energy.mean": 0.04854540526866913, "lowlevel.spectral_energy.stdev": 0.04535771161317825, "lowlevel.spectral_energyband_high.mean": 0.0014619637513533235, "lowlevel.spectral_energyband_high.stdev": 0.001882756594568491, "lowlevel.spectral_energyband_low.mean": 0.029826967045664787, "lowlevel.spectral_energyband_low.stdev": 0.04471728578209877, "lowlevel.spectral_energyband_middle_high.mean": 0.006793123669922352, "lowlevel.spectral_energyband_middle_high.stdev": 0.00943052303045988, "lowlevel.spectral_energyband_middle_low.mean": 0.011099637486040592, "lowlevel.spectral_energyband_middle_low.stdev": 0.010682140477001667, "lowlevel.spectral_entropy.mean": 7.8008928298950195, "lowlevel.spectral_entropy.stdev": 0.3254072368144989, "lowlevel.spectral_flux.mean": 0.09837716072797775, "lowlevel.spectral_flux.stdev": 0.06699567288160324, "lowlevel.spectral_kurtosis.mean": 2.3742423057556152, "lowlevel.spectral_kurtosis.stdev": 1.4036028385162354, "lowlevel.spectral_rms.mean": 0.006189682986587286, "lowlevel.spectral_rms.stdev": 0.0030081963632255793, "lowlevel.spectral_rolloff.mean": 1617.1729736328125, "lowlevel.spectral_rolloff.stdev": 1798.388671875, "lowlevel.spectral_skewness.mean": 1.0790565013885498, "lowlevel.spectral_skewness.stdev": 0.33297163248062134, "lowlevel.spectral_spread.mean": 4893927.0, "lowlevel.spectral_spread.stdev": 966777.875, "lowlevel.spectral_strongpeak.mean": 1.0160516500473022, "lowlevel.spectral_strongpeak.stdev": 1.2961666584014893, "lowlevel.zerocrossingrate.mean": 0.06335383653640747, "lowlevel.zerocrossingrate.stdev": 0.04275456443428993, "metadata.audio_properties.analysis.equal_loudness": 0.0, "metadata.audio_properties.analysis.length": 38.954647064208984, "metadata.audio_properties.analysis.sample_rate": 44100.0, "metadata.audio_properties.analysis.start_time": 0.0, "metadata.audio_properties.bit_rate": 120635.0, "metadata.audio_properties.length": 38.95466613769531, "metadata.audio_properties.lossless": 0.0, "metadata.audio_properties.number_channels": 1.0, "metadata.audio_properties.replay_gain": -12.89784049987793, "metadata.audio_properties.sample_rate": 48000.0, "rhythm.beats_count": 83.0, "rhythm.beats_loudness.mean": 0.08988476544618607, "rhythm.beats_loudness.stdev": 0.060807593166828156, "rhythm.bpm": 129.29739379882812, "rhythm.bpm_histogram_first_peak_bpm": 129.0, "rhythm.bpm_histogram_first_peak_weight": 0.202531635761261, "rhythm.bpm_histogram_second_peak_bpm": 136.0, "rhythm.bpm_histogram_second_peak_spread": 0.3333333134651184, "rhythm.bpm_histogram_second_peak_weight": 0.024390242993831635, "rhythm.danceability": 1.3702478408813477, "rhythm.onset_rate": 3.6690473556518555, "tonal.chords_changes_rate": 0.04880952462553978, "tonal.chords_number_rate": 0.008333333767950535, "tonal.chords_strength.mean": 0.559808075428009, "tonal.chords_strength.stdev": 0.09309647977352142, "tonal.hpcp_crest.mean": 13.543371200561523, "tonal.hpcp_crest.stdev": 5.942558765411377, "tonal.hpcp_entropy.mean": 2.038179636001587, "tonal.hpcp_entropy.stdev": 0.7853795289993286, "tonal.key_edma.strength": 0.5566674470901489, "tonal.key_krumhansl.strength": 0.5413968563079834, "tonal.key_temperley.strength": 0.5259819626808167, "tonal.tuning_diatonic_strength": 0.6006296277046204, "tonal.tuning_equal_tempered_deviation": 0.1878320425748825, "tonal.tuning_frequency": 434.193115234375, "tonal.tuning_nontempered_energy_ratio": 0.9446372389793396, "lowlevel.barkbands.mean": [0.0014662471367046237, 0.022316332906484604, 0.005804664455354214, 0.000530906196217984, 0.006245938595384359, 0.0008351668366231024, 0.0005403999821282923, 0.0009387185564264655, 0.001377267180941999, 0.0014842274831607938, 0.0010269309859722853, 0.001116316532716155, 0.000948720786254853, 0.0007212435593828559, 0.00034664775012061, 0.0003673525061458349, 0.0002583980967756361, 0.00032205646857619286, 0.0002844231785275042, 0.00031343725277110934, 0.00036994097172282636, 0.0003537228622008115, 0.00024293964088428766, 0.00022054849250707775, 8.585403702454641e-05, 2.6296507712686434e-05, 7.810991746737272e-07], "lowlevel.barkbands.stdev": [0.0029931673780083656, 0.039820149540901184, 0.01217692345380783, 0.0013440132606774569, 0.007522029336541891, 0.0027891267091035843, 0.0017373169539496303, 0.003006111830472946, 0.0038442385848611593, 0.004966531880199909, 0.0033227414824068546, 0.0028948760591447353, 0.001990011427551508, 0.001867421786300838, 0.0007947910926304758, 0.0009719992522150278, 0.00038135540671646595, 0.00044401345076039433, 0.0003448890638537705, 0.000338555226335302, 0.00038189583574421704, 0.000546898867469281, 0.00043972799903713167, 0.0005414759507402778, 0.00015165981312748045, 4.164706479059532e-05, 1.5263073009919026e-06], "lowlevel.erbbands.mean": [0.8906703591346741, 4.027435302734375, 6.765480041503906, 4.241617679595947, 5.635385990142822, 33.160850524902344, 14.45242691040039, 5.3788275718688965, 5.170643329620361, 14.26026725769043, 21.797279357910156, 34.88993453979492, 48.268272399902344, 43.67064666748047, 37.140811920166016, 40.099151611328125, 47.438812255859375, 39.29156494140625, 22.287382125854492, 18.39504051208496, 20.99957275390625, 15.644944190979004, 16.18572998046875, 16.707759857177734, 14.422569274902344, 14.690698623657227, 14.988349914550781, 14.005575180053711, 13.58790111541748, 9.558692932128906, 6.3636884689331055, 4.998460292816162, 3.3523221015930176, 1.3490597009658813, 0.4027870297431946, 0.14528706669807434, 0.041068851947784424, 0.006222484167665243, 0.00015973819245118648, 6.254582694964483e-05], "lowlevel.erbbands.stdev": [1.6143686771392822, 7.831162929534912, 13.053828239440918, 8.018145561218262, 7.513786792755127, 38.622562408447266, 30.79181480407715, 18.855663299560547, 15.098361015319824, 39.56652069091797, 55.03998565673828, 105.22770690917969, 163.80335998535156, 134.5394287109375, 115.10842895507812, 98.8877182006836, 95.98310852050781, 99.03678894042969, 39.7056999206543, 39.371212005615234, 53.40524673461914, 23.981691360473633, 23.810251235961914, 20.033416748046875, 17.342695236206055, 15.442960739135742, 14.821331024169922, 16.548349380493164, 21.71123504638672, 15.455278396606445, 12.122751235961914, 11.858575820922852, 8.364912033081055, 2.6205554008483887, 0.6776398420333862, 0.2577950954437256, 0.06249174848198891, 0.009442135691642761, 0.000198849244043231, 5.164954927749932e-05], "lowlevel.gfcc.mean": [17.02719497680664, 67.18736267089844, -117.77544403076172, 51.81041717529297, -54.52280044555664, 27.78084373474121, -31.981504440307617, -0.07975836098194122, -33.273590087890625, -1.1161030530929565, -17.25123405456543, 0.7275176644325256, -7.086466312408447], "lowlevel.melbands.mean": [0.006930885370820761, 0.003913669381290674, 0.0007206606096588075, 0.0014276696601882577, 0.0007215532241389155, 0.00012205936945974827, 9.119905735133216e-05, 0.0001792540861060843, 0.00017998219118453562, 0.0002199195878347382, 0.0002377195341978222, 0.0001743742759572342, 0.00011932669440284371, 0.00011551102215889841, 0.00010801677126437426, 9.922812751028687e-05, 7.292844384210184e-05, 3.798654506681487e-05, 2.851007775461767e-05, 2.5098377591348253e-05, 2.253009006381035e-05, 1.6152640455402434e-05, 1.459137820347678e-05, 1.4157279110804666e-05, 1.3574817785411142e-05, 1.0470019333297387e-05, 1.0485111488378607e-05, 9.451077858102508e-06, 9.366925041831564e-06, 8.937337952374946e-06, 7.813827323843725e-06, 8.105235792754684e-06, 6.212715106812539e-06, 5.049552328273421e-06, 3.766752115552663e-06, 3.0444166441156995e-06, 3.0738785881112562e-06, 2.6140078261960298e-06, 1.6139271110660047e-06, 9.588436569174519e-07], "lowlevel.melbands.stdev": [0.012274783104658127, 0.00672735832631588, 0.0012555703287944198, 0.0017182247247546911, 0.0011041118996217847, 0.00042344603571109474, 0.0002794619940686971, 0.0005285260267555714, 0.00046522950287908316, 0.0006636708858422935, 0.0008403814863413572, 0.0005358127527870238, 0.00034916726872324944, 0.0002974652452394366, 0.0003543161728885025, 0.0002163989847758785, 0.0002143939200323075, 7.664420263608918e-05, 7.126625132514164e-05, 6.25277534709312e-05, 5.5116237490437925e-05, 2.653001320140902e-05, 2.14376523217652e-05, 2.0420697182998993e-05, 1.7019168808474205e-05, 1.3670047337654978e-05, 1.2549784514703788e-05, 1.0355833182984497e-05, 9.856108590611257e-06, 9.937751201505307e-06, 1.0066726645163726e-05, 1.2966635040356778e-05, 1.0595686944725458e-05, 8.390160473936703e-06, 7.244027528940933e-06, 6.5990807343041524e-06, 7.80254413257353e-06, 6.797164132876787e-06, 3.6282831388234627e-06, 1.7554983742229524e-06], "lowlevel.melbands128.mean": [0.001332027604803443, 0.007721345871686935, 0.009246463887393475, 0.005650690291076899, 0.0037966975942254066, 0.00260522891767323, 0.0008497699163854122, 0.00020271068206056952, 0.00022400049783755094, 0.0016468953108415008, 0.002403164515271783, 0.0008435307536274195, 0.0004422894271556288, 0.00024524860782548785, 0.00011877735960297287, 5.445567148854025e-05, 4.1376202716492116e-05, 8.90857627382502e-05, 0.0001777540019247681, 0.00011395334149710834, 0.00024396376102231443, 0.00020857957133557647, 0.00014925979485269636, 0.0001769426162354648, 0.0002377118798904121, 0.0002555027022026479, 0.00012133648851886392, 0.0003217492485418916, 0.0002617306017782539, 9.007765038404614e-05, 0.00023504810815211385, 0.0001527686108602211, 5.3784890042152256e-05, 0.00014825770631432533, 0.00014406564878299832, 9.087738726520911e-05, 8.297229942400008e-05, 0.00015581196930725127, 6.51308728265576e-05, 0.0001216540185851045, 0.00012473748938646168, 3.350142651470378e-05, 7.732488302281126e-05, 9.221854998031631e-05, 5.925746154389344e-05, 2.029775350820273e-05, 2.2549946152139455e-05, 3.728805677383207e-05, 2.761570613074582e-05, 1.583766243129503e-05, 2.208288606198039e-05, 3.950258906115778e-05, 2.5369074137415737e-05, 1.5745772543596104e-05, 1.474352120567346e-05, 1.8240809367853217e-05, 1.560154851176776e-05, 1.1362964869476855e-05, 1.6788486391305923e-05, 1.5960686141625047e-05, 1.074270585377235e-05, 1.5783462004037574e-05, 1.6958862033789046e-05, 1.1588301276788116e-05, 1.076525677490281e-05, 1.0784929145302158e-05, 9.85461247182684e-06, 1.0133393516298383e-05, 1.1029537745343987e-05, 1.0801275493577123e-05, 8.906072253012098e-06, 9.061267519427929e-06, 9.287887223763391e-06, 1.0025419214798603e-05, 8.36531489767367e-06, 9.442494047107175e-06, 9.478514584770892e-06, 7.082343927322654e-06, 8.10928122518817e-06, 7.441045909217792e-06, 8.721756785234902e-06, 8.30912722449284e-06, 6.8280564846645575e-06, 6.391091574187158e-06, 5.254479674476897e-06, 5.097312623547623e-06, 5.140364010003395e-06, 4.483829343371326e-06, 3.667139708340983e-06, 3.346485073052463e-06, 3.0507681003655307e-06, 2.8922981982759666e-06, 3.0993435302661965e-06, 3.14800240630575e-06, 2.991078872582875e-06, 3.020860958713456e-06, 2.617422978801187e-06, 1.948646286109579e-06, 1.6242245237663155e-06, 1.467046104153269e-06, 1.20416484605812e-06, 8.772521482569573e-07, 6.609087677134085e-07, 4.964576874044724e-07, 3.747307744106365e-07, 3.600152069793694e-07, 3.8261410395534767e-07, 3.314802086151758e-07, 2.1378623671353125e-07, 1.9346954616139556e-07, 1.5870841707510408e-07, 1.3018646427553904e-07, 1.3034316737048357e-07, 1.1641658659300447e-07, 9.164655523363763e-08, 7.750933406214244e-08, 3.2119885418069316e-08, 3.280479887735055e-09, 1.5222434424089215e-11, 7.872738051750705e-12, 6.708159201729291e-12, 5.793400481568511e-12, 5.550739121812365e-12, 5.449079989311434e-12, 5.334469845019729e-12, 5.201671992444146e-12, 5.12166437732775e-12, 5.088159494431865e-12], "lowlevel.melbands128.stdev": [0.0028198175132274628, 0.014636337757110596, 0.01755819283425808, 0.0123726362362504, 0.00761061767116189, 0.005513334646821022, 0.0016824970953166485, 0.0005624454934149981, 0.00045647696242667735, 0.0021634220611304045, 0.0027833152562379837, 0.0016049572732299566, 0.001292856060899794, 0.0010195487411692739, 0.0005932333879172802, 0.00023300516477320343, 0.00018209304835181683, 0.0003310401807539165, 0.0006529873935505748, 0.0004097528872080147, 0.0010360127780586481, 0.000772141560446471, 0.0005588047788478434, 0.0007050010608509183, 0.0010324884206056595, 0.0008496172958984971, 0.0005928569007664919, 0.0014523407444357872, 0.0010828969534486532, 0.0004064009990543127, 0.001009313273243606, 0.0006421854486688972, 0.0002609955845400691, 0.0007423358038067818, 0.0005575188552029431, 0.0003239783109165728, 0.00031281914561986923, 0.0007174077909439802, 0.00024925905745476484, 0.00034624236286617815, 0.00032648007618263364, 9.411987412022427e-05, 0.00036781918606720865, 0.0002680633042473346, 0.00018285268743056804, 5.812023300677538e-05, 7.995848136488348e-05, 0.00011078175157308578, 0.00010304329771315679, 4.6563629439333454e-05, 7.487411494366825e-05, 0.0001432953868061304, 9.762168338056654e-05, 3.063087206101045e-05, 2.5507863028906286e-05, 4.2043484427267686e-05, 3.534200368449092e-05, 1.909870479721576e-05, 2.90627885988215e-05, 3.787628884310834e-05, 2.12538488995051e-05, 2.756747926468961e-05, 2.6924828489427455e-05, 1.9004390196641907e-05, 1.5817904568393715e-05, 1.650803278607782e-05, 1.7068534361897036e-05, 1.444647932657972e-05, 1.520941896160366e-05, 1.5013230040494818e-05, 1.133546629716875e-05, 1.2564213648147415e-05, 1.2389648873067927e-05, 1.2029333447571844e-05, 1.0032462341769133e-05, 1.1676349458866753e-05, 1.3213192687544506e-05, 9.7061838459922e-06, 1.214339499711059e-05, 1.1137252840853762e-05, 1.3498931366484612e-05, 1.7293501514359377e-05, 1.3460010450216942e-05, 1.1546635505510494e-05, 8.863547009241302e-06, 9.63748425419908e-06, 8.715672265680041e-06, 8.847106983012054e-06, 7.853504030208569e-06, 7.348900908255018e-06, 6.951562681933865e-06, 6.820440830779262e-06, 7.771875061735045e-06, 8.775064998189919e-06, 8.446362699032761e-06, 8.040329703362659e-06, 7.3824885475914925e-06, 5.2656896514235996e-06, 3.774721562876948e-06, 3.2905236366786994e-06, 2.518274186513736e-06, 1.5733949112473056e-06, 1.2297028888497152e-06, 1.0858437917704578e-06, 7.259099561451876e-07, 6.506440968223615e-07, 7.561719712612103e-07, 6.355344339681324e-07, 4.6800744257780025e-07, 3.736051894520642e-07, 3.4498307854846644e-07, 2.1949516337826935e-07, 2.1520790483009478e-07, 2.1060745325485186e-07, 1.7306180666309956e-07, 1.3653612995767617e-07, 6.065590696380241e-08, 9.31724120079025e-09, 2.564272683081015e-10, 6.777689520731656e-11, 3.2935702776182296e-11, 1.060753047898988e-11, 9.767976358321384e-12, 9.5854851833721e-12, 9.365109382430958e-12, 9.15280785190875e-12, 9.036472091439318e-12, 8.983178784172097e-12], "lowlevel.mfcc.mean": [-620.8351440429688, 87.73298645019531, 2.5842487812042236, 28.676191329956055, 5.885359287261963, 23.265047073364258, 12.167996406555176, 5.869773864746094, -1.9383671283721924, -3.318934917449951, -4.345371723175049, -4.496633052825928, -9.550045013427734], "lowlevel.spectral_contrast_coeffs.mean": [-0.6225630044937134, -0.7694071531295776, -0.7613673806190491, -0.7956594824790955, -0.8087430000305176, -0.7251893877983093], "lowlevel.spectral_contrast_coeffs.stdev": [0.08856628835201263, 0.09020423889160156, 0.08779789507389069, 0.052123524248600006, 0.02739052101969719, 0.03144703805446625], "lowlevel.spectral_contrast_valleys.mean": [-7.019587516784668, -7.378932476043701, -7.420098781585693, -7.362061500549316, -7.059073448181152, -9.817476272583008], "lowlevel.spectral_contrast_valleys.stdev": [0.92011958360672, 0.7359268069267273, 0.6431707739830017, 0.5068154335021973, 0.453629732131958, 0.7212446331977844], "rhythm.beats_loudness_band_ratio.mean": [0.5512985587120056, 0.19240637123584747, 0.06674075126647949, 0.07829800993204117, 0.03852317854762077, 0.08695433288812637], "rhythm.beats_loudness_band_ratio.stdev": [0.3984144926071167, 0.21870197355747223, 0.1134132668375969, 0.12238200008869171, 0.03838752955198288, 0.1300429254770279], "tonal.hpcp.mean": [0.03825533390045166, 0.03431922197341919, 0.07484300434589386, 0.4195767045021057, 0.5578383803367615, 0.2218039631843567, 0.038876380771398544, 0.034505121409893036, 0.04893852025270462, 0.10190751403570175, 0.13261377811431885, 0.11645181477069855, 0.10621438920497894, 0.08348465710878372, 0.05029384046792984, 0.03603515028953552, 0.035872384905815125, 0.03610770031809807, 0.05726982280611992, 0.06177232787013054, 0.034163013100624084, 0.02241920493543148, 0.028800297528505325, 0.04561030864715576, 0.0868804007768631, 0.10035062581300735, 0.1086418405175209, 0.11909514665603638, 0.07397279143333435, 0.040678732097148895, 0.04734582081437111, 0.05535314232110977, 0.061968106776475906, 0.09284994751214981, 0.09973198175430298, 0.06019899249076843], "tonal.hpcp.stdev": [0.15132831037044525, 0.1328606903553009, 0.18083123862743378, 0.33703845739364624, 0.4034612774848938, 0.24781155586242676, 0.14133353531360626, 0.1324693113565445, 0.1591063141822815, 0.23114648461341858, 0.2730785012245178, 0.24343611299991608, 0.2414928376674652, 0.20922726392745972, 0.1461954563856125, 0.11387697607278824, 0.13067081570625305, 0.12532079219818115, 0.16294552385807037, 0.16637086868286133, 0.11238415539264679, 0.09307939559221268, 0.10688067227602005, 0.13380150496959686, 0.17391996085643768, 0.183676615357399, 0.23420533537864685, 0.28146398067474365, 0.19977638125419617, 0.12432894855737686, 0.13478443026542664, 0.15441779792308807, 0.17010709643363953, 0.21242393553256989, 0.2536085844039917, 0.16896125674247742], "rhythm.beats_position": [0.40634921193122864, 0.8359183669090271, 1.277097463607788, 1.729886531829834, 2.18267560005188, 2.6470746994018555, 3.111473798751831, 3.5758728981018066, 4.040272235870361, 4.504671096801758, 4.9690704345703125, 5.433469295501709, 5.8978681564331055, 6.36226749420166, 6.826666355133057, 7.291065692901611, 7.755464553833008, 8.219863891601562, 8.661043167114258, 9.125441551208496, 9.58984088897705, 10.054240226745605, 10.51863956451416, 10.983037948608398, 11.447437286376953, 11.911836624145508, 12.376235961914062, 12.8406343460083, 13.305033683776855, 13.76943302154541, 14.233832359313965, 14.698230743408203, 15.162630081176758, 15.627029418945312, 16.091428756713867, 16.56743812561035, 17.020225524902344, 17.4846248626709, 17.949024200439453, 18.413423538208008, 18.877822875976562, 19.342222213745117, 19.806621551513672, 20.271020889282227, 20.72380828857422, 21.188207626342773, 21.6409969329834, 22.105396270751953, 22.569795608520508, 23.034194946289062, 23.498594284057617, 23.962993621826172, 24.427391052246094, 24.89179039001465, 25.356189727783203, 25.820589065551758, 26.284988403320312, 26.749387741088867, 27.213787078857422, 27.678184509277344, 28.1425838470459, 28.606983184814453, 29.071382522583008, 29.535781860351562, 30.000181198120117, 30.452970504760742, 30.905759811401367, 31.37015724182129, 31.834556579589844, 32.29895782470703, 32.76335525512695, 33.23936462402344, 33.70376205444336, 34.179771423339844, 34.65578079223633, 35.13179016113281, 35.59619140625, 36.048980712890625, 36.501766204833984, 36.96616744995117, 37.430564880371094, 37.90657424926758, 38.38258361816406], "rhythm.bpm_histogram": [0.0, 0.0, 0.0, 0.0, 0.0, 0.0, 0.0, 0.0, 0.0, 0.0, 0.0, 0.0, 0.0, 0.0, 0.0, 0.0, 0.0, 0.0, 0.0, 0.0, 0.0, 0.0, 0.0, 0.0, 0.0, 0.0, 0.0, 0.0, 0.0, 0.0, 0.0, 0.0, 0.0, 0.0, 0.0, 0.0, 0.0, 0.0, 0.0, 0.0, 0.0, 0.0, 0.0, 0.0, 0.0, 0.0, 0.0, 0.0, 0.0, 0.0, 0.0, 0.0, 0.0, 0.0, 0.0, 0.0, 0.0, 0.0, 0.0, 0.0, 0.0, 0.0, 0.0, 0.0, 0.0, 0.0, 0.0, 0.0, 0.0, 0.0, 0.0, 0.0, 0.0, 0.0, 0.0, 0.0, 0.0, 0.0, 0.0, 0.0, 0.0, 0.0, 0.0, 0.0, 0.0, 0.0, 0.0, 0.0, 0.0, 0.0, 0.0, 0.0, 0.0, 0.0, 0.0, 0.0, 0.0, 0.0, 0.0, 0.0, 0.0, 0.0, 0.0, 0.0, 0.0, 0.0, 0.0, 0.0, 0.0, 0.0, 0.0, 0.0, 0.0, 0.0, 0.0, 0.0, 0.0, 0.0, 0.0, 0.0, 0.0, 0.0, 0.0, 0.0, 0.0, 0.0, 0.08536585420370102, 0.0, 0.0, 0.7682926654815674, 0.0, 0.0, 0.0, 0.10975609719753265, 0.0, 0.0, 0.024390242993831635, 0.0, 0.0, 0.0, 0.012195121496915817, 0.0, 0.0, 0.0, 0.0, 0.0, 0.0, 0.0, 0.0, 0.0, 0.0, 0.0, 0.0, 0.0, 0.0, 0.0, 0.0, 0.0, 0.0, 0.0, 0.0, 0.0, 0.0, 0.0, 0.0, 0.0, 0.0, 0.0, 0.0, 0.0, 0.0, 0.0, 0.0, 0.0, 0.0, 0.0, 0.0, 0.0, 0.0, 0.0, 0.0, 0.0, 0.0, 0.0, 0.0, 0.0, 0.0, 0.0, 0.0, 0.0, 0.0, 0.0, 0.0, 0.0, 0.0, 0.0, 0.0, 0.0, 0.0, 0.0, 0.0, 0.0, 0.0, 0.0, 0.0, 0.0, 0.0, 0.0, 0.0, 0.0, 0.0, 0.0, 0.0, 0.0, 0.0, 0.0, 0.0, 0.0, 0.0, 0.0, 0.0, 0.0, 0.0, 0.0, 0.0, 0.0, 0.0, 0.0, 0.0, 0.0, 0.0, 0.0, 0.0, 0.0, 0.0, 0.0, 0.0, 0.0, 0.0, 0.0, 0.0, 0.0, 0.0, 0.0, 0.0, 0.0, 0.0, 0.0, 0.0, 0.0], "tonal.chords_histogram": [12.023809432983398, 0.0, 9.523809432983398, 0.0, 0.1190476194024086, 0.0, 0.8333333134651184, 0.0, 0.0, 0.0, 0.0, 0.0, 0.0, 0.0, 0.0, 0.3571428656578064, 0.0, 10.952381134033203, 0.0, 51.78571319580078, 1.9047619104385376, 8.333333015441895, 4.166666507720947, 0.0], "tonal.thpcp": [1.0, 0.3976133167743683, 0.06969112157821655, 0.061855051666498184, 0.08772885054349899, 0.18268287181854248, 0.23772795498371124, 0.2087554782629013, 0.1904035210609436, 0.14965742826461792, 0.09015844762325287, 0.06459783017635345, 0.06430605053901672, 0.06472788751125336, 0.10266382992267609, 0.11073517054319382, 0.06124177575111389, 0.04018942639231682, 0.051628388464450836, 0.08176258951425552, 0.1557447463274002, 0.1798919290304184, 0.19475504755973816, 0.21349400281906128, 0.1326061338186264, 0.07292207330465317, 0.08487372100353241, 0.0992279201745987, 0.11108613014221191, 0.16644597053527832, 0.17878293991088867, 0.1079147532582283, 0.06857781112194061, 0.061521802097558975, 0.13416610658168793, 0.7521474361419678], "lowlevel.gfcc.cov": [[2289.700439453125, 142.41397094726562, -25.04065704345703, -253.45811462402344, -144.95700073242188, 138.5216522216797, 89.43968963623047, 311.8013000488281, 256.6927795410156, 106.35283660888672, 79.2849349975586, 49.1513786315918, 44.00196075439453], [142.41397094726562, 1138.8154296875, 49.79665756225586, -16.770978927612305, 332.85400390625, 87.91756439208984, 271.3267822265625, 119.87466430664062, 236.2283477783203, 19.731264114379883, 186.05313110351562, -55.813758850097656, 134.66192626953125], [-25.04065704345703, 49.79665756225586, 598.371337890625, 494.5904235839844, 344.487548828125, 184.74095153808594, 86.8138427734375, 24.704975128173828, 29.112276077270508, 43.7166748046875, 42.786041259765625, 32.33781433105469, -31.294267654418945], [-253.45811462402344, -16.770978927612305, 494.5904235839844, 747.3087768554688, 446.4245300292969, 176.0760955810547, 50.66754913330078, -32.76342010498047, 20.168190002441406, 20.993757247924805, 58.455020904541016, 24.4127140045166, -3.735504150390625], [-144.95700073242188, 332.85400390625, 344.487548828125, 446.4245300292969, 556.8236083984375, 220.2277069091797, 178.02830505371094, 30.76711654663086, 78.51065063476562, 43.280433654785156, 82.12224578857422, -4.484785556793213, 37.566429138183594], [138.5216522216797, 87.91756439208984, 184.74095153808594, 176.0760955810547, 220.2277069091797, 257.8944091796875, 152.3966064453125, 60.52899169921875, 49.596195220947266, 29.853496551513672, 50.707523345947266, 6.070235252380371, 25.395668029785156], [89.43968963623047, 271.3267822265625, 86.8138427734375, 50.66754913330078, 178.02830505371094, 152.3966064453125, 239.55130004882812, 101.3766860961914, 76.21430969238281, 19.205678939819336, 59.69664001464844, -7.119765281677246, 32.70456314086914], [311.8013000488281, 119.87466430664062, 24.704975128173828, -32.76342010498047, 30.76711654663086, 60.52899169921875, 101.3766860961914, 191.92189025878906, 142.38345336914062, 51.14759826660156, 43.86890411376953, 27.432430267333984, 49.96013641357422], [256.6927795410156, 236.2283477783203, 29.112276077270508, 20.168190002441406, 78.51065063476562, 49.596195220947266, 76.21430969238281, 142.38345336914062, 217.11691284179688, 69.24415588378906, 75.2424545288086, 9.44862174987793, 66.24512481689453], [106.35283660888672, 19.731264114379883, 43.7166748046875, 20.993757247924805, 43.280433654785156, 29.853496551513672, 19.205678939819336, 51.14759826660156, 69.24415588378906, 97.3650894165039, 48.95033264160156, 33.44492721557617, 19.711666107177734], [79.2849349975586, 186.05313110351562, 42.786041259765625, 58.455020904541016, 82.12224578857422, 50.707523345947266, 59.69664001464844, 43.86890411376953, 75.2424545288086, 48.95033264160156, 120.25773620605469, 43.09843826293945, 50.5345458984375], [49.1513786315918, -55.813758850097656, 32.33781433105469, 24.4127140045166, -4.484785556793213, 6.070235252380371, -7.119765281677246, 27.432430267333984, 9.44862174987793, 33.44492721557617, 43.09843826293945, 97.22953033447266, 44.51357650756836], [44.00196075439453, 134.66192626953125, -31.294267654418945, -3.735504150390625, 37.566429138183594, 25.395668029785156, 32.70456314086914, 49.96013641357422, 66.24512481689453, 19.711666107177734, 50.5345458984375, 44.51357650756836, 110.38550567626953]], "lowlevel.gfcc.icov": [[0.0006734940689057112, -0.00019978774071205407, -1.9721399439731613e-05, 0.0001458032347727567, 0.00037841463927179575, -0.0008220555610023439, 0.0005908474558964372, -0.0009399030823260546, -0.00027824347489513457, -7.029522384982556e-05, 1.1713417734426912e-05, -0.00033394593629054725, 0.0005941230338066816], [-0.00019978774071205407, 0.00378163019195199, -0.0014947726158425212, 0.002371271839365363, -0.002675592200830579, 0.0029134205542504787, -0.0024077794514596462, 0.0015461375005543232, -0.0020917353685945272, 0.0028275593649595976, -0.005107106640934944, 0.004234678111970425, -0.003242546459659934], [-1.9721399439731613e-05, -0.0014947726158425212, 0.005385132040828466, -0.003435197053477168, 0.00034024944761767983, -0.002200339687988162, 0.0007064957753755152, -0.0012819879921153188, 0.0007037853938527405, -0.0017195716500282288, 0.002772831590846181, -0.003820163430646062, 0.004158940631896257], [0.0001458032347727567, 0.002371271839365363, -0.003435197053477168, 0.006186156067997217, -0.004197824280709028, 0.0011261376785114408, 0.0006612289580516517, 0.0014502599369734526, -0.0020256179850548506, 0.0033959713764488697, -0.004097246564924717, 0.0018581118201836944, -0.0016625645803287625], [0.00037841463927179575, -0.002675592200830579, 0.00034024944761767983, -0.004197824280709028, 0.007924981415271759, -0.0032083315309137106, -0.0011981358984485269, 0.0002846420102287084, 0.0008576916297897696, -0.003645347198471427, 0.0033778769429773092, -0.0008349200943484902, 0.0002613411925267428], [-0.0008220555610023439, 0.0029134205542504787, -0.002200339687988162, 0.0011261376785114408, -0.0032083315309137106, 0.011141517199575901, -0.0061571295373141766, 0.0013809791998937726, -2.3950875402078964e-05, 0.0008837448549456894, -0.003754120087251067, 0.004125837702304125, -0.0041729300282895565], [0.0005908474558964372, -0.0024077794514596462, 0.0007064957753755152, 0.0006612289580516517, -0.0011981358984485269, -0.0061571295373141766, 0.012869620695710182, -0.0068702069111168385, 0.002784993266686797, 0.0008701173937879503, -0.0008335760794579983, -0.00032226945040747523, 0.002730053849518299], [-0.0009399030823260546, 0.0015461375005543232, -0.0012819879921153188, 0.0014502599369734526, 0.0002846420102287084, 0.0013809791998937726, -0.0068702069111168385, 0.017032107338309288, -0.009937108494341373, 0.00015170474944170564, 0.0024967873468995094, -0.0033376056235283613, -0.0017743586795404553], [-0.00027824347489513457, -0.0020917353685945272, 0.0007037853938527405, -0.0020256179850548506, 0.0008576916297897696, -2.3950875402078964e-05, 0.002784993266686797, -0.009937108494341373, 0.016217881813645363, -0.00647397618740797, -0.0021413012873381376, 0.0055333152413368225, -0.0036481008864939213], [-7.029522384982556e-05, 0.0028275593649595976, -0.0017195716500282288, 0.0033959713764488697, -0.003645347198471427, 0.0008837448549456894, 0.0008701173937879503, 0.00015170474944170564, -0.00647397618740797, 0.01982974261045456, -0.007612606044858694, -0.0024326571729034185, 0.0017270637908950448], [1.1713417734426912e-05, -0.005107106640934944, 0.002772831590846181, -0.004097246564924717, 0.0033778769429773092, -0.003754120087251067, -0.0008335760794579983, 0.0024967873468995094, -0.0021413012873381376, -0.007612606044858694, 0.023752672597765923, -0.011960352770984173, 0.00229764636605978], [-0.00033394593629054725, 0.004234678111970425, -0.003820163430646062, 0.0018581118201836944, -0.0008349200943484902, 0.004125837702304125, -0.00032226945040747523, -0.0033376056235283613, 0.0055333152413368225, -0.0024326571729034185, -0.011960352770984173, 0.025836121290922165, -0.012941381894052029], [0.0005941230338066816, -0.003242546459659934, 0.004158940631896257, -0.0016625645803287625, 0.0002613411925267428, -0.0041729300282895565, 0.002730053849518299, -0.0017743586795404553, -0.0036481008864939213, 0.0017270637908950448, 0.00229764636605978, -0.012941381894052029, 0.020813841372728348]], "lowlevel.mfcc.cov": [[2359.5849609375, 151.9090118408203, -3.161973476409912, -366.8742980957031, -144.78204345703125, -214.23683166503906, -111.75654602050781, 96.33573150634766, 135.66827392578125, 145.46224975585938, 101.09798431396484, 119.09941101074219, 111.04306030273438], [151.9090118408203, 1030.7044677734375, -128.52101135253906, -52.210365295410156, 40.22970199584961, -2.8382227420806885, 118.75437927246094, 90.54228210449219, 142.60995483398438, 127.959716796875, 81.23953247070312, 102.09215545654297, 75.9502182006836], [-3.161973476409912, -128.52101135253906, 369.4768371582031, 221.9178009033203, 173.2864532470703, 131.9590606689453, 64.59745788574219, 65.79133605957031, 6.667477130889893, 21.049726486206055, 38.99932098388672, 39.07472610473633, 35.40719223022461], [-366.8742980957031, -52.210365295410156, 221.9178009033203, 536.6483764648438, 347.2172546386719, 232.54132080078125, 119.85034942626953, 60.89170455932617, 3.170664072036743, 30.126466751098633, 34.747005462646484, 19.580596923828125, 25.446565628051758], [-144.78204345703125, 40.22970199584961, 173.2864532470703, 347.2172546386719, 389.62054443359375, 236.5888214111328, 120.74600219726562, 76.14994812011719, 51.71086120605469, 75.18955993652344, 48.50432586669922, 37.64643859863281, 29.44991683959961], [-214.23683166503906, -2.8382227420806885, 131.9590606689453, 232.54132080078125, 236.5888214111328, 291.54290771484375, 177.32373046875, 66.48005676269531, 17.144250869750977, 39.622711181640625, 33.48963928222656, 6.781332492828369, 2.7217934131622314], [-111.75654602050781, 118.75437927246094, 64.59745788574219, 119.85034942626953, 120.74600219726562, 177.32373046875, 224.30242919921875, 98.8460464477539, 38.7091064453125, 37.9631233215332, 33.77098083496094, 22.14049530029297, 12.420170783996582], [96.33573150634766, 90.54228210449219, 65.79133605957031, 60.89170455932617, 76.14994812011719, 66.48005676269531, 98.8460464477539, 136.28997802734375, 78.42554473876953, 52.13927459716797, 33.96919250488281, 41.1832160949707, 36.878875732421875], [135.66827392578125, 142.60995483398438, 6.667477130889893, 3.170664072036743, 51.71086120605469, 17.144250869750977, 38.7091064453125, 78.42554473876953, 140.02584838867188, 89.25691986083984, 38.317440032958984, 42.60298538208008, 32.95880889892578], [145.46224975585938, 127.959716796875, 21.049726486206055, 30.126466751098633, 75.18955993652344, 39.622711181640625, 37.9631233215332, 52.13927459716797, 89.25691986083984, 122.70784759521484, 62.82199478149414, 39.96187210083008, 31.41570281982422], [101.09798431396484, 81.23953247070312, 38.99932098388672, 34.747005462646484, 48.50432586669922, 33.48963928222656, 33.77098083496094, 33.96919250488281, 38.317440032958984, 62.82199478149414, 88.69893646240234, 52.57469940185547, 33.511085510253906], [119.09941101074219, 102.09215545654297, 39.07472610473633, 19.580596923828125, 37.64643859863281, 6.781332492828369, 22.14049530029297, 41.1832160949707, 42.60298538208008, 39.96187210083008, 52.57469940185547, 89.22606658935547, 54.50046157836914], [111.04306030273438, 75.9502182006836, 35.40719223022461, 25.446565628051758, 29.44991683959961, 2.7217934131622314, 12.420170783996582, 36.878875732421875, 32.95880889892578, 31.41570281982422, 33.511085510253906, 54.50046157836914, 79.46356964111328]], "lowlevel.mfcc.icov": [[0.000622721272520721, 4.909323979518376e-05, -0.00017942687554750592, 0.0005846116691827774, -0.00022314551461022347, 0.00031659763772040606, 0.0002763221855275333, -0.0005602669552899897, 0.00020059624512214214, -0.0006006769253872335, -0.00022952657309360802, -0.00012472720118239522, -0.00039907946484163404], [4.909323979518376e-05, 0.0014821258373558521, 0.0006931310635991395, 0.0001542504905955866, -0.00038798825698904693, 0.0007712983642704785, -0.0012535229325294495, 0.0003271796158514917, -0.0005321787321008742, -0.0006718614604324102, -5.1395669288467616e-05, -0.0009143237839452922, -0.0005468666786327958], [-0.00017942687554750592, 0.0006931310635991395, 0.004553248640149832, -0.0011665343772619963, -0.0003324075951240957, -0.0009397671674378216, 0.0005689234239980578, -0.0016547575360164046, 0.000731679261662066, 0.00038338080048561096, -0.0006576048908755183, -0.0012553657870739698, -0.0005493144853971899], [0.0005846116691827774, 0.0001542504905955866, -0.0011665343772619963, 0.005713128950446844, -0.004504317417740822, 0.0002722263743635267, -0.00025986964465118945, -0.0004897735780104995, 0.0010324027389287949, 0.0006049437215551734, -0.0008680739556439221, 0.001056142384186387, -0.001371812541037798], [-0.00022314551461022347, -0.00038798825698904693, -0.0003324075951240957, -0.004504317417740822, 0.010062390938401222, -0.005675430875271559, 0.002361560706049204, -0.000341842882335186, -0.0010045524686574936, -0.00275383610278368, 0.0017703406047075987, -0.0021701622754335403, 0.0007751166122034192], [0.00031659763772040606, 0.0007712983642704785, -0.0009397671674378216, 0.0002722263743635267, -0.005675430875271559, 0.013419641181826591, -0.008499670773744583, 0.0017611559014767408, 0.0008844147087074816, -0.0007727566990070045, -0.001496615237556398, 0.0023697244469076395, 0.00025136041222140193], [0.0002763221855275333, -0.0012535229325294495, 0.0005689234239980578, -0.00025986964465118945, 0.002361560706049204, -0.008499670773744583, 0.013893808238208294, -0.00778859481215477, 0.0014718559104949236, 0.00043484827619977295, -0.0008262466872110963, -0.0006746493163518608, 0.0015294261975213885], [-0.0005602669552899897, 0.0003271796158514917, -0.0016547575360164046, -0.0004897735780104995, -0.000341842882335186, 0.0017611559014767408, -0.00778859481215477, 0.01853010058403015, -0.00829373113811016, 0.0015934512484818697, 0.0006574534345418215, -0.0007860871846787632, -0.002879807958379388], [0.00020059624512214214, -0.0005321787321008742, 0.000731679261662066, 0.0010324027389287949, -0.0010045524686574936, 0.0008844147087074816, 0.0014718559104949236, -0.00829373113811016, 0.019121702760457993, -0.011807776056230068, 0.003983091562986374, -0.002949533751234412, 0.0006131150294095278], [-0.0006006769253872335, -0.0006718614604324102, 0.00038338080048561096, 0.0006049437215551734, -0.00275383610278368, -0.0007727566990070045, 0.00043484827619977295, 0.0015934512484818697, -0.011807776056230068, 0.02422904409468174, -0.01231103390455246, 0.004383631516247988, -0.0011396071640774608], [-0.00022952657309360802, -5.1395669288467616e-05, -0.0006576048908755183, -0.0008680739556439221, 0.0017703406047075987, -0.001496615237556398, -0.0008262466872110963, 0.0006574534345418215, 0.003983091562986374, -0.01231103390455246, 0.025590866804122925, -0.011744776740670204, 0.0006382444989867508], [-0.00012472720118239522, -0.0009143237839452922, -0.0012553657870739698, 0.001056142384186387, -0.0021701622754335403, 0.0023697244469076395, -0.0006746493163518608, -0.0007860871846787632, -0.002949533751234412, 0.004383631516247988, -0.011744776740670204, 0.027795255184173584, -0.012157500721514225], [-0.00039907946484163404, -0.0005468666786327958, -0.0005493144853971899, -0.001371812541037798, 0.0007751166122034192, 0.00025136041222140193, 0.0015294261975213885, -0.002879807958379388, 0.0006131150294095278, -0.0011396071640774608, 0.0006382444989867508, -0.012157500721514225, 0.023415755480527878]], "metadata.audio_properties.analysis.downmix": "mix", "metadata.audio_properties.codec": "mp3", "metadata.audio_properties.md5_encoded": "f78fc843f2191759527d9d313afeea6d", "metadata.tags.file_name": "1183708701446643733.mp3", "metadata.version.essentia": "2.1-beta6-dev", "metadata.version.e