{"song_id": "1183688967787397241", "download": "https://cdn.discordapp.com/attachments/1135903449314238464/1183688967787397241/chirp.mp4?ex=65893f41&amp", "lyrics": "\u05e8\u05e7\u05d3\u05d9 \u05db\u05e2\u05e9\u05df \u05d1\u05e6\u05d1\u05e2\u05d9\u05dd\n\u05d0\u05dc \u05de\u05d5\u05dc \u05d4\u05e8\u05d5\u05d7\n\u05e1\u05e4\u05e8\u05d9 \u05d0\u05d9\u05da \u05d6\u05d4 \u05dc\u05e9\u05db\u05d5\u05d7\n\u05e9\u05e4\u05e2\u05dd \u05d4\u05d9\u05d9\u05ea \u05d0\u05d3\u05dd", "style": ["ethnic"], "essentia_features": {"lowlevel.average_loudness": 0.907906711101532, "lowlevel.barkbands_crest.mean": 12.400802612304688, "lowlevel.barkbands_crest.stdev": 3.6382522583007812, "lowlevel.barkbands_flatness_db.mean": 0.1695244312286377, "lowlevel.barkbands_flatness_db.stdev": 0.056015025824308395, "lowlevel.barkbands_kurtosis.mean": 17.54619789123535, "lowlevel.barkbands_kurtosis.stdev": 15.369656562805176, "lowlevel.barkbands_skewness.mean": 3.2656939029693604, "lowlevel.barkbands_skewness.stdev": 1.4798288345336914, "lowlevel.barkbands_spread.mean": 16.808856964111328, "lowlevel.barkbands_spread.stdev": 16.423383712768555, "lowlevel.dissonance.mean": 0.4518102705478668, "lowlevel.dissonance.stdev": 0.03255826234817505, "lowlevel.dynamic_complexity": 4.088158130645752, "lowlevel.erbbands_crest.mean": 9.953723907470703, "lowlevel.erbbands_crest.stdev": 3.7011754512786865, "lowlevel.erbbands_flatness_db.mean": 0.12863965332508087, "lowlevel.erbbands_flatness_db.stdev": 0.045066412538290024, "lowlevel.erbbands_kurtosis.mean": 1.5367027521133423, "lowlevel.erbbands_kurtosis.stdev": 3.186091423034668, "lowlevel.erbbands_skewness.mean": 0.9037280082702637, "lowlevel.erbbands_skewness.stdev": 0.9547632336616516, "lowlevel.erbbands_spread.mean": 52.69199752807617, "lowlevel.erbbands_spread.stdev": 29.380084991455078, "lowlevel.hfc.mean": 14.555590629577637, "lowlevel.hfc.stdev": 14.110894203186035, "lowlevel.loudness_ebu128.integrated": -15.532463073730469, "lowlevel.loudness_ebu128.loudness_range": 7.815311431884766, "lowlevel.loudness_ebu128.momentary.mean": -17.184473037719727, "lowlevel.loudness_ebu128.momentary.stdev": 4.590145111083984, "lowlevel.loudness_ebu128.short_term.mean": -16.498926162719727, "lowlevel.loudness_ebu128.short_term.stdev": 3.1159021854400635, "lowlevel.melbands_crest.mean": 15.481179237365723, "lowlevel.melbands_crest.stdev": 3.356253147125244, "lowlevel.melbands_flatness_db.mean": 0.2732941806316376, "lowlevel.melbands_flatness_db.stdev": 0.07099273055791855, "lowlevel.melbands_kurtosis.mean": 44.16321563720703, "lowlevel.melbands_kurtosis.stdev": 40.303199768066406, "lowlevel.melbands_skewness.mean": 4.845253944396973, "lowlevel.melbands_skewness.stdev": 2.3303353786468506, "lowlevel.melbands_spread.mean": 9.872420310974121, "lowlevel.melbands_spread.stdev": 11.778327941894531, "lowlevel.pitch_salience.mean": 0.4881860315799713, "lowlevel.pitch_salience.stdev": 0.1172117218375206, "lowlevel.silence_rate_20dB.mean": 1.0, "lowlevel.silence_rate_20dB.stdev": 0.0, "lowlevel.silence_rate_30dB.mean": 0.9876543283462524, "lowlevel.silence_rate_30dB.stdev": 0.1104234904050827, "lowlevel.silence_rate_60dB.mean": 0.07407407462596893, "lowlevel.silence_rate_60dB.stdev": 0.2618887722492218, "lowlevel.spectral_centroid.mean": 727.9558715820312, "lowlevel.spectral_centroid.stdev": 596.8131103515625, "lowlevel.spectral_complexity.mean": 10.167641639709473, "lowlevel.spectral_complexity.stdev": 6.79691219329834, "lowlevel.spectral_decrease.mean": -8.070334622800601e-09, "lowlevel.spectral_decrease.stdev": 6.998435608807085e-09, "lowlevel.spectral_energy.mean": 0.031779542565345764, "lowlevel.spectral_energy.stdev": 0.02726777270436287, "lowlevel.spectral_energyband_high.mean": 0.0005916003719903529, "lowlevel.spectral_energyband_high.stdev": 0.0008922785054892302, "lowlevel.spectral_energyband_low.mean": 0.013103161938488483, "lowlevel.spectral_energyband_low.stdev": 0.01790408231317997, "lowlevel.spectral_energyband_middle_high.mean": 0.0017625530017539859, "lowlevel.spectral_energyband_middle_high.stdev": 0.003261091187596321, "lowlevel.spectral_energyband_middle_low.mean": 0.018530793488025665, "lowlevel.spectral_energyband_middle_low.stdev": 0.016640005633234978, "lowlevel.spectral_entropy.mean": 7.268155097961426, "lowlevel.spectral_entropy.stdev": 0.6178315281867981, "lowlevel.spectral_flux.mean": 0.05798685550689697, "lowlevel.spectral_flux.stdev": 0.05234836786985397, "lowlevel.spectral_kurtosis.mean": 5.936592102050781, "lowlevel.spectral_kurtosis.stdev": 4.459756374359131, "lowlevel.spectral_rms.mean": 0.0050362227484583855, "lowlevel.spectral_rms.stdev": 0.0023750571999698877, "lowlevel.spectral_rolloff.mean": 818.5743408203125, "lowlevel.spectral_rolloff.stdev": 1622.4549560546875, "lowlevel.spectral_skewness.mean": 1.9552805423736572, "lowlevel.spectral_skewness.stdev": 0.644846498966217, "lowlevel.spectral_spread.mean": 5949798.5, "lowlevel.spectral_spread.stdev": 2278444.0, "lowlevel.spectral_strongpeak.mean": 0.7460124492645264, "lowlevel.spectral_strongpeak.stdev": 0.6068171262741089, "lowlevel.zerocrossingrate.mean": 0.0565771721303463, "lowlevel.zerocrossingrate.stdev": 0.04481515288352966, "metadata.audio_properties.analysis.equal_loudness": 0.0, "metadata.audio_properties.analysis.length": 35.71199417114258, "metadata.audio_properties.analysis.sample_rate": 44100.0, "metadata.audio_properties.analysis.start_time": 0.0, "metadata.audio_properties.bit_rate": 123336.0, "metadata.audio_properties.length": 35.71200180053711, "metadata.audio_properties.lossless": 0.0, "metadata.audio_properties.number_channels": 1.0, "metadata.audio_properties.replay_gain": -11.264667510986328, "metadata.audio_properties.sample_rate": 48000.0, "rhythm.beats_count": 96.0, "rhythm.beats_loudness.mean": 0.03459542989730835, "rhythm.beats_loudness.stdev": 0.0230174008756876, "rhythm.bpm": 163.73974609375, "rhythm.bpm_histogram_first_peak_bpm": 161.0, "rhythm.bpm_histogram_first_peak_weight": 0.03636366128921509, "rhythm.bpm_histogram_second_peak_bpm": 167.0, "rhythm.bpm_histogram_second_peak_spread": 0.0, "rhythm.bpm_histogram_second_peak_weight": 0.42105263471603394, "rhythm.danceability": 0.9697446227073669, "rhythm.onset_rate": 5.374553203582764, "tonal.chords_changes_rate": 0.033766232430934906, "tonal.chords_number_rate": 0.002597402548417449, "tonal.chords_strength.mean": 0.5445318222045898, "tonal.chords_strength.stdev": 0.04748331010341644, "tonal.hpcp_crest.mean": 16.50087547302246, "tonal.hpcp_crest.stdev": 7.649865627288818, "tonal.hpcp_entropy.mean": 1.7227023839950562, "tonal.hpcp_entropy.stdev": 0.776114284992218, "tonal.key_edma.strength": 0.767913818359375, "tonal.key_krumhansl.strength": 0.7700136303901672, "tonal.key_temperley.strength": 0.7658588290214539, "tonal.tuning_diatonic_strength": 0.6458296179771423, "tonal.tuning_equal_tempered_deviation": 0.08049746602773666, "tonal.tuning_frequency": 440.0, "tonal.tuning_nontempered_energy_ratio": 0.6643087863922119, "lowlevel.barkbands.mean": [5.5728978622937575e-05, 0.0027573206461966038, 0.008180339820683002, 0.0037210695445537567, 0.010521196760237217, 0.0015557880979031324, 0.0016391514800488949, 0.0004871026612818241, 0.0004289553326088935, 0.00032940375967882574, 0.00015038363926578313, 0.00027657230384647846, 0.00027287230477668345, 0.00018509587971493602, 0.00026491956668905914, 0.00010312770609743893, 6.322889385046437e-05, 4.861762499785982e-05, 0.00011380318755982444, 6.689675501547754e-05, 6.471349479397759e-05, 6.433530506910756e-05, 6.342936103465036e-05, 5.59782019990962e-05, 8.670329407323152e-05, 0.00020301570475567132, 1.9828376025543548e-05], "lowlevel.barkbands.stdev": [0.00014146983448881656, 0.011068555526435375, 0.007859417237341404, 0.002963525475934148, 0.010381225496530533, 0.0018169278046116233, 0.003913989290595055, 0.0024143795017153025, 0.00213507073931396, 0.00095044553745538, 0.0004378081939648837, 0.0011834759498015046, 0.0012477498967200518, 0.0005070861079730093, 0.0007377801812253892, 0.0002508457691874355, 0.00014848030696157366, 0.00010341716551920399, 0.0003819414123427123, 0.00017008758732117712, 0.0001545451523270458, 0.00018490932416170835, 0.00011672117398120463, 9.261309605790302e-05, 0.00015323818661272526, 0.00029906947747804224, 3.448698407737538e-05], "lowlevel.erbbands.mean": [0.050102349370718, 0.8074179291725159, 6.224891662597656, 15.15125846862793, 43.95292663574219, 15.843388557434082, 5.012585639953613, 12.9721040725708, 28.288246154785156, 18.10749053955078, 9.68925952911377, 10.055282592773438, 11.59963607788086, 7.552277565002441, 7.104311943054199, 12.078946113586426, 12.72581672668457, 9.739513397216797, 14.517114639282227, 8.568235397338867, 5.840177536010742, 3.582819938659668, 2.7063982486724854, 5.930786609649658, 4.1684346199035645, 3.1437644958496094, 2.809229850769043, 2.441943883895874, 2.3885598182678223, 1.9828156232833862, 1.6995141506195068, 1.2384079694747925, 0.9455307722091675, 0.7637119889259338, 0.7177595496177673, 0.6064352989196777, 0.440885454416275, 0.09353853762149811, 0.0023037628270685673, 9.173209400614724e-05], "lowlevel.erbbands.stdev": [0.1834259033203125, 2.9288251399993896, 7.908750534057617, 11.5919189453125, 43.90395736694336, 15.287257194519043, 6.24248743057251, 15.32414722442627, 37.985713958740234, 75.2816390991211, 50.835914611816406, 45.50336837768555, 45.16278076171875, 21.43123435974121, 19.18663787841797, 51.77980422973633, 59.08925247192383, 25.631887435913086, 38.083797454833984, 22.1630802154541, 14.440240859985352, 8.014542579650879, 5.479421615600586, 15.740938186645508, 15.800444602966309, 8.28811264038086, 6.399607181549072, 6.1006903648376465, 7.217807769775391, 4.2466816902160645, 3.134237289428711, 2.123387336730957, 1.5669647455215454, 1.4086999893188477, 1.28485107421875, 1.0312105417251587, 0.6415151357650757, 0.13613218069076538, 0.0035111671313643456, 9.441461588721722e-05], "lowlevel.gfcc.mean": [-24.28379249572754, 76.87519073486328, -64.9896011352539, 23.90064239501953, -42.3697624206543, 6.913177490234375, -43.02533721923828, -2.0750584602355957, -37.21744918823242, 3.3933804035186768, -30.845216751098633, -3.3424806594848633, -27.091346740722656], "lowlevel.melbands.mean": [0.000621483544819057, 0.002668428234755993, 0.0034193596802651882, 0.0024161124601960182, 0.00016224540013354272, 0.0003478404541965574, 0.00040885567432269454, 0.0001725025213090703, 7.559455843875185e-05, 6.237156776478514e-05, 5.658395457430743e-05, 2.965664680232294e-05, 2.1695088435080834e-05, 2.7035486709792167e-05, 3.435921826167032e-05, 2.470811341481749e-05, 1.687225631030742e-05, 2.25637177209137e-05, 1.814183997339569e-05, 7.211997399281245e-06, 6.709271929139504e-06, 3.907638983946526e-06, 2.359003701712936e-06, 2.4251262402685825e-06, 5.360905106499558e-06, 3.2576060675637564e-06, 2.5243609798053512e-06, 1.95463098862092e-06, 1.796813648979878e-06, 1.6231691688517458e-06, 1.3481488849720336e-06, 1.4877863350193365e-06, 1.0420837952551665e-06, 1.1261768122494686e-06, 9.63060529102222e-07, 9.562753575664829e-07, 6.739500690855493e-07, 6.32249964382936e-07, 6.56567863188684e-07, 6.297651111708547e-07], "lowlevel.melbands.stdev": [0.002438829280436039, 0.003921187948435545, 0.0026233361568301916, 0.0024213276337832212, 0.00020210686489008367, 0.000411039189202711, 0.0006378647522069514, 0.0007386106299236417, 0.0004296534461900592, 0.0002887511800508946, 0.00022344145691022277, 8.87276473804377e-05, 5.862902253284119e-05, 0.0001028632468660362, 0.00016955530736595392, 0.00010945625399472192, 5.030026295571588e-05, 5.9292757214279845e-05, 5.157190753379837e-05, 1.8085571355186403e-05, 1.7055612261174247e-05, 9.342544217361137e-06, 5.2503814913507085e-06, 5.234910986473551e-06, 1.4482875485555269e-05, 1.3236081940704025e-05, 8.569930287194438e-06, 4.856460691371467e-06, 4.164758138358593e-06, 4.410549536260078e-06, 3.5035075143241556e-06, 4.800150691153249e-06, 2.9288701171026332e-06, 2.253295861009974e-06, 1.8750340586848324e-06, 1.841838979999011e-06, 1.1657763252514997e-06, 1.0999170854120166e-06, 1.132520878854848e-06, 1.244732629857026e-06], "lowlevel.melbands128.mean": [3.063727854168974e-05, 0.00024074825341813266, 0.0008833157480694354, 0.0013218325329944491, 0.002082421910017729, 0.004800059366971254, 0.003103879978880286, 0.0017019422957673669, 0.006017495412379503, 0.0026901073288172483, 0.00019041293126065284, 0.00022544211242347956, 0.00017726572696119547, 5.942221832810901e-05, 6.649830174865201e-05, 0.0007031022105365992, 0.0008165709441527724, 0.00013776823470834643, 0.00023029233852867037, 0.0002413824258837849, 0.00011560006532818079, 5.7430439483141527e-05, 8.610186341684312e-05, 6.99044976499863e-05, 6.239285721676424e-05, 6.10669594607316e-05, 5.5437179980799556e-05, 7.800330058671534e-05, 2.9948121664347127e-05, 3.219665813958272e-05, 3.110103352810256e-05, 2.0264445993234403e-05, 1.95287648239173e-05, 2.4475955797242932e-05, 2.2641677787760273e-05, 2.6329687898396514e-05, 3.6982779420213774e-05, 3.867538180202246e-05, 2.932276220235508e-05, 2.7493179004522972e-05, 2.5685721993795596e-05, 1.8617323803482577e-05, 1.3769129509455524e-05, 1.9543685993994586e-05, 1.5300611266866326e-05, 2.299083826073911e-05, 3.150278644170612e-05, 2.1104859115439467e-05, 1.071078804670833e-05, 9.711069651530124e-06, 4.979039204044966e-06, 7.415696018142626e-06, 7.92032642493723e-06, 5.709640390705317e-06, 5.204611625231337e-06, 3.8173225220816676e-06, 2.9828877359250328e-06, 2.33590822062979e-06, 2.219176849393989e-06, 2.2053754946682602e-06, 2.1743869638157776e-06, 2.441398464725353e-06, 5.392248112912057e-06, 7.119362180674216e-06, 3.2875007036636816e-06, 3.4217716802231735e-06, 2.9393941076705232e-06, 2.672188657015795e-06, 2.422320449113613e-06, 2.389997916907305e-06, 1.7864464325612062e-06, 1.8044538592221215e-06, 2.0658465018641436e-06, 1.8247866364617948e-06, 1.4020964727023966e-06, 1.8364257812208962e-06, 1.6627652712486451e-06, 1.1814431672974024e-06, 1.3227818271843717e-06, 1.3181676195017644e-06, 1.9801339021796593e-06, 1.286350425289129e-06, 1.0585861218714854e-06, 9.930130318025476e-07, 1.0210706022917293e-06, 1.1970070090683294e-06, 1.123446622841584e-06, 1.0921907005467801e-06, 9.052814675669651e-07, 9.214332976625883e-07, 9.878319815470604e-07, 1.0544156339165056e-06, 7.327898288167489e-07, 6.732085466865101e-07, 6.027780159456597e-07, 6.214542054294725e-07, 5.881011588826368e-07, 7.552105216745986e-07, 6.516569897030422e-07, 6.081382366573962e-07, 6.482577532551659e-07, 6.311196898423077e-07, 5.972192411718424e-07, 7.406036957036122e-07, 8.344937896254123e-07, 8.626211069895362e-07, 1.0061091870738892e-06, 6.95471101153089e-07, 9.800980933505343e-07, 1.357544761049212e-06, 1.3072453839413356e-06, 1.1781704642999102e-06, 1.7446893707528943e-06, 1.5372337429653271e-06, 1.2903192327939905e-06, 1.051262756845972e-06, 6.380124659699504e-07, 2.3672386362250109e-07, 1.6621902076963124e-08, 3.3028725587858077e-11, 1.0094527644333162e-11, 6.039162659537967e-12, 2.9535475627728847e-12, 2.9059927207641945e-12, 2.6477680725028874e-12, 2.472556230939671e-12, 2.3344672549219236e-12, 2.3073429018111158e-12], "lowlevel.melbands128.stdev": [0.00011743138747988269, 0.0008768834522925317, 0.003533317707479, 0.005499609280377626, 0.004457914736121893, 0.004170364234596491, 0.002519322792068124, 0.001537086209282279, 0.0061207846738398075, 0.0027533459942787886, 0.00029901720699854195, 0.00029446688131429255, 0.00027336287894286215, 9.779813990462571e-05, 0.00015277037164196372, 0.0008378186030313373, 0.001001406111754477, 0.0004904984380118549, 0.0013700196286663413, 0.0011487510055303574, 0.0006849804776720703, 0.0004680079873651266, 0.0006436482071876526, 0.0005651252577081323, 0.0003790666232816875, 0.00035700295120477676, 0.0004517330089583993, 0.0002905737201217562, 0.00013879949983675033, 0.00012925990449730307, 0.00012549884559120983, 7.664543227292597e-05, 6.718232179991901e-05, 8.166409679688513e-05, 9.452019730815664e-05, 0.00017052753537427634, 0.00020735966973006725, 0.0002717363531701267, 0.00020937304361723363, 0.00022756578982807696, 0.00013888758257962763, 4.942643136018887e-05, 5.140255234437063e-05, 8.454675116809085e-05, 4.7663168516010046e-05, 7.232375355670229e-05, 0.00010889281838899478, 7.192206976469606e-05, 3.963094422942959e-05, 2.9853239539079368e-05, 1.1722377166734077e-05, 2.713767025852576e-05, 2.4003345970413648e-05, 1.5950759916449897e-05, 1.585237987455912e-05, 1.0992441275448073e-05, 8.381656698475126e-06, 6.5432022893219255e-06, 5.426642019301653e-06, 5.011165285395691e-06, 5.313042493071407e-06, 6.170449523779098e-06, 1.381989295623498e-05, 2.110481364070438e-05, 1.3590542039310094e-05, 1.5778650777065195e-05, 1.2366955161269289e-05, 1.2389288713166025e-05, 7.3431801865808666e-06, 7.3807182161544915e-06, 4.406854714034125e-06, 4.893780896964017e-06, 5.142007466929499e-06, 4.620920208253665e-06, 3.3828321193141164e-06, 5.8167456700175535e-06, 5.100538146507461e-06, 2.7683267944667023e-06, 3.817141077888664e-06, 4.000224635092309e-06, 7.405808901239652e-06, 4.196512691123644e-06, 3.5498094348440645e-06, 3.2655150334903738e-06, 2.75880188382871e-06, 2.6488294224691344e-06, 2.286255494254874e-06, 2.301986796737765e-06, 2.0733048131660325e-06, 1.8549416154201026e-06, 1.95691882254323e-06, 2.5166052637359826e-06, 1.3421811217995128e-06, 1.3005754908590461e-06, 1.1358775964254164e-06, 1.3600408692582278e-06, 1.0988717349391663e-06, 1.3394476354733342e-06, 1.2190698726044502e-06, 1.26808720324334e-06, 1.3207105666879215e-06, 1.3929826536696055e-06, 1.3598771602119086e-06, 1.5317151564886444e-06, 1.5537347053395933e-06, 1.910913397296099e-06, 1.9880249055859167e-06, 1.5108162187971175e-06, 2.0385398329381132e-06, 2.380281330260914e-06, 2.342184643566725e-06, 1.922745468618814e-06, 2.718809810176026e-06, 2.3440809400199214e-06, 2.0009779291285668e-06, 1.726027676340891e-06, 1.0619640988807078e-06, 6.122260174379335e-07, 7.104772947741367e-08, 7.231208409841372e-10, 1.735232790789354e-10, 9.020609953447334e-11, 8.756892780348302e-12, 9.748266430187336e-12, 5.916114386578242e-12, 4.9107263394576606e-12, 4.36100981715537e-12, 4.327898716488532e-12], "lowlevel.mfcc.mean": [-691.716796875, 126.59558868408203, 26.844552993774414, 27.901813507080078, 14.023981094360352, 12.738626480102539, 2.0152435302734375, -5.135821342468262, -5.856135845184326, -0.1824224442243576, -6.413240909576416, -7.150537967681885, -5.145666122436523], "lowlevel.spectral_contrast_coeffs.mean": [-0.6020416617393494, -0.7248940467834473, -0.8065225481987, -0.8243550062179565, -0.824876070022583, -0.7753102779388428], "lowlevel.spectral_contrast_coeffs.stdev": [0.06943158805370331, 0.08069493621587753, 0.052689533680677414, 0.03927072882652283, 0.03308406099677086, 0.0403149276971817], "lowlevel.spectral_contrast_valleys.mean": [-6.932709693908691, -7.351840972900391, -7.863583087921143, -8.00301742553711, -8.148491859436035, -10.655838966369629], "lowlevel.spectral_contrast_valleys.stdev": [1.1360077857971191, 0.9929787516593933, 0.977690577507019, 0.9768186211585999, 0.943152129650116, 1.1234136819839478], "rhythm.beats_loudness_band_ratio.mean": [0.6955112814903259, 0.2684524953365326, 0.07603821158409119, 0.04544796049594879, 0.03765319287776947, 0.06910903006792068], "rhythm.beats_loudness_band_ratio.stdev": [0.16245707869529724, 0.16714613139629364, 0.07399291545152664, 0.0740039125084877, 0.05389979109168053, 0.07868237793445587], "tonal.hpcp.mean": [0.015265665017068386, 0.014017532579600811, 0.014813350513577461, 0.019918309524655342, 0.018419800326228142, 0.02695365808904171, 0.03430331498384476, 0.03847724199295044, 0.4143827259540558, 0.6444798707962036, 0.2659098207950592, 0.02151264250278473, 0.014240060932934284, 0.010618451051414013, 0.015464140102267265, 0.02604406699538231, 0.021848062053322792, 0.014009032398462296, 0.020934714004397392, 0.017935236915946007, 0.015326947905123234, 0.01846456155180931, 0.013629071414470673, 0.018148435279726982, 0.022158300504088402, 0.018665382638573647, 0.013768441043794155, 0.009857825003564358, 0.01800449937582016, 0.29493585228919983, 0.7165899872779846, 0.4545779824256897, 0.02630538120865822, 0.012062731198966503, 0.009990950115025043, 0.010676853358745575], "tonal.hpcp.stdev": [0.06772579997777939, 0.043937597423791885, 0.05667416751384735, 0.09577585011720657, 0.07840690016746521, 0.10109496116638184, 0.10395347326993942, 0.12260324507951736, 0.2680564820766449, 0.34540286660194397, 0.1930473893880844, 0.08670345693826675, 0.07001899927854538, 0.06289468705654144, 0.06297627091407776, 0.065104179084301, 0.07027404755353928, 0.07461915165185928, 0.09594520926475525, 0.07826782017946243, 0.07664737105369568, 0.10497039556503296, 0.06664116680622101, 0.09542825073003769, 0.10577458888292313, 0.09041022509336472, 0.06861930340528488, 0.05163760855793953, 0.06710977107286453, 0.2046211212873459, 0.3702586591243744, 0.25995346903800964, 0.06898650527000427, 0.06564710289239883, 0.045134738087654114, 0.050027213990688324], "rhythm.beats_position": [0.3831292390823364, 0.7662584781646729, 1.1377778053283691, 1.5092970132827759, 1.8808163404464722, 2.252335548400879, 2.623854875564575, 2.983764171600342, 3.3436734676361084, 3.703582763671875, 4.0634918212890625, 4.435011386871338, 4.806530475616455, 5.166440010070801, 5.537959098815918, 5.909478187561035, 6.2809977531433105, 6.652516841888428, 7.024035930633545, 7.383945465087891, 7.743854522705078, 8.103763580322266, 8.4752836227417, 8.846802711486816, 9.218321800231934, 9.578230857849121, 9.938140869140625, 10.298049926757812, 10.657958984375, 11.029478073120117, 11.400997161865234, 11.760907173156738, 12.120816230773926, 12.492335319519043, 12.86385440826416, 13.223763465881348, 13.583673477172852, 13.955192565917969, 14.326711654663086, 14.698230743408203, 15.06974983215332, 15.429659843444824, 15.789568901062012, 16.149478912353516, 16.509387969970703, 16.88090705871582, 17.252426147460938, 17.612335205078125, 17.972244262695312, 18.34376335144043, 18.715282440185547, 19.086801528930664, 19.446712493896484, 19.806621551513672, 20.17814064025879, 20.549659729003906, 20.921178817749023, 21.29269790649414, 21.652606964111328, 22.012516021728516, 22.372425079345703, 22.743946075439453, 23.11546516418457, 23.475374221801758, 23.846893310546875, 24.218412399291992, 24.58993148803711, 24.949840545654297, 25.309749603271484, 25.6812686920166, 26.04117774963379, 26.40108871459961, 26.772607803344727, 27.144126892089844, 27.51564598083496, 27.87555503845215, 28.235464096069336, 28.606983184814453, 28.96689224243164, 29.326801300048828, 29.698322296142578, 30.069841384887695, 30.429750442504883, 30.78965950012207, 31.161178588867188, 31.532697677612305, 31.904216766357422, 32.27573776245117, 32.647254943847656, 33.018775939941406, 33.378684997558594, 33.73859405517578, 34.110111236572266, 34.481632232666016, 34.8531494140625, 35.23628234863281], "rhythm.bpm_histogram": [0.0, 0.0, 0.0, 0.0, 0.0, 0.0, 0.0, 0.0, 0.0, 0.0, 0.0, 0.0, 0.0, 0.0, 0.0, 0.0, 0.0, 0.0, 0.0, 0.0, 0.0, 0.0, 0.0, 0.0, 0.0, 0.0, 0.0, 0.0, 0.0, 0.0, 0.0, 0.0, 0.0, 0.0, 0.0, 0.0, 0.0, 0.0, 0.0, 0.0, 0.0, 0.0, 0.0, 0.0, 0.0, 0.0, 0.0, 0.0, 0.0, 0.0, 0.0, 0.0, 0.0, 0.0, 0.0, 0.0, 0.0, 0.0, 0.0, 0.0, 0.0, 0.0, 0.0, 0.0, 0.0, 0.0, 0.0, 0.0, 0.0, 0.0, 0.0, 0.0, 0.0, 0.0, 0.0, 0.0, 0.0, 0.0, 0.0, 0.0, 0.0, 0.0, 0.0, 0.0, 0.0, 0.0, 0.0, 0.0, 0.0, 0.0, 0.0, 0.0, 0.0, 0.0, 0.0, 0.0, 0.0, 0.0, 0.0, 0.0, 0.0, 0.0, 0.0, 0.0, 0.0, 0.0, 0.0, 0.0, 0.0, 0.0, 0.0, 0.0, 0.0, 0.0, 0.0, 0.0, 0.0, 0.0, 0.0, 0.0, 0.0, 0.0, 0.0, 0.0, 0.0, 0.0, 0.0, 0.0, 0.0, 0.0, 0.0, 0.0, 0.0, 0.0, 0.0, 0.0, 0.0, 0.0, 0.0, 0.0, 0.0, 0.0, 0.0, 0.0, 0.0, 0.0, 0.0, 0.0, 0.0, 0.0, 0.0, 0.0, 0.0, 0.0, 0.0, 0.0, 0.0, 0.021052632480859756, 0.0, 0.0, 0.0, 0.557894766330719, 0.0, 0.0, 0.0, 0.0, 0.0, 0.42105263471603394, 0.0, 0.0, 0.0, 0.0, 0.0, 0.0, 0.0, 0.0, 0.0, 0.0, 0.0, 0.0, 0.0, 0.0, 0.0, 0.0, 0.0, 0.0, 0.0, 0.0, 0.0, 0.0, 0.0, 0.0, 0.0, 0.0, 0.0, 0.0, 0.0, 0.0, 0.0, 0.0, 0.0, 0.0, 0.0, 0.0, 0.0, 0.0, 0.0, 0.0, 0.0, 0.0, 0.0, 0.0, 0.0, 0.0, 0.0, 0.0, 0.0, 0.0, 0.0, 0.0, 0.0, 0.0, 0.0, 0.0, 0.0, 0.0, 0.0, 0.0, 0.0, 0.0, 0.0, 0.0, 0.0, 0.0, 0.0, 0.0, 0.0, 0.0, 0.0, 0.0, 0.0, 0.0, 0.0, 0.0, 0.0, 0.0, 0.0, 0.0, 0.0, 0.0], "tonal.chords_histogram": [51.68831253051758, 0.0, 0.0, 0.0, 0.0, 0.0, 0.0, 47.532466888427734, 0.7792207598686218, 0.0, 0.0, 0.0, 0.0, 0.0, 0.0, 0.0, 0.0, 0.0, 0.0, 0.0, 0.0, 0.0, 0.0, 0.0], "tonal.thpcp": [1.0, 0.6343627572059631, 0.03670911118388176, 0.01683351956307888, 0.013942352496087551, 0.01489952951669693, 0.0213032066822052, 0.019561441615223885, 0.02067200280725956, 0.02779596485197544, 0.025704797357320786, 0.03761377930641174, 0.0478702113032341, 0.053694918751716614, 0.5782703161239624, 0.8993704915046692, 0.37107667326927185, 0.030020853504538536, 0.01987197808921337, 0.014818028546869755, 0.021580178290605545, 0.03634444624185562, 0.030488930642604828, 0.019549578428268433, 0.02921435423195362, 0.025028590112924576, 0.02138872817158699, 0.025767261162400246, 0.019019344821572304, 0.025326108559966087, 0.03092186711728573, 0.02604750730097294, 0.019213834777474403, 0.013756576925516129, 0.02512524463236332, 0.41158244013786316], "lowlevel.gfcc.cov": [[8227.529296875, -221.80409240722656, 301.4158020019531, -281.8495788574219, -67.2029800415039, 140.0623321533203, -305.3830261230469, -205.72535705566406, -162.27688598632812, 98.15711212158203, -173.46836853027344, 100.46094512939453, -16.526859283447266], [-221.80409240722656, 1794.2462158203125, -26.75899887084961, -187.45176696777344, 9.025507926940918, -297.6452331542969, 64.26347351074219, -137.86770629882812, 123.52005767822266, -15.778746604919434, 121.91011810302734, -71.24169158935547, 194.04933166503906], [301.4158020019531, -26.75899887084961, 566.400634765625, -5.110774993896484, 29.76697540283203, 2.182339668273926, -61.84722900390625, 17.02024269104004, 21.1055850982666, 45.92243194580078, 1.0573068857192993, 52.100624084472656, 33.01752471923828], [-281.8495788574219, -187.45176696777344, -5.110774993896484, 335.7789306640625, 59.85566329956055, 6.45144510269165, 21.958938598632812, 47.20844268798828, -4.431064605712891, -16.37807273864746, 25.224655151367188, -15.70559024810791, -32.9202995300293], [-67.2029800415039, 9.025507926940918, 29.76697540283203, 59.85566329956055, 138.33741760253906, 28.218801498413086, 6.853016376495361, 14.541763305664062, 6.8914794921875, 8.252650260925293, 9.579845428466797, -6.5037126541137695, 1.1376878023147583], [140.0623321533203, -297.6452331542969, 2.182339668273926, 6.45144510269165, 28.218801498413086, 191.7285614013672, 28.262069702148438, 35.57149124145508, 4.488270282745361, 20.035415649414062, -12.441226959228516, 28.486557006835938, -16.003482818603516], [-305.3830261230469, 64.26347351074219, -61.84722900390625, 21.958938598632812, 6.853016376495361, 28.262069702148438, 121.84609985351562, 34.74989700317383, -1.1145751476287842, -24.892784118652344, 10.375738143920898, -7.660132884979248, -15.052339553833008], [-205.72535705566406, -137.86770629882812, 17.02024269104004, 47.20844268798828, 14.541763305664062, 35.57149124145508, 34.74989700317383, 108.34169006347656, 28.30426597595215, 14.142500877380371, 5.010807514190674, 2.280376672744751, -23.876338958740234], [-162.27688598632812, 123.52005767822266, 21.1055850982666, -4.431064605712891, 6.8914794921875, 4.488270282745361, -1.1145751476287842, 28.30426597595215, 106.23119354248047, 40.50802230834961, 18.196834564208984, 0.15063077211380005, 34.75294494628906], [98.15711212158203, -15.778746604919434, 45.92243194580078, -16.37807273864746, 8.252650260925293, 20.035415649414062, -24.892784118652344, 14.142500877380371, 40.50802230834961, 79.72957611083984, 21.232837677001953, 13.556666374206543, 13.762627601623535], [-173.46836853027344, 121.91011810302734, 1.0573068857192993, 25.224655151367188, 9.579845428466797, -12.441226959228516, 10.375738143920898, 5.010807514190674, 18.196834564208984, 21.232837677001953, 76.25011444091797, 13.503826141357422, 11.61550521850586], [100.46094512939453, -71.24169158935547, 52.100624084472656, -15.70559024810791, -6.5037126541137695, 28.486557006835938, -7.660132884979248, 2.280376672744751, 0.15063077211380005, 13.556666374206543, 13.503826141357422, 62.224693298339844, 19.467199325561523], [-16.526859283447266, 194.04933166503906, 33.01752471923828, -32.9202995300293, 1.1376878023147583, -16.003482818603516, -15.052339553833008, -23.876338958740234, 34.75294494628906, 13.762627601623535, 11.61550521850586, 19.467199325561523, 86.49577331542969]], "lowlevel.gfcc.icov": [[0.00017270554963033646, -0.0001800680038286373, -2.4108128855004907e-05, -5.0124304834753275e-05, 9.833581862039864e-05, -0.00033754820469766855, 0.00046682084212079644, 9.16565622901544e-05, 0.00038219630368985236, -0.0003881697775796056, 0.0005931484629400074, -0.0004270585486665368, 0.00039455443038605154], [-0.0001800680038286373, 0.0022965888492763042, -0.0002226928190793842, 0.0012557994341477752, -0.0008870729361660779, 0.002729262923821807, -0.0027932191733270884, 0.0018404197180643678, -0.002130526816472411, 0.0013824345078319311, -0.0035751506220549345, 0.0033119514118880033, -0.003714396385475993], [-2.4108128855004907e-05, -0.0002226928190793842, 0.00218178634531796, -0.00017032182950060815, -0.0005076442612335086, 0.00017117915558628738, 0.0010691368952393532, -0.0008905871072784066, 0.00022667871962767094, -0.0007945930119603872, 0.0008698218152858317, -0.0020557958632707596, -4.287044066586532e-05], [-5.0124304834753275e-05, 0.0012557994341477752, -0.00017032182950060815, 0.004441823344677687, -0.0018988571828231215, 0.0014661819441244006, -0.0010306809563189745, -0.0004464847734197974, -0.0009980050381273031, 0.0021338099613785744, -0.003566221334040165, 0.0024546270724385977, -0.0010897688334807754], [9.833581862039864e-05, -0.0008870729361660779, -0.0005076442612335086, -0.0018988571828231215, 0.0088966004550457, -0.0027329488657414913, 0.0010106308618560433, -0.0008669576491229236, 0.0013186404248699546, -0.0011675896821543574, 0.00040687620639801025, 0.0012347953161224723, 0.00011727755918400362], [-0.00033754820469766855, 0.002729262923821807, 0.00017117915558628738, 0.0014661819441244006, -0.0027329488657414913, 0.010554015636444092, -0.005508402828127146, 0.001153875607997179, -0.002875282894819975, -0.0007063215016387403, -0.0014721154002472758, -0.0006019964930601418, -0.0027453924994915724], [0.00046682084212079644, -0.0027932191733270884, 0.0010691368952393532, -0.0010306809563189745, 0.0010106308618560433, -0.005508402828127146, 0.015359376557171345, -0.0057735079899430275, 0.0026930407620966434, 0.003097164211794734, 0.0014225681079551578, -0.0027618331369012594, 0.004457707051187754], [9.16565622901544e-05, 0.0018404197180643678, -0.0008905871072784066, -0.0004464847734197974, -0.0008669576491229236, 0.001153875607997179, -0.0057735079899430275, 0.016086764633655548, -0.006374874152243137, -0.0011386133264750242, -0.0011656105052679777, 0.0003982969210483134, 0.0025288069155067205], [0.00038219630368985236, -0.002130526816472411, 0.00022667871962767094, -0.0009980050381273031, 0.0013186404248699546, -0.002875282894819975, 0.0026930407620966434, -0.006374874152243137, 0.0180828720331192, -0.00795935932546854, 0.0023607732728123665, 0.000945284147746861, -0.003982818219810724], [-0.0003881697775796056, 0.0013824345078319311, -0.0007945930119603872, 0.0021338099613785744, -0.0011675896821543574, -0.0007063215016387403, 0.003097164211794734, -0.0011386133264750242, -0.00795935932546854, 0.02191590517759323, -0.008358578197658062, 0.0015552648110315204, -0.0014675050042569637], [0.0005931484629400074, -0.0035751506220549345, 0.0008698218152858317, -0.003566221334040165, 0.00040687620639801025, -0.0014721154002472758, 0.0014225681079551578, -0.0011656105052679777, 0.0023607732728123665, -0.008358578197658062, 0.02375711500644684, -0.010878697037696838, 0.005732276011258364], [-0.0004270585486665368, 0.0033119514118880033, -0.0020557958632707596, 0.0024546270724385977, 0.0012347953161224723, -0.0006019964930601418, -0.0027618331369012594, 0.0003982969210483134, 0.000945284147746861, 0.0015552648110315204, -0.010878697037696838, 0.028690380975604057, -0.011914713308215141], [0.00039455443038605154, -0.003714396385475993, -4.287044066586532e-05, -0.0010897688334807754, 0.00011727755918400362, -0.0027453924994915724, 0.004457707051187754, 0.0025288069155067205, -0.003982818219810724, -0.0014675050042569637, 0.005732276011258364, -0.011914713308215141, 0.024281179532408714]], "lowlevel.mfcc.cov": [[6498.380859375, 25.230941772460938, 103.22686767578125, -212.19300842285156, 62.791786193847656, 156.88380432128906, -101.72284698486328, -156.15699768066406, -86.13481140136719, -61.03779602050781, -72.80650329589844, -130.69700622558594, -1.0970698595046997], [25.230941772460938, 1678.7568359375, 36.62394332885742, 56.257301330566406, -79.31076049804688, -75.26805114746094, -91.7003402709961, -143.1436004638672, -1.6901074647903442, 42.19600296020508, -104.552001953125, 16.740482330322266, 46.06217956542969], [103.22686767578125, 36.62394332885742, 396.0190124511719, 31.807483673095703, 73.182373046875, -4.374416351318359, -23.398195266723633, -12.73109245300293, 6.838747978210449, 10.104631423950195, -20.669654846191406, 11.188724517822266, 20.81621742248535], [-212.19300842285156, 56.257301330566406, 31.807483673095703, 270.5514221191406, 39.2218132019043, -25.541698455810547, 10.612098693847656, -6.512750625610352, -17.261249542236328, 4.289189338684082, 5.376219749450684, -7.270942687988281, -5.575802326202393], [62.791786193847656, -79.31076049804688, 73.182373046875, 39.2218132019043, 169.79519653320312, 33.241065979003906, -3.1149117946624756, -15.328856468200684, 10.96679401397705, 25.609405517578125, 8.959542274475098, -4.414799213409424, 16.41626739501953], [156.88380432128906, -75.26805114746094, -4.374416351318359, -25.541698455810547, 33.241065979003906, 107.21912384033203, 26.50397491455078, 16.183401107788086, 8.31920337677002, 0.43032199144363403, 1.0358463525772095, 7.789012908935547, -0.5777339935302734], [-101.72284698486328, -91.7003402709961, -23.398195266723633, 10.612098693847656, -3.1149117946624756, 26.50397491455078, 111.97607421875, 52.23427963256836, -3.5273053646087646, -11.701720237731934, 27.64174461364746, 7.071229934692383, -6.219855308532715], [-156.15699768066406, -143.1436004638672, -12.73109245300293, -6.512750625610352, -15.328856468200684, 16.183401107788086, 52.23427963256836, 109.98146057128906, 27.99076271057129, -4.226318836212158, 23.258678436279297, 21.090742111206055, -2.1337878704071045], [-86.13481140136719, -1.6901074647903442, 6.838747978210449, -17.261249542236328, 10.96679401397705, 8.31920337677002, -3.5273053646087646, 27.99076271057129, 83.4739761352539, 31.70661163330078, 4.622873306274414, 15.025069236755371, 15.203990936279297], [-61.03779602050781, 42.19600296020508, 10.104631423950195, 4.289189338684082, 25.609405517578125, 0.43032199144363403, -11.701720237731934, -4.226318836212158, 31.70661163330078, 78.32865905761719, 18.212589263916016, 9.754871368408203, 9.925741195678711], [-72.80650329589844, -104.552001953125, -20.669654846191406, 5.376219749450684, 8.959542274475098, 1.0358463525772095, 27.64174461364746, 23.258678436279297, 4.622873306274414, 18.212589263916016, 81.89431762695312, 24.717182159423828, 8.281579971313477], [-130.69700622558594, 16.740482330322266, 11.188724517822266, -7.270942687988281, -4.414799213409424, 7.789012908935547, 7.071229934692383, 21.090742111206055, 15.025069236755371, 9.754871368408203, 24.717182159423828, 73.33027648925781, 26.3985538482666], [-1.0970698595046997, 46.06217956542969, 20.81621742248535, -5.575802326202393, 16.41626739501953, -0.5777339935302734, -6.219855308532715, -2.1337878704071045, 15.203990936279297, 9.925741195678711, 8.281579971313477, 26.3985538482666, 62.783485412597656]], "lowlevel.mfcc.icov": [[0.00018253206508234143, -8.597825399192516e-06, -6.259676592890173e-05, 0.00013095322356093675, 1.0320293768018018e-05, -0.00034552914439700544, 0.00015718892973382026, 0.00014405797992367297, 0.00013060250785201788, 0.00011811686272267252, -9.51190959312953e-05, 0.0003693103790283203, -0.0001365658681606874], [-8.597825399192516e-06, 0.0008330502896569669, -1.0788266081362963e-05, -0.0002468485326971859, 0.0005725222872570157, 0.0002924413711298257, -0.00020070068421773612, 0.0010453397408127785, -0.00010403206397313625, -0.000690760207362473, 0.0011667032958939672, -0.0005954101798124611, -0.0005301878554746509], [-6.259676592890173e-05, -1.0788266081362963e-05, 0.0029334325809031725, -0.0001998366933548823, -0.0013830008683726192, 0.0006107501103542745, 0.00026164099108427763, -0.00027545038028620183, 7.624509453307837e-05, -7.26725411368534e-05, 0.001147637376561761, -0.0009315253118984401, -0.00036640226608142257], [0.00013095322356093675, -0.0002468485326971859, -0.0001998366933548823, 0.004306773655116558, -0.0014227315550670028, 0.001185938366688788, -0.0006323983543552458, -0.0002315119345439598, 0.001034747576341033, -8.842740498948842e-05, -0.00031837745336815715, 0.0003538734745234251, 0.0006011392688378692], [1.0320293768018018e-05, 0.0005725222872570157, -0.0013830008683726192, -0.0014227315550670028, 0.00854511372745037, -0.003044871613383293, 4.863912545260973e-05, 0.0019875140860676765, -0.0006497495342046022, -0.00218057818710804, -0.0007606716244481504, 0.0017697502626106143, -0.0024193543940782547], [-0.00034552914439700544, 0.0002924413711298257, 0.0006107501103542745, 0.001185938366688788, -0.003044871613383293, 0.012407330796122551, -0.003260456258431077, -0.0004054231394547969, -0.0007880343473516405, -0.00019707197498064488, 0.002335386583581567, -0.0028150950092822313, 0.0013533735182136297], [0.00015718892973382026, -0.00020070068421773612, 0.00026164099108427763, -0.0006323983543552458, 4.863912545260973e-05, -0.003260456258431077, 0.013740231283009052, -0.00603484595194459, 0.00215689605101943, 0.0017784013180062175, -0.00390164228156209, 0.0015560779720544815, 0.00017736908921506256], [0.00014405797992367297, 0.0010453397408127785, -0.00027545038028620183, -0.0002315119345439598, 0.0019875140860676765, -0.0004054231394547969, -0.00603484595194459, 0.01617550291121006, -0.00605746591463685, 0.0017333594150841236, -0.0005916539812460542, -0.0031374101527035236, 0.0013249266194179654], [0.00013060250785201788, -0.00010403206397313625, 7.624509453307837e-05, 0.001034747576341033, -0.0006497495342046022, -0.0007880343473516405, 0.00215689605101943, -0.00605746591463685, 0.017731836065649986, -0.006904181092977524, 0.001957068219780922, -0.0003722766996361315, -0.002988469786942005], [0.00011811686272267252, -0.000690760207362473, -7.26725411368534e-05, -8.842740498948842e-05, -0.00218057818710804, -0.00019707197498064488, 0.0017784013180062175, 0.0017333594150841236, -0.006904181092977524, 0.018261250108480453, -0.005428827367722988, 0.00012584362411871552, 0.000776671979110688], [-9.51190959312953e-05, 0.0011667032958939672, 0.001147637376561761, -0.00031837745336815715, -0.0007606716244481504, 0.002335386583581567, -0.00390164228156209, -0.0005916539812460542, 0.001957068219780922, -0.005428827367722988, 0.01845218427479267, -0.0059243799187242985, -0.0010112803429365158], [0.0003693103790283203, -0.0005954101798124611, -0.0009315253118984401, 0.0003538734745234251, 0.0017697502626106143, -0.0028150950092822313, 0.0015560779720544815, -0.0031374101527035236, -0.0003722766996361315, 0.00012584362411871552, -0.0059243799187242985, 0.020494990050792694, -0.007423351984471083], [-0.0001365658681606874, -0.0005301878554746509, -0.00036640226608142257, 0.0006011392688378692, -0.0024193543940782547, 0.0013533735182136297, 0.00017736908921506256, 0.0013249266194179654, -0.002988469786942005, 0.000776671979110688, -0.0010112803429365158, -0.007423351984471083, 0.02105247974395752]], "metadata.audio_properties.analysis.downmi