{"song_id": "1183707990537285632", "download": "https://cdn.discordapp.com/attachments/1135911532732108921/1183707990537285632/chirp.mp4?ex=658950f9&amp", "lyrics": "[Verse]\nCada desafio foi um degrau para ascender, Cada adeus, uma li\u00e7\u00e3o para aprender. Gratid\u00e3o pelos abra\u00e7os, pelo amor compartilhado, Pelos caminhos que juntos, temos trilhado.", "style": ["MPB</span><span>, voz masculina"], "essentia_features": {"lowlevel.average_loudness": 0.9589157700538635, "lowlevel.barkbands_crest.mean": 15.792065620422363, "lowlevel.barkbands_crest.stdev": 4.31584358215332, "lowlevel.barkbands_flatness_db.mean": 0.37866881489753723, "lowlevel.barkbands_flatness_db.stdev": 0.1290447860956192, "lowlevel.barkbands_kurtosis.mean": 33.5842399597168, "lowlevel.barkbands_kurtosis.stdev": 38.70088195800781, "lowlevel.barkbands_skewness.mean": 3.5986969470977783, "lowlevel.barkbands_skewness.stdev": 2.3076837062835693, "lowlevel.barkbands_spread.mean": 6.08195686340332, "lowlevel.barkbands_spread.stdev": 10.271900177001953, "lowlevel.dissonance.mean": 0.40648940205574036, "lowlevel.dissonance.stdev": 0.07161050289869308, "lowlevel.dynamic_complexity": 3.779524326324463, "lowlevel.erbbands_crest.mean": 14.81352710723877, "lowlevel.erbbands_crest.stdev": 5.420000076293945, "lowlevel.erbbands_flatness_db.mean": 0.2636582851409912, "lowlevel.erbbands_flatness_db.stdev": 0.08573306351900101, "lowlevel.erbbands_kurtosis.mean": 10.619001388549805, "lowlevel.erbbands_kurtosis.stdev": 13.578094482421875, "lowlevel.erbbands_skewness.mean": 2.0099880695343018, "lowlevel.erbbands_skewness.stdev": 1.8183703422546387, "lowlevel.erbbands_spread.mean": 31.48239517211914, "lowlevel.erbbands_spread.stdev": 34.07212448120117, "lowlevel.hfc.mean": 13.898619651794434, "lowlevel.hfc.stdev": 13.138096809387207, "lowlevel.loudness_ebu128.integrated": -15.101408958435059, "lowlevel.loudness_ebu128.loudness_range": 1.300684928894043, "lowlevel.loudness_ebu128.momentary.mean": -17.075775146484375, "lowlevel.loudness_ebu128.momentary.stdev": 7.821967124938965, "lowlevel.loudness_ebu128.short_term.mean": -15.116057395935059, "lowlevel.loudness_ebu128.short_term.stdev": 0.6816319823265076, "lowlevel.melbands_crest.mean": 22.88570785522461, "lowlevel.melbands_crest.stdev": 5.601911544799805, "lowlevel.melbands_flatness_db.mean": 0.4803718626499176, "lowlevel.melbands_flatness_db.stdev": 0.15343546867370605, "lowlevel.melbands_kurtosis.mean": 65.50858306884766, "lowlevel.melbands_kurtosis.stdev": 83.56952667236328, "lowlevel.melbands_skewness.mean": 4.807602405548096, "lowlevel.melbands_skewness.stdev": 3.28959321975708, "lowlevel.melbands_spread.mean": 5.2117109298706055, "lowlevel.melbands_spread.stdev": 12.909197807312012, "lowlevel.pitch_salience.mean": 0.36724451184272766, "lowlevel.pitch_salience.stdev": 0.15235020220279694, "lowlevel.silence_rate_20dB.mean": 1.0, "lowlevel.silence_rate_20dB.stdev": 0.0, "lowlevel.silence_rate_30dB.mean": 0.8315450549125671, "lowlevel.silence_rate_30dB.stdev": 0.3742690086364746, "lowlevel.silence_rate_60dB.mean": 0.06330472230911255, "lowlevel.silence_rate_60dB.stdev": 0.24351033568382263, "lowlevel.spectral_centroid.mean": 440.0704040527344, "lowlevel.spectral_centroid.stdev": 558.4886474609375, "lowlevel.spectral_complexity.mean": 6.2253217697143555, "lowlevel.spectral_complexity.stdev": 4.82267427444458, "lowlevel.spectral_decrease.mean": -1.8147860103567837e-08, "lowlevel.spectral_decrease.stdev": 9.92983562042582e-09, "lowlevel.spectral_energy.mean": 0.06975488364696503, "lowlevel.spectral_energy.stdev": 0.037996795028448105, "lowlevel.spectral_energyband_high.mean": 0.00042132611270062625, "lowlevel.spectral_energyband_high.stdev": 0.001804807805456221, "lowlevel.spectral_energyband_low.mean": 0.05722837895154953, "lowlevel.spectral_energyband_low.stdev": 0.033457253128290176, "lowlevel.spectral_energyband_middle_high.mean": 0.001096278545446694, "lowlevel.spectral_energyband_middle_high.stdev": 0.0025078547187149525, "lowlevel.spectral_energyband_middle_low.mean": 0.019825328141450882, "lowlevel.spectral_energyband_middle_low.stdev": 0.019360944628715515, "lowlevel.spectral_entropy.mean": 5.794737815856934, "lowlevel.spectral_entropy.stdev": 1.1514958143234253, "lowlevel.spectral_flux.mean": 0.051805347204208374, "lowlevel.spectral_flux.stdev": 0.038523849099874496, "lowlevel.spectral_kurtosis.mean": 34.12150192260742, "lowlevel.spectral_kurtosis.stdev": 52.911865234375, "lowlevel.spectral_rms.mean": 0.007737946696579456, "lowlevel.spectral_rms.stdev": 0.0028596746269613504, "lowlevel.spectral_rolloff.mean": 411.3028869628906, "lowlevel.spectral_rolloff.stdev": 1111.6373291015625, "lowlevel.spectral_skewness.mean": 3.929165840148926, "lowlevel.spectral_skewness.stdev": 2.8749256134033203, "lowlevel.spectral_spread.mean": 3561297.5, "lowlevel.spectral_spread.stdev": 2406513.75, "lowlevel.spectral_strongpeak.mean": 1.0765881538391113, "lowlevel.spectral_strongpeak.stdev": 0.485902339220047, "lowlevel.zerocrossingrate.mean": 0.019748147577047348, "lowlevel.zerocrossingrate.stdev": 0.03493179753422737, "metadata.audio_properties.analysis.equal_loudness": 0.0, "metadata.audio_properties.analysis.length": 21.61065673828125, "metadata.audio_properties.analysis.sample_rate": 44100.0, "metadata.audio_properties.analysis.start_time": 0.0, "metadata.audio_properties.bit_rate": 113313.0, "metadata.audio_properties.length": 21.610666275024414, "metadata.audio_properties.lossless": 0.0, "metadata.audio_properties.number_channels": 1.0, "metadata.audio_properties.replay_gain": -8.829874038696289, "metadata.audio_properties.sample_rate": 48000.0, "rhythm.beats_count": 39.0, "rhythm.beats_loudness.mean": 0.08379144221544266, "rhythm.beats_loudness.stdev": 0.04067413881421089, "rhythm.bpm": 101.1833267211914, "rhythm.bpm_histogram_first_peak_bpm": 101.0, "rhythm.bpm_histogram_first_peak_weight": 0.4166666865348816, "rhythm.bpm_histogram_second_peak_bpm": 136.0, "rhythm.bpm_histogram_second_peak_spread": 0.5, "rhythm.bpm_histogram_second_peak_weight": 0.15789473056793213, "rhythm.danceability": 1.1428234577178955, "rhythm.onset_rate": 3.375037908554077, "tonal.chords_changes_rate": 0.07066380977630615, "tonal.chords_number_rate": 0.02355460450053215, "tonal.chords_strength.mean": 0.4726808965206146, "tonal.chords_strength.stdev": 0.1028486117720604, "tonal.hpcp_crest.mean": 14.638394355773926, "tonal.hpcp_crest.stdev": 6.569234848022461, "tonal.hpcp_entropy.mean": 1.8388267755508423, "tonal.hpcp_entropy.stdev": 0.7146250605583191, "tonal.key_edma.strength": 0.5979270339012146, "tonal.key_krumhansl.strength": 0.6037307381629944, "tonal.key_temperley.strength": 0.6038732528686523, "tonal.tuning_diatonic_strength": 0.482162743806839, "tonal.tuning_equal_tempered_deviation": 0.09440423548221588, "tonal.tuning_frequency": 437.4657897949219, "tonal.tuning_nontempered_energy_ratio": 0.7281198501586914, "lowlevel.barkbands.mean": [4.5475069782696664e-05, 0.014677824452519417, 0.03369932621717453, 0.011892450973391533, 0.005831217858940363, 0.0010150240268558264, 0.0006856436957605183, 0.000231791622354649, 0.00015007743786554784, 0.0001564375270390883, 8.750874258112162e-05, 8.04737355792895e-05, 5.520790000446141e-05, 0.0001271158253075555, 0.0002342682855669409, 0.0001017540052998811, 0.00013584396219812334, 9.887736814562231e-05, 1.2154353498772252e-05, 0.00013988111459184438, 7.163942063925788e-05, 3.9592807297594845e-05, 5.435087950900197e-05, 3.3246673410758376e-05, 8.511407213518396e-05, 1.2684597095358185e-05, 3.0775639814351052e-09], "lowlevel.barkbands.stdev": [0.00011429406004026532, 0.017641844227910042, 0.028574170544743538, 0.01604512892663479, 0.0076757813803851604, 0.0011216177372261882, 0.0020882179960608482, 0.0010820671450346708, 0.0006170099950395525, 0.0006913731922395527, 0.00045223094639368355, 0.00034516851883381605, 0.00031819313880987465, 0.0005349250859580934, 0.0008769133128225803, 0.000309216819005087, 0.0004452960565686226, 0.0002590226649772376, 6.304958515102044e-05, 0.0011736649321392179, 0.00037815148243680596, 0.00017259965534321964, 0.0003143979702144861, 0.00015556714788544923, 0.0003683833929244429, 6.394526280928403e-05, 1.5858782731470455e-08], "lowlevel.erbbands.mean": [0.13881291449069977, 4.766489028930664, 34.648258209228516, 44.17346954345703, 22.681224822998047, 21.87468719482422, 9.833061218261719, 7.718310832977295, 9.078518867492676, 9.362524032592773, 3.171593427658081, 3.9092955589294434, 2.395387649536133, 5.8694233894348145, 4.512784004211426, 2.8834078311920166, 2.6551289558410645, 5.249113082885742, 10.69305419921875, 9.308560371398926, 6.711449146270752, 7.709571838378906, 6.693090915679932, 1.1303645372390747, 0.9055236577987671, 6.263067245483398, 5.774682521820068, 1.6775128841400146, 1.3550328016281128, 1.6523653268814087, 1.5065292119979858, 0.6695194244384766, 0.7329975366592407, 1.131919026374817, 0.4643058478832245, 0.11328580230474472, 0.013342545367777348, 0.0006602905341424048, 5.2718722145073116e-05, 7.88561228546314e-05], "lowlevel.erbbands.stdev": [0.1510353535413742, 5.10826301574707, 30.92156410217285, 40.06690216064453, 24.393157958984375, 33.76791763305664, 13.477221488952637, 9.358702659606934, 27.022367477416992, 30.119619369506836, 10.657031059265137, 16.239526748657227, 8.56248664855957, 27.62810707092285, 22.448837280273438, 11.266733169555664, 14.121867179870605, 21.91562843322754, 42.133628845214844, 36.23440933227539, 20.106433868408203, 22.180736541748047, 16.49928855895996, 4.209242820739746, 4.833188533782959, 53.22264862060547, 32.616966247558594, 8.918254852294922, 5.830898761749268, 8.72915267944336, 9.191304206848145, 3.7672226428985596, 3.4252192974090576, 4.698864459991455, 2.2763216495513916, 0.5698410868644714, 0.06210673972964287, 0.0033841487020254135, 9.792154014576226e-05, 4.308106144890189e-05], "lowlevel.gfcc.mean": [-134.73204040527344, 144.2317657470703, -45.85641098022461, 52.74290466308594, -22.454755783081055, 11.561068534851074, -46.520511627197266, -5.419332504272461, -30.768753051757812, -11.712414741516113, -10.797978401184082, -10.211440086364746, 3.2568607330322266], "lowlevel.melbands.mean": [0.002584884176030755, 0.013855437748134136, 0.006808076985180378, 0.0015998315066099167, 0.0004294156387913972, 0.0001763575419317931, 0.00013894920994061977, 9.322509140474722e-05, 2.4067458070931025e-05, 2.2218986487132497e-05, 1.1745310985133983e-05, 2.4685668904567137e-05, 1.3268599104776513e-05, 1.1341438039380591e-05, 6.190585281729e-06, 4.794989763468038e-06, 1.0241898053209297e-05, 1.6801501260488294e-05, 1.5789588360348716e-05, 8.258903108071536e-06, 7.945011020638049e-06, 7.817017831257544e-06, 8.514514775015414e-06, 3.368280886206776e-06, 6.24210144906101e-07, 4.0886013152885425e-07, 9.57224756348296e-07, 5.4337292567652185e-06, 4.748110313812504e-06, 1.6550474128962378e-06, 6.79392314850702e-07, 7.341639047808712e-07, 8.275511049760098e-07, 9.498578492639353e-07, 9.227087502949871e-07, 6.248150725696178e-07, 3.296919146578148e-07, 4.1044145859814307e-07, 7.858122330617334e-07, 1.0168840844926308e-06], "lowlevel.melbands.stdev": [0.0030884332954883575, 0.010692394338548183, 0.005478504579514265, 0.0020689747761934996, 0.0006053284159861505, 0.0002083372528431937, 0.00042378640500828624, 0.000319541257340461, 8.272245031548664e-05, 9.336756920674816e-05, 4.384716157801449e-05, 0.0001187610105262138, 6.394698721123859e-05, 4.919749335385859e-05, 3.5314387787366286e-05, 2.0122703062952496e-05, 4.6116718294797465e-05, 7.016213203314692e-05, 5.800521103083156e-05, 2.94159326585941e-05, 2.635532473505009e-05, 2.5128958441200666e-05, 2.1751127860625274e-05, 9.454508472117595e-06, 2.984098500746768e-06, 2.292647423018934e-06, 5.172261353436625e-06, 4.9970407417276874e-05, 2.9020424335612915e-05, 9.788182069314644e-06, 3.606052814575378e-06, 3.2479208584845765e-06, 3.949493020627415e-06, 5.291995421430329e-06, 5.8190084928355645e-06, 3.7462093587237177e-06, 1.851838533184491e-06, 2.107093678205274e-06, 3.4632350889296504e-06, 4.1884713937179185e-06], "lowlevel.melbands128.mean": [2.9631579309352674e-05, 0.00033391048782505095, 0.00248583871871233, 0.008936977945268154, 0.017640382051467896, 0.015384295023977757, 0.009998396039009094, 0.004284026101231575, 0.0016085818642750382, 0.0020432330202311277, 0.0011558118276298046, 0.00044685223838314414, 0.00026053827605210245, 0.00034143455559387803, 0.00019655257347039878, 6.674580072285607e-05, 0.00010778314026538283, 0.00018752750474959612, 0.00012942461762577295, 0.00011064962018281221, 7.869173714425415e-05, 1.9910601622541435e-05, 1.1313099093968049e-05, 3.226758781238459e-05, 3.722893961821683e-05, 1.0547117199166678e-05, 7.758901119814254e-06, 8.728677130420692e-06, 1.360409805784002e-05, 3.9847891457611695e-05, 2.277543353557121e-05, 8.818595233606175e-06, 1.0871382073673885e-05, 1.8658547560335137e-05, 1.5666675608372316e-05, 8.90033243194921e-06, 4.75343858852284e-06, 4.190943400317337e-06, 1.0121482773683965e-05, 4.622996129910462e-06, 2.56390171671228e-06, 5.67371216675383e-06, 1.0377427315688692e-05, 1.3019324796914589e-05, 1.1811498552560806e-05, 2.0848836356890388e-05, 1.7962891433853656e-05, 1.396227344230283e-05, 1.896355752251111e-05, 1.0354524420108646e-05, 5.0244898375240155e-06, 7.545671905972995e-06, 8.009708835743368e-06, 7.691901373618748e-06, 8.7765429270803e-06, 7.551559065177571e-06, 7.301640835066792e-06, 8.324621376232244e-06, 1.0188260603172239e-05, 6.8947169893363025e-06, 2.6920868094748585e-06, 9.37216555030318e-07, 7.649748567928327e-07, 4.914597298011358e-07, 4.709442578132439e-07, 3.523299199059693e-07, 3.663658674213366e-07, 6.18695366938482e-07, 9.302195280724845e-07, 1.4783609003643505e-06, 4.594231086230138e-06, 8.406556844420265e-06, 7.410877060465282e-06, 3.634487939052633e-06, 2.301503627677448e-06, 1.891115857688419e-06, 1.3371111435844796e-06, 8.022203132895811e-07, 5.35785773081443e-07, 5.778459239991207e-07, 7.326312925215461e-07, 8.119171752696275e-07, 7.00840473655262e-07, 8.386932677240111e-07, 9.132783134191413e-07, 9.396569566888502e-07, 1.022218270918529e-06, 8.789401704234479e-07, 9.274477861254127e-07, 9.329966133009293e-07, 8.31092108910525e-07, 5.158440785635321e-07, 3.195272881839628e-07, 3.4198862408629793e-07, 2.9033560622337973e-07, 3.624835755999811e-07, 3.7676483088944224e-07, 5.897923642805836e-07, 6.125054028416343e-07, 9.888822205539327e-07, 1.2174144785603858e-06, 1.081658638213412e-06, 7.015988217062841e-07, 6.577934641427419e-07, 4.931104058414348e-07, 4.1237620962419896e-07, 3.593061705942091e-07, 2.718890357300552e-07, 1.9810111950846476e-07, 7.637694210416157e-08, 4.304882139649635e-08, 4.313848123160824e-08, 4.196100888975707e-08, 2.4994042391313087e-08, 9.351364127496709e-09, 1.0804636074723817e-09, 6.36129829367782e-11, 9.362947049618153e-12, 7.706107453542277e-12, 6.992020244039887e-12, 6.7959522558058705e-12, 6.672880997760089e-12, 6.522009928650041e-12, 6.407349043696664e-12, 6.259992958029814e-12, 6.0719992402147316e-12, 5.961873789789296e-12, 5.921252637514085e-12], "lowlevel.melbands128.stdev": [6.771705375285819e-05, 0.0004468704864848405, 0.003996703773736954, 0.011120063252747059, 0.01847129501402378, 0.01210260484367609, 0.01051260344684124, 0.006227561738342047, 0.00220409850589931, 0.0034938885364681482, 0.002147098071873188, 0.0010792198590934277, 0.0005655753193423152, 0.0003998959145974368, 0.00028401074814610183, 0.00022190329036675394, 0.0003469406219664961, 0.0007000027690082788, 0.0005310371634550393, 0.0004399166500661522, 0.00042493679211474955, 9.588342800270766e-05, 6.801639392506331e-05, 0.0001665464078541845, 0.00017361321079079062, 6.44346364424564e-05, 4.9688478611642495e-05, 5.868077641935088e-05, 5.5854645324870944e-05, 0.00020877101633232087, 0.00014555049710907042, 4.996448478777893e-05, 6.373940414050594e-05, 0.00013893032155465335, 8.706491644261405e-05, 5.391670856624842e-05, 2.571324512246065e-05, 2.3624712412129156e-05, 8.667942165629938e-05, 2.547387521190103e-05, 1.2074016922269948e-05, 2.7439844416221604e-05, 5.629517181660049e-05, 8.672507101437077e-05, 6.636515900027007e-05, 0.00011443268158473074, 9.123325435211882e-05, 6.295352795859799e-05, 0.00010945325630018488, 5.382307426771149e-05, 1.8352176994085312e-05, 3.04135955957463e-05, 3.4541208151495084e-05, 3.748928429558873e-05, 4.25068756157998e-05, 2.9819046176271513e-05, 2.6178657208220102e-05, 2.7689044145517983e-05, 3.11575859086588e-05, 1.953740320459474e-05, 9.886706720863003e-06, 4.21315189669258e-06, 4.277013886166969e-06, 2.3634634089830797e-06, 3.3836697639344493e-06, 2.1476523670571623e-06, 1.9933506791858235e-06, 5.023084668209776e-06, 5.6967705859278794e-06, 8.001972673810087e-06, 4.6592260332545266e-05, 8.266510121757165e-05, 5.826403867104091e-05, 1.8875571186072193e-05, 1.1991171049885452e-05, 1.4325592019304167e-05, 7.4037166086782236e-06, 5.254258212517016e-06, 2.8916153951286105e-06, 3.060321205339278e-06, 3.5600764931587037e-06, 3.7682796119042905e-06, 3.4083102491422324e-06, 3.986201136285672e-06, 4.855058705288684e-06, 5.615870577457827e-06, 6.105385637056315e-06, 5.356019300961634e-06, 6.452180969063193e-06, 6.500079507532064e-06, 5.474762929225108e-06, 3.1367280826088972e-06, 2.078403213090496e-06, 2.3541226710221963e-06, 1.493486706749536e-06, 2.204402335337363e-06, 2.0094933006475912e-06, 3.3494407034595497e-06, 2.784978732961463e-06, 4.3457926039991435e-06, 5.200161012908211e-06, 4.34947924077278e-06, 3.3988083032454597e-06, 3.320363020975492e-06, 3.0240257729019504e-06, 2.1760063191322843e-06, 1.9031479041586863e-06, 1.5420166619151132e-06, 1.162723947345512e-06, 3.8299145899145515e-07, 2.4345749238818826e-07, 2.2011973044300248e-07, 2.1559741014698375e-07, 1.5239437800573796e-07, 6.360002657856967e-08, 9.100192599476031e-09, 5.700209193548744e-10, 4.947395965126944e-11, 2.0562721664285633e-11, 1.1773040008156155e-11, 1.1466870855625366e-11, 1.1224880400173554e-11, 1.0997905711129796e-11, 1.0807158987158338e-11, 1.0652335784289146e-11, 1.0526755682416233e-11, 1.0435323612167924e-11, 1.0379097754864564e-11], "lowlevel.mfcc.mean": [-803.7894897460938, 173.3702392578125, 47.26944351196289, 49.72483825683594, 46.73118209838867, 17.023542404174805, 13.018616676330566, -2.8266329765319824, 3.077542304992676, -15.064338684082031, -16.05685806274414, 1.6153241395950317, 2.0361692905426025], "lowlevel.spectral_contrast_coeffs.mean": [-0.5827289819717407, -0.7022100687026978, -0.794105052947998, -0.8133460879325867, -0.8014094233512878, -0.8034713268280029], "lowlevel.spectral_contrast_coeffs.stdev": [0.08342157304286957, 0.09311334043741226, 0.061001602560281754, 0.06464122980833054, 0.07155758887529373, 0.049530237913131714], "lowlevel.spectral_contrast_valleys.mean": [-6.759068489074707, -8.546785354614258, -9.198558807373047, -9.320599555969238, -9.528494834899902, -12.103557586669922], "lowlevel.spectral_contrast_valleys.stdev": [1.485303282737732, 1.103818655014038, 1.0726516246795654, 1.194701910018921, 1.3025710582733154, 1.4963319301605225], "rhythm.beats_loudness_band_ratio.mean": [0.846146821975708, 0.10332698374986649, 0.023554198443889618, 0.01822723262012005, 0.02530457079410553, 0.012483741156756878], "rhythm.beats_loudness_band_ratio.stdev": [0.1906697303056717, 0.09946124255657196, 0.05328453332185745, 0.041505806148052216, 0.05646020919084549, 0.02550261653959751], "tonal.hpcp.mean": [0.3389875590801239, 0.1842195838689804, 0.033655356615781784, 0.020711006596684456, 0.012443825602531433, 0.009167419746518135, 0.016231784597039223, 0.017783397808670998, 0.07097630947828293, 0.14015431702136993, 0.08398453146219254, 0.012427530251443386, 0.007267358712852001, 0.006310759577900171, 0.06276703625917435, 0.2134874314069748, 0.16568346321582794, 0.015784207731485367, 0.008467775769531727, 0.009515945799648762, 0.03275338560342789, 0.10380957275629044, 0.08568644523620605, 0.018203571438789368, 0.017565986141562462, 0.014151176437735558, 0.023581111803650856, 0.031671300530433655, 0.02931428700685501, 0.09454674273729324, 0.15668009221553802, 0.0864652544260025, 0.015020109713077545, 0.010624621994793415, 0.017323816195130348, 0.18935659527778625], "tonal.hpcp.stdev": [0.45069995522499084, 0.25888484716415405, 0.12701815366744995, 0.11029968410730362, 0.0755465030670166, 0.04229460656642914, 0.06558327376842499, 0.07483931630849838, 0.16743779182434082, 0.3305061161518097, 0.19868825376033783, 0.075764961540699, 0.04302968084812164, 0.054671913385391235, 0.13622964918613434, 0.4009535014629364, 0.3177223205566406, 0.07104703783988953, 0.056765370070934296, 0.057204362004995346, 0.09813718497753143, 0.2607428729534149, 0.2182132452726364, 0.07220719009637833, 0.10425640642642975, 0.08433187007904053, 0.1325366199016571, 0.15276888012886047, 0.13973690569400787, 0.22758477926254272, 0.34880247712135315, 0.21008190512657166, 0.1004096046090126, 0.060258958488702774, 0.08831553161144257, 0.26444917917251587], "rhythm.beats_position": [0.5804988741874695, 1.160997748374939, 1.7647165060043335, 2.356825351715088, 2.9489340782165527, 3.5410430431365967, 4.14476203918457, 4.736870765686035, 5.3289794921875, 5.909478187561035, 6.501587390899658, 7.093696117401123, 7.685804843902588, 8.277914047241211, 8.858412742614746, 9.450521469116211, 10.031020164489746, 10.623128890991211, 11.215237617492676, 11.80734634399414, 12.411065101623535, 13.003174781799316, 13.606893539428711, 14.210612297058105, 14.8143310546875, 15.290339469909668, 15.754738807678223, 16.20752716064453, 16.648706436157227, 17.089885711669922, 17.531064987182617, 17.972244262695312, 18.401813507080078, 18.854602813720703, 19.28417205810547, 19.713741302490234, 20.15492057800293, 20.584489822387695, 21.02566909790039], "rhythm.bpm_histogram": [0.0, 0.0, 0.0, 0.0, 0.0, 0.0, 0.0, 0.0, 0.0, 0.0, 0.0, 0.0, 0.0, 0.0, 0.0, 0.0, 0.0, 0.0, 0.0, 0.0, 0.0, 0.0, 0.0, 0.0, 0.0, 0.0, 0.0, 0.0, 0.0, 0.0, 0.0, 0.0, 0.0, 0.0, 0.0, 0.0, 0.0, 0.0, 0.0, 0.0, 0.0, 0.0, 0.0, 0.0, 0.0, 0.0, 0.0, 0.0, 0.0, 0.0, 0.0, 0.0, 0.0, 0.0, 0.0, 0.0, 0.0, 0.0, 0.0, 0.0, 0.0, 0.0, 0.0, 0.0, 0.0, 0.0, 0.0, 0.0, 0.0, 0.0, 0.0, 0.0, 0.0, 0.0, 0.0, 0.0, 0.0, 0.0, 0.0, 0.0, 0.0, 0.0, 0.0, 0.0, 0.0, 0.0, 0.0, 0.0, 0.0, 0.0, 0.0, 0.0, 0.0, 0.0, 0.0, 0.0, 0.0, 0.0, 0.0, 0.15789473056793213, 0.0, 0.3684210479259491, 0.0, 0.10526315867900848, 0.0, 0.0, 0.0, 0.0, 0.0, 0.0, 0.0, 0.0, 0.0, 0.0, 0.0, 0.0, 0.0, 0.0, 0.0, 0.0, 0.0, 0.0, 0.0, 0.0, 0.0, 0.0, 0.02631578966975212, 0.0, 0.0, 0.02631578966975212, 0.0, 0.0, 0.0, 0.05263157933950424, 0.0, 0.0, 0.15789473056793213, 0.0, 0.0, 0.0, 0.10526315867900848, 0.0, 0.0, 0.0, 0.0, 0.0, 0.0, 0.0, 0.0, 0.0, 0.0, 0.0, 0.0, 0.0, 0.0, 0.0, 0.0, 0.0, 0.0, 0.0, 0.0, 0.0, 0.0, 0.0, 0.0, 0.0, 0.0, 0.0, 0.0, 0.0, 0.0, 0.0, 0.0, 0.0, 0.0, 0.0, 0.0, 0.0, 0.0, 0.0, 0.0, 0.0, 0.0, 0.0, 0.0, 0.0, 0.0, 0.0, 0.0, 0.0, 0.0, 0.0, 0.0, 0.0, 0.0, 0.0, 0.0, 0.0, 0.0, 0.0, 0.0, 0.0, 0.0, 0.0, 0.0, 0.0, 0.0, 0.0, 0.0, 0.0, 0.0, 0.0, 0.0, 0.0, 0.0, 0.0, 0.0, 0.0, 0.0, 0.0, 0.0, 0.0, 0.0, 0.0, 0.0, 0.0, 0.0, 0.0, 0.0, 0.0, 0.0, 0.0, 0.0, 0.0, 0.0, 0.0, 0.0, 0.0, 0.0, 0.0, 0.0, 0.0, 0.0, 0.0, 0.0, 0.0, 0.0, 0.0, 0.0, 0.0], "tonal.chords_histogram": [8.993576049804688, 17.1306209564209, 11.777301788330078, 17.34475326538086, 0.0, 11.777301788330078, 0.0, 4.710920810699463, 0.0, 16.274089813232422, 0.0, 0.0, 0.0, 2.5695931911468506, 0.0, 1.0706638097763062, 0.856531023979187, 0.0, 4.0685224533081055, 0.0, 0.0, 0.0, 0.21413275599479675, 3.211991548538208], "tonal.thpcp": [1.0, 0.5434405207633972, 0.09928198158740997, 0.06109665706753731, 0.03670879825949669, 0.027043528854846954, 0.04788312688469887, 0.05246032401919365, 0.20937733352184296, 0.4134497344493866, 0.24775107204914093, 0.036660727113485336, 0.021438423544168472, 0.01861649379134178, 0.185160294175148, 0.6297795176506042, 0.48875972628593445, 0.0465627945959568, 0.0249796062707901, 0.02807166613638401, 0.09662120044231415, 0.3062341809272766, 0.25277164578437805, 0.05369982123374939, 0.05181897059082985, 0.041745416820049286, 0.0695633515715599, 0.0934290960431099, 0.08647599816322327, 0.27890917658805847, 0.4622001349925995, 0.2550691068172455, 0.04430873319506645, 0.031342219561338425, 0.051104579120874405, 0.5585945248603821], "lowlevel.gfcc.cov": [[14554.15234375, -1274.82177734375, -808.3849487304688, 1007.3720703125, -657.0571899414062, 595.2918701171875, -764.5989379882812, 1240.228515625, 126.3924560546875, 263.08746337890625, -394.3623352050781, -496.34576416015625, 62.66039276123047], [-1274.82177734375, 3113.863037109375, 1052.6180419921875, -537.2128295898438, 952.270751953125, -324.9163818359375, 637.2052612304688, -404.75299072265625, 377.5165710449219, -426.8433837890625, 513.6220092773438, -65.08259582519531, 293.2194519042969], [-808.3849487304688, 1052.6180419921875, 1790.6697998046875, 207.46351623535156, 286.68170166015625, -46.8660888671875, 460.4080505371094, -285.7021484375, 115.94731903076172, -47.213172912597656, 297.69219970703125, 136.79598999023438, 115.33316040039062], [1007.3720703125, -537.2128295898438, 207.46351623535156, 796.9325561523438, 13.751945495605469, 42.98637771606445, 56.838661193847656, -43.78242111206055, -16.193584442138672, 122.09697723388672, 2.3520333766937256, 84.21125030517578, 40.99410629272461], [-657.0571899414062, 952.270751953125, 286.68170166015625, 13.751945495605469, 694.8863525390625, -52.33251190185547, 286.8420715332031, -186.28726196289062, 151.50103759765625, -122.40165710449219, 158.22193908691406, 29.592994689941406, 118.07257843017578], [595.2918701171875, -324.9163818359375, -46.8660888671875, 42.98637771606445, -52.33251190185547, 360.4347229003906, 46.24947738647461, -23.82898712158203, -80.39669036865234, 46.866146087646484, -80.18840789794922, -56.683380126953125, -11.711666107177734], [-764.5989379882812, 637.2052612304688, 460.4080505371094, 56.838661193847656, 286.8420715332031, 46.24947738647461, 510.08734130859375, -266.09014892578125, -17.820215225219727, -63.32667922973633, 109.12984466552734, 28.369264602661133, 97.03466796875], [1240.228515625, -404.75299072265625, -285.7021484375, -43.78242111206055, -186.28726196289062, -23.82898712158203, -266.09014892578125, 449.7886657714844, 43.332218170166016, 43.48876190185547, -89.42301940917969, -46.873443603515625, -73.06024169921875], [126.3924560546875, 377.5165710449219, 115.94731903076172, -16.193584442138672, 151.50103759765625, -80.39669036865234, -17.820215225219727, 43.332218170166016, 232.21705627441406, -30.867002487182617, 58.01616287231445, 7.297853469848633, 14.433476448059082], [263.08746337890625, -426.8433837890625, -47.213172912597656, 122.09697723388672, -122.40165710449219, 46.866146087646484, -63.32667922973633, 43.48876190185547, -30.867002487182617, 180.18161010742188, -42.426490783691406, 1.6881605386734009, -40.37372970581055], [-394.3623352050781, 513.6220092773438, 297.69219970703125, 2.3520333766937256, 158.22193908691406, -80.18840789794922, 109.12984466552734, -89.42301940917969, 58.01616287231445, -42.426490783691406, 197.6169891357422, 41.30044937133789, 53.1124153137207], [-496.34576416015625, -65.08259582519531, 136.79598999023438, 84.21125030517578, 29.592994689941406, -56.683380126953125, 28.369264602661133, -46.873443603515625, 7.297853469848633, 1.6881605386734009, 41.30044937133789, 166.30258178710938, 0.06943489611148834], [62.66039276123047, 293.2194519042969, 115.33316040039062, 40.99410629272461, 118.07257843017578, -11.711666107177734, 97.03466796875, -73.06024169921875, 14.433476448059082, -40.37372970581055, 53.1124153137207, 0.06943489611148834, 113.99079132080078]], "lowlevel.gfcc.icov": [[0.00018189150432590395, -0.0003902493044734001, 8.225763303926215e-05, -0.0005053097847849131, 0.00025339273270219564, -0.0004578196967486292, 0.0002801711088977754, -0.0005315220914781094, 0.00012921052984893322, -0.00022760282445233315, 0.0004221231793053448, 7.15012865839526e-05, -0.0001800154277589172], [-0.0003902493044734001, 0.004587456583976746, -0.0009502021712251008, 0.0031869139056652784, -0.0020112451165914536, 0.0025951070711016655, -0.0023495913483202457, 0.001762561732903123, -0.003106720047071576, 0.0034806830808520317, -0.004937478341162205, 0.0032666202168911695, -0.0023661453742533922], [8.225763303926215e-05, -0.0009502021712251008, 0.001166299800388515, -0.0008195310947485268, 0.0007060682983137667, -0.0006627050461247563, -0.00025302471476607025, -0.0002923588326666504, 0.00012073513062205166, -0.0007486172835342586, -4.765223275171593e-05, -0.0010475633898749948, 0.0004846585216000676], [-0.0005053097847849131, 0.0031869139056652784, -0.0008195310947485268, 0.004222525749355555, -0.0016397279687225819, 0.002042044885456562, -0.0017491031903773546, 0.0017842388479039073, -0.001895903144031763, 0.0010093661257997155, -0.003056226298213005, 0.0008968895417638123, -0.00204754201695323], [0.00025339273270219564, -0.0020112451165914536, 0.0007060682983137667, -0.0016397279687225819, 0.0037575613241642714, -0.0013957518385723233, -0.0001323606411460787, -0.0006251733866520226, -0.0005056021036580205, -0.0006340329418890178, 0.0012415004894137383, -0.0013589487643912435, -0.00015215325402095914], [-0.0004578196967486292, 0.0025951070711016655, -0.0006627050461247563, 0.002042044885456562, -0.0013957518385723233, 0.00545688858255744, -0.00196076394058764, 0.001781212049536407, -0.0007241470739245415, 0.0011851622257381678, -0.0013721403665840626, 0.0024658560287207365, -0.0005212145042605698], [0.0002801711088977754, -0.0023495913483202457, -0.00025302471476607025, -0.0017491031903773546, -0.0001323606411460787, -0.00196076394058764, 0.005484644323587418, 0.00014124657900538296, 0.0026762939523905516, -0.0014501287369057536, 0.0025573710445314646, -0.0012679245555773377, 8.898166561266407e-05], [-0.0005315220914781094, 0.001762561732903123, -0.0002923588326666504, 0.0017842388479039073, -0.0006251733866520226, 0.001781212049536407, 0.00014124657900538296, 0.005204502958804369, -0.0018351780017837882, 0.0010875974548980594, -0.0013493974693119526, 0.0010059032356366515, 0.0007042225915938616], [0.00012921052984893322, -0.003106720047071576, 0.00012073513062205166, -0.001895903144031763, -0.0005056021036580205, -0.0007241470739245415, 0.0026762939523905516, -0.0018351780017837882, 0.00864295195788145, -0.0023429517168551683, 0.0027769834268838167, -0.0021461942233145237, 0.0022581699304282665], [-0.00022760282445233315, 0.0034806830808520317, -0.0007486172835342586, 0.0010093661257997155, -0.0006340329418890178, 0.0011851622257381678, -0.0014501287369057536, 0.0010875974548980594, -0.0023429517168551683, 0.010426620952785015, -0.003765342989936471, 0.0027903132140636444, 1.8477878256817348e-05], [0.0004221231793053448, -0.004937478341162205, -4.765223275171593e-05, -0.003056226298213005, 0.0012415004894137383, -0.0013721403665840626, 0.0025573710445314646, -0.0013493974693119526, 0.0027769834268838167, -0.003765342989936471, 0.014317252673208714, -0.004230421967804432, 0.0007936311885714531], [7.15012865839526e-05, 0.0032666202168911695, -0.0010475633898749948, 0.0008968895417638123, -0.0013589487643912435, 0.0024658560287207365, -0.0012679245555773377, 0.0010059032356366515, -0.0021461942233145237, 0.0027903132140636444, -0.004230421967804432, 0.010611494071781635, -0.001095033367164433], [-0.0001800154277589172, -0.0023661453742533922, 0.0004846585216000676, -0.00204754201695323, -0.00015215325402095914, -0.0005212145042605698, 8.898166561266407e-05, 0.0007042225915938616, 0.0022581699304282665, 1.8477878256817348e-05, 0.0007936311885714531, -0.001095033367164433, 0.015035197138786316]], "lowlevel.mfcc.cov": [[14676.4833984375, -2328.16064453125, -507.2538146972656, -229.94639587402344, 400.2885437011719, -820.3685302734375, -185.71336364746094, -159.59437561035156, 691.7612915039062, 591.939697265625, 193.84056091308594, 167.36663818359375, -154.09732055664062], [-2328.16064453125, 3653.734619140625, 335.8688049316406, 146.56329345703125, 356.5003967285156, 136.4065399169922, 317.24609375, 297.7130126953125, -68.05819702148438, 6.45350456237793, -78.69517517089844, 55.41355514526367, 2.347027063369751], [-507.2538146972656, 335.8688049316406, 1296.1553955078125, 364.5294494628906, -54.63359451293945, 266.555908203125, 155.9946746826172, 55.17176055908203, -34.090877532958984, -83.78325653076172, 67.55764770507812, 0.6875737905502319, 161.20359802246094], [-229.94639587402344, 146.56329345703125, 364.5294494628906, 815.3072509765625, 99.6737060546875, 264.0826721191406, 107.45462036132812, 74.96393585205078, -3.5508809089660645, -94.70059967041016, 7.04514741897583, 17.008737564086914, 181.8138885498047], [400.2885437011719, 356.5003967285156, -54.63359451293945, 99.6737060546875, 404.0611572265625, -46.82854080200195, -39.940032958984375, 74.17212677001953, 40.97771453857422, 40.811988830566406, 3.210171937942505, 80.08782196044922, 44.2423095703125], [-820.3685302734375, 136.4065399169922, 266.555908203125, 264.0826721191406, -46.82854080200195, 712.1831665039062, 233.71946716308594, 37.776885986328125, -45.4269905090332, 8.809975624084473, -29.470088958740234, -160.31019592285156, 12.19106674194336], [-185.71336364746094, 317.24609375, 155.9946746826172, 107.45462036132812, -39.940032958984375, 233.71946716308594, 358.1046447753906, 38.65748596191406, 0.7724880576133728, 37.08305358886719, -36.67125701904297, -53.52756118774414, -10.897956848144531], [-159.59437561035156, 297.7130126953125, 55.17176055908203, 74.96393585205078, 74.17212677001953, 37.776885986328125, 38.65748596191406, 208.97683715820312, 17.090354919433594, 5.578521728515625, -7.284722805023193, -0.4622264504432678, 10.17849349975586], [691.7612915039062, -68.05819702148438, -34.090877532958984, -3.5508809089660645, 40.97771453857422, -45.4269905090332, 0.7724880576133728, 17.090354919433594, 149.54444885253906, 77.65867614746094, 10.969232559204102, 3.9963693618774414, 0.4148861765861511], [591.939697265625, 6.45350456237793, -83.78325653076172, -94.70059967041016, 40.811988830566406, 8.809975624084473, 37.08305358886719, 5.578521728515625, 77.65867614746094, 191.55491638183594, 23.956113815307617, -25.254772186279297, -65.12583923339844], [193.84056091308594, -78.69517517089844, 67.55764770507812, 7.04514741897583, 3.210171937942505, -29.470088958740234, -36.67125701904297, -7.284722805023193, 10.969232559204102, 23.956113815307617, 132.21188354492188, 35.248138427734375, 16.108081817626953], [167.36663818359375, 55.41355514526367, 0.6875737905502319, 17.008737564086914, 80.08782196044922, -160.31019592285156, -53.52756118774414, -0.4622264504432678, 3.9963693618774414, -25.254772186279297, 35.248138427734375, 156.3482208251953, 53.49163818359375], [-154.09732055664062, 2.347027063369751, 161.20359802246094, 181.8138885498047, 44.2423095703125, 12.19106674194336, -10.897956848144531, 10.17849349975586, 0.4148861765861511, -65.12583923339844, 16.108081817626953, 53.49163818359375, 166.06277465820312]], "lowlevel.mfcc.icov": [[0.0001153540943050757, 8.214743866119534e-05, -2.423507066851016e-05, -4.0426384657621384e-05, -0.0001425356895197183, 0.0001232910726685077, -8.083581633400172e-05, 5.8949561207555234e-05, -0.0003457466955296695, -0.00015975457790773362, -4.534610707196407e-05, -3.319674578960985e-05, 0.00014697689039167017], [8.214743866119534e-05, 0.000443681055912748, -0.00011839210492325947, 2.4413275241386145e-05, -0.0004483260854613036, 0.00013532610319089144, -0.0003975801228079945, -0.000347936584148556, 4.661819548346102e-05, -0.00010028074029833078, 0.00013801817840430886, -0.0001533366448711604, 0.0002594598045106977], [-2.423507066851016e-05, -0.00011839210492325947, 0.0010965847177430987, -0.00018141968757845461, 0.00034452255931682885, -0.00024485308676958084, -0.0002334169257665053, -0.00010501369251869619, 7.81450726208277e-05, 0.00023312520352192223, -0.0006795219960622489, 4.6981829655123875e-05, -0.0008273684652522206], [-4.0426384657621384e-05, 2.4413275241386145e-05, -0.00018141968757845461, 0.0021064765751361847, -0.0004361738101579249, -0.0006868700147606432, -0.0003121176559943706, -0.00036167792859487236, -0.0002585280453786254, 0.0008341455832123756, -0.00010977087367791682, -5.3993040637578815e-05, -0.0016438910970464349], [-0.0001425356895197183, -0.0004483260854613036, 0.00034452255931682885, -0.0004361738101579249, 0.003928247839212418, -0.0004171425534877926, 0.0009997468441724777, -0.0008205096237361431, 4.51585729024373e-05, -0.0012173759751021862, 0.0006309767486527562, -0.0017940434627234936, -0.0008437136420980096], [0.0001232910726685077, 0.00013532610319089144, -0.00024485308676958084, -0.0006868700147606432, -0.0004171425534877926, 0.002880756976082921, -0.0012555986177176237, 3.607693361118436e-05, 0.000651482492685318, -0.0005596773698925972, -0.0002712054119911045, 0.0026303280610591173, -0.0001248420448973775], [-8.083581633400172e-05, -0.0003975801228079945, -0.0002334169257665053, -0.0003121176559943706, 0.0009997468441724777, -0.0012555986177176237, 0.004420569632202387, -0.00020539635443128645, -3.5126545299135614e-06, -0.0011488944292068481, 0.0012612724676728249, -0.0005762826185673475, 0.00024016021052375436], [5.8949561207555234e-05, -0.000347936584148556, -0.00010501369251869619, -0.00036167792859487236, -0.0008205096237361431, 3.607693361118436e-05, -0.00020539635443128645, 0.0058658309280872345, -0.0010412095580250025, 0.0002595246478449553, -5.408712604548782e-05, 0.0004613840428646654, 0.0003614882589317858], [-0.0003457466955296695, 4.661819548346102e-05, 7.81450726208277e-05, -0.0002585280453786254, 4.51585729024373e-05, 0.000651482492685318, -3.5126545299135614e-06, -0.0010412095580250025, 0.010650263167917728, -0.003996303770691156, 0.0004970961599610746, 0.0006650662398897111, -0.0019668820314109325], [-0.00015975457790773362, -0.00010028074029833078, 0.00023312520352192223, 0.0008341455832123756, -0.0012173759751021862, -0.0005596773698925972, -0.0011488944292068481, 0.0002595246478449553, -0.003996303770691156, 0.009714450687170029, -0.002430783351883292, 0.0010677446844056249, 0.0026993269566446543], [-4.534610707196407e-05, 0.00013801817840430886, -0.0006795219960622489, -0.00010977087367791682, 0.0006309767486527562, -0.0002712054119911045, 0.0012612724676728249, -5.408712604548782e-05, 0.0004970961599610746, -0.002430783351883292, 0.00946532841771841, -0.0025670488830655813, -0.0003720991953741759], [-3.319674578960985e-05, -0.0001533366448711604, 4.6981829655123875e-05, -5.3993040637578815e-05, -0.0017940434627234936, 0.0026303280610591173, -0.0005762826185673475, 0.0004613840428646654, 0.0006650662398897111, 0.0010677446844056249, -0.0025670488830655813, 0.011629890650510788, -0.002876459388062358], [0.00014697689039167017, 0.0002594598045106977, -0.0008273684652522206, -0.0016438910970464349, -0.0008437136420980096, -0.0001248420448973775, 0.00024016021052375436, 0.0003614882589317858, -0.0019668820314109325, 0.0026993269566446543, -0.0003720991953741759, -0.002876459388062358, 0.01101123820990324]], "metadata.audio_properties.analysis.downmix": "mix", "metadata.audio_properties.codec": "mp3", "metadata.audio_properties.md5_encoded": "8bb56d558ea13d6ada62733e6baf7e2f", "metadata.tags.file_name": "1183707990537285632.mp3", "metadata.version.essentia": "2.1-beta6-dev", "metadata.version.essentia_git_sha": "v2.1_beta5-1110-g77a6a954", "metadata.version.extractor": "music 2.0", "tonal.chords_key": "C", "tonal.chords_scale": "major", "tonal.key_edma.key": "D", "tonal.key_edma.scale": "minor", "tonal.key_krumhansl.key": "D", "tonal.key_krumhansl.scale": "minor", "tonal.key_temperley.key": "D", "tonal.key_temperley.scale": "minor", "metadata.tags.encoding": ["Lavf58.45.100"]}, "essentia_models": [{"model_name": "genre_dortmund", "activations": {"alternative": "0.31877917", "blues": "0.010882216", "electronic": "0.03558382", "folkcountry": "0.3439233", "funksoulrnb": "0.019923192", "jazz": "0.031828478", "pop": "0.12004328", "raphiphop": "0.018858168", "rock": "0.22665133"}}, {"model_name": "genre_ro