{"song_id": "1183681480162037821", "download": "https://cdn.discordapp.com/attachments/1135911532732108921/1183681480162037821/chirp.mp4?ex=65893848&amp", "lyrics": "\u0421\u0442\u0440\u0430\u0431\u0430\u0441\u043a\u043e\u043f \u043c\u0435\u0440\u0446\u0430\u0435\u0442\n\u0412 \u043e\u043f\u0443\u0441\u0442\u0435\u0432\u0448\u0435\u043c \u0437\u0430\u043b\u0435. \n\u041c\u044b \u0441 \u0442\u043e\u0431\u043e\u0439 \u043e\u0434\u043d\u0438, \n\u041b\u044e\u0434\u0438 \u0432 \u0441\u0442\u0440\u0430\u0445\u0435 \u0443\u0431\u0435\u0436\u0430\u043b\u0438. \n\u0417\u0430\u043a\u0440\u0443\u0436\u0438\u043b\u0430\u0441\u044c \u0432 \u0442\u0430\u043d\u0446\u0435\n\u0423 \u0442\u0435\u0431\u044f \u043d\u0435\u0442 \u0448\u0430\u043d\u0441\u043e\u0432, \n\u0415\u0441\u043b\u0438 \u0442\u044b \u0440\u0435\u0448\u0438\u043b\u0430\n\u0421 \u0434\u044c\u044f\u0432\u043e\u043b\u043e\u043c \u0442\u044f\u0433\u0430\u0442\u044c\u0441\u044f... \n[Chorus]\n\u0422\u0435\u0447\u0435\u0442 \u0441\u043b\u044e\u043d\u0430 \u0438\u0437 \u043f\u0440\u0438\u043e\u0442\u043a\u0440\u044b\u0442\u043e\u0439 \u043f\u0430\u0441\u0442\u0438, \n\u041d\u043e \u043d\u0435 \u0441\u0442\u0430\u043d\u0443 \u0440\u0432\u0430\u0442\u044c \u0442\u0435\u0431\u044f \u043d\u0430 \u0447\u0430\u0441\u0442\u0438.\n\u043f\u0440\u043e\u0441\u0442\u043e \u0437\u0430\u0447\u0430\u0440\u043e\u0432\u0430\u043d \u043c\u0443\u0437\u044b\u043a\u043e\u0439 \u0438 \u0442\u0435\u043b\u043e\u043c... \n\u043c\u043e\u044f \u0441\u043b\u0435\u043f\u0430\u044f \u0434\u0438\u0441\u043a\u043e... \u043a\u0430! \u0440\u0430! \u043b\u0435\u0432\u0430!\n\u041c\u043e\u044f... \u0441\u043b\u0435\u043f\u0430\u044f \u0434\u0438\u0441\u043a\u043e \u043a\u043e\u0440\u043e\u043b\u0435\u0432\u0430!", "style": ["hardcore punk"], "essentia_features": {"lowlevel.average_loudness": 0.9870140552520752, "lowlevel.barkbands_crest.mean": 10.344565391540527, "lowlevel.barkbands_crest.stdev": 3.7056987285614014, "lowlevel.barkbands_flatness_db.mean": 0.10192742943763733, "lowlevel.barkbands_flatness_db.stdev": 0.033663976937532425, "lowlevel.barkbands_kurtosis.mean": 2.055386543273926, "lowlevel.barkbands_kurtosis.stdev": 4.596489429473877, "lowlevel.barkbands_skewness.mean": 1.4293030500411987, "lowlevel.barkbands_skewness.stdev": 0.9790104627609253, "lowlevel.barkbands_spread.mean": 37.449581146240234, "lowlevel.barkbands_spread.stdev": 18.047210693359375, "lowlevel.dissonance.mean": 0.4855736196041107, "lowlevel.dissonance.stdev": 0.013824756257236004, "lowlevel.dynamic_complexity": 1.496883511543274, "lowlevel.erbbands_crest.mean": 7.715027332305908, "lowlevel.erbbands_crest.stdev": 4.322319507598877, "lowlevel.erbbands_flatness_db.mean": 0.12096372246742249, "lowlevel.erbbands_flatness_db.stdev": 0.034328948706388474, "lowlevel.erbbands_kurtosis.mean": 0.5777644515037537, "lowlevel.erbbands_kurtosis.stdev": 1.3439198732376099, "lowlevel.erbbands_skewness.mean": -0.216679185628891, "lowlevel.erbbands_skewness.stdev": 0.8767125010490417, "lowlevel.erbbands_spread.mean": 46.149574279785156, "lowlevel.erbbands_spread.stdev": 17.934724807739258, "lowlevel.hfc.mean": 41.10845184326172, "lowlevel.hfc.stdev": 19.82244110107422, "lowlevel.loudness_ebu128.integrated": -10.732643127441406, "lowlevel.loudness_ebu128.loudness_range": 0.6988840103149414, "lowlevel.loudness_ebu128.momentary.mean": -10.796014785766602, "lowlevel.loudness_ebu128.momentary.stdev": 0.7877728939056396, "lowlevel.loudness_ebu128.short_term.mean": -10.767690658569336, "lowlevel.loudness_ebu128.short_term.stdev": 0.4103737771511078, "lowlevel.melbands_crest.mean": 17.205900192260742, "lowlevel.melbands_crest.stdev": 4.882367134094238, "lowlevel.melbands_flatness_db.mean": 0.1728355884552002, "lowlevel.melbands_flatness_db.stdev": 0.041131392121315, "lowlevel.melbands_kurtosis.mean": 16.104265213012695, "lowlevel.melbands_kurtosis.stdev": 20.355146408081055, "lowlevel.melbands_skewness.mean": 3.2890992164611816, "lowlevel.melbands_skewness.stdev": 1.9215973615646362, "lowlevel.melbands_spread.mean": 29.505475997924805, "lowlevel.melbands_spread.stdev": 14.678107261657715, "lowlevel.pitch_salience.mean": 0.521592915058136, "lowlevel.pitch_salience.stdev": 0.10561145842075348, "lowlevel.silence_rate_20dB.mean": 1.0, "lowlevel.silence_rate_20dB.stdev": 0.0, "lowlevel.silence_rate_30dB.mean": 0.9864066243171692, "lowlevel.silence_rate_30dB.stdev": 0.11579609662294388, "lowlevel.silence_rate_60dB.mean": 0.0017730495892465115, "lowlevel.silence_rate_60dB.stdev": 0.04207019507884979, "lowlevel.spectral_centroid.mean": 2047.8319091796875, "lowlevel.spectral_centroid.stdev": 583.3314208984375, "lowlevel.spectral_complexity.mean": 35.2015380859375, "lowlevel.spectral_complexity.stdev": 6.778595447540283, "lowlevel.spectral_decrease.mean": -1.1902460350654565e-08, "lowlevel.spectral_decrease.stdev": 6.435101340684923e-09, "lowlevel.spectral_energy.mean": 0.048651278018951416, "lowlevel.spectral_energy.stdev": 0.02450937032699585, "lowlevel.spectral_energyband_high.mean": 0.0029054409824311733, "lowlevel.spectral_energyband_high.stdev": 0.0021664767991751432, "lowlevel.spectral_energyband_low.mean": 0.0262528657913208, "lowlevel.spectral_energyband_low.stdev": 0.022769693285226822, "lowlevel.spectral_energyband_middle_high.mean": 0.00913040991872549, "lowlevel.spectral_energyband_middle_high.stdev": 0.007611068896949291, "lowlevel.spectral_energyband_middle_low.mean": 0.010788476094603539, "lowlevel.spectral_energyband_middle_low.stdev": 0.01371373888105154, "lowlevel.spectral_entropy.mean": 8.048662185668945, "lowlevel.spectral_entropy.stdev": 0.1984865963459015, "lowlevel.spectral_flux.mean": 0.12892693281173706, "lowlevel.spectral_flux.stdev": 0.05841663479804993, "lowlevel.spectral_kurtosis.mean": 2.439854145050049, "lowlevel.spectral_kurtosis.stdev": 0.9523043632507324, "lowlevel.spectral_rms.mean": 0.006690408103168011, "lowlevel.spectral_rms.stdev": 0.0016441341722384095, "lowlevel.spectral_rolloff.mean": 1913.5947265625, "lowlevel.spectral_rolloff.stdev": 1847.653076171875, "lowlevel.spectral_skewness.mean": 1.0926964282989502, "lowlevel.spectral_skewness.stdev": 0.22823207080364227, "lowlevel.spectral_spread.mean": 5204453.0, "lowlevel.spectral_spread.stdev": 1192144.5, "lowlevel.spectral_strongpeak.mean": 0.7191311717033386, "lowlevel.spectral_strongpeak.stdev": 0.9602195024490356, "lowlevel.zerocrossingrate.mean": 0.07927586883306503, "lowlevel.zerocrossingrate.stdev": 0.03516809642314911, "metadata.audio_properties.analysis.equal_loudness": 0.0, "metadata.audio_properties.analysis.length": 39.252288818359375, "metadata.audio_properties.analysis.sample_rate": 44100.0, "metadata.audio_properties.analysis.start_time": 0.0, "metadata.audio_properties.bit_rate": 122419.0, "metadata.audio_properties.length": 39.253334045410156, "metadata.audio_properties.lossless": 0.0, "metadata.audio_properties.number_channels": 1.0, "metadata.audio_properties.replay_gain": -14.163005828857422, "metadata.audio_properties.sample_rate": 48000.0, "rhythm.beats_count": 117.0, "rhythm.beats_loudness.mean": 0.06091893091797829, "rhythm.beats_loudness.stdev": 0.020170576870441437, "rhythm.bpm": 178.2058868408203, "rhythm.bpm_histogram_first_peak_bpm": 178.0, "rhythm.bpm_histogram_first_peak_weight": 0.0, "rhythm.bpm_histogram_second_peak_bpm": 185.0, "rhythm.bpm_histogram_second_peak_spread": 0.0, "rhythm.bpm_histogram_second_peak_weight": 0.3362068831920624, "rhythm.danceability": 1.3174896240234375, "rhythm.onset_rate": 2.7250771522521973, "tonal.chords_changes_rate": 0.06965761631727219, "tonal.chords_number_rate": 0.00826446246355772, "tonal.chords_strength.mean": 0.5967554450035095, "tonal.chords_strength.stdev": 0.09255316108465195, "tonal.hpcp_crest.mean": 10.036863327026367, "tonal.hpcp_crest.stdev": 5.301595211029053, "tonal.hpcp_entropy.mean": 2.6918792724609375, "tonal.hpcp_entropy.stdev": 0.8077795505523682, "tonal.key_edma.strength": 0.7565321326255798, "tonal.key_krumhansl.strength": 0.7711299061775208, "tonal.key_temperley.strength": 0.760903537273407, "tonal.tuning_diatonic_strength": 0.6012019515037537, "tonal.tuning_equal_tempered_deviation": 0.14927425980567932, "tonal.tuning_frequency": 440.76312255859375, "tonal.tuning_nontempered_energy_ratio": 0.8107130527496338, "lowlevel.barkbands.mean": [0.0018158038146793842, 0.013558193109929562, 0.010603340342640877, 0.0017206965712830424, 0.0036661678459495306, 0.0016386440256610513, 0.0007440460030920804, 0.0006650914438068867, 0.002071894472464919, 0.0010225751902908087, 0.001794543000869453, 0.0015615202719345689, 0.0010810312815010548, 0.0006897429702803493, 0.000606890011113137, 0.000597295118495822, 0.0006115165306255221, 0.0004218968970235437, 0.0006024662288837135, 0.0006185316597111523, 0.0008231920655816793, 0.0005049349856562912, 0.00035937869688495994, 0.00038006066461093724, 0.000297023041639477, 0.00018626359815243632, 8.5229203250492e-06], "lowlevel.barkbands.stdev": [0.001761950901709497, 0.014085116796195507, 0.011893423274159431, 0.002438092138618231, 0.010923323221504688, 0.0033034132793545723, 0.002416954142972827, 0.0020077174995094538, 0.004441365599632263, 0.002412645611912012, 0.004118707496672869, 0.0030519987922161818, 0.0019242757698521018, 0.001387104275636375, 0.0012941620079800487, 0.0005416589556261897, 0.0004071285657119006, 0.00024672987638041377, 0.00030715466709807515, 0.00029444851679727435, 0.0004036363388877362, 0.00034391219378449023, 0.0005477428203448653, 0.0006119084428064525, 0.0005387903074733913, 0.00032179709523916245, 1.411608809576137e-05], "lowlevel.erbbands.mean": [0.3082832992076874, 3.4168031215667725, 12.008607864379883, 8.907299041748047, 11.499883651733398, 10.020551681518555, 8.79718017578125, 14.794777870178223, 13.124560356140137, 9.611153602600098, 19.409587860107422, 49.70440673828125, 36.680641174316406, 42.23728942871094, 82.62294006347656, 60.26349639892578, 48.98395538330078, 41.57646179199219, 36.02875518798828, 28.491657257080078, 35.13916778564453, 33.871910095214844, 22.6917781829834, 30.93178367614746, 28.04071044921875, 28.720727920532227, 34.10433578491211, 28.780776977539062, 19.89448356628418, 13.904888153076172, 9.351778030395508, 8.43327522277832, 5.795434474945068, 3.619856595993042, 1.8767400979995728, 0.9197786450386047, 0.3073025345802307, 0.05711032450199127, 0.0012205810053274035, 9.890148066915572e-05], "lowlevel.erbbands.stdev": [0.41090142726898193, 3.4936747550964355, 12.787713050842285, 10.31578540802002, 33.28153991699219, 30.695632934570312, 18.26892852783203, 34.25606155395508, 45.17439651489258, 22.659008026123047, 51.21210861206055, 118.8990478515625, 73.92493438720703, 93.24250793457031, 181.5619659423828, 112.46354675292969, 82.92565155029297, 71.52521514892578, 76.57345581054688, 41.82255172729492, 27.50685691833496, 20.821332931518555, 12.346275329589844, 16.328218460083008, 13.961958885192871, 13.598872184753418, 16.35455894470215, 15.394026756286621, 12.16734504699707, 16.886613845825195, 14.50314998626709, 13.647980690002441, 9.721954345703125, 6.604462623596191, 3.500653028488159, 1.7364935874938965, 0.5089533925056458, 0.08712595701217651, 0.0017408152343705297, 6.520124588860199e-05], "lowlevel.gfcc.mean": [66.63899230957031, 52.439327239990234, -108.14976501464844, 53.26904296875, -44.32666015625, 30.91422462463379, -22.647537231445312, 14.754972457885742, -27.5573787689209, 8.12305736541748, -20.612812042236328, 5.018706321716309, -14.27673625946045], "lowlevel.melbands.mean": [0.003388353856280446, 0.005521467886865139, 0.0016280185664072633, 0.0008747794781811535, 0.00029594346415251493, 0.00032869313145056367, 0.00018550742242950946, 0.00010710486094467342, 0.00017730348918121308, 0.00032164144795387983, 0.0001769723603501916, 0.00015876401448622346, 0.00026336140581406653, 0.0001971386227523908, 0.00011788316624006256, 0.000110425433376804, 7.158581138355657e-05, 5.8676414482761174e-05, 4.1285376937594265e-05, 3.9046750316629186e-05, 4.1582803532946855e-05, 3.767603266169317e-05, 2.3326860173256136e-05, 1.9458584574749693e-05, 2.5936855308827944e-05, 2.163544195354916e-05, 1.9151246306137182e-05, 1.8799973986460827e-05, 2.1382058548624627e-05, 2.0875198970315978e-05, 1.4687207112729084e-05, 1.1598143828450702e-05, 8.79427716427017e-06, 7.455069408024428e-06, 5.372305167838931e-06, 4.855462520936271e-06, 5.370034614315955e-06, 4.200341663818108e-06, 3.5972580008092336e-06, 2.86818180939008e-06], "lowlevel.melbands.stdev": [0.0036730715073645115, 0.005468905903398991, 0.001852658111602068, 0.002708414336666465, 0.0006245296681299806, 0.0007288900669664145, 0.000605583714786917, 0.00028145790565758944, 0.00045492302160710096, 0.000749104015994817, 0.0003788999456446618, 0.0003682069364003837, 0.0005886214785277843, 0.00039085207390598953, 0.0002227805816801265, 0.00020819307246711105, 0.00013554634642787278, 0.00013201209367252886, 8.123738371068612e-05, 4.4859440095024183e-05, 3.230854053981602e-05, 2.66164424829185e-05, 1.4266668586060405e-05, 1.1709712453011889e-05, 1.4778078366362024e-05, 1.2422571671777405e-05, 1.0463892976986244e-05, 9.766042239789385e-06, 1.1489746611914597e-05, 1.1304770850983914e-05, 8.698704732523765e-06, 7.220477982627926e-06, 7.500961601181189e-06, 1.0882781680265907e-05, 8.617939784016926e-06, 8.069477189565077e-06, 9.14150950848125e-06, 7.210879175545415e-06, 6.387498615367804e-06, 5.451515789900441e-06], "lowlevel.melbands128.mean": [0.0009690903825685382, 0.0020648594945669174, 0.004386992659419775, 0.005947312340140343, 0.006752287968993187, 0.004625989589840174, 0.0017906534485518932, 0.0007089591817930341, 0.0012635219609364867, 0.0012062357272952795, 0.00038925567059777677, 0.00024008397303987294, 0.0003024452307727188, 0.0003038238501176238, 0.0003598940384108573, 0.00032720924355089664, 0.0002682458725757897, 0.00015461695147678256, 8.881298708729446e-05, 0.00010109056893270463, 0.00011289654503343627, 0.00013357168063521385, 0.00016791961388662457, 0.00022565052495338023, 0.00037186755798757076, 0.00036265363451093435, 0.00021585724607575685, 0.00014570896746590734, 0.00015614427684340626, 0.00014256962458603084, 0.0001582522818353027, 0.00019311485812067986, 0.000276177772320807, 0.00033401610562577844, 0.00020670494996011257, 0.00016555619367863983, 0.0001565676211612299, 0.00012116377183701843, 8.36539184092544e-05, 0.00010898306936724111, 0.00012525147758424282, 0.0001058615671354346, 6.0033151385141537e-05, 6.48436471237801e-05, 5.93391596339643e-05, 5.5698928917991e-05, 6.349201430566609e-05, 3.840558201773092e-05, 3.4496024454711005e-05, 3.538668170222081e-05, 4.041055217385292e-05, 4.1541934479027987e-05, 4.072562660439871e-05, 4.201039337203838e-05, 4.261549474904314e-05, 3.989202741649933e-05, 3.136325904051773e-05, 2.5810204533627257e-05, 2.046289409918245e-05, 1.776532008079812e-05, 1.6999265426420607e-05, 2.2473566787084565e-05, 2.6598885597195476e-05, 2.760897041298449e-05, 2.3658882128074765e-05, 2.3016373233986087e-05, 1.8893248125095852e-05, 1.825563049351331e-05, 2.0305691577959806e-05, 1.9142122255288996e-05, 1.700143184280023e-05, 1.9433342458796687e-05, 2.182211392209865e-05, 2.2290927518042736e-05, 1.978097679966595e-05, 2.1355874196160585e-05, 2.2378026187652722e-05, 1.763598083925899e-05, 1.4249481864681002e-05, 1.0059826308861375e-05, 1.249103297595866e-05, 1.2149813301221002e-05, 9.83860718406504e-06, 8.860178240865935e-06, 7.289935638254974e-06, 7.685390301048756e-06, 7.75000353314681e-06, 6.5972058109764475e-06, 4.785765213455306e-06, 4.952580638928339e-06, 4.875500508205732e-06, 4.712023837782908e-06, 5.006785613659304e-06, 5.6333383327000774e-06, 5.52371875528479e-06, 4.77651792607503e-06, 3.821854079433251e-06, 3.3079529657698004e-06, 4.053044449392473e-06, 3.54475150743383e-06, 2.8830813789681997e-06, 2.987361540363054e-06, 2.455090680086869e-06, 2.2849014840176096e-06, 1.74326100932376e-06, 2.045021346930298e-06, 2.3537206743640127e-06, 1.929744712469983e-06, 1.5731790199424722e-06, 1.247784098268312e-06, 1.0763940281321993e-06, 9.842150348049472e-07, 9.582623761161813e-07, 9.428515568288276e-07, 8.366164934159315e-07, 7.419073426717659e-07, 3.4339009857831115e-07, 3.7481424186580625e-08, 1.9685428634397262e-11, 1.0331745008140825e-11, 9.926380030444992e-12, 9.869709216570044e-12, 9.78086622110963e-12, 9.238389567234329e-12, 7.964828449558148e-12, 6.631432382386837e-12, 5.8989024602496e-12, 5.752459272811983e-12], "lowlevel.melbands128.stdev": [0.001287034247070551, 0.003486826317384839, 0.0053735109977424145, 0.006600859574973583, 0.007205750793218613, 0.005366950761526823, 0.002330215647816658, 0.0011210484663024545, 0.004048597067594528, 0.004046263638883829, 0.001401050016283989, 0.00069403339875862, 0.0007329749059863389, 0.0007747977506369352, 0.0009666436817497015, 0.0010169754968956113, 0.0011617637937888503, 0.0006171108107082546, 0.00022411375539377332, 0.000310149131109938, 0.0004278808773960918, 0.0005516521050594747, 0.0005799998762086034, 0.0007127540302462876, 0.001200225087814033, 0.0009604847873561084, 0.0005419583176262677, 0.0004231241764500737, 0.0005240240716375411, 0.0003901002346538007, 0.0004857458989135921, 0.0006140829646028578, 0.0007306377519853413, 0.0009427164332009852, 0.0005236603901721537, 0.0004447563842404634, 0.00038285175105556846, 0.0003000277793034911, 0.0001910861028591171, 0.0002740971394814551, 0.00029736352735199034, 0.00024195696460083127, 0.0001475520693929866, 0.00018107106734532863, 0.00017216734704561532, 0.00015032192459329963, 0.00017848248535301536, 8.65664187585935e-05, 6.889468932058662e-05, 6.165907689137384e-05, 5.4985517635941505e-05, 5.4820349760120735e-05, 3.995465158368461e-05, 4.106643609702587e-05, 4.450020787771791e-05, 3.65891246474348e-05, 2.4778597435215488e-05, 2.0620060240617022e-05, 1.7826559997047298e-05, 1.507633896835614e-05, 1.3425180441117845e-05, 1.888422411866486e-05, 2.038677121163346e-05, 2.0366429453133605e-05, 1.800055179046467e-05, 1.819488352339249e-05, 1.4163182640913874e-05, 1.347280885966029e-05, 1.4809242202318273e-05, 1.3735533684666734e-05, 1.244650502485456e-05, 1.3571293493441772e-05, 1.4972270946600474e-05, 1.5975361748132855e-05, 1.3416268302535173e-05, 1.4455203199759126e-05, 1.5988041923264973e-05, 1.2607192729774397e-05, 1.0453865797899198e-05, 7.77657623984851e-06, 9.611082532501314e-06, 8.903729394660331e-06, 8.393188181798905e-06, 8.272539162135217e-06, 9.66246716416208e-06, 1.1132246072520502e-05, 1.3664407561009284e-05, 1.1568166883080266e-05, 7.67181336414069e-06, 8.799122952041216e-06, 9.472581041336525e-06, 8.190383596229367e-06, 8.676174729771446e-06, 1.0996689525200054e-05, 9.940044037648477e-06, 8.652770702610724e-06, 7.513046966778347e-06, 6.342925644275965e-06, 7.58957094149082e-06, 6.620739895879524e-06, 6.13978909314028e-06, 5.853854418091942e-06, 5.327804046828533e-06, 5.553304617933463e-06, 3.584413889257121e-06, 3.861506684188498e-06, 4.402374997880543e-06, 3.860679498757236e-06, 3.5737989492190536e-06, 2.61144555224746e-06, 2.2290848846751032e-06, 1.925784999912139e-06, 1.6259675703622634e-06, 1.651588718232233e-06, 1.4661368368251715e-06, 1.2495966075221077e-06, 5.639886921926518e-07, 8.058670886157415e-08, 3.123010461347775e-10, 4.5337001514100805e-11, 4.183869917184779e-11, 4.598506991859708e-11, 4.916138676702708e-11, 4.046266099955176e-11, 2.6480973663867147e-11, 1.2356275724823007e-11, 7.846061474137134e-12, 7.710349719802778e-12], "lowlevel.mfcc.mean": [-576.7965698242188, 80.49650573730469, 2.17783260345459, 32.99513626098633, 7.879542827606201, 21.723358154296875, 15.999468803405762, 11.794921875, 9.177453994750977, 2.007002353668213, 0.7834522724151611, 5.420050144195557, 0.6411159038543701], "lowlevel.spectral_contrast_coeffs.mean": [-0.7009038329124451, -0.7778583765029907, -0.793064534664154, -0.8089670538902283, -0.8109205961227417, -0.7106623649597168], "lowlevel.spectral_contrast_coeffs.stdev": [0.06412476301193237, 0.08214479684829712, 0.06150617077946663, 0.03737203776836395, 0.019062627106904984, 0.039277996867895126], "lowlevel.spectral_contrast_valleys.mean": [-6.352344512939453, -6.754790306091309, -6.744587421417236, -6.859852313995361, -6.469277381896973, -9.341545104980469], "lowlevel.spectral_contrast_valleys.stdev": [0.5465579628944397, 0.5768924951553345, 0.5942104458808899, 0.4088495671749115, 0.2920862138271332, 0.7516571879386902], "rhythm.beats_loudness_band_ratio.mean": [0.6242337822914124, 0.14570751786231995, 0.07705986499786377, 0.1177404597401619, 0.05713127553462982, 0.057236067950725555], "rhythm.beats_loudness_band_ratio.stdev": [0.18912990391254425, 0.1769792139530182, 0.09927169978618622, 0.10966531932353973, 0.05256069079041481, 0.030754271894693375], "tonal.hpcp.mean": [0.4273514151573181, 0.25578582286834717, 0.10139314085245132, 0.08485010266304016, 0.06833503395318985, 0.052657805383205414, 0.04916977509856224, 0.06131195276975632, 0.08153776079416275, 0.08985041826963425, 0.08144407719373703, 0.07058276236057281, 0.06737972795963287, 0.08832350373268127, 0.21021519601345062, 0.4069899022579193, 0.3508078455924988, 0.14960089325904846, 0.08708637952804565, 0.0697668194770813, 0.06280526518821716, 0.07962269335985184, 0.0992206260561943, 0.12695087492465973, 0.13683722913265228, 0.09879991412162781, 0.08340122550725937, 0.07465209066867828, 0.05987902730703354, 0.07448339462280273, 0.09223522990942001, 0.11337848007678986, 0.12615865468978882, 0.10789833217859268, 0.10302121192216873, 0.2827731966972351], "tonal.hpcp.stdev": [0.39159131050109863, 0.2986086905002594, 0.20927536487579346, 0.19760553538799286, 0.17375949025154114, 0.12971533834934235, 0.11533144861459732, 0.12811279296875, 0.15630106627941132, 0.16212254762649536, 0.16856133937835693, 0.14603012800216675, 0.13444751501083374, 0.1495899111032486, 0.2508595287799835, 0.3820473253726959, 0.33423835039138794, 0.22669270634651184, 0.17018826305866241, 0.1551705002784729, 0.1411084532737732, 0.17105618119239807, 0.21554270386695862, 0.24131013453006744, 0.2649761736392975, 0.18592146039009094, 0.16015341877937317, 0.15396450459957123, 0.12936942279338837, 0.17706525325775146, 0.2022593915462494, 0.21968688070774078, 0.25315019488334656, 0.2155267745256424, 0.20088991522789001, 0.3053547739982605], "rhythm.beats_position": [0.3482993245124817, 0.7082086205482483, 1.0797278881072998, 1.4396371841430664, 1.7879364490509033, 2.1362357139587402, 2.461315155029297, 2.798004388809204, 3.1346938610076904, 3.459773063659668, 3.7848525047302246, 4.109931945800781, 4.446621417999268, 4.783310413360596, 5.119999885559082, 5.456689357757568, 5.781768798828125, 6.118457794189453, 6.4551472663879395, 6.791836738586426, 7.128525733947754, 7.4536051750183105, 7.790294647216797, 8.126983642578125, 8.45206356048584, 8.788752555847168, 9.125441551208496, 9.450521469116211, 9.787210464477539, 10.123900413513184, 10.460589408874512, 10.79727840423584, 11.122358322143555, 11.447437286376953, 11.784127235412598, 12.120816230773926, 12.445895195007324, 12.770975112915039, 13.096054077148438, 13.421133995056152, 13.75782299041748, 14.094511985778809, 14.442811965942383, 14.767890930175781, 15.10457992553711, 15.441269874572754, 15.777958869934082, 16.114648818969727, 16.439727783203125, 16.764806747436523, 17.10149574279785, 17.43818473815918, 17.76326560974121, 18.08834457397461, 18.39020347595215, 18.738502502441406, 19.086801528930664, 19.423492431640625, 19.760181427001953, 20.09687042236328, 20.43355941772461, 20.747028350830078, 21.08371925354004, 21.420408248901367, 21.757097244262695, 22.082176208496094, 22.418865203857422, 22.75555419921875, 23.09224510192871, 23.41732406616211, 23.754013061523438, 24.079092025756836, 24.404170989990234, 24.729251861572266, 25.065940856933594, 25.402629852294922, 25.73931884765625, 26.06439781188965, 26.40108871459961, 26.737777709960938, 27.074466705322266, 27.399545669555664, 27.724624633789062, 28.049705505371094, 28.386394500732422, 28.71147346496582, 29.04816246032715, 29.384851455688477, 29.721542358398438, 30.046621322631836, 30.360090255737305, 30.696779251098633, 31.03346824645996, 31.37015724182129, 31.69523811340332, 32.031925201416016, 32.36861801147461, 32.70530700683594, 33.041996002197266, 33.36707305908203, 33.69215393066406, 34.017234802246094, 34.35392379760742, 34.69061279296875, 35.02730178833008, 35.363990783691406, 35.68906784057617, 36.0141487121582, 36.35083770751953, 36.68752670288086, 37.02421569824219, 37.360904693603516, 37.68598556518555, 38.01106643676758, 38.347755432128906, 38.684444427490234, 39.009521484375], "rhythm.bpm_histogram": [0.0, 0.0, 0.0, 0.0, 0.0, 0.0, 0.0, 0.0, 0.0, 0.0, 0.0, 0.0, 0.0, 0.0, 0.0, 0.0, 0.0, 0.0, 0.0, 0.0, 0.0, 0.0, 0.0, 0.0, 0.0, 0.0, 0.0, 0.0, 0.0, 0.0, 0.0, 0.0, 0.0, 0.0, 0.0, 0.0, 0.0, 0.0, 0.0, 0.0, 0.0, 0.0, 0.0, 0.0, 0.0, 0.0, 0.0, 0.0, 0.0, 0.0, 0.0, 0.0, 0.0, 0.0, 0.0, 0.0, 0.0, 0.0, 0.0, 0.0, 0.0, 0.0, 0.0, 0.0, 0.0, 0.0, 0.0, 0.0, 0.0, 0.0, 0.0, 0.0, 0.0, 0.0, 0.0, 0.0, 0.0, 0.0, 0.0, 0.0, 0.0, 0.0, 0.0, 0.0, 0.0, 0.0, 0.0, 0.0, 0.0, 0.0, 0.0, 0.0, 0.0, 0.0, 0.0, 0.0, 0.0, 0.0, 0.0, 0.0, 0.0, 0.0, 0.0, 0.0, 0.0, 0.0, 0.0, 0.0, 0.0, 0.0, 0.0, 0.0, 0.0, 0.0, 0.0, 0.0, 0.0, 0.0, 0.0, 0.0, 0.0, 0.0, 0.0, 0.0, 0.0, 0.0, 0.0, 0.0, 0.0, 0.0, 0.0, 0.0, 0.0, 0.0, 0.0, 0.0, 0.0, 0.0, 0.0, 0.0, 0.0, 0.0, 0.0, 0.0, 0.0, 0.0, 0.0, 0.0, 0.0, 0.0, 0.0, 0.0, 0.0, 0.0, 0.0, 0.0, 0.0, 0.0, 0.0, 0.0, 0.0, 0.008620689623057842, 0.0, 0.0, 0.0, 0.0, 0.0, 0.017241379246115685, 0.0, 0.0, 0.0, 0.0, 0.043103449046611786, 0.0, 0.0, 0.0, 0.0, 0.0, 0.568965494632721, 0.0, 0.0, 0.0, 0.0, 0.0, 0.0, 0.3362068831920624, 0.0, 0.0, 0.0, 0.0, 0.0, 0.017241379246115685, 0.0, 0.0, 0.0, 0.0, 0.0, 0.0, 0.0, 0.008620689623057842, 0.0, 0.0, 0.0, 0.0, 0.0, 0.0, 0.0, 0.0, 0.0, 0.0, 0.0, 0.0, 0.0, 0.0, 0.0, 0.0, 0.0, 0.0, 0.0, 0.0, 0.0, 0.0, 0.0, 0.0, 0.0, 0.0, 0.0, 0.0, 0.0, 0.0, 0.0, 0.0, 0.0, 0.0, 0.0, 0.0, 0.0, 0.0, 0.0, 0.0, 0.0, 0.0, 0.0, 0.0, 0.0, 0.0, 0.0, 0.0, 0.0, 0.0], "tonal.chords_histogram": [52.184181213378906, 2.4793388843536377, 0.0, 1.298701286315918, 0.9445100426673889, 4.722550392150879, 0.0, 31.286895751953125, 0.0, 0.0, 3.3057851791381836, 0.0, 0.0, 0.0, 0.0, 0.0, 0.0, 0.35419127345085144, 3.069657564163208, 0.0, 0.0, 0.0, 0.35419127345085144, 0.0], "tonal.thpcp": [1.0, 0.5985374450683594, 0.2372594028711319, 0.19854877889156342, 0.1599036157131195, 0.12321898341178894, 0.11505700647830963, 0.14346963167190552, 0.19079792499542236, 0.21024949848651886, 0.19057869911193848, 0.16516327857971191, 0.15766820311546326, 0.20667652785778046, 0.4919024109840393, 0.9523541927337646, 0.8208884596824646, 0.35006529092788696, 0.20378166437149048, 0.16325397789478302, 0.14696398377418518, 0.18631666898727417, 0.23217572271823883, 0.2970643639564514, 0.3201983869075775, 0.2311912626028061, 0.19515842199325562, 0.1746854931116104, 0.1401166021823883, 0.1742907464504242, 0.21582993865013123, 0.2653050422668457, 0.2952105700969696, 0.25248152017593384, 0.24106907844543457, 0.6616877317428589], "lowlevel.gfcc.cov": [[1449.1268310546875, -373.7774963378906, 425.69793701171875, -217.3201904296875, -105.05416870117188, 146.42723083496094, -137.43511962890625, 104.63549041748047, -38.232261657714844, 109.88575744628906, -98.20753479003906, 53.820377349853516, -120.60709381103516], [-373.7774963378906, 745.73046875, -449.5758056640625, 0.05037418007850647, -54.605472564697266, -166.4638214111328, 119.04580688476562, -128.95980834960938, 70.51010131835938, -103.66669464111328, 73.7160415649414, -57.03445816040039, 100.77272033691406], [425.69793701171875, -449.5758056640625, 543.7359008789062, 83.60710144042969, 40.352081298828125, 77.8852767944336, -156.02427673339844, 79.94769287109375, -63.52151107788086, 84.04911041259766, -55.44835662841797, 50.55849075317383, -70.16744995117188], [-217.3201904296875, 0.05037418007850647, 83.60710144042969, 319.473876953125, 134.74354553222656, -54.187740325927734, -94.05584716796875, -79.72482299804688, 4.5019731521606445, -5.759579658508301, 41.09172058105469, -20.411422729492188, 35.51498794555664], [-105.05416870117188, -54.605472564697266, 40.352081298828125, 134.74354553222656, 167.48617553710938, 34.244483947753906, -12.020078659057617, -22.163551330566406, 18.304548263549805, 36.283103942871094, 28.776777267456055, -4.7032294273376465, 9.033270835876465], [146.42723083496094, -166.4638214111328, 77.8852767944336, -54.187740325927734, 34.244483947753906, 191.90660095214844, 114.42835235595703, 105.89148712158203, -26.178415298461914, -14.008874893188477, -30.364858627319336, 10.67674446105957, -29.917715072631836], [-137.43511962890625, 119.04580688476562, -156.02427673339844, -94.05584716796875, -12.020078659057617, 114.42835235595703, 312.0979309082031, 124.29165649414062, 1.4956963062286377, -94.63603973388672, -19.076568603515625, 1.452383279800415, 8.898571968078613], [104.63549041748047, -128.95980834960938, 79.94769287109375, -79.72482299804688, -22.163551330566406, 105.89148712158203, 124.29165649414062, 165.02622985839844, 6.700931072235107, -4.391490459442139, -40.83247375488281, 11.641758918762207, -28.255056381225586], [-38.232261657714844, 70.51010131835938, -63.52151107788086, 4.5019731521606445, 18.304548263549805, -26.178415298461914, 1.4956963062286377, 6.700931072235107, 113.43133544921875, 73.8731689453125, 27.71511459350586, -14.398785591125488, -4.536165237426758], [109.88575744628906, -103.66669464111328, 84.04911041259766, -5.759579658508301, 36.283103942871094, -14.008874893188477, -94.63603973388672, -4.391490459442139, 73.8731689453125, 155.95974731445312, 33.26174545288086, 13.041200637817383, -34.7376708984375], [-98.20753479003906, 73.7160415649414, -55.44835662841797, 41.09172058105469, 28.776777267456055, -30.364858627319336, -19.076568603515625, -40.83247375488281, 27.71511459350586, 33.26174545288086, 85.72820281982422, 17.84929084777832, 26.382122039794922], [53.820377349853516, -57.03445816040039, 50.55849075317383, -20.411422729492188, -4.7032294273376465, 10.67674446105957, 1.452383279800415, 11.641758918762207, -14.398785591125488, 13.041200637817383, 17.84929084777832, 67.65986633300781, 21.524808883666992], [-120.60709381103516, 100.77272033691406, -70.16744995117188, 35.51498794555664, 9.033270835876465, -29.917715072631836, 8.898571968078613, -28.255056381225586, -4.536165237426758, -34.7376708984375, 26.382122039794922, 21.524808883666992, 83.36500549316406]], "lowlevel.gfcc.icov": [[0.0013983718818053603, -0.0005636673304252326, -0.00103482767008245, 0.0008907155715860426, 0.0005248436937108636, -0.0015492014354094863, 0.0010890809353441, 0.00024117388238664716, -0.0004924727254547179, -5.3662388381781057e-05, 0.0007534856558777392, -0.000858294079080224, 0.0007406272925436497], [-0.0005636673304252326, 0.005269375629723072, 0.0004611606418620795, 0.00069907441502437, 0.0008484243880957365, 0.003513964591547847, -0.003993553575128317, 0.004012869670987129, -0.003241496393457055, 0.0025351671501994133, -0.0030199119355529547, 0.004365952219814062, -0.0034308999311178923], [-0.00103482767008245, 0.0004611606418620795, 0.00842805951833725, -0.004886452108621597, 0.00020098844834137708, -0.0005268845707178116, 0.003859700867906213, -0.006440962664783001, 0.005453658755868673, -0.003751223674044013, 0.003565899096429348, -0.0055624088272452354, 0.003356410190463066], [0.0008907155715860426, 0.00069907441502437, -0.004886452108621597, 0.010488227009773254, -0.006546036805957556, 0.002553920028731227, 0.00046691959141753614, 0.0030289676506072283, -0.004969046916812658, 0.007336173672229052, -0.004586123861372471, 0.004856880288571119, -0.002550979144871235], [0.0005248436937108636, 0.0008484243880957365, 0.00020098844834137708, -0.006546036805957556, 0.014843977056443691, -0.005653629545122385, -0.0030846991576254368, 0.004386110696941614, 0.0006074897828511894, -0.006969647482037544, 0.0005314535810612142, 0.0015588580863550305, -0.002571770455688238], [-0.0015492014354094863, 0.003513964591547847, -0.0005268845707178116, 0.002553920028731227, -0.005653629545122385, 0.01581607572734356, -0.006163428071886301, -0.00228755921125412, 0.0015311463503167033, 0.0021650008857250214, -0.00322555610910058, 0.004036895930767059, -0.0008853906183503568], [0.0010890809353441, -0.003993553575128317, 0.003859700867906213, 0.00046691959141753614, -0.0030846991576254368, -0.006163428071886301, 0.015780989080667496, -0.01169583946466446, -0.00033379075466655195, 0.0057536400854587555, 0.0014697992010042071, -0.007990142330527306, 0.005903832148760557], [0.00024117388238664716, 0.004012869670987129, -0.006440962664783001, 0.0030289676506072283, 0.004386110696941614, -0.00228755921125412, -0.01169583946466446, 0.023915600031614304, -0.009131006896495819, 0.0011973000364378095, 0.0006065214402042329, 0.004848103504627943, -0.004597264342010021], [-0.0004924727254547179, -0.003241496393457055, 0.005453658755868673, -0.004969046916812658, 0.0006074897828511894, 0.0015311463503167033, -0.00033379075466655195, -0.009131006896495819, 0.026644742116332054, -0.018791548907756805, 0.002371015027165413, 0.002249751705676317, -0.000374137976905331], [-5.3662388381781057e-05, 0.0025351671501994133, -0.003751223674044013, 0.007336173672229052, -0.006969647482037544, 0.0021650008857250214, 0.0057536400854587555, 0.0011973000364378095, -0.018791548907756805, 0.028405694290995598, -0.009554410353302956, -0.002983320504426956, 0.006506838370114565], [0.0007534856558777392, -0.0030199119355529547, 0.003565899096429348, -0.004586123861372471, 0.0005314535810612142, -0.00322555610910058, 0.0014697992010042071, 0.0006065214402042329, 0.002371015027165413, -0.009554410353302956, 0.02416280098259449, -0.010749578475952148, -0.00019412463007029146], [-0.000858294079080224, 0.004365952219814062, -0.0055624088272452354, 0.004856880288571119, 0.0015588580863550305, 0.004036895930767059, -0.007990142330527306, 0.004848103504627943, 0.002249751705676317, -0.002983320504426956, -0.010749578475952148, 0.03242071717977524, -0.015584252774715424], [0.0007406272925436497, -0.0034308999311178923, 0.003356410190463066, -0.002550979144871235, -0.002571770455688238, -0.0008853906183503568, 0.005903832148760557, -0.004597264342010021, -0.000374137976905331, 0.006506838370114565, -0.00019412463007029146, -0.015584252774715424, 0.025674927979707718]], "lowlevel.mfcc.cov": [[1065.32568359375, -52.70877456665039, 223.2914581298828, -224.06813049316406, -4.046131134033203, -19.80495834350586, -49.873687744140625, -7.606574058532715, -6.742059230804443, 41.447410583496094, 21.941822052001953, -1.313299298286438, -11.15688419342041], [-52.70877456665039, 490.96807861328125, -254.33216857910156, -7.1450324058532715, -195.39776611328125, -29.69905662536621, -40.98113250732422, 1.014504313468933, 2.362419366836548, -28.585325241088867, -15.139359474182129, -4.557230472564697, 1.7738580703735352], [223.2914581298828, -254.33216857910156, 375.2789001464844, -3.252169370651245, 122.27818298339844, -29.066146850585938, -1.3398065567016602, -5.144222259521484, -13.755417823791504, 6.976821422576904, 3.7691850662231445, -11.315633773803711, -2.1685702800750732], [-224.06813049316406, -7.1450324058532715, -3.252169370651245, 298.0020751953125, 138.74502563476562, 34.345760345458984, -57.65904998779297, -89.46907043457031, -54.65048599243164, -25.182861328125, -15.994546890258789, -22.9096736907959, 2.9604947566986084], [-4.046131134033203, -195.39776611328125, 122.27818298339844, 138.74502563476562, 270.72686767578125, 61.648948669433594, -55.83526611328125, -122.47859191894531, -62.184200286865234, 16.395572662353516, 13.608274459838867, -2.7044005393981934, -4.045223712921143], [-19.80495834350586, -29.69905662536621, -29.066146850585938, 34.345760345458984, 61.648948669433594, 95.58966827392578, 23.40630340576172, -5.655929088592529, -6.88705587387085, 11.124661445617676, 8.634455680847168, 8.98320484161377, 1.906415343284607], [-49.873687744140625, -40.98113250732422, -1.3398065567016602, -57.65904998779297, -55.83526611328125, 23.40630340576172, 192.95590209960938, 156.97254943847656, 66.54981231689453, -13.817419052124023, -15.48741626739502, 14.89457893371582, -2.904608964920044], [-7.606574058532715, 1.014504313468933, -5.144222259521484, -89.46907043457031, -122.47859191894531, -5.655929088592529, 156.97254943847656, 218.47987365722656, 99.95598602294922, -0.6450244188308716, -19.525249481201172, 2.2926251888275146, 0.44527965784072876], [-6.742059230804443, 2.362419366836548, -13.755417823791504, -54.65048599243164, -62.184200286865234, -6.88705587387085, 66.54981231689453, 99.95598602294922, 111.3909912109375, 39.214599609375, 11.53119945526123, 9.678884506225586, 4.891712665557861], [41.447410583496094, -28.585325241088867, 6.976821422576904, -25.182861328125, 16.395572662353516, 11.124661445617676, -13.817419052124023, -0.6450244188308716, 39.214599609375, 83.4383316040039, 50.39609146118164, 23.53154945373535, 4.160188674926758], [21.941822052001953, -15.139359474182129, 3.7691850662231445, -15.994546890258789, 13.608274459838867, 8.634455680847168, -15.48741626739502, -19.525249481201172, 11.53119945526123, 50.39609146118164, 82.53423309326172, 45.08843231201172, 9.752280235290527], [-1.313299298286438, -4.557230472564697, -11.315633773803711, -22.9096736907959, -2.7044005393981934, 8.98320484161377, 14.89457893371582, 2.2926251888275146, 9.678884506225586, 23.53154945373535, 45.08843231201172, 75.24846649169922, 29.53055763244629], [-11.15688419342041, 1.7738580703735352, -2.1685702800750732, 2.9604947566986084, -4.045223712921143, 1.906415343284607, -2.904608964920044, 0.44527965784072876, 4.891712665557861, 4.160188674926758, 9.752280235290527, 29.53055763244629, 57.07932662963867]], "lowlevel.mfcc.icov": [[0.0014965621521696448, -0.0005295967566780746, -0.001201110309921205, 0.001404233044013381, -0.000213754377909936, -0.000734386034309864, 0.0007504894165322185, -0.00022679667745251209, 0.0003578058967832476, -0.00045408628648146987, 0.00018323502445127815, 0.00010375115380156785, 0.00015730253653600812], [-0.0005295967566780746, 0.004703348036855459, 0.002310809213668108, -0.0014841652009636164, 0.0035800389014184475, 6.588014912267681e-06, 0.0009555915603414178, 0.0007978330831974745, -0.00013626219879370183, 0.0007991091115400195, 4.2292340367566794e-05, -0.0002932909701485187, 0.00030893608345650136], [-0.001201110309921205, 0.002310809213668108, 0.006022853311151266, -0.00043303752318024635, -0.0023305611684918404, 0.0038428395055234432, -3.991256744484417e-05, -0.0016672690398991108, 0.0006522941985167563, 0.0007645871373824775, -0.0010674477089196444, 0.0010420087492093444, -0.0008061875123530626], [0.001404233044013381, -0.0014841652009636164, -0.00043303752318024635, 0.006800854112952948, -0.004268402233719826, -0.0006796526722609997, 0.00136193644721061, -0.0005966032622382045, 3.732187963123579e-07, 0.0017964636208489537, -0.0003110694815404713, 0.0017206788761541247, -0.0012224604142829776], [-0.000213754377909936, 0.0035800389014184475, -0.0023305611684918404, -0.004268402233719826, 0.013892020098865032, -0.005954300984740257, -0.0016367333009839058, 0.006793201435357332, 0.0007356246933341026, -0.0031372758094221354, 0.0016911671264097095, -0.0007419210160151124, 0.0012874335516244173], [-0.000734386034309864, 6.588014912267681e-06, 0.0038428395055234432, -0.0006796526722609997, -0.005954300984740257, 0.017150485888123512, -0.004419898614287376, -0.001261714263819158, 0.002718856791034341, -0.002895956626161933, -0.0008277301676571369, 0.0005966163007542491, -0.0013615535572171211], [0.0007504894165322185, 0.0009555915603414178, -3.991256744484417e-05, 0.00136193644721061, -0.0016367333009839058, -0.004419898614287376, 0.017382575199007988, -0.011839915066957474, -0.0021393196657299995, 0.006078983191400766, 0.0006172176217660308, -0.005517491605132818, 0.003542734310030937], [-0.00022679667745251209, 0.0007978330831974745, -0.0016672690398991108, -0.0005966032622382045, 0.006793201435357332, -0.001261714263819158, -0.01183991506695747