{"song_id": "1183717050095505408", "download": "https://cdn.discordapp.com/attachments/1135903449314238464/1183717050095505408/chirp.mp4?ex=65895969&amp", "lyrics": "[Verse] Bella e Duda, a dupla mais querida Todas as noites \u00e9 s\u00f3 duelos e disputa (disputa) O Gebona e o Bonde na ajuda Na briga entre a gente, a parada \u00e9 bruta (ooh yeah) A galera toda vibra, ningu\u00e9m aguenta a press\u00e3o [Chorus] Noite ap\u00f3s noite, \u00e9 pura emo\u00e7\u00e3o (emo\u00e7\u00e3o) Bella e Duda, nessa competi\u00e7\u00e3o (competi\u00e7\u00e3o) Com o Gebona e o Bonde, n\u00e3o tem pra ningu\u00e9m (pra ningu\u00e9m) Vamos  at\u00e9 o amanhecer (amanhecer)", "style": ["sabaton</span><span>-like"], "essentia_features": {"lowlevel.average_loudness": 0.9699429869651794, "lowlevel.barkbands_crest.mean": 12.822576522827148, "lowlevel.barkbands_crest.stdev": 5.751956939697266, "lowlevel.barkbands_flatness_db.mean": 0.14864332973957062, "lowlevel.barkbands_flatness_db.stdev": 0.055045079439878464, "lowlevel.barkbands_kurtosis.mean": 11.212278366088867, "lowlevel.barkbands_kurtosis.stdev": 23.27895164489746, "lowlevel.barkbands_skewness.mean": 2.3164563179016113, "lowlevel.barkbands_skewness.stdev": 1.9908313751220703, "lowlevel.barkbands_spread.mean": 19.641576766967773, "lowlevel.barkbands_spread.stdev": 15.894332885742188, "lowlevel.dissonance.mean": 0.44430530071258545, "lowlevel.dissonance.stdev": 0.03660567104816437, "lowlevel.dynamic_complexity": 2.4458839893341064, "lowlevel.erbbands_crest.mean": 11.822572708129883, "lowlevel.erbbands_crest.stdev": 5.892768859863281, "lowlevel.erbbands_flatness_db.mean": 0.16033987700939178, "lowlevel.erbbands_flatness_db.stdev": 0.04531632363796234, "lowlevel.erbbands_kurtosis.mean": 2.1743276119232178, "lowlevel.erbbands_kurtosis.stdev": 4.785387992858887, "lowlevel.erbbands_skewness.mean": 0.9331576228141785, "lowlevel.erbbands_skewness.stdev": 1.1207562685012817, "lowlevel.erbbands_spread.mean": 44.76557159423828, "lowlevel.erbbands_spread.stdev": 26.584449768066406, "lowlevel.hfc.mean": 14.822911262512207, "lowlevel.hfc.stdev": 12.43509292602539, "lowlevel.loudness_ebu128.integrated": -11.531900405883789, "lowlevel.loudness_ebu128.loudness_range": 1.5571575164794922, "lowlevel.loudness_ebu128.momentary.mean": -11.69723892211914, "lowlevel.loudness_ebu128.momentary.stdev": 1.2713409662246704, "lowlevel.loudness_ebu128.short_term.mean": -11.503744125366211, "lowlevel.loudness_ebu128.short_term.stdev": 0.4777499735355377, "lowlevel.melbands_crest.mean": 16.243043899536133, "lowlevel.melbands_crest.stdev": 6.981850624084473, "lowlevel.melbands_flatness_db.mean": 0.20714424550533295, "lowlevel.melbands_flatness_db.stdev": 0.07050807774066925, "lowlevel.melbands_kurtosis.mean": 32.08209228515625, "lowlevel.melbands_kurtosis.stdev": 53.074310302734375, "lowlevel.melbands_skewness.mean": 3.623795986175537, "lowlevel.melbands_skewness.stdev": 2.9964590072631836, "lowlevel.melbands_spread.mean": 19.389039993286133, "lowlevel.melbands_spread.stdev": 19.526376724243164, "lowlevel.pitch_salience.mean": 0.5217034816741943, "lowlevel.pitch_salience.stdev": 0.17118556797504425, "lowlevel.silence_rate_20dB.mean": 1.0, "lowlevel.silence_rate_20dB.stdev": 0.0, "lowlevel.silence_rate_30dB.mean": 0.9945945739746094, "lowlevel.silence_rate_30dB.stdev": 0.07332278043031693, "lowlevel.silence_rate_60dB.mean": 0.12432432174682617, "lowlevel.silence_rate_60dB.stdev": 0.3299520015716553, "lowlevel.spectral_centroid.mean": 1147.198974609375, "lowlevel.spectral_centroid.stdev": 585.4886474609375, "lowlevel.spectral_complexity.mean": 10.330501556396484, "lowlevel.spectral_complexity.stdev": 4.852617263793945, "lowlevel.spectral_decrease.mean": -6.074115432852523e-09, "lowlevel.spectral_decrease.stdev": 7.0097661009072e-09, "lowlevel.spectral_energy.mean": 0.0242695901542902, "lowlevel.spectral_energy.stdev": 0.027006933465600014, "lowlevel.spectral_energyband_high.mean": 0.0007583890692330897, "lowlevel.spectral_energyband_high.stdev": 0.0011600115103647113, "lowlevel.spectral_energyband_low.mean": 0.008382849395275116, "lowlevel.spectral_energyband_low.stdev": 0.022755520418286324, "lowlevel.spectral_energyband_middle_high.mean": 0.003452408593147993, "lowlevel.spectral_energyband_middle_high.stdev": 0.004934899043291807, "lowlevel.spectral_energyband_middle_low.mean": 0.012035180814564228, "lowlevel.spectral_energyband_middle_low.stdev": 0.01772640272974968, "lowlevel.spectral_entropy.mean": 7.558675289154053, "lowlevel.spectral_entropy.stdev": 0.42934563755989075, "lowlevel.spectral_flux.mean": 0.0871136412024498, "lowlevel.spectral_flux.stdev": 0.06437834352254868, "lowlevel.spectral_kurtosis.mean": 2.854508876800537, "lowlevel.spectral_kurtosis.stdev": 1.9916926622390747, "lowlevel.spectral_rms.mean": 0.004229818470776081, "lowlevel.spectral_rms.stdev": 0.002405464416369796, "lowlevel.spectral_rolloff.mean": 1430.966064453125, "lowlevel.spectral_rolloff.stdev": 1787.3489990234375, "lowlevel.spectral_skewness.mean": 1.3642717599868774, "lowlevel.spectral_skewness.stdev": 0.42849013209342957, "lowlevel.spectral_spread.mean": 5917258.5, "lowlevel.spectral_spread.stdev": 1681181.625, "lowlevel.spectral_strongpeak.mean": 1.3276002407073975, "lowlevel.spectral_strongpeak.stdev": 1.2724121809005737, "lowlevel.zerocrossingrate.mean": 0.06624449789524078, "lowlevel.zerocrossingrate.stdev": 0.04218064621090889, "metadata.audio_properties.analysis.equal_loudness": 0.0, "metadata.audio_properties.analysis.length": 30.03628158569336, "metadata.audio_properties.analysis.sample_rate": 44100.0, "metadata.audio_properties.analysis.start_time": 0.0, "metadata.audio_properties.bit_rate": 124578.0, "metadata.audio_properties.length": 30.03733253479004, "metadata.audio_properties.lossless": 0.0, "metadata.audio_properties.number_channels": 1.0, "metadata.audio_properties.replay_gain": -16.660432815551758, "metadata.audio_properties.sample_rate": 48000.0, "rhythm.beats_count": 81.0, "rhythm.beats_loudness.mean": 0.05370847508311272, "rhythm.beats_loudness.stdev": 0.02882065623998642, "rhythm.bpm": 164.07003784179688, "rhythm.bpm_histogram_first_peak_bpm": 161.0, "rhythm.bpm_histogram_first_peak_weight": 0.0, "rhythm.bpm_histogram_second_peak_bpm": 167.0, "rhythm.bpm_histogram_second_peak_spread": 0.0, "rhythm.bpm_histogram_second_peak_weight": 0.4749999940395355, "rhythm.danceability": 1.595759391784668, "rhythm.onset_rate": 5.389538764953613, "tonal.chords_changes_rate": 0.043209876865148544, "tonal.chords_number_rate": 0.007716049440205097, "tonal.chords_strength.mean": 0.6362074017524719, "tonal.chords_strength.stdev": 0.09205134212970734, "tonal.hpcp_crest.mean": 14.931450843811035, "tonal.hpcp_crest.stdev": 6.555403709411621, "tonal.hpcp_entropy.mean": 1.7981232404708862, "tonal.hpcp_entropy.stdev": 0.6630687117576599, "tonal.key_edma.strength": 0.7633851766586304, "tonal.key_krumhansl.strength": 0.7514698505401611, "tonal.key_temperley.strength": 0.729982852935791, "tonal.tuning_diatonic_strength": 0.5599793791770935, "tonal.tuning_equal_tempered_deviation": 0.48007357120513916, "tonal.tuning_frequency": 453.41650390625, "tonal.tuning_nontempered_energy_ratio": 0.9831146597862244, "lowlevel.barkbands.mean": [0.00032539424137212336, 0.007161169778555632, 0.0006143513019196689, 0.0008015407365746796, 0.005614657420665026, 0.002355555770918727, 0.0014838108327239752, 0.0003677202621474862, 0.0012993782293051481, 0.0010209007887169719, 0.0005873325862921774, 0.0002342267835047096, 0.0005432828329503536, 0.0003818973491434008, 0.00021012767683714628, 0.00014367132098414004, 0.00017610845679882914, 9.062410390470177e-05, 6.579628825420514e-05, 8.390381117351353e-05, 0.00017738432507030666, 0.00014013391046319157, 0.0001696091640042141, 0.00010902455687755719, 5.3380124882096425e-05, 5.228989539318718e-05, 6.331795248115668e-06], "lowlevel.barkbands.stdev": [0.000980373122729361, 0.021427245810627937, 0.0022222124971449375, 0.001601855969056487, 0.014542335644364357, 0.0043260278180241585, 0.0038768781814724207, 0.000900882703717798, 0.003025094047188759, 0.0026533545460551977, 0.0018297219648957253, 0.0006940274615772069, 0.0014390163123607635, 0.000988607294857502, 0.0009430689387954772, 0.00042534782551229, 0.0003469382063485682, 0.00014502534759230912, 8.951040945248678e-05, 0.00014889075828250498, 0.000336976459948346, 0.0002802173257805407, 0.0003033294342458248, 0.000196282344404608, 8.709482062840834e-05, 8.590788638684899e-05, 2.0383413357194513e-05], "lowlevel.erbbands.mean": [0.2578423023223877, 1.3815091848373413, 1.0708881616592407, 1.6684640645980835, 4.2433342933654785, 18.204036712646484, 36.87439727783203, 19.439895629882812, 24.673839569091797, 12.059175491333008, 10.897327423095703, 30.43730926513672, 30.33454704284668, 27.389602661132812, 19.34527587890625, 10.411261558532715, 25.0148983001709, 14.553725242614746, 14.73598575592041, 13.297015190124512, 8.261168479919434, 9.061806678771973, 6.773230075836182, 3.5620596408843994, 3.493232011795044, 3.763422727584839, 7.156375408172607, 6.1902642250061035, 5.031704902648926, 5.237268924713135, 4.560309886932373, 3.0726709365844727, 1.4190266132354736, 0.6433442234992981, 0.35604313015937805, 0.1851942241191864, 0.10334289819002151, 0.02501743845641613, 0.000723137694876641, 4.4982312829233706e-05], "lowlevel.erbbands.stdev": [0.8546893000602722, 4.08405876159668, 3.4696998596191406, 2.7826404571533203, 7.932311058044434, 47.67180633544922, 101.26469421386719, 37.664337158203125, 69.07280731201172, 29.766416549682617, 18.20191764831543, 70.78179168701172, 70.6731948852539, 83.19603729248047, 44.56279754638672, 21.518089294433594, 67.19139862060547, 30.97721290588379, 41.10219192504883, 66.57066345214844, 22.767131805419922, 15.554606437683105, 10.058941841125488, 4.706103801727295, 5.134347915649414, 6.414268493652344, 13.336302757263184, 12.564168930053711, 9.98806095123291, 10.270525932312012, 8.12490177154541, 5.737608909606934, 2.505582094192505, 1.076541543006897, 0.596187174320221, 0.3044527471065521, 0.1720324605703354, 0.0582718625664711, 0.0019768448546528816, 5.0820945034502074e-05], "lowlevel.gfcc.mean": [-24.929851531982422, 58.93318557739258, -105.98285675048828, 17.067703247070312, -82.4939193725586, 6.540853500366211, -43.729671478271484, -1.7256726026535034, -30.748292922973633, -0.880225658416748, -22.433656692504883, 7.567434310913086, -12.473630905151367], "lowlevel.melbands.mean": [0.002156222006306052, 0.0009595571900717914, 0.00036393533810041845, 0.0006994408322498202, 0.0013755609979853034, 0.00044537801295518875, 0.000336247991072014, 0.00011188714415766299, 0.0001125880517065525, 0.00018422288121655583, 0.00015705486293882132, 0.00012241773947607726, 7.93288490967825e-05, 2.8992441002628766e-05, 4.592584082274698e-05, 4.4980275561101735e-05, 2.6930163585348055e-05, 2.9260061637614854e-05, 1.5298159269150347e-05, 1.3099924217385706e-05, 9.47986791288713e-06, 8.248072845162824e-06, 1.0401620784250554e-05, 4.192762389720883e-06, 2.637065335875377e-06, 2.523012199162622e-06, 2.4685928110557143e-06, 2.401687424935517e-06, 4.346883088146569e-06, 4.560936304187635e-06, 3.1815718557481887e-06, 2.8284648578846827e-06, 2.7118815069115954e-06, 3.0380442694877274e-06, 2.5875849587464472e-06, 2.4730686618568143e-06, 1.6733557686166023e-06, 1.0942569588223705e-06, 6.459498536059982e-07, 4.973398972651921e-07], "lowlevel.melbands.stdev": [0.006712868344038725, 0.0026531012263149023, 0.0006186659447848797, 0.0014119654661044478, 0.003836396150290966, 0.0008188686915673316, 0.000898474536370486, 0.0002961168938782066, 0.00019698328105732799, 0.0004474348679650575, 0.0003831692738458514, 0.00035086306161247194, 0.00021311697491910309, 9.122861229116097e-05, 0.0001284832978853956, 0.00012187057291157544, 6.1025031754979864e-05, 8.938358951127157e-05, 6.928398215677589e-05, 6.117625162005424e-05, 2.7745441911974922e-05, 1.3446849152387585e-05, 2.0991958081140183e-05, 7.196946626208955e-06, 3.70940097127459e-06, 3.569448381313123e-06, 4.31156922786613e-06, 4.269355940778041e-06, 9.111417057283688e-06, 9.5527484518243e-06, 6.507761099783238e-06, 5.713293830922339e-06, 5.827021595905535e-06, 6.0199276958883274e-06, 4.727061877929373e-06, 4.858077318203868e-06, 3.2241480312222848e-06, 1.9522037746355636e-06, 1.1599147455854109e-06, 8.513342777405342e-07], "lowlevel.melbands128.mean": [0.00028215450583957136, 0.0020483089610934258, 0.003186225425451994, 0.0019687952008098364, 0.0007062990334816277, 0.0002655925345607102, 0.0002938314282801002, 0.0004444737278390676, 0.00040422999882139266, 0.00036477643880061805, 0.0009186693350784481, 0.00219851266592741, 0.0013846943620592356, 0.0005617145216092467, 0.0004083223466295749, 0.00033360644010826945, 0.0005523267900571227, 0.000311857060296461, 0.00010937175102299079, 0.00015352662012446672, 8.76719641382806e-05, 6.964579370105639e-05, 5.9424175560707226e-05, 0.00021726095292251557, 0.0002740364579949528, 0.00012026468175463378, 0.0001294622488785535, 0.00010438623576192185, 0.0002863184199668467, 0.00011034291674150154, 7.474643643945456e-05, 0.00010589299199637026, 0.00010984728578478098, 2.458748349454254e-05, 4.7340276069007814e-05, 2.4089460566756316e-05, 1.136055652750656e-05, 2.538944681873545e-05, 0.00010192871559411287, 5.27658048667945e-05, 2.9012026061536744e-05, 3.2957417715806514e-05, 1.4902950169926044e-05, 1.9814766346826218e-05, 7.06468999851495e-05, 1.6227322703343816e-05, 7.757548701192718e-06, 1.1217768587812316e-05, 1.833661190175917e-05, 2.925272929132916e-05, 6.116300937719643e-06, 5.551386038860073e-06, 1.1325475497869775e-05, 1.2118282029405236e-05, 4.558000455290312e-06, 6.533983651024755e-06, 8.895654900697991e-06, 2.0294970454415306e-05, 5.772325948782964e-06, 3.956312411901308e-06, 4.788134901900776e-06, 3.8025505091354717e-06, 2.204191332566552e-06, 2.544580866015167e-06, 2.9414109121717047e-06, 2.198147967646946e-06, 2.512433866286301e-06, 2.762776603049133e-06, 2.3288164356927155e-06, 2.350103159187711e-06, 1.9407675608817954e-06, 2.4216733436333016e-06, 4.003914909844752e-06, 4.745861133415019e-06, 4.755815098178573e-06, 4.7994549277063925e-06, 4.4724765757564455e-06, 3.773740218093735e-06, 2.9396014724625275e-06, 2.644445203259238e-06, 2.9487025585694937e-06, 2.7984256121271756e-06, 2.727581886574626e-06, 2.675744326552376e-06, 2.708458168854122e-06, 3.0017256449355045e-06, 3.3598721529415343e-06, 2.7588023385760607e-06, 2.313672212039819e-06, 2.60231172433123e-06, 2.8705626391456462e-06, 2.3782686184858903e-06, 1.9800011159532005e-06, 1.633203396522731e-06, 1.5504242583119776e-06, 1.2849225186073454e-06, 1.0052804100268986e-06, 7.952511396069895e-07, 6.144330200186232e-07, 6.096274773881305e-07, 5.39781410680007e-07, 4.462676770344842e-07, 4.99513760132686e-07, 4.317821833410562e-07, 4.265973529982148e-07, 3.492039297725569e-07, 3.340282717090304e-07, 2.8793843398489116e-07, 2.937975125405501e-07, 3.5438870327197947e-07, 3.2265592153635225e-07, 3.1285946988646174e-07, 3.4020655448330217e-07, 3.6432794559004833e-07, 3.19822476058107e-07, 2.814802826378582e-07, 1.7868325130621088e-07, 9.156890712347376e-08, 1.4340306719873297e-08, 1.0060477451112604e-10, 4.026368821685722e-11, 2.999729978303556e-11, 2.964641726554973e-11, 3.04422355379419e-11, 2.3946563482146743e-11, 9.979736655119087e-12, 3.9480389443791175e-12, 3.1477424833337153e-12], "lowlevel.melbands128.stdev": [0.0009449674980714917, 0.007200854364782572, 0.01019449345767498, 0.005851437337696552, 0.002475972520187497, 0.00086007866775617, 0.0005226982175372541, 0.0009762690751813352, 0.0009869872592389584, 0.0006896484992466867, 0.0024721601512283087, 0.006794162094593048, 0.004158451687544584, 0.0011520374100655317, 0.0010050550336018205, 0.0011137769324705005, 0.0017846914706751704, 0.0009487088536843657, 0.0002969494671560824, 0.0005246748914942145, 0.00026316288858652115, 0.0002260234614368528, 0.0001764315675245598, 0.0004952556919306517, 0.0007662425050511956, 0.0005237472942098975, 0.0006978911114856601, 0.00030951350345276296, 0.0008566514006815851, 0.0003682149981614202, 0.0006124154897406697, 0.0003550763940438628, 0.0003554827126208693, 6.427429616451263e-05, 0.0001973008329514414, 8.353500015800819e-05, 4.052148506161757e-05, 0.00010328313510399312, 0.00035421623033471406, 0.00017307572124991566, 0.00015470388461835682, 0.00012423653970472515, 6.731562461936846e-05, 6.124170613475144e-05, 0.0002366531261941418, 8.434399933321401e-05, 4.9282298277830705e-05, 8.163852180587128e-05, 0.00010669131006579846, 0.00019214287749491632, 2.883185698010493e-05, 2.0611596482922323e-05, 5.898671588511206e-05, 3.3986096241278574e-05, 1.1772142897825688e-05, 1.3399403542280197e-05, 2.0812829461647198e-05, 5.6470889830961823e-05, 1.3348169886739925e-05, 8.407489985984284e-06, 1.1079056093876716e-05, 8.137339136737864e-06, 3.7881354728597216e-06, 4.632977379515069e-06, 4.894535322819138e-06, 4.25909047407913e-06, 4.289587195671629e-06, 4.959536454407498e-06, 5.0865560297097545e-06, 4.84124166177935e-06, 4.167396127741085e-06, 4.634004653780721e-06, 1.0569729056442156e-05, 1.1961416021222249e-05, 9.263407264370471e-06, 1.1730043297575321e-05, 1.0638700587151106e-05, 9.672632586443797e-06, 6.2412896113528404e-06, 5.5245895964617375e-06, 6.473061603173846e-06, 6.684960226266412e-06, 6.205823865457205e-06, 6.48991499474505e-06, 6.3934953686839435e-06, 6.425845185731305e-06, 7.352996362897102e-06, 5.765431524196174e-06, 4.5277938625076786e-06, 5.03132514495519e-06, 6.061537078494439e-06, 5.624467576126335e-06, 3.978189852205105e-06, 3.606570544434362e-06, 3.155948206767789e-06, 2.3444533781002974e-06, 1.9338422134751454e-06, 1.8978415710080299e-06, 1.1708146985256462e-06, 1.195511231344426e-06, 9.668085567682283e-07, 8.193891858354618e-07, 9.967354799300665e-07, 8.622587870377174e-07, 8.235450081883755e-07, 6.109755759098334e-07, 6.033678232597595e-07, 5.491563115356257e-07, 5.657161636918318e-07, 6.522497528749227e-07, 5.851742344020749e-07, 5.767118409494287e-07, 6.045717100278125e-07, 7.219469466690498e-07, 6.868374384794151e-07, 7.010586955402687e-07, 5.233104616308992e-07, 3.8551320358237717e-07, 8.153850927783424e-08, 1.1354732709634163e-09, 3.4037703211531323e-10, 2.571307888832308e-10, 2.760489892228435e-10, 3.1688054957790257e-10, 2.3767218748638186e-10, 7.509998872778922e-11, 1.0327399525833503e-11, 4.8149873844993696e-12], "lowlevel.mfcc.mean": [-672.4056396484375, 97.78962707519531, 17.500139236450195, 10.104166030883789, -14.716338157653809, 2.118135929107666, -11.317484855651855, -0.35137826204299927, -9.183516502380371, -6.488847732543945, -11.388044357299805, -1.666892409324646, -10.740949630737305], "lowlevel.spectral_contrast_coeffs.mean": [-0.615922749042511, -0.7263295650482178, -0.7434726357460022, -0.7867993712425232, -0.8052923083305359, -0.7479737401008606], "lowlevel.spectral_contrast_coeffs.stdev": [0.11464579403400421, 0.08802102506160736, 0.0799437016248703, 0.07539709657430649, 0.04441220313310623, 0.03903798758983612], "lowlevel.spectral_contrast_valleys.mean": [-7.712614059448242, -7.106020927429199, -7.89985990524292, -8.266576766967773, -7.958601951599121, -10.258268356323242], "lowlevel.spectral_contrast_valleys.stdev": [1.000025749206543, 0.6506558656692505, 0.66017746925354, 0.6323242783546448, 0.6304724812507629, 0.8618819713592529], "rhythm.beats_loudness_band_ratio.mean": [0.42340606451034546, 0.3644038736820221, 0.11150357872247696, 0.057317279279232025, 0.044140756130218506, 0.02956252358853817], "rhythm.beats_loudness_band_ratio.stdev": [0.4145622253417969, 0.3792382478713989, 0.19050784409046173, 0.1142890527844429, 0.11333991587162018, 0.06694802641868591], "tonal.hpcp.mean": [0.04772217944264412, 0.04583963379263878, 0.03723813593387604, 0.05161402001976967, 0.13364286720752716, 0.13060317933559418, 0.04695881903171539, 0.0329304113984108, 0.07977107167243958, 0.17666560411453247, 0.26802003383636475, 0.1991688311100006, 0.07047015428543091, 0.03471289575099945, 0.023380622267723083, 0.036408431828022, 0.05410178378224373, 0.05618191510438919, 0.10795199871063232, 0.31519752740859985, 0.301756352186203, 0.09362827986478806, 0.048910174518823624, 0.04239477217197418, 0.05356360226869583, 0.11044178158044815, 0.10176859050989151, 0.04055201634764671, 0.02576129510998726, 0.025196213275194168, 0.08724313974380493, 0.2402968406677246, 0.22380146384239197, 0.09925781935453415, 0.11163415014743805, 0.09260636568069458], "tonal.hpcp.stdev": [0.1476617008447647, 0.1649494171142578, 0.13056586682796478, 0.14477761089801788, 0.23362694680690765, 0.2314734011888504, 0.14105643332004547, 0.12063708901405334, 0.1977478414773941, 0.3236144185066223, 0.341685950756073, 0.3113980293273926, 0.16174373030662537, 0.12188185751438141, 0.07879480719566345, 0.12900133430957794, 0.15722788870334625, 0.15128260850906372, 0.18884143233299255, 0.3740027844905853, 0.35708391666412354, 0.19334544241428375, 0.1457841992378235, 0.13875290751457214, 0.15014752745628357, 0.2417549043893814, 0.2326073944568634, 0.13014505803585052, 0.10904274135828018, 0.10576070100069046, 0.1705230176448822, 0.3359360992908478, 0.3178025782108307, 0.20423004031181335, 0.23759371042251587, 0.20666150748729706], "rhythm.beats_position": [0.42956915497779846, 0.8359183669090271, 1.195827603340149, 1.5557368993759155, 1.9272562265396118, 2.2987754344940186, 2.670294761657715, 3.0302040576934814, 3.390113353729248, 3.7616326808929443, 4.133152008056641, 4.493061065673828, 4.852970600128174, 5.224489688873291, 5.596008777618408, 5.955918312072754, 6.315827369689941, 6.687346935272217, 7.047255992889404, 7.40716552734375, 7.778684616088867, 8.150203704833984, 8.510112762451172, 8.881632804870605, 9.241541862487793, 9.61306095123291, 9.961359977722168, 10.332880020141602, 10.704399108886719, 11.064308166503906, 11.424217224121094, 11.795736312866211, 12.167256355285645, 12.538775444030762, 12.88707447052002, 13.258593559265137, 13.63011360168457, 13.990022659301758, 14.349931716918945, 14.709840774536133, 15.06974983215332, 15.441269874572754, 15.812788963317871, 16.184309005737305, 16.544218063354492, 16.90412712097168, 17.275646209716797, 17.635555267333984, 17.995464324951172, 18.36698341369629, 18.738502502441406, 19.110021591186523, 19.469932556152344, 19.82984161376953, 20.20136070251465, 20.561269760131836, 20.921178817749023, 21.29269790649414, 21.664216995239258, 22.024126052856445, 22.384035110473633, 22.75555419921875, 23.11546516418457, 23.475374221801758, 23.846893310546875, 24.218412399291992, 24.57832145690918, 24.938230514526367, 25.309749603271484, 25.6812686920166, 26.04117774963379, 26.40108871459961, 26.772607803344727, 27.144126892089844, 27.50403594970703, 27.86394500732422, 28.235464096069336, 28.595373153686523, 28.95528221130371, 29.326801300048828, 29.698322296142578], "rhythm.bpm_histogram": [0.0, 0.0, 0.0, 0.0, 0.0, 0.0, 0.0, 0.0, 0.0, 0.0, 0.0, 0.0, 0.0, 0.0, 0.0, 0.0, 0.0, 0.0, 0.0, 0.0, 0.0, 0.0, 0.0, 0.0, 0.0, 0.0, 0.0, 0.0, 0.0, 0.0, 0.0, 0.0, 0.0, 0.0, 0.0, 0.0, 0.0, 0.0, 0.0, 0.0, 0.0, 0.0, 0.0, 0.0, 0.0, 0.0, 0.0, 0.0, 0.0, 0.0, 0.0, 0.0, 0.0, 0.0, 0.0, 0.0, 0.0, 0.0, 0.0, 0.0, 0.0, 0.0, 0.0, 0.0, 0.0, 0.0, 0.0, 0.0, 0.0, 0.0, 0.0, 0.0, 0.0, 0.0, 0.0, 0.0, 0.0, 0.0, 0.0, 0.0, 0.0, 0.0, 0.0, 0.0, 0.0, 0.0, 0.0, 0.0, 0.0, 0.0, 0.0, 0.0, 0.0, 0.0, 0.0, 0.0, 0.0, 0.0, 0.0, 0.0, 0.0, 0.0, 0.0, 0.0, 0.0, 0.0, 0.0, 0.0, 0.0, 0.0, 0.0, 0.0, 0.0, 0.0, 0.0, 0.0, 0.0, 0.0, 0.0, 0.0, 0.0, 0.0, 0.0, 0.0, 0.0, 0.0, 0.0, 0.0, 0.0, 0.0, 0.0, 0.0, 0.0, 0.0, 0.0, 0.0, 0.0, 0.0, 0.0, 0.0, 0.0, 0.0, 0.0, 0.0, 0.0, 0.0, 0.0, 0.0, 0.012500000186264515, 0.0, 0.0, 0.0, 0.0, 0.0, 0.0, 0.0, 0.0, 0.0, 0.0, 0.0, 0.0, 0.48750001192092896, 0.0, 0.0, 0.0, 0.0, 0.0, 0.4749999940395355, 0.0, 0.0, 0.0, 0.0, 0.02500000037252903, 0.0, 0.0, 0.0, 0.0, 0.0, 0.0, 0.0, 0.0, 0.0, 0.0, 0.0, 0.0, 0.0, 0.0, 0.0, 0.0, 0.0, 0.0, 0.0, 0.0, 0.0, 0.0, 0.0, 0.0, 0.0, 0.0, 0.0, 0.0, 0.0, 0.0, 0.0, 0.0, 0.0, 0.0, 0.0, 0.0, 0.0, 0.0, 0.0, 0.0, 0.0, 0.0, 0.0, 0.0, 0.0, 0.0, 0.0, 0.0, 0.0, 0.0, 0.0, 0.0, 0.0, 0.0, 0.0, 0.0, 0.0, 0.0, 0.0, 0.0, 0.0, 0.0, 0.0, 0.0, 0.0, 0.0, 0.0, 0.0, 0.0, 0.0, 0.0, 0.0, 0.0, 0.0, 0.0, 0.0, 0.0], "tonal.chords_histogram": [17.901233673095703, 61.88271713256836, 11.574073791503906, 0.0, 0.0, 0.0, 7.407407283782959, 0.0, 0.15432098507881165, 0.0, 0.0, 0.0, 0.0, 0.0, 0.0, 0.0, 0.0, 0.0, 0.0, 0.0, 0.0, 0.0, 0.0, 1.080246925354004], "tonal.thpcp": [1.0, 0.957356333732605, 0.29704636335372925, 0.15517309308052063, 0.13450223207473755, 0.16993661224842072, 0.35038912296295166, 0.32287243008613586, 0.12865588068962097, 0.08173064142465591, 0.07993785291910172, 0.27678877115249634, 0.7623690366744995, 0.7100356221199036, 0.3149067163467407, 0.3541720509529114, 0.29380422830581665, 0.15140403807163239, 0.14543144404888153, 0.11814221739768982, 0.16375134885311127, 0.4239971935749054, 0.4143534302711487, 0.1489821970462799, 0.1044754758477211, 0.2530827820301056, 0.5604917407035828, 0.8503240346908569, 0.6318857669830322, 0.22357457876205444, 0.11013060808181763, 0.07417768239974976, 0.11550989001989365, 0.17164406180381775, 0.1782435178756714, 0.34248998761177063], "lowlevel.gfcc.cov": [[3610.921875, -360.99871826171875, 153.76979064941406, -22.516271591186523, 231.388671875, 124.76959991455078, 110.90991973876953, 95.98188018798828, 33.242698669433594, 39.662506103515625, -90.45092010498047, 55.74118423461914, -63.728248596191406], [-360.99871826171875, 977.0371704101562, 78.02931213378906, 208.16673278808594, 226.33889770507812, 45.64396286010742, 219.85382080078125, 104.50467681884766, 125.8302001953125, 10.404855728149414, 99.83036804199219, -75.3112564086914, 7.87565803527832], [153.76979064941406, 78.02931213378906, 1044.80712890625, 476.53729248046875, 6.620055198669434, 55.3653564453125, 96.91243743896484, 60.2133903503418, 31.612951278686523, 99.85020446777344, 38.23440170288086, 19.62656593322754, 28.970766067504883], [-22.516271591186523, 208.16673278808594, 476.53729248046875, 610.8584594726562, 133.17189025878906, 81.04119110107422, 35.64459228515625, 63.139278411865234, 145.38668823242188, 62.03831481933594, 34.610740661621094, -22.17183494567871, 57.864017486572266], [231.388671875, 226.33889770507812, 6.620055198669434, 133.17189025878906, 585.1693115234375, 269.6170654296875, 208.08740234375, 157.73365783691406, 189.4840087890625, 55.100669860839844, 1.1024976968765259, 1.7000586986541748, -12.324679374694824], [124.76959991455078, 45.64396286010742, 55.3653564453125, 81.04119110107422, 269.6170654296875, 375.4623718261719, 248.94725036621094, 127.65434265136719, 85.63856506347656, 46.15043258666992, 46.01521301269531, 3.832212448120117, -23.410921096801758], [110.90991973876953, 219.85382080078125, 96.91243743896484, 35.64459228515625, 208.08740234375, 248.94725036621094, 412.2244873046875, 172.0373077392578, 75.56277465820312, 53.904239654541016, 83.07630157470703, 30.981311798095703, -8.743074417114258], [95.98188018798828, 104.50467681884766, 60.2133903503418, 63.139278411865234, 157.73365783691406, 127.65434265136719, 172.0373077392578, 192.54080200195312, 125.56989288330078, 45.78096389770508, 20.70429801940918, 3.7012462615966797, -3.9681742191314697], [33.242698669433594, 125.8302001953125, 31.612951278686523, 145.38668823242188, 189.4840087890625, 85.63856506347656, 75.56277465820312, 125.56989288330078, 215.3934783935547, 73.66190338134766, 15.731820106506348, -9.13616943359375, 22.878843307495117], [39.662506103515625, 10.404855728149414, 99.85020446777344, 62.03831481933594, 55.100669860839844, 46.15043258666992, 53.904239654541016, 45.78096389770508, 73.66190338134766, 135.08804321289062, 51.9361457824707, 14.286959648132324, 17.815364837646484], [-90.45092010498047, 99.83036804199219, 38.23440170288086, 34.610740661621094, 1.1024976968765259, 46.01521301269531, 83.07630157470703, 20.70429801940918, 15.731820106506348, 51.9361457824707, 128.79774475097656, 59.47128677368164, 27.038820266723633], [55.74118423461914, -75.3112564086914, 19.62656593322754, -22.17183494567871, 1.7000586986541748, 3.832212448120117, 30.981311798095703, 3.7012462615966797, -9.13616943359375, 14.286959648132324, 59.47128677368164, 120.9696044921875, 48.97560119628906], [-63.728248596191406, 7.87565803527832, 28.970766067504883, 57.864017486572266, -12.324679374694824, -23.410921096801758, -8.743074417114258, -3.9681742191314697, 22.878843307495117, 17.815364837646484, 27.038820266723633, 48.97560119628906, 113.91790008544922]], "lowlevel.gfcc.icov": [[0.0003206252004019916, 0.00013240893895272166, -4.4011016143485904e-05, -1.0516594556975178e-05, -0.00015143897326197475, 7.881900091888383e-05, -0.00012519030133262277, -6.116205622674897e-05, 4.957097917213105e-05, -0.00010986549750668928, 0.0003104299830738455, -0.0002497703826520592, 0.00021574608399532735], [0.00013240893895272166, 0.002301025204360485, -7.53492713556625e-05, -0.00031830184161663055, -0.0012424829183146358, 0.001811271533370018, -0.0014570121420547366, 0.0001070787911885418, -0.0004434939764905721, 0.0016606608405709267, -0.0033081197179853916, 0.0032834724988788366, -0.0005715283914469182], [-4.4011016143485904e-05, -7.53492713556625e-05, 0.0019647995941340923, -0.0018752452451735735, 0.0003963641938753426, 0.00014383615052793175, -0.00047730805817991495, -0.0006272132741287351, 0.0015174309955909848, -0.0016051025595515966, 0.0011227590730413795, -0.0010377108119428158, 0.0005733021534979343], [-1.0516594556975178e-05, -0.00031830184161663055, -0.0018752452451735735, 0.004012907389551401, -0.0002875546633731574, -0.0007813101401552558, 0.0009752596961334348, 0.0007838578312657773, -0.002571003744378686, 0.0012697736965492368, -0.0013374503469094634, 0.0015976314898580313, -0.0016864666249603033], [-0.00015143897326197475, -0.0012424829183146358, 0.0003963641938753426, -0.0002875546633731574, 0.004276225809007883, -0.0027402357663959265, 6.507902435259894e-05, 0.00030908529879525304, -0.0021569421514868736, -0.000936236057896167, 0.003477222053334117, -0.002986874198541045, 0.0010001008631661534], [7.881900091888383e-05, 0.001811271533370018, 0.00014383615052793175, -0.0007813101401552558, -0.0027402357663959265, 0.007160642649978399, -0.003467738162726164, -0.0004442008212208748, 0.00048211467219516635, 0.0009385409066453576, -0.003333638422191143, 0.003034267807379365, 0.0004157904477324337], [-0.00012519030133262277, -0.0014570121420547366, -0.00047730805817991495, 0.0009752596961334348, 6.507902435259894e-05, -0.003467738162726164, 0.007282055914402008, -0.004552304279059172, 0.0019450671970844269, -0.0006193232256919146, -0.0011297236196696758, -0.0014063541311770678, -6.960561586311087e-05], [-6.116205622674897e-05, 0.0001070787911885418, -0.0006272132741287351, 0.0007838578312657773, 0.00030908529879525304, -0.0004442008212208748, -0.004552304279059172, 0.013875051401555538, -0.007604886312037706, 0.0007742737652733922, 0.0014286864316090941, -0.0007581560057587922, 0.0011889133602380753], [4.957097917213105e-05, -0.0004434939764905721, 0.0015174309955909848, -0.002571003744378686, -0.0021569421514868736, 0.00048211467219516635, 0.0019450671970844269, -0.007604886312037706, 0.013745669275522232, -0.005074020475149155, 0.0008649567607790232, 0.0006416317191906273, -0.001719750463962555], [-0.00010986549750668928, 0.0016606608405709267, -0.0016051025595515966, 0.0012697736965492368, -0.000936236057896167, 0.0009385409066453576, -0.0006193232256919146, 0.0007742737652733922, -0.005074020475149155, 0.0134148383513093, -0.007651763968169689, 0.00403196457773447, -0.001338141388259828], [0.0003104299830738455, -0.0033081197179853916, 0.0011227590730413795, -0.0013374503469094634, 0.003477222053334117, -0.003333638422191143, -0.0011297236196696758, 0.0014286864316090941, 0.0008649567607790232, -0.007651763968169689, 0.020436277613043785, -0.012153428047895432, 0.0018476668046787381], [-0.0002497703826520592, 0.0032834724988788366, -0.0010377108119428158, 0.0015976314898580313, -0.002986874198541045, 0.003034267807379365, -0.0014063541311770678, -0.0007581560057587922, 0.0006416317191906273, 0.00403196457773447, -0.012153428047895432, 0.019621070474386215, -0.007058510556817055], [0.00021574608399532735, -0.0005715283914469182, 0.0005733021534979343, -0.0016864666249603033, 0.0010001008631661534, 0.0004157904477324337, -6.960561586311087e-05, 0.0011889133602380753, -0.001719750463962555, -0.001338141388259828, 0.0018476668046787381, -0.007058510556817055, 0.013029714114964008]], "lowlevel.mfcc.cov": [[3057.856201171875, -291.2603759765625, -209.196533203125, -50.41473388671875, 77.49024963378906, 74.37605285644531, 14.24548053741455, 62.115478515625, 65.5079345703125, 37.4096794128418, 90.29470825195312, -62.31634521484375, -71.76757049560547], [-291.2603759765625, 786.368408203125, -123.67247772216797, 100.97796630859375, 31.73979377746582, 44.05965042114258, 149.91331481933594, 109.85578918457031, 61.874420166015625, 78.33653259277344, 74.3753662109375, 88.65340423583984, 50.973388671875], [-209.196533203125, -123.67247772216797, 978.8560791015625, 344.4505920410156, -17.066734313964844, 20.40633201599121, 58.222076416015625, -54.21510314941406, 8.970632553100586, -9.181008338928223, -59.895721435546875, 13.764143943786621, 150.34854125976562], [-50.41473388671875, 100.97796630859375, 344.4505920410156, 445.7021789550781, 160.2350616455078, 52.45417022705078, -13.623109817504883, 14.994552612304688, 93.16854095458984, 62.20368194580078, -33.96204376220703, 54.198211669921875, 138.399169921875], [77.49024963378906, 31.73979377746582, -17.066734313964844, 160.2350616455078, 383.3717041015625, 147.1152801513672, -14.278092384338379, 67.86676025390625, 131.9688262939453, 99.36734771728516, 40.913612365722656, 39.62162780761719, 48.84053039550781], [74.37605285644531, 44.05965042114258, 20.40633201599121, 52.45417022705078, 147.1152801513672, 253.20887756347656, 149.35830688476562, 109.2420425415039, 81.57176971435547, 90.14816284179688, 95.81057739257812, 49.67367935180664, 16.107006072998047], [14.24548053741455, 149.91331481933594, 58.222076416015625, -13.623109817504883, -14.278092384338379, 149.35830688476562, 297.1498718261719, 153.67465209960938, 60.08135986328125, 56.617313385009766, 112.12863159179688, 50.92009353637695, 19.310636520385742], [62.115478515625, 109.85578918457031, -54.21510314941406, 14.994552612304688, 67.86676025390625, 109.2420425415039, 153.67465209960938, 236.85862731933594, 107.15596008300781, 74.3556900024414, 82.39714813232422, 65.66252136230469, 13.082847595214844], [65.5079345703125, 61.874420166015625, 8.970632553100586, 93.16854095458984, 131.9688262939453, 81.57176971435547, 60.08135986328125, 107.15596008300781, 202.8349151611328, 119.72140502929688, 65.84400177001953, 42.2548713684082, 43.71158218383789], [37.4096794128418, 78.33653259277344, -9.181008338928223, 62.20368194580078, 99.36734771728516, 90.14816284179688, 56.617313385009766, 74.3556900024414, 119.72140502929688, 181.3030242919922, 100.65264892578125, 41.9254035949707, 17.17299461364746], [90.29470825195312, 74.3753662109375, -59.895721435546875, -33.96204376220703, 40.913612365722656, 95.81057739257812, 112.12863159179688, 82.39714813232422, 65.84400177001953, 100.65264892578125, 164.82456970214844, 62.86343765258789, 3.072134017944336], [-62.31634521484375, 88.65340423583984, 13.764143943786621, 54.198211669921875, 39.62162780761719, 49.67367935180664, 50.92009353637695, 65.66252136230469, 42.2548713684082, 41.9254035949707, 62.86343765258789, 134.0316925048828, 72.29584503173828], [-71.76757049560547, 50.973388671875, 150.34854125976562, 138.399169921875, 48.84053039550781, 16.107006072998047, 19.310636520385742, 13.082847595214844, 43.71158218383789, 17.17299461364746, 3.072134017944336, 72.29584503173828, 143.61941528320312]], "lowlevel.mfcc.icov": [[0.0003718647931236774, 0.00018946349155157804, 0.00013352696259971708, -0.00018258563068229705, 8.213668479584157e-06, -1.5164921023824718e-05, -7.245846063597128e-06, -9.628655243432149e-05, -7.654452929273248e-05, 0.00015553920820821077, -0.0004038014740217477, 0.0003162094799336046, 1.7558812032802962e-05], [0.00018946349155157804, 0.0018970119999721646, 0.0007084065582603216, -0.001024096505716443, -3.374166408320889e-05, 0.0008176365518011153, -0.001451084273867309, 4.2786432459251955e-05, 0.00030524178873747587, -0.00048081454588100314, -4.753717075800523e-05, -0.0005121349240653217, 1.058237899087544e-06], [0.00013352696259971708, 0.0007084065582603216, 0.0020354099106043577, -0.0017559286206960678, 0.0005610969383269548, 5.4825704864924774e-05, -0.0012850697385147214, 0.0006478610448539257, 0.00021964666666463017, -7.42460906622e-05, 0.00014171958900988102, 0.0005226013599894941, -0.0010306398617103696], [-0.00018258563068229705, -0.001024096505716443, -0.0017559286206960678, 0.00577000854536891, -0.0013508637202903628, -0.0006261992384679615, 0.0012189499102532864, -0.0002163369645131752, -0.0006302440306171775, -0.0014139277627691627, 0.0024041624274104834, -0.00039358981302939355, -0.0025568348355591297], [8.213668479584157e-06, -3.374166408320889e-05, 0.0005610969383269548, -0.0013508637202903628, 0.005514959339052439, -0.0036628555972129107, 0.0027153086848556995, -0.0006128231179900467, -0.0018825700972229242, 8.690670802025124e-05, -0.0004022997454740107, 0.000714320398401469, -0.0008318781619891524], [-1.5164921023824718e-05, 0.0008176365518011153, 5.4825704864924774e-05, -0.0006261992384679615, -0.0036628555972129107, 0.00964035838842392, -0.004997864365577698, 6.507148646051064e-05, 0.0010574181796982884, -0.0014507650630548596, -0.0008934320067055523, -0.0012301719980314374, 0.0015687933191657066], [-7.245846063597128e-06, -0.001451084273867309, -0.0012850697385147214, 0.0012189499102532864, 0.0027153086848556995, -0.004997864365577698, 0.01023630890995264, -0.004357303958386183, -0.0004500089562498033, 0.0018290409352630377, -0.0038689658977091312, 0.0022386438213288784, -0.001786144101060927], [-9.628655243432149e-05, 4.2786432459251955e-05, 0.0006478610448539257, -0.0002163369645131752, -0.0006128231179900467, 6.507148646051064e-05, -0.004357303958386183, 0.009257826954126358, -0.003329384606331587, 8.903109846869484e-05, 0.0012427656911313534, -0.0034933306742459536, 0.002145182341337204], [-7.654452929273248e-05, 0.00030524178873747587, 0.00021964666666463017, -0.0006302440306171775, -0.0018825700972229242, 0.0010574181796982884, -0.0004500089562498033, -0.003329384606331587, 0.01123565062880516, -0.005391995422542095, 1.993907972064335e-06, 0.0013723409501835704, -0.002349552232772112], [0.00015553920820821077, -0.00048081454588100314, -7.42460906622e-05, -0.0014139277627691627, 8.690670802025124e-05, -0.0014507650630548596, 0.0018290409352630377, 8.903109846869484e-05, -0.005391995422542095, 0.013368787243962288, -0.007000231184065342, 0.000817040097899735, 0.0013487479882314801], [-0.0004038014740217477, -4.753717075800523e-05, 0.00014171958900988102, 0.0024041624274104834, -0.0004022997454740107, -0.0008934320067055523, -0.0038689658977091312, 0.0012427656911313534, 1.993907972064335e-06, -0.007000231184065342, 0.01600107178092003, -0.005946929566562176, 0.0014817134942859411], [0.0003162094799336046, -0.0005121349240653217, 0.0005226013599894941, -0.00039358981302939355, 0.000714320398401469, -0.0012301719980314374, 0.0022386438213288784, -0.0034933306742459536, 0.0013723409501835704, 0.000817040097899735, -0.005946929566562176, 0.0156803447753191, -0.008197175338864326], [1.7558812032802962e-05, 1.058237899087544e-06, -0.0010306398617103696, -0.0025568348355591297, -0.0008318781619891524, 0.0015687933191657066, -0.001786144101060927, 0.002145182341337204, -0.002349552232772112, 0.0013487479882314801, 0.0014817134942859411, -0.008197175338864326, 0.015314244665205479]], "metadata.audio_properties.analysis.downmix": "mix", "metadata.audio_properties.codec": "mp3", "metadata.audio_properties.md5_encoded": "d2f0f5193807657edba154c713f1aea8", "metadata.tags.file_name": "1183717050095505408.mp3", "met