{"song_id": "1183652373651005450", "download": "https://cdn.discordapp.com/attachments/1135903449314238464/1183652373651005450/chirp.mp4?ex=65891d2d&amp", "lyrics": "(Chorus)\nLife in motion, words in flow,\n\u65e5\u5e38\u751f\u6d3b\uff0c\u6d41\u7545\u7684\u8bdd\u8bed\uff0c\n\"I'm\" plus verb, let's learn and grow.\n\u201c\u6211\u6b63\u5728\u201d\u52a0\u4e0a\u52a8\u8bcd\uff0c\u5b66\u4e60\u4e2d\u6210\u957f\u3002", "style": ["Country</span><span>, Easy Listening</span><span>, boy </span><span>, chinese"], "essentia_features": {"lowlevel.average_loudness": 0.9802625775337219, "lowlevel.barkbands_crest.mean": 14.346453666687012, "lowlevel.barkbands_crest.stdev": 4.30496883392334, "lowlevel.barkbands_flatness_db.mean": 0.1741989701986313, "lowlevel.barkbands_flatness_db.stdev": 0.055097546428442, "lowlevel.barkbands_kurtosis.mean": 12.753357887268066, "lowlevel.barkbands_kurtosis.stdev": 20.198883056640625, "lowlevel.barkbands_skewness.mean": 2.942690849304199, "lowlevel.barkbands_skewness.stdev": 1.7834491729736328, "lowlevel.barkbands_spread.mean": 21.076093673706055, "lowlevel.barkbands_spread.stdev": 14.44400691986084, "lowlevel.dissonance.mean": 0.4666363298892975, "lowlevel.dissonance.stdev": 0.0313078947365284, "lowlevel.dynamic_complexity": 1.8075942993164062, "lowlevel.erbbands_crest.mean": 9.454191207885742, "lowlevel.erbbands_crest.stdev": 5.310665607452393, "lowlevel.erbbands_flatness_db.mean": 0.1323709934949875, "lowlevel.erbbands_flatness_db.stdev": 0.03905018791556358, "lowlevel.erbbands_kurtosis.mean": 0.13486145436763763, "lowlevel.erbbands_kurtosis.stdev": 3.213287353515625, "lowlevel.erbbands_skewness.mean": -0.01198349054902792, "lowlevel.erbbands_skewness.stdev": 0.8381566405296326, "lowlevel.erbbands_spread.mean": 59.90253448486328, "lowlevel.erbbands_spread.stdev": 26.142274856567383, "lowlevel.hfc.mean": 19.21408462524414, "lowlevel.hfc.stdev": 14.565601348876953, "lowlevel.loudness_ebu128.integrated": -12.373699188232422, "lowlevel.loudness_ebu128.loudness_range": 0.7586240768432617, "lowlevel.loudness_ebu128.momentary.mean": -12.514677047729492, "lowlevel.loudness_ebu128.momentary.stdev": 1.200247049331665, "lowlevel.loudness_ebu128.short_term.mean": -12.277905464172363, "lowlevel.loudness_ebu128.short_term.stdev": 0.3300686180591583, "lowlevel.melbands_crest.mean": 19.13155174255371, "lowlevel.melbands_crest.stdev": 4.7569355964660645, "lowlevel.melbands_flatness_db.mean": 0.2576012909412384, "lowlevel.melbands_flatness_db.stdev": 0.06601986289024353, "lowlevel.melbands_kurtosis.mean": 48.50157165527344, "lowlevel.melbands_kurtosis.stdev": 53.49365234375, "lowlevel.melbands_skewness.mean": 5.456036567687988, "lowlevel.melbands_skewness.stdev": 2.7937867641448975, "lowlevel.melbands_spread.mean": 14.0153226852417, "lowlevel.melbands_spread.stdev": 11.95226001739502, "lowlevel.pitch_salience.mean": 0.4049038887023926, "lowlevel.pitch_salience.stdev": 0.1191958338022232, "lowlevel.silence_rate_20dB.mean": 1.0, "lowlevel.silence_rate_20dB.stdev": 0.0, "lowlevel.silence_rate_30dB.mean": 0.8954344391822815, "lowlevel.silence_rate_30dB.stdev": 0.3059925138950348, "lowlevel.silence_rate_60dB.mean": 0.004418262280523777, "lowlevel.silence_rate_60dB.stdev": 0.06632322818040848, "lowlevel.spectral_centroid.mean": 1389.2271728515625, "lowlevel.spectral_centroid.stdev": 655.6109008789062, "lowlevel.spectral_complexity.mean": 15.005890846252441, "lowlevel.spectral_complexity.stdev": 7.638747215270996, "lowlevel.spectral_decrease.mean": -1.2577244135059118e-08, "lowlevel.spectral_decrease.stdev": 1.1162819113508249e-08, "lowlevel.spectral_energy.mean": 0.049212224781513214, "lowlevel.spectral_energy.stdev": 0.04288085922598839, "lowlevel.spectral_energyband_high.mean": 0.0011926977895200253, "lowlevel.spectral_energyband_high.stdev": 0.0013868834357708693, "lowlevel.spectral_energyband_low.mean": 0.03549349680542946, "lowlevel.spectral_energyband_low.stdev": 0.03661938011646271, "lowlevel.spectral_energyband_middle_high.mean": 0.003335864981636405, "lowlevel.spectral_energyband_middle_high.stdev": 0.0030139810405671597, "lowlevel.spectral_energyband_middle_low.mean": 0.012595411390066147, "lowlevel.spectral_energyband_middle_low.stdev": 0.02508675493299961, "lowlevel.spectral_entropy.mean": 7.654895305633545, "lowlevel.spectral_entropy.stdev": 0.42181816697120667, "lowlevel.spectral_flux.mean": 0.10138721764087677, "lowlevel.spectral_flux.stdev": 0.09030330926179886, "lowlevel.spectral_kurtosis.mean": 2.7502007484436035, "lowlevel.spectral_kurtosis.stdev": 1.7497379779815674, "lowlevel.spectral_rms.mean": 0.0064409044571220875, "lowlevel.spectral_rms.stdev": 0.0025547314435243607, "lowlevel.spectral_rolloff.mean": 817.2468872070312, "lowlevel.spectral_rolloff.stdev": 1183.815673828125, "lowlevel.spectral_skewness.mean": 1.1878275871276855, "lowlevel.spectral_skewness.stdev": 0.34864509105682373, "lowlevel.spectral_spread.mean": 5440652.5, "lowlevel.spectral_spread.stdev": 1628329.25, "lowlevel.spectral_strongpeak.mean": 0.5820061564445496, "lowlevel.spectral_strongpeak.stdev": 0.38274580240249634, "lowlevel.zerocrossingrate.mean": 0.047729313373565674, "lowlevel.zerocrossingrate.stdev": 0.02804524265229702, "metadata.audio_properties.analysis.equal_loudness": 0.0, "metadata.audio_properties.analysis.length": 15.72265338897705, "metadata.audio_properties.analysis.sample_rate": 44100.0, "metadata.audio_properties.analysis.start_time": 0.0, "metadata.audio_properties.bit_rate": 120767.0, "metadata.audio_properties.length": 15.72266674041748, "metadata.audio_properties.lossless": 0.0, "metadata.audio_properties.number_channels": 1.0, "metadata.audio_properties.replay_gain": -13.238162994384766, "metadata.audio_properties.sample_rate": 48000.0, "rhythm.beats_count": 35.0, "rhythm.beats_loudness.mean": 0.06675171107053757, "rhythm.beats_loudness.stdev": 0.04484104737639427, "rhythm.bpm": 137.30950927734375, "rhythm.bpm_histogram_first_peak_bpm": 136.0, "rhythm.bpm_histogram_first_peak_weight": 0.4193548560142517, "rhythm.bpm_histogram_second_peak_bpm": 126.0, "rhythm.bpm_histogram_second_peak_spread": 0.3333333730697632, "rhythm.bpm_histogram_second_peak_weight": 0.05882352963089943, "rhythm.danceability": 1.9857981204986572, "rhythm.onset_rate": 4.763983249664307, "tonal.chords_changes_rate": 0.0676470622420311, "tonal.chords_number_rate": 0.014705882407724857, "tonal.chords_strength.mean": 0.49158185720443726, "tonal.chords_strength.stdev": 0.09005971252918243, "tonal.hpcp_crest.mean": 14.855252265930176, "tonal.hpcp_crest.stdev": 6.545504570007324, "tonal.hpcp_entropy.mean": 1.7967777252197266, "tonal.hpcp_entropy.stdev": 0.6728929877281189, "tonal.key_edma.strength": 0.7683492302894592, "tonal.key_krumhansl.strength": 0.7739447951316833, "tonal.key_temperley.strength": 0.7841176986694336, "tonal.tuning_diatonic_strength": 0.6853667497634888, "tonal.tuning_equal_tempered_deviation": 0.12160474807024002, "tonal.tuning_frequency": 437.2131652832031, "tonal.tuning_nontempered_energy_ratio": 0.7658947706222534, "lowlevel.barkbands.mean": [0.0003646132827270776, 0.021909097209572792, 0.010350880213081837, 0.005647147540003061, 0.0037014931440353394, 0.0009613118600100279, 0.0003172706055920571, 0.0004472978471312672, 0.0003355699882376939, 0.0014342534122988582, 0.0004835985600948334, 0.00032039175857789814, 0.0001056524706655182, 0.00031605330877937376, 0.000317095109494403, 0.0003038570284843445, 0.0001968693977687508, 0.0001499998616054654, 0.00024255216703750193, 0.00027602058253251016, 0.00041743682231754065, 0.00022274520597420633, 0.00010185213614022359, 0.00010597801156109199, 0.00013291298819240183, 4.8132533265743405e-05, 2.1442842808028217e-06], "lowlevel.barkbands.stdev": [0.0006492073298431933, 0.023148590698838234, 0.019481083378195763, 0.013514190912246704, 0.012288551777601242, 0.0014115270460024476, 0.000715991947799921, 0.0008205448393709958, 0.0006236720364540815, 0.002676208270713687, 0.0010744458995759487, 0.0006796059897169471, 0.0002820227527990937, 0.0005860644159838557, 0.0007328544743359089, 0.0004733069217763841, 0.00034436964779160917, 0.0003168030234519392, 0.0003810753405559808, 0.00032411745632998645, 0.0004873764410149306, 0.00042031178600154817, 0.0001844906946644187, 0.00017539270629640669, 0.0002046723966486752, 7.605008431710303e-05, 7.027279934845865e-06], "lowlevel.erbbands.mean": [0.40035274624824524, 5.655844688415527, 12.51329517364502, 16.657333374023438, 17.506778717041016, 9.030250549316406, 10.670336723327637, 6.223447799682617, 5.149738788604736, 8.37087345123291, 6.563642501831055, 9.738028526306152, 52.627525329589844, 15.569771766662598, 17.99985122680664, 16.454504013061523, 6.140125274658203, 15.09027099609375, 12.38774585723877, 21.223073959350586, 15.887842178344727, 9.697004318237305, 7.4108452796936035, 12.253314971923828, 11.717679977416992, 12.607698440551758, 17.277978897094727, 14.980083465576172, 8.689693450927734, 4.6123833656311035, 2.673112630844116, 1.9293404817581177, 1.9937149286270142, 1.721534252166748, 0.7882968187332153, 0.28579631447792053, 0.0701858252286911, 0.010581646114587784, 0.0002933689975179732, 6.568583921762183e-05], "lowlevel.erbbands.stdev": [0.5808645486831665, 5.751559734344482, 18.22696876525879, 29.88579559326172, 61.73455047607422, 27.121925354003906, 15.132256507873535, 9.77988338470459, 10.938777923583984, 15.577720642089844, 12.089781761169434, 17.01807403564453, 102.19986724853516, 36.604225158691406, 33.52958297729492, 34.150184631347656, 13.564791679382324, 26.97349739074707, 27.80010414123535, 41.79511260986328, 22.054786682128906, 12.79702377319336, 11.384220123291016, 29.16196060180664, 15.724898338317871, 14.335640907287598, 18.110286712646484, 21.131916046142578, 15.492195129394531, 9.489426612854004, 4.760427474975586, 3.157229423522949, 3.3561739921569824, 2.9120919704437256, 1.1132752895355225, 0.41016051173210144, 0.13480691611766815, 0.026005709543824196, 0.0007099622744135559, 5.3904364904155955e-05], "lowlevel.gfcc.mean": [8.990250587463379, 81.97985076904297, -92.46436309814453, 55.948333740234375, -44.789546966552734, 23.517467498779297, -26.761640548706055, 14.535985946655273, -33.40150833129883, 8.869571685791016, -26.806396484375, -2.8807108402252197, -1.525667667388916], "lowlevel.melbands.mean": [0.0050401706248521805, 0.0070274933241307735, 0.0029619643464684486, 0.0009036256233230233, 0.00037222987157292664, 0.00014736141019966453, 7.31356703909114e-05, 9.73832284216769e-05, 4.957794226356782e-05, 6.64250401314348e-05, 0.0002597981656435877, 5.437765139504336e-05, 6.718373333569616e-05, 4.1634353692643344e-05, 2.4135884814313613e-05, 9.415516615263186e-06, 3.225234104320407e-05, 1.9724975572898984e-05, 2.0994846636313014e-05, 3.038977774849627e-05, 1.6756377590354532e-05, 1.0738262062659487e-05, 7.400244612654205e-06, 6.775080237275688e-06, 1.0332650163036305e-05, 8.279708708869293e-06, 8.198906471079681e-06, 8.295350198750384e-06, 1.052177140081767e-05, 1.1057068149966653e-05, 7.895242561062332e-06, 5.312729172146646e-06, 3.3515295854158467e-06, 2.2267140593612567e-06, 1.5858091728659929e-06, 1.2110272109566722e-06, 1.196144694404211e-06, 1.3654932899953565e-06, 1.4604861462430563e-06, 1.4791224884902476e-06], "lowlevel.melbands.stdev": [0.0059554800391197205, 0.007916906848549843, 0.0058766864240169525, 0.003284812904894352, 0.0004988424479961395, 0.00022382014140021056, 0.0001604125864105299, 0.00018458528211340308, 9.240534564014524e-05, 0.00011063021520385519, 0.0005074479267932475, 0.0001471987779950723, 0.00014423203538171947, 7.93943036114797e-05, 4.444862133823335e-05, 1.9602150132413954e-05, 6.063886758056469e-05, 4.624500797945075e-05, 4.6657922212034464e-05, 4.69429069198668e-05, 2.578003659436945e-05, 1.7194948668475263e-05, 1.0064580237667542e-05, 1.3514008969650604e-05, 2.6496149075683206e-05, 1.1340928722347599e-05, 1.153234643425094e-05, 9.701245289761573e-06, 1.2084707122994587e-05, 1.3677947208634578e-05, 1.2857640285801608e-05, 1.0144560292246751e-05, 7.060631105559878e-06, 4.652903953683563e-06, 3.081796876358567e-06, 1.9971575966337696e-06, 2.0013430912513286e-06, 2.3589182092109695e-06, 2.576905444584554e-06, 2.540479499657522e-06], "lowlevel.melbands128.mean": [0.00022195327619556338, 0.0019611704628914595, 0.00744310487061739, 0.010225885547697544, 0.007278761826455593, 0.004917502403259277, 0.0034164022654294968, 0.0027149077504873276, 0.0017969970358535647, 0.0007230681367218494, 0.0003729962627403438, 0.00044497803901322186, 0.00041240299469791353, 0.00023970138863660395, 0.0001369050150969997, 9.988850797526538e-05, 9.239535575034097e-05, 7.034248119452968e-05, 4.286197145120241e-05, 0.00010435572039568797, 0.00013255006342660636, 4.977763455826789e-05, 4.0338833059649915e-05, 3.9448405004804954e-05, 5.402429815148935e-05, 3.2465111871715635e-05, 0.0001941850350704044, 0.00047904631355777383, 9.233738092007115e-05, 4.4609358155867085e-05, 3.6957510019419715e-05, 6.954812124604359e-05, 9.694852633401752e-05, 4.8217305447906256e-05, 1.0980493243550882e-05, 6.177643081173301e-05, 5.836499622091651e-05, 7.732476660748944e-06, 1.9025037545361556e-05, 1.0127991117769852e-05, 5.220259026827989e-06, 1.0513104825804476e-05, 3.504007327137515e-05, 4.5812488679075614e-05, 2.0080815374967642e-05, 1.621021147002466e-05, 1.9002220142283477e-05, 7.3928181336668786e-06, 3.325237412354909e-05, 3.308499799459241e-05, 3.359543188707903e-05, 2.4266477339551784e-05, 1.1721769624273293e-05, 1.8008817278314382e-05, 1.6560155927436426e-05, 7.86438522482058e-06, 7.961002665979322e-06, 8.553516636311542e-06, 7.333559096878162e-06, 5.198122380534187e-06, 5.3069329624122474e-06, 7.165866009017918e-06, 1.5210135643428657e-05, 9.361193406220991e-06, 6.790149654989364e-06, 7.991574420884717e-06, 9.780723303265404e-06, 7.855896910768934e-06, 7.3568749030528124e-06, 9.680017683422193e-06, 7.005678071436705e-06, 7.249615009641275e-06, 1.2489403161453083e-05, 9.761200089997146e-06, 1.0527811355132144e-05, 1.238398726854939e-05, 1.1005963642674033e-05, 8.55349026096519e-06, 7.804648703313433e-06, 6.627477432630258e-06, 6.212215794221265e-06, 4.483065822569188e-06, 3.801981165452162e-06, 3.430238393775653e-06, 2.8149797799414955e-06, 2.2761196305509657e-06, 2.1214145817793906e-06, 1.8870542817239766e-06, 1.5490124951611506e-06, 1.3663064919455792e-06, 1.3394479765338474e-06, 1.1891905842276174e-06, 9.578940307619632e-07, 1.0737077218436752e-06, 1.4435264574785833e-06, 1.4181831602400052e-06, 1.2404480003169738e-06, 1.47900061620021e-06, 1.4115306612438872e-06, 1.4883627272865851e-06, 1.5579184946545865e-06, 1.4634370018029585e-06, 1.4725354731126572e-06, 1.0251355888613034e-06, 8.233374160226958e-07, 6.886824621687992e-07, 6.592521799575479e-07, 6.919509019098768e-07, 4.772727493218554e-07, 3.3560831980139483e-07, 2.9468085926964704e-07, 2.2424299572776363e-07, 2.1288151685894263e-07, 1.8608808716180647e-07, 1.5470887149149348e-07, 1.0075104484030817e-07, 7.005787949765363e-08, 2.25446292745346e-08, 1.745176225753653e-09, 2.4350263125305638e-11, 2.3010530980638322e-11, 2.465832399378698e-11, 3.167992951302878e-11, 2.2864406548639415e-11, 1.2393289519629924e-11, 8.959222252968857e-12, 5.749660296483494e-12, 5.2697520826205935e-12], "lowlevel.melbands128.stdev": [0.0005497390520758927, 0.003805686952546239, 0.010158214718103409, 0.010199302807450294, 0.009273439645767212, 0.009876532480120659, 0.006232431624084711, 0.007882503792643547, 0.007064443081617355, 0.0034053868148475885, 0.0010783461621031165, 0.0006055670673958957, 0.0006976397125981748, 0.00039175443816930056, 0.00027281008078716695, 0.00021477238624356687, 0.0002157917188014835, 0.00020613630476873368, 0.00012271906598471105, 0.000213862513191998, 0.00028028551605530083, 0.0001194539072457701, 0.0001129626834881492, 0.00011155557149322703, 0.00016979641804937273, 0.00011455892672529444, 0.0003854501701425761, 0.0009799206163734198, 0.00030209540273062885, 0.0001602787378942594, 0.0002407726860838011, 0.0001882874930743128, 0.00024047042825259268, 0.0001186584122478962, 1.8362310584052466e-05, 0.00015232230362016708, 0.0001393684360664338, 1.6770434740465134e-05, 7.635308429598808e-05, 2.7401370971347205e-05, 9.186492206936236e-06, 3.5392171412240714e-05, 7.438435568474233e-05, 9.966914512915537e-05, 7.767530769342557e-05, 6.271291931625456e-05, 8.225975034292787e-05, 1.479051661590347e-05, 0.00010576441854937002, 8.311560668516904e-05, 7.09918313077651e-05, 5.1213963160989806e-05, 2.1990741515764967e-05, 3.6708966945298016e-05, 4.763377728522755e-05, 1.214805797644658e-05, 1.0852326340682339e-05, 1.3149247024557553e-05, 1.2693568351096474e-05, 1.0992051102221012e-05, 1.0928675692412071e-05, 1.695443097560201e-05, 6.0012302128598094e-05, 2.6073998014908284e-05, 1.263867670786567e-05, 1.3725151802645996e-05, 1.5391036868095398e-05, 1.5035529941087589e-05, 1.3584478438133374e-05, 1.3012629096920136e-05, 1.0819101589731872e-05, 9.825756023928989e-06, 2.0824109014938585e-05, 1.4273044143919833e-05, 1.1624141734500881e-05, 1.6531930668861605e-05, 1.8626849850988947e-05, 1.4648960132035427e-05, 1.4168624147714581e-05, 1.3775167644780595e-05, 1.4336726962937973e-05, 8.054682439251337e-06, 8.193353096430656e-06, 8.780624739301857e-06, 7.123806426534429e-06, 4.773411092173774e-06, 4.883757810603129e-06, 4.5399983719107695e-06, 3.365302973179496e-06, 2.5186704988300335e-06, 2.265751163577079e-06, 2.1862533685634844e-06, 1.9626857010734966e-06, 1.8654518498806283e-06, 2.577346094767563e-06, 2.803621327984729e-06, 2.3896643597254297e-06, 2.6838076792046195e-06, 2.8032841328240465e-06, 2.9765367344225524e-06, 2.7574526484386297e-06, 2.6983689167536795e-06, 2.696509000088554e-06, 1.610579943189805e-06, 1.2243878018125542e-06, 1.0275953172822483e-06, 9.859802503342507e-07, 1.0665261243048008e-06, 7.526778063038364e-07, 6.163836019368318e-07, 5.795027959720755e-07, 5.592264074039122e-07, 4.544210980839125e-07, 4.460391949123732e-07, 4.270323188393377e-07, 2.6848303491533443e-07, 2.0359770758204832e-07, 1.1813255440529247e-07, 1.7051446477012178e-08, 2.9482599694929945e-10, 2.5158622407595033e-10, 2.667009946222265e-10, 4.67533067816106e-10, 3.062403663989244e-10, 9.388471250426633e-11, 5.2824210283741735e-11, 1.1002712629881728e-11, 9.153930217997708e-12], "lowlevel.mfcc.mean": [-641.103759765625, 108.09906768798828, 16.320661544799805, 44.08918380737305, 11.061594009399414, 16.642488479614258, 17.713363647460938, 0.8339670300483704, 18.71286392211914, -0.020882664248347282, -4.767035007476807, -2.79530930519104, -1.2137532234191895], "lowlevel.spectral_contrast_coeffs.mean": [-0.6695683598518372, -0.7757722735404968, -0.7414668202400208, -0.7868065237998962, -0.8032176494598389, -0.728550136089325], "lowlevel.spectral_contrast_coeffs.stdev": [0.07444778829813004, 0.0629056990146637, 0.08992469310760498, 0.05365876853466034, 0.034560322761535645, 0.04347139969468117], "lowlevel.spectral_contrast_valleys.mean": [-6.446748733520508, -7.278477668762207, -7.7620673179626465, -7.823805332183838, -7.337085247039795, -10.147980690002441], "lowlevel.spectral_contrast_valleys.stdev": [0.7732657194137573, 0.7397650480270386, 0.6908634901046753, 0.6473768949508667, 0.6794801354408264, 1.0340020656585693], "rhythm.beats_loudness_band_ratio.mean": [0.787834107875824, 0.07601648569107056, 0.04742755368351936, 0.04323108494281769, 0.027443902567029, 0.04413720220327377], "rhythm.beats_loudness_band_ratio.stdev": [0.1848497986793518, 0.08175478875637054, 0.06611644476652145, 0.06405451893806458, 0.03434080258011818, 0.04848448187112808], "tonal.hpcp.mean": [0.04083438217639923, 0.03521943837404251, 0.032793331891298294, 0.03559495881199837, 0.046067673712968826, 0.06014415994286537, 0.07287795096635818, 0.06691109389066696, 0.11510196328163147, 0.23936237394809723, 0.1940179020166397, 0.06279267370700836, 0.02895171195268631, 0.020954448729753494, 0.039263639599084854, 0.15465304255485535, 0.16293767094612122, 0.04699593037366867, 0.020442670211195946, 0.02227005362510681, 0.034528281539678574, 0.10379154980182648, 0.1519041210412979, 0.216192364692688, 0.2652634084224701, 0.13933111727237701, 0.033859334886074066, 0.02589743211865425, 0.025253012776374817, 0.08192118257284164, 0.18594597280025482, 0.13210514187812805, 0.028946416452527046, 0.029228616505861282, 0.026300065219402313, 0.03192426264286041], "tonal.hpcp.stdev": [0.13863219320774078, 0.12635427713394165, 0.14943480491638184, 0.155300110578537, 0.174403578042984, 0.18991193175315857, 0.19259963929653168, 0.18455876410007477, 0.2251555472612381, 0.3646315932273865, 0.305585652589798, 0.18880388140678406, 0.11808733642101288, 0.10076642036437988, 0.11414796859025955, 0.29384511709213257, 0.31819432973861694, 0.12770581245422363, 0.11333642154932022, 0.10877009481191635, 0.13247482478618622, 0.23977172374725342, 0.3096240162849426, 0.3122410178184509, 0.40643221139907837, 0.25743386149406433, 0.1528707593679428, 0.12294899672269821, 0.11516999453306198, 0.17401495575904846, 0.3037381172180176, 0.2194998413324356, 0.09858591854572296, 0.11850231885910034, 0.09670766443014145, 0.12217164784669876], "rhythm.beats_position": [0.4527890980243683, 0.9287981986999512, 1.404807209968567, 1.8924262523651123, 2.345215320587158, 2.7863945960998535, 3.2275736331939697, 3.668752670288086, 4.098321914672852, 4.527891159057617, 4.9690704345703125, 5.41024923324585, 5.839818477630615, 6.269387722015381, 6.710566997528076, 7.151745796203613, 7.592925071716309, 8.022494316101074, 8.45206356048584, 8.893242835998535, 9.334421157836914, 9.77560043334961, 10.205169677734375, 10.63473892211914, 11.075918197631836, 11.517097473144531, 11.946666717529297, 12.376235961914062, 12.817414283752441, 13.258593559265137, 13.688162803649902, 14.117732048034668, 14.558911323547363, 15.000090599060059, 15.441269874572754], "rhythm.bpm_histogram": [0.0, 0.0, 0.0, 0.0, 0.0, 0.0, 0.0, 0.0, 0.0, 0.0, 0.0, 0.0, 0.0, 0.0, 0.0, 0.0, 0.0, 0.0, 0.0, 0.0, 0.0, 0.0, 0.0, 0.0, 0.0, 0.0, 0.0, 0.0, 0.0, 0.0, 0.0, 0.0, 0.0, 0.0, 0.0, 0.0, 0.0, 0.0, 0.0, 0.0, 0.0, 0.0, 0.0, 0.0, 0.0, 0.0, 0.0, 0.0, 0.0, 0.0, 0.0, 0.0, 0.0, 0.0, 0.0, 0.0, 0.0, 0.0, 0.0, 0.0, 0.0, 0.0, 0.0, 0.0, 0.0, 0.0, 0.0, 0.0, 0.0, 0.0, 0.0, 0.0, 0.0, 0.0, 0.0, 0.0, 0.0, 0.0, 0.0, 0.0, 0.0, 0.0, 0.0, 0.0, 0.0, 0.0, 0.0, 0.0, 0.0, 0.0, 0.0, 0.0, 0.0, 0.0, 0.0, 0.0, 0.0, 0.0, 0.0, 0.0, 0.0, 0.0, 0.0, 0.0, 0.0, 0.0, 0.0, 0.0, 0.0, 0.0, 0.0, 0.0, 0.0, 0.0, 0.0, 0.0, 0.0, 0.0, 0.0, 0.0, 0.0, 0.0, 0.0, 0.029411764815449715, 0.0, 0.0, 0.05882352963089943, 0.0, 0.0, 0.0, 0.0, 0.0, 0.0, 0.029411764815449715, 0.0, 0.0, 0.529411792755127, 0.0, 0.0, 0.0, 0.3529411852359772, 0.0, 0.0, 0.0, 0.0, 0.0, 0.0, 0.0, 0.0, 0.0, 0.0, 0.0, 0.0, 0.0, 0.0, 0.0, 0.0, 0.0, 0.0, 0.0, 0.0, 0.0, 0.0, 0.0, 0.0, 0.0, 0.0, 0.0, 0.0, 0.0, 0.0, 0.0, 0.0, 0.0, 0.0, 0.0, 0.0, 0.0, 0.0, 0.0, 0.0, 0.0, 0.0, 0.0, 0.0, 0.0, 0.0, 0.0, 0.0, 0.0, 0.0, 0.0, 0.0, 0.0, 0.0, 0.0, 0.0, 0.0, 0.0, 0.0, 0.0, 0.0, 0.0, 0.0, 0.0, 0.0, 0.0, 0.0, 0.0, 0.0, 0.0, 0.0, 0.0, 0.0, 0.0, 0.0, 0.0, 0.0, 0.0, 0.0, 0.0, 0.0, 0.0, 0.0, 0.0, 0.0, 0.0, 0.0, 0.0, 0.0, 0.0, 0.0, 0.0, 0.0, 0.0, 0.0, 0.0, 0.0, 0.0, 0.0, 0.0, 0.0, 0.0, 0.0, 0.0, 0.0, 0.0, 0.0, 0.0, 0.0], "tonal.chords_histogram": [13.235294342041016, 0.8823529481887817, 46.17647171020508, 1.7647058963775635, 24.117647171020508, 0.0, 0.0, 0.0, 0.0, 0.0, 0.0, 0.0, 0.0, 0.0, 0.0, 0.0, 0.0, 0.0, 0.0, 13.823529243469238, 0.0, 0.0, 0.0, 0.0], "tonal.thpcp": [1.0, 0.5252556800842285, 0.12764419615268707, 0.097629114985466, 0.09519975632429123, 0.30882957577705383, 0.7009861469268799, 0.4980149567127228, 0.10912328958511353, 0.11018714308738708, 0.09914697706699371, 0.12034928798675537, 0.15393899381160736, 0.1327715665102005, 0.12362553924322128, 0.1341872215270996, 0.17366765439510345, 0.2267337292432785, 0.27473804354667664, 0.2522439658641815, 0.43391573429107666, 0.902357280254364, 0.7314159870147705, 0.23671819269657135, 0.10914325714111328, 0.07899487018585205, 0.14801755547523499, 0.5830168724060059, 0.6142485737800598, 0.17716702818870544, 0.07706554979085922, 0.08395449072122574, 0.13016602396965027, 0.3912773132324219, 0.5726538896560669, 0.815010130405426], "lowlevel.gfcc.cov": [[4190.20947265625, -284.6662292480469, 92.47332763671875, 65.71343994140625, -128.16650390625, 135.1690673828125, -48.66115188598633, 169.02911376953125, 73.53616333007812, 108.2779541015625, -78.07160949707031, 115.5452880859375, -166.5931854248047], [-284.6662292480469, 1052.3079833984375, -257.05010986328125, -193.14865112304688, 322.02545166015625, -78.1693344116211, 284.6824951171875, 15.190342903137207, -4.815108299255371, -3.990734815597534, 49.405277252197266, -100.8740463256836, 194.98707580566406], [92.47332763671875, -257.05010986328125, 373.4678649902344, 170.4729461669922, -59.74851989746094, 23.990224838256836, -105.71287536621094, 1.556479811668396, 20.18526268005371, -49.96249771118164, 6.75006628036499, 58.60273361206055, -66.96542358398438], [65.71343994140625, -193.14865112304688, 170.4729461669922, 398.96478271484375, 35.665489196777344, -18.238801956176758, -110.46106719970703, 46.93411636352539, 100.86318969726562, -39.718589782714844, 19.151647567749023, 15.803447723388672, -33.90189743041992], [-128.16650390625, 322.02545166015625, -59.74851989746094, 35.665489196777344, 426.83062744140625, 22.190608978271484, 123.86624145507812, 129.83407592773438, 92.04411315917969, 51.41323471069336, 36.386749267578125, 5.115367889404297, 101.47895812988281], [135.1690673828125, -78.1693344116211, 23.990224838256836, -18.238801956176758, 22.190608978271484, 231.4054718017578, 97.13147735595703, 28.655712127685547, 16.946136474609375, 47.583126068115234, -0.2217230349779129, 15.986491203308105, 34.73869323730469], [-48.66115188598633, 284.6824951171875, -105.71287536621094, -110.46106719970703, 123.86624145507812, 97.13147735595703, 300.15936279296875, 26.808921813964844, -22.51386260986328, 81.35113525390625, 33.814247131347656, -11.600266456604004, 81.33138275146484], [169.02911376953125, 15.190342903137207, 1.556479811668396, 46.93411636352539, 129.83407592773438, 28.655712127685547, 26.808921813964844, 190.35269165039062, 120.22721099853516, 67.48845672607422, 24.200956344604492, 36.86091232299805, 39.36425018310547], [73.53616333007812, -4.815108299255371, 20.18526268005371, 100.86318969726562, 92.04411315917969, 16.946136474609375, -22.51386260986328, 120.22721099853516, 179.6130828857422, 53.206398010253906, 12.188617706298828, 23.784774780273438, 13.881782531738281], [108.2779541015625, -3.990734815597534, -49.96249771118164, -39.718589782714844, 51.41323471069336, 47.583126068115234, 81.35113525390625, 67.48845672607422, 53.206398010253906, 145.0652313232422, 37.37790298461914, 14.50456714630127, 23.215734481811523], [-78.07160949707031, 49.405277252197266, 6.75006628036499, 19.151647567749023, 36.386749267578125, -0.2217230349779129, 33.814247131347656, 24.200956344604492, 12.188617706298828, 37.37790298461914, 94.21095275878906, 32.14493179321289, 13.857139587402344], [115.5452880859375, -100.8740463256836, 58.60273361206055, 15.803447723388672, 5.115367889404297, 15.986491203308105, -11.600266456604004, 36.86091232299805, 23.784774780273438, 14.50456714630127, 32.14493179321289, 90.64433288574219, -3.055720567703247], [-166.5931854248047, 194.98707580566406, -66.96542358398438, -33.90189743041992, 101.47895812988281, 34.73869323730469, 81.33138275146484, 39.36425018310547, 13.881782531738281, 23.215734481811523, 13.857139587402344, -3.055720567703247, 121.76343536376953]], "lowlevel.gfcc.icov": [[0.0003505242639221251, -0.00043730903416872025, 0.00011134350643260404, -0.0003321263939142227, 0.000258113257586956, -0.00045662629418075085, 0.00029475108021870255, -0.000598298676777631, 0.0005439353408291936, -0.0006492205429822206, 0.0008798983762972057, -0.0009177721221931279, 0.0009989339159801602], [-0.00043730903416872025, 0.004339031875133514, -0.00013909084373153746, 0.0022096678148955107, -0.0018087360076606274, 0.0029719474259763956, -0.0032540217507630587, 0.001752207987010479, -0.003099163295701146, 0.004054930526763201, -0.0038636429235339165, 0.004919286817312241, -0.004598002880811691], [0.00011134350643260404, -0.00013909084373153746, 0.004463212564587593, -0.0016849628882482648, 0.00020507138106040657, -0.0012623409274965525, 0.0006457306444644928, -0.0003587344544939697, 0.0007005441002547741, 0.0007915924652479589, 0.0002279701438965276, -0.0027759093791246414, 0.0019080329220741987], [-0.0003321263939142227, 0.0022096678148955107, -0.0016849628882482648, 0.005409349221736193, -0.0013644540449604392, 0.0015083277830854058, -0.0009004675666801631, 0.0010905995732173324, -0.004127952270209789, 0.0036299468483775854, -0.003817135002464056, 0.004064642824232578, -0.0021428074687719345], [0.000258113257586956, -0.0018087360076606274, 0.00020507138106040657, -0.0013644540449604392, 0.004692211281508207, -0.0007034403970465064, -7.327465573325753e-05, -0.0025666262954473495, 0.0004065152315888554, -0.0010569586884230375, 0.0012296505738049746, -0.0017123982543125749, 0.0001235738309333101], [-0.00045662629418075085, 0.0029719474259763956, -0.0012623409274965525, 0.0015083277830854058, -0.0007034403970465064, 0.007935854606330395, -0.004306187853217125, 0.0014769133413210511, -0.002726171864196658, 0.0015687457052990794, -0.0011765487724915147, 0.002653238596394658, -0.00472498731687665], [0.00029475108021870255, -0.0032540217507630587, 0.0006457306444644928, -0.0009004675666801631, -7.327465573325753e-05, -0.004306187853217125, 0.00891804788261652, -0.0012064455077052116, 0.004269874654710293, -0.0052775125950574875, 0.001376163912937045, -0.0025672512128949165, 0.0017397995106875896], [-0.000598298676777631, 0.001752207987010479, -0.0003587344544939697, 0.0010905995732173324, -0.0025666262954473495, 0.0014769133413210511, -0.0012064455077052116, 0.013011379167437553, -0.007351074367761612, -0.0004656546807382256, -0.001668075448833406, -0.0003497921861708164, -0.0040930695831775665], [0.0005439353408291936, -0.003099163295701146, 0.0007005441002547741, -0.004127952270209789, 0.0004065152315888554, -0.002726171864196658, 0.004269874654710293, -0.007351074367761612, 0.014865297824144363, -0.006419248413294554, 0.004569941200315952, -0.004247496370226145, 0.0038089463487267494], [-0.0006492205429822206, 0.004054930526763201, 0.0007915924652479589, 0.0036299468483775854, -0.0010569586884230375, 0.0015687457052990794, -0.0052775125950574875, -0.0004656546807382256, -0.006419248413294554, 0.016171354800462723, -0.00796875823289156, 0.0053092846646904945, -0.0031380055006593466], [0.0008798983762972057, -0.0038636429235339165, 0.0002279701438965276, -0.003817135002464056, 0.0012296505738049746, -0.0011765487724915147, 0.001376163912937045, -0.001668075448833406, 0.004569941200315952, -0.00796875823289156, 0.019158469513058662, -0.010495949536561966, 0.003939082380384207], [-0.0009177721221931279, 0.004919286817312241, -0.0027759093791246414, 0.004064642824232578, -0.0017123982543125749, 0.002653238596394658, -0.0025672512128949165, -0.0003497921861708164, -0.004247496370226145, 0.0053092846646904945, -0.010495949536561966, 0.021996069699525833, -0.0058116908185184], [0.0009989339159801602, -0.004598002880811691, 0.0019080329220741987, -0.0021428074687719345, 0.0001235738309333101, -0.00472498731687665, 0.0017397995106875896, -0.0040930695831775665, 0.0038089463487267494, -0.0031380055006593466, 0.003939082380384207, -0.0058116908185184, 0.018371250480413437]], "lowlevel.mfcc.cov": [[3095.0224609375, -427.8406982421875, 134.08206176757812, -24.424190521240234, 2.65212345123291, 5.3896684646606445, -91.25007629394531, 64.26355743408203, -3.606240749359131, 89.7501449584961, 67.39566802978516, 85.36064910888672, 72.92510223388672], [-427.8406982421875, 1166.8472900390625, -484.9825744628906, 18.399662017822266, -56.15091323852539, -13.268047332763672, 266.3421936035156, -46.640621185302734, 173.12351989746094, 40.03240203857422, -22.962848663330078, -22.7524356842041, -14.760937690734863], [134.08206176757812, -484.9825744628906, 513.9515380859375, -1.7408887147903442, -4.02291202545166, 20.712745666503906, -136.13819885253906, 48.50053405761719, -133.292724609375, -64.74890899658203, -5.724831581115723, -1.7004892826080322, -15.026071548461914], [-24.424190521240234, 18.399662017822266, -1.7408887147903442, 306.788818359375, 148.42686462402344, -34.513065338134766, -25.37289047241211, 36.59556579589844, 23.898164749145508, -2.8328328132629395, 34.570133209228516, 31.162717819213867, 26.6071834564209], [2.65212345123291, -56.15091323852539, -4.02291202545166, 148.42686462402344, 326.136962890625, -40.11143493652344, -67.27613067626953, 81.20616912841797, 69.34964752197266, 15.61497688293457, 28.576234817504883, 41.501216888427734, 72.301025390625], [5.3896684646606445, -13.268047332763672, 20.712745666503906, -34.513065338134766, -40.11143493652344, 169.16140747070312, 76.7305908203125, 13.670613288879395, 21.57974624633789, 31.60072135925293, -1.2611058950424194, -8.097455024719238, -10.002904891967773], [-91.25007629394531, 266.3421936035156, -136.13819885253906, -25.37289047241211, -67.27613067626953, 76.7305908203125, 245.40101623535156, -5.525392532348633, 57.83525085449219, 29.383676528930664, -1.6747559309005737, 10.329728126525879, -17.46862030029297], [64.26355743408203, -46.640621185302734, 48.50053405761719, 36.59556579589844, 81.20616912841797, 13.670613288879395, -5.525392532348633, 125.3961181640625, 44.232303619384766, 0.3633826971054077, 13.360862731933594, 22.671199798583984, 38.783084869384766], [-3.606240749359131, 173.12351989746094, -133.292724609375, 23.898164749145508, 69.34964752197266, 21.57974624633789, 57.83525085449219, 44.232303619384766, 198.07005310058594, 81.7518081665039, 32.16707992553711, 22.423524856567383, 41.79110336303711], [89.7501449584961, 40.03240203857422, -64.74890899658203, -2.8328328132629395, 15.61497688293457, 31.60072135925293, 29.383676528930664, 0.3633826971054077, 81.7518081665039, 108.26412963867188, 35.68431854248047, 19.836793899536133, 19.111160278320312], [67.39566802978516, -22.962848663330078, -5.724831581115723, 34.570133209228516, 28.576234817504883, -1.2611058950424194, -1.6747559309005737, 13.360862731933594, 32.16707992553711, 35.68431854248047, 94.96017456054688, 54.647796630859375, 28.196638107299805], [85.36064910888672, -22.7524356842041, -1.7004892826080322, 31.162717819213867, 41.501216888427734, -8.097455024719238, 10.329728126525879, 22.671199798583984, 22.423524856567383, 19.836793899536133, 54.647796630859375, 108.14148712158203, 61.06943130493164], [72.92510223388672, -14.760937690734863, -15.026071548461914, 26.6071834564209, 72.301025390625, -10.002904891967773, -17.46862030029297, 38.783084869384766, 41.79110336303711, 19.111160278320312, 28.196638107299805, 61.06943130493164, 95.39461517333984]], "lowlevel.mfcc.icov": [[0.0003641811781562865, 0.0001268674823222682, 2.5021608962561004e-05, 9.39533765631495e-06, 0.00012878752022515982, 7.72196362959221e-05, 4.030739364679903e-05, -0.00021522227325476706, 0.00011014025949407369, -0.0004209793987683952, 3.338165925015346e-06, -0.00014131642819847912, -0.0001265135797439143], [0.0001268674823222682, 0.0018572228727862239, 0.0011528527829796076, -0.0003123325586784631, 0.00035996027872897685, 0.0006355448858812451, -0.0013185398420318961, 0.00017816785839386284, -0.0009756494546309114, 0.0005897557712160051, 0.0003072686376981437, 0.00038638486876152456, -8.987096953205764e-05], [2.5021608962561004e-05, 0.0011528527829796076, 0.00396866025403142, -0.00016545297694392502, 0.0004191597399767488, -0.0009226611582562327, 0.0010015208972617984, -0.0018509854562580585, 0.0012660640059038997, 0.0008412055321969092, -5.8667960729508195e-06, -0.000586770533118397, 0.0010062180226668715], [9.39533765631495e-06, -0.0003123325586784631, -0.00016545297694392502, 0.004453596659004688, -0.002094240626320243, 0.00031457236036658287, -1.6985120964818634e-05, -0.00015133267152123153, 0.0002328932168893516, 0.0005393640021793544, -0.0013327711494639516, -0.0004330263182055205, 0.0008159703575074673], [0.00012878752022515982, 0.00035996027872897685, 0.0004191597399767488, -0.002094240626320243, 0.005608181469142437, 0.0006048019859008491, 0.0011407657293602824, -0.0021066830959171057, -0.0012255613692104816, -0.0002125566970789805, 0.0005249720416031778, 2.818125176418107e-05, -0.0021080668084323406], [7.72196362959221e-05, 0.0006355448858812451, -0.0009226611582562327, 0.00031457236036658287, 0.0006048019859008491, 0.008478347212076187, -0.0033919860143214464, -0.0011327347019687295, -0.0001328167854808271, -0.0026708380319178104, 0.00022902648197486997, 0.0015563408378511667, -0.00039452113560400903], [4.030739364679903e-05, -0.0013185398420318961, 0.0010015208972617984, -1.6985120964818634e-05, 0.0011407657293602824, -0.0033919860143214464, 0.007925840094685555, -0.00101803382858634, -0.0006624658708460629, 4.925015673507005e-05, 0.0009882202139124274, -0.003464185167104006, 0.0027785799466073513], [-0.00021522227325476706, 0.00017816785839386284, -0.0018509854562580585, -0.00015133267152123153, -0.0021066830959171057, -0.0011327347019687295, -0.00101803382858634, 0.012567723169922829, -0.003718143329024315, 0.0032545665744692087, -0.00037137517938390374, 0.0005394721520133317, -0.003133955178782344], [0.00011014025949407369, -0.0009756494546309114, 0.0012660640059038997, 0.0002328932168893516, -0.0012255613692104816, -0.0001328167854808271, -0.0006624658708460629, -0.003718143329024315, 0.011426329612731934, -0.006752460263669491, -0.0010453537106513977, 0.0015736905625090003, -0.0021468421909958124], [-0.0004209793987683952, 0.0005897557712160051, 0.0008412055321969092, 0.0005393640021793544, -0.0002125566970789805, -0.0026708380319178104, 4.925015673507005e-05, 0.0032545665744692087, -0.006752460263669491, 0.01721843332052231, -0.004273092839866877, 9.425122698303312e-05, -0.00032660108990967274], [3.338165925015346e-06, 0.0003072686376981437, -5.8667960729508195e-06, -0.0013327711494639516, 0.0005249720416031778, 0.00022902648197486997, 0.0009882202139124274, -0.00037137517938390374, -0.0010453537106513977, -0.004273092839866877, 0.01735171116888523, -0.0087388651445508, 0.002153517445549369], [-0.00014131642819847912, 0.00038638486876152456, -0.000586770533118397, -0.0004330263182055205, 2.818125176418107e-05, 0.0015563408378511667, -0.003464185167104006, 0.0005394721520133317, 0.0015736905625090003, 9.425122698303312e-05, -0.0087388651445508, 0.020649099722504616, -0.011860025115311146], [-0.0001265135797439143, -8.987096953205764e-05, 0.0010062180226668715, 0.0008159703575074673, -0.0021080668084323406, -0.00039452113560400903, 0.0027785799466073513, -0.003133955178782344, -0.0021468421909958124, -0.00032660108990967274, 0.002153517445549369, -0.011860025115311146, 0.021797701716423035]], "metadata.audio_properties.analysis.downmix": "mix", "metadata.audio_properties.codec": "mp3", "metadata.audio_properties.md5_encoded": "30d13eedbb1622bebc72cce107ff8f4f", "metadata.tags.file_name": "1183652373651005450.mp3", "metadata.version.essentia": "2.1-beta6-dev", "metadata.version.essentia_git_sha": "v2.1_beta5-1110-g77a6a954", "metadata.version.extractor": "music 2.0", "tonal.chords_key": "C", "tonal.chords_scale": "major", "tonal.key_edma.key": "F", "tonal.key_edma.scale": "major", "tonal.key_krumhansl.key": "F", "tonal.key_krumhansl.scale": "major", "tonal.key_temperley.key": "F", "tonal.key_temperley.scale": "major", "metadata.tags.encoding": ["Lavf58.45.100"]}, "essentia_models": [{"model_name": "genre_dortmund", "activations": {"alternative": "0.09351132", "blues": "0.0006479019", "electronic": "0.020722726", "folkcountry": "0.0049085203", "funksoulrnb": "0.00229312", "jazz": "0.00073448673", "pop": "0.14740138", "raphiphop": "0.0001429035", "rock": "0.41228047"}}, {"model_name": "genre_rosamerica", "activations": {"classic": "0.00352293", "dance": "0.0063645197", "hip hop": "0.008045146", "jazz": "0.00580