{"song_id": "1183701755981209700", "download": "https://cdn.discordapp.com/attachments/1135903449314238464/1183701755981209700/chirp.mp4?ex=65894b2a&amp", "lyrics": "(Verse 1)\nI am Ismail Haniyeh, living in luxury,\nIn my Qatar villa, that's the life for me.\nWhile Gaza's kids hungry, and their futures fade,\nI'm dining on caviar, in my golden parade.\n\n(Chorus)\nHaniyeh, Haniyeh, let me make it clear,\nI live without guilt, have no reason to fear.\nAs Gaza's young ones starve and cry,\nI'm in opulence, under the desert sky.\n\n(Verse 2)\nI count my riches, while they count their tears,\nIn their darkest hours, I feed on their fears.\nI say I'm a leader, a guiding star,\nBut in reality, I've strayed very far.", "style": ["hip hop</span><span>, middle eastern</span><span>, rap"], "essentia_features": {"lowlevel.average_loudness": 0.9290441274642944, "lowlevel.barkbands_crest.mean": 13.141298294067383, "lowlevel.barkbands_crest.stdev": 5.656721115112305, "lowlevel.barkbands_flatness_db.mean": 0.19754503667354584, "lowlevel.barkbands_flatness_db.stdev": 0.09051024168729782, "lowlevel.barkbands_kurtosis.mean": 17.18988800048828, "lowlevel.barkbands_kurtosis.stdev": 54.421295166015625, "lowlevel.barkbands_skewness.mean": 2.3314332962036133, "lowlevel.barkbands_skewness.stdev": 2.8724043369293213, "lowlevel.barkbands_spread.mean": 19.288442611694336, "lowlevel.barkbands_spread.stdev": 17.567996978759766, "lowlevel.dissonance.mean": 0.4627685248851776, "lowlevel.dissonance.stdev": 0.03616207465529442, "lowlevel.dynamic_complexity": 4.1928863525390625, "lowlevel.erbbands_crest.mean": 10.659680366516113, "lowlevel.erbbands_crest.stdev": 4.738346576690674, "lowlevel.erbbands_flatness_db.mean": 0.19721412658691406, "lowlevel.erbbands_flatness_db.stdev": 0.07068664580583572, "lowlevel.erbbands_kurtosis.mean": 1.3474453687667847, "lowlevel.erbbands_kurtosis.stdev": 4.721333980560303, "lowlevel.erbbands_skewness.mean": 0.24319855868816376, "lowlevel.erbbands_skewness.stdev": 1.219455361366272, "lowlevel.erbbands_spread.mean": 40.6612548828125, "lowlevel.erbbands_spread.stdev": 24.525619506835938, "lowlevel.hfc.mean": 10.642463684082031, "lowlevel.hfc.stdev": 13.390711784362793, "lowlevel.loudness_ebu128.integrated": -16.68644905090332, "lowlevel.loudness_ebu128.loudness_range": 2.6293601989746094, "lowlevel.loudness_ebu128.momentary.mean": -18.355789184570312, "lowlevel.loudness_ebu128.momentary.stdev": 4.102398872375488, "lowlevel.loudness_ebu128.short_term.mean": -17.007644653320312, "lowlevel.loudness_ebu128.short_term.stdev": 1.8384729623794556, "lowlevel.melbands_crest.mean": 17.76215171813965, "lowlevel.melbands_crest.stdev": 6.9493088722229, "lowlevel.melbands_flatness_db.mean": 0.2634875774383545, "lowlevel.melbands_flatness_db.stdev": 0.11396249383687973, "lowlevel.melbands_kurtosis.mean": 34.24895095825195, "lowlevel.melbands_kurtosis.stdev": 74.94900512695312, "lowlevel.melbands_skewness.mean": 3.562222719192505, "lowlevel.melbands_skewness.stdev": 3.1618621349334717, "lowlevel.melbands_spread.mean": 23.727352142333984, "lowlevel.melbands_spread.stdev": 32.32242965698242, "lowlevel.pitch_salience.mean": 0.4856998324394226, "lowlevel.pitch_salience.stdev": 0.17557169497013092, "lowlevel.silence_rate_20dB.mean": 1.0, "lowlevel.silence_rate_20dB.stdev": 0.0, "lowlevel.silence_rate_30dB.mean": 0.9127374887466431, "lowlevel.silence_rate_30dB.stdev": 0.28221866488456726, "lowlevel.silence_rate_60dB.mean": 0.21323011815547943, "lowlevel.silence_rate_60dB.stdev": 0.4095899164676666, "lowlevel.spectral_centroid.mean": 1315.6087646484375, "lowlevel.spectral_centroid.stdev": 920.262451171875, "lowlevel.spectral_complexity.mean": 10.078817367553711, "lowlevel.spectral_complexity.stdev": 9.043449401855469, "lowlevel.spectral_decrease.mean": -7.042979088822676e-09, "lowlevel.spectral_decrease.stdev": 1.4108955781466648e-08, "lowlevel.spectral_energy.mean": 0.027547093108296394, "lowlevel.spectral_energy.stdev": 0.05389080569148064, "lowlevel.spectral_energyband_high.mean": 0.00045702920760959387, "lowlevel.spectral_energyband_high.stdev": 0.00115966668818146, "lowlevel.spectral_energyband_low.mean": 0.019106550142169, "lowlevel.spectral_energyband_low.stdev": 0.05165909230709076, "lowlevel.spectral_energyband_middle_high.mean": 0.0022039301693439484, "lowlevel.spectral_energyband_middle_high.stdev": 0.00317789101973176, "lowlevel.spectral_energyband_middle_low.mean": 0.007092973217368126, "lowlevel.spectral_energyband_middle_low.stdev": 0.013429051265120506, "lowlevel.spectral_entropy.mean": 7.219531536102295, "lowlevel.spectral_entropy.stdev": 0.7028201222419739, "lowlevel.spectral_flux.mean": 0.08333521336317062, "lowlevel.spectral_flux.stdev": 0.08983176946640015, "lowlevel.spectral_kurtosis.mean": 11.577775955200195, "lowlevel.spectral_kurtosis.stdev": 23.048995971679688, "lowlevel.spectral_rms.mean": 0.0038598913233727217, "lowlevel.spectral_rms.stdev": 0.003460699925199151, "lowlevel.spectral_rolloff.mean": 1619.6416015625, "lowlevel.spectral_rolloff.stdev": 2050.265869140625, "lowlevel.spectral_skewness.mean": 2.0586891174316406, "lowlevel.spectral_skewness.stdev": 1.5115855932235718, "lowlevel.spectral_spread.mean": 4087777.25, "lowlevel.spectral_spread.stdev": 1918990.25, "lowlevel.spectral_strongpeak.mean": 0.6479399800300598, "lowlevel.spectral_strongpeak.stdev": 0.6825645565986633, "lowlevel.zerocrossingrate.mean": 0.06186842918395996, "lowlevel.zerocrossingrate.stdev": 0.056788235902786255, "metadata.audio_properties.analysis.equal_loudness": 0.0, "metadata.audio_properties.analysis.length": 32.95997619628906, "metadata.audio_properties.analysis.sample_rate": 44100.0, "metadata.audio_properties.analysis.start_time": 0.0, "metadata.audio_properties.bit_rate": 117760.0, "metadata.audio_properties.length": 32.959999084472656, "metadata.audio_properties.lossless": 0.0, "metadata.audio_properties.number_channels": 1.0, "metadata.audio_properties.replay_gain": -11.29188346862793, "metadata.audio_properties.sample_rate": 48000.0, "rhythm.beats_count": 53.0, "rhythm.beats_loudness.mean": 0.05748213827610016, "rhythm.beats_loudness.stdev": 0.07293277233839035, "rhythm.bpm": 97.20433044433594, "rhythm.bpm_histogram_first_peak_bpm": 98.0, "rhythm.bpm_histogram_first_peak_weight": 0.28846150636672974, "rhythm.bpm_histogram_second_peak_bpm": 0.0, "rhythm.bpm_histogram_second_peak_spread": 0.0, "rhythm.bpm_histogram_second_peak_weight": 0.0, "rhythm.danceability": 1.6860655546188354, "rhythm.onset_rate": 4.9738664627075195, "tonal.chords_changes_rate": 0.1082981750369072, "tonal.chords_number_rate": 0.015471166931092739, "tonal.chords_strength.mean": 0.4902838170528412, "tonal.chords_strength.stdev": 0.07862890511751175, "tonal.hpcp_crest.mean": 12.49100399017334, "tonal.hpcp_crest.stdev": 5.515708923339844, "tonal.hpcp_entropy.mean": 2.1972501277923584, "tonal.hpcp_entropy.stdev": 0.7556724548339844, "tonal.key_edma.strength": 0.6581324338912964, "tonal.key_krumhansl.strength": 0.6773478388786316, "tonal.key_temperley.strength": 0.6818395256996155, "tonal.tuning_diatonic_strength": 0.5395371913909912, "tonal.tuning_equal_tempered_deviation": 0.31184300780296326, "tonal.tuning_frequency": 432.19134521484375, "tonal.tuning_nontempered_energy_ratio": 0.9512579441070557, "lowlevel.barkbands.mean": [0.00024433532962575555, 0.012076182290911674, 0.005531748291105032, 0.002266101073473692, 0.0026450264267623425, 0.0005023618577979505, 0.0007485176320187747, 0.0004036120662931353, 0.00041911029256880283, 0.0003406317555345595, 0.0003702448739204556, 0.00028742189169861376, 0.0002034319331869483, 0.00011709566024364904, 0.00016595226770732552, 0.00017311633564531803, 0.00015650730347260833, 0.00015459393034689128, 0.00015801751578692347, 0.0001539418299216777, 3.529891182552092e-05, 7.466383249266073e-05, 0.000213338338653557, 7.545913831563666e-05, 1.5021983017504681e-05, 1.468829759687651e-05, 6.98342830673937e-07], "lowlevel.barkbands.stdev": [0.0006610143464058638, 0.03649506717920303, 0.026225712150335312, 0.006814649794250727, 0.008135334588587284, 0.0011130598140880466, 0.0017964524449780583, 0.001087866141460836, 0.0009580785408616066, 0.0009166466188617051, 0.001029222272336483, 0.0009522333275526762, 0.0005213962285779417, 0.0002743189106695354, 0.00032687914790585637, 0.0003744129789993167, 0.0003707912110257894, 0.000318154547130689, 0.00033808749867603183, 0.0002931784838438034, 0.00012141000479459763, 0.00022643411648459733, 0.0006755153299309313, 0.0001812824048101902, 4.5294753363123164e-05, 3.846112304017879e-05, 3.4046033761114813e-06], "lowlevel.erbbands.mean": [0.3075624704360962, 2.833312511444092, 6.429808616638184, 7.545482158660889, 10.199806213378906, 7.177040100097656, 3.7183752059936523, 4.238344669342041, 8.743392944335938, 12.223933219909668, 8.205183029174805, 9.461832046508789, 10.46427059173584, 14.691072463989258, 10.8876371383667, 12.239325523376465, 9.421945571899414, 6.577882289886475, 7.5472493171691895, 9.279989242553711, 9.8353853225708, 9.3673734664917, 8.19690227508545, 7.816708087921143, 10.175466537475586, 6.328417778015137, 1.7747057676315308, 1.4694344997406006, 2.3855066299438477, 4.487562656402588, 6.242047309875488, 2.916604995727539, 0.6485512256622314, 0.18493106961250305, 0.10561496764421463, 0.06892715394496918, 0.027491766959428787, 0.0036937349941581488, 0.00010545150144025683, 3.452531018410809e-05], "lowlevel.erbbands.stdev": [0.8507199883460999, 9.24661922454834, 26.594921112060547, 29.004106521606445, 31.099096298217773, 18.215923309326172, 9.254072189331055, 8.889094352722168, 20.77824592590332, 33.44487380981445, 20.180269241333008, 21.239503860473633, 26.67098617553711, 38.94609832763672, 24.814315795898438, 41.06003189086914, 22.591506958007812, 14.29592227935791, 15.241952896118164, 18.934066772460938, 21.71884536743164, 21.89464569091797, 16.661882400512695, 17.948257446289062, 18.1528263092041, 12.811339378356934, 6.091203212738037, 4.762773513793945, 7.44186544418335, 13.461146354675293, 20.338695526123047, 7.457635402679443, 1.670654296875, 0.6123824119567871, 0.30590805411338806, 0.17818358540534973, 0.0754871740937233, 0.013374725356698036, 0.00036192897823639214, 5.9550155128818005e-05], "lowlevel.gfcc.mean": [-88.15605163574219, 87.96871948242188, -118.67939758300781, 17.193361282348633, -59.27971649169922, 1.979934573173523, -51.38943099975586, 6.259022235870361, -29.34895133972168, -17.80506706237793, -11.791401863098145, -4.863129138946533, -24.63963508605957], "lowlevel.melbands.mean": [0.0031048303935676813, 0.0034829648211598396, 0.0013904140796512365, 0.0006631024880334735, 0.00014913333870936185, 9.854836389422417e-05, 0.00013991874584462494, 0.00012494620750658214, 6.542704068124294e-05, 5.9404774219729006e-05, 5.1434184570098296e-05, 5.801103907288052e-05, 4.2272375139873475e-05, 3.07460140902549e-05, 2.810225123539567e-05, 1.871510175988078e-05, 1.1163018825754989e-05, 1.1788260053435806e-05, 1.2695832992903888e-05, 1.162939406640362e-05, 1.137767503678333e-05, 9.864085768640507e-06, 7.982411261764355e-06, 6.9195057221804745e-06, 6.218824182724347e-06, 5.780475930805551e-06, 9.097288966586348e-06, 2.877331326089916e-06, 1.0813101880557952e-06, 7.88837269283249e-07, 8.839340921440453e-07, 1.2606179780050297e-06, 1.6366152522095945e-06, 2.9321934107429115e-06, 3.850163921015337e-06, 2.870175649150042e-06, 1.3976117543279543e-06, 5.043255555392534e-07, 1.6657017454235756e-07, 1.4212791654699686e-07], "lowlevel.melbands.stdev": [0.008934644050896168, 0.011760249733924866, 0.00446907477453351, 0.0019840996246784925, 0.0003535021678544581, 0.00020623012096621096, 0.0003286143473815173, 0.0003393963852431625, 0.00016871432308107615, 0.00013489667617250234, 0.00013741568545810878, 0.00015380216063931584, 0.0001052303850883618, 0.00010983193351421505, 8.04041774244979e-05, 4.782075484399684e-05, 2.5611554519855417e-05, 2.6093224732903764e-05, 2.6254328986397013e-05, 2.4257484255940653e-05, 2.7029842385672964e-05, 2.377784221607726e-05, 1.7855471014627255e-05, 1.4395534890354611e-05, 1.514485938969301e-05, 1.2034372957714368e-05, 1.5180740774667356e-05, 7.274352356034797e-06, 4.158831870881841e-06, 2.832406380548491e-06, 2.9058417112537427e-06, 4.134562914259732e-06, 5.092696937936125e-06, 9.186267561744899e-06, 1.3083655176160391e-05, 8.45580143504776e-06, 3.3388253086741315e-06, 1.3019816833548248e-06, 5.594154117716243e-07, 5.218440151111281e-07], "lowlevel.melbands128.mean": [0.0002349959540879354, 0.002067026449367404, 0.004521618597209454, 0.0047329324297606945, 0.0036222003400325775, 0.00258100894279778, 0.0015409847255796194, 0.001057567074894905, 0.0010999084915965796, 0.0007635094225406647, 0.0003106596996076405, 0.00017077111988328397, 0.00010683728032745421, 0.00011911486217286438, 8.288276876555756e-05, 9.349927131552249e-05, 0.00012586935190483928, 0.00014918552187737077, 0.00015501081361435354, 0.00015650752175133675, 9.88669999060221e-05, 6.107616354711354e-05, 6.343745189951733e-05, 6.67568456265144e-05, 5.959753616480157e-05, 6.037601997377351e-05, 4.954953328706324e-05, 5.394967956817709e-05, 4.9725604185368866e-05, 4.2135063267778605e-05, 7.086047116899863e-05, 7.181686669355258e-05, 3.579761687433347e-05, 2.681625664990861e-05, 2.5003579139593057e-05, 3.3920987334568053e-05, 3.6448305763769895e-05, 3.085332355112769e-05, 2.1676918549928814e-05, 1.6937325199251063e-05, 2.200229573645629e-05, 1.5166949197009671e-05, 8.799353054200765e-06, 1.0180816389038227e-05, 1.2090896234440152e-05, 1.234219871548703e-05, 1.0962536180159077e-05, 1.2473222341213841e-05, 1.3582521205535159e-05, 1.3259924344311003e-05, 9.741977009980474e-06, 1.2221736142237205e-05, 1.268567120860098e-05, 1.0444831787026487e-05, 9.432414117327426e-06, 1.100432109524263e-05, 9.249892173102126e-06, 7.406670192722231e-06, 8.268132660305128e-06, 7.428658591379644e-06, 6.192232831381261e-06, 7.005234692769591e-06, 7.712205842835829e-06, 5.623409379040822e-06, 4.472096861718455e-06, 4.660619197238702e-06, 7.06845003151102e-06, 9.817659702093806e-06, 1.0937726983684115e-05, 6.370546088874107e-06, 2.223898945885594e-06, 1.5003249700384913e-06, 1.177172862298903e-06, 9.993204912461806e-07, 9.60240299718862e-07, 8.718704975763103e-07, 6.44705608010554e-07, 6.896592594785034e-07, 8.725503448658856e-07, 1.1078801662733895e-06, 1.2919357459395542e-06, 1.300487724620325e-06, 1.2841971965826815e-06, 1.644375515752472e-06, 1.8644897181729903e-06, 2.3813511234038742e-06, 3.221082579329959e-06, 4.293102847441332e-06, 3.6783781069971155e-06, 3.960406502301339e-06, 3.3252151752094505e-06, 2.721373675740324e-06, 1.767530307006382e-06, 1.4625809399149148e-06, 1.136905211751582e-06, 6.60989826428704e-07, 3.667552164188237e-07, 2.4840846890583634e-07, 1.4384907842668326e-07, 1.337928807743083e-07, 1.7023486975631386e-07, 1.427978304491262e-07, 1.1095247742787251e-07, 1.091475070325032e-07, 1.0861834454090058e-07, 1.222778251985801e-07, 1.4175695639551122e-07, 1.1324461013373366e-07, 1.1735569671600388e-07, 1.2543064542569482e-07, 1.1440500458093084e-07, 9.987788729404201e-08, 9.901870612338826e-08, 6.6035681811627e-08, 4.7856627105602456e-08, 3.690113103971271e-08, 2.422022227221987e-08, 6.615284764421858e-09, 9.027665281990949e-10, 5.48556816290513e-12, 4.95644454298616e-12, 3.942323464206643e-12, 3.8149062901726705e-12, 3.743871532235765e-12, 3.657599396966749e-12, 3.5476691029323604e-12, 3.483254266620217e-12, 3.4590811118229148e-12], "lowlevel.melbands128.stdev": [0.0006494693225249648, 0.00597048457711935, 0.014476537704467773, 0.016978299245238304, 0.014656418934464455, 0.012507326900959015, 0.00668419199064374, 0.00266819866374135, 0.003911786712706089, 0.002629319205880165, 0.0007488533155992627, 0.0005315887392498553, 0.000333885895088315, 0.00036190240643918514, 0.0002071154012810439, 0.0002563392627052963, 0.0003379516419954598, 0.0004531891318038106, 0.00047009409172460437, 0.0005395144107751548, 0.00032785095390863717, 0.00022343191085383296, 0.00021547669894061983, 0.00023930465977173299, 0.00017777633911464363, 0.00018069527868647128, 0.00015535861894022673, 0.0001908357662614435, 0.0001928389974636957, 0.00013360020238906145, 0.00024997052969411016, 0.000249887554673478, 0.00012579822214320302, 8.170859655365348e-05, 9.706769196782261e-05, 0.0001834020804380998, 0.0001657332177273929, 9.657574264565483e-05, 9.042872989084572e-05, 5.2780655096285045e-05, 7.376261055469513e-05, 4.286035255063325e-05, 2.499882430129219e-05, 3.1969444535207e-05, 3.403861774131656e-05, 3.1600426154909655e-05, 2.488409518264234e-05, 3.410475255805068e-05, 3.417769039515406e-05, 3.857931733364239e-05, 2.599005529191345e-05, 3.136654049740173e-05, 3.345340155647136e-05, 3.042405478481669e-05, 2.4678702175151557e-05, 2.6696372515289113e-05, 3.128495154669508e-05, 1.9289371266495436e-05, 2.041240077232942e-05, 1.6567038983339444e-05, 1.4975633348512929e-05, 1.7841291992226616e-05, 2.0929901438648812e-05, 1.6017494999687187e-05, 1.2451728252926841e-05, 1.1595171599765308e-05, 1.598992275830824e-05, 1.8817312593455426e-05, 1.9522831280482933e-05, 1.4453576113737654e-05, 7.006728537817253e-06, 6.660200597252697e-06, 5.180262178328121e-06, 4.104573690710822e-06, 3.716794026331627e-06, 3.545371328073088e-06, 2.3730694920232054e-06, 2.641462742758449e-06, 3.0552321277355077e-06, 3.9446435948775616e-06, 4.8304318625014275e-06, 4.486697889660718e-06, 4.494270342547679e-06, 5.753802724939305e-06, 5.859439170308178e-06, 7.639869181730319e-06, 1.1041321158700157e-05, 1.5291525414795615e-05, 1.337233425147133e-05, 1.4706445654155686e-05, 1.065305605152389e-05, 7.882978934503626e-06, 4.702888872998301e-06, 3.7822730973857688e-06, 2.5454978640482295e-06, 1.749277657836501e-06, 1.125403173318773e-06, 1.008334152174939e-06, 5.482652341015637e-07, 4.78996696529066e-07, 6.632769213865686e-07, 6.464940156547527e-07, 3.039655496195337e-07, 4.243636624323699e-07, 3.573847493498761e-07, 3.4327322850913333e-07, 4.332136143148091e-07, 3.7273912312230095e-07, 3.371062291535054e-07, 3.166482827055006e-07, 2.93164958975467e-07, 2.81189187489872e-07, 3.162788573263242e-07, 2.3142096949868574e-07, 1.6623165777218674e-07, 1.5492869920308294e-07, 1.1345506578663844e-07, 4.8209148673095115e-08, 1.1088111762092012e-08, 3.691735458999368e-11, 3.1813430362293005e-11, 9.445223249360257e-12, 9.124795537218677e-12, 8.963036042530792e-12, 8.828710332253742e-12, 8.717033171679045e-12, 8.63855601634933e-12, 8.590154629284363e-12], "lowlevel.mfcc.mean": [-736.5548095703125, 128.17236328125, -4.297200679779053, 8.933464050292969, 12.514250755310059, -12.738473892211914, -10.205780982971191, 16.866615295410156, -30.89496612548828, 10.473173141479492, -15.19473934173584, -10.694695472717285, 0.847004234790802], "lowlevel.spectral_contrast_coeffs.mean": [-0.6014231443405151, -0.7596069574356079, -0.798188328742981, -0.8018959760665894, -0.7356332540512085, -0.7605262398719788], "lowlevel.spectral_contrast_coeffs.stdev": [0.09642313420772552, 0.08269553631544113, 0.06298070400953293, 0.051048725843429565, 0.06925631314516068, 0.05616941303014755], "lowlevel.spectral_contrast_valleys.mean": [-8.228063583374023, -7.446511745452881, -7.948193550109863, -8.337471961975098, -8.818483352661133, -11.656707763671875], "lowlevel.spectral_contrast_valleys.stdev": [1.3654677867889404, 0.7758578658103943, 0.8857892751693726, 1.0236252546310425, 1.2096025943756104, 1.4831407070159912], "rhythm.beats_loudness_band_ratio.mean": [0.419903963804245, 0.29739677906036377, 0.13525226712226868, 0.12530897557735443, 0.08937889337539673, 0.07073423266410828], "rhythm.beats_loudness_band_ratio.stdev": [0.3265140950679779, 0.25453776121139526, 0.1911890059709549, 0.1775050163269043, 0.08714021742343903, 0.09647806733846664], "tonal.hpcp.mean": [0.1273713856935501, 0.13773870468139648, 0.11316073685884476, 0.10196811705827713, 0.10539820045232773, 0.10490665584802628, 0.1592312902212143, 0.21609507501125336, 0.14759323000907898, 0.0862477496266365, 0.09431234002113342, 0.07482478767633438, 0.06886890530586243, 0.10852964222431183, 0.09281095117330551, 0.05575487017631531, 0.056406620889902115, 0.06734021008014679, 0.08633312582969666, 0.08467086404561996, 0.07950393110513687, 0.2497418224811554, 0.32245728373527527, 0.15253522992134094, 0.07379786670207977, 0.07003676146268845, 0.07490784674882889, 0.09699590504169464, 0.11610405892133713, 0.10679518431425095, 0.11934847384691238, 0.16624236106872559, 0.17828333377838135, 0.14973092079162598, 0.11404681950807571, 0.09978213906288147], "tonal.hpcp.stdev": [0.23291230201721191, 0.24791769683361053, 0.21848812699317932, 0.21968497335910797, 0.2275192141532898, 0.22390829026699066, 0.24849048256874084, 0.3289217948913574, 0.24286608397960663, 0.18970246613025665, 0.21187102794647217, 0.1754210889339447, 0.14614413678646088, 0.24686425924301147, 0.2000115066766739, 0.1411287486553192, 0.13948073983192444, 0.16004127264022827, 0.19905415177345276, 0.17974701523780823, 0.17039239406585693, 0.30256426334381104, 0.38015514612197876, 0.1998591274023056, 0.17384149134159088, 0.1584128737449646, 0.16958749294281006, 0.18904836475849152, 0.23504085838794708, 0.20714633166790009, 0.22927339375019073, 0.27144700288772583, 0.2895086407661438, 0.2745455205440521, 0.21856001019477844, 0.20898745954036713], "rhythm.beats_position": [0.6153287887573242, 1.2306575775146484, 1.8575963973999023, 2.4845352172851562, 3.0998640060424805, 3.7151927947998047, 4.318911552429199, 4.934240341186523, 5.549569129943848, 6.176507949829102, 6.791836738586426, 7.40716552734375, 8.034104347229004, 8.661043167114258, 9.264761924743652, 9.880090713500977, 10.4954195022583, 11.110748291015625, 11.72607707977295, 12.353015899658203, 12.968344688415527, 13.583673477172852, 14.210612297058105, 14.82594108581543, 15.441269874572754, 16.068208694458008, 16.671926498413086, 17.275646209716797, 17.902584075927734, 18.517913818359375, 19.133241653442383, 19.748571395874023, 20.36389923095703, 20.9908390045166, 21.61777687072754, 22.23310661315918, 22.848434448242188, 23.475374221801758, 24.079092025756836, 24.694421768188477, 25.309749603271484, 25.936689376831055, 26.552017211914062, 27.167346954345703, 27.79428482055664, 28.40961456298828, 29.02494239807129, 29.64027214050293, 30.255599975585938, 30.882539749145508, 31.486257553100586, 32.101585388183594, 32.716915130615234], "rhythm.bpm_histogram": [0.0, 0.0, 0.0, 0.0, 0.0, 0.0, 0.0, 0.0, 0.0, 0.0, 0.0, 0.0, 0.0, 0.0, 0.0, 0.0, 0.0, 0.0, 0.0, 0.0, 0.0, 0.0, 0.0, 0.0, 0.0, 0.0, 0.0, 0.0, 0.0, 0.0, 0.0, 0.0, 0.0, 0.0, 0.0, 0.0, 0.0, 0.0, 0.0, 0.0, 0.0, 0.0, 0.0, 0.0, 0.0, 0.0, 0.0, 0.0, 0.0, 0.0, 0.0, 0.0, 0.0, 0.0, 0.0, 0.0, 0.0, 0.0, 0.0, 0.0, 0.0, 0.0, 0.0, 0.0, 0.0, 0.0, 0.0, 0.0, 0.0, 0.0, 0.0, 0.0, 0.0, 0.0, 0.0, 0.0, 0.0, 0.0, 0.0, 0.0, 0.0, 0.0, 0.0, 0.0, 0.0, 0.0, 0.0, 0.0, 0.0, 0.0, 0.0, 0.0, 0.0, 0.0, 0.0, 0.0, 0.2884615361690521, 0.0, 0.5961538553237915, 0.11538461595773697, 0.0, 0.0, 0.0, 0.0, 0.0, 0.0, 0.0, 0.0, 0.0, 0.0, 0.0, 0.0, 0.0, 0.0, 0.0, 0.0, 0.0, 0.0, 0.0, 0.0, 0.0, 0.0, 0.0, 0.0, 0.0, 0.0, 0.0, 0.0, 0.0, 0.0, 0.0, 0.0, 0.0, 0.0, 0.0, 0.0, 0.0, 0.0, 0.0, 0.0, 0.0, 0.0, 0.0, 0.0, 0.0, 0.0, 0.0, 0.0, 0.0, 0.0, 0.0, 0.0, 0.0, 0.0, 0.0, 0.0, 0.0, 0.0, 0.0, 0.0, 0.0, 0.0, 0.0, 0.0, 0.0, 0.0, 0.0, 0.0, 0.0, 0.0, 0.0, 0.0, 0.0, 0.0, 0.0, 0.0, 0.0, 0.0, 0.0, 0.0, 0.0, 0.0, 0.0, 0.0, 0.0, 0.0, 0.0, 0.0, 0.0, 0.0, 0.0, 0.0, 0.0, 0.0, 0.0, 0.0, 0.0, 0.0, 0.0, 0.0, 0.0, 0.0, 0.0, 0.0, 0.0, 0.0, 0.0, 0.0, 0.0, 0.0, 0.0, 0.0, 0.0, 0.0, 0.0, 0.0, 0.0, 0.0, 0.0, 0.0, 0.0, 0.0, 0.0, 0.0, 0.0, 0.0, 0.0, 0.0, 0.0, 0.0, 0.0, 0.0, 0.0, 0.0, 0.0, 0.0, 0.0, 0.0, 0.0, 0.0, 0.0, 0.0, 0.0, 0.0, 0.0, 0.0, 0.0, 0.0, 0.0, 0.0], "tonal.chords_histogram": [32.77074432373047, 0.0, 0.0, 0.0, 4.641350269317627, 0.0, 1.2658227682113647, 17.299577713012695, 0.0, 2.390998601913452, 0.0, 8.579465866088867, 0.0, 0.0, 2.5316455364227295, 1.9690576791763306, 6.188467025756836, 0.0, 0.0, 0.0, 0.0, 0.4219409227371216, 9.423347473144531, 12.51758098602295], "tonal.thpcp": [1.0, 0.4730401039123535, 0.22886091470718384, 0.2171970158815384, 0.23230315744876862, 0.3008023500442505, 0.36006027460098267, 0.3311917185783386, 0.3701218068599701, 0.5155484676361084, 0.5528897643089294, 0.46434342861175537, 0.35368040204048157, 0.3094429671764374, 0.3950023651123047, 0.4271533489227295, 0.3509324789047241, 0.31622210144996643, 0.32685941457748413, 0.3253350555896759, 0.493805855512619, 0.6701509952545166, 0.4577140510082245, 0.2674703001976013, 0.29248011112213135, 0.23204557597637177, 0.21357528865337372, 0.3365705907344818, 0.28782400488853455, 0.17290621995925903, 0.17492741346359253, 0.20883451402187347, 0.2677350640296936, 0.26258009672164917, 0.24655647575855255, 0.7744958400726318], "lowlevel.gfcc.cov": [[9065.4794921875, -2616.6298828125, 585.2443237304688, 1879.1416015625, 443.813720703125, 1233.5745849609375, -67.35013580322266, 1140.0885009765625, -42.302425384521484, 244.76210021972656, -347.4604797363281, 47.04189682006836, -462.241455078125], [-2616.6298828125, 3101.700439453125, 30.457292556762695, -664.0075073242188, 493.3597717285156, -421.5749206542969, 440.9327392578125, -349.4045715332031, 200.46029663085938, -199.66172790527344, 370.00628662109375, -176.5174560546875, 299.7377624511719], [585.2443237304688, 30.457292556762695, 1402.3902587890625, 766.5255126953125, 479.63873291015625, 486.40423583984375, 208.8092041015625, 263.01092529296875, 286.1260986328125, 145.91033935546875, 56.848960876464844, 120.56391143798828, -2.928157329559326], [1879.1416015625, -664.0075073242188, 766.5255126953125, 1279.112060546875, 328.7598876953125, 472.1300048828125, 31.473234176635742, 298.1007385253906, 174.77359008789062, 112.3555679321289, -57.92811584472656, 79.97377014160156, -18.111867904663086], [443.813720703125, 493.3597717285156, 479.63873291015625, 328.7598876953125, 708.1987915039062, 306.153564453125, 260.7538757324219, 316.4109191894531, 149.72938537597656, 55.41239929199219, 122.7554702758789, 23.140365600585938, 51.154632568359375], [1233.5745849609375, -421.5749206542969, 486.40423583984375, 472.1300048828125, 306.153564453125, 691.8884887695312, 303.7386169433594, 279.65838623046875, 57.07217788696289, 80.29824829101562, 11.134406089782715, 48.76076126098633, -47.700401306152344], [-67.35013580322266, 440.9327392578125, 208.8092041015625, 31.473234176635742, 260.7538757324219, 303.7386169433594, 533.73974609375, 89.67947387695312, 66.44596862792969, 27.036352157592773, 150.8292236328125, 19.72450828552246, 67.62860870361328], [1140.0885009765625, -349.4045715332031, 263.01092529296875, 298.1007385253906, 316.4109191894531, 279.65838623046875, 89.67947387695312, 541.5232543945312, 125.15448760986328, 106.65176391601562, 46.88567352294922, 31.801420211791992, -64.82464599609375], [-42.302425384521484, 200.46029663085938, 286.1260986328125, 174.77359008789062, 149.72938537597656, 57.07217788696289, 66.44596862792969, 125.15448760986328, 330.7232971191406, 126.99456787109375, 75.03486633300781, 36.17965316772461, 83.2965316772461], [244.76210021972656, -199.66172790527344, 145.91033935546875, 112.3555679321289, 55.41239929199219, 80.29824829101562, 27.036352157592773, 106.65176391601562, 126.99456787109375, 192.48680114746094, 45.68901443481445, 65.4866943359375, 37.14923095703125], [-347.4604797363281, 370.00628662109375, 56.848960876464844, -57.92811584472656, 122.7554702758789, 11.134406089782715, 150.8292236328125, 46.88567352294922, 75.03486633300781, 45.68901443481445, 187.9771728515625, 38.56123352050781, 73.78101348876953], [47.04189682006836, -176.5174560546875, 120.56391143798828, 79.97377014160156, 23.140365600585938, 48.76076126098633, 19.72450828552246, 31.801420211791992, 36.17965316772461, 65.4866943359375, 38.56123352050781, 151.37490844726562, 53.10392761230469], [-462.241455078125, 299.7377624511719, -2.928157329559326, -18.111867904663086, 51.154632568359375, -47.700401306152344, 67.62860870361328, -64.82464599609375, 83.2965316772461, 37.14923095703125, 73.78101348876953, 53.10392761230469, 180.6780548095703]], "lowlevel.gfcc.icov": [[0.00028907929663546383, -8.585430623497814e-05, 0.0002279333129990846, -0.0003797244862653315, 8.654897101223469e-05, -0.0003203716187272221, 8.785263344179839e-05, -0.00042070081690326333, 0.00020187867630738765, -0.0003306535363662988, 0.00038100703386589885, -0.00015325815184041858, 0.00041909352876245975], [-8.585430623497814e-05, 0.0017851851880550385, -0.000530566438101232, 0.0007484458619728684, -0.0015898046549409628, 0.0012863872107118368, -0.0008293690625578165, 0.001348258345387876, -0.001078686211258173, 0.001901833456940949, -0.001973733538761735, 0.00216735084541142, -0.001255635404959321], [0.0002279333129990846, -0.000530566438101232, 0.0019067483954131603, -0.0010056922910735011, -0.0002293904108228162, -0.0010001369519159198, 0.000226171818212606, -4.0050086681731045e-05, -0.0006610672571696341, -0.0007298779091797769, 0.0007129365112632513, -0.001661519636400044, 0.0017473394982516766], [-0.0003797244862653315, 0.0007484458619728684, -0.0010056922910735011, 0.0022518786136060953, -0.0008175744442269206, 7.95454325270839e-05, 0.00017088177264668047, 0.0007263774750754237, -0.0008203396573662758, 0.0011303628562018275, -0.0005229453090578318, 0.0008764868834987283, -0.0014528348110616207], [8.654897101223469e-05, -0.0015898046549409628, -0.0002293904108228162, -0.0008175744442269206, 0.004439664073288441, -0.0013242270797491074, 0.0002427249273750931, -0.0027375821955502033, 0.0011592023074626923, -0.0009331703768111765, 0.0008592415833845735, -0.0009550079703330994, -0.0003192084841430187], [-0.0003203716187272221, 0.0012863872107118368, -0.0010001369519159198, 7.95454325270839e-05, -0.0013242270797491074, 0.004969658795744181, -0.002928889822214842, 0.0004181485273875296, -8.706801600055769e-05, 0.0007342909229919314, -0.00020555300579871982, 0.001142339315265417, -0.0003913050168193877], [8.785263344179839e-05, -0.0008293690625578165, 0.000226171818212606, 0.00017088177264668047, 0.0002427249273750931, -0.002928889822214842, 0.004555054008960724, -0.0002193700202042237, 0.0004157687653787434, -0.0003056233108509332, -0.0016961925430223346, -0.00031945068622007966, -0.0003465068875811994], [-0.00042070081690326333, 0.001348258345387876, -4.0050086681731045e-05, 0.0007263774750754237, -0.0027375821955502033, 0.0004181485273875296, -0.0002193700202042237, 0.005310088396072388, -0.002108026063069701, 0.0006737367366440594, -0.002589624607935548, 0.00098757806699723, 0.0012324625859037042], [0.00020187867630738765, -0.001078686211258173, -0.0006610672571696341, -0.0008203396573662758, 0.0011592023074626923, -8.706801600055769e-05, 0.0004157687653787434, -0.002108026063069701, 0.006649373099207878, -0.0039626494981348515, 0.0007932939915917814, 0.00041455679456703365, -0.0017466455465182662], [-0.0003306535363662988, 0.001901833456940949, -0.0007298779091797769, 0.0011303628562018275, -0.0009331703768111765, 0.0007342909229919314, -0.0003056233108509332, 0.0006737367366440594, -0.0039626494981348515, 0.010967313311994076, -0.003381473943591118, -8.802920638117939e-05, -0.002106734784319997], [0.00038100703386589885, -0.001973733538761735, 0.0007129365112632513, -0.0005229453090578318, 0.0008592415833845735, -0.00020555300579871982, -0.0016961925430223346, -0.002589624607935548, 0.0007932939915917814, -0.003381473943591118, 0.012261209078133106, -0.0038907222915440798, 8.260554750449955e-05], [-0.00015325815184041858, 0.00216735084541142, -0.001661519636400044, 0.0008764868834987283, -0.0009550079703330994, 0.001142339315265417, -0.00031945068622007966, 0.00098757806699723, 0.00041455679456703365, -8.802920638117939e-05, -0.0038907222915440798, 0.01237339898943901, -0.005101773887872696], [0.00041909352876245975, -0.001255635404959321, 0.0017473394982516766, -0.0014528348110616207, -0.0003192084841430187, -0.0003913050168193877, -0.0003465068875811994, 0.0012324625859037042, -0.0017466455465182662, -0.002106734784319997, 8.260554750449955e-05, -0.005101773887872696, 0.011835752055048943]], "lowlevel.mfcc.cov": [[8434.1220703125, -2526.5712890625, -41.29754638671875, 974.9335327148438, 595.513427734375, 509.01361083984375, 318.2715148925781, 811.24267578125, 214.73020935058594, 761.3809204101562, 163.6859893798828, -20.742448806762695, 145.17022705078125], [-2526.5712890625, 2868.98583984375, -261.30474853515625, -344.4670715332031, 70.35282897949219, -261.781005859375, 225.64146423339844, -52.45563888549805, -57.96828842163086, -85.32005310058594, 36.60285949707031, 54.640995025634766, 35.597076416015625], [-41.29754638671875, -261.30474853515625, 1051.9805908203125, 409.230712890625, 229.88336181640625, 418.46185302734375, 66.06298828125, 110.66256713867188, 237.12872314453125, 38.31456756591797, 113.50211334228516, 158.5400390625, 83.07050323486328], [974.9335327148438, -344.4670715332031, 409.230712890625, 804.1260375976562, 419.2467041015625, 252.09121704101562, 33.96563720703125, 198.3169708251953, 178.20223999023438, 129.8994598388672, 56.85658645629883, 110.1041488647461, 138.9233856201172], [595.513427734375, 70.35282897949219, 229.88336181640625, 419.2467041015625, 681.3448486328125, 101.2352294921875, 115.48681640625, 311.3989562988281, 127.9526596069336, 309.9808654785156, 47.63582229614258, 71.414306640625, 188.5189971923828], [509.01361083984375, -261.781005859375, 418.46185302734375, 252.09121704101562, 101.2352294921875, 559.018310546875, 241.2129669189453, 135.00051879882812, 217.9055633544922, 18.441009521484375, 110.68140411376953, 85.6668930053711, 20.278833389282227], [318.2715148925781, 225.64146423339844, 66.06298828125, 33.96563720703125, 115.48681640625, 241.2129669189453, 515.7645874023438, 285.88885498046875, 88.95317077636719, 126.09083557128906, 113.27068328857422, 38.48523712158203, 53.87890625], [811.24267578125, -52.45563888549805, 110.66256713867188, 198.3169708251953, 311.3989562988281, 135.00051879882812, 285.88885498046875, 525.1482543945312, 50.49110412597656, 344.1101379394531, 70.10806274414062, 50.11739730834961, 144.6517333984375], [214.73020935058594, -57.96828842163086, 237.12872314453125, 178.20223999023438, 127.9526596069336, 217.9055633544922, 88.95317077636719, 50.49110412597656, 304.532958984375, 52.214820861816406, 97.87010192871094, 103.8609619140625, 57.83851623535156], [761.3809204101562, -85.32005310058594, 38.31456756591797, 129.8994598388672, 309.9808654785156, 18.441009521484375, 126.09083557128906, 344.1101379394531, 52.214820861816406, 475.7214660644531, 90.94707489013672, 55.13048553466797, 129.04202270507812], [163.6859893798828, 36.60285949707031, 113.50211334228516, 56.85658645629883, 47.63582229614258, 110.68140411376953, 113.27068328857422, 70.10806274414062, 97.87010192871094, 90.94707489013672, 169.05584716796875, 76.360107421875, 44.359439849853516], [-20.742448806762695, 54.640995025634766, 158.5400390625, 110.1041488647461, 71.414306640625, 85.6668930053711, 38.48523712158203, 50.11739730834961, 103.8609619140625, 55.13048553466797, 76.360107421875, 155.91357421875, 88.82472229003906], [145.17022705078125, 35.597076416015625, 83.07050323486328, 138.9233856201172, 188.5189971923828, 20.278833389282227, 53.87890625, 144.6517333984375, 57.83851623535156, 129.04202270507812, 44.359439849853516, 88.82472229003906, 193.37403869628906]], "lowlevel.mfcc.icov": [[0.0002483536663930863, 0.0001922555238706991, 0.00021432670473586768, -0.00024019257398322225, -7.457583251380129e-06, -0.00010454772564116865, -4.957622513757087e-05, -0.0001542150421300903, -3.606527025112882e-05, -0.00019789701036643237, -0.00014289173122961074, 0.00013611040776595473, 0.00011916312359971926], [0.0001922555238706991, 0.0006296050851233304, 0.0001844775688368827, 6.813540676375851e-05, -0.0003791852213907987, 0.0003016153641510755, -0.0004707340558525175, 1.7738355381879956e-05, 1.6690300981281325e-05, 0.00015378104581031948, -0.00022403760522138327, -0.00037181732477620244, 0.00018206698587164283], [0.00021432670473586768, 0.0001844775688368827, 0.0018729515140876174, -0.00045188330113887787, -0.0003275990311522037, -0.0011361674405634403, 0.0004791439278051257, -0.00034442575997672975, -0.00011747457028832287, 0.00015235823229886591, -0.00043053136323578656, -0.0007774435798637569, 0.00027719608624465764], [-0.00024019257398322225, 6.813540676375851e-05, -0.00045188330113887787, 0.002800025511533022, -0.001473459880799055, -0.00042859301902353764, 0.0006143923965282738, -0.00038976414361968637, -0.00014451341121457517, 0.0009413076913915575, 2.8665743229794316e-05, -0.0007801553583703935, -0.00028105100500397384], [-7.457583251380129e-06, -0.0003791852213907987, -0.0003275990311522037, -0.001473459880799055, 0.0038353826384991407, 0.0001423114736098796, -4.963962783222087e-05, -0.000267240684479475, -0.0007692289655096829, -0.0017102028941735625, 0.0009619958000257611, 0.0014220840530470014, -0.0017681558383628726], [-0.00010454772564116865, 0.0003016153641510755, -0.0011361674405634403, -0.00042859301902353764, 0.0001423114736098796, 0.004602878354489803, -0.0018503012834116817, -0.0002870348107535392, -0.0015957793220877647, 0.0008550555794499815, -0.00040832729428075254, -0.00037247719592414796, 0.0010992417810484767], [-4.957622513757087e-05, -0.0004707340558525175, 0.0004791439278051257, 0.0006143923965282738, -4.963962783222087e-05, -0.0018503012834116817, 0.00460828235372901, -0.0027215369045734406, -0.00013661864795722067, 0.0009264785330742598, -0.0018372698687016964, 0.0006742077530361712, 5.2976001825300045e-06], [-0.0001542150421300903, 1.7738355381879956e-05, -0.00034442575997672975, -0.00038976414361968637, -0.000267240684479475, -0.0002870348107535392, -0.0027215369045734406, 0.006394137628376484, 0.0009901822777464986, -0.0032764277420938015, 0.0014687165385112166, 0.0002836240455508232, -0.0017706206999719143], [-3.606527025112882e-05, 1.6690300981281325e-05, -0.00011747457028832287, -0.00014451341121457517, -0.0007692289655096829, -0.0015957793220877647, -0.00013661864795722067, 0.0009901822777464986, 0.006013956852257252, -0.00016359479923266917, -0.001323660952039063, -0.0021384796127676964, -1.0758879398053978e-05], [-0.00019789701036643237, 0.00015378104581031948, 0.00015235823229886591, 0.0009413076913915575, -0.0017102028941735625, 0.0008550555794499815, 0.0009264785330742598, -0.0032764277420938015, -0.00016359479923266917, 0.005912881810218096, -0.0024391678161919117, -0.000598292623180896, 8.642896864330396e-05], [-0.00014289173122961074, -0.00022403760522138327, -0.00043053136323578656, 2.8665743229794316e-05, 0.0009619958000257611, -0.00040832729428075254, -0.0018372698687016964, 0.0014687165385112166, -0.001323660952039063, -0.0024391678161919117, 0.010505693033337593, -0.0030784010887145996, -0.00014123076107352972], [0.00013611040776595473, -0.00037181732477620244, -0.0007774435798637569, -0.0007801553583703935, 0.0014220840530470014, -0.00037247719592414796, 0.0006742077530361712, 0.0002836240455508232, -0.0021384796127676964, -0.000598292623180896, -0.0030784010887145996, 0.013346829451620579, -0.0052723148837685585], [0.00011916312359971926, 0.00018206698587164283, 0.00027719608624465764, -0.00028105100500397384, -0.0017681558383628726, 0.0010992417810484767, 5.2976001825300045e-06, -0.0017706206999719143, -1.0758879398053978e-05, 8.642896864330396e-05, -0.00014123076107352972, -0.0052723148837685585, 0.010462424717843533]], "metadata.audio_properties.analysis.downmix": "mix", "metadata.audio_properties.codec": "mp3", "metadata.audio_properties.md5_encoded": "9d939521dae8490db559e188c4028407", "metadata.tags.file_name": "1183701755981209700.mp3", "metadata.version.essentia": "2.1-beta6-dev", "metadata.version.essentia_git_sha": "v2.1_beta5-1110-g77a6a954", "metadata.version.extractor": "music 2.0", "tonal.chords_key": "E", "tonal.chords_scale": "minor", "tonal.key_edma.key": "E", "tonal.key_edma.scale": "minor", "tonal.key_krumhansl.key": "E", "tonal.key_krumhansl.scale": "minor", "tonal.key_temperley.key": "E", "to