{"song_id": "1183685940280045568", "download": "https://cdn.discordapp.com/attachments/1135911532732108921/1183685940280045568/chirp.mp4?ex=65893c6f&amp", "lyrics": "(\u041a\u0443\u043f\u043b\u0435\u0442 1)\n\u041d\u0430 \u0413\u0430\u0433\u0430\u0440\u0438\u043d\u0430, \u0432 \u0441\u0435\u0440\u0434\u0446\u0435 \u0433\u043e\u0440\u043e\u0434\u0430,\n\u0422\u0430\u043c \u0440\u0430\u0431\u043e\u0442\u0430\u0435\u0442 \u042e\u0440\u043a\u0430 \u041a\u0430\u0440\u0435\u0432.\n\u041c\u0430\u0442\u0451\u0440\u044b\u0439 \u043f\u0430\u0440\u0435\u043d\u044c,  \u0441 \u0440\u0443\u043a\u0430\u043c\u0438 \u0437\u043e\u043b\u043e\u0442\u044b\u043c\u0438, (\u043e\u0443\u0443\u0443-\u0435\u0435\u0435\u0435) \n\u041c\u0430\u0448\u0438\u043d\u044b \u0447\u0438\u043d\u0438\u0442, \u0438 \u043c\u0430\u0441\u043b\u0430 \u043f\u0440\u043e\u0434\u0430\u0451\u0442. \n(\u041f\u0440\u0438\u043f\u0435\u0432)\n\u042e\u0440\u043a\u0430 \u041a\u0430\u0440\u0435\u0432, \u043f\u0430\u0440\u0435\u043d\u044c \u043d\u0430\u0448 \u0437\u043e\u043b\u043e\u0442\u043e\u0439,\n\u0421\u043a\u043e\u0440\u043e \u0434\u043d\u044e\u0445\u0430, \u043e\u043d \u043d\u0435\u043c\u043d\u043e\u0433\u043e \u043f\u043e\u0432\u0437\u0440\u043e\u0441\u043b\u0435\u043b.\n\u0421\u043c\u0435\u043b\u044b\u0439 \u0438 \u0441\u043c\u0435\u0448\u043d\u043e\u0439, \u0432\u0441\u0435\u0433\u0434\u0430 \u043d\u0430 \u043f\u043e\u0434\u044a\u0451\u043c\u0435,\n\u0412\u0441\u0435\u0445 \u0441\u0432\u043e\u0438\u0445 \u0434\u0440\u0443\u0437\u0435\u0439 \u043e\u043d \u043e\u0431\u043e\u0433\u0440\u0435\u0432\u0430\u0435\u0442.", "style": ["old school rap"], "essentia_features": {"lowlevel.average_loudness": 0.9389340281486511, "lowlevel.barkbands_crest.mean": 14.926909446716309, "lowlevel.barkbands_crest.stdev": 5.93111515045166, "lowlevel.barkbands_flatness_db.mean": 0.3063162863254547, "lowlevel.barkbands_flatness_db.stdev": 0.13345319032669067, "lowlevel.barkbands_kurtosis.mean": 52.992000579833984, "lowlevel.barkbands_kurtosis.stdev": 177.3849334716797, "lowlevel.barkbands_skewness.mean": 3.0875823497772217, "lowlevel.barkbands_skewness.stdev": 5.327750205993652, "lowlevel.barkbands_spread.mean": 15.792107582092285, "lowlevel.barkbands_spread.stdev": 14.2244291305542, "lowlevel.dissonance.mean": 0.4753888249397278, "lowlevel.dissonance.stdev": 0.029844075441360474, "lowlevel.dynamic_complexity": 5.201695442199707, "lowlevel.erbbands_crest.mean": 12.971332550048828, "lowlevel.erbbands_crest.stdev": 4.914708137512207, "lowlevel.erbbands_flatness_db.mean": 0.2812421917915344, "lowlevel.erbbands_flatness_db.stdev": 0.09395062178373337, "lowlevel.erbbands_kurtosis.mean": 4.647945404052734, "lowlevel.erbbands_kurtosis.stdev": 7.882272720336914, "lowlevel.erbbands_skewness.mean": -0.37592843174934387, "lowlevel.erbbands_skewness.stdev": 1.755446434020996, "lowlevel.erbbands_spread.mean": 28.036212921142578, "lowlevel.erbbands_spread.stdev": 22.70237159729004, "lowlevel.hfc.mean": 15.550518035888672, "lowlevel.hfc.stdev": 20.147994995117188, "lowlevel.loudness_ebu128.integrated": -14.1121244430542, "lowlevel.loudness_ebu128.loudness_range": 4.2883501052856445, "lowlevel.loudness_ebu128.momentary.mean": -15.953266143798828, "lowlevel.loudness_ebu128.momentary.stdev": 5.420367240905762, "lowlevel.loudness_ebu128.short_term.mean": -14.524818420410156, "lowlevel.loudness_ebu128.short_term.stdev": 1.396825909614563, "lowlevel.melbands_crest.mean": 18.662506103515625, "lowlevel.melbands_crest.stdev": 6.824575424194336, "lowlevel.melbands_flatness_db.mean": 0.3727051317691803, "lowlevel.melbands_flatness_db.stdev": 0.17927372455596924, "lowlevel.melbands_kurtosis.mean": 54.341793060302734, "lowlevel.melbands_kurtosis.stdev": 87.92740631103516, "lowlevel.melbands_skewness.mean": 3.7677156925201416, "lowlevel.melbands_skewness.stdev": 4.325772285461426, "lowlevel.melbands_spread.mean": 25.110475540161133, "lowlevel.melbands_spread.stdev": 27.243896484375, "lowlevel.pitch_salience.mean": 0.4003278613090515, "lowlevel.pitch_salience.stdev": 0.18262098729610443, "lowlevel.silence_rate_20dB.mean": 1.0, "lowlevel.silence_rate_20dB.stdev": 0.0, "lowlevel.silence_rate_30dB.mean": 0.9148319959640503, "lowlevel.silence_rate_30dB.stdev": 0.2791321277618408, "lowlevel.silence_rate_60dB.mean": 0.2155272364616394, "lowlevel.silence_rate_60dB.stdev": 0.41118451952934265, "lowlevel.spectral_centroid.mean": 1380.0404052734375, "lowlevel.spectral_centroid.stdev": 842.4803466796875, "lowlevel.spectral_complexity.mean": 9.029547691345215, "lowlevel.spectral_complexity.stdev": 8.539909362792969, "lowlevel.spectral_decrease.mean": -9.798195144128385e-09, "lowlevel.spectral_decrease.stdev": 1.169369667763931e-08, "lowlevel.spectral_energy.mean": 0.038391146808862686, "lowlevel.spectral_energy.stdev": 0.044723860919475555, "lowlevel.spectral_energyband_high.mean": 0.0002724415098782629, "lowlevel.spectral_energyband_high.stdev": 0.0007716376567259431, "lowlevel.spectral_energyband_low.mean": 0.029585110023617744, "lowlevel.spectral_energyband_low.stdev": 0.04289039969444275, "lowlevel.spectral_energyband_middle_high.mean": 0.005767493508756161, "lowlevel.spectral_energyband_middle_high.stdev": 0.009652979671955109, "lowlevel.spectral_energyband_middle_low.mean": 0.0034404699690639973, "lowlevel.spectral_energyband_middle_low.stdev": 0.009264707565307617, "lowlevel.spectral_entropy.mean": 6.787973403930664, "lowlevel.spectral_entropy.stdev": 0.7824118137359619, "lowlevel.spectral_flux.mean": 0.08509349822998047, "lowlevel.spectral_flux.stdev": 0.0861024558544159, "lowlevel.spectral_kurtosis.mean": 20.146923065185547, "lowlevel.spectral_kurtosis.stdev": 22.415802001953125, "lowlevel.spectral_rms.mean": 0.005025910679250956, "lowlevel.spectral_rms.stdev": 0.0034921360202133656, "lowlevel.spectral_rolloff.mean": 1378.638916015625, "lowlevel.spectral_rolloff.stdev": 1519.3939208984375, "lowlevel.spectral_skewness.mean": 2.384289503097534, "lowlevel.spectral_skewness.stdev": 1.290137529373169, "lowlevel.spectral_spread.mean": 2681161.0, "lowlevel.spectral_spread.stdev": 1847993.125, "lowlevel.spectral_strongpeak.mean": 1.0667331218719482, "lowlevel.spectral_strongpeak.stdev": 1.8482708930969238, "lowlevel.zerocrossingrate.mean": 0.04984825477004051, "lowlevel.zerocrossingrate.stdev": 0.04537764564156532, "metadata.audio_properties.analysis.equal_loudness": 0.0, "metadata.audio_properties.analysis.length": 40.04265213012695, "metadata.audio_properties.analysis.sample_rate": 44100.0, "metadata.audio_properties.analysis.start_time": 0.0, "metadata.audio_properties.bit_rate": 116925.0, "metadata.audio_properties.length": 40.042667388916016, "metadata.audio_properties.lossless": 0.0, "metadata.audio_properties.number_channels": 1.0, "metadata.audio_properties.replay_gain": -12.582792282104492, "metadata.audio_properties.sample_rate": 48000.0, "rhythm.beats_count": 58.0, "rhythm.beats_loudness.mean": 0.09506203979253769, "rhythm.beats_loudness.stdev": 0.07392355054616928, "rhythm.bpm": 87.9442138671875, "rhythm.bpm_histogram_first_peak_bpm": 88.0, "rhythm.bpm_histogram_first_peak_weight": 0.14035087823867798, "rhythm.bpm_histogram_second_peak_bpm": 0.0, "rhythm.bpm_histogram_second_peak_spread": 0.0, "rhythm.bpm_histogram_second_peak_weight": 0.0, "rhythm.danceability": 1.3497636318206787, "rhythm.onset_rate": 4.06946325302124, "tonal.chords_changes_rate": 0.08101851493120193, "tonal.chords_number_rate": 0.0173611119389534, "tonal.chords_strength.mean": 0.5314221382141113, "tonal.chords_strength.stdev": 0.09351611137390137, "tonal.hpcp_crest.mean": 12.94258975982666, "tonal.hpcp_crest.stdev": 5.915795803070068, "tonal.hpcp_entropy.mean": 2.058112621307373, "tonal.hpcp_entropy.stdev": 0.747539222240448, "tonal.key_edma.strength": 0.583772599697113, "tonal.key_krumhansl.strength": 0.5820010900497437, "tonal.key_temperley.strength": 0.6055279970169067, "tonal.tuning_diatonic_strength": 0.5910924673080444, "tonal.tuning_equal_tempered_deviation": 0.18996402621269226, "tonal.tuning_frequency": 441.2725830078125, "tonal.tuning_nontempered_energy_ratio": 0.8677048683166504, "lowlevel.barkbands.mean": [0.00039922655560076237, 0.022082936018705368, 0.006480764597654343, 0.0010651758639141917, 0.0008964064763858914, 0.00019017558952327818, 0.00037672018515877426, 0.00027610332472249866, 0.0005257249576970935, 0.0005384537507779896, 0.0002656378783285618, 0.00035047493292950094, 0.0006871135556139052, 0.0009300516685470939, 0.0008422390674240887, 0.0013884216314181685, 0.0003491904935799539, 0.000296980346320197, 5.771321593783796e-05, 0.00020425824914127588, 2.292934550496284e-05, 3.4109219996025786e-05, 6.712174217682332e-05, 3.565386577975005e-05, 2.2225278371479362e-05, 5.363092441257322e-06, 3.1248552634366433e-09], "lowlevel.barkbands.stdev": [0.0005730472039431334, 0.03445990011096001, 0.015317977406084538, 0.0047976355999708176, 0.0036252124700695276, 0.0009997512679547071, 0.0016660960391163826, 0.0013230887707322836, 0.002314555924385786, 0.0022710366174578667, 0.0013977219350636005, 0.0018915670225396752, 0.00207436247728765, 0.0031052439007908106, 0.0022649525199085474, 0.0035614969674497843, 0.0010619914392009377, 0.0007163782138377428, 0.0001803985796868801, 0.0005677843000739813, 0.00010880098125198856, 0.00015575799625366926, 0.0002080365375149995, 0.0001804553612601012, 0.0001127358918893151, 1.9373157556401566e-05, 2.1516685322353624e-08], "lowlevel.erbbands.mean": [0.7096424698829651, 4.694746494293213, 7.718728542327881, 5.475806713104248, 3.2337284088134766, 3.3026223182678223, 1.4877389669418335, 1.8004205226898193, 2.931575298309326, 7.528472423553467, 6.5318379402160645, 10.35446548461914, 17.122533798217773, 16.406517028808594, 9.640896797180176, 15.203763008117676, 24.480945587158203, 51.617679595947266, 38.523414611816406, 52.831661224365234, 77.9437255859375, 21.340579986572266, 19.625762939453125, 5.275843143463135, 5.166013717651367, 9.653607368469238, 2.2465784549713135, 0.6247563362121582, 1.0768113136291504, 2.239089250564575, 1.5850034952163696, 0.6460802555084229, 0.7070868611335754, 0.35984495282173157, 0.09927505254745483, 0.037721484899520874, 0.007585697341710329, 0.00039702808135189116, 2.926120941992849e-05, 4.438712858245708e-05], "lowlevel.erbbands.stdev": [1.0752389430999756, 7.762434005737305, 16.683271408081055, 16.644256591796875, 13.126570701599121, 13.692378997802734, 7.748926639556885, 9.460180282592773, 11.108985900878906, 31.26494598388672, 33.12258529663086, 48.525978088378906, 60.12995529174805, 71.72209930419922, 45.535640716552734, 75.21015930175781, 80.13191986083984, 147.6987762451172, 119.373779296875, 123.8632583618164, 207.96983337402344, 53.78203201293945, 44.72035598754883, 16.644845962524414, 14.843842506408691, 26.748889923095703, 8.759380340576172, 2.619382858276367, 5.328372955322266, 6.3897247314453125, 5.329216480255127, 2.7439637184143066, 3.9868550300598145, 1.9208836555480957, 0.48889297246932983, 0.14131782948970795, 0.02861769311130047, 0.0018635476008057594, 4.693369191954844e-05, 4.8961592256091535e-05], "lowlevel.gfcc.mean": [-153.49017333984375, 123.34943389892578, -138.94686889648438, 33.46510696411133, 12.73185920715332, 28.976646423339844, -32.964569091796875, 6.653805255889893, -8.897078514099121, -16.132793426513672, -9.85546875, -7.5202741622924805, -6.49054479598999], "lowlevel.melbands.mean": [0.006332451943308115, 0.004566148854792118, 0.0009101266041398048, 0.00022650905884802341, 6.993210990913212e-05, 3.8514219340868294e-05, 5.6552846217527986e-05, 7.948898564791307e-05, 4.875988088315353e-05, 7.442938658641651e-05, 8.846642595017329e-05, 7.028530671959743e-05, 3.430222568567842e-05, 3.488169386400841e-05, 4.0443672332912683e-05, 7.515152537962422e-05, 9.853138908511028e-05, 6.127948290668428e-05, 6.610144191654399e-05, 9.077849244931713e-05, 7.969581929501146e-05, 1.9565472030080855e-05, 2.0738207240356132e-05, 1.277343380934326e-05, 3.2511197787243873e-06, 2.0387481072248193e-06, 7.119098427210702e-06, 6.2354333749681246e-06, 1.5608690091539756e-06, 4.821033030566468e-07, 2.8612697633434436e-07, 5.093433514957724e-07, 8.586889066464209e-07, 1.4871831126583857e-06, 1.0492689170860103e-06, 5.098527822156029e-07, 3.4840201124097803e-07, 5.161967351341445e-07, 4.049809376738267e-07, 2.7437360472504224e-07], "lowlevel.melbands.stdev": [0.009710406884551048, 0.007986203767359257, 0.0027159657329320908, 0.0008917412487789989, 0.00032286945497617126, 0.00020103190036024898, 0.00021703487436752766, 0.00029614416416734457, 0.00026699763839133084, 0.00032200809800997376, 0.0003139573964290321, 0.00031233803019858897, 0.00017460843082517385, 0.00020660531299654394, 0.00019668256572913378, 0.00022327042825054377, 0.00029293357511051, 0.00022653513588011265, 0.0001883623917819932, 0.00021481647854670882, 0.00021191671839915216, 5.976014654152095e-05, 4.5341661461861804e-05, 3.4998272894881666e-05, 1.1857749086630065e-05, 7.034730515442789e-06, 2.2584881662623957e-05, 1.799781784939114e-05, 7.236029432533542e-06, 2.0587492599588586e-06, 1.4129350347502623e-06, 2.7271239559922833e-06, 3.852395366266137e-06, 4.1337671063956805e-06, 3.5296477562951623e-06, 2.129459062416572e-06, 1.6000448113118182e-06, 2.9160557915020036e-06, 2.238708930235589e-06, 1.532048145236331e-06], "lowlevel.melbands128.mean": [0.0003820348938461393, 0.005167926196008921, 0.009877419099211693, 0.006782490760087967, 0.004392578732222319, 0.002897705417126417, 0.0011051454348489642, 0.00047085038386285305, 0.00029254500987008214, 0.00022009946405887604, 0.0001997584622586146, 8.945071022026241e-05, 4.087448542122729e-05, 3.204738095519133e-05, 4.0617771446704865e-05, 4.394747156766243e-05, 2.936211421911139e-05, 3.8330184906953946e-05, 0.00011924469436053187, 9.076885180547833e-05, 5.359750866773538e-05, 7.06527498550713e-05, 4.314169200370088e-05, 3.496974750305526e-05, 4.368123336462304e-05, 0.0001087331329472363, 0.00011030741006834432, 6.413338269339874e-05, 9.800720727071166e-05, 8.006828284123912e-05, 5.5118329328252e-05, 6.020412183715962e-05, 2.740580021054484e-05, 2.0447090719244443e-05, 3.488668880891055e-05, 3.087046934524551e-05, 5.094833977636881e-05, 4.009314943687059e-05, 3.8223231968004256e-05, 3.214977550669573e-05, 9.557118755765259e-05, 0.00012357493687886745, 8.77697384567e-05, 0.000107398176623974, 6.456701521528885e-05, 5.425580820883624e-05, 5.0379738240735605e-05, 5.424037226475775e-05, 9.835707169258967e-05, 4.776848072651774e-05, 4.153462214162573e-05, 0.00020691310055553913, 0.00010426795051898807, 2.1247336917440407e-05, 2.9148954126867466e-05, 1.6647367374389432e-05, 1.423249614163069e-05, 2.3704229533905163e-05, 1.9816556232399307e-05, 2.3302163754124194e-05, 1.2873452760686632e-05, 5.243658961262554e-06, 4.379280198918423e-06, 2.3499567305407254e-06, 2.0522902559605427e-06, 1.6461018503832747e-06, 2.097154947477975e-06, 3.538541250236449e-06, 1.1301807717245538e-05, 7.75173793954309e-06, 7.65279673942132e-06, 4.077185622008983e-06, 2.3050188246998005e-06, 1.2190453162475023e-06, 6.707605848532694e-07, 5.209877258494089e-07, 3.932384515792364e-07, 2.55922827818722e-07, 2.6185156798419484e-07, 3.0295058195406455e-07, 4.36664464587011e-07, 5.99784868882125e-07, 7.07559991042217e-07, 8.40675568269944e-07, 9.401874763170781e-07, 1.4221852779883193e-06, 1.628055770197534e-06, 1.819443696149392e-06, 8.335735515174747e-07, 7.357221534221026e-07, 6.386355835275026e-07, 4.5251920255395817e-07, 2.856028800124477e-07, 3.120730696082319e-07, 4.0197511452788603e-07, 4.246476521529985e-07, 5.940199798715184e-07, 5.951124535386043e-07, 3.476537528968038e-07, 3.625647195804049e-07, 3.3749250860637403e-07, 3.0179106147443235e-07, 1.3197765724726196e-07, 1.0522163762516357e-07, 7.84262823572135e-08, 1.207586706186703e-07, 9.065013273357181e-08, 6.582846623359728e-08, 6.521219120259047e-08, 5.988177065319178e-08, 3.913248747267062e-08, 2.773612450823748e-08, 2.1361918456364037e-08, 1.4396258407600726e-08, 7.083895248172212e-09, 9.718684745863015e-10, 1.0370072855980794e-10, 6.722528783642545e-12, 6.403059506221442e-12, 6.070021655452118e-12, 5.812828083456845e-12, 5.702730822287894e-12, 5.57154149205541e-12, 5.476204992943545e-12, 5.3730444572741565e-12, 5.2603945505103056e-12, 5.190357258572087e-12, 5.158718504455484e-12], "lowlevel.melbands128.stdev": [0.0005563361919485033, 0.007833226583898067, 0.016162293031811714, 0.012525396421551704, 0.00956208910793066, 0.0069122957065701485, 0.0036383632104843855, 0.002080468460917473, 0.001284560072235763, 0.000936887925490737, 0.0008645493071526289, 0.0004224165459163487, 0.00026744132628664374, 0.00020011172455269843, 0.0002058844838757068, 0.0003281354729551822, 0.0001632272033020854, 0.00020009127911180258, 0.0005884436541236937, 0.0004739397263620049, 0.00022573219030164182, 0.00043248743168078363, 0.00031328300246968865, 0.0004090889706276357, 0.0004278321866877377, 0.0004375918360892683, 0.0005714090075343847, 0.00031723440042696893, 0.00048048427561298013, 0.0005283720674924552, 0.00034407820203341544, 0.0003916788846254349, 0.0002043166314251721, 0.00015084605547599494, 0.00030831535696052015, 0.00023465583217330277, 0.00033842516131699085, 0.00022728675685357302, 0.00026752668782137334, 0.00019144575344398618, 0.00031414255499839783, 0.00048108454211615026, 0.00033962447196245193, 0.000513504259288311, 0.00029582297429442406, 0.00033515237737447023, 0.0001686424802755937, 0.00022389499645214528, 0.00034651951864361763, 0.00013488919648807496, 0.00011533717042766511, 0.0006663950625807047, 0.0003040019073523581, 5.6466298701707274e-05, 0.00012167453678557649, 5.676274304278195e-05, 5.6919121561804786e-05, 7.305886538233608e-05, 4.9863665481097996e-05, 6.657671474386007e-05, 4.2309249693062156e-05, 2.26376396312844e-05, 1.6986592527246103e-05, 9.07470803213073e-06, 9.930266969604418e-06, 7.132611699489644e-06, 7.045861366350437e-06, 1.3914912415202707e-05, 4.32293199992273e-05, 2.4177183149731718e-05, 2.7210775442654267e-05, 1.4169976566336118e-05, 1.035946115734987e-05, 8.411205271841027e-06, 3.665538770292187e-06, 2.3351112758973613e-06, 1.6689775748091051e-06, 1.1716938388417475e-06, 1.3611896747534047e-06, 1.8172889895140543e-06, 2.799606136250077e-06, 3.229932190151885e-06, 3.68325891031418e-06, 5.48907155462075e-06, 3.1560157367493957e-06, 3.7377822081907652e-06, 5.2884602155245375e-06, 6.216666861291742e-06, 3.100704816461075e-06, 2.9561927021859447e-06, 2.8228419068909716e-06, 2.1102241589687765e-06, 1.3663737945535104e-06, 1.682009042269783e-06, 2.1528796878556022e-06, 2.025898538704496e-06, 3.7247959880915005e-06, 4.223660653224215e-06, 1.9821166006295243e-06, 1.8161765638069483e-06, 1.9074038846156327e-06, 1.7807684571380378e-06, 7.898838134678954e-07, 6.645170742558548e-07, 4.121744439089525e-07, 5.409793857324985e-07, 3.696795829455368e-07, 2.867076034362981e-07, 2.652612351994321e-07, 2.2042652858544898e-07, 1.6944251512995834e-07, 1.2566056284413207e-07, 9.89892043889995e-08, 7.290680059668375e-08, 5.6347019494751294e-08, 8.47847658747014e-09, 1.1076278783050952e-09, 1.830803043889606e-11, 1.5918915491353047e-11, 1.1418197984336409e-11, 1.002537549504856e-11, 9.817510519816164e-12, 9.609145944222686e-12, 9.446715111549597e-12, 9.30886097372241e-12, 9.197463970989084e-12, 9.117536586833452e-12, 9.0683181450113e-12], "lowlevel.mfcc.mean": [-794.3613891601562, 151.24380493164062, -43.83842849731445, 17.03707504272461, 58.288936614990234, 25.337461471557617, 7.8842267990112305, 23.591659545898438, 5.8470354080200195, 7.964031219482422, -1.1345547437667847, -2.937312126159668, -0.06637758016586304], "lowlevel.spectral_contrast_coeffs.mean": [-0.6661099791526794, -0.8211627006530762, -0.7689312100410461, -0.7661623358726501, -0.7189818620681763, -0.800014317035675], "lowlevel.spectral_contrast_coeffs.stdev": [0.10099978744983673, 0.08975423872470856, 0.07648036628961563, 0.07246452569961548, 0.08205597847700119, 0.06887578219175339], "lowlevel.spectral_contrast_valleys.mean": [-8.10496997833252, -8.745009422302246, -8.569626808166504, -7.960911273956299, -9.4243745803833, -12.717991828918457], "lowlevel.spectral_contrast_valleys.stdev": [1.4156454801559448, 1.3323135375976562, 1.0129224061965942, 1.0327306985855103, 1.7053097486495972, 2.138327121734619], "rhythm.beats_loudness_band_ratio.mean": [0.7661446928977966, 0.047025758773088455, 0.03349762037396431, 0.07212632894515991, 0.07964422553777695, 0.017789557576179504], "rhythm.beats_loudness_band_ratio.stdev": [0.286490797996521, 0.09179535508155823, 0.07126112282276154, 0.13809385895729065, 0.13007408380508423, 0.026131756603717804], "tonal.hpcp.mean": [0.06617283076047897, 0.09620346128940582, 0.2187795788049698, 0.3224681615829468, 0.2580656409263611, 0.15649546682834625, 0.11000941693782806, 0.08433984965085983, 0.06620336323976517, 0.08325938135385513, 0.13311775028705597, 0.12798790633678436, 0.07939008623361588, 0.05889001116156578, 0.04929611459374428, 0.05855526030063629, 0.08042268455028534, 0.09870303422212601, 0.11601018905639648, 0.09086557477712631, 0.054885540157556534, 0.04767298698425293, 0.04733983799815178, 0.07939229160547256, 0.10925101488828659, 0.12421169877052307, 0.11127521097660065, 0.07976393401622772, 0.07852962613105774, 0.08868998289108276, 0.1298990249633789, 0.13214194774627686, 0.12356696277856827, 0.15391357243061066, 0.11801160871982574, 0.06667191535234451], "tonal.hpcp.stdev": [0.1682780385017395, 0.20291052758693695, 0.31292247772216797, 0.40229055285453796, 0.31698980927467346, 0.2732219398021698, 0.2351648509502411, 0.19753941893577576, 0.16260160505771637, 0.18420317769050598, 0.24865907430648804, 0.25124332308769226, 0.17634372413158417, 0.15621788799762726, 0.14332066476345062, 0.14270466566085815, 0.1632872223854065, 0.20443525910377502, 0.26612168550491333, 0.21684256196022034, 0.1472128927707672, 0.13188683986663818, 0.12044916301965714, 0.17417766153812408, 0.22884327173233032, 0.22181563079357147, 0.2121065855026245, 0.18617524206638336, 0.18238027393817902, 0.19208845496177673, 0.2543521225452423, 0.26460757851600647, 0.23096483945846558, 0.3004208505153656, 0.2518208622932434, 0.1687990128993988], "rhythm.beats_position": [0.6965986490249634, 1.3931972980499268, 2.078185796737671, 2.763174533843994, 3.4481632709503174, 4.133152008056641, 4.806530475616455, 5.491518974304199, 6.176507949829102, 6.873106479644775, 7.54648494720459, 8.219863891601562, 8.904852867126465, 9.58984088897705, 10.263219833374023, 10.936598777770996, 11.621586799621582, 12.318185806274414, 12.991564750671387, 13.676552772521973, 14.349931716918945, 15.034920692443848, 15.708298683166504, 16.393287658691406, 17.066665649414062, 17.76326560974121, 18.448253631591797, 19.133241653442383, 19.806621551513672, 20.479999542236328, 21.153377532958984, 21.849977493286133, 22.52335548400879, 23.219953536987305, 23.904943466186523, 24.58993148803711, 25.263309478759766, 25.936689376831055, 26.61006736755371, 27.295055389404297, 27.980045318603516, 28.6650333404541, 29.350021362304688, 30.035011291503906, 30.719999313354492, 31.39337730407715, 32.06675720214844, 32.76335525512695, 33.43673324584961, 34.12172317504883, 34.80671310424805, 35.4800910949707, 36.165077209472656, 36.850067138671875, 37.52344512939453, 38.20843505859375, 38.89342498779297, 39.590023040771484], "rhythm.bpm_histogram": [0.0, 0.0, 0.0, 0.0, 0.0, 0.0, 0.0, 0.0, 0.0, 0.0, 0.0, 0.0, 0.0, 0.0, 0.0, 0.0, 0.0, 0.0, 0.0, 0.0, 0.0, 0.0, 0.0, 0.0, 0.0, 0.0, 0.0, 0.0, 0.0, 0.0, 0.0, 0.0, 0.0, 0.0, 0.0, 0.0, 0.0, 0.0, 0.0, 0.0, 0.0, 0.0, 0.0, 0.0, 0.0, 0.0, 0.0, 0.0, 0.0, 0.0, 0.0, 0.0, 0.0, 0.0, 0.0, 0.0, 0.0, 0.0, 0.0, 0.0, 0.0, 0.0, 0.0, 0.0, 0.0, 0.0, 0.0, 0.0, 0.0, 0.0, 0.0, 0.0, 0.0, 0.0, 0.0, 0.0, 0.0, 0.0, 0.0, 0.0, 0.0, 0.0, 0.0, 0.0, 0.0, 0.0, 0.14035087823867798, 0.0, 0.4912280738353729, 0.3684210479259491, 0.0, 0.0, 0.0, 0.0, 0.0, 0.0, 0.0, 0.0, 0.0, 0.0, 0.0, 0.0, 0.0, 0.0, 0.0, 0.0, 0.0, 0.0, 0.0, 0.0, 0.0, 0.0, 0.0, 0.0, 0.0, 0.0, 0.0, 0.0, 0.0, 0.0, 0.0, 0.0, 0.0, 0.0, 0.0, 0.0, 0.0, 0.0, 0.0, 0.0, 0.0, 0.0, 0.0, 0.0, 0.0, 0.0, 0.0, 0.0, 0.0, 0.0, 0.0, 0.0, 0.0, 0.0, 0.0, 0.0, 0.0, 0.0, 0.0, 0.0, 0.0, 0.0, 0.0, 0.0, 0.0, 0.0, 0.0, 0.0, 0.0, 0.0, 0.0, 0.0, 0.0, 0.0, 0.0, 0.0, 0.0, 0.0, 0.0, 0.0, 0.0, 0.0, 0.0, 0.0, 0.0, 0.0, 0.0, 0.0, 0.0, 0.0, 0.0, 0.0, 0.0, 0.0, 0.0, 0.0, 0.0, 0.0, 0.0, 0.0, 0.0, 0.0, 0.0, 0.0, 0.0, 0.0, 0.0, 0.0, 0.0, 0.0, 0.0, 0.0, 0.0, 0.0, 0.0, 0.0, 0.0, 0.0, 0.0, 0.0, 0.0, 0.0, 0.0, 0.0, 0.0, 0.0, 0.0, 0.0, 0.0, 0.0, 0.0, 0.0, 0.0, 0.0, 0.0, 0.0, 0.0, 0.0, 0.0, 0.0, 0.0, 0.0, 0.0, 0.0, 0.0, 0.0, 0.0, 0.0, 0.0, 0.0, 0.0, 0.0, 0.0, 0.0, 0.0, 0.0, 0.0, 0.0, 0.0, 0.0], "tonal.chords_histogram": [3.3564815521240234, 0.23148147761821747, 20.023147583007812, 1.3888888359069824, 2.5462963581085205, 1.0416666269302368, 1.1574074029922485, 0.0, 0.0, 0.0, 0.0, 3.125, 0.0, 1.5046296119689941, 0.0, 0.0, 7.291666507720947, 5.3240742683410645, 8.796296119689941, 1.6203703880310059, 0.5787037014961243, 8.796296119689941, 17.939815521240234, 15.277777671813965], "tonal.thpcp": [1.0, 0.8002825379371643, 0.48530516028404236, 0.34114813804626465, 0.26154473423957825, 0.20530201494693756, 0.25819411873817444, 0.41280898451805115, 0.3969009220600128, 0.24619512259960175, 0.18262271583080292, 0.1528712660074234, 0.18158462643623352, 0.24939729273319244, 0.30608615279197693, 0.35975703597068787, 0.28178152441978455, 0.1702045202255249, 0.1478378176689148, 0.14680469036102295, 0.24620194733142853, 0.3387962877750397, 0.38519057631492615, 0.34507349133491516, 0.2473544478416443, 0.24352675676345825, 0.2750348448753357, 0.4028274416923523, 0.40978291630744934, 0.38319119811058044, 0.4772984981536865, 0.3659636080265045, 0.20675502717494965, 0.20520733296871185, 0.2983347475528717, 0.678453266620636], "lowlevel.gfcc.cov": [[18090.001953125, -4285.1943359375, 1002.2000122070312, 1292.0782470703125, -5169.50244140625, 449.81982421875, -760.3489379882812, 1110.20556640625, -20.493824005126953, 1334.5556640625, -859.2247924804688, -114.0357666015625, -7.511507034301758], [-4285.1943359375, 3622.33740234375, 677.6536865234375, -165.93597412109375, 2358.7763671875, -470.4326477050781, 843.8443603515625, -297.1322326660156, 490.24102783203125, -549.7503051757812, 351.4540710449219, -157.60887145996094, 276.17620849609375], [1002.2000122070312, 677.6536865234375, 2831.09130859375, 917.9041748046875, 239.09141540527344, 447.9471435546875, 656.83349609375, 460.782958984375, 347.3130798339844, 233.04530334472656, 7.971878528594971, 68.90711212158203, 166.3476104736328], [1292.0782470703125, -165.93597412109375, 917.9041748046875, 726.1578369140625, -159.87782287597656, 275.20587158203125, 234.2906494140625, 277.2994079589844, 173.35765075683594, 167.34881591796875, -26.486482620239258, 24.375391006469727, 78.83613586425781], [-5169.50244140625, 2358.7763671875, 239.09141540527344, -159.87782287597656, 3141.436767578125, 72.6289291381836, 412.2648620605469, -389.16082763671875, 303.1987609863281, -414.0357971191406, 379.32647705078125, -76.56298828125, 0.653279185295105], [449.81982421875, -470.4326477050781, 447.9471435546875, 275.20587158203125, 72.6289291381836, 646.4380493164062, 163.0326385498047, 180.84188842773438, 80.2803955078125, 174.52403259277344, -2.7051339149475098, 52.69425582885742, -15.744599342346191], [-760.3489379882812, 843.8443603515625, 656.83349609375, 234.2906494140625, 412.2648620605469, 163.0326385498047, 759.6483764648438, 250.16537475585938, 302.6207275390625, -31.995582580566406, 83.70947265625, 0.5253446102142334, 165.3710479736328], [1110.20556640625, -297.1322326660156, 460.782958984375, 277.2994079589844, -389.16082763671875, 180.84188842773438, 250.16537475585938, 519.2960205078125, 147.1223907470703, 222.98492431640625, 2.9862422943115234, 52.326786041259766, 47.72707748413086], [-20.493824005126953, 490.24102783203125, 347.3130798339844, 173.35765075683594, 303.1987609863281, 80.2803955078125, 302.6207275390625, 147.1223907470703, 357.1575012207031, 52.39262390136719, 54.50031280517578, -11.008626937866211, 131.60943603515625], [1334.5556640625, -549.7503051757812, 233.04530334472656, 167.34881591796875, -414.0357971191406, 174.52403259277344, -31.995582580566406, 222.98492431640625, 52.39262390136719, 302.0117492675781, 5.335862636566162, 55.58806610107422, -32.078956604003906], [-859.2247924804688, 351.4540710449219, 7.971878528594971, -26.486482620239258, 379.32647705078125, -2.7051339149475098, 83.70947265625, 2.9862422943115234, 54.50031280517578, 5.335862636566162, 222.91685485839844, 30.85755729675293, -38.27462387084961], [-114.0357666015625, -157.60887145996094, 68.90711212158203, 24.375391006469727, -76.56298828125, 52.69425582885742, 0.5253446102142334, 52.326786041259766, -11.008626937866211, 55.58806610107422, 30.85755729675293, 132.03822326660156, 21.145885467529297], [-7.511507034301758, 276.17620849609375, 166.3476104736328, 78.83613586425781, 0.653279185295105, -15.744599342346191, 165.3710479736328, 47.72707748413086, 131.60943603515625, -32.078956604003906, -38.27462387084961, 21.145885467529297, 203.1155548095703]], "lowlevel.gfcc.icov": [[0.00018777903460431844, -0.00010646808368619531, 1.6230584151344374e-05, -0.00020772310381289572, 0.00025259843096137047, -7.465753151336685e-05, 0.00022014189744368196, -4.5528820919571444e-05, -0.00010990164446411654, -0.0005252733244560659, 0.00035065654083155096, 0.00037901406176388264, 5.877711737412028e-05], [-0.00010646808368619531, 0.0022342298179864883, -0.0006825834861956537, 0.0008132965886034071, -0.001043198280967772, 0.0016948720440268517, -0.0013819887535646558, 0.0005993758095428348, -0.0007285790634341538, 0.0013831789838150144, -0.0017872080206871033, 0.0012758910888805985, -0.0014584633754566312], [1.6230584151344374e-05, -0.0006825834861956537, 0.0009300794918090105, -0.0009763200650922954, 0.00014782628568354994, -0.00046246705460362136, -1.7914804629981518e-05, -0.00019648976740427315, 0.000406992417993024, -0.0008022046531550586, 0.0008190559456124902, -0.0006416711257770658, 0.0004011036944575608], [-0.00020772310381289572, 0.0008132965886034071, -0.0009763200650922954, 0.003304861020296812, -0.0003794687509071082, -1.5647673308194499e-06, -0.00041304147453047335, -0.00022349963546730578, -0.0006759264506399632, 0.0008750390261411667, -0.000921779777854681, 0.000489251222461462, -0.0008552268263883889], [0.00025259843096137047, -0.001043198280967772, 0.00014782628568354994, -0.0003794687509071082, 0.0014822371304035187, -0.0011794448364526033, 0.0008248980157077312, 0.0001480398786952719, -0.0006987105589359999, 1.8191103663411923e-05, 8.813305612420663e-05, -3.293792542535812e-05, 0.0011270504910498857], [-7.465753151336685e-05, 0.0016948720440268517, -0.00046246705460362136, -1.5647673308194499e-06, -0.0011794448364526033, 0.003735150210559368, -0.0017215257976204157, 0.0005184732144698501, -0.00018220733909402043, -0.0006118612363934517, -0.0002909194736275822, 0.00020304234931245446, -0.00040933454874902964], [0.00022014189744368196, -0.0013819887535646558, -1.7914804629981518e-05, -0.00041304147453047335, 0.0008248980157077312, -0.0017215257976204157, 0.00427657226100564, -0.0019390934612601995, -0.0010846925433725119, 0.0009138535824604332, 0.00016971315199043602, 6.453644164139405e-05, -0.0002276865125168115], [-4.5528820919571444e-05, 0.0005993758095428348, -0.00019648976740427315, -0.00022349963546730578, 0.0001480398786952719, 0.0005184732144698501, -0.0019390934612601995, 0.004568662028759718, -0.0006785047007724643, -0.001931026577949524, -0.0004639627586584538, -0.0002469993778504431, 4.89125850435812e-05], [-0.00010990164446411654, -0.0007285790634341538, 0.000406992417993024, -0.0006759264506399632, -0.0006987105589359999, -0.00018220733909402043, -0.0010846925433725119, -0.0006785047007724643, 0.0074586221016943455, -0.003197334473952651, -0.0003439864667598158, 0.001515690702944994, -0.0036141271702945232], [-0.0005252733244560659, 0.0013831789838150144, -0.0008022046531550586, 0.0008750390261411667, 1.8191103663411923e-05, -0.0006118612363934517, 0.0009138535824604332, -0.001931026577949524, -0.003197334473952651, 0.011332218535244465, -0.0033783395774662495, -0.0020196104887872934, 0.0015145677607506514], [0.00035065654083155096, -0.0017872080206871033, 0.0008190559456124902, -0.000921779777854681, 8.813305612420663e-05, -0.0002909194736275822, 0.00016971315199043602, -0.0004639627586584538, -0.0003439864667598158, -0.0033783395774662495, 0.009585735388100147, -0.0032097897492349148, 0.00390783604234457], [0.00037901406176388264, 0.0012758910888805985, -0.0006416711257770658, 0.000489251222461462, -3.293792542535812e-05, 0.00020304234931245446, 6.453644164139405e-05, -0.0002469993778504431, 0.001515690702944994, -0.0020196104887872934, -0.0032097897492349148, 0.012118391692638397, -0.0045313783921301365], [5.877711737412028e-05, -0.0014584633754566312, 0.0004011036944575608, -0.0008552268263883889, 0.0011270504910498857, -0.00040933454874902964, -0.0002276865125168115, 4.89125850435812e-05, -0.0036141271702945232, 0.0015145677607506514, 0.00390783604234457, -0.0045313783921301365, 0.01083965040743351]], "lowlevel.mfcc.cov": [[16974.193359375, -4478.23779296875, 2073.635009765625, -15.02558422088623, -3204.45068359375, -1302.3125, -1061.989990234375, -895.8135986328125, -78.01513671875, 1113.4251708984375, -540.3369750976562, -136.2606658935547, 865.3157958984375], [-4478.23779296875, 3696.626953125, -432.3267822265625, 660.832763671875, 1308.0064697265625, 478.1336975097656, 365.4459533691406, 430.1578674316406, 306.5464172363281, -24.001689910888672, 110.17265319824219, 39.79230499267578, -122.18966674804688], [2073.635009765625, -432.3267822265625, 2324.237548828125, 720.0750122070312, -678.447265625, 26.00343132019043, 196.19107055664062, 201.32736206054688, 395.56005859375, 392.11676025390625, 71.25282287597656, 97.58606719970703, 330.91949462890625], [-15.02558422088623, 660.832763671875, 720.0750122070312, 771.6720581054688, 165.8720703125, 137.45472717285156, 154.7327880859375, 207.6349639892578, 277.0557556152344, 227.1077423095703, 4.854670524597168, 70.86878967285156, 149.01390075683594], [-3204.45068359375, 1308.0064697265625, -678.447265625, 165.8720703125, 1531.895751953125, 574.74951171875, 240.9275360107422, 175.92286682128906, 15.079719543457031, -212.92637634277344, 245.96649169921875, 139.06536865234375, -228.6990203857422], [-1302.3125, 478.1336975097656, 26.00343132019043, 137.45472717285156, 574.74951171875, 671.0552978515625, 218.86659240722656, 179.11764526367188, 173.3485107421875, 14.774755477905273, 125.50828552246094, 59.688053131103516, -75.65132904052734], [-1061.989990234375, 365.4459533691406, 196.19107055664062, 154.7327880859375, 240.9275360107422, 218.86659240722656, 392.8955383300781, 256.7795104980469, 145.41758728027344, 39.78289031982422, 186.78201293945312, 86.17105102539062, 12.367887496948242], [-895.8135986328125, 430.1578674316406, 201.32736206054688, 207.6349639892578, 175.92286682128906, 179.11764526367188, 256.7795104980469, 338.17816162109375, 225.09445190429688, 117.18338775634766, 106.42403411865234, 62.168739318847656, 72.8899917602539], [-78.01513671875, 306.5464172363281, 395.56005859375, 277.0557556152344, 15.079719543457031, 173.3485107421875, 145.41758728027344, 225.09445190429688, 377.7649230957031, 248.3629913330078, 17.818235397338867, 20.77158546447754, 113.61991882324219], [1113.4251708984375, -24.001689910888672, 392.11676025390625, 227.1077423095703, -212.92637634277344, 14.774755477905273, 39.78289031982422, 117.18338775634766, 248.3629913330078, 403.7791442871094, -1.162540316581726, 44.350685119628906, 203.35804748535156], [-540.3369750976562, 110.17265319824219, 71.25282287597656, 4.854670524597168, 245.96649169921875, 125.50828552246094, 186.78201293945312, 106.42403411865234, 17.818235397338867, -1.162540316581726, 304.5361328125, 139.38662719726562, 2.8908212184906006], [-136.2606658935547, 39.79230499267578, 97.58606719970703, 70.86878967285156, 139.06536865234375, 59.688053131103516, 86.17105102539062, 62.168739318847656, 20.77158546447754, 44.350685119628906, 139.38662719726562, 170.80670166015625, 76.5810775756836], [865.3157958984375, -122.18966674804688, 330.91949462890625, 149.01390075683594, -228.6990203857422, -75.65132904052734, 12.367887496948242, 72.8899917602539, 113.61991882324219, 203.35804748535156, 2.8908212184906006, 76.5810775756836, 245.91319274902344]], "lowlevel.mfcc.icov": [[0.00018786700093187392, 0.00011953550711041316, -4.461334174266085e-05, -9.900794248096645e-05, 0.0001144396374002099, 6.984097581153037e-06, 0.0001584901474416256, 0.000362936727469787, 0.00014807004481554031, -0.000473761378088966, -0.00010128382564289495, 0.00016520007920917124, -0.00021549990924540907], [0.00011953550711041316, 0.0006133323186077178, 0.0001492196461185813, -0.0005356054753065109, -0.0002646180510055274, 0.0001342207397101447, 1.8741557141765952e-05, -6.152792775537819e-05, -0.00012893372331745923, -0.00018184383225161582, -5.328446059138514e-05, 0.00042240420589223504, -0.00010058971383841708], [-4.461334174266085e-05, 0.0001492196461185813, 0.001154623576439917, -0.0011933626374229789, 0.0007227584719657898, -0.000326526933349669, -0.00025137863121926785, 0.00024308079446200281, -0.0006450015353038907, 0.0005306312232278287, -0.0006832130020484328, -8.609938231529668e-05, -0.00019313216034788638], [-9.900794248096645e-05, -0.0005356054753065109, -0.0011933626374229789, 0.003605049569159746, -0.0010715293465182185, 0.00043696106877177954, -0.00037903868360444903, -0.00035623213625513017, -0.0003025962505489588, -0.000595712976064533, 0.0016025083605200052, -0.000657549244351685, -0.00041546349530108273], [0.0001144396374002099, -0.0002646180510055274, 0.0007227584719657898, -0.0010715293465182185, 0.002450628438964486, -0.0012549631064757705, 0.00044055667240172625, 7.744543108856305e-05, 5.349489219952375e-05, 0.0004232377395965159, -0.0009713246254250407, -0.001426653121598065, 0.0010714208474382758], [6.984097581153037e-06, 0.0001342207397101447, -0.000326526933349669, 0.00043696106877177954, -0.0012549631064757705, 0.002994684036821127, -0.0007293719099834561, 2.915742516051978e-05, -0.0012020185822620988, -0.00032885713153518736, 0.0003841208526864648, -0.00016056420281529427, 0.000871734693646431], [0.0001584901474416256, 1.8741557141765952e-05, -0.00025137863121926785, -0.00037903868360444903, 0.00044055667240172625, -0.0007293719099834561, 0.007176293060183525, -0.004133106209337711, 0.00037526770029217005, 0.00010891921556321904, -0.002664700848981738, -8.316690218634903e-05, 0.000862833927385509], [0.000362936727469787, -6.152792775537819e-05, 0.00024308079446200281, -0.00035623213625513017, 7.744543108856305e-05, 2.915742516051978e-05, -0.004133106209337711, 0.010096008889377117, -0.0034106795210391283, -0.00019212027837056667, -0.0005761429201811552, 0.0007582552498206496, -0.002617201767861843], [0.00014807004481554031, -0.00012893372331745923, -0.0006450015353038907, -0.0003025962505489588, 5.349489219952375e-05, -0.0012020185822620988, 0.00037526770029217005, -0.0034106795210391283, 0.00871204026043415, -0.004149874206632376, 0.0006533994455821812, 0.0015282102394849062, 6.11764844506979e-05], [-0.000473761378088966, -0.00018184383225161582, 0.0005306312232278287, -0.000595712976064533, 0.0004232377395965159, -0.00032885713153518736, 0.00010891921556321904, -0.00019212027837056667, -0.004149874206632376, 0.007970267906785011, -0.0006672631716355681, -0.0002760420320555568, -0.003012290922924876], [-0.00010128382564289495, -5.328446059138514e-05, -0.0006832130020484328, 0.0016025083605200052, -0.0009713246254250407, 0.0003841208526864648, -0.002664700848981738, -0.0005761429201811552, 0.0006533994455821812, -0.0006672631716355681, 0.008143444545567036, -0.005419102497398853, 0.0016396347200497985], [0.00016520007920917124, 0.00042240420589223504, -8.609938231529668e-05, -0.000657549244351685, -0.001426653121598065, -0.00016056420281529427, -8.316690218634903e-05, 0.000