{"song_id": "1183694831629897728", "download": "https://cdn.discordapp.com/attachments/1135903449314238464/1183694831629897728/chirp.mp4?ex=658944b7&amp", "lyrics": "[Verse]\nLyney and Hutao, we're taking to the sky\nGenshin Impact heroes, ready to fly high\nJumping out the plane, feeling the adrenaline rush\nSkydiving through the clouds, leaving the world hush\n\n[Chorus]\nWe're skydiving, feeling so alive\nLyney and Hutao, taking the dive\nNo limits, no fears, we're reaching new heights\nGenshin Impact crew, igniting the skies at night", "style": ["Hip hop"], "essentia_features": {"lowlevel.average_loudness": 0.976780891418457, "lowlevel.barkbands_crest.mean": 12.888747215270996, "lowlevel.barkbands_crest.stdev": 5.57499361038208, "lowlevel.barkbands_flatness_db.mean": 0.14389654994010925, "lowlevel.barkbands_flatness_db.stdev": 0.05828516557812691, "lowlevel.barkbands_kurtosis.mean": 10.691823959350586, "lowlevel.barkbands_kurtosis.stdev": 29.236207962036133, "lowlevel.barkbands_skewness.mean": 1.894241452217102, "lowlevel.barkbands_skewness.stdev": 2.4841456413269043, "lowlevel.barkbands_spread.mean": 31.709985733032227, "lowlevel.barkbands_spread.stdev": 23.90045166015625, "lowlevel.dissonance.mean": 0.4689106345176697, "lowlevel.dissonance.stdev": 0.031664736568927765, "lowlevel.dynamic_complexity": 2.778337240219116, "lowlevel.erbbands_crest.mean": 9.704886436462402, "lowlevel.erbbands_crest.stdev": 4.4734296798706055, "lowlevel.erbbands_flatness_db.mean": 0.14011958241462708, "lowlevel.erbbands_flatness_db.stdev": 0.04655070975422859, "lowlevel.erbbands_kurtosis.mean": 1.6844830513000488, "lowlevel.erbbands_kurtosis.stdev": 5.646546363830566, "lowlevel.erbbands_skewness.mean": -0.11131924390792847, "lowlevel.erbbands_skewness.stdev": 1.3327170610427856, "lowlevel.erbbands_spread.mean": 54.55314254760742, "lowlevel.erbbands_spread.stdev": 30.09650993347168, "lowlevel.hfc.mean": 29.14546775817871, "lowlevel.hfc.stdev": 29.251323699951172, "lowlevel.loudness_ebu128.integrated": -15.056925773620605, "lowlevel.loudness_ebu128.loudness_range": 0.8862247467041016, "lowlevel.loudness_ebu128.momentary.mean": -15.32369613647461, "lowlevel.loudness_ebu128.momentary.stdev": 1.5850436687469482, "lowlevel.loudness_ebu128.short_term.mean": -15.06321907043457, "lowlevel.loudness_ebu128.short_term.stdev": 0.26514965295791626, "lowlevel.melbands_crest.mean": 17.891067504882812, "lowlevel.melbands_crest.stdev": 6.677968978881836, "lowlevel.melbands_flatness_db.mean": 0.20358528196811676, "lowlevel.melbands_flatness_db.stdev": 0.08360939472913742, "lowlevel.melbands_kurtosis.mean": 39.24748611450195, "lowlevel.melbands_kurtosis.stdev": 71.30506134033203, "lowlevel.melbands_skewness.mean": 4.112719535827637, "lowlevel.melbands_skewness.stdev": 3.5054118633270264, "lowlevel.melbands_spread.mean": 38.39421463012695, "lowlevel.melbands_spread.stdev": 49.46516799926758, "lowlevel.pitch_salience.mean": 0.4732482433319092, "lowlevel.pitch_salience.stdev": 0.15902037918567657, "lowlevel.silence_rate_20dB.mean": 1.0, "lowlevel.silence_rate_20dB.stdev": 0.0, "lowlevel.silence_rate_30dB.mean": 0.8739224076271057, "lowlevel.silence_rate_30dB.stdev": 0.331935316324234, "lowlevel.silence_rate_60dB.mean": 0.07004310190677643, "lowlevel.silence_rate_60dB.stdev": 0.25521913170814514, "lowlevel.spectral_centroid.mean": 1844.362060546875, "lowlevel.spectral_centroid.stdev": 1249.085693359375, "lowlevel.spectral_complexity.mean": 13.066810607910156, "lowlevel.spectral_complexity.stdev": 10.786726951599121, "lowlevel.spectral_decrease.mean": -9.291489355689464e-09, "lowlevel.spectral_decrease.stdev": 1.3995116177056843e-08, "lowlevel.spectral_energy.mean": 0.03771185129880905, "lowlevel.spectral_energy.stdev": 0.05383383855223656, "lowlevel.spectral_energyband_high.mean": 0.002162930788472295, "lowlevel.spectral_energyband_high.stdev": 0.003403971204534173, "lowlevel.spectral_energyband_low.mean": 0.021922150626778603, "lowlevel.spectral_energyband_low.stdev": 0.04877433925867081, "lowlevel.spectral_energyband_middle_high.mean": 0.004102086648344994, "lowlevel.spectral_energyband_middle_high.stdev": 0.005279631353914738, "lowlevel.spectral_energyband_middle_low.mean": 0.010625672526657581, "lowlevel.spectral_energyband_middle_low.stdev": 0.020259464159607887, "lowlevel.spectral_entropy.mean": 7.795875072479248, "lowlevel.spectral_entropy.stdev": 0.4978640377521515, "lowlevel.spectral_flux.mean": 0.11593427509069443, "lowlevel.spectral_flux.stdev": 0.0882018655538559, "lowlevel.spectral_kurtosis.mean": 2.416806936264038, "lowlevel.spectral_kurtosis.stdev": 1.9319819211959839, "lowlevel.spectral_rms.mean": 0.005009571556001902, "lowlevel.spectral_rms.stdev": 0.003419979475438595, "lowlevel.spectral_rolloff.mean": 2771.31103515625, "lowlevel.spectral_rolloff.stdev": 3296.307373046875, "lowlevel.spectral_skewness.mean": 1.2393826246261597, "lowlevel.spectral_skewness.stdev": 0.5084018111228943, "lowlevel.spectral_spread.mean": 6544419.0, "lowlevel.spectral_spread.stdev": 2255805.0, "lowlevel.spectral_strongpeak.mean": 0.9297094941139221, "lowlevel.spectral_strongpeak.stdev": 1.160495638847351, "lowlevel.zerocrossingrate.mean": 0.10253169387578964, "lowlevel.zerocrossingrate.stdev": 0.08503258973360062, "metadata.audio_properties.analysis.equal_loudness": 0.0, "metadata.audio_properties.analysis.length": 21.502948760986328, "metadata.audio_properties.analysis.sample_rate": 44100.0, "metadata.audio_properties.analysis.start_time": 0.0, "metadata.audio_properties.bit_rate": 123541.0, "metadata.audio_properties.length": 21.503999710083008, "metadata.audio_properties.lossless": 0.0, "metadata.audio_properties.number_channels": 1.0, "metadata.audio_properties.replay_gain": -11.365612030029297, "metadata.audio_properties.sample_rate": 48000.0, "rhythm.beats_count": 31.0, "rhythm.beats_loudness.mean": 0.06790158152580261, "rhythm.beats_loudness.stdev": 0.032756414264440536, "rhythm.bpm": 88.09778594970703, "rhythm.bpm_histogram_first_peak_bpm": 88.0, "rhythm.bpm_histogram_first_peak_weight": 0.03333330154418945, "rhythm.bpm_histogram_second_peak_bpm": 0.0, "rhythm.bpm_histogram_second_peak_spread": 0.0, "rhythm.bpm_histogram_second_peak_weight": 0.0, "rhythm.danceability": 2.1890687942504883, "rhythm.onset_rate": 5.017445087432861, "tonal.chords_changes_rate": 0.16559140384197235, "tonal.chords_number_rate": 0.025806451216340065, "tonal.chords_strength.mean": 0.44213348627090454, "tonal.chords_strength.stdev": 0.0813976600766182, "tonal.hpcp_crest.mean": 12.918814659118652, "tonal.hpcp_crest.stdev": 6.817460060119629, "tonal.hpcp_entropy.mean": 2.182920455932617, "tonal.hpcp_entropy.stdev": 0.8501313924789429, "tonal.key_edma.strength": 0.36841270327568054, "tonal.key_krumhansl.strength": 0.3771180808544159, "tonal.key_temperley.strength": 0.3873908221721649, "tonal.tuning_diatonic_strength": 0.571617066860199, "tonal.tuning_equal_tempered_deviation": 0.24340106546878815, "tonal.tuning_frequency": 456.57025146484375, "tonal.tuning_nontempered_energy_ratio": 0.8996598124504089, "lowlevel.barkbands.mean": [0.00039591212407685816, 0.015903290361166, 0.004687389824539423, 0.002288305200636387, 0.005581874866038561, 0.0002625960041768849, 0.0008765264065004885, 0.0008444184786640108, 0.00044634068035520613, 0.0005744792870245874, 0.000623116095084697, 0.00019871321273967624, 0.0003126474330201745, 0.0004897681064903736, 0.00039152707904577255, 0.0005279117613099515, 0.0003568429674487561, 0.00017424229008611292, 0.00025008872034959495, 0.000515391759108752, 0.00014663799083791673, 0.0003350517654325813, 0.0006005703471601009, 0.0005522394785657525, 0.00022038411407265812, 0.00014358885528054088, 1.1997297406196594e-05], "lowlevel.barkbands.stdev": [0.0009771243203431368, 0.040648069232702255, 0.015032660216093063, 0.007714881561696529, 0.01331217773258686, 0.0006984670180827379, 0.0023734504356980324, 0.0029229256324470043, 0.001119117601774633, 0.0017885997658595443, 0.001765190507285297, 0.00048329413402825594, 0.0012990556424483657, 0.001611272688023746, 0.0007785673369653523, 0.0010572592727839947, 0.0005096056847833097, 0.0002976635587401688, 0.00046013249084353447, 0.0007249797345139086, 0.0004216415109112859, 0.0008989819325506687, 0.0010451111011207104, 0.0009489405201748013, 0.0003761592961382121, 0.0002602947351988405, 3.48399807990063e-05], "lowlevel.erbbands.mean": [0.5321411490440369, 3.2859253883361816, 5.642334461212158, 6.488396167755127, 16.238012313842773, 17.527198791503906, 8.071565628051758, 2.216600179672241, 7.482644081115723, 24.686969757080078, 10.008614540100098, 8.374431610107422, 23.198083877563477, 14.450521469116211, 22.674484252929688, 10.065990447998047, 14.005486488342285, 26.04348373413086, 19.689558029174805, 24.44232177734375, 26.706388473510742, 20.6668758392334, 11.338523864746094, 8.376096725463867, 21.039783477783203, 23.578575134277344, 7.292893409729004, 6.0353803634643555, 10.460424423217773, 16.96813201904297, 16.616775512695312, 13.321478843688965, 7.987236499786377, 3.1561784744262695, 1.2291340827941895, 0.5571959018707275, 0.27363914251327515, 0.057688094675540924, 0.001505905413068831, 8.605254697613418e-05], "lowlevel.erbbands.stdev": [1.4636900424957275, 8.161755561828613, 15.797751426696777, 21.508621215820312, 58.92185592651367, 29.941879272460938, 17.0793514251709, 5.205105781555176, 23.626914978027344, 71.54391479492188, 30.512771606445312, 18.771408081054688, 69.21804809570312, 36.57859802246094, 66.89337158203125, 25.537944793701172, 51.649837493896484, 88.6312255859375, 38.28504943847656, 47.69021987915039, 49.48875045776367, 28.600088119506836, 17.742477416992188, 14.383556365966797, 36.587276458740234, 33.60688400268555, 16.549686431884766, 17.59766960144043, 30.07208824157715, 33.76051712036133, 29.443601608276367, 22.707841873168945, 14.060827255249023, 5.455011367797852, 2.163588523864746, 0.9963864684104919, 0.502429187297821, 0.12172811478376389, 0.003529665293172002, 0.00010614762868499383], "lowlevel.gfcc.mean": [-7.091859340667725, 39.15739822387695, -89.54574584960938, 38.2684211730957, -54.867889404296875, 27.592670440673828, -41.79731369018555, 15.914243698120117, -20.48836326599121, -2.7223124504089355, -18.254409790039062, 0.8834758996963501, -17.52398109436035], "lowlevel.melbands.mean": [0.0046006240881979465, 0.003288934240117669, 0.0014475401258096099, 0.001229441026225686, 0.00041234897798858583, 4.814073326997459e-05, 0.00012878210691269487, 0.0002675268624443561, 6.35339820291847e-05, 6.101850522099994e-05, 0.0001159586536232382, 5.3164618293521926e-05, 8.499603427480906e-05, 2.5599376385798678e-05, 3.482017564238049e-05, 2.914660217356868e-05, 5.1067272579530254e-05, 2.981299076054711e-05, 2.9699140213779174e-05, 3.6954268580302596e-05, 2.9036295018158853e-05, 2.1733374524046667e-05, 1.5487657947232947e-05, 6.8259937506809365e-06, 6.266906893870328e-06, 1.0302662303729448e-05, 2.326401590835303e-05, 1.329784845438553e-05, 4.291519871912897e-06, 3.504761934891576e-06, 3.5061489143117797e-06, 5.155045528226765e-06, 8.030800927372184e-06, 1.0126046618097462e-05, 9.5043733381317e-06, 9.153122846328188e-06, 7.970329534146003e-06, 6.377336376317544e-06, 3.550795554474462e-06, 2.2985793748375727e-06], "lowlevel.melbands.stdev": [0.012265185825526714, 0.0076574357226490974, 0.0043150754645466805, 0.0031511285342276096, 0.0007801275351084769, 0.0001255247334484011, 0.0003786617307923734, 0.0007987399585545063, 0.00019712319772224873, 0.00014806987019255757, 0.00034742726711556315, 0.0001460003259126097, 0.0002451989857945591, 5.911677362746559e-05, 0.00015532970428466797, 8.78793143783696e-05, 0.00018511578673496842, 6.650928844464943e-05, 6.064038461772725e-05, 7.91176498751156e-05, 5.321044955053367e-05, 3.162615394103341e-05, 2.4333046894753352e-05, 1.249918932444416e-05, 1.1790782082243823e-05, 1.8788108718581498e-05, 3.759285027626902e-05, 2.091383248625789e-05, 9.636551112635061e-06, 1.0797943104989827e-05, 1.0809674677147996e-05, 1.5371366316685453e-05, 2.315653910045512e-05, 1.8703052774071693e-05, 1.7684691556496546e-05, 1.607176091056317e-05, 1.4225269296730403e-05, 1.143885401688749e-05, 6.4045862018247135e-06, 4.024896497867303e-06], "lowlevel.melbands128.mean": [0.0003634349559433758, 0.00406431732699275, 0.006896014790982008, 0.004782155621796846, 0.0031919211614876986, 0.0020860028453171253, 0.0011654734844341874, 0.001245959079824388, 0.001939685083925724, 0.0011112582869827747, 0.0009830697672441602, 0.0007515301113016903, 0.00021802965784445405, 5.609527579508722e-05, 3.3556159905856475e-05, 4.169861495029181e-05, 8.706637163413689e-05, 0.00012441910803318024, 0.00019207343575544655, 0.0003540834877640009, 0.0002826022682711482, 8.52253579068929e-05, 3.601788557716645e-05, 3.439669671934098e-05, 3.317555092507973e-05, 6.416831456590444e-05, 0.00014229760563466698, 0.00014731206465512514, 7.295249815797433e-05, 3.888717765221372e-05, 4.335059566074051e-05, 8.295001316582784e-05, 0.00010901341011049226, 7.81144990469329e-05, 1.971950587176252e-05, 1.281868480873527e-05, 2.4953858883236535e-05, 3.851064684567973e-05, 4.475929745240137e-05, 2.0144263544352725e-05, 2.287072129547596e-05, 4.188040838926099e-05, 6.819880218245089e-05, 4.6545654186047614e-05, 2.4789969756966457e-05, 2.862989822460804e-05, 3.376484164618887e-05, 2.6609892302076332e-05, 2.8210375603521243e-05, 3.640695285866968e-05, 3.720623135450296e-05, 4.073179661645554e-05, 3.172527067363262e-05, 2.4670333004905842e-05, 2.0045752535224892e-05, 2.3425774998031557e-05, 2.0801111531909555e-05, 1.9017994418391027e-05, 1.3702901924261823e-05, 8.210081432480365e-06, 6.368989943439374e-06, 5.6271660469064955e-06, 5.831726866745157e-06, 6.41835822534631e-06, 6.892602868902031e-06, 8.71464544616174e-06, 1.1325056220812257e-05, 2.2339989300235175e-05, 2.7117379431729205e-05, 2.497321656846907e-05, 1.3525391295843292e-05, 7.742274647171143e-06, 4.674547653849004e-06, 3.5861128253600327e-06, 3.9441029002773575e-06, 3.917920821550069e-06, 3.1201032015815144e-06, 2.6006380267062923e-06, 3.805851292781881e-06, 3.945972366636852e-06, 4.727521627501119e-06, 5.410900939750718e-06, 6.831450718891574e-06, 8.16155989014078e-06, 9.13218900677748e-06, 9.8890650406247e-06, 1.0467771062394604e-05, 1.0741188816609792e-05, 8.558709851058666e-06, 9.576533557265066e-06, 9.919386684487108e-06, 9.205049536831211e-06, 7.610850843775552e-06, 7.80384743848117e-06, 8.36210347188171e-06, 7.639282557647675e-06, 6.054171990399482e-06, 4.39843370259041e-06, 3.4880413295468315e-06, 3.2588845897407737e-06, 2.7029227567254566e-06, 2.1329187802621163e-06, 1.8067690916723222e-06, 1.5885578932284261e-06, 1.3695259895030176e-06, 1.0818082500918536e-06, 1.0538250307945418e-06, 9.994844276661752e-07, 8.700831699570699e-07, 9.057371244125534e-07, 1.0094611297972733e-06, 9.062944741344836e-07, 9.199731607623107e-07, 8.347803372998897e-07, 7.150094916141825e-07, 7.211810384433193e-07, 3.8798927448624454e-07, 1.4348897536820004e-07, 2.2966917256894703e-08, 1.873969035504075e-11, 9.441020014377965e-12, 7.730943489547837e-12, 6.9730675227031025e-12, 6.554101011913005e-12, 5.9044635500327125e-12, 5.169315930170226e-12, 4.823036501427902e-12, 4.7528396149298935e-12], "lowlevel.melbands128.stdev": [0.0009243115782737732, 0.011278610676527023, 0.019569814205169678, 0.011629595421254635, 0.008531294763088226, 0.0070204585790634155, 0.004628878086805344, 0.004285829607397318, 0.007866126485168934, 0.0030615616124123335, 0.0016969948774203658, 0.0015226984396576881, 0.0006049058283679187, 0.0001705670147202909, 0.00010601537360344082, 0.000132871835376136, 0.00039515469688922167, 0.0004968940047547221, 0.0007091217557899654, 0.0011229231022298336, 0.0010865450603887439, 0.0003721287939697504, 0.00016081923968158662, 0.00013569285511039197, 0.00011063770216424018, 0.0002322971122339368, 0.00045792595483362675, 0.0005907731247134507, 0.00027780624805018306, 0.0001707726187305525, 0.0001787599758245051, 0.0003238063945900649, 0.00037547314423136413, 0.00030608847737312317, 5.578020864049904e-05, 3.132634446956217e-05, 8.91789240995422e-05, 0.00017184657917823642, 0.0003287630097474903, 6.177490286063403e-05, 0.00010440781625220552, 0.0001799937745090574, 0.00031435693381354213, 0.00022888217063155025, 9.488336945651099e-05, 8.342872752109542e-05, 9.743783448357135e-05, 7.31034015188925e-05, 8.192204404622316e-05, 0.00010217318049399182, 9.924631012836471e-05, 0.00012346416770014912, 7.253910007420927e-05, 5.521825369214639e-05, 4.007322058896534e-05, 4.501629518927075e-05, 3.8779671740485355e-05, 3.98901647713501e-05, 2.7488162231747992e-05, 1.72220534295775e-05, 1.4165327229420654e-05, 1.1897413969563786e-05, 1.2456940567062702e-05, 1.3919913726567756e-05, 1.551371497043874e-05, 1.716030055831652e-05, 2.252250851597637e-05, 6.676735210930929e-05, 4.6263310650829226e-05, 4.174116111244075e-05, 2.8346550607238896e-05, 1.5890947906882502e-05, 9.909452273859642e-06, 9.280531230615452e-06, 1.3310559552337509e-05, 1.3037194548815023e-05, 1.0254512744722888e-05, 7.571425612695748e-06, 1.3592049981525633e-05, 1.30028120111092e-05, 1.637404966459144e-05, 1.5598221580148675e-05, 2.4827217202982865e-05, 2.9888778954045847e-05, 2.0048473743372597e-05, 1.9279324988019653e-05, 1.9473769498290494e-05, 2.3782029529684223e-05, 1.7245109120267443e-05, 1.8373291823081672e-05, 1.916574728966225e-05, 1.714691643428523e-05, 1.3681096788786817e-05, 1.5484312825719826e-05, 1.658805922488682e-05, 1.3757327906205319e-05, 1.1944525795115624e-05, 8.706509106559679e-06, 7.117182576621417e-06, 6.171303539304063e-06, 5.051274456491228e-06, 3.981692316301633e-06, 3.3856454138003755e-06, 3.1095828489924315e-06, 2.8570484573720023e-06, 2.2405504296330037e-06, 2.0882462195004337e-06, 1.974943188542966e-06, 1.803571535674564e-06, 2.046166855507181e-06, 2.036311343545094e-06, 1.6754237321947585e-06, 1.8712964902078966e-06, 1.988522626561462e-06, 1.7645695606915979e-06, 1.666185085014149e-06, 9.690652404970024e-07, 5.781960794593033e-07, 1.4830357031314634e-07, 1.767733737167987e-10, 6.109831390821441e-11, 3.8475285457639785e-11, 3.310305848880368e-11, 2.7831199150840646e-11, 1.90629508706186e-11, 1.1156880107277e-11, 9.578423991463136e-12, 9.474541810827741e-12], "lowlevel.mfcc.mean": [-660.1141967773438, 75.98023986816406, 23.84404945373535, 14.126015663146973, 19.172391891479492, 7.438859939575195, 0.28367143869400024, 16.404617309570312, -4.245504379272461, 15.534880638122559, -8.837738037109375, -3.2785866260528564, 5.925849437713623], "lowlevel.spectral_contrast_coeffs.mean": [-0.6766612529754639, -0.7713896036148071, -0.78409343957901, -0.785934329032898, -0.767734944820404, -0.7803663611412048], "lowlevel.spectral_contrast_coeffs.stdev": [0.09911992400884628, 0.09681625664234161, 0.07824372500181198, 0.07032471895217896, 0.06372489780187607, 0.04038240760564804], "lowlevel.spectral_contrast_valleys.mean": [-7.281864166259766, -7.52200984954834, -7.830734729766846, -7.924899101257324, -7.854982376098633, -9.677899360656738], "lowlevel.spectral_contrast_valleys.stdev": [1.014022946357727, 0.723598837852478, 0.7370818257331848, 0.7897404432296753, 0.9044995903968811, 0.9827396869659424], "rhythm.beats_loudness_band_ratio.mean": [0.6216194033622742, 0.2625468075275421, 0.052113935351371765, 0.03129474073648453, 0.06677905470132828, 0.12815745174884796], "rhythm.beats_loudness_band_ratio.stdev": [0.15302079916000366, 0.17693331837654114, 0.047325924038887024, 0.02804981730878353, 0.04876082390546799, 0.0710771456360817], "tonal.hpcp.mean": [0.14486917853355408, 0.14424555003643036, 0.17847031354904175, 0.24815984070301056, 0.24911490082740784, 0.19870083034038544, 0.16146324574947357, 0.12149553000926971, 0.0826459601521492, 0.0618760921061039, 0.04805172234773636, 0.033127106726169586, 0.02853168174624443, 0.028391804546117783, 0.029848501086235046, 0.03607935458421707, 0.04155423119664192, 0.04489593952894211, 0.046653375029563904, 0.038396842777729034, 0.03353443369269371, 0.04596101865172386, 0.05472521856427193, 0.07430605590343475, 0.13514050841331482, 0.14806759357452393, 0.12027797102928162, 0.13929331302642822, 0.13480082154273987, 0.11287862062454224, 0.12305954098701477, 0.12782128155231476, 0.11994730681180954, 0.1078578308224678, 0.10778745263814926, 0.1289217174053192], "tonal.hpcp.stdev": [0.2746914029121399, 0.2766232490539551, 0.28309664130210876, 0.343001127243042, 0.3366546928882599, 0.29355403780937195, 0.28467851877212524, 0.2434999793767929, 0.1926838457584381, 0.164545938372612, 0.1241217851638794, 0.08066802471876144, 0.07515184581279755, 0.07160624861717224, 0.06875413656234741, 0.0827067494392395, 0.09692610055208206, 0.12077459692955017, 0.13212154805660248, 0.11571644246578217, 0.09180563688278198, 0.13003584742546082, 0.14489099383354187, 0.17859889566898346, 0.2763184905052185, 0.28583237528800964, 0.22821089625358582, 0.277444064617157, 0.2660108506679535, 0.23345759510993958, 0.258333295583725, 0.25213778018951416, 0.23743662238121033, 0.23618145287036896, 0.2283090204000473, 0.25745725631713867], "rhythm.beats_position": [0.743038535118103, 1.4396371841430664, 2.1246259212493896, 2.809614419937134, 3.4829931259155273, 4.1679816246032715, 4.852970600128174, 5.526349067687988, 6.199728012084961, 6.884716510772705, 7.569705009460449, 8.254693984985352, 8.939682006835938, 9.61306095123291, 10.298049926757812, 10.983037948608398, 11.656416893005371, 12.329795837402344, 13.014784812927246, 13.699772834777832, 14.373151779174805, 15.058140754699707, 15.743128776550293, 16.416507720947266, 17.10149574279785, 17.78648567199707, 18.459863662719727, 19.133241653442383, 19.806621551513672, 20.491609573364258, 21.176597595214844], "rhythm.bpm_histogram": [0.0, 0.0, 0.0, 0.0, 0.0, 0.0, 0.0, 0.0, 0.0, 0.0, 0.0, 0.0, 0.0, 0.0, 0.0, 0.0, 0.0, 0.0, 0.0, 0.0, 0.0, 0.0, 0.0, 0.0, 0.0, 0.0, 0.0, 0.0, 0.0, 0.0, 0.0, 0.0, 0.0, 0.0, 0.0, 0.0, 0.0, 0.0, 0.0, 0.0, 0.0, 0.0, 0.0, 0.0, 0.0, 0.0, 0.0, 0.0, 0.0, 0.0, 0.0, 0.0, 0.0, 0.0, 0.0, 0.0, 0.0, 0.0, 0.0, 0.0, 0.0, 0.0, 0.0, 0.0, 0.0, 0.0, 0.0, 0.0, 0.0, 0.0, 0.0, 0.0, 0.0, 0.0, 0.0, 0.0, 0.0, 0.0, 0.0, 0.0, 0.0, 0.0, 0.0, 0.0, 0.0, 0.0, 0.03333333507180214, 0.0, 0.6000000238418579, 0.36666667461395264, 0.0, 0.0, 0.0, 0.0, 0.0, 0.0, 0.0, 0.0, 0.0, 0.0, 0.0, 0.0, 0.0, 0.0, 0.0, 0.0, 0.0, 0.0, 0.0, 0.0, 0.0, 0.0, 0.0, 0.0, 0.0, 0.0, 0.0, 0.0, 0.0, 0.0, 0.0, 0.0, 0.0, 0.0, 0.0, 0.0, 0.0, 0.0, 0.0, 0.0, 0.0, 0.0, 0.0, 0.0, 0.0, 0.0, 0.0, 0.0, 0.0, 0.0, 0.0, 0.0, 0.0, 0.0, 0.0, 0.0, 0.0, 0.0, 0.0, 0.0, 0.0, 0.0, 0.0, 0.0, 0.0, 0.0, 0.0, 0.0, 0.0, 0.0, 0.0, 0.0, 0.0, 0.0, 0.0, 0.0, 0.0, 0.0, 0.0, 0.0, 0.0, 0.0, 0.0, 0.0, 0.0, 0.0, 0.0, 0.0, 0.0, 0.0, 0.0, 0.0, 0.0, 0.0, 0.0, 0.0, 0.0, 0.0, 0.0, 0.0, 0.0, 0.0, 0.0, 0.0, 0.0, 0.0, 0.0, 0.0, 0.0, 0.0, 0.0, 0.0, 0.0, 0.0, 0.0, 0.0, 0.0, 0.0, 0.0, 0.0, 0.0, 0.0, 0.0, 0.0, 0.0, 0.0, 0.0, 0.0, 0.0, 0.0, 0.0, 0.0, 0.0, 0.0, 0.0, 0.0, 0.0, 0.0, 0.0, 0.0, 0.0, 0.0, 0.0, 0.0, 0.0, 0.0, 0.0, 0.0, 0.0, 0.0, 0.0, 0.0, 0.0, 0.0, 0.0, 0.0, 0.0, 0.0, 0.0, 0.0], "tonal.chords_histogram": [32.04301071166992, 3.225806474685669, 6.881720542907715, 0.0, 0.0, 1.5053763389587402, 14.838709831237793, 0.8602150678634644, 0.0, 0.0, 0.0, 0.0, 1.5053763389587402, 0.0, 2.365591287612915, 1.0752688646316528, 9.892473220825195, 11.182795524597168, 0.0, 0.6451612710952759, 0.0, 0.0, 1.7204301357269287, 12.258064270019531], "tonal.thpcp": [1.0, 0.7976272106170654, 0.648147702217102, 0.48770880699157715, 0.33175840973854065, 0.24838374555110931, 0.19288979470729828, 0.13297922909259796, 0.1145322173833847, 0.11397071927785873, 0.11981821060180664, 0.14483016729354858, 0.16680748760700226, 0.1802218109369278, 0.18727652728557587, 0.15413306653499603, 0.13461431860923767, 0.18449726700782776, 0.2196786254644394, 0.298280268907547, 0.5424826145172119, 0.5943747162818909, 0.4828212559223175, 0.5591529011726379, 0.5411190390586853, 0.4531187117099762, 0.4939870834350586, 0.5131016969680786, 0.48149392008781433, 0.43296417593955994, 0.432681679725647, 0.5175191164016724, 0.5815355777740479, 0.5790321826934814, 0.716417670249939, 0.9961661696434021], "lowlevel.gfcc.cov": [[5470.62939453125, -170.7069854736328, -254.04458618164062, 609.1148681640625, 101.32231903076172, -21.195119857788086, 4.558300018310547, 138.4039764404297, -53.76825714111328, 69.21216583251953, -21.650081634521484, -19.015220642089844, -2.464534044265747], [-170.7069854736328, 1733.3271484375, -107.01494598388672, 16.22878074645996, 258.56353759765625, -196.49647521972656, -61.815792083740234, -23.25278091430664, 43.834381103515625, -137.4099884033203, 87.02328491210938, -40.01128387451172, 19.892765045166016], [-254.04458618164062, -107.01494598388672, 1290.18994140625, 467.91729736328125, 44.57187271118164, 232.5838165283203, 124.88622283935547, -32.45750045776367, 35.53439712524414, 108.01887512207031, -19.879047393798828, 55.824798583984375, -33.91903305053711], [609.1148681640625, 16.22878074645996, 467.91729736328125, 770.0682983398438, 133.1949462890625, 9.10940933227539, 55.74191665649414, 72.82649230957031, 34.11702346801758, 70.89537811279297, -17.344141006469727, 10.46814250946045, 68.2863540649414], [101.32231903076172, 258.56353759765625, 44.57187271118164, 133.1949462890625, 337.1632995605469, 71.2822494506836, 87.47731018066406, 94.18942260742188, 72.37772369384766, 33.403446197509766, 3.099484443664551, -19.159671783447266, 50.20380783081055], [-21.195119857788086, -196.49647521972656, 232.5838165283203, 9.10940933227539, 71.2822494506836, 406.22650146484375, 286.1892395019531, 69.86141967773438, 34.98283767700195, 86.9898681640625, 40.78087615966797, 2.244445562362671, -29.722511291503906], [4.558300018310547, -61.815792083740234, 124.88622283935547, 55.74191665649414, 87.47731018066406, 286.1892395019531, 403.66656494140625, 162.49649047851562, 40.374359130859375, 68.00474548339844, 57.391197204589844, 2.783217668533325, -28.344106674194336], [138.4039764404297, -23.25278091430664, -32.45750045776367, 72.82649230957031, 94.18942260742188, 69.86141967773438, 162.49649047851562, 271.6952819824219, 146.0726776123047, 58.063560485839844, 40.764827728271484, -12.574835777282715, 5.826903820037842], [-53.76825714111328, 43.834381103515625, 35.53439712524414, 34.11702346801758, 72.37772369384766, 34.98283767700195, 40.374359130859375, 146.0726776123047, 204.28248596191406, 79.84750366210938, 38.702091217041016, -7.264739513397217, -1.0620088577270508], [69.21216583251953, -137.4099884033203, 108.01887512207031, 70.89537811279297, 33.403446197509766, 86.9898681640625, 68.00474548339844, 58.063560485839844, 79.84750366210938, 160.39468383789062, 52.008384704589844, -2.085664987564087, -19.90414047241211], [-21.650081634521484, 87.02328491210938, -19.879047393798828, -17.344141006469727, 3.099484443664551, 40.78087615966797, 57.391197204589844, 40.764827728271484, 38.702091217041016, 52.008384704589844, 135.8655242919922, 33.577205657958984, -24.139680862426758], [-19.015220642089844, -40.01128387451172, 55.824798583984375, 10.46814250946045, -19.159671783447266, 2.244445562362671, 2.783217668533325, -12.574835777282715, -7.264739513397217, -2.085664987564087, 33.577205657958984, 84.18619537353516, 20.773502349853516], [-2.464534044265747, 19.892765045166016, -33.91903305053711, 68.2863540649414, 50.20380783081055, -29.722511291503906, -28.344106674194336, 5.826903820037842, -1.0620088577270508, -19.90414047241211, -24.139680862426758, 20.773502349853516, 103.42029571533203]], "lowlevel.gfcc.icov": [[0.00023715740826446563, -1.150541447714204e-05, 0.0001936936896527186, -0.0003145226219203323, -2.6559528123470955e-05, -0.000180541435838677, 0.00021414816728793085, -0.00024980329908430576, 0.00028134571039117873, -0.00015366959269158542, 0.00017372629372403026, -0.00022756948601454496, 0.0003724101698026061], [-1.150541447714204e-05, 0.0010683329310268164, -0.00017461841343902051, 5.203501132200472e-05, -0.0010072861332446337, 0.0008971141069196165, -0.0005322169163264334, 0.0009025808540172875, -0.0008097629761323333, 0.0015900195576250553, -0.001678471453487873, 0.0011716180015355349, -7.672944047953933e-05], [0.0001936936896527186, -0.00017461841343902051, 0.0016317657427862287, -0.0012379438849166036, 0.0001597175287315622, -0.0011585152242332697, 0.0003110726538579911, 0.00043669206206686795, -0.0003016766859218478, -0.0005930005572736263, 0.0013535716570913792, -0.0018219558987766504, 0.0016056166496127844], [-0.0003145226219203323, 5.203501132200472e-05, -0.0012379438849166036, 0.002656619530171156, -0.0004579050582833588, 0.0012105167843401432, -0.0005970936035737395, -0.000417479983298108, 0.0003978711029049009, -0.0006431712536141276, -0.0003904715704265982, 0.00097063829889521, -0.0021533772815018892], [-2.6559528123470955e-05, -0.0010072861332446337, 0.0001597175287315622, -0.0004579050582833588, 0.005000922828912735, -0.0012503194157034159, -2.5276258384110406e-05, -0.0010048007825389504, -0.00030990742379799485, -0.0012623032089322805, 0.0012289021397009492, 0.0004951136070303619, -0.0022481593769043684], [-0.000180541435838677, 0.0008971141069196165, -0.0011585152242332697, 0.0012105167843401432, -0.0012503194157034159, 0.007226190995424986, -0.0052458737045526505, 0.002535258186981082, -0.0014034791383892298, -0.00019413315749261528, -0.0014456735225394368, 0.0017753343563526869, -0.0009987602243199944], [0.00021414816728793085, -0.0005322169163264334, 0.0003110726538579911, -0.0005970936035737395, -2.5276258384110406e-05, -0.0052458737045526505, 0.008166600950062275, -0.0053657121025025845, 0.003592870431020856, -0.000752228603232652, 2.8618624128284864e-05, -0.0014476277865469456, 0.001838468131609261], [-0.00024980329908430576, 0.0009025808540172875, 0.00043669206206686795, -0.000417479983298108, -0.0010048007825389504, 0.002535258186981082, -0.0053657121025025845, 0.010926141403615475, -0.007534918840974569, 0.002121645025908947, -0.001714645535685122, 0.0020063675474375486, -0.001102741458453238], [0.00028134571039117873, -0.0008097629761323333, -0.0003016766859218478, 0.0003978711029049009, -0.00030990742379799485, -0.0014034791383892298, 0.003592870431020856, -0.007534918840974569, 0.011916961520910263, -0.004798534791916609, 0.00046584103256464005, -0.0008309417753480375, 0.00043161396752111614], [-0.00015366959269158542, 0.0015900195576250553, -0.0005930005572736263, -0.0006431712536141276, -0.0012623032089322805, -0.00019413315749261528, -0.000752228603232652, 0.002121645025908947, -0.004798534791916609, 0.012580675072968006, -0.005592916626483202, 0.00324218044988811, 0.0005672426777891815], [0.00017372629372403026, -0.001678471453487873, 0.0013535716570913792, -0.0003904715704265982, 0.0012289021397009492, -0.0014456735225394368, 2.8618624128284864e-05, -0.001714645535685122, 0.00046584103256464005, -0.005592916626483202, 0.014316732063889503, -0.00835923757404089, 0.004070336930453777], [-0.00022756948601454496, 0.0011716180015355349, -0.0018219558987766504, 0.00097063829889521, 0.0004951136070303619, 0.0017753343563526869, -0.0014476277865469456, 0.0020063675474375486, -0.0008309417753480375, 0.00324218044988811, -0.00835923757404089, 0.018915776163339615, -0.0068443589843809605], [0.0003724101698026061, -7.672944047953933e-05, 0.0016056166496127844, -0.0021533772815018892, -0.0022481593769043684, -0.0009987602243199944, 0.001838468131609261, -0.001102741458453238, 0.00043161396752111614, 0.0005672426777891815, 0.004070336930453777, -0.0068443589843809605, 0.015450101345777512]], "lowlevel.mfcc.cov": [[5651.5244140625, -418.97576904296875, -406.24981689453125, 497.1499328613281, 80.8855972290039, -63.514793395996094, 40.85547637939453, 36.026695251464844, 34.77642822265625, 78.28543853759766, -12.840193748474121, -91.63378143310547, 51.65394973754883], [-418.97576904296875, 1508.6829833984375, -263.864990234375, -8.315109252929688, 158.95565795898438, -95.9220962524414, -50.132049560546875, 56.671085357666016, -113.66040802001953, 18.599925994873047, -55.17544937133789, -17.562808990478516, 32.95460891723633], [-406.24981689453125, -263.864990234375, 1124.6993408203125, 298.3675537109375, 41.9626579284668, 284.0667724609375, 106.7273941040039, 2.4000139236450195, 101.15522766113281, -103.85343933105469, 119.74018096923828, 118.24173736572266, -4.638939380645752], [497.1499328613281, -8.315109252929688, 298.3675537109375, 690.246826171875, 199.66014099121094, 34.18935012817383, -0.6258701086044312, 1.868457317352295, 99.00364685058594, -25.335248947143555, -16.73241424560547, 21.215343475341797, 58.66176986694336], [80.8855972290039, 158.95565795898438, 41.9626579284668, 199.66014099121094, 294.4911804199219, 7.177949905395508, -56.35148620605469, -9.32421875, 58.07422637939453, 56.39781951904297, -25.711889266967773, -3.159284830093384, 34.95458984375], [-63.514793395996094, -95.9220962524414, 284.0667724609375, 34.18935012817383, 7.177949905395508, 319.6516418457031, 168.85134887695312, 9.940580368041992, 65.52114868164062, -23.461637496948242, 89.2351303100586, 27.107641220092773, -37.4072151184082], [40.85547637939453, -50.132049560546875, 106.7273941040039, -0.6258701086044312, -56.35148620605469, 168.85134887695312, 317.45745849609375, 115.91354370117188, 85.78562927246094, 35.478607177734375, 94.99143981933594, 62.45014190673828, -6.1727118492126465], [36.026695251464844, 56.671085357666016, 2.4000139236450195, 1.868457317352295, -9.32421875, 9.940580368041992, 115.91354370117188, 204.1247100830078, 66.90103912353516, 76.18926239013672, 33.35002136230469, 40.91956329345703, 53.30421829223633], [34.77642822265625, -113.66040802001953, 101.15522766113281, 99.00364685058594, 58.07422637939453, 65.52114868164062, 85.78562927246094, 66.90103912353516, 239.77577209472656, 74.06409454345703, 50.03242111206055, 40.059505462646484, 2.3241536617279053], [78.28543853759766, 18.599925994873047, -103.85343933105469, -25.335248947143555, 56.39781951904297, -23.461637496948242, 35.478607177734375, 76.18926239013672, 74.06409454345703, 223.1104736328125, 72.42903137207031, 33.479793548583984, 74.7065658569336], [-12.840193748474121, -55.17544937133789, 119.74018096923828, -16.73241424560547, -25.711889266967773, 89.2351303100586, 94.99143981933594, 33.35002136230469, 50.03242111206055, 72.42903137207031, 194.51705932617188, 81.69155883789062, 21.817874908447266], [-91.63378143310547, -17.562808990478516, 118.24173736572266, 21.215343475341797, -3.159284830093384, 27.107641220092773, 62.45014190673828, 40.91956329345703, 40.059505462646484, 33.479793548583984, 81.69155883789062, 138.72023010253906, 44.01465606689453], [51.65394973754883, 32.95460891723633, -4.638939380645752, 58.66176986694336, 34.95458984375, -37.4072151184082, -6.1727118492126465, 53.30421829223633, 2.3241536617279053, 74.7065658569336, 21.817874908447266, 44.01465606689453, 134.04734802246094]], "lowlevel.mfcc.icov": [[0.00021984266641084105, 9.263998799724504e-05, 0.00016222216072492301, -0.00025009590899571776, 1.6110011529235635e-06, -1.892626278277021e-05, -5.12016486027278e-05, -6.87210849719122e-05, 9.756525832926854e-05, -3.109985846094787e-05, -0.00011044395068893209, 0.000144191479193978, 1.3110677173244767e-05], [9.263998799724504e-05, 0.0008639214211143553, 0.0002492185158189386, -5.523312938748859e-05, -0.0007025669328868389, 6.979111640248448e-05, -6.268799916142598e-05, -0.0005269264802336693, 0.0006126296939328313, 0.00018591688422020525, -0.00012311097816564143, -6.737576040904969e-05, 0.00012195937597425655], [0.00016222216072492301, 0.0002492185158189386, 0.0017326805973425508, -0.0007264096639119089, -3.152354838675819e-05, -0.0013100904179736972, 0.0005386680131778121, -0.000385758641641587, -6.106492219259962e-05, 0.0009214348974637687, -0.0005681045586243272, -0.0009613697184249759, -2.943359322671313e-05], [-0.00025009590899571776, -5.523312938748859e-05, -0.0007264096639119089, 0.0026443498209118843, -0.0015302591491490602, 0.0006023129681125283, -0.00047598363016732037, 0.0003743501438293606, -0.0009330310276709497, 0.0011373310117051005, 0.00016351236263290048, 0.00034768233308568597, -0.0014345207018777728], [1.6110011529235635e-06, -0.0007025669328868389, -3.152354838675819e-05, -0.0015302591491490602, 0.005974890198558569, -0.0013695131056010723, 0.001580802141688764, 0.0007235839148052037, -0.0010706766042858362, -0.002318657236173749, 0.0014983388828113675, -0.00031637423671782017, -0.00014367158291861415], [-1.892626278277021e-05, 6.979111640248448e-05, -0.0013100904179736972, 0.0006023129681125283, -0.0013695131056010723, 0.006734452676028013, -0.0035914587788283825, 0.0012545601930469275, -0.00045435488573275506, 0.0010231694905087352, -0.0019241900881752372, 0.0018075869884341955, 0.0004106976557523012], [-5.12016486027278e-05, -6.268799916142598e-05, 0.0005386680131778121, -0.00047598363016732037, 0.001580802141688764, -0.0035914587788283825, 0.007123016752302647, -0.0033749681897461414, -0.000543785048648715, -0.00037831984809599817, -0.0005743094952777028, -0.0017623108578845859, 0.0014101110864430666], [-6.87210849719122e-05, -0.0005269264802336693, -0.000385758641641587, 0.0003743501438293606, 0.0007235839148052037, 0.0012545601930469275, -0.0033749681897461414, 0.008571591228246689, -0.0017154780216515064, -0.0013447240926325321, 0.0010699030244722962, 6.595736522285733e-06, -0.0028207898139953613], [9.756525832926854e-05, 0.0006126296939328313, -6.106492219259962e-05, -0.0009330310276709497, -0.0010706766042858362, -0.00045435488573275506, -0.000543785048648715, -0.0017154780216515064, 0.006760977674275637, -0.0022627506405115128, 3.663736424641684e-05, -0.001074953586794436, 0.0025183565448969603], [-3.109985846094787e-05, 0.00018591688422020525, 0.0009214348974637687, 0.0011373310117051005, -0.002318657236173749, 0.0010231694905087352, -0.00037831984809599817, -0.0013447240926325321, -0.0022627506405115128, 0.009405504912137985, -0.003769456408917904, 0.001260449062101543, -0.0040950351394712925], [-0.00011044395068893209, -0.00012311097816564143, -0.0005681045586243272, 0.00016351236263290048, 0.0014983388828113675, -0.0019241900881752372, -0.0005743094952777028, 0.0010699030244722962, 3.663736424641684e-05, -0.003769456408917904, 0.009783556684851646, -0.004304541274905205, 0.0005231829709373415], [0.000144191479193978, -6.737576040904969e-05, -0.0009613697184249759, 0.00034768233308568597, -0.00031637423671782017, 0.0018075869884341955, -0.0017623108578845859, 6.595736522285733e-06, -0.001074953586794436, 0.001260449062101543, -0.004304541274905205, 0.01221244316548109, -0.0037144592497497797], [1.3110677173244767e-05, 0.00012195937597425655, -2.943359322671313e-05, -0.0014345207018777728, -0.00014367158291861415, 0.0004106976557523012, 0.0014101110864430666, -0.0028207898139953613, 0.0025183565448969603, -0.0040950351394712925, 0.0005231829709373415, -0.0037144592497497797, 0.012763525359332561]], "metadata.audio_properties.analysis.downmix": "mix", "metadata.audio_properties.codec": "mp3", "metadata.audio_properties.md5_encoded": "114765300a404ced50f6d3a3d5b89fdb", "metadata.tags.file_name": "1183694831629897728.mp3", "metadata.version.essentia": "2.1-beta6-dev", "metadata.version.essentia_git_sha": "v2.1_beta5-1110-g77a6a954", "metadata.version.extractor": "music 2.0", "tonal.chords_key": "Bb", "tonal.chords_scale": "major", "tonal.key_edma.key": "Bb", "tonal.key_edma.scale": "major", "tonal.key_krumhansl.key": "Bb", "tonal.key_krumhansl.scale": "major", "tonal.key_temperley.key": "Bb", "tonal.key_temperley.scale": "major", "metadata.tags.encoding": ["Lavf58.45.100"]}, "essentia_models": [{"model_name": "genre_dortmund", "activations": {"alternative": "8.7436674e-05", "blues": "2.1429829e-05", "electronic": "0.00012224304", "folkcountry": "2.8579807e-05", "funksoulrnb": "0.00053356984", "jazz": "2.7146907e-05", "pop": "0.00067556056", "raphiphop": "0.99942315", "rock": "0.00066115346"}}, {"model_name": "genre_rosamerica", "activations": {"classic": "5.7907277e-05", "dance": "1.3414754e-06", "hip hop": "0.9969811", "jazz": "2.655279e-06", "p